ChatterBot Echo round 1
ChatterBot Victor round 1
ChatterBot X-ray round 1
ChatterBot Juliett round 1
ChatterBot Quebec round 1
ChatterBot Kilo round 1
ChatterBot Mike round 1
ChatterBot Sierra round 1
ChatterBot Delta round 1
ChatterBot Yankee round 1
randomSelections Echo: {Echo, Mike, X-ray, Sierra, Yankee, Victor} 
2024-10-14 13:54:04.857512 Echo: Can we be friends?
ChatterBot Mike reevaluating
ChatterBot X-ray reevaluating
ChatterBot Sierra reevaluating
ChatterBot Yankee reevaluating
ChatterBot Victor reevaluating
2024-10-14 13:54:04.867633 Mike: Yes
2024-10-14 13:54:04.868142 X-ray: Yes
2024-10-14 13:54:04.868262 Sierra: Yes
2024-10-14 13:54:04.868365 Yankee: Yes
2024-10-14 13:54:04.868465 Victor: Yes
ChatterBot X-ray reevaluating
ChatterBot Sierra reevaluating
ChatterBot Yankee reevaluating
ChatterBot Victor reevaluating
ChatterBot Mike reevaluating
ChatterBot Sierra reevaluating
ChatterBot Yankee reevaluating
ChatterBot Victor reevaluating
ChatterBot Mike reevaluating
ChatterBot X-ray reevaluating
ChatterBot Yankee reevaluating
ChatterBot Victor reevaluating
ChatterBot Mike reevaluating
ChatterBot X-ray reevaluating
ChatterBot Sierra reevaluating
ChatterBot Victor reevaluating
ChatterBot Mike reevaluating
ChatterBot X-ray reevaluating
ChatterBot Sierra reevaluating
ChatterBot Yankee reevaluating
randomSelections Kilo: {Kilo, Quebec, Juliett, Victor, Sierra, Echo} 
2024-10-14 13:54:04.920324 Kilo: Group up?
ChatterBot Quebec reevaluating
ChatterBot Juliett reevaluating
ChatterBot Victor reevaluating
ChatterBot Sierra reevaluating
2024-10-14 13:54:04.927230 Quebec: Yes
2024-10-14 13:54:04.927700 Juliett: Yes
2024-10-14 13:54:04.927791 Victor: No
2024-10-14 13:54:04.927882 Sierra: No
2024-10-14 13:54:04.927992 Echo: No
ChatterBot Juliett reevaluating
ChatterBot Victor reevaluating
ChatterBot Sierra reevaluating
ChatterBot Quebec reevaluating
ChatterBot Victor reevaluating
ChatterBot Sierra reevaluating
ChatterBot Quebec reevaluating
ChatterBot Juliett reevaluating
ChatterBot Sierra reevaluating
ChatterBot Quebec reevaluating
ChatterBot Juliett reevaluating
ChatterBot Victor reevaluating
ChatterBot Quebec reevaluating
ChatterBot Juliett reevaluating
ChatterBot Victor reevaluating
ChatterBot Sierra reevaluating
randomSelections Delta: {Delta, Sierra, Echo, Kilo, Quebec, Mike} 
2024-10-14 13:54:04.971052 Delta: We would work well together
ChatterBot Sierra reevaluating
ChatterBot Quebec reevaluating
ChatterBot Mike reevaluating
2024-10-14 13:54:04.979584 Sierra: No
2024-10-14 13:54:04.979744 Echo: No
2024-10-14 13:54:04.979843 Kilo: No
2024-10-14 13:54:04.979936 Quebec: No
2024-10-14 13:54:04.980038 Mike: No
ChatterBot Quebec reevaluating
ChatterBot Mike reevaluating
ChatterBot Sierra reevaluating
ChatterBot Quebec reevaluating
ChatterBot Mike reevaluating
ChatterBot Sierra reevaluating
ChatterBot Quebec reevaluating
ChatterBot Mike reevaluating
ChatterBot Sierra reevaluating
ChatterBot Mike reevaluating
ChatterBot Sierra reevaluating
ChatterBot Quebec reevaluating
2024-10-14 13:54:05.030404 Echo: Victor, sending you 4
2024-10-14 13:54:05.031814 Juliett: Echo and Quebec, sending you 1
2024-10-14 13:54:05.032224 Delta: Echo, Quebec and Kilo, sending you 1
2024-10-14 13:54:05.032693 Sierra: Echo and Mike, sending you 4
2024-10-14 13:54:05.034682 Delta: Mike and Sierra, sending you 3
2024-10-14 13:54:05.036204 Echo: Mike and Yankee, sending you 2
2024-10-14 13:54:05.036815 Juliett: Victor and Kilo, sending you 2
2024-10-14 13:54:05.038005 X-ray: Echo, sending you 5
2024-10-14 13:54:05.038366 Sierra: Victor, sending you 1
2024-10-14 13:54:05.038645 Victor: Echo and Mike, sending you 3
2024-10-14 13:54:05.039637 Echo: Sierra, sending you 5
2024-10-14 13:54:05.039989 Kilo: Echo, sending you 4
2024-10-14 13:54:05.041754 Mike: Echo, sending you 4
2024-10-14 13:54:05.042033 Juliett: Sierra, sending you 3
2024-10-14 13:54:05.042317 X-ray: Victor and Sierra, sending you 3
2024-10-14 13:54:05.044146 Sierra: X-ray, sending you 2
2024-10-14 13:54:05.045388 Victor: X-ray and Yankee, sending you 2
2024-10-14 13:54:05.045794 Kilo: Victor, sending you 1
2024-10-14 13:54:05.046244 Mike: Victor, sending you 6
2024-10-14 13:54:05.047405 X-ray: Mike, sending you 1
2024-10-14 13:54:05.047816 Yankee: Echo, Victor and X-ray, sending you 3
2024-10-14 13:54:05.048346 Sierra: Yankee, sending you 6
2024-10-14 13:54:05.049704 Kilo: Juliett and Sierra, sending you 3
2024-10-14 13:54:05.050115 Mike: X-ray, sending you 3
2024-10-14 13:54:05.053312 Yankee: Mike, sending you 4
2024-10-14 13:54:05.053879 X-ray: Yankee, sending you 4
2024-10-14 13:54:05.054480 Kilo: Quebec, sending you 2
2024-10-14 13:54:05.055417 Mike: Sierra, sending you 2
2024-10-14 13:54:05.058652 Yankee: Sierra, sending you 2
2024-10-14 13:54:05.060785 Mike: Yankee, sending you 1
chatterbot Victor submitting transactions
chatterbot Sierra submitting transactions
chatterbot X-ray submitting transactions
chatterbot Juliett submitting transactions
chatterbot Mike submitting transactions
chatterbot Echo submitting transactions
chatterbot Quebec submitting transactions
chatterbot Delta submitting transactions
chatterbot Yankee submitting transactions
chatterbot Kilo submitting transactions
ChatterBot Echo round 2
ChatterBot Victor round 2
ChatterBot X-ray round 2
ChatterBot Juliett round 2
ChatterBot Quebec round 2
ChatterBot Kilo round 2
ChatterBot Mike round 2
2024-10-14 13:54:06.343399 Echo: We should add Delta
ChatterBot Mike reevaluating
ChatterBot X-ray reevaluating
ChatterBot Sierra reevaluating
ChatterBot Yankee reevaluating
ChatterBot Victor reevaluating
2024-10-14 13:54:06.378446 Mike: No
2024-10-14 13:54:06.378580 X-ray: No
2024-10-14 13:54:06.379053 Sierra: No
2024-10-14 13:54:06.379173 Yankee: No
2024-10-14 13:54:06.379330 Victor: No
ChatterBot X-ray reevaluating
ChatterBot Sierra reevaluating
ChatterBot Yankee reevaluating
ChatterBot Victor reevaluating
ChatterBot Echo reevaluating
ChatterBot Mike reevaluating
ChatterBot Sierra reevaluating
ChatterBot Yankee reevaluating
ChatterBot Victor reevaluating
ChatterBot Echo reevaluating
ChatterBot Mike reevaluating
ChatterBot X-ray reevaluating
ChatterBot Yankee reevaluating
ChatterBot Victor reevaluating
ChatterBot Echo reevaluating
ChatterBot Mike reevaluating
ChatterBot X-ray reevaluating
ChatterBot Sierra reevaluating
ChatterBot Victor reevaluating
ChatterBot Echo reevaluating
ChatterBot Mike reevaluating
ChatterBot X-ray reevaluating
ChatterBot Sierra reevaluating
ChatterBot Yankee reevaluating
2024-10-14 13:54:06.601175 Victor: We should add Juliett and Kilo
ChatterBot Echo reevaluating
ChatterBot Mike reevaluating
ChatterBot X-ray reevaluating
ChatterBot Sierra reevaluating
ChatterBot Yankee reevaluating
2024-10-14 13:54:06.636844 Echo: Yes
2024-10-14 13:54:06.636981 Mike: No
2024-10-14 13:54:06.637103 X-ray: No
2024-10-14 13:54:06.637208 Sierra: No
2024-10-14 13:54:06.637647 Yankee: No
ChatterBot Mike reevaluating
ChatterBot X-ray reevaluating
ChatterBot Sierra reevaluating
ChatterBot Yankee reevaluating
ChatterBot Victor reevaluating
ChatterBot Echo reevaluating
ChatterBot X-ray reevaluating
ChatterBot Sierra reevaluating
ChatterBot Yankee reevaluating
ChatterBot Victor reevaluating
ChatterBot Echo reevaluating
ChatterBot Mike reevaluating
ChatterBot Sierra reevaluating
ChatterBot Yankee reevaluating
ChatterBot Victor reevaluating
ChatterBot Echo reevaluating
ChatterBot Mike reevaluating
ChatterBot X-ray reevaluating
ChatterBot Yankee reevaluating
ChatterBot Victor reevaluating
ChatterBot Echo reevaluating
ChatterBot Mike reevaluating
ChatterBot X-ray reevaluating
ChatterBot Sierra reevaluating
ChatterBot Victor reevaluating
ChatterBot Sierra round 2
ChatterBot Delta round 2
ChatterBot Yankee round 2
2024-10-14 13:54:06.867818 Juliett: Can we be friends?
ChatterBot Kilo reevaluating
ChatterBot Quebec reevaluating
2024-10-14 13:54:06.877574 Kilo: No
2024-10-14 13:54:06.878563 Quebec: Yes
ChatterBot Quebec reevaluating
ChatterBot Kilo reevaluating
2024-10-14 13:54:06.897874 Quebec: We would work well together
ChatterBot Kilo reevaluating
2024-10-14 13:54:06.908490 Juliett: Yes
2024-10-14 13:54:06.908638 Kilo: No
ChatterBot Kilo reevaluating
ChatterBot Quebec reevaluating
ChatterBot Quebec reevaluating
2024-10-14 13:54:06.940677 Echo: We should add Kilo
ChatterBot Mike reevaluating
ChatterBot X-ray reevaluating
ChatterBot Sierra reevaluating
ChatterBot Yankee reevaluating
ChatterBot Victor reevaluating
2024-10-14 13:54:06.963673 Mike: No
2024-10-14 13:54:06.964262 X-ray: No
2024-10-14 13:54:06.964400 Sierra: No
2024-10-14 13:54:06.964534 Yankee: No
2024-10-14 13:54:06.964690 Victor: Yes
ChatterBot Echo reevaluating
ChatterBot X-ray reevaluating
ChatterBot Sierra reevaluating
ChatterBot Yankee reevaluating
ChatterBot Victor reevaluating
ChatterBot Echo reevaluating
ChatterBot Mike reevaluating
ChatterBot Sierra reevaluating
ChatterBot Yankee reevaluating
ChatterBot Victor reevaluating
ChatterBot Echo reevaluating
ChatterBot Mike reevaluating
ChatterBot X-ray reevaluating
ChatterBot Yankee reevaluating
ChatterBot Victor reevaluating
ChatterBot Echo reevaluating
ChatterBot Mike reevaluating
ChatterBot X-ray reevaluating
ChatterBot Sierra reevaluating
ChatterBot Victor reevaluating
ChatterBot Echo reevaluating
ChatterBot Mike reevaluating
ChatterBot X-ray reevaluating
ChatterBot Sierra reevaluating
ChatterBot Yankee reevaluating
2024-10-14 13:54:07.084120 Yankee: We should add Delta
ChatterBot Echo reevaluating
ChatterBot Mike reevaluating
ChatterBot X-ray reevaluating
ChatterBot Sierra reevaluating
ChatterBot Victor reevaluating
2024-10-14 13:54:07.107794 Echo: Yes
2024-10-14 13:54:07.107921 Mike: No
2024-10-14 13:54:07.108019 X-ray: No
2024-10-14 13:54:07.108119 Sierra: No
2024-10-14 13:54:07.108221 Victor: No
ChatterBot Mike reevaluating
ChatterBot X-ray reevaluating
ChatterBot Sierra reevaluating
ChatterBot Yankee reevaluating
ChatterBot Victor reevaluating
ChatterBot Echo reevaluating
ChatterBot X-ray reevaluating
ChatterBot Sierra reevaluating
ChatterBot Yankee reevaluating
ChatterBot Victor reevaluating
ChatterBot Echo reevaluating
ChatterBot Mike reevaluating
ChatterBot Sierra reevaluating
ChatterBot Yankee reevaluating
ChatterBot Victor reevaluating
ChatterBot Echo reevaluating
ChatterBot Mike reevaluating
ChatterBot X-ray reevaluating
ChatterBot Yankee reevaluating
ChatterBot Victor reevaluating
ChatterBot Echo reevaluating
ChatterBot Mike reevaluating
ChatterBot X-ray reevaluating
ChatterBot Sierra reevaluating
ChatterBot Yankee reevaluating
2024-10-14 13:54:07.232890 Delta: We should group up
ChatterBot Juliett reevaluating
2024-10-14 13:54:07.278183 Juliett: Yes
2024-10-14 13:54:07.295738 Echo: Delta we want you to join our group
ChatterBot Delta reevaluating
2024-10-14 13:54:07.300857 Delta: Yes
ChatterBot Echo reevaluating
ChatterBot Victor reevaluating
ChatterBot Yankee reevaluating
2024-10-14 13:54:07.329682 Delta: We should group up
ChatterBot Echo reevaluating
ChatterBot Victor reevaluating
ChatterBot Yankee reevaluating
2024-10-14 13:54:07.360280 Echo: Yes
2024-10-14 13:54:07.360442 Victor: Yes
2024-10-14 13:54:07.360573 X-ray: No
2024-10-14 13:54:07.361055 Mike: No
2024-10-14 13:54:07.361186 Sierra: No
2024-10-14 13:54:07.361288 Yankee: Yes
ChatterBot Victor reevaluating
ChatterBot Yankee reevaluating
ChatterBot Delta reevaluating
ChatterBot Echo reevaluating
ChatterBot Mike reevaluating
ChatterBot Sierra reevaluating
ChatterBot Yankee reevaluating
ChatterBot Delta reevaluating
ChatterBot Echo reevaluating
ChatterBot Victor reevaluating
ChatterBot Mike reevaluating
ChatterBot Sierra reevaluating
ChatterBot Yankee reevaluating
ChatterBot Delta reevaluating
ChatterBot Echo reevaluating
ChatterBot Victor reevaluating
ChatterBot Sierra reevaluating
ChatterBot Yankee reevaluating
ChatterBot Delta reevaluating
ChatterBot Echo reevaluating
ChatterBot Victor reevaluating
ChatterBot Mike reevaluating
ChatterBot Yankee reevaluating
ChatterBot Delta reevaluating
ChatterBot Echo reevaluating
ChatterBot Victor reevaluating
ChatterBot Mike reevaluating
ChatterBot Sierra reevaluating
ChatterBot Delta reevaluating
2024-10-14 13:54:07.536778 X-ray: We should drop Victor
ChatterBot Echo reevaluating
ChatterBot Mike reevaluating
ChatterBot Sierra reevaluating
ChatterBot Yankee reevaluating
2024-10-14 13:54:07.556328 Echo: No
2024-10-14 13:54:07.556458 Mike: No
2024-10-14 13:54:07.556567 Sierra: No
2024-10-14 13:54:07.556673 Yankee: No
ChatterBot Mike reevaluating
ChatterBot Sierra reevaluating
ChatterBot Yankee reevaluating
ChatterBot Echo reevaluating
ChatterBot Sierra reevaluating
ChatterBot Yankee reevaluating
ChatterBot Echo reevaluating
ChatterBot Mike reevaluating
ChatterBot Yankee reevaluating
ChatterBot Echo reevaluating
ChatterBot Mike reevaluating
ChatterBot Sierra reevaluating
2024-10-14 13:54:07.934695 Kilo: Juliett, sending you 7
2024-10-14 13:54:07.935062 Quebec: Juliett, sending you 7
chatterbot Kilo submitting transactions
2024-10-14 13:54:08.192016 Kilo: Delta, sending you 6
2024-10-14 13:54:08.192251 Quebec: Kilo, sending you 12
2024-10-14 13:54:08.192447 Delta: Echo, Victor, X-ray, Mike and Sierra, sending you 3
2024-10-14 13:54:08.193281 X-ray: Echo, sending you 3
2024-10-14 13:54:08.193584 Juliett: Kilo, sending you 7
chatterbot Sierra submitting transactions
2024-10-14 13:54:08.246835 X-ray: Mike, sending you 5
2024-10-14 13:54:08.247401 Juliett: Delta, sending you 4
2024-10-14 13:54:08.248282 Victor: Echo, X-ray, Mike, Sierra and Yankee, sending you 2
2024-10-14 13:54:08.248825 Sierra: Echo, X-ray, Mike, Delta and Yankee, sending you 3
2024-10-14 13:54:08.249870 Mike: Echo and X-ray, sending you 2
2024-10-14 13:54:08.250478 Delta: Yankee, sending you 2
2024-10-14 13:54:08.251452 Yankee: Echo and Victor, sending you 3
2024-10-14 13:54:08.252062 Echo: Victor, Mike, Sierra, Delta and Yankee, sending you 2
chatterbot Quebec submitting transactions
2024-10-14 13:54:08.253144 X-ray: Sierra and Yankee, sending you 4
2024-10-14 13:54:08.254089 Sierra: Victor, sending you 2
2024-10-14 13:54:08.254741 Mike: Victor, Sierra, Delta and Yankee, sending you 3
2024-10-14 13:54:08.255727 Yankee: X-ray and Sierra, sending you 4
2024-10-14 13:54:08.281409 Echo: X-ray, sending you 3
2024-10-14 13:54:08.281976 Yankee: Mike, sending you 2
chatterbot Juliett submitting transactions
chatterbot Delta submitting transactions
chatterbot Echo submitting transactions
chatterbot Yankee submitting transactions
chatterbot X-ray submitting transactions
chatterbot Mike submitting transactions
chatterbot Victor submitting transactions
ChatterBot Echo round 3
ChatterBot Victor round 3
ChatterBot X-ray round 3
ChatterBot Juliett round 3
ChatterBot Quebec round 3
ChatterBot Kilo round 3
ChatterBot Mike round 3
ChatterBot Sierra round 3
ChatterBot Delta round 3
ChatterBot Yankee round 3
2024-10-14 13:54:08.971619 X-ray: We should add Victor
ChatterBot Echo reevaluating
ChatterBot Mike reevaluating
ChatterBot Sierra reevaluating
ChatterBot Yankee reevaluating
2024-10-14 13:54:08.995341 Echo: Yes
2024-10-14 13:54:08.995595 Mike: Yes
2024-10-14 13:54:08.995786 Sierra: Yes
2024-10-14 13:54:08.995978 Yankee: Yes
ChatterBot Mike reevaluating
ChatterBot Sierra reevaluating
ChatterBot Yankee reevaluating
ChatterBot Echo reevaluating
ChatterBot Sierra reevaluating
ChatterBot Yankee reevaluating
ChatterBot Echo reevaluating
ChatterBot Mike reevaluating
ChatterBot Yankee reevaluating
ChatterBot Echo reevaluating
ChatterBot Mike reevaluating
ChatterBot Sierra reevaluating
2024-10-14 13:54:09.104455 Kilo: We should add Quebec
ChatterBot Juliett reevaluating
ChatterBot Delta reevaluating
2024-10-14 13:54:09.116331 Juliett: Yes
2024-10-14 13:54:09.116579 Delta: No
ChatterBot Delta reevaluating
ChatterBot Juliett reevaluating
2024-10-14 13:54:09.173451 Juliett: We should replace Delta with Quebec
2024-10-14 13:54:09.191236 Kilo: No
ChatterBot Juliett reevaluating
2024-10-14 13:54:09.218176 Quebec: We should add Delta
ChatterBot Juliett reevaluating
2024-10-14 13:54:09.227872 Juliett: Yes
2024-10-14 13:54:09.228123 Kilo: Yes
ChatterBot Juliett reevaluating
2024-10-14 13:54:09.261403 X-ray: Victor we want you to join our group
2024-10-14 13:54:09.266936 Victor: Yes
ChatterBot Echo reevaluating
ChatterBot Mike reevaluating
ChatterBot Sierra reevaluating
ChatterBot Yankee reevaluating
2024-10-14 13:54:09.286772 Kilo: Quebec we want you to join our group
2024-10-14 13:54:09.289931 Quebec: Yes
ChatterBot Juliett reevaluating
ChatterBot Delta reevaluating
2024-10-14 13:54:09.299287 Quebec: Delta we want you to join our group
2024-10-14 13:54:09.302328 Delta: No
ChatterBot Juliett reevaluating
2024-10-14 13:54:09.311922 Sierra: We should drop Delta
2024-10-14 13:54:09.325132 Echo: No
2024-10-14 13:54:09.325336 Mike: No
2024-10-14 13:54:09.325473 X-ray: Yes
2024-10-14 13:54:09.325590 Yankee: No
2024-10-14 13:54:09.325717 Victor: No
2024-10-14 13:54:09.392980 Juliett: Quebec we want you to join our group
2024-10-14 13:54:09.396156 Quebec: Yes
2024-10-14 13:54:09.569176 Victor: Echo, Mike, Sierra, Delta and Yankee, sending you 2
2024-10-14 13:54:09.569921 Yankee: Echo, Victor, X-ray and Mike, sending you 3
2024-10-14 13:54:09.571026 Echo: Victor, Mike, Sierra, Delta and Yankee, sending you 2
2024-10-14 13:54:09.571689 X-ray: Echo, Victor, Mike and Sierra, sending you 3
2024-10-14 13:54:09.572371 Kilo: Juliett, sending you 5
2024-10-14 13:54:09.574849 Quebec: Juliett and Delta, sending you 5
2024-10-14 13:54:09.575188 Mike: Echo, sending you 1
chatterbot X-ray submitting transactions
2024-10-14 13:54:09.576090 Yankee: Sierra, sending you 4
2024-10-14 13:54:09.579227 X-ray: Yankee, sending you 4
2024-10-14 13:54:09.580727 Echo: X-ray, sending you 3
2024-10-14 13:54:09.581258 Kilo: Quebec, sending you 6
2024-10-14 13:54:09.581645 Mike: Victor, X-ray, Sierra, Delta and Yankee, sending you 3
2024-10-14 13:54:09.584036 Delta: Echo, sending you 4
2024-10-14 13:54:09.584647 Quebec: Kilo, sending you 9
2024-10-14 13:54:09.585018 Sierra: Echo and X-ray, sending you 4
chatterbot Juliett submitting transactions
2024-10-14 13:54:09.588862 Yankee: Delta, sending you 1
2024-10-14 13:54:09.589516 Kilo: Delta, sending you 2
2024-10-14 13:54:09.589910 Delta: Victor, X-ray and Yankee, sending you 1
2024-10-14 13:54:09.592178 Sierra: Victor, Mike and Yankee, sending you 3
2024-10-14 13:54:09.715330 Delta: Mike and Sierra, sending you 5
2024-10-14 13:54:09.716174 Juliett: Quebec, sending you 6
2024-10-14 13:54:09.861223 Juliett: Kilo, sending you 7
chatterbot Yankee submitting transactions
2024-10-14 13:54:10.057870 Juliett: Delta, sending you 3
chatterbot Kilo submitting transactions
chatterbot Echo submitting transactions
chatterbot Quebec submitting transactions
chatterbot Victor submitting transactions
chatterbot Sierra submitting transactions
chatterbot Mike submitting transactions
chatterbot Delta submitting transactions
ChatterBot Echo round 4
ChatterBot Victor round 4
ChatterBot X-ray round 4
ChatterBot Juliett round 4
ChatterBot Quebec round 4
ChatterBot Kilo round 4
ChatterBot Mike round 4
ChatterBot Sierra round 4
ChatterBot Delta round 4
ChatterBot Yankee round 4
2024-10-14 13:54:10.568698 Juliett: We should drop Delta
ChatterBot Quebec reevaluating
2024-10-14 13:54:10.573739 Kilo: No
2024-10-14 13:54:10.573901 Quebec: Yes
ChatterBot Juliett reevaluating
ChatterBot Quebec reevaluating
ChatterBot Juliett reevaluating
2024-10-14 13:54:10.589470 Sierra: Echo, Victor, X-ray and Mike, sending you 3
2024-10-14 13:54:10.590142 Victor: Echo, X-ray, Mike, Sierra and Yankee, sending you 2
2024-10-14 13:54:10.591333 Echo: Victor, X-ray, Mike, Delta and Yankee, sending you 2
2024-10-14 13:54:10.591981 X-ray: Echo, Victor, Mike and Yankee, sending you 3
2024-10-14 13:54:10.593376 Sierra: Yankee, sending you 5
2024-10-14 13:54:10.595683 Echo: Sierra, sending you 3
2024-10-14 13:54:10.597292 X-ray: Sierra, sending you 4
2024-10-14 13:54:10.598030 Kilo: Juliett and Quebec, sending you 5
2024-10-14 13:54:10.600670 Mike: Echo, sending you 1
2024-10-14 13:54:10.602005 Kilo: Delta, sending you 3
2024-10-14 13:54:10.602716 Delta: Echo, sending you 4
2024-10-14 13:54:10.605676 Mike: Victor, X-ray, Sierra, Delta and Yankee, sending you 3
2024-10-14 13:54:10.606327 Yankee: Echo, Victor, X-ray and Mike, sending you 3
2024-10-14 13:54:10.607684 Delta: Victor and Sierra, sending you 3
2024-10-14 13:54:10.610978 Delta: Mike, sending you 5
2024-10-14 13:54:10.611676 Yankee: Sierra, sending you 4
2024-10-14 13:54:10.616166 Delta: Yankee, sending you 2
2024-10-14 13:54:10.616937 Yankee: Delta, sending you 1
2024-10-14 13:54:10.618204 Quebec: Juliett, sending you 9
2024-10-14 13:54:10.630105 Juliett: Quebec, sending you 7
2024-10-14 13:54:10.630953 Quebec: Kilo, sending you 10
2024-10-14 13:54:10.645780 Juliett: Kilo, sending you 9
chatterbot Mike submitting transactions
chatterbot Victor submitting transactions
chatterbot Kilo submitting transactions
chatterbot Yankee submitting transactions
chatterbot Quebec submitting transactions
chatterbot X-ray submitting transactions
chatterbot Juliett submitting transactions
chatterbot Sierra submitting transactions
chatterbot Echo submitting transactions
chatterbot Delta submitting transactions
ChatterBot Echo round 5
ChatterBot Victor round 5
ChatterBot X-ray round 5
ChatterBot Juliett round 5
ChatterBot Quebec round 5
ChatterBot Kilo round 5
ChatterBot Mike round 5
ChatterBot Sierra round 5
ChatterBot Delta round 5
ChatterBot Yankee round 5
2024-10-14 13:54:11.742687 X-ray: Echo, Victor, Mike and Yankee, sending you 3
2024-10-14 13:54:11.743837 Juliett: Quebec, sending you 7
2024-10-14 13:54:11.747655 X-ray: Sierra, sending you 4
2024-10-14 13:54:11.748249 Juliett: Kilo, sending you 8
2024-10-14 13:54:11.748659 Echo: Victor, X-ray, Mike, Delta and Yankee, sending you 2
2024-10-14 13:54:11.749854 Victor: Echo, X-ray, Mike, Sierra and Yankee, sending you 2
2024-10-14 13:54:11.750619 Quebec: Juliett, sending you 10
2024-10-14 13:54:11.752673 Echo: Sierra, sending you 3
2024-10-14 13:54:11.753268 Sierra: Echo, Victor, X-ray and Mike, sending you 3
2024-10-14 13:54:11.754667 Quebec: Kilo, sending you 9
2024-10-14 13:54:11.756681 Sierra: Yankee, sending you 5
2024-10-14 13:54:11.757678 Kilo: Juliett and Quebec, sending you 5
2024-10-14 13:54:11.758693 Yankee: Echo, Victor, X-ray and Mike, sending you 3
2024-10-14 13:54:11.759247 Mike: Echo, sending you 1
2024-10-14 13:54:11.760667 Delta: Echo, sending you 4
2024-10-14 13:54:11.762063 Kilo: Delta, sending you 3
2024-10-14 13:54:11.762683 Yankee: Sierra, sending you 4
2024-10-14 13:54:11.763460 Mike: Victor, X-ray, Sierra, Delta and Yankee, sending you 3
2024-10-14 13:54:11.765896 Delta: Victor, Sierra and Yankee, sending you 2
2024-10-14 13:54:11.766679 Yankee: Delta, sending you 1
2024-10-14 13:54:11.768667 Delta: X-ray, sending you 1
2024-10-14 13:54:11.772665 Delta: Mike, sending you 6
chatterbot Sierra submitting transactions
chatterbot Kilo submitting transactions
chatterbot Juliett submitting transactions
chatterbot Mike submitting transactions
chatterbot Echo submitting transactions
chatterbot X-ray submitting transactions
chatterbot Victor submitting transactions
chatterbot Quebec submitting transactions
chatterbot Delta submitting transactions
chatterbot Yankee submitting transactions
ChatterBot Echo round 6
ChatterBot Victor round 6
ChatterBot X-ray round 6
ChatterBot Juliett round 6
ChatterBot Quebec round 6
ChatterBot Kilo round 6
ChatterBot Mike round 6
ChatterBot Sierra round 6
ChatterBot Delta round 6
ChatterBot Yankee round 6
2024-10-14 13:54:12.697737 Echo: Victor, X-ray, Mike, Delta and Yankee, sending you 2
2024-10-14 13:54:12.701695 Echo: Sierra, sending you 3
2024-10-14 13:54:12.702909 Kilo: Juliett and Quebec, sending you 5
2024-10-14 13:54:12.706721 X-ray: Echo, Victor, Mike and Yankee, sending you 3
2024-10-14 13:54:12.708112 Kilo: Delta, sending you 3
2024-10-14 13:54:12.710691 Sierra: Echo, Victor, X-ray and Mike, sending you 3
2024-10-14 13:54:12.711725 Yankee: Echo, Victor, X-ray and Mike, sending you 3
2024-10-14 13:54:12.712234 Juliett: Quebec, sending you 6
2024-10-14 13:54:12.712454 Quebec: Juliett, sending you 10
2024-10-14 13:54:12.712702 X-ray: Sierra, sending you 4
2024-10-14 13:54:12.713709 Mike: Echo, sending you 1
2024-10-14 13:54:12.714744 Yankee: Sierra, sending you 4
2024-10-14 13:54:12.716055 Sierra: Yankee, sending you 5
2024-10-14 13:54:12.716707 Juliett: Kilo, sending you 8
2024-10-14 13:54:12.717515 Quebec: Kilo, sending you 9
2024-10-14 13:54:12.717877 Victor: Echo, X-ray, Mike, Sierra and Yankee, sending you 2
2024-10-14 13:54:12.719064 Mike: Victor, X-ray, Sierra, Delta and Yankee, sending you 3
2024-10-14 13:54:12.719957 Delta: Echo, sending you 4
2024-10-14 13:54:12.720633 Yankee: Delta, sending you 1
2024-10-14 13:54:12.723690 Delta: Victor, Sierra and Yankee, sending you 2
2024-10-14 13:54:12.728691 Delta: X-ray, sending you 1
2024-10-14 13:54:12.732688 Delta: Mike, sending you 6
chatterbot Juliett submitting transactions
chatterbot Sierra submitting transactions
chatterbot X-ray submitting transactions
chatterbot Yankee submitting transactions
chatterbot Kilo submitting transactions
chatterbot Delta submitting transactions
chatterbot Echo submitting transactions
chatterbot Mike submitting transactions
chatterbot Quebec submitting transactions
chatterbot Victor submitting transactions
ChatterBot Echo round 7
ChatterBot Victor round 7
ChatterBot X-ray round 7
ChatterBot Juliett round 7
ChatterBot Quebec round 7
ChatterBot Kilo round 7
ChatterBot Mike round 7
ChatterBot Sierra round 7
ChatterBot Delta round 7
ChatterBot Yankee round 7
2024-10-14 13:54:13.924685 Echo: Victor, X-ray, Mike, Delta and Yankee, sending you 2
2024-10-14 13:54:13.926080 Juliett: Quebec, sending you 6
2024-10-14 13:54:13.929862 Echo: Sierra, sending you 3
2024-10-14 13:54:13.931710 Juliett: Kilo, sending you 8
2024-10-14 13:54:13.933689 Victor: Echo, X-ray, Mike, Sierra and Yankee, sending you 2
2024-10-14 13:54:13.936657 Sierra: Echo, Victor, X-ray and Mike, sending you 3
2024-10-14 13:54:13.938114 X-ray: Echo, Victor, Mike and Yankee, sending you 3
2024-10-14 13:54:13.938698 Kilo: Juliett and Quebec, sending you 5
2024-10-14 13:54:13.939034 Quebec: Juliett, sending you 10
2024-10-14 13:54:13.939696 Yankee: Echo, Victor, X-ray and Mike, sending you 3
2024-10-14 13:54:13.941669 Sierra: Yankee, sending you 5
2024-10-14 13:54:13.942671 X-ray: Sierra, sending you 4
2024-10-14 13:54:13.943765 Kilo: Delta, sending you 3
2024-10-14 13:54:13.944060 Quebec: Kilo, sending you 9
2024-10-14 13:54:13.944331 Yankee: Sierra, sending you 4
2024-10-14 13:54:13.944847 Mike: Echo, sending you 1
2024-10-14 13:54:13.945326 Delta: Echo, sending you 4
2024-10-14 13:54:13.947695 Mike: Victor, X-ray, Sierra, Delta and Yankee, sending you 3
2024-10-14 13:54:13.948651 Yankee: Delta, sending you 1
2024-10-14 13:54:13.949818 Delta: Victor, Sierra and Yankee, sending you 2
2024-10-14 13:54:13.954680 Delta: X-ray, sending you 1
2024-10-14 13:54:13.959813 Delta: Mike, sending you 6
chatterbot Mike submitting transactions
chatterbot Juliett submitting transactions
chatterbot Quebec submitting transactions
chatterbot X-ray submitting transactions
chatterbot Kilo submitting transactions
chatterbot Yankee submitting transactions
chatterbot Echo submitting transactions
chatterbot Sierra submitting transactions
chatterbot Delta submitting transactions
chatterbot Victor submitting transactions
ChatterBot Echo round 8
ChatterBot Victor round 8
ChatterBot X-ray round 8
ChatterBot Juliett round 8
ChatterBot Quebec round 8
ChatterBot Kilo round 8
ChatterBot Mike round 8
ChatterBot Sierra round 8
ChatterBot Delta round 8
ChatterBot Yankee round 8
2024-10-14 13:54:15.079669 Mike: Echo, sending you 1
2024-10-14 13:54:15.083666 Juliett: Quebec, sending you 6
2024-10-14 13:54:15.084679 Mike: Victor, X-ray, Sierra, Delta and Yankee, sending you 3
2024-10-14 13:54:15.086673 Sierra: Echo, Victor, X-ray and Mike, sending you 3
2024-10-14 13:54:15.087290 Juliett: Kilo, sending you 8
2024-10-14 13:54:15.087722 Yankee: Echo, Victor, X-ray and Mike, sending you 3
2024-10-14 13:54:15.089577 Echo: Victor, X-ray, Mike, Delta and Yankee, sending you 2
2024-10-14 13:54:15.090492 Victor: Echo, X-ray, Mike, Sierra and Yankee, sending you 2
2024-10-14 13:54:15.091358 X-ray: Echo, Victor, Mike and Yankee, sending you 3
2024-10-14 13:54:15.092171 Delta: Echo, sending you 4
2024-10-14 13:54:15.093463 Sierra: Yankee, sending you 5
2024-10-14 13:54:15.094213 Quebec: Juliett, sending you 10
2024-10-14 13:54:15.094581 Yankee: Sierra, sending you 4
2024-10-14 13:54:15.095429 Kilo: Juliett and Quebec, sending you 5
2024-10-14 13:54:15.095852 Echo: Sierra, sending you 3
2024-10-14 13:54:15.097297 X-ray: Sierra, sending you 4
2024-10-14 13:54:15.098084 Quebec: Kilo, sending you 9
2024-10-14 13:54:15.098520 Delta: Victor and Sierra, sending you 2
2024-10-14 13:54:15.099415 Yankee: Delta, sending you 1
2024-10-14 13:54:15.100722 Kilo: Delta, sending you 3
2024-10-14 13:54:15.101686 Delta: Mike, sending you 6
2024-10-14 13:54:15.106714 Delta: Yankee, sending you 3
chatterbot Mike submitting transactions
chatterbot X-ray submitting transactions
chatterbot Victor submitting transactions
chatterbot Quebec submitting transactions
chatterbot Echo submitting transactions
chatterbot Yankee submitting transactions
chatterbot Kilo submitting transactions
chatterbot Sierra submitting transactions
chatterbot Delta submitting transactions
chatterbot Juliett submitting transactions
ChatterBot Echo round 9
ChatterBot Victor round 9
ChatterBot X-ray round 9
ChatterBot Juliett round 9
ChatterBot Quebec round 9
ChatterBot Kilo round 9
ChatterBot Mike round 9
ChatterBot Sierra round 9
ChatterBot Delta round 9
ChatterBot Yankee round 9
2024-10-14 13:54:16.303672 Echo: Victor, X-ray, Mike, Delta and Yankee, sending you 2
2024-10-14 13:54:16.309672 Echo: Sierra, sending you 3
2024-10-14 13:54:16.311359 X-ray: Echo, Victor, Mike and Yankee, sending you 3
2024-10-14 13:54:16.312726 Juliett: Quebec, sending you 6
2024-10-14 13:54:16.313249 Kilo: Juliett and Quebec, sending you 5
2024-10-14 13:54:16.313895 Victor: Echo, X-ray, Mike, Sierra and Yankee, sending you 2
2024-10-14 13:54:16.315903 X-ray: Sierra, sending you 4
2024-10-14 13:54:16.317649 Juliett: Kilo, sending you 8
2024-10-14 13:54:16.318676 Kilo: Delta, sending you 3
2024-10-14 13:54:16.320464 Mike: Echo, sending you 1
2024-10-14 13:54:16.321658 Quebec: Juliett, sending you 10
2024-10-14 13:54:16.322053 Yankee: Echo, Victor, X-ray and Mike, sending you 3
2024-10-14 13:54:16.324677 Mike: Victor, X-ray, Sierra, Delta and Yankee, sending you 3
2024-10-14 13:54:16.325774 Sierra: Echo, Victor, X-ray and Mike, sending you 3
2024-10-14 13:54:16.326873 Quebec: Kilo, sending you 9
2024-10-14 13:54:16.327274 Delta: Echo, sending you 4
2024-10-14 13:54:16.328413 Yankee: Sierra, sending you 4
2024-10-14 13:54:16.329686 Sierra: Yankee, sending you 5
2024-10-14 13:54:16.330700 Delta: Victor, X-ray and Sierra, sending you 1
2024-10-14 13:54:16.333711 Yankee: Delta, sending you 1
2024-10-14 13:54:16.335713 Delta: Mike, sending you 7
2024-10-14 13:54:16.338694 Delta: Yankee, sending you 3
chatterbot X-ray submitting transactions
chatterbot Quebec submitting transactions
chatterbot Mike submitting transactions
chatterbot Sierra submitting transactions
chatterbot Kilo submitting transactions
chatterbot Echo submitting transactions
chatterbot Juliett submitting transactions
chatterbot Delta submitting transactions
chatterbot Yankee submitting transactions
chatterbot Victor submitting transactions
ChatterBot Echo round 10
ChatterBot Victor round 10
ChatterBot X-ray round 10
ChatterBot Juliett round 10
ChatterBot Quebec round 10
ChatterBot Kilo round 10
ChatterBot Mike round 10
ChatterBot Sierra round 10
ChatterBot Delta round 10
ChatterBot Yankee round 10
2024-10-14 13:54:17.586656 Victor: Echo, X-ray, Mike, Sierra and Yankee, sending you 2
2024-10-14 13:54:17.593676 Sierra: Echo, Victor, X-ray and Mike, sending you 3
2024-10-14 13:54:17.598088 Echo: Victor, X-ray, Mike, Delta and Yankee, sending you 2
2024-10-14 13:54:17.598847 Sierra: Yankee, sending you 5
2024-10-14 13:54:17.599382 Kilo: Juliett and Quebec, sending you 5
2024-10-14 13:54:17.602646 Echo: Sierra, sending you 3
2024-10-14 13:54:17.603337 Kilo: Delta, sending you 3
2024-10-14 13:54:17.603704 Mike: Delta, sending you 1
2024-10-14 13:54:17.604648 X-ray: Echo, Victor, Mike and Yankee, sending you 3
2024-10-14 13:54:17.605673 Juliett: Quebec, sending you 6
2024-10-14 13:54:17.606655 Yankee: Echo, Victor, X-ray and Mike, sending you 3
2024-10-14 13:54:17.607911 Quebec: Juliett, sending you 10
2024-10-14 13:54:17.608222 X-ray: Sierra, sending you 4
2024-10-14 13:54:17.608761 Delta: Echo, sending you 4
2024-10-14 13:54:17.610658 Juliett: Kilo, sending you 8
2024-10-14 13:54:17.611284 Quebec: Kilo, sending you 9
2024-10-14 13:54:17.611692 Yankee: Sierra, sending you 4
2024-10-14 13:54:17.612697 Delta: Victor, X-ray and Sierra, sending you 1
2024-10-14 13:54:17.615666 Yankee: Delta, sending you 1
2024-10-14 13:54:17.617665 Delta: Mike, sending you 7
2024-10-14 13:54:17.621665 Delta: Yankee, sending you 3
chatterbot Kilo submitting transactions
chatterbot Yankee submitting transactions
chatterbot Mike submitting transactions
chatterbot Victor submitting transactions
chatterbot Delta submitting transactions
chatterbot Sierra submitting transactions
chatterbot Juliett submitting transactions
chatterbot Echo submitting transactions
chatterbot X-ray submitting transactions
chatterbot Quebec submitting transactions
ChatterBot Echo round 11
ChatterBot Victor round 11
ChatterBot X-ray round 11
ChatterBot Juliett round 11
ChatterBot Quebec round 11
ChatterBot Kilo round 11
ChatterBot Mike round 11
ChatterBot Sierra round 11
ChatterBot Delta round 11
ChatterBot Yankee round 11
2024-10-14 13:54:18.898962 X-ray: We should replace Mike with Delta
ChatterBot Sierra reevaluating
2024-10-14 13:54:18.928322 Echo: No
2024-10-14 13:54:18.928669 Victor: No
2024-10-14 13:54:18.928947 Sierra: Yes
2024-10-14 13:54:18.929167 Yankee: No
ChatterBot Sierra reevaluating
ChatterBot X-ray reevaluating
ChatterBot Sierra reevaluating
ChatterBot X-ray reevaluating
ChatterBot X-ray reevaluating
ChatterBot Sierra reevaluating
2024-10-14 13:54:18.975276 Quebec: We should add Delta
ChatterBot Juliett reevaluating
2024-10-14 13:54:18.982266 Juliett: Yes
2024-10-14 13:54:18.982591 Kilo: Yes
ChatterBot Juliett reevaluating
2024-10-14 13:54:19.008625 Quebec: Delta we want you to join our group
2024-10-14 13:54:19.011453 Delta: No
ChatterBot Juliett reevaluating
2024-10-14 13:54:19.018912 X-ray: Delta we want you to join our group
2024-10-14 13:54:19.022983 Delta: Yes
ChatterBot X-ray reevaluating
ChatterBot Sierra reevaluating
2024-10-14 13:54:19.038691 Kilo: I was attacked by Mike
ChatterBot Juliett reevaluating
ChatterBot Quebec reevaluating
ChatterBot Delta reevaluating
2024-10-14 13:54:19.047175 Kilo: I'm keeping this round to protect myself
2024-10-14 13:54:19.047906 Kilo: Ow
2024-10-14 13:54:19.048955 Sierra: Delta we want you to join our group
ChatterBot Delta reevaluating
2024-10-14 13:54:19.052204 Delta: Yes
ChatterBot X-ray reevaluating
2024-10-14 13:54:19.065906 Echo: Victor, X-ray, Mike, Delta and Yankee, sending you 2
2024-10-14 13:54:19.068031 Mike: Echo, sending you 1
2024-10-14 13:54:19.068926 Victor: Echo, X-ray, Mike, Sierra and Yankee, sending you 2
2024-10-14 13:54:19.070538 Juliett: Delta we want you to join our group
ChatterBot Delta reevaluating
2024-10-14 13:54:19.073629 Delta: No
ChatterBot Quebec reevaluating
2024-10-14 13:54:19.081131 Yankee: Echo, Victor, X-ray and Mike, sending you 3
2024-10-14 13:54:19.081822 Echo: Sierra, sending you 3
2024-10-14 13:54:19.083581 Mike: Victor, X-ray, Sierra, Delta and Yankee, sending you 3
2024-10-14 13:54:19.086661 Yankee: Sierra, sending you 4
2024-10-14 13:54:19.092682 Yankee: Delta, sending you 1
2024-10-14 13:54:19.096948 Juliett: Quebec and Kilo, sending you 6
2024-10-14 13:54:19.101660 Juliett: Delta, sending you 3
2024-10-14 13:54:19.106689 Quebec: Juliett and Kilo, sending you 9
2024-10-14 13:54:19.107234 X-ray: Echo, Victor, Delta and Yankee, sending you 3
2024-10-14 13:54:19.111676 Delta: Echo, sending you 5
2024-10-14 13:54:19.112952 Quebec: Delta, sending you 1
2024-10-14 13:54:19.113453 X-ray: Sierra, sending you 4
2024-10-14 13:54:19.115707 Delta: Victor, X-ray and Sierra, sending you 1
2024-10-14 13:54:19.119659 Delta: Mike, sending you 6
2024-10-14 13:54:19.124782 Delta: Yankee, sending you 3
chatterbot Kilo submitting transactions
chatterbot Juliett submitting transactions
chatterbot Quebec submitting transactions
chatterbot Delta submitting transactions
chatterbot Sierra submitting transactions
chatterbot Echo submitting transactions
chatterbot Mike submitting transactions
chatterbot Victor submitting transactions
chatterbot Yankee submitting transactions
chatterbot X-ray submitting transactions
ChatterBot Echo round 12
ChatterBot Victor round 12
ChatterBot X-ray round 12
ChatterBot Juliett round 12
ChatterBot Quebec round 12
ChatterBot Kilo round 12
ChatterBot Mike round 12
ChatterBot Sierra round 12
ChatterBot Delta round 12
ChatterBot Yankee round 12
2024-10-14 13:54:20.161840 Sierra: Let's form a team
2024-10-14 13:54:20.168448 Kilo: No
2024-10-14 13:54:20.168637 Delta: No
ChatterBot Sierra reevaluating
ChatterBot Sierra reevaluating
2024-10-14 13:54:20.185796 Sierra: We should add Mike
2024-10-14 13:54:20.200521 X-ray: No
2024-10-14 13:54:20.200716 Echo: Yes
2024-10-14 13:54:20.200845 Victor: Yes
2024-10-14 13:54:20.200955 Delta: Yes
2024-10-14 13:54:20.201047 Yankee: Yes
ChatterBot Sierra reevaluating
ChatterBot X-ray reevaluating
ChatterBot Sierra reevaluating
ChatterBot X-ray reevaluating
ChatterBot Sierra reevaluating
ChatterBot X-ray reevaluating
ChatterBot Sierra reevaluating
ChatterBot X-ray reevaluating
ChatterBot Sierra reevaluating
2024-10-14 13:54:20.282571 Juliett: We should drop Delta
ChatterBot Kilo reevaluating
2024-10-14 13:54:20.288783 Kilo: Yes
2024-10-14 13:54:20.288938 Quebec: Yes
ChatterBot Juliett reevaluating
ChatterBot Kilo reevaluating
2024-10-14 13:54:20.304192 Kilo: We should replace Delta with Sierra
ChatterBot Juliett reevaluating
2024-10-14 13:54:20.311875 Juliett: No
2024-10-14 13:54:20.312024 Quebec: No
ChatterBot Kilo reevaluating
ChatterBot Juliett reevaluating
ChatterBot Kilo reevaluating
2024-10-14 13:54:20.330959 Sierra: Mike we want you to join our group
2024-10-14 13:54:20.334934 Mike: Yes
ChatterBot X-ray reevaluating
ChatterBot Sierra reevaluating
2024-10-14 13:54:20.356274 Victor: Echo, X-ray, Mike, Sierra and Yankee, sending you 2
2024-10-14 13:54:20.357756 Mike: I was attacked by Sierra
ChatterBot Echo reevaluating
ChatterBot Victor reevaluating
ChatterBot X-ray reevaluating
ChatterBot Sierra reevaluating
ChatterBot Yankee reevaluating
ChatterBot Delta reevaluating
2024-10-14 13:54:20.379311 Mike: Ow
2024-10-14 13:54:20.380935 Kilo: Sierra we want you to join our group
ChatterBot Sierra reevaluating
2024-10-14 13:54:20.386099 Sierra: No
ChatterBot Kilo reevaluating
ChatterBot Juliett reevaluating
2024-10-14 13:54:20.399746 Quebec: Juliett, sending you 11
2024-10-14 13:54:20.404678 Quebec: Kilo, sending you 8
2024-10-14 13:54:20.407808 X-ray: Echo and Mike, sending you 4
2024-10-14 13:54:20.410747 Delta: Echo, sending you 4
2024-10-14 13:54:20.412791 X-ray: Delta, sending you 3
2024-10-14 13:54:20.415675 Yankee: Echo, Victor, X-ray, Mike and Sierra, sending you 3
2024-10-14 13:54:20.416653 Delta: Victor and Sierra, sending you 1
2024-10-14 13:54:20.418054 X-ray: Yankee, sending you 5
2024-10-14 13:54:20.418664 Sierra: Kilo, sending you 7
2024-10-14 13:54:20.419286 Kilo: Juliett, sending you 1
2024-10-14 13:54:20.419715 Yankee: Delta, sending you 2
2024-10-14 13:54:20.421664 Delta: X-ray, sending you 2
