ChatterBot Romeo round 1
ChatterBot Lima round 1
ChatterBot Quebec round 1
ChatterBot Hotel round 1
ChatterBot Oscar round 1
ChatterBot Zulu round 1
ChatterBot Foxtrot round 1
ChatterBot Kilo round 1
ChatterBot November round 1
ChatterBot Uniform round 1
randomSelections Quebec: {Quebec, Kilo, November, Oscar, Hotel, Romeo} 
2024-10-14 13:54:04.974451 Quebec: Group up?
ChatterBot Kilo reevaluating
ChatterBot November reevaluating
ChatterBot Oscar reevaluating
ChatterBot Hotel reevaluating
ChatterBot Romeo reevaluating
2024-10-14 13:54:04.985098 Kilo: Yes
2024-10-14 13:54:04.985671 November: Yes
2024-10-14 13:54:04.985783 Oscar: Yes
2024-10-14 13:54:04.985873 Hotel: Yes
2024-10-14 13:54:04.985979 Romeo: Yes
ChatterBot November reevaluating
ChatterBot Oscar reevaluating
ChatterBot Hotel reevaluating
ChatterBot Romeo reevaluating
ChatterBot Kilo reevaluating
ChatterBot Oscar reevaluating
ChatterBot Hotel reevaluating
ChatterBot Romeo reevaluating
ChatterBot Kilo reevaluating
ChatterBot November reevaluating
ChatterBot Hotel reevaluating
ChatterBot Romeo reevaluating
ChatterBot Kilo reevaluating
ChatterBot November reevaluating
ChatterBot Oscar reevaluating
ChatterBot Romeo reevaluating
ChatterBot Kilo reevaluating
ChatterBot November reevaluating
ChatterBot Oscar reevaluating
ChatterBot Hotel reevaluating
randomSelections Lima: {Lima, Oscar, Uniform, Romeo, Foxtrot, Kilo, Hotel, Zulu} 
2024-10-14 13:54:05.033680 Lima: We should group up
ChatterBot Oscar reevaluating
ChatterBot Uniform reevaluating
ChatterBot Romeo reevaluating
ChatterBot Foxtrot reevaluating
ChatterBot Kilo reevaluating
ChatterBot Hotel reevaluating
ChatterBot Zulu reevaluating
2024-10-14 13:54:05.050668 Oscar: No
2024-10-14 13:54:05.051534 Uniform: Yes
2024-10-14 13:54:05.051655 Romeo: No
2024-10-14 13:54:05.051822 Foxtrot: Yes
2024-10-14 13:54:05.051946 Kilo: No
2024-10-14 13:54:05.052136 Hotel: No
2024-10-14 13:54:05.052309 Zulu: Yes
ChatterBot Uniform reevaluating
ChatterBot Romeo reevaluating
ChatterBot Foxtrot reevaluating
ChatterBot Kilo reevaluating
ChatterBot Hotel reevaluating
ChatterBot Zulu reevaluating
ChatterBot Oscar reevaluating
ChatterBot Romeo reevaluating
ChatterBot Foxtrot reevaluating
ChatterBot Kilo reevaluating
ChatterBot Hotel reevaluating
ChatterBot Zulu reevaluating
ChatterBot Oscar reevaluating
ChatterBot Uniform reevaluating
ChatterBot Foxtrot reevaluating
ChatterBot Kilo reevaluating
ChatterBot Hotel reevaluating
ChatterBot Zulu reevaluating
ChatterBot Oscar reevaluating
ChatterBot Uniform reevaluating
ChatterBot Romeo reevaluating
ChatterBot Kilo reevaluating
ChatterBot Hotel reevaluating
ChatterBot Zulu reevaluating
ChatterBot Oscar reevaluating
ChatterBot Uniform reevaluating
ChatterBot Romeo reevaluating
ChatterBot Foxtrot reevaluating
ChatterBot Hotel reevaluating
ChatterBot Zulu reevaluating
ChatterBot Oscar reevaluating
ChatterBot Uniform reevaluating
ChatterBot Romeo reevaluating
ChatterBot Foxtrot reevaluating
ChatterBot Kilo reevaluating
ChatterBot Zulu reevaluating
ChatterBot Oscar reevaluating
ChatterBot Uniform reevaluating
ChatterBot Romeo reevaluating
ChatterBot Foxtrot reevaluating
ChatterBot Kilo reevaluating
ChatterBot Hotel reevaluating
2024-10-14 13:54:05.149668 Lima: Romeo, sending you 1
2024-10-14 13:54:05.150681 Zulu: Romeo, sending you 1
2024-10-14 13:54:05.151689 Romeo: Hotel, sending you 4
2024-10-14 13:54:05.152677 Lima: Zulu, sending you 2
2024-10-14 13:54:05.154059 November: Romeo, sending you 6
2024-10-14 13:54:05.154374 Quebec: Romeo, Hotel, Oscar, Kilo and November, sending you 1
2024-10-14 13:54:05.154653 Zulu: Lima, Hotel, Kilo and Uniform, sending you 3
2024-10-14 13:54:05.155055 Kilo: Romeo, Quebec and Hotel, sending you 2
2024-10-14 13:54:05.155875 Hotel: Romeo and November, sending you 2
2024-10-14 13:54:05.156181 Lima: Foxtrot, sending you 6
2024-10-14 13:54:05.156680 Romeo: Oscar, sending you 2
2024-10-14 13:54:05.157411 November: Quebec, sending you 3
2024-10-14 13:54:05.158946 Zulu: Foxtrot, sending you 2
2024-10-14 13:54:05.159380 Kilo: Oscar and November, sending you 5
2024-10-14 13:54:05.159756 Oscar: Romeo, sending you 4
2024-10-14 13:54:05.160680 Foxtrot: Romeo, Hotel, Oscar, Zulu and Uniform, sending you 2
2024-10-14 13:54:05.161064 Hotel: Quebec, sending you 4
2024-10-14 13:54:05.161377 Lima: Kilo and Uniform, sending you 4
2024-10-14 13:54:05.162127 Romeo: Kilo, sending you 3
2024-10-14 13:54:05.162702 November: Hotel, sending you 1
2024-10-14 13:54:05.165045 Oscar: Quebec and Kilo, sending you 2
2024-10-14 13:54:05.165406 Foxtrot: Lima, sending you 1
2024-10-14 13:54:05.165731 Hotel: Kilo, sending you 1
2024-10-14 13:54:05.165999 Romeo: November, sending you 1
2024-10-14 13:54:05.166795 November: Oscar and Kilo, sending you 2
2024-10-14 13:54:05.167714 Uniform: Romeo, sending you 3
2024-10-14 13:54:05.169758 Oscar: Hotel and November, sending you 1
2024-10-14 13:54:05.170138 Foxtrot: Kilo, sending you 5
2024-10-14 13:54:05.171694 Uniform: Hotel, Oscar and Foxtrot, sending you 2
2024-10-14 13:54:05.175703 Uniform: Kilo, sending you 1
chatterbot Foxtrot submitting transactions
chatterbot November submitting transactions
chatterbot Romeo submitting transactions
chatterbot Quebec submitting transactions
chatterbot Lima submitting transactions
chatterbot Zulu submitting transactions
chatterbot Oscar submitting transactions
chatterbot Kilo submitting transactions
chatterbot Uniform submitting transactions
chatterbot Hotel submitting transactions
ChatterBot Romeo round 2
ChatterBot Lima round 2
2024-10-14 13:54:06.703232 Romeo: We should add Uniform
ChatterBot Quebec reevaluating
ChatterBot Kilo reevaluating
ChatterBot November reevaluating
ChatterBot Oscar reevaluating
ChatterBot Hotel reevaluating
2024-10-14 13:54:06.755620 Quebec: No
2024-10-14 13:54:06.755766 Kilo: No
2024-10-14 13:54:06.755892 November: No
2024-10-14 13:54:06.755994 Oscar: Yes
2024-10-14 13:54:06.756095 Hotel: No
ChatterBot Kilo reevaluating
ChatterBot November reevaluating
ChatterBot Oscar reevaluating
ChatterBot Hotel reevaluating
ChatterBot Romeo reevaluating
ChatterBot Quebec reevaluating
ChatterBot November reevaluating
ChatterBot Oscar reevaluating
ChatterBot Hotel reevaluating
ChatterBot Romeo reevaluating
ChatterBot Quebec reevaluating
ChatterBot Kilo reevaluating
ChatterBot Oscar reevaluating
ChatterBot Hotel reevaluating
ChatterBot Romeo reevaluating
ChatterBot Quebec reevaluating
ChatterBot Kilo reevaluating
ChatterBot November reevaluating
ChatterBot Hotel reevaluating
ChatterBot Romeo reevaluating
ChatterBot Quebec reevaluating
ChatterBot Kilo reevaluating
ChatterBot November reevaluating
ChatterBot Oscar reevaluating
ChatterBot Romeo reevaluating
ChatterBot Quebec round 2
ChatterBot Hotel round 2
ChatterBot Oscar round 2
ChatterBot Zulu round 2
ChatterBot Foxtrot round 2
ChatterBot Kilo round 2
ChatterBot November round 2
ChatterBot Uniform round 2
2024-10-14 13:54:07.187037 Lima: Group up?
ChatterBot Zulu reevaluating
ChatterBot Foxtrot reevaluating
ChatterBot Uniform reevaluating
ChatterBot Romeo reevaluating
2024-10-14 13:54:07.209870 Zulu: No
2024-10-14 13:54:07.210096 Foxtrot: No
2024-10-14 13:54:07.210256 Uniform: No
2024-10-14 13:54:07.210411 Romeo: Yes
ChatterBot Lima reevaluating
ChatterBot Foxtrot reevaluating
ChatterBot Uniform reevaluating
ChatterBot Romeo reevaluating
ChatterBot Lima reevaluating
ChatterBot Zulu reevaluating
ChatterBot Uniform reevaluating
ChatterBot Romeo reevaluating
ChatterBot Lima reevaluating
ChatterBot Zulu reevaluating
ChatterBot Foxtrot reevaluating
ChatterBot Romeo reevaluating
ChatterBot Lima reevaluating
ChatterBot Zulu reevaluating
ChatterBot Foxtrot reevaluating
ChatterBot Uniform reevaluating
2024-10-14 13:54:07.321414 Foxtrot: Can we be friends?
ChatterBot Zulu reevaluating
ChatterBot Lima reevaluating
ChatterBot Uniform reevaluating
2024-10-14 13:54:07.335956 Zulu: Yes
2024-10-14 13:54:07.336302 Lima: Yes
2024-10-14 13:54:07.336426 Uniform: Yes
ChatterBot Lima reevaluating
ChatterBot Foxtrot reevaluating
ChatterBot Uniform reevaluating
ChatterBot Zulu reevaluating
ChatterBot Foxtrot reevaluating
ChatterBot Uniform reevaluating
ChatterBot Zulu reevaluating
ChatterBot Lima reevaluating
ChatterBot Foxtrot reevaluating
2024-10-14 13:54:07.403216 Kilo: We should add Lima
ChatterBot Quebec reevaluating
ChatterBot Romeo reevaluating
2024-10-14 13:54:07.420541 Quebec: No
2024-10-14 13:54:07.420711 November: No
2024-10-14 13:54:07.420845 Oscar: No
2024-10-14 13:54:07.421574 Hotel: No
2024-10-14 13:54:07.421731 Romeo: Yes
ChatterBot Kilo reevaluating
ChatterBot Romeo reevaluating
ChatterBot Quebec reevaluating
ChatterBot Kilo reevaluating
ChatterBot Romeo reevaluating
ChatterBot Quebec reevaluating
ChatterBot Kilo reevaluating
ChatterBot Romeo reevaluating
ChatterBot Quebec reevaluating
ChatterBot Kilo reevaluating
ChatterBot Romeo reevaluating
ChatterBot Quebec reevaluating
ChatterBot Kilo reevaluating
2024-10-14 13:54:07.533322 Kilo: We should add Zulu
ChatterBot Quebec reevaluating
ChatterBot Romeo reevaluating
2024-10-14 13:54:07.561439 Quebec: No
2024-10-14 13:54:07.561641 November: No
2024-10-14 13:54:07.561826 Oscar: No
2024-10-14 13:54:07.561982 Hotel: No
2024-10-14 13:54:07.562506 Romeo: Yes
ChatterBot Romeo reevaluating
ChatterBot Quebec reevaluating
ChatterBot Kilo reevaluating
ChatterBot Romeo reevaluating
ChatterBot Quebec reevaluating
ChatterBot Kilo reevaluating
ChatterBot Romeo reevaluating
ChatterBot Quebec reevaluating
ChatterBot Kilo reevaluating
ChatterBot Romeo reevaluating
ChatterBot Quebec reevaluating
ChatterBot Kilo reevaluating
2024-10-14 13:54:07.751924 Kilo: We should add Foxtrot
ChatterBot Quebec reevaluating
ChatterBot Romeo reevaluating
2024-10-14 13:54:07.781101 Quebec: No
2024-10-14 13:54:07.781683 November: No
2024-10-14 13:54:07.781838 Oscar: No
2024-10-14 13:54:07.781989 Hotel: No
2024-10-14 13:54:07.782127 Romeo: No
ChatterBot Kilo reevaluating
ChatterBot Romeo reevaluating
ChatterBot Quebec reevaluating
ChatterBot Kilo reevaluating
ChatterBot Romeo reevaluating
ChatterBot Quebec reevaluating
ChatterBot Kilo reevaluating
ChatterBot Romeo reevaluating
ChatterBot Quebec reevaluating
ChatterBot Kilo reevaluating
ChatterBot Romeo reevaluating
ChatterBot Quebec reevaluating
ChatterBot Kilo reevaluating
2024-10-14 13:54:07.925251 Kilo: We should add Uniform
ChatterBot Quebec reevaluating
ChatterBot Romeo reevaluating
2024-10-14 13:54:07.942516 Quebec: No
2024-10-14 13:54:07.942690 November: No
2024-10-14 13:54:07.942812 Oscar: No
2024-10-14 13:54:07.942934 Hotel: No
2024-10-14 13:54:07.943038 Romeo: Yes
ChatterBot Kilo reevaluating
ChatterBot Romeo reevaluating
ChatterBot Quebec reevaluating
ChatterBot Kilo reevaluating
ChatterBot Romeo reevaluating
ChatterBot Quebec reevaluating
ChatterBot Kilo reevaluating
ChatterBot Romeo reevaluating
ChatterBot Quebec reevaluating
ChatterBot Kilo reevaluating
ChatterBot Romeo reevaluating
ChatterBot Quebec reevaluating
ChatterBot Kilo reevaluating
2024-10-14 13:54:08.128380 Uniform: Romeo, sending you 1
2024-10-14 13:54:08.129490 Oscar: Romeo and November, sending you 2
2024-10-14 13:54:08.131154 Zulu: Lima and Foxtrot, sending you 3
2024-10-14 13:54:08.131497 Lima: Hotel and Uniform, sending you 1
2024-10-14 13:54:08.131856 November: Romeo, Quebec and Oscar, sending you 2
2024-10-14 13:54:08.132893 Hotel: Romeo, sending you 6
2024-10-14 13:54:08.133377 Foxtrot: Lima, sending you 8
2024-10-14 13:54:08.133860 Kilo: Lima we want you to join our group
2024-10-14 13:54:08.140502 Lima: No
ChatterBot Kilo reevaluating
ChatterBot Romeo reevaluating
ChatterBot Quebec reevaluating
2024-10-14 13:54:08.176235 Uniform: Lima, sending you 4
2024-10-14 13:54:08.177105 Oscar: Quebec and Hotel, sending you 1
2024-10-14 13:54:08.177784 Zulu: Uniform, sending you 2
2024-10-14 13:54:08.178486 Lima: Zulu, sending you 11
2024-10-14 13:54:08.178810 November: Hotel, sending you 3
2024-10-14 13:54:08.179294 Hotel: Quebec and Oscar, sending you 3
2024-10-14 13:54:08.180251 Foxtrot: Zulu and Uniform, sending you 4
chatterbot Lima submitting transactions
2024-10-14 13:54:08.181322 Romeo: Uniform we want you to join our group
2024-10-14 13:54:08.187 Uniform: No
ChatterBot Kilo reevaluating
2024-10-14 13:54:08.219969 Uniform: Zulu, sending you 3
2024-10-14 13:54:08.220398 Oscar: Kilo, sending you 4
2024-10-14 13:54:08.221376 November: Kilo, sending you 7
2024-10-14 13:54:08.222380 Hotel: Kilo, sending you 4
2024-10-14 13:54:08.222877 Lima: Foxtrot, sending you 4
2024-10-14 13:54:08.223915 Uniform: Foxtrot, sending you 2
2024-10-14 13:54:08.265016 Hotel: November, sending you 1
2024-10-14 13:54:08.266107 Quebec: Sending you each 1
2024-10-14 13:54:08.286460 Romeo: Quebec, Hotel and Kilo, sending you 1
2024-10-14 13:54:08.299901 Romeo: Oscar and Uniform, sending you 2
2024-10-14 13:54:08.310995 Romeo: November, sending you 3
2024-10-14 13:54:08.312290 Kilo: Romeo, Lima, Oscar and November, sending you 3
2024-10-14 13:54:08.317155 Kilo: Quebec and Hotel, sending you 2
chatterbot November submitting transactions
chatterbot Hotel submitting transactions
chatterbot Uniform submitting transactions
chatterbot Zulu submitting transactions
chatterbot Oscar submitting transactions
chatterbot Foxtrot submitting transactions
chatterbot Quebec submitting transactions
chatterbot Romeo submitting transactions
chatterbot Kilo submitting transactions
ChatterBot Romeo round 3
ChatterBot Lima round 3
ChatterBot Quebec round 3
ChatterBot Hotel round 3
ChatterBot Oscar round 3
ChatterBot Zulu round 3
ChatterBot Foxtrot round 3
ChatterBot Kilo round 3
ChatterBot November round 3
ChatterBot Uniform round 3
2024-10-14 13:54:09.668949 Lima: We should replace Hotel with Kilo
2024-10-14 13:54:09.680051 Zulu: No
2024-10-14 13:54:09.680392 Foxtrot: No
2024-10-14 13:54:09.680909 Uniform: No
ChatterBot Lima reevaluating
ChatterBot Lima reevaluating
2024-10-14 13:54:09.719532 Kilo: We should replace Lima with Zulu
2024-10-14 13:54:09.734874 Quebec: No
2024-10-14 13:54:09.735081 November: No
2024-10-14 13:54:09.735210 Oscar: No
2024-10-14 13:54:09.735633 Hotel: No
2024-10-14 13:54:09.735747 Romeo: No
ChatterBot Kilo reevaluating
ChatterBot Kilo reevaluating
ChatterBot Romeo reevaluating
ChatterBot Kilo reevaluating
2024-10-14 13:54:09.830036 Kilo: We should replace Lima with Uniform
ChatterBot Romeo reevaluating
2024-10-14 13:54:09.845794 Quebec: No
2024-10-14 13:54:09.845980 November: No
2024-10-14 13:54:09.846098 Oscar: No
2024-10-14 13:54:09.846210 Hotel: No
2024-10-14 13:54:09.846359 Romeo: No
ChatterBot Kilo reevaluating
ChatterBot Romeo reevaluating
ChatterBot Kilo reevaluating
ChatterBot Romeo reevaluating
ChatterBot Kilo reevaluating
ChatterBot Romeo reevaluating
ChatterBot Kilo reevaluating
ChatterBot Romeo reevaluating
ChatterBot Kilo reevaluating
2024-10-14 13:54:09.927773 Lima: Kilo we want you to join our group
ChatterBot Kilo reevaluating
2024-10-14 13:54:09.940108 Kilo: No
ChatterBot Lima reevaluating
2024-10-14 13:54:09.991882 Romeo: We should drop Uniform
ChatterBot Kilo reevaluating
2024-10-14 13:54:10.008585 Quebec: Yes
2024-10-14 13:54:10.008915 Kilo: Yes
2024-10-14 13:54:10.009667 November: Yes
2024-10-14 13:54:10.010115 Oscar: Yes
2024-10-14 13:54:10.010327 Hotel: Yes
ChatterBot Kilo reevaluating
ChatterBot Kilo reevaluating
ChatterBot Kilo reevaluating
ChatterBot Kilo reevaluating
2024-10-14 13:54:10.095595 Quebec: Romeo, sending you 2
2024-10-14 13:54:10.096033 Hotel: Romeo, Kilo and November, sending you 4
2024-10-14 13:54:10.096403 Zulu: Sending you each 3
2024-10-14 13:54:10.097675 Oscar: Romeo, Hotel and November, sending you 2
2024-10-14 13:54:10.098075 Foxtrot: Lima, sending you 7
2024-10-14 13:54:10.183455 Uniform: Romeo and Lima, sending you 2
2024-10-14 13:54:10.183905 Quebec: Hotel, Oscar, Kilo and November, sending you 1
2024-10-14 13:54:10.185096 Hotel: Quebec, sending you 3
2024-10-14 13:54:10.186284 November: Romeo, Hotel and Oscar, sending you 3
2024-10-14 13:54:10.187087 Oscar: Quebec, sending you 1
2024-10-14 13:54:10.188325 Foxtrot: Zulu, sending you 5
chatterbot Uniform submitting transactions
chatterbot Zulu submitting transactions
2024-10-14 13:54:10.189093 Uniform: Zulu and Foxtrot, sending you 3
2024-10-14 13:54:10.190281 Hotel: Oscar, sending you 2
2024-10-14 13:54:10.191768 November: Quebec, sending you 2
2024-10-14 13:54:10.192505 Oscar: Kilo, sending you 3
2024-10-14 13:54:10.193907 Romeo: Quebec, sending you 1
2024-10-14 13:54:10.194634 Foxtrot: Uniform, sending you 4
2024-10-14 13:54:10.211513 November: Kilo, sending you 5
2024-10-14 13:54:10.212593 Romeo: Hotel, sending you 3
chatterbot Foxtrot submitting transactions
2024-10-14 13:54:10.263573 Kilo: Romeo, Hotel, Oscar and November, sending you 3
2024-10-14 13:54:10.264057 Romeo: Oscar, Kilo and November, sending you 2
2024-10-14 13:54:10.264856 Lima: Zulu, sending you 4
chatterbot November submitting transactions
2024-10-14 13:54:10.279973 Kilo: Lima and Quebec, sending you 2
2024-10-14 13:54:10.280373 Lima: Foxtrot, sending you 7
2024-10-14 13:54:10.295108 Lima: Kilo and Uniform, sending you 3
chatterbot Quebec submitting transactions
chatterbot Oscar submitting transactions
chatterbot Romeo submitting transactions
chatterbot Lima submitting transactions
chatterbot Hotel submitting transactions
chatterbot Kilo submitting transactions
ChatterBot Romeo round 4
ChatterBot Lima round 4
ChatterBot Quebec round 4
ChatterBot Hotel round 4
ChatterBot Oscar round 4
ChatterBot Zulu round 4
ChatterBot Foxtrot round 4
ChatterBot Kilo round 4
ChatterBot November round 4
ChatterBot Uniform round 4
2024-10-14 13:54:11.279025 Kilo: We should replace Lima with Zulu
2024-10-14 13:54:11.302064 Quebec: No
2024-10-14 13:54:11.302335 November: No
2024-10-14 13:54:11.302527 Oscar: No
2024-10-14 13:54:11.302712 Hotel: No
2024-10-14 13:54:11.302869 Romeo: No
ChatterBot Kilo reevaluating
2024-10-14 13:54:11.396752 Quebec: Romeo, sending you 2
2024-10-14 13:54:11.402596 Lima: Zulu, sending you 4
2024-10-14 13:54:11.402942 Oscar: Romeo, Hotel and November, sending you 2
2024-10-14 13:54:11.404062 Quebec: Hotel, Oscar, Kilo and November, sending you 1
2024-10-14 13:54:11.404546 Zulu: Same as last round
2024-10-14 13:54:11.404830 Romeo: Quebec, sending you 1
2024-10-14 13:54:11.405724 Foxtrot: Lima, sending you 7
2024-10-14 13:54:11.410115 Lima: Foxtrot, sending you 7
2024-10-14 13:54:11.410711 Oscar: Quebec, sending you 1
2024-10-14 13:54:11.411185 Hotel: Romeo, Kilo and November, sending you 4
2024-10-14 13:54:11.412204 Kilo: Romeo, Hotel, Oscar and November, sending you 3
2024-10-14 13:54:11.412604 Foxtrot: Zulu, sending you 5
2024-10-14 13:54:11.412884 Romeo: Hotel, sending you 3
2024-10-14 13:54:11.413819 Uniform: Romeo, sending you 1
2024-10-14 13:54:11.416429 Oscar: Kilo, sending you 3
2024-10-14 13:54:11.417313 Lima: Kilo and Uniform, sending you 3
2024-10-14 13:54:11.417581 Hotel: Quebec, sending you 2
2024-10-14 13:54:11.418471 Kilo: Lima and Quebec, sending you 2
2024-10-14 13:54:11.418787 Foxtrot: Uniform, sending you 4
2024-10-14 13:54:11.418998 Romeo: Oscar, Kilo and November, sending you 2
2024-10-14 13:54:11.419397 Uniform: Lima, Zulu and Foxtrot, sending you 3
2024-10-14 13:54:11.420069 November: Romeo, Hotel and Oscar, sending you 3
2024-10-14 13:54:11.422015 Hotel: Oscar, sending you 3
2024-10-14 13:54:11.606485 November: Quebec, sending you 2
2024-10-14 13:54:11.620462 November: Kilo, sending you 5
chatterbot Uniform submitting transactions
chatterbot Quebec submitting transactions
chatterbot Foxtrot submitting transactions
chatterbot Lima submitting transactions
chatterbot Romeo submitting transactions
chatterbot Zulu submitting transactions
chatterbot Hotel submitting transactions
chatterbot Kilo submitting transactions
chatterbot November submitting transactions
chatterbot Oscar submitting transactions
ChatterBot Romeo round 5
ChatterBot Lima round 5
ChatterBot Quebec round 5
ChatterBot Hotel round 5
ChatterBot Oscar round 5
ChatterBot Zulu round 5
ChatterBot Foxtrot round 5
ChatterBot Kilo round 5
ChatterBot November round 5
ChatterBot Uniform round 5
2024-10-14 13:54:12.605660 Hotel: Romeo, Kilo and November, sending you 4
2024-10-14 13:54:12.609710 Hotel: Quebec, sending you 2
2024-10-14 13:54:12.610692 Quebec: Romeo, sending you 2
2024-10-14 13:54:12.611739 Romeo: Sending you each 2
2024-10-14 13:54:12.612311 Lima: Zulu, sending you 4
2024-10-14 13:54:12.613013 Hotel: Oscar, sending you 3
2024-10-14 13:54:12.615010 Quebec: Hotel, Oscar, Kilo and November, sending you 1
2024-10-14 13:54:12.615779 Kilo: Romeo, Lima, Hotel, Oscar and November, sending you 3
2024-10-14 13:54:12.616844 Zulu: Same as last round
2024-10-14 13:54:12.617124 Lima: Foxtrot, sending you 7
2024-10-14 13:54:12.619724 Kilo: Quebec, sending you 1
2024-10-14 13:54:12.620745 Lima: Kilo and Uniform, sending you 3
2024-10-14 13:54:12.623663 Oscar: Romeo, Hotel and November, sending you 2
2024-10-14 13:54:12.626910 November: Romeo and Oscar, sending you 3
2024-10-14 13:54:12.627864 Oscar: Quebec, sending you 1
2024-10-14 13:54:12.629675 Foxtrot: Lima, sending you 7
2024-10-14 13:54:12.630087 Uniform: Romeo, sending you 1
2024-10-14 13:54:12.632672 November: Quebec, sending you 2
2024-10-14 13:54:12.634218 Oscar: Kilo, sending you 3
2024-10-14 13:54:12.634915 Uniform: Lima, Zulu and Foxtrot, sending you 3
2024-10-14 13:54:12.635835 Foxtrot: Zulu, sending you 5
2024-10-14 13:54:12.638666 November: Hotel and Kilo, sending you 4
2024-10-14 13:54:12.639768 Foxtrot: Uniform, sending you 4
chatterbot Romeo submitting transactions
chatterbot Hotel submitting transactions
chatterbot Kilo submitting transactions
chatterbot Quebec submitting transactions
chatterbot Uniform submitting transactions
chatterbot Oscar submitting transactions
chatterbot Zulu submitting transactions
chatterbot Foxtrot submitting transactions
chatterbot Lima submitting transactions
chatterbot November submitting transactions
ChatterBot Romeo round 6
ChatterBot Lima round 6
ChatterBot Quebec round 6
ChatterBot Hotel round 6
ChatterBot Oscar round 6
ChatterBot Zulu round 6
ChatterBot Foxtrot round 6
ChatterBot Kilo round 6
ChatterBot November round 6
ChatterBot Uniform round 6
2024-10-14 13:54:13.676861 Romeo: Same as last round
2024-10-14 13:54:13.678659 Foxtrot: Lima, sending you 7
2024-10-14 13:54:13.679682 Lima: Zulu, sending you 4
2024-10-14 13:54:13.682657 Hotel: Romeo, Kilo and November, sending you 4
2024-10-14 13:54:13.683353 Kilo: Romeo, Lima, Hotel, Oscar and November, sending you 3
2024-10-14 13:54:13.683710 Foxtrot: Zulu, sending you 5
2024-10-14 13:54:13.685120 Lima: Foxtrot, sending you 7
2024-10-14 13:54:13.686667 Zulu: Lima and Uniform, sending you 3
2024-10-14 13:54:13.686981 Quebec: Romeo, sending you 2
2024-10-14 13:54:13.687509 Foxtrot: Uniform, sending you 4
2024-10-14 13:54:13.687748 Oscar: Romeo, Hotel and November, sending you 2
2024-10-14 13:54:13.688258 Uniform: Romeo, sending you 1
2024-10-14 13:54:13.689030 Hotel: Quebec, sending you 2
2024-10-14 13:54:13.689468 Kilo: Quebec, sending you 1
2024-10-14 13:54:13.689759 Lima: Kilo and Uniform, sending you 3
2024-10-14 13:54:13.690030 Zulu: Foxtrot, sending you 2
2024-10-14 13:54:13.690692 Quebec: Hotel, Oscar, Kilo and November, sending you 1
2024-10-14 13:54:13.691663 Hotel: Oscar, sending you 3
2024-10-14 13:54:13.692665 Oscar: Quebec, sending you 1
2024-10-14 13:54:13.693794 Uniform: Lima, Zulu and Foxtrot, sending you 3
2024-10-14 13:54:13.694123 November: Romeo and Oscar, sending you 3
2024-10-14 13:54:13.698013 Oscar: Kilo, sending you 3
2024-10-14 13:54:13.698697 November: Quebec, sending you 2
2024-10-14 13:54:13.703653 November: Hotel and Kilo, sending you 4
chatterbot Zulu submitting transactions
chatterbot Kilo submitting transactions
chatterbot Romeo submitting transactions
chatterbot Foxtrot submitting transactions
chatterbot Lima submitting transactions
chatterbot Uniform submitting transactions
chatterbot Oscar submitting transactions
chatterbot November submitting transactions
chatterbot Quebec submitting transactions
chatterbot Hotel submitting transactions
ChatterBot Romeo round 7
ChatterBot Lima round 7
ChatterBot Quebec round 7
ChatterBot Hotel round 7
ChatterBot Oscar round 7
ChatterBot Zulu round 7
ChatterBot Foxtrot round 7
ChatterBot Kilo round 7
ChatterBot November round 7
ChatterBot Uniform round 7
2024-10-14 13:54:14.846692 Romeo: Same as last round
2024-10-14 13:54:14.850707 Hotel: Romeo, Kilo and November, sending you 4
2024-10-14 13:54:14.854670 Lima: Zulu and Kilo, sending you 4
2024-10-14 13:54:14.856686 Hotel: Quebec, sending you 2
2024-10-14 13:54:14.857738 Oscar: Romeo, Hotel and November, sending you 2
2024-10-14 13:54:14.858512 November: Romeo and Oscar, sending you 3
2024-10-14 13:54:14.859103 Uniform: Romeo, sending you 1
2024-10-14 13:54:14.859659 Foxtrot: Lima, sending you 8
2024-10-14 13:54:14.860015 Lima: Foxtrot, sending you 6
2024-10-14 13:54:14.860686 Quebec: Romeo, sending you 2
2024-10-14 13:54:14.861639 Oscar: Quebec, sending you 1
2024-10-14 13:54:14.862520 November: Quebec, sending you 2
2024-10-14 13:54:14.863541 Kilo: Romeo, Lima, Hotel, Oscar and November, sending you 3
2024-10-14 13:54:14.864013 Uniform: Lima, Zulu and Foxtrot, sending you 3
2024-10-14 13:54:14.864372 Hotel: Oscar, sending you 3
2024-10-14 13:54:14.865392 Zulu: Lima and Uniform, sending you 3
2024-10-14 13:54:14.865950 Lima: Uniform, sending you 3
2024-10-14 13:54:14.866406 Foxtrot: Zulu and Uniform, sending you 4
2024-10-14 13:54:14.866792 Quebec: Hotel, Oscar, Kilo and November, sending you 1
2024-10-14 13:54:14.867512 Oscar: Kilo, sending you 3
2024-10-14 13:54:14.868667 November: Hotel and Kilo, sending you 4
2024-10-14 13:54:14.869623 Kilo: Quebec, sending you 1
2024-10-14 13:54:14.870679 Zulu: Foxtrot, sending you 2
chatterbot Foxtrot submitting transactions
chatterbot Quebec submitting transactions
chatterbot Romeo submitting transactions
chatterbot Zulu submitting transactions
chatterbot Uniform submitting transactions
chatterbot November submitting transactions
chatterbot Kilo submitting transactions
chatterbot Hotel submitting transactions
chatterbot Lima submitting transactions
chatterbot Oscar submitting transactions
ChatterBot Romeo round 8
ChatterBot Lima round 8
ChatterBot Quebec round 8
ChatterBot Hotel round 8
ChatterBot Oscar round 8
ChatterBot Zulu round 8
ChatterBot Foxtrot round 8
ChatterBot Kilo round 8
ChatterBot November round 8
ChatterBot Uniform round 8
2024-10-14 13:54:15.892689 Romeo: Same as last round
2024-10-14 13:54:15.894157 Zulu: Lima and Uniform, sending you 3
2024-10-14 13:54:15.898673 Zulu: Foxtrot, sending you 2
2024-10-14 13:54:15.901102 Quebec: Romeo, sending you 2
2024-10-14 13:54:15.902297 Lima: Zulu and Kilo, sending you 4
2024-10-14 13:54:15.902753 Oscar: Romeo, Hotel and November, sending you 2
2024-10-14 13:54:15.904675 Quebec: Hotel, Oscar, Kilo and November, sending you 1
2024-10-14 13:54:15.905709 Lima: Foxtrot, sending you 6
2024-10-14 13:54:15.906662 Kilo: Romeo, Lima, Hotel, Oscar and November, sending you 3
2024-10-14 13:54:15.907412 Uniform: Romeo, sending you 1
2024-10-14 13:54:15.907812 Oscar: Quebec, sending you 1
2024-10-14 13:54:15.908705 Lima: Uniform, sending you 3
2024-10-14 13:54:15.910010 Kilo: Quebec, sending you 1
2024-10-14 13:54:15.911652 Uniform: Lima, Zulu and Foxtrot, sending you 3
2024-10-14 13:54:15.912055 Oscar: Kilo, sending you 3
2024-10-14 13:54:15.913672 Hotel: Romeo, Kilo and November, sending you 4
2024-10-14 13:54:15.914351 Foxtrot: Lima, sending you 8
2024-10-14 13:54:15.916653 November: Romeo and Oscar, sending you 3
2024-10-14 13:54:15.917672 Hotel: Quebec, sending you 2
2024-10-14 13:54:15.920111 Foxtrot: Zulu and Uniform, sending you 4
2024-10-14 13:54:15.920529 November: Quebec, sending you 2
2024-10-14 13:54:15.922796 Hotel: Oscar, sending you 3
2024-10-14 13:54:15.923771 November: Hotel and Kilo, sending you 4
chatterbot Lima submitting transactions
chatterbot Hotel submitting transactions
chatterbot Oscar submitting transactions
chatterbot Foxtrot submitting transactions
chatterbot Zulu submitting transactions
chatterbot Uniform submitting transactions
chatterbot Kilo submitting transactions
chatterbot November submitting transactions
chatterbot Romeo submitting transactions
chatterbot Quebec submitting transactions
ChatterBot Romeo round 9
ChatterBot Lima round 9
ChatterBot Quebec round 9
ChatterBot Hotel round 9
ChatterBot Oscar round 9
ChatterBot Zulu round 9
ChatterBot Foxtrot round 9
ChatterBot Kilo round 9
ChatterBot November round 9
ChatterBot Uniform round 9
2024-10-14 13:54:17.104703 Oscar: Romeo, Hotel and November, sending you 2
2024-10-14 13:54:17.110697 Oscar: Quebec, sending you 1
2024-10-14 13:54:17.113352 Quebec: Romeo, sending you 2
2024-10-14 13:54:17.115691 Hotel: Romeo, Kilo and November, sending you 4
2024-10-14 13:54:17.117899 November: Romeo and Oscar, sending you 3
2024-10-14 13:54:17.119565 Foxtrot: Lima, sending you 8
2024-10-14 13:54:17.121023 Oscar: Kilo, sending you 3
2024-10-14 13:54:17.123511 Quebec: Hotel, Oscar, Kilo and November, sending you 1
2024-10-14 13:54:17.125823 Uniform: Romeo, sending you 1
2024-10-14 13:54:17.126352 Hotel: Quebec, sending you 2
2024-10-14 13:54:17.128004 November: Quebec, sending you 2
2024-10-14 13:54:17.129742 Kilo: Romeo, Lima, Hotel, Oscar and November, sending you 3
2024-10-14 13:54:17.130443 Foxtrot: Zulu and Uniform, sending you 4
2024-10-14 13:54:17.131552 Zulu: Lima and Uniform, sending you 3
2024-10-14 13:54:17.132096 Lima: Zulu and Kilo, sending you 4
2024-10-14 13:54:17.132744 Romeo: Same as last round
2024-10-14 13:54:17.134235 Uniform: Lima, Zulu and Foxtrot, sending you 3
2024-10-14 13:54:17.134831 Hotel: Oscar, sending you 3
2024-10-14 13:54:17.136358 November: Hotel and Kilo, sending you 4
2024-10-14 13:54:17.137835 Kilo: Quebec, sending you 1
2024-10-14 13:54:17.138922 Zulu: Foxtrot, sending you 2
2024-10-14 13:54:17.139414 Lima: Foxtrot, sending you 6
2024-10-14 13:54:17.144055 Lima: Uniform, sending you 3
chatterbot Oscar submitting transactions
chatterbot Foxtrot submitting transactions
chatterbot Lima submitting transactions
chatterbot Quebec submitting transactions
chatterbot Romeo submitting transactions
chatterbot Uniform submitting transactions
chatterbot November submitting transactions
chatterbot Hotel submitting transactions
chatterbot Zulu submitting transactions
chatterbot Kilo submitting transactions
ChatterBot Romeo round 10
ChatterBot Lima round 10
ChatterBot Quebec round 10
ChatterBot Hotel round 10
ChatterBot Oscar round 10
ChatterBot Zulu round 10
ChatterBot Foxtrot round 10
ChatterBot Kilo round 10
ChatterBot November round 10
ChatterBot Uniform round 10
2024-10-14 13:54:18.368769 Lima: Zulu and Kilo, sending you 4
2024-10-14 13:54:18.371660 Oscar: Romeo, Hotel and November, sending you 2
2024-10-14 13:54:18.373706 Hotel: Romeo, Kilo and November, sending you 4
2024-10-14 13:54:18.375338 Lima: Foxtrot, sending you 6
2024-10-14 13:54:18.377007 Zulu: Lima and Uniform, sending you 3
2024-10-14 13:54:18.377734 Quebec: Romeo, sending you 2
2024-10-14 13:54:18.379138 Oscar: Quebec, sending you 1
2024-10-14 13:54:18.380045 Hotel: Quebec, sending you 2
2024-10-14 13:54:18.381835 Foxtrot: Lima, sending you 8
2024-10-14 13:54:18.382697 Lima: Uniform, sending you 3
2024-10-14 13:54:18.383410 Zulu: Foxtrot, sending you 2
2024-10-14 13:54:18.384565 Quebec: Hotel, Oscar, Kilo and November, sending you 1
2024-10-14 13:54:18.385531 Romeo: Same as last round
2024-10-14 13:54:18.386392 Oscar: Kilo, sending you 3
2024-10-14 13:54:18.387679 Hotel: Oscar, sending you 3
2024-10-14 13:54:18.388652 Foxtrot: Zulu and Uniform, sending you 4
2024-10-14 13:54:18.389169 Kilo: Romeo, Lima, Hotel, Oscar and November, sending you 3
2024-10-14 13:54:18.392710 Kilo: Quebec, sending you 1
2024-10-14 13:54:18.395248 Uniform: Romeo, sending you 1
2024-10-14 13:54:18.396674 November: Romeo and Oscar, sending you 3
2024-10-14 13:54:18.398679 Uniform: Lima, Zulu and Foxtrot, sending you 3
2024-10-14 13:54:18.400656 November: Quebec, sending you 2
2024-10-14 13:54:18.405653 November: Hotel and Kilo, sending you 4
chatterbot Oscar submitting transactions
chatterbot Zulu submitting transactions
chatterbot Uniform submitting transactions
chatterbot Romeo submitting transactions
chatterbot Foxtrot submitting transactions
chatterbot November submitting transactions
chatterbot Kilo submitting transactions
chatterbot Hotel submitting transactions
chatterbot Lima submitting transactions
chatterbot Quebec submitting transactions
ChatterBot Romeo round 11
ChatterBot Lima round 11
ChatterBot Quebec round 11
ChatterBot Hotel round 11
ChatterBot Oscar round 11
ChatterBot Zulu round 11
ChatterBot Foxtrot round 11
ChatterBot Kilo round 11
ChatterBot November round 11
ChatterBot Uniform round 11
2024-10-14 13:54:19.608673 Oscar: Romeo, Hotel and November, sending you 2
2024-10-14 13:54:19.610919 Uniform: We should drop Romeo
2024-10-14 13:54:19.651964 Zulu: Yes
2024-10-14 13:54:19.652256 Lima: Yes
2024-10-14 13:54:19.653708 Foxtrot: Yes
ChatterBot Uniform reevaluating
ChatterBot Uniform reevaluating
ChatterBot Uniform reevaluating
2024-10-14 13:54:19.711183 Oscar: Quebec, sending you 1
2024-10-14 13:54:19.714287 Lima: Zulu and Kilo, sending you 4
2024-10-14 13:54:19.716690 Oscar: Kilo, sending you 3
2024-10-14 13:54:19.719594 Zulu: Lima and Uniform, sending you 3
2024-10-14 13:54:19.720902 Romeo: Same as last round
2024-10-14 13:54:19.723828 Hotel: Romeo, Kilo and November, sending you 4
2024-10-14 13:54:19.726467 Kilo: Romeo, Lima, Hotel, Oscar and November, sending you 3
2024-10-14 13:54:19.728943 Quebec: Romeo, sending you 2
2024-10-14 13:54:19.731699 Foxtrot: Lima, sending you 8
2024-10-14 13:54:19.732691 November: Romeo and Oscar, sending you 3
2024-10-14 13:54:19.737080 Lima: Foxtrot, sending you 6
2024-10-14 13:54:19.737972 Zulu: Foxtrot, sending you 2
2024-10-14 13:54:19.739895 Hotel: Quebec, sending you 2
2024-10-14 13:54:19.742410 Kilo: Quebec, sending you 1
2024-10-14 13:54:19.744441 Quebec: Hotel, Oscar, Kilo and November, sending you 1
2024-10-14 13:54:19.746368 Foxtrot: Zulu and Uniform, sending you 4
2024-10-14 13:54:19.748084 November: Quebec, sending you 2
2024-10-14 13:54:19.750318 Lima: Uniform, sending you 3
2024-10-14 13:54:19.751236 Hotel: Oscar, sending you 3
2024-10-14 13:54:19.753704 November: Hotel and Kilo, sending you 4
chatterbot Kilo submitting transactions
chatterbot Zulu submitting transactions
chatterbot Hotel submitting transactions
chatterbot Quebec submitting transactions
chatterbot Foxtrot submitting transactions
chatterbot Oscar submitting transactions
chatterbot November submitting transactions
chatterbot Romeo submitting transactions
chatterbot Lima submitting transactions
chatterbot Uniform submitting transactions
ChatterBot Romeo round 12
ChatterBot Lima round 12
ChatterBot Quebec round 12
ChatterBot Hotel round 12
ChatterBot Oscar round 12
ChatterBot Zulu round 12
ChatterBot Foxtrot round 12
ChatterBot Kilo round 12
ChatterBot November round 12
ChatterBot Uniform round 12
2024-10-14 13:54:20.783385 Uniform: We should replace Romeo with Quebec
2024-10-14 13:54:20.793112 Zulu: No
2024-10-14 13:54:20.794292 Lima: No
2024-10-14 13:54:20.794469 Foxtrot: No
ChatterBot Uniform reevaluating
ChatterBot Uniform reevaluating
ChatterBot Uniform reevaluating
2024-10-14 13:54:20.825966 Uniform: We should replace Romeo with Oscar
2024-10-14 13:54:20.833531 Zulu: No
2024-10-14 13:54:20.833714 Lima: No
2024-10-14 13:54:20.833850 Foxtrot: No
ChatterBot Uniform reevaluating
ChatterBot Uniform reevaluating
ChatterBot Uniform reevaluating
2024-10-14 13:54:20.857007 Quebec: Romeo and Kilo, sending you 2
2024-10-14 13:54:20.858791 Uniform: We should replace Romeo with Kilo
2024-10-14 13:54:20.865792 Zulu: No
2024-10-14 13:54:20.865935 Lima: Yes
2024-10-14 13:54:20.866074 Foxtrot: No
ChatterBot Uniform reevaluating
ChatterBot Uniform reevaluating
ChatterBot Lima reevaluating
ChatterBot Uniform reevaluating
2024-10-14 13:54:20.889782 Lima: We should replace Kilo with Quebec
ChatterBot Zulu reevaluating
ChatterBot Uniform reevaluating
2024-10-14 13:54:20.898465 Zulu: Yes
2024-10-14 13:54:20.898608 Foxtrot: No
2024-10-14 13:54:20.898751 Uniform: No
ChatterBot Lima reevaluating
ChatterBot Uniform reevaluating
ChatterBot Zulu reevaluating
ChatterBot Lima reevaluating
ChatterBot Uniform reevaluating
ChatterBot Zulu reevaluating
ChatterBot Lima reevaluating
ChatterBot Foxtrot reevaluating
2024-10-14 13:54:20.925644 Foxtrot: We should add Quebec
ChatterBot Zulu reevaluating
ChatterBot Lima reevaluating
ChatterBot Uniform reevaluating
2024-10-14 13:54:20.936048 Zulu: Yes
2024-10-14 13:54:20.936211 Lima: Yes
2024-10-14 13:54:20.936364 Uniform: Yes
ChatterBot Lima reevaluating
ChatterBot Foxtrot reevaluating
ChatterBot Uniform reevaluating
ChatterBot Zulu reevaluating
ChatterBot Foxtrot reevaluating
ChatterBot Uniform reevaluating
ChatterBot Zulu reevaluating
ChatterBot Lima reevaluating
ChatterBot Foxtrot reevaluating
2024-10-14 13:54:20.966896 Quebec: Hotel, Oscar and November, sending you 1
2024-10-14 13:54:20.971023 Hotel: Romeo, Kilo and November, sending you 4
2024-10-14 13:54:20.973314 Romeo: Same as last round
2024-10-14 13:54:20.975322 Kilo: Romeo, Lima, Hotel, Oscar and November, sending you 3
2024-10-14 13:54:20.977017 Oscar: Romeo, Hotel and November, sending you 2
2024-10-14 13:54:20.977871 November: Romeo and Oscar, sending you 3
2024-10-14 13:54:20.979307 Uniform: Quebec we want you to join our group
2024-10-14 13:54:20.984093 Quebec: No
ChatterBot Uniform reevaluating
ChatterBot Lima reevaluating
ChatterBot Zulu reevaluating
ChatterBot Foxtrot reevaluating
2024-10-14 13:54:21.005550 Hotel: Quebec, sending you 2
2024-10-14 13:54:21.007302 Kilo: Quebec, sending you 1
2024-10-14 13:54:21.008491 Oscar: Quebec, sending you 1
2024-10-14 13:54:21.010016 November: Quebec, sending you 2
2024-10-14 13:54:21.012025 Lima: Quebec we want you to join our group
2024-10-14 13:54:21.017007 Quebec: No
ChatterBot Zulu reevaluating
ChatterBot Foxtrot reevaluating
2024-10-14 13:54:21.034418 Hotel: Oscar, sending you 3
2024-10-14 13:54:21.036844 Oscar: Kilo, sending you 3
2024-10-14 13:54:21.038160 November: Hotel and Kilo, sending you 4
2024-10-14 13:54:21.040827 Zulu: Quebec we want you to join our group
2024-10-14 13:54:21.061716 Quebec: No
ChatterBot Zulu reevaluating
ChatterBot Foxtrot reevaluating
chatterbot Quebec submitting transactions
2024-10-14 13:54:21.131904 Uniform: Lima, Zulu and Foxtrot, sending you 3
2024-10-14 13:54:21.133627 Lima: Quebec, sending you 1
2024-10-14 13:54:21.156597 Uniform: Quebec, sending you 1
2024-10-14 13:54:21.158892 Lima: Zulu and Uniform, sending you 4
2024-10-14 13:54:21.173026 Foxtrot: Lima, sending you 8
2024-10-14 13:54:21.174917 Lima: Foxtrot, sending you 8
2024-10-14 13:54:21.190806 Foxtrot: Zulu and Uniform, sending you 4
2024-10-14 13:54:21.192028 Zulu: Lima and Uniform, sending you 3
2024-10-14 13:54:21.204185 Zulu: Quebec and Foxtrot, sending you 2
chatterbot November submitting transactions
chatterbot Romeo submitting transactions
chatterbot Kilo submitting transactions
chatterbot Hotel submitting transactions
chatterbot Foxtrot submitting transactions
chatterbot Lima submitting transactions
chatterbot Uniform submitting transactions
chatterbot Oscar submitting transactions
chatterbot Zulu submitting transactions
ChatterBot Romeo round 13
ChatterBot Lima round 13
ChatterBot Quebec round 13
ChatterBot Hotel round 13
ChatterBot Oscar round 13
ChatterBot Zulu round 13
ChatterBot Foxtrot round 13
ChatterBot Kilo round 13
ChatterBot November round 13
ChatterBot Uniform round 13
2024-10-14 13:54:22.237683 Lima: Quebec, sending you 1
2024-10-14 13:54:22.241683 Lima: Zulu and Uniform, sending you 4
2024-10-14 13:54:22.242228 Quebec: Romeo, sending you 2
2024-10-14 13:54:22.244028 Oscar: Romeo, Hotel and November, sending you 2
