ChatterBot Oscar round 1
ChatterBot Hotel round 1
ChatterBot Romeo round 1
ChatterBot Charlie round 1
ChatterBot Yankee round 1
ChatterBot Foxtrot round 1
ChatterBot Uniform round 1
ChatterBot India round 1
ChatterBot X-ray round 1
ChatterBot Quebec round 1
randomSelections Oscar: {Oscar, Charlie, Quebec, Foxtrot, India, X-ray} 
2024-10-14 13:54:05.000834 Oscar: We should group up
ChatterBot Charlie reevaluating
ChatterBot Quebec reevaluating
ChatterBot Foxtrot reevaluating
ChatterBot India reevaluating
ChatterBot X-ray reevaluating
2024-10-14 13:54:05.017708 Charlie: Yes
2024-10-14 13:54:05.018289 Quebec: Yes
2024-10-14 13:54:05.018433 Foxtrot: Yes
2024-10-14 13:54:05.018561 India: Yes
2024-10-14 13:54:05.018679 X-ray: Yes
ChatterBot Quebec reevaluating
ChatterBot Foxtrot reevaluating
ChatterBot India reevaluating
ChatterBot X-ray reevaluating
ChatterBot Charlie reevaluating
ChatterBot Foxtrot reevaluating
ChatterBot India reevaluating
ChatterBot X-ray reevaluating
ChatterBot Charlie reevaluating
ChatterBot Quebec reevaluating
ChatterBot India reevaluating
ChatterBot X-ray reevaluating
ChatterBot Charlie reevaluating
ChatterBot Quebec reevaluating
ChatterBot Foxtrot reevaluating
ChatterBot X-ray reevaluating
ChatterBot Charlie reevaluating
ChatterBot Quebec reevaluating
ChatterBot Foxtrot reevaluating
ChatterBot India reevaluating
randomSelections Hotel: {Hotel, Uniform, Romeo, X-ray, India, Oscar} 
2024-10-14 13:54:05.073736 Hotel: Group up?
ChatterBot Uniform reevaluating
ChatterBot Romeo reevaluating
ChatterBot X-ray reevaluating
ChatterBot India reevaluating
2024-10-14 13:54:05.082079 Uniform: Yes
2024-10-14 13:54:05.082231 Romeo: Yes
2024-10-14 13:54:05.082357 X-ray: No
2024-10-14 13:54:05.082506 India: No
2024-10-14 13:54:05.082627 Oscar: No
ChatterBot Romeo reevaluating
ChatterBot X-ray reevaluating
ChatterBot India reevaluating
ChatterBot Uniform reevaluating
ChatterBot X-ray reevaluating
ChatterBot India reevaluating
ChatterBot Uniform reevaluating
ChatterBot Romeo reevaluating
ChatterBot India reevaluating
ChatterBot Uniform reevaluating
ChatterBot Romeo reevaluating
ChatterBot X-ray reevaluating
ChatterBot Uniform reevaluating
ChatterBot Romeo reevaluating
ChatterBot X-ray reevaluating
ChatterBot India reevaluating
randomSelections Yankee: {Yankee, India, Hotel, Foxtrot, Oscar, Quebec} 
2024-10-14 13:54:05.127251 Yankee: Let's form a team
ChatterBot India reevaluating
ChatterBot Foxtrot reevaluating
ChatterBot Quebec reevaluating
2024-10-14 13:54:05.137894 India: No
2024-10-14 13:54:05.138113 Hotel: No
2024-10-14 13:54:05.138367 Foxtrot: No
2024-10-14 13:54:05.138603 Oscar: No
2024-10-14 13:54:05.139266 Quebec: No
ChatterBot Foxtrot reevaluating
ChatterBot Quebec reevaluating
ChatterBot India reevaluating
ChatterBot Foxtrot reevaluating
ChatterBot Quebec reevaluating
ChatterBot India reevaluating
ChatterBot Quebec reevaluating
ChatterBot India reevaluating
ChatterBot Foxtrot reevaluating
ChatterBot Quebec reevaluating
ChatterBot India reevaluating
ChatterBot Foxtrot reevaluating
2024-10-14 13:54:05.201668 Romeo: Oscar and India, sending you 2
2024-10-14 13:54:05.204690 X-ray: Oscar and Charlie, sending you 2
2024-10-14 13:54:05.205702 Oscar: Foxtrot and Quebec, sending you 1
2024-10-14 13:54:05.206958 Romeo: Hotel, sending you 4
2024-10-14 13:54:05.208704 Hotel: Oscar and X-ray, sending you 2
2024-10-14 13:54:05.209054 Oscar: India, sending you 2
2024-10-14 13:54:05.209808 X-ray: Foxtrot, sending you 5
2024-10-14 13:54:05.211666 Romeo: Uniform, sending you 1
2024-10-14 13:54:05.211927 Hotel: Romeo, sending you 3
2024-10-14 13:54:05.212714 Quebec: Oscar, Charlie and X-ray, sending you 2
2024-10-14 13:54:05.214676 X-ray: Quebec, sending you 6
2024-10-14 13:54:05.215111 Uniform: Oscar, Romeo and India, sending you 4
2024-10-14 13:54:05.215750 Romeo: X-ray, sending you 6
2024-10-14 13:54:05.216026 Charlie: Oscar, Foxtrot, India, X-ray and Quebec, sending you 1
2024-10-14 13:54:05.216296 Foxtrot: Oscar and Quebec, sending you 2
2024-10-14 13:54:05.216528 Hotel: Uniform, sending you 6
2024-10-14 13:54:05.216765 India: Oscar and Quebec, sending you 4
2024-10-14 13:54:05.217685 Yankee: Oscar, sending you 2
2024-10-14 13:54:05.218053 Quebec: Foxtrot, sending you 5
2024-10-14 13:54:05.218802 Foxtrot: Charlie, sending you 7
2024-10-14 13:54:05.219709 Uniform: Hotel, sending you 3
2024-10-14 13:54:05.220667 Hotel: India, sending you 4
2024-10-14 13:54:05.221695 India: Charlie, sending you 1
2024-10-14 13:54:05.222009 Yankee: Hotel and Quebec, sending you 5
2024-10-14 13:54:05.222699 Quebec: India, sending you 3
2024-10-14 13:54:05.223946 Foxtrot: India, sending you 1
2024-10-14 13:54:05.225700 India: Foxtrot, sending you 2
2024-10-14 13:54:05.226684 Yankee: Foxtrot, sending you 3
2024-10-14 13:54:05.227669 Foxtrot: X-ray, sending you 3
2024-10-14 13:54:05.229698 India: X-ray, sending you 5
2024-10-14 13:54:05.231078 Yankee: India, sending you 1
chatterbot Hotel submitting transactions
chatterbot Uniform submitting transactions
chatterbot Oscar submitting transactions
chatterbot India submitting transactions
chatterbot Charlie submitting transactions
chatterbot Foxtrot submitting transactions
chatterbot Yankee submitting transactions
chatterbot Romeo submitting transactions
chatterbot X-ray submitting transactions
chatterbot Quebec submitting transactions
ChatterBot Oscar round 2
ChatterBot Hotel round 2
ChatterBot Romeo round 2
ChatterBot Charlie round 2
ChatterBot Yankee round 2
ChatterBot Foxtrot round 2
ChatterBot Uniform round 2
ChatterBot India round 2
ChatterBot X-ray round 2
ChatterBot Quebec round 2
2024-10-14 13:54:06.885424 Hotel: We should group up
ChatterBot Romeo reevaluating
ChatterBot Yankee reevaluating
ChatterBot Uniform reevaluating
ChatterBot Oscar reevaluating
2024-10-14 13:54:06.901965 Romeo: No
2024-10-14 13:54:06.902136 Yankee: Yes
2024-10-14 13:54:06.902258 Uniform: Yes
2024-10-14 13:54:06.902393 Oscar: No
ChatterBot Yankee reevaluating
ChatterBot Uniform reevaluating
ChatterBot Oscar reevaluating
ChatterBot Romeo reevaluating
ChatterBot Uniform reevaluating
ChatterBot Oscar reevaluating
ChatterBot Romeo reevaluating
ChatterBot Yankee reevaluating
ChatterBot Oscar reevaluating
ChatterBot Romeo reevaluating
ChatterBot Yankee reevaluating
ChatterBot Uniform reevaluating
2024-10-14 13:54:06.961890 Oscar: We should add Yankee
ChatterBot Charlie reevaluating
ChatterBot Quebec reevaluating
ChatterBot Foxtrot reevaluating
ChatterBot India reevaluating
ChatterBot X-ray reevaluating
2024-10-14 13:54:06.981129 Charlie: No
2024-10-14 13:54:06.981325 Quebec: Yes
2024-10-14 13:54:06.981444 Foxtrot: Yes
2024-10-14 13:54:06.981552 India: Yes
2024-10-14 13:54:06.981665 X-ray: Yes
ChatterBot Oscar reevaluating
ChatterBot Quebec reevaluating
ChatterBot Foxtrot reevaluating
ChatterBot India reevaluating
ChatterBot X-ray reevaluating
ChatterBot Oscar reevaluating
ChatterBot Charlie reevaluating
ChatterBot Foxtrot reevaluating
ChatterBot India reevaluating
ChatterBot X-ray reevaluating
ChatterBot Oscar reevaluating
ChatterBot Charlie reevaluating
ChatterBot Quebec reevaluating
ChatterBot India reevaluating
ChatterBot X-ray reevaluating
ChatterBot Oscar reevaluating
ChatterBot Charlie reevaluating
ChatterBot Quebec reevaluating
ChatterBot Foxtrot reevaluating
ChatterBot X-ray reevaluating
ChatterBot Oscar reevaluating
ChatterBot Charlie reevaluating
ChatterBot Quebec reevaluating
ChatterBot Foxtrot reevaluating
ChatterBot India reevaluating
2024-10-14 13:54:07.109719 Quebec: Yankee we want you to join our group
2024-10-14 13:54:07.113487 Yankee: No
ChatterBot Charlie reevaluating
2024-10-14 13:54:07.131586 Oscar: Yankee we want you to join our group
2024-10-14 13:54:07.135276 Yankee: No
ChatterBot Charlie reevaluating
2024-10-14 13:54:07.153698 Foxtrot: Yankee we want you to join our group
2024-10-14 13:54:07.156953 Yankee: No
ChatterBot Charlie reevaluating
2024-10-14 13:54:07.175899 X-ray: Yankee we want you to join our group
2024-10-14 13:54:07.179273 Yankee: No
2024-10-14 13:54:07.197422 India: Yankee we want you to join our group
2024-10-14 13:54:07.200707 Yankee: No
ChatterBot Oscar reevaluating
2024-10-14 13:54:07.835992 Hotel: Oscar, sending you 2
2024-10-14 13:54:07.836768 Charlie: Yankee we want you to join our group
2024-10-14 13:54:07.840417 Yankee: No
ChatterBot Oscar reevaluating
2024-10-14 13:54:07.861593 Yankee: Oscar, Hotel, Romeo and Uniform, sending you 4
2024-10-14 13:54:07.861926 Romeo: Hotel, sending you 7
2024-10-14 13:54:07.862677 Uniform: Oscar, sending you 1
2024-10-14 13:54:07.863095 Hotel: Romeo and Uniform, sending you 5
2024-10-14 13:54:08.119521 Foxtrot: Oscar and India, sending you 2
2024-10-14 13:54:08.120322 X-ray: Oscar and Charlie, sending you 2
2024-10-14 13:54:08.121535 India: Oscar, sending you 4
2024-10-14 13:54:08.122219 Hotel: Yankee, sending you 6
2024-10-14 13:54:08.123080 Romeo: Yankee, sending you 2
2024-10-14 13:54:08.123555 Quebec: Oscar, Charlie and Foxtrot, sending you 2
2024-10-14 13:54:08.125134 Uniform: Hotel, sending you 4
chatterbot Romeo submitting transactions
chatterbot Yankee submitting transactions
chatterbot Uniform submitting transactions
2024-10-14 13:54:08.127018 Foxtrot: Yankee, sending you 3
2024-10-14 13:54:08.128034 X-ray: Yankee, sending you 1
2024-10-14 13:54:08.128603 Romeo: Uniform, sending you 6
2024-10-14 13:54:08.129529 India: Charlie, Yankee and Foxtrot, sending you 2
2024-10-14 13:54:08.130080 Quebec: Yankee, sending you 4
2024-10-14 13:54:08.131262 Charlie: Oscar, Foxtrot, India, X-ray and Quebec, sending you 1
2024-10-14 13:54:08.131632 Uniform: Romeo, sending you 3
2024-10-14 13:54:08.131877 Foxtrot: X-ray and Quebec, sending you 4
2024-10-14 13:54:08.224297 X-ray: Foxtrot and Quebec, sending you 3
2024-10-14 13:54:08.225341 Oscar: Hotel, Romeo, Foxtrot, Uniform, India, X-ray and Quebec, sending you 2
2024-10-14 13:54:08.225873 Quebec: India, sending you 3
2024-10-14 13:54:08.226662 India: Quebec, sending you 6
2024-10-14 13:54:08.227102 Uniform: Yankee, sending you 2
chatterbot Hotel submitting transactions
chatterbot India submitting transactions
2024-10-14 13:54:08.228142 X-ray: India, sending you 4
2024-10-14 13:54:08.266017 Oscar: Yankee, sending you 1
2024-10-14 13:54:08.266491 Quebec: X-ray, sending you 5
chatterbot Quebec submitting transactions
chatterbot Oscar submitting transactions
chatterbot Charlie submitting transactions
chatterbot Foxtrot submitting transactions
chatterbot X-ray submitting transactions
ChatterBot Oscar round 3
ChatterBot Hotel round 3
ChatterBot Romeo round 3
ChatterBot Charlie round 3
ChatterBot Yankee round 3
ChatterBot Foxtrot round 3
ChatterBot Uniform round 3
ChatterBot India round 3
ChatterBot X-ray round 3
ChatterBot Quebec round 3
2024-10-14 13:54:08.781136 Charlie: We should drop Yankee
2024-10-14 13:54:08.798792 Oscar: No
2024-10-14 13:54:08.799037 Quebec: No
2024-10-14 13:54:08.799198 Foxtrot: Yes
2024-10-14 13:54:08.799375 India: Yes
2024-10-14 13:54:08.799510 X-ray: No
ChatterBot Oscar reevaluating
ChatterBot Oscar reevaluating
ChatterBot X-ray reevaluating
ChatterBot Oscar reevaluating
2024-10-14 13:54:08.970202 Yankee: Oscar, sending you 3
2024-10-14 13:54:08.970770 Romeo: Hotel and Uniform, sending you 6
2024-10-14 13:54:08.971531 Hotel: Oscar, sending you 3
2024-10-14 13:54:09.264661 Charlie: Same as last round
2024-10-14 13:54:09.266652 Yankee: Hotel, sending you 5
2024-10-14 13:54:09.267971 Romeo: Yankee, sending you 4
2024-10-14 13:54:09.268476 Hotel: Romeo, sending you 6
2024-10-14 13:54:09.269588 Uniform: Oscar and Yankee, sending you 3
2024-10-14 13:54:09.270158 Quebec: Oscar, Charlie and Yankee, sending you 2
chatterbot Charlie submitting transactions
2024-10-14 13:54:09.490738 Yankee: Romeo and Uniform, sending you 4
2024-10-14 13:54:09.491468 Hotel: Yankee, sending you 5
2024-10-14 13:54:09.491739 Quebec: Foxtrot, sending you 3
2024-10-14 13:54:09.492123 Oscar: Charlie, Foxtrot, X-ray and Quebec, sending you 2
2024-10-14 13:54:09.492945 Uniform: Hotel and Romeo, sending you 4
2024-10-14 13:54:09.493267 India: Oscar and Foxtrot, sending you 3
2024-10-14 13:54:09.493604 Foxtrot: Oscar and India, sending you 3
2024-10-14 13:54:09.690629 Hotel: Uniform, sending you 4
2024-10-14 13:54:09.691032 Quebec: India, sending you 5
2024-10-14 13:54:09.691993 India: Charlie, sending you 1
2024-10-14 13:54:09.692353 Oscar: Yankee, sending you 3
2024-10-14 13:54:09.692715 Foxtrot: Charlie, sending you 1
2024-10-14 13:54:09.693872 X-ray: Oscar, Foxtrot and India, sending you 3
2024-10-14 13:54:09.792484 Quebec: X-ray, sending you 4
2024-10-14 13:54:09.793011 India: X-ray, sending you 4
2024-10-14 13:54:09.794251 Oscar: India, sending you 4
2024-10-14 13:54:09.794650 Foxtrot: X-ray and Quebec, sending you 4
2024-10-14 13:54:09.795044 X-ray: Charlie, sending you 2
chatterbot Oscar submitting transactions
chatterbot Yankee submitting transactions
2024-10-14 13:54:09.999634 India: Quebec, sending you 5
2024-10-14 13:54:10.001799 X-ray: Quebec, sending you 4
chatterbot Quebec submitting transactions
chatterbot Hotel submitting transactions
chatterbot Romeo submitting transactions
chatterbot India submitting transactions
chatterbot X-ray submitting transactions
chatterbot Uniform submitting transactions
chatterbot Foxtrot submitting transactions
ChatterBot Oscar round 4
ChatterBot Hotel round 4
ChatterBot Romeo round 4
ChatterBot Charlie round 4
ChatterBot Yankee round 4
ChatterBot Foxtrot round 4
ChatterBot Uniform round 4
ChatterBot India round 4
ChatterBot X-ray round 4
ChatterBot Quebec round 4
2024-10-14 13:54:10.288210 Oscar: We should drop Yankee
2024-10-14 13:54:10.313937 Charlie: Yes
2024-10-14 13:54:10.314231 Quebec: Yes
2024-10-14 13:54:10.315856 Foxtrot: Yes
2024-10-14 13:54:10.316084 India: Yes
2024-10-14 13:54:10.316249 X-ray: Yes
2024-10-14 13:54:10.476372 Yankee: Oscar, Hotel, Romeo and Uniform, sending you 4
2024-10-14 13:54:10.476882 Foxtrot: Oscar and India, sending you 3
2024-10-14 13:54:10.480996 Uniform: Oscar, sending you 2
2024-10-14 13:54:10.481850 Hotel: Oscar, sending you 2
2024-10-14 13:54:10.482254 Oscar: Charlie, sending you 2
2024-10-14 13:54:10.482764 India: Oscar, sending you 4
2024-10-14 13:54:10.483719 X-ray: Oscar, Foxtrot and India, sending you 3
2024-10-14 13:54:10.484174 Charlie: Same as last round
2024-10-14 13:54:10.484668 Romeo: Hotel and Uniform, sending you 6
2024-10-14 13:54:10.484917 Quebec: Oscar, sending you 3
2024-10-14 13:54:10.486023 Foxtrot: Charlie, sending you 1
2024-10-14 13:54:10.486531 Hotel: Romeo, sending you 6
2024-10-14 13:54:10.486832 Uniform: Hotel, Romeo and Yankee, sending you 4
2024-10-14 13:54:10.487629 Oscar: Foxtrot, X-ray and Quebec, sending you 3
2024-10-14 13:54:10.488174 India: Charlie, sending you 1
2024-10-14 13:54:10.488555 X-ray: Charlie, sending you 2
2024-10-14 13:54:10.490042 Romeo: Yankee, sending you 4
2024-10-14 13:54:10.490496 Quebec: Charlie, sending you 2
2024-10-14 13:54:10.491708 Foxtrot: X-ray and Quebec, sending you 4
2024-10-14 13:54:10.492339 Hotel: Yankee and Uniform, sending you 5
2024-10-14 13:54:10.493199 Oscar: India, sending you 4
2024-10-14 13:54:10.493720 X-ray: Quebec, sending you 4
2024-10-14 13:54:10.494775 India: Foxtrot and X-ray, sending you 3
2024-10-14 13:54:10.495303 Quebec: Foxtrot and X-ray, sending you 4
2024-10-14 13:54:10.499500 India: Quebec, sending you 5
2024-10-14 13:54:10.528936 Quebec: India, sending you 5
chatterbot Charlie submitting transactions
chatterbot Oscar submitting transactions
chatterbot X-ray submitting transactions
chatterbot Uniform submitting transactions
chatterbot Hotel submitting transactions
chatterbot Quebec submitting transactions
chatterbot Yankee submitting transactions
chatterbot Foxtrot submitting transactions
chatterbot India submitting transactions
chatterbot Romeo submitting transactions
ChatterBot Oscar round 5
ChatterBot Hotel round 5
ChatterBot Romeo round 5
ChatterBot Charlie round 5
ChatterBot Yankee round 5
ChatterBot Foxtrot round 5
ChatterBot Uniform round 5
ChatterBot India round 5
ChatterBot X-ray round 5
ChatterBot Quebec round 5
2024-10-14 13:54:11.652233 Uniform: We should replace Oscar with Charlie
ChatterBot Hotel reevaluating
ChatterBot Yankee reevaluating
2024-10-14 13:54:11.661947 Romeo: No
2024-10-14 13:54:11.662097 Hotel: Yes
2024-10-14 13:54:11.662283 Yankee: Yes
ChatterBot Hotel reevaluating
ChatterBot Yankee reevaluating
ChatterBot Yankee reevaluating
ChatterBot Uniform reevaluating
ChatterBot Hotel reevaluating
ChatterBot Uniform reevaluating
2024-10-14 13:54:11.699353 Oscar: Charlie, sending you 2
2024-10-14 13:54:11.701582 Uniform: Charlie we want you to join our group
2024-10-14 13:54:11.705777 Charlie: No
ChatterBot Uniform reevaluating
ChatterBot Hotel reevaluating
ChatterBot Yankee reevaluating
2024-10-14 13:54:11.724186 Oscar: Foxtrot, X-ray and Quebec, sending you 3
2024-10-14 13:54:11.727691 Oscar: India, sending you 4
2024-10-14 13:54:11.729138 Romeo: Hotel, sending you 6
2024-10-14 13:54:11.729504 Foxtrot: Oscar, India and X-ray, sending you 3
2024-10-14 13:54:11.730656 Yankee: Charlie we want you to join our group
2024-10-14 13:54:11.734499 Charlie: No
ChatterBot Uniform reevaluating
2024-10-14 13:54:11.748147 X-ray: Oscar, Foxtrot and India, sending you 3
2024-10-14 13:54:11.748733 Quebec: Oscar, sending you 3
2024-10-14 13:54:11.749230 India: Oscar, sending you 4
2024-10-14 13:54:11.750318 Charlie: Same as last round
2024-10-14 13:54:11.751068 Hotel: Charlie we want you to join our group
2024-10-14 13:54:11.754719 Charlie: No
ChatterBot Uniform reevaluating
2024-10-14 13:54:11.766982 Romeo: Yankee and Uniform, sending you 5
2024-10-14 13:54:11.767397 Foxtrot: Charlie, sending you 2
2024-10-14 13:54:11.768389 Quebec: Charlie, sending you 2
2024-10-14 13:54:11.768960 X-ray: Charlie, sending you 2
2024-10-14 13:54:11.769506 India: Charlie, sending you 1
2024-10-14 13:54:11.771675 Foxtrot: Quebec, sending you 4
2024-10-14 13:54:11.772701 Quebec: Foxtrot and X-ray, sending you 4
2024-10-14 13:54:11.773430 X-ray: Quebec, sending you 4
2024-10-14 13:54:11.774046 India: Foxtrot and X-ray, sending you 3
2024-10-14 13:54:11.776672 Quebec: India, sending you 5
2024-10-14 13:54:11.777673 India: Quebec, sending you 5
2024-10-14 13:54:11.784686 Yankee: Hotel, sending you 5
2024-10-14 13:54:11.785045 Hotel: Romeo, sending you 6
2024-10-14 13:54:11.787659 Yankee: Romeo and Uniform, sending you 4
2024-10-14 13:54:11.787950 Hotel: Charlie, sending you 2
2024-10-14 13:54:11.790692 Hotel: Yankee and Uniform, sending you 5
2024-10-14 13:54:11.791664 Yankee: Charlie, sending you 3
2024-10-14 13:54:11.798701 Uniform: Hotel, Romeo and Yankee, sending you 4
2024-10-14 13:54:11.801680 Uniform: Charlie, sending you 2
chatterbot Oscar submitting transactions
chatterbot Romeo submitting transactions
chatterbot Charlie submitting transactions
chatterbot X-ray submitting transactions
chatterbot India submitting transactions
chatterbot Foxtrot submitting transactions
chatterbot Uniform submitting transactions
chatterbot Hotel submitting transactions
chatterbot Yankee submitting transactions
chatterbot Quebec submitting transactions
ChatterBot Oscar round 6
ChatterBot Hotel round 6
ChatterBot Romeo round 6
ChatterBot Charlie round 6
ChatterBot Yankee round 6
ChatterBot Foxtrot round 6
ChatterBot Uniform round 6
ChatterBot India round 6
ChatterBot X-ray round 6
ChatterBot Quebec round 6
2024-10-14 13:54:12.990722 Oscar: Charlie, sending you 2
2024-10-14 13:54:12.993067 Hotel: Romeo, sending you 6
2024-10-14 13:54:12.996697 Oscar: Foxtrot, X-ray and Quebec, sending you 3
2024-10-14 13:54:12.998881 X-ray: Oscar, Foxtrot and India, sending you 3
2024-10-14 13:54:13.001013 Hotel: Charlie, sending you 2
2024-10-14 13:54:13.001907 Charlie: Same as last round
2024-10-14 13:54:13.003939 Uniform: Oscar, sending you 2
2024-10-14 13:54:13.004656 Oscar: India, sending you 4
2024-10-14 13:54:13.006379 X-ray: Charlie, sending you 2
2024-10-14 13:54:13.008035 India: Oscar, sending you 4
2024-10-14 13:54:13.009002 Hotel: Yankee and Uniform, sending you 5
2024-10-14 13:54:13.009617 Yankee: Hotel, sending you 5
2024-10-14 13:54:13.010795 Uniform: Hotel, Romeo and Yankee, sending you 4
2024-10-14 13:54:13.011421 Quebec: Oscar, sending you 3
2024-10-14 13:54:13.012824 Foxtrot: Oscar, India and X-ray, sending you 3
2024-10-14 13:54:13.013838 X-ray: Quebec, sending you 4
2024-10-14 13:54:13.015091 Romeo: Hotel, sending you 6
2024-10-14 13:54:13.015627 India: Charlie, sending you 1
2024-10-14 13:54:13.017211 Yankee: Romeo and Uniform, sending you 4
2024-10-14 13:54:13.017745 Quebec: Charlie, sending you 2
2024-10-14 13:54:13.018811 Foxtrot: Charlie, sending you 2
2024-10-14 13:54:13.019534 Romeo: Yankee and Uniform, sending you 5
2024-10-14 13:54:13.020678 India: Foxtrot and X-ray, sending you 3
2024-10-14 13:54:13.021669 Yankee: Charlie, sending you 3
2024-10-14 13:54:13.022862 Quebec: Foxtrot and X-ray, sending you 4
2024-10-14 13:54:13.024811 Foxtrot: Quebec, sending you 4
2024-10-14 13:54:13.027121 India: Quebec, sending you 5
2024-10-14 13:54:13.029688 Quebec: India, sending you 5
chatterbot Romeo submitting transactions
chatterbot India submitting transactions
chatterbot X-ray submitting transactions
chatterbot Oscar submitting transactions
chatterbot Quebec submitting transactions
chatterbot Yankee submitting transactions
chatterbot Foxtrot submitting transactions
chatterbot Charlie submitting transactions
chatterbot Hotel submitting transactions
chatterbot Uniform submitting transactions
ChatterBot Oscar round 7
ChatterBot Hotel round 7
ChatterBot Romeo round 7
ChatterBot Charlie round 7
ChatterBot Yankee round 7
ChatterBot Foxtrot round 7
ChatterBot Uniform round 7
ChatterBot India round 7
ChatterBot X-ray round 7
ChatterBot Quebec round 7
2024-10-14 13:54:14.191838 Uniform: We should replace Oscar with Charlie
2024-10-14 13:54:14.198893 Romeo: No
2024-10-14 13:54:14.199038 Hotel: Yes
2024-10-14 13:54:14.199149 Yankee: Yes
ChatterBot Uniform reevaluating
2024-10-14 13:54:14.248691 Yankee: Hotel, sending you 5
2024-10-14 13:54:14.250674 Hotel: Romeo, sending you 6
2024-10-14 13:54:14.251052 Oscar: Charlie, sending you 2
2024-10-14 13:54:14.252661 Foxtrot: Oscar, India and X-ray, sending you 3
2024-10-14 13:54:14.253671 Yankee: Romeo and Uniform, sending you 4
2024-10-14 13:54:14.254378 Romeo: Hotel, sending you 6
2024-10-14 13:54:14.254719 India: Oscar, sending you 4
2024-10-14 13:54:14.255506 Hotel: Charlie, sending you 2
2024-10-14 13:54:14.255869 Oscar: Foxtrot, X-ray and Quebec, sending you 3
2024-10-14 13:54:14.256928 Foxtrot: Charlie, sending you 2
2024-10-14 13:54:14.257609 Yankee: Charlie, sending you 3
2024-10-14 13:54:14.258023 Romeo: Yankee and Uniform, sending you 5
2024-10-14 13:54:14.258679 India: Charlie, sending you 1
2024-10-14 13:54:14.260661 Hotel: Yankee and Uniform, sending you 5
2024-10-14 13:54:14.260960 Oscar: India, sending you 4
2024-10-14 13:54:14.261427 Foxtrot: Quebec, sending you 4
2024-10-14 13:54:14.261974 X-ray: Oscar, Foxtrot and India, sending you 3
2024-10-14 13:54:14.262678 Charlie: Oscar, India and Quebec, sending you 1
2024-10-14 13:54:14.264218 India: Foxtrot and X-ray, sending you 3
2024-10-14 13:54:14.265085 Quebec: Oscar, sending you 3
2024-10-14 13:54:14.265937 Uniform: Oscar, sending you 2
2024-10-14 13:54:14.266959 X-ray: Charlie, sending you 2
2024-10-14 13:54:14.268696 India: Quebec, sending you 5
2024-10-14 13:54:14.269863 Quebec: Charlie, sending you 2
2024-10-14 13:54:14.271769 Uniform: Hotel, Romeo and Yankee, sending you 4
2024-10-14 13:54:14.272253 X-ray: Quebec, sending you 4
2024-10-14 13:54:14.273665 Quebec: Foxtrot and X-ray, sending you 4
2024-10-14 13:54:14.279650 Quebec: India, sending you 5
chatterbot Uniform submitting transactions
chatterbot Romeo submitting transactions
chatterbot Yankee submitting transactions
chatterbot Quebec submitting transactions
chatterbot Charlie submitting transactions
chatterbot Hotel submitting transactions
chatterbot Oscar submitting transactions
chatterbot India submitting transactions
chatterbot Foxtrot submitting transactions
chatterbot X-ray submitting transactions
ChatterBot Oscar round 8
ChatterBot Hotel round 8
ChatterBot Romeo round 8
ChatterBot Charlie round 8
ChatterBot Yankee round 8
ChatterBot Foxtrot round 8
ChatterBot Uniform round 8
ChatterBot India round 8
ChatterBot X-ray round 8
ChatterBot Quebec round 8
2024-10-14 13:54:15.499215 Uniform: We should replace Oscar with Charlie
2024-10-14 13:54:15.506814 Romeo: No
2024-10-14 13:54:15.506988 Hotel: Yes
2024-10-14 13:54:15.507136 Yankee: Yes
2024-10-14 13:54:15.545150 Uniform: Charlie we want you to join our group
2024-10-14 13:54:15.548949 Charlie: No
2024-10-14 13:54:15.564656 Foxtrot: Oscar, India and X-ray, sending you 3
2024-10-14 13:54:15.566244 Oscar: Charlie, sending you 2
2024-10-14 13:54:15.566906 Yankee: Hotel, sending you 5
2024-10-14 13:54:15.567259 India: Oscar, sending you 4
2024-10-14 13:54:15.567798 Charlie: Oscar, sending you 1
2024-10-14 13:54:15.568334 Hotel: Romeo, sending you 6
2024-10-14 13:54:15.568674 X-ray: Oscar, Foxtrot and India, sending you 3
2024-10-14 13:54:15.569261 Romeo: Hotel, sending you 6
2024-10-14 13:54:15.570364 Foxtrot: Charlie, sending you 2
2024-10-14 13:54:15.571008 Oscar: Foxtrot, X-ray and Quebec, sending you 3
2024-10-14 13:54:15.571629 India: Charlie, sending you 1
2024-10-14 13:54:15.572232 Yankee: Romeo and Uniform, sending you 4
2024-10-14 13:54:15.572553 Hotel: Charlie, sending you 2
2024-10-14 13:54:15.572875 X-ray: Charlie, sending you 2
2024-10-14 13:54:15.573434 Romeo: Yankee and Uniform, sending you 5
2024-10-14 13:54:15.574709 Oscar: India, sending you 4
2024-10-14 13:54:15.575672 Foxtrot: Quebec, sending you 4
2024-10-14 13:54:15.576242 X-ray: Quebec, sending you 4
2024-10-14 13:54:15.576881 India: Foxtrot and X-ray, sending you 3
2024-10-14 13:54:15.577430 Yankee: Charlie, sending you 3
2024-10-14 13:54:15.578202 Hotel: Yankee and Uniform, sending you 5
2024-10-14 13:54:15.579671 India: Quebec, sending you 5
2024-10-14 13:54:15.584683 Uniform: Hotel, Romeo and Yankee, sending you 4
2024-10-14 13:54:15.586663 Quebec: Oscar, sending you 3
2024-10-14 13:54:15.590671 Uniform: Charlie, sending you 2
2024-10-14 13:54:15.591086 Quebec: Charlie, sending you 2
2024-10-14 13:54:15.596652 Quebec: Foxtrot and X-ray, sending you 4
2024-10-14 13:54:15.601652 Quebec: India, sending you 5
chatterbot Yankee submitting transactions
chatterbot Uniform submitting transactions
chatterbot India submitting transactions
chatterbot Charlie submitting transactions
chatterbot Romeo submitting transactions
chatterbot Quebec submitting transactions
chatterbot Foxtrot submitting transactions
chatterbot Hotel submitting transactions
chatterbot X-ray submitting transactions
chatterbot Oscar submitting transactions
ChatterBot Oscar round 9
ChatterBot Hotel round 9
ChatterBot Romeo round 9
ChatterBot Charlie round 9
ChatterBot Yankee round 9
ChatterBot Foxtrot round 9
ChatterBot Uniform round 9
ChatterBot India round 9
ChatterBot X-ray round 9
ChatterBot Quebec round 9
2024-10-14 13:54:16.780657 Hotel: Romeo, sending you 6
2024-10-14 13:54:16.781664 India: Oscar, sending you 4
2024-10-14 13:54:16.783755 Oscar: Charlie, sending you 2
2024-10-14 13:54:16.784478 Hotel: Charlie, sending you 2
2024-10-14 13:54:16.784924 Uniform: Hotel, Romeo and Yankee, sending you 4
2024-10-14 13:54:16.785680 India: Charlie, sending you 1
2024-10-14 13:54:16.786859 X-ray: Oscar, Foxtrot and India, sending you 3
2024-10-14 13:54:16.788996 Oscar: Foxtrot, X-ray and Quebec, sending you 3
2024-10-14 13:54:16.789805 Hotel: Yankee and Uniform, sending you 5
2024-10-14 13:54:16.790171 Uniform: Charlie, sending you 2
2024-10-14 13:54:16.790491 India: Foxtrot and X-ray, sending you 3
2024-10-14 13:54:16.791086 Foxtrot: Oscar, India and X-ray, sending you 3
2024-10-14 13:54:16.792051 Yankee: Hotel, sending you 5
2024-10-14 13:54:16.792388 X-ray: Charlie, sending you 2
2024-10-14 13:54:16.792959 Romeo: Hotel, sending you 6
2024-10-14 13:54:16.793659 Oscar: India, sending you 4
2024-10-14 13:54:16.794955 India: Quebec, sending you 5
2024-10-14 13:54:16.795846 Foxtrot: Charlie, sending you 2
2024-10-14 13:54:16.796694 Romeo: Yankee and Uniform, sending you 5
2024-10-14 13:54:16.797113 Yankee: Romeo and Uniform, sending you 4
2024-10-14 13:54:16.797574 X-ray: Quebec, sending you 4
2024-10-14 13:54:16.798829 Quebec: Oscar, Foxtrot and X-ray, sending you 4
2024-10-14 13:54:16.800671 Foxtrot: Quebec, sending you 4
2024-10-14 13:54:16.801875 Yankee: Charlie, sending you 3
2024-10-14 13:54:16.802687 Quebec: Charlie, sending you 1
2024-10-14 13:54:16.807660 Quebec: India, sending you 5
chatterbot Uniform submitting transactions
chatterbot Yankee submitting transactions
chatterbot Foxtrot submitting transactions
chatterbot Charlie submitting transactions
chatterbot India submitting transactions
chatterbot X-ray submitting transactions
chatterbot Hotel submitting transactions
chatterbot Quebec submitting transactions
chatterbot Oscar submitting transactions
chatterbot Romeo submitting transactions
ChatterBot Oscar round 10
ChatterBot Hotel round 10
ChatterBot Romeo round 10
ChatterBot Charlie round 10
ChatterBot Yankee round 10
ChatterBot Foxtrot round 10
ChatterBot Uniform round 10
ChatterBot India round 10
ChatterBot X-ray round 10
ChatterBot Quebec round 10
2024-10-14 13:54:18.056664 Uniform: Hotel, Romeo and Yankee, sending you 4
2024-10-14 13:54:18.061690 Foxtrot: Oscar, India and X-ray, sending you 3
2024-10-14 13:54:18.064103 Romeo: Hotel, sending you 6
2024-10-14 13:54:18.064560 Oscar: Charlie, sending you 2
2024-10-14 13:54:18.066891 Yankee: Hotel, sending you 6
2024-10-14 13:54:18.067574 Foxtrot: Charlie, sending you 2
2024-10-14 13:54:18.068469 Romeo: Yankee and Uniform, sending you 5
2024-10-14 13:54:18.068936 India: Oscar, sending you 4
2024-10-14 13:54:18.070625 Oscar: Foxtrot, X-ray and Quebec, sending you 3
2024-10-14 13:54:18.072625 Foxtrot: Quebec, sending you 4
2024-10-14 13:54:18.074035 Yankee: Romeo and Uniform, sending you 5
2024-10-14 13:54:18.074926 Hotel: Romeo, sending you 6
2024-10-14 13:54:18.076182 X-ray: Oscar, Foxtrot and India, sending you 3
2024-10-14 13:54:18.077699 India: Charlie, sending you 1
2024-10-14 13:54:18.079090 Oscar: India, sending you 4
2024-10-14 13:54:18.080031 Quebec: Oscar, Foxtrot and X-ray, sending you 4
2024-10-14 13:54:18.081711 Hotel: Charlie, sending you 2
2024-10-14 13:54:18.082655 X-ray: Charlie, sending you 2
2024-10-14 13:54:18.083743 India: Foxtrot and X-ray, sending you 3
2024-10-14 13:54:18.085689 Quebec: Charlie, sending you 1
2024-10-14 13:54:18.086723 Hotel: Yankee and Uniform, sending you 5
2024-10-14 13:54:18.088680 X-ray: Quebec, sending you 4
2024-10-14 13:54:18.089499 India: Quebec, sending you 5
2024-10-14 13:54:18.090687 Quebec: India, sending you 5
chatterbot Charlie submitting transactions
chatterbot Oscar submitting transactions
chatterbot India submitting transactions
chatterbot Uniform submitting transactions
chatterbot Yankee submitting transactions
chatterbot Foxtrot submitting transactions
chatterbot X-ray submitting transactions
chatterbot Hotel submitting transactions
chatterbot Quebec submitting transactions
chatterbot Romeo submitting transactions
ChatterBot Oscar round 11
ChatterBot Hotel round 11
ChatterBot Romeo round 11
ChatterBot Charlie round 11
ChatterBot Yankee round 11
ChatterBot Foxtrot round 11
ChatterBot Uniform round 11
ChatterBot India round 11
ChatterBot X-ray round 11
ChatterBot Quebec round 11
2024-10-14 13:54:19.090504 Foxtrot: We should drop Charlie
ChatterBot Oscar reevaluating
2024-10-14 13:54:19.107691 Oscar: Yes
2024-10-14 13:54:19.107887 India: No
2024-10-14 13:54:19.108037 X-ray: No
2024-10-14 13:54:19.108179 Quebec: No
ChatterBot India reevaluating
ChatterBot Oscar reevaluating
ChatterBot Oscar reevaluating
ChatterBot India reevaluating
ChatterBot Foxtrot reevaluating
ChatterBot Oscar reevaluating
ChatterBot India reevaluating
2024-10-14 13:54:19.184718 Hotel: Romeo, sending you 7
2024-10-14 13:54:19.185286 Romeo: Hotel, sending you 6
2024-10-14 13:54:19.189686 Hotel: Yankee, sending you 6
2024-10-14 13:54:19.190275 Romeo: Yankee and Uniform, sending you 5
2024-10-14 13:54:19.191682 Quebec: Oscar, Foxtrot and X-ray, sending you 4
2024-10-14 13:54:19.194998 Hotel: Uniform, sending you 5
2024-10-14 13:54:19.196688 Quebec: Charlie, sending you 1
2024-10-14 13:54:19.198088 X-ray: Oscar, Foxtrot and India, sending you 3
2024-10-14 13:54:19.201706 X-ray: Charlie, sending you 2
2024-10-14 13:54:19.202841 Quebec: India, sending you 5
2024-10-14 13:54:19.204074 Oscar: Charlie, sending you 2
2024-10-14 13:54:19.204972 Uniform: Hotel, Romeo and Yankee, sending you 4
2024-10-14 13:54:19.205787 Yankee: Hotel, sending you 6
2024-10-14 13:54:19.206370 X-ray: Quebec, sending you 4
2024-10-14 13:54:19.207190 India: Oscar, sending you 4
2024-10-14 13:54:19.209696 Oscar: Foxtrot, X-ray and Quebec, sending you 3
2024-10-14 13:54:19.211357 Yankee: Romeo and Uniform, sending you 5
2024-10-14 13:54:19.212263 India: Charlie, sending you 1
2024-10-14 13:54:19.213878 Foxtrot: Oscar, India and X-ray, sending you 3
2024-10-14 13:54:19.216162 Oscar: India, sending you 4
2024-10-14 13:54:19.218461 India: Foxtrot and X-ray, sending you 3
2024-10-14 13:54:19.220081 Foxtrot: Charlie, sending you 2
2024-10-14 13:54:19.224691 India: Quebec, sending you 5
2024-10-14 13:54:19.227021 Foxtrot: Quebec, sending you 4
chatterbot Foxtrot submitting transactions
chatterbot Romeo submitting transactions
chatterbot India submitting transactions
chatterbot Oscar submitting transactions
chatterbot Uniform submitting transactions
chatterbot Quebec submitting transactions
chatterbot X-ray submitting transactions
chatterbot Hotel submitting transactions
chatterbot Yankee submitting transactions
chatterbot Charlie submitting transactions
ChatterBot Oscar round 12
ChatterBot Hotel round 12
ChatterBot Romeo round 12
ChatterBot Charlie round 12
ChatterBot Yankee round 12
ChatterBot Foxtrot round 12
ChatterBot Uniform round 12
ChatterBot India round 12
ChatterBot X-ray round 12
ChatterBot Quebec round 12
2024-10-14 13:54:20.342531 Oscar: We should drop Charlie
2024-10-14 13:54:20.353723 Foxtrot: No
2024-10-14 13:54:20.353944 India: No
2024-10-14 13:54:20.354052 X-ray: No
2024-10-14 13:54:20.354151 Quebec: No
ChatterBot Oscar reevaluating
ChatterBot Oscar reevaluating
ChatterBot Foxtrot reevaluating
ChatterBot Oscar reevaluating
ChatterBot Foxtrot reevaluating
ChatterBot Oscar reevaluating
2024-10-14 13:54:20.403005 Yankee: We should drop Charlie
ChatterBot Hotel reevaluating
ChatterBot Uniform reevaluating
2024-10-14 13:54:20.412024 Romeo: Yes
2024-10-14 13:54:20.412194 Hotel: Yes
2024-10-14 13:54:20.412326 Uniform: Yes
ChatterBot Hotel reevaluating
ChatterBot Uniform reevaluating
ChatterBot Uniform reevaluating
ChatterBot Hotel reevaluating
2024-10-14 13:54:20.480934 Hotel: Let's form a team
ChatterBot Yankee reevaluating
ChatterBot Uniform reevaluating
ChatterBot Oscar reevaluating
ChatterBot Foxtrot reevaluating
2024-10-14 13:54:20.540055 Romeo: No
2024-10-14 13:54:20.541076 Yankee: No
2024-10-14 13:54:20.541301 Uniform: No
2024-10-14 13:54:20.541534 Oscar: No
2024-10-14 13:54:20.541823 Foxtrot: No
2024-10-14 13:54:20.542058 India: No
2024-10-14 13:54:20.542297 X-ray: No
2024-10-14 13:54:20.542567 Quebec: No
ChatterBot Hotel reevaluating
ChatterBot Yankee reevaluating
ChatterBot Uniform reevaluating
ChatterBot Oscar reevaluating
ChatterBot Foxtrot reevaluating
ChatterBot Hotel reevaluating
ChatterBot Uniform reevaluating
ChatterBot Oscar reevaluating
ChatterBot Foxtrot reevaluating
ChatterBot Hotel reevaluating
ChatterBot Yankee reevaluating
ChatterBot Oscar reevaluating
ChatterBot Foxtrot reevaluating
ChatterBot Hotel reevaluating
ChatterBot Yankee reevaluating
ChatterBot Uniform reevaluating
ChatterBot Foxtrot reevaluating
ChatterBot Hotel reevaluating
ChatterBot Yankee reevaluating
ChatterBot Uniform reevaluating
ChatterBot Oscar reevaluating
ChatterBot Hotel reevaluating
ChatterBot Yankee reevaluating
ChatterBot Uniform reevaluating
ChatterBot Oscar reevaluating
ChatterBot Foxtrot reevaluating
ChatterBot Hotel reevaluating
ChatterBot Yankee reevaluating
ChatterBot Uniform reevaluating
ChatterBot Oscar reevaluating
ChatterBot Foxtrot reevaluating
ChatterBot Hotel reevaluating
ChatterBot Yankee reevaluating
ChatterBot Uniform reevaluating
ChatterBot Oscar reevaluating
ChatterBot Foxtrot reevaluating
2024-10-14 13:54:20.764183 Yankee: We should replace Charlie with Foxtrot
ChatterBot Hotel reevaluating
ChatterBot Uniform reevaluating
2024-10-14 13:54:20.772907 Romeo: No
2024-10-14 13:54:20.773051 Hotel: Yes
2024-10-14 13:54:20.773148 Uniform: No
ChatterBot Hotel reevaluating
ChatterBot Yankee reevaluating
ChatterBot Uniform reevaluating
ChatterBot Yankee reevaluating
ChatterBot Uniform reevaluating
ChatterBot Hotel reevaluating
ChatterBot Yankee reevaluating
2024-10-14 13:54:20.816780 Hotel: Foxtrot we want you to join our group
ChatterBot Foxtrot reevaluating
2024-10-14 13:54:20.822931 Foxtrot: No
ChatterBot Yankee reevaluating
ChatterBot Uniform reevaluating
2024-10-14 13:54:20.836870 Romeo: Hotel, sending you 6
2024-10-14 13:54:20.837374 Oscar: Charlie, sending you 2
2024-10-14 13:54:20.839833 Romeo: Yankee and Uniform, sending you 5
2024-10-14 13:54:20.842899 India: Oscar, sending you 4
2024-10-14 13:54:20.844501 X-ray: Oscar, Foxtrot and India, sending you 3
2024-10-14 13:54:20.846398 Oscar: Foxtrot, X-ray and Quebec, sending you 3
2024-10-14 13:54:20.847392 Quebec: Oscar, Foxtrot and X-ray, sending you 4
2024-10-14 13:54:20.849325 India: Charlie, sending you 1
2024-10-14 13:54:20.850997 X-ray: Charlie, sending you 2
chatterbot X-ray submitting transactions
2024-10-14 13:54:20.852808 Oscar: India, sending you 4
2024-10-14 13:54:20.853887 Quebec: Charlie, sending you 1
2024-10-14 13:54:20.855459 India: Foxtrot and X-ray, sending you 3
2024-10-14 13:54:20.857052 X-ray: Quebec, sending you 4
2024-10-14 13:54:20.859043 Yankee: Oscar, Foxtrot and Quebec, sending you 2
2024-10-14 13:54:20.860893 Hotel: Romeo, sending you 6
2024-10-14 13:54:20.861366 Quebec: India, sending you 5
2024-10-14 13:54:20.862751 Foxtrot: Oscar, India and Quebec, sending you 4
2024-10-14 13:54:20.863205 Uniform: Oscar, sending you 1
2024-10-14 13:54:20.863928 India: Quebec, sending you 5
2024-10-14 13:54:20.865865 Yankee: Hotel, Romeo and Uniform, sending you 3
2024-10-14 13:54:20.867809 Hotel: Yankee and Uniform, sending you 5
2024-10-14 13:54:20.869167 Foxtrot: X-ray, sending you 3
2024-10-14 13:54:20.870326 Uniform: Hotel, sending you 3
2024-10-14 13:54:20.871707 Yankee: India, sending you 1
2024-10-14 13:54:20.873427 Hotel: Foxtrot, sending you 2
2024-10-14 13:54:20.877008 Uniform: Romeo and Yankee, sending you 4
chatterbot Romeo submitting transactions
chatterbot Quebec submitting transactions
chatterbot Charlie submitting transactions
chatterbot Oscar submitting transactions
chatterbot Hotel submitting transactions
chatterbot Yankee submitting transactions
chatterbot India submitting transactions
chatterbot Uniform submitting transactions
chatterbot Foxtrot submitting transactions
ChatterBot Oscar round 13
ChatterBot Hotel round 13
ChatterBot Romeo round 13
ChatterBot Charlie round 13
ChatterBot Yankee round 13
ChatterBot Foxtrot round 13
ChatterBot Uniform round 13
ChatterBot India round 13
ChatterBot X-ray round 13
ChatterBot Quebec round 13
2024-10-14 13:54:21.977272 Uniform: We should replace Oscar with Charlie
ChatterBot Hotel reevaluating
ChatterBot Yankee reevaluating
2024-10-14 13:54:21.989291 Romeo: No
2024-10-14 13:54:21.989453 Hotel: No
2024-10-14 13:54:21.989588 Yankee: No
ChatterBot Hotel reevaluating
ChatterBot Yankee reevaluating
ChatterBot Yankee reevaluating
ChatterBot Uniform reevaluating
ChatterBot Hotel reevaluating
ChatterBot Uniform reevaluating
