ChatterBot Hotel round 1
ChatterBot Mike round 1
ChatterBot Whiskey round 1
ChatterBot Yankee round 1
ChatterBot Tango round 1
ChatterBot Victor round 1
ChatterBot Golf round 1
ChatterBot Romeo round 1
ChatterBot Bravo round 1
ChatterBot Uniform round 1
randomSelections Mike: {Mike, Golf, Bravo, Hotel, Victor, Whiskey, Yankee, Uniform} 
2024-10-15 01:48:18.649468 Mike: Let's form a team
ChatterBot Golf reevaluating
ChatterBot Bravo reevaluating
ChatterBot Hotel reevaluating
ChatterBot Victor reevaluating
ChatterBot Whiskey reevaluating
ChatterBot Yankee reevaluating
ChatterBot Uniform reevaluating
2024-10-15 01:48:18.748638 Golf: Yes
2024-10-15 01:48:18.748838 Bravo: Yes
2024-10-15 01:48:18.748954 Hotel: Yes
2024-10-15 01:48:18.749058 Victor: Yes
2024-10-15 01:48:18.749899 Whiskey: Yes
2024-10-15 01:48:18.750020 Yankee: Yes
2024-10-15 01:48:18.750143 Uniform: Yes
ChatterBot Bravo reevaluating
ChatterBot Hotel reevaluating
ChatterBot Victor reevaluating
ChatterBot Whiskey reevaluating
ChatterBot Yankee reevaluating
ChatterBot Uniform reevaluating
ChatterBot Golf reevaluating
ChatterBot Hotel reevaluating
ChatterBot Victor reevaluating
ChatterBot Whiskey reevaluating
ChatterBot Yankee reevaluating
ChatterBot Uniform reevaluating
ChatterBot Golf reevaluating
ChatterBot Bravo reevaluating
ChatterBot Victor reevaluating
ChatterBot Whiskey reevaluating
ChatterBot Yankee reevaluating
ChatterBot Uniform reevaluating
ChatterBot Golf reevaluating
ChatterBot Bravo reevaluating
ChatterBot Hotel reevaluating
ChatterBot Whiskey reevaluating
ChatterBot Yankee reevaluating
ChatterBot Uniform reevaluating
ChatterBot Golf reevaluating
ChatterBot Bravo reevaluating
ChatterBot Hotel reevaluating
ChatterBot Victor reevaluating
ChatterBot Yankee reevaluating
ChatterBot Uniform reevaluating
ChatterBot Golf reevaluating
ChatterBot Bravo reevaluating
ChatterBot Hotel reevaluating
ChatterBot Victor reevaluating
ChatterBot Whiskey reevaluating
ChatterBot Uniform reevaluating
ChatterBot Golf reevaluating
ChatterBot Bravo reevaluating
ChatterBot Hotel reevaluating
ChatterBot Victor reevaluating
ChatterBot Whiskey reevaluating
ChatterBot Yankee reevaluating
randomSelections Tango: {Tango, Whiskey, Uniform, Romeo, Victor, Mike} 
2024-10-15 01:48:18.841696 Tango: We should group up
ChatterBot Whiskey reevaluating
ChatterBot Uniform reevaluating
ChatterBot Romeo reevaluating
ChatterBot Victor reevaluating
2024-10-15 01:48:18.849105 Whiskey: No
2024-10-15 01:48:18.849473 Uniform: No
2024-10-15 01:48:18.849602 Romeo: Yes
2024-10-15 01:48:18.850249 Victor: No
2024-10-15 01:48:18.850544 Mike: No
ChatterBot Uniform reevaluating
ChatterBot Romeo reevaluating
ChatterBot Victor reevaluating
ChatterBot Whiskey reevaluating
ChatterBot Romeo reevaluating
ChatterBot Victor reevaluating
ChatterBot Whiskey reevaluating
ChatterBot Uniform reevaluating
ChatterBot Victor reevaluating
ChatterBot Whiskey reevaluating
ChatterBot Uniform reevaluating
ChatterBot Romeo reevaluating
ChatterBot Whiskey reevaluating
ChatterBot Uniform reevaluating
ChatterBot Romeo reevaluating
ChatterBot Victor reevaluating
2024-10-15 01:48:18.912661 Yankee: Hotel, Mike, Victor, Golf and Bravo, sending you 1
2024-10-15 01:48:18.914968 Victor: Hotel, sending you 2
2024-10-15 01:48:18.916529 Uniform: Hotel, Yankee, Victor and Bravo, sending you 3
2024-10-15 01:48:18.921728 Yankee: Whiskey, sending you 3
2024-10-15 01:48:18.923304 Victor: Mike, sending you 4
2024-10-15 01:48:18.925155 Uniform: Mike and Golf, sending you 1
2024-10-15 01:48:18.926123 Golf: Mike, sending you 1
2024-10-15 01:48:18.927662 Hotel: Whiskey, Yankee, Victor and Uniform, sending you 1
2024-10-15 01:48:18.928875 Bravo: Hotel and Uniform, sending you 1
2024-10-15 01:48:18.929808 Whiskey: Hotel, Mike, Yankee, Victor, Bravo and Uniform, sending you 2
2024-10-15 01:48:18.931682 Tango: Mike, Romeo and Uniform, sending you 2
2024-10-15 01:48:18.933323 Yankee: Uniform, sending you 2
2024-10-15 01:48:18.934943 Victor: Whiskey, Yankee and Golf, sending you 1
2024-10-15 01:48:18.936374 Golf: Yankee, sending you 5
2024-10-15 01:48:18.937063 Hotel: Golf and Bravo, sending you 3
2024-10-15 01:48:18.938518 Bravo: Mike and Golf, sending you 3
2024-10-15 01:48:18.939202 Whiskey: Golf, sending you 1
2024-10-15 01:48:18.940441 Tango: Whiskey, sending you 1
2024-10-15 01:48:18.941707 Golf: Bravo, sending you 2
2024-10-15 01:48:18.942627 Bravo: Whiskey, sending you 2
2024-10-15 01:48:18.945201 Tango: Victor, sending you 3
2024-10-15 01:48:18.947116 Golf: Uniform, sending you 3
chatterbot Mike submitting transactions
chatterbot Yankee submitting transactions
chatterbot Victor submitting transactions
chatterbot Tango submitting transactions
chatterbot Golf submitting transactions
chatterbot Whiskey submitting transactions
chatterbot Romeo submitting transactions
chatterbot Hotel submitting transactions
chatterbot Bravo submitting transactions
chatterbot Uniform submitting transactions
ChatterBot Hotel round 2
ChatterBot Mike round 2
ChatterBot Whiskey round 2
ChatterBot Yankee round 2
ChatterBot Tango round 2
ChatterBot Victor round 2
ChatterBot Golf round 2
ChatterBot Romeo round 2
2024-10-15 01:48:21.718049 Tango: We would work well together
ChatterBot Romeo reevaluating
2024-10-15 01:48:21.726318 Romeo: Yes
2024-10-15 01:48:21.726522 Mike: No
ChatterBot Tango reevaluating
ChatterBot Tango reevaluating
ChatterBot Romeo reevaluating
ChatterBot Bravo round 2
ChatterBot Uniform round 2
2024-10-15 01:48:21.753574 Whiskey: We should replace Mike with Tango
ChatterBot Victor reevaluating
ChatterBot Golf reevaluating
ChatterBot Bravo reevaluating
ChatterBot Uniform reevaluating
2024-10-15 01:48:21.778171 Hotel: No
2024-10-15 01:48:21.778365 Yankee: No
2024-10-15 01:48:21.778547 Victor: No
2024-10-15 01:48:21.778741 Golf: No
2024-10-15 01:48:21.779348 Bravo: No
2024-10-15 01:48:21.779584 Uniform: No
ChatterBot Victor reevaluating
ChatterBot Golf reevaluating
ChatterBot Bravo reevaluating
ChatterBot Uniform reevaluating
ChatterBot Victor reevaluating
ChatterBot Golf reevaluating
ChatterBot Bravo reevaluating
ChatterBot Uniform reevaluating
ChatterBot Hotel reevaluating
ChatterBot Golf reevaluating
ChatterBot Bravo reevaluating
ChatterBot Uniform reevaluating
ChatterBot Hotel reevaluating
ChatterBot Victor reevaluating
ChatterBot Bravo reevaluating
ChatterBot Uniform reevaluating
ChatterBot Hotel reevaluating
ChatterBot Victor reevaluating
ChatterBot Golf reevaluating
ChatterBot Uniform reevaluating
ChatterBot Hotel reevaluating
ChatterBot Victor reevaluating
ChatterBot Golf reevaluating
ChatterBot Bravo reevaluating
2024-10-15 01:48:21.948331 Yankee: We should drop Mike
ChatterBot Hotel reevaluating
ChatterBot Victor reevaluating
ChatterBot Golf reevaluating
ChatterBot Bravo reevaluating
ChatterBot Uniform reevaluating
2024-10-15 01:48:21.971844 Whiskey: Yes
2024-10-15 01:48:21.971964 Hotel: Yes
2024-10-15 01:48:21.972052 Victor: Yes
2024-10-15 01:48:21.972135 Golf: Yes
2024-10-15 01:48:21.972228 Bravo: Yes
2024-10-15 01:48:21.972310 Uniform: Yes
ChatterBot Hotel reevaluating
ChatterBot Victor reevaluating
ChatterBot Golf reevaluating
ChatterBot Bravo reevaluating
ChatterBot Uniform reevaluating
ChatterBot Victor reevaluating
ChatterBot Golf reevaluating
ChatterBot Bravo reevaluating
ChatterBot Uniform reevaluating
ChatterBot Hotel reevaluating
ChatterBot Golf reevaluating
ChatterBot Bravo reevaluating
ChatterBot Uniform reevaluating
ChatterBot Hotel reevaluating
ChatterBot Victor reevaluating
ChatterBot Bravo reevaluating
ChatterBot Uniform reevaluating
ChatterBot Hotel reevaluating
ChatterBot Victor reevaluating
ChatterBot Golf reevaluating
ChatterBot Uniform reevaluating
ChatterBot Hotel reevaluating
ChatterBot Victor reevaluating
ChatterBot Golf reevaluating
ChatterBot Bravo reevaluating
2024-10-15 01:48:22.124573 Whiskey: Tango we want you to join our group
ChatterBot Tango reevaluating
2024-10-15 01:48:22.129298 Tango: No
ChatterBot Hotel reevaluating
ChatterBot Victor reevaluating
ChatterBot Golf reevaluating
ChatterBot Bravo reevaluating
ChatterBot Uniform reevaluating
2024-10-15 01:48:22.218178 Mike: Victor, sending you 1
2024-10-15 01:48:22.220094 Hotel: We should drop Mike and Golf
2024-10-15 01:48:22.238342 Whiskey: No
2024-10-15 01:48:22.238553 Yankee: No
2024-10-15 01:48:22.238691 Victor: No
2024-10-15 01:48:22.238802 Bravo: No
2024-10-15 01:48:22.238921 Uniform: No
ChatterBot Hotel reevaluating
ChatterBot Hotel reevaluating
ChatterBot Hotel reevaluating
2024-10-15 01:48:22.379263 Whiskey: Hotel, Tango and Victor, sending you 2
2024-10-15 01:48:22.380377 Yankee: Hotel, Victor and Bravo, sending you 1
2024-10-15 01:48:22.380817 Tango: Victor and Romeo, sending you 4
2024-10-15 01:48:22.405279 Whiskey: Yankee, sending you 4
2024-10-15 01:48:22.405646 Yankee: Whiskey and Uniform, sending you 2
2024-10-15 01:48:22.405945 Bravo: Hotel, Whiskey, Golf and Uniform, sending you 2
2024-10-15 01:48:22.406687 Golf: Hotel, sending you 4
2024-10-15 01:48:22.446330 Bravo: Yankee and Victor, sending you 1
2024-10-15 01:48:22.446837 Golf: Whiskey, Yankee, Victor and Uniform, sending you 1
2024-10-15 01:48:22.447787 Victor: Hotel and Yankee, sending you 1
2024-10-15 01:48:22.448246 Whiskey: Bravo, sending you 3
2024-10-15 01:48:22.449150 Yankee: Golf, sending you 3
2024-10-15 01:48:22.449555 Uniform: Hotel and Bravo, sending you 2
chatterbot Whiskey submitting transactions
2024-10-15 01:48:22.471649 Golf: Bravo, sending you 3
2024-10-15 01:48:22.472325 Victor: Whiskey, sending you 3
2024-10-15 01:48:22.473402 Uniform: Whiskey, Yankee and Golf, sending you 3
2024-10-15 01:48:22.479568 Victor: Uniform, sending you 4
chatterbot Victor submitting transactions
chatterbot Bravo submitting transactions
chatterbot Yankee submitting transactions
chatterbot Mike submitting transactions
chatterbot Uniform submitting transactions
chatterbot Tango submitting transactions
chatterbot Romeo submitting transactions
chatterbot Golf submitting transactions
chatterbot Hotel submitting transactions
ChatterBot Hotel round 3
ChatterBot Mike round 3
ChatterBot Whiskey round 3
ChatterBot Yankee round 3
ChatterBot Tango round 3
ChatterBot Victor round 3
ChatterBot Golf round 3
2024-10-15 01:48:23.671621 Tango: We should replace Victor with Mike
ChatterBot Romeo reevaluating
2024-10-15 01:48:23.676582 Romeo: Yes
ChatterBot Romeo round 3
ChatterBot Bravo round 3
ChatterBot Uniform round 3
2024-10-15 01:48:23.701668 Mike: Can we be friends?
2024-10-15 01:48:23.706281 Tango: Yes
ChatterBot Mike reevaluating
2024-10-15 01:48:23.716969 Tango: Mike we want you to join our group
ChatterBot Mike reevaluating
2024-10-15 01:48:23.720809 Mike: No
ChatterBot Romeo reevaluating
2024-10-15 01:48:23.734099 Hotel: We should drop Mike and Victor
2024-10-15 01:48:23.755467 Whiskey: No
2024-10-15 01:48:23.755653 Yankee: No
2024-10-15 01:48:23.755795 Golf: No
2024-10-15 01:48:23.756333 Bravo: No
2024-10-15 01:48:23.756440 Uniform: No
ChatterBot Hotel reevaluating
ChatterBot Hotel reevaluating
ChatterBot Hotel reevaluating
ChatterBot Hotel reevaluating
ChatterBot Hotel reevaluating
2024-10-15 01:48:24.018470 Yankee: Hotel, Victor and Bravo, sending you 1
2024-10-15 01:48:24.020173 Tango: Mike and Romeo, sending you 4
2024-10-15 01:48:24.021037 Whiskey: Hotel, Victor, Bravo and Uniform, sending you 2
2024-10-15 01:48:24.022338 Victor: Hotel, Whiskey and Uniform, sending you 2
2024-10-15 01:48:24.023618 Bravo: Hotel, Yankee and Victor, sending you 1
2024-10-15 01:48:24.024673 Yankee: Whiskey, sending you 3
2024-10-15 01:48:24.026917 Golf: Hotel, sending you 2
2024-10-15 01:48:24.027843 Whiskey: Yankee, sending you 3
2024-10-15 01:48:24.029059 Bravo: Whiskey and Uniform, sending you 2
2024-10-15 01:48:24.029877 Victor: Yankee, Golf and Bravo, sending you 1
2024-10-15 01:48:24.031473 Yankee: Golf and Uniform, sending you 2
2024-10-15 01:48:24.033865 Golf: Yankee, Bravo and Uniform, sending you 3
2024-10-15 01:48:24.035451 Uniform: Hotel, Yankee and Victor, sending you 3
2024-10-15 01:48:24.037389 Whiskey: Tango and Golf, sending you 1
2024-10-15 01:48:24.039101 Bravo: Golf, sending you 3
2024-10-15 01:48:24.040905 Hotel: Whiskey and Bravo, sending you 2
2024-10-15 01:48:24.047605 Uniform: Whiskey, sending you 1
2024-10-15 01:48:24.049163 Hotel: Yankee, sending you 1
2024-10-15 01:48:24.054136 Hotel: Golf and Uniform, sending you 3
2024-10-15 01:48:24.054655 Uniform: Golf and Bravo, sending you 2
chatterbot Victor submitting transactions
chatterbot Whiskey submitting transactions
chatterbot Bravo submitting transactions
chatterbot Uniform submitting transactions
chatterbot Hotel submitting transactions
chatterbot Yankee submitting transactions
chatterbot Mike submitting transactions
chatterbot Tango submitting transactions
chatterbot Romeo submitting transactions
chatterbot Golf submitting transactions
ChatterBot Hotel round 4
2024-10-15 01:48:24.801996 Hotel: We should replace Bravo with Victor
2024-10-15 01:48:24.815795 Whiskey: No
2024-10-15 01:48:24.815984 Yankee: No
2024-10-15 01:48:24.816139 Golf: No
2024-10-15 01:48:24.816280 Uniform: No
ChatterBot Hotel reevaluating
ChatterBot Hotel reevaluating
ChatterBot Hotel reevaluating
ChatterBot Mike round 4
ChatterBot Whiskey round 4
ChatterBot Yankee round 4
ChatterBot Tango round 4
ChatterBot Victor round 4
ChatterBot Golf round 4
ChatterBot Romeo round 4
ChatterBot Bravo round 4
ChatterBot Uniform round 4
2024-10-15 01:48:24.893749 Whiskey: We should drop Tango
ChatterBot Hotel reevaluating
2024-10-15 01:48:24.909169 Hotel: Yes
2024-10-15 01:48:24.909337 Yankee: Yes
2024-10-15 01:48:24.909446 Victor: Yes
2024-10-15 01:48:24.909545 Golf: Yes
2024-10-15 01:48:24.909647 Bravo: Yes
2024-10-15 01:48:24.909786 Uniform: Yes
ChatterBot Hotel reevaluating
ChatterBot Hotel reevaluating
ChatterBot Hotel reevaluating
ChatterBot Hotel reevaluating
ChatterBot Hotel reevaluating
2024-10-15 01:48:25.017658 Mike: Sending you 2
2024-10-15 01:48:25.019681 Yankee: Hotel, Victor and Bravo, sending you 1
2024-10-15 01:48:25.020290 Uniform: Hotel, Victor and Golf, sending you 3
2024-10-15 01:48:25.022699 Yankee: Whiskey, sending you 3
2024-10-15 01:48:25.023698 Uniform: Whiskey, sending you 1
2024-10-15 01:48:25.024172 Whiskey: Hotel, Victor, Bravo and Uniform, sending you 2
2024-10-15 01:48:25.025655 Yankee: Golf and Uniform, sending you 2
2024-10-15 01:48:25.027666 Victor: Hotel, Whiskey and Uniform, sending you 2
2024-10-15 01:48:25.028948 Tango: Mike, sending you 5
2024-10-15 01:48:25.029267 Uniform: Yankee and Bravo, sending you 2
2024-10-15 01:48:25.029804 Whiskey: Yankee, sending you 4
2024-10-15 01:48:25.032678 Victor: Yankee, Golf and Bravo, sending you 1
2024-10-15 01:48:25.033553 Whiskey: Golf, sending you 1
2024-10-15 01:48:25.033950 Tango: Romeo, sending you 4
2024-10-15 01:48:25.034690 Golf: Hotel, Yankee and Uniform, sending you 2
2024-10-15 01:48:25.038673 Bravo: Hotel, Whiskey, Golf and Uniform, sending you 2
2024-10-15 01:48:25.039226 Golf: Whiskey and Victor, sending you 1
2024-10-15 01:48:25.042648 Bravo: Yankee and Victor, sending you 1
2024-10-15 01:48:25.043673 Golf: Bravo, sending you 3
2024-10-15 01:48:25.046673 Hotel: Whiskey and Bravo, sending you 2
2024-10-15 01:48:25.051665 Hotel: Yankee, sending you 1
2024-10-15 01:48:25.057667 Hotel: Golf and Uniform, sending you 3
chatterbot Mike submitting transactions
chatterbot Romeo submitting transactions
chatterbot Bravo submitting transactions
chatterbot Uniform submitting transactions
chatterbot Victor submitting transactions
chatterbot Tango submitting transactions
chatterbot Golf submitting transactions
chatterbot Yankee submitting transactions
chatterbot Whiskey submitting transactions
chatterbot Hotel submitting transactions
ChatterBot Hotel round 5
ChatterBot Mike round 5
ChatterBot Whiskey round 5
ChatterBot Yankee round 5
ChatterBot Tango round 5
ChatterBot Victor round 5
ChatterBot Golf round 5
ChatterBot Romeo round 5
2024-10-15 01:48:26.224182 Hotel: We should replace Bravo with Victor
2024-10-15 01:48:26.238500 Whiskey: No
2024-10-15 01:48:26.238716 Yankee: No
2024-10-15 01:48:26.238921 Golf: No
2024-10-15 01:48:26.239052 Uniform: No
ChatterBot Hotel reevaluating
ChatterBot Hotel reevaluating
ChatterBot Hotel reevaluating
ChatterBot Hotel reevaluating
ChatterBot Bravo round 5
ChatterBot Uniform round 5
2024-10-15 01:48:26.312053 Romeo: We should drop Mike
2024-10-15 01:48:26.314792 Tango: No
2024-10-15 01:48:26.317621 Hotel: Victor we want you to join our group
2024-10-15 01:48:26.320636 Victor: Yes
ChatterBot Hotel reevaluating
2024-10-15 01:48:26.333535 Hotel: We should replace Yankee with Victor
2024-10-15 01:48:26.343746 Whiskey: No
2024-10-15 01:48:26.343885 Golf: No
2024-10-15 01:48:26.343987 Bravo: No
2024-10-15 01:48:26.344082 Uniform: No
ChatterBot Hotel reevaluating
ChatterBot Hotel reevaluating
ChatterBot Hotel reevaluating
ChatterBot Hotel reevaluating
2024-10-15 01:48:26.385958 Yankee: Hotel, Victor and Bravo, sending you 1
2024-10-15 01:48:26.389672 Golf: Hotel, Yankee and Uniform, sending you 2
2024-10-15 01:48:26.390248 Whiskey: Hotel, Victor, Bravo and Uniform, sending you 2
2024-10-15 01:48:26.390772 Yankee: Whiskey, sending you 3
2024-10-15 01:48:26.391258 Tango: Mike, sending you 5
2024-10-15 01:48:26.391468 Mike: Same as last round
2024-10-15 01:48:26.392236 Victor: Hotel, Yankee, Golf and Bravo, sending you 1
2024-10-15 01:48:26.393224 Golf: Whiskey and Victor, sending you 1
2024-10-15 01:48:26.394688 Whiskey: Yankee, sending you 4
2024-10-15 01:48:26.395160 Yankee: Golf and Uniform, sending you 2
2024-10-15 01:48:26.395722 Tango: Romeo, sending you 3
2024-10-15 01:48:26.396650 Golf: Bravo, sending you 3
2024-10-15 01:48:26.397671 Victor: Whiskey, sending you 2
2024-10-15 01:48:26.398667 Whiskey: Golf, sending you 1
2024-10-15 01:48:26.401705 Victor: Uniform, sending you 3
2024-10-15 01:48:26.404712 Uniform: Hotel, sending you 3
2024-10-15 01:48:26.407660 Uniform: Whiskey, Yankee, Victor, Golf and Bravo, sending you 2
2024-10-15 01:48:26.408658 Bravo: Hotel, Whiskey, Golf and Uniform, sending you 2
2024-10-15 01:48:26.411649 Bravo: Yankee and Victor, sending you 1
2024-10-15 01:48:26.424664 Hotel: Whiskey, Victor and Golf, sending you 2
2024-10-15 01:48:26.428650 Hotel: Yankee, sending you 1
2024-10-15 01:48:26.433662 Hotel: Uniform, sending you 3
chatterbot Romeo submitting transactions
chatterbot Mike submitting transactions
chatterbot Uniform submitting transactions
chatterbot Yankee submitting transactions
chatterbot Golf submitting transactions
chatterbot Hotel submitting transactions
chatterbot Bravo submitting transactions
chatterbot Victor submitting transactions
chatterbot Whiskey submitting transactions
chatterbot Tango submitting transactions
ChatterBot Hotel round 6
ChatterBot Mike round 6
ChatterBot Whiskey round 6
ChatterBot Yankee round 6
ChatterBot Tango round 6
ChatterBot Victor round 6
ChatterBot Golf round 6
ChatterBot Romeo round 6
2024-10-15 01:48:27.553026 Hotel: We should replace Yankee with Bravo
2024-10-15 01:48:27.570625 Whiskey: No
2024-10-15 01:48:27.570834 Victor: No
2024-10-15 01:48:27.570993 Golf: No
2024-10-15 01:48:27.571592 Uniform: No
ChatterBot Hotel reevaluating
ChatterBot Bravo round 6
ChatterBot Uniform round 6
2024-10-15 01:48:27.655664 Whiskey: Hotel, Victor, Bravo and Uniform, sending you 2
2024-10-15 01:48:27.656696 Mike: Same as last round
2024-10-15 01:48:27.659680 Whiskey: Yankee, sending you 4
2024-10-15 01:48:27.661693 Tango: Mike, sending you 6
2024-10-15 01:48:27.664186 Whiskey: Golf, sending you 1
2024-10-15 01:48:27.665361 Victor: Hotel, Yankee, Golf and Bravo, sending you 1
2024-10-15 01:48:27.666007 Golf: Hotel, Yankee and Uniform, sending you 2
2024-10-15 01:48:27.666474 Yankee: Hotel, Victor and Bravo, sending you 1
2024-10-15 01:48:27.666969 Bravo: Hotel, Yankee and Victor, sending you 1
2024-10-15 01:48:27.668697 Uniform: Hotel and Victor, sending you 3
2024-10-15 01:48:27.669283 Hotel: Whiskey, Victor and Golf, sending you 2
2024-10-15 01:48:27.670142 Victor: Whiskey, sending you 2
2024-10-15 01:48:27.670798 Golf: Whiskey and Victor, sending you 1
2024-10-15 01:48:27.671695 Yankee: Whiskey, sending you 3
2024-10-15 01:48:27.672695 Bravo: Whiskey and Uniform, sending you 2
2024-10-15 01:48:27.673292 Uniform: Whiskey, Yankee, Golf and Bravo, sending you 2
2024-10-15 01:48:27.674369 Hotel: Yankee, sending you 1
2024-10-15 01:48:27.675675 Victor: Uniform, sending you 3
2024-10-15 01:48:27.676428 Golf: Bravo, sending you 3
2024-10-15 01:48:27.677687 Yankee: Golf and Uniform, sending you 2
2024-10-15 01:48:27.678501 Bravo: Golf, sending you 3
2024-10-15 01:48:27.679756 Hotel: Uniform, sending you 3
chatterbot Romeo submitting transactions
chatterbot Golf submitting transactions
chatterbot Bravo submitting transactions
chatterbot Uniform submitting transactions
chatterbot Mike submitting transactions
chatterbot Whiskey submitting transactions
chatterbot Hotel submitting transactions
chatterbot Tango submitting transactions
chatterbot Yankee submitting transactions
chatterbot Victor submitting transactions
ChatterBot Hotel round 7
ChatterBot Mike round 7
ChatterBot Whiskey round 7
ChatterBot Yankee round 7
ChatterBot Tango round 7
ChatterBot Victor round 7
ChatterBot Golf round 7
ChatterBot Romeo round 7
ChatterBot Bravo round 7
ChatterBot Uniform round 7
2024-10-15 01:48:28.836003 Romeo: We should add Mike
2024-10-15 01:48:28.838768 Tango: Yes
2024-10-15 01:48:28.854601 Romeo: Mike we want you to join our group
2024-10-15 01:48:28.860327 Mike: No
2024-10-15 01:48:28.869681 Yankee: Hotel, Victor and Bravo, sending you 1
2024-10-15 01:48:28.871396 Hotel: Whiskey, Victor and Golf, sending you 2
2024-10-15 01:48:28.873451 Tango: Mike, sending you 6
2024-10-15 01:48:28.873868 Whiskey: Hotel, Victor, Bravo and Uniform, sending you 2
2024-10-15 01:48:28.875483 Mike: Same as last round
2024-10-15 01:48:28.875854 Yankee: Whiskey, sending you 3
2024-10-15 01:48:28.876844 Hotel: Yankee, sending you 1
2024-10-15 01:48:28.878685 Victor: Hotel, Whiskey and Uniform, sending you 2
2024-10-15 01:48:28.880275 Bravo: Hotel, Yankee and Victor, sending you 1
2024-10-15 01:48:28.881089 Whiskey: Yankee, sending you 4
2024-10-15 01:48:28.882241 Yankee: Golf and Uniform, sending you 2
2024-10-15 01:48:28.882917 Hotel: Uniform, sending you 3
2024-10-15 01:48:28.884673 Victor: Yankee, Golf and Bravo, sending you 1
2024-10-15 01:48:28.885818 Bravo: Whiskey and Uniform, sending you 2
2024-10-15 01:48:28.887384 Whiskey: Golf, sending you 1
2024-10-15 01:48:28.889056 Golf: Hotel, Yankee and Uniform, sending you 2
2024-10-15 01:48:28.890093 Uniform: Hotel and Victor, sending you 3
2024-10-15 01:48:28.891678 Bravo: Golf, sending you 3
2024-10-15 01:48:28.893663 Golf: Whiskey and Victor, sending you 1
2024-10-15 01:48:28.894682 Uniform: Whiskey, Yankee, Golf and Bravo, sending you 2
2024-10-15 01:48:28.896693 Golf: Bravo, sending you 3
chatterbot Bravo submitting transactions
chatterbot Whiskey submitting transactions
chatterbot Tango submitting transactions
chatterbot Uniform submitting transactions
chatterbot Golf submitting transactions
chatterbot Romeo submitting transactions
chatterbot Hotel submitting transactions
chatterbot Mike submitting transactions
chatterbot Yankee submitting transactions
chatterbot Victor submitting transactions
ChatterBot Hotel round 8
ChatterBot Mike round 8
2024-10-15 01:48:29.964256 Hotel: We should replace Yankee with Bravo
2024-10-15 01:48:29.975865 Whiskey: No
2024-10-15 01:48:29.976054 Victor: No
2024-10-15 01:48:29.976204 Golf: No
2024-10-15 01:48:29.976343 Uniform: No
ChatterBot Whiskey round 8
ChatterBot Yankee round 8
ChatterBot Tango round 8
ChatterBot Victor round 8
ChatterBot Golf round 8
ChatterBot Romeo round 8
ChatterBot Bravo round 8
ChatterBot Uniform round 8
2024-10-15 01:48:30.020882 Hotel: Bravo we want you to join our group
2024-10-15 01:48:30.023811 Bravo: Yes
2024-10-15 01:48:30.060657 Mike: Same as last round
2024-10-15 01:48:30.068656 Victor: Hotel, Whiskey and Uniform, sending you 2
2024-10-15 01:48:30.070685 Uniform: Hotel, sending you 3
2024-10-15 01:48:30.072676 Victor: Yankee, Golf and Bravo, sending you 1
2024-10-15 01:48:30.074056 Hotel: Whiskey, Victor, Golf and Bravo, sending you 2
2024-10-15 01:48:30.074524 Bravo: Hotel, Yankee and Victor, sending you 1
2024-10-15 01:48:30.075275 Uniform: Whiskey, Yankee, Victor, Golf and Bravo, sending you 2
2024-10-15 01:48:30.076007 Golf: Hotel, Yankee and Uniform, sending you 2
2024-10-15 01:48:30.076836 Whiskey: Hotel, Victor, Bravo and Uniform, sending you 2
2024-10-15 01:48:30.077927 Hotel: Uniform, sending you 3
2024-10-15 01:48:30.078678 Bravo: Whiskey and Uniform, sending you 2
2024-10-15 01:48:30.080677 Golf: Whiskey and Victor, sending you 1
2024-10-15 01:48:30.082060 Whiskey: Yankee, sending you 4
2024-10-15 01:48:30.083523 Yankee: Hotel, Victor and Bravo, sending you 1
2024-10-15 01:48:30.084285 Tango: Mike, sending you 6
2024-10-15 01:48:30.084571 Bravo: Golf, sending you 3
2024-10-15 01:48:30.085660 Golf: Bravo, sending you 3
2024-10-15 01:48:30.086672 Whiskey: Golf, sending you 1
2024-10-15 01:48:30.087833 Yankee: Whiskey, sending you 3
2024-10-15 01:48:30.092675 Yankee: Golf and Uniform, sending you 2
chatterbot Mike submitting transactions
chatterbot Uniform submitting transactions
chatterbot Yankee submitting transactions
chatterbot Tango submitting transactions
chatterbot Golf submitting transactions
chatterbot Victor submitting transactions
chatterbot Bravo submitting transactions
chatterbot Hotel submitting transactions
chatterbot Whiskey submitting transactions
chatterbot Romeo submitting transactions
ChatterBot Hotel round 9
ChatterBot Mike round 9
ChatterBot Whiskey round 9
ChatterBot Yankee round 9
ChatterBot Tango round 9
ChatterBot Victor round 9
ChatterBot Golf round 9
ChatterBot Romeo round 9
ChatterBot Bravo round 9
ChatterBot Uniform round 9
2024-10-15 01:48:31.307784 Hotel: Whiskey, Victor and Golf, sending you 2
2024-10-15 01:48:31.310669 Whiskey: Hotel, Victor, Bravo and Uniform, sending you 2
2024-10-15 01:48:31.312684 Hotel: Bravo, sending you 1
2024-10-15 01:48:31.316395 Whiskey: Yankee, sending you 4
2024-10-15 01:48:31.317405 Hotel: Uniform, sending you 3
2024-10-15 01:48:31.319966 Yankee: Hotel, Victor and Bravo, sending you 1
2024-10-15 01:48:31.321697 Whiskey: Golf, sending you 1
2024-10-15 01:48:31.322721 Uniform: Hotel, sending you 3
2024-10-15 01:48:31.324418 Tango: Mike, sending you 6
2024-10-15 01:48:31.324858 Bravo: Hotel, Yankee and Victor, sending you 1
2024-10-15 01:48:31.326054 Golf: Hotel, Yankee and Uniform, sending you 2
2024-10-15 01:48:31.327171 Victor: Hotel, Whiskey and Uniform, sending you 2
2024-10-15 01:48:31.329245 Yankee: Whiskey, sending you 3
2024-10-15 01:48:31.331080 Uniform: Whiskey, Yankee, Victor, Golf and Bravo, sending you 2
2024-10-15 01:48:31.332239 Mike: Same as last round
2024-10-15 01:48:31.332608 Bravo: Whiskey and Uniform, sending you 2
2024-10-15 01:48:31.335266 Golf: Whiskey and Victor, sending you 1
2024-10-15 01:48:31.336742 Victor: Yankee, Golf and Bravo, sending you 1
2024-10-15 01:48:31.338027 Yankee: Golf and Uniform, sending you 2
2024-10-15 01:48:31.339980 Bravo: Golf, sending you 3
2024-10-15 01:48:31.341213 Golf: Bravo, sending you 3
chatterbot Mike submitting transactions
chatterbot Golf submitting transactions
chatterbot Romeo submitting transactions
chatterbot Uniform submitting transactions
chatterbot Bravo submitting transactions
chatterbot Whiskey submitting transactions
chatterbot Tango submitting transactions
chatterbot Hotel submitting transactions
chatterbot Yankee submitting transactions
chatterbot Victor submitting transactions
ChatterBot Hotel round 10
ChatterBot Mike round 10
ChatterBot Whiskey round 10
ChatterBot Yankee round 10
ChatterBot Tango round 10
ChatterBot Victor round 10
ChatterBot Golf round 10
ChatterBot Romeo round 10
ChatterBot Bravo round 10
ChatterBot Uniform round 10
2024-10-15 01:48:32.585661 Whiskey: Hotel, Victor, Bravo and Uniform, sending you 2
2024-10-15 01:48:32.587289 Tango: Mike, sending you 7
2024-10-15 01:48:32.587635 Yankee: Hotel, Victor and Bravo, sending you 1
2024-10-15 01:48:32.588667 Golf: Hotel, Yankee and Uniform, sending you 2
2024-10-15 01:48:32.590705 Whiskey: Yankee, sending you 4
2024-10-15 01:48:32.591678 Yankee: Whiskey, sending you 3
2024-10-15 01:48:32.593183 Golf: Whiskey and Victor, sending you 1
2024-10-15 01:48:32.594149 Victor: Hotel, Whiskey and Uniform, sending you 2
2024-10-15 01:48:32.595134 Bravo: Hotel, Yankee and Victor, sending you 1
2024-10-15 01:48:32.595994 Uniform: Hotel, sending you 3
2024-10-15 01:48:32.596893 Whiskey: Golf, sending you 1
2024-10-15 01:48:32.598299 Yankee: Golf and Uniform, sending you 2
2024-10-15 01:48:32.599261 Hotel: Whiskey, Victor and Golf, sending you 2
2024-10-15 01:48:32.599775 Golf: Bravo, sending you 3
2024-10-15 01:48:32.600654 Mike: Same as last round
2024-10-15 01:48:32.600977 Victor: Yankee, Golf and Bravo, sending you 1
2024-10-15 01:48:32.601929 Bravo: Whiskey and Uniform, sending you 2
2024-10-15 01:48:32.603345 Uniform: Whiskey, Yankee, Victor, Golf and Bravo, sending you 2
2024-10-15 01:48:32.604429 Hotel: Bravo, sending you 1
2024-10-15 01:48:32.606656 Bravo: Golf, sending you 3
2024-10-15 01:48:32.607727 Hotel: Uniform, sending you 3
chatterbot Hotel submitting transactions
chatterbot Uniform submitting transactions
chatterbot Whiskey submitting transactions
chatterbot Yankee submitting transactions
chatterbot Mike submitting transactions
chatterbot Golf submitting transactions
chatterbot Tango submitting transactions
chatterbot Romeo submitting transactions
chatterbot Victor submitting transactions
chatterbot Bravo submitting transactions
ChatterBot Hotel round 11
ChatterBot Mike round 11
ChatterBot Whiskey round 11
ChatterBot Yankee round 11
ChatterBot Tango round 11
ChatterBot Victor round 11
ChatterBot Golf round 11
ChatterBot Romeo round 11
ChatterBot Bravo round 11
ChatterBot Uniform round 11
2024-10-15 01:48:33.876677 Yankee: Hotel, Victor and Bravo, sending you 1
2024-10-15 01:48:33.879094 Hotel: Whiskey, Victor and Golf, sending you 2
2024-10-15 01:48:33.880658 Yankee: Whiskey, sending you 3
2024-10-15 01:48:33.883672 Hotel: Bravo, sending you 1
2024-10-15 01:48:33.884309 Victor: Hotel, Whiskey and Uniform, sending you 2
2024-10-15 01:48:33.885686 Yankee: Golf and Uniform, sending you 2
2024-10-15 01:48:33.888071 Hotel: Uniform, sending you 3
2024-10-15 01:48:33.889657 Victor: Yankee, Golf and Bravo, sending you 1
2024-10-15 01:48:33.890526 Whiskey: Hotel, Victor, Bravo and Uniform, sending you 2
2024-10-15 01:48:33.891261 Bravo: Hotel, Yankee and Victor, sending you 1
2024-10-15 01:48:33.891865 Uniform: Hotel, sending you 3
2024-10-15 01:48:33.892470 Tango: Mike, sending you 7
2024-10-15 01:48:33.892748 Mike: Same as last round
2024-10-15 01:48:33.894096 Whiskey: Yankee, sending you 4
2024-10-15 01:48:33.895666 Uniform: Whiskey, Yankee, Victor, Golf and Bravo, sending you 2
2024-10-15 01:48:33.896734 Bravo: Whiskey and Uniform, sending you 2
2024-10-15 01:48:33.897561 Golf: Hotel, Yankee and Uniform, sending you 2
2024-10-15 01:48:33.898494 Whiskey: Golf, sending you 1
2024-10-15 01:48:33.901666 Bravo: Golf, sending you 3
2024-10-15 01:48:33.902490 Golf: Whiskey and Victor, sending you 1
2024-10-15 01:48:33.906681 Golf: Bravo, sending you 3
chatterbot Tango submitting transactions
chatterbot Mike submitting transactions
chatterbot Bravo submitting transactions
chatterbot Yankee submitting transactions
chatterbot Whiskey submitting transactions
chatterbot Uniform submitting transactions
chatterbot Golf submitting transactions
chatterbot Romeo submitting transactions
chatterbot Victor submitting transactions
chatterbot Hotel submitting transactions
ChatterBot Hotel round 12
ChatterBot Mike round 12
ChatterBot Whiskey round 12
ChatterBot Yankee round 12
ChatterBot Tango round 12
ChatterBot Victor round 12
ChatterBot Golf round 12
ChatterBot Romeo round 12
ChatterBot Bravo round 12
ChatterBot Uniform round 12
2024-10-15 01:48:35.096386 Romeo: We should drop Mike
2024-10-15 01:48:35.099791 Tango: No
ChatterBot Romeo reevaluating
2024-10-15 01:48:35.103937 Whiskey: Hotel, Victor, Bravo and Uniform, sending you 2
2024-10-15 01:48:35.107694 Hotel: Whiskey, Victor and Golf, sending you 2
2024-10-15 01:48:35.108691 Yankee: Hotel, Victor and Bravo, sending you 1
2024-10-15 01:48:35.110241 Whiskey: Yankee, sending you 4
2024-10-15 01:48:35.111341 Tango: Mike, sending you 7
2024-10-15 01:48:35.112061 Victor: Hotel, Whiskey and Uniform, sending you 2
2024-10-15 01:48:35.113239 Hotel: Bravo, sending you 1
2024-10-15 01:48:35.113819 Mike: Same as last round
2024-10-15 01:48:35.114090 Yankee: Whiskey, sending you 3
2024-10-15 01:48:35.115662 Whiskey: Golf, sending you 1
2024-10-15 01:48:35.116817 Golf: Hotel, Yankee and Uniform, sending you 2
2024-10-15 01:48:35.118272 Hotel: Uniform, sending you 3
2024-10-15 01:48:35.118870 Victor: Yankee, Golf and Bravo, sending you 1
2024-10-15 01:48:35.120042 Yankee: Golf and Uniform, sending you 2
2024-10-15 01:48:35.121407 Bravo: Hotel, Yankee and Victor, sending you 1
2024-10-15 01:48:35.122688 Golf: Whiskey and Victor, sending you 1
2024-10-15 01:48:35.124065 Romeo: Mike, sending you 1
2024-10-15 01:48:35.125667 Bravo: Whiskey and Uniform, sending you 2
2024-10-15 01:48:35.127232 Uniform: Hotel, sending you 3
2024-10-15 01:48:35.128460 Golf: Bravo, sending you 3
2024-10-15 01:48:35.129756 Bravo: Golf, sending you 3
2024-10-15 01:48:35.131591 Uniform: Whiskey, Yankee, Victor, Golf and Bravo, sending you 2
chatterbot Whiskey submitting transactions
chatterbot Golf submitting transactions
chatterbot Tango submitting transactions
chatterbot Hotel submitting transactions
chatterbot Victor submitting transactions
chatterbot Uniform submitting transactions
chatterbot Mike submitting transactions
chatterbot Yankee submitting transactions
chatterbot Romeo submitting transactions
chatterbot Bravo submitting transactions
ChatterBot Hotel round 13
ChatterBot Mike round 13
ChatterBot Whiskey round 13
ChatterBot Yankee round 13
ChatterBot Tango round 13
ChatterBot Victor round 13
ChatterBot Golf round 13
ChatterBot Romeo round 13
ChatterBot Bravo round 13
ChatterBot Uniform round 13
2024-10-15 01:48:36.333925 Mike: Same as last round
2024-10-15 01:48:36.335688 Hotel: Whiskey, Victor and Golf, sending you 2
2024-10-15 01:48:36.339687 Hotel: Bravo, sending you 1
2024-10-15 01:48:36.341700 Yankee: Hotel, Victor and Bravo, sending you 1
2024-10-15 01:48:36.344278 Whiskey: Hotel, Victor, Bravo and Uniform, sending you 2
2024-10-15 01:48:36.346598 Hotel: Uniform, sending you 3
2024-10-15 01:48:36.347991 Uniform: Hotel, sending you 3
2024-10-15 01:48:36.349692 Yankee: Whiskey, sending you 3
2024-10-15 01:48:36.351783 Victor: Hotel, Whiskey and Uniform, sending you 2
2024-10-15 01:48:36.353898 Bravo: Hotel, Yankee and Victor, sending you 1
2024-10-15 01:48:36.355907 Whiskey: Yankee, sending you 4
2024-10-15 01:48:36.357417 Romeo: Mike, sending you 1
2024-10-15 01:48:36.358273 Uniform: Whiskey, Yankee, Victor, Golf and Bravo, sending you 2
2024-10-15 01:48:36.360112 Golf: Hotel, Yankee and Uniform, sending you 2
2024-10-15 01:48:36.361523 Yankee: Golf and Uniform, sending you 2
2024-10-15 01:48:36.363644 Victor: Yankee, Golf and Bravo, sending you 1
2024-10-15 01:48:36.366079 Bravo: Whiskey and Uniform, sending you 2
2024-10-15 01:48:36.368204 Whiskey: Golf, sending you 1
2024-10-15 01:48:36.369671 Tango: Mike, sending you 7
2024-10-15 01:48:36.370776 Golf: Whiskey and Victor, sending you 1
2024-10-15 01:48:36.372870 Bravo: Golf, sending you 3
2024-10-15 01:48:36.375131 Golf: Bravo, sending you 3
chatterbot Romeo submitting transactions
chatterbot Golf submitting transactions
chatterbot Hotel submitting transactions
chatterbot Tango submitting transactions
chatterbot Bravo submitting transactions
chatterbot Victor submitting transactions
chatterbot Whiskey submitting transactions
chatterbot Mike submitting transactions
chatterbot Uniform submitting transactions
chatterbot Yankee submitting transactions
ChatterBot Hotel round 14
ChatterBot Mike round 14
ChatterBot Whiskey round 14
ChatterBot Yankee round 14
ChatterBot Tango round 14
ChatterBot Victor round 14
ChatterBot Golf round 14
ChatterBot Romeo round 14
ChatterBot Bravo round 14
ChatterBot Uniform round 14
2024-10-15 01:48:37.576097 Hotel: Whiskey, Victor and Golf, sending you 2
2024-10-15 01:48:37.578557 Mike: Sending you 1
2024-10-15 01:48:37.580685 Hotel: Bravo, sending you 1
2024-10-15 01:48:37.582668 Yankee: Hotel, Victor and Bravo, sending you 1
2024-10-15 01:48:37.585684 Hotel: Uniform, sending you 3
2024-10-15 01:48:37.586765 Yankee: Whiskey, sending you 3
2024-10-15 01:48:37.588402 Bravo: Hotel, Yankee and Victor, sending you 1
2024-10-15 01:48:37.590360 Romeo: Mike, sending you 1
2024-10-15 01:48:37.591024 Whiskey: Hotel, Victor, Bravo and Uniform, sending you 2
2024-10-15 01:48:37.593405 Yankee: Golf and Uniform, sending you 2
2024-10-15 01:48:37.594788 Bravo: Whiskey and Uniform, sending you 2
2024-10-15 01:48:37.596036 Tango: Mike, sending you 8
2024-10-15 01:48:37.596525 Victor: Hotel, Whiskey and Uniform, sending you 2
2024-10-15 01:48:37.598324 Golf: Hotel, Yankee and Uniform, sending you 2
2024-10-15 01:48:37.599653 Whiskey: Yankee, sending you 4
2024-10-15 01:48:37.600837 Bravo: Golf, sending you 3
2024-10-15 01:48:37.601939 Uniform: Hotel, sending you 3
2024-10-15 01:48:37.604226 Victor: Yankee, Golf and Bravo, sending you 1
2024-10-15 01:48:37.605999 Golf: Whiskey and Victor, sending you 1
2024-10-15 01:48:37.608801 Whiskey: Golf, sending you 1
2024-10-15 01:48:37.610743 Uniform: Whiskey, Yankee, Victor, Golf and Bravo, sending you 2
2024-10-15 01:48:37.613955 Golf: Bravo, sending you 3
chatterbot Hotel submitting transactions
chatterbot Yankee submitting transactions
chatterbot Victor submitting transactions
chatterbot Tango submitting transactions
chatterbot Uniform submitting transactions
chatterbot Golf submitting transactions
chatterbot Whiskey submitting transactions
chatterbot Romeo submitting transactions
chatterbot Bravo submitting transactions
chatterbot Mike submitting transactions
ChatterBot Hotel round 15
ChatterBot Mike round 15
ChatterBot Whiskey round 15
ChatterBot Yankee round 15
ChatterBot Tango round 15
ChatterBot Victor round 15
ChatterBot Golf round 15
ChatterBot Romeo round 15
ChatterBot Bravo round 15
ChatterBot Uniform round 15
2024-10-15 01:48:38.854678 Whiskey: Hotel, Victor, Bravo and Uniform, sending you 2
2024-10-15 01:48:38.856668 Mike: Same as last round
2024-10-15 01:48:38.858667 Hotel: Whiskey, Victor and Golf, sending you 2
2024-10-15 01:48:38.859109 Whiskey: Yankee, sending you 4
2024-10-15 01:48:38.861676 Golf: Hotel, Yankee and Uniform, sending you 2
2024-10-15 01:48:38.863472 Hotel: Bravo, sending you 1
2024-10-15 01:48:38.863937 Whiskey: Golf, sending you 1
2024-10-15 01:48:38.865663 Golf: Whiskey and Victor, sending you 1
2024-10-15 01:48:38.867664 Romeo: Mike, sending you 1
2024-10-15 01:48:38.868687 Hotel: Uniform, sending you 3
2024-10-15 01:48:38.869237 Tango: Mike, sending you 9
2024-10-15 01:48:38.869653 Yankee: Hotel, Victor and Bravo, sending you 1
2024-10-15 01:48:38.871244 Golf: Bravo, sending you 3
2024-10-15 01:48:38.872318 Victor: Hotel, Whiskey and Uniform, sending you 2
2024-10-15 01:48:38.875651 Yankee: Whiskey, sending you 3
2024-10-15 01:48:38.877657 Victor: Yankee, Golf and Bravo, sending you 1
2024-10-15 01:48:38.878758 Uniform: Hotel, sending you 3
2024-10-15 01:48:38.880209 Bravo: Hotel, Yankee and Victor, sending you 1
2024-10-15 01:48:38.881269 Yankee: Golf and Uniform, sending you 2
2024-10-15 01:48:38.883657 Uniform: Whiskey, Yankee, Victor, Golf and Bravo, sending you 2
2024-10-15 01:48:38.885663 Bravo: Whiskey and Uniform, sending you 2
2024-10-15 01:48:38.891645 Bravo: Golf, sending you 3
