ChatterBot Hotel round 1
ChatterBot Quebec round 1
ChatterBot Sierra round 1
ChatterBot Mike round 1
ChatterBot Uniform round 1
ChatterBot Tango round 1
ChatterBot Zulu round 1
ChatterBot X-ray round 1
ChatterBot Bravo round 1
ChatterBot Whiskey round 1
randomSelections Quebec: {Quebec, X-ray, Tango, Bravo, Sierra, Whiskey, Hotel} 
2024-10-15 01:48:18.666253 Quebec: We would work well together
ChatterBot X-ray reevaluating
ChatterBot Tango reevaluating
ChatterBot Bravo reevaluating
ChatterBot Sierra reevaluating
ChatterBot Whiskey reevaluating
ChatterBot Hotel reevaluating
2024-10-15 01:48:18.753816 X-ray: Yes
2024-10-15 01:48:18.754065 Tango: Yes
2024-10-15 01:48:18.754407 Bravo: Yes
2024-10-15 01:48:18.754539 Sierra: Yes
2024-10-15 01:48:18.754678 Whiskey: Yes
2024-10-15 01:48:18.754800 Hotel: Yes
ChatterBot Tango reevaluating
ChatterBot Bravo reevaluating
ChatterBot Sierra reevaluating
ChatterBot Whiskey reevaluating
ChatterBot Hotel reevaluating
ChatterBot X-ray reevaluating
ChatterBot Bravo reevaluating
ChatterBot Sierra reevaluating
ChatterBot Whiskey reevaluating
ChatterBot Hotel reevaluating
ChatterBot X-ray reevaluating
ChatterBot Tango reevaluating
ChatterBot Sierra reevaluating
ChatterBot Whiskey reevaluating
ChatterBot Hotel reevaluating
ChatterBot X-ray reevaluating
ChatterBot Tango reevaluating
ChatterBot Bravo reevaluating
ChatterBot Whiskey reevaluating
ChatterBot Hotel reevaluating
ChatterBot X-ray reevaluating
ChatterBot Tango reevaluating
ChatterBot Bravo reevaluating
ChatterBot Sierra reevaluating
ChatterBot Hotel reevaluating
ChatterBot X-ray reevaluating
ChatterBot Tango reevaluating
ChatterBot Bravo reevaluating
ChatterBot Sierra reevaluating
ChatterBot Whiskey reevaluating
randomSelections Mike: {Mike, Whiskey, X-ray, Sierra, Zulu, Bravo} 
2024-10-15 01:48:18.829581 Mike: We should group up
ChatterBot Whiskey reevaluating
ChatterBot X-ray reevaluating
ChatterBot Sierra reevaluating
ChatterBot Zulu reevaluating
ChatterBot Bravo reevaluating
2024-10-15 01:48:18.842243 Whiskey: No
2024-10-15 01:48:18.843370 X-ray: No
2024-10-15 01:48:18.843842 Sierra: No
2024-10-15 01:48:18.844175 Zulu: Yes
2024-10-15 01:48:18.844351 Bravo: No
ChatterBot X-ray reevaluating
ChatterBot Sierra reevaluating
ChatterBot Zulu reevaluating
ChatterBot Bravo reevaluating
ChatterBot Whiskey reevaluating
ChatterBot Sierra reevaluating
ChatterBot Zulu reevaluating
ChatterBot Bravo reevaluating
ChatterBot Whiskey reevaluating
ChatterBot X-ray reevaluating
ChatterBot Zulu reevaluating
ChatterBot Bravo reevaluating
ChatterBot Whiskey reevaluating
ChatterBot X-ray reevaluating
ChatterBot Sierra reevaluating
ChatterBot Bravo reevaluating
ChatterBot Whiskey reevaluating
ChatterBot X-ray reevaluating
ChatterBot Sierra reevaluating
ChatterBot Zulu reevaluating
randomSelections Uniform: {Uniform, Quebec, Zulu, Mike, Bravo, Tango, Sierra, X-ray} 
2024-10-15 01:48:18.930994 Uniform: Can we be friends?
ChatterBot Zulu reevaluating
ChatterBot Bravo reevaluating
ChatterBot Tango reevaluating
ChatterBot Sierra reevaluating
ChatterBot X-ray reevaluating
2024-10-15 01:48:18.943691 Quebec: No
2024-10-15 01:48:18.943945 Zulu: No
2024-10-15 01:48:18.944162 Mike: No
2024-10-15 01:48:18.945334 Bravo: No
2024-10-15 01:48:18.945925 Tango: No
2024-10-15 01:48:18.946294 Sierra: No
2024-10-15 01:48:18.947144 X-ray: No
ChatterBot Zulu reevaluating
ChatterBot Bravo reevaluating
ChatterBot Tango reevaluating
ChatterBot Sierra reevaluating
ChatterBot X-ray reevaluating
ChatterBot Bravo reevaluating
ChatterBot Tango reevaluating
ChatterBot Sierra reevaluating
ChatterBot X-ray reevaluating
ChatterBot Zulu reevaluating
ChatterBot Bravo reevaluating
ChatterBot Tango reevaluating
ChatterBot Sierra reevaluating
ChatterBot X-ray reevaluating
ChatterBot Zulu reevaluating
ChatterBot Tango reevaluating
ChatterBot Sierra reevaluating
ChatterBot X-ray reevaluating
ChatterBot Zulu reevaluating
ChatterBot Bravo reevaluating
ChatterBot Sierra reevaluating
ChatterBot X-ray reevaluating
ChatterBot Zulu reevaluating
ChatterBot Bravo reevaluating
ChatterBot Tango reevaluating
ChatterBot X-ray reevaluating
ChatterBot Zulu reevaluating
ChatterBot Bravo reevaluating
ChatterBot Tango reevaluating
ChatterBot Sierra reevaluating
2024-10-15 01:48:19.098843 Whiskey: Hotel and X-ray, sending you 3
2024-10-15 01:48:19.101971 X-ray: Hotel, Quebec and Tango, sending you 1
2024-10-15 01:48:19.102501 Mike: Sierra and Zulu, sending you 1
2024-10-15 01:48:19.103584 Whiskey: Quebec, Tango and Bravo, sending you 1
2024-10-15 01:48:19.104145 Uniform: Quebec, sending you 4
2024-10-15 01:48:19.105219 Quebec: Hotel, Sierra and Tango, sending you 2
2024-10-15 01:48:19.105733 Sierra: Quebec and Whiskey, sending you 1
2024-10-15 01:48:19.106211 Tango: Hotel, Sierra and X-ray, sending you 2
2024-10-15 01:48:19.107313 X-ray: Sierra and Bravo, sending you 3
2024-10-15 01:48:19.107869 Zulu: Sierra, sending you 1
2024-10-15 01:48:19.108857 Mike: X-ray, Bravo and Whiskey, sending you 2
2024-10-15 01:48:19.109334 Uniform: Sierra, sending you 2
2024-10-15 01:48:19.110547 Sierra: Tango, sending you 3
2024-10-15 01:48:19.111679 Quebec: Bravo, sending you 3
2024-10-15 01:48:19.112190 Tango: Quebec and Whiskey, sending you 1
2024-10-15 01:48:19.112770 X-ray: Whiskey, sending you 2
2024-10-15 01:48:19.113845 Uniform: Tango, sending you 3
2024-10-15 01:48:19.114305 Zulu: Mike and Whiskey, sending you 2
2024-10-15 01:48:19.115338 Sierra: X-ray, sending you 2
2024-10-15 01:48:19.115837 Quebec: Whiskey, sending you 1
2024-10-15 01:48:19.116876 Tango: Bravo, sending you 3
2024-10-15 01:48:19.117239 Uniform: Zulu and X-ray, sending you 1
2024-10-15 01:48:19.119203 Zulu: X-ray, sending you 3
chatterbot Bravo submitting transactions
chatterbot Tango submitting transactions
chatterbot Zulu submitting transactions
chatterbot Uniform submitting transactions
chatterbot Hotel submitting transactions
chatterbot X-ray submitting transactions
chatterbot Quebec submitting transactions
chatterbot Mike submitting transactions
chatterbot Sierra submitting transactions
chatterbot Whiskey submitting transactions
ChatterBot Hotel round 2
ChatterBot Quebec round 2
ChatterBot Sierra round 2
ChatterBot Mike round 2
ChatterBot Uniform round 2
ChatterBot Tango round 2
2024-10-15 01:48:21.737581 Hotel: We should replace Bravo with Uniform
ChatterBot Quebec reevaluating
ChatterBot Sierra reevaluating
ChatterBot Tango reevaluating
ChatterBot X-ray reevaluating
ChatterBot Whiskey reevaluating
2024-10-15 01:48:21.816095 Quebec: Yes
2024-10-15 01:48:21.817044 Sierra: No
2024-10-15 01:48:21.817307 Tango: Yes
2024-10-15 01:48:21.817579 X-ray: No
2024-10-15 01:48:21.817810 Whiskey: No
ChatterBot Sierra reevaluating
ChatterBot Tango reevaluating
ChatterBot X-ray reevaluating
ChatterBot Whiskey reevaluating
ChatterBot Quebec reevaluating
ChatterBot Tango reevaluating
ChatterBot X-ray reevaluating
ChatterBot Whiskey reevaluating
ChatterBot Quebec reevaluating
ChatterBot Sierra reevaluating
ChatterBot X-ray reevaluating
ChatterBot Whiskey reevaluating
ChatterBot Quebec reevaluating
ChatterBot Sierra reevaluating
ChatterBot Tango reevaluating
ChatterBot Whiskey reevaluating
ChatterBot Quebec reevaluating
ChatterBot Sierra reevaluating
ChatterBot Tango reevaluating
ChatterBot X-ray reevaluating
ChatterBot Zulu round 2
ChatterBot X-ray round 2
2024-10-15 01:48:22.192222 Uniform: Let's form a team
ChatterBot Quebec reevaluating
ChatterBot Sierra reevaluating
ChatterBot Tango reevaluating
ChatterBot X-ray reevaluating
ChatterBot Whiskey reevaluating
2024-10-15 01:48:22.262214 Quebec: Yes
2024-10-15 01:48:22.262403 Sierra: Yes
2024-10-15 01:48:22.262550 Tango: Yes
2024-10-15 01:48:22.263218 X-ray: Yes
2024-10-15 01:48:22.263358 Whiskey: No
ChatterBot Sierra reevaluating
ChatterBot Tango reevaluating
ChatterBot X-ray reevaluating
ChatterBot Whiskey reevaluating
ChatterBot Quebec reevaluating
ChatterBot Tango reevaluating
ChatterBot X-ray reevaluating
ChatterBot Whiskey reevaluating
ChatterBot Quebec reevaluating
ChatterBot Sierra reevaluating
ChatterBot X-ray reevaluating
ChatterBot Whiskey reevaluating
ChatterBot Quebec reevaluating
ChatterBot Sierra reevaluating
ChatterBot Tango reevaluating
ChatterBot Whiskey reevaluating
ChatterBot Quebec reevaluating
ChatterBot Sierra reevaluating
ChatterBot Tango reevaluating
ChatterBot X-ray reevaluating
ChatterBot Bravo round 2
ChatterBot Whiskey round 2
2024-10-15 01:48:22.521159 Mike: We would work well together
ChatterBot Zulu reevaluating
2024-10-15 01:48:22.535205 Zulu: Yes
2024-10-15 01:48:22.535364 Uniform: No
ChatterBot Zulu reevaluating
2024-10-15 01:48:22.564071 Hotel: Uniform we want you to join our group
2024-10-15 01:48:22.578125 Uniform: No
ChatterBot Quebec reevaluating
ChatterBot Sierra reevaluating
ChatterBot Tango reevaluating
ChatterBot X-ray reevaluating
ChatterBot Whiskey reevaluating
2024-10-15 01:48:22.774930 Bravo: We should replace Hotel with Uniform
ChatterBot Quebec reevaluating
2024-10-15 01:48:22.806949 Quebec: Yes
2024-10-15 01:48:22.807228 Sierra: Yes
2024-10-15 01:48:22.807396 Tango: Yes
2024-10-15 01:48:22.807623 X-ray: Yes
2024-10-15 01:48:22.807790 Whiskey: Yes
ChatterBot Quebec reevaluating
ChatterBot Quebec reevaluating
ChatterBot Quebec reevaluating
ChatterBot Quebec reevaluating
2024-10-15 01:48:22.963415 Bravo: Uniform we want you to join our group
2024-10-15 01:48:22.971136 Uniform: No
ChatterBot Quebec reevaluating
chatterbot Uniform submitting transactions
chatterbot Hotel submitting transactions
2024-10-15 01:48:23.008663 Uniform: Quebec, sending you 3
2024-10-15 01:48:23.012667 Uniform: Sierra, Tango, X-ray and Whiskey, sending you 2
2024-10-15 01:48:23.014765 Tango: Quebec, sending you 2
2024-10-15 01:48:23.016845 X-ray: Sierra and Tango, sending you 3
2024-10-15 01:48:23.017908 Mike: Uniform, sending you 1
2024-10-15 01:48:23.018276 Hotel: Quebec and Tango, sending you 2
2024-10-15 01:48:23.018732 Zulu: Sending you each 3
2024-10-15 01:48:23.019573 Sierra: Quebec, Uniform, Tango and Whiskey, sending you 1
2024-10-15 01:48:23.021686 Tango: Sierra, sending you 4
2024-10-15 01:48:23.022194 X-ray: Uniform, sending you 1
2024-10-15 01:48:23.023112 Mike: Zulu, sending you 2
2024-10-15 01:48:23.023346 Sierra: X-ray, sending you 3
2024-10-15 01:48:23.023698 Hotel: X-ray, sending you 1
2024-10-15 01:48:23.026899 Tango: Uniform, sending you 3
2024-10-15 01:48:23.027249 X-ray: Whiskey, sending you 4
2024-10-15 01:48:23.027596 Hotel: Whiskey, sending you 3
2024-10-15 01:48:23.027941 Whiskey: Quebec, Sierra and Tango, sending you 2
2024-10-15 01:48:23.029710 Tango: X-ray and Whiskey, sending you 1
2024-10-15 01:48:23.033340 Whiskey: Uniform, sending you 1
2024-10-15 01:48:23.037207 Quebec: Sierra, sending you 2
2024-10-15 01:48:23.040292 Whiskey: X-ray, sending you 3
2024-10-15 01:48:23.043139 Quebec: Uniform, sending you 4
2024-10-15 01:48:23.047355 Quebec: Tango, X-ray and Whiskey, sending you 1
chatterbot Mike submitting transactions
chatterbot X-ray submitting transactions
chatterbot Zulu submitting transactions
chatterbot Sierra submitting transactions
chatterbot Tango submitting transactions
chatterbot Bravo submitting transactions
chatterbot Whiskey submitting transactions
chatterbot Quebec submitting transactions
ChatterBot Hotel round 3
ChatterBot Quebec round 3
ChatterBot Sierra round 3
ChatterBot Mike round 3
ChatterBot Uniform round 3
ChatterBot Tango round 3
ChatterBot Zulu round 3
2024-10-15 01:48:23.973020 Sierra: We should add Hotel
ChatterBot Quebec reevaluating
ChatterBot Uniform reevaluating
ChatterBot Tango reevaluating
2024-10-15 01:48:24.010927 Quebec: No
2024-10-15 01:48:24.011182 Uniform: No
2024-10-15 01:48:24.011352 Tango: Yes
2024-10-15 01:48:24.011547 X-ray: No
2024-10-15 01:48:24.011729 Whiskey: No
ChatterBot Sierra reevaluating
ChatterBot Uniform reevaluating
ChatterBot Tango reevaluating
ChatterBot Quebec reevaluating
ChatterBot Sierra reevaluating
ChatterBot Tango reevaluating
ChatterBot Quebec reevaluating
ChatterBot Sierra reevaluating
ChatterBot Uniform reevaluating
ChatterBot Quebec reevaluating
ChatterBot Sierra reevaluating
ChatterBot Uniform reevaluating
ChatterBot Tango reevaluating
ChatterBot Quebec reevaluating
ChatterBot Sierra reevaluating
ChatterBot Uniform reevaluating
ChatterBot Tango reevaluating
ChatterBot X-ray round 3
ChatterBot Bravo round 3
ChatterBot Whiskey round 3
2024-10-15 01:48:24.250334 Zulu: We should replace Uniform with Hotel
ChatterBot Mike reevaluating
2024-10-15 01:48:24.256526 Mike: Yes
ChatterBot Zulu reevaluating
2024-10-15 01:48:24.286235 Bravo: We should group up
ChatterBot Mike reevaluating
ChatterBot Zulu reevaluating
2024-10-15 01:48:24.299272 Mike: Yes
2024-10-15 01:48:24.300427 Zulu: No
ChatterBot Zulu reevaluating
ChatterBot Mike reevaluating
2024-10-15 01:48:24.330010 X-ray: We should add Hotel
ChatterBot Sierra reevaluating
ChatterBot Uniform reevaluating
2024-10-15 01:48:24.360075 Quebec: No
2024-10-15 01:48:24.360280 Sierra: No
2024-10-15 01:48:24.361305 Uniform: Yes
2024-10-15 01:48:24.361487 Tango: No
2024-10-15 01:48:24.361626 Whiskey: No
ChatterBot Sierra reevaluating
ChatterBot Uniform reevaluating
ChatterBot Uniform reevaluating
ChatterBot Sierra reevaluating
ChatterBot Sierra reevaluating
ChatterBot Uniform reevaluating
ChatterBot Sierra reevaluating
ChatterBot Uniform reevaluating
2024-10-15 01:48:24.545123 Mike: We should replace Uniform with Bravo
ChatterBot Zulu reevaluating
2024-10-15 01:48:24.550324 Zulu: No
ChatterBot Mike reevaluating
2024-10-15 01:48:24.555821 X-ray: Hotel we want you to join our group
2024-10-15 01:48:24.559754 Hotel: Yes
ChatterBot Sierra reevaluating
ChatterBot Uniform reevaluating
2024-10-15 01:48:24.595611 Mike: Bravo we want you to join our group
2024-10-15 01:48:24.599936 Bravo: Yes
ChatterBot Zulu reevaluating
2024-10-15 01:48:24.614270 Uniform: Hotel we want you to join our group
2024-10-15 01:48:24.619640 Hotel: Yes
2024-10-15 01:48:24.645450 Tango: Quebec, sending you 1
2024-10-15 01:48:24.645817 Quebec: Sierra and X-ray, sending you 1
2024-10-15 01:48:24.646307 Sierra: Hotel we want you to join our group
2024-10-15 01:48:24.649466 Hotel: Yes
2024-10-15 01:48:24.676250 Hotel: Quebec and Tango, sending you 2
2024-10-15 01:48:24.676518 Whiskey: Quebec, Sierra, Uniform and Tango, sending you 2
2024-10-15 01:48:24.676940 Zulu: We should drop Uniform
2024-10-15 01:48:24.680702 Mike: Yes
ChatterBot Zulu reevaluating
2024-10-15 01:48:24.684497 Quebec: Uniform, sending you 4
2024-10-15 01:48:24.685316 Tango: Sierra and Whiskey, sending you 2
2024-10-15 01:48:24.685735 Whiskey: X-ray, sending you 3
2024-10-15 01:48:24.686004 Hotel: X-ray, sending you 1
2024-10-15 01:48:24.686410 X-ray: Hotel, sending you 1
2024-10-15 01:48:24.688693 Hotel: Whiskey, sending you 3
2024-10-15 01:48:24.689680 Quebec: Tango and Whiskey, sending you 2
2024-10-15 01:48:24.690230 Tango: Uniform and X-ray, sending you 3
2024-10-15 01:48:24.690595 Mike: Zulu, sending you 2
2024-10-15 01:48:24.690862 X-ray: Sierra and Whiskey, sending you 3
2024-10-15 01:48:24.694685 X-ray: Uniform and Tango, sending you 2
2024-10-15 01:48:24.695994 Mike: Bravo, sending you 1
2024-10-15 01:48:24.704717 Uniform: Quebec, sending you 5
2024-10-15 01:48:24.708673 Sierra: Quebec, Uniform and Whiskey, sending you 1
2024-10-15 01:48:24.709688 Uniform: Sierra, X-ray and Whiskey, sending you 1
2024-10-15 01:48:24.711671 Sierra: Tango and X-ray, sending you 2
2024-10-15 01:48:24.712657 Uniform: Tango, sending you 3
chatterbot Mike submitting transactions
chatterbot Whiskey submitting transactions
chatterbot Hotel submitting transactions
chatterbot Sierra submitting transactions
chatterbot Quebec submitting transactions
chatterbot X-ray submitting transactions
chatterbot Tango submitting transactions
chatterbot Zulu submitting transactions
chatterbot Bravo submitting transactions
chatterbot Uniform submitting transactions
ChatterBot Hotel round 4
ChatterBot Quebec round 4
ChatterBot Sierra round 4
ChatterBot Mike round 4
ChatterBot Uniform round 4
ChatterBot Tango round 4
ChatterBot Zulu round 4
ChatterBot X-ray round 4
ChatterBot Bravo round 4
ChatterBot Whiskey round 4
2024-10-15 01:48:25.712965 Uniform: Quebec and Tango, sending you 3
2024-10-15 01:48:25.713833 Hotel: Quebec, Tango, X-ray and Whiskey, sending you 2
2024-10-15 01:48:25.718674 Uniform: Sierra, sending you 1
2024-10-15 01:48:25.720723 X-ray: Hotel, Quebec and Uniform, sending you 1
2024-10-15 01:48:25.721671 Uniform: X-ray and Whiskey, sending you 2
2024-10-15 01:48:25.726130 Sierra: Hotel, Quebec, Uniform, Tango and Whiskey, sending you 1
2024-10-15 01:48:25.726654 X-ray: Sierra and Whiskey, sending you 3
2024-10-15 01:48:25.727878 Mike: Zulu, sending you 2
2024-10-15 01:48:25.730674 Sierra: X-ray, sending you 2
2024-10-15 01:48:25.731299 X-ray: Tango, sending you 2
2024-10-15 01:48:25.731934 Tango: Quebec, Sierra, X-ray and Whiskey, sending you 2
2024-10-15 01:48:25.733560 Quebec: Sierra and X-ray, sending you 1
2024-10-15 01:48:25.734183 Whiskey: Quebec, Sierra, Uniform and Tango, sending you 2
2024-10-15 01:48:25.739451 Zulu: Sending you 3
2024-10-15 01:48:25.739850 Mike: Bravo, sending you 1
2024-10-15 01:48:25.740260 Tango: Uniform, sending you 3
2024-10-15 01:48:25.740916 Quebec: Uniform, sending you 4
2024-10-15 01:48:25.743688 Whiskey: X-ray, sending you 3
2024-10-15 01:48:25.745683 Quebec: Tango and Whiskey, sending you 2
chatterbot Whiskey submitting transactions
chatterbot Quebec submitting transactions
chatterbot Tango submitting transactions
chatterbot X-ray submitting transactions
chatterbot Sierra submitting transactions
chatterbot Bravo submitting transactions
chatterbot Uniform submitting transactions
chatterbot Mike submitting transactions
chatterbot Zulu submitting transactions
chatterbot Hotel submitting transactions
ChatterBot Hotel round 5
ChatterBot Quebec round 5
ChatterBot Sierra round 5
ChatterBot Mike round 5
ChatterBot Uniform round 5
ChatterBot Tango round 5
ChatterBot Zulu round 5
ChatterBot X-ray round 5
ChatterBot Bravo round 5
ChatterBot Whiskey round 5
2024-10-15 01:48:26.826511 Tango: We should add Hotel
ChatterBot Sierra reevaluating
ChatterBot Uniform reevaluating
ChatterBot X-ray reevaluating
2024-10-15 01:48:26.855482 Quebec: No
2024-10-15 01:48:26.855686 Sierra: Yes
2024-10-15 01:48:26.855853 Uniform: Yes
2024-10-15 01:48:26.855999 X-ray: Yes
2024-10-15 01:48:26.856143 Whiskey: No
ChatterBot Sierra reevaluating
ChatterBot Uniform reevaluating
ChatterBot X-ray reevaluating
ChatterBot Uniform reevaluating
ChatterBot X-ray reevaluating
ChatterBot Sierra reevaluating
ChatterBot X-ray reevaluating
ChatterBot Sierra reevaluating
ChatterBot Uniform reevaluating
ChatterBot Sierra reevaluating
ChatterBot Uniform reevaluating
ChatterBot X-ray reevaluating
2024-10-15 01:48:26.983882 Zulu: We should add Hotel
2024-10-15 01:48:26.986895 Mike: No
2024-10-15 01:48:26.990070 Tango: Hotel we want you to join our group
2024-10-15 01:48:26.993941 Hotel: No
ChatterBot Sierra reevaluating
ChatterBot Uniform reevaluating
ChatterBot X-ray reevaluating
2024-10-15 01:48:27.037230 Hotel: We should drop Uniform
2024-10-15 01:48:27.057519 Quebec: No
2024-10-15 01:48:27.057701 Sierra: No
2024-10-15 01:48:27.057827 Tango: No
2024-10-15 01:48:27.057928 X-ray: No
2024-10-15 01:48:27.058027 Whiskey: No
ChatterBot Tango reevaluating
ChatterBot Hotel reevaluating
ChatterBot Sierra reevaluating
ChatterBot Hotel reevaluating
ChatterBot Sierra reevaluating
ChatterBot Tango reevaluating
ChatterBot Hotel reevaluating
ChatterBot Sierra reevaluating
ChatterBot Tango reevaluating
2024-10-15 01:48:27.158218 Zulu: Hotel we want you to join our group
ChatterBot Hotel reevaluating
2024-10-15 01:48:27.162648 Hotel: No
2024-10-15 01:48:27.171672 Quebec: Sierra and X-ray, sending you 1
2024-10-15 01:48:27.175681 Quebec: Uniform, sending you 4
2024-10-15 01:48:27.179838 Uniform: Quebec, sending you 4
2024-10-15 01:48:27.180676 Whiskey: Quebec, Sierra, Uniform and Tango, sending you 2
2024-10-15 01:48:27.181190 Quebec: Tango and Whiskey, sending you 2
2024-10-15 01:48:27.182657 Mike: Zulu, sending you 2
2024-10-15 01:48:27.182941 Tango: Quebec, Sierra, X-ray and Whiskey, sending you 2
2024-10-15 01:48:27.183953 Hotel: Quebec, Sierra and Tango, sending you 1
2024-10-15 01:48:27.184384 Whiskey: X-ray, sending you 3
2024-10-15 01:48:27.184913 Uniform: Sierra and X-ray, sending you 1
2024-10-15 01:48:27.185682 Zulu: Hotel and Mike, sending you 3
2024-10-15 01:48:27.186671 Mike: Bravo, sending you 1
2024-10-15 01:48:27.187084 Tango: Uniform, sending you 3
2024-10-15 01:48:27.188222 Hotel: X-ray, sending you 3
2024-10-15 01:48:27.188658 X-ray: Hotel and Quebec, sending you 1
2024-10-15 01:48:27.189694 Uniform: Tango, sending you 3
2024-10-15 01:48:27.192676 Hotel: Whiskey, sending you 2
2024-10-15 01:48:27.193211 X-ray: Sierra, Uniform and Tango, sending you 2
2024-10-15 01:48:27.194421 Uniform: Whiskey, sending you 2
2024-10-15 01:48:27.196664 X-ray: Whiskey, sending you 3
chatterbot Quebec submitting transactions
chatterbot Mike submitting transactions
chatterbot Whiskey submitting transactions
chatterbot Zulu submitting transactions
chatterbot Hotel submitting transactions
chatterbot Uniform submitting transactions
chatterbot X-ray submitting transactions
chatterbot Tango submitting transactions
chatterbot Sierra submitting transactions
chatterbot Bravo submitting transactions
ChatterBot Hotel round 6
ChatterBot Quebec round 6
ChatterBot Sierra round 6
ChatterBot Mike round 6
ChatterBot Uniform round 6
ChatterBot Tango round 6
ChatterBot Zulu round 6
ChatterBot X-ray round 6
ChatterBot Bravo round 6
ChatterBot Whiskey round 6
2024-10-15 01:48:28.300385 Zulu: We should drop Hotel
2024-10-15 01:48:28.305835 Mike: Yes
2024-10-15 01:48:28.313699 Hotel: Quebec, Sierra, Tango and Whiskey, sending you 1
2024-10-15 01:48:28.315684 Uniform: Quebec and Tango, sending you 3
2024-10-15 01:48:28.316603 Quebec: Sierra and X-ray, sending you 1
2024-10-15 01:48:28.317555 Sierra: Hotel, Quebec, Uniform, Tango and Whiskey, sending you 1
2024-10-15 01:48:28.318664 Hotel: X-ray, sending you 4
2024-10-15 01:48:28.319813 Uniform: Sierra, sending you 1
2024-10-15 01:48:28.320562 Quebec: Uniform, sending you 4
2024-10-15 01:48:28.322690 Sierra: X-ray, sending you 2
2024-10-15 01:48:28.323706 Quebec: Tango and Whiskey, sending you 2
2024-10-15 01:48:28.324950 Uniform: X-ray and Whiskey, sending you 2
2024-10-15 01:48:28.325485 Mike: Zulu, sending you 2
2024-10-15 01:48:28.327679 Zulu: Same as last round
2024-10-15 01:48:28.328696 X-ray: Hotel, Quebec and Uniform, sending you 1
2024-10-15 01:48:28.331748 Whiskey: Quebec, Sierra, Uniform and Tango, sending you 2
2024-10-15 01:48:28.332562 Tango: Quebec, Sierra, X-ray and Whiskey, sending you 2
2024-10-15 01:48:28.333185 X-ray: Sierra and Tango, sending you 2
2024-10-15 01:48:28.335178 Whiskey: X-ray, sending you 3
2024-10-15 01:48:28.335790 Tango: Uniform, sending you 3
2024-10-15 01:48:28.338666 X-ray: Whiskey, sending you 4
chatterbot Hotel submitting transactions
chatterbot Mike submitting transactions
chatterbot X-ray submitting transactions
chatterbot Tango submitting transactions
chatterbot Zulu submitting transactions
chatterbot Sierra submitting transactions
chatterbot Quebec submitting transactions
chatterbot Uniform submitting transactions
chatterbot Whiskey submitting transactions
chatterbot Bravo submitting transactions
ChatterBot Hotel round 7
ChatterBot Quebec round 7
ChatterBot Sierra round 7
ChatterBot Mike round 7
ChatterBot Uniform round 7
ChatterBot Tango round 7
ChatterBot Zulu round 7
ChatterBot X-ray round 7
ChatterBot Bravo round 7
ChatterBot Whiskey round 7
2024-10-15 01:48:29.604676 Quebec: Sierra and X-ray, sending you 1
2024-10-15 01:48:29.606668 Sierra: Quebec, Uniform and Whiskey, sending you 1
2024-10-15 01:48:29.609682 Uniform: Quebec, sending you 4
2024-10-15 01:48:29.610333 Quebec: Uniform, sending you 4
2024-10-15 01:48:29.612668 Sierra: Tango and X-ray, sending you 2
2024-10-15 01:48:29.613209 X-ray: Hotel, Sierra and Tango, sending you 2
2024-10-15 01:48:29.613722 Tango: Quebec, Sierra, X-ray and Whiskey, sending you 2
2024-10-15 01:48:29.614690 Uniform: Sierra and X-ray, sending you 1
2024-10-15 01:48:29.615200 Quebec: Tango and Whiskey, sending you 2
2024-10-15 01:48:29.616969 Zulu: Same as last round
2024-10-15 01:48:29.617332 X-ray: Quebec and Uniform, sending you 1
2024-10-15 01:48:29.618258 Tango: Uniform, sending you 3
2024-10-15 01:48:29.618784 Hotel: Quebec, Tango and Whiskey, sending you 1
2024-10-15 01:48:29.619680 Uniform: Tango, sending you 3
2024-10-15 01:48:29.621748 Mike: Zulu, sending you 2
2024-10-15 01:48:29.622068 Whiskey: Quebec, Sierra, Uniform and Tango, sending you 2
2024-10-15 01:48:29.622554 X-ray: Whiskey, sending you 3
2024-10-15 01:48:29.623026 Hotel: Sierra, sending you 2
2024-10-15 01:48:29.623669 Uniform: Whiskey, sending you 2
2024-10-15 01:48:29.626113 Whiskey: X-ray, sending you 3
2024-10-15 01:48:29.627671 Hotel: X-ray, sending you 3
chatterbot Uniform submitting transactions
chatterbot Bravo submitting transactions
chatterbot X-ray submitting transactions
chatterbot Tango submitting transactions
chatterbot Hotel submitting transactions
chatterbot Whiskey submitting transactions
chatterbot Quebec submitting transactions
chatterbot Sierra submitting transactions
chatterbot Mike submitting transactions
chatterbot Zulu submitting transactions
ChatterBot Hotel round 8
ChatterBot Quebec round 8
ChatterBot Sierra round 8
ChatterBot Mike round 8
ChatterBot Uniform round 8
ChatterBot Tango round 8
ChatterBot Zulu round 8
ChatterBot X-ray round 8
ChatterBot Bravo round 8
ChatterBot Whiskey round 8
2024-10-15 01:48:30.842182 Hotel: Quebec, Sierra, Tango and Whiskey, sending you 1
2024-10-15 01:48:30.847707 Hotel: X-ray, sending you 4
2024-10-15 01:48:30.849305 X-ray: Hotel, Sierra and Tango, sending you 2
2024-10-15 01:48:30.850770 Tango: Quebec, Sierra, X-ray and Whiskey, sending you 2
2024-10-15 01:48:30.852419 Mike: Zulu, sending you 2
2024-10-15 01:48:30.854882 Quebec: Sierra and X-ray, sending you 1
2024-10-15 01:48:30.855706 X-ray: Quebec and Uniform, sending you 1
2024-10-15 01:48:30.856717 Tango: Uniform, sending you 3
2024-10-15 01:48:30.858316 Sierra: Hotel, Quebec, Uniform, Tango and Whiskey, sending you 1
2024-10-15 01:48:30.859108 Quebec: Uniform, sending you 4
2024-10-15 01:48:30.859990 Uniform: Quebec, sending you 4
2024-10-15 01:48:30.860839 X-ray: Whiskey, sending you 3
2024-10-15 01:48:30.862452 Sierra: X-ray, sending you 2
2024-10-15 01:48:30.863694 Whiskey: Quebec, Sierra, Uniform and Tango, sending you 2
2024-10-15 01:48:30.864694 Quebec: Tango and Whiskey, sending you 2
2024-10-15 01:48:30.865447 Uniform: Sierra and X-ray, sending you 1
2024-10-15 01:48:30.866979 Whiskey: X-ray, sending you 3
2024-10-15 01:48:30.870683 Uniform: Tango, sending you 3
2024-10-15 01:48:30.874666 Uniform: Whiskey, sending you 2
chatterbot Quebec submitting transactions
chatterbot Uniform submitting transactions
chatterbot Whiskey submitting transactions
chatterbot Tango submitting transactions
chatterbot Mike submitting transactions
chatterbot Bravo submitting transactions
chatterbot Sierra submitting transactions
chatterbot Hotel submitting transactions
chatterbot Zulu submitting transactions
chatterbot X-ray submitting transactions
ChatterBot Hotel round 9
ChatterBot Quebec round 9
ChatterBot Sierra round 9
ChatterBot Mike round 9
ChatterBot Uniform round 9
ChatterBot Tango round 9
ChatterBot Zulu round 9
ChatterBot X-ray round 9
ChatterBot Bravo round 9
ChatterBot Whiskey round 9
2024-10-15 01:48:32.074693 Hotel: Sierra, sending you 2
2024-10-15 01:48:32.075672 Quebec: Sierra and X-ray, sending you 1
2024-10-15 01:48:32.079085 Hotel: Tango and Whiskey, sending you 1
2024-10-15 01:48:32.079838 Uniform: Quebec, sending you 4
2024-10-15 01:48:32.080550 Quebec: Uniform, sending you 4
2024-10-15 01:48:32.081850 X-ray: Hotel, Sierra and Tango, sending you 2
2024-10-15 01:48:32.083911 Quebec: Tango and Whiskey, sending you 2
2024-10-15 01:48:32.084784 Hotel: X-ray, sending you 4
2024-10-15 01:48:32.085661 Uniform: Sierra and X-ray, sending you 1
2024-10-15 01:48:32.086856 Sierra: Hotel, Quebec, Uniform, Tango and Whiskey, sending you 1
2024-10-15 01:48:32.087667 Tango: Quebec, Sierra, X-ray and Whiskey, sending you 2
2024-10-15 01:48:32.088424 X-ray: Quebec and Uniform, sending you 1
2024-10-15 01:48:32.089681 Uniform: Tango, sending you 3
2024-10-15 01:48:32.090688 Tango: Uniform, sending you 3
2024-10-15 01:48:32.092313 Sierra: X-ray, sending you 2
2024-10-15 01:48:32.093071 Mike: Zulu, sending you 2
2024-10-15 01:48:32.093445 X-ray: Whiskey, sending you 3
2024-10-15 01:48:32.094266 Uniform: Whiskey, sending you 2
2024-10-15 01:48:32.102066 Whiskey: Quebec, Sierra, Uniform and Tango, sending you 2
2024-10-15 01:48:32.105665 Whiskey: X-ray, sending you 3
chatterbot X-ray submitting transactions
chatterbot Hotel submitting transactions
chatterbot Sierra submitting transactions
chatterbot Tango submitting transactions
chatterbot Mike submitting transactions
chatterbot Uniform submitting transactions
chatterbot Bravo submitting transactions
chatterbot Quebec submitting transactions
chatterbot Whiskey submitting transactions
chatterbot Zulu submitting transactions
ChatterBot Hotel round 10
ChatterBot Quebec round 10
ChatterBot Sierra round 10
ChatterBot Mike round 10
ChatterBot Uniform round 10
ChatterBot Tango round 10
ChatterBot Zulu round 10
ChatterBot X-ray round 10
ChatterBot Bravo round 10
ChatterBot Whiskey round 10
2024-10-15 01:48:33.304196 Hotel: Sierra, sending you 2
2024-10-15 01:48:33.307682 Zulu: Sending you 3
2024-10-15 01:48:33.309661 Hotel: Tango and Whiskey, sending you 1
2024-10-15 01:48:33.312293 Mike: Zulu, sending you 2
2024-10-15 01:48:33.315741 Hotel: X-ray, sending you 4
2024-10-15 01:48:33.317849 Uniform: Quebec, sending you 4
2024-10-15 01:48:33.319289 Quebec: Sierra and X-ray, sending you 1
2024-10-15 01:48:33.321371 Whiskey: Quebec, Sierra, Uniform and Tango, sending you 2
2024-10-15 01:48:33.323357 Sierra: Hotel, Quebec, Uniform, Tango and Whiskey, sending you 1
2024-10-15 01:48:33.325699 Tango: Quebec, Sierra, X-ray and Whiskey, sending you 2
2024-10-15 01:48:33.328174 Uniform: Sierra and X-ray, sending you 1
2024-10-15 01:48:33.330707 Quebec: Uniform, sending you 4
2024-10-15 01:48:33.331977 X-ray: Hotel, Sierra and Tango, sending you 2
2024-10-15 01:48:33.334043 Whiskey: X-ray, sending you 3
2024-10-15 01:48:33.335086 Sierra: X-ray, sending you 2
2024-10-15 01:48:33.336504 Tango: Uniform, sending you 3
2024-10-15 01:48:33.337240 Uniform: Tango, sending you 3
2024-10-15 01:48:33.339041 Quebec: Tango and Whiskey, sending you 2
2024-10-15 01:48:33.339813 X-ray: Quebec and Uniform, sending you 1
2024-10-15 01:48:33.342676 Uniform: Whiskey, sending you 2
2024-10-15 01:48:33.346078 X-ray: Whiskey, sending you 3
chatterbot Tango submitting transactions
chatterbot Quebec submitting transactions
chatterbot Whiskey submitting transactions
chatterbot X-ray submitting transactions
chatterbot Sierra submitting transactions
chatterbot Bravo submitting transactions
chatterbot Mike submitting transactions
chatterbot Zulu submitting transactions
chatterbot Hotel submitting transactions
chatterbot Uniform submitting transactions
ChatterBot Hotel round 11
ChatterBot Quebec round 11
ChatterBot Sierra round 11
ChatterBot Mike round 11
ChatterBot Uniform round 11
ChatterBot Tango round 11
ChatterBot Zulu round 11
ChatterBot X-ray round 11
ChatterBot Bravo round 11
ChatterBot Whiskey round 11
2024-10-15 01:48:34.512658 Mike: Zulu, sending you 2
2024-10-15 01:48:34.512992 Quebec: Sierra and X-ray, sending you 1
2024-10-15 01:48:34.515674 Hotel: Sierra, sending you 2
2024-10-15 01:48:34.516527 Tango: Hotel and Sierra, sending you 1
2024-10-15 01:48:34.517773 Quebec: Uniform, sending you 4
2024-10-15 01:48:34.518661 Zulu: Same as last round
2024-10-15 01:48:34.518951 Hotel: X-ray, sending you 5
2024-10-15 01:48:34.520699 Sierra: Hotel, Quebec, Uniform, Tango and Whiskey, sending you 1
2024-10-15 01:48:34.522018 Tango: Quebec, X-ray and Whiskey, sending you 2
2024-10-15 01:48:34.522696 Quebec: Tango and Whiskey, sending you 2
2024-10-15 01:48:34.523697 Hotel: Whiskey, sending you 1
2024-10-15 01:48:34.524668 Sierra: X-ray, sending you 2
2024-10-15 01:48:34.525916 X-ray: Hotel, Sierra and Tango, sending you 2
2024-10-15 01:48:34.526736 Tango: Uniform, sending you 3
2024-10-15 01:48:34.527662 Whiskey: Quebec, Sierra, Uniform and Tango, sending you 2
2024-10-15 01:48:34.528265 Uniform: Quebec, sending you 4
2024-10-15 01:48:34.530678 X-ray: Quebec and Uniform, sending you 1
2024-10-15 01:48:34.532665 Whiskey: X-ray, sending you 3
2024-10-15 01:48:34.533690 Uniform: Sierra and X-ray, sending you 1
2024-10-15 01:48:34.534695 X-ray: Whiskey, sending you 3
2024-10-15 01:48:34.537658 Uniform: Tango, sending you 3
2024-10-15 01:48:34.542679 Uniform: Whiskey, sending you 2
chatterbot Mike submitting transactions
chatterbot Whiskey submitting transactions
chatterbot Tango submitting transactions
chatterbot Quebec submitting transactions
chatterbot Uniform submitting transactions
chatterbot Bravo submitting transactions
chatterbot Sierra submitting transactions
chatterbot X-ray submitting transactions
chatterbot Hotel submitting transactions
chatterbot Zulu submitting transactions
ChatterBot Hotel round 12
ChatterBot Quebec round 12
ChatterBot Sierra round 12
ChatterBot Mike round 12
ChatterBot Uniform round 12
ChatterBot Tango round 12
ChatterBot Zulu round 12
ChatterBot X-ray round 12
ChatterBot Bravo round 12
ChatterBot Whiskey round 12
2024-10-15 01:48:35.736424 Whiskey: We should add Hotel
ChatterBot Sierra reevaluating
2024-10-15 01:48:35.774075 Quebec: No
2024-10-15 01:48:35.774468 Sierra: Yes
2024-10-15 01:48:35.774825 Uniform: Yes
2024-10-15 01:48:35.775155 Tango: Yes
2024-10-15 01:48:35.775505 X-ray: Yes
ChatterBot Sierra reevaluating
ChatterBot Whiskey reevaluating
ChatterBot Quebec reevaluating
ChatterBot Whiskey reevaluating
ChatterBot Quebec reevaluating
ChatterBot Sierra reevaluating
ChatterBot Whiskey reevaluating
ChatterBot Quebec reevaluating
ChatterBot Sierra reevaluating
ChatterBot Whiskey reevaluating
ChatterBot Quebec reevaluating
ChatterBot Sierra reevaluating
ChatterBot Whiskey reevaluating
2024-10-15 01:48:35.912107 Quebec: Hotel we want you to join our group
2024-10-15 01:48:35.919368 Hotel: Yes
ChatterBot Quebec reevaluating
ChatterBot Whiskey reevaluating
2024-10-15 01:48:35.959496 Quebec: We should replace Sierra with Hotel
ChatterBot Whiskey reevaluating
2024-10-15 01:48:35.988134 Uniform: No
2024-10-15 01:48:35.988314 Tango: No
2024-10-15 01:48:35.988487 X-ray: No
2024-10-15 01:48:35.989300 Whiskey: No
ChatterBot Quebec reevaluating
ChatterBot Whiskey reevaluating
ChatterBot Quebec reevaluating
ChatterBot Whiskey reevaluating
ChatterBot Quebec reevaluating
ChatterBot Whiskey reevaluating
ChatterBot Quebec reevaluating
2024-10-15 01:48:36.121666 Mike: Zulu, sending you 2
2024-10-15 01:48:36.122457 Sierra: Hotel, Quebec, Uniform, Tango and Whiskey, sending you 1
2024-10-15 01:48:36.124871 Uniform: Quebec, sending you 4
2024-10-15 01:48:36.126350 Hotel: Sierra, sending you 2
2024-10-15 01:48:36.127394 Tango: Hotel and Sierra, sending you 1
chatterbot Hotel submitting transactions
2024-10-15 01:48:36.129251 Whiskey: Hotel we want you to join our group
2024-10-15 01:48:36.137306 Hotel: Yes
ChatterBot Quebec reevaluating
ChatterBot Whiskey reevaluating
2024-10-15 01:48:36.171858 Sierra: X-ray, sending you 2
2024-10-15 01:48:36.172858 Uniform: Sierra and X-ray, sending you 1
2024-10-15 01:48:36.174102 Hotel: Tango, sending you 1
2024-10-15 01:48:36.174807 Tango: Quebec, X-ray and Whiskey, sending you 2
2024-10-15 01:48:36.175956 X-ray: Hotel, Sierra and Tango, sending you 2
2024-10-15 01:48:36.177655 Hotel: X-ray, sending you 5
2024-10-15 01:48:36.178666 Uniform: Tango, sending you 3
2024-10-15 01:48:36.180561 Tango: Uniform, sending you 3
2024-10-15 01:48:36.182398 X-ray: Quebec and Uniform, sending you 1
2024-10-15 01:48:36.184124 Uniform: Whiskey, sending you 2
2024-10-15 01:48:36.187673 X-ray: Whiskey, sending you 3
2024-10-15 01:48:36.203654 Whiskey: Quebec, Sierra, Uniform and Tango, sending you 2
2024-10-15 01:48:36.205115 Quebec: Hotel and X-ray, sending you 1
2024-10-15 01:48:36.209669 Whiskey: X-ray, sending you 3
2024-10-15 01:48:36.211470 Quebec: Uniform, sending you 4
2024-10-15 01:48:36.215676 Quebec: Tango and Whiskey, sending you 2
chatterbot Tango submitting transactions
chatterbot Zulu submitting transactions
chatterbot X-ray submitting transactions
chatterbot Uniform submitting transactions
chatterbot Sierra submitting transactions
chatterbot Bravo submitting transactions
chatterbot Whiskey submitting transactions
chatterbot Quebec submitting transactions
chatterbot Mike submitting transactions
ChatterBot Hotel round 13
ChatterBot Quebec round 13
ChatterBot Sierra round 13
ChatterBot Mike round 13
ChatterBot Uniform round 13
ChatterBot Tango round 13
ChatterBot Zulu round 13
ChatterBot X-ray round 13
ChatterBot Bravo round 13
ChatterBot Whiskey round 13
2024-10-15 01:48:37.177844 Whiskey: We should add Hotel
2024-10-15 01:48:37.199315 Quebec: Yes
2024-10-15 01:48:37.199472 Sierra: Yes
2024-10-15 01:48:37.199587 Uniform: Yes
2024-10-15 01:48:37.199705 Tango: Yes
2024-10-15 01:48:37.199824 X-ray: Yes
ChatterBot Whiskey reevaluating
ChatterBot Whiskey reevaluating
ChatterBot Whiskey reevaluating
ChatterBot Whiskey reevaluating
ChatterBot Whiskey reevaluating
2024-10-15 01:48:37.300644 Whiskey: Hotel we want you to join our group
2024-10-15 01:48:37.305540 Hotel: Yes
ChatterBot Whiskey reevaluating
2024-10-15 01:48:37.334687 X-ray: Hotel, Sierra and Tango, sending you 2
2024-10-15 01:48:37.336301 Quebec: Hotel and X-ray, sending you 1
2024-10-15 01:48:37.336829 Hotel: Quebec and Tango, sending you 1
2024-10-15 01:48:37.340753 Mike: Zulu, sending you 2
2024-10-15 01:48:37.341182 Tango: Hotel and Sierra, sending you 1
2024-10-15 01:48:37.343387 Zulu: Sending you 3
2024-10-15 01:48:37.343801 Uniform: Quebec, sending you 4
2024-10-15 01:48:37.346377 Sierra: Hotel, Quebec, Uniform, Tango and Whiskey, sending you 1
2024-10-15 01:48:37.351675 X-ray: Quebec and Uniform, sending you 1
2024-10-15 01:48:37.353382 Quebec: Uniform, sending you 4
2024-10-15 01:48:37.354700 Hotel: Sierra, sending you 2
2024-10-15 01:48:37.357127 Tango: Quebec, X-ray and Whiskey, sending you 2
2024-10-15 01:48:37.358186 Uniform: Sierra and X-ray, sending you 1
2024-10-15 01:48:37.364086 Sierra: X-ray, sending you 2
2024-10-15 01:48:37.366755 X-ray: Whiskey, sending you 3
2024-10-15 01:48:37.368980 Quebec: Tango and Whiskey, sending you 2
2024-10-15 01:48:37.369556 Tango: Uniform, sending you 3
2024-10-15 01:48:37.375319 Hotel: X-ray, sending you 4
2024-10-15 01:48:37.377574 Uniform: Tango, sending you 3
2024-10-15 01:48:37.379693 Whiskey: Hotel, sending you 1
2024-10-15 01:48:37.381693 Uniform: Whiskey, sending you 2
2024-10-15 01:48:37.385690 Whiskey: Quebec, Sierra, Uniform and Tango, sending you 2
chatterbot Bravo submitting transactions
2024-10-15 01:48:37.388700 Whiskey: X-ray, sending you 3
chatterbot Tango submitting transactions
chatterbot Sierra submitting transactions
chatterbot Zulu submitting transactions
chatterbot Hotel submitting transactions
chatterbot Uniform submitting transactions
chatterbot Quebec submitting transactions
chatterbot Mike submitting transactions
chatterbot X-ray submitting transactions
chatterbot Whiskey submitting transactions
ChatterBot Hotel round 14
ChatterBot Quebec round 14
ChatterBot Sierra round 14
ChatterBot Mike round 14
ChatterBot Uniform round 14
ChatterBot Tango round 14
ChatterBot Zulu round 14
ChatterBot X-ray round 14
ChatterBot Bravo round 14
ChatterBot Whiskey round 14
2024-10-15 01:48:38.502687 Mike: Zulu, sending you 2
