ChatterBot Sierra round 1
ChatterBot Golf round 1
ChatterBot Quebec round 1
ChatterBot Uniform round 1
ChatterBot Foxtrot round 1
ChatterBot Bravo round 1
ChatterBot Romeo round 1
ChatterBot India round 1
ChatterBot Kilo round 1
ChatterBot Victor round 1
randomSelections Golf: {Golf, Quebec, Uniform, India, Sierra, Romeo, Bravo, Victor} 
2024-10-15 01:48:19.226232 Golf: We should group up
ChatterBot Quebec reevaluating
ChatterBot Uniform reevaluating
ChatterBot India reevaluating
ChatterBot Sierra reevaluating
ChatterBot Romeo reevaluating
ChatterBot Bravo reevaluating
ChatterBot Victor reevaluating
2024-10-15 01:48:19.245980 Quebec: Yes
2024-10-15 01:48:19.246157 Uniform: Yes
2024-10-15 01:48:19.246291 India: Yes
2024-10-15 01:48:19.246446 Sierra: Yes
2024-10-15 01:48:19.246583 Romeo: Yes
2024-10-15 01:48:19.246729 Bravo: Yes
2024-10-15 01:48:19.246857 Victor: Yes
ChatterBot Uniform reevaluating
ChatterBot India reevaluating
ChatterBot Sierra reevaluating
ChatterBot Romeo reevaluating
ChatterBot Bravo reevaluating
ChatterBot Victor reevaluating
ChatterBot Quebec reevaluating
ChatterBot India reevaluating
ChatterBot Sierra reevaluating
ChatterBot Romeo reevaluating
ChatterBot Bravo reevaluating
ChatterBot Victor reevaluating
ChatterBot Quebec reevaluating
ChatterBot Uniform reevaluating
ChatterBot Sierra reevaluating
ChatterBot Romeo reevaluating
ChatterBot Bravo reevaluating
ChatterBot Victor reevaluating
ChatterBot Quebec reevaluating
ChatterBot Uniform reevaluating
ChatterBot India reevaluating
ChatterBot Romeo reevaluating
ChatterBot Bravo reevaluating
ChatterBot Victor reevaluating
ChatterBot Quebec reevaluating
ChatterBot Uniform reevaluating
ChatterBot India reevaluating
ChatterBot Sierra reevaluating
ChatterBot Bravo reevaluating
ChatterBot Victor reevaluating
ChatterBot Quebec reevaluating
ChatterBot Uniform reevaluating
ChatterBot India reevaluating
ChatterBot Sierra reevaluating
ChatterBot Romeo reevaluating
ChatterBot Victor reevaluating
ChatterBot Quebec reevaluating
ChatterBot Uniform reevaluating
ChatterBot India reevaluating
ChatterBot Sierra reevaluating
ChatterBot Romeo reevaluating
ChatterBot Bravo reevaluating
randomSelections Foxtrot: {Foxtrot, Romeo, India, Golf, Uniform, Sierra, Quebec, Kilo} 
2024-10-15 01:48:19.332988 Foxtrot: Friends?
ChatterBot Romeo reevaluating
ChatterBot India reevaluating
ChatterBot Uniform reevaluating
ChatterBot Sierra reevaluating
ChatterBot Quebec reevaluating
ChatterBot Kilo reevaluating
2024-10-15 01:48:19.340100 Romeo: No
2024-10-15 01:48:19.340271 India: No
2024-10-15 01:48:19.340411 Golf: No
2024-10-15 01:48:19.340585 Uniform: No
2024-10-15 01:48:19.340726 Sierra: No
2024-10-15 01:48:19.340855 Quebec: No
2024-10-15 01:48:19.340961 Kilo: Yes
ChatterBot India reevaluating
ChatterBot Uniform reevaluating
ChatterBot Sierra reevaluating
ChatterBot Quebec reevaluating
ChatterBot Kilo reevaluating
ChatterBot Romeo reevaluating
ChatterBot Uniform reevaluating
ChatterBot Sierra reevaluating
ChatterBot Quebec reevaluating
ChatterBot Kilo reevaluating
ChatterBot Romeo reevaluating
ChatterBot India reevaluating
ChatterBot Uniform reevaluating
ChatterBot Sierra reevaluating
ChatterBot Quebec reevaluating
ChatterBot Kilo reevaluating
ChatterBot Romeo reevaluating
ChatterBot India reevaluating
ChatterBot Sierra reevaluating
ChatterBot Quebec reevaluating
ChatterBot Kilo reevaluating
ChatterBot Romeo reevaluating
ChatterBot India reevaluating
ChatterBot Uniform reevaluating
ChatterBot Quebec reevaluating
ChatterBot Kilo reevaluating
ChatterBot Romeo reevaluating
ChatterBot India reevaluating
ChatterBot Uniform reevaluating
ChatterBot Sierra reevaluating
ChatterBot Kilo reevaluating
ChatterBot Romeo reevaluating
ChatterBot India reevaluating
ChatterBot Uniform reevaluating
ChatterBot Sierra reevaluating
ChatterBot Quebec reevaluating
2024-10-15 01:48:19.399695 Victor: Bravo, sending you 1
2024-10-15 01:48:19.401664 Foxtrot: Sierra, Golf, Quebec, Uniform and Kilo, sending you 2
2024-10-15 01:48:19.402679 Romeo: Sierra, sending you 3
2024-10-15 01:48:19.404661 Victor: Romeo and India, sending you 3
2024-10-15 01:48:19.405061 Foxtrot: Romeo, sending you 1
2024-10-15 01:48:19.405685 Romeo: Golf, Quebec, Uniform, India and Victor, sending you 1
2024-10-15 01:48:19.408685 Bravo: Sierra, Quebec, India and Victor, sending you 2
2024-10-15 01:48:19.409095 Quebec: Sierra, sending you 4
2024-10-15 01:48:19.410675 Romeo: Bravo, sending you 2
2024-10-15 01:48:19.411670 Kilo: Sierra and Romeo, sending you 1
2024-10-15 01:48:19.412036 Quebec: Golf, sending you 5
2024-10-15 01:48:19.412655 Golf: Sierra and Victor, sending you 3
2024-10-15 01:48:19.412943 Bravo: Golf and Romeo, sending you 1
2024-10-15 01:48:19.413666 Sierra: Golf, Uniform, Bravo and Victor, sending you 1
2024-10-15 01:48:19.414687 Uniform: Sierra and Victor, sending you 1
2024-10-15 01:48:19.415068 India: Sierra, Quebec and Victor, sending you 1
2024-10-15 01:48:19.415419 Kilo: Golf, Quebec and Uniform, sending you 2
2024-10-15 01:48:19.416658 Quebec: Bravo, sending you 3
2024-10-15 01:48:19.417006 Golf: Quebec, Uniform and India, sending you 1
2024-10-15 01:48:19.418659 Sierra: Quebec and Romeo, sending you 2
2024-10-15 01:48:19.419661 Uniform: Golf, Bravo and Romeo, sending you 2
2024-10-15 01:48:19.420044 India: Bravo and Romeo, sending you 3
2024-10-15 01:48:19.420663 Kilo: Foxtrot, sending you 4
2024-10-15 01:48:19.421661 Quebec: Romeo, India and Victor, sending you 1
chatterbot Golf submitting transactions
chatterbot Foxtrot submitting transactions
chatterbot Uniform submitting transactions
chatterbot Victor submitting transactions
chatterbot India submitting transactions
chatterbot Bravo submitting transactions
chatterbot Quebec submitting transactions
chatterbot Sierra submitting transactions
chatterbot Romeo submitting transactions
chatterbot Kilo submitting transactions
ChatterBot Sierra round 2
ChatterBot Golf round 2
ChatterBot Quebec round 2
ChatterBot Uniform round 2
ChatterBot Foxtrot round 2
ChatterBot Bravo round 2
ChatterBot Romeo round 2
ChatterBot India round 2
ChatterBot Kilo round 2
ChatterBot Victor round 2
2024-10-15 01:48:21.234927 Foxtrot: Let's form a team
ChatterBot Kilo reevaluating
2024-10-15 01:48:21.239849 Kilo: Yes
2024-10-15 01:48:21.244190 Kilo: Can we be friends?
ChatterBot Uniform reevaluating
2024-10-15 01:48:21.253496 Foxtrot: No
2024-10-15 01:48:21.253635 Uniform: Yes
ChatterBot Kilo reevaluating
ChatterBot Uniform reevaluating
ChatterBot Kilo reevaluating
ChatterBot Foxtrot reevaluating
2024-10-15 01:48:21.272414 Uniform: Group up?
ChatterBot Kilo reevaluating
ChatterBot Foxtrot reevaluating
2024-10-15 01:48:21.282365 Kilo: Yes
2024-10-15 01:48:21.282547 Foxtrot: Yes
ChatterBot Foxtrot reevaluating
ChatterBot Uniform reevaluating
ChatterBot Kilo reevaluating
ChatterBot Uniform reevaluating
2024-10-15 01:48:21.339821 Golf: We should drop Uniform
2024-10-15 01:48:21.363824 Sierra: Yes
2024-10-15 01:48:21.364013 Quebec: Yes
2024-10-15 01:48:21.364144 Bravo: Yes
2024-10-15 01:48:21.364268 Romeo: Yes
2024-10-15 01:48:21.364867 India: Yes
2024-10-15 01:48:21.364994 Victor: Yes
chatterbot Kilo submitting transactions
2024-10-15 01:48:21.695663 Kilo: Uniform, sending you 2
2024-10-15 01:48:21.696286 Foxtrot: Uniform, sending you 3
2024-10-15 01:48:21.697543 Golf: Sierra, Bravo, Romeo, India and Victor, sending you 1
2024-10-15 01:48:21.715918 India: Golf, Quebec and Romeo, sending you 1
2024-10-15 01:48:21.716873 Foxtrot: Kilo, sending you 2
2024-10-15 01:48:21.717937 Victor: Sierra, Quebec, Romeo and India, sending you 1
2024-10-15 01:48:21.718666 Kilo: Foxtrot, sending you 5
2024-10-15 01:48:21.719736 Sierra: Golf, Quebec and Romeo, sending you 2
2024-10-15 01:48:21.720961 Uniform: Sending you each 3
2024-10-15 01:48:21.721626 Romeo: Sierra and Victor, sending you 2
2024-10-15 01:48:21.723056 Bravo: Sierra and Victor, sending you 1
2024-10-15 01:48:21.724392 Golf: Quebec, sending you 4
2024-10-15 01:48:21.724967 Quebec: Sierra and Bravo, sending you 4
chatterbot India submitting transactions
2024-10-15 01:48:21.726802 India: Bravo, sending you 2
2024-10-15 01:48:21.728209 Victor: Golf and Bravo, sending you 2
2024-10-15 01:48:21.728932 Sierra: Bravo and India, sending you 1
2024-10-15 01:48:21.730172 Romeo: Golf, Quebec and Bravo, sending you 1
2024-10-15 01:48:21.731715 Bravo: Quebec, Romeo and India, sending you 2
2024-10-15 01:48:21.732403 Quebec: Golf, Romeo and India, sending you 2
2024-10-15 01:48:21.733719 India: Victor, sending you 4
2024-10-15 01:48:21.746043 Romeo: India, sending you 3
2024-10-15 01:48:21.746685 Quebec: Victor, sending you 1
chatterbot Bravo submitting transactions
chatterbot Quebec submitting transactions
chatterbot Victor submitting transactions
chatterbot Golf submitting transactions
chatterbot Sierra submitting transactions
chatterbot Foxtrot submitting transactions
chatterbot Romeo submitting transactions
chatterbot Uniform submitting transactions
ChatterBot Sierra round 3
ChatterBot Golf round 3
ChatterBot Quebec round 3
ChatterBot Uniform round 3
ChatterBot Foxtrot round 3
ChatterBot Bravo round 3
ChatterBot Romeo round 3
ChatterBot India round 3
ChatterBot Kilo round 3
ChatterBot Victor round 3
2024-10-15 01:48:22.929225 India: We should drop Sierra
2024-10-15 01:48:22.945007 Golf: No
2024-10-15 01:48:22.945234 Quebec: No
2024-10-15 01:48:22.945422 Bravo: No
2024-10-15 01:48:22.946350 Romeo: No
2024-10-15 01:48:22.946559 Victor: No
ChatterBot India reevaluating
ChatterBot India reevaluating
ChatterBot India reevaluating
ChatterBot India reevaluating
ChatterBot India reevaluating
2024-10-15 01:48:23.029692 Quebec: Sierra and Bravo, sending you 3
2024-10-15 01:48:23.031435 Kilo: Sending you each 5
2024-10-15 01:48:23.032003 Romeo: Sierra, Quebec, Bravo, India and Victor, sending you 2
2024-10-15 01:48:23.034007 Bravo: Sierra and Golf, sending you 1
2024-10-15 01:48:23.036175 Foxtrot: Sending you each 2
2024-10-15 01:48:23.037943 Golf: Sierra, sending you 2
2024-10-15 01:48:23.041303 Sierra: Golf, Bravo, India and Victor, sending you 1
2024-10-15 01:48:23.043203 Uniform: Foxtrot, sending you 4
2024-10-15 01:48:23.044096 Quebec: Golf, sending you 4
2024-10-15 01:48:23.047182 India: We should drop Victor
2024-10-15 01:48:23.068194 Sierra: No
2024-10-15 01:48:23.068420 Golf: No
2024-10-15 01:48:23.068649 Quebec: No
2024-10-15 01:48:23.068766 Bravo: No
2024-10-15 01:48:23.069210 Romeo: No
ChatterBot India reevaluating
ChatterBot India reevaluating
ChatterBot India reevaluating
ChatterBot India reevaluating
ChatterBot India reevaluating
2024-10-15 01:48:23.167770 Bravo: Quebec, Romeo, India and Victor, sending you 2
2024-10-15 01:48:23.168405 Golf: Quebec, sending you 3
2024-10-15 01:48:23.169430 Sierra: Quebec and Romeo, sending you 2
2024-10-15 01:48:23.170015 Uniform: Kilo, sending you 3
2024-10-15 01:48:23.170332 Quebec: Romeo and India, sending you 2
2024-10-15 01:48:23.171552 Victor: Sierra, Quebec, Bravo and Romeo, sending you 1
2024-10-15 01:48:23.173743 India: We should drop Golf
2024-10-15 01:48:23.190688 Sierra: No
2024-10-15 01:48:23.190914 Quebec: No
2024-10-15 01:48:23.191040 Bravo: No
2024-10-15 01:48:23.191230 Romeo: No
2024-10-15 01:48:23.191354 Victor: No
ChatterBot India reevaluating
ChatterBot India reevaluating
ChatterBot India reevaluating
ChatterBot India reevaluating
ChatterBot India reevaluating
2024-10-15 01:48:23.269537 Golf: Bravo, Romeo, India and Victor, sending you 1
2024-10-15 01:48:23.270527 Quebec: Victor, sending you 1
2024-10-15 01:48:23.270859 Victor: Golf and India, sending you 2
chatterbot Bravo submitting transactions
2024-10-15 01:48:23.294677 India: Golf, sending you 1
2024-10-15 01:48:23.300215 India: Quebec, Bravo, Romeo and Victor, sending you 2
chatterbot India submitting transactions
chatterbot Uniform submitting transactions
chatterbot Romeo submitting transactions
chatterbot Foxtrot submitting transactions
chatterbot Quebec submitting transactions
chatterbot Sierra submitting transactions
chatterbot Kilo submitting transactions
chatterbot Golf submitting transactions
chatterbot Victor submitting transactions
ChatterBot Sierra round 4
ChatterBot Golf round 4
ChatterBot Quebec round 4
ChatterBot Uniform round 4
ChatterBot Foxtrot round 4
ChatterBot Bravo round 4
ChatterBot Romeo round 4
ChatterBot India round 4
ChatterBot Kilo round 4
ChatterBot Victor round 4
2024-10-15 01:48:24.212684 Sierra: Golf, Quebec and Romeo, sending you 2
2024-10-15 01:48:24.214466 Victor: Sierra, Golf, Quebec and Bravo, sending you 1
2024-10-15 01:48:24.218685 Sierra: Bravo and Victor, sending you 1
2024-10-15 01:48:24.219854 Romeo: Sierra, Quebec, Bravo, India and Victor, sending you 2
2024-10-15 01:48:24.221631 Victor: Romeo and India, sending you 2
2024-10-15 01:48:24.222494 Kilo: Same as last round
2024-10-15 01:48:24.223234 Golf: Sierra and Victor, sending you 2
2024-10-15 01:48:24.225116 Quebec: Sierra, Golf and Bravo, sending you 3
2024-10-15 01:48:24.226123 Foxtrot: Same as last round
2024-10-15 01:48:24.226571 India: Golf, sending you 1
2024-10-15 01:48:24.228185 Bravo: Sierra, Quebec, Romeo, India and Victor, sending you 2
2024-10-15 01:48:24.229410 Golf: Quebec, sending you 3
2024-10-15 01:48:24.231331 Quebec: Romeo, India and Victor, sending you 2
2024-10-15 01:48:24.233189 Uniform: Foxtrot, sending you 4
2024-10-15 01:48:24.233721 India: Quebec, Bravo, Romeo and Victor, sending you 2
2024-10-15 01:48:24.234949 Bravo: Golf, sending you 1
2024-10-15 01:48:24.237053 Golf: Bravo and India, sending you 1
2024-10-15 01:48:24.238739 Uniform: Kilo, sending you 3
chatterbot Kilo submitting transactions
chatterbot Uniform submitting transactions
chatterbot Golf submitting transactions
chatterbot Bravo submitting transactions
chatterbot Sierra submitting transactions
chatterbot Foxtrot submitting transactions
chatterbot India submitting transactions
chatterbot Victor submitting transactions
chatterbot Romeo submitting transactions
chatterbot Quebec submitting transactions
ChatterBot Sierra round 5
ChatterBot Golf round 5
ChatterBot Quebec round 5
ChatterBot Uniform round 5
ChatterBot Foxtrot round 5
ChatterBot Bravo round 5
ChatterBot Romeo round 5
ChatterBot India round 5
ChatterBot Kilo round 5
ChatterBot Victor round 5
2024-10-15 01:48:25.431663 Quebec: Sierra, Golf and Bravo, sending you 3
2024-10-15 01:48:25.432478 Golf: Sierra, sending you 2
2024-10-15 01:48:25.434682 Foxtrot: Same as last round
2024-10-15 01:48:25.436665 Sierra: Golf, Quebec and Romeo, sending you 2
2024-10-15 01:48:25.437131 Quebec: Romeo, India and Victor, sending you 2
2024-10-15 01:48:25.437683 Golf: Quebec, sending you 3
2024-10-15 01:48:25.439658 Sierra: Bravo and Victor, sending you 1
2024-10-15 01:48:25.441702 Golf: Bravo, Romeo, India and Victor, sending you 1
2024-10-15 01:48:25.442684 India: Golf, sending you 1
2024-10-15 01:48:25.444659 Uniform: Foxtrot, sending you 4
2024-10-15 01:48:25.445706 Kilo: Uniform, sending you 5
2024-10-15 01:48:25.446075 Bravo: Sierra, Quebec, Romeo, India and Victor, sending you 2
2024-10-15 01:48:25.447695 India: Quebec, Bravo, Romeo and Victor, sending you 2
2024-10-15 01:48:25.448681 Uniform: Kilo, sending you 3
2024-10-15 01:48:25.449212 Bravo: Golf, sending you 1
2024-10-15 01:48:25.449736 Victor: Sierra, Golf, Quebec, Bravo and Romeo, sending you 1
2024-10-15 01:48:25.450671 Kilo: Foxtrot, sending you 6
2024-10-15 01:48:25.453839 Victor: India, sending you 3
2024-10-15 01:48:25.455660 Romeo: Sierra, Quebec, Bravo, India and Victor, sending you 2
chatterbot Bravo submitting transactions
chatterbot Kilo submitting transactions
chatterbot Sierra submitting transactions
chatterbot Romeo submitting transactions
chatterbot Quebec submitting transactions
chatterbot Golf submitting transactions
chatterbot Uniform submitting transactions
chatterbot Victor submitting transactions
chatterbot Foxtrot submitting transactions
chatterbot India submitting transactions
ChatterBot Sierra round 6
ChatterBot Golf round 6
ChatterBot Quebec round 6
ChatterBot Uniform round 6
ChatterBot Foxtrot round 6
ChatterBot Bravo round 6
ChatterBot Romeo round 6
ChatterBot India round 6
ChatterBot Kilo round 6
ChatterBot Victor round 6
2024-10-15 01:48:26.548688 Sierra: Golf, Quebec and Romeo, sending you 2
2024-10-15 01:48:26.550680 Quebec: Sierra, Golf and Bravo, sending you 3
2024-10-15 01:48:26.552691 Sierra: Bravo and Victor, sending you 1
2024-10-15 01:48:26.553706 Quebec: Romeo, India and Victor, sending you 2
2024-10-15 01:48:26.557683 Bravo: Sierra, Quebec, Romeo, India and Victor, sending you 2
2024-10-15 01:48:26.558698 Foxtrot: Same as last round
2024-10-15 01:48:26.562712 India: Golf, sending you 1
2024-10-15 01:48:26.563653 Uniform: Foxtrot, sending you 4
2024-10-15 01:48:26.563907 Romeo: Sierra, Quebec, Bravo, India and Victor, sending you 2
2024-10-15 01:48:26.565696 India: Quebec, Bravo, Romeo and Victor, sending you 2
2024-10-15 01:48:26.568678 Victor: Sierra, Golf, Quebec and Bravo, sending you 1
2024-10-15 01:48:26.569311 Uniform: Kilo, sending you 3
2024-10-15 01:48:26.570440 Golf: Sierra, sending you 2
2024-10-15 01:48:26.570975 Kilo: Sending you each 6
2024-10-15 01:48:26.572694 Victor: Romeo and India, sending you 2
2024-10-15 01:48:26.575671 Golf: Quebec, sending you 3
2024-10-15 01:48:26.579684 Golf: Bravo, Romeo, India and Victor, sending you 1
chatterbot Kilo submitting transactions
chatterbot India submitting transactions
chatterbot Sierra submitting transactions
chatterbot Quebec submitting transactions
chatterbot Foxtrot submitting transactions
chatterbot Uniform submitting transactions
chatterbot Romeo submitting transactions
chatterbot Bravo submitting transactions
chatterbot Golf submitting transactions
chatterbot Victor submitting transactions
ChatterBot Sierra round 7
ChatterBot Golf round 7
ChatterBot Quebec round 7
ChatterBot Uniform round 7
ChatterBot Foxtrot round 7
ChatterBot Bravo round 7
ChatterBot Romeo round 7
ChatterBot India round 7
ChatterBot Kilo round 7
ChatterBot Victor round 7
2024-10-15 01:48:27.597101 Golf: Sierra, sending you 2
2024-10-15 01:48:27.599658 Sierra: Golf, Quebec and Romeo, sending you 2
2024-10-15 01:48:27.600671 Foxtrot: Uniform, sending you 2
2024-10-15 01:48:27.601670 Golf: Quebec, sending you 3
2024-10-15 01:48:27.602862 Sierra: Bravo and Victor, sending you 1
2024-10-15 01:48:27.604659 India: Golf, sending you 1
2024-10-15 01:48:27.605743 Bravo: Sierra, Quebec, Romeo, India and Victor, sending you 2
2024-10-15 01:48:27.606359 Foxtrot: Kilo, sending you 1
2024-10-15 01:48:27.608141 Golf: Bravo, Romeo, India and Victor, sending you 1
2024-10-15 01:48:27.609694 India: Quebec, Bravo, Romeo and Victor, sending you 2
2024-10-15 01:48:27.611672 Quebec: Sierra, Golf and Bravo, sending you 3
2024-10-15 01:48:27.616335 Quebec: Romeo, India and Victor, sending you 2
2024-10-15 01:48:27.617222 Kilo: Same as last round
2024-10-15 01:48:27.617687 Uniform: Foxtrot, sending you 4
2024-10-15 01:48:27.619684 Victor: Golf and Quebec, sending you 1
2024-10-15 01:48:27.620993 Romeo: Sierra, Quebec, Bravo, India and Victor, sending you 2
2024-10-15 01:48:27.621914 Uniform: Kilo, sending you 3
2024-10-15 01:48:27.623662 Victor: Bravo, Romeo and India, sending you 2
chatterbot Bravo submitting transactions
chatterbot Victor submitting transactions
chatterbot Quebec submitting transactions
chatterbot Foxtrot submitting transactions
chatterbot Kilo submitting transactions
chatterbot Sierra submitting transactions
chatterbot Uniform submitting transactions
chatterbot Golf submitting transactions
chatterbot India submitting transactions
chatterbot Romeo submitting transactions
ChatterBot Sierra round 8
ChatterBot Golf round 8
ChatterBot Quebec round 8
ChatterBot Uniform round 8
ChatterBot Foxtrot round 8
ChatterBot Bravo round 8
ChatterBot Romeo round 8
ChatterBot India round 8
ChatterBot Kilo round 8
ChatterBot Victor round 8
2024-10-15 01:48:28.909675 Foxtrot: Uniform, sending you 2
2024-10-15 01:48:28.911785 Romeo: Sierra, Quebec, Bravo, India and Victor, sending you 2
2024-10-15 01:48:28.912696 Foxtrot: Kilo, sending you 1
2024-10-15 01:48:28.915681 Kilo: Same as last round
2024-10-15 01:48:28.917300 Golf: Sierra, sending you 2
2024-10-15 01:48:28.918157 Sierra: Golf, Quebec and Romeo, sending you 2
2024-10-15 01:48:28.919893 Quebec: Sierra, Golf and Bravo, sending you 3
2024-10-15 01:48:28.920694 Bravo: Sierra, Quebec, Romeo, India and Victor, sending you 2
2024-10-15 01:48:28.921687 India: Golf, sending you 1
2024-10-15 01:48:28.922718 Sierra: Bravo and Victor, sending you 1
2024-10-15 01:48:28.923438 Golf: Quebec, sending you 3
2024-10-15 01:48:28.925040 Quebec: Romeo, India and Victor, sending you 2
2024-10-15 01:48:28.925715 India: Quebec, Bravo, Romeo and Victor, sending you 2
2024-10-15 01:48:28.926175 Uniform: Foxtrot, sending you 4
2024-10-15 01:48:28.926680 Golf: Bravo, Romeo, India and Victor, sending you 1
2024-10-15 01:48:28.928183 Victor: Golf and Quebec, sending you 1
2024-10-15 01:48:28.930186 Uniform: Kilo, sending you 3
2024-10-15 01:48:28.932651 Victor: Bravo, Romeo and India, sending you 2
chatterbot Victor submitting transactions
chatterbot Romeo submitting transactions
chatterbot Bravo submitting transactions
chatterbot Kilo submitting transactions
chatterbot India submitting transactions
chatterbot Uniform submitting transactions
chatterbot Quebec submitting transactions
chatterbot Golf submitting transactions
chatterbot Sierra submitting transactions
chatterbot Foxtrot submitting transactions
ChatterBot Sierra round 9
ChatterBot Golf round 9
ChatterBot Quebec round 9
ChatterBot Uniform round 9
ChatterBot Foxtrot round 9
ChatterBot Bravo round 9
ChatterBot Romeo round 9
ChatterBot India round 9
ChatterBot Kilo round 9
ChatterBot Victor round 9
2024-10-15 01:48:30.174075 India: We should replace Victor with Sierra
2024-10-15 01:48:30.185461 Golf: No
2024-10-15 01:48:30.185604 Quebec: No
2024-10-15 01:48:30.185738 Bravo: No
2024-10-15 01:48:30.185854 Romeo: No
ChatterBot India reevaluating
ChatterBot India reevaluating
ChatterBot India reevaluating
ChatterBot India reevaluating
2024-10-15 01:48:30.221670 Quebec: Sierra, Golf and Bravo, sending you 3
2024-10-15 01:48:30.222286 Sierra: Golf, Quebec, Bravo and Romeo, sending you 2
2024-10-15 01:48:30.225671 Quebec: Romeo, India and Victor, sending you 2
2024-10-15 01:48:30.236663 Golf: Sierra, sending you 2
2024-10-15 01:48:30.237686 Victor: Golf and Quebec, sending you 1
2024-10-15 01:48:30.238692 Romeo: Sierra, Quebec, Bravo, India and Victor, sending you 2
2024-10-15 01:48:30.239785 India: Golf, sending you 1
2024-10-15 01:48:30.240493 Bravo: Sierra, Quebec, Romeo, India and Victor, sending you 2
2024-10-15 01:48:30.241705 Foxtrot: Uniform, sending you 2
2024-10-15 01:48:30.242139 Golf: Quebec, sending you 3
2024-10-15 01:48:30.243199 Victor: Bravo, Romeo and India, sending you 2
2024-10-15 01:48:30.244288 Uniform: Foxtrot, sending you 4
2024-10-15 01:48:30.244758 Kilo: Uniform, sending you 7
2024-10-15 01:48:30.246001 India: Quebec, Bravo, Romeo and Victor, sending you 2
2024-10-15 01:48:30.246743 Foxtrot: Kilo, sending you 1
2024-10-15 01:48:30.247245 Golf: Bravo, Romeo, India and Victor, sending you 1
2024-10-15 01:48:30.249669 Uniform: Kilo, sending you 2
2024-10-15 01:48:30.250177 Kilo: Foxtrot, sending you 6
chatterbot Uniform submitting transactions
chatterbot Kilo submitting transactions
chatterbot Foxtrot submitting transactions
chatterbot Sierra submitting transactions
chatterbot Golf submitting transactions
chatterbot Quebec submitting transactions
chatterbot Victor submitting transactions
chatterbot Bravo submitting transactions
chatterbot Romeo submitting transactions
chatterbot India submitting transactions
ChatterBot Sierra round 10
ChatterBot Golf round 10
ChatterBot Quebec round 10
ChatterBot Uniform round 10
ChatterBot Foxtrot round 10
ChatterBot Bravo round 10
ChatterBot Romeo round 10
ChatterBot India round 10
ChatterBot Kilo round 10
ChatterBot Victor round 10
2024-10-15 01:48:31.376665 Sierra: Golf, Quebec, Bravo and Romeo, sending you 2
2024-10-15 01:48:31.382662 Quebec: Sierra, Golf, Bravo and Romeo, sending you 3
2024-10-15 01:48:31.385709 India: Golf, sending you 1
2024-10-15 01:48:31.386698 Quebec: India, sending you 2
2024-10-15 01:48:31.388702 Romeo: Sierra, Quebec, Bravo, India and Victor, sending you 2
2024-10-15 01:48:31.389421 Golf: Sierra, sending you 2
2024-10-15 01:48:31.390133 Uniform: Foxtrot, sending you 4
2024-10-15 01:48:31.391081 Foxtrot: Uniform, sending you 2
2024-10-15 01:48:31.391420 Bravo: Sierra, Quebec, Romeo, India and Victor, sending you 2
2024-10-15 01:48:31.392274 India: Quebec, Bravo, Romeo and Victor, sending you 2
2024-10-15 01:48:31.392920 Kilo: Uniform, sending you 7
2024-10-15 01:48:31.393251 Quebec: Victor, sending you 1
2024-10-15 01:48:31.394509 Victor: Golf and Quebec, sending you 1
2024-10-15 01:48:31.395699 Golf: Quebec, sending you 3
2024-10-15 01:48:31.396658 Uniform: Kilo, sending you 2
2024-10-15 01:48:31.397103 Foxtrot: Kilo, sending you 1
2024-10-15 01:48:31.397408 Bravo: Golf, sending you 1
2024-10-15 01:48:31.399749 Kilo: Foxtrot, sending you 6
2024-10-15 01:48:31.400329 Victor: Bravo, Romeo and India, sending you 2
2024-10-15 01:48:31.402505 Golf: Bravo, Romeo, India and Victor, sending you 1
chatterbot Bravo submitting transactions
chatterbot Romeo submitting transactions
chatterbot Golf submitting transactions
chatterbot Kilo submitting transactions
chatterbot Uniform submitting transactions
chatterbot India submitting transactions
chatterbot Quebec submitting transactions
chatterbot Victor submitting transactions
chatterbot Sierra submitting transactions
chatterbot Foxtrot submitting transactions
ChatterBot Sierra round 11
ChatterBot Golf round 11
ChatterBot Quebec round 11
ChatterBot Uniform round 11
ChatterBot Foxtrot round 11
ChatterBot Bravo round 11
ChatterBot Romeo round 11
ChatterBot India round 11
ChatterBot Kilo round 11
ChatterBot Victor round 11
2024-10-15 01:48:32.563250 Sierra: Golf, Quebec, Bravo and Romeo, sending you 2
2024-10-15 01:48:32.565679 Golf: Sierra, sending you 2
2024-10-15 01:48:32.570820 Golf: Quebec, sending you 3
2024-10-15 01:48:32.571611 Foxtrot: Uniform, sending you 2
2024-10-15 01:48:32.571957 Quebec: Sierra, Golf, Bravo and Romeo, sending you 3
2024-10-15 01:48:32.572669 Victor: Golf and Quebec, sending you 1
2024-10-15 01:48:32.574686 Romeo: Sierra, Quebec, Bravo, India and Victor, sending you 2
2024-10-15 01:48:32.575663 Golf: Bravo, Romeo, India and Victor, sending you 1
2024-10-15 01:48:32.576522 Quebec: India, sending you 2
2024-10-15 01:48:32.577274 Foxtrot: Kilo, sending you 1
2024-10-15 01:48:32.577668 Victor: Bravo, Romeo and India, sending you 2
2024-10-15 01:48:32.578817 Uniform: Foxtrot, sending you 4
2024-10-15 01:48:32.579667 Bravo: Sierra, Quebec, Romeo, India and Victor, sending you 2
2024-10-15 01:48:32.580662 Quebec: Victor, sending you 1
2024-10-15 01:48:32.582688 Bravo: Golf, sending you 1
2024-10-15 01:48:32.583708 Uniform: Kilo, sending you 2
2024-10-15 01:48:32.585672 India: Golf, sending you 1
2024-10-15 01:48:32.587173 Kilo: Uniform, sending you 8
2024-10-15 01:48:32.589667 Kilo: Foxtrot, sending you 6
2024-10-15 01:48:32.590678 India: Quebec, Bravo, Romeo and Victor, sending you 2
chatterbot Bravo submitting transactions
chatterbot India submitting transactions
chatterbot Sierra submitting transactions
chatterbot Golf submitting transactions
chatterbot Kilo submitting transactions
chatterbot Victor submitting transactions
chatterbot Foxtrot submitting transactions
chatterbot Uniform submitting transactions
chatterbot Quebec submitting transactions
chatterbot Romeo submitting transactions
ChatterBot Sierra round 12
ChatterBot Golf round 12
ChatterBot Quebec round 12
ChatterBot Uniform round 12
ChatterBot Foxtrot round 12
ChatterBot Bravo round 12
ChatterBot Romeo round 12
ChatterBot India round 12
ChatterBot Kilo round 12
ChatterBot Victor round 12
2024-10-15 01:48:33.697656 Quebec: Sierra, Golf, Bravo and Romeo, sending you 3
2024-10-15 01:48:33.700874 Quebec: India, sending you 2
2024-10-15 01:48:33.702670 Foxtrot: Uniform, sending you 2
2024-10-15 01:48:33.702995 India: Golf, sending you 1
2024-10-15 01:48:33.703671 Golf: Sierra, sending you 2
2024-10-15 01:48:33.705365 Quebec: Victor, sending you 1
2024-10-15 01:48:33.706477 India: Quebec, Bravo, Romeo and Victor, sending you 2
2024-10-15 01:48:33.707680 Foxtrot: Kilo, sending you 1
2024-10-15 01:48:33.708023 Golf: Quebec, sending you 3
2024-10-15 01:48:33.709341 Sierra: Golf, Quebec, Bravo and Romeo, sending you 2
2024-10-15 01:48:33.710672 Victor: Golf and Quebec, sending you 1
2024-10-15 01:48:33.711283 Uniform: Foxtrot, sending you 4
2024-10-15 01:48:33.711513 Kilo: Uniform, sending you 8
2024-10-15 01:48:33.711819 Bravo: Sierra, Quebec, Romeo, India and Victor, sending you 2
2024-10-15 01:48:33.713643 Golf: Bravo, Romeo, India and Victor, sending you 1
2024-10-15 01:48:33.714480 Romeo: Sierra, Quebec, Bravo, India and Victor, sending you 2
2024-10-15 01:48:33.715852 Victor: Bravo, Romeo and India, sending you 2
2024-10-15 01:48:33.716630 Uniform: Kilo, sending you 2
2024-10-15 01:48:33.716947 Kilo: Foxtrot, sending you 6
2024-10-15 01:48:33.717205 Bravo: Golf, sending you 1
chatterbot Foxtrot submitting transactions
chatterbot India submitting transactions
chatterbot Sierra submitting transactions
chatterbot Kilo submitting transactions
chatterbot Bravo submitting transactions
chatterbot Romeo submitting transactions
chatterbot Quebec submitting transactions
chatterbot Uniform submitting transactions
chatterbot Victor submitting transactions
chatterbot Golf submitting transactions
ChatterBot Sierra round 13
ChatterBot Golf round 13
ChatterBot Quebec round 13
ChatterBot Uniform round 13
ChatterBot Foxtrot round 13
ChatterBot Bravo round 13
ChatterBot Romeo round 13
ChatterBot India round 13
ChatterBot Kilo round 13
ChatterBot Victor round 13
2024-10-15 01:48:34.770674 Quebec: Sierra, Golf, Bravo and Romeo, sending you 3
2024-10-15 01:48:34.774674 Sierra: Golf, Quebec, Bravo and Romeo, sending you 2
2024-10-15 01:48:34.775577 Quebec: India, sending you 2
2024-10-15 01:48:34.776698 Golf: Sierra, sending you 2
2024-10-15 01:48:34.777319 Victor: Golf and Quebec, sending you 1
2024-10-15 01:48:34.777952 Uniform: Foxtrot, sending you 4
2024-10-15 01:48:34.778963 Foxtrot: Uniform, sending you 2
2024-10-15 01:48:34.779675 Golf: Quebec, sending you 3
2024-10-15 01:48:34.780799 Bravo: Sierra, Quebec, Romeo, India and Victor, sending you 2
2024-10-15 01:48:34.782528 Quebec: Victor, sending you 1
2024-10-15 01:48:34.783843 Kilo: Uniform, sending you 8
2024-10-15 01:48:34.784207 Victor: Bravo, Romeo and India, sending you 2
2024-10-15 01:48:34.785186 Uniform: Kilo, sending you 2
2024-10-15 01:48:34.785554 India: Golf, sending you 1
2024-10-15 01:48:34.786460 Foxtrot: Kilo, sending you 1
2024-10-15 01:48:34.786864 Golf: Bravo, Romeo, India and Victor, sending you 1
2024-10-15 01:48:34.787865 Bravo: Golf, sending you 1
2024-10-15 01:48:34.789188 Kilo: Foxtrot, sending you 6
2024-10-15 01:48:34.789546 Romeo: Sierra, Quebec, Bravo, India and Victor, sending you 2
2024-10-15 01:48:34.790541 India: Quebec, Bravo, Romeo and Victor, sending you 2
chatterbot Foxtrot submitting transactions
chatterbot Romeo submitting transactions
chatterbot Uniform submitting transactions
chatterbot Bravo submitting transactions
chatterbot Victor submitting transactions
chatterbot Kilo submitting transactions
chatterbot Quebec submitting transactions
chatterbot India submitting transactions
chatterbot Golf submitting transactions
chatterbot Sierra submitting transactions
ChatterBot Sierra round 14
ChatterBot Golf round 14
ChatterBot Quebec round 14
ChatterBot Uniform round 14
ChatterBot Foxtrot round 14
ChatterBot Bravo round 14
ChatterBot Romeo round 14
ChatterBot India round 14
ChatterBot Kilo round 14
ChatterBot Victor round 14
2024-10-15 01:48:35.957377 India: We should replace Victor with Sierra
2024-10-15 01:48:35.971361 Golf: No
2024-10-15 01:48:35.971624 Quebec: No
2024-10-15 01:48:35.971774 Bravo: No
2024-10-15 01:48:35.971975 Romeo: No
ChatterBot India reevaluating
ChatterBot India reevaluating
ChatterBot India reevaluating
ChatterBot India reevaluating
2024-10-15 01:48:36.031334 Sierra: Golf, Quebec, Bravo and Romeo, sending you 2
2024-10-15 01:48:36.037957 Golf: Sierra, sending you 2
2024-10-15 01:48:36.039888 Uniform: Foxtrot, sending you 4
2024-10-15 01:48:36.041022 Foxtrot: Uniform, sending you 2
2024-10-15 01:48:36.042825 Golf: Quebec, sending you 3
2024-10-15 01:48:36.044569 Uniform: Kilo, sending you 2
2024-10-15 01:48:36.045046 Foxtrot: Kilo, sending you 1
2024-10-15 01:48:36.045398 Bravo: Sierra, Quebec, Romeo, India and Victor, sending you 2
2024-10-15 01:48:36.047437 Victor: Golf and Quebec, sending you 1
2024-10-15 01:48:36.049539 Quebec: Sierra, Golf, Bravo and Romeo, sending you 3
2024-10-15 01:48:36.051954 Romeo: Sierra, Quebec, Bravo, India and Victor, sending you 2
2024-10-15 01:48:36.054726 Golf: Bravo, Romeo, India and Victor, sending you 1
2024-10-15 01:48:36.057353 Bravo: Golf, sending you 1
2024-10-15 01:48:36.059678 Victor: Bravo, Romeo and India, sending you 2
2024-10-15 01:48:36.061658 Quebec: India, sending you 2
2024-10-15 01:48:36.064373 Kilo: Uniform, sending you 8
2024-10-15 01:48:36.065071 India: Golf, sending you 1
2024-10-15 01:48:36.068670 Quebec: Victor, sending you 1
2024-10-15 01:48:36.071302 Kilo: Foxtrot, sending you 6
2024-10-15 01:48:36.071749 India: Quebec, Bravo, Romeo and Victor, sending you 2
chatterbot Sierra submitting transactions
chatterbot Romeo submitting transactions
chatterbot Victor submitting transactions
chatterbot Golf submitting transactions
chatterbot Uniform submitting transactions
chatterbot Bravo submitting transactions
chatterbot India submitting transactions
chatterbot Kilo submitting transactions
chatterbot Foxtrot submitting transactions
chatterbot Quebec submitting transactions
ChatterBot Sierra round 15
ChatterBot Golf round 15
ChatterBot Quebec round 15
ChatterBot Uniform round 15
ChatterBot Foxtrot round 15
ChatterBot Bravo round 15
ChatterBot Romeo round 15
ChatterBot India round 15
ChatterBot Kilo round 15
ChatterBot Victor round 15
2024-10-15 01:48:37.198890 India: We should replace Romeo with Sierra
2024-10-15 01:48:37.209132 Golf: No
2024-10-15 01:48:37.209279 Quebec: No
2024-10-15 01:48:37.209940 Bravo: No
2024-10-15 01:48:37.210106 Victor: No
ChatterBot India reevaluating
ChatterBot India reevaluating
ChatterBot India reevaluating
ChatterBot India reevaluating
2024-10-15 01:48:37.247148 India: We should replace Victor with Sierra
2024-10-15 01:48:37.253960 Golf: No
2024-10-15 01:48:37.254094 Quebec: No
2024-10-15 01:48:37.254202 Bravo: No
2024-10-15 01:48:37.254313 Romeo: No
ChatterBot India reevaluating
ChatterBot India reevaluating
ChatterBot India reevaluating
ChatterBot India reevaluating
2024-10-15 01:48:37.286979 Golf: Sierra, sending you 2
2024-10-15 01:48:37.290681 Romeo: Sierra, Quebec, Bravo, India and Victor, sending you 2
2024-10-15 01:48:37.292412 Bravo: Sierra, Quebec, Romeo, India and Victor, sending you 2
2024-10-15 01:48:37.293640 Foxtrot: Uniform, sending you 2
2024-10-15 01:48:37.294138 Golf: Quebec, sending you 3
2024-10-15 01:48:37.295787 Uniform: Foxtrot, sending you 4
2024-10-15 01:48:37.296306 Quebec: Sierra, Golf, Bravo and Romeo, sending you 3
2024-10-15 01:48:37.298157 Sierra: Golf, sending you 1
2024-10-15 01:48:37.300537 Bravo: Golf, sending you 1
2024-10-15 01:48:37.302911 Foxtrot: Kilo, sending you 1
2024-10-15 01:48:37.303409 Golf: Bravo, Romeo, India and Victor, sending you 1
2024-10-15 01:48:37.304691 Uniform: Kilo, sending you 1
2024-10-15 01:48:37.305126 Quebec: India, sending you 2
2024-10-15 01:48:37.306228 Victor: Golf and Quebec, sending you 1
2024-10-15 01:48:37.307775 Sierra: Quebec, sending you 3
2024-10-15 01:48:37.308843 Kilo: Uniform, sending you 8
2024-10-15 01:48:37.310169 Quebec: Victor, sending you 1
2024-10-15 01:48:37.311673 Victor: Bravo, Romeo and India, sending you 2
2024-10-15 01:48:37.313383 Kilo: Foxtrot, sending you 6
2024-10-15 01:48:37.313683 Sierra: Bravo and Romeo, sending you 2
2024-10-15 01:48:37.317672 India: Golf, sending you 1
2024-10-15 01:48:37.321650 India: Quebec, Bravo, Romeo and Victor, sending you 2
chatterbot Bravo submitting transactions
chatterbot Romeo submitting transactions
chatterbot Golf submitting transactions
chatterbot Uniform submitting transactions
chatterbot India submitting transactions
chatterbot Foxtrot submitting transactions
chatterbot Sierra submitting transactions
chatterbot Quebec submitting transactions
chatterbot Victor submitting transactions
chatterbot Kilo submitting transactions
ChatterBot Sierra round 16
ChatterBot Golf round 16
ChatterBot Quebec round 16
ChatterBot Uniform round 16
ChatterBot Foxtrot round 16
ChatterBot Bravo round 16
ChatterBot Romeo round 16
ChatterBot India round 16
ChatterBot Kilo round 16
ChatterBot Victor round 16
2024-10-15 01:48:38.529395 Kilo: We should add India
ChatterBot Uniform reevaluating
2024-10-15 01:48:38.537248 Foxtrot: No
2024-10-15 01:48:38.537443 Uniform: Yes
ChatterBot Kilo reevaluating
ChatterBot Uniform reevaluating
ChatterBot Kilo reevaluating
2024-10-15 01:48:38.557950 India: We should replace Victor with Sierra
2024-10-15 01:48:38.569909 Golf: No
2024-10-15 01:48:38.570066 Quebec: No
2024-10-15 01:48:38.570202 Bravo: No
2024-10-15 01:48:38.570329 Romeo: No
ChatterBot India reevaluating
ChatterBot India reevaluating
ChatterBot India reevaluating
ChatterBot India reevaluating
2024-10-15 01:48:38.621708 Sierra: Golf, sending you 1
2024-10-15 01:48:38.624008 Quebec: Sierra, Golf, Bravo and Romeo, sending you 3
2024-10-15 01:48:38.627874 Sierra: Quebec, sending you 3
2024-10-15 01:48:38.630168 Quebec: India, sending you 2
2024-10-15 01:48:38.631441 Golf: Sierra, sending you 2
2024-10-15 01:48:38.634886 Sierra: Bravo and Romeo, sending you 2
2024-10-15 01:48:38.637119 Romeo: Sierra, Quebec, Bravo, India and Victor, sending you 2
2024-10-15 01:48:38.639758 Quebec: Victor, sending you 1
2024-10-15 01:48:38.642075 Golf: Quebec, sending you 3
2024-10-15 01:48:38.644167 Uniform: Foxtrot, sending you 4
2024-10-15 01:48:38.644865 Bravo: Sierra, Quebec, Romeo, India and Victor, sending you 2
2024-10-15 01:48:38.647878 Foxtrot: Uniform, sending you 2
2024-10-15 01:48:38.648608 Kilo: Uniform, sending you 8
2024-10-15 01:48:38.649178 Golf: Bravo, Romeo, India and Victor, sending you 1
2024-10-15 01:48:38.651187 Victor: Quebec, Bravo, Romeo and India, sending you 1
2024-10-15 01:48:38.652846 Uniform: Kilo, sending you 1
2024-10-15 01:48:38.653242 India: Golf, sending you 1
2024-10-15 01:48:38.654263 Bravo: Golf, sending you 1
2024-10-15 01:48:38.655234 Foxtrot: Kilo, sending you 1
2024-10-15 01:48:38.655592 Kilo: Foxtrot, sending you 6
2024-10-15 01:48:38.657653 India: Quebec, Bravo, Romeo and Victor, sending you 2
chatterbot Kilo submitting transactions
chatterbot Quebec submitting transactions
chatterbot Foxtrot submitting transactions
chatterbot Romeo submitting transactions
chatterbot Uniform submitting transactions
chatterbot India submitting transactions
chatterbot Sierra submitting transactions
chatterbot Bravo submitting transactions
chatterbot Victor submitting transactions
chatterbot Golf submitting transactions
ChatterBot Sierra round 17
ChatterBot Golf round 17
ChatterBot Quebec round 17
ChatterBot Uniform round 17
ChatterBot Foxtrot round 17
ChatterBot Bravo round 17
ChatterBot Romeo round 17
ChatterBot India round 17
ChatterBot Kilo round 17
ChatterBot Victor round 17
2024-10-15 01:48:39.831330 Foxtrot: We should add India
ChatterBot Kilo reevaluating
ChatterBot Uniform reevaluating
2024-10-15 01:48:39.839247 Kilo: Yes
2024-10-15 01:48:39.839402 Uniform: Yes
ChatterBot Uniform reevaluating
ChatterBot Kilo reevaluating
