ChatterBot Quebec round 1
ChatterBot Zulu round 1
ChatterBot Romeo round 1
ChatterBot Golf round 1
ChatterBot Juliett round 1
ChatterBot India round 1
ChatterBot Alpha round 1
ChatterBot November round 1
ChatterBot Kilo round 1
ChatterBot Echo round 1
randomSelections Kilo: {Kilo, Golf, Zulu, Echo, Romeo, Quebec} 
2024-10-15 01:27:40.312282 Kilo: We would work well together
ChatterBot Golf reevaluating
ChatterBot Zulu reevaluating
ChatterBot Echo reevaluating
ChatterBot Romeo reevaluating
ChatterBot Quebec reevaluating
2024-10-15 01:27:40.351066 Golf: Yes
2024-10-15 01:27:40.351305 Zulu: Yes
2024-10-15 01:27:40.351501 Echo: Yes
2024-10-15 01:27:40.351708 Romeo: Yes
2024-10-15 01:27:40.354407 Quebec: Yes
ChatterBot Zulu reevaluating
ChatterBot Echo reevaluating
ChatterBot Romeo reevaluating
ChatterBot Quebec reevaluating
ChatterBot Golf reevaluating
ChatterBot Echo reevaluating
ChatterBot Romeo reevaluating
ChatterBot Quebec reevaluating
ChatterBot Golf reevaluating
ChatterBot Zulu reevaluating
ChatterBot Romeo reevaluating
ChatterBot Quebec reevaluating
ChatterBot Golf reevaluating
ChatterBot Zulu reevaluating
ChatterBot Echo reevaluating
ChatterBot Quebec reevaluating
ChatterBot Golf reevaluating
ChatterBot Zulu reevaluating
ChatterBot Echo reevaluating
ChatterBot Romeo reevaluating
randomSelections India: {India, Quebec, Zulu} 
2024-10-15 01:27:40.414679 India: We should group up
ChatterBot Quebec reevaluating
ChatterBot Zulu reevaluating
2024-10-15 01:27:40.418583 Quebec: No
2024-10-15 01:27:40.418740 Zulu: No
ChatterBot Zulu reevaluating
ChatterBot Quebec reevaluating
randomSelections Juliett: {Juliett, Kilo, Romeo, Alpha, India, Zulu, Golf, November} 
2024-10-15 01:27:40.426370 Juliett: Let's form a team
ChatterBot Romeo reevaluating
ChatterBot Alpha reevaluating
ChatterBot Zulu reevaluating
ChatterBot Golf reevaluating
ChatterBot November reevaluating
2024-10-15 01:27:40.436961 Kilo: No
2024-10-15 01:27:40.437206 Romeo: No
2024-10-15 01:27:40.437396 Alpha: Yes
2024-10-15 01:27:40.437519 India: No
2024-10-15 01:27:40.437629 Zulu: No
2024-10-15 01:27:40.437735 Golf: No
2024-10-15 01:27:40.438293 November: Yes
ChatterBot Romeo reevaluating
ChatterBot Alpha reevaluating
ChatterBot Zulu reevaluating
ChatterBot Golf reevaluating
ChatterBot November reevaluating
ChatterBot Alpha reevaluating
ChatterBot Zulu reevaluating
ChatterBot Golf reevaluating
ChatterBot November reevaluating
ChatterBot Romeo reevaluating
ChatterBot Zulu reevaluating
ChatterBot Golf reevaluating
ChatterBot November reevaluating
ChatterBot Romeo reevaluating
ChatterBot Alpha reevaluating
ChatterBot Zulu reevaluating
ChatterBot Golf reevaluating
ChatterBot November reevaluating
ChatterBot Romeo reevaluating
ChatterBot Alpha reevaluating
ChatterBot Golf reevaluating
ChatterBot November reevaluating
ChatterBot Romeo reevaluating
ChatterBot Alpha reevaluating
ChatterBot Zulu reevaluating
ChatterBot November reevaluating
ChatterBot Romeo reevaluating
ChatterBot Alpha reevaluating
ChatterBot Zulu reevaluating
ChatterBot Golf reevaluating
2024-10-15 01:27:40.532699 Romeo: Quebec and Golf, sending you 2
2024-10-15 01:27:40.537563 November: Zulu and Alpha, sending you 2
2024-10-15 01:27:40.538112 Romeo: Zulu, sending you 3
2024-10-15 01:27:40.539632 Juliett: Zulu and Golf, sending you 2
2024-10-15 01:27:40.540855 Zulu: Quebec, sending you 1
2024-10-15 01:27:40.541328 Echo: Zulu and Golf, sending you 3
2024-10-15 01:27:40.541726 November: Romeo, Golf, Juliett, India and Kilo, sending you 1
2024-10-15 01:27:40.542991 Golf: Zulu, sending you 2
2024-10-15 01:27:40.543450 Romeo: Echo, sending you 1
2024-10-15 01:27:40.543863 Kilo: Quebec, sending you 4
2024-10-15 01:27:40.545228 Juliett: Romeo, India, Alpha and November, sending you 1
2024-10-15 01:27:40.545658 Zulu: Romeo, Golf, Kilo and Echo, sending you 2
2024-10-15 01:27:40.546060 India: Sending you each 2
2024-10-15 01:27:40.547305 Echo: Romeo and Kilo, sending you 2
2024-10-15 01:27:40.547660 Quebec: Zulu, Romeo, Golf and Echo, sending you 2
2024-10-15 01:27:40.548004 Golf: Romeo, sending you 4
2024-10-15 01:27:40.548423 Alpha: Romeo and Golf, sending you 2
2024-10-15 01:27:40.549775 Kilo: Zulu, sending you 2
2024-10-15 01:27:40.551495 Quebec: Kilo, sending you 1
2024-10-15 01:27:40.551896 Golf: Kilo, sending you 3
2024-10-15 01:27:40.555478 Alpha: Juliett, sending you 3
2024-10-15 01:27:40.556010 Kilo: Romeo and Golf, sending you 1
2024-10-15 01:27:40.556575 Golf: Echo, sending you 1
2024-10-15 01:27:40.561276 Alpha: India, November and Kilo, sending you 1
chatterbot Romeo submitting transactions
chatterbot India submitting transactions
chatterbot Kilo submitting transactions
chatterbot Juliett submitting transactions
chatterbot Zulu submitting transactions
chatterbot Echo submitting transactions
chatterbot Alpha submitting transactions
chatterbot Golf submitting transactions
chatterbot November submitting transactions
chatterbot Quebec submitting transactions
ChatterBot Quebec round 2
ChatterBot Zulu round 2
ChatterBot Romeo round 2
ChatterBot Golf round 2
ChatterBot Juliett round 2
ChatterBot India round 2
ChatterBot Alpha round 2
ChatterBot November round 2
ChatterBot Kilo round 2
2024-10-15 01:27:41.878346 India: We would work well together
ChatterBot Juliett reevaluating
ChatterBot Alpha reevaluating
ChatterBot November reevaluating
2024-10-15 01:27:41.903584 Juliett: Yes
2024-10-15 01:27:41.904410 Alpha: Yes
2024-10-15 01:27:41.904680 November: Yes
ChatterBot Alpha reevaluating
ChatterBot November reevaluating
ChatterBot Juliett reevaluating
ChatterBot November reevaluating
ChatterBot Juliett reevaluating
ChatterBot Alpha reevaluating
2024-10-15 01:27:41.969259 Alpha: Can we be friends?
ChatterBot Juliett reevaluating
ChatterBot November reevaluating
2024-10-15 01:27:41.993063 India: Yes
2024-10-15 01:27:41.993366 Juliett: Yes
2024-10-15 01:27:41.993578 November: Yes
ChatterBot Juliett reevaluating
ChatterBot Alpha reevaluating
ChatterBot November reevaluating
ChatterBot Alpha reevaluating
ChatterBot November reevaluating
ChatterBot Juliett reevaluating
ChatterBot Alpha reevaluating
ChatterBot Echo round 2
2024-10-15 01:27:42.088672 Golf: We should drop Kilo
ChatterBot Zulu reevaluating
ChatterBot Echo reevaluating
2024-10-15 01:27:42.109767 Quebec: No
2024-10-15 01:27:42.110089 Zulu: Yes
2024-10-15 01:27:42.110287 Romeo: No
2024-10-15 01:27:42.110501 Echo: No
ChatterBot Zulu reevaluating
ChatterBot Echo reevaluating
ChatterBot Romeo reevaluating
ChatterBot Echo reevaluating
ChatterBot Zulu reevaluating
ChatterBot Echo reevaluating
ChatterBot Golf reevaluating
ChatterBot Quebec reevaluating
ChatterBot Zulu reevaluating
ChatterBot Romeo reevaluating
2024-10-15 01:27:42.235865 Quebec: We should add India
ChatterBot Kilo reevaluating
ChatterBot Golf reevaluating
ChatterBot Zulu reevaluating
ChatterBot Echo reevaluating
ChatterBot Romeo reevaluating
2024-10-15 01:27:42.280979 Kilo: No
2024-10-15 01:27:42.281182 Golf: No
2024-10-15 01:27:42.281345 Zulu: No
2024-10-15 01:27:42.281503 Echo: No
2024-10-15 01:27:42.281659 Romeo: No
ChatterBot Golf reevaluating
ChatterBot Zulu reevaluating
ChatterBot Echo reevaluating
ChatterBot Romeo reevaluating
ChatterBot Quebec reevaluating
ChatterBot Kilo reevaluating
ChatterBot Zulu reevaluating
ChatterBot Echo reevaluating
ChatterBot Romeo reevaluating
ChatterBot Quebec reevaluating
ChatterBot Kilo reevaluating
ChatterBot Golf reevaluating
ChatterBot Echo reevaluating
ChatterBot Romeo reevaluating
ChatterBot Quebec reevaluating
ChatterBot Kilo reevaluating
ChatterBot Golf reevaluating
ChatterBot Zulu reevaluating
ChatterBot Romeo reevaluating
ChatterBot Quebec reevaluating
ChatterBot Kilo reevaluating
ChatterBot Golf reevaluating
ChatterBot Zulu reevaluating
ChatterBot Echo reevaluating
ChatterBot Quebec reevaluating
2024-10-15 01:27:42.740273 India: Sending you each 2
2024-10-15 01:27:42.741148 Kilo: November we want you to join our group
2024-10-15 01:27:42.745507 November: No
ChatterBot Kilo reevaluating
ChatterBot Quebec reevaluating
ChatterBot Zulu reevaluating
ChatterBot Romeo reevaluating
chatterbot Alpha submitting transactions
2024-10-15 01:27:42.777178 Juliett: India, sending you 1
2024-10-15 01:27:43.083940 Alpha: Juliett and India, sending you 3
2024-10-15 01:27:43.084248 Juliett: Alpha and November, sending you 2
2024-10-15 01:27:43.084472 Golf: Quebec, Zulu and Romeo, sending you 2
2024-10-15 01:27:43.085321 Echo: Quebec, sending you 3
2024-10-15 01:27:43.085624 November: Juliett, sending you 5
chatterbot India submitting transactions
chatterbot November submitting transactions
chatterbot Echo submitting transactions
chatterbot Golf submitting transactions
2024-10-15 01:27:43.294434 Alpha: November, sending you 4
2024-10-15 01:27:43.294837 Echo: Zulu, Romeo, Golf and Kilo, sending you 2
2024-10-15 01:27:43.295379 Golf: Echo, sending you 4
2024-10-15 01:27:43.296287 November: Alpha, sending you 4
chatterbot Juliett submitting transactions
chatterbot Quebec submitting transactions
2024-10-15 01:27:43.318867 Quebec: Zulu, Romeo and Kilo, sending you 2
2024-10-15 01:27:43.319476 Zulu: Quebec, Romeo, Golf, Kilo and Echo, sending you 2
2024-10-15 01:27:43.336909 Kilo: Quebec and November, sending you 1
2024-10-15 01:27:43.337402 Romeo: Quebec and Zulu, sending you 2
2024-10-15 01:27:43.343736 Kilo: Zulu, Golf and Echo, sending you 2
2024-10-15 01:27:43.344317 Romeo: Golf, sending you 3
2024-10-15 01:27:43.349992 Romeo: Echo, sending you 1
chatterbot Zulu submitting transactions
chatterbot Kilo submitting transactions
chatterbot Romeo submitting transactions
ChatterBot Quebec round 3
ChatterBot Zulu round 3
ChatterBot Romeo round 3
ChatterBot Golf round 3
ChatterBot Juliett round 3
ChatterBot India round 3
ChatterBot Alpha round 3
ChatterBot November round 3
ChatterBot Kilo round 3
ChatterBot Echo round 3
2024-10-15 01:27:44.178372 Juliett: We should add Kilo
ChatterBot India reevaluating
ChatterBot Alpha reevaluating
ChatterBot November reevaluating
2024-10-15 01:27:44.189262 India: No
2024-10-15 01:27:44.189487 Alpha: No
2024-10-15 01:27:44.190286 November: No
ChatterBot Juliett reevaluating
ChatterBot Alpha reevaluating
ChatterBot November reevaluating
ChatterBot India reevaluating
ChatterBot Juliett reevaluating
ChatterBot November reevaluating
ChatterBot India reevaluating
ChatterBot Juliett reevaluating
ChatterBot Alpha reevaluating
2024-10-15 01:27:44.260283 Juliett: We should add Golf
ChatterBot India reevaluating
ChatterBot Alpha reevaluating
ChatterBot November reevaluating
2024-10-15 01:27:44.270966 India: No
2024-10-15 01:27:44.271121 Alpha: No
2024-10-15 01:27:44.271636 November: No
ChatterBot Juliett reevaluating
ChatterBot Alpha reevaluating
ChatterBot November reevaluating
ChatterBot India reevaluating
ChatterBot Juliett reevaluating
ChatterBot November reevaluating
ChatterBot India reevaluating
ChatterBot Juliett reevaluating
ChatterBot Alpha reevaluating
2024-10-15 01:27:44.310525 Echo: Quebec, Zulu, Romeo and Kilo, sending you 2
2024-10-15 01:27:44.311097 Romeo: Quebec and Zulu, sending you 2
2024-10-15 01:27:44.312233 India: We should drop Juliett
2024-10-15 01:27:44.318253 Alpha: No
2024-10-15 01:27:44.318404 November: No
ChatterBot India reevaluating
ChatterBot India reevaluating
2024-10-15 01:27:44.332442 Echo: Golf, sending you 3
2024-10-15 01:27:44.332881 Romeo: Golf, sending you 3
2024-10-15 01:27:44.337479 Zulu: Same as last round
2024-10-15 01:27:44.338528 November: Juliett, sending you 3
2024-10-15 01:27:44.338926 Romeo: Echo, sending you 1
2024-10-15 01:27:44.339268 Golf: Quebec, sending you 1
2024-10-15 01:27:44.340053 Quebec: Sending you each 2
2024-10-15 01:27:44.340451 Kilo: Quebec, Zulu and Echo, sending you 2
2024-10-15 01:27:44.341727 November: India, sending you 2
2024-10-15 01:27:44.344650 Golf: Zulu, Romeo and Echo, sending you 3
2024-10-15 01:27:44.345020 Kilo: Golf and November, sending you 1
2024-10-15 01:27:44.346718 Alpha: Juliett and India, sending you 3
2024-10-15 01:27:44.347606 November: Alpha, sending you 4
2024-10-15 01:27:44.357385 Alpha: November, sending you 4
2024-10-15 01:27:44.456637 India: Same as last round
chatterbot Golf submitting transactions
chatterbot Zulu submitting transactions
chatterbot Juliett submitting transactions
chatterbot India submitting transactions
chatterbot Kilo submitting transactions
chatterbot Echo submitting transactions
chatterbot Romeo submitting transactions
chatterbot Alpha submitting transactions
chatterbot November submitting transactions
chatterbot Quebec submitting transactions
ChatterBot Quebec round 4
ChatterBot Zulu round 4
ChatterBot Romeo round 4
ChatterBot Golf round 4
ChatterBot Juliett round 4
2024-10-15 01:27:45.707671 Juliett: We should add Romeo
ChatterBot India reevaluating
2024-10-15 01:27:45.718473 India: No
2024-10-15 01:27:45.718756 Alpha: No
2024-10-15 01:27:45.719003 November: No
ChatterBot Juliett reevaluating
ChatterBot India reevaluating
ChatterBot Juliett reevaluating
ChatterBot India reevaluating
ChatterBot Juliett reevaluating
ChatterBot India round 4
ChatterBot Alpha round 4
ChatterBot November round 4
ChatterBot Kilo round 4
ChatterBot Echo round 4
2024-10-15 01:27:45.764868 Juliett: We should add Zulu
ChatterBot India reevaluating
2024-10-15 01:27:45.775460 India: No
2024-10-15 01:27:45.776304 Alpha: No
2024-10-15 01:27:45.776531 November: No
ChatterBot Juliett reevaluating
ChatterBot India reevaluating
ChatterBot Juliett reevaluating
ChatterBot India reevaluating
ChatterBot Juliett reevaluating
2024-10-15 01:27:45.827092 Kilo: We should drop November
2024-10-15 01:27:45.844260 Golf: Yes
2024-10-15 01:27:45.845073 Zulu: Yes
2024-10-15 01:27:45.845315 Echo: Yes
2024-10-15 01:27:45.845568 Romeo: Yes
2024-10-15 01:27:45.845781 Quebec: Yes
ChatterBot Kilo reevaluating
ChatterBot Kilo reevaluating
ChatterBot Kilo reevaluating
ChatterBot Zulu reevaluating
ChatterBot Kilo reevaluating
ChatterBot Zulu reevaluating
ChatterBot Kilo reevaluating
ChatterBot Zulu reevaluating
2024-10-15 01:27:45.938014 Kilo: We should replace November with Juliett
ChatterBot Zulu reevaluating
2024-10-15 01:27:45.956272 Golf: No
2024-10-15 01:27:45.956656 Zulu: No
2024-10-15 01:27:45.956931 Echo: No
2024-10-15 01:27:45.957593 Romeo: No
2024-10-15 01:27:45.957863 Quebec: No
ChatterBot Kilo reevaluating
ChatterBot Zulu reevaluating
ChatterBot Kilo reevaluating
ChatterBot Kilo reevaluating
ChatterBot Zulu reevaluating
ChatterBot Kilo reevaluating
ChatterBot Zulu reevaluating
ChatterBot Kilo reevaluating
ChatterBot Zulu reevaluating
2024-10-15 01:27:46.051285 Romeo: Quebec and Zulu, sending you 2
2024-10-15 01:27:46.072054 Golf: Quebec and Zulu, sending you 2
2024-10-15 01:27:46.073502 Romeo: Golf, sending you 3
2024-10-15 01:27:46.074173 Zulu: We should drop Kilo
2024-10-15 01:27:46.087294 Golf: Yes
2024-10-15 01:27:46.087466 Quebec: No
2024-10-15 01:27:46.087634 Romeo: Yes
2024-10-15 01:27:46.087788 Echo: No
2024-10-15 01:27:46.170463 Quebec: Zulu, Romeo, Kilo and Echo, sending you 2
2024-10-15 01:27:46.171224 India: Same as last round
2024-10-15 01:27:46.172293 Alpha: Juliett and India, sending you 3
2024-10-15 01:27:46.173169 Golf: Romeo and Echo, sending you 3
2024-10-15 01:27:46.174225 Romeo: Echo, sending you 1
chatterbot Quebec submitting transactions
2024-10-15 01:27:46.174925 Quebec: Golf, sending you 1
2024-10-15 01:27:46.176083 Alpha: November, sending you 4
2024-10-15 01:27:46.176546 Echo: Quebec, Zulu, Romeo and Kilo, sending you 2
2024-10-15 01:27:46.177880 November: Juliett, sending you 3
2024-10-15 01:27:46.387487 Echo: Golf, sending you 3
2024-10-15 01:27:46.388224 November: India, sending you 2
2024-10-15 01:27:46.394868 Zulu: Same as last round
2024-10-15 01:27:46.396068 November: Alpha, sending you 4
2024-10-15 01:27:46.396449 Kilo: Quebec, Zulu and Echo, sending you 2
2024-10-15 01:27:46.417583 Kilo: Romeo and Golf, sending you 1
chatterbot November submitting transactions
chatterbot Romeo submitting transactions
chatterbot India submitting transactions
chatterbot Kilo submitting transactions
chatterbot Juliett submitting transactions
chatterbot Alpha submitting transactions
chatterbot Zulu submitting transactions
chatterbot Golf submitting transactions
chatterbot Echo submitting transactions
ChatterBot Quebec round 5
ChatterBot Zulu round 5
ChatterBot Romeo round 5
ChatterBot Golf round 5
ChatterBot Juliett round 5
ChatterBot India round 5
ChatterBot Alpha round 5
ChatterBot November round 5
ChatterBot Kilo round 5
2024-10-15 01:27:47.341758 Juliett: We should add Echo
ChatterBot India reevaluating
2024-10-15 01:27:47.355456 India: No
2024-10-15 01:27:47.355639 Alpha: No
2024-10-15 01:27:47.355781 November: No
ChatterBot Juliett reevaluating
ChatterBot India reevaluating
ChatterBot Juliett reevaluating
ChatterBot India reevaluating
ChatterBot Juliett reevaluating
ChatterBot Echo round 5
2024-10-15 01:27:47.407416 India: We should add Juliett
2024-10-15 01:27:47.414357 Alpha: Yes
2024-10-15 01:27:47.414508 November: Yes
ChatterBot India reevaluating
ChatterBot India reevaluating
2024-10-15 01:27:47.437736 Kilo: We should add Alpha
2024-10-15 01:27:47.451747 Golf: No
2024-10-15 01:27:47.452015 Zulu: No
2024-10-15 01:27:47.452161 Echo: No
2024-10-15 01:27:47.452307 Romeo: No
2024-10-15 01:27:47.452434 Quebec: No
ChatterBot Kilo reevaluating
ChatterBot Kilo reevaluating
ChatterBot Kilo reevaluating
ChatterBot Kilo reevaluating
ChatterBot Kilo reevaluating
2024-10-15 01:27:47.517033 Juliett: We should add Quebec
ChatterBot India reevaluating
2024-10-15 01:27:47.525475 India: No
2024-10-15 01:27:47.525624 Alpha: No
2024-10-15 01:27:47.525758 November: No
ChatterBot Juliett reevaluating
ChatterBot India reevaluating
ChatterBot Juliett reevaluating
ChatterBot India reevaluating
ChatterBot Juliett reevaluating
2024-10-15 01:27:47.555691 Zulu: Same as last round
2024-10-15 01:27:47.556263 Quebec: Zulu, Romeo, Kilo and Echo, sending you 2
2024-10-15 01:27:47.560690 Quebec: Golf, sending you 1
2024-10-15 01:27:47.564714 Alpha: Juliett and India, sending you 3
2024-10-15 01:27:47.566839 Golf: Quebec and Zulu, sending you 2
2024-10-15 01:27:47.567255 Juliett: India, sending you 1
2024-10-15 01:27:47.568938 November: Juliett and India, sending you 2
2024-10-15 01:27:47.569670 Alpha: November, sending you 4
2024-10-15 01:27:47.570099 Golf: Romeo and Echo, sending you 3
2024-10-15 01:27:47.570663 Juliett: Alpha and November, sending you 2
2024-10-15 01:27:47.573330 India: Same as last round
2024-10-15 01:27:47.573650 November: Alpha, sending you 5
2024-10-15 01:27:47.575703 Romeo: Quebec and Zulu, sending you 2
2024-10-15 01:27:47.576704 Kilo: Quebec, Zulu and Echo, sending you 2
2024-10-15 01:27:47.579692 Romeo: Golf, sending you 3
2024-10-15 01:27:47.580716 Kilo: Romeo and Golf, sending you 1
2024-10-15 01:27:47.582708 Romeo: Echo, sending you 1
2024-10-15 01:27:47.583719 Echo: Quebec, Zulu, Romeo and Kilo, sending you 2
2024-10-15 01:27:47.586680 Echo: Golf, sending you 3
chatterbot Romeo submitting transactions
chatterbot Kilo submitting transactions
chatterbot Golf submitting transactions
chatterbot November submitting transactions
chatterbot Juliett submitting transactions
chatterbot Echo submitting transactions
chatterbot Zulu submitting transactions
chatterbot Alpha submitting transactions
chatterbot Quebec submitting transactions
chatterbot India submitting transactions
ChatterBot Quebec round 6
ChatterBot Zulu round 6
ChatterBot Romeo round 6
ChatterBot Golf round 6
ChatterBot Juliett round 6
ChatterBot India round 6
ChatterBot Alpha round 6
ChatterBot November round 6
ChatterBot Kilo round 6
ChatterBot Echo round 6
2024-10-15 01:27:48.603899 Juliett: We should add Kilo
ChatterBot India reevaluating
2024-10-15 01:27:48.616004 India: No
2024-10-15 01:27:48.616252 Alpha: No
2024-10-15 01:27:48.616402 November: No
ChatterBot Juliett reevaluating
ChatterBot India reevaluating
ChatterBot Juliett reevaluating
ChatterBot India reevaluating
ChatterBot Juliett reevaluating
2024-10-15 01:27:48.670047 India: We should add Juliett
2024-10-15 01:27:48.677173 Alpha: Yes
2024-10-15 01:27:48.677304 November: Yes
ChatterBot India reevaluating
ChatterBot India reevaluating
2024-10-15 01:27:48.713701 Zulu: Same as last round
2024-10-15 01:27:48.714541 Quebec: Zulu, Romeo, Golf and Echo, sending you 2
2024-10-15 01:27:48.715933 India: Juliett we want you to join our group
ChatterBot Juliett reevaluating
2024-10-15 01:27:48.722755 Juliett: Yes
ChatterBot India reevaluating
2024-10-15 01:27:48.744477 India: We should replace Alpha with Juliett
2024-10-15 01:27:48.750586 November: No
ChatterBot India reevaluating
2024-10-15 01:27:48.755922 Romeo: Quebec and Zulu, sending you 2
2024-10-15 01:27:48.756875 Quebec: Kilo, sending you 1
2024-10-15 01:27:48.760185 Kilo: Quebec, Zulu and Echo, sending you 2
2024-10-15 01:27:48.760986 November: Juliett and India, sending you 2
2024-10-15 01:27:48.761626 Alpha: Juliett and India, sending you 3
2024-10-15 01:27:48.762949 Romeo: Golf, sending you 3
2024-10-15 01:27:48.763511 Golf: Quebec and Zulu, sending you 2
2024-10-15 01:27:48.764883 Echo: Quebec, Zulu, Romeo and Kilo, sending you 2
2024-10-15 01:27:48.765776 November: Alpha, sending you 5
2024-10-15 01:27:48.766339 Kilo: Romeo and Golf, sending you 1
2024-10-15 01:27:48.767514 Romeo: Echo, sending you 1
2024-10-15 01:27:48.768028 Alpha: November, sending you 4
2024-10-15 01:27:48.768587 Golf: Romeo and Echo, sending you 3
2024-10-15 01:27:48.769993 Echo: Golf, sending you 3
2024-10-15 01:27:48.777673 Juliett: India, sending you 1
2024-10-15 01:27:48.782928 Juliett: Alpha and November, sending you 2
2024-10-15 01:27:48.798021 India: Sending you each 2
chatterbot Juliett submitting transactions
chatterbot Echo submitting transactions
chatterbot Alpha submitting transactions
chatterbot Romeo submitting transactions
chatterbot Quebec submitting transactions
chatterbot Kilo submitting transactions
chatterbot Golf submitting transactions
chatterbot India submitting transactions
chatterbot Zulu submitting transactions
chatterbot November submitting transactions
ChatterBot Quebec round 7
ChatterBot Zulu round 7
ChatterBot Romeo round 7
ChatterBot Golf round 7
ChatterBot Juliett round 7
ChatterBot India round 7
ChatterBot Alpha round 7
ChatterBot November round 7
ChatterBot Kilo round 7
ChatterBot Echo round 7
2024-10-15 01:27:49.832685 Quebec: Zulu, Romeo, Golf and Echo, sending you 2
2024-10-15 01:27:49.834668 Golf: Quebec and Zulu, sending you 2
2024-10-15 01:27:49.837668 Quebec: Kilo, sending you 1
2024-10-15 01:27:49.838197 November: Juliett and India, sending you 2
2024-10-15 01:27:49.838602 Golf: Romeo and Echo, sending you 3
2024-10-15 01:27:49.840678 November: Alpha, sending you 5
2024-10-15 01:27:49.841662 Zulu: Same as last round
2024-10-15 01:27:49.842693 Juliett: Sending you each 2
2024-10-15 01:27:49.843097 India: Same as last round
2024-10-15 01:27:49.847712 Alpha: Juliett and India, sending you 3
2024-10-15 01:27:49.848682 Romeo: Quebec and Zulu, sending you 2
2024-10-15 01:27:49.852657 Kilo: Quebec, sending you 2
2024-10-15 01:27:49.853179 Echo: Quebec, Zulu, Romeo and Kilo, sending you 2
2024-10-15 01:27:49.854018 Alpha: November, sending you 4
2024-10-15 01:27:49.854392 Romeo: Golf, sending you 3
2024-10-15 01:27:49.857672 Kilo: Zulu, Romeo and Golf, sending you 1
2024-10-15 01:27:49.858271 Echo: Golf, sending you 3
2024-10-15 01:27:49.859671 Romeo: Echo, sending you 1
2024-10-15 01:27:49.862673 Kilo: Echo, sending you 3
chatterbot November submitting transactions
chatterbot Quebec submitting transactions
chatterbot Zulu submitting transactions
chatterbot Alpha submitting transactions
chatterbot Juliett submitting transactions
chatterbot Golf submitting transactions
chatterbot India submitting transactions
chatterbot Romeo submitting transactions
chatterbot Kilo submitting transactions
chatterbot Echo submitting transactions
ChatterBot Quebec round 8
ChatterBot Zulu round 8
ChatterBot Romeo round 8
ChatterBot Golf round 8
ChatterBot Juliett round 8
ChatterBot India round 8
ChatterBot Alpha round 8
ChatterBot November round 8
ChatterBot Kilo round 8
ChatterBot Echo round 8
2024-10-15 01:27:51.127927 Golf: Quebec and Zulu, sending you 2
2024-10-15 01:27:51.133218 Zulu: Same as last round
2024-10-15 01:27:51.134888 Golf: Romeo and Echo, sending you 3
2024-10-15 01:27:51.136440 Quebec: Zulu, Romeo, Golf and Echo, sending you 2
2024-10-15 01:27:51.137740 India: Same as last round
2024-10-15 01:27:51.142978 Quebec: Kilo, sending you 1
2024-10-15 01:27:51.143898 Juliett: Same as last round
2024-10-15 01:27:51.145400 Romeo: Quebec and Zulu, sending you 2
2024-10-15 01:27:51.146370 November: Juliett and India, sending you 2
2024-10-15 01:27:51.147677 Kilo: Quebec, sending you 2
2024-10-15 01:27:51.148567 Alpha: Juliett and India, sending you 3
2024-10-15 01:27:51.149693 Romeo: Golf, sending you 3
2024-10-15 01:27:51.151436 November: Alpha, sending you 5
2024-10-15 01:27:51.153274 Kilo: Zulu, Romeo and Golf, sending you 1
2024-10-15 01:27:51.154020 Alpha: November, sending you 4
2024-10-15 01:27:51.154562 Echo: Quebec, Zulu, Romeo and Kilo, sending you 2
2024-10-15 01:27:51.155752 Romeo: Echo, sending you 1
2024-10-15 01:27:51.156857 Kilo: Echo, sending you 3
2024-10-15 01:27:51.160923 Echo: Golf, sending you 3
chatterbot Kilo submitting transactions
chatterbot November submitting transactions
chatterbot Golf submitting transactions
chatterbot Echo submitting transactions
chatterbot Romeo submitting transactions
chatterbot Zulu submitting transactions
chatterbot Alpha submitting transactions
chatterbot Quebec submitting transactions
chatterbot India submitting transactions
chatterbot Juliett submitting transactions
ChatterBot Quebec round 9
ChatterBot Zulu round 9
ChatterBot Romeo round 9
ChatterBot Golf round 9
ChatterBot Juliett round 9
ChatterBot India round 9
ChatterBot Alpha round 9
ChatterBot November round 9
ChatterBot Kilo round 9
ChatterBot Echo round 9
2024-10-15 01:27:52.451672 Echo: Quebec, Zulu, Romeo and Kilo, sending you 2
2024-10-15 01:27:52.453681 Quebec: Zulu, Romeo, Golf and Echo, sending you 2
2024-10-15 01:27:52.455664 Golf: Quebec and Zulu, sending you 2
2024-10-15 01:27:52.456177 Echo: Golf, sending you 3
2024-10-15 01:27:52.457288 Quebec: Kilo, sending you 1
2024-10-15 01:27:52.458776 Golf: Romeo and Echo, sending you 3
2024-10-15 01:27:52.460681 India: Same as last round
2024-10-15 01:27:52.461380 Romeo: Quebec and Zulu, sending you 2
2024-10-15 01:27:52.462473 Juliett: Same as last round
2024-10-15 01:27:52.462980 Alpha: Juliett and India, sending you 3
2024-10-15 01:27:52.463495 November: Juliett and India, sending you 2
2024-10-15 01:27:52.464432 Kilo: Quebec, sending you 2
2024-10-15 01:27:52.465072 Zulu: Same as last round
2024-10-15 01:27:52.466004 Alpha: November, sending you 4
2024-10-15 01:27:52.466668 Romeo: Golf, sending you 3
2024-10-15 01:27:52.467716 November: Alpha, sending you 5
2024-10-15 01:27:52.468661 Kilo: Zulu, Romeo and Golf, sending you 1
2024-10-15 01:27:52.470695 Romeo: Echo, sending you 1
2024-10-15 01:27:52.472667 Kilo: Echo, sending you 3
chatterbot Echo submitting transactions
chatterbot India submitting transactions
chatterbot Quebec submitting transactions
chatterbot Juliett submitting transactions
chatterbot Golf submitting transactions
chatterbot Alpha submitting transactions
chatterbot Kilo submitting transactions
chatterbot Zulu submitting transactions
chatterbot Romeo submitting transactions
chatterbot November submitting transactions
ChatterBot Quebec round 10
ChatterBot Zulu round 10
ChatterBot Romeo round 10
ChatterBot Golf round 10
ChatterBot Juliett round 10
ChatterBot India round 10
ChatterBot Alpha round 10
ChatterBot November round 10
ChatterBot Kilo round 10
ChatterBot Echo round 10
2024-10-15 01:27:53.722671 Zulu: Same as last round
2024-10-15 01:27:53.726682 Quebec: Zulu, Romeo, Golf and Echo, sending you 2
2024-10-15 01:27:53.728692 Golf: Quebec and Zulu, sending you 2
2024-10-15 01:27:53.730701 Quebec: Kilo, sending you 1
2024-10-15 01:27:53.732285 Juliett: Same as last round
2024-10-15 01:27:53.733129 Golf: Romeo and Echo, sending you 3
2024-10-15 01:27:53.734193 India: Same as last round
2024-10-15 01:27:53.735439 Alpha: Juliett and India, sending you 3
2024-10-15 01:27:53.736094 November: Juliett and India, sending you 2
2024-10-15 01:27:53.738899 Alpha: November, sending you 4
2024-10-15 01:27:53.739721 Kilo: Quebec, sending you 2
2024-10-15 01:27:53.740675 November: Alpha, sending you 5
2024-10-15 01:27:53.742445 Romeo: Quebec and Zulu, sending you 2
2024-10-15 01:27:53.745697 Kilo: Zulu, Romeo and Golf, sending you 1
2024-10-15 01:27:53.747398 Echo: Quebec, Zulu, Romeo and Kilo, sending you 2
2024-10-15 01:27:53.748436 Romeo: Golf, sending you 3
2024-10-15 01:27:53.750670 Kilo: Echo, sending you 3
2024-10-15 01:27:53.752665 Echo: Golf, sending you 3
2024-10-15 01:27:53.754887 Romeo: Echo, sending you 1
chatterbot November submitting transactions
chatterbot Zulu submitting transactions
chatterbot India submitting transactions
chatterbot Romeo submitting transactions
chatterbot Alpha submitting transactions
chatterbot Golf submitting transactions
chatterbot Juliett submitting transactions
chatterbot Echo submitting transactions
chatterbot Quebec submitting transactions
chatterbot Kilo submitting transactions
ChatterBot Quebec round 11
ChatterBot Zulu round 11
ChatterBot Romeo round 11
ChatterBot Golf round 11
ChatterBot Juliett round 11
ChatterBot India round 11
ChatterBot Alpha round 11
ChatterBot November round 11
ChatterBot Kilo round 11
ChatterBot Echo round 11
2024-10-15 01:27:54.934702 Quebec: Zulu, Romeo, Golf and Echo, sending you 2
2024-10-15 01:27:54.938310 Kilo: We should drop Romeo
ChatterBot Quebec reevaluating
2024-10-15 01:27:54.959636 Quebec: No
2024-10-15 01:27:54.959851 Zulu: No
2024-10-15 01:27:54.960034 Golf: No
2024-10-15 01:27:54.960201 Echo: No
ChatterBot Kilo reevaluating
ChatterBot Kilo reevaluating
ChatterBot Quebec reevaluating
ChatterBot Kilo reevaluating
ChatterBot Quebec reevaluating
ChatterBot Kilo reevaluating
ChatterBot Quebec reevaluating
2024-10-15 01:27:55.053163 Romeo: Quebec and Zulu, sending you 2
2024-10-15 01:27:55.054476 Zulu: Same as last round
2024-10-15 01:27:55.060101 Golf: Quebec and Zulu, sending you 2
2024-10-15 01:27:55.060980 Juliett: Same as last round
2024-10-15 01:27:55.062262 India: Same as last round
2024-10-15 01:27:55.062765 Romeo: Golf, sending you 3
2024-10-15 01:27:55.064206 Alpha: Juliett and India, sending you 3
2024-10-15 01:27:55.064842 Echo: Quebec, Zulu, Romeo and Kilo, sending you 2
2024-10-15 01:27:55.066248 November: Juliett and India, sending you 2
2024-10-15 01:27:55.067744 Quebec: We should drop Kilo
2024-10-15 01:27:55.083100 Golf: Yes
2024-10-15 01:27:55.083281 Zulu: Yes
2024-10-15 01:27:55.083458 Romeo: Yes
2024-10-15 01:27:55.083602 Echo: No
ChatterBot Quebec reevaluating
ChatterBot Echo reevaluating
ChatterBot Quebec reevaluating
ChatterBot Echo reevaluating
ChatterBot Quebec reevaluating
ChatterBot Echo reevaluating
ChatterBot Quebec reevaluating
2024-10-15 01:27:55.146418 Golf: Romeo and Echo, sending you 3
2024-10-15 01:27:55.146942 Romeo: Echo, sending you 1
2024-10-15 01:27:55.147343 Alpha: November, sending you 4
2024-10-15 01:27:55.148598 November: Alpha, sending you 5
2024-10-15 01:27:55.160671 Kilo: Quebec and Echo, sending you 3
2024-10-15 01:27:55.164073 Kilo: Zulu and Golf, sending you 1
2024-10-15 01:27:55.168769 Quebec: Sorry, I'm actually sending you 0
2024-10-15 01:27:55.172030 Echo: Sorry, I'm actually sending you 0
2024-10-15 01:27:55.177778 Echo: Quebec, Zulu and Golf, sending you 3
chatterbot Golf submitting transactions
chatterbot Romeo submitting transactions
chatterbot Echo submitting transactions
chatterbot Juliett submitting transactions
chatterbot Zulu submitting transactions
chatterbot November submitting transactions
chatterbot Alpha submitting transactions
chatterbot Quebec submitting transactions
chatterbot India submitting transactions
chatterbot Kilo submitting transactions
ChatterBot Quebec round 12
ChatterBot Zulu round 12
ChatterBot Romeo round 12
ChatterBot Golf round 12
ChatterBot Juliett round 12
ChatterBot India round 12
ChatterBot Alpha round 12
ChatterBot November round 12
ChatterBot Kilo round 12
ChatterBot Echo round 12
2024-10-15 01:27:56.228714 Echo: We should add Kilo
2024-10-15 01:27:56.243221 Golf: No
2024-10-15 01:27:56.243498 Quebec: No
2024-10-15 01:27:56.243869 Zulu: No
2024-10-15 01:27:56.244104 Romeo: No
ChatterBot Echo reevaluating
ChatterBot Echo reevaluating
ChatterBot Echo reevaluating
ChatterBot Echo reevaluating
2024-10-15 01:27:56.310592 India: We should drop November
ChatterBot Juliett reevaluating
2024-10-15 01:27:56.321017 Juliett: No
2024-10-15 01:27:56.321243 Alpha: No
ChatterBot India reevaluating
ChatterBot India reevaluating
ChatterBot Juliett reevaluating
2024-10-15 01:27:56.352227 Romeo: Quebec and Zulu, sending you 2
2024-10-15 01:27:56.355966 India: We should drop Alpha
ChatterBot Juliett reevaluating
2024-10-15 01:27:56.366212 Juliett: No
2024-10-15 01:27:56.366432 November: No
ChatterBot India reevaluating
ChatterBot India reevaluating
ChatterBot Juliett reevaluating
2024-10-15 01:27:56.399296 Golf: Quebec and Zulu, sending you 2
2024-10-15 01:27:56.401830 Quebec: Same as last round
2024-10-15 01:27:56.404787 Zulu: Same as last round
2024-10-15 01:27:56.406764 Echo: Kilo we want you to join our group
2024-10-15 01:27:56.414639 Kilo: Yes
ChatterBot Zulu reevaluating
ChatterBot Echo reevaluating
ChatterBot Romeo reevaluating
ChatterBot Quebec reevaluating
2024-10-15 01:27:56.449581 Juliett: We should drop India
2024-10-15 01:27:56.459019 Alpha: No
2024-10-15 01:27:56.459242 November: No
ChatterBot Juliett reevaluating
ChatterBot November reevaluating
ChatterBot Juliett reevaluating
2024-10-15 01:27:56.475446 November: We should add Kilo
2024-10-15 01:27:56.475951 Juliett: We should add Quebec
ChatterBot India reevaluating
ChatterBot Juliett reevaluating
ChatterBot Alpha reevaluating
2024-10-15 01:27:56.493919 India: No
2024-10-15 01:27:56.494188 Juliett: Yes
2024-10-15 01:27:56.494364 Alpha: Yes
ChatterBot India reevaluating
ChatterBot Alpha reevaluating
ChatterBot November reevaluating
2024-10-15 01:27:56.510450 India: No
2024-10-15 01:27:56.510665 Alpha: No
2024-10-15 01:27:56.510847 November: No
ChatterBot Juliett reevaluating
ChatterBot Alpha reevaluating
ChatterBot November reevaluating
ChatterBot India reevaluating
ChatterBot Alpha reevaluating
ChatterBot November reevaluating
ChatterBot India reevaluating
ChatterBot Juliett reevaluating
ChatterBot November reevaluating
ChatterBot Juliett reevaluating
ChatterBot Alpha reevaluating
ChatterBot November reevaluating
ChatterBot India reevaluating
ChatterBot Juliett reevaluating
ChatterBot November reevaluating
ChatterBot India reevaluating
ChatterBot Juliett reevaluating
ChatterBot Alpha reevaluating
2024-10-15 01:27:56.593798 Golf: Romeo and Echo, sending you 3
2024-10-15 01:27:56.595519 Kilo: Quebec and Echo, sending you 3
2024-10-15 01:27:56.596407 Zulu: Kilo we want you to join our group
2024-10-15 01:27:56.601132 Kilo: Yes
ChatterBot Zulu reevaluating
ChatterBot Echo reevaluating
ChatterBot Romeo reevaluating
ChatterBot Quebec reevaluating
2024-10-15 01:27:56.632625 November: Kilo we want you to join our group
2024-10-15 01:27:56.638774 Kilo: No
ChatterBot November reevaluating
ChatterBot Juliett reevaluating
2024-10-15 01:27:56.667322 Kilo: Zulu and Golf, sending you 1
2024-10-15 01:27:56.669482 Quebec: Kilo we want you to join our group
2024-10-15 01:27:56.675822 Kilo: Yes
ChatterBot Zulu reevaluating
ChatterBot Echo reevaluating
ChatterBot Romeo reevaluating
ChatterBot Quebec reevaluating
2024-10-15 01:27:56.713932 November: We should drop Kilo
ChatterBot Juliett reevaluating
2024-10-15 01:27:56.731983 India: Yes
2024-10-15 01:27:56.732343 Juliett: Yes
2024-10-15 01:27:56.732592 Alpha: Yes
ChatterBot Juliett reevaluating
ChatterBot November reevaluating
ChatterBot Alpha reevaluating
ChatterBot November reevaluating
ChatterBot Juliett reevaluating
ChatterBot November reevaluating
2024-10-15 01:27:56.789968 Alpha: We should add India
ChatterBot Juliett reevaluating
ChatterBot November reevaluating
2024-10-15 01:27:56.802535 Juliett: Yes
2024-10-15 01:27:56.802708 November: No
ChatterBot Alpha reevaluating
ChatterBot November reevaluating
ChatterBot Juliett reevaluating
ChatterBot Alpha reevaluating
2024-10-15 01:27:56.827216 India: Same as last round
2024-10-15 01:27:56.860657 Zulu: Kilo, sending you 1
2024-10-15 01:27:56.861844 Quebec: Kilo, sending you 1
2024-10-15 01:27:56.863669 Echo: Quebec, Zulu and Romeo, sending you 2
2024-10-15 01:27:56.868829 Echo: Golf, sending you 3
2024-10-15 01:27:56.872710 Juliett: Same as last round
2024-10-15 01:27:56.874854 Echo: Kilo, sending you 1
chatterbot Golf submitting transactions
chatterbot Echo submitting transactions
chatterbot Kilo submitting transactions
chatterbot Juliett submitting transactions
chatterbot Zulu submitting transactions
chatterbot Romeo submitting transactions
chatterbot India submitting transactions
chatterbot Alpha submitting transactions
chatterbot Quebec submitting transactions
chatterbot November submitting transactions
ChatterBot Quebec round 13
ChatterBot Zulu round 13
ChatterBot Romeo round 13
ChatterBot Golf round 13
ChatterBot Juliett round 13
ChatterBot India round 13
ChatterBot Alpha round 13
ChatterBot November round 13
ChatterBot Kilo round 13
ChatterBot Echo round 13
2024-10-15 01:27:57.850945 Alpha: We should add India
2024-10-15 01:27:57.860164 Juliett: No
2024-10-15 01:27:57.860313 November: Yes
ChatterBot Alpha reevaluating
ChatterBot Juliett reevaluating
ChatterBot Alpha reevaluating
2024-10-15 01:27:57.903690 Juliett: India we want you to join our group
ChatterBot India reevaluating
2024-10-15 01:27:57.911045 India: No
ChatterBot Juliett reevaluating
ChatterBot Alpha reevaluating
2024-10-15 01:27:57.931077 November: We should drop Kilo
ChatterBot India reevaluating
ChatterBot Juliett reevaluating
ChatterBot Alpha reevaluating
2024-10-15 01:27:57.951413 India: Yes
2024-10-15 01:27:57.951651 Juliett: Yes
2024-10-15 01:27:57.951887 Alpha: Yes
ChatterBot Juliett reevaluating
ChatterBot Alpha reevaluating
ChatterBot India reevaluating
ChatterBot Alpha reevaluating
ChatterBot India reevaluating
ChatterBot Juliett reevaluating
2024-10-15 01:27:58.011059 Zulu: Quebec, Romeo, Golf and Echo, sending you 2
2024-10-15 01:27:58.012878 Quebec: Zulu, Romeo, Golf and Echo, sending you 2
2024-10-15 01:27:58.014670 Kilo: Quebec and Echo, sending you 3
2024-10-15 01:27:58.016432 Golf: Quebec and Zulu, sending you 2
2024-10-15 01:27:58.018002 Echo: Quebec, Zulu and Romeo, sending you 2
2024-10-15 01:27:58.019709 India: We should drop Juliett
ChatterBot Alpha reevaluating
ChatterBot November reevaluating
2024-10-15 01:27:58.027676 Alpha: No
2024-10-15 01:27:58.027868 November: No
ChatterBot India reevaluating
ChatterBot November reevaluating
ChatterBot India reevaluating
ChatterBot Alpha reevaluating
2024-10-15 01:27:58.046767 Zulu: Kilo, sending you 1
2024-10-15 01:27:58.048558 Quebec: Kilo, sending you 1
2024-10-15 01:27:58.050065 Kilo: Zulu and Golf, sending you 1
2024-10-15 01:27:58.051367 Golf: Romeo and Echo, sending you 3
2024-10-15 01:27:58.051941 Echo: Golf, sending you 3
2024-10-15 01:27:58.060840 Echo: Kilo, sending you 1
2024-10-15 01:27:58.085666 India: Same as last round
2024-10-15 01:27:58.087187 Juliett: Sending you each 2
chatterbot Kilo submitting transactions
chatterbot Juliett submitting transactions
chatterbot Quebec submitting transactions
chatterbot Zulu submitting transactions
chatterbot Alpha submitting transactions
chatterbot India submitting transactions
chatterbot Golf submitting transactions
chatterbot November submitting transactions
chatterbot Romeo submitting transactions
chatterbot Echo submitting transactions
