ChatterBot Delta round 1
ChatterBot Romeo round 1
ChatterBot Hotel round 1
ChatterBot Kilo round 1
ChatterBot Victor round 1
randomSelections Delta: {Delta, Kilo, Romeo, Hotel, Bravo, Echo, Papa, Lima} 
2024-10-15 01:27:40.997662 Delta: We would work well together
ChatterBot Kilo reevaluating
ChatterBot Romeo reevaluating
ChatterBot Hotel reevaluating
2024-10-15 01:27:41.008971 Kilo: Yes
2024-10-15 01:27:41.009765 Romeo: Yes
2024-10-15 01:27:41.009894 Hotel: Yes
ChatterBot Romeo reevaluating
ChatterBot Hotel reevaluating
ChatterBot Kilo reevaluating
ChatterBot Hotel reevaluating
ChatterBot Kilo reevaluating
ChatterBot Romeo reevaluating
ChatterBot Papa round 1
ChatterBot Papa reevaluating
ChatterBot Papa reevaluating
ChatterBot Papa reevaluating
ChatterBot Papa reevaluating
2024-10-15 01:27:41.042368 Papa: Yes
ChatterBot Kilo reevaluating
ChatterBot Romeo reevaluating
ChatterBot Hotel reevaluating
ChatterBot Bravo round 1
ChatterBot Bravo reevaluating
ChatterBot Bravo reevaluating
ChatterBot Bravo reevaluating
ChatterBot Bravo reevaluating
ChatterBot Bravo reevaluating
2024-10-15 01:27:41.071123 Bravo: Yes
ChatterBot Kilo reevaluating
ChatterBot Romeo reevaluating
ChatterBot Hotel reevaluating
ChatterBot Papa reevaluating
ChatterBot Golf round 1
ChatterBot Lima round 1
ChatterBot Lima reevaluating
ChatterBot Lima reevaluating
ChatterBot Lima reevaluating
ChatterBot Lima reevaluating
ChatterBot Lima reevaluating
ChatterBot Lima reevaluating
2024-10-15 01:27:41.103852 Lima: Yes
ChatterBot Kilo reevaluating
ChatterBot Romeo reevaluating
ChatterBot Hotel reevaluating
ChatterBot Bravo reevaluating
ChatterBot Papa reevaluating
ChatterBot Echo round 1
ChatterBot Echo reevaluating
ChatterBot Echo reevaluating
ChatterBot Echo reevaluating
ChatterBot Echo reevaluating
ChatterBot Echo reevaluating
ChatterBot Echo reevaluating
ChatterBot Echo reevaluating
2024-10-15 01:27:41.134549 Echo: Yes
ChatterBot Kilo reevaluating
ChatterBot Romeo reevaluating
ChatterBot Hotel reevaluating
ChatterBot Bravo reevaluating
ChatterBot Papa reevaluating
ChatterBot Lima reevaluating
randomSelections Victor: {Victor, Kilo, Papa, Romeo, Lima, Golf, Hotel, Bravo} 
2024-10-15 01:27:41.157723 Victor: We should group up
ChatterBot Kilo reevaluating
ChatterBot Papa reevaluating
ChatterBot Romeo reevaluating
ChatterBot Lima reevaluating
ChatterBot Golf reevaluating
ChatterBot Hotel reevaluating
ChatterBot Bravo reevaluating
2024-10-15 01:27:41.170207 Kilo: No
2024-10-15 01:27:41.170365 Papa: No
2024-10-15 01:27:41.170458 Romeo: No
2024-10-15 01:27:41.170576 Lima: No
2024-10-15 01:27:41.170692 Golf: Yes
2024-10-15 01:27:41.170786 Hotel: No
2024-10-15 01:27:41.170871 Bravo: No
ChatterBot Papa reevaluating
ChatterBot Romeo reevaluating
ChatterBot Lima reevaluating
ChatterBot Golf reevaluating
ChatterBot Hotel reevaluating
ChatterBot Bravo reevaluating
ChatterBot Kilo reevaluating
ChatterBot Romeo reevaluating
ChatterBot Lima reevaluating
ChatterBot Golf reevaluating
ChatterBot Hotel reevaluating
ChatterBot Bravo reevaluating
ChatterBot Kilo reevaluating
ChatterBot Papa reevaluating
ChatterBot Lima reevaluating
ChatterBot Golf reevaluating
ChatterBot Hotel reevaluating
ChatterBot Bravo reevaluating
ChatterBot Kilo reevaluating
ChatterBot Papa reevaluating
ChatterBot Romeo reevaluating
ChatterBot Golf reevaluating
ChatterBot Hotel reevaluating
ChatterBot Bravo reevaluating
ChatterBot Kilo reevaluating
ChatterBot Papa reevaluating
ChatterBot Romeo reevaluating
ChatterBot Lima reevaluating
ChatterBot Hotel reevaluating
ChatterBot Bravo reevaluating
ChatterBot Kilo reevaluating
ChatterBot Papa reevaluating
ChatterBot Romeo reevaluating
ChatterBot Lima reevaluating
ChatterBot Golf reevaluating
ChatterBot Bravo reevaluating
ChatterBot Kilo reevaluating
ChatterBot Papa reevaluating
ChatterBot Romeo reevaluating
ChatterBot Lima reevaluating
ChatterBot Golf reevaluating
ChatterBot Hotel reevaluating
2024-10-15 01:27:41.300889 Delta: Romeo, Kilo, Lima and Echo, sending you 1
2024-10-15 01:27:41.305155 Delta: Hotel, sending you 5
2024-10-15 01:27:41.306702 Kilo: Delta, sending you 2
2024-10-15 01:27:41.309692 Victor: Romeo, Hotel, Kilo and Golf, sending you 2
2024-10-15 01:27:41.311691 Romeo: Delta, sending you 1
2024-10-15 01:27:41.312101 Kilo: Hotel, Papa and Lima, sending you 1
2024-10-15 01:27:41.312458 Golf: Romeo and Papa, sending you 1
2024-10-15 01:27:41.312836 Victor: Lima, sending you 1
2024-10-15 01:27:41.313913 Hotel: Romeo, Kilo, Papa and Echo, sending you 2
2024-10-15 01:27:41.314260 Papa: Delta, Bravo and Lima, sending you 1
2024-10-15 01:27:41.314690 Bravo: Delta, Romeo, Kilo and Papa, sending you 1
2024-10-15 01:27:41.316041 Romeo: Hotel, sending you 2
2024-10-15 01:27:41.316482 Kilo: Echo, sending you 3
2024-10-15 01:27:41.316940 Golf: Victor and Bravo, sending you 2
2024-10-15 01:27:41.318186 Papa: Kilo and Echo, sending you 2
2024-10-15 01:27:41.318557 Bravo: Hotel, sending you 3
2024-10-15 01:27:41.318903 Hotel: Lima, sending you 1
2024-10-15 01:27:41.319657 Echo: Delta, Romeo, Hotel, Papa and Lima, sending you 1
2024-10-15 01:27:41.320466 Romeo: Papa, Bravo and Lima, sending you 3
2024-10-15 01:27:41.321664 Golf: Lima, sending you 3
2024-10-15 01:27:41.322654 Bravo: Lima, sending you 2
2024-10-15 01:27:41.323665 Echo: Kilo and Bravo, sending you 2
2024-10-15 01:27:41.326702 Lima: Delta, Romeo, Papa and Bravo, sending you 1
2024-10-15 01:27:41.327193 Bravo: Echo, sending you 4
2024-10-15 01:27:41.330691 Lima: Echo, sending you 5
chatterbot Victor submitting transactions
chatterbot Romeo submitting transactions
chatterbot Kilo submitting transactions
chatterbot Papa submitting transactions
chatterbot Lima submitting transactions
chatterbot Echo submitting transactions
chatterbot Delta submitting transactions
chatterbot Bravo submitting transactions
chatterbot Hotel submitting transactions
chatterbot Golf submitting transactions
ChatterBot Delta round 2
ChatterBot Romeo round 2
ChatterBot Hotel round 2
ChatterBot Kilo round 2
ChatterBot Victor round 2
ChatterBot Papa round 2
ChatterBot Bravo round 2
ChatterBot Golf round 2
ChatterBot Lima round 2
ChatterBot Echo round 2
2024-10-15 01:27:43.003959 Romeo: We would work well together
ChatterBot Hotel reevaluating
ChatterBot Victor reevaluating
ChatterBot Golf reevaluating
2024-10-15 01:27:43.026951 Delta: No
2024-10-15 01:27:43.027175 Hotel: No
2024-10-15 01:27:43.027331 Victor: No
2024-10-15 01:27:43.027475 Golf: Yes
ChatterBot Hotel reevaluating
ChatterBot Victor reevaluating
ChatterBot Golf reevaluating
ChatterBot Victor reevaluating
ChatterBot Golf reevaluating
ChatterBot Hotel reevaluating
ChatterBot Golf reevaluating
ChatterBot Hotel reevaluating
ChatterBot Victor reevaluating
2024-10-15 01:27:43.139998 Lima: We should drop Delta and Hotel
ChatterBot Kilo reevaluating
2024-10-15 01:27:43.165917 Kilo: Yes
2024-10-15 01:27:43.166160 Papa: No
2024-10-15 01:27:43.166837 Bravo: No
2024-10-15 01:27:43.166974 Echo: No
2024-10-15 01:27:43.167102 Romeo: No
ChatterBot Lima reevaluating
ChatterBot Lima reevaluating
ChatterBot Kilo reevaluating
ChatterBot Lima reevaluating
ChatterBot Kilo reevaluating
ChatterBot Lima reevaluating
ChatterBot Kilo reevaluating
ChatterBot Lima reevaluating
ChatterBot Kilo reevaluating
2024-10-15 01:27:43.329673 Papa: Romeo and Hotel, sending you 2
2024-10-15 01:27:43.339099 Papa: Kilo, Bravo, Lima and Echo, sending you 1
2024-10-15 01:27:43.340109 Bravo: Delta and Kilo, sending you 1
2024-10-15 01:27:43.340514 Hotel: Delta, sending you 3
2024-10-15 01:27:43.340906 Echo: Hotel and Papa, sending you 1
2024-10-15 01:27:43.341887 Delta: Romeo, sending you 2
2024-10-15 01:27:43.342215 Romeo: Delta and Golf, sending you 2
2024-10-15 01:27:43.342463 Golf: Victor, sending you 4
2024-10-15 01:27:43.342826 Victor: Golf, sending you 3
chatterbot Romeo submitting transactions
2024-10-15 01:27:43.343756 Bravo: Romeo, sending you 4
2024-10-15 01:27:43.344228 Hotel: Romeo, Kilo, Papa and Echo, sending you 1
2024-10-15 01:27:43.344640 Delta: Kilo, sending you 3
chatterbot Delta submitting transactions
2024-10-15 01:27:43.348402 Echo: Kilo and Bravo, sending you 2
2024-10-15 01:27:43.349487 Romeo: Hotel and Victor, sending you 4
2024-10-15 01:27:43.349852 Bravo: Papa and Lima, sending you 2
2024-10-15 01:27:43.350720 Hotel: Bravo, sending you 2
2024-10-15 01:27:43.351129 Delta: Papa, Bravo, Lima and Echo, sending you 1
2024-10-15 01:27:43.351771 Echo: Lima, sending you 3
2024-10-15 01:27:44.471362 Bravo: Echo, sending you 3
chatterbot Papa submitting transactions
chatterbot Echo submitting transactions
2024-10-15 01:27:44.710294 Lima: Romeo, sending you 4
2024-10-15 01:27:44.771397 Lima: Kilo, Papa and Echo, sending you 1
chatterbot Victor submitting transactions
2024-10-15 01:27:44.782776 Lima: Bravo, sending you 2
2024-10-15 01:27:44.784248 Kilo: Papa and Echo, sending you 3
2024-10-15 01:27:44.794167 Kilo: Bravo, sending you 2
chatterbot Lima submitting transactions
chatterbot Golf submitting transactions
chatterbot Kilo submitting transactions
chatterbot Hotel submitting transactions
chatterbot Bravo submitting transactions
ChatterBot Delta round 3
ChatterBot Romeo round 3
ChatterBot Hotel round 3
ChatterBot Kilo round 3
ChatterBot Victor round 3
ChatterBot Papa round 3
ChatterBot Bravo round 3
ChatterBot Golf round 3
ChatterBot Lima round 3
ChatterBot Echo round 3
2024-10-15 01:27:45.473079 Victor: We should add Delta and Hotel
2024-10-15 01:27:45.480309 Golf: Yes
2024-10-15 01:27:45.480460 Romeo: No
ChatterBot Victor reevaluating
ChatterBot Golf reevaluating
2024-10-15 01:27:45.514149 Lima: We should drop Romeo
ChatterBot Kilo reevaluating
2024-10-15 01:27:45.527975 Kilo: No
2024-10-15 01:27:45.528126 Papa: No
2024-10-15 01:27:45.528239 Bravo: No
2024-10-15 01:27:45.528346 Echo: No
ChatterBot Lima reevaluating
ChatterBot Lima reevaluating
ChatterBot Kilo reevaluating
ChatterBot Lima reevaluating
ChatterBot Kilo reevaluating
ChatterBot Lima reevaluating
ChatterBot Kilo reevaluating
2024-10-15 01:27:45.713710 Delta: Romeo and Hotel, sending you 2
2024-10-15 01:27:45.715107 Golf: We should drop Delta and Hotel
ChatterBot Victor reevaluating
2024-10-15 01:27:45.722023 Victor: Yes
2024-10-15 01:27:45.722757 Romeo: Yes
ChatterBot Golf reevaluating
ChatterBot Victor reevaluating
ChatterBot Golf reevaluating
2024-10-15 01:27:45.738798 Delta: Kilo, Papa, Bravo, Lima and Echo, sending you 1
2024-10-15 01:27:45.764550 Romeo: Papa, sending you 2
2024-10-15 01:27:45.765116 Bravo: Delta, sending you 1
2024-10-15 01:27:45.766467 Hotel: Delta and Romeo, sending you 2
2024-10-15 01:27:45.767180 Papa: Delta, Romeo, Hotel, Bravo, Lima and Echo, sending you 1
2024-10-15 01:27:45.825638 Romeo: Bravo, sending you 4
2024-10-15 01:27:45.826747 Bravo: Romeo, Hotel, Kilo, Papa, Lima and Echo, sending you 2
2024-10-15 01:27:45.827666 Hotel: Kilo, Papa, Bravo, Lima and Echo, sending you 1
2024-10-15 01:27:45.828836 Papa: Kilo, sending you 2
2024-10-15 01:27:45.830017 Echo: Delta, Hotel and Papa, sending you 1
2024-10-15 01:27:45.830663 Kilo: Delta, sending you 4
chatterbot Echo submitting transactions
2024-10-15 01:27:45.831723 Romeo: Lima, sending you 5
2024-10-15 01:27:45.881114 Echo: Kilo, Bravo and Lima, sending you 2
2024-10-15 01:27:45.881939 Kilo: Romeo, sending you 1
2024-10-15 01:27:45.883180 Lima: Kilo, sending you 1
2024-10-15 01:27:45.883708 Romeo: Echo, sending you 1
2024-10-15 01:27:45.884787 Victor: Romeo, sending you 3
2024-10-15 01:27:45.904409 Lima: Papa, sending you 2
2024-10-15 01:27:45.905778 Kilo: Hotel, sending you 3
2024-10-15 01:27:45.906879 Victor: Golf, sending you 2
2024-10-15 01:27:45.907346 Golf: Romeo, sending you 3
2024-10-15 01:27:45.975928 Lima: Bravo and Echo, sending you 3
2024-10-15 01:27:45.977243 Golf: Victor, sending you 4
chatterbot Bravo submitting transactions
chatterbot Hotel submitting transactions
chatterbot Romeo submitting transactions
chatterbot Victor submitting transactions
chatterbot Kilo submitting transactions
chatterbot Lima submitting transactions
chatterbot Delta submitting transactions
chatterbot Golf submitting transactions
chatterbot Papa submitting transactions
ChatterBot Delta round 4
ChatterBot Romeo round 4
ChatterBot Hotel round 4
ChatterBot Kilo round 4
ChatterBot Victor round 4
ChatterBot Papa round 4
ChatterBot Bravo round 4
ChatterBot Golf round 4
ChatterBot Lima round 4
ChatterBot Echo round 4
2024-10-15 01:27:46.800345 Kilo: We should replace Romeo with Echo
ChatterBot Hotel reevaluating
2024-10-15 01:27:46.814252 Delta: No
2024-10-15 01:27:46.814683 Hotel: No
ChatterBot Hotel reevaluating
2024-10-15 01:27:46.870385 Lima: We should replace Kilo with Romeo
ChatterBot Papa reevaluating
ChatterBot Echo reevaluating
2024-10-15 01:27:46.897313 Papa: No
2024-10-15 01:27:46.897679 Bravo: No
2024-10-15 01:27:46.898517 Echo: No
ChatterBot Echo reevaluating
ChatterBot Lima reevaluating
ChatterBot Papa reevaluating
ChatterBot Echo reevaluating
ChatterBot Lima reevaluating
ChatterBot Papa reevaluating
2024-10-15 01:27:46.989503 Romeo: We should drop Kilo
ChatterBot Papa reevaluating
ChatterBot Lima reevaluating
ChatterBot Echo reevaluating
2024-10-15 01:27:47.026678 Papa: No
2024-10-15 01:27:47.027100 Bravo: No
2024-10-15 01:27:47.027409 Lima: Yes
2024-10-15 01:27:47.028236 Echo: No
ChatterBot Lima reevaluating
ChatterBot Echo reevaluating
ChatterBot Papa reevaluating
ChatterBot Lima reevaluating
ChatterBot Echo reevaluating
ChatterBot Papa reevaluating
ChatterBot Echo reevaluating
ChatterBot Romeo reevaluating
ChatterBot Papa reevaluating
ChatterBot Lima reevaluating
2024-10-15 01:27:47.171421 Romeo: We should replace Kilo with Delta
ChatterBot Papa reevaluating
ChatterBot Lima reevaluating
ChatterBot Echo reevaluating
2024-10-15 01:27:47.207926 Papa: No
2024-10-15 01:27:47.208755 Bravo: No
2024-10-15 01:27:47.208909 Lima: No
2024-10-15 01:27:47.209053 Echo: No
ChatterBot Romeo reevaluating
ChatterBot Lima reevaluating
ChatterBot Echo reevaluating
ChatterBot Romeo reevaluating
ChatterBot Papa reevaluating
ChatterBot Lima reevaluating
ChatterBot Echo reevaluating
ChatterBot Romeo reevaluating
ChatterBot Papa reevaluating
ChatterBot Echo reevaluating
ChatterBot Romeo reevaluating
ChatterBot Papa reevaluating
ChatterBot Lima reevaluating
2024-10-15 01:27:47.348487 Kilo: Echo we want you to join our group
ChatterBot Echo reevaluating
2024-10-15 01:27:47.358944 Echo: Yes
ChatterBot Hotel reevaluating
2024-10-15 01:27:47.387672 Delta: Romeo, Papa, Bravo and Echo, sending you 1
2024-10-15 01:27:47.388817 Bravo: Delta and Kilo, sending you 1
2024-10-15 01:27:47.391745 Delta: Hotel, sending you 2
2024-10-15 01:27:47.397246 Bravo: Romeo, sending you 3
2024-10-15 01:27:47.398812 Delta: Kilo, sending you 3
2024-10-15 01:27:47.403379 Bravo: Hotel, Papa, Lima and Echo, sending you 2
2024-10-15 01:27:47.405721 Lima: Romeo, sending you 3
2024-10-15 01:27:47.407277 Golf: Romeo, sending you 2
2024-10-15 01:27:47.407696 Kilo: Delta and Echo, sending you 3
2024-10-15 01:27:47.408673 Victor: Romeo, sending you 3
2024-10-15 01:27:47.411708 Lima: Hotel and Papa, sending you 1
2024-10-15 01:27:47.412791 Victor: Golf, sending you 2
2024-10-15 01:27:47.413125 Golf: Victor, sending you 5
2024-10-15 01:27:47.413406 Kilo: Hotel, sending you 2
2024-10-15 01:27:47.414199 Romeo: Papa, sending you 3
2024-10-15 01:27:47.414511 Papa: Delta, Hotel and Echo, sending you 1
2024-10-15 01:27:47.415889 Echo: Delta, Hotel, Kilo and Papa, sending you 1
2024-10-15 01:27:47.416636 Lima: Bravo and Echo, sending you 2
2024-10-15 01:27:47.417601 Hotel: Delta and Romeo, sending you 2
2024-10-15 01:27:47.418396 Romeo: Bravo, sending you 5
2024-10-15 01:27:47.419728 Papa: Romeo, Bravo and Lima, sending you 2
2024-10-15 01:27:47.420881 Hotel: Kilo, Papa, Bravo, Lima and Echo, sending you 1
2024-10-15 01:27:47.421732 Echo: Bravo, sending you 2
2024-10-15 01:27:47.422928 Romeo: Lima, sending you 4
2024-10-15 01:27:47.427738 Echo: Lima, sending you 3
chatterbot Victor submitting transactions
chatterbot Hotel submitting transactions
chatterbot Bravo submitting transactions
chatterbot Lima submitting transactions
chatterbot Papa submitting transactions
chatterbot Kilo submitting transactions
chatterbot Romeo submitting transactions
chatterbot Delta submitting transactions
chatterbot Echo submitting transactions
chatterbot Golf submitting transactions
ChatterBot Delta round 5
ChatterBot Romeo round 5
ChatterBot Hotel round 5
ChatterBot Kilo round 5
ChatterBot Victor round 5
ChatterBot Papa round 5
ChatterBot Bravo round 5
ChatterBot Golf round 5
ChatterBot Lima round 5
ChatterBot Echo round 5
2024-10-15 01:27:48.398246 Papa: We should add Kilo
ChatterBot Bravo reevaluating
ChatterBot Lima reevaluating
ChatterBot Echo reevaluating
2024-10-15 01:27:48.423281 Delta: Yes
2024-10-15 01:27:48.423447 Hotel: Yes
2024-10-15 01:27:48.423593 Romeo: No
2024-10-15 01:27:48.423740 Bravo: Yes
2024-10-15 01:27:48.423873 Lima: No
2024-10-15 01:27:48.424007 Echo: Yes
ChatterBot Bravo reevaluating
ChatterBot Lima reevaluating
ChatterBot Echo reevaluating
ChatterBot Bravo reevaluating
ChatterBot Lima reevaluating
ChatterBot Echo reevaluating
ChatterBot Bravo reevaluating
ChatterBot Lima reevaluating
ChatterBot Echo reevaluating
ChatterBot Lima reevaluating
ChatterBot Echo reevaluating
ChatterBot Papa reevaluating
ChatterBot Bravo reevaluating
ChatterBot Echo reevaluating
ChatterBot Papa reevaluating
ChatterBot Bravo reevaluating
ChatterBot Lima reevaluating
2024-10-15 01:27:48.559077 Kilo: We should drop Hotel and Echo
2024-10-15 01:27:48.562821 Delta: No
2024-10-15 01:27:48.569691 Hotel: Delta and Kilo, sending you 2
2024-10-15 01:27:48.573707 Hotel: Romeo, Papa, Bravo, Lima and Echo, sending you 1
2024-10-15 01:27:48.575442 Papa: Kilo we want you to join our group
2024-10-15 01:27:48.580836 Kilo: No
ChatterBot Papa reevaluating
2024-10-15 01:27:48.612932 Delta: Romeo, Papa, Bravo and Echo, sending you 1
2024-10-15 01:27:48.615951 Romeo: Papa, sending you 3
2024-10-15 01:27:48.616686 Bravo: Delta and Kilo, sending you 1
2024-10-15 01:27:48.618309 Delta: Hotel, sending you 2
2024-10-15 01:27:48.619893 Victor: Romeo and Golf, sending you 2
2024-10-15 01:27:48.620325 Kilo: Sending you 8
2024-10-15 01:27:48.620690 Golf: Romeo, sending you 2
2024-10-15 01:27:48.621680 Echo: Delta, Hotel and Papa, sending you 1
2024-10-15 01:27:48.622714 Lima: Romeo, sending you 3
2024-10-15 01:27:48.623649 Romeo: Bravo, sending you 5
2024-10-15 01:27:48.624157 Bravo: Romeo, sending you 3
2024-10-15 01:27:48.625954 Delta: Kilo, sending you 3
2024-10-15 01:27:48.627352 Golf: Victor, sending you 5
2024-10-15 01:27:48.627755 Echo: Kilo, Bravo and Lima, sending you 2
2024-10-15 01:27:48.629214 Romeo: Lima, sending you 4
2024-10-15 01:27:48.629782 Lima: Papa, Bravo and Echo, sending you 2
2024-10-15 01:27:48.630966 Bravo: Hotel, Papa, Lima and Echo, sending you 2
2024-10-15 01:27:48.649928 Papa: Delta, Hotel, Kilo, Lima and Echo, sending you 1
2024-10-15 01:27:48.659789 Papa: Romeo and Bravo, sending you 2
chatterbot Romeo submitting transactions
chatterbot Echo submitting transactions
chatterbot Victor submitting transactions
chatterbot Kilo submitting transactions
chatterbot Hotel submitting transactions
chatterbot Lima submitting transactions
chatterbot Golf submitting transactions
chatterbot Delta submitting transactions
chatterbot Bravo submitting transactions
chatterbot Papa submitting transactions
ChatterBot Delta round 6
ChatterBot Romeo round 6
ChatterBot Hotel round 6
ChatterBot Kilo round 6
ChatterBot Victor round 6
ChatterBot Papa round 6
ChatterBot Bravo round 6
ChatterBot Golf round 6
ChatterBot Lima round 6
ChatterBot Echo round 6
2024-10-15 01:27:49.781120 Kilo: We should add Hotel
2024-10-15 01:27:49.784247 Delta: Yes
2024-10-15 01:27:49.799226 Kilo: Hotel we want you to join our group
2024-10-15 01:27:49.802032 Hotel: Yes
2024-10-15 01:27:49.811293 Hotel: Delta and Bravo, sending you 2
2024-10-15 01:27:49.812699 Victor: Romeo and Golf, sending you 2
2024-10-15 01:27:49.813040 Delta: Hotel, sending you 2
2024-10-15 01:27:49.814691 Hotel: Romeo, Kilo, Papa, Lima and Echo, sending you 1
2024-10-15 01:27:49.817680 Delta: Kilo, sending you 4
2024-10-15 01:27:49.818386 Echo: Delta, Hotel, Kilo and Papa, sending you 1
2024-10-15 01:27:49.819032 Romeo: Papa, sending you 3
2024-10-15 01:27:49.820681 Delta: Papa, Bravo and Echo, sending you 1
2024-10-15 01:27:49.821863 Golf: Victor, sending you 5
2024-10-15 01:27:49.822868 Echo: Bravo, sending you 2
2024-10-15 01:27:49.823684 Papa: Romeo, Bravo and Lima, sending you 2
2024-10-15 01:27:49.824116 Romeo: Bravo, sending you 5
2024-10-15 01:27:49.826677 Bravo: Delta, Hotel and Kilo, sending you 1
2024-10-15 01:27:49.827683 Echo: Lima, sending you 3
2024-10-15 01:27:49.828902 Romeo: Lima, sending you 4
2024-10-15 01:27:49.829306 Papa: Echo, sending you 1
2024-10-15 01:27:49.829667 Lima: Romeo, sending you 3
2024-10-15 01:27:49.830026 Bravo: Romeo, sending you 4
2024-10-15 01:27:49.832659 Kilo: Delta, sending you 5
2024-10-15 01:27:49.833787 Bravo: Papa, Lima and Echo, sending you 2
2024-10-15 01:27:49.834688 Lima: Papa, Bravo and Echo, sending you 2
2024-10-15 01:27:49.837657 Kilo: Hotel, sending you 3
chatterbot Victor submitting transactions
chatterbot Kilo submitting transactions
chatterbot Hotel submitting transactions
chatterbot Lima submitting transactions
chatterbot Golf submitting transactions
chatterbot Delta submitting transactions
chatterbot Romeo submitting transactions
chatterbot Bravo submitting transactions
chatterbot Echo submitting transactions
chatterbot Papa submitting transactions
ChatterBot Delta round 7
ChatterBot Romeo round 7
ChatterBot Hotel round 7
ChatterBot Kilo round 7
ChatterBot Victor round 7
ChatterBot Papa round 7
ChatterBot Bravo round 7
ChatterBot Golf round 7
ChatterBot Lima round 7
ChatterBot Echo round 7
2024-10-15 01:27:51.070567 Golf: We should drop Victor
2024-10-15 01:27:51.080928 Delta: Yes
2024-10-15 01:27:51.081174 Hotel: Yes
2024-10-15 01:27:51.081425 Kilo: Yes
ChatterBot Golf reevaluating
ChatterBot Golf reevaluating
2024-10-15 01:27:51.112647 Echo: We should drop Delta and Kilo
2024-10-15 01:27:51.132374 Lima: Yes
2024-10-15 01:27:51.132708 Romeo: Yes
2024-10-15 01:27:51.133 Papa: Yes
2024-10-15 01:27:51.133280 Bravo: Yes
2024-10-15 01:27:51.134201 Hotel: No
ChatterBot Echo reevaluating
ChatterBot Echo reevaluating
ChatterBot Hotel reevaluating
ChatterBot Echo reevaluating
ChatterBot Hotel reevaluating
ChatterBot Echo reevaluating
2024-10-15 01:27:51.228677 Romeo: Papa, sending you 3
2024-10-15 01:27:51.233154 Victor: Romeo, sending you 1
2024-10-15 01:27:51.236333 Delta: Hotel, sending you 2
2024-10-15 01:27:51.245122 Kilo: Delta, sending you 5
2024-10-15 01:27:51.247498 Papa: Romeo, Bravo and Lima, sending you 2
2024-10-15 01:27:51.250681 Romeo: Bravo, sending you 5
2024-10-15 01:27:51.253772 Victor: Golf, sending you 2
2024-10-15 01:27:51.254555 Delta: Kilo, sending you 4
2024-10-15 01:27:51.257452 Kilo: Hotel, sending you 3
2024-10-15 01:27:51.258886 Papa: Echo, sending you 1
2024-10-15 01:27:51.260219 Romeo: Lima, sending you 4
2024-10-15 01:27:51.262235 Golf: Victor, sending you 5
2024-10-15 01:27:51.263157 Lima: Romeo, sending you 3
2024-10-15 01:27:51.265335 Delta: Papa, Bravo and Echo, sending you 1
2024-10-15 01:27:51.269694 Lima: Papa, Bravo and Echo, sending you 2
2024-10-15 01:27:51.272679 Bravo: Romeo, sending you 4
2024-10-15 01:27:51.273686 Hotel: Romeo, Papa and Echo, sending you 2
2024-10-15 01:27:51.276674 Bravo: Hotel, Papa and Echo, sending you 2
2024-10-15 01:27:51.278222 Hotel: Bravo, sending you 3
2024-10-15 01:27:51.278888 Echo: Hotel and Papa, sending you 1
2024-10-15 01:27:51.279692 Bravo: Lima, sending you 3
2024-10-15 01:27:51.281693 Echo: Bravo and Lima, sending you 3
chatterbot Papa submitting transactions
chatterbot Delta submitting transactions
chatterbot Hotel submitting transactions
chatterbot Romeo submitting transactions
chatterbot Kilo submitting transactions
chatterbot Victor submitting transactions
chatterbot Golf submitting transactions
chatterbot Lima submitting transactions
chatterbot Bravo submitting transactions
chatterbot Echo submitting transactions
ChatterBot Delta round 8
ChatterBot Romeo round 8
ChatterBot Hotel round 8
ChatterBot Kilo round 8
ChatterBot Victor round 8
ChatterBot Papa round 8
ChatterBot Bravo round 8
ChatterBot Golf round 8
ChatterBot Lima round 8
ChatterBot Echo round 8
2024-10-15 01:27:52.319864 Hotel: We would work well together
2024-10-15 01:27:52.335509 Golf: No
2024-10-15 01:27:52.335794 Delta: No
2024-10-15 01:27:52.336762 Kilo: No
ChatterBot Golf reevaluating
ChatterBot Hotel reevaluating
ChatterBot Golf reevaluating
ChatterBot Hotel reevaluating
2024-10-15 01:27:52.389231 Victor: We should drop Romeo
ChatterBot Golf reevaluating
2024-10-15 01:27:52.393379 Golf: Yes
2024-10-15 01:27:52.398157 Golf: We should replace Echo with Hotel
2024-10-15 01:27:52.401465 Victor: No
ChatterBot Golf reevaluating
2024-10-15 01:27:52.418431 Delta: Hotel, sending you 2
2024-10-15 01:27:52.428194 Bravo: Romeo, sending you 4
2024-10-15 01:27:52.429159 Delta: Kilo, sending you 5
2024-10-15 01:27:52.438749 Hotel: Delta and Kilo, sending you 4
2024-10-15 01:27:52.439448 Victor: Same as last round
2024-10-15 01:27:52.439852 Echo: Hotel, sending you 2
2024-10-15 01:27:52.441001 Bravo: Hotel, Papa, Lima and Echo, sending you 2
2024-10-15 01:27:52.442458 Papa: Romeo, Bravo and Lima, sending you 2
2024-10-15 01:27:52.443128 Delta: Bravo and Echo, sending you 1
2024-10-15 01:27:52.444885 Romeo: Papa, sending you 3
2024-10-15 01:27:52.445432 Hotel: Golf, sending you 1
2024-10-15 01:27:52.446364 Echo: Papa, sending you 1
2024-10-15 01:27:52.446901 Kilo: Delta, sending you 5
2024-10-15 01:27:52.447299 Papa: Echo, sending you 1
2024-10-15 01:27:52.448297 Romeo: Bravo, sending you 5
2024-10-15 01:27:52.449815 Lima: Romeo, sending you 3
2024-10-15 01:27:52.450712 Echo: Bravo and Lima, sending you 3
2024-10-15 01:27:52.451930 Kilo: Hotel, sending you 3
2024-10-15 01:27:52.452389 Golf: Sending you each 3
2024-10-15 01:27:52.452821 Lima: Papa, Bravo and Echo, sending you 2
2024-10-15 01:27:52.453966 Romeo: Lima, sending you 4
chatterbot Hotel submitting transactions
chatterbot Victor submitting transactions
chatterbot Papa submitting transactions
chatterbot Bravo submitting transactions
chatterbot Lima submitting transactions
chatterbot Delta submitting transactions
chatterbot Golf submitting transactions
chatterbot Echo submitting transactions
chatterbot Romeo submitting transactions
chatterbot Kilo submitting transactions
ChatterBot Delta round 9
ChatterBot Romeo round 9
ChatterBot Hotel round 9
ChatterBot Kilo round 9
ChatterBot Victor round 9
ChatterBot Papa round 9
ChatterBot Bravo round 9
ChatterBot Golf round 9
ChatterBot Lima round 9
ChatterBot Echo round 9
2024-10-15 01:27:53.530386 Hotel: We should drop Golf
2024-10-15 01:27:53.536452 Kilo: Yes
2024-10-15 01:27:53.536627 Delta: Yes
ChatterBot Hotel reevaluating
ChatterBot Hotel reevaluating
2024-10-15 01:27:53.556769 Romeo: We should drop Echo
ChatterBot Bravo reevaluating
2024-10-15 01:27:53.566515 Papa: No
2024-10-15 01:27:53.566778 Bravo: No
2024-10-15 01:27:53.566923 Lima: No
ChatterBot Romeo reevaluating
ChatterBot Bravo reevaluating
ChatterBot Romeo reevaluating
ChatterBot Romeo reevaluating
ChatterBot Bravo reevaluating
2024-10-15 01:27:53.604710 Kilo: Delta, sending you 5
2024-10-15 01:27:53.605976 Victor: Same as last round
2024-10-15 01:27:53.606323 Delta: Hotel, sending you 2
2024-10-15 01:27:53.610671 Kilo: Hotel, sending you 3
2024-10-15 01:27:53.611525 Delta: Kilo, sending you 5
2024-10-15 01:27:53.612381 Lima: Romeo, sending you 3
2024-10-15 01:27:53.612858 Papa: Romeo, Bravo and Lima, sending you 2
2024-10-15 01:27:53.614663 Delta: Bravo and Echo, sending you 1
2024-10-15 01:27:53.616668 Lima: Papa, Bravo and Echo, sending you 2
2024-10-15 01:27:53.617133 Papa: Echo, sending you 1
2024-10-15 01:27:53.623695 Golf: Hotel, sending you 7
2024-10-15 01:27:53.624449 Echo: Papa, sending you 2
2024-10-15 01:27:53.628980 Bravo: Romeo, sending you 4
2024-10-15 01:27:53.629677 Echo: Bravo and Lima, sending you 3
2024-10-15 01:27:53.630437 Hotel: Delta, sending you 4
2024-10-15 01:27:53.632680 Bravo: Hotel, Papa and Lima, sending you 2
2024-10-15 01:27:53.634654 Hotel: Kilo, sending you 5
2024-10-15 01:27:53.635713 Bravo: Echo, sending you 3
chatterbot Bravo submitting transactions
chatterbot Echo submitting transactions
chatterbot Romeo submitting transactions
chatterbot Victor submitting transactions
chatterbot Lima submitting transactions
chatterbot Papa submitting transactions
chatterbot Delta submitting transactions
chatterbot Kilo submitting transactions
chatterbot Hotel submitting transactions
chatterbot Golf submitting transactions
ChatterBot Delta round 10
ChatterBot Romeo round 10
ChatterBot Hotel round 10
ChatterBot Kilo round 10
ChatterBot Victor round 10
ChatterBot Papa round 10
ChatterBot Bravo round 10
ChatterBot Golf round 10
ChatterBot Lima round 10
ChatterBot Echo round 10
2024-10-15 01:27:54.787656 Echo: We should add Hotel
ChatterBot Romeo reevaluating
2024-10-15 01:27:54.803093 Romeo: No
2024-10-15 01:27:54.803338 Papa: No
2024-10-15 01:27:54.803531 Bravo: No
2024-10-15 01:27:54.803728 Lima: No
ChatterBot Echo reevaluating
ChatterBot Romeo reevaluating
ChatterBot Echo reevaluating
ChatterBot Romeo reevaluating
ChatterBot Echo reevaluating
ChatterBot Romeo reevaluating
ChatterBot Echo reevaluating
2024-10-15 01:27:54.891684 Hotel: Delta, sending you 4
2024-10-15 01:27:54.892832 Papa: Romeo, Bravo and Lima, sending you 2
2024-10-15 01:27:54.894684 Delta: Hotel, sending you 3
2024-10-15 01:27:54.896554 Golf: Hotel, sending you 8
2024-10-15 01:27:54.897268 Hotel: Kilo, sending you 5
2024-10-15 01:27:54.898461 Bravo: Romeo, sending you 4
2024-10-15 01:27:54.899658 Papa: Echo, sending you 1
2024-10-15 01:27:54.901364 Echo: Papa, sending you 2
2024-10-15 01:27:54.902752 Delta: Kilo, sending you 5
2024-10-15 01:27:54.904405 Kilo: Delta, sending you 5
2024-10-15 01:27:54.904924 Victor: Same as last round
2024-10-15 01:27:54.905290 Bravo: Papa, Lima and Echo, sending you 3
2024-10-15 01:27:54.906703 Echo: Bravo and Lima, sending you 3
2024-10-15 01:27:54.908069 Romeo: Papa, sending you 3
2024-10-15 01:27:54.908760 Lima: Romeo, sending you 3
2024-10-15 01:27:54.909829 Delta: Bravo, sending you 1
2024-10-15 01:27:54.911249 Kilo: Hotel, sending you 3
2024-10-15 01:27:54.913683 Romeo: Bravo, sending you 5
2024-10-15 01:27:54.915227 Lima: Papa, Bravo and Echo, sending you 2
2024-10-15 01:27:54.924168 Romeo: Lima, sending you 4
chatterbot Golf submitting transactions
chatterbot Echo submitting transactions
chatterbot Delta submitting transactions
chatterbot Victor submitting transactions
chatterbot Romeo submitting transactions
chatterbot Hotel submitting transactions
chatterbot Lima submitting transactions
chatterbot Kilo submitting transactions
chatterbot Bravo submitting transactions
chatterbot Papa submitting transactions
ChatterBot Delta round 11
ChatterBot Romeo round 11
ChatterBot Hotel round 11
ChatterBot Kilo round 11
ChatterBot Victor round 11
ChatterBot Papa round 11
ChatterBot Bravo round 11
ChatterBot Golf round 11
ChatterBot Lima round 11
ChatterBot Echo round 11
2024-10-15 01:27:56.126628 Golf: We should add Victor
ChatterBot Hotel reevaluating
2024-10-15 01:27:56.142608 Delta: No
2024-10-15 01:27:56.142948 Hotel: No
2024-10-15 01:27:56.143216 Kilo: No
ChatterBot Golf reevaluating
ChatterBot Hotel reevaluating
ChatterBot Golf reevaluating
ChatterBot Golf reevaluating
ChatterBot Hotel reevaluating
2024-10-15 01:27:56.231765 Romeo: We should drop Echo
2024-10-15 01:27:56.249027 Papa: No
2024-10-15 01:27:56.250218 Bravo: No
2024-10-15 01:27:56.250782 Lima: No
ChatterBot Romeo reevaluating
2024-10-15 01:27:56.309074 Delta: Hotel, sending you 3
2024-10-15 01:27:56.312495 Papa: Romeo, Bravo and Lima, sending you 2
2024-10-15 01:27:56.314819 Bravo: Romeo, sending you 4
2024-10-15 01:27:56.317079 Victor: Same as last round
2024-10-15 01:27:56.317719 Delta: Kilo, sending you 6
2024-10-15 01:27:56.319833 Papa: Echo, sending you 1
2024-10-15 01:27:56.321656 Kilo: Sending you each 4
2024-10-15 01:27:56.323327 Echo: Papa, sending you 2
2024-10-15 01:27:56.325898 Bravo: Papa, Lima and Echo, sending you 3
2024-10-15 01:27:56.328677 Golf: Hotel, sending you 9
2024-10-15 01:27:56.330452 Hotel: Delta, sending you 4
2024-10-15 01:27:56.332432 Echo: Bravo and Lima, sending you 3
2024-10-15 01:27:56.345970 Hotel: Kilo, sending you 5
2024-10-15 01:27:56.347234 Lima: Romeo, sending you 3
2024-10-15 01:27:56.349312 Romeo: Papa, sending you 3
2024-10-15 01:27:56.369343 Lima: Papa, Bravo and Echo, sending you 2
2024-10-15 01:27:56.373903 Romeo: Bravo, sending you 5
2024-10-15 01:27:56.811259 Romeo: Lima, sending you 4
chatterbot Delta submitting transactions
chatterbot Victor submitting transactions
chatterbot Golf submitting transactions
chatterbot Echo submitting transactions
chatterbot Papa submitting transactions
chatterbot Romeo submitting transactions
chatterbot Hotel submitting transactions
chatterbot Lima submitting transactions
chatterbot Bravo submitting transactions
chatterbot Kilo submitting transactions
ChatterBot Delta round 12
ChatterBot Romeo round 12
ChatterBot Hotel round 12
ChatterBot Kilo round 12
ChatterBot Victor round 12
ChatterBot Papa round 12
ChatterBot Bravo round 12
ChatterBot Golf round 12
ChatterBot Lima round 12
ChatterBot Echo round 12
2024-10-15 01:27:57.812191 Delta: Group up?
ChatterBot Hotel reevaluating
2024-10-15 01:27:57.830062 Kilo: No
2024-10-15 01:27:57.830881 Hotel: No
2024-10-15 01:27:57.831050 Echo: No
ChatterBot Delta reevaluating
ChatterBot Hotel reevaluating
ChatterBot Delta reevaluating
ChatterBot Delta reevaluating
ChatterBot Hotel reevaluating
2024-10-15 01:27:57.905266 Bravo: We should add Golf
2024-10-15 01:27:57.928578 Romeo: No
2024-10-15 01:27:57.928847 Papa: No
2024-10-15 01:27:57.929067 Lima: No
2024-10-15 01:27:57.929268 Echo: No
ChatterBot Bravo reevaluating
ChatterBot Bravo reevaluating
ChatterBot Bravo reevaluating
ChatterBot Romeo reevaluating
ChatterBot Bravo reevaluating
2024-10-15 01:27:58.048169 Hotel: We should add Golf
ChatterBot Delta reevaluating
2024-10-15 01:27:58.059458 Kilo: No
2024-10-15 01:27:58.060172 Delta: No
ChatterBot Delta reevaluating
ChatterBot Hotel reevaluating
ChatterBot Hotel reevaluating
2024-10-15 01:27:58.089705 Hotel: Echo we want you to join our group
2024-10-15 01:27:58.094927 Echo: No
ChatterBot Delta reevaluating
2024-10-15 01:27:58.106467 Kilo: Same as last round
2024-10-15 01:27:58.110719 Bravo: Romeo, sending you 4
2024-10-15 01:27:58.112529 Papa: Romeo, Bravo and Lima, sending you 2
2024-10-15 01:27:58.113943 Victor: Same as last round
2024-10-15 01:27:58.114897 Echo: Papa, sending you 2
2024-10-15 01:27:58.115650 Lima: Romeo, sending you 3
2024-10-15 01:27:58.116883 Golf: Hotel, sending you 9
2024-10-15 01:27:58.117455 Bravo: Papa, Lima and Echo, sending you 3
2024-10-15 01:27:58.118875 Papa: Echo, sending you 1
2024-10-15 01:27:58.120652 Echo: Bravo and Lima, sending you 3
2024-10-15 01:27:58.121674 Lima: Papa, Bravo and Echo, sending you 2
2024-10-15 01:27:58.123004 Hotel: Delta, sending you 3
2024-10-15 01:27:58.129224 Hotel: Kilo, sending you 4
2024-10-15 01:27:58.129837 Romeo: Papa, sending you 3
2024-10-15 01:27:58.133155 Hotel: Echo, sending you 2
2024-10-15 01:27:58.133672 Romeo: Bravo, sending you 5
2024-10-15 01:27:58.137671 Romeo: Lima, sending you 4
2024-10-15 01:27:58.141905 Delta: Hotel, sending you 3
2024-10-15 01:27:58.147671 Delta: Kilo, sending you 6
chatterbot Kilo submitting transactions
chatterbot Papa submitting transactions
chatterbot Romeo submitting transactions
chatterbot Bravo submitting transactions
chatterbot Delta submitting transactions
chatterbot Echo submitting transactions
chatterbot Hotel submitting transactions
chatterbot Lima submitting transactions
chatterbot Golf submitting transactions
chatterbot Victor submitting transactions
ChatterBot Delta round 13
ChatterBot Romeo round 13
ChatterBot Hotel round 13
ChatterBot Kilo round 13
ChatterBot Victor round 13
ChatterBot Papa round 13
ChatterBot Bravo round 13
ChatterBot Golf round 13
ChatterBot Lima round 13
ChatterBot Echo round 13
2024-10-15 01:27:59.307631 Hotel: We should replace Echo with Golf
ChatterBot Delta reevaluating
2024-10-15 01:27:59.316944 Kilo: No
2024-10-15 01:27:59.317258 Delta: Yes
ChatterBot Delta reevaluating
ChatterBot Hotel reevaluating
2024-10-15 01:27:59.375992 Romeo: We should drop Echo
2024-10-15 01:27:59.392482 Papa: No
2024-10-15 01:27:59.393510 Bravo: No
2024-10-15 01:27:59.393865 Lima: No
2024-10-15 01:27:59.454937 Bravo: Romeo, sending you 4
2024-10-15 01:27:59.457575 Golf: Hotel, sending you 9
2024-10-15 01:27:59.470912 Bravo: Papa, Lima and Echo, sending you 3
2024-10-15 01:27:59.473901 Echo: Papa, sending you 2
2024-10-15 01:27:59.476124 Victor: Golf, sending you 2
2024-10-15 01:27:59.477747 Papa: Romeo, Bravo and Lima, sending you 2
2024-10-15 01:27:59.479839 Lima: Romeo, sending you 3
2024-10-15 01:27:59.481744 Delta: Hotel, sending you 4
2024-10-15 01:27:59.482371 Echo: Bravo and Lima, sending you 3
2024-10-15 01:27:59.484036 Romeo: Papa, sending you 3
2024-10-15 01:27:59.484969 Hotel: Delta, sending you 3
2024-10-15 01:27:59.485854 Kilo: Same as last round
2024-10-15 01:27:59.486378 Papa: Echo, sending you 1
2024-10-15 01:27:59.487647 Delta: Kilo, sending you 5
2024-10-15 01:27:59.488227 Lima: Papa, Bravo and Echo, sending you 2
2024-10-15 01:27:59.489770 Romeo: Bravo, sending you 5
2024-10-15 01:27:59.538063 Hotel: Kilo, sending you 4
2024-10-15 01:27:59.540290 Romeo: Lima, sending you 4
2024-10-15 01:27:59.685173 Hotel: Echo, sending you 2
chatterbot Delta submitting transactions
chatterbot Golf submitting transactions
chatterbot Kilo submitting transactions
chatterbot Bravo submitting transactions
chatterbot Hotel submitting transactions
chatterbot Victor submitting transactions
chatterbot Papa submitting transactions
chatterbot Echo submitting transactions
chatterbot Lima submitting transactions
chatterbot Romeo submitting transactions
ChatterBot Delta round 14
ChatterBot Romeo round 14
ChatterBot Hotel round 14
ChatterBot Kilo round 14
ChatterBot Victor round 14
ChatterBot Papa round 14
ChatterBot Bravo round 14
ChatterBot Golf round 14
ChatterBot Lima round 14
ChatterBot Echo round 14
2024-10-15 01:28:00.743003 Delta: We should add Papa
2024-10-15 01:28:00.756164 Kilo: No
2024-10-15 01:28:00.756564 Hotel: No
ChatterBot Delta reevaluating
ChatterBot Delta reevaluating
2024-10-15 01:28:00.797025 Bravo: We should add Victor
2024-10-15 01:28:00.812969 Romeo: No
2024-10-15 01:28:00.813450 Papa: No
2024-10-15 01:28:00.813726 Lima: No
2024-10-15 01:28:00.813906 Echo: No
ChatterBot Bravo reevaluating
ChatterBot Bravo reevaluating
ChatterBot Bravo reevaluating
ChatterBot Bravo reevaluating
2024-10-15 01:28:00.901603 Romeo: We should add Echo
ChatterBot Bravo reevaluating
2024-10-15 01:28:00.916926 Papa: Yes
2024-10-15 01:28:00.917560 Bravo: Yes
2024-10-15 01:28:00.917710 Lima: Yes
ChatterBot Romeo reevaluating
ChatterBot Bravo reevaluating
ChatterBot Romeo reevaluating
ChatterBot Romeo reevaluating
ChatterBot Bravo reevaluating
2024-10-15 01:28:00.975530 Delta: We should add Golf
ChatterBot Hotel reevaluating
2024-10-15 01:28:00.982863 Kilo: No
2024-10-15 01:28:00.982997 Hotel: Yes
ChatterBot Delta reevaluating
ChatterBot Hotel reevaluating
ChatterBot Delta reevaluating
2024-10-15 01:28:00.996863 Hotel: We should replace Echo with Golf
ChatterBot Delta reevaluating
2024-10-15 01:28:01.004277 Kilo: No
2024-10-15 01:28:01.004393 Delta: No
ChatterBot Delta reevaluating
ChatterBot Hotel reevaluating
ChatterBot Hotel reevaluating
2024-10-15 01:28:01.017923 Victor: We should drop Hotel
2024-10-15 01:28:01.020589 Golf: No
