ChatterBot Golf round 1
ChatterBot Bravo round 1
ChatterBot Juliett round 1
ChatterBot Alpha round 1
ChatterBot Lima round 1
ChatterBot Oscar round 1
ChatterBot Zulu round 1
ChatterBot Victor round 1
ChatterBot Quebec round 1
ChatterBot Uniform round 1
randomSelections Alpha: {Alpha, Zulu, Quebec, Juliett, Bravo, Lima} 
2024-10-15 01:27:41.100042 Alpha: Friends?
ChatterBot Zulu reevaluating
ChatterBot Quebec reevaluating
ChatterBot Juliett reevaluating
ChatterBot Bravo reevaluating
ChatterBot Lima reevaluating
2024-10-15 01:27:41.117461 Zulu: Yes
2024-10-15 01:27:41.117648 Quebec: Yes
2024-10-15 01:27:41.117880 Juliett: Yes
2024-10-15 01:27:41.118832 Bravo: Yes
2024-10-15 01:27:41.118947 Lima: Yes
ChatterBot Quebec reevaluating
ChatterBot Juliett reevaluating
ChatterBot Bravo reevaluating
ChatterBot Lima reevaluating
ChatterBot Zulu reevaluating
ChatterBot Juliett reevaluating
ChatterBot Bravo reevaluating
ChatterBot Lima reevaluating
ChatterBot Zulu reevaluating
ChatterBot Quebec reevaluating
ChatterBot Bravo reevaluating
ChatterBot Lima reevaluating
ChatterBot Zulu reevaluating
ChatterBot Quebec reevaluating
ChatterBot Juliett reevaluating
ChatterBot Lima reevaluating
ChatterBot Zulu reevaluating
ChatterBot Quebec reevaluating
ChatterBot Juliett reevaluating
ChatterBot Bravo reevaluating
randomSelections Golf: {Golf, Alpha, Oscar, Lima, Bravo, Juliett, Quebec, Uniform} 
2024-10-15 01:27:41.196344 Golf: We would work well together
ChatterBot Oscar reevaluating
ChatterBot Lima reevaluating
ChatterBot Bravo reevaluating
ChatterBot Juliett reevaluating
ChatterBot Quebec reevaluating
ChatterBot Uniform reevaluating
2024-10-15 01:27:41.212864 Alpha: No
2024-10-15 01:27:41.213067 Oscar: Yes
2024-10-15 01:27:41.213191 Lima: No
2024-10-15 01:27:41.213350 Bravo: No
2024-10-15 01:27:41.213528 Juliett: No
2024-10-15 01:27:41.214192 Quebec: No
2024-10-15 01:27:41.214339 Uniform: Yes
ChatterBot Oscar reevaluating
ChatterBot Lima reevaluating
ChatterBot Bravo reevaluating
ChatterBot Juliett reevaluating
ChatterBot Quebec reevaluating
ChatterBot Uniform reevaluating
ChatterBot Lima reevaluating
ChatterBot Bravo reevaluating
ChatterBot Juliett reevaluating
ChatterBot Quebec reevaluating
ChatterBot Uniform reevaluating
ChatterBot Oscar reevaluating
ChatterBot Bravo reevaluating
ChatterBot Juliett reevaluating
ChatterBot Quebec reevaluating
ChatterBot Uniform reevaluating
ChatterBot Oscar reevaluating
ChatterBot Lima reevaluating
ChatterBot Juliett reevaluating
ChatterBot Quebec reevaluating
ChatterBot Uniform reevaluating
ChatterBot Oscar reevaluating
ChatterBot Lima reevaluating
ChatterBot Bravo reevaluating
ChatterBot Quebec reevaluating
ChatterBot Uniform reevaluating
ChatterBot Oscar reevaluating
ChatterBot Lima reevaluating
ChatterBot Bravo reevaluating
ChatterBot Juliett reevaluating
ChatterBot Uniform reevaluating
ChatterBot Oscar reevaluating
ChatterBot Lima reevaluating
ChatterBot Bravo reevaluating
ChatterBot Juliett reevaluating
ChatterBot Quebec reevaluating
randomSelections Victor: {Victor, Golf, Alpha, Quebec, Juliett, Zulu} 
2024-10-15 01:27:41.301300 Victor: We would work well together
ChatterBot Quebec reevaluating
ChatterBot Juliett reevaluating
ChatterBot Zulu reevaluating
2024-10-15 01:27:41.306070 Golf: No
2024-10-15 01:27:41.306184 Alpha: No
2024-10-15 01:27:41.306269 Quebec: No
2024-10-15 01:27:41.306353 Juliett: No
2024-10-15 01:27:41.306436 Zulu: No
ChatterBot Quebec reevaluating
ChatterBot Juliett reevaluating
ChatterBot Zulu reevaluating
ChatterBot Quebec reevaluating
ChatterBot Juliett reevaluating
ChatterBot Zulu reevaluating
ChatterBot Juliett reevaluating
ChatterBot Zulu reevaluating
ChatterBot Quebec reevaluating
ChatterBot Zulu reevaluating
ChatterBot Quebec reevaluating
ChatterBot Juliett reevaluating
2024-10-15 01:27:41.343668 Oscar: Golf, Alpha and Quebec, sending you 1
2024-10-15 01:27:41.344129 Lima: Bravo and Quebec, sending you 1
2024-10-15 01:27:41.347673 Oscar: Juliett and Uniform, sending you 2
2024-10-15 01:27:41.348183 Lima: Juliett and Alpha, sending you 3
2024-10-15 01:27:41.348701 Zulu: Bravo and Lima, sending you 2
2024-10-15 01:27:41.349684 Victor: Golf, Juliett and Zulu, sending you 2
2024-10-15 01:27:41.351693 Uniform: Bravo, sending you 3
2024-10-15 01:27:41.352160 Lima: Zulu, sending you 2
2024-10-15 01:27:41.352411 Zulu: Juliett, sending you 1
2024-10-15 01:27:41.352711 Victor: Alpha, sending you 3
2024-10-15 01:27:41.353672 Alpha: Juliett and Lima, sending you 2
2024-10-15 01:27:41.354694 Bravo: Juliett and Quebec, sending you 3
2024-10-15 01:27:41.355155 Uniform: Juliett and Oscar, sending you 1
2024-10-15 01:27:41.355727 Golf: Bravo, sending you 1
2024-10-15 01:27:41.356684 Zulu: Alpha, sending you 3
2024-10-15 01:27:41.357060 Victor: Quebec, sending you 1
2024-10-15 01:27:41.357658 Alpha: Zulu, sending you 4
2024-10-15 01:27:41.358670 Quebec: Bravo and Juliett, sending you 3
2024-10-15 01:27:41.358957 Bravo: Alpha, Lima and Zulu, sending you 2
2024-10-15 01:27:41.359204 Uniform: Alpha and Lima, sending you 2
2024-10-15 01:27:41.359664 Juliett: Bravo, Alpha and Lima, sending you 4
2024-10-15 01:27:41.360070 Golf: Alpha, sending you 2
2024-10-15 01:27:41.362156 Zulu: Quebec, sending you 5
2024-10-15 01:27:41.362483 Alpha: Quebec, sending you 1
2024-10-15 01:27:41.362731 Quebec: Alpha and Lima, sending you 1
2024-10-15 01:27:41.363691 Juliett: Zulu and Quebec, sending you 1
chatterbot Quebec submitting transactions
chatterbot Juliett submitting transactions
chatterbot Lima submitting transactions
chatterbot Uniform submitting transactions
chatterbot Zulu submitting transactions
chatterbot Alpha submitting transactions
chatterbot Bravo submitting transactions
chatterbot Golf submitting transactions
chatterbot Victor submitting transactions
chatterbot Oscar submitting transactions
ChatterBot Golf round 2
ChatterBot Bravo round 2
ChatterBot Juliett round 2
ChatterBot Alpha round 2
ChatterBot Lima round 2
ChatterBot Oscar round 2
ChatterBot Zulu round 2
2024-10-15 01:27:44.826880 Lima: We should add Uniform
ChatterBot Alpha reevaluating
ChatterBot Zulu reevaluating
ChatterBot Quebec reevaluating
ChatterBot Bravo reevaluating
2024-10-15 01:27:44.876832 Alpha: No
2024-10-15 01:27:44.877567 Zulu: No
2024-10-15 01:27:44.877878 Quebec: No
2024-10-15 01:27:44.878754 Juliett: No
2024-10-15 01:27:44.880049 Bravo: No
ChatterBot Zulu reevaluating
ChatterBot Quebec reevaluating
ChatterBot Bravo reevaluating
ChatterBot Alpha reevaluating
ChatterBot Quebec reevaluating
ChatterBot Bravo reevaluating
ChatterBot Lima reevaluating
ChatterBot Alpha reevaluating
ChatterBot Zulu reevaluating
ChatterBot Bravo reevaluating
ChatterBot Lima reevaluating
ChatterBot Alpha reevaluating
ChatterBot Zulu reevaluating
ChatterBot Quebec reevaluating
ChatterBot Bravo reevaluating
ChatterBot Lima reevaluating
ChatterBot Alpha reevaluating
ChatterBot Zulu reevaluating
ChatterBot Quebec reevaluating
ChatterBot Lima reevaluating
ChatterBot Victor round 2
2024-10-15 01:27:45.092985 Golf: Friends?
ChatterBot Oscar reevaluating
ChatterBot Uniform reevaluating
2024-10-15 01:27:45.119329 Oscar: Yes
2024-10-15 01:27:45.119484 Uniform: No
ChatterBot Uniform reevaluating
ChatterBot Oscar reevaluating
ChatterBot Quebec round 2
ChatterBot Uniform round 2
2024-10-15 01:27:45.197375 Alpha: Victor we want you to join our group
ChatterBot Victor reevaluating
2024-10-15 01:27:45.205409 Victor: Yes
ChatterBot Alpha reevaluating
ChatterBot Lima reevaluating
2024-10-15 01:27:45.246390 Victor: We should group up
2024-10-15 01:27:45.247499 Lima: We should add Victor
ChatterBot Alpha reevaluating
ChatterBot Lima reevaluating
2024-10-15 01:27:45.287153 Alpha: Yes
2024-10-15 01:27:45.287356 Bravo: No
2024-10-15 01:27:45.287551 Juliett: No
2024-10-15 01:27:45.287726 Lima: Yes
2024-10-15 01:27:45.287871 Zulu: No
2024-10-15 01:27:45.288630 Quebec: No
ChatterBot Alpha reevaluating
ChatterBot Zulu reevaluating
2024-10-15 01:27:45.314390 Alpha: Yes
2024-10-15 01:27:45.315051 Zulu: Yes
2024-10-15 01:27:45.315169 Quebec: No
2024-10-15 01:27:45.315278 Juliett: No
2024-10-15 01:27:45.315373 Bravo: No
ChatterBot Juliett reevaluating
ChatterBot Lima reevaluating
ChatterBot Zulu reevaluating
ChatterBot Victor reevaluating
ChatterBot Alpha reevaluating
ChatterBot Juliett reevaluating
ChatterBot Lima reevaluating
ChatterBot Zulu reevaluating
ChatterBot Victor reevaluating
ChatterBot Alpha reevaluating
ChatterBot Lima reevaluating
ChatterBot Zulu reevaluating
ChatterBot Victor reevaluating
ChatterBot Alpha reevaluating
ChatterBot Juliett reevaluating
ChatterBot Zulu reevaluating
ChatterBot Victor reevaluating
ChatterBot Alpha reevaluating
ChatterBot Juliett reevaluating
ChatterBot Lima reevaluating
ChatterBot Victor reevaluating
ChatterBot Alpha reevaluating
ChatterBot Juliett reevaluating
ChatterBot Lima reevaluating
ChatterBot Zulu reevaluating
ChatterBot Victor reevaluating
ChatterBot Juliett reevaluating
ChatterBot Lima reevaluating
ChatterBot Zulu reevaluating
ChatterBot Alpha reevaluating
ChatterBot Juliett reevaluating
ChatterBot Lima reevaluating
ChatterBot Alpha reevaluating
ChatterBot Juliett reevaluating
ChatterBot Lima reevaluating
ChatterBot Zulu reevaluating
ChatterBot Alpha reevaluating
ChatterBot Lima reevaluating
ChatterBot Zulu reevaluating
ChatterBot Alpha reevaluating
ChatterBot Juliett reevaluating
ChatterBot Lima reevaluating
ChatterBot Zulu reevaluating
2024-10-15 01:27:45.778315 Bravo: We should drop Alpha
ChatterBot Juliett reevaluating
ChatterBot Lima reevaluating
ChatterBot Zulu reevaluating
2024-10-15 01:27:45.805045 Juliett: No
2024-10-15 01:27:45.806159 Lima: No
2024-10-15 01:27:45.806418 Zulu: No
2024-10-15 01:27:45.806771 Quebec: No
ChatterBot Lima reevaluating
ChatterBot Zulu reevaluating
ChatterBot Juliett reevaluating
ChatterBot Zulu reevaluating
ChatterBot Juliett reevaluating
ChatterBot Lima reevaluating
ChatterBot Juliett reevaluating
ChatterBot Lima reevaluating
ChatterBot Zulu reevaluating
chatterbot Juliett submitting transactions
2024-10-15 01:27:45.931063 Golf: Oscar, sending you 3
2024-10-15 01:27:45.931539 Oscar: Golf, sending you 3
2024-10-15 01:27:45.981295 Lima: Victor we want you to join our group
ChatterBot Victor reevaluating
2024-10-15 01:27:45.986953 Victor: Yes
2024-10-15 01:27:46.011393 Oscar: Uniform, sending you 4
chatterbot Victor submitting transactions
2024-10-15 01:27:46.053939 Uniform: Golf, sending you 2
2024-10-15 01:27:46.055223 Quebec: Bravo, sending you 2
2024-10-15 01:27:46.057304 Bravo: Juliett, sending you 5
2024-10-15 01:27:46.058736 Zulu: Bravo and Lima, sending you 3
2024-10-15 01:27:46.059610 Juliett: Bravo, Alpha, Lima and Quebec, sending you 3
2024-10-15 01:27:46.061678 Uniform: Oscar, sending you 7
chatterbot Uniform submitting transactions
2024-10-15 01:27:46.063579 Quebec: Juliett and Alpha, sending you 1
2024-10-15 01:27:46.065439 Bravo: Lima, sending you 1
2024-10-15 01:27:46.066156 Zulu: Juliett, sending you 2
2024-10-15 01:27:46.067762 Juliett: Zulu, sending you 2
2024-10-15 01:27:46.069606 Lima: Bravo, Alpha and Zulu, sending you 2
2024-10-15 01:27:46.070296 Quebec: Zulu, sending you 4
2024-10-15 01:27:46.071833 Bravo: Zulu, sending you 2
2024-10-15 01:27:46.072365 Zulu: Alpha, sending you 5
2024-10-15 01:27:46.073876 Lima: Juliett, sending you 3
2024-10-15 01:27:46.082596 Bravo: Quebec, sending you 4
2024-10-15 01:27:46.083011 Zulu: Quebec, sending you 1
2024-10-15 01:27:46.084021 Lima: Quebec, sending you 1
2024-10-15 01:27:46.125167 Alpha: Bravo and Quebec, sending you 1
2024-10-15 01:27:46.126163 Victor: Bravo, Juliett, Alpha, Lima and Zulu, sending you 2
2024-10-15 01:27:46.135211 Alpha: Juliett, Lima, Zulu and Victor, sending you 2
chatterbot Alpha submitting transactions
chatterbot Juliett submitting transactions
chatterbot Oscar submitting transactions
chatterbot Lima submitting transactions
chatterbot Golf submitting transactions
chatterbot Zulu submitting transactions
chatterbot Bravo submitting transactions
chatterbot Quebec submitting transactions
ChatterBot Golf round 3
ChatterBot Bravo round 3
ChatterBot Juliett round 3
ChatterBot Alpha round 3
ChatterBot Lima round 3
ChatterBot Oscar round 3
ChatterBot Zulu round 3
ChatterBot Victor round 3
2024-10-15 01:27:46.815801 Zulu: We should add Victor
ChatterBot Juliett reevaluating
2024-10-15 01:27:46.836622 Alpha: Yes
2024-10-15 01:27:46.836873 Quebec: No
2024-10-15 01:27:46.837188 Juliett: Yes
2024-10-15 01:27:46.837427 Bravo: No
2024-10-15 01:27:46.838252 Lima: Yes
ChatterBot Juliett reevaluating
ChatterBot Juliett reevaluating
ChatterBot Juliett reevaluating
ChatterBot Juliett reevaluating
ChatterBot Quebec round 3
ChatterBot Uniform round 3
2024-10-15 01:27:47.042710 Zulu: Victor we want you to join our group
2024-10-15 01:27:47.049809 Victor: Yes
ChatterBot Juliett reevaluating
ChatterBot Quebec reevaluating
2024-10-15 01:27:47.094068 Quebec: We should add Victor
ChatterBot Juliett reevaluating
2024-10-15 01:27:47.128270 Alpha: Yes
2024-10-15 01:27:47.128492 Zulu: Yes
2024-10-15 01:27:47.128655 Juliett: Yes
2024-10-15 01:27:47.128822 Bravo: No
2024-10-15 01:27:47.129436 Lima: Yes
ChatterBot Quebec reevaluating
ChatterBot Juliett reevaluating
ChatterBot Quebec reevaluating
ChatterBot Juliett reevaluating
ChatterBot Quebec reevaluating
ChatterBot Quebec reevaluating
ChatterBot Juliett reevaluating
ChatterBot Quebec reevaluating
ChatterBot Juliett reevaluating
chatterbot Victor submitting transactions
2024-10-15 01:27:47.311910 Juliett: Victor we want you to join our group
2024-10-15 01:27:47.318347 Victor: Yes
ChatterBot Quebec reevaluating
2024-10-15 01:27:47.355891 Golf: Oscar, sending you 2
2024-10-15 01:27:47.356845 Oscar: Golf, sending you 3
chatterbot Golf submitting transactions
2024-10-15 01:27:47.364467 Golf: Uniform, sending you 1
2024-10-15 01:27:47.364824 Oscar: Uniform, sending you 4
2024-10-15 01:27:47.365090 Victor: Bravo, sending you 2
2024-10-15 01:27:47.366145 Lima: Bravo, Victor and Quebec, sending you 1
2024-10-15 01:27:47.366570 Alpha: Bravo and Quebec, sending you 1
2024-10-15 01:27:47.366982 Bravo: Juliett, sending you 4
2024-10-15 01:27:47.367746 Zulu: Bravo, Juliett, Lima, Victor and Quebec, sending you 2
2024-10-15 01:27:47.368463 Quebec: Victor we want you to join our group
2024-10-15 01:27:47.373325 Victor: Yes
2024-10-15 01:27:47.400735 Victor: Juliett, Lima, Zulu and Quebec, sending you 1
2024-10-15 01:27:47.401847 Lima: Juliett, sending you 3
2024-10-15 01:27:47.402250 Bravo: Lima, sending you 2
2024-10-15 01:27:47.402566 Alpha: Juliett, Lima, Zulu and Victor, sending you 2
2024-10-15 01:27:47.403539 Zulu: Alpha, sending you 4
2024-10-15 01:27:47.405134 Uniform: Golf, sending you 2
2024-10-15 01:27:47.406097 Bravo: Zulu and Quebec, sending you 3
2024-10-15 01:27:47.407406 Victor: Alpha, sending you 4
2024-10-15 01:27:47.408736 Lima: Alpha and Zulu, sending you 2
2024-10-15 01:27:47.409464 Juliett: Bravo and Lima, sending you 3
2024-10-15 01:27:47.411054 Uniform: Oscar, sending you 7
2024-10-15 01:27:47.414727 Juliett: Alpha, Zulu, Victor and Quebec, sending you 2
2024-10-15 01:27:47.423675 Quebec: Bravo, sending you 3
2024-10-15 01:27:47.429667 Quebec: Juliett and Zulu, sending you 2
2024-10-15 01:27:47.433673 Quebec: Alpha, sending you 1
chatterbot Zulu submitting transactions
chatterbot Victor submitting transactions
chatterbot Bravo submitting transactions
chatterbot Lima submitting transactions
chatterbot Oscar submitting transactions
chatterbot Alpha submitting transactions
chatterbot Uniform submitting transactions
chatterbot Juliett submitting transactions
chatterbot Quebec submitting transactions
ChatterBot Golf round 4
ChatterBot Bravo round 4
ChatterBot Juliett round 4
ChatterBot Alpha round 4
ChatterBot Lima round 4
ChatterBot Oscar round 4
ChatterBot Zulu round 4
ChatterBot Victor round 4
2024-10-15 01:27:48.301701 Bravo: We should add Victor
ChatterBot Juliett reevaluating
ChatterBot Lima reevaluating
ChatterBot Zulu reevaluating
2024-10-15 01:27:48.319115 Juliett: Yes
2024-10-15 01:27:48.320083 Lima: Yes
2024-10-15 01:27:48.320498 Zulu: No
2024-10-15 01:27:48.320913 Quebec: Yes
ChatterBot Lima reevaluating
ChatterBot Zulu reevaluating
ChatterBot Juliett reevaluating
ChatterBot Zulu reevaluating
ChatterBot Bravo reevaluating
ChatterBot Juliett reevaluating
ChatterBot Lima reevaluating
ChatterBot Bravo reevaluating
ChatterBot Juliett reevaluating
ChatterBot Lima reevaluating
ChatterBot Zulu reevaluating
ChatterBot Quebec round 4
ChatterBot Uniform round 4
2024-10-15 01:27:48.391535 Bravo: We should add Alpha
ChatterBot Juliett reevaluating
ChatterBot Lima reevaluating
ChatterBot Zulu reevaluating
ChatterBot Quebec reevaluating
2024-10-15 01:27:48.403555 Juliett: Yes
2024-10-15 01:27:48.403688 Lima: Yes
2024-10-15 01:27:48.403848 Zulu: Yes
2024-10-15 01:27:48.403965 Quebec: Yes
ChatterBot Bravo reevaluating
ChatterBot Lima reevaluating
ChatterBot Zulu reevaluating
ChatterBot Quebec reevaluating
ChatterBot Bravo reevaluating
ChatterBot Juliett reevaluating
ChatterBot Zulu reevaluating
ChatterBot Quebec reevaluating
ChatterBot Bravo reevaluating
ChatterBot Juliett reevaluating
ChatterBot Lima reevaluating
ChatterBot Quebec reevaluating
ChatterBot Bravo reevaluating
ChatterBot Juliett reevaluating
ChatterBot Lima reevaluating
ChatterBot Zulu reevaluating
2024-10-15 01:27:48.472938 Bravo: Victor we want you to join our group
2024-10-15 01:27:48.478922 Victor: Yes
ChatterBot Bravo reevaluating
2024-10-15 01:27:48.507600 Zulu: We should drop Victor
ChatterBot Bravo reevaluating
2024-10-15 01:27:48.532911 Alpha: No
2024-10-15 01:27:48.533190 Quebec: No
2024-10-15 01:27:48.533391 Juliett: No
2024-10-15 01:27:48.534133 Bravo: No
2024-10-15 01:27:48.534299 Lima: No
ChatterBot Bravo reevaluating
ChatterBot Bravo reevaluating
ChatterBot Bravo reevaluating
ChatterBot Bravo reevaluating
2024-10-15 01:27:48.658242 Oscar: Golf, sending you 3
2024-10-15 01:27:48.661804 Golf: Oscar, sending you 2
2024-10-15 01:27:48.662150 Alpha: Juliett, Lima and Victor, sending you 2
2024-10-15 01:27:48.663648 Oscar: Uniform, sending you 4
2024-10-15 01:27:48.663898 Juliett: Bravo and Lima, sending you 3
2024-10-15 01:27:48.664442 Victor: Bravo and Quebec, sending you 1
2024-10-15 01:27:48.665660 Lima: Bravo, Juliett, Alpha and Zulu, sending you 2
2024-10-15 01:27:48.680998 Golf: Uniform, sending you 1
2024-10-15 01:27:48.681489 Juliett: Alpha, Zulu, Victor and Quebec, sending you 2
2024-10-15 01:27:48.682520 Alpha: Zulu, sending you 3
2024-10-15 01:27:48.683138 Uniform: Golf, sending you 3
2024-10-15 01:27:48.684027 Victor: Juliett, Alpha, Lima and Zulu, sending you 2
2024-10-15 01:27:48.684590 Lima: Victor and Quebec, sending you 1
2024-10-15 01:27:48.685875 Zulu: Bravo, Alpha, Lima and Quebec, sending you 3
2024-10-15 01:27:48.697333 Alpha: Quebec, sending you 1
2024-10-15 01:27:48.698133 Uniform: Oscar, sending you 6
2024-10-15 01:27:48.698577 Zulu: Juliett, sending you 2
2024-10-15 01:27:48.700052 Quebec: Bravo, sending you 3
2024-10-15 01:27:48.712457 Quebec: Juliett and Zulu, sending you 2
2024-10-15 01:27:48.728821 Bravo: Juliett, sending you 4
2024-10-15 01:27:48.729423 Quebec: Alpha, sending you 1
2024-10-15 01:27:48.735272 Bravo: Lima and Zulu, sending you 2
2024-10-15 01:27:48.740108 Bravo: Victor, sending you 1
2024-10-15 01:27:48.743838 Bravo: Quebec, sending you 3
chatterbot Golf submitting transactions
chatterbot Juliett submitting transactions
chatterbot Zulu submitting transactions
chatterbot Alpha submitting transactions
chatterbot Quebec submitting transactions
chatterbot Victor submitting transactions
chatterbot Uniform submitting transactions
chatterbot Lima submitting transactions
chatterbot Oscar submitting transactions
chatterbot Bravo submitting transactions
ChatterBot Golf round 5
ChatterBot Bravo round 5
ChatterBot Juliett round 5
ChatterBot Alpha round 5
ChatterBot Lima round 5
ChatterBot Oscar round 5
ChatterBot Zulu round 5
ChatterBot Victor round 5
ChatterBot Quebec round 5
ChatterBot Uniform round 5
2024-10-15 01:27:49.557105 Golf: Oscar, sending you 2
2024-10-15 01:27:49.562158 Juliett: Bravo, sending you 3
2024-10-15 01:27:49.563316 Golf: Uniform, sending you 1
2024-10-15 01:27:49.566597 Juliett: Alpha, Lima, Zulu, Victor and Quebec, sending you 2
2024-10-15 01:27:49.568761 Zulu: Bravo, Alpha, Lima and Quebec, sending you 3
2024-10-15 01:27:49.570830 Uniform: Golf, sending you 3
2024-10-15 01:27:49.573223 Alpha: Juliett, Lima and Victor, sending you 2
2024-10-15 01:27:49.579482 Lima: Bravo, Juliett, Alpha and Zulu, sending you 2
2024-10-15 01:27:49.583828 Oscar: Golf, sending you 3
2024-10-15 01:27:49.584705 Zulu: Juliett, sending you 2
2024-10-15 01:27:49.589014 Bravo: Juliett, Zulu and Quebec, sending you 3
2024-10-15 01:27:49.592025 Uniform: Oscar, sending you 6
2024-10-15 01:27:49.593470 Victor: Bravo, Juliett, Alpha, Lima and Zulu, sending you 2
2024-10-15 01:27:49.600047 Alpha: Zulu, sending you 3
2024-10-15 01:27:49.602773 Quebec: Bravo, Juliett and Zulu, sending you 2
2024-10-15 01:27:49.605857 Lima: Victor and Quebec, sending you 1
2024-10-15 01:27:49.608716 Oscar: Uniform, sending you 4
2024-10-15 01:27:49.610157 Bravo: Lima, sending you 2
2024-10-15 01:27:49.612780 Alpha: Quebec, sending you 1
2024-10-15 01:27:49.615284 Quebec: Alpha and Lima, sending you 1
2024-10-15 01:27:49.617680 Bravo: Victor, sending you 1
chatterbot Quebec submitting transactions
chatterbot Victor submitting transactions
chatterbot Bravo submitting transactions
chatterbot Oscar submitting transactions
chatterbot Uniform submitting transactions
chatterbot Lima submitting transactions
chatterbot Golf submitting transactions
chatterbot Alpha submitting transactions
chatterbot Juliett submitting transactions
chatterbot Zulu submitting transactions
ChatterBot Golf round 6
ChatterBot Bravo round 6
ChatterBot Juliett round 6
ChatterBot Alpha round 6
ChatterBot Lima round 6
ChatterBot Oscar round 6
ChatterBot Zulu round 6
ChatterBot Victor round 6
ChatterBot Quebec round 6
2024-10-15 01:27:50.955068 Bravo: We should replace Lima with Alpha
2024-10-15 01:27:50.977622 Juliett: No
2024-10-15 01:27:50.977959 Zulu: No
2024-10-15 01:27:50.978316 Victor: No
2024-10-15 01:27:50.978589 Quebec: No
ChatterBot Bravo reevaluating
ChatterBot Zulu reevaluating
ChatterBot Bravo reevaluating
ChatterBot Bravo reevaluating
ChatterBot Zulu reevaluating
ChatterBot Bravo reevaluating
ChatterBot Zulu reevaluating
ChatterBot Uniform round 6
2024-10-15 01:27:51.110699 Juliett: Bravo, sending you 3
2024-10-15 01:27:51.113428 Alpha: Juliett, Lima and Victor, sending you 2
2024-10-15 01:27:51.115816 Juliett: Alpha, Lima, Zulu, Victor and Quebec, sending you 2
2024-10-15 01:27:51.121413 Alpha: Zulu, sending you 3
2024-10-15 01:27:51.125748 Bravo: Juliett, Zulu and Quebec, sending you 3
2024-10-15 01:27:51.126756 Zulu: Bravo, Alpha, Lima and Quebec, sending you 3
2024-10-15 01:27:51.128783 Victor: Bravo, Juliett, Alpha and Lima, sending you 2
2024-10-15 01:27:51.130555 Oscar: Golf, sending you 3
2024-10-15 01:27:51.131179 Golf: Oscar, sending you 2
2024-10-15 01:27:51.132199 Alpha: Quebec, sending you 1
2024-10-15 01:27:51.133332 Lima: Bravo, Juliett, Alpha and Zulu, sending you 2
2024-10-15 01:27:51.135358 Bravo: Lima, sending you 2
2024-10-15 01:27:51.136757 Zulu: Juliett, sending you 2
2024-10-15 01:27:51.138670 Quebec: Bravo, Juliett and Zulu, sending you 2
2024-10-15 01:27:51.140834 Victor: Zulu and Quebec, sending you 1
2024-10-15 01:27:51.143351 Golf: Uniform, sending you 1
2024-10-15 01:27:51.143972 Oscar: Uniform, sending you 4
2024-10-15 01:27:51.145218 Lima: Victor and Quebec, sending you 1
2024-10-15 01:27:51.146393 Bravo: Victor, sending you 1
2024-10-15 01:27:51.147751 Uniform: Golf, sending you 3
2024-10-15 01:27:51.148263 Quebec: Alpha and Lima, sending you 1
2024-10-15 01:27:51.151657 Uniform: Oscar, sending you 6
chatterbot Uniform submitting transactions
chatterbot Quebec submitting transactions
chatterbot Lima submitting transactions
chatterbot Golf submitting transactions
chatterbot Oscar submitting transactions
chatterbot Juliett submitting transactions
chatterbot Victor submitting transactions
chatterbot Alpha submitting transactions
chatterbot Bravo submitting transactions
chatterbot Zulu submitting transactions
ChatterBot Golf round 7
ChatterBot Bravo round 7
ChatterBot Juliett round 7
ChatterBot Alpha round 7
ChatterBot Lima round 7
ChatterBot Oscar round 7
ChatterBot Zulu round 7
ChatterBot Victor round 7
ChatterBot Quebec round 7
ChatterBot Uniform round 7
2024-10-15 01:27:52.224699 Oscar: Golf, sending you 3
2024-10-15 01:27:52.226699 Bravo: Juliett, Zulu and Quebec, sending you 3
2024-10-15 01:27:52.227634 Alpha: Juliett, Lima and Victor, sending you 2
2024-10-15 01:27:52.228376 Oscar: Uniform, sending you 4
2024-10-15 01:27:52.230161 Bravo: Lima, sending you 2
2024-10-15 01:27:52.230662 Juliett: Bravo, sending you 3
2024-10-15 01:27:52.231700 Alpha: Zulu, sending you 3
2024-10-15 01:27:52.233202 Bravo: Victor, sending you 1
2024-10-15 01:27:52.234313 Juliett: Alpha, Lima, Zulu, Victor and Quebec, sending you 2
2024-10-15 01:27:52.236373 Quebec: Bravo, Juliett and Zulu, sending you 2
2024-10-15 01:27:52.237971 Golf: Oscar, sending you 2
2024-10-15 01:27:52.239330 Lima: Bravo, Juliett, Alpha and Zulu, sending you 2
2024-10-15 01:27:52.240541 Alpha: Quebec, sending you 1
2024-10-15 01:27:52.242073 Zulu: Bravo, Alpha, Lima and Quebec, sending you 1
2024-10-15 01:27:52.242828 Victor: Bravo, Juliett, Alpha and Lima, sending you 2
2024-10-15 01:27:52.244213 Quebec: Alpha and Lima, sending you 1
2024-10-15 01:27:52.245259 Golf: Uniform, sending you 1
2024-10-15 01:27:52.245646 Lima: Victor and Quebec, sending you 1
2024-10-15 01:27:52.247239 Uniform: Golf, sending you 3
2024-10-15 01:27:52.247625 Victor: Zulu and Quebec, sending you 1
2024-10-15 01:27:52.251741 Uniform: Oscar, sending you 6
chatterbot Lima submitting transactions
chatterbot Juliett submitting transactions
chatterbot Zulu submitting transactions
chatterbot Victor submitting transactions
chatterbot Golf submitting transactions
chatterbot Bravo submitting transactions
chatterbot Alpha submitting transactions
chatterbot Quebec submitting transactions
chatterbot Oscar submitting transactions
chatterbot Uniform submitting transactions
ChatterBot Golf round 8
ChatterBot Bravo round 8
ChatterBot Juliett round 8
ChatterBot Alpha round 8
ChatterBot Lima round 8
ChatterBot Oscar round 8
ChatterBot Zulu round 8
ChatterBot Victor round 8
ChatterBot Quebec round 8
ChatterBot Uniform round 8
2024-10-15 01:27:53.442652 Golf: Oscar, sending you 2
2024-10-15 01:27:53.443683 Zulu: Bravo, Alpha, Lima and Quebec, sending you 3
2024-10-15 01:27:53.447105 Zulu: Juliett, sending you 2
2024-10-15 01:27:53.447759 Golf: Uniform, sending you 1
2024-10-15 01:27:53.448141 Bravo: Juliett, sending you 4
2024-10-15 01:27:53.451673 Bravo: Lima and Zulu, sending you 2
2024-10-15 01:27:53.453676 Oscar: I was attacked by Zulu
ChatterBot Golf reevaluating
ChatterBot Uniform reevaluating
2024-10-15 01:27:53.462136 Oscar: I'm keeping this round to protect myself
2024-10-15 01:27:53.462984 Oscar: Ow
2024-10-15 01:27:53.463465 Alpha: Bravo and Quebec, sending you 1
2024-10-15 01:27:53.464412 Bravo: Victor, sending you 1
2024-10-15 01:27:53.465807 Victor: Bravo, Juliett, Alpha and Lima, sending you 2
2024-10-15 01:27:53.466456 Quebec: Bravo, Juliett and Zulu, sending you 2
2024-10-15 01:27:53.467021 Lima: Bravo, Juliett, Alpha and Zulu, sending you 2
2024-10-15 01:27:53.467584 Juliett: Bravo, sending you 3
2024-10-15 01:27:53.468136 Alpha: Juliett, Lima, Zulu and Victor, sending you 2
2024-10-15 01:27:53.469242 Bravo: Quebec, sending you 3
2024-10-15 01:27:53.469597 Victor: Zulu and Quebec, sending you 1
2024-10-15 01:27:53.470681 Lima: Victor and Quebec, sending you 1
2024-10-15 01:27:53.471790 Quebec: Alpha and Lima, sending you 1
2024-10-15 01:27:53.473252 Juliett: Alpha, Lima, Zulu, Victor and Quebec, sending you 2
2024-10-15 01:27:53.492094 Uniform: Golf, sending you 3
2024-10-15 01:27:53.494715 Uniform: Oscar, sending you 6
chatterbot Alpha submitting transactions
chatterbot Bravo submitting transactions
chatterbot Juliett submitting transactions
chatterbot Uniform submitting transactions
chatterbot Zulu submitting transactions
chatterbot Victor submitting transactions
chatterbot Oscar submitting transactions
chatterbot Golf submitting transactions
chatterbot Quebec submitting transactions
chatterbot Lima submitting transactions
ChatterBot Golf round 9
ChatterBot Bravo round 9
ChatterBot Juliett round 9
ChatterBot Alpha round 9
ChatterBot Lima round 9
2024-10-15 01:27:54.671545 Bravo: We should replace Victor with Alpha
2024-10-15 01:27:54.686648 Juliett: No
2024-10-15 01:27:54.687017 Lima: No
2024-10-15 01:27:54.687398 Zulu: Yes
2024-10-15 01:27:54.687610 Quebec: No
ChatterBot Bravo reevaluating
ChatterBot Bravo reevaluating
ChatterBot Bravo reevaluating
ChatterBot Quebec reevaluating
ChatterBot Bravo reevaluating
ChatterBot Oscar round 9
ChatterBot Zulu round 9
ChatterBot Victor round 9
ChatterBot Quebec round 9
ChatterBot Uniform round 9
2024-10-15 01:27:54.786879 Quebec: We should drop Victor
ChatterBot Alpha reevaluating
ChatterBot Bravo reevaluating
2024-10-15 01:27:54.809307 Alpha: No
2024-10-15 01:27:54.809483 Zulu: Yes
2024-10-15 01:27:54.809627 Juliett: No
2024-10-15 01:27:54.809752 Bravo: No
2024-10-15 01:27:54.809891 Lima: No
ChatterBot Quebec reevaluating
ChatterBot Juliett reevaluating
ChatterBot Bravo reevaluating
ChatterBot Alpha reevaluating
ChatterBot Quebec reevaluating
ChatterBot Juliett reevaluating
ChatterBot Bravo reevaluating
ChatterBot Alpha reevaluating
ChatterBot Quebec reevaluating
ChatterBot Bravo reevaluating
ChatterBot Alpha reevaluating
ChatterBot Zulu reevaluating
ChatterBot Quebec reevaluating
ChatterBot Juliett reevaluating
ChatterBot Alpha reevaluating
ChatterBot Zulu reevaluating
ChatterBot Quebec reevaluating
ChatterBot Juliett reevaluating
ChatterBot Bravo reevaluating
2024-10-15 01:27:54.922194 Zulu: We should add Victor
ChatterBot Alpha reevaluating
ChatterBot Quebec reevaluating
ChatterBot Juliett reevaluating
ChatterBot Bravo reevaluating
2024-10-15 01:27:54.955037 Alpha: Yes
2024-10-15 01:27:54.955238 Quebec: Yes
2024-10-15 01:27:54.955398 Juliett: Yes
2024-10-15 01:27:54.955554 Bravo: Yes
2024-10-15 01:27:54.955721 Lima: Yes
ChatterBot Zulu reevaluating
ChatterBot Quebec reevaluating
ChatterBot Juliett reevaluating
ChatterBot Bravo reevaluating
ChatterBot Alpha reevaluating
ChatterBot Zulu reevaluating
ChatterBot Juliett reevaluating
ChatterBot Bravo reevaluating
ChatterBot Alpha reevaluating
ChatterBot Zulu reevaluating
ChatterBot Quebec reevaluating
ChatterBot Bravo reevaluating
ChatterBot Alpha reevaluating
ChatterBot Zulu reevaluating
ChatterBot Quebec reevaluating
ChatterBot Juliett reevaluating
ChatterBot Alpha reevaluating
ChatterBot Zulu reevaluating
ChatterBot Quebec reevaluating
ChatterBot Juliett reevaluating
ChatterBot Bravo reevaluating
2024-10-15 01:27:55.140672 Zulu: Victor we want you to join our group
2024-10-15 01:27:55.149074 Victor: Yes
ChatterBot Alpha reevaluating
ChatterBot Bravo reevaluating
ChatterBot Zulu reevaluating
2024-10-15 01:27:55.188003 Zulu: We should replace Quebec with Victor
ChatterBot Bravo reevaluating
ChatterBot Alpha reevaluating
2024-10-15 01:27:55.211431 Bravo: No
2024-10-15 01:27:55.211683 Juliett: No
2024-10-15 01:27:55.211854 Alpha: Yes
2024-10-15 01:27:55.212011 Lima: No
ChatterBot Zulu reevaluating
ChatterBot Alpha reevaluating
ChatterBot Zulu reevaluating
ChatterBot Bravo reevaluating
ChatterBot Alpha reevaluating
ChatterBot Zulu reevaluating
ChatterBot Bravo reevaluating
ChatterBot Zulu reevaluating
ChatterBot Bravo reevaluating
ChatterBot Alpha reevaluating
2024-10-15 01:27:55.280767 Golf: Oscar, sending you 2
2024-10-15 01:27:55.283692 Golf: Uniform, sending you 1
2024-10-15 01:27:55.284593 Lima: Bravo, Juliett, Alpha and Zulu, sending you 2
2024-10-15 01:27:55.285354 Juliett: Bravo, sending you 4
2024-10-15 01:27:55.286823 Uniform: Golf, sending you 3
2024-10-15 01:27:55.287241 Victor: Bravo, Juliett, Alpha and Lima, sending you 2
2024-10-15 01:27:55.289559 Lima: Victor and Quebec, sending you 1
2024-10-15 01:27:55.291674 Juliett: Alpha, Lima, Zulu, Victor and Quebec, sending you 2
2024-10-15 01:27:55.293031 Uniform: Oscar, sending you 6
2024-10-15 01:27:55.293869 Victor: Zulu and Quebec, sending you 1
2024-10-15 01:27:55.301163 Bravo: Juliett, Zulu and Quebec, sending you 3
2024-10-15 01:27:55.302124 Quebec: Bravo, Juliett and Zulu, sending you 2
2024-10-15 01:27:55.304669 Alpha: Bravo and Quebec, sending you 1
2024-10-15 01:27:55.306058 Bravo: Lima, sending you 2
2024-10-15 01:27:55.306770 Quebec: Alpha and Lima, sending you 1
2024-10-15 01:27:55.310656 Alpha: Juliett, Lima, Zulu and Victor, sending you 2
2024-10-15 01:27:55.311688 Bravo: Victor, sending you 1
2024-10-15 01:27:55.317657 Zulu: Bravo, Juliett, Alpha and Lima, sending you 1
chatterbot Lima submitting transactions
chatterbot Victor submitting transactions
chatterbot Zulu submitting transactions
chatterbot Uniform submitting transactions
chatterbot Oscar submitting transactions
chatterbot Alpha submitting transactions
chatterbot Quebec submitting transactions
chatterbot Bravo submitting transactions
chatterbot Golf submitting transactions
chatterbot Juliett submitting transactions
ChatterBot Golf round 10
ChatterBot Bravo round 10
ChatterBot Juliett round 10
ChatterBot Alpha round 10
ChatterBot Lima round 10
ChatterBot Oscar round 10
ChatterBot Zulu round 10
ChatterBot Victor round 10
ChatterBot Quebec round 10
ChatterBot Uniform round 10
2024-10-15 01:27:56.149682 Lima: Bravo, Juliett, Alpha and Zulu, sending you 2
2024-10-15 01:27:56.151923 Alpha: Bravo and Quebec, sending you 1
2024-10-15 01:27:56.155703 Lima: Victor and Quebec, sending you 1
2024-10-15 01:27:56.156847 Victor: Bravo, Juliett, Alpha and Lima, sending you 2
2024-10-15 01:27:56.158538 Alpha: Juliett, Lima, Zulu and Victor, sending you 2
2024-10-15 01:27:56.160128 Juliett: Bravo, sending you 4
2024-10-15 01:27:56.160921 Zulu: Bravo, Juliett, Alpha and Lima, sending you 1
2024-10-15 01:27:56.161457 Uniform: Golf, sending you 4
2024-10-15 01:27:56.162307 Victor: Zulu and Quebec, sending you 1
2024-10-15 01:27:56.163226 Oscar: Sending you each 3
2024-10-15 01:27:56.164161 Juliett: Alpha, Lima, Zulu, Victor and Quebec, sending you 2
2024-10-15 01:27:56.165679 Uniform: Oscar, sending you 5
2024-10-15 01:27:56.167674 Quebec: I was attacked by Zulu
ChatterBot Alpha reevaluating
ChatterBot Bravo reevaluating
ChatterBot Juliett reevaluating
ChatterBot Lima reevaluating
ChatterBot Zulu reevaluating
ChatterBot Victor reevaluating
2024-10-15 01:27:56.202435 Quebec: I'm keeping this round to protect myself
2024-10-15 01:27:56.207402 Quebec: Ow
2024-10-15 01:27:56.207982 Zulu: We should add Quebec
ChatterBot Bravo reevaluating
ChatterBot Juliett reevaluating
ChatterBot Alpha reevaluating
ChatterBot Lima reevaluating
ChatterBot Victor reevaluating
2024-10-15 01:27:56.238558 Bravo: Yes
2024-10-15 01:27:56.239030 Juliett: Yes
2024-10-15 01:27:56.239336 Alpha: Yes
2024-10-15 01:27:56.239722 Lima: Yes
2024-10-15 01:27:56.240730 Victor: Yes
ChatterBot Zulu reevaluating
ChatterBot Juliett reevaluating
ChatterBot Alpha reevaluating
ChatterBot Lima reevaluating
ChatterBot Victor reevaluating
ChatterBot Zulu reevaluating
ChatterBot Bravo reevaluating
ChatterBot Alpha reevaluating
ChatterBot Lima reevaluating
ChatterBot Victor reevaluating
ChatterBot Zulu reevaluating
ChatterBot Bravo reevaluating
ChatterBot Juliett reevaluating
ChatterBot Lima reevaluating
ChatterBot Victor reevaluating
ChatterBot Zulu reevaluating
ChatterBot Bravo reevaluating
ChatterBot Juliett reevaluating
ChatterBot Alpha reevaluating
ChatterBot Victor reevaluating
ChatterBot Zulu reevaluating
ChatterBot Bravo reevaluating
ChatterBot Juliett reevaluating
ChatterBot Alpha reevaluating
ChatterBot Lima reevaluating
2024-10-15 01:27:56.435995 Golf: Oscar, sending you 1
2024-10-15 01:27:56.507137 Golf: Uniform, sending you 2
2024-10-15 01:27:56.508561 Zulu: Quebec we want you to join our group
2024-10-15 01:27:56.514295 Quebec: Yes
ChatterBot Bravo reevaluating
ChatterBot Zulu reevaluating
2024-10-15 01:27:56.547046 Zulu: We should replace Victor with Quebec
ChatterBot Bravo reevaluating
2024-10-15 01:27:56.571575 Bravo: No
2024-10-15 01:27:56.571843 Juliett: No
2024-10-15 01:27:56.572041 Alpha: No
2024-10-15 01:27:56.572224 Lima: No
ChatterBot Zulu reevaluating
ChatterBot Zulu reevaluating
ChatterBot Bravo reevaluating
ChatterBot Zulu reevaluating
ChatterBot Bravo reevaluating
ChatterBot Zulu reevaluating
ChatterBot Bravo reevaluating
chatterbot Golf submitting transactions
chatterbot Oscar submitting transactions
chatterbot Uniform submitting transactions
2024-10-15 01:27:56.771678 Zulu: Bravo and Alpha, sending you 3
2024-10-15 01:27:56.784164 Zulu: Juliett, Lima, Victor and Quebec, sending you 2
chatterbot Lima submitting transactions
chatterbot Juliett submitting transactions
chatterbot Victor submitting transactions
chatterbot Quebec submitting transactions
chatterbot Alpha submitting transactions
chatterbot Zulu submitting transactions
chatterbot Bravo submitting transactions
ChatterBot Golf round 11
ChatterBot Bravo round 11
ChatterBot Juliett round 11
ChatterBot Alpha round 11
ChatterBot Lima round 11
ChatterBot Oscar round 11
ChatterBot Zulu round 11
ChatterBot Victor round 11
ChatterBot Quebec round 11
ChatterBot Uniform round 11
2024-10-15 01:27:57.860456 Zulu: We should drop Victor
ChatterBot Bravo reevaluating
2024-10-15 01:27:57.880329 Alpha: No
2024-10-15 01:27:57.880536 Quebec: No
2024-10-15 01:27:57.880692 Juliett: No
2024-10-15 01:27:57.881327 Bravo: No
2024-10-15 01:27:57.881440 Lima: No
ChatterBot Bravo reevaluating
ChatterBot Zulu reevaluating
ChatterBot Bravo reevaluating
ChatterBot Zulu reevaluating
ChatterBot Bravo reevaluating
ChatterBot Zulu reevaluating
ChatterBot Zulu reevaluating
ChatterBot Bravo reevaluating
2024-10-15 01:27:58.008677 Juliett: Bravo, sending you 4
2024-10-15 01:27:58.010664 Oscar: Same as last round
2024-10-15 01:27:58.011279 Golf: Oscar, sending you 2
2024-10-15 01:27:58.012522 Lima: Bravo, Juliett, Alpha and Zulu, sending you 2
2024-10-15 01:27:58.014722 Alpha: Bravo and Quebec, sending you 1
2024-10-15 01:27:58.016774 Juliett: Alpha, Lima, Zulu, Victor and Quebec, sending you 2
2024-10-15 01:27:58.018960 Golf: Uniform, sending you 1
2024-10-15 01:27:58.019970 Lima: Victor and Quebec, sending you 1
2024-10-15 01:27:58.021984 Uniform: Golf, sending you 4
2024-10-15 01:27:58.022426 Alpha: Juliett, Lima, Zulu and Victor, sending you 2
2024-10-15 01:27:58.025456 Victor: Bravo, Juliett, Alpha, Lima and Zulu, sending you 2
2024-10-15 01:27:58.027377 Uniform: Oscar, sending you 5
2024-10-15 01:27:58.067996 Zulu: Bravo, Juliett, Alpha and Lima, sending you 1
chatterbot Quebec submitting transactions
chatterbot Alpha submitting transactions
chatterbot Bravo submitting transactions
chatterbot Juliett submitting transactions
chatterbot Golf submitting transactions
chatterbot Victor submitting transactions
chatterbot Uniform submitting transactions
chatterbot Lima submitting transactions
chatterbot Zulu submitting transactions
chatterbot Oscar submitting transactions
ChatterBot Golf round 12
ChatterBot Bravo round 12
ChatterBot Juliett round 12
ChatterBot Alpha round 12
ChatterBot Lima round 12
ChatterBot Oscar round 12
ChatterBot Zulu round 12
ChatterBot Victor round 12
ChatterBot Quebec round 12
ChatterBot Uniform round 12
2024-10-15 01:27:59.082460 Bravo: We should replace Quebec with Alpha
ChatterBot Zulu reevaluating
2024-10-15 01:27:59.147239 Juliett: No
2024-10-15 01:27:59.148300 Lima: No
2024-10-15 01:27:59.148765 Zulu: Yes
2024-10-15 01:27:59.149136 Victor: No
ChatterBot Zulu reevaluating
ChatterBot Bravo reevaluating
ChatterBot Zulu reevaluating
