ChatterBot Quebec round 1
ChatterBot Charlie round 1
ChatterBot Alpha round 1
ChatterBot Hotel round 1
ChatterBot Echo round 1
ChatterBot X-ray round 1
ChatterBot Victor round 1
ChatterBot Mike round 1
ChatterBot Zulu round 1
ChatterBot India round 1
randomSelections Quebec: {Quebec, Victor, Charlie, Mike, India, Zulu, Hotel, X-ray} 
2024-10-14 16:33:17.877375 Quebec: Group up?
ChatterBot Victor reevaluating
ChatterBot Charlie reevaluating
ChatterBot Mike reevaluating
ChatterBot India reevaluating
ChatterBot Zulu reevaluating
ChatterBot Hotel reevaluating
ChatterBot X-ray reevaluating
2024-10-14 16:33:17.940766 Victor: Yes
2024-10-14 16:33:17.940895 Charlie: Yes
2024-10-14 16:33:17.941002 Mike: Yes
2024-10-14 16:33:17.941111 India: Yes
2024-10-14 16:33:17.941501 Zulu: Yes
2024-10-14 16:33:17.941636 Hotel: Yes
2024-10-14 16:33:17.942486 X-ray: Yes
ChatterBot Charlie reevaluating
ChatterBot Mike reevaluating
ChatterBot India reevaluating
ChatterBot Zulu reevaluating
ChatterBot Hotel reevaluating
ChatterBot X-ray reevaluating
ChatterBot Victor reevaluating
ChatterBot Mike reevaluating
ChatterBot India reevaluating
ChatterBot Zulu reevaluating
ChatterBot Hotel reevaluating
ChatterBot X-ray reevaluating
ChatterBot Victor reevaluating
ChatterBot Charlie reevaluating
ChatterBot India reevaluating
ChatterBot Zulu reevaluating
ChatterBot Hotel reevaluating
ChatterBot X-ray reevaluating
ChatterBot Victor reevaluating
ChatterBot Charlie reevaluating
ChatterBot Mike reevaluating
ChatterBot Zulu reevaluating
ChatterBot Hotel reevaluating
ChatterBot X-ray reevaluating
ChatterBot Victor reevaluating
ChatterBot Charlie reevaluating
ChatterBot Mike reevaluating
ChatterBot India reevaluating
ChatterBot Hotel reevaluating
ChatterBot X-ray reevaluating
ChatterBot Victor reevaluating
ChatterBot Charlie reevaluating
ChatterBot Mike reevaluating
ChatterBot India reevaluating
ChatterBot Zulu reevaluating
ChatterBot X-ray reevaluating
ChatterBot Victor reevaluating
ChatterBot Charlie reevaluating
ChatterBot Mike reevaluating
ChatterBot India reevaluating
ChatterBot Zulu reevaluating
ChatterBot Hotel reevaluating
randomSelections Echo: {Echo, Alpha, Hotel, Quebec, Zulu, India, Charlie, Victor} 
2024-10-14 16:33:18.051888 Echo: Can we be friends?
ChatterBot Alpha reevaluating
ChatterBot Hotel reevaluating
ChatterBot Zulu reevaluating
ChatterBot India reevaluating
ChatterBot Charlie reevaluating
ChatterBot Victor reevaluating
2024-10-14 16:33:18.068688 Alpha: Yes
2024-10-14 16:33:18.069254 Hotel: No
2024-10-14 16:33:18.069389 Quebec: No
2024-10-14 16:33:18.069529 Zulu: No
2024-10-14 16:33:18.069667 India: No
2024-10-14 16:33:18.069803 Charlie: No
2024-10-14 16:33:18.069944 Victor: No
ChatterBot Hotel reevaluating
ChatterBot Zulu reevaluating
ChatterBot India reevaluating
ChatterBot Charlie reevaluating
ChatterBot Victor reevaluating
ChatterBot Alpha reevaluating
ChatterBot Zulu reevaluating
ChatterBot India reevaluating
ChatterBot Charlie reevaluating
ChatterBot Victor reevaluating
ChatterBot Alpha reevaluating
ChatterBot Hotel reevaluating
ChatterBot Zulu reevaluating
ChatterBot India reevaluating
ChatterBot Charlie reevaluating
ChatterBot Victor reevaluating
ChatterBot Alpha reevaluating
ChatterBot Hotel reevaluating
ChatterBot India reevaluating
ChatterBot Charlie reevaluating
ChatterBot Victor reevaluating
ChatterBot Alpha reevaluating
ChatterBot Hotel reevaluating
ChatterBot Zulu reevaluating
ChatterBot Charlie reevaluating
ChatterBot Victor reevaluating
ChatterBot Alpha reevaluating
ChatterBot Hotel reevaluating
ChatterBot Zulu reevaluating
ChatterBot India reevaluating
ChatterBot Victor reevaluating
ChatterBot Alpha reevaluating
ChatterBot Hotel reevaluating
ChatterBot Zulu reevaluating
ChatterBot India reevaluating
ChatterBot Charlie reevaluating
2024-10-14 16:33:18.223885 Victor: Quebec, Charlie and Mike, sending you 1
2024-10-14 16:33:18.226354 Mike: Charlie, Hotel, X-ray, Victor and Zulu, sending you 1
2024-10-14 16:33:18.229829 Echo: Quebec, Charlie and Zulu, sending you 2
2024-10-14 16:33:18.230288 Hotel: X-ray, sending you 1
2024-10-14 16:33:18.231400 Victor: Zulu, sending you 5
2024-10-14 16:33:18.233746 Echo: Hotel, sending you 3
2024-10-14 16:33:18.234269 Quebec: Charlie, Hotel and Zulu, sending you 1
2024-10-14 16:33:18.235286 India: Quebec, sending you 3
2024-10-14 16:33:18.235906 X-ray: Quebec, Hotel and India, sending you 2
2024-10-14 16:33:18.236393 Hotel: Mike, Zulu and India, sending you 2
2024-10-14 16:33:18.237471 Charlie: Quebec, Hotel, X-ray and Zulu, sending you 1
2024-10-14 16:33:18.237978 Alpha: Charlie, Victor and India, sending you 1
2024-10-14 16:33:18.238532 Zulu: Quebec, Charlie, X-ray and Victor, sending you 2
2024-10-14 16:33:18.240083 Victor: India, sending you 2
2024-10-14 16:33:18.240661 Echo: India, sending you 1
2024-10-14 16:33:18.242005 Quebec: Victor, sending you 3
2024-10-14 16:33:18.242494 India: Charlie, Hotel and Victor, sending you 1
2024-10-14 16:33:18.242951 X-ray: Charlie, Victor and Zulu, sending you 1
2024-10-14 16:33:18.244363 Alpha: Zulu, sending you 3
2024-10-14 16:33:18.244861 Charlie: India, sending you 3
2024-10-14 16:33:18.245505 Zulu: Hotel, Mike and India, sending you 1
2024-10-14 16:33:18.247392 Quebec: India, sending you 2
2024-10-14 16:33:18.248034 India: Zulu, sending you 2
chatterbot Charlie submitting transactions
chatterbot Victor submitting transactions
chatterbot India submitting transactions
chatterbot Mike submitting transactions
chatterbot X-ray submitting transactions
chatterbot Alpha submitting transactions
chatterbot Hotel submitting transactions
chatterbot Quebec submitting transactions
chatterbot Zulu submitting transactions
chatterbot Echo submitting transactions
ChatterBot Quebec round 2
ChatterBot Charlie round 2
ChatterBot Alpha round 2
ChatterBot Hotel round 2
ChatterBot Echo round 2
ChatterBot X-ray round 2
ChatterBot Victor round 2
2024-10-14 16:33:25.247923 Charlie: We should group up
ChatterBot Quebec reevaluating
ChatterBot India reevaluating
ChatterBot Zulu reevaluating
2024-10-14 16:33:25.359302 Quebec: Yes
2024-10-14 16:33:25.359606 India: No
2024-10-14 16:33:25.360351 Zulu: No
ChatterBot Charlie reevaluating
ChatterBot India reevaluating
ChatterBot Zulu reevaluating
ChatterBot Charlie reevaluating
ChatterBot Quebec reevaluating
ChatterBot Zulu reevaluating
ChatterBot Charlie reevaluating
ChatterBot Quebec reevaluating
ChatterBot India reevaluating
2024-10-14 16:33:25.465435 Quebec: We would work well together
ChatterBot Charlie reevaluating
ChatterBot India reevaluating
ChatterBot Alpha reevaluating
ChatterBot Victor reevaluating
ChatterBot Zulu reevaluating
2024-10-14 16:33:25.509810 Charlie: Yes
2024-10-14 16:33:25.509944 India: No
2024-10-14 16:33:25.510057 Alpha: No
2024-10-14 16:33:25.510187 Victor: Yes
2024-10-14 16:33:25.510329 Zulu: No
ChatterBot Quebec reevaluating
ChatterBot India reevaluating
ChatterBot Alpha reevaluating
ChatterBot Victor reevaluating
ChatterBot Zulu reevaluating
ChatterBot Quebec reevaluating
ChatterBot Charlie reevaluating
ChatterBot Alpha reevaluating
ChatterBot Victor reevaluating
ChatterBot Zulu reevaluating
ChatterBot Quebec reevaluating
ChatterBot Charlie reevaluating
ChatterBot India reevaluating
ChatterBot Victor reevaluating
ChatterBot Zulu reevaluating
ChatterBot Quebec reevaluating
ChatterBot Charlie reevaluating
ChatterBot India reevaluating
ChatterBot Alpha reevaluating
ChatterBot Zulu reevaluating
ChatterBot Quebec reevaluating
ChatterBot Charlie reevaluating
ChatterBot India reevaluating
ChatterBot Alpha reevaluating
ChatterBot Victor reevaluating
ChatterBot Mike round 2
ChatterBot Zulu round 2
ChatterBot India round 2
2024-10-14 16:33:25.678936 Echo: Friends?
ChatterBot Alpha reevaluating
2024-10-14 16:33:25.683048 Alpha: Yes
2024-10-14 16:33:25.695519 Hotel: Group up?
ChatterBot X-ray reevaluating
ChatterBot Mike reevaluating
ChatterBot Echo reevaluating
2024-10-14 16:33:25.716702 X-ray: Yes
2024-10-14 16:33:25.716922 Mike: No
2024-10-14 16:33:25.717102 Echo: No
ChatterBot Mike reevaluating
ChatterBot Echo reevaluating
ChatterBot Hotel reevaluating
ChatterBot X-ray reevaluating
ChatterBot Echo reevaluating
ChatterBot Hotel reevaluating
ChatterBot X-ray reevaluating
ChatterBot Mike reevaluating
2024-10-14 16:33:25.779603 Mike: Can we be friends?
ChatterBot X-ray reevaluating
ChatterBot Hotel reevaluating
ChatterBot Zulu reevaluating
2024-10-14 16:33:25.800604 X-ray: No
2024-10-14 16:33:25.800800 Hotel: No
2024-10-14 16:33:25.800966 Zulu: No
ChatterBot Hotel reevaluating
ChatterBot Mike reevaluating
ChatterBot Zulu reevaluating
ChatterBot X-ray reevaluating
ChatterBot Mike reevaluating
ChatterBot Zulu reevaluating
ChatterBot X-ray reevaluating
ChatterBot Hotel reevaluating
ChatterBot Mike reevaluating
2024-10-14 16:33:25.876662 Hotel: Echo, sending you 3
2024-10-14 16:33:25.877693 Charlie: Quebec, Alpha, Victor and India, sending you 1
2024-10-14 16:33:25.882059 Alpha: Sending you 4
2024-10-14 16:33:25.882385 Quebec: Charlie, Alpha and Victor, sending you 1
2024-10-14 16:33:25.882728 Hotel: X-ray and Mike, sending you 2
2024-10-14 16:33:25.884662 Zulu: Quebec and Charlie, sending you 1
2024-10-14 16:33:25.885673 Charlie: Zulu, sending you 3
2024-10-14 16:33:25.886024 Echo: Hotel, sending you 4
2024-10-14 16:33:25.886304 Victor: Quebec, sending you 4
2024-10-14 16:33:25.886566 X-ray: Quebec and India, sending you 1
2024-10-14 16:33:25.890271 Quebec: Zulu, sending you 2
2024-10-14 16:33:25.890720 Mike: Charlie, Hotel and X-ray, sending you 1
2024-10-14 16:33:25.891094 Zulu: Alpha, sending you 3
2024-10-14 16:33:25.892760 Victor: Alpha, sending you 2
2024-10-14 16:33:25.893150 Echo: X-ray and Mike, sending you 3
2024-10-14 16:33:25.893433 Quebec: India, sending you 3
2024-10-14 16:33:25.896337 X-ray: Charlie, sending you 7
2024-10-14 16:33:25.896691 Victor: Zulu, sending you 3
2024-10-14 16:33:25.897088 India: Quebec, Charlie and Victor, sending you 2
2024-10-14 16:33:25.901007 Zulu: Victor, sending you 4
2024-10-14 16:33:25.901434 Victor: India, sending you 1
2024-10-14 16:33:25.904678 India: Alpha and Zulu, sending you 1
2024-10-14 16:33:25.906806 Zulu: India, sending you 2
chatterbot Mike submitting transactions
chatterbot Zulu submitting transactions
chatterbot Echo submitting transactions
chatterbot X-ray submitting transactions
chatterbot Victor submitting transactions
chatterbot India submitting transactions
chatterbot Charlie submitting transactions
chatterbot Quebec submitting transactions
chatterbot Hotel submitting transactions
chatterbot Alpha submitting transactions
ChatterBot Quebec round 3
ChatterBot Charlie round 3
ChatterBot Alpha round 3
ChatterBot Hotel round 3
ChatterBot Echo round 3
ChatterBot X-ray round 3
ChatterBot Victor round 3
ChatterBot Mike round 3
ChatterBot Zulu round 3
2024-10-14 16:33:27.055606 Charlie: We should add X-ray
ChatterBot Quebec reevaluating
ChatterBot India reevaluating
ChatterBot Alpha reevaluating
ChatterBot Victor reevaluating
ChatterBot Zulu reevaluating
2024-10-14 16:33:27.081847 Quebec: Yes
2024-10-14 16:33:27.082202 India: Yes
2024-10-14 16:33:27.082566 Alpha: Yes
2024-10-14 16:33:27.083305 Victor: Yes
2024-10-14 16:33:27.083672 Zulu: Yes
ChatterBot India reevaluating
ChatterBot Alpha reevaluating
ChatterBot Victor reevaluating
ChatterBot Zulu reevaluating
ChatterBot Quebec reevaluating
ChatterBot Alpha reevaluating
ChatterBot Victor reevaluating
ChatterBot Zulu reevaluating
ChatterBot Quebec reevaluating
ChatterBot India reevaluating
ChatterBot Victor reevaluating
ChatterBot Zulu reevaluating
ChatterBot Quebec reevaluating
ChatterBot India reevaluating
ChatterBot Alpha reevaluating
ChatterBot Zulu reevaluating
ChatterBot Quebec reevaluating
ChatterBot India reevaluating
ChatterBot Alpha reevaluating
ChatterBot Victor reevaluating
ChatterBot India round 3
2024-10-14 16:33:27.239682 Echo: We should add Alpha
ChatterBot Hotel reevaluating
ChatterBot X-ray reevaluating
ChatterBot Mike reevaluating
2024-10-14 16:33:27.250841 Hotel: No
2024-10-14 16:33:27.250991 X-ray: Yes
2024-10-14 16:33:27.251108 Mike: No
ChatterBot X-ray reevaluating
ChatterBot Mike reevaluating
ChatterBot Hotel reevaluating
ChatterBot Mike reevaluating
ChatterBot Hotel reevaluating
ChatterBot X-ray reevaluating
2024-10-14 16:33:27.278092 X-ray: We would work well together
ChatterBot Hotel reevaluating
ChatterBot Mike reevaluating
ChatterBot Alpha reevaluating
2024-10-14 16:33:27.291335 Hotel: No
2024-10-14 16:33:27.291440 Echo: Yes
2024-10-14 16:33:27.291554 Mike: No
2024-10-14 16:33:27.291725 Alpha: No
ChatterBot X-ray reevaluating
ChatterBot Mike reevaluating
ChatterBot Alpha reevaluating
ChatterBot X-ray reevaluating
ChatterBot Hotel reevaluating
ChatterBot Mike reevaluating
ChatterBot Alpha reevaluating
ChatterBot X-ray reevaluating
ChatterBot Hotel reevaluating
ChatterBot Alpha reevaluating
ChatterBot X-ray reevaluating
ChatterBot Hotel reevaluating
ChatterBot Mike reevaluating
2024-10-14 16:33:27.344603 Hotel: We should add Charlie
ChatterBot X-ray reevaluating
ChatterBot Mike reevaluating
2024-10-14 16:33:27.355041 X-ray: No
2024-10-14 16:33:27.355177 Mike: No
2024-10-14 16:33:27.355283 Echo: No
ChatterBot Hotel reevaluating
ChatterBot Mike reevaluating
ChatterBot Hotel reevaluating
ChatterBot X-ray reevaluating
ChatterBot Hotel reevaluating
ChatterBot X-ray reevaluating
ChatterBot Mike reevaluating
2024-10-14 16:33:27.409246 Charlie: X-ray we want you to join our group
ChatterBot X-ray reevaluating
2024-10-14 16:33:27.413279 X-ray: Yes
ChatterBot Alpha reevaluating
ChatterBot Victor reevaluating
ChatterBot Zulu reevaluating
ChatterBot Quebec reevaluating
ChatterBot India reevaluating
2024-10-14 16:33:27.460172 Echo: Alpha we want you to join our group
2024-10-14 16:33:27.466150 Alpha: No
ChatterBot X-ray reevaluating
ChatterBot Hotel reevaluating
ChatterBot Mike reevaluating
2024-10-14 16:33:27.486726 Victor: X-ray we want you to join our group
ChatterBot X-ray reevaluating
2024-10-14 16:33:27.492448 X-ray: Yes
ChatterBot Alpha reevaluating
ChatterBot Victor reevaluating
ChatterBot Quebec reevaluating
2024-10-14 16:33:27.591203 Zulu: X-ray we want you to join our group
ChatterBot X-ray reevaluating
2024-10-14 16:33:27.597433 X-ray: Yes
ChatterBot Alpha reevaluating
ChatterBot Victor reevaluating
ChatterBot Quebec reevaluating
2024-10-14 16:33:27.623307 Alpha: Group up?
ChatterBot Victor reevaluating
ChatterBot X-ray reevaluating
2024-10-14 16:33:27.636632 Victor: Yes
2024-10-14 16:33:27.637057 Zulu: Yes
2024-10-14 16:33:27.637220 X-ray: Yes
ChatterBot Alpha reevaluating
ChatterBot X-ray reevaluating
ChatterBot Alpha reevaluating
ChatterBot Victor reevaluating
ChatterBot X-ray reevaluating
ChatterBot Alpha reevaluating
ChatterBot Victor reevaluating
2024-10-14 16:33:27.680351 Hotel: Alpha we want you to join our group
ChatterBot Alpha reevaluating
2024-10-14 16:33:27.686559 Alpha: No
ChatterBot X-ray reevaluating
2024-10-14 16:33:27.701420 Charlie: Quebec, Alpha, Victor, Zulu and India, sending you 1
2024-10-14 16:33:27.701817 Quebec: X-ray we want you to join our group
ChatterBot X-ray reevaluating
2024-10-14 16:33:27.706248 X-ray: No
ChatterBot Alpha reevaluating
ChatterBot Victor reevaluating
ChatterBot India reevaluating
2024-10-14 16:33:27.732148 India: We should add X-ray
ChatterBot Alpha reevaluating
ChatterBot Victor reevaluating
2024-10-14 16:33:27.752387 Quebec: Yes
2024-10-14 16:33:27.752551 Charlie: Yes
2024-10-14 16:33:27.752689 Alpha: Yes
2024-10-14 16:33:27.752800 Victor: Yes
2024-10-14 16:33:27.753354 Zulu: Yes
ChatterBot India reevaluating
ChatterBot Alpha reevaluating
ChatterBot Victor reevaluating
ChatterBot India reevaluating
ChatterBot Alpha reevaluating
ChatterBot Victor reevaluating
ChatterBot India reevaluating
ChatterBot Victor reevaluating
ChatterBot India reevaluating
ChatterBot Alpha reevaluating
ChatterBot India reevaluating
ChatterBot Alpha reevaluating
ChatterBot Victor reevaluating
2024-10-14 16:33:27.860386 Charlie: X-ray, sending you 2
2024-10-14 16:33:27.884230 Mike: Sending you each 1
2024-10-14 16:33:27.885020 Echo: Alpha and Hotel, sending you 4
2024-10-14 16:33:27.885360 Zulu: Quebec, Charlie and India, sending you 2
2024-10-14 16:33:27.893741 Echo: X-ray and Mike, sending you 1
2024-10-14 16:33:27.894231 Quebec: Charlie, X-ray and Zulu, sending you 1
2024-10-14 16:33:27.895433 Hotel: Alpha, X-ray and Mike, sending you 1
2024-10-14 16:33:27.895882 Zulu: Alpha and X-ray, sending you 1
2024-10-14 16:33:27.902870 Quebec: Victor, sending you 3
2024-10-14 16:33:27.903859 Hotel: Echo, sending you 4
2024-10-14 16:33:27.904303 Zulu: Victor, sending you 3
2024-10-14 16:33:27.916816 X-ray: Charlie, sending you 1
2024-10-14 16:33:27.917242 Alpha: Quebec, Charlie, Victor and India, sending you 1
2024-10-14 16:33:27.917655 Quebec: India, sending you 2
2024-10-14 16:33:27.918300 India: Quebec, sending you 2
chatterbot Echo submitting transactions
2024-10-14 16:33:27.937261 X-ray: Hotel and Echo, sending you 3
2024-10-14 16:33:27.938104 Victor: Quebec and India, sending you 2
2024-10-14 16:33:27.938637 Alpha: Zulu, sending you 2
2024-10-14 16:33:27.939551 India: Charlie, Alpha, Hotel, X-ray, Victor and Zulu, sending you 1
2024-10-14 16:33:27.975638 X-ray: Mike, sending you 2
2024-10-14 16:33:27.975989 Victor: Charlie, Alpha and X-ray, sending you 1
2024-10-14 16:33:27.993032 Victor: Zulu, sending you 3
chatterbot Hotel submitting transactions
chatterbot Zulu submitting transactions
chatterbot Charlie submitting transactions
chatterbot Alpha submitting transactions
chatterbot Quebec submitting transactions
chatterbot X-ray submitting transactions
chatterbot India submitting transactions
chatterbot Mike submitting transactions
chatterbot Victor submitting transactions
ChatterBot Quebec round 4
ChatterBot Charlie round 4
ChatterBot Alpha round 4
ChatterBot Hotel round 4
ChatterBot Echo round 4
ChatterBot X-ray round 4
ChatterBot Victor round 4
ChatterBot Mike round 4
ChatterBot Zulu round 4
ChatterBot India round 4
2024-10-14 16:33:29.161580 Mike: We should replace Zulu with Victor
ChatterBot X-ray reevaluating
2024-10-14 16:33:29.173639 Hotel: No
2024-10-14 16:33:29.173797 X-ray: No
2024-10-14 16:33:29.173964 Echo: No
ChatterBot X-ray reevaluating
ChatterBot X-ray reevaluating
2024-10-14 16:33:29.269116 Quebec: We should drop X-ray
ChatterBot India reevaluating
2024-10-14 16:33:29.331220 Charlie: Yes
2024-10-14 16:33:29.331555 India: Yes
2024-10-14 16:33:29.332234 Alpha: Yes
2024-10-14 16:33:29.332442 Victor: Yes
2024-10-14 16:33:29.332673 Zulu: Yes
ChatterBot India reevaluating
ChatterBot Alpha reevaluating
ChatterBot Victor reevaluating
ChatterBot Zulu reevaluating
ChatterBot Quebec reevaluating
ChatterBot Alpha reevaluating
ChatterBot Victor reevaluating
ChatterBot Zulu reevaluating
ChatterBot Quebec reevaluating
ChatterBot India reevaluating
ChatterBot Victor reevaluating
ChatterBot Zulu reevaluating
ChatterBot Quebec reevaluating
ChatterBot India reevaluating
ChatterBot Alpha reevaluating
ChatterBot Zulu reevaluating
ChatterBot Quebec reevaluating
ChatterBot India reevaluating
ChatterBot Alpha reevaluating
ChatterBot Victor reevaluating
2024-10-14 16:33:29.441469 Mike: Victor we want you to join our group
ChatterBot Victor reevaluating
2024-10-14 16:33:29.446320 Victor: No
ChatterBot X-ray reevaluating
2024-10-14 16:33:29.475818 Charlie: Quebec, Alpha, Victor, Zulu and India, sending you 1
2024-10-14 16:33:29.477 Hotel: Alpha and Mike, sending you 1
2024-10-14 16:33:29.477538 Echo: Alpha and X-ray, sending you 2
2024-10-14 16:33:29.478465 Victor: Mike we want you to join our group
ChatterBot Mike reevaluating
2024-10-14 16:33:29.485719 Mike: No
ChatterBot Alpha reevaluating
ChatterBot Quebec reevaluating
2024-10-14 16:33:29.523753 Hotel: Echo, sending you 3
2024-10-14 16:33:29.524221 Charlie: X-ray, sending you 2
2024-10-14 16:33:29.524810 Echo: Hotel, sending you 5
2024-10-14 16:33:29.531124 Hotel: X-ray, sending you 2
2024-10-14 16:33:29.532305 Echo: Mike, sending you 1
2024-10-14 16:33:29.532703 India: Quebec, sending you 2
2024-10-14 16:33:29.542564 India: Charlie, Alpha, Hotel, X-ray, Victor and Zulu, sending you 1
2024-10-14 16:33:29.544019 Victor: Quebec and India, sending you 2
2024-10-14 16:33:29.544559 Zulu: Quebec, Charlie, Alpha and India, sending you 2
2024-10-14 16:33:29.568222 Victor: Charlie, Alpha and Mike, sending you 1
2024-10-14 16:33:29.569461 Zulu: Victor, sending you 3
2024-10-14 16:33:29.570706 Mike: Same as last round
2024-10-14 16:33:29.571190 Alpha: Charlie, Echo, Victor and India, sending you 1
2024-10-14 16:33:29.572345 X-ray: Quebec, Victor and India, sending you 1
2024-10-14 16:33:29.573292 Victor: Zulu, sending you 3
2024-10-14 16:33:29.629517 Quebec: Charlie and Alpha, sending you 1
2024-10-14 16:33:29.630079 Alpha: Zulu, sending you 2
2024-10-14 16:33:29.630987 X-ray: Charlie, sending you 4
2024-10-14 16:33:29.682835 Quebec: Victor, Zulu and India, sending you 2
2024-10-14 16:33:29.683766 X-ray: Zulu, sending you 2
chatterbot Echo submitting transactions
chatterbot India submitting transactions
chatterbot Mike submitting transactions
chatterbot Hotel submitting transactions
chatterbot Alpha submitting transactions
chatterbot Victor submitting transactions
chatterbot X-ray submitting transactions
chatterbot Charlie submitting transactions
chatterbot Zulu submitting transactions
chatterbot Mike submitting transactions
chatterbot Quebec submitting transactions
ChatterBot Quebec round 5
ChatterBot Charlie round 5
ChatterBot Alpha round 5
ChatterBot Hotel round 5
ChatterBot Echo round 5
ChatterBot X-ray round 5
ChatterBot Victor round 5
ChatterBot Mike round 5
ChatterBot Zulu round 5
ChatterBot India round 5
2024-10-14 16:33:30.795544 Victor: We should replace Mike with X-ray
ChatterBot India reevaluating
ChatterBot Alpha reevaluating
ChatterBot Zulu reevaluating
2024-10-14 16:33:30.821656 Quebec: No
2024-10-14 16:33:30.821867 Charlie: Yes
2024-10-14 16:33:30.822030 India: No
2024-10-14 16:33:30.822187 Alpha: Yes
2024-10-14 16:33:30.822335 Zulu: No
ChatterBot India reevaluating
ChatterBot Alpha reevaluating
ChatterBot Zulu reevaluating
ChatterBot India reevaluating
ChatterBot Alpha reevaluating
ChatterBot Zulu reevaluating
ChatterBot Alpha reevaluating
ChatterBot Zulu reevaluating
ChatterBot Quebec reevaluating
ChatterBot India reevaluating
ChatterBot Zulu reevaluating
ChatterBot Quebec reevaluating
ChatterBot India reevaluating
ChatterBot Alpha reevaluating
2024-10-14 16:33:30.928037 Zulu: We should add X-ray
ChatterBot Quebec reevaluating
ChatterBot India reevaluating
ChatterBot Alpha reevaluating
ChatterBot Victor reevaluating
2024-10-14 16:33:30.950289 Quebec: Yes
2024-10-14 16:33:30.950444 Charlie: Yes
2024-10-14 16:33:30.950546 India: Yes
2024-10-14 16:33:30.950649 Alpha: Yes
2024-10-14 16:33:30.950757 Victor: Yes
ChatterBot India reevaluating
ChatterBot Alpha reevaluating
ChatterBot Victor reevaluating
ChatterBot Zulu reevaluating
ChatterBot Quebec reevaluating
ChatterBot India reevaluating
ChatterBot Alpha reevaluating
ChatterBot Victor reevaluating
ChatterBot Zulu reevaluating
ChatterBot Quebec reevaluating
ChatterBot Alpha reevaluating
ChatterBot Victor reevaluating
ChatterBot Zulu reevaluating
ChatterBot Quebec reevaluating
ChatterBot India reevaluating
ChatterBot Victor reevaluating
ChatterBot Zulu reevaluating
ChatterBot Quebec reevaluating
ChatterBot India reevaluating
ChatterBot Alpha reevaluating
ChatterBot Zulu reevaluating
2024-10-14 16:33:31.058908 Echo: We should drop Alpha
ChatterBot Mike reevaluating
2024-10-14 16:33:31.070264 Hotel: Yes
2024-10-14 16:33:31.070400 X-ray: No
2024-10-14 16:33:31.070532 Mike: Yes
ChatterBot Mike reevaluating
ChatterBot Mike reevaluating
2024-10-14 16:33:31.116733 Quebec: X-ray we want you to join our group
2024-10-14 16:33:31.121859 X-ray: Yes
ChatterBot Alpha reevaluating
ChatterBot Victor reevaluating
ChatterBot Zulu reevaluating
ChatterBot Quebec reevaluating
2024-10-14 16:33:31.225438 Mike: We should drop Zulu
2024-10-14 16:33:31.237917 Hotel: Yes
2024-10-14 16:33:31.238153 X-ray: No
2024-10-14 16:33:31.238458 Echo: Yes
ChatterBot X-ray reevaluating
ChatterBot X-ray reevaluating
2024-10-14 16:33:31.273653 Zulu: X-ray we want you to join our group
ChatterBot X-ray reevaluating
2024-10-14 16:33:31.278851 X-ray: Yes
ChatterBot Alpha reevaluating
ChatterBot Victor reevaluating
ChatterBot Zulu reevaluating
ChatterBot Quebec reevaluating
chatterbot Charlie submitting transactions
chatterbot Hotel submitting transactions
2024-10-14 16:33:31.309322 Charlie: Quebec, Alpha, Victor, Zulu and India, sending you 1
2024-10-14 16:33:31.338942 Echo: Hotel, sending you 6
2024-10-14 16:33:31.340981 India: Quebec and Zulu, sending you 2
2024-10-14 16:33:31.343305 Charlie: X-ray, sending you 2
2024-10-14 16:33:31.345396 Hotel: Echo, sending you 4
2024-10-14 16:33:31.346273 Victor: X-ray we want you to join our group
2024-10-14 16:33:31.352106 X-ray: Yes
ChatterBot Alpha reevaluating
ChatterBot Zulu reevaluating
ChatterBot Quebec reevaluating
2024-10-14 16:33:31.381089 Echo: X-ray and Mike, sending you 2
2024-10-14 16:33:31.381763 India: Charlie, Alpha, X-ray and Victor, sending you 1
2024-10-14 16:33:31.383060 Hotel: X-ray, sending you 2
2024-10-14 16:33:31.397437 Mike: Same as last round
2024-10-14 16:33:31.397941 Hotel: Mike, sending you 1
2024-10-14 16:33:31.398272 X-ray: Quebec and Victor, sending you 1
2024-10-14 16:33:31.407878 Victor: Quebec and India, sending you 2
2024-10-14 16:33:31.408632 X-ray: Charlie, sending you 3
2024-10-14 16:33:31.412411 Victor: Charlie, Alpha and X-ray, sending you 1
2024-10-14 16:33:31.413952 X-ray: Zulu and India, sending you 2
2024-10-14 16:33:31.415270 Alpha: Quebec, Victor and India, sending you 1
2024-10-14 16:33:31.421081 Victor: Zulu, sending you 3
2024-10-14 16:33:31.422012 Alpha: Zulu, sending you 3
2024-10-14 16:33:31.428551 Quebec: Charlie and X-ray, sending you 1
2024-10-14 16:33:31.429769 Zulu: Quebec, Charlie and Alpha, sending you 2
2024-10-14 16:33:31.433353 Zulu: X-ray and India, sending you 1
2024-10-14 16:33:31.434997 Quebec: Victor, Zulu and India, sending you 2
2024-10-14 16:33:31.438321 Zulu: Victor, sending you 3
chatterbot India submitting transactions
chatterbot Echo submitting transactions
chatterbot Quebec submitting transactions
chatterbot Zulu submitting transactions
chatterbot Alpha submitting transactions
chatterbot Mike submitting transactions
chatterbot Victor submitting transactions
chatterbot X-ray submitting transactions
ChatterBot Quebec round 6
ChatterBot Charlie round 6
ChatterBot Alpha round 6
ChatterBot Hotel round 6
ChatterBot Echo round 6
ChatterBot X-ray round 6
ChatterBot Victor round 6
ChatterBot Mike round 6
ChatterBot Zulu round 6
ChatterBot India round 6
2024-10-14 16:33:32.583177 Alpha: We should add Charlie
2024-10-14 16:33:32.604721 Quebec: Yes
2024-10-14 16:33:32.604922 Victor: Yes
2024-10-14 16:33:32.605535 Zulu: Yes
2024-10-14 16:33:32.605694 India: Yes
2024-10-14 16:33:32.605840 X-ray: Yes
ChatterBot Alpha reevaluating
ChatterBot Alpha reevaluating
ChatterBot Alpha reevaluating
ChatterBot Alpha reevaluating
ChatterBot Alpha reevaluating
2024-10-14 16:33:32.865754 Alpha: Charlie we want you to join our group
2024-10-14 16:33:32.870709 Charlie: Yes
ChatterBot Alpha reevaluating
ChatterBot Zulu reevaluating
2024-10-14 16:33:32.894878 Echo: Hotel, sending you 6
chatterbot Quebec submitting transactions
2024-10-14 16:33:32.917006 Mike: Same as last round
2024-10-14 16:33:32.917912 Quebec: Charlie and X-ray, sending you 1
2024-10-14 16:33:32.918369 Echo: X-ray and Mike, sending you 2
2024-10-14 16:33:32.918678 Charlie: Quebec, Alpha, Victor, Zulu and India, sending you 1
2024-10-14 16:33:32.919777 Hotel: Echo, sending you 4
2024-10-14 16:33:32.920291 Victor: Quebec, sending you 2
2024-10-14 16:33:32.921411 X-ray: Quebec and Victor, sending you 1
2024-10-14 16:33:32.922001 Zulu: We should drop X-ray
ChatterBot Alpha reevaluating
2024-10-14 16:33:32.941567 Quebec: Yes
2024-10-14 16:33:32.941718 Charlie: Yes
2024-10-14 16:33:32.941823 India: Yes
2024-10-14 16:33:32.942436 Alpha: Yes
2024-10-14 16:33:32.942628 Victor: Yes
ChatterBot Alpha reevaluating
ChatterBot Zulu reevaluating
ChatterBot Alpha reevaluating
ChatterBot Zulu reevaluating
ChatterBot Alpha reevaluating
ChatterBot Zulu reevaluating
ChatterBot Victor reevaluating
ChatterBot Zulu reevaluating
ChatterBot India reevaluating
ChatterBot Alpha reevaluating
ChatterBot Zulu reevaluating
2024-10-14 16:33:33.041244 Quebec: Victor, Zulu and India, sending you 2
2024-10-14 16:33:33.042354 Hotel: X-ray, sending you 1
2024-10-14 16:33:33.042730 Charlie: X-ray, sending you 2
2024-10-14 16:33:33.043408 X-ray: Charlie, sending you 3
2024-10-14 16:33:33.056829 Hotel: Mike, sending you 2
2024-10-14 16:33:33.058171 X-ray: Zulu and India, sending you 2
2024-10-14 16:33:33.090126 Zulu: Quebec, Charlie, Alpha and India, sending you 2
2024-10-14 16:33:33.105744 Zulu: Victor, sending you 3
2024-10-14 16:33:33.107584 Alpha: Quebec, Charlie, Victor and India, sending you 1
2024-10-14 16:33:33.108965 India: Quebec, Victor and Zulu, sending you 2
2024-10-14 16:33:33.121472 Alpha: Zulu, sending you 2
2024-10-14 16:33:33.123413 India: Charlie and Alpha, sending you 1
chatterbot Hotel submitting transactions
chatterbot Echo submitting transactions
chatterbot Mike submitting transactions
chatterbot Charlie submitting transactions
chatterbot X-ray submitting transactions
chatterbot Alpha submitting transactions
chatterbot Victor submitting transactions
chatterbot Victor submitting transactions
chatterbot India submitting transactions
chatterbot Zulu submitting transactions
ChatterBot Quebec round 7
ChatterBot Charlie round 7
ChatterBot Alpha round 7
ChatterBot Hotel round 7
ChatterBot Echo round 7
ChatterBot X-ray round 7
ChatterBot Victor round 7
ChatterBot Mike round 7
ChatterBot Zulu round 7
ChatterBot India round 7
2024-10-14 16:33:34.368966 India: We should add X-ray
ChatterBot Alpha reevaluating
ChatterBot Victor reevaluating
2024-10-14 16:33:34.388579 Quebec: Yes
2024-10-14 16:33:34.388775 Charlie: Yes
2024-10-14 16:33:34.388897 Alpha: Yes
2024-10-14 16:33:34.389009 Victor: Yes
2024-10-14 16:33:34.389119 Zulu: Yes
ChatterBot Alpha reevaluating
ChatterBot Victor reevaluating
ChatterBot Alpha reevaluating
ChatterBot Victor reevaluating
ChatterBot Victor reevaluating
ChatterBot Alpha reevaluating
ChatterBot Alpha reevaluating
ChatterBot Victor reevaluating
2024-10-14 16:33:34.513421 India: X-ray we want you to join our group
2024-10-14 16:33:34.518238 X-ray: Yes
ChatterBot Alpha reevaluating
ChatterBot Victor reevaluating
2024-10-14 16:33:34.539752 Quebec: Charlie and X-ray, sending you 1
2024-10-14 16:33:34.542673 Echo: Hotel, sending you 6
2024-10-14 16:33:34.543748 Hotel: Echo, sending you 4
2024-10-14 16:33:34.544429 X-ray: Quebec, sending you 2
2024-10-14 16:33:34.545985 Mike: Same as last round
2024-10-14 16:33:34.546719 Charlie: Quebec, Alpha, Victor, Zulu and India, sending you 1
2024-10-14 16:33:34.548517 Quebec: Victor, Zulu and India, sending you 2
2024-10-14 16:33:34.549492 Zulu: Quebec, Alpha and India, sending you 2
2024-10-14 16:33:34.550324 Hotel: X-ray, sending you 1
2024-10-14 16:33:34.551284 Victor: X-ray we want you to join our group
2024-10-14 16:33:34.556282 X-ray: Yes
ChatterBot Alpha reevaluating
2024-10-14 16:33:34.654166 Echo: X-ray and Mike, sending you 2
2024-10-14 16:33:34.655810 X-ray: Charlie, sending you 4
2024-10-14 16:33:34.658300 Charlie: X-ray, sending you 2
2024-10-14 16:33:34.660628 Zulu: Charlie and X-ray, sending you 1
2024-10-14 16:33:34.663183 Hotel: Mike, sending you 2
2024-10-14 16:33:34.664039 X-ray: Victor, Zulu and India, sending you 1
2024-10-14 16:33:34.666704 Zulu: Victor, sending you 3
2024-10-14 16:33:34.669368 India: Quebec, sending you 3
2024-10-14 16:33:34.675670 India: Charlie, Alpha, X-ray, Victor and Zulu, sending you 1
2024-10-14 16:33:34.681804 Alpha: Echo, Victor and India, sending you 1
2024-10-14 16:33:34.687688 Alpha: Zulu, sending you 3
chatterbot Charlie submitting transactions
chatterbot Mike submitting transactions
chatterbot Hotel submitting transactions
chatterbot Zulu submitting transactions
chatterbot X-ray submitting transactions
chatterbot Echo submitting transactions
chatterbot Quebec submitting transactions
chatterbot India submitting transactions
chatterbot Victor submitting transactions
chatterbot Alpha submitting transactions
ChatterBot Quebec round 8
ChatterBot Charlie round 8
ChatterBot Alpha round 8
ChatterBot Hotel round 8
ChatterBot Echo round 8
ChatterBot X-ray round 8
ChatterBot Victor round 8
ChatterBot Mike round 8
ChatterBot Zulu round 8
ChatterBot India round 8
2024-10-14 16:33:35.624691 Victor: We should add X-ray
2024-10-14 16:33:35.644378 Quebec: Yes
2024-10-14 16:33:35.645089 Charlie: Yes
2024-10-14 16:33:35.645243 India: Yes
2024-10-14 16:33:35.645375 Alpha: Yes
2024-10-14 16:33:35.645499 Zulu: Yes
ChatterBot Alpha reevaluating
ChatterBot Alpha reevaluating
ChatterBot Alpha reevaluating
2024-10-14 16:33:35.776141 Victor: X-ray we want you to join our group
2024-10-14 16:33:35.781578 X-ray: Yes
ChatterBot Alpha reevaluating
2024-10-14 16:33:35.972769 Mike: Same as last round
2024-10-14 16:33:35.974559 India: Quebec, Victor and Zulu, sending you 2
2024-10-14 16:33:35.978240 Hotel: Echo, sending you 4
2024-10-14 16:33:35.980272 Charlie: Quebec, Alpha, Victor, Zulu and India, sending you 1
2024-10-14 16:33:35.983494 India: Charlie and X-ray, sending you 1
2024-10-14 16:33:36.079718 Hotel: X-ray, sending you 1
2024-10-14 16:33:36.081695 Charlie: X-ray, sending you 2
2024-10-14 16:33:36.085163 Zulu: Quebec, Alpha and India, sending you 2
2024-10-14 16:33:36.087605 X-ray: Quebec, sending you 2
2024-10-14 16:33:36.090231 Echo: Hotel, sending you 7
2024-10-14 16:33:36.092345 Quebec: Charlie and X-ray, sending you 1
chatterbot India submitting transactions
2024-10-14 16:33:36.096557 Hotel: Mike, sending you 2
2024-10-14 16:33:36.099569 Zulu: Charlie and X-ray, sending you 1
2024-10-14 16:33:36.105941 X-ray: Charlie, sending you 4
2024-10-14 16:33:36.111132 Echo: X-ray, sending you 1
2024-10-14 16:33:36.114431 Quebec: Victor, Zulu and India, sending you 2
2024-10-14 16:33:36.119393 Alpha: Charlie, Victor and India, sending you 1
2024-10-14 16:33:36.124495 Zulu: Victor, sending you 3
2024-10-14 16:33:36.131289 X-ray: Victor, Zulu and India, sending you 1
2024-10-14 16:33:36.136218 Echo: Mike, sending you 2
chatterbot Mike submitting transactions
2024-10-14 16:33:36.137747 Alpha: Zulu, sending you 3
chatterbot Zulu submitting transactions
chatterbot Quebec submitting transactions
chatterbot Alpha submitting transactions
chatterbot Hotel submitting transactions
chatterbot Echo submitting transactions
chatterbot Charlie submitting transactions
chatterbot Victor submitting transactions
chatterbot X-ray submitting transactions
ChatterBot Quebec round 9
ChatterBot Charlie round 9
ChatterBot Alpha round 9
ChatterBot Hotel round 9
ChatterBot Echo round 9
ChatterBot X-ray round 9
ChatterBot Victor round 9
ChatterBot Mike round 9
ChatterBot Zulu round 9
ChatterBot India round 9
2024-10-14 16:33:37.033592 Echo: We should add Charlie
2024-10-14 16:33:37.045002 Hotel: No
2024-10-14 16:33:37.045739 X-ray: Yes
2024-10-14 16:33:37.045955 Mike: No
ChatterBot Echo reevaluating
ChatterBot Mike reevaluating
ChatterBot Echo reevaluating
ChatterBot Hotel reevaluating
ChatterBot Echo reevaluating
2024-10-14 16:33:37.121692 Victor: We should add X-ray
2024-10-14 16:33:37.141937 Quebec: Yes
2024-10-14 16:33:37.142139 Charlie: Yes
2024-10-14 16:33:37.142760 India: Yes
2024-10-14 16:33:37.142957 Alpha: Yes
2024-10-14 16:33:37.143082 Zulu: Yes
2024-10-14 16:33:37.238135 Victor: X-ray we want you to join our group
2024-10-14 16:33:37.243853 X-ray: Yes
2024-10-14 16:33:37.268337 Mike: Charlie we want you to join our group
2024-10-14 16:33:37.272584 Charlie: No
ChatterBot Hotel reevaluating
ChatterBot Echo reevaluating
2024-10-14 16:33:37.312806 Zulu: Quebec, Alpha and India, sending you 2
2024-10-14 16:33:37.315516 India: Quebec, Victor and Zulu, sending you 2
2024-10-14 16:33:37.317392 Charlie: Quebec, Alpha, Victor, Zulu and India, sending you 1
2024-10-14 16:33:37.320641 X-ray: Quebec, sending you 2
2024-10-14 16:33:37.322185 Quebec: Charlie and X-ray, sending you 1
2024-10-14 16:33:37.324946 Alpha: Hotel, sending you 2
2024-10-14 16:33:37.327832 Hotel: Charlie we want you to join our group
2024-10-14 16:33:37.363775 Charlie: No
ChatterBot Echo reevaluating
ChatterBot Mike reevaluating
2024-10-14 16:33:37.440141 Mike: We should replace X-ray with Victor
ChatterBot Echo reevaluating
2024-10-14 16:33:37.454328 Hotel: No
2024-10-14 16:33:37.454641 Echo: No
ChatterBot Mike reevaluating
ChatterBot Echo reevaluating
ChatterBot Mike reevaluating
2024-10-14 16:33:37.483215 Echo: We should replace X-ray with Alpha
ChatterBot Mike reevaluating
ChatterBot Hotel reevaluating
2024-10-14 16:33:37.497919 Mike: No
2024-10-14 16:33:37.498225 Hotel: No
ChatterBot Hotel reevaluating
ChatterBot Echo reevaluating
ChatterBot Mike reevaluating
ChatterBot Echo reevaluating
2024-10-14 16:33:37.531131 Hotel: We should replace X-ray with India
ChatterBot Mike reevaluating
ChatterBot Echo reevaluating
2024-10-14 16:33:37.547265 Mike: No
2024-10-14 16:33:37.547737 Echo: No
ChatterBot Hotel reevaluating
ChatterBot Echo reevaluating
ChatterBot Mike reevaluating
ChatterBot Hotel reevaluating
2024-10-14 16:33:37.578947 Zulu: Charlie and X-ray, sending you 1
2024-10-14 16:33:37.580597 India: Charlie and X-ray, sending you 1
2024-10-14 16:33:37.582426 Charlie: X-ray, sending you 2
2024-10-14 16:33:37.584245 X-ray: Charlie, sending you 4
2024-10-14 16:33:37.586106 Quebec: Victor, Zulu and India, sending you 2
2024-10-14 16:33:37.587819 Alpha: Echo, sending you 3
2024-10-14 16:33:37.589871 Zulu: Victor, sending you 3
2024-10-14 16:33:37.592563 X-ray: Victor, Zulu and India, sending you 1
2024-10-14 16:33:37.630181 Hotel: Alpha we want you to join our group
2024-10-14 16:33:37.635329 Alpha: Yes
ChatterBot Mike reevaluating
2024-10-14 16:33:37.646725 Echo: Alpha we want you to join our group
2024-10-14 16:33:37.651045 Alpha: Yes
ChatterBot Mike reevaluating
2024-10-14 16:33:37.685488 Mike: Alpha we want you to join our group
2024-10-14 16:33:37.690647 Alpha: Yes
ChatterBot Mike reevaluating
chatterbot Victor submitting transactions
2024-10-14 16:33:37.725770 Echo: Alpha and Mike, sending you 2
2024-10-14 16:33:37.727200 Hotel: Echo, sending you 5
2024-10-14 16:33:37.746931 Echo: Hotel, sending you 6
2024-10-14 16:33:37.748175 Hotel: Mike, sending you 2
2024-10-14 16:33:37.837680 Mike: Alpha, Hotel and Echo, sending you 1
chatterbot X-ray submitting transactions
chatterbot Echo submitting transactions
chatterbot Mike submitting transactions
chatterbot Quebec submitting transactions
chatterbot Zulu submitting transactions
chatterbot Charlie submitting transactions
chatterbot India submitting transactions
chatterbot Alpha submitting transactions
chatterbot Hotel submitting transactions
ChatterBot Quebec round 10
ChatterBot Charlie round 10
ChatterBot Alpha round 10
ChatterBot Hotel round 10
ChatterBot Echo round 10
ChatterBot X-ray round 10
ChatterBot Victor round 10
ChatterBot Mike round 10
ChatterBot Zulu round 10
ChatterBot India round 10
2024-10-14 16:33:38.822507 Victor: We should add X-ray
2024-10-14 16:33:38.852238 Quebec: Yes
2024-10-14 16:33:38.852691 Charlie: Yes
2024-10-14 16:33:38.852956 India: Yes
2024-10-14 16:33:38.853236 Alpha: Yes
2024-10-14 16:33:38.853445 Zulu: Yes
ChatterBot Alpha reevaluating
ChatterBot Alpha reevaluating
2024-10-14 16:33:39.050731 Victor: X-ray we want you to join our group
2024-10-14 16:33:39.058297 X-ray: Yes
ChatterBot Alpha reevaluating
2024-10-14 16:33:39.144592 Charlie: Quebec, Alpha, Victor, Zulu and India, sending you 1
2024-10-14 16:33:39.147942 Echo: Alpha and Mike, sending you 2
