ChatterBot Romeo round 1
ChatterBot Zulu round 1
ChatterBot Charlie round 1
ChatterBot Alpha round 1
ChatterBot Hotel round 1
ChatterBot Echo round 1
ChatterBot Delta round 1
ChatterBot X-ray round 1
ChatterBot Juliett round 1
ChatterBot Kilo round 1
randomSelections Hotel: {Hotel, Alpha, Zulu, Charlie, Kilo, Delta} 
2024-10-14 18:15:39.512761 Hotel: We would work well together
ChatterBot Alpha reevaluating
ChatterBot Zulu reevaluating
ChatterBot Charlie reevaluating
ChatterBot Kilo reevaluating
ChatterBot Delta reevaluating
2024-10-14 18:15:39.523727 Alpha: Yes
2024-10-14 18:15:39.524298 Zulu: Yes
2024-10-14 18:15:39.524386 Charlie: Yes
2024-10-14 18:15:39.524469 Kilo: Yes
2024-10-14 18:15:39.524553 Delta: Yes
ChatterBot Zulu reevaluating
ChatterBot Charlie reevaluating
ChatterBot Kilo reevaluating
ChatterBot Delta reevaluating
ChatterBot Alpha reevaluating
ChatterBot Charlie reevaluating
ChatterBot Kilo reevaluating
ChatterBot Delta reevaluating
ChatterBot Alpha reevaluating
ChatterBot Zulu reevaluating
ChatterBot Kilo reevaluating
ChatterBot Delta reevaluating
ChatterBot Alpha reevaluating
ChatterBot Zulu reevaluating
ChatterBot Charlie reevaluating
ChatterBot Delta reevaluating
ChatterBot Alpha reevaluating
ChatterBot Zulu reevaluating
ChatterBot Charlie reevaluating
ChatterBot Kilo reevaluating
randomSelections X-ray: {X-ray, Zulu, Delta, Charlie, Kilo, Romeo, Hotel} 
2024-10-14 18:15:39.582974 X-ray: We would work well together
ChatterBot Zulu reevaluating
ChatterBot Delta reevaluating
ChatterBot Charlie reevaluating
ChatterBot Kilo reevaluating
ChatterBot Romeo reevaluating
2024-10-14 18:15:39.591847 Zulu: No
2024-10-14 18:15:39.592459 Delta: No
2024-10-14 18:15:39.592621 Charlie: No
2024-10-14 18:15:39.592780 Kilo: No
2024-10-14 18:15:39.592950 Romeo: Yes
2024-10-14 18:15:39.593065 Hotel: No
ChatterBot Delta reevaluating
ChatterBot Charlie reevaluating
ChatterBot Kilo reevaluating
ChatterBot Romeo reevaluating
ChatterBot Zulu reevaluating
ChatterBot Charlie reevaluating
ChatterBot Kilo reevaluating
ChatterBot Romeo reevaluating
ChatterBot Zulu reevaluating
ChatterBot Delta reevaluating
ChatterBot Kilo reevaluating
ChatterBot Romeo reevaluating
ChatterBot Zulu reevaluating
ChatterBot Delta reevaluating
ChatterBot Charlie reevaluating
ChatterBot Romeo reevaluating
ChatterBot Zulu reevaluating
ChatterBot Delta reevaluating
ChatterBot Charlie reevaluating
ChatterBot Kilo reevaluating
ChatterBot Zulu reevaluating
ChatterBot Delta reevaluating
ChatterBot Charlie reevaluating
ChatterBot Kilo reevaluating
ChatterBot Romeo reevaluating
randomSelections Echo: {Echo, Delta, Zulu, Charlie, Romeo, X-ray} 
2024-10-14 18:15:39.738837 Echo: Let's form a team
ChatterBot Delta reevaluating
ChatterBot Zulu reevaluating
ChatterBot Charlie reevaluating
ChatterBot Romeo reevaluating
2024-10-14 18:15:39.751872 Delta: No
2024-10-14 18:15:39.752110 Zulu: No
2024-10-14 18:15:39.752448 Charlie: No
2024-10-14 18:15:39.753427 Romeo: No
2024-10-14 18:15:39.753909 X-ray: No
ChatterBot Zulu reevaluating
ChatterBot Charlie reevaluating
ChatterBot Romeo reevaluating
ChatterBot Delta reevaluating
ChatterBot Charlie reevaluating
ChatterBot Romeo reevaluating
ChatterBot Delta reevaluating
ChatterBot Zulu reevaluating
ChatterBot Romeo reevaluating
ChatterBot Delta reevaluating
ChatterBot Zulu reevaluating
ChatterBot Charlie reevaluating
ChatterBot Delta reevaluating
ChatterBot Zulu reevaluating
ChatterBot Charlie reevaluating
ChatterBot Romeo reevaluating
randomSelections Juliett: {Juliett, Charlie, Alpha, Romeo, X-ray, Hotel} 
2024-10-14 18:15:39.822078 Juliett: Friends?
ChatterBot Charlie reevaluating
ChatterBot Alpha reevaluating
ChatterBot Romeo reevaluating
2024-10-14 18:15:39.835375 Charlie: No
2024-10-14 18:15:39.836395 Alpha: No
2024-10-14 18:15:39.836875 Romeo: No
2024-10-14 18:15:39.837134 X-ray: No
2024-10-14 18:15:39.838060 Hotel: No
ChatterBot Alpha reevaluating
ChatterBot Romeo reevaluating
ChatterBot Charlie reevaluating
ChatterBot Romeo reevaluating
ChatterBot Charlie reevaluating
ChatterBot Alpha reevaluating
ChatterBot Charlie reevaluating
ChatterBot Alpha reevaluating
ChatterBot Romeo reevaluating
ChatterBot Charlie reevaluating
ChatterBot Alpha reevaluating
ChatterBot Romeo reevaluating
2024-10-14 18:15:39.906628 X-ray: Romeo, sending you 1
2024-10-14 18:15:39.908930 Zulu: Charlie and Delta, sending you 4
2024-10-14 18:15:39.911713 X-ray: Charlie, sending you 4
2024-10-14 18:15:39.913739 Zulu: Alpha, sending you 2
2024-10-14 18:15:39.914899 Alpha: Zulu and Delta, sending you 3
2024-10-14 18:15:39.915727 Echo: Romeo, sending you 4
2024-10-14 18:15:39.916074 Hotel: Zulu, Alpha and Kilo, sending you 2
2024-10-14 18:15:39.917043 Kilo: Zulu, Alpha and Hotel, sending you 1
2024-10-14 18:15:39.917341 X-ray: Kilo, sending you 3
2024-10-14 18:15:39.917680 Charlie: Hotel and Kilo, sending you 1
2024-10-14 18:15:39.917984 Juliett: Romeo and Charlie, sending you 4
2024-10-14 18:15:39.919257 Delta: Zulu, sending you 3
2024-10-14 18:15:39.919601 Zulu: Hotel, sending you 1
2024-10-14 18:15:39.919883 Romeo: Zulu and Hotel, sending you 1
2024-10-14 18:15:39.920308 Alpha: Charlie, sending you 4
2024-10-14 18:15:39.921190 Echo: Zulu, sending you 5
2024-10-14 18:15:39.921533 Hotel: Charlie, sending you 4
2024-10-14 18:15:39.923252 Charlie: Delta, sending you 2
2024-10-14 18:15:39.923741 Juliett: Alpha and Hotel, sending you 3
2024-10-14 18:15:39.924269 Delta: Charlie and Kilo, sending you 2
2024-10-14 18:15:39.925476 Zulu: Kilo, sending you 5
2024-10-14 18:15:39.925933 Romeo: Charlie, sending you 4
2024-10-14 18:15:39.926488 Echo: Charlie and Delta, sending you 2
2024-10-14 18:15:39.927853 Alpha: Kilo, sending you 6
2024-10-14 18:15:39.929886 Delta: Alpha and Hotel, sending you 4
2024-10-14 18:15:39.930366 Romeo: Delta and Kilo, sending you 2
chatterbot Hotel submitting transactions
chatterbot Kilo submitting transactions
chatterbot Echo submitting transactions
chatterbot Romeo submitting transactions
chatterbot Juliett submitting transactions
chatterbot Charlie submitting transactions
chatterbot X-ray submitting transactions
chatterbot Zulu submitting transactions
chatterbot Delta submitting transactions
chatterbot Alpha submitting transactions
ChatterBot Romeo round 2
ChatterBot Zulu round 2
ChatterBot Charlie round 2
ChatterBot Alpha round 2
ChatterBot Hotel round 2
ChatterBot Echo round 2
ChatterBot Delta round 2
ChatterBot X-ray round 2
ChatterBot Juliett round 2
ChatterBot Kilo round 2
2024-10-14 18:15:41.611913 Echo: Group up?
ChatterBot X-ray reevaluating
2024-10-14 18:15:41.618329 X-ray: No
ChatterBot Echo reevaluating
2024-10-14 18:15:41.624882 X-ray: Friends?
2024-10-14 18:15:41.625033 Echo: Can we be friends?
ChatterBot Romeo reevaluating
ChatterBot Juliett reevaluating
2024-10-14 18:15:41.637756 Romeo: Yes
2024-10-14 18:15:41.637941 Juliett: Yes
ChatterBot Juliett reevaluating
2024-10-14 18:15:41.643985 Juliett: Yes
ChatterBot Echo reevaluating
ChatterBot Juliett reevaluating
ChatterBot X-ray reevaluating
ChatterBot Echo reevaluating
ChatterBot Romeo reevaluating
2024-10-14 18:15:41.674413 Romeo: We would work well together
ChatterBot Charlie reevaluating
ChatterBot Echo reevaluating
ChatterBot Juliett reevaluating
ChatterBot X-ray reevaluating
2024-10-14 18:15:41.700312 Charlie: No
2024-10-14 18:15:41.700946 Echo: Yes
2024-10-14 18:15:41.701117 Juliett: No
2024-10-14 18:15:41.701260 X-ray: No
ChatterBot Romeo reevaluating
ChatterBot Echo reevaluating
ChatterBot Juliett reevaluating
ChatterBot X-ray reevaluating
ChatterBot Romeo reevaluating
ChatterBot Charlie reevaluating
ChatterBot Juliett reevaluating
ChatterBot X-ray reevaluating
ChatterBot Romeo reevaluating
ChatterBot Charlie reevaluating
ChatterBot Echo reevaluating
ChatterBot X-ray reevaluating
ChatterBot Romeo reevaluating
ChatterBot Charlie reevaluating
ChatterBot Echo reevaluating
ChatterBot Juliett reevaluating
2024-10-14 18:15:41.861964 Zulu: We should replace Charlie with Echo
ChatterBot Alpha reevaluating
ChatterBot Hotel reevaluating
ChatterBot Delta reevaluating
ChatterBot Kilo reevaluating
2024-10-14 18:15:41.877899 Alpha: No
2024-10-14 18:15:41.878161 Hotel: No
2024-10-14 18:15:41.878350 Delta: No
2024-10-14 18:15:41.878519 Kilo: No
ChatterBot Hotel reevaluating
ChatterBot Delta reevaluating
ChatterBot Kilo reevaluating
ChatterBot Alpha reevaluating
ChatterBot Delta reevaluating
ChatterBot Kilo reevaluating
ChatterBot Alpha reevaluating
ChatterBot Hotel reevaluating
ChatterBot Kilo reevaluating
ChatterBot Alpha reevaluating
ChatterBot Hotel reevaluating
ChatterBot Delta reevaluating
2024-10-14 18:15:41.969199 Zulu: Echo we want you to join our group
ChatterBot Echo reevaluating
2024-10-14 18:15:41.974251 Echo: No
ChatterBot Alpha reevaluating
ChatterBot Hotel reevaluating
ChatterBot Delta reevaluating
ChatterBot Kilo reevaluating
2024-10-14 18:15:41.994915 Kilo: We should replace Charlie with X-ray
ChatterBot Alpha reevaluating
ChatterBot Hotel reevaluating
2024-10-14 18:15:42.009017 Zulu: No
2024-10-14 18:15:42.009149 Alpha: No
2024-10-14 18:15:42.009260 Hotel: No
2024-10-14 18:15:42.009364 Delta: No
ChatterBot Alpha reevaluating
ChatterBot Hotel reevaluating
ChatterBot Kilo reevaluating
ChatterBot Hotel reevaluating
ChatterBot Kilo reevaluating
ChatterBot Alpha reevaluating
ChatterBot Kilo reevaluating
ChatterBot Alpha reevaluating
ChatterBot Hotel reevaluating
ChatterBot Kilo reevaluating
2024-10-14 18:15:42.071272 Hotel: We should replace Charlie with Juliett
ChatterBot Alpha reevaluating
ChatterBot Kilo reevaluating
2024-10-14 18:15:42.085736 Zulu: No
2024-10-14 18:15:42.085917 Alpha: Yes
2024-10-14 18:15:42.086374 Delta: No
2024-10-14 18:15:42.086465 Kilo: No
ChatterBot Alpha reevaluating
ChatterBot Hotel reevaluating
ChatterBot Delta reevaluating
ChatterBot Kilo reevaluating
ChatterBot Hotel reevaluating
ChatterBot Delta reevaluating
ChatterBot Kilo reevaluating
ChatterBot Alpha reevaluating
ChatterBot Hotel reevaluating
ChatterBot Kilo reevaluating
ChatterBot Alpha reevaluating
ChatterBot Hotel reevaluating
ChatterBot Delta reevaluating
2024-10-14 18:15:42.534996 Romeo: Charlie and X-ray, sending you 2
2024-10-14 18:15:42.536477 Kilo: We should drop Charlie
ChatterBot Alpha reevaluating
2024-10-14 18:15:42.551542 Zulu: Yes
2024-10-14 18:15:42.551793 Alpha: Yes
2024-10-14 18:15:42.552017 Hotel: Yes
2024-10-14 18:15:42.552651 Delta: Yes
ChatterBot Alpha reevaluating
ChatterBot Alpha reevaluating
ChatterBot Kilo reevaluating
ChatterBot Alpha reevaluating
ChatterBot Kilo reevaluating
2024-10-14 18:15:42.615364 Hotel: Juliett we want you to join our group
ChatterBot Juliett reevaluating
2024-10-14 18:15:42.624825 Juliett: No
chatterbot Zulu submitting transactions
2024-10-14 18:15:42.645650 Romeo: Echo and Juliett, sending you 3
2024-10-14 18:15:42.646947 Echo: Romeo, sending you 7
2024-10-14 18:15:42.648476 Kilo: X-ray we want you to join our group
ChatterBot X-ray reevaluating
2024-10-14 18:15:42.653230 X-ray: No
ChatterBot Hotel reevaluating
2024-10-14 18:15:42.671093 X-ray: We should group up
ChatterBot Echo reevaluating
ChatterBot Juliett reevaluating
2024-10-14 18:15:42.686812 Romeo: Yes
2024-10-14 18:15:42.686978 Charlie: No
2024-10-14 18:15:42.687139 Echo: Yes
2024-10-14 18:15:42.687297 Juliett: Yes
ChatterBot Echo reevaluating
ChatterBot Juliett reevaluating
ChatterBot X-ray reevaluating
ChatterBot Echo reevaluating
ChatterBot Juliett reevaluating
ChatterBot X-ray reevaluating
ChatterBot Juliett reevaluating
ChatterBot X-ray reevaluating
ChatterBot Echo reevaluating
ChatterBot X-ray reevaluating
2024-10-14 18:15:42.746446 Zulu: Alpha, Hotel and Delta, sending you 3
2024-10-14 18:15:42.747258 Charlie: Romeo, Zulu, Alpha, Hotel and Juliett, sending you 3
chatterbot Charlie submitting transactions
2024-10-14 18:15:42.845315 Zulu: Echo, sending you 5
2024-10-14 18:15:42.846123 Charlie: Echo, sending you 1
chatterbot Romeo submitting transactions
chatterbot Delta submitting transactions
2024-10-14 18:15:42.994997 Zulu: Kilo, sending you 2
2024-10-14 18:15:42.995408 Delta: Zulu and Alpha, sending you 5
2024-10-14 18:15:42.995673 Alpha: Zulu and Hotel, sending you 3
2024-10-14 18:15:42.996356 Kilo: Zulu and Alpha, sending you 4
2024-10-14 18:15:42.996660 Hotel: Zulu, Alpha and Kilo, sending you 2
2024-10-14 18:15:43.172745 Delta: Hotel, sending you 1
2024-10-14 18:15:43.174138 Echo: Romeo, sending you 4
2024-10-14 18:15:43.175514 Alpha: Delta and Juliett, sending you 4
2024-10-14 18:15:43.176203 Juliett: Sending you each 4
2024-10-14 18:15:43.177390 Kilo: Hotel and X-ray, sending you 3
2024-10-14 18:15:43.178198 Hotel: Delta, sending you 4
2024-10-14 18:15:43.179425 Echo: Charlie, X-ray and Juliett, sending you 3
2024-10-14 18:15:43.275950 Alpha: Kilo, sending you 2
2024-10-14 18:15:43.276499 Kilo: Delta, sending you 2
chatterbot Kilo submitting transactions
chatterbot Echo submitting transactions
chatterbot X-ray submitting transactions
chatterbot X-ray submitting transactions
chatterbot Echo submitting transactions
chatterbot Hotel submitting transactions
chatterbot Hotel submitting transactions
chatterbot Juliett submitting transactions
chatterbot Alpha submitting transactions
ChatterBot Romeo round 3
ChatterBot Zulu round 3
ChatterBot Charlie round 3
ChatterBot Alpha round 3
ChatterBot Hotel round 3
ChatterBot Echo round 3
ChatterBot Delta round 3
ChatterBot X-ray round 3
ChatterBot Juliett round 3
ChatterBot Kilo round 3
2024-10-14 18:15:44.199249 Charlie: Can we be friends?
ChatterBot Romeo reevaluating
ChatterBot Echo reevaluating
ChatterBot X-ray reevaluating
2024-10-14 18:15:44.210987 Romeo: Yes
2024-10-14 18:15:44.211148 Echo: Yes
2024-10-14 18:15:44.211258 Juliett: Yes
2024-10-14 18:15:44.211372 X-ray: Yes
ChatterBot Echo reevaluating
ChatterBot X-ray reevaluating
ChatterBot Romeo reevaluating
ChatterBot X-ray reevaluating
ChatterBot Romeo reevaluating
ChatterBot Echo reevaluating
ChatterBot X-ray reevaluating
ChatterBot Romeo reevaluating
ChatterBot Echo reevaluating
2024-10-14 18:15:44.297084 X-ray: We should add Romeo and Juliett
ChatterBot Echo reevaluating
2024-10-14 18:15:44.320992 Echo: Yes
ChatterBot X-ray reevaluating
2024-10-14 18:15:44.502474 Charlie: Romeo and Echo, sending you 4
2024-10-14 18:15:44.502866 Zulu: Alpha and Hotel, sending you 3
2024-10-14 18:15:44.503611 Alpha: Zulu, Hotel and Kilo, sending you 3
2024-10-14 18:15:44.503928 Juliett: Romeo and Charlie, sending you 5
2024-10-14 18:15:44.504212 Delta: Zulu and Alpha, sending you 5
2024-10-14 18:15:44.504939 Romeo: Charlie and X-ray, sending you 2
2024-10-14 18:15:44.505303 Kilo: Zulu and Alpha, sending you 4
2024-10-14 18:15:44.543707 Charlie: X-ray, sending you 3
2024-10-14 18:15:44.544099 Alpha: Delta, sending you 5
2024-10-14 18:15:44.544507 Delta: Hotel, sending you 4
2024-10-14 18:15:44.545152 Zulu: Delta and Kilo, sending you 4
2024-10-14 18:15:44.545406 Juliett: Echo, sending you 4
2024-10-14 18:15:44.545698 Romeo: Echo and Juliett, sending you 3
2024-10-14 18:15:44.545955 Kilo: Hotel and X-ray, sending you 3
2024-10-14 18:15:44.546722 X-ray: Romeo, sending you 2
2024-10-14 18:15:44.546966 Hotel: Zulu and Alpha, sending you 2
2024-10-14 18:15:44.547243 Echo: Romeo, Charlie and Juliett, sending you 3
2024-10-14 18:15:44.548089 Alpha: Juliett, sending you 2
2024-10-14 18:15:44.563951 Charlie: Juliett, sending you 5
2024-10-14 18:15:44.564421 Delta: Kilo, sending you 3
2024-10-14 18:15:44.564915 Zulu: X-ray, sending you 2
2024-10-14 18:15:44.566062 Juliett: X-ray, sending you 2
2024-10-14 18:15:44.566607 Hotel: Delta and Kilo, sending you 3
2024-10-14 18:15:44.567738 X-ray: Echo and Juliett, sending you 3
2024-10-14 18:15:44.568209 Kilo: Delta, sending you 2
2024-10-14 18:15:44.569122 Echo: X-ray, sending you 4
chatterbot Hotel submitting transactions
chatterbot Charlie submitting transactions
chatterbot X-ray submitting transactions
chatterbot Kilo submitting transactions
chatterbot Echo submitting transactions
chatterbot Alpha submitting transactions
chatterbot Delta submitting transactions
chatterbot Juliett submitting transactions
chatterbot Romeo submitting transactions
chatterbot Zulu submitting transactions
ChatterBot Romeo round 4
ChatterBot Zulu round 4
ChatterBot Charlie round 4
ChatterBot Alpha round 4
ChatterBot Hotel round 4
ChatterBot Echo round 4
ChatterBot Delta round 4
ChatterBot X-ray round 4
ChatterBot Juliett round 4
ChatterBot Kilo round 4
2024-10-14 18:15:45.794624 Kilo: We should drop X-ray
2024-10-14 18:15:45.813329 Zulu: Yes
2024-10-14 18:15:45.813553 Alpha: Yes
2024-10-14 18:15:45.814404 Hotel: Yes
2024-10-14 18:15:45.814594 Delta: Yes
ChatterBot Zulu reevaluating
ChatterBot Zulu reevaluating
2024-10-14 18:15:45.865515 Romeo: Charlie, Echo and Juliett, sending you 3
2024-10-14 18:15:45.866112 Alpha: Zulu and Hotel, sending you 3
2024-10-14 18:15:45.867198 Charlie: Romeo and Echo, sending you 4
2024-10-14 18:15:45.867782 Delta: Zulu and Alpha, sending you 5
2024-10-14 18:15:45.868789 Echo: Romeo, Charlie and Juliett, sending you 3
2024-10-14 18:15:45.869401 Hotel: Zulu and Alpha, sending you 2
2024-10-14 18:15:45.870598 Romeo: X-ray, sending you 1
2024-10-14 18:15:45.872008 Alpha: Delta and Kilo, sending you 4
2024-10-14 18:15:45.872450 Charlie: X-ray, sending you 2
2024-10-14 18:15:45.873039 Echo: X-ray, sending you 4
2024-10-14 18:15:45.873894 Delta: Hotel, sending you 4
2024-10-14 18:15:45.874458 Juliett: Romeo and Echo, sending you 4
2024-10-14 18:15:45.875582 Hotel: Delta and Kilo, sending you 3
2024-10-14 18:15:45.876296 X-ray: Sending you each 2
2024-10-14 18:15:45.877452 Charlie: Juliett, sending you 6
2024-10-14 18:15:45.878705 Alpha: Juliett, sending you 2
2024-10-14 18:15:45.879450 Delta: Kilo, sending you 2
2024-10-14 18:15:45.880846 Juliett: Charlie, sending you 5
2024-10-14 18:15:45.893955 Kilo: Zulu, sending you 5
2024-10-14 18:15:45.894669 Juliett: X-ray, sending you 3
2024-10-14 18:15:45.902827 Kilo: Alpha and Hotel, sending you 4
2024-10-14 18:15:45.912590 Kilo: Delta, sending you 3
chatterbot Romeo submitting transactions
chatterbot Zulu submitting transactions
chatterbot Kilo submitting transactions
chatterbot Delta submitting transactions
chatterbot X-ray submitting transactions
chatterbot Echo submitting transactions
chatterbot Alpha submitting transactions
chatterbot Juliett submitting transactions
chatterbot Hotel submitting transactions
chatterbot Charlie submitting transactions
ChatterBot Romeo round 5
ChatterBot Zulu round 5
ChatterBot Charlie round 5
ChatterBot Alpha round 5
ChatterBot Hotel round 5
ChatterBot Echo round 5
ChatterBot Delta round 5
ChatterBot X-ray round 5
ChatterBot Juliett round 5
ChatterBot Kilo round 5
2024-10-14 18:15:46.879677 Romeo: Charlie, Echo and Juliett, sending you 3
2024-10-14 18:15:46.883664 Romeo: X-ray, sending you 1
2024-10-14 18:15:46.886698 Echo: Romeo, Charlie and Juliett, sending you 3
2024-10-14 18:15:46.891659 Charlie: Romeo and Echo, sending you 4
2024-10-14 18:15:46.892130 Delta: Zulu and Alpha, sending you 5
2024-10-14 18:15:46.892682 Echo: X-ray, sending you 4
2024-10-14 18:15:46.893970 Kilo: Zulu, sending you 5
2024-10-14 18:15:46.894597 X-ray: Same as last round
2024-10-14 18:15:46.895248 Charlie: X-ray, sending you 2
2024-10-14 18:15:46.896252 Juliett: Romeo and Echo, sending you 4
2024-10-14 18:15:46.896826 Delta: Hotel, sending you 4
2024-10-14 18:15:46.897875 Alpha: Zulu and Hotel, sending you 3
2024-10-14 18:15:46.898677 Kilo: Alpha and Hotel, sending you 4
2024-10-14 18:15:46.900007 Hotel: Zulu and Alpha, sending you 2
2024-10-14 18:15:46.900571 Juliett: Charlie, sending you 5
2024-10-14 18:15:46.901077 Charlie: Juliett, sending you 6
2024-10-14 18:15:46.901529 Delta: Kilo, sending you 3
2024-10-14 18:15:46.902448 Alpha: Delta and Kilo, sending you 4
2024-10-14 18:15:46.903673 Kilo: Delta, sending you 3
2024-10-14 18:15:46.904840 Hotel: Delta and Kilo, sending you 3
2024-10-14 18:15:46.905422 Juliett: X-ray, sending you 3
2024-10-14 18:15:46.906063 Alpha: Juliett, sending you 2
chatterbot X-ray submitting transactions
chatterbot Zulu submitting transactions
chatterbot Echo submitting transactions
chatterbot Romeo submitting transactions
chatterbot Kilo submitting transactions
chatterbot Alpha submitting transactions
chatterbot Charlie submitting transactions
chatterbot Hotel submitting transactions
chatterbot Delta submitting transactions
chatterbot Juliett submitting transactions
ChatterBot Romeo round 6
ChatterBot Zulu round 6
ChatterBot Charlie round 6
ChatterBot Alpha round 6
ChatterBot Hotel round 6
ChatterBot Echo round 6
ChatterBot Delta round 6
ChatterBot X-ray round 6
ChatterBot Juliett round 6
ChatterBot Kilo round 6
2024-10-14 18:15:48.157662 Charlie: Romeo and Echo, sending you 4
2024-10-14 18:15:48.159678 Romeo: Charlie, Echo and Juliett, sending you 3
2024-10-14 18:15:48.160691 Alpha: Zulu and Hotel, sending you 3
2024-10-14 18:15:48.162114 Charlie: X-ray, sending you 2
2024-10-14 18:15:48.164685 Romeo: X-ray, sending you 1
2024-10-14 18:15:48.166676 Alpha: Delta and Kilo, sending you 4
2024-10-14 18:15:48.167275 Charlie: Juliett, sending you 6
2024-10-14 18:15:48.168659 Hotel: Zulu and Alpha, sending you 2
2024-10-14 18:15:48.169678 Juliett: Romeo, Charlie and Echo, sending you 4
2024-10-14 18:15:48.170529 X-ray: Same as last round
2024-10-14 18:15:48.171070 Alpha: Juliett, sending you 2
2024-10-14 18:15:48.171697 Echo: Romeo, X-ray and Juliett, sending you 3
2024-10-14 18:15:48.173659 Hotel: Delta and Kilo, sending you 3
2024-10-14 18:15:48.174589 Delta: Zulu and Alpha, sending you 5
2024-10-14 18:15:48.175163 Juliett: X-ray, sending you 3
2024-10-14 18:15:48.176855 Echo: Charlie, sending you 4
2024-10-14 18:15:48.177499 Kilo: Sending you each 4
2024-10-14 18:15:48.178181 Delta: Hotel, sending you 4
2024-10-14 18:15:48.182714 Delta: Kilo, sending you 3
chatterbot Hotel submitting transactions
chatterbot Kilo submitting transactions
chatterbot Delta submitting transactions
chatterbot Charlie submitting transactions
chatterbot Echo submitting transactions
chatterbot Zulu submitting transactions
chatterbot X-ray submitting transactions
chatterbot Alpha submitting transactions
chatterbot Romeo submitting transactions
chatterbot Juliett submitting transactions
ChatterBot Romeo round 7
ChatterBot Zulu round 7
2024-10-14 18:15:49.255969 Zulu: We should add Romeo
ChatterBot Kilo reevaluating
2024-10-14 18:15:49.265108 Alpha: No
2024-10-14 18:15:49.265253 Hotel: No
2024-10-14 18:15:49.265376 Delta: No
2024-10-14 18:15:49.265499 Kilo: Yes
ChatterBot Zulu reevaluating
ChatterBot Kilo reevaluating
ChatterBot Zulu reevaluating
ChatterBot Kilo reevaluating
ChatterBot Zulu reevaluating
ChatterBot Kilo reevaluating
ChatterBot Zulu reevaluating
ChatterBot Charlie round 7
ChatterBot Alpha round 7
ChatterBot Hotel round 7
ChatterBot Echo round 7
ChatterBot Delta round 7
ChatterBot X-ray round 7
ChatterBot Juliett round 7
ChatterBot Kilo round 7
2024-10-14 18:15:49.338676 Romeo: Charlie, Echo and Juliett, sending you 3
2024-10-14 18:15:49.341718 Echo: Romeo, Charlie and X-ray, sending you 3
2024-10-14 18:15:49.343662 Romeo: X-ray, sending you 1
2024-10-14 18:15:49.344682 Alpha: Zulu, Delta and Kilo, sending you 4
2024-10-14 18:15:49.345683 Echo: Juliett, sending you 4
2024-10-14 18:15:49.349695 Alpha: Hotel, sending you 3
2024-10-14 18:15:49.350782 Juliett: Romeo, Charlie and Echo, sending you 4
2024-10-14 18:15:49.351337 Hotel: Zulu and Alpha, sending you 2
2024-10-14 18:15:49.351905 Charlie: Romeo and Echo, sending you 4
2024-10-14 18:15:49.353691 X-ray: Same as last round
2024-10-14 18:15:49.354132 Alpha: Juliett, sending you 1
2024-10-14 18:15:49.354698 Charlie: X-ray, sending you 3
2024-10-14 18:15:49.356253 Juliett: X-ray, sending you 3
2024-10-14 18:15:49.356849 Hotel: Delta and Kilo, sending you 3
2024-10-14 18:15:49.357392 Delta: Zulu and Alpha, sending you 5
2024-10-14 18:15:49.359693 Charlie: Juliett, sending you 5
2024-10-14 18:15:49.361673 Kilo: Same as last round
2024-10-14 18:15:49.362761 Delta: Hotel, sending you 4
2024-10-14 18:15:49.365697 Delta: Kilo, sending you 3
chatterbot Kilo submitting transactions
chatterbot Alpha submitting transactions
chatterbot Hotel submitting transactions
chatterbot X-ray submitting transactions
chatterbot Delta submitting transactions
chatterbot Romeo submitting transactions
chatterbot Zulu submitting transactions
chatterbot Juliett submitting transactions
chatterbot Echo submitting transactions
chatterbot Charlie submitting transactions
ChatterBot Romeo round 8
ChatterBot Zulu round 8
ChatterBot Charlie round 8
ChatterBot Alpha round 8
ChatterBot Hotel round 8
ChatterBot Echo round 8
ChatterBot Delta round 8
ChatterBot X-ray round 8
ChatterBot Juliett round 8
ChatterBot Kilo round 8
2024-10-14 18:15:50.578679 Romeo: Charlie and Juliett, sending you 3
2024-10-14 18:15:50.583661 Romeo: Echo and X-ray, sending you 2
2024-10-14 18:15:50.585501 Alpha: Zulu, Delta and Kilo, sending you 4
2024-10-14 18:15:50.586762 Echo: Romeo, Charlie and X-ray, sending you 3
2024-10-14 18:15:50.590140 Delta: Zulu, sending you 5
2024-10-14 18:15:50.591094 Kilo: Same as last round
2024-10-14 18:15:50.592120 Alpha: Hotel, sending you 3
2024-10-14 18:15:50.593857 Echo: Juliett, sending you 4
2024-10-14 18:15:50.594833 Hotel: Zulu and Alpha, sending you 2
2024-10-14 18:15:50.596281 Delta: Alpha, Hotel and Kilo, sending you 4
2024-10-14 18:15:50.597014 X-ray: Same as last round
2024-10-14 18:15:50.598308 Charlie: Romeo and Echo, sending you 4
2024-10-14 18:15:50.599158 Alpha: Juliett, sending you 1
2024-10-14 18:15:50.600377 Hotel: Delta and Kilo, sending you 3
2024-10-14 18:15:50.603666 Charlie: X-ray, sending you 3
2024-10-14 18:15:50.606686 Juliett: Romeo, Charlie and Echo, sending you 4
2024-10-14 18:15:50.609681 Charlie: Juliett, sending you 5
2024-10-14 18:15:50.611190 Juliett: X-ray, sending you 3
chatterbot Delta submitting transactions
chatterbot Echo submitting transactions
chatterbot Juliett submitting transactions
chatterbot Charlie submitting transactions
chatterbot Zulu submitting transactions
chatterbot Hotel submitting transactions
chatterbot Kilo submitting transactions
chatterbot X-ray submitting transactions
chatterbot Alpha submitting transactions
chatterbot Romeo submitting transactions
ChatterBot Romeo round 9
ChatterBot Zulu round 9
ChatterBot Charlie round 9
ChatterBot Alpha round 9
ChatterBot Hotel round 9
ChatterBot Echo round 9
ChatterBot Delta round 9
ChatterBot X-ray round 9
ChatterBot Juliett round 9
ChatterBot Kilo round 9
2024-10-14 18:15:51.776692 Charlie: Romeo and Echo, sending you 4
2024-10-14 18:15:51.777685 Romeo: Charlie and Juliett, sending you 3
2024-10-14 18:15:51.779295 Juliett: Romeo, Charlie and Echo, sending you 4
2024-10-14 18:15:51.781693 Charlie: X-ray, sending you 3
2024-10-14 18:15:51.782663 Romeo: Echo and X-ray, sending you 2
2024-10-14 18:15:51.783119 Juliett: X-ray, sending you 3
2024-10-14 18:15:51.784712 Echo: Romeo, Charlie and X-ray, sending you 3
2024-10-14 18:15:51.786707 Hotel: Zulu and Alpha, sending you 2
2024-10-14 18:15:51.787816 Charlie: Juliett, sending you 5
2024-10-14 18:15:51.789521 Delta: Zulu, sending you 5
2024-10-14 18:15:51.790572 Kilo: Same as last round
2024-10-14 18:15:51.791681 Alpha: Zulu, Delta and Kilo, sending you 4
2024-10-14 18:15:51.792938 Echo: Juliett, sending you 4
2024-10-14 18:15:51.794080 Hotel: Delta and Kilo, sending you 3
2024-10-14 18:15:51.796250 Delta: Alpha, Hotel and Kilo, sending you 4
2024-10-14 18:15:51.797515 X-ray: Same as last round
2024-10-14 18:15:51.798603 Alpha: Hotel, sending you 3
2024-10-14 18:15:51.802713 Alpha: Juliett, sending you 1
chatterbot Kilo submitting transactions
chatterbot Alpha submitting transactions
chatterbot Romeo submitting transactions
chatterbot X-ray submitting transactions
chatterbot Zulu submitting transactions
chatterbot Echo submitting transactions
chatterbot Charlie submitting transactions
chatterbot Hotel submitting transactions
chatterbot Juliett submitting transactions
chatterbot Delta submitting transactions
ChatterBot Romeo round 10
ChatterBot Zulu round 10
ChatterBot Charlie round 10
ChatterBot Alpha round 10
ChatterBot Hotel round 10
ChatterBot Echo round 10
ChatterBot Delta round 10
2024-10-14 18:15:52.857152 Alpha: We should replace Juliett with Charlie
ChatterBot Zulu reevaluating
2024-10-14 18:15:52.865894 Zulu: Yes
2024-10-14 18:15:52.866050 Hotel: No
2024-10-14 18:15:52.866244 Delta: No
2024-10-14 18:15:52.866367 Kilo: No
ChatterBot Zulu reevaluating
ChatterBot Alpha reevaluating
ChatterBot Kilo reevaluating
ChatterBot Zulu reevaluating
ChatterBot Alpha reevaluating
ChatterBot Kilo reevaluating
ChatterBot Zulu reevaluating
ChatterBot Alpha reevaluating
ChatterBot X-ray round 10
ChatterBot Juliett round 10
ChatterBot Kilo round 10
2024-10-14 18:15:52.902439 Zulu: We should add Echo
ChatterBot Alpha reevaluating
ChatterBot Kilo reevaluating
2024-10-14 18:15:52.909396 Alpha: Yes
2024-10-14 18:15:52.909546 Hotel: No
2024-10-14 18:15:52.909655 Delta: No
2024-10-14 18:15:52.909760 Kilo: No
ChatterBot Zulu reevaluating
ChatterBot Kilo reevaluating
ChatterBot Zulu reevaluating
ChatterBot Alpha reevaluating
ChatterBot Kilo reevaluating
ChatterBot Zulu reevaluating
ChatterBot Alpha reevaluating
ChatterBot Kilo reevaluating
ChatterBot Zulu reevaluating
ChatterBot Alpha reevaluating
2024-10-14 18:15:52.963703 Hotel: Zulu and Alpha, sending you 2
2024-10-14 18:15:52.964253 Delta: Zulu, sending you 5
2024-10-14 18:15:52.967666 Hotel: Delta and Kilo, sending you 3
2024-10-14 18:15:52.968690 Delta: Alpha, Hotel and Kilo, sending you 4
2024-10-14 18:15:52.969295 X-ray: Same as last round
2024-10-14 18:15:52.969892 Alpha: Zulu, Delta and Kilo, sending you 4
2024-10-14 18:15:52.970395 Charlie: Romeo and Echo, sending you 4
2024-10-14 18:15:52.971502 Romeo: Charlie and Juliett, sending you 3
2024-10-14 18:15:52.972035 Echo: Romeo, Charlie and X-ray, sending you 3
2024-10-14 18:15:52.972496 Kilo: Zulu and Alpha, sending you 4
2024-10-14 18:15:52.973703 Alpha: Hotel, sending you 3
2024-10-14 18:15:52.974104 Charlie: X-ray, sending you 3
2024-10-14 18:15:52.975697 Echo: Juliett, sending you 4
2024-10-14 18:15:52.976326 Kilo: Charlie, sending you 2
2024-10-14 18:15:52.976880 Romeo: Echo and X-ray, sending you 2
2024-10-14 18:15:52.977431 Alpha: Juliett, sending you 1
2024-10-14 18:15:52.978012 Juliett: Romeo, Charlie and Echo, sending you 4
2024-10-14 18:15:52.978706 Charlie: Juliett, sending you 5
2024-10-14 18:15:52.980660 Kilo: Hotel and Delta, sending you 3
2024-10-14 18:15:52.983655 Juliett: X-ray, sending you 3
chatterbot Kilo submitting transactions
chatterbot Zulu submitting transactions
chatterbot X-ray submitting transactions
chatterbot Delta submitting transactions
chatterbot Romeo submitting transactions
chatterbot Charlie submitting transactions
chatterbot Juliett submitting transactions
chatterbot Alpha submitting transactions
chatterbot Hotel submitting transactions
chatterbot Echo submitting transactions
ChatterBot Romeo round 11
ChatterBot Zulu round 11
ChatterBot Charlie round 11
ChatterBot Alpha round 11
ChatterBot Hotel round 11
ChatterBot Echo round 11
ChatterBot Delta round 11
ChatterBot X-ray round 11
2024-10-14 18:15:54.219041 Alpha: We should replace Juliett with Charlie
ChatterBot Kilo reevaluating
2024-10-14 18:15:54.226604 Zulu: No
2024-10-14 18:15:54.226751 Hotel: No
2024-10-14 18:15:54.226859 Delta: No
2024-10-14 18:15:54.226957 Kilo: No
ChatterBot Alpha reevaluating
ChatterBot Kilo reevaluating
ChatterBot Zulu reevaluating
ChatterBot Alpha reevaluating
ChatterBot Kilo reevaluating
ChatterBot Zulu reevaluating
ChatterBot Alpha reevaluating
ChatterBot Kilo reevaluating
ChatterBot Zulu reevaluating
ChatterBot Alpha reevaluating
ChatterBot Juliett round 11
ChatterBot Kilo round 11
2024-10-14 18:15:54.275672 Echo: Romeo, Charlie and X-ray, sending you 3
2024-10-14 18:15:54.279847 Echo: Juliett, sending you 4
2024-10-14 18:15:54.281692 X-ray: Same as last round
2024-10-14 18:15:54.287673 Romeo: Charlie and Juliett, sending you 3
2024-10-14 18:15:54.289703 Charlie: Romeo and Echo, sending you 4
2024-10-14 18:15:54.292656 Romeo: Echo and X-ray, sending you 2
2024-10-14 18:15:54.293252 Juliett: Romeo, Charlie and Echo, sending you 4
2024-10-14 18:15:54.293765 Charlie: X-ray, sending you 3
2024-10-14 18:15:54.294295 Hotel: Zulu and Alpha, sending you 2
2024-10-14 18:15:54.294826 Alpha: Zulu, Delta and Kilo, sending you 4
2024-10-14 18:15:54.296670 Charlie: Juliett, sending you 5
2024-10-14 18:15:54.297401 Kilo: Zulu and Alpha, sending you 4
2024-10-14 18:15:54.297967 Delta: Zulu, sending you 5
2024-10-14 18:15:54.298966 Hotel: Delta and Kilo, sending you 3
2024-10-14 18:15:54.299384 Juliett: X-ray, sending you 3
2024-10-14 18:15:54.299792 Alpha: Hotel, sending you 3
2024-10-14 18:15:54.300667 Kilo: Charlie, sending you 2
2024-10-14 18:15:54.302972 Alpha: Juliett, sending you 1
2024-10-14 18:15:54.303737 Delta: Alpha, Hotel and Kilo, sending you 4
2024-10-14 18:15:54.304683 Kilo: Hotel and Delta, sending you 3
chatterbot Zulu submitting transactions
chatterbot Romeo submitting transactions
chatterbot Alpha submitting transactions
chatterbot Juliett submitting transactions
chatterbot Hotel submitting transactions
chatterbot Echo submitting transactions
chatterbot X-ray submitting transactions
chatterbot Kilo submitting transactions
chatterbot Delta submitting transactions
chatterbot Charlie submitting transactions
ChatterBot Romeo round 12
ChatterBot Zulu round 12
ChatterBot Charlie round 12
ChatterBot Alpha round 12
ChatterBot Hotel round 12
ChatterBot Echo round 12
ChatterBot Delta round 12
ChatterBot X-ray round 12
ChatterBot Juliett round 12
ChatterBot Kilo round 12
2024-10-14 18:15:55.515676 Romeo: Charlie and Juliett, sending you 3
2024-10-14 18:15:55.516708 X-ray: Same as last round
2024-10-14 18:15:55.519303 Kilo: Zulu and Alpha, sending you 4
2024-10-14 18:15:55.519900 Romeo: Echo and X-ray, sending you 2
2024-10-14 18:15:55.520683 Alpha: Zulu, Delta and Kilo, sending you 4
2024-10-14 18:15:55.521275 Juliett: Romeo, Charlie and Echo, sending you 4
2024-10-14 18:15:55.523649 Kilo: Charlie, sending you 2
2024-10-14 18:15:55.524662 Echo: Romeo, Charlie and X-ray, sending you 3
2024-10-14 18:15:55.525250 Juliett: X-ray, sending you 3
2024-10-14 18:15:55.525803 Charlie: Romeo and Echo, sending you 4
2024-10-14 18:15:55.526717 Hotel: Zulu and Alpha, sending you 2
2024-10-14 18:15:55.527196 Alpha: Hotel, sending you 3
2024-10-14 18:15:55.527660 Kilo: Hotel and Delta, sending you 3
2024-10-14 18:15:55.529771 Echo: Juliett, sending you 4
2024-10-14 18:15:55.530358 Charlie: X-ray, sending you 3
2024-10-14 18:15:55.530939 Hotel: Delta and Kilo, sending you 3
2024-10-14 18:15:55.531479 Delta: Zulu, sending you 5
2024-10-14 18:15:55.531955 Alpha: Juliett, sending you 1
2024-10-14 18:15:55.534691 Charlie: Juliett, sending you 5
2024-10-14 18:15:55.535681 Delta: Alpha, Hotel and Kilo, sending you 4
chatterbot Delta submitting transactions
chatterbot Charlie submitting transactions
chatterbot Hotel submitting transactions
chatterbot Juliett submitting transactions
chatterbot Romeo submitting transactions
chatterbot Alpha submitting transactions
chatterbot X-ray submitting transactions
chatterbot Zulu submitting transactions
chatterbot Kilo submitting transactions
chatterbot Echo submitting transactions
ChatterBot Romeo round 13
ChatterBot Zulu round 13
ChatterBot Charlie round 13
ChatterBot Alpha round 13
ChatterBot Hotel round 13
ChatterBot Echo round 13
ChatterBot Delta round 13
ChatterBot X-ray round 13
ChatterBot Juliett round 13
ChatterBot Kilo round 13
2024-10-14 18:15:56.600043 Kilo: We should drop Charlie
ChatterBot Zulu reevaluating
2024-10-14 18:15:56.613560 Zulu: Yes
2024-10-14 18:15:56.613890 Alpha: Yes
2024-10-14 18:15:56.614381 Hotel: Yes
2024-10-14 18:15:56.615122 Delta: Yes
ChatterBot Zulu reevaluating
ChatterBot Zulu reevaluating
ChatterBot Zulu reevaluating
2024-10-14 18:15:56.689693 Charlie: Romeo and Echo, sending you 4
2024-10-14 18:15:56.691900 X-ray: Same as last round
2024-10-14 18:15:56.693727 Delta: Zulu, sending you 5
2024-10-14 18:15:56.695185 Juliett: Romeo, Charlie and Echo, sending you 4
2024-10-14 18:15:56.696898 Echo: Romeo, Charlie and X-ray, sending you 3
2024-10-14 18:15:56.699237 Hotel: Zulu and Alpha, sending you 2
2024-10-14 18:15:56.701448 Romeo: Charlie and Juliett, sending you 3
2024-10-14 18:15:56.702753 Alpha: Zulu, Delta and Kilo, sending you 4
2024-10-14 18:15:56.704264 Charlie: X-ray, sending you 3
2024-10-14 18:15:56.705916 Delta: Alpha, Hotel and Kilo, sending you 4
2024-10-14 18:15:56.707159 Juliett: X-ray, sending you 3
2024-10-14 18:15:56.708889 Echo: Juliett, sending you 4
2024-10-14 18:15:56.710577 Hotel: Delta and Kilo, sending you 3
2024-10-14 18:15:56.713119 Romeo: Echo and X-ray, sending you 2
2024-10-14 18:15:56.715159 Alpha: Hotel, sending you 3
2024-10-14 18:15:56.716317 Charlie: Juliett, sending you 5
2024-10-14 18:15:56.717913 Kilo: Sending you each 4
2024-10-14 18:15:56.720687 Alpha: Juliett, sending you 1
chatterbot Zulu submitting transactions
chatterbot Charlie submitting transactions
chatterbot Kilo submitting transactions
chatterbot Delta submitting transactions
chatterbot Alpha submitting transactions
chatterbot X-ray submitting transactions
chatterbot Romeo submitting transactions
chatterbot Hotel submitting transactions
chatterbot Juliett submitting transactions
chatterbot Echo submitting transactions
ChatterBot Romeo round 14
ChatterBot Zulu round 14
ChatterBot Charlie round 14
ChatterBot Alpha round 14
ChatterBot Hotel round 14
ChatterBot Echo round 14
ChatterBot Delta round 14
ChatterBot X-ray round 14
ChatterBot Juliett round 14
ChatterBot Kilo round 14
2024-10-14 18:15:57.882676 Charlie: Romeo and Echo, sending you 4
2024-10-14 18:15:57.885681 Romeo: Charlie and Juliett, sending you 3
2024-10-14 18:15:57.887671 Charlie: X-ray, sending you 3
2024-10-14 18:15:57.889710 Romeo: Echo and X-ray, sending you 2
2024-10-14 18:15:57.891436 Delta: Zulu, sending you 5
2024-10-14 18:15:57.892438 Charlie: Juliett, sending you 5
2024-10-14 18:15:57.893272 Alpha: Zulu, Delta and Kilo, sending you 4
2024-10-14 18:15:57.895699 Delta: Alpha, Hotel and Kilo, sending you 4
2024-10-14 18:15:57.897100 Kilo: Same as last round
2024-10-14 18:15:57.897710 Alpha: Hotel, sending you 3
2024-10-14 18:15:57.898224 Hotel: Zulu and Alpha, sending you 2
2024-10-14 18:15:57.900677 X-ray: Same as last round
2024-10-14 18:15:57.901670 Echo: Romeo, Charlie and X-ray, sending you 3
2024-10-14 18:15:57.903135 Juliett: Romeo, Charlie and Echo, sending you 4
2024-10-14 18:15:57.903941 Alpha: Juliett, sending you 1
2024-10-14 18:15:57.904561 Hotel: Delta and Kilo, sending you 3
2024-10-14 18:15:57.905308 Echo: Juliett, sending you 4
2024-10-14 18:15:57.908669 Juliett: X-ray, sending you 3
chatterbot Juliett submitting transactions
chatterbot Delta submitting transactions
chatterbot Echo submitting transactions
chatterbot Hotel submitting transactions
chatterbot Kilo submitting transactions
chatterbot Romeo submitting transactions
chatterbot Charlie submitting transactions
chatterbot X-ray submitting transactions
chatterbot Alpha submitting transactions
chatterbot Zulu submitting transactions
ChatterBot Romeo round 15
ChatterBot Zulu round 15
ChatterBot Charlie round 15
ChatterBot Alpha round 15
ChatterBot Hotel round 15
ChatterBot Echo round 15
ChatterBot Delta round 15
ChatterBot X-ray round 15
ChatterBot Juliett round 15
ChatterBot Kilo round 15
2024-10-14 18:15:59.045733 Charlie: Romeo and Echo, sending you 4
2024-10-14 18:15:59.047682 Delta: Zulu, sending you 5
2024-10-14 18:15:59.049676 Alpha: Zulu, Delta and Kilo, sending you 4
2024-10-14 18:15:59.050661 Charlie: X-ray, sending you 3
2024-10-14 18:15:59.051916 Romeo: Charlie and Juliett, sending you 3
2024-10-14 18:15:59.052869 X-ray: Same as last round
2024-10-14 18:15:59.053986 Delta: Alpha, Hotel and Kilo, sending you 4
