ChatterBot Oscar round 1
ChatterBot Alpha round 1
ChatterBot Charlie round 1
ChatterBot Victor round 1
ChatterBot Uniform round 1
ChatterBot Echo round 1
ChatterBot Whiskey round 1
ChatterBot X-ray round 1
ChatterBot Foxtrot round 1
ChatterBot Mike round 1
randomSelections Charlie: {Charlie, Whiskey, Oscar, Foxtrot, X-ray, Alpha} 
2024-10-14 18:15:39.153860 Charlie: Can we be friends?
ChatterBot Whiskey reevaluating
ChatterBot Oscar reevaluating
ChatterBot Foxtrot reevaluating
ChatterBot X-ray reevaluating
ChatterBot Alpha reevaluating
2024-10-14 18:15:39.172868 Whiskey: Yes
2024-10-14 18:15:39.173041 Oscar: Yes
2024-10-14 18:15:39.173200 Foxtrot: Yes
2024-10-14 18:15:39.173328 X-ray: Yes
2024-10-14 18:15:39.173452 Alpha: Yes
ChatterBot Oscar reevaluating
ChatterBot Foxtrot reevaluating
ChatterBot X-ray reevaluating
ChatterBot Alpha reevaluating
ChatterBot Whiskey reevaluating
ChatterBot Foxtrot reevaluating
ChatterBot X-ray reevaluating
ChatterBot Alpha reevaluating
ChatterBot Whiskey reevaluating
ChatterBot Oscar reevaluating
ChatterBot X-ray reevaluating
ChatterBot Alpha reevaluating
ChatterBot Whiskey reevaluating
ChatterBot Oscar reevaluating
ChatterBot Foxtrot reevaluating
ChatterBot Alpha reevaluating
ChatterBot Whiskey reevaluating
ChatterBot Oscar reevaluating
ChatterBot Foxtrot reevaluating
ChatterBot X-ray reevaluating
randomSelections Victor: {Victor, X-ray, Whiskey, Foxtrot, Uniform, Oscar, Alpha, Echo} 
2024-10-14 18:15:39.236050 Victor: Can we be friends?
ChatterBot X-ray reevaluating
ChatterBot Whiskey reevaluating
ChatterBot Foxtrot reevaluating
ChatterBot Uniform reevaluating
ChatterBot Oscar reevaluating
ChatterBot Alpha reevaluating
ChatterBot Echo reevaluating
2024-10-14 18:15:39.254183 X-ray: No
2024-10-14 18:15:39.254448 Whiskey: No
2024-10-14 18:15:39.254656 Foxtrot: No
2024-10-14 18:15:39.256184 Uniform: Yes
2024-10-14 18:15:39.256375 Oscar: No
2024-10-14 18:15:39.256565 Alpha: No
2024-10-14 18:15:39.256742 Echo: Yes
ChatterBot Whiskey reevaluating
ChatterBot Foxtrot reevaluating
ChatterBot Uniform reevaluating
ChatterBot Oscar reevaluating
ChatterBot Alpha reevaluating
ChatterBot Echo reevaluating
ChatterBot X-ray reevaluating
ChatterBot Foxtrot reevaluating
ChatterBot Uniform reevaluating
ChatterBot Oscar reevaluating
ChatterBot Alpha reevaluating
ChatterBot Echo reevaluating
ChatterBot X-ray reevaluating
ChatterBot Whiskey reevaluating
ChatterBot Uniform reevaluating
ChatterBot Oscar reevaluating
ChatterBot Alpha reevaluating
ChatterBot Echo reevaluating
ChatterBot X-ray reevaluating
ChatterBot Whiskey reevaluating
ChatterBot Foxtrot reevaluating
ChatterBot Oscar reevaluating
ChatterBot Alpha reevaluating
ChatterBot Echo reevaluating
ChatterBot X-ray reevaluating
ChatterBot Whiskey reevaluating
ChatterBot Foxtrot reevaluating
ChatterBot Uniform reevaluating
ChatterBot Alpha reevaluating
ChatterBot Echo reevaluating
ChatterBot X-ray reevaluating
ChatterBot Whiskey reevaluating
ChatterBot Foxtrot reevaluating
ChatterBot Uniform reevaluating
ChatterBot Oscar reevaluating
ChatterBot Echo reevaluating
ChatterBot X-ray reevaluating
ChatterBot Whiskey reevaluating
ChatterBot Foxtrot reevaluating
ChatterBot Uniform reevaluating
ChatterBot Oscar reevaluating
ChatterBot Alpha reevaluating
randomSelections Mike: {Mike, Alpha, Oscar, Whiskey, Victor, Charlie} 
2024-10-14 18:15:39.448531 Mike: We would work well together
ChatterBot Alpha reevaluating
ChatterBot Oscar reevaluating
ChatterBot Whiskey reevaluating
2024-10-14 18:15:39.460420 Alpha: No
2024-10-14 18:15:39.461298 Oscar: No
2024-10-14 18:15:39.461512 Whiskey: No
2024-10-14 18:15:39.461753 Victor: No
2024-10-14 18:15:39.461932 Charlie: No
ChatterBot Oscar reevaluating
ChatterBot Whiskey reevaluating
ChatterBot Alpha reevaluating
ChatterBot Whiskey reevaluating
ChatterBot Alpha reevaluating
ChatterBot Oscar reevaluating
ChatterBot Alpha reevaluating
ChatterBot Oscar reevaluating
ChatterBot Whiskey reevaluating
ChatterBot Alpha reevaluating
ChatterBot Oscar reevaluating
ChatterBot Whiskey reevaluating
2024-10-14 18:15:39.548185 Mike: Oscar and Alpha, sending you 3
2024-10-14 18:15:39.552338 Mike: Charlie, sending you 4
2024-10-14 18:15:39.552742 Victor: Oscar, sending you 4
2024-10-14 18:15:39.553084 Alpha: Oscar and Whiskey, sending you 3
2024-10-14 18:15:39.553839 Echo: Alpha and Uniform, sending you 1
2024-10-14 18:15:39.554139 X-ray: Oscar, sending you 5
2024-10-14 18:15:39.554388 Uniform: Oscar, sending you 5
2024-10-14 18:15:39.554668 Foxtrot: Oscar and Whiskey, sending you 3
2024-10-14 18:15:39.555461 Charlie: Oscar, Alpha and Foxtrot, sending you 2
2024-10-14 18:15:39.555871 Whiskey: Alpha, Charlie and Foxtrot, sending you 1
2024-10-14 18:15:39.556313 Mike: Victor and Whiskey, sending you 2
2024-10-14 18:15:39.557681 Echo: Whiskey and X-ray, sending you 2
2024-10-14 18:15:39.558055 X-ray: Alpha, sending you 3
2024-10-14 18:15:39.558376 Victor: Alpha, Uniform and Echo, sending you 1
2024-10-14 18:15:39.559218 Uniform: Victor, sending you 1
2024-10-14 18:15:39.559597 Alpha: Charlie and Foxtrot, sending you 2
2024-10-14 18:15:39.559909 Foxtrot: Alpha and X-ray, sending you 2
2024-10-14 18:15:39.560721 Charlie: X-ray, sending you 1
2024-10-14 18:15:39.561062 Oscar: Alpha and X-ray, sending you 2
2024-10-14 18:15:39.565058 X-ray: Charlie, sending you 4
2024-10-14 18:15:39.565408 Victor: Whiskey and Foxtrot, sending you 2
2024-10-14 18:15:39.566398 Uniform: Echo and Foxtrot, sending you 3
2024-10-14 18:15:39.566737 Alpha: X-ray, sending you 4
2024-10-14 18:15:39.567029 Foxtrot: Charlie, sending you 5
2024-10-14 18:15:39.568006 Oscar: Charlie, sending you 3
2024-10-14 18:15:39.571108 X-ray: Whiskey and Foxtrot, sending you 1
2024-10-14 18:15:39.571543 Victor: X-ray, sending you 3
2024-10-14 18:15:39.571933 Uniform: Whiskey, sending you 2
2024-10-14 18:15:39.572786 Oscar: Whiskey and Foxtrot, sending you 1
chatterbot Victor submitting transactions
chatterbot Charlie submitting transactions
chatterbot Uniform submitting transactions
chatterbot Mike submitting transactions
chatterbot Alpha submitting transactions
chatterbot Whiskey submitting transactions
chatterbot Foxtrot submitting transactions
chatterbot X-ray submitting transactions
chatterbot Echo submitting transactions
chatterbot Oscar submitting transactions
ChatterBot Oscar round 2
ChatterBot Alpha round 2
ChatterBot Charlie round 2
ChatterBot Victor round 2
ChatterBot Uniform round 2
2024-10-14 18:15:40.727392 Alpha: We should replace Whiskey with Mike
ChatterBot Oscar reevaluating
ChatterBot Charlie reevaluating
ChatterBot X-ray reevaluating
ChatterBot Foxtrot reevaluating
2024-10-14 18:15:40.781416 Oscar: Yes
2024-10-14 18:15:40.781728 Charlie: Yes
2024-10-14 18:15:40.782299 X-ray: No
2024-10-14 18:15:40.782452 Foxtrot: No
ChatterBot Charlie reevaluating
ChatterBot X-ray reevaluating
ChatterBot Foxtrot reevaluating
ChatterBot Alpha reevaluating
ChatterBot Oscar reevaluating
ChatterBot X-ray reevaluating
ChatterBot Foxtrot reevaluating
ChatterBot Alpha reevaluating
ChatterBot Oscar reevaluating
ChatterBot Charlie reevaluating
ChatterBot Foxtrot reevaluating
ChatterBot Alpha reevaluating
ChatterBot Oscar reevaluating
ChatterBot Charlie reevaluating
ChatterBot X-ray reevaluating
ChatterBot Echo round 2
ChatterBot Whiskey round 2
ChatterBot X-ray round 2
2024-10-14 18:15:41.063037 Uniform: Let's form a team
ChatterBot Victor reevaluating
ChatterBot Echo reevaluating
ChatterBot Whiskey reevaluating
2024-10-14 18:15:41.076066 Victor: No
2024-10-14 18:15:41.076642 Echo: No
2024-10-14 18:15:41.076759 Whiskey: No
ChatterBot Uniform reevaluating
ChatterBot Echo reevaluating
ChatterBot Whiskey reevaluating
ChatterBot Uniform reevaluating
ChatterBot Victor reevaluating
ChatterBot Whiskey reevaluating
ChatterBot Uniform reevaluating
ChatterBot Victor reevaluating
ChatterBot Echo reevaluating
2024-10-14 18:15:41.117461 Whiskey: We should add Mike
ChatterBot Charlie reevaluating
ChatterBot Oscar reevaluating
ChatterBot Foxtrot reevaluating
ChatterBot X-ray reevaluating
ChatterBot Alpha reevaluating
2024-10-14 18:15:41.145457 Charlie: Yes
2024-10-14 18:15:41.145619 Oscar: Yes
2024-10-14 18:15:41.145732 Foxtrot: No
2024-10-14 18:15:41.146368 X-ray: Yes
2024-10-14 18:15:41.146505 Alpha: Yes
ChatterBot Whiskey reevaluating
ChatterBot Oscar reevaluating
ChatterBot Foxtrot reevaluating
ChatterBot X-ray reevaluating
ChatterBot Alpha reevaluating
ChatterBot Charlie reevaluating
ChatterBot Whiskey reevaluating
ChatterBot Foxtrot reevaluating
ChatterBot X-ray reevaluating
ChatterBot Alpha reevaluating
ChatterBot Charlie reevaluating
ChatterBot Whiskey reevaluating
ChatterBot Oscar reevaluating
ChatterBot X-ray reevaluating
ChatterBot Alpha reevaluating
ChatterBot Charlie reevaluating
ChatterBot Whiskey reevaluating
ChatterBot Oscar reevaluating
ChatterBot Foxtrot reevaluating
ChatterBot Alpha reevaluating
ChatterBot Charlie reevaluating
ChatterBot Whiskey reevaluating
ChatterBot Oscar reevaluating
ChatterBot Foxtrot reevaluating
ChatterBot X-ray reevaluating
ChatterBot Foxtrot round 2
ChatterBot Mike round 2
2024-10-14 18:15:41.313336 Mike: Can we be friends?
ChatterBot Uniform reevaluating
ChatterBot Echo reevaluating
2024-10-14 18:15:41.326097 Victor: Yes
2024-10-14 18:15:41.326752 Uniform: Yes
2024-10-14 18:15:41.326914 Echo: Yes
ChatterBot Uniform reevaluating
ChatterBot Echo reevaluating
ChatterBot Echo reevaluating
ChatterBot Uniform reevaluating
2024-10-14 18:15:41.390270 Foxtrot: Group up?
ChatterBot Alpha reevaluating
ChatterBot Charlie reevaluating
2024-10-14 18:15:41.428133 Oscar: Yes
2024-10-14 18:15:41.428452 Alpha: No
2024-10-14 18:15:41.429022 Charlie: No
2024-10-14 18:15:41.429206 X-ray: Yes
2024-10-14 18:15:41.429377 Mike: No
2024-10-14 18:15:41.429516 Victor: No
ChatterBot Alpha reevaluating
ChatterBot Charlie reevaluating
ChatterBot Charlie reevaluating
ChatterBot Alpha reevaluating
ChatterBot Alpha reevaluating
ChatterBot Charlie reevaluating
ChatterBot Mike reevaluating
ChatterBot Alpha reevaluating
ChatterBot Charlie reevaluating
ChatterBot Victor reevaluating
ChatterBot Alpha reevaluating
ChatterBot Charlie reevaluating
ChatterBot Mike reevaluating
2024-10-14 18:15:41.628264 Mike: Let's form a team
ChatterBot Alpha reevaluating
ChatterBot Charlie reevaluating
2024-10-14 18:15:41.659781 Oscar: Yes
2024-10-14 18:15:41.660057 Alpha: Yes
2024-10-14 18:15:41.660227 Charlie: Yes
2024-10-14 18:15:41.660378 X-ray: Yes
2024-10-14 18:15:41.660885 Foxtrot: Yes
ChatterBot Mike reevaluating
ChatterBot Alpha reevaluating
ChatterBot Charlie reevaluating
ChatterBot Mike reevaluating
ChatterBot Charlie reevaluating
ChatterBot Mike reevaluating
ChatterBot Alpha reevaluating
ChatterBot Mike reevaluating
ChatterBot Alpha reevaluating
ChatterBot Charlie reevaluating
ChatterBot Mike reevaluating
ChatterBot Alpha reevaluating
ChatterBot Charlie reevaluating
2024-10-14 18:15:41.898862 Whiskey: Mike we want you to join our group
ChatterBot Mike reevaluating
2024-10-14 18:15:41.906447 Mike: No
2024-10-14 18:15:41.949441 Charlie: Mike we want you to join our group
ChatterBot Mike reevaluating
2024-10-14 18:15:41.961354 Mike: Yes
2024-10-14 18:15:41.996049 Oscar: Alpha, Charlie, Foxtrot and Mike, sending you 1
2024-10-14 18:15:42.363287 Oscar: Victor, sending you 2
2024-10-14 18:15:42.364105 Uniform: Victor and Echo, sending you 5
2024-10-14 18:15:42.364382 Foxtrot: Oscar, X-ray and Mike, sending you 2
2024-10-14 18:15:42.364686 Alpha: Oscar, Charlie, Victor and Foxtrot, sending you 2
2024-10-14 18:15:42.365324 Victor: Oscar, sending you 2
2024-10-14 18:15:42.365582 Echo: Victor, sending you 3
2024-10-14 18:15:42.365817 X-ray: Oscar, Alpha, Charlie, Victor, Echo and Foxtrot, sending you 2
chatterbot Whiskey submitting transactions
chatterbot Foxtrot submitting transactions
chatterbot Victor submitting transactions
chatterbot X-ray submitting transactions
chatterbot Oscar submitting transactions
2024-10-14 18:15:42.366986 Oscar: X-ray, sending you 3
2024-10-14 18:15:42.787448 Foxtrot: Alpha, Charlie and Victor, sending you 3
2024-10-14 18:15:42.788380 Victor: Alpha, Charlie, X-ray and Foxtrot, sending you 1
2024-10-14 18:15:42.788694 Uniform: Mike, sending you 4
2024-10-14 18:15:42.788958 Whiskey: Oscar, Charlie and X-ray, sending you 2
2024-10-14 18:15:42.789739 Alpha: X-ray and Mike, sending you 3
2024-10-14 18:15:42.790041 Echo: Uniform, sending you 8
2024-10-14 18:15:42.790251 X-ray: Uniform and Mike, sending you 1
2024-10-14 18:15:42.790527 Charlie: Oscar, sending you 1
chatterbot Alpha submitting transactions
chatterbot Uniform submitting transactions
chatterbot Mike submitting transactions
chatterbot Charlie submitting transactions
chatterbot Echo submitting transactions
2024-10-14 18:15:42.805899 Whiskey: Alpha, sending you 4
2024-10-14 18:15:42.806181 Victor: Mike, sending you 6
2024-10-14 18:15:42.806458 Charlie: X-ray, Foxtrot and Mike, sending you 2
2024-10-14 18:15:42.806749 Mike: Oscar, sending you 4
2024-10-14 18:15:42.807610 Foxtrot: Victor did not give me 2 like they said
ChatterBot Oscar reevaluating
ChatterBot Alpha reevaluating
ChatterBot Charlie reevaluating
ChatterBot X-ray reevaluating
ChatterBot Mike reevaluating
ChatterBot Victor reevaluating
2024-10-14 18:15:42.833662 Foxtrot: Uniform did not give me 3 like they said
ChatterBot Oscar reevaluating
ChatterBot Alpha reevaluating
ChatterBot Charlie reevaluating
ChatterBot X-ray reevaluating
ChatterBot Mike reevaluating
ChatterBot Victor reevaluating
2024-10-14 18:15:42.861745 X-ray: Alpha did not give me 4 like they said
ChatterBot Oscar reevaluating
ChatterBot Alpha reevaluating
ChatterBot Charlie reevaluating
ChatterBot Foxtrot reevaluating
ChatterBot Mike reevaluating
ChatterBot Victor reevaluating
ChatterBot Uniform reevaluating
ChatterBot Echo reevaluating
2024-10-14 18:15:42.896281 X-ray: Victor did not give me 3 like they said
ChatterBot Oscar reevaluating
ChatterBot Alpha reevaluating
ChatterBot Charlie reevaluating
ChatterBot Foxtrot reevaluating
ChatterBot Mike reevaluating
ChatterBot Victor reevaluating
ChatterBot Uniform reevaluating
ChatterBot Echo reevaluating
2024-10-14 18:15:42.935292 X-ray: Echo did not give me 2 like they said
ChatterBot Oscar reevaluating
ChatterBot Alpha reevaluating
ChatterBot Charlie reevaluating
ChatterBot Foxtrot reevaluating
ChatterBot Mike reevaluating
ChatterBot Victor reevaluating
ChatterBot Uniform reevaluating
ChatterBot Echo reevaluating
ChatterBot Oscar round 3
ChatterBot Alpha round 3
ChatterBot Charlie round 3
ChatterBot Victor round 3
ChatterBot Uniform round 3
2024-10-14 18:15:42.998371 Whiskey: Foxtrot and Mike, sending you 3
ChatterBot Echo round 3
ChatterBot Whiskey round 3
ChatterBot X-ray round 3
ChatterBot Foxtrot round 3
ChatterBot Mike round 3
2024-10-14 18:15:43.002739 Alpha: We should replace Victor with Whiskey
ChatterBot Mike reevaluating
ChatterBot Oscar reevaluating
ChatterBot Charlie reevaluating
ChatterBot X-ray reevaluating
ChatterBot Foxtrot reevaluating
2024-10-14 18:15:43.100422 Mike: No
2024-10-14 18:15:43.100833 Oscar: No
2024-10-14 18:15:43.101755 Charlie: Yes
2024-10-14 18:15:43.102453 X-ray: No
2024-10-14 18:15:43.103335 Foxtrot: No
ChatterBot Oscar reevaluating
ChatterBot Alpha reevaluating
ChatterBot Charlie reevaluating
ChatterBot X-ray reevaluating
ChatterBot Foxtrot reevaluating
ChatterBot Mike reevaluating
ChatterBot Alpha reevaluating
ChatterBot Charlie reevaluating
ChatterBot X-ray reevaluating
ChatterBot Foxtrot reevaluating
ChatterBot Mike reevaluating
ChatterBot Oscar reevaluating
ChatterBot Alpha reevaluating
ChatterBot X-ray reevaluating
ChatterBot Foxtrot reevaluating
ChatterBot Mike reevaluating
ChatterBot Oscar reevaluating
ChatterBot Alpha reevaluating
ChatterBot Charlie reevaluating
ChatterBot Foxtrot reevaluating
ChatterBot Mike reevaluating
ChatterBot Oscar reevaluating
ChatterBot Alpha reevaluating
ChatterBot Charlie reevaluating
ChatterBot X-ray reevaluating
2024-10-14 18:15:43.259232 Mike: We should add Whiskey
ChatterBot Oscar reevaluating
ChatterBot Alpha reevaluating
ChatterBot Charlie reevaluating
ChatterBot X-ray reevaluating
ChatterBot Foxtrot reevaluating
ChatterBot Victor reevaluating
2024-10-14 18:15:43.294268 Oscar: Yes
2024-10-14 18:15:43.294437 Alpha: Yes
2024-10-14 18:15:43.294666 Charlie: Yes
2024-10-14 18:15:43.294838 X-ray: Yes
2024-10-14 18:15:43.295608 Foxtrot: Yes
2024-10-14 18:15:43.295769 Victor: No
ChatterBot Alpha reevaluating
ChatterBot Charlie reevaluating
ChatterBot X-ray reevaluating
ChatterBot Foxtrot reevaluating
ChatterBot Mike reevaluating
ChatterBot Victor reevaluating
ChatterBot Oscar reevaluating
ChatterBot Charlie reevaluating
ChatterBot X-ray reevaluating
ChatterBot Foxtrot reevaluating
ChatterBot Mike reevaluating
ChatterBot Victor reevaluating
ChatterBot Oscar reevaluating
ChatterBot Alpha reevaluating
ChatterBot X-ray reevaluating
ChatterBot Foxtrot reevaluating
ChatterBot Mike reevaluating
ChatterBot Victor reevaluating
ChatterBot Oscar reevaluating
ChatterBot Alpha reevaluating
ChatterBot Charlie reevaluating
ChatterBot Foxtrot reevaluating
ChatterBot Mike reevaluating
ChatterBot Victor reevaluating
ChatterBot Oscar reevaluating
ChatterBot Alpha reevaluating
ChatterBot Charlie reevaluating
ChatterBot X-ray reevaluating
ChatterBot Mike reevaluating
ChatterBot Victor reevaluating
ChatterBot Oscar reevaluating
ChatterBot Alpha reevaluating
ChatterBot Charlie reevaluating
ChatterBot X-ray reevaluating
ChatterBot Foxtrot reevaluating
ChatterBot Mike reevaluating
2024-10-14 18:15:43.557973 Whiskey: Group up?
ChatterBot Oscar reevaluating
ChatterBot Alpha reevaluating
ChatterBot Charlie reevaluating
ChatterBot Victor reevaluating
ChatterBot X-ray reevaluating
ChatterBot Foxtrot reevaluating
ChatterBot Mike reevaluating
ChatterBot Uniform reevaluating
ChatterBot Echo reevaluating
2024-10-14 18:15:43.608479 Oscar: No
2024-10-14 18:15:43.608996 Alpha: No
2024-10-14 18:15:43.609205 Charlie: No
2024-10-14 18:15:43.609357 Victor: No
2024-10-14 18:15:43.609526 X-ray: No
2024-10-14 18:15:43.609722 Foxtrot: No
2024-10-14 18:15:43.609909 Mike: No
2024-10-14 18:15:43.610491 Uniform: Yes
2024-10-14 18:15:43.610675 Echo: No
ChatterBot Alpha reevaluating
ChatterBot Charlie reevaluating
ChatterBot Victor reevaluating
ChatterBot X-ray reevaluating
ChatterBot Foxtrot reevaluating
ChatterBot Mike reevaluating
ChatterBot Uniform reevaluating
ChatterBot Echo reevaluating
ChatterBot Oscar reevaluating
ChatterBot Charlie reevaluating
ChatterBot Victor reevaluating
ChatterBot X-ray reevaluating
ChatterBot Foxtrot reevaluating
ChatterBot Mike reevaluating
ChatterBot Uniform reevaluating
ChatterBot Echo reevaluating
ChatterBot Oscar reevaluating
ChatterBot Alpha reevaluating
ChatterBot Victor reevaluating
ChatterBot X-ray reevaluating
ChatterBot Foxtrot reevaluating
ChatterBot Mike reevaluating
ChatterBot Uniform reevaluating
ChatterBot Echo reevaluating
ChatterBot Oscar reevaluating
ChatterBot Alpha reevaluating
ChatterBot Charlie reevaluating
ChatterBot X-ray reevaluating
ChatterBot Foxtrot reevaluating
ChatterBot Mike reevaluating
ChatterBot Uniform reevaluating
ChatterBot Echo reevaluating
ChatterBot Oscar reevaluating
ChatterBot Alpha reevaluating
ChatterBot Charlie reevaluating
ChatterBot Victor reevaluating
ChatterBot Foxtrot reevaluating
ChatterBot Mike reevaluating
ChatterBot Uniform reevaluating
ChatterBot Echo reevaluating
ChatterBot Oscar reevaluating
ChatterBot Alpha reevaluating
ChatterBot Charlie reevaluating
ChatterBot Victor reevaluating
ChatterBot X-ray reevaluating
ChatterBot Mike reevaluating
ChatterBot Uniform reevaluating
ChatterBot Echo reevaluating
ChatterBot Oscar reevaluating
ChatterBot Alpha reevaluating
ChatterBot Charlie reevaluating
ChatterBot Victor reevaluating
ChatterBot X-ray reevaluating
ChatterBot Foxtrot reevaluating
ChatterBot Uniform reevaluating
ChatterBot Echo reevaluating
ChatterBot Oscar reevaluating
ChatterBot Alpha reevaluating
ChatterBot Charlie reevaluating
ChatterBot Victor reevaluating
ChatterBot X-ray reevaluating
ChatterBot Foxtrot reevaluating
ChatterBot Mike reevaluating
ChatterBot Echo reevaluating
ChatterBot Oscar reevaluating
ChatterBot Alpha reevaluating
ChatterBot Charlie reevaluating
ChatterBot Victor reevaluating
ChatterBot X-ray reevaluating
ChatterBot Foxtrot reevaluating
ChatterBot Mike reevaluating
ChatterBot Uniform reevaluating
2024-10-14 18:15:44.102154 Victor: We should replace Charlie with Whiskey
ChatterBot Alpha reevaluating
ChatterBot Mike reevaluating
2024-10-14 18:15:44.116689 Oscar: No
2024-10-14 18:15:44.116850 Alpha: No
2024-10-14 18:15:44.116969 X-ray: No
2024-10-14 18:15:44.117073 Foxtrot: No
2024-10-14 18:15:44.117171 Mike: No
ChatterBot Alpha reevaluating
ChatterBot Mike reevaluating
ChatterBot Mike reevaluating
ChatterBot Alpha reevaluating
ChatterBot Mike reevaluating
ChatterBot Victor reevaluating
ChatterBot Alpha reevaluating
ChatterBot Mike reevaluating
ChatterBot Victor reevaluating
ChatterBot Alpha reevaluating
2024-10-14 18:15:44.192478 Foxtrot: Whiskey we want you to join our group
2024-10-14 18:15:44.195578 Whiskey: Yes
ChatterBot Victor reevaluating
ChatterBot Mike reevaluating
2024-10-14 18:15:44.215443 Oscar: Whiskey we want you to join our group
2024-10-14 18:15:44.218455 Whiskey: Yes
ChatterBot Victor reevaluating
2024-10-14 18:15:44.238070 Charlie: Whiskey we want you to join our group
2024-10-14 18:15:44.241796 Whiskey: Yes
2024-10-14 18:15:44.318920 Uniform: We should drop Mike
ChatterBot Victor reevaluating
2024-10-14 18:15:44.344707 Echo: Yes
2024-10-14 18:15:44.345046 Victor: No
ChatterBot Victor reevaluating
ChatterBot Uniform reevaluating
ChatterBot Uniform reevaluating
2024-10-14 18:15:44.361864 Alpha: Whiskey we want you to join our group
2024-10-14 18:15:44.366176 Whiskey: Yes
ChatterBot Victor reevaluating
2024-10-14 18:15:44.401342 Mike: Whiskey we want you to join our group
2024-10-14 18:15:44.408055 Whiskey: Yes
ChatterBot Victor reevaluating
2024-10-14 18:15:44.438103 Whiskey: Oscar, Alpha, Victor, Uniform, Echo, X-ray, Foxtrot and Mike, sending you 2
2024-10-14 18:15:44.439448 X-ray: Sending you each 2
2024-10-14 18:15:44.494985 Victor: Whiskey we want you to join our group
2024-10-14 18:15:44.498715 Whiskey: Yes
ChatterBot Victor reevaluating
2024-10-14 18:15:44.519056 Foxtrot: Oscar, Alpha, Charlie, Victor, X-ray and Mike, sending you 2
chatterbot X-ray submitting transactions
2024-10-14 18:15:44.557644 Mike: Oscar, Alpha, Charlie, X-ray and Foxtrot, sending you 2
2024-10-14 18:15:44.558259 Echo: Victor, sending you 2
2024-10-14 18:15:44.559158 Foxtrot: Whiskey, sending you 3
2024-10-14 18:15:44.559572 Alpha: Sending you each 2
2024-10-14 18:15:44.560461 Charlie: Oscar, Alpha, Whiskey, X-ray and Mike, sending you 1
2024-10-14 18:15:44.560857 Oscar: Alpha, Charlie, Victor, Whiskey and Foxtrot, sending you 1
2024-10-14 18:15:44.577276 Mike: Victor and Whiskey, sending you 3
2024-10-14 18:15:44.577772 Echo: Uniform, sending you 14
2024-10-14 18:15:44.578033 Charlie: Foxtrot, sending you 2
2024-10-14 18:15:44.578385 Oscar: X-ray and Mike, sending you 2
2024-10-14 18:15:44.579309 Uniform: Victor, sending you 6
2024-10-14 18:15:44.583105 Uniform: Echo, sending you 8
2024-10-14 18:15:44.593418 Victor: Oscar, sending you 3
2024-10-14 18:15:44.601416 Victor: Alpha, X-ray and Mike, sending you 2
2024-10-14 18:15:44.613406 Victor: Whiskey, sending you 1
2024-10-14 18:15:44.617407 Victor: Foxtrot, sending you 4
chatterbot Whiskey submitting transactions
chatterbot Foxtrot submitting transactions
chatterbot Mike submitting transactions
chatterbot Oscar submitting transactions
chatterbot Echo submitting transactions
chatterbot Victor submitting transactions
chatterbot Charlie submitting transactions
chatterbot Alpha submitting transactions
chatterbot Uniform submitting transactions
ChatterBot Oscar round 4
ChatterBot Alpha round 4
ChatterBot Charlie round 4
ChatterBot Victor round 4
ChatterBot Uniform round 4
ChatterBot Echo round 4
ChatterBot Whiskey round 4
ChatterBot X-ray round 4
ChatterBot Foxtrot round 4
2024-10-14 18:15:45.573811 Echo: We should replace Victor with Whiskey
ChatterBot Uniform reevaluating
2024-10-14 18:15:45.577693 Uniform: Yes
ChatterBot Echo reevaluating
ChatterBot Mike round 4
2024-10-14 18:15:45.619938 Uniform: Whiskey we want you to join our group
2024-10-14 18:15:45.623605 Whiskey: Yes
ChatterBot Uniform reevaluating
ChatterBot Echo reevaluating
2024-10-14 18:15:45.639787 Charlie: Oscar, Alpha, Whiskey, X-ray and Mike, sending you 1
2024-10-14 18:15:45.641409 Victor: Oscar, Alpha, Whiskey, X-ray and Mike, sending you 2
2024-10-14 18:15:45.642013 Oscar: Alpha, Charlie, Whiskey, Foxtrot and Mike, sending you 1
2024-10-14 18:15:45.644092 Echo: Whiskey we want you to join our group
2024-10-14 18:15:45.649421 Whiskey: Yes
ChatterBot Echo reevaluating
2024-10-14 18:15:45.656984 Alpha: Same as last round
2024-10-14 18:15:45.657677 Foxtrot: Oscar, Alpha, Charlie, Whiskey, X-ray and Mike, sending you 2
2024-10-14 18:15:45.658288 X-ray: Same as last round
2024-10-14 18:15:45.659279 Whiskey: Oscar, Alpha, Victor, X-ray and Mike, sending you 2
2024-10-14 18:15:45.659790 Charlie: Foxtrot, sending you 2
2024-10-14 18:15:45.660211 Victor: Foxtrot, sending you 4
2024-10-14 18:15:45.661024 Oscar: Victor and X-ray, sending you 2
2024-10-14 18:15:45.675602 Foxtrot: Victor, sending you 3
2024-10-14 18:15:45.676950 Whiskey: Charlie, Uniform and Echo, sending you 1
2024-10-14 18:15:45.677710 Mike: Oscar, Alpha, Charlie, Whiskey, X-ray and Foxtrot, sending you 2
2024-10-14 18:15:45.681818 Whiskey: Foxtrot, sending you 3
2024-10-14 18:15:45.683526 Uniform: Echo, sending you 8
2024-10-14 18:15:45.683915 Mike: Victor, sending you 4
2024-10-14 18:15:45.701995 Uniform: Whiskey, sending you 6
2024-10-14 18:15:45.798371 Echo: Uniform, sending you 13
2024-10-14 18:15:45.809815 Echo: Whiskey, sending you 3
chatterbot Oscar submitting transactions
chatterbot Charlie submitting transactions
chatterbot Uniform submitting transactions
chatterbot Whiskey submitting transactions
chatterbot Foxtrot submitting transactions
chatterbot Mike submitting transactions
chatterbot X-ray submitting transactions
chatterbot Echo submitting transactions
chatterbot Alpha submitting transactions
chatterbot Victor submitting transactions
ChatterBot Oscar round 5
ChatterBot Alpha round 5
ChatterBot Charlie round 5
ChatterBot Victor round 5
ChatterBot Uniform round 5
ChatterBot Echo round 5
ChatterBot Whiskey round 5
ChatterBot X-ray round 5
2024-10-14 18:15:46.924757 Charlie: We should add Victor
2024-10-14 18:15:46.942681 Whiskey: Yes
2024-10-14 18:15:46.942852 Oscar: Yes
2024-10-14 18:15:46.942964 Alpha: Yes
2024-10-14 18:15:46.943070 X-ray: Yes
2024-10-14 18:15:46.943174 Foxtrot: Yes
2024-10-14 18:15:46.943279 Mike: Yes
ChatterBot Foxtrot round 5
ChatterBot Mike round 5
2024-10-14 18:15:47.054821 Charlie: Victor we want you to join our group
2024-10-14 18:15:47.057433 Victor: No
2024-10-14 18:15:47.081030 Oscar: Alpha, Charlie, Whiskey, Foxtrot and Mike, sending you 1
2024-10-14 18:15:47.081927 Alpha: Same as last round
2024-10-14 18:15:47.084688 Oscar: Victor and X-ray, sending you 2
2024-10-14 18:15:47.086705 Charlie: Oscar, Alpha, Whiskey, X-ray and Mike, sending you 1
2024-10-14 18:15:47.088704 X-ray: Same as last round
2024-10-14 18:15:47.089597 Echo: Uniform, sending you 13
2024-10-14 18:15:47.090014 Whiskey: Oscar, Alpha, Victor, Uniform, Echo, X-ray, Foxtrot and Mike, sending you 2
2024-10-14 18:15:47.090943 Charlie: Foxtrot, sending you 2
2024-10-14 18:15:47.092039 Uniform: Echo, sending you 8
2024-10-14 18:15:47.093660 Echo: Whiskey, sending you 3
2024-10-14 18:15:47.094688 Victor: Oscar, Alpha, Whiskey and X-ray, sending you 2
2024-10-14 18:15:47.095674 Uniform: Whiskey, sending you 6
2024-10-14 18:15:47.096136 Foxtrot: Oscar, Alpha, Charlie, Whiskey, X-ray and Mike, sending you 2
2024-10-14 18:15:47.097682 Victor: Foxtrot and Mike, sending you 3
2024-10-14 18:15:47.100673 Foxtrot: Victor, sending you 3
2024-10-14 18:15:47.102723 Mike: Oscar, Alpha, Charlie, Whiskey, X-ray and Foxtrot, sending you 2
2024-10-14 18:15:47.106880 Mike: Victor, sending you 4
chatterbot Oscar submitting transactions
chatterbot Foxtrot submitting transactions
chatterbot Whiskey submitting transactions
chatterbot Alpha submitting transactions
chatterbot Uniform submitting transactions
chatterbot X-ray submitting transactions
chatterbot Charlie submitting transactions
chatterbot Echo submitting transactions
chatterbot Victor submitting transactions
chatterbot Mike submitting transactions
ChatterBot Oscar round 6
ChatterBot Alpha round 6
ChatterBot Charlie round 6
ChatterBot Victor round 6
ChatterBot Uniform round 6
ChatterBot Echo round 6
ChatterBot Whiskey round 6
ChatterBot X-ray round 6
ChatterBot Foxtrot round 6
ChatterBot Mike round 6
2024-10-14 18:15:48.261042 Uniform: Echo, sending you 8
2024-10-14 18:15:48.261697 Oscar: Alpha, Charlie, Whiskey, Foxtrot and Mike, sending you 1
2024-10-14 18:15:48.262969 Charlie: Oscar, Alpha, Whiskey, X-ray and Mike, sending you 1
2024-10-14 18:15:48.264681 Uniform: Whiskey, sending you 6
2024-10-14 18:15:48.266235 Oscar: Victor and X-ray, sending you 2
2024-10-14 18:15:48.267062 Echo: Uniform, sending you 13
2024-10-14 18:15:48.268655 Charlie: Foxtrot, sending you 2
2024-10-14 18:15:48.271706 Echo: Whiskey, sending you 3
2024-10-14 18:15:48.274677 Mike: Oscar, Alpha, Charlie, Whiskey, X-ray and Foxtrot, sending you 2
2024-10-14 18:15:48.275672 Victor: Oscar, Alpha, Whiskey and X-ray, sending you 2
2024-10-14 18:15:48.276710 X-ray: Same as last round
2024-10-14 18:15:48.278738 Alpha: Same as last round
2024-10-14 18:15:48.280316 Whiskey: Oscar, Alpha, Victor, Uniform, Echo, X-ray, Foxtrot and Mike, sending you 2
2024-10-14 18:15:48.281083 Mike: Victor, sending you 4
2024-10-14 18:15:48.282316 Victor: Foxtrot and Mike, sending you 3
2024-10-14 18:15:48.283064 Foxtrot: Oscar, Alpha, Charlie, Whiskey, X-ray and Mike, sending you 2
2024-10-14 18:15:48.289687 Foxtrot: Victor, sending you 3
chatterbot X-ray submitting transactions
chatterbot Victor submitting transactions
chatterbot Uniform submitting transactions
chatterbot Alpha submitting transactions
chatterbot Foxtrot submitting transactions
chatterbot Echo submitting transactions
chatterbot Whiskey submitting transactions
chatterbot Oscar submitting transactions
chatterbot Mike submitting transactions
chatterbot Charlie submitting transactions
ChatterBot Oscar round 7
ChatterBot Alpha round 7
ChatterBot Charlie round 7
ChatterBot Victor round 7
ChatterBot Uniform round 7
ChatterBot Echo round 7
ChatterBot Whiskey round 7
ChatterBot X-ray round 7
ChatterBot Foxtrot round 7
ChatterBot Mike round 7
2024-10-14 18:15:49.414685 Echo: Uniform, sending you 12
2024-10-14 18:15:49.417675 Echo: Whiskey, sending you 4
2024-10-14 18:15:49.419667 Charlie: Oscar, Alpha and Mike, sending you 1
2024-10-14 18:15:49.424927 Charlie: X-ray and Foxtrot, sending you 2
2024-10-14 18:15:49.425750 Foxtrot: Oscar, Alpha, Charlie, Whiskey, X-ray and Mike, sending you 2
2024-10-14 18:15:49.426417 Alpha: Same as last round
2024-10-14 18:15:49.428043 Victor: Oscar, Alpha, Whiskey and X-ray, sending you 2
2024-10-14 18:15:49.429537 Oscar: Alpha, Charlie, Whiskey, Foxtrot and Mike, sending you 1
2024-10-14 18:15:49.431775 Foxtrot: Victor, sending you 3
2024-10-14 18:15:49.433609 Victor: Foxtrot and Mike, sending you 3
2024-10-14 18:15:49.436291 Oscar: Victor and X-ray, sending you 2
2024-10-14 18:15:49.437063 X-ray: Same as last round
2024-10-14 18:15:49.437779 Mike: Oscar, Alpha, Charlie, Whiskey, X-ray and Foxtrot, sending you 2
2024-10-14 18:15:49.439049 Uniform: Echo, sending you 8
2024-10-14 18:15:49.441682 Mike: Victor, sending you 4
2024-10-14 18:15:49.442907 Whiskey: Oscar, Alpha, Victor, Uniform, Echo, X-ray, Foxtrot and Mike, sending you 2
2024-10-14 18:15:49.443679 Uniform: Whiskey, sending you 6
chatterbot Whiskey submitting transactions
chatterbot Uniform submitting transactions
chatterbot Mike submitting transactions
chatterbot Oscar submitting transactions
chatterbot Foxtrot submitting transactions
chatterbot Echo submitting transactions
chatterbot Charlie submitting transactions
chatterbot X-ray submitting transactions
chatterbot Victor submitting transactions
chatterbot Alpha submitting transactions
ChatterBot Oscar round 8
ChatterBot Alpha round 8
ChatterBot Charlie round 8
ChatterBot Victor round 8
ChatterBot Uniform round 8
ChatterBot Echo round 8
ChatterBot Whiskey round 8
ChatterBot X-ray round 8
ChatterBot Foxtrot round 8
ChatterBot Mike round 8
2024-10-14 18:15:50.620696 Victor: Oscar, Alpha, Whiskey and X-ray, sending you 2
2024-10-14 18:15:50.622703 Echo: Uniform, sending you 12
2024-10-14 18:15:50.623318 Uniform: Echo, sending you 8
2024-10-14 18:15:50.623928 Whiskey: Oscar, Alpha, Victor, Uniform, Echo, X-ray, Foxtrot and Mike, sending you 2
2024-10-14 18:15:50.628536 Charlie: Oscar, Alpha and Mike, sending you 1
2024-10-14 18:15:50.630647 Foxtrot: Oscar, Alpha, Charlie, Whiskey, X-ray and Mike, sending you 2
2024-10-14 18:15:50.633350 Victor: Foxtrot and Mike, sending you 3
2024-10-14 18:15:50.635199 Echo: Whiskey, sending you 4
2024-10-14 18:15:50.635647 Uniform: Whiskey, sending you 6
2024-10-14 18:15:50.636263 Oscar: Alpha, Charlie, Whiskey, Foxtrot and Mike, sending you 1
2024-10-14 18:15:50.638713 Charlie: X-ray and Foxtrot, sending you 2
2024-10-14 18:15:50.639852 Foxtrot: Victor, sending you 3
2024-10-14 18:15:50.640954 X-ray: Same as last round
2024-10-14 18:15:50.643107 Alpha: Same as last round
2024-10-14 18:15:50.645144 Mike: Oscar, Alpha, Charlie, Whiskey, X-ray and Foxtrot, sending you 2
2024-10-14 18:15:50.646286 Oscar: Victor and X-ray, sending you 2
2024-10-14 18:15:50.650545 Mike: Victor, sending you 4
chatterbot Whiskey submitting transactions
chatterbot Charlie submitting transactions
chatterbot Victor submitting transactions
chatterbot X-ray submitting transactions
chatterbot Alpha submitting transactions
chatterbot Mike submitting transactions
chatterbot Echo submitting transactions
chatterbot Foxtrot submitting transactions
chatterbot Uniform submitting transactions
chatterbot Oscar submitting transactions
ChatterBot Oscar round 9
ChatterBot Alpha round 9
ChatterBot Charlie round 9
ChatterBot Victor round 9
ChatterBot Uniform round 9
ChatterBot Echo round 9
ChatterBot Whiskey round 9
ChatterBot X-ray round 9
ChatterBot Foxtrot round 9
ChatterBot Mike round 9
2024-10-14 18:15:51.860694 Victor: Oscar, Alpha, Whiskey and X-ray, sending you 2
2024-10-14 18:15:51.862696 Alpha: Same as last round
2024-10-14 18:15:51.863807 Victor: Foxtrot and Mike, sending you 3
2024-10-14 18:15:51.865116 Oscar: Alpha, Charlie, Whiskey, Foxtrot and Mike, sending you 1
2024-10-14 18:15:51.867216 Whiskey: Oscar, sending you 1
2024-10-14 18:15:51.869074 X-ray: Same as last round
2024-10-14 18:15:51.869910 Uniform: Echo, sending you 8
2024-10-14 18:15:51.870426 Echo: Uniform, sending you 12
2024-10-14 18:15:51.870877 Oscar: Victor and X-ray, sending you 2
2024-10-14 18:15:51.872781 Whiskey: Alpha, Victor, Echo, X-ray, Foxtrot and Mike, sending you 2
2024-10-14 18:15:51.873644 Uniform: Whiskey, sending you 6
2024-10-14 18:15:51.874071 Foxtrot: Oscar, Alpha, Charlie, Whiskey, X-ray and Mike, sending you 2
2024-10-14 18:15:51.875159 Echo: Whiskey, sending you 4
2024-10-14 18:15:51.875638 Charlie: Oscar, Alpha and Mike, sending you 1
2024-10-14 18:15:51.877711 Foxtrot: Victor, sending you 3
2024-10-14 18:15:51.880042 Whiskey: Uniform, sending you 3
2024-10-14 18:15:51.881689 Charlie: X-ray and Foxtrot, sending you 2
2024-10-14 18:15:51.883042 Mike: Oscar, Alpha, Charlie, Whiskey, X-ray and Foxtrot, sending you 2
2024-10-14 18:15:51.886683 Mike: Victor, sending you 4
chatterbot Alpha submitting transactions
chatterbot Mike submitting transactions
chatterbot Echo submitting transactions
chatterbot Victor submitting transactions
chatterbot Oscar submitting transactions
chatterbot Charlie submitting transactions
chatterbot Uniform submitting transactions
chatterbot X-ray submitting transactions
chatterbot Whiskey submitting transactions
chatterbot Foxtrot submitting transactions
ChatterBot Oscar round 10
ChatterBot Alpha round 10
ChatterBot Charlie round 10
ChatterBot Victor round 10
ChatterBot Uniform round 10
ChatterBot Echo round 10
ChatterBot Whiskey round 10
ChatterBot X-ray round 10
ChatterBot Foxtrot round 10
ChatterBot Mike round 10
2024-10-14 18:15:53.124697 Alpha: Same as last round
2024-10-14 18:15:53.128666 Echo: Uniform, sending you 12
2024-10-14 18:15:53.131717 Whiskey: Oscar, sending you 1
2024-10-14 18:15:53.133331 Echo: Whiskey, sending you 4
2024-10-14 18:15:53.133883 Victor: Oscar, Alpha, Whiskey and X-ray, sending you 2
2024-10-14 18:15:53.134767 Charlie: Oscar, Alpha and Mike, sending you 1
2024-10-14 18:15:53.136706 X-ray: Same as last round
2024-10-14 18:15:53.137522 Whiskey: Alpha, Victor, Echo, X-ray, Foxtrot and Mike, sending you 2
2024-10-14 18:15:53.138610 Uniform: Echo, sending you 8
2024-10-14 18:15:53.139671 Victor: Foxtrot and Mike, sending you 3
2024-10-14 18:15:53.140234 Oscar: Alpha, Charlie, Whiskey, Foxtrot and Mike, sending you 1
2024-10-14 18:15:53.140916 Charlie: X-ray and Foxtrot, sending you 2
2024-10-14 18:15:53.141739 Whiskey: Uniform, sending you 3
2024-10-14 18:15:53.143065 Uniform: Whiskey, sending you 6
2024-10-14 18:15:53.143685 Foxtrot: Oscar, Alpha, Charlie, Whiskey, X-ray and Mike, sending you 2
2024-10-14 18:15:53.145700 Oscar: Victor and X-ray, sending you 2
2024-10-14 18:15:53.146706 Foxtrot: Victor, sending you 3
2024-10-14 18:15:53.150689 Mike: Oscar, Alpha, Charlie, Whiskey, X-ray and Foxtrot, sending you 2
2024-10-14 18:15:53.154985 Mike: Victor, sending you 4
chatterbot X-ray submitting transactions
chatterbot Oscar submitting transactions
chatterbot Foxtrot submitting transactions
chatterbot Whiskey submitting transactions
chatterbot Victor submitting transactions
chatterbot Uniform submitting transactions
chatterbot Echo submitting transactions
chatterbot Alpha submitting transactions
chatterbot Mike submitting transactions
chatterbot Charlie submitting transactions
ChatterBot Oscar round 11
ChatterBot Alpha round 11
ChatterBot Charlie round 11
ChatterBot Victor round 11
ChatterBot Uniform round 11
ChatterBot Echo round 11
ChatterBot Whiskey round 11
ChatterBot X-ray round 11
ChatterBot Foxtrot round 11
ChatterBot Mike round 11
2024-10-14 18:15:54.400065 Echo: Uniform, sending you 12
2024-10-14 18:15:54.400807 Victor: Oscar, Alpha, Whiskey and X-ray, sending you 2
2024-10-14 18:15:54.403679 Echo: Whiskey, sending you 4
2024-10-14 18:15:54.404267 Victor: Foxtrot and Mike, sending you 3
2024-10-14 18:15:54.406664 Whiskey: Oscar, sending you 1
2024-10-14 18:15:54.407776 Alpha: Same as last round
2024-10-14 18:15:54.409661 Uniform: Sending you each 7
2024-10-14 18:15:54.410691 Oscar: Alpha, Charlie, Whiskey, Foxtrot and Mike, sending you 1
2024-10-14 18:15:54.411703 Mike: Oscar, Alpha, Charlie, Whiskey, X-ray and Foxtrot, sending you 2
2024-10-14 18:15:54.412902 Whiskey: Alpha, Victor, Echo, X-ray, Foxtrot and Mike, sending you 2
2024-10-14 18:15:54.413718 Charlie: Oscar, Alpha and Mike, sending you 1
2024-10-14 18:15:54.414693 Oscar: Victor and X-ray, sending you 2
2024-10-14 18:15:54.415737 X-ray: Same as last round
2024-10-14 18:15:54.417386 Foxtrot: Oscar, Alpha, Charlie, Whiskey, X-ray and Mike, sending you 2
2024-10-14 18:15:54.418569 Mike: Victor, sending you 4
2024-10-14 18:15:54.419812 Whiskey: Uniform, sending you 3
2024-10-14 18:15:54.421532 Charlie: X-ray and Foxtrot, sending you 2
2024-10-14 18:15:54.422691 Foxtrot: Victor, sending you 3
chatterbot Foxtrot submitting transactions
chatterbot X-ray submitting transactions
chatterbot Uniform submitting transactions
chatterbot Charlie submitting transactions
chatterbot Victor submitting transactions
chatterbot Alpha submitting transactions
chatterbot Oscar submitting transactions
