ChatterBot X-ray round 1
ChatterBot Sierra round 1
ChatterBot Alpha round 1
ChatterBot Kilo round 1
ChatterBot Echo round 1
ChatterBot Whiskey round 1
ChatterBot Bravo round 1
ChatterBot Oscar round 1
ChatterBot Juliett round 1
ChatterBot Delta round 1
randomSelections X-ray: {X-ray, Bravo, Whiskey, Juliett, Alpha, Sierra} 
2024-10-14 18:15:39.882728 X-ray: We should group up
ChatterBot Bravo reevaluating
ChatterBot Whiskey reevaluating
ChatterBot Juliett reevaluating
ChatterBot Alpha reevaluating
ChatterBot Sierra reevaluating
2024-10-14 18:15:39.898198 Bravo: Yes
2024-10-14 18:15:39.898362 Whiskey: Yes
2024-10-14 18:15:39.898484 Juliett: Yes
2024-10-14 18:15:39.898588 Alpha: Yes
2024-10-14 18:15:39.898733 Sierra: Yes
ChatterBot Whiskey reevaluating
ChatterBot Juliett reevaluating
ChatterBot Alpha reevaluating
ChatterBot Sierra reevaluating
ChatterBot Bravo reevaluating
ChatterBot Juliett reevaluating
ChatterBot Alpha reevaluating
ChatterBot Sierra reevaluating
ChatterBot Bravo reevaluating
ChatterBot Whiskey reevaluating
ChatterBot Alpha reevaluating
ChatterBot Sierra reevaluating
ChatterBot Bravo reevaluating
ChatterBot Whiskey reevaluating
ChatterBot Juliett reevaluating
ChatterBot Sierra reevaluating
ChatterBot Bravo reevaluating
ChatterBot Whiskey reevaluating
ChatterBot Juliett reevaluating
ChatterBot Alpha reevaluating
randomSelections Kilo: {Kilo, Juliett, Bravo, Delta, X-ray, Sierra, Oscar} 
2024-10-14 18:15:39.979045 Kilo: We should group up
ChatterBot Juliett reevaluating
ChatterBot Bravo reevaluating
ChatterBot Delta reevaluating
ChatterBot Sierra reevaluating
ChatterBot Oscar reevaluating
2024-10-14 18:15:39.994393 Juliett: No
2024-10-14 18:15:39.994522 Bravo: No
2024-10-14 18:15:39.994629 Delta: Yes
2024-10-14 18:15:39.995204 X-ray: No
2024-10-14 18:15:39.995324 Sierra: No
2024-10-14 18:15:39.995427 Oscar: Yes
ChatterBot Bravo reevaluating
ChatterBot Delta reevaluating
ChatterBot Sierra reevaluating
ChatterBot Oscar reevaluating
ChatterBot Juliett reevaluating
ChatterBot Delta reevaluating
ChatterBot Sierra reevaluating
ChatterBot Oscar reevaluating
ChatterBot Juliett reevaluating
ChatterBot Bravo reevaluating
ChatterBot Sierra reevaluating
ChatterBot Oscar reevaluating
ChatterBot Juliett reevaluating
ChatterBot Bravo reevaluating
ChatterBot Delta reevaluating
ChatterBot Sierra reevaluating
ChatterBot Oscar reevaluating
ChatterBot Juliett reevaluating
ChatterBot Bravo reevaluating
ChatterBot Delta reevaluating
ChatterBot Oscar reevaluating
ChatterBot Juliett reevaluating
ChatterBot Bravo reevaluating
ChatterBot Delta reevaluating
ChatterBot Sierra reevaluating
randomSelections Echo: {Echo, Bravo, Alpha, Whiskey, Kilo, Sierra, Oscar, Juliett} 
2024-10-14 18:15:40.047644 Echo: Friends?
ChatterBot Bravo reevaluating
ChatterBot Alpha reevaluating
ChatterBot Whiskey reevaluating
ChatterBot Sierra reevaluating
ChatterBot Oscar reevaluating
ChatterBot Juliett reevaluating
2024-10-14 18:15:40.056927 Bravo: No
2024-10-14 18:15:40.057098 Alpha: No
2024-10-14 18:15:40.057740 Whiskey: No
2024-10-14 18:15:40.057917 Kilo: No
2024-10-14 18:15:40.058009 Sierra: No
2024-10-14 18:15:40.058101 Oscar: No
2024-10-14 18:15:40.058199 Juliett: No
ChatterBot Alpha reevaluating
ChatterBot Whiskey reevaluating
ChatterBot Sierra reevaluating
ChatterBot Oscar reevaluating
ChatterBot Juliett reevaluating
ChatterBot Bravo reevaluating
ChatterBot Whiskey reevaluating
ChatterBot Sierra reevaluating
ChatterBot Oscar reevaluating
ChatterBot Juliett reevaluating
ChatterBot Bravo reevaluating
ChatterBot Alpha reevaluating
ChatterBot Sierra reevaluating
ChatterBot Oscar reevaluating
ChatterBot Juliett reevaluating
ChatterBot Bravo reevaluating
ChatterBot Alpha reevaluating
ChatterBot Whiskey reevaluating
ChatterBot Sierra reevaluating
ChatterBot Oscar reevaluating
ChatterBot Juliett reevaluating
ChatterBot Bravo reevaluating
ChatterBot Alpha reevaluating
ChatterBot Whiskey reevaluating
ChatterBot Oscar reevaluating
ChatterBot Juliett reevaluating
ChatterBot Bravo reevaluating
ChatterBot Alpha reevaluating
ChatterBot Whiskey reevaluating
ChatterBot Sierra reevaluating
ChatterBot Juliett reevaluating
ChatterBot Bravo reevaluating
ChatterBot Alpha reevaluating
ChatterBot Whiskey reevaluating
ChatterBot Sierra reevaluating
ChatterBot Oscar reevaluating
2024-10-14 18:15:40.136678 Sierra: X-ray, sending you 5
2024-10-14 18:15:40.141661 Sierra: Alpha, Whiskey and Juliett, sending you 3
2024-10-14 18:15:40.142435 Echo: Sierra and Bravo, sending you 2
2024-10-14 18:15:40.143688 Kilo: X-ray and Bravo, sending you 2
2024-10-14 18:15:40.145665 Echo: Alpha and Whiskey, sending you 1
2024-10-14 18:15:40.146662 Sierra: Bravo, sending you 2
2024-10-14 18:15:40.147030 Oscar: X-ray and Delta, sending you 4
2024-10-14 18:15:40.147288 X-ray: Sierra and Whiskey, sending you 2
2024-10-14 18:15:40.147525 Kilo: Sierra and Oscar, sending you 3
2024-10-14 18:15:40.147822 Delta: Sierra, Oscar and Juliett, sending you 1
2024-10-14 18:15:40.148090 Juliett: X-ray, sending you 2
2024-10-14 18:15:40.148765 Bravo: X-ray and Alpha, sending you 3
2024-10-14 18:15:40.149707 Whiskey: X-ray and Sierra, sending you 1
2024-10-14 18:15:40.150680 Echo: Kilo and Juliett, sending you 3
2024-10-14 18:15:40.151059 Alpha: X-ray, Sierra and Bravo, sending you 4
2024-10-14 18:15:40.151347 X-ray: Alpha and Juliett, sending you 1
2024-10-14 18:15:40.151666 Oscar: Sierra and Kilo, sending you 3
2024-10-14 18:15:40.151989 Kilo: Juliett, sending you 1
2024-10-14 18:15:40.152607 Delta: Kilo, sending you 3
2024-10-14 18:15:40.152906 Juliett: Sierra, sending you 3
2024-10-14 18:15:40.153211 Bravo: Sierra, Whiskey and Juliett, sending you 1
2024-10-14 18:15:40.153529 Whiskey: Alpha, sending you 5
2024-10-14 18:15:40.154657 Echo: Oscar, sending you 4
2024-10-14 18:15:40.154975 Oscar: Bravo, sending you 2
2024-10-14 18:15:40.155716 Alpha: Whiskey and Juliett, sending you 2
2024-10-14 18:15:40.156122 X-ray: Bravo, sending you 3
2024-10-14 18:15:40.157151 Kilo: Delta, sending you 4
2024-10-14 18:15:40.157452 Delta: Bravo, sending you 4
2024-10-14 18:15:40.157710 Juliett: Whiskey, sending you 4
2024-10-14 18:15:40.158705 Whiskey: Bravo and Juliett, sending you 4
chatterbot Echo submitting transactions
chatterbot Oscar submitting transactions
chatterbot Bravo submitting transactions
chatterbot Sierra submitting transactions
chatterbot Kilo submitting transactions
chatterbot Delta submitting transactions
chatterbot X-ray submitting transactions
chatterbot Whiskey submitting transactions
chatterbot Juliett submitting transactions
chatterbot Alpha submitting transactions
ChatterBot X-ray round 2
ChatterBot Sierra round 2
ChatterBot Alpha round 2
ChatterBot Kilo round 2
ChatterBot Echo round 2
ChatterBot Whiskey round 2
ChatterBot Bravo round 2
ChatterBot Oscar round 2
2024-10-14 18:15:42.185276 Kilo: Friends?
ChatterBot Echo reevaluating
ChatterBot Oscar reevaluating
ChatterBot Delta reevaluating
ChatterBot Juliett reevaluating
2024-10-14 18:15:42.223287 Echo: No
2024-10-14 18:15:42.223557 Oscar: No
2024-10-14 18:15:42.224144 Delta: No
2024-10-14 18:15:42.224289 Juliett: No
ChatterBot Kilo reevaluating
ChatterBot Oscar reevaluating
ChatterBot Delta reevaluating
ChatterBot Juliett reevaluating
ChatterBot Kilo reevaluating
ChatterBot Echo reevaluating
ChatterBot Delta reevaluating
ChatterBot Juliett reevaluating
ChatterBot Kilo reevaluating
ChatterBot Echo reevaluating
ChatterBot Oscar reevaluating
ChatterBot Juliett reevaluating
ChatterBot Kilo reevaluating
ChatterBot Echo reevaluating
ChatterBot Oscar reevaluating
ChatterBot Delta reevaluating
2024-10-14 18:15:42.368476 Oscar: We would work well together
ChatterBot Echo reevaluating
2024-10-14 18:15:42.374691 Echo: Yes
ChatterBot Kilo reevaluating
ChatterBot Delta reevaluating
2024-10-14 18:15:42.391535 Kilo: Yes
2024-10-14 18:15:42.391710 Delta: No
ChatterBot Kilo reevaluating
ChatterBot Oscar reevaluating
ChatterBot Delta reevaluating
ChatterBot Echo reevaluating
ChatterBot Oscar reevaluating
ChatterBot Delta reevaluating
ChatterBot Echo reevaluating
ChatterBot Kilo reevaluating
ChatterBot Oscar reevaluating
ChatterBot Juliett round 2
ChatterBot Delta round 2
2024-10-14 18:15:42.550145 Juliett: We should add Echo
ChatterBot Bravo reevaluating
ChatterBot Alpha reevaluating
2024-10-14 18:15:42.567112 X-ray: No
2024-10-14 18:15:42.567318 Bravo: Yes
2024-10-14 18:15:42.568168 Whiskey: No
2024-10-14 18:15:42.568563 Alpha: Yes
2024-10-14 18:15:42.568806 Sierra: No
ChatterBot Bravo reevaluating
ChatterBot Alpha reevaluating
ChatterBot Alpha reevaluating
ChatterBot Bravo reevaluating
ChatterBot Alpha reevaluating
ChatterBot Bravo reevaluating
ChatterBot Bravo reevaluating
ChatterBot Alpha reevaluating
2024-10-14 18:15:42.665093 Juliett: Echo we want you to join our group
2024-10-14 18:15:42.668464 Echo: No
ChatterBot Alpha reevaluating
ChatterBot Bravo reevaluating
2024-10-14 18:15:42.688768 X-ray: Sierra, sending you 4
2024-10-14 18:15:42.834391 Whiskey: X-ray, Sierra and Alpha, sending you 3
2024-10-14 18:15:42.835401 Sierra: X-ray and Whiskey, sending you 3
2024-10-14 18:15:42.835967 Oscar: Sending you each 5
2024-10-14 18:15:42.836780 Echo: Kilo, sending you 6
2024-10-14 18:15:42.837105 X-ray: Alpha, sending you 3
2024-10-14 18:15:42.838257 Kilo: Sierra, sending you 2
2024-10-14 18:15:42.838681 Whiskey: Bravo, sending you 2
2024-10-14 18:15:42.839113 Sierra: Alpha and Juliett, sending you 4
2024-10-14 18:15:42.840123 Echo: Oscar and Delta, sending you 5
2024-10-14 18:15:42.951110 X-ray: Whiskey, sending you 1
2024-10-14 18:15:42.951574 Kilo: Echo, sending you 5
2024-10-14 18:15:42.952379 Whiskey: Juliett, sending you 4
2024-10-14 18:15:42.952780 Delta: Kilo and Oscar, sending you 4
2024-10-14 18:15:42.953116 Juliett: X-ray, Alpha and Bravo, sending you 1
2024-10-14 18:15:42.953446 Sierra: Bravo, sending you 2
2024-10-14 18:15:42.954393 X-ray: Bravo and Juliett, sending you 2
2024-10-14 18:15:43.165289 Kilo: Oscar and Delta, sending you 4
2024-10-14 18:15:43.166385 Bravo: X-ray, Sierra, Alpha and Whiskey, sending you 2
2024-10-14 18:15:43.167441 Delta: Echo, sending you 2
2024-10-14 18:15:43.168531 Juliett: Sierra, Echo and Whiskey, sending you 2
2024-10-14 18:15:43.169935 Alpha: X-ray, sending you 2
chatterbot Oscar submitting transactions
chatterbot Juliett submitting transactions
chatterbot Echo submitting transactions
2024-10-14 18:15:43.171925 Bravo: Juliett, sending you 1
2024-10-14 18:15:43.271090 Alpha: Sierra and Bravo, sending you 4
2024-10-14 18:15:43.294396 Alpha: Whiskey, sending you 5
2024-10-14 18:15:43.305793 Alpha: Juliett, sending you 1
chatterbot X-ray submitting transactions
chatterbot Sierra submitting transactions
chatterbot Alpha submitting transactions
chatterbot Delta submitting transactions
chatterbot Bravo submitting transactions
chatterbot Whiskey submitting transactions
chatterbot Kilo submitting transactions
ChatterBot X-ray round 3
ChatterBot Sierra round 3
ChatterBot Alpha round 3
ChatterBot Kilo round 3
ChatterBot Echo round 3
ChatterBot Whiskey round 3
ChatterBot Bravo round 3
ChatterBot Oscar round 3
ChatterBot Juliett round 3
2024-10-14 18:15:44.012863 Kilo: We should replace Sierra with Juliett
ChatterBot Echo reevaluating
2024-10-14 18:15:44.022887 Echo: Yes
2024-10-14 18:15:44.023042 Oscar: No
2024-10-14 18:15:44.023155 Delta: No
ChatterBot Echo reevaluating
ChatterBot Echo reevaluating
ChatterBot Delta round 3
2024-10-14 18:15:44.068782 Kilo: Juliett we want you to join our group
2024-10-14 18:15:44.072318 Juliett: No
ChatterBot Echo reevaluating
2024-10-14 18:15:44.088602 Juliett: We should drop Echo
2024-10-14 18:15:44.104104 X-ray: Yes
2024-10-14 18:15:44.104726 Bravo: Yes
2024-10-14 18:15:44.104861 Whiskey: Yes
2024-10-14 18:15:44.104973 Alpha: Yes
2024-10-14 18:15:44.105079 Sierra: Yes
2024-10-14 18:15:44.175139 Sierra: X-ray, Whiskey, Bravo and Juliett, sending you 3
2024-10-14 18:15:44.251531 X-ray: Sierra, sending you 4
2024-10-14 18:15:44.252299 Oscar: Kilo and Delta, sending you 5
2024-10-14 18:15:44.252666 Kilo: Echo, sending you 5
2024-10-14 18:15:44.254189 Whiskey: Sending you each 3
2024-10-14 18:15:44.254746 Alpha: X-ray and Bravo, sending you 3
2024-10-14 18:15:44.255399 Sierra: Alpha, sending you 4
2024-10-14 18:15:44.261294 Bravo: X-ray, Sierra, Alpha and Whiskey, sending you 2
2024-10-14 18:15:44.262124 X-ray: Alpha and Bravo, sending you 3
2024-10-14 18:15:44.262655 Oscar: Echo, sending you 6
2024-10-14 18:15:44.264486 Kilo: Oscar and Delta, sending you 4
2024-10-14 18:15:44.264908 Alpha: Sierra and Whiskey, sending you 4
2024-10-14 18:15:44.375946 Bravo: Juliett, sending you 1
2024-10-14 18:15:44.377039 Echo: Kilo and Oscar, sending you 6
2024-10-14 18:15:44.377449 Delta: Kilo and Echo, sending you 3
2024-10-14 18:15:44.377798 Juliett: X-ray, Sierra, Alpha and Whiskey, sending you 2
2024-10-14 18:15:44.379038 X-ray: Whiskey, sending you 2
2024-10-14 18:15:44.380380 Alpha: Juliett, sending you 2
2024-10-14 18:15:44.381230 Kilo: Juliett, sending you 2
2024-10-14 18:15:44.382461 Echo: Delta, sending you 4
2024-10-14 18:15:44.382977 Delta: Oscar, sending you 4
2024-10-14 18:15:44.383895 Juliett: Bravo, sending you 1
2024-10-14 18:15:44.384481 X-ray: Juliett, sending you 1
chatterbot X-ray submitting transactions
chatterbot Whiskey submitting transactions
chatterbot Kilo submitting transactions
chatterbot Bravo submitting transactions
chatterbot Echo submitting transactions
chatterbot Juliett submitting transactions
chatterbot Oscar submitting transactions
chatterbot Sierra submitting transactions
chatterbot Alpha submitting transactions
chatterbot Delta submitting transactions
ChatterBot X-ray round 4
ChatterBot Sierra round 4
ChatterBot Alpha round 4
ChatterBot Kilo round 4
ChatterBot Echo round 4
ChatterBot Whiskey round 4
ChatterBot Bravo round 4
ChatterBot Oscar round 4
ChatterBot Juliett round 4
ChatterBot Delta round 4
2024-10-14 18:15:45.404685 Kilo: We should replace Juliett with Whiskey
2024-10-14 18:15:45.419345 Echo: No
2024-10-14 18:15:45.419545 Oscar: No
2024-10-14 18:15:45.419737 Delta: No
ChatterBot Kilo reevaluating
ChatterBot Kilo reevaluating
ChatterBot Kilo reevaluating
2024-10-14 18:15:45.512298 Kilo: We should replace Juliett with Sierra
2024-10-14 18:15:45.525296 Echo: No
2024-10-14 18:15:45.526106 Oscar: No
2024-10-14 18:15:45.526264 Delta: No
ChatterBot Kilo reevaluating
ChatterBot Kilo reevaluating
ChatterBot Kilo reevaluating
2024-10-14 18:15:45.571865 Kilo: We should replace Juliett with Bravo
2024-10-14 18:15:45.585484 Echo: No
2024-10-14 18:15:45.585710 Oscar: No
2024-10-14 18:15:45.585915 Delta: No
ChatterBot Kilo reevaluating
ChatterBot Kilo reevaluating
ChatterBot Kilo reevaluating
2024-10-14 18:15:45.636985 X-ray: Sierra, sending you 4
2024-10-14 18:15:45.637793 Alpha: X-ray and Bravo, sending you 3
2024-10-14 18:15:45.639338 Sierra: X-ray and Alpha, sending you 4
2024-10-14 18:15:45.640257 Kilo: Whiskey we want you to join our group
2024-10-14 18:15:45.647475 Whiskey: No
ChatterBot Kilo reevaluating
2024-10-14 18:15:45.663980 X-ray: Alpha, Whiskey and Bravo, sending you 3
2024-10-14 18:15:45.665007 Alpha: Sierra and Whiskey, sending you 4
2024-10-14 18:15:45.665544 Sierra: Whiskey and Juliett, sending you 3
2024-10-14 18:15:45.665988 Whiskey: Same as last round
2024-10-14 18:15:45.666909 Juliett: X-ray, Sierra, Alpha and Whiskey, sending you 2
2024-10-14 18:15:45.667350 Echo: Kilo and Oscar, sending you 6
2024-10-14 18:15:45.667728 Bravo: X-ray, Sierra, Alpha and Whiskey, sending you 2
2024-10-14 18:15:45.668171 Oscar: Kilo and Delta, sending you 5
2024-10-14 18:15:45.669231 X-ray: Juliett, sending you 1
2024-10-14 18:15:45.669776 Alpha: Juliett, sending you 2
2024-10-14 18:15:45.670257 Sierra: Bravo, sending you 2
2024-10-14 18:15:45.671386 Delta: Kilo and Echo, sending you 3
2024-10-14 18:15:45.671996 Juliett: Bravo, sending you 1
2024-10-14 18:15:45.672869 Bravo: Juliett, sending you 1
2024-10-14 18:15:45.673325 Echo: Delta, sending you 4
2024-10-14 18:15:45.673574 Oscar: Echo, sending you 6
2024-10-14 18:15:45.675117 Delta: Oscar, sending you 4
2024-10-14 18:15:45.845596 Kilo: Echo, sending you 5
2024-10-14 18:15:45.934285 Kilo: Whiskey, sending you 2
chatterbot Sierra submitting transactions
2024-10-14 18:15:45.944868 Kilo: Oscar and Delta, sending you 4
chatterbot Whiskey submitting transactions
chatterbot Alpha submitting transactions
chatterbot X-ray submitting transactions
chatterbot Juliett submitting transactions
chatterbot Echo submitting transactions
chatterbot Oscar submitting transactions
chatterbot Bravo submitting transactions
chatterbot Kilo submitting transactions
chatterbot Delta submitting transactions
ChatterBot X-ray round 5
ChatterBot Sierra round 5
ChatterBot Alpha round 5
ChatterBot Kilo round 5
ChatterBot Echo round 5
ChatterBot Whiskey round 5
ChatterBot Bravo round 5
ChatterBot Oscar round 5
ChatterBot Juliett round 5
ChatterBot Delta round 5
2024-10-14 18:15:46.843682 X-ray: Sierra, sending you 4
2024-10-14 18:15:46.846719 Echo: Kilo and Oscar, sending you 6
2024-10-14 18:15:46.847452 Kilo: Echo, sending you 5
2024-10-14 18:15:46.848482 Bravo: X-ray, Sierra, Alpha and Whiskey, sending you 2
2024-10-14 18:15:46.849284 X-ray: Alpha, Whiskey and Bravo, sending you 3
2024-10-14 18:15:46.850379 Whiskey: Same as last round
2024-10-14 18:15:46.852201 Echo: Delta, sending you 4
2024-10-14 18:15:46.852697 Kilo: Whiskey, sending you 2
2024-10-14 18:15:46.853085 Bravo: Juliett, sending you 1
2024-10-14 18:15:46.853634 Oscar: Kilo and Delta, sending you 5
2024-10-14 18:15:46.854467 X-ray: Juliett, sending you 2
2024-10-14 18:15:46.854970 Sierra: X-ray and Alpha, sending you 4
2024-10-14 18:15:46.855718 Juliett: X-ray, Sierra, Alpha and Whiskey, sending you 2
2024-10-14 18:15:46.857006 Kilo: Oscar and Delta, sending you 4
2024-10-14 18:15:46.857349 Oscar: Echo, sending you 6
2024-10-14 18:15:46.857720 Delta: Kilo and Echo, sending you 3
2024-10-14 18:15:46.858041 Sierra: Whiskey and Juliett, sending you 3
2024-10-14 18:15:46.858498 Alpha: X-ray, Whiskey, Bravo and Juliett, sending you 3
2024-10-14 18:15:46.859771 Juliett: Bravo, sending you 1
2024-10-14 18:15:46.860697 Delta: Oscar, sending you 4
2024-10-14 18:15:46.862689 Sierra: Bravo, sending you 2
2024-10-14 18:15:46.863750 Alpha: Sierra, sending you 4
chatterbot Alpha submitting transactions
chatterbot Oscar submitting transactions
chatterbot Sierra submitting transactions
chatterbot Delta submitting transactions
chatterbot Kilo submitting transactions
chatterbot Juliett submitting transactions
chatterbot X-ray submitting transactions
chatterbot Echo submitting transactions
chatterbot Bravo submitting transactions
chatterbot Whiskey submitting transactions
ChatterBot X-ray round 6
ChatterBot Sierra round 6
ChatterBot Alpha round 6
ChatterBot Kilo round 6
ChatterBot Echo round 6
ChatterBot Whiskey round 6
ChatterBot Bravo round 6
2024-10-14 18:15:47.712768 Kilo: We should replace Whiskey with Alpha
2024-10-14 18:15:47.722233 Echo: No
2024-10-14 18:15:47.722420 Oscar: No
2024-10-14 18:15:47.722558 Delta: No
ChatterBot Kilo reevaluating
ChatterBot Kilo reevaluating
ChatterBot Kilo reevaluating
ChatterBot Oscar round 6
ChatterBot Juliett round 6
ChatterBot Delta round 6
2024-10-14 18:15:47.843046 Kilo: We should replace Whiskey with Juliett
2024-10-14 18:15:47.854165 Echo: No
2024-10-14 18:15:47.854916 Oscar: No
2024-10-14 18:15:47.855194 Delta: No
ChatterBot Kilo reevaluating
ChatterBot Kilo reevaluating
ChatterBot Kilo reevaluating
2024-10-14 18:15:47.899686 X-ray: Sierra, sending you 4
2024-10-14 18:15:47.901686 Whiskey: Same as last round
2024-10-14 18:15:47.904691 X-ray: Alpha, Whiskey and Bravo, sending you 3
2024-10-14 18:15:47.905666 Kilo: Juliett we want you to join our group
2024-10-14 18:15:47.909228 Juliett: No
ChatterBot Kilo reevaluating
2024-10-14 18:15:47.924959 Kilo: We should replace Whiskey with Bravo
2024-10-14 18:15:47.932010 Echo: No
2024-10-14 18:15:47.932160 Oscar: No
2024-10-14 18:15:47.932272 Delta: No
ChatterBot Kilo reevaluating
ChatterBot Kilo reevaluating
ChatterBot Kilo reevaluating
2024-10-14 18:15:47.954214 Sierra: X-ray, sending you 4
2024-10-14 18:15:47.954682 X-ray: Juliett, sending you 2
2024-10-14 18:15:47.957262 Juliett: X-ray, Sierra, Alpha and Whiskey, sending you 2
2024-10-14 18:15:47.957832 Delta: Kilo and Echo, sending you 3
2024-10-14 18:15:47.958294 Oscar: Kilo and Delta, sending you 5
2024-10-14 18:15:47.958821 Alpha: X-ray, Whiskey, Bravo and Juliett, sending you 3
2024-10-14 18:15:47.959485 Bravo: X-ray, Sierra, Alpha and Whiskey, sending you 2
2024-10-14 18:15:47.960135 Sierra: Alpha, Whiskey, Bravo and Juliett, sending you 3
2024-10-14 18:15:47.961573 Echo: Kilo and Oscar, sending you 6
2024-10-14 18:15:47.962052 Juliett: Bravo, sending you 1
2024-10-14 18:15:47.962710 Delta: Oscar, sending you 4
2024-10-14 18:15:47.963272 Alpha: Sierra, sending you 4
2024-10-14 18:15:47.963922 Oscar: Echo, sending you 6
2024-10-14 18:15:47.964307 Bravo: Juliett, sending you 1
2024-10-14 18:15:47.965680 Echo: Delta, sending you 4
chatterbot Whiskey submitting transactions
2024-10-14 18:15:47.982814 Kilo: Echo, Oscar and Delta, sending you 5
chatterbot Delta submitting transactions
chatterbot Bravo submitting transactions
chatterbot Echo submitting transactions
chatterbot X-ray submitting transactions
chatterbot Oscar submitting transactions
chatterbot Sierra submitting transactions
chatterbot Alpha submitting transactions
chatterbot Juliett submitting transactions
chatterbot Kilo submitting transactions
ChatterBot X-ray round 7
ChatterBot Sierra round 7
ChatterBot Alpha round 7
ChatterBot Kilo round 7
ChatterBot Echo round 7
ChatterBot Whiskey round 7
ChatterBot Bravo round 7
ChatterBot Oscar round 7
ChatterBot Juliett round 7
ChatterBot Delta round 7
2024-10-14 18:15:49.160068 Kilo: We should replace Juliett with Alpha
2024-10-14 18:15:49.169951 Echo: No
2024-10-14 18:15:49.170261 Oscar: No
2024-10-14 18:15:49.170744 Delta: No
ChatterBot Kilo reevaluating
ChatterBot Kilo reevaluating
ChatterBot Kilo reevaluating
2024-10-14 18:15:49.204701 Alpha: X-ray, Whiskey, Bravo and Juliett, sending you 3
2024-10-14 18:15:49.206336 Whiskey: Same as last round
2024-10-14 18:15:49.208294 Kilo: Alpha we want you to join our group
2024-10-14 18:15:49.212293 Alpha: No
ChatterBot Kilo reevaluating
2024-10-14 18:15:49.224020 Alpha: Sierra, sending you 4
2024-10-14 18:15:49.228668 Juliett: X-ray, Sierra, Alpha and Whiskey, sending you 2
2024-10-14 18:15:49.229300 Sierra: X-ray, sending you 4
2024-10-14 18:15:49.230558 Echo: Kilo and Delta, sending you 5
2024-10-14 18:15:49.230861 Delta: Kilo and Echo, sending you 3
2024-10-14 18:15:49.231142 X-ray: Sierra, sending you 5
2024-10-14 18:15:49.231520 Oscar: Kilo and Delta, sending you 5
2024-10-14 18:15:49.231876 Juliett: Bravo, sending you 1
2024-10-14 18:15:49.233680 Sierra: Alpha, Whiskey, Bravo and Juliett, sending you 3
2024-10-14 18:15:49.234229 Echo: Oscar, sending you 6
2024-10-14 18:15:49.234942 Delta: Oscar, sending you 4
2024-10-14 18:15:49.235262 X-ray: Alpha, Whiskey and Bravo, sending you 3
2024-10-14 18:15:49.235747 Oscar: Echo, sending you 6
2024-10-14 18:15:49.236080 Bravo: X-ray, Sierra, Alpha and Whiskey, sending you 2
2024-10-14 18:15:49.238987 Bravo: Juliett, sending you 1
2024-10-14 18:15:49.239691 X-ray: Juliett, sending you 2
2024-10-14 18:15:49.260669 Kilo: Alpha, sending you 2
2024-10-14 18:15:49.263670 Kilo: Echo, sending you 5
2024-10-14 18:15:49.266967 Kilo: Oscar and Delta, sending you 4
chatterbot Alpha submitting transactions
chatterbot Bravo submitting transactions
chatterbot Delta submitting transactions
chatterbot Echo submitting transactions
chatterbot Whiskey submitting transactions
chatterbot Oscar submitting transactions
chatterbot Sierra submitting transactions
chatterbot X-ray submitting transactions
chatterbot Kilo submitting transactions
chatterbot Juliett submitting transactions
ChatterBot X-ray round 8
ChatterBot Sierra round 8
ChatterBot Alpha round 8
ChatterBot Kilo round 8
ChatterBot Echo round 8
ChatterBot Whiskey round 8
ChatterBot Bravo round 8
ChatterBot Oscar round 8
ChatterBot Juliett round 8
ChatterBot Delta round 8
2024-10-14 18:15:50.365048 Kilo: We should replace Alpha with Sierra
2024-10-14 18:15:50.373975 Echo: No
2024-10-14 18:15:50.374183 Oscar: No
2024-10-14 18:15:50.374348 Delta: No
ChatterBot Kilo reevaluating
ChatterBot Kilo reevaluating
2024-10-14 18:15:50.406544 Kilo: We should replace Alpha with Whiskey
2024-10-14 18:15:50.412621 Echo: No
2024-10-14 18:15:50.412756 Oscar: No
2024-10-14 18:15:50.412873 Delta: No
ChatterBot Kilo reevaluating
ChatterBot Kilo reevaluating
ChatterBot Kilo reevaluating
2024-10-14 18:15:50.462405 Kilo: We should replace Alpha with Juliett
2024-10-14 18:15:50.504278 Echo: No
2024-10-14 18:15:50.504511 Oscar: No
2024-10-14 18:15:50.504674 Delta: No
ChatterBot Kilo reevaluating
ChatterBot Kilo reevaluating
ChatterBot Kilo reevaluating
2024-10-14 18:15:50.556527 Sierra: X-ray, sending you 4
2024-10-14 18:15:50.558693 Alpha: X-ray, Whiskey, Bravo and Juliett, sending you 3
2024-10-14 18:15:50.560644 X-ray: Sierra, sending you 5
2024-10-14 18:15:50.561798 Echo: Kilo and Delta, sending you 5
2024-10-14 18:15:50.563129 Whiskey: Same as last round
2024-10-14 18:15:50.564962 Bravo: X-ray, Sierra, Alpha and Whiskey, sending you 2
2024-10-14 18:15:50.566509 Oscar: Kilo and Delta, sending you 5
2024-10-14 18:15:50.568339 Delta: Kilo and Echo, sending you 3
2024-10-14 18:15:50.570103 Juliett: X-ray, Sierra, Alpha and Whiskey, sending you 2
2024-10-14 18:15:50.571672 Sierra: Alpha, Whiskey, Bravo and Juliett, sending you 3
2024-10-14 18:15:50.573606 Kilo: Juliett we want you to join our group
2024-10-14 18:15:50.580036 Juliett: No
ChatterBot Kilo reevaluating
2024-10-14 18:15:50.602137 Kilo: We should replace Alpha with X-ray
2024-10-14 18:15:50.611648 Echo: No
2024-10-14 18:15:50.612181 Oscar: No
2024-10-14 18:15:50.612443 Delta: No
ChatterBot Kilo reevaluating
ChatterBot Kilo reevaluating
ChatterBot Kilo reevaluating
2024-10-14 18:15:50.639378 Alpha: Sierra, sending you 4
2024-10-14 18:15:50.640636 X-ray: Alpha, Whiskey and Bravo, sending you 3
2024-10-14 18:15:50.642476 Echo: Oscar, sending you 6
2024-10-14 18:15:50.643317 Bravo: Juliett, sending you 1
2024-10-14 18:15:50.645266 Oscar: Echo, sending you 6
2024-10-14 18:15:50.646214 Delta: Oscar, sending you 4
2024-10-14 18:15:50.648535 Juliett: Bravo, sending you 1
2024-10-14 18:15:50.651392 X-ray: Juliett, sending you 2
2024-10-14 18:15:50.673448 Kilo: Echo, Oscar and Delta, sending you 5
chatterbot Delta submitting transactions
chatterbot Bravo submitting transactions
chatterbot Alpha submitting transactions
chatterbot Oscar submitting transactions
chatterbot Echo submitting transactions
chatterbot Kilo submitting transactions
chatterbot Sierra submitting transactions
chatterbot Whiskey submitting transactions
chatterbot X-ray submitting transactions
chatterbot Juliett submitting transactions
ChatterBot X-ray round 9
ChatterBot Sierra round 9
ChatterBot Alpha round 9
ChatterBot Kilo round 9
ChatterBot Echo round 9
ChatterBot Whiskey round 9
ChatterBot Bravo round 9
2024-10-14 18:15:51.518431 Kilo: We should replace Juliett with X-ray
2024-10-14 18:15:51.526737 Echo: No
2024-10-14 18:15:51.526952 Oscar: No
2024-10-14 18:15:51.527109 Delta: No
ChatterBot Kilo reevaluating
ChatterBot Kilo reevaluating
ChatterBot Kilo reevaluating
ChatterBot Oscar round 9
ChatterBot Juliett round 9
ChatterBot Delta round 9
2024-10-14 18:15:51.558470 Kilo: We should replace Juliett with Sierra
2024-10-14 18:15:51.564032 Echo: No
2024-10-14 18:15:51.564170 Oscar: No
2024-10-14 18:15:51.564270 Delta: No
ChatterBot Kilo reevaluating
ChatterBot Kilo reevaluating
ChatterBot Kilo reevaluating
2024-10-14 18:15:51.591698 Alpha: X-ray, Whiskey, Bravo and Juliett, sending you 3
2024-10-14 18:15:51.592695 Sierra: X-ray, sending you 4
2024-10-14 18:15:51.593759 Echo: Kilo and Delta, sending you 5
2024-10-14 18:15:51.594569 X-ray: Sierra, sending you 4
2024-10-14 18:15:51.596261 Alpha: Sierra, sending you 4
2024-10-14 18:15:51.597369 Sierra: Alpha, Whiskey, Bravo and Juliett, sending you 3
2024-10-14 18:15:51.598470 Echo: Oscar, sending you 6
2024-10-14 18:15:51.599345 X-ray: Alpha, Whiskey, Bravo and Juliett, sending you 3
2024-10-14 18:15:51.600695 Juliett: X-ray, Sierra, Alpha and Whiskey, sending you 2
2024-10-14 18:15:51.602680 Bravo: X-ray, Sierra, Alpha and Whiskey, sending you 2
2024-10-14 18:15:51.606496 Juliett: Bravo, sending you 1
2024-10-14 18:15:51.607340 Delta: Kilo and Echo, sending you 3
2024-10-14 18:15:51.608266 Bravo: Juliett, sending you 1
2024-10-14 18:15:51.609076 Whiskey: Same as last round
2024-10-14 18:15:51.611700 Delta: Oscar, sending you 4
2024-10-14 18:15:51.616666 Kilo: Echo, Oscar and Delta, sending you 5
2024-10-14 18:15:51.617746 Oscar: Kilo and Delta, sending you 5
2024-10-14 18:15:51.621676 Oscar: Echo, sending you 6
chatterbot Sierra submitting transactions
chatterbot Delta submitting transactions
chatterbot Oscar submitting transactions
chatterbot Echo submitting transactions
chatterbot Alpha submitting transactions
chatterbot X-ray submitting transactions
chatterbot Bravo submitting transactions
chatterbot Kilo submitting transactions
chatterbot Whiskey submitting transactions
chatterbot Juliett submitting transactions
ChatterBot X-ray round 10
ChatterBot Sierra round 10
ChatterBot Alpha round 10
ChatterBot Kilo round 10
ChatterBot Echo round 10
ChatterBot Whiskey round 10
ChatterBot Bravo round 10
ChatterBot Oscar round 10
ChatterBot Juliett round 10
ChatterBot Delta round 10
2024-10-14 18:15:52.840673 Kilo: We should replace Juliett with Whiskey
2024-10-14 18:15:52.850453 Echo: No
2024-10-14 18:15:52.850657 Oscar: No
2024-10-14 18:15:52.850782 Delta: No
ChatterBot Kilo reevaluating
ChatterBot Kilo reevaluating
ChatterBot Kilo reevaluating
2024-10-14 18:15:52.889048 Kilo: We should replace Juliett with X-ray
2024-10-14 18:15:52.894503 Echo: No
2024-10-14 18:15:52.894639 Oscar: No
2024-10-14 18:15:52.894752 Delta: No
ChatterBot Kilo reevaluating
ChatterBot Kilo reevaluating
ChatterBot Kilo reevaluating
2024-10-14 18:15:52.917289 Kilo: We should replace Juliett with Sierra
2024-10-14 18:15:52.922569 Echo: No
2024-10-14 18:15:52.922720 Oscar: No
2024-10-14 18:15:52.922821 Delta: No
ChatterBot Kilo reevaluating
ChatterBot Kilo reevaluating
ChatterBot Kilo reevaluating
2024-10-14 18:15:52.942687 Oscar: Kilo and Delta, sending you 5
2024-10-14 18:15:52.943243 Bravo: X-ray, Sierra, Alpha and Whiskey, sending you 2
2024-10-14 18:15:52.944023 X-ray: Sierra, sending you 4
2024-10-14 18:15:52.944774 Sierra: X-ray, sending you 4
2024-10-14 18:15:52.945491 Whiskey: Same as last round
2024-10-14 18:15:52.946073 Juliett: X-ray, Sierra, Alpha and Whiskey, sending you 2
2024-10-14 18:15:52.946650 Alpha: X-ray, Whiskey, Bravo and Juliett, sending you 3
2024-10-14 18:15:52.947652 Delta: Kilo and Echo, sending you 3
2024-10-14 18:15:52.948052 Echo: Kilo and Delta, sending you 5
2024-10-14 18:15:52.948448 Oscar: Echo, sending you 6
2024-10-14 18:15:52.948861 Bravo: Juliett, sending you 1
2024-10-14 18:15:52.949420 X-ray: Alpha, Whiskey, Bravo and Juliett, sending you 3
2024-10-14 18:15:52.949980 Sierra: Alpha, Whiskey, Bravo and Juliett, sending you 3
2024-10-14 18:15:52.950874 Juliett: Bravo, sending you 1
2024-10-14 18:15:52.951679 Alpha: Sierra, sending you 4
2024-10-14 18:15:52.952273 Delta: Oscar, sending you 4
2024-10-14 18:15:52.952733 Echo: Oscar, sending you 6
2024-10-14 18:15:52.966689 Kilo: Echo, Oscar and Delta, sending you 5
chatterbot Kilo submitting transactions
chatterbot Juliett submitting transactions
chatterbot X-ray submitting transactions
chatterbot Echo submitting transactions
chatterbot Bravo submitting transactions
chatterbot Alpha submitting transactions
chatterbot Oscar submitting transactions
chatterbot Sierra submitting transactions
chatterbot Whiskey submitting transactions
chatterbot Delta submitting transactions
ChatterBot X-ray round 11
ChatterBot Sierra round 11
ChatterBot Alpha round 11
ChatterBot Kilo round 11
ChatterBot Echo round 11
ChatterBot Whiskey round 11
ChatterBot Bravo round 11
ChatterBot Oscar round 11
ChatterBot Juliett round 11
ChatterBot Delta round 11
2024-10-14 18:15:54.091684 Echo: Kilo and Delta, sending you 5
2024-10-14 18:15:54.095683 Sierra: X-ray, sending you 4
2024-10-14 18:15:54.096912 Kilo: Echo, Oscar and Delta, sending you 5
2024-10-14 18:15:54.097673 Echo: Oscar, sending you 6
2024-10-14 18:15:54.098668 Oscar: Kilo and Delta, sending you 5
2024-10-14 18:15:54.099228 Bravo: X-ray, Sierra, Alpha and Whiskey, sending you 2
2024-10-14 18:15:54.099959 Sierra: Alpha, Whiskey, Bravo and Juliett, sending you 3
2024-10-14 18:15:54.101653 Delta: Kilo and Echo, sending you 3
2024-10-14 18:15:54.103675 Oscar: Echo, sending you 6
2024-10-14 18:15:54.104746 Bravo: Juliett, sending you 1
2024-10-14 18:15:54.105692 X-ray: Sierra, sending you 4
2024-10-14 18:15:54.106688 Delta: Oscar, sending you 4
2024-10-14 18:15:54.107223 Alpha: X-ray, Whiskey, Bravo and Juliett, sending you 3
2024-10-14 18:15:54.108680 Whiskey: Same as last round
2024-10-14 18:15:54.109750 Juliett: X-ray, Sierra, Alpha and Whiskey, sending you 2
2024-10-14 18:15:54.110797 X-ray: Alpha, Whiskey, Bravo and Juliett, sending you 3
2024-10-14 18:15:54.112684 Alpha: Sierra, sending you 4
2024-10-14 18:15:54.115661 Juliett: Bravo, sending you 1
chatterbot Bravo submitting transactions
chatterbot Delta submitting transactions
chatterbot Alpha submitting transactions
chatterbot X-ray submitting transactions
chatterbot Kilo submitting transactions
chatterbot Echo submitting transactions
chatterbot Whiskey submitting transactions
chatterbot Oscar submitting transactions
chatterbot Sierra submitting transactions
chatterbot Juliett submitting transactions
ChatterBot X-ray round 12
ChatterBot Sierra round 12
ChatterBot Alpha round 12
ChatterBot Kilo round 12
ChatterBot Echo round 12
ChatterBot Whiskey round 12
ChatterBot Bravo round 12
ChatterBot Oscar round 12
ChatterBot Juliett round 12
ChatterBot Delta round 12
2024-10-14 18:15:55.308690 Echo: Kilo and Delta, sending you 5
2024-10-14 18:15:55.311688 Echo: Oscar, sending you 6
2024-10-14 18:15:55.312665 Alpha: X-ray, Whiskey, Bravo and Juliett, sending you 3
2024-10-14 18:15:55.315688 Sierra: X-ray, sending you 4
2024-10-14 18:15:55.317062 Bravo: X-ray, Sierra, Alpha and Whiskey, sending you 2
2024-10-14 18:15:55.317865 Alpha: Sierra, sending you 4
2024-10-14 18:15:55.318739 Kilo: Echo, Oscar and Delta, sending you 5
2024-10-14 18:15:55.319276 Whiskey: Same as last round
2024-10-14 18:15:55.320338 Sierra: Alpha, Whiskey, Bravo and Juliett, sending you 3
2024-10-14 18:15:55.321068 X-ray: Sierra, sending you 4
2024-10-14 18:15:55.322918 Bravo: Juliett, sending you 1
2024-10-14 18:15:55.323874 Oscar: Kilo and Delta, sending you 5
2024-10-14 18:15:55.324660 Juliett: X-ray, Sierra, Alpha and Whiskey, sending you 2
2024-10-14 18:15:55.326080 Delta: Kilo and Echo, sending you 3
2024-10-14 18:15:55.326719 X-ray: Alpha, Whiskey, Bravo and Juliett, sending you 3
2024-10-14 18:15:55.328963 Oscar: Echo, sending you 6
2024-10-14 18:15:55.329584 Juliett: Bravo, sending you 1
2024-10-14 18:15:55.330699 Delta: Oscar, sending you 4
chatterbot Whiskey submitting transactions
chatterbot Oscar submitting transactions
chatterbot X-ray submitting transactions
chatterbot Juliett submitting transactions
chatterbot Kilo submitting transactions
chatterbot Bravo submitting transactions
chatterbot Alpha submitting transactions
chatterbot Delta submitting transactions
chatterbot Sierra submitting transactions
chatterbot Echo submitting transactions
ChatterBot X-ray round 13
ChatterBot Sierra round 13
ChatterBot Alpha round 13
ChatterBot Kilo round 13
ChatterBot Echo round 13
ChatterBot Whiskey round 13
ChatterBot Bravo round 13
ChatterBot Oscar round 13
ChatterBot Juliett round 13
ChatterBot Delta round 13
2024-10-14 18:15:56.609693 Kilo: Echo, Oscar and Delta, sending you 5
2024-10-14 18:15:56.612684 Delta: Kilo and Echo, sending you 3
2024-10-14 18:15:56.613687 Sierra: X-ray, sending you 4
2024-10-14 18:15:56.615663 Whiskey: Same as last round
2024-10-14 18:15:56.617862 Oscar: Kilo and Delta, sending you 5
2024-10-14 18:15:56.618609 Echo: Kilo and Delta, sending you 5
2024-10-14 18:15:56.619229 Delta: Oscar, sending you 4
2024-10-14 18:15:56.621086 Alpha: X-ray, Whiskey, Bravo and Juliett, sending you 3
2024-10-14 18:15:56.622348 Juliett: X-ray, Sierra, Alpha and Whiskey, sending you 2
2024-10-14 18:15:56.624698 Sierra: Alpha, Whiskey, Bravo and Juliett, sending you 3
2024-10-14 18:15:56.626184 Oscar: Echo, sending you 6
2024-10-14 18:15:56.628121 X-ray: Sierra, sending you 4
2024-10-14 18:15:56.630303 Echo: Oscar, sending you 6
2024-10-14 18:15:56.631364 Bravo: X-ray, Sierra, Alpha and Whiskey, sending you 2
2024-10-14 18:15:56.633772 Alpha: Sierra, sending you 4
2024-10-14 18:15:56.635744 Juliett: Bravo, sending you 1
2024-10-14 18:15:56.638049 X-ray: Alpha, Whiskey, Bravo and Juliett, sending you 3
2024-10-14 18:15:56.640812 Bravo: Juliett, sending you 1
chatterbot Oscar submitting transactions
chatterbot Delta submitting transactions
chatterbot Sierra submitting transactions
chatterbot Bravo submitting transactions
chatterbot Alpha submitting transactions
chatterbot Juliett submitting transactions
chatterbot X-ray submitting transactions
chatterbot Whiskey submitting transactions
chatterbot Kilo submitting transactions
chatterbot Echo submitting transactions
ChatterBot X-ray round 14
ChatterBot Sierra round 14
ChatterBot Alpha round 14
ChatterBot Kilo round 14
ChatterBot Echo round 14
ChatterBot Whiskey round 14
ChatterBot Bravo round 14
ChatterBot Oscar round 14
ChatterBot Juliett round 14
ChatterBot Delta round 14
2024-10-14 18:15:57.615787 Kilo: We should replace Juliett with Whiskey
2024-10-14 18:15:57.624619 Echo: No
2024-10-14 18:15:57.624799 Oscar: No
2024-10-14 18:15:57.624935 Delta: No
ChatterBot Kilo reevaluating
ChatterBot Kilo reevaluating
2024-10-14 18:15:57.669666 Echo: Kilo and Delta, sending you 5
2024-10-14 18:15:57.671318 Alpha: X-ray, Whiskey, Bravo and Juliett, sending you 3
2024-10-14 18:15:57.672684 Echo: Oscar, sending you 6
2024-10-14 18:15:57.673691 Sierra: X-ray, sending you 4
2024-10-14 18:15:57.675687 Alpha: Sierra, sending you 4
2024-10-14 18:15:57.676574 Oscar: Kilo and Delta, sending you 5
2024-10-14 18:15:57.677683 Sierra: Alpha, Whiskey, Bravo and Juliett, sending you 3
2024-10-14 18:15:57.679123 Whiskey: Same as last round
2024-10-14 18:15:57.680057 Kilo: Echo, Oscar and Delta, sending you 5
2024-10-14 18:15:57.680634 Oscar: Echo, sending you 6
2024-10-14 18:15:57.681168 X-ray: Sierra, sending you 4
2024-10-14 18:15:57.682313 Juliett: X-ray, Sierra, Alpha and Whiskey, sending you 2
2024-10-14 18:15:57.683141 Bravo: X-ray, Sierra, Alpha and Whiskey, sending you 2
2024-10-14 18:15:57.683831 Delta: Kilo and Echo, sending you 3
2024-10-14 18:15:57.684686 X-ray: Alpha, Whiskey, Bravo and Juliett, sending you 3
2024-10-14 18:15:57.685910 Juliett: Bravo, sending you 1
2024-10-14 18:15:57.686757 Bravo: Juliett, sending you 1
2024-10-14 18:15:57.687796 Delta: Oscar, sending you 4
chatterbot Whiskey submitting transactions
chatterbot Alpha submitting transactions
chatterbot Juliett submitting transactions
chatterbot Oscar submitting transactions
chatterbot X-ray submitting transactions
chatterbot Kilo submitting transactions
chatterbot Sierra submitting transactions
chatterbot Echo submitting transactions
chatterbot Bravo submitting transactions
chatterbot Delta submitting transactions
ChatterBot X-ray round 15
ChatterBot Sierra round 15
ChatterBot Alpha round 15
ChatterBot Kilo round 15
ChatterBot Echo round 15
ChatterBot Whiskey round 15
ChatterBot Bravo round 15
ChatterBot Oscar round 15
ChatterBot Juliett round 15
ChatterBot Delta round 15
