ChatterBot Victor round 1
ChatterBot X-ray round 1
ChatterBot Uniform round 1
ChatterBot Echo round 1
ChatterBot Quebec round 1
randomSelections Uniform: {Uniform, Quebec, Yankee, Papa, Golf, Romeo} 
2024-10-14 18:15:39.127330 Uniform: We would work well together
ChatterBot Quebec reevaluating
2024-10-14 18:15:39.133701 Quebec: Yes
randomSelections Echo: {Echo, India, X-ray, Quebec, Victor, Papa, Uniform} 
2024-10-14 18:15:39.144797 Echo: Let's form a team
ChatterBot X-ray reevaluating
ChatterBot Quebec reevaluating
ChatterBot Victor reevaluating
2024-10-14 18:15:39.167561 X-ray: Yes
2024-10-14 18:15:39.168575 Quebec: No
2024-10-14 18:15:39.168886 Victor: Yes
2024-10-14 18:15:39.169117 Uniform: No
ChatterBot Quebec reevaluating
ChatterBot Victor reevaluating
ChatterBot X-ray reevaluating
ChatterBot Victor reevaluating
ChatterBot X-ray reevaluating
ChatterBot Quebec reevaluating
ChatterBot X-ray reevaluating
ChatterBot Quebec reevaluating
ChatterBot Victor reevaluating
ChatterBot Romeo round 1
ChatterBot Romeo reevaluating
ChatterBot Romeo reevaluating
2024-10-14 18:15:39.228811 Romeo: Yes
ChatterBot Quebec reevaluating
ChatterBot India round 1
ChatterBot India reevaluating
ChatterBot India reevaluating
ChatterBot India reevaluating
ChatterBot India reevaluating
ChatterBot India reevaluating
2024-10-14 18:15:39.243596 India: Yes
ChatterBot X-ray reevaluating
ChatterBot Quebec reevaluating
ChatterBot Victor reevaluating
ChatterBot Papa round 1
ChatterBot Papa reevaluating
ChatterBot Papa reevaluating
ChatterBot Papa reevaluating
ChatterBot Papa reevaluating
ChatterBot Papa reevaluating
ChatterBot Papa reevaluating
ChatterBot Papa reevaluating
ChatterBot Papa reevaluating
ChatterBot Papa reevaluating
2024-10-14 18:15:39.325131 Papa: Yes
2024-10-14 18:15:39.325458 Papa: No
ChatterBot Quebec reevaluating
ChatterBot Romeo reevaluating
ChatterBot India reevaluating
ChatterBot X-ray reevaluating
ChatterBot Victor reevaluating
ChatterBot Quebec reevaluating
ChatterBot Golf round 1
ChatterBot Golf reevaluating
ChatterBot Golf reevaluating
ChatterBot Golf reevaluating
ChatterBot Golf reevaluating
2024-10-14 18:15:39.349090 Golf: Yes
ChatterBot Quebec reevaluating
ChatterBot Papa reevaluating
ChatterBot Romeo reevaluating
ChatterBot Yankee round 1
ChatterBot Yankee reevaluating
ChatterBot Yankee reevaluating
ChatterBot Yankee reevaluating
ChatterBot Yankee reevaluating
ChatterBot Yankee reevaluating
2024-10-14 18:15:39.362587 Yankee: Yes
ChatterBot Quebec reevaluating
ChatterBot Papa reevaluating
ChatterBot Golf reevaluating
ChatterBot Romeo reevaluating
2024-10-14 18:15:39.409177 India: Victor and Quebec, sending you 1
2024-10-14 18:15:39.409894 Quebec: Uniform, Romeo and Yankee, sending you 4
2024-10-14 18:15:39.411103 Uniform: Quebec and Romeo, sending you 1
2024-10-14 18:15:39.411876 Echo: Victor and X-ray, sending you 1
2024-10-14 18:15:39.413176 X-ray: Victor and Uniform, sending you 5
2024-10-14 18:15:39.414814 Victor: X-ray, sending you 4
2024-10-14 18:15:39.415564 Romeo: Quebec, Papa and Golf, sending you 2
2024-10-14 18:15:39.416908 Quebec: Golf, sending you 2
2024-10-14 18:15:39.417519 Uniform: Papa, sending you 5
2024-10-14 18:15:39.419347 Echo: Quebec, sending you 2
2024-10-14 18:15:39.421060 Victor: Uniform, Quebec, India and Papa, sending you 1
2024-10-14 18:15:39.422444 X-ray: Echo, sending you 1
2024-10-14 18:15:39.423286 Golf: Uniform, sending you 5
2024-10-14 18:15:39.424711 Romeo: Yankee, sending you 1
2024-10-14 18:15:39.425959 Uniform: Golf, sending you 3
2024-10-14 18:15:39.430745 Echo: India, sending you 4
2024-10-14 18:15:39.434192 Victor: Echo, sending you 2
2024-10-14 18:15:39.436369 X-ray: Quebec, India and Papa, sending you 2
2024-10-14 18:15:39.438627 Golf: Quebec, sending you 3
2024-10-14 18:15:39.440227 Papa: Uniform, sending you 4
2024-10-14 18:15:39.441925 Yankee: Uniform and Romeo, sending you 3
2024-10-14 18:15:39.442723 Uniform: Yankee, sending you 2
2024-10-14 18:15:39.444602 Golf: Romeo, sending you 4
2024-10-14 18:15:39.453054 Papa: Quebec, sending you 5
2024-10-14 18:15:39.453566 Yankee: Quebec and Papa, sending you 2
2024-10-14 18:15:39.454098 Golf: Papa and Yankee, sending you 1
2024-10-14 18:15:39.456432 Papa: Romeo, sending you 1
2024-10-14 18:15:39.459346 Yankee: Golf, sending you 5
2024-10-14 18:15:39.460233 Papa: Golf and Yankee, sending you 3
chatterbot Uniform submitting transactions
chatterbot Echo submitting transactions
chatterbot Victor submitting transactions
chatterbot Golf submitting transactions
chatterbot India submitting transactions
chatterbot X-ray submitting transactions
chatterbot Quebec submitting transactions
chatterbot Yankee submitting transactions
chatterbot Romeo submitting transactions
chatterbot Papa submitting transactions
ChatterBot Victor round 2
ChatterBot X-ray round 2
ChatterBot Uniform round 2
ChatterBot Echo round 2
ChatterBot Quebec round 2
ChatterBot Romeo round 2
ChatterBot India round 2
2024-10-14 18:15:40.698802 Echo: Group up?
ChatterBot X-ray reevaluating
ChatterBot India reevaluating
2024-10-14 18:15:40.709065 Victor: Yes
2024-10-14 18:15:40.709264 X-ray: Yes
2024-10-14 18:15:40.709398 India: Yes
ChatterBot X-ray reevaluating
ChatterBot India reevaluating
ChatterBot India reevaluating
ChatterBot X-ray reevaluating
2024-10-14 18:15:40.742737 X-ray: Friends?
ChatterBot Victor reevaluating
ChatterBot India reevaluating
ChatterBot Romeo reevaluating
2024-10-14 18:15:40.758834 Victor: Yes
2024-10-14 18:15:40.759014 Echo: No
2024-10-14 18:15:40.759537 India: No
2024-10-14 18:15:40.759673 Romeo: No
ChatterBot X-ray reevaluating
ChatterBot India reevaluating
ChatterBot Romeo reevaluating
ChatterBot X-ray reevaluating
ChatterBot Victor reevaluating
ChatterBot India reevaluating
ChatterBot Romeo reevaluating
ChatterBot X-ray reevaluating
ChatterBot Victor reevaluating
ChatterBot Romeo reevaluating
ChatterBot X-ray reevaluating
ChatterBot Victor reevaluating
ChatterBot India reevaluating
ChatterBot Papa round 2
ChatterBot Golf round 2
ChatterBot Yankee round 2
2024-10-14 18:15:40.898894 Quebec: Friends?
ChatterBot Romeo reevaluating
ChatterBot Papa reevaluating
ChatterBot Golf reevaluating
ChatterBot Yankee reevaluating
ChatterBot Victor reevaluating
ChatterBot X-ray reevaluating
ChatterBot India reevaluating
2024-10-14 18:15:40.930645 Uniform: No
2024-10-14 18:15:40.931374 Romeo: No
2024-10-14 18:15:40.931585 Papa: No
2024-10-14 18:15:40.931798 Golf: No
2024-10-14 18:15:40.932024 Yankee: No
2024-10-14 18:15:40.932673 Victor: No
2024-10-14 18:15:40.932876 X-ray: No
2024-10-14 18:15:40.933030 Echo: No
2024-10-14 18:15:40.933144 India: No
ChatterBot Romeo reevaluating
ChatterBot Papa reevaluating
ChatterBot Golf reevaluating
ChatterBot Yankee reevaluating
ChatterBot Victor reevaluating
ChatterBot X-ray reevaluating
ChatterBot India reevaluating
ChatterBot Papa reevaluating
ChatterBot Golf reevaluating
ChatterBot Yankee reevaluating
ChatterBot Victor reevaluating
ChatterBot X-ray reevaluating
ChatterBot India reevaluating
ChatterBot Romeo reevaluating
ChatterBot Golf reevaluating
ChatterBot Yankee reevaluating
ChatterBot Victor reevaluating
ChatterBot X-ray reevaluating
ChatterBot India reevaluating
ChatterBot Romeo reevaluating
ChatterBot Papa reevaluating
ChatterBot Yankee reevaluating
ChatterBot Victor reevaluating
ChatterBot X-ray reevaluating
ChatterBot Echo reevaluating
ChatterBot India reevaluating
ChatterBot Quebec reevaluating
ChatterBot Romeo reevaluating
ChatterBot Papa reevaluating
ChatterBot Golf reevaluating
ChatterBot Victor reevaluating
ChatterBot X-ray reevaluating
ChatterBot Echo reevaluating
ChatterBot India reevaluating
ChatterBot Quebec reevaluating
ChatterBot Romeo reevaluating
ChatterBot Papa reevaluating
ChatterBot Golf reevaluating
ChatterBot Yankee reevaluating
ChatterBot X-ray reevaluating
ChatterBot Echo reevaluating
ChatterBot India reevaluating
ChatterBot Quebec reevaluating
ChatterBot Romeo reevaluating
ChatterBot Papa reevaluating
ChatterBot Golf reevaluating
ChatterBot Yankee reevaluating
ChatterBot Victor reevaluating
ChatterBot Echo reevaluating
ChatterBot India reevaluating
ChatterBot Quebec reevaluating
ChatterBot Romeo reevaluating
ChatterBot Papa reevaluating
ChatterBot Golf reevaluating
ChatterBot Yankee reevaluating
ChatterBot Victor reevaluating
ChatterBot X-ray reevaluating
ChatterBot India reevaluating
ChatterBot Quebec reevaluating
ChatterBot Romeo reevaluating
ChatterBot Papa reevaluating
ChatterBot Golf reevaluating
ChatterBot Yankee reevaluating
ChatterBot Victor reevaluating
ChatterBot X-ray reevaluating
ChatterBot Echo reevaluating
2024-10-14 18:15:41.235021 Victor: We should drop Papa and Uniform
ChatterBot Echo reevaluating
ChatterBot Quebec reevaluating
2024-10-14 18:15:41.248170 X-ray: Yes
2024-10-14 18:15:41.248336 Echo: Yes
2024-10-14 18:15:41.248443 India: Yes
2024-10-14 18:15:41.248553 Quebec: No
ChatterBot Echo reevaluating
ChatterBot Quebec reevaluating
ChatterBot Quebec reevaluating
ChatterBot X-ray reevaluating
ChatterBot Echo reevaluating
ChatterBot Quebec reevaluating
ChatterBot X-ray reevaluating
ChatterBot Echo reevaluating
2024-10-14 18:15:41.933845 Uniform: Quebec, Papa and Golf, sending you 3
2024-10-14 18:15:41.934745 Papa: X-ray we want you to join our group
ChatterBot X-ray reevaluating
2024-10-14 18:15:41.940721 X-ray: No
ChatterBot Papa reevaluating
chatterbot Uniform submitting transactions
2024-10-14 18:15:41.967675 Uniform: Romeo, sending you 1
2024-10-14 18:15:42.341064 Romeo: Uniform, Papa and Yankee, sending you 1
2024-10-14 18:15:42.341660 Golf: Uniform and Papa, sending you 3
2024-10-14 18:15:42.342597 Victor: X-ray, sending you 4
2024-10-14 18:15:42.343064 India: Victor, sending you 3
2024-10-14 18:15:42.343422 Yankee: Uniform and Papa, sending you 3
2024-10-14 18:15:42.344516 Uniform: Yankee, sending you 2
chatterbot India submitting transactions
chatterbot Quebec submitting transactions
chatterbot Yankee submitting transactions
2024-10-14 18:15:42.345711 Romeo: Quebec and Golf, sending you 2
2024-10-14 18:15:42.346080 Victor: Echo, Quebec and India, sending you 2
2024-10-14 18:15:42.346419 India: X-ray and Echo, sending you 5
2024-10-14 18:15:42.347124 Golf: Quebec and Romeo, sending you 2
2024-10-14 18:15:42.747851 Yankee: Quebec, sending you 5
2024-10-14 18:15:42.748280 Quebec: Uniform, sending you 1
2024-10-14 18:15:42.749075 Echo: Victor and X-ray, sending you 3
2024-10-14 18:15:42.749341 Golf: Yankee, sending you 4
chatterbot Echo submitting transactions
chatterbot Golf submitting transactions
chatterbot Papa submitting transactions
chatterbot Victor submitting transactions
2024-10-14 18:15:42.846801 Yankee: Romeo and Golf, sending you 2
2024-10-14 18:15:42.847781 Quebec: Romeo, Golf and Yankee, sending you 3
2024-10-14 18:15:42.848109 Echo: India, sending you 2
2024-10-14 18:15:42.848880 Papa: Uniform, sending you 5
2024-10-14 18:15:42.849395 X-ray: Victor, sending you 8
chatterbot X-ray submitting transactions
chatterbot Romeo submitting transactions
2024-10-14 18:15:42.863865 Quebec: Papa, sending you 4
2024-10-14 18:15:42.864608 Papa: Quebec, sending you 2
2024-10-14 18:15:42.864970 X-ray: Echo, sending you 4
2024-10-14 18:15:42.865229 Yankee: Quebec did not give me 4 like they said
ChatterBot Uniform reevaluating
ChatterBot Quebec reevaluating
ChatterBot Papa reevaluating
ChatterBot Golf reevaluating
ChatterBot Romeo reevaluating
ChatterBot Victor round 3
ChatterBot X-ray round 3
ChatterBot Uniform round 3
ChatterBot Echo round 3
ChatterBot Quebec round 3
2024-10-14 18:15:42.886160 X-ray: Quebec, sending you 2
ChatterBot Romeo round 3
ChatterBot India round 3
ChatterBot Papa round 3
ChatterBot Golf round 3
ChatterBot Yankee round 3
2024-10-14 18:15:43.116008 X-ray: Sorry, I'm actually sending you 0
2024-10-14 18:15:43.196052 Golf: Uniform, Quebec, Papa and Yankee, sending you 3
2024-10-14 18:15:43.197331 Victor: X-ray, sending you 4
2024-10-14 18:15:43.197865 Quebec: Uniform, Papa, Golf and Yankee, sending you 3
2024-10-14 18:15:43.199223 Uniform: Quebec, Romeo and Yankee, sending you 2
2024-10-14 18:15:43.200019 Echo: Victor, sending you 2
2024-10-14 18:15:43.201082 India: Victor, sending you 4
2024-10-14 18:15:43.201709 X-ray: Victor, sending you 6
2024-10-14 18:15:43.202635 Golf: Romeo, sending you 2
2024-10-14 18:15:43.203285 Victor: Echo, Quebec and India, sending you 2
2024-10-14 18:15:43.203721 Quebec: Romeo, sending you 2
2024-10-14 18:15:43.204897 Uniform: Papa and Golf, sending you 3
2024-10-14 18:15:43.205435 Romeo: Uniform, Papa, Golf and Yankee, sending you 1
2024-10-14 18:15:43.206388 Echo: X-ray and India, sending you 3
2024-10-14 18:15:43.206828 India: X-ray, sending you 5
2024-10-14 18:15:43.207662 X-ray: Echo, sending you 4
2024-10-14 18:15:43.208301 Yankee: Uniform, Papa and Golf, sending you 3
2024-10-14 18:15:43.209468 Papa: Uniform, sending you 4
2024-10-14 18:15:43.287534 Romeo: Quebec, sending you 3
2024-10-14 18:15:43.288568 India: Echo, sending you 6
2024-10-14 18:15:43.288882 X-ray: Romeo, sending you 2
2024-10-14 18:15:43.289139 Yankee: Quebec, sending you 4
2024-10-14 18:15:43.290195 Papa: Quebec, Romeo, Golf and Yankee, sending you 3
chatterbot Uniform submitting transactions
2024-10-14 18:15:43.298231 X-ray: India, sending you 5
2024-10-14 18:15:43.298770 Yankee: Romeo, sending you 2
chatterbot Romeo submitting transactions
chatterbot Yankee submitting transactions
chatterbot Victor submitting transactions
chatterbot Papa submitting transactions
chatterbot X-ray submitting transactions
chatterbot Golf submitting transactions
chatterbot India submitting transactions
chatterbot Echo submitting transactions
chatterbot Quebec submitting transactions
ChatterBot Victor round 4
ChatterBot X-ray round 4
ChatterBot Uniform round 4
ChatterBot Echo round 4
ChatterBot Quebec round 4
ChatterBot Romeo round 4
ChatterBot India round 4
ChatterBot Papa round 4
ChatterBot Golf round 4
ChatterBot Yankee round 4
2024-10-14 18:15:44.564005 Echo: Victor, sending you 2
2024-10-14 18:15:44.564344 Victor: X-ray, sending you 4
2024-10-14 18:15:44.564713 Papa: Uniform, sending you 4
2024-10-14 18:15:44.565601 X-ray: Victor and India, sending you 5
2024-10-14 18:15:44.566029 India: Victor, sending you 4
2024-10-14 18:15:44.566296 Quebec: Uniform, sending you 2
2024-10-14 18:15:44.566744 Uniform: Quebec, Romeo and Yankee, sending you 2
2024-10-14 18:15:44.567765 Romeo: Uniform, Papa and Yankee, sending you 1
2024-10-14 18:15:44.568306 Echo: X-ray and India, sending you 3
2024-10-14 18:15:44.568585 Victor: Echo, sending you 2
2024-10-14 18:15:44.569382 Papa: Quebec, Romeo, Golf and Yankee, sending you 3
2024-10-14 18:15:44.569812 X-ray: Echo, sending you 4
2024-10-14 18:15:44.570060 India: X-ray, sending you 6
2024-10-14 18:15:44.570804 Quebec: Romeo, Papa, Golf and Yankee, sending you 3
2024-10-14 18:15:44.571353 Romeo: Quebec and Golf, sending you 2
2024-10-14 18:15:44.579083 Yankee: Uniform, Papa and Golf, sending you 3
2024-10-14 18:15:44.579744 Uniform: Papa and Golf, sending you 3
2024-10-14 18:15:44.581163 Golf: Uniform, Quebec, Papa and Yankee, sending you 3
2024-10-14 18:15:44.581782 Victor: Quebec, sending you 1
2024-10-14 18:15:44.582767 India: Echo, sending you 5
2024-10-14 18:15:44.583153 X-ray: Quebec, sending you 3
2024-10-14 18:15:44.583683 Yankee: Quebec, sending you 4
2024-10-14 18:15:44.586160 Golf: Romeo, sending you 2
2024-10-14 18:15:44.586885 Victor: India, sending you 3
2024-10-14 18:15:44.587853 Yankee: Romeo, sending you 2
chatterbot Quebec submitting transactions
chatterbot India submitting transactions
chatterbot Golf submitting transactions
chatterbot Victor submitting transactions
chatterbot Romeo submitting transactions
chatterbot Uniform submitting transactions
chatterbot Echo submitting transactions
chatterbot Yankee submitting transactions
chatterbot X-ray submitting transactions
chatterbot Papa submitting transactions
ChatterBot Victor round 5
ChatterBot X-ray round 5
ChatterBot Uniform round 5
ChatterBot Echo round 5
ChatterBot Quebec round 5
ChatterBot Romeo round 5
ChatterBot India round 5
ChatterBot Papa round 5
ChatterBot Golf round 5
ChatterBot Yankee round 5
2024-10-14 18:15:45.810423 Victor: We should replace Quebec with Romeo
ChatterBot X-ray reevaluating
2024-10-14 18:15:45.819625 Echo: No
2024-10-14 18:15:45.819907 X-ray: No
2024-10-14 18:15:45.820673 India: No
ChatterBot Victor reevaluating
ChatterBot X-ray reevaluating
ChatterBot Victor reevaluating
ChatterBot Victor reevaluating
ChatterBot X-ray reevaluating
2024-10-14 18:15:45.870262 X-ray: We should drop Quebec
ChatterBot Victor reevaluating
2024-10-14 18:15:45.878956 Echo: Yes
2024-10-14 18:15:45.879193 Victor: Yes
2024-10-14 18:15:45.879449 India: Yes
ChatterBot Victor reevaluating
ChatterBot X-ray reevaluating
ChatterBot X-ray reevaluating
ChatterBot Victor reevaluating
ChatterBot X-ray reevaluating
2024-10-14 18:15:45.914115 Quebec: Uniform, sending you 2
2024-10-14 18:15:45.914635 Golf: Uniform, Quebec, Papa and Yankee, sending you 3
2024-10-14 18:15:45.920595 Victor: Romeo we want you to join our group
2024-10-14 18:15:45.925434 Romeo: No
ChatterBot X-ray reevaluating
ChatterBot Victor reevaluating
2024-10-14 18:15:45.945395 Quebec: Romeo, Papa, Golf and Yankee, sending you 3
2024-10-14 18:15:45.947523 Golf: Romeo, sending you 2
2024-10-14 18:15:45.949425 Uniform: Quebec, Romeo and Yankee, sending you 2
2024-10-14 18:15:45.951437 Yankee: Uniform, Papa and Golf, sending you 3
2024-10-14 18:15:45.954623 X-ray: Romeo we want you to join our group
2024-10-14 18:15:45.960201 Romeo: No
ChatterBot X-ray reevaluating
2024-10-14 18:15:45.977830 X-ray: We should replace Quebec with Golf
2024-10-14 18:15:45.989239 Echo: No
2024-10-14 18:15:45.989500 Victor: No
2024-10-14 18:15:45.990127 India: No
ChatterBot X-ray reevaluating
ChatterBot X-ray reevaluating
ChatterBot X-ray reevaluating
2024-10-14 18:15:46.025956 Papa: Uniform, sending you 4
2024-10-14 18:15:46.027092 Romeo: Uniform, Golf and Yankee, sending you 1
2024-10-14 18:15:46.028010 Echo: Victor, sending you 2
2024-10-14 18:15:46.028423 India: Sending you each 5
2024-10-14 18:15:46.028867 Uniform: Papa and Golf, sending you 3
2024-10-14 18:15:46.029474 Yankee: Quebec, sending you 4
2024-10-14 18:15:46.030704 Papa: Quebec, Romeo, Golf and Yankee, sending you 3
2024-10-14 18:15:46.031675 Echo: X-ray and India, sending you 3
2024-10-14 18:15:46.032092 Romeo: Quebec and Papa, sending you 2
2024-10-14 18:15:46.035029 Yankee: Romeo, sending you 2
2024-10-14 18:15:46.046651 Victor: X-ray and India, sending you 3
2024-10-14 18:15:46.051667 Victor: Echo and Romeo, sending you 2
2024-10-14 18:15:46.062678 X-ray: Victor and India, sending you 6
2024-10-14 18:15:46.065681 X-ray: Echo, sending you 5
chatterbot India submitting transactions
chatterbot Echo submitting transactions
chatterbot X-ray submitting transactions
chatterbot Uniform submitting transactions
chatterbot Papa submitting transactions
chatterbot Golf submitting transactions
chatterbot Yankee submitting transactions
chatterbot Victor submitting transactions
chatterbot Quebec submitting transactions
chatterbot Romeo submitting transactions
ChatterBot Victor round 6
ChatterBot X-ray round 6
ChatterBot Uniform round 6
ChatterBot Echo round 6
ChatterBot Quebec round 6
ChatterBot Romeo round 6
2024-10-14 18:15:46.901338 X-ray: We should add Romeo
2024-10-14 18:15:46.914976 Echo: No
2024-10-14 18:15:46.915584 Victor: Yes
2024-10-14 18:15:46.915821 India: No
ChatterBot X-ray reevaluating
ChatterBot India round 6
ChatterBot Papa round 6
ChatterBot Golf round 6
ChatterBot Yankee round 6
2024-10-14 18:15:46.949441 Victor: We should replace Romeo with Yankee
ChatterBot X-ray reevaluating
2024-10-14 18:15:46.956823 Echo: No
2024-10-14 18:15:46.956967 X-ray: Yes
2024-10-14 18:15:46.957070 India: No
ChatterBot Victor reevaluating
ChatterBot X-ray reevaluating
ChatterBot Victor reevaluating
ChatterBot Victor reevaluating
ChatterBot X-ray reevaluating
2024-10-14 18:15:46.988363 X-ray: We should add Yankee
ChatterBot Victor reevaluating
2024-10-14 18:15:46.995945 Echo: No
2024-10-14 18:15:46.996095 Victor: Yes
2024-10-14 18:15:46.996221 India: No
ChatterBot Victor reevaluating
ChatterBot X-ray reevaluating
ChatterBot X-ray reevaluating
ChatterBot Victor reevaluating
ChatterBot X-ray reevaluating
2024-10-14 18:15:47.027456 Victor: We should replace Romeo with Golf
ChatterBot X-ray reevaluating
2024-10-14 18:15:47.034348 Echo: No
2024-10-14 18:15:47.034484 X-ray: No
2024-10-14 18:15:47.034604 India: No
ChatterBot Victor reevaluating
ChatterBot X-ray reevaluating
ChatterBot Victor reevaluating
ChatterBot Victor reevaluating
ChatterBot X-ray reevaluating
2024-10-14 18:15:47.059686 Uniform: Quebec, Romeo and Yankee, sending you 2
2024-10-14 18:15:47.064342 X-ray: Golf we want you to join our group
2024-10-14 18:15:47.069287 Golf: No
2024-10-14 18:15:47.083863 Uniform: Papa and Golf, sending you 3
2024-10-14 18:15:47.086652 Echo: Victor, sending you 2
2024-10-14 18:15:47.087705 Golf: Uniform, Quebec, Papa and Yankee, sending you 3
2024-10-14 18:15:47.088866 Papa: Uniform, sending you 4
2024-10-14 18:15:47.089647 Quebec: Uniform, sending you 2
2024-10-14 18:15:47.090420 Yankee: Uniform, Papa and Golf, sending you 3
2024-10-14 18:15:47.091546 Romeo: Uniform, Golf and Yankee, sending you 1
2024-10-14 18:15:47.092408 India: Victor, sending you 4
2024-10-14 18:15:47.093072 Victor: X-ray and India, sending you 3
2024-10-14 18:15:47.093536 Echo: X-ray and India, sending you 3
2024-10-14 18:15:47.094011 Golf: Romeo, sending you 2
2024-10-14 18:15:47.095183 Papa: Quebec, Romeo, Golf and Yankee, sending you 3
2024-10-14 18:15:47.095652 Quebec: Romeo, Papa, Golf and Yankee, sending you 3
2024-10-14 18:15:47.096297 Yankee: Quebec, sending you 4
2024-10-14 18:15:47.097418 Romeo: Quebec and Papa, sending you 2
2024-10-14 18:15:47.098287 India: X-ray, sending you 6
2024-10-14 18:15:47.098813 Victor: Echo and Romeo, sending you 2
2024-10-14 18:15:47.099277 X-ray: Victor and India, sending you 5
2024-10-14 18:15:47.100699 Yankee: Romeo, sending you 2
2024-10-14 18:15:47.102713 India: Echo, sending you 5
2024-10-14 18:15:47.103855 X-ray: Echo, sending you 4
2024-10-14 18:15:47.106875 X-ray: Golf, sending you 3
chatterbot Romeo submitting transactions
chatterbot X-ray submitting transactions
chatterbot Uniform submitting transactions
chatterbot India submitting transactions
chatterbot Victor submitting transactions
chatterbot Papa submitting transactions
chatterbot Golf submitting transactions
chatterbot Quebec submitting transactions
chatterbot Yankee submitting transactions
chatterbot Echo submitting transactions
ChatterBot Victor round 7
ChatterBot X-ray round 7
2024-10-14 18:15:48.170519 X-ray: We should replace Golf with Yankee
2024-10-14 18:15:48.178463 Echo: No
2024-10-14 18:15:48.179199 Victor: No
2024-10-14 18:15:48.179351 India: No
ChatterBot X-ray reevaluating
ChatterBot X-ray reevaluating
ChatterBot Uniform round 7
ChatterBot Echo round 7
ChatterBot Quebec round 7
ChatterBot Romeo round 7
ChatterBot India round 7
ChatterBot Papa round 7
ChatterBot Golf round 7
ChatterBot Yankee round 7
2024-10-14 18:15:48.237268 X-ray: We should drop Golf
2024-10-14 18:15:48.244896 Echo: Yes
2024-10-14 18:15:48.245440 Victor: Yes
2024-10-14 18:15:48.245585 India: Yes
ChatterBot X-ray reevaluating
ChatterBot X-ray reevaluating
ChatterBot X-ray reevaluating
2024-10-14 18:15:48.274654 Victor: X-ray and India, sending you 3
2024-10-14 18:15:48.278691 Victor: Echo and Romeo, sending you 2
2024-10-14 18:15:48.282678 Golf: Uniform, Quebec, Papa and Yankee, sending you 3
2024-10-14 18:15:48.284003 Yankee: Uniform, Papa and Golf, sending you 3
2024-10-14 18:15:48.285104 Echo: Victor, sending you 2
2024-10-14 18:15:48.286701 Golf: Romeo, sending you 2
2024-10-14 18:15:48.288142 Yankee: Quebec, sending you 4
2024-10-14 18:15:48.289498 Quebec: Uniform, sending you 2
2024-10-14 18:15:48.290336 Echo: X-ray and India, sending you 3
2024-10-14 18:15:48.291474 India: Sending you each 5
2024-10-14 18:15:48.292060 Uniform: Quebec, Romeo and Yankee, sending you 2
2024-10-14 18:15:48.293673 Yankee: Romeo, sending you 2
2024-10-14 18:15:48.294510 Quebec: Romeo, Papa, Golf and Yankee, sending you 3
2024-10-14 18:15:48.295817 Romeo: Uniform, Golf and Yankee, sending you 1
2024-10-14 18:15:48.297071 Papa: Uniform, sending you 4
2024-10-14 18:15:48.297795 Uniform: Papa and Golf, sending you 3
2024-10-14 18:15:48.300694 Papa: Quebec, Romeo, Golf and Yankee, sending you 3
2024-10-14 18:15:48.301707 Romeo: Quebec and Papa, sending you 2
chatterbot Quebec submitting transactions
chatterbot Uniform submitting transactions
chatterbot India submitting transactions
chatterbot Victor submitting transactions
chatterbot Echo submitting transactions
chatterbot Romeo submitting transactions
chatterbot Golf submitting transactions
chatterbot X-ray submitting transactions
chatterbot Papa submitting transactions
chatterbot Yankee submitting transactions
ChatterBot Victor round 8
ChatterBot X-ray round 8
ChatterBot Uniform round 8
ChatterBot Echo round 8
ChatterBot Quebec round 8
ChatterBot Romeo round 8
ChatterBot India round 8
ChatterBot Papa round 8
ChatterBot Golf round 8
ChatterBot Yankee round 8
2024-10-14 18:15:49.310101 X-ray: We should drop Golf
2024-10-14 18:15:49.319325 Echo: Yes
2024-10-14 18:15:49.319556 Victor: Yes
2024-10-14 18:15:49.319733 India: Yes
ChatterBot X-ray reevaluating
ChatterBot X-ray reevaluating
ChatterBot X-ray reevaluating
2024-10-14 18:15:49.377670 Victor: X-ray and India, sending you 3
2024-10-14 18:15:49.382693 Victor: Echo and Romeo, sending you 2
2024-10-14 18:15:49.384695 Quebec: Uniform, sending you 2
2024-10-14 18:15:49.388693 India: Same as last round
2024-10-14 18:15:49.390715 Quebec: Romeo, Papa, Golf and Yankee, sending you 3
2024-10-14 18:15:49.391500 Romeo: Uniform, Golf and Yankee, sending you 1
2024-10-14 18:15:49.393680 Golf: Uniform, Quebec, Papa and Yankee, sending you 3
2024-10-14 18:15:49.394689 Romeo: Quebec and Papa, sending you 2
2024-10-14 18:15:49.396168 Echo: Victor, sending you 2
2024-10-14 18:15:49.396707 Yankee: Uniform, Papa and Golf, sending you 3
2024-10-14 18:15:49.397708 Uniform: Quebec, Romeo and Yankee, sending you 2
2024-10-14 18:15:49.399314 Papa: Uniform, sending you 4
2024-10-14 18:15:49.400269 Golf: Romeo, sending you 2
2024-10-14 18:15:49.401370 Echo: X-ray and India, sending you 3
2024-10-14 18:15:49.402761 Yankee: Quebec, sending you 4
2024-10-14 18:15:49.403743 Papa: Quebec, Romeo, Golf and Yankee, sending you 3
2024-10-14 18:15:49.404644 Uniform: Papa and Golf, sending you 3
2024-10-14 18:15:49.408320 Yankee: Romeo, sending you 2
chatterbot Victor submitting transactions
chatterbot Papa submitting transactions
chatterbot India submitting transactions
chatterbot Yankee submitting transactions
chatterbot Quebec submitting transactions
chatterbot Romeo submitting transactions
chatterbot Echo submitting transactions
chatterbot X-ray submitting transactions
chatterbot Uniform submitting transactions
chatterbot Golf submitting transactions
ChatterBot Victor round 9
ChatterBot X-ray round 9
ChatterBot Uniform round 9
ChatterBot Echo round 9
ChatterBot Quebec round 9
ChatterBot Romeo round 9
2024-10-14 18:15:50.378044 X-ray: We should replace Golf with Yankee
2024-10-14 18:15:50.385250 Echo: No
2024-10-14 18:15:50.385892 Victor: No
2024-10-14 18:15:50.386061 India: No
ChatterBot X-ray reevaluating
ChatterBot X-ray reevaluating
ChatterBot X-ray reevaluating
ChatterBot India round 9
ChatterBot Papa round 9
ChatterBot Golf round 9
ChatterBot Yankee round 9
2024-10-14 18:15:50.417427 X-ray: We should replace Golf with Uniform
2024-10-14 18:15:50.424860 Echo: No
2024-10-14 18:15:50.425077 Victor: No
2024-10-14 18:15:50.425271 India: No
ChatterBot X-ray reevaluating
ChatterBot X-ray reevaluating
ChatterBot X-ray reevaluating
2024-10-14 18:15:50.545800 X-ray: We should drop Golf
2024-10-14 18:15:50.554146 Echo: Yes
2024-10-14 18:15:50.554453 Victor: Yes
2024-10-14 18:15:50.554742 India: Yes
ChatterBot X-ray reevaluating
ChatterBot X-ray reevaluating
ChatterBot X-ray reevaluating
2024-10-14 18:15:50.594055 Echo: Victor, sending you 2
2024-10-14 18:15:50.598670 Victor: X-ray and India, sending you 3
2024-10-14 18:15:50.599467 Uniform: Quebec, Romeo and Yankee, sending you 2
2024-10-14 18:15:50.601240 Echo: X-ray and India, sending you 3
2024-10-14 18:15:50.601918 Quebec: Uniform, sending you 2
2024-10-14 18:15:50.602709 Romeo: Uniform, Golf and Yankee, sending you 1
2024-10-14 18:15:50.603672 India: Same as last round
2024-10-14 18:15:50.604961 Papa: Uniform, sending you 4
2024-10-14 18:15:50.605771 Golf: Uniform, Quebec, Papa and Yankee, sending you 3
2024-10-14 18:15:50.606527 Victor: Echo and Romeo, sending you 2
2024-10-14 18:15:50.607752 Uniform: Papa and Golf, sending you 3
2024-10-14 18:15:50.608705 Quebec: Romeo, Papa, Golf and Yankee, sending you 3
2024-10-14 18:15:50.609718 Romeo: Quebec and Papa, sending you 2
2024-10-14 18:15:50.611504 Yankee: Uniform, Papa and Golf, sending you 3
2024-10-14 18:15:50.612507 Papa: Quebec, Romeo, Golf and Yankee, sending you 3
2024-10-14 18:15:50.613257 Golf: Romeo, sending you 2
2024-10-14 18:15:50.615344 Yankee: Quebec, sending you 4
2024-10-14 18:15:50.620668 Yankee: Romeo, sending you 2
chatterbot Echo submitting transactions
chatterbot Romeo submitting transactions
chatterbot Yankee submitting transactions
chatterbot Victor submitting transactions
chatterbot Papa submitting transactions
chatterbot X-ray submitting transactions
chatterbot Uniform submitting transactions
chatterbot India submitting transactions
chatterbot Quebec submitting transactions
chatterbot Golf submitting transactions
ChatterBot Victor round 10
ChatterBot X-ray round 10
ChatterBot Uniform round 10
ChatterBot Echo round 10
ChatterBot Quebec round 10
ChatterBot Romeo round 10
ChatterBot India round 10
ChatterBot Papa round 10
ChatterBot Golf round 10
ChatterBot Yankee round 10
2024-10-14 18:15:51.714179 X-ray: We should drop Golf
ChatterBot Victor reevaluating
2024-10-14 18:15:51.723286 Echo: Yes
2024-10-14 18:15:51.723538 Victor: Yes
2024-10-14 18:15:51.723756 India: Yes
ChatterBot Victor reevaluating
ChatterBot X-ray reevaluating
ChatterBot X-ray reevaluating
ChatterBot Victor reevaluating
ChatterBot X-ray reevaluating
2024-10-14 18:15:51.765685 Uniform: Quebec, Romeo and Yankee, sending you 2
2024-10-14 18:15:51.766752 Echo: Victor, sending you 2
2024-10-14 18:15:51.771963 Victor: Uniform we want you to join our group
2024-10-14 18:15:51.779940 Uniform: No
ChatterBot Victor reevaluating
ChatterBot X-ray reevaluating
2024-10-14 18:15:51.808286 Uniform: Papa and Golf, sending you 3
2024-10-14 18:15:51.809492 Echo: X-ray and India, sending you 3
2024-10-14 18:15:51.810815 Quebec: Uniform, sending you 2
2024-10-14 18:15:51.811848 India: Same as last round
2024-10-14 18:15:51.812510 Golf: Uniform, Quebec, Papa and Yankee, sending you 3
2024-10-14 18:15:51.815687 Quebec: Romeo, Papa, Golf and Yankee, sending you 3
2024-10-14 18:15:51.816905 Papa: Uniform, sending you 4
2024-10-14 18:15:51.817495 Romeo: Uniform, Golf and Yankee, sending you 1
2024-10-14 18:15:51.818406 Golf: Romeo, sending you 2
2024-10-14 18:15:51.819844 Yankee: Uniform, Papa and Golf, sending you 3
2024-10-14 18:15:51.820771 Papa: Quebec, Romeo, Golf and Yankee, sending you 3
2024-10-14 18:15:51.821755 Romeo: Quebec and Papa, sending you 2
2024-10-14 18:15:51.824678 Yankee: Quebec, sending you 4
2024-10-14 18:15:51.828705 Victor: X-ray, sending you 4
2024-10-14 18:15:51.830683 Yankee: Romeo, sending you 2
2024-10-14 18:15:51.833694 Victor: Echo and India, sending you 3
2024-10-14 18:15:51.846647 X-ray: Victor and Echo, sending you 5
2024-10-14 18:15:51.850668 X-ray: India, sending you 7
chatterbot Uniform submitting transactions
chatterbot Victor submitting transactions
chatterbot Papa submitting transactions
chatterbot Golf submitting transactions
chatterbot Yankee submitting transactions
chatterbot X-ray submitting transactions
chatterbot Quebec submitting transactions
chatterbot India submitting transactions
chatterbot Echo submitting transactions
chatterbot Romeo submitting transactions
ChatterBot Victor round 11
ChatterBot X-ray round 11
ChatterBot Uniform round 11
ChatterBot Echo round 11
ChatterBot Quebec round 11
ChatterBot Romeo round 11
ChatterBot India round 11
ChatterBot Papa round 11
ChatterBot Golf round 11
ChatterBot Yankee round 11
2024-10-14 18:15:52.977660 Echo: Victor, sending you 2
2024-10-14 18:15:52.979682 India: Victor, sending you 4
2024-10-14 18:15:52.981667 Echo: X-ray and India, sending you 3
2024-10-14 18:15:52.982432 Romeo: Uniform, Golf and Yankee, sending you 1
2024-10-14 18:15:52.983327 Victor: X-ray and India, sending you 4
2024-10-14 18:15:52.984660 India: X-ray, sending you 6
2024-10-14 18:15:52.986655 Victor: Echo, sending you 2
2024-10-14 18:15:52.987849 Romeo: Quebec and Papa, sending you 2
2024-10-14 18:15:52.988699 Papa: Uniform, sending you 4
2024-10-14 18:15:52.989492 India: Echo, sending you 5
2024-10-14 18:15:52.990674 Golf: Uniform, Quebec, Papa and Yankee, sending you 3
2024-10-14 18:15:52.991712 Quebec: Uniform, sending you 2
2024-10-14 18:15:52.992469 Papa: Quebec, Romeo, Golf and Yankee, sending you 3
2024-10-14 18:15:52.993702 X-ray: Victor and India, sending you 6
2024-10-14 18:15:52.994128 Uniform: Quebec, Romeo and Yankee, sending you 2
2024-10-14 18:15:52.994795 Golf: Romeo, sending you 2
2024-10-14 18:15:52.995678 Quebec: Romeo, Papa, Golf and Yankee, sending you 3
2024-10-14 18:15:52.996699 X-ray: Echo, sending you 5
2024-10-14 18:15:52.997676 Yankee: Uniform, Papa and Golf, sending you 3
2024-10-14 18:15:52.999692 Uniform: Papa and Golf, sending you 3
2024-10-14 18:15:53.000666 Yankee: Quebec, sending you 4
2024-10-14 18:15:53.003675 Yankee: Romeo, sending you 2
chatterbot Yankee submitting transactions
chatterbot X-ray submitting transactions
chatterbot Uniform submitting transactions
chatterbot Romeo submitting transactions
chatterbot Quebec submitting transactions
chatterbot India submitting transactions
chatterbot Echo submitting transactions
chatterbot Victor submitting transactions
chatterbot Papa submitting transactions
chatterbot Golf submitting transactions
ChatterBot Victor round 12
ChatterBot X-ray round 12
ChatterBot Uniform round 12
ChatterBot Echo round 12
ChatterBot Quebec round 12
ChatterBot Romeo round 12
2024-10-14 18:15:54.042666 Victor: We should replace Romeo with Uniform
ChatterBot X-ray reevaluating
2024-10-14 18:15:54.050622 Echo: No
2024-10-14 18:15:54.050777 X-ray: Yes
2024-10-14 18:15:54.050900 India: No
ChatterBot X-ray reevaluating
ChatterBot Victor reevaluating
ChatterBot Victor reevaluating
ChatterBot X-ray reevaluating
ChatterBot India round 12
ChatterBot Papa round 12
ChatterBot Golf round 12
ChatterBot Yankee round 12
2024-10-14 18:15:54.090691 Victor: Uniform we want you to join our group
ChatterBot Uniform reevaluating
2024-10-14 18:15:54.094496 Uniform: No
ChatterBot Victor reevaluating
2024-10-14 18:15:54.104051 Victor: We should replace Romeo with Yankee
ChatterBot X-ray reevaluating
2024-10-14 18:15:54.113329 Echo: No
2024-10-14 18:15:54.113522 X-ray: No
2024-10-14 18:15:54.113668 India: No
ChatterBot Victor reevaluating
ChatterBot X-ray reevaluating
ChatterBot Victor reevaluating
ChatterBot Victor reevaluating
ChatterBot X-ray reevaluating
2024-10-14 18:15:54.137357 Uniform: We should drop Romeo
2024-10-14 18:15:54.144362 Quebec: No
2024-10-14 18:15:54.144528 Papa: No
2024-10-14 18:15:54.144652 Golf: No
2024-10-14 18:15:54.144769 Yankee: No
ChatterBot Uniform reevaluating
ChatterBot Uniform reevaluating
ChatterBot Uniform reevaluating
ChatterBot Uniform reevaluating
2024-10-14 18:15:54.175688 Papa: Uniform, sending you 4
2024-10-14 18:15:54.176714 Romeo: Uniform, Golf and Yankee, sending you 1
2024-10-14 18:15:54.177295 Echo: Victor, sending you 2
2024-10-14 18:15:54.177758 Quebec: Uniform, sending you 2
2024-10-14 18:15:54.178445 X-ray: Yankee we want you to join our group
2024-10-14 18:15:54.181001 Yankee: No
ChatterBot X-ray reevaluating
ChatterBot Victor reevaluating
2024-10-14 18:15:54.189151 Papa: Quebec, Romeo, Golf and Yankee, sending you 3
2024-10-14 18:15:54.190213 Romeo: Quebec and Papa, sending you 2
2024-10-14 18:15:54.190826 Echo: X-ray and India, sending you 3
2024-10-14 18:15:54.191233 Quebec: Romeo, Papa, Golf and Yankee, sending you 3
2024-10-14 18:15:54.191811 India: Sending you each 5
2024-10-14 18:15:54.194081 Yankee: Uniform, Papa and Golf, sending you 3
2024-10-14 18:15:54.194888 Golf: Uniform, Quebec, Papa and Yankee, sending you 3
2024-10-14 18:15:54.197670 Yankee: Quebec, sending you 4
2024-10-14 18:15:54.198699 Golf: Romeo, sending you 2
2024-10-14 18:15:54.202675 Yankee: Romeo, sending you 2
2024-10-14 18:15:54.213668 X-ray: Victor and India, sending you 6
2024-10-14 18:15:54.214182 Victor: X-ray, sending you 4
2024-10-14 18:15:54.214719 Uniform: Quebec, Romeo and Yankee, sending you 2
2024-10-14 18:15:54.216658 Victor: Echo and India, sending you 3
2024-10-14 18:15:54.218672 X-ray: Echo, sending you 5
2024-10-14 18:15:54.220040 Uniform: Papa and Golf, sending you 3
chatterbot India submitting transactions
chatterbot Echo submitting transactions
chatterbot X-ray submitting transactions
chatterbot Golf submitting transactions
chatterbot Papa submitting transactions
chatterbot Yankee submitting transactions
chatterbot Uniform submitting transactions
chatterbot Victor submitting transactions
chatterbot Quebec submitting transactions
chatterbot Romeo submitting transactions
ChatterBot Victor round 13
ChatterBot X-ray round 13
ChatterBot Uniform round 13
ChatterBot Echo round 13
ChatterBot Quebec round 13
ChatterBot Romeo round 13
ChatterBot India round 13
ChatterBot Papa round 13
ChatterBot Golf round 13
ChatterBot Yankee round 13
2024-10-14 18:15:55.305756 Victor: We should replace Romeo with Yankee
2024-10-14 18:15:55.313972 Echo: No
2024-10-14 18:15:55.314159 X-ray: No
2024-10-14 18:15:55.314312 India: No
ChatterBot Victor reevaluating
ChatterBot Victor reevaluating
ChatterBot Victor reevaluating
2024-10-14 18:15:55.359686 Uniform: Quebec, Romeo and Yankee, sending you 2
2024-10-14 18:15:55.361284 Golf: Uniform, Quebec, Papa and Yankee, sending you 3
2024-10-14 18:15:55.365675 Uniform: Papa and Golf, sending you 3
2024-10-14 18:15:55.366576 Golf: Romeo, sending you 2
2024-10-14 18:15:55.367813 India: Same as last round
2024-10-14 18:15:55.368636 Yankee: Uniform, Papa and Golf, sending you 3
2024-10-14 18:15:55.369621 Victor: X-ray, sending you 4
2024-10-14 18:15:55.370062 Romeo: Uniform, Golf and Yankee, sending you 1
2024-10-14 18:15:55.370748 Echo: Victor, sending you 2
2024-10-14 18:15:55.372109 Yankee: Quebec, sending you 4
2024-10-14 18:15:55.373005 Papa: Uniform, sending you 4
2024-10-14 18:15:55.373847 Quebec: Uniform, sending you 2
2024-10-14 18:15:55.374546 X-ray: Victor and India, sending you 6
2024-10-14 18:15:55.375080 Romeo: Quebec and Papa, sending you 2
2024-10-14 18:15:55.376487 Victor: Echo and India, sending you 3
2024-10-14 18:15:55.376925 Echo: X-ray and India, sending you 3
2024-10-14 18:15:55.377665 Yankee: Romeo, sending you 2
2024-10-14 18:15:55.378786 Quebec: Romeo, Papa, Golf and Yankee, sending you 3
2024-10-14 18:15:55.380473 X-ray: Echo, sending you 5
2024-10-14 18:15:55.381202 Papa: Quebec, Romeo, Golf and Yankee, sending you 3
chatterbot Uniform submitting transactions
chatterbot X-ray submitting transactions
chatterbot India submitting transactions
chatterbot Golf submitting transactions
chatterbot Quebec submitting transactions
chatterbot Romeo submitting transactions
chatterbot Victor submitting transactions
chatterbot Echo submitting transactions
chatterbot Papa submitting transactions
chatterbot Yankee submitting transactions
ChatterBot Victor round 14
ChatterBot X-ray round 14
ChatterBot Uniform round 14
ChatterBot Echo round 14
