ChatterBot Whiskey round 1
ChatterBot Golf round 1
ChatterBot Yankee round 1
ChatterBot Sierra round 1
ChatterBot Mike round 1
ChatterBot Kilo round 1
ChatterBot India round 1
ChatterBot Hotel round 1
ChatterBot Oscar round 1
randomSelections Kilo: {Kilo, India, Hotel, Oscar, Golf, Yankee} 
2024-10-14 22:32:16.241562 Kilo: Friends?
ChatterBot India reevaluating
ChatterBot Hotel reevaluating
ChatterBot Oscar reevaluating
ChatterBot Golf reevaluating
ChatterBot Yankee reevaluating
2024-10-14 22:32:16.261868 India: Yes
2024-10-14 22:32:16.262058 Hotel: Yes
2024-10-14 22:32:16.263323 Oscar: Yes
2024-10-14 22:32:16.263417 Golf: Yes
2024-10-14 22:32:16.263525 Yankee: Yes
ChatterBot Hotel reevaluating
ChatterBot Oscar reevaluating
ChatterBot Golf reevaluating
ChatterBot Yankee reevaluating
ChatterBot India reevaluating
ChatterBot Oscar reevaluating
ChatterBot Golf reevaluating
ChatterBot Yankee reevaluating
ChatterBot India reevaluating
ChatterBot Hotel reevaluating
ChatterBot Golf reevaluating
ChatterBot Yankee reevaluating
ChatterBot India reevaluating
ChatterBot Hotel reevaluating
ChatterBot Oscar reevaluating
ChatterBot Yankee reevaluating
ChatterBot India reevaluating
ChatterBot Hotel reevaluating
ChatterBot Oscar reevaluating
ChatterBot Golf reevaluating
ChatterBot Uniform round 1
randomSelections Whiskey: {Whiskey, Kilo, Golf} 
2024-10-14 22:32:16.308771 Whiskey: We would work well together
ChatterBot Golf reevaluating
2024-10-14 22:32:16.311966 Kilo: No
2024-10-14 22:32:16.312636 Golf: No
ChatterBot Golf reevaluating
randomSelections Mike: {Mike, Whiskey, Golf, Hotel, Sierra, India} 
2024-10-14 22:32:16.321289 Mike: We should group up
ChatterBot Golf reevaluating
ChatterBot Hotel reevaluating
ChatterBot Sierra reevaluating
ChatterBot India reevaluating
2024-10-14 22:32:16.330005 Whiskey: No
2024-10-14 22:32:16.330206 Golf: No
2024-10-14 22:32:16.330352 Hotel: No
2024-10-14 22:32:16.330504 Sierra: Yes
2024-10-14 22:32:16.330646 India: No
ChatterBot Golf reevaluating
ChatterBot Hotel reevaluating
ChatterBot Sierra reevaluating
ChatterBot India reevaluating
ChatterBot Hotel reevaluating
ChatterBot Sierra reevaluating
ChatterBot India reevaluating
ChatterBot Golf reevaluating
ChatterBot Sierra reevaluating
ChatterBot India reevaluating
ChatterBot Golf reevaluating
ChatterBot Hotel reevaluating
ChatterBot India reevaluating
ChatterBot Golf reevaluating
ChatterBot Hotel reevaluating
ChatterBot Sierra reevaluating
randomSelections Uniform: {Uniform, Golf, Oscar, Whiskey, Kilo, Sierra} 
2024-10-14 22:32:16.374201 Uniform: Group up?
ChatterBot Sierra reevaluating
2024-10-14 22:32:16.380809 Golf: No
2024-10-14 22:32:16.380950 Oscar: No
2024-10-14 22:32:16.381077 Whiskey: No
2024-10-14 22:32:16.381206 Kilo: No
2024-10-14 22:32:16.381351 Sierra: No
ChatterBot Sierra reevaluating
ChatterBot Sierra reevaluating
ChatterBot Sierra reevaluating
ChatterBot Sierra reevaluating
2024-10-14 22:32:16.419414 Kilo: Golf and India, sending you 3
2024-10-14 22:32:16.422901 Oscar: Yankee and Kilo, sending you 3
2024-10-14 22:32:16.423709 Kilo: Yankee and Hotel, sending you 4
2024-10-14 22:32:16.426283 Mike: Whiskey, sending you 5
2024-10-14 22:32:16.426648 India: Golf, sending you 2
2024-10-14 22:32:16.426991 Hotel: Golf and India, sending you 4
2024-10-14 22:32:16.429896 Oscar: India, sending you 5
2024-10-14 22:32:16.430328 Golf: Yankee, Kilo and Oscar, sending you 4
2024-10-14 22:32:16.430671 Yankee: Golf, Kilo and Hotel, sending you 4
2024-10-14 22:32:16.431690 Kilo: Oscar, sending you 1
2024-10-14 22:32:16.432007 Mike: Golf, sending you 2
2024-10-14 22:32:16.432321 India: Yankee, sending you 4
2024-10-14 22:32:16.432628 Whiskey: Golf, sending you 5
2024-10-14 22:32:16.433473 Hotel: Yankee, sending you 2
2024-10-14 22:32:16.433865 Uniform: Whiskey, sending you 3
2024-10-14 22:32:16.434230 Oscar: Hotel, sending you 4
2024-10-14 22:32:16.435255 Golf: India, sending you 1
2024-10-14 22:32:16.435563 Mike: Sierra and Hotel, sending you 4
2024-10-14 22:32:16.435858 India: Kilo, Hotel and Oscar, sending you 1
2024-10-14 22:32:16.436190 Whiskey: Kilo, sending you 10
2024-10-14 22:32:16.437127 Yankee: India and Oscar, sending you 2
2024-10-14 22:32:16.437449 Hotel: Kilo, sending you 1
2024-10-14 22:32:16.437764 Uniform: Golf, sending you 2
2024-10-14 22:32:16.438734 Golf: Hotel, sending you 2
2024-10-14 22:32:16.439145 Mike: India, sending you 3
2024-10-14 22:32:16.441820 Hotel: Oscar, sending you 3
2024-10-14 22:32:16.442168 Uniform: Sierra, sending you 4
2024-10-14 22:32:16.446995 Sierra: Whiskey, Mike and Hotel, sending you 4
2024-10-14 22:32:16.447456 Uniform: Kilo, sending you 8
2024-10-14 22:32:16.450489 Sierra: Golf, sending you 3
2024-10-14 22:32:16.451522 Uniform: Oscar, sending you 1
2024-10-14 22:32:16.457911 Sierra: India, sending you 2
chatterbot Uniform submitting transactions
chatterbot Oscar submitting transactions
chatterbot Hotel submitting transactions
chatterbot Mike submitting transactions
chatterbot Sierra submitting transactions
chatterbot Yankee submitting transactions
chatterbot Golf submitting transactions
chatterbot India submitting transactions
chatterbot Whiskey submitting transactions
chatterbot Kilo submitting transactions
ChatterBot Whiskey round 2
ChatterBot Golf round 2
ChatterBot Yankee round 2
ChatterBot Sierra round 2
ChatterBot Mike round 2
ChatterBot Kilo round 2
ChatterBot India round 2
ChatterBot Hotel round 2
2024-10-14 22:32:17.370553 Sierra: Friends?
ChatterBot Whiskey reevaluating
ChatterBot Mike reevaluating
ChatterBot Uniform reevaluating
2024-10-14 22:32:17.384655 Whiskey: Yes
2024-10-14 22:32:17.384856 Mike: No
2024-10-14 22:32:17.384992 Uniform: No
ChatterBot Mike reevaluating
ChatterBot Uniform reevaluating
ChatterBot Whiskey reevaluating
ChatterBot Uniform reevaluating
ChatterBot Whiskey reevaluating
ChatterBot Mike reevaluating
2024-10-14 22:32:17.419235 Mike: Let's form a team
ChatterBot Whiskey reevaluating
ChatterBot Uniform reevaluating
2024-10-14 22:32:17.430290 Whiskey: Yes
2024-10-14 22:32:17.430425 Uniform: No
2024-10-14 22:32:17.430518 Sierra: Yes
ChatterBot Mike reevaluating
ChatterBot Uniform reevaluating
ChatterBot Whiskey reevaluating
ChatterBot Mike reevaluating
ChatterBot Whiskey reevaluating
ChatterBot Mike reevaluating
ChatterBot Uniform reevaluating
ChatterBot Oscar round 2
ChatterBot Uniform round 2
2024-10-14 22:32:17.467646 Yankee: We would work well together
ChatterBot Kilo reevaluating
ChatterBot India reevaluating
ChatterBot Oscar reevaluating
ChatterBot Whiskey reevaluating
ChatterBot Mike reevaluating
ChatterBot Uniform reevaluating
2024-10-14 22:32:17.484289 Golf: No
2024-10-14 22:32:17.484453 Kilo: No
2024-10-14 22:32:17.484567 India: No
2024-10-14 22:32:17.484684 Hotel: No
2024-10-14 22:32:17.484794 Oscar: No
2024-10-14 22:32:17.484903 Whiskey: No
2024-10-14 22:32:17.484995 Sierra: No
2024-10-14 22:32:17.485101 Mike: Yes
2024-10-14 22:32:17.485191 Uniform: No
ChatterBot Kilo reevaluating
ChatterBot India reevaluating
ChatterBot Oscar reevaluating
ChatterBot Whiskey reevaluating
ChatterBot Mike reevaluating
ChatterBot Uniform reevaluating
ChatterBot India reevaluating
ChatterBot Oscar reevaluating
ChatterBot Whiskey reevaluating
ChatterBot Mike reevaluating
ChatterBot Uniform reevaluating
ChatterBot Kilo reevaluating
ChatterBot Oscar reevaluating
ChatterBot Whiskey reevaluating
ChatterBot Mike reevaluating
ChatterBot Uniform reevaluating
ChatterBot Yankee reevaluating
ChatterBot Kilo reevaluating
ChatterBot India reevaluating
ChatterBot Oscar reevaluating
ChatterBot Whiskey reevaluating
ChatterBot Mike reevaluating
ChatterBot Uniform reevaluating
ChatterBot Yankee reevaluating
ChatterBot Kilo reevaluating
ChatterBot India reevaluating
ChatterBot Whiskey reevaluating
ChatterBot Mike reevaluating
ChatterBot Uniform reevaluating
ChatterBot Yankee reevaluating
ChatterBot Kilo reevaluating
ChatterBot India reevaluating
ChatterBot Oscar reevaluating
ChatterBot Mike reevaluating
ChatterBot Uniform reevaluating
ChatterBot Yankee reevaluating
ChatterBot Kilo reevaluating
ChatterBot India reevaluating
ChatterBot Oscar reevaluating
ChatterBot Whiskey reevaluating
ChatterBot Mike reevaluating
ChatterBot Uniform reevaluating
ChatterBot Yankee reevaluating
ChatterBot Kilo reevaluating
ChatterBot India reevaluating
ChatterBot Oscar reevaluating
ChatterBot Whiskey reevaluating
ChatterBot Uniform reevaluating
ChatterBot Yankee reevaluating
ChatterBot Kilo reevaluating
ChatterBot India reevaluating
ChatterBot Oscar reevaluating
ChatterBot Whiskey reevaluating
ChatterBot Mike reevaluating
2024-10-14 22:32:17.856511 Kilo: We should add Uniform
2024-10-14 22:32:17.857726 Oscar: We should add Uniform
ChatterBot India reevaluating
ChatterBot Oscar reevaluating
ChatterBot Yankee reevaluating
ChatterBot Kilo reevaluating
2024-10-14 22:32:17.887867 India: No
ChatterBot India reevaluating
2024-10-14 22:32:17.894235 Hotel: No
2024-10-14 22:32:17.899938 Oscar: Yes
2024-10-14 22:32:17.900272 Golf: No
2024-10-14 22:32:17.904233 Yankee: Yes
ChatterBot Yankee reevaluating
2024-10-14 22:32:17.909943 Kilo: Yes
2024-10-14 22:32:17.910623 India: No
2024-10-14 22:32:17.910792 Hotel: No
2024-10-14 22:32:17.910986 Golf: No
2024-10-14 22:32:17.911127 Yankee: Yes
ChatterBot Kilo reevaluating
ChatterBot Oscar reevaluating
ChatterBot Yankee reevaluating
ChatterBot Kilo reevaluating
ChatterBot India reevaluating
ChatterBot Oscar reevaluating
ChatterBot Yankee reevaluating
ChatterBot Kilo reevaluating
ChatterBot India reevaluating
ChatterBot Yankee reevaluating
ChatterBot Kilo reevaluating
ChatterBot India reevaluating
ChatterBot Oscar reevaluating
ChatterBot Yankee reevaluating
ChatterBot Kilo reevaluating
ChatterBot India reevaluating
ChatterBot Oscar reevaluating
ChatterBot India reevaluating
ChatterBot Oscar reevaluating
ChatterBot Yankee reevaluating
ChatterBot Kilo reevaluating
ChatterBot Oscar reevaluating
ChatterBot Yankee reevaluating
ChatterBot Kilo reevaluating
ChatterBot India reevaluating
ChatterBot Oscar reevaluating
ChatterBot Yankee reevaluating
ChatterBot Kilo reevaluating
ChatterBot India reevaluating
ChatterBot Oscar reevaluating
ChatterBot Yankee reevaluating
ChatterBot Kilo reevaluating
ChatterBot India reevaluating
ChatterBot Oscar reevaluating
2024-10-14 22:32:18.166323 Golf: We should drop India
ChatterBot Yankee reevaluating
ChatterBot Kilo reevaluating
ChatterBot Oscar reevaluating
2024-10-14 22:32:18.180065 Yankee: No
2024-10-14 22:32:18.180750 Kilo: No
2024-10-14 22:32:18.180921 Hotel: No
2024-10-14 22:32:18.181069 Oscar: No
ChatterBot Kilo reevaluating
ChatterBot Oscar reevaluating
ChatterBot Yankee reevaluating
ChatterBot Oscar reevaluating
ChatterBot Yankee reevaluating
ChatterBot Kilo reevaluating
ChatterBot Oscar reevaluating
ChatterBot Yankee reevaluating
ChatterBot Kilo reevaluating
2024-10-14 22:32:18.468355 Oscar: Uniform we want you to join our group
ChatterBot Uniform reevaluating
2024-10-14 22:32:18.471927 Uniform: No
ChatterBot Yankee reevaluating
2024-10-14 22:32:18.490064 Kilo: Uniform we want you to join our group
ChatterBot Uniform reevaluating
2024-10-14 22:32:18.494797 Uniform: Yes
ChatterBot Yankee reevaluating
ChatterBot India reevaluating
ChatterBot Hotel reevaluating
2024-10-14 22:32:18.515932 Sierra: Mike and Uniform, sending you 4
2024-10-14 22:32:18.516264 Mike: Whiskey and Uniform, sending you 1
2024-10-14 22:32:19.130358 Whiskey: Sierra, sending you 5
2024-10-14 22:32:19.130772 Mike: Sierra, sending you 16
2024-10-14 22:32:19.131880 Hotel: Uniform we want you to join our group
ChatterBot Uniform reevaluating
2024-10-14 22:32:19.136432 Uniform: Yes
ChatterBot Yankee reevaluating
ChatterBot India reevaluating
ChatterBot Hotel reevaluating
2024-10-14 22:32:19.155260 Uniform: Let's form a team
ChatterBot Yankee reevaluating
ChatterBot India reevaluating
ChatterBot Hotel reevaluating
2024-10-14 22:32:19.175322 Oscar: Yes
2024-10-14 22:32:19.175954 Golf: No
2024-10-14 22:32:19.176221 Yankee: Yes
2024-10-14 22:32:19.176429 Kilo: Yes
2024-10-14 22:32:19.176657 India: Yes
2024-10-14 22:32:19.176861 Hotel: Yes
ChatterBot Yankee reevaluating
ChatterBot India reevaluating
ChatterBot Hotel reevaluating
ChatterBot Uniform reevaluating
ChatterBot Yankee reevaluating
ChatterBot India reevaluating
ChatterBot Hotel reevaluating
ChatterBot Uniform reevaluating
ChatterBot India reevaluating
ChatterBot Hotel reevaluating
ChatterBot Uniform reevaluating
ChatterBot Yankee reevaluating
ChatterBot India reevaluating
ChatterBot Hotel reevaluating
ChatterBot Uniform reevaluating
ChatterBot Yankee reevaluating
ChatterBot Hotel reevaluating
ChatterBot Uniform reevaluating
ChatterBot Yankee reevaluating
ChatterBot India reevaluating
ChatterBot Uniform reevaluating
2024-10-14 22:32:19.306723 Golf: Yankee and Hotel, sending you 5
chatterbot Golf submitting transactions
chatterbot Oscar submitting transactions
chatterbot Hotel submitting transactions
chatterbot Whiskey submitting transactions
chatterbot Sierra submitting transactions
2024-10-14 22:32:19.309797 Whiskey: Mike, sending you 6
chatterbot Mike submitting transactions
2024-10-14 22:32:19.311329 Golf: Kilo, sending you 4
2024-10-14 22:32:19.312923 Kilo: Golf, Yankee and Oscar, sending you 3
2024-10-14 22:32:19.314428 Yankee: Uniform we want you to join our group
ChatterBot Uniform reevaluating
2024-10-14 22:32:19.319195 Uniform: Yes
ChatterBot Yankee reevaluating
ChatterBot India reevaluating
ChatterBot Hotel reevaluating
2024-10-14 22:32:19.340062 Oscar: Golf, sending you 4
2024-10-14 22:32:19.341019 Whiskey: Uniform, sending you 4
2024-10-14 22:32:19.341357 Kilo: India and Hotel, sending you 1
2024-10-14 22:32:19.341720 Golf: Oscar, sending you 1
2024-10-14 22:32:19.634702 Oscar: Yankee, Kilo, India and Uniform, sending you 2
2024-10-14 22:32:19.635278 Kilo: Uniform, sending you 2
2024-10-14 22:32:19.636081 India: Uniform we want you to join our group
ChatterBot Uniform reevaluating
2024-10-14 22:32:19.639734 Uniform: Yes
chatterbot Kilo submitting transactions
2024-10-14 22:32:19.657011 Oscar: Hotel, sending you 3
2024-10-14 22:32:19.774732 India: Golf and Uniform, sending you 1
2024-10-14 22:32:19.795448 India: Yankee, sending you 2
2024-10-14 22:32:19.796084 Uniform: Sending you each 3
2024-10-14 22:32:19.797050 Hotel: Golf, sending you 2
2024-10-14 22:32:19.797443 Yankee: Golf, Kilo and India, sending you 4
2024-10-14 22:32:19.819793 India: Kilo, sending you 3
2024-10-14 22:32:19.820303 Yankee: Hotel, sending you 1
2024-10-14 22:32:19.821246 Hotel: Yankee and Oscar, sending you 3
2024-10-14 22:32:19.836996 Yankee: Oscar, sending you 3
2024-10-14 22:32:19.838005 India: Hotel, sending you 4
2024-10-14 22:32:19.838596 Hotel: Kilo, sending you 4
2024-10-14 22:32:19.848010 Hotel: India, sending you 1
2024-10-14 22:32:19.849241 India: Oscar, sending you 5
chatterbot Uniform submitting transactions
chatterbot India submitting transactions
chatterbot Hotel submitting transactions
chatterbot Yankee submitting transactions
ChatterBot Whiskey round 3
ChatterBot Golf round 3
ChatterBot Yankee round 3
ChatterBot Sierra round 3
ChatterBot Mike round 3
ChatterBot Kilo round 3
ChatterBot India round 3
ChatterBot Hotel round 3
ChatterBot Oscar round 3
ChatterBot Uniform round 3
2024-10-14 22:32:20.678339 Yankee: Golf, sending you 5
2024-10-14 22:32:20.691626 India: Yankee and Oscar, sending you 4
2024-10-14 22:32:20.692622 Golf: Yankee, Kilo and Hotel, sending you 4
2024-10-14 22:32:20.692984 Sierra: Whiskey and Mike, sending you 3
2024-10-14 22:32:20.693830 Kilo: Golf, Yankee and Hotel, sending you 3
2024-10-14 22:32:20.694283 Whiskey: Sierra, sending you 5
2024-10-14 22:32:20.695009 Yankee: Kilo and India, sending you 3
2024-10-14 22:32:20.695422 Mike: Whiskey, sending you 8
2024-10-14 22:32:20.695762 India: Kilo and Hotel, sending you 3
2024-10-14 22:32:20.696676 Golf: Oscar, sending you 3
2024-10-14 22:32:20.704206 Whiskey: Mike, sending you 6
2024-10-14 22:32:20.704534 Sierra: Uniform, sending you 2
2024-10-14 22:32:20.704826 Kilo: India, sending you 1
2024-10-14 22:32:20.705697 Mike: Sierra, sending you 9
2024-10-14 22:32:20.706025 Yankee: Hotel and Oscar, sending you 2
2024-10-14 22:32:20.706461 Oscar: Golf, Yankee, Kilo and Uniform, sending you 2
2024-10-14 22:32:20.707432 Uniform: Whiskey and Sierra, sending you 5
2024-10-14 22:32:20.707844 India: Uniform, sending you 2
2024-10-14 22:32:20.708767 Whiskey: Uniform, sending you 4
2024-10-14 22:32:20.709081 Hotel: Golf, sending you 4
2024-10-14 22:32:20.721093 Kilo: Oscar and Uniform, sending you 2
2024-10-14 22:32:20.722569 Oscar: India, sending you 4
2024-10-14 22:32:20.723197 Mike: Uniform, sending you 1
2024-10-14 22:32:20.724072 Yankee: Uniform, sending you 1
2024-10-14 22:32:20.724833 Uniform: Mike, sending you 1
2024-10-14 22:32:20.725861 Hotel: Yankee and Kilo, sending you 2
2024-10-14 22:32:20.726974 Oscar: Hotel, sending you 3
2024-10-14 22:32:21.552871 Uniform: Kilo, sending you 3
2024-10-14 22:32:21.554240 Hotel: India and Oscar, sending you 3
2024-10-14 22:32:21.815111 Hotel: Uniform, sending you 1
2024-10-14 22:32:21.816813 Uniform: India and Oscar, sending you 2
chatterbot Sierra submitting transactions
chatterbot Yankee submitting transactions
chatterbot Whiskey submitting transactions
chatterbot Hotel submitting transactions
chatterbot Golf submitting transactions
chatterbot Uniform submitting transactions
chatterbot Kilo submitting transactions
chatterbot Oscar submitting transactions
chatterbot India submitting transactions
chatterbot Mike submitting transactions
ChatterBot Whiskey round 4
ChatterBot Golf round 4
ChatterBot Yankee round 4
ChatterBot Sierra round 4
ChatterBot Mike round 4
ChatterBot Kilo round 4
ChatterBot India round 4
ChatterBot Hotel round 4
ChatterBot Oscar round 4
ChatterBot Uniform round 4
2024-10-14 22:32:22.542693 Sierra: Sending you each 3
2024-10-14 22:32:22.543709 Golf: Yankee, Kilo and Hotel, sending you 4
2024-10-14 22:32:22.544666 Whiskey: Sierra, sending you 4
2024-10-14 22:32:22.547672 Mike: Whiskey and Sierra, sending you 8
2024-10-14 22:32:22.548156 Whiskey: Mike, sending you 6
2024-10-14 22:32:22.548674 Golf: Oscar, sending you 3
2024-10-14 22:32:22.549696 Yankee: Golf and Kilo, sending you 4
2024-10-14 22:32:22.550766 Mike: Uniform, sending you 2
2024-10-14 22:32:22.551091 Whiskey: Uniform, sending you 5
2024-10-14 22:32:22.552675 Hotel: Golf, sending you 4
2024-10-14 22:32:22.553162 Oscar: Golf, India and Hotel, sending you 3
2024-10-14 22:32:22.554148 Yankee: India, sending you 3
2024-10-14 22:32:22.556676 Hotel: Yankee, sending you 2
2024-10-14 22:32:22.557547 Yankee: Hotel and Oscar, sending you 2
2024-10-14 22:32:22.558021 Uniform: Whiskey, sending you 5
2024-10-14 22:32:22.558692 Oscar: Yankee, Kilo and Uniform, sending you 2
2024-10-14 22:32:22.559318 Kilo: Golf, Yankee and Hotel, sending you 3
2024-10-14 22:32:22.560929 Hotel: Kilo, India and Oscar, sending you 3
2024-10-14 22:32:22.561703 Uniform: Yankee, Mike and Hotel, sending you 1
2024-10-14 22:32:22.562651 Yankee: Uniform, sending you 1
2024-10-14 22:32:22.563172 Kilo: India, Oscar and Uniform, sending you 2
2024-10-14 22:32:22.564684 India: Golf, sending you 1
2024-10-14 22:32:22.566672 Uniform: Sierra and Kilo, sending you 3
2024-10-14 22:32:22.568651 India: Yankee and Oscar, sending you 4
2024-10-14 22:32:22.571673 Uniform: India and Oscar, sending you 2
2024-10-14 22:32:22.573684 India: Kilo and Uniform, sending you 2
2024-10-14 22:32:22.576674 India: Hotel, sending you 3
chatterbot Golf submitting transactions
chatterbot Uniform submitting transactions
chatterbot India submitting transactions
chatterbot Sierra submitting transactions
chatterbot Yankee submitting transactions
chatterbot Hotel submitting transactions
chatterbot Whiskey submitting transactions
chatterbot Mike submitting transactions
chatterbot Oscar submitting transactions
chatterbot Kilo submitting transactions
ChatterBot Whiskey round 5
ChatterBot Golf round 5
ChatterBot Yankee round 5
ChatterBot Sierra round 5
ChatterBot Mike round 5
ChatterBot Kilo round 5
ChatterBot India round 5
ChatterBot Hotel round 5
ChatterBot Oscar round 5
ChatterBot Uniform round 5
2024-10-14 22:32:23.770831 Hotel: We should drop Uniform
2024-10-14 22:32:23.781740 Kilo: No
2024-10-14 22:32:23.781924 India: No
2024-10-14 22:32:23.782065 Oscar: No
2024-10-14 22:32:23.782201 Golf: Yes
2024-10-14 22:32:23.782347 Yankee: No
ChatterBot Hotel reevaluating
ChatterBot Hotel reevaluating
ChatterBot Hotel reevaluating
ChatterBot Hotel reevaluating
ChatterBot Hotel reevaluating
2024-10-14 22:32:23.831140 Yankee: Golf, sending you 5
2024-10-14 22:32:23.834669 Kilo: Golf, Yankee, Hotel and Uniform, sending you 3
2024-10-14 22:32:23.835332 Whiskey: Sierra, sending you 4
2024-10-14 22:32:23.835684 Mike: Whiskey, sending you 9
2024-10-14 22:32:23.836025 Sierra: Same as last round
2024-10-14 22:32:23.836700 Yankee: Kilo and India, sending you 3
2024-10-14 22:32:23.837230 Golf: Yankee, Kilo and Hotel, sending you 4
2024-10-14 22:32:23.837534 India: Golf, sending you 1
2024-10-14 22:32:23.838662 Whiskey: Mike, sending you 6
2024-10-14 22:32:23.839669 Kilo: India and Oscar, sending you 2
2024-10-14 22:32:23.840655 Mike: Sierra, sending you 7
2024-10-14 22:32:23.840951 Yankee: Hotel and Oscar, sending you 2
2024-10-14 22:32:23.841434 Golf: Oscar, sending you 3
2024-10-14 22:32:23.841775 India: Yankee and Oscar, sending you 4
2024-10-14 22:32:23.843670 Whiskey: Uniform, sending you 5
2024-10-14 22:32:23.844663 Uniform: Whiskey, sending you 5
2024-10-14 22:32:23.845652 Mike: Uniform, sending you 2
2024-10-14 22:32:23.845954 Yankee: Uniform, sending you 1
2024-10-14 22:32:23.846704 India: Kilo and Uniform, sending you 2
2024-10-14 22:32:23.849676 Uniform: Yankee, Mike and Hotel, sending you 1
2024-10-14 22:32:23.850155 Oscar: Golf, India and Hotel, sending you 3
2024-10-14 22:32:23.850682 India: Hotel, sending you 3
2024-10-14 22:32:23.853974 Uniform: Sierra and Kilo, sending you 3
2024-10-14 22:32:23.854549 Oscar: Yankee, Kilo and Uniform, sending you 2
2024-10-14 22:32:23.856688 Uniform: India and Oscar, sending you 2
2024-10-14 22:32:23.859679 Hotel: Golf, sending you 4
2024-10-14 22:32:23.864655 Hotel: Yankee, sending you 2
2024-10-14 22:32:23.869009 Hotel: Kilo, India and Oscar, sending you 3
chatterbot Whiskey submitting transactions
chatterbot Uniform submitting transactions
chatterbot Kilo submitting transactions
chatterbot Mike submitting transactions
chatterbot Yankee submitting transactions
chatterbot Golf submitting transactions
chatterbot India submitting transactions
chatterbot Hotel submitting transactions
chatterbot Oscar submitting transactions
chatterbot Sierra submitting transactions
ChatterBot Whiskey round 6
ChatterBot Golf round 6
ChatterBot Yankee round 6
ChatterBot Sierra round 6
ChatterBot Mike round 6
ChatterBot Kilo round 6
ChatterBot India round 6
ChatterBot Hotel round 6
ChatterBot Oscar round 6
ChatterBot Uniform round 6
2024-10-14 22:32:25.028689 Kilo: Golf, sending you 4
2024-10-14 22:32:25.029497 Sierra: Whiskey and Mike, sending you 3
2024-10-14 22:32:25.031667 Golf: Yankee, Kilo and Hotel, sending you 4
2024-10-14 22:32:25.032282 Kilo: Yankee, Hotel and Uniform, sending you 3
2024-10-14 22:32:25.033684 Uniform: Whiskey, sending you 5
2024-10-14 22:32:25.034719 Sierra: Uniform, sending you 4
2024-10-14 22:32:25.035175 Golf: Oscar, sending you 3
2024-10-14 22:32:25.036154 Mike: Whiskey, sending you 9
2024-10-14 22:32:25.036523 Kilo: India and Oscar, sending you 2
2024-10-14 22:32:25.037229 Whiskey: Sierra, sending you 4
2024-10-14 22:32:25.037681 Yankee: Golf, sending you 5
2024-10-14 22:32:25.038768 Hotel: Golf, sending you 4
2024-10-14 22:32:25.039414 Uniform: Yankee, Mike and Hotel, sending you 1
2024-10-14 22:32:25.039906 India: Yankee and Oscar, sending you 4
2024-10-14 22:32:25.040462 Oscar: Golf, India and Hotel, sending you 3
2024-10-14 22:32:25.041456 Mike: Sierra, sending you 7
2024-10-14 22:32:25.041954 Whiskey: Mike, sending you 6
2024-10-14 22:32:25.042692 Uniform: Sierra and Kilo, sending you 3
2024-10-14 22:32:25.043334 India: Kilo and Hotel, sending you 3
2024-10-14 22:32:25.044485 Yankee: Kilo and India, sending you 3
2024-10-14 22:32:25.045089 Hotel: Yankee, sending you 2
2024-10-14 22:32:25.045692 Oscar: Yankee, Kilo and Uniform, sending you 2
2024-10-14 22:32:25.046421 Whiskey: Uniform, sending you 5
2024-10-14 22:32:25.047323 Mike: Uniform, sending you 2
2024-10-14 22:32:25.047660 Uniform: India and Oscar, sending you 2
2024-10-14 22:32:25.048758 India: Uniform, sending you 2
2024-10-14 22:32:25.049527 Hotel: Kilo, India and Oscar, sending you 3
2024-10-14 22:32:25.050272 Yankee: Hotel and Oscar, sending you 2
2024-10-14 22:32:25.055679 Yankee: Uniform, sending you 1
chatterbot Yankee submitting transactions
chatterbot Kilo submitting transactions
chatterbot Whiskey submitting transactions
chatterbot Oscar submitting transactions
chatterbot Sierra submitting transactions
chatterbot Golf submitting transactions
chatterbot Mike submitting transactions
chatterbot India submitting transactions
chatterbot Hotel submitting transactions
chatterbot Uniform submitting transactions
ChatterBot Whiskey round 7
ChatterBot Golf round 7
ChatterBot Yankee round 7
ChatterBot Sierra round 7
ChatterBot Mike round 7
ChatterBot Kilo round 7
ChatterBot India round 7
ChatterBot Hotel round 7
ChatterBot Oscar round 7
ChatterBot Uniform round 7
2024-10-14 22:32:26.296146 India: We should drop Uniform
ChatterBot Oscar reevaluating
2024-10-14 22:32:26.311866 Kilo: No
2024-10-14 22:32:26.312122 Hotel: Yes
2024-10-14 22:32:26.312296 Oscar: Yes
2024-10-14 22:32:26.312449 Golf: Yes
2024-10-14 22:32:26.312597 Yankee: No
ChatterBot Oscar reevaluating
ChatterBot Oscar reevaluating
ChatterBot Kilo reevaluating
ChatterBot Kilo reevaluating
ChatterBot Oscar reevaluating
ChatterBot Kilo reevaluating
ChatterBot Oscar reevaluating
2024-10-14 22:32:26.368932 Whiskey: Sierra, sending you 4
2024-10-14 22:32:26.371670 Yankee: Golf, sending you 5
2024-10-14 22:32:26.372396 Golf: Yankee, Kilo and Hotel, sending you 4
2024-10-14 22:32:26.372779 Whiskey: Mike, sending you 6
2024-10-14 22:32:26.373113 Sierra: Whiskey and Uniform, sending you 4
2024-10-14 22:32:26.373689 Mike: Whiskey, sending you 9
2024-10-14 22:32:26.376672 Yankee: Kilo and India, sending you 3
2024-10-14 22:32:26.377409 Golf: Oscar, sending you 3
2024-10-14 22:32:26.377826 Whiskey: Uniform, sending you 5
2024-10-14 22:32:26.378214 Mike: Sierra, sending you 7
2024-10-14 22:32:26.378626 Sierra: Mike, sending you 3
2024-10-14 22:32:26.379044 Uniform: Whiskey, sending you 5
2024-10-14 22:32:26.382278 Yankee: Hotel and Oscar, sending you 2
2024-10-14 22:32:26.383150 Mike: Uniform, sending you 2
2024-10-14 22:32:26.383686 Uniform: Yankee, Mike and Hotel, sending you 1
2024-10-14 22:32:26.386686 Yankee: Uniform, sending you 1
2024-10-14 22:32:26.387479 Uniform: Sierra and Kilo, sending you 3
2024-10-14 22:32:26.389672 India: Golf, sending you 1
2024-10-14 22:32:26.390704 Uniform: India and Oscar, sending you 2
2024-10-14 22:32:26.393675 India: Yankee, Hotel and Oscar, sending you 4
2024-10-14 22:32:26.395668 Hotel: Golf, sending you 4
2024-10-14 22:32:26.396679 India: Kilo, sending you 3
2024-10-14 22:32:26.398669 Oscar: Golf, India and Hotel, sending you 3
2024-10-14 22:32:26.399669 Hotel: Yankee, sending you 2
2024-10-14 22:32:26.403674 Oscar: Yankee, Kilo and Uniform, sending you 2
2024-10-14 22:32:26.404689 Hotel: Kilo, India and Oscar, sending you 3
chatterbot Mike submitting transactions
chatterbot Sierra submitting transactions
chatterbot Golf submitting transactions
chatterbot Uniform submitting transactions
chatterbot Yankee submitting transactions
chatterbot Oscar submitting transactions
chatterbot Whiskey submitting transactions
chatterbot India submitting transactions
chatterbot Hotel submitting transactions
chatterbot Kilo submitting transactions
ChatterBot Whiskey round 8
ChatterBot Golf round 8
ChatterBot Yankee round 8
ChatterBot Sierra round 8
ChatterBot Mike round 8
ChatterBot Kilo round 8
ChatterBot India round 8
ChatterBot Hotel round 8
ChatterBot Oscar round 8
ChatterBot Uniform round 8
2024-10-14 22:32:27.584437 Kilo: We should drop Uniform
2024-10-14 22:32:27.595410 India: Yes
2024-10-14 22:32:27.595990 Hotel: Yes
2024-10-14 22:32:27.596171 Oscar: Yes
2024-10-14 22:32:27.596319 Golf: Yes
2024-10-14 22:32:27.596460 Yankee: No
ChatterBot Kilo reevaluating
ChatterBot Kilo reevaluating
ChatterBot Kilo reevaluating
ChatterBot Kilo reevaluating
ChatterBot Kilo reevaluating
2024-10-14 22:32:27.646692 Yankee: Golf, sending you 5
2024-10-14 22:32:27.647636 Golf: Yankee, Kilo and Hotel, sending you 4
2024-10-14 22:32:27.648178 Sierra: Whiskey and Uniform, sending you 4
2024-10-14 22:32:27.648645 India: Golf, sending you 1
2024-10-14 22:32:27.649194 Whiskey: Sierra, sending you 4
2024-10-14 22:32:27.651669 Yankee: Kilo and India, sending you 3
2024-10-14 22:32:27.652393 Golf: Oscar, sending you 3
2024-10-14 22:32:27.652766 Sierra: Mike, sending you 3
2024-10-14 22:32:27.653132 India: Yankee, Hotel and Oscar, sending you 4
2024-10-14 22:32:27.653697 Whiskey: Mike, sending you 6
2024-10-14 22:32:27.655667 Yankee: Hotel and Oscar, sending you 2
2024-10-14 22:32:27.657678 India: Kilo, sending you 3
2024-10-14 22:32:27.658158 Whiskey: Uniform, sending you 5
2024-10-14 22:32:27.661101 Yankee: Uniform, sending you 1
2024-10-14 22:32:27.663666 Uniform: Whiskey and Sierra, sending you 4
2024-10-14 22:32:27.664210 Mike: Whiskey, sending you 9
2024-10-14 22:32:27.664470 Hotel: Golf, sending you 4
2024-10-14 22:32:27.664870 Oscar: Golf, Kilo and Hotel, sending you 3
2024-10-14 22:32:27.667696 Uniform: Yankee and Hotel, sending you 1
2024-10-14 22:32:27.668461 Mike: Sierra, sending you 6
2024-10-14 22:32:27.668842 Kilo: Golf and Hotel, sending you 4
2024-10-14 22:32:27.669700 Hotel: Yankee, sending you 2
2024-10-14 22:32:27.670171 Oscar: Yankee, sending you 2
2024-10-14 22:32:27.671682 Uniform: Mike, Kilo, India and Oscar, sending you 2
2024-10-14 22:32:27.672734 Mike: Uniform, sending you 3
2024-10-14 22:32:27.673525 Hotel: Kilo, India and Oscar, sending you 3
2024-10-14 22:32:27.674693 Oscar: India, sending you 4
2024-10-14 22:32:27.675858 Kilo: Yankee and India, sending you 3
2024-10-14 22:32:27.680699 Kilo: Oscar, sending you 2
chatterbot Golf submitting transactions
chatterbot Mike submitting transactions
chatterbot Yankee submitting transactions
chatterbot India submitting transactions
chatterbot Oscar submitting transactions
chatterbot Sierra submitting transactions
chatterbot Whiskey submitting transactions
chatterbot Uniform submitting transactions
chatterbot Hotel submitting transactions
chatterbot Kilo submitting transactions
ChatterBot Whiskey round 9
ChatterBot Golf round 9
ChatterBot Yankee round 9
ChatterBot Sierra round 9
ChatterBot Mike round 9
ChatterBot Kilo round 9
ChatterBot India round 9
ChatterBot Hotel round 9
ChatterBot Oscar round 9
ChatterBot Uniform round 9
2024-10-14 22:32:28.956692 Whiskey: Sierra, sending you 4
2024-10-14 22:32:28.959753 Sierra: Whiskey and Uniform, sending you 4
2024-10-14 22:32:28.960344 Whiskey: Mike, sending you 6
2024-10-14 22:32:28.961695 Kilo: Golf and Hotel, sending you 4
2024-10-14 22:32:28.962693 Sierra: Mike, sending you 3
2024-10-14 22:32:28.963915 India: Golf, sending you 1
2024-10-14 22:32:28.965179 Whiskey: Uniform, sending you 5
2024-10-14 22:32:28.966140 Mike: Whiskey, sending you 9
2024-10-14 22:32:28.967507 Kilo: Yankee and India, sending you 3
2024-10-14 22:32:28.968638 Hotel: Golf, sending you 4
2024-10-14 22:32:28.969951 India: Yankee, Hotel and Oscar, sending you 4
2024-10-14 22:32:28.971750 Yankee: Golf, sending you 5
2024-10-14 22:32:28.973150 Mike: Sierra, sending you 6
2024-10-14 22:32:28.973746 Kilo: Oscar, sending you 2
2024-10-14 22:32:28.975048 Hotel: Yankee, sending you 2
2024-10-14 22:32:28.975870 Uniform: Whiskey, sending you 5
2024-10-14 22:32:28.976757 Golf: Yankee, Kilo and Hotel, sending you 4
2024-10-14 22:32:28.977460 India: Kilo, sending you 3
2024-10-14 22:32:28.978999 Yankee: Kilo and India, sending you 3
2024-10-14 22:32:28.980202 Oscar: Golf, Kilo and Hotel, sending you 3
2024-10-14 22:32:28.981037 Mike: Uniform, sending you 3
2024-10-14 22:32:28.982237 Golf: Oscar, sending you 3
2024-10-14 22:32:28.982814 Hotel: Kilo, India and Oscar, sending you 3
2024-10-14 22:32:28.983609 Uniform: Yankee, India and Hotel, sending you 1
2024-10-14 22:32:28.984681 Yankee: Hotel and Oscar, sending you 2
2024-10-14 22:32:28.986146 Oscar: Yankee, sending you 2
2024-10-14 22:32:28.988866 Uniform: Sierra, sending you 4
2024-10-14 22:32:28.989794 Yankee: Uniform, sending you 1
2024-10-14 22:32:28.990710 Oscar: India, sending you 4
2024-10-14 22:32:28.994695 Uniform: Mike, Kilo and Oscar, sending you 2
chatterbot Sierra submitting transactions
chatterbot Hotel submitting transactions
chatterbot Oscar submitting transactions
chatterbot India submitting transactions
chatterbot Mike submitting transactions
chatterbot Whiskey submitting transactions
chatterbot Golf submitting transactions
chatterbot Yankee submitting transactions
chatterbot Kilo submitting transactions
chatterbot Uniform submitting transactions
ChatterBot Whiskey round 10
ChatterBot Golf round 10
ChatterBot Yankee round 10
ChatterBot Sierra round 10
ChatterBot Mike round 10
ChatterBot Kilo round 10
ChatterBot India round 10
ChatterBot Hotel round 10
ChatterBot Oscar round 10
ChatterBot Uniform round 10
2024-10-14 22:32:30.241689 Yankee: Golf, sending you 5
2024-10-14 22:32:30.243198 Mike: Whiskey, sending you 9
2024-10-14 22:32:30.243637 Kilo: Golf and Hotel, sending you 4
2024-10-14 22:32:30.245742 Yankee: Kilo and India, sending you 3
2024-10-14 22:32:30.246673 Kilo: Yankee and Oscar, sending you 3
2024-10-14 22:32:30.248640 Mike: Sierra, sending you 6
2024-10-14 22:32:30.249875 Whiskey: Sierra, sending you 4
2024-10-14 22:32:30.250451 India: Yankee, Kilo, Hotel and Oscar, sending you 4
2024-10-14 22:32:30.251316 Golf: Yankee, Kilo and Hotel, sending you 4
2024-10-14 22:32:30.251724 Yankee: Hotel and Oscar, sending you 2
2024-10-14 22:32:30.253043 Hotel: Golf, sending you 4
2024-10-14 22:32:30.253795 Kilo: India, sending you 2
2024-10-14 22:32:30.254590 Whiskey: Mike, sending you 6
2024-10-14 22:32:30.255039 Mike: Uniform, sending you 3
2024-10-14 22:32:30.255498 Golf: Oscar, sending you 3
2024-10-14 22:32:30.256676 Yankee: Uniform, sending you 1
2024-10-14 22:32:30.258023 Hotel: Yankee, sending you 2
2024-10-14 22:32:30.259528 Uniform: Whiskey, sending you 5
2024-10-14 22:32:30.260753 Whiskey: Uniform, sending you 5
2024-10-14 22:32:30.261272 Sierra: Whiskey and Uniform, sending you 4
2024-10-14 22:32:30.263664 Hotel: Kilo, India and Oscar, sending you 3
2024-10-14 22:32:30.264646 Oscar: Golf, Kilo and Hotel, sending you 3
2024-10-14 22:32:30.265606 Uniform: Yankee, Mike, Kilo and Oscar, sending you 2
2024-10-14 22:32:30.267119 Sierra: Mike, sending you 3
2024-10-14 22:32:30.267660 Oscar: Yankee, sending you 2
2024-10-14 22:32:30.270663 Uniform: Sierra, sending you 4
2024-10-14 22:32:30.273671 Oscar: India, sending you 4
2024-10-14 22:32:30.274665 Uniform: India, sending you 1
chatterbot Mike submitting transactions
chatterbot Hotel submitting transactions
chatterbot India submitting transactions
chatterbot Sierra submitting transactions
chatterbot Yankee submitting transactions
chatterbot Whiskey submitting transactions
chatterbot Golf submitting transactions
chatterbot Oscar submitting transactions
chatterbot Uniform submitting transactions
chatterbot Kilo submitting transactions
ChatterBot Whiskey round 11
ChatterBot Golf round 11
ChatterBot Yankee round 11
ChatterBot Sierra round 11
ChatterBot Mike round 11
ChatterBot Kilo round 11
ChatterBot India round 11
ChatterBot Hotel round 11
ChatterBot Oscar round 11
ChatterBot Uniform round 11
2024-10-14 22:32:31.524899 Yankee: We should drop Uniform
2024-10-14 22:32:31.536403 Kilo: Yes
2024-10-14 22:32:31.536590 India: Yes
2024-10-14 22:32:31.536745 Hotel: Yes
2024-10-14 22:32:31.536882 Oscar: Yes
2024-10-14 22:32:31.537010 Golf: Yes
ChatterBot Yankee reevaluating
ChatterBot Yankee reevaluating
ChatterBot Yankee reevaluating
ChatterBot Yankee reevaluating
2024-10-14 22:32:31.605663 Sierra: Whiskey and Uniform, sending you 4
2024-10-14 22:32:31.606859 Whiskey: Sierra, sending you 4
2024-10-14 22:32:31.607667 Mike: Whiskey, sending you 9
2024-10-14 22:32:31.608224 Golf: Yankee, Kilo and Hotel, sending you 4
2024-10-14 22:32:31.610929 Sierra: Mike, sending you 3
2024-10-14 22:32:31.611360 Mike: Sierra, sending you 6
2024-10-14 22:32:31.611806 Whiskey: Mike, sending you 6
2024-10-14 22:32:31.612310 Golf: Oscar, sending you 3
2024-10-14 22:32:31.613683 Oscar: Golf, Kilo and Hotel, sending you 3
2024-10-14 22:32:31.615662 Whiskey: Uniform, sending you 5
2024-10-14 22:32:31.616665 Mike: Uniform, sending you 3
2024-10-14 22:32:31.617254 Uniform: Whiskey, sending you 6
2024-10-14 22:32:31.619122 Oscar: Yankee, sending you 2
2024-10-14 22:32:31.622696 Uniform: Yankee and Mike, sending you 2
2024-10-14 22:32:31.623471 Oscar: India, sending you 4
2024-10-14 22:32:31.624235 Kilo: Golf and Hotel, sending you 4
2024-10-14 22:32:31.625654 India: Golf, sending you 1
2024-10-14 22:32:31.626549 Hotel: Golf and Kilo, sending you 4
2024-10-14 22:32:31.627660 Uniform: Sierra, sending you 4
2024-10-14 22:32:31.628773 Kilo: Yankee, India and Oscar, sending you 3
2024-10-14 22:32:31.630664 India: Yankee, Hotel and Oscar, sending you 4
2024-10-14 22:32:31.631694 Hotel: Yankee, sending you 1
2024-10-14 22:32:31.633962 Uniform: Kilo, India, Hotel and Oscar, sending you 1
2024-10-14 22:32:31.635830 Yankee: Golf, sending you 5
2024-10-14 22:32:31.637307 India: Kilo, sending you 3
2024-10-14 22:32:31.638637 Hotel: India and Oscar, sending you 3
2024-10-14 22:32:31.640737 Yankee: Kilo, sending you 3
2024-10-14 22:32:31.646648 Yankee: India, sending you 4
2024-10-14 22:32:31.651668 Yankee: Hotel and Oscar, sending you 2
chatterbot Uniform submitting transactions
chatterbot Golf submitting transactions
chatterbot Mike submitting transactions
chatterbot Kilo submitting transactions
chatterbot Oscar submitting transactions
chatterbot India submitting transactions
chatterbot Hotel submitting transactions
chatterbot Sierra submitting transactions
chatterbot Yankee submitting transactions
chatterbot Whiskey submitting transactions
ChatterBot Whiskey round 12
ChatterBot Golf round 12
ChatterBot Yankee round 12
ChatterBot Sierra round 12
ChatterBot Mike round 12
ChatterBot Kilo round 12
ChatterBot India round 12
ChatterBot Hotel round 12
ChatterBot Oscar round 12
ChatterBot Uniform round 12
2024-10-14 22:32:32.720711 Golf: Yankee, Kilo and Hotel, sending you 4
2024-10-14 22:32:32.723672 Yankee: Golf, sending you 5
2024-10-14 22:32:32.724687 Golf: Oscar, sending you 3
2024-10-14 22:32:32.726713 Yankee: Kilo and India, sending you 4
2024-10-14 22:32:32.728191 Kilo: Golf and Hotel, sending you 4
2024-10-14 22:32:32.730675 Mike: Whiskey, sending you 9
2024-10-14 22:32:32.732711 Yankee: Hotel, sending you 1
2024-10-14 22:32:32.734130 Hotel: Golf and Kilo, sending you 4
2024-10-14 22:32:32.736372 Kilo: Yankee, India and Oscar, sending you 3
2024-10-14 22:32:32.737972 Whiskey: Sierra, sending you 4
2024-10-14 22:32:32.738765 Mike: Sierra, sending you 6
2024-10-14 22:32:32.739456 Sierra: Whiskey, sending you 4
2024-10-14 22:32:32.740223 Oscar: Golf, Kilo and Hotel, sending you 3
2024-10-14 22:32:32.742123 Yankee: Oscar, sending you 2
2024-10-14 22:32:32.744073 Hotel: Yankee, sending you 1
2024-10-14 22:32:32.746050 Mike: Uniform, sending you 3
2024-10-14 22:32:32.747090 Whiskey: Mike, sending you 6
2024-10-14 22:32:32.747930 India: Golf, sending you 1
2024-10-14 22:32:32.750108 Sierra: Mike and Uniform, sending you 3
2024-10-14 22:32:32.751090 Oscar: Yankee, sending you 2
2024-10-14 22:32:32.752666 Hotel: India and Oscar, sending you 3
