ChatterBot Charlie round 1
ChatterBot Bravo round 1
ChatterBot Lima round 1
ChatterBot Hotel round 1
ChatterBot Kilo round 1
ChatterBot Papa round 1
ChatterBot Oscar round 1
ChatterBot Whiskey round 1
ChatterBot Zulu round 1
ChatterBot Uniform round 1
randomSelections Charlie: {Charlie, Hotel, Uniform, Whiskey, Oscar, Papa, Lima, Bravo} 
2024-10-14 22:32:16.436126 Charlie: Let's form a team
ChatterBot Hotel reevaluating
ChatterBot Uniform reevaluating
ChatterBot Whiskey reevaluating
ChatterBot Oscar reevaluating
ChatterBot Papa reevaluating
ChatterBot Lima reevaluating
ChatterBot Bravo reevaluating
2024-10-14 22:32:16.449005 Hotel: Yes
2024-10-14 22:32:16.449116 Uniform: Yes
2024-10-14 22:32:16.449204 Whiskey: Yes
2024-10-14 22:32:16.449286 Oscar: Yes
2024-10-14 22:32:16.449860 Papa: Yes
2024-10-14 22:32:16.449954 Lima: Yes
2024-10-14 22:32:16.450062 Bravo: Yes
ChatterBot Uniform reevaluating
ChatterBot Whiskey reevaluating
ChatterBot Oscar reevaluating
ChatterBot Papa reevaluating
ChatterBot Lima reevaluating
ChatterBot Bravo reevaluating
ChatterBot Hotel reevaluating
ChatterBot Whiskey reevaluating
ChatterBot Oscar reevaluating
ChatterBot Papa reevaluating
ChatterBot Lima reevaluating
ChatterBot Bravo reevaluating
ChatterBot Hotel reevaluating
ChatterBot Uniform reevaluating
ChatterBot Oscar reevaluating
ChatterBot Papa reevaluating
ChatterBot Lima reevaluating
ChatterBot Bravo reevaluating
ChatterBot Hotel reevaluating
ChatterBot Uniform reevaluating
ChatterBot Whiskey reevaluating
ChatterBot Papa reevaluating
ChatterBot Lima reevaluating
ChatterBot Bravo reevaluating
ChatterBot Hotel reevaluating
ChatterBot Uniform reevaluating
ChatterBot Whiskey reevaluating
ChatterBot Oscar reevaluating
ChatterBot Lima reevaluating
ChatterBot Bravo reevaluating
ChatterBot Hotel reevaluating
ChatterBot Uniform reevaluating
ChatterBot Whiskey reevaluating
ChatterBot Oscar reevaluating
ChatterBot Papa reevaluating
ChatterBot Bravo reevaluating
ChatterBot Hotel reevaluating
ChatterBot Uniform reevaluating
ChatterBot Whiskey reevaluating
ChatterBot Oscar reevaluating
ChatterBot Papa reevaluating
ChatterBot Lima reevaluating
randomSelections Kilo: {Kilo, Uniform, Bravo, Zulu, Oscar, Whiskey, Papa} 
2024-10-14 22:32:16.647304 Kilo: Let's form a team
ChatterBot Uniform reevaluating
ChatterBot Bravo reevaluating
ChatterBot Zulu reevaluating
ChatterBot Oscar reevaluating
ChatterBot Whiskey reevaluating
ChatterBot Papa reevaluating
2024-10-14 22:32:16.664274 Uniform: No
2024-10-14 22:32:16.664608 Bravo: No
2024-10-14 22:32:16.665361 Zulu: Yes
2024-10-14 22:32:16.665549 Oscar: No
2024-10-14 22:32:16.665840 Whiskey: No
2024-10-14 22:32:16.666266 Papa: No
ChatterBot Bravo reevaluating
ChatterBot Zulu reevaluating
ChatterBot Oscar reevaluating
ChatterBot Whiskey reevaluating
ChatterBot Papa reevaluating
ChatterBot Uniform reevaluating
ChatterBot Zulu reevaluating
ChatterBot Oscar reevaluating
ChatterBot Whiskey reevaluating
ChatterBot Papa reevaluating
ChatterBot Uniform reevaluating
ChatterBot Bravo reevaluating
ChatterBot Oscar reevaluating
ChatterBot Whiskey reevaluating
ChatterBot Papa reevaluating
ChatterBot Uniform reevaluating
ChatterBot Bravo reevaluating
ChatterBot Zulu reevaluating
ChatterBot Whiskey reevaluating
ChatterBot Papa reevaluating
ChatterBot Uniform reevaluating
ChatterBot Bravo reevaluating
ChatterBot Zulu reevaluating
ChatterBot Oscar reevaluating
ChatterBot Papa reevaluating
ChatterBot Uniform reevaluating
ChatterBot Bravo reevaluating
ChatterBot Zulu reevaluating
ChatterBot Oscar reevaluating
ChatterBot Whiskey reevaluating
2024-10-14 22:32:16.760992 Kilo: Bravo, sending you 4
2024-10-14 22:32:16.762599 Charlie: Lima and Papa, sending you 2
2024-10-14 22:32:16.763427 Zulu: Bravo, sending you 4
2024-10-14 22:32:16.764583 Lima: Charlie, Bravo and Whiskey, sending you 3
2024-10-14 22:32:16.766136 Kilo: Papa, Oscar and Whiskey, sending you 2
2024-10-14 22:32:16.767608 Papa: Charlie and Lima, sending you 4
2024-10-14 22:32:16.769373 Uniform: Charlie, Bravo and Lima, sending you 1
2024-10-14 22:32:16.771227 Charlie: Oscar, sending you 3
2024-10-14 22:32:16.773684 Zulu: Kilo, Oscar and Uniform, sending you 1
2024-10-14 22:32:16.774466 Lima: Hotel, sending you 4
2024-10-14 22:32:16.776404 Hotel: Charlie, Papa and Oscar, sending you 1
2024-10-14 22:32:16.778086 Bravo: Charlie, sending you 1
2024-10-14 22:32:16.779848 Kilo: Zulu and Uniform, sending you 3
2024-10-14 22:32:16.780879 Papa: Hotel and Whiskey, sending you 3
2024-10-14 22:32:16.782045 Uniform: Hotel and Whiskey, sending you 3
2024-10-14 22:32:16.782724 Whiskey: Charlie, Bravo, Papa and Uniform, sending you 1
2024-10-14 22:32:16.784416 Charlie: Whiskey, sending you 5
2024-10-14 22:32:16.785268 Zulu: Whiskey, sending you 2
2024-10-14 22:32:16.786818 Lima: Papa, sending you 2
2024-10-14 22:32:16.788706 Hotel: Bravo, sending you 2
2024-10-14 22:32:16.791421 Bravo: Lima and Papa, sending you 4
2024-10-14 22:32:16.792430 Papa: Oscar, sending you 1
2024-10-14 22:32:16.794518 Uniform: Papa and Oscar, sending you 2
2024-10-14 22:32:16.795563 Whiskey: Hotel, sending you 3
2024-10-14 22:32:16.797496 Charlie: Uniform, sending you 4
2024-10-14 22:32:16.799836 Hotel: Lima, sending you 4
2024-10-14 22:32:16.801678 Bravo: Hotel and Whiskey, sending you 3
2024-10-14 22:32:16.802706 Papa: Uniform, sending you 2
2024-10-14 22:32:16.804460 Whiskey: Oscar, sending you 2
2024-10-14 22:32:16.811271 Hotel: Whiskey and Uniform, sending you 3
2024-10-14 22:32:16.813232 Bravo: Uniform, sending you 2
chatterbot Charlie submitting transactions
chatterbot Zulu submitting transactions
chatterbot Bravo submitting transactions
chatterbot Uniform submitting transactions
chatterbot Oscar submitting transactions
chatterbot Kilo submitting transactions
chatterbot Lima submitting transactions
chatterbot Papa submitting transactions
chatterbot Hotel submitting transactions
chatterbot Whiskey submitting transactions
ChatterBot Charlie round 2
ChatterBot Bravo round 2
ChatterBot Lima round 2
ChatterBot Hotel round 2
ChatterBot Kilo round 2
ChatterBot Papa round 2
ChatterBot Oscar round 2
ChatterBot Whiskey round 2
ChatterBot Zulu round 2
ChatterBot Uniform round 2
2024-10-14 22:32:20.330104 Bravo: We should drop Oscar
ChatterBot Papa reevaluating
ChatterBot Whiskey reevaluating
ChatterBot Uniform reevaluating
2024-10-14 22:32:20.361427 Charlie: Yes
2024-10-14 22:32:20.361644 Lima: Yes
2024-10-14 22:32:20.361839 Hotel: Yes
2024-10-14 22:32:20.361993 Papa: Yes
2024-10-14 22:32:20.362570 Whiskey: Yes
2024-10-14 22:32:20.362762 Uniform: Yes
ChatterBot Papa reevaluating
ChatterBot Whiskey reevaluating
ChatterBot Uniform reevaluating
ChatterBot Papa reevaluating
ChatterBot Whiskey reevaluating
ChatterBot Uniform reevaluating
ChatterBot Papa reevaluating
ChatterBot Whiskey reevaluating
ChatterBot Uniform reevaluating
ChatterBot Whiskey reevaluating
ChatterBot Uniform reevaluating
ChatterBot Papa reevaluating
ChatterBot Uniform reevaluating
ChatterBot Papa reevaluating
ChatterBot Whiskey reevaluating
2024-10-14 22:32:20.511564 Kilo: Friends?
ChatterBot Zulu reevaluating
2024-10-14 22:32:20.516052 Zulu: Yes
2024-10-14 22:32:20.542072 Papa: We should replace Oscar with Kilo
ChatterBot Whiskey reevaluating
ChatterBot Uniform reevaluating
2024-10-14 22:32:20.566562 Bravo: No
2024-10-14 22:32:20.566746 Charlie: No
2024-10-14 22:32:20.566864 Lima: No
2024-10-14 22:32:20.566971 Hotel: No
2024-10-14 22:32:20.567079 Whiskey: No
2024-10-14 22:32:20.567200 Uniform: No
ChatterBot Papa reevaluating
ChatterBot Whiskey reevaluating
ChatterBot Uniform reevaluating
ChatterBot Papa reevaluating
ChatterBot Whiskey reevaluating
ChatterBot Uniform reevaluating
ChatterBot Papa reevaluating
ChatterBot Whiskey reevaluating
ChatterBot Uniform reevaluating
ChatterBot Papa reevaluating
ChatterBot Whiskey reevaluating
ChatterBot Uniform reevaluating
ChatterBot Papa reevaluating
ChatterBot Uniform reevaluating
ChatterBot Papa reevaluating
ChatterBot Whiskey reevaluating
2024-10-14 22:32:20.725491 Bravo: Lima, sending you 4
2024-10-14 22:32:20.727208 Papa: Kilo we want you to join our group
ChatterBot Kilo reevaluating
2024-10-14 22:32:20.752481 Kilo: No
2024-10-14 22:32:20.866305 Bravo: Hotel, sending you 5
2024-10-14 22:32:20.995320 Charlie: Bravo, Hotel and Whiskey, sending you 2
2024-10-14 22:32:20.995872 Zulu: Sending you 14
2024-10-14 22:32:20.996667 Bravo: Whiskey and Uniform, sending you 3
2024-10-14 22:32:20.997278 Hotel: Bravo, Papa, Whiskey and Uniform, sending you 3
2024-10-14 22:32:20.997731 Lima: Charlie, sending you 2
chatterbot Charlie submitting transactions
chatterbot Oscar submitting transactions
2024-10-14 22:32:21.066272 Charlie: Lima, sending you 4
2024-10-14 22:32:21.066639 Hotel: Lima, sending you 4
2024-10-14 22:32:21.066923 Uniform: Charlie, sending you 4
2024-10-14 22:32:21.067849 Lima: Bravo, Hotel and Papa, sending you 4
2024-10-14 22:32:21.068208 Whiskey: Charlie, sending you 3
2024-10-14 22:32:21.068508 Papa: Charlie and Lima, sending you 3
2024-10-14 22:32:21.110628 Charlie: Papa, sending you 5
2024-10-14 22:32:21.111020 Lima: Uniform, sending you 1
2024-10-14 22:32:21.111738 Uniform: Bravo and Papa, sending you 2
2024-10-14 22:32:21.112062 Whiskey: Bravo, sending you 2
2024-10-14 22:32:21.112382 Papa: Bravo, sending you 5
2024-10-14 22:32:21.158269 Charlie: Uniform, sending you 1
2024-10-14 22:32:21.158740 Uniform: Lima and Whiskey, sending you 1
2024-10-14 22:32:21.159137 Whiskey: Lima, Hotel, Papa and Uniform, sending you 1
2024-10-14 22:32:21.160129 Papa: Hotel and Whiskey, sending you 1
2024-10-14 22:32:21.261488 Papa: Kilo and Uniform, sending you 2
chatterbot Papa submitting transactions
2024-10-14 22:32:21.262582 Uniform: Hotel, sending you 3
chatterbot Bravo submitting transactions
chatterbot Uniform submitting transactions
chatterbot Kilo submitting transactions
chatterbot Hotel submitting transactions
chatterbot Lima submitting transactions
chatterbot Zulu submitting transactions
chatterbot Whiskey submitting transactions
ChatterBot Charlie round 3
ChatterBot Bravo round 3
ChatterBot Lima round 3
ChatterBot Hotel round 3
ChatterBot Kilo round 3
ChatterBot Papa round 3
ChatterBot Oscar round 3
ChatterBot Whiskey round 3
ChatterBot Zulu round 3
ChatterBot Uniform round 3
2024-10-14 22:32:21.550043 Papa: We should drop Kilo
2024-10-14 22:32:21.691955 Bravo: Yes
2024-10-14 22:32:21.692253 Charlie: Yes
2024-10-14 22:32:21.692417 Lima: Yes
2024-10-14 22:32:21.692686 Hotel: Yes
2024-10-14 22:32:21.692984 Whiskey: Yes
2024-10-14 22:32:21.693850 Uniform: Yes
2024-10-14 22:32:21.877627 Charlie: Bravo and Hotel, sending you 1
2024-10-14 22:32:21.879248 Whiskey: Charlie, Bravo and Hotel, sending you 2
2024-10-14 22:32:21.880750 Hotel: Charlie, sending you 1
2024-10-14 22:32:21.882491 Lima: Charlie, Bravo and Papa, sending you 3
2024-10-14 22:32:21.884213 Kilo: Sending you 6
2024-10-14 22:32:21.884682 Bravo: Charlie, sending you 1
2024-10-14 22:32:21.886335 Charlie: Lima, Whiskey and Uniform, sending you 3
2024-10-14 22:32:21.887135 Whiskey: Lima, Papa and Uniform, sending you 1
2024-10-14 22:32:21.889056 Hotel: Bravo and Lima, sending you 4
2024-10-14 22:32:21.890675 Lima: Hotel, sending you 4
2024-10-14 22:32:21.892239 Uniform: Charlie and Papa, sending you 2
2024-10-14 22:32:21.894007 Bravo: Lima, Hotel and Papa, sending you 4
2024-10-14 22:32:21.895551 Zulu: Sending you 17
2024-10-14 22:32:21.896121 Charlie: Papa, sending you 5
2024-10-14 22:32:21.897816 Papa: Charlie and Lima, sending you 4
2024-10-14 22:32:21.899650 Hotel: Papa and Whiskey, sending you 2
2024-10-14 22:32:21.901147 Lima: Whiskey and Uniform, sending you 1
2024-10-14 22:32:21.902721 Uniform: Bravo, sending you 3
2024-10-14 22:32:21.904030 Bravo: Whiskey, sending you 3
chatterbot Zulu submitting transactions
2024-10-14 22:32:21.905912 Papa: Bravo, sending you 2
2024-10-14 22:32:21.907321 Hotel: Uniform, sending you 3
2024-10-14 22:32:21.908670 Uniform: Lima and Whiskey, sending you 1
2024-10-14 22:32:21.914980 Bravo: Uniform, sending you 2
2024-10-14 22:32:21.919031 Papa: Hotel and Uniform, sending you 3
2024-10-14 22:32:21.927493 Uniform: Hotel, sending you 4
2024-10-14 22:32:21.931555 Papa: Whiskey, sending you 1
chatterbot Kilo submitting transactions
chatterbot Oscar submitting transactions
chatterbot Lima submitting transactions
chatterbot Charlie submitting transactions
chatterbot Whiskey submitting transactions
chatterbot Bravo submitting transactions
chatterbot Uniform submitting transactions
chatterbot Papa submitting transactions
chatterbot Hotel submitting transactions
ChatterBot Charlie round 4
ChatterBot Bravo round 4
ChatterBot Lima round 4
ChatterBot Hotel round 4
ChatterBot Kilo round 4
ChatterBot Papa round 4
ChatterBot Oscar round 4
ChatterBot Whiskey round 4
ChatterBot Zulu round 4
ChatterBot Uniform round 4
2024-10-14 22:32:22.946076 Zulu: We should add Oscar
2024-10-14 22:32:22.950932 Kilo: No
ChatterBot Zulu reevaluating
2024-10-14 22:32:22.966720 Bravo: Charlie, sending you 1
2024-10-14 22:32:22.968355 Lima: Charlie, Bravo and Papa, sending you 3
2024-10-14 22:32:22.971679 Kilo: Sending you 5
2024-10-14 22:32:22.973144 Bravo: Lima, sending you 5
2024-10-14 22:32:22.974095 Lima: Hotel, sending you 4
2024-10-14 22:32:22.978332 Bravo: Hotel, sending you 4
2024-10-14 22:32:22.979076 Charlie: Bravo and Hotel, sending you 1
2024-10-14 22:32:22.979961 Lima: Whiskey and Uniform, sending you 1
2024-10-14 22:32:22.981454 Hotel: Charlie, sending you 1
2024-10-14 22:32:22.982388 Zulu: Same as last round
2024-10-14 22:32:22.983270 Whiskey: Charlie, Bravo and Hotel, sending you 2
2024-10-14 22:32:22.984107 Bravo: Papa, Whiskey and Uniform, sending you 3
2024-10-14 22:32:22.985664 Papa: Charlie, sending you 5
2024-10-14 22:32:22.986404 Charlie: Lima, Whiskey and Uniform, sending you 3
2024-10-14 22:32:22.987269 Hotel: Bravo and Lima, sending you 4
2024-10-14 22:32:22.988778 Whiskey: Lima, Papa and Uniform, sending you 1
2024-10-14 22:32:22.989442 Uniform: Charlie, sending you 3
2024-10-14 22:32:22.991054 Papa: Bravo and Lima, sending you 3
2024-10-14 22:32:22.992047 Charlie: Papa, sending you 5
2024-10-14 22:32:22.993902 Hotel: Papa and Whiskey, sending you 2
2024-10-14 22:32:22.995683 Uniform: Bravo and Papa, sending you 2
2024-10-14 22:32:22.996741 Papa: Hotel, Whiskey and Uniform, sending you 2
2024-10-14 22:32:22.998382 Hotel: Uniform, sending you 3
2024-10-14 22:32:22.999871 Uniform: Lima and Whiskey, sending you 1
2024-10-14 22:32:23.003832 Uniform: Hotel, sending you 4
chatterbot Papa submitting transactions
chatterbot Oscar submitting transactions
chatterbot Bravo submitting transactions
chatterbot Zulu submitting transactions
chatterbot Hotel submitting transactions
chatterbot Whiskey submitting transactions
chatterbot Kilo submitting transactions
chatterbot Charlie submitting transactions
chatterbot Uniform submitting transactions
chatterbot Lima submitting transactions
ChatterBot Charlie round 5
ChatterBot Bravo round 5
ChatterBot Lima round 5
ChatterBot Hotel round 5
ChatterBot Kilo round 5
ChatterBot Papa round 5
ChatterBot Oscar round 5
ChatterBot Whiskey round 5
ChatterBot Zulu round 5
ChatterBot Uniform round 5
2024-10-14 22:32:24.189707 Hotel: Charlie, sending you 1
2024-10-14 22:32:24.191653 Kilo: Sending you 4
2024-10-14 22:32:24.194662 Hotel: Bravo and Lima, sending you 4
2024-10-14 22:32:24.198665 Charlie: Bravo and Hotel, sending you 1
2024-10-14 22:32:24.199539 Papa: Charlie, sending you 5
2024-10-14 22:32:24.200340 Whiskey: Charlie, Bravo and Hotel, sending you 2
2024-10-14 22:32:24.201156 Hotel: Papa and Whiskey, sending you 2
2024-10-14 22:32:24.202396 Charlie: Lima, Whiskey and Uniform, sending you 3
2024-10-14 22:32:24.203716 Papa: Bravo and Lima, sending you 3
2024-10-14 22:32:24.205183 Whiskey: Lima, Papa and Uniform, sending you 1
2024-10-14 22:32:24.205849 Hotel: Uniform, sending you 3
2024-10-14 22:32:24.206453 Charlie: Papa, sending you 5
2024-10-14 22:32:24.207016 Papa: Hotel, Whiskey and Uniform, sending you 2
2024-10-14 22:32:24.207991 Bravo: Charlie, sending you 1
2024-10-14 22:32:24.209690 Lima: Charlie, Hotel and Papa, sending you 3
2024-10-14 22:32:24.210266 Uniform: Charlie, Bravo and Hotel, sending you 3
2024-10-14 22:32:24.212674 Bravo: Lima, sending you 4
2024-10-14 22:32:24.214676 Lima: Bravo, sending you 4
2024-10-14 22:32:24.215769 Uniform: Lima and Whiskey, sending you 1
2024-10-14 22:32:24.216428 Zulu: Same as last round
2024-10-14 22:32:24.216692 Bravo: Hotel, sending you 5
2024-10-14 22:32:24.219903 Lima: Whiskey and Uniform, sending you 1
2024-10-14 22:32:24.220682 Uniform: Papa, sending you 2
2024-10-14 22:32:24.221347 Bravo: Papa, Whiskey and Uniform, sending you 3
chatterbot Bravo submitting transactions
chatterbot Zulu submitting transactions
chatterbot Hotel submitting transactions
chatterbot Uniform submitting transactions
chatterbot Papa submitting transactions
chatterbot Kilo submitting transactions
chatterbot Oscar submitting transactions
chatterbot Charlie submitting transactions
chatterbot Lima submitting transactions
chatterbot Whiskey submitting transactions
ChatterBot Charlie round 6
ChatterBot Bravo round 6
ChatterBot Lima round 6
ChatterBot Hotel round 6
ChatterBot Kilo round 6
ChatterBot Papa round 6
ChatterBot Oscar round 6
ChatterBot Whiskey round 6
ChatterBot Zulu round 6
ChatterBot Uniform round 6
2024-10-14 22:32:25.489669 Bravo: Charlie, sending you 1
2024-10-14 22:32:25.493176 Charlie: Bravo and Hotel, sending you 1
2024-10-14 22:32:25.493863 Kilo: Same as last round
2024-10-14 22:32:25.494664 Bravo: Lima, sending you 4
2024-10-14 22:32:25.498655 Charlie: Lima, Whiskey and Uniform, sending you 3
2024-10-14 22:32:25.499221 Oscar: Charlie, sending you 1
2024-10-14 22:32:25.499670 Bravo: Hotel, sending you 5
2024-10-14 22:32:25.500665 Hotel: Charlie, sending you 1
2024-10-14 22:32:25.502663 Uniform: Charlie, Bravo and Hotel, sending you 3
2024-10-14 22:32:25.503252 Bravo: Papa, Whiskey and Uniform, sending you 3
2024-10-14 22:32:25.503817 Charlie: Papa, sending you 5
2024-10-14 22:32:25.504340 Whiskey: Charlie, Bravo and Hotel, sending you 2
2024-10-14 22:32:25.505399 Hotel: Bravo and Lima, sending you 4
2024-10-14 22:32:25.506659 Papa: Charlie, sending you 5
2024-10-14 22:32:25.507320 Uniform: Lima and Whiskey, sending you 1
2024-10-14 22:32:25.508370 Zulu: Same as last round
2024-10-14 22:32:25.509701 Whiskey: Lima, Papa and Uniform, sending you 1
2024-10-14 22:32:25.510347 Hotel: Papa and Whiskey, sending you 2
2024-10-14 22:32:25.511039 Papa: Bravo and Lima, sending you 3
2024-10-14 22:32:25.512063 Uniform: Papa, sending you 2
2024-10-14 22:32:25.514980 Hotel: Uniform, sending you 3
2024-10-14 22:32:25.515727 Papa: Hotel, Whiskey and Uniform, sending you 2
chatterbot Whiskey submitting transactions
chatterbot Papa submitting transactions
chatterbot Charlie submitting transactions
chatterbot Zulu submitting transactions
chatterbot Uniform submitting transactions
chatterbot Kilo submitting transactions
chatterbot Lima submitting transactions
chatterbot Oscar submitting transactions
chatterbot Bravo submitting transactions
chatterbot Hotel submitting transactions
ChatterBot Charlie round 7
ChatterBot Bravo round 7
ChatterBot Lima round 7
ChatterBot Hotel round 7
ChatterBot Kilo round 7
ChatterBot Papa round 7
ChatterBot Oscar round 7
ChatterBot Whiskey round 7
ChatterBot Zulu round 7
ChatterBot Uniform round 7
2024-10-14 22:32:26.759491 Kilo: We should add Papa
ChatterBot Zulu reevaluating
2024-10-14 22:32:26.766323 Zulu: Yes
2024-10-14 22:32:26.793529 Kilo: Papa we want you to join our group
2024-10-14 22:32:26.798341 Papa: No
ChatterBot Zulu reevaluating
2024-10-14 22:32:26.805593 Charlie: Lima, Whiskey and Uniform, sending you 3
2024-10-14 22:32:26.808711 Lima: Charlie, Bravo and Papa, sending you 3
2024-10-14 22:32:26.809894 Charlie: Hotel, sending you 2
2024-10-14 22:32:26.811440 Bravo: Charlie, sending you 1
2024-10-14 22:32:26.813245 Hotel: Charlie, sending you 1
2024-10-14 22:32:26.814603 Whiskey: Charlie, Bravo and Hotel, sending you 2
2024-10-14 22:32:26.815931 Lima: Hotel, sending you 4
2024-10-14 22:32:26.818101 Charlie: Papa, sending you 5
2024-10-14 22:32:26.819349 Bravo: Lima, Whiskey and Uniform, sending you 3
2024-10-14 22:32:26.820708 Hotel: Bravo, sending you 5
2024-10-14 22:32:26.821889 Oscar: Charlie, sending you 1
2024-10-14 22:32:26.823482 Whiskey: Lima, Papa and Uniform, sending you 1
2024-10-14 22:32:26.824517 Lima: Whiskey and Uniform, sending you 1
2024-10-14 22:32:26.825640 Zulu: Kilo, sending you 17
2024-10-14 22:32:26.826279 Bravo: Hotel, sending you 5
2024-10-14 22:32:26.827767 Kilo: I was attacked by Lima
ChatterBot Zulu reevaluating
ChatterBot Papa reevaluating
2024-10-14 22:32:26.847374 Kilo: I'm keeping this round to protect myself
2024-10-14 22:32:26.848480 Kilo: Ow
2024-10-14 22:32:26.848867 Hotel: Lima and Uniform, sending you 3
2024-10-14 22:32:26.850327 Uniform: Charlie, Bravo and Hotel, sending you 3
2024-10-14 22:32:26.852381 Bravo: Papa, sending you 4
2024-10-14 22:32:26.853791 Hotel: Papa and Whiskey, sending you 2
2024-10-14 22:32:26.855266 Uniform: Lima and Whiskey, sending you 1
2024-10-14 22:32:26.859680 Uniform: Papa, sending you 2
chatterbot Bravo submitting transactions
chatterbot Lima submitting transactions
chatterbot Zulu submitting transactions
chatterbot Hotel submitting transactions
chatterbot Papa submitting transactions
chatterbot Oscar submitting transactions
chatterbot Uniform submitting transactions
chatterbot Whiskey submitting transactions
chatterbot Charlie submitting transactions
chatterbot Kilo submitting transactions
ChatterBot Charlie round 8
ChatterBot Bravo round 8
ChatterBot Lima round 8
ChatterBot Hotel round 8
ChatterBot Kilo round 8
ChatterBot Papa round 8
ChatterBot Oscar round 8
ChatterBot Whiskey round 8
ChatterBot Zulu round 8
ChatterBot Uniform round 8
2024-10-14 22:32:28.068681 Bravo: Charlie, sending you 1
2024-10-14 22:32:28.071676 Zulu: Kilo, sending you 17
2024-10-14 22:32:28.072006 Bravo: Lima, Papa, Whiskey and Uniform, sending you 3
2024-10-14 22:32:28.072801 Kilo: Papa and Zulu, sending you 3
2024-10-14 22:32:28.074873 Charlie: Lima, Whiskey and Uniform, sending you 3
2024-10-14 22:32:28.076668 Bravo: Hotel, sending you 5
2024-10-14 22:32:28.077514 Oscar: Charlie, sending you 1
2024-10-14 22:32:28.080675 Charlie: Hotel, sending you 2
2024-10-14 22:32:28.083142 Hotel: Charlie, sending you 1
2024-10-14 22:32:28.084668 Charlie: Papa, sending you 5
2024-10-14 22:32:28.087697 Whiskey: Charlie, Bravo and Hotel, sending you 2
2024-10-14 22:32:28.089035 Hotel: Bravo, sending you 5
2024-10-14 22:32:28.089831 Uniform: Charlie, Bravo and Hotel, sending you 3
2024-10-14 22:32:28.093685 Whiskey: Lima, Papa and Uniform, sending you 1
2024-10-14 22:32:28.094929 Hotel: Lima and Uniform, sending you 3
2024-10-14 22:32:28.095870 Uniform: Lima and Whiskey, sending you 1
2024-10-14 22:32:28.098700 Hotel: Papa and Whiskey, sending you 2
2024-10-14 22:32:28.099590 Uniform: Papa, sending you 2
chatterbot Hotel submitting transactions
chatterbot Papa submitting transactions
chatterbot Charlie submitting transactions
chatterbot Uniform submitting transactions
chatterbot Bravo submitting transactions
chatterbot Kilo submitting transactions
chatterbot Zulu submitting transactions
chatterbot Oscar submitting transactions
chatterbot Lima submitting transactions
chatterbot Whiskey submitting transactions
ChatterBot Charlie round 9
ChatterBot Bravo round 9
ChatterBot Lima round 9
ChatterBot Hotel round 9
ChatterBot Kilo round 9
ChatterBot Papa round 9
ChatterBot Oscar round 9
ChatterBot Whiskey round 9
ChatterBot Zulu round 9
ChatterBot Uniform round 9
2024-10-14 22:32:29.341876 Kilo: I was attacked by Lima
ChatterBot Zulu reevaluating
ChatterBot Papa reevaluating
2024-10-14 22:32:29.352580 Kilo: I'm keeping this round to protect myself
2024-10-14 22:32:29.353478 Kilo: Ow
2024-10-14 22:32:29.353992 Zulu: We should replace Papa with Whiskey
ChatterBot Kilo reevaluating
2024-10-14 22:32:29.361283 Kilo: No
ChatterBot Zulu reevaluating
2024-10-14 22:32:29.366672 Lima: Charlie, Bravo, Hotel and Papa, sending you 3
2024-10-14 22:32:29.367544 Charlie: Bravo, sending you 1
2024-10-14 22:32:29.368338 Hotel: Charlie, sending you 1
2024-10-14 22:32:29.370343 Kilo: We should drop Papa
ChatterBot Zulu reevaluating
2024-10-14 22:32:29.373670 Zulu: Yes
ChatterBot Kilo reevaluating
2024-10-14 22:32:29.377172 Zulu: We should replace Papa with Charlie
ChatterBot Kilo reevaluating
2024-10-14 22:32:29.379862 Kilo: Yes
ChatterBot Zulu reevaluating
2024-10-14 22:32:29.383286 Charlie: Lima and Hotel, sending you 2
2024-10-14 22:32:29.384383 Lima: Whiskey, sending you 2
2024-10-14 22:32:29.384932 Hotel: Bravo, sending you 6
2024-10-14 22:32:29.387930 Uniform: Charlie, Bravo and Hotel, sending you 3
2024-10-14 22:32:29.389005 Bravo: Lima, Whiskey and Uniform, sending you 3
2024-10-14 22:32:29.390005 Charlie: Papa, sending you 5
2024-10-14 22:32:29.390913 Lima: Uniform, sending you 1
2024-10-14 22:32:29.392239 Hotel: Lima, Papa and Whiskey, sending you 2
2024-10-14 22:32:29.393034 Whiskey: Charlie, Bravo and Hotel, sending you 2
2024-10-14 22:32:29.393908 Uniform: Lima and Whiskey, sending you 1
2024-10-14 22:32:29.395395 Zulu: Whiskey we want you to join our group
2024-10-14 22:32:29.399340 Whiskey: No
ChatterBot Zulu reevaluating
ChatterBot Kilo reevaluating
2024-10-14 22:32:29.407669 Zulu: We should replace Papa with Uniform
ChatterBot Kilo reevaluating
2024-10-14 22:32:29.412408 Kilo: No
ChatterBot Zulu reevaluating
2024-10-14 22:32:29.416908 Bravo: Hotel, sending you 5
2024-10-14 22:32:29.417922 Charlie: Whiskey and Uniform, sending you 3
2024-10-14 22:32:29.418840 Hotel: Uniform, sending you 3
2024-10-14 22:32:29.419751 Whiskey: Lima, Papa and Uniform, sending you 1
2024-10-14 22:32:29.421258 Uniform: Papa, sending you 2
2024-10-14 22:32:29.422512 Bravo: Papa, sending you 4
2024-10-14 22:32:29.432297 Zulu: Charlie we want you to join our group
2024-10-14 22:32:29.438400 Charlie: No
ChatterBot Zulu reevaluating
ChatterBot Kilo reevaluating
2024-10-14 22:32:29.448207 Zulu: We should replace Papa with Hotel
ChatterBot Kilo reevaluating
2024-10-14 22:32:29.452138 Kilo: No
ChatterBot Zulu reevaluating
2024-10-14 22:32:29.488687 Zulu: Kilo, sending you 17
chatterbot Hotel submitting transactions
chatterbot Papa submitting transactions
chatterbot Whiskey submitting transactions
chatterbot Kilo submitting transactions
chatterbot Oscar submitting transactions
chatterbot Charlie submitting transactions
chatterbot Zulu submitting transactions
chatterbot Lima submitting transactions
chatterbot Bravo submitting transactions
chatterbot Uniform submitting transactions
ChatterBot Charlie round 10
ChatterBot Bravo round 10
ChatterBot Lima round 10
ChatterBot Hotel round 10
ChatterBot Kilo round 10
ChatterBot Papa round 10
ChatterBot Oscar round 10
ChatterBot Whiskey round 10
ChatterBot Zulu round 10
2024-10-14 22:32:30.541636 Zulu: We should replace Whiskey with Hotel
2024-10-14 22:32:30.544619 Kilo: No
ChatterBot Zulu reevaluating
ChatterBot Uniform round 10
2024-10-14 22:32:30.571341 Kilo: We should drop Charlie
ChatterBot Zulu reevaluating
2024-10-14 22:32:30.574316 Zulu: Yes
2024-10-14 22:32:30.580782 Zulu: Hotel we want you to join our group
2024-10-14 22:32:30.585207 Hotel: No
ChatterBot Zulu reevaluating
2024-10-14 22:32:30.592091 Lima: Charlie, Bravo, Hotel and Papa, sending you 3
2024-10-14 22:32:30.593494 Charlie: Lima, Whiskey and Uniform, sending you 3
2024-10-14 22:32:30.595668 Lima: Whiskey, sending you 2
2024-10-14 22:32:30.596906 Charlie: Hotel, sending you 2
2024-10-14 22:32:30.598028 Hotel: Charlie, sending you 1
2024-10-14 22:32:30.599427 Whiskey: Charlie, Bravo and Hotel, sending you 2
2024-10-14 22:32:30.600651 Bravo: Charlie, sending you 1
2024-10-14 22:32:30.601817 Uniform: Charlie, Bravo and Hotel, sending you 3
2024-10-14 22:32:30.603119 Oscar: Charlie, sending you 1
2024-10-14 22:32:30.604517 Charlie: Papa, sending you 5
2024-10-14 22:32:30.605754 Lima: Uniform, sending you 1
2024-10-14 22:32:30.606837 Hotel: Bravo, sending you 5
2024-10-14 22:32:30.607887 Whiskey: Lima, Papa and Uniform, sending you 1
2024-10-14 22:32:30.608972 Bravo: Lima, Papa, Whiskey and Uniform, sending you 3
2024-10-14 22:32:30.610052 Uniform: Lima and Whiskey, sending you 1
2024-10-14 22:32:30.611853 Hotel: Lima and Uniform, sending you 3
2024-10-14 22:32:30.612872 Bravo: Hotel, sending you 5
2024-10-14 22:32:30.613988 Zulu: Kilo, sending you 17
2024-10-14 22:32:30.614708 Uniform: Papa, sending you 2
2024-10-14 22:32:30.615820 Kilo: Sending you 2
2024-10-14 22:32:30.617903 Hotel: Papa and Whiskey, sending you 2
chatterbot Papa submitting transactions
chatterbot Bravo submitting transactions
chatterbot Zulu submitting transactions
chatterbot Charlie submitting transactions
chatterbot Lima submitting transactions
chatterbot Kilo submitting transactions
chatterbot Uniform submitting transactions
chatterbot Oscar submitting transactions
chatterbot Whiskey submitting transactions
chatterbot Hotel submitting transactions
ChatterBot Charlie round 11
ChatterBot Bravo round 11
ChatterBot Lima round 11
ChatterBot Hotel round 11
ChatterBot Kilo round 11
ChatterBot Papa round 11
ChatterBot Oscar round 11
ChatterBot Whiskey round 11
ChatterBot Zulu round 11
ChatterBot Uniform round 11
2024-10-14 22:32:31.859707 Bravo: Charlie, sending you 1
2024-10-14 22:32:31.863676 Bravo: Lima, Papa, Whiskey and Uniform, sending you 3
2024-10-14 22:32:31.867656 Charlie: Lima, Whiskey and Uniform, sending you 3
2024-10-14 22:32:31.869418 Bravo: Hotel, sending you 5
2024-10-14 22:32:31.872683 Whiskey: Charlie, Bravo and Hotel, sending you 2
2024-10-14 22:32:31.873726 Charlie: Hotel, sending you 2
2024-10-14 22:32:31.875155 Lima: Charlie, Bravo, Hotel and Papa, sending you 3
2024-10-14 22:32:31.876339 Hotel: Charlie, sending you 1
2024-10-14 22:32:31.877317 Uniform: Charlie, Bravo and Hotel, sending you 3
2024-10-14 22:32:31.878445 Zulu: Kilo, sending you 17
2024-10-14 22:32:31.878753 Whiskey: Lima, Papa and Uniform, sending you 1
2024-10-14 22:32:31.880116 Charlie: Papa, sending you 5
2024-10-14 22:32:31.881020 Kilo: Oscar, sending you 3
2024-10-14 22:32:31.881291 Lima: Whiskey, sending you 2
2024-10-14 22:32:31.882088 Hotel: Bravo, sending you 5
2024-10-14 22:32:31.883270 Uniform: Lima and Whiskey, sending you 1
2024-10-14 22:32:31.884668 Lima: Uniform, sending you 1
2024-10-14 22:32:31.886120 Kilo: Zulu, sending you 2
2024-10-14 22:32:31.886392 Hotel: Lima and Uniform, sending you 3
2024-10-14 22:32:31.889290 Uniform: Papa, sending you 2
2024-10-14 22:32:31.892045 Hotel: Papa and Whiskey, sending you 2
chatterbot Hotel submitting transactions
chatterbot Bravo submitting transactions
chatterbot Papa submitting transactions
chatterbot Lima submitting transactions
chatterbot Zulu submitting transactions
chatterbot Kilo submitting transactions
chatterbot Oscar submitting transactions
chatterbot Charlie submitting transactions
chatterbot Uniform submitting transactions
chatterbot Whiskey submitting transactions
ChatterBot Charlie round 12
ChatterBot Bravo round 12
ChatterBot Lima round 12
ChatterBot Hotel round 12
ChatterBot Kilo round 12
ChatterBot Papa round 12
ChatterBot Oscar round 12
ChatterBot Whiskey round 12
ChatterBot Zulu round 12
ChatterBot Uniform round 12
2024-10-14 22:32:33.140224 Kilo: We should drop Oscar
2024-10-14 22:32:33.146195 Zulu: Yes
2024-10-14 22:32:33.153661 Lima: Charlie, Bravo, Hotel and Papa, sending you 3
2024-10-14 22:32:33.155141 Bravo: Lima, Papa, Whiskey and Uniform, sending you 3
2024-10-14 22:32:33.158339 Charlie: Lima, Whiskey and Uniform, sending you 3
2024-10-14 22:32:33.160744 Hotel: Charlie, sending you 1
2024-10-14 22:32:33.162330 Lima: Whiskey, sending you 2
2024-10-14 22:32:33.164592 Bravo: Hotel, sending you 5
2024-10-14 22:32:33.165913 Whiskey: Charlie, Bravo and Hotel, sending you 2
2024-10-14 22:32:33.168138 Charlie: Hotel, sending you 2
2024-10-14 22:32:33.169509 Hotel: Bravo, sending you 5
2024-10-14 22:32:33.172687 Oscar: Charlie and Whiskey, sending you 1
2024-10-14 22:32:33.180310 Lima: Uniform, sending you 1
2024-10-14 22:32:33.183160 Whiskey: Lima, Papa and Uniform, sending you 1
2024-10-14 22:32:33.184932 Charlie: Papa, sending you 5
2024-10-14 22:32:33.186489 Hotel: Lima and Uniform, sending you 3
2024-10-14 22:32:33.188685 Uniform: Charlie, Bravo and Hotel, sending you 3
2024-10-14 22:32:33.190672 Kilo: Same as last round
2024-10-14 22:32:33.193674 Hotel: Papa and Whiskey, sending you 2
2024-10-14 22:32:33.195847 Uniform: Lima and Whiskey, sending you 1
2024-10-14 22:32:33.202668 Uniform: Papa, sending you 2
chatterbot Charlie submitting transactions
chatterbot Oscar submitting transactions
chatterbot Zulu submitting transactions
chatterbot Hotel submitting transactions
chatterbot Uniform submitting transactions
chatterbot Kilo submitting transactions
chatterbot Papa submitting transactions
chatterbot Bravo submitting transactions
chatterbot Lima submitting transactions
chatterbot Whiskey submitting transactions
ChatterBot Charlie round 13
ChatterBot Bravo round 13
ChatterBot Lima round 13
ChatterBot Hotel round 13
ChatterBot Kilo round 13
ChatterBot Papa round 13
ChatterBot Oscar round 13
ChatterBot Whiskey round 13
ChatterBot Zulu round 13
ChatterBot Uniform round 13
2024-10-14 22:32:34.427758 Uniform: We should drop Whiskey
ChatterBot Papa reevaluating
2024-10-14 22:32:34.445739 Charlie: No
2024-10-14 22:32:34.445896 Bravo: No
2024-10-14 22:32:34.446022 Lima: No
2024-10-14 22:32:34.446138 Hotel: No
2024-10-14 22:32:34.446249 Papa: No
ChatterBot Uniform reevaluating
ChatterBot Papa reevaluating
ChatterBot Uniform reevaluating
ChatterBot Papa reevaluating
ChatterBot Uniform reevaluating
ChatterBot Papa reevaluating
ChatterBot Uniform reevaluating
ChatterBot Papa reevaluating
ChatterBot Uniform reevaluating
2024-10-14 22:32:34.527484 Hotel: Charlie, sending you 1
2024-10-14 22:32:34.529324 Oscar: Charlie and Whiskey, sending you 1
2024-10-14 22:32:34.530388 Bravo: Lima, Papa, Whiskey and Uniform, sending you 3
2024-10-14 22:32:34.532684 Hotel: Bravo, sending you 5
2024-10-14 22:32:34.534708 Charlie: Lima, Whiskey and Uniform, sending you 3
2024-10-14 22:32:34.536957 Zulu: Sending you 17
2024-10-14 22:32:34.537258 Kilo: Same as last round
2024-10-14 22:32:34.537504 Lima: Charlie, Bravo, Hotel and Papa, sending you 3
2024-10-14 22:32:34.539135 Whiskey: Charlie, Bravo and Hotel, sending you 2
2024-10-14 22:32:34.540121 Bravo: Hotel, sending you 5
2024-10-14 22:32:34.541516 Hotel: Lima and Uniform, sending you 3
2024-10-14 22:32:34.542883 Charlie: Hotel, sending you 2
2024-10-14 22:32:34.543814 Lima: Whiskey, sending you 2
2024-10-14 22:32:34.544905 Whiskey: Lima, Papa and Uniform, sending you 1
2024-10-14 22:32:34.547007 Hotel: Papa and Whiskey, sending you 2
2024-10-14 22:32:34.549014 Charlie: Papa, sending you 5
2024-10-14 22:32:34.550799 Lima: Uniform, sending you 1
2024-10-14 22:32:34.552831 Uniform: Charlie, Bravo and Hotel, sending you 3
2024-10-14 22:32:34.560087 Uniform: Lima and Whiskey, sending you 1
2024-10-14 22:32:34.565774 Uniform: Papa, sending you 2
chatterbot Oscar submitting transactions
chatterbot Kilo submitting transactions
chatterbot Charlie submitting transactions
chatterbot Uniform submitting transactions
chatterbot Whiskey submitting transactions
chatterbot Bravo submitting transactions
chatterbot Lima submitting transactions
chatterbot Hotel submitting transactions
chatterbot Zulu submitting transactions
chatterbot Papa submitting transactions
ChatterBot Charlie round 14
ChatterBot Bravo round 14
ChatterBot Lima round 14
ChatterBot Hotel round 14
ChatterBot Kilo round 14
ChatterBot Papa round 14
ChatterBot Oscar round 14
ChatterBot Whiskey round 14
ChatterBot Zulu round 14
ChatterBot Uniform round 14
2024-10-14 22:32:35.782192 Zulu: We should add Bravo
2024-10-14 22:32:35.785671 Kilo: No
ChatterBot Zulu reevaluating
2024-10-14 22:32:35.800580 Hotel: We should drop Whiskey
2024-10-14 22:32:35.816823 Uniform: No
2024-10-14 22:32:35.817004 Charlie: No
2024-10-14 22:32:35.817148 Bravo: No
2024-10-14 22:32:35.817280 Lima: No
2024-10-14 22:32:35.817406 Papa: No
ChatterBot Hotel reevaluating
ChatterBot Uniform reevaluating
ChatterBot Hotel reevaluating
ChatterBot Uniform reevaluating
ChatterBot Hotel reevaluating
ChatterBot Uniform reevaluating
ChatterBot Hotel reevaluating
2024-10-14 22:32:35.913655 Charlie: Lima, Whiskey and Uniform, sending you 3
2024-10-14 22:32:35.914878 Lima: Charlie, Bravo, Hotel and Papa, sending you 3
2024-10-14 22:32:35.915931 Bravo: Lima, Papa, Whiskey and Uniform, sending you 3
2024-10-14 22:32:35.917690 Charlie: Hotel, sending you 2
2024-10-14 22:32:35.918880 Lima: Whiskey, sending you 2
2024-10-14 22:32:35.921804 Bravo: Hotel, sending you 5
2024-10-14 22:32:35.923663 Charlie: Papa, sending you 5
2024-10-14 22:32:35.925072 Lima: Uniform, sending you 1
2024-10-14 22:32:35.926357 Oscar: Charlie, sending you 1
2024-10-14 22:32:35.927094 Kilo: Same as last round
2024-10-14 22:32:35.930711 Whiskey: Charlie, Bravo and Hotel, sending you 2
2024-10-14 22:32:35.934672 Whiskey: Lima, Papa and Uniform, sending you 1
2024-10-14 22:32:35.937673 Hotel: Charlie, sending you 1
2024-10-14 22:32:35.939269 Uniform: Charlie, Bravo and Hotel, sending you 3
2024-10-14 22:32:35.941653 Hotel: Bravo, sending you 5
2024-10-14 22:32:35.943668 Uniform: Lima and Whiskey, sending you 1
2024-10-14 22:32:35.946274 Hotel: Lima and Uniform, sending you 3
2024-10-14 22:32:35.949698 Hotel: Papa and Whiskey, sending you 2
2024-10-14 22:32:35.951126 Uniform: Papa, sending you 2
chatterbot Oscar submitting transactions
chatterbot Bravo submitting transactions
chatterbot Zulu submitting transactions
chatterbot Kilo submitting transactions
chatterbot Hotel submitting transactions
chatterbot Lima submitting transactions
chatterbot Uniform submitting transactions
chatterbot Papa submitting transactions
chatterbot Charlie submitting transactions
chatterbot Whiskey submitting transactions
ChatterBot Charlie round 15
ChatterBot Bravo round 15
ChatterBot Lima round 15
ChatterBot Hotel round 15
ChatterBot Kilo round 15
ChatterBot Papa round 15
ChatterBot Oscar round 15
ChatterBot Whiskey round 15
ChatterBot Zulu round 15
ChatterBot Uniform round 15
2024-10-14 22:32:36.951649 Hotel: Charlie, sending you 1
2024-10-14 22:32:36.953533 Lima: Charlie, Bravo, Hotel and Papa, sending you 3
2024-10-14 22:32:36.956894 Hotel: Bravo, sending you 5
2024-10-14 22:32:36.958708 Lima: Whiskey, sending you 2
2024-10-14 22:32:36.962689 Hotel: Lima and Uniform, sending you 3
2024-10-14 22:32:36.965381 Lima: Uniform, sending you 1
2024-10-14 22:32:36.968072 Bravo: Lima, Papa, Whiskey and Uniform, sending you 3
2024-10-14 22:32:36.971128 Hotel: Papa and Whiskey, sending you 2
2024-10-14 22:32:36.972431 Oscar: Charlie, sending you 1
2024-10-14 22:32:36.973140 Kilo: Same as last round
2024-10-14 22:32:36.973459 Charlie: Lima, Whiskey and Uniform, sending you 3
2024-10-14 22:32:36.974671 Bravo: Hotel, sending you 5
2024-10-14 22:32:36.976811 Uniform: Charlie, Bravo and Hotel, sending you 3
2024-10-14 22:32:36.977929 Whiskey: Charlie, Bravo and Hotel, sending you 2
2024-10-14 22:32:36.979094 Charlie: Hotel, sending you 2
2024-10-14 22:32:36.981705 Uniform: Lima and Whiskey, sending you 1
2024-10-14 22:32:36.984643 Whiskey: Lima, Papa and Uniform, sending you 1
2024-10-14 22:32:36.985966 Charlie: Papa, sending you 5
2024-10-14 22:32:36.988696 Uniform: Papa, sending you 2
chatterbot Uniform submitting transactions
chatterbot Oscar submitting transactions
chatterbot Bravo submitting transactions
chatterbot Zulu submitting transactions
chatterbot Whiskey submitting transactions
chatterbot Charlie submitting transactions
chatterbot Kilo submitting transactions
chatterbot Lima submitting transactions
chatterbot Papa submitting transactions
