ChatterBot Hotel round 1
ChatterBot Zulu round 1
ChatterBot Mike round 1
ChatterBot Lima round 1
ChatterBot Alpha round 1
ChatterBot India round 1
ChatterBot Charlie round 1
ChatterBot November round 1
ChatterBot Golf round 1
ChatterBot Echo round 1
randomSelections India: {India, Lima, Alpha, Mike, Zulu, Hotel} 
2024-10-14 22:32:17.018485 India: We should group up
ChatterBot Lima reevaluating
ChatterBot Alpha reevaluating
ChatterBot Mike reevaluating
ChatterBot Zulu reevaluating
ChatterBot Hotel reevaluating
2024-10-14 22:32:17.030640 Lima: Yes
2024-10-14 22:32:17.031488 Alpha: Yes
2024-10-14 22:32:17.031631 Mike: Yes
2024-10-14 22:32:17.031744 Zulu: Yes
2024-10-14 22:32:17.031855 Hotel: Yes
ChatterBot Alpha reevaluating
ChatterBot Mike reevaluating
ChatterBot Zulu reevaluating
ChatterBot Hotel reevaluating
ChatterBot Lima reevaluating
ChatterBot Mike reevaluating
ChatterBot Zulu reevaluating
ChatterBot Hotel reevaluating
ChatterBot Lima reevaluating
ChatterBot Alpha reevaluating
ChatterBot Zulu reevaluating
ChatterBot Hotel reevaluating
ChatterBot Lima reevaluating
ChatterBot Alpha reevaluating
ChatterBot Mike reevaluating
ChatterBot Hotel reevaluating
ChatterBot Lima reevaluating
ChatterBot Alpha reevaluating
ChatterBot Mike reevaluating
ChatterBot Zulu reevaluating
randomSelections Charlie: {Charlie, November, Lima, Hotel, Alpha, Echo, Zulu, India} 
2024-10-14 22:32:17.072866 Charlie: Friends?
ChatterBot November reevaluating
ChatterBot Lima reevaluating
ChatterBot Hotel reevaluating
ChatterBot Alpha reevaluating
ChatterBot Echo reevaluating
ChatterBot Zulu reevaluating
2024-10-14 22:32:17.083468 November: Yes
2024-10-14 22:32:17.083650 Lima: No
2024-10-14 22:32:17.083762 Hotel: No
2024-10-14 22:32:17.083864 Alpha: No
2024-10-14 22:32:17.083994 Echo: Yes
2024-10-14 22:32:17.084650 Zulu: No
2024-10-14 22:32:17.084749 India: No
ChatterBot Lima reevaluating
ChatterBot Hotel reevaluating
ChatterBot Alpha reevaluating
ChatterBot Echo reevaluating
ChatterBot Zulu reevaluating
ChatterBot November reevaluating
ChatterBot Hotel reevaluating
ChatterBot Alpha reevaluating
ChatterBot Echo reevaluating
ChatterBot Zulu reevaluating
ChatterBot November reevaluating
ChatterBot Lima reevaluating
ChatterBot Alpha reevaluating
ChatterBot Echo reevaluating
ChatterBot Zulu reevaluating
ChatterBot November reevaluating
ChatterBot Lima reevaluating
ChatterBot Hotel reevaluating
ChatterBot Echo reevaluating
ChatterBot Zulu reevaluating
ChatterBot November reevaluating
ChatterBot Lima reevaluating
ChatterBot Hotel reevaluating
ChatterBot Alpha reevaluating
ChatterBot Zulu reevaluating
ChatterBot November reevaluating
ChatterBot Lima reevaluating
ChatterBot Hotel reevaluating
ChatterBot Alpha reevaluating
ChatterBot Echo reevaluating
ChatterBot November reevaluating
ChatterBot Lima reevaluating
ChatterBot Hotel reevaluating
ChatterBot Alpha reevaluating
ChatterBot Echo reevaluating
ChatterBot Zulu reevaluating
randomSelections Golf: {Golf, Charlie, November, India, Lima, Mike, Echo, Alpha} 
2024-10-14 22:32:17.162417 Golf: Can we be friends?
ChatterBot November reevaluating
ChatterBot Lima reevaluating
ChatterBot Mike reevaluating
ChatterBot Echo reevaluating
ChatterBot Alpha reevaluating
2024-10-14 22:32:17.175914 Charlie: No
2024-10-14 22:32:17.176067 November: No
2024-10-14 22:32:17.176194 India: No
2024-10-14 22:32:17.176323 Lima: No
2024-10-14 22:32:17.176971 Mike: No
2024-10-14 22:32:17.177119 Echo: No
2024-10-14 22:32:17.177284 Alpha: No
ChatterBot November reevaluating
ChatterBot Lima reevaluating
ChatterBot Mike reevaluating
ChatterBot Echo reevaluating
ChatterBot Alpha reevaluating
ChatterBot Lima reevaluating
ChatterBot Mike reevaluating
ChatterBot Echo reevaluating
ChatterBot Alpha reevaluating
ChatterBot November reevaluating
ChatterBot Lima reevaluating
ChatterBot Mike reevaluating
ChatterBot Echo reevaluating
ChatterBot Alpha reevaluating
ChatterBot November reevaluating
ChatterBot Mike reevaluating
ChatterBot Echo reevaluating
ChatterBot Alpha reevaluating
ChatterBot November reevaluating
ChatterBot Lima reevaluating
ChatterBot Echo reevaluating
ChatterBot Alpha reevaluating
ChatterBot November reevaluating
ChatterBot Lima reevaluating
ChatterBot Mike reevaluating
ChatterBot Alpha reevaluating
ChatterBot November reevaluating
ChatterBot Lima reevaluating
ChatterBot Mike reevaluating
ChatterBot Echo reevaluating
2024-10-14 22:32:17.258689 Golf: Mike and India, sending you 4
2024-10-14 22:32:17.260682 India: Hotel, sending you 5
2024-10-14 22:32:17.263695 Golf: Alpha, sending you 1
2024-10-14 22:32:17.264691 India: Zulu, sending you 3
2024-10-14 22:32:17.266692 Hotel: Zulu and Mike, sending you 2
2024-10-14 22:32:17.267653 Golf: Charlie, November and Echo, sending you 2
2024-10-14 22:32:17.267969 Zulu: Hotel, sending you 2
2024-10-14 22:32:17.268208 Mike: Hotel and Alpha, sending you 1
2024-10-14 22:32:17.268694 November: Hotel, sending you 4
2024-10-14 22:32:17.269079 Lima: Zulu, sending you 4
2024-10-14 22:32:17.269661 India: Mike, sending you 1
2024-10-14 22:32:17.271661 Hotel: Lima, sending you 3
2024-10-14 22:32:17.272672 Zulu: Mike, sending you 4
2024-10-14 22:32:17.272936 Mike: Zulu, sending you 7
2024-10-14 22:32:17.273173 November: Zulu and India, sending you 2
2024-10-14 22:32:17.273441 Lima: Mike and India, sending you 3
2024-10-14 22:32:17.273654 India: Lima, sending you 2
2024-10-14 22:32:17.273871 Alpha: Hotel, Mike and Lima, sending you 4
2024-10-14 22:32:17.274696 Charlie: Hotel and India, sending you 3
2024-10-14 22:32:17.275670 Hotel: Alpha, sending you 6
2024-10-14 22:32:17.276685 Zulu: Lima, sending you 6
2024-10-14 22:32:17.277012 Mike: Lima, sending you 4
2024-10-14 22:32:17.277289 India: Alpha, sending you 4
2024-10-14 22:32:17.277563 Alpha: Zulu, sending you 1
2024-10-14 22:32:17.277823 November: Lima and Echo, sending you 1
2024-10-14 22:32:17.278062 Lima: Alpha, sending you 7
2024-10-14 22:32:17.278659 Charlie: Zulu and November, sending you 1
2024-10-14 22:32:17.278976 Echo: Hotel, India and Charlie, sending you 4
2024-10-14 22:32:17.279252 Hotel: India, sending you 5
2024-10-14 22:32:17.280663 Mike: India, sending you 5
2024-10-14 22:32:17.281001 Alpha: India, sending you 3
2024-10-14 22:32:17.281293 November: Alpha and Charlie, sending you 3
2024-10-14 22:32:17.281691 Zulu: Alpha, sending you 3
2024-10-14 22:32:17.281934 Echo: Zulu, sending you 1
2024-10-14 22:32:17.283657 Charlie: Lima, sending you 5
2024-10-14 22:32:17.285671 Echo: Lima, sending you 2
2024-10-14 22:32:17.286656 Zulu: India, sending you 1
2024-10-14 22:32:17.287672 Charlie: Alpha, sending you 2
2024-10-14 22:32:17.288672 Echo: Alpha, sending you 3
2024-10-14 22:32:17.290671 Charlie: Echo, sending you 4
chatterbot India submitting transactions
chatterbot Golf submitting transactions
chatterbot Lima submitting transactions
chatterbot Zulu submitting transactions
chatterbot Mike submitting transactions
chatterbot November submitting transactions
chatterbot Alpha submitting transactions
chatterbot Echo submitting transactions
chatterbot Hotel submitting transactions
chatterbot Charlie submitting transactions
ChatterBot Hotel round 2
ChatterBot Zulu round 2
ChatterBot Mike round 2
ChatterBot Lima round 2
ChatterBot Alpha round 2
ChatterBot India round 2
ChatterBot Charlie round 2
ChatterBot November round 2
ChatterBot Golf round 2
ChatterBot Echo round 2
2024-10-14 22:32:18.844799 Charlie: We should group up
ChatterBot November reevaluating
ChatterBot Golf reevaluating
ChatterBot Echo reevaluating
2024-10-14 22:32:18.856021 November: Yes
2024-10-14 22:32:18.856563 Golf: Yes
2024-10-14 22:32:18.856695 Echo: Yes
ChatterBot Golf reevaluating
ChatterBot Echo reevaluating
ChatterBot November reevaluating
ChatterBot Echo reevaluating
ChatterBot November reevaluating
ChatterBot Golf reevaluating
2024-10-14 22:32:18.893425 India: We should group up
ChatterBot Zulu reevaluating
ChatterBot Mike reevaluating
ChatterBot Lima reevaluating
ChatterBot Hotel reevaluating
ChatterBot Alpha reevaluating
ChatterBot Charlie reevaluating
ChatterBot November reevaluating
ChatterBot Golf reevaluating
ChatterBot Echo reevaluating
2024-10-14 22:32:18.929082 Zulu: No
2024-10-14 22:32:18.929310 Mike: No
2024-10-14 22:32:18.929845 Lima: No
2024-10-14 22:32:18.929957 Hotel: No
2024-10-14 22:32:18.930064 Alpha: No
2024-10-14 22:32:18.930188 Charlie: Yes
2024-10-14 22:32:18.930289 November: No
2024-10-14 22:32:18.930415 Golf: No
2024-10-14 22:32:18.930515 Echo: No
ChatterBot Mike reevaluating
ChatterBot Lima reevaluating
ChatterBot Hotel reevaluating
ChatterBot Alpha reevaluating
ChatterBot Charlie reevaluating
ChatterBot November reevaluating
ChatterBot Golf reevaluating
ChatterBot Echo reevaluating
ChatterBot Zulu reevaluating
ChatterBot Lima reevaluating
ChatterBot Hotel reevaluating
ChatterBot Alpha reevaluating
ChatterBot Charlie reevaluating
ChatterBot November reevaluating
ChatterBot Golf reevaluating
ChatterBot Echo reevaluating
ChatterBot Zulu reevaluating
ChatterBot Mike reevaluating
ChatterBot Hotel reevaluating
ChatterBot Alpha reevaluating
ChatterBot Charlie reevaluating
ChatterBot November reevaluating
ChatterBot Golf reevaluating
ChatterBot Echo reevaluating
ChatterBot Zulu reevaluating
ChatterBot Mike reevaluating
ChatterBot Lima reevaluating
ChatterBot Alpha reevaluating
ChatterBot Charlie reevaluating
ChatterBot November reevaluating
ChatterBot Golf reevaluating
ChatterBot Echo reevaluating
ChatterBot Zulu reevaluating
ChatterBot Mike reevaluating
ChatterBot Lima reevaluating
ChatterBot Hotel reevaluating
ChatterBot Charlie reevaluating
ChatterBot November reevaluating
ChatterBot Golf reevaluating
ChatterBot Echo reevaluating
ChatterBot Zulu reevaluating
ChatterBot Mike reevaluating
ChatterBot Lima reevaluating
ChatterBot Hotel reevaluating
ChatterBot Alpha reevaluating
ChatterBot November reevaluating
ChatterBot Golf reevaluating
ChatterBot Echo reevaluating
ChatterBot Zulu reevaluating
ChatterBot Mike reevaluating
ChatterBot Lima reevaluating
ChatterBot Hotel reevaluating
ChatterBot Alpha reevaluating
ChatterBot Charlie reevaluating
ChatterBot Golf reevaluating
ChatterBot Echo reevaluating
ChatterBot Zulu reevaluating
ChatterBot Mike reevaluating
ChatterBot Lima reevaluating
ChatterBot Hotel reevaluating
ChatterBot Alpha reevaluating
ChatterBot Charlie reevaluating
ChatterBot November reevaluating
ChatterBot Echo reevaluating
ChatterBot Zulu reevaluating
ChatterBot Mike reevaluating
ChatterBot Lima reevaluating
ChatterBot Hotel reevaluating
ChatterBot Alpha reevaluating
ChatterBot Charlie reevaluating
ChatterBot November reevaluating
ChatterBot Golf reevaluating
2024-10-14 22:32:19.501785 Mike: We should add Golf
2024-10-14 22:32:19.502151 Charlie: We should add Golf and Mike
ChatterBot Lima reevaluating
ChatterBot Alpha reevaluating
ChatterBot Zulu reevaluating
ChatterBot Hotel reevaluating
2024-10-14 22:32:19.526523 India: Yes
2024-10-14 22:32:19.526694 Lima: Yes
2024-10-14 22:32:19.526807 Alpha: Yes
2024-10-14 22:32:19.526914 Zulu: No
2024-10-14 22:32:19.527427 Hotel: No
ChatterBot November reevaluating
ChatterBot Lima reevaluating
ChatterBot Hotel reevaluating
ChatterBot Alpha reevaluating
ChatterBot Echo reevaluating
ChatterBot Zulu reevaluating
2024-10-14 22:32:19.565747 November: No
2024-10-14 22:32:19.565968 Lima: No
2024-10-14 22:32:19.566146 Hotel: No
2024-10-14 22:32:19.566293 Alpha: Yes
2024-10-14 22:32:19.566954 Echo: No
2024-10-14 22:32:19.567085 Zulu: No
2024-10-14 22:32:19.567243 India: Yes
ChatterBot Lima reevaluating
ChatterBot Alpha reevaluating
ChatterBot Mike reevaluating
ChatterBot Zulu reevaluating
ChatterBot Hotel reevaluating
ChatterBot Alpha reevaluating
ChatterBot Mike reevaluating
ChatterBot Zulu reevaluating
ChatterBot Hotel reevaluating
ChatterBot Charlie reevaluating
ChatterBot Echo reevaluating
ChatterBot Lima reevaluating
ChatterBot Mike reevaluating
ChatterBot Zulu reevaluating
ChatterBot Hotel reevaluating
ChatterBot Charlie reevaluating
ChatterBot November reevaluating
ChatterBot Echo reevaluating
ChatterBot Lima reevaluating
ChatterBot Alpha reevaluating
ChatterBot Mike reevaluating
ChatterBot Hotel reevaluating
ChatterBot Charlie reevaluating
ChatterBot November reevaluating
ChatterBot Echo reevaluating
ChatterBot Lima reevaluating
ChatterBot Alpha reevaluating
ChatterBot Mike reevaluating
ChatterBot Zulu reevaluating
ChatterBot Charlie reevaluating
ChatterBot November reevaluating
ChatterBot Echo reevaluating
ChatterBot Lima reevaluating
ChatterBot Alpha reevaluating
ChatterBot Zulu reevaluating
ChatterBot Hotel reevaluating
ChatterBot Charlie reevaluating
ChatterBot November reevaluating
ChatterBot Alpha reevaluating
ChatterBot Zulu reevaluating
ChatterBot Hotel reevaluating
ChatterBot Charlie reevaluating
ChatterBot November reevaluating
ChatterBot Echo reevaluating
ChatterBot Lima reevaluating
ChatterBot Alpha reevaluating
ChatterBot Zulu reevaluating
ChatterBot Charlie reevaluating
ChatterBot November reevaluating
ChatterBot Echo reevaluating
ChatterBot Lima reevaluating
ChatterBot Zulu reevaluating
ChatterBot Hotel reevaluating
ChatterBot Lima reevaluating
ChatterBot Alpha reevaluating
ChatterBot Zulu reevaluating
ChatterBot Hotel reevaluating
ChatterBot Lima reevaluating
ChatterBot Alpha reevaluating
ChatterBot Hotel reevaluating
ChatterBot Lima reevaluating
ChatterBot Alpha reevaluating
ChatterBot Zulu reevaluating
ChatterBot Hotel reevaluating
2024-10-14 22:32:20.052564 Mike: Golf we want you to join our group
2024-10-14 22:32:20.057055 Golf: No
2024-10-14 22:32:20.093040 India: Hotel, Mike, Lima, Alpha, Charlie, Golf and Echo, sending you 2
2024-10-14 22:32:20.094368 November: Charlie, sending you 5
2024-10-14 22:32:20.094736 Echo: Charlie and Golf, sending you 4
2024-10-14 22:32:20.095568 Alpha: Hotel and Lima, sending you 4
2024-10-14 22:32:20.108341 India: November, sending you 1
2024-10-14 22:32:20.110090 Echo: November, sending you 3
2024-10-14 22:32:20.111221 November: Golf, sending you 7
2024-10-14 22:32:20.111827 Alpha: Zulu, November and Echo, sending you 2
2024-10-14 22:32:20.113566 Lima: Hotel, sending you 3
2024-10-14 22:32:20.115081 Golf: Sending you each 5
2024-10-14 22:32:20.116381 Hotel: Zulu, Mike and Lima, sending you 3
2024-10-14 22:32:20.117427 November: Echo, sending you 2
2024-10-14 22:32:20.118414 Alpha: Mike and Charlie, sending you 1
2024-10-14 22:32:20.119771 Lima: Zulu, sending you 5
2024-10-14 22:32:20.120621 Zulu: Hotel and Alpha, sending you 2
2024-10-14 22:32:20.121801 Hotel: Alpha, sending you 4
2024-10-14 22:32:20.122885 Mike: Hotel, sending you 2
2024-10-14 22:32:20.124813 Lima: Mike and Alpha, sending you 4
2024-10-14 22:32:20.126407 Alpha: India, sending you 3
2024-10-14 22:32:20.127748 Zulu: Mike, sending you 5
2024-10-14 22:32:20.128620 Hotel: India, sending you 5
2024-10-14 22:32:20.130314 Mike: Zulu, Alpha and Golf, sending you 4
2024-10-14 22:32:20.131553 Lima: India, sending you 1
2024-10-14 22:32:20.132892 Zulu: Lima, sending you 4
2024-10-14 22:32:20.136718 Mike: Lima, sending you 3
2024-10-14 22:32:20.138044 Zulu: India, sending you 3
2024-10-14 22:32:20.174727 Mike: India, sending you 1
2024-10-14 22:32:20.328596 Charlie: Hotel, Alpha and Golf, sending you 3
2024-10-14 22:32:20.340350 Charlie: India, sending you 2
2024-10-14 22:32:20.352511 Charlie: November and Echo, sending you 4
chatterbot Mike submitting transactions
chatterbot India submitting transactions
chatterbot Lima submitting transactions
chatterbot Alpha submitting transactions
chatterbot Zulu submitting transactions
chatterbot Charlie submitting transactions
chatterbot Echo submitting transactions
chatterbot Hotel submitting transactions
chatterbot Golf submitting transactions
chatterbot November submitting transactions
ChatterBot Hotel round 3
ChatterBot Zulu round 3
ChatterBot Mike round 3
ChatterBot Lima round 3
ChatterBot Alpha round 3
ChatterBot India round 3
ChatterBot Charlie round 3
ChatterBot November round 3
ChatterBot Golf round 3
ChatterBot Echo round 3
2024-10-14 22:32:21.334459 Echo: We should add India
ChatterBot November reevaluating
2024-10-14 22:32:21.344832 Charlie: Yes
2024-10-14 22:32:21.344973 November: Yes
2024-10-14 22:32:21.345090 Golf: No
ChatterBot November reevaluating
ChatterBot November reevaluating
2024-10-14 22:32:21.390046 Charlie: We should drop Hotel and Alpha
ChatterBot November reevaluating
ChatterBot Golf reevaluating
2024-10-14 22:32:21.404323 November: Yes
2024-10-14 22:32:21.404523 Golf: Yes
2024-10-14 22:32:21.404638 Echo: Yes
2024-10-14 22:32:21.404757 India: No
ChatterBot Golf reevaluating
ChatterBot November reevaluating
ChatterBot November reevaluating
ChatterBot Golf reevaluating
ChatterBot November reevaluating
ChatterBot Golf reevaluating
2024-10-14 22:32:21.455998 Mike: We should drop Golf
2024-10-14 22:32:21.469258 India: Yes
2024-10-14 22:32:21.469447 Lima: Yes
2024-10-14 22:32:21.469641 Alpha: Yes
2024-10-14 22:32:21.470285 Zulu: Yes
2024-10-14 22:32:21.470467 Hotel: Yes
2024-10-14 22:32:21.542390 Echo: India we want you to join our group
2024-10-14 22:32:21.545588 India: No
ChatterBot November reevaluating
ChatterBot Golf reevaluating
2024-10-14 22:32:21.806802 Alpha: Hotel and Lima, sending you 4
2024-10-14 22:32:21.808457 India: Hotel, sending you 5
chatterbot Alpha submitting transactions
2024-10-14 22:32:21.839951 Alpha: Zulu, sending you 2
2024-10-14 22:32:21.841524 India: Zulu and Lima, sending you 2
2024-10-14 22:32:21.843095 Mike: Hotel and Alpha, sending you 3
2024-10-14 22:32:21.843818 Hotel: Zulu, Mike and Lima, sending you 3
2024-10-14 22:32:21.845139 Zulu: Hotel, sending you 3
2024-10-14 22:32:21.846544 Echo: India, sending you 2
2024-10-14 22:32:21.847002 Charlie: India, sending you 4
2024-10-14 22:32:21.848035 Lima: Hotel and Mike, sending you 3
2024-10-14 22:32:21.849037 Alpha: Mike and India, sending you 3
2024-10-14 22:32:21.850434 India: Mike and Alpha, sending you 3
2024-10-14 22:32:21.851706 Mike: Zulu, sending you 6
2024-10-14 22:32:21.852946 Hotel: Alpha, sending you 5
2024-10-14 22:32:21.854687 Zulu: Mike, sending you 5
2024-10-14 22:32:21.856331 Echo: Charlie and Golf, sending you 4
2024-10-14 22:32:21.857082 Golf: India, sending you 2
2024-10-14 22:32:21.858285 Charlie: November, Golf and Echo, sending you 5
2024-10-14 22:32:21.858996 November: Charlie, sending you 5
2024-10-14 22:32:21.860377 Lima: Zulu, sending you 5
2024-10-14 22:32:21.862082 Mike: Lima, sending you 4
2024-10-14 22:32:21.864015 Hotel: India, sending you 4
2024-10-14 22:32:21.864958 Zulu: Lima, sending you 4
2024-10-14 22:32:21.866389 Echo: November, sending you 3
2024-10-14 22:32:21.867633 Golf: Charlie, sending you 3
2024-10-14 22:32:21.868444 November: Golf, sending you 7
2024-10-14 22:32:21.869700 Lima: Alpha, sending you 4
2024-10-14 22:32:21.871210 Mike: India, sending you 2
2024-10-14 22:32:21.873033 Zulu: Alpha and India, sending you 2
2024-10-14 22:32:21.874999 Golf: November, sending you 6
2024-10-14 22:32:21.875942 Lima: India, sending you 2
2024-10-14 22:32:21.877219 November: Echo, sending you 4
chatterbot Mike submitting transactions
2024-10-14 22:32:21.881649 Golf: Echo, sending you 4
chatterbot Lima submitting transactions
chatterbot Hotel submitting transactions
chatterbot Charlie submitting transactions
chatterbot Echo submitting transactions
chatterbot India submitting transactions
chatterbot November submitting transactions
chatterbot Golf submitting transactions
chatterbot Zulu submitting transactions
ChatterBot Hotel round 4
ChatterBot Zulu round 4
ChatterBot Mike round 4
ChatterBot Lima round 4
ChatterBot Alpha round 4
ChatterBot India round 4
ChatterBot Charlie round 4
ChatterBot November round 4
ChatterBot Golf round 4
ChatterBot Echo round 4
2024-10-14 22:32:22.669690 Zulu: Hotel, sending you 3
2024-10-14 22:32:22.674663 Zulu: Mike, sending you 5
2024-10-14 22:32:22.676120 Charlie: India, sending you 4
2024-10-14 22:32:22.679688 Zulu: Lima, sending you 4
2024-10-14 22:32:22.680683 Charlie: November, Golf and Echo, sending you 5
2024-10-14 22:32:22.681954 Hotel: Zulu, Mike and Lima, sending you 3
2024-10-14 22:32:22.682724 India: Hotel, sending you 5
2024-10-14 22:32:22.684132 Mike: Hotel, Alpha and India, sending you 3
2024-10-14 22:32:22.684664 Alpha: Hotel and Lima, sending you 4
2024-10-14 22:32:22.685221 Zulu: Alpha and India, sending you 2
2024-10-14 22:32:22.685649 Echo: Charlie, sending you 3
2024-10-14 22:32:22.686438 Lima: Hotel and Mike, sending you 3
2024-10-14 22:32:22.686873 India: Zulu and Lima, sending you 2
2024-10-14 22:32:22.687318 Hotel: Alpha, sending you 5
2024-10-14 22:32:22.687777 November: Charlie, sending you 5
2024-10-14 22:32:22.688728 Mike: Zulu, sending you 5
2024-10-14 22:32:22.689703 Alpha: Zulu, sending you 2
2024-10-14 22:32:22.690764 Echo: November and Golf, sending you 4
2024-10-14 22:32:22.691175 India: Mike and Alpha, sending you 3
2024-10-14 22:32:22.691847 Hotel: India, sending you 4
2024-10-14 22:32:22.693008 November: Golf, sending you 7
2024-10-14 22:32:22.693383 Lima: Zulu, sending you 5
2024-10-14 22:32:22.694026 Mike: Lima, sending you 4
2024-10-14 22:32:22.695130 Alpha: Mike and India, sending you 3
2024-10-14 22:32:22.697686 November: Echo, sending you 4
2024-10-14 22:32:22.698173 Golf: Charlie and Echo, sending you 4
2024-10-14 22:32:22.698683 Lima: Alpha, sending you 4
2024-10-14 22:32:22.702650 Golf: November, sending you 7
2024-10-14 22:32:22.702971 Lima: India, sending you 2
chatterbot India submitting transactions
chatterbot Golf submitting transactions
chatterbot November submitting transactions
chatterbot Echo submitting transactions
chatterbot Charlie submitting transactions
chatterbot Alpha submitting transactions
chatterbot Zulu submitting transactions
chatterbot Hotel submitting transactions
chatterbot Lima submitting transactions
chatterbot Mike submitting transactions
ChatterBot Hotel round 5
ChatterBot Zulu round 5
ChatterBot Mike round 5
ChatterBot Lima round 5
ChatterBot Alpha round 5
ChatterBot India round 5
ChatterBot Charlie round 5
ChatterBot November round 5
ChatterBot Golf round 5
ChatterBot Echo round 5
2024-10-14 22:32:23.849652 Hotel: Zulu, Mike and Lima, sending you 3
2024-10-14 22:32:23.854669 Hotel: Alpha, sending you 4
2024-10-14 22:32:23.856661 Mike: Hotel, Alpha and India, sending you 3
2024-10-14 22:32:23.857677 November: Charlie, sending you 5
2024-10-14 22:32:23.859677 Hotel: India, sending you 5
2024-10-14 22:32:23.860211 Lima: Hotel and Mike, sending you 3
2024-10-14 22:32:23.861162 Mike: Zulu, sending you 5
2024-10-14 22:32:23.861634 Golf: Charlie and Echo, sending you 4
2024-10-14 22:32:23.861957 November: Golf, sending you 7
2024-10-14 22:32:23.862663 Alpha: Hotel and Lima, sending you 4
2024-10-14 22:32:23.863670 Mike: Lima, sending you 4
2024-10-14 22:32:23.864668 November: Echo, sending you 4
2024-10-14 22:32:23.865661 Lima: Zulu, sending you 4
2024-10-14 22:32:23.866128 Golf: November, sending you 7
2024-10-14 22:32:23.866687 India: Hotel, sending you 5
2024-10-14 22:32:23.867160 Echo: Charlie, sending you 3
2024-10-14 22:32:23.867698 Alpha: Zulu, sending you 2
2024-10-14 22:32:23.869005 Zulu: Hotel, sending you 3
2024-10-14 22:32:23.869532 Lima: Alpha, sending you 5
2024-10-14 22:32:23.870684 Charlie: India, sending you 4
2024-10-14 22:32:23.871679 India: Zulu and Lima, sending you 2
2024-10-14 22:32:23.872215 Echo: November and Golf, sending you 4
2024-10-14 22:32:23.872492 Alpha: Mike and India, sending you 3
2024-10-14 22:32:23.873659 Zulu: Mike, sending you 5
2024-10-14 22:32:23.874216 Lima: India, sending you 2
2024-10-14 22:32:23.874632 Charlie: November, Golf and Echo, sending you 5
2024-10-14 22:32:23.876666 India: Mike and Alpha, sending you 3
2024-10-14 22:32:23.877668 Zulu: Lima, sending you 4
2024-10-14 22:32:23.882675 Zulu: Alpha and India, sending you 2
chatterbot Echo submitting transactions
chatterbot Alpha submitting transactions
chatterbot Charlie submitting transactions
chatterbot November submitting transactions
chatterbot Mike submitting transactions
chatterbot India submitting transactions
chatterbot Hotel submitting transactions
chatterbot Zulu submitting transactions
chatterbot Lima submitting transactions
chatterbot Golf submitting transactions
ChatterBot Hotel round 6
ChatterBot Zulu round 6
ChatterBot Mike round 6
ChatterBot Lima round 6
ChatterBot Alpha round 6
ChatterBot India round 6
ChatterBot Charlie round 6
ChatterBot November round 6
ChatterBot Golf round 6
ChatterBot Echo round 6
2024-10-14 22:32:25.052679 Hotel: Zulu, Mike and Lima, sending you 3
2024-10-14 22:32:25.057183 Charlie: India, sending you 4
2024-10-14 22:32:25.057805 Hotel: Alpha, sending you 4
2024-10-14 22:32:25.060665 Charlie: November, Golf and Echo, sending you 5
2024-10-14 22:32:25.061709 Hotel: India, sending you 5
2024-10-14 22:32:25.064688 Lima: Hotel, sending you 3
2024-10-14 22:32:25.065685 Mike: Hotel, Lima, Alpha and India, sending you 3
2024-10-14 22:32:25.066681 Golf: Charlie and Echo, sending you 4
2024-10-14 22:32:25.067695 Alpha: Hotel, Lima and India, sending you 4
2024-10-14 22:32:25.068297 Lima: Zulu, Mike and Alpha, sending you 4
2024-10-14 22:32:25.069298 Mike: Zulu, sending you 6
2024-10-14 22:32:25.069911 Golf: November, sending you 7
2024-10-14 22:32:25.071679 Zulu: Hotel and Alpha, sending you 3
2024-10-14 22:32:25.072526 Alpha: Zulu, sending you 2
2024-10-14 22:32:25.073204 India: Hotel, sending you 5
2024-10-14 22:32:25.073835 Lima: India, sending you 2
2024-10-14 22:32:25.074397 Echo: Charlie, sending you 3
2024-10-14 22:32:25.075657 Alpha: Mike, sending you 3
2024-10-14 22:32:25.076661 Zulu: Mike and Lima, sending you 4
2024-10-14 22:32:25.078043 India: Zulu and Lima, sending you 2
2024-10-14 22:32:25.078887 November: Charlie, sending you 5
2024-10-14 22:32:25.079696 Echo: November and Golf, sending you 4
2024-10-14 22:32:25.081677 Zulu: India, sending you 2
2024-10-14 22:32:25.082424 November: Golf, sending you 7
2024-10-14 22:32:25.083682 India: Mike and Alpha, sending you 3
2024-10-14 22:32:25.085692 November: Echo, sending you 4
chatterbot India submitting transactions
chatterbot Mike submitting transactions
chatterbot Lima submitting transactions
chatterbot Hotel submitting transactions
chatterbot Alpha submitting transactions
chatterbot November submitting transactions
chatterbot Golf submitting transactions
chatterbot Zulu submitting transactions
chatterbot Charlie submitting transactions
chatterbot Echo submitting transactions
ChatterBot Hotel round 7
ChatterBot Zulu round 7
ChatterBot Mike round 7
ChatterBot Lima round 7
ChatterBot Alpha round 7
ChatterBot India round 7
ChatterBot Charlie round 7
ChatterBot November round 7
ChatterBot Golf round 7
ChatterBot Echo round 7
2024-10-14 22:32:26.285675 Lima: Hotel and Mike, sending you 3
2024-10-14 22:32:26.287696 Echo: Charlie, sending you 3
2024-10-14 22:32:26.288697 Golf: Charlie and Echo, sending you 4
2024-10-14 22:32:26.290151 Lima: Zulu, sending you 4
2024-10-14 22:32:26.290835 Mike: Hotel, Alpha and India, sending you 3
2024-10-14 22:32:26.291667 November: Charlie, sending you 5
2024-10-14 22:32:26.292684 Alpha: Hotel, Lima and India, sending you 4
2024-10-14 22:32:26.293582 Echo: November and Golf, sending you 4
2024-10-14 22:32:26.294048 Zulu: Hotel and India, sending you 3
2024-10-14 22:32:26.294902 Golf: November, sending you 7
2024-10-14 22:32:26.295333 Lima: Alpha, sending you 5
2024-10-14 22:32:26.296194 Hotel: Zulu, Mike and Lima, sending you 3
2024-10-14 22:32:26.297207 November: Golf, sending you 7
2024-10-14 22:32:26.297710 Mike: Zulu, sending you 5
2024-10-14 22:32:26.298551 Alpha: Zulu, sending you 2
2024-10-14 22:32:26.299412 Zulu: Mike and Lima, sending you 4
2024-10-14 22:32:26.300293 Lima: India, sending you 2
2024-10-14 22:32:26.301180 Hotel: Alpha, sending you 4
2024-10-14 22:32:26.302021 November: Echo, sending you 4
2024-10-14 22:32:26.302442 India: Hotel, sending you 5
2024-10-14 22:32:26.303753 Charlie: India, sending you 4
2024-10-14 22:32:26.304213 Mike: Lima, sending you 4
2024-10-14 22:32:26.305072 Alpha: Mike, sending you 3
2024-10-14 22:32:26.305957 Zulu: Alpha, sending you 2
2024-10-14 22:32:26.306824 Hotel: India, sending you 5
2024-10-14 22:32:26.307734 Charlie: November, Golf and Echo, sending you 5
2024-10-14 22:32:26.308657 India: Zulu and Lima, sending you 2
2024-10-14 22:32:26.313666 India: Mike and Alpha, sending you 3
chatterbot Lima submitting transactions
chatterbot India submitting transactions
chatterbot Charlie submitting transactions
chatterbot Alpha submitting transactions
chatterbot November submitting transactions
chatterbot Echo submitting transactions
chatterbot Golf submitting transactions
chatterbot Mike submitting transactions
chatterbot Zulu submitting transactions
chatterbot Hotel submitting transactions
ChatterBot Hotel round 8
ChatterBot Zulu round 8
ChatterBot Mike round 8
ChatterBot Lima round 8
ChatterBot Alpha round 8
ChatterBot India round 8
ChatterBot Charlie round 8
ChatterBot November round 8
ChatterBot Golf round 8
ChatterBot Echo round 8
2024-10-14 22:32:27.357051 Charlie: We should drop India
2024-10-14 22:32:27.364119 November: Yes
2024-10-14 22:32:27.364314 Golf: Yes
2024-10-14 22:32:27.364455 Echo: Yes
2024-10-14 22:32:27.386664 Mike: Hotel, Alpha and India, sending you 3
2024-10-14 22:32:27.387481 November: Charlie, sending you 5
2024-10-14 22:32:27.387926 India: Hotel, sending you 5
2024-10-14 22:32:27.389621 Lima: Hotel and Mike, sending you 3
2024-10-14 22:32:27.390355 Hotel: Zulu, Mike and Lima, sending you 3
2024-10-14 22:32:27.391057 Alpha: Hotel, Lima and India, sending you 4
2024-10-14 22:32:27.392377 Mike: Zulu, sending you 5
2024-10-14 22:32:27.393059 November: Golf, sending you 7
2024-10-14 22:32:27.393401 India: Zulu and Lima, sending you 2
2024-10-14 22:32:27.394014 Lima: Zulu, sending you 4
2024-10-14 22:32:27.395299 Charlie: November, sending you 7
2024-10-14 22:32:27.395701 Hotel: Alpha, sending you 4
2024-10-14 22:32:27.396794 Alpha: Zulu, sending you 2
2024-10-14 22:32:27.398218 Mike: Lima, sending you 4
2024-10-14 22:32:27.398993 November: Echo, sending you 4
2024-10-14 22:32:27.399476 India: Mike and Alpha, sending you 3
2024-10-14 22:32:27.400762 Lima: Alpha, sending you 5
2024-10-14 22:32:27.401752 Charlie: Golf and Echo, sending you 6
2024-10-14 22:32:27.402177 Echo: Charlie, sending you 3
2024-10-14 22:32:27.403035 Hotel: India, sending you 5
2024-10-14 22:32:27.403891 Alpha: Mike, sending you 3
2024-10-14 22:32:27.405665 Echo: November and Golf, sending you 4
2024-10-14 22:32:27.406103 Golf: Charlie and Echo, sending you 4
2024-10-14 22:32:27.406691 Lima: India, sending you 2
2024-10-14 22:32:27.408186 Zulu: Hotel and India, sending you 3
2024-10-14 22:32:27.409691 Golf: November, sending you 7
2024-10-14 22:32:27.411839 Zulu: Mike and Lima, sending you 4
2024-10-14 22:32:27.416665 Zulu: Alpha, sending you 2
chatterbot India submitting transactions
chatterbot Alpha submitting transactions
chatterbot Lima submitting transactions
chatterbot Echo submitting transactions
chatterbot Charlie submitting transactions
chatterbot Mike submitting transactions
chatterbot Zulu submitting transactions
chatterbot November submitting transactions
chatterbot Golf submitting transactions
chatterbot Hotel submitting transactions
ChatterBot Hotel round 9
ChatterBot Zulu round 9
ChatterBot Mike round 9
ChatterBot Lima round 9
ChatterBot Alpha round 9
ChatterBot India round 9
ChatterBot Charlie round 9
ChatterBot November round 9
ChatterBot Golf round 9
ChatterBot Echo round 9
2024-10-14 22:32:28.730692 India: Hotel, sending you 4
2024-10-14 22:32:28.732766 Alpha: Hotel, Lima and India, sending you 4
2024-10-14 22:32:28.734717 Lima: Hotel, sending you 3
2024-10-14 22:32:28.736409 November: Charlie, sending you 5
2024-10-14 22:32:28.737658 India: Zulu, Mike and Alpha, sending you 3
2024-10-14 22:32:28.739401 Alpha: Zulu, sending you 2
2024-10-14 22:32:28.741441 Charlie: November, sending you 7
2024-10-14 22:32:28.742385 Lima: Zulu, Mike and Alpha, sending you 4
2024-10-14 22:32:28.744563 Zulu: Hotel and India, sending you 3
2024-10-14 22:32:28.746727 November: Golf, sending you 7
2024-10-14 22:32:28.747800 Hotel: Zulu, Mike and Lima, sending you 3
2024-10-14 22:32:28.750295 Mike: Hotel, Lima, Alpha and India, sending you 3
2024-10-14 22:32:28.752700 India: Lima, sending you 2
2024-10-14 22:32:28.754661 Alpha: Mike, sending you 3
2024-10-14 22:32:28.757192 Charlie: Golf and Echo, sending you 6
2024-10-14 22:32:28.758074 Lima: India, sending you 2
2024-10-14 22:32:28.760916 Zulu: Mike and Lima, sending you 4
2024-10-14 22:32:28.763106 November: Echo, sending you 4
2024-10-14 22:32:28.763820 Echo: Charlie, sending you 3
2024-10-14 22:32:28.764787 Hotel: Alpha, sending you 4
2024-10-14 22:32:28.766484 Golf: Charlie and Echo, sending you 4
2024-10-14 22:32:28.767329 Mike: Zulu, sending you 6
2024-10-14 22:32:28.769329 Zulu: Alpha, sending you 2
2024-10-14 22:32:28.771597 Hotel: India, sending you 5
2024-10-14 22:32:28.773143 Echo: November and Golf, sending you 4
2024-10-14 22:32:28.773785 Golf: November, sending you 7
chatterbot India submitting transactions
chatterbot Charlie submitting transactions
chatterbot Mike submitting transactions
chatterbot Lima submitting transactions
chatterbot Hotel submitting transactions
chatterbot Golf submitting transactions
chatterbot November submitting transactions
chatterbot Alpha submitting transactions
chatterbot Zulu submitting transactions
chatterbot Echo submitting transactions
ChatterBot Hotel round 10
ChatterBot Zulu round 10
ChatterBot Mike round 10
ChatterBot Lima round 10
ChatterBot Alpha round 10
ChatterBot India round 10
ChatterBot Charlie round 10
ChatterBot November round 10
ChatterBot Golf round 10
ChatterBot Echo round 10
2024-10-14 22:32:29.858698 Lima: Hotel and Mike, sending you 3
2024-10-14 22:32:29.860674 Hotel: Zulu, Mike and Lima, sending you 3
2024-10-14 22:32:29.862697 Lima: Zulu, sending you 4
2024-10-14 22:32:29.864653 Zulu: Hotel and India, sending you 3
2024-10-14 22:32:29.865724 Hotel: Alpha, sending you 4
2024-10-14 22:32:29.867086 Lima: Alpha, sending you 5
2024-10-14 22:32:29.869674 Mike: Hotel, Alpha and India, sending you 3
2024-10-14 22:32:29.870600 November: Charlie, sending you 5
2024-10-14 22:32:29.871373 Zulu: Mike and Lima, sending you 4
2024-10-14 22:32:29.872429 Hotel: India, sending you 5
2024-10-14 22:32:29.874017 Lima: India, sending you 2
2024-10-14 22:32:29.874863 Charlie: November, sending you 7
2024-10-14 22:32:29.875308 Golf: Charlie and Echo, sending you 4
2024-10-14 22:32:29.875750 Mike: Zulu, sending you 5
2024-10-14 22:32:29.876833 Alpha: Hotel, Lima and India, sending you 4
2024-10-14 22:32:29.877699 November: Golf, sending you 7
2024-10-14 22:32:29.878165 Zulu: Alpha, sending you 2
2024-10-14 22:32:29.879946 Charlie: Golf and Echo, sending you 6
2024-10-14 22:32:29.880485 Golf: November, sending you 7
2024-10-14 22:32:29.881022 India: Hotel, sending you 4
2024-10-14 22:32:29.882493 Echo: Charlie, sending you 3
2024-10-14 22:32:29.883227 Mike: Lima, sending you 4
2024-10-14 22:32:29.884372 Alpha: Zulu, sending you 2
2024-10-14 22:32:29.885592 November: Echo, sending you 4
2024-10-14 22:32:29.885962 India: Zulu, Mike and Alpha, sending you 3
2024-10-14 22:32:29.886661 Echo: November and Golf, sending you 4
2024-10-14 22:32:29.888678 Alpha: Mike, sending you 3
2024-10-14 22:32:29.890695 India: Lima, sending you 2
chatterbot Charlie submitting transactions
chatterbot India submitting transactions
chatterbot Alpha submitting transactions
chatterbot Golf submitting transactions
chatterbot Zulu submitting transactions
chatterbot Hotel submitting transactions
chatterbot Mike submitting transactions
chatterbot Lima submitting transactions
chatterbot Echo submitting transactions
chatterbot November submitting transactions
ChatterBot Hotel round 11
ChatterBot Zulu round 11
ChatterBot Mike round 11
ChatterBot Lima round 11
ChatterBot Alpha round 11
ChatterBot India round 11
ChatterBot Charlie round 11
ChatterBot November round 11
ChatterBot Golf round 11
ChatterBot Echo round 11
2024-10-14 22:32:30.957265 November: Charlie and Echo, sending you 5
2024-10-14 22:32:30.957887 Hotel: Zulu, Mike and Lima, sending you 3
2024-10-14 22:32:30.959668 Lima: Hotel and Mike, sending you 3
2024-10-14 22:32:30.960722 India: Hotel, sending you 4
2024-10-14 22:32:30.962369 November: Golf, sending you 6
2024-10-14 22:32:30.963646 Hotel: Alpha, sending you 4
2024-10-14 22:32:30.964842 Zulu: Hotel and India, sending you 3
2024-10-14 22:32:30.965854 Lima: Zulu, sending you 4
2024-10-14 22:32:30.966797 Charlie: November, sending you 7
2024-10-14 22:32:30.967360 India: Zulu, Mike and Alpha, sending you 3
2024-10-14 22:32:30.968391 Golf: Charlie and Echo, sending you 4
2024-10-14 22:32:30.968932 Alpha: Hotel, Lima and India, sending you 4
2024-10-14 22:32:30.970098 Hotel: India, sending you 5
2024-10-14 22:32:30.971115 Zulu: Mike and Lima, sending you 4
2024-10-14 22:32:30.973085 Charlie: Golf and Echo, sending you 6
2024-10-14 22:32:30.973597 Lima: Alpha, sending you 5
2024-10-14 22:32:30.974768 Echo: Charlie, sending you 3
2024-10-14 22:32:30.975190 India: Lima, sending you 2
2024-10-14 22:32:30.976213 Golf: November, sending you 7
2024-10-14 22:32:30.976755 Alpha: Zulu, sending you 2
2024-10-14 22:32:30.977664 Zulu: Alpha, sending you 2
2024-10-14 22:32:30.978950 Lima: India, sending you 2
2024-10-14 22:32:30.979731 Mike: Hotel, Alpha and India, sending you 3
2024-10-14 22:32:30.981019 Echo: November and Golf, sending you 4
2024-10-14 22:32:30.981526 Alpha: Mike, sending you 3
2024-10-14 22:32:30.984665 Mike: Zulu, sending you 5
2024-10-14 22:32:30.988658 Mike: Lima, sending you 4
chatterbot Alpha submitting transactions
chatterbot Hotel submitting transactions
chatterbot Golf submitting transactions
chatterbot November submitting transactions
chatterbot Mike submitting transactions
chatterbot Lima submitting transactions
chatterbot Zulu submitting transactions
chatterbot Charlie submitting transactions
chatterbot India submitting transactions
chatterbot Echo submitting transactions
ChatterBot Hotel round 12
ChatterBot Zulu round 12
ChatterBot Mike round 12
ChatterBot Lima round 12
ChatterBot Alpha round 12
ChatterBot India round 12
ChatterBot Charlie round 12
ChatterBot November round 12
ChatterBot Golf round 12
ChatterBot Echo round 12
2024-10-14 22:32:32.133702 Zulu: Hotel and India, sending you 3
2024-10-14 22:32:32.139701 Zulu: Mike and Lima, sending you 4
2024-10-14 22:32:32.141186 Hotel: Zulu, Mike and Lima, sending you 3
2024-10-14 22:32:32.142809 Mike: Hotel, Lima and Alpha, sending you 3
2024-10-14 22:32:32.144692 Golf: Charlie and Echo, sending you 4
2024-10-14 22:32:32.145989 Zulu: Alpha, sending you 2
2024-10-14 22:32:32.147257 Hotel: Alpha, sending you 4
2024-10-14 22:32:32.149048 Charlie: November, sending you 7
2024-10-14 22:32:32.149622 Alpha: Hotel, Lima and India, sending you 4
2024-10-14 22:32:32.151448 Mike: Zulu, sending you 5
2024-10-14 22:32:32.153204 Lima: Hotel, sending you 3
2024-10-14 22:32:32.154667 Golf: November, sending you 7
2024-10-14 22:32:32.156167 Charlie: Golf and Echo, sending you 6
2024-10-14 22:32:32.156922 Hotel: India, sending you 5
2024-10-14 22:32:32.159218 Alpha: Zulu, sending you 2
2024-10-14 22:32:32.161425 Mike: India, sending you 4
2024-10-14 22:32:32.163669 India: Hotel, sending you 4
2024-10-14 22:32:32.165913 Lima: Zulu, Mike and Alpha, sending you 4
2024-10-14 22:32:32.166988 November: Charlie and Echo, sending you 5
2024-10-14 22:32:32.168072 Echo: Charlie, sending you 3
2024-10-14 22:32:32.168840 Alpha: Mike, sending you 3
2024-10-14 22:32:32.170848 India: Zulu, Mike and Alpha, sending you 3
2024-10-14 22:32:32.172398 Lima: India, sending you 2
2024-10-14 22:32:32.174347 November: Golf, sending you 6
2024-10-14 22:32:32.175423 Echo: November and Golf, sending you 4
2024-10-14 22:32:32.176197 India: Lima, sending you 2
