ChatterBot November round 1
ChatterBot Echo round 1
ChatterBot Bravo round 1
ChatterBot Foxtrot round 1
ChatterBot Tango round 1
ChatterBot Lima round 1
ChatterBot Juliett round 1
ChatterBot Quebec round 1
ChatterBot Oscar round 1
ChatterBot Uniform round 1
randomSelections November: {November, Oscar, Bravo, Uniform, Quebec, Echo} 
2024-10-14 22:32:17.043637 November: Let's form a team
ChatterBot Oscar reevaluating
ChatterBot Bravo reevaluating
ChatterBot Uniform reevaluating
ChatterBot Quebec reevaluating
ChatterBot Echo reevaluating
2024-10-14 22:32:17.055541 Oscar: Yes
2024-10-14 22:32:17.055671 Bravo: Yes
2024-10-14 22:32:17.055779 Uniform: Yes
2024-10-14 22:32:17.055890 Quebec: Yes
2024-10-14 22:32:17.055984 Echo: Yes
ChatterBot Bravo reevaluating
ChatterBot Uniform reevaluating
ChatterBot Quebec reevaluating
ChatterBot Echo reevaluating
ChatterBot Oscar reevaluating
ChatterBot Uniform reevaluating
ChatterBot Quebec reevaluating
ChatterBot Echo reevaluating
ChatterBot Oscar reevaluating
ChatterBot Bravo reevaluating
ChatterBot Quebec reevaluating
ChatterBot Echo reevaluating
ChatterBot Oscar reevaluating
ChatterBot Bravo reevaluating
ChatterBot Uniform reevaluating
ChatterBot Echo reevaluating
ChatterBot Oscar reevaluating
ChatterBot Bravo reevaluating
ChatterBot Uniform reevaluating
ChatterBot Quebec reevaluating
randomSelections Foxtrot: {Foxtrot, Juliett, Tango, Echo, Uniform, Oscar} 
2024-10-14 22:32:17.101781 Foxtrot: Let's form a team
ChatterBot Juliett reevaluating
ChatterBot Tango reevaluating
ChatterBot Echo reevaluating
ChatterBot Uniform reevaluating
ChatterBot Oscar reevaluating
2024-10-14 22:32:17.109463 Juliett: Yes
2024-10-14 22:32:17.109574 Tango: Yes
2024-10-14 22:32:17.109674 Echo: No
2024-10-14 22:32:17.109783 Uniform: No
2024-10-14 22:32:17.109877 Oscar: No
ChatterBot Tango reevaluating
ChatterBot Echo reevaluating
ChatterBot Uniform reevaluating
ChatterBot Oscar reevaluating
ChatterBot Juliett reevaluating
ChatterBot Echo reevaluating
ChatterBot Uniform reevaluating
ChatterBot Oscar reevaluating
ChatterBot Juliett reevaluating
ChatterBot Tango reevaluating
ChatterBot Uniform reevaluating
ChatterBot Oscar reevaluating
ChatterBot Juliett reevaluating
ChatterBot Tango reevaluating
ChatterBot Echo reevaluating
ChatterBot Oscar reevaluating
ChatterBot Juliett reevaluating
ChatterBot Tango reevaluating
ChatterBot Echo reevaluating
ChatterBot Uniform reevaluating
randomSelections Lima: {Lima, Foxtrot, Bravo, November, Echo, Juliett, Oscar} 
2024-10-14 22:32:17.152385 Lima: Can we be friends?
ChatterBot Bravo reevaluating
ChatterBot Echo reevaluating
ChatterBot Juliett reevaluating
ChatterBot Oscar reevaluating
2024-10-14 22:32:17.160253 Foxtrot: No
2024-10-14 22:32:17.160361 Bravo: No
2024-10-14 22:32:17.160470 November: No
2024-10-14 22:32:17.160564 Echo: No
2024-10-14 22:32:17.160682 Juliett: No
2024-10-14 22:32:17.160786 Oscar: No
ChatterBot Bravo reevaluating
ChatterBot Echo reevaluating
ChatterBot Juliett reevaluating
ChatterBot Oscar reevaluating
ChatterBot Echo reevaluating
ChatterBot Juliett reevaluating
ChatterBot Oscar reevaluating
ChatterBot Bravo reevaluating
ChatterBot Echo reevaluating
ChatterBot Juliett reevaluating
ChatterBot Oscar reevaluating
ChatterBot Bravo reevaluating
ChatterBot Juliett reevaluating
ChatterBot Oscar reevaluating
ChatterBot Bravo reevaluating
ChatterBot Echo reevaluating
ChatterBot Oscar reevaluating
ChatterBot Bravo reevaluating
ChatterBot Echo reevaluating
ChatterBot Juliett reevaluating
2024-10-14 22:32:17.219671 Foxtrot: Echo and Oscar, sending you 5
2024-10-14 22:32:17.222701 Lima: Echo, sending you 4
2024-10-14 22:32:17.223683 Echo: November, Bravo, Quebec, Oscar and Uniform, sending you 2
2024-10-14 22:32:17.223980 Foxtrot: Tango, sending you 3
2024-10-14 22:32:17.224717 Bravo: November and Quebec, sending you 3
2024-10-14 22:32:17.226684 Tango: Echo, sending you 2
2024-10-14 22:32:17.226987 Lima: Foxtrot, sending you 1
2024-10-14 22:32:17.227231 Foxtrot: Juliett, sending you 1
2024-10-14 22:32:17.227681 November: Echo, sending you 4
2024-10-14 22:32:17.229692 Bravo: Echo, sending you 5
2024-10-14 22:32:17.229974 Uniform: November, sending you 1
2024-10-14 22:32:17.230199 Lima: Juliett, sending you 2
2024-10-14 22:32:17.230420 Foxtrot: Uniform, sending you 4
2024-10-14 22:32:17.230690 Tango: Foxtrot, sending you 1
2024-10-14 22:32:17.231684 November: Bravo and Oscar, sending you 2
2024-10-14 22:32:17.233659 Bravo: Oscar, sending you 4
2024-10-14 22:32:17.233906 Uniform: Echo, sending you 4
2024-10-14 22:32:17.234137 Lima: Oscar, sending you 3
2024-10-14 22:32:17.234699 Tango: Juliett and Uniform, sending you 5
2024-10-14 22:32:17.235656 November: Quebec, sending you 3
2024-10-14 22:32:17.237121 Bravo: Uniform, sending you 1
2024-10-14 22:32:17.237384 Uniform: Quebec and Oscar, sending you 2
2024-10-14 22:32:17.237695 Juliett: Echo, sending you 4
2024-10-14 22:32:17.238669 November: Uniform, sending you 5
2024-10-14 22:32:17.239699 Tango: Oscar, sending you 4
2024-10-14 22:32:17.241657 Juliett: Foxtrot, sending you 6
2024-10-14 22:32:17.246939 Juliett: Tango, sending you 1
2024-10-14 22:32:17.249653 Juliett: Oscar and Uniform, sending you 3
chatterbot Bravo submitting transactions
chatterbot Foxtrot submitting transactions
chatterbot Lima submitting transactions
chatterbot November submitting transactions
chatterbot Oscar submitting transactions
chatterbot Tango submitting transactions
chatterbot Juliett submitting transactions
chatterbot Uniform submitting transactions
chatterbot Quebec submitting transactions
chatterbot Echo submitting transactions
ChatterBot November round 2
ChatterBot Echo round 2
ChatterBot Bravo round 2
ChatterBot Foxtrot round 2
ChatterBot Tango round 2
ChatterBot Lima round 2
ChatterBot Juliett round 2
ChatterBot Quebec round 2
ChatterBot Oscar round 2
ChatterBot Uniform round 2
2024-10-14 22:32:18.844015 Echo: Friends?
ChatterBot Uniform reevaluating
ChatterBot Foxtrot reevaluating
ChatterBot Tango reevaluating
ChatterBot Juliett reevaluating
ChatterBot Oscar reevaluating
2024-10-14 22:32:18.872704 November: No
2024-10-14 22:32:18.872869 Bravo: No
2024-10-14 22:32:18.873479 Uniform: Yes
2024-10-14 22:32:18.873583 Foxtrot: No
2024-10-14 22:32:18.873689 Tango: No
2024-10-14 22:32:18.873791 Juliett: No
2024-10-14 22:32:18.873888 Oscar: No
ChatterBot Uniform reevaluating
ChatterBot Foxtrot reevaluating
ChatterBot Tango reevaluating
ChatterBot Juliett reevaluating
ChatterBot Oscar reevaluating
ChatterBot Uniform reevaluating
ChatterBot Foxtrot reevaluating
ChatterBot Tango reevaluating
ChatterBot Juliett reevaluating
ChatterBot Oscar reevaluating
ChatterBot Foxtrot reevaluating
ChatterBot Tango reevaluating
ChatterBot Juliett reevaluating
ChatterBot Oscar reevaluating
ChatterBot Uniform reevaluating
ChatterBot Tango reevaluating
ChatterBot Juliett reevaluating
ChatterBot Oscar reevaluating
ChatterBot November reevaluating
ChatterBot Uniform reevaluating
ChatterBot Foxtrot reevaluating
ChatterBot Juliett reevaluating
ChatterBot Oscar reevaluating
ChatterBot November reevaluating
ChatterBot Uniform reevaluating
ChatterBot Foxtrot reevaluating
ChatterBot Tango reevaluating
ChatterBot Oscar reevaluating
ChatterBot November reevaluating
ChatterBot Uniform reevaluating
ChatterBot Foxtrot reevaluating
ChatterBot Tango reevaluating
ChatterBot Juliett reevaluating
2024-10-14 22:32:19.227970 Juliett: We should add November and Bravo
ChatterBot Uniform reevaluating
ChatterBot Oscar reevaluating
2024-10-14 22:32:19.244441 Echo: Yes
2024-10-14 22:32:19.244802 Uniform: Yes
ChatterBot Foxtrot reevaluating
ChatterBot Tango reevaluating
2024-10-14 22:32:19.254442 Oscar: No
2024-10-14 22:32:19.254727 Foxtrot: No
2024-10-14 22:32:19.254941 Tango: No
ChatterBot Foxtrot reevaluating
ChatterBot Juliett reevaluating
ChatterBot Tango reevaluating
ChatterBot Uniform reevaluating
ChatterBot Oscar reevaluating
ChatterBot Foxtrot reevaluating
ChatterBot Juliett reevaluating
ChatterBot Tango reevaluating
ChatterBot Oscar reevaluating
ChatterBot Foxtrot reevaluating
ChatterBot Juliett reevaluating
ChatterBot Tango reevaluating
ChatterBot Uniform reevaluating
ChatterBot Juliett reevaluating
ChatterBot Tango reevaluating
ChatterBot Uniform reevaluating
ChatterBot Oscar reevaluating
ChatterBot Foxtrot reevaluating
ChatterBot Juliett reevaluating
ChatterBot Uniform reevaluating
ChatterBot Oscar reevaluating
2024-10-14 22:32:19.396568 Lima: Friends?
ChatterBot November reevaluating
ChatterBot Uniform reevaluating
2024-10-14 22:32:19.415193 November: Yes
2024-10-14 22:32:19.415814 Echo: No
2024-10-14 22:32:19.415960 Bravo: No
2024-10-14 22:32:19.416082 Uniform: No
ChatterBot Echo reevaluating
ChatterBot Bravo reevaluating
ChatterBot Uniform reevaluating
ChatterBot November reevaluating
ChatterBot Bravo reevaluating
ChatterBot Uniform reevaluating
ChatterBot November reevaluating
ChatterBot Echo reevaluating
ChatterBot Uniform reevaluating
ChatterBot November reevaluating
ChatterBot Echo reevaluating
ChatterBot Bravo reevaluating
2024-10-14 22:32:19.553071 Quebec: We should drop Oscar
ChatterBot November reevaluating
ChatterBot Bravo reevaluating
2024-10-14 22:32:19.573930 November: Yes
2024-10-14 22:32:19.574091 Echo: Yes
2024-10-14 22:32:19.574201 Bravo: Yes
2024-10-14 22:32:19.574299 Uniform: No
ChatterBot Bravo reevaluating
ChatterBot November reevaluating
ChatterBot Bravo reevaluating
ChatterBot November reevaluating
ChatterBot Uniform reevaluating
ChatterBot November reevaluating
ChatterBot Bravo reevaluating
2024-10-14 22:32:19.732855 Foxtrot: Tango and Lima, sending you 3
2024-10-14 22:32:19.733639 Echo: November, Bravo and Lima, sending you 1
2024-10-14 22:32:19.733982 Lima: November, sending you 5
2024-10-14 22:32:19.761130 Foxtrot: Juliett, sending you 11
2024-10-14 22:32:19.761403 Quebec: November and Bravo, sending you 5
2024-10-14 22:32:19.761674 Oscar: Foxtrot and Tango, sending you 4
2024-10-14 22:32:19.762019 Juliett: Foxtrot, Lima and Oscar, sending you 4
2024-10-14 22:32:19.762705 Lima: Echo, Bravo and Uniform, sending you 4
2024-10-14 22:32:19.762958 Echo: Uniform, sending you 2
2024-10-14 22:32:19.763921 Tango: We should drop Echo
ChatterBot Uniform reevaluating
2024-10-14 22:32:19.779949 Foxtrot: Yes
2024-10-14 22:32:19.780078 Juliett: Yes
2024-10-14 22:32:19.780666 Oscar: Yes
2024-10-14 22:32:19.780772 Uniform: No
ChatterBot Uniform reevaluating
ChatterBot Tango reevaluating
ChatterBot Uniform reevaluating
ChatterBot Tango reevaluating
ChatterBot Uniform reevaluating
ChatterBot Tango reevaluating
2024-10-14 22:32:19.845910 Foxtrot: Oscar, sending you 1
2024-10-14 22:32:19.846341 Quebec: Echo and Uniform, sending you 3
2024-10-14 22:32:19.846641 Juliett: Tango, sending you 5
2024-10-14 22:32:19.847411 Oscar: Lima and Juliett, sending you 3
chatterbot Foxtrot submitting transactions
2024-10-14 22:32:19.850017 November: Echo and Bravo, sending you 5
2024-10-14 22:32:20.133653 Bravo: November and Echo, sending you 7
2024-10-14 22:32:20.135043 November: Lima, sending you 2
chatterbot Oscar submitting transactions
chatterbot Juliett submitting transactions
2024-10-14 22:32:20.149786 Bravo: Lima and Uniform, sending you 1
2024-10-14 22:32:20.150895 November: Uniform, sending you 3
chatterbot Echo submitting transactions
chatterbot Lima submitting transactions
chatterbot Quebec submitting transactions
chatterbot Tango submitting transactions
chatterbot Bravo submitting transactions
chatterbot Uniform submitting transactions
chatterbot November submitting transactions
ChatterBot November round 3
ChatterBot Echo round 3
ChatterBot Bravo round 3
ChatterBot Foxtrot round 3
ChatterBot Tango round 3
ChatterBot Lima round 3
ChatterBot Juliett round 3
ChatterBot Quebec round 3
ChatterBot Oscar round 3
ChatterBot Uniform round 3
2024-10-14 22:32:21.178585 Uniform: We should add Quebec
ChatterBot November reevaluating
ChatterBot Echo reevaluating
ChatterBot Bravo reevaluating
2024-10-14 22:32:21.192123 November: Yes
2024-10-14 22:32:21.192288 Echo: Yes
2024-10-14 22:32:21.192405 Bravo: Yes
2024-10-14 22:32:21.192519 Lima: No
ChatterBot Echo reevaluating
ChatterBot Bravo reevaluating
ChatterBot Lima reevaluating
ChatterBot November reevaluating
ChatterBot Bravo reevaluating
ChatterBot Lima reevaluating
ChatterBot November reevaluating
ChatterBot Echo reevaluating
ChatterBot Lima reevaluating
ChatterBot November reevaluating
ChatterBot Echo reevaluating
ChatterBot Bravo reevaluating
2024-10-14 22:32:21.267431 Quebec: We should add Lima
ChatterBot November reevaluating
ChatterBot Echo reevaluating
ChatterBot Bravo reevaluating
2024-10-14 22:32:21.280558 November: Yes
2024-10-14 22:32:21.280746 Echo: Yes
2024-10-14 22:32:21.280888 Bravo: Yes
2024-10-14 22:32:21.281010 Uniform: Yes
ChatterBot Echo reevaluating
ChatterBot Bravo reevaluating
ChatterBot November reevaluating
ChatterBot Bravo reevaluating
ChatterBot November reevaluating
ChatterBot Echo reevaluating
ChatterBot November reevaluating
ChatterBot Echo reevaluating
ChatterBot Bravo reevaluating
2024-10-14 22:32:21.333929 Tango: We should drop Echo
2024-10-14 22:32:21.344393 Foxtrot: Yes
2024-10-14 22:32:21.344564 Juliett: Yes
2024-10-14 22:32:21.344692 Oscar: Yes
2024-10-14 22:32:21.344799 Uniform: No
ChatterBot Tango reevaluating
ChatterBot Tango reevaluating
ChatterBot Tango reevaluating
ChatterBot Tango reevaluating
2024-10-14 22:32:21.388328 Uniform: Quebec we want you to join our group
2024-10-14 22:32:21.391703 Quebec: Yes
ChatterBot November reevaluating
ChatterBot Echo reevaluating
ChatterBot Bravo reevaluating
ChatterBot Lima reevaluating
2024-10-14 22:32:21.409499 Quebec: Lima we want you to join our group
2024-10-14 22:32:21.412742 Lima: Yes
ChatterBot November reevaluating
2024-10-14 22:32:21.427395 Tango: We should drop Echo and Uniform
2024-10-14 22:32:21.435968 Foxtrot: Yes
2024-10-14 22:32:21.436171 Juliett: Yes
2024-10-14 22:32:21.436299 Oscar: Yes
ChatterBot Tango reevaluating
ChatterBot Tango reevaluating
ChatterBot Tango reevaluating
2024-10-14 22:32:21.462003 Lima: Quebec we want you to join our group
2024-10-14 22:32:21.465043 Quebec: Yes
ChatterBot November reevaluating
2024-10-14 22:32:21.479023 Echo: Quebec we want you to join our group
2024-10-14 22:32:21.482728 Quebec: Yes
2024-10-14 22:32:21.495762 Bravo: Quebec we want you to join our group
2024-10-14 22:32:21.499040 Quebec: Yes
2024-10-14 22:32:21.520467 Foxtrot: Tango and Oscar, sending you 5
2024-10-14 22:32:21.530570 Juliett: Foxtrot, sending you 5
chatterbot Foxtrot submitting transactions
2024-10-14 22:32:21.531678 Oscar: Foxtrot, Tango and Juliett, sending you 4
2024-10-14 22:32:21.531975 Foxtrot: Lima, sending you 1
2024-10-14 22:32:21.532236 November: Quebec we want you to join our group
2024-10-14 22:32:21.535163 Quebec: Yes
2024-10-14 22:32:21.548159 Juliett: Tango, Lima and Oscar, sending you 4
2024-10-14 22:32:21.548565 Oscar: Lima, sending you 2
2024-10-14 22:32:21.548833 Quebec: November, sending you 5
2024-10-14 22:32:21.549546 Foxtrot: Juliett, sending you 7
2024-10-14 22:32:21.810104 Lima: November, sending you 8
2024-10-14 22:32:21.811402 Quebec: Echo and Uniform, sending you 3
2024-10-14 22:32:21.812085 Bravo: November and Quebec, sending you 4
2024-10-14 22:32:21.813329 Echo: November and Uniform, sending you 2
2024-10-14 22:32:21.828497 Lima: Echo, sending you 5
2024-10-14 22:32:21.829761 Quebec: Bravo, sending you 4
2024-10-14 22:32:21.830951 November: Echo, sending you 2
2024-10-14 22:32:21.831599 Bravo: Echo and Lima, sending you 3
2024-10-14 22:32:21.832758 Echo: Bravo, Lima and Quebec, sending you 1
2024-10-14 22:32:21.833471 Lima: Bravo, sending you 4
2024-10-14 22:32:21.836209 Quebec: Lima, sending you 1
2024-10-14 22:32:21.837455 November: Bravo, sending you 4
2024-10-14 22:32:21.838264 Bravo: Uniform, sending you 2
2024-10-14 22:32:21.860850 Lima: Quebec and Uniform, sending you 1
2024-10-14 22:32:21.862309 November: Lima and Quebec, sending you 3
2024-10-14 22:32:21.893410 November: Uniform, sending you 5
chatterbot Juliett submitting transactions
chatterbot Tango submitting transactions
chatterbot Quebec submitting transactions
chatterbot Uniform submitting transactions
chatterbot November submitting transactions
chatterbot Echo submitting transactions
chatterbot Oscar submitting transactions
chatterbot Lima submitting transactions
chatterbot Bravo submitting transactions
ChatterBot November round 4
ChatterBot Echo round 4
ChatterBot Bravo round 4
ChatterBot Foxtrot round 4
ChatterBot Tango round 4
ChatterBot Lima round 4
ChatterBot Juliett round 4
ChatterBot Quebec round 4
ChatterBot Oscar round 4
ChatterBot Uniform round 4
2024-10-14 22:32:22.930409 Uniform: We should add Quebec
2024-10-14 22:32:22.938692 November: Yes
2024-10-14 22:32:22.939034 Echo: Yes
2024-10-14 22:32:22.939281 Bravo: Yes
2024-10-14 22:32:22.939510 Lima: Yes
2024-10-14 22:32:22.974573 Tango: We should drop Echo and Uniform
ChatterBot Juliett reevaluating
ChatterBot Oscar reevaluating
2024-10-14 22:32:22.986704 Foxtrot: Yes
2024-10-14 22:32:22.986974 Juliett: Yes
2024-10-14 22:32:22.987219 Oscar: Yes
ChatterBot Tango reevaluating
ChatterBot Juliett reevaluating
ChatterBot Oscar reevaluating
ChatterBot Tango reevaluating
ChatterBot Oscar reevaluating
ChatterBot Tango reevaluating
ChatterBot Juliett reevaluating
2024-10-14 22:32:23.011136 Uniform: Quebec we want you to join our group
2024-10-14 22:32:23.013752 Quebec: Yes
2024-10-14 22:32:23.024311 Echo: November, sending you 2
2024-10-14 22:32:23.024991 Bravo: November, sending you 5
2024-10-14 22:32:23.026670 Lima: November, sending you 6
2024-10-14 22:32:23.028076 November: Echo, sending you 2
2024-10-14 22:32:23.028986 Echo: Bravo, Lima, Quebec and Uniform, sending you 1
2024-10-14 22:32:23.030275 Foxtrot: Tango and Oscar, sending you 5
2024-10-14 22:32:23.031108 Bravo: Echo and Uniform, sending you 2
2024-10-14 22:32:23.032115 Quebec: November, Bravo and Uniform, sending you 4
2024-10-14 22:32:23.033520 Lima: Echo, sending you 3
2024-10-14 22:32:23.034789 November: Bravo, Lima and Quebec, sending you 3
2024-10-14 22:32:23.035747 Foxtrot: Lima, sending you 1
2024-10-14 22:32:23.036394 Bravo: Lima, sending you 3
2024-10-14 22:32:23.037668 Quebec: Echo, sending you 3
2024-10-14 22:32:23.038623 Oscar: Foxtrot and Tango, sending you 4
2024-10-14 22:32:23.039957 Juliett: Foxtrot, sending you 5
2024-10-14 22:32:23.040560 Lima: Bravo and Uniform, sending you 4
2024-10-14 22:32:23.041460 November: Uniform, sending you 4
2024-10-14 22:32:23.043386 Foxtrot: Juliett, sending you 7
2024-10-14 22:32:23.044762 Bravo: Quebec, sending you 4
2024-10-14 22:32:23.046050 Quebec: Lima, sending you 1
2024-10-14 22:32:23.047352 Juliett: Tango, Lima and Oscar, sending you 4
2024-10-14 22:32:23.048204 Oscar: Lima, sending you 1
2024-10-14 22:32:23.049636 Lima: Quebec, sending you 2
2024-10-14 22:32:23.052707 Oscar: Juliett, sending you 5
chatterbot Foxtrot submitting transactions
chatterbot November submitting transactions
chatterbot Echo submitting transactions
chatterbot Lima submitting transactions
chatterbot Bravo submitting transactions
chatterbot Oscar submitting transactions
chatterbot Quebec submitting transactions
chatterbot Uniform submitting transactions
chatterbot Tango submitting transactions
chatterbot Juliett submitting transactions
ChatterBot November round 5
ChatterBot Echo round 5
ChatterBot Bravo round 5
ChatterBot Foxtrot round 5
ChatterBot Tango round 5
ChatterBot Lima round 5
ChatterBot Juliett round 5
ChatterBot Quebec round 5
ChatterBot Oscar round 5
ChatterBot Uniform round 5
2024-10-14 22:32:23.922034 Uniform: We should add Quebec
2024-10-14 22:32:23.930799 November: Yes
2024-10-14 22:32:23.930989 Echo: Yes
2024-10-14 22:32:23.931159 Bravo: Yes
2024-10-14 22:32:23.931300 Lima: Yes
2024-10-14 22:32:23.963285 Juliett: We should drop Lima
ChatterBot Tango reevaluating
2024-10-14 22:32:23.968464 Tango: Yes
2024-10-14 22:32:23.968594 Foxtrot: No
2024-10-14 22:32:23.968703 Oscar: Yes
ChatterBot Tango reevaluating
ChatterBot Tango reevaluating
2024-10-14 22:32:23.985973 Uniform: Quebec we want you to join our group
2024-10-14 22:32:23.988255 Quebec: Yes
2024-10-14 22:32:23.997092 Bravo: November, sending you 5
2024-10-14 22:32:23.997475 November: Echo, Bravo and Quebec, sending you 3
2024-10-14 22:32:23.997926 Tango: We should drop Echo and Uniform
2024-10-14 22:32:24.003434 Foxtrot: Yes
2024-10-14 22:32:24.003558 Juliett: Yes
2024-10-14 22:32:24.003996 Oscar: Yes
ChatterBot Tango reevaluating
ChatterBot Tango reevaluating
ChatterBot Tango reevaluating
2024-10-14 22:32:24.019508 Lima: November, sending you 6
2024-10-14 22:32:24.019907 Echo: November, sending you 2
2024-10-14 22:32:24.020220 Foxtrot: Tango and Oscar, sending you 5
2024-10-14 22:32:24.020456 Bravo: Echo and Uniform, sending you 2
2024-10-14 22:32:24.020805 November: Lima and Uniform, sending you 4
2024-10-14 22:32:24.021668 Quebec: November, Bravo and Uniform, sending you 4
2024-10-14 22:32:24.022680 Lima: Echo, sending you 3
2024-10-14 22:32:24.023685 Oscar: Foxtrot and Tango, sending you 4
2024-10-14 22:32:24.024215 Juliett: Foxtrot and Tango, sending you 6
2024-10-14 22:32:24.024702 Echo: Bravo, Lima, Quebec and Uniform, sending you 1
2024-10-14 22:32:24.025490 Foxtrot: Lima, sending you 1
2024-10-14 22:32:24.026252 Quebec: Echo and Lima, sending you 2
2024-10-14 22:32:24.026777 Bravo: Lima, sending you 3
2024-10-14 22:32:24.027307 Lima: Bravo and Uniform, sending you 4
2024-10-14 22:32:24.027823 Juliett: Oscar, sending you 5
2024-10-14 22:32:24.028690 Oscar: Juliett, sending you 5
2024-10-14 22:32:24.029678 Foxtrot: Juliett, sending you 7
2024-10-14 22:32:24.030684 Lima: Quebec, sending you 2
2024-10-14 22:32:24.031695 Bravo: Quebec, sending you 4
chatterbot Foxtrot submitting transactions
chatterbot Quebec submitting transactions
chatterbot Oscar submitting transactions
chatterbot November submitting transactions
chatterbot Tango submitting transactions
chatterbot Bravo submitting transactions
chatterbot Lima submitting transactions
chatterbot Echo submitting transactions
chatterbot Juliett submitting transactions
chatterbot Uniform submitting transactions
ChatterBot November round 6
ChatterBot Echo round 6
ChatterBot Bravo round 6
ChatterBot Foxtrot round 6
ChatterBot Tango round 6
ChatterBot Lima round 6
ChatterBot Juliett round 6
ChatterBot Quebec round 6
ChatterBot Oscar round 6
ChatterBot Uniform round 6
2024-10-14 22:32:25.191311 Uniform: We should add Quebec
2024-10-14 22:32:25.206881 November: Yes
2024-10-14 22:32:25.207150 Echo: Yes
2024-10-14 22:32:25.207347 Bravo: Yes
2024-10-14 22:32:25.207530 Lima: Yes
2024-10-14 22:32:25.251553 Tango: We should drop Echo and Uniform
2024-10-14 22:32:25.256374 Foxtrot: Yes
2024-10-14 22:32:25.256518 Juliett: Yes
2024-10-14 22:32:25.256625 Oscar: Yes
ChatterBot Tango reevaluating
ChatterBot Tango reevaluating
ChatterBot Tango reevaluating
2024-10-14 22:32:25.271579 Uniform: Quebec we want you to join our group
2024-10-14 22:32:25.273363 Quebec: Yes
2024-10-14 22:32:25.281342 Echo: November, sending you 2
2024-10-14 22:32:25.283659 Lima: November, sending you 6
2024-10-14 22:32:25.284666 Bravo: November, Lima and Quebec, sending you 4
2024-10-14 22:32:25.285128 Juliett: Foxtrot and Oscar, sending you 6
2024-10-14 22:32:25.285414 Echo: Bravo, Lima, Quebec and Uniform, sending you 1
2024-10-14 22:32:25.285872 Foxtrot: Tango and Oscar, sending you 5
2024-10-14 22:32:25.286178 November: Echo, Bravo, Lima and Quebec, sending you 3
2024-10-14 22:32:25.286571 Quebec: November, sending you 5
2024-10-14 22:32:25.288669 Lima: Echo, sending you 3
2024-10-14 22:32:25.289366 Juliett: Tango, sending you 5
2024-10-14 22:32:25.289782 Bravo: Echo and Uniform, sending you 2
2024-10-14 22:32:25.290672 Foxtrot: Lima, sending you 1
2024-10-14 22:32:25.291080 November: Uniform, sending you 4
2024-10-14 22:32:25.291687 Quebec: Echo and Lima, sending you 2
2024-10-14 22:32:25.292157 Lima: Bravo and Uniform, sending you 4
2024-10-14 22:32:25.293700 Foxtrot: Juliett, sending you 7
2024-10-14 22:32:25.294658 Quebec: Bravo, sending you 4
2024-10-14 22:32:25.295671 Lima: Quebec, sending you 2
2024-10-14 22:32:25.299681 Quebec: Uniform, sending you 3
2024-10-14 22:32:25.302648 Oscar: Foxtrot and Tango, sending you 4
2024-10-14 22:32:25.305684 Oscar: Juliett, sending you 5
chatterbot November submitting transactions
chatterbot Echo submitting transactions
chatterbot Tango submitting transactions
chatterbot Bravo submitting transactions
chatterbot Juliett submitting transactions
chatterbot Foxtrot submitting transactions
chatterbot Quebec submitting transactions
chatterbot Uniform submitting transactions
chatterbot Oscar submitting transactions
chatterbot Lima submitting transactions
ChatterBot November round 7
ChatterBot Echo round 7
ChatterBot Bravo round 7
ChatterBot Foxtrot round 7
ChatterBot Tango round 7
ChatterBot Lima round 7
ChatterBot Juliett round 7
ChatterBot Quebec round 7
2024-10-14 22:32:26.321916 Foxtrot: We should replace Lima with Quebec
ChatterBot Tango reevaluating
2024-10-14 22:32:26.328599 Tango: No
2024-10-14 22:32:26.328772 Juliett: No
2024-10-14 22:32:26.328895 Oscar: No
ChatterBot Foxtrot reevaluating
ChatterBot Tango reevaluating
ChatterBot Foxtrot reevaluating
ChatterBot Tango reevaluating
ChatterBot Foxtrot reevaluating
ChatterBot Oscar round 7
ChatterBot Uniform round 7
2024-10-14 22:32:26.365784 Uniform: We should add Quebec
2024-10-14 22:32:26.375705 November: Yes
2024-10-14 22:32:26.375885 Echo: Yes
2024-10-14 22:32:26.376027 Bravo: Yes
2024-10-14 22:32:26.376162 Lima: Yes
2024-10-14 22:32:26.412347 Tango: We should drop Echo and Uniform
ChatterBot Foxtrot reevaluating
2024-10-14 22:32:26.417491 Foxtrot: Yes
2024-10-14 22:32:26.417675 Juliett: Yes
2024-10-14 22:32:26.417826 Oscar: Yes
ChatterBot Tango reevaluating
ChatterBot Tango reevaluating
ChatterBot Foxtrot reevaluating
ChatterBot Tango reevaluating
ChatterBot Foxtrot reevaluating
2024-10-14 22:32:26.434128 Uniform: Quebec we want you to join our group
2024-10-14 22:32:26.436348 Quebec: Yes
2024-10-14 22:32:26.444207 Lima: November, sending you 5
2024-10-14 22:32:26.444852 Echo: November, sending you 2
2024-10-14 22:32:26.445248 November: Echo, Bravo, Lima and Quebec, sending you 3
2024-10-14 22:32:26.447679 Echo: Bravo, Lima, Quebec and Uniform, sending you 1
2024-10-14 22:32:26.449672 Lima: Echo and Quebec, sending you 3
2024-10-14 22:32:26.450329 Juliett: Foxtrot and Oscar, sending you 6
2024-10-14 22:32:26.450730 Quebec: November, sending you 5
2024-10-14 22:32:26.451191 November: Uniform, sending you 4
2024-10-14 22:32:26.452681 Bravo: November, Lima and Quebec, sending you 4
2024-10-14 22:32:26.453671 Oscar: Foxtrot and Tango, sending you 4
2024-10-14 22:32:26.454031 Lima: Bravo and Uniform, sending you 4
2024-10-14 22:32:26.454474 Juliett: Tango, sending you 5
2024-10-14 22:32:26.454789 Quebec: Echo and Lima, sending you 2
2024-10-14 22:32:26.459375 Bravo: Echo and Uniform, sending you 2
2024-10-14 22:32:26.460689 Quebec: Bravo, sending you 4
2024-10-14 22:32:26.461886 Oscar: Juliett, sending you 5
2024-10-14 22:32:26.466680 Quebec: Uniform, sending you 3
2024-10-14 22:32:26.467605 Foxtrot: Tango and Oscar, sending you 5
2024-10-14 22:32:26.470677 Foxtrot: Lima, sending you 1
2024-10-14 22:32:26.475688 Foxtrot: Juliett, sending you 7
chatterbot Tango submitting transactions
chatterbot Foxtrot submitting transactions
chatterbot Juliett submitting transactions
chatterbot Echo submitting transactions
chatterbot Oscar submitting transactions
chatterbot Bravo submitting transactions
chatterbot Quebec submitting transactions
chatterbot November submitting transactions
chatterbot Lima submitting transactions
chatterbot Uniform submitting transactions
ChatterBot November round 8
ChatterBot Echo round 8
ChatterBot Bravo round 8
ChatterBot Foxtrot round 8
ChatterBot Tango round 8
ChatterBot Lima round 8
ChatterBot Juliett round 8
ChatterBot Quebec round 8
ChatterBot Oscar round 8
ChatterBot Uniform round 8
2024-10-14 22:32:27.560173 Uniform: We should add Quebec
2024-10-14 22:32:27.571733 November: Yes
2024-10-14 22:32:27.571908 Echo: Yes
2024-10-14 22:32:27.572065 Bravo: Yes
2024-10-14 22:32:27.572221 Lima: Yes
2024-10-14 22:32:27.600228 Tango: We should drop Echo and Uniform
2024-10-14 22:32:27.605115 Foxtrot: Yes
2024-10-14 22:32:27.605245 Juliett: Yes
2024-10-14 22:32:27.605355 Oscar: Yes
ChatterBot Tango reevaluating
ChatterBot Tango reevaluating
ChatterBot Tango reevaluating
2024-10-14 22:32:27.623283 Uniform: Quebec we want you to join our group
2024-10-14 22:32:27.625102 Quebec: Yes
2024-10-14 22:32:27.633588 Bravo: November, Lima and Quebec, sending you 4
2024-10-14 22:32:27.634016 November: Sending you each 3
2024-10-14 22:32:27.635746 Foxtrot: Tango and Oscar, sending you 5
2024-10-14 22:32:27.636662 Lima: November, sending you 5
2024-10-14 22:32:27.638657 Bravo: Echo and Uniform, sending you 2
2024-10-14 22:32:27.639622 Echo: November, sending you 2
2024-10-14 22:32:27.640231 Juliett: Foxtrot and Oscar, sending you 6
2024-10-14 22:32:27.640562 Oscar: Foxtrot and Tango, sending you 4
2024-10-14 22:32:27.640865 Lima: Echo and Quebec, sending you 3
2024-10-14 22:32:27.641398 Foxtrot: Lima, sending you 1
2024-10-14 22:32:27.643706 Oscar: Juliett, sending you 5
2024-10-14 22:32:27.644345 Lima: Bravo and Uniform, sending you 4
2024-10-14 22:32:27.645208 Quebec: November, sending you 5
2024-10-14 22:32:27.645847 Echo: Bravo, Lima, Quebec and Uniform, sending you 1
2024-10-14 22:32:27.646504 Juliett: Tango, sending you 5
2024-10-14 22:32:27.646954 Foxtrot: Juliett, sending you 7
2024-10-14 22:32:27.650123 Quebec: Echo and Lima, sending you 2
2024-10-14 22:32:27.655695 Quebec: Bravo, sending you 4
2024-10-14 22:32:27.658670 Quebec: Uniform, sending you 3
chatterbot Tango submitting transactions
chatterbot Foxtrot submitting transactions
chatterbot Oscar submitting transactions
chatterbot November submitting transactions
chatterbot Juliett submitting transactions
chatterbot Uniform submitting transactions
chatterbot Lima submitting transactions
chatterbot Echo submitting transactions
chatterbot Bravo submitting transactions
chatterbot Quebec submitting transactions
ChatterBot November round 9
ChatterBot Echo round 9
ChatterBot Bravo round 9
ChatterBot Foxtrot round 9
ChatterBot Tango round 9
ChatterBot Lima round 9
ChatterBot Juliett round 9
ChatterBot Quebec round 9
ChatterBot Oscar round 9
ChatterBot Uniform round 9
2024-10-14 22:32:28.743865 Uniform: We should add Quebec
2024-10-14 22:32:28.753080 November: Yes
2024-10-14 22:32:28.753285 Echo: Yes
2024-10-14 22:32:28.753456 Bravo: Yes
2024-10-14 22:32:28.753629 Lima: Yes
2024-10-14 22:32:28.785252 Tango: We should drop Echo and Uniform
2024-10-14 22:32:28.790669 Foxtrot: Yes
2024-10-14 22:32:28.790962 Juliett: Yes
2024-10-14 22:32:28.791210 Oscar: Yes
ChatterBot Tango reevaluating
ChatterBot Tango reevaluating
ChatterBot Tango reevaluating
2024-10-14 22:32:28.809131 Uniform: Quebec we want you to join our group
2024-10-14 22:32:28.812261 Quebec: Yes
2024-10-14 22:32:28.823405 Bravo: November, Lima and Quebec, sending you 4
2024-10-14 22:32:28.827861 Echo: November, sending you 2
2024-10-14 22:32:28.831161 November: Same as last round
2024-10-14 22:32:28.832256 Lima: November, sending you 5
2024-10-14 22:32:28.833138 Foxtrot: Tango and Oscar, sending you 5
2024-10-14 22:32:28.834502 Bravo: Echo and Uniform, sending you 2
2024-10-14 22:32:28.835536 Echo: Bravo, Lima, Quebec and Uniform, sending you 1
2024-10-14 22:32:28.836415 Oscar: Foxtrot and Tango, sending you 4
2024-10-14 22:32:28.837131 Quebec: November and Bravo, sending you 4
2024-10-14 22:32:28.839058 Lima: Echo and Quebec, sending you 3
2024-10-14 22:32:28.840122 Juliett: Foxtrot and Oscar, sending you 6
2024-10-14 22:32:28.840940 Foxtrot: Lima, sending you 1
2024-10-14 22:32:28.841686 Oscar: Juliett, sending you 5
2024-10-14 22:32:28.843564 Quebec: Echo, sending you 2
2024-10-14 22:32:28.846110 Lima: Bravo and Uniform, sending you 4
2024-10-14 22:32:28.848070 Juliett: Tango, sending you 5
2024-10-14 22:32:28.849685 Foxtrot: Juliett, sending you 7
2024-10-14 22:32:28.850650 Quebec: Lima and Uniform, sending you 3
chatterbot November submitting transactions
chatterbot Oscar submitting transactions
chatterbot Lima submitting transactions
chatterbot Echo submitting transactions
chatterbot Foxtrot submitting transactions
chatterbot Uniform submitting transactions
chatterbot Bravo submitting transactions
chatterbot Quebec submitting transactions
chatterbot Juliett submitting transactions
chatterbot Tango submitting transactions
ChatterBot November round 10
ChatterBot Echo round 10
ChatterBot Bravo round 10
ChatterBot Foxtrot round 10
ChatterBot Tango round 10
ChatterBot Lima round 10
ChatterBot Juliett round 10
ChatterBot Quebec round 10
ChatterBot Oscar round 10
ChatterBot Uniform round 10
2024-10-14 22:32:29.726862 Uniform: We should add Quebec
2024-10-14 22:32:29.735847 November: Yes
2024-10-14 22:32:29.736015 Echo: Yes
2024-10-14 22:32:29.736147 Bravo: Yes
2024-10-14 22:32:29.736271 Lima: Yes
2024-10-14 22:32:29.766659 Tango: We should drop Echo and Uniform
2024-10-14 22:32:29.771536 Foxtrot: Yes
2024-10-14 22:32:29.771720 Juliett: Yes
2024-10-14 22:32:29.771857 Oscar: Yes
ChatterBot Tango reevaluating
ChatterBot Tango reevaluating
ChatterBot Tango reevaluating
2024-10-14 22:32:29.787345 Uniform: Quebec we want you to join our group
2024-10-14 22:32:29.789287 Quebec: Yes
2024-10-14 22:32:29.797458 Echo: November, sending you 2
2024-10-14 22:32:29.798120 Lima: November, sending you 5
2024-10-14 22:32:29.798755 Quebec: November and Bravo, sending you 4
2024-10-14 22:32:29.799667 Bravo: November, Lima and Quebec, sending you 4
2024-10-14 22:32:29.801086 Foxtrot: Tango and Oscar, sending you 5
2024-10-14 22:32:29.801528 Juliett: Foxtrot and Oscar, sending you 6
2024-10-14 22:32:29.801987 Echo: Bravo, Lima, Quebec and Uniform, sending you 1
2024-10-14 22:32:29.802791 Lima: Echo and Quebec, sending you 3
2024-10-14 22:32:29.803534 Quebec: Echo, sending you 2
2024-10-14 22:32:29.804286 Foxtrot: Lima, sending you 1
2024-10-14 22:32:29.805214 Bravo: Echo and Uniform, sending you 2
2024-10-14 22:32:29.805913 Juliett: Tango, sending you 5
2024-10-14 22:32:29.807682 Oscar: Foxtrot and Tango, sending you 4
2024-10-14 22:32:29.808440 Lima: Bravo and Uniform, sending you 4
2024-10-14 22:32:29.809941 Quebec: Lima and Uniform, sending you 3
2024-10-14 22:32:29.810951 Foxtrot: Juliett, sending you 7
2024-10-14 22:32:29.811602 November: Same as last round
2024-10-14 22:32:29.812444 Oscar: Juliett, sending you 5
chatterbot Echo submitting transactions
chatterbot Lima submitting transactions
chatterbot Foxtrot submitting transactions
chatterbot Juliett submitting transactions
chatterbot Tango submitting transactions
chatterbot Oscar submitting transactions
chatterbot Bravo submitting transactions
chatterbot Quebec submitting transactions
chatterbot Uniform submitting transactions
chatterbot November submitting transactions
ChatterBot November round 11
ChatterBot Echo round 11
ChatterBot Bravo round 11
ChatterBot Foxtrot round 11
ChatterBot Tango round 11
ChatterBot Lima round 11
ChatterBot Juliett round 11
ChatterBot Quebec round 11
ChatterBot Oscar round 11
ChatterBot Uniform round 11
2024-10-14 22:32:30.750190 Foxtrot: We should replace Lima with Quebec
ChatterBot Tango reevaluating
2024-10-14 22:32:30.774557 Tango: No
2024-10-14 22:32:30.775395 Juliett: No
2024-10-14 22:32:30.775705 Oscar: No
ChatterBot Foxtrot reevaluating
ChatterBot Tango reevaluating
ChatterBot Foxtrot reevaluating
ChatterBot Tango reevaluating
ChatterBot Foxtrot reevaluating
2024-10-14 22:32:30.812266 Uniform: We should add Quebec
2024-10-14 22:32:30.824003 November: Yes
2024-10-14 22:32:30.824252 Echo: Yes
2024-10-14 22:32:30.824466 Bravo: Yes
2024-10-14 22:32:30.824662 Lima: Yes
2024-10-14 22:32:30.856283 Tango: We should drop Echo and Uniform
ChatterBot Foxtrot reevaluating
2024-10-14 22:32:30.862893 Foxtrot: Yes
2024-10-14 22:32:30.863078 Juliett: Yes
2024-10-14 22:32:30.863244 Oscar: Yes
ChatterBot Tango reevaluating
ChatterBot Tango reevaluating
ChatterBot Foxtrot reevaluating
ChatterBot Tango reevaluating
ChatterBot Foxtrot reevaluating
2024-10-14 22:32:30.882990 Uniform: Quebec we want you to join our group
2024-10-14 22:32:30.887926 Quebec: Yes
2024-10-14 22:32:30.899998 Oscar: Foxtrot and Tango, sending you 4
2024-10-14 22:32:30.901113 Echo: November, sending you 2
2024-10-14 22:32:30.903803 Oscar: Juliett, sending you 5
2024-10-14 22:32:30.905250 Lima: November, sending you 5
2024-10-14 22:32:30.907651 Quebec: November and Bravo, sending you 4
2024-10-14 22:32:30.910172 November: Same as last round
2024-10-14 22:32:30.913655 Bravo: November, Lima and Quebec, sending you 4
2024-10-14 22:32:30.925468 Juliett: Foxtrot and Oscar, sending you 6
2024-10-14 22:32:30.927070 Echo: Bravo, Lima, Quebec and Uniform, sending you 1
2024-10-14 22:32:30.928828 Lima: Echo and Quebec, sending you 3
2024-10-14 22:32:30.930567 Quebec: Echo, sending you 2
2024-10-14 22:32:30.932594 Bravo: Echo and Uniform, sending you 2
2024-10-14 22:32:30.934904 Juliett: Tango, sending you 5
2024-10-14 22:32:30.936069 Foxtrot: Tango and Oscar, sending you 5
2024-10-14 22:32:30.937078 Lima: Bravo and Uniform, sending you 4
2024-10-14 22:32:30.939418 Quebec: Lima and Uniform, sending you 3
2024-10-14 22:32:30.942157 Foxtrot: Lima, sending you 1
2024-10-14 22:32:30.947684 Foxtrot: Juliett, sending you 7
chatterbot Uniform submitting transactions
chatterbot Oscar submitting transactions
chatterbot Bravo submitting transactions
chatterbot Lima submitting transactions
chatterbot November submitting transactions
chatterbot Echo submitting transactions
chatterbot Juliett submitting transactions
chatterbot Tango submitting transactions
chatterbot Quebec submitting transactions
chatterbot Foxtrot submitting transactions
ChatterBot November round 12
ChatterBot Echo round 12
ChatterBot Bravo round 12
ChatterBot Foxtrot round 12
ChatterBot Tango round 12
ChatterBot Lima round 12
ChatterBot Juliett round 12
ChatterBot Quebec round 12
ChatterBot Oscar round 12
ChatterBot Uniform round 12
2024-10-14 22:32:32.073190 Uniform: We should add Quebec
2024-10-14 22:32:32.086880 November: Yes
2024-10-14 22:32:32.087083 Echo: Yes
2024-10-14 22:32:32.087218 Bravo: Yes
2024-10-14 22:32:32.087345 Lima: Yes
2024-10-14 22:32:32.133608 Tango: We should drop Echo and Uniform
2024-10-14 22:32:32.140942 Foxtrot: Yes
2024-10-14 22:32:32.141139 Juliett: Yes
2024-10-14 22:32:32.141316 Oscar: Yes
ChatterBot Tango reevaluating
ChatterBot Tango reevaluating
ChatterBot Tango reevaluating
2024-10-14 22:32:32.169035 Uniform: Quebec we want you to join our group
2024-10-14 22:32:32.173784 Quebec: Yes
2024-10-14 22:32:32.187180 November: Same as last round
2024-10-14 22:32:32.188140 Echo: November, sending you 2
2024-10-14 22:32:32.188788 Bravo: November, Lima and Quebec, sending you 4
2024-10-14 22:32:32.190693 Foxtrot: Tango and Oscar, sending you 5
2024-10-14 22:32:32.191724 Lima: November, sending you 5
2024-10-14 22:32:32.192726 Oscar: Foxtrot and Tango, sending you 4
2024-10-14 22:32:32.194122 Juliett: Foxtrot and Oscar, sending you 6
2024-10-14 22:32:32.195061 Echo: Bravo, Lima, Quebec and Uniform, sending you 1
2024-10-14 22:32:32.196715 Bravo: Echo and Uniform, sending you 2
2024-10-14 22:32:32.197855 Foxtrot: Lima, sending you 1
2024-10-14 22:32:32.199117 Lima: Echo and Quebec, sending you 3
2024-10-14 22:32:32.200061 Oscar: Juliett, sending you 5
2024-10-14 22:32:32.200609 Juliett: Tango, sending you 5
2024-10-14 22:32:32.201991 Tango: Foxtrot, Juliett and Oscar, sending you 5
2024-10-14 22:32:32.203292 Quebec: November and Bravo, sending you 4
2024-10-14 22:32:32.204942 Foxtrot: Juliett, sending you 7
2024-10-14 22:32:32.205846 Lima: Bravo and Uniform, sending you 4
