ChatterBot Hotel round 1
ChatterBot Tango round 1
ChatterBot Alpha round 1
ChatterBot Juliett round 1
ChatterBot Zulu round 1
ChatterBot X-ray round 1
ChatterBot Oscar round 1
ChatterBot Lima round 1
ChatterBot Golf round 1
ChatterBot Mike round 1
randomSelections Hotel: {Hotel, Golf, Mike, Zulu, Tango, Juliett, X-ray} 
2024-10-14 22:32:16.218206 Hotel: Friends?
ChatterBot Golf reevaluating
ChatterBot Mike reevaluating
ChatterBot Zulu reevaluating
ChatterBot Tango reevaluating
ChatterBot Juliett reevaluating
ChatterBot X-ray reevaluating
2024-10-14 22:32:16.253725 Golf: Yes
2024-10-14 22:32:16.253979 Mike: Yes
2024-10-14 22:32:16.254193 Zulu: Yes
2024-10-14 22:32:16.254400 Tango: Yes
2024-10-14 22:32:16.254583 Juliett: Yes
2024-10-14 22:32:16.254782 X-ray: Yes
ChatterBot Mike reevaluating
ChatterBot Zulu reevaluating
ChatterBot Tango reevaluating
ChatterBot Juliett reevaluating
ChatterBot X-ray reevaluating
ChatterBot Golf reevaluating
ChatterBot Zulu reevaluating
ChatterBot Tango reevaluating
ChatterBot Juliett reevaluating
ChatterBot X-ray reevaluating
ChatterBot Golf reevaluating
ChatterBot Mike reevaluating
ChatterBot Tango reevaluating
ChatterBot Juliett reevaluating
ChatterBot X-ray reevaluating
ChatterBot Golf reevaluating
ChatterBot Mike reevaluating
ChatterBot Zulu reevaluating
ChatterBot Juliett reevaluating
ChatterBot X-ray reevaluating
ChatterBot Golf reevaluating
ChatterBot Mike reevaluating
ChatterBot Zulu reevaluating
ChatterBot Tango reevaluating
ChatterBot X-ray reevaluating
ChatterBot Golf reevaluating
ChatterBot Mike reevaluating
ChatterBot Zulu reevaluating
ChatterBot Tango reevaluating
ChatterBot Juliett reevaluating
randomSelections Alpha: {Alpha, Mike, Oscar, Tango, Zulu, Golf, X-ray} 
2024-10-14 22:32:16.362943 Alpha: Can we be friends?
ChatterBot Mike reevaluating
ChatterBot Oscar reevaluating
ChatterBot Tango reevaluating
ChatterBot Zulu reevaluating
ChatterBot Golf reevaluating
ChatterBot X-ray reevaluating
2024-10-14 22:32:16.378158 Mike: No
2024-10-14 22:32:16.378334 Oscar: Yes
2024-10-14 22:32:16.378478 Tango: No
2024-10-14 22:32:16.379073 Zulu: No
2024-10-14 22:32:16.379231 Golf: No
2024-10-14 22:32:16.379407 X-ray: No
ChatterBot Oscar reevaluating
ChatterBot Tango reevaluating
ChatterBot Zulu reevaluating
ChatterBot Golf reevaluating
ChatterBot X-ray reevaluating
ChatterBot Mike reevaluating
ChatterBot Tango reevaluating
ChatterBot Zulu reevaluating
ChatterBot Golf reevaluating
ChatterBot X-ray reevaluating
ChatterBot Mike reevaluating
ChatterBot Oscar reevaluating
ChatterBot Zulu reevaluating
ChatterBot Golf reevaluating
ChatterBot X-ray reevaluating
ChatterBot Mike reevaluating
ChatterBot Oscar reevaluating
ChatterBot Tango reevaluating
ChatterBot Golf reevaluating
ChatterBot X-ray reevaluating
ChatterBot Mike reevaluating
ChatterBot Oscar reevaluating
ChatterBot Tango reevaluating
ChatterBot Zulu reevaluating
ChatterBot X-ray reevaluating
ChatterBot Mike reevaluating
ChatterBot Oscar reevaluating
ChatterBot Tango reevaluating
ChatterBot Zulu reevaluating
ChatterBot Golf reevaluating
randomSelections Lima: {Lima, Alpha, X-ray, Zulu, Golf, Tango, Oscar, Hotel} 
2024-10-14 22:32:16.476647 Lima: Can we be friends?
ChatterBot X-ray reevaluating
ChatterBot Zulu reevaluating
ChatterBot Golf reevaluating
ChatterBot Tango reevaluating
ChatterBot Oscar reevaluating
2024-10-14 22:32:16.520837 Alpha: No
2024-10-14 22:32:16.521023 X-ray: No
2024-10-14 22:32:16.521145 Zulu: No
2024-10-14 22:32:16.522987 Golf: No
2024-10-14 22:32:16.523118 Tango: No
2024-10-14 22:32:16.523252 Oscar: No
2024-10-14 22:32:16.523404 Hotel: No
ChatterBot X-ray reevaluating
ChatterBot Zulu reevaluating
ChatterBot Golf reevaluating
ChatterBot Tango reevaluating
ChatterBot Oscar reevaluating
ChatterBot Zulu reevaluating
ChatterBot Golf reevaluating
ChatterBot Tango reevaluating
ChatterBot Oscar reevaluating
ChatterBot X-ray reevaluating
ChatterBot Golf reevaluating
ChatterBot Tango reevaluating
ChatterBot Oscar reevaluating
ChatterBot X-ray reevaluating
ChatterBot Zulu reevaluating
ChatterBot Tango reevaluating
ChatterBot Oscar reevaluating
ChatterBot X-ray reevaluating
ChatterBot Zulu reevaluating
ChatterBot Golf reevaluating
ChatterBot Oscar reevaluating
ChatterBot X-ray reevaluating
ChatterBot Zulu reevaluating
ChatterBot Golf reevaluating
ChatterBot Tango reevaluating
ChatterBot X-ray reevaluating
ChatterBot Zulu reevaluating
ChatterBot Golf reevaluating
ChatterBot Tango reevaluating
ChatterBot Oscar reevaluating
2024-10-14 22:32:16.707691 Juliett: Hotel, sending you 2
2024-10-14 22:32:16.710734 Lima: Hotel, Tango, Oscar and Golf, sending you 1
2024-10-14 22:32:16.711672 Zulu: Hotel and Tango, sending you 2
2024-10-14 22:32:16.712932 Tango: Hotel, X-ray, Golf and Mike, sending you 3
2024-10-14 22:32:16.714074 Alpha: Tango and Mike, sending you 2
2024-10-14 22:32:16.714713 Golf: Tango and Mike, sending you 2
2024-10-14 22:32:16.716301 Juliett: Zulu and Golf, sending you 3
2024-10-14 22:32:16.717809 Mike: Hotel, Zulu and X-ray, sending you 2
2024-10-14 22:32:16.718634 Hotel: Tango, sending you 1
2024-10-14 22:32:16.719884 Oscar: Tango and Mike, sending you 1
2024-10-14 22:32:16.721336 X-ray: Hotel, sending you 1
2024-10-14 22:32:16.722241 Lima: Alpha, sending you 4
2024-10-14 22:32:16.723840 Zulu: Juliett, sending you 6
2024-10-14 22:32:16.725135 Tango: Juliett, sending you 2
2024-10-14 22:32:16.726501 Alpha: Zulu, sending you 3
2024-10-14 22:32:16.727099 Golf: Juliett, sending you 3
2024-10-14 22:32:16.728445 Mike: Tango, sending you 4
2024-10-14 22:32:16.729820 Juliett: X-ray, sending you 1
2024-10-14 22:32:16.730727 Oscar: Alpha and X-ray, sending you 2
2024-10-14 22:32:16.732241 Hotel: Juliett and Zulu, sending you 4
2024-10-14 22:32:16.733474 X-ray: Tango, Juliett, Golf and Mike, sending you 2
2024-10-14 22:32:16.734322 Zulu: X-ray and Golf, sending you 1
2024-10-14 22:32:16.735843 Lima: Zulu, sending you 6
2024-10-14 22:32:16.736413 Golf: Zulu and X-ray, sending you 1
2024-10-14 22:32:16.737675 Alpha: X-ray and Golf, sending you 1
2024-10-14 22:32:16.739202 Mike: Juliett and Golf, sending you 3
2024-10-14 22:32:16.740160 Juliett: Mike, sending you 6
2024-10-14 22:32:16.741477 Oscar: Zulu, sending you 3
2024-10-14 22:32:16.742905 Hotel: X-ray, sending you 2
2024-10-14 22:32:16.743773 Lima: X-ray, sending you 2
2024-10-14 22:32:16.745210 Zulu: Mike, sending you 5
2024-10-14 22:32:16.746697 Alpha: Oscar, sending you 5
2024-10-14 22:32:16.747567 Hotel: Golf and Mike, sending you 3
chatterbot Tango submitting transactions
chatterbot Lima submitting transactions
chatterbot Zulu submitting transactions
chatterbot Alpha submitting transactions
chatterbot Golf submitting transactions
chatterbot Hotel submitting transactions
chatterbot Juliett submitting transactions
chatterbot X-ray submitting transactions
chatterbot Mike submitting transactions
chatterbot Oscar submitting transactions
ChatterBot Hotel round 2
ChatterBot Tango round 2
ChatterBot Alpha round 2
ChatterBot Juliett round 2
ChatterBot Zulu round 2
ChatterBot X-ray round 2
ChatterBot Oscar round 2
ChatterBot Lima round 2
ChatterBot Golf round 2
ChatterBot Mike round 2
2024-10-14 22:32:19.979267 Oscar: Let's form a team
ChatterBot Alpha reevaluating
ChatterBot Lima reevaluating
2024-10-14 22:32:19.989647 Alpha: Yes
2024-10-14 22:32:19.990116 Lima: Yes
ChatterBot Lima reevaluating
ChatterBot Alpha reevaluating
2024-10-14 22:32:20.009126 Lima: We would work well together
ChatterBot Alpha reevaluating
2024-10-14 22:32:20.019302 Oscar: Yes
2024-10-14 22:32:20.019656 Alpha: Yes
ChatterBot Alpha reevaluating
ChatterBot Lima reevaluating
ChatterBot Lima reevaluating
2024-10-14 22:32:20.054962 Zulu: We should add Lima
ChatterBot Golf reevaluating
ChatterBot Mike reevaluating
2024-10-14 22:32:20.080434 Hotel: No
2024-10-14 22:32:20.080853 Golf: No
2024-10-14 22:32:20.081599 Mike: No
2024-10-14 22:32:20.081970 Tango: No
2024-10-14 22:32:20.082245 Juliett: No
2024-10-14 22:32:20.083238 X-ray: No
ChatterBot Golf reevaluating
ChatterBot Mike reevaluating
ChatterBot Mike reevaluating
ChatterBot Golf reevaluating
ChatterBot Golf reevaluating
ChatterBot Mike reevaluating
ChatterBot Golf reevaluating
ChatterBot Mike reevaluating
ChatterBot Golf reevaluating
ChatterBot Mike reevaluating
2024-10-14 22:32:20.257484 Zulu: Lima we want you to join our group
2024-10-14 22:32:20.262420 Lima: No
ChatterBot Golf reevaluating
ChatterBot Mike reevaluating
2024-10-14 22:32:20.306708 Tango: Hotel, X-ray and Golf, sending you 2
2024-10-14 22:32:20.307808 Oscar: Alpha, sending you 14
2024-10-14 22:32:20.308231 Alpha: Oscar, sending you 6
2024-10-14 22:32:20.309158 Juliett: Hotel, sending you 3
2024-10-14 22:32:20.309713 Hotel: Tango, sending you 5
2024-10-14 22:32:20.310891 X-ray: Sending you each 2
2024-10-14 22:32:20.312411 Tango: Juliett, sending you 1
2024-10-14 22:32:20.312966 Oscar: Lima, sending you 3
2024-10-14 22:32:20.335322 Alpha: Lima, sending you 7
2024-10-14 22:32:20.336351 Juliett: Tango, X-ray, Golf and Mike, sending you 2
2024-10-14 22:32:20.337178 Hotel: Juliett, Zulu and Mike, sending you 3
2024-10-14 22:32:20.338232 Zulu: Hotel and Juliett, sending you 3
2024-10-14 22:32:20.338705 Lima: Sending you each 9
2024-10-14 22:32:20.339620 Tango: Zulu, sending you 3
2024-10-14 22:32:20.351642 Hotel: X-ray, sending you 2
2024-10-14 22:32:20.352323 Juliett: Zulu, sending you 4
2024-10-14 22:32:20.353207 Zulu: Tango and X-ray, sending you 1
2024-10-14 22:32:20.353575 Tango: Mike, sending you 4
2024-10-14 22:32:20.354095 Mike: Hotel, Tango, Juliett, Zulu and X-ray, sending you 3
2024-10-14 22:32:20.355181 Golf: Hotel, Tango, Juliett and Mike, sending you 2
2024-10-14 22:32:20.356552 Hotel: Golf, sending you 1
2024-10-14 22:32:20.357772 Zulu: Lima, sending you 5
2024-10-14 22:32:20.366368 Mike: Golf, sending you 1
2024-10-14 22:32:20.367396 Golf: X-ray, sending you 1
2024-10-14 22:32:20.367819 Zulu: Golf and Mike, sending you 2
chatterbot Zulu submitting transactions
chatterbot Alpha submitting transactions
chatterbot Hotel submitting transactions
chatterbot Oscar submitting transactions
chatterbot Tango submitting transactions
chatterbot Mike submitting transactions
chatterbot X-ray submitting transactions
chatterbot Lima submitting transactions
chatterbot Juliett submitting transactions
chatterbot Golf submitting transactions
ChatterBot Hotel round 3
ChatterBot Tango round 3
ChatterBot Alpha round 3
ChatterBot Juliett round 3
ChatterBot Zulu round 3
ChatterBot X-ray round 3
ChatterBot Oscar round 3
ChatterBot Lima round 3
ChatterBot Golf round 3
ChatterBot Mike round 3
2024-10-14 22:32:21.482886 Zulu: We should drop Lima
2024-10-14 22:32:21.500625 Hotel: Yes
2024-10-14 22:32:21.500842 Golf: Yes
2024-10-14 22:32:21.501016 Mike: Yes
2024-10-14 22:32:21.501144 Tango: Yes
2024-10-14 22:32:21.501286 Juliett: Yes
2024-10-14 22:32:21.502092 X-ray: Yes
2024-10-14 22:32:21.749781 Alpha: Oscar, sending you 7
2024-10-14 22:32:21.750383 Oscar: Alpha, sending you 9
2024-10-14 22:32:21.751223 Golf: Hotel, Zulu, X-ray and Mike, sending you 1
2024-10-14 22:32:21.751995 Hotel: Tango, Juliett and Zulu, sending you 3
2024-10-14 22:32:21.753101 Lima: Alpha, sending you 10
2024-10-14 22:32:21.753538 X-ray: Hotel, Tango, Juliett, Golf and Mike, sending you 2
2024-10-14 22:32:21.754666 Tango: Hotel and Mike, sending you 3
2024-10-14 22:32:21.755309 Juliett: Hotel, Zulu and Mike, sending you 3
2024-10-14 22:32:21.756732 Alpha: Lima, sending you 6
2024-10-14 22:32:21.757199 Oscar: Lima, sending you 8
2024-10-14 22:32:21.757450 Golf: Tango, sending you 2
2024-10-14 22:32:21.758893 Hotel: X-ray and Golf, sending you 2
2024-10-14 22:32:21.760177 Lima: Oscar, sending you 8
2024-10-14 22:32:21.760635 X-ray: Zulu, sending you 1
2024-10-14 22:32:21.762164 Tango: Juliett, Zulu, X-ray and Golf, sending you 2
2024-10-14 22:32:21.763509 Mike: Hotel, Tango, Juliett, Zulu and Golf, sending you 3
2024-10-14 22:32:21.764184 Juliett: Tango, X-ray and Golf, sending you 2
2024-10-14 22:32:21.765420 Zulu: Hotel and Juliett, sending you 4
2024-10-14 22:32:21.766363 Golf: Juliett, sending you 3
2024-10-14 22:32:21.767737 Hotel: Mike, sending you 4
2024-10-14 22:32:21.769081 Mike: X-ray, sending you 1
2024-10-14 22:32:21.773264 Zulu: Tango, X-ray and Golf, sending you 2
2024-10-14 22:32:21.787018 Zulu: Mike, sending you 3
chatterbot Hotel submitting transactions
chatterbot Mike submitting transactions
chatterbot Juliett submitting transactions
chatterbot Alpha submitting transactions
chatterbot X-ray submitting transactions
chatterbot Oscar submitting transactions
chatterbot Lima submitting transactions
chatterbot Tango submitting transactions
chatterbot Golf submitting transactions
chatterbot Zulu submitting transactions
ChatterBot Hotel round 4
ChatterBot Tango round 4
ChatterBot Alpha round 4
ChatterBot Juliett round 4
ChatterBot Zulu round 4
ChatterBot X-ray round 4
ChatterBot Oscar round 4
ChatterBot Lima round 4
ChatterBot Golf round 4
ChatterBot Mike round 4
2024-10-14 22:32:22.712668 Tango: Hotel and Mike, sending you 3
2024-10-14 22:32:22.714677 Zulu: Hotel, Tango and Mike, sending you 3
2024-10-14 22:32:22.716654 Tango: Juliett, Zulu, X-ray and Golf, sending you 2
2024-10-14 22:32:22.717669 Zulu: Juliett, sending you 4
2024-10-14 22:32:22.719689 Hotel: Tango, Juliett and Mike, sending you 3
2024-10-14 22:32:22.722667 Zulu: X-ray and Golf, sending you 2
2024-10-14 22:32:22.723321 Hotel: Zulu, sending you 4
2024-10-14 22:32:22.724335 Oscar: Alpha, sending you 9
2024-10-14 22:32:22.725682 X-ray: Sending you each 2
2024-10-14 22:32:22.727666 Oscar: Lima, sending you 8
2024-10-14 22:32:22.728692 Hotel: X-ray and Golf, sending you 2
2024-10-14 22:32:22.729774 Alpha: Oscar, sending you 7
2024-10-14 22:32:22.730146 Juliett: Hotel, Zulu and Mike, sending you 3
2024-10-14 22:32:22.730968 Lima: Sending you each 9
2024-10-14 22:32:22.732660 Mike: Hotel, Tango, Juliett, Zulu and X-ray, sending you 3
2024-10-14 22:32:22.733287 Alpha: Lima, sending you 6
2024-10-14 22:32:22.733689 Juliett: Tango, X-ray and Golf, sending you 2
2024-10-14 22:32:22.737694 Mike: Golf, sending you 1
2024-10-14 22:32:22.738473 Golf: Hotel, Zulu and X-ray, sending you 1
2024-10-14 22:32:22.742714 Golf: Tango, Juliett and Mike, sending you 2
chatterbot X-ray submitting transactions
chatterbot Golf submitting transactions
chatterbot Tango submitting transactions
chatterbot Zulu submitting transactions
chatterbot Alpha submitting transactions
chatterbot Oscar submitting transactions
chatterbot Mike submitting transactions
chatterbot Hotel submitting transactions
chatterbot Lima submitting transactions
chatterbot Juliett submitting transactions
ChatterBot Hotel round 5
ChatterBot Tango round 5
ChatterBot Alpha round 5
ChatterBot Juliett round 5
ChatterBot Zulu round 5
ChatterBot X-ray round 5
ChatterBot Oscar round 5
ChatterBot Lima round 5
ChatterBot Golf round 5
ChatterBot Mike round 5
2024-10-14 22:32:23.986949 Alpha: Sending you each 6
2024-10-14 22:32:23.988655 Zulu: Hotel and Juliett, sending you 4
2024-10-14 22:32:23.990148 Oscar: Alpha, sending you 9
2024-10-14 22:32:23.990486 Juliett: Hotel, Zulu and Mike, sending you 3
2024-10-14 22:32:23.991680 Zulu: Tango and Mike, sending you 3
2024-10-14 22:32:23.992848 Hotel: Tango, Juliett and Mike, sending you 3
2024-10-14 22:32:23.993522 Oscar: Lima, sending you 8
2024-10-14 22:32:23.994680 Juliett: Tango, X-ray and Golf, sending you 2
2024-10-14 22:32:23.996243 Tango: Hotel and Mike, sending you 3
2024-10-14 22:32:23.997193 X-ray: Hotel, Tango, Juliett, Zulu and Mike, sending you 2
2024-10-14 22:32:23.998080 Hotel: Zulu, sending you 4
2024-10-14 22:32:23.999703 Zulu: X-ray, sending you 2
2024-10-14 22:32:24.000588 Golf: Hotel, Zulu, X-ray and Mike, sending you 1
2024-10-14 22:32:24.001921 Mike: Hotel, Tango, Juliett, Zulu and X-ray, sending you 3
2024-10-14 22:32:24.002803 Tango: Juliett, Zulu, X-ray and Golf, sending you 2
2024-10-14 22:32:24.003952 X-ray: Golf, sending you 1
2024-10-14 22:32:24.004909 Hotel: X-ray and Golf, sending you 2
2024-10-14 22:32:24.005748 Lima: Same as last round
2024-10-14 22:32:24.006697 Zulu: Golf, sending you 1
2024-10-14 22:32:24.007545 Golf: Tango, sending you 2
2024-10-14 22:32:24.008423 Mike: Golf, sending you 1
2024-10-14 22:32:24.010701 Golf: Juliett, sending you 3
chatterbot Zulu submitting transactions
chatterbot Tango submitting transactions
chatterbot Golf submitting transactions
chatterbot Hotel submitting transactions
chatterbot Mike submitting transactions
chatterbot Lima submitting transactions
chatterbot Oscar submitting transactions
chatterbot Juliett submitting transactions
chatterbot Alpha submitting transactions
chatterbot X-ray submitting transactions
ChatterBot Hotel round 6
ChatterBot Tango round 6
ChatterBot Alpha round 6
ChatterBot Juliett round 6
ChatterBot Zulu round 6
ChatterBot X-ray round 6
ChatterBot Oscar round 6
ChatterBot Lima round 6
ChatterBot Golf round 6
ChatterBot Mike round 6
2024-10-14 22:32:25.028679 Hotel: Tango, Juliett and Mike, sending you 3
2024-10-14 22:32:25.030668 Juliett: Hotel, Zulu, Golf and Mike, sending you 3
2024-10-14 22:32:25.031699 Hotel: Zulu, sending you 4
2024-10-14 22:32:25.032946 Tango: Hotel and Mike, sending you 3
2024-10-14 22:32:25.034675 Juliett: Tango, sending you 1
2024-10-14 22:32:25.036663 Hotel: X-ray and Golf, sending you 2
2024-10-14 22:32:25.037692 Tango: Juliett, Zulu, X-ray and Golf, sending you 2
2024-10-14 22:32:25.038867 Juliett: X-ray, sending you 2
2024-10-14 22:32:25.041112 Zulu: Hotel, sending you 4
2024-10-14 22:32:25.042236 X-ray: Hotel, Tango, Juliett, Zulu and Mike, sending you 2
2024-10-14 22:32:25.045683 Zulu: Tango, Juliett and Mike, sending you 3
2024-10-14 22:32:25.047679 X-ray: Golf, sending you 1
2024-10-14 22:32:25.048746 Oscar: Alpha, sending you 9
2024-10-14 22:32:25.049205 Mike: Hotel, Tango, Juliett, Zulu and X-ray, sending you 3
2024-10-14 22:32:25.050060 Alpha: Same as last round
2024-10-14 22:32:25.051692 Zulu: X-ray and Golf, sending you 2
2024-10-14 22:32:25.052317 Oscar: Lima, sending you 8
2024-10-14 22:32:25.052675 Golf: Hotel, Tango and Juliett, sending you 2
2024-10-14 22:32:25.054009 Mike: Golf, sending you 1
2024-10-14 22:32:25.054778 Lima: Same as last round
2024-10-14 22:32:25.057162 Golf: Zulu, X-ray and Mike, sending you 1
chatterbot Lima submitting transactions
chatterbot Juliett submitting transactions
chatterbot Alpha submitting transactions
chatterbot X-ray submitting transactions
chatterbot Zulu submitting transactions
chatterbot Golf submitting transactions
chatterbot Tango submitting transactions
chatterbot Hotel submitting transactions
chatterbot Oscar submitting transactions
chatterbot Mike submitting transactions
ChatterBot Hotel round 7
ChatterBot Tango round 7
ChatterBot Alpha round 7
ChatterBot Juliett round 7
ChatterBot Zulu round 7
ChatterBot X-ray round 7
ChatterBot Oscar round 7
ChatterBot Lima round 7
ChatterBot Golf round 7
ChatterBot Mike round 7
2024-10-14 22:32:26.120045 Hotel: Tango, Juliett and Mike, sending you 3
2024-10-14 22:32:26.122690 Juliett: Hotel, Zulu and Mike, sending you 3
2024-10-14 22:32:26.123672 Hotel: Zulu, sending you 4
2024-10-14 22:32:26.125699 Juliett: Tango, X-ray and Golf, sending you 2
2024-10-14 22:32:26.126662 Tango: Hotel and Mike, sending you 3
2024-10-14 22:32:26.128692 Hotel: X-ray and Golf, sending you 2
2024-10-14 22:32:26.130013 Alpha: I was attacked by X-ray
2024-10-14 22:32:26.134560 Alpha: I'm keeping this round to protect myself
2024-10-14 22:32:26.134900 Alpha: Ow
2024-10-14 22:32:26.135159 Tango: Juliett, Zulu, X-ray and Golf, sending you 2
2024-10-14 22:32:26.135886 Mike: Hotel, Tango, Juliett, Zulu and X-ray, sending you 3
2024-10-14 22:32:26.136538 Oscar: Alpha, sending you 8
2024-10-14 22:32:26.137330 Golf: Hotel, Tango and Juliett, sending you 2
2024-10-14 22:32:26.139681 Mike: Golf, sending you 1
2024-10-14 22:32:26.141401 Oscar: Lima, sending you 9
2024-10-14 22:32:26.141800 Zulu: Hotel, sending you 4
2024-10-14 22:32:26.142493 X-ray: Hotel, Tango, Juliett, Zulu and Mike, sending you 2
2024-10-14 22:32:26.143119 Lima: Same as last round
2024-10-14 22:32:26.143395 Golf: Zulu, X-ray and Mike, sending you 1
2024-10-14 22:32:26.144918 Zulu: Tango, Juliett and Mike, sending you 3
2024-10-14 22:32:26.146666 X-ray: Golf, sending you 1
2024-10-14 22:32:26.148657 Zulu: X-ray and Golf, sending you 2
chatterbot Hotel submitting transactions
chatterbot Juliett submitting transactions
chatterbot Alpha submitting transactions
chatterbot Lima submitting transactions
chatterbot X-ray submitting transactions
chatterbot Oscar submitting transactions
chatterbot Tango submitting transactions
chatterbot Golf submitting transactions
chatterbot Zulu submitting transactions
chatterbot Mike submitting transactions
ChatterBot Hotel round 8
ChatterBot Tango round 8
ChatterBot Alpha round 8
ChatterBot Juliett round 8
ChatterBot Zulu round 8
ChatterBot X-ray round 8
ChatterBot Oscar round 8
ChatterBot Lima round 8
ChatterBot Golf round 8
ChatterBot Mike round 8
2024-10-14 22:32:27.336666 Tango: Hotel and Mike, sending you 3
2024-10-14 22:32:27.337912 Alpha: Sending you each 5
2024-10-14 22:32:27.340685 Juliett: Hotel, Zulu and Mike, sending you 3
2024-10-14 22:32:27.342003 Tango: Juliett, Zulu, X-ray and Golf, sending you 2
2024-10-14 22:32:27.343670 Oscar: Alpha, sending you 7
2024-10-14 22:32:27.344007 Juliett: Tango, X-ray and Golf, sending you 2
2024-10-14 22:32:27.345710 Lima: Same as last round
2024-10-14 22:32:27.347675 Hotel: Tango, Juliett and Mike, sending you 3
2024-10-14 22:32:27.348638 Oscar: Lima, sending you 10
2024-10-14 22:32:27.351695 Hotel: Zulu, sending you 4
2024-10-14 22:32:27.353689 X-ray: Hotel, Tango, Juliett, Zulu and Mike, sending you 2
2024-10-14 22:32:27.354431 Zulu: Hotel, sending you 4
2024-10-14 22:32:27.355159 Mike: Hotel, Tango, Juliett, Zulu and X-ray, sending you 3
2024-10-14 22:32:27.356162 Hotel: X-ray and Golf, sending you 2
2024-10-14 22:32:27.356780 X-ray: Golf, sending you 1
2024-10-14 22:32:27.357814 Zulu: Tango, Juliett and Mike, sending you 3
2024-10-14 22:32:27.358711 Golf: Hotel, Tango and Juliett, sending you 2
2024-10-14 22:32:27.359870 Mike: Golf, sending you 1
2024-10-14 22:32:27.362672 Zulu: X-ray and Golf, sending you 2
2024-10-14 22:32:27.363554 Golf: Zulu, X-ray and Mike, sending you 1
chatterbot Tango submitting transactions
chatterbot Lima submitting transactions
chatterbot X-ray submitting transactions
chatterbot Mike submitting transactions
chatterbot Juliett submitting transactions
chatterbot Golf submitting transactions
chatterbot Hotel submitting transactions
chatterbot Alpha submitting transactions
chatterbot Zulu submitting transactions
chatterbot Oscar submitting transactions
ChatterBot Hotel round 9
ChatterBot Tango round 9
ChatterBot Alpha round 9
ChatterBot Juliett round 9
ChatterBot Zulu round 9
ChatterBot X-ray round 9
ChatterBot Oscar round 9
ChatterBot Lima round 9
ChatterBot Golf round 9
ChatterBot Mike round 9
2024-10-14 22:32:28.725725 Juliett: Hotel, Zulu and Mike, sending you 3
2024-10-14 22:32:28.727549 X-ray: Hotel, Tango, Juliett, Zulu and Mike, sending you 2
2024-10-14 22:32:28.729780 Oscar: Alpha, sending you 8
2024-10-14 22:32:28.730501 Alpha: Same as last round
2024-10-14 22:32:28.731022 Juliett: Tango, X-ray and Golf, sending you 2
2024-10-14 22:32:28.732732 Tango: Hotel and Mike, sending you 3
2024-10-14 22:32:28.734893 Golf: Hotel, Tango and Juliett, sending you 2
2024-10-14 22:32:28.736220 X-ray: Golf, sending you 1
2024-10-14 22:32:28.738002 Lima: Same as last round
2024-10-14 22:32:28.738758 Oscar: Lima, sending you 9
2024-10-14 22:32:28.739682 Zulu: Hotel, sending you 4
2024-10-14 22:32:28.741399 Tango: Juliett, Zulu, X-ray and Golf, sending you 2
2024-10-14 22:32:28.742737 Hotel: Tango, Juliett and Mike, sending you 3
2024-10-14 22:32:28.744765 Golf: Zulu, X-ray and Mike, sending you 1
2024-10-14 22:32:28.747118 Zulu: Tango, Juliett and Mike, sending you 3
2024-10-14 22:32:28.749677 Hotel: Zulu, sending you 4
2024-10-14 22:32:28.752518 Mike: Hotel, Tango, Juliett, Zulu and X-ray, sending you 3
2024-10-14 22:32:28.754991 Zulu: X-ray and Golf, sending you 2
2024-10-14 22:32:28.757500 Hotel: X-ray and Golf, sending you 2
2024-10-14 22:32:28.760019 Mike: Golf, sending you 1
chatterbot Hotel submitting transactions
chatterbot Juliett submitting transactions
chatterbot Oscar submitting transactions
chatterbot Golf submitting transactions
chatterbot Alpha submitting transactions
chatterbot X-ray submitting transactions
chatterbot Tango submitting transactions
chatterbot Lima submitting transactions
chatterbot Mike submitting transactions
chatterbot Zulu submitting transactions
ChatterBot Hotel round 10
ChatterBot Tango round 10
ChatterBot Alpha round 10
ChatterBot Juliett round 10
ChatterBot Zulu round 10
ChatterBot X-ray round 10
ChatterBot Oscar round 10
ChatterBot Lima round 10
ChatterBot Golf round 10
ChatterBot Mike round 10
2024-10-14 22:32:29.951699 Tango: Hotel and Mike, sending you 3
2024-10-14 22:32:29.953208 Alpha: Same as last round
2024-10-14 22:32:29.953797 Juliett: Hotel, Zulu and Mike, sending you 3
2024-10-14 22:32:29.954719 Oscar: Alpha, sending you 8
2024-10-14 22:32:29.955074 Golf: Hotel, Tango, Juliett and Zulu, sending you 2
2024-10-14 22:32:29.956031 Tango: Juliett, Zulu, X-ray and Golf, sending you 2
2024-10-14 22:32:29.957306 Hotel: Tango, Juliett and Mike, sending you 3
2024-10-14 22:32:29.958605 Oscar: Lima, sending you 9
2024-10-14 22:32:29.959228 Juliett: Tango, X-ray and Golf, sending you 2
2024-10-14 22:32:29.961056 Lima: Same as last round
2024-10-14 22:32:29.961583 Golf: Mike, sending you 1
2024-10-14 22:32:29.963791 X-ray: Hotel, Tango, Juliett, Zulu and Mike, sending you 2
2024-10-14 22:32:29.965664 Hotel: Zulu, sending you 4
2024-10-14 22:32:29.969675 X-ray: Golf, sending you 1
2024-10-14 22:32:29.970875 Hotel: X-ray and Golf, sending you 2
2024-10-14 22:32:29.972120 Zulu: Hotel, sending you 4
2024-10-14 22:32:29.975660 Mike: Hotel, Tango, Juliett, Zulu and X-ray, sending you 3
2024-10-14 22:32:29.976837 Zulu: Tango, Juliett and Mike, sending you 3
2024-10-14 22:32:29.980692 Mike: Golf, sending you 1
2024-10-14 22:32:29.981958 Zulu: X-ray and Golf, sending you 2
chatterbot Alpha submitting transactions
chatterbot Oscar submitting transactions
chatterbot Mike submitting transactions
chatterbot Juliett submitting transactions
chatterbot Zulu submitting transactions
chatterbot Lima submitting transactions
chatterbot X-ray submitting transactions
chatterbot Tango submitting transactions
chatterbot Golf submitting transactions
chatterbot Hotel submitting transactions
ChatterBot Hotel round 11
ChatterBot Tango round 11
ChatterBot Alpha round 11
ChatterBot Juliett round 11
ChatterBot Zulu round 11
ChatterBot X-ray round 11
ChatterBot Oscar round 11
ChatterBot Lima round 11
ChatterBot Golf round 11
ChatterBot Mike round 11
2024-10-14 22:32:31.127657 Tango: Hotel and Mike, sending you 3
2024-10-14 22:32:31.131686 Tango: Juliett, Zulu, X-ray and Golf, sending you 2
2024-10-14 22:32:31.134730 Hotel: Tango, Juliett and Mike, sending you 3
2024-10-14 22:32:31.136066 Zulu: Hotel, sending you 4
2024-10-14 22:32:31.137678 Oscar: Alpha, sending you 8
2024-10-14 22:32:31.139263 X-ray: Hotel, Tango, Juliett, Zulu and Mike, sending you 2
2024-10-14 22:32:31.140306 Hotel: Zulu, sending you 4
2024-10-14 22:32:31.141326 Zulu: Tango, Juliett and Mike, sending you 3
2024-10-14 22:32:31.142201 Lima: Same as last round
2024-10-14 22:32:31.142558 Oscar: Lima, sending you 9
2024-10-14 22:32:31.143648 Hotel: X-ray and Golf, sending you 2
2024-10-14 22:32:31.145648 X-ray: Golf, sending you 1
2024-10-14 22:32:31.146577 Juliett: Hotel, Zulu and Mike, sending you 3
2024-10-14 22:32:31.147350 Alpha: Same as last round
2024-10-14 22:32:31.147644 Zulu: X-ray and Golf, sending you 2
2024-10-14 22:32:31.151675 Juliett: Tango, X-ray and Golf, sending you 2
2024-10-14 22:32:31.152677 Golf: Hotel, Tango, Juliett and Zulu, sending you 2
2024-10-14 22:32:31.154685 Mike: Hotel, Tango, Juliett, Zulu and X-ray, sending you 3
2024-10-14 22:32:31.158653 Golf: Mike, sending you 1
2024-10-14 22:32:31.159539 Mike: Golf, sending you 1
chatterbot Alpha submitting transactions
chatterbot Tango submitting transactions
chatterbot Golf submitting transactions
chatterbot Zulu submitting transactions
chatterbot Juliett submitting transactions
chatterbot Oscar submitting transactions
chatterbot X-ray submitting transactions
chatterbot Mike submitting transactions
chatterbot Hotel submitting transactions
chatterbot Lima submitting transactions
ChatterBot Hotel round 12
ChatterBot Tango round 12
ChatterBot Alpha round 12
ChatterBot Juliett round 12
ChatterBot Zulu round 12
ChatterBot X-ray round 12
ChatterBot Oscar round 12
ChatterBot Lima round 12
ChatterBot Golf round 12
ChatterBot Mike round 12
2024-10-14 22:32:32.382700 Juliett: Hotel, Zulu and Mike, sending you 3
2024-10-14 22:32:32.384549 Alpha: Same as last round
2024-10-14 22:32:32.385004 Tango: Hotel and Mike, sending you 3
2024-10-14 22:32:32.387655 Hotel: Tango, Juliett and Mike, sending you 3
2024-10-14 22:32:32.389648 Juliett: Tango, X-ray and Golf, sending you 2
2024-10-14 22:32:32.391195 Tango: Juliett, Zulu, X-ray and Golf, sending you 2
2024-10-14 22:32:32.392088 X-ray: Hotel, Tango, Juliett, Zulu and Mike, sending you 2
2024-10-14 22:32:32.394663 Hotel: Zulu, sending you 4
2024-10-14 22:32:32.396948 X-ray: Golf, sending you 1
2024-10-14 22:32:32.398918 Zulu: Hotel, sending you 4
2024-10-14 22:32:32.401119 Mike: Hotel, Tango, Juliett, Zulu and X-ray, sending you 3
2024-10-14 22:32:32.403182 Lima: Same as last round
2024-10-14 22:32:32.403797 Hotel: X-ray and Golf, sending you 2
2024-10-14 22:32:32.406122 Zulu: Tango, Juliett and Mike, sending you 3
2024-10-14 22:32:32.407777 Mike: Golf, sending you 1
2024-10-14 22:32:32.409377 Oscar: Alpha, sending you 8
2024-10-14 22:32:32.410682 Zulu: X-ray and Golf, sending you 2
2024-10-14 22:32:32.412684 Golf: Hotel, Tango, Juliett and Zulu, sending you 2
2024-10-14 22:32:32.414508 Oscar: Lima, sending you 9
2024-10-14 22:32:32.416947 Golf: Mike, sending you 1
chatterbot X-ray submitting transactions
chatterbot Hotel submitting transactions
chatterbot Golf submitting transactions
chatterbot Zulu submitting transactions
chatterbot Oscar submitting transactions
chatterbot Mike submitting transactions
chatterbot Alpha submitting transactions
chatterbot Lima submitting transactions
chatterbot Tango submitting transactions
chatterbot Juliett submitting transactions
ChatterBot Hotel round 13
ChatterBot Tango round 13
ChatterBot Alpha round 13
ChatterBot Juliett round 13
ChatterBot Zulu round 13
ChatterBot X-ray round 13
ChatterBot Oscar round 13
ChatterBot Lima round 13
ChatterBot Golf round 13
ChatterBot Mike round 13
2024-10-14 22:32:33.438267 Oscar: We should add Golf
2024-10-14 22:32:33.442840 Alpha: No
2024-10-14 22:32:33.443008 Lima: No
ChatterBot Oscar reevaluating
ChatterBot Oscar reevaluating
2024-10-14 22:32:33.465657 Tango: Hotel and Mike, sending you 3
2024-10-14 22:32:33.471678 Tango: Juliett, Zulu, X-ray and Golf, sending you 2
2024-10-14 22:32:33.473672 Juliett: Hotel, Zulu and Mike, sending you 3
2024-10-14 22:32:33.475371 Zulu: Hotel, sending you 4
2024-10-14 22:32:33.476947 Hotel: Tango, Juliett and Mike, sending you 3
2024-10-14 22:32:33.477765 Golf: Hotel, Tango, Juliett and Zulu, sending you 2
2024-10-14 22:32:33.479666 Juliett: Tango, X-ray and Golf, sending you 2
2024-10-14 22:32:33.480942 Zulu: Tango, Juliett and Mike, sending you 3
2024-10-14 22:32:33.483006 Alpha: Same as last round
2024-10-14 22:32:33.483468 Mike: Hotel, Tango, Juliett, Zulu and X-ray, sending you 3
2024-10-14 22:32:33.485228 Golf: Mike, sending you 1
2024-10-14 22:32:33.486315 Hotel: Zulu, sending you 4
2024-10-14 22:32:33.487679 X-ray: Hotel, Tango, Juliett, Zulu and Mike, sending you 2
2024-10-14 22:32:33.488995 Lima: Same as last round
2024-10-14 22:32:33.489377 Zulu: X-ray and Golf, sending you 2
2024-10-14 22:32:33.491320 Mike: Golf, sending you 1
2024-10-14 22:32:33.492318 Hotel: X-ray and Golf, sending you 2
2024-10-14 22:32:33.493519 Oscar: Alpha, sending you 8
2024-10-14 22:32:33.493821 X-ray: Golf, sending you 1
2024-10-14 22:32:33.498681 Oscar: Lima, sending you 9
chatterbot Mike submitting transactions
chatterbot Juliett submitting transactions
chatterbot Hotel submitting transactions
chatterbot X-ray submitting transactions
chatterbot Oscar submitting transactions
chatterbot Golf submitting transactions
chatterbot Alpha submitting transactions
chatterbot Lima submitting transactions
chatterbot Zulu submitting transactions
chatterbot Tango submitting transactions
ChatterBot Hotel round 14
ChatterBot Tango round 14
ChatterBot Alpha round 14
ChatterBot Juliett round 14
ChatterBot Zulu round 14
ChatterBot X-ray round 14
ChatterBot Oscar round 14
ChatterBot Lima round 14
ChatterBot Golf round 14
ChatterBot Mike round 14
2024-10-14 22:32:34.654685 Alpha: Same as last round
2024-10-14 22:32:34.657670 Tango: Hotel and Mike, sending you 3
2024-10-14 22:32:34.659574 Zulu: Hotel, sending you 4
2024-10-14 22:32:34.662398 Lima: Same as last round
2024-10-14 22:32:34.664413 Tango: Juliett, Zulu, X-ray and Golf, sending you 2
2024-10-14 22:32:34.666216 Hotel: Tango, Juliett and Mike, sending you 3
2024-10-14 22:32:34.668473 Zulu: Tango, Juliett and Mike, sending you 3
2024-10-14 22:32:34.669719 Oscar: Alpha, sending you 8
2024-10-14 22:32:34.670255 Juliett: Hotel, Zulu and Mike, sending you 3
2024-10-14 22:32:34.672191 X-ray: Hotel, Tango, Juliett, Zulu and Mike, sending you 2
2024-10-14 22:32:34.673313 Hotel: Zulu, sending you 4
2024-10-14 22:32:34.675114 Oscar: Lima, sending you 9
2024-10-14 22:32:34.675482 Zulu: X-ray and Golf, sending you 2
2024-10-14 22:32:34.676486 Juliett: Tango, X-ray and Golf, sending you 2
2024-10-14 22:32:34.678126 X-ray: Golf, sending you 1
2024-10-14 22:32:34.679760 Golf: Hotel, Tango, Juliett and Zulu, sending you 2
2024-10-14 22:32:34.682003 Mike: Hotel, Tango, Juliett, Zulu and X-ray, sending you 3
2024-10-14 22:32:34.684761 Hotel: X-ray and Golf, sending you 2
2024-10-14 22:32:34.686919 Golf: Mike, sending you 1
2024-10-14 22:32:34.689447 Mike: Golf, sending you 1
chatterbot Hotel submitting transactions
chatterbot Juliett submitting transactions
chatterbot Mike submitting transactions
chatterbot X-ray submitting transactions
chatterbot Tango submitting transactions
chatterbot Zulu submitting transactions
chatterbot Oscar submitting transactions
chatterbot Lima submitting transactions
chatterbot Golf submitting transactions
chatterbot Alpha submitting transactions
ChatterBot Hotel round 15
ChatterBot Tango round 15
ChatterBot Alpha round 15
ChatterBot Juliett round 15
ChatterBot Zulu round 15
ChatterBot X-ray round 15
ChatterBot Oscar round 15
ChatterBot Lima round 15
ChatterBot Golf round 15
ChatterBot Mike round 15
2024-10-14 22:32:35.555684 Juliett: Hotel, Zulu and Mike, sending you 3
2024-10-14 22:32:35.558718 Oscar: Alpha, sending you 8
2024-10-14 22:32:35.559314 Alpha: Same as last round
2024-10-14 22:32:35.561713 Juliett: Tango, X-ray and Golf, sending you 2
2024-10-14 22:32:35.564309 Oscar: Lima, sending you 9
2024-10-14 22:32:35.564830 Hotel: Tango, Juliett and Mike, sending you 3
2024-10-14 22:32:35.566171 X-ray: Hotel, Tango, Juliett, Zulu and Mike, sending you 2
2024-10-14 22:32:35.567672 Tango: Hotel and Mike, sending you 3
2024-10-14 22:32:35.569832 Golf: Hotel, Tango, Juliett and Zulu, sending you 2
2024-10-14 22:32:35.571286 Hotel: Zulu, sending you 4
2024-10-14 22:32:35.572628 Mike: Hotel, Tango, Juliett, Zulu and X-ray, sending you 3
2024-10-14 22:32:35.574040 Lima: Same as last round
2024-10-14 22:32:35.574470 X-ray: Golf, sending you 1
2024-10-14 22:32:35.576959 Zulu: Hotel, sending you 4
2024-10-14 22:32:35.578163 Golf: Mike, sending you 1
2024-10-14 22:32:35.579034 Tango: Juliett, Zulu, X-ray and Golf, sending you 2
2024-10-14 22:32:35.579864 Hotel: X-ray and Golf, sending you 2
2024-10-14 22:32:35.580764 Mike: Golf, sending you 1
2024-10-14 22:32:35.582661 Zulu: Tango, Juliett and Mike, sending you 3
2024-10-14 22:32:35.587666 Zulu: X-ray and Golf, sending you 2
chatterbot Hotel submitting transactions
chatterbot Lima submitting transactions
chatterbot Zulu submitting transactions
chatterbot Tango submitting transactions
chatterbot X-ray submitting transactions
chatterbot Mike submitting transactions
chatterbot Juliett submitting transactions
chatterbot Golf submitting transactions
chatterbot Oscar submitting transactions
chatterbot Alpha submitting transactions
ChatterBot Hotel round 16
ChatterBot Tango round 16
ChatterBot Alpha round 16
ChatterBot Juliett round 16
ChatterBot Zulu round 16
ChatterBot X-ray round 16
ChatterBot Oscar round 16
ChatterBot Lima round 16
ChatterBot Golf round 16
ChatterBot Mike round 16
2024-10-14 22:32:36.662677 Alpha: Same as last round
2024-10-14 22:32:36.664132 Tango: Hotel and Mike, sending you 3
2024-10-14 22:32:36.667685 Juliett: Hotel, Zulu and Mike, sending you 3
2024-10-14 22:32:36.671123 Tango: Juliett, Zulu, X-ray and Golf, sending you 2
2024-10-14 22:32:36.672470 Zulu: Hotel, sending you 5
2024-10-14 22:32:36.674216 Hotel: Tango, Juliett and Mike, sending you 3
2024-10-14 22:32:36.675677 Juliett: Tango, X-ray and Golf, sending you 2
2024-10-14 22:32:36.678271 Lima: Same as last round
2024-10-14 22:32:36.678865 Zulu: Tango, X-ray and Golf, sending you 2
2024-10-14 22:32:36.681522 Oscar: Alpha, sending you 8
2024-10-14 22:32:36.682120 Hotel: Zulu, sending you 4
2024-10-14 22:32:36.684949 Zulu: Juliett and Mike, sending you 3
2024-10-14 22:32:36.688025 Oscar: Lima, sending you 9
2024-10-14 22:32:36.688741 X-ray: Hotel, Tango, Juliett, Zulu and Mike, sending you 2
2024-10-14 22:32:36.691698 Hotel: X-ray and Golf, sending you 2
2024-10-14 22:32:36.694543 Mike: Hotel, Tango, Juliett, Zulu and X-ray, sending you 3
2024-10-14 22:32:36.696777 Golf: Hotel, Tango, Juliett and Zulu, sending you 2
2024-10-14 22:32:36.697865 X-ray: Golf, sending you 1
2024-10-14 22:32:36.700662 Mike: Golf, sending you 1
2024-10-14 22:32:36.702843 Golf: Mike, sending you 1
chatterbot Mike submitting transactions
chatterbot Oscar submitting transactions
chatterbot Juliett submitting transactions
chatterbot X-ray submitting transactions
chatterbot Alpha submitting transactions
chatterbot Golf submitting transactions
chatterbot Hotel submitting transactions
chatterbot Lima submitting transactions
chatterbot Zulu submitting transactions
chatterbot Tango submitting transactions
ChatterBot Hotel round 17
ChatterBot Tango round 17
ChatterBot Alpha round 17
ChatterBot Juliett round 17
ChatterBot Zulu round 17
ChatterBot X-ray round 17
ChatterBot Oscar round 17
ChatterBot Lima round 17
ChatterBot Golf round 17
ChatterBot Mike round 17
2024-10-14 22:32:37.938651 Hotel: Tango, Juliett and Mike, sending you 3
2024-10-14 22:32:37.941500 Alpha: Same as last round
2024-10-14 22:32:37.944671 Hotel: Zulu, sending you 4
2024-10-14 22:32:37.948009 Oscar: Alpha, sending you 8
2024-10-14 22:32:37.949374 Lima: Same as last round
2024-10-14 22:32:37.950052 Juliett: Hotel, Zulu and Mike, sending you 3
2024-10-14 22:32:37.953381 Hotel: X-ray and Golf, sending you 2
2024-10-14 22:32:37.955857 Oscar: Lima, sending you 9
2024-10-14 22:32:37.956394 Zulu: Hotel, sending you 5
2024-10-14 22:32:37.958758 Juliett: Tango, X-ray and Golf, sending you 2
2024-10-14 22:32:37.960922 Golf: Hotel, Tango, Juliett and Zulu, sending you 2
2024-10-14 22:32:37.962610 Tango: Hotel and Mike, sending you 3
2024-10-14 22:32:37.964863 X-ray: Hotel, Tango, Juliett, Zulu and Mike, sending you 2
2024-10-14 22:32:37.966944 Zulu: Tango, X-ray and Golf, sending you 2
2024-10-14 22:32:37.969004 Mike: Hotel, Tango, Juliett, Zulu and X-ray, sending you 3
2024-10-14 22:32:37.971394 Golf: Mike, sending you 1
