ChatterBot Victor round 1
ChatterBot Romeo round 1
ChatterBot Foxtrot round 1
ChatterBot Delta round 1
ChatterBot Whiskey round 1
ChatterBot Yankee round 1
ChatterBot Golf round 1
ChatterBot Hotel round 1
ChatterBot November round 1
ChatterBot Charlie round 1
randomSelections Golf: {Golf, Charlie, Whiskey, Victor, November, Romeo} 
2024-10-14 22:32:16.679979 Golf: We would work well together
ChatterBot Charlie reevaluating
ChatterBot Whiskey reevaluating
ChatterBot Victor reevaluating
ChatterBot November reevaluating
ChatterBot Romeo reevaluating
2024-10-14 22:32:16.696659 Charlie: Yes
2024-10-14 22:32:16.697364 Whiskey: Yes
2024-10-14 22:32:16.697569 Victor: Yes
2024-10-14 22:32:16.698027 November: Yes
2024-10-14 22:32:16.698218 Romeo: Yes
ChatterBot Whiskey reevaluating
ChatterBot Victor reevaluating
ChatterBot November reevaluating
ChatterBot Romeo reevaluating
ChatterBot Charlie reevaluating
ChatterBot Victor reevaluating
ChatterBot November reevaluating
ChatterBot Romeo reevaluating
ChatterBot Charlie reevaluating
ChatterBot Whiskey reevaluating
ChatterBot November reevaluating
ChatterBot Romeo reevaluating
ChatterBot Charlie reevaluating
ChatterBot Whiskey reevaluating
ChatterBot Victor reevaluating
ChatterBot Romeo reevaluating
ChatterBot Charlie reevaluating
ChatterBot Whiskey reevaluating
ChatterBot Victor reevaluating
ChatterBot November reevaluating
randomSelections Foxtrot: {Foxtrot, Hotel, Victor, Yankee, Charlie, Golf, Whiskey, November} 
2024-10-14 22:32:16.766202 Foxtrot: Let's form a team
ChatterBot Hotel reevaluating
ChatterBot Victor reevaluating
ChatterBot Yankee reevaluating
ChatterBot Charlie reevaluating
ChatterBot Whiskey reevaluating
ChatterBot November reevaluating
2024-10-14 22:32:16.786956 Hotel: Yes
2024-10-14 22:32:16.787327 Victor: No
2024-10-14 22:32:16.787764 Yankee: Yes
2024-10-14 22:32:16.788884 Charlie: No
2024-10-14 22:32:16.789534 Golf: No
2024-10-14 22:32:16.790023 Whiskey: No
2024-10-14 22:32:16.791417 November: No
ChatterBot Victor reevaluating
ChatterBot Yankee reevaluating
ChatterBot Charlie reevaluating
ChatterBot Whiskey reevaluating
ChatterBot November reevaluating
ChatterBot Hotel reevaluating
ChatterBot Yankee reevaluating
ChatterBot Charlie reevaluating
ChatterBot Whiskey reevaluating
ChatterBot November reevaluating
ChatterBot Hotel reevaluating
ChatterBot Victor reevaluating
ChatterBot Charlie reevaluating
ChatterBot Whiskey reevaluating
ChatterBot November reevaluating
ChatterBot Hotel reevaluating
ChatterBot Victor reevaluating
ChatterBot Yankee reevaluating
ChatterBot Whiskey reevaluating
ChatterBot November reevaluating
ChatterBot Hotel reevaluating
ChatterBot Victor reevaluating
ChatterBot Yankee reevaluating
ChatterBot Charlie reevaluating
ChatterBot Whiskey reevaluating
ChatterBot November reevaluating
ChatterBot Hotel reevaluating
ChatterBot Victor reevaluating
ChatterBot Yankee reevaluating
ChatterBot Charlie reevaluating
ChatterBot November reevaluating
ChatterBot Hotel reevaluating
ChatterBot Victor reevaluating
ChatterBot Yankee reevaluating
ChatterBot Charlie reevaluating
ChatterBot Whiskey reevaluating
randomSelections Delta: {Delta, Yankee, Victor, Hotel, Charlie, Romeo} 
2024-10-14 22:32:16.940452 Delta: Can we be friends?
ChatterBot Yankee reevaluating
ChatterBot Victor reevaluating
ChatterBot Hotel reevaluating
ChatterBot Charlie reevaluating
ChatterBot Romeo reevaluating
2024-10-14 22:32:16.949276 Yankee: No
2024-10-14 22:32:16.949479 Victor: No
2024-10-14 22:32:16.949677 Hotel: No
2024-10-14 22:32:16.949787 Charlie: No
2024-10-14 22:32:16.949996 Romeo: No
ChatterBot Victor reevaluating
ChatterBot Hotel reevaluating
ChatterBot Charlie reevaluating
ChatterBot Romeo reevaluating
ChatterBot Yankee reevaluating
ChatterBot Hotel reevaluating
ChatterBot Charlie reevaluating
ChatterBot Romeo reevaluating
ChatterBot Yankee reevaluating
ChatterBot Victor reevaluating
ChatterBot Charlie reevaluating
ChatterBot Romeo reevaluating
ChatterBot Yankee reevaluating
ChatterBot Victor reevaluating
ChatterBot Hotel reevaluating
ChatterBot Romeo reevaluating
ChatterBot Yankee reevaluating
ChatterBot Victor reevaluating
ChatterBot Hotel reevaluating
ChatterBot Charlie reevaluating
2024-10-14 22:32:17.011431 Foxtrot: Victor, Whiskey, Yankee, Golf, Hotel and Charlie, sending you 2
2024-10-14 22:32:17.012030 Yankee: Victor, Foxtrot and Golf, sending you 2
2024-10-14 22:32:17.012461 Romeo: Victor and Whiskey, sending you 1
2024-10-14 22:32:17.016199 November: Victor and Golf, sending you 3
2024-10-14 22:32:17.016527 Victor: Romeo, sending you 3
2024-10-14 22:32:17.016872 Foxtrot: November, sending you 1
2024-10-14 22:32:17.017965 Romeo: Golf, sending you 5
2024-10-14 22:32:17.018272 Charlie: Victor and November, sending you 2
2024-10-14 22:32:17.018578 Yankee: Whiskey and Charlie, sending you 4
2024-10-14 22:32:17.018942 Golf: Victor, sending you 5
2024-10-14 22:32:17.020217 Delta: Victor, sending you 3
2024-10-14 22:32:17.020747 November: Romeo, sending you 2
2024-10-14 22:32:17.021202 Victor: Whiskey, sending you 5
2024-10-14 22:32:17.022537 Charlie: Romeo, sending you 3
2024-10-14 22:32:17.022883 Romeo: November, sending you 2
2024-10-14 22:32:17.023197 Yankee: Hotel, sending you 1
2024-10-14 22:32:17.023503 Hotel: Victor, Foxtrot and Whiskey, sending you 1
2024-10-14 22:32:17.025111 Golf: Romeo, November and Charlie, sending you 4
2024-10-14 22:32:17.025562 November: Whiskey, sending you 5
2024-10-14 22:32:17.025890 Delta: Romeo and Yankee, sending you 4
2024-10-14 22:32:17.026204 Victor: Golf and November, sending you 2
2024-10-14 22:32:17.027559 Charlie: Whiskey and Golf, sending you 1
2024-10-14 22:32:17.027883 Yankee: November, sending you 3
2024-10-14 22:32:17.028197 Whiskey: Victor, November and Charlie, sending you 1
2024-10-14 22:32:17.029239 Golf: Whiskey, sending you 1
2024-10-14 22:32:17.029664 Hotel: Yankee, sending you 4
2024-10-14 22:32:17.029984 November: Charlie, sending you 1
2024-10-14 22:32:17.030258 Delta: Hotel, sending you 5
2024-10-14 22:32:17.030660 Whiskey: Golf, sending you 2
2024-10-14 22:32:17.031899 Victor: Charlie, sending you 4
2024-10-14 22:32:17.039833 Hotel: Golf and Charlie, sending you 2
2024-10-14 22:32:17.040127 Delta: Charlie, sending you 2
2024-10-14 22:32:17.053997 Hotel: November, sending you 3
chatterbot Golf submitting transactions
chatterbot Hotel submitting transactions
chatterbot Foxtrot submitting transactions
chatterbot Delta submitting transactions
chatterbot November submitting transactions
chatterbot Charlie submitting transactions
chatterbot Yankee submitting transactions
chatterbot Romeo submitting transactions
chatterbot Victor submitting transactions
chatterbot Whiskey submitting transactions
ChatterBot Victor round 2
ChatterBot Romeo round 2
ChatterBot Foxtrot round 2
ChatterBot Delta round 2
ChatterBot Whiskey round 2
ChatterBot Yankee round 2
ChatterBot Golf round 2
ChatterBot Hotel round 2
ChatterBot November round 2
ChatterBot Charlie round 2
2024-10-14 22:32:18.736005 Victor: We should add Delta
ChatterBot Golf reevaluating
ChatterBot Charlie reevaluating
ChatterBot Whiskey reevaluating
ChatterBot November reevaluating
ChatterBot Romeo reevaluating
2024-10-14 22:32:18.765906 Golf: Yes
2024-10-14 22:32:18.766584 Charlie: No
2024-10-14 22:32:18.766786 Whiskey: No
2024-10-14 22:32:18.767001 November: No
2024-10-14 22:32:18.767195 Romeo: Yes
ChatterBot Charlie reevaluating
ChatterBot Whiskey reevaluating
ChatterBot November reevaluating
ChatterBot Romeo reevaluating
ChatterBot Golf reevaluating
ChatterBot Whiskey reevaluating
ChatterBot Victor reevaluating
ChatterBot November reevaluating
ChatterBot Romeo reevaluating
ChatterBot Golf reevaluating
ChatterBot Charlie reevaluating
ChatterBot Victor reevaluating
ChatterBot November reevaluating
ChatterBot Romeo reevaluating
ChatterBot Golf reevaluating
ChatterBot Charlie reevaluating
ChatterBot Whiskey reevaluating
ChatterBot Victor reevaluating
ChatterBot Romeo reevaluating
ChatterBot Golf reevaluating
ChatterBot Charlie reevaluating
ChatterBot Whiskey reevaluating
ChatterBot Victor reevaluating
ChatterBot November reevaluating
2024-10-14 22:32:18.916166 Yankee: We should group up
ChatterBot Foxtrot reevaluating
ChatterBot Delta reevaluating
ChatterBot Hotel reevaluating
2024-10-14 22:32:18.933952 Foxtrot: Yes
2024-10-14 22:32:18.934235 Delta: No
2024-10-14 22:32:18.934449 Hotel: Yes
ChatterBot Delta reevaluating
ChatterBot Hotel reevaluating
ChatterBot Foxtrot reevaluating
ChatterBot Hotel reevaluating
ChatterBot Foxtrot reevaluating
ChatterBot Delta reevaluating
2024-10-14 22:32:19.074192 Delta: Friends?
ChatterBot Golf reevaluating
ChatterBot Victor reevaluating
ChatterBot Romeo reevaluating
ChatterBot Whiskey reevaluating
ChatterBot November reevaluating
ChatterBot Charlie reevaluating
ChatterBot Foxtrot reevaluating
ChatterBot Hotel reevaluating
2024-10-14 22:32:19.107354 Golf: Yes
2024-10-14 22:32:19.107986 Victor: No
2024-10-14 22:32:19.108171 Romeo: No
2024-10-14 22:32:19.108359 Whiskey: No
2024-10-14 22:32:19.108801 November: No
2024-10-14 22:32:19.109036 Charlie: No
2024-10-14 22:32:19.109684 Foxtrot: No
2024-10-14 22:32:19.109866 Yankee: No
2024-10-14 22:32:19.110046 Hotel: No
ChatterBot Victor reevaluating
ChatterBot Romeo reevaluating
ChatterBot Whiskey reevaluating
ChatterBot November reevaluating
ChatterBot Charlie reevaluating
ChatterBot Foxtrot reevaluating
ChatterBot Delta reevaluating
ChatterBot Hotel reevaluating
ChatterBot Golf reevaluating
ChatterBot Romeo reevaluating
ChatterBot Whiskey reevaluating
ChatterBot November reevaluating
ChatterBot Charlie reevaluating
ChatterBot Foxtrot reevaluating
ChatterBot Delta reevaluating
ChatterBot Hotel reevaluating
ChatterBot Golf reevaluating
ChatterBot Victor reevaluating
ChatterBot Whiskey reevaluating
ChatterBot November reevaluating
ChatterBot Charlie reevaluating
ChatterBot Foxtrot reevaluating
ChatterBot Delta reevaluating
ChatterBot Hotel reevaluating
ChatterBot Golf reevaluating
ChatterBot Victor reevaluating
ChatterBot Romeo reevaluating
ChatterBot November reevaluating
ChatterBot Charlie reevaluating
ChatterBot Foxtrot reevaluating
ChatterBot Delta reevaluating
ChatterBot Hotel reevaluating
ChatterBot Golf reevaluating
ChatterBot Victor reevaluating
ChatterBot Romeo reevaluating
ChatterBot Whiskey reevaluating
ChatterBot Charlie reevaluating
ChatterBot Foxtrot reevaluating
ChatterBot Delta reevaluating
ChatterBot Hotel reevaluating
ChatterBot Golf reevaluating
ChatterBot Victor reevaluating
ChatterBot Romeo reevaluating
ChatterBot Whiskey reevaluating
ChatterBot November reevaluating
ChatterBot Foxtrot reevaluating
ChatterBot Delta reevaluating
ChatterBot Hotel reevaluating
ChatterBot Golf reevaluating
ChatterBot Victor reevaluating
ChatterBot Romeo reevaluating
ChatterBot Whiskey reevaluating
ChatterBot November reevaluating
ChatterBot Charlie reevaluating
ChatterBot Delta reevaluating
ChatterBot Hotel reevaluating
ChatterBot Golf reevaluating
ChatterBot Victor reevaluating
ChatterBot Romeo reevaluating
ChatterBot Whiskey reevaluating
ChatterBot November reevaluating
ChatterBot Charlie reevaluating
ChatterBot Foxtrot reevaluating
ChatterBot Delta reevaluating
ChatterBot Hotel reevaluating
ChatterBot Golf reevaluating
ChatterBot Victor reevaluating
ChatterBot Romeo reevaluating
ChatterBot Whiskey reevaluating
ChatterBot November reevaluating
ChatterBot Charlie reevaluating
ChatterBot Foxtrot reevaluating
ChatterBot Delta reevaluating
2024-10-14 22:32:19.441144 Delta: Group up?
ChatterBot Foxtrot reevaluating
ChatterBot Hotel reevaluating
ChatterBot Victor reevaluating
2024-10-14 22:32:19.462955 Foxtrot: No
2024-10-14 22:32:19.463549 Yankee: No
2024-10-14 22:32:19.463702 Hotel: No
2024-10-14 22:32:19.463835 Victor: Yes
ChatterBot Delta reevaluating
ChatterBot Hotel reevaluating
ChatterBot Victor reevaluating
ChatterBot Delta reevaluating
ChatterBot Foxtrot reevaluating
ChatterBot Hotel reevaluating
ChatterBot Victor reevaluating
ChatterBot Delta reevaluating
ChatterBot Foxtrot reevaluating
ChatterBot Victor reevaluating
ChatterBot Delta reevaluating
ChatterBot Foxtrot reevaluating
ChatterBot Hotel reevaluating
2024-10-14 22:32:19.641417 Victor: Delta we want you to join our group
ChatterBot Delta reevaluating
2024-10-14 22:32:19.645869 Delta: No
ChatterBot Golf reevaluating
2024-10-14 22:32:19.669221 Romeo: Delta we want you to join our group
ChatterBot Delta reevaluating
2024-10-14 22:32:19.674376 Delta: No
ChatterBot Golf reevaluating
chatterbot Yankee submitting transactions
2024-10-14 22:32:19.744602 Whiskey: Victor and November, sending you 8
2024-10-14 22:32:19.745538 Hotel: Foxtrot and Yankee, sending you 4
2024-10-14 22:32:19.745818 Foxtrot: Sending you each 2
2024-10-14 22:32:19.746076 Charlie: Victor and Golf, sending you 6
2024-10-14 22:32:19.746461 Yankee: Foxtrot, sending you 5
2024-10-14 22:32:19.747205 November: Victor, Romeo and Charlie, sending you 3
2024-10-14 22:32:19.747811 Whiskey: Romeo, Golf and Charlie, sending you 1
2024-10-14 22:32:19.778041 Charlie: Whiskey and November, sending you 2
2024-10-14 22:32:19.779246 Hotel: Delta, sending you 6
2024-10-14 22:32:19.779740 Victor: Romeo and Whiskey, sending you 2
2024-10-14 22:32:19.780746 Romeo: Victor, Delta, Golf and Charlie, sending you 2
2024-10-14 22:32:19.781285 Yankee: Delta, sending you 7
2024-10-14 22:32:19.781541 November: Whiskey, sending you 1
2024-10-14 22:32:19.800726 Victor: Delta, Golf, November and Charlie, sending you 3
2024-10-14 22:32:19.801318 Romeo: November, sending you 1
2024-10-14 22:32:19.802372 November: Golf, sending you 4
2024-10-14 22:32:19.802744 Yankee: Hotel, sending you 6
2024-10-14 22:32:19.803054 Golf: Victor, Foxtrot, Whiskey, Yankee and Hotel, sending you 2
2024-10-14 22:32:19.804124 Delta: Foxtrot, Yankee and Hotel, sending you 5
2024-10-14 22:32:19.827673 Golf: Romeo, sending you 4
2024-10-14 22:32:19.828343 Delta: Charlie, sending you 3
2024-10-14 22:32:19.841606 Golf: November, sending you 3
2024-10-14 22:32:19.849238 Golf: Charlie, sending you 1
chatterbot Victor submitting transactions
chatterbot Whiskey submitting transactions
chatterbot Foxtrot submitting transactions
chatterbot November submitting transactions
chatterbot Hotel submitting transactions
chatterbot Charlie submitting transactions
chatterbot Romeo submitting transactions
chatterbot Golf submitting transactions
chatterbot Delta submitting transactions
ChatterBot Victor round 3
ChatterBot Romeo round 3
ChatterBot Foxtrot round 3
ChatterBot Delta round 3
ChatterBot Whiskey round 3
ChatterBot Yankee round 3
ChatterBot Golf round 3
ChatterBot Hotel round 3
ChatterBot November round 3
ChatterBot Charlie round 3
2024-10-14 22:32:21.080257 Delta: We should replace Charlie with Romeo
2024-10-14 22:32:21.090075 Yankee: No
2024-10-14 22:32:21.090272 Foxtrot: No
2024-10-14 22:32:21.090387 Hotel: No
2024-10-14 22:32:21.144649 Delta: Romeo we want you to join our group
2024-10-14 22:32:21.148206 Romeo: No
ChatterBot Delta reevaluating
2024-10-14 22:32:21.162412 Delta: We should replace Charlie with Victor
2024-10-14 22:32:21.172766 Yankee: No
2024-10-14 22:32:21.173534 Foxtrot: No
2024-10-14 22:32:21.173665 Hotel: No
ChatterBot Delta reevaluating
ChatterBot Delta reevaluating
ChatterBot Delta reevaluating
2024-10-14 22:32:21.204499 Victor: We should drop Delta
2024-10-14 22:32:21.220067 Golf: No
2024-10-14 22:32:21.220809 Charlie: Yes
2024-10-14 22:32:21.220934 Whiskey: Yes
2024-10-14 22:32:21.221050 November: Yes
2024-10-14 22:32:21.221158 Romeo: Yes
2024-10-14 22:32:21.354958 Hotel: Foxtrot, sending you 4
2024-10-14 22:32:21.355780 Foxtrot: Same as last round
2024-10-14 22:32:21.356089 Yankee: Foxtrot, sending you 4
2024-10-14 22:32:21.402276 Yankee: Delta and Hotel, sending you 7
2024-10-14 22:32:21.402690 Golf: Victor and Whiskey, sending you 2
2024-10-14 22:32:21.403762 Whiskey: Victor, sending you 7
2024-10-14 22:32:21.404114 Hotel: Delta and Yankee, sending you 5
2024-10-14 22:32:21.404370 Victor: Romeo, Golf, November and Charlie, sending you 3
2024-10-14 22:32:21.404824 Charlie: Victor, sending you 6
2024-10-14 22:32:21.405678 November: Victor and Golf, sending you 3
chatterbot Hotel submitting transactions
2024-10-14 22:32:21.415220 Golf: Romeo and November, sending you 3
2024-10-14 22:32:21.416336 Whiskey: Romeo, sending you 1
2024-10-14 22:32:21.416731 Victor: Whiskey, sending you 4
2024-10-14 22:32:21.417753 November: Romeo and Charlie, sending you 2
2024-10-14 22:32:21.418203 Charlie: Romeo and Whiskey, sending you 2
2024-10-14 22:32:21.418527 Romeo: Victor, Golf, November and Charlie, sending you 2
2024-10-14 22:32:21.441250 Golf: Foxtrot, Yankee and Hotel, sending you 1
2024-10-14 22:32:21.442415 Charlie: Golf and November, sending you 3
2024-10-14 22:32:21.443370 Whiskey: Golf and Charlie, sending you 3
2024-10-14 22:32:21.443874 Romeo: Whiskey, sending you 1
2024-10-14 22:32:21.444754 Delta: Romeo, sending you 3
2024-10-14 22:32:21.445141 November: Whiskey, sending you 4
2024-10-14 22:32:21.446107 Golf: Charlie, sending you 5
2024-10-14 22:32:21.467528 Whiskey: November, sending you 5
2024-10-14 22:32:21.468897 Delta: Foxtrot, sending you 2
2024-10-14 22:32:21.474851 Delta: Yankee, sending you 7
2024-10-14 22:32:21.482140 Delta: Hotel, sending you 6
chatterbot Whiskey submitting transactions
chatterbot Yankee submitting transactions
chatterbot Charlie submitting transactions
chatterbot Golf submitting transactions
chatterbot Romeo submitting transactions
chatterbot Victor submitting transactions
chatterbot Foxtrot submitting transactions
chatterbot November submitting transactions
chatterbot Delta submitting transactions
ChatterBot Victor round 4
ChatterBot Romeo round 4
ChatterBot Foxtrot round 4
ChatterBot Delta round 4
ChatterBot Whiskey round 4
ChatterBot Yankee round 4
ChatterBot Golf round 4
ChatterBot Hotel round 4
ChatterBot November round 4
ChatterBot Charlie round 4
2024-10-14 22:32:22.465714 Delta: Romeo, sending you 2
2024-10-14 22:32:22.469665 Hotel: Foxtrot, sending you 4
2024-10-14 22:32:22.471065 Romeo: Victor, Golf, November and Charlie, sending you 2
2024-10-14 22:32:22.471588 Delta: Foxtrot, sending you 3
2024-10-14 22:32:22.471954 Yankee: Foxtrot, sending you 5
2024-10-14 22:32:22.472839 Golf: Victor, Romeo and Whiskey, sending you 3
2024-10-14 22:32:22.474499 Hotel: Delta and Yankee, sending you 5
2024-10-14 22:32:22.474948 Romeo: Whiskey, sending you 1
2024-10-14 22:32:22.475515 Yankee: Delta, sending you 7
2024-10-14 22:32:22.475997 November: Victor, Whiskey, Golf and Charlie, sending you 3
2024-10-14 22:32:22.477269 Delta: Yankee, sending you 7
2024-10-14 22:32:22.477517 Foxtrot: Same as last round
2024-10-14 22:32:22.477801 Charlie: Victor and Golf, sending you 4
2024-10-14 22:32:22.478273 Golf: Foxtrot, sending you 1
2024-10-14 22:32:22.478671 Yankee: Hotel, sending you 6
2024-10-14 22:32:22.479694 Victor: Romeo, Golf, November and Charlie, sending you 3
2024-10-14 22:32:22.480380 November: Romeo, sending you 2
2024-10-14 22:32:22.481040 Delta: Hotel, sending you 6
2024-10-14 22:32:22.481484 Golf: November and Charlie, sending you 4
2024-10-14 22:32:22.482681 Charlie: Romeo, sending you 2
2024-10-14 22:32:22.483677 Victor: Whiskey, sending you 4
2024-10-14 22:32:22.485035 Whiskey: Victor and November, sending you 6
2024-10-14 22:32:22.486045 Charlie: Whiskey and November, sending you 3
2024-10-14 22:32:22.490717 Whiskey: Romeo, sending you 1
2024-10-14 22:32:22.494911 Whiskey: Golf and Charlie, sending you 3
chatterbot Hotel submitting transactions
chatterbot Golf submitting transactions
chatterbot Foxtrot submitting transactions
chatterbot Victor submitting transactions
chatterbot Yankee submitting transactions
chatterbot November submitting transactions
chatterbot Charlie submitting transactions
chatterbot Delta submitting transactions
chatterbot Whiskey submitting transactions
chatterbot Romeo submitting transactions
ChatterBot Victor round 5
ChatterBot Romeo round 5
ChatterBot Foxtrot round 5
ChatterBot Delta round 5
ChatterBot Whiskey round 5
ChatterBot Yankee round 5
ChatterBot Golf round 5
ChatterBot Hotel round 5
ChatterBot November round 5
ChatterBot Charlie round 5
2024-10-14 22:32:23.664659 Yankee: Foxtrot, sending you 5
2024-10-14 22:32:23.666680 Delta: Romeo, sending you 2
2024-10-14 22:32:23.667077 Golf: Victor, Romeo and November, sending you 3
2024-10-14 22:32:23.669659 Yankee: Delta, sending you 7
2024-10-14 22:32:23.670694 Delta: Foxtrot, sending you 3
2024-10-14 22:32:23.671672 Golf: Foxtrot, Yankee and Hotel, sending you 1
2024-10-14 22:32:23.672103 Foxtrot: Same as last round
2024-10-14 22:32:23.672382 Victor: Romeo, Golf, November and Charlie, sending you 3
2024-10-14 22:32:23.672892 Charlie: Victor and Golf, sending you 4
2024-10-14 22:32:23.673353 Yankee: Hotel, sending you 6
2024-10-14 22:32:23.673713 Whiskey: Victor, sending you 7
2024-10-14 22:32:23.674441 Romeo: Victor, Golf, November and Charlie, sending you 2
2024-10-14 22:32:23.675507 Hotel: Foxtrot, sending you 4
2024-10-14 22:32:23.675963 Delta: Yankee, sending you 7
2024-10-14 22:32:23.676707 November: Victor, Whiskey, Golf and Charlie, sending you 3
2024-10-14 22:32:23.677168 Golf: Whiskey, sending you 2
2024-10-14 22:32:23.677604 Whiskey: Romeo, sending you 1
2024-10-14 22:32:23.678084 Victor: Whiskey, sending you 4
2024-10-14 22:32:23.678495 Charlie: Romeo, sending you 2
2024-10-14 22:32:23.679437 Romeo: Whiskey, sending you 1
2024-10-14 22:32:23.680013 Hotel: Delta and Yankee, sending you 5
2024-10-14 22:32:23.680344 November: Romeo, sending you 2
2024-10-14 22:32:23.680812 Delta: Hotel, sending you 6
2024-10-14 22:32:23.681690 Golf: Charlie, sending you 4
2024-10-14 22:32:23.682539 Whiskey: Golf and Charlie, sending you 3
2024-10-14 22:32:23.683066 Charlie: Whiskey and November, sending you 3
2024-10-14 22:32:23.685865 Whiskey: November, sending you 5
chatterbot Victor submitting transactions
chatterbot Hotel submitting transactions
chatterbot Delta submitting transactions
chatterbot Romeo submitting transactions
chatterbot Charlie submitting transactions
chatterbot Yankee submitting transactions
chatterbot November submitting transactions
chatterbot Foxtrot submitting transactions
chatterbot Whiskey submitting transactions
chatterbot Golf submitting transactions
ChatterBot Victor round 6
ChatterBot Romeo round 6
ChatterBot Foxtrot round 6
ChatterBot Delta round 6
ChatterBot Whiskey round 6
ChatterBot Yankee round 6
ChatterBot Golf round 6
ChatterBot Hotel round 6
ChatterBot November round 6
ChatterBot Charlie round 6
2024-10-14 22:32:24.688349 Delta: We should replace Romeo with Victor
2024-10-14 22:32:24.697729 Yankee: No
2024-10-14 22:32:24.698001 Foxtrot: No
2024-10-14 22:32:24.698628 Hotel: No
ChatterBot Delta reevaluating
ChatterBot Delta reevaluating
ChatterBot Delta reevaluating
2024-10-14 22:32:24.744681 Victor: Romeo, Golf, November and Charlie, sending you 3
2024-10-14 22:32:24.748699 Delta: Victor we want you to join our group
2024-10-14 22:32:24.753747 Victor: No
ChatterBot Delta reevaluating
2024-10-14 22:32:24.773715 Victor: Whiskey, sending you 4
2024-10-14 22:32:24.775547 Romeo: Victor, Golf, November and Charlie, sending you 2
2024-10-14 22:32:24.779156 Yankee: Foxtrot, sending you 5
2024-10-14 22:32:24.780066 Golf: Victor, Romeo, Whiskey and November, sending you 3
2024-10-14 22:32:24.782111 Hotel: Foxtrot, sending you 4
2024-10-14 22:32:24.783201 November: Victor, Whiskey, Golf and Charlie, sending you 3
2024-10-14 22:32:24.785064 Romeo: Whiskey, sending you 1
2024-10-14 22:32:24.786973 Whiskey: Victor, sending you 6
2024-10-14 22:32:24.788682 Charlie: Victor and Golf, sending you 4
2024-10-14 22:32:24.790030 Foxtrot: Delta, sending you 1
2024-10-14 22:32:24.791440 Yankee: Delta, sending you 7
2024-10-14 22:32:24.792236 Golf: Foxtrot and Hotel, sending you 1
2024-10-14 22:32:24.794396 Hotel: Delta and Yankee, sending you 5
2024-10-14 22:32:24.795578 November: Romeo, sending you 2
2024-10-14 22:32:24.796820 Whiskey: Romeo, sending you 1
2024-10-14 22:32:24.798495 Charlie: Romeo, sending you 2
2024-10-14 22:32:24.799605 Foxtrot: Yankee and Hotel, sending you 2
2024-10-14 22:32:24.800871 Yankee: Hotel, sending you 6
2024-10-14 22:32:24.801854 Golf: Charlie, sending you 4
2024-10-14 22:32:24.803628 Whiskey: Golf, sending you 3
2024-10-14 22:32:24.804455 Charlie: Whiskey and November, sending you 3
2024-10-14 22:32:24.807671 Whiskey: November, sending you 5
2024-10-14 22:32:24.811719 Whiskey: Charlie, sending you 4
2024-10-14 22:32:24.817679 Delta: Victor, sending you 2
2024-10-14 22:32:24.823684 Delta: Foxtrot, sending you 3
2024-10-14 22:32:24.832663 Delta: Yankee, sending you 7
2024-10-14 22:32:24.839666 Delta: Hotel, sending you 6
chatterbot Delta submitting transactions
chatterbot Victor submitting transactions
chatterbot Whiskey submitting transactions
chatterbot November submitting transactions
chatterbot Golf submitting transactions
chatterbot Yankee submitting transactions
chatterbot Charlie submitting transactions
chatterbot Hotel submitting transactions
chatterbot Foxtrot submitting transactions
chatterbot Romeo submitting transactions
ChatterBot Victor round 7
ChatterBot Romeo round 7
ChatterBot Foxtrot round 7
ChatterBot Delta round 7
ChatterBot Whiskey round 7
ChatterBot Yankee round 7
ChatterBot Golf round 7
ChatterBot Hotel round 7
ChatterBot November round 7
ChatterBot Charlie round 7
2024-10-14 22:32:25.939837 Delta: We should replace Victor with Romeo
2024-10-14 22:32:25.951826 Yankee: No
2024-10-14 22:32:25.952039 Foxtrot: No
2024-10-14 22:32:25.952220 Hotel: No
2024-10-14 22:32:25.999825 Delta: Romeo we want you to join our group
2024-10-14 22:32:26.003587 Romeo: No
2024-10-14 22:32:26.018682 Victor: Romeo, Golf, November and Charlie, sending you 3
2024-10-14 22:32:26.020665 Whiskey: Victor, sending you 6
2024-10-14 22:32:26.021748 Foxtrot: Delta and Yankee, sending you 1
2024-10-14 22:32:26.022165 Yankee: Foxtrot, sending you 5
2024-10-14 22:32:26.022500 Romeo: Victor, Golf, November and Charlie, sending you 2
2024-10-14 22:32:26.023706 Victor: Whiskey, sending you 4
2024-10-14 22:32:26.024687 Whiskey: Romeo, sending you 1
2024-10-14 22:32:26.026206 Yankee: Delta, sending you 7
2024-10-14 22:32:26.026748 Foxtrot: Hotel, sending you 2
2024-10-14 22:32:26.027241 Romeo: Whiskey, sending you 1
2024-10-14 22:32:26.028266 Golf: Victor, November and Charlie, sending you 4
2024-10-14 22:32:26.029790 Delta: Romeo, sending you 1
2024-10-14 22:32:26.030689 Whiskey: Golf, sending you 3
2024-10-14 22:32:26.031671 Yankee: Hotel, sending you 6
2024-10-14 22:32:26.033672 Charlie: Victor and Golf, sending you 4
2024-10-14 22:32:26.034360 Delta: Foxtrot, sending you 3
2024-10-14 22:32:26.034773 Whiskey: November, sending you 5
2024-10-14 22:32:26.035436 Golf: Romeo and Whiskey, sending you 3
2024-10-14 22:32:26.036673 Hotel: Foxtrot, sending you 4
2024-10-14 22:32:26.037104 November: Victor, Whiskey, Golf and Charlie, sending you 3
2024-10-14 22:32:26.038253 Delta: Yankee, sending you 8
2024-10-14 22:32:26.038691 Charlie: Romeo, sending you 2
2024-10-14 22:32:26.039140 Whiskey: Charlie, sending you 4
2024-10-14 22:32:26.040667 Hotel: Delta and Yankee, sending you 5
2024-10-14 22:32:26.041059 Delta: Hotel, sending you 6
2024-10-14 22:32:26.041672 November: Romeo, sending you 2
2024-10-14 22:32:26.042671 Charlie: Whiskey and November, sending you 3
chatterbot Foxtrot submitting transactions
chatterbot Hotel submitting transactions
chatterbot Yankee submitting transactions
chatterbot Victor submitting transactions
chatterbot Romeo submitting transactions
chatterbot Whiskey submitting transactions
chatterbot Charlie submitting transactions
chatterbot Golf submitting transactions
chatterbot November submitting transactions
chatterbot Delta submitting transactions
ChatterBot Victor round 8
ChatterBot Romeo round 8
ChatterBot Foxtrot round 8
ChatterBot Delta round 8
ChatterBot Whiskey round 8
ChatterBot Yankee round 8
ChatterBot Golf round 8
2024-10-14 22:32:27.183210 Delta: We should replace Romeo with Victor
2024-10-14 22:32:27.202363 Yankee: No
2024-10-14 22:32:27.202679 Foxtrot: No
2024-10-14 22:32:27.202931 Hotel: No
ChatterBot Delta reevaluating
ChatterBot Delta reevaluating
ChatterBot Delta reevaluating
ChatterBot Hotel round 8
ChatterBot November round 8
ChatterBot Charlie round 8
2024-10-14 22:32:27.289658 Romeo: Victor, Golf, November and Charlie, sending you 2
2024-10-14 22:32:27.291708 Foxtrot: Delta and Yankee, sending you 1
2024-10-14 22:32:27.292454 Delta: Romeo, sending you 1
2024-10-14 22:32:27.293040 Hotel: Foxtrot, sending you 4
2024-10-14 22:32:27.294423 Golf: Victor, Romeo, Whiskey and November, sending you 3
2024-10-14 22:32:27.295698 Romeo: Whiskey, sending you 1
2024-10-14 22:32:27.297347 Foxtrot: Hotel, sending you 2
2024-10-14 22:32:27.298154 Delta: Foxtrot, sending you 3
2024-10-14 22:32:27.298944 Victor: Romeo, Golf, November and Charlie, sending you 3
2024-10-14 22:32:27.300576 Whiskey: Victor, sending you 6
2024-10-14 22:32:27.301345 Hotel: Delta and Yankee, sending you 5
2024-10-14 22:32:27.301882 Golf: Foxtrot and Hotel, sending you 1
2024-10-14 22:32:27.303479 Delta: Yankee, sending you 8
2024-10-14 22:32:27.304030 Victor: Whiskey, sending you 4
2024-10-14 22:32:27.304883 Yankee: Foxtrot, sending you 5
2024-10-14 22:32:27.305243 Whiskey: Romeo, sending you 1
2024-10-14 22:32:27.307017 November: Victor, Whiskey, Golf and Charlie, sending you 3
2024-10-14 22:32:27.308507 Golf: Charlie, sending you 4
2024-10-14 22:32:27.310810 Delta: Hotel, sending you 6
2024-10-14 22:32:27.311601 Charlie: Victor and Golf, sending you 4
2024-10-14 22:32:27.313406 Yankee: Delta, sending you 7
2024-10-14 22:32:27.314127 November: Romeo, sending you 2
2024-10-14 22:32:27.315416 Whiskey: Golf, sending you 3
2024-10-14 22:32:27.317911 Charlie: Romeo, sending you 2
2024-10-14 22:32:27.319199 Yankee: Hotel, sending you 6
2024-10-14 22:32:27.320044 Whiskey: November, sending you 5
2024-10-14 22:32:27.322658 Charlie: Whiskey and November, sending you 3
2024-10-14 22:32:27.324181 Whiskey: Charlie, sending you 4
chatterbot Victor submitting transactions
chatterbot Hotel submitting transactions
chatterbot Charlie submitting transactions
chatterbot Golf submitting transactions
chatterbot Whiskey submitting transactions
chatterbot Foxtrot submitting transactions
chatterbot Yankee submitting transactions
chatterbot November submitting transactions
chatterbot Romeo submitting transactions
chatterbot Delta submitting transactions
ChatterBot Victor round 9
ChatterBot Romeo round 9
ChatterBot Foxtrot round 9
ChatterBot Delta round 9
ChatterBot Whiskey round 9
ChatterBot Yankee round 9
ChatterBot Golf round 9
ChatterBot Hotel round 9
ChatterBot November round 9
ChatterBot Charlie round 9
2024-10-14 22:32:28.507791 Delta: We should replace Romeo with Victor
2024-10-14 22:32:28.516936 Yankee: No
2024-10-14 22:32:28.517114 Foxtrot: No
2024-10-14 22:32:28.517249 Hotel: No
ChatterBot Delta reevaluating
ChatterBot Delta reevaluating
ChatterBot Delta reevaluating
2024-10-14 22:32:28.641707 Foxtrot: Sending you each 1
2024-10-14 22:32:28.642694 Delta: Victor we want you to join our group
2024-10-14 22:32:28.667407 Victor: No
ChatterBot Delta reevaluating
2024-10-14 22:32:28.690232 Whiskey: Victor, sending you 7
2024-10-14 22:32:28.692093 Golf: Victor, Whiskey and November, sending you 3
2024-10-14 22:32:28.693026 Victor: Romeo, Golf, November and Charlie, sending you 3
2024-10-14 22:32:28.694705 Romeo: Victor, Golf, November and Charlie, sending you 2
2024-10-14 22:32:28.696406 Whiskey: Romeo, sending you 1
2024-10-14 22:32:28.698145 Golf: Romeo, sending you 2
2024-10-14 22:32:28.699980 Victor: Whiskey, sending you 4
2024-10-14 22:32:28.701212 Charlie: Victor and Golf, sending you 4
2024-10-14 22:32:28.702727 Romeo: Whiskey, sending you 1
2024-10-14 22:32:28.704787 Yankee: Foxtrot, sending you 5
2024-10-14 22:32:28.706085 Hotel: Foxtrot, sending you 4
2024-10-14 22:32:28.707002 November: Victor, Whiskey, Golf and Charlie, sending you 3
2024-10-14 22:32:28.708898 Whiskey: Golf, sending you 3
2024-10-14 22:32:28.710331 Golf: Foxtrot, Yankee and Hotel, sending you 1
2024-10-14 22:32:28.711908 Charlie: Romeo, sending you 2
2024-10-14 22:32:28.713521 Yankee: Delta, sending you 7
2024-10-14 22:32:28.714338 Hotel: Delta and Yankee, sending you 5
2024-10-14 22:32:28.715611 November: Romeo, sending you 2
2024-10-14 22:32:28.716645 Whiskey: November and Charlie, sending you 4
2024-10-14 22:32:28.718151 Golf: Charlie, sending you 4
2024-10-14 22:32:28.719481 Charlie: Whiskey and November, sending you 3
2024-10-14 22:32:28.720305 Yankee: Hotel, sending you 6
2024-10-14 22:32:28.722722 Delta: Romeo, sending you 1
2024-10-14 22:32:28.729336 Delta: Foxtrot, sending you 3
2024-10-14 22:32:28.732683 Delta: Yankee, sending you 8
2024-10-14 22:32:28.738682 Delta: Hotel, sending you 6
chatterbot November submitting transactions
chatterbot Golf submitting transactions
chatterbot Delta submitting transactions
chatterbot Yankee submitting transactions
chatterbot Victor submitting transactions
chatterbot Charlie submitting transactions
chatterbot Romeo submitting transactions
chatterbot Foxtrot submitting transactions
chatterbot Hotel submitting transactions
chatterbot Whiskey submitting transactions
ChatterBot Victor round 10
ChatterBot Romeo round 10
ChatterBot Foxtrot round 10
ChatterBot Delta round 10
ChatterBot Whiskey round 10
ChatterBot Yankee round 10
ChatterBot Golf round 10
ChatterBot Hotel round 10
ChatterBot November round 10
ChatterBot Charlie round 10
2024-10-14 22:32:29.693109 Delta: We should replace Romeo with Victor
2024-10-14 22:32:29.701205 Yankee: No
2024-10-14 22:32:29.701338 Foxtrot: No
2024-10-14 22:32:29.701444 Hotel: No
ChatterBot Delta reevaluating
ChatterBot Delta reevaluating
ChatterBot Delta reevaluating
2024-10-14 22:32:29.756667 Whiskey: Victor, sending you 7
2024-10-14 22:32:29.758208 Golf: Victor, November and Charlie, sending you 4
2024-10-14 22:32:29.758895 Yankee: Foxtrot, sending you 5
2024-10-14 22:32:29.761699 Foxtrot: Same as last round
2024-10-14 22:32:29.762557 Whiskey: Romeo, sending you 1
2024-10-14 22:32:29.763907 Golf: Romeo and Whiskey, sending you 3
2024-10-14 22:32:29.764500 Yankee: Delta, sending you 7
2024-10-14 22:32:29.765085 Victor: Romeo, Golf, November and Charlie, sending you 3
2024-10-14 22:32:29.766107 Romeo: Victor, Golf, November and Charlie, sending you 2
2024-10-14 22:32:29.767223 November: Victor, Whiskey, Golf and Charlie, sending you 3
2024-10-14 22:32:29.768295 Yankee: Hotel, sending you 6
2024-10-14 22:32:29.769456 Hotel: Foxtrot, sending you 4
2024-10-14 22:32:29.770028 Whiskey: Golf, sending you 3
2024-10-14 22:32:29.770860 Victor: Whiskey, sending you 4
2024-10-14 22:32:29.771559 Romeo: Whiskey, sending you 1
2024-10-14 22:32:29.772809 Charlie: Victor, Whiskey and November, sending you 3
2024-10-14 22:32:29.773570 November: Romeo, sending you 2
2024-10-14 22:32:29.774227 Hotel: Delta and Yankee, sending you 5
2024-10-14 22:32:29.774645 Delta: Romeo, sending you 1
2024-10-14 22:32:29.775963 Whiskey: November and Charlie, sending you 4
2024-10-14 22:32:29.776895 Charlie: Romeo, sending you 2
2024-10-14 22:32:29.778678 Delta: Foxtrot, sending you 3
2024-10-14 22:32:29.782877 Charlie: Golf, sending you 5
2024-10-14 22:32:29.783634 Delta: Yankee, sending you 8
2024-10-14 22:32:29.787660 Delta: Hotel, sending you 6
chatterbot Victor submitting transactions
chatterbot November submitting transactions
chatterbot Delta submitting transactions
chatterbot Foxtrot submitting transactions
chatterbot Hotel submitting transactions
chatterbot Charlie submitting transactions
chatterbot Golf submitting transactions
chatterbot Yankee submitting transactions
chatterbot Whiskey submitting transactions
chatterbot Romeo submitting transactions
ChatterBot Victor round 11
ChatterBot Romeo round 11
ChatterBot Foxtrot round 11
ChatterBot Delta round 11
ChatterBot Whiskey round 11
ChatterBot Yankee round 11
ChatterBot Golf round 11
ChatterBot Hotel round 11
ChatterBot November round 11
ChatterBot Charlie round 11
2024-10-14 22:32:30.942663 Charlie: Victor, Whiskey and November, sending you 3
2024-10-14 22:32:30.944696 Delta: Romeo, sending you 1
2024-10-14 22:32:30.946710 November: Victor, Whiskey, Golf and Charlie, sending you 3
2024-10-14 22:32:30.947527 Foxtrot: Same as last round
2024-10-14 22:32:30.948128 Charlie: Romeo, sending you 2
2024-10-14 22:32:30.948873 Hotel: Foxtrot, sending you 4
2024-10-14 22:32:30.949336 Romeo: Victor, Golf, November and Charlie, sending you 2
2024-10-14 22:32:30.950673 Delta: Foxtrot, sending you 3
2024-10-14 22:32:30.951109 Whiskey: Victor, sending you 7
2024-10-14 22:32:30.952285 November: Romeo, sending you 2
2024-10-14 22:32:30.952890 Golf: Victor, Whiskey and November, sending you 3
2024-10-14 22:32:30.953438 Charlie: Golf, sending you 5
2024-10-14 22:32:30.954002 Yankee: Foxtrot, sending you 5
2024-10-14 22:32:30.954392 Victor: Romeo, Golf, November and Charlie, sending you 3
2024-10-14 22:32:30.954966 Hotel: Delta and Yankee, sending you 5
2024-10-14 22:32:30.955354 Romeo: Whiskey, sending you 1
2024-10-14 22:32:30.955985 Whiskey: Romeo, sending you 1
2024-10-14 22:32:30.956562 Delta: Yankee, sending you 8
2024-10-14 22:32:30.957753 Golf: Romeo, sending you 2
2024-10-14 22:32:30.958666 Yankee: Delta, sending you 7
2024-10-14 22:32:30.959161 Victor: Whiskey, sending you 4
2024-10-14 22:32:30.960689 Whiskey: Golf, sending you 3
2024-10-14 22:32:30.962426 Delta: Hotel, sending you 6
2024-10-14 22:32:30.963554 Golf: Foxtrot, Yankee and Hotel, sending you 1
2024-10-14 22:32:30.964593 Yankee: Hotel, sending you 6
2024-10-14 22:32:30.966652 Whiskey: November and Charlie, sending you 4
2024-10-14 22:32:30.967707 Golf: Charlie, sending you 4
chatterbot Hotel submitting transactions
chatterbot Victor submitting transactions
chatterbot Charlie submitting transactions
chatterbot Foxtrot submitting transactions
chatterbot Delta submitting transactions
chatterbot Whiskey submitting transactions
chatterbot Golf submitting transactions
chatterbot November submitting transactions
chatterbot Romeo submitting transactions
chatterbot Yankee submitting transactions
ChatterBot Victor round 12
ChatterBot Romeo round 12
ChatterBot Foxtrot round 12
ChatterBot Delta round 12
ChatterBot Whiskey round 12
ChatterBot Yankee round 12
ChatterBot Golf round 12
ChatterBot Hotel round 12
ChatterBot November round 12
ChatterBot Charlie round 12
2024-10-14 22:32:32.225683 Romeo: Victor, Golf, November and Charlie, sending you 2
2024-10-14 22:32:32.227128 November: Victor, Whiskey, Golf and Charlie, sending you 3
2024-10-14 22:32:32.229689 Victor: Romeo, Golf, November and Charlie, sending you 3
2024-10-14 22:32:32.231039 Romeo: Whiskey, sending you 1
2024-10-14 22:32:32.231701 November: Romeo, sending you 2
2024-10-14 22:32:32.232338 Foxtrot: Same as last round
2024-10-14 22:32:32.232854 Whiskey: Victor, sending you 7
2024-10-14 22:32:32.234015 Delta: Romeo, sending you 1
2024-10-14 22:32:32.234392 Yankee: Foxtrot, sending you 5
2024-10-14 22:32:32.234844 Victor: Whiskey, sending you 4
2024-10-14 22:32:32.235681 Golf: Victor, Whiskey and November, sending you 3
2024-10-14 22:32:32.237694 Whiskey: Romeo, sending you 1
2024-10-14 22:32:32.239028 Delta: Foxtrot, sending you 3
2024-10-14 22:32:32.239912 Yankee: Delta, sending you 7
2024-10-14 22:32:32.240662 Hotel: Foxtrot, sending you 4
2024-10-14 22:32:32.241688 Golf: Romeo, sending you 2
2024-10-14 22:32:32.242737 Whiskey: Golf, sending you 3
2024-10-14 22:32:32.243518 Yankee: Hotel, sending you 6
2024-10-14 22:32:32.243958 Delta: Yankee, sending you 8
2024-10-14 22:32:32.244973 Charlie: Victor, Whiskey and November, sending you 3
2024-10-14 22:32:32.245877 Hotel: Delta and Yankee, sending you 5
2024-10-14 22:32:32.247663 Golf: Foxtrot, Yankee and Hotel, sending you 1
