ChatterBot India round 1
ChatterBot Yankee round 1
ChatterBot Charlie round 1
ChatterBot Whiskey round 1
ChatterBot Juliett round 1
ChatterBot November round 1
ChatterBot Sierra round 1
ChatterBot Hotel round 1
ChatterBot Foxtrot round 1
ChatterBot Mike round 1
randomSelections India: {India, Juliett, Sierra, Whiskey, Yankee, November} 
2024-10-14 22:32:16.446779 India: Let's form a team
ChatterBot Juliett reevaluating
ChatterBot Sierra reevaluating
ChatterBot Whiskey reevaluating
ChatterBot Yankee reevaluating
ChatterBot November reevaluating
2024-10-14 22:32:16.457808 Juliett: Yes
2024-10-14 22:32:16.457941 Sierra: Yes
2024-10-14 22:32:16.458088 Whiskey: Yes
2024-10-14 22:32:16.458199 Yankee: Yes
2024-10-14 22:32:16.458292 November: Yes
ChatterBot Sierra reevaluating
ChatterBot Whiskey reevaluating
ChatterBot Yankee reevaluating
ChatterBot November reevaluating
ChatterBot Juliett reevaluating
ChatterBot Whiskey reevaluating
ChatterBot Yankee reevaluating
ChatterBot November reevaluating
ChatterBot Juliett reevaluating
ChatterBot Sierra reevaluating
ChatterBot Yankee reevaluating
ChatterBot November reevaluating
ChatterBot Juliett reevaluating
ChatterBot Sierra reevaluating
ChatterBot Whiskey reevaluating
ChatterBot November reevaluating
ChatterBot Juliett reevaluating
ChatterBot Sierra reevaluating
ChatterBot Whiskey reevaluating
ChatterBot Yankee reevaluating
randomSelections Foxtrot: {Foxtrot, Juliett, India, Sierra, Yankee, Whiskey} 
2024-10-14 22:32:16.610554 Foxtrot: Let's form a team
ChatterBot Juliett reevaluating
ChatterBot Sierra reevaluating
ChatterBot Yankee reevaluating
ChatterBot Whiskey reevaluating
2024-10-14 22:32:16.623699 Juliett: No
2024-10-14 22:32:16.624063 India: No
2024-10-14 22:32:16.624285 Sierra: No
2024-10-14 22:32:16.624597 Yankee: No
2024-10-14 22:32:16.624860 Whiskey: No
ChatterBot Sierra reevaluating
ChatterBot Yankee reevaluating
ChatterBot Whiskey reevaluating
ChatterBot Juliett reevaluating
ChatterBot Sierra reevaluating
ChatterBot Yankee reevaluating
ChatterBot Whiskey reevaluating
ChatterBot Juliett reevaluating
ChatterBot Yankee reevaluating
ChatterBot Whiskey reevaluating
ChatterBot Juliett reevaluating
ChatterBot Sierra reevaluating
ChatterBot Whiskey reevaluating
ChatterBot Juliett reevaluating
ChatterBot Sierra reevaluating
ChatterBot Yankee reevaluating
randomSelections Hotel: {Hotel, Charlie, November, Mike, Yankee, Sierra} 
2024-10-14 22:32:16.691836 Hotel: Can we be friends?
ChatterBot Charlie reevaluating
ChatterBot November reevaluating
ChatterBot Mike reevaluating
ChatterBot Yankee reevaluating
ChatterBot Sierra reevaluating
2024-10-14 22:32:16.706344 Charlie: Yes
2024-10-14 22:32:16.707045 November: No
2024-10-14 22:32:16.707289 Mike: Yes
2024-10-14 22:32:16.707464 Yankee: No
2024-10-14 22:32:16.707690 Sierra: No
ChatterBot November reevaluating
ChatterBot Mike reevaluating
ChatterBot Yankee reevaluating
ChatterBot Sierra reevaluating
ChatterBot Charlie reevaluating
ChatterBot Mike reevaluating
ChatterBot Yankee reevaluating
ChatterBot Sierra reevaluating
ChatterBot Charlie reevaluating
ChatterBot November reevaluating
ChatterBot Yankee reevaluating
ChatterBot Sierra reevaluating
ChatterBot Charlie reevaluating
ChatterBot November reevaluating
ChatterBot Mike reevaluating
ChatterBot Sierra reevaluating
ChatterBot Charlie reevaluating
ChatterBot November reevaluating
ChatterBot Mike reevaluating
ChatterBot Yankee reevaluating
2024-10-14 22:32:16.797368 India: Yankee, sending you 7
2024-10-14 22:32:16.801366 Yankee: India and Sierra, sending you 3
2024-10-14 22:32:16.806 India: Juliett, sending you 1
2024-10-14 22:32:16.806691 Foxtrot: India, Yankee and Whiskey, sending you 4
2024-10-14 22:32:16.807880 November: India, Yankee, Whiskey and Juliett, sending you 2
2024-10-14 22:32:16.808670 Yankee: Whiskey, sending you 4
2024-10-14 22:32:16.810118 Mike: Yankee and November, sending you 2
2024-10-14 22:32:16.810896 Juliett: India, sending you 1
2024-10-14 22:32:16.812581 India: November, sending you 8
2024-10-14 22:32:16.813392 Foxtrot: Juliett, sending you 1
2024-10-14 22:32:16.815114 November: Sierra, sending you 1
2024-10-14 22:32:16.816804 Sierra: India and Juliett, sending you 4
2024-10-14 22:32:16.818389 Mike: Charlie, sending you 4
2024-10-14 22:32:16.821257 Yankee: Juliett, sending you 1
2024-10-14 22:32:16.826372 Hotel: Yankee, sending you 2
2024-10-14 22:32:16.828245 Whiskey: India and Juliett, sending you 1
2024-10-14 22:32:16.829067 Charlie: Yankee and November, sending you 3
2024-10-14 22:32:16.830603 Juliett: Yankee and Whiskey, sending you 5
2024-10-14 22:32:16.832375 India: Sierra, sending you 2
2024-10-14 22:32:16.833138 Foxtrot: Sierra, sending you 6
2024-10-14 22:32:16.834386 Sierra: Whiskey and November, sending you 3
2024-10-14 22:32:16.834895 Mike: Sierra, sending you 1
2024-10-14 22:32:16.835283 Yankee: November, sending you 5
2024-10-14 22:32:16.836342 Hotel: Charlie, November and Sierra, sending you 4
2024-10-14 22:32:16.837111 Whiskey: Yankee and Sierra, sending you 5
2024-10-14 22:32:16.844180 Charlie: Sierra, sending you 1
2024-10-14 22:32:16.847583 Juliett: November, sending you 4
2024-10-14 22:32:16.849513 Mike: Hotel, sending you 6
2024-10-14 22:32:16.850272 Hotel: Mike, sending you 5
2024-10-14 22:32:16.850968 Whiskey: November, sending you 3
2024-10-14 22:32:16.852807 Charlie: Hotel, sending you 4
2024-10-14 22:32:16.853211 Juliett: Sierra, sending you 2
2024-10-14 22:32:16.857369 Charlie: Mike, sending you 2
chatterbot Foxtrot submitting transactions
chatterbot India submitting transactions
chatterbot Yankee submitting transactions
chatterbot Juliett submitting transactions
chatterbot Whiskey submitting transactions
chatterbot Hotel submitting transactions
chatterbot Sierra submitting transactions
chatterbot November submitting transactions
chatterbot Charlie submitting transactions
chatterbot Mike submitting transactions
ChatterBot India round 2
ChatterBot Yankee round 2
ChatterBot Charlie round 2
ChatterBot Whiskey round 2
ChatterBot Juliett round 2
ChatterBot November round 2
ChatterBot Sierra round 2
2024-10-14 22:32:17.939030 Yankee: We should add Foxtrot
ChatterBot India reevaluating
ChatterBot Juliett reevaluating
ChatterBot Sierra reevaluating
ChatterBot Whiskey reevaluating
ChatterBot November reevaluating
2024-10-14 22:32:17.969141 India: Yes
2024-10-14 22:32:17.969443 Juliett: Yes
2024-10-14 22:32:17.970121 Sierra: Yes
2024-10-14 22:32:17.970310 Whiskey: Yes
2024-10-14 22:32:17.970497 November: No
ChatterBot Juliett reevaluating
ChatterBot Sierra reevaluating
ChatterBot Whiskey reevaluating
ChatterBot November reevaluating
ChatterBot India reevaluating
ChatterBot Sierra reevaluating
ChatterBot Whiskey reevaluating
ChatterBot November reevaluating
ChatterBot India reevaluating
ChatterBot Juliett reevaluating
ChatterBot Whiskey reevaluating
ChatterBot November reevaluating
ChatterBot India reevaluating
ChatterBot Juliett reevaluating
ChatterBot Sierra reevaluating
ChatterBot November reevaluating
ChatterBot India reevaluating
ChatterBot Juliett reevaluating
ChatterBot Sierra reevaluating
ChatterBot Whiskey reevaluating
ChatterBot Hotel round 2
2024-10-14 22:32:18.130663 Charlie: We would work well together
ChatterBot Hotel reevaluating
ChatterBot Mike reevaluating
2024-10-14 22:32:18.158018 Hotel: Yes
2024-10-14 22:32:18.158270 Mike: No
ChatterBot Mike reevaluating
ChatterBot Hotel reevaluating
2024-10-14 22:32:18.196736 Mike: Group up?
2024-10-14 22:32:18.202123 Charlie: Yes
ChatterBot Mike reevaluating
ChatterBot Foxtrot round 2
ChatterBot Mike round 2
2024-10-14 22:32:18.236347 Yankee: Foxtrot we want you to join our group
ChatterBot Foxtrot reevaluating
2024-10-14 22:32:18.240388 Foxtrot: Yes
ChatterBot India reevaluating
ChatterBot Whiskey reevaluating
ChatterBot Juliett reevaluating
ChatterBot November reevaluating
ChatterBot Sierra reevaluating
2024-10-14 22:32:18.261071 Foxtrot: We should add November
ChatterBot Juliett reevaluating
ChatterBot India reevaluating
ChatterBot Sierra reevaluating
ChatterBot Whiskey reevaluating
2024-10-14 22:32:18.277207 Juliett: Yes
2024-10-14 22:32:18.277352 India: Yes
2024-10-14 22:32:18.277468 Sierra: Yes
2024-10-14 22:32:18.277596 Yankee: Yes
2024-10-14 22:32:18.277725 Whiskey: Yes
ChatterBot Foxtrot reevaluating
ChatterBot India reevaluating
ChatterBot Sierra reevaluating
ChatterBot Whiskey reevaluating
ChatterBot Foxtrot reevaluating
ChatterBot Juliett reevaluating
ChatterBot Sierra reevaluating
ChatterBot Whiskey reevaluating
ChatterBot Foxtrot reevaluating
ChatterBot Juliett reevaluating
ChatterBot India reevaluating
ChatterBot Whiskey reevaluating
ChatterBot Foxtrot reevaluating
ChatterBot Juliett reevaluating
ChatterBot India reevaluating
ChatterBot Sierra reevaluating
ChatterBot Whiskey reevaluating
ChatterBot Foxtrot reevaluating
ChatterBot Juliett reevaluating
ChatterBot India reevaluating
ChatterBot Sierra reevaluating
2024-10-14 22:32:18.376137 India: Foxtrot we want you to join our group
ChatterBot Foxtrot reevaluating
2024-10-14 22:32:18.382268 Foxtrot: Yes
2024-10-14 22:32:18.410045 Juliett: Foxtrot we want you to join our group
ChatterBot Foxtrot reevaluating
2024-10-14 22:32:18.414383 Foxtrot: Yes
2024-10-14 22:32:18.432221 November: Foxtrot we want you to join our group
ChatterBot Foxtrot reevaluating
2024-10-14 22:32:18.436368 Foxtrot: Yes
2024-10-14 22:32:18.453675 Whiskey: Foxtrot we want you to join our group
ChatterBot Foxtrot reevaluating
2024-10-14 22:32:18.458064 Foxtrot: Yes
2024-10-14 22:32:18.474705 Sierra: Foxtrot we want you to join our group
ChatterBot Foxtrot reevaluating
2024-10-14 22:32:18.478722 Foxtrot: Yes
chatterbot Yankee submitting transactions
2024-10-14 22:32:19.100141 Yankee: India, Whiskey, Juliett and Foxtrot, sending you 3
2024-10-14 22:32:19.101291 Charlie: Hotel, sending you 7
2024-10-14 22:32:19.101597 Foxtrot: November we want you to join our group
2024-10-14 22:32:19.105408 November: Yes
chatterbot Charlie submitting transactions
2024-10-14 22:32:19.124553 Yankee: November and Sierra, sending you 2
2024-10-14 22:32:19.125538 Charlie: Mike, sending you 6
2024-10-14 22:32:19.125811 November: India, Yankee, Whiskey and Sierra, sending you 2
2024-10-14 22:32:19.555605 Hotel: Charlie, sending you 8
2024-10-14 22:32:19.555870 India: Yankee, sending you 4
2024-10-14 22:32:19.556201 Juliett: India, Yankee, Whiskey and Foxtrot, sending you 2
2024-10-14 22:32:19.556966 Sierra: India, Juliett and Foxtrot, sending you 2
2024-10-14 22:32:19.557228 Mike: Charlie, sending you 5
2024-10-14 22:32:19.557406 Whiskey: India, sending you 1
2024-10-14 22:32:19.558078 November: Juliett and Foxtrot, sending you 1
chatterbot India submitting transactions
chatterbot Hotel submitting transactions
chatterbot Whiskey submitting transactions
chatterbot Foxtrot submitting transactions
chatterbot November submitting transactions
chatterbot Juliett submitting transactions
2024-10-14 22:32:19.645142 Sierra: Yankee and Whiskey, sending you 3
2024-10-14 22:32:19.645665 Hotel: Mike, sending you 11
2024-10-14 22:32:19.645962 India: Whiskey and Juliett, sending you 1
2024-10-14 22:32:19.646800 Whiskey: Yankee, Juliett, Sierra and Foxtrot, sending you 3
2024-10-14 22:32:19.647221 Foxtrot: India, sending you 4
2024-10-14 22:32:19.647626 Juliett: November, sending you 3
2024-10-14 22:32:19.648400 Mike: Hotel, sending you 10
2024-10-14 22:32:19.737286 Sierra: November, sending you 1
2024-10-14 22:32:19.737773 Whiskey: November, sending you 2
2024-10-14 22:32:19.738708 Foxtrot: Yankee, Whiskey, Juliett, November and Sierra, sending you 3
2024-10-14 22:32:19.739226 Juliett: Sierra, sending you 6
2024-10-14 22:32:19.739586 India: November, sending you 2
chatterbot Mike submitting transactions
2024-10-14 22:32:19.766229 India: Sierra and Foxtrot, sending you 5
chatterbot Sierra submitting transactions
ChatterBot India round 3
ChatterBot Yankee round 3
ChatterBot Charlie round 3
ChatterBot Whiskey round 3
ChatterBot Juliett round 3
ChatterBot November round 3
ChatterBot Sierra round 3
ChatterBot Hotel round 3
ChatterBot Foxtrot round 3
ChatterBot Mike round 3
2024-10-14 22:32:20.089552 Juliett: India, sending you 1
2024-10-14 22:32:20.090706 Charlie: Hotel, sending you 7
2024-10-14 22:32:20.091082 India: Yankee, Sierra and Foxtrot, sending you 4
2024-10-14 22:32:20.092280 Yankee: India, Whiskey, Juliett, November and Foxtrot, sending you 3
2024-10-14 22:32:20.096309 Juliett: Yankee, Whiskey, November and Foxtrot, sending you 3
2024-10-14 22:32:20.097363 Charlie: Mike, sending you 6
2024-10-14 22:32:20.097749 India: Whiskey, sending you 1
2024-10-14 22:32:20.099020 Yankee: Sierra, sending you 1
2024-10-14 22:32:20.099638 November: India, Yankee, Whiskey and Sierra, sending you 2
2024-10-14 22:32:20.100880 Foxtrot: India, sending you 5
2024-10-14 22:32:20.101499 Whiskey: India, sending you 1
2024-10-14 22:32:20.102894 Hotel: Charlie, sending you 8
2024-10-14 22:32:20.103430 Juliett: Sierra, sending you 4
2024-10-14 22:32:20.104707 Sierra: India, Yankee, Whiskey and Juliett, sending you 3
2024-10-14 22:32:20.105398 India: Juliett, sending you 2
2024-10-14 22:32:20.106505 Foxtrot: Yankee, sending you 4
2024-10-14 22:32:20.107779 November: Juliett and Foxtrot, sending you 1
2024-10-14 22:32:20.108602 Mike: Charlie, sending you 6
2024-10-14 22:32:20.109658 Hotel: Mike, sending you 11
2024-10-14 22:32:20.110145 Whiskey: Yankee, Juliett, Sierra and Foxtrot, sending you 3
2024-10-14 22:32:20.111420 Sierra: November and Foxtrot, sending you 2
2024-10-14 22:32:20.112257 India: November, sending you 3
2024-10-14 22:32:20.113586 Foxtrot: Whiskey and Sierra, sending you 3
2024-10-14 22:32:20.115084 Mike: Hotel, sending you 9
2024-10-14 22:32:20.115683 Whiskey: November, sending you 2
2024-10-14 22:32:20.120263 Foxtrot: Juliett and November, sending you 2
chatterbot Foxtrot submitting transactions
chatterbot Charlie submitting transactions
chatterbot Juliett submitting transactions
chatterbot Yankee submitting transactions
chatterbot India submitting transactions
chatterbot Whiskey submitting transactions
chatterbot Sierra submitting transactions
chatterbot November submitting transactions
chatterbot Mike submitting transactions
chatterbot Hotel submitting transactions
ChatterBot India round 4
ChatterBot Yankee round 4
ChatterBot Charlie round 4
ChatterBot Whiskey round 4
ChatterBot Juliett round 4
ChatterBot November round 4
ChatterBot Sierra round 4
ChatterBot Hotel round 4
ChatterBot Foxtrot round 4
ChatterBot Mike round 4
2024-10-14 22:32:21.420492 India: Yankee and Sierra, sending you 4
2024-10-14 22:32:21.448263 India: Whiskey and Juliett, sending you 1
2024-10-14 22:32:21.449463 Whiskey: India, sending you 1
2024-10-14 22:32:21.450189 Yankee: India, Whiskey, Juliett, Sierra and Foxtrot, sending you 3
2024-10-14 22:32:21.451531 Hotel: Charlie, sending you 8
2024-10-14 22:32:21.451928 November: India, Juliett and Foxtrot, sending you 1
2024-10-14 22:32:21.453085 Sierra: India, Whiskey, Juliett and Foxtrot, sending you 3
2024-10-14 22:32:21.454347 Foxtrot: India and Yankee, sending you 4
2024-10-14 22:32:21.455145 Mike: Charlie, sending you 6
2024-10-14 22:32:21.455957 India: November, sending you 3
2024-10-14 22:32:21.456704 Charlie: Hotel, sending you 7
2024-10-14 22:32:21.457020 Juliett: India, November and Foxtrot, sending you 2
2024-10-14 22:32:21.458056 Whiskey: Yankee, Juliett, Sierra and Foxtrot, sending you 3
2024-10-14 22:32:21.459111 Yankee: November, sending you 1
2024-10-14 22:32:21.459721 Hotel: Mike, sending you 11
2024-10-14 22:32:21.460370 November: Yankee, Whiskey and Sierra, sending you 2
2024-10-14 22:32:21.460982 Sierra: Yankee and November, sending you 2
2024-10-14 22:32:21.462033 Foxtrot: Whiskey, Juliett and Sierra, sending you 3
2024-10-14 22:32:21.462867 Mike: Hotel, sending you 9
2024-10-14 22:32:21.463600 India: Foxtrot, sending you 5
2024-10-14 22:32:21.464245 Charlie: Mike, sending you 6
2024-10-14 22:32:21.464591 Juliett: Yankee and Whiskey, sending you 3
2024-10-14 22:32:21.465657 Whiskey: November, sending you 2
2024-10-14 22:32:21.466842 Foxtrot: November, sending you 2
2024-10-14 22:32:21.470654 Juliett: Sierra, sending you 5
chatterbot Yankee submitting transactions
chatterbot Juliett submitting transactions
chatterbot November submitting transactions
chatterbot Mike submitting transactions
chatterbot Hotel submitting transactions
chatterbot India submitting transactions
chatterbot Foxtrot submitting transactions
chatterbot Whiskey submitting transactions
chatterbot Charlie submitting transactions
chatterbot Sierra submitting transactions
ChatterBot India round 5
ChatterBot Yankee round 5
ChatterBot Charlie round 5
ChatterBot Whiskey round 5
ChatterBot Juliett round 5
ChatterBot November round 5
ChatterBot Sierra round 5
ChatterBot Hotel round 5
ChatterBot Foxtrot round 5
ChatterBot Mike round 5
2024-10-14 22:32:22.650680 Yankee: India, Whiskey, Juliett, Sierra and Foxtrot, sending you 3
2024-10-14 22:32:22.655670 Yankee: November, sending you 1
2024-10-14 22:32:22.658665 Mike: Charlie, sending you 6
2024-10-14 22:32:22.662676 Charlie: Hotel, sending you 7
2024-10-14 22:32:22.663747 Mike: Hotel, sending you 9
2024-10-14 22:32:22.664667 Sierra: India, Yankee, Whiskey, Juliett and Foxtrot, sending you 3
2024-10-14 22:32:22.665816 Juliett: India and November, sending you 2
2024-10-14 22:32:22.666384 Charlie: Mike, sending you 6
2024-10-14 22:32:22.666662 Hotel: Charlie, sending you 9
2024-10-14 22:32:22.666960 Whiskey: India, sending you 1
2024-10-14 22:32:22.668042 Sierra: November, sending you 2
2024-10-14 22:32:22.668701 Juliett: Yankee, Whiskey and Foxtrot, sending you 3
2024-10-14 22:32:22.669740 India: Yankee and Sierra, sending you 4
2024-10-14 22:32:22.670930 November: India, Juliett and Foxtrot, sending you 1
2024-10-14 22:32:22.671515 Whiskey: Yankee, Juliett, Sierra and Foxtrot, sending you 3
2024-10-14 22:32:22.672094 Hotel: Mike, sending you 10
2024-10-14 22:32:22.672432 Juliett: Sierra, sending you 4
2024-10-14 22:32:22.673686 Foxtrot: India and Yankee, sending you 4
2024-10-14 22:32:22.674260 India: Whiskey, sending you 1
2024-10-14 22:32:22.675690 November: Yankee, Whiskey and Sierra, sending you 2
2024-10-14 22:32:22.676671 Whiskey: November, sending you 2
2024-10-14 22:32:22.677717 Foxtrot: Whiskey, Juliett and Sierra, sending you 3
2024-10-14 22:32:22.678678 India: Juliett and November, sending you 2
2024-10-14 22:32:22.680672 Foxtrot: November, sending you 2
2024-10-14 22:32:22.682665 India: Foxtrot, sending you 5
chatterbot India submitting transactions
chatterbot Hotel submitting transactions
chatterbot Yankee submitting transactions
chatterbot Foxtrot submitting transactions
chatterbot November submitting transactions
chatterbot Mike submitting transactions
chatterbot Whiskey submitting transactions
chatterbot Charlie submitting transactions
chatterbot Sierra submitting transactions
chatterbot Juliett submitting transactions
ChatterBot India round 6
ChatterBot Yankee round 6
ChatterBot Charlie round 6
ChatterBot Whiskey round 6
ChatterBot Juliett round 6
ChatterBot November round 6
ChatterBot Sierra round 6
ChatterBot Hotel round 6
ChatterBot Foxtrot round 6
ChatterBot Mike round 6
2024-10-14 22:32:23.559736 Charlie: Hotel, sending you 7
2024-10-14 22:32:23.563658 Yankee: India, Whiskey, Juliett, Sierra and Foxtrot, sending you 3
2024-10-14 22:32:23.564672 Charlie: Mike, sending you 6
2024-10-14 22:32:23.566674 India: Yankee and Sierra, sending you 4
2024-10-14 22:32:23.567208 Yankee: November, sending you 1
2024-10-14 22:32:23.571076 India: Whiskey, sending you 1
2024-10-14 22:32:23.571715 Whiskey: India, sending you 1
2024-10-14 22:32:23.572693 Foxtrot: India and Yankee, sending you 4
2024-10-14 22:32:23.574666 Juliett: India and November, sending you 2
2024-10-14 22:32:23.575685 India: Juliett and November, sending you 2
2024-10-14 22:32:23.576286 Whiskey: Yankee, Juliett, Sierra and Foxtrot, sending you 3
2024-10-14 22:32:23.577434 Foxtrot: Whiskey, Juliett and Sierra, sending you 3
2024-10-14 22:32:23.578704 Juliett: Yankee, Whiskey and Foxtrot, sending you 3
2024-10-14 22:32:23.580136 Sierra: India, Yankee, Whiskey, Juliett and Foxtrot, sending you 3
2024-10-14 22:32:23.581050 India: Foxtrot, sending you 5
2024-10-14 22:32:23.582360 Whiskey: November, sending you 2
2024-10-14 22:32:23.583254 Foxtrot: November, sending you 2
2024-10-14 22:32:23.584134 November: India and Foxtrot, sending you 1
2024-10-14 22:32:23.585365 Hotel: Charlie, sending you 9
2024-10-14 22:32:23.585782 Juliett: Sierra, sending you 4
2024-10-14 22:32:23.586628 Sierra: November, sending you 2
2024-10-14 22:32:23.588023 Mike: Charlie, sending you 6
2024-10-14 22:32:23.589768 November: Yankee, Whiskey, Juliett and Sierra, sending you 2
2024-10-14 22:32:23.590306 Hotel: Mike, sending you 10
2024-10-14 22:32:23.591681 Mike: Hotel, sending you 9
chatterbot India submitting transactions
chatterbot November submitting transactions
chatterbot Hotel submitting transactions
chatterbot Mike submitting transactions
chatterbot Yankee submitting transactions
chatterbot Foxtrot submitting transactions
chatterbot Juliett submitting transactions
chatterbot Sierra submitting transactions
chatterbot Charlie submitting transactions
chatterbot Whiskey submitting transactions
ChatterBot India round 7
ChatterBot Yankee round 7
ChatterBot Charlie round 7
ChatterBot Whiskey round 7
ChatterBot Juliett round 7
ChatterBot November round 7
ChatterBot Sierra round 7
ChatterBot Hotel round 7
ChatterBot Foxtrot round 7
ChatterBot Mike round 7
2024-10-14 22:32:24.756678 India: Yankee and Sierra, sending you 4
2024-10-14 22:32:24.758739 Yankee: India, Whiskey, Juliett, Sierra and Foxtrot, sending you 3
2024-10-14 22:32:24.763670 India: Whiskey, sending you 1
2024-10-14 22:32:24.765765 Whiskey: India, sending you 1
2024-10-14 22:32:24.767872 Yankee: November, sending you 1
2024-10-14 22:32:24.769296 Juliett: India and November, sending you 2
2024-10-14 22:32:24.771310 Sierra: India, Yankee, Whiskey, Juliett and Foxtrot, sending you 3
2024-10-14 22:32:24.772990 Foxtrot: India and Yankee, sending you 4
2024-10-14 22:32:24.774835 Charlie: Hotel, sending you 7
2024-10-14 22:32:24.775458 Hotel: Charlie, sending you 9
2024-10-14 22:32:24.776080 India: Juliett and November, sending you 2
2024-10-14 22:32:24.778316 Whiskey: Yankee, Juliett, Sierra and Foxtrot, sending you 3
2024-10-14 22:32:24.780002 Juliett: Yankee, Whiskey and Foxtrot, sending you 3
2024-10-14 22:32:24.781608 Sierra: November, sending you 2
2024-10-14 22:32:24.782590 November: Sending you each 2
2024-10-14 22:32:24.784061 Foxtrot: Whiskey, Juliett and Sierra, sending you 3
2024-10-14 22:32:24.784939 Charlie: Mike, sending you 6
2024-10-14 22:32:24.785435 Mike: Charlie, sending you 6
2024-10-14 22:32:24.786454 Hotel: Mike, sending you 10
2024-10-14 22:32:24.787134 India: Foxtrot, sending you 5
2024-10-14 22:32:24.788673 Whiskey: November, sending you 2
2024-10-14 22:32:24.790021 Juliett: Sierra, sending you 4
2024-10-14 22:32:24.791526 Mike: Hotel, sending you 9
2024-10-14 22:32:24.791956 Foxtrot: November, sending you 2
chatterbot November submitting transactions
chatterbot Charlie submitting transactions
chatterbot Juliett submitting transactions
chatterbot Whiskey submitting transactions
chatterbot Yankee submitting transactions
chatterbot Mike submitting transactions
chatterbot Foxtrot submitting transactions
chatterbot Sierra submitting transactions
chatterbot India submitting transactions
chatterbot Hotel submitting transactions
ChatterBot India round 8
ChatterBot Yankee round 8
ChatterBot Charlie round 8
ChatterBot Whiskey round 8
ChatterBot Juliett round 8
ChatterBot November round 8
ChatterBot Sierra round 8
ChatterBot Hotel round 8
ChatterBot Foxtrot round 8
ChatterBot Mike round 8
2024-10-14 22:32:25.898679 Yankee: India, Whiskey, Juliett, Sierra and Foxtrot, sending you 3
2024-10-14 22:32:25.901661 Yankee: November, sending you 1
2024-10-14 22:32:25.903045 Whiskey: India, sending you 1
2024-10-14 22:32:25.905002 Charlie: Hotel, sending you 7
2024-10-14 22:32:25.908691 Charlie: Mike, sending you 6
2024-10-14 22:32:25.909203 November: Same as last round
2024-10-14 22:32:25.909966 Whiskey: Yankee, Juliett, Sierra and Foxtrot, sending you 3
2024-10-14 22:32:25.911671 Juliett: India and November, sending you 2
2024-10-14 22:32:25.912921 India: Yankee and Sierra, sending you 4
2024-10-14 22:32:25.914738 Whiskey: November, sending you 2
2024-10-14 22:32:25.916302 Juliett: Yankee, Whiskey and Foxtrot, sending you 3
2024-10-14 22:32:25.917976 Hotel: Charlie, sending you 9
2024-10-14 22:32:25.919095 India: Whiskey, sending you 1
2024-10-14 22:32:25.919889 Foxtrot: India, sending you 5
2024-10-14 22:32:25.920881 Mike: Charlie, sending you 6
2024-10-14 22:32:25.921663 Juliett: Sierra, sending you 4
2024-10-14 22:32:25.922169 Hotel: Mike, sending you 10
2024-10-14 22:32:25.923053 Sierra: India, Yankee, Whiskey, Juliett and Foxtrot, sending you 3
2024-10-14 22:32:25.923996 India: Juliett and November, sending you 2
2024-10-14 22:32:25.925008 Mike: Hotel, sending you 9
2024-10-14 22:32:25.926127 Foxtrot: Yankee, Whiskey, Juliett and Sierra, sending you 3
2024-10-14 22:32:25.927657 India: Foxtrot, sending you 5
2024-10-14 22:32:25.929353 Sierra: November, sending you 2
2024-10-14 22:32:25.930292 Foxtrot: November, sending you 2
chatterbot India submitting transactions
chatterbot Hotel submitting transactions
chatterbot Juliett submitting transactions
chatterbot Yankee submitting transactions
chatterbot Charlie submitting transactions
chatterbot Mike submitting transactions
chatterbot Whiskey submitting transactions
chatterbot Sierra submitting transactions
chatterbot November submitting transactions
chatterbot Foxtrot submitting transactions
ChatterBot India round 9
ChatterBot Yankee round 9
ChatterBot Charlie round 9
ChatterBot Whiskey round 9
ChatterBot Juliett round 9
ChatterBot November round 9
ChatterBot Sierra round 9
ChatterBot Hotel round 9
ChatterBot Foxtrot round 9
ChatterBot Mike round 9
2024-10-14 22:32:27.226873 Charlie: Hotel, sending you 7
2024-10-14 22:32:27.227973 India: Yankee and Sierra, sending you 4
2024-10-14 22:32:27.229509 Sierra: India, Yankee, Whiskey, Juliett and Foxtrot, sending you 3
2024-10-14 22:32:27.231445 Juliett: India and November, sending you 2
2024-10-14 22:32:27.233465 Charlie: Mike, sending you 6
2024-10-14 22:32:27.233954 India: Whiskey, sending you 1
2024-10-14 22:32:27.236362 Hotel: Charlie, sending you 9
2024-10-14 22:32:27.237498 Sierra: November, sending you 2
2024-10-14 22:32:27.239366 Juliett: Yankee, Whiskey and Foxtrot, sending you 3
2024-10-14 22:32:27.240559 Foxtrot: India, sending you 5
2024-10-14 22:32:27.242222 India: Juliett and November, sending you 2
2024-10-14 22:32:27.243817 Hotel: Mike, sending you 10
2024-10-14 22:32:27.244277 Juliett: Sierra, sending you 4
2024-10-14 22:32:27.246356 Foxtrot: Yankee, Whiskey, Juliett and Sierra, sending you 3
2024-10-14 22:32:27.248036 Yankee: India, Whiskey, Juliett, Sierra and Foxtrot, sending you 3
2024-10-14 22:32:27.249688 Whiskey: India, sending you 1
2024-10-14 22:32:27.251539 India: Foxtrot, sending you 5
2024-10-14 22:32:27.253596 Foxtrot: November, sending you 2
2024-10-14 22:32:27.254985 Yankee: November, sending you 1
2024-10-14 22:32:27.256005 Mike: Charlie, sending you 6
2024-10-14 22:32:27.256797 Whiskey: Yankee, Juliett, Sierra and Foxtrot, sending you 3
2024-10-14 22:32:27.260679 Whiskey: November, sending you 2
2024-10-14 22:32:27.261730 Mike: Hotel, sending you 9
chatterbot Whiskey submitting transactions
chatterbot Foxtrot submitting transactions
chatterbot Yankee submitting transactions
chatterbot Hotel submitting transactions
chatterbot India submitting transactions
chatterbot Sierra submitting transactions
chatterbot Charlie submitting transactions
chatterbot November submitting transactions
chatterbot Mike submitting transactions
chatterbot Juliett submitting transactions
ChatterBot India round 10
ChatterBot Yankee round 10
ChatterBot Charlie round 10
ChatterBot Whiskey round 10
ChatterBot Juliett round 10
ChatterBot November round 10
ChatterBot Sierra round 10
ChatterBot Hotel round 10
ChatterBot Foxtrot round 10
2024-10-14 22:32:28.260942 Charlie: We should add Sierra
2024-10-14 22:32:28.266184 Hotel: No
2024-10-14 22:32:28.266378 Mike: No
ChatterBot Charlie reevaluating
ChatterBot Charlie reevaluating
ChatterBot Mike round 10
2024-10-14 22:32:28.318657 Whiskey: India, sending you 1
2024-10-14 22:32:28.319706 India: Yankee and Sierra, sending you 4
2024-10-14 22:32:28.322236 November: India, sending you 1
2024-10-14 22:32:28.323633 Whiskey: Yankee, Juliett, Sierra and Foxtrot, sending you 3
2024-10-14 22:32:28.325654 India: Whiskey, sending you 1
2024-10-14 22:32:28.327340 November: Yankee, Whiskey, Juliett, Sierra and Foxtrot, sending you 2
2024-10-14 22:32:28.328304 Sierra: India, Yankee, Whiskey, Juliett and Foxtrot, sending you 3
2024-10-14 22:32:28.328966 Juliett: India and November, sending you 2
2024-10-14 22:32:28.329856 Whiskey: November, sending you 2
2024-10-14 22:32:28.331549 Foxtrot: India, sending you 5
2024-10-14 22:32:28.332578 India: Juliett and November, sending you 2
2024-10-14 22:32:28.333286 Yankee: India, Whiskey, Juliett, Sierra and Foxtrot, sending you 3
2024-10-14 22:32:28.334015 Charlie: Hotel, sending you 2
2024-10-14 22:32:28.334287 Hotel: Charlie, sending you 4
2024-10-14 22:32:28.334596 Sierra: November, sending you 2
2024-10-14 22:32:28.336434 Mike: Charlie, sending you 6
2024-10-14 22:32:28.336731 Juliett: Yankee, Whiskey and Foxtrot, sending you 3
2024-10-14 22:32:28.337782 Foxtrot: Yankee, Whiskey, Juliett and Sierra, sending you 3
2024-10-14 22:32:28.338548 India: Foxtrot, sending you 5
2024-10-14 22:32:28.340037 Yankee: November, sending you 1
2024-10-14 22:32:28.340967 Charlie: Mike, sending you 1
2024-10-14 22:32:28.341262 Hotel: Mike, sending you 5
2024-10-14 22:32:28.341501 Hotel: I was attacked by November
ChatterBot Charlie reevaluating
ChatterBot Mike reevaluating
2024-10-14 22:32:28.347274 Hotel: Ow
2024-10-14 22:32:28.347863 Juliett: Sierra, sending you 4
2024-10-14 22:32:28.348775 Foxtrot: November, sending you 2
2024-10-14 22:32:28.364662 Charlie: Hotel, sending you 5
2024-10-14 22:32:28.369158 Charlie: Mike, sending you 6
chatterbot India submitting transactions
chatterbot Charlie submitting transactions
chatterbot Whiskey submitting transactions
chatterbot Juliett submitting transactions
chatterbot Hotel submitting transactions
chatterbot Yankee submitting transactions
chatterbot Mike submitting transactions
chatterbot Sierra submitting transactions
chatterbot November submitting transactions
chatterbot Foxtrot submitting transactions
ChatterBot India round 11
ChatterBot Yankee round 11
ChatterBot Charlie round 11
ChatterBot Whiskey round 11
ChatterBot Juliett round 11
ChatterBot November round 11
ChatterBot Sierra round 11
ChatterBot Hotel round 11
ChatterBot Foxtrot round 11
ChatterBot Mike round 11
2024-10-14 22:32:29.471655 Charlie: Hotel, sending you 1
2024-10-14 22:32:29.473688 Juliett: India and November, sending you 2
2024-10-14 22:32:29.475667 Charlie: Mike, sending you 2
2024-10-14 22:32:29.476711 India: Yankee and Sierra, sending you 4
2024-10-14 22:32:29.477504 Sierra: India, Yankee, Whiskey, Juliett and Foxtrot, sending you 3
2024-10-14 22:32:29.479746 Juliett: Yankee, Whiskey and Foxtrot, sending you 3
2024-10-14 22:32:29.481799 Hotel: Charlie, sending you 6
2024-10-14 22:32:29.482244 India: Whiskey, sending you 1
2024-10-14 22:32:29.483452 Foxtrot: India, sending you 5
2024-10-14 22:32:29.484798 Sierra: November, sending you 2
2024-10-14 22:32:29.486221 Mike: Charlie, sending you 7
2024-10-14 22:32:29.486747 Juliett: Sierra, sending you 4
2024-10-14 22:32:29.488557 Hotel: Mike, sending you 7
2024-10-14 22:32:29.489083 India: Juliett and November, sending you 2
2024-10-14 22:32:29.490298 Foxtrot: Yankee, Whiskey, Juliett and Sierra, sending you 3
2024-10-14 22:32:29.491479 Whiskey: India, sending you 1
2024-10-14 22:32:29.492658 Yankee: India, Whiskey, Juliett, Sierra and Foxtrot, sending you 3
2024-10-14 22:32:29.494733 Mike: Hotel, sending you 8
2024-10-14 22:32:29.495238 India: Foxtrot, sending you 5
2024-10-14 22:32:29.496544 Foxtrot: November, sending you 2
2024-10-14 22:32:29.497774 November: India, sending you 1
2024-10-14 22:32:29.498706 Whiskey: Yankee, Juliett, Sierra and Foxtrot, sending you 3
2024-10-14 22:32:29.499931 Yankee: November, sending you 1
2024-10-14 22:32:29.501688 November: Yankee, Whiskey, Juliett, Sierra and Foxtrot, sending you 2
2024-10-14 22:32:29.502930 Whiskey: November, sending you 2
chatterbot Whiskey submitting transactions
chatterbot November submitting transactions
chatterbot Yankee submitting transactions
chatterbot Mike submitting transactions
chatterbot Charlie submitting transactions
chatterbot Foxtrot submitting transactions
chatterbot Hotel submitting transactions
chatterbot India submitting transactions
chatterbot Sierra submitting transactions
chatterbot Juliett submitting transactions
ChatterBot India round 12
ChatterBot Yankee round 12
ChatterBot Charlie round 12
ChatterBot Whiskey round 12
ChatterBot Juliett round 12
ChatterBot November round 12
ChatterBot Sierra round 12
ChatterBot Hotel round 12
ChatterBot Foxtrot round 12
ChatterBot Mike round 12
2024-10-14 22:32:30.566683 Yankee: India, Whiskey, Juliett, Sierra and Foxtrot, sending you 3
2024-10-14 22:32:30.569662 November: I was attacked by Charlie
ChatterBot Yankee reevaluating
ChatterBot India reevaluating
ChatterBot Whiskey reevaluating
ChatterBot Juliett reevaluating
ChatterBot Sierra reevaluating
ChatterBot Foxtrot reevaluating
2024-10-14 22:32:30.588399 November: Ow
2024-10-14 22:32:30.589464 Charlie: Hotel, sending you 6
2024-10-14 22:32:30.593004 Hotel: Charlie, sending you 6
2024-10-14 22:32:30.594665 Charlie: Mike, sending you 7
2024-10-14 22:32:30.596673 Hotel: Mike, sending you 8
2024-10-14 22:32:30.597656 Mike: Charlie, sending you 7
2024-10-14 22:32:30.600684 Mike: Hotel, sending you 8
2024-10-14 22:32:30.610663 Whiskey: India, sending you 1
2024-10-14 22:32:30.612680 India: Yankee and Sierra, sending you 4
2024-10-14 22:32:30.616681 Whiskey: Yankee, Juliett, Sierra and Foxtrot, sending you 3
2024-10-14 22:32:30.618072 India: Whiskey, sending you 1
2024-10-14 22:32:30.618911 Foxtrot: India, sending you 5
2024-10-14 22:32:30.619766 Sierra: India, Yankee, Whiskey, Juliett and Foxtrot, sending you 3
2024-10-14 22:32:30.620677 Whiskey: November, sending you 2
2024-10-14 22:32:30.621683 India: Juliett and November, sending you 2
2024-10-14 22:32:30.622766 Sierra: November, sending you 2
2024-10-14 22:32:30.624684 Foxtrot: Yankee, Whiskey, Juliett and Sierra, sending you 3
2024-10-14 22:32:30.626668 India: Foxtrot, sending you 5
2024-10-14 22:32:30.630673 Foxtrot: November, sending you 2
chatterbot Sierra submitting transactions
chatterbot Yankee submitting transactions
chatterbot Foxtrot submitting transactions
chatterbot Hotel submitting transactions
chatterbot Mike submitting transactions
chatterbot Charlie submitting transactions
chatterbot India submitting transactions
chatterbot November submitting transactions
chatterbot Juliett submitting transactions
chatterbot Whiskey submitting transactions
ChatterBot India round 13
ChatterBot Yankee round 13
ChatterBot Charlie round 13
ChatterBot Whiskey round 13
ChatterBot Juliett round 13
ChatterBot November round 13
ChatterBot Sierra round 13
ChatterBot Hotel round 13
ChatterBot Foxtrot round 13
ChatterBot Mike round 13
2024-10-14 22:32:31.862666 Yankee: India, Whiskey, Juliett, Sierra and Foxtrot, sending you 3
2024-10-14 22:32:31.865680 India: Yankee and Sierra, sending you 4
2024-10-14 22:32:31.869165 Yankee: November, sending you 1
2024-10-14 22:32:31.871462 Whiskey: India, sending you 1
2024-10-14 22:32:31.873082 India: Whiskey and November, sending you 1
2024-10-14 22:32:31.875253 Foxtrot: India, sending you 5
2024-10-14 22:32:31.877123 November: India and Juliett, sending you 1
2024-10-14 22:32:31.878781 Mike: Charlie, sending you 7
2024-10-14 22:32:31.879837 Hotel: Sending you each 1
2024-10-14 22:32:31.880288 Hotel: I was attacked by November
ChatterBot Charlie reevaluating
ChatterBot Mike reevaluating
2024-10-14 22:32:31.886419 Hotel: Ow
2024-10-14 22:32:31.886983 Sierra: India, Yankee, Whiskey, Juliett and Foxtrot, sending you 3
2024-10-14 22:32:31.887952 Whiskey: Yankee, Juliett, Sierra and Foxtrot, sending you 3
2024-10-14 22:32:31.889582 India: Juliett, sending you 2
2024-10-14 22:32:31.890883 Foxtrot: Yankee, Whiskey, Juliett and Sierra, sending you 3
2024-10-14 22:32:31.892280 November: Yankee, Whiskey, Sierra and Foxtrot, sending you 2
2024-10-14 22:32:31.893447 Whiskey: November, sending you 2
2024-10-14 22:32:31.894412 Sierra: November, sending you 2
2024-10-14 22:32:31.895850 India: Foxtrot, sending you 6
2024-10-14 22:32:31.896772 Foxtrot: November, sending you 2
chatterbot Sierra submitting transactions
chatterbot Charlie submitting transactions
chatterbot Mike submitting transactions
chatterbot Whiskey submitting transactions
chatterbot Yankee submitting transactions
chatterbot November submitting transactions
chatterbot India submitting transactions
chatterbot Hotel submitting transactions
chatterbot Juliett submitting transactions
chatterbot Foxtrot submitting transactions
ChatterBot India round 14
ChatterBot Yankee round 14
ChatterBot Charlie round 14
ChatterBot Whiskey round 14
ChatterBot Juliett round 14
ChatterBot November round 14
ChatterBot Sierra round 14
ChatterBot Hotel round 14
ChatterBot Foxtrot round 14
ChatterBot Mike round 14
2024-10-14 22:32:33.150663 Whiskey: India, sending you 1
2024-10-14 22:32:33.155684 Whiskey: Yankee, Juliett, Sierra and Foxtrot, sending you 3
2024-10-14 22:32:33.158116 Yankee: India, Whiskey, Juliett, Sierra and Foxtrot, sending you 3
2024-10-14 22:32:33.160683 Whiskey: November, sending you 2
2024-10-14 22:32:33.162657 Yankee: November, sending you 1
2024-10-14 22:32:33.165670 Sierra: India, Yankee, Whiskey, Juliett and Foxtrot, sending you 3
2024-10-14 22:32:33.168318 Foxtrot: India, sending you 5
2024-10-14 22:32:33.169831 India: Yankee and Sierra, sending you 4
2024-10-14 22:32:33.172647 Sierra: November, sending you 2
2024-10-14 22:32:33.180438 Foxtrot: Yankee, Whiskey, Juliett and Sierra, sending you 3
2024-10-14 22:32:33.182474 Hotel: Charlie, sending you 3
2024-10-14 22:32:33.183003 Mike: Charlie, sending you 8
2024-10-14 22:32:33.183610 India: Whiskey and November, sending you 1
2024-10-14 22:32:33.187167 Foxtrot: November, sending you 2
2024-10-14 22:32:33.190077 Mike: Hotel, sending you 7
2024-10-14 22:32:33.190992 Hotel: Mike, sending you 5
2024-10-14 22:32:33.191633 India: Juliett, sending you 2
2024-10-14 22:32:33.197663 India: Foxtrot, sending you 6
chatterbot India submitting transactions
chatterbot Whiskey submitting transactions
chatterbot November submitting transactions
chatterbot Foxtrot submitting transactions
chatterbot Hotel submitting transactions
chatterbot Juliett submitting transactions
chatterbot Yankee submitting transactions
chatterbot Sierra submitting transactions
chatterbot Charlie submitting transactions
chatterbot Mike submitting transactions
ChatterBot India round 15
ChatterBot Yankee round 15
ChatterBot Charlie round 15
ChatterBot Whiskey round 15
ChatterBot Juliett round 15
ChatterBot November round 15
ChatterBot Sierra round 15
ChatterBot Hotel round 15
ChatterBot Foxtrot round 15
ChatterBot Mike round 15
2024-10-14 22:32:34.429320 Yankee: We should drop November
ChatterBot Juliett reevaluating
ChatterBot Whiskey reevaluating
2024-10-14 22:32:34.453329 Foxtrot: No
2024-10-14 22:32:34.453534 Juliett: No
2024-10-14 22:32:34.453748 India: No
2024-10-14 22:32:34.453900 Sierra: No
2024-10-14 22:32:34.454061 Whiskey: Yes
ChatterBot Juliett reevaluating
ChatterBot Yankee reevaluating
