ChatterBot Charlie round 1
ChatterBot Mike round 1
ChatterBot Yankee round 1
ChatterBot Bravo round 1
ChatterBot Oscar round 1
ChatterBot X-ray round 1
ChatterBot Victor round 1
ChatterBot Tango round 1
ChatterBot Echo round 1
ChatterBot Whiskey round 1
randomSelections Yankee: {Yankee, Victor, Charlie, Tango, Oscar, Echo, Bravo} 
2024-10-14 22:32:16.686925 Yankee: We would work well together
ChatterBot Victor reevaluating
ChatterBot Charlie reevaluating
ChatterBot Tango reevaluating
ChatterBot Oscar reevaluating
ChatterBot Echo reevaluating
ChatterBot Bravo reevaluating
2024-10-14 22:32:16.706163 Victor: Yes
2024-10-14 22:32:16.706346 Charlie: Yes
2024-10-14 22:32:16.707046 Tango: Yes
2024-10-14 22:32:16.707198 Oscar: Yes
2024-10-14 22:32:16.707357 Echo: Yes
2024-10-14 22:32:16.707553 Bravo: Yes
ChatterBot Charlie reevaluating
ChatterBot Tango reevaluating
ChatterBot Oscar reevaluating
ChatterBot Echo reevaluating
ChatterBot Bravo reevaluating
ChatterBot Victor reevaluating
ChatterBot Tango reevaluating
ChatterBot Oscar reevaluating
ChatterBot Echo reevaluating
ChatterBot Bravo reevaluating
ChatterBot Victor reevaluating
ChatterBot Charlie reevaluating
ChatterBot Oscar reevaluating
ChatterBot Echo reevaluating
ChatterBot Bravo reevaluating
ChatterBot Victor reevaluating
ChatterBot Charlie reevaluating
ChatterBot Tango reevaluating
ChatterBot Echo reevaluating
ChatterBot Bravo reevaluating
ChatterBot Victor reevaluating
ChatterBot Charlie reevaluating
ChatterBot Tango reevaluating
ChatterBot Oscar reevaluating
ChatterBot Bravo reevaluating
ChatterBot Victor reevaluating
ChatterBot Charlie reevaluating
ChatterBot Tango reevaluating
ChatterBot Oscar reevaluating
ChatterBot Echo reevaluating
randomSelections X-ray: {X-ray, Mike, Charlie} 
2024-10-14 22:32:16.806448 X-ray: Friends?
ChatterBot Mike reevaluating
ChatterBot Charlie reevaluating
2024-10-14 22:32:16.812752 Mike: Yes
2024-10-14 22:32:16.812949 Charlie: No
ChatterBot Charlie reevaluating
ChatterBot Mike reevaluating
randomSelections Whiskey: {Whiskey, X-ray, Echo, Oscar, Yankee, Charlie} 
2024-10-14 22:32:16.848089 Whiskey: We would work well together
ChatterBot Echo reevaluating
ChatterBot Oscar reevaluating
ChatterBot Charlie reevaluating
2024-10-14 22:32:16.864117 X-ray: No
2024-10-14 22:32:16.865587 Echo: No
2024-10-14 22:32:16.865916 Oscar: No
2024-10-14 22:32:16.866141 Yankee: No
2024-10-14 22:32:16.866391 Charlie: No
ChatterBot Echo reevaluating
ChatterBot Oscar reevaluating
ChatterBot Charlie reevaluating
ChatterBot Oscar reevaluating
ChatterBot Charlie reevaluating
ChatterBot Echo reevaluating
ChatterBot Charlie reevaluating
ChatterBot Echo reevaluating
ChatterBot Oscar reevaluating
ChatterBot Charlie reevaluating
ChatterBot Echo reevaluating
ChatterBot Oscar reevaluating
2024-10-14 22:32:16.940056 Whiskey: Yankee, sending you 6
2024-10-14 22:32:16.945389 Whiskey: Oscar, sending you 1
2024-10-14 22:32:16.946042 Mike: Charlie, sending you 12
2024-10-14 22:32:16.947370 Yankee: Charlie, Victor and Tango, sending you 2
2024-10-14 22:32:16.949075 X-ray: Charlie, sending you 2
2024-10-14 22:32:16.949440 Tango: Charlie, Yankee, Bravo, Oscar and Echo, sending you 2
2024-10-14 22:32:16.949985 Bravo: Charlie and Tango, sending you 1
2024-10-14 22:32:16.951034 Whiskey: X-ray, sending you 8
2024-10-14 22:32:16.951367 Yankee: Bravo and Echo, sending you 4
2024-10-14 22:32:16.953319 Mike: X-ray, sending you 6
2024-10-14 22:32:16.953671 X-ray: Mike, sending you 5
2024-10-14 22:32:16.954579 Victor: Charlie and Tango, sending you 4
2024-10-14 22:32:16.955040 Bravo: Yankee, sending you 5
2024-10-14 22:32:16.955465 Tango: Victor, sending you 1
2024-10-14 22:32:16.956484 Charlie: Yankee, Tango and Echo, sending you 2
2024-10-14 22:32:16.956925 Yankee: Oscar, sending you 1
2024-10-14 22:32:16.963429 Bravo: Victor, sending you 2
2024-10-14 22:32:16.963777 Victor: Bravo, sending you 2
2024-10-14 22:32:16.964126 Charlie: Bravo and Victor, sending you 3
2024-10-14 22:32:16.967280 Oscar: Charlie and Victor, sending you 2
2024-10-14 22:32:16.967714 Bravo: Echo, sending you 6
2024-10-14 22:32:16.968746 Victor: Oscar, sending you 3
2024-10-14 22:32:16.970844 Charlie: Oscar, sending you 6
2024-10-14 22:32:16.972621 Oscar: Yankee, sending you 6
2024-10-14 22:32:16.973757 Victor: Echo, sending you 5
2024-10-14 22:32:16.978098 Oscar: Bravo, sending you 1
2024-10-14 22:32:16.985496 Oscar: Tango and Echo, sending you 3
chatterbot Whiskey submitting transactions
chatterbot Yankee submitting transactions
chatterbot Victor submitting transactions
chatterbot X-ray submitting transactions
chatterbot Mike submitting transactions
chatterbot Oscar submitting transactions
chatterbot Echo submitting transactions
chatterbot Charlie submitting transactions
chatterbot Bravo submitting transactions
chatterbot Tango submitting transactions
ChatterBot Charlie round 2
ChatterBot Mike round 2
ChatterBot Yankee round 2
ChatterBot Bravo round 2
ChatterBot Oscar round 2
ChatterBot X-ray round 2
ChatterBot Victor round 2
ChatterBot Tango round 2
ChatterBot Echo round 2
ChatterBot Whiskey round 2
2024-10-14 22:32:17.990592 X-ray: We should replace Charlie with Whiskey
ChatterBot Mike reevaluating
2024-10-14 22:32:17.998095 Mike: Yes
2024-10-14 22:32:18.004352 Mike: We should group up
ChatterBot Whiskey reevaluating
ChatterBot Echo reevaluating
2024-10-14 22:32:18.023819 X-ray: No
2024-10-14 22:32:18.024068 Whiskey: Yes
2024-10-14 22:32:18.024284 Echo: No
ChatterBot Mike reevaluating
ChatterBot Whiskey reevaluating
ChatterBot Echo reevaluating
ChatterBot Mike reevaluating
ChatterBot Echo reevaluating
ChatterBot Mike reevaluating
ChatterBot Whiskey reevaluating
2024-10-14 22:32:18.080920 Whiskey: Can we be friends?
ChatterBot Mike reevaluating
2024-10-14 22:32:18.094554 Mike: Yes
2024-10-14 22:32:18.095381 X-ray: Yes
ChatterBot Whiskey reevaluating
ChatterBot Whiskey reevaluating
ChatterBot Mike reevaluating
2024-10-14 22:32:18.185225 X-ray: Whiskey we want you to join our group
ChatterBot Whiskey reevaluating
2024-10-14 22:32:18.192580 Whiskey: Yes
ChatterBot Mike reevaluating
2024-10-14 22:32:18.206449 Oscar: We should drop Echo
2024-10-14 22:32:18.235985 Charlie: No
2024-10-14 22:32:18.236253 Yankee: Yes
2024-10-14 22:32:18.236457 Bravo: No
2024-10-14 22:32:18.236625 Victor: Yes
2024-10-14 22:32:18.237273 Tango: No
ChatterBot Tango reevaluating
ChatterBot Tango reevaluating
ChatterBot Charlie reevaluating
ChatterBot Bravo reevaluating
ChatterBot Tango reevaluating
ChatterBot Charlie reevaluating
ChatterBot Bravo reevaluating
2024-10-14 22:32:19.468298 Oscar: Charlie, sending you 6
2024-10-14 22:32:19.468630 Mike: X-ray, sending you 16
2024-10-14 22:32:19.469297 Echo: Charlie, Yankee and Oscar, sending you 3
2024-10-14 22:32:19.469584 Whiskey: Mike, sending you 8
2024-10-14 22:32:19.469789 X-ray: Mike, sending you 3
chatterbot Whiskey submitting transactions
chatterbot X-ray submitting transactions
chatterbot Echo submitting transactions
chatterbot Victor submitting transactions
chatterbot Mike submitting transactions
chatterbot Bravo submitting transactions
chatterbot Oscar submitting transactions
2024-10-14 22:32:19.635376 Oscar: Yankee, sending you 3
2024-10-14 22:32:19.636215 Mike: Echo and Whiskey, sending you 1
2024-10-14 22:32:19.636685 Echo: Bravo and Victor, sending you 4
2024-10-14 22:32:19.637784 Victor: Charlie, Yankee, Bravo and Oscar, sending you 4
2024-10-14 22:32:19.638272 Whiskey: X-ray, sending you 7
2024-10-14 22:32:19.639097 X-ray: Whiskey, sending you 4
2024-10-14 22:32:19.639430 Yankee: Charlie and Tango, sending you 2
chatterbot Tango submitting transactions
chatterbot Charlie submitting transactions
2024-10-14 22:32:19.640765 Oscar: Bravo, sending you 2
2024-10-14 22:32:19.641217 Echo: Tango, sending you 2
2024-10-14 22:32:19.642337 Victor: Tango, sending you 2
2024-10-14 22:32:19.732269 Bravo: Charlie, Victor and Tango, sending you 3
2024-10-14 22:32:19.732738 Yankee: Bravo, sending you 5
2024-10-14 22:32:19.733015 Charlie: Yankee, Oscar and Tango, sending you 3
2024-10-14 22:32:19.733737 Oscar: Victor and Tango, sending you 4
chatterbot Yankee submitting transactions
2024-10-14 22:32:19.747941 Bravo: Yankee, sending you 4
2024-10-14 22:32:19.748762 Yankee: Oscar, sending you 6
2024-10-14 22:32:19.749157 Charlie: Bravo, sending you 2
2024-10-14 22:32:19.749450 Oscar: Charlie did not give me 6 like they said
ChatterBot Charlie reevaluating
ChatterBot Yankee reevaluating
ChatterBot Bravo reevaluating
ChatterBot Victor reevaluating
ChatterBot Tango reevaluating
2024-10-14 22:32:19.770033 Oscar: Whiskey did not give me 1 like they said
ChatterBot Charlie reevaluating
ChatterBot Yankee reevaluating
ChatterBot Bravo reevaluating
ChatterBot Victor reevaluating
ChatterBot Tango reevaluating
ChatterBot Charlie round 3
ChatterBot Mike round 3
ChatterBot Yankee round 3
ChatterBot Bravo round 3
ChatterBot Oscar round 3
ChatterBot X-ray round 3
ChatterBot Victor round 3
ChatterBot Tango round 3
ChatterBot Echo round 3
ChatterBot Whiskey round 3
2024-10-14 22:32:19.812800 Victor: We should add Echo
ChatterBot Oscar reevaluating
ChatterBot Charlie reevaluating
ChatterBot Yankee reevaluating
ChatterBot Bravo reevaluating
ChatterBot Tango reevaluating
2024-10-14 22:32:19.830532 Oscar: Yes
2024-10-14 22:32:19.830697 Charlie: Yes
2024-10-14 22:32:19.830815 Yankee: Yes
2024-10-14 22:32:19.830938 Bravo: Yes
2024-10-14 22:32:19.831115 Tango: Yes
ChatterBot Charlie reevaluating
ChatterBot Yankee reevaluating
ChatterBot Bravo reevaluating
ChatterBot Victor reevaluating
ChatterBot Tango reevaluating
ChatterBot Oscar reevaluating
ChatterBot Yankee reevaluating
ChatterBot Bravo reevaluating
ChatterBot Victor reevaluating
ChatterBot Tango reevaluating
ChatterBot Oscar reevaluating
ChatterBot Charlie reevaluating
ChatterBot Bravo reevaluating
ChatterBot Victor reevaluating
ChatterBot Tango reevaluating
ChatterBot Oscar reevaluating
ChatterBot Charlie reevaluating
ChatterBot Yankee reevaluating
ChatterBot Victor reevaluating
ChatterBot Tango reevaluating
ChatterBot Oscar reevaluating
ChatterBot Charlie reevaluating
ChatterBot Yankee reevaluating
ChatterBot Bravo reevaluating
ChatterBot Victor reevaluating
2024-10-14 22:32:20.047674 Mike: We should replace Echo with Bravo
2024-10-14 22:32:20.056117 Whiskey: No
2024-10-14 22:32:20.056943 X-ray: No
ChatterBot Mike reevaluating
ChatterBot Mike reevaluating
2024-10-14 22:32:20.123843 Oscar: Echo we want you to join our group
2024-10-14 22:32:20.129393 Echo: Yes
ChatterBot Yankee reevaluating
ChatterBot Victor reevaluating
ChatterBot Oscar reevaluating
2024-10-14 22:32:20.159843 Mike: Bravo we want you to join our group
2024-10-14 22:32:20.164963 Bravo: No
ChatterBot Mike reevaluating
2024-10-14 22:32:20.179059 Mike: We should replace Echo with Charlie
2024-10-14 22:32:20.187886 Whiskey: No
2024-10-14 22:32:20.188271 X-ray: No
ChatterBot Mike reevaluating
ChatterBot Mike reevaluating
2024-10-14 22:32:20.211985 Victor: Echo we want you to join our group
2024-10-14 22:32:20.219110 Echo: Yes
ChatterBot Yankee reevaluating
2024-10-14 22:32:20.247561 Tango: Sending you each 2
2024-10-14 22:32:20.249042 Bravo: Charlie, Oscar, Tango and Echo, sending you 2
2024-10-14 22:32:20.250661 Charlie: Yankee, Bravo, Tango and Echo, sending you 2
2024-10-14 22:32:20.252399 X-ray: Mike, sending you 4
2024-10-14 22:32:20.253791 Whiskey: Mike, sending you 7
2024-10-14 22:32:20.254751 Echo: Charlie, Yankee and Oscar, sending you 3
2024-10-14 22:32:20.262620 Bravo: Yankee, sending you 4
2024-10-14 22:32:20.263768 Charlie: Oscar, sending you 6
2024-10-14 22:32:20.264951 Yankee: Echo we want you to join our group
2024-10-14 22:32:20.271562 Echo: Yes
ChatterBot Yankee reevaluating
2024-10-14 22:32:20.303018 X-ray: Whiskey, sending you 3
2024-10-14 22:32:20.303411 Whiskey: X-ray, sending you 8
2024-10-14 22:32:20.304302 Echo: Bravo and Victor, sending you 4
2024-10-14 22:32:20.304862 Bravo: Victor, sending you 3
2024-10-14 22:32:20.305245 Charlie: Victor, sending you 4
2024-10-14 22:32:20.322040 Echo: Tango, sending you 2
2024-10-14 22:32:20.323216 Victor: Charlie, sending you 5
2024-10-14 22:32:20.324171 Oscar: Charlie and Yankee, sending you 4
2024-10-14 22:32:20.327400 Mike: Bravo, sending you 1
2024-10-14 22:32:20.337994 Victor: Yankee and Tango, sending you 2
2024-10-14 22:32:20.338593 Oscar: Bravo, sending you 2
2024-10-14 22:32:20.339676 Mike: X-ray, sending you 9
2024-10-14 22:32:20.350455 Victor: Bravo, Oscar and Echo, sending you 3
2024-10-14 22:32:20.351610 Mike: Whiskey, sending you 8
2024-10-14 22:32:20.352007 Oscar: Victor, Tango and Echo, sending you 3
2024-10-14 22:32:20.364363 Yankee: Charlie, Victor and Echo, sending you 2
2024-10-14 22:32:20.375189 Yankee: Bravo and Oscar, sending you 4
2024-10-14 22:32:20.378664 Yankee: Tango, sending you 1
chatterbot Bravo submitting transactions
chatterbot Oscar submitting transactions
chatterbot Victor submitting transactions
chatterbot X-ray submitting transactions
chatterbot Yankee submitting transactions
chatterbot Tango submitting transactions
chatterbot Echo submitting transactions
chatterbot Whiskey submitting transactions
chatterbot Mike submitting transactions
chatterbot Charlie submitting transactions
ChatterBot Charlie round 4
ChatterBot Mike round 4
ChatterBot Yankee round 4
ChatterBot Bravo round 4
ChatterBot Oscar round 4
ChatterBot X-ray round 4
ChatterBot Victor round 4
ChatterBot Tango round 4
ChatterBot Echo round 4
ChatterBot Whiskey round 4
2024-10-14 22:32:21.401023 Mike: We should replace Bravo with Victor
2024-10-14 22:32:21.406452 Whiskey: No
2024-10-14 22:32:21.407166 X-ray: No
ChatterBot Mike reevaluating
ChatterBot Mike reevaluating
2024-10-14 22:32:21.447161 Mike: We should replace Bravo with Tango
2024-10-14 22:32:21.453330 Whiskey: No
2024-10-14 22:32:21.453504 X-ray: No
ChatterBot Mike reevaluating
ChatterBot Mike reevaluating
2024-10-14 22:32:21.471168 Yankee: Charlie, Tango and Echo, sending you 2
2024-10-14 22:32:21.472481 Mike: Tango we want you to join our group
2024-10-14 22:32:21.475906 Tango: No
ChatterBot Mike reevaluating
2024-10-14 22:32:21.485862 Yankee: Bravo and Oscar, sending you 4
2024-10-14 22:32:21.489959 Bravo: Charlie, Oscar and Tango, sending you 2
2024-10-14 22:32:21.490505 Yankee: Victor, sending you 1
2024-10-14 22:32:21.491439 Oscar: Charlie and Yankee, sending you 4
2024-10-14 22:32:21.491864 X-ray: Sending you each 3
2024-10-14 22:32:21.492176 Echo: Charlie, Yankee, Bravo, Oscar and Tango, sending you 3
2024-10-14 22:32:21.492971 Charlie: Yankee, Bravo, Tango and Echo, sending you 2
2024-10-14 22:32:21.493366 Tango: Same as last round
2024-10-14 22:32:21.494164 Victor: Charlie, sending you 4
2024-10-14 22:32:21.494603 Whiskey: Mike, sending you 7
2024-10-14 22:32:21.494909 Bravo: Yankee, Victor and Echo, sending you 3
2024-10-14 22:32:21.495840 Oscar: Bravo, sending you 2
2024-10-14 22:32:21.496367 Charlie: Oscar, sending you 4
2024-10-14 22:32:21.497295 Echo: Victor, sending you 4
2024-10-14 22:32:21.498803 Victor: Yankee, sending you 2
2024-10-14 22:32:21.500547 Whiskey: X-ray, sending you 8
2024-10-14 22:32:21.500877 Oscar: Victor, Tango and Echo, sending you 3
2024-10-14 22:32:21.502692 Charlie: Victor, sending you 6
2024-10-14 22:32:21.503112 Victor: Bravo, Oscar, Tango and Echo, sending you 3
2024-10-14 22:32:21.526788 Mike: X-ray, sending you 9
2024-10-14 22:32:21.550139 Mike: Tango, sending you 1
2024-10-14 22:32:21.802345 Mike: Whiskey, sending you 8
chatterbot X-ray submitting transactions
chatterbot Tango submitting transactions
chatterbot Victor submitting transactions
chatterbot Echo submitting transactions
chatterbot Whiskey submitting transactions
chatterbot Yankee submitting transactions
chatterbot Bravo submitting transactions
chatterbot Oscar submitting transactions
chatterbot Mike submitting transactions
chatterbot Charlie submitting transactions
ChatterBot Charlie round 5
ChatterBot Mike round 5
ChatterBot Yankee round 5
ChatterBot Bravo round 5
ChatterBot Oscar round 5
ChatterBot X-ray round 5
ChatterBot Victor round 5
ChatterBot Tango round 5
ChatterBot Echo round 5
ChatterBot Whiskey round 5
2024-10-14 22:32:22.629968 Mike: We should replace Tango with Bravo
2024-10-14 22:32:22.635500 Whiskey: No
2024-10-14 22:32:22.635694 X-ray: No
ChatterBot Mike reevaluating
ChatterBot Mike reevaluating
2024-10-14 22:32:22.666668 Mike: We should replace Tango with Echo
2024-10-14 22:32:22.671791 Whiskey: No
2024-10-14 22:32:22.671933 X-ray: No
ChatterBot Mike reevaluating
ChatterBot Mike reevaluating
2024-10-14 22:32:22.682764 Mike: We should replace Tango with Victor
2024-10-14 22:32:22.687980 Whiskey: No
2024-10-14 22:32:22.688150 X-ray: No
ChatterBot Mike reevaluating
ChatterBot Mike reevaluating
2024-10-14 22:32:22.703834 Yankee: Charlie, Victor, Tango and Echo, sending you 2
2024-10-14 22:32:22.706707 Oscar: Charlie and Yankee, sending you 4
2024-10-14 22:32:22.707696 Charlie: Yankee, Bravo and Tango, sending you 2
2024-10-14 22:32:22.708628 Bravo: Charlie, Oscar and Tango, sending you 2
2024-10-14 22:32:22.709207 Yankee: Bravo, sending you 3
2024-10-14 22:32:22.709637 Echo: Charlie, Yankee, Oscar, Victor and Tango, sending you 3
2024-10-14 22:32:22.710112 X-ray: Same as last round
2024-10-14 22:32:22.710376 Tango: Same as last round
2024-10-14 22:32:22.711254 Victor: Charlie, sending you 4
2024-10-14 22:32:22.711805 Mike: Bravo we want you to join our group
2024-10-14 22:32:22.714627 Bravo: No
ChatterBot Mike reevaluating
2024-10-14 22:32:22.722520 Oscar: Bravo, sending you 2
2024-10-14 22:32:22.723089 Charlie: Oscar, sending you 4
2024-10-14 22:32:22.724079 Echo: Bravo, sending you 4
2024-10-14 22:32:22.724568 Bravo: Yankee, Victor and Echo, sending you 3
2024-10-14 22:32:22.725031 Yankee: Oscar, sending you 4
2024-10-14 22:32:22.725491 Victor: Yankee, sending you 2
2024-10-14 22:32:22.726984 Oscar: Victor, Tango and Echo, sending you 3
2024-10-14 22:32:22.728665 Charlie: Victor, sending you 5
2024-10-14 22:32:22.729594 Whiskey: Mike, sending you 8
2024-10-14 22:32:22.730690 Victor: Bravo, Oscar, Tango and Echo, sending you 3
2024-10-14 22:32:22.733665 Charlie: Echo, sending you 3
2024-10-14 22:32:22.735218 Whiskey: X-ray, sending you 7
2024-10-14 22:32:22.743673 Mike: X-ray, sending you 8
2024-10-14 22:32:22.746670 Mike: Tango, sending you 1
2024-10-14 22:32:22.750682 Mike: Whiskey, sending you 9
chatterbot Bravo submitting transactions
chatterbot Whiskey submitting transactions
chatterbot Yankee submitting transactions
chatterbot Charlie submitting transactions
chatterbot Mike submitting transactions
chatterbot X-ray submitting transactions
chatterbot Oscar submitting transactions
chatterbot Echo submitting transactions
chatterbot Tango submitting transactions
chatterbot Victor submitting transactions
ChatterBot Charlie round 6
ChatterBot Mike round 6
ChatterBot Yankee round 6
ChatterBot Bravo round 6
2024-10-14 22:32:23.900184 Mike: We should replace Tango with Victor
2024-10-14 22:32:23.905536 Whiskey: No
2024-10-14 22:32:23.905734 X-ray: No
ChatterBot Mike reevaluating
ChatterBot Oscar round 6
ChatterBot X-ray round 6
ChatterBot Victor round 6
ChatterBot Tango round 6
ChatterBot Echo round 6
ChatterBot Whiskey round 6
2024-10-14 22:32:23.925258 Mike: We should replace Tango with Echo
2024-10-14 22:32:23.929685 Whiskey: No
2024-10-14 22:32:23.929860 X-ray: No
ChatterBot Mike reevaluating
ChatterBot Mike reevaluating
2024-10-14 22:32:23.958655 Yankee: Charlie, Victor, Tango and Echo, sending you 2
2024-10-14 22:32:23.960667 Mike: Echo we want you to join our group
2024-10-14 22:32:23.963783 Echo: No
ChatterBot Mike reevaluating
2024-10-14 22:32:23.972209 Yankee: Bravo, sending you 3
2024-10-14 22:32:23.976220 X-ray: Same as last round
2024-10-14 22:32:23.976583 Yankee: Oscar, sending you 4
2024-10-14 22:32:23.977208 Oscar: Charlie and Yankee, sending you 4
2024-10-14 22:32:23.977761 Bravo: Charlie, Oscar and Tango, sending you 2
2024-10-14 22:32:23.978871 Whiskey: Mike, sending you 8
2024-10-14 22:32:23.979183 Echo: Charlie, Yankee, Oscar, Victor and Tango, sending you 3
2024-10-14 22:32:23.979691 Tango: Same as last round
2024-10-14 22:32:23.980264 Charlie: Yankee, Bravo and Tango, sending you 2
2024-10-14 22:32:23.980764 Victor: Charlie, sending you 4
2024-10-14 22:32:23.981843 Mike: Victor we want you to join our group
2024-10-14 22:32:23.984793 Victor: No
ChatterBot Mike reevaluating
2024-10-14 22:32:23.993340 Oscar: Bravo, sending you 2
2024-10-14 22:32:23.993972 Bravo: Yankee, Victor and Echo, sending you 3
2024-10-14 22:32:23.994552 Whiskey: X-ray, sending you 7
2024-10-14 22:32:23.994925 Echo: Bravo, sending you 4
2024-10-14 22:32:23.996013 Charlie: Oscar, sending you 4
2024-10-14 22:32:23.996572 Victor: Yankee, sending you 2
2024-10-14 22:32:23.997661 Oscar: Victor, Tango and Echo, sending you 3
2024-10-14 22:32:23.999145 Charlie: Victor, sending you 5
2024-10-14 22:32:23.999847 Victor: Bravo, Oscar, Tango and Echo, sending you 3
2024-10-14 22:32:24.003915 Charlie: Echo, sending you 3
2024-10-14 22:32:24.020661 Mike: X-ray, sending you 8
2024-10-14 22:32:24.026050 Mike: Tango, sending you 1
2024-10-14 22:32:24.029662 Mike: Whiskey, sending you 9
chatterbot Tango submitting transactions
chatterbot Charlie submitting transactions
chatterbot Whiskey submitting transactions
chatterbot Victor submitting transactions
chatterbot Mike submitting transactions
chatterbot Oscar submitting transactions
chatterbot Bravo submitting transactions
chatterbot X-ray submitting transactions
chatterbot Yankee submitting transactions
chatterbot Echo submitting transactions
ChatterBot Charlie round 7
ChatterBot Mike round 7
ChatterBot Yankee round 7
ChatterBot Bravo round 7
ChatterBot Oscar round 7
ChatterBot X-ray round 7
ChatterBot Victor round 7
ChatterBot Tango round 7
ChatterBot Echo round 7
ChatterBot Whiskey round 7
2024-10-14 22:32:25.052738 Yankee: Charlie, Victor, Tango and Echo, sending you 2
2024-10-14 22:32:25.055686 Oscar: Charlie and Yankee, sending you 4
2024-10-14 22:32:25.057664 Bravo: Charlie, Oscar and Tango, sending you 2
2024-10-14 22:32:25.058671 Yankee: Bravo, sending you 3
2024-10-14 22:32:25.060692 Oscar: Bravo, sending you 2
2024-10-14 22:32:25.061663 Bravo: Yankee, Victor and Echo, sending you 3
2024-10-14 22:32:25.063112 Yankee: Oscar, sending you 4
2024-10-14 22:32:25.063851 Whiskey: Mike, sending you 8
2024-10-14 22:32:25.064707 Charlie: Yankee, Bravo and Tango, sending you 2
2024-10-14 22:32:25.065493 Oscar: Victor, Tango and Echo, sending you 3
2024-10-14 22:32:25.066226 Mike: X-ray, sending you 8
2024-10-14 22:32:25.069039 Whiskey: X-ray, sending you 7
2024-10-14 22:32:25.069670 X-ray: Same as last round
2024-10-14 22:32:25.069955 Charlie: Oscar, sending you 4
2024-10-14 22:32:25.070517 Tango: Same as last round
2024-10-14 22:32:25.071051 Victor: Charlie, sending you 4
2024-10-14 22:32:25.071621 Mike: Tango, sending you 1
2024-10-14 22:32:25.072660 Charlie: Victor, sending you 5
2024-10-14 22:32:25.074663 Victor: Yankee, sending you 2
2024-10-14 22:32:25.075661 Mike: Whiskey, sending you 9
2024-10-14 22:32:25.076660 Echo: Charlie, Yankee, Oscar, Victor and Tango, sending you 3
2024-10-14 22:32:25.078050 Charlie: Echo, sending you 3
2024-10-14 22:32:25.079672 Victor: Bravo, Oscar, Tango and Echo, sending you 3
2024-10-14 22:32:25.080504 Echo: Bravo, sending you 4
chatterbot Bravo submitting transactions
chatterbot Oscar submitting transactions
chatterbot Tango submitting transactions
chatterbot Charlie submitting transactions
chatterbot Whiskey submitting transactions
chatterbot Victor submitting transactions
chatterbot Mike submitting transactions
chatterbot Yankee submitting transactions
chatterbot Echo submitting transactions
chatterbot X-ray submitting transactions
ChatterBot Charlie round 8
ChatterBot Mike round 8
ChatterBot Yankee round 8
ChatterBot Bravo round 8
ChatterBot Oscar round 8
ChatterBot X-ray round 8
ChatterBot Victor round 8
ChatterBot Tango round 8
ChatterBot Echo round 8
ChatterBot Whiskey round 8
2024-10-14 22:32:26.214164 Mike: We should replace Tango with Oscar
2024-10-14 22:32:26.217464 Whiskey: No
2024-10-14 22:32:26.217597 X-ray: No
ChatterBot Mike reevaluating
ChatterBot Mike reevaluating
2024-10-14 22:32:26.241993 Mike: We should replace Tango with Victor
2024-10-14 22:32:26.245349 Whiskey: No
2024-10-14 22:32:26.245477 X-ray: No
ChatterBot Mike reevaluating
ChatterBot Mike reevaluating
2024-10-14 22:32:26.253573 Mike: We should replace Tango with Echo
2024-10-14 22:32:26.257276 Whiskey: No
2024-10-14 22:32:26.257399 X-ray: No
ChatterBot Mike reevaluating
ChatterBot Mike reevaluating
2024-10-14 22:32:26.267658 Yankee: Charlie, Victor, Tango and Echo, sending you 2
2024-10-14 22:32:26.269021 Bravo: Charlie, Oscar and Tango, sending you 2
2024-10-14 22:32:26.270342 Charlie: Yankee, Bravo and Tango, sending you 2
2024-10-14 22:32:26.271601 Victor: Charlie, sending you 4
2024-10-14 22:32:26.272675 Whiskey: Mike, sending you 8
2024-10-14 22:32:26.273159 Tango: Same as last round
2024-10-14 22:32:26.273931 Yankee: Bravo, sending you 3
2024-10-14 22:32:26.274555 Bravo: Yankee, Victor and Echo, sending you 3
2024-10-14 22:32:26.275124 Charlie: Oscar, sending you 4
2024-10-14 22:32:26.276263 X-ray: Same as last round
2024-10-14 22:32:26.276555 Echo: Charlie, Yankee, Oscar, Victor and Tango, sending you 3
2024-10-14 22:32:26.277159 Whiskey: X-ray, sending you 7
2024-10-14 22:32:26.277493 Victor: Yankee, sending you 2
2024-10-14 22:32:26.278245 Yankee: Oscar, sending you 4
2024-10-14 22:32:26.278995 Oscar: Charlie and Yankee, sending you 4
2024-10-14 22:32:26.280659 Charlie: Victor, sending you 5
2024-10-14 22:32:26.281380 Echo: Bravo, sending you 4
2024-10-14 22:32:26.282669 Victor: Bravo, Oscar, Tango and Echo, sending you 3
2024-10-14 22:32:26.283704 Oscar: Bravo, sending you 2
2024-10-14 22:32:26.284472 Charlie: Echo, sending you 3
2024-10-14 22:32:26.287671 Oscar: Victor, Tango and Echo, sending you 3
2024-10-14 22:32:26.292673 Mike: X-ray, sending you 7
2024-10-14 22:32:26.296684 Mike: Tango, sending you 1
2024-10-14 22:32:26.300681 Mike: Whiskey, sending you 10
chatterbot Bravo submitting transactions
chatterbot Charlie submitting transactions
chatterbot Echo submitting transactions
chatterbot Tango submitting transactions
chatterbot Whiskey submitting transactions
chatterbot Victor submitting transactions
chatterbot X-ray submitting transactions
chatterbot Yankee submitting transactions
chatterbot Mike submitting transactions
chatterbot Oscar submitting transactions
ChatterBot Charlie round 9
ChatterBot Mike round 9
ChatterBot Yankee round 9
ChatterBot Bravo round 9
ChatterBot Oscar round 9
ChatterBot X-ray round 9
ChatterBot Victor round 9
ChatterBot Tango round 9
ChatterBot Echo round 9
ChatterBot Whiskey round 9
2024-10-14 22:32:27.500675 Mike: X-ray, sending you 7
2024-10-14 22:32:27.501122 Yankee: Charlie, Victor, Tango and Echo, sending you 2
2024-10-14 22:32:27.504663 Mike: Tango, sending you 1
2024-10-14 22:32:27.505068 Yankee: Bravo, sending you 3
2024-10-14 22:32:27.508666 Mike: Whiskey, sending you 10
2024-10-14 22:32:27.509135 Yankee: Oscar, sending you 4
2024-10-14 22:32:27.510350 Bravo: Charlie, Oscar and Tango, sending you 2
2024-10-14 22:32:27.511082 Oscar: Charlie and Yankee, sending you 4
2024-10-14 22:32:27.513675 X-ray: Same as last round
2024-10-14 22:32:27.514682 Bravo: Yankee, Victor and Echo, sending you 3
2024-10-14 22:32:27.515675 Oscar: Bravo, sending you 2
2024-10-14 22:32:27.516711 Charlie: Yankee, Bravo and Tango, sending you 2
2024-10-14 22:32:27.517777 Echo: Charlie, Yankee, Oscar, Victor and Tango, sending you 3
2024-10-14 22:32:27.519118 Whiskey: Mike, sending you 8
2024-10-14 22:32:27.519668 Victor: Charlie, sending you 4
2024-10-14 22:32:27.520880 Oscar: Victor, Tango and Echo, sending you 3
2024-10-14 22:32:27.521641 Tango: Same as last round
2024-10-14 22:32:27.522316 Whiskey: X-ray, sending you 7
2024-10-14 22:32:27.522698 Charlie: Oscar, sending you 4
2024-10-14 22:32:27.523776 Echo: Bravo, sending you 4
2024-10-14 22:32:27.524671 Victor: Yankee, sending you 2
2024-10-14 22:32:27.526665 Charlie: Victor, sending you 5
2024-10-14 22:32:27.527661 Victor: Bravo, Oscar, Tango and Echo, sending you 3
2024-10-14 22:32:27.531680 Charlie: Echo, sending you 3
chatterbot Tango submitting transactions
chatterbot X-ray submitting transactions
chatterbot Victor submitting transactions
chatterbot Bravo submitting transactions
chatterbot Mike submitting transactions
chatterbot Whiskey submitting transactions
chatterbot Oscar submitting transactions
chatterbot Echo submitting transactions
chatterbot Charlie submitting transactions
chatterbot Yankee submitting transactions
ChatterBot Charlie round 10
ChatterBot Mike round 10
ChatterBot Yankee round 10
ChatterBot Bravo round 10
ChatterBot Oscar round 10
ChatterBot X-ray round 10
ChatterBot Victor round 10
ChatterBot Tango round 10
ChatterBot Echo round 10
ChatterBot Whiskey round 10
2024-10-14 22:32:28.414699 Bravo: Charlie, Oscar and Tango, sending you 2
2024-10-14 22:32:28.416430 X-ray: Same as last round
2024-10-14 22:32:28.416883 Mike: X-ray, sending you 7
2024-10-14 22:32:28.418667 Charlie: Yankee, Bravo and Tango, sending you 2
2024-10-14 22:32:28.420748 Yankee: Charlie, Victor, Tango and Echo, sending you 2
2024-10-14 22:32:28.421592 Bravo: Yankee, Victor and Echo, sending you 3
2024-10-14 22:32:28.422991 Mike: Tango, sending you 1
2024-10-14 22:32:28.423400 Tango: Same as last round
2024-10-14 22:32:28.424261 Whiskey: Mike, sending you 8
2024-10-14 22:32:28.424561 Yankee: Bravo, sending you 3
2024-10-14 22:32:28.425294 Victor: Charlie, sending you 4
2024-10-14 22:32:28.426868 Charlie: Oscar, sending you 4
2024-10-14 22:32:28.427655 Echo: Charlie, Yankee, Oscar, Victor and Tango, sending you 3
2024-10-14 22:32:28.428479 Mike: Whiskey, sending you 10
2024-10-14 22:32:28.429336 Oscar: Charlie and Yankee, sending you 4
2024-10-14 22:32:28.430046 Whiskey: X-ray, sending you 7
2024-10-14 22:32:28.430376 Yankee: Oscar, sending you 4
2024-10-14 22:32:28.431131 Charlie: Victor, sending you 5
2024-10-14 22:32:28.432297 Victor: Yankee, sending you 2
2024-10-14 22:32:28.433120 Echo: Bravo, sending you 4
2024-10-14 22:32:28.435165 Oscar: Bravo, sending you 2
2024-10-14 22:32:28.437007 Charlie: Echo, sending you 3
2024-10-14 22:32:28.439008 Victor: Bravo, Oscar, Tango and Echo, sending you 3
2024-10-14 22:32:28.441137 Oscar: Victor, Tango and Echo, sending you 3
chatterbot Whiskey submitting transactions
chatterbot Victor submitting transactions
chatterbot Mike submitting transactions
chatterbot Yankee submitting transactions
chatterbot Bravo submitting transactions
chatterbot Echo submitting transactions
chatterbot X-ray submitting transactions
chatterbot Tango submitting transactions
chatterbot Oscar submitting transactions
chatterbot Charlie submitting transactions
ChatterBot Charlie round 11
ChatterBot Mike round 11
ChatterBot Yankee round 11
ChatterBot Bravo round 11
ChatterBot Oscar round 11
ChatterBot X-ray round 11
ChatterBot Victor round 11
ChatterBot Tango round 11
ChatterBot Echo round 11
ChatterBot Whiskey round 11
2024-10-14 22:32:29.643660 Bravo: Charlie, Oscar and Tango, sending you 2
2024-10-14 22:32:29.645447 Victor: Charlie, sending you 4
2024-10-14 22:32:29.646683 Echo: Charlie, Yankee, Oscar, Victor and Tango, sending you 3
2024-10-14 22:32:29.648604 Yankee: Charlie, Victor, Tango and Echo, sending you 2
2024-10-14 22:32:29.650273 Bravo: Yankee, Victor and Echo, sending you 3
2024-10-14 22:32:29.652224 Mike: X-ray, sending you 7
2024-10-14 22:32:29.652967 Victor: Yankee, sending you 2
2024-10-14 22:32:29.654597 Tango: Same as last round
2024-10-14 22:32:29.655518 Oscar: Charlie and Yankee, sending you 4
2024-10-14 22:32:29.656270 Echo: Bravo, sending you 4
2024-10-14 22:32:29.657083 Yankee: Bravo, sending you 3
2024-10-14 22:32:29.658424 Mike: Tango, sending you 1
2024-10-14 22:32:29.658736 Whiskey: Mike, sending you 8
2024-10-14 22:32:29.659274 Charlie: Yankee, Bravo and Tango, sending you 2
2024-10-14 22:32:29.660055 X-ray: Same as last round
2024-10-14 22:32:29.660886 Victor: Bravo, Oscar, Tango and Echo, sending you 3
2024-10-14 22:32:29.661774 Oscar: Bravo, sending you 2
2024-10-14 22:32:29.662767 Yankee: Oscar, sending you 4
2024-10-14 22:32:29.664079 Mike: Whiskey, sending you 10
2024-10-14 22:32:29.664376 Charlie: Oscar, sending you 4
2024-10-14 22:32:29.665298 Whiskey: X-ray, sending you 7
2024-10-14 22:32:29.667682 Oscar: Victor, Tango and Echo, sending you 3
2024-10-14 22:32:29.668930 Charlie: Victor, sending you 5
2024-10-14 22:32:29.673102 Charlie: Echo, sending you 3
chatterbot Tango submitting transactions
chatterbot Bravo submitting transactions
chatterbot Mike submitting transactions
chatterbot Victor submitting transactions
chatterbot Whiskey submitting transactions
chatterbot Charlie submitting transactions
chatterbot Oscar submitting transactions
chatterbot X-ray submitting transactions
chatterbot Echo submitting transactions
chatterbot Yankee submitting transactions
ChatterBot Charlie round 12
ChatterBot Mike round 12
ChatterBot Yankee round 12
ChatterBot Bravo round 12
ChatterBot Oscar round 12
ChatterBot X-ray round 12
ChatterBot Victor round 12
ChatterBot Tango round 12
ChatterBot Echo round 12
ChatterBot Whiskey round 12
2024-10-14 22:32:30.805195 Charlie: Yankee, Bravo and Tango, sending you 2
2024-10-14 22:32:30.811147 Charlie: Oscar, sending you 4
2024-10-14 22:32:30.813691 Victor: Charlie, sending you 4
2024-10-14 22:32:30.815672 Bravo: Charlie, Oscar and Tango, sending you 2
2024-10-14 22:32:30.816829 Tango: Same as last round
2024-10-14 22:32:30.819222 Charlie: Victor, sending you 5
2024-10-14 22:32:30.821023 Echo: Charlie, Yankee, Oscar, Victor and Tango, sending you 3
2024-10-14 22:32:30.822370 Oscar: Charlie and Yankee, sending you 4
2024-10-14 22:32:30.824460 Whiskey: Mike, sending you 8
2024-10-14 22:32:30.824934 Victor: Yankee, sending you 2
2024-10-14 22:32:30.825757 Bravo: Yankee, Victor and Echo, sending you 3
2024-10-14 22:32:30.827262 Mike: X-ray, sending you 7
2024-10-14 22:32:30.827674 X-ray: Same as last round
2024-10-14 22:32:30.828347 Charlie: Echo, sending you 3
2024-10-14 22:32:30.830239 Yankee: Charlie, Victor, Tango and Echo, sending you 2
2024-10-14 22:32:30.831966 Echo: Bravo, sending you 4
2024-10-14 22:32:30.833580 Oscar: Bravo, sending you 2
2024-10-14 22:32:30.835435 Whiskey: X-ray, sending you 7
2024-10-14 22:32:30.836022 Victor: Bravo, Oscar, Tango and Echo, sending you 3
2024-10-14 22:32:30.837510 Mike: Tango, sending you 1
2024-10-14 22:32:30.838096 Yankee: Bravo, sending you 3
2024-10-14 22:32:30.839319 Oscar: Victor, Tango and Echo, sending you 3
2024-10-14 22:32:30.842750 Mike: Whiskey, sending you 10
2024-10-14 22:32:30.843691 Yankee: Oscar, sending you 4
chatterbot Tango submitting transactions
chatterbot Victor submitting transactions
chatterbot Bravo submitting transactions
chatterbot Whiskey submitting transactions
chatterbot Mike submitting transactions
chatterbot X-ray submitting transactions
chatterbot Yankee submitting transactions
chatterbot Oscar submitting transactions
chatterbot Echo submitting transactions
chatterbot Charlie submitting transactions
ChatterBot Charlie round 13
ChatterBot Mike round 13
ChatterBot Yankee round 13
ChatterBot Bravo round 13
ChatterBot Oscar round 13
ChatterBot X-ray round 13
ChatterBot Victor round 13
ChatterBot Tango round 13
ChatterBot Echo round 13
ChatterBot Whiskey round 13
2024-10-14 22:32:31.864922 Mike: We should replace Tango with Charlie
2024-10-14 22:32:31.870047 Whiskey: No
2024-10-14 22:32:31.870251 X-ray: No
ChatterBot Mike reevaluating
ChatterBot Mike reevaluating
2024-10-14 22:32:31.906731 Bravo: Charlie, Oscar and Tango, sending you 2
2024-10-14 22:32:31.908704 Tango: Same as last round
2024-10-14 22:32:31.912609 Bravo: Yankee, Victor and Echo, sending you 3
2024-10-14 22:32:31.913491 Yankee: Charlie, Victor, Tango and Echo, sending you 2
2024-10-14 22:32:31.914646 Oscar: Charlie and Yankee, sending you 4
2024-10-14 22:32:31.915677 Echo: Charlie, Yankee, Oscar, Victor and Tango, sending you 3
2024-10-14 22:32:31.916597 Charlie: Yankee, Bravo and Tango, sending you 2
2024-10-14 22:32:31.917695 X-ray: Same as last round
2024-10-14 22:32:31.918883 Victor: Charlie, sending you 4
2024-10-14 22:32:31.920140 Mike: X-ray, sending you 7
2024-10-14 22:32:31.920517 Yankee: Bravo, sending you 3
2024-10-14 22:32:31.921421 Oscar: Bravo, sending you 2
2024-10-14 22:32:31.922307 Whiskey: Mike, sending you 8
2024-10-14 22:32:31.922637 Charlie: Oscar, sending you 4
2024-10-14 22:32:31.924041 Echo: Bravo, sending you 4
2024-10-14 22:32:31.924968 Victor: Yankee, sending you 2
2024-10-14 22:32:31.925860 Mike: Tango, sending you 1
2024-10-14 22:32:31.926221 Yankee: Oscar, sending you 4
2024-10-14 22:32:31.927129 Oscar: Victor, Tango and Echo, sending you 3
2024-10-14 22:32:31.928673 Whiskey: X-ray, sending you 7
2024-10-14 22:32:31.929014 Charlie: Victor, sending you 5
2024-10-14 22:32:31.929860 Victor: Bravo, Oscar, Tango and Echo, sending you 3
2024-10-14 22:32:31.930813 Mike: Whiskey, sending you 10
2024-10-14 22:32:31.933656 Charlie: Echo, sending you 3
chatterbot Yankee submitting transactions
chatterbot Tango submitting transactions
chatterbot Whiskey submitting transactions
chatterbot Oscar submitting transactions
chatterbot Echo submitting transactions
chatterbot Victor submitting transactions
chatterbot Charlie submitting transactions
chatterbot Bravo submitting transactions
chatterbot Mike submitting transactions
chatterbot X-ray submitting transactions
ChatterBot Charlie round 14
ChatterBot Mike round 14
ChatterBot Yankee round 14
ChatterBot Bravo round 14
ChatterBot Oscar round 14
ChatterBot X-ray round 14
ChatterBot Victor round 14
ChatterBot Tango round 14
2024-10-14 22:32:33.114105 Mike: We should replace Tango with Oscar
2024-10-14 22:32:33.120386 Whiskey: No
2024-10-14 22:32:33.120846 X-ray: No
ChatterBot Mike reevaluating
ChatterBot Mike reevaluating
ChatterBot Echo round 14
ChatterBot Whiskey round 14
2024-10-14 22:32:33.183692 X-ray: Same as last round
2024-10-14 22:32:33.189668 Yankee: Charlie, Victor, Tango and Echo, sending you 2
2024-10-14 22:32:33.191679 Echo: Charlie, Yankee, Oscar, Victor and Tango, sending you 3
2024-10-14 22:32:33.193857 Victor: Charlie, sending you 4
2024-10-14 22:32:33.196484 Charlie: Yankee, Bravo and Tango, sending you 2
2024-10-14 22:32:33.198696 Tango: Same as last round
2024-10-14 22:32:33.200193 Yankee: Bravo, sending you 3
2024-10-14 22:32:33.202279 Oscar: Charlie and Yankee, sending you 4
2024-10-14 22:32:33.203774 Echo: Bravo, sending you 4
2024-10-14 22:32:33.205253 Victor: Yankee, sending you 2
2024-10-14 22:32:33.206990 Whiskey: Mike, sending you 8
2024-10-14 22:32:33.207450 Charlie: Oscar, sending you 4
2024-10-14 22:32:33.208651 Yankee: Oscar, sending you 4
2024-10-14 22:32:33.209947 Bravo: Charlie, Oscar and Tango, sending you 2
2024-10-14 22:32:33.211284 Mike: X-ray, sending you 7
2024-10-14 22:32:33.211792 Oscar: Bravo, sending you 2
2024-10-14 22:32:33.213806 Whiskey: X-ray, sending you 7
2024-10-14 22:32:33.214464 Charlie: Victor, sending you 5
2024-10-14 22:32:33.215866 Victor: Bravo, Oscar, Tango and Echo, sending you 3
2024-10-14 22:32:33.217482 Bravo: Yankee, Victor and Echo, sending you 3
2024-10-14 22:32:33.219362 Mike: Tango, sending you 1
2024-10-14 22:32:33.219993 Oscar: Victor, Tango and Echo, sending you 3
2024-10-14 22:32:33.221147 Charlie: Echo, sending you 3
2024-10-14 22:32:33.224658 Mike: Whiskey, sending you 10
chatterbot Charlie submitting transactions
chatterbot Bravo submitting transactions
chatterbot Oscar submitting transactions
chatterbot Mike submitting transactions
chatterbot Tango submitting transactions
chatterbot X-ray submitting transactions
chatterbot Yankee submitting transactions
chatterbot Echo submitting transactions
