ChatterBot Lima round 1
ChatterBot Yankee round 1
ChatterBot Golf round 1
ChatterBot Uniform round 1
ChatterBot Whiskey round 1
ChatterBot Tango round 1
ChatterBot November round 1
ChatterBot Juliett round 1
ChatterBot Romeo round 1
ChatterBot Echo round 1
randomSelections Yankee: {Yankee, Lima, Echo, Tango, November, Romeo} 
2024-10-14 22:32:16.967392 Yankee: We should group up
ChatterBot Lima reevaluating
ChatterBot Echo reevaluating
ChatterBot Tango reevaluating
ChatterBot November reevaluating
ChatterBot Romeo reevaluating
2024-10-14 22:32:16.983221 Lima: Yes
2024-10-14 22:32:16.983399 Echo: Yes
2024-10-14 22:32:16.983541 Tango: Yes
2024-10-14 22:32:16.983708 November: Yes
2024-10-14 22:32:16.984549 Romeo: Yes
ChatterBot Echo reevaluating
ChatterBot Tango reevaluating
ChatterBot November reevaluating
ChatterBot Romeo reevaluating
ChatterBot Lima reevaluating
ChatterBot Tango reevaluating
ChatterBot November reevaluating
ChatterBot Romeo reevaluating
ChatterBot Lima reevaluating
ChatterBot Echo reevaluating
ChatterBot November reevaluating
ChatterBot Romeo reevaluating
ChatterBot Lima reevaluating
ChatterBot Echo reevaluating
ChatterBot Tango reevaluating
ChatterBot Romeo reevaluating
ChatterBot Lima reevaluating
ChatterBot Echo reevaluating
ChatterBot Tango reevaluating
ChatterBot November reevaluating
randomSelections Golf: {Golf, Echo, Lima, Uniform, Whiskey, Romeo} 
2024-10-14 22:32:17.056399 Golf: Friends?
ChatterBot Echo reevaluating
ChatterBot Lima reevaluating
ChatterBot Uniform reevaluating
ChatterBot Whiskey reevaluating
ChatterBot Romeo reevaluating
2024-10-14 22:32:17.070396 Echo: No
2024-10-14 22:32:17.070651 Lima: No
2024-10-14 22:32:17.070840 Uniform: Yes
2024-10-14 22:32:17.070990 Whiskey: Yes
2024-10-14 22:32:17.071130 Romeo: No
ChatterBot Lima reevaluating
ChatterBot Uniform reevaluating
ChatterBot Whiskey reevaluating
ChatterBot Romeo reevaluating
ChatterBot Echo reevaluating
ChatterBot Uniform reevaluating
ChatterBot Whiskey reevaluating
ChatterBot Romeo reevaluating
ChatterBot Echo reevaluating
ChatterBot Lima reevaluating
ChatterBot Whiskey reevaluating
ChatterBot Romeo reevaluating
ChatterBot Echo reevaluating
ChatterBot Lima reevaluating
ChatterBot Uniform reevaluating
ChatterBot Romeo reevaluating
ChatterBot Echo reevaluating
ChatterBot Lima reevaluating
ChatterBot Uniform reevaluating
ChatterBot Whiskey reevaluating
randomSelections Juliett: {Juliett, Romeo, Uniform, November, Tango, Golf, Whiskey} 
2024-10-14 22:32:17.140263 Juliett: Friends?
ChatterBot Romeo reevaluating
ChatterBot Uniform reevaluating
ChatterBot November reevaluating
ChatterBot Tango reevaluating
ChatterBot Whiskey reevaluating
2024-10-14 22:32:17.153769 Romeo: No
2024-10-14 22:32:17.153956 Uniform: No
2024-10-14 22:32:17.154123 November: No
2024-10-14 22:32:17.154839 Tango: No
2024-10-14 22:32:17.155060 Golf: No
2024-10-14 22:32:17.155191 Whiskey: No
ChatterBot Uniform reevaluating
ChatterBot November reevaluating
ChatterBot Tango reevaluating
ChatterBot Whiskey reevaluating
ChatterBot Romeo reevaluating
ChatterBot November reevaluating
ChatterBot Tango reevaluating
ChatterBot Whiskey reevaluating
ChatterBot Romeo reevaluating
ChatterBot Uniform reevaluating
ChatterBot Tango reevaluating
ChatterBot Whiskey reevaluating
ChatterBot Romeo reevaluating
ChatterBot Uniform reevaluating
ChatterBot November reevaluating
ChatterBot Whiskey reevaluating
ChatterBot Romeo reevaluating
ChatterBot Uniform reevaluating
ChatterBot November reevaluating
ChatterBot Tango reevaluating
ChatterBot Whiskey reevaluating
ChatterBot Romeo reevaluating
ChatterBot Uniform reevaluating
ChatterBot November reevaluating
ChatterBot Tango reevaluating
2024-10-14 22:32:17.219704 Yankee: Lima and Tango, sending you 2
2024-10-14 22:32:17.222700 Whiskey: Lima and Romeo, sending you 2
2024-10-14 22:32:17.223075 Yankee: November, sending you 4
2024-10-14 22:32:17.224725 Tango: Lima, sending you 3
2024-10-14 22:32:17.225660 Whiskey: Golf, sending you 5
2024-10-14 22:32:17.226700 Lima: Yankee, sending you 1
2024-10-14 22:32:17.227692 Yankee: Romeo, sending you 6
2024-10-14 22:32:17.228072 November: Lima, Yankee and Romeo, sending you 3
2024-10-14 22:32:17.229123 Tango: Yankee and November, sending you 2
2024-10-14 22:32:17.229699 Whiskey: Uniform and Echo, sending you 3
2024-10-14 22:32:17.230687 Uniform: Lima, sending you 3
2024-10-14 22:32:17.230932 Lima: Tango, sending you 3
2024-10-14 22:32:17.231146 Yankee: Echo, sending you 3
2024-10-14 22:32:17.232998 Golf: Lima, Whiskey and Echo, sending you 4
2024-10-14 22:32:17.233451 Juliett: Golf, sending you 5
2024-10-14 22:32:17.233816 November: Tango, sending you 2
2024-10-14 22:32:17.234171 Tango: Romeo, sending you 7
2024-10-14 22:32:17.234509 Echo: Lima, sending you 4
2024-10-14 22:32:17.234855 Uniform: Golf and Whiskey, sending you 1
2024-10-14 22:32:17.235227 Romeo: Lima and Tango, sending you 2
2024-10-14 22:32:17.235701 Lima: November, sending you 6
2024-10-14 22:32:17.235958 Golf: Uniform, sending you 2
2024-10-14 22:32:17.237663 Romeo: Yankee and Echo, sending you 3
2024-10-14 22:32:17.238656 Juliett: Uniform, Tango, November and Romeo, sending you 2
2024-10-14 22:32:17.238998 November: Echo, sending you 4
2024-10-14 22:32:17.239316 Tango: Echo, sending you 4
2024-10-14 22:32:17.239558 Uniform: Romeo and Echo, sending you 2
2024-10-14 22:32:17.239870 Lima: Romeo, sending you 2
2024-10-14 22:32:17.240150 Golf: Romeo, sending you 1
2024-10-14 22:32:17.240402 Echo: Yankee, sending you 6
2024-10-14 22:32:17.240701 Romeo: November, sending you 6
2024-10-14 22:32:17.242653 Juliett: Whiskey, sending you 4
2024-10-14 22:32:17.244682 Lima: Echo, sending you 4
2024-10-14 22:32:17.245686 Echo: Tango, sending you 2
2024-10-14 22:32:17.248674 Echo: November, sending you 5
2024-10-14 22:32:17.253646 Echo: Romeo, sending you 1
chatterbot Uniform submitting transactions
chatterbot Golf submitting transactions
chatterbot Juliett submitting transactions
chatterbot Echo submitting transactions
chatterbot Yankee submitting transactions
chatterbot Lima submitting transactions
chatterbot November submitting transactions
chatterbot Romeo submitting transactions
chatterbot Whiskey submitting transactions
chatterbot Tango submitting transactions
ChatterBot Lima round 2
ChatterBot Yankee round 2
ChatterBot Golf round 2
ChatterBot Uniform round 2
ChatterBot Whiskey round 2
ChatterBot Tango round 2
ChatterBot November round 2
2024-10-14 22:32:19.829442 Uniform: We would work well together
ChatterBot Golf reevaluating
ChatterBot Whiskey reevaluating
ChatterBot Juliett reevaluating
2024-10-14 22:32:19.863941 Golf: No
2024-10-14 22:32:19.864217 Whiskey: No
2024-10-14 22:32:19.864399 Juliett: No
2024-10-14 22:32:19.864565 Lima: No
ChatterBot Uniform reevaluating
ChatterBot Whiskey reevaluating
ChatterBot Juliett reevaluating
ChatterBot Uniform reevaluating
ChatterBot Golf reevaluating
ChatterBot Juliett reevaluating
ChatterBot Uniform reevaluating
ChatterBot Golf reevaluating
ChatterBot Whiskey reevaluating
ChatterBot Uniform reevaluating
ChatterBot Golf reevaluating
ChatterBot Whiskey reevaluating
ChatterBot Juliett reevaluating
2024-10-14 22:32:20.082468 Whiskey: Group up?
ChatterBot Golf reevaluating
2024-10-14 22:32:20.091994 Golf: Yes
ChatterBot Uniform reevaluating
ChatterBot Juliett reevaluating
2024-10-14 22:32:20.118084 Uniform: Yes
2024-10-14 22:32:20.118383 Juliett: No
ChatterBot Uniform reevaluating
ChatterBot Whiskey reevaluating
ChatterBot Juliett reevaluating
ChatterBot Golf reevaluating
ChatterBot Whiskey reevaluating
ChatterBot Juliett reevaluating
ChatterBot Golf reevaluating
ChatterBot Uniform reevaluating
ChatterBot Whiskey reevaluating
ChatterBot Juliett round 2
ChatterBot Romeo round 2
ChatterBot Echo round 2
2024-10-14 22:32:20.223098 Uniform: Golf, Juliett and Romeo, sending you 2
2024-10-14 22:32:20.348752 Lima: Yankee and Romeo, sending you 2
2024-10-14 22:32:20.349230 Golf: Uniform, sending you 3
2024-10-14 22:32:20.350039 Uniform: Whiskey, sending you 3
2024-10-14 22:32:20.359149 Whiskey: Golf and Juliett, sending you 6
2024-10-14 22:32:20.359503 Tango: Lima, sending you 5
2024-10-14 22:32:20.359976 Romeo: Lima and Echo, sending you 2
2024-10-14 22:32:20.360997 November: Lima and Romeo, sending you 4
2024-10-14 22:32:20.361491 Lima: Tango and November, sending you 3
2024-10-14 22:32:20.362055 Golf: Whiskey and Juliett, sending you 6
2024-10-14 22:32:20.362886 Juliett: Golf and Uniform, sending you 6
2024-10-14 22:32:20.363260 Yankee: Lima, Tango, November and Romeo, sending you 3
2024-10-14 22:32:20.364294 Whiskey: Uniform, sending you 3
2024-10-14 22:32:20.364636 Tango: Yankee, November and Romeo, sending you 4
2024-10-14 22:32:20.365110 Romeo: Yankee, sending you 4
2024-10-14 22:32:20.365999 Lima: Echo, sending you 6
2024-10-14 22:32:20.366414 November: Yankee and Echo, sending you 3
2024-10-14 22:32:20.367280 Juliett: Whiskey, sending you 5
2024-10-14 22:32:20.376498 Yankee: Echo, sending you 5
2024-10-14 22:32:20.376998 Tango: Echo, sending you 2
2024-10-14 22:32:20.377920 Romeo: Tango, sending you 5
2024-10-14 22:32:20.378394 November: Tango, sending you 1
2024-10-14 22:32:20.383262 Echo: Lima, sending you 5
2024-10-14 22:32:20.384335 Romeo: November, sending you 3
2024-10-14 22:32:20.390481 Echo: Yankee and Romeo, sending you 3
2024-10-14 22:32:20.395917 Echo: Tango and November, sending you 4
chatterbot Yankee submitting transactions
chatterbot Juliett submitting transactions
chatterbot Echo submitting transactions
chatterbot Golf submitting transactions
chatterbot Uniform submitting transactions
chatterbot Romeo submitting transactions
chatterbot November submitting transactions
chatterbot Lima submitting transactions
chatterbot Tango submitting transactions
chatterbot Whiskey submitting transactions
ChatterBot Lima round 3
ChatterBot Yankee round 3
ChatterBot Golf round 3
ChatterBot Uniform round 3
ChatterBot Whiskey round 3
ChatterBot Tango round 3
ChatterBot November round 3
ChatterBot Juliett round 3
ChatterBot Romeo round 3
ChatterBot Echo round 3
2024-10-14 22:32:21.485853 Yankee: Lima, Tango, November and Romeo, sending you 3
2024-10-14 22:32:21.486800 Echo: Lima, sending you 5
2024-10-14 22:32:21.487421 Lima: Yankee, sending you 2
2024-10-14 22:32:21.488203 Juliett: Golf and Whiskey, sending you 6
2024-10-14 22:32:21.488452 November: Lima, Yankee and Romeo, sending you 3
2024-10-14 22:32:21.488797 Tango: Lima and Echo, sending you 4
2024-10-14 22:32:21.489167 Whiskey: Golf, sending you 6
2024-10-14 22:32:21.490784 Uniform: Golf, Whiskey and Romeo, sending you 2
2024-10-14 22:32:21.491453 Romeo: Lima, sending you 2
2024-10-14 22:32:21.492327 Yankee: Echo, sending you 5
2024-10-14 22:32:21.493033 Echo: Yankee and November, sending you 4
2024-10-14 22:32:21.493346 November: Tango, sending you 2
2024-10-14 22:32:21.493698 Lima: Tango and November, sending you 4
2024-10-14 22:32:21.494438 Juliett: Uniform, sending you 5
2024-10-14 22:32:21.494670 Golf: Uniform, sending you 3
2024-10-14 22:32:21.494897 Whiskey: Uniform, sending you 4
2024-10-14 22:32:21.495129 Tango: Yankee, sending you 3
2024-10-14 22:32:21.495875 Uniform: Juliett, sending you 3
2024-10-14 22:32:21.496230 Romeo: Yankee and Tango, sending you 4
2024-10-14 22:32:21.496531 Echo: Tango and Romeo, sending you 3
2024-10-14 22:32:21.497348 November: Echo, sending you 4
2024-10-14 22:32:21.498121 Whiskey: Juliett, sending you 5
2024-10-14 22:32:21.499040 Lima: Romeo, sending you 1
2024-10-14 22:32:21.499458 Golf: Whiskey and Juliett, sending you 6
2024-10-14 22:32:21.499710 Tango: November, sending you 2
2024-10-14 22:32:21.502209 Romeo: November and Echo, sending you 3
2024-10-14 22:32:21.519299 Lima: Echo, sending you 5
2024-10-14 22:32:21.520185 Tango: Romeo, sending you 6
chatterbot Uniform submitting transactions
chatterbot Juliett submitting transactions
chatterbot Echo submitting transactions
chatterbot Tango submitting transactions
chatterbot Golf submitting transactions
chatterbot Whiskey submitting transactions
chatterbot November submitting transactions
chatterbot Lima submitting transactions
chatterbot Romeo submitting transactions
chatterbot Yankee submitting transactions
ChatterBot Lima round 4
ChatterBot Yankee round 4
ChatterBot Golf round 4
ChatterBot Uniform round 4
ChatterBot Whiskey round 4
ChatterBot Tango round 4
ChatterBot November round 4
ChatterBot Juliett round 4
ChatterBot Romeo round 4
ChatterBot Echo round 4
2024-10-14 22:32:22.510668 Yankee: Lima, Tango, November and Romeo, sending you 3
2024-10-14 22:32:22.515668 Yankee: Echo, sending you 5
2024-10-14 22:32:22.517666 Tango: Lima and Echo, sending you 4
2024-10-14 22:32:22.519888 Golf: Uniform, sending you 3
2024-10-14 22:32:22.520671 Tango: Yankee and November, sending you 3
2024-10-14 22:32:22.521680 Lima: Yankee and Romeo, sending you 2
2024-10-14 22:32:22.523725 November: Lima, Yankee and Romeo, sending you 3
2024-10-14 22:32:22.524415 Tango: Romeo, sending you 5
2024-10-14 22:32:22.525080 Golf: Whiskey and Juliett, sending you 6
2024-10-14 22:32:22.525492 Uniform: Golf, Whiskey and Romeo, sending you 2
2024-10-14 22:32:22.526336 Lima: Tango and November, sending you 3
2024-10-14 22:32:22.527089 Juliett: Golf and Whiskey, sending you 6
2024-10-14 22:32:22.527474 November: Tango, sending you 2
2024-10-14 22:32:22.528176 Romeo: Lima, sending you 2
2024-10-14 22:32:22.529257 Whiskey: Golf, sending you 6
2024-10-14 22:32:22.529678 Lima: Echo, sending you 6
2024-10-14 22:32:22.530680 Uniform: Juliett, sending you 3
2024-10-14 22:32:22.532090 Echo: Lima, sending you 5
2024-10-14 22:32:22.532667 Juliett: Uniform, sending you 5
2024-10-14 22:32:22.533049 November: Echo, sending you 4
2024-10-14 22:32:22.533501 Romeo: Yankee, November and Echo, sending you 3
2024-10-14 22:32:22.533958 Whiskey: Uniform, sending you 4
2024-10-14 22:32:22.536675 Whiskey: Juliett, sending you 5
2024-10-14 22:32:22.537807 Echo: Yankee and November, sending you 4
2024-10-14 22:32:22.538688 Romeo: Tango, sending you 5
2024-10-14 22:32:22.540868 Echo: Tango and Romeo, sending you 3
chatterbot Golf submitting transactions
chatterbot Yankee submitting transactions
chatterbot Lima submitting transactions
chatterbot Whiskey submitting transactions
chatterbot November submitting transactions
chatterbot Tango submitting transactions
chatterbot Echo submitting transactions
chatterbot Uniform submitting transactions
chatterbot Juliett submitting transactions
chatterbot Romeo submitting transactions
ChatterBot Lima round 5
ChatterBot Yankee round 5
ChatterBot Golf round 5
ChatterBot Uniform round 5
ChatterBot Whiskey round 5
ChatterBot Tango round 5
ChatterBot November round 5
ChatterBot Juliett round 5
ChatterBot Romeo round 5
ChatterBot Echo round 5
2024-10-14 22:32:23.422713 Yankee: Lima, Tango, November and Romeo, sending you 3
2024-10-14 22:32:23.427438 Lima: Yankee, Tango and November, sending you 3
2024-10-14 22:32:23.428659 Yankee: Echo, sending you 5
2024-10-14 22:32:23.431669 Lima: Romeo, sending you 2
2024-10-14 22:32:23.432954 Tango: Lima and Echo, sending you 4
2024-10-14 22:32:23.433561 November: Lima, Yankee and Romeo, sending you 3
2024-10-14 22:32:23.434113 Romeo: Lima, sending you 2
2024-10-14 22:32:23.434667 Uniform: Sending you each 3
2024-10-14 22:32:23.435026 Juliett: Golf and Whiskey, sending you 6
2024-10-14 22:32:23.435666 Lima: Echo, sending you 5
2024-10-14 22:32:23.437971 Tango: Yankee and November, sending you 3
2024-10-14 22:32:23.438383 November: Tango, sending you 2
2024-10-14 22:32:23.438851 Romeo: Yankee, November and Echo, sending you 3
2024-10-14 22:32:23.439387 Whiskey: Golf, sending you 6
2024-10-14 22:32:23.439748 Juliett: Uniform, sending you 5
2024-10-14 22:32:23.440659 Tango: Romeo, sending you 5
2024-10-14 22:32:23.441710 November: Echo, sending you 4
2024-10-14 22:32:23.442285 Echo: Lima, sending you 5
2024-10-14 22:32:23.443715 Romeo: Tango, sending you 5
2024-10-14 22:32:23.444281 Whiskey: Uniform, sending you 4
2024-10-14 22:32:23.447664 Echo: Yankee and November, sending you 4
2024-10-14 22:32:23.448717 Whiskey: Juliett, sending you 5
2024-10-14 22:32:23.452652 Echo: Tango and Romeo, sending you 3
chatterbot Yankee submitting transactions
chatterbot November submitting transactions
chatterbot Romeo submitting transactions
chatterbot Uniform submitting transactions
chatterbot Lima submitting transactions
chatterbot Echo submitting transactions
chatterbot Juliett submitting transactions
chatterbot Golf submitting transactions
chatterbot Tango submitting transactions
chatterbot Whiskey submitting transactions
ChatterBot Lima round 6
ChatterBot Yankee round 6
ChatterBot Golf round 6
ChatterBot Uniform round 6
ChatterBot Whiskey round 6
ChatterBot Tango round 6
ChatterBot November round 6
ChatterBot Juliett round 6
ChatterBot Romeo round 6
ChatterBot Echo round 6
2024-10-14 22:32:24.675461 Uniform: We should add Romeo
ChatterBot Whiskey reevaluating
2024-10-14 22:32:24.683317 Golf: No
2024-10-14 22:32:24.683485 Whiskey: Yes
2024-10-14 22:32:24.683713 Juliett: No
ChatterBot Uniform reevaluating
ChatterBot Whiskey reevaluating
ChatterBot Golf reevaluating
ChatterBot Uniform reevaluating
ChatterBot Golf reevaluating
ChatterBot Uniform reevaluating
ChatterBot Whiskey reevaluating
2024-10-14 22:32:24.722250 Uniform: We should add Yankee
ChatterBot Golf reevaluating
ChatterBot Whiskey reevaluating
2024-10-14 22:32:24.731242 Golf: Yes
2024-10-14 22:32:24.731503 Whiskey: No
2024-10-14 22:32:24.731719 Juliett: No
ChatterBot Uniform reevaluating
ChatterBot Whiskey reevaluating
ChatterBot Golf reevaluating
ChatterBot Uniform reevaluating
ChatterBot Golf reevaluating
ChatterBot Uniform reevaluating
ChatterBot Whiskey reevaluating
2024-10-14 22:32:24.770079 Tango: I was attacked by Golf
ChatterBot Yankee reevaluating
ChatterBot Lima reevaluating
ChatterBot Echo reevaluating
ChatterBot November reevaluating
ChatterBot Romeo reevaluating
2024-10-14 22:32:24.793741 Tango: I'm keeping this round to protect myself
2024-10-14 22:32:24.796370 Tango: Ow
2024-10-14 22:32:24.801729 Juliett: Golf and Whiskey, sending you 6
2024-10-14 22:32:24.806085 Juliett: Uniform, sending you 5
2024-10-14 22:32:24.806948 Golf: Uniform, sending you 3
2024-10-14 22:32:24.809663 Lima: Yankee, Tango and November, sending you 3
2024-10-14 22:32:24.811675 Golf: Whiskey and Juliett, sending you 6
2024-10-14 22:32:24.813060 Whiskey: Yankee, sending you 2
2024-10-14 22:32:24.814668 Lima: Romeo, sending you 2
2024-10-14 22:32:24.816668 Whiskey: Golf and Uniform, sending you 4
2024-10-14 22:32:24.818660 Romeo: Lima, Yankee, November and Echo, sending you 2
2024-10-14 22:32:24.819666 Lima: Echo, sending you 5
2024-10-14 22:32:24.820488 Whiskey: Juliett, sending you 5
2024-10-14 22:32:24.822655 Romeo: Tango, sending you 4
2024-10-14 22:32:24.826101 Echo: Lima, sending you 5
2024-10-14 22:32:24.831220 November: Lima, Yankee, Tango and Romeo, sending you 2
2024-10-14 22:32:24.835228 Echo: Yankee and November, sending you 4
2024-10-14 22:32:24.836221 Yankee: Lima, Tango, November and Romeo, sending you 3
2024-10-14 22:32:24.838662 November: Echo, sending you 3
2024-10-14 22:32:24.839714 Echo: Tango and Romeo, sending you 3
2024-10-14 22:32:24.841781 Yankee: Echo, sending you 5
chatterbot Whiskey submitting transactions
chatterbot November submitting transactions
chatterbot Uniform submitting transactions
chatterbot Juliett submitting transactions
chatterbot Tango submitting transactions
chatterbot Lima submitting transactions
chatterbot Yankee submitting transactions
chatterbot Romeo submitting transactions
chatterbot Echo submitting transactions
chatterbot Golf submitting transactions
ChatterBot Lima round 7
ChatterBot Yankee round 7
ChatterBot Golf round 7
ChatterBot Uniform round 7
ChatterBot Whiskey round 7
ChatterBot Tango round 7
ChatterBot November round 7
ChatterBot Juliett round 7
ChatterBot Romeo round 7
ChatterBot Echo round 7
2024-10-14 22:32:26.000276 Uniform: We should add Lima
2024-10-14 22:32:26.007747 Golf: No
2024-10-14 22:32:26.007926 Whiskey: No
2024-10-14 22:32:26.008055 Juliett: No
ChatterBot Uniform reevaluating
ChatterBot Uniform reevaluating
ChatterBot Uniform reevaluating
2024-10-14 22:32:26.036477 Whiskey: We should drop Yankee
ChatterBot Uniform reevaluating
2024-10-14 22:32:26.044317 Golf: Yes
2024-10-14 22:32:26.044476 Uniform: Yes
2024-10-14 22:32:26.044606 Juliett: Yes
ChatterBot Uniform reevaluating
ChatterBot Uniform reevaluating
2024-10-14 22:32:26.068130 Uniform: We should add Echo
2024-10-14 22:32:26.074548 Golf: No
2024-10-14 22:32:26.074694 Whiskey: No
2024-10-14 22:32:26.074816 Juliett: No
ChatterBot Uniform reevaluating
ChatterBot Uniform reevaluating
ChatterBot Uniform reevaluating
2024-10-14 22:32:26.095915 Golf: I was attacked by November and Romeo
ChatterBot Uniform reevaluating
ChatterBot Whiskey reevaluating
ChatterBot Juliett reevaluating
2024-10-14 22:32:26.105762 Golf: I'm keeping this round to protect myself
2024-10-14 22:32:26.106564 Golf: Ow
2024-10-14 22:32:26.106927 Uniform: We should add November
ChatterBot Whiskey reevaluating
ChatterBot Juliett reevaluating
2024-10-14 22:32:26.116482 Golf: No
2024-10-14 22:32:26.116603 Whiskey: No
2024-10-14 22:32:26.116731 Juliett: No
ChatterBot Uniform reevaluating
ChatterBot Whiskey reevaluating
ChatterBot Juliett reevaluating
ChatterBot Uniform reevaluating
ChatterBot Juliett reevaluating
ChatterBot Uniform reevaluating
ChatterBot Whiskey reevaluating
2024-10-14 22:32:26.139569 Uniform: We should add Tango
ChatterBot Whiskey reevaluating
ChatterBot Juliett reevaluating
2024-10-14 22:32:26.146458 Golf: No
2024-10-14 22:32:26.146581 Whiskey: No
2024-10-14 22:32:26.146730 Juliett: No
ChatterBot Uniform reevaluating
ChatterBot Whiskey reevaluating
ChatterBot Juliett reevaluating
ChatterBot Uniform reevaluating
ChatterBot Juliett reevaluating
ChatterBot Uniform reevaluating
ChatterBot Whiskey reevaluating
2024-10-14 22:32:26.174406 Yankee: Lima, Tango, November and Romeo, sending you 2
2024-10-14 22:32:26.174974 Lima: Yankee and November, sending you 3
2024-10-14 22:32:26.177646 Yankee: Echo, sending you 3
2024-10-14 22:32:26.178391 Echo: Lima, sending you 6
2024-10-14 22:32:26.179074 November: Lima, Yankee and Romeo, sending you 3
2024-10-14 22:32:26.179567 Romeo: Lima, Yankee, Tango and November, sending you 3
2024-10-14 22:32:26.180176 Lima: Tango and Romeo, sending you 2
2024-10-14 22:32:26.182686 Echo: Yankee and November, sending you 4
2024-10-14 22:32:26.183123 November: Tango, sending you 2
2024-10-14 22:32:26.183894 Lima: Echo, sending you 6
2024-10-14 22:32:26.184932 Romeo: Echo, sending you 4
2024-10-14 22:32:26.187641 Echo: Tango, sending you 2
2024-10-14 22:32:26.188668 November: Echo, sending you 4
2024-10-14 22:32:26.191648 Echo: Romeo, sending you 3
2024-10-14 22:32:26.198647 Juliett: Golf and Whiskey, sending you 6
2024-10-14 22:32:26.202660 Juliett: Uniform, sending you 5
2024-10-14 22:32:26.208641 Whiskey: Golf, sending you 6
2024-10-14 22:32:26.213663 Whiskey: Uniform, sending you 4
2024-10-14 22:32:26.218744 Whiskey: Juliett, sending you 5
chatterbot Tango submitting transactions
chatterbot Golf submitting transactions
chatterbot Lima submitting transactions
chatterbot Uniform submitting transactions
chatterbot Echo submitting transactions
chatterbot Romeo submitting transactions
chatterbot November submitting transactions
chatterbot Yankee submitting transactions
chatterbot Juliett submitting transactions
chatterbot Whiskey submitting transactions
ChatterBot Lima round 8
ChatterBot Yankee round 8
ChatterBot Golf round 8
ChatterBot Uniform round 8
ChatterBot Whiskey round 8
ChatterBot Tango round 8
ChatterBot November round 8
ChatterBot Juliett round 8
ChatterBot Romeo round 8
ChatterBot Echo round 8
2024-10-14 22:32:27.355662 Lima: Yankee and November, sending you 3
2024-10-14 22:32:27.357663 Tango: Romeo, sending you 2
2024-10-14 22:32:27.358401 November: Lima, Yankee and Romeo, sending you 3
2024-10-14 22:32:27.359690 Lima: Tango and Romeo, sending you 2
2024-10-14 22:32:27.361685 Yankee: Lima, Tango, November and Romeo, sending you 3
2024-10-14 22:32:27.362814 November: Tango, sending you 2
2024-10-14 22:32:27.363555 Echo: Lima, sending you 6
2024-10-14 22:32:27.364206 Uniform: Same as last round
2024-10-14 22:32:27.364658 Whiskey: Golf, sending you 5
2024-10-14 22:32:27.365362 Golf: I was attacked by Yankee
ChatterBot Uniform reevaluating
ChatterBot Whiskey reevaluating
ChatterBot Juliett reevaluating
2024-10-14 22:32:27.374289 Golf: I'm keeping this round to protect myself
2024-10-14 22:32:27.375147 Golf: Ow
2024-10-14 22:32:27.375784 Lima: Echo, sending you 6
2024-10-14 22:32:27.376418 Romeo: Lima, Yankee, Tango and November, sending you 3
2024-10-14 22:32:27.376991 Yankee: Echo, sending you 5
2024-10-14 22:32:27.377555 November: Echo, sending you 4
2024-10-14 22:32:27.378586 Echo: Yankee and November, sending you 4
2024-10-14 22:32:27.381668 Romeo: Echo, sending you 4
2024-10-14 22:32:27.383813 Echo: Tango, sending you 2
2024-10-14 22:32:27.387648 Echo: Romeo, sending you 3
chatterbot Golf submitting transactions
chatterbot Echo submitting transactions
chatterbot November submitting transactions
chatterbot Juliett submitting transactions
chatterbot Whiskey submitting transactions
chatterbot Romeo submitting transactions
chatterbot Yankee submitting transactions
chatterbot Tango submitting transactions
chatterbot Uniform submitting transactions
chatterbot Lima submitting transactions
ChatterBot Lima round 9
ChatterBot Yankee round 9
ChatterBot Golf round 9
ChatterBot Uniform round 9
ChatterBot Whiskey round 9
ChatterBot Tango round 9
ChatterBot November round 9
ChatterBot Juliett round 9
ChatterBot Romeo round 9
ChatterBot Echo round 9
2024-10-14 22:32:28.689681 Lima: Yankee, November and Romeo, sending you 3
2024-10-14 22:32:28.695081 Lima: Tango, sending you 1
2024-10-14 22:32:28.697308 Yankee: Lima, Tango, November and Romeo, sending you 3
2024-10-14 22:32:28.702164 Lima: Echo, sending you 6
2024-10-14 22:32:28.703978 Yankee: Echo, sending you 5
2024-10-14 22:32:28.705832 Tango: Lima, Yankee, November and Echo, sending you 3
2024-10-14 22:32:28.707951 Echo: Lima, sending you 6
2024-10-14 22:32:28.709674 Romeo: Lima, Yankee, Tango and November, sending you 3
2024-10-14 22:32:28.710860 November: Lima, Yankee and Romeo, sending you 3
2024-10-14 22:32:28.712571 Uniform: Same as last round
2024-10-14 22:32:28.713840 Tango: Romeo, sending you 4
2024-10-14 22:32:28.714857 Echo: Yankee and November, sending you 4
2024-10-14 22:32:28.716653 November: Tango, sending you 1
2024-10-14 22:32:28.718279 Romeo: Echo, sending you 4
2024-10-14 22:32:28.720681 Echo: Tango, sending you 2
2024-10-14 22:32:28.722741 November: Echo, sending you 4
2024-10-14 22:32:28.725700 Echo: Romeo, sending you 3
chatterbot Yankee submitting transactions
chatterbot Lima submitting transactions
chatterbot Romeo submitting transactions
chatterbot Whiskey submitting transactions
chatterbot November submitting transactions
chatterbot Golf submitting transactions
chatterbot Uniform submitting transactions
chatterbot Juliett submitting transactions
chatterbot Tango submitting transactions
chatterbot Echo submitting transactions
ChatterBot Lima round 10
ChatterBot Yankee round 10
ChatterBot Golf round 10
ChatterBot Uniform round 10
ChatterBot Whiskey round 10
ChatterBot Tango round 10
ChatterBot November round 10
ChatterBot Juliett round 10
ChatterBot Romeo round 10
ChatterBot Echo round 10
2024-10-14 22:32:29.953 Yankee: Lima, Tango, November and Romeo, sending you 3
2024-10-14 22:32:29.957666 Yankee: Echo, sending you 5
2024-10-14 22:32:29.960667 Echo: Lima, sending you 6
2024-10-14 22:32:29.963679 Uniform: Same as last round
2024-10-14 22:32:29.964675 Echo: Yankee and November, sending you 4
2024-10-14 22:32:29.966668 November: Lima, Yankee and Romeo, sending you 3
2024-10-14 22:32:29.967658 Romeo: Lima, Yankee, Tango and November, sending you 3
2024-10-14 22:32:29.968596 Tango: Lima and November, sending you 3
2024-10-14 22:32:29.969578 Lima: Yankee, November and Romeo, sending you 3
2024-10-14 22:32:29.970570 Echo: Tango, sending you 2
2024-10-14 22:32:29.971680 November: Tango, sending you 2
2024-10-14 22:32:29.972663 Romeo: Echo, sending you 4
2024-10-14 22:32:29.974225 Tango: Yankee and Echo, sending you 4
2024-10-14 22:32:29.975197 Lima: Tango, sending you 1
2024-10-14 22:32:29.976183 Echo: Romeo, sending you 3
2024-10-14 22:32:29.977310 November: Echo, sending you 4
2024-10-14 22:32:29.978658 Tango: Romeo, sending you 5
2024-10-14 22:32:29.979405 Lima: Echo, sending you 6
chatterbot Golf submitting transactions
chatterbot Lima submitting transactions
chatterbot November submitting transactions
chatterbot Yankee submitting transactions
chatterbot Echo submitting transactions
chatterbot Uniform submitting transactions
chatterbot Juliett submitting transactions
chatterbot Tango submitting transactions
chatterbot Romeo submitting transactions
chatterbot Whiskey submitting transactions
ChatterBot Lima round 11
ChatterBot Yankee round 11
ChatterBot Golf round 11
ChatterBot Uniform round 11
ChatterBot Whiskey round 11
ChatterBot Tango round 11
ChatterBot November round 11
ChatterBot Juliett round 11
ChatterBot Romeo round 11
ChatterBot Echo round 11
2024-10-14 22:32:31.227654 Tango: Lima and November, sending you 3
2024-10-14 22:32:31.228278 Lima: Yankee, November and Romeo, sending you 3
2024-10-14 22:32:31.230662 Tango: Yankee and Echo, sending you 4
2024-10-14 22:32:31.231683 Yankee: Lima, Tango, November and Romeo, sending you 3
2024-10-14 22:32:31.233172 Lima: Tango, sending you 1
2024-10-14 22:32:31.234671 Tango: Romeo, sending you 5
2024-10-14 22:32:31.235673 Yankee: Echo, sending you 5
2024-10-14 22:32:31.239282 Lima: Echo, sending you 6
2024-10-14 22:32:31.240170 Romeo: Lima, Yankee, November and Echo, sending you 3
2024-10-14 22:32:31.240972 November: Lima, Yankee and Romeo, sending you 3
2024-10-14 22:32:31.242671 Uniform: Golf, sending you 2
2024-10-14 22:32:31.245668 Romeo: Tango, sending you 4
2024-10-14 22:32:31.247042 November: Tango, sending you 2
2024-10-14 22:32:31.248038 Uniform: Whiskey, sending you 3
2024-10-14 22:32:31.250649 November: Echo, sending you 4
2024-10-14 22:32:31.251347 Uniform: Juliett, sending you 4
2024-10-14 22:32:31.252669 Echo: Lima, sending you 5
2024-10-14 22:32:31.257663 Echo: Yankee and November, sending you 4
2024-10-14 22:32:31.262650 Echo: Tango and Romeo, sending you 3
chatterbot November submitting transactions
chatterbot Whiskey submitting transactions
chatterbot Tango submitting transactions
chatterbot Echo submitting transactions
chatterbot Golf submitting transactions
chatterbot Yankee submitting transactions
chatterbot Romeo submitting transactions
chatterbot Juliett submitting transactions
chatterbot Uniform submitting transactions
chatterbot Lima submitting transactions
ChatterBot Lima round 12
ChatterBot Yankee round 12
ChatterBot Golf round 12
ChatterBot Uniform round 12
ChatterBot Whiskey round 12
ChatterBot Tango round 12
ChatterBot November round 12
ChatterBot Juliett round 12
ChatterBot Romeo round 12
ChatterBot Echo round 12
2024-10-14 22:32:32.361078 Uniform: We should add Romeo
ChatterBot Whiskey reevaluating
ChatterBot Juliett reevaluating
2024-10-14 22:32:32.370384 Golf: No
2024-10-14 22:32:32.370539 Whiskey: No
2024-10-14 22:32:32.370662 Juliett: No
ChatterBot Uniform reevaluating
ChatterBot Whiskey reevaluating
ChatterBot Juliett reevaluating
ChatterBot Uniform reevaluating
ChatterBot Juliett reevaluating
ChatterBot Uniform reevaluating
ChatterBot Whiskey reevaluating
2024-10-14 22:32:32.409680 Lima: Yankee, November and Romeo, sending you 3
2024-10-14 22:32:32.414718 Lima: Tango, sending you 1
2024-10-14 22:32:32.417659 November: Lima, Yankee and Romeo, sending you 3
2024-10-14 22:32:32.420663 Lima: Echo, sending you 6
2024-10-14 22:32:32.421898 Tango: Lima and November, sending you 3
2024-10-14 22:32:32.423206 Uniform: Golf, sending you 2
2024-10-14 22:32:32.423885 November: Tango, sending you 2
2024-10-14 22:32:32.425173 Yankee: Lima, Tango, November and Romeo, sending you 3
2024-10-14 22:32:32.426733 Tango: Yankee and Echo, sending you 4
2024-10-14 22:32:32.428174 Uniform: Whiskey, sending you 3
2024-10-14 22:32:32.428759 Romeo: Lima, Yankee, November and Echo, sending you 3
2024-10-14 22:32:32.430154 November: Echo, sending you 4
2024-10-14 22:32:32.431117 Echo: Lima, sending you 5
2024-10-14 22:32:32.432320 Yankee: Echo, sending you 5
2024-10-14 22:32:32.433434 Tango: Romeo, sending you 5
2024-10-14 22:32:32.434656 Uniform: Juliett, sending you 4
2024-10-14 22:32:32.435124 Romeo: Tango, sending you 4
2024-10-14 22:32:32.436583 Echo: Yankee and November, sending you 4
2024-10-14 22:32:32.440668 Echo: Tango and Romeo, sending you 3
chatterbot Juliett submitting transactions
chatterbot Golf submitting transactions
chatterbot Lima submitting transactions
chatterbot November submitting transactions
chatterbot Tango submitting transactions
chatterbot Echo submitting transactions
chatterbot Whiskey submitting transactions
chatterbot Uniform submitting transactions
chatterbot Romeo submitting transactions
chatterbot Yankee submitting transactions
ChatterBot Lima round 13
ChatterBot Yankee round 13
ChatterBot Golf round 13
ChatterBot Uniform round 13
ChatterBot Whiskey round 13
ChatterBot Tango round 13
ChatterBot November round 13
ChatterBot Juliett round 13
ChatterBot Romeo round 13
ChatterBot Echo round 13
2024-10-14 22:32:33.628382 Uniform: We should add Yankee
2024-10-14 22:32:33.637042 Golf: No
2024-10-14 22:32:33.638028 Whiskey: No
2024-10-14 22:32:33.638217 Juliett: No
ChatterBot Uniform reevaluating
ChatterBot Uniform reevaluating
ChatterBot Uniform reevaluating
2024-10-14 22:32:33.675656 Tango: Lima and November, sending you 3
2024-10-14 22:32:33.679663 Tango: Yankee and Echo, sending you 4
2024-10-14 22:32:33.684650 Tango: Romeo, sending you 5
2024-10-14 22:32:33.692677 Yankee: Lima, Tango, November and Romeo, sending you 3
2024-10-14 22:32:33.693863 November: Lima, Yankee and Romeo, sending you 3
2024-10-14 22:32:33.695262 Romeo: Lima, Yankee, November and Echo, sending you 3
2024-10-14 22:32:33.696363 Lima: Yankee, November and Romeo, sending you 3
2024-10-14 22:32:33.697367 Echo: Lima, sending you 5
2024-10-14 22:32:33.698514 Yankee: Echo, sending you 5
2024-10-14 22:32:33.699587 November: Tango, sending you 2
2024-10-14 22:32:33.701197 Romeo: Tango, sending you 4
2024-10-14 22:32:33.702391 Lima: Tango, sending you 1
2024-10-14 22:32:33.703223 Echo: Yankee and November, sending you 4
2024-10-14 22:32:33.704065 Uniform: Golf, sending you 2
2024-10-14 22:32:33.704660 November: Echo, sending you 4
2024-10-14 22:32:33.705728 Lima: Echo, sending you 6
2024-10-14 22:32:33.707698 Echo: Tango and Romeo, sending you 3
2024-10-14 22:32:33.709676 Uniform: Whiskey, sending you 3
2024-10-14 22:32:33.712674 Uniform: Juliett, sending you 4
chatterbot Echo submitting transactions
chatterbot Yankee submitting transactions
chatterbot Juliett submitting transactions
chatterbot Uniform submitting transactions
chatterbot Lima submitting transactions
chatterbot Romeo submitting transactions
chatterbot Whiskey submitting transactions
chatterbot November submitting transactions
chatterbot Tango submitting transactions
chatterbot Golf submitting transactions
ChatterBot Lima round 14
ChatterBot Yankee round 14
ChatterBot Golf round 14
ChatterBot Uniform round 14
ChatterBot Whiskey round 14
ChatterBot Tango round 14
ChatterBot November round 14
ChatterBot Juliett round 14
ChatterBot Romeo round 14
ChatterBot Echo round 14
2024-10-14 22:32:34.809311 Whiskey: We should drop Golf
2024-10-14 22:32:34.817405 Uniform: No
2024-10-14 22:32:34.817646 Juliett: No
ChatterBot Whiskey reevaluating
2024-10-14 22:32:34.838680 Romeo: Lima, Yankee, November and Echo, sending you 3
2024-10-14 22:32:34.841056 Lima: Yankee, November and Romeo, sending you 3
2024-10-14 22:32:34.844668 Romeo: Tango, sending you 4
2024-10-14 22:32:34.846679 Lima: Tango, sending you 1
2024-10-14 22:32:34.849047 Uniform: Golf, sending you 2
2024-10-14 22:32:34.850435 Echo: Lima, sending you 5
2024-10-14 22:32:34.852093 Golf: Uniform and Whiskey, sending you 1
2024-10-14 22:32:34.852969 Lima: Echo, sending you 6
2024-10-14 22:32:34.855352 Uniform: Whiskey, sending you 3
2024-10-14 22:32:34.856218 Yankee: Lima, Tango, November and Romeo, sending you 3
2024-10-14 22:32:34.858212 Echo: Yankee and November, sending you 4
2024-10-14 22:32:34.859207 November: Lima, Yankee and Romeo, sending you 3
2024-10-14 22:32:34.860262 Golf: Juliett, sending you 2
2024-10-14 22:32:34.860747 Uniform: Juliett, sending you 4
2024-10-14 22:32:34.862066 Tango: Lima, sending you 2
2024-10-14 22:32:34.863223 Echo: Tango and Romeo, sending you 3
2024-10-14 22:32:34.864422 Yankee: Echo, sending you 5
2024-10-14 22:32:34.866759 November: Tango, sending you 2
2024-10-14 22:32:34.868395 Tango: Yankee and Echo, sending you 4
2024-10-14 22:32:34.871689 November: Echo, sending you 4
2024-10-14 22:32:34.874660 Tango: November, sending you 3
2024-10-14 22:32:34.879758 Tango: Romeo, sending you 6
chatterbot Tango submitting transactions
chatterbot Echo submitting transactions
chatterbot Juliett submitting transactions
chatterbot Lima submitting transactions
chatterbot Whiskey submitting transactions
chatterbot November submitting transactions
chatterbot Yankee submitting transactions
chatterbot Golf submitting transactions
chatterbot Uniform submitting transactions
chatterbot Romeo submitting transactions
ChatterBot Lima round 15
ChatterBot Yankee round 15
ChatterBot Golf round 15
ChatterBot Uniform round 15
ChatterBot Whiskey round 15
ChatterBot Tango round 15
ChatterBot November round 15
ChatterBot Juliett round 15
ChatterBot Romeo round 15
ChatterBot Echo round 15
2024-10-14 22:32:35.974543 Uniform: We should drop Golf
ChatterBot Whiskey reevaluating
ChatterBot Juliett reevaluating
2024-10-14 22:32:35.980778 Whiskey: Yes
2024-10-14 22:32:35.980921 Juliett: Yes
ChatterBot Uniform reevaluating
ChatterBot Juliett reevaluating
ChatterBot Whiskey reevaluating
ChatterBot Uniform reevaluating
2024-10-14 22:32:35.994677 Yankee: Lima, Tango, November and Romeo, sending you 3
2024-10-14 22:32:35.995871 Lima: Yankee, November and Romeo, sending you 3
2024-10-14 22:32:36.000683 Yankee: Echo, sending you 5
2024-10-14 22:32:36.002342 Lima: Tango, sending you 1
2024-10-14 22:32:36.003668 Tango: Lima, sending you 2
2024-10-14 22:32:36.005673 Echo: Lima, sending you 5
2024-10-14 22:32:36.007727 Lima: Echo, sending you 6
2024-10-14 22:32:36.010149 Tango: Yankee and Echo, sending you 4
2024-10-14 22:32:36.011487 November: Lima, Yankee and Romeo, sending you 3
2024-10-14 22:32:36.012512 Echo: Yankee and November, sending you 4
2024-10-14 22:32:36.014501 Romeo: Lima, Yankee, November and Echo, sending you 3
2024-10-14 22:32:36.015918 Tango: November, sending you 3
2024-10-14 22:32:36.017980 November: Tango, sending you 2
2024-10-14 22:32:36.019007 Echo: Tango and Romeo, sending you 3
2024-10-14 22:32:36.021385 Romeo: Tango, sending you 4
2024-10-14 22:32:36.022880 Tango: Romeo, sending you 6
2024-10-14 22:32:36.024403 November: Echo, sending you 4
2024-10-14 22:32:36.030662 Uniform: Whiskey, sending you 4
2024-10-14 22:32:36.037143 Uniform: Juliett, sending you 5
chatterbot Tango submitting transactions
chatterbot November submitting transactions
chatterbot Echo submitting transactions
chatterbot Yankee submitting transactions
chatterbot Golf submitting transactions
chatterbot Lima submitting transactions
chatterbot Uniform submitting transactions
chatterbot Romeo submitting transactions
chatterbot Whiskey submitting transactions
chatterbot Juliett submitting transactions
ChatterBot Lima round 16
ChatterBot Yankee round 16
ChatterBot Golf round 16
ChatterBot Uniform round 16
ChatterBot Whiskey round 16
ChatterBot Tango round 16
ChatterBot November round 16
