ChatterBot Uniform round 1
ChatterBot Charlie round 1
ChatterBot Echo round 1
ChatterBot Zulu round 1
ChatterBot Juliett round 1
ChatterBot Delta round 1
ChatterBot India round 1
ChatterBot Romeo round 1
ChatterBot Bravo round 1
ChatterBot Foxtrot round 1
randomSelections Zulu: {Zulu, India, Juliett, Charlie, Foxtrot, Delta} 
2024-10-14 22:32:16.728069 Zulu: Let's form a team
ChatterBot India reevaluating
ChatterBot Juliett reevaluating
ChatterBot Charlie reevaluating
ChatterBot Foxtrot reevaluating
ChatterBot Delta reevaluating
2024-10-14 22:32:16.745263 India: Yes
2024-10-14 22:32:16.745478 Juliett: Yes
2024-10-14 22:32:16.745795 Charlie: Yes
2024-10-14 22:32:16.745964 Foxtrot: Yes
2024-10-14 22:32:16.746775 Delta: Yes
ChatterBot Juliett reevaluating
ChatterBot Charlie reevaluating
ChatterBot Foxtrot reevaluating
ChatterBot Delta reevaluating
ChatterBot India reevaluating
ChatterBot Charlie reevaluating
ChatterBot Foxtrot reevaluating
ChatterBot Delta reevaluating
ChatterBot India reevaluating
ChatterBot Juliett reevaluating
ChatterBot Foxtrot reevaluating
ChatterBot Delta reevaluating
ChatterBot India reevaluating
ChatterBot Juliett reevaluating
ChatterBot Charlie reevaluating
ChatterBot Delta reevaluating
ChatterBot India reevaluating
ChatterBot Juliett reevaluating
ChatterBot Charlie reevaluating
ChatterBot Foxtrot reevaluating
randomSelections Uniform: {Uniform, Juliett, Romeo, Delta, Zulu, Charlie} 
2024-10-14 22:32:16.812888 Uniform: Let's form a team
ChatterBot Juliett reevaluating
ChatterBot Romeo reevaluating
ChatterBot Delta reevaluating
ChatterBot Charlie reevaluating
2024-10-14 22:32:16.821362 Juliett: No
2024-10-14 22:32:16.824877 Romeo: Yes
2024-10-14 22:32:16.826057 Delta: No
2024-10-14 22:32:16.826383 Zulu: No
2024-10-14 22:32:16.826690 Charlie: No
ChatterBot Romeo reevaluating
ChatterBot Delta reevaluating
ChatterBot Charlie reevaluating
ChatterBot Juliett reevaluating
ChatterBot Delta reevaluating
ChatterBot Charlie reevaluating
ChatterBot Juliett reevaluating
ChatterBot Romeo reevaluating
ChatterBot Charlie reevaluating
ChatterBot Juliett reevaluating
ChatterBot Romeo reevaluating
ChatterBot Delta reevaluating
ChatterBot Charlie reevaluating
ChatterBot Juliett reevaluating
ChatterBot Romeo reevaluating
ChatterBot Delta reevaluating
randomSelections Echo: {Echo, Bravo, Charlie, Zulu, Uniform, Delta, India} 
2024-10-14 22:32:16.888220 Echo: Friends?
ChatterBot Bravo reevaluating
ChatterBot Charlie reevaluating
ChatterBot Delta reevaluating
ChatterBot India reevaluating
2024-10-14 22:32:16.897524 Bravo: Yes
2024-10-14 22:32:16.897646 Charlie: No
2024-10-14 22:32:16.897755 Zulu: No
2024-10-14 22:32:16.897866 Uniform: No
2024-10-14 22:32:16.898007 Delta: No
2024-10-14 22:32:16.898644 India: No
ChatterBot Charlie reevaluating
ChatterBot Delta reevaluating
ChatterBot India reevaluating
ChatterBot Bravo reevaluating
ChatterBot Delta reevaluating
ChatterBot India reevaluating
ChatterBot Bravo reevaluating
ChatterBot Charlie reevaluating
ChatterBot Delta reevaluating
ChatterBot India reevaluating
ChatterBot Bravo reevaluating
ChatterBot Charlie reevaluating
ChatterBot Delta reevaluating
ChatterBot India reevaluating
ChatterBot Bravo reevaluating
ChatterBot Charlie reevaluating
ChatterBot India reevaluating
ChatterBot Bravo reevaluating
ChatterBot Charlie reevaluating
ChatterBot Delta reevaluating
2024-10-14 22:32:16.975755 Uniform: Charlie and Zulu, sending you 2
2024-10-14 22:32:16.977691 Zulu: Charlie, sending you 2
2024-10-14 22:32:16.979141 Charlie: Zulu, sending you 8
2024-10-14 22:32:16.979718 India: Charlie, sending you 1
2024-10-14 22:32:16.983404 Echo: Uniform and Charlie, sending you 1
2024-10-14 22:32:16.984654 Uniform: Juliett and Delta, sending you 5
2024-10-14 22:32:16.985002 Zulu: Juliett, sending you 3
2024-10-14 22:32:16.985384 Delta: Charlie and Zulu, sending you 4
2024-10-14 22:32:16.986413 Romeo: Uniform and Juliett, sending you 3
2024-10-14 22:32:16.986782 Charlie: Juliett and Foxtrot, sending you 3
2024-10-14 22:32:16.987191 India: Zulu, sending you 5
2024-10-14 22:32:16.989255 Echo: Zulu and Delta, sending you 2
2024-10-14 22:32:16.990186 Uniform: Romeo, sending you 4
2024-10-14 22:32:16.990521 Zulu: Delta, India and Foxtrot, sending you 4
2024-10-14 22:32:16.990828 Delta: Juliett and Foxtrot, sending you 3
2024-10-14 22:32:16.991580 Juliett: Charlie, sending you 5
2024-10-14 22:32:16.991930 Romeo: Charlie and Delta, sending you 4
2024-10-14 22:32:16.992198 Bravo: Uniform and Delta, sending you 4
2024-10-14 22:32:16.992578 Charlie: India, sending you 1
2024-10-14 22:32:16.993344 India: Juliett and Delta, sending you 4
2024-10-14 22:32:16.993713 Delta: India, sending you 2
2024-10-14 22:32:16.994889 Echo: India, sending you 4
2024-10-14 22:32:16.995967 Juliett: Zulu, sending you 4
2024-10-14 22:32:16.997150 Romeo: Zulu, sending you 5
2024-10-14 22:32:16.997552 Bravo: Charlie, sending you 2
2024-10-14 22:32:16.998544 India: Foxtrot, sending you 2
2024-10-14 22:32:16.998886 Foxtrot: Charlie and Zulu, sending you 4
2024-10-14 22:32:16.999220 Echo: Bravo, sending you 7
2024-10-14 22:32:17.003214 Juliett: Delta, sending you 1
2024-10-14 22:32:17.004319 Bravo: Echo, sending you 1
2024-10-14 22:32:17.004883 Foxtrot: Juliett, sending you 2
2024-10-14 22:32:17.007974 Juliett: India, sending you 3
2024-10-14 22:32:17.008666 Foxtrot: Delta, sending you 5
2024-10-14 22:32:17.010537 Bravo: Zulu, sending you 5
2024-10-14 22:32:17.011646 Juliett: Foxtrot, sending you 2
2024-10-14 22:32:17.013631 Foxtrot: India, sending you 3
chatterbot Delta submitting transactions
chatterbot Bravo submitting transactions
chatterbot Juliett submitting transactions
chatterbot Foxtrot submitting transactions
chatterbot Charlie submitting transactions
chatterbot Romeo submitting transactions
chatterbot Zulu submitting transactions
chatterbot Echo submitting transactions
chatterbot Uniform submitting transactions
chatterbot India submitting transactions
ChatterBot Uniform round 2
ChatterBot Charlie round 2
ChatterBot Echo round 2
ChatterBot Zulu round 2
ChatterBot Juliett round 2
ChatterBot Delta round 2
ChatterBot India round 2
ChatterBot Romeo round 2
2024-10-14 22:32:19.934545 Echo: We should group up
ChatterBot Bravo reevaluating
ChatterBot Uniform reevaluating
ChatterBot Romeo reevaluating
2024-10-14 22:32:19.998601 Bravo: No
2024-10-14 22:32:19.998932 Uniform: Yes
2024-10-14 22:32:19.999242 Romeo: Yes
ChatterBot Uniform reevaluating
ChatterBot Romeo reevaluating
ChatterBot Bravo reevaluating
ChatterBot Romeo reevaluating
ChatterBot Bravo reevaluating
ChatterBot Uniform reevaluating
2024-10-14 22:32:20.087349 Uniform: Group up?
ChatterBot Bravo reevaluating
ChatterBot Romeo reevaluating
2024-10-14 22:32:20.122346 Echo: Yes
2024-10-14 22:32:20.122711 Bravo: No
2024-10-14 22:32:20.123800 Romeo: Yes
ChatterBot Bravo reevaluating
ChatterBot Uniform reevaluating
ChatterBot Romeo reevaluating
ChatterBot Uniform reevaluating
ChatterBot Romeo reevaluating
ChatterBot Bravo reevaluating
ChatterBot Uniform reevaluating
ChatterBot Bravo round 2
2024-10-14 22:32:20.228069 Zulu: We should group up
ChatterBot Charlie reevaluating
ChatterBot Juliett reevaluating
ChatterBot Delta reevaluating
ChatterBot India reevaluating
ChatterBot Foxtrot reevaluating
ChatterBot Uniform reevaluating
ChatterBot Romeo reevaluating
ChatterBot Bravo reevaluating
2024-10-14 22:32:20.307429 Charlie: No
2024-10-14 22:32:20.307717 Juliett: No
2024-10-14 22:32:20.307897 Delta: No
2024-10-14 22:32:20.308119 India: No
2024-10-14 22:32:20.308957 Foxtrot: No
2024-10-14 22:32:20.309174 Uniform: No
2024-10-14 22:32:20.309387 Romeo: No
2024-10-14 22:32:20.309547 Echo: No
2024-10-14 22:32:20.309744 Bravo: No
ChatterBot Juliett reevaluating
ChatterBot Delta reevaluating
ChatterBot India reevaluating
ChatterBot Foxtrot reevaluating
ChatterBot Uniform reevaluating
ChatterBot Romeo reevaluating
ChatterBot Bravo reevaluating
ChatterBot Charlie reevaluating
ChatterBot Delta reevaluating
ChatterBot India reevaluating
ChatterBot Foxtrot reevaluating
ChatterBot Uniform reevaluating
ChatterBot Romeo reevaluating
ChatterBot Bravo reevaluating
ChatterBot Charlie reevaluating
ChatterBot Juliett reevaluating
ChatterBot India reevaluating
ChatterBot Foxtrot reevaluating
ChatterBot Uniform reevaluating
ChatterBot Romeo reevaluating
ChatterBot Bravo reevaluating
ChatterBot Charlie reevaluating
ChatterBot Juliett reevaluating
ChatterBot Delta reevaluating
ChatterBot Foxtrot reevaluating
ChatterBot Uniform reevaluating
ChatterBot Romeo reevaluating
ChatterBot Bravo reevaluating
ChatterBot Charlie reevaluating
ChatterBot Juliett reevaluating
ChatterBot Delta reevaluating
ChatterBot India reevaluating
ChatterBot Uniform reevaluating
ChatterBot Romeo reevaluating
ChatterBot Bravo reevaluating
ChatterBot Charlie reevaluating
ChatterBot Juliett reevaluating
ChatterBot Delta reevaluating
ChatterBot India reevaluating
ChatterBot Foxtrot reevaluating
ChatterBot Romeo reevaluating
ChatterBot Bravo reevaluating
ChatterBot Charlie reevaluating
ChatterBot Juliett reevaluating
ChatterBot Delta reevaluating
ChatterBot India reevaluating
ChatterBot Foxtrot reevaluating
ChatterBot Uniform reevaluating
ChatterBot Bravo reevaluating
ChatterBot Charlie reevaluating
ChatterBot Juliett reevaluating
ChatterBot Delta reevaluating
ChatterBot India reevaluating
ChatterBot Foxtrot reevaluating
ChatterBot Uniform reevaluating
ChatterBot Romeo reevaluating
ChatterBot Bravo reevaluating
ChatterBot Charlie reevaluating
ChatterBot Juliett reevaluating
ChatterBot Delta reevaluating
ChatterBot India reevaluating
ChatterBot Foxtrot reevaluating
ChatterBot Uniform reevaluating
ChatterBot Romeo reevaluating
2024-10-14 22:32:20.854550 Juliett: We should add Uniform and Romeo
ChatterBot India reevaluating
ChatterBot Charlie reevaluating
ChatterBot Foxtrot reevaluating
ChatterBot Delta reevaluating
2024-10-14 22:32:20.883217 Zulu: Yes
2024-10-14 22:32:20.883428 India: No
2024-10-14 22:32:20.883585 Charlie: No
2024-10-14 22:32:20.884228 Foxtrot: No
2024-10-14 22:32:20.884422 Delta: Yes
ChatterBot India reevaluating
ChatterBot Juliett reevaluating
ChatterBot Charlie reevaluating
ChatterBot Foxtrot reevaluating
ChatterBot Delta reevaluating
ChatterBot Juliett reevaluating
ChatterBot Charlie reevaluating
ChatterBot Foxtrot reevaluating
ChatterBot Delta reevaluating
ChatterBot India reevaluating
ChatterBot Juliett reevaluating
ChatterBot Foxtrot reevaluating
ChatterBot Delta reevaluating
ChatterBot India reevaluating
ChatterBot Juliett reevaluating
ChatterBot Charlie reevaluating
ChatterBot Delta reevaluating
ChatterBot India reevaluating
ChatterBot Juliett reevaluating
ChatterBot Charlie reevaluating
ChatterBot Foxtrot reevaluating
ChatterBot Foxtrot round 2
2024-10-14 22:32:21.136150 Juliett: Uniform and Romeo we want you to join our group
ChatterBot Romeo reevaluating
2024-10-14 22:32:21.151836 Uniform: No
2024-10-14 22:32:21.152625 Romeo: Yes
ChatterBot Romeo reevaluating
ChatterBot Delta reevaluating
2024-10-14 22:32:21.250150 Romeo: We should add India and Foxtrot
ChatterBot Delta reevaluating
2024-10-14 22:32:21.285132 Uniform: No
2024-10-14 22:32:21.285414 Juliett: Yes
2024-10-14 22:32:21.285596 Delta: Yes
2024-10-14 22:32:21.286186 Zulu: Yes
2024-10-14 22:32:21.286354 Charlie: Yes
ChatterBot Romeo reevaluating
ChatterBot Delta reevaluating
ChatterBot Romeo reevaluating
ChatterBot Delta reevaluating
ChatterBot Romeo reevaluating
ChatterBot Romeo reevaluating
ChatterBot Delta reevaluating
ChatterBot Romeo reevaluating
ChatterBot Delta reevaluating
2024-10-14 22:32:21.462601 Charlie: Zulu and India, sending you 2
2024-10-14 22:32:21.463578 Zulu: Uniform and Echo, sending you 1
2024-10-14 22:32:21.464060 Echo: Uniform and Romeo, sending you 4
2024-10-14 22:32:21.464345 Uniform: Echo, sending you 5
2024-10-14 22:32:21.465026 Delta: Uniform and Romeo we want you to join our group
2024-10-14 22:32:21.478079 Uniform: No
2024-10-14 22:32:21.478735 Romeo: Yes
ChatterBot Delta reevaluating
ChatterBot Delta reevaluating
2024-10-14 22:32:21.595645 Romeo: India and Foxtrot we want you to join our group
2024-10-14 22:32:21.681901 India: No
2024-10-14 22:32:21.682214 Foxtrot: No
ChatterBot Delta reevaluating
ChatterBot Delta reevaluating
2024-10-14 22:32:21.775108 Zulu: Charlie, sending you 3
2024-10-14 22:32:21.776628 Charlie: Juliett, sending you 5
2024-10-14 22:32:21.777274 Uniform: Romeo, sending you 6
2024-10-14 22:32:21.778205 Echo: Bravo, sending you 10
2024-10-14 22:32:21.778684 Foxtrot: Charlie and Delta, sending you 4
chatterbot Juliett submitting transactions
chatterbot Uniform submitting transactions
2024-10-14 22:32:21.780357 Bravo: Uniform and Romeo, sending you 2
2024-10-14 22:32:21.781207 Zulu: Juliett, Delta, India, Romeo, Bravo and Foxtrot, sending you 2
2024-10-14 22:32:21.782022 Juliett: Uniform, sending you 3
2024-10-14 22:32:21.783145 India: Charlie, sending you 2
2024-10-14 22:32:21.783797 Charlie: Delta and Foxtrot, sending you 3
2024-10-14 22:32:21.784917 Uniform: Bravo, sending you 7
2024-10-14 22:32:21.785412 Foxtrot: Zulu, sending you 5
2024-10-14 22:32:21.786487 Bravo: Echo, sending you 9
2024-10-14 22:32:21.791586 Juliett: Charlie, Zulu, Delta, India, Romeo and Foxtrot, sending you 2
2024-10-14 22:32:21.792073 India: Zulu, sending you 5
2024-10-14 22:32:21.793113 Foxtrot: Juliett, sending you 3
2024-10-14 22:32:21.800277 Foxtrot: India, sending you 2
2024-10-14 22:32:21.801805 India: Juliett, Delta and Foxtrot, sending you 3
2024-10-14 22:32:21.803347 Romeo: Uniform, sending you 7
2024-10-14 22:32:21.819119 Delta: Uniform, Zulu, India, Romeo, Bravo and Foxtrot, sending you 3
2024-10-14 22:32:21.855345 Delta: Echo, sending you 1
chatterbot Bravo submitting transactions
chatterbot Zulu submitting transactions
chatterbot Echo submitting transactions
chatterbot Charlie submitting transactions
chatterbot India submitting transactions
chatterbot Foxtrot submitting transactions
chatterbot Romeo submitting transactions
chatterbot Delta submitting transactions
ChatterBot Uniform round 3
ChatterBot Charlie round 3
ChatterBot Echo round 3
ChatterBot Zulu round 3
ChatterBot Juliett round 3
ChatterBot Delta round 3
ChatterBot India round 3
ChatterBot Romeo round 3
2024-10-14 22:32:22.894166 Uniform: We should add Delta
ChatterBot Echo reevaluating
ChatterBot Bravo reevaluating
ChatterBot Romeo reevaluating
2024-10-14 22:32:22.910308 Echo: No
2024-10-14 22:32:22.910697 Bravo: Yes
2024-10-14 22:32:22.911468 Romeo: Yes
ChatterBot Bravo reevaluating
ChatterBot Uniform reevaluating
ChatterBot Romeo reevaluating
ChatterBot Echo reevaluating
ChatterBot Uniform reevaluating
ChatterBot Romeo reevaluating
ChatterBot Echo reevaluating
ChatterBot Bravo reevaluating
ChatterBot Uniform reevaluating
2024-10-14 22:32:22.939101 Bravo: Group up?
ChatterBot Zulu reevaluating
ChatterBot Charlie reevaluating
ChatterBot Juliett reevaluating
ChatterBot Delta reevaluating
ChatterBot Uniform reevaluating
ChatterBot Romeo reevaluating
ChatterBot Echo reevaluating
2024-10-14 22:32:22.963975 Zulu: Yes
2024-10-14 22:32:22.964270 Charlie: No
2024-10-14 22:32:22.964457 Juliett: No
2024-10-14 22:32:22.964627 Delta: No
2024-10-14 22:32:22.965321 India: No
2024-10-14 22:32:22.965514 Foxtrot: No
2024-10-14 22:32:22.965699 Uniform: No
2024-10-14 22:32:22.965840 Romeo: No
2024-10-14 22:32:22.966038 Echo: No
ChatterBot Charlie reevaluating
ChatterBot Juliett reevaluating
ChatterBot Delta reevaluating
ChatterBot Uniform reevaluating
ChatterBot Romeo reevaluating
ChatterBot Echo reevaluating
ChatterBot Bravo reevaluating
ChatterBot Zulu reevaluating
ChatterBot Juliett reevaluating
ChatterBot Delta reevaluating
ChatterBot Uniform reevaluating
ChatterBot Romeo reevaluating
ChatterBot Echo reevaluating
ChatterBot Bravo reevaluating
ChatterBot Zulu reevaluating
ChatterBot Charlie reevaluating
ChatterBot Delta reevaluating
ChatterBot Uniform reevaluating
ChatterBot Romeo reevaluating
ChatterBot Echo reevaluating
ChatterBot Bravo reevaluating
ChatterBot Zulu reevaluating
ChatterBot Charlie reevaluating
ChatterBot Juliett reevaluating
ChatterBot Uniform reevaluating
ChatterBot Romeo reevaluating
ChatterBot Echo reevaluating
ChatterBot Bravo reevaluating
ChatterBot Zulu reevaluating
ChatterBot Charlie reevaluating
ChatterBot Juliett reevaluating
ChatterBot Delta reevaluating
ChatterBot Uniform reevaluating
ChatterBot Romeo reevaluating
ChatterBot Echo reevaluating
ChatterBot Bravo reevaluating
ChatterBot Zulu reevaluating
ChatterBot Charlie reevaluating
ChatterBot Juliett reevaluating
ChatterBot Delta reevaluating
ChatterBot Uniform reevaluating
ChatterBot Romeo reevaluating
ChatterBot Echo reevaluating
ChatterBot Bravo reevaluating
ChatterBot Zulu reevaluating
ChatterBot Charlie reevaluating
ChatterBot Juliett reevaluating
ChatterBot Delta reevaluating
ChatterBot Romeo reevaluating
ChatterBot Echo reevaluating
ChatterBot Bravo reevaluating
ChatterBot Zulu reevaluating
ChatterBot Charlie reevaluating
ChatterBot Juliett reevaluating
ChatterBot Delta reevaluating
ChatterBot Uniform reevaluating
ChatterBot Echo reevaluating
ChatterBot Bravo reevaluating
ChatterBot Zulu reevaluating
ChatterBot Charlie reevaluating
ChatterBot Juliett reevaluating
ChatterBot Delta reevaluating
ChatterBot Uniform reevaluating
ChatterBot Romeo reevaluating
ChatterBot Bravo reevaluating
ChatterBot Bravo round 3
ChatterBot Foxtrot round 3
2024-10-14 22:32:23.298490 Juliett: We should drop Uniform
2024-10-14 22:32:23.318662 Charlie: Yes
2024-10-14 22:32:23.318890 Zulu: No
2024-10-14 22:32:23.319078 Delta: Yes
2024-10-14 22:32:23.319247 India: Yes
2024-10-14 22:32:23.319410 Foxtrot: Yes
2024-10-14 22:32:23.319962 Romeo: No
ChatterBot Juliett reevaluating
ChatterBot Zulu reevaluating
ChatterBot Juliett reevaluating
ChatterBot Juliett reevaluating
ChatterBot Zulu reevaluating
ChatterBot Juliett reevaluating
ChatterBot Charlie reevaluating
ChatterBot Zulu reevaluating
ChatterBot Juliett reevaluating
ChatterBot Charlie reevaluating
ChatterBot Zulu reevaluating
ChatterBot Juliett reevaluating
ChatterBot Charlie reevaluating
ChatterBot Zulu reevaluating
2024-10-14 22:32:23.440039 Echo: Uniform, sending you 6
2024-10-14 22:32:23.443737 Echo: Romeo, sending you 4
2024-10-14 22:32:23.448698 Echo: Bravo, sending you 9
2024-10-14 22:32:23.449717 Uniform: Echo, sending you 5
2024-10-14 22:32:23.451661 Romeo: Uniform, sending you 7
2024-10-14 22:32:23.452692 Bravo: Uniform, sending you 3
2024-10-14 22:32:23.453526 Uniform: Romeo, sending you 7
2024-10-14 22:32:23.455680 Zulu: Charlie and India, sending you 4
2024-10-14 22:32:23.456810 Foxtrot: Charlie, Zulu and Delta, sending you 4
2024-10-14 22:32:23.457292 Romeo: Echo, sending you 5
2024-10-14 22:32:23.457684 Bravo: Echo, sending you 6
2024-10-14 22:32:23.458076 Uniform: Bravo, sending you 6
2024-10-14 22:32:23.458690 Delta: Charlie and Juliett, sending you 2
2024-10-14 22:32:23.459545 India: Charlie, Juliett, Delta and Foxtrot, sending you 3
2024-10-14 22:32:23.459976 Foxtrot: Juliett and India, sending you 3
2024-10-14 22:32:23.460681 Zulu: Juliett, Delta and Foxtrot, sending you 3
2024-10-14 22:32:23.461131 Romeo: Bravo, sending you 2
2024-10-14 22:32:23.461752 Bravo: Zulu and Delta, sending you 2
2024-10-14 22:32:23.462665 Delta: Zulu, India and Foxtrot, sending you 4
2024-10-14 22:32:23.463671 India: Zulu, sending you 4
2024-10-14 22:32:23.464834 Bravo: Juliett, India and Romeo, sending you 1
2024-10-14 22:32:23.470679 Juliett: Charlie, Zulu and India, sending you 3
2024-10-14 22:32:23.474988 Juliett: Delta, Romeo and Foxtrot, sending you 2
chatterbot Romeo submitting transactions
chatterbot Zulu submitting transactions
chatterbot Juliett submitting transactions
chatterbot Bravo submitting transactions
chatterbot Foxtrot submitting transactions
chatterbot Echo submitting transactions
chatterbot Uniform submitting transactions
chatterbot India submitting transactions
chatterbot Delta submitting transactions
chatterbot Charlie submitting transactions
ChatterBot Uniform round 4
ChatterBot Charlie round 4
ChatterBot Echo round 4
ChatterBot Zulu round 4
ChatterBot Juliett round 4
ChatterBot Delta round 4
ChatterBot India round 4
ChatterBot Romeo round 4
ChatterBot Bravo round 4
ChatterBot Foxtrot round 4
2024-10-14 22:32:24.662544 Charlie: We should drop Delta
2024-10-14 22:32:24.676760 Zulu: No
2024-10-14 22:32:24.677115 Juliett: No
2024-10-14 22:32:24.677378 India: No
2024-10-14 22:32:24.677563 Foxtrot: No
ChatterBot Charlie reevaluating
ChatterBot Charlie reevaluating
ChatterBot Charlie reevaluating
2024-10-14 22:32:24.723403 Juliett: We should drop Romeo
ChatterBot Charlie reevaluating
2024-10-14 22:32:24.740413 Zulu: Yes
2024-10-14 22:32:24.740718 India: Yes
2024-10-14 22:32:24.740986 Charlie: Yes
2024-10-14 22:32:24.741323 Foxtrot: Yes
2024-10-14 22:32:24.742016 Delta: Yes
ChatterBot Charlie reevaluating
ChatterBot Charlie reevaluating
ChatterBot Charlie reevaluating
ChatterBot Charlie reevaluating
2024-10-14 22:32:24.831479 Zulu: Charlie and India, sending you 4
2024-10-14 22:32:24.835641 Uniform: Echo, sending you 6
2024-10-14 22:32:24.836572 Echo: Uniform, sending you 6
2024-10-14 22:32:24.838664 Zulu: Juliett, Delta and Foxtrot, sending you 3
2024-10-14 22:32:24.839903 Delta: Charlie, sending you 1
2024-10-14 22:32:24.841877 India: Charlie, Juliett, Delta and Foxtrot, sending you 3
2024-10-14 22:32:24.843335 Uniform: Romeo, sending you 7
2024-10-14 22:32:24.845068 Bravo: Uniform, sending you 5
2024-10-14 22:32:24.845914 Echo: Romeo, sending you 5
2024-10-14 22:32:24.846787 Delta: Zulu, sending you 5
2024-10-14 22:32:24.848896 India: Zulu, sending you 4
2024-10-14 22:32:24.850453 Uniform: Bravo, sending you 5
2024-10-14 22:32:24.851179 Bravo: Echo, sending you 7
2024-10-14 22:32:24.851681 Echo: Bravo, sending you 8
2024-10-14 22:32:24.853061 Foxtrot: Charlie, Zulu and Delta, sending you 4
2024-10-14 22:32:24.853831 Juliett: Charlie, sending you 4
2024-10-14 22:32:24.854523 Romeo: Uniform, sending you 6
2024-10-14 22:32:24.855003 Delta: Juliett, sending you 3
2024-10-14 22:32:24.856688 Bravo: Delta and Romeo, sending you 2
2024-10-14 22:32:24.857021 Foxtrot: Juliett and India, sending you 3
2024-10-14 22:32:24.857541 Juliett: Zulu, India and Foxtrot, sending you 3
2024-10-14 22:32:24.858969 Romeo: Echo, sending you 5
2024-10-14 22:32:24.860679 Delta: India and Foxtrot, sending you 4
2024-10-14 22:32:24.862701 Juliett: Delta, sending you 2
2024-10-14 22:32:24.863515 Romeo: Bravo, sending you 2
2024-10-14 22:32:24.869677 Charlie: Zulu, Juliett and Foxtrot, sending you 4
2024-10-14 22:32:24.874646 Charlie: India, sending you 3
chatterbot Zulu submitting transactions
chatterbot Echo submitting transactions
chatterbot Romeo submitting transactions
chatterbot Delta submitting transactions
chatterbot Bravo submitting transactions
chatterbot Uniform submitting transactions
chatterbot Charlie submitting transactions
chatterbot India submitting transactions
chatterbot Foxtrot submitting transactions
chatterbot Juliett submitting transactions
ChatterBot Uniform round 5
ChatterBot Charlie round 5
ChatterBot Echo round 5
ChatterBot Zulu round 5
ChatterBot Juliett round 5
ChatterBot Delta round 5
ChatterBot India round 5
ChatterBot Romeo round 5
ChatterBot Bravo round 5
ChatterBot Foxtrot round 5
2024-10-14 22:32:25.885682 Uniform: Sending you each 6
2024-10-14 22:32:25.888029 Charlie: Zulu, Juliett and Foxtrot, sending you 4
2024-10-14 22:32:25.890991 India: Charlie, Juliett, Delta and Foxtrot, sending you 3
2024-10-14 22:32:25.891687 Romeo: Uniform, sending you 7
2024-10-14 22:32:25.892042 Charlie: India, sending you 3
2024-10-14 22:32:25.892329 Zulu: Charlie, Delta and India, sending you 4
2024-10-14 22:32:25.892771 Bravo: Uniform, sending you 5
2024-10-14 22:32:25.893139 Echo: Uniform and Romeo, sending you 6
2024-10-14 22:32:25.895642 India: Zulu, sending you 4
2024-10-14 22:32:25.895994 Juliett: Charlie, sending you 4
2024-10-14 22:32:25.896330 Zulu: Juliett, sending you 2
2024-10-14 22:32:25.897060 Romeo: Echo, sending you 6
2024-10-14 22:32:25.897491 Echo: Bravo, sending you 7
2024-10-14 22:32:25.897923 Delta: Zulu and India, sending you 5
2024-10-14 22:32:25.898653 Foxtrot: Charlie, Zulu and Delta, sending you 4
2024-10-14 22:32:25.899582 Bravo: Echo, sending you 7
2024-10-14 22:32:25.900435 Juliett: Zulu, India and Foxtrot, sending you 3
2024-10-14 22:32:25.901157 Zulu: Foxtrot, sending you 3
2024-10-14 22:32:25.901858 Romeo: Bravo, sending you 2
2024-10-14 22:32:25.902421 Delta: Juliett, sending you 3
2024-10-14 22:32:25.903792 Bravo: Delta and Romeo, sending you 2
2024-10-14 22:32:25.904537 Foxtrot: Juliett and India, sending you 3
2024-10-14 22:32:25.905268 Juliett: Delta, sending you 2
2024-10-14 22:32:25.907131 Delta: Foxtrot, sending you 4
chatterbot Juliett submitting transactions
chatterbot Echo submitting transactions
chatterbot Zulu submitting transactions
chatterbot Bravo submitting transactions
chatterbot Uniform submitting transactions
chatterbot Delta submitting transactions
chatterbot Foxtrot submitting transactions
chatterbot Romeo submitting transactions
chatterbot India submitting transactions
chatterbot Charlie submitting transactions
ChatterBot Uniform round 6
ChatterBot Charlie round 6
ChatterBot Echo round 6
ChatterBot Zulu round 6
ChatterBot Juliett round 6
ChatterBot Delta round 6
ChatterBot India round 6
ChatterBot Romeo round 6
ChatterBot Bravo round 6
ChatterBot Foxtrot round 6
2024-10-14 22:32:26.924672 Echo: Uniform and Romeo, sending you 6
2024-10-14 22:32:26.925692 Charlie: Zulu, Juliett and Foxtrot, sending you 4
2024-10-14 22:32:26.926680 Romeo: Uniform, sending you 7
2024-10-14 22:32:26.928665 Echo: Bravo, sending you 7
2024-10-14 22:32:26.929124 India: Charlie and Juliett, sending you 3
2024-10-14 22:32:26.929737 Charlie: India, sending you 3
2024-10-14 22:32:26.930305 Romeo: Echo, sending you 6
2024-10-14 22:32:26.932687 India: Zulu and Delta, sending you 4
2024-10-14 22:32:26.934707 Juliett: Charlie, sending you 4
2024-10-14 22:32:26.935524 Romeo: Bravo, sending you 2
2024-10-14 22:32:26.937674 India: Foxtrot, sending you 2
2024-10-14 22:32:26.939136 Zulu: Charlie, Delta and India, sending you 4
2024-10-14 22:32:26.939996 Juliett: Zulu, India and Foxtrot, sending you 3
2024-10-14 22:32:26.940900 Delta: Zulu, sending you 5
2024-10-14 22:32:26.941691 Uniform: Same as last round
2024-10-14 22:32:26.942704 Foxtrot: Charlie, Zulu and Delta, sending you 4
2024-10-14 22:32:26.944688 Zulu: Juliett, sending you 2
2024-10-14 22:32:26.945443 Juliett: Delta, sending you 2
2024-10-14 22:32:26.946166 Bravo: Uniform, sending you 5
2024-10-14 22:32:26.946762 Delta: Juliett, sending you 3
2024-10-14 22:32:26.947686 Foxtrot: Juliett and India, sending you 3
2024-10-14 22:32:26.948476 Zulu: Foxtrot, sending you 3
2024-10-14 22:32:26.950670 Delta: India and Foxtrot, sending you 4
2024-10-14 22:32:26.951679 Bravo: Echo, sending you 7
2024-10-14 22:32:26.955669 Bravo: Delta and Romeo, sending you 2
chatterbot Charlie submitting transactions
chatterbot Uniform submitting transactions
chatterbot Juliett submitting transactions
chatterbot Delta submitting transactions
chatterbot Bravo submitting transactions
chatterbot Zulu submitting transactions
chatterbot India submitting transactions
chatterbot Foxtrot submitting transactions
chatterbot Echo submitting transactions
chatterbot Romeo submitting transactions
ChatterBot Uniform round 7
ChatterBot Charlie round 7
ChatterBot Echo round 7
ChatterBot Zulu round 7
ChatterBot Juliett round 7
ChatterBot Delta round 7
ChatterBot India round 7
ChatterBot Romeo round 7
ChatterBot Bravo round 7
ChatterBot Foxtrot round 7
2024-10-14 22:32:28.017698 Charlie: We should replace Juliett with Delta
2024-10-14 22:32:28.025392 Zulu: No
2024-10-14 22:32:28.025559 India: No
2024-10-14 22:32:28.025707 Foxtrot: No
ChatterBot Charlie reevaluating
ChatterBot Charlie reevaluating
ChatterBot Charlie reevaluating
2024-10-14 22:32:28.056789 Bravo: We should replace Delta with Foxtrot
2024-10-14 22:32:28.062760 Echo: No
2024-10-14 22:32:28.062895 Uniform: No
2024-10-14 22:32:28.063014 Romeo: No
ChatterBot Bravo reevaluating
ChatterBot Bravo reevaluating
ChatterBot Bravo reevaluating
2024-10-14 22:32:28.089749 Charlie: Delta we want you to join our group
2024-10-14 22:32:28.092345 Delta: Yes
ChatterBot Charlie reevaluating
2024-10-14 22:32:28.103189 Delta: Zulu and India, sending you 5
2024-10-14 22:32:28.105676 Echo: Uniform and Romeo, sending you 6
2024-10-14 22:32:28.106047 Zulu: Charlie, Delta and India, sending you 4
2024-10-14 22:32:28.106700 Delta: Juliett, sending you 3
2024-10-14 22:32:28.107392 Uniform: Same as last round
2024-10-14 22:32:28.107836 Romeo: Uniform and Echo, sending you 7
2024-10-14 22:32:28.108257 India: Charlie, Juliett, Delta and Foxtrot, sending you 3
2024-10-14 22:32:28.108835 Juliett: Charlie, sending you 4
2024-10-14 22:32:28.109374 Echo: Bravo, sending you 7
2024-10-14 22:32:28.110159 Zulu: Juliett, sending you 2
2024-10-14 22:32:28.110710 Delta: Foxtrot, sending you 4
2024-10-14 22:32:28.111668 Romeo: Bravo, sending you 3
2024-10-14 22:32:28.112049 India: Zulu, sending you 4
2024-10-14 22:32:28.112668 Juliett: Zulu, India and Foxtrot, sending you 3
2024-10-14 22:32:28.114674 Zulu: Foxtrot, sending you 3
2024-10-14 22:32:28.115671 Juliett: Delta, sending you 2
2024-10-14 22:32:28.123662 Charlie: Zulu, sending you 5
2024-10-14 22:32:28.124695 Bravo: Uniform, sending you 5
2024-10-14 22:32:28.127662 Foxtrot: Charlie, Zulu and Delta, sending you 4
2024-10-14 22:32:28.128474 Bravo: Echo, sending you 7
2024-10-14 22:32:28.128809 Charlie: Delta, sending you 2
2024-10-14 22:32:28.131671 Foxtrot: Juliett and India, sending you 3
2024-10-14 22:32:28.132673 Charlie: India and Foxtrot, sending you 4
2024-10-14 22:32:28.133685 Bravo: Delta, sending you 1
2024-10-14 22:32:28.138667 Bravo: Romeo, sending you 3
chatterbot Uniform submitting transactions
chatterbot India submitting transactions
chatterbot Bravo submitting transactions
chatterbot Zulu submitting transactions
chatterbot Romeo submitting transactions
chatterbot Charlie submitting transactions
chatterbot Echo submitting transactions
chatterbot Foxtrot submitting transactions
chatterbot Juliett submitting transactions
chatterbot Delta submitting transactions
ChatterBot Uniform round 8
ChatterBot Charlie round 8
ChatterBot Echo round 8
ChatterBot Zulu round 8
ChatterBot Juliett round 8
ChatterBot Delta round 8
ChatterBot India round 8
ChatterBot Romeo round 8
ChatterBot Bravo round 8
ChatterBot Foxtrot round 8
2024-10-14 22:32:29.275659 Uniform: Same as last round
2024-10-14 22:32:29.278327 Delta: Charlie, sending you 1
2024-10-14 22:32:29.279194 Juliett: Sending you each 3
2024-10-14 22:32:29.280705 Echo: Uniform and Romeo, sending you 6
2024-10-14 22:32:29.282116 India: Charlie and Juliett, sending you 3
2024-10-14 22:32:29.282852 Zulu: Charlie and Delta, sending you 4
2024-10-14 22:32:29.283674 Charlie: Zulu, sending you 5
2024-10-14 22:32:29.284072 Foxtrot: Charlie, Zulu and Delta, sending you 4
2024-10-14 22:32:29.285300 Delta: Zulu, sending you 5
2024-10-14 22:32:29.286674 Echo: Bravo, sending you 7
2024-10-14 22:32:29.287150 Zulu: Juliett, India and Foxtrot, sending you 3
2024-10-14 22:32:29.288804 India: Zulu and Delta, sending you 4
2024-10-14 22:32:29.289678 Foxtrot: Juliett and India, sending you 3
2024-10-14 22:32:29.290279 Charlie: Delta, sending you 2
2024-10-14 22:32:29.290749 Delta: Juliett, sending you 3
2024-10-14 22:32:29.293679 Charlie: India and Foxtrot, sending you 4
2024-10-14 22:32:29.294465 Bravo: Uniform, sending you 5
2024-10-14 22:32:29.294917 India: Foxtrot, sending you 2
2024-10-14 22:32:29.296886 Romeo: Uniform and Echo, sending you 7
2024-10-14 22:32:29.297466 Delta: India and Foxtrot, sending you 4
2024-10-14 22:32:29.298582 Bravo: Echo, sending you 6
2024-10-14 22:32:29.301713 Romeo: Bravo, sending you 3
2024-10-14 22:32:29.304680 Bravo: Delta, sending you 2
2024-10-14 22:32:29.308660 Bravo: Romeo, sending you 3
chatterbot Bravo submitting transactions
chatterbot Juliett submitting transactions
chatterbot Delta submitting transactions
chatterbot Foxtrot submitting transactions
chatterbot Zulu submitting transactions
chatterbot Charlie submitting transactions
chatterbot Romeo submitting transactions
chatterbot India submitting transactions
chatterbot Echo submitting transactions
chatterbot Uniform submitting transactions
ChatterBot Uniform round 9
ChatterBot Charlie round 9
ChatterBot Echo round 9
ChatterBot Zulu round 9
ChatterBot Juliett round 9
ChatterBot Delta round 9
ChatterBot India round 9
ChatterBot Romeo round 9
ChatterBot Bravo round 9
ChatterBot Foxtrot round 9
2024-10-14 22:32:30.491678 Uniform: Same as last round
2024-10-14 22:32:30.492686 Charlie: Zulu, sending you 5
2024-10-14 22:32:30.494691 Delta: Zulu and India, sending you 5
2024-10-14 22:32:30.495684 Echo: Uniform and Romeo, sending you 6
2024-10-14 22:32:30.497711 Charlie: Delta, sending you 2
2024-10-14 22:32:30.498291 India: Charlie, Juliett, Delta and Foxtrot, sending you 3
2024-10-14 22:32:30.499066 Juliett: Same as last round
2024-10-14 22:32:30.499711 Echo: Bravo, sending you 7
2024-10-14 22:32:30.500281 Delta: Juliett, sending you 3
2024-10-14 22:32:30.501680 India: Zulu, sending you 4
2024-10-14 22:32:30.502667 Charlie: India and Foxtrot, sending you 4
2024-10-14 22:32:30.503092 Bravo: Uniform, sending you 5
2024-10-14 22:32:30.503661 Delta: Foxtrot, sending you 4
2024-10-14 22:32:30.504666 Romeo: Uniform and Echo, sending you 7
2024-10-14 22:32:30.506842 Bravo: Echo, sending you 7
2024-10-14 22:32:30.507670 Zulu: Charlie and Delta, sending you 4
2024-10-14 22:32:30.508663 Romeo: Bravo, sending you 3
2024-10-14 22:32:30.511192 Zulu: Juliett, India and Foxtrot, sending you 3
2024-10-14 22:32:30.511918 Bravo: Delta, sending you 1
2024-10-14 22:32:30.513662 Foxtrot: Charlie, Zulu and Delta, sending you 4
2024-10-14 22:32:30.515077 Bravo: Romeo, sending you 3
2024-10-14 22:32:30.517669 Foxtrot: Juliett and India, sending you 3
chatterbot India submitting transactions
chatterbot Delta submitting transactions
chatterbot Charlie submitting transactions
chatterbot Bravo submitting transactions
chatterbot Uniform submitting transactions
chatterbot Foxtrot submitting transactions
chatterbot Echo submitting transactions
chatterbot Juliett submitting transactions
chatterbot Romeo submitting transactions
chatterbot Zulu submitting transactions
ChatterBot Uniform round 10
ChatterBot Charlie round 10
ChatterBot Echo round 10
ChatterBot Zulu round 10
ChatterBot Juliett round 10
ChatterBot Delta round 10
ChatterBot India round 10
ChatterBot Romeo round 10
ChatterBot Bravo round 10
ChatterBot Foxtrot round 10
2024-10-14 22:32:31.724676 Bravo: We should replace Delta with Juliett
2024-10-14 22:32:31.731738 Echo: No
2024-10-14 22:32:31.731988 Uniform: No
2024-10-14 22:32:31.732128 Romeo: No
ChatterBot Bravo reevaluating
ChatterBot Bravo reevaluating
ChatterBot Bravo reevaluating
2024-10-14 22:32:31.765676 Uniform: Same as last round
2024-10-14 22:32:31.769767 Bravo: Juliett we want you to join our group
2024-10-14 22:32:31.772768 Juliett: No
ChatterBot Bravo reevaluating
2024-10-14 22:32:31.784861 Charlie: Zulu, sending you 5
2024-10-14 22:32:31.787650 Juliett: Charlie, sending you 2
2024-10-14 22:32:31.788869 Foxtrot: Charlie, Zulu and Delta, sending you 4
2024-10-14 22:32:31.789664 Charlie: Delta, sending you 2
2024-10-14 22:32:31.790018 Delta: Charlie, sending you 1
2024-10-14 22:32:31.790703 Zulu: Charlie and Delta, sending you 4
2024-10-14 22:32:31.791684 Romeo: Uniform and Echo, sending you 7
2024-10-14 22:32:31.792496 India: Charlie, Zulu, Juliett and Foxtrot, sending you 3
2024-10-14 22:32:31.793144 Echo: Uniform and Romeo, sending you 6
2024-10-14 22:32:31.793561 Juliett: Zulu, Delta and Foxtrot, sending you 3
2024-10-14 22:32:31.794190 Delta: Zulu, sending you 5
2024-10-14 22:32:31.794819 Foxtrot: Juliett and India, sending you 3
2024-10-14 22:32:31.795783 Charlie: India and Foxtrot, sending you 4
2024-10-14 22:32:31.796140 Romeo: Bravo, sending you 3
2024-10-14 22:32:31.796651 Zulu: Juliett, India and Foxtrot, sending you 3
2024-10-14 22:32:31.797480 India: Delta, sending you 4
2024-10-14 22:32:31.798282 Echo: Bravo, sending you 7
2024-10-14 22:32:31.798675 Juliett: India, sending you 4
2024-10-14 22:32:31.799858 Delta: Juliett, sending you 3
2024-10-14 22:32:31.804343 Delta: India and Foxtrot, sending you 4
2024-10-14 22:32:31.823656 Bravo: Uniform, sending you 5
2024-10-14 22:32:31.827666 Bravo: Echo, sending you 7
2024-10-14 22:32:31.830673 Bravo: Juliett, sending you 1
2024-10-14 22:32:31.834651 Bravo: Romeo, sending you 3
chatterbot Uniform submitting transactions
chatterbot Romeo submitting transactions
chatterbot Juliett submitting transactions
chatterbot India submitting transactions
chatterbot Echo submitting transactions
chatterbot Charlie submitting transactions
chatterbot Delta submitting transactions
chatterbot Foxtrot submitting transactions
chatterbot Bravo submitting transactions
chatterbot Zulu submitting transactions
ChatterBot Uniform round 11
ChatterBot Charlie round 11
ChatterBot Echo round 11
ChatterBot Zulu round 11
ChatterBot Juliett round 11
ChatterBot Delta round 11
ChatterBot India round 11
ChatterBot Romeo round 11
ChatterBot Bravo round 11
ChatterBot Foxtrot round 11
2024-10-14 22:32:33.081951 India: Charlie, Zulu, Juliett and Foxtrot, sending you 3
2024-10-14 22:32:33.086096 Romeo: Uniform and Echo, sending you 7
2024-10-14 22:32:33.087263 Juliett: Charlie, sending you 2
2024-10-14 22:32:33.089504 Zulu: Charlie and Delta, sending you 4
2024-10-14 22:32:33.091250 Delta: Charlie, sending you 2
2024-10-14 22:32:33.093512 India: Delta, sending you 4
2024-10-14 22:32:33.094909 Bravo: Uniform, sending you 5
2024-10-14 22:32:33.096265 Uniform: Same as last round
2024-10-14 22:32:33.097293 Charlie: Zulu, sending you 5
2024-10-14 22:32:33.099031 Echo: Uniform and Romeo, sending you 6
2024-10-14 22:32:33.100001 Romeo: Bravo, sending you 4
2024-10-14 22:32:33.100902 Juliett: Zulu, sending you 4
2024-10-14 22:32:33.103599 Foxtrot: Charlie, Zulu and Delta, sending you 4
2024-10-14 22:32:33.106010 Zulu: Juliett, India and Foxtrot, sending you 3
2024-10-14 22:32:33.107807 Delta: Zulu, sending you 5
2024-10-14 22:32:33.109903 Bravo: Echo, sending you 7
2024-10-14 22:32:33.110689 Charlie: Delta, sending you 2
2024-10-14 22:32:33.112383 Echo: Bravo, sending you 7
2024-10-14 22:32:33.112967 Juliett: Delta, India and Foxtrot, sending you 3
2024-10-14 22:32:33.114166 Foxtrot: Juliett and India, sending you 3
2024-10-14 22:32:33.116259 Delta: Juliett, sending you 3
2024-10-14 22:32:33.117448 Bravo: Juliett, sending you 1
2024-10-14 22:32:33.118937 Charlie: India and Foxtrot, sending you 4
2024-10-14 22:32:33.120679 Delta: India and Foxtrot, sending you 4
2024-10-14 22:32:33.123679 Bravo: Romeo, sending you 3
chatterbot Foxtrot submitting transactions
chatterbot Uniform submitting transactions
chatterbot Zulu submitting transactions
chatterbot Juliett submitting transactions
chatterbot Echo submitting transactions
chatterbot Delta submitting transactions
chatterbot Romeo submitting transactions
chatterbot Bravo submitting transactions
chatterbot Charlie submitting transactions
chatterbot India submitting transactions
ChatterBot Uniform round 12
ChatterBot Charlie round 12
ChatterBot Echo round 12
ChatterBot Zulu round 12
ChatterBot Juliett round 12
ChatterBot Delta round 12
ChatterBot India round 12
ChatterBot Romeo round 12
ChatterBot Bravo round 12
ChatterBot Foxtrot round 12
2024-10-14 22:32:34.331729 Uniform: Same as last round
2024-10-14 22:32:34.334710 Foxtrot: Charlie, Zulu and Delta, sending you 4
2024-10-14 22:32:34.338383 Charlie: Zulu, sending you 5
2024-10-14 22:32:34.339567 India: Charlie, Zulu, Juliett and Foxtrot, sending you 3
2024-10-14 22:32:34.342386 Foxtrot: Juliett and India, sending you 3
