ChatterBot Hotel round 1
ChatterBot Echo round 1
ChatterBot Oscar round 1
ChatterBot Bravo round 1
ChatterBot Alpha round 1
ChatterBot Victor round 1
ChatterBot Foxtrot round 1
ChatterBot Kilo round 1
ChatterBot Mike round 1
ChatterBot Charlie round 1
randomSelections Hotel: {Hotel, Oscar, Alpha, Foxtrot, Kilo, Victor} 
2024-10-14 22:32:16.817666 Hotel: We would work well together
ChatterBot Oscar reevaluating
ChatterBot Alpha reevaluating
ChatterBot Foxtrot reevaluating
ChatterBot Kilo reevaluating
ChatterBot Victor reevaluating
2024-10-14 22:32:16.831292 Oscar: Yes
2024-10-14 22:32:16.832353 Alpha: Yes
2024-10-14 22:32:16.832558 Foxtrot: Yes
2024-10-14 22:32:16.832815 Kilo: Yes
2024-10-14 22:32:16.832988 Victor: Yes
ChatterBot Alpha reevaluating
ChatterBot Foxtrot reevaluating
ChatterBot Kilo reevaluating
ChatterBot Victor reevaluating
ChatterBot Oscar reevaluating
ChatterBot Foxtrot reevaluating
ChatterBot Kilo reevaluating
ChatterBot Victor reevaluating
ChatterBot Oscar reevaluating
ChatterBot Alpha reevaluating
ChatterBot Kilo reevaluating
ChatterBot Victor reevaluating
ChatterBot Oscar reevaluating
ChatterBot Alpha reevaluating
ChatterBot Foxtrot reevaluating
ChatterBot Victor reevaluating
ChatterBot Oscar reevaluating
ChatterBot Alpha reevaluating
ChatterBot Foxtrot reevaluating
ChatterBot Kilo reevaluating
randomSelections Echo: {Echo, Bravo, Victor, Alpha, Foxtrot, Oscar, Kilo} 
2024-10-14 22:32:16.904821 Echo: Can we be friends?
ChatterBot Bravo reevaluating
ChatterBot Victor reevaluating
ChatterBot Alpha reevaluating
ChatterBot Foxtrot reevaluating
ChatterBot Oscar reevaluating
ChatterBot Kilo reevaluating
2024-10-14 22:32:16.916277 Bravo: Yes
2024-10-14 22:32:16.916942 Victor: No
2024-10-14 22:32:16.917112 Alpha: No
2024-10-14 22:32:16.917256 Foxtrot: No
2024-10-14 22:32:16.917490 Oscar: No
2024-10-14 22:32:16.917677 Kilo: No
ChatterBot Victor reevaluating
ChatterBot Alpha reevaluating
ChatterBot Foxtrot reevaluating
ChatterBot Oscar reevaluating
ChatterBot Kilo reevaluating
ChatterBot Bravo reevaluating
ChatterBot Alpha reevaluating
ChatterBot Foxtrot reevaluating
ChatterBot Oscar reevaluating
ChatterBot Kilo reevaluating
ChatterBot Bravo reevaluating
ChatterBot Victor reevaluating
ChatterBot Foxtrot reevaluating
ChatterBot Oscar reevaluating
ChatterBot Kilo reevaluating
ChatterBot Bravo reevaluating
ChatterBot Victor reevaluating
ChatterBot Alpha reevaluating
ChatterBot Oscar reevaluating
ChatterBot Kilo reevaluating
ChatterBot Bravo reevaluating
ChatterBot Victor reevaluating
ChatterBot Alpha reevaluating
ChatterBot Foxtrot reevaluating
ChatterBot Kilo reevaluating
ChatterBot Bravo reevaluating
ChatterBot Victor reevaluating
ChatterBot Alpha reevaluating
ChatterBot Foxtrot reevaluating
ChatterBot Oscar reevaluating
randomSelections Mike: {Mike, Foxtrot, Charlie, Bravo, Victor, Echo, Alpha, Oscar} 
2024-10-14 22:32:17.014595 Mike: Group up?
ChatterBot Foxtrot reevaluating
ChatterBot Charlie reevaluating
ChatterBot Bravo reevaluating
ChatterBot Victor reevaluating
ChatterBot Alpha reevaluating
ChatterBot Oscar reevaluating
2024-10-14 22:32:17.034509 Foxtrot: No
2024-10-14 22:32:17.034811 Charlie: Yes
2024-10-14 22:32:17.035685 Bravo: No
2024-10-14 22:32:17.035924 Victor: No
2024-10-14 22:32:17.036159 Echo: No
2024-10-14 22:32:17.036388 Alpha: No
2024-10-14 22:32:17.036608 Oscar: No
ChatterBot Charlie reevaluating
ChatterBot Bravo reevaluating
ChatterBot Victor reevaluating
ChatterBot Alpha reevaluating
ChatterBot Oscar reevaluating
ChatterBot Foxtrot reevaluating
ChatterBot Bravo reevaluating
ChatterBot Victor reevaluating
ChatterBot Alpha reevaluating
ChatterBot Oscar reevaluating
ChatterBot Foxtrot reevaluating
ChatterBot Charlie reevaluating
ChatterBot Victor reevaluating
ChatterBot Alpha reevaluating
ChatterBot Oscar reevaluating
ChatterBot Foxtrot reevaluating
ChatterBot Charlie reevaluating
ChatterBot Bravo reevaluating
ChatterBot Alpha reevaluating
ChatterBot Oscar reevaluating
ChatterBot Foxtrot reevaluating
ChatterBot Charlie reevaluating
ChatterBot Bravo reevaluating
ChatterBot Victor reevaluating
ChatterBot Alpha reevaluating
ChatterBot Oscar reevaluating
ChatterBot Foxtrot reevaluating
ChatterBot Charlie reevaluating
ChatterBot Bravo reevaluating
ChatterBot Victor reevaluating
ChatterBot Oscar reevaluating
ChatterBot Foxtrot reevaluating
ChatterBot Charlie reevaluating
ChatterBot Bravo reevaluating
ChatterBot Victor reevaluating
ChatterBot Alpha reevaluating
2024-10-14 22:32:17.173029 Kilo: Hotel and Foxtrot, sending you 3
2024-10-14 22:32:17.176784 Oscar: Hotel, sending you 4
2024-10-14 22:32:17.177208 Bravo: Echo and Oscar, sending you 1
2024-10-14 22:32:17.177522 Kilo: Oscar and Alpha, sending you 2
2024-10-14 22:32:17.178671 Echo: Oscar, sending you 2
2024-10-14 22:32:17.178989 Mike: Echo, Victor and Foxtrot, sending you 2
2024-10-14 22:32:17.180681 Hotel: Oscar, sending you 3
2024-10-14 22:32:17.181129 Bravo: Alpha, sending you 5
2024-10-14 22:32:17.181420 Kilo: Victor, sending you 5
2024-10-14 22:32:17.182118 Victor: Sending you each 2
2024-10-14 22:32:17.182535 Oscar: Alpha, sending you 2
2024-10-14 22:32:17.183919 Echo: Bravo and Kilo, sending you 3
2024-10-14 22:32:17.184507 Mike: Oscar and Alpha, sending you 1
2024-10-14 22:32:17.184832 Hotel: Alpha, sending you 1
2024-10-14 22:32:17.185110 Bravo: Foxtrot, sending you 2
2024-10-14 22:32:17.186093 Alpha: Hotel and Kilo, sending you 4
2024-10-14 22:32:17.186447 Oscar: Victor, sending you 1
2024-10-14 22:32:17.187872 Echo: Alpha and Foxtrot, sending you 1
2024-10-14 22:32:17.188682 Mike: Bravo, sending you 4
2024-10-14 22:32:17.188966 Foxtrot: Hotel and Oscar, sending you 4
2024-10-14 22:32:17.189700 Hotel: Victor, sending you 2
2024-10-14 22:32:17.190010 Alpha: Oscar, sending you 1
2024-10-14 22:32:17.190688 Oscar: Foxtrot, sending you 3
2024-10-14 22:32:17.191779 Echo: Victor, sending you 5
2024-10-14 22:32:17.192692 Charlie: Echo, Oscar and Foxtrot, sending you 1
2024-10-14 22:32:17.193564 Hotel: Foxtrot, sending you 7
2024-10-14 22:32:17.193954 Mike: Charlie, sending you 3
2024-10-14 22:32:17.194389 Foxtrot: Alpha and Victor, sending you 2
2024-10-14 22:32:17.194760 Alpha: Victor, sending you 6
2024-10-14 22:32:17.195732 Oscar: Kilo, sending you 5
2024-10-14 22:32:17.196203 Charlie: Bravo, Victor and Mike, sending you 3
2024-10-14 22:32:17.197652 Hotel: Kilo, sending you 5
2024-10-14 22:32:17.198018 Foxtrot: Kilo, sending you 3
2024-10-14 22:32:17.199140 Alpha: Foxtrot, sending you 3
2024-10-14 22:32:17.199734 Charlie: Alpha, sending you 6
chatterbot Kilo submitting transactions
chatterbot Hotel submitting transactions
chatterbot Bravo submitting transactions
chatterbot Victor submitting transactions
chatterbot Oscar submitting transactions
chatterbot Echo submitting transactions
chatterbot Alpha submitting transactions
chatterbot Mike submitting transactions
chatterbot Foxtrot submitting transactions
chatterbot Charlie submitting transactions
ChatterBot Hotel round 2
ChatterBot Echo round 2
ChatterBot Oscar round 2
ChatterBot Bravo round 2
ChatterBot Alpha round 2
ChatterBot Victor round 2
ChatterBot Foxtrot round 2
ChatterBot Kilo round 2
ChatterBot Mike round 2
ChatterBot Charlie round 2
2024-10-14 22:32:19.350519 Mike: Can we be friends?
ChatterBot Charlie reevaluating
2024-10-14 22:32:19.355436 Charlie: Yes
2024-10-14 22:32:19.359689 Charlie: We should add Hotel and Kilo
ChatterBot Foxtrot reevaluating
ChatterBot Bravo reevaluating
ChatterBot Victor reevaluating
ChatterBot Echo reevaluating
ChatterBot Alpha reevaluating
ChatterBot Oscar reevaluating
2024-10-14 22:32:19.385976 Mike: No
2024-10-14 22:32:19.386101 Foxtrot: Yes
2024-10-14 22:32:19.386229 Bravo: No
2024-10-14 22:32:19.386340 Victor: Yes
2024-10-14 22:32:19.386446 Echo: No
2024-10-14 22:32:19.386545 Alpha: Yes
2024-10-14 22:32:19.386653 Oscar: Yes
ChatterBot Foxtrot reevaluating
ChatterBot Charlie reevaluating
ChatterBot Bravo reevaluating
ChatterBot Victor reevaluating
ChatterBot Echo reevaluating
ChatterBot Alpha reevaluating
ChatterBot Oscar reevaluating
ChatterBot Charlie reevaluating
ChatterBot Bravo reevaluating
ChatterBot Victor reevaluating
ChatterBot Echo reevaluating
ChatterBot Alpha reevaluating
ChatterBot Oscar reevaluating
ChatterBot Foxtrot reevaluating
ChatterBot Charlie reevaluating
ChatterBot Victor reevaluating
ChatterBot Echo reevaluating
ChatterBot Alpha reevaluating
ChatterBot Oscar reevaluating
ChatterBot Foxtrot reevaluating
ChatterBot Charlie reevaluating
ChatterBot Bravo reevaluating
ChatterBot Echo reevaluating
ChatterBot Alpha reevaluating
ChatterBot Oscar reevaluating
ChatterBot Foxtrot reevaluating
ChatterBot Charlie reevaluating
ChatterBot Bravo reevaluating
ChatterBot Victor reevaluating
ChatterBot Alpha reevaluating
ChatterBot Oscar reevaluating
ChatterBot Mike reevaluating
ChatterBot Foxtrot reevaluating
ChatterBot Charlie reevaluating
ChatterBot Bravo reevaluating
ChatterBot Victor reevaluating
ChatterBot Echo reevaluating
ChatterBot Oscar reevaluating
ChatterBot Mike reevaluating
ChatterBot Foxtrot reevaluating
ChatterBot Charlie reevaluating
ChatterBot Bravo reevaluating
ChatterBot Victor reevaluating
ChatterBot Echo reevaluating
ChatterBot Alpha reevaluating
2024-10-14 22:32:19.607986 Alpha: We should add Mike and Charlie
ChatterBot Hotel reevaluating
ChatterBot Oscar reevaluating
ChatterBot Foxtrot reevaluating
ChatterBot Kilo reevaluating
ChatterBot Victor reevaluating
2024-10-14 22:32:19.630007 Hotel: No
2024-10-14 22:32:19.630220 Oscar: No
2024-10-14 22:32:19.630328 Foxtrot: No
2024-10-14 22:32:19.630440 Kilo: No
2024-10-14 22:32:19.630600 Victor: No
ChatterBot Oscar reevaluating
ChatterBot Alpha reevaluating
ChatterBot Foxtrot reevaluating
ChatterBot Kilo reevaluating
ChatterBot Victor reevaluating
ChatterBot Hotel reevaluating
ChatterBot Alpha reevaluating
ChatterBot Foxtrot reevaluating
ChatterBot Kilo reevaluating
ChatterBot Victor reevaluating
ChatterBot Hotel reevaluating
ChatterBot Oscar reevaluating
ChatterBot Alpha reevaluating
ChatterBot Kilo reevaluating
ChatterBot Victor reevaluating
ChatterBot Hotel reevaluating
ChatterBot Oscar reevaluating
ChatterBot Alpha reevaluating
ChatterBot Foxtrot reevaluating
ChatterBot Victor reevaluating
ChatterBot Hotel reevaluating
ChatterBot Oscar reevaluating
ChatterBot Alpha reevaluating
ChatterBot Foxtrot reevaluating
ChatterBot Kilo reevaluating
2024-10-14 22:32:19.795482 Kilo: Echo we want you to join our group
2024-10-14 22:32:19.799828 Echo: No
ChatterBot Alpha reevaluating
2024-10-14 22:32:19.818916 Alpha: We should add Echo
2024-10-14 22:32:19.834187 Hotel: No
2024-10-14 22:32:19.834359 Oscar: No
2024-10-14 22:32:19.834503 Foxtrot: No
2024-10-14 22:32:19.835048 Kilo: Yes
2024-10-14 22:32:19.835147 Victor: No
ChatterBot Alpha reevaluating
ChatterBot Alpha reevaluating
ChatterBot Alpha reevaluating
ChatterBot Alpha reevaluating
ChatterBot Alpha reevaluating
2024-10-14 22:32:20.034509 Hotel: Oscar, sending you 5
2024-10-14 22:32:20.035764 Echo: Bravo and Charlie, sending you 4
2024-10-14 22:32:20.036263 Victor: Same as last round
2024-10-14 22:32:20.037680 Mike: Sending you 15
2024-10-14 22:32:20.038732 Bravo: Echo and Charlie, sending you 5
2024-10-14 22:32:20.039176 Oscar: Hotel, sending you 4
2024-10-14 22:32:20.042815 Charlie: We would work well together
ChatterBot Mike reevaluating
ChatterBot Alpha reevaluating
2024-10-14 22:32:20.084300 Mike: Yes
2024-10-14 22:32:20.085247 Hotel: No
2024-10-14 22:32:20.085593 Oscar: No
2024-10-14 22:32:20.085921 Alpha: No
2024-10-14 22:32:20.087030 Victor: No
2024-10-14 22:32:20.087295 Foxtrot: No
2024-10-14 22:32:20.087748 Kilo: No
ChatterBot Charlie reevaluating
ChatterBot Alpha reevaluating
ChatterBot Charlie reevaluating
ChatterBot Mike reevaluating
ChatterBot Alpha reevaluating
ChatterBot Kilo reevaluating
ChatterBot Charlie reevaluating
ChatterBot Mike reevaluating
ChatterBot Alpha reevaluating
ChatterBot Kilo reevaluating
ChatterBot Charlie reevaluating
ChatterBot Mike reevaluating
ChatterBot Kilo reevaluating
ChatterBot Charlie reevaluating
ChatterBot Mike reevaluating
ChatterBot Alpha reevaluating
ChatterBot Kilo reevaluating
ChatterBot Charlie reevaluating
ChatterBot Mike reevaluating
ChatterBot Alpha reevaluating
ChatterBot Kilo reevaluating
ChatterBot Charlie reevaluating
ChatterBot Mike reevaluating
ChatterBot Alpha reevaluating
2024-10-14 22:32:20.318313 Hotel: Alpha and Foxtrot, sending you 4
2024-10-14 22:32:20.319317 Echo: Mike, sending you 7
2024-10-14 22:32:20.319630 Bravo: Mike, sending you 6
2024-10-14 22:32:20.319844 Oscar: Alpha, sending you 1
2024-10-14 22:32:20.320160 Foxtrot: Hotel, sending you 4
chatterbot Hotel submitting transactions
chatterbot Echo submitting transactions
chatterbot Kilo submitting transactions
chatterbot Oscar submitting transactions
2024-10-14 22:32:20.321666 Hotel: Victor, sending you 2
2024-10-14 22:32:20.332335 Oscar: Victor and Kilo, sending you 3
2024-10-14 22:32:20.333463 Foxtrot: Oscar, Alpha and Kilo, sending you 3
2024-10-14 22:32:20.333810 Hotel: Kilo, sending you 3
2024-10-14 22:32:20.347122 Oscar: Foxtrot, sending you 5
2024-10-14 22:32:20.347712 Foxtrot: Victor, sending you 1
2024-10-14 22:32:20.358360 Mike: Hotel, Oscar, Alpha and Victor, sending you 1
2024-10-14 22:32:20.359314 Alpha: Hotel, sending you 2
2024-10-14 22:32:20.368356 Charlie: Mike, sending you 10
2024-10-14 22:32:20.369279 Mike: Charlie, sending you 11
2024-10-14 22:32:20.369705 Kilo: Hotel, Oscar and Alpha, sending you 3
2024-10-14 22:32:20.370462 Alpha: Oscar, Victor, Foxtrot and Kilo, sending you 4
2024-10-14 22:32:20.378312 Kilo: Echo, Victor and Foxtrot, sending you 2
chatterbot Victor submitting transactions
chatterbot Charlie submitting transactions
chatterbot Mike submitting transactions
chatterbot Bravo submitting transactions
chatterbot Charlie submitting transactions
chatterbot Foxtrot submitting transactions
chatterbot Alpha submitting transactions
ChatterBot Hotel round 3
ChatterBot Echo round 3
ChatterBot Oscar round 3
ChatterBot Bravo round 3
ChatterBot Alpha round 3
ChatterBot Victor round 3
ChatterBot Foxtrot round 3
ChatterBot Kilo round 3
ChatterBot Mike round 3
ChatterBot Charlie round 3
2024-10-14 22:32:21.300187 Kilo: We should drop Echo
2024-10-14 22:32:21.315402 Hotel: Yes
2024-10-14 22:32:21.315693 Oscar: Yes
2024-10-14 22:32:21.315828 Alpha: Yes
2024-10-14 22:32:21.315941 Foxtrot: Yes
2024-10-14 22:32:21.316057 Victor: Yes
chatterbot Kilo submitting transactions
2024-10-14 22:32:21.412355 Hotel: Oscar, sending you 4
2024-10-14 22:32:21.413018 Alpha: Hotel, Foxtrot and Kilo, sending you 4
2024-10-14 22:32:21.428051 Kilo: Hotel, Oscar and Foxtrot, sending you 3
2024-10-14 22:32:21.428782 Hotel: Alpha and Kilo, sending you 3
2024-10-14 22:32:21.429788 Alpha: Oscar and Victor, sending you 3
2024-10-14 22:32:21.430401 Mike: Echo and Bravo, sending you 4
2024-10-14 22:32:21.431328 Victor: Same as last round
2024-10-14 22:32:21.431934 Foxtrot: Hotel, sending you 4
2024-10-14 22:32:21.432983 Charlie: Mike, sending you 10
2024-10-14 22:32:21.433491 Bravo: Echo, sending you 8
2024-10-14 22:32:21.434288 Oscar: Hotel and Foxtrot, sending you 4
2024-10-14 22:32:21.434898 Echo: Bravo, sending you 7
2024-10-14 22:32:21.435271 Kilo: Alpha, sending you 4
2024-10-14 22:32:21.436242 Hotel: Victor, sending you 2
2024-10-14 22:32:21.437383 Mike: Charlie, sending you 7
2024-10-14 22:32:21.437736 Bravo: Mike, sending you 5
2024-10-14 22:32:21.438036 Foxtrot: Oscar and Alpha, sending you 3
2024-10-14 22:32:21.439061 Echo: Mike, sending you 3
2024-10-14 22:32:21.439364 Kilo: Victor, sending you 2
2024-10-14 22:32:21.440441 Oscar: Alpha and Kilo, sending you 3
2024-10-14 22:32:21.466792 Hotel: Foxtrot, sending you 6
2024-10-14 22:32:21.467294 Bravo: Charlie, sending you 3
2024-10-14 22:32:21.467593 Foxtrot: Victor and Kilo, sending you 2
2024-10-14 22:32:21.468607 Echo: Charlie, sending you 1
2024-10-14 22:32:21.468932 Oscar: Victor, sending you 2
chatterbot Mike submitting transactions
chatterbot Echo submitting transactions
chatterbot Kilo submitting transactions
chatterbot Victor submitting transactions
chatterbot Alpha submitting transactions
chatterbot Foxtrot submitting transactions
chatterbot Mike submitting transactions
chatterbot Hotel submitting transactions
chatterbot Charlie submitting transactions
chatterbot Oscar submitting transactions
chatterbot Bravo submitting transactions
ChatterBot Hotel round 4
ChatterBot Echo round 4
ChatterBot Oscar round 4
ChatterBot Bravo round 4
ChatterBot Alpha round 4
ChatterBot Victor round 4
ChatterBot Foxtrot round 4
ChatterBot Kilo round 4
ChatterBot Mike round 4
ChatterBot Charlie round 4
2024-10-14 22:32:22.521659 Hotel: Oscar, sending you 4
2024-10-14 22:32:22.524667 Echo: Bravo, sending you 7
2024-10-14 22:32:22.526083 Hotel: Alpha and Kilo, sending you 3
2024-10-14 22:32:22.527761 Charlie: Echo, sending you 2
2024-10-14 22:32:22.529128 Echo: Mike, sending you 5
2024-10-14 22:32:22.530655 Foxtrot: Hotel, Oscar and Alpha, sending you 3
2024-10-14 22:32:22.532084 Hotel: Victor, sending you 2
2024-10-14 22:32:22.532693 Victor: Same as last round
2024-10-14 22:32:22.533264 Charlie: Bravo, sending you 4
2024-10-14 22:32:22.533672 Oscar: Hotel and Foxtrot, sending you 4
2024-10-14 22:32:22.534768 Foxtrot: Victor and Kilo, sending you 2
2024-10-14 22:32:22.535298 Alpha: Hotel, Foxtrot and Kilo, sending you 4
2024-10-14 22:32:22.535835 Hotel: Foxtrot, sending you 6
2024-10-14 22:32:22.536677 Charlie: Mike, sending you 10
2024-10-14 22:32:22.538674 Oscar: Alpha and Kilo, sending you 3
2024-10-14 22:32:22.539675 Bravo: Echo, sending you 8
2024-10-14 22:32:22.540031 Kilo: Sending you each 3
2024-10-14 22:32:22.540930 Alpha: Oscar and Victor, sending you 3
2024-10-14 22:32:22.541501 Mike: Echo and Bravo, sending you 4
2024-10-14 22:32:22.542674 Oscar: Victor, sending you 2
2024-10-14 22:32:22.543705 Bravo: Mike, sending you 6
2024-10-14 22:32:22.546717 Mike: Charlie, sending you 7
2024-10-14 22:32:22.547684 Bravo: Charlie, sending you 2
chatterbot Bravo submitting transactions
chatterbot Foxtrot submitting transactions
chatterbot Kilo submitting transactions
chatterbot Charlie submitting transactions
chatterbot Echo submitting transactions
chatterbot Hotel submitting transactions
chatterbot Mike submitting transactions
chatterbot Alpha submitting transactions
chatterbot Victor submitting transactions
chatterbot Oscar submitting transactions
ChatterBot Hotel round 5
ChatterBot Echo round 5
ChatterBot Oscar round 5
ChatterBot Bravo round 5
ChatterBot Alpha round 5
ChatterBot Victor round 5
ChatterBot Foxtrot round 5
ChatterBot Kilo round 5
ChatterBot Mike round 5
ChatterBot Charlie round 5
2024-10-14 22:32:23.750680 Mike: Echo and Bravo, sending you 4
2024-10-14 22:32:23.752711 Charlie: Mike, sending you 11
2024-10-14 22:32:23.755687 Mike: Charlie, sending you 7
2024-10-14 22:32:23.756003 Hotel: Oscar and Alpha, sending you 4
2024-10-14 22:32:23.756522 Alpha: Hotel, Foxtrot and Kilo, sending you 4
2024-10-14 22:32:23.757060 Foxtrot: Hotel, Oscar and Alpha, sending you 3
2024-10-14 22:32:23.757934 Echo: Bravo, sending you 7
2024-10-14 22:32:23.758688 Victor: Same as last round
2024-10-14 22:32:23.759675 Hotel: Victor, sending you 2
2024-10-14 22:32:23.760261 Alpha: Oscar and Victor, sending you 3
2024-10-14 22:32:23.760748 Oscar: Hotel and Foxtrot, sending you 4
2024-10-14 22:32:23.761623 Kilo: Same as last round
2024-10-14 22:32:23.762078 Foxtrot: Victor and Kilo, sending you 2
2024-10-14 22:32:23.762517 Echo: Mike, sending you 5
2024-10-14 22:32:23.762846 Bravo: Echo, sending you 7
2024-10-14 22:32:23.763138 Hotel: Foxtrot, sending you 5
2024-10-14 22:32:23.765672 Oscar: Alpha and Kilo, sending you 3
2024-10-14 22:32:23.766187 Echo: Charlie, sending you 2
2024-10-14 22:32:23.766670 Hotel: Kilo, sending you 3
2024-10-14 22:32:23.767695 Bravo: Mike, sending you 5
2024-10-14 22:32:23.769657 Oscar: Victor, sending you 2
2024-10-14 22:32:23.771666 Bravo: Charlie, sending you 4
chatterbot Bravo submitting transactions
chatterbot Foxtrot submitting transactions
chatterbot Oscar submitting transactions
chatterbot Victor submitting transactions
chatterbot Charlie submitting transactions
chatterbot Alpha submitting transactions
chatterbot Hotel submitting transactions
chatterbot Kilo submitting transactions
chatterbot Echo submitting transactions
chatterbot Mike submitting transactions
ChatterBot Hotel round 6
ChatterBot Echo round 6
ChatterBot Oscar round 6
ChatterBot Bravo round 6
ChatterBot Alpha round 6
ChatterBot Victor round 6
ChatterBot Foxtrot round 6
ChatterBot Kilo round 6
ChatterBot Mike round 6
ChatterBot Charlie round 6
2024-10-14 22:32:24.970938 Echo: Bravo, sending you 7
2024-10-14 22:32:24.973715 Echo: Mike, sending you 6
2024-10-14 22:32:24.975816 Kilo: Same as last round
2024-10-14 22:32:24.976605 Alpha: Hotel, Foxtrot and Kilo, sending you 4
2024-10-14 22:32:24.977277 Echo: Charlie, sending you 1
2024-10-14 22:32:24.977677 Victor: Same as last round
2024-10-14 22:32:24.978872 Hotel: Oscar, sending you 5
2024-10-14 22:32:24.979723 Oscar: Hotel and Foxtrot, sending you 4
2024-10-14 22:32:24.980411 Foxtrot: Hotel, Oscar, Alpha and Kilo, sending you 3
2024-10-14 22:32:24.981941 Alpha: Oscar and Victor, sending you 3
2024-10-14 22:32:24.982691 Mike: Echo and Bravo, sending you 4
2024-10-14 22:32:24.983158 Charlie: Echo, sending you 2
2024-10-14 22:32:24.983673 Hotel: Alpha and Foxtrot, sending you 4
2024-10-14 22:32:24.984175 Foxtrot: Victor, sending you 2
2024-10-14 22:32:24.985359 Oscar: Alpha and Kilo, sending you 3
2024-10-14 22:32:24.986695 Mike: Charlie, sending you 7
2024-10-14 22:32:24.987659 Charlie: Bravo, sending you 4
2024-10-14 22:32:24.988037 Bravo: Echo, sending you 8
2024-10-14 22:32:24.988695 Hotel: Victor, sending you 2
2024-10-14 22:32:24.990275 Oscar: Victor, sending you 2
2024-10-14 22:32:24.991695 Bravo: Mike, sending you 6
2024-10-14 22:32:24.993412 Charlie: Mike, sending you 11
2024-10-14 22:32:24.994144 Hotel: Kilo, sending you 3
2024-10-14 22:32:24.995676 Bravo: Charlie, sending you 2
chatterbot Foxtrot submitting transactions
chatterbot Victor submitting transactions
chatterbot Mike submitting transactions
chatterbot Oscar submitting transactions
chatterbot Charlie submitting transactions
chatterbot Bravo submitting transactions
chatterbot Echo submitting transactions
chatterbot Alpha submitting transactions
chatterbot Kilo submitting transactions
chatterbot Hotel submitting transactions
ChatterBot Hotel round 7
ChatterBot Echo round 7
ChatterBot Oscar round 7
ChatterBot Bravo round 7
ChatterBot Alpha round 7
ChatterBot Victor round 7
ChatterBot Foxtrot round 7
ChatterBot Kilo round 7
ChatterBot Mike round 7
ChatterBot Charlie round 7
2024-10-14 22:32:26.154808 Charlie: We should replace Alpha with Victor
2024-10-14 22:32:26.166667 Bravo: No
2024-10-14 22:32:26.166853 Echo: No
2024-10-14 22:32:26.167019 Mike: No
2024-10-14 22:32:26.189304 Charlie: Victor we want you to join our group
2024-10-14 22:32:26.191956 Victor: No
2024-10-14 22:32:26.202302 Hotel: Oscar, sending you 5
2024-10-14 22:32:26.202780 Bravo: Echo, sending you 8
2024-10-14 22:32:26.205796 Oscar: Hotel and Foxtrot, sending you 4
2024-10-14 22:32:26.206648 Hotel: Alpha and Foxtrot, sending you 4
2024-10-14 22:32:26.207068 Bravo: Mike, sending you 5
2024-10-14 22:32:26.207309 Echo: Bravo, sending you 7
2024-10-14 22:32:26.207548 Foxtrot: Hotel, Oscar, Alpha and Kilo, sending you 3
2024-10-14 22:32:26.208053 Victor: Same as last round
2024-10-14 22:32:26.208675 Alpha: Hotel, Foxtrot and Kilo, sending you 4
2024-10-14 22:32:26.209140 Oscar: Alpha and Kilo, sending you 3
2024-10-14 22:32:26.209698 Echo: Mike, sending you 6
2024-10-14 22:32:26.210678 Hotel: Victor, sending you 2
2024-10-14 22:32:26.211214 Foxtrot: Victor, sending you 2
2024-10-14 22:32:26.211824 Mike: Echo and Bravo, sending you 4
2024-10-14 22:32:26.212143 Bravo: Charlie, sending you 3
2024-10-14 22:32:26.212387 Alpha: Oscar and Victor, sending you 3
2024-10-14 22:32:26.212865 Oscar: Victor, sending you 2
2024-10-14 22:32:26.213338 Kilo: Same as last round
2024-10-14 22:32:26.213757 Echo: Charlie, sending you 1
2024-10-14 22:32:26.214005 Hotel: Kilo, sending you 3
2024-10-14 22:32:26.215686 Mike: Charlie, sending you 7
2024-10-14 22:32:26.221676 Charlie: Echo, sending you 2
2024-10-14 22:32:26.225664 Charlie: Bravo, sending you 4
2024-10-14 22:32:26.229057 Charlie: Mike, sending you 12
chatterbot Bravo submitting transactions
chatterbot Mike submitting transactions
chatterbot Alpha submitting transactions
chatterbot Oscar submitting transactions
chatterbot Kilo submitting transactions
chatterbot Foxtrot submitting transactions
chatterbot Victor submitting transactions
chatterbot Hotel submitting transactions
chatterbot Echo submitting transactions
chatterbot Charlie submitting transactions
ChatterBot Hotel round 8
ChatterBot Echo round 8
ChatterBot Oscar round 8
ChatterBot Bravo round 8
ChatterBot Alpha round 8
ChatterBot Victor round 8
ChatterBot Foxtrot round 8
ChatterBot Kilo round 8
ChatterBot Mike round 8
ChatterBot Charlie round 8
2024-10-14 22:32:27.449663 Echo: Bravo, sending you 7
2024-10-14 22:32:27.451657 Oscar: Hotel and Foxtrot, sending you 4
2024-10-14 22:32:27.454683 Echo: Mike, sending you 6
2024-10-14 22:32:27.455686 Oscar: Alpha and Kilo, sending you 3
2024-10-14 22:32:27.458677 Bravo: Echo, sending you 7
2024-10-14 22:32:27.459658 Mike: Echo and Bravo, sending you 4
2024-10-14 22:32:27.460690 Echo: Charlie, sending you 1
2024-10-14 22:32:27.461067 Oscar: Victor, sending you 2
2024-10-14 22:32:27.461744 Hotel: Oscar, sending you 5
2024-10-14 22:32:27.462573 Victor: Same as last round
2024-10-14 22:32:27.463627 Foxtrot: Hotel, Oscar, Alpha and Kilo, sending you 3
2024-10-14 22:32:27.464365 Bravo: Mike, sending you 5
2024-10-14 22:32:27.464725 Mike: Charlie, sending you 7
2024-10-14 22:32:27.466698 Hotel: Alpha and Foxtrot, sending you 4
2024-10-14 22:32:27.467504 Foxtrot: Victor, sending you 2
2024-10-14 22:32:27.468273 Charlie: Echo, sending you 1
2024-10-14 22:32:27.469700 Bravo: Charlie, sending you 4
2024-10-14 22:32:27.470078 Alpha: Hotel, Foxtrot and Kilo, sending you 4
2024-10-14 22:32:27.470772 Kilo: Same as last round
2024-10-14 22:32:27.471491 Hotel: Victor, sending you 2
2024-10-14 22:32:27.472848 Charlie: Bravo, sending you 4
2024-10-14 22:32:27.473697 Alpha: Oscar and Victor, sending you 3
2024-10-14 22:32:27.476727 Hotel: Kilo, sending you 3
2024-10-14 22:32:27.477429 Charlie: Mike, sending you 13
chatterbot Hotel submitting transactions
chatterbot Kilo submitting transactions
chatterbot Foxtrot submitting transactions
chatterbot Victor submitting transactions
chatterbot Bravo submitting transactions
chatterbot Mike submitting transactions
chatterbot Alpha submitting transactions
chatterbot Oscar submitting transactions
chatterbot Charlie submitting transactions
chatterbot Echo submitting transactions
ChatterBot Hotel round 9
ChatterBot Echo round 9
ChatterBot Oscar round 9
ChatterBot Bravo round 9
ChatterBot Alpha round 9
ChatterBot Victor round 9
ChatterBot Foxtrot round 9
ChatterBot Kilo round 9
ChatterBot Mike round 9
ChatterBot Charlie round 9
2024-10-14 22:32:28.688561 Charlie: We should replace Victor with Oscar
2024-10-14 22:32:28.705859 Bravo: No
2024-10-14 22:32:28.706294 Echo: No
2024-10-14 22:32:28.706601 Mike: No
ChatterBot Charlie reevaluating
ChatterBot Charlie reevaluating
ChatterBot Charlie reevaluating
2024-10-14 22:32:28.743656 Echo: Bravo, sending you 7
2024-10-14 22:32:28.748667 Echo: Mike, sending you 6
2024-10-14 22:32:28.750098 Bravo: Echo, sending you 7
2024-10-14 22:32:28.751736 Kilo: Same as last round
2024-10-14 22:32:28.754254 Echo: Charlie, sending you 1
2024-10-14 22:32:28.756666 Bravo: Mike, sending you 5
2024-10-14 22:32:28.757758 Hotel: Oscar, sending you 5
2024-10-14 22:32:28.760498 Oscar: Hotel and Foxtrot, sending you 4
2024-10-14 22:32:28.763006 Foxtrot: Hotel, Oscar, Alpha and Kilo, sending you 3
2024-10-14 22:32:28.763842 Mike: Echo and Bravo, sending you 4
2024-10-14 22:32:28.764624 Bravo: Charlie, sending you 4
2024-10-14 22:32:28.765129 Victor: Same as last round
2024-10-14 22:32:28.766681 Hotel: Alpha and Foxtrot, sending you 4
2024-10-14 22:32:28.768609 Alpha: Hotel, Foxtrot and Kilo, sending you 4
2024-10-14 22:32:28.770246 Oscar: Alpha and Kilo, sending you 3
2024-10-14 22:32:28.772225 Foxtrot: Victor, sending you 2
2024-10-14 22:32:28.773646 Mike: Charlie, sending you 7
2024-10-14 22:32:28.775065 Charlie: Echo, sending you 2
2024-10-14 22:32:28.775838 Hotel: Victor, sending you 2
2024-10-14 22:32:28.777076 Alpha: Oscar and Victor, sending you 3
2024-10-14 22:32:28.778487 Oscar: Victor, sending you 2
2024-10-14 22:32:28.780672 Charlie: Bravo, sending you 4
2024-10-14 22:32:28.782245 Hotel: Kilo, sending you 3
2024-10-14 22:32:28.783717 Charlie: Mike, sending you 12
chatterbot Echo submitting transactions
chatterbot Bravo submitting transactions
chatterbot Alpha submitting transactions
chatterbot Victor submitting transactions
chatterbot Oscar submitting transactions
chatterbot Foxtrot submitting transactions
chatterbot Charlie submitting transactions
chatterbot Mike submitting transactions
chatterbot Kilo submitting transactions
chatterbot Hotel submitting transactions
ChatterBot Hotel round 10
ChatterBot Echo round 10
ChatterBot Oscar round 10
ChatterBot Bravo round 10
ChatterBot Alpha round 10
ChatterBot Victor round 10
ChatterBot Foxtrot round 10
ChatterBot Kilo round 10
ChatterBot Mike round 10
ChatterBot Charlie round 10
2024-10-14 22:32:29.908165 Hotel: Oscar, sending you 5
2024-10-14 22:32:29.911708 Hotel: Alpha and Foxtrot, sending you 4
2024-10-14 22:32:29.913647 Mike: Echo and Bravo, sending you 4
2024-10-14 22:32:29.914675 Hotel: Victor, sending you 2
2024-10-14 22:32:29.915655 Echo: Bravo, sending you 7
2024-10-14 22:32:29.916055 Oscar: Hotel, sending you 5
2024-10-14 22:32:29.916944 Mike: Charlie, sending you 7
2024-10-14 22:32:29.918143 Hotel: Kilo, sending you 3
2024-10-14 22:32:29.921223 Echo: Mike, sending you 6
2024-10-14 22:32:29.921688 Foxtrot: Hotel, Oscar, Alpha and Kilo, sending you 3
2024-10-14 22:32:29.922602 Oscar: Alpha and Kilo, sending you 3
2024-10-14 22:32:29.923381 Kilo: Same as last round
2024-10-14 22:32:29.924812 Foxtrot: Victor, sending you 2
2024-10-14 22:32:29.925588 Bravo: Echo, sending you 7
2024-10-14 22:32:29.925997 Alpha: Hotel, Foxtrot and Kilo, sending you 4
2024-10-14 22:32:29.926676 Echo: Charlie, sending you 2
2024-10-14 22:32:29.927250 Charlie: Hotel, Oscar, Foxtrot and Kilo, sending you 4
2024-10-14 22:32:29.927867 Oscar: Victor, sending you 1
2024-10-14 22:32:29.928699 Victor: Same as last round
2024-10-14 22:32:29.930435 Alpha: Oscar and Victor, sending you 3
2024-10-14 22:32:29.931163 Bravo: Mike, sending you 5
2024-10-14 22:32:29.932681 Charlie: Victor, sending you 2
2024-10-14 22:32:29.933095 Oscar: Foxtrot, sending you 4
2024-10-14 22:32:29.935665 Bravo: Charlie, sending you 4
chatterbot Charlie submitting transactions
chatterbot Alpha submitting transactions
chatterbot Mike submitting transactions
chatterbot Echo submitting transactions
chatterbot Kilo submitting transactions
chatterbot Hotel submitting transactions
chatterbot Foxtrot submitting transactions
chatterbot Oscar submitting transactions
chatterbot Victor submitting transactions
chatterbot Bravo submitting transactions
ChatterBot Hotel round 11
ChatterBot Echo round 11
ChatterBot Oscar round 11
ChatterBot Bravo round 11
ChatterBot Alpha round 11
ChatterBot Victor round 11
ChatterBot Foxtrot round 11
ChatterBot Kilo round 11
ChatterBot Mike round 11
ChatterBot Charlie round 11
2024-10-14 22:32:31.056689 Echo: Bravo, sending you 7
2024-10-14 22:32:31.057705 Oscar: Hotel, sending you 5
2024-10-14 22:32:31.060681 Echo: Mike, sending you 6
2024-10-14 22:32:31.062682 Alpha: Hotel, Foxtrot and Kilo, sending you 4
2024-10-14 22:32:31.063845 Oscar: Alpha and Kilo, sending you 3
2024-10-14 22:32:31.065324 Echo: Charlie, sending you 1
2024-10-14 22:32:31.066271 Bravo: Echo, sending you 7
2024-10-14 22:32:31.068680 Alpha: Oscar and Victor, sending you 3
2024-10-14 22:32:31.069729 Oscar: Victor, sending you 1
2024-10-14 22:32:31.070793 Bravo: Mike, sending you 6
2024-10-14 22:32:31.071256 Charlie: Echo, sending you 2
2024-10-14 22:32:31.073659 Kilo: Same as last round
2024-10-14 22:32:31.074381 Oscar: Foxtrot, sending you 4
2024-10-14 22:32:31.075193 Bravo: Charlie, sending you 3
2024-10-14 22:32:31.075746 Charlie: Bravo, sending you 4
2024-10-14 22:32:31.076648 Hotel: Oscar, sending you 5
2024-10-14 22:32:31.078197 Foxtrot: Hotel, Oscar, Alpha and Kilo, sending you 3
2024-10-14 22:32:31.078975 Mike: Echo, sending you 5
2024-10-14 22:32:31.079370 Victor: Same as last round
2024-10-14 22:32:31.080749 Charlie: Mike, sending you 12
2024-10-14 22:32:31.081472 Hotel: Alpha and Foxtrot, sending you 4
2024-10-14 22:32:31.083689 Foxtrot: Victor, sending you 2
2024-10-14 22:32:31.084634 Mike: Bravo, sending you 4
2024-10-14 22:32:31.086176 Hotel: Victor, sending you 2
2024-10-14 22:32:31.087690 Mike: Charlie, sending you 6
2024-10-14 22:32:31.091674 Hotel: Kilo, sending you 3
chatterbot Charlie submitting transactions
chatterbot Bravo submitting transactions
chatterbot Victor submitting transactions
chatterbot Foxtrot submitting transactions
chatterbot Hotel submitting transactions
chatterbot Oscar submitting transactions
chatterbot Mike submitting transactions
chatterbot Kilo submitting transactions
chatterbot Alpha submitting transactions
chatterbot Echo submitting transactions
ChatterBot Hotel round 12
ChatterBot Echo round 12
ChatterBot Oscar round 12
ChatterBot Bravo round 12
ChatterBot Alpha round 12
ChatterBot Victor round 12
ChatterBot Foxtrot round 12
ChatterBot Kilo round 12
ChatterBot Mike round 12
ChatterBot Charlie round 12
2024-10-14 22:32:32.287170 Echo: Bravo, sending you 7
2024-10-14 22:32:32.291666 Echo: Mike, sending you 6
2024-10-14 22:32:32.293806 Bravo: Echo, sending you 7
2024-10-14 22:32:32.294677 Alpha: Hotel, Oscar, Foxtrot and Kilo, sending you 4
2024-10-14 22:32:32.296103 Echo: Charlie, sending you 1
2024-10-14 22:32:32.297226 Mike: Echo, sending you 5
2024-10-14 22:32:32.297859 Bravo: Mike, sending you 6
2024-10-14 22:32:32.298678 Alpha: Victor, sending you 2
2024-10-14 22:32:32.300661 Mike: Bravo, sending you 4
2024-10-14 22:32:32.301212 Bravo: Charlie, sending you 3
2024-10-14 22:32:32.302656 Oscar: Hotel, sending you 5
2024-10-14 22:32:32.304166 Hotel: Oscar, sending you 5
2024-10-14 22:32:32.305101 Kilo: Same as last round
2024-10-14 22:32:32.305931 Foxtrot: Hotel, Oscar, Alpha and Kilo, sending you 3
2024-10-14 22:32:32.307152 Victor: Same as last round
2024-10-14 22:32:32.307913 Mike: Charlie, sending you 6
2024-10-14 22:32:32.308359 Oscar: Alpha and Kilo, sending you 3
2024-10-14 22:32:32.309261 Hotel: Alpha and Foxtrot, sending you 4
2024-10-14 22:32:32.310668 Charlie: Echo, sending you 2
2024-10-14 22:32:32.311252 Foxtrot: Victor, sending you 2
2024-10-14 22:32:32.312662 Oscar: Victor, sending you 1
2024-10-14 22:32:32.313601 Hotel: Victor, sending you 2
2024-10-14 22:32:32.315163 Charlie: Bravo, sending you 4
2024-10-14 22:32:32.316672 Oscar: Foxtrot, sending you 4
2024-10-14 22:32:32.317723 Hotel: Kilo, sending you 3
2024-10-14 22:32:32.319665 Charlie: Mike, sending you 12
chatterbot Kilo submitting transactions
chatterbot Echo submitting transactions
chatterbot Oscar submitting transactions
chatterbot Bravo submitting transactions
chatterbot Alpha submitting transactions
chatterbot Foxtrot submitting transactions
chatterbot Mike submitting transactions
chatterbot Charlie submitting transactions
chatterbot Hotel submitting transactions
chatterbot Victor submitting transactions
ChatterBot Hotel round 13
ChatterBot Echo round 13
ChatterBot Oscar round 13
ChatterBot Bravo round 13
ChatterBot Alpha round 13
ChatterBot Victor round 13
ChatterBot Foxtrot round 13
ChatterBot Kilo round 13
ChatterBot Mike round 13
ChatterBot Charlie round 13
2024-10-14 22:32:33.531703 Oscar: Hotel, sending you 5
2024-10-14 22:32:33.536676 Oscar: Alpha, Foxtrot and Kilo, sending you 3
2024-10-14 22:32:33.538694 Victor: Same as last round
2024-10-14 22:32:33.539803 Alpha: Hotel, Oscar, Foxtrot and Kilo, sending you 4
2024-10-14 22:32:33.541656 Oscar: Victor, sending you 2
2024-10-14 22:32:33.543648 Bravo: Echo, sending you 7
2024-10-14 22:32:33.544450 Hotel: Oscar, sending you 5
2024-10-14 22:32:33.545167 Echo: Bravo and Mike, sending you 7
2024-10-14 22:32:33.545545 Kilo: Same as last round
2024-10-14 22:32:33.546167 Alpha: Victor, sending you 2
2024-10-14 22:32:33.547332 Bravo: Mike, sending you 6
2024-10-14 22:32:33.547839 Foxtrot: Hotel, Alpha and Kilo, sending you 3
2024-10-14 22:32:33.548703 Hotel: Alpha and Foxtrot, sending you 4
2024-10-14 22:32:33.550103 Echo: Charlie, sending you 1
2024-10-14 22:32:33.550648 Bravo: Charlie, sending you 3
2024-10-14 22:32:33.551663 Charlie: Echo, sending you 2
2024-10-14 22:32:33.553678 Foxtrot: Oscar, sending you 4
2024-10-14 22:32:33.554691 Hotel: Victor, sending you 2
2024-10-14 22:32:33.555668 Charlie: Bravo, sending you 4
2024-10-14 22:32:33.557662 Mike: Echo, sending you 5
2024-10-14 22:32:33.558104 Foxtrot: Victor, sending you 2
2024-10-14 22:32:33.559040 Hotel: Kilo, sending you 3
2024-10-14 22:32:33.560240 Charlie: Mike, sending you 12
2024-10-14 22:32:33.562892 Mike: Bravo, sending you 4
2024-10-14 22:32:33.566678 Mike: Charlie, sending you 6
chatterbot Echo submitting transactions
chatterbot Mike submitting transactions
chatterbot Foxtrot submitting transactions
chatterbot Hotel submitting transactions
chatterbot Alpha submitting transactions
chatterbot Charlie submitting transactions
chatterbot Kilo submitting transactions
chatterbot Victor submitting transactions
chatterbot Bravo submitting transactions
chatterbot Oscar submitting transactions
ChatterBot Hotel round 14
ChatterBot Echo round 14
ChatterBot Oscar round 14
ChatterBot Bravo round 14
ChatterBot Alpha round 14
ChatterBot Victor round 14
ChatterBot Foxtrot round 14
ChatterBot Kilo round 14
ChatterBot Mike round 14
ChatterBot Charlie round 14
2024-10-14 22:32:34.735713 Bravo: Echo, sending you 7
2024-10-14 22:32:34.736722 Alpha: Hotel, Oscar, Foxtrot and Kilo, sending you 4
2024-10-14 22:32:34.739156 Oscar: Hotel, sending you 5
2024-10-14 22:32:34.741483 Kilo: Same as last round
2024-10-14 22:32:34.743299 Echo: Bravo and Mike, sending you 7
2024-10-14 22:32:34.744148 Victor: Same as last round
2024-10-14 22:32:34.747235 Bravo: Mike, sending you 6
2024-10-14 22:32:34.748309 Alpha: Victor, sending you 2
2024-10-14 22:32:34.750800 Mike: Echo, sending you 5
2024-10-14 22:32:34.751796 Charlie: Echo, sending you 2
2024-10-14 22:32:34.752764 Oscar: Alpha and Kilo, sending you 3
2024-10-14 22:32:34.755455 Hotel: Oscar, sending you 5
2024-10-14 22:32:34.757929 Echo: Charlie, sending you 1
2024-10-14 22:32:34.759878 Foxtrot: Hotel, Oscar, Alpha and Kilo, sending you 3
2024-10-14 22:32:34.761738 Bravo: Charlie, sending you 3
2024-10-14 22:32:34.762818 Mike: Bravo, sending you 4
2024-10-14 22:32:34.764202 Charlie: Bravo, sending you 4
2024-10-14 22:32:34.765207 Oscar: Victor, sending you 1
2024-10-14 22:32:34.766704 Hotel: Alpha and Foxtrot, sending you 4
2024-10-14 22:32:34.769433 Foxtrot: Victor, sending you 2
2024-10-14 22:32:34.771580 Mike: Charlie, sending you 6
2024-10-14 22:32:34.772421 Charlie: Mike, sending you 12
2024-10-14 22:32:34.773515 Oscar: Foxtrot, sending you 4
2024-10-14 22:32:34.776208 Hotel: Victor, sending you 2
2024-10-14 22:32:34.781690 Hotel: Kilo, sending you 3
chatterbot Charlie submitting transactions
chatterbot Echo submitting transactions
chatterbot Kilo submitting transactions
chatterbot Foxtrot submitting transactions
chatterbot Victor submitting transactions
chatterbot Mike submitting transactions
chatterbot Oscar submitting transactions
chatterbot Hotel submitting transactions
