ChatterBot Alpha round 1
ChatterBot India round 1
ChatterBot Papa round 1
ChatterBot Hotel round 1
ChatterBot Sierra round 1
ChatterBot November round 1
ChatterBot Uniform round 1
ChatterBot Delta round 1
ChatterBot Golf round 1
ChatterBot Bravo round 1
randomSelections Papa: {Papa, India, Hotel, November} 
2024-10-14 22:32:16.645129 Papa: Friends?
ChatterBot India reevaluating
ChatterBot Hotel reevaluating
ChatterBot November reevaluating
2024-10-14 22:32:16.652801 India: Yes
2024-10-14 22:32:16.652947 Hotel: Yes
2024-10-14 22:32:16.653104 November: Yes
ChatterBot Hotel reevaluating
ChatterBot November reevaluating
ChatterBot India reevaluating
ChatterBot November reevaluating
ChatterBot India reevaluating
ChatterBot Hotel reevaluating
randomSelections Delta: {Delta, November, Hotel, Bravo, Sierra, Alpha, India} 
2024-10-14 22:32:16.680190 Delta: Can we be friends?
ChatterBot November reevaluating
ChatterBot Hotel reevaluating
ChatterBot Bravo reevaluating
ChatterBot Sierra reevaluating
ChatterBot Alpha reevaluating
ChatterBot India reevaluating
2024-10-14 22:32:16.697895 November: No
2024-10-14 22:32:16.698126 Hotel: No
2024-10-14 22:32:16.698810 Bravo: Yes
2024-10-14 22:32:16.699019 Sierra: Yes
2024-10-14 22:32:16.699172 Alpha: Yes
2024-10-14 22:32:16.699404 India: No
ChatterBot Hotel reevaluating
ChatterBot Bravo reevaluating
ChatterBot Sierra reevaluating
ChatterBot Alpha reevaluating
ChatterBot India reevaluating
ChatterBot November reevaluating
ChatterBot Bravo reevaluating
ChatterBot Sierra reevaluating
ChatterBot Alpha reevaluating
ChatterBot India reevaluating
ChatterBot November reevaluating
ChatterBot Hotel reevaluating
ChatterBot Sierra reevaluating
ChatterBot Alpha reevaluating
ChatterBot India reevaluating
ChatterBot November reevaluating
ChatterBot Hotel reevaluating
ChatterBot Bravo reevaluating
ChatterBot Alpha reevaluating
ChatterBot India reevaluating
ChatterBot November reevaluating
ChatterBot Hotel reevaluating
ChatterBot Bravo reevaluating
ChatterBot Sierra reevaluating
ChatterBot India reevaluating
ChatterBot November reevaluating
ChatterBot Hotel reevaluating
ChatterBot Bravo reevaluating
ChatterBot Sierra reevaluating
ChatterBot Alpha reevaluating
randomSelections Golf: {Golf, Hotel, Uniform, Sierra, November, Alpha, Papa} 
2024-10-14 22:32:16.799094 Golf: We should group up
ChatterBot Hotel reevaluating
ChatterBot Uniform reevaluating
ChatterBot Sierra reevaluating
ChatterBot November reevaluating
ChatterBot Alpha reevaluating
2024-10-14 22:32:16.816828 Hotel: No
2024-10-14 22:32:16.817474 Uniform: Yes
2024-10-14 22:32:16.818251 Sierra: No
2024-10-14 22:32:16.818975 November: No
2024-10-14 22:32:16.820540 Alpha: No
2024-10-14 22:32:16.825985 Papa: No
ChatterBot Uniform reevaluating
ChatterBot Sierra reevaluating
ChatterBot November reevaluating
ChatterBot Alpha reevaluating
ChatterBot Hotel reevaluating
ChatterBot Sierra reevaluating
ChatterBot November reevaluating
ChatterBot Alpha reevaluating
ChatterBot Hotel reevaluating
ChatterBot Uniform reevaluating
ChatterBot November reevaluating
ChatterBot Alpha reevaluating
ChatterBot Hotel reevaluating
ChatterBot Uniform reevaluating
ChatterBot Sierra reevaluating
ChatterBot Alpha reevaluating
ChatterBot Hotel reevaluating
ChatterBot Uniform reevaluating
ChatterBot Sierra reevaluating
ChatterBot November reevaluating
ChatterBot Hotel reevaluating
ChatterBot Uniform reevaluating
ChatterBot Sierra reevaluating
ChatterBot November reevaluating
ChatterBot Alpha reevaluating
2024-10-14 22:32:16.947940 Golf: Alpha, sending you 3
2024-10-14 22:32:16.957978 Golf: Papa and November, sending you 2
2024-10-14 22:32:16.958429 India: Sending you each 5
2024-10-14 22:32:16.958877 Alpha: India, sending you 1
2024-10-14 22:32:16.959884 Hotel: India and November, sending you 5
2024-10-14 22:32:16.964390 Golf: Hotel and Sierra, sending you 1
2024-10-14 22:32:16.965194 Delta: Alpha, India, Hotel, Sierra and November, sending you 2
2024-10-14 22:32:16.965535 Papa: India, sending you 3
2024-10-14 22:32:16.965809 Alpha: Hotel, Sierra and November, sending you 3
2024-10-14 22:32:16.966115 November: India, sending you 5
2024-10-14 22:32:16.966914 Hotel: Papa, sending you 6
2024-10-14 22:32:16.971183 Bravo: Alpha, sending you 3
2024-10-14 22:32:16.971946 Papa: Hotel, sending you 4
2024-10-14 22:32:16.972276 Alpha: Delta, sending you 4
2024-10-14 22:32:16.972646 November: Papa, sending you 8
2024-10-14 22:32:16.972946 Sierra: Alpha, Hotel, November and Delta, sending you 3
2024-10-14 22:32:16.974701 Bravo: India, sending you 2
2024-10-14 22:32:16.975956 Papa: November, sending you 8
2024-10-14 22:32:16.977480 Alpha: Bravo, sending you 2
2024-10-14 22:32:16.977843 Sierra: India, sending you 1
2024-10-14 22:32:16.978145 November: Hotel, sending you 2
2024-10-14 22:32:16.981379 Bravo: November and Delta, sending you 6
2024-10-14 22:32:16.981783 Sierra: Bravo, sending you 4
chatterbot Papa submitting transactions
chatterbot Hotel submitting transactions
chatterbot Bravo submitting transactions
chatterbot Golf submitting transactions
chatterbot Uniform submitting transactions
chatterbot November submitting transactions
chatterbot Delta submitting transactions
chatterbot Sierra submitting transactions
chatterbot Alpha submitting transactions
chatterbot India submitting transactions
ChatterBot Alpha round 2
ChatterBot India round 2
ChatterBot Papa round 2
ChatterBot Hotel round 2
ChatterBot Sierra round 2
ChatterBot November round 2
2024-10-14 22:32:20.234163 Alpha: We should group up
ChatterBot Sierra reevaluating
ChatterBot Delta reevaluating
ChatterBot Bravo reevaluating
ChatterBot Golf reevaluating
2024-10-14 22:32:20.305928 Sierra: Yes
2024-10-14 22:32:20.306091 Delta: No
2024-10-14 22:32:20.306236 Bravo: No
2024-10-14 22:32:20.306349 Golf: No
ChatterBot Delta reevaluating
ChatterBot Bravo reevaluating
ChatterBot Golf reevaluating
ChatterBot Sierra reevaluating
ChatterBot Bravo reevaluating
ChatterBot Golf reevaluating
ChatterBot Sierra reevaluating
ChatterBot Delta reevaluating
ChatterBot Golf reevaluating
ChatterBot Sierra reevaluating
ChatterBot Delta reevaluating
ChatterBot Bravo reevaluating
2024-10-14 22:32:20.494317 Delta: We would work well together
ChatterBot Bravo reevaluating
2024-10-14 22:32:20.517895 Bravo: Yes
ChatterBot Delta reevaluating
ChatterBot Uniform round 2
ChatterBot Delta round 2
ChatterBot Golf round 2
ChatterBot Bravo round 2
2024-10-14 22:32:20.548843 Hotel: We should group up
ChatterBot November reevaluating
ChatterBot Sierra reevaluating
ChatterBot Delta reevaluating
ChatterBot Bravo reevaluating
2024-10-14 22:32:20.585331 India: No
2024-10-14 22:32:20.585493 Papa: No
2024-10-14 22:32:20.585607 November: No
2024-10-14 22:32:20.585737 Alpha: No
2024-10-14 22:32:20.585850 Sierra: No
2024-10-14 22:32:20.585949 Delta: No
2024-10-14 22:32:20.586045 Bravo: No
ChatterBot November reevaluating
ChatterBot Sierra reevaluating
ChatterBot Delta reevaluating
ChatterBot Bravo reevaluating
ChatterBot November reevaluating
ChatterBot Sierra reevaluating
ChatterBot Delta reevaluating
ChatterBot Bravo reevaluating
ChatterBot Sierra reevaluating
ChatterBot Delta reevaluating
ChatterBot Bravo reevaluating
ChatterBot November reevaluating
ChatterBot Sierra reevaluating
ChatterBot Delta reevaluating
ChatterBot Bravo reevaluating
ChatterBot November reevaluating
ChatterBot Delta reevaluating
ChatterBot Bravo reevaluating
ChatterBot November reevaluating
ChatterBot Sierra reevaluating
ChatterBot Bravo reevaluating
ChatterBot November reevaluating
ChatterBot Sierra reevaluating
ChatterBot Delta reevaluating
2024-10-14 22:32:20.971689 Golf: We should group up
ChatterBot Sierra reevaluating
2024-10-14 22:32:21.004951 Alpha: Yes
2024-10-14 22:32:21.005344 Sierra: Yes
2024-10-14 22:32:21.005796 Delta: Yes
2024-10-14 22:32:21.006603 Bravo: Yes
ChatterBot Sierra reevaluating
ChatterBot Sierra reevaluating
ChatterBot Sierra reevaluating
2024-10-14 22:32:21.141367 Uniform: Let's form a team
2024-10-14 22:32:21.146289 Golf: No
2024-10-14 22:32:21.216181 Alpha: Sierra, sending you 5
2024-10-14 22:32:21.296210 Papa: India, sending you 4
2024-10-14 22:32:21.296595 India: Papa, sending you 4
2024-10-14 22:32:21.297361 Golf: Sending you each 4
2024-10-14 22:32:21.297697 Uniform: Sending you 10
2024-10-14 22:32:21.297886 Delta: Alpha, Sierra, Golf and Bravo, sending you 2
2024-10-14 22:32:21.298135 Hotel: Alpha, Sierra, November, Delta and Bravo, sending you 2
2024-10-14 22:32:21.299038 Alpha: Delta, sending you 3
2024-10-14 22:32:21.299291 Sierra: Alpha, sending you 7
2024-10-14 22:32:21.299503 November: India, sending you 5
2024-10-14 22:32:21.299798 Papa: Hotel, sending you 5
2024-10-14 22:32:21.356452 India: Hotel, sending you 6
2024-10-14 22:32:21.357312 Hotel: India and Papa, sending you 3
2024-10-14 22:32:21.357699 Alpha: Golf and Bravo, sending you 4
2024-10-14 22:32:21.358073 Sierra: Delta, sending you 5
2024-10-14 22:32:21.358781 Papa: November, sending you 6
2024-10-14 22:32:21.359015 November: Papa, sending you 6
2024-10-14 22:32:21.359214 Bravo: Alpha, sending you 5
2024-10-14 22:32:21.402442 India: November, sending you 5
2024-10-14 22:32:21.402758 Sierra: Golf, sending you 3
2024-10-14 22:32:21.403678 November: Hotel, sending you 4
2024-10-14 22:32:21.403932 Bravo: Sierra, sending you 8
chatterbot Alpha submitting transactions
2024-10-14 22:32:21.414455 Sierra: Bravo, sending you 2
2024-10-14 22:32:21.414923 Bravo: Delta and Golf, sending you 3
chatterbot November submitting transactions
chatterbot Uniform submitting transactions
chatterbot Sierra submitting transactions
chatterbot Hotel submitting transactions
chatterbot Delta submitting transactions
chatterbot Bravo submitting transactions
chatterbot India submitting transactions
chatterbot Papa submitting transactions
chatterbot Golf submitting transactions
ChatterBot Alpha round 3
ChatterBot India round 3
ChatterBot Papa round 3
ChatterBot Hotel round 3
ChatterBot Sierra round 3
ChatterBot November round 3
ChatterBot Uniform round 3
2024-10-14 22:32:22.164034 Sierra: We should add Uniform
ChatterBot Alpha reevaluating
2024-10-14 22:32:22.180142 Alpha: Yes
2024-10-14 22:32:22.180347 Delta: No
2024-10-14 22:32:22.180484 Bravo: No
2024-10-14 22:32:22.180624 Golf: No
ChatterBot Alpha reevaluating
ChatterBot Alpha reevaluating
ChatterBot Alpha reevaluating
ChatterBot Delta round 3
ChatterBot Golf round 3
ChatterBot Bravo round 3
2024-10-14 22:32:22.256622 Sierra: Uniform we want you to join our group
2024-10-14 22:32:22.258947 Uniform: No
ChatterBot Alpha reevaluating
ChatterBot Delta reevaluating
ChatterBot Golf reevaluating
ChatterBot Bravo reevaluating
2024-10-14 22:32:22.274769 Golf: We should add Uniform
ChatterBot Alpha reevaluating
ChatterBot Delta reevaluating
ChatterBot Bravo reevaluating
2024-10-14 22:32:22.285322 Alpha: No
2024-10-14 22:32:22.285456 Sierra: Yes
2024-10-14 22:32:22.285556 Delta: No
2024-10-14 22:32:22.285693 Bravo: No
ChatterBot Delta reevaluating
ChatterBot Bravo reevaluating
ChatterBot Golf reevaluating
ChatterBot Alpha reevaluating
ChatterBot Delta reevaluating
ChatterBot Bravo reevaluating
ChatterBot Golf reevaluating
ChatterBot Alpha reevaluating
ChatterBot Bravo reevaluating
ChatterBot Golf reevaluating
ChatterBot Alpha reevaluating
ChatterBot Delta reevaluating
ChatterBot Golf reevaluating
2024-10-14 22:32:22.343773 Alpha: Uniform we want you to join our group
2024-10-14 22:32:22.347067 Uniform: No
ChatterBot Alpha reevaluating
ChatterBot Delta reevaluating
ChatterBot Golf reevaluating
ChatterBot Bravo reevaluating
2024-10-14 22:32:22.365187 India: Papa, sending you 4
2024-10-14 22:32:22.367691 India: Hotel, sending you 5
2024-10-14 22:32:22.367998 Sierra: Alpha and Bravo, sending you 5
2024-10-14 22:32:22.368941 Bravo: Uniform we want you to join our group
2024-10-14 22:32:22.371849 Uniform: No
ChatterBot Alpha reevaluating
ChatterBot Bravo reevaluating
2024-10-14 22:32:22.384779 Hotel: India, sending you 6
2024-10-14 22:32:22.385081 Papa: India and Hotel, sending you 4
2024-10-14 22:32:22.385309 November: India, sending you 5
2024-10-14 22:32:22.385556 India: November, sending you 6
2024-10-14 22:32:22.385897 Sierra: Uniform, sending you 1
2024-10-14 22:32:22.386357 Golf: Uniform we want you to join our group
2024-10-14 22:32:22.388990 Uniform: No
ChatterBot Alpha reevaluating
ChatterBot Bravo reevaluating
2024-10-14 22:32:22.402264 Hotel: Papa and November, sending you 5
2024-10-14 22:32:22.402507 Papa: November, sending you 7
2024-10-14 22:32:22.402829 November: Papa, sending you 6
2024-10-14 22:32:22.403515 Sierra: Delta and Golf, sending you 3
2024-10-14 22:32:22.405857 November: Hotel, sending you 4
2024-10-14 22:32:22.406680 Delta: Same as last round
2024-10-14 22:32:22.424752 Golf: Alpha, sending you 3
2024-10-14 22:32:22.427690 Golf: Sierra, Delta and Bravo, sending you 2
2024-10-14 22:32:22.431961 Alpha: Sierra, sending you 5
2024-10-14 22:32:22.432672 Bravo: Alpha and Sierra, sending you 5
2024-10-14 22:32:22.433075 Golf: Uniform, sending you 7
2024-10-14 22:32:22.436730 Alpha: Delta, sending you 3
2024-10-14 22:32:22.437666 Bravo: Uniform, sending you 2
2024-10-14 22:32:22.440674 Alpha: Golf and Bravo, sending you 4
2024-10-14 22:32:22.442657 Bravo: Delta, sending you 3
chatterbot India submitting transactions
2024-10-14 22:32:22.446660 Bravo: Golf, sending you 4
chatterbot Delta submitting transactions
chatterbot Sierra submitting transactions
chatterbot Alpha submitting transactions
chatterbot Hotel submitting transactions
chatterbot Papa submitting transactions
chatterbot Golf submitting transactions
chatterbot Bravo submitting transactions
chatterbot Uniform submitting transactions
chatterbot November submitting transactions
ChatterBot Alpha round 4
ChatterBot India round 4
ChatterBot Papa round 4
ChatterBot Hotel round 4
ChatterBot Sierra round 4
ChatterBot November round 4
ChatterBot Uniform round 4
ChatterBot Delta round 4
ChatterBot Golf round 4
ChatterBot Bravo round 4
2024-10-14 22:32:23.530359 Uniform: Let's form a team
ChatterBot Delta reevaluating
2024-10-14 22:32:23.552988 Sierra: Yes
2024-10-14 22:32:23.553183 Alpha: Yes
2024-10-14 22:32:23.553335 Delta: Yes
2024-10-14 22:32:23.553487 Golf: Yes
2024-10-14 22:32:23.553648 Bravo: Yes
ChatterBot Delta reevaluating
ChatterBot Delta reevaluating
ChatterBot Delta reevaluating
ChatterBot Delta reevaluating
2024-10-14 22:32:23.622169 Delta: We should add Uniform
2024-10-14 22:32:23.630977 Alpha: Yes
2024-10-14 22:32:23.631117 Sierra: Yes
2024-10-14 22:32:23.631209 Bravo: Yes
2024-10-14 22:32:23.631294 Golf: Yes
ChatterBot Delta reevaluating
ChatterBot Delta reevaluating
ChatterBot Delta reevaluating
ChatterBot Delta reevaluating
2024-10-14 22:32:23.682671 Alpha: Sierra, sending you 5
2024-10-14 22:32:23.683131 Sierra: Alpha, sending you 6
2024-10-14 22:32:23.686719 Sierra: Uniform, sending you 1
2024-10-14 22:32:23.687696 Delta: Uniform we want you to join our group
2024-10-14 22:32:23.690907 Uniform: Yes
2024-10-14 22:32:23.704248 Alpha: Delta, sending you 3
2024-10-14 22:32:23.704725 India: Papa, sending you 4
2024-10-14 22:32:23.705054 Bravo: Alpha and Sierra, sending you 5
2024-10-14 22:32:23.705422 Sierra: Delta and Golf, sending you 3
2024-10-14 22:32:23.707660 Alpha: Golf and Bravo, sending you 4
2024-10-14 22:32:23.708046 India: Hotel, sending you 5
2024-10-14 22:32:23.708649 November: India, sending you 5
2024-10-14 22:32:23.708933 Sierra: Bravo, sending you 4
2024-10-14 22:32:23.709258 Uniform: Alpha and Delta, sending you 2
2024-10-14 22:32:23.709649 Bravo: Uniform, sending you 2
2024-10-14 22:32:23.709969 Golf: Alpha and Uniform, sending you 4
2024-10-14 22:32:23.710758 Hotel: India, sending you 6
2024-10-14 22:32:23.711074 Papa: India, sending you 4
2024-10-14 22:32:23.711652 India: November, sending you 6
2024-10-14 22:32:23.712695 November: Papa, sending you 6
2024-10-14 22:32:23.713052 Bravo: Delta, sending you 3
2024-10-14 22:32:23.713752 Uniform: Sierra, sending you 3
2024-10-14 22:32:23.714109 Hotel: Papa and November, sending you 5
2024-10-14 22:32:23.714380 Papa: Hotel, sending you 5
2024-10-14 22:32:23.715667 Golf: Sierra and Bravo, sending you 3
2024-10-14 22:32:23.717094 Bravo: Golf, sending you 4
2024-10-14 22:32:23.717655 November: Hotel, sending you 4
2024-10-14 22:32:23.717945 Uniform: Golf, sending you 8
2024-10-14 22:32:23.718695 Papa: November, sending you 6
2024-10-14 22:32:23.720682 Golf: Delta, sending you 2
2024-10-14 22:32:23.721233 Uniform: Bravo, sending you 4
2024-10-14 22:32:23.721686 Delta: Alpha, Sierra, Uniform and Golf, sending you 2
2024-10-14 22:32:23.725668 Delta: Bravo, sending you 1
chatterbot Alpha submitting transactions
chatterbot Sierra submitting transactions
chatterbot Golf submitting transactions
chatterbot Uniform submitting transactions
chatterbot Bravo submitting transactions
chatterbot Hotel submitting transactions
chatterbot Delta submitting transactions
chatterbot Papa submitting transactions
chatterbot India submitting transactions
chatterbot November submitting transactions
ChatterBot Alpha round 5
ChatterBot India round 5
ChatterBot Papa round 5
ChatterBot Hotel round 5
ChatterBot Sierra round 5
ChatterBot November round 5
ChatterBot Uniform round 5
ChatterBot Delta round 5
ChatterBot Golf round 5
ChatterBot Bravo round 5
2024-10-14 22:32:24.806069 Papa: India, sending you 4
2024-10-14 22:32:24.807682 Hotel: India, sending you 6
2024-10-14 22:32:24.810674 Hotel: Papa and November, sending you 5
2024-10-14 22:32:24.811693 Papa: Hotel, sending you 5
2024-10-14 22:32:24.814712 Sierra: Alpha, sending you 5
2024-10-14 22:32:24.816140 Uniform: Alpha, sending you 2
2024-10-14 22:32:24.817177 Papa: November, sending you 6
2024-10-14 22:32:24.817838 India: Papa, sending you 4
2024-10-14 22:32:24.819120 November: India, sending you 5
2024-10-14 22:32:24.819721 Alpha: Sierra, sending you 5
2024-10-14 22:32:24.820496 Golf: Alpha, sending you 4
2024-10-14 22:32:24.821321 Uniform: Sierra and Delta, sending you 3
2024-10-14 22:32:24.822428 Sierra: Uniform, sending you 2
2024-10-14 22:32:24.823308 November: Papa, sending you 6
2024-10-14 22:32:24.830804 India: Hotel, sending you 5
2024-10-14 22:32:24.832909 Alpha: Uniform, sending you 1
2024-10-14 22:32:24.836352 Golf: Sierra and Bravo, sending you 3
2024-10-14 22:32:24.838381 Uniform: Golf, sending you 7
2024-10-14 22:32:24.839417 Sierra: Delta and Golf, sending you 3
2024-10-14 22:32:24.840456 November: Hotel, sending you 4
2024-10-14 22:32:24.841942 India: November, sending you 6
2024-10-14 22:32:24.843162 Bravo: Alpha, sending you 5
2024-10-14 22:32:24.844879 Alpha: Delta and Golf, sending you 3
2024-10-14 22:32:24.845998 Golf: Uniform, sending you 5
2024-10-14 22:32:24.847068 Delta: Alpha, Sierra, Golf and Bravo, sending you 2
2024-10-14 22:32:24.848972 Uniform: Bravo, sending you 4
2024-10-14 22:32:24.850004 Sierra: Bravo, sending you 4
2024-10-14 22:32:24.851150 Bravo: Sierra and Golf, sending you 4
2024-10-14 22:32:24.851810 Alpha: Bravo, sending you 4
2024-10-14 22:32:24.853318 Golf: Delta, sending you 1
2024-10-14 22:32:24.854052 Delta: Uniform, sending you 1
2024-10-14 22:32:24.856679 Bravo: Uniform and Delta, sending you 3
chatterbot Sierra submitting transactions
chatterbot Uniform submitting transactions
chatterbot Hotel submitting transactions
chatterbot Bravo submitting transactions
chatterbot Alpha submitting transactions
chatterbot Golf submitting transactions
chatterbot India submitting transactions
chatterbot Papa submitting transactions
chatterbot November submitting transactions
chatterbot Delta submitting transactions
ChatterBot Alpha round 6
ChatterBot India round 6
ChatterBot Papa round 6
ChatterBot Hotel round 6
ChatterBot Sierra round 6
ChatterBot November round 6
ChatterBot Uniform round 6
ChatterBot Delta round 6
ChatterBot Golf round 6
ChatterBot Bravo round 6
2024-10-14 22:32:26.031689 India: Papa, sending you 4
2024-10-14 22:32:26.033663 Papa: India, sending you 4
2024-10-14 22:32:26.034123 Bravo: Alpha, sending you 5
2024-10-14 22:32:26.035675 Alpha: Sierra, sending you 5
2024-10-14 22:32:26.036336 November: India, sending you 5
2024-10-14 22:32:26.036682 Hotel: India, sending you 6
2024-10-14 22:32:26.037004 Uniform: Alpha, Sierra and Delta, sending you 3
2024-10-14 22:32:26.037421 India: Hotel, sending you 5
2024-10-14 22:32:26.038159 Papa: Hotel, sending you 5
2024-10-14 22:32:26.038679 Alpha: Uniform, sending you 1
2024-10-14 22:32:26.039701 Bravo: Sierra and Golf, sending you 4
2024-10-14 22:32:26.040109 Uniform: Golf, sending you 6
2024-10-14 22:32:26.040722 November: Papa, sending you 6
2024-10-14 22:32:26.041409 Hotel: Papa and November, sending you 5
2024-10-14 22:32:26.041928 India: November, sending you 6
2024-10-14 22:32:26.042815 Delta: Alpha, Sierra, Golf and Bravo, sending you 2
2024-10-14 22:32:26.043736 Alpha: Delta, sending you 2
2024-10-14 22:32:26.044740 Papa: November, sending you 6
2024-10-14 22:32:26.045267 Sierra: Alpha, sending you 5
2024-10-14 22:32:26.045968 Golf: Alpha, Sierra and Bravo, sending you 3
2024-10-14 22:32:26.047149 Bravo: Uniform and Delta, sending you 3
2024-10-14 22:32:26.047719 Uniform: Bravo, sending you 4
2024-10-14 22:32:26.048590 November: Hotel, sending you 4
2024-10-14 22:32:26.049097 Delta: Uniform, sending you 1
2024-10-14 22:32:26.049678 Alpha: Golf and Bravo, sending you 4
2024-10-14 22:32:26.050287 Sierra: Uniform, sending you 2
2024-10-14 22:32:26.051560 Golf: Uniform, sending you 5
2024-10-14 22:32:26.053686 Sierra: Delta and Golf, sending you 3
2024-10-14 22:32:26.055717 Golf: Delta, sending you 2
2024-10-14 22:32:26.057661 Sierra: Bravo, sending you 4
chatterbot Alpha submitting transactions
chatterbot November submitting transactions
chatterbot Uniform submitting transactions
chatterbot India submitting transactions
chatterbot Delta submitting transactions
chatterbot Papa submitting transactions
chatterbot Sierra submitting transactions
chatterbot Golf submitting transactions
chatterbot Bravo submitting transactions
chatterbot Hotel submitting transactions
ChatterBot Alpha round 7
ChatterBot India round 7
ChatterBot Papa round 7
ChatterBot Hotel round 7
ChatterBot Sierra round 7
ChatterBot November round 7
ChatterBot Uniform round 7
ChatterBot Delta round 7
ChatterBot Golf round 7
ChatterBot Bravo round 7
2024-10-14 22:32:27.077687 Hotel: India, sending you 6
2024-10-14 22:32:27.080701 Hotel: Papa and November, sending you 5
2024-10-14 22:32:27.083703 Papa: India, sending you 4
2024-10-14 22:32:27.087680 Sierra: Alpha, sending you 5
2024-10-14 22:32:27.088339 Papa: Hotel, sending you 5
2024-10-14 22:32:27.088786 Alpha: Sierra, sending you 5
2024-10-14 22:32:27.089687 November: India, sending you 5
2024-10-14 22:32:27.090028 India: Papa, sending you 4
2024-10-14 22:32:27.090412 Uniform: Alpha, Sierra and Delta, sending you 3
2024-10-14 22:32:27.091162 Sierra: Uniform, sending you 2
2024-10-14 22:32:27.093005 Papa: November, sending you 6
2024-10-14 22:32:27.093538 Delta: Alpha, Sierra, Golf and Bravo, sending you 2
2024-10-14 22:32:27.094455 India: Hotel, sending you 5
2024-10-14 22:32:27.095141 Alpha: Uniform and Delta, sending you 2
2024-10-14 22:32:27.096015 November: Papa, sending you 6
2024-10-14 22:32:27.096569 Uniform: Golf, sending you 6
2024-10-14 22:32:27.097281 Golf: Alpha, sending you 4
2024-10-14 22:32:27.098044 Delta: Uniform, sending you 1
2024-10-14 22:32:27.098854 Sierra: Delta and Golf, sending you 3
2024-10-14 22:32:27.099601 India: November, sending you 6
2024-10-14 22:32:27.100961 November: Hotel, sending you 4
2024-10-14 22:32:27.101490 Alpha: Golf, sending you 3
2024-10-14 22:32:27.102202 Golf: Sierra and Bravo, sending you 3
2024-10-14 22:32:27.102986 Uniform: Bravo, sending you 4
2024-10-14 22:32:27.103746 Bravo: Alpha, sending you 5
2024-10-14 22:32:27.104578 Sierra: Bravo, sending you 4
2024-10-14 22:32:27.106126 Alpha: Bravo, sending you 4
2024-10-14 22:32:27.107128 Golf: Uniform, sending you 5
2024-10-14 22:32:27.108116 Bravo: Sierra and Golf, sending you 4
2024-10-14 22:32:27.111691 Bravo: Uniform and Delta, sending you 3
2024-10-14 22:32:27.112680 Golf: Delta, sending you 1
chatterbot Golf submitting transactions
chatterbot November submitting transactions
chatterbot Hotel submitting transactions
chatterbot Delta submitting transactions
chatterbot Bravo submitting transactions
chatterbot Alpha submitting transactions
chatterbot India submitting transactions
chatterbot Uniform submitting transactions
chatterbot Papa submitting transactions
chatterbot Sierra submitting transactions
ChatterBot Alpha round 8
ChatterBot India round 8
ChatterBot Papa round 8
ChatterBot Hotel round 8
ChatterBot Sierra round 8
ChatterBot November round 8
ChatterBot Uniform round 8
ChatterBot Delta round 8
ChatterBot Golf round 8
ChatterBot Bravo round 8
2024-10-14 22:32:28.335398 Alpha: Sierra, sending you 5
2024-10-14 22:32:28.337675 Papa: India, sending you 4
2024-10-14 22:32:28.339217 Alpha: Uniform and Delta, sending you 2
2024-10-14 22:32:28.340693 Hotel: India, sending you 6
2024-10-14 22:32:28.341673 November: India, sending you 5
2024-10-14 22:32:28.343114 Papa: Hotel, sending you 5
2024-10-14 22:32:28.343869 Sierra: Alpha, sending you 5
2024-10-14 22:32:28.344967 Delta: Alpha, Sierra, Golf and Bravo, sending you 2
2024-10-14 22:32:28.346555 Alpha: Golf, sending you 3
2024-10-14 22:32:28.347761 Hotel: Papa and November, sending you 5
2024-10-14 22:32:28.348452 Uniform: Alpha, Sierra and Delta, sending you 3
2024-10-14 22:32:28.350749 November: Papa, sending you 6
2024-10-14 22:32:28.351638 Papa: November, sending you 6
2024-10-14 22:32:28.352533 Sierra: Uniform, sending you 2
2024-10-14 22:32:28.354198 Delta: Uniform, sending you 1
2024-10-14 22:32:28.354910 Alpha: Bravo, sending you 4
2024-10-14 22:32:28.355428 India: Papa, sending you 4
2024-10-14 22:32:28.355806 Uniform: Golf, sending you 6
2024-10-14 22:32:28.356949 November: Hotel, sending you 4
2024-10-14 22:32:28.357365 Sierra: Delta and Golf, sending you 3
2024-10-14 22:32:28.357981 Golf: Alpha, Sierra and Bravo, sending you 3
2024-10-14 22:32:28.359692 India: Hotel, sending you 5
2024-10-14 22:32:28.360177 Bravo: Alpha, Sierra, Uniform and Golf, sending you 4
2024-10-14 22:32:28.360696 Uniform: Bravo, sending you 4
2024-10-14 22:32:28.361703 Sierra: Bravo, sending you 4
2024-10-14 22:32:28.363073 Golf: Uniform, sending you 5
2024-10-14 22:32:28.364333 India: November, sending you 6
2024-10-14 22:32:28.365693 Bravo: Delta, sending you 3
2024-10-14 22:32:28.366862 Golf: Delta, sending you 2
chatterbot Papa submitting transactions
chatterbot Uniform submitting transactions
chatterbot Hotel submitting transactions
chatterbot Delta submitting transactions
chatterbot Alpha submitting transactions
chatterbot Bravo submitting transactions
chatterbot Sierra submitting transactions
chatterbot India submitting transactions
chatterbot November submitting transactions
chatterbot Golf submitting transactions
ChatterBot Alpha round 9
ChatterBot India round 9
ChatterBot Papa round 9
ChatterBot Hotel round 9
ChatterBot Sierra round 9
ChatterBot November round 9
ChatterBot Uniform round 9
ChatterBot Delta round 9
ChatterBot Golf round 9
ChatterBot Bravo round 9
2024-10-14 22:32:29.421133 Papa: India, sending you 4
2024-10-14 22:32:29.421696 Sierra: Alpha, sending you 5
2024-10-14 22:32:29.424684 Papa: Hotel, sending you 5
2024-10-14 22:32:29.425473 Sierra: Uniform, sending you 2
2024-10-14 22:32:29.427065 India: Papa, sending you 4
2024-10-14 22:32:29.427697 Alpha: Sierra, sending you 5
2024-10-14 22:32:29.428724 November: India, sending you 5
2024-10-14 22:32:29.429159 Delta: Alpha, Sierra, Golf and Bravo, sending you 2
2024-10-14 22:32:29.430012 Papa: November, sending you 6
2024-10-14 22:32:29.430504 Sierra: Delta and Golf, sending you 3
2024-10-14 22:32:29.431221 India: Hotel, sending you 5
2024-10-14 22:32:29.432380 Hotel: India, sending you 6
2024-10-14 22:32:29.432929 Uniform: Alpha, Sierra and Delta, sending you 3
2024-10-14 22:32:29.433939 Alpha: Uniform and Delta, sending you 2
2024-10-14 22:32:29.435019 November: Papa, sending you 6
2024-10-14 22:32:29.435514 Delta: Uniform, sending you 1
2024-10-14 22:32:29.436972 Sierra: Bravo, sending you 4
2024-10-14 22:32:29.437621 India: November, sending you 6
2024-10-14 22:32:29.438147 Uniform: Golf, sending you 6
2024-10-14 22:32:29.438831 Hotel: Papa and November, sending you 5
2024-10-14 22:32:29.439267 Alpha: Golf, sending you 3
2024-10-14 22:32:29.440915 Golf: Alpha, Sierra and Bravo, sending you 3
2024-10-14 22:32:29.441494 November: Hotel, sending you 4
2024-10-14 22:32:29.442684 Uniform: Bravo, sending you 4
2024-10-14 22:32:29.443675 Alpha: Bravo, sending you 4
2024-10-14 22:32:29.445201 Golf: Uniform, sending you 5
2024-10-14 22:32:29.446197 Bravo: Alpha, Sierra, Uniform and Golf, sending you 4
2024-10-14 22:32:29.449701 Golf: Delta, sending you 2
2024-10-14 22:32:29.451303 Bravo: Delta, sending you 3
chatterbot November submitting transactions
chatterbot Alpha submitting transactions
chatterbot Papa submitting transactions
chatterbot Sierra submitting transactions
chatterbot Uniform submitting transactions
chatterbot Golf submitting transactions
chatterbot Bravo submitting transactions
chatterbot Delta submitting transactions
chatterbot Hotel submitting transactions
chatterbot India submitting transactions
ChatterBot Alpha round 10
ChatterBot India round 10
ChatterBot Papa round 10
ChatterBot Hotel round 10
ChatterBot Sierra round 10
ChatterBot November round 10
ChatterBot Uniform round 10
ChatterBot Delta round 10
ChatterBot Golf round 10
ChatterBot Bravo round 10
2024-10-14 22:32:30.785164 Alpha: Sierra, sending you 5
2024-10-14 22:32:30.786697 Papa: India, sending you 4
2024-10-14 22:32:30.789675 Sierra: Alpha, sending you 5
2024-10-14 22:32:30.790772 Alpha: Uniform and Delta, sending you 2
2024-10-14 22:32:30.792233 Hotel: India, sending you 6
2024-10-14 22:32:30.792862 Papa: Hotel, sending you 5
2024-10-14 22:32:30.793338 Delta: Alpha, Sierra, Golf and Bravo, sending you 2
2024-10-14 22:32:30.794297 Uniform: Alpha, Sierra and Delta, sending you 3
2024-10-14 22:32:30.795707 Golf: Alpha, Sierra and Bravo, sending you 3
2024-10-14 22:32:30.796675 Alpha: Golf, sending you 3
2024-10-14 22:32:30.797510 Sierra: Uniform, sending you 2
2024-10-14 22:32:30.798967 November: India, sending you 5
2024-10-14 22:32:30.799509 Hotel: Papa and November, sending you 5
2024-10-14 22:32:30.800069 India: Papa, sending you 4
2024-10-14 22:32:30.800557 Papa: November, sending you 6
2024-10-14 22:32:30.801186 Delta: Uniform, sending you 1
2024-10-14 22:32:30.802521 Uniform: Golf, sending you 6
2024-10-14 22:32:30.803366 Golf: Uniform, sending you 5
2024-10-14 22:32:30.804577 Alpha: Bravo, sending you 4
2024-10-14 22:32:30.806474 November: Papa, sending you 6
2024-10-14 22:32:30.807263 Sierra: Delta and Golf, sending you 3
2024-10-14 22:32:30.809355 India: Hotel, sending you 5
2024-10-14 22:32:30.810163 Uniform: Bravo, sending you 4
2024-10-14 22:32:30.812060 Golf: Delta, sending you 2
2024-10-14 22:32:30.813598 November: Hotel, sending you 4
2024-10-14 22:32:30.815306 Sierra: Bravo, sending you 4
2024-10-14 22:32:30.816772 Bravo: Alpha, Sierra, Uniform and Golf, sending you 4
2024-10-14 22:32:30.818954 India: November, sending you 6
2024-10-14 22:32:30.822675 Bravo: Delta, sending you 3
chatterbot Alpha submitting transactions
chatterbot Papa submitting transactions
chatterbot Delta submitting transactions
chatterbot November submitting transactions
chatterbot Sierra submitting transactions
chatterbot Golf submitting transactions
chatterbot Uniform submitting transactions
chatterbot Hotel submitting transactions
chatterbot India submitting transactions
chatterbot Bravo submitting transactions
ChatterBot Alpha round 11
ChatterBot India round 11
ChatterBot Papa round 11
ChatterBot Hotel round 11
ChatterBot Sierra round 11
ChatterBot November round 11
ChatterBot Uniform round 11
ChatterBot Delta round 11
ChatterBot Golf round 11
ChatterBot Bravo round 11
2024-10-14 22:32:32.013710 Alpha: Sierra, sending you 5
2024-10-14 22:32:32.014663 India: Papa, sending you 4
2024-10-14 22:32:32.016675 Alpha: Uniform and Delta, sending you 2
2024-10-14 22:32:32.018660 Papa: India, sending you 4
2024-10-14 22:32:32.020064 India: Hotel, sending you 5
2024-10-14 22:32:32.020475 Bravo: Alpha, Sierra, Uniform and Golf, sending you 4
2024-10-14 22:32:32.021651 Alpha: Golf, sending you 3
2024-10-14 22:32:32.022656 Papa: Hotel, sending you 5
2024-10-14 22:32:32.024669 India: November, sending you 6
2024-10-14 22:32:32.025957 Bravo: Delta, sending you 3
2024-10-14 22:32:32.026639 Hotel: India, sending you 6
2024-10-14 22:32:32.027034 November: India, sending you 5
2024-10-14 22:32:32.027395 Papa: November, sending you 6
2024-10-14 22:32:32.027791 Alpha: Bravo, sending you 4
2024-10-14 22:32:32.028393 Uniform: Alpha, Sierra and Delta, sending you 3
2024-10-14 22:32:32.029006 Sierra: Alpha, sending you 5
2024-10-14 22:32:32.030700 Hotel: Papa and November, sending you 5
2024-10-14 22:32:32.031942 November: Papa, sending you 6
2024-10-14 22:32:32.032530 Uniform: Golf, sending you 6
2024-10-14 22:32:32.033358 Sierra: Uniform, sending you 2
2024-10-14 22:32:32.034077 Delta: Alpha, Sierra, Golf and Bravo, sending you 2
2024-10-14 22:32:32.034785 Golf: Alpha, Sierra and Bravo, sending you 3
2024-10-14 22:32:32.035676 November: Hotel, sending you 4
2024-10-14 22:32:32.036752 Uniform: Bravo, sending you 4
2024-10-14 22:32:32.037670 Sierra: Delta and Golf, sending you 3
2024-10-14 22:32:32.038676 Delta: Uniform, sending you 1
2024-10-14 22:32:32.039731 Golf: Uniform, sending you 5
2024-10-14 22:32:32.040683 Sierra: Bravo, sending you 4
2024-10-14 22:32:32.043670 Golf: Delta, sending you 2
chatterbot Bravo submitting transactions
chatterbot Uniform submitting transactions
chatterbot Delta submitting transactions
chatterbot Sierra submitting transactions
chatterbot Golf submitting transactions
chatterbot Alpha submitting transactions
chatterbot Hotel submitting transactions
chatterbot Papa submitting transactions
chatterbot India submitting transactions
chatterbot November submitting transactions
ChatterBot Alpha round 12
ChatterBot India round 12
ChatterBot Papa round 12
ChatterBot Hotel round 12
ChatterBot Sierra round 12
ChatterBot November round 12
ChatterBot Uniform round 12
ChatterBot Delta round 12
ChatterBot Golf round 12
ChatterBot Bravo round 12
2024-10-14 22:32:33.273669 India: Papa, sending you 4
2024-10-14 22:32:33.274700 Papa: India, sending you 4
2024-10-14 22:32:33.275638 Alpha: Sierra, sending you 5
2024-10-14 22:32:33.276840 Sierra: Alpha, sending you 5
2024-10-14 22:32:33.278238 Hotel: India and November, sending you 5
2024-10-14 22:32:33.279061 November: India, sending you 5
2024-10-14 22:32:33.279877 India: Hotel, sending you 5
2024-10-14 22:32:33.280679 Papa: Hotel, sending you 5
2024-10-14 22:32:33.281458 Alpha: Uniform and Delta, sending you 2
2024-10-14 22:32:33.282886 Sierra: Uniform, sending you 2
2024-10-14 22:32:33.284307 Hotel: Papa, sending you 6
2024-10-14 22:32:33.285334 November: Papa, sending you 6
2024-10-14 22:32:33.286151 Delta: Alpha, Sierra, Golf and Bravo, sending you 2
2024-10-14 22:32:33.287565 India: November, sending you 6
2024-10-14 22:32:33.288415 Papa: November, sending you 6
2024-10-14 22:32:33.289210 Alpha: Golf, sending you 3
2024-10-14 22:32:33.290604 Uniform: Alpha, Sierra and Delta, sending you 3
2024-10-14 22:32:33.292017 Sierra: Delta and Golf, sending you 3
2024-10-14 22:32:33.294382 November: Hotel, sending you 4
2024-10-14 22:32:33.295230 Bravo: Alpha, Sierra, Uniform and Golf, sending you 4
2024-10-14 22:32:33.296345 Delta: Uniform, sending you 1
2024-10-14 22:32:33.297330 Golf: Alpha, Sierra and Bravo, sending you 3
2024-10-14 22:32:33.298183 Alpha: Bravo, sending you 4
2024-10-14 22:32:33.299044 Uniform: Golf, sending you 6
2024-10-14 22:32:33.299888 Sierra: Bravo, sending you 4
2024-10-14 22:32:33.300736 Bravo: Delta, sending you 3
2024-10-14 22:32:33.301633 Golf: Uniform, sending you 5
2024-10-14 22:32:33.303679 Uniform: Bravo, sending you 4
2024-10-14 22:32:33.305665 Golf: Delta, sending you 2
chatterbot Hotel submitting transactions
chatterbot India submitting transactions
chatterbot Uniform submitting transactions
chatterbot Golf submitting transactions
chatterbot Sierra submitting transactions
chatterbot Papa submitting transactions
chatterbot November submitting transactions
chatterbot Alpha submitting transactions
chatterbot Delta submitting transactions
chatterbot Bravo submitting transactions
ChatterBot Alpha round 13
ChatterBot India round 13
ChatterBot Papa round 13
ChatterBot Hotel round 13
ChatterBot Sierra round 13
ChatterBot November round 13
ChatterBot Uniform round 13
ChatterBot Delta round 13
ChatterBot Golf round 13
ChatterBot Bravo round 13
2024-10-14 22:32:34.551981 India: Papa, sending you 4
2024-10-14 22:32:34.552725 Hotel: India and November, sending you 5
2024-10-14 22:32:34.553409 Sierra: Alpha, sending you 5
2024-10-14 22:32:34.555116 Uniform: Alpha, Sierra and Delta, sending you 3
2024-10-14 22:32:34.555986 Alpha: Sierra, sending you 5
2024-10-14 22:32:34.556786 Papa: India, sending you 4
2024-10-14 22:32:34.557760 India: Hotel, sending you 5
2024-10-14 22:32:34.558190 Hotel: Papa, sending you 6
2024-10-14 22:32:34.558693 Sierra: Uniform, sending you 2
2024-10-14 22:32:34.560668 Uniform: Golf, sending you 6
2024-10-14 22:32:34.561929 Golf: Alpha, Sierra and Bravo, sending you 3
2024-10-14 22:32:34.563702 Papa: Hotel, sending you 5
2024-10-14 22:32:34.564211 Alpha: Uniform and Delta, sending you 2
2024-10-14 22:32:34.565861 India: November, sending you 6
2024-10-14 22:32:34.566426 Bravo: Alpha, Sierra, Uniform and Golf, sending you 4
2024-10-14 22:32:34.567462 Sierra: Delta and Golf, sending you 3
2024-10-14 22:32:34.568580 November: India, sending you 5
2024-10-14 22:32:34.569173 Uniform: Bravo, sending you 4
2024-10-14 22:32:34.570407 Papa: November, sending you 6
2024-10-14 22:32:34.570845 Golf: Uniform, sending you 5
2024-10-14 22:32:34.572233 Delta: Alpha, Sierra, Golf and Bravo, sending you 2
2024-10-14 22:32:34.573025 Bravo: Delta, sending you 3
2024-10-14 22:32:34.573764 Alpha: Golf, sending you 3
2024-10-14 22:32:34.574930 Sierra: Bravo, sending you 4
2024-10-14 22:32:34.575687 November: Papa, sending you 6
2024-10-14 22:32:34.576995 Golf: Delta, sending you 2
2024-10-14 22:32:34.578342 Delta: Uniform, sending you 1
2024-10-14 22:32:34.580029 Alpha: Bravo, sending you 4
2024-10-14 22:32:34.580998 November: Hotel, sending you 4
chatterbot Uniform submitting transactions
chatterbot Bravo submitting transactions
chatterbot Delta submitting transactions
chatterbot India submitting transactions
chatterbot Hotel submitting transactions
chatterbot Alpha submitting transactions
chatterbot Papa submitting transactions
chatterbot November submitting transactions
chatterbot Sierra submitting transactions
chatterbot Golf submitting transactions
ChatterBot Alpha round 14
ChatterBot India round 14
ChatterBot Papa round 14
ChatterBot Hotel round 14
ChatterBot Sierra round 14
ChatterBot November round 14
ChatterBot Uniform round 14
ChatterBot Delta round 14
ChatterBot Golf round 14
ChatterBot Bravo round 14
2024-10-14 22:32:35.801665 India: Sending you each 5
2024-10-14 22:32:35.807686 November: India, sending you 5
2024-10-14 22:32:35.808673 Bravo: Alpha, Sierra, Uniform and Golf, sending you 4
2024-10-14 22:32:35.810878 November: Papa, sending you 6
2024-10-14 22:32:35.812694 Alpha: Sierra, sending you 5
2024-10-14 22:32:35.814807 Bravo: Delta, sending you 3
2024-10-14 22:32:35.816775 Hotel: India and November, sending you 5
2024-10-14 22:32:35.818420 November: Hotel, sending you 4
2024-10-14 22:32:35.819178 Papa: India, sending you 4
2024-10-14 22:32:35.819917 Alpha: Uniform and Delta, sending you 2
2024-10-14 22:32:35.822258 Hotel: Papa, sending you 6
