ChatterBot Golf round 1
ChatterBot Lima round 1
ChatterBot November round 1
ChatterBot Charlie round 1
ChatterBot Delta round 1
ChatterBot X-ray round 1
ChatterBot Juliett round 1
ChatterBot Yankee round 1
ChatterBot Romeo round 1
ChatterBot Echo round 1
randomSelections Golf: {Golf, Juliett, X-ray, Lima} 
2024-10-14 20:11:44.149579 Golf: We should group up
ChatterBot Juliett reevaluating
ChatterBot X-ray reevaluating
ChatterBot Lima reevaluating
2024-10-14 20:11:44.171914 Juliett: Yes
2024-10-14 20:11:44.172185 X-ray: Yes
2024-10-14 20:11:44.174335 Lima: Yes
ChatterBot X-ray reevaluating
ChatterBot Lima reevaluating
ChatterBot Juliett reevaluating
ChatterBot Lima reevaluating
ChatterBot Juliett reevaluating
ChatterBot X-ray reevaluating
randomSelections Charlie: {Charlie, Echo, Yankee, Juliett, Golf, Lima} 
2024-10-14 20:11:44.216547 Charlie: We would work well together
ChatterBot Echo reevaluating
ChatterBot Yankee reevaluating
ChatterBot Juliett reevaluating
ChatterBot Lima reevaluating
2024-10-14 20:11:44.227873 Echo: Yes
2024-10-14 20:11:44.228044 Yankee: Yes
2024-10-14 20:11:44.228171 Juliett: No
2024-10-14 20:11:44.228305 Golf: No
2024-10-14 20:11:44.228992 Lima: No
ChatterBot Yankee reevaluating
ChatterBot Juliett reevaluating
ChatterBot Lima reevaluating
ChatterBot Echo reevaluating
ChatterBot Juliett reevaluating
ChatterBot Lima reevaluating
ChatterBot Echo reevaluating
ChatterBot Yankee reevaluating
ChatterBot Lima reevaluating
ChatterBot Echo reevaluating
ChatterBot Yankee reevaluating
ChatterBot Juliett reevaluating
ChatterBot Lima reevaluating
ChatterBot Echo reevaluating
ChatterBot Yankee reevaluating
ChatterBot Juliett reevaluating
randomSelections Delta: {Delta, X-ray, Golf, Charlie, November, Romeo, Juliett, Echo} 
2024-10-14 20:11:44.357530 Delta: Can we be friends?
ChatterBot X-ray reevaluating
ChatterBot November reevaluating
ChatterBot Romeo reevaluating
ChatterBot Juliett reevaluating
ChatterBot Echo reevaluating
2024-10-14 20:11:44.374512 X-ray: No
2024-10-14 20:11:44.374920 Golf: No
2024-10-14 20:11:44.375828 Charlie: No
2024-10-14 20:11:44.376258 November: Yes
2024-10-14 20:11:44.376469 Romeo: Yes
2024-10-14 20:11:44.376608 Juliett: No
2024-10-14 20:11:44.377287 Echo: No
ChatterBot November reevaluating
ChatterBot Romeo reevaluating
ChatterBot Juliett reevaluating
ChatterBot Echo reevaluating
ChatterBot X-ray reevaluating
ChatterBot November reevaluating
ChatterBot Romeo reevaluating
ChatterBot Juliett reevaluating
ChatterBot Echo reevaluating
ChatterBot X-ray reevaluating
ChatterBot November reevaluating
ChatterBot Romeo reevaluating
ChatterBot Juliett reevaluating
ChatterBot Echo reevaluating
ChatterBot X-ray reevaluating
ChatterBot Romeo reevaluating
ChatterBot Juliett reevaluating
ChatterBot Echo reevaluating
ChatterBot X-ray reevaluating
ChatterBot November reevaluating
ChatterBot Juliett reevaluating
ChatterBot Echo reevaluating
ChatterBot X-ray reevaluating
ChatterBot November reevaluating
ChatterBot Romeo reevaluating
ChatterBot Echo reevaluating
ChatterBot X-ray reevaluating
ChatterBot November reevaluating
ChatterBot Romeo reevaluating
ChatterBot Juliett reevaluating
2024-10-14 20:11:44.518676 November: Golf, sending you 3
2024-10-14 20:11:44.520474 Charlie: Golf, sending you 4
2024-10-14 20:11:44.521228 Delta: Golf, November and Echo, sending you 1
2024-10-14 20:11:44.523262 Romeo: Golf, November, X-ray and Echo, sending you 1
2024-10-14 20:11:44.524182 Yankee: Lima, sending you 1
2024-10-14 20:11:44.525481 Lima: Golf, sending you 1
2024-10-14 20:11:44.526044 Golf: X-ray, sending you 1
2024-10-14 20:11:44.526688 November: Delta and X-ray, sending you 1
2024-10-14 20:11:44.528678 Charlie: Lima, sending you 3
2024-10-14 20:11:44.530674 Romeo: Charlie, sending you 2
2024-10-14 20:11:44.533142 Lima: X-ray, sending you 6
2024-10-14 20:11:44.534013 Juliett: Golf, sending you 2
2024-10-14 20:11:44.535354 Golf: Juliett, sending you 2
2024-10-14 20:11:44.535767 November: Juliett, sending you 4
2024-10-14 20:11:44.536674 Echo: Golf, sending you 2
2024-10-14 20:11:44.538054 Charlie: Yankee and Echo, sending you 1
2024-10-14 20:11:44.539024 X-ray: Golf, sending you 4
2024-10-14 20:11:44.541108 Romeo: Delta, sending you 3
2024-10-14 20:11:44.542723 Lima: Juliett, sending you 2
2024-10-14 20:11:44.543426 Juliett: Lima, sending you 1
2024-10-14 20:11:44.543943 November: Romeo and Echo, sending you 2
2024-10-14 20:11:44.545730 Echo: Charlie and Juliett, sending you 3
2024-10-14 20:11:44.546246 X-ray: Lima, sending you 3
2024-10-14 20:11:44.549179 Juliett: X-ray, sending you 5
2024-10-14 20:11:44.549779 Echo: Yankee, sending you 4
2024-10-14 20:11:44.551155 X-ray: Juliett, sending you 2
chatterbot Delta submitting transactions
chatterbot November submitting transactions
chatterbot Lima submitting transactions
chatterbot X-ray submitting transactions
chatterbot Romeo submitting transactions
chatterbot Juliett submitting transactions
chatterbot Charlie submitting transactions
chatterbot Echo submitting transactions
chatterbot Golf submitting transactions
chatterbot Yankee submitting transactions
ChatterBot Golf round 2
ChatterBot Lima round 2
ChatterBot November round 2
ChatterBot Charlie round 2
ChatterBot Delta round 2
ChatterBot X-ray round 2
ChatterBot Juliett round 2
2024-10-14 20:11:45.739641 Delta: Group up?
ChatterBot November reevaluating
ChatterBot Romeo reevaluating
ChatterBot Lima reevaluating
2024-10-14 20:11:45.772059 November: No
2024-10-14 20:11:45.772746 Romeo: No
2024-10-14 20:11:45.772922 Lima: No
ChatterBot Delta reevaluating
ChatterBot Romeo reevaluating
ChatterBot Lima reevaluating
ChatterBot Delta reevaluating
ChatterBot November reevaluating
ChatterBot Lima reevaluating
ChatterBot Delta reevaluating
ChatterBot November reevaluating
ChatterBot Romeo reevaluating
ChatterBot Yankee round 2
ChatterBot Romeo round 2
2024-10-14 20:11:45.887264 Charlie: We should group up
ChatterBot Echo reevaluating
2024-10-14 20:11:45.908838 Echo: No
ChatterBot Charlie reevaluating
2024-10-14 20:11:45.915769 Echo: We would work well together
ChatterBot November reevaluating
2024-10-14 20:11:45.923195 November: No
ChatterBot Echo reevaluating
ChatterBot Echo round 2
2024-10-14 20:11:45.943351 Juliett: We should add November
ChatterBot X-ray reevaluating
ChatterBot Lima reevaluating
2024-10-14 20:11:45.954787 Golf: No
2024-10-14 20:11:45.954991 X-ray: Yes
2024-10-14 20:11:45.955125 Lima: No
ChatterBot Juliett reevaluating
ChatterBot X-ray reevaluating
ChatterBot Lima reevaluating
ChatterBot Juliett reevaluating
ChatterBot Lima reevaluating
ChatterBot Juliett reevaluating
ChatterBot X-ray reevaluating
2024-10-14 20:11:46.093722 X-ray: November we want you to join our group
2024-10-14 20:11:46.098906 November: No
ChatterBot X-ray reevaluating
ChatterBot Juliett reevaluating
2024-10-14 20:11:46.118735 Yankee: We should drop Juliett and Lima
ChatterBot Charlie reevaluating
ChatterBot Echo reevaluating
2024-10-14 20:11:46.139456 Charlie: Yes
2024-10-14 20:11:46.140206 Echo: Yes
2024-10-14 20:11:46.140594 Golf: No
ChatterBot Echo reevaluating
ChatterBot Charlie reevaluating
ChatterBot Charlie reevaluating
ChatterBot Echo reevaluating
2024-10-14 20:11:46.186896 Lima: We should drop Golf
ChatterBot X-ray reevaluating
ChatterBot Juliett reevaluating
2024-10-14 20:11:46.195853 X-ray: No
2024-10-14 20:11:46.196057 Juliett: No
ChatterBot Juliett reevaluating
ChatterBot X-ray reevaluating
chatterbot Delta submitting transactions
2024-10-14 20:11:46.212632 Delta: November, sending you 4
2024-10-14 20:11:46.361578 Golf: Lima, sending you 1
2024-10-14 20:11:46.362409 November: Delta, sending you 7
2024-10-14 20:11:46.362675 Delta: Charlie, sending you 2
chatterbot November submitting transactions
2024-10-14 20:11:46.844740 November: Romeo, sending you 6
2024-10-14 20:11:46.845705 Lima: X-ray, sending you 5
2024-10-14 20:11:46.846065 Golf: X-ray, sending you 3
2024-10-14 20:11:46.846425 Yankee: Echo, sending you 1
2024-10-14 20:11:46.847312 Romeo: November, sending you 7
2024-10-14 20:11:46.847673 Delta: Romeo, sending you 7
2024-10-14 20:11:46.848011 Charlie: Sending you 7
2024-10-14 20:11:46.849194 Echo: Sending you each 4
chatterbot Yankee submitting transactions
chatterbot Romeo submitting transactions
chatterbot Lima submitting transactions
2024-10-14 20:11:46.849982 Lima: Juliett, sending you 4
2024-10-14 20:11:47.206423 Golf: Juliett, sending you 2
2024-10-14 20:11:47.207012 X-ray: Golf, sending you 2
2024-10-14 20:11:47.207357 Juliett: Golf and Lima, sending you 3
chatterbot X-ray submitting transactions
chatterbot Golf submitting transactions
2024-10-14 20:11:47.464785 X-ray: Lima, sending you 6
2024-10-14 20:11:47.465992 Juliett: X-ray, sending you 2
chatterbot Juliett submitting transactions
2024-10-14 20:11:47.545836 X-ray: Juliett, sending you 5
chatterbot Echo submitting transactions
chatterbot Charlie submitting transactions
ChatterBot Golf round 3
ChatterBot Lima round 3
ChatterBot November round 3
ChatterBot Charlie round 3
ChatterBot Delta round 3
ChatterBot X-ray round 3
ChatterBot Juliett round 3
ChatterBot Yankee round 3
ChatterBot Romeo round 3
ChatterBot Echo round 3
2024-10-14 20:11:47.679885 Juliett: We should add Charlie and Echo
ChatterBot X-ray reevaluating
ChatterBot Lima reevaluating
2024-10-14 20:11:47.694119 Golf: No
2024-10-14 20:11:47.694295 X-ray: No
2024-10-14 20:11:47.694457 Lima: No
ChatterBot Juliett reevaluating
ChatterBot X-ray reevaluating
ChatterBot Lima reevaluating
ChatterBot Juliett reevaluating
ChatterBot Lima reevaluating
ChatterBot Juliett reevaluating
ChatterBot X-ray reevaluating
2024-10-14 20:11:47.740588 Charlie: We would work well together
ChatterBot November reevaluating
ChatterBot Delta reevaluating
ChatterBot Romeo reevaluating
ChatterBot Echo reevaluating
2024-10-14 20:11:47.762062 November: Yes
2024-10-14 20:11:47.762216 Delta: Yes
2024-10-14 20:11:47.762332 Romeo: Yes
2024-10-14 20:11:47.762447 Echo: Yes
ChatterBot Delta reevaluating
ChatterBot Romeo reevaluating
ChatterBot Echo reevaluating
ChatterBot November reevaluating
ChatterBot Romeo reevaluating
ChatterBot Echo reevaluating
ChatterBot November reevaluating
ChatterBot Delta reevaluating
ChatterBot Echo reevaluating
ChatterBot Charlie reevaluating
ChatterBot November reevaluating
ChatterBot Delta reevaluating
ChatterBot Romeo reevaluating
2024-10-14 20:11:47.859148 November: We should add Charlie and Echo
2024-10-14 20:11:47.859585 Delta: We should add Echo and Yankee
2024-10-14 20:11:47.860483 Echo: We should add Charlie
ChatterBot Delta reevaluating
ChatterBot Romeo reevaluating
ChatterBot Charlie reevaluating
ChatterBot November reevaluating
2024-10-14 20:11:47.897343 Delta: Yes
2024-10-14 20:11:47.897565 Romeo: Yes
ChatterBot Romeo reevaluating
2024-10-14 20:11:47.906420 Charlie: Yes
2024-10-14 20:11:47.907071 November: No
ChatterBot November reevaluating
ChatterBot Delta reevaluating
2024-10-14 20:11:47.925501 Romeo: No
ChatterBot Romeo reevaluating
2024-10-14 20:11:47.934823 November: Yes
ChatterBot November reevaluating
2024-10-14 20:11:47.943709 Delta: Yes
2024-10-14 20:11:47.944432 Romeo: Yes
ChatterBot Romeo reevaluating
ChatterBot November reevaluating
ChatterBot Delta reevaluating
ChatterBot Charlie reevaluating
ChatterBot Echo reevaluating
ChatterBot November reevaluating
ChatterBot Delta reevaluating
ChatterBot Romeo reevaluating
ChatterBot Charlie reevaluating
ChatterBot Echo reevaluating
ChatterBot Delta reevaluating
ChatterBot Romeo reevaluating
ChatterBot Echo reevaluating
ChatterBot November reevaluating
ChatterBot Delta reevaluating
ChatterBot Delta reevaluating
ChatterBot Romeo reevaluating
ChatterBot November reevaluating
ChatterBot Romeo reevaluating
ChatterBot November reevaluating
ChatterBot Delta reevaluating
2024-10-14 20:11:48.228380 Lima: We should add Golf
ChatterBot X-ray reevaluating
ChatterBot Juliett reevaluating
2024-10-14 20:11:48.238914 X-ray: Yes
2024-10-14 20:11:48.239316 Juliett: Yes
ChatterBot Lima reevaluating
ChatterBot Juliett reevaluating
ChatterBot Lima reevaluating
ChatterBot X-ray reevaluating
2024-10-14 20:11:48.273206 Yankee: We should drop Golf
ChatterBot Charlie reevaluating
2024-10-14 20:11:48.283997 Charlie: Yes
2024-10-14 20:11:48.284199 Echo: Yes
ChatterBot Charlie reevaluating
2024-10-14 20:11:48.302310 Delta: Echo and Golf we want you to join our group
2024-10-14 20:11:48.311782 Echo: No
2024-10-14 20:11:48.311949 Golf: No
ChatterBot Charlie reevaluating
ChatterBot Delta reevaluating
ChatterBot Charlie reevaluating
2024-10-14 20:11:48.362398 November: Charlie and Echo we want you to join our group
ChatterBot Charlie reevaluating
2024-10-14 20:11:48.373316 Charlie: Yes
2024-10-14 20:11:48.374289 Echo: Yes
ChatterBot Delta reevaluating
ChatterBot Charlie reevaluating
ChatterBot Delta reevaluating
2024-10-14 20:11:48.416249 Echo: Charlie we want you to join our group
ChatterBot Charlie reevaluating
2024-10-14 20:11:48.422012 Charlie: Yes
ChatterBot Delta reevaluating
2024-10-14 20:11:48.443854 Lima: Golf we want you to join our group
2024-10-14 20:11:48.451777 Golf: Yes
2024-10-14 20:11:48.472938 Golf: X-ray and Juliett, sending you 3
2024-10-14 20:11:48.475877 X-ray: Golf, sending you 3
2024-10-14 20:11:48.481587 Romeo: November, sending you 3
2024-10-14 20:11:48.482229 Juliett: Golf, sending you 2
2024-10-14 20:11:48.483070 Yankee: Echo, sending you 1
2024-10-14 20:11:48.483502 Delta: Echo and Yankee we want you to join our group
2024-10-14 20:11:48.493541 Echo: No
2024-10-14 20:11:48.493803 Yankee: No
ChatterBot Delta reevaluating
ChatterBot Charlie reevaluating
ChatterBot Delta reevaluating
ChatterBot Charlie reevaluating
ChatterBot Echo reevaluating
2024-10-14 20:11:48.556871 Echo: We should add Charlie and Yankee
ChatterBot Delta reevaluating
2024-10-14 20:11:48.580813 November: No
2024-10-14 20:11:48.581042 Delta: No
2024-10-14 20:11:48.581206 Romeo: No
ChatterBot Echo reevaluating
ChatterBot Delta reevaluating
ChatterBot Echo reevaluating
ChatterBot Echo reevaluating
ChatterBot Delta reevaluating
2024-10-14 20:11:48.656420 X-ray: Lima, sending you 6
2024-10-14 20:11:48.656977 Romeo: Delta, sending you 4
2024-10-14 20:11:48.657768 Juliett: Lima and X-ray, sending you 3
2024-10-14 20:11:48.843709 November: Charlie, sending you 1
2024-10-14 20:11:48.844797 X-ray: Juliett, sending you 4
2024-10-14 20:11:48.845472 Lima: Sending you each 3
2024-10-14 20:11:48.846556 Romeo: Echo, sending you 2
chatterbot Echo submitting transactions
chatterbot Romeo submitting transactions
2024-10-14 20:11:48.847905 November: Delta, sending you 4
2024-10-14 20:11:48.992385 November: Romeo, sending you 5
2024-10-14 20:11:48.993360 Charlie: November, sending you 1
chatterbot Yankee submitting transactions
chatterbot Charlie submitting transactions
chatterbot Juliett submitting transactions
2024-10-14 20:11:49.035725 November: Echo, sending you 3
2024-10-14 20:11:49.036249 Charlie: Delta and Echo, sending you 3
2024-10-14 20:11:49.037093 Echo: Charlie, sending you 7
chatterbot Echo submitting transactions
chatterbot Lima submitting transactions
chatterbot X-ray submitting transactions
2024-10-14 20:11:49.120663 Charlie: Romeo, sending you 2
2024-10-14 20:11:49.121049 Delta: Golf and Charlie, sending you 1
2024-10-14 20:11:49.121373 Echo: Yankee, sending you 5
chatterbot Golf submitting transactions
2024-10-14 20:11:49.171279 Delta: November, sending you 5
2024-10-14 20:11:49.189675 Delta: Romeo, sending you 2
2024-10-14 20:11:49.214573 Delta: Echo, sending you 4
chatterbot November submitting transactions
chatterbot Delta submitting transactions
ChatterBot Golf round 4
ChatterBot Lima round 4
ChatterBot November round 4
ChatterBot Charlie round 4
ChatterBot Delta round 4
ChatterBot X-ray round 4
ChatterBot Juliett round 4
ChatterBot Yankee round 4
2024-10-14 20:11:49.821102 Charlie: We should add Yankee
ChatterBot November reevaluating
ChatterBot Delta reevaluating
ChatterBot Echo reevaluating
2024-10-14 20:11:49.839586 November: No
2024-10-14 20:11:49.840284 Delta: Yes
2024-10-14 20:11:49.840416 Romeo: No
2024-10-14 20:11:49.840557 Echo: No
ChatterBot Delta reevaluating
ChatterBot Echo reevaluating
ChatterBot November reevaluating
ChatterBot Echo reevaluating
ChatterBot November reevaluating
ChatterBot Delta reevaluating
ChatterBot Echo reevaluating
ChatterBot November reevaluating
ChatterBot Delta reevaluating
ChatterBot Romeo round 4
ChatterBot Echo round 4
2024-10-14 20:11:49.926870 Yankee: We would work well together
ChatterBot Delta reevaluating
ChatterBot November reevaluating
ChatterBot Romeo reevaluating
ChatterBot Echo reevaluating
2024-10-14 20:11:49.944599 Delta: Yes
2024-10-14 20:11:49.944739 November: Yes
2024-10-14 20:11:49.945265 Romeo: Yes
2024-10-14 20:11:49.945418 Charlie: Yes
2024-10-14 20:11:49.945568 Echo: Yes
ChatterBot November reevaluating
ChatterBot Romeo reevaluating
ChatterBot Echo reevaluating
ChatterBot Delta reevaluating
ChatterBot Romeo reevaluating
ChatterBot Echo reevaluating
ChatterBot Delta reevaluating
ChatterBot November reevaluating
ChatterBot Echo reevaluating
ChatterBot Delta reevaluating
ChatterBot November reevaluating
ChatterBot Romeo reevaluating
ChatterBot Echo reevaluating
ChatterBot Delta reevaluating
ChatterBot November reevaluating
ChatterBot Romeo reevaluating
2024-10-14 20:11:50.031813 Romeo: We should add Yankee
ChatterBot November reevaluating
ChatterBot Delta reevaluating
ChatterBot Echo reevaluating
2024-10-14 20:11:50.045961 Charlie: Yes
2024-10-14 20:11:50.046120 November: Yes
2024-10-14 20:11:50.046730 Delta: Yes
2024-10-14 20:11:50.046865 Echo: Yes
ChatterBot November reevaluating
ChatterBot Delta reevaluating
ChatterBot Romeo reevaluating
ChatterBot Echo reevaluating
ChatterBot Delta reevaluating
ChatterBot Romeo reevaluating
ChatterBot Echo reevaluating
ChatterBot November reevaluating
ChatterBot Romeo reevaluating
ChatterBot Echo reevaluating
ChatterBot November reevaluating
ChatterBot Delta reevaluating
ChatterBot Romeo reevaluating
2024-10-14 20:11:50.108876 Charlie: Yankee we want you to join our group
2024-10-14 20:11:50.113295 Yankee: Yes
ChatterBot Delta reevaluating
ChatterBot November reevaluating
ChatterBot Romeo reevaluating
ChatterBot Echo reevaluating
2024-10-14 20:11:50.212480 November: Yankee we want you to join our group
2024-10-14 20:11:50.233762 Yankee: Yes
ChatterBot Delta reevaluating
ChatterBot November reevaluating
2024-10-14 20:11:50.262414 Romeo: Yankee we want you to join our group
2024-10-14 20:11:50.268087 Yankee: Yes
2024-10-14 20:11:50.287191 Delta: Yankee we want you to join our group
2024-10-14 20:11:50.291515 Yankee: Yes
2024-10-14 20:11:50.315303 Juliett: Golf, sending you 2
2024-10-14 20:11:50.316859 Lima: Same as last round
2024-10-14 20:11:50.317651 Golf: Lima and Juliett, sending you 2
2024-10-14 20:11:50.319167 Charlie: November, Yankee and Romeo, sending you 1
2024-10-14 20:11:50.320685 X-ray: Golf and Juliett, sending you 4
2024-10-14 20:11:50.321473 Yankee: Echo, sending you 1
2024-10-14 20:11:50.322759 Echo: November, Delta, Yankee and Romeo, sending you 2
2024-10-14 20:11:50.324170 Juliett: Lima and X-ray, sending you 3
2024-10-14 20:11:50.324826 Golf: X-ray, sending you 3
2024-10-14 20:11:50.326226 Charlie: Delta, sending you 2
2024-10-14 20:11:50.328234 X-ray: Lima, sending you 5
2024-10-14 20:11:50.329676 Echo: Charlie, sending you 4
2024-10-14 20:11:50.336334 Charlie: Echo, sending you 4
2024-10-14 20:11:50.346173 November: Charlie and Echo, sending you 2
2024-10-14 20:11:50.347728 Delta: November, sending you 5
2024-10-14 20:11:50.349286 Romeo: November, sending you 4
2024-10-14 20:11:50.352498 November: Delta and Romeo, sending you 4
2024-10-14 20:11:50.355019 Delta: Charlie and Echo, sending you 2
2024-10-14 20:11:50.356489 Romeo: Charlie and Echo, sending you 1
2024-10-14 20:11:50.357879 November: Yankee, sending you 1
2024-10-14 20:11:50.361329 Delta: Yankee, sending you 1
2024-10-14 20:11:50.376887 Romeo: Delta, sending you 3
2024-10-14 20:11:50.377976 Delta: Romeo, sending you 3
chatterbot Golf submitting transactions
chatterbot Echo submitting transactions
chatterbot November submitting transactions
chatterbot X-ray submitting transactions
chatterbot Lima submitting transactions
chatterbot Romeo submitting transactions
chatterbot Delta submitting transactions
chatterbot Charlie submitting transactions
chatterbot Yankee submitting transactions
chatterbot Juliett submitting transactions
ChatterBot Golf round 5
ChatterBot Lima round 5
ChatterBot November round 5
ChatterBot Charlie round 5
ChatterBot Delta round 5
ChatterBot X-ray round 5
ChatterBot Juliett round 5
2024-10-14 20:11:51.178472 Delta: We should add Lima
ChatterBot November reevaluating
ChatterBot Charlie reevaluating
2024-10-14 20:11:51.208264 November: No
2024-10-14 20:11:51.209076 Romeo: No
2024-10-14 20:11:51.209292 Charlie: No
2024-10-14 20:11:51.209580 Echo: No
2024-10-14 20:11:51.209787 Yankee: No
ChatterBot Delta reevaluating
ChatterBot Charlie reevaluating
ChatterBot Delta reevaluating
ChatterBot November reevaluating
ChatterBot Charlie reevaluating
ChatterBot Delta reevaluating
ChatterBot November reevaluating
ChatterBot Delta reevaluating
ChatterBot November reevaluating
ChatterBot Charlie reevaluating
ChatterBot Delta reevaluating
ChatterBot November reevaluating
ChatterBot Charlie reevaluating
ChatterBot Yankee round 5
ChatterBot Romeo round 5
ChatterBot Echo round 5
2024-10-14 20:11:51.368274 Juliett: We should add Yankee
2024-10-14 20:11:51.382294 Golf: No
2024-10-14 20:11:51.382529 X-ray: No
2024-10-14 20:11:51.382727 Lima: No
ChatterBot Juliett reevaluating
ChatterBot Juliett reevaluating
2024-10-14 20:11:51.445657 November: We should drop Yankee
ChatterBot Delta reevaluating
2024-10-14 20:11:51.461072 Charlie: Yes
2024-10-14 20:11:51.461723 Delta: No
2024-10-14 20:11:51.461908 Romeo: No
2024-10-14 20:11:51.462048 Echo: Yes
ChatterBot November reevaluating
ChatterBot Delta reevaluating
ChatterBot November reevaluating
ChatterBot November reevaluating
ChatterBot Delta reevaluating
ChatterBot November reevaluating
ChatterBot Delta reevaluating
ChatterBot Romeo reevaluating
2024-10-14 20:11:51.531889 Yankee: We should drop Romeo
ChatterBot Delta reevaluating
2024-10-14 20:11:51.546732 November: No
2024-10-14 20:11:51.546911 Delta: No
2024-10-14 20:11:51.547019 Charlie: No
2024-10-14 20:11:51.547183 Echo: No
ChatterBot Delta reevaluating
ChatterBot Delta reevaluating
ChatterBot Delta reevaluating
2024-10-14 20:11:51.606548 Lima: Same as last round
2024-10-14 20:11:51.609709 X-ray: Golf and Juliett, sending you 4
2024-10-14 20:11:51.611074 Golf: Lima and Juliett, sending you 2
2024-10-14 20:11:51.612922 X-ray: Lima, sending you 5
2024-10-14 20:11:51.613710 Golf: X-ray, sending you 3
2024-10-14 20:11:51.618666 Juliett: Golf, sending you 2
2024-10-14 20:11:51.619798 Romeo: November, sending you 4
2024-10-14 20:11:51.623125 Romeo: Charlie and Echo, sending you 1
2024-10-14 20:11:51.623907 Juliett: Lima and X-ray, sending you 3
2024-10-14 20:11:51.625115 Yankee: Echo, sending you 1
2024-10-14 20:11:51.625766 Charlie: November and Delta, sending you 2
2024-10-14 20:11:51.627672 Romeo: Delta, sending you 3
2024-10-14 20:11:51.628793 Delta: November, sending you 4
2024-10-14 20:11:51.629689 November: Charlie, sending you 2
2024-10-14 20:11:51.630792 Charlie: Romeo, sending you 1
2024-10-14 20:11:51.632691 Echo: November, Charlie, Delta and Romeo, sending you 3
2024-10-14 20:11:51.633245 Delta: Charlie, Romeo and Echo, sending you 3
2024-10-14 20:11:51.635985 November: Delta and Romeo, sending you 4
2024-10-14 20:11:51.636476 Charlie: Echo, sending you 4
2024-10-14 20:11:51.638672 November: Echo, sending you 3
chatterbot X-ray submitting transactions
chatterbot Juliett submitting transactions
chatterbot Charlie submitting transactions
chatterbot Echo submitting transactions
chatterbot Golf submitting transactions
chatterbot Romeo submitting transactions
chatterbot Delta submitting transactions
chatterbot Lima submitting transactions
chatterbot Yankee submitting transactions
chatterbot November submitting transactions
ChatterBot Golf round 6
ChatterBot Lima round 6
ChatterBot November round 6
ChatterBot Charlie round 6
ChatterBot Delta round 6
ChatterBot X-ray round 6
ChatterBot Juliett round 6
ChatterBot Yankee round 6
2024-10-14 20:11:52.689633 Delta: We should add Yankee
ChatterBot Charlie reevaluating
2024-10-14 20:11:52.702170 Charlie: No
2024-10-14 20:11:52.702342 November: No
2024-10-14 20:11:52.702472 Romeo: No
2024-10-14 20:11:52.702596 Echo: No
ChatterBot Charlie reevaluating
ChatterBot Charlie reevaluating
ChatterBot Charlie reevaluating
ChatterBot Romeo round 6
ChatterBot Echo round 6
2024-10-14 20:11:52.883584 Yankee: We should add Romeo
ChatterBot Charlie reevaluating
ChatterBot Echo reevaluating
2024-10-14 20:11:52.904581 November: Yes
2024-10-14 20:11:52.904928 Delta: Yes
2024-10-14 20:11:52.905186 Charlie: Yes
2024-10-14 20:11:52.905871 Echo: Yes
ChatterBot Charlie reevaluating
ChatterBot Echo reevaluating
ChatterBot Charlie reevaluating
ChatterBot Echo reevaluating
ChatterBot Echo reevaluating
ChatterBot Charlie reevaluating
2024-10-14 20:11:52.951947 Delta: Yankee we want you to join our group
2024-10-14 20:11:52.955080 Yankee: Yes
ChatterBot Romeo reevaluating
ChatterBot Charlie reevaluating
ChatterBot Echo reevaluating
2024-10-14 20:11:52.972586 Romeo: We should add Yankee
ChatterBot Echo reevaluating
2024-10-14 20:11:52.984927 Charlie: No
2024-10-14 20:11:52.985210 November: No
2024-10-14 20:11:52.985483 Delta: Yes
2024-10-14 20:11:52.985846 Echo: Yes
ChatterBot Romeo reevaluating
ChatterBot Echo reevaluating
ChatterBot Romeo reevaluating
ChatterBot Echo reevaluating
ChatterBot Romeo reevaluating
ChatterBot Echo reevaluating
ChatterBot Charlie reevaluating
ChatterBot Romeo reevaluating
2024-10-14 20:11:53.048138 Yankee: Romeo we want you to join our group
ChatterBot Romeo reevaluating
2024-10-14 20:11:53.052804 Romeo: Yes
ChatterBot Charlie reevaluating
ChatterBot Echo reevaluating
2024-10-14 20:11:53.072362 November: Charlie, sending you 2
2024-10-14 20:11:53.076152 Golf: Lima and Juliett, sending you 2
2024-10-14 20:11:53.076770 November: Delta and Romeo, sending you 4
2024-10-14 20:11:53.077583 Lima: Same as last round
2024-10-14 20:11:53.078836 X-ray: Golf and Juliett, sending you 4
2024-10-14 20:11:53.079335 Juliett: Golf, sending you 2
2024-10-14 20:11:53.080676 Romeo: Yankee we want you to join our group
2024-10-14 20:11:53.085504 Yankee: Yes
2024-10-14 20:11:53.103994 Golf: X-ray, sending you 4
2024-10-14 20:11:53.104938 November: Echo, sending you 3
2024-10-14 20:11:53.105449 Juliett: Lima and X-ray, sending you 3
2024-10-14 20:11:53.105839 Yankee: Echo, sending you 1
2024-10-14 20:11:53.106850 X-ray: Lima, sending you 5
2024-10-14 20:11:53.110812 Echo: Same as last round
2024-10-14 20:11:53.111755 Delta: November, sending you 4
2024-10-14 20:11:53.116706 Delta: Charlie, sending you 2
2024-10-14 20:11:53.118704 Romeo: November, sending you 4
2024-10-14 20:11:53.122173 Romeo: Delta, sending you 3
2024-10-14 20:11:53.122963 Delta: Yankee, sending you 1
2024-10-14 20:11:53.126919 Romeo: Echo, sending you 2
2024-10-14 20:11:53.127560 Delta: Romeo and Echo, sending you 3
chatterbot Lima submitting transactions
chatterbot November submitting transactions
chatterbot Golf submitting transactions
chatterbot Delta submitting transactions
chatterbot X-ray submitting transactions
chatterbot Juliett submitting transactions
chatterbot Yankee submitting transactions
chatterbot Romeo submitting transactions
chatterbot Charlie submitting transactions
chatterbot Echo submitting transactions
ChatterBot Golf round 7
ChatterBot Lima round 7
ChatterBot November round 7
ChatterBot Charlie round 7
ChatterBot Delta round 7
ChatterBot X-ray round 7
2024-10-14 20:11:54.219911 November: We should add Yankee
ChatterBot Echo reevaluating
2024-10-14 20:11:54.248072 Charlie: No
2024-10-14 20:11:54.249460 Delta: Yes
2024-10-14 20:11:54.251255 Romeo: Yes
2024-10-14 20:11:54.252955 Echo: Yes
ChatterBot Echo reevaluating
ChatterBot Charlie reevaluating
ChatterBot Echo reevaluating
ChatterBot Charlie reevaluating
ChatterBot Echo reevaluating
ChatterBot Charlie reevaluating
ChatterBot Juliett round 7
ChatterBot Yankee round 7
ChatterBot Romeo round 7
ChatterBot Echo round 7
2024-10-14 20:11:54.360691 November: Yankee we want you to join our group
2024-10-14 20:11:54.364800 Yankee: Yes
ChatterBot Charlie reevaluating
ChatterBot Echo reevaluating
2024-10-14 20:11:54.386459 Echo: We should add Yankee
ChatterBot Charlie reevaluating
2024-10-14 20:11:54.401291 Charlie: Yes
2024-10-14 20:11:54.402004 November: Yes
2024-10-14 20:11:54.402139 Delta: Yes
2024-10-14 20:11:54.402271 Romeo: Yes
ChatterBot Charlie reevaluating
ChatterBot Charlie reevaluating
ChatterBot Charlie reevaluating
2024-10-14 20:11:54.465294 Juliett: We should add Delta
ChatterBot Lima reevaluating
2024-10-14 20:11:54.479060 Golf: No
2024-10-14 20:11:54.479293 X-ray: No
2024-10-14 20:11:54.479477 Lima: No
ChatterBot Juliett reevaluating
ChatterBot Lima reevaluating
ChatterBot Juliett reevaluating
ChatterBot Lima reevaluating
ChatterBot Juliett reevaluating
2024-10-14 20:11:54.526464 Juliett: We should add Romeo
ChatterBot Lima reevaluating
2024-10-14 20:11:54.537654 Golf: No
2024-10-14 20:11:54.537866 X-ray: No
2024-10-14 20:11:54.538034 Lima: No
ChatterBot Juliett reevaluating
ChatterBot Lima reevaluating
ChatterBot Juliett reevaluating
ChatterBot Lima reevaluating
ChatterBot Juliett reevaluating
2024-10-14 20:11:54.592288 Charlie: Yankee we want you to join our group
2024-10-14 20:11:54.596940 Yankee: Yes
ChatterBot Charlie reevaluating
2024-10-14 20:11:54.616348 Echo: Yankee we want you to join our group
2024-10-14 20:11:54.620167 Yankee: Yes
ChatterBot Charlie reevaluating
2024-10-14 20:11:54.639898 X-ray: I was attacked by Charlie
ChatterBot Golf reevaluating
ChatterBot Juliett reevaluating
ChatterBot Lima reevaluating
2024-10-14 20:11:54.662113 X-ray: I'm keeping this round to protect myself
2024-10-14 20:11:54.664065 X-ray: Ow
2024-10-14 20:11:54.666083 Juliett: We should add November
ChatterBot Golf reevaluating
ChatterBot Lima reevaluating
2024-10-14 20:11:54.687734 Golf: No
2024-10-14 20:11:54.687974 X-ray: No
2024-10-14 20:11:54.688147 Lima: No
ChatterBot Juliett reevaluating
ChatterBot Lima reevaluating
ChatterBot Golf reevaluating
ChatterBot Juliett reevaluating
ChatterBot Lima reevaluating
ChatterBot Golf reevaluating
ChatterBot Juliett reevaluating
2024-10-14 20:11:54.750037 Juliett: We should add Echo
ChatterBot Golf reevaluating
ChatterBot Lima reevaluating
2024-10-14 20:11:54.769536 Golf: No
2024-10-14 20:11:54.769808 X-ray: No
2024-10-14 20:11:54.769991 Lima: No
ChatterBot Juliett reevaluating
ChatterBot Lima reevaluating
ChatterBot Golf reevaluating
ChatterBot Juliett reevaluating
ChatterBot Lima reevaluating
ChatterBot Golf reevaluating
ChatterBot Juliett reevaluating
2024-10-14 20:11:54.840679 Delta: November, sending you 4
2024-10-14 20:11:54.842510 Yankee: Echo, sending you 1
2024-10-14 20:11:54.843568 November: Charlie, sending you 2
2024-10-14 20:11:54.845677 Romeo: November, sending you 4
2024-10-14 20:11:54.847839 Delta: Charlie, sending you 2
2024-10-14 20:11:54.849818 November: Delta and Romeo, sending you 4
2024-10-14 20:11:54.851532 Lima: We should drop Golf
ChatterBot Juliett reevaluating
2024-10-14 20:11:54.865125 X-ray: No
2024-10-14 20:11:54.865322 Juliett: No
ChatterBot Lima reevaluating
ChatterBot Juliett reevaluating
ChatterBot Lima reevaluating
2024-10-14 20:11:54.890512 Romeo: Delta, sending you 3
2024-10-14 20:11:54.892424 Delta: Yankee, sending you 1
2024-10-14 20:11:54.893059 November: Echo, sending you 3
2024-10-14 20:11:54.894706 Echo: November, Charlie and Delta, sending you 3
2024-10-14 20:11:54.896715 Romeo: Echo, sending you 2
2024-10-14 20:11:54.897272 Delta: Romeo and Echo, sending you 3
2024-10-14 20:11:54.898505 Golf: Lima, sending you 3
2024-10-14 20:11:54.899114 Echo: Yankee, sending you 1
2024-10-14 20:11:54.902692 Echo: Romeo, sending you 2
2024-10-14 20:11:54.903924 Golf: X-ray, sending you 4
2024-10-14 20:11:54.907101 Golf: Juliett, sending you 2
2024-10-14 20:11:54.907934 Lima: Same as last round
2024-10-14 20:11:54.909177 Juliett: Golf, sending you 2
2024-10-14 20:11:54.914679 Juliett: Lima and X-ray, sending you 3
chatterbot November submitting transactions
chatterbot X-ray submitting transactions
chatterbot Delta submitting transactions
chatterbot Charlie submitting transactions
chatterbot Juliett submitting transactions
chatterbot Golf submitting transactions
chatterbot Yankee submitting transactions
chatterbot Echo submitting transactions
chatterbot Lima submitting transactions
chatterbot Romeo submitting transactions
ChatterBot Golf round 8
ChatterBot Lima round 8
ChatterBot November round 8
ChatterBot Charlie round 8
ChatterBot Delta round 8
ChatterBot X-ray round 8
ChatterBot Juliett round 8
ChatterBot Yankee round 8
ChatterBot Romeo round 8
ChatterBot Echo round 8
2024-10-14 20:11:55.837929 Juliett: We should add Yankee
2024-10-14 20:11:55.847954 Golf: No
2024-10-14 20:11:55.848148 X-ray: No
2024-10-14 20:11:55.848296 Lima: No
ChatterBot Juliett reevaluating
ChatterBot Juliett reevaluating
ChatterBot Juliett reevaluating
2024-10-14 20:11:55.888204 Charlie: We should add Yankee
2024-10-14 20:11:55.900438 November: Yes
2024-10-14 20:11:55.900619 Delta: Yes
2024-10-14 20:11:55.900749 Romeo: Yes
2024-10-14 20:11:55.900859 Echo: Yes
2024-10-14 20:11:55.960512 Charlie: Yankee we want you to join our group
2024-10-14 20:11:55.964224 Yankee: Yes
2024-10-14 20:11:56.019274 Golf: Sending you each 3
2024-10-14 20:11:56.020128 Lima: Golf and Juliett, sending you 2
2024-10-14 20:11:56.020641 November: Charlie, sending you 2
2024-10-14 20:11:56.021841 Delta: November, sending you 4
2024-10-14 20:11:56.023702 Lima: X-ray, sending you 3
2024-10-14 20:11:56.024690 Delta: Charlie, sending you 2
2024-10-14 20:11:56.025665 X-ray: I was attacked by Charlie
ChatterBot Golf reevaluating
ChatterBot Juliett reevaluating
ChatterBot Lima reevaluating
2024-10-14 20:11:56.085130 X-ray: I'm keeping this round to protect myself
2024-10-14 20:11:56.086481 X-ray: Ow
2024-10-14 20:11:56.086781 Juliett: We should add Echo
ChatterBot Golf reevaluating
ChatterBot Lima reevaluating
2024-10-14 20:11:56.100150 Golf: No
2024-10-14 20:11:56.100819 X-ray: No
2024-10-14 20:11:56.101044 Lima: No
ChatterBot Juliett reevaluating
ChatterBot Lima reevaluating
ChatterBot Golf reevaluating
ChatterBot Juliett reevaluating
ChatterBot Lima reevaluating
ChatterBot Golf reevaluating
ChatterBot Juliett reevaluating
2024-10-14 20:11:56.135099 November: Delta and Romeo, sending you 4
2024-10-14 20:11:56.136930 Yankee: Echo, sending you 1
2024-10-14 20:11:56.137872 Echo: November and Delta, sending you 3
2024-10-14 20:11:56.139386 Delta: Yankee, sending you 1
2024-10-14 20:11:56.140342 Charlie: November and Delta, sending you 2
2024-10-14 20:11:56.142282 November: Echo, sending you 3
2024-10-14 20:11:56.144476 Echo: Charlie, Yankee and Romeo, sending you 2
2024-10-14 20:11:56.145476 Delta: Romeo and Echo, sending you 3
2024-10-14 20:11:56.147003 Romeo: November, sending you 4
2024-10-14 20:11:56.148703 Charlie: Yankee and Romeo, sending you 1
2024-10-14 20:11:56.152808 Romeo: Delta, sending you 3
2024-10-14 20:11:56.154970 Charlie: Echo, sending you 3
2024-10-14 20:11:56.157696 Romeo: Echo, sending you 2
2024-10-14 20:11:56.163222 Lima: Same as last round
chatterbot Delta submitting transactions
chatterbot Charlie submitting transactions
chatterbot X-ray submitting transactions
chatterbot November submitting transactions
chatterbot Yankee submitting transactions
chatterbot Golf submitting transactions
chatterbot Echo submitting transactions
chatterbot Romeo submitting transactions
chatterbot Juliett submitting transactions
chatterbot Lima submitting transactions
ChatterBot Golf round 9
ChatterBot Lima round 9
ChatterBot November round 9
ChatterBot Charlie round 9
ChatterBot Delta round 9
ChatterBot X-ray round 9
ChatterBot Juliett round 9
ChatterBot Yankee round 9
ChatterBot Romeo round 9
ChatterBot Echo round 9
2024-10-14 20:11:57.365757 Charlie: November and Delta, sending you 2
2024-10-14 20:11:57.370156 Charlie: Yankee and Romeo, sending you 1
2024-10-14 20:11:57.372170 Delta: November, sending you 4
2024-10-14 20:11:57.374080 Golf: Lima, sending you 4
2024-10-14 20:11:57.375481 Lima: Same as last round
2024-10-14 20:11:57.376266 Charlie: Echo, sending you 3
2024-10-14 20:11:57.378672 Delta: Charlie, sending you 2
2024-10-14 20:11:57.380388 Golf: X-ray, sending you 2
2024-10-14 20:11:57.380831 November: Charlie, sending you 2
2024-10-14 20:11:57.382183 Romeo: November, sending you 4
2024-10-14 20:11:57.382849 Echo: November and Delta, sending you 3
2024-10-14 20:11:57.384502 Delta: Yankee, sending you 1
2024-10-14 20:11:57.385702 Golf: Juliett, sending you 3
2024-10-14 20:11:57.386294 Yankee: Echo, sending you 1
2024-10-14 20:11:57.387094 November: Delta and Echo, sending you 3
2024-10-14 20:11:57.388362 Romeo: Delta, sending you 3
2024-10-14 20:11:57.389024 Echo: Charlie, Yankee and Romeo, sending you 2
2024-10-14 20:11:57.390700 Delta: Romeo and Echo, sending you 3
2024-10-14 20:11:57.392127 November: Yankee, sending you 1
2024-10-14 20:11:57.393031 Romeo: Echo, sending you 2
2024-10-14 20:11:57.397828 November: Romeo, sending you 4
chatterbot Lima submitting transactions
chatterbot Romeo submitting transactions
chatterbot November submitting transactions
chatterbot Golf submitting transactions
chatterbot Juliett submitting transactions
chatterbot Delta submitting transactions
chatterbot Charlie submitting transactions
chatterbot Echo submitting transactions
chatterbot X-ray submitting transactions
chatterbot Yankee submitting transactions
ChatterBot Golf round 10
ChatterBot Lima round 10
ChatterBot November round 10
ChatterBot Charlie round 10
ChatterBot Delta round 10
ChatterBot X-ray round 10
ChatterBot Juliett round 10
ChatterBot Yankee round 10
ChatterBot Romeo round 10
ChatterBot Echo round 10
2024-10-14 20:11:58.607545 Golf: We should drop X-ray
ChatterBot Lima reevaluating
ChatterBot Juliett reevaluating
2024-10-14 20:11:58.619371 Lima: Yes
2024-10-14 20:11:58.619545 Juliett: Yes
ChatterBot Juliett reevaluating
ChatterBot Lima reevaluating
2024-10-14 20:11:58.645268 Juliett: We would work well together
ChatterBot Charlie reevaluating
2024-10-14 20:11:58.673019 November: No
2024-10-14 20:11:58.673677 Charlie: No
2024-10-14 20:11:58.673811 Delta: No
2024-10-14 20:11:58.673931 Romeo: No
2024-10-14 20:11:58.674046 Echo: No
ChatterBot Juliett reevaluating
ChatterBot Charlie reevaluating
ChatterBot Juliett reevaluating
ChatterBot Juliett reevaluating
ChatterBot Charlie reevaluating
ChatterBot Juliett reevaluating
ChatterBot Charlie reevaluating
ChatterBot Juliett reevaluating
ChatterBot Charlie reevaluating
2024-10-14 20:11:58.819853 November: Charlie, sending you 2
2024-10-14 20:11:58.822695 Romeo: November, sending you 4
2024-10-14 20:11:58.824363 Golf: Lima, sending you 5
2024-10-14 20:11:58.824855 November: Delta and Echo, sending you 3
2024-10-14 20:11:58.826196 Yankee: Echo, sending you 1
2024-10-14 20:11:58.828232 Romeo: Delta, sending you 3
2024-10-14 20:11:58.829419 Delta: November, sending you 4
2024-10-14 20:11:58.830723 Golf: Juliett, sending you 4
2024-10-14 20:11:58.831070 Charlie: November and Delta, sending you 2
2024-10-14 20:11:58.832334 November: Yankee, sending you 1
2024-10-14 20:11:58.834204 Lima: Golf, sending you 5
2024-10-14 20:11:58.834669 Romeo: Echo, sending you 2
2024-10-14 20:11:58.836074 Delta: Charlie, sending you 2
2024-10-14 20:11:58.836761 Echo: November and Delta, sending you 3
2024-10-14 20:11:58.837440 Charlie: Yankee and Romeo, sending you 1
2024-10-14 20:11:58.838885 November: Romeo, sending you 4
2024-10-14 20:11:58.840561 Lima: Juliett, sending you 4
