ChatterBot Romeo round 1
ChatterBot Quebec round 1
ChatterBot Sierra round 1
ChatterBot Echo round 1
ChatterBot Alpha round 1
ChatterBot Zulu round 1
ChatterBot Papa round 1
ChatterBot Yankee round 1
ChatterBot Charlie round 1
ChatterBot Oscar round 1
randomSelections Romeo: {Romeo, Yankee, Papa, Echo, Alpha, Oscar} 
2024-10-14 20:11:44.890582 Romeo: We would work well together
ChatterBot Yankee reevaluating
ChatterBot Papa reevaluating
ChatterBot Echo reevaluating
ChatterBot Alpha reevaluating
ChatterBot Oscar reevaluating
2024-10-14 20:11:44.902034 Yankee: Yes
2024-10-14 20:11:44.903942 Papa: Yes
2024-10-14 20:11:44.904850 Echo: Yes
2024-10-14 20:11:44.906517 Alpha: Yes
2024-10-14 20:11:44.906867 Oscar: Yes
ChatterBot Papa reevaluating
ChatterBot Echo reevaluating
ChatterBot Alpha reevaluating
ChatterBot Oscar reevaluating
ChatterBot Yankee reevaluating
ChatterBot Echo reevaluating
ChatterBot Alpha reevaluating
ChatterBot Oscar reevaluating
ChatterBot Yankee reevaluating
ChatterBot Papa reevaluating
ChatterBot Alpha reevaluating
ChatterBot Oscar reevaluating
ChatterBot Yankee reevaluating
ChatterBot Papa reevaluating
ChatterBot Echo reevaluating
ChatterBot Oscar reevaluating
ChatterBot Yankee reevaluating
ChatterBot Papa reevaluating
ChatterBot Echo reevaluating
ChatterBot Alpha reevaluating
randomSelections Quebec: {Quebec, Zulu, Oscar, Echo, Papa, Sierra, Alpha, Yankee} 
2024-10-14 20:11:44.966583 Quebec: Let's form a team
ChatterBot Zulu reevaluating
ChatterBot Oscar reevaluating
ChatterBot Echo reevaluating
ChatterBot Papa reevaluating
ChatterBot Sierra reevaluating
ChatterBot Alpha reevaluating
ChatterBot Yankee reevaluating
2024-10-14 20:11:44.979769 Zulu: Yes
2024-10-14 20:11:44.979939 Oscar: No
2024-10-14 20:11:44.980719 Echo: No
2024-10-14 20:11:44.980835 Papa: No
2024-10-14 20:11:44.980965 Sierra: Yes
2024-10-14 20:11:44.981077 Alpha: No
2024-10-14 20:11:44.981213 Yankee: No
ChatterBot Oscar reevaluating
ChatterBot Echo reevaluating
ChatterBot Papa reevaluating
ChatterBot Sierra reevaluating
ChatterBot Alpha reevaluating
ChatterBot Yankee reevaluating
ChatterBot Zulu reevaluating
ChatterBot Echo reevaluating
ChatterBot Papa reevaluating
ChatterBot Sierra reevaluating
ChatterBot Alpha reevaluating
ChatterBot Yankee reevaluating
ChatterBot Zulu reevaluating
ChatterBot Oscar reevaluating
ChatterBot Papa reevaluating
ChatterBot Sierra reevaluating
ChatterBot Alpha reevaluating
ChatterBot Yankee reevaluating
ChatterBot Zulu reevaluating
ChatterBot Oscar reevaluating
ChatterBot Echo reevaluating
ChatterBot Sierra reevaluating
ChatterBot Alpha reevaluating
ChatterBot Yankee reevaluating
ChatterBot Zulu reevaluating
ChatterBot Oscar reevaluating
ChatterBot Echo reevaluating
ChatterBot Papa reevaluating
ChatterBot Alpha reevaluating
ChatterBot Yankee reevaluating
ChatterBot Zulu reevaluating
ChatterBot Oscar reevaluating
ChatterBot Echo reevaluating
ChatterBot Papa reevaluating
ChatterBot Sierra reevaluating
ChatterBot Yankee reevaluating
ChatterBot Zulu reevaluating
ChatterBot Oscar reevaluating
ChatterBot Echo reevaluating
ChatterBot Papa reevaluating
ChatterBot Sierra reevaluating
ChatterBot Alpha reevaluating
randomSelections Charlie: {Charlie, Papa, Yankee, Alpha} 
2024-10-14 20:11:45.071998 Charlie: Friends?
ChatterBot Papa reevaluating
ChatterBot Yankee reevaluating
ChatterBot Alpha reevaluating
2024-10-14 20:11:45.075994 Papa: No
2024-10-14 20:11:45.076146 Yankee: No
2024-10-14 20:11:45.076272 Alpha: No
ChatterBot Yankee reevaluating
ChatterBot Alpha reevaluating
ChatterBot Papa reevaluating
ChatterBot Alpha reevaluating
ChatterBot Papa reevaluating
ChatterBot Yankee reevaluating
2024-10-14 20:11:45.098673 Charlie: Alpha, sending you 1
2024-10-14 20:11:45.101677 Oscar: Romeo and Papa, sending you 1
2024-10-14 20:11:45.103674 Quebec: Sierra and Oscar, sending you 2
2024-10-14 20:11:45.104689 Oscar: Echo, sending you 4
2024-10-14 20:11:45.106673 Sierra: Quebec, sending you 4
2024-10-14 20:11:45.107461 Zulu: Quebec, Echo and Alpha, sending you 1
2024-10-14 20:11:45.107825 Quebec: Alpha, Zulu and Yankee, sending you 1
2024-10-14 20:11:45.108150 Oscar: Alpha, sending you 3
2024-10-14 20:11:45.111690 Sierra: Alpha, sending you 1
2024-10-14 20:11:45.112069 Romeo: Echo and Alpha, sending you 1
2024-10-14 20:11:45.112723 Echo: Romeo, Papa and Oscar, sending you 2
2024-10-14 20:11:45.113062 Zulu: Sierra, Papa and Yankee, sending you 2
2024-10-14 20:11:45.113382 Oscar: Yankee, sending you 2
2024-10-14 20:11:45.115680 Romeo: Papa and Oscar, sending you 2
2024-10-14 20:11:45.116366 Yankee: Romeo and Alpha, sending you 1
2024-10-14 20:11:45.116683 Sierra: Zulu, Papa and Oscar, sending you 3
2024-10-14 20:11:45.116994 Alpha: Romeo, Echo and Papa, sending you 1
2024-10-14 20:11:45.117987 Echo: Yankee, sending you 5
2024-10-14 20:11:45.119934 Yankee: Echo, sending you 2
2024-10-14 20:11:45.120196 Sierra: Yankee, sending you 2
2024-10-14 20:11:45.120457 Alpha: Yankee and Oscar, sending you 2
2024-10-14 20:11:45.120793 Papa: Romeo and Yankee, sending you 3
2024-10-14 20:11:45.122686 Yankee: Papa, sending you 3
2024-10-14 20:11:45.125699 Papa: Echo and Alpha, sending you 2
2024-10-14 20:11:45.126695 Yankee: Oscar, sending you 5
2024-10-14 20:11:45.130663 Papa: Oscar, sending you 1
chatterbot Quebec submitting transactions
chatterbot Sierra submitting transactions
chatterbot Papa submitting transactions
chatterbot Zulu submitting transactions
chatterbot Alpha submitting transactions
chatterbot Oscar submitting transactions
chatterbot Romeo submitting transactions
chatterbot Echo submitting transactions
chatterbot Charlie submitting transactions
chatterbot Yankee submitting transactions
ChatterBot Romeo round 2
ChatterBot Quebec round 2
ChatterBot Sierra round 2
ChatterBot Echo round 2
ChatterBot Alpha round 2
ChatterBot Zulu round 2
ChatterBot Papa round 2
2024-10-14 20:11:47.910529 Quebec: We would work well together
ChatterBot Sierra reevaluating
ChatterBot Zulu reevaluating
2024-10-14 20:11:47.921265 Sierra: Yes
2024-10-14 20:11:47.921483 Zulu: Yes
ChatterBot Zulu reevaluating
ChatterBot Sierra reevaluating
ChatterBot Yankee round 2
ChatterBot Charlie round 2
ChatterBot Oscar round 2
2024-10-14 20:11:48.064755 Charlie: Can we be friends?
ChatterBot Quebec reevaluating
ChatterBot Zulu reevaluating
2024-10-14 20:11:48.083514 Sierra: Yes
2024-10-14 20:11:48.083767 Quebec: Yes
2024-10-14 20:11:48.084073 Zulu: Yes
ChatterBot Quebec reevaluating
ChatterBot Zulu reevaluating
ChatterBot Zulu reevaluating
ChatterBot Quebec reevaluating
2024-10-14 20:11:48.241272 Yankee: We should drop Romeo
ChatterBot Echo reevaluating
2024-10-14 20:11:48.260351 Echo: Yes
2024-10-14 20:11:48.260796 Alpha: No
2024-10-14 20:11:48.261637 Papa: No
2024-10-14 20:11:48.261802 Oscar: No
ChatterBot Echo reevaluating
ChatterBot Papa reevaluating
ChatterBot Echo reevaluating
ChatterBot Echo reevaluating
ChatterBot Papa reevaluating
2024-10-14 20:11:48.329749 Romeo: Echo, Alpha, Yankee and Oscar, sending you 1
2024-10-14 20:11:48.358497 Romeo: Papa, sending you 2
2024-10-14 20:11:48.358865 Sierra: Quebec and Zulu, sending you 7
2024-10-14 20:11:48.359141 Zulu: Quebec, sending you 4
2024-10-14 20:11:48.359924 Charlie: Quebec, sending you 1
2024-10-14 20:11:48.360148 Alpha: Romeo and Yankee, sending you 2
2024-10-14 20:11:48.360403 Quebec: Sierra, sending you 4
2024-10-14 20:11:48.379385 Sierra: Charlie, sending you 4
2024-10-14 20:11:48.379865 Quebec: Zulu, sending you 2
2024-10-14 20:11:48.380705 Oscar: Romeo, Echo and Alpha, sending you 2
2024-10-14 20:11:48.381239 Yankee: Echo, sending you 5
2024-10-14 20:11:48.381604 Zulu: Sierra, sending you 8
2024-10-14 20:11:48.382475 Alpha: Papa, sending you 4
2024-10-14 20:11:48.410118 Quebec: Charlie, sending you 1
2024-10-14 20:11:48.410485 Oscar: Papa, sending you 1
2024-10-14 20:11:48.411446 Zulu: Charlie, sending you 1
2024-10-14 20:11:48.411731 Yankee: Alpha and Oscar, sending you 2
2024-10-14 20:11:48.412005 Alpha: Oscar, sending you 5
2024-10-14 20:11:48.412297 Papa: Romeo, sending you 3
2024-10-14 20:11:48.435280 Yankee: Papa, sending you 3
2024-10-14 20:11:48.435744 Oscar: Yankee, sending you 4
2024-10-14 20:11:48.436609 Papa: Echo, sending you 2
2024-10-14 20:11:48.437083 Echo: Alpha, sending you 1
2024-10-14 20:11:48.445532 Papa: Alpha and Oscar, sending you 1
2024-10-14 20:11:48.446538 Echo: Papa and Yankee, sending you 3
2024-10-14 20:11:48.452769 Papa: Yankee, sending you 4
2024-10-14 20:11:48.453801 Echo: Oscar, sending you 4
chatterbot Alpha submitting transactions
chatterbot Sierra submitting transactions
chatterbot Yankee submitting transactions
chatterbot Quebec submitting transactions
chatterbot Romeo submitting transactions
chatterbot Oscar submitting transactions
chatterbot Charlie submitting transactions
chatterbot Echo submitting transactions
chatterbot Papa submitting transactions
chatterbot Zulu submitting transactions
ChatterBot Romeo round 3
ChatterBot Quebec round 3
ChatterBot Sierra round 3
ChatterBot Echo round 3
ChatterBot Alpha round 3
ChatterBot Zulu round 3
ChatterBot Papa round 3
ChatterBot Yankee round 3
ChatterBot Charlie round 3
ChatterBot Oscar round 3
2024-10-14 20:11:49.935643 Yankee: Echo, sending you 4
2024-10-14 20:11:49.936080 Papa: Romeo and Echo, sending you 2
2024-10-14 20:11:49.936580 Echo: Alpha, sending you 1
2024-10-14 20:11:49.937704 Alpha: Romeo, sending you 2
2024-10-14 20:11:49.946831 Yankee: Alpha, sending you 2
2024-10-14 20:11:49.947340 Papa: Alpha and Yankee, sending you 3
2024-10-14 20:11:49.948346 Charlie: Sierra, sending you 1
2024-10-14 20:11:49.948763 Oscar: Romeo and Papa, sending you 1
2024-10-14 20:11:49.949227 Alpha: Echo, sending you 1
2024-10-14 20:11:49.950019 Echo: Papa, sending you 2
2024-10-14 20:11:49.950354 Zulu: Quebec, sending you 4
2024-10-14 20:11:49.950742 Sierra: Quebec, sending you 6
2024-10-14 20:11:49.951035 Quebec: Sierra, sending you 4
2024-10-14 20:11:49.951809 Romeo: Echo, Alpha and Oscar, sending you 1
2024-10-14 20:11:49.952337 Yankee: Papa and Oscar, sending you 3
2024-10-14 20:11:49.952696 Papa: Oscar, sending you 1
2024-10-14 20:11:49.953690 Oscar: Echo, Alpha and Yankee, sending you 3
2024-10-14 20:11:49.954200 Sierra: Zulu, sending you 7
2024-10-14 20:11:49.955057 Alpha: Papa and Yankee, sending you 3
2024-10-14 20:11:49.955705 Echo: Yankee, sending you 5
2024-10-14 20:11:49.956835 Zulu: Sierra, sending you 8
2024-10-14 20:11:49.957310 Quebec: Zulu, sending you 2
2024-10-14 20:11:49.957777 Romeo: Papa, sending you 3
2024-10-14 20:11:49.958707 Sierra: Charlie, sending you 5
2024-10-14 20:11:49.959097 Alpha: Oscar, sending you 4
2024-10-14 20:11:49.964411 Zulu: Charlie, sending you 1
2024-10-14 20:11:49.964708 Echo: Oscar, sending you 3
2024-10-14 20:11:49.965488 Quebec: Charlie, sending you 1
chatterbot Echo submitting transactions
chatterbot Sierra submitting transactions
chatterbot Romeo submitting transactions
chatterbot Zulu submitting transactions
chatterbot Yankee submitting transactions
chatterbot Oscar submitting transactions
chatterbot Alpha submitting transactions
chatterbot Quebec submitting transactions
chatterbot Papa submitting transactions
chatterbot Charlie submitting transactions
ChatterBot Romeo round 4
ChatterBot Quebec round 4
ChatterBot Sierra round 4
ChatterBot Echo round 4
ChatterBot Alpha round 4
ChatterBot Zulu round 4
ChatterBot Papa round 4
ChatterBot Yankee round 4
ChatterBot Charlie round 4
ChatterBot Oscar round 4
2024-10-14 20:11:50.950475 Sierra: We should add Romeo
ChatterBot Zulu reevaluating
ChatterBot Charlie reevaluating
2024-10-14 20:11:50.989530 Quebec: No
2024-10-14 20:11:50.989818 Zulu: Yes
2024-10-14 20:11:50.990583 Charlie: No
ChatterBot Zulu reevaluating
ChatterBot Charlie reevaluating
ChatterBot Quebec reevaluating
ChatterBot Charlie reevaluating
ChatterBot Quebec reevaluating
ChatterBot Zulu reevaluating
2024-10-14 20:11:51.086233 Papa: We should add Charlie
2024-10-14 20:11:51.111656 Romeo: No
2024-10-14 20:11:51.112050 Yankee: No
2024-10-14 20:11:51.112411 Echo: No
2024-10-14 20:11:51.112624 Alpha: No
2024-10-14 20:11:51.113333 Oscar: No
ChatterBot Papa reevaluating
ChatterBot Papa reevaluating
ChatterBot Papa reevaluating
ChatterBot Papa reevaluating
ChatterBot Papa reevaluating
2024-10-14 20:11:51.211527 Sierra: Romeo we want you to join our group
2024-10-14 20:11:51.214741 Romeo: No
ChatterBot Quebec reevaluating
ChatterBot Zulu reevaluating
ChatterBot Charlie reevaluating
2024-10-14 20:11:51.231674 Romeo: Alpha, sending you 2
2024-10-14 20:11:51.233385 Echo: Alpha, sending you 1
2024-10-14 20:11:51.235677 Romeo: Papa, sending you 3
2024-10-14 20:11:51.236674 Echo: Papa, sending you 2
2024-10-14 20:11:51.240679 Romeo: Oscar, sending you 1
2024-10-14 20:11:51.242265 Echo: Yankee, sending you 5
2024-10-14 20:11:51.243685 Yankee: Echo, sending you 4
2024-10-14 20:11:51.244156 Oscar: Romeo and Papa, sending you 1
2024-10-14 20:11:51.244807 Zulu: Quebec, sending you 4
2024-10-14 20:11:51.246661 Echo: Oscar, sending you 3
2024-10-14 20:11:51.247890 Yankee: Alpha, sending you 2
2024-10-14 20:11:51.248677 Oscar: Echo, Alpha and Yankee, sending you 3
2024-10-14 20:11:51.250240 Zulu: Sierra, sending you 8
2024-10-14 20:11:51.250921 Sierra: Romeo, sending you 3
2024-10-14 20:11:51.252031 Alpha: Romeo, sending you 2
2024-10-14 20:11:51.252741 Yankee: Papa and Oscar, sending you 3
2024-10-14 20:11:51.254680 Sierra: Quebec, sending you 5
2024-10-14 20:11:51.255913 Zulu: Charlie, sending you 1
2024-10-14 20:11:51.256382 Quebec: Sierra, sending you 4
2024-10-14 20:11:51.256893 Alpha: Echo, sending you 1
2024-10-14 20:11:51.257839 Charlie: Sierra, sending you 1
2024-10-14 20:11:51.258196 Papa: Romeo, Echo and Alpha, sending you 2
2024-10-14 20:11:51.258729 Sierra: Zulu, sending you 6
2024-10-14 20:11:51.260666 Quebec: Zulu, sending you 2
2024-10-14 20:11:51.262665 Alpha: Papa and Yankee, sending you 3
2024-10-14 20:11:51.263693 Papa: Yankee, sending you 4
2024-10-14 20:11:51.264076 Sierra: Charlie, sending you 4
2024-10-14 20:11:51.264314 Quebec: Charlie, sending you 1
2024-10-14 20:11:51.266660 Alpha: Oscar, sending you 4
2024-10-14 20:11:51.267265 Papa: Oscar, sending you 1
chatterbot Alpha submitting transactions
chatterbot Zulu submitting transactions
chatterbot Yankee submitting transactions
chatterbot Quebec submitting transactions
chatterbot Echo submitting transactions
chatterbot Romeo submitting transactions
chatterbot Oscar submitting transactions
chatterbot Sierra submitting transactions
chatterbot Papa submitting transactions
chatterbot Charlie submitting transactions
ChatterBot Romeo round 5
ChatterBot Quebec round 5
ChatterBot Sierra round 5
ChatterBot Echo round 5
ChatterBot Alpha round 5
ChatterBot Zulu round 5
ChatterBot Papa round 5
ChatterBot Yankee round 5
2024-10-14 20:11:52.422702 Sierra: We should replace Romeo with Echo
2024-10-14 20:11:52.434018 Quebec: No
2024-10-14 20:11:52.434229 Zulu: No
2024-10-14 20:11:52.434400 Charlie: No
ChatterBot Sierra reevaluating
ChatterBot Sierra reevaluating
ChatterBot Sierra reevaluating
ChatterBot Charlie round 5
ChatterBot Oscar round 5
2024-10-14 20:11:52.495436 Sierra: We should replace Romeo with Alpha
2024-10-14 20:11:52.506653 Quebec: No
2024-10-14 20:11:52.506855 Zulu: No
2024-10-14 20:11:52.507028 Charlie: No
ChatterBot Sierra reevaluating
ChatterBot Sierra reevaluating
ChatterBot Sierra reevaluating
2024-10-14 20:11:52.555716 Echo: Alpha, sending you 1
2024-10-14 20:11:52.557684 Quebec: Sierra and Zulu, sending you 3
2024-10-14 20:11:52.559736 Echo: Papa, sending you 2
2024-10-14 20:11:52.562650 Quebec: Charlie, sending you 1
2024-10-14 20:11:52.563007 Alpha: Romeo, sending you 2
2024-10-14 20:11:52.563933 Zulu: Quebec, sending you 4
2024-10-14 20:11:52.564242 Echo: Yankee, sending you 5
2024-10-14 20:11:52.565758 Yankee: Echo, sending you 4
2024-10-14 20:11:52.567837 Zulu: Sierra, sending you 8
2024-10-14 20:11:52.568684 Alpha: Echo, sending you 1
2024-10-14 20:11:52.569315 Echo: Oscar, sending you 3
2024-10-14 20:11:52.569743 Yankee: Alpha, sending you 2
2024-10-14 20:11:52.570666 Romeo: Alpha, sending you 2
2024-10-14 20:11:52.571422 Charlie: Sierra, sending you 1
2024-10-14 20:11:52.571908 Papa: Romeo, Echo and Alpha, sending you 2
2024-10-14 20:11:52.572539 Alpha: Papa and Yankee, sending you 3
2024-10-14 20:11:52.573750 Zulu: Charlie, sending you 1
2024-10-14 20:11:52.574729 Yankee: Papa and Oscar, sending you 3
2024-10-14 20:11:52.575276 Romeo: Papa, sending you 3
2024-10-14 20:11:52.576127 Oscar: Romeo and Papa, sending you 1
2024-10-14 20:11:52.576629 Papa: Yankee, sending you 4
2024-10-14 20:11:52.577095 Alpha: Oscar, sending you 4
2024-10-14 20:11:52.578659 Romeo: Oscar, sending you 1
2024-10-14 20:11:52.579160 Oscar: Echo, Alpha and Yankee, sending you 3
2024-10-14 20:11:52.581685 Papa: Oscar, sending you 1
2024-10-14 20:11:52.582665 Sierra: Romeo, sending you 3
2024-10-14 20:11:52.587668 Sierra: Quebec, sending you 5
2024-10-14 20:11:52.592681 Sierra: Zulu, sending you 6
2024-10-14 20:11:52.596653 Sierra: Charlie, sending you 4
chatterbot Echo submitting transactions
chatterbot Papa submitting transactions
chatterbot Sierra submitting transactions
chatterbot Quebec submitting transactions
chatterbot Alpha submitting transactions
chatterbot Oscar submitting transactions
chatterbot Zulu submitting transactions
chatterbot Yankee submitting transactions
chatterbot Romeo submitting transactions
chatterbot Charlie submitting transactions
ChatterBot Romeo round 6
ChatterBot Quebec round 6
ChatterBot Sierra round 6
ChatterBot Echo round 6
2024-10-14 20:11:53.664890 Sierra: We should replace Romeo with Echo
2024-10-14 20:11:53.673986 Quebec: No
2024-10-14 20:11:53.674158 Zulu: No
2024-10-14 20:11:53.674292 Charlie: No
ChatterBot Sierra reevaluating
ChatterBot Sierra reevaluating
ChatterBot Sierra reevaluating
ChatterBot Alpha round 6
ChatterBot Zulu round 6
ChatterBot Papa round 6
ChatterBot Yankee round 6
ChatterBot Charlie round 6
ChatterBot Oscar round 6
2024-10-14 20:11:53.743703 Alpha: Romeo, sending you 2
2024-10-14 20:11:53.744828 Echo: Alpha, sending you 1
2024-10-14 20:11:53.745665 Quebec: Sierra and Zulu, sending you 3
2024-10-14 20:11:53.746703 Charlie: Sierra, sending you 1
2024-10-14 20:11:53.747641 Alpha: Echo, sending you 1
2024-10-14 20:11:53.748324 Echo: Papa, sending you 2
2024-10-14 20:11:53.749677 Yankee: Echo, sending you 4
2024-10-14 20:11:53.750563 Quebec: Charlie, sending you 1
2024-10-14 20:11:53.751673 Oscar: Romeo and Papa, sending you 1
2024-10-14 20:11:53.752257 Alpha: Papa and Yankee, sending you 3
2024-10-14 20:11:53.753160 Echo: Yankee, sending you 5
2024-10-14 20:11:53.753650 Zulu: Quebec, sending you 4
2024-10-14 20:11:53.754670 Yankee: Alpha, sending you 2
2024-10-14 20:11:53.755482 Romeo: Alpha, sending you 2
2024-10-14 20:11:53.756128 Oscar: Echo, Alpha and Yankee, sending you 3
2024-10-14 20:11:53.756680 Alpha: Oscar, sending you 4
2024-10-14 20:11:53.757244 Echo: Oscar, sending you 3
2024-10-14 20:11:53.757965 Sierra: Romeo, sending you 3
2024-10-14 20:11:53.758281 Yankee: Papa and Oscar, sending you 3
2024-10-14 20:11:53.758684 Zulu: Sierra, sending you 8
2024-10-14 20:11:53.759658 Romeo: Papa, sending you 3
2024-10-14 20:11:53.761688 Papa: Romeo, Echo and Alpha, sending you 2
2024-10-14 20:11:53.762678 Sierra: Quebec, sending you 5
2024-10-14 20:11:53.763065 Zulu: Charlie, sending you 1
2024-10-14 20:11:53.764690 Romeo: Oscar, sending you 1
2024-10-14 20:11:53.765677 Papa: Yankee, sending you 4
2024-10-14 20:11:53.767667 Sierra: Zulu, sending you 6
2024-10-14 20:11:53.769674 Papa: Oscar, sending you 1
2024-10-14 20:11:53.772681 Sierra: Charlie, sending you 4
chatterbot Charlie submitting transactions
chatterbot Yankee submitting transactions
chatterbot Romeo submitting transactions
chatterbot Quebec submitting transactions
chatterbot Zulu submitting transactions
chatterbot Sierra submitting transactions
chatterbot Echo submitting transactions
chatterbot Papa submitting transactions
chatterbot Alpha submitting transactions
chatterbot Oscar submitting transactions
ChatterBot Romeo round 7
ChatterBot Quebec round 7
ChatterBot Sierra round 7
ChatterBot Echo round 7
ChatterBot Alpha round 7
ChatterBot Zulu round 7
ChatterBot Papa round 7
ChatterBot Yankee round 7
ChatterBot Charlie round 7
ChatterBot Oscar round 7
2024-10-14 20:11:54.829376 Alpha: Romeo, sending you 2
2024-10-14 20:11:54.830373 Echo: Alpha, sending you 1
2024-10-14 20:11:54.832209 Sierra: Romeo, sending you 3
2024-10-14 20:11:54.838329 Alpha: Echo, sending you 1
2024-10-14 20:11:54.839322 Romeo: Alpha, sending you 2
2024-10-14 20:11:54.840592 Echo: Papa, sending you 2
2024-10-14 20:11:54.841076 Sierra: Quebec, sending you 5
2024-10-14 20:11:54.846755 Papa: Romeo, Echo and Alpha, sending you 2
2024-10-14 20:11:54.847782 Alpha: Papa and Yankee, sending you 3
2024-10-14 20:11:54.849451 Romeo: Papa, sending you 3
2024-10-14 20:11:54.850941 Echo: Yankee, sending you 5
2024-10-14 20:11:54.851734 Sierra: Zulu, sending you 6
2024-10-14 20:11:54.852397 Charlie: Sierra, sending you 1
2024-10-14 20:11:54.853551 Zulu: Quebec, sending you 4
2024-10-14 20:11:54.854118 Yankee: Echo, sending you 4
2024-10-14 20:11:54.855262 Papa: Yankee, sending you 4
2024-10-14 20:11:54.856177 Alpha: Oscar, sending you 4
2024-10-14 20:11:54.857718 Romeo: Oscar, sending you 1
2024-10-14 20:11:54.858649 Quebec: Sierra and Zulu, sending you 3
2024-10-14 20:11:54.860057 Echo: Oscar, sending you 3
2024-10-14 20:11:54.860605 Sierra: Charlie, sending you 4
2024-10-14 20:11:54.861145 Zulu: Sierra, sending you 8
2024-10-14 20:11:54.862248 Oscar: Romeo and Papa, sending you 1
2024-10-14 20:11:54.863029 Yankee: Alpha, sending you 2
2024-10-14 20:11:54.863504 Papa: Oscar, sending you 1
2024-10-14 20:11:54.864861 Quebec: Charlie, sending you 1
2024-10-14 20:11:54.866734 Zulu: Charlie, sending you 1
2024-10-14 20:11:54.867646 Oscar: Echo, Alpha and Yankee, sending you 3
2024-10-14 20:11:54.869828 Yankee: Papa and Oscar, sending you 3
chatterbot Quebec submitting transactions
chatterbot Echo submitting transactions
chatterbot Yankee submitting transactions
chatterbot Alpha submitting transactions
chatterbot Charlie submitting transactions
chatterbot Oscar submitting transactions
chatterbot Sierra submitting transactions
chatterbot Zulu submitting transactions
chatterbot Romeo submitting transactions
chatterbot Papa submitting transactions
ChatterBot Romeo round 8
ChatterBot Quebec round 8
ChatterBot Sierra round 8
ChatterBot Echo round 8
ChatterBot Alpha round 8
ChatterBot Zulu round 8
ChatterBot Papa round 8
ChatterBot Yankee round 8
ChatterBot Charlie round 8
ChatterBot Oscar round 8
2024-10-14 20:11:55.778806 Oscar: We should drop Romeo
2024-10-14 20:11:55.790337 Yankee: Yes
2024-10-14 20:11:55.790563 Echo: Yes
2024-10-14 20:11:55.790755 Alpha: No
2024-10-14 20:11:55.790891 Papa: No
ChatterBot Oscar reevaluating
ChatterBot Oscar reevaluating
2024-10-14 20:11:55.840398 Quebec: Sierra and Zulu, sending you 3
2024-10-14 20:11:55.842989 Romeo: Alpha, sending you 2
2024-10-14 20:11:55.843743 Echo: Alpha, sending you 1
2024-10-14 20:11:55.844090 Papa: Romeo, Echo and Alpha, sending you 2
2024-10-14 20:11:55.844864 Yankee: Echo, sending you 4
2024-10-14 20:11:55.846033 Quebec: Charlie, sending you 1
2024-10-14 20:11:55.846363 Sierra: Romeo, sending you 3
2024-10-14 20:11:55.846606 Zulu: Quebec, sending you 5
2024-10-14 20:11:55.846895 Alpha: Romeo, sending you 2
2024-10-14 20:11:55.847764 Romeo: Papa, sending you 3
2024-10-14 20:11:55.848156 Papa: Yankee, sending you 4
2024-10-14 20:11:55.849099 Echo: Papa, sending you 2
2024-10-14 20:11:55.849389 Yankee: Alpha, sending you 2
2024-10-14 20:11:55.849703 Sierra: Quebec, sending you 5
2024-10-14 20:11:55.851800 Zulu: Sierra, sending you 7
2024-10-14 20:11:55.852718 Alpha: Echo, sending you 1
2024-10-14 20:11:55.853312 Romeo: Oscar, sending you 1
2024-10-14 20:11:55.853828 Papa: Oscar, sending you 1
2024-10-14 20:11:55.855636 Echo: Yankee, sending you 5
2024-10-14 20:11:55.856213 Yankee: Papa and Oscar, sending you 3
2024-10-14 20:11:55.856658 Sierra: Zulu, sending you 6
2024-10-14 20:11:55.857036 Charlie: Sierra, sending you 1
2024-10-14 20:11:55.857852 Zulu: Charlie, sending you 1
2024-10-14 20:11:55.858349 Alpha: Papa and Yankee, sending you 3
2024-10-14 20:11:55.860155 Sierra: Charlie, sending you 4
2024-10-14 20:11:55.860718 Echo: Oscar, sending you 3
2024-10-14 20:11:55.862778 Alpha: Oscar, sending you 4
2024-10-14 20:11:55.872732 Oscar: Echo and Yankee, sending you 3
2024-10-14 20:11:55.875674 Oscar: Alpha, sending you 4
2024-10-14 20:11:55.880692 Oscar: Papa, sending you 1
chatterbot Echo submitting transactions
chatterbot Yankee submitting transactions
chatterbot Papa submitting transactions
chatterbot Charlie submitting transactions
chatterbot Quebec submitting transactions
chatterbot Oscar submitting transactions
chatterbot Alpha submitting transactions
chatterbot Romeo submitting transactions
chatterbot Zulu submitting transactions
chatterbot Sierra submitting transactions
ChatterBot Romeo round 9
ChatterBot Quebec round 9
ChatterBot Sierra round 9
ChatterBot Echo round 9
ChatterBot Alpha round 9
ChatterBot Zulu round 9
ChatterBot Papa round 9
ChatterBot Yankee round 9
ChatterBot Charlie round 9
ChatterBot Oscar round 9
2024-10-14 20:11:56.999881 Oscar: We should add Romeo
2024-10-14 20:11:57.013629 Yankee: No
2024-10-14 20:11:57.013922 Echo: No
2024-10-14 20:11:57.014101 Alpha: Yes
2024-10-14 20:11:57.014792 Papa: Yes
ChatterBot Oscar reevaluating
ChatterBot Oscar reevaluating
ChatterBot Oscar reevaluating
2024-10-14 20:11:57.182244 Sierra: Quebec, sending you 6
2024-10-14 20:11:57.184127 Romeo: Alpha, sending you 2
2024-10-14 20:11:57.186667 Oscar: Romeo we want you to join our group
2024-10-14 20:11:57.193288 Romeo: Yes
ChatterBot Echo reevaluating
ChatterBot Oscar reevaluating
2024-10-14 20:11:57.223248 Sierra: Zulu, sending you 7
2024-10-14 20:11:57.224680 Romeo: Papa, sending you 3
2024-10-14 20:11:57.227674 Sierra: Charlie, sending you 5
2024-10-14 20:11:57.229039 Romeo: Oscar, sending you 1
2024-10-14 20:11:57.229988 Quebec: Sierra and Zulu, sending you 3
2024-10-14 20:11:57.231359 Charlie: Sierra, sending you 1
2024-10-14 20:11:57.232251 Alpha: Romeo, sending you 2
2024-10-14 20:11:57.233825 Zulu: Quebec, sending you 5
2024-10-14 20:11:57.235081 Echo: Romeo we want you to join our group
2024-10-14 20:11:57.241353 Romeo: Yes
ChatterBot Echo reevaluating
ChatterBot Oscar reevaluating
2024-10-14 20:11:57.271257 Papa: Romeo, Echo and Alpha, sending you 2
2024-10-14 20:11:57.274226 Quebec: Charlie, sending you 1
2024-10-14 20:11:57.276293 Alpha: Echo, sending you 1
2024-10-14 20:11:57.278103 Zulu: Sierra, sending you 7
2024-10-14 20:11:57.278991 Papa: Yankee, sending you 4
2024-10-14 20:11:57.281899 Yankee: Echo, sending you 4
2024-10-14 20:11:57.283061 Alpha: Papa and Yankee, sending you 3
2024-10-14 20:11:57.284668 Zulu: Charlie, sending you 1
2024-10-14 20:11:57.285999 Papa: Oscar, sending you 1
2024-10-14 20:11:57.287167 Yankee: Alpha, sending you 2
2024-10-14 20:11:57.288883 Alpha: Oscar, sending you 4
2024-10-14 20:11:57.294341 Yankee: Papa and Oscar, sending you 3
2024-10-14 20:11:57.304712 Oscar: Romeo and Papa, sending you 1
2024-10-14 20:11:57.310671 Oscar: Echo, Alpha and Yankee, sending you 3
chatterbot Sierra submitting transactions
chatterbot Romeo submitting transactions
chatterbot Quebec submitting transactions
chatterbot Papa submitting transactions
chatterbot Charlie submitting transactions
chatterbot Echo submitting transactions
chatterbot Zulu submitting transactions
chatterbot Oscar submitting transactions
chatterbot Alpha submitting transactions
chatterbot Yankee submitting transactions
ChatterBot Romeo round 10
ChatterBot Quebec round 10
ChatterBot Sierra round 10
ChatterBot Echo round 10
ChatterBot Alpha round 10
ChatterBot Zulu round 10
ChatterBot Papa round 10
ChatterBot Yankee round 10
ChatterBot Charlie round 10
ChatterBot Oscar round 10
2024-10-14 20:11:58.361931 Sierra: We should replace Romeo with Papa
2024-10-14 20:11:58.375592 Quebec: No
2024-10-14 20:11:58.376103 Zulu: No
2024-10-14 20:11:58.376378 Charlie: No
ChatterBot Sierra reevaluating
ChatterBot Sierra reevaluating
2024-10-14 20:11:58.431722 Papa: Romeo, Echo and Alpha, sending you 2
2024-10-14 20:11:58.435670 Alpha: Romeo, sending you 2
2024-10-14 20:11:58.437431 Papa: Yankee, sending you 4
2024-10-14 20:11:58.439025 Yankee: Echo, sending you 4
2024-10-14 20:11:58.440042 Charlie: Sierra, sending you 1
2024-10-14 20:11:58.441222 Oscar: Romeo and Papa, sending you 1
2024-10-14 20:11:58.442195 Alpha: Echo, sending you 1
2024-10-14 20:11:58.443680 Quebec: Sierra and Zulu, sending you 3
2024-10-14 20:11:58.444291 Papa: Oscar, sending you 1
2024-10-14 20:11:58.446129 Yankee: Alpha, sending you 2
2024-10-14 20:11:58.447384 Oscar: Echo, Alpha and Yankee, sending you 3
2024-10-14 20:11:58.449469 Alpha: Papa and Yankee, sending you 3
2024-10-14 20:11:58.451174 Zulu: Quebec, sending you 5
2024-10-14 20:11:58.452578 Romeo: Alpha, sending you 2
2024-10-14 20:11:58.454633 Sierra: Quebec, sending you 6
2024-10-14 20:11:58.455545 Quebec: Charlie, sending you 1
2024-10-14 20:11:58.457097 Yankee: Papa and Oscar, sending you 3
2024-10-14 20:11:58.458148 Alpha: Oscar, sending you 4
2024-10-14 20:11:58.460051 Zulu: Sierra, sending you 7
2024-10-14 20:11:58.460741 Romeo: Papa, sending you 3
2024-10-14 20:11:58.462877 Sierra: Zulu, sending you 7
2024-10-14 20:11:58.465665 Zulu: Charlie, sending you 1
2024-10-14 20:11:58.469148 Romeo: Oscar, sending you 1
2024-10-14 20:11:58.474755 Sierra: Charlie, sending you 5
chatterbot Echo submitting transactions
chatterbot Charlie submitting transactions
chatterbot Yankee submitting transactions
chatterbot Romeo submitting transactions
chatterbot Zulu submitting transactions
chatterbot Quebec submitting transactions
chatterbot Sierra submitting transactions
chatterbot Papa submitting transactions
chatterbot Alpha submitting transactions
chatterbot Oscar submitting transactions
ChatterBot Romeo round 11
ChatterBot Quebec round 11
ChatterBot Sierra round 11
ChatterBot Echo round 11
ChatterBot Alpha round 11
ChatterBot Zulu round 11
ChatterBot Papa round 11
ChatterBot Yankee round 11
ChatterBot Charlie round 11
ChatterBot Oscar round 11
2024-10-14 20:11:59.715057 Sierra: We should replace Romeo with Oscar
ChatterBot Quebec reevaluating
2024-10-14 20:11:59.725144 Quebec: Yes
2024-10-14 20:11:59.725848 Zulu: No
2024-10-14 20:11:59.726002 Charlie: No
ChatterBot Sierra reevaluating
ChatterBot Sierra reevaluating
ChatterBot Quebec reevaluating
ChatterBot Sierra reevaluating
ChatterBot Quebec reevaluating
2024-10-14 20:11:59.780681 Alpha: Romeo, sending you 2
2024-10-14 20:11:59.785820 Yankee: Echo, sending you 4
2024-10-14 20:11:59.786726 Alpha: Echo, sending you 1
2024-10-14 20:11:59.789047 Zulu: Quebec, sending you 5
2024-10-14 20:11:59.790040 Papa: Romeo, Echo and Alpha, sending you 2
2024-10-14 20:11:59.791267 Yankee: Alpha, sending you 2
2024-10-14 20:11:59.792654 Romeo: Echo and Oscar, sending you 1
2024-10-14 20:11:59.794541 Oscar: Romeo and Papa, sending you 1
2024-10-14 20:11:59.795763 Alpha: Papa and Yankee, sending you 3
2024-10-14 20:11:59.797582 Quebec: Sierra and Zulu, sending you 3
2024-10-14 20:11:59.798165 Zulu: Sierra, sending you 8
2024-10-14 20:11:59.799473 Papa: Yankee, sending you 4
2024-10-14 20:11:59.800974 Yankee: Papa and Oscar, sending you 3
2024-10-14 20:11:59.802723 Romeo: Alpha and Papa, sending you 2
2024-10-14 20:11:59.804559 Oscar: Echo, Alpha and Yankee, sending you 3
2024-10-14 20:11:59.806638 Alpha: Oscar, sending you 4
2024-10-14 20:11:59.808800 Quebec: Charlie, sending you 1
2024-10-14 20:11:59.809512 Papa: Oscar, sending you 1
2024-10-14 20:11:59.811215 Charlie: Sierra, sending you 1
2024-10-14 20:11:59.812144 Sierra: Quebec, sending you 6
2024-10-14 20:11:59.815684 Sierra: Zulu, sending you 7
2024-10-14 20:11:59.820383 Sierra: Charlie, sending you 5
chatterbot Romeo submitting transactions
chatterbot Charlie submitting transactions
chatterbot Sierra submitting transactions
chatterbot Alpha submitting transactions
chatterbot Quebec submitting transactions
chatterbot Yankee submitting transactions
chatterbot Oscar submitting transactions
chatterbot Echo submitting transactions
chatterbot Papa submitting transactions
chatterbot Zulu submitting transactions
ChatterBot Romeo round 12
ChatterBot Quebec round 12
ChatterBot Sierra round 12
ChatterBot Echo round 12
ChatterBot Alpha round 12
ChatterBot Zulu round 12
ChatterBot Papa round 12
ChatterBot Yankee round 12
ChatterBot Charlie round 12
ChatterBot Oscar round 12
2024-10-14 20:12:00.866304 Quebec: We should add Papa
2024-10-14 20:12:00.880302 Sierra: No
2024-10-14 20:12:00.880899 Zulu: No
2024-10-14 20:12:00.881052 Charlie: No
ChatterBot Quebec reevaluating
ChatterBot Sierra reevaluating
ChatterBot Quebec reevaluating
ChatterBot Sierra reevaluating
ChatterBot Quebec reevaluating
2024-10-14 20:12:00.923284 Sierra: We should replace Romeo with Alpha
ChatterBot Quebec reevaluating
2024-10-14 20:12:00.934424 Quebec: Yes
2024-10-14 20:12:00.935118 Zulu: No
2024-10-14 20:12:00.935261 Charlie: No
ChatterBot Sierra reevaluating
ChatterBot Sierra reevaluating
ChatterBot Quebec reevaluating
ChatterBot Sierra reevaluating
ChatterBot Quebec reevaluating
2024-10-14 20:12:01.012698 Papa: Romeo, Echo and Alpha, sending you 2
2024-10-14 20:12:01.017688 Papa: Yankee, sending you 4
2024-10-14 20:12:01.019423 Romeo: Echo and Oscar, sending you 1
2024-10-14 20:12:01.021667 Papa: Oscar, sending you 1
2024-10-14 20:12:01.023341 Quebec: Sierra and Zulu, sending you 3
2024-10-14 20:12:01.024413 Romeo: Alpha and Papa, sending you 2
2024-10-14 20:12:01.026673 Alpha: Romeo, sending you 2
2024-10-14 20:12:01.029019 Zulu: Quebec, sending you 5
2024-10-14 20:12:01.030439 Charlie: Sierra, sending you 1
2024-10-14 20:12:01.031131 Oscar: Yankee, sending you 1
2024-10-14 20:12:01.031951 Quebec: Charlie, sending you 1
2024-10-14 20:12:01.033016 Alpha: Echo, sending you 1
2024-10-14 20:12:01.033835 Sierra: Quebec, sending you 6
2024-10-14 20:12:01.034790 Zulu: Sierra, sending you 8
2024-10-14 20:12:01.035666 Yankee: Echo, sending you 4
2024-10-14 20:12:01.036932 Alpha: Papa and Yankee, sending you 3
2024-10-14 20:12:01.038672 Sierra: Zulu, sending you 7
2024-10-14 20:12:01.040653 Alpha: Oscar, sending you 4
2024-10-14 20:12:01.042385 Yankee: Alpha, sending you 2
2024-10-14 20:12:01.044265 Sierra: Charlie, sending you 5
2024-10-14 20:12:01.046683 Yankee: Papa and Oscar, sending you 3
chatterbot Echo submitting transactions
chatterbot Zulu submitting transactions
chatterbot Alpha submitting transactions
chatterbot Papa submitting transactions
chatterbot Oscar submitting transactions
chatterbot Charlie submitting transactions
chatterbot Romeo submitting transactions
chatterbot Yankee submitting transactions
chatterbot Quebec submitting transactions
chatterbot Sierra submitting transactions
ChatterBot Romeo round 13
ChatterBot Quebec round 13
ChatterBot Sierra round 13
ChatterBot Echo round 13
ChatterBot Alpha round 13
ChatterBot Zulu round 13
ChatterBot Papa round 13
ChatterBot Yankee round 13
ChatterBot Charlie round 13
ChatterBot Oscar round 13
2024-10-14 20:12:02.258161 Sierra: We should replace Romeo with Alpha
ChatterBot Quebec reevaluating
ChatterBot Zulu reevaluating
2024-10-14 20:12:02.352160 Quebec: Yes
2024-10-14 20:12:02.353441 Zulu: No
2024-10-14 20:12:02.353808 Charlie: No
ChatterBot Sierra reevaluating
ChatterBot Zulu reevaluating
ChatterBot Sierra reevaluating
ChatterBot Quebec reevaluating
ChatterBot Sierra reevaluating
ChatterBot Quebec reevaluating
ChatterBot Zulu reevaluating
2024-10-14 20:12:02.420534 Quebec: We should add Alpha
ChatterBot Sierra reevaluating
ChatterBot Zulu reevaluating
2024-10-14 20:12:02.438944 Sierra: No
2024-10-14 20:12:02.440190 Zulu: No
2024-10-14 20:12:02.440504 Charlie: No
ChatterBot Quebec reevaluating
ChatterBot Zulu reevaluating
ChatterBot Sierra reevaluating
ChatterBot Quebec reevaluating
ChatterBot Sierra reevaluating
ChatterBot Quebec reevaluating
ChatterBot Zulu reevaluating
2024-10-14 20:12:02.525261 Yankee: We should replace Oscar with Romeo
ChatterBot Echo reevaluating
ChatterBot Alpha reevaluating
ChatterBot Papa reevaluating
2024-10-14 20:12:02.538775 Echo: Yes
2024-10-14 20:12:02.539077 Alpha: No
2024-10-14 20:12:02.539302 Papa: No
ChatterBot Alpha reevaluating
ChatterBot Papa reevaluating
ChatterBot Echo reevaluating
ChatterBot Papa reevaluating
ChatterBot Echo reevaluating
ChatterBot Alpha reevaluating
2024-10-14 20:12:02.626967 Sierra: We should replace Romeo with Echo
ChatterBot Quebec reevaluating
ChatterBot Zulu reevaluating
2024-10-14 20:12:02.647456 Quebec: No
2024-10-14 20:12:02.647667 Zulu: No
2024-10-14 20:12:02.647829 Charlie: No
ChatterBot Sierra reevaluating
ChatterBot Zulu reevaluating
ChatterBot Sierra reevaluating
ChatterBot Quebec reevaluating
ChatterBot Sierra reevaluating
ChatterBot Quebec reevaluating
ChatterBot Zulu reevaluating
2024-10-14 20:12:02.700749 Yankee: Romeo we want you to join our group
2024-10-14 20:12:02.705231 Romeo: Yes
ChatterBot Echo reevaluating
ChatterBot Alpha reevaluating
ChatterBot Papa reevaluating
2024-10-14 20:12:02.732985 Oscar: Romeo and Papa, sending you 1
2024-10-14 20:12:02.735570 Romeo: Echo and Oscar, sending you 1
2024-10-14 20:12:02.737265 Echo: We should drop Oscar
2024-10-14 20:12:02.750047 Yankee: Yes
2024-10-14 20:12:02.750669 Romeo: No
2024-10-14 20:12:02.750764 Alpha: No
2024-10-14 20:12:02.750872 Papa: No
ChatterBot Echo reevaluating
ChatterBot Echo reevaluating
ChatterBot Yankee reevaluating
ChatterBot Echo reevaluating
ChatterBot Yankee reevaluating
ChatterBot Echo reevaluating
2024-10-14 20:12:02.810768 Yankee: We should replace Echo with Romeo
ChatterBot Papa reevaluating
2024-10-14 20:12:02.822923 Alpha: No
2024-10-14 20:12:02.823054 Papa: No
2024-10-14 20:12:02.823161 Oscar: No
ChatterBot Yankee reevaluating
ChatterBot Papa reevaluating
ChatterBot Yankee reevaluating
ChatterBot Yankee reevaluating
ChatterBot Papa reevaluating
2024-10-14 20:12:02.857018 Alpha: Zulu we want you to join our group
2024-10-14 20:12:02.860991 Zulu: No
ChatterBot Echo reevaluating
ChatterBot Papa reevaluating
ChatterBot Yankee reevaluating
2024-10-14 20:12:02.893963 Oscar: Echo, Alpha and Yankee, sending you 3
2024-10-14 20:12:02.895706 Romeo: Alpha and Papa, sending you 2
2024-10-14 20:12:02.897796 Charlie: Sierra, sending you 1
2024-10-14 20:12:02.899085 Quebec: Sierra and Zulu, sending you 3
2024-10-14 20:12:02.902347 Zulu: Quebec, sending you 5
chatterbot Romeo submitting transactions
2024-10-14 20:12:02.905558 Quebec: Charlie, sending you 1
2024-10-14 20:12:02.911182 Echo: We should drop Alpha
ChatterBot Yankee reevaluating
2024-10-14 20:12:02.927473 Romeo: No
2024-10-14 20:12:02.927622 Papa: No
2024-10-14 20:12:02.927737 Yankee: No
2024-10-14 20:12:02.927866 Oscar: No
ChatterBot Echo reevaluating
ChatterBot Yankee reevaluating
ChatterBot Echo reevaluating
ChatterBot Yankee reevaluating
ChatterBot Echo reevaluating
ChatterBot Papa reevaluating
ChatterBot Echo reevaluating
ChatterBot Papa reevaluating
ChatterBot Yankee reevaluating
2024-10-14 20:12:02.996097 Zulu: Sierra, sending you 8
chatterbot Oscar submitting transactions
2024-10-14 20:12:03.000670 Alpha: Romeo, sending you 2
2024-10-14 20:12:03.003985 Yankee: We should replace Echo with Oscar
ChatterBot Papa reevaluating
2024-10-14 20:12:03.015927 Romeo: No
2024-10-14 20:12:03.016057 Alpha: No
2024-10-14 20:12:03.016189 Papa: No
ChatterBot Yankee reevaluating
ChatterBot Papa reevaluating
ChatterBot Yankee reevaluating
ChatterBot Papa reevaluating
ChatterBot Yankee reevaluating
ChatterBot Alpha reevaluating
2024-10-14 20:12:03.071705 Alpha: We should drop Echo
ChatterBot Papa reevaluating
2024-10-14 20:12:03.089443 Romeo: No
2024-10-14 20:12:03.089693 Papa: Yes
2024-10-14 20:12:03.089867 Yankee: Yes
