ChatterBot November round 1
ChatterBot Sierra round 1
ChatterBot Oscar round 1
ChatterBot Quebec round 1
ChatterBot Yankee round 1
ChatterBot Alpha round 1
ChatterBot X-ray round 1
ChatterBot Echo round 1
ChatterBot Romeo round 1
ChatterBot India round 1
randomSelections Sierra: {Sierra, India, November, Yankee, Alpha, X-ray, Echo, Romeo} 
2024-10-14 21:19:27.925270 Sierra: Let's form a team
ChatterBot India reevaluating
ChatterBot November reevaluating
ChatterBot Yankee reevaluating
ChatterBot Alpha reevaluating
ChatterBot X-ray reevaluating
ChatterBot Echo reevaluating
ChatterBot Romeo reevaluating
2024-10-14 21:19:27.945788 India: Yes
2024-10-14 21:19:27.945994 November: Yes
2024-10-14 21:19:27.946156 Yankee: Yes
2024-10-14 21:19:27.946265 Alpha: Yes
2024-10-14 21:19:27.946376 X-ray: Yes
2024-10-14 21:19:27.947074 Echo: Yes
2024-10-14 21:19:27.947189 Romeo: Yes
ChatterBot November reevaluating
ChatterBot Yankee reevaluating
ChatterBot Alpha reevaluating
ChatterBot X-ray reevaluating
ChatterBot Echo reevaluating
ChatterBot Romeo reevaluating
ChatterBot India reevaluating
ChatterBot Yankee reevaluating
ChatterBot Alpha reevaluating
ChatterBot X-ray reevaluating
ChatterBot Echo reevaluating
ChatterBot Romeo reevaluating
ChatterBot India reevaluating
ChatterBot November reevaluating
ChatterBot Alpha reevaluating
ChatterBot X-ray reevaluating
ChatterBot Echo reevaluating
ChatterBot Romeo reevaluating
ChatterBot India reevaluating
ChatterBot November reevaluating
ChatterBot Yankee reevaluating
ChatterBot X-ray reevaluating
ChatterBot Echo reevaluating
ChatterBot Romeo reevaluating
ChatterBot India reevaluating
ChatterBot November reevaluating
ChatterBot Yankee reevaluating
ChatterBot Alpha reevaluating
ChatterBot Echo reevaluating
ChatterBot Romeo reevaluating
ChatterBot India reevaluating
ChatterBot November reevaluating
ChatterBot Yankee reevaluating
ChatterBot Alpha reevaluating
ChatterBot X-ray reevaluating
ChatterBot Romeo reevaluating
ChatterBot India reevaluating
ChatterBot November reevaluating
ChatterBot Yankee reevaluating
ChatterBot Alpha reevaluating
ChatterBot X-ray reevaluating
ChatterBot Echo reevaluating
randomSelections Oscar: {Oscar, Echo, November, Sierra, India, Alpha, Quebec, Yankee} 
2024-10-14 21:19:28.042113 Oscar: Group up?
ChatterBot Echo reevaluating
ChatterBot November reevaluating
ChatterBot India reevaluating
ChatterBot Alpha reevaluating
ChatterBot Quebec reevaluating
ChatterBot Yankee reevaluating
2024-10-14 21:19:28.055010 Echo: No
2024-10-14 21:19:28.055218 November: No
2024-10-14 21:19:28.055384 Sierra: No
2024-10-14 21:19:28.056009 India: No
2024-10-14 21:19:28.056181 Alpha: No
2024-10-14 21:19:28.056325 Quebec: Yes
2024-10-14 21:19:28.056450 Yankee: No
ChatterBot November reevaluating
ChatterBot India reevaluating
ChatterBot Alpha reevaluating
ChatterBot Quebec reevaluating
ChatterBot Yankee reevaluating
ChatterBot Echo reevaluating
ChatterBot India reevaluating
ChatterBot Alpha reevaluating
ChatterBot Quebec reevaluating
ChatterBot Yankee reevaluating
ChatterBot Echo reevaluating
ChatterBot November reevaluating
ChatterBot India reevaluating
ChatterBot Alpha reevaluating
ChatterBot Quebec reevaluating
ChatterBot Yankee reevaluating
ChatterBot Echo reevaluating
ChatterBot November reevaluating
ChatterBot Alpha reevaluating
ChatterBot Quebec reevaluating
ChatterBot Yankee reevaluating
ChatterBot Echo reevaluating
ChatterBot November reevaluating
ChatterBot India reevaluating
ChatterBot Quebec reevaluating
ChatterBot Yankee reevaluating
ChatterBot Echo reevaluating
ChatterBot November reevaluating
ChatterBot India reevaluating
ChatterBot Alpha reevaluating
ChatterBot Yankee reevaluating
ChatterBot Echo reevaluating
ChatterBot November reevaluating
ChatterBot India reevaluating
ChatterBot Alpha reevaluating
ChatterBot Quebec reevaluating
2024-10-14 21:19:28.166261 Echo: November, Yankee, X-ray and India, sending you 1
2024-10-14 21:19:28.167734 November: Sierra, sending you 7
2024-10-14 21:19:28.169717 X-ray: Sierra and Yankee, sending you 1
2024-10-14 21:19:28.171176 Oscar: November, sending you 2
2024-10-14 21:19:28.171661 Echo: Sierra, sending you 2
2024-10-14 21:19:28.172518 Alpha: November and Yankee, sending you 2
2024-10-14 21:19:28.172907 Romeo: November, Alpha and X-ray, sending you 2
2024-10-14 21:19:28.173292 Yankee: November and Echo, sending you 1
2024-10-14 21:19:28.174078 November: Yankee and Romeo, sending you 1
2024-10-14 21:19:28.174452 Sierra: November and Alpha, sending you 1
2024-10-14 21:19:28.174847 X-ray: Echo, Romeo and India, sending you 2
2024-10-14 21:19:28.175640 Oscar: Sierra and Quebec, sending you 4
2024-10-14 21:19:28.176022 India: November and Echo, sending you 1
2024-10-14 21:19:28.176394 Quebec: Sierra, sending you 4
2024-10-14 21:19:28.177200 Echo: Alpha, sending you 3
2024-10-14 21:19:28.177622 November: Alpha, sending you 3
2024-10-14 21:19:28.178431 Alpha: Sierra and India, sending you 3
2024-10-14 21:19:28.178835 Romeo: Sierra, sending you 3
2024-10-14 21:19:28.179211 Yankee: Sierra, sending you 2
2024-10-14 21:19:28.180140 India: Sierra and Yankee, sending you 4
2024-10-14 21:19:28.180522 Sierra: Yankee, sending you 5
2024-10-14 21:19:28.181291 Oscar: Yankee and Echo, sending you 1
2024-10-14 21:19:28.181636 Quebec: Oscar and Alpha, sending you 2
2024-10-14 21:19:28.181965 November: X-ray, sending you 4
2024-10-14 21:19:28.182878 Echo: Romeo, sending you 4
2024-10-14 21:19:28.183367 Yankee: Alpha, Romeo and India, sending you 3
2024-10-14 21:19:28.184324 Alpha: Echo, sending you 1
2024-10-14 21:19:28.184716 Romeo: Yankee and India, sending you 1
2024-10-14 21:19:28.185130 Oscar: India, sending you 3
2024-10-14 21:19:28.186044 India: X-ray, sending you 2
2024-10-14 21:19:28.186511 Sierra: X-ray, Echo and Romeo, sending you 2
2024-10-14 21:19:28.187531 Quebec: Yankee, sending you 6
2024-10-14 21:19:28.191027 November: India, sending you 2
2024-10-14 21:19:28.192017 Alpha: Romeo, sending you 4
chatterbot Sierra submitting transactions
chatterbot India submitting transactions
chatterbot X-ray submitting transactions
chatterbot Romeo submitting transactions
chatterbot Alpha submitting transactions
chatterbot Echo submitting transactions
chatterbot Yankee submitting transactions
chatterbot Quebec submitting transactions
chatterbot November submitting transactions
chatterbot Oscar submitting transactions
ChatterBot November round 2
ChatterBot Sierra round 2
ChatterBot Oscar round 2
ChatterBot Quebec round 2
ChatterBot Yankee round 2
ChatterBot Alpha round 2
ChatterBot X-ray round 2
ChatterBot Echo round 2
ChatterBot Romeo round 2
ChatterBot India round 2
2024-10-14 21:19:30.582061 Quebec: We should add X-ray and Romeo
ChatterBot Oscar reevaluating
ChatterBot Echo reevaluating
ChatterBot Sierra reevaluating
ChatterBot India reevaluating
ChatterBot Alpha reevaluating
ChatterBot Yankee reevaluating
2024-10-14 21:19:30.610718 Oscar: No
2024-10-14 21:19:30.610873 Echo: Yes
2024-10-14 21:19:30.610996 November: Yes
2024-10-14 21:19:30.611117 Sierra: Yes
2024-10-14 21:19:30.611235 India: Yes
2024-10-14 21:19:30.611360 Alpha: Yes
2024-10-14 21:19:30.611937 Yankee: Yes
ChatterBot Echo reevaluating
ChatterBot Sierra reevaluating
ChatterBot India reevaluating
ChatterBot Alpha reevaluating
ChatterBot Yankee reevaluating
ChatterBot Oscar reevaluating
ChatterBot Sierra reevaluating
ChatterBot India reevaluating
ChatterBot Alpha reevaluating
ChatterBot Yankee reevaluating
ChatterBot Oscar reevaluating
ChatterBot Echo reevaluating
ChatterBot Sierra reevaluating
ChatterBot India reevaluating
ChatterBot Alpha reevaluating
ChatterBot Yankee reevaluating
ChatterBot Oscar reevaluating
ChatterBot Echo reevaluating
ChatterBot India reevaluating
ChatterBot Alpha reevaluating
ChatterBot Yankee reevaluating
ChatterBot Oscar reevaluating
ChatterBot Echo reevaluating
ChatterBot Sierra reevaluating
ChatterBot Alpha reevaluating
ChatterBot Yankee reevaluating
ChatterBot Oscar reevaluating
ChatterBot Echo reevaluating
ChatterBot Sierra reevaluating
ChatterBot India reevaluating
ChatterBot Yankee reevaluating
ChatterBot Oscar reevaluating
ChatterBot Echo reevaluating
ChatterBot Sierra reevaluating
ChatterBot India reevaluating
ChatterBot Alpha reevaluating
2024-10-14 21:19:30.964663 Quebec: X-ray and Romeo we want you to join our group
ChatterBot Romeo reevaluating
2024-10-14 21:19:30.977949 X-ray: No
2024-10-14 21:19:30.978623 Romeo: No
ChatterBot Oscar reevaluating
ChatterBot Sierra reevaluating
ChatterBot Yankee reevaluating
ChatterBot Alpha reevaluating
ChatterBot Echo reevaluating
ChatterBot Romeo reevaluating
ChatterBot India reevaluating
ChatterBot Oscar reevaluating
ChatterBot Sierra reevaluating
ChatterBot Yankee reevaluating
ChatterBot Alpha reevaluating
ChatterBot Echo reevaluating
ChatterBot India reevaluating
2024-10-14 21:19:31.366539 Romeo: We should drop X-ray
ChatterBot Sierra reevaluating
2024-10-14 21:19:31.389327 November: Yes
2024-10-14 21:19:31.389491 Sierra: Yes
2024-10-14 21:19:31.389624 Yankee: Yes
2024-10-14 21:19:31.389751 Alpha: Yes
2024-10-14 21:19:31.389878 Echo: Yes
2024-10-14 21:19:31.389999 India: Yes
ChatterBot Romeo reevaluating
ChatterBot Sierra reevaluating
ChatterBot Romeo reevaluating
ChatterBot Romeo reevaluating
ChatterBot Sierra reevaluating
ChatterBot Romeo reevaluating
ChatterBot November reevaluating
ChatterBot Sierra reevaluating
ChatterBot Romeo reevaluating
ChatterBot November reevaluating
ChatterBot Sierra reevaluating
ChatterBot Alpha reevaluating
ChatterBot Romeo reevaluating
ChatterBot November reevaluating
ChatterBot Sierra reevaluating
ChatterBot Yankee reevaluating
ChatterBot Alpha reevaluating
chatterbot Quebec submitting transactions
2024-10-14 21:19:31.606497 X-ray: November, sending you 2
2024-10-14 21:19:31.607975 Quebec: November, Sierra and Yankee, sending you 2
2024-10-14 21:19:31.609101 India: November, Yankee, Alpha, X-ray, Echo and Romeo, sending you 2
2024-10-14 21:19:31.612492 X-ray: Sierra, Yankee, Alpha, Echo, Romeo and India, sending you 1
2024-10-14 21:19:31.616059 Quebec: Oscar, sending you 6
2024-10-14 21:19:31.620771 Echo: November, Sierra, Yankee, Alpha, X-ray and India, sending you 2
2024-10-14 21:19:31.621719 Quebec: Alpha, X-ray, Echo, Romeo and India, sending you 1
2024-10-14 21:19:31.627565 Echo: Romeo, sending you 1
2024-10-14 21:19:31.638606 Oscar: Quebec, sending you 9
2024-10-14 21:19:31.638927 Yankee: November, Alpha and Echo, sending you 2
2024-10-14 21:19:31.652901 Alpha: November, Yankee, Echo and Romeo, sending you 3
2024-10-14 21:19:31.653872 Romeo: November, sending you 1
2024-10-14 21:19:31.654257 Sierra: November, sending you 4
2024-10-14 21:19:31.654646 Yankee: Sierra and India, sending you 3
2024-10-14 21:19:31.655497 Oscar: Echo, sending you 6
2024-10-14 21:19:31.664032 Alpha: Sierra and India, sending you 2
2024-10-14 21:19:31.664820 Yankee: Romeo, sending you 1
2024-10-14 21:19:31.665100 Romeo: Sierra and Yankee, sending you 2
2024-10-14 21:19:31.665389 Sierra: Yankee, Alpha, Echo, Romeo and India, sending you 3
2024-10-14 21:19:31.685728 Romeo: Alpha and Echo, sending you 3
chatterbot November submitting transactions
chatterbot Echo submitting transactions
chatterbot India submitting transactions
chatterbot Oscar submitting transactions
chatterbot November submitting transactions
chatterbot Romeo submitting transactions
chatterbot X-ray submitting transactions
chatterbot Yankee submitting transactions
chatterbot Alpha submitting transactions
chatterbot Sierra submitting transactions
ChatterBot November round 3
ChatterBot Sierra round 3
ChatterBot Oscar round 3
ChatterBot Quebec round 3
ChatterBot Yankee round 3
ChatterBot Alpha round 3
ChatterBot X-ray round 3
ChatterBot Echo round 3
ChatterBot Romeo round 3
ChatterBot India round 3
2024-10-14 21:19:33.134611 Echo: We should drop X-ray
ChatterBot November reevaluating
2024-10-14 21:19:33.164842 Romeo: Yes
2024-10-14 21:19:33.165095 November: Yes
2024-10-14 21:19:33.165647 Sierra: Yes
2024-10-14 21:19:33.165817 Yankee: Yes
2024-10-14 21:19:33.166048 Alpha: Yes
2024-10-14 21:19:33.166209 India: Yes
ChatterBot November reevaluating
ChatterBot November reevaluating
ChatterBot November reevaluating
ChatterBot November reevaluating
ChatterBot November reevaluating
2024-10-14 21:19:33.369490 Quebec: November, X-ray and Echo, sending you 2
2024-10-14 21:19:33.370116 Alpha: November, Sierra, Yankee, Echo and Romeo, sending you 3
2024-10-14 21:19:33.371217 X-ray: November, Sierra, Yankee, Alpha, Echo and Romeo, sending you 1
2024-10-14 21:19:33.371874 Sierra: November, sending you 4
2024-10-14 21:19:33.372923 Yankee: November, Alpha, Echo, Romeo and India, sending you 2
2024-10-14 21:19:33.373479 Oscar: November, Sierra, Yankee, Echo, Romeo and India, sending you 1
2024-10-14 21:19:33.375122 Quebec: Sierra, Yankee, Alpha, Romeo and India, sending you 1
2024-10-14 21:19:33.376481 Alpha: India, sending you 1
2024-10-14 21:19:33.377125 X-ray: India, sending you 2
2024-10-14 21:19:33.378202 Sierra: Yankee, Alpha, Echo, Romeo and India, sending you 3
2024-10-14 21:19:33.378807 Yankee: Sierra, sending you 3
2024-10-14 21:19:33.379721 Oscar: Quebec, sending you 5
2024-10-14 21:19:33.380291 Echo: November, Yankee, Alpha, Romeo and India, sending you 2
2024-10-14 21:19:33.381408 Romeo: November, Sierra, Yankee, Alpha and Echo, sending you 2
2024-10-14 21:19:33.382423 India: November, Sierra, Yankee, Alpha, X-ray and Echo, sending you 2
2024-10-14 21:19:33.383044 Quebec: Oscar, sending you 6
2024-10-14 21:19:33.397043 Oscar: Alpha and X-ray, sending you 2
2024-10-14 21:19:33.397791 Echo: Sierra, sending you 3
2024-10-14 21:19:33.398919 Romeo: India, sending you 1
chatterbot Yankee submitting transactions
chatterbot Alpha submitting transactions
chatterbot Echo submitting transactions
chatterbot Quebec submitting transactions
chatterbot X-ray submitting transactions
chatterbot Sierra submitting transactions
chatterbot Oscar submitting transactions
chatterbot November submitting transactions
chatterbot India submitting transactions
chatterbot Romeo submitting transactions
ChatterBot November round 4
ChatterBot Sierra round 4
ChatterBot Oscar round 4
ChatterBot Quebec round 4
ChatterBot Yankee round 4
ChatterBot Alpha round 4
ChatterBot X-ray round 4
ChatterBot Echo round 4
ChatterBot Romeo round 4
ChatterBot India round 4
2024-10-14 21:19:34.411519 India: Can we be friends?
ChatterBot Oscar reevaluating
2024-10-14 21:19:34.453573 November: No
2024-10-14 21:19:34.453865 Sierra: No
2024-10-14 21:19:34.454081 Yankee: No
2024-10-14 21:19:34.454303 Alpha: No
2024-10-14 21:19:34.454476 Echo: No
2024-10-14 21:19:34.454637 Romeo: No
2024-10-14 21:19:34.455151 Oscar: No
2024-10-14 21:19:34.455342 Quebec: Yes
ChatterBot Oscar reevaluating
ChatterBot Oscar reevaluating
ChatterBot Oscar reevaluating
ChatterBot Oscar reevaluating
ChatterBot Oscar reevaluating
ChatterBot Oscar reevaluating
ChatterBot Oscar reevaluating
2024-10-14 21:19:34.760372 Quebec: We should drop X-ray
ChatterBot Oscar reevaluating
2024-10-14 21:19:34.787410 India: Yes
2024-10-14 21:19:34.788578 November: Yes
2024-10-14 21:19:34.788977 Sierra: Yes
2024-10-14 21:19:34.789365 Yankee: Yes
2024-10-14 21:19:34.789686 Alpha: Yes
2024-10-14 21:19:34.790371 Echo: Yes
2024-10-14 21:19:34.790668 Romeo: Yes
2024-10-14 21:19:34.790938 Oscar: Yes
ChatterBot Oscar reevaluating
ChatterBot Oscar reevaluating
ChatterBot Oscar reevaluating
ChatterBot Oscar reevaluating
ChatterBot Oscar reevaluating
ChatterBot Oscar reevaluating
ChatterBot Oscar reevaluating
ChatterBot Alpha reevaluating
2024-10-14 21:19:34.980217 Alpha: We should add Oscar and Quebec
2024-10-14 21:19:34.996335 Romeo: No
2024-10-14 21:19:34.996492 November: No
2024-10-14 21:19:34.996596 Sierra: No
2024-10-14 21:19:34.996702 Yankee: No
2024-10-14 21:19:34.996796 Echo: No
2024-10-14 21:19:34.996897 India: Yes
ChatterBot Alpha reevaluating
ChatterBot Alpha reevaluating
ChatterBot Alpha reevaluating
ChatterBot Alpha reevaluating
ChatterBot Alpha reevaluating
ChatterBot Alpha reevaluating
2024-10-14 21:19:35.145667 Yankee: November, Alpha, Echo, Romeo and India, sending you 2
2024-10-14 21:19:35.146434 Sierra: November, sending you 4
2024-10-14 21:19:35.149675 Yankee: Sierra, sending you 3
2024-10-14 21:19:35.150674 Sierra: Yankee, Alpha, Echo, Romeo and India, sending you 3
2024-10-14 21:19:35.154673 Quebec: November, Alpha, Echo, Romeo and India, sending you 2
2024-10-14 21:19:35.158706 Quebec: Oscar, sending you 7
2024-10-14 21:19:35.162784 Echo: November, Yankee, Alpha, Romeo and India, sending you 2
2024-10-14 21:19:35.163517 India: November, Sierra, Yankee, Alpha and Echo, sending you 2
2024-10-14 21:19:35.164572 X-ray: November, Sierra, Yankee, Alpha, Echo and Romeo, sending you 1
2024-10-14 21:19:35.165263 Romeo: November, Sierra, Yankee, Alpha and Echo, sending you 2
2024-10-14 21:19:35.166539 Oscar: Quebec, sending you 15
2024-10-14 21:19:35.167759 Echo: Sierra, sending you 3
2024-10-14 21:19:35.168673 India: Oscar and Romeo, sending you 1
2024-10-14 21:19:35.169688 Romeo: India, sending you 1
2024-10-14 21:19:35.170286 X-ray: India, sending you 2
2024-10-14 21:19:35.171424 Alpha: November, Sierra, Yankee, Echo and Romeo, sending you 3
2024-10-14 21:19:35.174693 Alpha: India, sending you 1
chatterbot November submitting transactions
chatterbot Quebec submitting transactions
chatterbot Echo submitting transactions
chatterbot Alpha submitting transactions
chatterbot X-ray submitting transactions
chatterbot Romeo submitting transactions
chatterbot Yankee submitting transactions
chatterbot Sierra submitting transactions
chatterbot India submitting transactions
chatterbot Oscar submitting transactions
ChatterBot November round 5
ChatterBot Sierra round 5
ChatterBot Oscar round 5
ChatterBot Quebec round 5
ChatterBot Yankee round 5
ChatterBot Alpha round 5
ChatterBot X-ray round 5
ChatterBot Echo round 5
ChatterBot Romeo round 5
ChatterBot India round 5
2024-10-14 21:19:36.266832 India: We should drop Oscar and Quebec
2024-10-14 21:19:36.285391 Romeo: Yes
2024-10-14 21:19:36.285577 November: Yes
2024-10-14 21:19:36.285748 Sierra: Yes
2024-10-14 21:19:36.285922 Yankee: Yes
2024-10-14 21:19:36.286082 Alpha: Yes
2024-10-14 21:19:36.286235 Echo: Yes
ChatterBot India reevaluating
2024-10-14 21:19:36.386442 Quebec: November, sending you 1
2024-10-14 21:19:36.386927 Yankee: November, Alpha, Echo, Romeo and India, sending you 2
2024-10-14 21:19:36.387691 Sierra: November, sending you 4
2024-10-14 21:19:36.390700 Oscar: Quebec, sending you 9
2024-10-14 21:19:36.391127 Alpha: November, Sierra, Yankee, Echo and Romeo, sending you 3
2024-10-14 21:19:36.392343 X-ray: November, Sierra, Yankee, Alpha, Echo and Romeo, sending you 1
2024-10-14 21:19:36.393165 Romeo: November, Sierra, Yankee, Alpha and Echo, sending you 2
2024-10-14 21:19:36.393912 Quebec: Oscar, sending you 7
2024-10-14 21:19:36.394864 Yankee: Sierra, sending you 3
2024-10-14 21:19:36.395503 Echo: November, Yankee, Alpha, Romeo and India, sending you 2
2024-10-14 21:19:36.396158 Sierra: Yankee, Alpha, Echo, Romeo and India, sending you 3
2024-10-14 21:19:36.397342 Oscar: India, sending you 6
2024-10-14 21:19:36.397681 Alpha: India, sending you 1
2024-10-14 21:19:36.398345 X-ray: India, sending you 2
2024-10-14 21:19:36.399031 Romeo: India, sending you 1
2024-10-14 21:19:36.400045 Quebec: Echo, Romeo and India, sending you 3
2024-10-14 21:19:36.400636 Echo: Sierra, sending you 3
2024-10-14 21:19:36.407150 India: November, Sierra, Yankee, Alpha, X-ray and Echo, sending you 2
chatterbot X-ray submitting transactions
chatterbot Sierra submitting transactions
chatterbot Oscar submitting transactions
chatterbot Echo submitting transactions
chatterbot Quebec submitting transactions
chatterbot Yankee submitting transactions
chatterbot Romeo submitting transactions
chatterbot November submitting transactions
chatterbot Alpha submitting transactions
chatterbot India submitting transactions
ChatterBot November round 6
ChatterBot Sierra round 6
ChatterBot Oscar round 6
ChatterBot Quebec round 6
ChatterBot Yankee round 6
ChatterBot Alpha round 6
ChatterBot X-ray round 6
ChatterBot Echo round 6
ChatterBot Romeo round 6
ChatterBot India round 6
2024-10-14 21:19:37.759032 India: We should drop X-ray
2024-10-14 21:19:37.777655 Romeo: Yes
2024-10-14 21:19:37.778006 November: Yes
2024-10-14 21:19:37.778381 Sierra: Yes
2024-10-14 21:19:37.778611 Yankee: Yes
2024-10-14 21:19:37.778862 Alpha: Yes
2024-10-14 21:19:37.779644 Echo: Yes
2024-10-14 21:19:37.869769 Yankee: November, Alpha, Echo, Romeo and India, sending you 2
2024-10-14 21:19:37.870677 Echo: November, Yankee, Alpha, Romeo and India, sending you 2
2024-10-14 21:19:37.871809 X-ray: November, Sierra, Alpha, Echo and Romeo, sending you 1
2024-10-14 21:19:37.872991 Sierra: November, sending you 4
2024-10-14 21:19:37.875618 Romeo: November, Sierra, Yankee, Alpha and Echo, sending you 2
2024-10-14 21:19:37.876816 Oscar: Quebec, sending you 9
2024-10-14 21:19:37.877412 Yankee: Sierra, sending you 3
2024-10-14 21:19:37.879300 Echo: Sierra, sending you 3
2024-10-14 21:19:37.880507 X-ray: India, sending you 3
2024-10-14 21:19:37.881738 Sierra: Yankee, Alpha, Echo, Romeo and India, sending you 3
2024-10-14 21:19:37.883564 Romeo: India, sending you 1
2024-10-14 21:19:37.884794 Oscar: India, sending you 6
2024-10-14 21:19:37.885224 Alpha: November, Sierra, Yankee, Echo and Romeo, sending you 3
2024-10-14 21:19:37.886237 India: Sending you each 2
2024-10-14 21:19:37.888691 Quebec: Oscar, sending you 9
2024-10-14 21:19:37.890676 Alpha: India, sending you 1
2024-10-14 21:19:37.892687 Quebec: Romeo and India, sending you 4
chatterbot November submitting transactions
chatterbot Oscar submitting transactions
chatterbot Quebec submitting transactions
chatterbot Sierra submitting transactions
chatterbot Echo submitting transactions
chatterbot Romeo submitting transactions
chatterbot Yankee submitting transactions
chatterbot India submitting transactions
chatterbot Alpha submitting transactions
chatterbot X-ray submitting transactions
ChatterBot November round 7
ChatterBot Sierra round 7
ChatterBot Oscar round 7
ChatterBot Quebec round 7
ChatterBot Yankee round 7
ChatterBot Alpha round 7
ChatterBot X-ray round 7
ChatterBot Echo round 7
ChatterBot Romeo round 7
ChatterBot India round 7
2024-10-14 21:19:39.039688 Alpha: November, Sierra, Yankee, Echo and Romeo, sending you 3
2024-10-14 21:19:39.043659 Quebec: Oscar, sending you 17
2024-10-14 21:19:39.044659 Sierra: November, sending you 4
2024-10-14 21:19:39.045314 Romeo: November, Sierra, Yankee, Alpha and Echo, sending you 2
2024-10-14 21:19:39.046299 Alpha: India, sending you 1
2024-10-14 21:19:39.046872 X-ray: November, Sierra, Echo and Romeo, sending you 1
2024-10-14 21:19:39.047697 Sierra: Yankee, Alpha, Echo, Romeo and India, sending you 3
2024-10-14 21:19:39.050670 Romeo: India, sending you 1
2024-10-14 21:19:39.051330 X-ray: India, sending you 4
2024-10-14 21:19:39.052142 Yankee: November, Alpha, Echo, Romeo and India, sending you 2
2024-10-14 21:19:39.052760 Echo: November, Yankee, Alpha, Romeo and India, sending you 2
2024-10-14 21:19:39.053679 Oscar: Quebec, sending you 9
2024-10-14 21:19:39.056659 Echo: Sierra, sending you 3
2024-10-14 21:19:39.057668 Yankee: Sierra, sending you 3
2024-10-14 21:19:39.058753 Oscar: India, sending you 6
2024-10-14 21:19:39.060780 India: Same as last round
chatterbot Echo submitting transactions
chatterbot November submitting transactions
chatterbot India submitting transactions
chatterbot Sierra submitting transactions
chatterbot Alpha submitting transactions
chatterbot X-ray submitting transactions
chatterbot Oscar submitting transactions
chatterbot Romeo submitting transactions
chatterbot Quebec submitting transactions
chatterbot Yankee submitting transactions
ChatterBot November round 8
ChatterBot Sierra round 8
ChatterBot Oscar round 8
ChatterBot Quebec round 8
ChatterBot Yankee round 8
ChatterBot Alpha round 8
ChatterBot X-ray round 8
ChatterBot Echo round 8
ChatterBot Romeo round 8
ChatterBot India round 8
2024-10-14 21:19:40.265010 Sierra: We should drop Romeo
2024-10-14 21:19:40.277503 November: No
2024-10-14 21:19:40.277693 Yankee: No
2024-10-14 21:19:40.277815 Alpha: No
2024-10-14 21:19:40.277932 Echo: No
2024-10-14 21:19:40.278043 India: No
ChatterBot Sierra reevaluating
ChatterBot Sierra reevaluating
ChatterBot Sierra reevaluating
ChatterBot Sierra reevaluating
ChatterBot Sierra reevaluating
2024-10-14 21:19:40.349745 Sierra: We should drop India
2024-10-14 21:19:40.370042 November: No
2024-10-14 21:19:40.370308 Yankee: No
2024-10-14 21:19:40.370481 Alpha: No
2024-10-14 21:19:40.370636 Echo: No
2024-10-14 21:19:40.370780 Romeo: No
ChatterBot Sierra reevaluating
ChatterBot Sierra reevaluating
ChatterBot Sierra reevaluating
ChatterBot Sierra reevaluating
ChatterBot Sierra reevaluating
2024-10-14 21:19:40.471509 Yankee: November, Alpha, Echo, Romeo and India, sending you 2
2024-10-14 21:19:40.472576 Oscar: Quebec, sending you 9
2024-10-14 21:19:40.474659 Romeo: November, Sierra, Yankee, Alpha and Echo, sending you 2
2024-10-14 21:19:40.476778 Yankee: Sierra, sending you 3
2024-10-14 21:19:40.477529 X-ray: November, Sierra, Echo and Romeo, sending you 1
2024-10-14 21:19:40.478126 Alpha: November, Sierra, Yankee, Echo and Romeo, sending you 3
2024-10-14 21:19:40.479313 Quebec: Oscar, sending you 17
2024-10-14 21:19:40.479846 India: Same as last round
2024-10-14 21:19:40.480696 Oscar: India, sending you 6
2024-10-14 21:19:40.480991 Romeo: India, sending you 1
2024-10-14 21:19:40.481690 X-ray: India, sending you 4
2024-10-14 21:19:40.483678 Alpha: India, sending you 1
2024-10-14 21:19:40.492685 Sierra: November, sending you 4
2024-10-14 21:19:40.493784 Echo: November, Yankee, Alpha, Romeo and India, sending you 2
2024-10-14 21:19:40.498665 Sierra: Yankee, Alpha, Echo, Romeo and India, sending you 3
2024-10-14 21:19:40.503491 Echo: Sierra, sending you 3
chatterbot November submitting transactions
chatterbot Alpha submitting transactions
chatterbot Quebec submitting transactions
chatterbot Echo submitting transactions
chatterbot India submitting transactions
chatterbot Yankee submitting transactions
chatterbot Oscar submitting transactions
chatterbot X-ray submitting transactions
chatterbot Sierra submitting transactions
chatterbot Romeo submitting transactions
ChatterBot November round 9
ChatterBot Sierra round 9
ChatterBot Oscar round 9
ChatterBot Quebec round 9
ChatterBot Yankee round 9
ChatterBot Alpha round 9
ChatterBot X-ray round 9
ChatterBot Echo round 9
ChatterBot Romeo round 9
ChatterBot India round 9
2024-10-14 21:19:41.558711 X-ray: November, Sierra, Echo and Romeo, sending you 1
2024-10-14 21:19:41.559723 Alpha: November, Sierra, Yankee, Echo and Romeo, sending you 3
2024-10-14 21:19:41.563079 Sierra: November, sending you 4
2024-10-14 21:19:41.564077 Yankee: November, Alpha, Echo, Romeo and India, sending you 2
2024-10-14 21:19:41.565561 X-ray: India, sending you 4
2024-10-14 21:19:41.566904 Alpha: India, sending you 1
2024-10-14 21:19:41.568281 Sierra: Yankee, Alpha, Echo, Romeo and India, sending you 3
2024-10-14 21:19:41.569343 Romeo: November, Sierra, Yankee, Alpha and Echo, sending you 2
2024-10-14 21:19:41.570308 Yankee: Sierra, sending you 3
2024-10-14 21:19:41.572691 Quebec: Oscar, sending you 17
2024-10-14 21:19:41.573816 Echo: November, Yankee, Alpha, Romeo and India, sending you 2
2024-10-14 21:19:41.575432 Oscar: Quebec, sending you 9
2024-10-14 21:19:41.575719 Romeo: India, sending you 1
2024-10-14 21:19:41.576659 India: Same as last round
2024-10-14 21:19:41.577789 Echo: Sierra, sending you 3
2024-10-14 21:19:41.578689 Oscar: India, sending you 6
chatterbot Alpha submitting transactions
chatterbot Quebec submitting transactions
chatterbot Echo submitting transactions
chatterbot Oscar submitting transactions
chatterbot November submitting transactions
chatterbot Romeo submitting transactions
chatterbot Sierra submitting transactions
chatterbot X-ray submitting transactions
chatterbot India submitting transactions
chatterbot Yankee submitting transactions
ChatterBot November round 10
ChatterBot Sierra round 10
ChatterBot Oscar round 10
ChatterBot Quebec round 10
ChatterBot Yankee round 10
ChatterBot Alpha round 10
ChatterBot X-ray round 10
ChatterBot Echo round 10
2024-10-14 21:19:42.690904 Quebec: We should group up
ChatterBot Oscar reevaluating
2024-10-14 21:19:42.699157 Oscar: Yes
2024-10-14 21:19:42.699388 X-ray: No
ChatterBot X-ray reevaluating
ChatterBot Oscar reevaluating
2024-10-14 21:19:42.712855 X-ray: We should group up
2024-10-14 21:19:42.713793 Oscar: We should replace India with X-ray
ChatterBot Oscar reevaluating
2024-10-14 21:19:42.726194 Quebec: Yes
2024-10-14 21:19:42.726399 Oscar: Yes
2024-10-14 21:19:42.732083 Quebec: Yes
ChatterBot Oscar reevaluating
ChatterBot X-ray reevaluating
ChatterBot X-ray reevaluating
ChatterBot Oscar reevaluating
ChatterBot Romeo round 10
ChatterBot India round 10
2024-10-14 21:19:42.807005 Oscar: X-ray we want you to join our group
2024-10-14 21:19:42.812183 X-ray: Yes
ChatterBot Oscar reevaluating
2024-10-14 21:19:42.825690 Quebec: Oscar, sending you 11
2024-10-14 21:19:42.826691 Sierra: November, sending you 4
2024-10-14 21:19:42.828780 Yankee: November, Alpha, Echo, Romeo and India, sending you 2
2024-10-14 21:19:42.829780 Alpha: November, Sierra, Yankee, Echo and Romeo, sending you 3
2024-10-14 21:19:42.831342 Quebec: X-ray, sending you 6
2024-10-14 21:19:42.831913 Echo: November, Yankee, Alpha, Romeo and India, sending you 2
2024-10-14 21:19:42.833700 Sierra: Yankee, Alpha, Echo, Romeo and India, sending you 3
2024-10-14 21:19:42.835397 Yankee: Sierra, sending you 3
2024-10-14 21:19:42.837168 Alpha: India, sending you 1
2024-10-14 21:19:42.838557 X-ray: Sending you each 4
2024-10-14 21:19:42.838915 Echo: Sierra, sending you 3
2024-10-14 21:19:42.843717 India: Same as last round
2024-10-14 21:19:42.846700 Romeo: November, Sierra, Yankee, Alpha and Echo, sending you 2
2024-10-14 21:19:42.851677 Romeo: India, sending you 1
2024-10-14 21:19:42.855774 Oscar: Quebec, sending you 9
2024-10-14 21:19:42.859665 Oscar: X-ray, sending you 6
chatterbot Romeo submitting transactions
chatterbot Sierra submitting transactions
chatterbot November submitting transactions
chatterbot Quebec submitting transactions
chatterbot India submitting transactions
chatterbot Yankee submitting transactions
chatterbot X-ray submitting transactions
chatterbot Alpha submitting transactions
chatterbot Oscar submitting transactions
chatterbot Echo submitting transactions
ChatterBot November round 11
ChatterBot Sierra round 11
ChatterBot Oscar round 11
ChatterBot Quebec round 11
ChatterBot Yankee round 11
ChatterBot Alpha round 11
ChatterBot X-ray round 11
ChatterBot Echo round 11
ChatterBot Romeo round 11
ChatterBot India round 11
2024-10-14 21:19:44.066632 Quebec: We should add Romeo
ChatterBot X-ray reevaluating
2024-10-14 21:19:44.076982 Oscar: No
2024-10-14 21:19:44.077189 X-ray: No
ChatterBot Quebec reevaluating
ChatterBot X-ray reevaluating
ChatterBot Quebec reevaluating
2024-10-14 21:19:44.146102 Quebec: We should add India
ChatterBot X-ray reevaluating
2024-10-14 21:19:44.182970 Oscar: No
2024-10-14 21:19:44.183261 X-ray: No
ChatterBot Quebec reevaluating
ChatterBot X-ray reevaluating
ChatterBot Quebec reevaluating
2024-10-14 21:19:44.308736 Quebec: India we want you to join our group
2024-10-14 21:19:44.314877 India: No
ChatterBot Quebec reevaluating
2024-10-14 21:19:44.327557 Quebec: We should add Echo
2024-10-14 21:19:44.333919 Oscar: No
2024-10-14 21:19:44.334265 X-ray: No
ChatterBot Quebec reevaluating
ChatterBot Quebec reevaluating
2024-10-14 21:19:44.350900 Yankee: November, Alpha, Echo, Romeo and India, sending you 2
2024-10-14 21:19:44.352996 X-ray: Same as last round
2024-10-14 21:19:44.353657 Echo: November, Yankee, Alpha, Romeo and India, sending you 2
2024-10-14 21:19:44.355490 Alpha: November, Sierra, Yankee, Echo and Romeo, sending you 3
2024-10-14 21:19:44.357145 Oscar: Quebec, sending you 9
2024-10-14 21:19:44.358035 Sierra: November, sending you 4
2024-10-14 21:19:44.359147 India: Same as last round
2024-10-14 21:19:44.361520 Yankee: Sierra, sending you 3
2024-10-14 21:19:44.364122 Echo: Sierra, sending you 3
2024-10-14 21:19:44.365893 Alpha: India, sending you 1
2024-10-14 21:19:44.367564 Oscar: X-ray, sending you 6
2024-10-14 21:19:44.368139 Sierra: Yankee, Alpha, Echo, Romeo and India, sending you 3
2024-10-14 21:19:44.393673 Quebec: Oscar, sending you 10
2024-10-14 21:19:44.399678 Quebec: X-ray, sending you 7
chatterbot India submitting transactions
chatterbot Oscar submitting transactions
chatterbot X-ray submitting transactions
chatterbot November submitting transactions
chatterbot Yankee submitting transactions
chatterbot Sierra submitting transactions
chatterbot Romeo submitting transactions
chatterbot Echo submitting transactions
chatterbot Alpha submitting transactions
chatterbot Quebec submitting transactions
ChatterBot November round 12
ChatterBot Sierra round 12
ChatterBot Oscar round 12
ChatterBot Quebec round 12
ChatterBot Yankee round 12
ChatterBot Alpha round 12
ChatterBot X-ray round 12
ChatterBot Echo round 12
ChatterBot Romeo round 12
ChatterBot India round 12
2024-10-14 21:19:45.476348 Quebec: We should replace India with Sierra
2024-10-14 21:19:45.487598 Oscar: No
2024-10-14 21:19:45.488705 X-ray: No
ChatterBot Quebec reevaluating
ChatterBot Quebec reevaluating
2024-10-14 21:19:45.547300 Quebec: We should replace India with Yankee
2024-10-14 21:19:45.555966 Oscar: No
2024-10-14 21:19:45.556428 X-ray: No
ChatterBot Quebec reevaluating
ChatterBot Quebec reevaluating
2024-10-14 21:19:45.572443 Romeo: We should drop India
ChatterBot Yankee reevaluating
2024-10-14 21:19:45.589112 Sierra: No
2024-10-14 21:19:45.589515 November: No
2024-10-14 21:19:45.589881 Yankee: No
2024-10-14 21:19:45.590546 Alpha: No
2024-10-14 21:19:45.590909 Echo: No
ChatterBot Yankee reevaluating
ChatterBot Echo reevaluating
ChatterBot Romeo reevaluating
ChatterBot Yankee reevaluating
ChatterBot Echo reevaluating
ChatterBot Romeo reevaluating
ChatterBot Echo reevaluating
ChatterBot Romeo reevaluating
ChatterBot Yankee reevaluating
ChatterBot Echo reevaluating
ChatterBot Romeo reevaluating
ChatterBot Yankee reevaluating
ChatterBot Romeo reevaluating
2024-10-14 21:19:45.660659 Sierra: We should drop Romeo
ChatterBot Yankee reevaluating
ChatterBot Echo reevaluating
2024-10-14 21:19:45.673751 November: No
2024-10-14 21:19:45.674032 Yankee: Yes
2024-10-14 21:19:45.674687 Alpha: No
2024-10-14 21:19:45.674801 Echo: Yes
2024-10-14 21:19:45.674953 India: No
ChatterBot Yankee reevaluating
ChatterBot Echo reevaluating
ChatterBot Echo reevaluating
ChatterBot November reevaluating
ChatterBot Yankee reevaluating
ChatterBot Echo reevaluating
ChatterBot November reevaluating
ChatterBot Yankee reevaluating
ChatterBot Alpha reevaluating
ChatterBot November reevaluating
ChatterBot Yankee reevaluating
ChatterBot Alpha reevaluating
ChatterBot Echo reevaluating
2024-10-14 21:19:45.742844 Quebec: We should replace India with November
2024-10-14 21:19:45.746764 Oscar: No
2024-10-14 21:19:45.746889 X-ray: No
ChatterBot Quebec reevaluating
ChatterBot Quebec reevaluating
2024-10-14 21:19:45.756349 Quebec: We should replace India with Alpha
2024-10-14 21:19:45.760433 Oscar: No
2024-10-14 21:19:45.760566 X-ray: No
ChatterBot Quebec reevaluating
ChatterBot Quebec reevaluating
2024-10-14 21:19:45.774660 Oscar: Quebec, sending you 5
2024-10-14 21:19:45.776227 X-ray: Oscar, sending you 4
2024-10-14 21:19:45.776940 India: Same as last round
2024-10-14 21:19:45.778256 Quebec: November we want you to join our group
ChatterBot November reevaluating
2024-10-14 21:19:45.782491 November: No
ChatterBot Quebec reevaluating
2024-10-14 21:19:45.792263 Oscar: X-ray, sending you 7
2024-10-14 21:19:45.792922 X-ray: Quebec, sending you 3
2024-10-14 21:19:45.796676 Sierra: November, Yankee, Alpha and Echo, sending you 4
2024-10-14 21:19:45.798370 Romeo: November, Sierra, Yankee, Alpha and Echo, sending you 2
2024-10-14 21:19:45.799978 Alpha: November, Sierra, Yankee, Echo and India, sending you 3
2024-10-14 21:19:45.802677 Sierra: India, sending you 3
2024-10-14 21:19:45.804676 Romeo: India, sending you 1
2024-10-14 21:19:45.806141 Alpha: Romeo, sending you 1
2024-10-14 21:19:45.807218 Yankee: November, Sierra and Alpha, sending you 3
2024-10-14 21:19:45.807715 Echo: November, sending you 1
2024-10-14 21:19:45.812687 Yankee: Echo and India, sending you 2
2024-10-14 21:19:45.813668 Echo: Sierra, Yankee, Alpha and India, sending you 3
chatterbot India submitting transactions
chatterbot Alpha submitting transactions
chatterbot Yankee submitting transactions
chatterbot Romeo submitting transactions
chatterbot Echo submitting transactions
chatterbot November submitting transactions
chatterbot Oscar submitting transactions
chatterbot Sierra submitting transactions
chatterbot X-ray submitting transactions
chatterbot Quebec submitting transactions
ChatterBot November round 13
ChatterBot Sierra round 13
ChatterBot Oscar round 13
ChatterBot Quebec round 13
ChatterBot Yankee round 13
ChatterBot Alpha round 13
ChatterBot X-ray round 13
ChatterBot Echo round 13
ChatterBot Romeo round 13
2024-10-14 21:19:46.836912 Quebec: We should replace India with November
2024-10-14 21:19:46.848072 Oscar: No
2024-10-14 21:19:46.848540 X-ray: No
ChatterBot Quebec reevaluating
ChatterBot India round 13
2024-10-14 21:19:46.918017 Quebec: We should replace India with Sierra
2024-10-14 21:19:46.928443 Oscar: No
2024-10-14 21:19:46.928705 X-ray: No
ChatterBot Quebec reevaluating
ChatterBot Quebec reevaluating
2024-10-14 21:19:47.041487 Quebec: November we want you to join our group
ChatterBot November reevaluating
2024-10-14 21:19:47.046048 November: No
ChatterBot Quebec reevaluating
2024-10-14 21:19:47.056678 Quebec: We should replace India with Yankee
2024-10-14 21:19:47.062678 Oscar: No
2024-10-14 21:19:47.063319 X-ray: No
ChatterBot Quebec reevaluating
ChatterBot Quebec reevaluating
2024-10-14 21:19:47.077183 Quebec: We should replace India with Alpha
2024-10-14 21:19:47.082835 Oscar: No
2024-10-14 21:19:47.082976 X-ray: No
ChatterBot Quebec reevaluating
ChatterBot Quebec reevaluating
2024-10-14 21:19:47.096655 November: We should drop Romeo
ChatterBot Alpha reevaluating
ChatterBot India reevaluating
2024-10-14 21:19:47.113473 Sierra: Yes
2024-10-14 21:19:47.113626 Yankee: Yes
2024-10-14 21:19:47.113744 Alpha: Yes
2024-10-14 21:19:47.113852 Echo: Yes
2024-10-14 21:19:47.113954 India: Yes
ChatterBot November reevaluating
ChatterBot Alpha reevaluating
ChatterBot India reevaluating
ChatterBot November reevaluating
ChatterBot Alpha reevaluating
ChatterBot India reevaluating
ChatterBot November reevaluating
ChatterBot India reevaluating
ChatterBot November reevaluating
ChatterBot Alpha reevaluating
ChatterBot India reevaluating
ChatterBot November reevaluating
ChatterBot Alpha reevaluating
2024-10-14 21:19:47.197080 Oscar: Sending you each 7
2024-10-14 21:19:47.198319 Romeo: November, Sierra, Yankee, Alpha and India, sending you 2
2024-10-14 21:19:47.200003 X-ray: Oscar, sending you 5
2024-10-14 21:19:47.200520 Yankee: November, Sierra and Alpha, sending you 3
2024-10-14 21:19:47.202309 Echo: November, Sierra, Yankee and Alpha, sending you 3
2024-10-14 21:19:47.203819 Sierra: November, Yankee, Alpha and Echo, sending you 4
2024-10-14 21:19:47.205391 Romeo: Echo, sending you 1
2024-10-14 21:19:47.207219 X-ray: Quebec, sending you 3
2024-10-14 21:19:47.207558 Yankee: Echo and India, sending you 2
2024-10-14 21:19:47.209469 Echo: India, sending you 1
2024-10-14 21:19:47.210751 Sierra: India, sending you 3
chatterbot Romeo submitting transactions
2024-10-14 21:19:47.249111 India: November and Sierra, sending you 3
2024-10-14 21:19:47.251874 Quebec: Oscar, sending you 10
