ChatterBot Foxtrot round 1
ChatterBot Oscar round 1
ChatterBot X-ray round 1
ChatterBot Alpha round 1
ChatterBot Papa round 1
ChatterBot Charlie round 1
ChatterBot Tango round 1
ChatterBot Juliett round 1
ChatterBot Zulu round 1
ChatterBot Delta round 1
randomSelections X-ray: {X-ray, Zulu, Charlie, Juliett, Oscar, Alpha, Delta} 
2024-10-14 22:43:07.521852 X-ray: Friends?
ChatterBot Zulu reevaluating
ChatterBot Charlie reevaluating
ChatterBot Juliett reevaluating
ChatterBot Oscar reevaluating
ChatterBot Alpha reevaluating
ChatterBot Delta reevaluating
2024-10-14 22:43:07.538385 Zulu: Yes
2024-10-14 22:43:07.538516 Charlie: Yes
2024-10-14 22:43:07.538647 Juliett: Yes
2024-10-14 22:43:07.538758 Oscar: Yes
2024-10-14 22:43:07.538881 Alpha: Yes
2024-10-14 22:43:07.539015 Delta: Yes
ChatterBot Charlie reevaluating
ChatterBot Juliett reevaluating
ChatterBot Oscar reevaluating
ChatterBot Alpha reevaluating
ChatterBot Delta reevaluating
ChatterBot Zulu reevaluating
ChatterBot Juliett reevaluating
ChatterBot Oscar reevaluating
ChatterBot Alpha reevaluating
ChatterBot Delta reevaluating
ChatterBot Zulu reevaluating
ChatterBot Charlie reevaluating
ChatterBot Oscar reevaluating
ChatterBot Alpha reevaluating
ChatterBot Delta reevaluating
ChatterBot Zulu reevaluating
ChatterBot Charlie reevaluating
ChatterBot Juliett reevaluating
ChatterBot Alpha reevaluating
ChatterBot Delta reevaluating
ChatterBot Zulu reevaluating
ChatterBot Charlie reevaluating
ChatterBot Juliett reevaluating
ChatterBot Oscar reevaluating
ChatterBot Delta reevaluating
ChatterBot Zulu reevaluating
ChatterBot Charlie reevaluating
ChatterBot Juliett reevaluating
ChatterBot Oscar reevaluating
ChatterBot Alpha reevaluating
randomSelections Foxtrot: {Foxtrot, Delta, Oscar, Papa, Juliett, X-ray, Zulu} 
2024-10-14 22:43:07.704362 Foxtrot: Group up?
ChatterBot Delta reevaluating
ChatterBot Oscar reevaluating
ChatterBot Papa reevaluating
ChatterBot Juliett reevaluating
ChatterBot Zulu reevaluating
2024-10-14 22:43:07.713027 Delta: No
2024-10-14 22:43:07.713665 Oscar: No
2024-10-14 22:43:07.713830 Papa: Yes
2024-10-14 22:43:07.713998 Juliett: No
2024-10-14 22:43:07.714290 X-ray: No
2024-10-14 22:43:07.714473 Zulu: No
ChatterBot Oscar reevaluating
ChatterBot Papa reevaluating
ChatterBot Juliett reevaluating
ChatterBot Zulu reevaluating
ChatterBot Delta reevaluating
ChatterBot Papa reevaluating
ChatterBot Juliett reevaluating
ChatterBot Zulu reevaluating
ChatterBot Delta reevaluating
ChatterBot Oscar reevaluating
ChatterBot Juliett reevaluating
ChatterBot Zulu reevaluating
ChatterBot Delta reevaluating
ChatterBot Oscar reevaluating
ChatterBot Papa reevaluating
ChatterBot Zulu reevaluating
ChatterBot Delta reevaluating
ChatterBot Oscar reevaluating
ChatterBot Papa reevaluating
ChatterBot Juliett reevaluating
ChatterBot Zulu reevaluating
ChatterBot Delta reevaluating
ChatterBot Oscar reevaluating
ChatterBot Papa reevaluating
ChatterBot Juliett reevaluating
randomSelections Tango: {Tango, Charlie, Delta, Papa, Foxtrot, Juliett, Zulu} 
2024-10-14 22:43:07.771234 Tango: Can we be friends?
ChatterBot Charlie reevaluating
ChatterBot Delta reevaluating
ChatterBot Papa reevaluating
ChatterBot Juliett reevaluating
ChatterBot Zulu reevaluating
2024-10-14 22:43:07.782545 Charlie: No
2024-10-14 22:43:07.782944 Delta: No
2024-10-14 22:43:07.783766 Papa: No
2024-10-14 22:43:07.784047 Foxtrot: No
2024-10-14 22:43:07.784266 Juliett: No
2024-10-14 22:43:07.784993 Zulu: No
ChatterBot Delta reevaluating
ChatterBot Papa reevaluating
ChatterBot Juliett reevaluating
ChatterBot Zulu reevaluating
ChatterBot Charlie reevaluating
ChatterBot Papa reevaluating
ChatterBot Juliett reevaluating
ChatterBot Zulu reevaluating
ChatterBot Charlie reevaluating
ChatterBot Delta reevaluating
ChatterBot Juliett reevaluating
ChatterBot Zulu reevaluating
ChatterBot Charlie reevaluating
ChatterBot Delta reevaluating
ChatterBot Papa reevaluating
ChatterBot Juliett reevaluating
ChatterBot Zulu reevaluating
ChatterBot Charlie reevaluating
ChatterBot Delta reevaluating
ChatterBot Papa reevaluating
ChatterBot Zulu reevaluating
ChatterBot Charlie reevaluating
ChatterBot Delta reevaluating
ChatterBot Papa reevaluating
ChatterBot Juliett reevaluating
2024-10-14 22:43:07.859679 Zulu: Oscar, sending you 4
2024-10-14 22:43:07.861676 Tango: Foxtrot and Juliett, sending you 4
2024-10-14 22:43:07.862562 Delta: Oscar, sending you 5
2024-10-14 22:43:07.865020 Zulu: X-ray and Delta, sending you 2
2024-10-14 22:43:07.867107 Tango: Papa, sending you 3
2024-10-14 22:43:07.869684 Delta: X-ray and Charlie, sending you 1
2024-10-14 22:43:07.871500 Zulu: Charlie, sending you 3
2024-10-14 22:43:07.872338 Oscar: X-ray and Alpha, sending you 1
2024-10-14 22:43:07.874215 X-ray: Oscar and Delta, sending you 1
2024-10-14 22:43:07.874872 Foxtrot: Oscar, Zulu and Delta, sending you 2
2024-10-14 22:43:07.876519 Juliett: Oscar, sending you 1
2024-10-14 22:43:07.877223 Alpha: Oscar and Zulu, sending you 2
2024-10-14 22:43:07.878763 Delta: Alpha and Zulu, sending you 2
2024-10-14 22:43:07.879493 Tango: Charlie, sending you 1
2024-10-14 22:43:07.881226 Zulu: Juliett, sending you 5
2024-10-14 22:43:07.881936 Oscar: Charlie, sending you 3
2024-10-14 22:43:07.882300 Charlie: Oscar and X-ray, sending you 2
2024-10-14 22:43:07.883630 X-ray: Alpha, sending you 5
2024-10-14 22:43:07.884165 Papa: Foxtrot, Oscar and Zulu, sending you 3
2024-10-14 22:43:07.884781 Foxtrot: X-ray, sending you 5
2024-10-14 22:43:07.886545 Juliett: X-ray and Delta, sending you 4
2024-10-14 22:43:07.887214 Delta: Juliett, sending you 4
2024-10-14 22:43:07.890140 Alpha: X-ray and Charlie, sending you 4
2024-10-14 22:43:07.892633 Tango: Zulu and Delta, sending you 2
2024-10-14 22:43:07.894646 Charlie: Alpha and Delta, sending you 3
2024-10-14 22:43:07.896589 Oscar: Juliett, Zulu and Delta, sending you 2
2024-10-14 22:43:07.897696 X-ray: Juliett, sending you 2
2024-10-14 22:43:07.899547 Papa: X-ray, Juliett and Delta, sending you 2
2024-10-14 22:43:07.900919 Foxtrot: Papa, sending you 3
2024-10-14 22:43:07.901490 Juliett: Alpha, Charlie and Zulu, sending you 3
2024-10-14 22:43:07.902988 Alpha: Juliett, sending you 3
2024-10-14 22:43:07.903729 Charlie: Juliett, sending you 5
2024-10-14 22:43:07.905196 X-ray: Zulu, sending you 6
2024-10-14 22:43:07.907406 Foxtrot: Juliett, sending you 4
2024-10-14 22:43:07.913760 Alpha: Delta, sending you 1
2024-10-14 22:43:07.916107 Charlie: Zulu, sending you 1
chatterbot Papa submitting transactions
chatterbot Tango submitting transactions
chatterbot Alpha submitting transactions
chatterbot Charlie submitting transactions
chatterbot Juliett submitting transactions
chatterbot Oscar submitting transactions
chatterbot Delta submitting transactions
chatterbot Foxtrot submitting transactions
chatterbot X-ray submitting transactions
chatterbot Zulu submitting transactions
ChatterBot Foxtrot round 2
ChatterBot Oscar round 2
ChatterBot X-ray round 2
ChatterBot Alpha round 2
ChatterBot Papa round 2
2024-10-14 22:43:08.803216 Foxtrot: We would work well together
ChatterBot Papa reevaluating
ChatterBot Tango reevaluating
ChatterBot Delta reevaluating
2024-10-14 22:43:08.845453 Papa: No
2024-10-14 22:43:08.845746 Tango: No
2024-10-14 22:43:08.845933 Delta: No
ChatterBot Foxtrot reevaluating
ChatterBot Tango reevaluating
ChatterBot Delta reevaluating
ChatterBot Foxtrot reevaluating
ChatterBot Papa reevaluating
ChatterBot Delta reevaluating
ChatterBot Foxtrot reevaluating
ChatterBot Papa reevaluating
ChatterBot Tango reevaluating
ChatterBot Charlie round 2
ChatterBot Tango round 2
ChatterBot Juliett round 2
ChatterBot Zulu round 2
ChatterBot Delta round 2
2024-10-14 22:43:09.111537 X-ray: Oscar, Charlie and Zulu, sending you 2
2024-10-14 22:43:09.393872 Foxtrot: Papa, sending you 6
2024-10-14 22:43:09.395766 Oscar: X-ray, sending you 1
2024-10-14 22:43:09.401013 Alpha: Oscar and Delta, sending you 2
2024-10-14 22:43:09.405168 Papa: Foxtrot, sending you 8
2024-10-14 22:43:09.407210 X-ray: Alpha and Juliett, sending you 4
2024-10-14 22:43:09.409127 Delta: Oscar, X-ray, Alpha and Zulu, sending you 2
2024-10-14 22:43:09.411713 Charlie: Oscar, Alpha, Juliett and Zulu, sending you 3
2024-10-14 22:43:09.414907 Tango: Sending you each 8
2024-10-14 22:43:09.416956 Juliett: Oscar and X-ray, sending you 2
2024-10-14 22:43:09.418533 Foxtrot: Tango, sending you 5
2024-10-14 22:43:09.419001 Oscar: Alpha and Charlie, sending you 2
2024-10-14 22:43:09.420236 Alpha: X-ray, sending you 5
2024-10-14 22:43:09.421856 Papa: Tango, sending you 7
2024-10-14 22:43:09.422247 X-ray: Delta, sending you 1
2024-10-14 22:43:09.423577 Delta: Charlie, sending you 3
2024-10-14 22:43:09.424292 Charlie: X-ray and Delta, sending you 2
2024-10-14 22:43:09.425777 Juliett: Alpha and Delta, sending you 3
2024-10-14 22:43:09.427176 Zulu: Oscar, Alpha and Delta, sending you 2
2024-10-14 22:43:09.428865 Foxtrot: Zulu, sending you 2
2024-10-14 22:43:09.429415 Oscar: Zulu and Delta, sending you 3
2024-10-14 22:43:09.431051 Alpha: Charlie and Juliett, sending you 3
2024-10-14 22:43:09.432436 Delta: Juliett, sending you 4
2024-10-14 22:43:09.433828 Juliett: Charlie and Zulu, sending you 4
2024-10-14 22:43:09.435087 Zulu: X-ray, sending you 8
2024-10-14 22:43:09.936337 Alpha: Zulu, sending you 1
2024-10-14 22:43:09.936943 Zulu: Charlie, sending you 1
chatterbot Foxtrot submitting transactions
chatterbot X-ray submitting transactions
chatterbot Papa submitting transactions
chatterbot Juliett submitting transactions
chatterbot Oscar submitting transactions
chatterbot Tango submitting transactions
2024-10-14 22:43:10.762633 Zulu: Juliett, sending you 4
chatterbot Charlie submitting transactions
chatterbot Zulu submitting transactions
chatterbot Alpha submitting transactions
chatterbot Delta submitting transactions
2024-10-14 22:43:10.777567 Zulu: X-ray did not give me 6 like they said
2024-10-14 22:43:10.798485 Zulu: Alpha did not give me 2 like they said
ChatterBot X-ray reevaluating
ChatterBot Charlie reevaluating
ChatterBot Juliett reevaluating
ChatterBot Oscar reevaluating
ChatterBot Alpha reevaluating
ChatterBot Delta reevaluating
2024-10-14 22:43:10.821491 Zulu: Papa did not give me 3 like they said
ChatterBot X-ray reevaluating
ChatterBot Charlie reevaluating
ChatterBot Juliett reevaluating
ChatterBot Oscar reevaluating
ChatterBot Alpha reevaluating
ChatterBot Delta reevaluating
2024-10-14 22:43:10.844527 Zulu: Tango did not give me 2 like they said
ChatterBot X-ray reevaluating
ChatterBot Charlie reevaluating
ChatterBot Juliett reevaluating
ChatterBot Oscar reevaluating
ChatterBot Alpha reevaluating
ChatterBot Delta reevaluating
ChatterBot Foxtrot round 3
ChatterBot Oscar round 3
ChatterBot X-ray round 3
ChatterBot Alpha round 3
ChatterBot Papa round 3
ChatterBot Charlie round 3
ChatterBot Tango round 3
ChatterBot Juliett round 3
ChatterBot Zulu round 3
ChatterBot Delta round 3
2024-10-14 22:43:11.632115 Foxtrot: We should replace Zulu with Oscar
2024-10-14 22:43:11.639657 Papa: No
2024-10-14 22:43:11.639909 Tango: No
ChatterBot Foxtrot reevaluating
2024-10-14 22:43:11.684409 Foxtrot: We should replace Zulu with Delta
2024-10-14 22:43:11.690877 Papa: No
2024-10-14 22:43:11.691051 Tango: No
ChatterBot Foxtrot reevaluating
ChatterBot Foxtrot reevaluating
2024-10-14 22:43:11.898424 Foxtrot: Oscar we want you to join our group
2024-10-14 22:43:11.903055 Oscar: No
ChatterBot Foxtrot reevaluating
2024-10-14 22:43:12.179747 Alpha: Oscar, Zulu and Delta, sending you 2
2024-10-14 22:43:12.184773 Zulu: Oscar, sending you 3
2024-10-14 22:43:12.185462 Papa: Foxtrot, sending you 7
2024-10-14 22:43:12.186572 Delta: Oscar and Charlie, sending you 3
2024-10-14 22:43:12.187093 Charlie: Oscar, Alpha, Juliett and Delta, sending you 3
2024-10-14 22:43:12.187595 Oscar: X-ray and Juliett, sending you 1
2024-10-14 22:43:12.189515 Tango: Foxtrot, sending you 7
2024-10-14 22:43:12.189797 X-ray: Oscar, sending you 1
2024-10-14 22:43:12.191622 Juliett: Oscar, sending you 2
chatterbot X-ray submitting transactions
2024-10-14 22:43:12.195323 Alpha: X-ray, sending you 4
2024-10-14 22:43:12.197169 Zulu: X-ray and Juliett, sending you 5
2024-10-14 22:43:12.197764 Papa: Tango, sending you 8
2024-10-14 22:43:12.198021 Delta: X-ray, sending you 1
2024-10-14 22:43:12.200558 Charlie: X-ray and Zulu, sending you 2
2024-10-14 22:43:12.201126 Oscar: Alpha, Charlie and Zulu, sending you 2
2024-10-14 22:43:12.203680 Tango: Papa, sending you 8
2024-10-14 22:43:12.207350 X-ray: Alpha and Juliett, sending you 3
2024-10-14 22:43:12.208941 Juliett: X-ray, Alpha, Charlie and Delta, sending you 3
2024-10-14 22:43:12.209546 Alpha: Charlie and Juliett, sending you 3
2024-10-14 22:43:12.212028 Zulu: Alpha, Charlie and Delta, sending you 2
2024-10-14 22:43:12.212661 Delta: Alpha and Zulu, sending you 2
2024-10-14 22:43:12.213300 Oscar: Delta, sending you 3
2024-10-14 22:43:12.216122 X-ray: Charlie and Delta, sending you 2
2024-10-14 22:43:12.220031 Juliett: Zulu, sending you 4
2024-10-14 22:43:12.220757 Delta: Juliett, sending you 4
2024-10-14 22:43:12.436881 Foxtrot: Oscar, sending you 2
2024-10-14 22:43:12.437558 X-ray: Zulu, sending you 4
chatterbot Juliett submitting transactions
chatterbot Oscar submitting transactions
chatterbot Foxtrot submitting transactions
2024-10-14 22:43:12.440681 Foxtrot: Papa, sending you 6
2024-10-14 22:43:12.669359 Foxtrot: Tango, sending you 5
chatterbot Papa submitting transactions
chatterbot Tango submitting transactions
chatterbot Alpha submitting transactions
chatterbot Delta submitting transactions
chatterbot Charlie submitting transactions
chatterbot Zulu submitting transactions
ChatterBot Foxtrot round 4
ChatterBot Oscar round 4
ChatterBot X-ray round 4
ChatterBot Alpha round 4
ChatterBot Papa round 4
ChatterBot Charlie round 4
ChatterBot Tango round 4
ChatterBot Juliett round 4
ChatterBot Zulu round 4
ChatterBot Delta round 4
2024-10-14 22:43:13.639681 Delta: Oscar, Charlie and Juliett, sending you 3
2024-10-14 22:43:13.641065 Oscar: X-ray, sending you 1
2024-10-14 22:43:13.641757 X-ray: Oscar, sending you 1
2024-10-14 22:43:13.642921 Tango: Foxtrot, sending you 7
2024-10-14 22:43:13.643353 Papa: Foxtrot, sending you 7
2024-10-14 22:43:13.643642 Foxtrot: Oscar, sending you 2
2024-10-14 22:43:13.643970 Delta: X-ray, Alpha and Zulu, sending you 2
2024-10-14 22:43:13.716938 Oscar: Alpha, Charlie, Juliett, Zulu and Delta, sending you 2
2024-10-14 22:43:13.718896 Tango: Papa, sending you 8
2024-10-14 22:43:13.719415 X-ray: Alpha and Juliett, sending you 3
2024-10-14 22:43:13.721106 Papa: Tango, sending you 8
2024-10-14 22:43:13.722207 Foxtrot: Papa, sending you 6
2024-10-14 22:43:13.722800 Charlie: Oscar, Alpha, Juliett and Delta, sending you 3
2024-10-14 22:43:13.724253 Alpha: Oscar, Zulu and Delta, sending you 2
2024-10-14 22:43:13.725918 Juliett: Oscar, sending you 2
2024-10-14 22:43:13.727047 Zulu: Oscar, sending you 3
2024-10-14 22:43:13.728626 X-ray: Charlie and Delta, sending you 2
2024-10-14 22:43:13.730388 Foxtrot: Tango, sending you 5
2024-10-14 22:43:13.730964 Charlie: X-ray and Zulu, sending you 2
2024-10-14 22:43:13.732435 Alpha: X-ray, sending you 4
2024-10-14 22:43:13.733763 Juliett: X-ray, Alpha, Charlie and Delta, sending you 3
2024-10-14 22:43:13.734714 Zulu: X-ray and Juliett, sending you 5
2024-10-14 22:43:13.736194 X-ray: Zulu, sending you 4
2024-10-14 22:43:13.736895 Alpha: Charlie and Juliett, sending you 3
2024-10-14 22:43:13.762247 Juliett: Zulu, sending you 4
2024-10-14 22:43:13.763156 Zulu: Alpha, Charlie and Delta, sending you 2
chatterbot Foxtrot submitting transactions
chatterbot Oscar submitting transactions
chatterbot Alpha submitting transactions
chatterbot Charlie submitting transactions
chatterbot Zulu submitting transactions
chatterbot Delta submitting transactions
chatterbot Juliett submitting transactions
chatterbot X-ray submitting transactions
chatterbot Papa submitting transactions
chatterbot Tango submitting transactions
ChatterBot Foxtrot round 5
ChatterBot Oscar round 5
ChatterBot X-ray round 5
ChatterBot Alpha round 5
ChatterBot Papa round 5
ChatterBot Charlie round 5
ChatterBot Tango round 5
ChatterBot Juliett round 5
ChatterBot Zulu round 5
ChatterBot Delta round 5
2024-10-14 22:43:14.686263 Oscar: X-ray, sending you 1
2024-10-14 22:43:14.686944 Tango: Foxtrot, sending you 7
2024-10-14 22:43:14.687199 Foxtrot: Oscar, sending you 2
2024-10-14 22:43:14.687976 Charlie: Oscar, Alpha, Juliett and Delta, sending you 3
2024-10-14 22:43:14.688680 Alpha: Oscar, Zulu and Delta, sending you 2
2024-10-14 22:43:14.689837 Papa: Foxtrot, sending you 7
2024-10-14 22:43:14.690075 Zulu: Oscar, sending you 3
2024-10-14 22:43:14.690660 Delta: Oscar, Charlie and Juliett, sending you 3
2024-10-14 22:43:14.691818 Juliett: Oscar, sending you 2
2024-10-14 22:43:14.693134 Oscar: Alpha, Charlie, Juliett, Zulu and Delta, sending you 2
2024-10-14 22:43:14.694074 Tango: Papa, sending you 8
2024-10-14 22:43:14.694940 Foxtrot: Papa, sending you 6
2024-10-14 22:43:14.695279 Papa: Tango, sending you 8
2024-10-14 22:43:14.695588 Charlie: X-ray and Zulu, sending you 2
2024-10-14 22:43:14.697037 Alpha: X-ray, sending you 4
2024-10-14 22:43:14.698574 Zulu: X-ray and Juliett, sending you 5
2024-10-14 22:43:14.699879 Delta: X-ray, Alpha and Zulu, sending you 2
2024-10-14 22:43:14.700731 Juliett: X-ray, Alpha, Charlie and Delta, sending you 3
2024-10-14 22:43:14.702094 X-ray: Oscar, sending you 1
2024-10-14 22:43:14.703352 Foxtrot: Tango, sending you 5
2024-10-14 22:43:14.703743 Alpha: Charlie and Juliett, sending you 3
2024-10-14 22:43:14.704988 Zulu: Alpha, Charlie and Delta, sending you 2
2024-10-14 22:43:14.706286 Juliett: Zulu, sending you 4
2024-10-14 22:43:14.707707 X-ray: Alpha and Juliett, sending you 3
2024-10-14 22:43:14.741176 X-ray: Charlie and Delta, sending you 2
2024-10-14 22:43:14.833782 X-ray: Zulu, sending you 4
chatterbot Oscar submitting transactions
chatterbot X-ray submitting transactions
chatterbot Tango submitting transactions
chatterbot Charlie submitting transactions
chatterbot Papa submitting transactions
chatterbot Juliett submitting transactions
chatterbot Alpha submitting transactions
chatterbot Delta submitting transactions
chatterbot Zulu submitting transactions
chatterbot Foxtrot submitting transactions
ChatterBot Foxtrot round 6
ChatterBot Oscar round 6
ChatterBot X-ray round 6
ChatterBot Alpha round 6
ChatterBot Papa round 6
ChatterBot Charlie round 6
ChatterBot Tango round 6
ChatterBot Juliett round 6
ChatterBot Zulu round 6
2024-10-14 22:43:15.995697 Foxtrot: We should replace Oscar with Delta
2024-10-14 22:43:16.004269 Papa: No
2024-10-14 22:43:16.004442 Tango: No
ChatterBot Foxtrot reevaluating
ChatterBot Foxtrot reevaluating
ChatterBot Delta round 6
2024-10-14 22:43:16.047084 Alpha: Oscar, Zulu and Delta, sending you 2
2024-10-14 22:43:16.050675 Foxtrot: Delta we want you to join our group
2024-10-14 22:43:16.056015 Delta: No
ChatterBot Foxtrot reevaluating
2024-10-14 22:43:16.065290 Foxtrot: We should replace Oscar with Alpha
2024-10-14 22:43:16.071902 Papa: No
2024-10-14 22:43:16.072071 Tango: No
ChatterBot Foxtrot reevaluating
ChatterBot Foxtrot reevaluating
2024-10-14 22:43:16.090238 Alpha: X-ray, sending you 4
2024-10-14 22:43:16.091138 Charlie: Oscar, Alpha, Juliett and Delta, sending you 3
2024-10-14 22:43:16.093092 Oscar: X-ray, sending you 1
2024-10-14 22:43:16.095676 Alpha: Charlie and Juliett, sending you 3
2024-10-14 22:43:16.099545 Charlie: X-ray and Zulu, sending you 2
2024-10-14 22:43:16.100888 Papa: Foxtrot, sending you 7
2024-10-14 22:43:16.101211 Oscar: Alpha, Charlie, Juliett, Zulu and Delta, sending you 2
2024-10-14 22:43:16.102917 Juliett: Oscar, sending you 2
2024-10-14 22:43:16.103651 Zulu: Oscar, sending you 3
2024-10-14 22:43:16.108133 Tango: Foxtrot, sending you 7
2024-10-14 22:43:16.108510 X-ray: Oscar, sending you 1
2024-10-14 22:43:16.110236 Papa: Tango, sending you 8
2024-10-14 22:43:16.110592 Juliett: X-ray, Alpha, Charlie and Delta, sending you 3
2024-10-14 22:43:16.111856 Tango: Papa, sending you 8
2024-10-14 22:43:16.112681 Zulu: X-ray and Juliett, sending you 5
2024-10-14 22:43:16.113480 X-ray: Alpha and Juliett, sending you 3
2024-10-14 22:43:16.118601 Delta: Oscar, Charlie and Juliett, sending you 3
2024-10-14 22:43:16.119685 Juliett: Zulu, sending you 4
2024-10-14 22:43:16.122008 Zulu: Alpha, Charlie and Delta, sending you 2
2024-10-14 22:43:16.123023 X-ray: Charlie and Delta, sending you 2
2024-10-14 22:43:16.125829 Delta: X-ray, Alpha and Zulu, sending you 2
2024-10-14 22:43:16.130316 Foxtrot: Papa and Tango, sending you 5
2024-10-14 22:43:16.130836 X-ray: Zulu, sending you 4
chatterbot X-ray submitting transactions
chatterbot Oscar submitting transactions
chatterbot Alpha submitting transactions
chatterbot Zulu submitting transactions
chatterbot Juliett submitting transactions
chatterbot Tango submitting transactions
chatterbot Charlie submitting transactions
chatterbot Foxtrot submitting transactions
chatterbot Papa submitting transactions
chatterbot Delta submitting transactions
ChatterBot Foxtrot round 7
ChatterBot Oscar round 7
ChatterBot X-ray round 7
ChatterBot Alpha round 7
ChatterBot Papa round 7
ChatterBot Charlie round 7
ChatterBot Tango round 7
ChatterBot Juliett round 7
ChatterBot Zulu round 7
2024-10-14 22:43:17.315881 Foxtrot: We should replace Oscar with Charlie
2024-10-14 22:43:17.322860 Papa: No
2024-10-14 22:43:17.323015 Tango: No
ChatterBot Foxtrot reevaluating
ChatterBot Foxtrot reevaluating
ChatterBot Delta round 7
2024-10-14 22:43:17.362664 Alpha: Oscar, Zulu and Delta, sending you 2
2024-10-14 22:43:17.365856 Oscar: X-ray, sending you 1
2024-10-14 22:43:17.368702 Alpha: X-ray, sending you 4
2024-10-14 22:43:17.370253 Oscar: Alpha, Charlie, Juliett, Zulu and Delta, sending you 2
2024-10-14 22:43:17.372035 Papa: Foxtrot, sending you 7
2024-10-14 22:43:17.372423 Charlie: Oscar, Alpha, Juliett and Delta, sending you 3
2024-10-14 22:43:17.374674 Alpha: Charlie and Juliett, sending you 3
2024-10-14 22:43:17.376050 Juliett: Oscar, sending you 2
2024-10-14 22:43:17.376672 Papa: Tango, sending you 8
2024-10-14 22:43:17.376953 X-ray: Oscar, sending you 1
2024-10-14 22:43:17.377557 Zulu: Oscar, sending you 3
2024-10-14 22:43:17.378840 Charlie: X-ray and Zulu, sending you 2
2024-10-14 22:43:17.379711 Foxtrot: Papa and Tango, sending you 5
2024-10-14 22:43:17.380598 Juliett: X-ray, Alpha, Charlie and Delta, sending you 3
2024-10-14 22:43:17.381601 Tango: Foxtrot, sending you 7
2024-10-14 22:43:17.381921 X-ray: Alpha and Juliett, sending you 3
2024-10-14 22:43:17.383698 Zulu: X-ray and Juliett, sending you 5
2024-10-14 22:43:17.384551 Delta: Oscar, Charlie and Juliett, sending you 3
2024-10-14 22:43:17.385917 Juliett: Zulu, sending you 4
2024-10-14 22:43:17.386699 Tango: Papa, sending you 8
2024-10-14 22:43:17.386945 X-ray: Charlie and Delta, sending you 2
2024-10-14 22:43:17.388091 Zulu: Alpha, Charlie and Delta, sending you 2
2024-10-14 22:43:17.388985 Delta: X-ray, Alpha and Zulu, sending you 2
2024-10-14 22:43:17.390660 X-ray: Zulu, sending you 4
chatterbot Foxtrot submitting transactions
chatterbot Alpha submitting transactions
chatterbot Juliett submitting transactions
chatterbot Delta submitting transactions
chatterbot Charlie submitting transactions
chatterbot Tango submitting transactions
chatterbot Papa submitting transactions
chatterbot X-ray submitting transactions
chatterbot Oscar submitting transactions
chatterbot Zulu submitting transactions
ChatterBot Foxtrot round 8
ChatterBot Oscar round 8
ChatterBot X-ray round 8
ChatterBot Alpha round 8
ChatterBot Papa round 8
ChatterBot Charlie round 8
ChatterBot Tango round 8
ChatterBot Juliett round 8
ChatterBot Zulu round 8
ChatterBot Delta round 8
2024-10-14 22:43:18.693739 Foxtrot: Papa and Tango, sending you 5
2024-10-14 22:43:18.695242 Alpha: Oscar, Zulu and Delta, sending you 2
2024-10-14 22:43:18.697488 X-ray: Oscar, sending you 1
2024-10-14 22:43:18.700290 Alpha: X-ray, sending you 4
2024-10-14 22:43:18.703468 X-ray: Alpha and Juliett, sending you 3
2024-10-14 22:43:18.705856 Papa: Foxtrot, sending you 7
2024-10-14 22:43:18.706567 Tango: Foxtrot, sending you 7
2024-10-14 22:43:18.707780 Charlie: Oscar, Alpha, Juliett and Delta, sending you 3
2024-10-14 22:43:18.709787 Alpha: Charlie and Juliett, sending you 3
2024-10-14 22:43:18.712993 Papa: Tango, sending you 8
2024-10-14 22:43:18.713559 X-ray: Charlie and Delta, sending you 2
2024-10-14 22:43:18.715447 Tango: Papa, sending you 8
2024-10-14 22:43:18.716484 Delta: Oscar, Charlie and Juliett, sending you 3
2024-10-14 22:43:18.718649 Oscar: X-ray, sending you 1
2024-10-14 22:43:18.720452 Charlie: X-ray and Zulu, sending you 2
2024-10-14 22:43:18.722488 Zulu: Oscar, sending you 3
2024-10-14 22:43:18.725137 Juliett: Oscar, sending you 2
2024-10-14 22:43:18.728358 X-ray: Zulu, sending you 4
2024-10-14 22:43:18.730397 Delta: X-ray, Alpha and Zulu, sending you 2
2024-10-14 22:43:18.732361 Oscar: Alpha, Charlie, Juliett, Zulu and Delta, sending you 2
2024-10-14 22:43:18.734515 Zulu: X-ray and Juliett, sending you 5
2024-10-14 22:43:18.737095 Juliett: X-ray, Alpha, Charlie and Delta, sending you 3
2024-10-14 22:43:18.740685 Zulu: Alpha, Charlie and Delta, sending you 2
2024-10-14 22:43:18.743369 Juliett: Zulu, sending you 4
chatterbot Alpha submitting transactions
chatterbot Zulu submitting transactions
chatterbot Charlie submitting transactions
chatterbot Juliett submitting transactions
chatterbot Delta submitting transactions
chatterbot Papa submitting transactions
chatterbot Foxtrot submitting transactions
chatterbot Oscar submitting transactions
chatterbot X-ray submitting transactions
chatterbot Tango submitting transactions
ChatterBot Foxtrot round 9
ChatterBot Oscar round 9
ChatterBot X-ray round 9
ChatterBot Alpha round 9
ChatterBot Papa round 9
ChatterBot Charlie round 9
ChatterBot Tango round 9
ChatterBot Juliett round 9
ChatterBot Zulu round 9
ChatterBot Delta round 9
2024-10-14 22:43:19.983689 Foxtrot: Papa and Tango, sending you 5
2024-10-14 22:43:19.991559 Charlie: Oscar, Alpha, Juliett and Delta, sending you 3
2024-10-14 22:43:19.992845 X-ray: Oscar, sending you 1
2024-10-14 22:43:19.995786 Zulu: Oscar, sending you 3
2024-10-14 22:43:19.998514 Charlie: X-ray and Zulu, sending you 2
2024-10-14 22:43:20.003383 X-ray: Alpha and Juliett, sending you 3
2024-10-14 22:43:20.004542 Zulu: X-ray and Juliett, sending you 5
2024-10-14 22:43:20.007211 Tango: Foxtrot, sending you 7
2024-10-14 22:43:20.007629 Oscar: X-ray, sending you 1
2024-10-14 22:43:20.009901 Alpha: Oscar, Zulu and Delta, sending you 2
2024-10-14 22:43:20.015009 Juliett: Oscar, sending you 2
2024-10-14 22:43:20.016463 Papa: Foxtrot, sending you 7
2024-10-14 22:43:20.018310 X-ray: Charlie and Delta, sending you 2
2024-10-14 22:43:20.019790 Zulu: Alpha, Charlie and Delta, sending you 2
2024-10-14 22:43:20.022492 Tango: Papa, sending you 8
2024-10-14 22:43:20.022963 Oscar: Alpha, Charlie, Juliett, Zulu and Delta, sending you 2
2024-10-14 22:43:20.029299 Alpha: X-ray, sending you 4
2024-10-14 22:43:20.031691 Juliett: X-ray, Alpha, Charlie and Delta, sending you 3
2024-10-14 22:43:20.032867 Papa: Tango, sending you 8
2024-10-14 22:43:20.034351 Delta: Oscar, X-ray, Alpha and Zulu, sending you 2
2024-10-14 22:43:20.035647 X-ray: Zulu, sending you 4
2024-10-14 22:43:20.041261 Alpha: Charlie and Juliett, sending you 3
2024-10-14 22:43:20.044139 Juliett: Zulu, sending you 4
2024-10-14 22:43:20.046545 Delta: Charlie, sending you 3
2024-10-14 22:43:20.057830 Delta: Juliett, sending you 4
chatterbot Tango submitting transactions
chatterbot Alpha submitting transactions
chatterbot Foxtrot submitting transactions
chatterbot X-ray submitting transactions
chatterbot Juliett submitting transactions
chatterbot Charlie submitting transactions
chatterbot Oscar submitting transactions
chatterbot Delta submitting transactions
chatterbot Zulu submitting transactions
chatterbot Papa submitting transactions
ChatterBot Foxtrot round 10
ChatterBot Oscar round 10
ChatterBot X-ray round 10
ChatterBot Alpha round 10
ChatterBot Papa round 10
ChatterBot Charlie round 10
ChatterBot Tango round 10
ChatterBot Juliett round 10
ChatterBot Zulu round 10
2024-10-14 22:43:21.142381 Foxtrot: We should replace Oscar with Delta
2024-10-14 22:43:21.148070 Papa: No
2024-10-14 22:43:21.148240 Tango: No
ChatterBot Foxtrot reevaluating
ChatterBot Foxtrot reevaluating
ChatterBot Delta round 10
2024-10-14 22:43:21.183650 Foxtrot: Delta we want you to join our group
2024-10-14 22:43:21.187539 Delta: No
ChatterBot Foxtrot reevaluating
2024-10-14 22:43:21.203657 Juliett: Oscar, sending you 2
2024-10-14 22:43:21.206020 Papa: Foxtrot, sending you 7
2024-10-14 22:43:21.206464 Zulu: Oscar, sending you 3
2024-10-14 22:43:21.207866 Charlie: Oscar, Alpha, Juliett and Delta, sending you 3
2024-10-14 22:43:21.208809 X-ray: Oscar, sending you 1
2024-10-14 22:43:21.209579 Oscar: X-ray, sending you 1
2024-10-14 22:43:21.211176 Tango: Foxtrot, sending you 7
2024-10-14 22:43:21.211577 Alpha: Oscar, Zulu and Delta, sending you 2
2024-10-14 22:43:21.212493 Juliett: X-ray, Alpha, Charlie and Delta, sending you 3
2024-10-14 22:43:21.213300 Papa: Tango, sending you 8
2024-10-14 22:43:21.213572 Charlie: X-ray and Zulu, sending you 2
2024-10-14 22:43:21.214418 Zulu: X-ray and Juliett, sending you 5
2024-10-14 22:43:21.215767 X-ray: Alpha and Juliett, sending you 3
2024-10-14 22:43:21.216536 Tango: Papa, sending you 8
2024-10-14 22:43:21.216842 Oscar: Alpha, Charlie, Juliett, Zulu and Delta, sending you 2
2024-10-14 22:43:21.218033 Alpha: X-ray, sending you 4
2024-10-14 22:43:21.219100 Juliett: Zulu, sending you 4
2024-10-14 22:43:21.220356 X-ray: Charlie and Delta, sending you 2
2024-10-14 22:43:21.221197 Zulu: Alpha, Charlie and Delta, sending you 2
2024-10-14 22:43:21.222368 Alpha: Charlie and Juliett, sending you 3
2024-10-14 22:43:21.224077 Delta: Oscar, X-ray, Alpha and Zulu, sending you 2
2024-10-14 22:43:21.225663 X-ray: Zulu, sending you 4
2024-10-14 22:43:21.229655 Delta: Charlie, sending you 3
2024-10-14 22:43:21.230687 Foxtrot: Papa and Tango, sending you 5
2024-10-14 22:43:21.232675 Delta: Juliett, sending you 4
chatterbot Charlie submitting transactions
chatterbot Juliett submitting transactions
chatterbot Oscar submitting transactions
chatterbot Zulu submitting transactions
chatterbot Foxtrot submitting transactions
chatterbot X-ray submitting transactions
chatterbot Delta submitting transactions
chatterbot Tango submitting transactions
chatterbot Papa submitting transactions
chatterbot Alpha submitting transactions
ChatterBot Foxtrot round 11
ChatterBot Oscar round 11
ChatterBot X-ray round 11
ChatterBot Alpha round 11
ChatterBot Papa round 11
ChatterBot Charlie round 11
ChatterBot Tango round 11
ChatterBot Juliett round 11
ChatterBot Zulu round 11
ChatterBot Delta round 11
2024-10-14 22:43:22.436724 Alpha: Oscar, Zulu and Delta, sending you 2
2024-10-14 22:43:22.444023 Oscar: X-ray, sending you 1
2024-10-14 22:43:22.447385 Papa: Foxtrot, sending you 7
2024-10-14 22:43:22.448 Juliett: Oscar, sending you 2
2024-10-14 22:43:22.451838 Tango: Foxtrot, sending you 7
2024-10-14 22:43:22.452557 Alpha: X-ray, sending you 4
2024-10-14 22:43:22.455394 Zulu: Oscar, sending you 3
2024-10-14 22:43:22.457304 X-ray: Oscar, sending you 1
2024-10-14 22:43:22.459184 Foxtrot: Papa and Tango, sending you 5
2024-10-14 22:43:22.460322 Charlie: Oscar, Alpha, Juliett and Delta, sending you 3
2024-10-14 22:43:22.462471 Oscar: Alpha, Charlie, Juliett, Zulu and Delta, sending you 2
2024-10-14 22:43:22.464294 Papa: Tango, sending you 8
2024-10-14 22:43:22.464921 Tango: Papa, sending you 8
2024-10-14 22:43:22.465502 Juliett: X-ray, Alpha, Charlie and Delta, sending you 3
2024-10-14 22:43:22.467859 Alpha: Charlie and Juliett, sending you 3
2024-10-14 22:43:22.470661 Zulu: X-ray and Juliett, sending you 5
2024-10-14 22:43:22.473149 X-ray: Alpha and Juliett, sending you 3
2024-10-14 22:43:22.475803 Charlie: X-ray and Zulu, sending you 2
2024-10-14 22:43:22.478063 Delta: Oscar, X-ray, Alpha and Zulu, sending you 2
2024-10-14 22:43:22.480660 Juliett: Zulu, sending you 4
2024-10-14 22:43:22.482831 Zulu: Alpha, Charlie and Delta, sending you 2
2024-10-14 22:43:22.484557 X-ray: Charlie and Delta, sending you 2
2024-10-14 22:43:22.486352 Delta: Charlie, sending you 3
2024-10-14 22:43:22.488847 X-ray: Zulu, sending you 4
2024-10-14 22:43:22.493698 Delta: Juliett, sending you 4
chatterbot Zulu submitting transactions
chatterbot Delta submitting transactions
chatterbot Tango submitting transactions
chatterbot Alpha submitting transactions
chatterbot Oscar submitting transactions
chatterbot X-ray submitting transactions
chatterbot Foxtrot submitting transactions
chatterbot Juliett submitting transactions
chatterbot Charlie submitting transactions
chatterbot Papa submitting transactions
ChatterBot Foxtrot round 12
ChatterBot Oscar round 12
ChatterBot X-ray round 12
ChatterBot Alpha round 12
ChatterBot Papa round 12
ChatterBot Charlie round 12
ChatterBot Tango round 12
ChatterBot Juliett round 12
ChatterBot Zulu round 12
ChatterBot Delta round 12
2024-10-14 22:43:23.674650 X-ray: Oscar, Charlie and Delta, sending you 2
2024-10-14 22:43:23.680659 X-ray: Alpha, Juliett and Zulu, sending you 3
2024-10-14 22:43:23.683293 Papa: Foxtrot, sending you 7
2024-10-14 22:43:23.683859 Juliett: Oscar, sending you 2
2024-10-14 22:43:23.686535 Alpha: Oscar, Zulu and Delta, sending you 2
2024-10-14 22:43:23.688321 Oscar: X-ray, sending you 1
2024-10-14 22:43:23.690937 Charlie: Oscar, X-ray, Alpha, Juliett and Delta, sending you 3
2024-10-14 22:43:23.693459 Papa: Tango, sending you 8
2024-10-14 22:43:23.693962 Juliett: X-ray, Alpha, Charlie and Delta, sending you 3
2024-10-14 22:43:23.696178 Alpha: X-ray, sending you 4
2024-10-14 22:43:23.699178 Oscar: Alpha, Charlie, Juliett, Zulu and Delta, sending you 2
2024-10-14 22:43:23.701548 Zulu: Oscar, sending you 3
2024-10-14 22:43:23.703889 Charlie: Zulu, sending you 1
2024-10-14 22:43:23.705499 Foxtrot: Papa and Tango, sending you 5
2024-10-14 22:43:23.706642 Delta: Oscar, X-ray, Alpha and Zulu, sending you 2
2024-10-14 22:43:23.708031 Juliett: Zulu, sending you 4
2024-10-14 22:43:23.709946 Tango: Foxtrot, sending you 7
2024-10-14 22:43:23.710353 Alpha: Charlie and Juliett, sending you 3
2024-10-14 22:43:23.712445 Zulu: X-ray and Juliett, sending you 5
2024-10-14 22:43:23.714312 Delta: Charlie, sending you 3
2024-10-14 22:43:23.715784 Tango: Papa, sending you 8
2024-10-14 22:43:23.716665 Zulu: Alpha, Charlie and Delta, sending you 2
2024-10-14 22:43:23.719663 Delta: Juliett, sending you 4
chatterbot Foxtrot submitting transactions
chatterbot Oscar submitting transactions
chatterbot Juliett submitting transactions
chatterbot Tango submitting transactions
chatterbot Charlie submitting transactions
chatterbot Zulu submitting transactions
chatterbot Alpha submitting transactions
chatterbot X-ray submitting transactions
chatterbot Delta submitting transactions
chatterbot Papa submitting transactions
ChatterBot Foxtrot round 13
ChatterBot Oscar round 13
ChatterBot X-ray round 13
ChatterBot Alpha round 13
ChatterBot Papa round 13
ChatterBot Charlie round 13
ChatterBot Tango round 13
ChatterBot Juliett round 13
ChatterBot Zulu round 13
ChatterBot Delta round 13
2024-10-14 22:43:25.228853 Oscar: X-ray, sending you 1
2024-10-14 22:43:25.231728 Zulu: Oscar, sending you 3
2024-10-14 22:43:25.233914 X-ray: Oscar, Charlie and Delta, sending you 2
2024-10-14 22:43:25.235692 Alpha: Oscar, Zulu and Delta, sending you 2
2024-10-14 22:43:25.239101 Charlie: Oscar, X-ray, Alpha, Juliett and Delta, sending you 3
2024-10-14 22:43:25.241973 Oscar: Alpha, Charlie, Juliett, Zulu and Delta, sending you 2
2024-10-14 22:43:25.244952 Papa: Foxtrot, sending you 7
2024-10-14 22:43:25.245697 Zulu: X-ray and Juliett, sending you 5
2024-10-14 22:43:25.248502 X-ray: Alpha, Juliett and Zulu, sending you 3
2024-10-14 22:43:25.250788 Foxtrot: Papa and Tango, sending you 5
2024-10-14 22:43:25.251982 Tango: Foxtrot, sending you 7
2024-10-14 22:43:25.252674 Juliett: Oscar, sending you 2
2024-10-14 22:43:25.256412 Alpha: X-ray, sending you 4
2024-10-14 22:43:25.260196 Delta: Oscar, X-ray, Alpha and Zulu, sending you 2
2024-10-14 22:43:25.262749 Charlie: Zulu, sending you 1
2024-10-14 22:43:25.265424 Papa: Tango, sending you 8
2024-10-14 22:43:25.266402 Zulu: Alpha, Charlie and Delta, sending you 2
2024-10-14 22:43:25.269103 Tango: Papa, sending you 8
2024-10-14 22:43:25.269601 Juliett: X-ray, Alpha, Charlie and Delta, sending you 3
2024-10-14 22:43:25.272331 Alpha: Charlie and Juliett, sending you 3
2024-10-14 22:43:25.274655 Delta: Charlie, sending you 3
2024-10-14 22:43:25.277220 Juliett: Zulu, sending you 4
2024-10-14 22:43:25.313584 Delta: Juliett, sending you 4
chatterbot Tango submitting transactions
chatterbot Zulu submitting transactions
chatterbot Delta submitting transactions
chatterbot Papa submitting transactions
chatterbot Charlie submitting transactions
chatterbot Foxtrot submitting transactions
chatterbot Oscar submitting transactions
chatterbot Alpha submitting transactions
chatterbot Juliett submitting transactions
chatterbot X-ray submitting transactions
ChatterBot Foxtrot round 14
ChatterBot Oscar round 14
ChatterBot X-ray round 14
ChatterBot Alpha round 14
ChatterBot Papa round 14
ChatterBot Charlie round 14
ChatterBot Tango round 14
ChatterBot Juliett round 14
ChatterBot Zulu round 14
ChatterBot Delta round 14
2024-10-14 22:43:26.434792 Foxtrot: We should replace Oscar with Alpha
2024-10-14 22:43:26.447440 Papa: No
2024-10-14 22:43:26.447880 Tango: No
ChatterBot Foxtrot reevaluating
ChatterBot Foxtrot reevaluating
2024-10-14 22:43:26.522747 X-ray: Oscar, Charlie and Delta, sending you 2
2024-10-14 22:43:26.537783 Charlie: Oscar, X-ray, Alpha, Juliett and Delta, sending you 3
2024-10-14 22:43:26.540317 Juliett: Oscar, sending you 2
2024-10-14 22:43:26.543743 Papa: Foxtrot, sending you 7
2024-10-14 22:43:26.544651 X-ray: Alpha, Juliett and Zulu, sending you 3
2024-10-14 22:43:26.547945 Oscar: X-ray, sending you 1
2024-10-14 22:43:26.550453 Alpha: Oscar, Zulu and Delta, sending you 2
2024-10-14 22:43:26.554651 Charlie: Zulu, sending you 1
2024-10-14 22:43:26.557942 Juliett: X-ray, Alpha, Charlie and Delta, sending you 3
2024-10-14 22:43:26.561470 Papa: Tango, sending you 8
2024-10-14 22:43:26.563228 Oscar: Alpha, Charlie, Juliett, Zulu and Delta, sending you 2
2024-10-14 22:43:26.566896 Alpha: X-ray, sending you 4
2024-10-14 22:43:26.570611 Delta: Oscar, X-ray, Alpha and Zulu, sending you 2
2024-10-14 22:43:26.584338 Zulu: Oscar, sending you 3
2024-10-14 22:43:26.589378 Tango: Foxtrot, sending you 7
2024-10-14 22:43:26.591321 Foxtrot: Papa and Tango, sending you 5
2024-10-14 22:43:26.592552 Juliett: Zulu, sending you 4
2024-10-14 22:43:26.598242 Alpha: Charlie and Juliett, sending you 3
2024-10-14 22:43:26.602886 Delta: Charlie, sending you 3
2024-10-14 22:43:26.606929 Zulu: X-ray and Juliett, sending you 5
2024-10-14 22:43:26.610145 Tango: Papa, sending you 8
2024-10-14 22:43:26.611496 Delta: Juliett, sending you 4
2024-10-14 22:43:26.614757 Zulu: Alpha, Charlie and Delta, sending you 2
chatterbot Charlie submitting transactions
chatterbot Papa submitting transactions
chatterbot Juliett submitting transactions
chatterbot Delta submitting transactions
chatterbot X-ray submitting transactions
chatterbot Zulu submitting transactions
chatterbot Foxtrot submitting transactions
chatterbot Alpha submitting transactions
chatterbot Oscar submitting transactions
chatterbot Tango submitting transactions
ChatterBot Foxtrot round 15
ChatterBot Oscar round 15
ChatterBot X-ray round 15
ChatterBot Alpha round 15
ChatterBot Papa round 15
ChatterBot Charlie round 15
ChatterBot Tango round 15
ChatterBot Juliett round 15
ChatterBot Zulu round 15
ChatterBot Delta round 15
2024-10-14 22:43:27.862675 Juliett: Oscar, sending you 2
