ChatterBot Mike round 1
ChatterBot Tango round 1
ChatterBot Uniform round 1
ChatterBot Foxtrot round 1
ChatterBot Kilo round 1
ChatterBot Papa round 1
ChatterBot India round 1
ChatterBot Oscar round 1
ChatterBot Golf round 1
ChatterBot Romeo round 1
randomSelections Uniform: {Uniform, Oscar, Mike, Tango, Papa, Romeo} 
2024-10-15 04:26:30.284660 Uniform: We would work well together
ChatterBot Oscar reevaluating
ChatterBot Mike reevaluating
ChatterBot Tango reevaluating
ChatterBot Papa reevaluating
ChatterBot Romeo reevaluating
2024-10-15 04:26:30.298020 Oscar: Yes
2024-10-15 04:26:30.298278 Mike: Yes
2024-10-15 04:26:30.298416 Tango: Yes
2024-10-15 04:26:30.298565 Papa: Yes
2024-10-15 04:26:30.298789 Romeo: Yes
ChatterBot Mike reevaluating
ChatterBot Tango reevaluating
ChatterBot Papa reevaluating
ChatterBot Romeo reevaluating
ChatterBot Oscar reevaluating
ChatterBot Tango reevaluating
ChatterBot Papa reevaluating
ChatterBot Romeo reevaluating
ChatterBot Oscar reevaluating
ChatterBot Mike reevaluating
ChatterBot Papa reevaluating
ChatterBot Romeo reevaluating
ChatterBot Oscar reevaluating
ChatterBot Mike reevaluating
ChatterBot Tango reevaluating
ChatterBot Romeo reevaluating
ChatterBot Oscar reevaluating
ChatterBot Mike reevaluating
ChatterBot Tango reevaluating
ChatterBot Papa reevaluating
randomSelections Foxtrot: {Foxtrot, Golf, Kilo, Tango, Mike, Uniform} 
2024-10-15 04:26:30.352008 Foxtrot: We should group up
ChatterBot Golf reevaluating
ChatterBot Kilo reevaluating
ChatterBot Tango reevaluating
ChatterBot Mike reevaluating
2024-10-15 04:26:30.362588 Golf: Yes
2024-10-15 04:26:30.362729 Kilo: Yes
2024-10-15 04:26:30.362872 Tango: No
2024-10-15 04:26:30.363122 Mike: No
2024-10-15 04:26:30.364208 Uniform: No
ChatterBot Kilo reevaluating
ChatterBot Tango reevaluating
ChatterBot Mike reevaluating
ChatterBot Golf reevaluating
ChatterBot Tango reevaluating
ChatterBot Mike reevaluating
ChatterBot Golf reevaluating
ChatterBot Kilo reevaluating
ChatterBot Mike reevaluating
ChatterBot Golf reevaluating
ChatterBot Kilo reevaluating
ChatterBot Tango reevaluating
ChatterBot Golf reevaluating
ChatterBot Kilo reevaluating
ChatterBot Tango reevaluating
ChatterBot Mike reevaluating
randomSelections India: {India, Golf, Papa, Uniform, Romeo, Mike} 
2024-10-15 04:26:30.417486 India: Group up?
ChatterBot Golf reevaluating
ChatterBot Papa reevaluating
ChatterBot Romeo reevaluating
ChatterBot Mike reevaluating
2024-10-15 04:26:30.426470 Golf: No
2024-10-15 04:26:30.426888 Papa: No
2024-10-15 04:26:30.427339 Uniform: No
2024-10-15 04:26:30.428748 Romeo: No
2024-10-15 04:26:30.429017 Mike: No
ChatterBot Papa reevaluating
ChatterBot Romeo reevaluating
ChatterBot Mike reevaluating
ChatterBot Golf reevaluating
ChatterBot Romeo reevaluating
ChatterBot Mike reevaluating
ChatterBot Golf reevaluating
ChatterBot Papa reevaluating
ChatterBot Romeo reevaluating
ChatterBot Mike reevaluating
ChatterBot Golf reevaluating
ChatterBot Papa reevaluating
ChatterBot Mike reevaluating
ChatterBot Golf reevaluating
ChatterBot Papa reevaluating
ChatterBot Romeo reevaluating
2024-10-15 04:26:30.488739 Mike: Tango, Oscar and Romeo, sending you 4
2024-10-15 04:26:30.490644 Tango: Mike and Uniform, sending you 2
2024-10-15 04:26:30.492329 Kilo: Mike, Foxtrot and Golf, sending you 4
2024-10-15 04:26:30.493879 Mike: Uniform, sending you 1
2024-10-15 04:26:30.494550 Uniform: Mike, sending you 4
2024-10-15 04:26:30.495840 Foxtrot: Tango, sending you 6
2024-10-15 04:26:30.496481 Tango: Papa, sending you 4
2024-10-15 04:26:30.498135 Oscar: Mike and Tango, sending you 3
2024-10-15 04:26:30.498871 Kilo: Tango, sending you 1
2024-10-15 04:26:30.500670 Mike: Papa, sending you 3
2024-10-15 04:26:30.501219 Uniform: Tango, sending you 7
2024-10-15 04:26:30.503042 Foxtrot: Uniform, sending you 7
2024-10-15 04:26:30.503826 Tango: Romeo, sending you 1
2024-10-15 04:26:30.505327 Oscar: Papa, sending you 7
2024-10-15 04:26:30.506985 India: Mike and Romeo, sending you 3
2024-10-15 04:26:30.507730 Romeo: Mike, Uniform and Oscar, sending you 3
2024-10-15 04:26:30.509037 Uniform: Papa, sending you 5
2024-10-15 04:26:30.509829 Foxtrot: Golf, sending you 4
2024-10-15 04:26:30.511274 Golf: Mike, Uniform and Kilo, sending you 3
2024-10-15 04:26:30.512625 Oscar: Romeo, sending you 1
2024-10-15 04:26:30.513172 India: Uniform and Papa, sending you 1
2024-10-15 04:26:30.513643 Romeo: Tango, sending you 6
2024-10-15 04:26:30.515137 Papa: Mike, sending you 4
2024-10-15 04:26:30.515772 Uniform: Oscar and Romeo, sending you 2
2024-10-15 04:26:30.517433 Golf: Tango, sending you 2
2024-10-15 04:26:30.518061 Romeo: Papa, sending you 2
2024-10-15 04:26:30.519682 India: Golf, sending you 8
2024-10-15 04:26:30.521039 Papa: Tango, sending you 3
2024-10-15 04:26:30.543835 Golf: Foxtrot, sending you 1
2024-10-15 04:26:30.545412 Papa: Uniform and Romeo, sending you 5
2024-10-15 04:26:30.558596 Papa: Oscar, sending you 2
chatterbot Foxtrot submitting transactions
chatterbot Kilo submitting transactions
chatterbot Oscar submitting transactions
chatterbot Uniform submitting transactions
chatterbot Romeo submitting transactions
chatterbot Tango submitting transactions
chatterbot India submitting transactions
chatterbot Mike submitting transactions
chatterbot Golf submitting transactions
chatterbot Papa submitting transactions
ChatterBot Mike round 2
ChatterBot Tango round 2
ChatterBot Uniform round 2
ChatterBot Foxtrot round 2
ChatterBot Kilo round 2
2024-10-15 04:26:31.555897 Kilo: Friends?
ChatterBot Foxtrot reevaluating
ChatterBot India reevaluating
ChatterBot Golf reevaluating
ChatterBot Tango reevaluating
2024-10-15 04:26:31.610236 Foxtrot: No
2024-10-15 04:26:31.610485 India: No
2024-10-15 04:26:31.610695 Golf: No
2024-10-15 04:26:31.610870 Tango: No
ChatterBot Kilo reevaluating
ChatterBot India reevaluating
ChatterBot Golf reevaluating
ChatterBot Tango reevaluating
ChatterBot Kilo reevaluating
ChatterBot Foxtrot reevaluating
ChatterBot Golf reevaluating
ChatterBot Tango reevaluating
ChatterBot Kilo reevaluating
ChatterBot Foxtrot reevaluating
ChatterBot India reevaluating
ChatterBot Tango reevaluating
ChatterBot Kilo reevaluating
ChatterBot Foxtrot reevaluating
ChatterBot India reevaluating
ChatterBot Golf reevaluating
ChatterBot Papa round 2
ChatterBot India round 2
2024-10-15 04:26:31.813472 Mike: We should add India
ChatterBot Uniform reevaluating
ChatterBot Oscar reevaluating
ChatterBot Tango reevaluating
ChatterBot Papa reevaluating
ChatterBot Romeo reevaluating
2024-10-15 04:26:31.874354 Uniform: No
2024-10-15 04:26:31.875109 Oscar: No
2024-10-15 04:26:31.875312 Tango: No
2024-10-15 04:26:31.875490 Papa: Yes
2024-10-15 04:26:31.875668 Romeo: No
ChatterBot Oscar reevaluating
ChatterBot Tango reevaluating
ChatterBot Papa reevaluating
ChatterBot Romeo reevaluating
ChatterBot Uniform reevaluating
ChatterBot Mike reevaluating
ChatterBot Tango reevaluating
ChatterBot Papa reevaluating
ChatterBot Romeo reevaluating
ChatterBot Uniform reevaluating
ChatterBot Oscar reevaluating
ChatterBot Mike reevaluating
ChatterBot Papa reevaluating
ChatterBot Romeo reevaluating
ChatterBot Uniform reevaluating
ChatterBot Oscar reevaluating
ChatterBot Mike reevaluating
ChatterBot Tango reevaluating
ChatterBot Romeo reevaluating
ChatterBot Uniform reevaluating
ChatterBot Oscar reevaluating
ChatterBot Mike reevaluating
ChatterBot Tango reevaluating
ChatterBot Papa reevaluating
ChatterBot Oscar round 2
ChatterBot Golf round 2
ChatterBot Romeo round 2
2024-10-15 04:26:32.183875 India: Group up?
ChatterBot Kilo reevaluating
ChatterBot Foxtrot reevaluating
ChatterBot Golf reevaluating
ChatterBot Tango reevaluating
2024-10-15 04:26:32.206597 Kilo: Yes
2024-10-15 04:26:32.206901 Foxtrot: No
2024-10-15 04:26:32.207096 Golf: No
2024-10-15 04:26:32.207271 Tango: Yes
ChatterBot Foxtrot reevaluating
ChatterBot India reevaluating
ChatterBot Golf reevaluating
ChatterBot Tango reevaluating
ChatterBot Kilo reevaluating
ChatterBot India reevaluating
ChatterBot Golf reevaluating
ChatterBot Tango reevaluating
ChatterBot Kilo reevaluating
ChatterBot Foxtrot reevaluating
ChatterBot India reevaluating
ChatterBot Tango reevaluating
ChatterBot Kilo reevaluating
ChatterBot Foxtrot reevaluating
ChatterBot India reevaluating
ChatterBot Golf reevaluating
2024-10-15 04:26:32.314048 Golf: Friends?
ChatterBot Kilo reevaluating
2024-10-15 04:26:32.333480 Kilo: Yes
2024-10-15 04:26:32.333717 Foxtrot: No
2024-10-15 04:26:32.334308 India: Yes
2024-10-15 04:26:32.334454 Tango: Yes
ChatterBot Golf reevaluating
ChatterBot Kilo reevaluating
ChatterBot Golf reevaluating
ChatterBot Kilo reevaluating
ChatterBot Golf reevaluating
ChatterBot Kilo reevaluating
ChatterBot Golf reevaluating
2024-10-15 04:26:32.422156 Romeo: We should add India
ChatterBot Uniform reevaluating
ChatterBot Mike reevaluating
2024-10-15 04:26:32.447025 Uniform: No
2024-10-15 04:26:32.447302 Oscar: No
2024-10-15 04:26:32.448267 Mike: No
2024-10-15 04:26:32.448457 Tango: Yes
2024-10-15 04:26:32.448636 Papa: Yes
ChatterBot Mike reevaluating
ChatterBot Uniform reevaluating
ChatterBot Mike reevaluating
ChatterBot Uniform reevaluating
ChatterBot Papa reevaluating
ChatterBot Romeo reevaluating
ChatterBot Uniform reevaluating
ChatterBot Mike reevaluating
ChatterBot Papa reevaluating
ChatterBot Romeo reevaluating
ChatterBot Uniform reevaluating
ChatterBot Oscar reevaluating
ChatterBot Mike reevaluating
ChatterBot Romeo reevaluating
2024-10-15 04:26:33.834378 Uniform: Foxtrot we want you to join our group
2024-10-15 04:26:33.838038 Foxtrot: No
ChatterBot Papa reevaluating
ChatterBot Oscar reevaluating
2024-10-15 04:26:33.858076 Romeo: India we want you to join our group
2024-10-15 04:26:33.861311 India: No
ChatterBot Papa reevaluating
ChatterBot Oscar reevaluating
chatterbot Foxtrot submitting transactions
chatterbot Tango submitting transactions
chatterbot India submitting transactions
2024-10-15 04:26:33.881264 Mike: India we want you to join our group
2024-10-15 04:26:33.884610 India: No
ChatterBot Uniform reevaluating
ChatterBot Papa reevaluating
ChatterBot Oscar reevaluating
2024-10-15 04:26:33.905740 Golf: Foxtrot and Kilo, sending you 3
2024-10-15 04:26:33.906508 India: Tango, Kilo and Golf, sending you 4
2024-10-15 04:26:33.906763 Kilo: Golf, sending you 13
2024-10-15 04:26:33.906998 Tango: Mike, Papa and Oscar, sending you 1
2024-10-15 04:26:33.907339 Foxtrot: Kilo, sending you 9
2024-10-15 04:26:34.335165 Papa: India we want you to join our group
2024-10-15 04:26:34.339120 India: No
ChatterBot Uniform reevaluating
ChatterBot Papa reevaluating
ChatterBot Oscar reevaluating
2024-10-15 04:26:34.360507 Golf: India, sending you 6
2024-10-15 04:26:34.361476 Tango: Uniform, Foxtrot and Romeo, sending you 2
2024-10-15 04:26:34.361840 India: Foxtrot, sending you 5
2024-10-15 04:26:34.362043 Foxtrot: India, sending you 3
chatterbot Mike submitting transactions
2024-10-15 04:26:34.691959 Mike: Tango, sending you 1
2024-10-15 04:26:34.693061 Romeo: Mike, sending you 4
2024-10-15 04:26:34.693644 Foxtrot: Golf, sending you 5
chatterbot Kilo submitting transactions
chatterbot Uniform submitting transactions
chatterbot Golf submitting transactions
chatterbot Romeo submitting transactions
2024-10-15 04:26:34.849409 Romeo: Tango and Oscar, sending you 1
2024-10-15 04:26:34.850462 Mike: Uniform, Papa, India, Oscar and Romeo, sending you 3
chatterbot Oscar submitting transactions
2024-10-15 04:26:34.914209 Romeo: Uniform, sending you 2
2024-10-15 04:26:34.915104 Oscar: Mike, sending you 5
2024-10-15 04:26:34.916329 Uniform: Mike, sending you 2
2024-10-15 04:26:34.954404 Romeo: Papa, sending you 6
2024-10-15 04:26:34.955275 Oscar: Uniform, sending you 3
2024-10-15 04:26:34.956859 Uniform: Tango, sending you 4
2024-10-15 04:26:34.958290 Papa: Mike, Tango and Romeo, sending you 3
2024-10-15 04:26:34.959019 Romeo: India, sending you 3
2024-10-15 04:26:34.997227 Oscar: Papa, sending you 2
2024-10-15 04:26:34.998685 Uniform: Papa, sending you 9
2024-10-15 04:26:34.999270 Papa: Uniform and Oscar, sending you 4
2024-10-15 04:26:35.016252 Uniform: Romeo, sending you 5
2024-10-15 04:26:35.017789 Oscar: Romeo, sending you 4
2024-10-15 04:26:35.018221 Papa: India, sending you 2
chatterbot Uniform submitting transactions
chatterbot Papa submitting transactions
ChatterBot Mike round 3
ChatterBot Tango round 3
ChatterBot Uniform round 3
ChatterBot Foxtrot round 3
ChatterBot Kilo round 3
ChatterBot Papa round 3
ChatterBot India round 3
ChatterBot Oscar round 3
ChatterBot Golf round 3
ChatterBot Romeo round 3
2024-10-15 04:26:37.231842 Foxtrot: We should add Tango
2024-10-15 04:26:37.246494 Kilo: Yes
2024-10-15 04:26:37.246852 India: Yes
2024-10-15 04:26:37.247933 Golf: No
ChatterBot Golf reevaluating
ChatterBot Golf reevaluating
ChatterBot Foxtrot reevaluating
2024-10-15 04:26:37.319707 Mike: We should drop India
2024-10-15 04:26:37.342979 Uniform: Yes
2024-10-15 04:26:37.343375 Oscar: Yes
2024-10-15 04:26:37.343674 Tango: No
2024-10-15 04:26:37.343958 Papa: No
2024-10-15 04:26:37.344727 Romeo: No
ChatterBot Papa reevaluating
ChatterBot Papa reevaluating
ChatterBot Romeo reevaluating
ChatterBot Papa reevaluating
ChatterBot Romeo reevaluating
ChatterBot Romeo reevaluating
ChatterBot Papa reevaluating
2024-10-15 04:26:37.499681 Mike: Tango, sending you 1
2024-10-15 04:26:37.500637 Golf: Tango, sending you 1
2024-10-15 04:26:37.502003 India: Tango, sending you 1
2024-10-15 04:26:37.503314 Oscar: Mike, sending you 5
2024-10-15 04:26:37.504087 Uniform: Mike, Tango and Romeo, sending you 4
2024-10-15 04:26:37.505404 Tango: Mike, Foxtrot, Papa, India, Oscar and Romeo, sending you 1
2024-10-15 04:26:37.506540 Kilo: Foxtrot, sending you 6
2024-10-15 04:26:37.507889 Mike: Uniform, sending you 3
2024-10-15 04:26:37.508783 India: Foxtrot, sending you 5
2024-10-15 04:26:37.510311 Golf: Foxtrot and India, sending you 3
2024-10-15 04:26:37.510785 Oscar: Tango and Uniform, sending you 1
2024-10-15 04:26:37.512417 Uniform: Papa, sending you 7
2024-10-15 04:26:37.513712 Tango: Uniform, sending you 3
2024-10-15 04:26:37.515008 Papa: Mike, Tango, Oscar and Romeo, sending you 3
2024-10-15 04:26:37.516560 Romeo: Mike, Uniform and Papa, sending you 4
2024-10-15 04:26:37.517485 Mike: Papa, Oscar and Romeo, sending you 4
2024-10-15 04:26:37.519277 Kilo: India, sending you 3
2024-10-15 04:26:37.520763 India: Kilo, sending you 2
2024-10-15 04:26:37.521701 Golf: Kilo, sending you 5
2024-10-15 04:26:37.522798 Oscar: Papa, sending you 4
2024-10-15 04:26:37.523823 Uniform: Oscar, sending you 1
2024-10-15 04:26:37.525288 Papa: Uniform, sending you 5
2024-10-15 04:26:37.526542 Foxtrot: Kilo, sending you 5
2024-10-15 04:26:37.527173 Romeo: Tango, sending you 2
2024-10-15 04:26:37.528703 Kilo: Golf, sending you 4
2024-10-15 04:26:37.529514 India: Golf, sending you 10
2024-10-15 04:26:37.531211 Oscar: Romeo, sending you 3
2024-10-15 04:26:37.532675 Papa: India, sending you 2
2024-10-15 04:26:37.533644 Foxtrot: India and Golf, sending you 6
2024-10-15 04:26:37.534799 Romeo: Oscar, sending you 3
chatterbot Tango submitting transactions
chatterbot Foxtrot submitting transactions
chatterbot Uniform submitting transactions
chatterbot Mike submitting transactions
chatterbot Kilo submitting transactions
chatterbot India submitting transactions
chatterbot Golf submitting transactions
chatterbot Oscar submitting transactions
chatterbot Romeo submitting transactions
chatterbot Papa submitting transactions
ChatterBot Mike round 4
ChatterBot Tango round 4
ChatterBot Uniform round 4
ChatterBot Foxtrot round 4
ChatterBot Kilo round 4
ChatterBot Papa round 4
ChatterBot India round 4
ChatterBot Oscar round 4
ChatterBot Golf round 4
ChatterBot Romeo round 4
2024-10-15 04:26:38.963683 Uniform: Mike, Tango and Romeo, sending you 4
2024-10-15 04:26:38.966702 Uniform: Papa, sending you 7
2024-10-15 04:26:38.969750 Papa: Mike, Tango, Oscar and Romeo, sending you 3
2024-10-15 04:26:38.972681 Uniform: Oscar, sending you 1
2024-10-15 04:26:38.973190 India: Tango, sending you 2
2024-10-15 04:26:38.974306 Foxtrot: Kilo and India, sending you 6
2024-10-15 04:26:38.974699 Papa: Uniform, sending you 5
2024-10-15 04:26:38.975104 Mike: Tango, sending you 2
2024-10-15 04:26:38.976168 Romeo: Mike, Uniform and Papa, sending you 4
2024-10-15 04:26:38.976658 Tango: Mike, Foxtrot, India, Oscar and Romeo, sending you 1
2024-10-15 04:26:38.977098 Kilo: Foxtrot, sending you 5
2024-10-15 04:26:38.977488 India: Foxtrot, sending you 6
2024-10-15 04:26:38.978507 Golf: Tango, sending you 1
2024-10-15 04:26:38.978932 Foxtrot: Golf, sending you 5
2024-10-15 04:26:38.979235 Papa: India, sending you 2
2024-10-15 04:26:38.979638 Romeo: Tango, sending you 2
2024-10-15 04:26:38.980698 Mike: Uniform and Papa, sending you 3
2024-10-15 04:26:38.981163 Tango: Uniform and Papa, sending you 2
2024-10-15 04:26:38.981596 Kilo: India, sending you 2
2024-10-15 04:26:38.982424 Oscar: Mike, sending you 5
2024-10-15 04:26:38.982930 India: Kilo, sending you 3
2024-10-15 04:26:38.983690 Golf: Foxtrot, sending you 3
2024-10-15 04:26:38.984754 Mike: Oscar and Romeo, sending you 4
2024-10-15 04:26:38.985477 Kilo: Golf, sending you 6
2024-10-15 04:26:38.986476 Romeo: Oscar, sending you 3
2024-10-15 04:26:38.987333 India: Golf, sending you 7
2024-10-15 04:26:38.988765 Oscar: Tango and Uniform, sending you 1
2024-10-15 04:26:38.989465 Golf: Kilo and India, sending you 4
2024-10-15 04:26:38.993688 Oscar: Papa, sending you 4
2024-10-15 04:26:38.999685 Oscar: Romeo, sending you 3
chatterbot Uniform submitting transactions
chatterbot Romeo submitting transactions
chatterbot India submitting transactions
chatterbot Golf submitting transactions
chatterbot Mike submitting transactions
chatterbot Foxtrot submitting transactions
chatterbot Papa submitting transactions
chatterbot Kilo submitting transactions
chatterbot Tango submitting transactions
chatterbot Oscar submitting transactions
ChatterBot Mike round 5
ChatterBot Tango round 5
ChatterBot Uniform round 5
ChatterBot Foxtrot round 5
ChatterBot Kilo round 5
ChatterBot Papa round 5
ChatterBot India round 5
ChatterBot Oscar round 5
ChatterBot Golf round 5
ChatterBot Romeo round 5
2024-10-15 04:26:40.210839 Foxtrot: We should add Tango
2024-10-15 04:26:40.222390 Kilo: Yes
2024-10-15 04:26:40.222669 India: Yes
2024-10-15 04:26:40.222852 Golf: Yes
2024-10-15 04:26:40.264004 Foxtrot: Tango we want you to join our group
2024-10-15 04:26:40.267987 Tango: No
2024-10-15 04:26:40.280669 Tango: Mike and Oscar, sending you 1
2024-10-15 04:26:40.281941 Uniform: Mike, Tango and Romeo, sending you 4
2024-10-15 04:26:40.283768 Mike: Tango, sending you 1
2024-10-15 04:26:40.285697 Tango: Uniform, sending you 3
2024-10-15 04:26:40.287508 Uniform: Papa, sending you 7
2024-10-15 04:26:40.288755 Mike: Uniform and Papa, sending you 3
2024-10-15 04:26:40.289848 Romeo: Mike, Uniform and Papa, sending you 4
2024-10-15 04:26:40.291582 Oscar: Mike, sending you 5
2024-10-15 04:26:40.292406 Tango: Papa and Romeo, sending you 2
2024-10-15 04:26:40.293059 Uniform: Oscar, sending you 1
2024-10-15 04:26:40.293627 Mike: Oscar, sending you 5
2024-10-15 04:26:40.294744 Romeo: Tango, sending you 2
2024-10-15 04:26:40.295123 Papa: Mike, Tango, Oscar and Romeo, sending you 3
2024-10-15 04:26:40.295469 Golf: Tango, sending you 1
2024-10-15 04:26:40.295810 Foxtrot: Tango, sending you 3
2024-10-15 04:26:40.296121 Oscar: Tango and Uniform, sending you 1
2024-10-15 04:26:40.297806 Papa: Uniform, sending you 5
2024-10-15 04:26:40.298655 Mike: Romeo, sending you 4
2024-10-15 04:26:40.299129 Romeo: Oscar, sending you 3
2024-10-15 04:26:40.299509 Foxtrot: Kilo and India, sending you 5
2024-10-15 04:26:40.299841 Golf: Foxtrot, sending you 3
2024-10-15 04:26:40.300124 Oscar: Papa, sending you 4
2024-10-15 04:26:40.301187 Kilo: Foxtrot and Golf, sending you 5
2024-10-15 04:26:40.301736 India: Tango and Kilo, sending you 3
2024-10-15 04:26:40.302234 Papa: India, sending you 2
2024-10-15 04:26:40.303652 Oscar: Romeo, sending you 3
2024-10-15 04:26:40.305249 Foxtrot: Golf, sending you 4
2024-10-15 04:26:40.305633 Golf: Kilo and India, sending you 4
2024-10-15 04:26:40.305990 Kilo: India, sending you 3
2024-10-15 04:26:40.306694 India: Foxtrot and Golf, sending you 6
chatterbot India submitting transactions
chatterbot Oscar submitting transactions
chatterbot Tango submitting transactions
chatterbot Kilo submitting transactions
chatterbot Foxtrot submitting transactions
chatterbot Uniform submitting transactions
chatterbot Romeo submitting transactions
chatterbot Mike submitting transactions
chatterbot Golf submitting transactions
chatterbot Papa submitting transactions
ChatterBot Mike round 6
ChatterBot Tango round 6
ChatterBot Uniform round 6
ChatterBot Foxtrot round 6
ChatterBot Kilo round 6
ChatterBot Papa round 6
ChatterBot India round 6
ChatterBot Oscar round 6
ChatterBot Golf round 6
ChatterBot Romeo round 6
2024-10-15 04:26:41.541813 Romeo: We should drop India
ChatterBot Papa reevaluating
2024-10-15 04:26:41.558565 Uniform: Yes
2024-10-15 04:26:41.559298 Oscar: Yes
2024-10-15 04:26:41.559476 Mike: Yes
2024-10-15 04:26:41.559662 Tango: Yes
2024-10-15 04:26:41.559833 Papa: Yes
ChatterBot Papa reevaluating
ChatterBot Romeo reevaluating
ChatterBot Papa reevaluating
ChatterBot Romeo reevaluating
ChatterBot Tango reevaluating
ChatterBot Papa reevaluating
ChatterBot Romeo reevaluating
ChatterBot Papa reevaluating
ChatterBot Romeo reevaluating
ChatterBot Tango reevaluating
ChatterBot Romeo reevaluating
2024-10-15 04:26:41.631757 Golf: We should drop Tango
2024-10-15 04:26:41.639150 Foxtrot: No
2024-10-15 04:26:41.639294 Kilo: No
2024-10-15 04:26:41.639398 India: No
ChatterBot Foxtrot reevaluating
ChatterBot Golf reevaluating
ChatterBot Foxtrot reevaluating
ChatterBot Golf reevaluating
2024-10-15 04:26:41.664759 Uniform: Mike, Tango and Romeo, sending you 4
2024-10-15 04:26:41.666697 Mike: Tango, sending you 1
2024-10-15 04:26:41.667699 Kilo: Foxtrot and Golf, sending you 5
2024-10-15 04:26:41.668248 India: Tango, sending you 2
2024-10-15 04:26:41.668769 Uniform: Papa, sending you 7
2024-10-15 04:26:41.670236 Oscar: Mike, sending you 5
2024-10-15 04:26:41.670971 Mike: Uniform and Papa, sending you 3
2024-10-15 04:26:41.671700 India: Foxtrot and Golf, sending you 6
2024-10-15 04:26:41.673261 Kilo: India, sending you 3
2024-10-15 04:26:41.673681 Uniform: Oscar, sending you 1
2024-10-15 04:26:41.674435 Oscar: Tango and Uniform, sending you 1
2024-10-15 04:26:41.675399 Mike: Oscar, sending you 5
2024-10-15 04:26:41.676645 India: Kilo, sending you 4
2024-10-15 04:26:41.678684 Oscar: Papa, sending you 4
2024-10-15 04:26:41.679751 Mike: Romeo, sending you 4
2024-10-15 04:26:41.680693 Romeo: Mike, Uniform and Papa, sending you 4
2024-10-15 04:26:41.684678 Oscar: Romeo, sending you 3
2024-10-15 04:26:41.685716 Romeo: Tango, sending you 2
2024-10-15 04:26:41.686388 Papa: Mike, Oscar and Romeo, sending you 4
2024-10-15 04:26:41.689657 Papa: Tango, sending you 2
2024-10-15 04:26:41.690681 Romeo: Oscar, sending you 3
2024-10-15 04:26:41.694664 Papa: Uniform, sending you 5
2024-10-15 04:26:41.696173 Foxtrot: Tango, sending you 3
2024-10-15 04:26:41.696887 Golf: Foxtrot, sending you 3
2024-10-15 04:26:41.701653 Foxtrot: Kilo and India, sending you 5
2024-10-15 04:26:41.702412 Golf: Kilo, sending you 4
2024-10-15 04:26:41.705665 Foxtrot: Golf, sending you 4
2024-10-15 04:26:41.706699 Golf: India, sending you 5
chatterbot Papa submitting transactions
chatterbot Mike submitting transactions
chatterbot Tango submitting transactions
chatterbot Uniform submitting transactions
chatterbot India submitting transactions
chatterbot Kilo submitting transactions
chatterbot Oscar submitting transactions
chatterbot Romeo submitting transactions
chatterbot Foxtrot submitting transactions
chatterbot Golf submitting transactions
ChatterBot Mike round 7
ChatterBot Tango round 7
ChatterBot Uniform round 7
ChatterBot Foxtrot round 7
ChatterBot Kilo round 7
ChatterBot Papa round 7
ChatterBot India round 7
ChatterBot Oscar round 7
ChatterBot Golf round 7
ChatterBot Romeo round 7
2024-10-15 04:26:42.846479 Tango: We should drop Golf
2024-10-15 04:26:42.864932 Uniform: Yes
2024-10-15 04:26:42.865231 Oscar: Yes
2024-10-15 04:26:42.865441 Mike: Yes
2024-10-15 04:26:42.865644 Papa: Yes
2024-10-15 04:26:42.866174 Romeo: Yes
ChatterBot Tango reevaluating
ChatterBot Papa reevaluating
ChatterBot Tango reevaluating
ChatterBot Papa reevaluating
ChatterBot Tango reevaluating
ChatterBot Papa reevaluating
ChatterBot Tango reevaluating
ChatterBot Tango reevaluating
ChatterBot Papa reevaluating
2024-10-15 04:26:42.976071 Uniform: Mike, Tango and Romeo, sending you 4
2024-10-15 04:26:42.978667 Foxtrot: Tango, sending you 3
2024-10-15 04:26:42.980028 Papa: Kilo we want you to join our group
2024-10-15 04:26:42.986502 Kilo: No
ChatterBot Papa reevaluating
ChatterBot Tango reevaluating
2024-10-15 04:26:43.017500 Papa: We should add Foxtrot
ChatterBot Tango reevaluating
2024-10-15 04:26:43.043015 Uniform: No
2024-10-15 04:26:43.043217 Oscar: No
2024-10-15 04:26:43.043471 Mike: No
2024-10-15 04:26:43.043654 Tango: Yes
2024-10-15 04:26:43.043854 Romeo: No
ChatterBot Tango reevaluating
ChatterBot Papa reevaluating
ChatterBot Tango reevaluating
ChatterBot Papa reevaluating
ChatterBot Tango reevaluating
ChatterBot Papa reevaluating
ChatterBot Papa reevaluating
ChatterBot Tango reevaluating
ChatterBot Papa reevaluating
2024-10-15 04:26:43.130719 Uniform: Papa, sending you 7
2024-10-15 04:26:43.131905 Foxtrot: Kilo and India, sending you 5
2024-10-15 04:26:43.133841 Romeo: Mike, Uniform and Papa, sending you 4
2024-10-15 04:26:43.134817 Uniform: Oscar, sending you 1
2024-10-15 04:26:43.136132 India: Tango, sending you 1
2024-10-15 04:26:43.136659 Foxtrot: Golf, sending you 4
2024-10-15 04:26:43.137372 Kilo: Foxtrot and Golf, sending you 5
2024-10-15 04:26:43.138027 Oscar: Mike, sending you 5
2024-10-15 04:26:43.139227 Mike: Tango, sending you 1
2024-10-15 04:26:43.140222 Golf: Tango, sending you 1
2024-10-15 04:26:43.141313 Romeo: Tango, sending you 2
2024-10-15 04:26:43.142098 India: Foxtrot, sending you 6
2024-10-15 04:26:43.143491 Kilo: India, sending you 3
2024-10-15 04:26:43.143988 Oscar: Tango and Uniform, sending you 1
2024-10-15 04:26:43.144960 Mike: Uniform and Papa, sending you 3
2024-10-15 04:26:43.146350 Golf: Foxtrot, sending you 3
2024-10-15 04:26:43.146885 Romeo: Oscar, sending you 3
2024-10-15 04:26:43.148479 India: Kilo, sending you 4
2024-10-15 04:26:43.148983 Oscar: Papa, sending you 4
2024-10-15 04:26:43.150196 Mike: Oscar, sending you 5
2024-10-15 04:26:43.151938 Golf: Kilo and India, sending you 4
2024-10-15 04:26:43.152887 India: Golf, sending you 7
2024-10-15 04:26:43.154388 Oscar: Romeo, sending you 3
2024-10-15 04:26:43.155428 Papa: Mike, Oscar and Romeo, sending you 4
2024-10-15 04:26:43.156894 Mike: Romeo, sending you 4
2024-10-15 04:26:43.161654 Papa: Tango, sending you 2
2024-10-15 04:26:43.167672 Papa: Uniform, sending you 5
chatterbot Foxtrot submitting transactions
chatterbot Mike submitting transactions
chatterbot Tango submitting transactions
chatterbot Romeo submitting transactions
chatterbot Golf submitting transactions
chatterbot Uniform submitting transactions
chatterbot Papa submitting transactions
chatterbot Oscar submitting transactions
chatterbot India submitting transactions
chatterbot Kilo submitting transactions
ChatterBot Mike round 8
ChatterBot Tango round 8
ChatterBot Uniform round 8
ChatterBot Foxtrot round 8
ChatterBot Kilo round 8
ChatterBot Papa round 8
ChatterBot India round 8
ChatterBot Oscar round 8
ChatterBot Golf round 8
ChatterBot Romeo round 8
2024-10-15 04:26:44.118012 Tango: We should drop Golf
2024-10-15 04:26:44.134260 Uniform: Yes
2024-10-15 04:26:44.134486 Oscar: Yes
2024-10-15 04:26:44.134811 Mike: Yes
2024-10-15 04:26:44.135815 Papa: Yes
2024-10-15 04:26:44.136229 Romeo: Yes
ChatterBot Tango reevaluating
ChatterBot Tango reevaluating
2024-10-15 04:26:44.221666 Foxtrot: Kilo and India, sending you 6
2024-10-15 04:26:44.222787 Uniform: Mike, Tango and Romeo, sending you 4
2024-10-15 04:26:44.223749 Mike: Tango, sending you 1
2024-10-15 04:26:44.226668 Foxtrot: Golf, sending you 5
2024-10-15 04:26:44.227950 Uniform: Papa, sending you 7
2024-10-15 04:26:44.229374 Golf: Tango, sending you 1
2024-10-15 04:26:44.230752 Mike: Uniform, sending you 3
2024-10-15 04:26:44.232657 Uniform: Oscar, sending you 1
2024-10-15 04:26:44.234674 Golf: Foxtrot, sending you 3
2024-10-15 04:26:44.235425 Mike: Papa, Oscar and Romeo, sending you 4
2024-10-15 04:26:44.237033 India: Tango, sending you 2
2024-10-15 04:26:44.237959 Papa: Mike, Oscar and Romeo, sending you 4
2024-10-15 04:26:44.239715 Kilo: Foxtrot and Golf, sending you 5
2024-10-15 04:26:44.240624 Oscar: Mike, sending you 5
2024-10-15 04:26:44.242633 Golf: Kilo and India, sending you 4
2024-10-15 04:26:44.243897 India: Foxtrot, sending you 6
2024-10-15 04:26:44.245372 Papa: Tango, sending you 2
2024-10-15 04:26:44.246666 Kilo: India, sending you 3
2024-10-15 04:26:44.248358 Romeo: Mike, Uniform and Papa, sending you 4
2024-10-15 04:26:44.250303 Oscar: Tango and Uniform, sending you 1
2024-10-15 04:26:44.251958 India: Kilo, sending you 4
2024-10-15 04:26:44.253474 Papa: Uniform, sending you 5
2024-10-15 04:26:44.255544 Romeo: Tango, sending you 2
2024-10-15 04:26:44.257069 Oscar: Papa, sending you 4
2024-10-15 04:26:44.259156 India: Golf, sending you 7
2024-10-15 04:26:44.261702 Romeo: Oscar, sending you 3
2024-10-15 04:26:44.263497 Oscar: Romeo, sending you 3
chatterbot Kilo submitting transactions
chatterbot Romeo submitting transactions
chatterbot Golf submitting transactions
chatterbot Foxtrot submitting transactions
chatterbot Papa submitting transactions
chatterbot Uniform submitting transactions
chatterbot Oscar submitting transactions
chatterbot Mike submitting transactions
chatterbot Tango submitting transactions
chatterbot India submitting transactions
ChatterBot Mike round 9
ChatterBot Tango round 9
ChatterBot Uniform round 9
ChatterBot Foxtrot round 9
ChatterBot Kilo round 9
ChatterBot Papa round 9
ChatterBot India round 9
2024-10-15 04:26:45.361289 Foxtrot: We should add Tango
2024-10-15 04:26:45.372136 Kilo: Yes
2024-10-15 04:26:45.372330 India: Yes
2024-10-15 04:26:45.372484 Golf: Yes
ChatterBot Oscar round 9
ChatterBot Golf round 9
ChatterBot Romeo round 9
2024-10-15 04:26:45.418220 Foxtrot: Tango we want you to join our group
ChatterBot Tango reevaluating
2024-10-15 04:26:45.422170 Tango: Yes
2024-10-15 04:26:45.433619 Tango: Let's form a team
2024-10-15 04:26:45.445289 Kilo: Yes
2024-10-15 04:26:45.445442 Foxtrot: Yes
2024-10-15 04:26:45.445539 India: Yes
2024-10-15 04:26:45.445651 Golf: Yes
ChatterBot Tango reevaluating
ChatterBot Tango reevaluating
ChatterBot Tango reevaluating
ChatterBot Tango reevaluating
2024-10-15 04:26:45.519698 Papa: Mike, Oscar and Romeo, sending you 4
2024-10-15 04:26:45.521690 Mike: Tango, sending you 1
2024-10-15 04:26:45.526689 Papa: Tango, sending you 2
2024-10-15 04:26:45.528269 Mike: Uniform, sending you 3
2024-10-15 04:26:45.529343 India: Tango, sending you 2
2024-10-15 04:26:45.530778 Uniform: Mike and Tango, sending you 4
2024-10-15 04:26:45.532700 Papa: Uniform, sending you 5
2024-10-15 04:26:45.534311 Mike: Papa, Oscar and Romeo, sending you 4
2024-10-15 04:26:45.535048 India: Foxtrot, sending you 6
2024-10-15 04:26:45.536136 Foxtrot: Tango, sending you 3
2024-10-15 04:26:45.536666 Uniform: Papa, sending you 6
2024-10-15 04:26:45.538387 Oscar: Mike, sending you 5
2024-10-15 04:26:45.539233 Kilo: Foxtrot and Golf, sending you 5
2024-10-15 04:26:45.539852 India: Kilo, sending you 4
2024-10-15 04:26:45.540889 Foxtrot: Kilo and India, sending you 5
2024-10-15 04:26:45.541392 Romeo: Mike, Uniform and Papa, sending you 4
2024-10-15 04:26:45.542195 Uniform: Oscar, sending you 1
2024-10-15 04:26:45.544072 Oscar: Tango and Uniform, sending you 1
2024-10-15 04:26:45.545640 India: Golf, sending you 7
2024-10-15 04:26:45.546138 Kilo: India, sending you 3
2024-10-15 04:26:45.546945 Foxtrot: Golf, sending you 4
2024-10-15 04:26:45.548417 Romeo: Tango, sending you 2
2024-10-15 04:26:45.550427 Uniform: Romeo, sending you 5
2024-10-15 04:26:45.553014 Oscar: Papa, sending you 4
2024-10-15 04:26:45.555467 Golf: Tango, sending you 1
2024-10-15 04:26:45.557206 Romeo: Oscar, sending you 3
2024-10-15 04:26:45.559714 Oscar: Romeo, sending you 3
2024-10-15 04:26:45.562110 Golf: Foxtrot, sending you 3
2024-10-15 04:26:45.567675 Golf: Kilo and India, sending you 4
chatterbot India submitting transactions
chatterbot Oscar submitting transactions
chatterbot Mike submitting transactions
chatterbot Papa submitting transactions
chatterbot Kilo submitting transactions
chatterbot Foxtrot submitting transactions
chatterbot Tango submitting transactions
chatterbot Golf submitting transactions
chatterbot Uniform submitting transactions
chatterbot Romeo submitting transactions
ChatterBot Mike round 10
ChatterBot Tango round 10
ChatterBot Uniform round 10
ChatterBot Foxtrot round 10
ChatterBot Kilo round 10
ChatterBot Papa round 10
ChatterBot India round 10
ChatterBot Oscar round 10
ChatterBot Golf round 10
ChatterBot Romeo round 10
2024-10-15 04:26:46.549047 Papa: We should add Kilo
ChatterBot Uniform reevaluating
ChatterBot Tango reevaluating
2024-10-15 04:26:46.569027 Uniform: No
2024-10-15 04:26:46.569324 Oscar: No
2024-10-15 04:26:46.569591 Mike: No
2024-10-15 04:26:46.569937 Tango: Yes
2024-10-15 04:26:46.570187 Romeo: No
ChatterBot Tango reevaluating
ChatterBot Papa reevaluating
ChatterBot Uniform reevaluating
ChatterBot Tango reevaluating
ChatterBot Papa reevaluating
ChatterBot Uniform reevaluating
ChatterBot Tango reevaluating
ChatterBot Papa reevaluating
ChatterBot Uniform reevaluating
ChatterBot Papa reevaluating
ChatterBot Uniform reevaluating
ChatterBot Tango reevaluating
ChatterBot Papa reevaluating
2024-10-15 04:26:46.695670 Kilo: Foxtrot and Golf, sending you 5
2024-10-15 04:26:46.698119 Mike: Tango, sending you 1
2024-10-15 04:26:46.701128 Foxtrot: Tango, sending you 3
2024-10-15 04:26:46.702846 Kilo: India, sending you 3
2024-10-15 04:26:46.705123 Oscar: Mike, sending you 5
2024-10-15 04:26:46.708403 Mike: Uniform, sending you 3
2024-10-15 04:26:46.711210 Foxtrot: Kilo and India, sending you 5
2024-10-15 04:26:46.713118 Romeo: Mike, Uniform and Papa, sending you 4
2024-10-15 04:26:46.715556 India: Tango, sending you 3
2024-10-15 04:26:46.716743 Golf: Tango, sending you 1
2024-10-15 04:26:46.718629 Oscar: Tango and Uniform, sending you 1
2024-10-15 04:26:46.721308 Uniform: Mike, sending you 4
2024-10-15 04:26:46.722806 Mike: Papa, Oscar and Romeo, sending you 4
2024-10-15 04:26:46.725669 Foxtrot: Golf, sending you 4
2024-10-15 04:26:46.727066 Romeo: Tango, sending you 2
2024-10-15 04:26:46.730060 Papa: Mike, Oscar and Romeo, sending you 4
2024-10-15 04:26:46.732819 India: Foxtrot and Golf, sending you 6
2024-10-15 04:26:46.733752 Golf: Foxtrot, sending you 3
2024-10-15 04:26:46.735723 Oscar: Papa, sending you 4
2024-10-15 04:26:46.737712 Uniform: Tango, sending you 3
2024-10-15 04:26:46.741075 Romeo: Oscar, sending you 3
2024-10-15 04:26:46.743737 Papa: Tango, sending you 2
2024-10-15 04:26:46.746063 India: Kilo, sending you 4
2024-10-15 04:26:46.746866 Golf: Kilo and India, sending you 4
2024-10-15 04:26:46.747788 Oscar: Romeo, sending you 3
2024-10-15 04:26:46.749652 Uniform: Papa, sending you 7
2024-10-15 04:26:46.750983 Papa: Uniform, sending you 5
2024-10-15 04:26:46.753668 Uniform: Oscar, sending you 1
2024-10-15 04:26:46.758672 Uniform: Romeo, sending you 5
chatterbot Mike submitting transactions
chatterbot Kilo submitting transactions
chatterbot Foxtrot submitting transactions
chatterbot Papa submitting transactions
chatterbot Golf submitting transactions
chatterbot India submitting transactions
chatterbot Romeo submitting transactions
chatterbot Tango submitting transactions
chatterbot Oscar submitting transactions
chatterbot Uniform submitting transactions
ChatterBot Mike round 11
ChatterBot Tango round 11
ChatterBot Uniform round 11
ChatterBot Foxtrot round 11
ChatterBot Kilo round 11
ChatterBot Papa round 11
ChatterBot India round 11
ChatterBot Oscar round 11
ChatterBot Golf round 11
ChatterBot Romeo round 11
2024-10-15 04:26:47.863667 Mike: Tango, sending you 1
2024-10-15 04:26:47.867686 Mike: Uniform, sending you 3
2024-10-15 04:26:47.870649 Papa: Mike, Oscar and Romeo, sending you 4
2024-10-15 04:26:47.871699 Foxtrot: Tango, sending you 3
2024-10-15 04:26:47.873683 Mike: Papa, Oscar and Romeo, sending you 4
2024-10-15 04:26:47.874594 Papa: Tango, sending you 2
2024-10-15 04:26:47.875916 Oscar: Mike, sending you 5
2024-10-15 04:26:47.876807 Foxtrot: Kilo and India, sending you 5
2024-10-15 04:26:47.877371 India: Tango, sending you 3
2024-10-15 04:26:47.877921 Uniform: Mike, sending you 4
2024-10-15 04:26:47.879250 Kilo: Foxtrot and Golf, sending you 5
2024-10-15 04:26:47.879867 Papa: Uniform, sending you 5
2024-10-15 04:26:47.880743 Oscar: Tango and Uniform, sending you 1
2024-10-15 04:26:47.882160 India: Foxtrot and Golf, sending you 6
2024-10-15 04:26:47.882789 Foxtrot: Golf, sending you 4
2024-10-15 04:26:47.883479 Golf: Tango, sending you 1
2024-10-15 04:26:47.884074 Uniform: Tango, sending you 3
2024-10-15 04:26:47.885948 Kilo: India, sending you 3
2024-10-15 04:26:47.886686 Oscar: Papa, sending you 4
2024-10-15 04:26:47.888516 India: Kilo, sending you 4
2024-10-15 04:26:47.889927 Golf: Foxtrot, sending you 3
2024-10-15 04:26:47.890548 Romeo: Mike, sending you 5
2024-10-15 04:26:47.891438 Uniform: Papa, sending you 7
2024-10-15 04:26:47.893410 Oscar: Romeo, sending you 3
2024-10-15 04:26:47.895421 Golf: Kilo and India, sending you 4
2024-10-15 04:26:47.896483 Romeo: Tango, sending you 1
2024-10-15 04:26:47.898774 Uniform: Oscar, sending you 1
2024-10-15 04:26:47.902662 Romeo: Uniform and Papa, sending you 4
2024-10-15 04:26:47.903728 Uniform: Romeo, sending you 5
2024-10-15 04:26:47.906703 Romeo: Oscar, sending you 3
chatterbot Kilo submitting transactions
chatterbot Romeo submitting transactions
chatterbot Golf submitting transactions
chatterbot Oscar submitting transactions
chatterbot Uniform submitting transactions
chatterbot Papa submitting transactions
chatterbot Foxtrot submitting transactions
chatterbot India submitting transactions
chatterbot Mike submitting transactions
chatterbot Tango submitting transactions
ChatterBot Mike round 12
ChatterBot Tango round 12
ChatterBot Uniform round 12
ChatterBot Foxtrot round 12
ChatterBot Kilo round 12
ChatterBot Papa round 12
ChatterBot India round 12
ChatterBot Oscar round 12
ChatterBot Golf round 12
ChatterBot Romeo round 12
2024-10-15 04:26:49.138400 Kilo: We should add Uniform
ChatterBot Foxtrot reevaluating
ChatterBot India reevaluating
ChatterBot Golf reevaluating
2024-10-15 04:26:49.159933 Foxtrot: No
2024-10-15 04:26:49.160157 India: No
2024-10-15 04:26:49.160349 Golf: No
2024-10-15 04:26:49.161151 Tango: No
ChatterBot Kilo reevaluating
ChatterBot India reevaluating
ChatterBot Golf reevaluating
ChatterBot Kilo reevaluating
ChatterBot Foxtrot reevaluating
ChatterBot Golf reevaluating
ChatterBot Kilo reevaluating
ChatterBot Foxtrot reevaluating
ChatterBot India reevaluating
ChatterBot Kilo reevaluating
ChatterBot Foxtrot reevaluating
ChatterBot India reevaluating
ChatterBot Golf reevaluating
2024-10-15 04:26:49.259683 Papa: Mike, Oscar and Romeo, sending you 4
2024-10-15 04:26:49.263698 Foxtrot: Tango, Kilo and Golf, sending you 4
2024-10-15 04:26:49.266497 Uniform: Mike, sending you 4
2024-10-15 04:26:49.269218 Romeo: Mike, sending you 5
2024-10-15 04:26:49.271928 Papa: Tango, sending you 2
2024-10-15 04:26:49.274602 Foxtrot: India, sending you 5
2024-10-15 04:26:49.276449 Uniform: Tango, sending you 2
2024-10-15 04:26:49.279082 Oscar: Mike, sending you 5
2024-10-15 04:26:49.281765 Romeo: Tango, sending you 1
2024-10-15 04:26:49.284337 Mike: Tango, sending you 1
