ChatterBot Oscar round 1
ChatterBot Romeo round 1
ChatterBot Golf round 1
ChatterBot Uniform round 1
ChatterBot India round 1
ChatterBot Alpha round 1
ChatterBot Zulu round 1
ChatterBot Hotel round 1
ChatterBot Whiskey round 1
ChatterBot Papa round 1
randomSelections Oscar: {Oscar, Zulu, Alpha, India, Papa, Golf} 
2024-10-15 04:22:39.039445 Oscar: We would work well together
ChatterBot Zulu reevaluating
ChatterBot Alpha reevaluating
ChatterBot India reevaluating
ChatterBot Papa reevaluating
ChatterBot Golf reevaluating
2024-10-15 04:22:39.052121 Zulu: Yes
2024-10-15 04:22:39.052432 Alpha: Yes
2024-10-15 04:22:39.052715 India: Yes
2024-10-15 04:22:39.052981 Papa: Yes
2024-10-15 04:22:39.053861 Golf: Yes
ChatterBot Alpha reevaluating
ChatterBot India reevaluating
ChatterBot Papa reevaluating
ChatterBot Golf reevaluating
ChatterBot Zulu reevaluating
ChatterBot India reevaluating
ChatterBot Papa reevaluating
ChatterBot Golf reevaluating
ChatterBot Zulu reevaluating
ChatterBot Alpha reevaluating
ChatterBot Papa reevaluating
ChatterBot Golf reevaluating
ChatterBot Zulu reevaluating
ChatterBot Alpha reevaluating
ChatterBot India reevaluating
ChatterBot Golf reevaluating
ChatterBot Zulu reevaluating
ChatterBot Alpha reevaluating
ChatterBot India reevaluating
ChatterBot Papa reevaluating
randomSelections Uniform: {Uniform, Romeo, Whiskey, Golf, Alpha, Oscar} 
2024-10-15 04:22:39.114744 Uniform: Can we be friends?
ChatterBot Romeo reevaluating
ChatterBot Whiskey reevaluating
ChatterBot Golf reevaluating
ChatterBot Alpha reevaluating
2024-10-15 04:22:39.125788 Romeo: Yes
2024-10-15 04:22:39.125931 Whiskey: Yes
2024-10-15 04:22:39.126042 Golf: No
2024-10-15 04:22:39.126218 Alpha: No
2024-10-15 04:22:39.126338 Oscar: No
ChatterBot Whiskey reevaluating
ChatterBot Golf reevaluating
ChatterBot Alpha reevaluating
ChatterBot Romeo reevaluating
ChatterBot Golf reevaluating
ChatterBot Alpha reevaluating
ChatterBot Romeo reevaluating
ChatterBot Whiskey reevaluating
ChatterBot Alpha reevaluating
ChatterBot Romeo reevaluating
ChatterBot Whiskey reevaluating
ChatterBot Golf reevaluating
ChatterBot Romeo reevaluating
ChatterBot Whiskey reevaluating
ChatterBot Golf reevaluating
ChatterBot Alpha reevaluating
randomSelections Hotel: {Hotel, Romeo, Oscar, Papa, Alpha, India, Zulu} 
2024-10-15 04:22:39.188108 Hotel: Friends?
ChatterBot Romeo reevaluating
ChatterBot Papa reevaluating
ChatterBot Alpha reevaluating
ChatterBot India reevaluating
ChatterBot Zulu reevaluating
2024-10-15 04:22:39.197359 Romeo: No
2024-10-15 04:22:39.197501 Oscar: No
2024-10-15 04:22:39.197641 Papa: No
2024-10-15 04:22:39.197739 Alpha: No
2024-10-15 04:22:39.197846 India: No
2024-10-15 04:22:39.197953 Zulu: No
ChatterBot Papa reevaluating
ChatterBot Alpha reevaluating
ChatterBot India reevaluating
ChatterBot Zulu reevaluating
ChatterBot Romeo reevaluating
ChatterBot Papa reevaluating
ChatterBot Alpha reevaluating
ChatterBot India reevaluating
ChatterBot Zulu reevaluating
ChatterBot Romeo reevaluating
ChatterBot Alpha reevaluating
ChatterBot India reevaluating
ChatterBot Zulu reevaluating
ChatterBot Romeo reevaluating
ChatterBot Papa reevaluating
ChatterBot India reevaluating
ChatterBot Zulu reevaluating
ChatterBot Romeo reevaluating
ChatterBot Papa reevaluating
ChatterBot Alpha reevaluating
ChatterBot Zulu reevaluating
ChatterBot Romeo reevaluating
ChatterBot Papa reevaluating
ChatterBot Alpha reevaluating
ChatterBot India reevaluating
2024-10-15 04:22:39.264683 Whiskey: Oscar, sending you 3
2024-10-15 04:22:39.268162 Golf: Oscar, India and Zulu, sending you 1
2024-10-15 04:22:39.268588 Papa: Oscar and Golf, sending you 3
2024-10-15 04:22:39.268920 Whiskey: Romeo, sending you 5
2024-10-15 04:22:39.269709 Hotel: Oscar, sending you 3
2024-10-15 04:22:39.270848 Oscar: Golf, sending you 6
2024-10-15 04:22:39.271204 India: Oscar, sending you 1
2024-10-15 04:22:39.271711 Golf: Alpha, sending you 2
2024-10-15 04:22:39.272699 Papa: India, sending you 2
2024-10-15 04:22:39.273029 Whiskey: Golf and Uniform, sending you 4
2024-10-15 04:22:39.273909 Romeo: Oscar and Golf, sending you 3
2024-10-15 04:22:39.274167 Hotel: Romeo, sending you 4
2024-10-15 04:22:39.274755 Oscar: India and Zulu, sending you 2
2024-10-15 04:22:39.275174 India: Golf, Alpha and Papa, sending you 2
2024-10-15 04:22:39.275656 Uniform: Oscar, sending you 4
2024-10-15 04:22:39.276556 Golf: Papa, sending you 3
2024-10-15 04:22:39.277031 Romeo: Uniform, sending you 8
2024-10-15 04:22:39.277657 Papa: Alpha, sending you 4
2024-10-15 04:22:39.279079 Whiskey: Alpha, sending you 1
2024-10-15 04:22:39.279500 Hotel: India, Alpha and Papa, sending you 1
2024-10-15 04:22:39.279865 India: Zulu, sending you 3
2024-10-15 04:22:39.280282 Oscar: Alpha, sending you 3
2024-10-15 04:22:39.280630 Zulu: Oscar, Golf, Alpha and Papa, sending you 2
2024-10-15 04:22:39.281838 Romeo: Alpha, sending you 5
2024-10-15 04:22:39.282324 Uniform: Romeo, sending you 1
2024-10-15 04:22:39.282694 Oscar: Papa, sending you 1
2024-10-15 04:22:39.284695 Hotel: Zulu, sending you 2
2024-10-15 04:22:39.285220 Alpha: Oscar and Papa, sending you 3
2024-10-15 04:22:39.285530 Romeo: Whiskey, sending you 1
2024-10-15 04:22:39.286688 Zulu: India, sending you 3
2024-10-15 04:22:39.287685 Uniform: Alpha and Whiskey, sending you 2
2024-10-15 04:22:39.289939 Alpha: Golf, sending you 4
2024-10-15 04:22:39.292662 Alpha: India, sending you 2
2024-10-15 04:22:39.297712 Alpha: Zulu, sending you 1
chatterbot Romeo submitting transactions
chatterbot Oscar submitting transactions
chatterbot Hotel submitting transactions
chatterbot Papa submitting transactions
chatterbot India submitting transactions
chatterbot Golf submitting transactions
chatterbot Whiskey submitting transactions
chatterbot Zulu submitting transactions
chatterbot Alpha submitting transactions
chatterbot Uniform submitting transactions
ChatterBot Oscar round 2
ChatterBot Romeo round 2
ChatterBot Golf round 2
ChatterBot Uniform round 2
ChatterBot India round 2
ChatterBot Alpha round 2
ChatterBot Zulu round 2
ChatterBot Hotel round 2
ChatterBot Whiskey round 2
ChatterBot Papa round 2
2024-10-15 04:22:42.506097 Hotel: We should replace Romeo with Golf
ChatterBot Oscar reevaluating
ChatterBot India reevaluating
ChatterBot Alpha reevaluating
ChatterBot Zulu reevaluating
ChatterBot Papa reevaluating
2024-10-15 04:22:42.539023 Oscar: Yes
2024-10-15 04:22:42.539961 India: Yes
2024-10-15 04:22:42.540163 Alpha: Yes
2024-10-15 04:22:42.540352 Zulu: Yes
2024-10-15 04:22:42.540533 Papa: Yes
ChatterBot Hotel reevaluating
ChatterBot India reevaluating
ChatterBot Alpha reevaluating
ChatterBot Zulu reevaluating
ChatterBot Papa reevaluating
ChatterBot Hotel reevaluating
ChatterBot Oscar reevaluating
ChatterBot Alpha reevaluating
ChatterBot Zulu reevaluating
ChatterBot Papa reevaluating
ChatterBot Hotel reevaluating
ChatterBot Oscar reevaluating
ChatterBot India reevaluating
ChatterBot Zulu reevaluating
ChatterBot Papa reevaluating
ChatterBot Hotel reevaluating
ChatterBot Oscar reevaluating
ChatterBot India reevaluating
ChatterBot Alpha reevaluating
ChatterBot Papa reevaluating
ChatterBot Hotel reevaluating
ChatterBot Oscar reevaluating
ChatterBot India reevaluating
ChatterBot Alpha reevaluating
ChatterBot Zulu reevaluating
2024-10-15 04:22:42.684371 Alpha: We should add Hotel
2024-10-15 04:22:42.684762 Papa: We should add Hotel
ChatterBot Oscar reevaluating
ChatterBot Zulu reevaluating
ChatterBot India reevaluating
ChatterBot Papa reevaluating
ChatterBot Golf reevaluating
2024-10-15 04:22:42.721411 Oscar: Yes
ChatterBot Oscar reevaluating
2024-10-15 04:22:42.729744 Zulu: No
ChatterBot Zulu reevaluating
ChatterBot Alpha reevaluating
2024-10-15 04:22:42.743307 India: No
ChatterBot India reevaluating
2024-10-15 04:22:42.750831 Papa: Yes
2024-10-15 04:22:42.751057 Golf: No
ChatterBot Golf reevaluating
2024-10-15 04:22:42.758712 Oscar: Yes
2024-10-15 04:22:42.758902 Zulu: No
2024-10-15 04:22:42.759054 Alpha: Yes
2024-10-15 04:22:42.759211 India: Yes
2024-10-15 04:22:42.759378 Golf: No
ChatterBot Zulu reevaluating
ChatterBot Alpha reevaluating
ChatterBot India reevaluating
ChatterBot Papa reevaluating
ChatterBot Golf reevaluating
ChatterBot Oscar reevaluating
ChatterBot Alpha reevaluating
ChatterBot India reevaluating
ChatterBot Papa reevaluating
ChatterBot Golf reevaluating
ChatterBot Oscar reevaluating
ChatterBot Zulu reevaluating
ChatterBot Alpha reevaluating
ChatterBot Papa reevaluating
ChatterBot Golf reevaluating
ChatterBot Oscar reevaluating
ChatterBot Zulu reevaluating
ChatterBot Alpha reevaluating
ChatterBot India reevaluating
ChatterBot Golf reevaluating
ChatterBot Oscar reevaluating
ChatterBot Zulu reevaluating
ChatterBot Alpha reevaluating
ChatterBot India reevaluating
ChatterBot Papa reevaluating
ChatterBot Zulu reevaluating
ChatterBot Alpha reevaluating
ChatterBot India reevaluating
ChatterBot Papa reevaluating
ChatterBot Golf reevaluating
ChatterBot Oscar reevaluating
ChatterBot Alpha reevaluating
ChatterBot India reevaluating
ChatterBot Papa reevaluating
ChatterBot Golf reevaluating
ChatterBot Oscar reevaluating
ChatterBot Zulu reevaluating
ChatterBot India reevaluating
ChatterBot Papa reevaluating
ChatterBot Golf reevaluating
ChatterBot Oscar reevaluating
ChatterBot Zulu reevaluating
ChatterBot Alpha reevaluating
ChatterBot Papa reevaluating
ChatterBot Golf reevaluating
ChatterBot Oscar reevaluating
ChatterBot Zulu reevaluating
ChatterBot Alpha reevaluating
ChatterBot India reevaluating
ChatterBot Papa reevaluating
2024-10-15 04:22:43.111864 Uniform: Let's form a team
ChatterBot Romeo reevaluating
ChatterBot Whiskey reevaluating
2024-10-15 04:22:43.187551 Romeo: Yes
2024-10-15 04:22:43.187883 Whiskey: Yes
ChatterBot Whiskey reevaluating
ChatterBot Romeo reevaluating
2024-10-15 04:22:43.226779 Whiskey: We would work well together
ChatterBot Romeo reevaluating
2024-10-15 04:22:43.237843 Uniform: Yes
2024-10-15 04:22:43.238247 Romeo: Yes
ChatterBot Romeo reevaluating
ChatterBot Whiskey reevaluating
ChatterBot Whiskey reevaluating
2024-10-15 04:22:43.290288 India: Hotel we want you to join our group
ChatterBot Hotel reevaluating
2024-10-15 04:22:43.294345 Hotel: Yes
ChatterBot Oscar reevaluating
2024-10-15 04:22:43.315490 Alpha: Hotel we want you to join our group
ChatterBot Hotel reevaluating
2024-10-15 04:22:43.320207 Hotel: Yes
ChatterBot India reevaluating
ChatterBot Oscar reevaluating
2024-10-15 04:22:43.341751 Papa: Hotel we want you to join our group
ChatterBot Hotel reevaluating
2024-10-15 04:22:43.346407 Hotel: Yes
ChatterBot India reevaluating
2024-10-15 04:22:43.375189 Romeo: Oscar and Uniform, sending you 4
2024-10-15 04:22:43.376383 Oscar: Hotel we want you to join our group
ChatterBot Hotel reevaluating
2024-10-15 04:22:43.383513 Hotel: Yes
ChatterBot India reevaluating
ChatterBot Papa reevaluating
2024-10-15 04:22:43.417681 Uniform: Romeo, sending you 8
2024-10-15 04:22:43.418231 Whiskey: Romeo, sending you 6
2024-10-15 04:22:43.418640 Golf: Oscar, sending you 3
2024-10-15 04:22:43.419816 Romeo: Hotel and Whiskey, sending you 6
2024-10-15 04:22:43.421602 Zulu: Oscar, sending you 3
2024-10-15 04:22:43.422386 Uniform: Whiskey, sending you 5
2024-10-15 04:22:43.423583 Whiskey: Uniform, sending you 13
2024-10-15 04:22:43.424029 Golf: India, Zulu and Papa, sending you 1
2024-10-15 04:22:43.643998 Alpha: Oscar, sending you 4
2024-10-15 04:22:43.644365 Zulu: Golf and Alpha, sending you 2
2024-10-15 04:22:43.644723 Golf: Alpha, sending you 2
2024-10-15 04:22:43.645550 Hotel: Golf we want you to join our group
2024-10-15 04:22:43.648810 Golf: No
ChatterBot India reevaluating
ChatterBot Papa reevaluating
ChatterBot Hotel reevaluating
2024-10-15 04:22:43.668932 Alpha: Golf, India and Zulu, sending you 3
2024-10-15 04:22:43.669778 Zulu: India, sending you 5
2024-10-15 04:22:43.884777 Oscar: Golf and India, sending you 1
2024-10-15 04:22:43.885724 Alpha: Hotel, sending you 1
chatterbot Alpha submitting transactions
chatterbot Hotel submitting transactions
2024-10-15 04:22:43.992051 Oscar: Alpha, sending you 4
2024-10-15 04:22:43.992545 Alpha: Papa, sending you 5
2024-10-15 04:22:44.036625 Oscar: Zulu, sending you 2
chatterbot Golf submitting transactions
2024-10-15 04:22:44.077415 Oscar: Hotel and Papa, sending you 3
2024-10-15 04:22:44.077921 India: Oscar, Alpha and Papa, sending you 2
2024-10-15 04:22:44.078430 Hotel: Oscar and Golf, sending you 4
2024-10-15 04:22:44.093498 India: Golf, sending you 1
2024-10-15 04:22:44.093954 Hotel: India, Alpha, Zulu and Papa, sending you 3
2024-10-15 04:22:44.099103 India: Zulu, sending you 3
chatterbot Romeo submitting transactions
chatterbot Uniform submitting transactions
chatterbot Whiskey submitting transactions
chatterbot Zulu submitting transactions
chatterbot Papa submitting transactions
chatterbot Oscar submitting transactions
chatterbot Hotel submitting transactions
chatterbot India submitting transactions
ChatterBot Oscar round 3
ChatterBot Romeo round 3
ChatterBot Golf round 3
ChatterBot Uniform round 3
ChatterBot India round 3
ChatterBot Alpha round 3
ChatterBot Zulu round 3
ChatterBot Hotel round 3
ChatterBot Whiskey round 3
ChatterBot Papa round 3
2024-10-15 04:22:45.534648 Golf: We should add Hotel
ChatterBot Oscar reevaluating
ChatterBot Zulu reevaluating
ChatterBot India reevaluating
ChatterBot Papa reevaluating
2024-10-15 04:22:45.673053 Oscar: Yes
2024-10-15 04:22:45.673537 Zulu: Yes
2024-10-15 04:22:45.674677 Alpha: Yes
2024-10-15 04:22:45.675080 India: Yes
2024-10-15 04:22:45.675341 Papa: Yes
ChatterBot Zulu reevaluating
ChatterBot India reevaluating
ChatterBot Papa reevaluating
ChatterBot Oscar reevaluating
ChatterBot India reevaluating
ChatterBot Papa reevaluating
ChatterBot Oscar reevaluating
ChatterBot Zulu reevaluating
ChatterBot India reevaluating
ChatterBot Papa reevaluating
ChatterBot Oscar reevaluating
ChatterBot Zulu reevaluating
ChatterBot Papa reevaluating
ChatterBot Oscar reevaluating
ChatterBot Zulu reevaluating
ChatterBot India reevaluating
2024-10-15 04:22:45.827404 Golf: Hotel we want you to join our group
ChatterBot Hotel reevaluating
2024-10-15 04:22:45.834543 Hotel: No
ChatterBot India reevaluating
ChatterBot Oscar reevaluating
ChatterBot Zulu reevaluating
ChatterBot Papa reevaluating
2024-10-15 04:22:45.873529 Romeo: We should drop Oscar
ChatterBot Hotel reevaluating
2024-10-15 04:22:45.890561 Hotel: No
2024-10-15 04:22:45.890919 Uniform: Yes
2024-10-15 04:22:45.891201 Whiskey: Yes
ChatterBot Hotel reevaluating
ChatterBot Hotel reevaluating
2024-10-15 04:22:45.942271 Zulu: Hotel we want you to join our group
ChatterBot Hotel reevaluating
2024-10-15 04:22:45.949791 Hotel: Yes
2024-10-15 04:22:45.977542 Uniform: Romeo, sending you 5
2024-10-15 04:22:45.978241 Whiskey: Romeo, sending you 9
2024-10-15 04:22:45.979621 Alpha: Oscar, sending you 5
2024-10-15 04:22:46.317450 Uniform: Whiskey, sending you 8
2024-10-15 04:22:46.317745 Whiskey: Uniform, sending you 10
2024-10-15 04:22:46.317985 Oscar: Golf, India, Zulu and Papa, sending you 2
2024-10-15 04:22:46.318385 Alpha: Golf and India, sending you 3
2024-10-15 04:22:46.319416 Golf: Oscar and Alpha, sending you 2
2024-10-15 04:22:46.319823 India: Oscar, Golf and Hotel, sending you 1
chatterbot Alpha submitting transactions
chatterbot Golf submitting transactions
2024-10-15 04:22:46.321080 Romeo: Uniform and Whiskey, sending you 7
2024-10-15 04:22:46.414352 Alpha: Zulu and Hotel, sending you 2
2024-10-15 04:22:46.415507 Oscar: Alpha and Hotel, sending you 3
2024-10-15 04:22:46.416096 India: Alpha and Papa, sending you 2
2024-10-15 04:22:46.416486 Zulu: Oscar and Hotel, sending you 2
2024-10-15 04:22:46.417639 Golf: India, Zulu, Hotel and Papa, sending you 1
2024-10-15 04:22:46.418098 Romeo: Hotel, sending you 6
chatterbot Papa submitting transactions
chatterbot India submitting transactions
2024-10-15 04:22:46.419231 Alpha: Papa, sending you 4
2024-10-15 04:22:46.592347 India: Zulu, sending you 3
2024-10-15 04:22:46.593081 Zulu: India, sending you 4
2024-10-15 04:22:46.593498 Hotel: Oscar, sending you 12
chatterbot Romeo submitting transactions
chatterbot Uniform submitting transactions
2024-10-15 04:22:46.634447 Zulu: Alpha, sending you 3
2024-10-15 04:22:46.635537 Hotel: Alpha and Papa, sending you 4
2024-10-15 04:22:46.675455 Zulu: Papa, sending you 1
chatterbot Whiskey submitting transactions
chatterbot Zulu submitting transactions
chatterbot Oscar submitting transactions
chatterbot Hotel submitting transactions
ChatterBot Oscar round 4
ChatterBot Romeo round 4
ChatterBot Golf round 4
ChatterBot Uniform round 4
ChatterBot India round 4
ChatterBot Alpha round 4
ChatterBot Zulu round 4
ChatterBot Hotel round 4
ChatterBot Whiskey round 4
ChatterBot Papa round 4
2024-10-15 04:22:47.353265 Hotel: We should drop Golf
2024-10-15 04:22:47.370899 Oscar: No
2024-10-15 04:22:47.371280 India: No
2024-10-15 04:22:47.371475 Alpha: No
2024-10-15 04:22:47.373099 Zulu: Yes
2024-10-15 04:22:47.375259 Papa: No
ChatterBot Hotel reevaluating
ChatterBot Hotel reevaluating
ChatterBot Hotel reevaluating
ChatterBot Hotel reevaluating
ChatterBot Hotel reevaluating
2024-10-15 04:22:47.474704 Romeo: We should drop Hotel
2024-10-15 04:22:47.481583 Uniform: Yes
2024-10-15 04:22:47.481796 Whiskey: Yes
ChatterBot Romeo reevaluating
ChatterBot Romeo reevaluating
2024-10-15 04:22:47.498063 Hotel: We should drop Zulu
2024-10-15 04:22:47.514413 Oscar: No
2024-10-15 04:22:47.514625 Golf: No
2024-10-15 04:22:47.515328 India: No
2024-10-15 04:22:47.515444 Alpha: No
2024-10-15 04:22:47.515577 Papa: No
ChatterBot Hotel reevaluating
ChatterBot Hotel reevaluating
ChatterBot Hotel reevaluating
ChatterBot Hotel reevaluating
ChatterBot Hotel reevaluating
2024-10-15 04:22:47.607580 Zulu: Oscar and Alpha, sending you 3
2024-10-15 04:22:47.608703 Alpha: Oscar and Papa, sending you 4
2024-10-15 04:22:47.609099 Golf: Oscar, Alpha and Papa, sending you 2
2024-10-15 04:22:47.609529 Oscar: Golf, Zulu and Papa, sending you 2
2024-10-15 04:22:47.645204 Alpha: Golf, Zulu and Hotel, sending you 3
2024-10-15 04:22:47.645790 Zulu: India, sending you 4
2024-10-15 04:22:47.646115 Golf: India and Zulu, sending you 1
2024-10-15 04:22:47.647009 Oscar: India, sending you 1
2024-10-15 04:22:47.647415 India: Oscar, Golf and Hotel, sending you 1
2024-10-15 04:22:47.648418 Whiskey: Romeo, sending you 8
2024-10-15 04:22:47.648739 Uniform: Romeo, sending you 6
2024-10-15 04:22:47.649003 Zulu: Hotel, sending you 2
2024-10-15 04:22:47.683849 Alpha: India, sending you 2
2024-10-15 04:22:47.685109 India: Alpha and Papa, sending you 2
2024-10-15 04:22:47.685522 Oscar: Alpha, sending you 3
2024-10-15 04:22:47.685913 Whiskey: Uniform, sending you 11
2024-10-15 04:22:47.686658 Uniform: Whiskey, sending you 7
2024-10-15 04:22:47.700415 India: Zulu, sending you 3
2024-10-15 04:22:47.702039 Oscar: Hotel, sending you 4
2024-10-15 04:22:47.702816 Hotel: Oscar, sending you 8
2024-10-15 04:22:47.703797 Romeo: Sending you each 10
2024-10-15 04:22:47.721708 Hotel: Golf and Zulu, sending you 2
chatterbot Papa submitting transactions
2024-10-15 04:22:47.735831 Hotel: India, sending you 1
2024-10-15 04:22:47.753174 Hotel: Alpha, sending you 4
2024-10-15 04:22:47.773623 Hotel: Papa, sending you 3
chatterbot Oscar submitting transactions
chatterbot Romeo submitting transactions
chatterbot Whiskey submitting transactions
chatterbot India submitting transactions
chatterbot Zulu submitting transactions
chatterbot Uniform submitting transactions
chatterbot Golf submitting transactions
chatterbot Alpha submitting transactions
chatterbot Hotel submitting transactions
ChatterBot Oscar round 5
ChatterBot Romeo round 5
ChatterBot Golf round 5
ChatterBot Uniform round 5
ChatterBot India round 5
ChatterBot Alpha round 5
ChatterBot Zulu round 5
ChatterBot Hotel round 5
ChatterBot Whiskey round 5
ChatterBot Papa round 5
2024-10-15 04:22:49.120345 Oscar: Golf, Zulu and Papa, sending you 2
2024-10-15 04:22:49.121573 Golf: Oscar, Alpha and Papa, sending you 2
2024-10-15 04:22:49.122091 Uniform: Romeo, sending you 6
2024-10-15 04:22:49.151895 Oscar: India, sending you 1
2024-10-15 04:22:49.153182 Golf: India and Hotel, sending you 1
2024-10-15 04:22:49.154668 Romeo: Same as last round
2024-10-15 04:22:49.155044 Alpha: Oscar and Papa, sending you 4
2024-10-15 04:22:49.156446 Zulu: Oscar and Alpha, sending you 3
2024-10-15 04:22:49.158086 Uniform: Whiskey, sending you 7
2024-10-15 04:22:49.158416 Hotel: Oscar, sending you 8
2024-10-15 04:22:49.159874 India: Oscar, Golf and Hotel, sending you 1
2024-10-15 04:22:49.161099 Oscar: Alpha, sending you 3
2024-10-15 04:22:49.161800 Alpha: Golf, Zulu and Hotel, sending you 3
2024-10-15 04:22:49.163273 Zulu: India, sending you 4
2024-10-15 04:22:49.163794 Hotel: India, sending you 2
2024-10-15 04:22:49.165136 India: Alpha and Papa, sending you 2
2024-10-15 04:22:49.165686 Whiskey: Romeo, sending you 9
2024-10-15 04:22:49.183489 Oscar: Hotel, sending you 4
2024-10-15 04:22:49.185319 Alpha: India, sending you 2
2024-10-15 04:22:49.186808 Zulu: Hotel, sending you 2
2024-10-15 04:22:49.188409 Hotel: Alpha, sending you 4
2024-10-15 04:22:49.190420 India: Zulu, sending you 3
2024-10-15 04:22:49.192091 Whiskey: Uniform, sending you 10
2024-10-15 04:22:49.209321 Hotel: Zulu and Papa, sending you 3
chatterbot Hotel submitting transactions
chatterbot India submitting transactions
chatterbot Romeo submitting transactions
chatterbot Zulu submitting transactions
chatterbot Papa submitting transactions
chatterbot Golf submitting transactions
chatterbot Oscar submitting transactions
chatterbot Uniform submitting transactions
chatterbot Whiskey submitting transactions
chatterbot Alpha submitting transactions
ChatterBot Oscar round 6
ChatterBot Romeo round 6
ChatterBot Golf round 6
ChatterBot Uniform round 6
ChatterBot India round 6
ChatterBot Alpha round 6
ChatterBot Zulu round 6
ChatterBot Hotel round 6
ChatterBot Whiskey round 6
ChatterBot Papa round 6
2024-10-15 04:22:50.405385 Romeo: Same as last round
2024-10-15 04:22:50.405735 Hotel: Oscar, sending you 7
2024-10-15 04:22:50.406356 Alpha: Oscar and Papa, sending you 4
2024-10-15 04:22:50.407360 India: Oscar, Golf and Hotel, sending you 1
2024-10-15 04:22:50.408008 Golf: Oscar, Alpha and Papa, sending you 2
2024-10-15 04:22:50.409035 Uniform: Romeo, sending you 6
2024-10-15 04:22:50.409348 Oscar: Golf, Zulu and Papa, sending you 2
2024-10-15 04:22:50.410484 Hotel: Golf, sending you 1
2024-10-15 04:22:50.435292 India: Alpha and Papa, sending you 2
2024-10-15 04:22:50.436509 Alpha: Golf, Zulu and Hotel, sending you 3
2024-10-15 04:22:50.437104 Golf: India and Hotel, sending you 1
2024-10-15 04:22:50.438044 Uniform: Whiskey, sending you 7
2024-10-15 04:22:50.438324 Zulu: Oscar, India and Alpha, sending you 3
2024-10-15 04:22:50.438835 Whiskey: Romeo, sending you 9
2024-10-15 04:22:50.439897 Oscar: India, sending you 1
2024-10-15 04:22:50.440461 Hotel: India, sending you 2
2024-10-15 04:22:50.441416 India: Zulu, sending you 3
2024-10-15 04:22:50.441895 Alpha: India, sending you 2
2024-10-15 04:22:50.442892 Zulu: Hotel, sending you 2
2024-10-15 04:22:50.457165 Whiskey: Uniform, sending you 10
2024-10-15 04:22:50.457533 Oscar: Alpha, sending you 3
2024-10-15 04:22:50.458829 Hotel: Alpha, sending you 4
2024-10-15 04:22:50.459355 Zulu: Papa, sending you 1
2024-10-15 04:22:50.466309 Hotel: Zulu and Papa, sending you 3
2024-10-15 04:22:50.466931 Oscar: Hotel, sending you 4
chatterbot Uniform submitting transactions
chatterbot Golf submitting transactions
chatterbot Romeo submitting transactions
chatterbot Whiskey submitting transactions
chatterbot India submitting transactions
chatterbot Zulu submitting transactions
chatterbot Hotel submitting transactions
chatterbot Papa submitting transactions
chatterbot Alpha submitting transactions
chatterbot Oscar submitting transactions
ChatterBot Oscar round 7
ChatterBot Romeo round 7
ChatterBot Golf round 7
ChatterBot Uniform round 7
ChatterBot India round 7
ChatterBot Alpha round 7
ChatterBot Zulu round 7
ChatterBot Hotel round 7
ChatterBot Whiskey round 7
ChatterBot Papa round 7
2024-10-15 04:22:52.254702 Zulu: Oscar, India and Alpha, sending you 3
2024-10-15 04:22:52.255863 Oscar: Golf, Zulu and Papa, sending you 2
2024-10-15 04:22:52.261322 Uniform: Romeo, sending you 6
2024-10-15 04:22:52.261752 Zulu: Hotel, sending you 2
2024-10-15 04:22:52.263240 Hotel: Oscar, sending you 7
2024-10-15 04:22:52.264679 India: Oscar, Golf and Hotel, sending you 1
2024-10-15 04:22:52.266999 Whiskey: Romeo, sending you 9
2024-10-15 04:22:52.267540 Golf: Oscar, Alpha and Papa, sending you 2
2024-10-15 04:22:52.269720 Oscar: India, sending you 1
2024-10-15 04:22:52.271729 Romeo: Same as last round
2024-10-15 04:22:52.272828 Alpha: Oscar and Papa, sending you 4
2024-10-15 04:22:52.274392 Uniform: Whiskey, sending you 7
2024-10-15 04:22:52.275417 Zulu: Papa, sending you 1
2024-10-15 04:22:52.277185 Hotel: Golf, sending you 1
2024-10-15 04:22:52.278647 Whiskey: Uniform, sending you 10
2024-10-15 04:22:52.279673 India: Alpha and Papa, sending you 2
2024-10-15 04:22:52.281850 Golf: India and Hotel, sending you 1
2024-10-15 04:22:52.284060 Oscar: Alpha, sending you 3
2024-10-15 04:22:52.286212 Alpha: Golf, Zulu and Hotel, sending you 3
2024-10-15 04:22:52.287805 Hotel: India, sending you 2
2024-10-15 04:22:52.289891 India: Zulu, sending you 3
2024-10-15 04:22:52.291540 Oscar: Hotel, sending you 4
2024-10-15 04:22:52.292740 Alpha: India, sending you 2
2024-10-15 04:22:52.336921 Hotel: Alpha, sending you 4
2024-10-15 04:22:52.377192 Hotel: Zulu and Papa, sending you 3
chatterbot Uniform submitting transactions
chatterbot Alpha submitting transactions
chatterbot Oscar submitting transactions
chatterbot Romeo submitting transactions
chatterbot Hotel submitting transactions
chatterbot India submitting transactions
chatterbot Golf submitting transactions
chatterbot Papa submitting transactions
chatterbot Zulu submitting transactions
chatterbot Whiskey submitting transactions
ChatterBot Oscar round 8
ChatterBot Romeo round 8
ChatterBot Golf round 8
ChatterBot Uniform round 8
ChatterBot India round 8
ChatterBot Alpha round 8
ChatterBot Zulu round 8
ChatterBot Hotel round 8
ChatterBot Whiskey round 8
ChatterBot Papa round 8
2024-10-15 04:22:53.559520 Romeo: Same as last round
2024-10-15 04:22:53.560 Alpha: Oscar and Papa, sending you 4
2024-10-15 04:22:53.561819 Golf: Oscar, Alpha and Papa, sending you 2
2024-10-15 04:22:53.562850 Oscar: Golf, Zulu and Papa, sending you 2
2024-10-15 04:22:53.566018 Alpha: Golf, Zulu and Hotel, sending you 3
2024-10-15 04:22:53.567504 Zulu: Oscar, India and Alpha, sending you 3
2024-10-15 04:22:53.569009 India: Oscar, Golf and Hotel, sending you 1
2024-10-15 04:22:53.570650 Whiskey: Romeo, sending you 9
2024-10-15 04:22:53.571229 Golf: India and Hotel, sending you 1
2024-10-15 04:22:53.573050 Uniform: Romeo, sending you 6
2024-10-15 04:22:53.573528 Hotel: Oscar, sending you 7
2024-10-15 04:22:53.575272 Oscar: India, sending you 1
2024-10-15 04:22:53.576489 Alpha: India, sending you 2
2024-10-15 04:22:53.578380 Zulu: Hotel, sending you 2
2024-10-15 04:22:53.579515 India: Alpha and Papa, sending you 2
2024-10-15 04:22:53.580471 Whiskey: Uniform, sending you 10
2024-10-15 04:22:53.581469 Uniform: Whiskey, sending you 7
2024-10-15 04:22:53.581929 Hotel: Golf, sending you 1
2024-10-15 04:22:53.583642 Oscar: Alpha, sending you 3
2024-10-15 04:22:53.584700 Zulu: Papa, sending you 1
2024-10-15 04:22:53.586285 India: Zulu, sending you 3
2024-10-15 04:22:53.588072 Hotel: India, sending you 2
2024-10-15 04:22:53.588903 Oscar: Hotel, sending you 4
2024-10-15 04:22:53.593721 Hotel: Alpha, sending you 4
2024-10-15 04:22:53.599789 Hotel: Zulu and Papa, sending you 3
chatterbot India submitting transactions
chatterbot Hotel submitting transactions
chatterbot Romeo submitting transactions
chatterbot Alpha submitting transactions
chatterbot Golf submitting transactions
chatterbot Uniform submitting transactions
chatterbot Oscar submitting transactions
chatterbot Papa submitting transactions
chatterbot Whiskey submitting transactions
chatterbot Zulu submitting transactions
ChatterBot Oscar round 9
ChatterBot Romeo round 9
ChatterBot Golf round 9
ChatterBot Uniform round 9
ChatterBot India round 9
ChatterBot Alpha round 9
ChatterBot Zulu round 9
ChatterBot Hotel round 9
ChatterBot Whiskey round 9
2024-10-15 04:22:54.838143 Romeo: We should add Golf
2024-10-15 04:22:54.845843 Uniform: No
2024-10-15 04:22:54.846036 Whiskey: No
ChatterBot Romeo reevaluating
ChatterBot Romeo reevaluating
ChatterBot Papa round 9
2024-10-15 04:22:54.883529 Romeo: We should add Zulu
2024-10-15 04:22:54.890363 Uniform: No
2024-10-15 04:22:54.890523 Whiskey: No
ChatterBot Romeo reevaluating
ChatterBot Romeo reevaluating
2024-10-15 04:22:54.917323 Uniform: Romeo, sending you 6
2024-10-15 04:22:54.918085 Oscar: Golf, Zulu and Papa, sending you 2
2024-10-15 04:22:54.922748 Uniform: Whiskey, sending you 7
2024-10-15 04:22:54.923763 Oscar: India, sending you 1
2024-10-15 04:22:54.926180 Zulu: Oscar, India and Alpha, sending you 3
2024-10-15 04:22:54.927690 India: Oscar, Golf and Hotel, sending you 1
2024-10-15 04:22:54.930511 Oscar: Alpha, sending you 3
2024-10-15 04:22:54.932812 Romeo: Same as last round
2024-10-15 04:22:54.933438 Zulu: Hotel, sending you 2
2024-10-15 04:22:54.934983 Golf: Oscar, Alpha and Papa, sending you 2
2024-10-15 04:22:54.936829 India: Alpha and Papa, sending you 2
2024-10-15 04:22:54.937775 Whiskey: Romeo, sending you 9
2024-10-15 04:22:54.938969 Oscar: Hotel, sending you 4
2024-10-15 04:22:54.941695 Hotel: Oscar, sending you 7
2024-10-15 04:22:54.944709 Zulu: Papa, sending you 1
2024-10-15 04:22:54.947349 Alpha: Oscar, sending you 5
2024-10-15 04:22:54.949798 Golf: India and Hotel, sending you 1
2024-10-15 04:22:54.953020 India: Zulu, sending you 3
2024-10-15 04:22:54.955146 Whiskey: Uniform, sending you 10
2024-10-15 04:22:54.955710 Hotel: Golf, sending you 1
2024-10-15 04:22:54.957986 Alpha: Golf and India, sending you 2
2024-10-15 04:22:54.961665 Hotel: India, sending you 2
2024-10-15 04:22:54.964472 Alpha: Zulu and Hotel, sending you 3
2024-10-15 04:22:54.967432 Hotel: Alpha, sending you 4
2024-10-15 04:22:54.972257 Alpha: Papa, sending you 4
2024-10-15 04:22:54.974986 Hotel: Zulu and Papa, sending you 3
chatterbot Romeo submitting transactions
chatterbot Whiskey submitting transactions
chatterbot Alpha submitting transactions
chatterbot Hotel submitting transactions
chatterbot Zulu submitting transactions
chatterbot Papa submitting transactions
chatterbot Golf submitting transactions
chatterbot Uniform submitting transactions
chatterbot Oscar submitting transactions
chatterbot India submitting transactions
ChatterBot Oscar round 10
ChatterBot Romeo round 10
ChatterBot Golf round 10
ChatterBot Uniform round 10
ChatterBot India round 10
ChatterBot Alpha round 10
ChatterBot Zulu round 10
ChatterBot Hotel round 10
ChatterBot Whiskey round 10
ChatterBot Papa round 10
2024-10-15 04:22:56.267232 Uniform: Romeo, sending you 6
2024-10-15 04:22:56.267983 Zulu: Oscar, India and Alpha, sending you 3
2024-10-15 04:22:56.270218 Romeo: Same as last round
2024-10-15 04:22:56.271872 Alpha: Oscar, sending you 5
2024-10-15 04:22:56.274112 India: Oscar, Golf and Hotel, sending you 1
2024-10-15 04:22:56.275908 Uniform: Whiskey, sending you 7
2024-10-15 04:22:56.277576 Zulu: Hotel, sending you 2
2024-10-15 04:22:56.279683 Alpha: Golf and India, sending you 2
2024-10-15 04:22:56.282323 Oscar: Golf, Zulu and Papa, sending you 2
2024-10-15 04:22:56.284801 Golf: Oscar, Alpha and Papa, sending you 2
2024-10-15 04:22:56.287317 India: Alpha and Papa, sending you 2
2024-10-15 04:22:56.290346 Hotel: Oscar, sending you 7
2024-10-15 04:22:56.292690 Whiskey: Romeo, sending you 9
2024-10-15 04:22:56.293543 Zulu: Papa, sending you 1
2024-10-15 04:22:56.295953 Alpha: Zulu and Hotel, sending you 3
2024-10-15 04:22:56.299731 Oscar: India, sending you 1
2024-10-15 04:22:56.303633 Golf: India and Hotel, sending you 1
2024-10-15 04:22:56.307311 India: Zulu, sending you 3
2024-10-15 04:22:56.310558 Hotel: Golf, sending you 1
2024-10-15 04:22:56.312721 Whiskey: Uniform, sending you 10
2024-10-15 04:22:56.313908 Alpha: Papa, sending you 4
2024-10-15 04:22:56.316788 Oscar: Alpha, sending you 3
2024-10-15 04:22:56.318722 Hotel: India, sending you 2
2024-10-15 04:22:56.327593 Oscar: Hotel, sending you 4
2024-10-15 04:22:56.331540 Hotel: Alpha, sending you 4
2024-10-15 04:22:56.356345 Hotel: Zulu and Papa, sending you 3
chatterbot Golf submitting transactions
chatterbot Alpha submitting transactions
chatterbot Whiskey submitting transactions
chatterbot Oscar submitting transactions
chatterbot Hotel submitting transactions
chatterbot Romeo submitting transactions
chatterbot Zulu submitting transactions
chatterbot India submitting transactions
chatterbot Uniform submitting transactions
chatterbot Papa submitting transactions
ChatterBot Oscar round 11
ChatterBot Romeo round 11
ChatterBot Golf round 11
ChatterBot Uniform round 11
ChatterBot India round 11
ChatterBot Alpha round 11
ChatterBot Zulu round 11
ChatterBot Hotel round 11
ChatterBot Whiskey round 11
ChatterBot Papa round 11
2024-10-15 04:22:57.506736 Oscar: Golf, Zulu and Papa, sending you 2
2024-10-15 04:22:57.507888 Golf: Oscar, Alpha and Papa, sending you 2
2024-10-15 04:22:57.511688 Oscar: India, sending you 1
2024-10-15 04:22:57.513885 Golf: India and Hotel, sending you 1
2024-10-15 04:22:57.515859 Romeo: Same as last round
2024-10-15 04:22:57.517697 Oscar: Alpha, sending you 3
2024-10-15 04:22:57.520910 Alpha: Oscar, sending you 5
2024-10-15 04:22:57.522685 Whiskey: Romeo, sending you 9
2024-10-15 04:22:57.523806 Hotel: Oscar, sending you 8
2024-10-15 04:22:57.525325 India: Oscar, Golf and Hotel, sending you 1
2024-10-15 04:22:57.527463 Oscar: Hotel, sending you 4
2024-10-15 04:22:57.528668 Alpha: Golf and India, sending you 2
2024-10-15 04:22:57.529915 Uniform: Romeo, sending you 6
2024-10-15 04:22:57.530687 Whiskey: Uniform, sending you 10
2024-10-15 04:22:57.531064 Zulu: Oscar, India and Alpha, sending you 3
2024-10-15 04:22:57.531670 Hotel: Golf and India, sending you 1
2024-10-15 04:22:57.532849 India: Alpha and Papa, sending you 2
2024-10-15 04:22:57.534431 Uniform: Whiskey, sending you 7
2024-10-15 04:22:57.534905 Alpha: Zulu and Hotel, sending you 3
2024-10-15 04:22:57.536293 Zulu: Hotel, sending you 2
2024-10-15 04:22:57.536833 Hotel: Alpha, sending you 4
2024-10-15 04:22:57.538395 India: Zulu, sending you 3
2024-10-15 04:22:57.540868 Alpha: Papa, sending you 4
2024-10-15 04:22:57.542226 Zulu: Papa, sending you 1
2024-10-15 04:22:57.542974 Hotel: Zulu and Papa, sending you 3
chatterbot Uniform submitting transactions
chatterbot Zulu submitting transactions
chatterbot Whiskey submitting transactions
chatterbot Alpha submitting transactions
chatterbot Papa submitting transactions
chatterbot India submitting transactions
chatterbot Golf submitting transactions
chatterbot Hotel submitting transactions
chatterbot Oscar submitting transactions
chatterbot Romeo submitting transactions
ChatterBot Oscar round 12
ChatterBot Romeo round 12
ChatterBot Golf round 12
ChatterBot Uniform round 12
ChatterBot India round 12
ChatterBot Alpha round 12
ChatterBot Zulu round 12
ChatterBot Hotel round 12
ChatterBot Whiskey round 12
ChatterBot Papa round 12
2024-10-15 04:22:58.442667 Hotel: Oscar, sending you 8
2024-10-15 04:22:58.444677 Whiskey: Romeo, sending you 9
2024-10-15 04:22:58.448004 India: Oscar, Golf and Hotel, sending you 1
2024-10-15 04:22:58.449683 Alpha: Oscar, sending you 5
2024-10-15 04:22:58.451725 Whiskey: Uniform, sending you 10
2024-10-15 04:22:58.452324 Hotel: Golf and India, sending you 1
2024-10-15 04:22:58.453879 Golf: Oscar, Alpha and Papa, sending you 2
2024-10-15 04:22:58.455784 India: Alpha and Papa, sending you 2
2024-10-15 04:22:58.456977 Alpha: Golf and India, sending you 2
2024-10-15 04:22:58.459210 Hotel: Alpha, sending you 4
2024-10-15 04:22:58.460690 Golf: India and Hotel, sending you 1
2024-10-15 04:22:58.462558 Uniform: Romeo, sending you 6
2024-10-15 04:22:58.463170 Romeo: Same as last round
2024-10-15 04:22:58.463736 Oscar: Golf, Zulu and Papa, sending you 2
2024-10-15 04:22:58.465961 Zulu: Oscar, India and Alpha, sending you 3
2024-10-15 04:22:58.466922 India: Zulu, sending you 3
2024-10-15 04:22:58.468540 Alpha: Zulu and Hotel, sending you 3
2024-10-15 04:22:58.470309 Hotel: Zulu and Papa, sending you 3
2024-10-15 04:22:58.471554 Uniform: Whiskey, sending you 7
2024-10-15 04:22:58.471976 Oscar: India, sending you 1
2024-10-15 04:22:58.473653 Zulu: Hotel, sending you 2
2024-10-15 04:22:58.474315 Alpha: Papa, sending you 4
2024-10-15 04:22:58.477662 Oscar: Alpha, sending you 3
2024-10-15 04:22:58.479219 Zulu: Papa, sending you 1
2024-10-15 04:22:58.482692 Oscar: Hotel, sending you 4
chatterbot Uniform submitting transactions
chatterbot Golf submitting transactions
chatterbot India submitting transactions
chatterbot Whiskey submitting transactions
chatterbot Oscar submitting transactions
chatterbot Papa submitting transactions
chatterbot Romeo submitting transactions
chatterbot Alpha submitting transactions
chatterbot Zulu submitting transactions
chatterbot Hotel submitting transactions
ChatterBot Oscar round 13
ChatterBot Romeo round 13
ChatterBot Golf round 13
ChatterBot Uniform round 13
ChatterBot India round 13
ChatterBot Alpha round 13
ChatterBot Zulu round 13
ChatterBot Hotel round 13
ChatterBot Whiskey round 13
ChatterBot Papa round 13
2024-10-15 04:22:59.880481 Oscar: Golf, Zulu and Papa, sending you 2
2024-10-15 04:22:59.884300 Romeo: Same as last round
2024-10-15 04:22:59.885074 Golf: Oscar, Alpha and Papa, sending you 2
2024-10-15 04:22:59.889292 Oscar: India, sending you 1
2024-10-15 04:22:59.996810 India: Oscar, Golf and Hotel, sending you 1
2024-10-15 04:23:00.001147 Golf: India and Hotel, sending you 1
2024-10-15 04:23:00.005834 Zulu: Oscar, India and Alpha, sending you 3
2024-10-15 04:23:00.008833 Uniform: Romeo, sending you 6
2024-10-15 04:23:00.010338 Hotel: Oscar, sending you 8
2024-10-15 04:23:00.014538 Alpha: Oscar, sending you 5
2024-10-15 04:23:00.019042 Whiskey: Romeo, sending you 9
2024-10-15 04:23:00.019807 Oscar: Alpha, sending you 3
2024-10-15 04:23:00.024862 India: Alpha and Papa, sending you 2
2024-10-15 04:23:00.029297 Zulu: Hotel, sending you 2
2024-10-15 04:23:00.031899 Uniform: Whiskey, sending you 7
2024-10-15 04:23:00.033274 Hotel: Golf and India, sending you 1
2024-10-15 04:23:00.037561 Alpha: Golf and India, sending you 2
2024-10-15 04:23:00.042342 Whiskey: Uniform, sending you 10
2024-10-15 04:23:00.043291 Oscar: Hotel, sending you 4
2024-10-15 04:23:00.048054 India: Zulu, sending you 3
2024-10-15 04:23:00.052843 Zulu: Papa, sending you 1
2024-10-15 04:23:00.056269 Hotel: Alpha, sending you 4
2024-10-15 04:23:00.061423 Alpha: Zulu and Hotel, sending you 3
chatterbot Golf submitting transactions
2024-10-15 04:23:00.065596 Hotel: Zulu and Papa, sending you 3
2024-10-15 04:23:00.070372 Alpha: Papa, sending you 4
chatterbot Oscar submitting transactions
chatterbot Whiskey submitting transactions
chatterbot Uniform submitting transactions
chatterbot Hotel submitting transactions
chatterbot Zulu submitting transactions
chatterbot India submitting transactions
chatterbot Romeo submitting transactions
chatterbot Papa submitting transactions
chatterbot Alpha submitting transactions
ChatterBot Oscar round 14
ChatterBot Romeo round 14
ChatterBot Golf round 14
ChatterBot Uniform round 14
ChatterBot India round 14
ChatterBot Alpha round 14
ChatterBot Zulu round 14
ChatterBot Hotel round 14
ChatterBot Whiskey round 14
2024-10-15 04:23:00.951372 Romeo: We should add Papa
2024-10-15 04:23:00.958368 Uniform: No
2024-10-15 04:23:00.958606 Whiskey: No
ChatterBot Romeo reevaluating
ChatterBot Romeo reevaluating
ChatterBot Papa round 14
2024-10-15 04:23:01.011694 Oscar: Golf, Zulu and Papa, sending you 2
