ChatterBot Alpha round 1
ChatterBot Tango round 1
randomSelections Alpha: {Alpha, Tango, Hotel, Echo, Oscar, Golf} 
2024-10-15 04:22:39.094629 Alpha: Friends?
ChatterBot Tango reevaluating
2024-10-15 04:22:39.100128 Tango: Yes
ChatterBot Oscar round 1
ChatterBot Oscar reevaluating
ChatterBot Oscar reevaluating
2024-10-15 04:22:39.109890 Oscar: Yes
ChatterBot Tango reevaluating
ChatterBot X-ray round 1
ChatterBot November round 1
ChatterBot Bravo round 1
ChatterBot Hotel round 1
ChatterBot Hotel reevaluating
ChatterBot Hotel reevaluating
ChatterBot Hotel reevaluating
2024-10-15 04:22:39.134556 Hotel: Yes
ChatterBot Tango reevaluating
ChatterBot Oscar reevaluating
ChatterBot Victor round 1
ChatterBot Golf round 1
ChatterBot Golf reevaluating
ChatterBot Golf reevaluating
ChatterBot Golf reevaluating
ChatterBot Golf reevaluating
2024-10-15 04:22:39.158292 Golf: Yes
ChatterBot Tango reevaluating
ChatterBot Hotel reevaluating
ChatterBot Oscar reevaluating
ChatterBot Echo round 1
ChatterBot Echo reevaluating
ChatterBot Echo reevaluating
ChatterBot Echo reevaluating
ChatterBot Echo reevaluating
ChatterBot Echo reevaluating
2024-10-15 04:22:39.178451 Echo: Yes
ChatterBot Tango reevaluating
ChatterBot Hotel reevaluating
ChatterBot Oscar reevaluating
ChatterBot Golf reevaluating
randomSelections Bravo: {Bravo, Hotel, Tango, Alpha, Oscar, Golf} 
2024-10-15 04:22:39.197300 Bravo: We would work well together
ChatterBot Hotel reevaluating
ChatterBot Tango reevaluating
ChatterBot Oscar reevaluating
ChatterBot Golf reevaluating
2024-10-15 04:22:39.206192 Hotel: No
2024-10-15 04:22:39.206319 Tango: No
2024-10-15 04:22:39.206447 Alpha: No
2024-10-15 04:22:39.206548 Oscar: No
2024-10-15 04:22:39.206689 Golf: No
ChatterBot Tango reevaluating
ChatterBot Oscar reevaluating
ChatterBot Golf reevaluating
ChatterBot Hotel reevaluating
ChatterBot Oscar reevaluating
ChatterBot Golf reevaluating
ChatterBot Hotel reevaluating
ChatterBot Tango reevaluating
ChatterBot Oscar reevaluating
ChatterBot Golf reevaluating
ChatterBot Hotel reevaluating
ChatterBot Tango reevaluating
ChatterBot Golf reevaluating
ChatterBot Hotel reevaluating
ChatterBot Tango reevaluating
ChatterBot Oscar reevaluating
randomSelections November: {November, Golf, Victor, Bravo, Tango, X-ray} 
2024-10-15 04:22:39.247767 November: We would work well together
ChatterBot Golf reevaluating
ChatterBot Victor reevaluating
ChatterBot Tango reevaluating
ChatterBot X-ray reevaluating
2024-10-15 04:22:39.255166 Golf: No
2024-10-15 04:22:39.255280 Victor: Yes
2024-10-15 04:22:39.255374 Bravo: No
2024-10-15 04:22:39.255464 Tango: No
2024-10-15 04:22:39.255560 X-ray: Yes
ChatterBot Victor reevaluating
ChatterBot Tango reevaluating
ChatterBot X-ray reevaluating
ChatterBot Golf reevaluating
ChatterBot Tango reevaluating
ChatterBot X-ray reevaluating
ChatterBot Golf reevaluating
ChatterBot Victor reevaluating
ChatterBot Tango reevaluating
ChatterBot X-ray reevaluating
ChatterBot Golf reevaluating
ChatterBot Victor reevaluating
ChatterBot X-ray reevaluating
ChatterBot Golf reevaluating
ChatterBot Victor reevaluating
ChatterBot Tango reevaluating
2024-10-15 04:22:39.294691 Alpha: Tango and Oscar, sending you 3
2024-10-15 04:22:39.299682 Alpha: Hotel, sending you 1
2024-10-15 04:22:39.302668 November: Tango, X-ray and Bravo, sending you 2
2024-10-15 04:22:39.304700 Alpha: Golf, sending you 5
2024-10-15 04:22:39.306685 November: Victor, sending you 1
2024-10-15 04:22:39.307688 Golf: Tango and Echo, sending you 2
2024-10-15 04:22:39.307983 Alpha: Echo, sending you 2
2024-10-15 04:22:39.308686 Hotel: Alpha and Tango, sending you 2
2024-10-15 04:22:39.308933 Victor: Tango and X-ray, sending you 4
2024-10-15 04:22:39.310718 November: Golf, sending you 3
2024-10-15 04:22:39.311669 Golf: Oscar, sending you 3
2024-10-15 04:22:39.313664 Hotel: Oscar and Golf, sending you 3
2024-10-15 04:22:39.314019 Victor: November, sending you 2
2024-10-15 04:22:39.314334 X-ray: Tango, sending you 4
2024-10-15 04:22:39.314720 Bravo: Alpha and Golf, sending you 1
2024-10-15 04:22:39.315696 Golf: Hotel, sending you 1
2024-10-15 04:22:39.317681 Hotel: Echo, sending you 6
2024-10-15 04:22:39.317973 X-ray: November and Victor, sending you 3
2024-10-15 04:22:39.318686 Victor: Bravo, sending you 5
2024-10-15 04:22:39.319875 Tango: Alpha and Echo, sending you 3
2024-10-15 04:22:39.321658 X-ray: Bravo, sending you 2
2024-10-15 04:22:39.321930 Victor: Golf, sending you 3
2024-10-15 04:22:39.323667 Echo: Alpha, sending you 4
2024-10-15 04:22:39.324686 Tango: Golf, sending you 1
2024-10-15 04:22:39.326682 X-ray: Golf, sending you 1
2024-10-15 04:22:39.327674 Echo: Tango, sending you 5
2024-10-15 04:22:39.330652 Echo: Oscar, sending you 2
2024-10-15 04:22:39.335692 Echo: Hotel, sending you 3
2024-10-15 04:22:39.339677 Echo: Golf, sending you 1
chatterbot Hotel submitting transactions
chatterbot Alpha submitting transactions
chatterbot Golf submitting transactions
chatterbot X-ray submitting transactions
chatterbot Bravo submitting transactions
chatterbot Echo submitting transactions
chatterbot Oscar submitting transactions
chatterbot November submitting transactions
chatterbot Tango submitting transactions
chatterbot Victor submitting transactions
ChatterBot Alpha round 2
ChatterBot Tango round 2
ChatterBot Oscar round 2
ChatterBot X-ray round 2
ChatterBot November round 2
ChatterBot Bravo round 2
2024-10-15 04:22:47.258301 November: Let's form a team
ChatterBot X-ray reevaluating
ChatterBot Victor reevaluating
2024-10-15 04:22:47.278891 X-ray: Yes
2024-10-15 04:22:47.279211 Victor: No
ChatterBot November reevaluating
ChatterBot Victor reevaluating
ChatterBot November reevaluating
ChatterBot X-ray reevaluating
2024-10-15 04:22:47.306874 Victor: Friends?
ChatterBot X-ray reevaluating
2024-10-15 04:22:47.312091 X-ray: Yes
ChatterBot Victor reevaluating
ChatterBot Hotel round 2
ChatterBot Victor round 2
ChatterBot Golf round 2
ChatterBot Echo round 2
2024-10-15 04:22:47.342666 Oscar: Can we be friends?
ChatterBot Bravo reevaluating
2024-10-15 04:22:47.349646 Bravo: No
ChatterBot Oscar reevaluating
2024-10-15 04:22:47.356408 Bravo: Friends?
ChatterBot X-ray reevaluating
ChatterBot November reevaluating
ChatterBot Victor reevaluating
ChatterBot Golf reevaluating
2024-10-15 04:22:47.389657 X-ray: Yes
2024-10-15 04:22:47.392425 November: No
2024-10-15 04:22:47.392991 Victor: Yes
2024-10-15 04:22:47.394451 Golf: Yes
ChatterBot Bravo reevaluating
ChatterBot November reevaluating
ChatterBot Victor reevaluating
ChatterBot Golf reevaluating
ChatterBot Bravo reevaluating
ChatterBot X-ray reevaluating
ChatterBot Victor reevaluating
ChatterBot Golf reevaluating
ChatterBot Bravo reevaluating
ChatterBot X-ray reevaluating
ChatterBot November reevaluating
ChatterBot Golf reevaluating
ChatterBot Bravo reevaluating
ChatterBot X-ray reevaluating
ChatterBot November reevaluating
ChatterBot Victor reevaluating
2024-10-15 04:22:47.505111 November: We should drop Golf and Tango
ChatterBot X-ray reevaluating
2024-10-15 04:22:47.517650 X-ray: No
2024-10-15 04:22:47.517821 Bravo: No
2024-10-15 04:22:47.517950 Victor: No
ChatterBot November reevaluating
ChatterBot November reevaluating
ChatterBot X-ray reevaluating
ChatterBot November reevaluating
ChatterBot X-ray reevaluating
2024-10-15 04:22:47.557941 Victor: We should drop Tango
ChatterBot November reevaluating
2024-10-15 04:22:47.573891 Bravo: Yes
2024-10-15 04:22:47.574051 X-ray: Yes
2024-10-15 04:22:47.574855 November: Yes
2024-10-15 04:22:47.574986 Golf: No
ChatterBot November reevaluating
ChatterBot November reevaluating
ChatterBot November reevaluating
2024-10-15 04:22:47.643958 Tango: Alpha, sending you 3
2024-10-15 04:22:47.675220 Tango: Hotel and Golf, sending you 2
2024-10-15 04:22:47.675604 Bravo: X-ray, November and Victor, sending you 4
2024-10-15 04:22:47.676484 Echo: Alpha, Tango and Golf, sending you 3
2024-10-15 04:22:47.676788 Alpha: Tango, sending you 5
2024-10-15 04:22:47.677042 Oscar: Alpha, sending you 5
2024-10-15 04:22:47.677349 Hotel: Alpha, Tango, Oscar and Golf, sending you 3
2024-10-15 04:22:47.678258 Golf: Alpha, sending you 3
2024-10-15 04:22:47.678662 Tango: Echo, sending you 5
2024-10-15 04:22:47.696395 Bravo: Golf, sending you 3
2024-10-15 04:22:47.697247 Echo: Hotel, sending you 6
2024-10-15 04:22:47.697624 Alpha: Hotel, sending you 3
2024-10-15 04:22:47.697927 Oscar: Hotel and Golf, sending you 4
2024-10-15 04:22:47.698694 Hotel: Echo, sending you 4
2024-10-15 04:22:47.699014 Golf: November and Hotel, sending you 2
2024-10-15 04:22:47.699323 Victor: X-ray, sending you 6
2024-10-15 04:22:47.718509 Oscar: Echo, sending you 3
2024-10-15 04:22:47.719554 Golf: Victor, sending you 1
2024-10-15 04:22:47.720042 Alpha: Echo, sending you 6
2024-10-15 04:22:47.720596 Victor: November, sending you 5
chatterbot Oscar submitting transactions
2024-10-15 04:22:47.751985 November: X-ray, sending you 6
2024-10-15 04:22:47.773130 November: Victor, sending you 4
chatterbot Echo submitting transactions
chatterbot November submitting transactions
chatterbot Hotel submitting transactions
chatterbot Tango submitting transactions
chatterbot Alpha submitting transactions
chatterbot Bravo submitting transactions
chatterbot Golf submitting transactions
chatterbot Victor submitting transactions
chatterbot X-ray submitting transactions
ChatterBot Alpha round 3
ChatterBot Tango round 3
ChatterBot Oscar round 3
ChatterBot X-ray round 3
ChatterBot November round 3
ChatterBot Bravo round 3
ChatterBot Hotel round 3
ChatterBot Victor round 3
ChatterBot Golf round 3
2024-10-15 04:22:48.979020 Tango: We should add Bravo
ChatterBot Alpha reevaluating
ChatterBot Hotel reevaluating
ChatterBot Oscar reevaluating
ChatterBot Golf reevaluating
2024-10-15 04:22:48.997438 Alpha: Yes
2024-10-15 04:22:48.997631 Hotel: No
2024-10-15 04:22:48.997774 Echo: No
2024-10-15 04:22:48.997929 Oscar: No
2024-10-15 04:22:48.998141 Golf: Yes
ChatterBot Hotel reevaluating
ChatterBot Oscar reevaluating
ChatterBot Golf reevaluating
ChatterBot Alpha reevaluating
ChatterBot Oscar reevaluating
ChatterBot Golf reevaluating
ChatterBot Alpha reevaluating
ChatterBot Hotel reevaluating
ChatterBot Oscar reevaluating
ChatterBot Golf reevaluating
ChatterBot Alpha reevaluating
ChatterBot Hotel reevaluating
ChatterBot Golf reevaluating
ChatterBot Alpha reevaluating
ChatterBot Hotel reevaluating
ChatterBot Oscar reevaluating
2024-10-15 04:22:49.083511 Golf: We should add Oscar
ChatterBot Alpha reevaluating
ChatterBot Hotel reevaluating
ChatterBot November reevaluating
2024-10-15 04:22:49.110442 Alpha: Yes
2024-10-15 04:22:49.110686 Tango: Yes
2024-10-15 04:22:49.110879 Hotel: Yes
2024-10-15 04:22:49.111071 Echo: Yes
2024-10-15 04:22:49.111710 X-ray: No
2024-10-15 04:22:49.111891 November: No
2024-10-15 04:22:49.112138 Bravo: No
2024-10-15 04:22:49.112308 Victor: No
ChatterBot Golf reevaluating
ChatterBot Hotel reevaluating
ChatterBot November reevaluating
ChatterBot Golf reevaluating
ChatterBot Alpha reevaluating
ChatterBot Hotel reevaluating
ChatterBot November reevaluating
ChatterBot Golf reevaluating
ChatterBot Alpha reevaluating
ChatterBot November reevaluating
ChatterBot Golf reevaluating
ChatterBot Alpha reevaluating
ChatterBot Hotel reevaluating
ChatterBot November reevaluating
ChatterBot Victor reevaluating
ChatterBot Golf reevaluating
ChatterBot Alpha reevaluating
ChatterBot Hotel reevaluating
ChatterBot November reevaluating
ChatterBot Victor reevaluating
ChatterBot Golf reevaluating
ChatterBot Alpha reevaluating
ChatterBot Hotel reevaluating
ChatterBot Victor reevaluating
ChatterBot Golf reevaluating
ChatterBot Alpha reevaluating
ChatterBot Hotel reevaluating
ChatterBot November reevaluating
ChatterBot Victor reevaluating
ChatterBot Golf reevaluating
ChatterBot Alpha reevaluating
ChatterBot Tango reevaluating
ChatterBot Hotel reevaluating
ChatterBot November reevaluating
ChatterBot Echo round 3
2024-10-15 04:22:49.391792 Echo: We should add Bravo
ChatterBot Alpha reevaluating
ChatterBot Tango reevaluating
ChatterBot Hotel reevaluating
ChatterBot Golf reevaluating
2024-10-15 04:22:49.526807 Alpha: Yes
2024-10-15 04:22:49.531739 Tango: Yes
2024-10-15 04:22:49.531988 Hotel: Yes
2024-10-15 04:22:49.532185 Oscar: No
2024-10-15 04:22:49.532401 Golf: Yes
ChatterBot Tango reevaluating
ChatterBot Hotel reevaluating
ChatterBot Golf reevaluating
ChatterBot Alpha reevaluating
ChatterBot Hotel reevaluating
ChatterBot Golf reevaluating
ChatterBot Alpha reevaluating
ChatterBot Tango reevaluating
ChatterBot Golf reevaluating
ChatterBot Alpha reevaluating
ChatterBot Tango reevaluating
ChatterBot Hotel reevaluating
ChatterBot Golf reevaluating
ChatterBot Alpha reevaluating
ChatterBot Tango reevaluating
ChatterBot Hotel reevaluating
2024-10-15 04:22:49.672691 X-ray: We should drop Tango
ChatterBot Golf reevaluating
2024-10-15 04:22:49.684901 Bravo: Yes
2024-10-15 04:22:49.685146 November: Yes
2024-10-15 04:22:49.685379 Victor: Yes
2024-10-15 04:22:49.685561 Golf: No
ChatterBot Golf reevaluating
ChatterBot Golf reevaluating
ChatterBot Golf reevaluating
ChatterBot November reevaluating
2024-10-15 04:22:49.736843 Echo: Bravo we want you to join our group
2024-10-15 04:22:49.740378 Bravo: No
ChatterBot Tango reevaluating
2024-10-15 04:22:49.759419 Hotel: Bravo we want you to join our group
2024-10-15 04:22:49.762947 Bravo: No
2024-10-15 04:22:49.779566 Alpha: Bravo we want you to join our group
2024-10-15 04:22:49.782701 Bravo: No
2024-10-15 04:22:49.808925 Tango: Bravo we want you to join our group
2024-10-15 04:22:49.814963 Bravo: No
ChatterBot Golf reevaluating
2024-10-15 04:22:49.845200 Oscar: Alpha, sending you 3
2024-10-15 04:22:49.845977 Victor: X-ray, sending you 5
2024-10-15 04:22:49.847388 Bravo: X-ray, November and Victor, sending you 4
2024-10-15 04:22:49.855656 Oscar: Hotel, sending you 7
2024-10-15 04:22:49.857365 Victor: November, sending you 4
2024-10-15 04:22:49.859020 X-ray: November, sending you 7
2024-10-15 04:22:49.859907 Bravo: Golf, sending you 3
2024-10-15 04:22:49.861287 Echo: Alpha, sending you 3
2024-10-15 04:22:49.863086 November: X-ray, sending you 4
2024-10-15 04:22:49.864488 Golf: Oscar we want you to join our group
2024-10-15 04:22:49.869126 Oscar: No
ChatterBot Golf reevaluating
ChatterBot November reevaluating
2024-10-15 04:22:49.906289 Oscar: Golf, sending you 4
2024-10-15 04:22:49.908742 Victor: Bravo, sending you 3
2024-10-15 04:22:49.911625 X-ray: Bravo, sending you 4
2024-10-15 04:22:49.914031 Echo: Tango and Hotel, sending you 4
2024-10-15 04:22:49.918005 Tango: Alpha, sending you 7
2024-10-15 04:22:49.919184 November: We should drop Golf
2024-10-15 04:22:49.929090 X-ray: No
2024-10-15 04:22:49.929412 Bravo: No
2024-10-15 04:22:49.929550 Victor: No
ChatterBot November reevaluating
ChatterBot November reevaluating
ChatterBot November reevaluating
2024-10-15 04:22:49.957571 Alpha: Tango, Oscar and Echo, sending you 3
2024-10-15 04:22:49.958084 Oscar: Echo, sending you 2
2024-10-15 04:22:49.958474 Hotel: Alpha, Tango, Oscar, Bravo and Golf, sending you 3
2024-10-15 04:22:49.959865 Victor: Golf, sending you 1
2024-10-15 04:22:49.960203 X-ray: Victor, sending you 8
2024-10-15 04:22:49.960555 Echo: Oscar, sending you 2
2024-10-15 04:22:49.961436 Tango: Hotel, sending you 3
2024-10-15 04:22:49.976440 Alpha: Bravo, sending you 1
2024-10-15 04:22:49.977070 Echo: Bravo and Golf, sending you 1
2024-10-15 04:22:49.978297 Hotel: Echo, sending you 4
2024-10-15 04:22:49.978810 Tango: Golf, sending you 1
2024-10-15 04:22:49.983055 Alpha: Hotel and Golf, sending you 2
2024-10-15 04:22:49.984146 Tango: Echo, sending you 5
2024-10-15 04:22:50.020545 Golf: Alpha, Tango, Oscar, November, Bravo, Hotel, Victor and Echo, sending you 1
chatterbot Golf submitting transactions
chatterbot Echo submitting transactions
chatterbot Bravo submitting transactions
chatterbot X-ray submitting transactions
chatterbot November submitting transactions
chatterbot Alpha submitting transactions
chatterbot Oscar submitting transactions
chatterbot Victor submitting transactions
chatterbot Hotel submitting transactions
chatterbot Tango submitting transactions
ChatterBot Alpha round 4
ChatterBot Tango round 4
ChatterBot Oscar round 4
ChatterBot X-ray round 4
ChatterBot November round 4
ChatterBot Bravo round 4
ChatterBot Hotel round 4
ChatterBot Victor round 4
ChatterBot Golf round 4
ChatterBot Echo round 4
2024-10-15 04:22:50.908036 Hotel: We should drop Bravo
ChatterBot Golf reevaluating
2024-10-15 04:22:50.922041 Alpha: No
2024-10-15 04:22:50.922265 Tango: No
2024-10-15 04:22:50.922414 Echo: No
2024-10-15 04:22:50.922551 Oscar: Yes
2024-10-15 04:22:50.922697 Golf: No
ChatterBot Hotel reevaluating
ChatterBot Golf reevaluating
ChatterBot Hotel reevaluating
ChatterBot Golf reevaluating
ChatterBot Hotel reevaluating
ChatterBot Golf reevaluating
ChatterBot Hotel reevaluating
ChatterBot Golf reevaluating
ChatterBot Hotel reevaluating
2024-10-15 04:22:51.000601 Oscar: Alpha, sending you 4
2024-10-15 04:22:51.001892 Alpha: Tango, sending you 6
2024-10-15 04:22:51.004699 Oscar: Hotel, sending you 6
2024-10-15 04:22:51.006398 Victor: X-ray, sending you 5
2024-10-15 04:22:51.007434 Tango: Alpha, sending you 5
2024-10-15 04:22:51.008684 Alpha: Oscar and Hotel, sending you 2
2024-10-15 04:22:51.009647 X-ray: November, sending you 7
2024-10-15 04:22:51.010805 Bravo: X-ray, November and Victor, sending you 4
2024-10-15 04:22:51.011715 Oscar: Golf and Echo, sending you 3
2024-10-15 04:22:51.013305 Victor: November and Bravo, sending you 4
2024-10-15 04:22:51.014083 Tango: Hotel, sending you 4
2024-10-15 04:22:51.015031 X-ray: Bravo, sending you 4
2024-10-15 04:22:51.016392 Alpha: Golf, sending you 1
2024-10-15 04:22:51.017153 Golf: Alpha, Tango, Bravo and Echo, sending you 1
2024-10-15 04:22:51.017868 Bravo: Golf, sending you 3
2024-10-15 04:22:51.019103 Victor: Golf, sending you 1
2024-10-15 04:22:51.019914 Tango: Golf, sending you 1
2024-10-15 04:22:51.020786 Alpha: Echo, sending you 3
2024-10-15 04:22:51.022256 Echo: Alpha, sending you 3
2024-10-15 04:22:51.023048 X-ray: Victor, sending you 8
2024-10-15 04:22:51.024576 Golf: Oscar and Hotel, sending you 2
2024-10-15 04:22:51.025509 Tango: Echo, sending you 6
2024-10-15 04:22:51.027311 Echo: Tango and Hotel, sending you 4
2024-10-15 04:22:51.030704 Hotel: Alpha, Tango and Golf, sending you 3
2024-10-15 04:22:51.032572 Echo: Oscar, sending you 2
2024-10-15 04:22:51.034692 Hotel: Oscar and Echo, sending you 4
2024-10-15 04:22:51.037666 Echo: Bravo and Golf, sending you 1
2024-10-15 04:22:51.038670 Hotel: Bravo, sending you 2
chatterbot Alpha submitting transactions
chatterbot Victor submitting transactions
chatterbot X-ray submitting transactions
chatterbot Oscar submitting transactions
chatterbot Hotel submitting transactions
chatterbot November submitting transactions
chatterbot Bravo submitting transactions
chatterbot Tango submitting transactions
chatterbot Golf submitting transactions
chatterbot Echo submitting transactions
ChatterBot Alpha round 5
ChatterBot Tango round 5
ChatterBot Oscar round 5
ChatterBot X-ray round 5
ChatterBot November round 5
ChatterBot Bravo round 5
ChatterBot Hotel round 5
ChatterBot Victor round 5
ChatterBot Golf round 5
ChatterBot Echo round 5
2024-10-15 04:22:52.145688 Hotel: We should drop Bravo
2024-10-15 04:22:52.163323 Alpha: No
2024-10-15 04:22:52.163489 Tango: No
2024-10-15 04:22:52.163607 Echo: No
2024-10-15 04:22:52.163739 Oscar: Yes
2024-10-15 04:22:52.163851 Golf: No
ChatterBot Golf reevaluating
ChatterBot Tango reevaluating
ChatterBot Hotel reevaluating
ChatterBot Golf reevaluating
ChatterBot Tango reevaluating
ChatterBot Hotel reevaluating
2024-10-15 04:22:52.266413 Alpha: Tango, sending you 5
2024-10-15 04:22:52.268376 Oscar: Alpha, sending you 4
2024-10-15 04:22:52.269460 Bravo: X-ray, November and Victor, sending you 4
2024-10-15 04:22:52.270733 X-ray: November, sending you 7
2024-10-15 04:22:52.285342 Alpha: Oscar and Echo, sending you 3
2024-10-15 04:22:52.286330 Oscar: Hotel, sending you 6
2024-10-15 04:22:52.287395 Bravo: Golf, sending you 3
2024-10-15 04:22:52.287959 Echo: Alpha, sending you 3
2024-10-15 04:22:52.288745 Victor: X-ray, sending you 5
2024-10-15 04:22:52.289972 X-ray: Bravo, sending you 4
2024-10-15 04:22:52.290424 Alpha: Hotel, sending you 2
2024-10-15 04:22:52.291680 Oscar: Golf and Echo, sending you 3
2024-10-15 04:22:52.292562 Tango: Alpha, sending you 6
2024-10-15 04:22:52.293798 Echo: Tango and Hotel, sending you 4
2024-10-15 04:22:52.294562 Hotel: Alpha, Tango, Oscar and Echo, sending you 4
2024-10-15 04:22:52.296154 Victor: November and Bravo, sending you 4
2024-10-15 04:22:52.297062 X-ray: Victor, sending you 8
2024-10-15 04:22:52.298550 Golf: Alpha and Echo, sending you 1
2024-10-15 04:22:52.300372 Alpha: Golf, sending you 1
2024-10-15 04:22:52.301366 Tango: Hotel, sending you 3
2024-10-15 04:22:52.303197 Echo: Oscar and Golf, sending you 2
2024-10-15 04:22:52.307499 Hotel: Golf, sending you 3
2024-10-15 04:22:52.308632 Victor: Golf, sending you 1
2024-10-15 04:22:52.309428 Golf: Oscar, Bravo and Hotel, sending you 2
2024-10-15 04:22:52.312087 Tango: Golf, sending you 2
2024-10-15 04:22:52.320706 Tango: Echo, sending you 5
chatterbot Echo submitting transactions
chatterbot Oscar submitting transactions
chatterbot X-ray submitting transactions
chatterbot November submitting transactions
chatterbot Bravo submitting transactions
chatterbot Tango submitting transactions
chatterbot Hotel submitting transactions
chatterbot Alpha submitting transactions
chatterbot Victor submitting transactions
chatterbot Golf submitting transactions
ChatterBot Alpha round 6
ChatterBot Tango round 6
ChatterBot Oscar round 6
ChatterBot X-ray round 6
ChatterBot November round 6
ChatterBot Bravo round 6
ChatterBot Hotel round 6
ChatterBot Victor round 6
ChatterBot Golf round 6
ChatterBot Echo round 6
2024-10-15 04:22:53.439106 Echo: Alpha, sending you 3
2024-10-15 04:22:53.440816 Tango: Alpha, sending you 6
2024-10-15 04:22:53.441874 Alpha: Tango, sending you 5
2024-10-15 04:22:53.443345 X-ray: November and Victor, sending you 7
2024-10-15 04:22:53.444671 Hotel: Alpha, Tango, Oscar and Echo, sending you 4
2024-10-15 04:22:53.445487 Bravo: X-ray, November and Victor, sending you 4
2024-10-15 04:22:53.446648 Echo: Tango and Hotel, sending you 4
2024-10-15 04:22:53.447426 Tango: Hotel, sending you 4
2024-10-15 04:22:53.448802 Alpha: Oscar, Hotel and Echo, sending you 3
2024-10-15 04:22:53.449572 Oscar: Alpha, sending you 4
2024-10-15 04:22:53.450567 Golf: Alpha, Tango, Oscar, Bravo, Victor and Echo, sending you 1
2024-10-15 04:22:53.452400 Victor: X-ray, November and Bravo, sending you 4
2024-10-15 04:22:53.453543 X-ray: Bravo, sending you 5
2024-10-15 04:22:53.454243 Hotel: Golf, sending you 3
2024-10-15 04:22:53.455578 Echo: Oscar and Golf, sending you 2
2024-10-15 04:22:53.457410 Bravo: Golf, sending you 3
2024-10-15 04:22:53.458157 Tango: Golf, sending you 1
2024-10-15 04:22:53.459541 Oscar: Hotel, sending you 6
2024-10-15 04:22:53.460626 Golf: Hotel, sending you 2
2024-10-15 04:22:53.462681 Victor: Golf, sending you 1
2024-10-15 04:22:53.464082 Oscar: Golf and Echo, sending you 3
2024-10-15 04:22:53.465792 Tango: Echo, sending you 5
chatterbot Victor submitting transactions
chatterbot Tango submitting transactions
chatterbot Hotel submitting transactions
chatterbot Alpha submitting transactions
chatterbot Echo submitting transactions
chatterbot Bravo submitting transactions
chatterbot November submitting transactions
chatterbot Oscar submitting transactions
chatterbot Golf submitting transactions
chatterbot X-ray submitting transactions
ChatterBot Alpha round 7
ChatterBot Tango round 7
ChatterBot Oscar round 7
ChatterBot X-ray round 7
ChatterBot November round 7
ChatterBot Bravo round 7
ChatterBot Hotel round 7
ChatterBot Victor round 7
ChatterBot Golf round 7
ChatterBot Echo round 7
2024-10-15 04:22:54.708821 Tango: We should drop Bravo
ChatterBot Echo reevaluating
2024-10-15 04:22:54.732221 Alpha: No
2024-10-15 04:22:54.732532 Hotel: Yes
2024-10-15 04:22:54.732776 Echo: Yes
2024-10-15 04:22:54.732977 Oscar: Yes
2024-10-15 04:22:54.733164 Golf: No
ChatterBot Echo reevaluating
ChatterBot Golf reevaluating
ChatterBot Tango reevaluating
ChatterBot Echo reevaluating
ChatterBot Golf reevaluating
ChatterBot Alpha reevaluating
ChatterBot Tango reevaluating
ChatterBot Golf reevaluating
ChatterBot Alpha reevaluating
ChatterBot Tango reevaluating
ChatterBot Echo reevaluating
ChatterBot Golf reevaluating
ChatterBot Alpha reevaluating
ChatterBot Tango reevaluating
ChatterBot Echo reevaluating
2024-10-15 04:22:54.869706 Echo: We should replace Bravo with Victor
ChatterBot Alpha reevaluating
ChatterBot Tango reevaluating
ChatterBot Golf reevaluating
2024-10-15 04:22:54.885778 Alpha: Yes
2024-10-15 04:22:54.885938 Tango: No
2024-10-15 04:22:54.886057 Hotel: No
2024-10-15 04:22:54.886174 Oscar: No
2024-10-15 04:22:54.886282 Golf: No
ChatterBot Tango reevaluating
ChatterBot Echo reevaluating
ChatterBot Golf reevaluating
ChatterBot Alpha reevaluating
ChatterBot Echo reevaluating
ChatterBot Golf reevaluating
ChatterBot Alpha reevaluating
ChatterBot Tango reevaluating
ChatterBot Echo reevaluating
ChatterBot Golf reevaluating
ChatterBot Alpha reevaluating
ChatterBot Tango reevaluating
ChatterBot Echo reevaluating
ChatterBot Golf reevaluating
ChatterBot Alpha reevaluating
ChatterBot Tango reevaluating
ChatterBot Echo reevaluating
2024-10-15 04:22:54.983849 Bravo: X-ray, November and Victor, sending you 4
2024-10-15 04:22:54.986683 Victor: X-ray and November, sending you 4
2024-10-15 04:22:54.987696 Oscar: Alpha, sending you 4
2024-10-15 04:22:54.989674 Bravo: Golf, sending you 3
2024-10-15 04:22:54.990452 X-ray: November and Victor, sending you 7
2024-10-15 04:22:54.992240 Hotel: Alpha, Tango, Oscar and Echo, sending you 4
2024-10-15 04:22:54.992970 Echo: Victor we want you to join our group
ChatterBot Victor reevaluating
2024-10-15 04:22:54.998603 Victor: Yes
ChatterBot Alpha reevaluating
ChatterBot Tango reevaluating
2024-10-15 04:22:55.018609 Victor: We would work well together
ChatterBot Alpha reevaluating
ChatterBot Tango reevaluating
ChatterBot November reevaluating
2024-10-15 04:22:55.045939 Golf: No
2024-10-15 04:22:55.046101 Alpha: No
2024-10-15 04:22:55.046794 Tango: No
2024-10-15 04:22:55.047007 Oscar: No
2024-10-15 04:22:55.047175 Hotel: No
2024-10-15 04:22:55.047349 Echo: No
2024-10-15 04:22:55.047516 X-ray: No
2024-10-15 04:22:55.047633 November: No
2024-10-15 04:22:55.047746 Bravo: No
ChatterBot Alpha reevaluating
ChatterBot Tango reevaluating
ChatterBot November reevaluating
ChatterBot Victor reevaluating
ChatterBot Tango reevaluating
ChatterBot November reevaluating
ChatterBot Victor reevaluating
ChatterBot Alpha reevaluating
ChatterBot November reevaluating
ChatterBot Victor reevaluating
ChatterBot Alpha reevaluating
ChatterBot Tango reevaluating
ChatterBot November reevaluating
ChatterBot Victor reevaluating
ChatterBot Alpha reevaluating
ChatterBot Tango reevaluating
ChatterBot November reevaluating
ChatterBot Victor reevaluating
ChatterBot Golf reevaluating
ChatterBot Alpha reevaluating
ChatterBot Tango reevaluating
ChatterBot November reevaluating
ChatterBot Victor reevaluating
ChatterBot Golf reevaluating
ChatterBot Alpha reevaluating
ChatterBot Tango reevaluating
ChatterBot November reevaluating
ChatterBot Victor reevaluating
ChatterBot Golf reevaluating
ChatterBot Alpha reevaluating
ChatterBot Tango reevaluating
ChatterBot Victor reevaluating
ChatterBot Golf reevaluating
ChatterBot Alpha reevaluating
ChatterBot Tango reevaluating
ChatterBot November reevaluating
ChatterBot Victor reevaluating
2024-10-15 04:22:55.380798 Oscar: Hotel, sending you 6
2024-10-15 04:22:55.381761 X-ray: Bravo, sending you 5
2024-10-15 04:22:55.382760 Hotel: Golf, sending you 3
chatterbot Bravo submitting transactions
chatterbot Oscar submitting transactions
2024-10-15 04:22:55.385667 Oscar: Golf and Echo, sending you 3
2024-10-15 04:22:55.389700 Tango: Victor we want you to join our group
ChatterBot Victor reevaluating
2024-10-15 04:22:55.397032 Victor: Yes
ChatterBot Alpha reevaluating
ChatterBot Tango reevaluating
ChatterBot Golf reevaluating
2024-10-15 04:22:55.428120 November: Golf we want you to join our group
ChatterBot Golf reevaluating
2024-10-15 04:22:55.434962 Golf: Yes
ChatterBot November reevaluating
ChatterBot Victor reevaluating
2024-10-15 04:22:55.454304 Echo: Alpha and Hotel, sending you 3
2024-10-15 04:22:55.455406 Alpha: Victor we want you to join our group
ChatterBot Victor reevaluating
2024-10-15 04:22:55.461273 Victor: Yes
ChatterBot Alpha reevaluating
ChatterBot Tango reevaluating
ChatterBot Golf reevaluating
2024-10-15 04:22:55.478944 Echo: Tango, sending you 4
2024-10-15 04:22:55.482663 Echo: Oscar and Golf, sending you 2
2024-10-15 04:22:55.486679 Echo: Victor, sending you 1
chatterbot Echo submitting transactions
2024-10-15 04:22:55.502679 Golf: Alpha, Tango, Oscar, Bravo, Victor and Echo, sending you 1
2024-10-15 04:22:55.503819 Tango: Alpha, sending you 6
2024-10-15 04:22:55.506682 Golf: Hotel, sending you 2
2024-10-15 04:22:55.509660 Tango: Hotel, sending you 4
2024-10-15 04:22:55.510186 Alpha: Tango, sending you 5
2024-10-15 04:22:55.513854 Alpha: Oscar, Hotel and Echo, sending you 3
2024-10-15 04:22:55.514667 Tango: Golf, sending you 1
2024-10-15 04:22:55.519015 Tango: Echo, sending you 5
chatterbot Hotel submitting transactions
chatterbot Alpha submitting transactions
chatterbot X-ray submitting transactions
chatterbot Victor submitting transactions
chatterbot November submitting transactions
chatterbot Tango submitting transactions
chatterbot Golf submitting transactions
ChatterBot Alpha round 8
ChatterBot Tango round 8
ChatterBot Oscar round 8
ChatterBot X-ray round 8
ChatterBot November round 8
ChatterBot Bravo round 8
ChatterBot Hotel round 8
ChatterBot Victor round 8
ChatterBot Golf round 8
ChatterBot Echo round 8
2024-10-15 04:22:56.368634 November: We should add Golf
ChatterBot Victor reevaluating
2024-10-15 04:22:56.378352 X-ray: Yes
2024-10-15 04:22:56.379285 Bravo: Yes
2024-10-15 04:22:56.379470 Victor: Yes
ChatterBot November reevaluating
ChatterBot Victor reevaluating
ChatterBot November reevaluating
ChatterBot Victor reevaluating
ChatterBot November reevaluating
chatterbot November submitting transactions
2024-10-15 04:22:56.491827 November: Golf we want you to join our group
2024-10-15 04:22:56.496100 Golf: Yes
ChatterBot November reevaluating
2024-10-15 04:22:56.509626 Tango: Alpha, sending you 6
2024-10-15 04:22:56.557260 Alpha: Tango, sending you 5
2024-10-15 04:22:56.559650 Echo: Alpha and Hotel, sending you 3
2024-10-15 04:22:56.561662 X-ray: November and Victor, sending you 7
2024-10-15 04:22:56.563345 Golf: Tango, Oscar, Victor and Echo, sending you 1
2024-10-15 04:22:56.565645 Oscar: Alpha, sending you 5
2024-10-15 04:22:56.566607 Bravo: X-ray, November and Victor, sending you 4
2024-10-15 04:22:56.568167 Tango: Hotel, sending you 4
chatterbot Victor submitting transactions
2024-10-15 04:22:56.570062 Hotel: Alpha, Tango, Oscar and Echo, sending you 4
2024-10-15 04:22:56.572177 Alpha: Oscar, Hotel and Echo, sending you 3
2024-10-15 04:22:56.574473 Echo: Tango, sending you 4
2024-10-15 04:22:56.575880 X-ray: Bravo, sending you 5
2024-10-15 04:22:56.577771 Golf: Bravo and Hotel, sending you 2
2024-10-15 04:22:56.580295 Oscar: Hotel, sending you 6
2024-10-15 04:22:56.582656 Bravo: Golf, sending you 3
2024-10-15 04:22:56.584508 Tango: Golf, sending you 1
2024-10-15 04:22:56.586411 Hotel: Golf, sending you 3
2024-10-15 04:22:56.588640 Echo: Oscar and Golf, sending you 2
2024-10-15 04:22:56.590544 Oscar: Golf, sending you 2
2024-10-15 04:22:56.592263 Tango: Echo, sending you 5
2024-10-15 04:22:56.594334 Echo: Victor, sending you 1
2024-10-15 04:22:56.636628 Oscar: Echo, sending you 3
chatterbot Golf submitting transactions
chatterbot Alpha submitting transactions
chatterbot Echo submitting transactions
chatterbot Bravo submitting transactions
chatterbot Oscar submitting transactions
chatterbot X-ray submitting transactions
chatterbot Victor submitting transactions
chatterbot Tango submitting transactions
chatterbot November submitting transactions
chatterbot Hotel submitting transactions
ChatterBot Alpha round 9
ChatterBot Tango round 9
ChatterBot Oscar round 9
ChatterBot X-ray round 9
ChatterBot November round 9
ChatterBot Bravo round 9
ChatterBot Hotel round 9
ChatterBot Victor round 9
ChatterBot Golf round 9
ChatterBot Echo round 9
2024-10-15 04:22:57.838381 Tango: We should drop Victor
2024-10-15 04:22:57.861996 Alpha: No
2024-10-15 04:22:57.862897 Hotel: Yes
2024-10-15 04:22:57.863152 Echo: No
2024-10-15 04:22:57.863418 Oscar: Yes
2024-10-15 04:22:57.863692 Golf: No
ChatterBot Tango reevaluating
ChatterBot Tango reevaluating
ChatterBot Golf reevaluating
ChatterBot Tango reevaluating
ChatterBot Golf reevaluating
ChatterBot Tango reevaluating
ChatterBot Golf reevaluating
ChatterBot Tango reevaluating
2024-10-15 04:22:58.043353 Bravo: X-ray, November and Victor, sending you 4
2024-10-15 04:22:58.045948 Alpha: Tango, sending you 5
2024-10-15 04:22:58.049529 X-ray: November and Victor, sending you 7
2024-10-15 04:22:58.052034 Oscar: Alpha, sending you 5
2024-10-15 04:22:58.055339 Bravo: Golf, sending you 3
2024-10-15 04:22:58.057329 Alpha: Oscar, Hotel and Echo, sending you 3
2024-10-15 04:22:58.060486 X-ray: Bravo, sending you 5
2024-10-15 04:22:58.063415 Echo: Alpha and Hotel, sending you 3
2024-10-15 04:22:58.066431 Oscar: Hotel, sending you 6
2024-10-15 04:22:58.070588 Hotel: Alpha, Tango, Oscar and Echo, sending you 4
2024-10-15 04:22:58.074080 Echo: Tango, sending you 4
2024-10-15 04:22:58.076867 Oscar: Golf, sending you 2
2024-10-15 04:22:58.079597 Hotel: Golf, sending you 3
2024-10-15 04:22:58.083017 Golf: Tango, Oscar, Victor and Echo, sending you 1
2024-10-15 04:22:58.087826 Tango: Alpha, sending you 6
2024-10-15 04:22:58.090600 Echo: Oscar and Golf, sending you 2
2024-10-15 04:22:58.093920 Oscar: Echo, sending you 3
2024-10-15 04:22:58.107987 Golf: Bravo and Hotel, sending you 2
2024-10-15 04:22:58.115750 Tango: Hotel, sending you 4
2024-10-15 04:22:58.122582 Echo: Victor, sending you 1
2024-10-15 04:22:58.128184 Tango: Golf, sending you 1
2024-10-15 04:22:58.138176 Tango: Echo, sending you 5
chatterbot Alpha submitting transactions
chatterbot Oscar submitting transactions
chatterbot Bravo submitting transactions
chatterbot November submitting transactions
chatterbot Victor submitting transactions
chatterbot Tango submitting transactions
chatterbot Echo submitting transactions
chatterbot Hotel submitting transactions
chatterbot X-ray submitting transactions
chatterbot Golf submitting transactions
ChatterBot Alpha round 10
ChatterBot Tango round 10
ChatterBot Oscar round 10
ChatterBot X-ray round 10
ChatterBot November round 10
ChatterBot Bravo round 10
ChatterBot Hotel round 10
ChatterBot Victor round 10
ChatterBot Golf round 10
ChatterBot Echo round 10
2024-10-15 04:22:59.251144 November: We should add Golf
ChatterBot Victor reevaluating
2024-10-15 04:22:59.265129 X-ray: Yes
2024-10-15 04:22:59.265318 Bravo: Yes
2024-10-15 04:22:59.265482 Victor: Yes
ChatterBot November reevaluating
ChatterBot Victor reevaluating
ChatterBot November reevaluating
ChatterBot Victor reevaluating
ChatterBot November reevaluating
2024-10-15 04:22:59.333750 Tango: We should drop Victor
2024-10-15 04:22:59.354791 Alpha: No
2024-10-15 04:22:59.355 Hotel: Yes
2024-10-15 04:22:59.355166 Echo: No
2024-10-15 04:22:59.355318 Oscar: Yes
2024-10-15 04:22:59.355477 Golf: No
ChatterBot Tango reevaluating
ChatterBot Tango reevaluating
ChatterBot Golf reevaluating
ChatterBot Tango reevaluating
ChatterBot Golf reevaluating
ChatterBot Tango reevaluating
ChatterBot Golf reevaluating
ChatterBot Tango reevaluating
2024-10-15 04:22:59.701638 Oscar: Alpha, sending you 5
2024-10-15 04:22:59.705936 Hotel: Alpha, Tango, Oscar and Echo, sending you 4
2024-10-15 04:22:59.708242 November: Golf we want you to join our group
ChatterBot Golf reevaluating
2024-10-15 04:22:59.716784 Golf: No
ChatterBot November reevaluating
2024-10-15 04:22:59.742117 Oscar: Hotel, sending you 6
2024-10-15 04:22:59.744268 Hotel: Golf, sending you 3
2024-10-15 04:22:59.747189 Bravo: X-ray, November and Victor, sending you 4
2024-10-15 04:22:59.749137 Alpha: Tango, sending you 5
2024-10-15 04:22:59.751073 Echo: Alpha and Hotel, sending you 3
2024-10-15 04:22:59.753207 X-ray: November, sending you 8
2024-10-15 04:22:59.755110 Oscar: Golf, sending you 2
2024-10-15 04:22:59.757468 Bravo: Golf, sending you 3
2024-10-15 04:22:59.759452 Alpha: Oscar, Hotel and Echo, sending you 3
2024-10-15 04:22:59.762320 Echo: Tango, sending you 4
2024-10-15 04:22:59.765088 X-ray: Bravo, sending you 5
2024-10-15 04:22:59.767108 Oscar: Echo, sending you 3
2024-10-15 04:22:59.770549 Tango: Alpha, sending you 6
2024-10-15 04:22:59.773395 Echo: Oscar and Golf, sending you 2
2024-10-15 04:22:59.776600 X-ray: Victor, sending you 6
2024-10-15 04:22:59.779246 Tango: Hotel, sending you 4
2024-10-15 04:22:59.782778 Echo: Victor, sending you 1
2024-10-15 04:22:59.786384 Golf: Tango and Victor, sending you 1
2024-10-15 04:22:59.789137 Tango: Golf, sending you 1
2024-10-15 04:22:59.792509 Golf: Oscar, Hotel and Echo, sending you 2
2024-10-15 04:22:59.835054 Tango: Echo, sending you 5
chatterbot Hotel submitting transactions
chatterbot X-ray submitting transactions
chatterbot Bravo submitting transactions
chatterbot November submitting transactions
chatterbot Echo submitting transactions
chatterbot November submitting transactions
chatterbot Oscar submitting transactions
chatterbot Tango submitting transactions
chatterbot Alpha submitting transactions
chatterbot Victor submitting transactions
chatterbot Golf submitting transactions
ChatterBot Alpha round 11
ChatterBot Tango round 11
ChatterBot Oscar round 11
ChatterBot X-ray round 11
ChatterBot November round 11
ChatterBot Bravo round 11
ChatterBot Hotel round 11
2024-10-15 04:23:01.006961 Tango: We should add Victor
ChatterBot Golf reevaluating
2024-10-15 04:23:01.021549 Alpha: Yes
2024-10-15 04:23:01.021738 Hotel: No
2024-10-15 04:23:01.021884 Echo: Yes
2024-10-15 04:23:01.022017 Oscar: No
2024-10-15 04:23:01.022150 Golf: Yes
ChatterBot Golf reevaluating
ChatterBot Golf reevaluating
ChatterBot Tango reevaluating
ChatterBot Golf reevaluating
ChatterBot Tango reevaluating
ChatterBot Golf reevaluating
ChatterBot Tango reevaluating
ChatterBot Victor round 11
ChatterBot Golf round 11
ChatterBot Echo round 11
2024-10-15 04:23:01.180708 Tango: Alpha, sending you 6
2024-10-15 04:23:01.183720 Oscar: Alpha and Hotel, sending you 5
2024-10-15 04:23:01.186213 X-ray: November, sending you 8
2024-10-15 04:23:01.188243 Tango: Hotel, sending you 4
2024-10-15 04:23:01.190089 Hotel: Alpha, Tango, Oscar and Echo, sending you 4
2024-10-15 04:23:01.192132 Oscar: Golf and Echo, sending you 3
2024-10-15 04:23:01.194125 Alpha: Tango, sending you 5
2024-10-15 04:23:01.194976 Golf: Tango, Oscar, Victor and Echo, sending you 1
2024-10-15 04:23:01.196513 X-ray: Bravo, sending you 5
2024-10-15 04:23:01.197062 Tango: Golf, sending you 1
2024-10-15 04:23:01.198860 Echo: Alpha and Hotel, sending you 3
2024-10-15 04:23:01.200199 Bravo: X-ray, November and Victor, sending you 4
2024-10-15 04:23:01.201077 Hotel: Golf, sending you 3
2024-10-15 04:23:01.203094 Alpha: Oscar, Hotel and Echo, sending you 3
2024-10-15 04:23:01.205560 Golf: Bravo and Hotel, sending you 2
2024-10-15 04:23:01.209582 X-ray: Victor, sending you 6
2024-10-15 04:23:01.211699 Tango: Echo, sending you 5
2024-10-15 04:23:01.213950 Echo: Tango, sending you 4
2024-10-15 04:23:01.215286 Bravo: Golf, sending you 3
2024-10-15 04:23:01.218595 Echo: Oscar and Golf, sending you 2
2024-10-15 04:23:01.224851 Echo: Victor, sending you 1
chatterbot Hotel submitting transactions
chatterbot Alpha submitting transactions
chatterbot Bravo submitting transactions
