ChatterBot India round 1
ChatterBot Whiskey round 1
ChatterBot Uniform round 1
ChatterBot Charlie round 1
ChatterBot Alpha round 1
ChatterBot Hotel round 1
ChatterBot Kilo round 1
ChatterBot November round 1
ChatterBot Quebec round 1
ChatterBot X-ray round 1
randomSelections Uniform: {Uniform, Charlie, Quebec, Hotel, Alpha, Kilo} 
2024-10-15 04:22:38.797919 Uniform: Can we be friends?
ChatterBot Charlie reevaluating
ChatterBot Quebec reevaluating
ChatterBot Hotel reevaluating
ChatterBot Alpha reevaluating
ChatterBot Kilo reevaluating
2024-10-15 04:22:38.807967 Charlie: Yes
2024-10-15 04:22:38.808888 Quebec: Yes
2024-10-15 04:22:38.809067 Hotel: Yes
2024-10-15 04:22:38.809204 Alpha: Yes
2024-10-15 04:22:38.809403 Kilo: Yes
ChatterBot Quebec reevaluating
ChatterBot Hotel reevaluating
ChatterBot Alpha reevaluating
ChatterBot Kilo reevaluating
ChatterBot Charlie reevaluating
ChatterBot Hotel reevaluating
ChatterBot Alpha reevaluating
ChatterBot Kilo reevaluating
ChatterBot Charlie reevaluating
ChatterBot Quebec reevaluating
ChatterBot Alpha reevaluating
ChatterBot Kilo reevaluating
ChatterBot Charlie reevaluating
ChatterBot Quebec reevaluating
ChatterBot Hotel reevaluating
ChatterBot Kilo reevaluating
ChatterBot Charlie reevaluating
ChatterBot Quebec reevaluating
ChatterBot Hotel reevaluating
ChatterBot Alpha reevaluating
randomSelections Whiskey: {Whiskey, Hotel, November, India, Charlie, Quebec} 
2024-10-15 04:22:38.863513 Whiskey: We should group up
ChatterBot Hotel reevaluating
ChatterBot November reevaluating
ChatterBot India reevaluating
ChatterBot Charlie reevaluating
ChatterBot Quebec reevaluating
2024-10-15 04:22:38.872440 Hotel: No
2024-10-15 04:22:38.873289 November: Yes
2024-10-15 04:22:38.873425 India: Yes
2024-10-15 04:22:38.873530 Charlie: No
2024-10-15 04:22:38.873711 Quebec: No
ChatterBot November reevaluating
ChatterBot India reevaluating
ChatterBot Charlie reevaluating
ChatterBot Quebec reevaluating
ChatterBot Hotel reevaluating
ChatterBot India reevaluating
ChatterBot Charlie reevaluating
ChatterBot Quebec reevaluating
ChatterBot Hotel reevaluating
ChatterBot November reevaluating
ChatterBot Charlie reevaluating
ChatterBot Quebec reevaluating
ChatterBot Hotel reevaluating
ChatterBot November reevaluating
ChatterBot India reevaluating
ChatterBot Quebec reevaluating
ChatterBot Hotel reevaluating
ChatterBot November reevaluating
ChatterBot India reevaluating
ChatterBot Charlie reevaluating
randomSelections X-ray: {X-ray, Whiskey, Quebec, India} 
2024-10-15 04:22:38.927891 X-ray: We would work well together
ChatterBot Quebec reevaluating
ChatterBot India reevaluating
2024-10-15 04:22:38.933328 Whiskey: No
2024-10-15 04:22:38.933575 Quebec: No
2024-10-15 04:22:38.934809 India: No
ChatterBot Quebec reevaluating
ChatterBot India reevaluating
ChatterBot India reevaluating
ChatterBot Quebec reevaluating
2024-10-15 04:22:38.966701 November: India, sending you 2
2024-10-15 04:22:38.971670 Uniform: Charlie and Kilo, sending you 5
2024-10-15 04:22:38.973627 Hotel: Uniform, sending you 3
2024-10-15 04:22:38.974592 Alpha: Uniform and Kilo, sending you 4
2024-10-15 04:22:38.976524 November: Whiskey, sending you 5
2024-10-15 04:22:38.977424 X-ray: India and Quebec, sending you 5
2024-10-15 04:22:38.978659 Uniform: Alpha, sending you 1
2024-10-15 04:22:38.979326 Hotel: Charlie and Kilo, sending you 4
2024-10-15 04:22:38.980508 India: Whiskey and November, sending you 2
2024-10-15 04:22:38.981129 Alpha: Charlie, sending you 5
2024-10-15 04:22:38.982400 Whiskey: India and Hotel, sending you 2
2024-10-15 04:22:38.983103 Kilo: Uniform and Alpha, sending you 3
2024-10-15 04:22:38.984589 Quebec: Uniform and Charlie, sending you 2
2024-10-15 04:22:38.985419 Charlie: Uniform, sending you 6
2024-10-15 04:22:38.986783 November: Charlie, sending you 4
2024-10-15 04:22:38.988112 Uniform: Hotel, sending you 3
2024-10-15 04:22:38.988831 Hotel: Alpha, sending you 2
2024-10-15 04:22:38.990228 X-ray: Whiskey, sending you 3
2024-10-15 04:22:38.990907 India: Charlie, sending you 3
2024-10-15 04:22:38.992161 Alpha: Hotel, sending you 3
2024-10-15 04:22:38.993144 Whiskey: Charlie and Quebec, sending you 5
2024-10-15 04:22:38.994558 Kilo: Charlie, Hotel and Quebec, sending you 4
2024-10-15 04:22:38.995796 Quebec: Alpha, Hotel and Kilo, sending you 1
2024-10-15 04:22:38.996476 Charlie: Alpha, sending you 3
2024-10-15 04:22:38.997776 November: Hotel, sending you 6
2024-10-15 04:22:38.999472 Hotel: Quebec, sending you 1
2024-10-15 04:22:39.000546 India: Hotel, sending you 1
2024-10-15 04:22:39.002197 Whiskey: November, sending you 3
2024-10-15 04:22:39.003638 November: Quebec, sending you 3
2024-10-15 04:22:39.004158 Charlie: Hotel, sending you 2
2024-10-15 04:22:39.005678 India: Quebec, sending you 4
2024-10-15 04:22:39.008106 Charlie: Kilo, sending you 5
2024-10-15 04:22:39.013240 Charlie: Quebec, sending you 4
chatterbot Whiskey submitting transactions
chatterbot Kilo submitting transactions
chatterbot November submitting transactions
chatterbot X-ray submitting transactions
chatterbot Uniform submitting transactions
chatterbot Charlie submitting transactions
chatterbot India submitting transactions
chatterbot Alpha submitting transactions
chatterbot Hotel submitting transactions
chatterbot Quebec submitting transactions
ChatterBot India round 2
ChatterBot Whiskey round 2
ChatterBot Uniform round 2
ChatterBot Charlie round 2
ChatterBot Alpha round 2
ChatterBot Hotel round 2
ChatterBot Kilo round 2
2024-10-15 04:22:47.261923 India: Let's form a team
ChatterBot Whiskey reevaluating
ChatterBot November reevaluating
ChatterBot Quebec reevaluating
ChatterBot X-ray reevaluating
2024-10-15 04:22:47.336154 Whiskey: Yes
2024-10-15 04:22:47.337115 November: No
2024-10-15 04:22:47.337432 Quebec: No
2024-10-15 04:22:47.337747 X-ray: No
ChatterBot November reevaluating
ChatterBot Quebec reevaluating
ChatterBot X-ray reevaluating
ChatterBot Whiskey reevaluating
ChatterBot Quebec reevaluating
ChatterBot X-ray reevaluating
ChatterBot India reevaluating
ChatterBot Whiskey reevaluating
ChatterBot November reevaluating
ChatterBot X-ray reevaluating
ChatterBot India reevaluating
ChatterBot Whiskey reevaluating
ChatterBot November reevaluating
ChatterBot Quebec reevaluating
ChatterBot November round 2
2024-10-15 04:22:47.595687 Uniform: We should group up
ChatterBot Charlie reevaluating
ChatterBot Alpha reevaluating
ChatterBot Hotel reevaluating
ChatterBot Kilo reevaluating
ChatterBot India reevaluating
ChatterBot Whiskey reevaluating
ChatterBot November reevaluating
ChatterBot Quebec reevaluating
ChatterBot X-ray reevaluating
2024-10-15 04:22:47.676672 Charlie: Yes
2024-10-15 04:22:47.676873 Alpha: No
2024-10-15 04:22:47.676992 Hotel: No
2024-10-15 04:22:47.677110 Kilo: No
2024-10-15 04:22:47.677232 India: No
2024-10-15 04:22:47.677360 Whiskey: Yes
2024-10-15 04:22:47.678025 November: No
2024-10-15 04:22:47.678136 Quebec: No
2024-10-15 04:22:47.678231 X-ray: No
ChatterBot Alpha reevaluating
ChatterBot Hotel reevaluating
ChatterBot Kilo reevaluating
ChatterBot India reevaluating
ChatterBot Whiskey reevaluating
ChatterBot November reevaluating
ChatterBot Quebec reevaluating
ChatterBot X-ray reevaluating
ChatterBot Charlie reevaluating
ChatterBot Hotel reevaluating
ChatterBot Kilo reevaluating
ChatterBot India reevaluating
ChatterBot Whiskey reevaluating
ChatterBot November reevaluating
ChatterBot Quebec reevaluating
ChatterBot X-ray reevaluating
ChatterBot Charlie reevaluating
ChatterBot Alpha reevaluating
ChatterBot Kilo reevaluating
ChatterBot India reevaluating
ChatterBot Whiskey reevaluating
ChatterBot November reevaluating
ChatterBot Quebec reevaluating
ChatterBot X-ray reevaluating
ChatterBot Charlie reevaluating
ChatterBot Alpha reevaluating
ChatterBot Hotel reevaluating
ChatterBot India reevaluating
ChatterBot Whiskey reevaluating
ChatterBot November reevaluating
ChatterBot Quebec reevaluating
ChatterBot X-ray reevaluating
ChatterBot Charlie reevaluating
ChatterBot Alpha reevaluating
ChatterBot Hotel reevaluating
ChatterBot Kilo reevaluating
ChatterBot Whiskey reevaluating
ChatterBot November reevaluating
ChatterBot Quebec reevaluating
ChatterBot X-ray reevaluating
ChatterBot Charlie reevaluating
ChatterBot Alpha reevaluating
ChatterBot Hotel reevaluating
ChatterBot Kilo reevaluating
ChatterBot India reevaluating
ChatterBot November reevaluating
ChatterBot Quebec reevaluating
ChatterBot X-ray reevaluating
ChatterBot Charlie reevaluating
ChatterBot Alpha reevaluating
ChatterBot Hotel reevaluating
ChatterBot Kilo reevaluating
ChatterBot India reevaluating
ChatterBot Whiskey reevaluating
ChatterBot Quebec reevaluating
ChatterBot X-ray reevaluating
ChatterBot Charlie reevaluating
ChatterBot Alpha reevaluating
ChatterBot Hotel reevaluating
ChatterBot Kilo reevaluating
ChatterBot India reevaluating
ChatterBot Whiskey reevaluating
ChatterBot November reevaluating
ChatterBot X-ray reevaluating
ChatterBot Charlie reevaluating
ChatterBot Alpha reevaluating
ChatterBot Hotel reevaluating
ChatterBot Kilo reevaluating
ChatterBot India reevaluating
ChatterBot Whiskey reevaluating
ChatterBot November reevaluating
ChatterBot Quebec reevaluating
ChatterBot Quebec round 2
ChatterBot X-ray round 2
2024-10-15 04:22:48.319266 Quebec: Let's form a team
ChatterBot Charlie reevaluating
ChatterBot Whiskey reevaluating
ChatterBot November reevaluating
ChatterBot X-ray reevaluating
2024-10-15 04:22:48.347930 Uniform: Yes
2024-10-15 04:22:48.348211 Charlie: Yes
2024-10-15 04:22:48.348487 Alpha: No
2024-10-15 04:22:48.348800 Hotel: No
2024-10-15 04:22:48.349552 Kilo: No
2024-10-15 04:22:48.349926 India: No
2024-10-15 04:22:48.350131 Whiskey: Yes
2024-10-15 04:22:48.350366 November: No
2024-10-15 04:22:48.351266 X-ray: No
ChatterBot Charlie reevaluating
ChatterBot India reevaluating
ChatterBot Whiskey reevaluating
ChatterBot November reevaluating
ChatterBot X-ray reevaluating
ChatterBot Hotel reevaluating
ChatterBot India reevaluating
ChatterBot Whiskey reevaluating
ChatterBot November reevaluating
ChatterBot X-ray reevaluating
ChatterBot Charlie reevaluating
ChatterBot Hotel reevaluating
ChatterBot India reevaluating
ChatterBot Whiskey reevaluating
ChatterBot November reevaluating
ChatterBot X-ray reevaluating
ChatterBot Charlie reevaluating
ChatterBot India reevaluating
ChatterBot Whiskey reevaluating
ChatterBot November reevaluating
ChatterBot X-ray reevaluating
ChatterBot Charlie reevaluating
ChatterBot Hotel reevaluating
ChatterBot India reevaluating
ChatterBot Whiskey reevaluating
ChatterBot November reevaluating
ChatterBot X-ray reevaluating
ChatterBot Charlie reevaluating
ChatterBot Hotel reevaluating
ChatterBot Whiskey reevaluating
ChatterBot November reevaluating
ChatterBot X-ray reevaluating
ChatterBot Charlie reevaluating
ChatterBot Hotel reevaluating
ChatterBot India reevaluating
ChatterBot November reevaluating
ChatterBot X-ray reevaluating
ChatterBot Charlie reevaluating
ChatterBot Hotel reevaluating
ChatterBot India reevaluating
ChatterBot Whiskey reevaluating
ChatterBot X-ray reevaluating
ChatterBot Charlie reevaluating
ChatterBot Hotel reevaluating
ChatterBot India reevaluating
ChatterBot Whiskey reevaluating
ChatterBot November reevaluating
2024-10-15 04:22:48.648512 Alpha: We should drop Quebec
ChatterBot Hotel reevaluating
2024-10-15 04:22:48.668172 Uniform: No
2024-10-15 04:22:48.669513 Charlie: No
2024-10-15 04:22:48.670061 Hotel: No
2024-10-15 04:22:48.671474 Kilo: No
ChatterBot Hotel reevaluating
ChatterBot Hotel reevaluating
ChatterBot Hotel reevaluating
2024-10-15 04:22:48.743048 X-ray: We should replace Quebec with November
ChatterBot India reevaluating
2024-10-15 04:22:48.753696 India: Yes
2024-10-15 04:22:48.753927 Whiskey: No
ChatterBot X-ray reevaluating
ChatterBot X-ray reevaluating
ChatterBot India reevaluating
2024-10-15 04:22:48.778611 Uniform: Charlie, sending you 5
2024-10-15 04:22:48.780309 November: We should drop Hotel and Charlie
ChatterBot India reevaluating
2024-10-15 04:22:48.791072 India: Yes
2024-10-15 04:22:48.791342 Whiskey: No
2024-10-15 04:22:48.791600 Quebec: No
ChatterBot November reevaluating
ChatterBot November reevaluating
ChatterBot India reevaluating
ChatterBot November reevaluating
ChatterBot India reevaluating
2024-10-15 04:22:48.840971 X-ray: November we want you to join our group
ChatterBot November reevaluating
2024-10-15 04:22:48.847431 November: No
ChatterBot India reevaluating
ChatterBot X-ray reevaluating
2024-10-15 04:22:48.863958 Quebec: India, Charlie, Kilo and November, sending you 2
2024-10-15 04:22:48.865189 Uniform: Alpha, sending you 3
2024-10-15 04:22:48.866426 Kilo: Uniform, Charlie and Hotel, sending you 4
2024-10-15 04:22:48.999277 Alpha: Uniform, sending you 2
2024-10-15 04:22:48.999682 Quebec: Whiskey, sending you 4
2024-10-15 04:22:49.000731 Whiskey: India, sending you 4
2024-10-15 04:22:49.001062 Uniform: Hotel, Kilo and Quebec, sending you 2
2024-10-15 04:22:49.001438 Charlie: India, Hotel, Kilo and November, sending you 2
2024-10-15 04:22:49.002260 Hotel: Uniform, Alpha and Kilo, sending you 4
2024-10-15 04:22:49.002528 Kilo: Alpha, sending you 3
chatterbot Charlie submitting transactions
chatterbot Quebec submitting transactions
chatterbot Uniform submitting transactions
2024-10-15 04:22:49.003092 Alpha: Charlie, sending you 7
chatterbot Kilo submitting transactions
2024-10-15 04:22:49.054870 Quebec: Hotel, sending you 1
2024-10-15 04:22:49.055499 Whiskey: November and X-ray, sending you 5
2024-10-15 04:22:49.056026 Charlie: Whiskey and Alpha, sending you 3
2024-10-15 04:22:49.057071 Hotel: Charlie, sending you 3
2024-10-15 04:22:49.057463 Kilo: Quebec, sending you 1
2024-10-15 04:22:49.058502 Alpha: Hotel, sending you 4
2024-10-15 04:22:49.058948 Quebec: X-ray, sending you 3
2024-10-15 04:22:49.123880 India: Sending you each 4
2024-10-15 04:22:49.124899 Charlie: Uniform, sending you 4
2024-10-15 04:22:49.125507 Hotel: Quebec, sending you 1
2024-10-15 04:22:49.126659 Alpha: Kilo, sending you 6
2024-10-15 04:22:49.127008 X-ray: India, sending you 5
2024-10-15 04:22:49.156404 Charlie: Quebec and X-ray, sending you 1
2024-10-15 04:22:49.158254 November: India, sending you 8
2024-10-15 04:22:49.158546 X-ray: Whiskey and Quebec, sending you 4
chatterbot November submitting transactions
2024-10-15 04:22:49.182777 November: Whiskey, sending you 10
2024-10-15 04:22:49.192996 November: Quebec, sending you 2
chatterbot X-ray submitting transactions
chatterbot India submitting transactions
chatterbot Hotel submitting transactions
chatterbot Alpha submitting transactions
chatterbot Whiskey submitting transactions
ChatterBot India round 3
ChatterBot Whiskey round 3
ChatterBot Uniform round 3
ChatterBot Charlie round 3
2024-10-15 04:22:49.986600 India: We should add Quebec
2024-10-15 04:22:49.994775 November: Yes
2024-10-15 04:22:49.995621 Whiskey: Yes
2024-10-15 04:22:49.995756 X-ray: Yes
ChatterBot Alpha round 3
ChatterBot Hotel round 3
ChatterBot Kilo round 3
ChatterBot November round 3
ChatterBot Quebec round 3
ChatterBot X-ray round 3
2024-10-15 04:22:50.032845 India: Quebec we want you to join our group
ChatterBot Quebec reevaluating
2024-10-15 04:22:50.036899 Quebec: No
2024-10-15 04:22:50.069731 Whiskey: India, Quebec and X-ray, sending you 3
2024-10-15 04:22:50.072752 Whiskey: Charlie, sending you 2
2024-10-15 04:22:50.076697 X-ray: India and Quebec, sending you 4
2024-10-15 04:22:50.078014 India: Sending you each 3
2024-10-15 04:22:50.078670 Whiskey: November, sending you 4
2024-10-15 04:22:50.081954 Alpha: Uniform, sending you 4
2024-10-15 04:22:50.083920 X-ray: Whiskey, sending you 5
2024-10-15 04:22:50.085072 Hotel: Uniform and Charlie, sending you 3
2024-10-15 04:22:50.086696 Uniform: Charlie, sending you 5
2024-10-15 04:22:50.087219 Alpha: Charlie, Hotel and Kilo, sending you 5
2024-10-15 04:22:50.088055 November: India, sending you 7
2024-10-15 04:22:50.088300 Charlie: India and November, sending you 1
2024-10-15 04:22:50.088790 Kilo: Uniform, Charlie and Hotel, sending you 4
2024-10-15 04:22:50.090563 Uniform: Alpha, sending you 2
2024-10-15 04:22:50.092350 Hotel: Alpha and Kilo, sending you 4
2024-10-15 04:22:50.155317 November: Whiskey, sending you 9
2024-10-15 04:22:50.155815 Charlie: Whiskey and Quebec, sending you 2
2024-10-15 04:22:50.156922 Kilo: Alpha, sending you 3
2024-10-15 04:22:50.157309 Quebec: Uniform, sending you 3
2024-10-15 04:22:50.157685 Uniform: Hotel and Kilo, sending you 3
2024-10-15 04:22:50.158723 Hotel: Quebec, sending you 2
2024-10-15 04:22:50.161815 November: Quebec, sending you 4
2024-10-15 04:22:50.162127 Kilo: Quebec, sending you 2
2024-10-15 04:22:50.162561 Charlie: Uniform and Alpha, sending you 4
2024-10-15 04:22:50.163557 Quebec: Charlie, sending you 6
2024-10-15 04:22:50.163885 Uniform: Quebec, sending you 1
2024-10-15 04:22:50.171841 Charlie: Hotel and Kilo, sending you 3
2024-10-15 04:22:50.173258 Quebec: Hotel, sending you 2
2024-10-15 04:22:50.474166 Quebec: Kilo, sending you 5
chatterbot Alpha submitting transactions
chatterbot Quebec submitting transactions
chatterbot Charlie submitting transactions
chatterbot November submitting transactions
chatterbot India submitting transactions
chatterbot Hotel submitting transactions
chatterbot X-ray submitting transactions
chatterbot Uniform submitting transactions
chatterbot Kilo submitting transactions
chatterbot Whiskey submitting transactions
ChatterBot India round 4
ChatterBot Whiskey round 4
ChatterBot Uniform round 4
ChatterBot Charlie round 4
ChatterBot Alpha round 4
ChatterBot Hotel round 4
ChatterBot Kilo round 4
ChatterBot November round 4
ChatterBot Quebec round 4
ChatterBot X-ray round 4
2024-10-15 04:22:51.454384 Kilo: We should add Whiskey
ChatterBot Alpha reevaluating
2024-10-15 04:22:51.476893 Uniform: Yes
2024-10-15 04:22:51.477121 Charlie: Yes
2024-10-15 04:22:51.477314 Quebec: No
2024-10-15 04:22:51.477500 Hotel: No
2024-10-15 04:22:51.477708 Alpha: No
ChatterBot Alpha reevaluating
ChatterBot Kilo reevaluating
ChatterBot Alpha reevaluating
ChatterBot Kilo reevaluating
ChatterBot Alpha reevaluating
ChatterBot Kilo reevaluating
ChatterBot Alpha reevaluating
ChatterBot Kilo reevaluating
ChatterBot Kilo reevaluating
2024-10-15 04:22:51.615685 November: We should drop Quebec
2024-10-15 04:22:51.624750 India: No
2024-10-15 04:22:51.625141 Whiskey: No
ChatterBot November reevaluating
ChatterBot November reevaluating
ChatterBot India reevaluating
2024-10-15 04:22:51.649606 Whiskey: India, sending you 3
2024-10-15 04:22:51.651914 Hotel: Uniform, Charlie and Alpha, sending you 3
2024-10-15 04:22:51.653045 X-ray: We should drop Quebec
ChatterBot India reevaluating
2024-10-15 04:22:51.665348 India: No
2024-10-15 04:22:51.665576 Whiskey: No
ChatterBot India reevaluating
2024-10-15 04:22:51.686489 Whiskey: Charlie and Quebec, sending you 2
2024-10-15 04:22:51.688454 Hotel: Kilo, sending you 4
2024-10-15 04:22:51.731249 Alpha: Uniform, sending you 3
2024-10-15 04:22:51.731992 Uniform: Charlie, sending you 4
2024-10-15 04:22:51.733773 Charlie: Whiskey, sending you 2
2024-10-15 04:22:51.735692 Quebec: Uniform and Hotel, sending you 3
2024-10-15 04:22:51.736555 Whiskey: November and X-ray, sending you 4
2024-10-15 04:22:51.738253 Hotel: Quebec, sending you 2
2024-10-15 04:22:51.738949 Kilo: Uniform and Alpha, sending you 3
chatterbot Whiskey submitting transactions
2024-10-15 04:22:51.740622 Alpha: Charlie, sending you 6
2024-10-15 04:22:51.741087 Uniform: Alpha and Quebec, sending you 2
2024-10-15 04:22:51.742876 Quebec: Charlie and Kilo, sending you 5
2024-10-15 04:22:51.743862 Charlie: Uniform and Alpha, sending you 4
2024-10-15 04:22:51.745653 Kilo: Charlie, Hotel and Quebec, sending you 4
2024-10-15 04:22:51.747279 Alpha: Hotel and Kilo, sending you 5
2024-10-15 04:22:51.747778 X-ray: India, sending you 6
2024-10-15 04:22:51.748371 Uniform: Hotel and Kilo, sending you 3
2024-10-15 04:22:51.750048 Charlie: Hotel, Kilo and Quebec, sending you 3
2024-10-15 04:22:51.804371 X-ray: Whiskey, sending you 7
2024-10-15 04:22:51.804894 Charlie: November, sending you 1
chatterbot Hotel submitting transactions
2024-10-15 04:22:51.841075 November: India, sending you 9
2024-10-15 04:22:51.841663 India: Whiskey, November, Quebec and X-ray, sending you 3
2024-10-15 04:22:51.853601 November: Whiskey, sending you 11
chatterbot Uniform submitting transactions
chatterbot Kilo submitting transactions
chatterbot Quebec submitting transactions
chatterbot Alpha submitting transactions
chatterbot India submitting transactions
chatterbot November submitting transactions
chatterbot Charlie submitting transactions
chatterbot X-ray submitting transactions
ChatterBot India round 5
ChatterBot Whiskey round 5
ChatterBot Uniform round 5
ChatterBot Charlie round 5
ChatterBot Alpha round 5
ChatterBot Hotel round 5
ChatterBot Kilo round 5
ChatterBot November round 5
2024-10-15 04:22:52.516535 Alpha: We should add Quebec
2024-10-15 04:22:52.530163 Uniform: Yes
2024-10-15 04:22:52.530803 Charlie: Yes
2024-10-15 04:22:52.531300 Hotel: Yes
2024-10-15 04:22:52.532303 Kilo: Yes
ChatterBot Quebec round 5
ChatterBot X-ray round 5
2024-10-15 04:22:52.624868 November: We should add X-ray and Charlie
2024-10-15 04:22:52.633343 India: No
2024-10-15 04:22:52.633702 Whiskey: Yes
ChatterBot November reevaluating
ChatterBot November reevaluating
2024-10-15 04:22:52.644701 Alpha: Quebec we want you to join our group
2024-10-15 04:22:52.647446 Quebec: Yes
2024-10-15 04:22:52.659927 India: We should drop Quebec
ChatterBot November reevaluating
2024-10-15 04:22:52.667101 November: Yes
2024-10-15 04:22:52.667315 Whiskey: No
2024-10-15 04:22:52.668039 X-ray: Yes
ChatterBot November reevaluating
ChatterBot November reevaluating
2024-10-15 04:22:52.693650 Uniform: Charlie, sending you 4
2024-10-15 04:22:52.694714 Whiskey: India and November, sending you 3
2024-10-15 04:22:52.698684 Uniform: Alpha and Quebec, sending you 2
2024-10-15 04:22:52.700912 Whiskey: Charlie, sending you 2
2024-10-15 04:22:52.703676 Uniform: Hotel and Kilo, sending you 3
2024-10-15 04:22:52.705602 Whiskey: Quebec, sending you 1
2024-10-15 04:22:52.706568 Hotel: Uniform, Charlie, Alpha and Quebec, sending you 3
2024-10-15 04:22:52.707874 Quebec: Uniform and Hotel, sending you 3
2024-10-15 04:22:52.708804 India: Whiskey and X-ray, sending you 4
2024-10-15 04:22:52.709675 Whiskey: X-ray, sending you 4
2024-10-15 04:22:52.711237 Alpha: Uniform, sending you 3
2024-10-15 04:22:52.712012 Hotel: Kilo, sending you 4
2024-10-15 04:22:52.713171 India: November, sending you 3
2024-10-15 04:22:52.713967 Quebec: Charlie and Kilo, sending you 5
2024-10-15 04:22:52.714708 Kilo: Uniform and Alpha, sending you 3
2024-10-15 04:22:52.716296 X-ray: India, sending you 6
2024-10-15 04:22:52.716962 Charlie: Whiskey, sending you 2
2024-10-15 04:22:52.719253 Alpha: Charlie, sending you 7
2024-10-15 04:22:52.720211 Kilo: Charlie, Hotel and Quebec, sending you 4
2024-10-15 04:22:52.721058 X-ray: Whiskey, sending you 7
2024-10-15 04:22:52.722199 Charlie: Uniform and Alpha, sending you 4
2024-10-15 04:22:52.724651 Alpha: Hotel, sending you 5
2024-10-15 04:22:52.725683 November: India, sending you 9
2024-10-15 04:22:52.726273 Charlie: Hotel, Kilo and Quebec, sending you 3
2024-10-15 04:22:52.729655 Alpha: Kilo, sending you 4
2024-10-15 04:22:52.731340 November: Whiskey, sending you 11
2024-10-15 04:22:52.731854 Charlie: November, sending you 1
chatterbot India submitting transactions
chatterbot Quebec submitting transactions
chatterbot Charlie submitting transactions
chatterbot November submitting transactions
chatterbot Uniform submitting transactions
chatterbot Alpha submitting transactions
chatterbot Whiskey submitting transactions
chatterbot X-ray submitting transactions
chatterbot Hotel submitting transactions
chatterbot Kilo submitting transactions
ChatterBot India round 6
ChatterBot Whiskey round 6
ChatterBot Uniform round 6
ChatterBot Charlie round 6
ChatterBot Alpha round 6
ChatterBot Hotel round 6
ChatterBot Kilo round 6
ChatterBot November round 6
ChatterBot Quebec round 6
ChatterBot X-ray round 6
2024-10-15 04:22:53.812799 Charlie: India and November, sending you 1
2024-10-15 04:22:53.817702 Charlie: Whiskey, sending you 2
2024-10-15 04:22:53.819661 Hotel: Uniform, Charlie, Alpha and Quebec, sending you 3
2024-10-15 04:22:53.820689 Whiskey: India, sending you 4
2024-10-15 04:22:53.822209 X-ray: India, sending you 6
2024-10-15 04:22:53.822661 Charlie: Uniform, Hotel, Kilo and Quebec, sending you 3
2024-10-15 04:22:53.823732 Hotel: Kilo, sending you 4
2024-10-15 04:22:53.825050 Whiskey: Charlie, November and X-ray, sending you 3
2024-10-15 04:22:53.826181 India: Whiskey, sending you 4
2024-10-15 04:22:53.827156 Alpha: Uniform, sending you 3
2024-10-15 04:22:53.827733 X-ray: Whiskey, sending you 7
2024-10-15 04:22:53.828192 Charlie: Alpha, sending you 4
2024-10-15 04:22:53.830661 India: November and X-ray, sending you 3
2024-10-15 04:22:53.831454 Alpha: Charlie, sending you 6
2024-10-15 04:22:53.831976 Kilo: Uniform and Alpha, sending you 3
2024-10-15 04:22:53.832589 Uniform: Charlie, sending you 4
2024-10-15 04:22:53.833818 November: India, sending you 9
2024-10-15 04:22:53.834722 Alpha: Hotel and Kilo, sending you 5
2024-10-15 04:22:53.836768 Kilo: Charlie, Hotel and Quebec, sending you 4
2024-10-15 04:22:53.838459 Uniform: Alpha and Quebec, sending you 2
2024-10-15 04:22:53.839871 Quebec: Uniform and Hotel, sending you 3
2024-10-15 04:22:53.841202 November: Whiskey, sending you 11
2024-10-15 04:22:53.842670 Uniform: Hotel and Kilo, sending you 3
2024-10-15 04:22:53.845663 Quebec: Charlie and Kilo, sending you 5
chatterbot Hotel submitting transactions
chatterbot X-ray submitting transactions
chatterbot Whiskey submitting transactions
chatterbot Charlie submitting transactions
chatterbot Alpha submitting transactions
chatterbot Kilo submitting transactions
chatterbot Uniform submitting transactions
chatterbot India submitting transactions
chatterbot November submitting transactions
chatterbot Quebec submitting transactions
ChatterBot India round 7
ChatterBot Whiskey round 7
ChatterBot Uniform round 7
ChatterBot Charlie round 7
ChatterBot Alpha round 7
ChatterBot Hotel round 7
ChatterBot Kilo round 7
ChatterBot November round 7
ChatterBot Quebec round 7
ChatterBot X-ray round 7
2024-10-15 04:22:55.136705 India: Whiskey, sending you 4
2024-10-15 04:22:55.139342 Uniform: Charlie, sending you 4
2024-10-15 04:22:55.141660 India: November and X-ray, sending you 3
2024-10-15 04:22:55.144099 Kilo: Uniform, Alpha and Quebec, sending you 3
2024-10-15 04:22:55.145368 Uniform: Alpha and Quebec, sending you 2
2024-10-15 04:22:55.146265 Whiskey: India, sending you 4
2024-10-15 04:22:55.147717 Charlie: Whiskey, sending you 2
2024-10-15 04:22:55.149051 X-ray: India, sending you 6
2024-10-15 04:22:55.149411 Kilo: Charlie and Hotel, sending you 4
2024-10-15 04:22:55.151262 Alpha: Uniform, sending you 3
2024-10-15 04:22:55.152473 Uniform: Hotel and Kilo, sending you 3
2024-10-15 04:22:55.153941 Quebec: Uniform and Hotel, sending you 3
2024-10-15 04:22:55.154641 Hotel: Uniform, Charlie, Alpha and Quebec, sending you 3
2024-10-15 04:22:55.155955 Whiskey: Charlie, November and X-ray, sending you 3
2024-10-15 04:22:55.158010 Charlie: Uniform, Hotel and Kilo, sending you 3
2024-10-15 04:22:55.159659 X-ray: Whiskey, sending you 7
2024-10-15 04:22:55.160222 Alpha: Charlie, sending you 6
2024-10-15 04:22:55.161520 Quebec: Charlie and Kilo, sending you 5
2024-10-15 04:22:55.162315 Hotel: Kilo, sending you 4
2024-10-15 04:22:55.163559 November: India, sending you 9
2024-10-15 04:22:55.165242 Charlie: Alpha and Quebec, sending you 4
2024-10-15 04:22:55.166809 Alpha: Hotel and Kilo, sending you 5
2024-10-15 04:22:55.167723 November: Whiskey, sending you 11
2024-10-15 04:22:55.170674 Charlie: November, sending you 1
chatterbot Charlie submitting transactions
chatterbot Uniform submitting transactions
chatterbot Alpha submitting transactions
chatterbot November submitting transactions
chatterbot Quebec submitting transactions
chatterbot Hotel submitting transactions
chatterbot X-ray submitting transactions
chatterbot India submitting transactions
chatterbot Kilo submitting transactions
chatterbot Whiskey submitting transactions
ChatterBot India round 8
ChatterBot Whiskey round 8
ChatterBot Uniform round 8
ChatterBot Charlie round 8
ChatterBot Alpha round 8
ChatterBot Hotel round 8
ChatterBot Kilo round 8
ChatterBot November round 8
ChatterBot Quebec round 8
ChatterBot X-ray round 8
2024-10-15 04:22:56.565747 India: Whiskey, sending you 4
2024-10-15 04:22:56.567521 Quebec: Uniform, sending you 2
2024-10-15 04:22:56.569111 Alpha: Uniform, sending you 2
2024-10-15 04:22:56.571980 Uniform: Charlie, sending you 4
2024-10-15 04:22:56.575010 November: India, sending you 9
2024-10-15 04:22:56.575725 Whiskey: India, sending you 4
2024-10-15 04:22:56.579167 Kilo: Uniform, Alpha and Quebec, sending you 3
2024-10-15 04:22:56.580469 Charlie: India and November, sending you 1
2024-10-15 04:22:56.584162 India: November, sending you 2
2024-10-15 04:22:56.584628 Quebec: Charlie and Kilo, sending you 5
2024-10-15 04:22:56.586452 Alpha: Charlie, sending you 7
2024-10-15 04:22:56.588505 Uniform: Alpha and Quebec, sending you 2
2024-10-15 04:22:56.590685 November: Whiskey, sending you 11
2024-10-15 04:22:56.591781 Whiskey: Charlie and X-ray, sending you 3
2024-10-15 04:22:56.594014 Kilo: Charlie and Hotel, sending you 4
2024-10-15 04:22:56.595831 Charlie: Whiskey, sending you 2
2024-10-15 04:22:56.598070 India: X-ray, sending you 3
2024-10-15 04:22:56.598434 Hotel: Uniform, Charlie, Alpha and Quebec, sending you 3
2024-10-15 04:22:56.599193 X-ray: India, sending you 6
2024-10-15 04:22:56.600693 Quebec: Hotel, sending you 4
2024-10-15 04:22:56.601476 Alpha: Hotel and Kilo, sending you 5
2024-10-15 04:22:56.602768 Uniform: Hotel and Kilo, sending you 3
2024-10-15 04:22:56.604597 Whiskey: November, sending you 2
2024-10-15 04:22:56.606095 Hotel: Kilo, sending you 4
2024-10-15 04:22:56.606719 Charlie: Uniform, Hotel, Kilo and Quebec, sending you 3
2024-10-15 04:22:56.608546 X-ray: Whiskey, sending you 7
2024-10-15 04:22:56.639050 Charlie: Alpha, sending you 4
chatterbot India submitting transactions
chatterbot Quebec submitting transactions
chatterbot Whiskey submitting transactions
chatterbot Hotel submitting transactions
chatterbot X-ray submitting transactions
chatterbot November submitting transactions
chatterbot Charlie submitting transactions
chatterbot Uniform submitting transactions
chatterbot Kilo submitting transactions
chatterbot Alpha submitting transactions
ChatterBot India round 9
ChatterBot Whiskey round 9
ChatterBot Uniform round 9
ChatterBot Charlie round 9
ChatterBot Alpha round 9
ChatterBot Hotel round 9
ChatterBot Kilo round 9
ChatterBot November round 9
ChatterBot Quebec round 9
ChatterBot X-ray round 9
2024-10-15 04:22:57.820530 November: We should add X-ray and Charlie
2024-10-15 04:22:57.831537 India: No
2024-10-15 04:22:57.831836 Whiskey: Yes
ChatterBot November reevaluating
ChatterBot November reevaluating
2024-10-15 04:22:57.921061 Whiskey: India, sending you 4
2024-10-15 04:22:57.933712 India: Whiskey, sending you 4
2024-10-15 04:22:57.935168 Uniform: Charlie, sending you 4
2024-10-15 04:22:57.938940 Charlie: India and November, sending you 1
2024-10-15 04:22:57.941549 Hotel: Uniform, Charlie, Alpha and Quebec, sending you 3
2024-10-15 04:22:57.944038 Quebec: Uniform, sending you 2
2024-10-15 04:22:57.946765 Whiskey: Charlie and X-ray, sending you 3
2024-10-15 04:22:57.950692 Kilo: Uniform, Alpha and Quebec, sending you 3
2024-10-15 04:22:57.953072 Alpha: Uniform, sending you 2
2024-10-15 04:22:57.955256 India: November, sending you 2
2024-10-15 04:22:57.957280 Uniform: Alpha and Quebec, sending you 2
2024-10-15 04:22:57.961504 Charlie: Whiskey, sending you 2
2024-10-15 04:22:57.966189 Hotel: Kilo, sending you 4
2024-10-15 04:22:57.969384 Quebec: Charlie and Kilo, sending you 5
2024-10-15 04:22:57.972733 Whiskey: November, sending you 2
2024-10-15 04:22:57.976396 X-ray: India, sending you 6
2024-10-15 04:22:57.978144 Kilo: Charlie and Hotel, sending you 4
2024-10-15 04:22:57.981926 November: Sending you each 10
2024-10-15 04:22:57.983257 Alpha: Charlie, sending you 7
2024-10-15 04:22:57.985840 India: X-ray, sending you 3
2024-10-15 04:22:57.988030 Uniform: Hotel and Kilo, sending you 3
2024-10-15 04:22:57.993738 Charlie: Uniform, Hotel, Kilo and Quebec, sending you 3
2024-10-15 04:22:57.998669 Quebec: Hotel, sending you 4
2024-10-15 04:22:58.002703 X-ray: Whiskey, sending you 7
2024-10-15 04:22:58.003988 Alpha: Hotel and Kilo, sending you 5
2024-10-15 04:22:58.007501 Charlie: Alpha, sending you 4
chatterbot Charlie submitting transactions
chatterbot India submitting transactions
chatterbot X-ray submitting transactions
chatterbot Quebec submitting transactions
chatterbot Alpha submitting transactions
chatterbot Whiskey submitting transactions
chatterbot Uniform submitting transactions
chatterbot Kilo submitting transactions
chatterbot Hotel submitting transactions
chatterbot November submitting transactions
ChatterBot India round 10
ChatterBot Whiskey round 10
ChatterBot Uniform round 10
ChatterBot Charlie round 10
ChatterBot Alpha round 10
ChatterBot Hotel round 10
ChatterBot Kilo round 10
ChatterBot November round 10
ChatterBot Quebec round 10
ChatterBot X-ray round 10
2024-10-15 04:22:59.083676 Kilo: Uniform, Alpha and Quebec, sending you 3
2024-10-15 04:22:59.086217 Alpha: Uniform, sending you 2
2024-10-15 04:22:59.088982 Uniform: Charlie, sending you 4
2024-10-15 04:22:59.092906 Charlie: India and November, sending you 1
2024-10-15 04:22:59.096871 Kilo: Charlie and Hotel, sending you 4
2024-10-15 04:22:59.098721 Whiskey: India, sending you 5
2024-10-15 04:22:59.101312 Alpha: Charlie, sending you 7
2024-10-15 04:22:59.103349 Quebec: Uniform, sending you 3
2024-10-15 04:22:59.105305 Uniform: Alpha and Quebec, sending you 2
2024-10-15 04:22:59.108561 Hotel: Uniform, Charlie, Alpha and Quebec, sending you 3
2024-10-15 04:22:59.110875 Charlie: Whiskey, sending you 2
2024-10-15 04:22:59.114372 November: Same as last round
2024-10-15 04:22:59.115138 Whiskey: Charlie and X-ray, sending you 3
2024-10-15 04:22:59.119225 Alpha: Hotel and Kilo, sending you 5
2024-10-15 04:22:59.120961 Quebec: Charlie, sending you 5
2024-10-15 04:22:59.123153 India: Whiskey, sending you 4
2024-10-15 04:22:59.124672 Uniform: Hotel and Kilo, sending you 3
2024-10-15 04:22:59.127851 X-ray: India, sending you 6
2024-10-15 04:22:59.129142 Hotel: Kilo, sending you 4
2024-10-15 04:22:59.131540 Charlie: Uniform, Hotel, Kilo and Quebec, sending you 3
2024-10-15 04:22:59.134659 Whiskey: November, sending you 2
2024-10-15 04:22:59.138344 Quebec: Hotel and Kilo, sending you 4
2024-10-15 04:22:59.140303 India: November, sending you 2
2024-10-15 04:22:59.141312 X-ray: Whiskey, sending you 7
2024-10-15 04:22:59.142874 Charlie: Alpha, sending you 4
2024-10-15 04:22:59.146501 India: X-ray, sending you 3
chatterbot Quebec submitting transactions
chatterbot Alpha submitting transactions
chatterbot Whiskey submitting transactions
chatterbot Hotel submitting transactions
chatterbot November submitting transactions
chatterbot Kilo submitting transactions
chatterbot India submitting transactions
chatterbot Uniform submitting transactions
chatterbot X-ray submitting transactions
chatterbot Charlie submitting transactions
ChatterBot India round 11
ChatterBot Whiskey round 11
ChatterBot Uniform round 11
ChatterBot Charlie round 11
ChatterBot Alpha round 11
ChatterBot Hotel round 11
ChatterBot Kilo round 11
ChatterBot November round 11
ChatterBot Quebec round 11
ChatterBot X-ray round 11
2024-10-15 04:23:00.318142 Charlie: India and November, sending you 1
2024-10-15 04:23:00.321472 Hotel: Uniform, Charlie, Alpha and Quebec, sending you 3
2024-10-15 04:23:00.324079 Kilo: Uniform, Alpha and Quebec, sending you 3
2024-10-15 04:23:00.327464 India: Whiskey, sending you 4
2024-10-15 04:23:00.328632 Whiskey: India, sending you 5
2024-10-15 04:23:00.332880 X-ray: India, sending you 6
2024-10-15 04:23:00.334459 November: Same as last round
2024-10-15 04:23:00.335330 Quebec: Uniform, sending you 3
2024-10-15 04:23:00.337663 Uniform: Charlie, sending you 4
2024-10-15 04:23:00.341526 Alpha: Uniform, sending you 2
2024-10-15 04:23:00.344384 Charlie: Whiskey, sending you 2
2024-10-15 04:23:00.347876 Hotel: Kilo, sending you 4
2024-10-15 04:23:00.350125 Kilo: Charlie and Hotel, sending you 4
2024-10-15 04:23:00.352328 India: November and X-ray, sending you 2
2024-10-15 04:23:00.353339 Whiskey: Charlie and X-ray, sending you 3
2024-10-15 04:23:00.357719 X-ray: Whiskey, sending you 7
2024-10-15 04:23:00.358607 Quebec: Charlie, sending you 5
2024-10-15 04:23:00.361329 Uniform: Alpha and Quebec, sending you 2
2024-10-15 04:23:00.364914 Alpha: Charlie, sending you 7
2024-10-15 04:23:00.366778 Charlie: Uniform, Hotel, Kilo and Quebec, sending you 3
2024-10-15 04:23:00.370549 Whiskey: November, sending you 2
2024-10-15 04:23:00.373945 Quebec: Hotel and Kilo, sending you 4
2024-10-15 04:23:00.376336 Uniform: Hotel and Kilo, sending you 3
2024-10-15 04:23:00.379820 Alpha: Hotel and Kilo, sending you 5
2024-10-15 04:23:00.381809 Charlie: Alpha, sending you 4
chatterbot X-ray submitting transactions
chatterbot November submitting transactions
chatterbot Charlie submitting transactions
chatterbot Alpha submitting transactions
chatterbot Uniform submitting transactions
chatterbot Kilo submitting transactions
chatterbot India submitting transactions
chatterbot Quebec submitting transactions
chatterbot Whiskey submitting transactions
chatterbot Hotel submitting transactions
ChatterBot India round 12
ChatterBot Whiskey round 12
ChatterBot Uniform round 12
ChatterBot Charlie round 12
ChatterBot Alpha round 12
ChatterBot Hotel round 12
ChatterBot Kilo round 12
ChatterBot November round 12
ChatterBot Quebec round 12
ChatterBot X-ray round 12
2024-10-15 04:23:01.694778 India: Whiskey, sending you 4
2024-10-15 04:23:01.696658 Whiskey: India, sending you 5
2024-10-15 04:23:01.700336 Uniform: Charlie, sending you 4
2024-10-15 04:23:01.703523 Hotel: Uniform, Charlie, Alpha and Quebec, sending you 3
2024-10-15 04:23:01.705600 November: Same as last round
2024-10-15 04:23:01.707048 Quebec: Uniform, sending you 3
2024-10-15 04:23:01.709255 Alpha: Uniform, sending you 2
2024-10-15 04:23:01.711562 Charlie: India and November, sending you 1
2024-10-15 04:23:01.715491 Kilo: Uniform, Alpha and Quebec, sending you 3
2024-10-15 04:23:01.717355 X-ray: India, sending you 6
2024-10-15 04:23:01.718848 India: November and X-ray, sending you 2
2024-10-15 04:23:01.720362 Whiskey: Charlie and X-ray, sending you 3
2024-10-15 04:23:01.723320 Uniform: Alpha and Quebec, sending you 2
2024-10-15 04:23:01.726482 Hotel: Kilo, sending you 4
2024-10-15 04:23:01.728887 Quebec: Charlie, sending you 5
2024-10-15 04:23:01.731066 Alpha: Charlie, sending you 7
2024-10-15 04:23:01.734368 Charlie: Whiskey, sending you 2
2024-10-15 04:23:01.738168 Kilo: Charlie and Hotel, sending you 4
2024-10-15 04:23:01.740835 X-ray: Whiskey, sending you 7
2024-10-15 04:23:01.742663 Whiskey: November, sending you 2
2024-10-15 04:23:01.746079 Uniform: Hotel and Kilo, sending you 3
2024-10-15 04:23:01.750225 Quebec: Hotel and Kilo, sending you 4
2024-10-15 04:23:01.752415 Alpha: Hotel and Kilo, sending you 5
2024-10-15 04:23:01.754644 Charlie: Uniform, Hotel, Kilo and Quebec, sending you 3
2024-10-15 04:23:01.782910 Charlie: Alpha, sending you 4
chatterbot Whiskey submitting transactions
chatterbot Kilo submitting transactions
chatterbot Charlie submitting transactions
chatterbot Alpha submitting transactions
chatterbot India submitting transactions
chatterbot November submitting transactions
chatterbot X-ray submitting transactions
chatterbot Uniform submitting transactions
chatterbot Hotel submitting transactions
chatterbot Quebec submitting transactions
ChatterBot India round 13
