ChatterBot Victor round 1
ChatterBot Zulu round 1
ChatterBot X-ray round 1
ChatterBot Quebec round 1
ChatterBot Yankee round 1
ChatterBot Juliett round 1
ChatterBot India round 1
ChatterBot Mike round 1
ChatterBot Lima round 1
ChatterBot Whiskey round 1
randomSelections Victor: {Victor, India, Juliett, Mike, Lima, Whiskey} 
2024-10-15 04:22:39.007873 Victor: We would work well together
ChatterBot India reevaluating
ChatterBot Juliett reevaluating
ChatterBot Mike reevaluating
ChatterBot Lima reevaluating
ChatterBot Whiskey reevaluating
2024-10-15 04:22:39.027140 India: Yes
2024-10-15 04:22:39.027334 Juliett: Yes
2024-10-15 04:22:39.027460 Mike: Yes
2024-10-15 04:22:39.027688 Lima: Yes
2024-10-15 04:22:39.027920 Whiskey: Yes
ChatterBot Juliett reevaluating
ChatterBot Mike reevaluating
ChatterBot Lima reevaluating
ChatterBot Whiskey reevaluating
ChatterBot India reevaluating
ChatterBot Mike reevaluating
ChatterBot Lima reevaluating
ChatterBot Whiskey reevaluating
ChatterBot India reevaluating
ChatterBot Juliett reevaluating
ChatterBot Lima reevaluating
ChatterBot Whiskey reevaluating
ChatterBot India reevaluating
ChatterBot Juliett reevaluating
ChatterBot Mike reevaluating
ChatterBot Whiskey reevaluating
ChatterBot India reevaluating
ChatterBot Juliett reevaluating
ChatterBot Mike reevaluating
ChatterBot Lima reevaluating
randomSelections Quebec: {Quebec, India, Victor, Zulu, X-ray, Yankee} 
2024-10-15 04:22:39.114770 Quebec: Friends?
ChatterBot India reevaluating
ChatterBot Zulu reevaluating
ChatterBot X-ray reevaluating
ChatterBot Yankee reevaluating
2024-10-15 04:22:39.134160 India: No
2024-10-15 04:22:39.134411 Victor: No
2024-10-15 04:22:39.134787 Zulu: Yes
2024-10-15 04:22:39.135004 X-ray: Yes
2024-10-15 04:22:39.135220 Yankee: Yes
ChatterBot Zulu reevaluating
ChatterBot X-ray reevaluating
ChatterBot Yankee reevaluating
ChatterBot India reevaluating
ChatterBot Zulu reevaluating
ChatterBot X-ray reevaluating
ChatterBot Yankee reevaluating
ChatterBot India reevaluating
ChatterBot X-ray reevaluating
ChatterBot Yankee reevaluating
ChatterBot India reevaluating
ChatterBot Zulu reevaluating
ChatterBot Yankee reevaluating
ChatterBot India reevaluating
ChatterBot Zulu reevaluating
ChatterBot X-ray reevaluating
2024-10-15 04:22:39.219706 Lima: Juliett, sending you 1
2024-10-15 04:22:39.221587 India: Victor and Juliett, sending you 3
2024-10-15 04:22:39.222086 X-ray: Victor and Quebec, sending you 1
2024-10-15 04:22:39.223037 Whiskey: Victor and Lima, sending you 2
2024-10-15 04:22:39.223411 Juliett: Victor and Lima, sending you 2
2024-10-15 04:22:39.226227 Lima: India, sending you 4
2024-10-15 04:22:39.226605 India: Mike, Lima and Whiskey, sending you 2
2024-10-15 04:22:39.226940 Mike: Victor, sending you 3
2024-10-15 04:22:39.227674 Whiskey: Juliett, sending you 1
2024-10-15 04:22:39.227954 Quebec: Victor, sending you 2
2024-10-15 04:22:39.228394 X-ray: Yankee, sending you 2
2024-10-15 04:22:39.229389 Victor: Juliett and India, sending you 3
2024-10-15 04:22:39.229658 Juliett: India and Whiskey, sending you 3
2024-10-15 04:22:39.230714 Lima: Mike, sending you 2
2024-10-15 04:22:39.231164 Yankee: Victor, sending you 3
2024-10-15 04:22:39.232169 Whiskey: India and Mike, sending you 4
2024-10-15 04:22:39.232561 Quebec: Zulu, sending you 3
2024-10-15 04:22:39.232842 X-ray: India, sending you 5
2024-10-15 04:22:39.233649 Mike: India, sending you 1
2024-10-15 04:22:39.233913 Zulu: Quebec, sending you 2
2024-10-15 04:22:39.234169 Yankee: Zulu and X-ray, sending you 2
2024-10-15 04:22:39.235171 Victor: Mike, sending you 2
2024-10-15 04:22:39.235688 Lima: Whiskey, sending you 3
2024-10-15 04:22:39.236749 Yankee: Quebec and India, sending you 1
2024-10-15 04:22:39.238077 Quebec: X-ray and Yankee, sending you 5
2024-10-15 04:22:39.238463 Mike: Whiskey, sending you 7
2024-10-15 04:22:39.238813 Victor: Whiskey, sending you 6
2024-10-15 04:22:39.239778 Zulu: Yankee and India, sending you 1
2024-10-15 04:22:39.241224 Quebec: India, sending you 4
chatterbot Whiskey submitting transactions
chatterbot India submitting transactions
chatterbot Lima submitting transactions
chatterbot Victor submitting transactions
chatterbot Quebec submitting transactions
chatterbot Juliett submitting transactions
chatterbot Yankee submitting transactions
chatterbot X-ray submitting transactions
chatterbot Mike submitting transactions
chatterbot Zulu submitting transactions
ChatterBot Victor round 2
ChatterBot Zulu round 2
ChatterBot X-ray round 2
ChatterBot Quebec round 2
ChatterBot Yankee round 2
ChatterBot Juliett round 2
ChatterBot India round 2
ChatterBot Mike round 2
ChatterBot Lima round 2
ChatterBot Whiskey round 2
2024-10-15 04:22:42.412553 X-ray: Group up?
ChatterBot Zulu reevaluating
ChatterBot Yankee reevaluating
ChatterBot Lima reevaluating
2024-10-15 04:22:42.435595 Zulu: No
2024-10-15 04:22:42.435848 Quebec: No
2024-10-15 04:22:42.436020 Yankee: Yes
2024-10-15 04:22:42.436177 Lima: No
ChatterBot X-ray reevaluating
ChatterBot Yankee reevaluating
ChatterBot Lima reevaluating
ChatterBot X-ray reevaluating
ChatterBot Zulu reevaluating
ChatterBot Yankee reevaluating
ChatterBot Lima reevaluating
ChatterBot X-ray reevaluating
ChatterBot Zulu reevaluating
ChatterBot Lima reevaluating
ChatterBot X-ray reevaluating
ChatterBot Zulu reevaluating
ChatterBot Yankee reevaluating
2024-10-15 04:22:42.537271 India: Group up?
ChatterBot Yankee reevaluating
ChatterBot Zulu reevaluating
ChatterBot X-ray reevaluating
ChatterBot Mike reevaluating
ChatterBot Lima reevaluating
ChatterBot Whiskey reevaluating
2024-10-15 04:22:42.588525 Yankee: Yes
2024-10-15 04:22:42.588741 Zulu: No
2024-10-15 04:22:42.589609 X-ray: No
2024-10-15 04:22:42.589834 Quebec: No
2024-10-15 04:22:42.590048 Victor: No
2024-10-15 04:22:42.590288 Juliett: No
2024-10-15 04:22:42.590496 Mike: No
2024-10-15 04:22:42.590719 Lima: No
2024-10-15 04:22:42.591340 Whiskey: No
ChatterBot Zulu reevaluating
ChatterBot X-ray reevaluating
ChatterBot Victor reevaluating
ChatterBot Mike reevaluating
ChatterBot Lima reevaluating
ChatterBot Whiskey reevaluating
ChatterBot Yankee reevaluating
ChatterBot X-ray reevaluating
ChatterBot Victor reevaluating
ChatterBot Mike reevaluating
ChatterBot Lima reevaluating
ChatterBot Whiskey reevaluating
ChatterBot Yankee reevaluating
ChatterBot Zulu reevaluating
ChatterBot Victor reevaluating
ChatterBot Mike reevaluating
ChatterBot Lima reevaluating
ChatterBot Whiskey reevaluating
ChatterBot Yankee reevaluating
ChatterBot Zulu reevaluating
ChatterBot X-ray reevaluating
ChatterBot Victor reevaluating
ChatterBot Mike reevaluating
ChatterBot Lima reevaluating
ChatterBot Whiskey reevaluating
ChatterBot Yankee reevaluating
ChatterBot Zulu reevaluating
ChatterBot X-ray reevaluating
ChatterBot Mike reevaluating
ChatterBot Lima reevaluating
ChatterBot Whiskey reevaluating
ChatterBot Yankee reevaluating
ChatterBot Zulu reevaluating
ChatterBot X-ray reevaluating
ChatterBot Victor reevaluating
ChatterBot Mike reevaluating
ChatterBot Lima reevaluating
ChatterBot Whiskey reevaluating
ChatterBot Yankee reevaluating
ChatterBot Zulu reevaluating
ChatterBot X-ray reevaluating
ChatterBot Victor reevaluating
ChatterBot Lima reevaluating
ChatterBot Whiskey reevaluating
ChatterBot Yankee reevaluating
ChatterBot Zulu reevaluating
ChatterBot X-ray reevaluating
ChatterBot Victor reevaluating
ChatterBot Mike reevaluating
ChatterBot Whiskey reevaluating
ChatterBot Yankee reevaluating
ChatterBot Zulu reevaluating
ChatterBot X-ray reevaluating
ChatterBot Victor reevaluating
ChatterBot Mike reevaluating
ChatterBot Lima reevaluating
2024-10-15 04:22:42.993876 Quebec: We should drop Victor
ChatterBot Zulu reevaluating
ChatterBot X-ray reevaluating
ChatterBot Yankee reevaluating
2024-10-15 04:22:43.011667 Zulu: Yes
2024-10-15 04:22:43.011940 X-ray: Yes
2024-10-15 04:22:43.013117 Yankee: No
2024-10-15 04:22:43.013249 India: No
ChatterBot X-ray reevaluating
ChatterBot Yankee reevaluating
ChatterBot Zulu reevaluating
ChatterBot Yankee reevaluating
ChatterBot Zulu reevaluating
ChatterBot X-ray reevaluating
ChatterBot Zulu reevaluating
ChatterBot X-ray reevaluating
ChatterBot Yankee reevaluating
chatterbot India submitting transactions
chatterbot Juliett submitting transactions
chatterbot Quebec submitting transactions
chatterbot Victor submitting transactions
2024-10-15 04:22:43.828004 Victor: Juliett and Whiskey, sending you 3
2024-10-15 04:22:43.828407 Quebec: Zulu, sending you 6
2024-10-15 04:22:43.829270 Whiskey: Victor, sending you 3
2024-10-15 04:22:43.829531 Lima: Juliett and India, sending you 7
2024-10-15 04:22:43.829956 Juliett: Victor and India, sending you 4
2024-10-15 04:22:43.830221 Mike: Victor, India and Lima, sending you 2
2024-10-15 04:22:43.831078 India: Victor, Zulu, Juliett and Mike, sending you 1
chatterbot Mike submitting transactions
chatterbot X-ray submitting transactions
2024-10-15 04:22:43.831662 Victor: India and Mike, sending you 4
2024-10-15 04:22:43.960536 Whiskey: Juliett, India and Lima, sending you 2
2024-10-15 04:22:43.960911 Lima: Whiskey, sending you 6
2024-10-15 04:22:43.961230 Quebec: X-ray and Yankee, sending you 5
2024-10-15 04:22:43.961491 Juliett: Lima and Whiskey, sending you 1
2024-10-15 04:22:43.962387 Mike: Whiskey, sending you 6
2024-10-15 04:22:43.962690 Yankee: Zulu, sending you 1
2024-10-15 04:22:43.962981 India: X-ray, Quebec, Lima and Whiskey, sending you 2
2024-10-15 04:22:43.963933 Quebec: India, sending you 3
2024-10-15 04:22:44.001804 Whiskey: Mike, sending you 4
2024-10-15 04:22:44.002331 Zulu: Quebec and Yankee, sending you 2
2024-10-15 04:22:44.003279 X-ray: Quebec, sending you 5
2024-10-15 04:22:44.003553 Yankee: X-ray, sending you 3
2024-10-15 04:22:44.053940 X-ray: Yankee, sending you 3
2024-10-15 04:22:44.054348 Yankee: Quebec, sending you 5
chatterbot Yankee submitting transactions
chatterbot Whiskey submitting transactions
chatterbot Lima submitting transactions
chatterbot Zulu submitting transactions
ChatterBot Victor round 3
ChatterBot Zulu round 3
ChatterBot X-ray round 3
ChatterBot Quebec round 3
ChatterBot Yankee round 3
ChatterBot Juliett round 3
ChatterBot India round 3
ChatterBot Mike round 3
ChatterBot Lima round 3
ChatterBot Whiskey round 3
2024-10-15 04:22:44.764107 Lima: Juliett, sending you 4
2024-10-15 04:22:44.766239 Juliett: Victor, sending you 3
2024-10-15 04:22:44.767998 Zulu: Quebec, sending you 3
2024-10-15 04:22:44.770314 Mike: Victor, sending you 4
2024-10-15 04:22:44.771361 India: Victor, Quebec, Juliett and Whiskey, sending you 2
2024-10-15 04:22:44.774090 Quebec: Zulu, X-ray and Yankee, sending you 5
2024-10-15 04:22:44.775786 Victor: Juliett and Whiskey, sending you 4
2024-10-15 04:22:44.777735 Whiskey: Victor, Mike and Lima, sending you 3
2024-10-15 04:22:44.780070 Yankee: Zulu, sending you 1
2024-10-15 04:22:44.782131 Lima: India, sending you 7
2024-10-15 04:22:44.783979 Juliett: India, sending you 2
2024-10-15 04:22:44.786380 Zulu: Yankee, sending you 1
2024-10-15 04:22:44.787995 Mike: India, sending you 2
2024-10-15 04:22:44.790207 India: X-ray, sending you 1
2024-10-15 04:22:44.792563 Quebec: India, sending you 4
2024-10-15 04:22:44.793269 Victor: India and Mike, sending you 3
2024-10-15 04:22:44.794509 Whiskey: Juliett and India, sending you 2
2024-10-15 04:22:44.795176 Yankee: X-ray, sending you 3
2024-10-15 04:22:44.796431 X-ray: Quebec, sending you 5
2024-10-15 04:22:44.796885 Lima: Mike, sending you 3
2024-10-15 04:22:44.798129 Juliett: Lima, sending you 4
2024-10-15 04:22:44.798832 Mike: Lima, sending you 1
2024-10-15 04:22:44.799945 India: Lima, sending you 3
2024-10-15 04:22:44.800650 Yankee: Quebec, sending you 5
2024-10-15 04:22:44.801940 X-ray: Yankee, sending you 3
2024-10-15 04:22:44.802341 Lima: Whiskey, sending you 6
2024-10-15 04:22:44.803356 Juliett: Whiskey, sending you 1
2024-10-15 04:22:44.803842 Mike: Whiskey, sending you 5
2024-10-15 04:22:44.935120 X-ray: India, sending you 1
chatterbot Quebec submitting transactions
chatterbot Whiskey submitting transactions
chatterbot Victor submitting transactions
chatterbot India submitting transactions
chatterbot X-ray submitting transactions
chatterbot Lima submitting transactions
chatterbot Mike submitting transactions
chatterbot Juliett submitting transactions
chatterbot Yankee submitting transactions
chatterbot Zulu submitting transactions
ChatterBot Victor round 4
ChatterBot Zulu round 4
ChatterBot X-ray round 4
ChatterBot Quebec round 4
ChatterBot Yankee round 4
ChatterBot Juliett round 4
ChatterBot India round 4
ChatterBot Mike round 4
ChatterBot Lima round 4
ChatterBot Whiskey round 4
2024-10-15 04:22:46.600823 Quebec: Zulu, X-ray and Yankee, sending you 5
2024-10-15 04:22:46.601326 Yankee: Zulu, sending you 1
2024-10-15 04:22:46.602697 Zulu: Quebec, sending you 3
2024-10-15 04:22:46.603124 Victor: Juliett, India and Mike, sending you 3
2024-10-15 04:22:46.604248 India: Victor, Quebec, Juliett and Whiskey, sending you 2
2024-10-15 04:22:46.604983 Juliett: Victor and Lima, sending you 3
2024-10-15 04:22:46.606087 Mike: Victor, sending you 4
2024-10-15 04:22:46.606625 X-ray: Quebec, sending you 4
2024-10-15 04:22:46.607796 Quebec: India, sending you 4
2024-10-15 04:22:46.608204 Yankee: X-ray, sending you 3
2024-10-15 04:22:46.608831 Zulu: Yankee, sending you 1
2024-10-15 04:22:46.609872 Victor: Lima, sending you 1
2024-10-15 04:22:46.610425 India: Mike, sending you 1
2024-10-15 04:22:46.611730 Mike: India, sending you 1
2024-10-15 04:22:46.612324 Juliett: India and Whiskey, sending you 2
2024-10-15 04:22:46.612890 X-ray: Yankee, sending you 3
2024-10-15 04:22:46.613819 Whiskey: Victor, Mike and Lima, sending you 3
2024-10-15 04:22:46.614515 Lima: Juliett, sending you 5
2024-10-15 04:22:46.615798 Victor: Whiskey, sending you 4
2024-10-15 04:22:46.616361 Yankee: Quebec, sending you 5
2024-10-15 04:22:46.617641 Mike: Lima, sending you 2
2024-10-15 04:22:46.618233 India: Lima, sending you 3
2024-10-15 04:22:46.619531 Whiskey: Juliett and India, sending you 2
2024-10-15 04:22:46.620098 X-ray: India, sending you 2
2024-10-15 04:22:46.652610 Lima: India, sending you 7
2024-10-15 04:22:46.653390 Mike: Whiskey, sending you 5
2024-10-15 04:22:46.711972 Lima: Mike, sending you 2
chatterbot Lima submitting transactions
2024-10-15 04:22:46.753042 Lima: Whiskey, sending you 6
chatterbot India submitting transactions
chatterbot Victor submitting transactions
chatterbot Yankee submitting transactions
chatterbot Zulu submitting transactions
chatterbot Whiskey submitting transactions
chatterbot Juliett submitting transactions
chatterbot Quebec submitting transactions
chatterbot X-ray submitting transactions
chatterbot Mike submitting transactions
ChatterBot Victor round 5
ChatterBot Zulu round 5
ChatterBot X-ray round 5
ChatterBot Quebec round 5
ChatterBot Yankee round 5
ChatterBot Juliett round 5
ChatterBot India round 5
ChatterBot Mike round 5
ChatterBot Lima round 5
ChatterBot Whiskey round 5
2024-10-15 04:22:47.720112 India: Victor, Quebec, Juliett and Whiskey, sending you 2
2024-10-15 04:22:47.720806 Quebec: Zulu, X-ray and Yankee, sending you 5
2024-10-15 04:22:47.729318 India: X-ray, sending you 1
2024-10-15 04:22:47.730340 Quebec: India, sending you 4
2024-10-15 04:22:47.730652 Yankee: Zulu, sending you 2
2024-10-15 04:22:47.730944 Mike: Victor, sending you 4
2024-10-15 04:22:47.731893 Zulu: Quebec, sending you 3
2024-10-15 04:22:47.732282 Victor: Juliett, India and Mike, sending you 3
2024-10-15 04:22:47.733351 X-ray: Quebec, sending you 5
2024-10-15 04:22:47.733659 Whiskey: Victor, Mike and Lima, sending you 3
2024-10-15 04:22:47.734024 Lima: Victor, sending you 1
2024-10-15 04:22:47.734358 Juliett: Victor and Lima, sending you 3
2024-10-15 04:22:47.735340 India: Lima, sending you 3
2024-10-15 04:22:47.749691 Yankee: X-ray, sending you 3
2024-10-15 04:22:47.750156 Victor: Lima, sending you 1
2024-10-15 04:22:47.751336 Mike: India, sending you 1
2024-10-15 04:22:47.751848 Zulu: Yankee, sending you 1
2024-10-15 04:22:47.752895 Whiskey: Juliett and India, sending you 2
2024-10-15 04:22:47.753419 Lima: Juliett, sending you 5
2024-10-15 04:22:47.753929 Juliett: India and Whiskey, sending you 2
2024-10-15 04:22:47.755115 X-ray: Yankee, sending you 3
2024-10-15 04:22:47.756249 Yankee: Quebec, sending you 4
2024-10-15 04:22:47.756699 Mike: Lima, sending you 2
2024-10-15 04:22:47.757144 Victor: Whiskey, sending you 4
2024-10-15 04:22:47.758124 Lima: India and Whiskey, sending you 6
2024-10-15 04:22:47.758798 X-ray: India, sending you 1
2024-10-15 04:22:47.775003 Mike: Whiskey, sending you 5
2024-10-15 04:22:47.775929 Lima: Mike, sending you 2
chatterbot Mike submitting transactions
chatterbot Victor submitting transactions
chatterbot Lima submitting transactions
chatterbot Yankee submitting transactions
chatterbot Juliett submitting transactions
chatterbot India submitting transactions
chatterbot X-ray submitting transactions
chatterbot Quebec submitting transactions
chatterbot Whiskey submitting transactions
chatterbot Zulu submitting transactions
ChatterBot Victor round 6
ChatterBot Zulu round 6
ChatterBot X-ray round 6
ChatterBot Quebec round 6
ChatterBot Yankee round 6
ChatterBot Juliett round 6
ChatterBot India round 6
ChatterBot Mike round 6
ChatterBot Lima round 6
ChatterBot Whiskey round 6
2024-10-15 04:22:49.219839 Juliett: Victor and Lima, sending you 3
2024-10-15 04:22:49.221591 Zulu: Quebec, sending you 3
2024-10-15 04:22:49.222489 Quebec: Zulu, X-ray and Yankee, sending you 5
2024-10-15 04:22:49.223905 X-ray: Quebec, sending you 5
2024-10-15 04:22:49.224475 India: Victor, Quebec and Whiskey, sending you 2
2024-10-15 04:22:49.226539 Mike: Victor, sending you 4
2024-10-15 04:22:49.227218 Victor: Juliett, India and Mike, sending you 3
2024-10-15 04:22:49.228700 Lima: Juliett, sending you 5
2024-10-15 04:22:49.229531 Whiskey: Victor, Mike and Lima, sending you 3
2024-10-15 04:22:49.230896 Yankee: Zulu, sending you 1
2024-10-15 04:22:49.232882 Juliett: India and Whiskey, sending you 2
2024-10-15 04:22:49.233665 Zulu: Yankee, sending you 1
2024-10-15 04:22:49.234035 X-ray: Yankee, sending you 3
2024-10-15 04:22:49.235267 Quebec: India, sending you 4
2024-10-15 04:22:49.235643 India: X-ray, Juliett and Mike, sending you 1
2024-10-15 04:22:49.237143 Mike: India, sending you 1
2024-10-15 04:22:49.237675 Victor: Lima, sending you 1
2024-10-15 04:22:49.239147 Lima: India and Whiskey, sending you 6
2024-10-15 04:22:49.239830 Whiskey: Juliett and India, sending you 2
2024-10-15 04:22:49.241170 Yankee: X-ray, sending you 3
2024-10-15 04:22:49.242 X-ray: India, sending you 1
2024-10-15 04:22:49.243087 India: Lima, sending you 3
2024-10-15 04:22:49.243757 Mike: Lima, sending you 2
2024-10-15 04:22:49.245114 Victor: Whiskey, sending you 4
2024-10-15 04:22:49.245746 Lima: Mike, sending you 3
2024-10-15 04:22:49.247226 Yankee: Quebec, sending you 5
2024-10-15 04:22:49.253232 Mike: Whiskey, sending you 5
chatterbot Quebec submitting transactions
chatterbot Victor submitting transactions
chatterbot India submitting transactions
chatterbot Zulu submitting transactions
chatterbot X-ray submitting transactions
chatterbot Juliett submitting transactions
chatterbot Lima submitting transactions
chatterbot Whiskey submitting transactions
chatterbot Mike submitting transactions
chatterbot Yankee submitting transactions
ChatterBot Victor round 7
ChatterBot Zulu round 7
ChatterBot X-ray round 7
ChatterBot Quebec round 7
ChatterBot Yankee round 7
ChatterBot Juliett round 7
ChatterBot India round 7
ChatterBot Mike round 7
ChatterBot Lima round 7
ChatterBot Whiskey round 7
2024-10-15 04:22:50.575684 Zulu: Quebec, sending you 3
2024-10-15 04:22:50.577022 Victor: Juliett, India and Mike, sending you 3
2024-10-15 04:22:50.578539 Quebec: Zulu, X-ray and Yankee, sending you 5
2024-10-15 04:22:50.579637 X-ray: Quebec, sending you 5
2024-10-15 04:22:50.580153 Zulu: Yankee, sending you 1
2024-10-15 04:22:50.581430 Victor: Lima, sending you 1
2024-10-15 04:22:50.583693 Quebec: India, sending you 4
2024-10-15 04:22:50.584241 X-ray: Yankee, sending you 3
2024-10-15 04:22:50.584821 Mike: Victor, sending you 4
2024-10-15 04:22:50.586139 Yankee: Zulu, sending you 1
2024-10-15 04:22:50.587246 Victor: Whiskey, sending you 4
2024-10-15 04:22:50.587873 Whiskey: Victor, Mike and Lima, sending you 3
2024-10-15 04:22:50.588916 Lima: Victor, sending you 1
2024-10-15 04:22:50.589425 Juliett: Victor and Lima, sending you 3
2024-10-15 04:22:50.590873 Mike: India, sending you 1
2024-10-15 04:22:50.591718 X-ray: India, sending you 1
2024-10-15 04:22:50.592907 Yankee: X-ray, sending you 3
2024-10-15 04:22:50.593558 Whiskey: Juliett and India, sending you 2
2024-10-15 04:22:50.594952 Lima: Juliett, sending you 5
2024-10-15 04:22:50.595816 Juliett: India and Whiskey, sending you 2
2024-10-15 04:22:50.597064 Mike: Lima, sending you 2
2024-10-15 04:22:50.597670 India: Victor, Quebec and Whiskey, sending you 2
2024-10-15 04:22:50.598922 Yankee: Quebec, sending you 5
2024-10-15 04:22:50.599788 Mike: Whiskey, sending you 5
2024-10-15 04:22:50.601538 Lima: India and Whiskey, sending you 6
2024-10-15 04:22:50.603661 India: X-ray, Juliett and Mike, sending you 1
2024-10-15 04:22:50.606188 Lima: Mike, sending you 2
2024-10-15 04:22:50.608693 India: Lima, sending you 3
chatterbot India submitting transactions
chatterbot Whiskey submitting transactions
chatterbot Victor submitting transactions
chatterbot Zulu submitting transactions
chatterbot Quebec submitting transactions
chatterbot Lima submitting transactions
chatterbot X-ray submitting transactions
chatterbot Mike submitting transactions
chatterbot Juliett submitting transactions
chatterbot Yankee submitting transactions
ChatterBot Victor round 8
ChatterBot Zulu round 8
ChatterBot X-ray round 8
ChatterBot Quebec round 8
ChatterBot Yankee round 8
ChatterBot Juliett round 8
ChatterBot India round 8
ChatterBot Mike round 8
ChatterBot Lima round 8
ChatterBot Whiskey round 8
2024-10-15 04:22:52.249071 Victor: Juliett, India and Mike, sending you 3
2024-10-15 04:22:52.250952 X-ray: Quebec, sending you 5
2024-10-15 04:22:52.251821 Quebec: Zulu, X-ray and Yankee, sending you 5
2024-10-15 04:22:52.253287 Zulu: Quebec, sending you 3
2024-10-15 04:22:52.257939 Victor: Lima, sending you 1
2024-10-15 04:22:52.259730 X-ray: Yankee, sending you 3
2024-10-15 04:22:52.260868 Quebec: India, sending you 4
2024-10-15 04:22:52.261877 Whiskey: Victor, Mike and Lima, sending you 3
2024-10-15 04:22:52.263608 Juliett: Victor and Lima, sending you 3
2024-10-15 04:22:52.265643 Lima: Juliett, sending you 5
2024-10-15 04:22:52.267124 India: Victor, Quebec and Whiskey, sending you 2
2024-10-15 04:22:52.269479 Mike: Victor, sending you 4
2024-10-15 04:22:52.271227 Yankee: Zulu, sending you 1
2024-10-15 04:22:52.273175 Zulu: Yankee, sending you 1
2024-10-15 04:22:52.274180 X-ray: India, sending you 1
2024-10-15 04:22:52.275571 Victor: Whiskey, sending you 4
2024-10-15 04:22:52.277379 Whiskey: Juliett and India, sending you 2
2024-10-15 04:22:52.278591 Lima: India and Whiskey, sending you 6
2024-10-15 04:22:52.280279 Juliett: India and Whiskey, sending you 2
2024-10-15 04:22:52.282041 India: X-ray, Juliett and Mike, sending you 1
2024-10-15 04:22:52.283886 Mike: India, sending you 1
2024-10-15 04:22:52.284808 Yankee: X-ray, sending you 3
2024-10-15 04:22:52.286562 Lima: Mike, sending you 3
2024-10-15 04:22:52.288042 India: Lima, sending you 3
2024-10-15 04:22:52.342720 Mike: Lima, sending you 2
2024-10-15 04:22:52.344362 Yankee: Quebec, sending you 5
2024-10-15 04:22:52.378626 Mike: Whiskey, sending you 5
chatterbot Juliett submitting transactions
chatterbot Lima submitting transactions
chatterbot Mike submitting transactions
chatterbot Zulu submitting transactions
chatterbot Yankee submitting transactions
chatterbot X-ray submitting transactions
chatterbot Whiskey submitting transactions
chatterbot Quebec submitting transactions
chatterbot India submitting transactions
chatterbot Victor submitting transactions
ChatterBot Victor round 9
ChatterBot Zulu round 9
ChatterBot X-ray round 9
ChatterBot Quebec round 9
ChatterBot Yankee round 9
ChatterBot Juliett round 9
ChatterBot India round 9
ChatterBot Mike round 9
ChatterBot Lima round 9
ChatterBot Whiskey round 9
2024-10-15 04:22:53.371680 Quebec: Zulu, X-ray and Yankee, sending you 5
2024-10-15 04:22:53.375829 Quebec: India, sending you 4
2024-10-15 04:22:53.377981 India: Victor, Quebec and Whiskey, sending you 2
2024-10-15 04:22:53.380313 Yankee: Zulu and India, sending you 1
2024-10-15 04:22:53.381088 Victor: Juliett, India and Mike, sending you 3
2024-10-15 04:22:53.383900 India: X-ray, Juliett and Mike, sending you 1
2024-10-15 04:22:53.386314 Juliett: Victor and Lima, sending you 3
2024-10-15 04:22:53.388671 Zulu: Quebec, sending you 3
2024-10-15 04:22:53.389832 Yankee: X-ray, sending you 3
2024-10-15 04:22:53.391644 Victor: Lima, sending you 1
2024-10-15 04:22:53.393988 Mike: Victor, sending you 4
2024-10-15 04:22:53.395818 Whiskey: Victor, Mike and Lima, sending you 3
2024-10-15 04:22:53.398368 India: Lima, sending you 3
2024-10-15 04:22:53.401410 Zulu: Yankee, sending you 1
2024-10-15 04:22:53.403332 Juliett: India and Whiskey, sending you 2
2024-10-15 04:22:53.405732 Yankee: Quebec, sending you 4
2024-10-15 04:22:53.407909 X-ray: Quebec, sending you 5
2024-10-15 04:22:53.409221 Victor: Whiskey, sending you 4
2024-10-15 04:22:53.411925 Mike: India, sending you 1
2024-10-15 04:22:53.414094 Whiskey: Juliett and India, sending you 2
2024-10-15 04:22:53.416311 Lima: Victor, sending you 1
2024-10-15 04:22:53.419115 X-ray: Yankee, sending you 3
2024-10-15 04:22:53.420299 Mike: Lima, sending you 2
2024-10-15 04:22:53.422821 Lima: Juliett, sending you 5
2024-10-15 04:22:53.424831 X-ray: India, sending you 1
2024-10-15 04:22:53.427273 Mike: Whiskey, sending you 5
2024-10-15 04:22:53.429450 Lima: India and Whiskey, sending you 6
2024-10-15 04:22:53.434345 Lima: Mike, sending you 2
chatterbot Lima submitting transactions
chatterbot Mike submitting transactions
chatterbot Zulu submitting transactions
chatterbot Quebec submitting transactions
chatterbot India submitting transactions
chatterbot Whiskey submitting transactions
chatterbot Juliett submitting transactions
chatterbot X-ray submitting transactions
chatterbot Yankee submitting transactions
chatterbot Victor submitting transactions
ChatterBot Victor round 10
ChatterBot Zulu round 10
ChatterBot X-ray round 10
ChatterBot Quebec round 10
ChatterBot Yankee round 10
ChatterBot Juliett round 10
ChatterBot India round 10
ChatterBot Mike round 10
ChatterBot Lima round 10
ChatterBot Whiskey round 10
2024-10-15 04:22:54.544684 Quebec: Zulu, X-ray and Yankee, sending you 5
2024-10-15 04:22:54.547684 Whiskey: Victor, Mike and Lima, sending you 3
2024-10-15 04:22:54.550132 Juliett: Victor and Lima, sending you 3
2024-10-15 04:22:54.552324 Quebec: India, sending you 4
2024-10-15 04:22:54.554210 Whiskey: Juliett and India, sending you 2
2024-10-15 04:22:54.556686 Juliett: India and Whiskey, sending you 2
2024-10-15 04:22:54.559111 X-ray: Quebec, sending you 4
2024-10-15 04:22:54.560954 Zulu: Quebec, sending you 3
2024-10-15 04:22:54.562585 Lima: Victor, sending you 1
2024-10-15 04:22:54.564683 Yankee: Zulu, sending you 1
2024-10-15 04:22:54.566001 Victor: Juliett, India and Mike, sending you 3
2024-10-15 04:22:54.567960 India: Victor, Quebec and Whiskey, sending you 2
2024-10-15 04:22:54.569985 X-ray: Yankee, sending you 3
2024-10-15 04:22:54.571425 Zulu: Yankee, sending you 1
2024-10-15 04:22:54.572234 Mike: Victor, sending you 4
2024-10-15 04:22:54.574241 Lima: Juliett, sending you 5
2024-10-15 04:22:54.575922 Yankee: X-ray, sending you 3
2024-10-15 04:22:54.578445 Victor: Lima, sending you 1
2024-10-15 04:22:54.580385 India: X-ray, Juliett and Mike, sending you 1
2024-10-15 04:22:54.582303 X-ray: India, sending you 2
2024-10-15 04:22:54.583850 Mike: India, sending you 1
2024-10-15 04:22:54.585005 Lima: India and Whiskey, sending you 6
2024-10-15 04:22:54.586808 Yankee: Quebec, sending you 5
2024-10-15 04:22:54.588855 Victor: Whiskey, sending you 4
2024-10-15 04:22:54.590646 India: Lima, sending you 3
2024-10-15 04:22:54.592974 Mike: Lima, sending you 2
2024-10-15 04:22:54.595092 Lima: Mike, sending you 2
2024-10-15 04:22:54.597676 Mike: Whiskey, sending you 5
chatterbot Quebec submitting transactions
chatterbot Whiskey submitting transactions
chatterbot X-ray submitting transactions
chatterbot Victor submitting transactions
chatterbot Yankee submitting transactions
chatterbot Juliett submitting transactions
chatterbot India submitting transactions
chatterbot Lima submitting transactions
chatterbot Mike submitting transactions
chatterbot Zulu submitting transactions
ChatterBot Victor round 11
ChatterBot Zulu round 11
ChatterBot X-ray round 11
ChatterBot Quebec round 11
ChatterBot Yankee round 11
ChatterBot Juliett round 11
ChatterBot India round 11
ChatterBot Mike round 11
ChatterBot Lima round 11
ChatterBot Whiskey round 11
2024-10-15 04:22:55.841681 Quebec: Zulu, sending you 4
2024-10-15 04:22:55.844669 Yankee: Zulu, sending you 1
2024-10-15 04:22:55.845907 Quebec: X-ray, Yankee and India, sending you 5
2024-10-15 04:22:55.848670 Juliett: Victor and Lima, sending you 3
2024-10-15 04:22:55.850046 Yankee: X-ray, sending you 3
2024-10-15 04:22:55.851816 India: Victor, Quebec and Whiskey, sending you 2
2024-10-15 04:22:55.853676 Juliett: India and Whiskey, sending you 2
2024-10-15 04:22:55.855012 Yankee: Quebec, sending you 5
2024-10-15 04:22:55.855713 Zulu: Quebec, sending you 3
2024-10-15 04:22:55.856722 X-ray: Quebec, sending you 4
2024-10-15 04:22:55.857110 Whiskey: Victor, Mike and Lima, sending you 3
2024-10-15 04:22:55.857854 India: X-ray, Juliett and Mike, sending you 1
2024-10-15 04:22:55.858924 Victor: Juliett, India and Mike, sending you 3
2024-10-15 04:22:55.861204 Whiskey: Juliett and India, sending you 2
2024-10-15 04:22:55.862521 Zulu: Yankee, sending you 1
2024-10-15 04:22:55.863758 X-ray: Yankee, sending you 3
2024-10-15 04:22:55.864412 Victor: Lima, sending you 1
2024-10-15 04:22:55.865398 Mike: Victor, sending you 4
2024-10-15 04:22:55.866776 Lima: Victor, sending you 1
2024-10-15 04:22:55.867727 India: Lima, sending you 3
2024-10-15 04:22:55.869240 Victor: Whiskey, sending you 4
2024-10-15 04:22:55.870219 X-ray: India, sending you 2
2024-10-15 04:22:55.871381 Mike: India, sending you 1
2024-10-15 04:22:55.872470 Lima: Juliett, sending you 5
2024-10-15 04:22:55.874723 Mike: Lima, sending you 2
2024-10-15 04:22:55.878069 Lima: India and Whiskey, sending you 6
2024-10-15 04:22:55.879011 Mike: Whiskey, sending you 5
2024-10-15 04:22:55.882664 Lima: Mike, sending you 2
chatterbot Zulu submitting transactions
chatterbot Lima submitting transactions
chatterbot X-ray submitting transactions
chatterbot Juliett submitting transactions
chatterbot Victor submitting transactions
chatterbot Whiskey submitting transactions
chatterbot India submitting transactions
chatterbot Mike submitting transactions
chatterbot Quebec submitting transactions
chatterbot Yankee submitting transactions
ChatterBot Victor round 12
ChatterBot Zulu round 12
ChatterBot X-ray round 12
ChatterBot Quebec round 12
ChatterBot Yankee round 12
ChatterBot Juliett round 12
ChatterBot India round 12
ChatterBot Mike round 12
ChatterBot Lima round 12
ChatterBot Whiskey round 12
2024-10-15 04:22:57.113871 Mike: We should drop India
2024-10-15 04:22:57.130852 Victor: No
2024-10-15 04:22:57.131053 Juliett: No
2024-10-15 04:22:57.131210 Lima: No
2024-10-15 04:22:57.131346 Whiskey: No
ChatterBot Mike reevaluating
ChatterBot Mike reevaluating
ChatterBot Mike reevaluating
ChatterBot Mike reevaluating
2024-10-15 04:22:57.180167 Juliett: Victor and Lima, sending you 3
2024-10-15 04:22:57.181124 India: Victor, Quebec and Whiskey, sending you 2
2024-10-15 04:22:57.181908 Yankee: Zulu, sending you 1
2024-10-15 04:22:57.183096 Quebec: Zulu, sending you 4
2024-10-15 04:22:57.183691 Zulu: Quebec, sending you 3
2024-10-15 04:22:57.184156 Victor: Juliett, India and Mike, sending you 3
2024-10-15 04:22:57.185785 X-ray: Quebec, sending you 4
2024-10-15 04:22:57.186298 India: X-ray, Juliett and Mike, sending you 1
2024-10-15 04:22:57.187501 Juliett: India and Whiskey, sending you 2
2024-10-15 04:22:57.188627 Mike: We should drop Juliett
2024-10-15 04:22:57.200477 Victor: No
2024-10-15 04:22:57.200644 India: No
2024-10-15 04:22:57.200798 Lima: No
2024-10-15 04:22:57.200914 Whiskey: No
ChatterBot Mike reevaluating
ChatterBot Mike reevaluating
ChatterBot Mike reevaluating
ChatterBot Mike reevaluating
2024-10-15 04:22:57.244499 Yankee: X-ray, sending you 3
2024-10-15 04:22:57.245267 Quebec: X-ray, Yankee and India, sending you 5
2024-10-15 04:22:57.245708 Zulu: Yankee, sending you 1
2024-10-15 04:22:57.246234 Victor: Lima, sending you 1
2024-10-15 04:22:57.247385 Whiskey: Victor, Mike and Lima, sending you 3
2024-10-15 04:22:57.248 X-ray: Yankee, sending you 3
2024-10-15 04:22:57.248423 India: Lima, sending you 3
2024-10-15 04:22:57.249077 Yankee: Quebec, sending you 5
2024-10-15 04:22:57.250685 Victor: Whiskey, sending you 4
2024-10-15 04:22:57.251834 Lima: Victor, sending you 1
2024-10-15 04:22:57.253019 Whiskey: Juliett and India, sending you 2
2024-10-15 04:22:57.254670 X-ray: India, sending you 2
2024-10-15 04:22:57.257675 Lima: Juliett, sending you 4
2024-10-15 04:22:57.261653 Lima: India, sending you 7
2024-10-15 04:22:57.267685 Lima: Mike, sending you 2
2024-10-15 04:22:57.270657 Mike: Victor, sending you 4
2024-10-15 04:22:57.272651 Lima: Whiskey, sending you 6
2024-10-15 04:22:57.274669 Mike: India, sending you 1
2024-10-15 04:22:57.278660 Mike: Lima, sending you 2
2024-10-15 04:22:57.282679 Mike: Whiskey, sending you 5
chatterbot Victor submitting transactions
chatterbot Yankee submitting transactions
chatterbot Quebec submitting transactions
chatterbot Juliett submitting transactions
chatterbot Whiskey submitting transactions
chatterbot Lima submitting transactions
chatterbot X-ray submitting transactions
chatterbot India submitting transactions
chatterbot Zulu submitting transactions
chatterbot Mike submitting transactions
ChatterBot Victor round 13
ChatterBot Zulu round 13
ChatterBot X-ray round 13
ChatterBot Quebec round 13
ChatterBot Yankee round 13
ChatterBot Juliett round 13
ChatterBot India round 13
ChatterBot Mike round 13
ChatterBot Lima round 13
ChatterBot Whiskey round 13
2024-10-15 04:22:58.378652 Zulu: Quebec, sending you 3
2024-10-15 04:22:58.380293 Yankee: Zulu and India, sending you 1
2024-10-15 04:22:58.382510 X-ray: Quebec, sending you 4
2024-10-15 04:22:58.384184 Mike: Victor, sending you 4
2024-10-15 04:22:58.387008 Zulu: Yankee, sending you 1
2024-10-15 04:22:58.388515 Lima: Victor, sending you 1
2024-10-15 04:22:58.391623 Yankee: X-ray, sending you 3
2024-10-15 04:22:58.393781 Quebec: Zulu, sending you 4
2024-10-15 04:22:58.395881 X-ray: Yankee, sending you 3
2024-10-15 04:22:58.397311 Victor: Juliett, India and Mike, sending you 3
2024-10-15 04:22:58.400211 Whiskey: Victor, Mike and Lima, sending you 3
2024-10-15 04:22:58.402764 Mike: India, sending you 1
2024-10-15 04:22:58.405496 Lima: Juliett, sending you 4
2024-10-15 04:22:58.408198 Juliett: Victor, sending you 3
2024-10-15 04:22:58.410236 India: Victor, Quebec and Whiskey, sending you 2
2024-10-15 04:22:58.412857 Yankee: Quebec, sending you 4
2024-10-15 04:22:58.414228 Quebec: X-ray, Yankee and India, sending you 5
2024-10-15 04:22:58.416310 X-ray: India, sending you 2
2024-10-15 04:22:58.417517 Victor: Lima, sending you 1
2024-10-15 04:22:58.420421 Whiskey: Juliett and India, sending you 2
2024-10-15 04:22:58.422680 Mike: Lima, sending you 2
2024-10-15 04:22:58.424620 Lima: India, sending you 7
2024-10-15 04:22:58.427018 Juliett: India, sending you 1
2024-10-15 04:22:58.429899 India: X-ray, Juliett and Mike, sending you 1
2024-10-15 04:22:58.431862 Victor: Whiskey, sending you 4
2024-10-15 04:22:58.433939 Mike: Whiskey, sending you 5
2024-10-15 04:22:58.435587 Lima: Mike, sending you 2
2024-10-15 04:22:58.437879 Juliett: Lima, sending you 4
2024-10-15 04:22:58.439240 India: Lima, sending you 3
2024-10-15 04:22:58.441964 Lima: Whiskey, sending you 6
2024-10-15 04:22:58.443607 Juliett: Whiskey, sending you 2
chatterbot Juliett submitting transactions
chatterbot India submitting transactions
chatterbot Victor submitting transactions
chatterbot Zulu submitting transactions
chatterbot Lima submitting transactions
chatterbot Quebec submitting transactions
chatterbot Whiskey submitting transactions
chatterbot X-ray submitting transactions
chatterbot Mike submitting transactions
chatterbot Yankee submitting transactions
ChatterBot Victor round 14
ChatterBot Zulu round 14
ChatterBot X-ray round 14
ChatterBot Quebec round 14
ChatterBot Yankee round 14
ChatterBot Juliett round 14
ChatterBot India round 14
ChatterBot Mike round 14
ChatterBot Lima round 14
ChatterBot Whiskey round 14
2024-10-15 04:22:59.896872 Zulu: Quebec, sending you 3
2024-10-15 04:22:59.900824 Juliett: Victor, sending you 3
2024-10-15 04:22:59.915803 Quebec: Zulu, sending you 4
2024-10-15 04:22:59.920347 Yankee: Zulu, sending you 1
2024-10-15 04:22:59.928303 Victor: Juliett, India and Mike, sending you 3
2024-10-15 04:22:59.931895 India: Victor, Quebec and Whiskey, sending you 2
2024-10-15 04:22:59.936917 X-ray: Quebec, sending you 4
2024-10-15 04:22:59.939493 Zulu: Yankee, sending you 1
2024-10-15 04:22:59.941950 Juliett: India, sending you 1
2024-10-15 04:22:59.945171 Quebec: X-ray, Yankee and India, sending you 5
2024-10-15 04:22:59.947783 Yankee: X-ray, sending you 3
2024-10-15 04:22:59.950473 Victor: Lima, sending you 1
2024-10-15 04:22:59.953605 India: X-ray, Juliett and Mike, sending you 1
2024-10-15 04:22:59.957679 Mike: Victor, sending you 4
2024-10-15 04:22:59.960437 X-ray: Yankee, sending you 3
2024-10-15 04:22:59.962552 Lima: Victor, sending you 1
2024-10-15 04:22:59.965065 Whiskey: Victor, Mike and Lima, sending you 3
2024-10-15 04:22:59.968295 Juliett: Lima, sending you 4
2024-10-15 04:22:59.970699 Yankee: Quebec, sending you 5
2024-10-15 04:22:59.974499 Victor: Whiskey, sending you 4
2024-10-15 04:22:59.977911 India: Lima, sending you 3
2024-10-15 04:22:59.981873 Mike: India, sending you 1
2024-10-15 04:22:59.985428 X-ray: India, sending you 2
2024-10-15 04:22:59.987071 Lima: Juliett, sending you 5
2024-10-15 04:22:59.990686 Whiskey: Juliett and India, sending you 2
2024-10-15 04:22:59.993983 Juliett: Whiskey, sending you 2
2024-10-15 04:22:59.997288 Mike: Lima, sending you 2
2024-10-15 04:23:00.000449 Lima: India and Whiskey, sending you 6
2024-10-15 04:23:00.083885 Mike: Whiskey, sending you 5
2024-10-15 04:23:00.086464 Lima: Mike, sending you 2
chatterbot Victor submitting transactions
chatterbot India submitting transactions
chatterbot Zulu submitting transactions
chatterbot Mike submitting transactions
chatterbot Yankee submitting transactions
chatterbot Whiskey submitting transactions
chatterbot Juliett submitting transactions
chatterbot Quebec submitting transactions
chatterbot X-ray submitting transactions
chatterbot Lima submitting transactions
ChatterBot Victor round 15
ChatterBot Zulu round 15
ChatterBot X-ray round 15
ChatterBot Quebec round 15
ChatterBot Yankee round 15
ChatterBot Juliett round 15
ChatterBot India round 15
ChatterBot Mike round 15
ChatterBot Lima round 15
ChatterBot Whiskey round 15
2024-10-15 04:23:01.094681 India: Victor, Quebec and Whiskey, sending you 2
2024-10-15 04:23:01.098761 X-ray: Quebec, sending you 4
2024-10-15 04:23:01.101398 Quebec: Zulu, sending you 4
2024-10-15 04:23:01.103224 Yankee: Zulu, sending you 1
2024-10-15 04:23:01.108005 Victor: Juliett, India and Mike, sending you 3
2024-10-15 04:23:01.110549 India: X-ray, Juliett and Mike, sending you 1
2024-10-15 04:23:01.113976 Juliett: Victor, sending you 3
2024-10-15 04:23:01.116605 X-ray: Yankee, sending you 3
2024-10-15 04:23:01.118820 Zulu: Quebec, sending you 3
