ChatterBot Kilo round 1
ChatterBot Tango round 1
ChatterBot Whiskey round 1
ChatterBot Lima round 1
ChatterBot Romeo round 1
ChatterBot Sierra round 1
ChatterBot Alpha round 1
ChatterBot Mike round 1
ChatterBot Delta round 1
ChatterBot Juliett round 1
randomSelections Tango: {Tango, Kilo, Alpha, Sierra, Mike, Lima, Juliett, Whiskey} 
2024-10-15 04:52:10.506655 Tango: We would work well together
ChatterBot Kilo reevaluating
ChatterBot Alpha reevaluating
ChatterBot Sierra reevaluating
ChatterBot Mike reevaluating
ChatterBot Lima reevaluating
ChatterBot Juliett reevaluating
ChatterBot Whiskey reevaluating
2024-10-15 04:52:10.523302 Kilo: Yes
2024-10-15 04:52:10.524633 Alpha: Yes
2024-10-15 04:52:10.524881 Sierra: Yes
2024-10-15 04:52:10.525107 Mike: Yes
2024-10-15 04:52:10.525287 Lima: Yes
2024-10-15 04:52:10.525647 Juliett: Yes
2024-10-15 04:52:10.525832 Whiskey: Yes
ChatterBot Alpha reevaluating
ChatterBot Sierra reevaluating
ChatterBot Mike reevaluating
ChatterBot Lima reevaluating
ChatterBot Juliett reevaluating
ChatterBot Whiskey reevaluating
ChatterBot Kilo reevaluating
ChatterBot Sierra reevaluating
ChatterBot Mike reevaluating
ChatterBot Lima reevaluating
ChatterBot Juliett reevaluating
ChatterBot Whiskey reevaluating
ChatterBot Kilo reevaluating
ChatterBot Alpha reevaluating
ChatterBot Mike reevaluating
ChatterBot Lima reevaluating
ChatterBot Juliett reevaluating
ChatterBot Whiskey reevaluating
ChatterBot Kilo reevaluating
ChatterBot Alpha reevaluating
ChatterBot Sierra reevaluating
ChatterBot Lima reevaluating
ChatterBot Juliett reevaluating
ChatterBot Whiskey reevaluating
ChatterBot Kilo reevaluating
ChatterBot Alpha reevaluating
ChatterBot Sierra reevaluating
ChatterBot Mike reevaluating
ChatterBot Juliett reevaluating
ChatterBot Whiskey reevaluating
ChatterBot Kilo reevaluating
ChatterBot Alpha reevaluating
ChatterBot Sierra reevaluating
ChatterBot Mike reevaluating
ChatterBot Lima reevaluating
ChatterBot Whiskey reevaluating
ChatterBot Kilo reevaluating
ChatterBot Alpha reevaluating
ChatterBot Sierra reevaluating
ChatterBot Mike reevaluating
ChatterBot Lima reevaluating
ChatterBot Juliett reevaluating
randomSelections Delta: {Delta, Romeo, Alpha, Whiskey, Kilo, Tango, Juliett, Mike} 
2024-10-15 04:52:10.670240 Delta: Let's form a team
ChatterBot Romeo reevaluating
ChatterBot Alpha reevaluating
ChatterBot Whiskey reevaluating
ChatterBot Kilo reevaluating
ChatterBot Juliett reevaluating
ChatterBot Mike reevaluating
2024-10-15 04:52:10.691192 Romeo: Yes
2024-10-15 04:52:10.691625 Alpha: No
2024-10-15 04:52:10.692539 Whiskey: No
2024-10-15 04:52:10.692944 Kilo: No
2024-10-15 04:52:10.693327 Tango: No
2024-10-15 04:52:10.694191 Juliett: No
2024-10-15 04:52:10.694502 Mike: No
ChatterBot Alpha reevaluating
ChatterBot Whiskey reevaluating
ChatterBot Kilo reevaluating
ChatterBot Juliett reevaluating
ChatterBot Mike reevaluating
ChatterBot Romeo reevaluating
ChatterBot Whiskey reevaluating
ChatterBot Kilo reevaluating
ChatterBot Juliett reevaluating
ChatterBot Mike reevaluating
ChatterBot Romeo reevaluating
ChatterBot Alpha reevaluating
ChatterBot Kilo reevaluating
ChatterBot Juliett reevaluating
ChatterBot Mike reevaluating
ChatterBot Romeo reevaluating
ChatterBot Alpha reevaluating
ChatterBot Whiskey reevaluating
ChatterBot Juliett reevaluating
ChatterBot Mike reevaluating
ChatterBot Romeo reevaluating
ChatterBot Alpha reevaluating
ChatterBot Whiskey reevaluating
ChatterBot Kilo reevaluating
ChatterBot Juliett reevaluating
ChatterBot Mike reevaluating
ChatterBot Romeo reevaluating
ChatterBot Alpha reevaluating
ChatterBot Whiskey reevaluating
ChatterBot Kilo reevaluating
ChatterBot Mike reevaluating
ChatterBot Romeo reevaluating
ChatterBot Alpha reevaluating
ChatterBot Whiskey reevaluating
ChatterBot Kilo reevaluating
ChatterBot Juliett reevaluating
2024-10-15 04:52:10.838707 Juliett: Kilo, Tango, Whiskey, Sierra and Mike, sending you 2
2024-10-15 04:52:10.839692 Sierra: Kilo, sending you 3
2024-10-15 04:52:10.841671 Whiskey: Kilo and Sierra, sending you 1
2024-10-15 04:52:10.842110 Delta: Kilo, sending you 5
2024-10-15 04:52:10.844263 Lima: Kilo, Whiskey and Sierra, sending you 4
2024-10-15 04:52:10.844845 Mike: Kilo and Juliett, sending you 2
2024-10-15 04:52:10.845380 Sierra: Tango and Alpha, sending you 1
2024-10-15 04:52:10.845727 Kilo: Tango, Sierra and Alpha, sending you 3
2024-10-15 04:52:10.847229 Romeo: Kilo and Alpha, sending you 3
2024-10-15 04:52:10.847552 Whiskey: Tango and Alpha, sending you 3
2024-10-15 04:52:10.847853 Alpha: Kilo and Whiskey, sending you 1
2024-10-15 04:52:10.848206 Tango: Kilo and Sierra, sending you 2
2024-10-15 04:52:10.849736 Lima: Tango and Juliett, sending you 1
2024-10-15 04:52:10.850094 Mike: Tango, Whiskey and Lima, sending you 3
2024-10-15 04:52:10.850473 Delta: Tango and Romeo, sending you 2
2024-10-15 04:52:10.850754 Kilo: Whiskey, sending you 1
2024-10-15 04:52:10.852024 Sierra: Whiskey and Mike, sending you 2
2024-10-15 04:52:10.852322 Romeo: Tango and Juliett, sending you 1
2024-10-15 04:52:10.852675 Whiskey: Lima and Mike, sending you 2
2024-10-15 04:52:10.853101 Alpha: Tango and Sierra, sending you 2
2024-10-15 04:52:10.854600 Tango: Whiskey, sending you 4
2024-10-15 04:52:10.854968 Mike: Alpha, sending you 6
2024-10-15 04:52:10.855366 Lima: Alpha, sending you 3
2024-10-15 04:52:10.855741 Delta: Alpha, sending you 1
2024-10-15 04:52:10.857056 Sierra: Lima, sending you 4
2024-10-15 04:52:10.857452 Kilo: Mike, sending you 5
2024-10-15 04:52:10.857811 Romeo: Delta, sending you 2
2024-10-15 04:52:10.859174 Whiskey: Juliett, sending you 6
2024-10-15 04:52:10.859513 Alpha: Lima, sending you 4
2024-10-15 04:52:10.859884 Tango: Lima and Mike, sending you 1
2024-10-15 04:52:10.862521 Sierra: Juliett, sending you 5
2024-10-15 04:52:10.864098 Kilo: Juliett, sending you 4
2024-10-15 04:52:10.864908 Tango: Alpha, sending you 3
2024-10-15 04:52:10.872937 Tango: Juliett, sending you 5
chatterbot Tango submitting transactions
chatterbot Lima submitting transactions
chatterbot Sierra submitting transactions
chatterbot Kilo submitting transactions
chatterbot Whiskey submitting transactions
chatterbot Delta submitting transactions
chatterbot Mike submitting transactions
chatterbot Juliett submitting transactions
chatterbot Alpha submitting transactions
chatterbot Romeo submitting transactions
ChatterBot Kilo round 2
ChatterBot Tango round 2
ChatterBot Whiskey round 2
ChatterBot Lima round 2
ChatterBot Romeo round 2
ChatterBot Sierra round 2
ChatterBot Alpha round 2
ChatterBot Mike round 2
ChatterBot Delta round 2
ChatterBot Juliett round 2
2024-10-15 04:52:14.429880 Kilo: We should add Delta
ChatterBot Tango reevaluating
ChatterBot Alpha reevaluating
ChatterBot Sierra reevaluating
ChatterBot Mike reevaluating
ChatterBot Lima reevaluating
ChatterBot Juliett reevaluating
ChatterBot Whiskey reevaluating
2024-10-15 04:52:14.575102 Tango: No
2024-10-15 04:52:14.575462 Alpha: No
2024-10-15 04:52:14.575863 Sierra: No
2024-10-15 04:52:14.576620 Mike: No
2024-10-15 04:52:14.576923 Lima: No
2024-10-15 04:52:14.577198 Juliett: No
2024-10-15 04:52:14.577435 Whiskey: No
ChatterBot Kilo reevaluating
ChatterBot Alpha reevaluating
ChatterBot Sierra reevaluating
ChatterBot Mike reevaluating
ChatterBot Lima reevaluating
ChatterBot Juliett reevaluating
ChatterBot Whiskey reevaluating
ChatterBot Tango reevaluating
ChatterBot Kilo reevaluating
ChatterBot Sierra reevaluating
ChatterBot Mike reevaluating
ChatterBot Lima reevaluating
ChatterBot Juliett reevaluating
ChatterBot Whiskey reevaluating
ChatterBot Tango reevaluating
ChatterBot Kilo reevaluating
ChatterBot Alpha reevaluating
ChatterBot Mike reevaluating
ChatterBot Lima reevaluating
ChatterBot Juliett reevaluating
ChatterBot Whiskey reevaluating
ChatterBot Tango reevaluating
ChatterBot Kilo reevaluating
ChatterBot Alpha reevaluating
ChatterBot Sierra reevaluating
ChatterBot Lima reevaluating
ChatterBot Juliett reevaluating
ChatterBot Whiskey reevaluating
ChatterBot Tango reevaluating
ChatterBot Kilo reevaluating
ChatterBot Alpha reevaluating
ChatterBot Sierra reevaluating
ChatterBot Mike reevaluating
ChatterBot Juliett reevaluating
ChatterBot Whiskey reevaluating
ChatterBot Tango reevaluating
ChatterBot Kilo reevaluating
ChatterBot Alpha reevaluating
ChatterBot Sierra reevaluating
ChatterBot Mike reevaluating
ChatterBot Lima reevaluating
ChatterBot Whiskey reevaluating
ChatterBot Tango reevaluating
ChatterBot Kilo reevaluating
ChatterBot Alpha reevaluating
ChatterBot Sierra reevaluating
ChatterBot Mike reevaluating
ChatterBot Lima reevaluating
ChatterBot Juliett reevaluating
2024-10-15 04:52:14.824825 Romeo: Let's form a team
ChatterBot Delta reevaluating
2024-10-15 04:52:14.829147 Delta: Yes
2024-10-15 04:52:14.998257 Kilo: Delta we want you to join our group
2024-10-15 04:52:15.004391 Delta: No
ChatterBot Kilo reevaluating
2024-10-15 04:52:15.048321 Kilo: We should add Romeo and Delta
2024-10-15 04:52:15.085770 Tango: No
2024-10-15 04:52:15.086121 Alpha: No
2024-10-15 04:52:15.086337 Sierra: No
2024-10-15 04:52:15.087014 Mike: No
2024-10-15 04:52:15.087187 Lima: No
2024-10-15 04:52:15.087369 Juliett: No
2024-10-15 04:52:15.087531 Whiskey: No
ChatterBot Kilo reevaluating
ChatterBot Kilo reevaluating
ChatterBot Kilo reevaluating
ChatterBot Kilo reevaluating
ChatterBot Kilo reevaluating
ChatterBot Kilo reevaluating
ChatterBot Kilo reevaluating
2024-10-15 04:52:15.431399 Alpha: Kilo, Tango and Whiskey, sending you 2
2024-10-15 04:52:15.431891 Lima: Kilo and Juliett, sending you 1
2024-10-15 04:52:15.432840 Mike: Kilo, sending you 9
2024-10-15 04:52:15.433324 Whiskey: Kilo and Alpha, sending you 1
2024-10-15 04:52:15.433781 Tango: Kilo, Whiskey and Mike, sending you 4
2024-10-15 04:52:15.434572 Romeo: Sending you 4
2024-10-15 04:52:15.434771 Sierra: Kilo, Tango, Alpha and Juliett, sending you 3
2024-10-15 04:52:15.435139 Juliett: Kilo, Tango and Sierra, sending you 2
chatterbot Sierra submitting transactions
chatterbot Juliett submitting transactions
chatterbot Lima submitting transactions
2024-10-15 04:52:15.436492 Alpha: Lima, sending you 1
2024-10-15 04:52:15.540519 Lima: Tango and Whiskey, sending you 2
2024-10-15 04:52:15.541042 Mike: Tango, sending you 2
2024-10-15 04:52:15.542069 Whiskey: Tango, sending you 5
2024-10-15 04:52:15.542518 Tango: Lima and Sierra, sending you 1
2024-10-15 04:52:15.542965 Sierra: Whiskey, sending you 2
2024-10-15 04:52:15.543837 Alpha: Mike, sending you 3
2024-10-15 04:52:15.544232 Juliett: Whiskey, sending you 3
2024-10-15 04:52:15.544610 Delta: Sending you 10
chatterbot Whiskey submitting transactions
2024-10-15 04:52:15.545400 Lima: Sierra and Alpha, sending you 4
2024-10-15 04:52:15.613418 Mike: Whiskey, Sierra and Juliett, sending you 3
2024-10-15 04:52:15.614742 Whiskey: Lima, sending you 4
2024-10-15 04:52:15.615316 Tango: Alpha and Juliett, sending you 2
2024-10-15 04:52:15.616364 Sierra: Lima, sending you 4
2024-10-15 04:52:15.616834 Juliett: Mike, sending you 1
2024-10-15 04:52:15.617973 Lima: Mike, sending you 3
2024-10-15 04:52:15.618436 Whiskey: Sierra and Juliett, sending you 2
2024-10-15 04:52:15.660962 Kilo: Tango, Mike and Juliett, sending you 2
2024-10-15 04:52:15.661592 Whiskey: Mike, sending you 3
2024-10-15 04:52:15.733148 Kilo: Whiskey and Alpha, sending you 1
chatterbot Delta submitting transactions
2024-10-15 04:52:15.929109 Kilo: Lima, sending you 4
2024-10-15 04:52:15.959765 Kilo: Sierra, sending you 3
2024-10-15 04:52:16.007489 Kilo: Delta, sending you 5
chatterbot Romeo submitting transactions
chatterbot Alpha submitting transactions
chatterbot Tango submitting transactions
chatterbot Mike submitting transactions
chatterbot Kilo submitting transactions
ChatterBot Kilo round 3
ChatterBot Tango round 3
ChatterBot Whiskey round 3
ChatterBot Lima round 3
ChatterBot Romeo round 3
ChatterBot Sierra round 3
ChatterBot Alpha round 3
ChatterBot Mike round 3
ChatterBot Delta round 3
ChatterBot Juliett round 3
2024-10-15 04:52:16.741407 Kilo: We should drop Delta
2024-10-15 04:52:16.770508 Tango: Yes
2024-10-15 04:52:16.770837 Alpha: Yes
2024-10-15 04:52:16.771166 Sierra: Yes
2024-10-15 04:52:16.772019 Mike: Yes
2024-10-15 04:52:16.772258 Lima: Yes
2024-10-15 04:52:16.772503 Juliett: Yes
2024-10-15 04:52:16.772720 Whiskey: Yes
2024-10-15 04:52:16.992303 Whiskey: Kilo, sending you 1
2024-10-15 04:52:16.994162 Romeo: Same as last round
2024-10-15 04:52:16.994543 Tango: Kilo, sending you 3
2024-10-15 04:52:17.002315 Whiskey: Tango, sending you 4
2024-10-15 04:52:17.003487 Tango: Whiskey, sending you 5
2024-10-15 04:52:17.005404 Lima: Kilo, Whiskey and Alpha, sending you 3
2024-10-15 04:52:17.007274 Kilo: Tango and Sierra, sending you 3
2024-10-15 04:52:17.008845 Alpha: Kilo, Whiskey and Sierra, sending you 1
2024-10-15 04:52:17.009666 Juliett: Kilo, Tango, Whiskey and Sierra, sending you 2
2024-10-15 04:52:17.011483 Sierra: Kilo and Juliett, sending you 3
2024-10-15 04:52:17.013495 Whiskey: Lima, Mike and Juliett, sending you 3
2024-10-15 04:52:17.015347 Tango: Lima, Sierra, Alpha, Mike and Juliett, sending you 2
2024-10-15 04:52:17.016368 Lima: Tango and Mike, sending you 2
2024-10-15 04:52:17.017982 Kilo: Whiskey, sending you 1
2024-10-15 04:52:17.019453 Alpha: Tango and Mike, sending you 2
2024-10-15 04:52:17.021204 Delta: Kilo, sending you 10
2024-10-15 04:52:17.021792 Mike: Kilo, sending you 5
2024-10-15 04:52:17.023308 Juliett: Lima and Mike, sending you 1
2024-10-15 04:52:17.024225 Sierra: Tango, Whiskey, Alpha and Mike, sending you 2
2024-10-15 04:52:17.025621 Whiskey: Sierra and Alpha, sending you 2
2024-10-15 04:52:17.027238 Lima: Sierra, sending you 4
2024-10-15 04:52:17.028790 Kilo: Lima, Alpha and Juliett, sending you 2
2024-10-15 04:52:17.030868 Alpha: Lima, sending you 3
2024-10-15 04:52:17.031930 Mike: Tango, sending you 4
2024-10-15 04:52:17.033826 Sierra: Lima, sending you 4
2024-10-15 04:52:17.035598 Kilo: Mike, sending you 7
2024-10-15 04:52:17.042602 Mike: Whiskey and Alpha, sending you 3
2024-10-15 04:52:17.057293 Mike: Lima and Juliett, sending you 2
2024-10-15 04:52:17.068586 Mike: Sierra, sending you 1
chatterbot Whiskey submitting transactions
chatterbot Tango submitting transactions
chatterbot Kilo submitting transactions
chatterbot Lima submitting transactions
chatterbot Sierra submitting transactions
chatterbot Delta submitting transactions
chatterbot Mike submitting transactions
chatterbot Juliett submitting transactions
chatterbot Romeo submitting transactions
chatterbot Alpha submitting transactions
ChatterBot Kilo round 4
ChatterBot Tango round 4
ChatterBot Whiskey round 4
ChatterBot Lima round 4
ChatterBot Romeo round 4
ChatterBot Sierra round 4
ChatterBot Alpha round 4
ChatterBot Mike round 4
ChatterBot Delta round 4
ChatterBot Juliett round 4
2024-10-15 04:52:17.868680 Tango: Kilo and Mike, sending you 3
2024-10-15 04:52:17.871672 Whiskey: Tango, sending you 5
2024-10-15 04:52:17.873102 Tango: Whiskey, sending you 4
2024-10-15 04:52:17.874026 Sierra: Kilo and Juliett, sending you 3
2024-10-15 04:52:17.875699 Kilo: Tango, Lima, Sierra and Juliett, sending you 3
2024-10-15 04:52:17.877169 Whiskey: Lima, Mike and Juliett, sending you 3
2024-10-15 04:52:17.878482 Tango: Lima, Sierra, Alpha and Juliett, sending you 2
2024-10-15 04:52:17.879376 Sierra: Tango, Whiskey, Alpha and Mike, sending you 2
2024-10-15 04:52:17.881843 Kilo: Whiskey, sending you 1
2024-10-15 04:52:17.882675 Romeo: Same as last round
2024-10-15 04:52:17.882983 Whiskey: Sierra and Alpha, sending you 2
2024-10-15 04:52:17.884352 Sierra: Lima, sending you 4
2024-10-15 04:52:17.885902 Mike: Kilo, sending you 6
2024-10-15 04:52:17.886978 Lima: Kilo, Whiskey and Alpha, sending you 3
2024-10-15 04:52:17.888641 Kilo: Alpha, sending you 2
2024-10-15 04:52:17.889677 Alpha: Kilo, Whiskey and Sierra, sending you 1
2024-10-15 04:52:17.891132 Delta: Romeo, sending you 10
2024-10-15 04:52:17.891432 Mike: Tango and Whiskey, sending you 3
2024-10-15 04:52:17.892970 Juliett: Kilo, Tango and Sierra, sending you 2
2024-10-15 04:52:17.894498 Lima: Tango and Mike, sending you 2
2024-10-15 04:52:17.895577 Kilo: Mike, sending you 5
2024-10-15 04:52:17.897182 Alpha: Tango and Mike, sending you 2
2024-10-15 04:52:17.898180 Mike: Lima, Sierra, Alpha and Juliett, sending you 2
2024-10-15 04:52:17.899819 Juliett: Whiskey, sending you 3
2024-10-15 04:52:17.901626 Lima: Sierra, sending you 4
2024-10-15 04:52:17.903350 Alpha: Lima, sending you 3
2024-10-15 04:52:17.904364 Juliett: Mike, sending you 1
chatterbot Lima submitting transactions
chatterbot Romeo submitting transactions
chatterbot Kilo submitting transactions
chatterbot Juliett submitting transactions
chatterbot Delta submitting transactions
chatterbot Whiskey submitting transactions
chatterbot Mike submitting transactions
chatterbot Tango submitting transactions
chatterbot Sierra submitting transactions
chatterbot Alpha submitting transactions
ChatterBot Kilo round 5
ChatterBot Tango round 5
ChatterBot Whiskey round 5
ChatterBot Lima round 5
ChatterBot Romeo round 5
ChatterBot Sierra round 5
ChatterBot Alpha round 5
ChatterBot Mike round 5
ChatterBot Delta round 5
ChatterBot Juliett round 5
2024-10-15 04:52:19.040188 Whiskey: Kilo and Alpha, sending you 1
2024-10-15 04:52:19.043850 Romeo: Same as last round
2024-10-15 04:52:19.046681 Whiskey: Tango, sending you 5
2024-10-15 04:52:19.049606 Tango: Kilo and Mike, sending you 3
2024-10-15 04:52:19.052700 Delta: Romeo, sending you 10
2024-10-15 04:52:19.053283 Lima: Kilo, Whiskey and Alpha, sending you 3
2024-10-15 04:52:19.055648 Whiskey: Lima, Mike and Juliett, sending you 3
2024-10-15 04:52:19.056645 Alpha: Kilo, Tango, Lima and Mike, sending you 2
2024-10-15 04:52:19.058911 Tango: Whiskey, sending you 4
2024-10-15 04:52:19.059964 Mike: Kilo, sending you 6
2024-10-15 04:52:19.061627 Sierra: Kilo and Juliett, sending you 3
2024-10-15 04:52:19.062642 Whiskey: Sierra, sending you 2
2024-10-15 04:52:19.064262 Lima: Tango and Mike, sending you 2
2024-10-15 04:52:19.066150 Kilo: Tango, Lima, Sierra and Juliett, sending you 3
2024-10-15 04:52:19.067301 Tango: Lima, Sierra, Alpha and Juliett, sending you 2
2024-10-15 04:52:19.069354 Alpha: Whiskey and Sierra, sending you 1
2024-10-15 04:52:19.070510 Juliett: Kilo, Tango and Sierra, sending you 2
2024-10-15 04:52:19.072411 Mike: Tango and Whiskey, sending you 3
2024-10-15 04:52:19.074050 Sierra: Tango, Whiskey, Alpha and Mike, sending you 2
2024-10-15 04:52:19.075161 Lima: Sierra, sending you 4
2024-10-15 04:52:19.077358 Kilo: Alpha, sending you 2
2024-10-15 04:52:19.079110 Juliett: Whiskey, sending you 3
2024-10-15 04:52:19.080496 Mike: Lima, Sierra, Alpha and Juliett, sending you 2
2024-10-15 04:52:19.082425 Sierra: Lima, sending you 4
2024-10-15 04:52:19.084136 Kilo: Mike, sending you 6
2024-10-15 04:52:19.085910 Juliett: Mike, sending you 1
chatterbot Kilo submitting transactions
chatterbot Mike submitting transactions
chatterbot Delta submitting transactions
chatterbot Sierra submitting transactions
chatterbot Alpha submitting transactions
chatterbot Whiskey submitting transactions
chatterbot Lima submitting transactions
chatterbot Juliett submitting transactions
chatterbot Tango submitting transactions
chatterbot Romeo submitting transactions
ChatterBot Kilo round 6
ChatterBot Tango round 6
ChatterBot Whiskey round 6
ChatterBot Lima round 6
ChatterBot Romeo round 6
ChatterBot Sierra round 6
ChatterBot Alpha round 6
ChatterBot Mike round 6
ChatterBot Delta round 6
ChatterBot Juliett round 6
2024-10-15 04:52:20.304131 Delta: We should replace Alpha with Juliett
2024-10-15 04:52:20.307764 Romeo: No
ChatterBot Delta reevaluating
2024-10-15 04:52:20.315668 Kilo: Tango, Lima and Sierra, sending you 3
2024-10-15 04:52:20.316716 Tango: Kilo and Mike, sending you 3
2024-10-15 04:52:20.319663 Kilo: Whiskey, sending you 1
2024-10-15 04:52:20.322850 Tango: Whiskey, sending you 4
2024-10-15 04:52:20.323960 Kilo: Alpha and Juliett, sending you 2
2024-10-15 04:52:20.326663 Juliett: Kilo, Tango and Sierra, sending you 2
2024-10-15 04:52:20.329198 Tango: Lima, Sierra, Alpha and Juliett, sending you 2
2024-10-15 04:52:20.330923 Kilo: Mike, sending you 6
2024-10-15 04:52:20.333409 Alpha: Kilo, Tango, Lima and Mike, sending you 2
2024-10-15 04:52:20.335740 Juliett: Whiskey, sending you 3
2024-10-15 04:52:20.337335 Lima: Kilo, Whiskey and Alpha, sending you 3
2024-10-15 04:52:20.339518 Mike: Kilo, sending you 7
2024-10-15 04:52:20.341538 Romeo: Sending you 3
2024-10-15 04:52:20.341912 Sierra: Kilo and Juliett, sending you 3
2024-10-15 04:52:20.344727 Whiskey: Kilo and Alpha, sending you 1
2024-10-15 04:52:20.347307 Alpha: Whiskey and Sierra, sending you 1
2024-10-15 04:52:20.349567 Juliett: Mike, sending you 1
2024-10-15 04:52:20.351339 Lima: Tango and Mike, sending you 2
2024-10-15 04:52:20.353662 Delta: Romeo, sending you 10
2024-10-15 04:52:20.354110 Mike: Tango and Whiskey, sending you 3
2024-10-15 04:52:20.356311 Sierra: Tango, Whiskey, Alpha and Mike, sending you 2
2024-10-15 04:52:20.358704 Whiskey: Tango, sending you 5
2024-10-15 04:52:20.360916 Lima: Sierra, sending you 4
2024-10-15 04:52:20.362552 Mike: Lima, Sierra and Alpha, sending you 2
2024-10-15 04:52:20.364845 Sierra: Lima, sending you 4
2024-10-15 04:52:20.366906 Whiskey: Lima, Mike and Juliett, sending you 3
2024-10-15 04:52:20.369696 Mike: Juliett, sending you 1
2024-10-15 04:52:20.370745 Whiskey: Sierra, sending you 2
chatterbot Sierra submitting transactions
chatterbot Delta submitting transactions
chatterbot Lima submitting transactions
chatterbot Kilo submitting transactions
chatterbot Alpha submitting transactions
chatterbot Juliett submitting transactions
chatterbot Romeo submitting transactions
chatterbot Whiskey submitting transactions
chatterbot Tango submitting transactions
chatterbot Mike submitting transactions
ChatterBot Kilo round 7
ChatterBot Tango round 7
ChatterBot Whiskey round 7
ChatterBot Lima round 7
ChatterBot Romeo round 7
ChatterBot Sierra round 7
ChatterBot Alpha round 7
ChatterBot Mike round 7
ChatterBot Delta round 7
ChatterBot Juliett round 7
2024-10-15 04:52:21.586624 Delta: We should replace Alpha with Juliett
2024-10-15 04:52:21.589746 Romeo: No
2024-10-15 04:52:21.602965 Delta: Juliett we want you to join our group
2024-10-15 04:52:21.606279 Juliett: No
ChatterBot Delta reevaluating
2024-10-15 04:52:21.631245 Romeo: Same as last round
2024-10-15 04:52:21.631568 Tango: Kilo and Mike, sending you 3
2024-10-15 04:52:21.633467 Whiskey: Kilo and Alpha, sending you 1
2024-10-15 04:52:21.634933 Lima: Kilo, Whiskey and Alpha, sending you 3
2024-10-15 04:52:21.639190 Sierra: Kilo and Juliett, sending you 3
2024-10-15 04:52:21.640553 Kilo: Tango, Lima and Sierra, sending you 3
2024-10-15 04:52:21.641513 Tango: Whiskey, sending you 4
2024-10-15 04:52:21.643167 Whiskey: Tango, sending you 5
2024-10-15 04:52:21.644540 Alpha: Kilo, Tango, Lima and Mike, sending you 2
2024-10-15 04:52:21.645427 Juliett: Kilo, Tango and Sierra, sending you 2
2024-10-15 04:52:21.646817 Mike: Kilo, sending you 7
2024-10-15 04:52:21.648517 Lima: Tango and Mike, sending you 2
2024-10-15 04:52:21.650136 Sierra: Tango, Whiskey, Alpha and Mike, sending you 2
2024-10-15 04:52:21.651412 Kilo: Whiskey, sending you 1
2024-10-15 04:52:21.652226 Tango: Lima, Sierra, Alpha and Juliett, sending you 2
2024-10-15 04:52:21.653674 Whiskey: Lima, Mike and Juliett, sending you 3
2024-10-15 04:52:21.655304 Alpha: Whiskey and Sierra, sending you 1
2024-10-15 04:52:21.656783 Juliett: Whiskey, sending you 3
2024-10-15 04:52:21.657740 Mike: Tango and Whiskey, sending you 3
2024-10-15 04:52:21.659110 Lima: Sierra, sending you 4
2024-10-15 04:52:21.660620 Sierra: Lima, sending you 4
2024-10-15 04:52:21.662202 Kilo: Alpha and Juliett, sending you 2
2024-10-15 04:52:21.663578 Delta: Romeo, sending you 10
2024-10-15 04:52:21.663841 Whiskey: Sierra, sending you 2
2024-10-15 04:52:21.665477 Juliett: Mike, sending you 1
2024-10-15 04:52:21.666369 Mike: Lima, Sierra and Alpha, sending you 2
2024-10-15 04:52:21.667896 Kilo: Mike, sending you 6
2024-10-15 04:52:21.678207 Mike: Juliett, sending you 1
chatterbot Kilo submitting transactions
chatterbot Tango submitting transactions
chatterbot Delta submitting transactions
chatterbot Mike submitting transactions
chatterbot Lima submitting transactions
chatterbot Whiskey submitting transactions
chatterbot Sierra submitting transactions
chatterbot Romeo submitting transactions
chatterbot Juliett submitting transactions
chatterbot Alpha submitting transactions
ChatterBot Kilo round 8
ChatterBot Tango round 8
ChatterBot Whiskey round 8
ChatterBot Lima round 8
ChatterBot Romeo round 8
ChatterBot Sierra round 8
ChatterBot Alpha round 8
ChatterBot Mike round 8
ChatterBot Delta round 8
ChatterBot Juliett round 8
2024-10-15 04:52:22.880235 Lima: Kilo, Whiskey and Alpha, sending you 3
2024-10-15 04:52:22.884678 Tango: Kilo and Mike, sending you 3
2024-10-15 04:52:22.886638 Lima: Tango and Mike, sending you 2
2024-10-15 04:52:22.889527 Alpha: Kilo, Tango, Lima and Mike, sending you 2
2024-10-15 04:52:22.891209 Sierra: Kilo and Juliett, sending you 3
2024-10-15 04:52:22.893751 Tango: Whiskey, sending you 4
2024-10-15 04:52:22.896397 Kilo: Tango, Lima and Sierra, sending you 3
2024-10-15 04:52:22.898738 Lima: Sierra, sending you 4
2024-10-15 04:52:22.900981 Alpha: Whiskey and Sierra, sending you 1
2024-10-15 04:52:22.902885 Sierra: Tango, Whiskey, Alpha and Mike, sending you 2
2024-10-15 04:52:22.905842 Whiskey: Kilo and Alpha, sending you 1
2024-10-15 04:52:22.907960 Tango: Lima, Sierra, Alpha and Juliett, sending you 2
2024-10-15 04:52:22.910326 Delta: Romeo, sending you 10
2024-10-15 04:52:22.910822 Romeo: Same as last round
2024-10-15 04:52:22.911206 Kilo: Whiskey, sending you 1
2024-10-15 04:52:22.914130 Mike: Kilo, sending you 7
2024-10-15 04:52:22.917099 Juliett: Kilo, Tango and Sierra, sending you 2
2024-10-15 04:52:22.920014 Sierra: Lima, sending you 4
2024-10-15 04:52:22.923663 Whiskey: Tango, sending you 5
2024-10-15 04:52:22.925218 Kilo: Alpha and Juliett, sending you 2
2024-10-15 04:52:22.927520 Mike: Tango and Whiskey, sending you 3
2024-10-15 04:52:22.931665 Juliett: Whiskey, sending you 3
2024-10-15 04:52:22.935647 Whiskey: Lima, Mike and Juliett, sending you 3
2024-10-15 04:52:22.938999 Kilo: Mike, sending you 6
2024-10-15 04:52:22.941376 Mike: Lima, Sierra and Alpha, sending you 2
2024-10-15 04:52:22.943964 Juliett: Mike, sending you 1
2024-10-15 04:52:22.946736 Whiskey: Sierra, sending you 2
2024-10-15 04:52:22.949115 Mike: Juliett, sending you 1
chatterbot Romeo submitting transactions
chatterbot Alpha submitting transactions
chatterbot Tango submitting transactions
chatterbot Mike submitting transactions
chatterbot Sierra submitting transactions
chatterbot Delta submitting transactions
chatterbot Whiskey submitting transactions
chatterbot Lima submitting transactions
chatterbot Kilo submitting transactions
chatterbot Juliett submitting transactions
ChatterBot Kilo round 9
ChatterBot Tango round 9
ChatterBot Whiskey round 9
ChatterBot Lima round 9
ChatterBot Romeo round 9
ChatterBot Sierra round 9
ChatterBot Alpha round 9
ChatterBot Mike round 9
ChatterBot Delta round 9
ChatterBot Juliett round 9
2024-10-15 04:52:23.980682 Romeo: Sending you 2
2024-10-15 04:52:23.983256 Kilo: Tango, Lima and Sierra, sending you 3
2024-10-15 04:52:23.984645 Whiskey: Kilo and Alpha, sending you 1
2024-10-15 04:52:23.986591 Tango: Kilo and Mike, sending you 3
2024-10-15 04:52:23.989348 Whiskey: Tango, sending you 5
2024-10-15 04:52:23.990649 Kilo: Whiskey, sending you 1
2024-10-15 04:52:23.992620 Sierra: Kilo, sending you 3
2024-10-15 04:52:23.993874 Tango: Whiskey, sending you 4
2024-10-15 04:52:23.995498 Whiskey: Lima, Mike and Juliett, sending you 3
2024-10-15 04:52:23.997145 Lima: Kilo and Whiskey, sending you 3
2024-10-15 04:52:23.998558 Kilo: Alpha and Juliett, sending you 2
2024-10-15 04:52:24.000919 Sierra: Tango, Whiskey, Alpha, Mike and Juliett, sending you 2
2024-10-15 04:52:24.002049 Tango: Lima, Sierra, Alpha and Juliett, sending you 2
2024-10-15 04:52:24.003185 Alpha: Kilo, Tango, Lima and Mike, sending you 2
2024-10-15 04:52:24.005082 Lima: Tango, Alpha and Mike, sending you 2
2024-10-15 04:52:24.006211 Whiskey: Sierra, sending you 2
2024-10-15 04:52:24.007375 Mike: Kilo, sending you 7
2024-10-15 04:52:24.009353 Sierra: Lima, sending you 5
2024-10-15 04:52:24.010514 Kilo: Mike, sending you 6
2024-10-15 04:52:24.012535 Juliett: Kilo, Tango and Sierra, sending you 2
2024-10-15 04:52:24.014002 Alpha: Whiskey and Sierra, sending you 1
2024-10-15 04:52:24.015316 Delta: Romeo, sending you 10
2024-10-15 04:52:24.016376 Lima: Sierra, sending you 4
2024-10-15 04:52:24.017800 Mike: Tango and Whiskey, sending you 3
2024-10-15 04:52:24.019084 Juliett: Whiskey, sending you 3
2024-10-15 04:52:24.021694 Lima: Juliett, sending you 1
2024-10-15 04:52:24.024775 Mike: Lima, Sierra and Alpha, sending you 2
2024-10-15 04:52:24.026658 Juliett: Mike, sending you 1
2024-10-15 04:52:24.031655 Mike: Juliett, sending you 1
chatterbot Kilo submitting transactions
chatterbot Lima submitting transactions
chatterbot Whiskey submitting transactions
chatterbot Alpha submitting transactions
chatterbot Sierra submitting transactions
chatterbot Romeo submitting transactions
chatterbot Delta submitting transactions
chatterbot Juliett submitting transactions
chatterbot Tango submitting transactions
chatterbot Mike submitting transactions
ChatterBot Kilo round 10
ChatterBot Tango round 10
ChatterBot Whiskey round 10
ChatterBot Lima round 10
ChatterBot Romeo round 10
ChatterBot Sierra round 10
ChatterBot Alpha round 10
ChatterBot Mike round 10
ChatterBot Delta round 10
ChatterBot Juliett round 10
2024-10-15 04:52:25.088897 Romeo: Same as last round
2024-10-15 04:52:25.089917 Kilo: Tango, Lima and Sierra, sending you 3
2024-10-15 04:52:25.096677 Kilo: Whiskey, sending you 1
2024-10-15 04:52:25.098885 Lima: Kilo and Whiskey, sending you 3
2024-10-15 04:52:25.101089 Whiskey: Kilo and Alpha, sending you 1
2024-10-15 04:52:25.102529 Juliett: Kilo, Tango and Sierra, sending you 2
2024-10-15 04:52:25.104452 Kilo: Alpha and Juliett, sending you 2
2024-10-15 04:52:25.105644 Sierra: Kilo, sending you 3
2024-10-15 04:52:25.107582 Lima: Tango, Alpha and Mike, sending you 2
2024-10-15 04:52:25.109072 Tango: Kilo and Mike, sending you 3
2024-10-15 04:52:25.110974 Whiskey: Tango, sending you 5
2024-10-15 04:52:25.112376 Juliett: Whiskey, sending you 3
2024-10-15 04:52:25.114563 Kilo: Mike, sending you 6
2024-10-15 04:52:25.116581 Delta: Romeo, sending you 10
2024-10-15 04:52:25.116876 Sierra: Tango, Whiskey, Alpha, Mike and Juliett, sending you 2
2024-10-15 04:52:25.118075 Lima: Sierra, sending you 4
2024-10-15 04:52:25.119639 Tango: Whiskey, sending you 4
2024-10-15 04:52:25.120823 Alpha: Kilo, Tango, Lima, Sierra and Mike, sending you 2
2024-10-15 04:52:25.122634 Whiskey: Lima, Mike and Juliett, sending you 3
2024-10-15 04:52:25.123826 Juliett: Mike, sending you 1
2024-10-15 04:52:25.125228 Mike: Kilo, sending you 7
2024-10-15 04:52:25.126347 Sierra: Lima, sending you 5
2024-10-15 04:52:25.127916 Lima: Juliett, sending you 1
2024-10-15 04:52:25.128999 Tango: Lima, Sierra, Alpha and Juliett, sending you 2
2024-10-15 04:52:25.130590 Whiskey: Sierra, sending you 2
2024-10-15 04:52:25.131644 Mike: Tango and Whiskey, sending you 3
2024-10-15 04:52:25.135691 Mike: Lima, Sierra and Alpha, sending you 2
2024-10-15 04:52:25.141671 Mike: Juliett, sending you 1
chatterbot Mike submitting transactions
chatterbot Sierra submitting transactions
chatterbot Lima submitting transactions
chatterbot Romeo submitting transactions
chatterbot Alpha submitting transactions
chatterbot Whiskey submitting transactions
chatterbot Tango submitting transactions
chatterbot Kilo submitting transactions
chatterbot Delta submitting transactions
chatterbot Juliett submitting transactions
ChatterBot Kilo round 11
ChatterBot Tango round 11
ChatterBot Whiskey round 11
ChatterBot Lima round 11
ChatterBot Romeo round 11
ChatterBot Sierra round 11
ChatterBot Alpha round 11
ChatterBot Mike round 11
ChatterBot Delta round 11
ChatterBot Juliett round 11
2024-10-15 04:52:26.391693 Kilo: Tango, Lima and Sierra, sending you 3
2024-10-15 04:52:26.394707 Whiskey: Kilo and Alpha, sending you 1
2024-10-15 04:52:26.397176 Romeo: Same as last round
2024-10-15 04:52:26.397535 Kilo: Whiskey, sending you 1
2024-10-15 04:52:26.399691 Whiskey: Tango, sending you 5
2024-10-15 04:52:26.402694 Kilo: Alpha and Juliett, sending you 2
2024-10-15 04:52:26.405530 Juliett: Kilo, Tango and Sierra, sending you 2
2024-10-15 04:52:26.408448 Sierra: Kilo, sending you 3
2024-10-15 04:52:26.411384 Lima: Kilo and Whiskey, sending you 3
2024-10-15 04:52:26.414707 Whiskey: Lima, Mike and Juliett, sending you 3
2024-10-15 04:52:26.417494 Mike: Kilo, sending you 7
2024-10-15 04:52:26.420376 Kilo: Mike, sending you 6
2024-10-15 04:52:26.423477 Juliett: Whiskey, sending you 3
2024-10-15 04:52:26.425684 Sierra: Tango, Whiskey, Alpha, Mike and Juliett, sending you 2
2024-10-15 04:52:26.426927 Tango: Kilo and Mike, sending you 3
2024-10-15 04:52:26.428151 Alpha: Kilo, Tango, Lima, Sierra and Mike, sending you 2
2024-10-15 04:52:26.429852 Lima: Tango, Alpha and Mike, sending you 2
2024-10-15 04:52:26.431630 Delta: Kilo, sending you 1
2024-10-15 04:52:26.433046 Whiskey: Sierra, sending you 2
2024-10-15 04:52:26.434334 Mike: Tango and Whiskey, sending you 3
2024-10-15 04:52:26.436325 Sierra: Lima, sending you 5
2024-10-15 04:52:26.437607 Juliett: Mike, sending you 1
2024-10-15 04:52:26.439019 Tango: Whiskey, sending you 4
2024-10-15 04:52:26.441053 Lima: Sierra, sending you 4
2024-10-15 04:52:26.442303 Delta: Romeo, sending you 9
2024-10-15 04:52:26.442766 Mike: Lima, Sierra and Alpha, sending you 2
2024-10-15 04:52:26.445658 Tango: Lima, Sierra, Alpha and Juliett, sending you 2
2024-10-15 04:52:26.447041 Lima: Juliett, sending you 1
2024-10-15 04:52:26.449800 Mike: Juliett, sending you 1
chatterbot Juliett submitting transactions
chatterbot Alpha submitting transactions
chatterbot Tango submitting transactions
chatterbot Delta submitting transactions
chatterbot Kilo submitting transactions
chatterbot Whiskey submitting transactions
chatterbot Romeo submitting transactions
chatterbot Lima submitting transactions
chatterbot Mike submitting transactions
chatterbot Sierra submitting transactions
ChatterBot Kilo round 12
ChatterBot Tango round 12
ChatterBot Whiskey round 12
ChatterBot Lima round 12
ChatterBot Romeo round 12
ChatterBot Sierra round 12
ChatterBot Alpha round 12
ChatterBot Mike round 12
ChatterBot Delta round 12
ChatterBot Juliett round 12
2024-10-15 04:52:27.753198 Kilo: Tango, Lima and Sierra, sending you 3
2024-10-15 04:52:27.763427 Kilo: Whiskey, sending you 1
2024-10-15 04:52:27.766896 Sierra: Kilo, sending you 3
2024-10-15 04:52:27.769856 Romeo: Same as last round
2024-10-15 04:52:27.770928 Juliett: Kilo, Tango, Whiskey and Sierra, sending you 2
2024-10-15 04:52:27.775035 Lima: Kilo and Whiskey, sending you 3
2024-10-15 04:52:27.778761 Alpha: Kilo, Tango, Lima, Sierra and Mike, sending you 2
2024-10-15 04:52:27.782624 Delta: Romeo, sending you 10
2024-10-15 04:52:27.783283 Tango: Kilo and Mike, sending you 3
2024-10-15 04:52:27.786505 Whiskey: Kilo and Alpha, sending you 1
2024-10-15 04:52:27.789935 Kilo: Alpha and Juliett, sending you 2
2024-10-15 04:52:27.792704 Sierra: Tango, Whiskey, Alpha, Mike and Juliett, sending you 2
2024-10-15 04:52:27.796360 Mike: Kilo, sending you 7
2024-10-15 04:52:27.800150 Juliett: Lima and Mike, sending you 1
2024-10-15 04:52:27.803056 Lima: Tango, Alpha and Mike, sending you 2
2024-10-15 04:52:27.807525 Tango: Whiskey, sending you 4
2024-10-15 04:52:27.810589 Whiskey: Tango, sending you 5
2024-10-15 04:52:27.814104 Kilo: Mike, sending you 6
2024-10-15 04:52:27.816731 Sierra: Lima, sending you 5
2024-10-15 04:52:27.821339 Mike: Tango and Whiskey, sending you 3
2024-10-15 04:52:27.827298 Lima: Sierra, sending you 4
2024-10-15 04:52:27.832264 Tango: Lima, Sierra, Alpha and Juliett, sending you 2
2024-10-15 04:52:27.837657 Whiskey: Lima, Mike and Juliett, sending you 3
2024-10-15 04:52:27.842271 Mike: Lima, Sierra and Alpha, sending you 2
2024-10-15 04:52:27.846346 Lima: Juliett, sending you 1
2024-10-15 04:52:27.851197 Whiskey: Sierra, sending you 2
2024-10-15 04:52:27.855357 Mike: Juliett, sending you 1
chatterbot Juliett submitting transactions
chatterbot Tango submitting transactions
chatterbot Romeo submitting transactions
chatterbot Delta submitting transactions
chatterbot Lima submitting transactions
chatterbot Mike submitting transactions
chatterbot Whiskey submitting transactions
chatterbot Alpha submitting transactions
chatterbot Sierra submitting transactions
chatterbot Kilo submitting transactions
ChatterBot Kilo round 13
ChatterBot Tango round 13
ChatterBot Whiskey round 13
ChatterBot Lima round 13
ChatterBot Romeo round 13
ChatterBot Sierra round 13
ChatterBot Alpha round 13
ChatterBot Mike round 13
ChatterBot Delta round 13
ChatterBot Juliett round 13
2024-10-15 04:52:29.192703 Juliett: Kilo, Tango, Whiskey and Sierra, sending you 2
2024-10-15 04:52:29.196323 Whiskey: Kilo and Alpha, sending you 1
2024-10-15 04:52:29.199028 Tango: Kilo and Mike, sending you 3
2024-10-15 04:52:29.202695 Mike: Kilo, sending you 7
2024-10-15 04:52:29.205712 Juliett: Lima and Mike, sending you 1
2024-10-15 04:52:29.208636 Kilo: Tango, Lima and Sierra, sending you 3
2024-10-15 04:52:29.212865 Romeo: Same as last round
2024-10-15 04:52:29.213243 Whiskey: Tango, sending you 5
2024-10-15 04:52:29.216567 Delta: Kilo, sending you 1
2024-10-15 04:52:29.217404 Sierra: Kilo, sending you 3
2024-10-15 04:52:29.220675 Tango: Whiskey, sending you 4
2024-10-15 04:52:29.224154 Lima: Kilo and Whiskey, sending you 3
2024-10-15 04:52:29.228948 Mike: Tango and Whiskey, sending you 3
2024-10-15 04:52:29.232639 Kilo: Whiskey, sending you 1
2024-10-15 04:52:29.234863 Alpha: Kilo, Tango, Lima, Sierra and Mike, sending you 2
2024-10-15 04:52:29.236923 Whiskey: Lima, Mike and Juliett, sending you 3
2024-10-15 04:52:29.239023 Delta: Romeo, sending you 9
2024-10-15 04:52:29.239584 Sierra: Tango, Whiskey, Alpha, Mike and Juliett, sending you 2
2024-10-15 04:52:29.241723 Tango: Lima, Sierra, Alpha and Juliett, sending you 2
2024-10-15 04:52:29.244651 Lima: Tango, Alpha and Mike, sending you 2
2024-10-15 04:52:29.247095 Mike: Lima, Sierra and Alpha, sending you 2
2024-10-15 04:52:29.249796 Kilo: Alpha and Juliett, sending you 2
2024-10-15 04:52:29.253750 Whiskey: Sierra, sending you 2
2024-10-15 04:52:29.257155 Sierra: Lima, sending you 5
2024-10-15 04:52:29.261272 Lima: Sierra, sending you 4
2024-10-15 04:52:29.265383 Mike: Juliett, sending you 1
2024-10-15 04:52:29.269608 Kilo: Mike, sending you 6
2024-10-15 04:52:29.274467 Lima: Juliett, sending you 1
chatterbot Kilo submitting transactions
chatterbot Juliett submitting transactions
chatterbot Tango submitting transactions
chatterbot Sierra submitting transactions
chatterbot Whiskey submitting transactions
chatterbot Delta submitting transactions
chatterbot Mike submitting transactions
chatterbot Lima submitting transactions
chatterbot Romeo submitting transactions
chatterbot Alpha submitting transactions
ChatterBot Kilo round 14
ChatterBot Tango round 14
ChatterBot Whiskey round 14
ChatterBot Lima round 14
ChatterBot Romeo round 14
ChatterBot Sierra round 14
ChatterBot Alpha round 14
ChatterBot Mike round 14
ChatterBot Delta round 14
ChatterBot Juliett round 14
2024-10-15 04:52:30.713313 Tango: Kilo and Mike, sending you 3
2024-10-15 04:52:30.715345 Lima: Kilo and Whiskey, sending you 3
2024-10-15 04:52:30.717685 Tango: Whiskey, sending you 4
2024-10-15 04:52:30.720418 Whiskey: Kilo and Alpha, sending you 1
2024-10-15 04:52:30.723007 Romeo: Same as last round
2024-10-15 04:52:30.723316 Lima: Tango, Alpha and Mike, sending you 2
2024-10-15 04:52:30.724873 Delta: Romeo, sending you 10
