ChatterBot Juliett round 1
ChatterBot Romeo round 1
ChatterBot Oscar round 1
ChatterBot Zulu round 1
ChatterBot X-ray round 1
ChatterBot Foxtrot round 1
ChatterBot November round 1
ChatterBot Victor round 1
ChatterBot Yankee round 1
ChatterBot Papa round 1
randomSelections Juliett: {Juliett, Romeo, Foxtrot, Yankee} 
2024-10-15 04:52:10.402888 Juliett: Friends?
ChatterBot Romeo reevaluating
ChatterBot Foxtrot reevaluating
ChatterBot Yankee reevaluating
2024-10-15 04:52:10.409597 Romeo: Yes
2024-10-15 04:52:10.409827 Foxtrot: Yes
2024-10-15 04:52:10.410738 Yankee: Yes
ChatterBot Foxtrot reevaluating
ChatterBot Yankee reevaluating
ChatterBot Romeo reevaluating
ChatterBot Yankee reevaluating
ChatterBot Romeo reevaluating
ChatterBot Foxtrot reevaluating
randomSelections X-ray: {X-ray, Victor, Foxtrot, Zulu, Yankee, Juliett} 
2024-10-15 04:52:10.430936 X-ray: Can we be friends?
ChatterBot Victor reevaluating
ChatterBot Foxtrot reevaluating
ChatterBot Zulu reevaluating
ChatterBot Yankee reevaluating
2024-10-15 04:52:10.439671 Victor: Yes
2024-10-15 04:52:10.439859 Foxtrot: No
2024-10-15 04:52:10.440812 Zulu: Yes
2024-10-15 04:52:10.441028 Yankee: No
2024-10-15 04:52:10.441575 Juliett: No
ChatterBot Foxtrot reevaluating
ChatterBot Zulu reevaluating
ChatterBot Yankee reevaluating
ChatterBot Victor reevaluating
ChatterBot Zulu reevaluating
ChatterBot Yankee reevaluating
ChatterBot Victor reevaluating
ChatterBot Foxtrot reevaluating
ChatterBot Yankee reevaluating
ChatterBot Victor reevaluating
ChatterBot Foxtrot reevaluating
ChatterBot Zulu reevaluating
ChatterBot Victor reevaluating
ChatterBot Foxtrot reevaluating
ChatterBot Zulu reevaluating
ChatterBot Yankee reevaluating
randomSelections Oscar: {Oscar} 
randomSelections Papa: {Papa, Oscar, Victor, X-ray, Yankee, Juliett, Foxtrot} 
2024-10-15 04:52:10.493579 Papa: We should group up
ChatterBot Victor reevaluating
ChatterBot Yankee reevaluating
ChatterBot Foxtrot reevaluating
2024-10-15 04:52:10.506181 Oscar: No
2024-10-15 04:52:10.506532 Victor: No
2024-10-15 04:52:10.507064 X-ray: No
2024-10-15 04:52:10.507530 Yankee: No
2024-10-15 04:52:10.509089 Juliett: No
2024-10-15 04:52:10.509502 Foxtrot: No
ChatterBot Victor reevaluating
ChatterBot Yankee reevaluating
ChatterBot Foxtrot reevaluating
ChatterBot Yankee reevaluating
ChatterBot Foxtrot reevaluating
ChatterBot Victor reevaluating
ChatterBot Yankee reevaluating
ChatterBot Foxtrot reevaluating
ChatterBot Victor reevaluating
ChatterBot Foxtrot reevaluating
ChatterBot Victor reevaluating
ChatterBot Yankee reevaluating
ChatterBot Foxtrot reevaluating
ChatterBot Victor reevaluating
ChatterBot Yankee reevaluating
randomSelections November: {November, Oscar, Victor, Juliett, Romeo, Yankee} 
2024-10-15 04:52:10.597793 November: We should group up
ChatterBot Victor reevaluating
ChatterBot Romeo reevaluating
ChatterBot Yankee reevaluating
2024-10-15 04:52:10.606089 Oscar: No
2024-10-15 04:52:10.606327 Victor: No
2024-10-15 04:52:10.606519 Juliett: No
2024-10-15 04:52:10.606782 Romeo: No
2024-10-15 04:52:10.607624 Yankee: No
ChatterBot Victor reevaluating
ChatterBot Romeo reevaluating
ChatterBot Yankee reevaluating
ChatterBot Romeo reevaluating
ChatterBot Yankee reevaluating
ChatterBot Victor reevaluating
ChatterBot Romeo reevaluating
ChatterBot Yankee reevaluating
ChatterBot Victor reevaluating
ChatterBot Yankee reevaluating
ChatterBot Victor reevaluating
ChatterBot Romeo reevaluating
2024-10-15 04:52:10.674921 Juliett: Romeo and Foxtrot, sending you 8
2024-10-15 04:52:10.676309 Papa: Juliett, Oscar, X-ray and Yankee, sending you 1
2024-10-15 04:52:10.677252 Foxtrot: Juliett, sending you 9
2024-10-15 04:52:10.678760 X-ray: Juliett and Victor, sending you 5
2024-10-15 04:52:10.680216 Zulu: Juliett, X-ray and Foxtrot, sending you 5
2024-10-15 04:52:10.681400 November: Juliett and Oscar, sending you 3
2024-10-15 04:52:10.682254 Juliett: Yankee, sending you 2
2024-10-15 04:52:10.683577 Papa: Foxtrot, sending you 3
2024-10-15 04:52:10.684450 Foxtrot: Romeo, sending you 6
2024-10-15 04:52:10.685936 X-ray: Zulu and Foxtrot, sending you 2
2024-10-15 04:52:10.686494 Zulu: Victor, sending you 2
2024-10-15 04:52:10.687844 November: Romeo, sending you 1
2024-10-15 04:52:10.689130 Yankee: Juliett and Foxtrot, sending you 5
2024-10-15 04:52:10.689817 Papa: Victor, sending you 2
2024-10-15 04:52:10.691681 Romeo: Juliett and Foxtrot, sending you 7
2024-10-15 04:52:10.693020 Foxtrot: Yankee, sending you 3
2024-10-15 04:52:10.694093 X-ray: Yankee, sending you 4
2024-10-15 04:52:10.694887 Zulu: Yankee, sending you 1
2024-10-15 04:52:10.696399 Yankee: Romeo, sending you 8
2024-10-15 04:52:10.697553 November: Victor, sending you 5
2024-10-15 04:52:10.698461 Victor: Juliett and Zulu, sending you 4
2024-10-15 04:52:10.700023 Romeo: Yankee, sending you 5
2024-10-15 04:52:10.701518 November: Yankee, sending you 4
2024-10-15 04:52:10.711652 Victor: X-ray, sending you 2
2024-10-15 04:52:10.715691 Victor: Foxtrot, sending you 1
2024-10-15 04:52:10.719700 Victor: Yankee, sending you 3
chatterbot X-ray submitting transactions
chatterbot Foxtrot submitting transactions
chatterbot Yankee submitting transactions
chatterbot Juliett submitting transactions
chatterbot Zulu submitting transactions
chatterbot Oscar submitting transactions
chatterbot Victor submitting transactions
chatterbot Papa submitting transactions
chatterbot Romeo submitting transactions
chatterbot November submitting transactions
ChatterBot Juliett round 2
ChatterBot Romeo round 2
ChatterBot Oscar round 2
ChatterBot Zulu round 2
ChatterBot X-ray round 2
ChatterBot Foxtrot round 2
2024-10-15 04:52:14.171305 Juliett: Let's form a team
ChatterBot Romeo reevaluating
ChatterBot Foxtrot reevaluating
ChatterBot Yankee reevaluating
ChatterBot Zulu reevaluating
ChatterBot X-ray reevaluating
ChatterBot November reevaluating
ChatterBot Victor reevaluating
2024-10-15 04:52:14.256006 Romeo: No
2024-10-15 04:52:14.256694 Foxtrot: Yes
2024-10-15 04:52:14.256887 Yankee: No
2024-10-15 04:52:14.257062 Zulu: Yes
2024-10-15 04:52:14.257280 X-ray: No
2024-10-15 04:52:14.257499 November: No
2024-10-15 04:52:14.258373 Victor: No
ChatterBot Foxtrot reevaluating
ChatterBot Yankee reevaluating
ChatterBot Zulu reevaluating
ChatterBot X-ray reevaluating
ChatterBot November reevaluating
ChatterBot Victor reevaluating
ChatterBot Romeo reevaluating
ChatterBot Yankee reevaluating
ChatterBot Zulu reevaluating
ChatterBot X-ray reevaluating
ChatterBot November reevaluating
ChatterBot Victor reevaluating
ChatterBot Romeo reevaluating
ChatterBot Foxtrot reevaluating
ChatterBot Zulu reevaluating
ChatterBot X-ray reevaluating
ChatterBot November reevaluating
ChatterBot Victor reevaluating
ChatterBot Romeo reevaluating
ChatterBot Foxtrot reevaluating
ChatterBot Yankee reevaluating
ChatterBot X-ray reevaluating
ChatterBot November reevaluating
ChatterBot Victor reevaluating
ChatterBot Romeo reevaluating
ChatterBot Foxtrot reevaluating
ChatterBot Yankee reevaluating
ChatterBot Zulu reevaluating
ChatterBot November reevaluating
ChatterBot Victor reevaluating
ChatterBot Romeo reevaluating
ChatterBot Foxtrot reevaluating
ChatterBot Yankee reevaluating
ChatterBot Zulu reevaluating
ChatterBot X-ray reevaluating
ChatterBot Victor reevaluating
ChatterBot Romeo reevaluating
ChatterBot Foxtrot reevaluating
ChatterBot Yankee reevaluating
ChatterBot Zulu reevaluating
ChatterBot X-ray reevaluating
ChatterBot November reevaluating
ChatterBot November round 2
ChatterBot Victor round 2
ChatterBot Yankee round 2
ChatterBot Papa round 2
2024-10-15 04:52:14.930659 November: We should group up
ChatterBot Romeo reevaluating
ChatterBot Yankee reevaluating
ChatterBot Victor reevaluating
2024-10-15 04:52:14.969307 Juliett: Yes
2024-10-15 04:52:14.969664 Romeo: No
2024-10-15 04:52:14.969809 Foxtrot: Yes
2024-10-15 04:52:14.970564 Yankee: Yes
2024-10-15 04:52:14.970702 Zulu: Yes
2024-10-15 04:52:14.970834 X-ray: No
2024-10-15 04:52:14.970952 Victor: No
ChatterBot Romeo reevaluating
ChatterBot Yankee reevaluating
ChatterBot Victor reevaluating
ChatterBot Yankee reevaluating
ChatterBot Victor reevaluating
ChatterBot Romeo reevaluating
ChatterBot Yankee reevaluating
ChatterBot Victor reevaluating
ChatterBot Romeo reevaluating
ChatterBot Victor reevaluating
ChatterBot Romeo reevaluating
ChatterBot Yankee reevaluating
ChatterBot Victor reevaluating
ChatterBot Romeo reevaluating
ChatterBot Yankee reevaluating
ChatterBot Victor reevaluating
ChatterBot Romeo reevaluating
ChatterBot Yankee reevaluating
2024-10-15 04:52:15.241757 Papa: Friends?
2024-10-15 04:52:15.246874 November: No
2024-10-15 04:52:15.251988 Romeo: November we want you to join our group
2024-10-15 04:52:15.257834 November: Yes
ChatterBot Romeo reevaluating
2024-10-15 04:52:15.278355 Zulu: November and Romeo we want you to join our group
ChatterBot Romeo reevaluating
2024-10-15 04:52:15.289036 Romeo: No
2024-10-15 04:52:15.289728 November: Yes
ChatterBot Romeo reevaluating
2024-10-15 04:52:15.380040 Juliett: Romeo, sending you 3
2024-10-15 04:52:15.381598 Oscar: Sending you 9
chatterbot Oscar submitting transactions
chatterbot November submitting transactions
chatterbot X-ray submitting transactions
2024-10-15 04:52:15.509212 X-ray: Zulu, sending you 8
2024-10-15 04:52:15.509526 Foxtrot: Juliett, sending you 6
2024-10-15 04:52:15.510347 Juliett: Zulu, X-ray, November, Victor and Yankee, sending you 2
2024-10-15 04:52:15.510708 November: Juliett, Romeo, Foxtrot, Victor and Yankee, sending you 2
2024-10-15 04:52:15.595998 X-ray: November, sending you 2
2024-10-15 04:52:15.596436 Foxtrot: Romeo, sending you 4
2024-10-15 04:52:15.597484 Yankee: Juliett, Foxtrot and Victor, sending you 2
2024-10-15 04:52:15.597956 November: Zulu and X-ray, sending you 3
2024-10-15 04:52:15.598418 Victor: Zulu and X-ray, sending you 4
2024-10-15 04:52:15.599209 Papa: Sending you 15
2024-10-15 04:52:15.599478 Juliett: Foxtrot, sending you 5
2024-10-15 04:52:15.599977 Zulu: Juliett, Romeo, Foxtrot, November and Yankee, sending you 2
2024-10-15 04:52:15.601166 X-ray: Victor, sending you 5
2024-10-15 04:52:15.601454 Foxtrot: Zulu and Yankee, sending you 3
2024-10-15 04:52:15.601901 Yankee: Romeo, sending you 5
2024-10-15 04:52:15.642608 Victor: November and Papa, sending you 3
2024-10-15 04:52:15.643090 Zulu: X-ray, sending you 3
2024-10-15 04:52:15.643674 Romeo: Juliett and Yankee, sending you 7
2024-10-15 04:52:15.644568 X-ray: Papa, sending you 3
2024-10-15 04:52:15.644928 Foxtrot: X-ray and Victor, sending you 1
2024-10-15 04:52:15.645477 Yankee: Zulu, sending you 1
2024-10-15 04:52:15.646676 Zulu: Victor, sending you 5
2024-10-15 04:52:15.647160 Romeo: Foxtrot, sending you 5
2024-10-15 04:52:15.710237 Yankee: X-ray and November, sending you 3
chatterbot Juliett submitting transactions
chatterbot Zulu submitting transactions
chatterbot Papa submitting transactions
chatterbot Foxtrot submitting transactions
chatterbot Victor submitting transactions
chatterbot Romeo submitting transactions
chatterbot Yankee submitting transactions
ChatterBot Juliett round 3
ChatterBot Romeo round 3
ChatterBot Oscar round 3
ChatterBot Zulu round 3
ChatterBot X-ray round 3
ChatterBot Foxtrot round 3
ChatterBot November round 3
2024-10-15 04:52:16.639131 Romeo: We should add Zulu
ChatterBot Foxtrot reevaluating
2024-10-15 04:52:16.653793 Juliett: Yes
2024-10-15 04:52:16.653980 Foxtrot: Yes
2024-10-15 04:52:16.654772 Yankee: Yes
ChatterBot Romeo reevaluating
ChatterBot Foxtrot reevaluating
ChatterBot Romeo reevaluating
ChatterBot Romeo reevaluating
ChatterBot Foxtrot reevaluating
ChatterBot Victor round 3
ChatterBot Yankee round 3
ChatterBot Papa round 3
2024-10-15 04:52:16.720328 Oscar: We should replace November with Papa
2024-10-15 04:52:16.721558 Juliett: We should drop November
ChatterBot Romeo reevaluating
ChatterBot Foxtrot reevaluating
ChatterBot Yankee reevaluating
ChatterBot Victor reevaluating
2024-10-15 04:52:16.766144 Romeo: Yes
2024-10-15 04:52:16.766500 Foxtrot: Yes
2024-10-15 04:52:16.766672 Yankee: Yes
2024-10-15 04:52:16.766833 Zulu: Yes
2024-10-15 04:52:16.767097 X-ray: Yes
2024-10-15 04:52:16.768069 Victor: Yes
ChatterBot Foxtrot reevaluating
ChatterBot Yankee reevaluating
ChatterBot Victor reevaluating
ChatterBot Romeo reevaluating
ChatterBot Yankee reevaluating
ChatterBot Victor reevaluating
ChatterBot Romeo reevaluating
ChatterBot Foxtrot reevaluating
ChatterBot Victor reevaluating
ChatterBot Romeo reevaluating
ChatterBot Foxtrot reevaluating
ChatterBot Yankee reevaluating
ChatterBot Victor reevaluating
ChatterBot Romeo reevaluating
ChatterBot Foxtrot reevaluating
ChatterBot Yankee reevaluating
ChatterBot Victor reevaluating
ChatterBot Romeo reevaluating
ChatterBot Foxtrot reevaluating
ChatterBot Yankee reevaluating
2024-10-15 04:52:16.997299 November: We should add Oscar and Papa
ChatterBot Romeo reevaluating
ChatterBot Foxtrot reevaluating
ChatterBot Yankee reevaluating
ChatterBot Victor reevaluating
2024-10-15 04:52:17.040139 Juliett: No
2024-10-15 04:52:17.040357 Romeo: No
2024-10-15 04:52:17.040606 Foxtrot: No
2024-10-15 04:52:17.040801 Yankee: No
2024-10-15 04:52:17.041034 Zulu: No
2024-10-15 04:52:17.042143 X-ray: No
2024-10-15 04:52:17.042320 Victor: No
ChatterBot Romeo reevaluating
ChatterBot Foxtrot reevaluating
ChatterBot Yankee reevaluating
ChatterBot Victor reevaluating
ChatterBot Foxtrot reevaluating
ChatterBot Yankee reevaluating
ChatterBot Victor reevaluating
ChatterBot Romeo reevaluating
ChatterBot Yankee reevaluating
ChatterBot Victor reevaluating
ChatterBot Romeo reevaluating
ChatterBot Foxtrot reevaluating
ChatterBot Victor reevaluating
ChatterBot Romeo reevaluating
ChatterBot Foxtrot reevaluating
ChatterBot Yankee reevaluating
ChatterBot Victor reevaluating
ChatterBot Romeo reevaluating
ChatterBot Foxtrot reevaluating
ChatterBot Yankee reevaluating
ChatterBot Victor reevaluating
ChatterBot Romeo reevaluating
ChatterBot Foxtrot reevaluating
ChatterBot Yankee reevaluating
2024-10-15 04:52:17.474969 Papa: Friends?
ChatterBot Victor reevaluating
2024-10-15 04:52:17.500666 Zulu: No
2024-10-15 04:52:17.500918 X-ray: No
2024-10-15 04:52:17.501166 Victor: No
2024-10-15 04:52:17.501381 Oscar: No
2024-10-15 04:52:17.501653 November: Yes
ChatterBot Victor reevaluating
ChatterBot Oscar reevaluating
ChatterBot Papa reevaluating
ChatterBot Victor reevaluating
ChatterBot Oscar reevaluating
ChatterBot Papa reevaluating
ChatterBot Oscar reevaluating
ChatterBot Papa reevaluating
ChatterBot Victor reevaluating
ChatterBot Papa reevaluating
ChatterBot Victor reevaluating
ChatterBot Oscar reevaluating
2024-10-15 04:52:17.616268 November: Oscar and Papa we want you to join our group
ChatterBot Oscar reevaluating
ChatterBot Papa reevaluating
2024-10-15 04:52:17.626844 Oscar: No
2024-10-15 04:52:17.627218 Papa: No
ChatterBot Papa reevaluating
ChatterBot Romeo reevaluating
ChatterBot Oscar reevaluating
ChatterBot Romeo reevaluating
2024-10-15 04:52:17.719806 Juliett: Romeo and Yankee, sending you 1
2024-10-15 04:52:17.721474 X-ray: Juliett and Yankee, sending you 3
2024-10-15 04:52:17.723042 Oscar: Papa we want you to join our group
2024-10-15 04:52:17.727691 Papa: Yes
2024-10-15 04:52:17.732633 Juliett: Foxtrot, sending you 2
2024-10-15 04:52:17.733755 X-ray: Romeo, sending you 1
2024-10-15 04:52:17.734471 Zulu: Juliett, Foxtrot, Victor and Yankee, sending you 3
2024-10-15 04:52:17.735632 November: Juliett, Romeo, Zulu, X-ray and Foxtrot, sending you 1
2024-10-15 04:52:17.738103 Yankee: Juliett, sending you 3
2024-10-15 04:52:17.738598 Victor: Juliett, Zulu and Yankee, sending you 3
2024-10-15 04:52:17.739503 X-ray: Zulu, sending you 5
2024-10-15 04:52:17.740225 Papa: Oscar, Zulu and November, sending you 3
2024-10-15 04:52:17.741292 November: Oscar, sending you 3
2024-10-15 04:52:17.742126 Zulu: Romeo, sending you 2
2024-10-15 04:52:17.743479 Romeo: Juliett and Foxtrot, sending you 6
2024-10-15 04:52:17.744015 Yankee: Romeo, sending you 7
2024-10-15 04:52:17.745577 X-ray: Foxtrot, sending you 2
2024-10-15 04:52:17.746241 Victor: Romeo and Foxtrot, sending you 2
2024-10-15 04:52:17.746936 Papa: X-ray, sending you 5
2024-10-15 04:52:17.748140 November: Victor and Yankee, sending you 2
2024-10-15 04:52:17.748498 Romeo: Yankee, sending you 7
2024-10-15 04:52:17.748788 Zulu: X-ray, sending you 4
2024-10-15 04:52:17.749938 X-ray: Victor, sending you 4
2024-10-15 04:52:17.750470 Oscar: Sending you 10
2024-10-15 04:52:17.750748 Yankee: Zulu and X-ray, sending you 2
2024-10-15 04:52:17.751997 Papa: Victor, sending you 6
2024-10-15 04:52:17.752402 Victor: X-ray, sending you 4
2024-10-15 04:52:17.753064 November: Papa, sending you 4
chatterbot Juliett submitting transactions
2024-10-15 04:52:17.756747 Yankee: Foxtrot, sending you 4
chatterbot Zulu submitting transactions
chatterbot Foxtrot submitting transactions
chatterbot Oscar submitting transactions
chatterbot November submitting transactions
chatterbot Papa submitting transactions
chatterbot Yankee submitting transactions
chatterbot X-ray submitting transactions
chatterbot Victor submitting transactions
chatterbot Romeo submitting transactions
ChatterBot Juliett round 4
ChatterBot Romeo round 4
ChatterBot Oscar round 4
ChatterBot Zulu round 4
ChatterBot X-ray round 4
ChatterBot Foxtrot round 4
ChatterBot November round 4
ChatterBot Victor round 4
ChatterBot Yankee round 4
ChatterBot Papa round 4
2024-10-15 04:52:18.877505 Oscar: We should add November and X-ray
2024-10-15 04:52:18.888113 Papa: Yes
ChatterBot Oscar reevaluating
2024-10-15 04:52:18.897344 Oscar: Let's form a team
ChatterBot X-ray reevaluating
ChatterBot Victor reevaluating
2024-10-15 04:52:18.920211 X-ray: Yes
2024-10-15 04:52:18.920554 Victor: Yes
2024-10-15 04:52:18.921602 November: Yes
2024-10-15 04:52:18.921894 Papa: Yes
ChatterBot Oscar reevaluating
ChatterBot Victor reevaluating
ChatterBot Oscar reevaluating
ChatterBot X-ray reevaluating
ChatterBot Oscar reevaluating
ChatterBot X-ray reevaluating
ChatterBot Victor reevaluating
ChatterBot Oscar reevaluating
ChatterBot X-ray reevaluating
ChatterBot Victor reevaluating
2024-10-15 04:52:19.079911 Oscar: November and X-ray we want you to join our group
ChatterBot X-ray reevaluating
2024-10-15 04:52:19.093982 November: Yes
2024-10-15 04:52:19.094260 X-ray: Yes
ChatterBot Oscar reevaluating
ChatterBot X-ray reevaluating
ChatterBot Oscar reevaluating
2024-10-15 04:52:19.120931 Juliett: Romeo, sending you 7
2024-10-15 04:52:19.124201 November: Romeo, Zulu, X-ray, Foxtrot, Victor and Yankee, sending you 1
2024-10-15 04:52:19.125659 Foxtrot: Juliett, sending you 5
2024-10-15 04:52:19.127201 Zulu: X-ray, sending you 4
2024-10-15 04:52:19.127765 Romeo: Juliett, sending you 6
2024-10-15 04:52:19.128670 Victor: Oscar, November and Papa, sending you 3
2024-10-15 04:52:19.129970 Yankee: Juliett, Zulu, X-ray, Foxtrot and Victor, sending you 2
2024-10-15 04:52:19.131041 Juliett: Zulu and Yankee, sending you 3
2024-10-15 04:52:19.132112 November: Oscar, sending you 3
2024-10-15 04:52:19.132925 Foxtrot: Romeo, sending you 6
2024-10-15 04:52:19.133480 Zulu: Victor, sending you 6
2024-10-15 04:52:19.133915 Romeo: Foxtrot, sending you 5
2024-10-15 04:52:19.134807 Yankee: Romeo, sending you 8
2024-10-15 04:52:19.135795 Victor: Zulu, sending you 4
2024-10-15 04:52:19.137096 Juliett: Foxtrot, sending you 5
2024-10-15 04:52:19.137692 Foxtrot: Zulu, sending you 3
2024-10-15 04:52:19.138357 November: Papa, sending you 5
2024-10-15 04:52:19.139938 Zulu: Yankee, sending you 5
2024-10-15 04:52:19.140431 Romeo: Yankee, sending you 8
2024-10-15 04:52:19.141076 Victor: X-ray, sending you 1
2024-10-15 04:52:19.142682 Foxtrot: Yankee, sending you 4
2024-10-15 04:52:19.144954 Papa: Oscar, sending you 4
2024-10-15 04:52:19.150341 Papa: Zulu, X-ray, November and Victor, sending you 2
2024-10-15 04:52:19.160675 Oscar: X-ray, sending you 2
2024-10-15 04:52:19.165662 Oscar: November, sending you 9
2024-10-15 04:52:19.168699 Oscar: Papa, sending you 6
chatterbot Foxtrot submitting transactions
chatterbot Zulu submitting transactions
chatterbot Oscar submitting transactions
chatterbot Juliett submitting transactions
chatterbot Yankee submitting transactions
chatterbot X-ray submitting transactions
chatterbot Victor submitting transactions
chatterbot Papa submitting transactions
chatterbot Romeo submitting transactions
chatterbot November submitting transactions
ChatterBot Juliett round 5
ChatterBot Romeo round 5
ChatterBot Oscar round 5
ChatterBot Zulu round 5
ChatterBot X-ray round 5
ChatterBot Foxtrot round 5
ChatterBot November round 5
ChatterBot Victor round 5
2024-10-15 04:52:20.230310 Oscar: We should add Victor
2024-10-15 04:52:20.248776 November: Yes
2024-10-15 04:52:20.248948 Papa: Yes
2024-10-15 04:52:20.249090 X-ray: Yes
ChatterBot X-ray reevaluating
ChatterBot Yankee round 5
ChatterBot Papa round 5
2024-10-15 04:52:20.299913 Oscar: Victor we want you to join our group
2024-10-15 04:52:20.304114 Victor: Yes
ChatterBot X-ray reevaluating
2024-10-15 04:52:20.329708 Juliett: Romeo, sending you 1
2024-10-15 04:52:20.330487 Juliett: I was attacked by Papa
ChatterBot Romeo reevaluating
ChatterBot Foxtrot reevaluating
ChatterBot Yankee reevaluating
ChatterBot Zulu reevaluating
2024-10-15 04:52:20.360584 Juliett: Ow
2024-10-15 04:52:20.362159 Romeo: We should add Zulu
ChatterBot Foxtrot reevaluating
ChatterBot Yankee reevaluating
2024-10-15 04:52:20.376098 Juliett: Yes
2024-10-15 04:52:20.376214 Foxtrot: Yes
2024-10-15 04:52:20.376329 Yankee: Yes
ChatterBot Romeo reevaluating
ChatterBot Foxtrot reevaluating
ChatterBot Yankee reevaluating
ChatterBot Romeo reevaluating
ChatterBot Yankee reevaluating
ChatterBot Romeo reevaluating
ChatterBot Foxtrot reevaluating
2024-10-15 04:52:20.409693 Oscar: X-ray, sending you 2
2024-10-15 04:52:20.410683 Victor: Oscar, November and Papa, sending you 3
2024-10-15 04:52:20.411111 November: Romeo, Zulu, X-ray, Foxtrot and Yankee, sending you 1
2024-10-15 04:52:20.413689 November: Oscar, sending you 4
2024-10-15 04:52:20.414733 Oscar: November, sending you 6
2024-10-15 04:52:20.415715 Victor: Zulu, sending you 4
2024-10-15 04:52:20.417672 Zulu: Juliett, Foxtrot and Yankee, sending you 5
2024-10-15 04:52:20.418120 November: Victor, sending you 2
2024-10-15 04:52:20.418778 Oscar: Victor, sending you 4
2024-10-15 04:52:20.421704 Victor: X-ray, sending you 2
2024-10-15 04:52:20.422856 Zulu: Romeo, sending you 3
2024-10-15 04:52:20.423381 November: Papa, sending you 3
2024-10-15 04:52:20.424154 Papa: Oscar, Zulu, X-ray, November and Victor, sending you 2
2024-10-15 04:52:20.424689 Oscar: Papa, sending you 5
2024-10-15 04:52:20.432666 Yankee: Juliett and Zulu, sending you 3
2024-10-15 04:52:20.436668 Yankee: Romeo, sending you 8
2024-10-15 04:52:20.439698 Yankee: Foxtrot, sending you 4
chatterbot Papa submitting transactions
chatterbot Oscar submitting transactions
chatterbot November submitting transactions
chatterbot Juliett submitting transactions
chatterbot Romeo submitting transactions
chatterbot X-ray submitting transactions
chatterbot Foxtrot submitting transactions
chatterbot Zulu submitting transactions
chatterbot Victor submitting transactions
chatterbot Yankee submitting transactions
ChatterBot Juliett round 6
ChatterBot Romeo round 6
ChatterBot Oscar round 6
ChatterBot Zulu round 6
ChatterBot X-ray round 6
ChatterBot Foxtrot round 6
ChatterBot November round 6
ChatterBot Victor round 6
ChatterBot Yankee round 6
2024-10-15 04:52:21.612843 Romeo: We should add Zulu
2024-10-15 04:52:21.626226 Juliett: Yes
2024-10-15 04:52:21.626467 Foxtrot: Yes
2024-10-15 04:52:21.627373 Yankee: Yes
ChatterBot Romeo reevaluating
ChatterBot Romeo reevaluating
ChatterBot Romeo reevaluating
ChatterBot Papa round 6
2024-10-15 04:52:21.689063 X-ray: We should drop Yankee
ChatterBot Papa reevaluating
2024-10-15 04:52:21.715440 Papa: Yes
2024-10-15 04:52:21.715636 Zulu: No
2024-10-15 04:52:21.716459 Victor: Yes
2024-10-15 04:52:21.716617 Oscar: Yes
2024-10-15 04:52:21.716759 November: No
ChatterBot X-ray reevaluating
ChatterBot November reevaluating
ChatterBot Papa reevaluating
ChatterBot X-ray reevaluating
ChatterBot November reevaluating
ChatterBot Papa reevaluating
ChatterBot X-ray reevaluating
ChatterBot November reevaluating
ChatterBot Papa reevaluating
ChatterBot X-ray reevaluating
ChatterBot November reevaluating
ChatterBot Papa reevaluating
ChatterBot X-ray reevaluating
2024-10-15 04:52:21.860114 Romeo: Zulu we want you to join our group
2024-10-15 04:52:21.866771 Zulu: Yes
ChatterBot Romeo reevaluating
2024-10-15 04:52:21.883162 Juliett: I was attacked by Papa
ChatterBot Romeo reevaluating
ChatterBot Foxtrot reevaluating
ChatterBot Yankee reevaluating
ChatterBot Zulu reevaluating
2024-10-15 04:52:21.905037 Juliett: Ow
2024-10-15 04:52:21.906295 Oscar: X-ray, sending you 1
2024-10-15 04:52:21.909896 Victor: Oscar, November and Papa, sending you 3
2024-10-15 04:52:21.911974 Oscar: November, sending you 4
2024-10-15 04:52:21.914388 Victor: Zulu, sending you 4
2024-10-15 04:52:21.916657 Oscar: Victor and Papa, sending you 3
2024-10-15 04:52:21.917695 Victor: X-ray, sending you 1
2024-10-15 04:52:21.921675 November: Oscar, sending you 5
2024-10-15 04:52:21.922997 Papa: Oscar, sending you 6
2024-10-15 04:52:21.925702 November: Zulu and X-ray, sending you 1
2024-10-15 04:52:21.928890 Papa: X-ray, sending you 4
2024-10-15 04:52:21.930003 Foxtrot: Juliett and Yankee, sending you 4
2024-10-15 04:52:21.931607 November: Victor, sending you 3
2024-10-15 04:52:21.934671 Papa: November and Victor, sending you 5
2024-10-15 04:52:21.936188 Foxtrot: Romeo, sending you 7
2024-10-15 04:52:21.936986 Yankee: Juliett and Foxtrot, sending you 2
2024-10-15 04:52:21.938341 November: Papa, sending you 4
2024-10-15 04:52:21.939771 Foxtrot: Zulu, sending you 3
2024-10-15 04:52:21.941905 Yankee: Romeo, sending you 8
2024-10-15 04:52:21.944683 Yankee: Zulu, sending you 4
chatterbot Papa submitting transactions
chatterbot November submitting transactions
chatterbot X-ray submitting transactions
chatterbot Foxtrot submitting transactions
chatterbot Zulu submitting transactions
chatterbot Victor submitting transactions
chatterbot Oscar submitting transactions
chatterbot Yankee submitting transactions
chatterbot Juliett submitting transactions
chatterbot Romeo submitting transactions
ChatterBot Juliett round 7
ChatterBot Romeo round 7
ChatterBot Oscar round 7
ChatterBot Zulu round 7
ChatterBot X-ray round 7
ChatterBot Foxtrot round 7
ChatterBot November round 7
ChatterBot Victor round 7
ChatterBot Yankee round 7
ChatterBot Papa round 7
2024-10-15 04:52:23.027540 Romeo: We should add Zulu
ChatterBot Foxtrot reevaluating
ChatterBot Yankee reevaluating
2024-10-15 04:52:23.037432 Juliett: Yes
2024-10-15 04:52:23.037589 Foxtrot: Yes
2024-10-15 04:52:23.037749 Yankee: Yes
ChatterBot Romeo reevaluating
ChatterBot Foxtrot reevaluating
ChatterBot Yankee reevaluating
ChatterBot Romeo reevaluating
ChatterBot Yankee reevaluating
ChatterBot Romeo reevaluating
ChatterBot Foxtrot reevaluating
2024-10-15 04:52:23.096188 Zulu: We should add Victor
ChatterBot Romeo reevaluating
ChatterBot Foxtrot reevaluating
ChatterBot Yankee reevaluating
2024-10-15 04:52:23.215185 Juliett: No
2024-10-15 04:52:23.215390 Romeo: No
2024-10-15 04:52:23.215553 Foxtrot: No
2024-10-15 04:52:23.215745 Yankee: No
ChatterBot Romeo reevaluating
ChatterBot Foxtrot reevaluating
ChatterBot Yankee reevaluating
ChatterBot Zulu reevaluating
ChatterBot Foxtrot reevaluating
ChatterBot Yankee reevaluating
ChatterBot Zulu reevaluating
ChatterBot Romeo reevaluating
ChatterBot Yankee reevaluating
ChatterBot Zulu reevaluating
ChatterBot Romeo reevaluating
ChatterBot Foxtrot reevaluating
ChatterBot Zulu reevaluating
2024-10-15 04:52:23.349869 Papa: We should drop Zulu and X-ray
ChatterBot Oscar reevaluating
2024-10-15 04:52:23.369266 Oscar: Yes
2024-10-15 04:52:23.369581 November: No
2024-10-15 04:52:23.369861 Victor: No
ChatterBot November reevaluating
ChatterBot Oscar reevaluating
ChatterBot Oscar reevaluating
ChatterBot November reevaluating
2024-10-15 04:52:23.434057 Victor: We should drop X-ray
ChatterBot Oscar reevaluating
ChatterBot November reevaluating
ChatterBot Zulu reevaluating
2024-10-15 04:52:23.458237 Oscar: Yes
2024-10-15 04:52:23.458437 November: Yes
2024-10-15 04:52:23.459129 Papa: Yes
2024-10-15 04:52:23.459323 Zulu: Yes
ChatterBot November reevaluating
ChatterBot Zulu reevaluating
ChatterBot Oscar reevaluating
ChatterBot Zulu reevaluating
ChatterBot Oscar reevaluating
ChatterBot November reevaluating
ChatterBot Zulu reevaluating
ChatterBot Oscar reevaluating
ChatterBot November reevaluating
2024-10-15 04:52:23.536397 Oscar: We should drop X-ray and Victor
ChatterBot November reevaluating
2024-10-15 04:52:23.548484 November: No
2024-10-15 04:52:23.549432 Papa: No
ChatterBot Oscar reevaluating
ChatterBot Oscar reevaluating
ChatterBot November reevaluating
2024-10-15 04:52:23.573340 Foxtrot: I was attacked by November
ChatterBot Juliett reevaluating
ChatterBot Romeo reevaluating
ChatterBot Yankee reevaluating
ChatterBot Zulu reevaluating
2024-10-15 04:52:23.599926 Foxtrot: I'm keeping this round to protect myself
2024-10-15 04:52:23.603982 Foxtrot: Ow
2024-10-15 04:52:23.606428 X-ray: I was attacked by Juliett
2024-10-15 04:52:23.607657 X-ray: I'm keeping this round to protect myself
2024-10-15 04:52:23.609263 X-ray: Ow
2024-10-15 04:52:23.610535 Papa: I was attacked by Yankee
ChatterBot Oscar reevaluating
ChatterBot November reevaluating
ChatterBot Victor reevaluating
2024-10-15 04:52:23.629940 Papa: I'm keeping this round to protect myself
2024-10-15 04:52:23.631700 Papa: Ow
2024-10-15 04:52:23.632602 Romeo: Zulu we want you to join our group
ChatterBot Zulu reevaluating
2024-10-15 04:52:23.640223 Zulu: Yes
ChatterBot Juliett reevaluating
ChatterBot Yankee reevaluating
2024-10-15 04:52:23.677688 Oscar: November, sending you 7
2024-10-15 04:52:23.681707 November: Oscar and Papa, sending you 5
2024-10-15 04:52:23.682946 Oscar: Victor, sending you 4
2024-10-15 04:52:23.683332 Yankee: Juliett, sending you 2
2024-10-15 04:52:23.686671 Oscar: Papa, sending you 6
2024-10-15 04:52:23.687953 November: Zulu, sending you 2
2024-10-15 04:52:23.688884 Yankee: Romeo, sending you 8
2024-10-15 04:52:23.692826 November: Victor, sending you 4
2024-10-15 04:52:23.693480 Yankee: Zulu and Foxtrot, sending you 4
chatterbot Papa submitting transactions
chatterbot Juliett submitting transactions
chatterbot X-ray submitting transactions
chatterbot Victor submitting transactions
chatterbot Romeo submitting transactions
chatterbot Juliett submitting transactions
chatterbot Victor submitting transactions
chatterbot Yankee submitting transactions
chatterbot Foxtrot submitting transactions
chatterbot Oscar submitting transactions
chatterbot Zulu submitting transactions
chatterbot November submitting transactions
ChatterBot Juliett round 8
ChatterBot Romeo round 8
ChatterBot Oscar round 8
ChatterBot Zulu round 8
ChatterBot X-ray round 8
ChatterBot Foxtrot round 8
ChatterBot November round 8
ChatterBot Victor round 8
ChatterBot Yankee round 8
ChatterBot Papa round 8
2024-10-15 04:52:24.887127 Romeo: We should add Zulu
2024-10-15 04:52:24.902729 Juliett: Yes
2024-10-15 04:52:24.902945 Foxtrot: Yes
2024-10-15 04:52:24.903135 Yankee: Yes
2024-10-15 04:52:24.964917 Romeo: Zulu we want you to join our group
ChatterBot Zulu reevaluating
2024-10-15 04:52:24.970707 Zulu: Yes
2024-10-15 04:52:24.985233 November: We should drop Zulu
ChatterBot Victor reevaluating
2024-10-15 04:52:25.007273 Papa: Yes
2024-10-15 04:52:25.008051 Oscar: Yes
2024-10-15 04:52:25.008248 Victor: Yes
ChatterBot November reevaluating
ChatterBot Victor reevaluating
ChatterBot November reevaluating
ChatterBot Victor reevaluating
ChatterBot November reevaluating
2024-10-15 04:52:25.072708 Oscar: November, sending you 7
2024-10-15 04:52:25.078706 Oscar: Victor and Papa, sending you 5
2024-10-15 04:52:25.083666 Yankee: Juliett, sending you 1
2024-10-15 04:52:25.087184 Papa: Oscar, sending you 2
2024-10-15 04:52:25.088686 Yankee: Romeo, sending you 10
2024-10-15 04:52:25.092120 Papa: November and Victor, sending you 1
2024-10-15 04:52:25.092662 Yankee: Zulu, sending you 4
2024-10-15 04:52:25.096682 Yankee: Foxtrot, sending you 3
chatterbot Yankee submitting transactions
chatterbot Foxtrot submitting transactions
chatterbot Juliett submitting transactions
chatterbot Zulu submitting transactions
chatterbot Oscar submitting transactions
chatterbot X-ray submitting transactions
chatterbot Romeo submitting transactions
chatterbot Papa submitting transactions
chatterbot Victor submitting transactions
chatterbot November submitting transactions
ChatterBot Juliett round 9
ChatterBot Romeo round 9
ChatterBot Oscar round 9
ChatterBot Zulu round 9
ChatterBot X-ray round 9
ChatterBot Foxtrot round 9
ChatterBot November round 9
ChatterBot Victor round 9
ChatterBot Yankee round 9
ChatterBot Papa round 9
2024-10-15 04:52:26.330270 Romeo: We should add Zulu
2024-10-15 04:52:26.338941 Juliett: Yes
2024-10-15 04:52:26.339104 Foxtrot: Yes
2024-10-15 04:52:26.339228 Yankee: Yes
2024-10-15 04:52:26.377108 Romeo: Zulu we want you to join our group
ChatterBot Zulu reevaluating
2024-10-15 04:52:26.381985 Zulu: Yes
2024-10-15 04:52:26.393623 November: We should drop Zulu
2024-10-15 04:52:26.405432 Papa: Yes
2024-10-15 04:52:26.405584 Oscar: Yes
2024-10-15 04:52:26.405711 Victor: Yes
ChatterBot November reevaluating
ChatterBot November reevaluating
ChatterBot Oscar reevaluating
ChatterBot November reevaluating
2024-10-15 04:52:26.452680 Foxtrot: Juliett, Zulu and Yankee, sending you 1
2024-10-15 04:52:26.453706 Juliett: Romeo, sending you 2
2024-10-15 04:52:26.455803 Foxtrot: Romeo, sending you 2
2024-10-15 04:52:26.457040 Oscar: We should drop Papa
ChatterBot November reevaluating
2024-10-15 04:52:26.465161 November: No
2024-10-15 04:52:26.465300 Victor: No
ChatterBot Oscar reevaluating
ChatterBot Oscar reevaluating
ChatterBot November reevaluating
2024-10-15 04:52:26.482821 November: We should replace Zulu with Juliett
ChatterBot Oscar reevaluating
2024-10-15 04:52:26.493874 Papa: No
2024-10-15 04:52:26.494038 Oscar: No
2024-10-15 04:52:26.494137 Victor: No
ChatterBot Oscar reevaluating
ChatterBot November reevaluating
ChatterBot November reevaluating
ChatterBot Oscar reevaluating
ChatterBot November reevaluating
2024-10-15 04:52:26.525732 Juliett: Zulu and Foxtrot, sending you 1
2024-10-15 04:52:26.528666 Yankee: Juliett, sending you 1
2024-10-15 04:52:26.529807 November: Juliett we want you to join our group
2024-10-15 04:52:26.534924 Juliett: No
ChatterBot November reevaluating
ChatterBot Oscar reevaluating
2024-10-15 04:52:26.558842 Papa: Oscar and November, sending you 5
2024-10-15 04:52:26.559423 Yankee: Romeo, sending you 9
2024-10-15 04:52:26.561697 Papa: Victor, sending you 4
2024-10-15 04:52:26.562693 Yankee: Zulu, sending you 5
2024-10-15 04:52:26.567736 Yankee: Foxtrot, sending you 3
2024-10-15 04:52:26.575665 Oscar: November, sending you 7
2024-10-15 04:52:26.580679 Oscar: Victor and Papa, sending you 5
2024-10-15 04:52:26.590700 November: Juliett, sending you 2
2024-10-15 04:52:26.596676 November: Oscar, sending you 6
2024-10-15 04:52:26.600711 November: Victor and Papa, sending you 4
chatterbot Foxtrot submitting transactions
chatterbot Yankee submitting transactions
chatterbot November submitting transactions
chatterbot Romeo submitting transactions
chatterbot Victor submitting transactions
chatterbot Papa submitting transactions
chatterbot Oscar submitting transactions
chatterbot Juliett submitting transactions
chatterbot X-ray submitting transactions
chatterbot Zulu submitting transactions
ChatterBot Juliett round 10
ChatterBot Romeo round 10
ChatterBot Oscar round 10
ChatterBot Zulu round 10
ChatterBot X-ray round 10
ChatterBot Foxtrot round 10
ChatterBot November round 10
ChatterBot Victor round 10
ChatterBot Yankee round 10
ChatterBot Papa round 10
2024-10-15 04:52:27.703903 Romeo: We should add Zulu
2024-10-15 04:52:27.715576 Juliett: Yes
2024-10-15 04:52:27.715862 Foxtrot: Yes
2024-10-15 04:52:27.716060 Yankee: Yes
2024-10-15 04:52:27.777038 Romeo: Zulu we want you to join our group
ChatterBot Zulu reevaluating
2024-10-15 04:52:27.784347 Zulu: Yes
2024-10-15 04:52:27.800327 November: We should drop Juliett
ChatterBot Oscar reevaluating
2024-10-15 04:52:27.816348 Papa: Yes
2024-10-15 04:52:27.816711 Oscar: Yes
2024-10-15 04:52:27.817800 Victor: Yes
ChatterBot Oscar reevaluating
ChatterBot Oscar reevaluating
2024-10-15 04:52:27.886833 Victor: We should drop Zulu
ChatterBot Oscar reevaluating
2024-10-15 04:52:27.911880 Papa: Yes
2024-10-15 04:52:27.912222 Oscar: Yes
2024-10-15 04:52:27.912678 November: Yes
ChatterBot Oscar reevaluating
ChatterBot Oscar reevaluating
2024-10-15 04:52:28.014986 Oscar: We should drop Papa
2024-10-15 04:52:28.031351 November: No
2024-10-15 04:52:28.033383 Victor: No
ChatterBot Oscar reevaluating
ChatterBot Oscar reevaluating
2024-10-15 04:52:28.073164 Juliett: Romeo, sending you 4
2024-10-15 04:52:28.092997 Juliett: Zulu and Foxtrot, sending you 2
2024-10-15 04:52:28.095190 Yankee: Romeo, sending you 10
2024-10-15 04:52:28.096863 November: Oscar, sending you 6
2024-10-15 04:52:28.097706 Papa: Sending you each 6
2024-10-15 04:52:28.098912 Foxtrot: Juliett, sending you 1
2024-10-15 04:52:28.099993 Juliett: Yankee, sending you 1
2024-10-15 04:52:28.103022 Yankee: Zulu, sending you 5
2024-10-15 04:52:28.103836 November: Victor and Papa, sending you 5
2024-10-15 04:52:28.105542 Foxtrot: Romeo, sending you 5
2024-10-15 04:52:28.107793 Yankee: Foxtrot, sending you 3
2024-10-15 04:52:28.114241 Foxtrot: Zulu and Yankee, sending you 2
2024-10-15 04:52:28.115702 Oscar: November, sending you 7
2024-10-15 04:52:28.119894 Oscar: Victor and Papa, sending you 5
chatterbot X-ray submitting transactions
chatterbot Romeo submitting transactions
chatterbot Juliett submitting transactions
chatterbot Oscar submitting transactions
chatterbot November submitting transactions
chatterbot Yankee submitting transactions
chatterbot Zulu submitting transactions
chatterbot Foxtrot submitting transactions
chatterbot Victor submitting transactions
chatterbot Papa submitting transactions
ChatterBot Juliett round 11
ChatterBot Romeo round 11
ChatterBot Oscar round 11
ChatterBot Zulu round 11
ChatterBot X-ray round 11
ChatterBot Foxtrot round 11
ChatterBot November round 11
ChatterBot Victor round 11
ChatterBot Yankee round 11
ChatterBot Papa round 11
2024-10-15 04:52:29.063551 Romeo: We should add Zulu
2024-10-15 04:52:29.076841 Juliett: Yes
2024-10-15 04:52:29.077632 Foxtrot: Yes
2024-10-15 04:52:29.077776 Yankee: Yes
2024-10-15 04:52:29.143067 Romeo: Zulu we want you to join our group
ChatterBot Zulu reevaluating
2024-10-15 04:52:29.148566 Zulu: Yes
2024-10-15 04:52:29.165394 Victor: We should drop Zulu
2024-10-15 04:52:29.186137 Papa: Yes
2024-10-15 04:52:29.186311 Oscar: Yes
2024-10-15 04:52:29.186435 November: Yes
2024-10-15 04:52:29.229653 Juliett: Romeo, sending you 5
2024-10-15 04:52:29.231633 Oscar: November, sending you 7
2024-10-15 04:52:29.232593 Foxtrot: Juliett, sending you 2
2024-10-15 04:52:29.236263 Juliett: Zulu and Foxtrot, sending you 3
2024-10-15 04:52:29.237115 Oscar: Victor and Papa, sending you 5
2024-10-15 04:52:29.237755 Foxtrot: Romeo, sending you 5
2024-10-15 04:52:29.239169 November: Oscar, sending you 6
2024-10-15 04:52:29.239751 Papa: Oscar, sending you 7
2024-10-15 04:52:29.241697 Juliett: Yankee, sending you 1
2024-10-15 04:52:29.243001 Foxtrot: Zulu and Yankee, sending you 3
2024-10-15 04:52:29.244745 November: Victor and Papa, sending you 5
2024-10-15 04:52:29.245749 Yankee: Juliett, sending you 1
2024-10-15 04:52:29.246995 Papa: November and Victor, sending you 6
2024-10-15 04:52:29.250667 Yankee: Romeo, sending you 9
2024-10-15 04:52:29.255676 Yankee: Zulu, sending you 5
2024-10-15 04:52:29.261661 Yankee: Foxtrot, sending you 3
chatterbot Foxtrot submitting transactions
chatterbot Papa submitting transactions
