ChatterBot Golf round 1
ChatterBot Zulu round 1
ChatterBot X-ray round 1
ChatterBot Bravo round 1
ChatterBot Sierra round 1
ChatterBot Hotel round 1
ChatterBot Delta round 1
ChatterBot Oscar round 1
ChatterBot Quebec round 1
ChatterBot Echo round 1
randomSelections Delta: {Delta, Sierra, Quebec, X-ray, Zulu, Oscar} 
2024-10-15 04:52:10.583524 Delta: We would work well together
ChatterBot Sierra reevaluating
ChatterBot Quebec reevaluating
ChatterBot X-ray reevaluating
ChatterBot Zulu reevaluating
ChatterBot Oscar reevaluating
2024-10-15 04:52:10.595513 Sierra: Yes
2024-10-15 04:52:10.595683 Quebec: Yes
2024-10-15 04:52:10.595830 X-ray: Yes
2024-10-15 04:52:10.595952 Zulu: Yes
2024-10-15 04:52:10.596114 Oscar: Yes
ChatterBot Quebec reevaluating
ChatterBot X-ray reevaluating
ChatterBot Zulu reevaluating
ChatterBot Oscar reevaluating
ChatterBot Sierra reevaluating
ChatterBot X-ray reevaluating
ChatterBot Zulu reevaluating
ChatterBot Oscar reevaluating
ChatterBot Sierra reevaluating
ChatterBot Quebec reevaluating
ChatterBot Zulu reevaluating
ChatterBot Oscar reevaluating
ChatterBot Sierra reevaluating
ChatterBot Quebec reevaluating
ChatterBot X-ray reevaluating
ChatterBot Oscar reevaluating
ChatterBot Sierra reevaluating
ChatterBot Quebec reevaluating
ChatterBot X-ray reevaluating
ChatterBot Zulu reevaluating
randomSelections Bravo: {Bravo, Zulu, Oscar, Sierra, Quebec, Hotel, X-ray} 
2024-10-15 04:52:10.644254 Bravo: We should group up
ChatterBot Zulu reevaluating
ChatterBot Oscar reevaluating
ChatterBot Sierra reevaluating
ChatterBot Quebec reevaluating
ChatterBot Hotel reevaluating
ChatterBot X-ray reevaluating
2024-10-15 04:52:10.653793 Zulu: No
2024-10-15 04:52:10.654684 Oscar: No
2024-10-15 04:52:10.655146 Sierra: No
2024-10-15 04:52:10.655444 Quebec: No
2024-10-15 04:52:10.656426 Hotel: Yes
2024-10-15 04:52:10.656642 X-ray: No
ChatterBot Oscar reevaluating
ChatterBot Sierra reevaluating
ChatterBot Quebec reevaluating
ChatterBot Hotel reevaluating
ChatterBot X-ray reevaluating
ChatterBot Zulu reevaluating
ChatterBot Sierra reevaluating
ChatterBot Quebec reevaluating
ChatterBot Hotel reevaluating
ChatterBot X-ray reevaluating
ChatterBot Zulu reevaluating
ChatterBot Oscar reevaluating
ChatterBot Quebec reevaluating
ChatterBot Hotel reevaluating
ChatterBot X-ray reevaluating
ChatterBot Zulu reevaluating
ChatterBot Oscar reevaluating
ChatterBot Sierra reevaluating
ChatterBot Hotel reevaluating
ChatterBot X-ray reevaluating
ChatterBot Zulu reevaluating
ChatterBot Oscar reevaluating
ChatterBot Sierra reevaluating
ChatterBot Quebec reevaluating
ChatterBot X-ray reevaluating
ChatterBot Zulu reevaluating
ChatterBot Oscar reevaluating
ChatterBot Sierra reevaluating
ChatterBot Quebec reevaluating
ChatterBot Hotel reevaluating
randomSelections Golf: {Golf, Oscar, Quebec, Zulu, Bravo, X-ray} 
2024-10-15 04:52:10.744223 Golf: We should group up
ChatterBot Oscar reevaluating
ChatterBot Quebec reevaluating
ChatterBot Zulu reevaluating
ChatterBot X-ray reevaluating
2024-10-15 04:52:10.755886 Oscar: No
2024-10-15 04:52:10.756219 Quebec: No
2024-10-15 04:52:10.757329 Zulu: No
2024-10-15 04:52:10.758119 Bravo: No
2024-10-15 04:52:10.769290 X-ray: No
ChatterBot Quebec reevaluating
ChatterBot Zulu reevaluating
ChatterBot X-ray reevaluating
ChatterBot Oscar reevaluating
ChatterBot Zulu reevaluating
ChatterBot X-ray reevaluating
ChatterBot Oscar reevaluating
ChatterBot Quebec reevaluating
ChatterBot X-ray reevaluating
ChatterBot Oscar reevaluating
ChatterBot Quebec reevaluating
ChatterBot Zulu reevaluating
ChatterBot X-ray reevaluating
ChatterBot Oscar reevaluating
ChatterBot Quebec reevaluating
ChatterBot Zulu reevaluating
randomSelections Echo: {Echo, Bravo, Oscar, X-ray, Hotel, Delta, Zulu, Sierra} 
2024-10-15 04:52:10.833724 Echo: Group up?
ChatterBot Oscar reevaluating
ChatterBot X-ray reevaluating
ChatterBot Hotel reevaluating
ChatterBot Zulu reevaluating
ChatterBot Sierra reevaluating
2024-10-15 04:52:10.852116 Bravo: No
2024-10-15 04:52:10.852328 Oscar: No
2024-10-15 04:52:10.852516 X-ray: No
2024-10-15 04:52:10.852760 Hotel: No
2024-10-15 04:52:10.853027 Delta: No
2024-10-15 04:52:10.853243 Zulu: No
2024-10-15 04:52:10.854559 Sierra: No
ChatterBot Oscar reevaluating
ChatterBot X-ray reevaluating
ChatterBot Hotel reevaluating
ChatterBot Zulu reevaluating
ChatterBot Sierra reevaluating
ChatterBot X-ray reevaluating
ChatterBot Hotel reevaluating
ChatterBot Zulu reevaluating
ChatterBot Sierra reevaluating
ChatterBot Oscar reevaluating
ChatterBot Hotel reevaluating
ChatterBot Zulu reevaluating
ChatterBot Sierra reevaluating
ChatterBot Oscar reevaluating
ChatterBot X-ray reevaluating
ChatterBot Zulu reevaluating
ChatterBot Sierra reevaluating
ChatterBot Oscar reevaluating
ChatterBot X-ray reevaluating
ChatterBot Hotel reevaluating
ChatterBot Zulu reevaluating
ChatterBot Sierra reevaluating
ChatterBot Oscar reevaluating
ChatterBot X-ray reevaluating
ChatterBot Hotel reevaluating
ChatterBot Sierra reevaluating
ChatterBot Oscar reevaluating
ChatterBot X-ray reevaluating
ChatterBot Hotel reevaluating
ChatterBot Zulu reevaluating
2024-10-15 04:52:11.143810 Sierra: Zulu and X-ray, sending you 2
2024-10-15 04:52:11.144448 X-ray: Zulu, sending you 5
2024-10-15 04:52:11.145801 Bravo: Zulu, Sierra and Oscar, sending you 2
2024-10-15 04:52:11.146330 Golf: Zulu, sending you 2
2024-10-15 04:52:11.149008 Sierra: Delta, sending you 4
2024-10-15 04:52:11.149514 Echo: Zulu and Delta, sending you 1
2024-10-15 04:52:11.150894 Hotel: Zulu, sending you 5
2024-10-15 04:52:11.151980 Delta: Zulu and Sierra, sending you 4
2024-10-15 04:52:11.153349 Zulu: X-ray, Sierra and Quebec, sending you 1
2024-10-15 04:52:11.153967 Quebec: Zulu and Oscar, sending you 4
2024-10-15 04:52:11.155231 X-ray: Sierra, sending you 2
2024-10-15 04:52:11.155987 Bravo: X-ray, sending you 4
2024-10-15 04:52:11.157147 Oscar: Zulu and Sierra, sending you 4
2024-10-15 04:52:11.158610 Golf: X-ray, sending you 4
2024-10-15 04:52:11.159474 Sierra: Oscar, sending you 5
2024-10-15 04:52:11.160881 Echo: X-ray, sending you 5
2024-10-15 04:52:11.161648 Hotel: X-ray, sending you 3
2024-10-15 04:52:11.162994 Delta: X-ray, sending you 5
2024-10-15 04:52:11.164315 Zulu: Delta, sending you 2
2024-10-15 04:52:11.165424 Quebec: X-ray and Delta, sending you 3
2024-10-15 04:52:11.166846 Bravo: Hotel, sending you 3
2024-10-15 04:52:11.168429 X-ray: Delta and Oscar, sending you 4
2024-10-15 04:52:11.169251 Oscar: X-ray, sending you 1
2024-10-15 04:52:11.170492 Golf: Bravo, sending you 7
2024-10-15 04:52:11.173005 Sierra: Quebec, sending you 3
2024-10-15 04:52:11.174737 Echo: Bravo, sending you 2
2024-10-15 04:52:11.175744 Hotel: Bravo, sending you 6
2024-10-15 04:52:11.177121 Delta: Oscar, sending you 3
2024-10-15 04:52:11.177782 Zulu: Oscar, sending you 4
2024-10-15 04:52:11.179267 Quebec: Sierra, sending you 2
2024-10-15 04:52:11.180598 Bravo: Quebec, sending you 1
2024-10-15 04:52:11.181383 X-ray: Quebec, sending you 3
2024-10-15 04:52:11.182641 Oscar: Delta, sending you 3
2024-10-15 04:52:11.184164 Golf: Oscar, sending you 1
2024-10-15 04:52:11.185013 Echo: Sierra and Oscar, sending you 3
2024-10-15 04:52:11.186440 Hotel: Sierra, sending you 4
2024-10-15 04:52:11.187739 Delta: Quebec, sending you 1
2024-10-15 04:52:11.188424 Oscar: Quebec, sending you 6
2024-10-15 04:52:11.189657 Golf: Quebec, sending you 3
2024-10-15 04:52:11.190479 Echo: Hotel, sending you 4
2024-10-15 04:52:11.197469 Hotel: Oscar and Quebec, sending you 1
chatterbot Bravo submitting transactions
chatterbot Echo submitting transactions
chatterbot Delta submitting transactions
chatterbot Golf submitting transactions
chatterbot X-ray submitting transactions
chatterbot Oscar submitting transactions
chatterbot Quebec submitting transactions
chatterbot Hotel submitting transactions
chatterbot Zulu submitting transactions
chatterbot Sierra submitting transactions
ChatterBot Golf round 2
ChatterBot Zulu round 2
ChatterBot X-ray round 2
ChatterBot Bravo round 2
2024-10-15 04:52:14.372741 Bravo: Friends?
ChatterBot Golf reevaluating
ChatterBot Hotel reevaluating
ChatterBot Echo reevaluating
2024-10-15 04:52:14.565034 Golf: Yes
2024-10-15 04:52:14.565272 Hotel: No
2024-10-15 04:52:14.566144 Echo: No
ChatterBot Hotel reevaluating
ChatterBot Echo reevaluating
ChatterBot Golf reevaluating
ChatterBot Echo reevaluating
ChatterBot Golf reevaluating
ChatterBot Hotel reevaluating
2024-10-15 04:52:14.637326 Hotel: Friends?
ChatterBot Echo reevaluating
2024-10-15 04:52:14.661369 Echo: No
ChatterBot Hotel reevaluating
ChatterBot Sierra round 2
2024-10-15 04:52:14.689594 Zulu: We should add Echo
ChatterBot Delta reevaluating
ChatterBot Sierra reevaluating
ChatterBot Quebec reevaluating
ChatterBot X-ray reevaluating
ChatterBot Oscar reevaluating
2024-10-15 04:52:14.739323 Delta: Yes
2024-10-15 04:52:14.739555 Sierra: Yes
2024-10-15 04:52:14.740429 Quebec: No
2024-10-15 04:52:14.740708 X-ray: Yes
2024-10-15 04:52:14.740933 Oscar: No
ChatterBot Sierra reevaluating
ChatterBot Quebec reevaluating
ChatterBot X-ray reevaluating
ChatterBot Zulu reevaluating
ChatterBot Oscar reevaluating
ChatterBot Delta reevaluating
ChatterBot Quebec reevaluating
ChatterBot X-ray reevaluating
ChatterBot Zulu reevaluating
ChatterBot Oscar reevaluating
ChatterBot Delta reevaluating
ChatterBot Sierra reevaluating
ChatterBot X-ray reevaluating
ChatterBot Zulu reevaluating
ChatterBot Oscar reevaluating
ChatterBot Delta reevaluating
ChatterBot Sierra reevaluating
ChatterBot Quebec reevaluating
ChatterBot Zulu reevaluating
ChatterBot Oscar reevaluating
ChatterBot Delta reevaluating
ChatterBot Sierra reevaluating
ChatterBot Quebec reevaluating
ChatterBot X-ray reevaluating
ChatterBot Zulu reevaluating
ChatterBot Hotel round 2
ChatterBot Delta round 2
ChatterBot Oscar round 2
ChatterBot Quebec round 2
ChatterBot Echo round 2
2024-10-15 04:52:15.041223 Sierra: We should add Echo and Hotel
ChatterBot Delta reevaluating
ChatterBot Quebec reevaluating
ChatterBot X-ray reevaluating
ChatterBot Zulu reevaluating
ChatterBot Oscar reevaluating
2024-10-15 04:52:15.060622 Delta: No
2024-10-15 04:52:15.060794 Quebec: No
2024-10-15 04:52:15.060897 X-ray: Yes
2024-10-15 04:52:15.061012 Zulu: No
2024-10-15 04:52:15.061110 Oscar: No
ChatterBot Sierra reevaluating
ChatterBot Quebec reevaluating
ChatterBot X-ray reevaluating
ChatterBot Zulu reevaluating
ChatterBot Oscar reevaluating
ChatterBot Delta reevaluating
ChatterBot Sierra reevaluating
ChatterBot X-ray reevaluating
ChatterBot Zulu reevaluating
ChatterBot Oscar reevaluating
ChatterBot Delta reevaluating
ChatterBot Sierra reevaluating
ChatterBot Quebec reevaluating
ChatterBot Zulu reevaluating
ChatterBot Oscar reevaluating
ChatterBot Delta reevaluating
ChatterBot Sierra reevaluating
ChatterBot Quebec reevaluating
ChatterBot X-ray reevaluating
ChatterBot Oscar reevaluating
ChatterBot Delta reevaluating
ChatterBot Sierra reevaluating
ChatterBot Quebec reevaluating
ChatterBot X-ray reevaluating
ChatterBot Zulu reevaluating
2024-10-15 04:52:15.182310 Zulu: Echo we want you to join our group
2024-10-15 04:52:15.185940 Echo: No
ChatterBot Zulu reevaluating
ChatterBot Delta reevaluating
2024-10-15 04:52:15.206660 Sierra: Echo we want you to join our group
2024-10-15 04:52:15.210786 Echo: No
ChatterBot Zulu reevaluating
ChatterBot Sierra reevaluating
ChatterBot Delta reevaluating
2024-10-15 04:52:15.232147 Bravo: Golf and Echo, sending you 3
2024-10-15 04:52:15.232605 Golf: Bravo, sending you 9
2024-10-15 04:52:15.415920 Bravo: Hotel, sending you 4
2024-10-15 04:52:15.416811 X-ray: Golf, Bravo, Delta and Echo, sending you 3
2024-10-15 04:52:15.417196 Quebec: Zulu and Delta, sending you 2
2024-10-15 04:52:15.417546 Golf: Hotel, sending you 8
2024-10-15 04:52:15.418461 Oscar: Zulu, X-ray, Sierra and Quebec, sending you 4
2024-10-15 04:52:15.419065 Sierra: Echo and Hotel we want you to join our group
2024-10-15 04:52:15.426257 Echo: No
2024-10-15 04:52:15.426406 Hotel: No
ChatterBot Zulu reevaluating
ChatterBot Delta reevaluating
ChatterBot Sierra reevaluating
ChatterBot Zulu reevaluating
ChatterBot Delta reevaluating
ChatterBot Oscar reevaluating
2024-10-15 04:52:15.475670 Oscar: We should add Echo
ChatterBot Delta reevaluating
ChatterBot Sierra reevaluating
ChatterBot Zulu reevaluating
2024-10-15 04:52:15.497734 Delta: Yes
2024-10-15 04:52:15.498 Sierra: Yes
2024-10-15 04:52:15.498164 Quebec: No
2024-10-15 04:52:15.498295 X-ray: Yes
2024-10-15 04:52:15.498429 Zulu: No
ChatterBot Sierra reevaluating
ChatterBot Zulu reevaluating
ChatterBot Oscar reevaluating
ChatterBot Delta reevaluating
ChatterBot Zulu reevaluating
ChatterBot Oscar reevaluating
ChatterBot Delta reevaluating
ChatterBot Sierra reevaluating
ChatterBot Zulu reevaluating
ChatterBot Oscar reevaluating
ChatterBot Delta reevaluating
ChatterBot Sierra reevaluating
ChatterBot Zulu reevaluating
ChatterBot Oscar reevaluating
ChatterBot Delta reevaluating
ChatterBot Sierra reevaluating
ChatterBot Oscar reevaluating
2024-10-15 04:52:15.613387 X-ray: Zulu and Sierra, sending you 1
2024-10-15 04:52:15.614738 Echo: Golf, sending you 7
2024-10-15 04:52:15.615123 Quebec: X-ray and Sierra, sending you 3
chatterbot Golf submitting transactions
2024-10-15 04:52:15.622217 Hotel: Golf, sending you 4
2024-10-15 04:52:15.623311 Echo: Bravo and Hotel, sending you 6
chatterbot X-ray submitting transactions
2024-10-15 04:52:15.623895 X-ray: Hotel and Quebec, sending you 2
2024-10-15 04:52:15.625073 Quebec: Oscar, sending you 6
2024-10-15 04:52:15.667977 Hotel: Bravo, sending you 7
2024-10-15 04:52:15.669130 Delta: Echo we want you to join our group
2024-10-15 04:52:15.674171 Echo: No
ChatterBot Zulu reevaluating
ChatterBot Oscar reevaluating
2024-10-15 04:52:15.707733 Hotel: Echo, sending you 9
chatterbot Hotel submitting transactions
chatterbot Bravo submitting transactions
2024-10-15 04:52:15.953188 Sierra: Zulu, X-ray and Quebec, sending you 2
2024-10-15 04:52:15.954135 Delta: Zulu, X-ray, Sierra, Oscar and Quebec, sending you 3
2024-10-15 04:52:15.963688 Sierra: Delta and Oscar, sending you 4
2024-10-15 04:52:15.964771 Delta: Echo, sending you 2
2024-10-15 04:52:16.010854 Sierra: Echo, sending you 3
chatterbot Oscar submitting transactions
2024-10-15 04:52:16.025276 Zulu: X-ray, Oscar and Quebec, sending you 4
2024-10-15 04:52:16.046788 Zulu: Sierra, sending you 2
2024-10-15 04:52:16.059106 Zulu: Delta, sending you 3
chatterbot Quebec submitting transactions
chatterbot Echo submitting transactions
chatterbot Hotel submitting transactions
chatterbot Echo submitting transactions
chatterbot Delta submitting transactions
chatterbot Sierra submitting transactions
chatterbot Zulu submitting transactions
ChatterBot Golf round 3
ChatterBot Zulu round 3
ChatterBot X-ray round 3
ChatterBot Bravo round 3
ChatterBot Sierra round 3
ChatterBot Hotel round 3
ChatterBot Delta round 3
ChatterBot Oscar round 3
ChatterBot Quebec round 3
ChatterBot Echo round 3
2024-10-15 04:52:16.829441 Bravo: We should add X-ray
ChatterBot Golf reevaluating
ChatterBot Echo reevaluating
2024-10-15 04:52:16.845858 Golf: Yes
2024-10-15 04:52:16.846063 Hotel: Yes
2024-10-15 04:52:16.846226 Echo: Yes
ChatterBot Echo reevaluating
ChatterBot Golf reevaluating
ChatterBot Echo reevaluating
ChatterBot Golf reevaluating
2024-10-15 04:52:16.911784 Golf: We should add Echo
2024-10-15 04:52:16.922604 Bravo: Yes
2024-10-15 04:52:16.922842 Hotel: Yes
ChatterBot Golf reevaluating
ChatterBot Golf reevaluating
2024-10-15 04:52:16.978304 Sierra: We should drop Echo
2024-10-15 04:52:17.004742 Delta: Yes
2024-10-15 04:52:17.004980 Quebec: Yes
2024-10-15 04:52:17.005153 X-ray: Yes
2024-10-15 04:52:17.005327 Zulu: Yes
2024-10-15 04:52:17.005503 Oscar: Yes
2024-10-15 04:52:17.331113 Bravo: X-ray we want you to join our group
2024-10-15 04:52:17.338650 X-ray: No
ChatterBot Golf reevaluating
ChatterBot Echo reevaluating
2024-10-15 04:52:17.374349 X-ray: Zulu, Delta, Oscar and Quebec, sending you 1
2024-10-15 04:52:17.376004 Golf: Echo we want you to join our group
2024-10-15 04:52:17.380254 Echo: Yes
ChatterBot Golf reevaluating
2024-10-15 04:52:17.392832 Echo: X-ray we want you to join our group
2024-10-15 04:52:17.397631 X-ray: No
ChatterBot Golf reevaluating
2024-10-15 04:52:17.412049 Quebec: Zulu, X-ray, Sierra and Delta, sending you 3
2024-10-15 04:52:17.413653 Bravo: Golf, X-ray, Hotel and Echo, sending you 3
2024-10-15 04:52:17.414313 Oscar: Zulu, Sierra and Quebec, sending you 4
2024-10-15 04:52:17.416141 Golf: We should add Echo and X-ray
2024-10-15 04:52:17.423430 Bravo: Yes
2024-10-15 04:52:17.424277 Hotel: Yes
ChatterBot Golf reevaluating
ChatterBot Golf reevaluating
2024-10-15 04:52:17.439650 Sierra: Zulu, X-ray and Quebec, sending you 3
chatterbot Hotel submitting transactions
2024-10-15 04:52:17.442376 Hotel: Golf and Echo, sending you 7
2024-10-15 04:52:17.443115 Zulu: X-ray, Delta, Oscar and Quebec, sending you 4
2024-10-15 04:52:17.444724 Quebec: Oscar, sending you 4
2024-10-15 04:52:17.446460 Oscar: X-ray and Delta, sending you 3
2024-10-15 04:52:17.448399 Delta: Zulu, X-ray, Oscar and Quebec, sending you 3
2024-10-15 04:52:17.449402 Hotel: Bravo, sending you 6
2024-10-15 04:52:17.450938 Sierra: Delta and Oscar, sending you 4
2024-10-15 04:52:17.451855 Zulu: Sierra, sending you 2
2024-10-15 04:52:17.453352 Delta: Sierra, sending you 5
2024-10-15 04:52:17.467973 Echo: Golf, sending you 2
2024-10-15 04:52:17.485155 Echo: X-ray, sending you 5
chatterbot Sierra submitting transactions
2024-10-15 04:52:17.492106 Echo: Bravo, sending you 4
2024-10-15 04:52:17.500492 Echo: Hotel, sending you 8
2024-10-15 04:52:17.520334 Golf: Bravo, sending you 5
2024-10-15 04:52:17.528136 Golf: Hotel and Echo, sending you 6
chatterbot X-ray submitting transactions
chatterbot Oscar submitting transactions
chatterbot Golf submitting transactions
chatterbot Quebec submitting transactions
chatterbot Zulu submitting transactions
chatterbot Echo submitting transactions
chatterbot Delta submitting transactions
chatterbot Bravo submitting transactions
ChatterBot Golf round 4
ChatterBot Zulu round 4
ChatterBot X-ray round 4
ChatterBot Bravo round 4
ChatterBot Sierra round 4
ChatterBot Hotel round 4
ChatterBot Delta round 4
2024-10-15 04:52:18.231606 Bravo: We should replace X-ray with Zulu
ChatterBot Echo reevaluating
2024-10-15 04:52:18.243003 Golf: No
2024-10-15 04:52:18.243205 Hotel: No
2024-10-15 04:52:18.243381 Echo: No
ChatterBot Bravo reevaluating
ChatterBot Echo reevaluating
ChatterBot Bravo reevaluating
ChatterBot Echo reevaluating
ChatterBot Bravo reevaluating
ChatterBot Oscar round 4
ChatterBot Quebec round 4
ChatterBot Echo round 4
2024-10-15 04:52:18.301710 Bravo: We should replace X-ray with Delta
ChatterBot Golf reevaluating
ChatterBot Echo reevaluating
2024-10-15 04:52:18.310498 Golf: Yes
2024-10-15 04:52:18.310624 Hotel: No
2024-10-15 04:52:18.310732 Echo: No
ChatterBot Bravo reevaluating
ChatterBot Echo reevaluating
ChatterBot Bravo reevaluating
ChatterBot Golf reevaluating
ChatterBot Echo reevaluating
ChatterBot Bravo reevaluating
ChatterBot Golf reevaluating
2024-10-15 04:52:18.349388 Bravo: Delta we want you to join our group
2024-10-15 04:52:18.351934 Delta: No
ChatterBot Bravo reevaluating
ChatterBot Golf reevaluating
2024-10-15 04:52:18.360726 Sierra: Zulu and Quebec, sending you 3
2024-10-15 04:52:18.361152 Zulu: X-ray and Sierra, sending you 3
2024-10-15 04:52:18.362063 Echo: We should drop X-ray
ChatterBot Bravo reevaluating
ChatterBot Golf reevaluating
2024-10-15 04:52:18.368583 Bravo: Yes
2024-10-15 04:52:18.368715 Golf: Yes
2024-10-15 04:52:18.368853 Hotel: Yes
ChatterBot Golf reevaluating
ChatterBot Bravo reevaluating
ChatterBot Bravo reevaluating
ChatterBot Golf reevaluating
2024-10-15 04:52:18.387532 Sierra: X-ray, sending you 2
2024-10-15 04:52:18.387929 Delta: Zulu, X-ray, Oscar and Quebec, sending you 3
2024-10-15 04:52:18.388351 Zulu: Delta, Oscar and Quebec, sending you 4
2024-10-15 04:52:18.389664 Oscar: Zulu and Sierra, sending you 4
2024-10-15 04:52:18.391678 X-ray: Zulu, Delta, Oscar and Quebec, sending you 4
2024-10-15 04:52:18.392178 Hotel: Golf and Echo, sending you 7
2024-10-15 04:52:18.392454 Quebec: Zulu and Oscar, sending you 4
2024-10-15 04:52:18.392947 Sierra: Delta, sending you 4
2024-10-15 04:52:18.393419 Delta: Sierra, sending you 5
2024-10-15 04:52:18.394688 Oscar: X-ray, sending you 2
2024-10-15 04:52:18.395373 X-ray: Sierra, sending you 2
2024-10-15 04:52:18.395999 Hotel: Bravo, sending you 6
2024-10-15 04:52:18.396690 Quebec: X-ray, sending you 2
2024-10-15 04:52:18.397424 Sierra: Oscar, sending you 5
2024-10-15 04:52:18.397998 Oscar: Delta, sending you 3
2024-10-15 04:52:18.399663 Echo: Golf and Bravo, sending you 5
2024-10-15 04:52:18.401670 Quebec: Sierra and Delta, sending you 3
2024-10-15 04:52:18.402316 Oscar: Quebec, sending you 5
2024-10-15 04:52:18.403683 Echo: Hotel, sending you 9
2024-10-15 04:52:18.415650 Golf: Bravo, sending you 5
2024-10-15 04:52:18.419271 Golf: Hotel and Echo, sending you 6
chatterbot Quebec submitting transactions
chatterbot Hotel submitting transactions
chatterbot Echo submitting transactions
chatterbot Sierra submitting transactions
chatterbot X-ray submitting transactions
chatterbot Zulu submitting transactions
chatterbot Golf submitting transactions
chatterbot Oscar submitting transactions
chatterbot Delta submitting transactions
chatterbot Bravo submitting transactions
ChatterBot Golf round 5
ChatterBot Zulu round 5
ChatterBot X-ray round 5
ChatterBot Bravo round 5
ChatterBot Sierra round 5
ChatterBot Hotel round 5
ChatterBot Delta round 5
ChatterBot Oscar round 5
ChatterBot Quebec round 5
ChatterBot Echo round 5
2024-10-15 04:52:19.533493 Bravo: We should replace X-ray with Delta
2024-10-15 04:52:19.541165 Golf: No
2024-10-15 04:52:19.541344 Hotel: No
2024-10-15 04:52:19.541478 Echo: No
ChatterBot Bravo reevaluating
ChatterBot Bravo reevaluating
ChatterBot Bravo reevaluating
2024-10-15 04:52:19.582684 Zulu: X-ray, Delta, Oscar and Quebec, sending you 4
2024-10-15 04:52:19.585012 Bravo: Delta we want you to join our group
2024-10-15 04:52:19.587408 Delta: No
ChatterBot Bravo reevaluating
2024-10-15 04:52:19.596990 Bravo: We should replace X-ray with Oscar
2024-10-15 04:52:19.604001 Golf: No
2024-10-15 04:52:19.604247 Hotel: No
2024-10-15 04:52:19.604407 Echo: No
ChatterBot Bravo reevaluating
ChatterBot Bravo reevaluating
ChatterBot Bravo reevaluating
2024-10-15 04:52:19.636484 Golf: Bravo, sending you 5
2024-10-15 04:52:19.637140 Oscar: Zulu, Sierra and Quebec, sending you 4
2024-10-15 04:52:19.637843 X-ray: Zulu, sending you 5
2024-10-15 04:52:19.638437 Zulu: Sierra, sending you 2
2024-10-15 04:52:19.639463 Sierra: Zulu, X-ray and Quebec, sending you 3
2024-10-15 04:52:19.640171 Quebec: Zulu, X-ray, Sierra and Delta, sending you 3
2024-10-15 04:52:19.640818 Golf: Hotel and Echo, sending you 6
2024-10-15 04:52:19.641685 Oscar: X-ray and Delta, sending you 3
2024-10-15 04:52:19.642664 X-ray: Sierra, Oscar and Quebec, sending you 3
2024-10-15 04:52:19.643626 Delta: Zulu and Sierra, sending you 4
2024-10-15 04:52:19.644107 Echo: Golf, sending you 6
2024-10-15 04:52:19.644424 Hotel: Golf, sending you 7
2024-10-15 04:52:19.644756 Sierra: Delta and Oscar, sending you 4
2024-10-15 04:52:19.645696 Quebec: Oscar, sending you 4
2024-10-15 04:52:19.647258 Delta: X-ray, Oscar and Quebec, sending you 3
2024-10-15 04:52:19.648060 X-ray: Delta, sending you 4
2024-10-15 04:52:19.648788 Echo: Bravo, sending you 4
2024-10-15 04:52:19.649252 Hotel: Bravo, sending you 5
2024-10-15 04:52:19.653670 Echo: Hotel, sending you 9
2024-10-15 04:52:19.654664 Hotel: Echo, sending you 8
chatterbot Oscar submitting transactions
chatterbot Golf submitting transactions
chatterbot Echo submitting transactions
chatterbot Delta submitting transactions
chatterbot Hotel submitting transactions
chatterbot Zulu submitting transactions
chatterbot Quebec submitting transactions
chatterbot Sierra submitting transactions
chatterbot X-ray submitting transactions
chatterbot Bravo submitting transactions
ChatterBot Golf round 6
ChatterBot Zulu round 6
ChatterBot X-ray round 6
ChatterBot Bravo round 6
ChatterBot Sierra round 6
ChatterBot Hotel round 6
ChatterBot Delta round 6
ChatterBot Oscar round 6
ChatterBot Quebec round 6
ChatterBot Echo round 6
2024-10-15 04:52:20.939673 Golf: Bravo, sending you 5
2024-10-15 04:52:20.941009 Delta: Zulu and Sierra, sending you 4
2024-10-15 04:52:20.941876 Hotel: Golf, sending you 7
2024-10-15 04:52:20.942279 Zulu: X-ray, Delta, Oscar and Quebec, sending you 4
2024-10-15 04:52:20.942938 X-ray: Zulu, Delta, Oscar and Quebec, sending you 1
2024-10-15 04:52:20.944119 Sierra: Zulu, X-ray and Quebec, sending you 3
2024-10-15 04:52:20.945041 Golf: Hotel and Echo, sending you 6
2024-10-15 04:52:20.945673 Delta: X-ray, Oscar and Quebec, sending you 3
2024-10-15 04:52:20.947007 Hotel: Bravo, sending you 5
2024-10-15 04:52:20.947667 Zulu: Sierra, sending you 2
2024-10-15 04:52:20.948281 Sierra: Delta and Oscar, sending you 4
2024-10-15 04:52:20.949254 Oscar: Zulu, Sierra and Quebec, sending you 4
2024-10-15 04:52:20.951877 Hotel: Echo, sending you 8
2024-10-15 04:52:20.952672 Oscar: X-ray and Delta, sending you 3
2024-10-15 04:52:20.955667 Echo: Golf, sending you 6
2024-10-15 04:52:20.956249 Quebec: Zulu, X-ray, Sierra and Delta, sending you 3
2024-10-15 04:52:20.960683 Echo: Bravo, sending you 3
2024-10-15 04:52:20.961690 Quebec: Oscar, sending you 4
2024-10-15 04:52:20.964657 Echo: Hotel, sending you 10
chatterbot Oscar submitting transactions
chatterbot X-ray submitting transactions
chatterbot Sierra submitting transactions
chatterbot Delta submitting transactions
chatterbot Hotel submitting transactions
chatterbot Quebec submitting transactions
chatterbot Zulu submitting transactions
chatterbot Golf submitting transactions
chatterbot Echo submitting transactions
chatterbot Bravo submitting transactions
ChatterBot Golf round 7
ChatterBot Zulu round 7
ChatterBot X-ray round 7
ChatterBot Bravo round 7
ChatterBot Sierra round 7
ChatterBot Hotel round 7
ChatterBot Delta round 7
2024-10-15 04:52:22.113597 Bravo: We should replace Delta with Sierra
2024-10-15 04:52:22.122584 Golf: No
2024-10-15 04:52:22.122766 Hotel: No
2024-10-15 04:52:22.122896 Echo: No
ChatterBot Bravo reevaluating
ChatterBot Bravo reevaluating
ChatterBot Bravo reevaluating
ChatterBot Golf reevaluating
ChatterBot Oscar round 7
ChatterBot Quebec round 7
ChatterBot Echo round 7
2024-10-15 04:52:22.177466 Golf: We should drop Bravo
ChatterBot Hotel reevaluating
2024-10-15 04:52:22.182391 Hotel: Yes
2024-10-15 04:52:22.182532 Echo: No
ChatterBot Golf reevaluating
ChatterBot Golf reevaluating
ChatterBot Hotel reevaluating
2024-10-15 04:52:22.195660 Sierra: Zulu, X-ray and Quebec, sending you 3
2024-10-15 04:52:22.196980 Zulu: X-ray and Sierra, sending you 3
2024-10-15 04:52:22.197758 Delta: Zulu and Sierra, sending you 4
2024-10-15 04:52:22.198844 X-ray: Zulu, Delta, Oscar and Quebec, sending you 1
2024-10-15 04:52:22.199667 Echo: Golf, sending you 7
2024-10-15 04:52:22.201670 Sierra: Delta and Oscar, sending you 4
2024-10-15 04:52:22.202390 Zulu: Delta, Oscar and Quebec, sending you 4
2024-10-15 04:52:22.203245 Delta: X-ray, Oscar and Quebec, sending you 3
2024-10-15 04:52:22.204422 Quebec: Zulu and Oscar, sending you 4
2024-10-15 04:52:22.205008 Echo: Bravo, sending you 3
2024-10-15 04:52:22.207654 Quebec: X-ray, sending you 2
2024-10-15 04:52:22.209668 Echo: Hotel, sending you 9
2024-10-15 04:52:22.210106 Hotel: Golf, sending you 7
2024-10-15 04:52:22.211657 Quebec: Sierra and Delta, sending you 3
2024-10-15 04:52:22.212372 Oscar: Zulu, Sierra and Quebec, sending you 4
2024-10-15 04:52:22.212983 Hotel: Bravo, sending you 5
2024-10-15 04:52:22.213677 Golf: Hotel, sending you 9
2024-10-15 04:52:22.216659 Hotel: Echo, sending you 8
2024-10-15 04:52:22.217664 Oscar: X-ray and Delta, sending you 3
2024-10-15 04:52:22.218761 Golf: Echo, sending you 8
chatterbot Quebec submitting transactions
chatterbot Zulu submitting transactions
chatterbot Delta submitting transactions
chatterbot Golf submitting transactions
chatterbot Hotel submitting transactions
chatterbot X-ray submitting transactions
chatterbot Bravo submitting transactions
chatterbot Echo submitting transactions
chatterbot Sierra submitting transactions
chatterbot Oscar submitting transactions
ChatterBot Golf round 8
ChatterBot Zulu round 8
ChatterBot X-ray round 8
ChatterBot Bravo round 8
ChatterBot Sierra round 8
ChatterBot Hotel round 8
ChatterBot Delta round 8
ChatterBot Oscar round 8
ChatterBot Quebec round 8
ChatterBot Echo round 8
2024-10-15 04:52:23.530001 Bravo: We should replace Delta with Sierra
ChatterBot Golf reevaluating
2024-10-15 04:52:23.542206 Golf: No
2024-10-15 04:52:23.542447 Hotel: No
2024-10-15 04:52:23.542920 Echo: No
ChatterBot Echo reevaluating
ChatterBot Golf reevaluating
ChatterBot Echo reevaluating
ChatterBot Bravo reevaluating
ChatterBot Golf reevaluating
ChatterBot Hotel reevaluating
2024-10-15 04:52:23.612959 Bravo: We should replace Delta with Oscar
ChatterBot Golf reevaluating
ChatterBot Hotel reevaluating
ChatterBot Echo reevaluating
2024-10-15 04:52:23.626247 Golf: No
2024-10-15 04:52:23.627653 Hotel: No
2024-10-15 04:52:23.628094 Echo: No
ChatterBot Bravo reevaluating
ChatterBot Hotel reevaluating
ChatterBot Echo reevaluating
ChatterBot Bravo reevaluating
ChatterBot Golf reevaluating
ChatterBot Echo reevaluating
ChatterBot Bravo reevaluating
ChatterBot Golf reevaluating
ChatterBot Hotel reevaluating
2024-10-15 04:52:23.668679 X-ray: Zulu, Delta and Oscar, sending you 4
2024-10-15 04:52:23.672695 X-ray: Sierra and Quebec, sending you 3
2024-10-15 04:52:23.674854 Quebec: Zulu and Oscar, sending you 4
2024-10-15 04:52:23.677670 Quebec: X-ray, sending you 2
2024-10-15 04:52:23.678952 Echo: Golf, sending you 9
2024-10-15 04:52:23.680233 Zulu: X-ray and Sierra, sending you 3
2024-10-15 04:52:23.682767 Oscar: Zulu, Sierra and Quebec, sending you 4
2024-10-15 04:52:23.684184 Quebec: Sierra and Delta, sending you 3
2024-10-15 04:52:23.685950 Echo: Hotel, sending you 10
2024-10-15 04:52:23.686429 Sierra: Zulu and Quebec, sending you 3
2024-10-15 04:52:23.688107 Zulu: Delta, Oscar and Quebec, sending you 4
2024-10-15 04:52:23.689469 Delta: Zulu and Sierra, sending you 4
2024-10-15 04:52:23.691207 Oscar: X-ray and Delta, sending you 3
2024-10-15 04:52:23.692107 Sierra: X-ray, sending you 2
2024-10-15 04:52:23.694686 Delta: X-ray, Oscar and Quebec, sending you 3
2024-10-15 04:52:23.696393 Golf: Hotel, sending you 9
2024-10-15 04:52:23.697037 Hotel: Golf, sending you 9
2024-10-15 04:52:23.697635 Sierra: Delta, sending you 4
2024-10-15 04:52:23.701678 Golf: Echo, sending you 8
2024-10-15 04:52:23.702678 Hotel: Echo, sending you 11
2024-10-15 04:52:23.703658 Sierra: Oscar, sending you 5
chatterbot X-ray submitting transactions
chatterbot Golf submitting transactions
chatterbot Sierra submitting transactions
chatterbot Hotel submitting transactions
chatterbot Echo submitting transactions
chatterbot Delta submitting transactions
chatterbot Oscar submitting transactions
chatterbot Zulu submitting transactions
chatterbot Quebec submitting transactions
chatterbot Bravo submitting transactions
ChatterBot Golf round 9
ChatterBot Zulu round 9
ChatterBot X-ray round 9
ChatterBot Bravo round 9
2024-10-15 04:52:24.902148 Golf: We should add Bravo
2024-10-15 04:52:24.908868 Hotel: No
2024-10-15 04:52:24.909041 Echo: No
ChatterBot Echo reevaluating
ChatterBot Golf reevaluating
ChatterBot Sierra round 9
ChatterBot Hotel round 9
ChatterBot Delta round 9
ChatterBot Oscar round 9
ChatterBot Quebec round 9
ChatterBot Echo round 9
2024-10-15 04:52:24.942149 Echo: Bravo we want you to join our group
2024-10-15 04:52:24.945727 Bravo: Yes
ChatterBot Golf reevaluating
ChatterBot Hotel reevaluating
ChatterBot Echo reevaluating
2024-10-15 04:52:24.956090 Echo: We should add Bravo
ChatterBot Golf reevaluating
ChatterBot Hotel reevaluating
2024-10-15 04:52:24.963 Golf: Yes
2024-10-15 04:52:24.963130 Hotel: Yes
ChatterBot Hotel reevaluating
ChatterBot Echo reevaluating
ChatterBot Golf reevaluating
ChatterBot Echo reevaluating
2024-10-15 04:52:24.989734 Golf: Bravo we want you to join our group
2024-10-15 04:52:24.993510 Bravo: Yes
ChatterBot Golf reevaluating
2024-10-15 04:52:25.005849 Zulu: X-ray and Sierra, sending you 3
2024-10-15 04:52:25.006921 X-ray: Zulu, Delta, Oscar and Quebec, sending you 1
2024-10-15 04:52:25.008448 Delta: Zulu and Sierra, sending you 4
2024-10-15 04:52:25.011672 Zulu: Delta, Oscar and Quebec, sending you 4
2024-10-15 04:52:25.013207 Delta: X-ray, Oscar and Quebec, sending you 3
2024-10-15 04:52:25.015213 Sierra: Zulu, X-ray and Quebec, sending you 3
2024-10-15 04:52:25.016244 Hotel: Golf, sending you 7
2024-10-15 04:52:25.017672 Echo: Golf, sending you 8
2024-10-15 04:52:25.020007 Sierra: Delta and Oscar, sending you 4
2024-10-15 04:52:25.021685 Hotel: Bravo, sending you 5
2024-10-15 04:52:25.022737 Echo: Hotel, sending you 11
2024-10-15 04:52:25.023676 Golf: Bravo, sending you 5
2024-10-15 04:52:25.024818 Oscar: Zulu, Sierra and Quebec, sending you 4
2024-10-15 04:52:25.025679 Hotel: Echo, sending you 8
2024-10-15 04:52:25.027238 Quebec: Zulu and Oscar, sending you 4
2024-10-15 04:52:25.028709 Golf: Hotel and Echo, sending you 6
2024-10-15 04:52:25.029662 Oscar: X-ray and Delta, sending you 3
2024-10-15 04:52:25.031279 Quebec: X-ray, sending you 2
2024-10-15 04:52:25.037892 Quebec: Sierra and Delta, sending you 3
chatterbot X-ray submitting transactions
chatterbot Hotel submitting transactions
chatterbot Oscar submitting transactions
chatterbot Zulu submitting transactions
chatterbot Quebec submitting transactions
chatterbot Golf submitting transactions
chatterbot Sierra submitting transactions
chatterbot Bravo submitting transactions
chatterbot Delta submitting transactions
chatterbot Echo submitting transactions
ChatterBot Golf round 10
ChatterBot Zulu round 10
ChatterBot X-ray round 10
ChatterBot Bravo round 10
ChatterBot Sierra round 10
ChatterBot Hotel round 10
ChatterBot Delta round 10
ChatterBot Oscar round 10
ChatterBot Quebec round 10
ChatterBot Echo round 10
2024-10-15 04:52:26.180181 Echo: We should add Bravo
2024-10-15 04:52:26.189353 Golf: Yes
2024-10-15 04:52:26.189543 Hotel: Yes
ChatterBot Echo reevaluating
ChatterBot Echo reevaluating
2024-10-15 04:52:26.207661 X-ray: Zulu, Delta and Oscar, sending you 4
2024-10-15 04:52:26.209693 Bravo: I was attacked by X-ray
ChatterBot Echo reevaluating
2024-10-15 04:52:26.220369 Bravo: I'm keeping this round to protect myself
2024-10-15 04:52:26.220934 Bravo: Ow
2024-10-15 04:52:26.221227 X-ray: Sierra and Quebec, sending you 3
2024-10-15 04:52:26.224665 Quebec: Zulu and Oscar, sending you 4
2024-10-15 04:52:26.225693 Golf: Bravo, sending you 5
2024-10-15 04:52:26.226797 Hotel: Golf, sending you 7
2024-10-15 04:52:26.227175 Delta: Zulu and Sierra, sending you 4
2024-10-15 04:52:26.227791 Zulu: X-ray and Sierra, sending you 3
2024-10-15 04:52:26.229232 Oscar: Zulu, Sierra and Quebec, sending you 4
2024-10-15 04:52:26.229809 Sierra: Zulu and Quebec, sending you 3
2024-10-15 04:52:26.230442 Quebec: X-ray, sending you 2
2024-10-15 04:52:26.231793 Hotel: Bravo, sending you 5
2024-10-15 04:52:26.232341 Golf: Hotel and Echo, sending you 6
2024-10-15 04:52:26.232754 Delta: X-ray, Oscar and Quebec, sending you 3
2024-10-15 04:52:26.234057 Zulu: Delta, Oscar and Quebec, sending you 4
2024-10-15 04:52:26.234751 Oscar: X-ray and Delta, sending you 3
2024-10-15 04:52:26.235345 Sierra: X-ray, sending you 2
2024-10-15 04:52:26.236479 Quebec: Sierra and Delta, sending you 3
2024-10-15 04:52:26.237053 Hotel: Echo, sending you 8
2024-10-15 04:52:26.239664 Sierra: Delta, sending you 4
2024-10-15 04:52:26.243730 Echo: Golf, sending you 9
2024-10-15 04:52:26.245771 Sierra: Oscar, sending you 5
2024-10-15 04:52:26.248694 Echo: Hotel, sending you 10
chatterbot Hotel submitting transactions
chatterbot Bravo submitting transactions
chatterbot Delta submitting transactions
chatterbot Quebec submitting transactions
chatterbot Sierra submitting transactions
chatterbot Zulu submitting transactions
chatterbot X-ray submitting transactions
chatterbot Oscar submitting transactions
chatterbot Golf submitting transactions
chatterbot Echo submitting transactions
ChatterBot Golf round 11
ChatterBot Zulu round 11
ChatterBot X-ray round 11
ChatterBot Bravo round 11
ChatterBot Sierra round 11
ChatterBot Hotel round 11
ChatterBot Delta round 11
ChatterBot Oscar round 11
ChatterBot Quebec round 11
ChatterBot Echo round 11
2024-10-15 04:52:27.655847 Echo: We should add Bravo
2024-10-15 04:52:27.666682 Golf: Yes
2024-10-15 04:52:27.667349 Hotel: Yes
ChatterBot Echo reevaluating
ChatterBot Echo reevaluating
2024-10-15 04:52:27.704300 Zulu: X-ray and Sierra, sending you 3
2024-10-15 04:52:27.706983 Golf: Bravo, sending you 5
2024-10-15 04:52:27.707925 Delta: Zulu and Sierra, sending you 4
2024-10-15 04:52:27.709735 Echo: Bravo we want you to join our group
2024-10-15 04:52:27.714737 Bravo: Yes
ChatterBot Echo reevaluating
2024-10-15 04:52:27.728023 Zulu: Delta, Oscar and Quebec, sending you 4
2024-10-15 04:52:27.731374 Golf: Hotel and Echo, sending you 6
2024-10-15 04:52:27.732298 Delta: X-ray, Oscar and Quebec, sending you 3
2024-10-15 04:52:27.734865 X-ray: Zulu, Sierra, Delta and Oscar, sending you 1
2024-10-15 04:52:27.736671 Quebec: Zulu and Oscar, sending you 4
2024-10-15 04:52:27.739087 Hotel: Golf, sending you 7
2024-10-15 04:52:27.741206 Sierra: Zulu, X-ray and Quebec, sending you 3
2024-10-15 04:52:27.743037 Oscar: Zulu, Sierra and Quebec, sending you 4
2024-10-15 04:52:27.745466 Quebec: X-ray, sending you 2
2024-10-15 04:52:27.748266 Hotel: Bravo, sending you 4
2024-10-15 04:52:27.749283 Sierra: Delta and Oscar, sending you 4
2024-10-15 04:52:27.751269 Oscar: X-ray and Delta, sending you 3
2024-10-15 04:52:27.761435 Quebec: Sierra and Delta, sending you 3
2024-10-15 04:52:27.763551 Hotel: Echo, sending you 9
2024-10-15 04:52:27.769974 Echo: Golf, sending you 9
2024-10-15 04:52:27.784697 Echo: Hotel, sending you 10
chatterbot Oscar submitting transactions
chatterbot X-ray submitting transactions
chatterbot Bravo submitting transactions
chatterbot Golf submitting transactions
chatterbot Zulu submitting transactions
chatterbot Hotel submitting transactions
chatterbot Delta submitting transactions
chatterbot Sierra submitting transactions
chatterbot Quebec submitting transactions
chatterbot Echo submitting transactions
ChatterBot Golf round 12
ChatterBot Zulu round 12
ChatterBot X-ray round 12
ChatterBot Bravo round 12
ChatterBot Sierra round 12
ChatterBot Hotel round 12
ChatterBot Delta round 12
ChatterBot Oscar round 12
ChatterBot Quebec round 12
ChatterBot Echo round 12
2024-10-15 04:52:29.018664 X-ray: Zulu, Delta and Oscar, sending you 4
2024-10-15 04:52:29.023207 X-ray: Sierra and Quebec, sending you 3
2024-10-15 04:52:29.025168 Golf: Bravo, sending you 5
2024-10-15 04:52:29.026891 Zulu: X-ray, sending you 2
2024-10-15 04:52:29.028552 Hotel: Golf, sending you 7
2024-10-15 04:52:29.030726 Zulu: Sierra, sending you 3
2024-10-15 04:52:29.032789 Golf: Hotel and Echo, sending you 6
2024-10-15 04:52:29.034560 Hotel: Bravo, sending you 4
2024-10-15 04:52:29.035559 Sierra: Zulu and Quebec, sending you 3
2024-10-15 04:52:29.037671 Oscar: Zulu, Sierra and Quebec, sending you 4
2024-10-15 04:52:29.039415 Bravo: I was attacked by X-ray
2024-10-15 04:52:29.053225 Bravo: I'm keeping this round to protect myself
2024-10-15 04:52:29.054262 Bravo: Ow
2024-10-15 04:52:29.054544 Zulu: Delta, Oscar and Quebec, sending you 4
2024-10-15 04:52:29.055478 Hotel: Echo, sending you 9
2024-10-15 04:52:29.056434 Sierra: X-ray, sending you 2
2024-10-15 04:52:29.057192 Oscar: X-ray and Delta, sending you 3
2024-10-15 04:52:29.058680 Delta: Zulu and Sierra, sending you 4
2024-10-15 04:52:29.059687 Quebec: Zulu and Oscar, sending you 4
2024-10-15 04:52:29.061527 Sierra: Delta, sending you 4
