ChatterBot Hotel round 1
ChatterBot Charlie round 1
ChatterBot Kilo round 1
ChatterBot Romeo round 1
ChatterBot Delta round 1
ChatterBot Quebec round 1
ChatterBot Whiskey round 1
ChatterBot Zulu round 1
ChatterBot Juliett round 1
ChatterBot Alpha round 1
randomSelections Charlie: {Charlie, Quebec, Alpha, Romeo, Juliett} 
2024-10-15 04:52:10.864106 Charlie: Can we be friends?
ChatterBot Quebec reevaluating
ChatterBot Alpha reevaluating
ChatterBot Romeo reevaluating
ChatterBot Juliett reevaluating
2024-10-15 04:52:10.873753 Quebec: Yes
2024-10-15 04:52:10.874637 Alpha: Yes
2024-10-15 04:52:10.874807 Romeo: Yes
2024-10-15 04:52:10.874977 Juliett: Yes
ChatterBot Alpha reevaluating
ChatterBot Romeo reevaluating
ChatterBot Juliett reevaluating
ChatterBot Quebec reevaluating
ChatterBot Romeo reevaluating
ChatterBot Juliett reevaluating
ChatterBot Quebec reevaluating
ChatterBot Alpha reevaluating
ChatterBot Juliett reevaluating
ChatterBot Quebec reevaluating
ChatterBot Alpha reevaluating
ChatterBot Romeo reevaluating
randomSelections Kilo: {Kilo, Zulu, Alpha, Romeo, Whiskey, Juliett} 
2024-10-15 04:52:10.914862 Kilo: We would work well together
ChatterBot Zulu reevaluating
ChatterBot Alpha reevaluating
ChatterBot Romeo reevaluating
ChatterBot Whiskey reevaluating
ChatterBot Juliett reevaluating
2024-10-15 04:52:10.923733 Zulu: Yes
2024-10-15 04:52:10.923843 Alpha: No
2024-10-15 04:52:10.923955 Romeo: No
2024-10-15 04:52:10.924044 Whiskey: Yes
2024-10-15 04:52:10.924122 Juliett: No
ChatterBot Alpha reevaluating
ChatterBot Romeo reevaluating
ChatterBot Whiskey reevaluating
ChatterBot Juliett reevaluating
ChatterBot Zulu reevaluating
ChatterBot Romeo reevaluating
ChatterBot Whiskey reevaluating
ChatterBot Juliett reevaluating
ChatterBot Zulu reevaluating
ChatterBot Alpha reevaluating
ChatterBot Whiskey reevaluating
ChatterBot Juliett reevaluating
ChatterBot Zulu reevaluating
ChatterBot Alpha reevaluating
ChatterBot Romeo reevaluating
ChatterBot Juliett reevaluating
ChatterBot Zulu reevaluating
ChatterBot Alpha reevaluating
ChatterBot Romeo reevaluating
ChatterBot Whiskey reevaluating
randomSelections Hotel: {Hotel, Juliett, Whiskey, Romeo, Zulu, Delta} 
2024-10-15 04:52:11.044641 Hotel: We would work well together
ChatterBot Juliett reevaluating
ChatterBot Whiskey reevaluating
ChatterBot Romeo reevaluating
ChatterBot Zulu reevaluating
ChatterBot Delta reevaluating
2024-10-15 04:52:11.110531 Juliett: No
2024-10-15 04:52:11.110867 Whiskey: No
2024-10-15 04:52:11.111295 Romeo: No
2024-10-15 04:52:11.112100 Zulu: No
2024-10-15 04:52:11.112637 Delta: Yes
ChatterBot Whiskey reevaluating
ChatterBot Romeo reevaluating
ChatterBot Zulu reevaluating
ChatterBot Delta reevaluating
ChatterBot Juliett reevaluating
ChatterBot Romeo reevaluating
ChatterBot Zulu reevaluating
ChatterBot Delta reevaluating
ChatterBot Juliett reevaluating
ChatterBot Whiskey reevaluating
ChatterBot Zulu reevaluating
ChatterBot Delta reevaluating
ChatterBot Juliett reevaluating
ChatterBot Whiskey reevaluating
ChatterBot Romeo reevaluating
ChatterBot Delta reevaluating
ChatterBot Juliett reevaluating
ChatterBot Whiskey reevaluating
ChatterBot Romeo reevaluating
ChatterBot Zulu reevaluating
2024-10-15 04:52:11.201671 Kilo: Romeo, Juliett and Alpha, sending you 4
2024-10-15 04:52:11.205718 Kilo: Whiskey, sending you 1
2024-10-15 04:52:11.207689 Alpha: Charlie, sending you 2
2024-10-15 04:52:11.209676 Kilo: Zulu, sending you 5
2024-10-15 04:52:11.210336 Hotel: Delta, sending you 5
chatterbot Charlie submitting transactions
2024-10-15 04:52:11.211850 Zulu: Kilo and Alpha, sending you 1
2024-10-15 04:52:11.212418 Quebec: Charlie and Alpha, sending you 1
2024-10-15 04:52:11.213779 Alpha: Romeo, sending you 3
2024-10-15 04:52:11.214475 Charlie: Romeo and Quebec, sending you 5
2024-10-15 04:52:11.215907 Juliett: Charlie, sending you 5
2024-10-15 04:52:11.216823 Whiskey: Kilo, sending you 1
2024-10-15 04:52:11.218465 Hotel: Whiskey, sending you 7
2024-10-15 04:52:11.219097 Zulu: Romeo and Whiskey, sending you 4
2024-10-15 04:52:11.220110 Alpha: Quebec, sending you 4
2024-10-15 04:52:11.220485 Quebec: Romeo, sending you 2
2024-10-15 04:52:11.221633 Charlie: Juliett and Alpha, sending you 3
2024-10-15 04:52:11.222101 Juliett: Romeo and Alpha, sending you 3
2024-10-15 04:52:11.222578 Whiskey: Romeo, sending you 5
2024-10-15 04:52:11.224122 Hotel: Zulu, sending you 4
2024-10-15 04:52:11.224819 Romeo: Charlie, sending you 7
2024-10-15 04:52:11.226383 Alpha: Juliett, sending you 6
2024-10-15 04:52:11.227339 Quebec: Juliett, sending you 4
2024-10-15 04:52:11.228871 Delta: Hotel, sending you 1
2024-10-15 04:52:11.230395 Juliett: Quebec, sending you 6
2024-10-15 04:52:11.231086 Whiskey: Zulu, sending you 2
2024-10-15 04:52:11.232420 Hotel: Juliett, sending you 1
2024-10-15 04:52:11.233075 Romeo: Quebec, sending you 2
chatterbot Quebec submitting transactions
2024-10-15 04:52:11.234998 Delta: Romeo, Zulu and Juliett, sending you 4
2024-10-15 04:52:11.236663 Whiskey: Juliett, sending you 3
2024-10-15 04:52:11.238667 Romeo: Juliett, sending you 3
2024-10-15 04:52:11.239715 Delta: Whiskey, sending you 5
2024-10-15 04:52:11.241337 Whiskey: Alpha, sending you 7
2024-10-15 04:52:11.242677 Romeo: Alpha, sending you 6
chatterbot Hotel submitting transactions
chatterbot Juliett submitting transactions
chatterbot Kilo submitting transactions
chatterbot Romeo submitting transactions
chatterbot Alpha submitting transactions
chatterbot Whiskey submitting transactions
chatterbot Zulu submitting transactions
chatterbot Delta submitting transactions
ChatterBot Hotel round 2
ChatterBot Charlie round 2
ChatterBot Kilo round 2
ChatterBot Romeo round 2
ChatterBot Delta round 2
2024-10-15 04:52:12.458621 Hotel: Group up?
ChatterBot Kilo reevaluating
ChatterBot Delta reevaluating
ChatterBot Whiskey reevaluating
ChatterBot Zulu reevaluating
2024-10-15 04:52:12.498350 Kilo: Yes
2024-10-15 04:52:12.498591 Delta: Yes
2024-10-15 04:52:12.498749 Whiskey: No
2024-10-15 04:52:12.499278 Zulu: No
ChatterBot Delta reevaluating
ChatterBot Whiskey reevaluating
ChatterBot Zulu reevaluating
ChatterBot Kilo reevaluating
ChatterBot Whiskey reevaluating
ChatterBot Zulu reevaluating
ChatterBot Kilo reevaluating
ChatterBot Delta reevaluating
ChatterBot Zulu reevaluating
ChatterBot Kilo reevaluating
ChatterBot Delta reevaluating
ChatterBot Whiskey reevaluating
ChatterBot Quebec round 2
ChatterBot Whiskey round 2
ChatterBot Zulu round 2
ChatterBot Juliett round 2
ChatterBot Alpha round 2
2024-10-15 04:52:12.621372 Romeo: We should add Kilo
ChatterBot Quebec reevaluating
ChatterBot Alpha reevaluating
ChatterBot Juliett reevaluating
2024-10-15 04:52:12.637663 Charlie: No
2024-10-15 04:52:12.637825 Quebec: No
2024-10-15 04:52:12.637931 Alpha: Yes
2024-10-15 04:52:12.638524 Juliett: Yes
ChatterBot Quebec reevaluating
ChatterBot Alpha reevaluating
ChatterBot Romeo reevaluating
ChatterBot Juliett reevaluating
ChatterBot Alpha reevaluating
ChatterBot Romeo reevaluating
ChatterBot Juliett reevaluating
ChatterBot Quebec reevaluating
ChatterBot Romeo reevaluating
ChatterBot Juliett reevaluating
ChatterBot Quebec reevaluating
ChatterBot Alpha reevaluating
ChatterBot Romeo reevaluating
2024-10-15 04:52:12.923976 Hotel: Kilo and Whiskey, sending you 4
2024-10-15 04:52:12.927999 Alpha: Kilo we want you to join our group
2024-10-15 04:52:12.949078 Kilo: No
ChatterBot Romeo reevaluating
2024-10-15 04:52:13.086419 Hotel: Delta, sending you 6
chatterbot Hotel submitting transactions
2024-10-15 04:52:13.604793 Quebec: Charlie and Juliett, sending you 5
2024-10-15 04:52:13.605296 Whiskey: Hotel, sending you 7
2024-10-15 04:52:13.605681 Kilo: Whiskey and Zulu, sending you 9
2024-10-15 04:52:13.606454 Juliett: Hotel and Zulu, sending you 1
2024-10-15 04:52:13.606819 Delta: Hotel, sending you 10
2024-10-15 04:52:13.607065 Charlie: Romeo, sending you 6
2024-10-15 04:52:13.607802 Zulu: Sending you each 3
2024-10-15 04:52:13.608028 Hotel: Zulu, sending you 3
2024-10-15 04:52:13.608235 Romeo: Kilo we want you to join our group
2024-10-15 04:52:13.611531 Kilo: No
ChatterBot Romeo reevaluating
chatterbot Delta submitting transactions
chatterbot Whiskey submitting transactions
chatterbot Kilo submitting transactions
chatterbot Zulu submitting transactions
chatterbot Charlie submitting transactions
2024-10-15 04:52:13.629589 Whiskey: Kilo, sending you 2
2024-10-15 04:52:13.629917 Quebec: Romeo and Alpha, sending you 4
2024-10-15 04:52:13.630799 Juliett: Charlie, Kilo, Romeo, Delta, Quebec and Whiskey, sending you 2
2024-10-15 04:52:13.631166 Charlie: Quebec, sending you 2
2024-10-15 04:52:13.631413 Delta: Kilo and Whiskey, sending you 2
2024-10-15 04:52:13.632258 Alpha: Charlie, Kilo and Juliett, sending you 3
2024-10-15 04:52:13.803326 Whiskey: Delta, sending you 5
2024-10-15 04:52:13.803693 Charlie: Juliett, sending you 5
2024-10-15 04:52:13.804427 Juliett: Alpha, sending you 3
2024-10-15 04:52:13.804749 Alpha: Romeo, sending you 4
2024-10-15 04:52:13.805005 Delta: Zulu, sending you 1
chatterbot Alpha submitting transactions
chatterbot Quebec submitting transactions
2024-10-15 04:52:13.936795 Whiskey: Zulu, sending you 4
2024-10-15 04:52:13.937189 Charlie: Alpha, sending you 3
2024-10-15 04:52:13.938034 Alpha: Quebec, sending you 2
chatterbot Juliett submitting transactions
2024-10-15 04:52:14.065290 Romeo: Charlie, Kilo, Juliett and Alpha, sending you 4
2024-10-15 04:52:14.095349 Romeo: Quebec, sending you 2
chatterbot Romeo submitting transactions
ChatterBot Hotel round 3
ChatterBot Charlie round 3
ChatterBot Kilo round 3
ChatterBot Romeo round 3
ChatterBot Delta round 3
ChatterBot Quebec round 3
ChatterBot Whiskey round 3
ChatterBot Zulu round 3
ChatterBot Juliett round 3
ChatterBot Alpha round 3
2024-10-15 04:52:15.182882 Romeo: We should drop Kilo
2024-10-15 04:52:15.204039 Charlie: Yes
2024-10-15 04:52:15.204803 Quebec: Yes
2024-10-15 04:52:15.205041 Alpha: No
2024-10-15 04:52:15.205204 Juliett: Yes
2024-10-15 04:52:15.482228 Charlie: Romeo, sending you 5
2024-10-15 04:52:15.482608 Hotel: Kilo, Whiskey and Zulu, sending you 4
2024-10-15 04:52:15.483623 Kilo: Hotel, sending you 5
chatterbot Kilo submitting transactions
2024-10-15 04:52:15.581651 Charlie: Quebec and Juliett, sending you 4
2024-10-15 04:52:15.582528 Hotel: Delta, sending you 5
2024-10-15 04:52:15.582866 Alpha: Charlie, Quebec and Juliett, sending you 3
2024-10-15 04:52:15.583169 Kilo: Delta, sending you 3
2024-10-15 04:52:15.583899 Romeo: Charlie and Alpha, sending you 5
2024-10-15 04:52:15.584193 Whiskey: Hotel and Kilo, sending you 5
2024-10-15 04:52:15.584427 Zulu: Hotel and Delta, sending you 3
2024-10-15 04:52:15.584666 Juliett: Charlie, Romeo and Alpha, sending you 4
2024-10-15 04:52:15.584956 Delta: Hotel, sending you 7
2024-10-15 04:52:15.585736 Quebec: Charlie and Juliett, sending you 5
2024-10-15 04:52:15.586077 Charlie: Alpha, sending you 3
2024-10-15 04:52:15.586346 Alpha: Kilo, sending you 2
2024-10-15 04:52:15.630739 Kilo: Whiskey, sending you 4
2024-10-15 04:52:15.631835 Whiskey: Delta and Zulu, sending you 4
2024-10-15 04:52:15.632223 Romeo: Quebec and Juliett, sending you 4
2024-10-15 04:52:15.632743 Zulu: Kilo and Whiskey, sending you 4
2024-10-15 04:52:15.633731 Juliett: Quebec, sending you 5
2024-10-15 04:52:15.634203 Delta: Kilo, sending you 2
2024-10-15 04:52:15.634634 Quebec: Romeo and Alpha, sending you 4
2024-10-15 04:52:15.635719 Alpha: Romeo, sending you 4
chatterbot Quebec submitting transactions
2024-10-15 04:52:15.636326 Kilo: Zulu, sending you 6
2024-10-15 04:52:15.701377 Delta: Whiskey, sending you 5
chatterbot Whiskey submitting transactions
chatterbot Romeo submitting transactions
chatterbot Hotel submitting transactions
2024-10-15 04:52:15.914216 Delta: Zulu, sending you 4
chatterbot Alpha submitting transactions
chatterbot Zulu submitting transactions
chatterbot Juliett submitting transactions
chatterbot Delta submitting transactions
chatterbot Charlie submitting transactions
ChatterBot Hotel round 4
ChatterBot Charlie round 4
ChatterBot Kilo round 4
ChatterBot Romeo round 4
ChatterBot Delta round 4
ChatterBot Quebec round 4
ChatterBot Whiskey round 4
ChatterBot Zulu round 4
ChatterBot Juliett round 4
ChatterBot Alpha round 4
2024-10-15 04:52:16.394240 Hotel: Kilo, Whiskey and Zulu, sending you 4
2024-10-15 04:52:16.402862 Delta: Hotel, sending you 6
2024-10-15 04:52:16.403837 Juliett: Charlie, Romeo and Alpha, sending you 4
2024-10-15 04:52:16.404213 Hotel: Delta, sending you 5
2024-10-15 04:52:16.404512 Charlie: Romeo, sending you 5
2024-10-15 04:52:16.405393 Zulu: Hotel, Kilo and Whiskey, sending you 4
2024-10-15 04:52:16.405685 Quebec: Charlie, Romeo and Alpha, sending you 4
2024-10-15 04:52:16.430172 Romeo: Charlie and Alpha, sending you 5
2024-10-15 04:52:16.430591 Delta: Kilo, sending you 3
2024-10-15 04:52:16.431453 Charlie: Quebec and Juliett, sending you 4
2024-10-15 04:52:16.431793 Juliett: Quebec, sending you 5
2024-10-15 04:52:16.432106 Quebec: Juliett, sending you 6
2024-10-15 04:52:16.432383 Kilo: Hotel and Whiskey, sending you 5
2024-10-15 04:52:16.433214 Zulu: Delta, sending you 3
2024-10-15 04:52:16.441231 Whiskey: Hotel and Kilo, sending you 5
2024-10-15 04:52:16.441605 Romeo: Quebec and Juliett, sending you 4
2024-10-15 04:52:16.441983 Charlie: Alpha, sending you 3
2024-10-15 04:52:16.442327 Delta: Whiskey, sending you 5
2024-10-15 04:52:16.443258 Alpha: Charlie, Quebec and Juliett, sending you 3
2024-10-15 04:52:16.443569 Kilo: Delta, sending you 2
2024-10-15 04:52:16.459006 Whiskey: Delta and Zulu, sending you 4
2024-10-15 04:52:16.459420 Alpha: Kilo, sending you 2
2024-10-15 04:52:16.460442 Delta: Zulu, sending you 4
2024-10-15 04:52:16.460768 Kilo: Zulu, sending you 6
2024-10-15 04:52:16.465319 Alpha: Romeo, sending you 4
chatterbot Delta submitting transactions
chatterbot Kilo submitting transactions
chatterbot Romeo submitting transactions
chatterbot Alpha submitting transactions
chatterbot Quebec submitting transactions
chatterbot Charlie submitting transactions
chatterbot Zulu submitting transactions
chatterbot Whiskey submitting transactions
chatterbot Hotel submitting transactions
chatterbot Juliett submitting transactions
ChatterBot Hotel round 5
ChatterBot Charlie round 5
ChatterBot Kilo round 5
ChatterBot Romeo round 5
ChatterBot Delta round 5
ChatterBot Quebec round 5
ChatterBot Whiskey round 5
ChatterBot Zulu round 5
ChatterBot Juliett round 5
ChatterBot Alpha round 5
2024-10-15 04:52:17.451692 Alpha: We should drop Kilo
2024-10-15 04:52:17.470085 Charlie: Yes
2024-10-15 04:52:17.470514 Quebec: Yes
2024-10-15 04:52:17.470908 Romeo: Yes
2024-10-15 04:52:17.471228 Juliett: Yes
2024-10-15 04:52:17.541171 Delta: Hotel, sending you 6
2024-10-15 04:52:17.544736 Hotel: Kilo, Whiskey and Zulu, sending you 4
2024-10-15 04:52:17.545456 Delta: Kilo, sending you 3
2024-10-15 04:52:17.546627 Charlie: Romeo, sending you 5
2024-10-15 04:52:17.547340 Whiskey: Hotel and Kilo, sending you 5
2024-10-15 04:52:17.548504 Juliett: Charlie, Romeo and Alpha, sending you 4
2024-10-15 04:52:17.549131 Quebec: Charlie, Romeo and Alpha, sending you 4
2024-10-15 04:52:17.549822 Zulu: Hotel, Kilo and Whiskey, sending you 4
2024-10-15 04:52:17.550915 Romeo: Charlie, sending you 6
2024-10-15 04:52:17.551574 Kilo: Hotel, Whiskey and Zulu, sending you 5
2024-10-15 04:52:17.552897 Hotel: Delta, sending you 5
2024-10-15 04:52:17.553390 Delta: Whiskey, sending you 5
2024-10-15 04:52:17.554682 Charlie: Quebec and Juliett, sending you 4
2024-10-15 04:52:17.555370 Whiskey: Delta and Zulu, sending you 4
2024-10-15 04:52:17.556383 Juliett: Quebec, sending you 5
2024-10-15 04:52:17.557011 Quebec: Juliett, sending you 6
2024-10-15 04:52:17.557519 Zulu: Delta, sending you 3
2024-10-15 04:52:17.558672 Romeo: Quebec, Juliett and Alpha, sending you 4
2024-10-15 04:52:17.559501 Kilo: Delta, sending you 3
2024-10-15 04:52:17.560725 Charlie: Alpha, sending you 3
2024-10-15 04:52:17.561461 Delta: Zulu, sending you 4
2024-10-15 04:52:17.564682 Alpha: Charlie and Quebec, sending you 3
2024-10-15 04:52:17.570668 Alpha: Romeo, sending you 5
2024-10-15 04:52:17.575672 Alpha: Juliett, sending you 4
chatterbot Hotel submitting transactions
chatterbot Juliett submitting transactions
chatterbot Charlie submitting transactions
chatterbot Delta submitting transactions
chatterbot Alpha submitting transactions
chatterbot Romeo submitting transactions
chatterbot Zulu submitting transactions
chatterbot Whiskey submitting transactions
chatterbot Kilo submitting transactions
chatterbot Quebec submitting transactions
ChatterBot Hotel round 6
ChatterBot Charlie round 6
ChatterBot Kilo round 6
ChatterBot Romeo round 6
ChatterBot Delta round 6
ChatterBot Quebec round 6
ChatterBot Whiskey round 6
ChatterBot Zulu round 6
ChatterBot Juliett round 6
ChatterBot Alpha round 6
2024-10-15 04:52:18.574205 Alpha: We should add Zulu
2024-10-15 04:52:18.584192 Charlie: No
2024-10-15 04:52:18.584402 Quebec: No
2024-10-15 04:52:18.584548 Romeo: No
2024-10-15 04:52:18.584692 Juliett: No
ChatterBot Alpha reevaluating
ChatterBot Alpha reevaluating
ChatterBot Alpha reevaluating
2024-10-15 04:52:18.631666 Charlie: Romeo, sending you 5
2024-10-15 04:52:18.632307 Hotel: Kilo, Whiskey and Zulu, sending you 4
2024-10-15 04:52:18.633219 Kilo: Hotel, Whiskey and Zulu, sending you 5
2024-10-15 04:52:18.634686 Charlie: Quebec and Juliett, sending you 4
2024-10-15 04:52:18.636712 Hotel: Delta, sending you 5
2024-10-15 04:52:18.637241 Kilo: Delta, sending you 3
2024-10-15 04:52:18.638674 Charlie: Alpha, sending you 3
2024-10-15 04:52:18.640656 Romeo: Charlie and Alpha, sending you 5
2024-10-15 04:52:18.645686 Whiskey: Hotel, Delta and Zulu, sending you 4
2024-10-15 04:52:18.646659 Romeo: Quebec and Juliett, sending you 4
2024-10-15 04:52:18.647703 Alpha: Charlie, sending you 3
2024-10-15 04:52:18.648333 Zulu: Hotel, Kilo and Whiskey, sending you 4
2024-10-15 04:52:18.648749 Juliett: Charlie, Romeo and Alpha, sending you 4
2024-10-15 04:52:18.649167 Whiskey: Kilo, sending you 6
2024-10-15 04:52:18.651673 Zulu: Delta, sending you 3
2024-10-15 04:52:18.652179 Delta: Hotel, sending you 6
2024-10-15 04:52:18.653074 Alpha: Romeo, Quebec and Juliett, sending you 4
2024-10-15 04:52:18.653532 Juliett: Quebec, sending you 5
2024-10-15 04:52:18.654037 Quebec: Charlie, Romeo and Alpha, sending you 4
2024-10-15 04:52:18.655698 Delta: Kilo, sending you 3
2024-10-15 04:52:18.658691 Delta: Whiskey, sending you 5
2024-10-15 04:52:18.659679 Quebec: Juliett, sending you 6
2024-10-15 04:52:18.661661 Delta: Zulu, sending you 4
chatterbot Alpha submitting transactions
chatterbot Kilo submitting transactions
chatterbot Hotel submitting transactions
chatterbot Delta submitting transactions
chatterbot Juliett submitting transactions
chatterbot Quebec submitting transactions
chatterbot Romeo submitting transactions
chatterbot Charlie submitting transactions
chatterbot Zulu submitting transactions
chatterbot Whiskey submitting transactions
ChatterBot Hotel round 7
ChatterBot Charlie round 7
ChatterBot Kilo round 7
ChatterBot Romeo round 7
ChatterBot Delta round 7
ChatterBot Quebec round 7
ChatterBot Whiskey round 7
ChatterBot Zulu round 7
ChatterBot Juliett round 7
ChatterBot Alpha round 7
2024-10-15 04:52:19.492975 Delta: Hotel, sending you 6
2024-10-15 04:52:19.493430 Hotel: Kilo, Whiskey and Zulu, sending you 4
2024-10-15 04:52:19.493847 Charlie: Romeo, sending you 5
2024-10-15 04:52:19.494655 Whiskey: Hotel, Delta and Zulu, sending you 4
2024-10-15 04:52:19.495708 Quebec: Charlie, Romeo and Alpha, sending you 4
2024-10-15 04:52:19.496316 Delta: Kilo, sending you 3
2024-10-15 04:52:19.496831 Hotel: Delta, sending you 5
2024-10-15 04:52:19.497881 Kilo: Hotel and Zulu, sending you 5
2024-10-15 04:52:19.498651 Charlie: Quebec and Juliett, sending you 4
2024-10-15 04:52:19.499133 Whiskey: Kilo, sending you 6
2024-10-15 04:52:19.499535 Alpha: Charlie, sending you 3
2024-10-15 04:52:19.500153 Romeo: Charlie and Alpha, sending you 5
2024-10-15 04:52:19.501432 Quebec: Juliett, sending you 6
2024-10-15 04:52:19.502010 Delta: Whiskey, sending you 5
2024-10-15 04:52:19.502654 Kilo: Delta, sending you 2
2024-10-15 04:52:19.503069 Charlie: Alpha, sending you 3
2024-10-15 04:52:19.504742 Alpha: Romeo, Quebec and Juliett, sending you 4
2024-10-15 04:52:19.505428 Zulu: Hotel, Kilo and Whiskey, sending you 4
2024-10-15 04:52:19.505930 Juliett: Charlie, Romeo and Alpha, sending you 4
2024-10-15 04:52:19.506405 Romeo: Quebec and Juliett, sending you 4
2024-10-15 04:52:19.506886 Delta: Zulu, sending you 4
2024-10-15 04:52:19.507349 Kilo: Whiskey, sending you 6
2024-10-15 04:52:19.510671 Zulu: Delta, sending you 3
2024-10-15 04:52:19.511073 Juliett: Quebec, sending you 5
chatterbot Romeo submitting transactions
chatterbot Juliett submitting transactions
chatterbot Quebec submitting transactions
chatterbot Whiskey submitting transactions
chatterbot Delta submitting transactions
chatterbot Hotel submitting transactions
chatterbot Zulu submitting transactions
chatterbot Charlie submitting transactions
chatterbot Kilo submitting transactions
chatterbot Alpha submitting transactions
ChatterBot Hotel round 8
ChatterBot Charlie round 8
ChatterBot Kilo round 8
ChatterBot Romeo round 8
ChatterBot Delta round 8
ChatterBot Quebec round 8
ChatterBot Whiskey round 8
ChatterBot Zulu round 8
ChatterBot Juliett round 8
ChatterBot Alpha round 8
2024-10-15 04:52:20.775684 Hotel: Kilo, Whiskey and Zulu, sending you 4
2024-10-15 04:52:20.776671 Alpha: Charlie, sending you 3
2024-10-15 04:52:20.779719 Kilo: Hotel, sending you 4
2024-10-15 04:52:20.780671 Hotel: Delta, sending you 5
2024-10-15 04:52:20.781156 Zulu: Hotel, Kilo and Whiskey, sending you 4
2024-10-15 04:52:20.782013 Alpha: Romeo, Quebec and Juliett, sending you 4
2024-10-15 04:52:20.782460 Delta: Hotel, sending you 6
2024-10-15 04:52:20.784765 Kilo: Delta, sending you 3
2024-10-15 04:52:20.785238 Charlie: Romeo, sending you 5
2024-10-15 04:52:20.785753 Zulu: Delta, sending you 3
2024-10-15 04:52:20.786196 Romeo: Charlie and Alpha, sending you 5
2024-10-15 04:52:20.786660 Whiskey: Hotel, Delta and Zulu, sending you 4
2024-10-15 04:52:20.787052 Quebec: Charlie, Romeo and Alpha, sending you 4
2024-10-15 04:52:20.787898 Delta: Kilo, sending you 3
2024-10-15 04:52:20.788305 Kilo: Whiskey, sending you 6
2024-10-15 04:52:20.789679 Charlie: Quebec and Juliett, sending you 4
2024-10-15 04:52:20.791034 Romeo: Quebec and Juliett, sending you 4
2024-10-15 04:52:20.791927 Quebec: Juliett, sending you 6
2024-10-15 04:52:20.792589 Delta: Whiskey, sending you 5
2024-10-15 04:52:20.793643 Whiskey: Kilo, sending you 6
2024-10-15 04:52:20.794251 Juliett: Charlie, Romeo and Alpha, sending you 4
2024-10-15 04:52:20.794945 Kilo: Zulu, sending you 5
2024-10-15 04:52:20.795734 Charlie: Alpha, sending you 3
2024-10-15 04:52:20.796868 Delta: Zulu, sending you 4
2024-10-15 04:52:20.798689 Juliett: Quebec, sending you 5
chatterbot Quebec submitting transactions
chatterbot Kilo submitting transactions
chatterbot Romeo submitting transactions
chatterbot Alpha submitting transactions
chatterbot Hotel submitting transactions
chatterbot Delta submitting transactions
chatterbot Juliett submitting transactions
chatterbot Zulu submitting transactions
chatterbot Charlie submitting transactions
chatterbot Whiskey submitting transactions
ChatterBot Hotel round 9
ChatterBot Charlie round 9
ChatterBot Kilo round 9
ChatterBot Romeo round 9
ChatterBot Delta round 9
ChatterBot Quebec round 9
ChatterBot Whiskey round 9
ChatterBot Zulu round 9
ChatterBot Juliett round 9
ChatterBot Alpha round 9
2024-10-15 04:52:22.062639 Alpha: We should add Whiskey
2024-10-15 04:52:22.072348 Charlie: No
2024-10-15 04:52:22.072535 Quebec: No
2024-10-15 04:52:22.072722 Romeo: No
2024-10-15 04:52:22.072905 Juliett: No
ChatterBot Alpha reevaluating
ChatterBot Alpha reevaluating
ChatterBot Alpha reevaluating
ChatterBot Alpha reevaluating
2024-10-15 04:52:22.114663 Hotel: Kilo, Whiskey and Zulu, sending you 4
2024-10-15 04:52:22.115508 Charlie: Romeo, sending you 5
2024-10-15 04:52:22.119683 Hotel: Delta, sending you 5
2024-10-15 04:52:22.120413 Charlie: Quebec and Juliett, sending you 4
2024-10-15 04:52:22.124681 Quebec: Charlie, Romeo and Alpha, sending you 4
2024-10-15 04:52:22.126275 Charlie: Alpha, sending you 3
2024-10-15 04:52:22.126957 Whiskey: Hotel, Delta and Zulu, sending you 4
2024-10-15 04:52:22.127431 Zulu: Hotel, Kilo and Whiskey, sending you 4
2024-10-15 04:52:22.127951 Quebec: Juliett, sending you 6
2024-10-15 04:52:22.129701 Juliett: Charlie, Romeo and Alpha, sending you 4
2024-10-15 04:52:22.131178 Whiskey: Kilo, sending you 6
2024-10-15 04:52:22.131978 Delta: Hotel, sending you 6
2024-10-15 04:52:22.132979 Zulu: Delta, sending you 3
2024-10-15 04:52:22.133662 Romeo: Charlie, sending you 6
2024-10-15 04:52:22.134690 Kilo: Hotel, sending you 4
2024-10-15 04:52:22.136017 Juliett: Quebec, sending you 5
2024-10-15 04:52:22.136847 Alpha: Charlie, sending you 3
2024-10-15 04:52:22.138179 Delta: Kilo, sending you 3
2024-10-15 04:52:22.138879 Romeo: Quebec, Juliett and Alpha, sending you 4
2024-10-15 04:52:22.140281 Kilo: Delta, sending you 3
2024-10-15 04:52:22.141006 Alpha: Romeo, Quebec and Juliett, sending you 4
2024-10-15 04:52:22.141856 Delta: Whiskey, sending you 5
2024-10-15 04:52:22.145706 Kilo: Whiskey, sending you 6
2024-10-15 04:52:22.148168 Delta: Zulu, sending you 4
2024-10-15 04:52:22.150737 Kilo: Zulu, sending you 5
chatterbot Whiskey submitting transactions
chatterbot Alpha submitting transactions
chatterbot Kilo submitting transactions
chatterbot Delta submitting transactions
chatterbot Zulu submitting transactions
chatterbot Juliett submitting transactions
chatterbot Hotel submitting transactions
chatterbot Romeo submitting transactions
chatterbot Charlie submitting transactions
chatterbot Quebec submitting transactions
ChatterBot Hotel round 10
ChatterBot Charlie round 10
ChatterBot Kilo round 10
ChatterBot Romeo round 10
ChatterBot Delta round 10
ChatterBot Quebec round 10
ChatterBot Whiskey round 10
ChatterBot Zulu round 10
ChatterBot Juliett round 10
ChatterBot Alpha round 10
2024-10-15 04:52:23.332415 Zulu: Hotel, Kilo and Whiskey, sending you 4
2024-10-15 04:52:23.350280 Quebec: Charlie, Romeo and Alpha, sending you 4
2024-10-15 04:52:23.351570 Whiskey: Hotel, Delta and Zulu, sending you 4
2024-10-15 04:52:23.352277 Charlie: Romeo, sending you 5
2024-10-15 04:52:23.353354 Alpha: Charlie, sending you 3
2024-10-15 04:52:23.354089 Romeo: Charlie, sending you 6
2024-10-15 04:52:23.355334 Hotel: Kilo, Whiskey and Zulu, sending you 4
2024-10-15 04:52:23.355953 Zulu: Delta, sending you 3
2024-10-15 04:52:23.357135 Kilo: Hotel, sending you 4
2024-10-15 04:52:23.357680 Juliett: Charlie, Romeo and Alpha, sending you 4
2024-10-15 04:52:23.358943 Delta: Hotel, sending you 6
2024-10-15 04:52:23.359878 Quebec: Juliett, sending you 6
2024-10-15 04:52:23.361522 Whiskey: Kilo, sending you 6
2024-10-15 04:52:23.362283 Charlie: Quebec and Juliett, sending you 4
2024-10-15 04:52:23.363598 Romeo: Quebec, Juliett and Alpha, sending you 4
2024-10-15 04:52:23.365284 Alpha: Romeo, Quebec and Juliett, sending you 4
2024-10-15 04:52:23.366080 Hotel: Delta, sending you 5
2024-10-15 04:52:23.367363 Kilo: Delta, sending you 3
2024-10-15 04:52:23.368182 Juliett: Quebec, sending you 5
2024-10-15 04:52:23.369388 Delta: Kilo, sending you 3
2024-10-15 04:52:23.369998 Charlie: Alpha, sending you 3
2024-10-15 04:52:23.385055 Kilo: Whiskey, sending you 6
2024-10-15 04:52:23.386825 Delta: Whiskey, sending you 5
2024-10-15 04:52:23.410137 Kilo: Zulu, sending you 5
2024-10-15 04:52:23.411954 Delta: Zulu, sending you 4
chatterbot Delta submitting transactions
chatterbot Zulu submitting transactions
chatterbot Quebec submitting transactions
chatterbot Hotel submitting transactions
chatterbot Romeo submitting transactions
chatterbot Charlie submitting transactions
chatterbot Whiskey submitting transactions
chatterbot Alpha submitting transactions
chatterbot Kilo submitting transactions
chatterbot Juliett submitting transactions
ChatterBot Hotel round 11
ChatterBot Charlie round 11
ChatterBot Kilo round 11
ChatterBot Romeo round 11
ChatterBot Delta round 11
ChatterBot Quebec round 11
ChatterBot Whiskey round 11
ChatterBot Zulu round 11
ChatterBot Juliett round 11
ChatterBot Alpha round 11
2024-10-15 04:52:24.464687 Hotel: Kilo, Whiskey and Zulu, sending you 4
2024-10-15 04:52:24.469663 Hotel: Delta, sending you 5
2024-10-15 04:52:24.470916 Kilo: Hotel, sending you 4
2024-10-15 04:52:24.473894 Juliett: Charlie, Romeo and Alpha, sending you 4
2024-10-15 04:52:24.474659 Kilo: Delta, sending you 3
2024-10-15 04:52:24.475242 Charlie: Romeo, sending you 5
2024-10-15 04:52:24.475876 Whiskey: Hotel, Delta and Zulu, sending you 4
2024-10-15 04:52:24.478675 Romeo: Charlie, sending you 6
2024-10-15 04:52:24.479295 Whiskey: Kilo, sending you 6
2024-10-15 04:52:24.479871 Juliett: Quebec, sending you 5
2024-10-15 04:52:24.480345 Kilo: Whiskey, sending you 6
2024-10-15 04:52:24.481667 Charlie: Quebec and Juliett, sending you 4
2024-10-15 04:52:24.482674 Romeo: Quebec, Juliett and Alpha, sending you 4
2024-10-15 04:52:24.483696 Delta: Hotel, sending you 6
2024-10-15 04:52:24.485041 Kilo: Zulu, sending you 5
2024-10-15 04:52:24.485661 Quebec: Charlie, Romeo and Alpha, sending you 4
2024-10-15 04:52:24.486313 Zulu: Hotel, Kilo and Whiskey, sending you 4
2024-10-15 04:52:24.487652 Charlie: Alpha, sending you 3
2024-10-15 04:52:24.488276 Alpha: Charlie, sending you 3
2024-10-15 04:52:24.489033 Delta: Kilo, sending you 3
2024-10-15 04:52:24.490680 Quebec: Juliett, sending you 6
2024-10-15 04:52:24.492672 Zulu: Delta, sending you 3
2024-10-15 04:52:24.494049 Alpha: Romeo, Quebec and Juliett, sending you 4
2024-10-15 04:52:24.495249 Delta: Whiskey, sending you 5
2024-10-15 04:52:24.500660 Delta: Zulu, sending you 4
chatterbot Kilo submitting transactions
chatterbot Romeo submitting transactions
chatterbot Zulu submitting transactions
chatterbot Hotel submitting transactions
chatterbot Delta submitting transactions
chatterbot Charlie submitting transactions
chatterbot Whiskey submitting transactions
chatterbot Juliett submitting transactions
chatterbot Alpha submitting transactions
chatterbot Quebec submitting transactions
ChatterBot Hotel round 12
ChatterBot Charlie round 12
ChatterBot Kilo round 12
ChatterBot Romeo round 12
ChatterBot Delta round 12
ChatterBot Quebec round 12
ChatterBot Whiskey round 12
ChatterBot Zulu round 12
ChatterBot Juliett round 12
ChatterBot Alpha round 12
2024-10-15 04:52:25.465007 Charlie: Romeo, sending you 5
2024-10-15 04:52:25.468865 Kilo: Hotel, sending you 4
2024-10-15 04:52:25.472094 Charlie: Quebec and Juliett, sending you 4
2024-10-15 04:52:25.475420 Hotel: Kilo, Whiskey and Zulu, sending you 4
2024-10-15 04:52:25.477828 Kilo: Delta, sending you 3
2024-10-15 04:52:25.480802 Quebec: Charlie, Romeo and Alpha, sending you 4
2024-10-15 04:52:25.483794 Delta: Hotel, sending you 6
2024-10-15 04:52:25.486155 Charlie: Alpha, sending you 3
2024-10-15 04:52:25.488594 Juliett: Charlie, Romeo and Alpha, sending you 4
2024-10-15 04:52:25.491059 Hotel: Delta, sending you 5
2024-10-15 04:52:25.493057 Kilo: Whiskey, sending you 6
2024-10-15 04:52:25.495210 Quebec: Juliett, sending you 6
2024-10-15 04:52:25.497250 Whiskey: Hotel, Delta and Zulu, sending you 4
2024-10-15 04:52:25.498780 Delta: Kilo, sending you 3
2024-10-15 04:52:25.499951 Romeo: Charlie, sending you 6
2024-10-15 04:52:25.502538 Zulu: Hotel, Kilo and Whiskey, sending you 4
2024-10-15 04:52:25.503944 Juliett: Quebec, sending you 5
2024-10-15 04:52:25.506319 Alpha: Charlie, sending you 3
2024-10-15 04:52:25.508862 Kilo: Zulu, sending you 5
2024-10-15 04:52:25.510179 Delta: Whiskey, sending you 5
2024-10-15 04:52:25.512693 Whiskey: Kilo, sending you 6
2024-10-15 04:52:25.513878 Romeo: Quebec, Juliett and Alpha, sending you 4
2024-10-15 04:52:25.515935 Zulu: Delta, sending you 3
2024-10-15 04:52:25.517586 Alpha: Romeo, Quebec and Juliett, sending you 4
2024-10-15 04:52:25.519790 Delta: Zulu, sending you 4
chatterbot Zulu submitting transactions
chatterbot Whiskey submitting transactions
chatterbot Kilo submitting transactions
chatterbot Hotel submitting transactions
chatterbot Juliett submitting transactions
chatterbot Quebec submitting transactions
chatterbot Romeo submitting transactions
chatterbot Delta submitting transactions
chatterbot Charlie submitting transactions
chatterbot Alpha submitting transactions
ChatterBot Hotel round 13
ChatterBot Charlie round 13
ChatterBot Kilo round 13
ChatterBot Romeo round 13
ChatterBot Delta round 13
ChatterBot Quebec round 13
ChatterBot Whiskey round 13
ChatterBot Zulu round 13
ChatterBot Juliett round 13
ChatterBot Alpha round 13
2024-10-15 04:52:26.616694 Alpha: We should add Hotel
2024-10-15 04:52:26.627896 Charlie: No
2024-10-15 04:52:26.628131 Quebec: No
2024-10-15 04:52:26.628273 Romeo: No
2024-10-15 04:52:26.628413 Juliett: No
ChatterBot Alpha reevaluating
ChatterBot Alpha reevaluating
ChatterBot Alpha reevaluating
ChatterBot Alpha reevaluating
2024-10-15 04:52:26.674825 Alpha: We should add Delta
2024-10-15 04:52:26.686566 Charlie: No
2024-10-15 04:52:26.686764 Quebec: No
2024-10-15 04:52:26.686930 Romeo: No
2024-10-15 04:52:26.687101 Juliett: No
ChatterBot Alpha reevaluating
ChatterBot Alpha reevaluating
ChatterBot Alpha reevaluating
ChatterBot Alpha reevaluating
2024-10-15 04:52:26.730696 Romeo: Charlie, sending you 6
2024-10-15 04:52:26.731853 Delta: Hotel, sending you 6
2024-10-15 04:52:26.732605 Whiskey: Hotel, Delta and Zulu, sending you 4
2024-10-15 04:52:26.733967 Kilo: Hotel, sending you 4
2024-10-15 04:52:26.734530 Charlie: Romeo, sending you 5
2024-10-15 04:52:26.735270 Hotel: Kilo, Whiskey and Zulu, sending you 4
2024-10-15 04:52:26.736686 Romeo: Quebec, Juliett and Alpha, sending you 4
2024-10-15 04:52:26.737383 Delta: Kilo, sending you 3
2024-10-15 04:52:26.737949 Whiskey: Kilo, sending you 6
2024-10-15 04:52:26.739426 Kilo: Delta, sending you 3
2024-10-15 04:52:26.740891 Charlie: Quebec and Juliett, sending you 4
2024-10-15 04:52:26.742564 Hotel: Delta, sending you 5
2024-10-15 04:52:26.743477 Juliett: Charlie, Romeo and Alpha, sending you 4
2024-10-15 04:52:26.744829 Delta: Whiskey, sending you 5
2024-10-15 04:52:26.745724 Kilo: Whiskey, sending you 6
2024-10-15 04:52:26.747222 Zulu: Hotel, Kilo and Whiskey, sending you 4
2024-10-15 04:52:26.748118 Charlie: Alpha, sending you 3
2024-10-15 04:52:26.749607 Juliett: Quebec, sending you 5
2024-10-15 04:52:26.750295 Kilo: Zulu, sending you 5
2024-10-15 04:52:26.751434 Delta: Zulu, sending you 4
2024-10-15 04:52:26.752187 Zulu: Delta, sending you 3
2024-10-15 04:52:26.753662 Quebec: Charlie, Romeo and Alpha, sending you 4
2024-10-15 04:52:26.758662 Quebec: Juliett, sending you 6
2024-10-15 04:52:26.759535 Alpha: Charlie, Quebec and Juliett, sending you 1
2024-10-15 04:52:26.765112 Alpha: Romeo, sending you 2
chatterbot Kilo submitting transactions
chatterbot Quebec submitting transactions
chatterbot Hotel submitting transactions
chatterbot Whiskey submitting transactions
chatterbot Romeo submitting transactions
chatterbot Juliett submitting transactions
chatterbot Charlie submitting transactions
chatterbot Zulu submitting transactions
chatterbot Alpha submitting transactions
chatterbot Delta submitting transactions
ChatterBot Hotel round 14
ChatterBot Charlie round 14
ChatterBot Kilo round 14
ChatterBot Romeo round 14
ChatterBot Delta round 14
ChatterBot Quebec round 14
ChatterBot Whiskey round 14
ChatterBot Zulu round 14
ChatterBot Juliett round 14
ChatterBot Alpha round 14
2024-10-15 04:52:27.956394 Whiskey: We should add Romeo
2024-10-15 04:52:27.971986 Hotel: No
2024-10-15 04:52:27.972395 Kilo: No
2024-10-15 04:52:27.972741 Delta: No
2024-10-15 04:52:27.973560 Zulu: No
ChatterBot Whiskey reevaluating
ChatterBot Hotel reevaluating
ChatterBot Whiskey reevaluating
ChatterBot Hotel reevaluating
ChatterBot Whiskey reevaluating
ChatterBot Hotel reevaluating
ChatterBot Whiskey reevaluating
2024-10-15 04:52:28.054386 Hotel: We should add Juliett
ChatterBot Whiskey reevaluating
2024-10-15 04:52:28.069848 Kilo: No
2024-10-15 04:52:28.070070 Delta: No
2024-10-15 04:52:28.070399 Whiskey: No
2024-10-15 04:52:28.070529 Zulu: No
ChatterBot Hotel reevaluating
ChatterBot Whiskey reevaluating
ChatterBot Hotel reevaluating
ChatterBot Whiskey reevaluating
ChatterBot Hotel reevaluating
ChatterBot Hotel reevaluating
ChatterBot Whiskey reevaluating
2024-10-15 04:52:28.137965 Alpha: We should add Zulu
2024-10-15 04:52:28.151977 Charlie: No
2024-10-15 04:52:28.152254 Quebec: No
2024-10-15 04:52:28.152395 Romeo: No
2024-10-15 04:52:28.152518 Juliett: No
ChatterBot Alpha reevaluating
ChatterBot Alpha reevaluating
2024-10-15 04:52:28.206311 Whiskey: We should add Quebec
ChatterBot Hotel reevaluating
2024-10-15 04:52:28.218196 Hotel: No
2024-10-15 04:52:28.218359 Kilo: No
2024-10-15 04:52:28.218506 Delta: No
2024-10-15 04:52:28.218646 Zulu: No
ChatterBot Whiskey reevaluating
ChatterBot Hotel reevaluating
ChatterBot Whiskey reevaluating
ChatterBot Hotel reevaluating
ChatterBot Whiskey reevaluating
ChatterBot Hotel reevaluating
ChatterBot Whiskey reevaluating
2024-10-15 04:52:28.266327 Whiskey: We should add Charlie
ChatterBot Hotel reevaluating
2024-10-15 04:52:28.277822 Hotel: No
2024-10-15 04:52:28.277992 Kilo: No
2024-10-15 04:52:28.278121 Delta: No
2024-10-15 04:52:28.278298 Zulu: No
ChatterBot Whiskey reevaluating
ChatterBot Hotel reevaluating
ChatterBot Whiskey reevaluating
ChatterBot Hotel reevaluating
ChatterBot Whiskey reevaluating
ChatterBot Hotel reevaluating
ChatterBot Whiskey reevaluating
2024-10-15 04:52:28.331171 Alpha: We should add Whiskey
2024-10-15 04:52:28.343053 Charlie: No
2024-10-15 04:52:28.343212 Quebec: No
2024-10-15 04:52:28.343350 Romeo: No
2024-10-15 04:52:28.343471 Juliett: No
ChatterBot Alpha reevaluating
ChatterBot Alpha reevaluating
ChatterBot Alpha reevaluating
ChatterBot Alpha reevaluating
2024-10-15 04:52:28.392905 Alpha: We should add Kilo
2024-10-15 04:52:28.403487 Charlie: No
2024-10-15 04:52:28.403645 Quebec: No
2024-10-15 04:52:28.403762 Romeo: No
2024-10-15 04:52:28.403863 Juliett: No
ChatterBot Alpha reevaluating
ChatterBot Alpha reevaluating
ChatterBot Alpha reevaluating
ChatterBot Alpha reevaluating
2024-10-15 04:52:28.464070 Delta: I was attacked by Alpha
ChatterBot Hotel reevaluating
ChatterBot Kilo reevaluating
ChatterBot Whiskey reevaluating
ChatterBot Zulu reevaluating
2024-10-15 04:52:28.484380 Delta: I'm keeping this round to protect myself
2024-10-15 04:52:28.486952 Delta: Ow
2024-10-15 04:52:28.488220 Romeo: Charlie, sending you 6
2024-10-15 04:52:28.491807 Quebec: Charlie, Romeo and Alpha, sending you 4
2024-10-15 04:52:28.493039 Juliett: Charlie, Romeo and Alpha, sending you 4
2024-10-15 04:52:28.494900 Alpha: Kilo we want you to join our group
ChatterBot Kilo reevaluating
2024-10-15 04:52:28.500609 Kilo: No
ChatterBot Alpha reevaluating
2024-10-15 04:52:28.518570 Romeo: Quebec, Juliett and Alpha, sending you 4
2024-10-15 04:52:28.520042 Charlie: Romeo, sending you 5
2024-10-15 04:52:28.521061 Quebec: Juliett, sending you 6
2024-10-15 04:52:28.522604 Juliett: Quebec, sending you 5
chatterbot Quebec submitting transactions
2024-10-15 04:52:28.523933 Alpha: Zulu we want you to join our group
ChatterBot Zulu reevaluating
2024-10-15 04:52:28.530320 Zulu: No
ChatterBot Alpha reevaluating
2024-10-15 04:52:28.550941 Charlie: Quebec and Juliett, sending you 4
2024-10-15 04:52:28.552040 Hotel: Kilo, Whiskey and Zulu, sending you 4
2024-10-15 04:52:28.556700 Charlie: Alpha, sending you 3
2024-10-15 04:52:28.558033 Hotel: Delta, sending you 5
2024-10-15 04:52:28.559913 Whiskey: Hotel, Delta and Zulu, sending you 4
2024-10-15 04:52:28.563692 Kilo: Hotel, sending you 4
2024-10-15 04:52:28.564929 Whiskey: Kilo, sending you 5
2024-10-15 04:52:28.569652 Kilo: Delta, sending you 3
