ChatterBot Sierra round 1
ChatterBot Charlie round 1
ChatterBot Uniform round 1
ChatterBot Oscar round 1
ChatterBot Mike round 1
ChatterBot Yankee round 1
ChatterBot Bravo round 1
ChatterBot Hotel round 1
ChatterBot November round 1
ChatterBot Zulu round 1
randomSelections Uniform: {Uniform, Yankee, Mike, Oscar, Sierra} 
2024-10-14 17:36:16.487059 Uniform: Can we be friends?
ChatterBot Yankee reevaluating
ChatterBot Mike reevaluating
ChatterBot Oscar reevaluating
ChatterBot Sierra reevaluating
2024-10-14 17:36:16.500413 Yankee: Yes
2024-10-14 17:36:16.500609 Mike: Yes
2024-10-14 17:36:16.500795 Oscar: Yes
2024-10-14 17:36:16.501131 Sierra: Yes
ChatterBot Mike reevaluating
ChatterBot Oscar reevaluating
ChatterBot Sierra reevaluating
ChatterBot Yankee reevaluating
ChatterBot Oscar reevaluating
ChatterBot Sierra reevaluating
ChatterBot Yankee reevaluating
ChatterBot Mike reevaluating
ChatterBot Sierra reevaluating
ChatterBot Yankee reevaluating
ChatterBot Mike reevaluating
ChatterBot Oscar reevaluating
randomSelections Charlie: {Charlie} 
randomSelections November: {November, Charlie, Hotel, Mike} 
2024-10-14 17:36:16.549793 November: Let's form a team
ChatterBot Hotel reevaluating
ChatterBot Mike reevaluating
2024-10-14 17:36:16.556663 Charlie: No
2024-10-14 17:36:16.557382 Hotel: Yes
2024-10-14 17:36:16.557654 Mike: No
ChatterBot Hotel reevaluating
ChatterBot Mike reevaluating
ChatterBot Mike reevaluating
ChatterBot Hotel reevaluating
randomSelections Bravo: {Bravo, Mike, Hotel, Charlie, November, Uniform, Zulu} 
2024-10-14 17:36:16.581970 Bravo: We would work well together
ChatterBot Mike reevaluating
ChatterBot Hotel reevaluating
ChatterBot Zulu reevaluating
2024-10-14 17:36:16.591045 Mike: No
2024-10-14 17:36:16.592386 Hotel: No
2024-10-14 17:36:16.592671 Charlie: No
2024-10-14 17:36:16.592904 November: No
2024-10-14 17:36:16.593224 Uniform: No
2024-10-14 17:36:16.593923 Zulu: Yes
ChatterBot Hotel reevaluating
ChatterBot Zulu reevaluating
ChatterBot Mike reevaluating
ChatterBot Zulu reevaluating
ChatterBot Mike reevaluating
ChatterBot Hotel reevaluating
ChatterBot Zulu reevaluating
ChatterBot Mike reevaluating
ChatterBot Hotel reevaluating
ChatterBot Zulu reevaluating
ChatterBot Mike reevaluating
ChatterBot Hotel reevaluating
ChatterBot Zulu reevaluating
ChatterBot Mike reevaluating
ChatterBot Hotel reevaluating
2024-10-14 17:36:16.663676 Sierra: Uniform, sending you 7
2024-10-14 17:36:16.663940 Bravo: Uniform, sending you 4
2024-10-14 17:36:16.664693 November: Charlie, sending you 4
2024-10-14 17:36:16.666674 Sierra: Oscar, sending you 3
2024-10-14 17:36:16.667678 November: Mike, sending you 5
2024-10-14 17:36:16.669686 Bravo: Mike, sending you 7
2024-10-14 17:36:16.670678 Yankee: Sierra, sending you 3
2024-10-14 17:36:16.670946 Sierra: Mike, sending you 1
2024-10-14 17:36:16.671710 Mike: Sierra and Yankee, sending you 2
2024-10-14 17:36:16.672678 November: Hotel, sending you 8
2024-10-14 17:36:16.672971 Zulu: Charlie and Bravo, sending you 2
2024-10-14 17:36:16.673315 Bravo: Hotel, November and Zulu, sending you 1
2024-10-14 17:36:16.675683 Yankee: Uniform, sending you 2
2024-10-14 17:36:16.676420 Sierra: Yankee, sending you 4
2024-10-14 17:36:16.676761 Hotel: Charlie, Mike and November, sending you 4
2024-10-14 17:36:16.677044 Mike: Uniform, sending you 7
2024-10-14 17:36:16.677288 Oscar: Sierra and Yankee, sending you 4
2024-10-14 17:36:16.677673 Zulu: Uniform, sending you 4
2024-10-14 17:36:16.679657 Yankee: Mike, sending you 6
2024-10-14 17:36:16.681664 Mike: Oscar, sending you 3
2024-10-14 17:36:16.681906 Oscar: Uniform and Mike, sending you 1
2024-10-14 17:36:16.682919 Zulu: Mike, Hotel and November, sending you 3
chatterbot Uniform submitting transactions
chatterbot Bravo submitting transactions
chatterbot Zulu submitting transactions
chatterbot November submitting transactions
chatterbot Yankee submitting transactions
chatterbot Oscar submitting transactions
chatterbot Mike submitting transactions
chatterbot Sierra submitting transactions
chatterbot Charlie submitting transactions
chatterbot Hotel submitting transactions
ChatterBot Sierra round 2
ChatterBot Charlie round 2
ChatterBot Uniform round 2
ChatterBot Oscar round 2
ChatterBot Mike round 2
ChatterBot Yankee round 2
ChatterBot Bravo round 2
ChatterBot Hotel round 2
ChatterBot November round 2
ChatterBot Zulu round 2
2024-10-14 17:36:17.961098 Uniform: We should add Bravo and Zulu
ChatterBot Yankee reevaluating
ChatterBot Mike reevaluating
ChatterBot Oscar reevaluating
ChatterBot Sierra reevaluating
2024-10-14 17:36:17.978228 Yankee: No
2024-10-14 17:36:17.978793 Mike: No
2024-10-14 17:36:17.978939 Oscar: No
2024-10-14 17:36:17.979047 Sierra: No
ChatterBot Mike reevaluating
ChatterBot Oscar reevaluating
ChatterBot Sierra reevaluating
ChatterBot Yankee reevaluating
ChatterBot Oscar reevaluating
ChatterBot Sierra reevaluating
ChatterBot Uniform reevaluating
ChatterBot Yankee reevaluating
ChatterBot Mike reevaluating
ChatterBot Sierra reevaluating
ChatterBot Uniform reevaluating
ChatterBot Yankee reevaluating
ChatterBot Mike reevaluating
ChatterBot Oscar reevaluating
2024-10-14 17:36:18.061116 Charlie: Group up?
ChatterBot Hotel reevaluating
ChatterBot November reevaluating
ChatterBot Zulu reevaluating
2024-10-14 17:36:18.073342 Hotel: Yes
2024-10-14 17:36:18.073962 November: Yes
2024-10-14 17:36:18.074136 Zulu: No
ChatterBot November reevaluating
ChatterBot Zulu reevaluating
ChatterBot Hotel reevaluating
ChatterBot Zulu reevaluating
ChatterBot Hotel reevaluating
ChatterBot November reevaluating
2024-10-14 17:36:18.125985 Bravo: Let's form a team
ChatterBot Zulu reevaluating
2024-10-14 17:36:18.130549 Zulu: Yes
ChatterBot Bravo reevaluating
2024-10-14 17:36:18.145220 Sierra: We should drop Uniform
ChatterBot Oscar reevaluating
ChatterBot Yankee reevaluating
2024-10-14 17:36:18.156440 Oscar: Yes
2024-10-14 17:36:18.156569 Mike: No
2024-10-14 17:36:18.156689 Yankee: Yes
ChatterBot Sierra reevaluating
ChatterBot Mike reevaluating
ChatterBot Yankee reevaluating
ChatterBot Sierra reevaluating
ChatterBot Oscar reevaluating
ChatterBot Yankee reevaluating
ChatterBot Sierra reevaluating
ChatterBot Oscar reevaluating
ChatterBot Mike reevaluating
2024-10-14 17:36:18.196870 Zulu: We should drop Mike
ChatterBot Uniform reevaluating
ChatterBot Bravo reevaluating
2024-10-14 17:36:18.216486 Uniform: No
2024-10-14 17:36:18.216733 Bravo: Yes
2024-10-14 17:36:18.216905 Charlie: Yes
2024-10-14 17:36:18.217655 Hotel: Yes
2024-10-14 17:36:18.217788 November: Yes
ChatterBot Zulu reevaluating
ChatterBot Bravo reevaluating
ChatterBot Zulu reevaluating
ChatterBot Uniform reevaluating
ChatterBot Zulu reevaluating
ChatterBot Uniform reevaluating
ChatterBot Bravo reevaluating
ChatterBot Zulu reevaluating
ChatterBot Uniform reevaluating
ChatterBot Bravo reevaluating
ChatterBot Zulu reevaluating
ChatterBot Uniform reevaluating
ChatterBot Bravo reevaluating
2024-10-14 17:36:18.345468 Charlie: Hotel and November, sending you 3
2024-10-14 17:36:18.430226 Charlie: Zulu, sending you 1
2024-10-14 17:36:18.431397 Yankee: Sierra and Oscar, sending you 4
2024-10-14 17:36:18.432505 Oscar: Sierra and Mike, sending you 4
2024-10-14 17:36:18.432936 Hotel: November, sending you 7
2024-10-14 17:36:18.433382 Mike: Sierra and Oscar, sending you 4
2024-10-14 17:36:18.434333 November: Charlie, sending you 3
2024-10-14 17:36:18.457266 Yankee: Mike, sending you 3
2024-10-14 17:36:18.458134 Mike: Yankee, sending you 9
2024-10-14 17:36:18.458882 Oscar: Yankee, sending you 2
2024-10-14 17:36:18.459933 Hotel: Zulu, sending you 4
2024-10-14 17:36:18.460361 Zulu: Charlie and Hotel, sending you 6
2024-10-14 17:36:18.460798 Uniform: Sierra, sending you 5
2024-10-14 17:36:18.462302 Bravo: Uniform, sending you 4
2024-10-14 17:36:18.463105 November: Hotel, sending you 8
2024-10-14 17:36:18.484317 Uniform: Oscar, sending you 1
2024-10-14 17:36:18.485473 Zulu: November, sending you 5
2024-10-14 17:36:18.486022 Bravo: Zulu, sending you 10
2024-10-14 17:36:18.487036 November: Zulu, sending you 6
2024-10-14 17:36:18.487645 Uniform: Mike, sending you 6
2024-10-14 17:36:18.494372 Uniform: Yankee, sending you 2
chatterbot Zulu submitting transactions
chatterbot November submitting transactions
chatterbot Oscar submitting transactions
chatterbot Bravo submitting transactions
chatterbot Charlie submitting transactions
chatterbot Sierra submitting transactions
chatterbot Mike submitting transactions
chatterbot Uniform submitting transactions
chatterbot Yankee submitting transactions
chatterbot Hotel submitting transactions
ChatterBot Sierra round 3
ChatterBot Charlie round 3
ChatterBot Uniform round 3
ChatterBot Oscar round 3
ChatterBot Mike round 3
ChatterBot Yankee round 3
ChatterBot Bravo round 3
ChatterBot Hotel round 3
ChatterBot November round 3
ChatterBot Zulu round 3
2024-10-14 17:36:19.474228 Mike: We should add Uniform
ChatterBot Sierra reevaluating
ChatterBot Oscar reevaluating
ChatterBot Yankee reevaluating
2024-10-14 17:36:19.533872 Sierra: No
2024-10-14 17:36:19.534128 Oscar: Yes
2024-10-14 17:36:19.535082 Yankee: Yes
ChatterBot Oscar reevaluating
ChatterBot Yankee reevaluating
ChatterBot Sierra reevaluating
ChatterBot Yankee reevaluating
ChatterBot Sierra reevaluating
ChatterBot Oscar reevaluating
2024-10-14 17:36:19.617339 Zulu: We should add Bravo
ChatterBot Hotel reevaluating
ChatterBot November reevaluating
2024-10-14 17:36:19.641316 Charlie: No
2024-10-14 17:36:19.641599 Hotel: Yes
2024-10-14 17:36:19.641844 November: Yes
ChatterBot Hotel reevaluating
ChatterBot November reevaluating
ChatterBot November reevaluating
ChatterBot Hotel reevaluating
2024-10-14 17:36:19.698374 Sierra: We should add Bravo
ChatterBot Yankee reevaluating
ChatterBot Oscar reevaluating
2024-10-14 17:36:19.718646 Uniform: No
2024-10-14 17:36:19.719006 Yankee: No
2024-10-14 17:36:19.719254 Mike: No
2024-10-14 17:36:19.719489 Oscar: No
ChatterBot Yankee reevaluating
ChatterBot Oscar reevaluating
ChatterBot Sierra reevaluating
ChatterBot Oscar reevaluating
ChatterBot Sierra reevaluating
ChatterBot Yankee reevaluating
ChatterBot Oscar reevaluating
ChatterBot Sierra reevaluating
ChatterBot Yankee reevaluating
ChatterBot Sierra reevaluating
2024-10-14 17:36:19.823532 Mike: Uniform we want you to join our group
2024-10-14 17:36:19.829591 Uniform: Yes
ChatterBot Yankee reevaluating
ChatterBot Oscar reevaluating
ChatterBot Sierra reevaluating
2024-10-14 17:36:19.848095 Zulu: Bravo we want you to join our group
2024-10-14 17:36:19.851630 Bravo: Yes
ChatterBot Hotel reevaluating
ChatterBot November reevaluating
2024-10-14 17:36:19.873105 Yankee: Uniform we want you to join our group
2024-10-14 17:36:19.880261 Uniform: Yes
ChatterBot Sierra reevaluating
2024-10-14 17:36:19.904930 Oscar: Uniform we want you to join our group
2024-10-14 17:36:19.910514 Uniform: Yes
ChatterBot Sierra reevaluating
2024-10-14 17:36:19.928464 Hotel: Bravo we want you to join our group
2024-10-14 17:36:19.931425 Bravo: Yes
2024-10-14 17:36:19.941081 November: Bravo we want you to join our group
2024-10-14 17:36:19.943906 Bravo: Yes
2024-10-14 17:36:19.953006 Uniform: Sierra, sending you 6
2024-10-14 17:36:19.953689 Charlie: Hotel, sending you 1
2024-10-14 17:36:19.956674 Bravo: Charlie, Hotel and November, sending you 2
2024-10-14 17:36:19.957117 Mike: Sierra, sending you 4
2024-10-14 17:36:19.958020 Uniform: Oscar, sending you 1
2024-10-14 17:36:19.958460 Charlie: November and Zulu, sending you 3
2024-10-14 17:36:19.958680 Zulu: Charlie, sending you 3
2024-10-14 17:36:19.960671 Bravo: Zulu, sending you 8
2024-10-14 17:36:19.960935 Uniform: Mike, sending you 7
2024-10-14 17:36:19.962665 Mike: Uniform and Yankee, sending you 5
2024-10-14 17:36:19.963550 Zulu: Bravo, sending you 6
2024-10-14 17:36:19.963926 Uniform: Yankee, sending you 2
2024-10-14 17:36:19.964671 Yankee: Sierra, sending you 3
2024-10-14 17:36:19.966676 Mike: Oscar, sending you 3
2024-10-14 17:36:19.967487 Zulu: Hotel and November, sending you 4
2024-10-14 17:36:19.967847 Yankee: Uniform and Oscar, sending you 2
2024-10-14 17:36:19.968695 Sierra: Uniform, Mike and Yankee, sending you 4
2024-10-14 17:36:19.969572 Hotel: Charlie, sending you 2
2024-10-14 17:36:19.970680 Yankee: Mike, sending you 4
2024-10-14 17:36:19.972686 Sierra: Oscar, sending you 5
2024-10-14 17:36:19.973424 Oscar: Sierra and Mike, sending you 3
2024-10-14 17:36:19.974656 Hotel: Bravo, sending you 1
2024-10-14 17:36:19.974931 November: Charlie, sending you 4
2024-10-14 17:36:19.978664 Oscar: Uniform and Yankee, sending you 2
2024-10-14 17:36:19.979091 Hotel: November, sending you 7
2024-10-14 17:36:19.979970 November: Bravo, sending you 2
2024-10-14 17:36:19.983675 Hotel: Zulu, sending you 5
2024-10-14 17:36:19.984658 November: Hotel, sending you 6
2024-10-14 17:36:19.987669 November: Zulu, sending you 5
chatterbot Bravo submitting transactions
chatterbot November submitting transactions
chatterbot Yankee submitting transactions
chatterbot Mike submitting transactions
chatterbot Zulu submitting transactions
chatterbot Oscar submitting transactions
chatterbot Charlie submitting transactions
chatterbot Uniform submitting transactions
chatterbot Sierra submitting transactions
chatterbot Hotel submitting transactions
ChatterBot Sierra round 4
ChatterBot Charlie round 4
ChatterBot Uniform round 4
ChatterBot Oscar round 4
ChatterBot Mike round 4
ChatterBot Yankee round 4
ChatterBot Bravo round 4
ChatterBot Hotel round 4
ChatterBot November round 4
ChatterBot Zulu round 4
2024-10-14 17:36:21.084481 Sierra: We should drop Uniform
2024-10-14 17:36:21.094082 Oscar: No
2024-10-14 17:36:21.094229 Mike: No
2024-10-14 17:36:21.094357 Yankee: No
ChatterBot Sierra reevaluating
ChatterBot Sierra reevaluating
ChatterBot Sierra reevaluating
2024-10-14 17:36:21.131658 Oscar: Sierra and Mike, sending you 3
2024-10-14 17:36:21.136709 Oscar: Uniform and Yankee, sending you 2
2024-10-14 17:36:21.137158 Charlie: Hotel, sending you 1
2024-10-14 17:36:21.137668 Uniform: Sierra, sending you 6
2024-10-14 17:36:21.139690 Hotel: Charlie, sending you 2
2024-10-14 17:36:21.140689 Zulu: Charlie, sending you 3
2024-10-14 17:36:21.141864 Charlie: November and Zulu, sending you 3
2024-10-14 17:36:21.142215 Uniform: Oscar and Yankee, sending you 2
2024-10-14 17:36:21.142734 Hotel: Bravo, sending you 1
2024-10-14 17:36:21.144684 Zulu: Bravo, sending you 6
2024-10-14 17:36:21.145655 Mike: Sierra, Oscar and Yankee, sending you 4
2024-10-14 17:36:21.146944 Uniform: Mike, sending you 7
2024-10-14 17:36:21.147691 Hotel: November, sending you 8
2024-10-14 17:36:21.149658 Zulu: Hotel and November, sending you 4
2024-10-14 17:36:21.150676 Bravo: Charlie, sending you 2
2024-10-14 17:36:21.151024 Mike: Uniform, sending you 5
2024-10-14 17:36:21.152124 Yankee: Sierra, sending you 3
2024-10-14 17:36:21.152577 Hotel: Zulu, sending you 5
2024-10-14 17:36:21.155686 Bravo: Hotel and November, sending you 3
2024-10-14 17:36:21.156260 Yankee: Uniform and Oscar, sending you 2
2024-10-14 17:36:21.157277 November: Charlie and Zulu, sending you 4
2024-10-14 17:36:21.160662 Bravo: Zulu, sending you 6
2024-10-14 17:36:21.161718 Yankee: Mike, sending you 4
2024-10-14 17:36:21.162267 November: Bravo, sending you 3
2024-10-14 17:36:21.167655 November: Hotel, sending you 6
chatterbot Hotel submitting transactions
chatterbot Zulu submitting transactions
chatterbot November submitting transactions
chatterbot Bravo submitting transactions
chatterbot Mike submitting transactions
chatterbot Uniform submitting transactions
chatterbot Charlie submitting transactions
chatterbot Oscar submitting transactions
chatterbot Yankee submitting transactions
chatterbot Sierra submitting transactions
ChatterBot Sierra round 5
ChatterBot Charlie round 5
ChatterBot Uniform round 5
ChatterBot Oscar round 5
ChatterBot Mike round 5
ChatterBot Yankee round 5
ChatterBot Bravo round 5
ChatterBot Hotel round 5
ChatterBot November round 5
ChatterBot Zulu round 5
2024-10-14 17:36:22.259955 Sierra: We should drop Yankee
2024-10-14 17:36:22.266057 Uniform: No
2024-10-14 17:36:22.266299 Oscar: No
2024-10-14 17:36:22.266412 Mike: No
ChatterBot Sierra reevaluating
ChatterBot Sierra reevaluating
ChatterBot Sierra reevaluating
2024-10-14 17:36:22.286225 Oscar: Sierra and Mike, sending you 3
2024-10-14 17:36:22.288924 Uniform: Sierra, sending you 6
2024-10-14 17:36:22.289703 Charlie: Hotel and Zulu, sending you 2
2024-10-14 17:36:22.290668 Oscar: Uniform and Yankee, sending you 2
2024-10-14 17:36:22.292676 Uniform: Oscar and Yankee, sending you 2
2024-10-14 17:36:22.293717 Charlie: November, sending you 3
2024-10-14 17:36:22.294666 Hotel: Charlie, sending you 2
2024-10-14 17:36:22.296685 Uniform: Mike, sending you 7
2024-10-14 17:36:22.298979 Hotel: Bravo, sending you 1
2024-10-14 17:36:22.303655 Mike: Sierra and Oscar, sending you 4
2024-10-14 17:36:22.304042 Yankee: Sierra, sending you 3
2024-10-14 17:36:22.304386 Hotel: November, sending you 8
2024-10-14 17:36:22.304950 Zulu: Charlie, Hotel and November, sending you 4
2024-10-14 17:36:22.305278 Bravo: Charlie, sending you 2
2024-10-14 17:36:22.307680 Mike: Uniform and Yankee, sending you 5
2024-10-14 17:36:22.308071 Yankee: Uniform and Oscar, sending you 2
2024-10-14 17:36:22.308418 Zulu: Bravo, sending you 5
2024-10-14 17:36:22.308778 Bravo: Hotel and November, sending you 3
2024-10-14 17:36:22.309116 November: Charlie and Zulu, sending you 4
2024-10-14 17:36:22.309752 Hotel: Zulu, sending you 6
2024-10-14 17:36:22.310680 Yankee: Mike, sending you 4
2024-10-14 17:36:22.311688 Bravo: Zulu, sending you 6
2024-10-14 17:36:22.312690 November: Bravo, sending you 3
2024-10-14 17:36:22.315664 November: Hotel, sending you 6
2024-10-14 17:36:22.319974 Sierra: Uniform, sending you 5
2024-10-14 17:36:22.324659 Sierra: Oscar, Mike and Yankee, sending you 4
chatterbot November submitting transactions
chatterbot Hotel submitting transactions
chatterbot Mike submitting transactions
chatterbot Zulu submitting transactions
chatterbot Bravo submitting transactions
chatterbot Sierra submitting transactions
chatterbot Uniform submitting transactions
chatterbot Charlie submitting transactions
chatterbot Oscar submitting transactions
chatterbot Yankee submitting transactions
ChatterBot Sierra round 6
ChatterBot Charlie round 6
ChatterBot Uniform round 6
ChatterBot Oscar round 6
ChatterBot Mike round 6
ChatterBot Yankee round 6
ChatterBot Bravo round 6
ChatterBot Hotel round 6
ChatterBot November round 6
ChatterBot Zulu round 6
2024-10-14 17:36:23.422941 Sierra: We should drop Oscar
2024-10-14 17:36:23.430688 Uniform: No
2024-10-14 17:36:23.430836 Mike: No
2024-10-14 17:36:23.430944 Yankee: No
ChatterBot Sierra reevaluating
ChatterBot Sierra reevaluating
ChatterBot Sierra reevaluating
2024-10-14 17:36:23.453683 Oscar: Sierra and Mike, sending you 3
2024-10-14 17:36:23.454148 Uniform: Sierra, sending you 6
2024-10-14 17:36:23.454680 Charlie: Hotel, sending you 1
2024-10-14 17:36:23.455128 Yankee: Sierra, sending you 3
2024-10-14 17:36:23.456659 Oscar: Uniform and Yankee, sending you 2
2024-10-14 17:36:23.457327 Uniform: Oscar and Yankee, sending you 2
2024-10-14 17:36:23.457794 Charlie: November and Zulu, sending you 3
2024-10-14 17:36:23.458656 Yankee: Uniform and Oscar, sending you 2
2024-10-14 17:36:23.461679 Uniform: Mike, sending you 7
2024-10-14 17:36:23.462766 Yankee: Mike, sending you 4
2024-10-14 17:36:23.465684 Bravo: Charlie, sending you 1
2024-10-14 17:36:23.467880 Hotel: Charlie and Bravo, sending you 2
2024-10-14 17:36:23.468320 November: Charlie and Zulu, sending you 4
2024-10-14 17:36:23.469687 Zulu: Charlie, sending you 3
2024-10-14 17:36:23.470968 Bravo: Hotel, sending you 3
2024-10-14 17:36:23.472676 Hotel: November, sending you 8
2024-10-14 17:36:23.473305 Mike: Sierra, Oscar and Yankee, sending you 4
2024-10-14 17:36:23.474027 November: Bravo, sending you 3
2024-10-14 17:36:23.475250 Zulu: Bravo and Hotel, sending you 5
2024-10-14 17:36:23.475822 Bravo: November, sending you 4
2024-10-14 17:36:23.476388 Hotel: Zulu, sending you 5
2024-10-14 17:36:23.478839 Mike: Uniform, sending you 6
2024-10-14 17:36:23.479696 November: Hotel, sending you 6
2024-10-14 17:36:23.480214 Zulu: November, sending you 4
2024-10-14 17:36:23.480683 Bravo: Zulu, sending you 6
chatterbot Oscar submitting transactions
chatterbot Yankee submitting transactions
chatterbot November submitting transactions
chatterbot Sierra submitting transactions
chatterbot Hotel submitting transactions
chatterbot Zulu submitting transactions
chatterbot Mike submitting transactions
chatterbot Bravo submitting transactions
chatterbot Charlie submitting transactions
chatterbot Uniform submitting transactions
ChatterBot Sierra round 7
ChatterBot Charlie round 7
ChatterBot Uniform round 7
ChatterBot Oscar round 7
ChatterBot Mike round 7
2024-10-14 17:36:24.503621 Charlie: We should replace Hotel with Bravo
2024-10-14 17:36:24.511749 November: No
2024-10-14 17:36:24.511948 Zulu: No
ChatterBot Charlie reevaluating
ChatterBot Yankee round 7
ChatterBot Bravo round 7
ChatterBot Hotel round 7
ChatterBot November round 7
ChatterBot Zulu round 7
2024-10-14 17:36:24.561078 Sierra: We should drop Oscar
2024-10-14 17:36:24.570670 Uniform: No
2024-10-14 17:36:24.570823 Mike: No
2024-10-14 17:36:24.570929 Yankee: No
ChatterBot Sierra reevaluating
ChatterBot Sierra reevaluating
ChatterBot Sierra reevaluating
2024-10-14 17:36:24.592120 Bravo: We should drop Charlie
2024-10-14 17:36:24.597661 Hotel: No
2024-10-14 17:36:24.597794 November: No
2024-10-14 17:36:24.597894 Zulu: No
ChatterBot Bravo reevaluating
ChatterBot Bravo reevaluating
2024-10-14 17:36:24.624689 Mike: Sierra and Uniform, sending you 5
2024-10-14 17:36:24.625177 Uniform: Sierra, sending you 6
2024-10-14 17:36:24.625677 Charlie: Hotel and Zulu, sending you 2
2024-10-14 17:36:24.626680 Yankee: Sierra, Uniform and Oscar, sending you 2
2024-10-14 17:36:24.627467 Oscar: Sierra and Mike, sending you 3
2024-10-14 17:36:24.628927 Mike: Oscar and Yankee, sending you 4
2024-10-14 17:36:24.629391 Uniform: Oscar and Yankee, sending you 2
2024-10-14 17:36:24.629769 Charlie: November, sending you 3
2024-10-14 17:36:24.631675 Yankee: Mike, sending you 5
2024-10-14 17:36:24.632691 Oscar: Uniform and Yankee, sending you 2
2024-10-14 17:36:24.633377 Uniform: Mike, sending you 7
2024-10-14 17:36:24.634664 Hotel: Charlie and Bravo, sending you 2
2024-10-14 17:36:24.637659 Zulu: Charlie, sending you 3
2024-10-14 17:36:24.639658 Hotel: November, sending you 8
2024-10-14 17:36:24.641691 Bravo: Hotel and November, sending you 4
2024-10-14 17:36:24.642178 Zulu: Bravo and Hotel, sending you 5
2024-10-14 17:36:24.642685 Hotel: Zulu, sending you 6
2024-10-14 17:36:24.644702 November: Charlie and Zulu, sending you 4
2024-10-14 17:36:24.645262 Bravo: Zulu, sending you 6
2024-10-14 17:36:24.646674 Zulu: November, sending you 4
2024-10-14 17:36:24.649660 November: Bravo, sending you 3
2024-10-14 17:36:24.654657 November: Hotel, sending you 6
chatterbot Uniform submitting transactions
chatterbot Sierra submitting transactions
chatterbot Mike submitting transactions
chatterbot Hotel submitting transactions
chatterbot Oscar submitting transactions
chatterbot Bravo submitting transactions
chatterbot Charlie submitting transactions
chatterbot November submitting transactions
chatterbot Zulu submitting transactions
chatterbot Yankee submitting transactions
ChatterBot Sierra round 8
ChatterBot Charlie round 8
ChatterBot Uniform round 8
ChatterBot Oscar round 8
ChatterBot Mike round 8
ChatterBot Yankee round 8
ChatterBot Bravo round 8
ChatterBot Hotel round 8
ChatterBot November round 8
ChatterBot Zulu round 8
2024-10-14 17:36:25.739664 Charlie: Hotel and Zulu, sending you 2
2024-10-14 17:36:25.742694 Charlie: November, sending you 3
2024-10-14 17:36:25.749122 Yankee: Sierra, sending you 3
2024-10-14 17:36:25.749944 Uniform: Sierra, sending you 6
2024-10-14 17:36:25.750691 Zulu: Charlie, Bravo and November, sending you 4
2024-10-14 17:36:25.751297 Mike: Sierra and Uniform, sending you 5
2024-10-14 17:36:25.753650 Yankee: Uniform and Oscar, sending you 2
2024-10-14 17:36:25.754711 Uniform: Oscar and Yankee, sending you 2
2024-10-14 17:36:25.755371 Hotel: Charlie and Bravo, sending you 2
2024-10-14 17:36:25.755858 Zulu: Hotel, sending you 5
2024-10-14 17:36:25.756217 Oscar: Sierra and Mike, sending you 3
2024-10-14 17:36:25.756670 Mike: Oscar and Yankee, sending you 4
2024-10-14 17:36:25.757072 Yankee: Mike, sending you 4
2024-10-14 17:36:25.758684 Sierra: Uniform and Mike, sending you 5
2024-10-14 17:36:25.759222 November: Charlie and Zulu, sending you 4
2024-10-14 17:36:25.759702 Uniform: Mike, sending you 7
2024-10-14 17:36:25.760208 Hotel: November, sending you 8
2024-10-14 17:36:25.761364 Oscar: Uniform and Yankee, sending you 2
2024-10-14 17:36:25.762670 Sierra: Oscar, sending you 4
2024-10-14 17:36:25.763126 Hotel: Zulu, sending you 6
2024-10-14 17:36:25.763647 November: Bravo, sending you 3
2024-10-14 17:36:25.765666 Bravo: Hotel and November, sending you 4
2024-10-14 17:36:25.767673 Sierra: Yankee, sending you 3
2024-10-14 17:36:25.768656 November: Hotel, sending you 6
2024-10-14 17:36:25.769043 Bravo: Zulu, sending you 6
chatterbot Uniform submitting transactions
chatterbot Bravo submitting transactions
chatterbot Yankee submitting transactions
chatterbot Zulu submitting transactions
chatterbot Sierra submitting transactions
chatterbot Charlie submitting transactions
chatterbot Mike submitting transactions
chatterbot November submitting transactions
chatterbot Hotel submitting transactions
chatterbot Oscar submitting transactions
ChatterBot Sierra round 9
ChatterBot Charlie round 9
ChatterBot Uniform round 9
2024-10-14 17:36:26.970456 Charlie: We should replace Hotel with Bravo
2024-10-14 17:36:26.975187 November: No
2024-10-14 17:36:26.975345 Zulu: No
ChatterBot Charlie reevaluating
ChatterBot Oscar round 9
ChatterBot Mike round 9
ChatterBot Yankee round 9
ChatterBot Bravo round 9
ChatterBot Hotel round 9
ChatterBot November round 9
ChatterBot Zulu round 9
2024-10-14 17:36:27.004761 Sierra: We should drop Oscar
2024-10-14 17:36:27.010715 Uniform: No
2024-10-14 17:36:27.011329 Mike: No
2024-10-14 17:36:27.011489 Yankee: No
ChatterBot Sierra reevaluating
ChatterBot Sierra reevaluating
ChatterBot Sierra reevaluating
2024-10-14 17:36:27.044675 Yankee: Sierra, sending you 3
2024-10-14 17:36:27.045836 Uniform: Sierra, sending you 6
2024-10-14 17:36:27.046681 Charlie: Hotel and Zulu, sending you 2
2024-10-14 17:36:27.047669 Oscar: Sierra and Mike, sending you 3
2024-10-14 17:36:27.048245 Mike: Sierra and Uniform, sending you 5
2024-10-14 17:36:27.048949 Bravo: Hotel, sending you 3
2024-10-14 17:36:27.049932 Yankee: Uniform and Oscar, sending you 2
2024-10-14 17:36:27.050478 Uniform: Oscar and Yankee, sending you 2
2024-10-14 17:36:27.050912 Charlie: November, sending you 3
2024-10-14 17:36:27.051231 Oscar: Uniform and Yankee, sending you 2
2024-10-14 17:36:27.051699 Mike: Oscar and Yankee, sending you 4
2024-10-14 17:36:27.052221 November: Charlie and Zulu, sending you 4
2024-10-14 17:36:27.053656 Bravo: November, sending you 5
2024-10-14 17:36:27.054087 Yankee: Mike, sending you 4
2024-10-14 17:36:27.054567 Uniform: Mike, sending you 7
2024-10-14 17:36:27.055066 Hotel: Charlie, sending you 1
2024-10-14 17:36:27.056719 Bravo: Zulu, sending you 6
2024-10-14 17:36:27.058014 November: Bravo, sending you 3
2024-10-14 17:36:27.058555 Zulu: Charlie, Bravo and November, sending you 4
2024-10-14 17:36:27.059077 Hotel: Bravo, sending you 3
2024-10-14 17:36:27.061665 November: Hotel, sending you 6
2024-10-14 17:36:27.062682 Zulu: Hotel, sending you 5
2024-10-14 17:36:27.063934 Hotel: November, sending you 8
2024-10-14 17:36:27.067665 Hotel: Zulu, sending you 6
chatterbot Oscar submitting transactions
chatterbot Charlie submitting transactions
chatterbot Zulu submitting transactions
chatterbot Mike submitting transactions
chatterbot Yankee submitting transactions
chatterbot Bravo submitting transactions
chatterbot Hotel submitting transactions
chatterbot November submitting transactions
chatterbot Uniform submitting transactions
chatterbot Sierra submitting transactions
ChatterBot Sierra round 10
ChatterBot Charlie round 10
ChatterBot Uniform round 10
ChatterBot Oscar round 10
ChatterBot Mike round 10
ChatterBot Yankee round 10
ChatterBot Bravo round 10
2024-10-14 17:36:28.219773 Charlie: We should replace Hotel with Bravo
2024-10-14 17:36:28.224435 November: No
2024-10-14 17:36:28.224602 Zulu: No
ChatterBot Hotel round 10
ChatterBot November round 10
ChatterBot Zulu round 10
2024-10-14 17:36:28.249820 Charlie: Bravo we want you to join our group
2024-10-14 17:36:28.251941 Bravo: Yes
2024-10-14 17:36:28.266668 Sierra: Uniform and Mike, sending you 5
2024-10-14 17:36:28.270700 Sierra: Oscar, sending you 4
2024-10-14 17:36:28.273666 Bravo: Hotel, sending you 3
2024-10-14 17:36:28.274665 Sierra: Yankee, sending you 3
2024-10-14 17:36:28.276655 Yankee: Sierra, sending you 3
2024-10-14 17:36:28.277699 November: Charlie and Zulu, sending you 4
2024-10-14 17:36:28.278683 Bravo: November, sending you 5
2024-10-14 17:36:28.279143 Mike: Sierra and Uniform, sending you 5
2024-10-14 17:36:28.280665 Oscar: Sierra, Uniform and Yankee, sending you 2
2024-10-14 17:36:28.281249 Zulu: Charlie, sending you 3
2024-10-14 17:36:28.281915 Yankee: Uniform and Oscar, sending you 2
2024-10-14 17:36:28.282656 Mike: Oscar and Yankee, sending you 4
2024-10-14 17:36:28.283305 November: Bravo, sending you 3
2024-10-14 17:36:28.284433 Bravo: Zulu, sending you 6
2024-10-14 17:36:28.285138 Oscar: Mike, sending you 4
2024-10-14 17:36:28.285736 Uniform: Sierra, sending you 6
2024-10-14 17:36:28.286395 Zulu: Bravo and November, sending you 4
2024-10-14 17:36:28.287180 Yankee: Mike, sending you 4
2024-10-14 17:36:28.287901 November: Hotel, sending you 6
2024-10-14 17:36:28.288456 Hotel: Charlie, sending you 1
2024-10-14 17:36:28.289106 Charlie: Bravo, sending you 1
2024-10-14 17:36:28.289661 Zulu: Hotel, sending you 6
2024-10-14 17:36:28.290695 Uniform: Oscar and Yankee, sending you 2
2024-10-14 17:36:28.291682 Hotel: Bravo, sending you 3
2024-10-14 17:36:28.293656 Charlie: November and Zulu, sending you 3
2024-10-14 17:36:28.295668 Uniform: Mike, sending you 7
2024-10-14 17:36:28.296722 Hotel: November, sending you 8
2024-10-14 17:36:28.300695 Hotel: Zulu, sending you 6
chatterbot Hotel submitting transactions
chatterbot Uniform submitting transactions
chatterbot Charlie submitting transactions
chatterbot Bravo submitting transactions
chatterbot Mike submitting transactions
chatterbot Oscar submitting transactions
chatterbot Zulu submitting transactions
chatterbot Sierra submitting transactions
chatterbot November submitting transactions
chatterbot Yankee submitting transactions
ChatterBot Sierra round 11
ChatterBot Charlie round 11
ChatterBot Uniform round 11
ChatterBot Oscar round 11
ChatterBot Mike round 11
ChatterBot Yankee round 11
ChatterBot Bravo round 11
ChatterBot Hotel round 11
ChatterBot November round 11
ChatterBot Zulu round 11
2024-10-14 17:36:29.545682 Uniform: Sierra, sending you 6
2024-10-14 17:36:29.548282 Charlie: Bravo, sending you 1
2024-10-14 17:36:29.551683 Uniform: Oscar and Yankee, sending you 2
2024-10-14 17:36:29.552710 Sierra: Uniform and Mike, sending you 5
2024-10-14 17:36:29.553878 November: Charlie and Zulu, sending you 4
2024-10-14 17:36:29.554963 Charlie: November and Zulu, sending you 3
2024-10-14 17:36:29.555493 Mike: Sierra and Uniform, sending you 5
2024-10-14 17:36:29.556858 Uniform: Mike, sending you 7
2024-10-14 17:36:29.558167 Oscar: Sierra and Mike, sending you 3
2024-10-14 17:36:29.559596 Sierra: Oscar, sending you 3
2024-10-14 17:36:29.560477 November: Bravo, sending you 3
2024-10-14 17:36:29.561322 Mike: Oscar and Yankee, sending you 4
2024-10-14 17:36:29.562289 Zulu: Charlie, Bravo and November, sending you 4
2024-10-14 17:36:29.563806 Oscar: Uniform and Yankee, sending you 2
2024-10-14 17:36:29.564727 November: Hotel, sending you 6
2024-10-14 17:36:29.565773 Sierra: Yankee, sending you 4
2024-10-14 17:36:29.566428 Yankee: Sierra, sending you 3
2024-10-14 17:36:29.567185 Hotel: Charlie, sending you 1
2024-10-14 17:36:29.568221 Bravo: Charlie, sending you 2
2024-10-14 17:36:29.569153 Zulu: Hotel, sending you 5
2024-10-14 17:36:29.570653 Yankee: Uniform and Oscar, sending you 2
2024-10-14 17:36:29.571703 Bravo: Hotel, sending you 3
2024-10-14 17:36:29.572680 Hotel: Bravo, sending you 3
2024-10-14 17:36:29.574672 Yankee: Mike, sending you 4
2024-10-14 17:36:29.575307 Bravo: November, sending you 4
2024-10-14 17:36:29.576658 Hotel: November, sending you 8
2024-10-14 17:36:29.579734 Bravo: Zulu, sending you 5
2024-10-14 17:36:29.580955 Hotel: Zulu, sending you 6
chatterbot Uniform submitting transactions
chatterbot Mike submitting transactions
chatterbot Oscar submitting transactions
chatterbot Sierra submitting transactions
chatterbot Yankee submitting transactions
chatterbot Charlie submitting transactions
chatterbot Zulu submitting transactions
chatterbot Hotel submitting transactions
chatterbot Bravo submitting transactions
chatterbot November submitting transactions
ChatterBot Sierra round 12
ChatterBot Charlie round 12
ChatterBot Uniform round 12
ChatterBot Oscar round 12
ChatterBot Mike round 12
ChatterBot Yankee round 12
ChatterBot Bravo round 12
ChatterBot Hotel round 12
ChatterBot November round 12
ChatterBot Zulu round 12
2024-10-14 17:36:30.822664 Sierra: Uniform and Mike, sending you 5
2024-10-14 17:36:30.824682 Oscar: Sierra and Mike, sending you 3
2024-10-14 17:36:30.826182 Sierra: Oscar, sending you 3
2024-10-14 17:36:30.827674 Oscar: Uniform and Yankee, sending you 2
2024-10-14 17:36:30.829654 Hotel: Charlie, sending you 1
2024-10-14 17:36:30.830443 Mike: Sierra and Uniform, sending you 5
2024-10-14 17:36:30.831109 Sierra: Yankee, sending you 4
2024-10-14 17:36:30.831779 November: Charlie, Bravo and Zulu, sending you 4
2024-10-14 17:36:30.833679 Hotel: Bravo, sending you 3
2024-10-14 17:36:30.834533 Mike: Oscar and Yankee, sending you 4
2024-10-14 17:36:30.836059 November: Hotel, sending you 5
2024-10-14 17:36:30.836703 Uniform: Sierra, sending you 6
2024-10-14 17:36:30.837641 Yankee: Sierra, sending you 3
2024-10-14 17:36:30.838329 Bravo: Charlie, sending you 2
2024-10-14 17:36:30.838872 Hotel: November, sending you 8
2024-10-14 17:36:30.840055 Zulu: Charlie, Bravo and November, sending you 4
2024-10-14 17:36:30.840994 Uniform: Oscar and Yankee, sending you 2
2024-10-14 17:36:30.841713 Yankee: Uniform and Oscar, sending you 2
2024-10-14 17:36:30.842765 Charlie: Bravo, sending you 1
2024-10-14 17:36:30.843915 Bravo: Hotel, sending you 3
2024-10-14 17:36:30.844514 Hotel: Zulu, sending you 6
2024-10-14 17:36:30.845700 Zulu: Hotel, sending you 5
2024-10-14 17:36:30.847152 Yankee: Mike, sending you 4
2024-10-14 17:36:30.847838 Uniform: Mike, sending you 7
2024-10-14 17:36:30.848419 Charlie: November and Zulu, sending you 3
2024-10-14 17:36:30.848784 Bravo: November, sending you 4
2024-10-14 17:36:30.853682 Bravo: Zulu, sending you 5
chatterbot Zulu submitting transactions
chatterbot Oscar submitting transactions
chatterbot Sierra submitting transactions
chatterbot Bravo submitting transactions
chatterbot November submitting transactions
chatterbot Charlie submitting transactions
chatterbot Uniform submitting transactions
chatterbot Hotel submitting transactions
chatterbot Yankee submitting transactions
chatterbot Mike submitting transactions
ChatterBot Sierra round 13
ChatterBot Charlie round 13
ChatterBot Uniform round 13
ChatterBot Oscar round 13
ChatterBot Mike round 13
ChatterBot Yankee round 13
ChatterBot Bravo round 13
ChatterBot Hotel round 13
ChatterBot November round 13
ChatterBot Zulu round 13
2024-10-14 17:36:31.995683 Oscar: Sierra and Mike, sending you 3
2024-10-14 17:36:31.997659 Charlie: Bravo, sending you 1
2024-10-14 17:36:31.998138 Uniform: Sierra, sending you 6
2024-10-14 17:36:32.000653 Oscar: Uniform and Yankee, sending you 2
2024-10-14 17:36:32.001670 Zulu: Charlie, Bravo and November, sending you 4
2024-10-14 17:36:32.002708 Charlie: November and Zulu, sending you 3
2024-10-14 17:36:32.003162 Uniform: Oscar and Yankee, sending you 2
2024-10-14 17:36:32.004677 Zulu: Hotel, sending you 5
2024-10-14 17:36:32.008705 Uniform: Mike, sending you 7
2024-10-14 17:36:32.009653 Hotel: Charlie, sending you 1
2024-10-14 17:36:32.010177 Yankee: Sierra, sending you 3
2024-10-14 17:36:32.012653 Hotel: Bravo, sending you 3
2024-10-14 17:36:32.013656 Bravo: Charlie, sending you 2
2024-10-14 17:36:32.014682 Mike: Sierra and Uniform, sending you 5
2024-10-14 17:36:32.015457 Sierra: Uniform and Mike, sending you 5
2024-10-14 17:36:32.016188 Yankee: Uniform and Oscar, sending you 2
2024-10-14 17:36:32.017649 Hotel: November, sending you 8
2024-10-14 17:36:32.018513 Bravo: Hotel, sending you 3
2024-10-14 17:36:32.019175 Mike: Oscar and Yankee, sending you 4
2024-10-14 17:36:32.019966 Sierra: Oscar, sending you 3
2024-10-14 17:36:32.020663 Yankee: Mike, sending you 4
2024-10-14 17:36:32.021266 November: Charlie, Bravo and Zulu, sending you 4
2024-10-14 17:36:32.021721 Hotel: Zulu, sending you 6
2024-10-14 17:36:32.023792 Bravo: November, sending you 4
2024-10-14 17:36:32.024662 Sierra: Yankee, sending you 4
2024-10-14 17:36:32.025621 November: Hotel, sending you 5
2024-10-14 17:36:32.027656 Bravo: Zulu, sending you 5
chatterbot November submitting transactions
chatterbot Mike submitting transactions
chatterbot Hotel submitting transactions
chatterbot Bravo submitting transactions
chatterbot Oscar submitting transactions
chatterbot Charlie submitting transactions
chatterbot Zulu submitting transactions
chatterbot Sierra submitting transactions
chatterbot Uniform submitting transactions
chatterbot Yankee submitting transactions
ChatterBot Sierra round 14
ChatterBot Charlie round 14
ChatterBot Uniform round 14
ChatterBot Oscar round 14
ChatterBot Mike round 14
ChatterBot Yankee round 14
ChatterBot Bravo round 14
ChatterBot Hotel round 14
ChatterBot November round 14
ChatterBot Zulu round 14
2024-10-14 17:36:33.219665 Charlie: Bravo, sending you 1
2024-10-14 17:36:33.223127 Charlie: November and Zulu, sending you 3
2024-10-14 17:36:33.227666 Mike: Sierra and Uniform, sending you 5
2024-10-14 17:36:33.228693 Hotel: Bravo, sending you 3
2024-10-14 17:36:33.229450 November: Charlie, Bravo and Zulu, sending you 4
2024-10-14 17:36:33.232319 Uniform: Sierra, sending you 6
2024-10-14 17:36:33.233713 Mike: Oscar and Yankee, sending you 4
2024-10-14 17:36:33.234444 Hotel: November, sending you 8
2024-10-14 17:36:33.235132 Sierra: Uniform and Mike, sending you 5
2024-10-14 17:36:33.235735 November: Hotel, sending you 5
2024-10-14 17:36:33.236305 Yankee: Sierra, sending you 3
2024-10-14 17:36:33.236869 Oscar: Sierra and Mike, sending you 3
2024-10-14 17:36:33.238184 Bravo: Charlie, sending you 2
2024-10-14 17:36:33.238863 Uniform: Oscar and Yankee, sending you 2
2024-10-14 17:36:33.239428 Zulu: Charlie, Bravo and November, sending you 4
2024-10-14 17:36:33.239971 Hotel: Zulu, sending you 7
2024-10-14 17:36:33.240551 Sierra: Oscar, sending you 3
2024-10-14 17:36:33.241690 Yankee: Uniform and Oscar, sending you 2
2024-10-14 17:36:33.242429 Oscar: Uniform and Yankee, sending you 2
2024-10-14 17:36:33.243044 Uniform: Mike, sending you 7
2024-10-14 17:36:33.243641 Bravo: Hotel, sending you 3
2024-10-14 17:36:33.244379 Zulu: Hotel, sending you 5
2024-10-14 17:36:33.245665 Sierra: Yankee, sending you 4
2024-10-14 17:36:33.246450 Yankee: Mike, sending you 4
2024-10-14 17:36:33.248673 Bravo: November, sending you 4
2024-10-14 17:36:33.254672 Bravo: Zulu, sending you 5
chatterbot Bravo submitting transactions
chatterbot Uniform submitting transactions
chatterbot Charlie submitting transactions
chatterbot Yankee submitting transactions
chatterbot Mike submitting transactions
chatterbot Sierra submitting transactions
