ChatterBot Juliett round 1
ChatterBot November round 1
ChatterBot Zulu round 1
ChatterBot Mike round 1
ChatterBot Lima round 1
ChatterBot Alpha round 1
ChatterBot Kilo round 1
ChatterBot Foxtrot round 1
ChatterBot India round 1
ChatterBot Whiskey round 1
randomSelections Juliett: {Juliett, Alpha, Mike, Foxtrot, Whiskey, Zulu, India} 
2024-10-14 17:36:16.118134 Juliett: We should group up
ChatterBot Alpha reevaluating
ChatterBot Mike reevaluating
ChatterBot Foxtrot reevaluating
ChatterBot Whiskey reevaluating
ChatterBot Zulu reevaluating
ChatterBot India reevaluating
2024-10-14 17:36:16.131097 Alpha: Yes
2024-10-14 17:36:16.131239 Mike: Yes
2024-10-14 17:36:16.131359 Foxtrot: Yes
2024-10-14 17:36:16.131440 Whiskey: Yes
2024-10-14 17:36:16.131514 Zulu: Yes
2024-10-14 17:36:16.131596 India: Yes
ChatterBot Mike reevaluating
ChatterBot Foxtrot reevaluating
ChatterBot Whiskey reevaluating
ChatterBot Zulu reevaluating
ChatterBot India reevaluating
ChatterBot Alpha reevaluating
ChatterBot Foxtrot reevaluating
ChatterBot Whiskey reevaluating
ChatterBot Zulu reevaluating
ChatterBot India reevaluating
ChatterBot Alpha reevaluating
ChatterBot Mike reevaluating
ChatterBot Whiskey reevaluating
ChatterBot Zulu reevaluating
ChatterBot India reevaluating
ChatterBot Alpha reevaluating
ChatterBot Mike reevaluating
ChatterBot Foxtrot reevaluating
ChatterBot Zulu reevaluating
ChatterBot India reevaluating
ChatterBot Alpha reevaluating
ChatterBot Mike reevaluating
ChatterBot Foxtrot reevaluating
ChatterBot Whiskey reevaluating
ChatterBot India reevaluating
ChatterBot Alpha reevaluating
ChatterBot Mike reevaluating
ChatterBot Foxtrot reevaluating
ChatterBot Whiskey reevaluating
ChatterBot Zulu reevaluating
randomSelections Lima: {Lima, November, Zulu, Kilo, Mike, Whiskey} 
2024-10-14 17:36:16.196312 Lima: Let's form a team
ChatterBot November reevaluating
ChatterBot Zulu reevaluating
ChatterBot Kilo reevaluating
ChatterBot Mike reevaluating
ChatterBot Whiskey reevaluating
2024-10-14 17:36:16.204319 November: Yes
2024-10-14 17:36:16.204449 Zulu: No
2024-10-14 17:36:16.205161 Kilo: Yes
2024-10-14 17:36:16.205266 Mike: No
2024-10-14 17:36:16.205374 Whiskey: No
ChatterBot Zulu reevaluating
ChatterBot Kilo reevaluating
ChatterBot Mike reevaluating
ChatterBot Whiskey reevaluating
ChatterBot November reevaluating
ChatterBot Kilo reevaluating
ChatterBot Mike reevaluating
ChatterBot Whiskey reevaluating
ChatterBot November reevaluating
ChatterBot Zulu reevaluating
ChatterBot Mike reevaluating
ChatterBot Whiskey reevaluating
ChatterBot November reevaluating
ChatterBot Zulu reevaluating
ChatterBot Kilo reevaluating
ChatterBot Whiskey reevaluating
ChatterBot November reevaluating
ChatterBot Zulu reevaluating
ChatterBot Kilo reevaluating
ChatterBot Mike reevaluating
2024-10-14 17:36:16.265708 India: Alpha, sending you 1
2024-10-14 17:36:16.266140 Alpha: Juliett, sending you 5
2024-10-14 17:36:16.269512 Zulu: Mike and Alpha, sending you 1
2024-10-14 17:36:16.270003 Juliett: Zulu, Alpha and Whiskey, sending you 2
2024-10-14 17:36:16.270373 Alpha: Zulu and Whiskey, sending you 3
2024-10-14 17:36:16.271858 November: Zulu, sending you 3
2024-10-14 17:36:16.272802 Lima: November and Kilo, sending you 3
2024-10-14 17:36:16.274487 Zulu: Foxtrot and India, sending you 3
2024-10-14 17:36:16.274872 Juliett: India, sending you 4
2024-10-14 17:36:16.275247 Alpha: Mike, sending you 2
2024-10-14 17:36:16.275584 November: Mike and Lima, sending you 2
2024-10-14 17:36:16.276883 Mike: Alpha, sending you 1
2024-10-14 17:36:16.277228 Kilo: November and Mike, sending you 1
2024-10-14 17:36:16.277768 Lima: Zulu, sending you 2
2024-10-14 17:36:16.280675 Alpha: Foxtrot, sending you 1
2024-10-14 17:36:16.281056 Zulu: Whiskey, sending you 4
2024-10-14 17:36:16.281430 Mike: Foxtrot and Whiskey, sending you 2
2024-10-14 17:36:16.282820 November: Kilo, sending you 1
2024-10-14 17:36:16.283221 Whiskey: Juliett, sending you 1
2024-10-14 17:36:16.283725 Kilo: Zulu, sending you 5
2024-10-14 17:36:16.284960 Lima: Mike, sending you 1
2024-10-14 17:36:16.290633 Mike: India, sending you 4
2024-10-14 17:36:16.291011 Whiskey: Zulu and Alpha, sending you 3
2024-10-14 17:36:16.291874 November: Whiskey, sending you 4
2024-10-14 17:36:16.292213 Kilo: Lima, sending you 3
2024-10-14 17:36:16.292552 Lima: Whiskey, sending you 5
2024-10-14 17:36:16.297295 Whiskey: Foxtrot and India, sending you 5
chatterbot Foxtrot submitting transactions
chatterbot Zulu submitting transactions
chatterbot Lima submitting transactions
chatterbot Mike submitting transactions
chatterbot India submitting transactions
chatterbot November submitting transactions
chatterbot Alpha submitting transactions
chatterbot Juliett submitting transactions
chatterbot Whiskey submitting transactions
chatterbot Kilo submitting transactions
ChatterBot Juliett round 2
ChatterBot November round 2
ChatterBot Zulu round 2
ChatterBot Mike round 2
ChatterBot Lima round 2
ChatterBot Alpha round 2
ChatterBot Kilo round 2
ChatterBot Foxtrot round 2
ChatterBot India round 2
ChatterBot Whiskey round 2
2024-10-14 17:36:17.489186 Kilo: Group up?
ChatterBot November reevaluating
ChatterBot Lima reevaluating
2024-10-14 17:36:17.498665 November: Yes
2024-10-14 17:36:17.498843 Lima: Yes
ChatterBot Lima reevaluating
ChatterBot November reevaluating
2024-10-14 17:36:17.517765 Lima: Group up?
ChatterBot November reevaluating
2024-10-14 17:36:17.527655 Kilo: Yes
2024-10-14 17:36:17.528240 November: Yes
ChatterBot November reevaluating
ChatterBot Lima reevaluating
ChatterBot Lima reevaluating
2024-10-14 17:36:17.556959 Mike: We should group up
ChatterBot November reevaluating
ChatterBot Lima reevaluating
2024-10-14 17:36:17.570963 November: Yes
2024-10-14 17:36:17.571111 Lima: Yes
2024-10-14 17:36:17.571218 Kilo: No
ChatterBot Lima reevaluating
ChatterBot November reevaluating
ChatterBot Kilo reevaluating
ChatterBot November reevaluating
ChatterBot Lima reevaluating
2024-10-14 17:36:17.621583 Zulu: Let's form a team
ChatterBot Juliett reevaluating
2024-10-14 17:36:17.635610 Juliett: Yes
2024-10-14 17:36:17.635833 Alpha: Yes
2024-10-14 17:36:17.635951 Whiskey: Yes
ChatterBot Juliett reevaluating
ChatterBot Juliett reevaluating
2024-10-14 17:36:17.762991 Whiskey: We should drop Foxtrot
ChatterBot Juliett reevaluating
2024-10-14 17:36:17.788944 Juliett: Yes
2024-10-14 17:36:17.789679 Zulu: Yes
2024-10-14 17:36:17.789920 Alpha: Yes
2024-10-14 17:36:17.790058 Mike: Yes
2024-10-14 17:36:17.790288 India: Yes
ChatterBot Juliett reevaluating
ChatterBot Juliett reevaluating
ChatterBot Juliett reevaluating
ChatterBot Juliett reevaluating
2024-10-14 17:36:17.915072 Kilo: We should drop Zulu and Whiskey
ChatterBot Lima reevaluating
2024-10-14 17:36:17.929255 Mike: Yes
2024-10-14 17:36:17.929387 November: Yes
2024-10-14 17:36:17.929522 Lima: Yes
ChatterBot Lima reevaluating
ChatterBot Kilo reevaluating
ChatterBot Lima reevaluating
ChatterBot Kilo reevaluating
ChatterBot Kilo reevaluating
2024-10-14 17:36:17.997226 Foxtrot: We should drop Mike and India
ChatterBot Juliett reevaluating
2024-10-14 17:36:18.028993 Juliett: No
2024-10-14 17:36:18.029201 Zulu: Yes
2024-10-14 17:36:18.029359 Alpha: No
2024-10-14 17:36:18.029525 Whiskey: No
ChatterBot Juliett reevaluating
ChatterBot Juliett reevaluating
ChatterBot Juliett reevaluating
chatterbot Whiskey submitting transactions
2024-10-14 17:36:18.292553 Mike: Sending you each 3
2024-10-14 17:36:18.292839 Zulu: Juliett, sending you 4
chatterbot Foxtrot submitting transactions
chatterbot Alpha submitting transactions
2024-10-14 17:36:18.322863 Foxtrot: Juliett, sending you 1
2024-10-14 17:36:18.323143 Zulu: Alpha and Whiskey, sending you 5
2024-10-14 17:36:18.323356 India: Juliett, Zulu, Mike, Alpha and Whiskey, sending you 1
2024-10-14 17:36:18.323676 November: Mike, sending you 2
2024-10-14 17:36:18.324280 Alpha: Juliett, Zulu, Mike and Whiskey, sending you 3
2024-10-14 17:36:18.324622 Lima: Sending you each 7
2024-10-14 17:36:18.324838 Whiskey: Juliett and Mike, sending you 3
2024-10-14 17:36:18.375586 Foxtrot: Zulu, sending you 5
2024-10-14 17:36:18.375986 November: Lima, sending you 7
2024-10-14 17:36:18.376447 Whiskey: Zulu, sending you 5
2024-10-14 17:36:18.377005 Alpha: India, sending you 2
2024-10-14 17:36:18.381232 Juliett: Alpha, sending you 4
2024-10-14 17:36:18.381585 November: Kilo, sending you 3
2024-10-14 17:36:18.381888 Foxtrot: Alpha, sending you 2
2024-10-14 17:36:18.383770 Whiskey: Alpha, sending you 4
2024-10-14 17:36:18.444068 Juliett: Whiskey, sending you 2
2024-10-14 17:36:18.444874 Whiskey: India, sending you 2
2024-10-14 17:36:18.446596 Foxtrot: Whiskey, sending you 9
chatterbot November submitting transactions
chatterbot Mike submitting transactions
chatterbot India submitting transactions
chatterbot Zulu submitting transactions
chatterbot Lima submitting transactions
chatterbot Kilo submitting transactions
chatterbot Juliett submitting transactions
ChatterBot Juliett round 3
ChatterBot November round 3
ChatterBot Zulu round 3
ChatterBot Mike round 3
ChatterBot Lima round 3
ChatterBot Alpha round 3
ChatterBot Kilo round 3
ChatterBot Foxtrot round 3
ChatterBot India round 3
ChatterBot Whiskey round 3
2024-10-14 17:36:19.366791 Zulu: We should add Foxtrot
ChatterBot Juliett reevaluating
ChatterBot Whiskey reevaluating
2024-10-14 17:36:19.377945 Juliett: Yes
2024-10-14 17:36:19.378098 Alpha: Yes
2024-10-14 17:36:19.378240 Whiskey: Yes
ChatterBot Whiskey reevaluating
ChatterBot Juliett reevaluating
ChatterBot Whiskey reevaluating
ChatterBot Juliett reevaluating
2024-10-14 17:36:19.413773 India: We should replace Mike with Foxtrot
ChatterBot Juliett reevaluating
ChatterBot Whiskey reevaluating
2024-10-14 17:36:19.435082 Juliett: Yes
2024-10-14 17:36:19.435229 Zulu: Yes
2024-10-14 17:36:19.435356 Alpha: Yes
2024-10-14 17:36:19.435485 Whiskey: Yes
ChatterBot Whiskey reevaluating
ChatterBot Juliett reevaluating
ChatterBot Alpha reevaluating
ChatterBot Whiskey reevaluating
ChatterBot Juliett reevaluating
ChatterBot Whiskey reevaluating
ChatterBot Juliett reevaluating
ChatterBot Alpha reevaluating
2024-10-14 17:36:19.611301 Lima: We should add Mike
ChatterBot Kilo reevaluating
2024-10-14 17:36:19.622781 Kilo: Yes
2024-10-14 17:36:19.623122 November: Yes
ChatterBot Kilo reevaluating
2024-10-14 17:36:19.674176 Zulu: Foxtrot we want you to join our group
2024-10-14 17:36:19.679775 Foxtrot: Yes
ChatterBot Juliett reevaluating
ChatterBot Alpha reevaluating
ChatterBot Whiskey reevaluating
2024-10-14 17:36:19.701834 India: Foxtrot we want you to join our group
2024-10-14 17:36:19.707502 Foxtrot: No
ChatterBot Juliett reevaluating
ChatterBot Alpha reevaluating
ChatterBot Whiskey reevaluating
2024-10-14 17:36:19.734299 Lima: Mike we want you to join our group
2024-10-14 17:36:19.739083 Mike: Yes
ChatterBot Kilo reevaluating
2024-10-14 17:36:19.754303 Juliett: Foxtrot we want you to join our group
2024-10-14 17:36:19.759357 Foxtrot: Yes
ChatterBot Alpha reevaluating
2024-10-14 17:36:19.779538 Whiskey: Foxtrot we want you to join our group
2024-10-14 17:36:19.785145 Foxtrot: No
ChatterBot Alpha reevaluating
2024-10-14 17:36:19.809268 November: Mike and Kilo, sending you 3
2024-10-14 17:36:19.809929 Kilo: We should drop Zulu and Whiskey
2024-10-14 17:36:19.823898 Mike: Yes
2024-10-14 17:36:19.824112 November: Yes
2024-10-14 17:36:19.824303 Lima: Yes
ChatterBot Kilo reevaluating
ChatterBot Kilo reevaluating
ChatterBot Kilo reevaluating
2024-10-14 17:36:19.870004 November: Lima, sending you 6
chatterbot India submitting transactions
chatterbot November submitting transactions
2024-10-14 17:36:19.872778 Foxtrot: Juliett, sending you 1
2024-10-14 17:36:19.880531 India: Juliett, Zulu, Alpha and Foxtrot, sending you 1
2024-10-14 17:36:19.881118 Mike: November, sending you 4
2024-10-14 17:36:19.881610 Zulu: Juliett, sending you 1
2024-10-14 17:36:19.883115 Lima: November and Kilo, sending you 5
2024-10-14 17:36:19.883762 Foxtrot: Zulu, sending you 5
2024-10-14 17:36:19.885323 Mike: Lima, sending you 2
2024-10-14 17:36:19.885881 India: Whiskey, sending you 3
2024-10-14 17:36:19.891084 Zulu: Alpha and Foxtrot, sending you 4
2024-10-14 17:36:19.891778 Lima: Mike, sending you 4
2024-10-14 17:36:19.892996 Juliett: Zulu and Whiskey, sending you 3
2024-10-14 17:36:19.893651 Foxtrot: Alpha, sending you 2
2024-10-14 17:36:19.894236 Mike: Kilo, sending you 3
2024-10-14 17:36:19.895772 Whiskey: Juliett and Alpha, sending you 3
2024-10-14 17:36:19.896282 Zulu: Whiskey, sending you 6
2024-10-14 17:36:19.897915 Alpha: Juliett, Zulu and Whiskey, sending you 4
2024-10-14 17:36:19.898466 Foxtrot: Whiskey, sending you 9
2024-10-14 17:36:19.899037 Juliett: Alpha, sending you 4
2024-10-14 17:36:19.906705 Whiskey: Zulu, sending you 4
2024-10-14 17:36:19.907400 Alpha: Foxtrot, sending you 2
2024-10-14 17:36:19.907986 Juliett: Foxtrot, sending you 1
2024-10-14 17:36:19.914632 Whiskey: Foxtrot, sending you 5
2024-10-14 17:36:19.918203 Whiskey: India, sending you 2
chatterbot Foxtrot submitting transactions
chatterbot Alpha submitting transactions
chatterbot Zulu submitting transactions
chatterbot Kilo submitting transactions
chatterbot Mike submitting transactions
chatterbot Lima submitting transactions
chatterbot Juliett submitting transactions
chatterbot Whiskey submitting transactions
ChatterBot Juliett round 4
ChatterBot November round 4
ChatterBot Zulu round 4
ChatterBot Mike round 4
ChatterBot Lima round 4
ChatterBot Alpha round 4
ChatterBot Kilo round 4
ChatterBot Foxtrot round 4
ChatterBot India round 4
ChatterBot Whiskey round 4
2024-10-14 17:36:20.844229 Alpha: We should add India
ChatterBot Whiskey reevaluating
2024-10-14 17:36:20.906236 Foxtrot: No
2024-10-14 17:36:20.906441 Juliett: No
2024-10-14 17:36:20.906581 Zulu: No
2024-10-14 17:36:20.906732 Whiskey: Yes
ChatterBot Alpha reevaluating
ChatterBot Whiskey reevaluating
ChatterBot Alpha reevaluating
ChatterBot Whiskey reevaluating
ChatterBot Juliett reevaluating
ChatterBot Alpha reevaluating
ChatterBot Whiskey reevaluating
ChatterBot Juliett reevaluating
ChatterBot Alpha reevaluating
2024-10-14 17:36:20.981885 Kilo: We should drop Zulu and Whiskey
2024-10-14 17:36:20.989734 Mike: Yes
2024-10-14 17:36:20.990010 November: Yes
2024-10-14 17:36:20.990239 Lima: Yes
ChatterBot Kilo reevaluating
ChatterBot Kilo reevaluating
ChatterBot Kilo reevaluating
2024-10-14 17:36:21.016643 Mike: Sending you each 3
2024-10-14 17:36:21.017852 Lima: November and Kilo, sending you 5
2024-10-14 17:36:21.018688 Zulu: Juliett, sending you 2
2024-10-14 17:36:21.020290 Juliett: Zulu, sending you 2
2024-10-14 17:36:21.021224 November: Mike, sending you 4
2024-10-14 17:36:21.022740 Lima: Mike, sending you 4
2024-10-14 17:36:21.023476 Zulu: Alpha and Foxtrot, sending you 4
2024-10-14 17:36:21.024323 Juliett: Alpha, sending you 4
2024-10-14 17:36:21.025828 November: Lima, sending you 5
2024-10-14 17:36:21.028667 Zulu: Whiskey, sending you 6
2024-10-14 17:36:21.029669 Juliett: Foxtrot, sending you 1
2024-10-14 17:36:21.030524 November: Kilo, sending you 3
2024-10-14 17:36:21.032874 Juliett: Whiskey, sending you 3
2024-10-14 17:36:21.035674 India: Juliett, Zulu, Alpha and Foxtrot, sending you 1
2024-10-14 17:36:21.036007 Whiskey: Juliett and Alpha, sending you 3
2024-10-14 17:36:21.036698 Foxtrot: Juliett, sending you 2
2024-10-14 17:36:21.037668 Alpha: Juliett, Zulu and Whiskey, sending you 4
2024-10-14 17:36:21.038675 Whiskey: Zulu, sending you 4
2024-10-14 17:36:21.039903 India: Whiskey, sending you 3
2024-10-14 17:36:21.040694 Foxtrot: Zulu, sending you 5
2024-10-14 17:36:21.041702 Alpha: Foxtrot, sending you 2
2024-10-14 17:36:21.042692 Whiskey: Foxtrot, sending you 5
2024-10-14 17:36:21.045655 Foxtrot: Alpha, sending you 3
2024-10-14 17:36:21.047688 Whiskey: India, sending you 2
2024-10-14 17:36:21.048905 Foxtrot: Whiskey, sending you 7
chatterbot Whiskey submitting transactions
chatterbot India submitting transactions
chatterbot Lima submitting transactions
chatterbot Kilo submitting transactions
chatterbot Alpha submitting transactions
chatterbot Foxtrot submitting transactions
chatterbot Mike submitting transactions
chatterbot November submitting transactions
chatterbot Juliett submitting transactions
chatterbot Zulu submitting transactions
ChatterBot Juliett round 5
ChatterBot November round 5
ChatterBot Zulu round 5
ChatterBot Mike round 5
ChatterBot Lima round 5
ChatterBot Alpha round 5
ChatterBot Kilo round 5
ChatterBot Foxtrot round 5
ChatterBot India round 5
ChatterBot Whiskey round 5
2024-10-14 17:36:22.116557 Kilo: We should drop Zulu and Whiskey
2024-10-14 17:36:22.123867 Mike: Yes
2024-10-14 17:36:22.124018 November: Yes
2024-10-14 17:36:22.124134 Lima: Yes
ChatterBot Kilo reevaluating
ChatterBot Kilo reevaluating
ChatterBot Kilo reevaluating
2024-10-14 17:36:22.147660 Zulu: Juliett, sending you 2
2024-10-14 17:36:22.148105 Lima: November and Kilo, sending you 5
2024-10-14 17:36:22.148429 Juliett: Zulu, sending you 2
2024-10-14 17:36:22.148833 Mike: Same as last round
2024-10-14 17:36:22.149638 November: Mike, sending you 4
2024-10-14 17:36:22.150672 Lima: Mike, sending you 4
2024-10-14 17:36:22.151679 Juliett: Alpha, sending you 4
2024-10-14 17:36:22.152669 Zulu: Alpha, sending you 4
2024-10-14 17:36:22.153037 November: Lima, sending you 5
2024-10-14 17:36:22.155988 Alpha: Juliett, Zulu and Whiskey, sending you 4
2024-10-14 17:36:22.156418 Juliett: Foxtrot, sending you 1
2024-10-14 17:36:22.156749 Zulu: Foxtrot, sending you 5
2024-10-14 17:36:22.157112 November: Kilo, sending you 3
2024-10-14 17:36:22.157667 Foxtrot: Juliett, sending you 2
2024-10-14 17:36:22.159647 Juliett: Whiskey, sending you 3
2024-10-14 17:36:22.160669 Alpha: Foxtrot, sending you 2
2024-10-14 17:36:22.161060 Zulu: Whiskey, sending you 6
2024-10-14 17:36:22.161677 Foxtrot: Zulu, sending you 5
2024-10-14 17:36:22.164685 Foxtrot: Alpha, sending you 3
2024-10-14 17:36:22.167660 Whiskey: Juliett, Alpha and India, sending you 3
2024-10-14 17:36:22.168744 India: Juliett, Zulu, Alpha and Foxtrot, sending you 1
2024-10-14 17:36:22.170692 Foxtrot: Whiskey, sending you 7
2024-10-14 17:36:22.172088 Whiskey: Zulu and Foxtrot, sending you 4
2024-10-14 17:36:22.173672 India: Whiskey, sending you 3
chatterbot Foxtrot submitting transactions
chatterbot Juliett submitting transactions
chatterbot Zulu submitting transactions
chatterbot November submitting transactions
chatterbot Mike submitting transactions
chatterbot Kilo submitting transactions
chatterbot Lima submitting transactions
chatterbot India submitting transactions
chatterbot Alpha submitting transactions
chatterbot Whiskey submitting transactions
ChatterBot Juliett round 6
ChatterBot November round 6
ChatterBot Zulu round 6
ChatterBot Mike round 6
ChatterBot Lima round 6
ChatterBot Alpha round 6
ChatterBot Kilo round 6
ChatterBot Foxtrot round 6
ChatterBot India round 6
ChatterBot Whiskey round 6
2024-10-14 17:36:23.374875 Kilo: We should drop Zulu and Whiskey
2024-10-14 17:36:23.387411 Mike: Yes
2024-10-14 17:36:23.387660 November: Yes
2024-10-14 17:36:23.387811 Lima: Yes
ChatterBot Kilo reevaluating
ChatterBot Kilo reevaluating
ChatterBot Kilo reevaluating
2024-10-14 17:36:23.417677 Alpha: Juliett, Zulu and Whiskey, sending you 4
2024-10-14 17:36:23.418676 Juliett: Zulu, sending you 2
2024-10-14 17:36:23.420005 Zulu: Juliett, sending you 2
2024-10-14 17:36:23.420839 Mike: Same as last round
2024-10-14 17:36:23.421447 Lima: November and Kilo, sending you 5
2024-10-14 17:36:23.422395 November: Mike, sending you 4
2024-10-14 17:36:23.422918 Alpha: Foxtrot, sending you 2
2024-10-14 17:36:23.423554 Juliett: Alpha, sending you 4
2024-10-14 17:36:23.425087 Zulu: Alpha, sending you 4
2024-10-14 17:36:23.425928 Lima: Mike, sending you 4
2024-10-14 17:36:23.426523 India: Juliett, Zulu, Alpha and Foxtrot, sending you 1
2024-10-14 17:36:23.427900 November: Lima, sending you 5
2024-10-14 17:36:23.428288 Foxtrot: Juliett, sending you 1
2024-10-14 17:36:23.428786 Juliett: Foxtrot, sending you 1
2024-10-14 17:36:23.429414 Whiskey: Juliett, Alpha and India, sending you 3
2024-10-14 17:36:23.430706 Zulu: Foxtrot, sending you 5
2024-10-14 17:36:23.431696 India: Whiskey, sending you 4
2024-10-14 17:36:23.433040 November: Kilo, sending you 3
2024-10-14 17:36:23.433398 Juliett: Whiskey, sending you 3
2024-10-14 17:36:23.433863 Foxtrot: Zulu, sending you 6
2024-10-14 17:36:23.434683 Whiskey: Zulu and Foxtrot, sending you 4
2024-10-14 17:36:23.435901 Zulu: Whiskey, sending you 6
2024-10-14 17:36:23.437676 Foxtrot: Alpha, sending you 3
2024-10-14 17:36:23.443013 Foxtrot: Whiskey, sending you 7
chatterbot India submitting transactions
chatterbot Mike submitting transactions
chatterbot November submitting transactions
chatterbot Lima submitting transactions
chatterbot Foxtrot submitting transactions
chatterbot Alpha submitting transactions
chatterbot Juliett submitting transactions
chatterbot Zulu submitting transactions
chatterbot Whiskey submitting transactions
chatterbot Kilo submitting transactions
ChatterBot Juliett round 7
ChatterBot November round 7
ChatterBot Zulu round 7
ChatterBot Mike round 7
ChatterBot Lima round 7
ChatterBot Alpha round 7
ChatterBot Kilo round 7
ChatterBot Foxtrot round 7
ChatterBot India round 7
ChatterBot Whiskey round 7
2024-10-14 17:36:24.506780 Juliett: We should add India
ChatterBot Alpha reevaluating
2024-10-14 17:36:24.514582 Foxtrot: No
2024-10-14 17:36:24.514726 Zulu: No
2024-10-14 17:36:24.514834 Alpha: Yes
2024-10-14 17:36:24.514932 Whiskey: Yes
ChatterBot Alpha reevaluating
ChatterBot Alpha reevaluating
ChatterBot Zulu reevaluating
ChatterBot Zulu reevaluating
ChatterBot Alpha reevaluating
2024-10-14 17:36:24.564753 Juliett: India we want you to join our group
2024-10-14 17:36:24.567079 India: Yes
ChatterBot Zulu reevaluating
ChatterBot Alpha reevaluating
ChatterBot Foxtrot reevaluating
2024-10-14 17:36:24.580259 Kilo: We should drop Zulu and Whiskey
2024-10-14 17:36:24.587071 Mike: Yes
2024-10-14 17:36:24.587203 November: Yes
2024-10-14 17:36:24.587305 Lima: Yes
ChatterBot Kilo reevaluating
ChatterBot Kilo reevaluating
ChatterBot Kilo reevaluating
2024-10-14 17:36:24.603716 November: Mike, sending you 4
2024-10-14 17:36:24.604013 Zulu: India we want you to join our group
2024-10-14 17:36:24.605909 India: Yes
ChatterBot Zulu reevaluating
ChatterBot Foxtrot reevaluating
2024-10-14 17:36:24.617717 Alpha: India we want you to join our group
2024-10-14 17:36:24.619633 India: Yes
ChatterBot Zulu reevaluating
ChatterBot Foxtrot reevaluating
2024-10-14 17:36:24.630122 November: Lima, sending you 5
2024-10-14 17:36:24.630478 Lima: November and Kilo, sending you 5
2024-10-14 17:36:24.632703 Whiskey: Juliett, Alpha and India, sending you 3
2024-10-14 17:36:24.633553 November: Kilo, sending you 3
2024-10-14 17:36:24.634134 Juliett: Zulu, sending you 2
2024-10-14 17:36:24.635208 Mike: Same as last round
2024-10-14 17:36:24.635804 India: Juliett, Zulu, Alpha and Foxtrot, sending you 1
2024-10-14 17:36:24.636281 Foxtrot: India we want you to join our group
2024-10-14 17:36:24.640320 India: Yes
ChatterBot Zulu reevaluating
ChatterBot Foxtrot reevaluating
2024-10-14 17:36:24.656785 Lima: Mike, sending you 4
2024-10-14 17:36:24.657294 Whiskey: Zulu and Foxtrot, sending you 4
2024-10-14 17:36:24.657793 Juliett: Alpha, sending you 4
2024-10-14 17:36:24.658233 India: Whiskey, sending you 4
2024-10-14 17:36:24.661679 Alpha: Juliett, Zulu, Foxtrot and Whiskey, sending you 3
2024-10-14 17:36:24.662685 Juliett: Foxtrot and India, sending you 1
2024-10-14 17:36:24.665672 Alpha: India, sending you 2
2024-10-14 17:36:24.666085 Juliett: Whiskey, sending you 3
2024-10-14 17:36:24.689675 Foxtrot: Juliett, sending you 2
2024-10-14 17:36:24.691662 Zulu: Juliett, sending you 2
2024-10-14 17:36:24.692688 Foxtrot: Zulu, sending you 5
2024-10-14 17:36:24.694662 Zulu: Alpha, sending you 4
2024-10-14 17:36:24.695688 Foxtrot: Alpha, sending you 3
2024-10-14 17:36:24.698662 Zulu: Foxtrot, sending you 5
2024-10-14 17:36:24.699680 Foxtrot: India, sending you 1
2024-10-14 17:36:24.701672 Zulu: India, sending you 1
2024-10-14 17:36:24.704671 Foxtrot: Whiskey, sending you 6
2024-10-14 17:36:24.705112 Zulu: Whiskey, sending you 6
chatterbot November submitting transactions
chatterbot Mike submitting transactions
chatterbot Alpha submitting transactions
chatterbot Foxtrot submitting transactions
chatterbot Whiskey submitting transactions
chatterbot Lima submitting transactions
chatterbot Juliett submitting transactions
chatterbot India submitting transactions
chatterbot Kilo submitting transactions
chatterbot Zulu submitting transactions
ChatterBot Juliett round 8
ChatterBot November round 8
ChatterBot Zulu round 8
ChatterBot Mike round 8
ChatterBot Lima round 8
ChatterBot Alpha round 8
ChatterBot Kilo round 8
ChatterBot Foxtrot round 8
ChatterBot India round 8
ChatterBot Whiskey round 8
2024-10-14 17:36:25.952874 Kilo: We should drop Zulu and Whiskey
2024-10-14 17:36:25.959715 Mike: Yes
2024-10-14 17:36:25.959927 November: Yes
2024-10-14 17:36:25.960076 Lima: Yes
ChatterBot Kilo reevaluating
ChatterBot Kilo reevaluating
ChatterBot Kilo reevaluating
2024-10-14 17:36:25.986671 November: Mike, sending you 4
2024-10-14 17:36:25.987263 Foxtrot: Juliett, sending you 2
2024-10-14 17:36:25.988762 Juliett: Zulu, sending you 2
2024-10-14 17:36:25.989362 Zulu: Juliett, sending you 2
2024-10-14 17:36:25.989869 Lima: November and Kilo, sending you 5
2024-10-14 17:36:25.990301 Mike: Same as last round
2024-10-14 17:36:25.990685 India: Juliett and Alpha, sending you 2
2024-10-14 17:36:25.991199 Alpha: Juliett, Zulu, Foxtrot and Whiskey, sending you 3
2024-10-14 17:36:25.991774 November: Lima, sending you 5
2024-10-14 17:36:25.992688 Zulu: Alpha, sending you 4
2024-10-14 17:36:25.994284 Foxtrot: Zulu, sending you 5
2024-10-14 17:36:25.994905 Juliett: Alpha, sending you 4
2024-10-14 17:36:25.995481 India: Zulu and Foxtrot, sending you 1
2024-10-14 17:36:25.996046 Lima: Mike, sending you 4
2024-10-14 17:36:25.996435 Alpha: India, sending you 2
2024-10-14 17:36:25.996948 Zulu: Foxtrot, sending you 5
2024-10-14 17:36:25.997428 November: Kilo, sending you 3
2024-10-14 17:36:25.997869 Foxtrot: Alpha, sending you 3
2024-10-14 17:36:25.998318 Juliett: Foxtrot and India, sending you 1
2024-10-14 17:36:25.999661 India: Whiskey, sending you 4
2024-10-14 17:36:26.000682 Zulu: India, sending you 1
2024-10-14 17:36:26.001173 Whiskey: Juliett, Alpha and India, sending you 3
2024-10-14 17:36:26.001699 Juliett: Whiskey, sending you 3
2024-10-14 17:36:26.002664 Foxtrot: India, sending you 1
2024-10-14 17:36:26.004988 Zulu: Whiskey, sending you 6
2024-10-14 17:36:26.005684 Whiskey: Zulu and Foxtrot, sending you 4
2024-10-14 17:36:26.007680 Foxtrot: Whiskey, sending you 6
chatterbot Juliett submitting transactions
chatterbot Lima submitting transactions
chatterbot India submitting transactions
chatterbot Zulu submitting transactions
chatterbot Alpha submitting transactions
chatterbot Mike submitting transactions
chatterbot Whiskey submitting transactions
chatterbot November submitting transactions
chatterbot Kilo submitting transactions
chatterbot Foxtrot submitting transactions
ChatterBot Juliett round 9
ChatterBot November round 9
ChatterBot Zulu round 9
ChatterBot Mike round 9
ChatterBot Lima round 9
ChatterBot Alpha round 9
ChatterBot Kilo round 9
ChatterBot Foxtrot round 9
ChatterBot India round 9
ChatterBot Whiskey round 9
2024-10-14 17:36:27.232562 Kilo: We should drop Zulu and Whiskey
2024-10-14 17:36:27.239064 Mike: Yes
2024-10-14 17:36:27.239237 November: Yes
2024-10-14 17:36:27.239383 Lima: Yes
ChatterBot Kilo reevaluating
ChatterBot Kilo reevaluating
ChatterBot Kilo reevaluating
2024-10-14 17:36:27.264675 Juliett: Zulu, sending you 2
2024-10-14 17:36:27.266150 Lima: November and Kilo, sending you 5
2024-10-14 17:36:27.266668 Alpha: Juliett, Zulu, Foxtrot and Whiskey, sending you 3
2024-10-14 17:36:27.267676 Juliett: Alpha, sending you 3
2024-10-14 17:36:27.270667 Lima: Mike, sending you 4
2024-10-14 17:36:27.271673 Alpha: India, sending you 2
2024-10-14 17:36:27.272413 Juliett: Foxtrot and India, sending you 1
2024-10-14 17:36:27.275108 Foxtrot: Juliett and India, sending you 2
2024-10-14 17:36:27.275817 Juliett: Whiskey, sending you 4
2024-10-14 17:36:27.278703 India: Juliett, Zulu and Alpha, sending you 2
2024-10-14 17:36:27.280015 Zulu: Juliett, sending you 2
2024-10-14 17:36:27.280656 Whiskey: Juliett, Alpha and India, sending you 3
2024-10-14 17:36:27.281289 Foxtrot: Zulu and Whiskey, sending you 5
2024-10-14 17:36:27.281968 November: Mike, sending you 4
2024-10-14 17:36:27.282677 Mike: Same as last round
2024-10-14 17:36:27.283882 Zulu: Alpha, sending you 4
2024-10-14 17:36:27.284681 India: Foxtrot, sending you 1
2024-10-14 17:36:27.285432 Whiskey: Zulu and Foxtrot, sending you 4
2024-10-14 17:36:27.286508 Foxtrot: Alpha, sending you 3
2024-10-14 17:36:27.287246 November: Lima, sending you 5
2024-10-14 17:36:27.287686 Zulu: Foxtrot, sending you 5
2024-10-14 17:36:27.289123 India: Whiskey, sending you 4
2024-10-14 17:36:27.290680 November: Kilo, sending you 3
2024-10-14 17:36:27.293940 Zulu: India, sending you 1
2024-10-14 17:36:27.297703 Zulu: Whiskey, sending you 6
chatterbot Whiskey submitting transactions
chatterbot Lima submitting transactions
chatterbot India submitting transactions
chatterbot Zulu submitting transactions
chatterbot Juliett submitting transactions
chatterbot Alpha submitting transactions
chatterbot November submitting transactions
chatterbot Foxtrot submitting transactions
chatterbot Mike submitting transactions
chatterbot Kilo submitting transactions
ChatterBot Juliett round 10
ChatterBot November round 10
ChatterBot Zulu round 10
ChatterBot Mike round 10
ChatterBot Lima round 10
ChatterBot Alpha round 10
ChatterBot Kilo round 10
ChatterBot Foxtrot round 10
ChatterBot India round 10
ChatterBot Whiskey round 10
2024-10-14 17:36:28.501887 Kilo: We should drop Zulu and Whiskey
2024-10-14 17:36:28.513970 Mike: Yes
2024-10-14 17:36:28.514300 November: Yes
2024-10-14 17:36:28.514515 Lima: Yes
ChatterBot Kilo reevaluating
ChatterBot Kilo reevaluating
ChatterBot Kilo reevaluating
2024-10-14 17:36:28.549666 Juliett: Zulu, sending you 2
2024-10-14 17:36:28.550294 Mike: Same as last round
2024-10-14 17:36:28.550701 Foxtrot: Juliett and India, sending you 2
2024-10-14 17:36:28.551273 Zulu: Juliett, sending you 2
2024-10-14 17:36:28.552049 Lima: November and Kilo, sending you 5
2024-10-14 17:36:28.552423 November: Mike, sending you 4
2024-10-14 17:36:28.552766 Alpha: Juliett, Zulu, Foxtrot and Whiskey, sending you 3
2024-10-14 17:36:28.553267 Juliett: Alpha, sending you 3
2024-10-14 17:36:28.553773 Foxtrot: Zulu and Whiskey, sending you 5
2024-10-14 17:36:28.554679 Lima: Mike, sending you 4
2024-10-14 17:36:28.555667 Zulu: Alpha, sending you 4
2024-10-14 17:36:28.556479 Alpha: India, sending you 2
2024-10-14 17:36:28.557139 India: Juliett, Alpha and Foxtrot, sending you 2
2024-10-14 17:36:28.557802 Foxtrot: Alpha, sending you 3
2024-10-14 17:36:28.558465 November: Lima, sending you 5
2024-10-14 17:36:28.558950 Juliett: Foxtrot and India, sending you 1
2024-10-14 17:36:28.559488 Zulu: Foxtrot, sending you 5
2024-10-14 17:36:28.561665 India: Zulu, sending you 1
2024-10-14 17:36:28.562719 November: Kilo, sending you 3
2024-10-14 17:36:28.563429 Juliett: Whiskey, sending you 4
2024-10-14 17:36:28.564485 Zulu: India, sending you 1
2024-10-14 17:36:28.565678 Whiskey: Juliett, Alpha and India, sending you 3
2024-10-14 17:36:28.566664 India: Whiskey, sending you 4
2024-10-14 17:36:28.569665 Zulu: Whiskey, sending you 6
2024-10-14 17:36:28.570260 Whiskey: Zulu and Foxtrot, sending you 4
chatterbot Alpha submitting transactions
chatterbot Mike submitting transactions
chatterbot Kilo submitting transactions
chatterbot November submitting transactions
chatterbot India submitting transactions
chatterbot Foxtrot submitting transactions
chatterbot Juliett submitting transactions
chatterbot Lima submitting transactions
chatterbot Zulu submitting transactions
chatterbot Whiskey submitting transactions
ChatterBot Juliett round 11
ChatterBot November round 11
ChatterBot Zulu round 11
ChatterBot Mike round 11
ChatterBot Lima round 11
ChatterBot Alpha round 11
ChatterBot Kilo round 11
ChatterBot Foxtrot round 11
ChatterBot India round 11
ChatterBot Whiskey round 11
2024-10-14 17:36:29.625049 Kilo: We should drop Zulu and Whiskey
2024-10-14 17:36:29.631968 Mike: Yes
2024-10-14 17:36:29.632113 November: Yes
2024-10-14 17:36:29.632222 Lima: Yes
ChatterBot Kilo reevaluating
ChatterBot Kilo reevaluating
ChatterBot Kilo reevaluating
2024-10-14 17:36:29.653693 Juliett: Zulu and Foxtrot, sending you 2
2024-10-14 17:36:29.655287 Lima: November and Kilo, sending you 5
2024-10-14 17:36:29.655970 November: Mike, sending you 4
2024-10-14 17:36:29.658668 Juliett: Alpha and Whiskey, sending you 3
2024-10-14 17:36:29.660888 Lima: Mike, sending you 4
2024-10-14 17:36:29.661356 November: Lima, sending you 5
2024-10-14 17:36:29.663682 Juliett: India, sending you 1
2024-10-14 17:36:29.665663 November: Kilo, sending you 3
2024-10-14 17:36:29.666132 Alpha: Juliett, Zulu, Foxtrot and Whiskey, sending you 3
2024-10-14 17:36:29.667723 India: Juliett, Alpha and Foxtrot, sending you 2
2024-10-14 17:36:29.669680 Zulu: Juliett, sending you 2
2024-10-14 17:36:29.670684 Alpha: India, sending you 2
2024-10-14 17:36:29.671498 Whiskey: Juliett, Alpha and India, sending you 3
2024-10-14 17:36:29.672477 India: Zulu, sending you 1
2024-10-14 17:36:29.673445 Mike: Same as last round
2024-10-14 17:36:29.674389 Foxtrot: Juliett and India, sending you 2
2024-10-14 17:36:29.675551 Zulu: Alpha, sending you 4
2024-10-14 17:36:29.677414 Whiskey: Zulu and Foxtrot, sending you 4
2024-10-14 17:36:29.678641 India: Whiskey, sending you 4
2024-10-14 17:36:29.679890 Foxtrot: Zulu and Whiskey, sending you 5
2024-10-14 17:36:29.680668 Zulu: Foxtrot, sending you 5
2024-10-14 17:36:29.684259 Foxtrot: Alpha, sending you 3
2024-10-14 17:36:29.685060 Zulu: India, sending you 1
2024-10-14 17:36:29.690985 Zulu: Whiskey, sending you 6
chatterbot Mike submitting transactions
chatterbot India submitting transactions
chatterbot Whiskey submitting transactions
chatterbot November submitting transactions
chatterbot Juliett submitting transactions
chatterbot Kilo submitting transactions
chatterbot Foxtrot submitting transactions
chatterbot Zulu submitting transactions
chatterbot Alpha submitting transactions
chatterbot Lima submitting transactions
ChatterBot Juliett round 12
ChatterBot November round 12
ChatterBot Zulu round 12
ChatterBot Mike round 12
ChatterBot Lima round 12
ChatterBot Alpha round 12
ChatterBot Kilo round 12
ChatterBot Foxtrot round 12
ChatterBot India round 12
ChatterBot Whiskey round 12
2024-10-14 17:36:30.859827 Kilo: We should drop Zulu and Whiskey
2024-10-14 17:36:30.869770 Mike: Yes
2024-10-14 17:36:30.869974 November: Yes
2024-10-14 17:36:30.870145 Lima: Yes
ChatterBot Kilo reevaluating
ChatterBot Kilo reevaluating
ChatterBot Kilo reevaluating
2024-10-14 17:36:30.892372 Alpha: Juliett, Zulu, Foxtrot and Whiskey, sending you 3
2024-10-14 17:36:30.896654 November: Mike, sending you 4
2024-10-14 17:36:30.897205 Lima: November and Kilo, sending you 5
2024-10-14 17:36:30.897585 Zulu: Juliett, sending you 2
2024-10-14 17:36:30.898586 Juliett: Zulu and Foxtrot, sending you 2
2024-10-14 17:36:30.899125 Foxtrot: Juliett and India, sending you 2
2024-10-14 17:36:30.899684 Alpha: India, sending you 2
2024-10-14 17:36:30.900320 Mike: Same as last round
2024-10-14 17:36:30.900698 Lima: Mike, sending you 4
2024-10-14 17:36:30.901696 November: Lima, sending you 5
2024-10-14 17:36:30.902393 Zulu: Alpha, sending you 4
2024-10-14 17:36:30.903224 Juliett: Alpha and Whiskey, sending you 3
2024-10-14 17:36:30.903891 Foxtrot: Zulu and Whiskey, sending you 5
2024-10-14 17:36:30.905673 Zulu: Foxtrot, sending you 5
2024-10-14 17:36:30.906728 November: Kilo, sending you 3
2024-10-14 17:36:30.907668 Juliett: India, sending you 1
2024-10-14 17:36:30.908440 Foxtrot: Alpha, sending you 3
2024-10-14 17:36:30.911058 Whiskey: Juliett, Alpha and India, sending you 3
2024-10-14 17:36:30.912014 Zulu: India, sending you 1
2024-10-14 17:36:30.915671 India: Juliett, Zulu, Alpha and Foxtrot, sending you 2
2024-10-14 17:36:30.916681 Zulu: Whiskey, sending you 6
2024-10-14 17:36:30.917622 Whiskey: Zulu and Foxtrot, sending you 4
2024-10-14 17:36:30.921671 India: Whiskey, sending you 3
chatterbot Juliett submitting transactions
chatterbot Whiskey submitting transactions
chatterbot Mike submitting transactions
chatterbot Kilo submitting transactions
chatterbot Lima submitting transactions
chatterbot November submitting transactions
chatterbot Alpha submitting transactions
chatterbot Foxtrot submitting transactions
chatterbot Zulu submitting transactions
chatterbot India submitting transactions
ChatterBot Juliett round 13
ChatterBot November round 13
ChatterBot Zulu round 13
ChatterBot Mike round 13
ChatterBot Lima round 13
ChatterBot Alpha round 13
ChatterBot Kilo round 13
ChatterBot Foxtrot round 13
ChatterBot India round 13
ChatterBot Whiskey round 13
2024-10-14 17:36:32.167794 Kilo: We should drop Zulu and Whiskey
2024-10-14 17:36:32.175407 Mike: Yes
2024-10-14 17:36:32.175568 November: Yes
2024-10-14 17:36:32.175794 Lima: Yes
ChatterBot Kilo reevaluating
ChatterBot Kilo reevaluating
ChatterBot Kilo reevaluating
2024-10-14 17:36:32.197390 Lima: November and Kilo, sending you 5
2024-10-14 17:36:32.199799 Zulu: Juliett, sending you 2
2024-10-14 17:36:32.201150 Juliett: Zulu and Foxtrot, sending you 2
2024-10-14 17:36:32.202117 Alpha: Juliett, Zulu, Foxtrot and Whiskey, sending you 3
2024-10-14 17:36:32.202892 November: Mike, sending you 4
2024-10-14 17:36:32.203367 Mike: Same as last round
2024-10-14 17:36:32.203924 Lima: Mike, sending you 4
2024-10-14 17:36:32.204521 Foxtrot: Juliett and India, sending you 2
2024-10-14 17:36:32.206022 Zulu: Alpha, sending you 4
2024-10-14 17:36:32.206692 Juliett: Alpha and Whiskey, sending you 3
2024-10-14 17:36:32.207456 November: Lima, sending you 5
2024-10-14 17:36:32.208016 Alpha: India, sending you 2
2024-10-14 17:36:32.210670 Foxtrot: Zulu and Whiskey, sending you 5
2024-10-14 17:36:32.211347 Juliett: India, sending you 1
2024-10-14 17:36:32.212322 November: Kilo, sending you 3
2024-10-14 17:36:32.212759 Zulu: Foxtrot, sending you 5
2024-10-14 17:36:32.213381 Whiskey: Juliett, Alpha and India, sending you 3
2024-10-14 17:36:32.214067 India: Juliett, Zulu, Alpha and Foxtrot, sending you 2
2024-10-14 17:36:32.214732 Foxtrot: Alpha, sending you 3
2024-10-14 17:36:32.217668 Zulu: India, sending you 1
2024-10-14 17:36:32.218327 Whiskey: Zulu and Foxtrot, sending you 4
2024-10-14 17:36:32.219010 India: Whiskey, sending you 3
2024-10-14 17:36:32.222656 Zulu: Whiskey, sending you 6
chatterbot Alpha submitting transactions
chatterbot Zulu submitting transactions
chatterbot Juliett submitting transactions
chatterbot Kilo submitting transactions
chatterbot November submitting transactions
chatterbot Whiskey submitting transactions
chatterbot Foxtrot submitting transactions
chatterbot Lima submitting transactions
chatterbot Mike submitting transactions
chatterbot India submitting transactions
ChatterBot Juliett round 14
ChatterBot November round 14
ChatterBot Zulu round 14
ChatterBot Mike round 14
ChatterBot Lima round 14
ChatterBot Alpha round 14
ChatterBot Kilo round 14
ChatterBot Foxtrot round 14
ChatterBot India round 14
ChatterBot Whiskey round 14
2024-10-14 17:36:33.344873 Kilo: We should drop Zulu and Whiskey
2024-10-14 17:36:33.353936 Mike: Yes
2024-10-14 17:36:33.354157 November: Yes
2024-10-14 17:36:33.354345 Lima: Yes
ChatterBot Kilo reevaluating
ChatterBot Kilo reevaluating
ChatterBot Kilo reevaluating
2024-10-14 17:36:33.383698 Lima: November and Kilo, sending you 5
2024-10-14 17:36:33.384292 November: Mike, sending you 4
