ChatterBot Papa round 1
ChatterBot Uniform round 1
ChatterBot Kilo round 1
ChatterBot Golf round 1
ChatterBot X-ray round 1
ChatterBot Lima round 1
ChatterBot Victor round 1
ChatterBot Bravo round 1
ChatterBot Whiskey round 1
ChatterBot November round 1
randomSelections X-ray: {X-ray, Uniform, Victor, Whiskey} 
2024-10-14 17:36:16.414634 X-ray: We would work well together
ChatterBot Uniform reevaluating
ChatterBot Victor reevaluating
ChatterBot Whiskey reevaluating
2024-10-14 17:36:16.445258 Uniform: Yes
2024-10-14 17:36:16.445466 Victor: Yes
2024-10-14 17:36:16.445966 Whiskey: Yes
ChatterBot Victor reevaluating
ChatterBot Whiskey reevaluating
ChatterBot Uniform reevaluating
ChatterBot Whiskey reevaluating
ChatterBot Uniform reevaluating
ChatterBot Victor reevaluating
randomSelections Papa: {Papa, Bravo, Kilo, Lima, Victor, X-ray, Whiskey} 
2024-10-14 17:36:16.472489 Papa: Friends?
ChatterBot Bravo reevaluating
ChatterBot Kilo reevaluating
ChatterBot Lima reevaluating
ChatterBot Victor reevaluating
ChatterBot Whiskey reevaluating
2024-10-14 17:36:16.485302 Bravo: Yes
2024-10-14 17:36:16.485669 Kilo: Yes
2024-10-14 17:36:16.486447 Lima: Yes
2024-10-14 17:36:16.486641 Victor: No
2024-10-14 17:36:16.487039 X-ray: No
2024-10-14 17:36:16.487502 Whiskey: No
ChatterBot Kilo reevaluating
ChatterBot Lima reevaluating
ChatterBot Victor reevaluating
ChatterBot Whiskey reevaluating
ChatterBot Bravo reevaluating
ChatterBot Lima reevaluating
ChatterBot Victor reevaluating
ChatterBot Whiskey reevaluating
ChatterBot Bravo reevaluating
ChatterBot Kilo reevaluating
ChatterBot Victor reevaluating
ChatterBot Whiskey reevaluating
ChatterBot Bravo reevaluating
ChatterBot Kilo reevaluating
ChatterBot Lima reevaluating
ChatterBot Whiskey reevaluating
ChatterBot Bravo reevaluating
ChatterBot Kilo reevaluating
ChatterBot Lima reevaluating
ChatterBot Victor reevaluating
ChatterBot Whiskey reevaluating
ChatterBot Bravo reevaluating
ChatterBot Kilo reevaluating
ChatterBot Lima reevaluating
ChatterBot Victor reevaluating
randomSelections Golf: {Golf, November, Kilo, Whiskey, Papa, Bravo, Lima} 
2024-10-14 17:36:16.576460 Golf: Can we be friends?
ChatterBot November reevaluating
ChatterBot Kilo reevaluating
ChatterBot Whiskey reevaluating
ChatterBot Bravo reevaluating
ChatterBot Lima reevaluating
2024-10-14 17:36:16.586987 November: Yes
2024-10-14 17:36:16.587686 Kilo: No
2024-10-14 17:36:16.587855 Whiskey: No
2024-10-14 17:36:16.588168 Papa: No
2024-10-14 17:36:16.588492 Bravo: No
2024-10-14 17:36:16.589768 Lima: No
ChatterBot Kilo reevaluating
ChatterBot Whiskey reevaluating
ChatterBot Bravo reevaluating
ChatterBot Lima reevaluating
ChatterBot November reevaluating
ChatterBot Whiskey reevaluating
ChatterBot Bravo reevaluating
ChatterBot Lima reevaluating
ChatterBot November reevaluating
ChatterBot Kilo reevaluating
ChatterBot Bravo reevaluating
ChatterBot Lima reevaluating
ChatterBot November reevaluating
ChatterBot Kilo reevaluating
ChatterBot Whiskey reevaluating
ChatterBot Bravo reevaluating
ChatterBot Lima reevaluating
ChatterBot November reevaluating
ChatterBot Kilo reevaluating
ChatterBot Whiskey reevaluating
ChatterBot Lima reevaluating
ChatterBot November reevaluating
ChatterBot Kilo reevaluating
ChatterBot Whiskey reevaluating
ChatterBot Bravo reevaluating
2024-10-14 17:36:16.661676 Lima: Papa, Bravo and Whiskey, sending you 2
2024-10-14 17:36:16.664668 X-ray: Victor, sending you 1
2024-10-14 17:36:16.665070 Lima: Kilo and Victor, sending you 1
2024-10-14 17:36:16.667663 Uniform: Sending you each 5
2024-10-14 17:36:16.669702 Papa: Kilo, sending you 2
2024-10-14 17:36:16.671669 Kilo: Papa, X-ray and Bravo, sending you 2
2024-10-14 17:36:16.674701 Golf: Papa and Whiskey, sending you 1
2024-10-14 17:36:16.675028 Papa: X-ray and Victor, sending you 3
2024-10-14 17:36:16.675322 Kilo: Lima, sending you 1
2024-10-14 17:36:16.676670 November: Golf, sending you 1
2024-10-14 17:36:16.677670 Golf: Kilo and Bravo, sending you 4
2024-10-14 17:36:16.678677 Victor: Uniform, sending you 8
2024-10-14 17:36:16.678895 Bravo: Papa, sending you 2
2024-10-14 17:36:16.679695 Papa: Lima and Whiskey, sending you 1
2024-10-14 17:36:16.680008 Kilo: Victor, sending you 3
2024-10-14 17:36:16.680663 November: Lima, Bravo and Whiskey, sending you 3
2024-10-14 17:36:16.681696 Golf: Lima and November, sending you 3
2024-10-14 17:36:16.682001 Bravo: Kilo and X-ray, sending you 1
2024-10-14 17:36:16.682914 Victor: X-ray, sending you 4
2024-10-14 17:36:16.683678 Whiskey: Uniform and X-ray, sending you 1
2024-10-14 17:36:16.684703 Papa: Bravo, sending you 5
2024-10-14 17:36:16.685686 Bravo: Lima, sending you 3
2024-10-14 17:36:16.685975 Victor: Whiskey, sending you 7
2024-10-14 17:36:16.686685 Whiskey: Victor, sending you 3
2024-10-14 17:36:16.688699 Bravo: Victor and Whiskey, sending you 4
chatterbot Papa submitting transactions
chatterbot November submitting transactions
chatterbot Golf submitting transactions
chatterbot Whiskey submitting transactions
chatterbot X-ray submitting transactions
chatterbot Uniform submitting transactions
chatterbot Bravo submitting transactions
chatterbot Kilo submitting transactions
chatterbot Victor submitting transactions
chatterbot Lima submitting transactions
ChatterBot Papa round 2
ChatterBot Uniform round 2
ChatterBot Kilo round 2
ChatterBot Golf round 2
ChatterBot X-ray round 2
ChatterBot Lima round 2
ChatterBot Victor round 2
ChatterBot Bravo round 2
ChatterBot Whiskey round 2
ChatterBot November round 2
2024-10-14 17:36:18.277188 Victor: We should add Bravo
ChatterBot X-ray reevaluating
ChatterBot Uniform reevaluating
ChatterBot Whiskey reevaluating
2024-10-14 17:36:18.293716 X-ray: No
2024-10-14 17:36:18.293912 Uniform: No
2024-10-14 17:36:18.294069 Whiskey: No
ChatterBot Uniform reevaluating
ChatterBot Victor reevaluating
ChatterBot Whiskey reevaluating
ChatterBot X-ray reevaluating
ChatterBot Victor reevaluating
ChatterBot Whiskey reevaluating
ChatterBot X-ray reevaluating
ChatterBot Uniform reevaluating
ChatterBot Victor reevaluating
2024-10-14 17:36:18.416963 Kilo: We should group up
ChatterBot Papa reevaluating
ChatterBot Lima reevaluating
ChatterBot Bravo reevaluating
ChatterBot November reevaluating
2024-10-14 17:36:18.444832 Papa: Yes
2024-10-14 17:36:18.445843 Golf: Yes
2024-10-14 17:36:18.446217 Lima: Yes
2024-10-14 17:36:18.446573 Bravo: Yes
2024-10-14 17:36:18.447582 November: Yes
ChatterBot Lima reevaluating
ChatterBot Bravo reevaluating
ChatterBot November reevaluating
ChatterBot Papa reevaluating
ChatterBot Lima reevaluating
ChatterBot Bravo reevaluating
ChatterBot November reevaluating
ChatterBot Papa reevaluating
ChatterBot Bravo reevaluating
ChatterBot November reevaluating
ChatterBot Papa reevaluating
ChatterBot Lima reevaluating
ChatterBot November reevaluating
ChatterBot Papa reevaluating
ChatterBot Lima reevaluating
ChatterBot Bravo reevaluating
2024-10-14 17:36:18.584285 Uniform: We should add November
ChatterBot X-ray reevaluating
ChatterBot Victor reevaluating
ChatterBot Whiskey reevaluating
2024-10-14 17:36:18.593989 X-ray: No
2024-10-14 17:36:18.594557 Victor: No
2024-10-14 17:36:18.594708 Whiskey: No
ChatterBot Uniform reevaluating
ChatterBot Victor reevaluating
ChatterBot Whiskey reevaluating
ChatterBot X-ray reevaluating
ChatterBot Uniform reevaluating
ChatterBot Whiskey reevaluating
ChatterBot X-ray reevaluating
ChatterBot Uniform reevaluating
ChatterBot Victor reevaluating
2024-10-14 17:36:18.635504 Golf: We should drop Whiskey
ChatterBot Papa reevaluating
ChatterBot Lima reevaluating
ChatterBot Bravo reevaluating
ChatterBot November reevaluating
2024-10-14 17:36:18.652197 Kilo: Yes
2024-10-14 17:36:18.652333 Papa: Yes
2024-10-14 17:36:18.652436 Lima: Yes
2024-10-14 17:36:18.652930 Bravo: Yes
2024-10-14 17:36:18.653031 November: Yes
ChatterBot Papa reevaluating
ChatterBot Lima reevaluating
ChatterBot Bravo reevaluating
ChatterBot November reevaluating
ChatterBot Lima reevaluating
ChatterBot Bravo reevaluating
ChatterBot November reevaluating
ChatterBot Papa reevaluating
ChatterBot Bravo reevaluating
ChatterBot November reevaluating
ChatterBot Papa reevaluating
ChatterBot Lima reevaluating
ChatterBot November reevaluating
ChatterBot Papa reevaluating
ChatterBot Lima reevaluating
ChatterBot Bravo reevaluating
2024-10-14 17:36:18.735993 Victor: We should add Kilo
ChatterBot X-ray reevaluating
ChatterBot Uniform reevaluating
ChatterBot Whiskey reevaluating
2024-10-14 17:36:18.752101 X-ray: No
2024-10-14 17:36:18.752387 Uniform: No
2024-10-14 17:36:18.752624 Whiskey: No
ChatterBot Uniform reevaluating
ChatterBot Victor reevaluating
ChatterBot Whiskey reevaluating
ChatterBot X-ray reevaluating
ChatterBot Victor reevaluating
ChatterBot Whiskey reevaluating
ChatterBot X-ray reevaluating
ChatterBot Uniform reevaluating
ChatterBot Victor reevaluating
2024-10-14 17:36:18.878530 Bravo: Papa, sending you 4
2024-10-14 17:36:18.878922 Golf: Papa, Kilo, Lima and Bravo, sending you 1
2024-10-14 17:36:18.879221 Kilo: Papa, Lima and Bravo, sending you 2
2024-10-14 17:36:18.879958 Lima: Papa, Golf, Bravo and November, sending you 2
2024-10-14 17:36:18.880244 Papa: Kilo, sending you 5
2024-10-14 17:36:18.890770 Golf: November, sending you 11
2024-10-14 17:36:18.891533 Kilo: Golf, sending you 3
2024-10-14 17:36:18.891894 Papa: Golf, sending you 2
2024-10-14 17:36:18.892609 X-ray: Uniform, sending you 5
2024-10-14 17:36:18.892967 Bravo: Kilo, Golf and November, sending you 3
2024-10-14 17:36:18.893357 Whiskey: Uniform, sending you 4
2024-10-14 17:36:18.894127 Uniform: Victor, sending you 13
2024-10-14 17:36:18.902197 Papa: Lima and Bravo, sending you 4
2024-10-14 17:36:18.903083 Kilo: November, sending you 1
2024-10-14 17:36:18.903514 X-ray: Victor, sending you 4
2024-10-14 17:36:18.904311 Bravo: Lima, sending you 2
2024-10-14 17:36:18.904772 Whiskey: X-ray, sending you 1
2024-10-14 17:36:18.905528 Uniform: Whiskey, sending you 2
2024-10-14 17:36:18.909622 X-ray: Whiskey, sending you 3
2024-10-14 17:36:18.909969 Whiskey: Victor, sending you 5
2024-10-14 17:36:18.910303 November: Papa, Kilo, Lima and Bravo, sending you 1
2024-10-14 17:36:18.932737 November: Golf, sending you 6
chatterbot Uniform submitting transactions
chatterbot Papa submitting transactions
chatterbot Golf submitting transactions
chatterbot Lima submitting transactions
chatterbot Bravo submitting transactions
chatterbot November submitting transactions
chatterbot Kilo submitting transactions
chatterbot X-ray submitting transactions
chatterbot Whiskey submitting transactions
chatterbot Victor submitting transactions
ChatterBot Papa round 3
ChatterBot Uniform round 3
ChatterBot Kilo round 3
ChatterBot Golf round 3
ChatterBot X-ray round 3
ChatterBot Lima round 3
ChatterBot Victor round 3
ChatterBot Bravo round 3
ChatterBot Whiskey round 3
ChatterBot November round 3
2024-10-14 17:36:20.068044 Victor: We should add Papa
2024-10-14 17:36:20.076003 X-ray: No
2024-10-14 17:36:20.076207 Uniform: No
2024-10-14 17:36:20.076335 Whiskey: No
ChatterBot Victor reevaluating
ChatterBot Victor reevaluating
ChatterBot Victor reevaluating
2024-10-14 17:36:20.145493 Victor: We should add Lima
2024-10-14 17:36:20.190182 X-ray: No
2024-10-14 17:36:20.190442 Uniform: No
2024-10-14 17:36:20.190636 Whiskey: No
ChatterBot Victor reevaluating
ChatterBot Victor reevaluating
ChatterBot Victor reevaluating
2024-10-14 17:36:20.221178 Papa: Kilo, sending you 3
2024-10-14 17:36:20.223677 Golf: Papa, sending you 2
2024-10-14 17:36:20.224913 Papa: Golf, sending you 2
2024-10-14 17:36:20.225830 Lima: Papa, Golf, Bravo and November, sending you 2
2024-10-14 17:36:20.226496 Kilo: Papa, sending you 4
2024-10-14 17:36:20.227817 X-ray: Uniform and Victor, sending you 4
2024-10-14 17:36:20.228535 Uniform: X-ray, sending you 4
2024-10-14 17:36:20.229883 Golf: Kilo, Lima and Bravo, sending you 3
2024-10-14 17:36:20.230591 Lima: Kilo, sending you 1
2024-10-14 17:36:20.231182 Papa: Lima, sending you 4
2024-10-14 17:36:20.232693 Kilo: Golf and Bravo, sending you 2
2024-10-14 17:36:20.233409 X-ray: Whiskey, sending you 3
2024-10-14 17:36:20.234598 Golf: November, sending you 5
2024-10-14 17:36:20.235148 Uniform: Victor, sending you 8
2024-10-14 17:36:20.235658 Papa: Bravo, sending you 5
2024-10-14 17:36:20.236632 Kilo: Lima and November, sending you 1
2024-10-14 17:36:20.238899 Papa: November, sending you 1
2024-10-14 17:36:20.241077 Uniform: Whiskey, sending you 3
2024-10-14 17:36:20.241784 Whiskey: Uniform, sending you 3
2024-10-14 17:36:20.243688 November: Papa and Kilo, sending you 1
2024-10-14 17:36:20.244449 Bravo: Papa, sending you 4
2024-10-14 17:36:20.245836 Whiskey: X-ray, sending you 2
2024-10-14 17:36:20.247670 Bravo: Kilo, Golf and Lima, sending you 3
2024-10-14 17:36:20.248924 November: Golf, sending you 4
2024-10-14 17:36:20.249920 Whiskey: Victor, sending you 5
2024-10-14 17:36:20.253156 Bravo: November, sending you 2
2024-10-14 17:36:20.253827 November: Lima and Bravo, sending you 2
chatterbot Golf submitting transactions
chatterbot Papa submitting transactions
chatterbot November submitting transactions
chatterbot Whiskey submitting transactions
chatterbot Kilo submitting transactions
chatterbot Uniform submitting transactions
chatterbot Lima submitting transactions
chatterbot X-ray submitting transactions
chatterbot Bravo submitting transactions
chatterbot Victor submitting transactions
ChatterBot Papa round 4
ChatterBot Uniform round 4
ChatterBot Kilo round 4
ChatterBot Golf round 4
ChatterBot X-ray round 4
ChatterBot Lima round 4
ChatterBot Victor round 4
ChatterBot Bravo round 4
ChatterBot Whiskey round 4
ChatterBot November round 4
2024-10-14 17:36:21.473677 Lima: Sending you each 2
2024-10-14 17:36:21.475862 Uniform: X-ray, sending you 4
2024-10-14 17:36:21.477665 Bravo: Papa, sending you 4
2024-10-14 17:36:21.478263 Papa: Kilo, sending you 4
2024-10-14 17:36:21.479116 Golf: Papa, sending you 2
2024-10-14 17:36:21.479510 Kilo: Papa, sending you 4
2024-10-14 17:36:21.479906 Uniform: Victor, sending you 8
2024-10-14 17:36:21.480706 Bravo: Kilo, Golf and Lima, sending you 3
2024-10-14 17:36:21.481698 Golf: Kilo, Lima and Bravo, sending you 3
2024-10-14 17:36:21.483679 Papa: Golf, sending you 2
2024-10-14 17:36:21.484087 Kilo: Golf and Bravo, sending you 2
2024-10-14 17:36:21.484439 X-ray: Uniform, sending you 4
2024-10-14 17:36:21.484801 Uniform: Whiskey, sending you 3
2024-10-14 17:36:21.485079 November: Papa, sending you 1
2024-10-14 17:36:21.485934 Bravo: November, sending you 2
2024-10-14 17:36:21.486407 Golf: November, sending you 5
2024-10-14 17:36:21.487660 Victor: Uniform, sending you 8
2024-10-14 17:36:21.488130 Kilo: Lima and November, sending you 1
2024-10-14 17:36:21.489137 Papa: Lima, sending you 3
2024-10-14 17:36:21.489549 November: Kilo, Lima and Bravo, sending you 2
2024-10-14 17:36:21.489978 X-ray: Victor, sending you 5
2024-10-14 17:36:21.491811 Victor: X-ray, sending you 4
2024-10-14 17:36:21.492286 Papa: Bravo, sending you 5
2024-10-14 17:36:21.493664 Whiskey: Uniform, sending you 3
2024-10-14 17:36:21.494815 November: Golf, sending you 3
2024-10-14 17:36:21.495291 X-ray: Whiskey, sending you 3
2024-10-14 17:36:21.495655 Victor: Whiskey, sending you 6
2024-10-14 17:36:21.496679 Papa: November, sending you 1
2024-10-14 17:36:21.497184 Whiskey: X-ray, sending you 2
2024-10-14 17:36:21.500810 Whiskey: Victor, sending you 5
chatterbot Papa submitting transactions
chatterbot Bravo submitting transactions
chatterbot Lima submitting transactions
chatterbot Victor submitting transactions
chatterbot X-ray submitting transactions
chatterbot November submitting transactions
chatterbot Kilo submitting transactions
chatterbot Whiskey submitting transactions
chatterbot Uniform submitting transactions
chatterbot Golf submitting transactions
ChatterBot Papa round 5
ChatterBot Uniform round 5
ChatterBot Kilo round 5
ChatterBot Golf round 5
ChatterBot X-ray round 5
ChatterBot Lima round 5
ChatterBot Victor round 5
ChatterBot Bravo round 5
ChatterBot Whiskey round 5
ChatterBot November round 5
2024-10-14 17:36:22.653394 Victor: We should add November
2024-10-14 17:36:22.659376 X-ray: No
2024-10-14 17:36:22.659537 Uniform: No
2024-10-14 17:36:22.659686 Whiskey: No
ChatterBot Victor reevaluating
ChatterBot Victor reevaluating
ChatterBot Victor reevaluating
2024-10-14 17:36:22.692822 Victor: We should add Lima
2024-10-14 17:36:22.700040 X-ray: No
2024-10-14 17:36:22.700191 Uniform: No
2024-10-14 17:36:22.700297 Whiskey: No
ChatterBot Victor reevaluating
ChatterBot Victor reevaluating
ChatterBot Victor reevaluating
2024-10-14 17:36:22.715730 Papa: Kilo, sending you 4
2024-10-14 17:36:22.718664 Uniform: X-ray, sending you 4
2024-10-14 17:36:22.719670 Golf: Papa, Kilo, Lima and Bravo, sending you 3
2024-10-14 17:36:22.721054 X-ray: Uniform and Victor, sending you 5
2024-10-14 17:36:22.721425 Papa: Golf, sending you 2
2024-10-14 17:36:22.721833 Kilo: Sending you each 2
2024-10-14 17:36:22.722227 Uniform: Victor, sending you 8
2024-10-14 17:36:22.722650 Golf: November, sending you 4
2024-10-14 17:36:22.724666 X-ray: Whiskey, sending you 3
2024-10-14 17:36:22.725036 Papa: Lima, sending you 3
2024-10-14 17:36:22.726666 Uniform: Whiskey, sending you 3
2024-10-14 17:36:22.726934 November: Papa, sending you 1
2024-10-14 17:36:22.727687 Papa: Bravo, sending you 5
2024-10-14 17:36:22.731700 November: Kilo, Lima and Bravo, sending you 2
2024-10-14 17:36:22.732105 Papa: November, sending you 1
2024-10-14 17:36:22.735319 November: Golf, sending you 3
2024-10-14 17:36:22.735977 Lima: Same as last round
2024-10-14 17:36:22.737657 Victor: Uniform, sending you 8
2024-10-14 17:36:22.738666 Whiskey: Uniform, sending you 3
2024-10-14 17:36:22.740180 Bravo: Papa, sending you 4
2024-10-14 17:36:22.740861 Victor: X-ray, sending you 5
2024-10-14 17:36:22.743674 Whiskey: X-ray, sending you 2
2024-10-14 17:36:22.744020 Bravo: Kilo, Golf and Lima, sending you 3
2024-10-14 17:36:22.744715 Victor: Whiskey, sending you 6
2024-10-14 17:36:22.746656 Whiskey: Victor, sending you 5
2024-10-14 17:36:22.747052 Bravo: November, sending you 2
chatterbot X-ray submitting transactions
chatterbot Papa submitting transactions
chatterbot Lima submitting transactions
chatterbot Bravo submitting transactions
chatterbot Whiskey submitting transactions
chatterbot Uniform submitting transactions
chatterbot Kilo submitting transactions
chatterbot Victor submitting transactions
chatterbot Golf submitting transactions
chatterbot November submitting transactions
ChatterBot Papa round 6
ChatterBot Uniform round 6
ChatterBot Kilo round 6
ChatterBot Golf round 6
ChatterBot X-ray round 6
ChatterBot Lima round 6
ChatterBot Victor round 6
ChatterBot Bravo round 6
ChatterBot Whiskey round 6
ChatterBot November round 6
2024-10-14 17:36:23.853659 Golf: Papa, Kilo, Lima and Bravo, sending you 3
2024-10-14 17:36:23.857659 Golf: November, sending you 4
2024-10-14 17:36:23.860687 Lima: Same as last round
2024-10-14 17:36:23.864674 Papa: Kilo, sending you 4
2024-10-14 17:36:23.866678 Victor: Uniform, sending you 8
2024-10-14 17:36:23.867121 November: Papa, sending you 1
2024-10-14 17:36:23.867686 Kilo: Same as last round
2024-10-14 17:36:23.868679 Uniform: X-ray, sending you 4
2024-10-14 17:36:23.869677 X-ray: Uniform and Whiskey, sending you 4
2024-10-14 17:36:23.870061 Papa: Golf, sending you 2
2024-10-14 17:36:23.870470 Victor: X-ray, sending you 5
2024-10-14 17:36:23.870836 November: Kilo, Lima and Bravo, sending you 2
2024-10-14 17:36:23.871696 Bravo: Papa, sending you 4
2024-10-14 17:36:23.872692 X-ray: Victor, sending you 5
2024-10-14 17:36:23.873092 Papa: Lima, sending you 3
2024-10-14 17:36:23.873861 Uniform: Victor, sending you 8
2024-10-14 17:36:23.874207 November: Golf, sending you 3
2024-10-14 17:36:23.874681 Victor: Whiskey, sending you 6
2024-10-14 17:36:23.875690 Whiskey: Uniform, sending you 3
2024-10-14 17:36:23.876154 Bravo: Kilo, Golf and Lima, sending you 3
2024-10-14 17:36:23.876695 Papa: Bravo, sending you 5
2024-10-14 17:36:23.877673 Uniform: Whiskey, sending you 3
2024-10-14 17:36:23.878661 Whiskey: X-ray, sending you 2
2024-10-14 17:36:23.880664 Bravo: November, sending you 2
2024-10-14 17:36:23.881255 Papa: November, sending you 1
2024-10-14 17:36:23.883694 Whiskey: Victor, sending you 5
chatterbot Golf submitting transactions
chatterbot November submitting transactions
chatterbot Bravo submitting transactions
chatterbot Kilo submitting transactions
chatterbot Lima submitting transactions
chatterbot Papa submitting transactions
chatterbot Victor submitting transactions
chatterbot Whiskey submitting transactions
chatterbot Uniform submitting transactions
chatterbot X-ray submitting transactions
ChatterBot Papa round 7
ChatterBot Uniform round 7
ChatterBot Kilo round 7
ChatterBot Golf round 7
ChatterBot X-ray round 7
ChatterBot Lima round 7
ChatterBot Victor round 7
ChatterBot Bravo round 7
ChatterBot Whiskey round 7
ChatterBot November round 7
2024-10-14 17:36:25.082682 Kilo: Same as last round
2024-10-14 17:36:25.085663 Uniform: X-ray, sending you 4
2024-10-14 17:36:25.086186 Papa: Kilo, sending you 4
2024-10-14 17:36:25.087680 Lima: Same as last round
2024-10-14 17:36:25.090684 Uniform: Victor, sending you 8
2024-10-14 17:36:25.091171 Victor: Uniform, sending you 8
2024-10-14 17:36:25.092554 Papa: Golf and Lima, sending you 3
2024-10-14 17:36:25.094725 Uniform: Whiskey, sending you 3
2024-10-14 17:36:25.095355 Victor: X-ray, sending you 5
2024-10-14 17:36:25.096701 X-ray: Uniform and Victor, sending you 5
2024-10-14 17:36:25.097304 Papa: Bravo, sending you 5
2024-10-14 17:36:25.097865 Golf: Papa, Kilo, Lima and Bravo, sending you 3
2024-10-14 17:36:25.099218 Bravo: Papa, sending you 4
2024-10-14 17:36:25.099819 Victor: Whiskey, sending you 6
2024-10-14 17:36:25.102170 X-ray: Whiskey, sending you 4
2024-10-14 17:36:25.102968 Bravo: Kilo, Golf and Lima, sending you 3
2024-10-14 17:36:25.103759 Golf: November, sending you 4
2024-10-14 17:36:25.105373 November: Papa, sending you 1
2024-10-14 17:36:25.106697 Bravo: November, sending you 2
2024-10-14 17:36:25.109674 November: Kilo, Lima and Bravo, sending you 2
2024-10-14 17:36:25.111691 Whiskey: Uniform, sending you 3
2024-10-14 17:36:25.115681 November: Golf, sending you 3
2024-10-14 17:36:25.116682 Whiskey: X-ray, sending you 2
2024-10-14 17:36:25.119659 Whiskey: Victor, sending you 5
chatterbot Uniform submitting transactions
chatterbot X-ray submitting transactions
chatterbot Victor submitting transactions
chatterbot November submitting transactions
chatterbot Lima submitting transactions
chatterbot Golf submitting transactions
chatterbot Bravo submitting transactions
chatterbot Kilo submitting transactions
chatterbot Whiskey submitting transactions
chatterbot Papa submitting transactions
ChatterBot Papa round 8
ChatterBot Uniform round 8
ChatterBot Kilo round 8
ChatterBot Golf round 8
ChatterBot X-ray round 8
ChatterBot Lima round 8
ChatterBot Victor round 8
ChatterBot Bravo round 8
ChatterBot Whiskey round 8
ChatterBot November round 8
2024-10-14 17:36:26.289661 Uniform: X-ray, sending you 4
2024-10-14 17:36:26.290675 X-ray: Uniform and Victor, sending you 5
2024-10-14 17:36:26.291682 Lima: Same as last round
2024-10-14 17:36:26.294673 Uniform: Victor, sending you 8
2024-10-14 17:36:26.295102 X-ray: Whiskey, sending you 4
2024-10-14 17:36:26.295501 Bravo: Papa, sending you 4
2024-10-14 17:36:26.296653 Kilo: Same as last round
2024-10-14 17:36:26.297170 Whiskey: Uniform, sending you 2
2024-10-14 17:36:26.298700 Uniform: Whiskey, sending you 3
2024-10-14 17:36:26.299685 Bravo: Kilo, Golf and Lima, sending you 3
2024-10-14 17:36:26.300453 Whiskey: X-ray, sending you 3
2024-10-14 17:36:26.300940 Victor: Uniform, sending you 8
2024-10-14 17:36:26.301425 Golf: Papa, Kilo, Lima and Bravo, sending you 3
2024-10-14 17:36:26.303841 Papa: Kilo, Golf and Lima, sending you 3
2024-10-14 17:36:26.304624 November: Papa, sending you 1
2024-10-14 17:36:26.306037 Bravo: November, sending you 2
2024-10-14 17:36:26.306751 Victor: X-ray, sending you 5
2024-10-14 17:36:26.307301 Whiskey: Victor, sending you 5
2024-10-14 17:36:26.308661 Papa: Bravo, sending you 5
2024-10-14 17:36:26.309332 Golf: November, sending you 4
2024-10-14 17:36:26.310902 November: Kilo, Lima and Bravo, sending you 2
2024-10-14 17:36:26.311601 Victor: Whiskey, sending you 6
2024-10-14 17:36:26.317055 Papa: November, sending you 1
2024-10-14 17:36:26.318206 November: Golf, sending you 3
chatterbot Victor submitting transactions
chatterbot Kilo submitting transactions
chatterbot Whiskey submitting transactions
chatterbot November submitting transactions
chatterbot X-ray submitting transactions
chatterbot Bravo submitting transactions
chatterbot Lima submitting transactions
chatterbot Golf submitting transactions
chatterbot Papa submitting transactions
chatterbot Uniform submitting transactions
ChatterBot Papa round 9
ChatterBot Uniform round 9
ChatterBot Kilo round 9
ChatterBot Golf round 9
ChatterBot X-ray round 9
ChatterBot Lima round 9
ChatterBot Victor round 9
ChatterBot Bravo round 9
ChatterBot Whiskey round 9
ChatterBot November round 9
2024-10-14 17:36:27.443857 Victor: We should add Lima
2024-10-14 17:36:27.454789 X-ray: No
2024-10-14 17:36:27.455031 Uniform: No
2024-10-14 17:36:27.455214 Whiskey: No
ChatterBot Victor reevaluating
ChatterBot Victor reevaluating
ChatterBot Victor reevaluating
2024-10-14 17:36:27.497174 Victor: We should add Kilo
2024-10-14 17:36:27.502096 X-ray: No
2024-10-14 17:36:27.502273 Uniform: No
2024-10-14 17:36:27.502419 Whiskey: No
ChatterBot Victor reevaluating
ChatterBot Victor reevaluating
ChatterBot Victor reevaluating
2024-10-14 17:36:27.519930 Papa: Kilo, Golf and Lima, sending you 3
2024-10-14 17:36:27.520933 Kilo: Same as last round
2024-10-14 17:36:27.524671 Golf: Papa, Kilo, Lima and Bravo, sending you 3
2024-10-14 17:36:27.525943 X-ray: Uniform, sending you 5
2024-10-14 17:36:27.526352 Papa: Bravo, sending you 5
2024-10-14 17:36:27.526902 Uniform: X-ray, sending you 4
2024-10-14 17:36:27.528704 X-ray: Victor, sending you 6
2024-10-14 17:36:27.529677 Golf: November, sending you 4
2024-10-14 17:36:27.530493 Papa: November, sending you 1
2024-10-14 17:36:27.531143 Uniform: Victor, sending you 8
2024-10-14 17:36:27.531775 X-ray: Whiskey, sending you 4
2024-10-14 17:36:27.532704 Whiskey: Uniform, sending you 2
2024-10-14 17:36:27.535674 Whiskey: X-ray, sending you 3
2024-10-14 17:36:27.536673 Uniform: Whiskey, sending you 3
2024-10-14 17:36:27.537709 Lima: Same as last round
2024-10-14 17:36:27.539688 Bravo: Papa, sending you 4
2024-10-14 17:36:27.540308 November: Papa, sending you 1
2024-10-14 17:36:27.541126 Whiskey: Victor, sending you 5
2024-10-14 17:36:27.543683 Bravo: Kilo, Golf and Lima, sending you 3
2024-10-14 17:36:27.546216 November: Kilo, Lima and Bravo, sending you 2
2024-10-14 17:36:27.546867 Bravo: November, sending you 2
2024-10-14 17:36:27.550657 November: Golf, sending you 3
chatterbot Victor submitting transactions
chatterbot Lima submitting transactions
chatterbot November submitting transactions
chatterbot Golf submitting transactions
chatterbot Uniform submitting transactions
chatterbot Papa submitting transactions
chatterbot X-ray submitting transactions
chatterbot Bravo submitting transactions
chatterbot Whiskey submitting transactions
chatterbot Kilo submitting transactions
ChatterBot Papa round 10
ChatterBot Uniform round 10
ChatterBot Kilo round 10
ChatterBot Golf round 10
ChatterBot X-ray round 10
ChatterBot Lima round 10
ChatterBot Victor round 10
ChatterBot Bravo round 10
ChatterBot Whiskey round 10
ChatterBot November round 10
2024-10-14 17:36:28.719868 Victor: We should add Bravo
2024-10-14 17:36:28.726897 X-ray: No
2024-10-14 17:36:28.727080 Uniform: No
2024-10-14 17:36:28.727227 Whiskey: No
ChatterBot Victor reevaluating
ChatterBot Victor reevaluating
ChatterBot Victor reevaluating
2024-10-14 17:36:28.761670 Kilo: Same as last round
2024-10-14 17:36:28.764668 Golf: Papa, Kilo, Lima and Bravo, sending you 3
2024-10-14 17:36:28.765932 Lima: Same as last round
2024-10-14 17:36:28.768672 Golf: November, sending you 4
2024-10-14 17:36:28.770677 X-ray: Uniform, sending you 5
2024-10-14 17:36:28.771727 Papa: Kilo, Golf and Lima, sending you 3
2024-10-14 17:36:28.774695 November: Papa, sending you 1
2024-10-14 17:36:28.775455 X-ray: Victor, sending you 6
2024-10-14 17:36:28.776059 Bravo: Papa, sending you 4
2024-10-14 17:36:28.777904 Papa: Bravo, sending you 5
2024-10-14 17:36:28.778801 Uniform: X-ray, sending you 4
2024-10-14 17:36:28.779578 Whiskey: Uniform, sending you 2
2024-10-14 17:36:28.780168 X-ray: Whiskey, sending you 4
2024-10-14 17:36:28.781370 Victor: Uniform, sending you 8
2024-10-14 17:36:28.782157 November: Kilo, Lima and Bravo, sending you 2
2024-10-14 17:36:28.782789 Bravo: Kilo, Golf and Lima, sending you 3
2024-10-14 17:36:28.783362 Uniform: Victor, sending you 8
2024-10-14 17:36:28.783843 Papa: November, sending you 1
2024-10-14 17:36:28.785081 Whiskey: X-ray, sending you 3
2024-10-14 17:36:28.785626 November: Golf, sending you 3
2024-10-14 17:36:28.786679 Victor: X-ray, sending you 5
2024-10-14 17:36:28.787222 Uniform: Whiskey, sending you 3
2024-10-14 17:36:28.788024 Bravo: November, sending you 2
2024-10-14 17:36:28.788647 Whiskey: Victor, sending you 5
2024-10-14 17:36:28.789697 Victor: Whiskey, sending you 6
chatterbot Bravo submitting transactions
chatterbot November submitting transactions
chatterbot Kilo submitting transactions
chatterbot Victor submitting transactions
chatterbot Whiskey submitting transactions
chatterbot Uniform submitting transactions
chatterbot X-ray submitting transactions
chatterbot Golf submitting transactions
chatterbot Lima submitting transactions
chatterbot Papa submitting transactions
ChatterBot Papa round 11
ChatterBot Uniform round 11
ChatterBot Kilo round 11
ChatterBot Golf round 11
ChatterBot X-ray round 11
ChatterBot Lima round 11
ChatterBot Victor round 11
ChatterBot Bravo round 11
ChatterBot Whiskey round 11
ChatterBot November round 11
2024-10-14 17:36:29.825923 Victor: We should add Papa
2024-10-14 17:36:29.832821 X-ray: No
2024-10-14 17:36:29.833060 Uniform: No
2024-10-14 17:36:29.833550 Whiskey: No
ChatterBot Victor reevaluating
ChatterBot Victor reevaluating
ChatterBot Victor reevaluating
2024-10-14 17:36:29.853380 Victor: We should add Golf
2024-10-14 17:36:29.858644 X-ray: No
2024-10-14 17:36:29.858826 Uniform: No
2024-10-14 17:36:29.858978 Whiskey: No
ChatterBot Victor reevaluating
ChatterBot Victor reevaluating
ChatterBot Victor reevaluating
2024-10-14 17:36:29.878845 Kilo: Same as last round
2024-10-14 17:36:29.881713 Lima: Same as last round
2024-10-14 17:36:29.883412 Papa: Kilo, Golf and Lima, sending you 3
2024-10-14 17:36:29.884301 November: Papa, sending you 1
2024-10-14 17:36:29.885113 Uniform: X-ray, sending you 4
2024-10-14 17:36:29.885813 Bravo: Papa, sending you 4
2024-10-14 17:36:29.887316 Golf: Papa, Kilo, Lima and Bravo, sending you 3
2024-10-14 17:36:29.888273 Whiskey: Uniform, sending you 2
2024-10-14 17:36:29.888879 X-ray: Uniform, sending you 5
2024-10-14 17:36:29.889520 November: Kilo, Lima and Bravo, sending you 2
2024-10-14 17:36:29.890885 Papa: Bravo, sending you 5
2024-10-14 17:36:29.891662 Uniform: Victor, sending you 8
2024-10-14 17:36:29.892332 Bravo: Kilo, Golf and Lima, sending you 3
2024-10-14 17:36:29.893140 Golf: November, sending you 4
2024-10-14 17:36:29.893955 Whiskey: X-ray, sending you 3
2024-10-14 17:36:29.895170 X-ray: Victor, sending you 6
2024-10-14 17:36:29.895816 November: Golf, sending you 3
2024-10-14 17:36:29.896708 Papa: November, sending you 1
2024-10-14 17:36:29.897474 Uniform: Whiskey, sending you 3
2024-10-14 17:36:29.898063 Bravo: November, sending you 2
2024-10-14 17:36:29.899461 Whiskey: Victor, sending you 5
2024-10-14 17:36:29.899844 X-ray: Whiskey, sending you 4
2024-10-14 17:36:29.909810 Victor: Uniform, sending you 8
2024-10-14 17:36:29.913677 Victor: X-ray, sending you 5
2024-10-14 17:36:29.918684 Victor: Whiskey, sending you 6
chatterbot Whiskey submitting transactions
chatterbot Uniform submitting transactions
chatterbot X-ray submitting transactions
chatterbot Kilo submitting transactions
chatterbot Lima submitting transactions
chatterbot Bravo submitting transactions
chatterbot November submitting transactions
chatterbot Golf submitting transactions
chatterbot Victor submitting transactions
chatterbot Papa submitting transactions
ChatterBot Papa round 12
ChatterBot Uniform round 12
ChatterBot Kilo round 12
ChatterBot Golf round 12
ChatterBot X-ray round 12
ChatterBot Lima round 12
ChatterBot Victor round 12
ChatterBot Bravo round 12
ChatterBot Whiskey round 12
ChatterBot November round 12
2024-10-14 17:36:31.006897 Kilo: Same as last round
2024-10-14 17:36:31.007649 Uniform: X-ray, sending you 4
2024-10-14 17:36:31.010662 Uniform: Victor, sending you 8
2024-10-14 17:36:31.011654 Papa: Kilo, Golf and Lima, sending you 3
2024-10-14 17:36:31.013670 Uniform: Whiskey, sending you 3
2024-10-14 17:36:31.015984 Bravo: Papa, sending you 4
2024-10-14 17:36:31.017176 Papa: Bravo, sending you 5
2024-10-14 17:36:31.018367 Golf: Papa, Kilo, Lima and Bravo, sending you 3
2024-10-14 17:36:31.019668 Bravo: Kilo, Golf and Lima, sending you 3
2024-10-14 17:36:31.020709 Papa: November, sending you 1
2024-10-14 17:36:31.021784 Lima: Same as last round
2024-10-14 17:36:31.022699 Golf: November, sending you 4
2024-10-14 17:36:31.024197 X-ray: Uniform, sending you 5
2024-10-14 17:36:31.024951 Bravo: November, sending you 2
2024-10-14 17:36:31.026059 Victor: Uniform, sending you 8
2024-10-14 17:36:31.027662 X-ray: Victor, sending you 6
2024-10-14 17:36:31.030664 November: Papa, sending you 1
2024-10-14 17:36:31.031323 Victor: X-ray, sending you 5
2024-10-14 17:36:31.032054 X-ray: Whiskey, sending you 4
2024-10-14 17:36:31.034227 Whiskey: Uniform, sending you 2
2024-10-14 17:36:31.035050 November: Kilo, Lima and Bravo, sending you 2
2024-10-14 17:36:31.036106 Victor: Whiskey, sending you 6
2024-10-14 17:36:31.037658 Whiskey: X-ray, sending you 3
2024-10-14 17:36:31.038690 November: Golf, sending you 3
2024-10-14 17:36:31.040711 Whiskey: Victor, sending you 5
chatterbot Bravo submitting transactions
chatterbot Golf submitting transactions
chatterbot Papa submitting transactions
chatterbot Victor submitting transactions
chatterbot Uniform submitting transactions
chatterbot Whiskey submitting transactions
chatterbot November submitting transactions
chatterbot X-ray submitting transactions
chatterbot Lima submitting transactions
chatterbot Kilo submitting transactions
ChatterBot Papa round 13
ChatterBot Uniform round 13
ChatterBot Kilo round 13
ChatterBot Golf round 13
ChatterBot X-ray round 13
ChatterBot Lima round 13
ChatterBot Victor round 13
ChatterBot Bravo round 13
ChatterBot Whiskey round 13
ChatterBot November round 13
2024-10-14 17:36:32.161675 X-ray: Uniform, sending you 5
2024-10-14 17:36:32.162655 Uniform: X-ray, sending you 4
2024-10-14 17:36:32.163681 Papa: Kilo, Golf and Lima, sending you 3
2024-10-14 17:36:32.164891 X-ray: Victor, sending you 6
2024-10-14 17:36:32.165695 Uniform: Victor, sending you 8
2024-10-14 17:36:32.167680 Papa: Bravo, sending you 5
2024-10-14 17:36:32.168783 Golf: Papa, Kilo, Lima and Bravo, sending you 3
2024-10-14 17:36:32.169460 X-ray: Whiskey, sending you 4
2024-10-14 17:36:32.170633 Bravo: Papa, sending you 4
2024-10-14 17:36:32.171530 Lima: Same as last round
2024-10-14 17:36:32.172606 Kilo: Same as last round
2024-10-14 17:36:32.173253 Uniform: Whiskey, sending you 3
2024-10-14 17:36:32.174269 Victor: Uniform, sending you 8
2024-10-14 17:36:32.174941 November: Papa, sending you 1
2024-10-14 17:36:32.175570 Golf: November, sending you 4
2024-10-14 17:36:32.176306 Papa: November, sending you 1
2024-10-14 17:36:32.177043 Bravo: Kilo, Golf and Lima, sending you 3
2024-10-14 17:36:32.178677 Victor: X-ray, sending you 5
2024-10-14 17:36:32.179347 November: Kilo, Lima and Bravo, sending you 2
2024-10-14 17:36:32.180672 Bravo: November, sending you 2
2024-10-14 17:36:32.181646 Whiskey: Uniform, sending you 2
2024-10-14 17:36:32.182674 Victor: Whiskey, sending you 6
2024-10-14 17:36:32.183679 November: Golf, sending you 3
2024-10-14 17:36:32.186671 Whiskey: X-ray, sending you 3
2024-10-14 17:36:32.190649 Whiskey: Victor, sending you 5
chatterbot Golf submitting transactions
chatterbot Kilo submitting transactions
chatterbot Papa submitting transactions
chatterbot Victor submitting transactions
chatterbot X-ray submitting transactions
chatterbot Lima submitting transactions
chatterbot Uniform submitting transactions
chatterbot Whiskey submitting transactions
chatterbot November submitting transactions
chatterbot Bravo submitting transactions
ChatterBot Papa round 14
ChatterBot Uniform round 14
ChatterBot Kilo round 14
ChatterBot Golf round 14
ChatterBot X-ray round 14
ChatterBot Lima round 14
ChatterBot Victor round 14
ChatterBot Bravo round 14
ChatterBot Whiskey round 14
ChatterBot November round 14
2024-10-14 17:36:33.338642 Victor: We should add November
2024-10-14 17:36:33.344914 X-ray: No
2024-10-14 17:36:33.345159 Uniform: No
2024-10-14 17:36:33.345303 Whiskey: No
ChatterBot Victor reevaluating
ChatterBot Victor reevaluating
ChatterBot Victor reevaluating
2024-10-14 17:36:33.372445 Victor: We should add Kilo
2024-10-14 17:36:33.377979 X-ray: No
2024-10-14 17:36:33.378137 Uniform: No
2024-10-14 17:36:33.378253 Whiskey: No
ChatterBot Victor reevaluating
ChatterBot Victor reevaluating
ChatterBot Victor reevaluating
2024-10-14 17:36:33.400657 Uniform: X-ray, sending you 4
2024-10-14 17:36:33.401308 X-ray: Sending you each 5
2024-10-14 17:36:33.402397 Lima: Papa, sending you 1
2024-10-14 17:36:33.403250 Papa: Kilo, Golf and Lima, sending you 3
2024-10-14 17:36:33.404044 Golf: Papa, Kilo, Lima and Bravo, sending you 3
2024-10-14 17:36:33.404756 Kilo: Same as last round
2024-10-14 17:36:33.406155 Uniform: Victor, sending you 8
2024-10-14 17:36:33.406841 Lima: Kilo, Golf, Bravo and November, sending you 2
2024-10-14 17:36:33.408070 Papa: Bravo, sending you 5
2024-10-14 17:36:33.409596 Golf: November, sending you 4
2024-10-14 17:36:33.410815 November: Papa, sending you 1
2024-10-14 17:36:33.412157 Uniform: Whiskey, sending you 3
2024-10-14 17:36:33.412951 Papa: November, sending you 1
2024-10-14 17:36:33.413915 November: Kilo, Lima and Bravo, sending you 2
2024-10-14 17:36:33.414863 Bravo: Papa, sending you 4
2024-10-14 17:36:33.416692 Whiskey: Uniform, sending you 2
2024-10-14 17:36:33.417679 November: Golf, sending you 3
2024-10-14 17:36:33.421116 Bravo: Kilo, Golf and Lima, sending you 3
2024-10-14 17:36:33.422074 Whiskey: X-ray, sending you 3
2024-10-14 17:36:33.425691 Victor: Uniform, sending you 8
2024-10-14 17:36:33.426298 Bravo: November, sending you 2
2024-10-14 17:36:33.427575 Whiskey: Victor, sending you 5
2024-10-14 17:36:33.429670 Victor: X-ray, sending you 5
2024-10-14 17:36:33.433683 Victor: Whiskey, sending you 6
chatterbot Golf submitting transactions
chatterbot Whiskey submitting transactions
chatterbot Kilo submitting transactions
chatterbot X-ray submitting transactions
chatterbot Uniform submitting transactions
chatterbot Victor submitting transactions
chatterbot Lima submitting transactions
chatterbot Papa submitting transactions
chatterbot November submitting transactions
chatterbot Bravo submitting transactions
ChatterBot Papa round 15
ChatterBot Uniform round 15
ChatterBot Kilo round 15
ChatterBot Golf round 15
ChatterBot X-ray round 15
ChatterBot Lima round 15
ChatterBot Victor round 15
ChatterBot Bravo round 15
ChatterBot Whiskey round 15
ChatterBot November round 15
2024-10-14 17:36:34.679685 Papa: Kilo, Golf and Lima, sending you 3
2024-10-14 17:36:34.682270 Golf: Papa, Kilo, Lima and Bravo, sending you 3
2024-10-14 17:36:34.684662 Papa: Bravo, sending you 5
2024-10-14 17:36:34.686321 Kilo: Same as last round
2024-10-14 17:36:34.687099 Lima: Papa and Golf, sending you 1
