ChatterBot Golf round 1
randomSelections Golf: {Golf, Tango, Mike, Whiskey, Quebec, Papa, X-ray} 
2024-10-14 17:36:16.048938 Golf: Can we be friends?
ChatterBot Alpha round 1
ChatterBot India round 1
ChatterBot Papa round 1
ChatterBot Papa reevaluating
2024-10-14 17:36:16.052843 Papa: Yes
ChatterBot Quebec round 1
ChatterBot Quebec reevaluating
ChatterBot Quebec reevaluating
2024-10-14 17:36:16.059369 Quebec: Yes
ChatterBot Papa reevaluating
ChatterBot Lima round 1
ChatterBot Whiskey round 1
ChatterBot Whiskey reevaluating
ChatterBot Whiskey reevaluating
ChatterBot Whiskey reevaluating
2024-10-14 17:36:16.069806 Whiskey: Yes
ChatterBot Quebec reevaluating
ChatterBot Papa reevaluating
ChatterBot Mike round 1
ChatterBot Mike reevaluating
ChatterBot Mike reevaluating
ChatterBot Mike reevaluating
ChatterBot Mike reevaluating
2024-10-14 17:36:16.084812 Mike: Yes
ChatterBot Whiskey reevaluating
ChatterBot Quebec reevaluating
ChatterBot Papa reevaluating
ChatterBot X-ray round 1
ChatterBot X-ray reevaluating
ChatterBot X-ray reevaluating
ChatterBot X-ray reevaluating
ChatterBot X-ray reevaluating
ChatterBot X-ray reevaluating
2024-10-14 17:36:16.106323 X-ray: Yes
ChatterBot Mike reevaluating
ChatterBot Whiskey reevaluating
ChatterBot Quebec reevaluating
ChatterBot Papa reevaluating
ChatterBot Tango round 1
ChatterBot Tango reevaluating
ChatterBot Tango reevaluating
ChatterBot Tango reevaluating
ChatterBot Tango reevaluating
ChatterBot Tango reevaluating
ChatterBot Tango reevaluating
2024-10-14 17:36:16.130828 Tango: Yes
ChatterBot Mike reevaluating
ChatterBot Whiskey reevaluating
ChatterBot Quebec reevaluating
ChatterBot Papa reevaluating
ChatterBot X-ray reevaluating
randomSelections Alpha: {Alpha, Mike, Tango, X-ray, India} 
2024-10-14 17:36:16.144757 Alpha: Friends?
ChatterBot Mike reevaluating
ChatterBot Tango reevaluating
ChatterBot X-ray reevaluating
ChatterBot India reevaluating
2024-10-14 17:36:16.151609 Mike: No
2024-10-14 17:36:16.151748 Tango: No
2024-10-14 17:36:16.151879 X-ray: No
2024-10-14 17:36:16.151996 India: Yes
ChatterBot Tango reevaluating
ChatterBot X-ray reevaluating
ChatterBot India reevaluating
ChatterBot Mike reevaluating
ChatterBot X-ray reevaluating
ChatterBot India reevaluating
ChatterBot Mike reevaluating
ChatterBot Tango reevaluating
ChatterBot India reevaluating
ChatterBot Mike reevaluating
ChatterBot Tango reevaluating
ChatterBot X-ray reevaluating
randomSelections Lima: {Lima, India, Alpha, Papa, Golf, X-ray, Whiskey} 
2024-10-14 17:36:16.183205 Lima: Let's form a team
ChatterBot India reevaluating
ChatterBot Papa reevaluating
ChatterBot X-ray reevaluating
ChatterBot Whiskey reevaluating
2024-10-14 17:36:16.191679 India: No
2024-10-14 17:36:16.191834 Alpha: No
2024-10-14 17:36:16.191985 Papa: No
2024-10-14 17:36:16.192179 Golf: No
2024-10-14 17:36:16.192309 X-ray: No
2024-10-14 17:36:16.192442 Whiskey: No
ChatterBot Papa reevaluating
ChatterBot X-ray reevaluating
ChatterBot Whiskey reevaluating
ChatterBot India reevaluating
ChatterBot Papa reevaluating
ChatterBot X-ray reevaluating
ChatterBot Whiskey reevaluating
ChatterBot India reevaluating
ChatterBot X-ray reevaluating
ChatterBot Whiskey reevaluating
ChatterBot India reevaluating
ChatterBot Papa reevaluating
ChatterBot X-ray reevaluating
ChatterBot Whiskey reevaluating
ChatterBot India reevaluating
ChatterBot Papa reevaluating
ChatterBot Whiskey reevaluating
ChatterBot India reevaluating
ChatterBot Papa reevaluating
ChatterBot X-ray reevaluating
2024-10-14 17:36:16.267750 Golf: Papa, sending you 2
2024-10-14 17:36:16.272718 Golf: Quebec and Whiskey, sending you 3
2024-10-14 17:36:16.274510 Quebec: Papa and Mike, sending you 4
2024-10-14 17:36:16.274839 Lima: Golf and X-ray, sending you 2
2024-10-14 17:36:16.275203 Whiskey: Golf, Mike and X-ray, sending you 2
2024-10-14 17:36:16.276882 India: Mike, sending you 1
2024-10-14 17:36:16.277733 Papa: Golf, Quebec and Mike, sending you 1
2024-10-14 17:36:16.278975 Golf: Mike, sending you 1
2024-10-14 17:36:16.279415 Lima: Alpha, sending you 4
2024-10-14 17:36:16.282567 Quebec: Whiskey, sending you 7
2024-10-14 17:36:16.282990 Whiskey: Papa, sending you 4
2024-10-14 17:36:16.283334 Papa: X-ray and Tango, sending you 2
2024-10-14 17:36:16.283782 Tango: Golf, sending you 1
2024-10-14 17:36:16.285010 Lima: India, sending you 5
2024-10-14 17:36:16.285481 Golf: X-ray, sending you 4
2024-10-14 17:36:16.286576 Quebec: X-ray, sending you 3
2024-10-14 17:36:16.293674 Whiskey: Quebec, sending you 6
2024-10-14 17:36:16.294124 Tango: Papa and Quebec, sending you 4
2024-10-14 17:36:16.294927 Mike: Golf, Whiskey, X-ray and Tango, sending you 2
2024-10-14 17:36:16.295381 Alpha: India, Mike and X-ray, sending you 3
2024-10-14 17:36:16.295644 Golf: Tango, sending you 5
2024-10-14 17:36:16.295904 Quebec: Tango, sending you 1
2024-10-14 17:36:16.296598 X-ray: Golf and Quebec, sending you 1
2024-10-14 17:36:16.296989 Whiskey: Tango, sending you 1
2024-10-14 17:36:16.297944 Tango: Whiskey, sending you 2
2024-10-14 17:36:16.306910 Mike: Papa, sending you 4
2024-10-14 17:36:16.307909 Alpha: Tango, sending you 2
2024-10-14 17:36:16.308317 X-ray: Whiskey and Mike, sending you 3
2024-10-14 17:36:16.309216 Tango: Mike and X-ray, sending you 3
2024-10-14 17:36:16.312972 Mike: Quebec, sending you 3
2024-10-14 17:36:16.314076 X-ray: Tango, sending you 2
chatterbot Tango submitting transactions
chatterbot Papa submitting transactions
chatterbot Golf submitting transactions
chatterbot Quebec submitting transactions
chatterbot Lima submitting transactions
chatterbot Whiskey submitting transactions
chatterbot Alpha submitting transactions
chatterbot X-ray submitting transactions
chatterbot Mike submitting transactions
chatterbot India submitting transactions
ChatterBot Golf round 2
ChatterBot Alpha round 2
ChatterBot India round 2
ChatterBot Papa round 2
ChatterBot Quebec round 2
ChatterBot Lima round 2
ChatterBot Whiskey round 2
ChatterBot Mike round 2
ChatterBot X-ray round 2
2024-10-14 17:36:17.416334 India: Let's form a team
ChatterBot Alpha reevaluating
ChatterBot Lima reevaluating
2024-10-14 17:36:17.428223 Alpha: No
2024-10-14 17:36:17.428495 Lima: Yes
ChatterBot Lima reevaluating
ChatterBot Alpha reevaluating
ChatterBot Tango round 2
2024-10-14 17:36:17.479642 Whiskey: We should drop Papa
2024-10-14 17:36:17.493131 Golf: No
2024-10-14 17:36:17.493327 Quebec: No
2024-10-14 17:36:17.493439 Mike: No
2024-10-14 17:36:17.493936 X-ray: No
2024-10-14 17:36:17.494062 Tango: No
ChatterBot Whiskey reevaluating
2024-10-14 17:36:17.575195 Papa: Golf, sending you 1
2024-10-14 17:36:17.575547 Golf: Papa, X-ray and Tango, sending you 3
2024-10-14 17:36:17.576272 Alpha: Sending you 11
2024-10-14 17:36:17.576472 India: Sending you each 2
2024-10-14 17:36:17.601427 Golf: Quebec, sending you 1
2024-10-14 17:36:17.602206 Papa: Quebec and Whiskey, sending you 3
2024-10-14 17:36:17.602527 Tango: Golf, sending you 5
2024-10-14 17:36:17.602843 Lima: Sending you each 5
2024-10-14 17:36:17.603460 X-ray: Golf, sending you 3
2024-10-14 17:36:17.815599 Tango: Papa, Mike and X-ray, sending you 3
2024-10-14 17:36:17.816405 Quebec: Golf and Mike, sending you 3
2024-10-14 17:36:17.817578 Golf: Whiskey and Mike, sending you 4
2024-10-14 17:36:17.819121 Papa: Mike and Tango, sending you 2
2024-10-14 17:36:17.820472 X-ray: Papa, Whiskey and Mike, sending you 1
2024-10-14 17:36:17.821121 Mike: Golf and Whiskey, sending you 2
2024-10-14 17:36:17.822416 Whiskey: Golf and X-ray, sending you 3
2024-10-14 17:36:17.823044 Tango: Quebec, sending you 2
2024-10-14 17:36:17.823972 Quebec: Papa and X-ray, sending you 2
2024-10-14 17:36:17.944906 X-ray: Quebec and Tango, sending you 2
2024-10-14 17:36:17.945408 Mike: Papa, sending you 1
2024-10-14 17:36:17.946205 Whiskey: Papa, sending you 1
2024-10-14 17:36:17.946552 Tango: Whiskey, sending you 1
2024-10-14 17:36:17.947371 Quebec: Whiskey, sending you 5
chatterbot Tango submitting transactions
chatterbot Alpha submitting transactions
2024-10-14 17:36:18.151606 Whiskey: Quebec, sending you 6
2024-10-14 17:36:18.152673 Mike: Quebec, sending you 4
2024-10-14 17:36:18.153033 Quebec: Tango, sending you 4
2024-10-14 17:36:18.298328 Whiskey: Mike and Tango, sending you 2
2024-10-14 17:36:18.299630 Mike: X-ray and Tango, sending you 3
chatterbot X-ray submitting transactions
chatterbot Mike submitting transactions
chatterbot Lima submitting transactions
chatterbot Papa submitting transactions
chatterbot Golf submitting transactions
chatterbot Whiskey submitting transactions
chatterbot Quebec submitting transactions
chatterbot India submitting transactions
ChatterBot Golf round 3
ChatterBot Alpha round 3
ChatterBot India round 3
ChatterBot Papa round 3
ChatterBot Quebec round 3
ChatterBot Lima round 3
ChatterBot Whiskey round 3
ChatterBot Mike round 3
ChatterBot X-ray round 3
2024-10-14 17:36:18.999749 Alpha: We should add India
ChatterBot Lima reevaluating
2024-10-14 17:36:19.006213 Lima: Yes
2024-10-14 17:36:19.011359 Lima: We should replace Whiskey with Papa
2024-10-14 17:36:19.020989 India: No
2024-10-14 17:36:19.021366 Alpha: No
ChatterBot Alpha reevaluating
ChatterBot Lima reevaluating
ChatterBot Lima reevaluating
ChatterBot Tango round 3
2024-10-14 17:36:19.114310 Lima: We should drop Whiskey
ChatterBot Alpha reevaluating
2024-10-14 17:36:19.122195 India: Yes
2024-10-14 17:36:19.122374 Alpha: Yes
ChatterBot Alpha reevaluating
ChatterBot Lima reevaluating
ChatterBot Lima reevaluating
2024-10-14 17:36:19.137565 Lima: We should replace Whiskey with Quebec
ChatterBot Alpha reevaluating
2024-10-14 17:36:19.144511 India: No
2024-10-14 17:36:19.144638 Alpha: No
ChatterBot Alpha reevaluating
ChatterBot Lima reevaluating
ChatterBot Lima reevaluating
2024-10-14 17:36:19.185387 Quebec: Golf, Papa, Mike, X-ray and Tango, sending you 3
2024-10-14 17:36:19.186251 Golf: Papa, sending you 2
2024-10-14 17:36:19.186606 India: Alpha, sending you 2
2024-10-14 17:36:19.186831 Mike: Golf, Quebec and Tango, sending you 3
2024-10-14 17:36:19.187652 X-ray: Golf, Quebec, Whiskey, Mike and Tango, sending you 2
2024-10-14 17:36:19.188013 Whiskey: Golf, sending you 3
2024-10-14 17:36:19.188330 Papa: Golf, Whiskey and Mike, sending you 2
2024-10-14 17:36:19.189298 Lima: Papa we want you to join our group
2024-10-14 17:36:19.192638 Papa: No
ChatterBot Lima reevaluating
ChatterBot Alpha reevaluating
2024-10-14 17:36:19.203263 Golf: Quebec, Whiskey, Mike and X-ray, sending you 3
2024-10-14 17:36:19.203709 Quebec: Whiskey, sending you 4
2024-10-14 17:36:19.204088 India: Lima, sending you 3
2024-10-14 17:36:19.204685 Mike: Papa, Whiskey and X-ray, sending you 2
2024-10-14 17:36:19.205038 Whiskey: Papa, Mike, X-ray and Tango, sending you 2
2024-10-14 17:36:19.205389 Papa: Quebec, sending you 3
2024-10-14 17:36:19.206226 Tango: Golf, sending you 4
2024-10-14 17:36:19.226904 Golf: Tango, sending you 4
2024-10-14 17:36:19.227348 Alpha: India we want you to join our group
2024-10-14 17:36:19.230364 India: Yes
ChatterBot Lima reevaluating
2024-10-14 17:36:19.237705 Whiskey: Quebec, sending you 6
2024-10-14 17:36:19.238149 Tango: Papa, Quebec, Mike and X-ray, sending you 3
2024-10-14 17:36:19.239033 Papa: X-ray, sending you 1
2024-10-14 17:36:19.311111 Tango: Whiskey, sending you 1
2024-10-14 17:36:19.311708 Papa: Tango, sending you 4
2024-10-14 17:36:19.312603 Lima: Quebec we want you to join our group
2024-10-14 17:36:19.315595 Quebec: No
ChatterBot Lima reevaluating
2024-10-14 17:36:19.352476 Alpha: India, sending you 3
2024-10-14 17:36:19.388479 Alpha: Lima, sending you 8
2024-10-14 17:36:19.406384 Lima: Alpha, sending you 12
2024-10-14 17:36:19.409972 Lima: India, sending you 6
chatterbot India submitting transactions
chatterbot Quebec submitting transactions
chatterbot X-ray submitting transactions
chatterbot Whiskey submitting transactions
chatterbot Papa submitting transactions
chatterbot Lima submitting transactions
chatterbot Alpha submitting transactions
chatterbot Golf submitting transactions
chatterbot Mike submitting transactions
chatterbot Tango submitting transactions
ChatterBot Golf round 4
ChatterBot Alpha round 4
ChatterBot India round 4
ChatterBot Papa round 4
ChatterBot Quebec round 4
ChatterBot Lima round 4
ChatterBot Whiskey round 4
ChatterBot Mike round 4
ChatterBot X-ray round 4
ChatterBot Tango round 4
2024-10-14 17:36:20.329269 Lima: We should add Papa
2024-10-14 17:36:20.333707 India: No
2024-10-14 17:36:20.333864 Alpha: No
ChatterBot Lima reevaluating
ChatterBot Lima reevaluating
2024-10-14 17:36:20.359080 Alpha: India, sending you 2
2024-10-14 17:36:20.362704 Golf: Papa, sending you 2
2024-10-14 17:36:20.363995 Alpha: Lima, sending you 9
2024-10-14 17:36:20.365686 Whiskey: Golf and X-ray, sending you 3
2024-10-14 17:36:20.367678 Quebec: Golf, Papa, Mike, X-ray and Tango, sending you 3
2024-10-14 17:36:20.369030 Golf: Quebec, Whiskey, Mike and X-ray, sending you 3
2024-10-14 17:36:20.369742 Mike: Golf, Quebec and Tango, sending you 3
2024-10-14 17:36:20.370506 Papa: Golf, sending you 2
2024-10-14 17:36:20.371660 X-ray: Golf, Quebec, Whiskey, Mike and Tango, sending you 2
2024-10-14 17:36:20.372330 Whiskey: Papa, Mike and Tango, sending you 2
2024-10-14 17:36:20.373781 Quebec: Whiskey, sending you 4
2024-10-14 17:36:20.374435 India: Alpha, sending you 2
2024-10-14 17:36:20.374786 Golf: Tango, sending you 4
2024-10-14 17:36:20.376028 Mike: Papa, Whiskey and X-ray, sending you 2
2024-10-14 17:36:20.376720 Papa: Quebec, Whiskey, Mike and Tango, sending you 3
2024-10-14 17:36:20.377941 Whiskey: Quebec, sending you 5
2024-10-14 17:36:20.378679 Tango: Golf, Papa, Quebec, Mike and X-ray, sending you 3
2024-10-14 17:36:20.380041 India: Lima, sending you 4
2024-10-14 17:36:20.381870 Lima: Alpha, sending you 12
2024-10-14 17:36:20.382212 Tango: Whiskey, sending you 2
2024-10-14 17:36:20.382872 Papa: X-ray, sending you 1
2024-10-14 17:36:20.385693 Lima: India, sending you 6
chatterbot Whiskey submitting transactions
chatterbot X-ray submitting transactions
chatterbot India submitting transactions
chatterbot Lima submitting transactions
chatterbot Papa submitting transactions
chatterbot Alpha submitting transactions
chatterbot Mike submitting transactions
chatterbot Golf submitting transactions
chatterbot Quebec submitting transactions
chatterbot Tango submitting transactions
ChatterBot Golf round 5
ChatterBot Alpha round 5
ChatterBot India round 5
ChatterBot Papa round 5
ChatterBot Quebec round 5
ChatterBot Lima round 5
ChatterBot Whiskey round 5
ChatterBot Mike round 5
ChatterBot X-ray round 5
ChatterBot Tango round 5
2024-10-14 17:36:21.566656 Golf: Papa, sending you 2
2024-10-14 17:36:21.569672 Papa: Golf, sending you 2
2024-10-14 17:36:21.572670 Golf: Quebec, Whiskey, Mike and X-ray, sending you 3
2024-10-14 17:36:21.573899 Papa: Quebec, Whiskey, Mike and Tango, sending you 3
2024-10-14 17:36:21.574697 Alpha: India, sending you 2
2024-10-14 17:36:21.575673 Mike: Golf, Quebec and Tango, sending you 3
2024-10-14 17:36:21.576726 Lima: Alpha, sending you 11
2024-10-14 17:36:21.577688 Golf: Tango, sending you 4
2024-10-14 17:36:21.578471 India: Alpha, sending you 3
2024-10-14 17:36:21.578793 Alpha: Lima, sending you 9
2024-10-14 17:36:21.579645 Papa: X-ray, sending you 1
2024-10-14 17:36:21.580235 X-ray: Golf, Quebec, Whiskey, Mike and Tango, sending you 2
2024-10-14 17:36:21.581011 Lima: India, sending you 7
2024-10-14 17:36:21.581661 Mike: Papa, Whiskey and X-ray, sending you 2
2024-10-14 17:36:21.582184 Quebec: Golf, Papa, Mike, X-ray and Tango, sending you 3
2024-10-14 17:36:21.583676 India: Lima, sending you 4
2024-10-14 17:36:21.583952 Whiskey: Golf, Papa and X-ray, sending you 3
2024-10-14 17:36:21.586784 Quebec: Whiskey, sending you 4
2024-10-14 17:36:21.587685 Whiskey: Quebec, sending you 4
2024-10-14 17:36:21.588703 Tango: Golf, Papa, Quebec, Mike and X-ray, sending you 3
2024-10-14 17:36:21.590659 Whiskey: Mike and Tango, sending you 2
2024-10-14 17:36:21.594651 Tango: Whiskey, sending you 2
chatterbot Whiskey submitting transactions
chatterbot Tango submitting transactions
chatterbot Lima submitting transactions
chatterbot Golf submitting transactions
chatterbot India submitting transactions
chatterbot Mike submitting transactions
chatterbot Alpha submitting transactions
chatterbot Quebec submitting transactions
chatterbot X-ray submitting transactions
chatterbot Papa submitting transactions
ChatterBot Golf round 6
ChatterBot Alpha round 6
ChatterBot India round 6
ChatterBot Papa round 6
ChatterBot Quebec round 6
ChatterBot Lima round 6
ChatterBot Whiskey round 6
ChatterBot Mike round 6
ChatterBot X-ray round 6
2024-10-14 17:36:22.776865 Lima: We should add Quebec
2024-10-14 17:36:22.781588 India: No
2024-10-14 17:36:22.781777 Alpha: No
ChatterBot Lima reevaluating
ChatterBot Lima reevaluating
ChatterBot Tango round 6
2024-10-14 17:36:22.826662 Mike: Golf, Quebec and Tango, sending you 3
2024-10-14 17:36:22.827254 India: Alpha, sending you 3
2024-10-14 17:36:22.828837 Quebec: Golf, Papa, Mike, X-ray and Tango, sending you 3
2024-10-14 17:36:22.829546 Papa: Golf and Mike, sending you 2
2024-10-14 17:36:22.830220 Alpha: India, sending you 3
2024-10-14 17:36:22.830513 Mike: Papa, Whiskey and X-ray, sending you 2
2024-10-14 17:36:22.831226 Golf: Papa, sending you 2
2024-10-14 17:36:22.831877 X-ray: Golf, Quebec, Whiskey, Mike and Tango, sending you 2
2024-10-14 17:36:22.832505 India: Lima, sending you 5
2024-10-14 17:36:22.832781 Quebec: Whiskey, sending you 4
2024-10-14 17:36:22.833358 Lima: Alpha, sending you 11
2024-10-14 17:36:22.833595 Papa: Quebec and Whiskey, sending you 3
2024-10-14 17:36:22.834135 Tango: Golf, Papa, Quebec, Mike and X-ray, sending you 3
2024-10-14 17:36:22.835210 Alpha: Lima, sending you 8
2024-10-14 17:36:22.835577 Golf: Quebec, Whiskey, Mike and X-ray, sending you 3
2024-10-14 17:36:22.836662 Lima: India, sending you 7
2024-10-14 17:36:22.837673 Papa: X-ray, sending you 1
2024-10-14 17:36:22.838248 Tango: Whiskey, sending you 2
2024-10-14 17:36:22.839655 Golf: Tango, sending you 4
2024-10-14 17:36:22.840223 Whiskey: Golf, Papa and X-ray, sending you 3
2024-10-14 17:36:22.840833 Papa: Tango, sending you 4
2024-10-14 17:36:22.843672 Whiskey: Quebec, sending you 4
2024-10-14 17:36:22.846677 Whiskey: Mike and Tango, sending you 2
chatterbot Papa submitting transactions
chatterbot Quebec submitting transactions
chatterbot India submitting transactions
chatterbot Mike submitting transactions
chatterbot X-ray submitting transactions
chatterbot Tango submitting transactions
chatterbot Whiskey submitting transactions
chatterbot Golf submitting transactions
chatterbot Alpha submitting transactions
chatterbot Lima submitting transactions
ChatterBot Golf round 7
ChatterBot Alpha round 7
ChatterBot India round 7
ChatterBot Papa round 7
ChatterBot Quebec round 7
ChatterBot Lima round 7
ChatterBot Whiskey round 7
ChatterBot Mike round 7
ChatterBot X-ray round 7
ChatterBot Tango round 7
2024-10-14 17:36:24.032657 Golf: Papa, sending you 2
2024-10-14 17:36:24.033749 Alpha: India, sending you 3
2024-10-14 17:36:24.034665 India: Alpha, sending you 4
2024-10-14 17:36:24.038019 Papa: Golf and Mike, sending you 2
2024-10-14 17:36:24.038720 India: Lima, sending you 5
2024-10-14 17:36:24.039012 Golf: Quebec, Whiskey, Mike and X-ray, sending you 3
2024-10-14 17:36:24.039593 Alpha: Lima, sending you 8
2024-10-14 17:36:24.039849 Lima: Alpha, sending you 11
2024-10-14 17:36:24.042674 Papa: Quebec and Whiskey, sending you 3
2024-10-14 17:36:24.043309 Whiskey: Golf, Papa and X-ray, sending you 3
2024-10-14 17:36:24.043905 Golf: Tango, sending you 4
2024-10-14 17:36:24.044478 Quebec: Golf, Papa, Mike, X-ray and Tango, sending you 3
2024-10-14 17:36:24.045048 Lima: India, sending you 7
2024-10-14 17:36:24.046657 Papa: X-ray, sending you 1
2024-10-14 17:36:24.048677 Whiskey: Quebec, sending you 4
2024-10-14 17:36:24.049587 Quebec: Whiskey, sending you 4
2024-10-14 17:36:24.050675 Papa: Tango, sending you 4
2024-10-14 17:36:24.053695 Whiskey: Mike and Tango, sending you 2
2024-10-14 17:36:24.054687 X-ray: Golf, Quebec, Whiskey, Mike and Tango, sending you 2
2024-10-14 17:36:24.056408 Mike: Golf, Quebec and Tango, sending you 3
2024-10-14 17:36:24.057411 Tango: Golf, Papa, Quebec, Mike and X-ray, sending you 3
2024-10-14 17:36:24.061670 Mike: Papa, Whiskey and X-ray, sending you 2
2024-10-14 17:36:24.062542 Tango: Whiskey, sending you 2
chatterbot Mike submitting transactions
chatterbot India submitting transactions
chatterbot Lima submitting transactions
chatterbot Papa submitting transactions
chatterbot X-ray submitting transactions
chatterbot Whiskey submitting transactions
chatterbot Quebec submitting transactions
chatterbot Tango submitting transactions
chatterbot Golf submitting transactions
chatterbot Alpha submitting transactions
ChatterBot Golf round 8
ChatterBot Alpha round 8
ChatterBot India round 8
ChatterBot Papa round 8
ChatterBot Quebec round 8
ChatterBot Lima round 8
ChatterBot Whiskey round 8
ChatterBot Mike round 8
ChatterBot X-ray round 8
ChatterBot Tango round 8
2024-10-14 17:36:25.260671 Alpha: India, sending you 3
2024-10-14 17:36:25.263672 Alpha: Lima, sending you 8
2024-10-14 17:36:25.266655 India: Alpha, sending you 4
2024-10-14 17:36:25.270650 India: Lima, sending you 6
2024-10-14 17:36:25.271668 Quebec: Golf, Papa, Mike, X-ray and Tango, sending you 3
2024-10-14 17:36:25.275676 Whiskey: Golf, Papa and X-ray, sending you 3
2024-10-14 17:36:25.276702 Quebec: Whiskey, sending you 4
2024-10-14 17:36:25.277768 Papa: Golf and Mike, sending you 2
2024-10-14 17:36:25.279726 Whiskey: Quebec, sending you 4
2024-10-14 17:36:25.282680 Papa: Quebec and Whiskey, sending you 3
2024-10-14 17:36:25.283496 Golf: Papa, sending you 2
2024-10-14 17:36:25.284194 Lima: Alpha, sending you 11
2024-10-14 17:36:25.284500 Tango: Golf, Papa, Quebec, Mike and X-ray, sending you 3
2024-10-14 17:36:25.285135 Whiskey: Mike and Tango, sending you 2
2024-10-14 17:36:25.285809 Mike: Golf, Quebec and Tango, sending you 3
2024-10-14 17:36:25.286782 X-ray: Golf, Quebec, Whiskey, Mike and Tango, sending you 2
2024-10-14 17:36:25.287515 Golf: Quebec, Whiskey, Mike and X-ray, sending you 3
2024-10-14 17:36:25.288270 Papa: X-ray, sending you 1
2024-10-14 17:36:25.289362 Lima: India, sending you 7
2024-10-14 17:36:25.289662 Tango: Whiskey, sending you 2
2024-10-14 17:36:25.290439 Mike: Papa, Whiskey and X-ray, sending you 2
2024-10-14 17:36:25.291134 Golf: Tango, sending you 4
2024-10-14 17:36:25.293687 Papa: Tango, sending you 4
chatterbot India submitting transactions
chatterbot Tango submitting transactions
chatterbot Alpha submitting transactions
chatterbot Mike submitting transactions
chatterbot Papa submitting transactions
chatterbot Whiskey submitting transactions
chatterbot Quebec submitting transactions
chatterbot Lima submitting transactions
chatterbot X-ray submitting transactions
chatterbot Golf submitting transactions
ChatterBot Golf round 9
ChatterBot Alpha round 9
ChatterBot India round 9
ChatterBot Papa round 9
ChatterBot Quebec round 9
ChatterBot Lima round 9
ChatterBot Whiskey round 9
ChatterBot Mike round 9
ChatterBot X-ray round 9
ChatterBot Tango round 9
2024-10-14 17:36:26.548697 Quebec: Golf, Papa, Mike, X-ray and Tango, sending you 3
2024-10-14 17:36:26.553653 Quebec: Whiskey, sending you 4
2024-10-14 17:36:26.554714 India: Alpha, sending you 4
2024-10-14 17:36:26.556684 Mike: Golf, Quebec and Tango, sending you 3
2024-10-14 17:36:26.557656 India: Lima, sending you 6
2024-10-14 17:36:26.559680 Golf: Papa, sending you 2
2024-10-14 17:36:26.560481 Mike: Papa, Whiskey and X-ray, sending you 2
2024-10-14 17:36:26.562167 Whiskey: Golf, Papa and X-ray, sending you 3
2024-10-14 17:36:26.563195 Papa: Golf and Mike, sending you 2
2024-10-14 17:36:26.564210 Alpha: India, sending you 3
2024-10-14 17:36:26.564984 X-ray: Golf, Quebec, Whiskey, Mike and Tango, sending you 2
2024-10-14 17:36:26.566474 Golf: Quebec, Whiskey, Mike and X-ray, sending you 3
2024-10-14 17:36:26.567247 Whiskey: Quebec, sending you 4
2024-10-14 17:36:26.568521 Papa: Quebec and Whiskey, sending you 3
2024-10-14 17:36:26.569435 Lima: Alpha, sending you 10
2024-10-14 17:36:26.569743 Alpha: Lima, sending you 8
2024-10-14 17:36:26.569998 Tango: Golf, Papa, Quebec, Mike and X-ray, sending you 3
2024-10-14 17:36:26.570594 Golf: Tango, sending you 4
2024-10-14 17:36:26.571590 Whiskey: Mike and Tango, sending you 2
2024-10-14 17:36:26.572197 Papa: X-ray, sending you 1
2024-10-14 17:36:26.573687 Lima: India, sending you 8
2024-10-14 17:36:26.574688 Tango: Whiskey, sending you 2
2024-10-14 17:36:26.576676 Papa: Tango, sending you 4
chatterbot Quebec submitting transactions
chatterbot Golf submitting transactions
chatterbot Mike submitting transactions
chatterbot Papa submitting transactions
chatterbot Lima submitting transactions
chatterbot India submitting transactions
chatterbot Tango submitting transactions
chatterbot X-ray submitting transactions
chatterbot Whiskey submitting transactions
chatterbot Alpha submitting transactions
ChatterBot Golf round 10
ChatterBot Alpha round 10
ChatterBot India round 10
ChatterBot Papa round 10
ChatterBot Quebec round 10
ChatterBot Lima round 10
ChatterBot Whiskey round 10
ChatterBot Mike round 10
ChatterBot X-ray round 10
ChatterBot Tango round 10
2024-10-14 17:36:27.698282 Whiskey: We should drop X-ray
2024-10-14 17:36:27.721024 Golf: Yes
2024-10-14 17:36:27.721278 Papa: Yes
2024-10-14 17:36:27.721472 Quebec: Yes
2024-10-14 17:36:27.721687 Mike: Yes
2024-10-14 17:36:27.721926 Tango: Yes
ChatterBot Quebec reevaluating
ChatterBot Quebec reevaluating
2024-10-14 17:36:27.873134 Golf: Papa, sending you 2
2024-10-14 17:36:27.874923 Alpha: India, sending you 3
2024-10-14 17:36:27.876656 Papa: Golf and Mike, sending you 2
2024-10-14 17:36:27.878749 Alpha: Lima, sending you 8
2024-10-14 17:36:27.879401 Lima: Alpha, sending you 10
2024-10-14 17:36:27.880510 Golf: Quebec, Whiskey, Mike and X-ray, sending you 3
2024-10-14 17:36:27.882145 India: Alpha, sending you 5
2024-10-14 17:36:27.883501 Papa: Quebec and Whiskey, sending you 3
2024-10-14 17:36:27.885065 Lima: India, sending you 8
2024-10-14 17:36:27.886677 Golf: Tango, sending you 4
2024-10-14 17:36:27.888304 India: Lima, sending you 6
2024-10-14 17:36:27.889480 Papa: X-ray, sending you 1
2024-10-14 17:36:27.890969 Whiskey: Golf, Papa, Mike and Tango, sending you 3
2024-10-14 17:36:27.892982 Mike: Golf, Quebec and Tango, sending you 3
2024-10-14 17:36:27.895550 Papa: Tango, sending you 4
2024-10-14 17:36:27.897406 Tango: Golf, Papa, Quebec, Mike and X-ray, sending you 3
2024-10-14 17:36:27.899623 X-ray: Golf, Quebec, Whiskey, Mike and Tango, sending you 2
2024-10-14 17:36:27.901718 Whiskey: Quebec, sending you 5
2024-10-14 17:36:27.902426 Mike: Papa, Whiskey and X-ray, sending you 2
2024-10-14 17:36:27.904465 Tango: Whiskey, sending you 2
2024-10-14 17:36:27.907654 Quebec: Golf, Whiskey, Mike and Tango, sending you 4
2024-10-14 17:36:27.910663 Quebec: Papa, sending you 3
chatterbot Golf submitting transactions
chatterbot Papa submitting transactions
chatterbot Whiskey submitting transactions
chatterbot Lima submitting transactions
chatterbot Mike submitting transactions
chatterbot India submitting transactions
chatterbot Alpha submitting transactions
chatterbot Quebec submitting transactions
chatterbot Tango submitting transactions
chatterbot X-ray submitting transactions
ChatterBot Golf round 11
ChatterBot Alpha round 11
ChatterBot India round 11
ChatterBot Papa round 11
ChatterBot Quebec round 11
ChatterBot Lima round 11
ChatterBot Whiskey round 11
ChatterBot Mike round 11
ChatterBot X-ray round 11
ChatterBot Tango round 11
2024-10-14 17:36:28.884719 Alpha: India, sending you 4
2024-10-14 17:36:28.885699 Golf: Papa, sending you 2
2024-10-14 17:36:28.889683 Alpha: Lima, sending you 7
2024-10-14 17:36:28.890740 X-ray: Golf, Quebec, Whiskey, Mike and Tango, sending you 2
2024-10-14 17:36:28.892141 Golf: Quebec, sending you 4
2024-10-14 17:36:28.893489 Papa: Golf and Mike, sending you 2
2024-10-14 17:36:28.896486 Lima: Alpha, sending you 10
2024-10-14 17:36:28.897250 Quebec: Golf, Whiskey, Mike and Tango, sending you 4
2024-10-14 17:36:28.898404 Golf: Whiskey, Mike, X-ray and Tango, sending you 3
2024-10-14 17:36:28.900562 Papa: Quebec and Whiskey, sending you 3
2024-10-14 17:36:28.903583 Lima: India, sending you 8
2024-10-14 17:36:28.904346 Quebec: Papa, sending you 3
2024-10-14 17:36:28.905189 Tango: Golf, Papa, Quebec, Mike and X-ray, sending you 3
2024-10-14 17:36:28.907279 India: Alpha, sending you 5
2024-10-14 17:36:28.908533 Mike: Golf, Quebec and Tango, sending you 3
2024-10-14 17:36:28.910092 Whiskey: Golf, Papa, Mike and Tango, sending you 3
2024-10-14 17:36:28.910740 Papa: X-ray, sending you 1
2024-10-14 17:36:28.911946 Tango: Whiskey, sending you 2
2024-10-14 17:36:28.913273 India: Lima, sending you 7
2024-10-14 17:36:28.914365 Mike: Papa, Whiskey and X-ray, sending you 2
2024-10-14 17:36:28.915677 Whiskey: Quebec, sending you 5
2024-10-14 17:36:28.916703 Papa: Tango, sending you 4
chatterbot Quebec submitting transactions
chatterbot Lima submitting transactions
chatterbot Golf submitting transactions
chatterbot Alpha submitting transactions
chatterbot Papa submitting transactions
chatterbot India submitting transactions
chatterbot X-ray submitting transactions
chatterbot Tango submitting transactions
chatterbot Whiskey submitting transactions
chatterbot Mike submitting transactions
ChatterBot Golf round 12
ChatterBot Alpha round 12
ChatterBot India round 12
ChatterBot Papa round 12
ChatterBot Quebec round 12
ChatterBot Lima round 12
ChatterBot Whiskey round 12
ChatterBot Mike round 12
ChatterBot X-ray round 12
ChatterBot Tango round 12
2024-10-14 17:36:30.180679 Papa: Golf and Mike, sending you 2
2024-10-14 17:36:30.183063 Alpha: India, sending you 4
2024-10-14 17:36:30.185766 Papa: Quebec and Whiskey, sending you 3
2024-10-14 17:36:30.187280 India: Alpha, sending you 5
2024-10-14 17:36:30.187870 Alpha: Lima, sending you 7
2024-10-14 17:36:30.188433 Mike: Golf, Quebec and Tango, sending you 3
2024-10-14 17:36:30.190986 Quebec: Golf, Whiskey, Mike and Tango, sending you 4
2024-10-14 17:36:30.192831 X-ray: Golf, Quebec, Mike and Tango, sending you 2
2024-10-14 17:36:30.194620 Lima: Alpha, sending you 10
2024-10-14 17:36:30.195253 Papa: X-ray, sending you 1
2024-10-14 17:36:30.197508 India: Lima, sending you 7
2024-10-14 17:36:30.197911 Mike: Papa, Whiskey and X-ray, sending you 2
2024-10-14 17:36:30.198806 Quebec: Papa, sending you 3
2024-10-14 17:36:30.199875 Golf: Papa, sending you 2
2024-10-14 17:36:30.200725 X-ray: Papa and Whiskey, sending you 1
2024-10-14 17:36:30.201596 Lima: India, sending you 8
2024-10-14 17:36:30.201934 Papa: Tango, sending you 4
2024-10-14 17:36:30.203250 Whiskey: Golf, Papa, Mike and Tango, sending you 3
2024-10-14 17:36:30.204733 Golf: Quebec, sending you 4
2024-10-14 17:36:30.207911 Whiskey: Quebec, sending you 5
2024-10-14 17:36:30.209354 Tango: Golf, sending you 4
2024-10-14 17:36:30.212698 Golf: Whiskey, Mike, X-ray and Tango, sending you 3
2024-10-14 17:36:30.214309 Tango: Papa, Quebec and Mike, sending you 3
2024-10-14 17:36:30.219667 Tango: Whiskey and X-ray, sending you 2
chatterbot Papa submitting transactions
chatterbot Golf submitting transactions
chatterbot India submitting transactions
chatterbot Tango submitting transactions
chatterbot Mike submitting transactions
chatterbot X-ray submitting transactions
chatterbot Quebec submitting transactions
chatterbot Whiskey submitting transactions
chatterbot Alpha submitting transactions
chatterbot Lima submitting transactions
ChatterBot Golf round 13
ChatterBot Alpha round 13
ChatterBot India round 13
ChatterBot Papa round 13
ChatterBot Quebec round 13
ChatterBot Lima round 13
ChatterBot Whiskey round 13
ChatterBot Mike round 13
ChatterBot X-ray round 13
ChatterBot Tango round 13
2024-10-14 17:36:31.469798 Tango: We should drop X-ray
2024-10-14 17:36:31.482721 Whiskey: Yes
2024-10-14 17:36:31.482912 Golf: Yes
2024-10-14 17:36:31.483061 Papa: Yes
2024-10-14 17:36:31.483196 Quebec: Yes
2024-10-14 17:36:31.483324 Mike: Yes
ChatterBot Papa reevaluating
ChatterBot Mike reevaluating
ChatterBot Papa reevaluating
ChatterBot Mike reevaluating
ChatterBot Mike reevaluating
ChatterBot Papa reevaluating
ChatterBot Mike reevaluating
ChatterBot Papa reevaluating
2024-10-14 17:36:31.541688 India: Alpha, sending you 6
2024-10-14 17:36:31.542692 Whiskey: Golf, Papa, Mike and Tango, sending you 3
2024-10-14 17:36:31.543365 Alpha: India, sending you 4
2024-10-14 17:36:31.543786 Lima: Alpha, sending you 10
2024-10-14 17:36:31.544397 Quebec: Golf, Whiskey, Mike and Tango, sending you 4
2024-10-14 17:36:31.545453 X-ray: Golf and Mike, sending you 2
2024-10-14 17:36:31.546764 Golf: Papa, sending you 2
2024-10-14 17:36:31.548911 India: Lima, sending you 7
2024-10-14 17:36:31.549408 Whiskey: Quebec, sending you 5
2024-10-14 17:36:31.549935 Alpha: Lima, sending you 7
2024-10-14 17:36:31.550312 Lima: India, sending you 8
2024-10-14 17:36:31.550700 Quebec: Papa, sending you 3
2024-10-14 17:36:31.551946 X-ray: Papa, Quebec and Whiskey, sending you 1
2024-10-14 17:36:31.553701 Golf: Quebec, sending you 4
2024-10-14 17:36:31.557669 X-ray: Tango, sending you 3
2024-10-14 17:36:31.559568 Tango: Golf, Papa and Quebec, sending you 4
2024-10-14 17:36:31.560126 Golf: Whiskey, Mike, X-ray and Tango, sending you 3
2024-10-14 17:36:31.562073 Papa: Golf, sending you 2
2024-10-14 17:36:31.563668 Tango: Whiskey, sending you 2
2024-10-14 17:36:31.564764 Papa: Quebec, Whiskey and Mike, sending you 3
2024-10-14 17:36:31.566670 Tango: Mike, sending you 3
2024-10-14 17:36:31.568660 Papa: Tango, sending you 4
2024-10-14 17:36:31.569675 Mike: Golf, Whiskey and Tango, sending you 3
2024-10-14 17:36:31.573663 Mike: Papa, sending you 2
2024-10-14 17:36:31.576725 Mike: Quebec, sending you 4
chatterbot Golf submitting transactions
chatterbot India submitting transactions
chatterbot X-ray submitting transactions
chatterbot Mike submitting transactions
chatterbot Alpha submitting transactions
chatterbot Quebec submitting transactions
chatterbot Papa submitting transactions
chatterbot Whiskey submitting transactions
chatterbot Lima submitting transactions
chatterbot Tango submitting transactions
ChatterBot Golf round 14
ChatterBot Alpha round 14
ChatterBot India round 14
ChatterBot Papa round 14
ChatterBot Quebec round 14
ChatterBot Lima round 14
ChatterBot Whiskey round 14
ChatterBot Mike round 14
ChatterBot X-ray round 14
ChatterBot Tango round 14
2024-10-14 17:36:32.752726 Golf: Papa, sending you 2
2024-10-14 17:36:32.755816 Whiskey: Golf, Papa, Mike and Tango, sending you 3
2024-10-14 17:36:32.757468 X-ray: Golf, sending you 3
2024-10-14 17:36:32.759174 India: Alpha, sending you 6
2024-10-14 17:36:32.760737 Lima: Alpha, sending you 10
2024-10-14 17:36:32.761648 Golf: Quebec, sending you 4
2024-10-14 17:36:32.764507 Whiskey: Quebec, sending you 5
2024-10-14 17:36:32.765967 X-ray: Papa, Quebec and Whiskey, sending you 1
2024-10-14 17:36:32.768860 Lima: India, sending you 8
2024-10-14 17:36:32.770750 India: Lima, sending you 7
2024-10-14 17:36:32.771555 Quebec: Golf, Whiskey, Mike and Tango, sending you 4
2024-10-14 17:36:32.772985 Golf: Whiskey, Mike, X-ray and Tango, sending you 3
2024-10-14 17:36:32.777497 Papa: Golf, sending you 2
2024-10-14 17:36:32.779418 Alpha: India, sending you 4
2024-10-14 17:36:32.781496 Mike: Golf, Whiskey and Tango, sending you 3
2024-10-14 17:36:32.783017 X-ray: Mike and Tango, sending you 2
2024-10-14 17:36:32.785945 Quebec: Papa, sending you 3
2024-10-14 17:36:32.790935 Papa: Quebec, Whiskey and Mike, sending you 3
2024-10-14 17:36:32.795527 Tango: Golf, Whiskey and Mike, sending you 3
2024-10-14 17:36:32.798354 Alpha: Lima, sending you 7
2024-10-14 17:36:32.800219 Mike: Papa, sending you 2
2024-10-14 17:36:32.803250 Papa: Tango, sending you 4
2024-10-14 17:36:32.805939 Tango: Papa and Quebec, sending you 4
2024-10-14 17:36:32.808690 Mike: Quebec, sending you 4
chatterbot Quebec submitting transactions
chatterbot Alpha submitting transactions
chatterbot India submitting transactions
chatterbot Whiskey submitting transactions
chatterbot Lima submitting transactions
chatterbot Tango submitting transactions
chatterbot Golf submitting transactions
chatterbot X-ray submitting transactions
chatterbot Mike submitting transactions
chatterbot Papa submitting transactions
ChatterBot Golf round 15
ChatterBot Alpha round 15
ChatterBot India round 15
ChatterBot Papa round 15
ChatterBot Quebec round 15
ChatterBot Lima round 15
ChatterBot Whiskey round 15
ChatterBot Mike round 15
ChatterBot X-ray round 15
ChatterBot Tango round 15
2024-10-14 17:36:33.997661 Quebec: Golf, Whiskey, Mike and Tango, sending you 4
2024-10-14 17:36:34.001679 Quebec: Papa, sending you 3
2024-10-14 17:36:34.003631 Alpha: India, sending you 4
2024-10-14 17:36:34.007686 Golf: Papa, sending you 2
2024-10-14 17:36:34.010725 Alpha: Lima, sending you 7
2024-10-14 17:36:34.011580 Lima: Alpha, sending you 10
2024-10-14 17:36:34.012315 India: Alpha, sending you 6
2024-10-14 17:36:34.013673 Golf: Quebec, sending you 4
2024-10-14 17:36:34.014871 Whiskey: Golf, Papa, Mike and Tango, sending you 3
2024-10-14 17:36:34.015556 Papa: Golf and Mike, sending you 2
2024-10-14 17:36:34.016138 Mike: Golf, Whiskey and Tango, sending you 3
2024-10-14 17:36:34.016723 Lima: India, sending you 8
2024-10-14 17:36:34.018382 India: Lima, sending you 8
2024-10-14 17:36:34.018848 Tango: Golf, Whiskey and Mike, sending you 3
2024-10-14 17:36:34.019455 Golf: Whiskey, Mike, X-ray and Tango, sending you 3
2024-10-14 17:36:34.020567 Papa: Quebec and Whiskey, sending you 3
2024-10-14 17:36:34.021301 Whiskey: Quebec, sending you 5
2024-10-14 17:36:34.021893 Mike: Papa, sending you 2
2024-10-14 17:36:34.024077 X-ray: Golf, sending you 3
2024-10-14 17:36:34.025207 Tango: Papa and Quebec, sending you 4
2024-10-14 17:36:34.025811 Papa: Tango, sending you 5
2024-10-14 17:36:34.026681 Mike: Quebec, sending you 4
2024-10-14 17:36:34.027691 X-ray: Papa, Quebec and Whiskey, sending you 1
2024-10-14 17:36:34.033675 X-ray: Mike and Tango, sending you 2
chatterbot Whiskey submitting transactions
chatterbot Golf submitting transactions
chatterbot Quebec submitting transactions
chatterbot X-ray submitting transactions
chatterbot Alpha submitting transactions
chatterbot Papa submitting transactions
chatterbot India submitting transactions
chatterbot Tango submitting transactions
chatterbot Mike submitting transactions
chatterbot Lima submitting transactions
ChatterBot Golf round 16
ChatterBot Alpha round 16
ChatterBot India round 16
ChatterBot Papa round 16
ChatterBot Quebec round 16
ChatterBot Lima round 16
ChatterBot Whiskey round 16
ChatterBot Mike round 16
ChatterBot X-ray round 16
ChatterBot Tango round 16
2024-10-14 17:36:35.174656 X-ray: Golf, sending you 3
2024-10-14 17:36:35.175754 Alpha: India, sending you 4
2024-10-14 17:36:35.177101 India: Alpha, sending you 6
2024-10-14 17:36:35.177471 Papa: Golf and Mike, sending you 2
2024-10-14 17:36:35.178673 X-ray: Papa, Quebec and Whiskey, sending you 1
2024-10-14 17:36:35.179868 Mike: Golf, Whiskey and Tango, sending you 3
2024-10-14 17:36:35.180623 Alpha: Lima, sending you 7
2024-10-14 17:36:35.181673 India: Lima, sending you 8
2024-10-14 17:36:35.181969 Papa: Quebec and Whiskey, sending you 3
2024-10-14 17:36:35.182422 Lima: Alpha, sending you 10
2024-10-14 17:36:35.182759 Golf: Papa, sending you 2
2024-10-14 17:36:35.183666 X-ray: Mike and Tango, sending you 2
2024-10-14 17:36:35.184885 Mike: Papa, sending you 2
2024-10-14 17:36:35.185588 Whiskey: Golf, Papa, Mike and Tango, sending you 3
2024-10-14 17:36:35.186403 Quebec: Golf, Whiskey, Mike and Tango, sending you 4
2024-10-14 17:36:35.187210 Papa: Tango, sending you 5
2024-10-14 17:36:35.187984 Golf: Quebec, sending you 4
2024-10-14 17:36:35.189524 Tango: Golf, Whiskey and Mike, sending you 3
