ChatterBot Tango round 1
ChatterBot Kilo round 1
ChatterBot Oscar round 1
ChatterBot Golf round 1
ChatterBot X-ray round 1
ChatterBot Mike round 1
ChatterBot Juliett round 1
ChatterBot Charlie round 1
ChatterBot Sierra round 1
ChatterBot Alpha round 1
randomSelections Kilo: {Kilo, Alpha, Golf, Mike, Tango, Sierra, Charlie} 
2024-10-14 17:36:16.295265 Kilo: We should group up
ChatterBot Alpha reevaluating
ChatterBot Golf reevaluating
ChatterBot Mike reevaluating
ChatterBot Tango reevaluating
ChatterBot Sierra reevaluating
ChatterBot Charlie reevaluating
2024-10-14 17:36:16.317498 Alpha: Yes
2024-10-14 17:36:16.317702 Golf: Yes
2024-10-14 17:36:16.318305 Mike: Yes
2024-10-14 17:36:16.318498 Tango: Yes
2024-10-14 17:36:16.318734 Sierra: Yes
2024-10-14 17:36:16.318937 Charlie: Yes
ChatterBot Golf reevaluating
ChatterBot Mike reevaluating
ChatterBot Tango reevaluating
ChatterBot Sierra reevaluating
ChatterBot Charlie reevaluating
ChatterBot Alpha reevaluating
ChatterBot Mike reevaluating
ChatterBot Tango reevaluating
ChatterBot Sierra reevaluating
ChatterBot Charlie reevaluating
ChatterBot Alpha reevaluating
ChatterBot Golf reevaluating
ChatterBot Tango reevaluating
ChatterBot Sierra reevaluating
ChatterBot Charlie reevaluating
ChatterBot Alpha reevaluating
ChatterBot Golf reevaluating
ChatterBot Mike reevaluating
ChatterBot Sierra reevaluating
ChatterBot Charlie reevaluating
ChatterBot Alpha reevaluating
ChatterBot Golf reevaluating
ChatterBot Mike reevaluating
ChatterBot Tango reevaluating
ChatterBot Charlie reevaluating
ChatterBot Alpha reevaluating
ChatterBot Golf reevaluating
ChatterBot Mike reevaluating
ChatterBot Tango reevaluating
ChatterBot Sierra reevaluating
randomSelections Oscar: {Oscar, Juliett, X-ray, Golf, Kilo, Charlie, Tango} 
2024-10-14 17:36:16.488874 Oscar: Friends?
ChatterBot Juliett reevaluating
ChatterBot X-ray reevaluating
ChatterBot Golf reevaluating
ChatterBot Charlie reevaluating
ChatterBot Tango reevaluating
2024-10-14 17:36:16.505727 Juliett: Yes
2024-10-14 17:36:16.505971 X-ray: Yes
2024-10-14 17:36:16.506247 Golf: No
2024-10-14 17:36:16.506914 Kilo: No
2024-10-14 17:36:16.507989 Charlie: No
2024-10-14 17:36:16.508738 Tango: No
ChatterBot X-ray reevaluating
ChatterBot Golf reevaluating
ChatterBot Charlie reevaluating
ChatterBot Tango reevaluating
ChatterBot Juliett reevaluating
ChatterBot Golf reevaluating
ChatterBot Charlie reevaluating
ChatterBot Tango reevaluating
ChatterBot Juliett reevaluating
ChatterBot X-ray reevaluating
ChatterBot Charlie reevaluating
ChatterBot Tango reevaluating
ChatterBot Juliett reevaluating
ChatterBot X-ray reevaluating
ChatterBot Golf reevaluating
ChatterBot Charlie reevaluating
ChatterBot Tango reevaluating
ChatterBot Juliett reevaluating
ChatterBot X-ray reevaluating
ChatterBot Golf reevaluating
ChatterBot Tango reevaluating
ChatterBot Juliett reevaluating
ChatterBot X-ray reevaluating
ChatterBot Golf reevaluating
ChatterBot Charlie reevaluating
2024-10-14 17:36:16.621703 Mike: Tango and Kilo, sending you 3
2024-10-14 17:36:16.625714 Golf: Tango, sending you 5
2024-10-14 17:36:16.626710 Mike: Golf, sending you 1
2024-10-14 17:36:16.629042 Golf: Kilo, Mike and Charlie, sending you 2
2024-10-14 17:36:16.630704 X-ray: Tango, Golf and Charlie, sending you 2
2024-10-14 17:36:16.631696 Mike: Charlie, sending you 2
2024-10-14 17:36:16.632674 Golf: Sierra and Alpha, sending you 4
2024-10-14 17:36:16.633922 Kilo: Golf, sending you 3
2024-10-14 17:36:16.634219 Alpha: Tango and Mike, sending you 4
2024-10-14 17:36:16.634690 Tango: Kilo and Alpha, sending you 2
2024-10-14 17:36:16.635163 Charlie: Tango and Golf, sending you 1
2024-10-14 17:36:16.635931 Oscar: Tango, Golf and Juliett, sending you 4
2024-10-14 17:36:16.636280 X-ray: Kilo, sending you 1
2024-10-14 17:36:16.636569 Mike: Sierra and Alpha, sending you 4
2024-10-14 17:36:16.637448 Alpha: Kilo, sending you 1
2024-10-14 17:36:16.637855 Sierra: Tango, Golf and Charlie, sending you 1
2024-10-14 17:36:16.638256 Kilo: Mike, sending you 1
2024-10-14 17:36:16.638532 Tango: Golf, Mike, Charlie and Sierra, sending you 3
2024-10-14 17:36:16.639256 Juliett: Kilo, sending you 3
2024-10-14 17:36:16.639584 Charlie: Mike, sending you 3
2024-10-14 17:36:16.639905 X-ray: Oscar and Juliett, sending you 4
2024-10-14 17:36:16.640744 Oscar: Kilo, sending you 1
2024-10-14 17:36:16.641051 Sierra: Kilo and Mike, sending you 2
2024-10-14 17:36:16.641669 Alpha: Golf, sending you 2
2024-10-14 17:36:16.642693 Kilo: Charlie, sending you 2
2024-10-14 17:36:16.643227 Juliett: Oscar and Golf, sending you 1
2024-10-14 17:36:16.644106 Oscar: X-ray and Charlie, sending you 3
2024-10-14 17:36:16.645905 Alpha: Charlie and Sierra, sending you 3
2024-10-14 17:36:16.647719 Kilo: Sierra, sending you 4
2024-10-14 17:36:16.648104 Juliett: X-ray, sending you 2
2024-10-14 17:36:16.651671 Kilo: Alpha, sending you 8
2024-10-14 17:36:16.652019 Juliett: Charlie, sending you 4
chatterbot Kilo submitting transactions
chatterbot Tango submitting transactions
chatterbot Oscar submitting transactions
chatterbot Alpha submitting transactions
chatterbot X-ray submitting transactions
chatterbot Juliett submitting transactions
chatterbot Charlie submitting transactions
chatterbot Golf submitting transactions
chatterbot Sierra submitting transactions
chatterbot Mike submitting transactions
ChatterBot Tango round 2
ChatterBot Kilo round 2
ChatterBot Oscar round 2
ChatterBot Golf round 2
2024-10-14 17:36:17.888532 Oscar: Group up?
ChatterBot X-ray reevaluating
ChatterBot Juliett reevaluating
ChatterBot Charlie reevaluating
2024-10-14 17:36:17.951993 X-ray: No
2024-10-14 17:36:17.952202 Juliett: No
2024-10-14 17:36:17.952750 Charlie: No
ChatterBot Juliett reevaluating
ChatterBot Charlie reevaluating
ChatterBot X-ray reevaluating
ChatterBot Charlie reevaluating
ChatterBot X-ray reevaluating
ChatterBot Juliett reevaluating
2024-10-14 17:36:18.090151 Juliett: Let's form a team
2024-10-14 17:36:18.096635 Oscar: Yes
ChatterBot Juliett reevaluating
ChatterBot X-ray round 2
ChatterBot Mike round 2
ChatterBot Juliett round 2
ChatterBot Charlie round 2
ChatterBot Sierra round 2
ChatterBot Alpha round 2
2024-10-14 17:36:18.156082 Golf: We should drop Charlie
ChatterBot Sierra reevaluating
ChatterBot Alpha reevaluating
2024-10-14 17:36:18.173659 Tango: No
2024-10-14 17:36:18.173817 Kilo: No
2024-10-14 17:36:18.173921 Mike: No
2024-10-14 17:36:18.174020 Sierra: No
2024-10-14 17:36:18.174122 Alpha: Yes
ChatterBot Sierra reevaluating
ChatterBot Alpha reevaluating
ChatterBot Sierra reevaluating
ChatterBot Alpha reevaluating
ChatterBot Sierra reevaluating
ChatterBot Alpha reevaluating
ChatterBot Alpha reevaluating
ChatterBot Tango reevaluating
ChatterBot Kilo reevaluating
ChatterBot Sierra reevaluating
2024-10-14 17:36:18.315597 Oscar: X-ray, sending you 10
2024-10-14 17:36:18.349707 Oscar: Juliett, sending you 5
2024-10-14 17:36:18.350153 Charlie: Tango, Kilo, Golf, Mike and Alpha, sending you 2
2024-10-14 17:36:18.350674 Sierra: Tango and Alpha, sending you 2
2024-10-14 17:36:18.351961 X-ray: Oscar and Juliett, sending you 6
2024-10-14 17:36:18.352322 Juliett: Oscar, sending you 6
2024-10-14 17:36:18.352593 Mike: Tango, Golf, Charlie and Sierra, sending you 3
2024-10-14 17:36:18.354399 Golf: Tango, sending you 6
2024-10-14 17:36:18.354842 Oscar: Charlie, sending you 4
2024-10-14 17:36:18.355115 Sierra: Kilo, sending you 4
2024-10-14 17:36:18.359301 Juliett: X-ray, sending you 5
2024-10-14 17:36:18.359651 X-ray: Charlie, sending you 5
2024-10-14 17:36:18.359979 Golf: Kilo, sending you 5
2024-10-14 17:36:18.360398 Tango: Kilo and Sierra, sending you 2
2024-10-14 17:36:18.362625 Mike: Kilo, sending you 1
2024-10-14 17:36:18.363111 Kilo: Tango, Golf and Sierra, sending you 4
2024-10-14 17:36:18.363465 Golf: Mike and Sierra, sending you 2
2024-10-14 17:36:18.437834 Sierra: Golf and Mike, sending you 3
2024-10-14 17:36:18.439055 Mike: Alpha, sending you 4
2024-10-14 17:36:18.439817 Tango: Golf, sending you 5
2024-10-14 17:36:18.440851 Kilo: Mike, sending you 5
2024-10-14 17:36:18.441550 Golf: Alpha, sending you 4
2024-10-14 17:36:18.442627 Sierra: Charlie, sending you 1
2024-10-14 17:36:18.460618 Tango: Mike, sending you 3
2024-10-14 17:36:18.462092 Kilo: Alpha, sending you 1
2024-10-14 17:36:18.463126 Alpha: Tango, sending you 3
2024-10-14 17:36:18.485937 Tango: Alpha, sending you 4
2024-10-14 17:36:18.486875 Alpha: Kilo, sending you 5
2024-10-14 17:36:18.493077 Alpha: Golf and Mike, sending you 4
2024-10-14 17:36:18.499288 Alpha: Sierra, sending you 1
chatterbot Charlie submitting transactions
chatterbot Kilo submitting transactions
chatterbot Sierra submitting transactions
chatterbot Alpha submitting transactions
chatterbot X-ray submitting transactions
chatterbot Juliett submitting transactions
chatterbot Tango submitting transactions
chatterbot Oscar submitting transactions
chatterbot Mike submitting transactions
chatterbot Golf submitting transactions
ChatterBot Tango round 3
ChatterBot Kilo round 3
ChatterBot Oscar round 3
ChatterBot Golf round 3
ChatterBot X-ray round 3
2024-10-14 17:36:19.443590 Kilo: We should add Charlie
ChatterBot Tango reevaluating
2024-10-14 17:36:19.525741 Golf: No
2024-10-14 17:36:19.526433 Tango: Yes
2024-10-14 17:36:19.526664 Mike: Yes
2024-10-14 17:36:19.526877 Sierra: Yes
2024-10-14 17:36:19.527082 Alpha: No
ChatterBot Tango reevaluating
ChatterBot Tango reevaluating
ChatterBot Tango reevaluating
ChatterBot Tango reevaluating
ChatterBot Mike round 3
ChatterBot Juliett round 3
ChatterBot Charlie round 3
ChatterBot Sierra round 3
ChatterBot Alpha round 3
2024-10-14 17:36:19.614454 Kilo: Charlie we want you to join our group
2024-10-14 17:36:19.617987 Charlie: Yes
ChatterBot Alpha reevaluating
ChatterBot Golf reevaluating
ChatterBot Tango reevaluating
2024-10-14 17:36:19.643226 Alpha: We should add Charlie
ChatterBot Golf reevaluating
ChatterBot Tango reevaluating
2024-10-14 17:36:19.663811 Golf: Yes
2024-10-14 17:36:19.664619 Tango: Yes
2024-10-14 17:36:19.664849 Kilo: Yes
2024-10-14 17:36:19.665047 Mike: Yes
2024-10-14 17:36:19.665285 Sierra: Yes
ChatterBot Tango reevaluating
ChatterBot Alpha reevaluating
ChatterBot Golf reevaluating
ChatterBot Alpha reevaluating
ChatterBot Golf reevaluating
ChatterBot Tango reevaluating
ChatterBot Alpha reevaluating
ChatterBot Golf reevaluating
ChatterBot Tango reevaluating
ChatterBot Alpha reevaluating
ChatterBot Golf reevaluating
ChatterBot Tango reevaluating
ChatterBot Alpha reevaluating
2024-10-14 17:36:19.802869 Tango: Charlie we want you to join our group
2024-10-14 17:36:19.807553 Charlie: Yes
ChatterBot Alpha reevaluating
ChatterBot Golf reevaluating
2024-10-14 17:36:19.835049 Kilo: Tango, Mike and Charlie, sending you 2
2024-10-14 17:36:19.836373 Alpha: Charlie we want you to join our group
2024-10-14 17:36:19.840423 Charlie: Yes
ChatterBot Golf reevaluating
2024-10-14 17:36:19.858315 X-ray: Oscar and Juliett, sending you 6
2024-10-14 17:36:19.858732 Oscar: X-ray, sending you 8
2024-10-14 17:36:19.859070 Kilo: Golf, Sierra and Alpha, sending you 4
2024-10-14 17:36:19.873518 Juliett: Oscar, sending you 5
2024-10-14 17:36:19.874028 Charlie: Tango and Alpha, sending you 2
2024-10-14 17:36:19.875900 Golf: Charlie we want you to join our group
2024-10-14 17:36:19.881754 Charlie: Yes
ChatterBot Golf reevaluating
2024-10-14 17:36:19.909412 X-ray: Charlie, sending you 5
2024-10-14 17:36:19.909849 Oscar: Juliett, sending you 7
2024-10-14 17:36:19.910174 Tango: Kilo, Charlie and Sierra, sending you 2
2024-10-14 17:36:19.911517 Sierra: Tango, Golf and Mike, sending you 3
2024-10-14 17:36:19.912060 Mike: Tango, Kilo, Charlie, Sierra and Alpha, sending you 3
2024-10-14 17:36:19.912784 Juliett: X-ray, sending you 6
2024-10-14 17:36:19.913754 Charlie: Kilo, Golf and Sierra, sending you 1
2024-10-14 17:36:19.916226 Oscar: Charlie, sending you 4
2024-10-14 17:36:19.916833 Tango: Golf, sending you 4
2024-10-14 17:36:19.917606 Sierra: Kilo, sending you 4
2024-10-14 17:36:19.918778 Mike: Golf, sending you 2
2024-10-14 17:36:19.919758 Alpha: Tango, Kilo and Mike, sending you 3
2024-10-14 17:36:19.920996 Charlie: Mike, sending you 3
2024-10-14 17:36:19.921938 Tango: Mike and Alpha, sending you 3
2024-10-14 17:36:19.923260 Sierra: Alpha, sending you 2
2024-10-14 17:36:19.924032 Alpha: Golf, sending you 4
2024-10-14 17:36:19.929691 Alpha: Charlie and Sierra, sending you 2
2024-10-14 17:36:19.942660 Golf: Tango, sending you 5
2024-10-14 17:36:19.946836 Golf: Kilo and Alpha, sending you 4
2024-10-14 17:36:19.950674 Golf: Mike and Sierra, sending you 3
chatterbot Charlie submitting transactions
chatterbot Sierra submitting transactions
chatterbot Kilo submitting transactions
chatterbot Mike submitting transactions
chatterbot Oscar submitting transactions
chatterbot Alpha submitting transactions
chatterbot Juliett submitting transactions
chatterbot Tango submitting transactions
chatterbot X-ray submitting transactions
chatterbot Golf submitting transactions
ChatterBot Tango round 4
ChatterBot Kilo round 4
ChatterBot Oscar round 4
ChatterBot Golf round 4
ChatterBot X-ray round 4
ChatterBot Mike round 4
ChatterBot Juliett round 4
ChatterBot Charlie round 4
ChatterBot Sierra round 4
ChatterBot Alpha round 4
2024-10-14 17:36:21.085461 Oscar: We should drop Charlie
ChatterBot X-ray reevaluating
2024-10-14 17:36:21.093021 Juliett: Yes
2024-10-14 17:36:21.093172 X-ray: Yes
ChatterBot X-ray reevaluating
2024-10-14 17:36:21.129060 Kilo: Tango, sending you 2
2024-10-14 17:36:21.133665 Kilo: Golf, sending you 5
2024-10-14 17:36:21.135678 Tango: Kilo, Charlie and Sierra, sending you 2
2024-10-14 17:36:21.137677 Kilo: Mike and Alpha, sending you 3
2024-10-14 17:36:21.138326 Oscar: X-ray, sending you 10
2024-10-14 17:36:21.140669 Tango: Golf, sending you 4
2024-10-14 17:36:21.142079 Kilo: Charlie, sending you 1
2024-10-14 17:36:21.142726 Juliett: Oscar, sending you 5
2024-10-14 17:36:21.143054 Sierra: Tango and Alpha, sending you 2
2024-10-14 17:36:21.144018 Oscar: Juliett, sending you 9
2024-10-14 17:36:21.144330 Mike: Tango, Kilo, Charlie, Sierra and Alpha, sending you 3
2024-10-14 17:36:21.144883 Golf: Tango, sending you 5
2024-10-14 17:36:21.145280 Tango: Mike and Alpha, sending you 3
2024-10-14 17:36:21.145758 X-ray: Oscar, sending you 9
2024-10-14 17:36:21.146719 Sierra: Kilo, sending you 4
2024-10-14 17:36:21.147536 Alpha: Tango, Kilo and Mike, sending you 3
2024-10-14 17:36:21.147946 Kilo: Sierra, sending you 4
2024-10-14 17:36:21.148318 Juliett: X-ray, sending you 6
2024-10-14 17:36:21.148513 Charlie: Tango, Kilo and Alpha, sending you 2
2024-10-14 17:36:21.149590 Golf: Kilo and Alpha, sending you 4
2024-10-14 17:36:21.149979 Mike: Golf, sending you 2
2024-10-14 17:36:21.150338 Sierra: Golf and Mike, sending you 3
2024-10-14 17:36:21.151831 X-ray: Juliett, sending you 8
2024-10-14 17:36:21.152142 Alpha: Golf, sending you 4
2024-10-14 17:36:21.152800 Golf: Mike and Sierra, sending you 3
2024-10-14 17:36:21.153673 Charlie: Mike, sending you 3
2024-10-14 17:36:21.155716 Sierra: Charlie, sending you 1
2024-10-14 17:36:21.157674 Alpha: Charlie and Sierra, sending you 2
2024-10-14 17:36:21.158324 Charlie: Sierra, sending you 1
chatterbot Sierra submitting transactions
chatterbot Kilo submitting transactions
chatterbot Oscar submitting transactions
chatterbot Alpha submitting transactions
chatterbot Juliett submitting transactions
chatterbot Charlie submitting transactions
chatterbot Tango submitting transactions
chatterbot Golf submitting transactions
chatterbot Mike submitting transactions
chatterbot X-ray submitting transactions
ChatterBot Tango round 5
ChatterBot Kilo round 5
ChatterBot Oscar round 5
ChatterBot Golf round 5
ChatterBot X-ray round 5
ChatterBot Mike round 5
ChatterBot Juliett round 5
ChatterBot Charlie round 5
ChatterBot Sierra round 5
ChatterBot Alpha round 5
2024-10-14 17:36:22.345686 Golf: We should add Charlie
2024-10-14 17:36:22.356979 Tango: Yes
2024-10-14 17:36:22.357161 Kilo: Yes
2024-10-14 17:36:22.357292 Mike: Yes
2024-10-14 17:36:22.357427 Sierra: Yes
2024-10-14 17:36:22.357545 Alpha: Yes
2024-10-14 17:36:22.416658 Golf: Charlie we want you to join our group
2024-10-14 17:36:22.418575 Charlie: Yes
2024-10-14 17:36:22.431671 Tango: Kilo, Charlie and Sierra, sending you 2
2024-10-14 17:36:22.432239 Oscar: X-ray, sending you 10
2024-10-14 17:36:22.433659 Kilo: Tango and Charlie, sending you 2
2024-10-14 17:36:22.434648 Tango: Golf, sending you 4
2024-10-14 17:36:22.435148 Oscar: Juliett, sending you 9
2024-10-14 17:36:22.437666 Kilo: Golf and Sierra, sending you 4
2024-10-14 17:36:22.438211 Tango: Mike and Alpha, sending you 3
2024-10-14 17:36:22.438781 Sierra: Tango and Alpha, sending you 2
2024-10-14 17:36:22.440963 X-ray: Oscar, sending you 9
2024-10-14 17:36:22.441213 Charlie: Tango and Alpha, sending you 2
2024-10-14 17:36:22.441816 Alpha: Tango, Kilo and Mike, sending you 3
2024-10-14 17:36:22.442375 Kilo: Mike and Alpha, sending you 3
2024-10-14 17:36:22.443001 Golf: Tango, Kilo and Alpha, sending you 4
2024-10-14 17:36:22.443473 Sierra: Kilo, sending you 4
2024-10-14 17:36:22.444665 Charlie: Kilo, Golf and Sierra, sending you 1
2024-10-14 17:36:22.445198 Mike: Tango, Kilo, Charlie, Sierra and Alpha, sending you 3
2024-10-14 17:36:22.445739 X-ray: Juliett, sending you 8
2024-10-14 17:36:22.445962 Alpha: Golf, sending you 4
2024-10-14 17:36:22.446859 Golf: Mike and Charlie, sending you 2
2024-10-14 17:36:22.447367 Juliett: Oscar, sending you 5
2024-10-14 17:36:22.448665 Sierra: Golf and Mike, sending you 3
2024-10-14 17:36:22.449223 Charlie: Mike, sending you 3
2024-10-14 17:36:22.450212 Alpha: Charlie and Sierra, sending you 2
2024-10-14 17:36:22.450743 Golf: Sierra, sending you 3
2024-10-14 17:36:22.451243 Mike: Golf, sending you 2
2024-10-14 17:36:22.451876 Juliett: X-ray, sending you 6
2024-10-14 17:36:22.452679 Sierra: Charlie, sending you 1
chatterbot Kilo submitting transactions
chatterbot X-ray submitting transactions
chatterbot Mike submitting transactions
chatterbot Alpha submitting transactions
chatterbot Juliett submitting transactions
chatterbot Charlie submitting transactions
chatterbot Oscar submitting transactions
chatterbot Golf submitting transactions
chatterbot Tango submitting transactions
chatterbot Sierra submitting transactions
ChatterBot Tango round 6
ChatterBot Kilo round 6
ChatterBot Oscar round 6
ChatterBot Golf round 6
ChatterBot X-ray round 6
ChatterBot Mike round 6
ChatterBot Juliett round 6
ChatterBot Charlie round 6
ChatterBot Sierra round 6
ChatterBot Alpha round 6
2024-10-14 17:36:23.717667 Kilo: Tango and Charlie, sending you 2
2024-10-14 17:36:23.719473 Oscar: X-ray, sending you 10
2024-10-14 17:36:23.720666 Kilo: Golf and Sierra, sending you 4
2024-10-14 17:36:23.723666 Oscar: Juliett, sending you 9
2024-10-14 17:36:23.724422 Kilo: Mike and Alpha, sending you 3
2024-10-14 17:36:23.725675 X-ray: Oscar, sending you 9
2024-10-14 17:36:23.726684 Tango: Kilo, Charlie and Sierra, sending you 2
2024-10-14 17:36:23.727631 Golf: Tango, Kilo and Alpha, sending you 4
2024-10-14 17:36:23.728282 Mike: Tango, Kilo, Charlie, Sierra and Alpha, sending you 3
2024-10-14 17:36:23.729272 Charlie: Tango, Kilo and Alpha, sending you 2
2024-10-14 17:36:23.729851 X-ray: Juliett, sending you 8
2024-10-14 17:36:23.731669 Sierra: Tango and Alpha, sending you 2
2024-10-14 17:36:23.732491 Tango: Golf, sending you 4
2024-10-14 17:36:23.733675 Golf: Mike and Charlie, sending you 2
2024-10-14 17:36:23.734440 Mike: Golf, sending you 2
2024-10-14 17:36:23.735184 Charlie: Golf, sending you 1
2024-10-14 17:36:23.736312 Alpha: Tango, Kilo and Mike, sending you 3
2024-10-14 17:36:23.737123 Sierra: Kilo, sending you 4
2024-10-14 17:36:23.737976 Juliett: Oscar, sending you 5
2024-10-14 17:36:23.738758 Tango: Mike and Alpha, sending you 3
2024-10-14 17:36:23.739674 Golf: Sierra, sending you 3
2024-10-14 17:36:23.740610 Alpha: Golf, sending you 4
2024-10-14 17:36:23.741925 Charlie: Mike, sending you 3
2024-10-14 17:36:23.742850 Sierra: Golf and Mike, sending you 3
2024-10-14 17:36:23.744293 Juliett: X-ray, sending you 6
2024-10-14 17:36:23.744695 Alpha: Charlie and Sierra, sending you 2
2024-10-14 17:36:23.748676 Sierra: Charlie, sending you 1
chatterbot Juliett submitting transactions
chatterbot Oscar submitting transactions
chatterbot X-ray submitting transactions
chatterbot Kilo submitting transactions
chatterbot Golf submitting transactions
chatterbot Tango submitting transactions
chatterbot Sierra submitting transactions
chatterbot Charlie submitting transactions
chatterbot Alpha submitting transactions
chatterbot Mike submitting transactions
ChatterBot Tango round 7
ChatterBot Kilo round 7
ChatterBot Oscar round 7
ChatterBot Golf round 7
ChatterBot X-ray round 7
ChatterBot Mike round 7
ChatterBot Juliett round 7
ChatterBot Charlie round 7
ChatterBot Sierra round 7
ChatterBot Alpha round 7
2024-10-14 17:36:25.016668 X-ray: Oscar, sending you 9
2024-10-14 17:36:25.017132 Tango: Kilo, Charlie and Sierra, sending you 2
2024-10-14 17:36:25.018248 Golf: Tango, Kilo and Alpha, sending you 4
2024-10-14 17:36:25.019150 Kilo: Tango and Charlie, sending you 2
2024-10-14 17:36:25.020654 Oscar: X-ray, sending you 10
2024-10-14 17:36:25.021012 X-ray: Juliett, sending you 8
2024-10-14 17:36:25.021674 Tango: Golf, sending you 4
2024-10-14 17:36:25.022851 Golf: Mike and Charlie, sending you 2
2024-10-14 17:36:25.024528 Charlie: Tango, Kilo and Alpha, sending you 2
2024-10-14 17:36:25.025337 Kilo: Golf and Sierra, sending you 4
2024-10-14 17:36:25.025959 Mike: Tango, Kilo, Charlie, Sierra and Alpha, sending you 3
2024-10-14 17:36:25.026610 Juliett: Oscar, sending you 5
2024-10-14 17:36:25.027026 Oscar: Juliett, sending you 9
2024-10-14 17:36:25.027419 Tango: Mike and Alpha, sending you 3
2024-10-14 17:36:25.028916 Golf: Sierra, sending you 3
2024-10-14 17:36:25.029698 Kilo: Mike and Alpha, sending you 3
2024-10-14 17:36:25.030677 Mike: Golf, sending you 2
2024-10-14 17:36:25.031538 Charlie: Golf, sending you 1
2024-10-14 17:36:25.032460 Alpha: Tango, Kilo and Mike, sending you 3
2024-10-14 17:36:25.033467 Juliett: X-ray, sending you 6
2024-10-14 17:36:25.035686 Charlie: Mike, sending you 3
2024-10-14 17:36:25.037157 Alpha: Golf, sending you 4
2024-10-14 17:36:25.038335 Sierra: Tango and Alpha, sending you 2
2024-10-14 17:36:25.042689 Alpha: Charlie and Sierra, sending you 2
2024-10-14 17:36:25.043866 Sierra: Kilo, sending you 4
2024-10-14 17:36:25.047671 Sierra: Golf and Mike, sending you 3
2024-10-14 17:36:25.053696 Sierra: Charlie, sending you 1
chatterbot Oscar submitting transactions
chatterbot Sierra submitting transactions
chatterbot Alpha submitting transactions
chatterbot Kilo submitting transactions
chatterbot Golf submitting transactions
chatterbot Mike submitting transactions
chatterbot Tango submitting transactions
chatterbot Charlie submitting transactions
chatterbot Juliett submitting transactions
chatterbot X-ray submitting transactions
ChatterBot Tango round 8
ChatterBot Kilo round 8
ChatterBot Oscar round 8
ChatterBot Golf round 8
ChatterBot X-ray round 8
ChatterBot Mike round 8
ChatterBot Juliett round 8
ChatterBot Charlie round 8
ChatterBot Sierra round 8
ChatterBot Alpha round 8
2024-10-14 17:36:26.243686 Kilo: Tango and Charlie, sending you 2
2024-10-14 17:36:26.246901 Golf: Tango, Kilo and Alpha, sending you 4
2024-10-14 17:36:26.248507 X-ray: Oscar, sending you 9
2024-10-14 17:36:26.251520 Oscar: X-ray, sending you 10
2024-10-14 17:36:26.252029 Kilo: Golf and Sierra, sending you 4
2024-10-14 17:36:26.253485 Golf: Mike and Charlie, sending you 2
2024-10-14 17:36:26.254873 X-ray: Juliett, sending you 8
2024-10-14 17:36:26.256155 Oscar: Juliett, sending you 9
2024-10-14 17:36:26.256580 Sierra: Tango and Alpha, sending you 2
2024-10-14 17:36:26.257413 Kilo: Mike and Alpha, sending you 3
2024-10-14 17:36:26.258692 Charlie: Tango, Kilo and Alpha, sending you 2
2024-10-14 17:36:26.260474 Tango: Kilo, Charlie and Sierra, sending you 2
2024-10-14 17:36:26.261285 Golf: Sierra, sending you 3
2024-10-14 17:36:26.262047 Juliett: Oscar, sending you 5
2024-10-14 17:36:26.262354 Mike: Tango, Kilo, Charlie, Sierra and Alpha, sending you 3
2024-10-14 17:36:26.263086 Sierra: Kilo, sending you 4
2024-10-14 17:36:26.264677 Charlie: Golf, sending you 1
2024-10-14 17:36:26.265335 Tango: Golf, sending you 4
2024-10-14 17:36:26.265934 Juliett: X-ray, sending you 6
2024-10-14 17:36:26.266159 Mike: Golf, sending you 2
2024-10-14 17:36:26.266856 Alpha: Tango, Kilo and Mike, sending you 3
2024-10-14 17:36:26.268667 Sierra: Golf and Mike, sending you 3
2024-10-14 17:36:26.269666 Charlie: Mike, sending you 3
2024-10-14 17:36:26.270269 Tango: Mike and Alpha, sending you 3
2024-10-14 17:36:26.272685 Alpha: Golf, sending you 4
2024-10-14 17:36:26.273838 Sierra: Charlie, sending you 1
2024-10-14 17:36:26.276684 Alpha: Charlie and Sierra, sending you 2
chatterbot Golf submitting transactions
chatterbot X-ray submitting transactions
chatterbot Charlie submitting transactions
chatterbot Mike submitting transactions
chatterbot Sierra submitting transactions
chatterbot Tango submitting transactions
chatterbot Kilo submitting transactions
chatterbot Juliett submitting transactions
chatterbot Oscar submitting transactions
chatterbot Alpha submitting transactions
ChatterBot Tango round 9
ChatterBot Kilo round 9
ChatterBot Oscar round 9
ChatterBot Golf round 9
ChatterBot X-ray round 9
ChatterBot Mike round 9
ChatterBot Juliett round 9
ChatterBot Charlie round 9
ChatterBot Sierra round 9
ChatterBot Alpha round 9
2024-10-14 17:36:27.474476 Tango: Kilo, Charlie and Sierra, sending you 2
2024-10-14 17:36:27.476675 Mike: Tango, Kilo, Charlie, Sierra and Alpha, sending you 3
2024-10-14 17:36:27.479671 Tango: Golf, sending you 4
2024-10-14 17:36:27.480667 Mike: Golf, sending you 2
2024-10-14 17:36:27.483653 Tango: Mike and Alpha, sending you 3
2024-10-14 17:36:27.485657 Juliett: Oscar, sending you 5
2024-10-14 17:36:27.487673 Sierra: Tango and Alpha, sending you 2
2024-10-14 17:36:27.489665 Juliett: X-ray, sending you 6
2024-10-14 17:36:27.490676 Sierra: Kilo, sending you 4
2024-10-14 17:36:27.492672 Kilo: Tango and Charlie, sending you 2
2024-10-14 17:36:27.493848 Golf: Tango, Kilo and Alpha, sending you 4
2024-10-14 17:36:27.494695 Sierra: Golf and Mike, sending you 3
2024-10-14 17:36:27.495590 X-ray: Oscar, sending you 9
2024-10-14 17:36:27.496694 Kilo: Golf and Sierra, sending you 4
2024-10-14 17:36:27.497425 Oscar: X-ray, sending you 10
2024-10-14 17:36:27.497757 Sierra: Charlie, sending you 1
2024-10-14 17:36:27.498679 Golf: Mike and Charlie, sending you 2
2024-10-14 17:36:27.500027 X-ray: Juliett, sending you 8
2024-10-14 17:36:27.500672 Charlie: Tango, Kilo, Mike and Alpha, sending you 2
2024-10-14 17:36:27.501634 Oscar: Juliett, sending you 9
2024-10-14 17:36:27.501967 Kilo: Mike and Alpha, sending you 3
2024-10-14 17:36:27.503661 Golf: Sierra, sending you 3
2024-10-14 17:36:27.504730 Charlie: Golf and Sierra, sending you 1
2024-10-14 17:36:27.506678 Alpha: Tango, Kilo and Mike, sending you 3
2024-10-14 17:36:27.512686 Alpha: Golf, sending you 4
2024-10-14 17:36:27.516678 Alpha: Charlie and Sierra, sending you 2
chatterbot Juliett submitting transactions
chatterbot Sierra submitting transactions
chatterbot Charlie submitting transactions
chatterbot Tango submitting transactions
chatterbot Alpha submitting transactions
chatterbot X-ray submitting transactions
chatterbot Golf submitting transactions
chatterbot Mike submitting transactions
chatterbot Oscar submitting transactions
chatterbot Kilo submitting transactions
ChatterBot Tango round 10
ChatterBot Kilo round 10
ChatterBot Oscar round 10
ChatterBot Golf round 10
ChatterBot X-ray round 10
ChatterBot Mike round 10
ChatterBot Juliett round 10
ChatterBot Charlie round 10
ChatterBot Sierra round 10
ChatterBot Alpha round 10
2024-10-14 17:36:28.737679 Tango: Kilo, Charlie and Sierra, sending you 2
2024-10-14 17:36:28.742882 Alpha: Tango, Kilo and Mike, sending you 3
2024-10-14 17:36:28.744198 Tango: Golf, sending you 4
2024-10-14 17:36:28.746672 X-ray: Oscar, sending you 9
2024-10-14 17:36:28.748686 Alpha: Golf, sending you 4
2024-10-14 17:36:28.749802 Tango: Mike and Alpha, sending you 3
2024-10-14 17:36:28.751180 X-ray: Juliett, sending you 8
2024-10-14 17:36:28.751942 Juliett: Oscar, sending you 5
2024-10-14 17:36:28.752290 Golf: Tango, Kilo and Alpha, sending you 4
2024-10-14 17:36:28.753468 Kilo: Tango and Charlie, sending you 2
2024-10-14 17:36:28.754737 Alpha: Charlie and Sierra, sending you 2
2024-10-14 17:36:28.756395 Oscar: X-ray, sending you 10
2024-10-14 17:36:28.756871 Charlie: Tango, Kilo, Golf, Mike and Alpha, sending you 2
2024-10-14 17:36:28.758308 Juliett: X-ray, sending you 6
2024-10-14 17:36:28.758721 Mike: Tango, Kilo, Charlie, Sierra and Alpha, sending you 3
2024-10-14 17:36:28.760429 Golf: Mike and Charlie, sending you 2
2024-10-14 17:36:28.762020 Kilo: Golf and Sierra, sending you 4
2024-10-14 17:36:28.764089 Sierra: Tango and Alpha, sending you 2
2024-10-14 17:36:28.765706 Oscar: Juliett, sending you 9
2024-10-14 17:36:28.766296 Mike: Golf, sending you 2
2024-10-14 17:36:28.768797 Golf: Sierra, sending you 3
2024-10-14 17:36:28.770305 Kilo: Mike and Alpha, sending you 3
2024-10-14 17:36:28.771589 Sierra: Kilo, sending you 4
2024-10-14 17:36:28.776915 Sierra: Golf and Mike, sending you 3
2024-10-14 17:36:28.783657 Sierra: Charlie, sending you 1
chatterbot Sierra submitting transactions
chatterbot Oscar submitting transactions
chatterbot Mike submitting transactions
chatterbot Golf submitting transactions
chatterbot Tango submitting transactions
chatterbot Kilo submitting transactions
chatterbot Charlie submitting transactions
chatterbot X-ray submitting transactions
chatterbot Juliett submitting transactions
chatterbot Alpha submitting transactions
ChatterBot Tango round 11
ChatterBot Kilo round 11
ChatterBot Oscar round 11
ChatterBot Golf round 11
ChatterBot X-ray round 11
ChatterBot Mike round 11
ChatterBot Juliett round 11
ChatterBot Charlie round 11
ChatterBot Sierra round 11
ChatterBot Alpha round 11
2024-10-14 17:36:29.951666 Golf: We should drop Charlie
2024-10-14 17:36:29.968056 Tango: No
2024-10-14 17:36:29.968278 Kilo: No
2024-10-14 17:36:29.968438 Mike: No
2024-10-14 17:36:29.968639 Sierra: No
2024-10-14 17:36:29.968882 Alpha: No
ChatterBot Golf reevaluating
ChatterBot Golf reevaluating
ChatterBot Golf reevaluating
ChatterBot Golf reevaluating
2024-10-14 17:36:30.027666 Tango: Kilo, Charlie and Sierra, sending you 2
2024-10-14 17:36:30.028812 Oscar: X-ray, sending you 10
2024-10-14 17:36:30.029660 Kilo: Tango and Charlie, sending you 2
2024-10-14 17:36:30.031688 Tango: Golf, sending you 4
2024-10-14 17:36:30.033691 Kilo: Golf and Sierra, sending you 4
2024-10-14 17:36:30.034778 Oscar: Juliett, sending you 9
2024-10-14 17:36:30.035117 X-ray: Oscar, sending you 9
2024-10-14 17:36:30.036079 Tango: Mike and Alpha, sending you 3
2024-10-14 17:36:30.037694 Kilo: Mike and Alpha, sending you 3
2024-10-14 17:36:30.038824 Juliett: Oscar, sending you 5
2024-10-14 17:36:30.039642 Alpha: Tango, Kilo and Mike, sending you 3
2024-10-14 17:36:30.040971 Mike: Tango, Kilo, Charlie, Sierra and Alpha, sending you 3
2024-10-14 17:36:30.042040 X-ray: Juliett, sending you 8
2024-10-14 17:36:30.042387 Juliett: X-ray, sending you 6
2024-10-14 17:36:30.043349 Golf: Tango, Kilo and Alpha, sending you 4
2024-10-14 17:36:30.044450 Alpha: Golf, sending you 4
2024-10-14 17:36:30.045656 Charlie: Tango, Kilo, Golf, Mike and Alpha, sending you 2
2024-10-14 17:36:30.046972 Mike: Golf, sending you 2
2024-10-14 17:36:30.047736 Sierra: Tango and Alpha, sending you 2
2024-10-14 17:36:30.048683 Golf: Mike and Charlie, sending you 2
2024-10-14 17:36:30.049881 Alpha: Charlie and Sierra, sending you 2
2024-10-14 17:36:30.050683 Sierra: Kilo, sending you 4
2024-10-14 17:36:30.053671 Golf: Sierra, sending you 3
2024-10-14 17:36:30.056681 Sierra: Golf and Mike, sending you 3
2024-10-14 17:36:30.062672 Sierra: Charlie, sending you 1
chatterbot X-ray submitting transactions
chatterbot Kilo submitting transactions
chatterbot Oscar submitting transactions
chatterbot Sierra submitting transactions
chatterbot Tango submitting transactions
chatterbot Alpha submitting transactions
chatterbot Juliett submitting transactions
chatterbot Charlie submitting transactions
chatterbot Mike submitting transactions
chatterbot Golf submitting transactions
ChatterBot Tango round 12
ChatterBot Kilo round 12
ChatterBot Oscar round 12
ChatterBot Golf round 12
ChatterBot X-ray round 12
ChatterBot Mike round 12
ChatterBot Juliett round 12
ChatterBot Charlie round 12
ChatterBot Sierra round 12
ChatterBot Alpha round 12
2024-10-14 17:36:31.295108 Tango: Kilo, Charlie and Sierra, sending you 2
2024-10-14 17:36:31.299678 Oscar: X-ray, sending you 10
2024-10-14 17:36:31.300652 Tango: Golf, sending you 4
2024-10-14 17:36:31.303289 Oscar: Juliett, sending you 9
2024-10-14 17:36:31.304650 Tango: Mike and Alpha, sending you 3
2024-10-14 17:36:31.309677 Golf: Tango, Kilo and Alpha, sending you 4
2024-10-14 17:36:31.311638 Juliett: Oscar, sending you 5
2024-10-14 17:36:31.312071 Alpha: Tango, Kilo and Mike, sending you 3
2024-10-14 17:36:31.314121 Kilo: Tango and Charlie, sending you 2
2024-10-14 17:36:31.315579 Mike: Tango, Kilo, Charlie, Sierra and Alpha, sending you 3
2024-10-14 17:36:31.317867 X-ray: Oscar, sending you 9
2024-10-14 17:36:31.318284 Golf: Mike and Charlie, sending you 2
2024-10-14 17:36:31.319774 Juliett: X-ray, sending you 6
2024-10-14 17:36:31.320208 Alpha: Golf, sending you 4
2024-10-14 17:36:31.323049 Kilo: Golf and Sierra, sending you 4
2024-10-14 17:36:31.326253 Mike: Golf, sending you 2
2024-10-14 17:36:31.328022 X-ray: Juliett, sending you 8
2024-10-14 17:36:31.328438 Golf: Sierra, sending you 3
2024-10-14 17:36:31.331184 Charlie: Tango, Kilo, Golf, Mike and Alpha, sending you 2
2024-10-14 17:36:31.332857 Sierra: Tango and Alpha, sending you 2
2024-10-14 17:36:31.334585 Alpha: Charlie and Sierra, sending you 2
2024-10-14 17:36:31.335572 Kilo: Mike and Alpha, sending you 3
2024-10-14 17:36:31.338762 Sierra: Kilo, sending you 4
2024-10-14 17:36:31.342648 Sierra: Golf and Mike, sending you 3
2024-10-14 17:36:31.346666 Sierra: Charlie, sending you 1
chatterbot Tango submitting transactions
chatterbot Charlie submitting transactions
chatterbot Alpha submitting transactions
chatterbot Oscar submitting transactions
chatterbot Juliett submitting transactions
chatterbot Mike submitting transactions
chatterbot Kilo submitting transactions
chatterbot Golf submitting transactions
chatterbot X-ray submitting transactions
chatterbot Sierra submitting transactions
ChatterBot Tango round 13
ChatterBot Kilo round 13
ChatterBot Oscar round 13
ChatterBot Golf round 13
ChatterBot X-ray round 13
ChatterBot Mike round 13
ChatterBot Juliett round 13
ChatterBot Charlie round 13
ChatterBot Sierra round 13
ChatterBot Alpha round 13
2024-10-14 17:36:32.570666 Golf: Tango, Kilo and Alpha, sending you 4
2024-10-14 17:36:32.575218 Oscar: X-ray, sending you 10
2024-10-14 17:36:32.575669 Golf: Mike and Charlie, sending you 2
2024-10-14 17:36:32.577678 Oscar: Juliett, sending you 9
2024-10-14 17:36:32.578669 Golf: Sierra, sending you 3
2024-10-14 17:36:32.579790 X-ray: Oscar, sending you 9
2024-10-14 17:36:32.582653 Mike: Tango, Kilo, Charlie, Sierra and Alpha, sending you 3
2024-10-14 17:36:32.583976 Sierra: Tango and Alpha, sending you 2
2024-10-14 17:36:32.584969 X-ray: Juliett, sending you 8
2024-10-14 17:36:32.585996 Kilo: Tango and Charlie, sending you 2
2024-10-14 17:36:32.587164 Tango: Kilo, Charlie and Sierra, sending you 2
2024-10-14 17:36:32.588198 Alpha: Tango, Kilo and Mike, sending you 3
2024-10-14 17:36:32.589438 Mike: Golf, sending you 2
2024-10-14 17:36:32.590547 Sierra: Kilo, sending you 4
2024-10-14 17:36:32.592564 Tango: Golf, sending you 4
2024-10-14 17:36:32.593953 Kilo: Golf and Sierra, sending you 4
2024-10-14 17:36:32.596028 Juliett: Oscar, sending you 5
2024-10-14 17:36:32.596441 Alpha: Golf, sending you 4
2024-10-14 17:36:32.597865 Charlie: Tango, Kilo, Golf, Mike and Alpha, sending you 2
2024-10-14 17:36:32.599963 Sierra: Golf and Mike, sending you 3
2024-10-14 17:36:32.601381 Tango: Mike and Alpha, sending you 3
2024-10-14 17:36:32.603515 Kilo: Mike and Alpha, sending you 3
2024-10-14 17:36:32.604934 Juliett: X-ray, sending you 6
2024-10-14 17:36:32.605355 Alpha: Charlie and Sierra, sending you 2
2024-10-14 17:36:32.608528 Sierra: Charlie, sending you 1
chatterbot Mike submitting transactions
chatterbot Tango submitting transactions
chatterbot Kilo submitting transactions
chatterbot Charlie submitting transactions
chatterbot Juliett submitting transactions
chatterbot Oscar submitting transactions
chatterbot Sierra submitting transactions
chatterbot X-ray submitting transactions
chatterbot Alpha submitting transactions
chatterbot Golf submitting transactions
ChatterBot Tango round 14
ChatterBot Kilo round 14
ChatterBot Oscar round 14
ChatterBot Golf round 14
ChatterBot X-ray round 14
ChatterBot Mike round 14
ChatterBot Juliett round 14
ChatterBot Charlie round 14
2024-10-14 17:36:33.793417 X-ray: We should add Sierra
ChatterBot Oscar reevaluating
2024-10-14 17:36:33.801093 Juliett: No
2024-10-14 17:36:33.801309 Oscar: Yes
ChatterBot Oscar reevaluating
ChatterBot X-ray reevaluating
ChatterBot X-ray reevaluating
2024-10-14 17:36:33.819485 Oscar: We should add Alpha
ChatterBot X-ray reevaluating
2024-10-14 17:36:33.823671 Juliett: No
2024-10-14 17:36:33.823804 X-ray: No
ChatterBot Oscar reevaluating
ChatterBot X-ray reevaluating
ChatterBot Oscar reevaluating
ChatterBot Sierra round 14
ChatterBot Alpha round 14
2024-10-14 17:36:33.863672 Oscar: X-ray, sending you 10
2024-10-14 17:36:33.864120 Tango: Kilo, Charlie and Sierra, sending you 2
2024-10-14 17:36:33.865413 Kilo: Tango and Charlie, sending you 2
2024-10-14 17:36:33.866736 Juliett: Oscar, sending you 5
2024-10-14 17:36:33.867642 Oscar: Juliett, sending you 9
2024-10-14 17:36:33.868680 Sierra: Tango and Alpha, sending you 2
2024-10-14 17:36:33.869801 Tango: Golf, sending you 4
2024-10-14 17:36:33.870833 Charlie: Tango, Kilo, Golf, Mike and Alpha, sending you 2
2024-10-14 17:36:33.871874 Kilo: Golf and Sierra, sending you 4
2024-10-14 17:36:33.873048 Juliett: X-ray, sending you 6
2024-10-14 17:36:33.873349 Mike: Tango, Kilo, Charlie, Sierra and Alpha, sending you 3
2024-10-14 17:36:33.874763 Golf: Tango, Kilo and Alpha, sending you 4
2024-10-14 17:36:33.875797 Alpha: Tango, Kilo and Mike, sending you 3
2024-10-14 17:36:33.876884 Sierra: Kilo, sending you 4
2024-10-14 17:36:33.878158 Tango: Mike and Alpha, sending you 3
2024-10-14 17:36:33.879223 X-ray: Oscar, sending you 9
2024-10-14 17:36:33.879564 Kilo: Mike and Alpha, sending you 3
2024-10-14 17:36:33.880698 Mike: Golf, sending you 2
2024-10-14 17:36:33.882837 Golf: Mike and Charlie, sending you 2
2024-10-14 17:36:33.884437 Alpha: Golf, sending you 4
2024-10-14 17:36:33.885643 Sierra: Golf and Mike, sending you 3
2024-10-14 17:36:33.886964 X-ray: Juliett, sending you 8
2024-10-14 17:36:33.888664 Golf: Sierra, sending you 3
2024-10-14 17:36:33.890680 Alpha: Charlie and Sierra, sending you 2
2024-10-14 17:36:33.892286 Sierra: Charlie, sending you 1
chatterbot Kilo submitting transactions
chatterbot Juliett submitting transactions
chatterbot Sierra submitting transactions
chatterbot Golf submitting transactions
chatterbot Oscar submitting transactions
chatterbot Alpha submitting transactions
chatterbot Mike submitting transactions
chatterbot X-ray submitting transactions
chatterbot Charlie submitting transactions
chatterbot Tango submitting transactions
ChatterBot Tango round 15
ChatterBot Kilo round 15
ChatterBot Oscar round 15
ChatterBot Golf round 15
ChatterBot X-ray round 15
ChatterBot Mike round 15
ChatterBot Juliett round 15
ChatterBot Charlie round 15
ChatterBot Sierra round 15
