ChatterBot Golf round 1
ChatterBot Tango round 1
ChatterBot X-ray round 1
ChatterBot Delta round 1
ChatterBot Kilo round 1
ChatterBot November round 1
ChatterBot Whiskey round 1
ChatterBot Papa round 1
ChatterBot Oscar round 1
ChatterBot Yankee round 1
randomSelections Tango: {Tango, Yankee, X-ray, Whiskey, Papa, Oscar} 
2024-10-14 17:36:16.131076 Tango: We would work well together
ChatterBot Yankee reevaluating
ChatterBot X-ray reevaluating
ChatterBot Whiskey reevaluating
ChatterBot Papa reevaluating
ChatterBot Oscar reevaluating
2024-10-14 17:36:16.147822 Yankee: Yes
2024-10-14 17:36:16.147981 X-ray: Yes
2024-10-14 17:36:16.148103 Whiskey: Yes
2024-10-14 17:36:16.148620 Papa: Yes
2024-10-14 17:36:16.148744 Oscar: Yes
ChatterBot X-ray reevaluating
ChatterBot Whiskey reevaluating
ChatterBot Papa reevaluating
ChatterBot Oscar reevaluating
ChatterBot Yankee reevaluating
ChatterBot Whiskey reevaluating
ChatterBot Papa reevaluating
ChatterBot Oscar reevaluating
ChatterBot Yankee reevaluating
ChatterBot X-ray reevaluating
ChatterBot Papa reevaluating
ChatterBot Oscar reevaluating
ChatterBot Yankee reevaluating
ChatterBot X-ray reevaluating
ChatterBot Whiskey reevaluating
ChatterBot Oscar reevaluating
ChatterBot Yankee reevaluating
ChatterBot X-ray reevaluating
ChatterBot Whiskey reevaluating
ChatterBot Papa reevaluating
randomSelections Golf: {Golf, Oscar, Yankee, Delta, Papa, November} 
2024-10-14 17:36:16.217578 Golf: We should group up
ChatterBot Oscar reevaluating
ChatterBot Yankee reevaluating
ChatterBot Delta reevaluating
ChatterBot Papa reevaluating
ChatterBot November reevaluating
2024-10-14 17:36:16.231175 Oscar: No
2024-10-14 17:36:16.231360 Yankee: No
2024-10-14 17:36:16.231990 Delta: Yes
2024-10-14 17:36:16.232139 Papa: No
2024-10-14 17:36:16.232356 November: Yes
ChatterBot Yankee reevaluating
ChatterBot Delta reevaluating
ChatterBot Papa reevaluating
ChatterBot November reevaluating
ChatterBot Oscar reevaluating
ChatterBot Delta reevaluating
ChatterBot Papa reevaluating
ChatterBot November reevaluating
ChatterBot Oscar reevaluating
ChatterBot Yankee reevaluating
ChatterBot Papa reevaluating
ChatterBot November reevaluating
ChatterBot Oscar reevaluating
ChatterBot Yankee reevaluating
ChatterBot Delta reevaluating
ChatterBot November reevaluating
ChatterBot Oscar reevaluating
ChatterBot Yankee reevaluating
ChatterBot Delta reevaluating
ChatterBot Papa reevaluating
randomSelections Kilo: {Kilo, Papa, Tango, Golf} 
2024-10-14 17:36:16.316781 Kilo: Friends?
ChatterBot Papa reevaluating
2024-10-14 17:36:16.323369 Papa: No
2024-10-14 17:36:16.323580 Tango: No
2024-10-14 17:36:16.323804 Golf: No
ChatterBot Papa reevaluating
ChatterBot Papa reevaluating
2024-10-14 17:36:16.367230 Golf: Delta, sending you 3
2024-10-14 17:36:16.368344 Oscar: X-ray, sending you 1
2024-10-14 17:36:16.368711 Whiskey: Tango, sending you 3
2024-10-14 17:36:16.368989 Delta: Golf, sending you 1
2024-10-14 17:36:16.369224 Kilo: Golf, sending you 1
2024-10-14 17:36:16.371302 Tango: X-ray, sending you 4
2024-10-14 17:36:16.371679 Golf: November, sending you 5
2024-10-14 17:36:16.372023 Whiskey: X-ray, sending you 2
2024-10-14 17:36:16.373588 Papa: Tango, X-ray and Whiskey, sending you 3
2024-10-14 17:36:16.373976 Delta: November, sending you 6
2024-10-14 17:36:16.374683 November: Golf and Papa, sending you 4
2024-10-14 17:36:16.375039 X-ray: Tango and Yankee, sending you 1
2024-10-14 17:36:16.375343 Golf: Papa, sending you 4
2024-10-14 17:36:16.375714 Yankee: Tango, Whiskey and Oscar, sending you 1
2024-10-14 17:36:16.379743 Tango: Whiskey and Yankee, sending you 1
2024-10-14 17:36:16.380088 Whiskey: Papa and Yankee, sending you 1
2024-10-14 17:36:16.380437 Delta: Papa, sending you 5
2024-10-14 17:36:16.380738 X-ray: Whiskey, sending you 4
2024-10-14 17:36:16.382282 Papa: Oscar, sending you 6
2024-10-14 17:36:16.382737 November: Delta, sending you 1
2024-10-14 17:36:16.383077 Golf: Oscar and Yankee, sending you 1
2024-10-14 17:36:16.385088 Yankee: X-ray and Papa, sending you 2
2024-10-14 17:36:16.385469 Tango: Papa, sending you 3
2024-10-14 17:36:16.385818 Whiskey: Oscar, sending you 4
2024-10-14 17:36:16.386258 Delta: Oscar and Yankee, sending you 3
2024-10-14 17:36:16.389209 November: Oscar, sending you 2
2024-10-14 17:36:16.389558 X-ray: Papa, sending you 2
2024-10-14 17:36:16.446540 November: Yankee, sending you 6
2024-10-14 17:36:16.449624 X-ray: Oscar, sending you 3
chatterbot Kilo submitting transactions
chatterbot Delta submitting transactions
chatterbot Golf submitting transactions
chatterbot X-ray submitting transactions
chatterbot Oscar submitting transactions
chatterbot Whiskey submitting transactions
chatterbot Papa submitting transactions
chatterbot Yankee submitting transactions
chatterbot Tango submitting transactions
chatterbot November submitting transactions
ChatterBot Golf round 2
ChatterBot Tango round 2
ChatterBot X-ray round 2
ChatterBot Delta round 2
ChatterBot Kilo round 2
ChatterBot November round 2
ChatterBot Whiskey round 2
ChatterBot Papa round 2
ChatterBot Oscar round 2
ChatterBot Yankee round 2
2024-10-14 17:36:17.631443 November: We would work well together
ChatterBot Golf reevaluating
2024-10-14 17:36:17.639396 Golf: Yes
2024-10-14 17:36:17.639529 Delta: Yes
ChatterBot November reevaluating
ChatterBot November reevaluating
ChatterBot Golf reevaluating
2024-10-14 17:36:17.660929 X-ray: We should drop Oscar
ChatterBot Whiskey reevaluating
ChatterBot Yankee reevaluating
2024-10-14 17:36:17.676505 Tango: Yes
2024-10-14 17:36:17.676647 Whiskey: Yes
2024-10-14 17:36:17.676751 Papa: Yes
2024-10-14 17:36:17.676851 Yankee: Yes
ChatterBot Whiskey reevaluating
ChatterBot Yankee reevaluating
ChatterBot Yankee reevaluating
ChatterBot Whiskey reevaluating
ChatterBot Yankee reevaluating
ChatterBot Whiskey reevaluating
ChatterBot Papa reevaluating
2024-10-14 17:36:17.833606 Papa: Friends?
ChatterBot Whiskey reevaluating
ChatterBot Golf reevaluating
ChatterBot November reevaluating
ChatterBot Yankee reevaluating
2024-10-14 17:36:17.867677 Tango: No
2024-10-14 17:36:17.867927 X-ray: No
2024-10-14 17:36:17.868136 Whiskey: No
2024-10-14 17:36:17.868316 Golf: No
2024-10-14 17:36:17.869077 Delta: No
2024-10-14 17:36:17.869263 November: No
2024-10-14 17:36:17.869504 Yankee: No
ChatterBot Papa reevaluating
ChatterBot Whiskey reevaluating
ChatterBot Golf reevaluating
ChatterBot November reevaluating
ChatterBot Yankee reevaluating
ChatterBot Papa reevaluating
ChatterBot Whiskey reevaluating
ChatterBot Golf reevaluating
ChatterBot November reevaluating
ChatterBot Yankee reevaluating
ChatterBot Papa reevaluating
ChatterBot Golf reevaluating
ChatterBot November reevaluating
ChatterBot Yankee reevaluating
ChatterBot Papa reevaluating
ChatterBot Whiskey reevaluating
ChatterBot November reevaluating
ChatterBot Yankee reevaluating
ChatterBot Papa reevaluating
ChatterBot Whiskey reevaluating
ChatterBot Golf reevaluating
ChatterBot November reevaluating
ChatterBot Yankee reevaluating
ChatterBot Papa reevaluating
ChatterBot Whiskey reevaluating
ChatterBot Golf reevaluating
ChatterBot Yankee reevaluating
ChatterBot Papa reevaluating
ChatterBot Whiskey reevaluating
ChatterBot Golf reevaluating
ChatterBot November reevaluating
2024-10-14 17:36:18.098129 Delta: We should drop Oscar
ChatterBot Golf reevaluating
ChatterBot November reevaluating
ChatterBot Yankee reevaluating
ChatterBot Papa reevaluating
2024-10-14 17:36:18.114792 Golf: Yes
2024-10-14 17:36:18.114940 November: Yes
2024-10-14 17:36:18.115044 Yankee: Yes
2024-10-14 17:36:18.115137 Papa: Yes
ChatterBot November reevaluating
ChatterBot Yankee reevaluating
ChatterBot Papa reevaluating
ChatterBot Golf reevaluating
ChatterBot Yankee reevaluating
ChatterBot Papa reevaluating
ChatterBot Golf reevaluating
ChatterBot November reevaluating
ChatterBot Papa reevaluating
ChatterBot Golf reevaluating
ChatterBot November reevaluating
ChatterBot Yankee reevaluating
2024-10-14 17:36:18.308686 Oscar: We should drop Yankee
2024-10-14 17:36:18.323504 Tango: No
2024-10-14 17:36:18.323732 X-ray: No
2024-10-14 17:36:18.324281 Whiskey: No
2024-10-14 17:36:18.324462 Papa: No
2024-10-14 17:36:18.453648 November: We should drop Oscar and Papa
2024-10-14 17:36:18.466050 Yankee: Yes
2024-10-14 17:36:18.466819 Golf: Yes
2024-10-14 17:36:18.467113 Delta: No
ChatterBot Golf reevaluating
ChatterBot November reevaluating
2024-10-14 17:36:18.526698 X-ray: Tango, sending you 4
chatterbot X-ray submitting transactions
2024-10-14 17:36:18.528766 Tango: X-ray, sending you 2
2024-10-14 17:36:18.532621 Delta: Golf, sending you 11
2024-10-14 17:36:18.534371 Yankee: Golf, sending you 2
2024-10-14 17:36:18.536146 X-ray: Whiskey and Yankee, sending you 2
2024-10-14 17:36:18.537697 Tango: Whiskey and Papa, sending you 3
chatterbot Tango submitting transactions
2024-10-14 17:36:18.538362 Delta: November, sending you 5
2024-10-14 17:36:18.539547 Yankee: Delta, sending you 5
2024-10-14 17:36:18.578667 X-ray: Papa, sending you 3
2024-10-14 17:36:18.579669 Tango: Yankee, sending you 1
2024-10-14 17:36:18.580007 Papa: Tango, sending you 5
2024-10-14 17:36:18.580359 Delta: Papa and Yankee, sending you 1
2024-10-14 17:36:18.581201 Oscar: Tango and X-ray, sending you 1
2024-10-14 17:36:18.581524 Whiskey: Tango and Yankee, sending you 1
2024-10-14 17:36:18.582297 Yankee: November, sending you 8
2024-10-14 17:36:18.582676 November: Sending you each 7
2024-10-14 17:36:18.925473 Papa: X-ray and Yankee, sending you 4
2024-10-14 17:36:18.926175 Oscar: Whiskey and Papa, sending you 2
2024-10-14 17:36:18.926685 Whiskey: X-ray, sending you 5
2024-10-14 17:36:18.929161 Golf: Delta and Yankee, sending you 4
chatterbot Kilo submitting transactions
chatterbot Delta submitting transactions
2024-10-14 17:36:18.929759 Papa: Whiskey, sending you 2
2024-10-14 17:36:19.417409 Whiskey: Papa, sending you 4
2024-10-14 17:36:19.418052 Golf: November, sending you 6
chatterbot November submitting transactions
chatterbot Whiskey submitting transactions
chatterbot Golf submitting transactions
chatterbot Oscar submitting transactions
chatterbot Papa submitting transactions
chatterbot Yankee submitting transactions
2024-10-14 17:36:19.438981 Whiskey: X-ray did not give me 4 like they said
ChatterBot Yankee reevaluating
2024-10-14 17:36:19.530131 Whiskey: Papa did not give me 3 like they said
ChatterBot X-ray reevaluating
ChatterBot Tango reevaluating
ChatterBot Papa reevaluating
ChatterBot Yankee reevaluating
2024-10-14 17:36:19.560059 Whiskey: Yankee did not give me 1 like they said
ChatterBot X-ray reevaluating
ChatterBot Tango reevaluating
ChatterBot Papa reevaluating
ChatterBot Yankee reevaluating
ChatterBot Golf round 3
ChatterBot Tango round 3
ChatterBot X-ray round 3
ChatterBot Delta round 3
ChatterBot Kilo round 3
ChatterBot November round 3
ChatterBot Whiskey round 3
ChatterBot Papa round 3
ChatterBot Oscar round 3
ChatterBot Yankee round 3
2024-10-14 17:36:19.614964 Delta: We should replace Papa with Tango
ChatterBot Yankee reevaluating
ChatterBot November reevaluating
2024-10-14 17:36:19.634244 Yankee: No
2024-10-14 17:36:19.634443 Golf: No
2024-10-14 17:36:19.634852 November: No
ChatterBot Delta reevaluating
ChatterBot November reevaluating
ChatterBot Yankee reevaluating
ChatterBot Delta reevaluating
ChatterBot November reevaluating
ChatterBot Yankee reevaluating
ChatterBot Delta reevaluating
2024-10-14 17:36:19.711601 November: We should add Yankee
ChatterBot Delta reevaluating
2024-10-14 17:36:19.723949 Golf: Yes
2024-10-14 17:36:19.724133 Delta: Yes
ChatterBot November reevaluating
ChatterBot Delta reevaluating
ChatterBot November reevaluating
2024-10-14 17:36:19.770914 X-ray: We should drop Yankee
ChatterBot Tango reevaluating
ChatterBot Papa reevaluating
2024-10-14 17:36:19.781811 Tango: Yes
2024-10-14 17:36:19.781961 Whiskey: Yes
2024-10-14 17:36:19.782796 Papa: Yes
ChatterBot X-ray reevaluating
ChatterBot Papa reevaluating
ChatterBot X-ray reevaluating
ChatterBot Tango reevaluating
ChatterBot Papa reevaluating
ChatterBot X-ray reevaluating
ChatterBot Tango reevaluating
2024-10-14 17:36:19.833815 Delta: We should replace Papa with Kilo
ChatterBot Yankee reevaluating
ChatterBot November reevaluating
2024-10-14 17:36:19.851304 Yankee: No
2024-10-14 17:36:19.851488 Golf: No
2024-10-14 17:36:19.851679 November: No
ChatterBot Delta reevaluating
ChatterBot November reevaluating
ChatterBot Yankee reevaluating
ChatterBot Delta reevaluating
ChatterBot November reevaluating
ChatterBot Yankee reevaluating
ChatterBot Delta reevaluating
2024-10-14 17:36:19.923047 November: Yankee we want you to join our group
2024-10-14 17:36:19.926743 Yankee: Yes
ChatterBot Delta reevaluating
2024-10-14 17:36:19.935781 Oscar: Tango and X-ray, sending you 1
2024-10-14 17:36:19.939660 Oscar: Whiskey and Papa, sending you 2
2024-10-14 17:36:19.940355 Golf: Delta and November, sending you 5
2024-10-14 17:36:19.940768 Delta: Kilo we want you to join our group
2024-10-14 17:36:19.943699 Kilo: No
2024-10-14 17:36:19.953562 Golf: Yankee, sending you 4
2024-10-14 17:36:19.956666 Yankee: Golf, sending you 5
2024-10-14 17:36:19.957127 Papa: Sending you each 5
2024-10-14 17:36:19.957972 Whiskey: Tango, sending you 3
2024-10-14 17:36:19.958709 November: Golf and Delta, sending you 6
2024-10-14 17:36:19.959669 Yankee: Delta, sending you 4
2024-10-14 17:36:19.961694 Tango: Sending you each 3
2024-10-14 17:36:19.962668 Whiskey: X-ray and Papa, sending you 4
2024-10-14 17:36:19.962980 Yankee: November, sending you 6
2024-10-14 17:36:19.963683 November: Yankee, sending you 5
2024-10-14 17:36:19.970662 Delta: Golf and Yankee, sending you 5
2024-10-14 17:36:19.975663 Delta: Kilo, sending you 1
2024-10-14 17:36:19.980653 Delta: November, sending you 7
chatterbot Golf submitting transactions
chatterbot X-ray submitting transactions
chatterbot Papa submitting transactions
chatterbot Yankee submitting transactions
chatterbot Oscar submitting transactions
chatterbot Whiskey submitting transactions
chatterbot Kilo submitting transactions
chatterbot November submitting transactions
chatterbot Delta submitting transactions
chatterbot Tango submitting transactions
ChatterBot Golf round 4
ChatterBot Tango round 4
ChatterBot X-ray round 4
ChatterBot Delta round 4
ChatterBot Kilo round 4
ChatterBot November round 4
2024-10-14 17:36:21.077447 X-ray: We should replace Yankee with Oscar
ChatterBot Tango reevaluating
ChatterBot Whiskey reevaluating
ChatterBot Papa reevaluating
2024-10-14 17:36:21.094017 Tango: Yes
2024-10-14 17:36:21.094200 Whiskey: Yes
2024-10-14 17:36:21.094363 Papa: Yes
ChatterBot X-ray reevaluating
ChatterBot Whiskey reevaluating
ChatterBot Papa reevaluating
ChatterBot X-ray reevaluating
ChatterBot Tango reevaluating
ChatterBot Papa reevaluating
ChatterBot X-ray reevaluating
ChatterBot Tango reevaluating
ChatterBot Whiskey reevaluating
ChatterBot Whiskey round 4
ChatterBot Papa round 4
2024-10-14 17:36:21.143470 Tango: We should add Oscar
ChatterBot X-ray reevaluating
ChatterBot Whiskey reevaluating
ChatterBot Papa reevaluating
2024-10-14 17:36:21.158142 X-ray: Yes
2024-10-14 17:36:21.158293 Whiskey: Yes
2024-10-14 17:36:21.158459 Papa: Yes
ChatterBot Tango reevaluating
ChatterBot Whiskey reevaluating
ChatterBot Papa reevaluating
ChatterBot X-ray reevaluating
ChatterBot Tango reevaluating
ChatterBot Papa reevaluating
ChatterBot X-ray reevaluating
ChatterBot Tango reevaluating
ChatterBot Whiskey reevaluating
ChatterBot Oscar round 4
ChatterBot Yankee round 4
2024-10-14 17:36:21.207707 X-ray: Oscar we want you to join our group
2024-10-14 17:36:21.210229 Oscar: Yes
ChatterBot Tango reevaluating
ChatterBot X-ray reevaluating
2024-10-14 17:36:21.221205 Papa: Oscar we want you to join our group
2024-10-14 17:36:21.223648 Oscar: Yes
ChatterBot Tango reevaluating
ChatterBot X-ray reevaluating
2024-10-14 17:36:21.233672 Whiskey: Oscar we want you to join our group
2024-10-14 17:36:21.236771 Oscar: Yes
ChatterBot Tango reevaluating
ChatterBot X-ray reevaluating
2024-10-14 17:36:21.246202 Golf: Delta and November, sending you 5
2024-10-14 17:36:21.248653 November: Golf, sending you 5
2024-10-14 17:36:21.249691 Delta: Golf, sending you 6
2024-10-14 17:36:21.250189 Golf: Yankee, sending you 4
2024-10-14 17:36:21.252663 November: Delta and Yankee, sending you 6
2024-10-14 17:36:21.253039 Delta: November, sending you 7
2024-10-14 17:36:21.253995 Tango: Oscar we want you to join our group
2024-10-14 17:36:21.256908 Oscar: Yes
ChatterBot Tango reevaluating
ChatterBot X-ray reevaluating
2024-10-14 17:36:21.267378 Delta: Yankee, sending you 5
2024-10-14 17:36:21.269984 Papa: Tango, X-ray and Whiskey, sending you 4
2024-10-14 17:36:21.270692 Oscar: Tango, sending you 1
2024-10-14 17:36:21.271117 Whiskey: Tango and X-ray, sending you 3
2024-10-14 17:36:21.271681 Yankee: Golf, sending you 5
2024-10-14 17:36:21.272681 Papa: Oscar, sending you 3
2024-10-14 17:36:21.274108 Whiskey: Papa, sending you 4
2024-10-14 17:36:21.274673 Oscar: X-ray, Whiskey and Papa, sending you 2
2024-10-14 17:36:21.276708 Yankee: Delta, sending you 4
2024-10-14 17:36:21.277123 Whiskey: Oscar, sending you 1
2024-10-14 17:36:21.281950 Yankee: November, sending you 6
2024-10-14 17:36:21.298759 X-ray: Tango and Whiskey, sending you 3
2024-10-14 17:36:21.302667 Tango: X-ray, Whiskey and Oscar, sending you 2
2024-10-14 17:36:21.303098 X-ray: Papa, sending you 4
2024-10-14 17:36:21.307662 Tango: Papa, sending you 3
2024-10-14 17:36:21.308677 X-ray: Oscar, sending you 1
chatterbot Tango submitting transactions
chatterbot Papa submitting transactions
chatterbot Golf submitting transactions
chatterbot November submitting transactions
chatterbot Delta submitting transactions
chatterbot Whiskey submitting transactions
chatterbot Oscar submitting transactions
chatterbot Yankee submitting transactions
chatterbot X-ray submitting transactions
chatterbot Kilo submitting transactions
ChatterBot Golf round 5
ChatterBot Tango round 5
ChatterBot X-ray round 5
ChatterBot Delta round 5
ChatterBot Kilo round 5
ChatterBot November round 5
ChatterBot Whiskey round 5
ChatterBot Papa round 5
ChatterBot Oscar round 5
ChatterBot Yankee round 5
2024-10-14 17:36:22.413664 Golf: Delta and November, sending you 5
2024-10-14 17:36:22.414163 X-ray: Tango and Whiskey, sending you 3
2024-10-14 17:36:22.414672 Tango: X-ray, Whiskey and Oscar, sending you 2
2024-10-14 17:36:22.418666 Golf: Yankee, sending you 4
2024-10-14 17:36:22.418994 X-ray: Papa, sending you 4
2024-10-14 17:36:22.419710 Tango: Papa, sending you 3
2024-10-14 17:36:22.420046 November: Golf, sending you 5
2024-10-14 17:36:22.420332 Delta: Golf, November and Yankee, sending you 1
2024-10-14 17:36:22.422978 Papa: Tango, X-ray and Whiskey, sending you 4
2024-10-14 17:36:22.423319 Oscar: Tango, sending you 1
2024-10-14 17:36:22.423682 Whiskey: Tango and Oscar, sending you 2
2024-10-14 17:36:22.424176 X-ray: Oscar, sending you 1
2024-10-14 17:36:22.424532 November: Delta and Yankee, sending you 6
2024-10-14 17:36:22.424955 Yankee: Golf, sending you 5
2024-10-14 17:36:22.425672 Papa: Oscar, sending you 3
2024-10-14 17:36:22.426654 Whiskey: X-ray, sending you 3
2024-10-14 17:36:22.427668 Oscar: X-ray and Whiskey, sending you 2
2024-10-14 17:36:22.427943 Yankee: Delta, sending you 4
2024-10-14 17:36:22.431681 Whiskey: Papa, sending you 4
2024-10-14 17:36:22.432025 Oscar: Papa, sending you 3
2024-10-14 17:36:22.432334 Yankee: November, sending you 6
chatterbot Kilo submitting transactions
chatterbot Golf submitting transactions
chatterbot Whiskey submitting transactions
chatterbot Oscar submitting transactions
chatterbot X-ray submitting transactions
chatterbot Tango submitting transactions
chatterbot November submitting transactions
chatterbot Papa submitting transactions
chatterbot Delta submitting transactions
chatterbot Yankee submitting transactions
ChatterBot Golf round 6
ChatterBot Tango round 6
ChatterBot X-ray round 6
ChatterBot Delta round 6
ChatterBot Kilo round 6
ChatterBot November round 6
ChatterBot Whiskey round 6
ChatterBot Papa round 6
ChatterBot Oscar round 6
ChatterBot Yankee round 6
2024-10-14 17:36:23.672513 Oscar: We should add Yankee
2024-10-14 17:36:23.682036 Tango: No
2024-10-14 17:36:23.682173 X-ray: No
2024-10-14 17:36:23.682332 Whiskey: No
2024-10-14 17:36:23.682437 Papa: No
ChatterBot Oscar reevaluating
ChatterBot Oscar reevaluating
2024-10-14 17:36:23.727748 Oscar: We should add Golf
2024-10-14 17:36:23.740143 Tango: No
2024-10-14 17:36:23.740279 X-ray: No
2024-10-14 17:36:23.740386 Whiskey: No
2024-10-14 17:36:23.740499 Papa: No
ChatterBot Oscar reevaluating
ChatterBot Oscar reevaluating
ChatterBot Oscar reevaluating
ChatterBot Oscar reevaluating
2024-10-14 17:36:23.779348 X-ray: Tango and Oscar, sending you 2
2024-10-14 17:36:23.779656 Golf: Delta, sending you 4
2024-10-14 17:36:23.782666 X-ray: Whiskey, sending you 3
2024-10-14 17:36:23.783690 Golf: November and Yankee, sending you 5
2024-10-14 17:36:23.784114 Tango: X-ray, Whiskey and Oscar, sending you 2
2024-10-14 17:36:23.784646 November: Golf and Yankee, sending you 6
2024-10-14 17:36:23.785106 Delta: Golf, November and Yankee, sending you 1
2024-10-14 17:36:23.785456 Papa: Tango, X-ray and Whiskey, sending you 4
2024-10-14 17:36:23.785904 Whiskey: Tango and Oscar, sending you 2
2024-10-14 17:36:23.786684 Tango: Papa, sending you 3
2024-10-14 17:36:23.787695 X-ray: Papa, sending you 4
2024-10-14 17:36:23.788183 November: Delta, sending you 5
2024-10-14 17:36:23.789671 Papa: Oscar, sending you 3
2024-10-14 17:36:23.790701 Whiskey: X-ray, sending you 3
2024-10-14 17:36:23.795675 Whiskey: Papa, sending you 4
2024-10-14 17:36:23.796057 Whiskey: I was attacked by Delta
ChatterBot Oscar reevaluating
ChatterBot Tango reevaluating
ChatterBot X-ray reevaluating
ChatterBot Papa reevaluating
2024-10-14 17:36:23.808488 Whiskey: Ow
2024-10-14 17:36:23.809233 Yankee: Golf, sending you 5
2024-10-14 17:36:23.811664 Yankee: Delta, sending you 4
2024-10-14 17:36:23.816680 Yankee: November, sending you 6
2024-10-14 17:36:23.832689 Oscar: Tango, sending you 2
2024-10-14 17:36:23.836671 Oscar: X-ray, Whiskey and Papa, sending you 3
chatterbot Whiskey submitting transactions
chatterbot Oscar submitting transactions
chatterbot Tango submitting transactions
chatterbot Kilo submitting transactions
chatterbot Golf submitting transactions
chatterbot Delta submitting transactions
chatterbot X-ray submitting transactions
chatterbot November submitting transactions
chatterbot Yankee submitting transactions
chatterbot Papa submitting transactions
ChatterBot Golf round 7
ChatterBot Tango round 7
ChatterBot X-ray round 7
ChatterBot Delta round 7
ChatterBot Kilo round 7
ChatterBot November round 7
ChatterBot Whiskey round 7
ChatterBot Papa round 7
ChatterBot Oscar round 7
ChatterBot Yankee round 7
2024-10-14 17:36:25.121566 Papa: I was attacked by Delta
ChatterBot Oscar reevaluating
ChatterBot Tango reevaluating
ChatterBot X-ray reevaluating
ChatterBot Whiskey reevaluating
2024-10-14 17:36:25.141377 Papa: I'm keeping this round to protect myself
2024-10-14 17:36:25.142999 Papa: Ow
2024-10-14 17:36:25.145702 Delta: Golf, November and Yankee, sending you 1
2024-10-14 17:36:25.146258 Golf: Delta, sending you 4
2024-10-14 17:36:25.146790 November: Golf, sending you 6
2024-10-14 17:36:25.150687 November: Delta, sending you 4
2024-10-14 17:36:25.152011 Golf: November and Yankee, sending you 5
2024-10-14 17:36:25.152696 Yankee: Golf, sending you 5
2024-10-14 17:36:25.153720 November: Yankee, sending you 7
2024-10-14 17:36:25.157674 Yankee: Delta, sending you 3
2024-10-14 17:36:25.161720 Yankee: November, sending you 7
2024-10-14 17:36:25.162666 Oscar: Tango, sending you 2
2024-10-14 17:36:25.167678 Oscar: X-ray, Whiskey and Papa, sending you 3
2024-10-14 17:36:25.169683 Tango: X-ray, Whiskey and Oscar, sending you 2
2024-10-14 17:36:25.173691 Whiskey: Tango and Oscar, sending you 2
2024-10-14 17:36:25.174687 Tango: Papa, sending you 3
2024-10-14 17:36:25.177723 Whiskey: X-ray, sending you 3
2024-10-14 17:36:25.182717 Whiskey: Papa, sending you 4
chatterbot Yankee submitting transactions
chatterbot Tango submitting transactions
chatterbot Whiskey submitting transactions
chatterbot Papa submitting transactions
chatterbot Kilo submitting transactions
chatterbot Golf submitting transactions
chatterbot Oscar submitting transactions
chatterbot Delta submitting transactions
chatterbot X-ray submitting transactions
chatterbot November submitting transactions
ChatterBot Golf round 8
ChatterBot Tango round 8
ChatterBot X-ray round 8
ChatterBot Delta round 8
ChatterBot Kilo round 8
ChatterBot November round 8
ChatterBot Whiskey round 8
ChatterBot Papa round 8
ChatterBot Oscar round 8
ChatterBot Yankee round 8
2024-10-14 17:36:26.404650 Oscar: We should add November
ChatterBot X-ray reevaluating
2024-10-14 17:36:26.419085 Tango: No
2024-10-14 17:36:26.419393 X-ray: No
2024-10-14 17:36:26.419642 Whiskey: No
2024-10-14 17:36:26.419892 Papa: No
ChatterBot Oscar reevaluating
ChatterBot X-ray reevaluating
ChatterBot Oscar reevaluating
ChatterBot Oscar reevaluating
ChatterBot X-ray reevaluating
ChatterBot Oscar reevaluating
ChatterBot X-ray reevaluating
2024-10-14 17:36:26.494688 Papa: I was attacked by Delta
ChatterBot Oscar reevaluating
ChatterBot Tango reevaluating
ChatterBot X-ray reevaluating
ChatterBot Whiskey reevaluating
2024-10-14 17:36:26.513093 Papa: I'm keeping this round to protect myself
2024-10-14 17:36:26.514077 Papa: Ow
2024-10-14 17:36:26.514930 Golf: Delta, sending you 4
2024-10-14 17:36:26.517673 Yankee: Golf, sending you 5
2024-10-14 17:36:26.518442 Delta: Golf and November, sending you 6
2024-10-14 17:36:26.519022 Golf: November and Yankee, sending you 5
2024-10-14 17:36:26.520176 November: Golf, sending you 6
2024-10-14 17:36:26.521692 Yankee: Delta, sending you 3
2024-10-14 17:36:26.523051 November: Delta, sending you 4
2024-10-14 17:36:26.523685 Delta: Kilo, sending you 1
2024-10-14 17:36:26.526688 Yankee: November, sending you 7
2024-10-14 17:36:26.528012 Delta: Yankee, sending you 5
2024-10-14 17:36:26.528527 November: Yankee, sending you 7
2024-10-14 17:36:26.535711 Tango: X-ray, Whiskey and Oscar, sending you 2
2024-10-14 17:36:26.537115 Oscar: Tango, X-ray and Papa, sending you 3
2024-10-14 17:36:26.539713 Tango: Papa, sending you 3
2024-10-14 17:36:26.540709 Whiskey: Tango and Oscar, sending you 2
2024-10-14 17:36:26.541335 Oscar: Whiskey, sending you 2
2024-10-14 17:36:26.545055 Whiskey: X-ray, sending you 4
2024-10-14 17:36:26.549689 Whiskey: Papa, sending you 3
chatterbot Kilo submitting transactions
chatterbot Golf submitting transactions
chatterbot X-ray submitting transactions
chatterbot Yankee submitting transactions
chatterbot Whiskey submitting transactions
chatterbot Papa submitting transactions
chatterbot Tango submitting transactions
chatterbot Delta submitting transactions
chatterbot November submitting transactions
chatterbot Oscar submitting transactions
ChatterBot Golf round 9
ChatterBot Tango round 9
ChatterBot X-ray round 9
ChatterBot Delta round 9
ChatterBot Kilo round 9
ChatterBot November round 9
2024-10-14 17:36:27.693077 Delta: We should replace Kilo with Whiskey
2024-10-14 17:36:27.701219 Yankee: No
2024-10-14 17:36:27.701424 Golf: No
2024-10-14 17:36:27.701574 November: No
ChatterBot Delta reevaluating
ChatterBot Delta reevaluating
ChatterBot Whiskey round 9
ChatterBot Papa round 9
ChatterBot Oscar round 9
ChatterBot Yankee round 9
2024-10-14 17:36:27.762696 Golf: Delta, sending you 4
2024-10-14 17:36:27.765681 Golf: November and Yankee, sending you 5
2024-10-14 17:36:27.773109 November: Golf, sending you 6
2024-10-14 17:36:27.776681 Delta: Golf, November and Yankee, sending you 1
2024-10-14 17:36:27.777149 Tango: X-ray, sending you 3
2024-10-14 17:36:27.777790 Yankee: Golf, sending you 5
2024-10-14 17:36:27.778741 November: Delta, sending you 4
2024-10-14 17:36:27.779706 Oscar: Tango, X-ray and Whiskey, sending you 3
2024-10-14 17:36:27.780440 Whiskey: Tango, sending you 2
2024-10-14 17:36:27.783711 Tango: Whiskey, Papa and Oscar, sending you 2
2024-10-14 17:36:27.784536 November: Yankee, sending you 7
2024-10-14 17:36:27.785007 Yankee: Delta, sending you 4
2024-10-14 17:36:27.786953 Oscar: Papa, sending you 2
2024-10-14 17:36:27.788687 Whiskey: X-ray, Papa and Oscar, sending you 3
2024-10-14 17:36:27.789678 Yankee: November, sending you 6
chatterbot Kilo submitting transactions
chatterbot Golf submitting transactions
chatterbot Yankee submitting transactions
chatterbot Delta submitting transactions
chatterbot Whiskey submitting transactions
chatterbot Papa submitting transactions
chatterbot Tango submitting transactions
chatterbot November submitting transactions
chatterbot X-ray submitting transactions
chatterbot Oscar submitting transactions
ChatterBot Golf round 10
ChatterBot Tango round 10
ChatterBot X-ray round 10
ChatterBot Delta round 10
ChatterBot Kilo round 10
ChatterBot November round 10
ChatterBot Whiskey round 10
ChatterBot Papa round 10
ChatterBot Oscar round 10
2024-10-14 17:36:28.922823 Delta: We should replace Kilo with X-ray
2024-10-14 17:36:28.937966 Yankee: No
2024-10-14 17:36:28.938226 Golf: No
2024-10-14 17:36:28.938433 November: No
ChatterBot Yankee round 10
2024-10-14 17:36:28.989046 Delta: X-ray we want you to join our group
ChatterBot X-ray reevaluating
2024-10-14 17:36:28.992508 X-ray: No
2024-10-14 17:36:29.008671 Tango: X-ray, sending you 3
2024-10-14 17:36:29.009659 Whiskey: Tango and Oscar, sending you 3
2024-10-14 17:36:29.012662 Whiskey: X-ray, sending you 4
2024-10-14 17:36:29.013680 Tango: Whiskey, Papa and Oscar, sending you 2
2024-10-14 17:36:29.015674 Whiskey: Papa, sending you 1
2024-10-14 17:36:29.016229 Whiskey: I was attacked by Delta
ChatterBot Oscar reevaluating
ChatterBot Tango reevaluating
ChatterBot X-ray reevaluating
ChatterBot Papa reevaluating
2024-10-14 17:36:29.031112 Whiskey: Ow
2024-10-14 17:36:29.031949 November: Golf, sending you 6
2024-10-14 17:36:29.032423 Delta: Golf and November, sending you 6
2024-10-14 17:36:29.035819 November: Delta, sending you 4
2024-10-14 17:36:29.036665 Golf: Delta, sending you 4
2024-10-14 17:36:29.037075 Yankee: Golf, sending you 5
2024-10-14 17:36:29.037665 Delta: X-ray, sending you 1
2024-10-14 17:36:29.038660 November: Yankee, sending you 7
2024-10-14 17:36:29.040675 Yankee: Delta, sending you 3
2024-10-14 17:36:29.041688 Golf: November and Yankee, sending you 5
2024-10-14 17:36:29.042684 Delta: Yankee, sending you 5
2024-10-14 17:36:29.044661 Yankee: November, sending you 7
2024-10-14 17:36:29.050665 Oscar: Tango, X-ray and Whiskey, sending you 3
2024-10-14 17:36:29.055660 Oscar: Papa, sending you 2
chatterbot Yankee submitting transactions
chatterbot X-ray submitting transactions
chatterbot Oscar submitting transactions
chatterbot Whiskey submitting transactions
chatterbot Golf submitting transactions
chatterbot Kilo submitting transactions
chatterbot Delta submitting transactions
chatterbot November submitting transactions
chatterbot Tango submitting transactions
chatterbot Papa submitting transactions
ChatterBot Golf round 11
ChatterBot Tango round 11
ChatterBot X-ray round 11
ChatterBot Delta round 11
ChatterBot Kilo round 11
ChatterBot November round 11
ChatterBot Whiskey round 11
ChatterBot Papa round 11
ChatterBot Oscar round 11
ChatterBot Yankee round 11
2024-10-14 17:36:30.287893 Delta: We should replace X-ray with Whiskey
2024-10-14 17:36:30.305769 Yankee: No
2024-10-14 17:36:30.306140 Golf: No
2024-10-14 17:36:30.306360 November: No
ChatterBot Delta reevaluating
ChatterBot Delta reevaluating
ChatterBot Delta reevaluating
2024-10-14 17:36:30.359718 Tango: X-ray, sending you 3
2024-10-14 17:36:30.363689 Tango: Whiskey, Papa and Oscar, sending you 2
2024-10-14 17:36:30.366657 Golf: Delta, sending you 4
2024-10-14 17:36:30.369670 Whiskey: Tango and Oscar, sending you 3
2024-10-14 17:36:30.371197 Golf: November and Yankee, sending you 5
2024-10-14 17:36:30.373718 Yankee: Golf, sending you 5
2024-10-14 17:36:30.375058 Whiskey: X-ray, sending you 4
2024-10-14 17:36:30.375917 November: Golf, sending you 6
2024-10-14 17:36:30.376682 Delta: Golf, November and Yankee, sending you 1
2024-10-14 17:36:30.379705 Yankee: Delta, sending you 4
2024-10-14 17:36:30.380937 November: Delta, sending you 4
2024-10-14 17:36:30.382521 Whiskey: Papa, sending you 1
2024-10-14 17:36:30.383354 Oscar: Tango, X-ray and Whiskey, sending you 3
2024-10-14 17:36:30.384161 Yankee: November, sending you 6
2024-10-14 17:36:30.386692 November: Yankee, sending you 7
2024-10-14 17:36:30.387704 Oscar: Papa, sending you 2
chatterbot Kilo submitting transactions
chatterbot X-ray submitting transactions
chatterbot November submitting transactions
chatterbot Oscar submitting transactions
chatterbot Delta submitting transactions
chatterbot Whiskey submitting transactions
chatterbot Tango submitting transactions
chatterbot Papa submitting transactions
chatterbot Golf submitting transactions
chatterbot Yankee submitting transactions
ChatterBot Golf round 12
ChatterBot Tango round 12
ChatterBot X-ray round 12
ChatterBot Delta round 12
ChatterBot Kilo round 12
ChatterBot November round 12
ChatterBot Whiskey round 12
ChatterBot Papa round 12
ChatterBot Oscar round 12
ChatterBot Yankee round 12
2024-10-14 17:36:31.503370 Delta: We should drop X-ray
2024-10-14 17:36:31.514698 Yankee: Yes
2024-10-14 17:36:31.514934 Golf: Yes
2024-10-14 17:36:31.515482 November: Yes
2024-10-14 17:36:31.558668 Whiskey: Tango and Oscar, sending you 3
2024-10-14 17:36:31.560705 Oscar: Tango, X-ray and Whiskey, sending you 3
2024-10-14 17:36:31.562680 Whiskey: X-ray, sending you 4
2024-10-14 17:36:31.563209 Tango: X-ray, sending you 3
2024-10-14 17:36:31.563757 Golf: Delta, sending you 4
2024-10-14 17:36:31.565230 Yankee: Golf, sending you 5
2024-10-14 17:36:31.565919 Oscar: Papa, sending you 2
2024-10-14 17:36:31.566682 Papa: Tango and X-ray, sending you 1
2024-10-14 17:36:31.567963 Whiskey: Papa, sending you 1
2024-10-14 17:36:31.568540 Whiskey: I was attacked by Delta
ChatterBot Oscar reevaluating
ChatterBot Tango reevaluating
ChatterBot X-ray reevaluating
ChatterBot Papa reevaluating
2024-10-14 17:36:31.593968 Whiskey: Ow
2024-10-14 17:36:31.594825 November: Golf, sending you 6
2024-10-14 17:36:31.595296 Golf: November and Yankee, sending you 5
2024-10-14 17:36:31.596077 Yankee: Delta, sending you 3
2024-10-14 17:36:31.596469 Delta: Same as last round
2024-10-14 17:36:31.597729 November: Delta, sending you 4
2024-10-14 17:36:31.600671 Yankee: November, sending you 7
2024-10-14 17:36:31.601662 November: Yankee, sending you 7
2024-10-14 17:36:31.623662 Papa: Tango, X-ray and Whiskey, sending you 2
2024-10-14 17:36:31.629690 Papa: Oscar, sending you 1
chatterbot Oscar submitting transactions
chatterbot Tango submitting transactions
chatterbot November submitting transactions
chatterbot Yankee submitting transactions
chatterbot Golf submitting transactions
chatterbot Whiskey submitting transactions
chatterbot Delta submitting transactions
chatterbot Papa submitting transactions
chatterbot Kilo submitting transactions
chatterbot X-ray submitting transactions
ChatterBot Golf round 13
ChatterBot Tango round 13
ChatterBot X-ray round 13
ChatterBot Delta round 13
ChatterBot Kilo round 13
ChatterBot November round 13
ChatterBot Whiskey round 13
ChatterBot Papa round 13
ChatterBot Oscar round 13
ChatterBot Yankee round 13
2024-10-14 17:36:32.906714 Oscar: Tango, X-ray and Whiskey, sending you 3
2024-10-14 17:36:32.908505 Papa: Tango and X-ray, sending you 3
2024-10-14 17:36:32.910172 Delta: Golf, sending you 7
2024-10-14 17:36:32.911948 Oscar: Papa, sending you 2
2024-10-14 17:36:32.913581 November: Golf, sending you 6
2024-10-14 17:36:32.914577 Whiskey: Tango and Oscar, sending you 3
2024-10-14 17:36:32.916170 Golf: Delta, sending you 4
2024-10-14 17:36:32.916873 Papa: Whiskey and Oscar, sending you 2
2024-10-14 17:36:32.918207 Delta: November, sending you 6
2024-10-14 17:36:32.919053 November: Delta, sending you 3
2024-10-14 17:36:32.920014 Tango: X-ray, sending you 3
2024-10-14 17:36:32.920713 Whiskey: X-ray, sending you 4
2024-10-14 17:36:32.922354 Yankee: Golf, sending you 5
2024-10-14 17:36:32.923138 Golf: November and Yankee, sending you 5
2024-10-14 17:36:32.924479 Delta: Yankee, sending you 5
2024-10-14 17:36:32.925146 November: Yankee, sending you 8
2024-10-14 17:36:32.925851 Tango: Whiskey, Papa and Oscar, sending you 2
2024-10-14 17:36:32.927434 Whiskey: Papa, sending you 1
2024-10-14 17:36:32.928768 Whiskey: I was attacked by Delta
ChatterBot Oscar reevaluating
ChatterBot Tango reevaluating
ChatterBot X-ray reevaluating
ChatterBot Papa reevaluating
2024-10-14 17:36:32.958450 Whiskey: Ow
2024-10-14 17:36:32.960446 Oscar: We should add Kilo
ChatterBot Tango reevaluating
ChatterBot X-ray reevaluating
ChatterBot Papa reevaluating
2024-10-14 17:36:32.985199 Tango: No
2024-10-14 17:36:32.985396 X-ray: No
2024-10-14 17:36:32.985597 Whiskey: No
2024-10-14 17:36:32.985768 Papa: Yes
ChatterBot Oscar reevaluating
ChatterBot X-ray reevaluating
ChatterBot Papa reevaluating
ChatterBot Oscar reevaluating
ChatterBot Tango reevaluating
ChatterBot Papa reevaluating
ChatterBot Oscar reevaluating
ChatterBot Tango reevaluating
ChatterBot X-ray reevaluating
ChatterBot Papa reevaluating
ChatterBot Oscar reevaluating
ChatterBot Tango reevaluating
ChatterBot X-ray reevaluating
2024-10-14 17:36:33.070812 Yankee: Delta, sending you 3
2024-10-14 17:36:33.074662 Yankee: November, sending you 7
2024-10-14 17:36:33.085687 Papa: Tango, X-ray and Oscar, sending you 4
2024-10-14 17:36:33.091681 Papa: Whiskey, sending you 3
chatterbot November submitting transactions
chatterbot Whiskey submitting transactions
chatterbot X-ray submitting transactions
chatterbot Delta submitting transactions
chatterbot Golf submitting transactions
chatterbot Yankee submitting transactions
chatterbot Oscar submitting transactions
chatterbot Kilo submitting transactions
chatterbot Papa submitting transactions
chatterbot Tango submitting transactions
ChatterBot Golf round 14
ChatterBot Tango round 14
ChatterBot X-ray round 14
ChatterBot Delta round 14
ChatterBot Kilo round 14
ChatterBot November round 14
ChatterBot Whiskey round 14
ChatterBot Papa round 14
ChatterBot Oscar round 14
ChatterBot Yankee round 14
2024-10-14 17:36:34.377666 Delta: Sending you each 1
2024-10-14 17:36:34.379712 Golf: Delta, sending you 4
2024-10-14 17:36:34.382658 Yankee: Golf, sending you 5
2024-10-14 17:36:34.384680 Whiskey: Tango and Papa, sending you 2
2024-10-14 17:36:34.386099 Golf: November and Yankee, sending you 5
2024-10-14 17:36:34.392623 Oscar: Tango, X-ray and Papa, sending you 3
2024-10-14 17:36:34.394887 Yankee: Delta, sending you 4
2024-10-14 17:36:34.396968 November: Golf, sending you 6
2024-10-14 17:36:34.398377 Whiskey: X-ray, sending you 4
2024-10-14 17:36:34.401318 Oscar: Whiskey, sending you 2
2024-10-14 17:36:34.404535 Tango: X-ray, sending you 3
2024-10-14 17:36:34.406820 Papa: Tango, X-ray and Oscar, sending you 4
2024-10-14 17:36:34.409881 Yankee: November, sending you 6
2024-10-14 17:36:34.412384 November: Delta, sending you 4
2024-10-14 17:36:34.414844 Whiskey: Oscar, sending you 3
2024-10-14 17:36:34.418029 Tango: Whiskey, Papa and Oscar, sending you 2
2024-10-14 17:36:34.420923 Papa: Whiskey, sending you 3
2024-10-14 17:36:34.423898 November: Yankee, sending you 7
chatterbot November submitting transactions
chatterbot Delta submitting transactions
chatterbot Yankee submitting transactions
chatterbot Tango submitting transactions
chatterbot Golf submitting transactions
chatterbot X-ray submitting transactions
chatterbot Kilo submitting transactions
chatterbot Papa submitting transactions
chatterbot Whiskey submitting transactions
chatterbot Oscar submitting transactions
ChatterBot Golf round 15
ChatterBot Tango round 15
ChatterBot X-ray round 15
ChatterBot Delta round 15
ChatterBot Kilo round 15
ChatterBot November round 15
ChatterBot Whiskey round 15
