ChatterBot Papa round 1
ChatterBot Whiskey round 1
ChatterBot Mike round 1
ChatterBot Golf round 1
ChatterBot Yankee round 1
ChatterBot Lima round 1
ChatterBot Foxtrot round 1
ChatterBot X-ray round 1
ChatterBot Echo round 1
ChatterBot Hotel round 1
randomSelections Papa: {Papa, X-ray, Lima, Golf, Whiskey, Echo} 
2024-10-14 17:36:15.783454 Papa: Friends?
ChatterBot X-ray reevaluating
ChatterBot Lima reevaluating
ChatterBot Golf reevaluating
ChatterBot Whiskey reevaluating
ChatterBot Echo reevaluating
2024-10-14 17:36:15.813153 X-ray: Yes
2024-10-14 17:36:15.814042 Lima: Yes
2024-10-14 17:36:15.814257 Golf: Yes
2024-10-14 17:36:15.814444 Whiskey: Yes
2024-10-14 17:36:15.814639 Echo: Yes
ChatterBot Lima reevaluating
ChatterBot Golf reevaluating
ChatterBot Whiskey reevaluating
ChatterBot Echo reevaluating
ChatterBot X-ray reevaluating
ChatterBot Golf reevaluating
ChatterBot Whiskey reevaluating
ChatterBot Echo reevaluating
ChatterBot X-ray reevaluating
ChatterBot Lima reevaluating
ChatterBot Whiskey reevaluating
ChatterBot Echo reevaluating
ChatterBot X-ray reevaluating
ChatterBot Lima reevaluating
ChatterBot Golf reevaluating
ChatterBot Echo reevaluating
ChatterBot X-ray reevaluating
ChatterBot Lima reevaluating
ChatterBot Golf reevaluating
ChatterBot Whiskey reevaluating
randomSelections Yankee: {Yankee, X-ray, Mike, Foxtrot, Papa} 
2024-10-14 17:36:15.941722 Yankee: Let's form a team
ChatterBot X-ray reevaluating
ChatterBot Mike reevaluating
ChatterBot Foxtrot reevaluating
2024-10-14 17:36:15.951476 X-ray: No
2024-10-14 17:36:15.951796 Mike: Yes
2024-10-14 17:36:15.952040 Foxtrot: Yes
2024-10-14 17:36:15.952719 Papa: No
ChatterBot Mike reevaluating
ChatterBot Foxtrot reevaluating
ChatterBot X-ray reevaluating
ChatterBot Foxtrot reevaluating
ChatterBot X-ray reevaluating
ChatterBot Mike reevaluating
ChatterBot X-ray reevaluating
ChatterBot Mike reevaluating
ChatterBot Foxtrot reevaluating
randomSelections Hotel: {Hotel, Foxtrot, Mike, X-ray, Echo, Yankee} 
2024-10-14 17:36:15.988338 Hotel: We should group up
ChatterBot Foxtrot reevaluating
ChatterBot Mike reevaluating
ChatterBot X-ray reevaluating
ChatterBot Echo reevaluating
2024-10-14 17:36:15.997027 Foxtrot: No
2024-10-14 17:36:15.997241 Mike: No
2024-10-14 17:36:15.997358 X-ray: No
2024-10-14 17:36:15.997461 Echo: No
2024-10-14 17:36:15.997577 Yankee: No
ChatterBot Mike reevaluating
ChatterBot X-ray reevaluating
ChatterBot Echo reevaluating
ChatterBot Foxtrot reevaluating
ChatterBot X-ray reevaluating
ChatterBot Echo reevaluating
ChatterBot Foxtrot reevaluating
ChatterBot Mike reevaluating
ChatterBot Echo reevaluating
ChatterBot Foxtrot reevaluating
ChatterBot Mike reevaluating
ChatterBot X-ray reevaluating
ChatterBot Foxtrot reevaluating
ChatterBot Mike reevaluating
ChatterBot X-ray reevaluating
ChatterBot Echo reevaluating
2024-10-14 17:36:16.048039 Golf: Papa, sending you 3
2024-10-14 17:36:16.049165 Whiskey: Papa, X-ray and Echo, sending you 2
2024-10-14 17:36:16.053875 Golf: Whiskey, sending you 1
2024-10-14 17:36:16.054973 Whiskey: Golf, sending you 3
2024-10-14 17:36:16.057162 Lima: Papa and Whiskey, sending you 3
2024-10-14 17:36:16.057756 Mike: Papa, Yankee and X-ray, sending you 4
2024-10-14 17:36:16.059087 X-ray: Papa, Golf and Lima, sending you 2
2024-10-14 17:36:16.059584 Hotel: Mike, sending you 5
2024-10-14 17:36:16.060082 Golf: Lima and Echo, sending you 5
2024-10-14 17:36:16.061176 Whiskey: Lima, sending you 4
2024-10-14 17:36:16.061652 Papa: Whiskey and Golf, sending you 1
2024-10-14 17:36:16.062127 Lima: Golf, sending you 2
2024-10-14 17:36:16.063371 Mike: Foxtrot, sending you 2
2024-10-14 17:36:16.063896 X-ray: Whiskey, sending you 1
2024-10-14 17:36:16.065181 Golf: X-ray, sending you 4
2024-10-14 17:36:16.065665 Hotel: Foxtrot, sending you 1
2024-10-14 17:36:16.066142 Papa: Lima and X-ray, sending you 2
2024-10-14 17:36:16.067752 Foxtrot: Papa and Yankee, sending you 3
2024-10-14 17:36:16.068328 Lima: X-ray, sending you 1
2024-10-14 17:36:16.069377 Echo: Papa and Golf, sending you 2
2024-10-14 17:36:16.069832 X-ray: Echo, sending you 3
2024-10-14 17:36:16.070235 Hotel: X-ray, sending you 6
2024-10-14 17:36:16.071866 Foxtrot: Mike, sending you 7
2024-10-14 17:36:16.073080 Papa: Echo, sending you 3
2024-10-14 17:36:16.073602 Lima: Echo, sending you 6
2024-10-14 17:36:16.074021 Echo: Whiskey, sending you 4
2024-10-14 17:36:16.078377 Foxtrot: X-ray, sending you 5
2024-10-14 17:36:16.079735 Echo: X-ray, sending you 1
chatterbot Yankee submitting transactions
chatterbot Mike submitting transactions
chatterbot Papa submitting transactions
chatterbot Golf submitting transactions
chatterbot Hotel submitting transactions
chatterbot Whiskey submitting transactions
chatterbot Foxtrot submitting transactions
chatterbot Lima submitting transactions
chatterbot Echo submitting transactions
chatterbot X-ray submitting transactions
ChatterBot Papa round 2
ChatterBot Whiskey round 2
ChatterBot Mike round 2
ChatterBot Golf round 2
ChatterBot Yankee round 2
ChatterBot Lima round 2
ChatterBot Foxtrot round 2
ChatterBot X-ray round 2
2024-10-14 17:36:17.051696 Yankee: We would work well together
ChatterBot Mike reevaluating
ChatterBot Foxtrot reevaluating
ChatterBot Hotel reevaluating
2024-10-14 17:36:17.066055 Mike: Yes
2024-10-14 17:36:17.066242 Foxtrot: No
2024-10-14 17:36:17.066378 Hotel: No
ChatterBot Foxtrot reevaluating
ChatterBot Hotel reevaluating
ChatterBot Mike reevaluating
ChatterBot Hotel reevaluating
ChatterBot Mike reevaluating
ChatterBot Foxtrot reevaluating
2024-10-14 17:36:17.098832 Foxtrot: Let's form a team
ChatterBot Mike reevaluating
ChatterBot Hotel reevaluating
2024-10-14 17:36:17.109812 Mike: Yes
2024-10-14 17:36:17.109975 Hotel: No
ChatterBot Foxtrot reevaluating
ChatterBot Hotel reevaluating
ChatterBot Foxtrot reevaluating
ChatterBot Mike reevaluating
ChatterBot Echo round 2
ChatterBot Hotel round 2
2024-10-14 17:36:17.137496 Golf: We should drop Papa
ChatterBot X-ray reevaluating
ChatterBot Echo reevaluating
2024-10-14 17:36:17.144999 Whiskey: No
2024-10-14 17:36:17.145153 Lima: No
2024-10-14 17:36:17.145273 X-ray: Yes
2024-10-14 17:36:17.145385 Echo: No
ChatterBot X-ray reevaluating
ChatterBot Echo reevaluating
ChatterBot X-ray reevaluating
ChatterBot Echo reevaluating
ChatterBot Lima reevaluating
ChatterBot Echo reevaluating
ChatterBot Lima reevaluating
ChatterBot X-ray reevaluating
2024-10-14 17:36:17.187866 Hotel: We should drop Echo
2024-10-14 17:36:17.199208 X-ray: Yes
2024-10-14 17:36:17.199404 Mike: Yes
2024-10-14 17:36:17.199573 Yankee: Yes
2024-10-14 17:36:17.199731 Foxtrot: Yes
ChatterBot Hotel reevaluating
ChatterBot Hotel reevaluating
ChatterBot X-ray reevaluating
ChatterBot Hotel reevaluating
2024-10-14 17:36:17.237763 Papa: Whiskey, Golf, Lima and X-ray, sending you 2
2024-10-14 17:36:17.238382 Lima: We should drop X-ray
2024-10-14 17:36:17.246175 Papa: Yes
2024-10-14 17:36:17.246686 Whiskey: Yes
2024-10-14 17:36:17.246811 Golf: Yes
2024-10-14 17:36:17.246916 Echo: Yes
ChatterBot Lima reevaluating
ChatterBot Lima reevaluating
ChatterBot Lima reevaluating
ChatterBot Lima reevaluating
ChatterBot Golf reevaluating
2024-10-14 17:36:17.283551 Papa: Echo, sending you 1
2024-10-14 17:36:17.283921 Mike: Yankee, sending you 4
2024-10-14 17:36:17.284531 Foxtrot: Mike, sending you 11
2024-10-14 17:36:17.286685 Whiskey: Papa, Golf and X-ray, sending you 2
2024-10-14 17:36:17.287251 Mike: Foxtrot, sending you 6
2024-10-14 17:36:17.287688 Echo: Papa, Golf and X-ray, sending you 2
2024-10-14 17:36:17.288280 Yankee: Mike, sending you 6
2024-10-14 17:36:17.289052 Foxtrot: Hotel, sending you 7
2024-10-14 17:36:17.289855 Whiskey: Lima, sending you 3
2024-10-14 17:36:17.291373 Mike: Hotel, sending you 5
2024-10-14 17:36:17.293092 Echo: Lima, sending you 3
2024-10-14 17:36:17.293706 Yankee: Foxtrot, sending you 5
2024-10-14 17:36:17.294032 Whiskey: Echo, sending you 4
2024-10-14 17:36:17.298736 X-ray: Papa and Whiskey, sending you 2
2024-10-14 17:36:17.301655 X-ray: Golf, sending you 4
2024-10-14 17:36:17.305663 X-ray: Lima and Echo, sending you 1
2024-10-14 17:36:17.314681 Golf: Papa, sending you 1
2024-10-14 17:36:17.317693 Golf: Whiskey, sending you 7
2024-10-14 17:36:17.318661 Lima: Whiskey, sending you 5
2024-10-14 17:36:17.321104 Golf: Lima and Echo, sending you 5
2024-10-14 17:36:17.323658 Lima: Golf, sending you 6
2024-10-14 17:36:17.327664 Lima: X-ray, sending you 4
2024-10-14 17:36:17.332656 Lima: Echo, sending you 2
chatterbot Yankee submitting transactions
chatterbot Papa submitting transactions
chatterbot Whiskey submitting transactions
chatterbot Foxtrot submitting transactions
chatterbot Mike submitting transactions
chatterbot Hotel submitting transactions
chatterbot X-ray submitting transactions
chatterbot Golf submitting transactions
chatterbot Echo submitting transactions
chatterbot Lima submitting transactions
ChatterBot Papa round 3
ChatterBot Whiskey round 3
ChatterBot Mike round 3
ChatterBot Golf round 3
ChatterBot Yankee round 3
ChatterBot Lima round 3
ChatterBot Foxtrot round 3
ChatterBot X-ray round 3
ChatterBot Echo round 3
ChatterBot Hotel round 3
2024-10-14 17:36:19.769109 Hotel: We should drop X-ray and Echo
ChatterBot Foxtrot reevaluating
2024-10-14 17:36:19.786532 Yankee: Yes
2024-10-14 17:36:19.786797 Mike: Yes
2024-10-14 17:36:19.787086 Foxtrot: Yes
ChatterBot Foxtrot reevaluating
ChatterBot Hotel reevaluating
ChatterBot Foxtrot reevaluating
ChatterBot Hotel reevaluating
ChatterBot Hotel reevaluating
2024-10-14 17:36:19.825863 Lima: Whiskey and Golf, sending you 5
2024-10-14 17:36:19.827300 Papa: Whiskey, Golf, X-ray and Echo, sending you 2
2024-10-14 17:36:19.827835 Whiskey: Papa, X-ray and Echo, sending you 2
2024-10-14 17:36:19.828323 Mike: Yankee, sending you 5
2024-10-14 17:36:19.832466 Lima: X-ray, sending you 3
2024-10-14 17:36:19.834115 Papa: Lima, sending you 1
2024-10-14 17:36:19.834754 Whiskey: Golf, sending you 3
2024-10-14 17:36:19.835884 Mike: Foxtrot, sending you 6
2024-10-14 17:36:19.836439 Golf: Papa, sending you 3
2024-10-14 17:36:19.837769 Echo: Papa and X-ray, sending you 1
2024-10-14 17:36:19.838276 Lima: Echo, sending you 4
2024-10-14 17:36:19.838746 Whiskey: Lima, sending you 4
2024-10-14 17:36:19.840071 Mike: Hotel, sending you 4
2024-10-14 17:36:19.841095 Echo: Whiskey and Lima, sending you 2
2024-10-14 17:36:19.843120 Golf: Whiskey and Echo, sending you 4
2024-10-14 17:36:19.844115 Yankee: Mike, sending you 6
2024-10-14 17:36:19.844473 X-ray: Sending you each 2
2024-10-14 17:36:19.850769 Echo: Golf, sending you 3
2024-10-14 17:36:19.851280 Golf: Lima, sending you 7
2024-10-14 17:36:19.851712 Yankee: Foxtrot, sending you 2
2024-10-14 17:36:19.860298 Yankee: Hotel, sending you 3
2024-10-14 17:36:19.860725 Hotel: Mike and Foxtrot, sending you 5
2024-10-14 17:36:19.872309 Hotel: Yankee, sending you 2
chatterbot Papa submitting transactions
chatterbot Mike submitting transactions
chatterbot X-ray submitting transactions
chatterbot Whiskey submitting transactions
chatterbot Golf submitting transactions
chatterbot Lima submitting transactions
chatterbot Hotel submitting transactions
chatterbot Yankee submitting transactions
chatterbot Echo submitting transactions
chatterbot Foxtrot submitting transactions
ChatterBot Papa round 4
ChatterBot Whiskey round 4
ChatterBot Mike round 4
ChatterBot Golf round 4
ChatterBot Yankee round 4
ChatterBot Lima round 4
ChatterBot Foxtrot round 4
ChatterBot X-ray round 4
ChatterBot Echo round 4
ChatterBot Hotel round 4
2024-10-14 17:36:21.025603 Lima: We should replace X-ray with Papa
2024-10-14 17:36:21.035975 Whiskey: No
2024-10-14 17:36:21.036245 Golf: Yes
2024-10-14 17:36:21.036433 Echo: No
ChatterBot Lima reevaluating
ChatterBot Lima reevaluating
ChatterBot Lima reevaluating
2024-10-14 17:36:21.080696 Hotel: We should add Papa
2024-10-14 17:36:21.088531 Yankee: No
2024-10-14 17:36:21.088756 Mike: No
2024-10-14 17:36:21.088910 Foxtrot: No
ChatterBot Foxtrot reevaluating
ChatterBot Hotel reevaluating
ChatterBot Foxtrot reevaluating
ChatterBot Hotel reevaluating
ChatterBot Hotel reevaluating
2024-10-14 17:36:21.120672 Mike: Sending you each 5
2024-10-14 17:36:21.122090 Papa: Whiskey, Golf, X-ray and Echo, sending you 2
2024-10-14 17:36:21.124699 Papa: Lima, sending you 1
2024-10-14 17:36:21.127684 Yankee: Mike, sending you 5
2024-10-14 17:36:21.130661 Echo: Papa and X-ray, sending you 1
2024-10-14 17:36:21.131686 Yankee: Foxtrot, sending you 4
2024-10-14 17:36:21.132196 Whiskey: Papa, X-ray and Echo, sending you 2
2024-10-14 17:36:21.132726 Golf: Papa, sending you 3
2024-10-14 17:36:21.134694 Yankee: Hotel, sending you 2
2024-10-14 17:36:21.135682 Echo: Whiskey and Lima, sending you 2
2024-10-14 17:36:21.136710 Golf: Whiskey and Echo, sending you 4
2024-10-14 17:36:21.137032 Whiskey: Golf, sending you 3
2024-10-14 17:36:21.139679 Whiskey: Lima, sending you 4
2024-10-14 17:36:21.140680 Echo: Golf, sending you 3
2024-10-14 17:36:21.142017 Golf: Lima, sending you 7
2024-10-14 17:36:21.142669 X-ray: Papa, Whiskey and Echo, sending you 2
2024-10-14 17:36:21.144700 Foxtrot: Mike, sending you 11
2024-10-14 17:36:21.145696 Lima: Whiskey, X-ray and Echo, sending you 4
2024-10-14 17:36:21.146858 X-ray: Golf, sending you 1
2024-10-14 17:36:21.147692 Hotel: Mike, sending you 5
2024-10-14 17:36:21.149373 Foxtrot: Hotel, sending you 7
2024-10-14 17:36:21.151853 Lima: Golf, sending you 5
2024-10-14 17:36:21.152327 X-ray: Lima, sending you 3
2024-10-14 17:36:21.152831 Hotel: Yankee, sending you 3
2024-10-14 17:36:21.157668 Hotel: Foxtrot, sending you 4
chatterbot Yankee submitting transactions
chatterbot Golf submitting transactions
chatterbot Foxtrot submitting transactions
chatterbot X-ray submitting transactions
chatterbot Whiskey submitting transactions
chatterbot Lima submitting transactions
chatterbot Papa submitting transactions
chatterbot Hotel submitting transactions
chatterbot Echo submitting transactions
chatterbot Mike submitting transactions
ChatterBot Papa round 5
ChatterBot Whiskey round 5
ChatterBot Mike round 5
ChatterBot Golf round 5
ChatterBot Yankee round 5
ChatterBot Lima round 5
ChatterBot Foxtrot round 5
ChatterBot X-ray round 5
ChatterBot Echo round 5
ChatterBot Hotel round 5
2024-10-14 17:36:22.211530 Foxtrot: We should replace Hotel with Yankee
2024-10-14 17:36:22.213900 Mike: No
ChatterBot Foxtrot reevaluating
2024-10-14 17:36:22.224688 Papa: Whiskey, Golf, X-ray and Echo, sending you 2
2024-10-14 17:36:22.229712 Golf: Papa, sending you 3
2024-10-14 17:36:22.230268 Papa: Lima, sending you 1
2024-10-14 17:36:22.232683 Yankee: Mike, sending you 6
2024-10-14 17:36:22.233047 Golf: Whiskey and Echo, sending you 4
2024-10-14 17:36:22.235687 Whiskey: Papa, X-ray and Echo, sending you 2
2024-10-14 17:36:22.236144 Yankee: Foxtrot, sending you 3
2024-10-14 17:36:22.236664 Golf: Lima, sending you 7
2024-10-14 17:36:22.238767 Mike: Same as last round
2024-10-14 17:36:22.239071 Echo: Papa and X-ray, sending you 1
2024-10-14 17:36:22.239653 Whiskey: Golf, sending you 3
2024-10-14 17:36:22.240672 X-ray: Papa, Whiskey and Echo, sending you 2
2024-10-14 17:36:22.241225 Yankee: Hotel, sending you 2
2024-10-14 17:36:22.242665 Lima: Whiskey, X-ray and Echo, sending you 4
2024-10-14 17:36:22.243647 Echo: Whiskey and Lima, sending you 2
2024-10-14 17:36:22.244083 Whiskey: Lima, sending you 4
2024-10-14 17:36:22.244900 X-ray: Golf, sending you 1
2024-10-14 17:36:22.245339 Foxtrot: Mike, sending you 11
2024-10-14 17:36:22.246667 Hotel: Mike, sending you 5
2024-10-14 17:36:22.246998 Lima: Golf, sending you 5
2024-10-14 17:36:22.247299 Echo: Golf, sending you 3
2024-10-14 17:36:22.248020 X-ray: Lima, sending you 3
2024-10-14 17:36:22.249674 Foxtrot: Hotel, sending you 7
2024-10-14 17:36:22.249934 Hotel: Yankee, sending you 3
2024-10-14 17:36:22.254677 Hotel: Foxtrot, sending you 4
chatterbot Yankee submitting transactions
chatterbot Whiskey submitting transactions
chatterbot Papa submitting transactions
chatterbot Lima submitting transactions
chatterbot Hotel submitting transactions
chatterbot Echo submitting transactions
chatterbot Golf submitting transactions
chatterbot X-ray submitting transactions
chatterbot Mike submitting transactions
chatterbot Foxtrot submitting transactions
ChatterBot Papa round 6
ChatterBot Whiskey round 6
ChatterBot Mike round 6
ChatterBot Golf round 6
ChatterBot Yankee round 6
ChatterBot Lima round 6
ChatterBot Foxtrot round 6
ChatterBot X-ray round 6
ChatterBot Echo round 6
ChatterBot Hotel round 6
2024-10-14 17:36:23.416660 Lima: We should replace X-ray with Papa
2024-10-14 17:36:23.425375 Whiskey: No
2024-10-14 17:36:23.425549 Golf: Yes
2024-10-14 17:36:23.425734 Echo: No
2024-10-14 17:36:23.456904 Lima: Papa we want you to join our group
2024-10-14 17:36:23.459515 Papa: Yes
2024-10-14 17:36:23.468884 Whiskey: Papa, X-ray and Echo, sending you 2
2024-10-14 17:36:23.469379 Papa: Whiskey, Golf, X-ray and Echo, sending you 2
2024-10-14 17:36:23.472659 Mike: Same as last round
2024-10-14 17:36:23.473660 Whiskey: Golf, sending you 3
2024-10-14 17:36:23.475089 Echo: Papa and X-ray, sending you 1
2024-10-14 17:36:23.475964 Yankee: Mike, sending you 6
2024-10-14 17:36:23.476490 Papa: Lima, sending you 1
2024-10-14 17:36:23.477373 Golf: Papa, sending you 2
2024-10-14 17:36:23.478839 Echo: Whiskey and Lima, sending you 2
2024-10-14 17:36:23.479700 Whiskey: Lima, sending you 4
2024-10-14 17:36:23.480205 Yankee: Foxtrot, sending you 2
2024-10-14 17:36:23.480673 Golf: Whiskey, sending you 4
2024-10-14 17:36:23.483021 Echo: Golf, sending you 3
2024-10-14 17:36:23.483520 Hotel: Mike, sending you 5
2024-10-14 17:36:23.483964 Golf: Lima, sending you 7
2024-10-14 17:36:23.484690 Yankee: Hotel, sending you 3
2024-10-14 17:36:23.486819 Golf: Echo, sending you 5
2024-10-14 17:36:23.487660 Lima: Papa, sending you 2
2024-10-14 17:36:23.488700 Hotel: Yankee, sending you 3
2024-10-14 17:36:23.489681 X-ray: Papa, Whiskey and Echo, sending you 2
2024-10-14 17:36:23.490755 Foxtrot: Mike, sending you 10
2024-10-14 17:36:23.491026 Lima: Whiskey, sending you 5
2024-10-14 17:36:23.491699 Hotel: Foxtrot, sending you 4
2024-10-14 17:36:23.494014 Foxtrot: Hotel, sending you 8
2024-10-14 17:36:23.494654 X-ray: Golf, sending you 1
2024-10-14 17:36:23.495702 Lima: Golf, sending you 6
2024-10-14 17:36:23.497666 X-ray: Lima, sending you 3
2024-10-14 17:36:23.499655 Lima: Echo, sending you 4
chatterbot Whiskey submitting transactions
chatterbot Lima submitting transactions
chatterbot X-ray submitting transactions
chatterbot Yankee submitting transactions
chatterbot Foxtrot submitting transactions
chatterbot Golf submitting transactions
chatterbot Hotel submitting transactions
chatterbot Echo submitting transactions
chatterbot Mike submitting transactions
chatterbot Papa submitting transactions
ChatterBot Papa round 7
ChatterBot Whiskey round 7
ChatterBot Mike round 7
ChatterBot Golf round 7
ChatterBot Yankee round 7
ChatterBot Lima round 7
ChatterBot Foxtrot round 7
ChatterBot X-ray round 7
ChatterBot Echo round 7
ChatterBot Hotel round 7
2024-10-14 17:36:24.654297 Lima: We should replace Echo with X-ray
2024-10-14 17:36:24.661867 Papa: No
2024-10-14 17:36:24.662027 Whiskey: No
2024-10-14 17:36:24.662156 Golf: No
2024-10-14 17:36:24.693718 Lima: X-ray we want you to join our group
2024-10-14 17:36:24.696379 X-ray: Yes
2024-10-14 17:36:24.705647 Papa: Whiskey, Golf, X-ray and Echo, sending you 2
2024-10-14 17:36:24.708668 Golf: Papa, sending you 2
2024-10-14 17:36:24.709057 Yankee: Mike, sending you 6
2024-10-14 17:36:24.709383 Whiskey: Papa, X-ray and Echo, sending you 2
2024-10-14 17:36:24.710678 Papa: Lima, sending you 1
2024-10-14 17:36:24.712691 Golf: Whiskey, sending you 4
2024-10-14 17:36:24.713086 Yankee: Foxtrot, sending you 2
2024-10-14 17:36:24.713437 Whiskey: Golf, sending you 3
2024-10-14 17:36:24.714711 Mike: Same as last round
2024-10-14 17:36:24.715652 Lima: Papa, sending you 3
2024-10-14 17:36:24.715947 Golf: Lima, sending you 7
2024-10-14 17:36:24.716251 Yankee: Hotel, sending you 3
2024-10-14 17:36:24.717680 Whiskey: Lima, sending you 4
2024-10-14 17:36:24.718703 Foxtrot: Mike, sending you 10
2024-10-14 17:36:24.719669 X-ray: Papa, Whiskey and Echo, sending you 2
2024-10-14 17:36:24.720151 Golf: Echo, sending you 5
2024-10-14 17:36:24.720682 Lima: Whiskey and X-ray, sending you 4
2024-10-14 17:36:24.721122 Hotel: Mike, sending you 5
2024-10-14 17:36:24.722689 Foxtrot: Hotel, sending you 8
2024-10-14 17:36:24.723696 Hotel: Yankee, sending you 3
2024-10-14 17:36:24.724693 X-ray: Golf, sending you 1
2024-10-14 17:36:24.725143 Lima: Golf, sending you 6
2024-10-14 17:36:24.726647 Echo: Papa and X-ray, sending you 1
2024-10-14 17:36:24.728689 Hotel: Foxtrot, sending you 4
2024-10-14 17:36:24.729302 X-ray: Lima, sending you 3
2024-10-14 17:36:24.730667 Echo: Whiskey and Lima, sending you 2
2024-10-14 17:36:24.735665 Echo: Golf, sending you 3
chatterbot Papa submitting transactions
chatterbot Hotel submitting transactions
chatterbot Yankee submitting transactions
chatterbot Foxtrot submitting transactions
chatterbot Golf submitting transactions
chatterbot Whiskey submitting transactions
chatterbot X-ray submitting transactions
chatterbot Echo submitting transactions
chatterbot Lima submitting transactions
chatterbot Mike submitting transactions
ChatterBot Papa round 8
ChatterBot Whiskey round 8
ChatterBot Mike round 8
ChatterBot Golf round 8
ChatterBot Yankee round 8
ChatterBot Lima round 8
ChatterBot Foxtrot round 8
ChatterBot X-ray round 8
ChatterBot Echo round 8
ChatterBot Hotel round 8
2024-10-14 17:36:25.922678 Papa: Whiskey, Golf, Lima and X-ray, sending you 2
2024-10-14 17:36:25.925689 Papa: Echo, sending you 1
2024-10-14 17:36:25.928720 Golf: Papa, sending you 2
2024-10-14 17:36:25.930681 Whiskey: Papa, X-ray and Echo, sending you 2
2024-10-14 17:36:25.931387 X-ray: Papa, Whiskey and Echo, sending you 2
2024-10-14 17:36:25.932916 Golf: Whiskey, sending you 4
2024-10-14 17:36:25.933698 Yankee: Mike, sending you 6
2024-10-14 17:36:25.934669 Echo: Papa and X-ray, sending you 1
2024-10-14 17:36:25.935697 Mike: Same as last round
2024-10-14 17:36:25.936979 Whiskey: Golf, sending you 3
2024-10-14 17:36:25.937812 Yankee: Foxtrot, sending you 2
2024-10-14 17:36:25.938357 X-ray: Golf, sending you 1
2024-10-14 17:36:25.939132 Golf: Lima, sending you 7
2024-10-14 17:36:25.939668 Hotel: Mike, sending you 5
2024-10-14 17:36:25.940211 Echo: Whiskey and Lima, sending you 2
2024-10-14 17:36:25.941196 Whiskey: Lima, sending you 4
2024-10-14 17:36:25.941788 Yankee: Hotel, sending you 3
2024-10-14 17:36:25.942670 X-ray: Lima, sending you 3
2024-10-14 17:36:25.943582 Golf: Echo, sending you 5
2024-10-14 17:36:25.944585 Hotel: Yankee, sending you 3
2024-10-14 17:36:25.944979 Echo: Golf, sending you 3
2024-10-14 17:36:25.945669 Foxtrot: Mike, sending you 10
2024-10-14 17:36:25.945981 Lima: Papa, sending you 2
2024-10-14 17:36:25.947964 Hotel: Foxtrot, sending you 4
2024-10-14 17:36:25.949673 Lima: Whiskey, sending you 5
2024-10-14 17:36:25.950681 Foxtrot: Hotel, sending you 8
2024-10-14 17:36:25.954677 Lima: Golf, sending you 6
2024-10-14 17:36:25.957676 Lima: X-ray, sending you 4
chatterbot Whiskey submitting transactions
chatterbot Hotel submitting transactions
chatterbot Golf submitting transactions
chatterbot Papa submitting transactions
chatterbot X-ray submitting transactions
chatterbot Mike submitting transactions
chatterbot Lima submitting transactions
chatterbot Foxtrot submitting transactions
chatterbot Yankee submitting transactions
chatterbot Echo submitting transactions
ChatterBot Papa round 9
ChatterBot Whiskey round 9
ChatterBot Mike round 9
ChatterBot Golf round 9
ChatterBot Yankee round 9
ChatterBot Lima round 9
ChatterBot Foxtrot round 9
ChatterBot X-ray round 9
ChatterBot Echo round 9
ChatterBot Hotel round 9
2024-10-14 17:36:27.192706 X-ray: Papa, Whiskey and Echo, sending you 2
2024-10-14 17:36:27.196791 Mike: Same as last round
2024-10-14 17:36:27.197670 X-ray: Golf, sending you 1
2024-10-14 17:36:27.199705 Lima: Papa, sending you 3
2024-10-14 17:36:27.200732 X-ray: Lima, sending you 3
2024-10-14 17:36:27.203942 Yankee: Mike, sending you 7
2024-10-14 17:36:27.204335 Papa: Whiskey, Golf, Lima and X-ray, sending you 2
2024-10-14 17:36:27.204971 Whiskey: Papa, X-ray and Echo, sending you 2
2024-10-14 17:36:27.205854 Lima: Whiskey and X-ray, sending you 4
2024-10-14 17:36:27.206352 Echo: Whiskey, Lima and X-ray, sending you 2
2024-10-14 17:36:27.207314 Golf: Papa, sending you 3
2024-10-14 17:36:27.207962 Hotel: Mike, sending you 5
2024-10-14 17:36:27.208512 Yankee: Foxtrot, sending you 1
2024-10-14 17:36:27.209026 Foxtrot: Mike, sending you 10
2024-10-14 17:36:27.209414 Papa: Echo, sending you 1
2024-10-14 17:36:27.210222 Whiskey: Golf, sending you 3
2024-10-14 17:36:27.211586 Lima: Golf, sending you 6
2024-10-14 17:36:27.212135 Echo: Golf, sending you 3
2024-10-14 17:36:27.212908 Hotel: Yankee, sending you 3
2024-10-14 17:36:27.213463 Golf: Whiskey and Echo, sending you 4
2024-10-14 17:36:27.213994 Yankee: Hotel, sending you 3
2024-10-14 17:36:27.214563 Foxtrot: Hotel, sending you 8
2024-10-14 17:36:27.214948 Whiskey: Lima, sending you 4
2024-10-14 17:36:27.217706 Hotel: Foxtrot, sending you 4
2024-10-14 17:36:27.218671 Golf: Lima, sending you 7
chatterbot Mike submitting transactions
chatterbot Golf submitting transactions
chatterbot Foxtrot submitting transactions
chatterbot Papa submitting transactions
chatterbot Hotel submitting transactions
chatterbot Echo submitting transactions
chatterbot Yankee submitting transactions
chatterbot Lima submitting transactions
chatterbot Whiskey submitting transactions
chatterbot X-ray submitting transactions
ChatterBot Papa round 10
ChatterBot Whiskey round 10
ChatterBot Mike round 10
ChatterBot Golf round 10
ChatterBot Yankee round 10
ChatterBot Lima round 10
ChatterBot Foxtrot round 10
ChatterBot X-ray round 10
ChatterBot Echo round 10
ChatterBot Hotel round 10
2024-10-14 17:36:28.345734 Foxtrot: We should replace Hotel with Yankee
2024-10-14 17:36:28.349075 Mike: No
ChatterBot Foxtrot reevaluating
2024-10-14 17:36:28.360656 Mike: Same as last round
2024-10-14 17:36:28.361687 Papa: Whiskey, Golf, Lima and X-ray, sending you 2
2024-10-14 17:36:28.365677 Yankee: Mike, sending you 7
2024-10-14 17:36:28.366680 Papa: Echo, sending you 1
2024-10-14 17:36:28.368648 Yankee: Foxtrot, sending you 1
2024-10-14 17:36:28.373676 Yankee: Hotel, sending you 3
2024-10-14 17:36:28.374054 Whiskey: Papa, X-ray and Echo, sending you 2
2024-10-14 17:36:28.375663 Golf: Papa, sending you 2
2024-10-14 17:36:28.376665 Echo: Papa and Lima, sending you 1
2024-10-14 17:36:28.377203 Whiskey: Golf, sending you 3
2024-10-14 17:36:28.379708 Golf: Whiskey and Echo, sending you 4
2024-10-14 17:36:28.380683 Lima: Papa, sending you 3
2024-10-14 17:36:28.381693 X-ray: Papa, Whiskey and Echo, sending you 2
2024-10-14 17:36:28.382837 Echo: Whiskey and X-ray, sending you 2
2024-10-14 17:36:28.384222 Whiskey: Lima, sending you 4
2024-10-14 17:36:28.385215 Hotel: Mike, sending you 5
2024-10-14 17:36:28.385870 Golf: Lima, sending you 8
2024-10-14 17:36:28.386441 Foxtrot: Mike, sending you 10
2024-10-14 17:36:28.386845 Lima: Whiskey and X-ray, sending you 4
2024-10-14 17:36:28.387471 X-ray: Golf, sending you 1
2024-10-14 17:36:28.388656 Echo: Golf, sending you 3
2024-10-14 17:36:28.389240 Hotel: Yankee, sending you 3
2024-10-14 17:36:28.389655 Foxtrot: Hotel, sending you 8
2024-10-14 17:36:28.391656 Lima: Golf, sending you 6
2024-10-14 17:36:28.392007 X-ray: Lima, sending you 3
2024-10-14 17:36:28.392695 Hotel: Foxtrot, sending you 4
chatterbot X-ray submitting transactions
chatterbot Lima submitting transactions
chatterbot Yankee submitting transactions
chatterbot Whiskey submitting transactions
chatterbot Mike submitting transactions
chatterbot Golf submitting transactions
chatterbot Echo submitting transactions
chatterbot Papa submitting transactions
chatterbot Foxtrot submitting transactions
chatterbot Hotel submitting transactions
ChatterBot Papa round 11
ChatterBot Whiskey round 11
ChatterBot Mike round 11
ChatterBot Golf round 11
ChatterBot Yankee round 11
ChatterBot Lima round 11
ChatterBot Foxtrot round 11
ChatterBot X-ray round 11
ChatterBot Echo round 11
ChatterBot Hotel round 11
2024-10-14 17:36:29.655677 Foxtrot: Mike, sending you 10
2024-10-14 17:36:29.657672 X-ray: Papa, Whiskey and Echo, sending you 2
2024-10-14 17:36:29.659667 Golf: Papa, sending you 2
2024-10-14 17:36:29.660130 Foxtrot: Hotel, sending you 8
2024-10-14 17:36:29.661038 Mike: Same as last round
2024-10-14 17:36:29.661470 X-ray: Golf, sending you 1
2024-10-14 17:36:29.662128 Whiskey: Papa, X-ray and Echo, sending you 2
2024-10-14 17:36:29.664681 Golf: Whiskey and Echo, sending you 4
2024-10-14 17:36:29.665710 X-ray: Lima, sending you 3
2024-10-14 17:36:29.666351 Whiskey: Golf, sending you 3
2024-10-14 17:36:29.667885 Papa: Whiskey, Golf, Lima and X-ray, sending you 2
2024-10-14 17:36:29.668482 Echo: Papa and Lima, sending you 1
2024-10-14 17:36:29.669132 Lima: Papa, sending you 3
2024-10-14 17:36:29.669483 Yankee: Mike, sending you 6
2024-10-14 17:36:29.669936 Golf: Lima, sending you 8
2024-10-14 17:36:29.670665 Hotel: Mike, sending you 5
2024-10-14 17:36:29.671680 Whiskey: Lima, sending you 4
2024-10-14 17:36:29.672701 Papa: Echo, sending you 1
2024-10-14 17:36:29.673544 Lima: Whiskey and X-ray, sending you 4
2024-10-14 17:36:29.674103 Echo: Whiskey and X-ray, sending you 2
2024-10-14 17:36:29.674742 Yankee: Foxtrot, sending you 1
2024-10-14 17:36:29.675208 Hotel: Yankee, sending you 3
2024-10-14 17:36:29.676647 Lima: Golf, sending you 6
2024-10-14 17:36:29.677695 Hotel: Foxtrot, sending you 4
2024-10-14 17:36:29.678674 Echo: Golf, sending you 3
2024-10-14 17:36:29.679723 Yankee: Hotel, sending you 4
chatterbot Hotel submitting transactions
chatterbot Papa submitting transactions
chatterbot Mike submitting transactions
chatterbot Whiskey submitting transactions
chatterbot X-ray submitting transactions
chatterbot Echo submitting transactions
chatterbot Lima submitting transactions
chatterbot Golf submitting transactions
chatterbot Yankee submitting transactions
chatterbot Foxtrot submitting transactions
ChatterBot Papa round 12
ChatterBot Whiskey round 12
ChatterBot Mike round 12
ChatterBot Golf round 12
ChatterBot Yankee round 12
ChatterBot Lima round 12
ChatterBot Foxtrot round 12
ChatterBot X-ray round 12
ChatterBot Echo round 12
ChatterBot Hotel round 12
2024-10-14 17:36:30.853928 Lima: We should replace X-ray with Echo
2024-10-14 17:36:30.861815 Papa: No
2024-10-14 17:36:30.861988 Whiskey: No
2024-10-14 17:36:30.862115 Golf: Yes
ChatterBot Lima reevaluating
ChatterBot Lima reevaluating
ChatterBot Lima reevaluating
2024-10-14 17:36:30.892374 Hotel: We should add X-ray
ChatterBot Foxtrot reevaluating
2024-10-14 17:36:30.899201 Yankee: Yes
2024-10-14 17:36:30.899345 Mike: Yes
2024-10-14 17:36:30.899468 Foxtrot: Yes
ChatterBot Foxtrot reevaluating
ChatterBot Foxtrot reevaluating
2024-10-14 17:36:30.924792 Hotel: X-ray we want you to join our group
2024-10-14 17:36:30.926714 X-ray: No
ChatterBot Foxtrot reevaluating
2024-10-14 17:36:30.934270 Foxtrot: We should add Yankee
2024-10-14 17:36:30.937565 Mike: Yes
2024-10-14 17:36:30.937697 Hotel: Yes
ChatterBot Foxtrot reevaluating
ChatterBot Foxtrot reevaluating
2024-10-14 17:36:30.945875 Foxtrot: We should replace Hotel with Yankee
2024-10-14 17:36:30.948837 Mike: No
2024-10-14 17:36:30.951768 Whiskey: Papa, X-ray and Echo, sending you 2
2024-10-14 17:36:30.952674 Papa: Whiskey, Golf, Lima and X-ray, sending you 2
2024-10-14 17:36:30.953504 Mike: Same as last round
2024-10-14 17:36:30.954008 Golf: Papa, sending you 2
2024-10-14 17:36:30.955775 Foxtrot: Yankee we want you to join our group
2024-10-14 17:36:30.960671 Yankee: Yes
2024-10-14 17:36:30.968246 Whiskey: Golf, sending you 3
2024-10-14 17:36:30.969930 Papa: Echo, sending you 1
2024-10-14 17:36:30.971049 Echo: Papa and Lima, sending you 1
2024-10-14 17:36:30.972005 Golf: Whiskey and Echo, sending you 4
2024-10-14 17:36:30.972593 Hotel: Mike and Foxtrot, sending you 4
2024-10-14 17:36:30.973197 Whiskey: Lima, sending you 4
2024-10-14 17:36:30.974691 Echo: Whiskey and X-ray, sending you 2
2024-10-14 17:36:30.975683 Lima: Papa, sending you 3
2024-10-14 17:36:30.977435 Golf: Lima, sending you 8
2024-10-14 17:36:30.977959 Yankee: Mike, sending you 6
2024-10-14 17:36:30.978452 Hotel: Yankee, sending you 3
2024-10-14 17:36:30.978865 X-ray: Papa, Whiskey and Echo, sending you 2
2024-10-14 17:36:30.979647 Echo: Golf, sending you 3
2024-10-14 17:36:30.980670 Lima: Whiskey and X-ray, sending you 4
2024-10-14 17:36:30.981132 Yankee: Foxtrot, sending you 1
2024-10-14 17:36:30.981679 Hotel: X-ray, sending you 1
2024-10-14 17:36:30.983707 X-ray: Golf, sending you 1
2024-10-14 17:36:30.985868 Lima: Golf, sending you 6
2024-10-14 17:36:30.986442 Yankee: Hotel, sending you 4
2024-10-14 17:36:30.987210 Foxtrot: Mike, sending you 12
2024-10-14 17:36:30.989664 X-ray: Lima, sending you 3
2024-10-14 17:36:30.991668 Foxtrot: Yankee, sending you 6
chatterbot X-ray submitting transactions
chatterbot Lima submitting transactions
chatterbot Golf submitting transactions
chatterbot Whiskey submitting transactions
chatterbot Hotel submitting transactions
chatterbot Mike submitting transactions
chatterbot Foxtrot submitting transactions
chatterbot Papa submitting transactions
chatterbot Echo submitting transactions
chatterbot Yankee submitting transactions
ChatterBot Papa round 13
ChatterBot Whiskey round 13
ChatterBot Mike round 13
ChatterBot Golf round 13
ChatterBot Yankee round 13
ChatterBot Lima round 13
ChatterBot Foxtrot round 13
ChatterBot X-ray round 13
ChatterBot Echo round 13
ChatterBot Hotel round 13
2024-10-14 17:36:32.215656 Papa: Whiskey, Golf, Lima and X-ray, sending you 2
2024-10-14 17:36:32.218684 Papa: Echo, sending you 1
2024-10-14 17:36:32.221942 Whiskey: Papa, X-ray and Echo, sending you 2
2024-10-14 17:36:32.222783 Lima: Papa, sending you 3
2024-10-14 17:36:32.223247 Foxtrot: Mike, sending you 13
2024-10-14 17:36:32.223581 Yankee: Mike, sending you 6
2024-10-14 17:36:32.225672 Mike: Same as last round
2024-10-14 17:36:32.226658 Yankee: Foxtrot, sending you 2
2024-10-14 17:36:32.227665 Whiskey: Golf, sending you 3
2024-10-14 17:36:32.228331 Lima: Whiskey and X-ray, sending you 4
2024-10-14 17:36:32.228688 Foxtrot: Yankee, sending you 5
2024-10-14 17:36:32.228947 Golf: Papa, sending you 2
2024-10-14 17:36:32.229679 X-ray: Papa, Whiskey and Echo, sending you 2
2024-10-14 17:36:32.230550 Yankee: Hotel, sending you 3
2024-10-14 17:36:32.231131 Whiskey: Lima, sending you 4
2024-10-14 17:36:32.232333 Lima: Golf, sending you 6
2024-10-14 17:36:32.232731 Golf: Whiskey and Echo, sending you 4
2024-10-14 17:36:32.233659 X-ray: Golf, sending you 1
2024-10-14 17:36:32.236659 Golf: Lima, sending you 8
2024-10-14 17:36:32.237060 X-ray: Lima, sending you 3
2024-10-14 17:36:32.238671 Echo: Papa and Lima, sending you 1
2024-10-14 17:36:32.241667 Hotel: Mike, sending you 4
2024-10-14 17:36:32.243827 Echo: Whiskey and X-ray, sending you 2
2024-10-14 17:36:32.246656 Hotel: Yankee and Foxtrot, sending you 3
2024-10-14 17:36:32.249677 Echo: Golf, sending you 3
2024-10-14 17:36:32.250445 Hotel: X-ray, sending you 2
chatterbot Foxtrot submitting transactions
chatterbot Lima submitting transactions
chatterbot Whiskey submitting transactions
chatterbot Yankee submitting transactions
chatterbot Golf submitting transactions
chatterbot Echo submitting transactions
chatterbot Papa submitting transactions
chatterbot X-ray submitting transactions
chatterbot Hotel submitting transactions
chatterbot Mike submitting transactions
ChatterBot Papa round 14
ChatterBot Whiskey round 14
ChatterBot Mike round 14
ChatterBot Golf round 14
ChatterBot Yankee round 14
ChatterBot Lima round 14
ChatterBot Foxtrot round 14
ChatterBot X-ray round 14
ChatterBot Echo round 14
ChatterBot Hotel round 14
2024-10-14 17:36:33.496774 Hotel: We should drop X-ray
2024-10-14 17:36:33.503149 Yankee: Yes
2024-10-14 17:36:33.503323 Mike: Yes
2024-10-14 17:36:33.503453 Foxtrot: Yes
2024-10-14 17:36:33.523120 X-ray: We should drop Echo
ChatterBot Lima reevaluating
2024-10-14 17:36:33.532252 Lima: No
2024-10-14 17:36:33.532405 Papa: No
2024-10-14 17:36:33.532516 Whiskey: No
2024-10-14 17:36:33.532625 Golf: No
ChatterBot X-ray reevaluating
ChatterBot Lima reevaluating
ChatterBot X-ray reevaluating
ChatterBot Lima reevaluating
ChatterBot X-ray reevaluating
ChatterBot Lima reevaluating
ChatterBot X-ray reevaluating
2024-10-14 17:36:33.570681 Mike: Same as last round
2024-10-14 17:36:33.571327 Foxtrot: Mike, sending you 12
2024-10-14 17:36:33.571685 Golf: Papa, sending you 2
2024-10-14 17:36:33.572302 Echo: Papa and Lima, sending you 1
2024-10-14 17:36:33.573456 Lima: We should replace Papa with Echo
ChatterBot X-ray reevaluating
2024-10-14 17:36:33.584102 Whiskey: No
2024-10-14 17:36:33.584255 Golf: No
2024-10-14 17:36:33.584374 X-ray: Yes
ChatterBot Lima reevaluating
ChatterBot X-ray reevaluating
ChatterBot Lima reevaluating
ChatterBot X-ray reevaluating
ChatterBot Lima reevaluating
2024-10-14 17:36:33.616924 Papa: Whiskey, Golf, Lima and X-ray, sending you 2
2024-10-14 17:36:33.618328 Yankee: Mike, sending you 6
2024-10-14 17:36:33.618948 Whiskey: Papa, X-ray and Echo, sending you 2
2024-10-14 17:36:33.619888 Golf: Whiskey and Echo, sending you 4
2024-10-14 17:36:33.620876 Foxtrot: Yankee, sending you 6
2024-10-14 17:36:33.621208 Echo: Whiskey and X-ray, sending you 2
2024-10-14 17:36:33.622123 Papa: Echo, sending you 1
2024-10-14 17:36:33.623208 Yankee: Foxtrot, sending you 2
2024-10-14 17:36:33.624665 Whiskey: Golf, sending you 3
2024-10-14 17:36:33.625790 Golf: Lima, sending you 8
2024-10-14 17:36:33.626739 Echo: Golf, sending you 3
2024-10-14 17:36:33.628480 Hotel: Mike, sending you 5
2024-10-14 17:36:33.629421 Lima: Echo we want you to join our group
2024-10-14 17:36:33.634514 Echo: Yes
ChatterBot Lima reevaluating
2024-10-14 17:36:33.649710 Yankee: Hotel, sending you 3
2024-10-14 17:36:33.650411 Whiskey: Lima, sending you 4
2024-10-14 17:36:33.651334 Hotel: Yankee, sending you 3
2024-10-14 17:36:33.655696 Hotel: Foxtrot, sending you 4
2024-10-14 17:36:33.656673 X-ray: Papa, Whiskey and Echo, sending you 2
2024-10-14 17:36:33.659682 X-ray: Golf, sending you 1
2024-10-14 17:36:33.663717 X-ray: Lima, sending you 3
2024-10-14 17:36:33.679713 Lima: Whiskey and X-ray, sending you 4
2024-10-14 17:36:33.682670 Lima: Golf, sending you 6
2024-10-14 17:36:33.686680 Lima: Echo, sending you 3
chatterbot Whiskey submitting transactions
chatterbot Golf submitting transactions
chatterbot Yankee submitting transactions
chatterbot X-ray submitting transactions
chatterbot Foxtrot submitting transactions
chatterbot Lima submitting transactions
chatterbot Hotel submitting transactions
chatterbot Mike submitting transactions
chatterbot Papa submitting transactions
chatterbot Echo submitting transactions
ChatterBot Papa round 15
ChatterBot Whiskey round 15
ChatterBot Mike round 15
ChatterBot Golf round 15
ChatterBot Yankee round 15
ChatterBot Lima round 15
ChatterBot Foxtrot round 15
ChatterBot X-ray round 15
ChatterBot Echo round 15
ChatterBot Hotel round 15
2024-10-14 17:36:34.699960 Lima: We should replace X-ray with Papa
2024-10-14 17:36:34.706501 Whiskey: No
2024-10-14 17:36:34.706678 Golf: Yes
2024-10-14 17:36:34.706814 Echo: No
ChatterBot Lima reevaluating
ChatterBot Lima reevaluating
ChatterBot Lima reevaluating
2024-10-14 17:36:34.738768 Hotel: We should add Echo
2024-10-14 17:36:34.744577 Yankee: No
2024-10-14 17:36:34.744737 Mike: No
2024-10-14 17:36:34.744874 Foxtrot: No
ChatterBot Hotel reevaluating
ChatterBot Hotel reevaluating
ChatterBot Hotel reevaluating
2024-10-14 17:36:34.766682 Whiskey: Papa, X-ray and Echo, sending you 2
2024-10-14 17:36:34.767697 Papa: Whiskey, Golf, Lima and X-ray, sending you 2
2024-10-14 17:36:34.770694 Whiskey: Golf, sending you 3
