ChatterBot Kilo round 1
ChatterBot November round 1
ChatterBot Hotel round 1
ChatterBot Charlie round 1
ChatterBot Bravo round 1
ChatterBot Foxtrot round 1
ChatterBot X-ray round 1
ChatterBot Tango round 1
ChatterBot Quebec round 1
ChatterBot Sierra round 1
randomSelections Quebec: {Quebec, Bravo, Charlie, X-ray, Sierra} 
2024-10-14 17:36:16.389361 Quebec: Can we be friends?
ChatterBot Bravo reevaluating
ChatterBot Charlie reevaluating
ChatterBot X-ray reevaluating
ChatterBot Sierra reevaluating
2024-10-14 17:36:16.439015 Bravo: Yes
2024-10-14 17:36:16.439198 Charlie: Yes
2024-10-14 17:36:16.439903 X-ray: Yes
2024-10-14 17:36:16.440034 Sierra: Yes
ChatterBot Charlie reevaluating
ChatterBot X-ray reevaluating
ChatterBot Sierra reevaluating
ChatterBot Bravo reevaluating
ChatterBot X-ray reevaluating
ChatterBot Sierra reevaluating
ChatterBot Bravo reevaluating
ChatterBot Charlie reevaluating
ChatterBot Sierra reevaluating
ChatterBot Bravo reevaluating
ChatterBot Charlie reevaluating
ChatterBot X-ray reevaluating
randomSelections Kilo: {Kilo, Bravo, Foxtrot, Quebec, Hotel, Sierra, Charlie} 
2024-10-14 17:36:16.482638 Kilo: We should group up
ChatterBot Bravo reevaluating
ChatterBot Foxtrot reevaluating
ChatterBot Hotel reevaluating
ChatterBot Sierra reevaluating
ChatterBot Charlie reevaluating
2024-10-14 17:36:16.497197 Bravo: No
2024-10-14 17:36:16.498265 Foxtrot: Yes
2024-10-14 17:36:16.498580 Quebec: No
2024-10-14 17:36:16.499052 Hotel: Yes
2024-10-14 17:36:16.499289 Sierra: No
2024-10-14 17:36:16.499683 Charlie: No
ChatterBot Foxtrot reevaluating
ChatterBot Hotel reevaluating
ChatterBot Sierra reevaluating
ChatterBot Charlie reevaluating
ChatterBot Bravo reevaluating
ChatterBot Hotel reevaluating
ChatterBot Sierra reevaluating
ChatterBot Charlie reevaluating
ChatterBot Bravo reevaluating
ChatterBot Foxtrot reevaluating
ChatterBot Hotel reevaluating
ChatterBot Sierra reevaluating
ChatterBot Charlie reevaluating
ChatterBot Bravo reevaluating
ChatterBot Foxtrot reevaluating
ChatterBot Sierra reevaluating
ChatterBot Charlie reevaluating
ChatterBot Bravo reevaluating
ChatterBot Foxtrot reevaluating
ChatterBot Hotel reevaluating
ChatterBot Charlie reevaluating
ChatterBot Bravo reevaluating
ChatterBot Foxtrot reevaluating
ChatterBot Hotel reevaluating
ChatterBot Sierra reevaluating
randomSelections November: {November, Hotel, Bravo, Kilo, Quebec, Foxtrot, Sierra} 
2024-10-14 17:36:16.586450 November: Group up?
ChatterBot Hotel reevaluating
ChatterBot Bravo reevaluating
ChatterBot Foxtrot reevaluating
ChatterBot Sierra reevaluating
2024-10-14 17:36:16.602334 Hotel: No
2024-10-14 17:36:16.602489 Bravo: No
2024-10-14 17:36:16.602731 Kilo: No
2024-10-14 17:36:16.603048 Quebec: No
2024-10-14 17:36:16.603457 Foxtrot: No
2024-10-14 17:36:16.604399 Sierra: No
ChatterBot Bravo reevaluating
ChatterBot Foxtrot reevaluating
ChatterBot Sierra reevaluating
ChatterBot Hotel reevaluating
ChatterBot Foxtrot reevaluating
ChatterBot Sierra reevaluating
ChatterBot Hotel reevaluating
ChatterBot Bravo reevaluating
ChatterBot Foxtrot reevaluating
ChatterBot Sierra reevaluating
ChatterBot Hotel reevaluating
ChatterBot Bravo reevaluating
ChatterBot Foxtrot reevaluating
ChatterBot Sierra reevaluating
ChatterBot Hotel reevaluating
ChatterBot Bravo reevaluating
ChatterBot Sierra reevaluating
ChatterBot Hotel reevaluating
ChatterBot Bravo reevaluating
ChatterBot Foxtrot reevaluating
randomSelections Tango: {Tango, Charlie, Hotel, November} 
2024-10-14 17:36:16.655561 Tango: Group up?
ChatterBot Charlie reevaluating
ChatterBot Hotel reevaluating
2024-10-14 17:36:16.658556 Charlie: No
2024-10-14 17:36:16.658661 Hotel: No
2024-10-14 17:36:16.659249 November: No
ChatterBot Hotel reevaluating
ChatterBot Charlie reevaluating
ChatterBot Charlie reevaluating
ChatterBot Hotel reevaluating
2024-10-14 17:36:16.688018 X-ray: Charlie, sending you 4
2024-10-14 17:36:16.688739 Tango: November, sending you 3
2024-10-14 17:36:16.689103 Charlie: Bravo, sending you 1
2024-10-14 17:36:16.691682 Foxtrot: Kilo and Quebec, sending you 3
2024-10-14 17:36:16.692137 X-ray: Bravo, sending you 1
2024-10-14 17:36:16.692720 Bravo: Charlie, sending you 6
2024-10-14 17:36:16.692998 Tango: Hotel, sending you 9
2024-10-14 17:36:16.693209 Kilo: Bravo and Quebec, sending you 3
2024-10-14 17:36:16.693862 November: Hotel, Bravo, Foxtrot and Sierra, sending you 2
2024-10-14 17:36:16.694145 Charlie: X-ray and Sierra, sending you 3
2024-10-14 17:36:16.695676 Sierra: Charlie and X-ray, sending you 4
2024-10-14 17:36:16.695945 Foxtrot: Hotel and Charlie, sending you 4
2024-10-14 17:36:16.696205 X-ray: Quebec, sending you 3
2024-10-14 17:36:16.697164 Bravo: X-ray, sending you 2
2024-10-14 17:36:16.697415 Tango: Charlie, sending you 5
2024-10-14 17:36:16.697643 Kilo: Foxtrot, sending you 2
2024-10-14 17:36:16.697893 Charlie: Quebec, sending you 4
2024-10-14 17:36:16.698154 Quebec: Charlie and Bravo, sending you 4
2024-10-14 17:36:16.698679 November: Quebec, sending you 1
2024-10-14 17:36:16.699713 Foxtrot: Bravo, sending you 1
2024-10-14 17:36:16.700013 X-ray: Sierra, sending you 2
2024-10-14 17:36:16.700731 Sierra: Bravo, sending you 6
2024-10-14 17:36:16.701130 Kilo: Sierra, sending you 1
2024-10-14 17:36:16.701405 Quebec: X-ray, sending you 3
2024-10-14 17:36:16.701713 Bravo: Quebec and Sierra, sending you 3
2024-10-14 17:36:16.702699 Foxtrot: Sierra, sending you 2
2024-10-14 17:36:16.705710 Hotel: Kilo and Sierra, sending you 1
2024-10-14 17:36:16.706131 Sierra: Quebec, sending you 2
2024-10-14 17:36:16.709690 Hotel: Charlie, sending you 2
2024-10-14 17:36:16.712685 Hotel: Foxtrot, sending you 3
2024-10-14 17:36:16.715672 Hotel: Quebec, sending you 4
chatterbot Tango submitting transactions
chatterbot Hotel submitting transactions
chatterbot Kilo submitting transactions
chatterbot Charlie submitting transactions
chatterbot Foxtrot submitting transactions
chatterbot November submitting transactions
chatterbot Quebec submitting transactions
chatterbot Sierra submitting transactions
chatterbot Bravo submitting transactions
chatterbot X-ray submitting transactions
ChatterBot Kilo round 2
2024-10-14 17:36:17.885004 Kilo: Group up?
ChatterBot November reevaluating
ChatterBot Hotel reevaluating
ChatterBot Foxtrot reevaluating
2024-10-14 17:36:17.923001 November: No
2024-10-14 17:36:17.923235 Hotel: No
2024-10-14 17:36:17.923367 Foxtrot: No
ChatterBot Hotel reevaluating
ChatterBot Foxtrot reevaluating
ChatterBot Kilo reevaluating
ChatterBot November reevaluating
ChatterBot Foxtrot reevaluating
ChatterBot Kilo reevaluating
ChatterBot November reevaluating
ChatterBot Hotel reevaluating
2024-10-14 17:36:18.001471 Hotel: Friends?
ChatterBot Foxtrot reevaluating
2024-10-14 17:36:18.014211 Foxtrot: No
ChatterBot Hotel reevaluating
ChatterBot November round 2
ChatterBot Hotel round 2
ChatterBot Charlie round 2
ChatterBot Bravo round 2
ChatterBot Foxtrot round 2
ChatterBot X-ray round 2
ChatterBot Tango round 2
ChatterBot Quebec round 2
ChatterBot Sierra round 2
2024-10-14 17:36:18.048004 Tango: Group up?
ChatterBot Kilo reevaluating
ChatterBot Hotel reevaluating
ChatterBot Foxtrot reevaluating
2024-10-14 17:36:18.058376 Kilo: Yes
2024-10-14 17:36:18.058559 Hotel: Yes
2024-10-14 17:36:18.058732 Foxtrot: Yes
ChatterBot Hotel reevaluating
ChatterBot Foxtrot reevaluating
ChatterBot Kilo reevaluating
ChatterBot Foxtrot reevaluating
ChatterBot Kilo reevaluating
ChatterBot Hotel reevaluating
2024-10-14 17:36:18.087273 Hotel: Can we be friends?
ChatterBot Kilo reevaluating
ChatterBot November reevaluating
ChatterBot Foxtrot reevaluating
2024-10-14 17:36:18.100480 Kilo: Yes
2024-10-14 17:36:18.100650 November: Yes
2024-10-14 17:36:18.100818 Foxtrot: Yes
2024-10-14 17:36:18.100927 Tango: No
ChatterBot Hotel reevaluating
ChatterBot November reevaluating
ChatterBot Foxtrot reevaluating
ChatterBot Hotel reevaluating
ChatterBot Kilo reevaluating
ChatterBot Foxtrot reevaluating
ChatterBot Hotel reevaluating
ChatterBot Kilo reevaluating
ChatterBot November reevaluating
ChatterBot Hotel reevaluating
ChatterBot Kilo reevaluating
ChatterBot November reevaluating
ChatterBot Foxtrot reevaluating
2024-10-14 17:36:18.156669 November: Group up?
ChatterBot Hotel reevaluating
ChatterBot Kilo reevaluating
ChatterBot Foxtrot reevaluating
2024-10-14 17:36:18.180755 Hotel: Yes
2024-10-14 17:36:18.180973 Kilo: Yes
2024-10-14 17:36:18.181173 Foxtrot: Yes
2024-10-14 17:36:18.181738 Tango: No
ChatterBot Kilo reevaluating
ChatterBot November reevaluating
ChatterBot Foxtrot reevaluating
ChatterBot Hotel reevaluating
ChatterBot November reevaluating
ChatterBot Foxtrot reevaluating
ChatterBot Hotel reevaluating
ChatterBot Kilo reevaluating
ChatterBot November reevaluating
ChatterBot Hotel reevaluating
ChatterBot Kilo reevaluating
ChatterBot November reevaluating
ChatterBot Foxtrot reevaluating
2024-10-14 17:36:18.352666 Charlie: Bravo, sending you 5
2024-10-14 17:36:18.353202 Foxtrot: Kilo and November, sending you 5
2024-10-14 17:36:18.353552 Quebec: Charlie, Bravo and X-ray, sending you 3
2024-10-14 17:36:18.353934 November: Kilo and Hotel, sending you 1
2024-10-14 17:36:18.355560 Hotel: November, sending you 2
2024-10-14 17:36:18.355917 Bravo: Charlie, sending you 3
2024-10-14 17:36:18.356281 X-ray: Charlie, Quebec and Sierra, sending you 3
2024-10-14 17:36:18.359224 Tango: Kilo and Hotel, sending you 6
2024-10-14 17:36:18.359681 Kilo: November, sending you 1
2024-10-14 17:36:18.360158 Foxtrot: Hotel, sending you 7
2024-10-14 17:36:18.361578 Quebec: Sierra, sending you 2
2024-10-14 17:36:18.361920 Charlie: X-ray, Quebec and Sierra, sending you 3
2024-10-14 17:36:18.362318 Hotel: Foxtrot, sending you 3
2024-10-14 17:36:18.364120 Bravo: X-ray, sending you 2
2024-10-14 17:36:18.364536 November: Tango, sending you 7
2024-10-14 17:36:18.364959 X-ray: Bravo, sending you 1
2024-10-14 17:36:18.365406 Kilo: Hotel, sending you 2
2024-10-14 17:36:18.370768 Tango: Foxtrot, sending you 5
2024-10-14 17:36:18.371275 Sierra: Charlie and Bravo, sending you 5
2024-10-14 17:36:18.371715 Hotel: Tango, sending you 6
2024-10-14 17:36:18.373593 Bravo: Quebec, sending you 4
2024-10-14 17:36:18.374081 Kilo: Foxtrot, sending you 6
2024-10-14 17:36:18.442606 Sierra: X-ray, sending you 4
2024-10-14 17:36:18.443299 Bravo: Sierra, sending you 5
2024-10-14 17:36:18.465014 Sierra: Quebec, sending you 2
chatterbot Quebec submitting transactions
chatterbot Foxtrot submitting transactions
chatterbot Charlie submitting transactions
chatterbot Bravo submitting transactions
chatterbot Tango submitting transactions
chatterbot Sierra submitting transactions
chatterbot X-ray submitting transactions
chatterbot Hotel submitting transactions
chatterbot Kilo submitting transactions
chatterbot November submitting transactions
ChatterBot Kilo round 3
ChatterBot November round 3
ChatterBot Hotel round 3
ChatterBot Charlie round 3
ChatterBot Bravo round 3
ChatterBot Foxtrot round 3
ChatterBot X-ray round 3
ChatterBot Tango round 3
ChatterBot Quebec round 3
ChatterBot Sierra round 3
2024-10-14 17:36:19.662891 Hotel: We should add Quebec
ChatterBot Tango reevaluating
2024-10-14 17:36:19.678239 Kilo: No
2024-10-14 17:36:19.678470 November: No
2024-10-14 17:36:19.679217 Foxtrot: No
2024-10-14 17:36:19.679393 Tango: No
ChatterBot Hotel reevaluating
ChatterBot Tango reevaluating
ChatterBot Hotel reevaluating
ChatterBot Tango reevaluating
ChatterBot Hotel reevaluating
ChatterBot Tango reevaluating
ChatterBot Hotel reevaluating
2024-10-14 17:36:19.768828 Tango: We should add November
ChatterBot Hotel reevaluating
2024-10-14 17:36:19.786535 Kilo: Yes
2024-10-14 17:36:19.786797 Hotel: Yes
2024-10-14 17:36:19.787101 Foxtrot: Yes
ChatterBot Tango reevaluating
ChatterBot Hotel reevaluating
ChatterBot Tango reevaluating
ChatterBot Tango reevaluating
ChatterBot Hotel reevaluating
2024-10-14 17:36:19.867520 Kilo: November and Hotel, sending you 1
2024-10-14 17:36:19.896453 Tango: November we want you to join our group
2024-10-14 17:36:19.905071 November: Yes
2024-10-14 17:36:19.928633 Kilo: Foxtrot, sending you 4
2024-10-14 17:36:19.929787 Charlie: Bravo, Quebec and Sierra, sending you 4
2024-10-14 17:36:19.933003 Bravo: Charlie, Quebec and Sierra, sending you 4
2024-10-14 17:36:19.933420 Quebec: Charlie, Bravo and X-ray, sending you 3
2024-10-14 17:36:19.933975 Foxtrot: Kilo, sending you 6
2024-10-14 17:36:19.935003 Sierra: Charlie and X-ray, sending you 4
2024-10-14 17:36:19.935500 Kilo: Tango, sending you 3
2024-10-14 17:36:19.936028 X-ray: Charlie, Quebec and Sierra, sending you 3
2024-10-14 17:36:19.936824 Charlie: X-ray, sending you 3
2024-10-14 17:36:19.937185 November: Kilo, sending you 1
2024-10-14 17:36:19.937558 Hotel: Kilo and November, sending you 1
2024-10-14 17:36:19.938364 Bravo: X-ray, sending you 2
2024-10-14 17:36:19.938784 Quebec: Sierra, sending you 2
2024-10-14 17:36:19.939275 Foxtrot: November, sending you 2
2024-10-14 17:36:19.939734 Sierra: Bravo, sending you 5
2024-10-14 17:36:19.940736 November: Hotel and Tango, sending you 2
2024-10-14 17:36:19.941907 X-ray: Bravo, sending you 1
2024-10-14 17:36:19.942224 Hotel: Foxtrot, sending you 4
2024-10-14 17:36:19.943675 Foxtrot: Hotel, sending you 5
2024-10-14 17:36:19.944101 Sierra: Quebec, sending you 3
2024-10-14 17:36:19.944544 November: Foxtrot, sending you 4
2024-10-14 17:36:19.945248 Hotel: Tango, sending you 5
2024-10-14 17:36:19.945677 Tango: Kilo and Foxtrot, sending you 2
2024-10-14 17:36:19.946887 Foxtrot: Tango, sending you 4
2024-10-14 17:36:19.948681 Tango: November, sending you 7
2024-10-14 17:36:19.953665 Tango: Hotel, sending you 6
chatterbot November submitting transactions
chatterbot X-ray submitting transactions
chatterbot Kilo submitting transactions
chatterbot Foxtrot submitting transactions
chatterbot Bravo submitting transactions
chatterbot Charlie submitting transactions
chatterbot Quebec submitting transactions
chatterbot Tango submitting transactions
chatterbot Sierra submitting transactions
chatterbot Hotel submitting transactions
ChatterBot Kilo round 4
ChatterBot November round 4
ChatterBot Hotel round 4
ChatterBot Charlie round 4
ChatterBot Bravo round 4
ChatterBot Foxtrot round 4
ChatterBot X-ray round 4
ChatterBot Tango round 4
ChatterBot Quebec round 4
ChatterBot Sierra round 4
2024-10-14 17:36:21.109669 Charlie: Sending you each 4
2024-10-14 17:36:21.110477 Hotel: Kilo, sending you 1
2024-10-14 17:36:21.110970 November: Kilo, sending you 1
2024-10-14 17:36:21.114134 Hotel: November, sending you 2
2024-10-14 17:36:21.114767 November: Hotel, sending you 2
2024-10-14 17:36:21.118678 November: Foxtrot and Tango, sending you 3
2024-10-14 17:36:21.119873 Hotel: Foxtrot and Tango, sending you 4
2024-10-14 17:36:21.120333 Foxtrot: Kilo, sending you 6
2024-10-14 17:36:21.122669 Tango: Kilo, sending you 2
2024-10-14 17:36:21.123020 Quebec: Charlie, Bravo and X-ray, sending you 3
2024-10-14 17:36:21.124674 X-ray: Charlie, Quebec and Sierra, sending you 3
2024-10-14 17:36:21.125688 Foxtrot: November and Tango, sending you 3
2024-10-14 17:36:21.126120 Quebec: Sierra, sending you 2
2024-10-14 17:36:21.126895 Kilo: November and Hotel, sending you 1
2024-10-14 17:36:21.127323 Tango: November, sending you 5
2024-10-14 17:36:21.127765 Bravo: Charlie, Quebec and Sierra, sending you 4
2024-10-14 17:36:21.128189 X-ray: Bravo, sending you 1
2024-10-14 17:36:21.129062 Foxtrot: Hotel, sending you 5
2024-10-14 17:36:21.130680 Bravo: X-ray, sending you 2
2024-10-14 17:36:21.131657 Kilo: Foxtrot, sending you 5
2024-10-14 17:36:21.132155 Tango: Hotel, sending you 6
2024-10-14 17:36:21.135682 Tango: Foxtrot, sending you 4
2024-10-14 17:36:21.136751 Kilo: Tango, sending you 2
2024-10-14 17:36:21.137187 Sierra: Charlie and X-ray, sending you 4
2024-10-14 17:36:21.140676 Sierra: Bravo, sending you 5
2024-10-14 17:36:21.145678 Sierra: Quebec, sending you 3
chatterbot Hotel submitting transactions
chatterbot Foxtrot submitting transactions
chatterbot November submitting transactions
chatterbot Tango submitting transactions
chatterbot X-ray submitting transactions
chatterbot Sierra submitting transactions
chatterbot Kilo submitting transactions
chatterbot Charlie submitting transactions
chatterbot Bravo submitting transactions
chatterbot Quebec submitting transactions
ChatterBot Kilo round 5
ChatterBot November round 5
ChatterBot Hotel round 5
ChatterBot Charlie round 5
ChatterBot Bravo round 5
ChatterBot Foxtrot round 5
ChatterBot X-ray round 5
ChatterBot Tango round 5
ChatterBot Quebec round 5
ChatterBot Sierra round 5
2024-10-14 17:36:22.381681 Hotel: Kilo, sending you 1
2024-10-14 17:36:22.384696 Hotel: November, sending you 2
2024-10-14 17:36:22.386710 Bravo: Charlie, Quebec and Sierra, sending you 4
2024-10-14 17:36:22.387658 Charlie: Bravo, sending you 5
2024-10-14 17:36:22.389734 Hotel: Foxtrot and Tango, sending you 4
2024-10-14 17:36:22.390658 X-ray: Charlie, Quebec and Sierra, sending you 3
2024-10-14 17:36:22.391029 Bravo: X-ray, sending you 2
2024-10-14 17:36:22.391687 Charlie: X-ray, Quebec and Sierra, sending you 4
2024-10-14 17:36:22.392688 Sierra: Charlie and X-ray, sending you 4
2024-10-14 17:36:22.394699 X-ray: Bravo, sending you 1
2024-10-14 17:36:22.397669 November: Kilo, sending you 1
2024-10-14 17:36:22.398056 Sierra: Bravo, sending you 5
2024-10-14 17:36:22.399007 Kilo: November and Hotel, sending you 1
2024-10-14 17:36:22.399436 Foxtrot: Kilo, sending you 6
2024-10-14 17:36:22.399829 Tango: Kilo, sending you 3
2024-10-14 17:36:22.401670 November: Hotel, sending you 2
2024-10-14 17:36:22.402060 Sierra: Quebec, sending you 3
2024-10-14 17:36:22.402844 Kilo: Foxtrot, sending you 5
2024-10-14 17:36:22.403230 Quebec: Charlie, Bravo and X-ray, sending you 3
2024-10-14 17:36:22.403660 Foxtrot: November and Tango, sending you 3
2024-10-14 17:36:22.404675 Tango: November and Foxtrot, sending you 4
2024-10-14 17:36:22.405665 November: Foxtrot and Tango, sending you 3
2024-10-14 17:36:22.406535 Quebec: Sierra, sending you 2
2024-10-14 17:36:22.406936 Kilo: Tango, sending you 2
2024-10-14 17:36:22.408665 Foxtrot: Hotel, sending you 5
2024-10-14 17:36:22.409066 Tango: Hotel, sending you 6
chatterbot Hotel submitting transactions
chatterbot Sierra submitting transactions
chatterbot Tango submitting transactions
chatterbot Quebec submitting transactions
chatterbot X-ray submitting transactions
chatterbot Kilo submitting transactions
chatterbot November submitting transactions
chatterbot Foxtrot submitting transactions
chatterbot Bravo submitting transactions
chatterbot Charlie submitting transactions
ChatterBot Kilo round 6
ChatterBot November round 6
ChatterBot Hotel round 6
ChatterBot Charlie round 6
ChatterBot Bravo round 6
ChatterBot Foxtrot round 6
ChatterBot X-ray round 6
ChatterBot Tango round 6
ChatterBot Quebec round 6
ChatterBot Sierra round 6
2024-10-14 17:36:23.584674 Tango: Kilo, sending you 3
2024-10-14 17:36:23.588928 Tango: November and Foxtrot, sending you 4
2024-10-14 17:36:23.589680 November: Kilo, sending you 1
2024-10-14 17:36:23.591677 Kilo: November and Hotel, sending you 1
2024-10-14 17:36:23.592363 Bravo: Charlie, Quebec and Sierra, sending you 4
2024-10-14 17:36:23.592833 Hotel: Kilo, sending you 1
2024-10-14 17:36:23.593326 X-ray: Charlie, Quebec and Sierra, sending you 3
2024-10-14 17:36:23.594207 November: Hotel, sending you 2
2024-10-14 17:36:23.594581 Sierra: Charlie, sending you 5
2024-10-14 17:36:23.594949 Tango: Hotel, sending you 6
2024-10-14 17:36:23.595681 Foxtrot: Kilo, sending you 6
2024-10-14 17:36:23.596564 Bravo: X-ray, sending you 2
2024-10-14 17:36:23.597031 Kilo: Foxtrot, sending you 5
2024-10-14 17:36:23.597547 X-ray: Bravo, sending you 1
2024-10-14 17:36:23.597948 November: Foxtrot and Tango, sending you 3
2024-10-14 17:36:23.598778 Hotel: November, sending you 2
2024-10-14 17:36:23.599168 Charlie: Bravo, sending you 5
2024-10-14 17:36:23.599562 Sierra: Bravo and X-ray, sending you 4
2024-10-14 17:36:23.599937 Foxtrot: November and Tango, sending you 3
2024-10-14 17:36:23.600669 Kilo: Tango, sending you 2
2024-10-14 17:36:23.601688 Hotel: Foxtrot and Tango, sending you 4
2024-10-14 17:36:23.602676 Charlie: X-ray, Quebec and Sierra, sending you 4
2024-10-14 17:36:23.603174 Sierra: Quebec, sending you 3
2024-10-14 17:36:23.604689 Foxtrot: Hotel, sending you 5
2024-10-14 17:36:23.605233 Quebec: Charlie, Bravo and X-ray, sending you 3
2024-10-14 17:36:23.608678 Quebec: Sierra, sending you 2
chatterbot X-ray submitting transactions
chatterbot Hotel submitting transactions
chatterbot Bravo submitting transactions
chatterbot Foxtrot submitting transactions
chatterbot Kilo submitting transactions
chatterbot November submitting transactions
chatterbot Charlie submitting transactions
chatterbot Quebec submitting transactions
chatterbot Tango submitting transactions
chatterbot Sierra submitting transactions
ChatterBot Kilo round 7
ChatterBot November round 7
ChatterBot Hotel round 7
ChatterBot Charlie round 7
ChatterBot Bravo round 7
ChatterBot Foxtrot round 7
ChatterBot X-ray round 7
ChatterBot Tango round 7
ChatterBot Quebec round 7
ChatterBot Sierra round 7
2024-10-14 17:36:24.873784 Bravo: Charlie, Quebec and Sierra, sending you 4
2024-10-14 17:36:24.874675 Charlie: Bravo, sending you 5
2024-10-14 17:36:24.876696 Foxtrot: Kilo and Hotel, sending you 5
2024-10-14 17:36:24.877952 X-ray: Charlie, Quebec and Sierra, sending you 3
2024-10-14 17:36:24.879003 Bravo: X-ray, sending you 2
2024-10-14 17:36:24.881137 Charlie: X-ray, Quebec and Sierra, sending you 4
2024-10-14 17:36:24.882277 Quebec: Charlie, Bravo and X-ray, sending you 3
2024-10-14 17:36:24.883164 Tango: Kilo, November and Foxtrot, sending you 4
2024-10-14 17:36:24.884218 November: Kilo, sending you 1
2024-10-14 17:36:24.886776 Kilo: November and Hotel, sending you 1
2024-10-14 17:36:24.887868 Foxtrot: November, sending you 3
2024-10-14 17:36:24.888811 X-ray: Bravo, sending you 1
2024-10-14 17:36:24.889809 Tango: Hotel, sending you 5
2024-10-14 17:36:24.890742 Quebec: Sierra, sending you 2
2024-10-14 17:36:24.894064 November: Hotel, sending you 2
2024-10-14 17:36:24.896577 Kilo: Foxtrot, sending you 5
2024-10-14 17:36:24.899082 Foxtrot: Tango, sending you 4
2024-10-14 17:36:24.900420 Hotel: Kilo, sending you 1
2024-10-14 17:36:24.901754 Sierra: Charlie and X-ray, sending you 4
2024-10-14 17:36:24.903884 November: Foxtrot and Tango, sending you 3
2024-10-14 17:36:24.905198 Kilo: Tango, sending you 2
2024-10-14 17:36:24.906320 Hotel: November, sending you 2
2024-10-14 17:36:24.908934 Sierra: Bravo, sending you 5
2024-10-14 17:36:24.913707 Hotel: Foxtrot and Tango, sending you 4
2024-10-14 17:36:24.914889 Sierra: Quebec, sending you 3
chatterbot Charlie submitting transactions
chatterbot Sierra submitting transactions
chatterbot Tango submitting transactions
chatterbot Foxtrot submitting transactions
chatterbot November submitting transactions
chatterbot Quebec submitting transactions
chatterbot Kilo submitting transactions
chatterbot Hotel submitting transactions
chatterbot Bravo submitting transactions
chatterbot X-ray submitting transactions
ChatterBot Kilo round 8
ChatterBot November round 8
ChatterBot Hotel round 8
ChatterBot Charlie round 8
ChatterBot Bravo round 8
ChatterBot Foxtrot round 8
ChatterBot X-ray round 8
ChatterBot Tango round 8
ChatterBot Quebec round 8
ChatterBot Sierra round 8
2024-10-14 17:36:26.025664 Bravo: Charlie, Quebec and Sierra, sending you 4
2024-10-14 17:36:26.026727 Hotel: Kilo, sending you 1
2024-10-14 17:36:26.029107 Bravo: X-ray, sending you 2
2024-10-14 17:36:26.030669 Hotel: November, sending you 2
2024-10-14 17:36:26.031663 Kilo: November and Hotel, sending you 1
2024-10-14 17:36:26.033684 November: Kilo, sending you 1
2024-10-14 17:36:26.034901 Hotel: Foxtrot and Tango, sending you 4
2024-10-14 17:36:26.035679 Kilo: Foxtrot, sending you 5
2024-10-14 17:36:26.037737 November: Hotel, sending you 2
2024-10-14 17:36:26.038541 Foxtrot: Kilo and Hotel, sending you 5
2024-10-14 17:36:26.040033 Kilo: Tango, sending you 2
2024-10-14 17:36:26.040679 November: Foxtrot and Tango, sending you 3
2024-10-14 17:36:26.041663 Quebec: Charlie, Bravo and X-ray, sending you 3
2024-10-14 17:36:26.042076 Foxtrot: November, sending you 3
2024-10-14 17:36:26.042699 Tango: Kilo, November and Foxtrot, sending you 4
2024-10-14 17:36:26.043210 Charlie: Bravo, sending you 5
2024-10-14 17:36:26.043605 X-ray: Charlie, Quebec and Sierra, sending you 3
2024-10-14 17:36:26.045725 Quebec: Sierra, sending you 2
2024-10-14 17:36:26.046103 Charlie: X-ray, Quebec and Sierra, sending you 4
2024-10-14 17:36:26.046673 Foxtrot: Tango, sending you 4
2024-10-14 17:36:26.047180 Tango: Hotel, sending you 5
2024-10-14 17:36:26.048684 X-ray: Bravo, sending you 1
2024-10-14 17:36:26.051665 Sierra: Charlie and X-ray, sending you 4
2024-10-14 17:36:26.054684 Sierra: Bravo, sending you 5
2024-10-14 17:36:26.058683 Sierra: Quebec, sending you 3
chatterbot Foxtrot submitting transactions
chatterbot November submitting transactions
chatterbot Charlie submitting transactions
chatterbot Sierra submitting transactions
chatterbot Kilo submitting transactions
chatterbot Tango submitting transactions
chatterbot Hotel submitting transactions
chatterbot Quebec submitting transactions
chatterbot Bravo submitting transactions
chatterbot X-ray submitting transactions
ChatterBot Kilo round 9
ChatterBot November round 9
ChatterBot Hotel round 9
ChatterBot Charlie round 9
ChatterBot Bravo round 9
ChatterBot Foxtrot round 9
ChatterBot X-ray round 9
ChatterBot Tango round 9
ChatterBot Quebec round 9
ChatterBot Sierra round 9
2024-10-14 17:36:27.117679 Kilo: November and Hotel, sending you 1
2024-10-14 17:36:27.120705 Kilo: Foxtrot, sending you 5
2024-10-14 17:36:27.123703 Kilo: Tango, sending you 2
2024-10-14 17:36:27.124944 Foxtrot: Kilo and Hotel, sending you 5
2024-10-14 17:36:27.125920 X-ray: Charlie, Quebec and Sierra, sending you 3
2024-10-14 17:36:27.126760 November: Kilo, sending you 1
2024-10-14 17:36:27.128149 Charlie: Bravo, sending you 5
2024-10-14 17:36:27.128878 Sierra: Charlie and X-ray, sending you 4
2024-10-14 17:36:27.129573 Foxtrot: November, sending you 3
2024-10-14 17:36:27.130344 Quebec: Charlie, Bravo and X-ray, sending you 3
2024-10-14 17:36:27.131675 X-ray: Bravo, sending you 1
2024-10-14 17:36:27.132352 November: Hotel, sending you 2
2024-10-14 17:36:27.132945 Sierra: Bravo, sending you 5
2024-10-14 17:36:27.133398 Charlie: X-ray, Quebec and Sierra, sending you 4
2024-10-14 17:36:27.133859 Foxtrot: Tango, sending you 4
2024-10-14 17:36:27.134690 Quebec: Sierra, sending you 2
2024-10-14 17:36:27.135797 Tango: Kilo, November and Foxtrot, sending you 4
2024-10-14 17:36:27.136481 Hotel: Kilo, sending you 1
2024-10-14 17:36:27.137003 Bravo: Charlie, Quebec and Sierra, sending you 4
2024-10-14 17:36:27.137511 November: Foxtrot and Tango, sending you 3
2024-10-14 17:36:27.138068 Sierra: Quebec, sending you 3
2024-10-14 17:36:27.138673 Tango: Hotel, sending you 5
2024-10-14 17:36:27.139699 Hotel: November, sending you 2
2024-10-14 17:36:27.140690 Bravo: X-ray, sending you 2
2024-10-14 17:36:27.142671 Hotel: Foxtrot and Tango, sending you 4
chatterbot Foxtrot submitting transactions
chatterbot November submitting transactions
chatterbot Hotel submitting transactions
chatterbot Charlie submitting transactions
chatterbot Tango submitting transactions
chatterbot Kilo submitting transactions
chatterbot Quebec submitting transactions
chatterbot Bravo submitting transactions
chatterbot Sierra submitting transactions
chatterbot X-ray submitting transactions
ChatterBot Kilo round 10
ChatterBot November round 10
ChatterBot Hotel round 10
ChatterBot Charlie round 10
ChatterBot Bravo round 10
ChatterBot Foxtrot round 10
ChatterBot X-ray round 10
ChatterBot Tango round 10
ChatterBot Quebec round 10
ChatterBot Sierra round 10
2024-10-14 17:36:28.032673 Bravo: Charlie, Quebec and Sierra, sending you 4
2024-10-14 17:36:28.037675 Bravo: X-ray, sending you 2
2024-10-14 17:36:28.038682 X-ray: Charlie, Quebec and Sierra, sending you 3
2024-10-14 17:36:28.039333 Kilo: November and Hotel, sending you 1
2024-10-14 17:36:28.040679 Charlie: Bravo, sending you 5
2024-10-14 17:36:28.042700 Foxtrot: Kilo and Hotel, sending you 5
2024-10-14 17:36:28.043675 Tango: Kilo, November and Foxtrot, sending you 4
2024-10-14 17:36:28.044810 X-ray: Bravo, sending you 1
2024-10-14 17:36:28.045558 Kilo: Foxtrot, sending you 4
2024-10-14 17:36:28.046460 November: Kilo, sending you 1
2024-10-14 17:36:28.047439 Hotel: Kilo, sending you 1
2024-10-14 17:36:28.048381 Charlie: X-ray, Quebec and Sierra, sending you 4
2024-10-14 17:36:28.049025 Sierra: Charlie and X-ray, sending you 4
2024-10-14 17:36:28.049693 Foxtrot: November, sending you 3
2024-10-14 17:36:28.051210 Tango: Hotel, sending you 5
2024-10-14 17:36:28.051830 Kilo: Tango, sending you 3
2024-10-14 17:36:28.052357 November: Hotel, sending you 2
2024-10-14 17:36:28.053389 Hotel: November, sending you 2
2024-10-14 17:36:28.054180 Foxtrot: Tango, sending you 4
2024-10-14 17:36:28.055264 Sierra: Bravo, sending you 5
2024-10-14 17:36:28.056704 Quebec: Charlie, Bravo and X-ray, sending you 3
2024-10-14 17:36:28.057654 November: Foxtrot and Tango, sending you 3
2024-10-14 17:36:28.059287 Hotel: Foxtrot and Tango, sending you 4
2024-10-14 17:36:28.060393 Quebec: Sierra, sending you 2
2024-10-14 17:36:28.061896 Sierra: Quebec, sending you 3
chatterbot Sierra submitting transactions
chatterbot Foxtrot submitting transactions
chatterbot X-ray submitting transactions
chatterbot Hotel submitting transactions
chatterbot Charlie submitting transactions
chatterbot Tango submitting transactions
chatterbot Quebec submitting transactions
chatterbot Kilo submitting transactions
chatterbot Bravo submitting transactions
chatterbot November submitting transactions
ChatterBot Kilo round 11
ChatterBot November round 11
ChatterBot Hotel round 11
ChatterBot Charlie round 11
ChatterBot Bravo round 11
ChatterBot Foxtrot round 11
ChatterBot X-ray round 11
ChatterBot Tango round 11
ChatterBot Quebec round 11
ChatterBot Sierra round 11
2024-10-14 17:36:29.191669 November: Kilo, sending you 1
2024-10-14 17:36:29.197673 November: Hotel, sending you 2
2024-10-14 17:36:29.201670 November: Foxtrot and Tango, sending you 3
2024-10-14 17:36:29.202504 Kilo: November and Hotel, sending you 1
2024-10-14 17:36:29.203407 Foxtrot: Kilo and Hotel, sending you 5
2024-10-14 17:36:29.204033 X-ray: Charlie, Quebec and Sierra, sending you 3
2024-10-14 17:36:29.205031 Hotel: Kilo, sending you 1
2024-10-14 17:36:29.206672 Kilo: Foxtrot, sending you 4
2024-10-14 17:36:29.208662 Foxtrot: November, sending you 3
2024-10-14 17:36:29.209321 X-ray: Bravo, sending you 1
2024-10-14 17:36:29.210411 Bravo: Charlie, Quebec and Sierra, sending you 4
2024-10-14 17:36:29.210929 Tango: Kilo, November and Foxtrot, sending you 4
2024-10-14 17:36:29.211525 Sierra: Sending you each 4
2024-10-14 17:36:29.212027 Hotel: November, sending you 2
2024-10-14 17:36:29.212545 Charlie: Bravo, sending you 5
2024-10-14 17:36:29.213044 Kilo: Tango, sending you 3
2024-10-14 17:36:29.214064 Foxtrot: Tango, sending you 4
2024-10-14 17:36:29.214682 Bravo: X-ray, sending you 2
2024-10-14 17:36:29.215163 Tango: Hotel, sending you 5
2024-10-14 17:36:29.215789 Hotel: Foxtrot and Tango, sending you 4
2024-10-14 17:36:29.216686 Quebec: Charlie, Bravo and X-ray, sending you 3
2024-10-14 17:36:29.217776 Charlie: X-ray, Quebec and Sierra, sending you 4
2024-10-14 17:36:29.221664 Quebec: Sierra, sending you 2
chatterbot X-ray submitting transactions
chatterbot Tango submitting transactions
chatterbot November submitting transactions
chatterbot Kilo submitting transactions
chatterbot Bravo submitting transactions
chatterbot Foxtrot submitting transactions
chatterbot Hotel submitting transactions
chatterbot Sierra submitting transactions
chatterbot Quebec submitting transactions
chatterbot Charlie submitting transactions
ChatterBot Kilo round 12
ChatterBot November round 12
ChatterBot Hotel round 12
ChatterBot Charlie round 12
ChatterBot Bravo round 12
ChatterBot Foxtrot round 12
ChatterBot X-ray round 12
ChatterBot Tango round 12
ChatterBot Quebec round 12
ChatterBot Sierra round 12
2024-10-14 17:36:30.424043 Kilo: November and Hotel, sending you 1
2024-10-14 17:36:30.427737 Hotel: Kilo, sending you 1
2024-10-14 17:36:30.429287 Kilo: Foxtrot, sending you 4
2024-10-14 17:36:30.430698 Charlie: Bravo, sending you 5
2024-10-14 17:36:30.431668 X-ray: Charlie, Quebec and Sierra, sending you 3
2024-10-14 17:36:30.432240 Hotel: November, sending you 2
2024-10-14 17:36:30.433726 November: Kilo, sending you 1
2024-10-14 17:36:30.435360 Kilo: Tango, sending you 3
2024-10-14 17:36:30.437196 Charlie: X-ray, Quebec and Sierra, sending you 4
2024-10-14 17:36:30.438325 X-ray: Bravo, sending you 1
2024-10-14 17:36:30.439829 Hotel: Foxtrot and Tango, sending you 4
2024-10-14 17:36:30.441215 Bravo: Charlie, Quebec and Sierra, sending you 4
2024-10-14 17:36:30.442316 November: Hotel, sending you 2
2024-10-14 17:36:30.443318 Tango: Kilo, November and Foxtrot, sending you 4
2024-10-14 17:36:30.444858 Quebec: Charlie, Bravo and X-ray, sending you 3
2024-10-14 17:36:30.445743 Foxtrot: Kilo and Hotel, sending you 5
2024-10-14 17:36:30.447350 Sierra: Same as last round
2024-10-14 17:36:30.448144 November: Foxtrot and Tango, sending you 3
2024-10-14 17:36:30.449130 Bravo: X-ray, sending you 2
2024-10-14 17:36:30.449925 Tango: Hotel, sending you 5
2024-10-14 17:36:30.451478 Quebec: Sierra, sending you 2
2024-10-14 17:36:30.452337 Foxtrot: November, sending you 3
2024-10-14 17:36:30.456912 Foxtrot: Tango, sending you 4
chatterbot Charlie submitting transactions
chatterbot X-ray submitting transactions
chatterbot Hotel submitting transactions
chatterbot Foxtrot submitting transactions
chatterbot November submitting transactions
chatterbot Tango submitting transactions
chatterbot Quebec submitting transactions
chatterbot Sierra submitting transactions
chatterbot Kilo submitting transactions
chatterbot Bravo submitting transactions
ChatterBot Kilo round 13
ChatterBot November round 13
ChatterBot Hotel round 13
ChatterBot Charlie round 13
ChatterBot Bravo round 13
ChatterBot Foxtrot round 13
ChatterBot X-ray round 13
ChatterBot Tango round 13
ChatterBot Quebec round 13
ChatterBot Sierra round 13
2024-10-14 17:36:31.712665 Kilo: November and Hotel, sending you 1
2024-10-14 17:36:31.713659 Charlie: Bravo, sending you 5
2024-10-14 17:36:31.714351 Hotel: Kilo, sending you 1
2024-10-14 17:36:31.715750 November: Kilo, sending you 1
2024-10-14 17:36:31.716819 Charlie: X-ray, Quebec and Sierra, sending you 4
2024-10-14 17:36:31.717734 Kilo: Foxtrot, sending you 4
2024-10-14 17:36:31.719355 Bravo: Charlie, Quebec and Sierra, sending you 4
2024-10-14 17:36:31.719989 Hotel: November, sending you 2
2024-10-14 17:36:31.721286 November: Hotel, sending you 2
2024-10-14 17:36:31.722661 Kilo: Tango, sending you 3
2024-10-14 17:36:31.724277 Hotel: Foxtrot and Tango, sending you 4
2024-10-14 17:36:31.725027 Bravo: X-ray, sending you 2
2024-10-14 17:36:31.725877 November: Foxtrot and Tango, sending you 3
2024-10-14 17:36:31.729680 Foxtrot: Kilo and Hotel, sending you 5
2024-10-14 17:36:31.730496 X-ray: Charlie, Quebec and Sierra, sending you 3
2024-10-14 17:36:31.731170 Quebec: Charlie, Bravo and X-ray, sending you 3
2024-10-14 17:36:31.732065 Tango: Kilo, November and Foxtrot, sending you 4
2024-10-14 17:36:31.732699 Foxtrot: November, sending you 3
2024-10-14 17:36:31.733996 X-ray: Bravo, sending you 1
2024-10-14 17:36:31.734778 Quebec: Sierra, sending you 2
2024-10-14 17:36:31.735431 Sierra: Same as last round
2024-10-14 17:36:31.736088 Tango: Hotel, sending you 5
2024-10-14 17:36:31.737578 Foxtrot: Tango, sending you 4
chatterbot Bravo submitting transactions
chatterbot Charlie submitting transactions
chatterbot X-ray submitting transactions
chatterbot Kilo submitting transactions
chatterbot Tango submitting transactions
chatterbot Foxtrot submitting transactions
chatterbot Quebec submitting transactions
chatterbot Sierra submitting transactions
chatterbot November submitting transactions
chatterbot Hotel submitting transactions
ChatterBot Kilo round 14
ChatterBot November round 14
ChatterBot Hotel round 14
ChatterBot Charlie round 14
ChatterBot Bravo round 14
ChatterBot Foxtrot round 14
ChatterBot X-ray round 14
ChatterBot Tango round 14
ChatterBot Quebec round 14
ChatterBot Sierra round 14
2024-10-14 17:36:32.973123 Hotel: We should add X-ray
2024-10-14 17:36:32.990265 Kilo: Yes
2024-10-14 17:36:32.990468 November: Yes
2024-10-14 17:36:32.990650 Foxtrot: Yes
2024-10-14 17:36:32.990845 Tango: Yes
ChatterBot Hotel reevaluating
ChatterBot Hotel reevaluating
ChatterBot Hotel reevaluating
ChatterBot Hotel reevaluating
2024-10-14 17:36:33.052790 Hotel: X-ray we want you to join our group
2024-10-14 17:36:33.056545 X-ray: No
ChatterBot Hotel reevaluating
2024-10-14 17:36:33.069794 November: Kilo, sending you 1
2024-10-14 17:36:33.073043 Kilo: November and Hotel, sending you 1
2024-10-14 17:36:33.074667 Charlie: Bravo, sending you 5
2024-10-14 17:36:33.075722 Foxtrot: Kilo and Hotel, sending you 5
2024-10-14 17:36:33.076719 Bravo: Charlie, Quebec and Sierra, sending you 4
2024-10-14 17:36:33.078210 X-ray: Charlie, Quebec and Sierra, sending you 3
2024-10-14 17:36:33.079055 November: Hotel, sending you 2
2024-10-14 17:36:33.079810 Tango: Kilo, November and Foxtrot, sending you 4
2024-10-14 17:36:33.081257 Sierra: Same as last round
2024-10-14 17:36:33.082151 Quebec: Charlie, Bravo and X-ray, sending you 3
2024-10-14 17:36:33.083800 Kilo: Foxtrot, sending you 4
2024-10-14 17:36:33.085185 Charlie: X-ray, Quebec and Sierra, sending you 4
2024-10-14 17:36:33.086294 Bravo: X-ray, sending you 2
2024-10-14 17:36:33.087485 Foxtrot: November, sending you 3
2024-10-14 17:36:33.089516 X-ray: Bravo, sending you 1
2024-10-14 17:36:33.090539 November: Foxtrot and Tango, sending you 3
2024-10-14 17:36:33.091380 Tango: Hotel, sending you 5
2024-10-14 17:36:33.093040 Quebec: Sierra, sending you 2
2024-10-14 17:36:33.093725 Kilo: Tango, sending you 3
2024-10-14 17:36:33.094815 Foxtrot: Tango, sending you 4
2024-10-14 17:36:33.115667 Hotel: Kilo, sending you 1
2024-10-14 17:36:33.118827 Hotel: November, sending you 2
2024-10-14 17:36:33.121694 Hotel: Foxtrot and Tango, sending you 4
chatterbot Foxtrot submitting transactions
chatterbot Quebec submitting transactions
chatterbot Sierra submitting transactions
chatterbot Charlie submitting transactions
chatterbot November submitting transactions
chatterbot Kilo submitting transactions
chatterbot X-ray submitting transactions
chatterbot Bravo submitting transactions
chatterbot Hotel submitting transactions
chatterbot Tango submitting transactions
ChatterBot Kilo round 15
ChatterBot November round 15
ChatterBot Hotel round 15
ChatterBot Charlie round 15
ChatterBot Bravo round 15
ChatterBot Foxtrot round 15
ChatterBot X-ray round 15
ChatterBot Tango round 15
ChatterBot Quebec round 15
ChatterBot Sierra round 15
2024-10-14 17:36:34.336771 Bravo: Charlie, Quebec and Sierra, sending you 4
2024-10-14 17:36:34.338961 Quebec: Charlie, Bravo and X-ray, sending you 3
2024-10-14 17:36:34.340308 Kilo: November and Hotel, sending you 1
2024-10-14 17:36:34.343261 Charlie: Bravo, sending you 5
2024-10-14 17:36:34.344278 Foxtrot: Kilo and Hotel, sending you 5
2024-10-14 17:36:34.346988 November: Kilo, sending you 1
2024-10-14 17:36:34.348594 Bravo: X-ray, sending you 2
2024-10-14 17:36:34.350213 Tango: Kilo, November and Foxtrot, sending you 4
2024-10-14 17:36:34.352241 Quebec: Sierra, sending you 2
2024-10-14 17:36:34.353898 Kilo: Foxtrot, sending you 4
2024-10-14 17:36:34.355284 X-ray: Charlie, Quebec and Sierra, sending you 3
2024-10-14 17:36:34.356854 Charlie: X-ray, Quebec and Sierra, sending you 4
2024-10-14 17:36:34.359124 Foxtrot: November, sending you 3
2024-10-14 17:36:34.362003 November: Hotel, sending you 2
2024-10-14 17:36:34.364653 Tango: Hotel, sending you 5
