ChatterBot Victor round 1
ChatterBot Quebec round 1
ChatterBot Echo round 1
ChatterBot Alpha round 1
ChatterBot Delta round 1
ChatterBot Hotel round 1
ChatterBot Juliett round 1
ChatterBot Yankee round 1
ChatterBot Lima round 1
ChatterBot Golf round 1
randomSelections Victor: {Victor, Hotel, Juliett, Alpha, Delta} 
2024-10-14 17:36:16.498171 Victor: We would work well together
ChatterBot Hotel reevaluating
ChatterBot Juliett reevaluating
ChatterBot Alpha reevaluating
ChatterBot Delta reevaluating
2024-10-14 17:36:16.509292 Hotel: Yes
2024-10-14 17:36:16.510447 Juliett: Yes
2024-10-14 17:36:16.510872 Alpha: Yes
2024-10-14 17:36:16.511027 Delta: Yes
ChatterBot Juliett reevaluating
ChatterBot Alpha reevaluating
ChatterBot Delta reevaluating
ChatterBot Hotel reevaluating
ChatterBot Alpha reevaluating
ChatterBot Delta reevaluating
ChatterBot Hotel reevaluating
ChatterBot Juliett reevaluating
ChatterBot Delta reevaluating
ChatterBot Hotel reevaluating
ChatterBot Juliett reevaluating
ChatterBot Alpha reevaluating
randomSelections Lima: {Lima, Yankee, Juliett, Golf} 
2024-10-14 17:36:16.561572 Lima: Friends?
ChatterBot Yankee reevaluating
ChatterBot Juliett reevaluating
ChatterBot Golf reevaluating
2024-10-14 17:36:16.571532 Yankee: Yes
2024-10-14 17:36:16.571699 Juliett: No
2024-10-14 17:36:16.574045 Golf: Yes
ChatterBot Juliett reevaluating
ChatterBot Golf reevaluating
ChatterBot Yankee reevaluating
ChatterBot Golf reevaluating
ChatterBot Yankee reevaluating
ChatterBot Juliett reevaluating
randomSelections Echo: {Echo, Delta, Golf, Hotel, Lima, Quebec, Juliett} 
2024-10-14 17:36:16.608132 Echo: Let's form a team
ChatterBot Delta reevaluating
ChatterBot Golf reevaluating
ChatterBot Hotel reevaluating
ChatterBot Quebec reevaluating
ChatterBot Juliett reevaluating
2024-10-14 17:36:16.621463 Delta: No
2024-10-14 17:36:16.621650 Golf: No
2024-10-14 17:36:16.621816 Hotel: No
2024-10-14 17:36:16.622470 Lima: No
2024-10-14 17:36:16.622629 Quebec: Yes
2024-10-14 17:36:16.622750 Juliett: No
ChatterBot Golf reevaluating
ChatterBot Hotel reevaluating
ChatterBot Quebec reevaluating
ChatterBot Juliett reevaluating
ChatterBot Delta reevaluating
ChatterBot Hotel reevaluating
ChatterBot Quebec reevaluating
ChatterBot Juliett reevaluating
ChatterBot Delta reevaluating
ChatterBot Golf reevaluating
ChatterBot Quebec reevaluating
ChatterBot Juliett reevaluating
ChatterBot Delta reevaluating
ChatterBot Golf reevaluating
ChatterBot Hotel reevaluating
ChatterBot Quebec reevaluating
ChatterBot Juliett reevaluating
ChatterBot Delta reevaluating
ChatterBot Golf reevaluating
ChatterBot Hotel reevaluating
ChatterBot Juliett reevaluating
ChatterBot Delta reevaluating
ChatterBot Golf reevaluating
ChatterBot Hotel reevaluating
ChatterBot Quebec reevaluating
2024-10-14 17:36:16.709658 Lima: Juliett and Golf, sending you 5
2024-10-14 17:36:16.710676 Delta: Victor, sending you 1
2024-10-14 17:36:16.711674 Juliett: Victor, sending you 3
2024-10-14 17:36:16.712703 Quebec: Delta and Lima, sending you 3
2024-10-14 17:36:16.713085 Lima: Yankee, sending you 3
2024-10-14 17:36:16.713693 Victor: Alpha, sending you 2
2024-10-14 17:36:16.714077 Alpha: Victor, sending you 1
2024-10-14 17:36:16.714731 Juliett: Alpha and Hotel, sending you 2
2024-10-14 17:36:16.715701 Delta: Alpha, sending you 7
2024-10-14 17:36:16.716034 Quebec: Juliett, sending you 2
2024-10-14 17:36:16.716674 Alpha: Delta and Hotel, sending you 4
2024-10-14 17:36:16.717705 Victor: Delta, sending you 5
2024-10-14 17:36:16.718676 Echo: Quebec, Juliett and Golf, sending you 3
2024-10-14 17:36:16.719102 Delta: Hotel and Juliett, sending you 5
2024-10-14 17:36:16.719688 Alpha: Juliett, sending you 2
2024-10-14 17:36:16.720923 Golf: Juliett and Lima, sending you 4
2024-10-14 17:36:16.721122 Quebec: Golf, sending you 1
2024-10-14 17:36:16.721314 Victor: Juliett, sending you 3
2024-10-14 17:36:16.721714 Hotel: Victor, Alpha and Delta, sending you 6
2024-10-14 17:36:16.722686 Yankee: Juliett, sending you 3
2024-10-14 17:36:16.723677 Echo: Hotel, sending you 5
2024-10-14 17:36:16.723927 Golf: Yankee, sending you 5
2024-10-14 17:36:16.727667 Yankee: Lima, sending you 1
2024-10-14 17:36:16.727937 Echo: Lima, sending you 1
2024-10-14 17:36:16.732654 Yankee: Golf, sending you 8
chatterbot Victor submitting transactions
chatterbot Lima submitting transactions
chatterbot Alpha submitting transactions
chatterbot Quebec submitting transactions
chatterbot Yankee submitting transactions
chatterbot Hotel submitting transactions
chatterbot Delta submitting transactions
chatterbot Juliett submitting transactions
chatterbot Golf submitting transactions
chatterbot Echo submitting transactions
ChatterBot Victor round 2
ChatterBot Quebec round 2
ChatterBot Echo round 2
ChatterBot Alpha round 2
ChatterBot Delta round 2
2024-10-14 17:36:18.576595 Echo: Let's form a team
ChatterBot Alpha reevaluating
ChatterBot Delta reevaluating
ChatterBot Hotel reevaluating
ChatterBot Victor reevaluating
ChatterBot Juliett reevaluating
2024-10-14 17:36:18.631118 Alpha: Yes
2024-10-14 17:36:18.631282 Delta: Yes
2024-10-14 17:36:18.631386 Hotel: No
2024-10-14 17:36:18.631499 Victor: Yes
2024-10-14 17:36:18.631993 Juliett: No
ChatterBot Delta reevaluating
ChatterBot Hotel reevaluating
ChatterBot Victor reevaluating
ChatterBot Juliett reevaluating
ChatterBot Alpha reevaluating
ChatterBot Hotel reevaluating
ChatterBot Victor reevaluating
ChatterBot Juliett reevaluating
ChatterBot Alpha reevaluating
ChatterBot Delta reevaluating
ChatterBot Victor reevaluating
ChatterBot Juliett reevaluating
ChatterBot Alpha reevaluating
ChatterBot Delta reevaluating
ChatterBot Hotel reevaluating
ChatterBot Juliett reevaluating
ChatterBot Alpha reevaluating
ChatterBot Delta reevaluating
ChatterBot Hotel reevaluating
ChatterBot Victor reevaluating
ChatterBot Hotel round 2
ChatterBot Juliett round 2
ChatterBot Yankee round 2
2024-10-14 17:36:18.818563 Quebec: We would work well together
ChatterBot Alpha reevaluating
ChatterBot Delta reevaluating
ChatterBot Hotel reevaluating
2024-10-14 17:36:18.837238 Echo: No
2024-10-14 17:36:18.837379 Alpha: No
2024-10-14 17:36:18.837474 Delta: No
2024-10-14 17:36:18.837585 Hotel: No
ChatterBot Alpha reevaluating
ChatterBot Delta reevaluating
ChatterBot Hotel reevaluating
ChatterBot Delta reevaluating
ChatterBot Hotel reevaluating
ChatterBot Alpha reevaluating
ChatterBot Hotel reevaluating
ChatterBot Alpha reevaluating
ChatterBot Delta reevaluating
ChatterBot Lima round 2
2024-10-14 17:36:18.917655 Delta: We should add Quebec and Echo
ChatterBot Victor reevaluating
ChatterBot Hotel reevaluating
ChatterBot Juliett reevaluating
ChatterBot Alpha reevaluating
2024-10-14 17:36:19.003244 Victor: No
2024-10-14 17:36:19.003468 Hotel: No
2024-10-14 17:36:19.003736 Juliett: No
2024-10-14 17:36:19.004041 Alpha: No
ChatterBot Hotel reevaluating
ChatterBot Juliett reevaluating
ChatterBot Alpha reevaluating
ChatterBot Delta reevaluating
ChatterBot Victor reevaluating
ChatterBot Juliett reevaluating
ChatterBot Alpha reevaluating
ChatterBot Delta reevaluating
ChatterBot Victor reevaluating
ChatterBot Hotel reevaluating
ChatterBot Alpha reevaluating
ChatterBot Delta reevaluating
ChatterBot Victor reevaluating
ChatterBot Hotel reevaluating
ChatterBot Juliett reevaluating
ChatterBot Delta reevaluating
ChatterBot Golf round 2
2024-10-14 17:36:19.105685 Lima: We should replace Juliett with Quebec
ChatterBot Yankee reevaluating
ChatterBot Golf reevaluating
2024-10-14 17:36:19.115362 Yankee: Yes
2024-10-14 17:36:19.115750 Golf: No
ChatterBot Golf reevaluating
ChatterBot Yankee reevaluating
chatterbot Echo submitting transactions
2024-10-14 17:36:19.139782 Lima: Quebec we want you to join our group
2024-10-14 17:36:19.144846 Quebec: No
ChatterBot Yankee reevaluating
ChatterBot Golf reevaluating
2024-10-14 17:36:19.158342 Echo: Victor, Alpha, Delta, Hotel and Juliett, sending you 3
2024-10-14 17:36:19.159262 Golf: We should replace Juliett with Echo
ChatterBot Yankee reevaluating
2024-10-14 17:36:19.167324 Lima: No
2024-10-14 17:36:19.167462 Yankee: No
ChatterBot Yankee reevaluating
ChatterBot Golf reevaluating
ChatterBot Golf reevaluating
2024-10-14 17:36:19.184357 Quebec: Echo, sending you 7
2024-10-14 17:36:19.211094 Quebec: Alpha and Delta, sending you 1
2024-10-14 17:36:19.211461 Alpha: Victor and Juliett, sending you 1
2024-10-14 17:36:19.211742 Victor: Echo, sending you 1
2024-10-14 17:36:19.212528 Delta: Victor, sending you 6
2024-10-14 17:36:19.212759 Yankee: Quebec we want you to join our group
2024-10-14 17:36:19.217607 Quebec: No
ChatterBot Yankee reevaluating
ChatterBot Golf reevaluating
2024-10-14 17:36:19.231088 Hotel: Victor, sending you 2
2024-10-14 17:36:19.231520 Juliett: Victor, Echo and Delta, sending you 2
2024-10-14 17:36:19.232276 Alpha: Delta and Hotel, sending you 4
2024-10-14 17:36:19.232544 Victor: Alpha, Delta and Juliett, sending you 2
2024-10-14 17:36:19.232812 Delta: Echo, sending you 1
2024-10-14 17:36:19.277330 Hotel: Echo, sending you 5
2024-10-14 17:36:19.277719 Victor: Hotel, sending you 3
2024-10-14 17:36:19.278467 Golf: Echo we want you to join our group
2024-10-14 17:36:19.282890 Echo: No
ChatterBot Golf reevaluating
2024-10-14 17:36:19.295146 Juliett: Alpha, sending you 1
2024-10-14 17:36:19.295833 Lima: Quebec and Golf, sending you 5
2024-10-14 17:36:19.296049 Delta: Alpha, sending you 5
2024-10-14 17:36:19.296317 Hotel: Alpha and Delta, sending you 4
2024-10-14 17:36:19.333144 Hotel: Juliett, sending you 3
2024-10-14 17:36:19.333885 Delta: Hotel, sending you 7
2024-10-14 17:36:19.334234 Lima: Yankee, sending you 3
2024-10-14 17:36:19.334689 Golf: Quebec we want you to join our group
2024-10-14 17:36:19.339911 Quebec: No
ChatterBot Golf reevaluating
chatterbot Hotel submitting transactions
2024-10-14 17:36:19.397540 Yankee: Quebec, sending you 3
2024-10-14 17:36:19.404897 Yankee: Lima, sending you 6
2024-10-14 17:36:19.408695 Yankee: Golf, sending you 8
2024-10-14 17:36:19.416847 Golf: Echo and Lima, sending you 4
2024-10-14 17:36:19.421708 Golf: Yankee, sending you 5
chatterbot Alpha submitting transactions
chatterbot Delta submitting transactions
chatterbot Victor submitting transactions
chatterbot Quebec submitting transactions
chatterbot Juliett submitting transactions
chatterbot Lima submitting transactions
chatterbot Golf submitting transactions
chatterbot Yankee submitting transactions
ChatterBot Victor round 3
ChatterBot Quebec round 3
ChatterBot Echo round 3
ChatterBot Alpha round 3
ChatterBot Delta round 3
ChatterBot Hotel round 3
2024-10-14 17:36:20.355754 Quebec: We would work well together
ChatterBot Golf reevaluating
2024-10-14 17:36:20.369385 Lima: Yes
2024-10-14 17:36:20.369556 Yankee: Yes
2024-10-14 17:36:20.369698 Golf: Yes
ChatterBot Golf reevaluating
ChatterBot Golf reevaluating
ChatterBot Juliett round 3
ChatterBot Yankee round 3
ChatterBot Lima round 3
ChatterBot Golf round 3
2024-10-14 17:36:20.435367 Yankee: We should add Echo
ChatterBot Lima reevaluating
ChatterBot Golf reevaluating
2024-10-14 17:36:20.445145 Lima: No
2024-10-14 17:36:20.445337 Golf: No
2024-10-14 17:36:20.445468 Quebec: No
ChatterBot Golf reevaluating
ChatterBot Lima reevaluating
ChatterBot Yankee reevaluating
ChatterBot Lima reevaluating
ChatterBot Yankee reevaluating
ChatterBot Golf reevaluating
2024-10-14 17:36:20.479041 Victor: We should drop Echo
2024-10-14 17:36:20.489382 Hotel: No
2024-10-14 17:36:20.489537 Juliett: Yes
2024-10-14 17:36:20.489657 Alpha: No
2024-10-14 17:36:20.489765 Delta: No
ChatterBot Victor reevaluating
2024-10-14 17:36:20.538665 Quebec: Yankee, sending you 3
2024-10-14 17:36:20.542384 Victor: We should drop Juliett
2024-10-14 17:36:20.552558 Echo: No
2024-10-14 17:36:20.552719 Alpha: No
2024-10-14 17:36:20.552881 Delta: No
2024-10-14 17:36:20.552990 Hotel: No
ChatterBot Victor reevaluating
ChatterBot Victor reevaluating
ChatterBot Victor reevaluating
ChatterBot Victor reevaluating
ChatterBot Delta reevaluating
2024-10-14 17:36:20.599382 Delta: We should add Quebec
ChatterBot Victor reevaluating
2024-10-14 17:36:20.610953 Echo: No
2024-10-14 17:36:20.611078 Alpha: No
2024-10-14 17:36:20.611165 Hotel: No
2024-10-14 17:36:20.611248 Victor: No
2024-10-14 17:36:20.611332 Juliett: No
ChatterBot Delta reevaluating
ChatterBot Victor reevaluating
ChatterBot Delta reevaluating
ChatterBot Victor reevaluating
ChatterBot Delta reevaluating
ChatterBot Victor reevaluating
ChatterBot Delta reevaluating
ChatterBot Delta reevaluating
ChatterBot Victor reevaluating
2024-10-14 17:36:20.676780 Golf: Quebec we want you to join our group
2024-10-14 17:36:20.679458 Quebec: Yes
ChatterBot Yankee reevaluating
2024-10-14 17:36:20.687700 Quebec: Lima, sending you 5
2024-10-14 17:36:20.687943 Hotel: Victor, sending you 3
2024-10-14 17:36:20.691690 Quebec: Golf, sending you 1
2024-10-14 17:36:20.692016 Hotel: Echo and Alpha, sending you 4
2024-10-14 17:36:20.692915 Echo: Victor and Delta, sending you 2
2024-10-14 17:36:20.693665 Alpha: Victor, Echo and Juliett, sending you 1
2024-10-14 17:36:20.694597 Lima: Quebec, sending you 3
2024-10-14 17:36:20.695692 Hotel: Delta, sending you 5
2024-10-14 17:36:20.696265 Echo: Hotel, sending you 7
2024-10-14 17:36:20.697344 Juliett: Victor, Delta and Hotel, sending you 2
2024-10-14 17:36:20.697971 Alpha: Delta, sending you 4
2024-10-14 17:36:20.698751 Lima: Yankee and Golf, sending you 5
2024-10-14 17:36:20.699026 Hotel: Juliett, sending you 2
2024-10-14 17:36:20.700691 Echo: Juliett, sending you 4
2024-10-14 17:36:20.701680 Alpha: Hotel, sending you 3
2024-10-14 17:36:20.702679 Juliett: Alpha, sending you 1
2024-10-14 17:36:20.703683 Golf: Quebec, sending you 2
2024-10-14 17:36:20.707709 Golf: Yankee, sending you 6
2024-10-14 17:36:20.708676 Delta: Victor, sending you 4
2024-10-14 17:36:20.710035 Yankee: Quebec, sending you 3
2024-10-14 17:36:20.711942 Delta: Echo and Juliett, sending you 2
2024-10-14 17:36:20.712687 Golf: Lima, sending you 5
2024-10-14 17:36:20.713688 Yankee: Lima, sending you 6
2024-10-14 17:36:20.715671 Delta: Alpha, sending you 5
2024-10-14 17:36:20.716099 Victor: Alpha and Juliett, sending you 2
2024-10-14 17:36:20.716681 Yankee: Golf, sending you 8
2024-10-14 17:36:20.718993 Delta: Hotel, sending you 6
2024-10-14 17:36:20.721029 Victor: Delta and Hotel, sending you 3
chatterbot Golf submitting transactions
chatterbot Juliett submitting transactions
chatterbot Delta submitting transactions
chatterbot Hotel submitting transactions
chatterbot Echo submitting transactions
chatterbot Alpha submitting transactions
chatterbot Quebec submitting transactions
chatterbot Victor submitting transactions
chatterbot Lima submitting transactions
chatterbot Yankee submitting transactions
ChatterBot Victor round 4
ChatterBot Quebec round 4
ChatterBot Echo round 4
ChatterBot Alpha round 4
ChatterBot Delta round 4
ChatterBot Hotel round 4
2024-10-14 17:36:21.731361 Victor: We should replace Juliett with Echo
2024-10-14 17:36:21.744531 Alpha: No
2024-10-14 17:36:21.744769 Delta: No
2024-10-14 17:36:21.744942 Hotel: No
ChatterBot Juliett round 4
ChatterBot Yankee round 4
ChatterBot Lima round 4
ChatterBot Golf round 4
2024-10-14 17:36:21.784570 Victor: Echo we want you to join our group
2024-10-14 17:36:21.786508 Echo: Yes
2024-10-14 17:36:21.797449 Juliett: We should replace Victor with Echo
2024-10-14 17:36:21.803337 Alpha: No
2024-10-14 17:36:21.803477 Delta: No
2024-10-14 17:36:21.803582 Hotel: No
2024-10-14 17:36:21.833520 Juliett: Echo we want you to join our group
2024-10-14 17:36:21.835778 Echo: Yes
2024-10-14 17:36:21.843536 Echo: Victor and Alpha, sending you 1
2024-10-14 17:36:21.848676 Echo: Delta, sending you 3
2024-10-14 17:36:21.849163 Victor: Echo and Alpha, sending you 2
2024-10-14 17:36:21.851667 Alpha: Victor, sending you 2
2024-10-14 17:36:21.852063 Echo: Hotel, sending you 8
2024-10-14 17:36:21.852410 Victor: Delta and Hotel, sending you 3
2024-10-14 17:36:21.852728 Yankee: Quebec, sending you 4
2024-10-14 17:36:21.853700 Hotel: Victor and Juliett, sending you 3
2024-10-14 17:36:21.854679 Delta: Victor, sending you 4
2024-10-14 17:36:21.855152 Quebec: Yankee, sending you 3
2024-10-14 17:36:21.855499 Echo: Juliett, sending you 2
2024-10-14 17:36:21.856674 Alpha: Echo and Juliett, sending you 1
2024-10-14 17:36:21.857897 Yankee: Lima, sending you 6
2024-10-14 17:36:21.858677 Hotel: Echo, Alpha and Delta, sending you 4
2024-10-14 17:36:21.859098 Juliett: Echo, Delta and Hotel, sending you 2
2024-10-14 17:36:21.859668 Delta: Echo and Juliett, sending you 2
2024-10-14 17:36:21.860083 Quebec: Lima, sending you 4
2024-10-14 17:36:21.860685 Alpha: Delta, sending you 4
2024-10-14 17:36:21.861720 Yankee: Golf, sending you 7
2024-10-14 17:36:21.862664 Juliett: Alpha, sending you 1
2024-10-14 17:36:21.862951 Delta: Alpha, sending you 5
2024-10-14 17:36:21.863667 Quebec: Golf, sending you 2
2024-10-14 17:36:21.864692 Alpha: Hotel, sending you 3
2024-10-14 17:36:21.865670 Golf: Quebec, sending you 2
2024-10-14 17:36:21.866012 Lima: Quebec, sending you 3
2024-10-14 17:36:21.866799 Delta: Hotel, sending you 6
2024-10-14 17:36:21.870658 Golf: Yankee, sending you 6
2024-10-14 17:36:21.871679 Lima: Yankee and Golf, sending you 5
2024-10-14 17:36:21.875673 Golf: Lima, sending you 5
chatterbot Echo submitting transactions
chatterbot Alpha submitting transactions
chatterbot Delta submitting transactions
chatterbot Victor submitting transactions
chatterbot Quebec submitting transactions
chatterbot Juliett submitting transactions
chatterbot Lima submitting transactions
chatterbot Yankee submitting transactions
chatterbot Golf submitting transactions
chatterbot Hotel submitting transactions
ChatterBot Victor round 5
ChatterBot Quebec round 5
ChatterBot Echo round 5
ChatterBot Alpha round 5
ChatterBot Delta round 5
ChatterBot Hotel round 5
ChatterBot Juliett round 5
ChatterBot Yankee round 5
ChatterBot Lima round 5
ChatterBot Golf round 5
2024-10-14 17:36:22.986659 Alpha: Victor, sending you 2
2024-10-14 17:36:22.987150 Quebec: Yankee, sending you 3
2024-10-14 17:36:22.987463 Echo: Victor, sending you 2
2024-10-14 17:36:22.987923 Victor: Echo and Alpha, sending you 2
2024-10-14 17:36:22.990655 Alpha: Echo and Juliett, sending you 1
2024-10-14 17:36:22.991122 Victor: Delta and Hotel, sending you 3
2024-10-14 17:36:22.991664 Quebec: Lima, sending you 4
2024-10-14 17:36:22.992871 Echo: Alpha, sending you 1
2024-10-14 17:36:22.993343 Juliett: Echo, Delta and Hotel, sending you 2
2024-10-14 17:36:22.993712 Alpha: Delta, sending you 4
2024-10-14 17:36:22.994659 Quebec: Golf, sending you 2
2024-10-14 17:36:22.996689 Hotel: Victor and Juliett, sending you 3
2024-10-14 17:36:22.997681 Juliett: Alpha, sending you 1
2024-10-14 17:36:22.998089 Echo: Delta and Juliett, sending you 3
2024-10-14 17:36:22.998469 Alpha: Hotel, sending you 3
2024-10-14 17:36:22.998884 Lima: Quebec, sending you 3
2024-10-14 17:36:23.000656 Hotel: Echo, Alpha and Delta, sending you 4
2024-10-14 17:36:23.001101 Echo: Hotel, sending you 6
2024-10-14 17:36:23.002653 Delta: Victor, sending you 4
2024-10-14 17:36:23.003693 Lima: Yankee and Golf, sending you 5
2024-10-14 17:36:23.007703 Delta: Echo, sending you 2
2024-10-14 17:36:23.009687 Golf: Quebec, sending you 2
2024-10-14 17:36:23.010863 Delta: Alpha and Hotel, sending you 5
2024-10-14 17:36:23.011680 Yankee: Quebec, sending you 4
2024-10-14 17:36:23.012679 Golf: Yankee, sending you 6
2024-10-14 17:36:23.014681 Delta: Juliett, sending you 3
2024-10-14 17:36:23.015268 Yankee: Lima, sending you 6
2024-10-14 17:36:23.017654 Golf: Lima, sending you 5
2024-10-14 17:36:23.019661 Yankee: Golf, sending you 7
chatterbot Yankee submitting transactions
chatterbot Alpha submitting transactions
chatterbot Golf submitting transactions
chatterbot Delta submitting transactions
chatterbot Juliett submitting transactions
chatterbot Hotel submitting transactions
chatterbot Echo submitting transactions
chatterbot Victor submitting transactions
chatterbot Lima submitting transactions
chatterbot Quebec submitting transactions
ChatterBot Victor round 6
ChatterBot Quebec round 6
ChatterBot Echo round 6
ChatterBot Alpha round 6
ChatterBot Delta round 6
ChatterBot Hotel round 6
ChatterBot Juliett round 6
ChatterBot Yankee round 6
ChatterBot Lima round 6
ChatterBot Golf round 6
2024-10-14 17:36:24.108656 Quebec: Yankee, sending you 3
2024-10-14 17:36:24.109683 Hotel: Victor and Juliett, sending you 3
2024-10-14 17:36:24.112669 Quebec: Lima, sending you 4
2024-10-14 17:36:24.113671 Hotel: Echo, Alpha and Delta, sending you 4
2024-10-14 17:36:24.114669 Alpha: Victor, sending you 2
2024-10-14 17:36:24.115767 Echo: Victor, sending you 2
2024-10-14 17:36:24.116335 Delta: Victor, sending you 4
2024-10-14 17:36:24.116863 Quebec: Golf, sending you 2
2024-10-14 17:36:24.118729 Alpha: Delta and Hotel, sending you 4
2024-10-14 17:36:24.120676 Echo: Alpha, sending you 1
2024-10-14 17:36:24.121372 Delta: Echo, sending you 2
2024-10-14 17:36:24.122657 Alpha: Juliett, sending you 1
2024-10-14 17:36:24.123676 Yankee: Quebec, sending you 4
2024-10-14 17:36:24.124011 Echo: Delta and Juliett, sending you 3
2024-10-14 17:36:24.124702 Delta: Alpha and Hotel, sending you 5
2024-10-14 17:36:24.126674 Yankee: Lima, sending you 6
2024-10-14 17:36:24.127670 Golf: Quebec, sending you 3
2024-10-14 17:36:24.128019 Echo: Hotel, sending you 6
2024-10-14 17:36:24.128679 Juliett: Echo, Delta and Hotel, sending you 2
2024-10-14 17:36:24.128989 Victor: Echo and Alpha, sending you 2
2024-10-14 17:36:24.129678 Delta: Juliett, sending you 3
2024-10-14 17:36:24.130127 Yankee: Golf, sending you 7
2024-10-14 17:36:24.130710 Golf: Yankee and Lima, sending you 5
2024-10-14 17:36:24.131667 Victor: Delta and Hotel, sending you 3
2024-10-14 17:36:24.133673 Juliett: Alpha, sending you 1
2024-10-14 17:36:24.133996 Lima: Quebec, sending you 3
2024-10-14 17:36:24.137727 Lima: Yankee and Golf, sending you 5
chatterbot Quebec submitting transactions
chatterbot Echo submitting transactions
chatterbot Golf submitting transactions
chatterbot Delta submitting transactions
chatterbot Hotel submitting transactions
chatterbot Juliett submitting transactions
chatterbot Alpha submitting transactions
chatterbot Lima submitting transactions
chatterbot Yankee submitting transactions
chatterbot Victor submitting transactions
ChatterBot Victor round 7
ChatterBot Quebec round 7
ChatterBot Echo round 7
ChatterBot Alpha round 7
ChatterBot Delta round 7
ChatterBot Hotel round 7
ChatterBot Juliett round 7
ChatterBot Yankee round 7
ChatterBot Lima round 7
ChatterBot Golf round 7
2024-10-14 17:36:25.277655 Quebec: Yankee, sending you 4
2024-10-14 17:36:25.278676 Echo: Victor, sending you 2
2024-10-14 17:36:25.280646 Quebec: Lima, sending you 3
2024-10-14 17:36:25.283649 Quebec: Golf, sending you 2
2024-10-14 17:36:25.284699 Echo: Alpha, sending you 1
2024-10-14 17:36:25.285241 Juliett: Echo, Delta and Hotel, sending you 2
2024-10-14 17:36:25.285682 Lima: Quebec, sending you 3
2024-10-14 17:36:25.287712 Echo: Delta and Juliett, sending you 3
2024-10-14 17:36:25.288943 Alpha: Victor, sending you 2
2024-10-14 17:36:25.289432 Lima: Yankee and Golf, sending you 5
2024-10-14 17:36:25.289816 Juliett: Alpha, sending you 1
2024-10-14 17:36:25.292669 Echo: Hotel, sending you 6
2024-10-14 17:36:25.293195 Delta: Victor, sending you 4
2024-10-14 17:36:25.293702 Golf: Quebec, sending you 3
2024-10-14 17:36:25.294077 Alpha: Delta and Hotel, sending you 4
2024-10-14 17:36:25.294558 Yankee: Quebec, sending you 4
2024-10-14 17:36:25.294857 Victor: Echo and Alpha, sending you 2
2024-10-14 17:36:25.295690 Hotel: Victor and Juliett, sending you 3
2024-10-14 17:36:25.296700 Golf: Yankee and Lima, sending you 5
2024-10-14 17:36:25.297680 Delta: Echo, sending you 3
2024-10-14 17:36:25.298693 Alpha: Juliett, sending you 1
2024-10-14 17:36:25.299323 Yankee: Lima, sending you 6
2024-10-14 17:36:25.300186 Hotel: Echo, Alpha and Delta, sending you 4
2024-10-14 17:36:25.300747 Victor: Delta and Hotel, sending you 3
2024-10-14 17:36:25.301103 Delta: Alpha and Hotel, sending you 5
2024-10-14 17:36:25.303679 Delta: Juliett, sending you 2
2024-10-14 17:36:25.304901 Yankee: Golf, sending you 7
chatterbot Hotel submitting transactions
chatterbot Alpha submitting transactions
chatterbot Delta submitting transactions
chatterbot Juliett submitting transactions
chatterbot Golf submitting transactions
chatterbot Lima submitting transactions
chatterbot Echo submitting transactions
chatterbot Yankee submitting transactions
chatterbot Victor submitting transactions
chatterbot Quebec submitting transactions
ChatterBot Victor round 8
ChatterBot Quebec round 8
ChatterBot Echo round 8
ChatterBot Alpha round 8
ChatterBot Delta round 8
ChatterBot Hotel round 8
ChatterBot Juliett round 8
ChatterBot Yankee round 8
ChatterBot Lima round 8
ChatterBot Golf round 8
2024-10-14 17:36:26.542457 Alpha: Victor, sending you 2
2024-10-14 17:36:26.545036 Lima: Quebec, sending you 3
2024-10-14 17:36:26.546668 Alpha: Delta and Hotel, sending you 4
2024-10-14 17:36:26.548201 Victor: Alpha, Delta and Hotel, sending you 1
2024-10-14 17:36:26.548786 Lima: Yankee and Golf, sending you 5
2024-10-14 17:36:26.549488 Quebec: Sending you each 3
2024-10-14 17:36:26.553127 Alpha: Juliett, sending you 1
2024-10-14 17:36:26.553833 Hotel: Victor and Juliett, sending you 3
2024-10-14 17:36:26.554542 Juliett: Echo, Delta and Hotel, sending you 2
2024-10-14 17:36:26.555011 Delta: Victor, sending you 4
2024-10-14 17:36:26.556247 Yankee: Quebec, sending you 5
2024-10-14 17:36:26.556761 Golf: Quebec, sending you 3
2024-10-14 17:36:26.557250 Echo: Victor, sending you 2
2024-10-14 17:36:26.557978 Hotel: Echo, Alpha and Delta, sending you 4
2024-10-14 17:36:26.559281 Juliett: Alpha, sending you 1
2024-10-14 17:36:26.559810 Delta: Echo, sending you 3
2024-10-14 17:36:26.560677 Yankee: Lima and Golf, sending you 6
2024-10-14 17:36:26.561832 Golf: Yankee and Lima, sending you 5
2024-10-14 17:36:26.562343 Echo: Alpha, sending you 1
2024-10-14 17:36:26.563680 Delta: Alpha and Hotel, sending you 5
2024-10-14 17:36:26.568045 Echo: Delta and Juliett, sending you 3
2024-10-14 17:36:26.568880 Delta: Juliett, sending you 2
2024-10-14 17:36:26.572656 Echo: Hotel, sending you 6
chatterbot Quebec submitting transactions
chatterbot Alpha submitting transactions
chatterbot Echo submitting transactions
chatterbot Victor submitting transactions
chatterbot Yankee submitting transactions
chatterbot Lima submitting transactions
chatterbot Delta submitting transactions
chatterbot Juliett submitting transactions
chatterbot Hotel submitting transactions
chatterbot Golf submitting transactions
ChatterBot Victor round 9
ChatterBot Quebec round 9
ChatterBot Echo round 9
ChatterBot Alpha round 9
ChatterBot Delta round 9
ChatterBot Hotel round 9
ChatterBot Juliett round 9
ChatterBot Yankee round 9
ChatterBot Lima round 9
ChatterBot Golf round 9
2024-10-14 17:36:27.508694 Yankee: I was attacked by Victor
ChatterBot Lima reevaluating
ChatterBot Golf reevaluating
ChatterBot Quebec reevaluating
2024-10-14 17:36:27.519223 Yankee: I'm keeping this round to protect myself
2024-10-14 17:36:27.520202 Yankee: Ow
2024-10-14 17:36:27.520878 Victor: Alpha, Delta and Hotel, sending you 1
2024-10-14 17:36:27.521427 Alpha: Victor, sending you 2
2024-10-14 17:36:27.524698 Echo: Victor, sending you 2
2024-10-14 17:36:27.526212 Juliett: Echo, Delta and Hotel, sending you 2
2024-10-14 17:36:27.526725 Hotel: Victor and Juliett, sending you 3
2024-10-14 17:36:27.527379 Alpha: Delta and Hotel, sending you 4
2024-10-14 17:36:27.527912 Delta: Victor, Echo and Juliett, sending you 3
2024-10-14 17:36:27.529664 Juliett: Alpha, sending you 1
2024-10-14 17:36:27.530192 Hotel: Echo, Alpha and Delta, sending you 4
2024-10-14 17:36:27.530936 Echo: Alpha, sending you 1
2024-10-14 17:36:27.532702 Alpha: Juliett, sending you 1
2024-10-14 17:36:27.533587 Delta: Alpha and Hotel, sending you 5
2024-10-14 17:36:27.534702 Echo: Delta and Juliett, sending you 3
2024-10-14 17:36:27.535838 Lima: Quebec, sending you 3
2024-10-14 17:36:27.538976 Lima: Yankee and Golf, sending you 5
2024-10-14 17:36:27.540721 Echo: Hotel, sending you 6
2024-10-14 17:36:27.541676 Golf: Quebec, sending you 3
2024-10-14 17:36:27.546665 Golf: Yankee and Lima, sending you 5
chatterbot Quebec submitting transactions
chatterbot Delta submitting transactions
chatterbot Yankee submitting transactions
chatterbot Lima submitting transactions
chatterbot Echo submitting transactions
chatterbot Juliett submitting transactions
chatterbot Alpha submitting transactions
chatterbot Hotel submitting transactions
chatterbot Victor submitting transactions
chatterbot Golf submitting transactions
ChatterBot Victor round 10
ChatterBot Quebec round 10
ChatterBot Echo round 10
ChatterBot Alpha round 10
ChatterBot Delta round 10
ChatterBot Hotel round 10
ChatterBot Juliett round 10
ChatterBot Yankee round 10
ChatterBot Lima round 10
ChatterBot Golf round 10
2024-10-14 17:36:28.794439 Delta: We should add Lima
2024-10-14 17:36:28.805073 Echo: No
2024-10-14 17:36:28.805253 Alpha: No
2024-10-14 17:36:28.805372 Hotel: No
2024-10-14 17:36:28.805483 Victor: No
2024-10-14 17:36:28.805596 Juliett: No
ChatterBot Delta reevaluating
ChatterBot Delta reevaluating
ChatterBot Delta reevaluating
ChatterBot Delta reevaluating
ChatterBot Delta reevaluating
2024-10-14 17:36:28.868704 Quebec: Same as last round
2024-10-14 17:36:28.869695 Victor: Echo and Alpha, sending you 2
2024-10-14 17:36:28.870704 Yankee: I was attacked by Victor
ChatterBot Lima reevaluating
ChatterBot Golf reevaluating
ChatterBot Quebec reevaluating
2024-10-14 17:36:28.887074 Yankee: I'm keeping this round to protect myself
2024-10-14 17:36:28.888868 Yankee: Ow
2024-10-14 17:36:28.889400 Victor: Delta and Hotel, sending you 3
2024-10-14 17:36:28.893742 Hotel: Victor and Juliett, sending you 3
2024-10-14 17:36:28.896241 Juliett: Echo, Delta and Hotel, sending you 2
2024-10-14 17:36:28.897165 Echo: Victor, sending you 2
2024-10-14 17:36:28.899035 Alpha: Victor, Echo and Juliett, sending you 1
2024-10-14 17:36:28.900530 Hotel: Echo, Alpha and Delta, sending you 4
2024-10-14 17:36:28.903108 Juliett: Alpha, sending you 1
2024-10-14 17:36:28.903969 Echo: Delta, sending you 4
2024-10-14 17:36:28.905568 Alpha: Delta and Hotel, sending you 4
2024-10-14 17:36:28.908688 Echo: Hotel, sending you 6
2024-10-14 17:36:28.909703 Delta: Victor, Echo and Juliett, sending you 3
2024-10-14 17:36:28.914233 Echo: Juliett, sending you 3
2024-10-14 17:36:28.915329 Delta: Alpha and Hotel, sending you 5
2024-10-14 17:36:28.921726 Golf: Quebec, sending you 3
2024-10-14 17:36:28.922688 Lima: Quebec and Yankee, sending you 4
2024-10-14 17:36:28.925677 Golf: Yankee and Lima, sending you 5
2024-10-14 17:36:28.926230 Lima: Golf, sending you 5
chatterbot Juliett submitting transactions
chatterbot Alpha submitting transactions
chatterbot Delta submitting transactions
chatterbot Echo submitting transactions
chatterbot Hotel submitting transactions
chatterbot Lima submitting transactions
chatterbot Golf submitting transactions
chatterbot Yankee submitting transactions
chatterbot Victor submitting transactions
chatterbot Quebec submitting transactions
ChatterBot Victor round 11
ChatterBot Quebec round 11
ChatterBot Echo round 11
ChatterBot Alpha round 11
ChatterBot Delta round 11
ChatterBot Hotel round 11
ChatterBot Juliett round 11
ChatterBot Yankee round 11
ChatterBot Lima round 11
ChatterBot Golf round 11
2024-10-14 17:36:30.097432 Delta: We should add Quebec
2024-10-14 17:36:30.118592 Echo: No
2024-10-14 17:36:30.118888 Alpha: No
2024-10-14 17:36:30.119098 Hotel: No
2024-10-14 17:36:30.119287 Victor: No
2024-10-14 17:36:30.119475 Juliett: No
ChatterBot Delta reevaluating
ChatterBot Delta reevaluating
ChatterBot Delta reevaluating
ChatterBot Delta reevaluating
ChatterBot Delta reevaluating
2024-10-14 17:36:30.231949 Quebec: Yankee, sending you 2
2024-10-14 17:36:30.232683 Victor: Echo and Alpha, sending you 2
2024-10-14 17:36:30.234689 Quebec: Lima, sending you 4
2024-10-14 17:36:30.235957 Delta: We should drop Victor
2024-10-14 17:36:30.251377 Juliett: Yes
2024-10-14 17:36:30.251569 Echo: No
2024-10-14 17:36:30.251739 Alpha: No
2024-10-14 17:36:30.251878 Hotel: No
ChatterBot Delta reevaluating
ChatterBot Delta reevaluating
ChatterBot Delta reevaluating
ChatterBot Delta reevaluating
2024-10-14 17:36:30.308354 Victor: Delta and Hotel, sending you 3
2024-10-14 17:36:30.309329 Quebec: Golf, sending you 3
2024-10-14 17:36:30.311668 Yankee: Sending you each 1
2024-10-14 17:36:30.312154 Juliett: Echo, Delta and Hotel, sending you 2
2024-10-14 17:36:30.313058 Alpha: Victor, sending you 2
2024-10-14 17:36:30.313978 Golf: Quebec and Yankee, sending you 4
2024-10-14 17:36:30.314512 Hotel: Victor and Juliett, sending you 3
2024-10-14 17:36:30.315185 Echo: Victor, sending you 2
2024-10-14 17:36:30.315881 Lima: Quebec and Yankee, sending you 4
2024-10-14 17:36:30.317029 Juliett: Alpha, sending you 1
2024-10-14 17:36:30.317554 Alpha: Delta and Hotel, sending you 4
2024-10-14 17:36:30.318684 Golf: Lima, sending you 5
2024-10-14 17:36:30.319396 Hotel: Echo, Alpha and Delta, sending you 4
2024-10-14 17:36:30.321104 Echo: Alpha, sending you 1
2024-10-14 17:36:30.322180 Lima: Golf, sending you 5
2024-10-14 17:36:30.322892 Delta: Victor, sending you 4
2024-10-14 17:36:30.324682 Alpha: Juliett, sending you 1
2024-10-14 17:36:30.326686 Echo: Delta and Juliett, sending you 3
2024-10-14 17:36:30.329264 Delta: Echo, sending you 3
2024-10-14 17:36:30.331684 Echo: Hotel, sending you 6
2024-10-14 17:36:30.334670 Delta: Alpha and Hotel, sending you 6
chatterbot Quebec submitting transactions
chatterbot Lima submitting transactions
chatterbot Juliett submitting transactions
chatterbot Echo submitting transactions
chatterbot Victor submitting transactions
chatterbot Yankee submitting transactions
chatterbot Delta submitting transactions
chatterbot Golf submitting transactions
chatterbot Hotel submitting transactions
chatterbot Alpha submitting transactions
ChatterBot Victor round 12
ChatterBot Quebec round 12
ChatterBot Echo round 12
ChatterBot Alpha round 12
ChatterBot Delta round 12
ChatterBot Hotel round 12
ChatterBot Juliett round 12
ChatterBot Yankee round 12
ChatterBot Lima round 12
ChatterBot Golf round 12
2024-10-14 17:36:31.368728 Juliett: We should replace Delta with Victor
2024-10-14 17:36:31.378758 Echo: No
2024-10-14 17:36:31.379319 Alpha: No
2024-10-14 17:36:31.379451 Hotel: No
ChatterBot Juliett reevaluating
ChatterBot Alpha reevaluating
ChatterBot Juliett reevaluating
ChatterBot Juliett reevaluating
ChatterBot Alpha reevaluating
2024-10-14 17:36:31.438702 Echo: Victor, sending you 2
2024-10-14 17:36:31.441245 Victor: Echo and Alpha, sending you 2
2024-10-14 17:36:31.442549 Hotel: Victor and Juliett, sending you 3
2024-10-14 17:36:31.445550 Echo: Alpha, sending you 1
2024-10-14 17:36:31.448138 Victor: Delta and Hotel, sending you 3
2024-10-14 17:36:31.449782 Hotel: Echo, Alpha and Delta, sending you 4
2024-10-14 17:36:31.451790 Alpha: Victor, sending you 2
2024-10-14 17:36:31.453218 Quebec: Yankee, sending you 2
2024-10-14 17:36:31.454583 Echo: Delta and Juliett, sending you 3
2024-10-14 17:36:31.455711 Yankee: Quebec, sending you 5
2024-10-14 17:36:31.456395 Juliett: Echo, Delta and Hotel, sending you 2
2024-10-14 17:36:31.457716 Lima: Quebec and Yankee, sending you 4
2024-10-14 17:36:31.458345 Delta: Victor, sending you 4
2024-10-14 17:36:31.459162 Alpha: Delta and Hotel, sending you 4
2024-10-14 17:36:31.460399 Quebec: Lima, sending you 4
2024-10-14 17:36:31.460807 Echo: Hotel, sending you 6
2024-10-14 17:36:31.461644 Yankee: Lima and Golf, sending you 6
2024-10-14 17:36:31.462875 Juliett: Alpha, sending you 1
2024-10-14 17:36:31.463313 Lima: Golf, sending you 5
2024-10-14 17:36:31.463841 Delta: Echo, sending you 3
2024-10-14 17:36:31.464687 Alpha: Juliett, sending you 1
2024-10-14 17:36:31.466306 Quebec: Golf, sending you 3
2024-10-14 17:36:31.467035 Golf: Quebec and Yankee, sending you 4
2024-10-14 17:36:31.468673 Delta: Alpha and Hotel, sending you 6
2024-10-14 17:36:31.469692 Golf: Lima, sending you 5
chatterbot Alpha submitting transactions
chatterbot Golf submitting transactions
chatterbot Victor submitting transactions
chatterbot Lima submitting transactions
chatterbot Juliett submitting transactions
chatterbot Echo submitting transactions
chatterbot Hotel submitting transactions
chatterbot Delta submitting transactions
chatterbot Quebec submitting transactions
chatterbot Yankee submitting transactions
ChatterBot Victor round 13
ChatterBot Quebec round 13
ChatterBot Echo round 13
ChatterBot Alpha round 13
ChatterBot Delta round 13
ChatterBot Hotel round 13
ChatterBot Juliett round 13
ChatterBot Yankee round 13
ChatterBot Lima round 13
ChatterBot Golf round 13
2024-10-14 17:36:32.718725 Echo: Victor, sending you 2
2024-10-14 17:36:32.724693 Echo: Delta, sending you 4
2024-10-14 17:36:32.726318 Victor: Echo and Alpha, sending you 2
2024-10-14 17:36:32.728334 Quebec: Sending you each 3
2024-10-14 17:36:32.729505 Yankee: Quebec, sending you 5
2024-10-14 17:36:32.730969 Hotel: Victor and Juliett, sending you 3
2024-10-14 17:36:32.733813 Echo: Hotel, sending you 6
2024-10-14 17:36:32.737339 Victor: Delta and Hotel, sending you 3
2024-10-14 17:36:32.738725 Delta: Victor, sending you 4
2024-10-14 17:36:32.741113 Yankee: Lima and Golf, sending you 6
2024-10-14 17:36:32.742477 Hotel: Echo, Alpha and Delta, sending you 4
2024-10-14 17:36:32.745774 Alpha: Victor, sending you 2
2024-10-14 17:36:32.748332 Lima: Quebec and Yankee, sending you 4
2024-10-14 17:36:32.749410 Juliett: Echo, sending you 2
2024-10-14 17:36:32.750549 Echo: Juliett, sending you 3
2024-10-14 17:36:32.752969 Golf: Quebec, sending you 3
2024-10-14 17:36:32.755125 Delta: Echo, sending you 3
2024-10-14 17:36:32.756728 Lima: Golf, sending you 5
2024-10-14 17:36:32.758164 Alpha: Delta and Hotel, sending you 4
2024-10-14 17:36:32.760977 Juliett: Alpha and Delta, sending you 1
2024-10-14 17:36:32.763350 Golf: Yankee and Lima, sending you 5
2024-10-14 17:36:32.764514 Delta: Alpha and Hotel, sending you 6
2024-10-14 17:36:32.766199 Alpha: Juliett, sending you 1
2024-10-14 17:36:32.768373 Juliett: Hotel, sending you 3
chatterbot Victor submitting transactions
chatterbot Echo submitting transactions
chatterbot Golf submitting transactions
chatterbot Yankee submitting transactions
chatterbot Lima submitting transactions
chatterbot Hotel submitting transactions
chatterbot Alpha submitting transactions
chatterbot Juliett submitting transactions
chatterbot Delta submitting transactions
chatterbot Quebec submitting transactions
ChatterBot Victor round 14
ChatterBot Quebec round 14
ChatterBot Echo round 14
ChatterBot Alpha round 14
ChatterBot Delta round 14
ChatterBot Hotel round 14
ChatterBot Juliett round 14
ChatterBot Yankee round 14
ChatterBot Lima round 14
ChatterBot Golf round 14
2024-10-14 17:36:33.909484 Juliett: We should replace Delta with Victor
2024-10-14 17:36:33.915698 Echo: No
2024-10-14 17:36:33.915833 Alpha: No
2024-10-14 17:36:33.915934 Hotel: No
ChatterBot Juliett reevaluating
ChatterBot Juliett reevaluating
2024-10-14 17:36:33.945675 Quebec: Same as last round
2024-10-14 17:36:33.951693 Victor: Echo and Alpha, sending you 2
2024-10-14 17:36:33.953662 Delta: Victor, sending you 4
2024-10-14 17:36:33.954698 Victor: Delta and Hotel, sending you 3
2024-10-14 17:36:33.956320 Alpha: Victor, sending you 2
2024-10-14 17:36:33.957771 Lima: Quebec and Yankee, sending you 4
2024-10-14 17:36:33.958365 Delta: Echo, sending you 3
2024-10-14 17:36:33.958987 Hotel: Victor and Juliett, sending you 3
2024-10-14 17:36:33.962149 Alpha: Delta and Hotel, sending you 4
2024-10-14 17:36:33.963275 Echo: Victor, sending you 2
2024-10-14 17:36:33.964080 Lima: Golf, sending you 5
2024-10-14 17:36:33.964515 Delta: Alpha and Hotel, sending you 6
2024-10-14 17:36:33.964961 Hotel: Echo, Alpha and Delta, sending you 4
