ChatterBot Uniform round 1
ChatterBot Oscar round 1
ChatterBot Sierra round 1
ChatterBot Whiskey round 1
ChatterBot Mike round 1
ChatterBot Bravo round 1
ChatterBot Echo round 1
ChatterBot Romeo round 1
ChatterBot Charlie round 1
ChatterBot Golf round 1
randomSelections Bravo: {Bravo, Charlie, Sierra, Oscar, Uniform} 
2024-10-14 17:36:16.535082 Bravo: Can we be friends?
ChatterBot Charlie reevaluating
ChatterBot Sierra reevaluating
ChatterBot Oscar reevaluating
ChatterBot Uniform reevaluating
2024-10-14 17:36:16.547925 Charlie: Yes
2024-10-14 17:36:16.548175 Sierra: Yes
2024-10-14 17:36:16.549074 Oscar: Yes
2024-10-14 17:36:16.549213 Uniform: Yes
ChatterBot Sierra reevaluating
ChatterBot Oscar reevaluating
ChatterBot Uniform reevaluating
ChatterBot Charlie reevaluating
ChatterBot Oscar reevaluating
ChatterBot Uniform reevaluating
ChatterBot Charlie reevaluating
ChatterBot Sierra reevaluating
ChatterBot Uniform reevaluating
ChatterBot Charlie reevaluating
ChatterBot Sierra reevaluating
ChatterBot Oscar reevaluating
randomSelections Whiskey: {Whiskey, Golf, Romeo, Mike, Oscar, Sierra} 
2024-10-14 17:36:16.590521 Whiskey: Group up?
ChatterBot Golf reevaluating
ChatterBot Romeo reevaluating
ChatterBot Mike reevaluating
ChatterBot Oscar reevaluating
ChatterBot Sierra reevaluating
2024-10-14 17:36:16.604336 Golf: Yes
2024-10-14 17:36:16.604529 Romeo: Yes
2024-10-14 17:36:16.604855 Mike: Yes
2024-10-14 17:36:16.604995 Oscar: No
2024-10-14 17:36:16.605552 Sierra: No
ChatterBot Romeo reevaluating
ChatterBot Mike reevaluating
ChatterBot Oscar reevaluating
ChatterBot Sierra reevaluating
ChatterBot Golf reevaluating
ChatterBot Mike reevaluating
ChatterBot Oscar reevaluating
ChatterBot Sierra reevaluating
ChatterBot Golf reevaluating
ChatterBot Romeo reevaluating
ChatterBot Oscar reevaluating
ChatterBot Sierra reevaluating
ChatterBot Golf reevaluating
ChatterBot Romeo reevaluating
ChatterBot Mike reevaluating
ChatterBot Sierra reevaluating
ChatterBot Golf reevaluating
ChatterBot Romeo reevaluating
ChatterBot Mike reevaluating
ChatterBot Oscar reevaluating
randomSelections Echo: {Echo, Golf, Uniform, Mike} 
2024-10-14 17:36:16.661394 Echo: We would work well together
ChatterBot Golf reevaluating
ChatterBot Uniform reevaluating
ChatterBot Mike reevaluating
2024-10-14 17:36:16.666656 Golf: No
2024-10-14 17:36:16.666842 Uniform: No
2024-10-14 17:36:16.666964 Mike: No
ChatterBot Uniform reevaluating
ChatterBot Mike reevaluating
ChatterBot Golf reevaluating
ChatterBot Mike reevaluating
ChatterBot Golf reevaluating
ChatterBot Uniform reevaluating
2024-10-14 17:36:16.698724 Mike: Sierra and Romeo, sending you 3
2024-10-14 17:36:16.699722 Uniform: Oscar, sending you 2
2024-10-14 17:36:16.700711 Oscar: Uniform and Charlie, sending you 3
2024-10-14 17:36:16.701717 Bravo: Uniform and Oscar, sending you 3
2024-10-14 17:36:16.702688 Whiskey: Oscar, Mike and Romeo, sending you 3
2024-10-14 17:36:16.702985 Echo: Uniform, sending you 3
2024-10-14 17:36:16.703184 Uniform: Sierra and Bravo, sending you 4
2024-10-14 17:36:16.703699 Mike: Whiskey, sending you 4
2024-10-14 17:36:16.704374 Romeo: Sierra, sending you 4
2024-10-14 17:36:16.704714 Oscar: Sierra, sending you 1
2024-10-14 17:36:16.705005 Bravo: Sierra and Charlie, sending you 2
2024-10-14 17:36:16.705666 Uniform: Charlie, sending you 7
2024-10-14 17:36:16.706676 Whiskey: Sierra, sending you 1
2024-10-14 17:36:16.707027 Echo: Mike and Golf, sending you 4
2024-10-14 17:36:16.707843 Romeo: Whiskey and Golf, sending you 3
2024-10-14 17:36:16.708112 Oscar: Bravo, sending you 2
2024-10-14 17:36:16.708677 Mike: Golf, sending you 2
2024-10-14 17:36:16.709676 Charlie: Uniform, sending you 2
2024-10-14 17:36:16.709981 Sierra: Uniform and Oscar, sending you 1
2024-10-14 17:36:16.710218 Golf: Oscar, Sierra and Mike, sending you 3
2024-10-14 17:36:16.711665 Whiskey: Golf, sending you 2
2024-10-14 17:36:16.712714 Romeo: Mike, sending you 7
2024-10-14 17:36:16.713680 Golf: Whiskey, sending you 6
2024-10-14 17:36:16.714651 Charlie: Oscar and Bravo, sending you 4
2024-10-14 17:36:16.714989 Sierra: Bravo, sending you 5
2024-10-14 17:36:16.716668 Golf: Romeo, sending you 2
2024-10-14 17:36:16.717718 Charlie: Sierra, sending you 7
2024-10-14 17:36:16.719649 Sierra: Charlie, sending you 3
chatterbot Golf submitting transactions
chatterbot Uniform submitting transactions
chatterbot Bravo submitting transactions
chatterbot Echo submitting transactions
chatterbot Oscar submitting transactions
chatterbot Sierra submitting transactions
chatterbot Romeo submitting transactions
chatterbot Whiskey submitting transactions
chatterbot Charlie submitting transactions
chatterbot Mike submitting transactions
ChatterBot Uniform round 2
ChatterBot Oscar round 2
ChatterBot Sierra round 2
ChatterBot Whiskey round 2
ChatterBot Mike round 2
ChatterBot Bravo round 2
ChatterBot Echo round 2
ChatterBot Romeo round 2
2024-10-14 17:36:18.058486 Uniform: We should add Echo
ChatterBot Bravo reevaluating
ChatterBot Charlie reevaluating
ChatterBot Sierra reevaluating
ChatterBot Oscar reevaluating
2024-10-14 17:36:18.079324 Bravo: No
2024-10-14 17:36:18.079503 Charlie: No
2024-10-14 17:36:18.079639 Sierra: No
2024-10-14 17:36:18.079758 Oscar: No
ChatterBot Charlie reevaluating
ChatterBot Sierra reevaluating
ChatterBot Oscar reevaluating
ChatterBot Uniform reevaluating
ChatterBot Bravo reevaluating
ChatterBot Sierra reevaluating
ChatterBot Oscar reevaluating
ChatterBot Uniform reevaluating
ChatterBot Bravo reevaluating
ChatterBot Charlie reevaluating
ChatterBot Oscar reevaluating
ChatterBot Uniform reevaluating
ChatterBot Bravo reevaluating
ChatterBot Charlie reevaluating
ChatterBot Sierra reevaluating
ChatterBot Uniform reevaluating
2024-10-14 17:36:18.152941 Charlie: Let's form a team
ChatterBot Sierra reevaluating
2024-10-14 17:36:18.157841 Sierra: Yes
ChatterBot Charlie reevaluating
ChatterBot Charlie round 2
ChatterBot Golf round 2
2024-10-14 17:36:18.179785 Echo: We would work well together
ChatterBot Whiskey reevaluating
ChatterBot Mike reevaluating
ChatterBot Romeo reevaluating
ChatterBot Golf reevaluating
2024-10-14 17:36:18.191824 Whiskey: Yes
2024-10-14 17:36:18.192393 Mike: Yes
2024-10-14 17:36:18.192547 Romeo: Yes
2024-10-14 17:36:18.192658 Golf: Yes
ChatterBot Mike reevaluating
ChatterBot Romeo reevaluating
ChatterBot Golf reevaluating
ChatterBot Whiskey reevaluating
ChatterBot Romeo reevaluating
ChatterBot Golf reevaluating
ChatterBot Whiskey reevaluating
ChatterBot Mike reevaluating
ChatterBot Golf reevaluating
ChatterBot Whiskey reevaluating
ChatterBot Mike reevaluating
ChatterBot Romeo reevaluating
2024-10-14 17:36:18.239835 Mike: Can we be friends?
ChatterBot Whiskey reevaluating
ChatterBot Romeo reevaluating
ChatterBot Golf reevaluating
2024-10-14 17:36:18.253072 Echo: Yes
2024-10-14 17:36:18.253236 Whiskey: Yes
2024-10-14 17:36:18.253335 Romeo: Yes
2024-10-14 17:36:18.253435 Golf: Yes
ChatterBot Whiskey reevaluating
ChatterBot Mike reevaluating
ChatterBot Romeo reevaluating
ChatterBot Golf reevaluating
ChatterBot Mike reevaluating
ChatterBot Romeo reevaluating
ChatterBot Golf reevaluating
ChatterBot Whiskey reevaluating
ChatterBot Mike reevaluating
ChatterBot Golf reevaluating
ChatterBot Whiskey reevaluating
ChatterBot Mike reevaluating
ChatterBot Romeo reevaluating
2024-10-14 17:36:18.319140 Golf: We should replace Oscar with Echo
ChatterBot Whiskey reevaluating
ChatterBot Romeo reevaluating
2024-10-14 17:36:18.333644 Whiskey: Yes
2024-10-14 17:36:18.334939 Mike: Yes
2024-10-14 17:36:18.335077 Romeo: Yes
2024-10-14 17:36:18.335184 Sierra: No
ChatterBot Golf reevaluating
ChatterBot Romeo reevaluating
ChatterBot Golf reevaluating
ChatterBot Whiskey reevaluating
ChatterBot Romeo reevaluating
ChatterBot Golf reevaluating
ChatterBot Whiskey reevaluating
ChatterBot Golf reevaluating
ChatterBot Whiskey reevaluating
ChatterBot Romeo reevaluating
2024-10-14 17:36:18.465606 Echo: Sending you each 4
2024-10-14 17:36:18.466098 Bravo: Uniform, Sierra and Charlie, sending you 3
2024-10-14 17:36:18.467242 Golf: Echo we want you to join our group
2024-10-14 17:36:18.471030 Echo: No
2024-10-14 17:36:18.484388 Bravo: Oscar, sending you 1
2024-10-14 17:36:18.485425 Mike: Whiskey and Golf, sending you 2
2024-10-14 17:36:18.492789 Charlie: Uniform, sending you 7
2024-10-14 17:36:18.493262 Oscar: Uniform, Sierra and Bravo, sending you 2
2024-10-14 17:36:18.494211 Uniform: Oscar, sending you 6
2024-10-14 17:36:18.494718 Sierra: Uniform, sending you 3
2024-10-14 17:36:18.495751 Mike: Echo, sending you 3
2024-10-14 17:36:18.496172 Whiskey: Mike, sending you 4
2024-10-14 17:36:18.496592 Romeo: Whiskey and Mike, sending you 5
2024-10-14 17:36:18.497507 Charlie: Oscar and Sierra, sending you 4
2024-10-14 17:36:18.498070 Oscar: Charlie, sending you 3
2024-10-14 17:36:18.498491 Uniform: Sierra, sending you 2
2024-10-14 17:36:18.499806 Sierra: Oscar, sending you 1
2024-10-14 17:36:18.500116 Mike: Romeo, sending you 5
2024-10-14 17:36:18.502693 Whiskey: Romeo, sending you 3
2024-10-14 17:36:18.503065 Romeo: Echo, sending you 3
2024-10-14 17:36:18.503437 Charlie: Bravo, sending you 2
2024-10-14 17:36:18.504313 Uniform: Bravo, sending you 5
2024-10-14 17:36:18.504833 Sierra: Bravo, sending you 2
2024-10-14 17:36:18.507836 Whiskey: Golf, sending you 5
2024-10-14 17:36:18.508798 Romeo: Golf, sending you 4
2024-10-14 17:36:18.509401 Uniform: Charlie, sending you 4
2024-10-14 17:36:18.515962 Sierra: Charlie, sending you 4
2024-10-14 17:36:18.520150 Golf: Sierra, sending you 2
2024-10-14 17:36:18.524729 Golf: Whiskey and Mike, sending you 3
2024-10-14 17:36:18.530619 Golf: Echo, sending you 5
2024-10-14 17:36:18.538139 Golf: Romeo, sending you 4
chatterbot Uniform submitting transactions
chatterbot Echo submitting transactions
chatterbot Charlie submitting transactions
chatterbot Bravo submitting transactions
chatterbot Whiskey submitting transactions
chatterbot Golf submitting transactions
chatterbot Mike submitting transactions
chatterbot Sierra submitting transactions
chatterbot Oscar submitting transactions
chatterbot Romeo submitting transactions
ChatterBot Uniform round 3
ChatterBot Oscar round 3
ChatterBot Sierra round 3
ChatterBot Whiskey round 3
ChatterBot Mike round 3
ChatterBot Bravo round 3
ChatterBot Echo round 3
ChatterBot Romeo round 3
ChatterBot Charlie round 3
ChatterBot Golf round 3
2024-10-14 17:36:19.928719 Golf: We should replace Sierra with Oscar
2024-10-14 17:36:19.938729 Echo: No
2024-10-14 17:36:19.938942 Whiskey: No
2024-10-14 17:36:19.939057 Mike: No
2024-10-14 17:36:19.939174 Romeo: No
ChatterBot Golf reevaluating
2024-10-14 17:36:19.977661 Uniform: Oscar and Sierra, sending you 3
2024-10-14 17:36:19.978191 Sierra: Uniform, Oscar and Bravo, sending you 2
2024-10-14 17:36:19.978679 Mike: Whiskey and Echo, sending you 3
2024-10-14 17:36:19.979956 Whiskey: Mike, sending you 3
2024-10-14 17:36:19.980449 Oscar: Uniform and Charlie, sending you 3
2024-10-14 17:36:19.982881 Golf: We should drop Sierra
2024-10-14 17:36:19.996583 Echo: Yes
2024-10-14 17:36:19.997120 Whiskey: Yes
2024-10-14 17:36:19.997296 Mike: Yes
2024-10-14 17:36:19.997447 Romeo: Yes
ChatterBot Golf reevaluating
ChatterBot Golf reevaluating
ChatterBot Golf reevaluating
ChatterBot Golf reevaluating
2024-10-14 17:36:20.051741 Uniform: Bravo, sending you 4
2024-10-14 17:36:20.052136 Sierra: Charlie, sending you 4
2024-10-14 17:36:20.052422 Mike: Romeo, sending you 4
2024-10-14 17:36:20.052679 Whiskey: Echo, sending you 1
2024-10-14 17:36:20.052906 Oscar: Sierra, sending you 1
2024-10-14 17:36:20.053618 Echo: Whiskey, sending you 1
2024-10-14 17:36:20.054675 Uniform: Charlie, sending you 7
2024-10-14 17:36:20.055801 Oscar: Bravo, sending you 2
2024-10-14 17:36:20.056849 Whiskey: Romeo and Golf, sending you 4
2024-10-14 17:36:20.057745 Mike: Golf, sending you 2
2024-10-14 17:36:20.058115 Echo: Mike and Golf, sending you 5
2024-10-14 17:36:20.058468 Bravo: Uniform and Sierra, sending you 3
2024-10-14 17:36:20.058862 Romeo: Whiskey, Echo and Golf, sending you 4
2024-10-14 17:36:20.059317 Charlie: Uniform, sending you 6
2024-10-14 17:36:20.062122 Echo: Romeo, sending you 4
2024-10-14 17:36:20.062645 Romeo: Mike, sending you 5
2024-10-14 17:36:20.063160 Charlie: Oscar, sending you 4
2024-10-14 17:36:20.064090 Bravo: Oscar and Charlie, sending you 2
2024-10-14 17:36:20.064749 Golf: Oscar we want you to join our group
2024-10-14 17:36:20.068053 Oscar: No
ChatterBot Golf reevaluating
2024-10-14 17:36:20.082060 Charlie: Sierra, sending you 5
2024-10-14 17:36:20.084696 Charlie: Bravo, sending you 2
2024-10-14 17:36:20.101684 Golf: Whiskey, sending you 5
2024-10-14 17:36:20.104699 Golf: Mike, Echo and Romeo, sending you 4
chatterbot Oscar submitting transactions
chatterbot Bravo submitting transactions
chatterbot Mike submitting transactions
chatterbot Uniform submitting transactions
chatterbot Charlie submitting transactions
chatterbot Sierra submitting transactions
chatterbot Echo submitting transactions
chatterbot Golf submitting transactions
chatterbot Whiskey submitting transactions
chatterbot Romeo submitting transactions
ChatterBot Uniform round 4
ChatterBot Oscar round 4
ChatterBot Sierra round 4
ChatterBot Whiskey round 4
ChatterBot Mike round 4
ChatterBot Bravo round 4
ChatterBot Echo round 4
ChatterBot Romeo round 4
ChatterBot Charlie round 4
ChatterBot Golf round 4
2024-10-14 17:36:21.232446 Golf: We should add Oscar
2024-10-14 17:36:21.244514 Echo: No
2024-10-14 17:36:21.244739 Whiskey: No
2024-10-14 17:36:21.245270 Mike: No
2024-10-14 17:36:21.245432 Romeo: No
ChatterBot Golf reevaluating
ChatterBot Golf reevaluating
ChatterBot Golf reevaluating
2024-10-14 17:36:21.285683 Oscar: Uniform, Sierra and Bravo, sending you 2
2024-10-14 17:36:21.286659 Mike: Whiskey and Echo, sending you 3
2024-10-14 17:36:21.289680 Oscar: Charlie, sending you 3
2024-10-14 17:36:21.290126 Echo: Whiskey, sending you 1
2024-10-14 17:36:21.290891 Mike: Romeo, sending you 4
2024-10-14 17:36:21.294674 Echo: Mike, sending you 4
2024-10-14 17:36:21.295079 Mike: Golf, sending you 2
2024-10-14 17:36:21.296683 Romeo: Whiskey, Echo and Golf, sending you 4
2024-10-14 17:36:21.298760 Echo: Romeo and Golf, sending you 5
2024-10-14 17:36:21.299682 Romeo: Mike, sending you 5
2024-10-14 17:36:21.301195 Sierra: Uniform, Oscar and Bravo, sending you 2
2024-10-14 17:36:21.301676 Charlie: Uniform, sending you 6
2024-10-14 17:36:21.302053 Uniform: Oscar and Bravo, sending you 4
2024-10-14 17:36:21.302517 Bravo: Uniform and Sierra, sending you 3
2024-10-14 17:36:21.303659 Whiskey: Mike, sending you 3
2024-10-14 17:36:21.305909 Sierra: Charlie, sending you 4
2024-10-14 17:36:21.306309 Charlie: Oscar, sending you 4
2024-10-14 17:36:21.306650 Uniform: Sierra, sending you 3
2024-10-14 17:36:21.306964 Bravo: Oscar and Charlie, sending you 2
2024-10-14 17:36:21.307328 Golf: Whiskey, sending you 5
2024-10-14 17:36:21.307686 Whiskey: Echo, sending you 1
2024-10-14 17:36:21.310675 Uniform: Charlie, sending you 6
2024-10-14 17:36:21.311084 Golf: Mike, Echo and Romeo, sending you 4
2024-10-14 17:36:21.311451 Whiskey: Romeo and Golf, sending you 4
2024-10-14 17:36:21.311832 Charlie: Sierra, sending you 5
2024-10-14 17:36:21.314687 Charlie: Bravo, sending you 2
chatterbot Sierra submitting transactions
chatterbot Charlie submitting transactions
chatterbot Bravo submitting transactions
chatterbot Romeo submitting transactions
chatterbot Echo submitting transactions
chatterbot Whiskey submitting transactions
chatterbot Uniform submitting transactions
chatterbot Oscar submitting transactions
chatterbot Golf submitting transactions
chatterbot Mike submitting transactions
ChatterBot Uniform round 5
ChatterBot Oscar round 5
ChatterBot Sierra round 5
ChatterBot Whiskey round 5
ChatterBot Mike round 5
ChatterBot Bravo round 5
ChatterBot Echo round 5
ChatterBot Romeo round 5
ChatterBot Charlie round 5
ChatterBot Golf round 5
2024-10-14 17:36:22.436661 Uniform: Oscar and Sierra, sending you 3
2024-10-14 17:36:22.438671 Charlie: Uniform, sending you 6
2024-10-14 17:36:22.441018 Sierra: Uniform, Oscar and Bravo, sending you 2
2024-10-14 17:36:22.441709 Uniform: Bravo, sending you 4
2024-10-14 17:36:22.442233 Charlie: Oscar, sending you 4
2024-10-14 17:36:22.442836 Romeo: Whiskey, Echo and Golf, sending you 4
2024-10-14 17:36:22.443276 Golf: Whiskey and Echo, sending you 1
2024-10-14 17:36:22.443679 Mike: Whiskey, sending you 2
2024-10-14 17:36:22.445675 Oscar: Uniform, Sierra and Bravo, sending you 2
2024-10-14 17:36:22.446494 Bravo: Uniform and Sierra, sending you 3
2024-10-14 17:36:22.446884 Sierra: Charlie, sending you 4
2024-10-14 17:36:22.447253 Uniform: Charlie, sending you 7
2024-10-14 17:36:22.447602 Charlie: Sierra, sending you 5
2024-10-14 17:36:22.447922 Romeo: Mike, sending you 5
2024-10-14 17:36:22.448251 Mike: Echo and Golf, sending you 3
2024-10-14 17:36:22.448574 Echo: Whiskey, sending you 2
2024-10-14 17:36:22.449668 Oscar: Charlie, sending you 3
2024-10-14 17:36:22.450660 Whiskey: Mike, sending you 3
2024-10-14 17:36:22.451709 Bravo: Oscar and Charlie, sending you 2
2024-10-14 17:36:22.452169 Charlie: Bravo, sending you 2
2024-10-14 17:36:22.452560 Mike: Romeo, sending you 4
2024-10-14 17:36:22.453681 Echo: Mike, sending you 4
2024-10-14 17:36:22.454688 Whiskey: Echo, sending you 1
2024-10-14 17:36:22.458147 Echo: Romeo and Golf, sending you 5
2024-10-14 17:36:22.458609 Whiskey: Romeo and Golf, sending you 4
chatterbot Sierra submitting transactions
chatterbot Uniform submitting transactions
chatterbot Mike submitting transactions
chatterbot Oscar submitting transactions
chatterbot Charlie submitting transactions
chatterbot Romeo submitting transactions
chatterbot Golf submitting transactions
chatterbot Whiskey submitting transactions
chatterbot Echo submitting transactions
chatterbot Bravo submitting transactions
ChatterBot Uniform round 6
ChatterBot Oscar round 6
ChatterBot Sierra round 6
ChatterBot Whiskey round 6
ChatterBot Mike round 6
ChatterBot Bravo round 6
ChatterBot Echo round 6
ChatterBot Romeo round 6
ChatterBot Charlie round 6
ChatterBot Golf round 6
2024-10-14 17:36:23.657658 Mike: Whiskey and Echo, sending you 3
2024-10-14 17:36:23.658663 Uniform: Oscar and Sierra, sending you 3
2024-10-14 17:36:23.660657 Mike: Romeo, sending you 4
2024-10-14 17:36:23.663699 Uniform: Bravo, sending you 4
2024-10-14 17:36:23.664809 Charlie: I was attacked by Golf
ChatterBot Bravo reevaluating
ChatterBot Sierra reevaluating
ChatterBot Oscar reevaluating
ChatterBot Uniform reevaluating
2024-10-14 17:36:23.680449 Charlie: I'm keeping this round to protect myself
2024-10-14 17:36:23.682143 Charlie: Ow
2024-10-14 17:36:23.682530 Mike: Golf, sending you 2
2024-10-14 17:36:23.686669 Whiskey: Mike and Golf, sending you 3
2024-10-14 17:36:23.687157 Romeo: Whiskey, Echo and Golf, sending you 4
2024-10-14 17:36:23.687695 Golf: Whiskey, sending you 5
2024-10-14 17:36:23.688170 Echo: Whiskey, sending you 2
2024-10-14 17:36:23.689675 Whiskey: Echo, sending you 1
2024-10-14 17:36:23.690093 Romeo: Mike, sending you 5
2024-10-14 17:36:23.690880 Golf: Mike, Echo and Romeo, sending you 4
2024-10-14 17:36:23.693028 Echo: Mike and Romeo, sending you 5
2024-10-14 17:36:23.694672 Whiskey: Romeo, sending you 5
2024-10-14 17:36:23.695666 Echo: Golf, sending you 4
2024-10-14 17:36:23.704707 Sierra: Uniform, Oscar and Bravo, sending you 2
2024-10-14 17:36:23.706894 Oscar: Uniform, Sierra and Bravo, sending you 2
2024-10-14 17:36:23.708657 Sierra: Charlie, sending you 4
2024-10-14 17:36:23.709764 Oscar: Charlie, sending you 3
2024-10-14 17:36:23.710666 Bravo: Uniform, sending you 4
2024-10-14 17:36:23.715671 Bravo: Oscar, Sierra and Charlie, sending you 2
chatterbot Mike submitting transactions
chatterbot Charlie submitting transactions
chatterbot Golf submitting transactions
chatterbot Uniform submitting transactions
chatterbot Whiskey submitting transactions
chatterbot Bravo submitting transactions
chatterbot Romeo submitting transactions
chatterbot Sierra submitting transactions
chatterbot Oscar submitting transactions
chatterbot Echo submitting transactions
ChatterBot Uniform round 7
ChatterBot Oscar round 7
ChatterBot Sierra round 7
ChatterBot Whiskey round 7
ChatterBot Mike round 7
ChatterBot Bravo round 7
ChatterBot Echo round 7
ChatterBot Romeo round 7
ChatterBot Charlie round 7
ChatterBot Golf round 7
2024-10-14 17:36:24.942675 Oscar: Uniform, sending you 3
2024-10-14 17:36:24.948490 Oscar: Sierra, Bravo and Charlie, sending you 2
2024-10-14 17:36:24.949660 Mike: Whiskey and Echo, sending you 3
2024-10-14 17:36:24.950662 Uniform: Oscar, sending you 4
2024-10-14 17:36:24.954675 Mike: Romeo, sending you 4
2024-10-14 17:36:24.955118 Uniform: Sierra, sending you 3
2024-10-14 17:36:24.956707 Whiskey: Mike, sending you 3
2024-10-14 17:36:24.959360 Bravo: Uniform, sending you 4
2024-10-14 17:36:24.960346 Uniform: Bravo and Charlie, sending you 5
2024-10-14 17:36:24.961290 Echo: Whiskey, sending you 1
2024-10-14 17:36:24.962178 Mike: Golf, sending you 2
2024-10-14 17:36:24.964399 Romeo: Whiskey, Echo and Golf, sending you 4
2024-10-14 17:36:24.965282 Sierra: Uniform, Bravo and Charlie, sending you 3
2024-10-14 17:36:24.966046 Whiskey: Echo, sending you 1
2024-10-14 17:36:24.967780 Bravo: Oscar, sending you 2
2024-10-14 17:36:24.968454 Echo: Mike, Romeo and Golf, sending you 5
2024-10-14 17:36:24.969273 Romeo: Mike, sending you 5
2024-10-14 17:36:24.969957 Sierra: Oscar, sending you 1
2024-10-14 17:36:24.971586 Whiskey: Romeo and Golf, sending you 4
2024-10-14 17:36:24.972288 Golf: Whiskey, Mike and Romeo, sending you 4
2024-10-14 17:36:24.972999 Bravo: Sierra, sending you 3
2024-10-14 17:36:24.976689 Golf: Echo, sending you 5
2024-10-14 17:36:24.978672 Bravo: Charlie, sending you 1
chatterbot Golf submitting transactions
chatterbot Bravo submitting transactions
chatterbot Echo submitting transactions
chatterbot Charlie submitting transactions
chatterbot Uniform submitting transactions
chatterbot Mike submitting transactions
chatterbot Romeo submitting transactions
chatterbot Whiskey submitting transactions
chatterbot Oscar submitting transactions
chatterbot Sierra submitting transactions
ChatterBot Uniform round 8
ChatterBot Oscar round 8
ChatterBot Sierra round 8
ChatterBot Whiskey round 8
ChatterBot Mike round 8
ChatterBot Bravo round 8
ChatterBot Echo round 8
ChatterBot Romeo round 8
ChatterBot Charlie round 8
ChatterBot Golf round 8
2024-10-14 17:36:26.215985 Uniform: Oscar, Sierra and Charlie, sending you 4
2024-10-14 17:36:26.216577 Sierra: Uniform, Bravo and Charlie, sending you 3
2024-10-14 17:36:26.218687 Bravo: Uniform, sending you 4
2024-10-14 17:36:26.219678 Whiskey: Mike, sending you 3
2024-10-14 17:36:26.220214 Oscar: Uniform, sending you 3
2024-10-14 17:36:26.220637 Sierra: Oscar, sending you 1
2024-10-14 17:36:26.221078 Uniform: Bravo, sending you 5
2024-10-14 17:36:26.221691 Bravo: Oscar, sending you 2
2024-10-14 17:36:26.223682 Whiskey: Echo, sending you 1
2024-10-14 17:36:26.224694 Mike: Whiskey, sending you 2
2024-10-14 17:36:26.225079 Bravo: Sierra, sending you 3
2024-10-14 17:36:26.225678 Oscar: Sierra, Bravo and Charlie, sending you 2
2024-10-14 17:36:26.226393 Romeo: Whiskey, Echo and Golf, sending you 4
2024-10-14 17:36:26.229306 Echo: Whiskey, sending you 2
2024-10-14 17:36:26.230045 Whiskey: Romeo and Golf, sending you 4
2024-10-14 17:36:26.230689 Charlie: Uniform, sending you 4
2024-10-14 17:36:26.231368 Bravo: Charlie, sending you 1
2024-10-14 17:36:26.232034 Mike: Echo and Golf, sending you 3
2024-10-14 17:36:26.232713 Romeo: Mike, sending you 5
2024-10-14 17:36:26.233350 Golf: Whiskey, sending you 5
2024-10-14 17:36:26.234837 Echo: Mike, sending you 4
2024-10-14 17:36:26.235638 Charlie: Oscar, sending you 2
2024-10-14 17:36:26.236659 Mike: Romeo, sending you 4
2024-10-14 17:36:26.239245 Golf: Mike, Echo and Romeo, sending you 4
2024-10-14 17:36:26.240153 Charlie: Sierra, sending you 3
2024-10-14 17:36:26.241209 Echo: Romeo and Golf, sending you 5
2024-10-14 17:36:26.244646 Charlie: Bravo, sending you 1
chatterbot Sierra submitting transactions
chatterbot Romeo submitting transactions
chatterbot Charlie submitting transactions
chatterbot Bravo submitting transactions
chatterbot Mike submitting transactions
chatterbot Oscar submitting transactions
chatterbot Uniform submitting transactions
chatterbot Golf submitting transactions
chatterbot Echo submitting transactions
chatterbot Whiskey submitting transactions
ChatterBot Uniform round 9
ChatterBot Oscar round 9
ChatterBot Sierra round 9
ChatterBot Whiskey round 9
ChatterBot Mike round 9
ChatterBot Bravo round 9
ChatterBot Echo round 9
ChatterBot Romeo round 9
ChatterBot Charlie round 9
ChatterBot Golf round 9
2024-10-14 17:36:27.276681 Uniform: Oscar, sending you 3
2024-10-14 17:36:27.278691 Oscar: Uniform, sending you 3
2024-10-14 17:36:27.280019 Uniform: Sierra, sending you 4
2024-10-14 17:36:27.281661 Whiskey: Mike, sending you 3
2024-10-14 17:36:27.282679 Mike: Whiskey, sending you 2
2024-10-14 17:36:27.284145 Echo: Whiskey, sending you 2
2024-10-14 17:36:27.284763 Oscar: Sierra, Bravo and Charlie, sending you 2
2024-10-14 17:36:27.285503 Uniform: Bravo and Charlie, sending you 5
2024-10-14 17:36:27.286304 Whiskey: Echo, sending you 1
2024-10-14 17:36:27.287691 Mike: Echo and Golf, sending you 3
2024-10-14 17:36:27.289256 Bravo: Uniform, sending you 4
2024-10-14 17:36:27.290002 Echo: Mike, sending you 4
2024-10-14 17:36:27.290629 Whiskey: Romeo and Golf, sending you 4
2024-10-14 17:36:27.291697 Sierra: Uniform, Bravo and Charlie, sending you 3
2024-10-14 17:36:27.292344 Charlie: Uniform, sending you 6
2024-10-14 17:36:27.293075 Bravo: Oscar, sending you 2
2024-10-14 17:36:27.294617 Mike: Romeo, sending you 4
2024-10-14 17:36:27.295361 Echo: Romeo and Golf, sending you 5
2024-10-14 17:36:27.295970 Golf: Whiskey, Mike and Romeo, sending you 4
2024-10-14 17:36:27.296682 Sierra: Oscar, sending you 1
2024-10-14 17:36:27.297389 Bravo: Sierra, sending you 3
2024-10-14 17:36:27.298085 Charlie: Oscar, sending you 4
2024-10-14 17:36:27.298977 Golf: Echo, sending you 5
2024-10-14 17:36:27.300745 Romeo: Whiskey, Echo and Golf, sending you 4
2024-10-14 17:36:27.301709 Bravo: Charlie, sending you 1
2024-10-14 17:36:27.303763 Charlie: Sierra, sending you 5
2024-10-14 17:36:27.305141 Romeo: Mike, sending you 5
2024-10-14 17:36:27.309732 Charlie: Bravo, sending you 2
chatterbot Uniform submitting transactions
chatterbot Bravo submitting transactions
chatterbot Mike submitting transactions
chatterbot Oscar submitting transactions
chatterbot Sierra submitting transactions
chatterbot Charlie submitting transactions
chatterbot Whiskey submitting transactions
chatterbot Romeo submitting transactions
chatterbot Golf submitting transactions
chatterbot Echo submitting transactions
ChatterBot Uniform round 10
ChatterBot Oscar round 10
ChatterBot Sierra round 10
ChatterBot Whiskey round 10
ChatterBot Mike round 10
ChatterBot Bravo round 10
ChatterBot Echo round 10
ChatterBot Romeo round 10
ChatterBot Charlie round 10
ChatterBot Golf round 10
2024-10-14 17:36:28.475030 Oscar: Uniform, sending you 3
2024-10-14 17:36:28.478687 Uniform: Oscar, sending you 3
2024-10-14 17:36:28.479644 Bravo: Uniform, sending you 4
2024-10-14 17:36:28.480707 Oscar: Sierra, Bravo and Charlie, sending you 2
2024-10-14 17:36:28.481559 Mike: Whiskey, sending you 2
2024-10-14 17:36:28.482336 Uniform: Sierra, sending you 4
2024-10-14 17:36:28.483460 Sierra: Uniform, Bravo and Charlie, sending you 3
2024-10-14 17:36:28.484249 Golf: Whiskey, Mike and Romeo, sending you 4
2024-10-14 17:36:28.484973 Echo: Whiskey, sending you 2
2024-10-14 17:36:28.485644 Bravo: Oscar, sending you 2
2024-10-14 17:36:28.486240 Uniform: Bravo and Charlie, sending you 5
2024-10-14 17:36:28.486828 Charlie: Uniform, sending you 6
2024-10-14 17:36:28.487665 Mike: Echo and Golf, sending you 3
2024-10-14 17:36:28.488634 Whiskey: Mike, sending you 3
2024-10-14 17:36:28.489325 Sierra: Oscar, sending you 1
2024-10-14 17:36:28.490014 Echo: Mike, sending you 4
2024-10-14 17:36:28.490678 Golf: Echo, sending you 5
2024-10-14 17:36:28.491481 Bravo: Sierra, sending you 3
2024-10-14 17:36:28.492207 Charlie: Oscar, sending you 4
2024-10-14 17:36:28.493641 Mike: Romeo, sending you 4
2024-10-14 17:36:28.494410 Whiskey: Echo, sending you 1
2024-10-14 17:36:28.495576 Echo: Romeo and Golf, sending you 5
2024-10-14 17:36:28.496867 Bravo: Charlie, sending you 1
2024-10-14 17:36:28.497747 Charlie: Sierra, sending you 5
2024-10-14 17:36:28.498707 Romeo: Whiskey, Echo and Golf, sending you 4
2024-10-14 17:36:28.501009 Whiskey: Romeo and Golf, sending you 4
2024-10-14 17:36:28.503680 Charlie: Bravo, sending you 2
2024-10-14 17:36:28.506201 Romeo: Mike, sending you 5
chatterbot Romeo submitting transactions
chatterbot Whiskey submitting transactions
chatterbot Mike submitting transactions
chatterbot Sierra submitting transactions
chatterbot Uniform submitting transactions
chatterbot Charlie submitting transactions
chatterbot Golf submitting transactions
chatterbot Oscar submitting transactions
chatterbot Bravo submitting transactions
chatterbot Echo submitting transactions
ChatterBot Uniform round 11
ChatterBot Oscar round 11
ChatterBot Sierra round 11
ChatterBot Whiskey round 11
ChatterBot Mike round 11
ChatterBot Bravo round 11
ChatterBot Echo round 11
ChatterBot Romeo round 11
ChatterBot Charlie round 11
ChatterBot Golf round 11
2024-10-14 17:36:29.668657 Sierra: Uniform and Charlie, sending you 3
2024-10-14 17:36:29.671653 Sierra: Oscar and Bravo, sending you 2
2024-10-14 17:36:29.678652 Echo: Whiskey, sending you 2
2024-10-14 17:36:29.679505 Oscar: Uniform, sending you 3
2024-10-14 17:36:29.680066 Uniform: Oscar, sending you 3
2024-10-14 17:36:29.680794 Bravo: Uniform, sending you 4
2024-10-14 17:36:29.681656 Echo: Mike, sending you 4
2024-10-14 17:36:29.682695 Oscar: Sierra, Bravo and Charlie, sending you 2
2024-10-14 17:36:29.684261 Bravo: Oscar, sending you 2
2024-10-14 17:36:29.685105 Mike: Whiskey, sending you 2
2024-10-14 17:36:29.685959 Uniform: Sierra, sending you 4
2024-10-14 17:36:29.686591 Romeo: Whiskey, Echo and Golf, sending you 4
2024-10-14 17:36:29.687277 Echo: Romeo and Golf, sending you 5
2024-10-14 17:36:29.687960 Bravo: Sierra, sending you 3
2024-10-14 17:36:29.688581 Whiskey: Mike, sending you 3
2024-10-14 17:36:29.689252 Golf: Whiskey, Mike and Romeo, sending you 4
2024-10-14 17:36:29.689926 Charlie: Uniform, sending you 7
2024-10-14 17:36:29.691053 Mike: Echo and Golf, sending you 3
2024-10-14 17:36:29.691885 Uniform: Bravo and Charlie, sending you 5
2024-10-14 17:36:29.692524 Romeo: Mike, sending you 5
2024-10-14 17:36:29.693157 Bravo: Charlie, sending you 1
2024-10-14 17:36:29.693817 Whiskey: Echo, sending you 1
2024-10-14 17:36:29.694504 Golf: Echo, sending you 5
2024-10-14 17:36:29.695171 Charlie: Oscar, sending you 3
2024-10-14 17:36:29.696663 Mike: Romeo, sending you 4
2024-10-14 17:36:29.697326 Whiskey: Romeo and Golf, sending you 4
2024-10-14 17:36:29.700689 Charlie: Sierra, sending you 5
2024-10-14 17:36:29.705663 Charlie: Bravo, sending you 2
chatterbot Romeo submitting transactions
chatterbot Uniform submitting transactions
chatterbot Sierra submitting transactions
chatterbot Bravo submitting transactions
chatterbot Charlie submitting transactions
chatterbot Echo submitting transactions
chatterbot Whiskey submitting transactions
chatterbot Oscar submitting transactions
chatterbot Mike submitting transactions
chatterbot Golf submitting transactions
ChatterBot Uniform round 12
ChatterBot Oscar round 12
ChatterBot Sierra round 12
ChatterBot Whiskey round 12
ChatterBot Mike round 12
ChatterBot Bravo round 12
ChatterBot Echo round 12
ChatterBot Romeo round 12
ChatterBot Charlie round 12
ChatterBot Golf round 12
2024-10-14 17:36:30.838684 Golf: We should add Bravo
2024-10-14 17:36:30.851018 Echo: No
2024-10-14 17:36:30.851202 Whiskey: No
2024-10-14 17:36:30.851338 Mike: No
2024-10-14 17:36:30.851455 Romeo: No
ChatterBot Golf reevaluating
ChatterBot Golf reevaluating
ChatterBot Golf reevaluating
ChatterBot Golf reevaluating
2024-10-14 17:36:30.885658 Sierra: Uniform and Charlie, sending you 3
2024-10-14 17:36:30.887657 Uniform: Oscar, sending you 3
2024-10-14 17:36:30.889667 Sierra: Oscar and Bravo, sending you 2
2024-10-14 17:36:30.892660 Uniform: Sierra and Bravo, sending you 4
2024-10-14 17:36:30.898662 Uniform: Charlie, sending you 6
2024-10-14 17:36:30.899663 Charlie: Uniform, sending you 7
2024-10-14 17:36:30.901689 Oscar: Uniform, sending you 3
2024-10-14 17:36:30.902533 Mike: Whiskey, sending you 2
2024-10-14 17:36:30.903349 Whiskey: Mike, sending you 3
2024-10-14 17:36:30.904006 Romeo: Whiskey, Echo and Golf, sending you 4
2024-10-14 17:36:30.905122 Charlie: Oscar, sending you 3
2024-10-14 17:36:30.905812 Bravo: Uniform, sending you 4
2024-10-14 17:36:30.906494 Oscar: Sierra, Bravo and Charlie, sending you 2
2024-10-14 17:36:30.907146 Echo: Whiskey, sending you 2
2024-10-14 17:36:30.907721 Mike: Echo and Golf, sending you 3
2024-10-14 17:36:30.908287 Romeo: Mike, sending you 5
2024-10-14 17:36:30.908903 Whiskey: Echo, sending you 1
2024-10-14 17:36:30.909841 Charlie: Sierra, sending you 5
2024-10-14 17:36:30.910584 Bravo: Oscar, sending you 2
2024-10-14 17:36:30.911676 Echo: Mike, sending you 4
2024-10-14 17:36:30.912233 Mike: Romeo, sending you 4
2024-10-14 17:36:30.912696 Golf: Whiskey, Mike and Romeo, sending you 4
2024-10-14 17:36:30.913124 Whiskey: Romeo and Golf, sending you 4
2024-10-14 17:36:30.913533 Charlie: Bravo, sending you 2
2024-10-14 17:36:30.916673 Bravo: Sierra, sending you 3
2024-10-14 17:36:30.917490 Echo: Romeo and Golf, sending you 5
2024-10-14 17:36:30.918315 Golf: Echo, sending you 5
2024-10-14 17:36:30.921676 Bravo: Charlie, sending you 1
chatterbot Uniform submitting transactions
chatterbot Bravo submitting transactions
chatterbot Romeo submitting transactions
chatterbot Oscar submitting transactions
chatterbot Mike submitting transactions
chatterbot Golf submitting transactions
chatterbot Whiskey submitting transactions
chatterbot Sierra submitting transactions
chatterbot Charlie submitting transactions
chatterbot Echo submitting transactions
ChatterBot Uniform round 13
ChatterBot Oscar round 13
ChatterBot Sierra round 13
ChatterBot Whiskey round 13
ChatterBot Mike round 13
ChatterBot Bravo round 13
ChatterBot Echo round 13
ChatterBot Romeo round 13
ChatterBot Charlie round 13
ChatterBot Golf round 13
2024-10-14 17:36:32.117682 Uniform: Oscar, sending you 3
2024-10-14 17:36:32.120186 Oscar: Uniform, sending you 3
2024-10-14 17:36:32.121241 Whiskey: Mike, sending you 3
2024-10-14 17:36:32.122275 Uniform: Sierra and Bravo, sending you 4
2024-10-14 17:36:32.125962 Oscar: Sierra, Bravo and Charlie, sending you 2
2024-10-14 17:36:32.126673 Whiskey: Echo, sending you 1
2024-10-14 17:36:32.127373 Uniform: Charlie, sending you 6
2024-10-14 17:36:32.128129 Golf: Whiskey, Mike and Romeo, sending you 4
2024-10-14 17:36:32.128897 Echo: Whiskey, sending you 2
2024-10-14 17:36:32.130691 Whiskey: Romeo and Golf, sending you 4
2024-10-14 17:36:32.131677 Mike: Whiskey, sending you 2
2024-10-14 17:36:32.132700 Romeo: Whiskey, Echo and Golf, sending you 4
2024-10-14 17:36:32.133703 Golf: Echo, sending you 5
2024-10-14 17:36:32.135425 Echo: Mike, sending you 4
2024-10-14 17:36:32.136626 Mike: Echo and Golf, sending you 3
2024-10-14 17:36:32.138003 Romeo: Mike, sending you 5
2024-10-14 17:36:32.139530 Bravo: Uniform, sending you 4
2024-10-14 17:36:32.140333 Echo: Romeo and Golf, sending you 5
2024-10-14 17:36:32.140944 Sierra: Uniform and Charlie, sending you 3
2024-10-14 17:36:32.142661 Mike: Romeo, sending you 4
2024-10-14 17:36:32.144501 Bravo: Oscar, sending you 2
2024-10-14 17:36:32.145446 Sierra: Oscar and Bravo, sending you 2
2024-10-14 17:36:32.148670 Charlie: Uniform, sending you 7
2024-10-14 17:36:32.149693 Bravo: Sierra, sending you 3
2024-10-14 17:36:32.152656 Charlie: Oscar, sending you 3
2024-10-14 17:36:32.153655 Bravo: Charlie, sending you 1
2024-10-14 17:36:32.157675 Charlie: Sierra, sending you 5
2024-10-14 17:36:32.161656 Charlie: Bravo, sending you 2
chatterbot Oscar submitting transactions
chatterbot Whiskey submitting transactions
chatterbot Uniform submitting transactions
chatterbot Romeo submitting transactions
chatterbot Golf submitting transactions
chatterbot Charlie submitting transactions
chatterbot Sierra submitting transactions
chatterbot Bravo submitting transactions
chatterbot Mike submitting transactions
chatterbot Echo submitting transactions
ChatterBot Uniform round 14
ChatterBot Oscar round 14
ChatterBot Sierra round 14
ChatterBot Whiskey round 14
ChatterBot Mike round 14
ChatterBot Bravo round 14
ChatterBot Echo round 14
ChatterBot Romeo round 14
ChatterBot Charlie round 14
ChatterBot Golf round 14
2024-10-14 17:36:33.256651 Uniform: Oscar, sending you 3
2024-10-14 17:36:33.261111 Uniform: Sierra and Bravo, sending you 4
2024-10-14 17:36:33.263664 Echo: Whiskey, sending you 2
2024-10-14 17:36:33.264472 Oscar: Uniform, sending you 3
2024-10-14 17:36:33.265965 Sierra: Uniform and Charlie, sending you 3
2024-10-14 17:36:33.266975 Mike: Whiskey, sending you 2
2024-10-14 17:36:33.268018 Uniform: Charlie, sending you 6
2024-10-14 17:36:33.269 Echo: Mike, sending you 4
2024-10-14 17:36:33.270003 Oscar: Sierra, Bravo and Charlie, sending you 2
2024-10-14 17:36:33.271593 Whiskey: Mike, sending you 3
2024-10-14 17:36:33.272770 Sierra: Oscar and Bravo, sending you 2
2024-10-14 17:36:33.273760 Mike: Echo and Golf, sending you 3
2024-10-14 17:36:33.274718 Echo: Romeo and Golf, sending you 5
2024-10-14 17:36:33.276009 Golf: Whiskey, Mike and Romeo, sending you 4
2024-10-14 17:36:33.277008 Bravo: Uniform, sending you 4
2024-10-14 17:36:33.277967 Charlie: Uniform, sending you 7
2024-10-14 17:36:33.278951 Romeo: Whiskey, Echo and Golf, sending you 4
2024-10-14 17:36:33.280297 Whiskey: Echo, sending you 1
2024-10-14 17:36:33.281337 Mike: Romeo, sending you 4
2024-10-14 17:36:33.282341 Golf: Echo, sending you 5
2024-10-14 17:36:33.283370 Bravo: Oscar, sending you 2
2024-10-14 17:36:33.284687 Romeo: Mike, sending you 5
2024-10-14 17:36:33.285672 Charlie: Oscar, sending you 3
2024-10-14 17:36:33.286653 Whiskey: Romeo and Golf, sending you 4
2024-10-14 17:36:33.287686 Bravo: Sierra, sending you 3
2024-10-14 17:36:33.289685 Charlie: Sierra, sending you 5
2024-10-14 17:36:33.292682 Bravo: Charlie, sending you 1
2024-10-14 17:36:33.293706 Charlie: Bravo, sending you 2
chatterbot Oscar submitting transactions
chatterbot Sierra submitting transactions
chatterbot Whiskey submitting transactions
chatterbot Echo submitting transactions
chatterbot Bravo submitting transactions
chatterbot Mike submitting transactions
chatterbot Charlie submitting transactions
chatterbot Uniform submitting transactions
chatterbot Golf submitting transactions
chatterbot Romeo submitting transactions
ChatterBot Uniform round 15
ChatterBot Oscar round 15
ChatterBot Sierra round 15
ChatterBot Whiskey round 15
ChatterBot Mike round 15
ChatterBot Bravo round 15
ChatterBot Echo round 15
ChatterBot Romeo round 15
ChatterBot Charlie round 15
ChatterBot Golf round 15
2024-10-14 17:36:34.525685 Uniform: Oscar, sending you 3
2024-10-14 17:36:34.530662 Oscar: Uniform, sending you 3
2024-10-14 17:36:34.532689 Uniform: Sierra and Bravo, sending you 4
2024-10-14 17:36:34.534298 Mike: Whiskey, sending you 2
2024-10-14 17:36:34.535180 Sierra: Uniform and Charlie, sending you 3
2024-10-14 17:36:34.536428 Oscar: Sierra, Bravo and Charlie, sending you 2
2024-10-14 17:36:34.537318 Uniform: Charlie, sending you 6
2024-10-14 17:36:34.538966 Mike: Echo and Golf, sending you 3
2024-10-14 17:36:34.540361 Romeo: Whiskey, Echo and Golf, sending you 4
2024-10-14 17:36:34.542075 Sierra: Oscar and Bravo, sending you 2
2024-10-14 17:36:34.543582 Echo: Whiskey, sending you 2
2024-10-14 17:36:34.544445 Whiskey: Mike and Echo, sending you 2
