ChatterBot Foxtrot round 1
ChatterBot Tango round 1
ChatterBot X-ray round 1
ChatterBot Hotel round 1
ChatterBot Mike round 1
ChatterBot Delta round 1
ChatterBot Alpha round 1
ChatterBot India round 1
ChatterBot Bravo round 1
ChatterBot Zulu round 1
randomSelections Foxtrot: {Foxtrot, Bravo, Zulu, X-ray, India, Hotel} 
2024-10-14 13:55:09.169801 Foxtrot: Friends?
ChatterBot Bravo reevaluating
ChatterBot Zulu reevaluating
ChatterBot X-ray reevaluating
ChatterBot India reevaluating
ChatterBot Hotel reevaluating
2024-10-14 13:55:09.179189 Bravo: Yes
2024-10-14 13:55:09.179303 Zulu: Yes
2024-10-14 13:55:09.179390 X-ray: Yes
2024-10-14 13:55:09.179493 India: Yes
2024-10-14 13:55:09.180142 Hotel: Yes
ChatterBot Zulu reevaluating
ChatterBot X-ray reevaluating
ChatterBot India reevaluating
ChatterBot Hotel reevaluating
ChatterBot Bravo reevaluating
ChatterBot X-ray reevaluating
ChatterBot India reevaluating
ChatterBot Hotel reevaluating
ChatterBot Bravo reevaluating
ChatterBot Zulu reevaluating
ChatterBot India reevaluating
ChatterBot Hotel reevaluating
ChatterBot Bravo reevaluating
ChatterBot Zulu reevaluating
ChatterBot X-ray reevaluating
ChatterBot Hotel reevaluating
ChatterBot Bravo reevaluating
ChatterBot Zulu reevaluating
ChatterBot X-ray reevaluating
ChatterBot India reevaluating
randomSelections Tango: {Tango, Mike, India, X-ray, Alpha, Bravo, Hotel} 
2024-10-14 13:55:09.227715 Tango: We should group up
ChatterBot Mike reevaluating
ChatterBot India reevaluating
ChatterBot X-ray reevaluating
ChatterBot Alpha reevaluating
ChatterBot Bravo reevaluating
ChatterBot Hotel reevaluating
2024-10-14 13:55:09.237430 Mike: Yes
2024-10-14 13:55:09.237561 India: No
2024-10-14 13:55:09.238354 X-ray: No
2024-10-14 13:55:09.238472 Alpha: Yes
2024-10-14 13:55:09.238585 Bravo: No
2024-10-14 13:55:09.238784 Hotel: No
ChatterBot India reevaluating
ChatterBot X-ray reevaluating
ChatterBot Alpha reevaluating
ChatterBot Bravo reevaluating
ChatterBot Hotel reevaluating
ChatterBot Mike reevaluating
ChatterBot X-ray reevaluating
ChatterBot Alpha reevaluating
ChatterBot Bravo reevaluating
ChatterBot Hotel reevaluating
ChatterBot Mike reevaluating
ChatterBot India reevaluating
ChatterBot Alpha reevaluating
ChatterBot Bravo reevaluating
ChatterBot Hotel reevaluating
ChatterBot Mike reevaluating
ChatterBot India reevaluating
ChatterBot X-ray reevaluating
ChatterBot Bravo reevaluating
ChatterBot Hotel reevaluating
ChatterBot Mike reevaluating
ChatterBot India reevaluating
ChatterBot X-ray reevaluating
ChatterBot Alpha reevaluating
ChatterBot Hotel reevaluating
ChatterBot Mike reevaluating
ChatterBot India reevaluating
ChatterBot X-ray reevaluating
ChatterBot Alpha reevaluating
ChatterBot Bravo reevaluating
randomSelections Delta: {Delta, India, Bravo, Zulu, Foxtrot, Tango, X-ray, Hotel} 
2024-10-14 13:55:09.356104 Delta: Let's form a team
ChatterBot India reevaluating
ChatterBot Bravo reevaluating
ChatterBot Zulu reevaluating
ChatterBot X-ray reevaluating
ChatterBot Hotel reevaluating
2024-10-14 13:55:09.366491 India: No
2024-10-14 13:55:09.367225 Bravo: No
2024-10-14 13:55:09.367379 Zulu: No
2024-10-14 13:55:09.367523 Foxtrot: No
2024-10-14 13:55:09.367851 Tango: No
2024-10-14 13:55:09.368004 X-ray: No
2024-10-14 13:55:09.368292 Hotel: No
ChatterBot Bravo reevaluating
ChatterBot Zulu reevaluating
ChatterBot X-ray reevaluating
ChatterBot Hotel reevaluating
ChatterBot India reevaluating
ChatterBot Zulu reevaluating
ChatterBot X-ray reevaluating
ChatterBot Hotel reevaluating
ChatterBot India reevaluating
ChatterBot Bravo reevaluating
ChatterBot X-ray reevaluating
ChatterBot Hotel reevaluating
ChatterBot India reevaluating
ChatterBot Bravo reevaluating
ChatterBot Zulu reevaluating
ChatterBot X-ray reevaluating
ChatterBot Hotel reevaluating
ChatterBot India reevaluating
ChatterBot Bravo reevaluating
ChatterBot Zulu reevaluating
ChatterBot X-ray reevaluating
ChatterBot Hotel reevaluating
ChatterBot India reevaluating
ChatterBot Bravo reevaluating
ChatterBot Zulu reevaluating
ChatterBot Hotel reevaluating
ChatterBot India reevaluating
ChatterBot Bravo reevaluating
ChatterBot Zulu reevaluating
ChatterBot X-ray reevaluating
2024-10-14 13:55:09.504715 Delta: Foxtrot and India, sending you 2
2024-10-14 13:55:09.507043 Zulu: Foxtrot, sending you 3
2024-10-14 13:55:09.507699 Delta: Tango, X-ray, Hotel and Zulu, sending you 1
2024-10-14 13:55:09.509668 X-ray: Foxtrot, sending you 1
2024-10-14 13:55:09.510154 Mike: Tango, Hotel, India and Bravo, sending you 1
2024-10-14 13:55:09.510504 Zulu: X-ray and Hotel, sending you 1
2024-10-14 13:55:09.511911 Tango: X-ray, sending you 2
2024-10-14 13:55:09.512726 Delta: Bravo, sending you 3
2024-10-14 13:55:09.514008 India: X-ray and Zulu, sending you 4
2024-10-14 13:55:09.514416 Foxtrot: Hotel, sending you 3
2024-10-14 13:55:09.514830 Bravo: Foxtrot, sending you 3
2024-10-14 13:55:09.515215 X-ray: Hotel, sending you 3
2024-10-14 13:55:09.516123 Zulu: India, sending you 5
2024-10-14 13:55:09.516523 Alpha: Tango and Bravo, sending you 2
2024-10-14 13:55:09.516969 Hotel: Foxtrot and Zulu, sending you 2
2024-10-14 13:55:09.517940 Tango: Hotel, Mike, Alpha and India, sending you 3
2024-10-14 13:55:09.518406 India: Hotel, sending you 2
2024-10-14 13:55:09.518833 Foxtrot: India, sending you 6
2024-10-14 13:55:09.519308 Bravo: X-ray, sending you 4
2024-10-14 13:55:09.520576 X-ray: India, Bravo and Zulu, sending you 2
2024-10-14 13:55:09.520960 Zulu: Bravo, sending you 2
2024-10-14 13:55:09.521342 Hotel: X-ray and India, sending you 5
2024-10-14 13:55:09.522653 Alpha: X-ray and Mike, sending you 1
2024-10-14 13:55:09.523154 India: Bravo, sending you 6
2024-10-14 13:55:09.523595 Bravo: Hotel and India, sending you 2
2024-10-14 13:55:09.524082 Foxtrot: Bravo and Zulu, sending you 4
2024-10-14 13:55:09.530925 Hotel: Bravo, sending you 3
2024-10-14 13:55:09.531862 Alpha: Hotel, sending you 4
2024-10-14 13:55:09.532309 Bravo: Zulu, sending you 1
chatterbot Foxtrot submitting transactions
2024-10-14 13:55:09.537799 Alpha: India, sending you 7
chatterbot Delta submitting transactions
chatterbot Tango submitting transactions
chatterbot Zulu submitting transactions
chatterbot Alpha submitting transactions
chatterbot X-ray submitting transactions
chatterbot Hotel submitting transactions
chatterbot India submitting transactions
chatterbot Mike submitting transactions
chatterbot Bravo submitting transactions
ChatterBot Foxtrot round 2
ChatterBot Tango round 2
ChatterBot X-ray round 2
ChatterBot Hotel round 2
ChatterBot Mike round 2
2024-10-14 13:55:10.632590 Foxtrot: We should add Delta
ChatterBot Bravo reevaluating
ChatterBot Zulu reevaluating
ChatterBot X-ray reevaluating
ChatterBot India reevaluating
ChatterBot Hotel reevaluating
2024-10-14 13:55:10.674537 Bravo: No
2024-10-14 13:55:10.674746 Zulu: No
2024-10-14 13:55:10.674862 X-ray: Yes
2024-10-14 13:55:10.674964 India: No
2024-10-14 13:55:10.675080 Hotel: No
ChatterBot Zulu reevaluating
ChatterBot X-ray reevaluating
ChatterBot India reevaluating
ChatterBot Hotel reevaluating
ChatterBot Bravo reevaluating
ChatterBot X-ray reevaluating
ChatterBot India reevaluating
ChatterBot Hotel reevaluating
ChatterBot Bravo reevaluating
ChatterBot Zulu reevaluating
ChatterBot India reevaluating
ChatterBot Hotel reevaluating
ChatterBot Bravo reevaluating
ChatterBot Zulu reevaluating
ChatterBot X-ray reevaluating
ChatterBot Hotel reevaluating
ChatterBot Bravo reevaluating
ChatterBot Zulu reevaluating
ChatterBot X-ray reevaluating
ChatterBot India reevaluating
2024-10-14 13:55:10.992469 Hotel: We should add Alpha
ChatterBot Bravo reevaluating
ChatterBot Zulu reevaluating
ChatterBot X-ray reevaluating
ChatterBot India reevaluating
2024-10-14 13:55:11.061348 Foxtrot: No
2024-10-14 13:55:11.061502 Bravo: No
2024-10-14 13:55:11.061664 Zulu: No
2024-10-14 13:55:11.061799 X-ray: Yes
2024-10-14 13:55:11.062369 India: No
ChatterBot Bravo reevaluating
ChatterBot Zulu reevaluating
ChatterBot X-ray reevaluating
ChatterBot India reevaluating
ChatterBot Hotel reevaluating
ChatterBot Zulu reevaluating
ChatterBot X-ray reevaluating
ChatterBot India reevaluating
ChatterBot Hotel reevaluating
ChatterBot Bravo reevaluating
ChatterBot X-ray reevaluating
ChatterBot India reevaluating
ChatterBot Hotel reevaluating
ChatterBot Bravo reevaluating
ChatterBot Zulu reevaluating
ChatterBot India reevaluating
ChatterBot Hotel reevaluating
ChatterBot Bravo reevaluating
ChatterBot Zulu reevaluating
ChatterBot X-ray reevaluating
ChatterBot Hotel reevaluating
ChatterBot Delta round 2
ChatterBot Alpha round 2
ChatterBot India round 2
ChatterBot Bravo round 2
ChatterBot Zulu round 2
2024-10-14 13:55:11.441584 Tango: Let's form a team
ChatterBot Mike reevaluating
ChatterBot Alpha reevaluating
ChatterBot Delta reevaluating
2024-10-14 13:55:11.463348 Mike: Yes
2024-10-14 13:55:11.463575 Alpha: Yes
2024-10-14 13:55:11.463769 Delta: Yes
ChatterBot Alpha reevaluating
ChatterBot Delta reevaluating
ChatterBot Mike reevaluating
ChatterBot Delta reevaluating
ChatterBot Mike reevaluating
ChatterBot Alpha reevaluating
2024-10-14 13:55:11.598922 Foxtrot: Delta we want you to join our group
ChatterBot Delta reevaluating
2024-10-14 13:55:11.608476 Delta: No
ChatterBot X-ray reevaluating
ChatterBot Hotel reevaluating
ChatterBot India reevaluating
ChatterBot Bravo reevaluating
ChatterBot Zulu reevaluating
2024-10-14 13:55:11.656533 India: We should add Alpha
2024-10-14 13:55:11.657448 Zulu: We should add Delta
ChatterBot Bravo reevaluating
ChatterBot Zulu reevaluating
ChatterBot X-ray reevaluating
ChatterBot Hotel reevaluating
2024-10-14 13:55:11.693958 Foxtrot: No
2024-10-14 13:55:11.700300 Bravo: No
ChatterBot Bravo reevaluating
2024-10-14 13:55:11.708277 Zulu: No
2024-10-14 13:55:11.708473 X-ray: No
ChatterBot X-ray reevaluating
ChatterBot India reevaluating
2024-10-14 13:55:11.723013 Hotel: Yes
ChatterBot Hotel reevaluating
2024-10-14 13:55:11.730458 Foxtrot: Yes
2024-10-14 13:55:11.730634 Bravo: Yes
2024-10-14 13:55:11.730778 X-ray: Yes
2024-10-14 13:55:11.730932 India: No
2024-10-14 13:55:11.731069 Hotel: Yes
ChatterBot Bravo reevaluating
ChatterBot Zulu reevaluating
ChatterBot X-ray reevaluating
ChatterBot India reevaluating
ChatterBot Hotel reevaluating
ChatterBot Zulu reevaluating
ChatterBot X-ray reevaluating
ChatterBot India reevaluating
ChatterBot Hotel reevaluating
ChatterBot Bravo reevaluating
ChatterBot X-ray reevaluating
ChatterBot India reevaluating
ChatterBot Hotel reevaluating
ChatterBot Bravo reevaluating
ChatterBot Zulu reevaluating
ChatterBot India reevaluating
ChatterBot Hotel reevaluating
ChatterBot Bravo reevaluating
ChatterBot Zulu reevaluating
ChatterBot X-ray reevaluating
ChatterBot India reevaluating
ChatterBot Bravo reevaluating
ChatterBot Zulu reevaluating
ChatterBot X-ray reevaluating
ChatterBot India reevaluating
ChatterBot Hotel reevaluating
ChatterBot Zulu reevaluating
ChatterBot X-ray reevaluating
ChatterBot India reevaluating
ChatterBot Hotel reevaluating
ChatterBot Bravo reevaluating
ChatterBot Zulu reevaluating
ChatterBot India reevaluating
ChatterBot Hotel reevaluating
ChatterBot Bravo reevaluating
ChatterBot Zulu reevaluating
ChatterBot X-ray reevaluating
ChatterBot Hotel reevaluating
ChatterBot Bravo reevaluating
ChatterBot Zulu reevaluating
ChatterBot X-ray reevaluating
ChatterBot India reevaluating
2024-10-14 13:55:12.196175 Hotel: Delta we want you to join our group
2024-10-14 13:55:12.203177 Delta: No
ChatterBot Bravo reevaluating
2024-10-14 13:55:12.242858 X-ray: Delta we want you to join our group
2024-10-14 13:55:12.249750 Delta: No
ChatterBot Hotel reevaluating
ChatterBot Bravo reevaluating
2024-10-14 13:55:12.337901 Zulu: Delta we want you to join our group
2024-10-14 13:55:12.345146 Delta: No
2024-10-14 13:55:12.388446 India: Alpha we want you to join our group
2024-10-14 13:55:12.395888 Alpha: No
chatterbot Mike submitting transactions
2024-10-14 13:55:12.438484 Foxtrot: X-ray, Hotel, Delta, India, Bravo and Zulu, sending you 3
2024-10-14 13:55:12.439187 Bravo: Delta we want you to join our group
2024-10-14 13:55:12.446566 Delta: No
2024-10-14 13:55:12.487227 Hotel: Alpha we want you to join our group
2024-10-14 13:55:12.494313 Alpha: No
ChatterBot Hotel reevaluating
2024-10-14 13:55:12.535086 Mike: Tango, Delta and Alpha, sending you 1
2024-10-14 13:55:12.535521 Tango: Mike, sending you 5
2024-10-14 13:55:12.561351 Alpha: Tango, sending you 14
2024-10-14 13:55:12.561701 Delta: Sending you each 3
2024-10-14 13:55:12.561950 Tango: Delta, sending you 4
2024-10-14 13:55:12.562646 X-ray: Foxtrot, Delta and Zulu, sending you 1
2024-10-14 13:55:12.580135 Alpha: Mike, sending you 2
2024-10-14 13:55:12.580536 Zulu: Foxtrot, sending you 4
2024-10-14 13:55:12.581470 India: Foxtrot, Hotel, Alpha and Zulu, sending you 3
2024-10-14 13:55:12.581960 Tango: Alpha, sending you 7
2024-10-14 13:55:12.582346 X-ray: Hotel, sending you 3
2024-10-14 13:55:12.583346 Bravo: Foxtrot, Hotel and Delta, sending you 3
chatterbot Tango submitting transactions
2024-10-14 13:55:12.584495 Alpha: Delta, sending you 1
2024-10-14 13:55:12.584897 Zulu: X-ray and Hotel, sending you 2
chatterbot India submitting transactions
2024-10-14 13:55:12.651114 India: X-ray and Bravo, sending you 2
2024-10-14 13:55:12.652438 X-ray: India and Bravo, sending you 2
2024-10-14 13:55:12.653654 Bravo: X-ray and Zulu, sending you 2
2024-10-14 13:55:12.654416 Zulu: Delta and Bravo, sending you 1
2024-10-14 13:55:12.661868 Bravo: India, sending you 4
2024-10-14 13:55:12.663030 Zulu: India, sending you 3
2024-10-14 13:55:12.663642 Hotel: Foxtrot and X-ray, sending you 4
2024-10-14 13:55:12.668875 Hotel: Delta, sending you 1
2024-10-14 13:55:12.673155 Hotel: India and Bravo, sending you 3
chatterbot Bravo submitting transactions
2024-10-14 13:55:12.687495 Hotel: Zulu, sending you 2
chatterbot Foxtrot submitting transactions
chatterbot Delta submitting transactions
chatterbot Alpha submitting transactions
chatterbot Zulu submitting transactions
chatterbot X-ray submitting transactions
chatterbot Hotel submitting transactions
ChatterBot Foxtrot round 3
ChatterBot Tango round 3
ChatterBot X-ray round 3
ChatterBot Hotel round 3
ChatterBot Mike round 3
ChatterBot Delta round 3
ChatterBot Alpha round 3
ChatterBot India round 3
ChatterBot Bravo round 3
ChatterBot Zulu round 3
2024-10-14 13:55:13.623602 India: We should replace Alpha with Delta
2024-10-14 13:55:13.637444 Foxtrot: Yes
2024-10-14 13:55:13.637632 Bravo: Yes
2024-10-14 13:55:13.637777 Zulu: Yes
2024-10-14 13:55:13.638284 X-ray: Yes
2024-10-14 13:55:13.638395 Hotel: Yes
2024-10-14 13:55:13.774123 India: Delta we want you to join our group
2024-10-14 13:55:13.779308 Delta: No
2024-10-14 13:55:13.860677 Foxtrot: X-ray, Hotel, Delta, India, Bravo and Zulu, sending you 3
2024-10-14 13:55:13.861130 Tango: Mike and Delta, sending you 4
2024-10-14 13:55:13.861353 Mike: Tango and Delta, sending you 1
2024-10-14 13:55:13.904859 Tango: Alpha, sending you 7
2024-10-14 13:55:13.905578 Delta: Same as last round
2024-10-14 13:55:13.905835 Bravo: Foxtrot, X-ray and Hotel, sending you 3
2024-10-14 13:55:13.906306 Alpha: Tango, sending you 10
2024-10-14 13:55:13.906971 Zulu: Foxtrot and India, sending you 3
2024-10-14 13:55:13.907325 X-ray: Foxtrot, Delta and Zulu, sending you 1
2024-10-14 13:55:13.907761 Hotel: Foxtrot, India and Bravo, sending you 3
2024-10-14 13:55:13.908433 India: Foxtrot, Hotel, Bravo and Zulu, sending you 3
2024-10-14 13:55:14.024142 Bravo: Delta and Zulu, sending you 2
2024-10-14 13:55:14.025228 Alpha: Mike, sending you 3
2024-10-14 13:55:14.025481 Zulu: X-ray, Hotel and Bravo, sending you 2
2024-10-14 13:55:14.025823 X-ray: Hotel, sending you 3
2024-10-14 13:55:14.026474 Hotel: X-ray, sending you 5
2024-10-14 13:55:14.026810 India: X-ray and Delta, sending you 2
2024-10-14 13:55:14.062338 Bravo: India, sending you 4
2024-10-14 13:55:14.063542 Alpha: Delta, sending you 4
2024-10-14 13:55:14.063929 X-ray: India and Bravo, sending you 2
2024-10-14 13:55:14.064643 Zulu: Delta, sending you 1
2024-10-14 13:55:14.069238 Hotel: Delta, sending you 1
2024-10-14 13:55:14.120450 Hotel: Zulu, sending you 2
chatterbot Foxtrot submitting transactions
chatterbot Tango submitting transactions
chatterbot Mike submitting transactions
chatterbot Zulu submitting transactions
chatterbot India submitting transactions
chatterbot Bravo submitting transactions
chatterbot Delta submitting transactions
chatterbot X-ray submitting transactions
chatterbot Hotel submitting transactions
chatterbot Alpha submitting transactions
ChatterBot Foxtrot round 4
ChatterBot Tango round 4
ChatterBot X-ray round 4
ChatterBot Hotel round 4
ChatterBot Mike round 4
ChatterBot Delta round 4
ChatterBot Alpha round 4
ChatterBot India round 4
ChatterBot Bravo round 4
ChatterBot Zulu round 4
2024-10-14 13:55:15.104206 Hotel: Foxtrot, India and Bravo, sending you 3
2024-10-14 13:55:15.108431 Alpha: Tango, sending you 10
2024-10-14 13:55:15.110151 Hotel: X-ray, sending you 5
2024-10-14 13:55:15.110951 Bravo: Foxtrot, X-ray and Hotel, sending you 3
2024-10-14 13:55:15.112251 Zulu: Foxtrot and India, sending you 3
2024-10-14 13:55:15.113510 India: Foxtrot, Hotel, Bravo and Zulu, sending you 3
2024-10-14 13:55:15.114457 Delta: Tango and Mike, sending you 3
2024-10-14 13:55:15.115339 X-ray: Foxtrot, India and Bravo, sending you 2
2024-10-14 13:55:15.116200 Foxtrot: X-ray, Hotel, Delta, India, Bravo and Zulu, sending you 3
2024-10-14 13:55:15.117220 Tango: Mike, sending you 3
2024-10-14 13:55:15.117541 Alpha: Mike, sending you 2
2024-10-14 13:55:15.117827 Hotel: Delta, sending you 1
2024-10-14 13:55:15.119158 Bravo: Delta and Zulu, sending you 2
2024-10-14 13:55:15.119577 Zulu: X-ray, Hotel and Bravo, sending you 2
2024-10-14 13:55:15.120548 India: X-ray and Delta, sending you 2
2024-10-14 13:55:15.121062 X-ray: Hotel, sending you 3
2024-10-14 13:55:15.122056 Delta: Alpha, sending you 2
2024-10-14 13:55:15.122308 Tango: Delta, sending you 4
2024-10-14 13:55:15.129355 Alpha: Delta, sending you 5
2024-10-14 13:55:15.129809 Hotel: Zulu, sending you 2
2024-10-14 13:55:15.130881 Bravo: India, sending you 4
2024-10-14 13:55:15.131593 Zulu: Delta, sending you 1
2024-10-14 13:55:15.132940 Mike: Tango and Delta, sending you 1
2024-10-14 13:55:15.133499 X-ray: Zulu, sending you 1
2024-10-14 13:55:15.134913 Tango: Alpha, sending you 7
chatterbot Alpha submitting transactions
chatterbot Foxtrot submitting transactions
chatterbot Tango submitting transactions
chatterbot Zulu submitting transactions
chatterbot Bravo submitting transactions
chatterbot Hotel submitting transactions
chatterbot Mike submitting transactions
chatterbot X-ray submitting transactions
chatterbot India submitting transactions
chatterbot Delta submitting transactions
ChatterBot Foxtrot round 5
ChatterBot Tango round 5
ChatterBot X-ray round 5
ChatterBot Hotel round 5
ChatterBot Mike round 5
ChatterBot Delta round 5
ChatterBot Alpha round 5
ChatterBot India round 5
ChatterBot Bravo round 5
ChatterBot Zulu round 5
2024-10-14 13:55:16.431954 Alpha: We should add X-ray
2024-10-14 13:55:16.445359 Tango: Yes
2024-10-14 13:55:16.445573 Mike: Yes
2024-10-14 13:55:16.445754 Delta: Yes
ChatterBot Alpha reevaluating
ChatterBot Alpha reevaluating
ChatterBot Alpha reevaluating
2024-10-14 13:55:16.583816 Foxtrot: We should drop Delta
ChatterBot Hotel reevaluating
2024-10-14 13:55:16.610140 Bravo: Yes
2024-10-14 13:55:16.610351 Zulu: No
2024-10-14 13:55:16.610542 X-ray: Yes
2024-10-14 13:55:16.610719 India: No
2024-10-14 13:55:16.611300 Hotel: Yes
ChatterBot Zulu reevaluating
ChatterBot India reevaluating
ChatterBot Hotel reevaluating
ChatterBot India reevaluating
ChatterBot Hotel reevaluating
ChatterBot Zulu reevaluating
ChatterBot India reevaluating
ChatterBot Hotel reevaluating
ChatterBot Zulu reevaluating
ChatterBot Hotel reevaluating
ChatterBot Zulu reevaluating
ChatterBot India reevaluating
2024-10-14 13:55:16.740249 Hotel: We should replace Delta with Mike
ChatterBot Zulu reevaluating
ChatterBot India reevaluating
2024-10-14 13:55:16.764081 Foxtrot: No
2024-10-14 13:55:16.764264 Bravo: No
2024-10-14 13:55:16.764931 Zulu: No
2024-10-14 13:55:16.765098 X-ray: No
2024-10-14 13:55:16.765244 India: No
ChatterBot Zulu reevaluating
ChatterBot India reevaluating
ChatterBot Hotel reevaluating
ChatterBot Zulu reevaluating
ChatterBot India reevaluating
ChatterBot Hotel reevaluating
ChatterBot India reevaluating
ChatterBot Hotel reevaluating
ChatterBot Zulu reevaluating
ChatterBot India reevaluating
ChatterBot Hotel reevaluating
ChatterBot Zulu reevaluating
ChatterBot Hotel reevaluating
2024-10-14 13:55:16.878291 Alpha: X-ray we want you to join our group
2024-10-14 13:55:16.881411 X-ray: No
ChatterBot Alpha reevaluating
2024-10-14 13:55:16.914668 Delta: Tango and Alpha, sending you 2
2024-10-14 13:55:16.916671 Tango: Mike, sending you 3
2024-10-14 13:55:16.918818 Hotel: Mike we want you to join our group
2024-10-14 13:55:16.935748 Mike: No
ChatterBot Hotel reevaluating
2024-10-14 13:55:16.965672 Mike: Delta, sending you 1
2024-10-14 13:55:16.966453 Delta: Mike, sending you 3
2024-10-14 13:55:16.967557 Tango: Delta, sending you 5
2024-10-14 13:55:16.971663 Bravo: Foxtrot, Hotel and India, sending you 4
2024-10-14 13:55:16.972390 Foxtrot: X-ray, sending you 2
2024-10-14 13:55:16.973497 X-ray: Foxtrot, India and Bravo, sending you 2
2024-10-14 13:55:16.974120 Tango: Alpha, sending you 6
2024-10-14 13:55:16.975253 Bravo: X-ray, sending you 3
2024-10-14 13:55:16.975810 Foxtrot: Hotel, India, Bravo and Zulu, sending you 4
2024-10-14 13:55:16.977664 X-ray: Hotel, sending you 3
2024-10-14 13:55:16.980007 Bravo: Zulu, sending you 2
2024-10-14 13:55:16.983677 X-ray: Zulu, sending you 1
2024-10-14 13:55:16.987271 Alpha: Tango, sending you 11
2024-10-14 13:55:16.987995 India: Foxtrot, X-ray, Hotel and Zulu, sending you 3
2024-10-14 13:55:16.991989 Alpha: X-ray and Mike, sending you 1
2024-10-14 13:55:16.994713 India: Bravo, sending you 4
2024-10-14 13:55:16.997496 Alpha: Delta, sending you 4
2024-10-14 13:55:16.998319 Hotel: Foxtrot, Bravo and Zulu, sending you 3
2024-10-14 13:55:17.000151 Zulu: Foxtrot, sending you 3
2024-10-14 13:55:17.004686 Hotel: X-ray and India, sending you 4
2024-10-14 13:55:17.006709 Zulu: X-ray, Hotel and Bravo, sending you 2
2024-10-14 13:55:17.012657 Zulu: India, sending you 4
chatterbot X-ray submitting transactions
chatterbot Foxtrot submitting transactions
chatterbot Delta submitting transactions
chatterbot Tango submitting transactions
chatterbot Mike submitting transactions
chatterbot Bravo submitting transactions
chatterbot Hotel submitting transactions
chatterbot Zulu submitting transactions
chatterbot Alpha submitting transactions
chatterbot India submitting transactions
ChatterBot Foxtrot round 6
ChatterBot Tango round 6
ChatterBot X-ray round 6
ChatterBot Hotel round 6
ChatterBot Mike round 6
ChatterBot Delta round 6
ChatterBot Alpha round 6
ChatterBot India round 6
2024-10-14 13:55:18.045343 Hotel: We should add Mike
2024-10-14 13:55:18.059195 Foxtrot: No
2024-10-14 13:55:18.059360 Bravo: No
2024-10-14 13:55:18.059487 Zulu: No
2024-10-14 13:55:18.060217 X-ray: No
2024-10-14 13:55:18.060333 India: No
ChatterBot Hotel reevaluating
ChatterBot Hotel reevaluating
ChatterBot Hotel reevaluating
ChatterBot Hotel reevaluating
ChatterBot Hotel reevaluating
ChatterBot Bravo round 6
ChatterBot Zulu round 6
2024-10-14 13:55:18.162097 X-ray: Foxtrot, India and Bravo, sending you 2
2024-10-14 13:55:18.162944 Tango: Mike, sending you 3
2024-10-14 13:55:18.166665 X-ray: Hotel, sending you 3
2024-10-14 13:55:18.167422 Tango: Delta, sending you 5
2024-10-14 13:55:18.172015 X-ray: Zulu, sending you 1
2024-10-14 13:55:18.173108 Tango: Alpha, sending you 6
2024-10-14 13:55:18.173626 Foxtrot: X-ray, sending you 2
2024-10-14 13:55:18.174728 Bravo: Foxtrot, Hotel and India, sending you 4
2024-10-14 13:55:18.175664 Hotel: Foxtrot, sending you 3
2024-10-14 13:55:18.176717 India: Foxtrot, X-ray, Hotel and Zulu, sending you 3
2024-10-14 13:55:18.177525 Delta: Tango and Alpha, sending you 2
2024-10-14 13:55:18.177905 Mike: Delta, sending you 1
2024-10-14 13:55:18.178794 Foxtrot: Hotel, India, Bravo and Zulu, sending you 4
2024-10-14 13:55:18.179599 Bravo: X-ray, sending you 3
2024-10-14 13:55:18.180455 Hotel: X-ray, India and Bravo, sending you 4
2024-10-14 13:55:18.181772 India: Bravo, sending you 4
2024-10-14 13:55:18.182352 Delta: Mike, sending you 3
2024-10-14 13:55:18.182748 Alpha: Tango, sending you 10
2024-10-14 13:55:18.183518 Zulu: Foxtrot, Hotel and India, sending you 3
2024-10-14 13:55:18.184182 Bravo: Zulu, sending you 2
2024-10-14 13:55:18.185660 Hotel: Zulu, sending you 2
2024-10-14 13:55:18.186663 Alpha: X-ray and Mike, sending you 1
2024-10-14 13:55:18.187040 Zulu: X-ray and Bravo, sending you 2
2024-10-14 13:55:18.190063 Alpha: Delta, sending you 5
chatterbot Zulu submitting transactions
chatterbot Tango submitting transactions
chatterbot India submitting transactions
chatterbot X-ray submitting transactions
chatterbot Delta submitting transactions
chatterbot Bravo submitting transactions
chatterbot Foxtrot submitting transactions
chatterbot Alpha submitting transactions
chatterbot Mike submitting transactions
chatterbot Hotel submitting transactions
ChatterBot Foxtrot round 7
ChatterBot Tango round 7
ChatterBot X-ray round 7
ChatterBot Hotel round 7
ChatterBot Mike round 7
ChatterBot Delta round 7
ChatterBot Alpha round 7
ChatterBot India round 7
ChatterBot Bravo round 7
ChatterBot Zulu round 7
2024-10-14 13:55:19.393097 Hotel: Foxtrot, sending you 3
2024-10-14 13:55:19.396909 Tango: Mike, sending you 3
2024-10-14 13:55:19.412019 Hotel: X-ray, India and Bravo, sending you 4
2024-10-14 13:55:19.413864 Mike: Delta, sending you 1
2024-10-14 13:55:19.415130 Bravo: Foxtrot, Hotel and India, sending you 4
2024-10-14 13:55:19.416016 Alpha: Tango, sending you 10
2024-10-14 13:55:19.416971 Tango: Delta, sending you 5
2024-10-14 13:55:19.417733 X-ray: Foxtrot, India and Bravo, sending you 2
2024-10-14 13:55:19.419726 Foxtrot: X-ray, sending you 2
2024-10-14 13:55:19.420402 India: Foxtrot, X-ray, Hotel and Zulu, sending you 3
2024-10-14 13:55:19.421602 Hotel: Zulu, sending you 2
2024-10-14 13:55:19.422325 Bravo: X-ray, sending you 3
2024-10-14 13:55:19.423446 Alpha: X-ray and Mike, sending you 1
2024-10-14 13:55:19.423965 Tango: Alpha, sending you 6
2024-10-14 13:55:19.424975 X-ray: Hotel, sending you 3
2024-10-14 13:55:19.425518 Foxtrot: Hotel, India, Bravo and Zulu, sending you 4
2024-10-14 13:55:19.426521 Delta: Tango and Alpha, sending you 2
2024-10-14 13:55:19.426863 India: Bravo, sending you 4
2024-10-14 13:55:19.427814 Zulu: Foxtrot, sending you 3
2024-10-14 13:55:19.428404 Bravo: Zulu, sending you 2
2024-10-14 13:55:19.429453 Alpha: Delta, sending you 5
2024-10-14 13:55:19.429738 X-ray: Zulu, sending you 1
2024-10-14 13:55:19.430252 Delta: Mike, sending you 3
2024-10-14 13:55:19.440222 Zulu: X-ray, Hotel and Bravo, sending you 2
2024-10-14 13:55:19.460829 Zulu: India, sending you 4
chatterbot Mike submitting transactions
chatterbot Tango submitting transactions
chatterbot Delta submitting transactions
chatterbot Alpha submitting transactions
chatterbot Hotel submitting transactions
chatterbot Foxtrot submitting transactions
chatterbot Bravo submitting transactions
chatterbot Zulu submitting transactions
chatterbot X-ray submitting transactions
chatterbot India submitting transactions
ChatterBot Foxtrot round 8
ChatterBot Tango round 8
ChatterBot X-ray round 8
ChatterBot Hotel round 8
ChatterBot Mike round 8
ChatterBot Delta round 8
ChatterBot Alpha round 8
ChatterBot India round 8
ChatterBot Bravo round 8
ChatterBot Zulu round 8
2024-10-14 13:55:20.652684 Foxtrot: X-ray, sending you 2
2024-10-14 13:55:20.653792 Hotel: Foxtrot, X-ray and Bravo, sending you 4
2024-10-14 13:55:20.657684 Foxtrot: Hotel, India, Bravo and Zulu, sending you 4
2024-10-14 13:55:20.659486 Tango: Mike, sending you 3
2024-10-14 13:55:20.660623 Hotel: India, sending you 3
2024-10-14 13:55:20.661848 X-ray: Foxtrot, India and Bravo, sending you 2
2024-10-14 13:55:20.663314 India: Foxtrot, X-ray, Hotel and Zulu, sending you 3
2024-10-14 13:55:20.664013 Delta: Tango and Alpha, sending you 2
2024-10-14 13:55:20.664794 Tango: Delta, sending you 5
2024-10-14 13:55:20.665667 X-ray: Hotel, sending you 3
2024-10-14 13:55:20.666802 Hotel: Zulu, sending you 2
2024-10-14 13:55:20.667788 Delta: Mike, sending you 3
2024-10-14 13:55:20.668132 Tango: Alpha, sending you 6
2024-10-14 13:55:20.668678 India: Bravo, sending you 4
2024-10-14 13:55:20.670305 Bravo: Foxtrot, Hotel and India, sending you 4
2024-10-14 13:55:20.672015 X-ray: Zulu, sending you 1
2024-10-14 13:55:20.673050 Alpha: Tango, sending you 10
2024-10-14 13:55:20.674676 Mike: Delta, sending you 1
2024-10-14 13:55:20.675250 Bravo: X-ray, sending you 3
2024-10-14 13:55:20.678658 Alpha: X-ray and Mike, sending you 1
2024-10-14 13:55:20.678996 Bravo: Zulu, sending you 2
2024-10-14 13:55:20.681678 Alpha: Delta, sending you 5
2024-10-14 13:55:20.683155 Zulu: Foxtrot, sending you 3
2024-10-14 13:55:20.688682 Zulu: X-ray, Hotel and Bravo, sending you 2
2024-10-14 13:55:20.692703 Zulu: India, sending you 4
chatterbot X-ray submitting transactions
chatterbot Mike submitting transactions
chatterbot Foxtrot submitting transactions
chatterbot Delta submitting transactions
chatterbot Tango submitting transactions
chatterbot Hotel submitting transactions
chatterbot Zulu submitting transactions
chatterbot Alpha submitting transactions
chatterbot Bravo submitting transactions
chatterbot India submitting transactions
ChatterBot Foxtrot round 9
ChatterBot Tango round 9
ChatterBot X-ray round 9
ChatterBot Hotel round 9
ChatterBot Mike round 9
ChatterBot Delta round 9
ChatterBot Alpha round 9
ChatterBot India round 9
ChatterBot Bravo round 9
ChatterBot Zulu round 9
2024-10-14 13:55:21.832670 Foxtrot: X-ray, sending you 2
2024-10-14 13:55:21.836281 Delta: Tango and Alpha, sending you 2
2024-10-14 13:55:21.839188 Foxtrot: Hotel, India, Bravo and Zulu, sending you 4
2024-10-14 13:55:21.841683 Delta: Mike, sending you 3
2024-10-14 13:55:21.842386 Hotel: Foxtrot, X-ray and Bravo, sending you 4
2024-10-14 13:55:21.844412 India: Foxtrot, X-ray, Hotel and Zulu, sending you 3
2024-10-14 13:55:21.846308 Mike: Delta, sending you 1
2024-10-14 13:55:21.846952 Bravo: Foxtrot, Hotel and India, sending you 4
2024-10-14 13:55:21.848961 Hotel: India, sending you 3
2024-10-14 13:55:21.849985 India: Bravo, sending you 4
2024-10-14 13:55:21.851676 Alpha: Tango, sending you 10
2024-10-14 13:55:21.852143 X-ray: Foxtrot, India and Bravo, sending you 2
2024-10-14 13:55:21.852901 Tango: Mike, sending you 3
2024-10-14 13:55:21.853344 Bravo: X-ray, sending you 3
2024-10-14 13:55:21.854824 Hotel: Zulu, sending you 2
2024-10-14 13:55:21.856259 Zulu: Foxtrot, sending you 4
2024-10-14 13:55:21.857273 X-ray: Hotel, sending you 3
2024-10-14 13:55:21.858693 Alpha: X-ray and Mike, sending you 1
2024-10-14 13:55:21.859249 Tango: Delta, sending you 5
2024-10-14 13:55:21.859800 Bravo: Zulu, sending you 2
2024-10-14 13:55:21.861280 Zulu: X-ray, Hotel and Bravo, sending you 2
2024-10-14 13:55:21.862694 X-ray: Zulu, sending you 1
2024-10-14 13:55:21.864229 Alpha: Delta, sending you 5
2024-10-14 13:55:21.865234 Tango: Alpha, sending you 6
2024-10-14 13:55:21.865851 Zulu: India, sending you 3
chatterbot Delta submitting transactions
chatterbot Bravo submitting transactions
chatterbot Alpha submitting transactions
chatterbot Mike submitting transactions
chatterbot Foxtrot submitting transactions
chatterbot Tango submitting transactions
chatterbot Hotel submitting transactions
chatterbot X-ray submitting transactions
chatterbot India submitting transactions
chatterbot Zulu submitting transactions
ChatterBot Foxtrot round 10
ChatterBot Tango round 10
ChatterBot X-ray round 10
ChatterBot Hotel round 10
ChatterBot Mike round 10
ChatterBot Delta round 10
ChatterBot Alpha round 10
ChatterBot India round 10
ChatterBot Bravo round 10
ChatterBot Zulu round 10
2024-10-14 13:55:23.160188 X-ray: Foxtrot, India and Bravo, sending you 2
2024-10-14 13:55:23.162143 Foxtrot: X-ray, sending you 2
2024-10-14 13:55:23.170773 X-ray: Hotel, sending you 3
2024-10-14 13:55:23.172837 Foxtrot: Hotel, India, Bravo and Zulu, sending you 4
2024-10-14 13:55:23.174277 India: Foxtrot, X-ray, Hotel and Zulu, sending you 3
2024-10-14 13:55:23.175115 Bravo: Foxtrot, Hotel and India, sending you 4
2024-10-14 13:55:23.176544 Mike: Delta, sending you 1
2024-10-14 13:55:23.177094 Zulu: Foxtrot, sending you 4
2024-10-14 13:55:23.178427 Delta: Tango, sending you 2
2024-10-14 13:55:23.179309 Hotel: Foxtrot, X-ray and Bravo, sending you 4
2024-10-14 13:55:23.180511 Tango: Mike, sending you 3
2024-10-14 13:55:23.181505 X-ray: Zulu, sending you 1
2024-10-14 13:55:23.183370 Alpha: Tango, sending you 10
2024-10-14 13:55:23.184134 Bravo: X-ray, sending you 3
2024-10-14 13:55:23.185837 India: Bravo, sending you 4
2024-10-14 13:55:23.188406 Delta: Mike, sending you 3
2024-10-14 13:55:23.188925 Zulu: X-ray, Hotel and Bravo, sending you 2
2024-10-14 13:55:23.190944 Hotel: India, sending you 3
2024-10-14 13:55:23.193355 Tango: Delta, sending you 5
2024-10-14 13:55:23.194039 Alpha: X-ray and Mike, sending you 1
2024-10-14 13:55:23.195428 Bravo: Zulu, sending you 2
2024-10-14 13:55:23.197735 Delta: Alpha, sending you 1
2024-10-14 13:55:23.198288 Zulu: India, sending you 3
2024-10-14 13:55:23.200179 Hotel: Zulu, sending you 2
2024-10-14 13:55:23.201962 Tango: Alpha, sending you 6
2024-10-14 13:55:23.202504 Alpha: Delta, sending you 5
chatterbot Mike submitting transactions
chatterbot Bravo submitting transactions
chatterbot Delta submitting transactions
chatterbot Foxtrot submitting transactions
chatterbot Tango submitting transactions
chatterbot Hotel submitting transactions
chatterbot Alpha submitting transactions
chatterbot Zulu submitting transactions
chatterbot India submitting transactions
chatterbot X-ray submitting transactions
ChatterBot Foxtrot round 11
ChatterBot Tango round 11
ChatterBot X-ray round 11
ChatterBot Hotel round 11
ChatterBot Mike round 11
ChatterBot Delta round 11
ChatterBot Alpha round 11
ChatterBot India round 11
ChatterBot Bravo round 11
ChatterBot Zulu round 11
2024-10-14 13:55:24.381624 Alpha: We should drop X-ray
2024-10-14 13:55:24.398908 Tango: Yes
2024-10-14 13:55:24.399573 Mike: Yes
2024-10-14 13:55:24.399826 Delta: Yes
ChatterBot Alpha reevaluating
ChatterBot Alpha reevaluating
ChatterBot Alpha reevaluating
2024-10-14 13:55:24.448661 Tango: Mike, sending you 3
2024-10-14 13:55:24.450673 Mike: Delta, sending you 1
2024-10-14 13:55:24.451455 X-ray: Foxtrot, India and Bravo, sending you 2
2024-10-14 13:55:24.453568 Foxtrot: X-ray, sending you 2
2024-10-14 13:55:24.455344 Hotel: Foxtrot, X-ray and Bravo, sending you 4
2024-10-14 13:55:24.458124 Delta: Tango, sending you 2
2024-10-14 13:55:24.458900 Tango: Delta, sending you 5
2024-10-14 13:55:24.460119 X-ray: Hotel, sending you 3
2024-10-14 13:55:24.462166 Foxtrot: Hotel, India, Bravo and Zulu, sending you 4
2024-10-14 13:55:24.464198 Hotel: India, sending you 3
2024-10-14 13:55:24.466276 Delta: Mike, sending you 3
2024-10-14 13:55:24.467233 Tango: Alpha, sending you 6
2024-10-14 13:55:24.468728 India: Foxtrot, X-ray, Hotel and Zulu, sending you 3
2024-10-14 13:55:24.471288 X-ray: Zulu, sending you 1
2024-10-14 13:55:24.473662 Bravo: Foxtrot, Hotel and India, sending you 4
2024-10-14 13:55:24.475695 Hotel: Zulu, sending you 2
2024-10-14 13:55:24.477744 Delta: Alpha, sending you 1
2024-10-14 13:55:24.478423 India: Bravo, sending you 4
2024-10-14 13:55:24.480427 Zulu: Foxtrot, sending you 4
2024-10-14 13:55:24.482293 Bravo: X-ray, sending you 3
2024-10-14 13:55:24.485713 Zulu: X-ray, Hotel and Bravo, sending you 2
2024-10-14 13:55:24.488666 Bravo: Zulu, sending you 2
2024-10-14 13:55:24.491700 Zulu: India, sending you 3
chatterbot Tango submitting transactions
chatterbot X-ray submitting transactions
chatterbot Mike submitting transactions
chatterbot Bravo submitting transactions
chatterbot India submitting transactions
chatterbot Zulu submitting transactions
chatterbot Foxtrot submitting transactions
chatterbot Delta submitting transactions
chatterbot Hotel submitting transactions
chatterbot Alpha submitting transactions
ChatterBot Foxtrot round 12
ChatterBot Tango round 12
ChatterBot X-ray round 12
ChatterBot Hotel round 12
ChatterBot Mike round 12
ChatterBot Delta round 12
ChatterBot Alpha round 12
ChatterBot India round 12
ChatterBot Bravo round 12
2024-10-14 13:55:25.543099 Alpha: We should replace X-ray with Zulu
2024-10-14 13:55:25.553149 Tango: No
2024-10-14 13:55:25.553340 Mike: No
2024-10-14 13:55:25.553488 Delta: No
ChatterBot Alpha reevaluating
ChatterBot Alpha reevaluating
ChatterBot Alpha reevaluating
ChatterBot Zulu round 12
2024-10-14 13:55:25.626804 Alpha: We should drop X-ray
2024-10-14 13:55:25.642391 Tango: Yes
2024-10-14 13:55:25.642622 Mike: Yes
2024-10-14 13:55:25.642804 Delta: Yes
ChatterBot Alpha reevaluating
ChatterBot Alpha reevaluating
ChatterBot Alpha reevaluating
2024-10-14 13:55:25.768109 Tango: Mike, sending you 3
2024-10-14 13:55:25.771849 X-ray: Foxtrot, India and Bravo, sending you 2
2024-10-14 13:55:25.775407 Bravo: Foxtrot, Hotel and India, sending you 4
2024-10-14 13:55:25.778192 India: Foxtrot, X-ray, Hotel and Zulu, sending you 3
2024-10-14 13:55:25.781081 Hotel: Foxtrot, X-ray and Bravo, sending you 4
2024-10-14 13:55:25.783647 Delta: Tango, sending you 2
2024-10-14 13:55:25.785436 Foxtrot: X-ray, sending you 2
2024-10-14 13:55:25.788929 Tango: Delta, sending you 5
2024-10-14 13:55:25.790775 X-ray: Hotel, sending you 3
2024-10-14 13:55:25.793875 Bravo: X-ray, sending you 3
2024-10-14 13:55:25.797433 India: Bravo, sending you 4
2024-10-14 13:55:25.801163 Hotel: India, sending you 3
2024-10-14 13:55:25.803862 Delta: Mike, sending you 3
2024-10-14 13:55:25.805582 Zulu: Foxtrot, sending you 4
2024-10-14 13:55:25.808279 Foxtrot: Hotel, India, Bravo and Zulu, sending you 4
2024-10-14 13:55:25.811366 Tango: Alpha, sending you 6
2024-10-14 13:55:25.813218 X-ray: Zulu, sending you 1
2024-10-14 13:55:25.815905 Bravo: Zulu, sending you 2
2024-10-14 13:55:25.819152 Hotel: Zulu, sending you 2
2024-10-14 13:55:25.821514 Delta: Alpha, sending you 1
2024-10-14 13:55:25.823056 Zulu: X-ray, Hotel and Bravo, sending you 2
2024-10-14 13:55:25.833235 Zulu: India, sending you 3
chatterbot Foxtrot submitting transactions
chatterbot Bravo submitting transactions
chatterbot Alpha submitting transactions
chatterbot Tango submitting transactions
chatterbot Mike submitting transactions
chatterbot Hotel submitting transactions
chatterbot Delta submitting transactions
chatterbot India submitting transactions
chatterbot Zulu submitting transactions
chatterbot X-ray submitting transactions
ChatterBot Foxtrot round 13
ChatterBot Tango round 13
ChatterBot X-ray round 13
ChatterBot Hotel round 13
ChatterBot Mike round 13
ChatterBot Delta round 13
ChatterBot Alpha round 13
ChatterBot India round 13
ChatterBot Bravo round 13
ChatterBot Zulu round 13
2024-10-14 13:55:27.056556 Alpha: We should replace X-ray with India
2024-10-14 13:55:27.070328 Tango: No
2024-10-14 13:55:27.070530 Mike: No
2024-10-14 13:55:27.070711 Delta: No
ChatterBot Alpha reevaluating
ChatterBot Alpha reevaluating
ChatterBot Alpha reevaluating
2024-10-14 13:55:27.126836 Alpha: India we want you to join our group
2024-10-14 13:55:27.132750 India: No
ChatterBot Alpha reevaluating
2024-10-14 13:55:27.149031 Delta: Tango, sending you 2
2024-10-14 13:55:27.151660 Bravo: Foxtrot, Hotel and India, sending you 4
2024-10-14 13:55:27.153094 Delta: Mike, sending you 3
2024-10-14 13:55:27.153490 Tango: Mike, sending you 3
2024-10-14 13:55:27.154071 Alpha: We should drop X-ray
2024-10-14 13:55:27.163303 Tango: Yes
2024-10-14 13:55:27.163535 Mike: Yes
2024-10-14 13:55:27.163710 Delta: Yes
ChatterBot Alpha reevaluating
ChatterBot Alpha reevaluating
