ChatterBot Foxtrot round 1
ChatterBot Juliett round 1
ChatterBot Tango round 1
ChatterBot Uniform round 1
ChatterBot Victor round 1
ChatterBot Yankee round 1
ChatterBot Bravo round 1
ChatterBot Lima round 1
ChatterBot November round 1
ChatterBot India round 1
randomSelections Yankee: {Yankee, Juliett, Foxtrot, Tango, India, Lima, November} 
2024-10-14 23:06:44.056881 Yankee: Can we be friends?
ChatterBot Juliett reevaluating
ChatterBot Foxtrot reevaluating
ChatterBot Tango reevaluating
ChatterBot India reevaluating
ChatterBot Lima reevaluating
ChatterBot November reevaluating
2024-10-14 23:06:44.075374 Juliett: Yes
2024-10-14 23:06:44.075697 Foxtrot: Yes
2024-10-14 23:06:44.075935 Tango: Yes
2024-10-14 23:06:44.076129 India: Yes
2024-10-14 23:06:44.076266 Lima: Yes
2024-10-14 23:06:44.076477 November: Yes
ChatterBot Foxtrot reevaluating
ChatterBot Tango reevaluating
ChatterBot India reevaluating
ChatterBot Lima reevaluating
ChatterBot November reevaluating
ChatterBot Juliett reevaluating
ChatterBot Tango reevaluating
ChatterBot India reevaluating
ChatterBot Lima reevaluating
ChatterBot November reevaluating
ChatterBot Juliett reevaluating
ChatterBot Foxtrot reevaluating
ChatterBot India reevaluating
ChatterBot Lima reevaluating
ChatterBot November reevaluating
ChatterBot Juliett reevaluating
ChatterBot Foxtrot reevaluating
ChatterBot Tango reevaluating
ChatterBot Lima reevaluating
ChatterBot November reevaluating
ChatterBot Juliett reevaluating
ChatterBot Foxtrot reevaluating
ChatterBot Tango reevaluating
ChatterBot India reevaluating
ChatterBot November reevaluating
ChatterBot Juliett reevaluating
ChatterBot Foxtrot reevaluating
ChatterBot Tango reevaluating
ChatterBot India reevaluating
ChatterBot Lima reevaluating
randomSelections Uniform: {Uniform, India, Foxtrot, November, Bravo, Victor} 
2024-10-14 23:06:44.154862 Uniform: Friends?
ChatterBot India reevaluating
ChatterBot Foxtrot reevaluating
ChatterBot November reevaluating
ChatterBot Bravo reevaluating
ChatterBot Victor reevaluating
2024-10-14 23:06:44.164524 India: No
2024-10-14 23:06:44.164676 Foxtrot: No
2024-10-14 23:06:44.164804 November: No
2024-10-14 23:06:44.164916 Bravo: Yes
2024-10-14 23:06:44.165018 Victor: Yes
ChatterBot Foxtrot reevaluating
ChatterBot November reevaluating
ChatterBot Bravo reevaluating
ChatterBot Victor reevaluating
ChatterBot India reevaluating
ChatterBot November reevaluating
ChatterBot Bravo reevaluating
ChatterBot Victor reevaluating
ChatterBot India reevaluating
ChatterBot Foxtrot reevaluating
ChatterBot Bravo reevaluating
ChatterBot Victor reevaluating
ChatterBot India reevaluating
ChatterBot Foxtrot reevaluating
ChatterBot November reevaluating
ChatterBot Victor reevaluating
ChatterBot India reevaluating
ChatterBot Foxtrot reevaluating
ChatterBot November reevaluating
ChatterBot Bravo reevaluating
2024-10-14 23:06:44.360738 Yankee: Foxtrot, sending you 2
2024-10-14 23:06:44.362034 Juliett: Foxtrot, Tango and Lima, sending you 1
2024-10-14 23:06:44.365687 Yankee: Juliett, November and India, sending you 3
2024-10-14 23:06:44.367140 Victor: Foxtrot and India, sending you 4
2024-10-14 23:06:44.367938 Juliett: Yankee, sending you 2
2024-10-14 23:06:44.369145 Yankee: Tango, sending you 4
2024-10-14 23:06:44.370478 Tango: Foxtrot, sending you 2
2024-10-14 23:06:44.371306 November: Foxtrot, sending you 2
2024-10-14 23:06:44.372740 Victor: Uniform, Bravo and November, sending you 3
2024-10-14 23:06:44.374058 Yankee: Lima, sending you 1
2024-10-14 23:06:44.376044 Tango: Lima and India, sending you 1
2024-10-14 23:06:44.376725 November: Juliett, sending you 5
2024-10-14 23:06:44.378272 Lima: Juliett, sending you 4
2024-10-14 23:06:44.378876 Bravo: Foxtrot, Uniform and November, sending you 3
2024-10-14 23:06:44.380803 November: Tango, Yankee and India, sending you 3
2024-10-14 23:06:44.382272 India: Foxtrot, sending you 1
2024-10-14 23:06:44.383450 Lima: Tango and India, sending you 2
2024-10-14 23:06:44.385065 Bravo: Victor and India, sending you 5
2024-10-14 23:06:44.386622 November: Lima, sending you 1
2024-10-14 23:06:44.387581 India: Juliett, sending you 4
2024-10-14 23:06:44.389200 Lima: Yankee and November, sending you 1
2024-10-14 23:06:44.391673 India: Tango, sending you 5
2024-10-14 23:06:44.395957 India: Yankee and November, sending you 2
2024-10-14 23:06:44.415908 India: Lima, sending you 3
chatterbot Juliett submitting transactions
chatterbot Lima submitting transactions
chatterbot November submitting transactions
chatterbot Foxtrot submitting transactions
chatterbot Yankee submitting transactions
chatterbot Uniform submitting transactions
chatterbot Tango submitting transactions
chatterbot Bravo submitting transactions
chatterbot India submitting transactions
chatterbot Victor submitting transactions
ChatterBot Foxtrot round 2
ChatterBot Juliett round 2
ChatterBot Tango round 2
ChatterBot Uniform round 2
ChatterBot Victor round 2
ChatterBot Yankee round 2
2024-10-14 23:06:45.824107 Foxtrot: Let's form a team
ChatterBot Uniform reevaluating
ChatterBot Victor reevaluating
ChatterBot Bravo reevaluating
2024-10-14 23:06:45.857731 Uniform: Yes
2024-10-14 23:06:45.857980 Victor: Yes
2024-10-14 23:06:45.858169 Bravo: No
ChatterBot Victor reevaluating
ChatterBot Bravo reevaluating
ChatterBot Uniform reevaluating
ChatterBot Bravo reevaluating
ChatterBot Uniform reevaluating
ChatterBot Victor reevaluating
ChatterBot Bravo round 2
ChatterBot Lima round 2
ChatterBot November round 2
ChatterBot India round 2
2024-10-14 23:06:46.112900 Victor: We should drop India and November
ChatterBot Uniform reevaluating
2024-10-14 23:06:46.133998 Foxtrot: Yes
2024-10-14 23:06:46.134762 Uniform: Yes
2024-10-14 23:06:46.134980 Bravo: Yes
ChatterBot Uniform reevaluating
ChatterBot Uniform reevaluating
2024-10-14 23:06:46.194945 Juliett: We should drop Foxtrot
2024-10-14 23:06:46.227829 Tango: Yes
2024-10-14 23:06:46.228579 Yankee: Yes
2024-10-14 23:06:46.228985 Lima: Yes
2024-10-14 23:06:46.229265 November: Yes
2024-10-14 23:06:46.229918 India: Yes
ChatterBot India reevaluating
ChatterBot India reevaluating
ChatterBot India reevaluating
2024-10-14 23:06:46.342431 Tango: We should drop Juliett and Foxtrot
ChatterBot India reevaluating
2024-10-14 23:06:46.356918 Yankee: No
2024-10-14 23:06:46.357570 Lima: No
2024-10-14 23:06:46.357678 November: No
2024-10-14 23:06:46.357778 India: No
ChatterBot India reevaluating
ChatterBot India reevaluating
ChatterBot India reevaluating
2024-10-14 23:06:46.690164 Foxtrot: Victor, sending you 5
2024-10-14 23:06:46.691556 India: We should drop Foxtrot and Tango
2024-10-14 23:06:46.706814 Juliett: No
2024-10-14 23:06:46.707018 Yankee: No
2024-10-14 23:06:46.707654 Lima: No
2024-10-14 23:06:46.707767 November: No
ChatterBot India reevaluating
ChatterBot India reevaluating
ChatterBot India reevaluating
ChatterBot India reevaluating
chatterbot Bravo submitting transactions
chatterbot November submitting transactions
chatterbot Tango submitting transactions
chatterbot Yankee submitting transactions
2024-10-14 23:06:46.773039 Foxtrot: Bravo, sending you 4
2024-10-14 23:06:47.264592 Yankee: Juliett and India, sending you 4
2024-10-14 23:06:47.265701 Tango: Sending you each 1
2024-10-14 23:06:47.266666 Victor: Foxtrot and Uniform, sending you 2
2024-10-14 23:06:47.267239 Juliett: Tango, sending you 1
chatterbot Lima submitting transactions
chatterbot Foxtrot submitting transactions
chatterbot Juliett submitting transactions
chatterbot Victor submitting transactions
2024-10-14 23:06:47.270091 Victor: Bravo, sending you 5
2024-10-14 23:06:47.495198 Yankee: Tango, sending you 1
2024-10-14 23:06:47.496210 November: Juliett, sending you 2
2024-10-14 23:06:47.496522 Juliett: Yankee, sending you 2
2024-10-14 23:06:47.496858 Bravo: Foxtrot and Uniform, sending you 1
2024-10-14 23:06:47.497136 Uniform: Foxtrot, sending you 1
2024-10-14 23:06:47.497843 Lima: Juliett, Tango and Yankee, sending you 3
2024-10-14 23:06:47.573045 November: Tango, sending you 1
2024-10-14 23:06:47.573434 Bravo: Victor, sending you 17
2024-10-14 23:06:47.573784 Yankee: Lima, sending you 3
2024-10-14 23:06:47.574728 Juliett: Lima and India, sending you 3
2024-10-14 23:06:47.575095 Uniform: Victor and Bravo, sending you 6
2024-10-14 23:06:47.575409 Lima: November, sending you 2
2024-10-14 23:06:47.576464 November: Yankee, sending you 6
2024-10-14 23:06:47.595425 Yankee: November, sending you 5
2024-10-14 23:06:47.596645 Juliett: November, sending you 4
2024-10-14 23:06:47.597108 November: Lima, sending you 3
2024-10-14 23:06:47.597544 Lima: India, sending you 6
2024-10-14 23:06:47.598642 India: Juliett, sending you 2
2024-10-14 23:06:47.623579 November: India, sending you 5
2024-10-14 23:06:47.624161 India: Yankee, sending you 6
2024-10-14 23:06:47.636301 India: Lima, sending you 4
2024-10-14 23:06:47.646264 India: November, sending you 5
chatterbot Uniform submitting transactions
chatterbot India submitting transactions
ChatterBot Foxtrot round 3
ChatterBot Juliett round 3
ChatterBot Tango round 3
ChatterBot Uniform round 3
ChatterBot Victor round 3
ChatterBot Yankee round 3
ChatterBot Bravo round 3
ChatterBot Lima round 3
ChatterBot November round 3
ChatterBot India round 3
2024-10-14 23:06:48.264989 Uniform: We should add Tango
ChatterBot Foxtrot reevaluating
ChatterBot Victor reevaluating
ChatterBot Bravo reevaluating
2024-10-14 23:06:48.284896 Foxtrot: Yes
2024-10-14 23:06:48.285782 Victor: No
2024-10-14 23:06:48.286086 Bravo: No
ChatterBot Victor reevaluating
ChatterBot Bravo reevaluating
ChatterBot Foxtrot reevaluating
ChatterBot Bravo reevaluating
ChatterBot Foxtrot reevaluating
ChatterBot Victor reevaluating
2024-10-14 23:06:48.395427 Uniform: Tango we want you to join our group
2024-10-14 23:06:48.401111 Tango: No
ChatterBot Foxtrot reevaluating
ChatterBot Victor reevaluating
ChatterBot Bravo reevaluating
2024-10-14 23:06:48.425582 Juliett: We should drop Tango
2024-10-14 23:06:48.446872 India: Yes
2024-10-14 23:06:48.447666 Yankee: No
2024-10-14 23:06:48.447899 Lima: No
2024-10-14 23:06:48.448074 November: No
2024-10-14 23:06:48.631046 Lima: Juliett, sending you 4
2024-10-14 23:06:48.723583 India: Juliett, sending you 3
2024-10-14 23:06:48.724790 Bravo: Foxtrot, sending you 5
2024-10-14 23:06:48.725341 Yankee: Juliett and Lima, sending you 3
2024-10-14 23:06:48.726832 Foxtrot: Tango and Uniform, sending you 2
2024-10-14 23:06:48.727410 Uniform: Foxtrot, sending you 1
2024-10-14 23:06:48.727771 Juliett: Yankee, Lima and November, sending you 4
2024-10-14 23:06:48.728915 Victor: Sending you each 4
2024-10-14 23:06:48.729315 Lima: Tango, sending you 2
2024-10-14 23:06:48.730830 November: Juliett and Lima, sending you 3
2024-10-14 23:06:48.731462 Tango: Same as last round
chatterbot Uniform submitting transactions
2024-10-14 23:06:48.732790 Bravo: Uniform and Victor, sending you 7
2024-10-14 23:06:48.733477 India: Yankee, sending you 4
2024-10-14 23:06:48.733978 Yankee: Tango, sending you 2
2024-10-14 23:06:48.735189 Uniform: Victor, sending you 7
2024-10-14 23:06:48.735593 Foxtrot: Victor, sending you 5
2024-10-14 23:06:48.735947 Lima: Yankee and November, sending you 3
2024-10-14 23:06:48.737102 Juliett: India, sending you 2
2024-10-14 23:06:48.737605 November: Tango, sending you 2
2024-10-14 23:06:48.800695 India: Lima and November, sending you 5
2024-10-14 23:06:48.801138 Yankee: November, sending you 5
2024-10-14 23:06:48.801459 Uniform: Bravo, sending you 5
2024-10-14 23:06:48.802279 Lima: India, sending you 5
2024-10-14 23:06:48.802624 Foxtrot: Bravo, sending you 4
2024-10-14 23:06:48.803447 November: Yankee, sending you 5
2024-10-14 23:06:48.803793 Yankee: India, sending you 4
2024-10-14 23:06:48.861988 November: India, sending you 4
chatterbot Bravo submitting transactions
chatterbot Victor submitting transactions
chatterbot Tango submitting transactions
chatterbot India submitting transactions
chatterbot Juliett submitting transactions
chatterbot Foxtrot submitting transactions
chatterbot Yankee submitting transactions
chatterbot Lima submitting transactions
chatterbot November submitting transactions
ChatterBot Foxtrot round 4
ChatterBot Juliett round 4
ChatterBot Tango round 4
ChatterBot Uniform round 4
ChatterBot Victor round 4
ChatterBot Yankee round 4
ChatterBot Bravo round 4
ChatterBot Lima round 4
ChatterBot November round 4
ChatterBot India round 4
2024-10-14 23:06:49.781720 Uniform: Foxtrot, sending you 2
2024-10-14 23:06:49.786657 Uniform: Tango, sending you 1
2024-10-14 23:06:49.787029 Juliett: Yankee, November and India, sending you 3
2024-10-14 23:06:49.788711 Yankee: Juliett and Lima, sending you 3
2024-10-14 23:06:49.789690 Foxtrot: Tango, sending you 1
2024-10-14 23:06:49.789980 Uniform: Victor and Bravo, sending you 5
2024-10-14 23:06:49.791676 Yankee: Tango, sending you 2
2024-10-14 23:06:49.792669 Juliett: Lima, sending you 5
2024-10-14 23:06:49.793405 November: Juliett, Yankee and India, sending you 4
2024-10-14 23:06:49.793828 Foxtrot: Uniform, sending you 2
2024-10-14 23:06:49.794095 Tango: Same as last round
2024-10-14 23:06:49.795027 Lima: Juliett, sending you 4
2024-10-14 23:06:49.796866 Yankee: November, sending you 5
2024-10-14 23:06:49.797677 Foxtrot: Victor, sending you 6
2024-10-14 23:06:49.798801 November: Tango, sending you 2
2024-10-14 23:06:49.799675 Lima: Tango, sending you 2
2024-10-14 23:06:49.800682 Foxtrot: Bravo, sending you 4
2024-10-14 23:06:49.801662 Yankee: India, sending you 4
2024-10-14 23:06:49.802461 Bravo: Foxtrot, sending you 5
2024-10-14 23:06:49.802781 India: Juliett, sending you 3
2024-10-14 23:06:49.803066 Victor: Foxtrot, sending you 5
2024-10-14 23:06:49.803337 November: Lima, sending you 3
2024-10-14 23:06:49.804676 Lima: Yankee and November, sending you 3
2024-10-14 23:06:49.805667 Victor: Uniform and Bravo, sending you 4
2024-10-14 23:06:49.807660 Bravo: Tango, sending you 1
2024-10-14 23:06:49.808377 India: Yankee, sending you 4
2024-10-14 23:06:49.808697 Lima: India, sending you 5
2024-10-14 23:06:49.810669 Bravo: Uniform, sending you 6
2024-10-14 23:06:49.812170 India: Lima and November, sending you 5
2024-10-14 23:06:49.814673 Bravo: Victor, sending you 7
chatterbot Victor submitting transactions
chatterbot Yankee submitting transactions
chatterbot Bravo submitting transactions
chatterbot November submitting transactions
chatterbot Tango submitting transactions
chatterbot India submitting transactions
chatterbot Uniform submitting transactions
chatterbot Lima submitting transactions
chatterbot Foxtrot submitting transactions
chatterbot Juliett submitting transactions
ChatterBot Foxtrot round 5
ChatterBot Juliett round 5
ChatterBot Tango round 5
ChatterBot Uniform round 5
ChatterBot Victor round 5
ChatterBot Yankee round 5
ChatterBot Bravo round 5
ChatterBot Lima round 5
ChatterBot November round 5
ChatterBot India round 5
2024-10-14 23:06:51.137679 Tango: Same as last round
2024-10-14 23:06:51.144219 November: Juliett and Lima, sending you 3
2024-10-14 23:06:51.145094 Bravo: Foxtrot and Uniform, sending you 6
2024-10-14 23:06:51.145886 Juliett: Yankee and India, sending you 3
2024-10-14 23:06:51.147168 Lima: Juliett, sending you 4
2024-10-14 23:06:51.148153 Foxtrot: Tango, sending you 1
2024-10-14 23:06:51.149496 Yankee: Juliett and Lima, sending you 3
2024-10-14 23:06:51.150432 Uniform: Foxtrot, sending you 2
2024-10-14 23:06:51.152011 November: Tango, sending you 2
2024-10-14 23:06:51.153015 Bravo: Victor, sending you 7
2024-10-14 23:06:51.153632 Victor: Sending you each 4
2024-10-14 23:06:51.155013 Juliett: Lima and November, sending you 4
2024-10-14 23:06:51.155710 Foxtrot: Uniform, sending you 2
2024-10-14 23:06:51.157056 Lima: Tango, sending you 2
2024-10-14 23:06:51.157842 Yankee: Tango, sending you 2
2024-10-14 23:06:51.159035 India: Juliett, Yankee and November, sending you 4
2024-10-14 23:06:51.159880 Uniform: Tango, sending you 1
2024-10-14 23:06:51.161071 November: Yankee, sending you 4
2024-10-14 23:06:51.161940 Foxtrot: Victor, sending you 6
2024-10-14 23:06:51.162476 Lima: Yankee and November, sending you 3
2024-10-14 23:06:51.163753 Yankee: November, sending you 5
2024-10-14 23:06:51.164715 India: Lima, sending you 5
2024-10-14 23:06:51.166007 Uniform: Victor and Bravo, sending you 5
2024-10-14 23:06:51.166692 November: India, sending you 5
2024-10-14 23:06:51.168050 Foxtrot: Bravo, sending you 4
2024-10-14 23:06:51.168701 Lima: India, sending you 5
2024-10-14 23:06:51.170129 Yankee: India, sending you 4
chatterbot Foxtrot submitting transactions
chatterbot Yankee submitting transactions
chatterbot India submitting transactions
chatterbot Tango submitting transactions
chatterbot Victor submitting transactions
chatterbot Uniform submitting transactions
chatterbot Lima submitting transactions
chatterbot Juliett submitting transactions
chatterbot Bravo submitting transactions
chatterbot November submitting transactions
ChatterBot Foxtrot round 6
ChatterBot Juliett round 6
ChatterBot Tango round 6
ChatterBot Uniform round 6
ChatterBot Victor round 6
ChatterBot Yankee round 6
ChatterBot Bravo round 6
ChatterBot Lima round 6
ChatterBot November round 6
ChatterBot India round 6
2024-10-14 23:06:52.377676 Juliett: Yankee and November, sending you 3
2024-10-14 23:06:52.379244 India: We should drop Lima
2024-10-14 23:06:52.387637 Juliett: No
2024-10-14 23:06:52.387789 Yankee: No
2024-10-14 23:06:52.388374 November: No
ChatterBot India reevaluating
ChatterBot India reevaluating
ChatterBot India reevaluating
2024-10-14 23:06:52.413658 Juliett: Lima and India, sending you 4
2024-10-14 23:06:52.416659 Uniform: Foxtrot, sending you 2
2024-10-14 23:06:52.417033 Foxtrot: Tango, sending you 1
2024-10-14 23:06:52.418025 Yankee: Juliett and Lima, sending you 3
2024-10-14 23:06:52.418575 Bravo: Foxtrot and Uniform, sending you 6
2024-10-14 23:06:52.418926 Lima: Juliett, sending you 4
2024-10-14 23:06:52.419353 Victor: Same as last round
2024-10-14 23:06:52.419770 Foxtrot: Uniform, sending you 2
2024-10-14 23:06:52.421775 Uniform: Tango, sending you 1
2024-10-14 23:06:52.422333 Bravo: Victor, sending you 7
2024-10-14 23:06:52.422743 Yankee: Tango, sending you 2
2024-10-14 23:06:52.423180 Lima: Tango, sending you 2
2024-10-14 23:06:52.423678 Foxtrot: Victor and Bravo, sending you 5
2024-10-14 23:06:52.424965 November: Juliett, Yankee and India, sending you 4
2024-10-14 23:06:52.425774 Uniform: Victor and Bravo, sending you 5
2024-10-14 23:06:52.426067 Yankee: November, sending you 5
2024-10-14 23:06:52.426674 Lima: Yankee and November, sending you 3
2024-10-14 23:06:52.429672 November: Tango, sending you 2
2024-10-14 23:06:52.430490 Yankee: India, sending you 4
2024-10-14 23:06:52.431095 Lima: India, sending you 5
2024-10-14 23:06:52.433139 November: Lima, sending you 3
chatterbot India submitting transactions
chatterbot Lima submitting transactions
chatterbot Bravo submitting transactions
chatterbot Uniform submitting transactions
chatterbot November submitting transactions
chatterbot Juliett submitting transactions
chatterbot Yankee submitting transactions
chatterbot Foxtrot submitting transactions
chatterbot Victor submitting transactions
chatterbot Tango submitting transactions
ChatterBot Foxtrot round 7
ChatterBot Juliett round 7
ChatterBot Tango round 7
ChatterBot Uniform round 7
ChatterBot Victor round 7
ChatterBot Yankee round 7
ChatterBot Bravo round 7
ChatterBot Lima round 7
ChatterBot November round 7
ChatterBot India round 7
2024-10-14 23:06:53.520985 India: We should drop Juliett
2024-10-14 23:06:53.528970 Yankee: No
2024-10-14 23:06:53.529169 Lima: No
2024-10-14 23:06:53.529289 November: No
ChatterBot India reevaluating
ChatterBot Lima reevaluating
ChatterBot India reevaluating
ChatterBot India reevaluating
ChatterBot Lima reevaluating
2024-10-14 23:06:53.553808 Yankee: Juliett and Lima, sending you 3
2024-10-14 23:06:53.556669 Juliett: Yankee and India, sending you 3
2024-10-14 23:06:53.557813 Yankee: Tango, sending you 2
2024-10-14 23:06:53.558487 Uniform: Foxtrot, sending you 2
2024-10-14 23:06:53.558880 Foxtrot: Tango, sending you 1
2024-10-14 23:06:53.559203 Bravo: Foxtrot and Uniform, sending you 6
2024-10-14 23:06:53.560258 Victor: Same as last round
2024-10-14 23:06:53.560786 Lima: We should drop Tango
ChatterBot India reevaluating
ChatterBot November reevaluating
2024-10-14 23:06:53.575728 India: Yes
2024-10-14 23:06:53.575955 Juliett: Yes
2024-10-14 23:06:53.576550 Yankee: No
2024-10-14 23:06:53.576737 November: Yes
ChatterBot Lima reevaluating
ChatterBot November reevaluating
ChatterBot India reevaluating
ChatterBot Lima reevaluating
ChatterBot November reevaluating
ChatterBot India reevaluating
ChatterBot Lima reevaluating
ChatterBot November reevaluating
ChatterBot India reevaluating
ChatterBot Yankee reevaluating
ChatterBot Lima reevaluating
2024-10-14 23:06:53.632716 Juliett: Lima and November, sending you 4
2024-10-14 23:06:53.633380 Uniform: Tango, sending you 1
2024-10-14 23:06:53.634401 Foxtrot: Uniform, sending you 2
2024-10-14 23:06:53.634919 Bravo: Victor, sending you 7
2024-10-14 23:06:53.636698 Uniform: Victor and Bravo, sending you 5
2024-10-14 23:06:53.638332 India: We should drop Yankee
2024-10-14 23:06:53.651466 Juliett: No
2024-10-14 23:06:53.651702 Lima: No
2024-10-14 23:06:53.651881 November: No
ChatterBot India reevaluating
ChatterBot India reevaluating
ChatterBot India reevaluating
2024-10-14 23:06:53.691943 Foxtrot: Victor and Bravo, sending you 5
2024-10-14 23:06:53.713741 November: Juliett, sending you 4
2024-10-14 23:06:53.717687 November: Yankee and India, sending you 5
2024-10-14 23:06:53.718773 Lima: Juliett, Yankee and November, sending you 4
2024-10-14 23:06:53.722701 November: Lima, sending you 3
2024-10-14 23:06:53.723261 Lima: India, sending you 5
chatterbot Bravo submitting transactions
chatterbot Tango submitting transactions
chatterbot Victor submitting transactions
chatterbot Uniform submitting transactions
chatterbot Juliett submitting transactions
chatterbot Yankee submitting transactions
chatterbot November submitting transactions
chatterbot India submitting transactions
chatterbot Lima submitting transactions
chatterbot Foxtrot submitting transactions
ChatterBot Foxtrot round 8
ChatterBot Juliett round 8
ChatterBot Tango round 8
ChatterBot Uniform round 8
ChatterBot Victor round 8
ChatterBot Yankee round 8
ChatterBot Bravo round 8
ChatterBot Lima round 8
ChatterBot November round 8
ChatterBot India round 8
2024-10-14 23:06:54.777655 Victor: Foxtrot and Uniform, sending you 4
2024-10-14 23:06:54.779822 India: We should drop Juliett
ChatterBot Yankee reevaluating
2024-10-14 23:06:54.790302 Yankee: No
2024-10-14 23:06:54.790472 Lima: No
2024-10-14 23:06:54.790622 November: No
ChatterBot India reevaluating
ChatterBot India reevaluating
ChatterBot Yankee reevaluating
ChatterBot India reevaluating
ChatterBot Yankee reevaluating
2024-10-14 23:06:54.816827 Victor: Bravo, sending you 3
2024-10-14 23:06:54.819667 Bravo: Foxtrot and Uniform, sending you 6
2024-10-14 23:06:54.820663 Foxtrot: Tango, sending you 1
2024-10-14 23:06:54.821345 November: Juliett, sending you 4
2024-10-14 23:06:54.821742 Lima: Juliett, Yankee and November, sending you 4
2024-10-14 23:06:54.822053 Uniform: Foxtrot, sending you 2
2024-10-14 23:06:54.822317 Juliett: Yankee, Lima and November, sending you 4
2024-10-14 23:06:54.822675 Bravo: Victor, sending you 7
2024-10-14 23:06:54.824683 Foxtrot: Uniform, sending you 2
2024-10-14 23:06:54.825060 Lima: India, sending you 5
2024-10-14 23:06:54.825880 Uniform: Tango, sending you 1
2024-10-14 23:06:54.826204 November: Yankee and India, sending you 5
2024-10-14 23:06:54.826532 Juliett: India, sending you 2
2024-10-14 23:06:54.827 Tango: Yankee did not give me 2 like they said
2024-10-14 23:06:54.827676 Foxtrot: Victor and Bravo, sending you 5
2024-10-14 23:06:54.829692 Uniform: Victor and Bravo, sending you 5
2024-10-14 23:06:54.830645 November: Lima, sending you 3
chatterbot Lima submitting transactions
chatterbot Foxtrot submitting transactions
chatterbot Uniform submitting transactions
chatterbot India submitting transactions
chatterbot Victor submitting transactions
chatterbot Yankee submitting transactions
chatterbot Tango submitting transactions
chatterbot November submitting transactions
chatterbot Juliett submitting transactions
chatterbot Bravo submitting transactions
ChatterBot Foxtrot round 9
ChatterBot Juliett round 9
ChatterBot Tango round 9
ChatterBot Uniform round 9
ChatterBot Victor round 9
ChatterBot Yankee round 9
ChatterBot Bravo round 9
ChatterBot Lima round 9
ChatterBot November round 9
ChatterBot India round 9
2024-10-14 23:06:56.000930 Foxtrot: Tango, sending you 1
2024-10-14 23:06:56.002172 Uniform: Foxtrot, sending you 2
2024-10-14 23:06:56.003807 Juliett: Yankee, Lima and November, sending you 4
2024-10-14 23:06:56.006032 India: We should drop Juliett
ChatterBot Yankee reevaluating
2024-10-14 23:06:56.015468 Yankee: No
2024-10-14 23:06:56.015773 Lima: No
2024-10-14 23:06:56.017031 November: No
ChatterBot India reevaluating
ChatterBot India reevaluating
ChatterBot Yankee reevaluating
ChatterBot India reevaluating
ChatterBot Yankee reevaluating
2024-10-14 23:06:56.048204 Bravo: Foxtrot and Uniform, sending you 6
2024-10-14 23:06:56.050127 Foxtrot: Uniform, sending you 2
2024-10-14 23:06:56.051431 Uniform: Victor, sending you 5
2024-10-14 23:06:56.053220 Juliett: India, sending you 2
2024-10-14 23:06:56.054341 Lima: Juliett, Yankee and November, sending you 4
2024-10-14 23:06:56.056198 Bravo: Victor, sending you 7
2024-10-14 23:06:56.057649 Foxtrot: Victor and Bravo, sending you 5
2024-10-14 23:06:56.058986 Uniform: Bravo, sending you 6
2024-10-14 23:06:56.060792 Victor: Foxtrot and Uniform, sending you 4
2024-10-14 23:06:56.061753 November: Juliett, sending you 4
2024-10-14 23:06:56.063882 Lima: India, sending you 5
2024-10-14 23:06:56.066089 Victor: Bravo, sending you 3
2024-10-14 23:06:56.068662 November: Yankee and India, sending you 5
2024-10-14 23:06:56.075061 November: Lima, sending you 3
chatterbot Foxtrot submitting transactions
chatterbot Uniform submitting transactions
chatterbot Juliett submitting transactions
chatterbot Lima submitting transactions
chatterbot India submitting transactions
chatterbot November submitting transactions
chatterbot Yankee submitting transactions
chatterbot Victor submitting transactions
chatterbot Tango submitting transactions
chatterbot Bravo submitting transactions
ChatterBot Foxtrot round 10
ChatterBot Juliett round 10
ChatterBot Tango round 10
ChatterBot Uniform round 10
ChatterBot Victor round 10
ChatterBot Yankee round 10
ChatterBot Bravo round 10
ChatterBot Lima round 10
ChatterBot November round 10
ChatterBot India round 10
2024-10-14 23:06:57.146679 Juliett: Yankee, Lima and November, sending you 4
2024-10-14 23:06:57.150854 India: We should drop Juliett
ChatterBot Yankee reevaluating
2024-10-14 23:06:57.167277 Yankee: No
2024-10-14 23:06:57.167483 Lima: No
2024-10-14 23:06:57.168188 November: No
ChatterBot India reevaluating
ChatterBot India reevaluating
ChatterBot Yankee reevaluating
ChatterBot India reevaluating
ChatterBot Yankee reevaluating
2024-10-14 23:06:57.209333 Juliett: India, sending you 2
2024-10-14 23:06:57.212664 November: Juliett, sending you 4
2024-10-14 23:06:57.214115 Uniform: Foxtrot, sending you 3
2024-10-14 23:06:57.214683 Lima: Juliett, Yankee and November, sending you 4
2024-10-14 23:06:57.215210 Victor: Foxtrot and Uniform, sending you 4
2024-10-14 23:06:57.215579 Foxtrot: Tango, sending you 1
2024-10-14 23:06:57.216049 Bravo: Foxtrot and Victor, sending you 6
2024-10-14 23:06:57.217673 November: Yankee and India, sending you 5
2024-10-14 23:06:57.218665 Uniform: Victor and Bravo, sending you 5
2024-10-14 23:06:57.219188 Victor: Bravo, sending you 3
2024-10-14 23:06:57.219678 Lima: India, sending you 5
2024-10-14 23:06:57.220839 Bravo: Uniform, sending you 7
2024-10-14 23:06:57.221274 Foxtrot: Uniform, sending you 2
2024-10-14 23:06:57.221824 November: Lima, sending you 3
2024-10-14 23:06:57.225672 Foxtrot: Victor and Bravo, sending you 5
chatterbot Yankee submitting transactions
chatterbot India submitting transactions
chatterbot Lima submitting transactions
chatterbot Tango submitting transactions
chatterbot Victor submitting transactions
chatterbot November submitting transactions
chatterbot Juliett submitting transactions
chatterbot Foxtrot submitting transactions
chatterbot Uniform submitting transactions
chatterbot Bravo submitting transactions
ChatterBot Foxtrot round 11
ChatterBot Juliett round 11
ChatterBot Tango round 11
ChatterBot Uniform round 11
ChatterBot Victor round 11
ChatterBot Yankee round 11
ChatterBot Bravo round 11
ChatterBot Lima round 11
ChatterBot November round 11
ChatterBot India round 11
2024-10-14 23:06:58.333882 India: We should drop Juliett
ChatterBot Yankee reevaluating
2024-10-14 23:06:58.343087 Yankee: No
2024-10-14 23:06:58.343325 Lima: No
2024-10-14 23:06:58.343531 November: No
ChatterBot India reevaluating
ChatterBot India reevaluating
ChatterBot Yankee reevaluating
ChatterBot India reevaluating
ChatterBot Yankee reevaluating
2024-10-14 23:06:58.379065 Victor: Foxtrot and Uniform, sending you 4
2024-10-14 23:06:58.381670 November: Juliett, sending you 3
2024-10-14 23:06:58.383543 Uniform: Foxtrot, sending you 2
2024-10-14 23:06:58.384394 Bravo: Foxtrot and Victor, sending you 6
2024-10-14 23:06:58.385147 Lima: Juliett, Yankee and November, sending you 4
2024-10-14 23:06:58.386492 Victor: Bravo, sending you 3
2024-10-14 23:06:58.387750 Foxtrot: Tango, sending you 1
2024-10-14 23:06:58.388742 Juliett: Yankee and Lima, sending you 4
2024-10-14 23:06:58.390002 November: Yankee and India, sending you 5
2024-10-14 23:06:58.391368 Uniform: Victor, sending you 5
2024-10-14 23:06:58.392192 Bravo: Uniform, sending you 7
2024-10-14 23:06:58.392744 Lima: India, sending you 5
2024-10-14 23:06:58.393702 Foxtrot: Uniform, sending you 2
2024-10-14 23:06:58.395514 November: Lima, sending you 4
2024-10-14 23:06:58.396553 Juliett: November, sending you 5
2024-10-14 23:06:58.397365 Uniform: Bravo, sending you 6
2024-10-14 23:06:58.398688 Foxtrot: Victor and Bravo, sending you 5
2024-10-14 23:06:58.400246 Juliett: India, sending you 1
chatterbot Foxtrot submitting transactions
chatterbot Lima submitting transactions
chatterbot Tango submitting transactions
chatterbot Bravo submitting transactions
chatterbot India submitting transactions
chatterbot November submitting transactions
chatterbot Juliett submitting transactions
chatterbot Victor submitting transactions
chatterbot Uniform submitting transactions
chatterbot Yankee submitting transactions
ChatterBot Foxtrot round 12
ChatterBot Juliett round 12
ChatterBot Tango round 12
ChatterBot Uniform round 12
ChatterBot Victor round 12
ChatterBot Yankee round 12
ChatterBot Bravo round 12
ChatterBot Lima round 12
ChatterBot November round 12
ChatterBot India round 12
2024-10-14 23:06:59.740823 India: We should drop Juliett
ChatterBot Yankee reevaluating
2024-10-14 23:06:59.751840 Yankee: No
2024-10-14 23:06:59.752244 Lima: No
2024-10-14 23:06:59.752543 November: No
ChatterBot India reevaluating
ChatterBot India reevaluating
ChatterBot Yankee reevaluating
ChatterBot India reevaluating
ChatterBot Yankee reevaluating
2024-10-14 23:06:59.786818 Juliett: Yankee and November, sending you 4
2024-10-14 23:06:59.790671 Lima: Juliett, Yankee and November, sending you 4
2024-10-14 23:06:59.792067 Uniform: Foxtrot, sending you 2
2024-10-14 23:06:59.792806 Victor: Foxtrot and Uniform, sending you 4
2024-10-14 23:06:59.793502 Foxtrot: Tango, sending you 1
2024-10-14 23:06:59.794750 November: Juliett, Yankee and Lima, sending you 4
2024-10-14 23:06:59.795453 Bravo: Foxtrot and Victor, sending you 6
2024-10-14 23:06:59.796203 Juliett: Lima, sending you 5
2024-10-14 23:06:59.797051 Lima: India, sending you 5
2024-10-14 23:06:59.798729 Uniform: Victor, sending you 5
2024-10-14 23:06:59.799646 Victor: Bravo, sending you 3
2024-10-14 23:06:59.800363 Foxtrot: Uniform, sending you 2
2024-10-14 23:06:59.801233 November: India, sending you 5
2024-10-14 23:06:59.802723 Bravo: Uniform, sending you 7
2024-10-14 23:06:59.803434 Juliett: India, sending you 1
2024-10-14 23:06:59.804318 Uniform: Bravo, sending you 6
2024-10-14 23:06:59.805065 Foxtrot: Victor and Bravo, sending you 5
chatterbot Victor submitting transactions
chatterbot Lima submitting transactions
chatterbot Yankee submitting transactions
chatterbot India submitting transactions
chatterbot Tango submitting transactions
chatterbot Foxtrot submitting transactions
chatterbot Juliett submitting transactions
chatterbot Uniform submitting transactions
chatterbot November submitting transactions
chatterbot Bravo submitting transactions
ChatterBot Foxtrot round 13
ChatterBot Juliett round 13
ChatterBot Tango round 13
ChatterBot Uniform round 13
ChatterBot Victor round 13
ChatterBot Yankee round 13
ChatterBot Bravo round 13
ChatterBot Lima round 13
ChatterBot November round 13
ChatterBot India round 13
2024-10-14 23:07:00.896502 Uniform: We should replace Tango with Juliett
ChatterBot Foxtrot reevaluating
2024-10-14 23:07:00.903190 Foxtrot: Yes
2024-10-14 23:07:00.903873 Victor: No
2024-10-14 23:07:00.904034 Bravo: No
ChatterBot Foxtrot reevaluating
ChatterBot Uniform reevaluating
ChatterBot Foxtrot reevaluating
ChatterBot Uniform reevaluating
2024-10-14 23:07:00.947839 India: We should drop Juliett
ChatterBot Yankee reevaluating
2024-10-14 23:07:00.957737 Yankee: No
2024-10-14 23:07:00.957958 Lima: No
2024-10-14 23:07:00.958137 November: No
ChatterBot India reevaluating
ChatterBot India reevaluating
ChatterBot Yankee reevaluating
ChatterBot India reevaluating
ChatterBot Yankee reevaluating
2024-10-14 23:07:00.988695 November: Juliett, Yankee and Lima, sending you 4
2024-10-14 23:07:00.989326 Juliett: Yankee, sending you 4
2024-10-14 23:07:00.989863 Foxtrot: Juliett, sending you 1
2024-10-14 23:07:00.990223 Victor: Foxtrot and Uniform, sending you 4
2024-10-14 23:07:00.990557 Bravo: Foxtrot and Victor, sending you 6
2024-10-14 23:07:00.991171 Lima: Juliett, Yankee and November, sending you 4
2024-10-14 23:07:00.992676 Foxtrot: Uniform, sending you 2
2024-10-14 23:07:00.993224 Victor: Bravo, sending you 3
2024-10-14 23:07:00.993769 November: India, sending you 5
2024-10-14 23:07:00.994923 Bravo: Uniform, sending you 7
2024-10-14 23:07:00.995433 Lima: India, sending you 5
2024-10-14 23:07:00.996278 Juliett: Lima and November, sending you 5
2024-10-14 23:07:00.997100 Foxtrot: Victor and Bravo, sending you 5
2024-10-14 23:07:01.006670 Uniform: Foxtrot, sending you 2
2024-10-14 23:07:01.011665 Uniform: Victor, sending you 5
2024-10-14 23:07:01.016672 Uniform: Bravo, sending you 6
chatterbot Foxtrot submitting transactions
chatterbot Tango submitting transactions
chatterbot Victor submitting transactions
chatterbot Bravo submitting transactions
chatterbot India submitting transactions
chatterbot Yankee submitting transactions
chatterbot Juliett submitting transactions
chatterbot Uniform submitting transactions
chatterbot November submitting transactions
chatterbot Lima submitting transactions
ChatterBot Foxtrot round 14
ChatterBot Juliett round 14
ChatterBot Tango round 14
ChatterBot Uniform round 14
ChatterBot Victor round 14
ChatterBot Yankee round 14
ChatterBot Bravo round 14
ChatterBot Lima round 14
ChatterBot November round 14
ChatterBot India round 14
2024-10-14 23:07:02.181849 India: We should drop Juliett
ChatterBot Yankee reevaluating
2024-10-14 23:07:02.195255 Yankee: No
2024-10-14 23:07:02.195472 Lima: No
2024-10-14 23:07:02.195685 November: No
ChatterBot India reevaluating
ChatterBot India reevaluating
ChatterBot Yankee reevaluating
ChatterBot India reevaluating
ChatterBot Yankee reevaluating
2024-10-14 23:07:02.231675 Bravo: Foxtrot and Victor, sending you 6
2024-10-14 23:07:02.232681 Victor: Foxtrot and Uniform, sending you 4
2024-10-14 23:07:02.234137 Lima: Juliett, Yankee and November, sending you 4
2024-10-14 23:07:02.235281 Bravo: Uniform, sending you 7
2024-10-14 23:07:02.236730 Victor: Bravo, sending you 3
2024-10-14 23:07:02.239704 Lima: India, sending you 5
2024-10-14 23:07:02.240673 Foxtrot: Juliett, sending you 1
2024-10-14 23:07:02.242689 Uniform: Foxtrot, sending you 2
2024-10-14 23:07:02.244526 Juliett: Yankee, sending you 4
2024-10-14 23:07:02.245312 November: Juliett, Yankee and Lima, sending you 4
2024-10-14 23:07:02.246687 Foxtrot: Uniform, sending you 2
2024-10-14 23:07:02.248234 Juliett: Lima and November, sending you 5
2024-10-14 23:07:02.249135 Uniform: Victor, sending you 5
2024-10-14 23:07:02.250723 November: India, sending you 5
2024-10-14 23:07:02.251868 Foxtrot: Victor and Bravo, sending you 5
2024-10-14 23:07:02.254674 Uniform: Bravo, sending you 6
chatterbot Juliett submitting transactions
chatterbot Yankee submitting transactions
chatterbot India submitting transactions
chatterbot Foxtrot submitting transactions
chatterbot November submitting transactions
chatterbot Bravo submitting transactions
chatterbot Lima submitting transactions
chatterbot Victor submitting transactions
chatterbot Uniform submitting transactions
chatterbot Tango submitting transactions
ChatterBot Foxtrot round 15
ChatterBot Juliett round 15
ChatterBot Tango round 15
ChatterBot Uniform round 15
ChatterBot Victor round 15
ChatterBot Yankee round 15
ChatterBot Bravo round 15
ChatterBot Lima round 15
ChatterBot November round 15
ChatterBot India round 15
2024-10-14 23:07:03.418991 India: We should drop Juliett
ChatterBot Yankee reevaluating
2024-10-14 23:07:03.436379 Yankee: No
2024-10-14 23:07:03.440439 Lima: No
2024-10-14 23:07:03.443799 November: No
ChatterBot India reevaluating
ChatterBot India reevaluating
ChatterBot Yankee reevaluating
ChatterBot India reevaluating
ChatterBot Yankee reevaluating
2024-10-14 23:07:03.495478 Victor: Foxtrot and Uniform, sending you 4
2024-10-14 23:07:03.496404 Bravo: Foxtrot, sending you 6
2024-10-14 23:07:03.498345 Uniform: Foxtrot, sending you 2
2024-10-14 23:07:03.499948 Juliett: Yankee, sending you 4
2024-10-14 23:07:03.501938 Foxtrot: Juliett, sending you 1
2024-10-14 23:07:03.502974 Victor: Bravo, sending you 3
2024-10-14 23:07:03.504813 Bravo: Uniform, sending you 8
2024-10-14 23:07:03.506060 Uniform: Victor, sending you 5
2024-10-14 23:07:03.507874 Juliett: Lima and November, sending you 5
2024-10-14 23:07:03.510172 November: Juliett, Yankee and Lima, sending you 4
2024-10-14 23:07:03.512362 Lima: Juliett, Yankee and November, sending you 4
2024-10-14 23:07:03.514597 Foxtrot: Uniform, sending you 2
2024-10-14 23:07:03.516296 Bravo: Victor, sending you 5
2024-10-14 23:07:03.517132 Uniform: Bravo, sending you 6
2024-10-14 23:07:03.517994 November: India, sending you 5
2024-10-14 23:07:03.520345 Lima: India, sending you 5
2024-10-14 23:07:03.522200 Foxtrot: Victor and Bravo, sending you 5
chatterbot Uniform submitting transactions
chatterbot Lima submitting transactions
chatterbot India submitting transactions
chatterbot Victor submitting transactions
chatterbot Juliett submitting transactions
chatterbot Yankee submitting transactions
chatterbot Tango submitting transactions
chatterbot November submitting transactions
chatterbot Foxtrot submitting transactions
chatterbot Bravo submitting transactions
ChatterBot Foxtrot round 16
ChatterBot Juliett round 16
ChatterBot Tango round 16
ChatterBot Uniform round 16
ChatterBot Victor round 16
ChatterBot Yankee round 16
ChatterBot Bravo round 16
ChatterBot Lima round 16
ChatterBot November round 16
ChatterBot India round 16
2024-10-14 23:07:04.648989 Uniform: We should add Tango
ChatterBot Foxtrot reevaluating
ChatterBot Victor reevaluating
ChatterBot Bravo reevaluating
2024-10-14 23:07:04.708222 Foxtrot: Yes
2024-10-14 23:07:04.708459 Victor: Yes
2024-10-14 23:07:04.708595 Bravo: Yes
ChatterBot Victor reevaluating
ChatterBot Bravo reevaluating
ChatterBot Foxtrot reevaluating
ChatterBot Bravo reevaluating
ChatterBot Foxtrot reevaluating
