ChatterBot Golf round 1
ChatterBot Delta round 1
ChatterBot X-ray round 1
ChatterBot Victor round 1
ChatterBot Romeo round 1
ChatterBot Mike round 1
ChatterBot Sierra round 1
ChatterBot Uniform round 1
ChatterBot Yankee round 1
ChatterBot Lima round 1
randomSelections Delta: {Delta, Mike, Golf, X-ray, Yankee, Sierra} 
2024-10-14 23:06:43.900225 Delta: Let's form a team
ChatterBot Mike reevaluating
ChatterBot Golf reevaluating
ChatterBot X-ray reevaluating
ChatterBot Yankee reevaluating
ChatterBot Sierra reevaluating
2024-10-14 23:06:43.916179 Mike: Yes
2024-10-14 23:06:43.916474 Golf: Yes
2024-10-14 23:06:43.916718 X-ray: Yes
2024-10-14 23:06:43.916953 Yankee: Yes
2024-10-14 23:06:43.917177 Sierra: Yes
ChatterBot Golf reevaluating
ChatterBot X-ray reevaluating
ChatterBot Yankee reevaluating
ChatterBot Sierra reevaluating
ChatterBot Mike reevaluating
ChatterBot X-ray reevaluating
ChatterBot Yankee reevaluating
ChatterBot Sierra reevaluating
ChatterBot Mike reevaluating
ChatterBot Golf reevaluating
ChatterBot Yankee reevaluating
ChatterBot Sierra reevaluating
ChatterBot Mike reevaluating
ChatterBot Golf reevaluating
ChatterBot X-ray reevaluating
ChatterBot Sierra reevaluating
ChatterBot Mike reevaluating
ChatterBot Golf reevaluating
ChatterBot X-ray reevaluating
ChatterBot Yankee reevaluating
randomSelections Victor: {Victor, Delta, Yankee, Sierra, Romeo, X-ray, Golf} 
2024-10-14 23:06:43.987192 Victor: We would work well together
ChatterBot Yankee reevaluating
ChatterBot Sierra reevaluating
ChatterBot Romeo reevaluating
ChatterBot X-ray reevaluating
ChatterBot Golf reevaluating
2024-10-14 23:06:44.012190 Delta: No
2024-10-14 23:06:44.013752 Yankee: No
2024-10-14 23:06:44.014684 Sierra: No
2024-10-14 23:06:44.015337 Romeo: Yes
2024-10-14 23:06:44.016758 X-ray: No
2024-10-14 23:06:44.017467 Golf: No
ChatterBot Yankee reevaluating
ChatterBot Sierra reevaluating
ChatterBot Romeo reevaluating
ChatterBot X-ray reevaluating
ChatterBot Golf reevaluating
ChatterBot Sierra reevaluating
ChatterBot Romeo reevaluating
ChatterBot X-ray reevaluating
ChatterBot Golf reevaluating
ChatterBot Yankee reevaluating
ChatterBot Romeo reevaluating
ChatterBot X-ray reevaluating
ChatterBot Golf reevaluating
ChatterBot Yankee reevaluating
ChatterBot Sierra reevaluating
ChatterBot X-ray reevaluating
ChatterBot Golf reevaluating
ChatterBot Yankee reevaluating
ChatterBot Sierra reevaluating
ChatterBot Romeo reevaluating
ChatterBot Golf reevaluating
ChatterBot Yankee reevaluating
ChatterBot Sierra reevaluating
ChatterBot Romeo reevaluating
ChatterBot X-ray reevaluating
randomSelections Uniform: {Uniform, X-ray, Sierra, Lima, Golf, Victor, Mike, Yankee} 
2024-10-14 23:06:44.135646 Uniform: We would work well together
ChatterBot X-ray reevaluating
ChatterBot Sierra reevaluating
ChatterBot Lima reevaluating
ChatterBot Golf reevaluating
ChatterBot Mike reevaluating
ChatterBot Yankee reevaluating
2024-10-14 23:06:44.155241 X-ray: No
2024-10-14 23:06:44.155538 Sierra: No
2024-10-14 23:06:44.155746 Lima: Yes
2024-10-14 23:06:44.155927 Golf: No
2024-10-14 23:06:44.156877 Victor: No
2024-10-14 23:06:44.157095 Mike: No
2024-10-14 23:06:44.157347 Yankee: No
ChatterBot Sierra reevaluating
ChatterBot Lima reevaluating
ChatterBot Golf reevaluating
ChatterBot Mike reevaluating
ChatterBot Yankee reevaluating
ChatterBot X-ray reevaluating
ChatterBot Lima reevaluating
ChatterBot Golf reevaluating
ChatterBot Mike reevaluating
ChatterBot Yankee reevaluating
ChatterBot X-ray reevaluating
ChatterBot Sierra reevaluating
ChatterBot Golf reevaluating
ChatterBot Mike reevaluating
ChatterBot Yankee reevaluating
ChatterBot X-ray reevaluating
ChatterBot Sierra reevaluating
ChatterBot Lima reevaluating
ChatterBot Mike reevaluating
ChatterBot Yankee reevaluating
ChatterBot X-ray reevaluating
ChatterBot Sierra reevaluating
ChatterBot Lima reevaluating
ChatterBot Golf reevaluating
ChatterBot Mike reevaluating
ChatterBot Yankee reevaluating
ChatterBot X-ray reevaluating
ChatterBot Sierra reevaluating
ChatterBot Lima reevaluating
ChatterBot Golf reevaluating
ChatterBot Yankee reevaluating
ChatterBot X-ray reevaluating
ChatterBot Sierra reevaluating
ChatterBot Lima reevaluating
ChatterBot Golf reevaluating
ChatterBot Mike reevaluating
2024-10-14 23:06:44.387179 Sierra: Golf, Delta and Yankee, sending you 3
2024-10-14 23:06:44.392882 Sierra: X-ray and Mike, sending you 4
2024-10-14 23:06:44.395564 Delta: Golf and X-ray, sending you 3
2024-10-14 23:06:44.396737 Romeo: Golf, sending you 5
2024-10-14 23:06:44.398345 Uniform: Golf, sending you 5
2024-10-14 23:06:44.400388 Lima: Golf, sending you 1
2024-10-14 23:06:44.401541 Mike: Golf and Yankee, sending you 2
2024-10-14 23:06:44.403556 Victor: Golf and Yankee, sending you 2
2024-10-14 23:06:44.405868 Delta: Mike and Sierra, sending you 1
2024-10-14 23:06:44.407563 Romeo: Delta, Victor and Yankee, sending you 2
2024-10-14 23:06:44.408308 X-ray: Golf, sending you 2
2024-10-14 23:06:44.409760 Uniform: X-ray, Sierra and Lima, sending you 1
2024-10-14 23:06:44.410599 Lima: Victor and Sierra, sending you 2
2024-10-14 23:06:44.412348 Mike: X-ray, sending you 4
2024-10-14 23:06:44.413740 Golf: Delta, sending you 4
2024-10-14 23:06:44.415243 Victor: Delta, sending you 3
2024-10-14 23:06:44.416046 Yankee: Golf, sending you 3
2024-10-14 23:06:44.417383 Delta: Yankee, sending you 6
2024-10-14 23:06:44.418302 Romeo: X-ray, sending you 4
2024-10-14 23:06:44.420033 X-ray: Delta and Sierra, sending you 4
2024-10-14 23:06:44.421472 Uniform: Mike, sending you 3
2024-10-14 23:06:44.422334 Lima: Mike and Uniform, sending you 3
2024-10-14 23:06:44.423991 Golf: X-ray, sending you 1
2024-10-14 23:06:44.424603 Mike: Sierra, sending you 1
2024-10-14 23:06:44.426320 Victor: X-ray and Romeo, sending you 1
2024-10-14 23:06:44.427251 Romeo: Sierra, sending you 3
2024-10-14 23:06:44.428827 X-ray: Mike, sending you 3
2024-10-14 23:06:44.430284 Uniform: Yankee, sending you 2
2024-10-14 23:06:44.431217 Lima: Yankee, sending you 7
2024-10-14 23:06:44.432973 Golf: Mike and Yankee, sending you 3
chatterbot Delta submitting transactions
2024-10-14 23:06:44.434824 Victor: Sierra, sending you 6
2024-10-14 23:06:44.435376 X-ray: Yankee, sending you 5
2024-10-14 23:06:44.439013 Golf: Sierra, sending you 6
chatterbot Yankee submitting transactions
chatterbot Uniform submitting transactions
chatterbot Victor submitting transactions
chatterbot Lima submitting transactions
chatterbot Romeo submitting transactions
chatterbot Golf submitting transactions
chatterbot Sierra submitting transactions
chatterbot Mike submitting transactions
chatterbot X-ray submitting transactions
ChatterBot Golf round 2
ChatterBot Delta round 2
ChatterBot X-ray round 2
ChatterBot Victor round 2
ChatterBot Romeo round 2
ChatterBot Mike round 2
ChatterBot Sierra round 2
ChatterBot Uniform round 2
ChatterBot Yankee round 2
2024-10-14 23:06:45.688970 Golf: Group up?
ChatterBot Delta reevaluating
ChatterBot X-ray reevaluating
ChatterBot Victor reevaluating
ChatterBot Romeo reevaluating
ChatterBot Mike reevaluating
ChatterBot Sierra reevaluating
ChatterBot Uniform reevaluating
ChatterBot Yankee reevaluating
ChatterBot Lima reevaluating
2024-10-14 23:06:45.728108 Delta: No
2024-10-14 23:06:45.728314 X-ray: No
2024-10-14 23:06:45.728429 Victor: No
2024-10-14 23:06:45.728541 Romeo: No
2024-10-14 23:06:45.729078 Mike: No
2024-10-14 23:06:45.729218 Sierra: No
2024-10-14 23:06:45.729332 Uniform: No
2024-10-14 23:06:45.729458 Yankee: Yes
2024-10-14 23:06:45.729581 Lima: No
ChatterBot X-ray reevaluating
ChatterBot Victor reevaluating
ChatterBot Romeo reevaluating
ChatterBot Mike reevaluating
ChatterBot Sierra reevaluating
ChatterBot Uniform reevaluating
ChatterBot Yankee reevaluating
ChatterBot Lima reevaluating
ChatterBot Delta reevaluating
ChatterBot Victor reevaluating
ChatterBot Romeo reevaluating
ChatterBot Mike reevaluating
ChatterBot Sierra reevaluating
ChatterBot Uniform reevaluating
ChatterBot Yankee reevaluating
ChatterBot Lima reevaluating
ChatterBot Delta reevaluating
ChatterBot X-ray reevaluating
ChatterBot Romeo reevaluating
ChatterBot Mike reevaluating
ChatterBot Sierra reevaluating
ChatterBot Uniform reevaluating
ChatterBot Yankee reevaluating
ChatterBot Lima reevaluating
ChatterBot Delta reevaluating
ChatterBot X-ray reevaluating
ChatterBot Victor reevaluating
ChatterBot Mike reevaluating
ChatterBot Sierra reevaluating
ChatterBot Uniform reevaluating
ChatterBot Yankee reevaluating
ChatterBot Lima reevaluating
ChatterBot Delta reevaluating
ChatterBot X-ray reevaluating
ChatterBot Victor reevaluating
ChatterBot Romeo reevaluating
ChatterBot Sierra reevaluating
ChatterBot Uniform reevaluating
ChatterBot Yankee reevaluating
ChatterBot Lima reevaluating
ChatterBot Delta reevaluating
ChatterBot X-ray reevaluating
ChatterBot Victor reevaluating
ChatterBot Romeo reevaluating
ChatterBot Mike reevaluating
ChatterBot Uniform reevaluating
ChatterBot Yankee reevaluating
ChatterBot Lima reevaluating
ChatterBot Delta reevaluating
ChatterBot X-ray reevaluating
ChatterBot Victor reevaluating
ChatterBot Romeo reevaluating
ChatterBot Mike reevaluating
ChatterBot Sierra reevaluating
ChatterBot Yankee reevaluating
ChatterBot Lima reevaluating
ChatterBot Delta reevaluating
ChatterBot X-ray reevaluating
ChatterBot Victor reevaluating
ChatterBot Romeo reevaluating
ChatterBot Mike reevaluating
ChatterBot Sierra reevaluating
ChatterBot Uniform reevaluating
ChatterBot Lima reevaluating
ChatterBot Delta reevaluating
ChatterBot X-ray reevaluating
ChatterBot Victor reevaluating
ChatterBot Romeo reevaluating
ChatterBot Mike reevaluating
ChatterBot Sierra reevaluating
ChatterBot Uniform reevaluating
ChatterBot Yankee reevaluating
ChatterBot Lima round 2
2024-10-14 23:06:46.230687 Lima: Friends?
2024-10-14 23:06:46.247289 Uniform: No
2024-10-14 23:06:46.247766 Yankee: Yes
2024-10-14 23:06:46.248035 Victor: No
ChatterBot Lima reevaluating
ChatterBot Lima reevaluating
2024-10-14 23:06:46.297847 Romeo: We should drop Yankee
ChatterBot Delta reevaluating
2024-10-14 23:06:46.326214 Golf: No
2024-10-14 23:06:46.326802 Delta: Yes
2024-10-14 23:06:46.327851 X-ray: Yes
2024-10-14 23:06:46.328158 Victor: Yes
2024-10-14 23:06:46.328458 Sierra: No
ChatterBot Romeo reevaluating
ChatterBot Delta reevaluating
ChatterBot Romeo reevaluating
ChatterBot Sierra reevaluating
ChatterBot Romeo reevaluating
ChatterBot Delta reevaluating
ChatterBot Sierra reevaluating
ChatterBot Romeo reevaluating
ChatterBot Delta reevaluating
ChatterBot Sierra reevaluating
ChatterBot Romeo reevaluating
ChatterBot Delta reevaluating
2024-10-14 23:06:46.457397 Victor: Golf, Delta and X-ray, sending you 1
2024-10-14 23:06:46.987600 Yankee: Golf, Victor, Romeo, Mike, Sierra and Uniform, sending you 1
2024-10-14 23:06:46.988068 Uniform: Golf and Yankee, sending you 1
2024-10-14 23:06:46.988707 Golf: Delta, X-ray, Victor, Sierra and Yankee, sending you 2
2024-10-14 23:06:46.989247 X-ray: Golf and Victor, sending you 2
2024-10-14 23:06:46.990166 Romeo: We should add Mike
ChatterBot Delta reevaluating
ChatterBot Sierra reevaluating
2024-10-14 23:06:47.008810 Victor: Yes
2024-10-14 23:06:47.009431 Delta: Yes
2024-10-14 23:06:47.009566 Yankee: Yes
2024-10-14 23:06:47.009679 Sierra: Yes
2024-10-14 23:06:47.009810 X-ray: Yes
2024-10-14 23:06:47.009921 Golf: Yes
ChatterBot Delta reevaluating
ChatterBot Sierra reevaluating
ChatterBot Romeo reevaluating
ChatterBot Sierra reevaluating
ChatterBot Romeo reevaluating
ChatterBot Victor reevaluating
ChatterBot Delta reevaluating
ChatterBot Sierra reevaluating
ChatterBot Romeo reevaluating
ChatterBot Victor reevaluating
ChatterBot Delta reevaluating
ChatterBot Romeo reevaluating
ChatterBot Victor reevaluating
ChatterBot Delta reevaluating
ChatterBot Sierra reevaluating
ChatterBot Romeo reevaluating
ChatterBot Victor reevaluating
ChatterBot Delta reevaluating
ChatterBot Sierra reevaluating
ChatterBot Romeo reevaluating
chatterbot Yankee submitting transactions
2024-10-14 23:06:47.246182 Mike: We should replace Yankee with Romeo
ChatterBot Sierra reevaluating
2024-10-14 23:06:47.259877 Golf: No
2024-10-14 23:06:47.260721 Delta: Yes
2024-10-14 23:06:47.261091 X-ray: Yes
2024-10-14 23:06:47.261324 Sierra: Yes
ChatterBot Delta reevaluating
ChatterBot Sierra reevaluating
ChatterBot Mike reevaluating
ChatterBot Sierra reevaluating
ChatterBot Mike reevaluating
ChatterBot Delta reevaluating
ChatterBot Sierra reevaluating
ChatterBot Mike reevaluating
ChatterBot Delta reevaluating
chatterbot Uniform submitting transactions
chatterbot Golf submitting transactions
2024-10-14 23:06:47.318835 Yankee: Delta and X-ray, sending you 2
2024-10-14 23:06:47.319469 Uniform: Lima, sending you 12
2024-10-14 23:06:47.319742 Golf: Romeo and Uniform, sending you 3
2024-10-14 23:06:47.320778 X-ray: Delta and Sierra, sending you 3
chatterbot Victor submitting transactions
chatterbot X-ray submitting transactions
2024-10-14 23:06:47.322108 Lima: Victor and Yankee, sending you 4
2024-10-14 23:06:47.322702 Romeo: Mike we want you to join our group
ChatterBot Mike reevaluating
2024-10-14 23:06:47.326747 Mike: Yes
ChatterBot Victor reevaluating
ChatterBot Romeo reevaluating
ChatterBot Sierra reevaluating
2024-10-14 23:06:47.347700 Yankee: Lima, sending you 4
2024-10-14 23:06:47.349562 Golf: Mike, sending you 1
2024-10-14 23:06:47.351203 X-ray: Romeo and Mike, sending you 4
2024-10-14 23:06:47.352832 Lima: Uniform, sending you 10
chatterbot Lima submitting transactions
2024-10-14 23:06:47.580406 Delta: Golf, sending you 5
2024-10-14 23:06:47.581484 Sierra: Golf and Victor, sending you 5
2024-10-14 23:06:47.601264 Delta: X-ray, sending you 4
2024-10-14 23:06:47.601664 Mike: Golf and X-ray, sending you 4
2024-10-14 23:06:47.602087 Sierra: Delta and Mike, sending you 1
2024-10-14 23:06:47.627029 Delta: Victor, Romeo and Sierra, sending you 3
2024-10-14 23:06:47.627849 Romeo: Golf, Delta, X-ray and Mike, sending you 2
2024-10-14 23:06:47.628935 Mike: Delta, sending you 2
2024-10-14 23:06:47.629301 Sierra: X-ray, sending you 3
2024-10-14 23:06:47.639441 Romeo: Victor, sending you 10
2024-10-14 23:06:47.640498 Delta: Mike, sending you 1
2024-10-14 23:06:47.640870 Mike: Victor and Romeo, sending you 1
2024-10-14 23:06:47.641280 Sierra: Romeo, sending you 2
2024-10-14 23:06:47.648930 Romeo: Sierra, sending you 1
2024-10-14 23:06:47.649314 Mike: Sierra, sending you 5
chatterbot Sierra submitting transactions
chatterbot Romeo submitting transactions
chatterbot Mike submitting transactions
chatterbot Victor submitting transactions
chatterbot Mike submitting transactions
chatterbot Delta submitting transactions
ChatterBot Golf round 3
ChatterBot Delta round 3
ChatterBot X-ray round 3
ChatterBot Victor round 3
ChatterBot Romeo round 3
ChatterBot Mike round 3
ChatterBot Sierra round 3
ChatterBot Uniform round 3
2024-10-14 23:06:48.412665 Delta: We should add Yankee
ChatterBot Victor reevaluating
ChatterBot Romeo reevaluating
2024-10-14 23:06:48.430941 Golf: Yes
2024-10-14 23:06:48.431627 X-ray: No
2024-10-14 23:06:48.431747 Victor: No
2024-10-14 23:06:48.431871 Romeo: Yes
2024-10-14 23:06:48.431978 Mike: No
2024-10-14 23:06:48.432078 Sierra: No
ChatterBot Victor reevaluating
ChatterBot Romeo reevaluating
ChatterBot Victor reevaluating
ChatterBot Romeo reevaluating
ChatterBot Romeo reevaluating
ChatterBot Victor reevaluating
ChatterBot Victor reevaluating
ChatterBot Romeo reevaluating
ChatterBot Victor reevaluating
ChatterBot Romeo reevaluating
ChatterBot Yankee round 3
ChatterBot Lima round 3
2024-10-14 23:06:48.626886 Delta: Yankee we want you to join our group
ChatterBot Yankee reevaluating
2024-10-14 23:06:48.635170 Yankee: No
ChatterBot Victor reevaluating
ChatterBot Romeo reevaluating
2024-10-14 23:06:48.671338 Yankee: Group up?
ChatterBot Lima reevaluating
2024-10-14 23:06:48.678549 Uniform: Yes
2024-10-14 23:06:48.679310 Lima: Yes
ChatterBot Yankee reevaluating
ChatterBot Lima reevaluating
ChatterBot Yankee reevaluating
2024-10-14 23:06:48.755108 Victor: We should drop Lima
ChatterBot Romeo reevaluating
2024-10-14 23:06:48.773569 Delta: Yes
2024-10-14 23:06:48.773792 Golf: No
2024-10-14 23:06:48.774394 X-ray: Yes
2024-10-14 23:06:48.774539 Romeo: Yes
2024-10-14 23:06:48.774676 Mike: Yes
2024-10-14 23:06:48.774810 Sierra: Yes
ChatterBot Romeo reevaluating
ChatterBot Delta reevaluating
ChatterBot Romeo reevaluating
ChatterBot Delta reevaluating
ChatterBot Golf reevaluating
ChatterBot Romeo reevaluating
ChatterBot Delta reevaluating
ChatterBot Golf reevaluating
ChatterBot Delta reevaluating
ChatterBot Golf reevaluating
ChatterBot Romeo reevaluating
ChatterBot Delta reevaluating
ChatterBot Golf reevaluating
ChatterBot Romeo reevaluating
2024-10-14 23:06:49.070033 Mike: Golf, sending you 3
2024-10-14 23:06:49.071459 Sierra: Golf, sending you 5
2024-10-14 23:06:49.072039 Romeo: Yankee we want you to join our group
2024-10-14 23:06:49.076257 Yankee: No
ChatterBot Delta reevaluating
ChatterBot Golf reevaluating
ChatterBot Romeo reevaluating
2024-10-14 23:06:49.099830 X-ray: Golf, Delta, Romeo and Sierra, sending you 3
2024-10-14 23:06:49.100874 Uniform: Golf, sending you 3
2024-10-14 23:06:49.102143 Yankee: Uniform, sending you 5
2024-10-14 23:06:49.103762 Sierra: Delta, Victor and Romeo, sending you 2
chatterbot Victor submitting transactions
2024-10-14 23:06:49.105777 Mike: Delta and Romeo, sending you 2
2024-10-14 23:06:49.107535 X-ray: Victor, sending you 2
2024-10-14 23:06:49.109506 Uniform: Yankee, sending you 2
2024-10-14 23:06:49.110300 Yankee: Lima, sending you 6
2024-10-14 23:06:49.111538 Lima: Victor, sending you 5
2024-10-14 23:06:49.113164 Victor: Golf, Delta and X-ray, sending you 2
2024-10-14 23:06:49.114965 Sierra: X-ray and Mike, sending you 3
2024-10-14 23:06:49.117097 Golf: We should drop Uniform and Lima
ChatterBot Delta reevaluating
2024-10-14 23:06:49.149939 Delta: Yes
2024-10-14 23:06:49.151086 X-ray: Yes
2024-10-14 23:06:49.151491 Victor: Yes
2024-10-14 23:06:49.152115 Romeo: Yes
2024-10-14 23:06:49.153419 Mike: Yes
2024-10-14 23:06:49.154002 Sierra: Yes
2024-10-14 23:06:49.154373 Yankee: No
ChatterBot Golf reevaluating
ChatterBot Romeo reevaluating
ChatterBot Delta reevaluating
ChatterBot Golf reevaluating
ChatterBot Romeo reevaluating
ChatterBot Delta reevaluating
ChatterBot Golf reevaluating
ChatterBot Romeo reevaluating
ChatterBot Delta reevaluating
ChatterBot Golf reevaluating
ChatterBot Delta reevaluating
ChatterBot Golf reevaluating
ChatterBot Romeo reevaluating
ChatterBot Delta reevaluating
ChatterBot Golf reevaluating
ChatterBot Romeo reevaluating
ChatterBot Delta reevaluating
ChatterBot Golf reevaluating
ChatterBot Romeo reevaluating
2024-10-14 23:06:49.395150 Mike: X-ray, sending you 5
2024-10-14 23:06:49.396204 X-ray: Mike, sending you 4
2024-10-14 23:06:49.396630 Uniform: Lima, sending you 9
2024-10-14 23:06:49.397038 Lima: Uniform, sending you 8
2024-10-14 23:06:49.397289 Victor: Romeo, sending you 5
chatterbot Uniform submitting transactions
chatterbot Delta submitting transactions
chatterbot Mike submitting transactions
2024-10-14 23:06:49.399902 Lima: Yankee, sending you 6
2024-10-14 23:06:49.400705 Mike: Victor, sending you 1
2024-10-14 23:06:49.401815 Victor: Mike, sending you 1
2024-10-14 23:06:49.405692 Mike: Sierra, sending you 4
2024-10-14 23:06:49.407859 Victor: Sierra, sending you 3
2024-10-14 23:06:49.412696 Romeo: Golf, Delta, X-ray and Sierra, sending you 3
2024-10-14 23:06:49.417683 Romeo: Victor, sending you 5
2024-10-14 23:06:49.421659 Golf: Delta, Romeo and Mike, sending you 3
2024-10-14 23:06:49.423107 Romeo: Mike, sending you 2
2024-10-14 23:06:49.425151 Golf: X-ray and Victor, sending you 2
2024-10-14 23:06:49.430684 Golf: Sierra, sending you 4
2024-10-14 23:06:49.432678 Delta: Golf and X-ray, sending you 4
2024-10-14 23:06:49.436679 Delta: Victor, Romeo, Mike and Yankee, sending you 2
2024-10-14 23:06:49.440701 Delta: Sierra, sending you 3
chatterbot Yankee submitting transactions
chatterbot X-ray submitting transactions
chatterbot Sierra submitting transactions
chatterbot Lima submitting transactions
chatterbot Delta submitting transactions
chatterbot Romeo submitting transactions
chatterbot Golf submitting transactions
ChatterBot Golf round 4
ChatterBot Delta round 4
ChatterBot X-ray round 4
ChatterBot Victor round 4
ChatterBot Romeo round 4
ChatterBot Mike round 4
ChatterBot Sierra round 4
ChatterBot Uniform round 4
ChatterBot Yankee round 4
ChatterBot Lima round 4
2024-10-14 23:06:50.532483 Delta: We should drop Yankee
2024-10-14 23:06:50.562193 Golf: Yes
2024-10-14 23:06:50.562437 X-ray: Yes
2024-10-14 23:06:50.562621 Victor: Yes
2024-10-14 23:06:50.562813 Romeo: Yes
2024-10-14 23:06:50.563494 Mike: Yes
2024-10-14 23:06:50.563674 Sierra: Yes
2024-10-14 23:06:50.826290 X-ray: Golf, Delta, Romeo and Sierra, sending you 3
2024-10-14 23:06:50.827957 Mike: Golf, sending you 3
2024-10-14 23:06:50.831999 Lima: Victor, sending you 5
2024-10-14 23:06:50.833004 Golf: Delta, X-ray, Romeo and Mike, sending you 3
2024-10-14 23:06:50.833805 X-ray: Victor, sending you 2
2024-10-14 23:06:50.834989 Sierra: Golf, sending you 4
2024-10-14 23:06:50.835697 Romeo: Golf, Delta, X-ray and Sierra, sending you 3
2024-10-14 23:06:50.836827 Uniform: Golf, sending you 2
2024-10-14 23:06:50.837170 Delta: Golf and X-ray, sending you 4
2024-10-14 23:06:50.838273 Mike: Delta and Romeo, sending you 2
2024-10-14 23:06:50.838952 Victor: Golf, Delta and X-ray, sending you 2
2024-10-14 23:06:50.840205 Yankee: Uniform, sending you 5
2024-10-14 23:06:50.840468 Lima: Uniform, sending you 8
2024-10-14 23:06:50.840806 Golf: Victor, sending you 1
2024-10-14 23:06:50.841720 Sierra: Delta and Romeo, sending you 2
2024-10-14 23:06:50.842439 X-ray: Mike, sending you 4
2024-10-14 23:06:50.844010 Romeo: Victor, sending you 5
2024-10-14 23:06:50.845518 Uniform: Yankee, sending you 4
2024-10-14 23:06:50.846003 Delta: Victor, Romeo and Sierra, sending you 3
2024-10-14 23:06:50.846554 Mike: X-ray, sending you 5
2024-10-14 23:06:50.847581 Victor: Romeo, sending you 5
2024-10-14 23:06:50.848078 Yankee: Lima, sending you 6
2024-10-14 23:06:50.848889 Lima: Yankee, sending you 6
2024-10-14 23:06:50.849117 Golf: Sierra, sending you 4
2024-10-14 23:06:50.849831 Sierra: X-ray, Victor and Mike, sending you 3
2024-10-14 23:06:50.851132 Romeo: Mike, sending you 2
2024-10-14 23:06:50.852442 Uniform: Lima, sending you 8
2024-10-14 23:06:50.852852 Delta: Mike, sending you 2
2024-10-14 23:06:50.854138 Mike: Victor, sending you 1
2024-10-14 23:06:50.854801 Victor: Mike, sending you 1
2024-10-14 23:06:50.863421 Mike: Sierra, sending you 4
2024-10-14 23:06:50.864968 Victor: Sierra, sending you 3
chatterbot Delta submitting transactions
chatterbot Golf submitting transactions
chatterbot Lima submitting transactions
chatterbot Romeo submitting transactions
chatterbot Yankee submitting transactions
chatterbot X-ray submitting transactions
chatterbot Mike submitting transactions
chatterbot Sierra submitting transactions
chatterbot Uniform submitting transactions
chatterbot Victor submitting transactions
ChatterBot Golf round 5
ChatterBot Delta round 5
ChatterBot X-ray round 5
ChatterBot Victor round 5
ChatterBot Romeo round 5
ChatterBot Mike round 5
ChatterBot Sierra round 5
ChatterBot Uniform round 5
ChatterBot Yankee round 5
ChatterBot Lima round 5
2024-10-14 23:06:51.832294 Lima: We should drop Victor
2024-10-14 23:06:51.838281 Yankee: Yes
2024-10-14 23:06:51.838505 Uniform: Yes
2024-10-14 23:06:51.851681 X-ray: Golf, Delta, Romeo and Sierra, sending you 3
2024-10-14 23:06:51.852742 Romeo: Golf, Delta, X-ray, Mike and Sierra, sending you 3
2024-10-14 23:06:51.854266 Mike: Golf, sending you 4
2024-10-14 23:06:51.855080 Golf: Delta, X-ray, Romeo and Mike, sending you 3
2024-10-14 23:06:51.855918 Delta: Golf and X-ray, sending you 4
2024-10-14 23:06:51.857563 Victor: Golf, Delta and X-ray, sending you 2
2024-10-14 23:06:51.859573 X-ray: Victor, sending you 2
2024-10-14 23:06:51.860482 Romeo: Victor, sending you 4
2024-10-14 23:06:51.861254 Golf: Victor, sending you 1
2024-10-14 23:06:51.862551 Mike: Delta and Romeo, sending you 2
2024-10-14 23:06:51.863460 Delta: Victor, Romeo and Sierra, sending you 3
2024-10-14 23:06:51.864915 Victor: Romeo, sending you 5
2024-10-14 23:06:51.865833 X-ray: Mike, sending you 4
2024-10-14 23:06:51.867287 Golf: Sierra, sending you 4
2024-10-14 23:06:51.868265 Mike: X-ray, sending you 5
2024-10-14 23:06:51.869549 Lima: Sending you each 9
2024-10-14 23:06:51.869944 Delta: Mike, sending you 2
2024-10-14 23:06:51.870907 Victor: Mike, sending you 1
2024-10-14 23:06:51.872336 Sierra: Golf, sending you 4
2024-10-14 23:06:51.873491 Uniform: Golf, sending you 1
2024-10-14 23:06:51.873966 Yankee: Uniform, sending you 5
2024-10-14 23:06:51.874888 Mike: Victor, sending you 1
2024-10-14 23:06:51.875863 Victor: Sierra, sending you 3
2024-10-14 23:06:51.876875 Uniform: Yankee, sending you 5
2024-10-14 23:06:51.877759 Sierra: Delta and Romeo, sending you 2
2024-10-14 23:06:51.878690 Yankee: Lima, sending you 7
2024-10-14 23:06:51.880902 Mike: Sierra, sending you 3
2024-10-14 23:06:51.881784 Uniform: Lima, sending you 8
2024-10-14 23:06:51.882712 Sierra: X-ray, Victor and Mike, sending you 3
chatterbot Victor submitting transactions
chatterbot Lima submitting transactions
chatterbot Yankee submitting transactions
chatterbot Romeo submitting transactions
chatterbot Uniform submitting transactions
chatterbot Delta submitting transactions
chatterbot Golf submitting transactions
chatterbot Sierra submitting transactions
chatterbot Mike submitting transactions
chatterbot X-ray submitting transactions
ChatterBot Golf round 6
ChatterBot Delta round 6
ChatterBot X-ray round 6
ChatterBot Victor round 6
ChatterBot Romeo round 6
ChatterBot Mike round 6
ChatterBot Sierra round 6
ChatterBot Uniform round 6
ChatterBot Yankee round 6
ChatterBot Lima round 6
2024-10-14 23:06:53.073688 X-ray: Sending you each 3
2024-10-14 23:06:53.075769 Victor: Golf, Delta and X-ray, sending you 2
2024-10-14 23:06:53.077604 Romeo: Golf, Delta, X-ray, Mike and Sierra, sending you 3
2024-10-14 23:06:53.081674 Victor: Romeo, sending you 5
2024-10-14 23:06:53.082970 Uniform: Golf, sending you 1
2024-10-14 23:06:53.084381 Romeo: Victor, sending you 4
2024-10-14 23:06:53.096408 Lima: Uniform, sending you 10
2024-10-14 23:06:53.096988 Delta: Golf and X-ray, sending you 4
2024-10-14 23:06:53.099229 Victor: Mike, sending you 1
2024-10-14 23:06:53.101091 Uniform: Yankee, sending you 5
2024-10-14 23:06:53.101727 Yankee: Uniform, sending you 6
2024-10-14 23:06:53.102930 Lima: Yankee, sending you 9
2024-10-14 23:06:53.117249 Delta: Victor, Romeo and Sierra, sending you 3
2024-10-14 23:06:53.119099 Mike: Golf, sending you 4
2024-10-14 23:06:53.119972 Victor: Sierra, sending you 3
2024-10-14 23:06:53.121309 Sierra: Golf, sending you 4
2024-10-14 23:06:53.122528 Uniform: Lima, sending you 8
2024-10-14 23:06:53.122926 Yankee: Lima, sending you 7
2024-10-14 23:06:53.123284 Golf: Delta, X-ray, Romeo and Mike, sending you 3
2024-10-14 23:06:53.124939 Delta: Mike, sending you 2
2024-10-14 23:06:53.125691 Mike: Delta and Romeo, sending you 2
2024-10-14 23:06:53.127494 Sierra: Delta and Romeo, sending you 2
2024-10-14 23:06:53.135584 Golf: Victor, sending you 1
2024-10-14 23:06:53.137408 Mike: X-ray, sending you 5
2024-10-14 23:06:53.139019 Sierra: X-ray, Victor and Mike, sending you 3
2024-10-14 23:06:53.140788 Golf: Sierra, sending you 4
2024-10-14 23:06:53.144085 Mike: Victor, sending you 1
2024-10-14 23:06:53.151800 Mike: Sierra, sending you 3
chatterbot Golf submitting transactions
chatterbot Mike submitting transactions
chatterbot Romeo submitting transactions
chatterbot Uniform submitting transactions
chatterbot Delta submitting transactions
chatterbot Sierra submitting transactions
chatterbot Yankee submitting transactions
chatterbot Lima submitting transactions
chatterbot X-ray submitting transactions
chatterbot Victor submitting transactions
ChatterBot Golf round 7
ChatterBot Delta round 7
ChatterBot X-ray round 7
ChatterBot Victor round 7
ChatterBot Romeo round 7
ChatterBot Mike round 7
ChatterBot Sierra round 7
ChatterBot Uniform round 7
ChatterBot Yankee round 7
ChatterBot Lima round 7
2024-10-14 23:06:54.367680 X-ray: Same as last round
2024-10-14 23:06:54.370699 Golf: Delta, X-ray, Romeo, Mike and Sierra, sending you 3
2024-10-14 23:06:54.372766 Delta: Golf and X-ray, sending you 4
2024-10-14 23:06:54.375368 Lima: Uniform, sending you 10
2024-10-14 23:06:54.375873 Uniform: Golf, sending you 1
2024-10-14 23:06:54.376689 Golf: Victor, sending you 2
2024-10-14 23:06:54.381841 Delta: Victor, Romeo and Sierra, sending you 3
2024-10-14 23:06:54.386642 Lima: Yankee, sending you 9
2024-10-14 23:06:54.389302 Uniform: Yankee, sending you 5
2024-10-14 23:06:54.391904 Mike: Golf and X-ray, sending you 4
2024-10-14 23:06:54.395901 Sierra: Golf, sending you 4
2024-10-14 23:06:54.401718 Yankee: Uniform, sending you 6
2024-10-14 23:06:54.402256 Delta: Mike, sending you 2
2024-10-14 23:06:54.404868 Romeo: Golf, Delta, X-ray, Mike and Sierra, sending you 3
2024-10-14 23:06:54.406319 Uniform: Lima, sending you 8
2024-10-14 23:06:54.406801 Victor: Golf and X-ray, sending you 2
2024-10-14 23:06:54.409486 Mike: Delta, sending you 2
2024-10-14 23:06:54.412061 Sierra: Delta and Romeo, sending you 2
2024-10-14 23:06:54.414212 Yankee: Lima, sending you 7
2024-10-14 23:06:54.414700 Romeo: Victor, sending you 4
2024-10-14 23:06:54.416817 Victor: Delta and Sierra, sending you 3
2024-10-14 23:06:54.418419 Mike: Victor, sending you 1
2024-10-14 23:06:54.420591 Sierra: X-ray, Victor and Mike, sending you 3
2024-10-14 23:06:54.422843 Victor: Romeo, sending you 4
2024-10-14 23:06:54.425169 Mike: Romeo and Sierra, sending you 3
2024-10-14 23:06:54.427731 Victor: Mike, sending you 1
chatterbot Romeo submitting transactions
chatterbot X-ray submitting transactions
chatterbot Yankee submitting transactions
chatterbot Mike submitting transactions
chatterbot Delta submitting transactions
chatterbot Sierra submitting transactions
chatterbot Uniform submitting transactions
chatterbot Golf submitting transactions
chatterbot Lima submitting transactions
chatterbot Victor submitting transactions
ChatterBot Golf round 8
ChatterBot Delta round 8
ChatterBot X-ray round 8
ChatterBot Victor round 8
ChatterBot Romeo round 8
ChatterBot Mike round 8
ChatterBot Sierra round 8
ChatterBot Uniform round 8
ChatterBot Yankee round 8
ChatterBot Lima round 8
2024-10-14 23:06:55.647844 Delta: Golf and X-ray, sending you 4
2024-10-14 23:06:55.650143 Sierra: Golf, sending you 4
2024-10-14 23:06:55.651919 Golf: Delta, X-ray, Romeo, Mike and Sierra, sending you 3
2024-10-14 23:06:55.652999 Romeo: Golf, Delta, X-ray, Mike and Sierra, sending you 3
2024-10-14 23:06:55.654371 Mike: Golf and X-ray, sending you 4
2024-10-14 23:06:55.656508 Victor: Golf and Delta, sending you 2
2024-10-14 23:06:55.657608 Uniform: Golf, sending you 1
2024-10-14 23:06:55.658674 Delta: Victor, Romeo and Sierra, sending you 3
2024-10-14 23:06:55.659658 Sierra: Delta and Romeo, sending you 2
2024-10-14 23:06:55.661255 X-ray: Same as last round
2024-10-14 23:06:55.662090 Golf: Victor, sending you 2
2024-10-14 23:06:55.663409 Romeo: Victor, sending you 4
2024-10-14 23:06:55.664355 Mike: Delta, sending you 2
2024-10-14 23:06:55.665668 Victor: X-ray and Sierra, sending you 3
2024-10-14 23:06:55.666494 Uniform: Yankee, sending you 5
2024-10-14 23:06:55.667372 Delta: Mike, sending you 2
2024-10-14 23:06:55.668367 Sierra: X-ray, Victor and Mike, sending you 3
2024-10-14 23:06:55.669904 Yankee: Uniform, sending you 6
2024-10-14 23:06:55.670224 Lima: Uniform, sending you 10
2024-10-14 23:06:55.670564 Mike: Victor, sending you 1
2024-10-14 23:06:55.671960 Uniform: Lima, sending you 8
2024-10-14 23:06:55.672506 Victor: Romeo, sending you 4
2024-10-14 23:06:55.674311 Yankee: Lima, sending you 7
2024-10-14 23:06:55.674732 Lima: Yankee, sending you 9
2024-10-14 23:06:55.676723 Mike: Romeo and Sierra, sending you 3
2024-10-14 23:06:55.678861 Victor: Mike, sending you 1
chatterbot Lima submitting transactions
chatterbot X-ray submitting transactions
chatterbot Uniform submitting transactions
chatterbot Delta submitting transactions
chatterbot Victor submitting transactions
chatterbot Sierra submitting transactions
chatterbot Romeo submitting transactions
chatterbot Golf submitting transactions
chatterbot Mike submitting transactions
chatterbot Yankee submitting transactions
ChatterBot Golf round 9
ChatterBot Delta round 9
ChatterBot X-ray round 9
ChatterBot Victor round 9
ChatterBot Romeo round 9
ChatterBot Mike round 9
ChatterBot Sierra round 9
ChatterBot Uniform round 9
ChatterBot Yankee round 9
ChatterBot Lima round 9
2024-10-14 23:06:56.935673 Romeo: Golf, Delta, X-ray, Mike and Sierra, sending you 3
2024-10-14 23:06:56.937647 Golf: Delta, X-ray, Romeo, Mike and Sierra, sending you 3
2024-10-14 23:06:56.938532 X-ray: Same as last round
2024-10-14 23:06:56.939694 Delta: Golf and X-ray, sending you 4
2024-10-14 23:06:56.941688 Romeo: Victor, sending you 4
2024-10-14 23:06:56.943134 Golf: Victor, sending you 2
2024-10-14 23:06:56.944117 Sierra: Golf, sending you 4
2024-10-14 23:06:56.945495 Yankee: Uniform, sending you 6
2024-10-14 23:06:56.945775 Delta: Victor, Romeo and Sierra, sending you 3
2024-10-14 23:06:56.946429 Mike: Golf and X-ray, sending you 4
2024-10-14 23:06:56.948657 Sierra: Delta, sending you 1
2024-10-14 23:06:56.949908 Uniform: Golf, sending you 1
2024-10-14 23:06:56.950176 Lima: Uniform, sending you 10
2024-10-14 23:06:56.950404 Victor: Golf and Delta, sending you 2
2024-10-14 23:06:56.951049 Delta: Mike, sending you 2
2024-10-14 23:06:56.951699 Yankee: Lima, sending you 7
2024-10-14 23:06:56.951929 Mike: Delta, sending you 2
2024-10-14 23:06:56.953663 Uniform: Yankee, sending you 5
2024-10-14 23:06:56.953996 Lima: Yankee, sending you 9
2024-10-14 23:06:56.954668 Sierra: X-ray, Victor, Romeo and Mike, sending you 3
2024-10-14 23:06:56.955645 Mike: Victor, sending you 1
2024-10-14 23:06:56.956376 Victor: X-ray and Sierra, sending you 3
2024-10-14 23:06:56.958665 Uniform: Lima, sending you 8
2024-10-14 23:06:56.958990 Mike: Romeo and Sierra, sending you 3
2024-10-14 23:06:56.961709 Victor: Romeo, sending you 4
2024-10-14 23:06:56.966691 Victor: Mike, sending you 1
chatterbot Romeo submitting transactions
chatterbot Lima submitting transactions
chatterbot Golf submitting transactions
chatterbot Delta submitting transactions
chatterbot Victor submitting transactions
chatterbot Mike submitting transactions
chatterbot Sierra submitting transactions
chatterbot Uniform submitting transactions
chatterbot Yankee submitting transactions
chatterbot X-ray submitting transactions
ChatterBot Golf round 10
ChatterBot Delta round 10
ChatterBot X-ray round 10
ChatterBot Victor round 10
ChatterBot Romeo round 10
ChatterBot Mike round 10
ChatterBot Sierra round 10
ChatterBot Uniform round 10
ChatterBot Yankee round 10
ChatterBot Lima round 10
2024-10-14 23:06:58.205681 Golf: Delta, X-ray, Romeo, Mike and Sierra, sending you 3
2024-10-14 23:06:58.209319 Mike: Golf and X-ray, sending you 4
2024-10-14 23:06:58.212124 Golf: Victor, sending you 2
2024-10-14 23:06:58.214745 Mike: Delta, sending you 2
2024-10-14 23:06:58.217215 X-ray: Same as last round
2024-10-14 23:06:58.220037 Delta: Golf and X-ray, sending you 4
2024-10-14 23:06:58.222883 Sierra: Golf, sending you 4
2024-10-14 23:06:58.225605 Mike: Victor, sending you 1
2024-10-14 23:06:58.228650 Uniform: Golf, sending you 1
2024-10-14 23:06:58.229593 Yankee: Uniform, sending you 6
2024-10-14 23:06:58.230962 Delta: Victor, Romeo and Sierra, sending you 3
2024-10-14 23:06:58.233244 Romeo: Golf, Delta, X-ray, Mike and Sierra, sending you 3
2024-10-14 23:06:58.235517 Sierra: Delta, sending you 1
2024-10-14 23:06:58.237837 Lima: Uniform, sending you 10
2024-10-14 23:06:58.238460 Mike: Romeo and Sierra, sending you 3
2024-10-14 23:06:58.240949 Uniform: Yankee, sending you 5
2024-10-14 23:06:58.241765 Victor: Golf and Delta, sending you 2
2024-10-14 23:06:58.244731 Yankee: Lima, sending you 7
2024-10-14 23:06:58.246133 Delta: Mike, sending you 2
2024-10-14 23:06:58.249278 Romeo: Victor, sending you 4
2024-10-14 23:06:58.251920 Sierra: X-ray, Victor, Romeo and Mike, sending you 3
2024-10-14 23:06:58.254984 Lima: Yankee, sending you 9
2024-10-14 23:06:58.255688 Uniform: Lima, sending you 8
2024-10-14 23:06:58.257065 Victor: X-ray and Sierra, sending you 3
2024-10-14 23:06:58.263342 Victor: Romeo, sending you 4
2024-10-14 23:06:58.269662 Victor: Mike, sending you 1
chatterbot Mike submitting transactions
chatterbot Sierra submitting transactions
chatterbot Delta submitting transactions
chatterbot Victor submitting transactions
chatterbot Lima submitting transactions
chatterbot Golf submitting transactions
chatterbot Uniform submitting transactions
chatterbot X-ray submitting transactions
chatterbot Romeo submitting transactions
chatterbot Yankee submitting transactions
ChatterBot Golf round 11
ChatterBot Delta round 11
ChatterBot X-ray round 11
ChatterBot Victor round 11
ChatterBot Romeo round 11
ChatterBot Mike round 11
ChatterBot Sierra round 11
ChatterBot Uniform round 11
ChatterBot Yankee round 11
ChatterBot Lima round 11
2024-10-14 23:06:59.349664 Mike: Golf and X-ray, sending you 4
2024-10-14 23:06:59.351598 X-ray: Same as last round
2024-10-14 23:06:59.353041 Delta: Golf and X-ray, sending you 4
2024-10-14 23:06:59.354625 Sierra: Golf, sending you 4
2024-10-14 23:06:59.356166 Victor: Golf and Delta, sending you 2
2024-10-14 23:06:59.357196 Mike: Delta, sending you 2
2024-10-14 23:06:59.358659 Yankee: Uniform, sending you 6
2024-10-14 23:06:59.359018 Delta: Victor, Romeo and Mike, sending you 3
2024-10-14 23:06:59.360791 Sierra: Delta, sending you 1
2024-10-14 23:06:59.362738 Victor: X-ray and Sierra, sending you 3
2024-10-14 23:06:59.363973 Romeo: Golf, Delta, X-ray, Mike and Sierra, sending you 3
2024-10-14 23:06:59.365681 Uniform: Golf, sending you 1
2024-10-14 23:06:59.366094 Mike: Victor, sending you 1
2024-10-14 23:06:59.367684 Golf: Delta, X-ray, Romeo, Mike and Sierra, sending you 3
2024-10-14 23:06:59.368812 Yankee: Lima, sending you 7
2024-10-14 23:06:59.369683 Lima: Uniform, sending you 10
2024-10-14 23:06:59.369983 Delta: Sierra, sending you 2
2024-10-14 23:06:59.371534 Sierra: X-ray, Victor, Romeo and Mike, sending you 3
2024-10-14 23:06:59.372496 Victor: Romeo, sending you 4
2024-10-14 23:06:59.374274 Romeo: Victor, sending you 4
2024-10-14 23:06:59.375988 Uniform: Yankee, sending you 5
2024-10-14 23:06:59.376475 Mike: Romeo and Sierra, sending you 3
2024-10-14 23:06:59.378794 Golf: Victor, sending you 2
2024-10-14 23:06:59.381039 Lima: Yankee, sending you 9
2024-10-14 23:06:59.381373 Victor: Mike, sending you 1
2024-10-14 23:06:59.382928 Uniform: Lima, sending you 8
chatterbot Golf submitting transactions
chatterbot Sierra submitting transactions
chatterbot Lima submitting transactions
chatterbot Delta submitting transactions
chatterbot Romeo submitting transactions
chatterbot Uniform submitting transactions
chatterbot Victor submitting transactions
chatterbot Yankee submitting transactions
chatterbot X-ray submitting transactions
chatterbot Mike submitting transactions
ChatterBot Golf round 12
ChatterBot Delta round 12
ChatterBot X-ray round 12
ChatterBot Victor round 12
ChatterBot Romeo round 12
ChatterBot Mike round 12
ChatterBot Sierra round 12
ChatterBot Uniform round 12
ChatterBot Yankee round 12
ChatterBot Lima round 12
2024-10-14 23:07:00.625918 X-ray: Same as last round
2024-10-14 23:07:00.634667 Sierra: Golf, X-ray, Victor, Romeo and Mike, sending you 3
2024-10-14 23:07:00.637114 Romeo: Golf, Delta, X-ray, Mike and Sierra, sending you 3
2024-10-14 23:07:00.638556 Golf: Delta, X-ray, Romeo, Mike and Sierra, sending you 3
2024-10-14 23:07:00.641823 Sierra: Delta, sending you 2
2024-10-14 23:07:00.644851 Romeo: Victor, sending you 4
