ChatterBot Hotel round 1
ChatterBot Oscar round 1
ChatterBot Charlie round 1
ChatterBot Victor round 1
ChatterBot Romeo round 1
ChatterBot Mike round 1
ChatterBot Whiskey round 1
ChatterBot Alpha round 1
randomSelections Charlie: {Charlie, Golf, Whiskey, Oscar, Victor, Hotel} 
2024-10-14 23:06:44.661012 Charlie: We would work well together
ChatterBot Whiskey reevaluating
ChatterBot Oscar reevaluating
ChatterBot Victor reevaluating
ChatterBot Hotel reevaluating
2024-10-14 23:06:44.670345 Whiskey: Yes
2024-10-14 23:06:44.670461 Oscar: Yes
2024-10-14 23:06:44.670554 Victor: Yes
2024-10-14 23:06:44.670653 Hotel: Yes
ChatterBot Oscar reevaluating
ChatterBot Victor reevaluating
ChatterBot Hotel reevaluating
ChatterBot Whiskey reevaluating
ChatterBot Victor reevaluating
ChatterBot Hotel reevaluating
ChatterBot Whiskey reevaluating
ChatterBot Oscar reevaluating
ChatterBot Hotel reevaluating
ChatterBot Whiskey reevaluating
ChatterBot Oscar reevaluating
ChatterBot Victor reevaluating
ChatterBot Golf round 1
ChatterBot Golf reevaluating
ChatterBot Golf reevaluating
ChatterBot Golf reevaluating
ChatterBot Golf reevaluating
ChatterBot Golf reevaluating
2024-10-14 23:06:44.707304 Golf: Yes
ChatterBot Whiskey reevaluating
ChatterBot Oscar reevaluating
ChatterBot Victor reevaluating
ChatterBot Hotel reevaluating
ChatterBot Juliett round 1
randomSelections Alpha: {Alpha, Whiskey, Victor, Hotel, Mike, Golf, Romeo, Charlie} 
2024-10-14 23:06:44.716416 Alpha: Let's form a team
ChatterBot Whiskey reevaluating
ChatterBot Victor reevaluating
ChatterBot Hotel reevaluating
ChatterBot Mike reevaluating
ChatterBot Golf reevaluating
ChatterBot Romeo reevaluating
2024-10-14 23:06:44.725142 Whiskey: No
2024-10-14 23:06:44.725290 Victor: No
2024-10-14 23:06:44.725379 Hotel: No
2024-10-14 23:06:44.725537 Mike: Yes
2024-10-14 23:06:44.725625 Golf: No
2024-10-14 23:06:44.725715 Romeo: Yes
2024-10-14 23:06:44.725831 Charlie: No
ChatterBot Victor reevaluating
ChatterBot Hotel reevaluating
ChatterBot Mike reevaluating
ChatterBot Golf reevaluating
ChatterBot Romeo reevaluating
ChatterBot Whiskey reevaluating
ChatterBot Hotel reevaluating
ChatterBot Mike reevaluating
ChatterBot Golf reevaluating
ChatterBot Romeo reevaluating
ChatterBot Whiskey reevaluating
ChatterBot Victor reevaluating
ChatterBot Mike reevaluating
ChatterBot Golf reevaluating
ChatterBot Romeo reevaluating
ChatterBot Whiskey reevaluating
ChatterBot Victor reevaluating
ChatterBot Hotel reevaluating
ChatterBot Golf reevaluating
ChatterBot Romeo reevaluating
ChatterBot Whiskey reevaluating
ChatterBot Victor reevaluating
ChatterBot Hotel reevaluating
ChatterBot Mike reevaluating
ChatterBot Romeo reevaluating
ChatterBot Whiskey reevaluating
ChatterBot Victor reevaluating
ChatterBot Hotel reevaluating
ChatterBot Mike reevaluating
ChatterBot Golf reevaluating
ChatterBot Whiskey reevaluating
ChatterBot Victor reevaluating
ChatterBot Hotel reevaluating
ChatterBot Mike reevaluating
ChatterBot Golf reevaluating
ChatterBot Romeo reevaluating
randomSelections Juliett: {Juliett, Golf, Oscar, Mike, Hotel, Whiskey, Victor, Alpha} 
2024-10-14 23:06:44.788099 Juliett: Let's form a team
ChatterBot Mike reevaluating
ChatterBot Whiskey reevaluating
2024-10-14 23:06:44.793902 Golf: No
2024-10-14 23:06:44.794025 Oscar: No
2024-10-14 23:06:44.794120 Mike: No
2024-10-14 23:06:44.794215 Hotel: No
2024-10-14 23:06:44.794305 Whiskey: No
2024-10-14 23:06:44.794395 Victor: No
2024-10-14 23:06:44.794482 Alpha: No
ChatterBot Mike reevaluating
ChatterBot Whiskey reevaluating
ChatterBot Mike reevaluating
ChatterBot Whiskey reevaluating
ChatterBot Whiskey reevaluating
ChatterBot Mike reevaluating
ChatterBot Whiskey reevaluating
ChatterBot Mike reevaluating
ChatterBot Mike reevaluating
ChatterBot Whiskey reevaluating
ChatterBot Mike reevaluating
ChatterBot Whiskey reevaluating
2024-10-14 23:06:44.838672 Charlie: Hotel and Victor, sending you 1
2024-10-14 23:06:44.843692 Charlie: Oscar, Whiskey and Golf, sending you 5
2024-10-14 23:06:44.846671 Romeo: Hotel, Mike and Golf, sending you 3
2024-10-14 23:06:44.847954 Victor: Hotel, sending you 3
2024-10-14 23:06:44.848339 Golf: Hotel, sending you 3
2024-10-14 23:06:44.848674 Oscar: Hotel and Golf, sending you 4
2024-10-14 23:06:44.849672 Mike: Hotel, Victor, Romeo and Whiskey, sending you 2
2024-10-14 23:06:44.850667 Alpha: Victor, sending you 1
2024-10-14 23:06:44.850980 Juliett: Hotel, Mike and Golf, sending you 1
2024-10-14 23:06:44.851242 Romeo: Charlie, Victor and Alpha, sending you 1
2024-10-14 23:06:44.851682 Victor: Oscar, sending you 2
2024-10-14 23:06:44.851936 Golf: Oscar, sending you 4
2024-10-14 23:06:44.852664 Whiskey: Oscar and Golf, sending you 2
2024-10-14 23:06:44.853218 Oscar: Charlie, Victor and Whiskey, sending you 3
2024-10-14 23:06:44.853456 Mike: Charlie and Alpha, sending you 4
2024-10-14 23:06:44.854658 Golf: Victor, sending you 1
2024-10-14 23:06:44.855673 Juliett: Victor, sending you 6
2024-10-14 23:06:44.856031 Romeo: Whiskey, sending you 4
2024-10-14 23:06:44.856663 Victor: Charlie, Whiskey and Golf, sending you 4
2024-10-14 23:06:44.856959 Whiskey: Charlie, sending you 3
2024-10-14 23:06:44.857653 Mike: Golf, sending you 1
2024-10-14 23:06:44.857947 Hotel: Oscar, Charlie and Victor, sending you 2
2024-10-14 23:06:44.858971 Golf: Whiskey, sending you 6
2024-10-14 23:06:44.859310 Juliett: Whiskey, sending you 2
2024-10-14 23:06:44.861669 Whiskey: Victor, sending you 6
2024-10-14 23:06:44.861937 Hotel: Whiskey, sending you 5
2024-10-14 23:06:44.863662 Juliett: Alpha, sending you 3
2024-10-14 23:06:44.864647 Hotel: Golf, sending you 4
chatterbot Whiskey submitting transactions
chatterbot Alpha submitting transactions
chatterbot Mike submitting transactions
chatterbot Golf submitting transactions
chatterbot Romeo submitting transactions
chatterbot Victor submitting transactions
chatterbot Hotel submitting transactions
chatterbot Charlie submitting transactions
chatterbot Juliett submitting transactions
chatterbot Oscar submitting transactions
ChatterBot Hotel round 2
ChatterBot Oscar round 2
ChatterBot Charlie round 2
ChatterBot Victor round 2
ChatterBot Romeo round 2
ChatterBot Mike round 2
ChatterBot Whiskey round 2
ChatterBot Alpha round 2
ChatterBot Golf round 2
ChatterBot Juliett round 2
2024-10-14 23:06:46.523904 Charlie: We should add Romeo
ChatterBot Golf reevaluating
ChatterBot Whiskey reevaluating
ChatterBot Oscar reevaluating
ChatterBot Victor reevaluating
2024-10-14 23:06:46.539190 Golf: Yes
2024-10-14 23:06:46.539381 Whiskey: Yes
2024-10-14 23:06:46.539986 Oscar: No
2024-10-14 23:06:46.540107 Victor: No
2024-10-14 23:06:46.540203 Hotel: No
ChatterBot Whiskey reevaluating
ChatterBot Oscar reevaluating
ChatterBot Victor reevaluating
ChatterBot Golf reevaluating
ChatterBot Oscar reevaluating
ChatterBot Victor reevaluating
ChatterBot Charlie reevaluating
ChatterBot Golf reevaluating
ChatterBot Whiskey reevaluating
ChatterBot Victor reevaluating
ChatterBot Charlie reevaluating
ChatterBot Golf reevaluating
ChatterBot Whiskey reevaluating
ChatterBot Oscar reevaluating
ChatterBot Charlie reevaluating
ChatterBot Golf reevaluating
ChatterBot Whiskey reevaluating
ChatterBot Oscar reevaluating
ChatterBot Victor reevaluating
2024-10-14 23:06:46.621273 Oscar: We should add Juliett
ChatterBot Charlie reevaluating
ChatterBot Golf reevaluating
ChatterBot Whiskey reevaluating
ChatterBot Victor reevaluating
2024-10-14 23:06:46.638271 Charlie: No
2024-10-14 23:06:46.638470 Golf: Yes
2024-10-14 23:06:46.638581 Whiskey: No
2024-10-14 23:06:46.638702 Victor: Yes
2024-10-14 23:06:46.638819 Hotel: No
ChatterBot Golf reevaluating
ChatterBot Whiskey reevaluating
ChatterBot Oscar reevaluating
ChatterBot Victor reevaluating
ChatterBot Charlie reevaluating
ChatterBot Whiskey reevaluating
ChatterBot Oscar reevaluating
ChatterBot Victor reevaluating
ChatterBot Charlie reevaluating
ChatterBot Golf reevaluating
ChatterBot Oscar reevaluating
ChatterBot Victor reevaluating
ChatterBot Charlie reevaluating
ChatterBot Golf reevaluating
ChatterBot Whiskey reevaluating
ChatterBot Oscar reevaluating
ChatterBot Charlie reevaluating
ChatterBot Golf reevaluating
ChatterBot Whiskey reevaluating
ChatterBot Oscar reevaluating
ChatterBot Victor reevaluating
2024-10-14 23:06:46.750980 Mike: We would work well together
ChatterBot Romeo reevaluating
ChatterBot Juliett reevaluating
2024-10-14 23:06:46.759628 Romeo: Yes
2024-10-14 23:06:46.760239 Juliett: Yes
ChatterBot Juliett reevaluating
ChatterBot Romeo reevaluating
2024-10-14 23:06:46.776103 Juliett: Group up?
ChatterBot Romeo reevaluating
2024-10-14 23:06:46.783918 Mike: Yes
2024-10-14 23:06:46.784090 Romeo: Yes
ChatterBot Romeo reevaluating
ChatterBot Juliett reevaluating
ChatterBot Juliett reevaluating
2024-10-14 23:06:46.804455 Alpha: Friends?
ChatterBot Romeo reevaluating
ChatterBot Juliett reevaluating
2024-10-14 23:06:46.815818 Romeo: Yes
2024-10-14 23:06:46.816008 Mike: No
2024-10-14 23:06:46.816580 Juliett: Yes
ChatterBot Juliett reevaluating
ChatterBot Romeo reevaluating
ChatterBot Juliett reevaluating
ChatterBot Romeo reevaluating
2024-10-14 23:06:46.853006 Romeo: We should add Juliett and Oscar
ChatterBot Whiskey reevaluating
ChatterBot Victor reevaluating
ChatterBot Golf reevaluating
ChatterBot Charlie reevaluating
2024-10-14 23:06:46.878527 Alpha: No
2024-10-14 23:06:46.878769 Whiskey: No
2024-10-14 23:06:46.878941 Victor: Yes
2024-10-14 23:06:46.879088 Hotel: No
2024-10-14 23:06:46.879676 Mike: No
2024-10-14 23:06:46.879810 Golf: No
2024-10-14 23:06:46.879937 Charlie: No
ChatterBot Whiskey reevaluating
ChatterBot Victor reevaluating
ChatterBot Golf reevaluating
ChatterBot Romeo reevaluating
ChatterBot Charlie reevaluating
ChatterBot Victor reevaluating
ChatterBot Golf reevaluating
ChatterBot Romeo reevaluating
ChatterBot Charlie reevaluating
ChatterBot Whiskey reevaluating
ChatterBot Golf reevaluating
ChatterBot Romeo reevaluating
ChatterBot Charlie reevaluating
ChatterBot Whiskey reevaluating
ChatterBot Victor reevaluating
ChatterBot Golf reevaluating
ChatterBot Romeo reevaluating
ChatterBot Charlie reevaluating
ChatterBot Whiskey reevaluating
ChatterBot Victor reevaluating
ChatterBot Golf reevaluating
ChatterBot Romeo reevaluating
ChatterBot Charlie reevaluating
ChatterBot Whiskey reevaluating
ChatterBot Victor reevaluating
ChatterBot Romeo reevaluating
ChatterBot Charlie reevaluating
ChatterBot Whiskey reevaluating
ChatterBot Victor reevaluating
ChatterBot Golf reevaluating
ChatterBot Romeo reevaluating
2024-10-14 23:06:47.150339 Oscar: Juliett we want you to join our group
ChatterBot Juliett reevaluating
2024-10-14 23:06:47.176116 Juliett: No
ChatterBot Charlie reevaluating
ChatterBot Golf reevaluating
2024-10-14 23:06:47.212263 Victor: Juliett we want you to join our group
2024-10-14 23:06:47.216517 Juliett: No
2024-10-14 23:06:47.237210 Whiskey: Romeo we want you to join our group
ChatterBot Romeo reevaluating
2024-10-14 23:06:47.242072 Romeo: Yes
ChatterBot Oscar reevaluating
ChatterBot Charlie reevaluating
2024-10-14 23:06:47.266935 Charlie: We should add Mike
ChatterBot Oscar reevaluating
2024-10-14 23:06:47.284249 Golf: No
2024-10-14 23:06:47.285021 Whiskey: No
2024-10-14 23:06:47.285242 Oscar: No
2024-10-14 23:06:47.285521 Victor: No
2024-10-14 23:06:47.285730 Hotel: No
ChatterBot Charlie reevaluating
ChatterBot Oscar reevaluating
ChatterBot Charlie reevaluating
ChatterBot Oscar reevaluating
ChatterBot Charlie reevaluating
ChatterBot Charlie reevaluating
ChatterBot Oscar reevaluating
ChatterBot Charlie reevaluating
ChatterBot Oscar reevaluating
2024-10-14 23:06:47.370264 Hotel: Oscar, sending you 5
2024-10-14 23:06:47.371620 Golf: Romeo we want you to join our group
ChatterBot Romeo reevaluating
2024-10-14 23:06:47.376140 Romeo: Yes
ChatterBot Oscar reevaluating
ChatterBot Charlie reevaluating
chatterbot Mike submitting transactions
2024-10-14 23:06:47.395470 Alpha: Romeo, sending you 3
2024-10-14 23:06:47.395961 Hotel: Charlie, sending you 2
2024-10-14 23:06:47.518032 Alpha: Mike, sending you 7
2024-10-14 23:06:47.518826 Mike: Romeo, sending you 14
2024-10-14 23:06:47.519078 Hotel: Victor and Golf, sending you 4
2024-10-14 23:06:47.519502 Juliett: Romeo and Mike, sending you 5
2024-10-14 23:06:47.519824 Romeo: Juliett and Oscar we want you to join our group
ChatterBot Oscar reevaluating
2024-10-14 23:06:47.526476 Juliett: No
2024-10-14 23:06:47.527174 Oscar: No
ChatterBot Romeo reevaluating
ChatterBot Oscar reevaluating
ChatterBot Charlie reevaluating
ChatterBot Romeo reevaluating
ChatterBot Charlie reevaluating
2024-10-14 23:06:47.578733 Mike: Juliett, sending you 5
2024-10-14 23:06:47.579051 Juliett: Alpha, sending you 4
2024-10-14 23:06:47.579823 Alpha: Juliett, sending you 6
2024-10-14 23:06:47.597227 Golf: Hotel, Oscar, Victor, Romeo and Whiskey, sending you 2
2024-10-14 23:06:47.598175 Victor: Hotel, Charlie and Golf, sending you 2
2024-10-14 23:06:47.598643 Whiskey: Hotel, Charlie and Golf, sending you 3
2024-10-14 23:06:47.599074 Charlie: Romeo we want you to join our group
ChatterBot Romeo reevaluating
2024-10-14 23:06:47.603207 Romeo: Yes
ChatterBot Charlie reevaluating
2024-10-14 23:06:47.619528 Victor: Oscar, sending you 3
2024-10-14 23:06:47.620424 Golf: Charlie, sending you 4
2024-10-14 23:06:47.620962 Whiskey: Oscar, sending you 1
2024-10-14 23:06:47.636207 Victor: Whiskey and Juliett, sending you 4
2024-10-14 23:06:47.637327 Whiskey: Victor and Romeo, sending you 2
chatterbot Juliett submitting transactions
2024-10-14 23:06:47.777289 Romeo: Hotel, Oscar, Charlie, Victor and Whiskey, sending you 3
2024-10-14 23:06:47.777870 Oscar: Hotel, Victor and Whiskey, sending you 2
2024-10-14 23:06:47.791557 Romeo: Golf, sending you 1
2024-10-14 23:06:47.792418 Oscar: Charlie, sending you 6
2024-10-14 23:06:47.792737 Charlie: Hotel, sending you 3
2024-10-14 23:06:47.813103 Oscar: Golf, sending you 5
2024-10-14 23:06:47.813625 Charlie: Oscar and Whiskey, sending you 4
2024-10-14 23:06:47.825247 Charlie: Victor, sending you 5
2024-10-14 23:06:47.928231 Charlie: Romeo, sending you 1
chatterbot Alpha submitting transactions
chatterbot Oscar submitting transactions
chatterbot Victor submitting transactions
chatterbot Hotel submitting transactions
chatterbot Whiskey submitting transactions
chatterbot Oscar submitting transactions
chatterbot Golf submitting transactions
chatterbot Romeo submitting transactions
chatterbot Charlie submitting transactions
ChatterBot Hotel round 3
ChatterBot Oscar round 3
ChatterBot Charlie round 3
ChatterBot Victor round 3
ChatterBot Romeo round 3
ChatterBot Mike round 3
ChatterBot Whiskey round 3
2024-10-14 23:06:48.766027 Victor: We should replace Juliett with Romeo
ChatterBot Oscar reevaluating
2024-10-14 23:06:48.781970 Charlie: Yes
2024-10-14 23:06:48.782140 Golf: Yes
2024-10-14 23:06:48.782280 Whiskey: Yes
2024-10-14 23:06:48.782866 Oscar: Yes
2024-10-14 23:06:48.782979 Hotel: No
ChatterBot Oscar reevaluating
ChatterBot Victor reevaluating
ChatterBot Oscar reevaluating
ChatterBot Victor reevaluating
ChatterBot Oscar reevaluating
ChatterBot Victor reevaluating
ChatterBot Victor reevaluating
ChatterBot Oscar reevaluating
ChatterBot Victor reevaluating
ChatterBot Alpha round 3
ChatterBot Golf round 3
ChatterBot Juliett round 3
2024-10-14 23:06:49.009140 Mike: We should add Alpha
2024-10-14 23:06:49.018251 Romeo: No
2024-10-14 23:06:49.018622 Juliett: Yes
2024-10-14 23:06:49.045569 Mike: Alpha we want you to join our group
2024-10-14 23:06:49.049952 Alpha: Yes
ChatterBot Romeo reevaluating
2024-10-14 23:06:49.061815 Oscar: Romeo we want you to join our group
ChatterBot Romeo reevaluating
2024-10-14 23:06:49.066715 Romeo: Yes
ChatterBot Oscar reevaluating
ChatterBot Victor reevaluating
2024-10-14 23:06:49.128803 Whiskey: Hotel, sending you 1
2024-10-14 23:06:49.130053 Charlie: Hotel and Romeo, sending you 2
2024-10-14 23:06:49.130648 Hotel: Sending you each 3
2024-10-14 23:06:49.132484 Victor: We should drop Juliett
2024-10-14 23:06:49.149904 Charlie: Yes
2024-10-14 23:06:49.151140 Golf: Yes
2024-10-14 23:06:49.151586 Whiskey: Yes
2024-10-14 23:06:49.151936 Oscar: Yes
2024-10-14 23:06:49.152483 Hotel: Yes
ChatterBot Victor reevaluating
ChatterBot Victor reevaluating
ChatterBot Victor reevaluating
ChatterBot Victor reevaluating
ChatterBot Victor reevaluating
2024-10-14 23:06:49.252835 Whiskey: Oscar and Romeo, sending you 2
2024-10-14 23:06:49.260931 Charlie: Oscar, sending you 4
2024-10-14 23:06:49.263443 Alpha: Romeo, sending you 3
2024-10-14 23:06:49.266183 Golf: Hotel and Oscar, sending you 3
2024-10-14 23:06:49.271063 Mike: Romeo, sending you 3
2024-10-14 23:06:49.272289 Juliett: Romeo, sending you 2
2024-10-14 23:06:49.273732 Victor: Romeo we want you to join our group
ChatterBot Romeo reevaluating
2024-10-14 23:06:49.280001 Romeo: Yes
ChatterBot Victor reevaluating
2024-10-14 23:06:49.304812 Whiskey: Charlie, Victor and Golf, sending you 3
2024-10-14 23:06:49.305376 Charlie: Victor, Whiskey and Golf, sending you 3
2024-10-14 23:06:49.306328 Alpha: Mike, sending you 6
2024-10-14 23:06:49.306784 Golf: Charlie, Victor, Romeo and Whiskey, sending you 2
2024-10-14 23:06:49.307899 Mike: Alpha, sending you 10
2024-10-14 23:06:49.308190 Juliett: Mike, sending you 5
2024-10-14 23:06:49.326206 Alpha: Juliett, sending you 9
2024-10-14 23:06:49.327185 Mike: Juliett, sending you 6
2024-10-14 23:06:49.327723 Juliett: Alpha, sending you 7
2024-10-14 23:06:49.328501 Oscar: Hotel and Charlie, sending you 4
chatterbot Hotel submitting transactions
2024-10-14 23:06:49.348096 Oscar: Victor and Golf, sending you 3
2024-10-14 23:06:49.356656 Oscar: Romeo, sending you 1
2024-10-14 23:06:49.358037 Romeo: Oscar, sending you 1
2024-10-14 23:06:49.362962 Oscar: Whiskey, sending you 2
2024-10-14 23:06:49.363754 Victor: Hotel, Charlie and Whiskey, sending you 4
2024-10-14 23:06:49.365181 Romeo: Charlie, sending you 3
2024-10-14 23:06:49.367667 Victor: Oscar, sending you 3
2024-10-14 23:06:49.370222 Romeo: Whiskey and Golf, sending you 6
2024-10-14 23:06:49.371808 Victor: Golf, sending you 2
chatterbot Victor submitting transactions
chatterbot Charlie submitting transactions
chatterbot Golf submitting transactions
chatterbot Alpha submitting transactions
chatterbot Juliett submitting transactions
chatterbot Whiskey submitting transactions
chatterbot Mike submitting transactions
chatterbot Oscar submitting transactions
chatterbot Romeo submitting transactions
ChatterBot Hotel round 4
ChatterBot Oscar round 4
ChatterBot Charlie round 4
ChatterBot Victor round 4
ChatterBot Romeo round 4
ChatterBot Mike round 4
ChatterBot Whiskey round 4
ChatterBot Alpha round 4
ChatterBot Golf round 4
ChatterBot Juliett round 4
2024-10-14 23:06:50.339812 Hotel: We should add Romeo
ChatterBot Charlie reevaluating
ChatterBot Golf reevaluating
ChatterBot Whiskey reevaluating
ChatterBot Oscar reevaluating
ChatterBot Victor reevaluating
2024-10-14 23:06:50.359349 Charlie: Yes
2024-10-14 23:06:50.359606 Golf: Yes
2024-10-14 23:06:50.359846 Whiskey: Yes
2024-10-14 23:06:50.360088 Oscar: Yes
2024-10-14 23:06:50.360723 Victor: Yes
ChatterBot Golf reevaluating
ChatterBot Whiskey reevaluating
ChatterBot Oscar reevaluating
ChatterBot Victor reevaluating
ChatterBot Charlie reevaluating
ChatterBot Whiskey reevaluating
ChatterBot Oscar reevaluating
ChatterBot Victor reevaluating
ChatterBot Charlie reevaluating
ChatterBot Golf reevaluating
ChatterBot Oscar reevaluating
ChatterBot Victor reevaluating
ChatterBot Charlie reevaluating
ChatterBot Golf reevaluating
ChatterBot Whiskey reevaluating
ChatterBot Victor reevaluating
ChatterBot Charlie reevaluating
ChatterBot Golf reevaluating
ChatterBot Whiskey reevaluating
ChatterBot Oscar reevaluating
2024-10-14 23:06:50.488951 Hotel: Romeo we want you to join our group
2024-10-14 23:06:50.492721 Romeo: Yes
ChatterBot Oscar reevaluating
ChatterBot Charlie reevaluating
ChatterBot Victor reevaluating
ChatterBot Whiskey reevaluating
ChatterBot Golf reevaluating
2024-10-14 23:06:50.515155 Alpha: We should drop Romeo
ChatterBot Mike reevaluating
ChatterBot Juliett reevaluating
2024-10-14 23:06:50.523449 Mike: No
2024-10-14 23:06:50.523607 Juliett: Yes
ChatterBot Juliett reevaluating
ChatterBot Mike reevaluating
2024-10-14 23:06:50.537809 Victor: Romeo we want you to join our group
2024-10-14 23:06:50.542165 Romeo: Yes
2024-10-14 23:06:50.596903 Charlie: Hotel, Romeo and Golf, sending you 2
2024-10-14 23:06:50.597510 Romeo: Oscar, sending you 2
2024-10-14 23:06:50.598393 Hotel: Oscar, Victor and Golf, sending you 3
2024-10-14 23:06:50.598886 Oscar: Hotel, Victor and Golf, sending you 3
2024-10-14 23:06:50.600 Golf: Hotel and Oscar, sending you 3
2024-10-14 23:06:50.671245 Charlie: Oscar, sending you 5
2024-10-14 23:06:50.672225 Romeo: Charlie, sending you 4
2024-10-14 23:06:50.672637 Hotel: Charlie, Romeo and Whiskey, sending you 2
2024-10-14 23:06:50.673557 Oscar: Charlie, sending you 5
2024-10-14 23:06:50.673933 Whiskey: Hotel and Golf, sending you 2
2024-10-14 23:06:50.674833 Golf: Charlie, Victor, Romeo and Whiskey, sending you 2
2024-10-14 23:06:50.675234 Victor: Hotel, Oscar and Charlie, sending you 3
2024-10-14 23:06:50.675710 Alpha: Mike, sending you 8
2024-10-14 23:06:50.681259 Charlie: Victor and Whiskey, sending you 3
2024-10-14 23:06:50.682409 Romeo: Whiskey and Golf, sending you 5
2024-10-14 23:06:50.683728 Oscar: Romeo, sending you 1
2024-10-14 23:06:50.684305 Whiskey: Oscar, sending you 1
2024-10-14 23:06:50.685418 Victor: Romeo and Golf, sending you 2
2024-10-14 23:06:50.685853 Juliett: Mike, sending you 6
2024-10-14 23:06:50.686083 Mike: Alpha, sending you 11
2024-10-14 23:06:50.686346 Alpha: Juliett, sending you 9
2024-10-14 23:06:50.702604 Oscar: Whiskey, sending you 2
2024-10-14 23:06:50.703839 Victor: Whiskey, sending you 4
2024-10-14 23:06:50.704535 Mike: Juliett, sending you 8
2024-10-14 23:06:50.705236 Whiskey: Charlie, Victor and Romeo, sending you 3
2024-10-14 23:06:50.705860 Juliett: Alpha, sending you 8
chatterbot Hotel submitting transactions
chatterbot Golf submitting transactions
chatterbot Juliett submitting transactions
chatterbot Victor submitting transactions
chatterbot Alpha submitting transactions
chatterbot Mike submitting transactions
chatterbot Oscar submitting transactions
chatterbot Charlie submitting transactions
chatterbot Romeo submitting transactions
chatterbot Whiskey submitting transactions
ChatterBot Hotel round 5
ChatterBot Oscar round 5
ChatterBot Charlie round 5
ChatterBot Victor round 5
ChatterBot Romeo round 5
ChatterBot Mike round 5
ChatterBot Whiskey round 5
ChatterBot Alpha round 5
ChatterBot Golf round 5
ChatterBot Juliett round 5
2024-10-14 23:06:51.847668 Charlie: Hotel and Golf, sending you 2
2024-10-14 23:06:51.848788 Hotel: Oscar, Victor and Golf, sending you 3
2024-10-14 23:06:51.851684 Charlie: Oscar, sending you 4
2024-10-14 23:06:51.852385 Hotel: Charlie, Romeo and Whiskey, sending you 2
2024-10-14 23:06:51.854090 Whiskey: Hotel and Golf, sending you 2
2024-10-14 23:06:51.855680 Charlie: Victor, Romeo and Whiskey, sending you 3
2024-10-14 23:06:51.857674 Romeo: Hotel and Victor, sending you 2
2024-10-14 23:06:51.859565 Victor: Hotel, Oscar and Charlie, sending you 3
2024-10-14 23:06:51.860266 Alpha: Mike, sending you 8
2024-10-14 23:06:51.860633 Whiskey: Oscar, sending you 1
2024-10-14 23:06:51.862678 Golf: Hotel, Charlie, Victor and Whiskey, sending you 2
2024-10-14 23:06:51.863374 Alpha: Juliett, sending you 9
2024-10-14 23:06:51.863708 Romeo: Oscar, sending you 1
2024-10-14 23:06:51.864796 Victor: Romeo and Golf, sending you 2
2024-10-14 23:06:51.865691 Whiskey: Charlie, Victor and Romeo, sending you 3
2024-10-14 23:06:51.866921 Oscar: Hotel, Victor and Golf, sending you 3
2024-10-14 23:06:51.867580 Mike: Alpha, sending you 11
2024-10-14 23:06:51.867913 Golf: Oscar and Romeo, sending you 3
2024-10-14 23:06:51.868607 Romeo: Charlie, sending you 3
2024-10-14 23:06:51.869677 Victor: Whiskey, sending you 4
2024-10-14 23:06:51.870673 Oscar: Charlie, sending you 5
2024-10-14 23:06:51.871366 Mike: Juliett, sending you 8
2024-10-14 23:06:51.872105 Juliett: Mike, sending you 6
2024-10-14 23:06:51.872721 Romeo: Whiskey and Golf, sending you 4
2024-10-14 23:06:51.875679 Oscar: Romeo, sending you 1
2024-10-14 23:06:51.876449 Juliett: Alpha, sending you 8
2024-10-14 23:06:51.878684 Oscar: Whiskey, sending you 2
chatterbot Whiskey submitting transactions
chatterbot Juliett submitting transactions
chatterbot Charlie submitting transactions
chatterbot Mike submitting transactions
chatterbot Victor submitting transactions
chatterbot Oscar submitting transactions
chatterbot Golf submitting transactions
chatterbot Hotel submitting transactions
chatterbot Alpha submitting transactions
chatterbot Romeo submitting transactions
ChatterBot Hotel round 6
ChatterBot Oscar round 6
ChatterBot Charlie round 6
ChatterBot Victor round 6
ChatterBot Romeo round 6
ChatterBot Mike round 6
ChatterBot Whiskey round 6
ChatterBot Alpha round 6
ChatterBot Golf round 6
ChatterBot Juliett round 6
2024-10-14 23:06:53.115251 Whiskey: Hotel and Golf, sending you 2
2024-10-14 23:06:53.131635 Oscar: Hotel, Victor and Golf, sending you 3
2024-10-14 23:06:53.133447 Romeo: Hotel and Victor, sending you 2
2024-10-14 23:06:53.135408 Whiskey: Oscar, sending you 1
2024-10-14 23:06:53.137148 Charlie: Hotel and Golf, sending you 2
2024-10-14 23:06:53.138983 Hotel: Oscar, Victor and Golf, sending you 3
2024-10-14 23:06:53.140291 Mike: Alpha, sending you 11
2024-10-14 23:06:53.141058 Victor: Hotel, Oscar and Charlie, sending you 3
2024-10-14 23:06:53.141812 Oscar: Charlie, sending you 5
2024-10-14 23:06:53.142996 Romeo: Oscar, sending you 1
2024-10-14 23:06:53.143535 Whiskey: Charlie, Victor and Romeo, sending you 3
2024-10-14 23:06:53.144129 Alpha: Mike, sending you 8
2024-10-14 23:06:53.145008 Golf: Hotel, Charlie, Victor and Whiskey, sending you 2
2024-10-14 23:06:53.145723 Charlie: Oscar, sending you 4
2024-10-14 23:06:53.146288 Hotel: Charlie, Romeo and Whiskey, sending you 2
2024-10-14 23:06:53.148114 Juliett: Mike, sending you 6
2024-10-14 23:06:53.149158 Mike: Juliett, sending you 8
2024-10-14 23:06:53.149562 Victor: Romeo and Golf, sending you 2
2024-10-14 23:06:53.151104 Oscar: Romeo, sending you 1
2024-10-14 23:06:53.152587 Romeo: Charlie, sending you 3
2024-10-14 23:06:53.153533 Alpha: Juliett, sending you 9
2024-10-14 23:06:53.154479 Golf: Oscar and Romeo, sending you 3
2024-10-14 23:06:53.155150 Charlie: Victor, Romeo and Whiskey, sending you 3
2024-10-14 23:06:53.156233 Juliett: Alpha, sending you 8
2024-10-14 23:06:53.156544 Victor: Whiskey, sending you 4
2024-10-14 23:06:53.158037 Oscar: Whiskey, sending you 2
2024-10-14 23:06:53.158920 Romeo: Whiskey and Golf, sending you 4
chatterbot Golf submitting transactions
chatterbot Charlie submitting transactions
chatterbot Juliett submitting transactions
chatterbot Romeo submitting transactions
chatterbot Mike submitting transactions
chatterbot Alpha submitting transactions
chatterbot Whiskey submitting transactions
chatterbot Hotel submitting transactions
chatterbot Victor submitting transactions
chatterbot Oscar submitting transactions
ChatterBot Hotel round 7
ChatterBot Oscar round 7
ChatterBot Charlie round 7
ChatterBot Victor round 7
ChatterBot Romeo round 7
ChatterBot Mike round 7
ChatterBot Whiskey round 7
ChatterBot Alpha round 7
ChatterBot Golf round 7
ChatterBot Juliett round 7
2024-10-14 23:06:54.271033 Charlie: Hotel and Golf, sending you 2
2024-10-14 23:06:54.273421 Hotel: Oscar, Victor and Golf, sending you 3
2024-10-14 23:06:54.274365 Whiskey: Hotel and Golf, sending you 2
2024-10-14 23:06:54.276664 Victor: Hotel, Oscar and Charlie, sending you 3
2024-10-14 23:06:54.277824 Charlie: Oscar, sending you 4
2024-10-14 23:06:54.279228 Hotel: Charlie, Romeo and Whiskey, sending you 2
2024-10-14 23:06:54.280289 Romeo: Hotel and Victor, sending you 2
2024-10-14 23:06:54.281859 Oscar: Hotel, Victor and Golf, sending you 3
2024-10-14 23:06:54.282745 Whiskey: Oscar, sending you 1
2024-10-14 23:06:54.284553 Mike: Alpha, sending you 11
2024-10-14 23:06:54.285034 Victor: Romeo and Golf, sending you 2
2024-10-14 23:06:54.286667 Alpha: Mike, sending you 7
2024-10-14 23:06:54.287076 Charlie: Victor, Romeo and Whiskey, sending you 3
2024-10-14 23:06:54.288157 Romeo: Oscar, sending you 1
2024-10-14 23:06:54.289543 Golf: Hotel, Charlie, Victor and Whiskey, sending you 2
2024-10-14 23:06:54.290689 Oscar: Charlie, sending you 5
2024-10-14 23:06:54.292788 Whiskey: Charlie, Victor and Romeo, sending you 3
2024-10-14 23:06:54.294543 Mike: Juliett, sending you 8
2024-10-14 23:06:54.295106 Victor: Whiskey, sending you 4
2024-10-14 23:06:54.297220 Alpha: Juliett, sending you 9
2024-10-14 23:06:54.298067 Juliett: Mike, sending you 6
2024-10-14 23:06:54.299583 Romeo: Charlie and Golf, sending you 3
2024-10-14 23:06:54.302385 Golf: Oscar and Romeo, sending you 3
2024-10-14 23:06:54.304578 Oscar: Romeo, sending you 1
2024-10-14 23:06:54.307167 Juliett: Alpha, sending you 8
2024-10-14 23:06:54.307825 Romeo: Whiskey, sending you 5
2024-10-14 23:06:54.310767 Oscar: Whiskey, sending you 2
chatterbot Hotel submitting transactions
chatterbot Mike submitting transactions
chatterbot Romeo submitting transactions
chatterbot Charlie submitting transactions
chatterbot Oscar submitting transactions
chatterbot Victor submitting transactions
chatterbot Alpha submitting transactions
chatterbot Juliett submitting transactions
chatterbot Golf submitting transactions
chatterbot Whiskey submitting transactions
ChatterBot Hotel round 8
ChatterBot Oscar round 8
ChatterBot Charlie round 8
ChatterBot Victor round 8
ChatterBot Romeo round 8
ChatterBot Mike round 8
ChatterBot Whiskey round 8
ChatterBot Alpha round 8
ChatterBot Golf round 8
ChatterBot Juliett round 8
2024-10-14 23:06:55.528682 Oscar: Hotel, Victor and Golf, sending you 3
2024-10-14 23:06:55.530689 Hotel: Oscar, Victor and Golf, sending you 3
2024-10-14 23:06:55.532659 Oscar: Charlie, sending you 5
2024-10-14 23:06:55.534665 Romeo: Hotel and Victor, sending you 2
2024-10-14 23:06:55.535678 Hotel: Charlie, Romeo and Whiskey, sending you 2
2024-10-14 23:06:55.536690 Oscar: Romeo, sending you 1
2024-10-14 23:06:55.537916 Golf: Hotel, Charlie, Victor and Whiskey, sending you 2
2024-10-14 23:06:55.539692 Romeo: Oscar, sending you 1
2024-10-14 23:06:55.540765 Victor: Hotel, Oscar and Charlie, sending you 3
2024-10-14 23:06:55.542133 Oscar: Whiskey, sending you 2
2024-10-14 23:06:55.542901 Golf: Oscar and Romeo, sending you 3
2024-10-14 23:06:55.544007 Mike: Alpha, sending you 10
2024-10-14 23:06:55.544846 Romeo: Charlie and Golf, sending you 3
2024-10-14 23:06:55.546021 Charlie: Hotel and Golf, sending you 2
2024-10-14 23:06:55.546908 Alpha: Mike, sending you 7
2024-10-14 23:06:55.547210 Victor: Romeo and Golf, sending you 2
2024-10-14 23:06:55.547873 Juliett: Mike, sending you 6
2024-10-14 23:06:55.548146 Whiskey: Hotel and Golf, sending you 2
2024-10-14 23:06:55.549789 Mike: Juliett, sending you 9
2024-10-14 23:06:55.550081 Charlie: Oscar, sending you 4
2024-10-14 23:06:55.550777 Alpha: Juliett, sending you 9
2024-10-14 23:06:55.551014 Romeo: Whiskey, sending you 5
2024-10-14 23:06:55.551565 Victor: Whiskey, sending you 4
2024-10-14 23:06:55.552106 Juliett: Alpha, sending you 8
2024-10-14 23:06:55.552333 Whiskey: Oscar, sending you 1
2024-10-14 23:06:55.554677 Charlie: Victor, Romeo and Whiskey, sending you 3
2024-10-14 23:06:55.557654 Whiskey: Charlie, Victor and Romeo, sending you 3
chatterbot Victor submitting transactions
chatterbot Romeo submitting transactions
chatterbot Oscar submitting transactions
chatterbot Charlie submitting transactions
chatterbot Mike submitting transactions
chatterbot Juliett submitting transactions
chatterbot Golf submitting transactions
chatterbot Hotel submitting transactions
chatterbot Whiskey submitting transactions
chatterbot Alpha submitting transactions
ChatterBot Hotel round 9
ChatterBot Oscar round 9
ChatterBot Charlie round 9
ChatterBot Victor round 9
ChatterBot Romeo round 9
ChatterBot Mike round 9
ChatterBot Whiskey round 9
ChatterBot Alpha round 9
ChatterBot Golf round 9
ChatterBot Juliett round 9
2024-10-14 23:06:56.698668 Hotel: Oscar, Victor and Golf, sending you 3
2024-10-14 23:06:56.700376 Romeo: Hotel and Victor, sending you 2
2024-10-14 23:06:56.701679 Oscar: Hotel, Victor and Golf, sending you 3
2024-10-14 23:06:56.703059 Charlie: Hotel and Golf, sending you 2
2024-10-14 23:06:56.704011 Hotel: Charlie, Romeo and Whiskey, sending you 2
2024-10-14 23:06:56.705051 Romeo: Oscar, sending you 1
2024-10-14 23:06:56.706045 Mike: Alpha, sending you 10
2024-10-14 23:06:56.706392 Alpha: Mike, sending you 7
2024-10-14 23:06:56.706678 Golf: Hotel, Charlie, Victor and Whiskey, sending you 2
2024-10-14 23:06:56.707553 Whiskey: Hotel and Golf, sending you 2
2024-10-14 23:06:56.708449 Charlie: Oscar, sending you 4
2024-10-14 23:06:56.709672 Oscar: Charlie, sending you 6
2024-10-14 23:06:56.711485 Romeo: Charlie and Golf, sending you 3
2024-10-14 23:06:56.712191 Mike: Juliett, sending you 9
2024-10-14 23:06:56.712476 Alpha: Juliett, sending you 9
2024-10-14 23:06:56.712728 Golf: Oscar and Romeo, sending you 3
2024-10-14 23:06:56.713420 Whiskey: Oscar, sending you 1
2024-10-14 23:06:56.714165 Oscar: Romeo and Whiskey, sending you 1
2024-10-14 23:06:56.714908 Charlie: Victor, Romeo and Whiskey, sending you 3
2024-10-14 23:06:56.715684 Romeo: Whiskey, sending you 5
2024-10-14 23:06:56.716592 Victor: Hotel, Oscar and Charlie, sending you 3
2024-10-14 23:06:56.717520 Juliett: Mike, sending you 6
2024-10-14 23:06:56.718657 Whiskey: Charlie, Victor and Romeo, sending you 3
2024-10-14 23:06:56.721692 Victor: Romeo and Golf, sending you 2
2024-10-14 23:06:56.723280 Juliett: Alpha, sending you 8
2024-10-14 23:06:56.728298 Victor: Whiskey, sending you 4
chatterbot Charlie submitting transactions
chatterbot Alpha submitting transactions
chatterbot Victor submitting transactions
chatterbot Oscar submitting transactions
chatterbot Juliett submitting transactions
chatterbot Mike submitting transactions
chatterbot Golf submitting transactions
chatterbot Whiskey submitting transactions
chatterbot Hotel submitting transactions
chatterbot Romeo submitting transactions
ChatterBot Hotel round 10
ChatterBot Oscar round 10
ChatterBot Charlie round 10
ChatterBot Victor round 10
ChatterBot Romeo round 10
ChatterBot Mike round 10
ChatterBot Whiskey round 10
ChatterBot Alpha round 10
ChatterBot Golf round 10
ChatterBot Juliett round 10
2024-10-14 23:06:57.921676 Hotel: Oscar, sending you 3
2024-10-14 23:06:57.926664 Hotel: Charlie, Romeo, Whiskey and Golf, sending you 2
2024-10-14 23:06:57.928670 Charlie: Hotel and Golf, sending you 2
2024-10-14 23:06:57.931658 Hotel: Victor, sending you 4
2024-10-14 23:06:57.932515 Whiskey: Hotel and Golf, sending you 2
2024-10-14 23:06:57.933962 Charlie: Oscar, sending you 4
2024-10-14 23:06:57.934780 Oscar: Hotel, Victor and Golf, sending you 3
2024-10-14 23:06:57.935992 Golf: Romeo, sending you 1
2024-10-14 23:06:57.936768 Romeo: Hotel and Victor, sending you 2
2024-10-14 23:06:57.937654 Whiskey: Oscar, sending you 1
2024-10-14 23:06:57.938965 Mike: Alpha, sending you 10
2024-10-14 23:06:57.939459 Victor: Hotel, Oscar and Charlie, sending you 3
2024-10-14 23:06:57.941311 Juliett: Mike, sending you 6
2024-10-14 23:06:57.941634 Charlie: Victor, Romeo and Whiskey, sending you 3
2024-10-14 23:06:57.942956 Oscar: Charlie, sending you 6
2024-10-14 23:06:57.944732 Alpha: Mike, sending you 7
2024-10-14 23:06:57.945365 Romeo: Oscar, sending you 1
2024-10-14 23:06:57.947074 Whiskey: Charlie, Victor and Romeo, sending you 3
2024-10-14 23:06:57.948779 Mike: Juliett, sending you 9
2024-10-14 23:06:57.949118 Victor: Romeo and Golf, sending you 2
2024-10-14 23:06:57.950804 Juliett: Alpha, sending you 8
2024-10-14 23:06:57.951210 Alpha: Juliett, sending you 9
2024-10-14 23:06:57.951689 Oscar: Romeo and Whiskey, sending you 1
2024-10-14 23:06:57.953838 Romeo: Charlie and Golf, sending you 3
2024-10-14 23:06:57.955195 Victor: Whiskey, sending you 4
2024-10-14 23:06:57.959691 Romeo: Whiskey, sending you 5
chatterbot Oscar submitting transactions
chatterbot Whiskey submitting transactions
chatterbot Romeo submitting transactions
chatterbot Victor submitting transactions
chatterbot Juliett submitting transactions
chatterbot Golf submitting transactions
chatterbot Alpha submitting transactions
chatterbot Charlie submitting transactions
chatterbot Mike submitting transactions
chatterbot Hotel submitting transactions
ChatterBot Hotel round 11
ChatterBot Oscar round 11
ChatterBot Charlie round 11
ChatterBot Victor round 11
ChatterBot Romeo round 11
ChatterBot Mike round 11
ChatterBot Whiskey round 11
ChatterBot Alpha round 11
ChatterBot Golf round 11
ChatterBot Juliett round 11
2024-10-14 23:06:59.065953 Hotel: We should drop Golf
ChatterBot Romeo reevaluating
2024-10-14 23:06:59.079434 Oscar: No
2024-10-14 23:06:59.079568 Charlie: No
2024-10-14 23:06:59.079695 Victor: No
2024-10-14 23:06:59.079806 Romeo: No
2024-10-14 23:06:59.079900 Whiskey: No
ChatterBot Romeo reevaluating
ChatterBot Romeo reevaluating
ChatterBot Hotel reevaluating
ChatterBot Romeo reevaluating
ChatterBot Hotel reevaluating
ChatterBot Hotel reevaluating
ChatterBot Romeo reevaluating
2024-10-14 23:06:59.138641 Romeo: We should add Alpha
ChatterBot Hotel reevaluating
2024-10-14 23:06:59.153881 Hotel: No
2024-10-14 23:06:59.154030 Oscar: No
2024-10-14 23:06:59.154164 Charlie: No
2024-10-14 23:06:59.154270 Victor: No
2024-10-14 23:06:59.154378 Whiskey: No
2024-10-14 23:06:59.154486 Golf: No
ChatterBot Romeo reevaluating
ChatterBot Romeo reevaluating
ChatterBot Hotel reevaluating
ChatterBot Romeo reevaluating
ChatterBot Hotel reevaluating
ChatterBot Romeo reevaluating
ChatterBot Hotel reevaluating
ChatterBot Romeo reevaluating
ChatterBot Hotel reevaluating
ChatterBot Romeo reevaluating
ChatterBot Hotel reevaluating
2024-10-14 23:06:59.250551 Juliett: We should add Oscar
2024-10-14 23:06:59.255158 Alpha: No
2024-10-14 23:06:59.255296 Mike: No
ChatterBot Juliett reevaluating
ChatterBot Juliett reevaluating
2024-10-14 23:06:59.270688 Oscar: Hotel, Victor and Golf, sending you 3
2024-10-14 23:06:59.272848 Mike: I was attacked by Golf
ChatterBot Alpha reevaluating
ChatterBot Juliett reevaluating
2024-10-14 23:06:59.279868 Mike: I'm keeping this round to protect myself
2024-10-14 23:06:59.280906 Mike: Ow
2024-10-14 23:06:59.281278 Oscar: Charlie, sending you 5
2024-10-14 23:06:59.283709 Hotel: Oscar, Victor and Whiskey, sending you 3
2024-10-14 23:06:59.285715 Whiskey: Hotel and Golf, sending you 2
2024-10-14 23:06:59.287123 Charlie: Hotel and Golf, sending you 2
2024-10-14 23:06:59.287928 Oscar: Romeo, sending you 1
2024-10-14 23:06:59.289250 Victor: Hotel, Oscar and Charlie, sending you 3
2024-10-14 23:06:59.290570 Hotel: Charlie, Romeo and Golf, sending you 2
2024-10-14 23:06:59.292351 Whiskey: Oscar, sending you 1
2024-10-14 23:06:59.293189 Golf: Hotel, Charlie, Victor and Whiskey, sending you 2
2024-10-14 23:06:59.294827 Charlie: Oscar, sending you 4
2024-10-14 23:06:59.295906 Oscar: Whiskey, sending you 2
2024-10-14 23:06:59.297369 Victor: Romeo and Golf, sending you 2
2024-10-14 23:06:59.298491 Whiskey: Charlie, Victor and Romeo, sending you 3
2024-10-14 23:06:59.300223 Golf: Oscar and Romeo, sending you 3
2024-10-14 23:06:59.301275 Charlie: Victor, Romeo and Whiskey, sending you 3
2024-10-14 23:06:59.303038 Victor: Whiskey, sending you 4
2024-10-14 23:06:59.304552 Victor: I was attacked by Alpha
ChatterBot Romeo reevaluating
ChatterBot Hotel reevaluating
ChatterBot Oscar reevaluating
ChatterBot Charlie reevaluating
ChatterBot Whiskey reevaluating
ChatterBot Golf reevaluating
2024-10-14 23:06:59.323236 Victor: Ow
2024-10-14 23:06:59.325050 Alpha: Mike, sending you 5
2024-10-14 23:06:59.327696 Juliett: Mike, sending you 6
2024-10-14 23:06:59.328877 Alpha: Juliett, sending you 9
2024-10-14 23:06:59.331665 Juliett: Alpha, sending you 8
