ChatterBot Quebec round 1
ChatterBot Yankee round 1
ChatterBot Mike round 1
ChatterBot Uniform round 1
ChatterBot Golf round 1
ChatterBot Delta round 1
ChatterBot Juliett round 1
ChatterBot X-ray round 1
ChatterBot India round 1
ChatterBot Papa round 1
randomSelections Quebec: {Quebec, Uniform, Delta, Papa, Mike, India, X-ray} 
2024-10-14 23:06:43.957382 Quebec: We should group up
ChatterBot Uniform reevaluating
ChatterBot Delta reevaluating
ChatterBot Papa reevaluating
ChatterBot Mike reevaluating
ChatterBot India reevaluating
ChatterBot X-ray reevaluating
2024-10-14 23:06:43.976797 Uniform: Yes
2024-10-14 23:06:43.977040 Delta: Yes
2024-10-14 23:06:43.977380 Papa: Yes
2024-10-14 23:06:43.978842 Mike: Yes
2024-10-14 23:06:43.979239 India: Yes
2024-10-14 23:06:43.979540 X-ray: Yes
ChatterBot Delta reevaluating
ChatterBot Papa reevaluating
ChatterBot Mike reevaluating
ChatterBot India reevaluating
ChatterBot X-ray reevaluating
ChatterBot Uniform reevaluating
ChatterBot Papa reevaluating
ChatterBot Mike reevaluating
ChatterBot India reevaluating
ChatterBot X-ray reevaluating
ChatterBot Uniform reevaluating
ChatterBot Delta reevaluating
ChatterBot Mike reevaluating
ChatterBot India reevaluating
ChatterBot X-ray reevaluating
ChatterBot Uniform reevaluating
ChatterBot Delta reevaluating
ChatterBot Papa reevaluating
ChatterBot India reevaluating
ChatterBot X-ray reevaluating
ChatterBot Uniform reevaluating
ChatterBot Delta reevaluating
ChatterBot Papa reevaluating
ChatterBot Mike reevaluating
ChatterBot X-ray reevaluating
ChatterBot Uniform reevaluating
ChatterBot Delta reevaluating
ChatterBot Papa reevaluating
ChatterBot Mike reevaluating
ChatterBot India reevaluating
randomSelections Yankee: {Yankee, Juliett, Uniform, Papa, X-ray, Quebec} 
2024-10-14 23:06:44.102603 Yankee: Group up?
ChatterBot Juliett reevaluating
ChatterBot Uniform reevaluating
ChatterBot Papa reevaluating
ChatterBot X-ray reevaluating
2024-10-14 23:06:44.114649 Juliett: Yes
2024-10-14 23:06:44.114909 Uniform: No
2024-10-14 23:06:44.115092 Papa: No
2024-10-14 23:06:44.115271 X-ray: No
2024-10-14 23:06:44.115975 Quebec: No
ChatterBot Uniform reevaluating
ChatterBot Papa reevaluating
ChatterBot X-ray reevaluating
ChatterBot Juliett reevaluating
ChatterBot Papa reevaluating
ChatterBot X-ray reevaluating
ChatterBot Juliett reevaluating
ChatterBot Uniform reevaluating
ChatterBot X-ray reevaluating
ChatterBot Juliett reevaluating
ChatterBot Uniform reevaluating
ChatterBot Papa reevaluating
ChatterBot Juliett reevaluating
ChatterBot Uniform reevaluating
ChatterBot Papa reevaluating
ChatterBot X-ray reevaluating
randomSelections Golf: {Golf, Juliett, Mike, Quebec, India, Papa, Yankee} 
2024-10-14 23:06:44.188146 Golf: We should group up
ChatterBot Juliett reevaluating
ChatterBot Mike reevaluating
ChatterBot India reevaluating
ChatterBot Papa reevaluating
2024-10-14 23:06:44.278399 Juliett: No
2024-10-14 23:06:44.278759 Mike: No
2024-10-14 23:06:44.280776 Quebec: No
2024-10-14 23:06:44.281040 India: No
2024-10-14 23:06:44.281256 Papa: No
2024-10-14 23:06:44.281454 Yankee: No
ChatterBot Mike reevaluating
ChatterBot India reevaluating
ChatterBot Papa reevaluating
ChatterBot Juliett reevaluating
ChatterBot India reevaluating
ChatterBot Papa reevaluating
ChatterBot Juliett reevaluating
ChatterBot Mike reevaluating
ChatterBot India reevaluating
ChatterBot Papa reevaluating
ChatterBot Juliett reevaluating
ChatterBot Mike reevaluating
ChatterBot Papa reevaluating
ChatterBot Juliett reevaluating
ChatterBot Mike reevaluating
ChatterBot India reevaluating
ChatterBot Juliett reevaluating
ChatterBot Mike reevaluating
ChatterBot India reevaluating
ChatterBot Papa reevaluating
2024-10-14 23:06:44.424038 Juliett: Quebec, sending you 4
2024-10-14 23:06:44.424928 Golf: Quebec, Yankee and Papa, sending you 1
2024-10-14 23:06:44.426429 Delta: Quebec and Uniform, sending you 2
2024-10-14 23:06:44.427 Uniform: Quebec, Mike, Delta, X-ray and India, sending you 1
2024-10-14 23:06:44.428190 Yankee: Quebec, sending you 4
2024-10-14 23:06:44.428843 Mike: Quebec, sending you 5
2024-10-14 23:06:44.430338 X-ray: Quebec, sending you 4
2024-10-14 23:06:44.431463 Quebec: Uniform, sending you 4
2024-10-14 23:06:44.433534 Juliett: Yankee, sending you 1
2024-10-14 23:06:44.435002 Papa: Quebec, Delta and X-ray, sending you 3
2024-10-14 23:06:44.435767 Golf: Mike, sending you 3
2024-10-14 23:06:44.437140 Delta: X-ray, sending you 5
2024-10-14 23:06:44.437981 Yankee: Uniform and X-ray, sending you 3
2024-10-14 23:06:44.439033 Mike: Uniform and Delta, sending you 3
2024-10-14 23:06:44.439740 India: Quebec, sending you 3
2024-10-14 23:06:44.441085 X-ray: Mike, sending you 5
2024-10-14 23:06:44.442508 Quebec: Delta, sending you 3
2024-10-14 23:06:44.443258 Juliett: Uniform, sending you 2
2024-10-14 23:06:44.443953 Papa: Mike, sending you 4
2024-10-14 23:06:44.445222 Golf: Juliett and India, sending you 4
2024-10-14 23:06:44.445733 Delta: India and Papa, sending you 1
2024-10-14 23:06:44.446479 Yankee: Juliett, sending you 2
2024-10-14 23:06:44.447725 India: Mike, sending you 1
2024-10-14 23:06:44.448940 Mike: X-ray and Papa, sending you 1
2024-10-14 23:06:44.450636 Quebec: X-ray, sending you 1
2024-10-14 23:06:44.451441 X-ray: Uniform, sending you 1
2024-10-14 23:06:44.453469 Juliett: X-ray, sending you 3
2024-10-14 23:06:44.454494 Papa: India, sending you 2
2024-10-14 23:06:44.456637 India: Uniform, sending you 4
2024-10-14 23:06:44.457282 Yankee: Papa, sending you 5
2024-10-14 23:06:44.459345 Quebec: Papa, sending you 2
2024-10-14 23:06:44.460304 X-ray: Delta and India, sending you 3
2024-10-14 23:06:44.462559 Juliett: Papa, sending you 6
2024-10-14 23:06:44.464805 India: Delta and Papa, sending you 2
2024-10-14 23:06:44.467386 X-ray: Papa, sending you 2
2024-10-14 23:06:44.468795 India: X-ray, sending you 5
chatterbot Papa submitting transactions
chatterbot Yankee submitting transactions
chatterbot India submitting transactions
chatterbot Quebec submitting transactions
chatterbot Uniform submitting transactions
chatterbot Golf submitting transactions
chatterbot Delta submitting transactions
chatterbot Mike submitting transactions
chatterbot Juliett submitting transactions
chatterbot X-ray submitting transactions
ChatterBot Quebec round 2
ChatterBot Yankee round 2
ChatterBot Mike round 2
ChatterBot Uniform round 2
ChatterBot Golf round 2
ChatterBot Delta round 2
ChatterBot Juliett round 2
ChatterBot X-ray round 2
ChatterBot India round 2
ChatterBot Papa round 2
2024-10-14 23:06:46.266532 Yankee: Let's form a team
ChatterBot Golf reevaluating
ChatterBot Juliett reevaluating
ChatterBot Papa reevaluating
2024-10-14 23:06:46.286410 Golf: No
2024-10-14 23:06:46.287939 Juliett: Yes
2024-10-14 23:06:46.289333 Papa: Yes
ChatterBot Juliett reevaluating
ChatterBot Papa reevaluating
ChatterBot Golf reevaluating
ChatterBot Papa reevaluating
ChatterBot Golf reevaluating
ChatterBot Juliett reevaluating
2024-10-14 23:06:46.371739 Juliett: We would work well together
ChatterBot Golf reevaluating
ChatterBot Quebec reevaluating
ChatterBot Uniform reevaluating
ChatterBot Delta reevaluating
ChatterBot X-ray reevaluating
ChatterBot India reevaluating
ChatterBot Papa reevaluating
2024-10-14 23:06:46.424268 Yankee: No
2024-10-14 23:06:46.424490 Golf: No
2024-10-14 23:06:46.424657 Quebec: Yes
2024-10-14 23:06:46.424837 Mike: No
2024-10-14 23:06:46.424998 Uniform: No
2024-10-14 23:06:46.425175 Delta: No
2024-10-14 23:06:46.425739 X-ray: No
2024-10-14 23:06:46.425909 India: No
2024-10-14 23:06:46.426057 Papa: No
ChatterBot Juliett reevaluating
ChatterBot Golf reevaluating
ChatterBot Quebec reevaluating
ChatterBot Uniform reevaluating
ChatterBot Delta reevaluating
ChatterBot X-ray reevaluating
ChatterBot India reevaluating
ChatterBot Papa reevaluating
ChatterBot Juliett reevaluating
ChatterBot Quebec reevaluating
ChatterBot Uniform reevaluating
ChatterBot Delta reevaluating
ChatterBot X-ray reevaluating
ChatterBot India reevaluating
ChatterBot Papa reevaluating
ChatterBot Juliett reevaluating
ChatterBot Yankee reevaluating
ChatterBot Golf reevaluating
ChatterBot Uniform reevaluating
ChatterBot Delta reevaluating
ChatterBot X-ray reevaluating
ChatterBot India reevaluating
ChatterBot Papa reevaluating
ChatterBot Juliett reevaluating
ChatterBot Yankee reevaluating
ChatterBot Golf reevaluating
ChatterBot Quebec reevaluating
ChatterBot Uniform reevaluating
ChatterBot Delta reevaluating
ChatterBot X-ray reevaluating
ChatterBot India reevaluating
ChatterBot Papa reevaluating
ChatterBot Juliett reevaluating
ChatterBot Yankee reevaluating
ChatterBot Golf reevaluating
ChatterBot Quebec reevaluating
ChatterBot Delta reevaluating
ChatterBot X-ray reevaluating
ChatterBot India reevaluating
ChatterBot Papa reevaluating
ChatterBot Juliett reevaluating
ChatterBot Yankee reevaluating
ChatterBot Golf reevaluating
ChatterBot Quebec reevaluating
ChatterBot Uniform reevaluating
ChatterBot X-ray reevaluating
ChatterBot India reevaluating
ChatterBot Papa reevaluating
ChatterBot Juliett reevaluating
ChatterBot Yankee reevaluating
ChatterBot Golf reevaluating
ChatterBot Quebec reevaluating
ChatterBot Uniform reevaluating
ChatterBot Delta reevaluating
ChatterBot India reevaluating
ChatterBot Papa reevaluating
ChatterBot Juliett reevaluating
ChatterBot Yankee reevaluating
ChatterBot Golf reevaluating
ChatterBot Quebec reevaluating
ChatterBot Uniform reevaluating
ChatterBot Delta reevaluating
ChatterBot X-ray reevaluating
ChatterBot Papa reevaluating
ChatterBot Juliett reevaluating
ChatterBot Yankee reevaluating
ChatterBot Golf reevaluating
ChatterBot Quebec reevaluating
ChatterBot Uniform reevaluating
ChatterBot Delta reevaluating
ChatterBot X-ray reevaluating
ChatterBot India reevaluating
2024-10-14 23:06:46.756551 Mike: We should drop Uniform
ChatterBot Quebec reevaluating
ChatterBot Delta reevaluating
ChatterBot X-ray reevaluating
ChatterBot India reevaluating
2024-10-14 23:06:46.774413 Quebec: No
2024-10-14 23:06:46.774559 Delta: No
2024-10-14 23:06:46.774696 X-ray: Yes
2024-10-14 23:06:46.774809 India: No
2024-10-14 23:06:46.774895 Papa: Yes
ChatterBot Delta reevaluating
ChatterBot X-ray reevaluating
ChatterBot India reevaluating
ChatterBot Quebec reevaluating
ChatterBot X-ray reevaluating
ChatterBot India reevaluating
ChatterBot Quebec reevaluating
ChatterBot Delta reevaluating
ChatterBot India reevaluating
ChatterBot Quebec reevaluating
ChatterBot Delta reevaluating
ChatterBot X-ray reevaluating
ChatterBot Quebec reevaluating
ChatterBot Delta reevaluating
ChatterBot X-ray reevaluating
ChatterBot India reevaluating
2024-10-14 23:06:46.862432 Uniform: Yankee we want you to join our group
ChatterBot Yankee reevaluating
2024-10-14 23:06:46.866581 Yankee: Yes
ChatterBot Delta reevaluating
2024-10-14 23:06:46.888379 Delta: We should add Yankee
2024-10-14 23:06:46.907330 Quebec: Yes
2024-10-14 23:06:46.907550 Uniform: Yes
2024-10-14 23:06:46.907671 Papa: Yes
2024-10-14 23:06:46.908196 Mike: No
2024-10-14 23:06:46.908306 India: No
2024-10-14 23:06:46.908407 X-ray: No
ChatterBot Delta reevaluating
ChatterBot Delta reevaluating
ChatterBot Delta reevaluating
ChatterBot Quebec reevaluating
ChatterBot Delta reevaluating
ChatterBot Quebec reevaluating
ChatterBot Delta reevaluating
ChatterBot Quebec reevaluating
ChatterBot Delta reevaluating
2024-10-14 23:06:47.321093 Golf: Yankee and Juliett, sending you 5
chatterbot Uniform submitting transactions
2024-10-14 23:06:47.511056 Golf: Papa, sending you 4
2024-10-14 23:06:47.511402 Juliett: Quebec, Mike, Uniform, Delta and X-ray, sending you 1
2024-10-14 23:06:47.511922 Uniform: Quebec, sending you 4
2024-10-14 23:06:47.512689 Yankee: Quebec, Mike, Uniform, Delta, X-ray, India and Papa, sending you 1
2024-10-14 23:06:47.513036 India: Quebec, sending you 1
2024-10-14 23:06:47.513350 Mike: X-ray, sending you 6
2024-10-14 23:06:47.514097 Papa: Yankee and Juliett, sending you 6
chatterbot Quebec submitting transactions
chatterbot Juliett submitting transactions
2024-10-14 23:06:47.578279 Juliett: Yankee, sending you 4
2024-10-14 23:06:47.578973 India: Uniform and Delta, sending you 3
2024-10-14 23:06:47.579893 Papa: Golf, sending you 3
2024-10-14 23:06:47.580212 Quebec: Yankee, Delta, Juliett, X-ray, India and Papa, sending you 2
2024-10-14 23:06:47.581278 Delta: Quebec and Mike, sending you 4
2024-10-14 23:06:47.581681 Uniform: Yankee, Mike and Delta, sending you 2
2024-10-14 23:06:47.582019 Yankee: Golf and Juliett, sending you 5
2024-10-14 23:06:47.582436 Mike: India, sending you 2
2024-10-14 23:06:47.583364 X-ray: Quebec, sending you 3
chatterbot X-ray submitting transactions
2024-10-14 23:06:47.583854 Juliett: Golf, sending you 7
2024-10-14 23:06:47.584860 India: X-ray, sending you 6
2024-10-14 23:06:47.585225 Quebec: Mike, sending you 3
2024-10-14 23:06:47.603379 Delta: Uniform, sending you 1
2024-10-14 23:06:47.604645 Uniform: X-ray, sending you 1
2024-10-14 23:06:47.605157 Mike: Papa, sending you 5
2024-10-14 23:06:47.606129 X-ray: Mike, sending you 1
2024-10-14 23:06:47.606493 India: Papa, sending you 4
2024-10-14 23:06:47.607546 Quebec: Uniform and Golf, sending you 1
2024-10-14 23:06:47.608367 Delta: X-ray and Papa, sending you 3
2024-10-14 23:06:47.609378 X-ray: Delta and India, sending you 5
2024-10-14 23:06:47.609838 Uniform: India, sending you 3
2024-10-14 23:06:47.630948 Delta: India, sending you 2
2024-10-14 23:06:47.632185 X-ray: Papa, sending you 4
chatterbot Delta submitting transactions
chatterbot Mike submitting transactions
chatterbot Papa submitting transactions
chatterbot Golf submitting transactions
chatterbot Yankee submitting transactions
chatterbot India submitting transactions
ChatterBot Quebec round 3
ChatterBot Yankee round 3
ChatterBot Mike round 3
ChatterBot Uniform round 3
ChatterBot Golf round 3
ChatterBot Delta round 3
ChatterBot Juliett round 3
ChatterBot X-ray round 3
ChatterBot India round 3
ChatterBot Papa round 3
2024-10-14 23:06:48.373650 Mike: We should replace Papa with Uniform
ChatterBot Delta reevaluating
ChatterBot X-ray reevaluating
ChatterBot India reevaluating
2024-10-14 23:06:48.397076 Quebec: Yes
2024-10-14 23:06:48.397269 Delta: Yes
2024-10-14 23:06:48.397425 X-ray: No
2024-10-14 23:06:48.397581 India: Yes
ChatterBot Delta reevaluating
ChatterBot X-ray reevaluating
ChatterBot India reevaluating
ChatterBot X-ray reevaluating
ChatterBot India reevaluating
ChatterBot Delta reevaluating
ChatterBot India reevaluating
ChatterBot Delta reevaluating
ChatterBot X-ray reevaluating
2024-10-14 23:06:48.478489 Juliett: We would work well together
ChatterBot Papa reevaluating
2024-10-14 23:06:48.491658 Yankee: Yes
2024-10-14 23:06:48.491834 Golf: No
2024-10-14 23:06:48.492469 Papa: Yes
2024-10-14 23:06:48.492581 Quebec: No
ChatterBot Papa reevaluating
ChatterBot Papa reevaluating
ChatterBot Golf reevaluating
ChatterBot Papa reevaluating
2024-10-14 23:06:48.545641 Golf: We should add Quebec
ChatterBot Yankee reevaluating
ChatterBot Papa reevaluating
2024-10-14 23:06:48.556544 Yankee: Yes
2024-10-14 23:06:48.556735 Juliett: Yes
2024-10-14 23:06:48.556860 Papa: Yes
ChatterBot Golf reevaluating
ChatterBot Papa reevaluating
ChatterBot Yankee reevaluating
ChatterBot Golf reevaluating
ChatterBot Papa reevaluating
ChatterBot Yankee reevaluating
ChatterBot Golf reevaluating
2024-10-14 23:06:48.622123 Uniform: We should drop Papa and Yankee
ChatterBot Delta reevaluating
ChatterBot X-ray reevaluating
ChatterBot India reevaluating
2024-10-14 23:06:48.640057 Quebec: Yes
2024-10-14 23:06:48.640196 Mike: Yes
2024-10-14 23:06:48.640297 Delta: Yes
2024-10-14 23:06:48.640391 X-ray: Yes
2024-10-14 23:06:48.640481 India: Yes
ChatterBot Delta reevaluating
ChatterBot X-ray reevaluating
ChatterBot India reevaluating
ChatterBot Delta reevaluating
ChatterBot X-ray reevaluating
ChatterBot India reevaluating
ChatterBot X-ray reevaluating
ChatterBot India reevaluating
ChatterBot Delta reevaluating
ChatterBot India reevaluating
ChatterBot Delta reevaluating
ChatterBot X-ray reevaluating
2024-10-14 23:06:48.778036 Mike: Uniform we want you to join our group
2024-10-14 23:06:48.781786 Uniform: Yes
ChatterBot Delta reevaluating
ChatterBot X-ray reevaluating
ChatterBot India reevaluating
2024-10-14 23:06:48.852032 India: We should drop Papa
ChatterBot X-ray reevaluating
2024-10-14 23:06:48.867889 Uniform: Yes
2024-10-14 23:06:48.868485 Quebec: Yes
2024-10-14 23:06:48.868633 Mike: Yes
2024-10-14 23:06:48.868785 Delta: Yes
2024-10-14 23:06:48.868902 X-ray: Yes
ChatterBot X-ray reevaluating
ChatterBot X-ray reevaluating
ChatterBot X-ray reevaluating
ChatterBot X-ray reevaluating
2024-10-14 23:06:49.060428 Quebec: Mike, sending you 3
chatterbot Juliett submitting transactions
2024-10-14 23:06:49.097242 Papa: Quebec, Yankee, Mike, Golf, Juliett, X-ray and India, sending you 2
2024-10-14 23:06:49.098989 Uniform: Quebec, sending you 4
2024-10-14 23:06:49.100126 Yankee: Quebec and Uniform, sending you 2
2024-10-14 23:06:49.101536 Quebec: Uniform, Delta and X-ray, sending you 4
2024-10-14 23:06:49.102464 Juliett: Quebec, sending you 2
2024-10-14 23:06:49.103575 Mike: Quebec and Delta, sending you 3
chatterbot Delta submitting transactions
2024-10-14 23:06:49.104498 Uniform: Mike and Delta, sending you 2
2024-10-14 23:06:49.105604 Papa: Delta, sending you 1
2024-10-14 23:06:49.107142 Yankee: Mike, Delta and India, sending you 1
2024-10-14 23:06:49.108030 Quebec: India, sending you 2
2024-10-14 23:06:49.109174 Juliett: Yankee, sending you 4
2024-10-14 23:06:49.110055 Golf: Yankee and Papa, sending you 4
2024-10-14 23:06:49.111269 India: Quebec and Delta, sending you 3
2024-10-14 23:06:49.112138 Mike: Uniform, sending you 2
2024-10-14 23:06:49.113417 Uniform: X-ray, sending you 1
2024-10-14 23:06:49.114777 Yankee: Golf and Juliett, sending you 3
2024-10-14 23:06:49.115823 Juliett: Golf and Papa, sending you 5
2024-10-14 23:06:49.116962 Golf: Juliett, sending you 6
2024-10-14 23:06:49.117642 X-ray: Mike, Delta and India, sending you 5
2024-10-14 23:06:49.118895 India: Mike, sending you 1
2024-10-14 23:06:49.119524 Mike: X-ray, sending you 4
2024-10-14 23:06:49.120714 Uniform: India, sending you 5
2024-10-14 23:06:49.121339 Yankee: Papa, sending you 4
2024-10-14 23:06:49.122488 Delta: Quebec, sending you 4
2024-10-14 23:06:49.123073 India: Uniform, sending you 4
2024-10-14 23:06:49.144532 X-ray: Uniform, sending you 3
2024-10-14 23:06:49.145644 Mike: India, sending you 1
2024-10-14 23:06:49.147158 Delta: Mike, sending you 2
2024-10-14 23:06:49.148827 India: X-ray, sending you 6
chatterbot Mike submitting transactions
2024-10-14 23:06:49.158563 Delta: Uniform and India, sending you 3
2024-10-14 23:06:49.177788 Delta: X-ray, sending you 5
chatterbot Uniform submitting transactions
chatterbot X-ray submitting transactions
chatterbot Papa submitting transactions
chatterbot India submitting transactions
chatterbot Yankee submitting transactions
chatterbot Quebec submitting transactions
chatterbot Golf submitting transactions
ChatterBot Quebec round 4
ChatterBot Yankee round 4
ChatterBot Mike round 4
ChatterBot Uniform round 4
ChatterBot Golf round 4
ChatterBot Delta round 4
ChatterBot Juliett round 4
ChatterBot X-ray round 4
ChatterBot India round 4
ChatterBot Papa round 4
2024-10-14 23:06:49.974781 X-ray: We should replace Mike with Quebec
2024-10-14 23:06:49.983848 Uniform: No
2024-10-14 23:06:49.984045 Delta: No
2024-10-14 23:06:49.984633 India: No
ChatterBot X-ray reevaluating
ChatterBot X-ray reevaluating
ChatterBot X-ray reevaluating
2024-10-14 23:06:50.017933 X-ray: We should replace Uniform with Quebec
2024-10-14 23:06:50.026411 Mike: No
2024-10-14 23:06:50.026575 Delta: No
2024-10-14 23:06:50.026703 India: No
ChatterBot X-ray reevaluating
ChatterBot X-ray reevaluating
ChatterBot X-ray reevaluating
2024-10-14 23:06:50.054330 Mike: Quebec and Delta, sending you 3
2024-10-14 23:06:50.058016 Juliett: Quebec, sending you 2
2024-10-14 23:06:50.058721 Mike: Uniform, sending you 2
2024-10-14 23:06:50.059421 Delta: Quebec, sending you 4
2024-10-14 23:06:50.061021 Uniform: Quebec and India, sending you 4
2024-10-14 23:06:50.061657 Golf: Yankee and Papa, sending you 4
2024-10-14 23:06:50.062080 Quebec: Mike, X-ray and India, sending you 3
2024-10-14 23:06:50.064018 Yankee: Golf and Papa, sending you 6
2024-10-14 23:06:50.064593 X-ray: Quebec we want you to join our group
2024-10-14 23:06:50.091967 Quebec: Yes
ChatterBot X-ray reevaluating
2024-10-14 23:06:50.179979 Mike: X-ray, sending you 4
2024-10-14 23:06:50.181560 Juliett: Yankee and Papa, sending you 4
2024-10-14 23:06:50.182398 Delta: Mike and India, sending you 3
2024-10-14 23:06:50.183761 Uniform: Mike, sending you 1
2024-10-14 23:06:50.185159 Golf: Juliett, sending you 6
2024-10-14 23:06:50.186104 Quebec: Uniform and Delta, sending you 4
2024-10-14 23:06:50.188024 Yankee: Juliett, sending you 5
2024-10-14 23:06:50.188908 Mike: India, sending you 1
2024-10-14 23:06:50.190495 Juliett: Golf, sending you 6
2024-10-14 23:06:50.191023 Delta: Uniform, sending you 2
2024-10-14 23:06:50.192338 India: Quebec and Delta, sending you 3
2024-10-14 23:06:50.193808 Uniform: Delta, sending you 3
2024-10-14 23:06:50.194849 Papa: Sending you each 5
2024-10-14 23:06:50.203249 Delta: X-ray, sending you 5
2024-10-14 23:06:50.204767 India: Mike, sending you 2
2024-10-14 23:06:50.205448 Uniform: X-ray, sending you 2
2024-10-14 23:06:50.212642 India: Uniform, sending you 4
2024-10-14 23:06:50.214048 X-ray: Quebec, sending you 4
2024-10-14 23:06:50.224487 India: X-ray, sending you 5
2024-10-14 23:06:50.226320 X-ray: Uniform, sending you 3
2024-10-14 23:06:50.233559 X-ray: Delta, sending you 5
2024-10-14 23:06:50.247878 X-ray: India, sending you 6
chatterbot Juliett submitting transactions
chatterbot X-ray submitting transactions
chatterbot Yankee submitting transactions
chatterbot India submitting transactions
chatterbot Mike submitting transactions
chatterbot Delta submitting transactions
chatterbot Golf submitting transactions
chatterbot Quebec submitting transactions
chatterbot Papa submitting transactions
chatterbot Uniform submitting transactions
ChatterBot Quebec round 5
ChatterBot Yankee round 5
ChatterBot Mike round 5
ChatterBot Uniform round 5
ChatterBot Golf round 5
ChatterBot Delta round 5
ChatterBot Juliett round 5
ChatterBot X-ray round 5
ChatterBot India round 5
ChatterBot Papa round 5
2024-10-14 23:06:51.210764 Juliett: We should replace Quebec with Mike
2024-10-14 23:06:51.221635 Yankee: No
2024-10-14 23:06:51.222465 Golf: No
2024-10-14 23:06:51.222796 Papa: No
ChatterBot Juliett reevaluating
ChatterBot Juliett reevaluating
ChatterBot Juliett reevaluating
2024-10-14 23:06:51.282960 Juliett: Mike we want you to join our group
2024-10-14 23:06:51.288295 Mike: No
ChatterBot Juliett reevaluating
2024-10-14 23:06:51.301673 Golf: Yankee and Papa, sending you 4
2024-10-14 23:06:51.302669 Yankee: Golf and Juliett, sending you 5
2024-10-14 23:06:51.303139 X-ray: Quebec, sending you 4
2024-10-14 23:06:51.304190 Quebec: Mike, X-ray and India, sending you 3
2024-10-14 23:06:51.304782 Delta: Quebec, sending you 4
2024-10-14 23:06:51.305522 Mike: Quebec, Delta and X-ray, sending you 3
2024-10-14 23:06:51.306064 Uniform: Quebec and India, sending you 4
2024-10-14 23:06:51.306927 Papa: Same as last round
2024-10-14 23:06:51.307307 Golf: Juliett, sending you 6
2024-10-14 23:06:51.307650 Yankee: Papa, sending you 7
2024-10-14 23:06:51.308064 X-ray: Uniform, sending you 3
2024-10-14 23:06:51.308420 Quebec: Uniform and Delta, sending you 4
2024-10-14 23:06:51.309317 Delta: Mike and India, sending you 3
2024-10-14 23:06:51.309780 Mike: Uniform and India, sending you 2
2024-10-14 23:06:51.311698 Uniform: Mike, Delta and X-ray, sending you 2
2024-10-14 23:06:51.312677 X-ray: Delta, sending you 5
2024-10-14 23:06:51.313160 Delta: Uniform, sending you 2
2024-10-14 23:06:51.314679 India: Quebec and Delta, sending you 3
2024-10-14 23:06:51.315664 X-ray: India, sending you 6
2024-10-14 23:06:51.316727 Delta: X-ray, sending you 5
2024-10-14 23:06:51.317688 India: Mike, sending you 2
2024-10-14 23:06:51.320658 India: Uniform, sending you 4
2024-10-14 23:06:51.323704 India: X-ray, sending you 5
2024-10-14 23:06:51.332801 Juliett: Yankee, sending you 4
2024-10-14 23:06:51.337657 Juliett: Mike, sending you 2
2024-10-14 23:06:51.341692 Juliett: Golf and Papa, sending you 5
chatterbot Yankee submitting transactions
chatterbot X-ray submitting transactions
chatterbot Papa submitting transactions
chatterbot Delta submitting transactions
chatterbot Uniform submitting transactions
chatterbot Quebec submitting transactions
chatterbot Mike submitting transactions
chatterbot Golf submitting transactions
chatterbot India submitting transactions
chatterbot Juliett submitting transactions
ChatterBot Quebec round 6
ChatterBot Yankee round 6
ChatterBot Mike round 6
ChatterBot Uniform round 6
ChatterBot Golf round 6
ChatterBot Delta round 6
ChatterBot Juliett round 6
ChatterBot X-ray round 6
ChatterBot India round 6
ChatterBot Papa round 6
2024-10-14 23:06:52.296668 Quebec: Mike, X-ray and India, sending you 3
2024-10-14 23:06:52.298689 Mike: Quebec, sending you 4
2024-10-14 23:06:52.299822 X-ray: Quebec, sending you 4
2024-10-14 23:06:52.300717 Quebec: Uniform and Delta, sending you 4
2024-10-14 23:06:52.302664 X-ray: Uniform, sending you 3
2024-10-14 23:06:52.304677 Mike: Uniform, X-ray and India, sending you 2
2024-10-14 23:06:52.305673 Juliett: Yankee, sending you 4
2024-10-14 23:06:52.306434 X-ray: Delta, sending you 5
2024-10-14 23:06:52.306942 Uniform: Quebec and India, sending you 4
2024-10-14 23:06:52.307603 Golf: Yankee, sending you 4
2024-10-14 23:06:52.308783 Juliett: Mike, sending you 2
2024-10-14 23:06:52.309680 Mike: Delta, sending you 3
2024-10-14 23:06:52.310836 Delta: Quebec, sending you 4
2024-10-14 23:06:52.311982 Uniform: Mike, sending you 1
2024-10-14 23:06:52.312559 X-ray: India, sending you 6
2024-10-14 23:06:52.312932 Papa: Same as last round
2024-10-14 23:06:52.313259 Golf: Juliett and Papa, sending you 5
2024-10-14 23:06:52.313559 Yankee: Golf and Juliett, sending you 5
2024-10-14 23:06:52.314340 Juliett: Golf and Papa, sending you 5
2024-10-14 23:06:52.316685 Delta: Mike and India, sending you 3
2024-10-14 23:06:52.317297 Uniform: Delta, sending you 2
2024-10-14 23:06:52.317838 Yankee: Papa, sending you 7
2024-10-14 23:06:52.318235 India: Quebec and Delta, sending you 3
2024-10-14 23:06:52.321024 Delta: Uniform, sending you 2
2024-10-14 23:06:52.321710 Uniform: X-ray, sending you 3
2024-10-14 23:06:52.322711 India: Mike, sending you 2
2024-10-14 23:06:52.325662 Delta: X-ray, sending you 5
2024-10-14 23:06:52.327942 India: Uniform, sending you 4
2024-10-14 23:06:52.331654 India: X-ray, sending you 5
chatterbot Papa submitting transactions
chatterbot India submitting transactions
chatterbot Juliett submitting transactions
chatterbot Delta submitting transactions
chatterbot Uniform submitting transactions
chatterbot Golf submitting transactions
chatterbot X-ray submitting transactions
chatterbot Mike submitting transactions
chatterbot Quebec submitting transactions
chatterbot Yankee submitting transactions
ChatterBot Quebec round 7
ChatterBot Yankee round 7
ChatterBot Mike round 7
ChatterBot Uniform round 7
ChatterBot Golf round 7
ChatterBot Delta round 7
ChatterBot Juliett round 7
ChatterBot X-ray round 7
ChatterBot India round 7
ChatterBot Papa round 7
2024-10-14 23:06:53.591978 Yankee: Golf and Juliett, sending you 5
2024-10-14 23:06:53.595702 Yankee: Papa, sending you 7
2024-10-14 23:06:53.597072 Quebec: Mike, X-ray and India, sending you 3
2024-10-14 23:06:53.598122 Delta: Quebec, sending you 4
2024-10-14 23:06:53.599194 Uniform: Quebec and India, sending you 4
2024-10-14 23:06:53.600669 Mike: Quebec, sending you 4
2024-10-14 23:06:53.601677 Quebec: Uniform and Delta, sending you 4
2024-10-14 23:06:53.602904 Delta: Mike and India, sending you 3
2024-10-14 23:06:53.604700 Uniform: Mike, sending you 1
2024-10-14 23:06:53.606036 Mike: Uniform, X-ray and India, sending you 2
2024-10-14 23:06:53.607683 Juliett: Yankee, sending you 4
2024-10-14 23:06:53.608692 Delta: Uniform, sending you 2
2024-10-14 23:06:53.610011 India: Quebec and Delta, sending you 3
2024-10-14 23:06:53.610878 Golf: Yankee, sending you 4
2024-10-14 23:06:53.611747 Uniform: Delta, sending you 2
2024-10-14 23:06:53.612725 Juliett: Mike, sending you 2
2024-10-14 23:06:53.613933 Mike: Delta, sending you 3
2024-10-14 23:06:53.615433 X-ray: Quebec and Uniform, sending you 4
2024-10-14 23:06:53.616047 Delta: X-ray, sending you 5
2024-10-14 23:06:53.617217 India: Mike, sending you 2
2024-10-14 23:06:53.618074 Golf: Juliett and Papa, sending you 5
2024-10-14 23:06:53.619128 Uniform: X-ray, sending you 3
2024-10-14 23:06:53.619889 Papa: Same as last round
2024-10-14 23:06:53.620837 Juliett: Golf and Papa, sending you 5
2024-10-14 23:06:53.621373 X-ray: Delta and India, sending you 5
2024-10-14 23:06:53.622688 India: Uniform, sending you 4
2024-10-14 23:06:53.627965 India: X-ray, sending you 5
chatterbot Delta submitting transactions
chatterbot Mike submitting transactions
chatterbot India submitting transactions
chatterbot Juliett submitting transactions
chatterbot Quebec submitting transactions
chatterbot Yankee submitting transactions
chatterbot Papa submitting transactions
chatterbot Golf submitting transactions
chatterbot Uniform submitting transactions
chatterbot X-ray submitting transactions
ChatterBot Quebec round 8
ChatterBot Yankee round 8
ChatterBot Mike round 8
ChatterBot Uniform round 8
ChatterBot Golf round 8
ChatterBot Delta round 8
ChatterBot Juliett round 8
ChatterBot X-ray round 8
ChatterBot India round 8
ChatterBot Papa round 8
2024-10-14 23:06:54.685680 Mike: Quebec and Delta, sending you 4
2024-10-14 23:06:54.688662 Uniform: Quebec, sending you 4
2024-10-14 23:06:54.689296 Mike: Uniform and India, sending you 2
2024-10-14 23:06:54.691687 Uniform: Mike and Delta, sending you 2
2024-10-14 23:06:54.692731 X-ray: Quebec and Uniform, sending you 4
2024-10-14 23:06:54.694342 Mike: X-ray, sending you 1
2024-10-14 23:06:54.695698 Uniform: X-ray and India, sending you 3
2024-10-14 23:06:54.696584 X-ray: Delta and India, sending you 5
2024-10-14 23:06:54.697143 Yankee: Golf and Juliett, sending you 5
2024-10-14 23:06:54.697599 Golf: Yankee, sending you 4
2024-10-14 23:06:54.697909 Delta: Quebec, sending you 4
2024-10-14 23:06:54.699644 Yankee: Papa, sending you 7
2024-10-14 23:06:54.700690 Juliett: Yankee, sending you 4
2024-10-14 23:06:54.701693 Delta: Mike and India, sending you 3
2024-10-14 23:06:54.702461 Quebec: Mike, sending you 3
2024-10-14 23:06:54.703269 Golf: Juliett and Papa, sending you 5
2024-10-14 23:06:54.705711 Juliett: Golf and Papa, sending you 6
2024-10-14 23:06:54.706701 Delta: Uniform, sending you 2
2024-10-14 23:06:54.708222 Quebec: Uniform, Delta and X-ray, sending you 4
2024-10-14 23:06:54.709187 India: Quebec and Delta, sending you 3
2024-10-14 23:06:54.710715 Delta: X-ray, sending you 5
2024-10-14 23:06:54.712361 Quebec: India, sending you 2
2024-10-14 23:06:54.713122 Papa: Same as last round
2024-10-14 23:06:54.713651 India: Mike, sending you 2
2024-10-14 23:06:54.716666 India: Uniform, sending you 4
2024-10-14 23:06:54.723148 India: X-ray, sending you 5
chatterbot Juliett submitting transactions
chatterbot India submitting transactions
chatterbot Golf submitting transactions
chatterbot Delta submitting transactions
chatterbot Quebec submitting transactions
chatterbot Uniform submitting transactions
chatterbot X-ray submitting transactions
chatterbot Yankee submitting transactions
chatterbot Mike submitting transactions
chatterbot Papa submitting transactions
ChatterBot Quebec round 9
ChatterBot Yankee round 9
ChatterBot Mike round 9
ChatterBot Uniform round 9
ChatterBot Golf round 9
ChatterBot Delta round 9
ChatterBot Juliett round 9
ChatterBot X-ray round 9
ChatterBot India round 9
ChatterBot Papa round 9
2024-10-14 23:06:56.050182 Juliett: Yankee, sending you 4
2024-10-14 23:06:56.052729 Golf: Yankee, sending you 4
2024-10-14 23:06:56.053672 Delta: Quebec, sending you 4
2024-10-14 23:06:56.056572 Mike: Quebec and Delta, sending you 4
2024-10-14 23:06:56.058509 Yankee: Golf and Juliett, sending you 5
2024-10-14 23:06:56.059640 Quebec: Mike, sending you 3
2024-10-14 23:06:56.063472 Uniform: Quebec, sending you 4
2024-10-14 23:06:56.066210 Juliett: Golf and Papa, sending you 6
2024-10-14 23:06:56.067745 Golf: Juliett and Papa, sending you 5
2024-10-14 23:06:56.069432 X-ray: Quebec and Uniform, sending you 4
2024-10-14 23:06:56.071640 India: Quebec and Delta, sending you 3
2024-10-14 23:06:56.073691 Delta: Mike and India, sending you 3
2024-10-14 23:06:56.076903 Yankee: Papa, sending you 7
2024-10-14 23:06:56.078493 Mike: Uniform and India, sending you 2
2024-10-14 23:06:56.080555 Papa: Same as last round
2024-10-14 23:06:56.082210 Quebec: Uniform, Delta and X-ray, sending you 4
2024-10-14 23:06:56.084 Uniform: Mike and Delta, sending you 2
2024-10-14 23:06:56.087089 X-ray: Delta and India, sending you 5
2024-10-14 23:06:56.089341 India: Mike, sending you 2
2024-10-14 23:06:56.090632 Delta: Uniform, sending you 2
2024-10-14 23:06:56.093036 Mike: X-ray, sending you 1
2024-10-14 23:06:56.094845 Quebec: India, sending you 2
2024-10-14 23:06:56.096652 Uniform: X-ray and India, sending you 3
2024-10-14 23:06:56.098511 India: Uniform, sending you 4
2024-10-14 23:06:56.100836 Delta: X-ray, sending you 5
2024-10-14 23:06:56.104691 India: X-ray, sending you 5
chatterbot Quebec submitting transactions
chatterbot Delta submitting transactions
chatterbot X-ray submitting transactions
chatterbot Juliett submitting transactions
chatterbot Papa submitting transactions
chatterbot Mike submitting transactions
chatterbot Uniform submitting transactions
chatterbot India submitting transactions
chatterbot Golf submitting transactions
chatterbot Yankee submitting transactions
ChatterBot Quebec round 10
ChatterBot Yankee round 10
ChatterBot Mike round 10
ChatterBot Uniform round 10
ChatterBot Golf round 10
ChatterBot Delta round 10
ChatterBot Juliett round 10
ChatterBot X-ray round 10
ChatterBot India round 10
ChatterBot Papa round 10
2024-10-14 23:06:57.295992 Delta: Quebec, sending you 4
2024-10-14 23:06:57.297672 Golf: Yankee, sending you 4
2024-10-14 23:06:57.298145 Juliett: Yankee, sending you 4
2024-10-14 23:06:57.300681 Uniform: Quebec, sending you 4
2024-10-14 23:06:57.302253 Mike: Quebec and Delta, sending you 4
2024-10-14 23:06:57.303085 X-ray: Quebec and Uniform, sending you 4
2024-10-14 23:06:57.303561 Delta: Mike and India, sending you 3
2024-10-14 23:06:57.304314 Quebec: Mike, sending you 3
2024-10-14 23:06:57.305108 Yankee: Golf and Juliett, sending you 5
2024-10-14 23:06:57.305528 Juliett: Golf and Papa, sending you 6
2024-10-14 23:06:57.305949 Golf: Juliett and Papa, sending you 5
2024-10-14 23:06:57.306349 Papa: Same as last round
2024-10-14 23:06:57.307321 Mike: Uniform and India, sending you 2
2024-10-14 23:06:57.308445 X-ray: Delta and India, sending you 5
2024-10-14 23:06:57.309203 Uniform: Mike and Delta, sending you 2
2024-10-14 23:06:57.310500 Delta: Uniform, sending you 2
2024-10-14 23:06:57.312645 Quebec: Uniform, Delta and X-ray, sending you 4
2024-10-14 23:06:57.314631 Yankee: Papa, sending you 7
2024-10-14 23:06:57.315306 Mike: X-ray, sending you 1
2024-10-14 23:06:57.316728 Uniform: X-ray and India, sending you 3
2024-10-14 23:06:57.318081 Delta: X-ray, sending you 5
2024-10-14 23:06:57.320032 Quebec: India, sending you 2
2024-10-14 23:06:57.321417 India: Quebec and Delta, sending you 3
2024-10-14 23:06:57.327669 India: Mike, sending you 2
2024-10-14 23:06:57.330695 India: Uniform, sending you 4
2024-10-14 23:06:57.335108 India: X-ray, sending you 5
chatterbot India submitting transactions
chatterbot Yankee submitting transactions
chatterbot Mike submitting transactions
chatterbot Juliett submitting transactions
chatterbot Delta submitting transactions
chatterbot Golf submitting transactions
chatterbot X-ray submitting transactions
chatterbot Papa submitting transactions
chatterbot Uniform submitting transactions
chatterbot Quebec submitting transactions
ChatterBot Quebec round 11
ChatterBot Yankee round 11
ChatterBot Mike round 11
ChatterBot Uniform round 11
ChatterBot Golf round 11
ChatterBot Delta round 11
ChatterBot Juliett round 11
ChatterBot X-ray round 11
ChatterBot India round 11
ChatterBot Papa round 11
2024-10-14 23:06:58.427681 Mike: Quebec and Delta, sending you 4
2024-10-14 23:06:58.429664 Yankee: Golf and Juliett, sending you 5
2024-10-14 23:06:58.430650 Golf: Yankee, sending you 4
2024-10-14 23:06:58.431037 Juliett: Yankee, sending you 4
2024-10-14 23:06:58.431412 X-ray: Quebec and Uniform, sending you 4
2024-10-14 23:06:58.433001 Mike: Uniform and India, sending you 2
2024-10-14 23:06:58.434682 Yankee: Papa, sending you 7
2024-10-14 23:06:58.436125 Golf: Juliett and Papa, sending you 5
2024-10-14 23:06:58.436629 Juliett: Golf and Papa, sending you 6
2024-10-14 23:06:58.437048 X-ray: Delta and India, sending you 5
2024-10-14 23:06:58.437693 Mike: X-ray, sending you 1
2024-10-14 23:06:58.439143 Delta: Quebec, sending you 4
2024-10-14 23:06:58.440145 Quebec: Mike, sending you 3
2024-10-14 23:06:58.441125 Uniform: Quebec, sending you 4
2024-10-14 23:06:58.443071 Delta: Mike and India, sending you 3
2024-10-14 23:06:58.443931 Papa: Same as last round
2024-10-14 23:06:58.444681 India: Quebec and Delta, sending you 3
2024-10-14 23:06:58.445963 Quebec: Uniform, Delta and X-ray, sending you 4
2024-10-14 23:06:58.447744 Uniform: Mike and Delta, sending you 2
2024-10-14 23:06:58.448900 Delta: Uniform, sending you 2
2024-10-14 23:06:58.450745 India: Mike, sending you 2
2024-10-14 23:06:58.451681 Quebec: India, sending you 2
2024-10-14 23:06:58.452751 Uniform: X-ray and India, sending you 3
2024-10-14 23:06:58.453580 Delta: X-ray, sending you 5
2024-10-14 23:06:58.455288 India: Uniform, sending you 4
2024-10-14 23:06:58.459682 India: X-ray, sending you 5
chatterbot Quebec submitting transactions
chatterbot Mike submitting transactions
chatterbot Juliett submitting transactions
chatterbot Papa submitting transactions
chatterbot Uniform submitting transactions
chatterbot Yankee submitting transactions
chatterbot Golf submitting transactions
chatterbot India submitting transactions
chatterbot Delta submitting transactions
chatterbot X-ray submitting transactions
ChatterBot Quebec round 12
ChatterBot Yankee round 12
ChatterBot Mike round 12
ChatterBot Uniform round 12
ChatterBot Golf round 12
ChatterBot Delta round 12
ChatterBot Juliett round 12
ChatterBot X-ray round 12
ChatterBot India round 12
ChatterBot Papa round 12
2024-10-14 23:06:59.756672 Quebec: Mike, sending you 3
2024-10-14 23:06:59.758651 Papa: Same as last round
2024-10-14 23:06:59.759676 Uniform: Quebec, sending you 4
2024-10-14 23:06:59.761437 Quebec: Uniform, Delta and X-ray, sending you 4
2024-10-14 23:06:59.762773 Golf: Yankee, sending you 4
2024-10-14 23:06:59.763421 Mike: Quebec and Delta, sending you 4
2024-10-14 23:06:59.764773 Juliett: Yankee, sending you 4
2024-10-14 23:06:59.765942 Uniform: Mike and Delta, sending you 2
2024-10-14 23:06:59.767714 Quebec: India, sending you 2
2024-10-14 23:06:59.769244 Golf: Juliett and Papa, sending you 5
2024-10-14 23:06:59.770639 X-ray: Quebec and Uniform, sending you 4
2024-10-14 23:06:59.771727 Mike: Uniform and India, sending you 2
2024-10-14 23:06:59.773100 Yankee: Golf and Juliett, sending you 5
2024-10-14 23:06:59.773814 Delta: Quebec, sending you 4
2024-10-14 23:06:59.776369 Juliett: Golf and Papa, sending you 6
2024-10-14 23:06:59.777427 Uniform: X-ray and India, sending you 3
2024-10-14 23:06:59.778976 India: Quebec and Delta, sending you 3
2024-10-14 23:06:59.780918 X-ray: Delta and India, sending you 5
2024-10-14 23:06:59.781883 Mike: X-ray, sending you 1
2024-10-14 23:06:59.783340 Yankee: Papa, sending you 7
2024-10-14 23:06:59.784812 Delta: Mike and India, sending you 3
