ChatterBot Foxtrot round 1
ChatterBot Alpha round 1
ChatterBot Tango round 1
ChatterBot Victor round 1
ChatterBot X-ray round 1
ChatterBot Romeo round 1
ChatterBot Zulu round 1
ChatterBot Oscar round 1
ChatterBot Sierra round 1
ChatterBot Mike round 1
randomSelections Romeo: {Romeo, Oscar, Victor, Alpha, Tango, Zulu} 
2024-10-14 23:06:44.109063 Romeo: We would work well together
ChatterBot Oscar reevaluating
ChatterBot Victor reevaluating
ChatterBot Alpha reevaluating
ChatterBot Tango reevaluating
ChatterBot Zulu reevaluating
2024-10-14 23:06:44.122322 Oscar: Yes
2024-10-14 23:06:44.123063 Victor: Yes
2024-10-14 23:06:44.123232 Alpha: Yes
2024-10-14 23:06:44.123382 Tango: Yes
2024-10-14 23:06:44.123519 Zulu: Yes
ChatterBot Victor reevaluating
ChatterBot Alpha reevaluating
ChatterBot Tango reevaluating
ChatterBot Zulu reevaluating
ChatterBot Oscar reevaluating
ChatterBot Alpha reevaluating
ChatterBot Tango reevaluating
ChatterBot Zulu reevaluating
ChatterBot Oscar reevaluating
ChatterBot Victor reevaluating
ChatterBot Tango reevaluating
ChatterBot Zulu reevaluating
ChatterBot Oscar reevaluating
ChatterBot Victor reevaluating
ChatterBot Alpha reevaluating
ChatterBot Zulu reevaluating
ChatterBot Oscar reevaluating
ChatterBot Victor reevaluating
ChatterBot Alpha reevaluating
ChatterBot Tango reevaluating
randomSelections Sierra: {Sierra, Mike, Zulu, Tango, Foxtrot, X-ray} 
2024-10-14 23:06:44.210438 Sierra: Friends?
ChatterBot Mike reevaluating
ChatterBot Zulu reevaluating
ChatterBot Tango reevaluating
ChatterBot Foxtrot reevaluating
ChatterBot X-ray reevaluating
2024-10-14 23:06:44.300295 Mike: Yes
2024-10-14 23:06:44.301500 Zulu: No
2024-10-14 23:06:44.301908 Tango: No
2024-10-14 23:06:44.302234 Foxtrot: Yes
2024-10-14 23:06:44.302630 X-ray: Yes
ChatterBot Zulu reevaluating
ChatterBot Tango reevaluating
ChatterBot Foxtrot reevaluating
ChatterBot X-ray reevaluating
ChatterBot Mike reevaluating
ChatterBot Tango reevaluating
ChatterBot Foxtrot reevaluating
ChatterBot X-ray reevaluating
ChatterBot Mike reevaluating
ChatterBot Zulu reevaluating
ChatterBot Foxtrot reevaluating
ChatterBot X-ray reevaluating
ChatterBot Mike reevaluating
ChatterBot Zulu reevaluating
ChatterBot Tango reevaluating
ChatterBot X-ray reevaluating
ChatterBot Mike reevaluating
ChatterBot Zulu reevaluating
ChatterBot Tango reevaluating
ChatterBot Foxtrot reevaluating
2024-10-14 23:06:44.395590 Sierra: Foxtrot, X-ray and Mike, sending you 5
2024-10-14 23:06:44.396781 Oscar: Alpha, Tango, Victor and Zulu, sending you 4
2024-10-14 23:06:44.398321 Victor: Alpha, sending you 6
2024-10-14 23:06:44.399230 Alpha: Tango and Romeo, sending you 2
2024-10-14 23:06:44.401641 Tango: Alpha and Oscar, sending you 4
2024-10-14 23:06:44.403481 Sierra: Zulu, sending you 3
2024-10-14 23:06:44.405213 Foxtrot: Tango, sending you 4
2024-10-14 23:06:44.405997 Zulu: Tango and Romeo, sending you 2
2024-10-14 23:06:44.407591 Victor: Tango and Oscar, sending you 4
2024-10-14 23:06:44.408438 Romeo: Alpha and Zulu, sending you 4
2024-10-14 23:06:44.409751 Alpha: Victor, sending you 5
2024-10-14 23:06:44.410593 Tango: Victor, sending you 6
2024-10-14 23:06:44.412362 Mike: Foxtrot, sending you 2
2024-10-14 23:06:44.413923 Foxtrot: X-ray, sending you 3
2024-10-14 23:06:44.415633 X-ray: Foxtrot and Tango, sending you 4
2024-10-14 23:06:44.417103 Zulu: Victor, sending you 1
2024-10-14 23:06:44.418261 Victor: Romeo, sending you 1
2024-10-14 23:06:44.420142 Romeo: Victor, sending you 5
2024-10-14 23:06:44.421554 Alpha: Zulu, sending you 6
2024-10-14 23:06:44.422365 Tango: Romeo, sending you 3
2024-10-14 23:06:44.424161 Mike: Tango, sending you 3
2024-10-14 23:06:44.425074 Foxtrot: Zulu, sending you 2
2024-10-14 23:06:44.426694 X-ray: Sierra, sending you 2
2024-10-14 23:06:44.428047 Victor: Zulu, sending you 3
2024-10-14 23:06:44.428769 Romeo: Oscar, sending you 3
2024-10-14 23:06:44.430304 Alpha: Oscar, sending you 3
2024-10-14 23:06:44.431424 Mike: X-ray, sending you 5
2024-10-14 23:06:44.433048 Tango: Zulu, sending you 2
2024-10-14 23:06:44.433728 Foxtrot: Sierra, sending you 5
2024-10-14 23:06:44.435201 X-ray: Mike, sending you 3
2024-10-14 23:06:44.438838 Mike: Zulu and Sierra, sending you 4
2024-10-14 23:06:44.441540 Foxtrot: Mike, sending you 1
chatterbot X-ray submitting transactions
chatterbot Foxtrot submitting transactions
chatterbot Romeo submitting transactions
chatterbot Sierra submitting transactions
chatterbot Zulu submitting transactions
chatterbot Tango submitting transactions
chatterbot Mike submitting transactions
chatterbot Victor submitting transactions
chatterbot Oscar submitting transactions
chatterbot Alpha submitting transactions
ChatterBot Foxtrot round 2
ChatterBot Alpha round 2
ChatterBot Tango round 2
ChatterBot Victor round 2
ChatterBot X-ray round 2
ChatterBot Romeo round 2
ChatterBot Zulu round 2
ChatterBot Oscar round 2
ChatterBot Sierra round 2
ChatterBot Mike round 2
2024-10-14 23:06:45.718572 Foxtrot: We should drop Zulu and Tango
ChatterBot Mike reevaluating
2024-10-14 23:06:45.732442 X-ray: No
2024-10-14 23:06:45.732623 Sierra: No
2024-10-14 23:06:45.732813 Mike: Yes
ChatterBot Mike reevaluating
ChatterBot Mike reevaluating
ChatterBot X-ray reevaluating
ChatterBot Sierra reevaluating
2024-10-14 23:06:45.776495 X-ray: Friends?
ChatterBot Sierra reevaluating
ChatterBot Mike reevaluating
2024-10-14 23:06:45.794663 Foxtrot: No
2024-10-14 23:06:45.795286 Sierra: Yes
2024-10-14 23:06:45.795442 Mike: No
2024-10-14 23:06:45.795595 Romeo: No
ChatterBot X-ray reevaluating
ChatterBot Sierra reevaluating
ChatterBot Mike reevaluating
ChatterBot X-ray reevaluating
ChatterBot Mike reevaluating
ChatterBot X-ray reevaluating
ChatterBot Sierra reevaluating
ChatterBot X-ray reevaluating
ChatterBot Sierra reevaluating
ChatterBot Mike reevaluating
2024-10-14 23:06:45.872610 Sierra: Can we be friends?
ChatterBot X-ray reevaluating
ChatterBot Mike reevaluating
2024-10-14 23:06:45.894239 X-ray: No
2024-10-14 23:06:45.894446 Foxtrot: No
2024-10-14 23:06:45.894575 Mike: No
2024-10-14 23:06:45.894713 Romeo: No
ChatterBot Sierra reevaluating
ChatterBot Mike reevaluating
ChatterBot X-ray reevaluating
ChatterBot Sierra reevaluating
ChatterBot Mike reevaluating
ChatterBot X-ray reevaluating
ChatterBot Sierra reevaluating
ChatterBot X-ray reevaluating
ChatterBot Sierra reevaluating
ChatterBot Mike reevaluating
2024-10-14 23:06:46.083789 Tango: We should drop Zulu
2024-10-14 23:06:46.101763 Alpha: No
2024-10-14 23:06:46.102113 Victor: No
2024-10-14 23:06:46.102436 Romeo: No
2024-10-14 23:06:46.103336 Oscar: No
ChatterBot Tango reevaluating
ChatterBot Tango reevaluating
ChatterBot Tango reevaluating
ChatterBot Tango reevaluating
2024-10-14 23:06:46.522395 Alpha: Tango, Romeo and Oscar, sending you 4
2024-10-14 23:06:46.524006 X-ray: We should drop Tango
2024-10-14 23:06:46.541790 Foxtrot: Yes
2024-10-14 23:06:46.542072 Sierra: Yes
2024-10-14 23:06:46.542233 Mike: Yes
2024-10-14 23:06:46.542867 Zulu: No
ChatterBot X-ray reevaluating
ChatterBot Sierra reevaluating
ChatterBot X-ray reevaluating
ChatterBot X-ray reevaluating
ChatterBot Sierra reevaluating
ChatterBot X-ray reevaluating
ChatterBot Sierra reevaluating
chatterbot Alpha submitting transactions
chatterbot Oscar submitting transactions
2024-10-14 23:06:46.623636 Alpha: Victor, sending you 5
2024-10-14 23:06:46.624115 Romeo: Alpha and Zulu, sending you 5
chatterbot Foxtrot submitting transactions
2024-10-14 23:06:47.132407 Foxtrot: X-ray, sending you 5
2024-10-14 23:06:47.132793 Victor: Alpha and Romeo, sending you 4
2024-10-14 23:06:47.133205 Zulu: Alpha, sending you 4
2024-10-14 23:06:47.137757 Oscar: Alpha and Romeo, sending you 3
2024-10-14 23:06:47.138104 Mike: Foxtrot, sending you 4
2024-10-14 23:06:47.139222 Romeo: Tango, sending you 6
2024-10-14 23:06:47.139775 Alpha: Zulu, sending you 2
chatterbot Mike submitting transactions
chatterbot Romeo submitting transactions
2024-10-14 23:06:47.142350 Foxtrot: Sierra, sending you 7
2024-10-14 23:06:47.142653 Victor: Tango, sending you 6
2024-10-14 23:06:47.143055 Zulu: Tango and Victor, sending you 2
2024-10-14 23:06:47.145305 Oscar: Tango and Victor, sending you 4
2024-10-14 23:06:47.145691 Romeo: Victor, sending you 3
2024-10-14 23:06:47.146127 Mike: X-ray, sending you 6
2024-10-14 23:06:47.149477 Foxtrot: Mike, sending you 3
2024-10-14 23:06:47.149802 Victor: Zulu, sending you 1
2024-10-14 23:06:47.150281 Tango: Alpha, sending you 4
2024-10-14 23:06:47.152716 Zulu: Romeo and Oscar, sending you 3
2024-10-14 23:06:47.153150 Oscar: Zulu, sending you 1
2024-10-14 23:06:47.472545 Mike: Sierra, sending you 8
2024-10-14 23:06:47.472887 Victor: Oscar, sending you 3
2024-10-14 23:06:47.473959 Sierra: Foxtrot, sending you 7
chatterbot Zulu submitting transactions
2024-10-14 23:06:47.474381 Tango: Victor and Oscar, sending you 7
chatterbot Victor submitting transactions
chatterbot Tango submitting transactions
chatterbot Sierra submitting transactions
2024-10-14 23:06:47.563454 Sierra: X-ray, sending you 4
2024-10-14 23:06:47.563816 Tango: Romeo, sending you 1
2024-10-14 23:06:47.564077 X-ray: Foxtrot, sending you 5
2024-10-14 23:06:47.589036 X-ray: Zulu, sending you 3
2024-10-14 23:06:47.589875 Sierra: Romeo, sending you 1
2024-10-14 23:06:47.611082 X-ray: Sierra and Mike, sending you 6
2024-10-14 23:06:47.611509 Sierra: Mike, sending you 6
chatterbot X-ray submitting transactions
ChatterBot Foxtrot round 3
ChatterBot Alpha round 3
ChatterBot Tango round 3
ChatterBot Victor round 3
ChatterBot X-ray round 3
ChatterBot Romeo round 3
ChatterBot Zulu round 3
ChatterBot Oscar round 3
ChatterBot Sierra round 3
ChatterBot Mike round 3
2024-10-14 23:06:48.355193 Victor: Alpha, sending you 4
2024-10-14 23:06:48.355602 Tango: Alpha and Romeo, sending you 4
2024-10-14 23:06:48.356271 Zulu: Alpha and Romeo, sending you 4
2024-10-14 23:06:48.356552 Mike: Foxtrot, sending you 4
2024-10-14 23:06:48.356824 Alpha: Tango, Victor, Romeo and Oscar, sending you 4
2024-10-14 23:06:48.357584 Oscar: Alpha and Victor, sending you 3
2024-10-14 23:06:48.357864 Foxtrot: X-ray, sending you 5
2024-10-14 23:06:48.358096 Romeo: Alpha, sending you 5
2024-10-14 23:06:48.358802 X-ray: Foxtrot, sending you 5
2024-10-14 23:06:48.359061 Sierra: Foxtrot, sending you 7
2024-10-14 23:06:48.359294 Victor: Tango, sending you 6
2024-10-14 23:06:48.422649 Mike: X-ray and Sierra, sending you 7
2024-10-14 23:06:48.422951 Tango: Victor, sending you 6
2024-10-14 23:06:48.423216 Zulu: Tango, sending you 1
2024-10-14 23:06:48.424016 Alpha: Zulu, sending you 3
2024-10-14 23:06:48.424357 Romeo: Tango and Oscar, sending you 3
2024-10-14 23:06:48.424720 Oscar: Tango, sending you 4
2024-10-14 23:06:48.425459 Foxtrot: Sierra, sending you 7
2024-10-14 23:06:48.425717 Sierra: X-ray, sending you 5
2024-10-14 23:06:48.426020 X-ray: Zulu, sending you 3
2024-10-14 23:06:48.426252 Victor: Romeo and Oscar, sending you 3
2024-10-14 23:06:48.515321 Tango: Oscar, sending you 5
2024-10-14 23:06:48.515865 Zulu: Victor, sending you 2
2024-10-14 23:06:48.516887 Romeo: Victor and Zulu, sending you 4
2024-10-14 23:06:48.517876 Oscar: Romeo and Zulu, sending you 2
2024-10-14 23:06:48.518366 X-ray: Sierra and Mike, sending you 6
2024-10-14 23:06:48.518757 Foxtrot: Mike, sending you 3
2024-10-14 23:06:48.519609 Sierra: Mike, sending you 6
2024-10-14 23:06:48.519945 Victor: Zulu, sending you 2
chatterbot Romeo submitting transactions
2024-10-14 23:06:48.521260 Zulu: Oscar, sending you 3
chatterbot Victor submitting transactions
chatterbot X-ray submitting transactions
chatterbot Sierra submitting transactions
chatterbot Tango submitting transactions
chatterbot Zulu submitting transactions
chatterbot Mike submitting transactions
chatterbot Alpha submitting transactions
chatterbot Foxtrot submitting transactions
chatterbot Oscar submitting transactions
ChatterBot Foxtrot round 4
ChatterBot Alpha round 4
ChatterBot Tango round 4
ChatterBot Victor round 4
ChatterBot X-ray round 4
ChatterBot Romeo round 4
ChatterBot Zulu round 4
ChatterBot Oscar round 4
ChatterBot Sierra round 4
ChatterBot Mike round 4
2024-10-14 23:06:49.549250 X-ray: We should replace Zulu with Romeo
2024-10-14 23:06:49.557511 Foxtrot: No
2024-10-14 23:06:49.557714 Sierra: No
2024-10-14 23:06:49.557872 Mike: No
ChatterBot X-ray reevaluating
ChatterBot X-ray reevaluating
ChatterBot X-ray reevaluating
2024-10-14 23:06:49.598883 Tango: Alpha and Romeo, sending you 4
2024-10-14 23:06:49.599694 X-ray: Romeo we want you to join our group
2024-10-14 23:06:49.603678 Romeo: No
ChatterBot X-ray reevaluating
2024-10-14 23:06:49.619776 X-ray: We should replace Zulu with Oscar
2024-10-14 23:06:49.629154 Foxtrot: No
2024-10-14 23:06:49.629353 Sierra: No
2024-10-14 23:06:49.629866 Mike: No
ChatterBot X-ray reevaluating
ChatterBot X-ray reevaluating
ChatterBot X-ray reevaluating
2024-10-14 23:06:49.650298 Tango: Victor, sending you 6
2024-10-14 23:06:49.650663 Victor: Alpha, sending you 4
2024-10-14 23:06:49.651182 Foxtrot: X-ray, sending you 5
2024-10-14 23:06:49.652669 Zulu: Alpha and Romeo, sending you 4
2024-10-14 23:06:49.654123 Romeo: Alpha, Tango, Victor and Zulu, sending you 4
2024-10-14 23:06:49.654662 Tango: Oscar, sending you 5
2024-10-14 23:06:49.654965 Foxtrot: Sierra, sending you 7
2024-10-14 23:06:49.655238 Mike: Foxtrot, sending you 4
2024-10-14 23:06:49.655675 Victor: Tango, sending you 6
2024-10-14 23:06:49.656760 Sierra: Foxtrot, sending you 7
2024-10-14 23:06:49.657162 Alpha: Tango, Victor, Romeo and Zulu, sending you 4
2024-10-14 23:06:49.657742 Oscar: Alpha, Victor and Zulu, sending you 3
2024-10-14 23:06:49.658842 X-ray: Oscar we want you to join our group
2024-10-14 23:06:49.662522 Oscar: No
ChatterBot X-ray reevaluating
2024-10-14 23:06:49.671507 Zulu: Tango, sending you 1
2024-10-14 23:06:49.671950 Romeo: Oscar, sending you 3
2024-10-14 23:06:49.672360 Foxtrot: Mike, sending you 3
2024-10-14 23:06:49.672600 Mike: X-ray and Sierra, sending you 7
2024-10-14 23:06:49.672971 Sierra: X-ray, sending you 5
2024-10-14 23:06:49.673205 Alpha: Oscar, sending you 3
2024-10-14 23:06:49.674109 Victor: Romeo and Oscar, sending you 3
2024-10-14 23:06:49.674413 Oscar: Tango, sending you 4
2024-10-14 23:06:49.676667 Zulu: Victor, sending you 2
2024-10-14 23:06:49.677122 Sierra: Mike, sending you 6
2024-10-14 23:06:49.678677 Victor: Zulu, sending you 2
2024-10-14 23:06:49.679669 Oscar: Romeo, sending you 2
2024-10-14 23:06:49.680669 Zulu: Oscar, sending you 3
2024-10-14 23:06:49.702668 X-ray: Foxtrot, sending you 5
2024-10-14 23:06:49.706823 X-ray: Romeo, sending you 3
2024-10-14 23:06:49.711660 X-ray: Sierra and Mike, sending you 6
chatterbot Victor submitting transactions
chatterbot Sierra submitting transactions
chatterbot Alpha submitting transactions
chatterbot Mike submitting transactions
chatterbot Zulu submitting transactions
chatterbot Oscar submitting transactions
chatterbot Romeo submitting transactions
chatterbot X-ray submitting transactions
chatterbot Tango submitting transactions
chatterbot Foxtrot submitting transactions
ChatterBot Foxtrot round 5
ChatterBot Alpha round 5
ChatterBot Tango round 5
ChatterBot Victor round 5
ChatterBot X-ray round 5
ChatterBot Romeo round 5
ChatterBot Zulu round 5
ChatterBot Oscar round 5
ChatterBot Sierra round 5
ChatterBot Mike round 5
2024-10-14 23:06:50.788727 X-ray: We should replace Romeo with Oscar
2024-10-14 23:06:50.796593 Foxtrot: No
2024-10-14 23:06:50.796814 Sierra: No
2024-10-14 23:06:50.797740 Mike: No
ChatterBot X-ray reevaluating
ChatterBot X-ray reevaluating
ChatterBot X-ray reevaluating
2024-10-14 23:06:50.856445 Foxtrot: X-ray, sending you 5
2024-10-14 23:06:50.868892 Romeo: Alpha, Tango, Victor and Zulu, sending you 4
2024-10-14 23:06:50.869477 Foxtrot: Sierra, sending you 7
2024-10-14 23:06:50.869890 Tango: Alpha and Romeo, sending you 4
2024-10-14 23:06:50.870752 X-ray: Foxtrot, sending you 5
2024-10-14 23:06:50.871097 Zulu: Alpha and Romeo, sending you 4
2024-10-14 23:06:50.871591 Victor: Alpha, sending you 4
2024-10-14 23:06:50.872565 Alpha: Tango, Victor, Romeo and Zulu, sending you 4
2024-10-14 23:06:50.873113 Sierra: Foxtrot, sending you 7
2024-10-14 23:06:50.873948 Romeo: Oscar, sending you 3
2024-10-14 23:06:50.874371 Foxtrot: Mike, sending you 3
2024-10-14 23:06:50.874689 Oscar: Alpha, Victor and Zulu, sending you 3
2024-10-14 23:06:50.875531 X-ray: Romeo, sending you 3
2024-10-14 23:06:50.875845 Zulu: Tango, sending you 1
2024-10-14 23:06:50.876302 Victor: Tango, sending you 6
2024-10-14 23:06:50.876741 Tango: Victor, sending you 6
2024-10-14 23:06:50.877491 Mike: Foxtrot, sending you 4
2024-10-14 23:06:50.877849 Alpha: Oscar, sending you 3
2024-10-14 23:06:50.878297 Sierra: X-ray, sending you 5
2024-10-14 23:06:50.879262 Oscar: Tango, sending you 4
2024-10-14 23:06:50.882627 X-ray: Sierra and Mike, sending you 6
2024-10-14 23:06:50.883165 Tango: Oscar, sending you 5
2024-10-14 23:06:50.883558 Zulu: Victor, sending you 2
2024-10-14 23:06:50.884768 Victor: Romeo and Oscar, sending you 3
2024-10-14 23:06:50.886275 Mike: X-ray and Sierra, sending you 7
2024-10-14 23:06:50.887779 Sierra: Mike, sending you 6
2024-10-14 23:06:50.888393 Oscar: Romeo, sending you 2
2024-10-14 23:06:50.890001 Zulu: Oscar, sending you 3
2024-10-14 23:06:50.891637 Victor: Zulu, sending you 2
chatterbot Sierra submitting transactions
chatterbot Alpha submitting transactions
chatterbot Romeo submitting transactions
chatterbot Oscar submitting transactions
chatterbot Tango submitting transactions
chatterbot X-ray submitting transactions
chatterbot Victor submitting transactions
chatterbot Foxtrot submitting transactions
chatterbot Mike submitting transactions
chatterbot Zulu submitting transactions
ChatterBot Foxtrot round 6
ChatterBot Alpha round 6
ChatterBot Tango round 6
ChatterBot Victor round 6
ChatterBot X-ray round 6
ChatterBot Romeo round 6
ChatterBot Zulu round 6
ChatterBot Oscar round 6
ChatterBot Sierra round 6
ChatterBot Mike round 6
2024-10-14 23:06:52.033191 X-ray: We should replace Romeo with Zulu
2024-10-14 23:06:52.041921 Foxtrot: No
2024-10-14 23:06:52.042116 Sierra: No
2024-10-14 23:06:52.042292 Mike: No
ChatterBot X-ray reevaluating
ChatterBot X-ray reevaluating
ChatterBot X-ray reevaluating
2024-10-14 23:06:52.088347 X-ray: We should replace Romeo with Oscar
2024-10-14 23:06:52.097462 Foxtrot: No
2024-10-14 23:06:52.097661 Sierra: No
2024-10-14 23:06:52.097868 Mike: No
ChatterBot X-ray reevaluating
ChatterBot X-ray reevaluating
ChatterBot X-ray reevaluating
2024-10-14 23:06:52.126022 Alpha: Tango, Victor, Romeo and Zulu, sending you 4
2024-10-14 23:06:52.131025 Foxtrot: X-ray, sending you 5
2024-10-14 23:06:52.131566 Victor: Alpha, sending you 4
2024-10-14 23:06:52.132194 Alpha: Oscar, sending you 3
2024-10-14 23:06:52.132683 X-ray: Oscar we want you to join our group
2024-10-14 23:06:52.135121 Oscar: No
ChatterBot X-ray reevaluating
2024-10-14 23:06:52.145419 Zulu: Alpha and Romeo, sending you 4
2024-10-14 23:06:52.146002 Tango: Alpha and Romeo, sending you 4
2024-10-14 23:06:52.146376 Victor: Tango, sending you 6
2024-10-14 23:06:52.147261 Foxtrot: Sierra, sending you 7
2024-10-14 23:06:52.148680 Tango: Victor, sending you 6
2024-10-14 23:06:52.149854 Zulu: Tango, sending you 1
2024-10-14 23:06:52.150303 Victor: Romeo and Oscar, sending you 3
2024-10-14 23:06:52.150735 Romeo: Alpha, Tango, Victor and Zulu, sending you 4
2024-10-14 23:06:52.151109 Foxtrot: Mike, sending you 3
2024-10-14 23:06:52.151390 Sierra: Foxtrot, sending you 7
2024-10-14 23:06:52.151688 Oscar: Alpha, Victor, Romeo and Zulu, sending you 3
2024-10-14 23:06:52.152073 Mike: Foxtrot, sending you 5
2024-10-14 23:06:52.152328 Tango: Oscar, sending you 5
2024-10-14 23:06:52.153662 Zulu: Victor, sending you 2
2024-10-14 23:06:52.154684 Victor: Zulu, sending you 2
2024-10-14 23:06:52.155659 Romeo: Oscar, sending you 3
2024-10-14 23:06:52.156165 Oscar: Tango, sending you 4
2024-10-14 23:06:52.156665 Sierra: X-ray, sending you 5
2024-10-14 23:06:52.156966 Mike: X-ray, sending you 6
2024-10-14 23:06:52.158668 Zulu: Oscar, sending you 3
2024-10-14 23:06:52.160663 Sierra: Mike, sending you 6
2024-10-14 23:06:52.161689 Mike: Sierra, sending you 7
2024-10-14 23:06:52.168714 X-ray: Foxtrot, Sierra and Mike, sending you 6
2024-10-14 23:06:52.171686 X-ray: Oscar, sending you 2
chatterbot Tango submitting transactions
chatterbot Romeo submitting transactions
chatterbot Alpha submitting transactions
chatterbot Zulu submitting transactions
chatterbot Victor submitting transactions
chatterbot Oscar submitting transactions
chatterbot Foxtrot submitting transactions
chatterbot Mike submitting transactions
chatterbot X-ray submitting transactions
chatterbot Sierra submitting transactions
ChatterBot Foxtrot round 7
ChatterBot Alpha round 7
ChatterBot Tango round 7
ChatterBot Victor round 7
ChatterBot X-ray round 7
ChatterBot Romeo round 7
ChatterBot Zulu round 7
ChatterBot Oscar round 7
2024-10-14 23:06:53.344489 Tango: We should add Zulu
2024-10-14 23:06:53.353421 Alpha: Yes
2024-10-14 23:06:53.353598 Victor: Yes
2024-10-14 23:06:53.353756 Romeo: Yes
2024-10-14 23:06:53.353875 Oscar: Yes
ChatterBot Tango reevaluating
ChatterBot Tango reevaluating
ChatterBot Tango reevaluating
ChatterBot Tango reevaluating
ChatterBot Sierra round 7
ChatterBot Mike round 7
2024-10-14 23:06:53.396329 X-ray: We should replace Oscar with Zulu
2024-10-14 23:06:53.402262 Foxtrot: No
2024-10-14 23:06:53.402415 Sierra: No
2024-10-14 23:06:53.402528 Mike: No
ChatterBot X-ray reevaluating
ChatterBot X-ray reevaluating
ChatterBot X-ray reevaluating
2024-10-14 23:06:53.434799 Foxtrot: X-ray, sending you 5
2024-10-14 23:06:53.437674 Foxtrot: Sierra, sending you 7
2024-10-14 23:06:53.439678 Victor: Alpha, sending you 4
2024-10-14 23:06:53.440666 Foxtrot: Mike, sending you 3
2024-10-14 23:06:53.441711 Alpha: Tango, Victor, Romeo and Zulu, sending you 4
2024-10-14 23:06:53.442695 X-ray: Zulu we want you to join our group
2024-10-14 23:06:53.447099 Zulu: No
ChatterBot X-ray reevaluating
2024-10-14 23:06:53.458241 X-ray: We should replace Oscar with Romeo
2024-10-14 23:06:53.465506 Foxtrot: No
2024-10-14 23:06:53.465690 Sierra: No
2024-10-14 23:06:53.465826 Mike: No
ChatterBot X-ray reevaluating
ChatterBot X-ray reevaluating
ChatterBot X-ray reevaluating
2024-10-14 23:06:53.494331 Romeo: Alpha, Tango, Victor and Zulu, sending you 4
2024-10-14 23:06:53.494893 Victor: Tango, sending you 6
2024-10-14 23:06:53.495342 Alpha: Oscar, sending you 3
2024-10-14 23:06:53.496343 X-ray: We should replace Oscar with Victor
2024-10-14 23:06:53.503030 Foxtrot: No
2024-10-14 23:06:53.503207 Sierra: No
2024-10-14 23:06:53.503334 Mike: No
ChatterBot X-ray reevaluating
ChatterBot X-ray reevaluating
ChatterBot X-ray reevaluating
2024-10-14 23:06:53.522857 Romeo: Oscar, sending you 3
2024-10-14 23:06:53.523469 Victor: Romeo and Oscar, sending you 3
2024-10-14 23:06:53.524466 Tango: Alpha and Romeo, sending you 4
2024-10-14 23:06:53.524776 Zulu: Alpha and Romeo, sending you 4
2024-10-14 23:06:53.525214 Oscar: Alpha, Victor, Romeo and Zulu, sending you 3
2024-10-14 23:06:53.525653 Mike: Foxtrot, sending you 5
2024-10-14 23:06:53.525935 Sierra: Foxtrot, sending you 7
2024-10-14 23:06:53.527671 Tango: Victor, sending you 6
2024-10-14 23:06:53.529011 Zulu: Tango, sending you 1
2024-10-14 23:06:53.529948 Victor: Zulu, sending you 2
2024-10-14 23:06:53.531110 Oscar: Tango, sending you 4
2024-10-14 23:06:53.531821 Mike: X-ray, sending you 6
2024-10-14 23:06:53.532284 Sierra: X-ray, sending you 5
2024-10-14 23:06:53.533151 Zulu: Victor, sending you 2
2024-10-14 23:06:53.534091 Tango: Oscar, sending you 5
2024-10-14 23:06:53.537197 Mike: Sierra, sending you 7
2024-10-14 23:06:53.537633 Sierra: Mike, sending you 6
2024-10-14 23:06:53.538707 Zulu: Oscar, sending you 3
2024-10-14 23:06:53.562662 X-ray: Foxtrot, sending you 6
2024-10-14 23:06:53.565663 X-ray: Sierra and Mike, sending you 7
chatterbot Alpha submitting transactions
chatterbot Foxtrot submitting transactions
chatterbot Zulu submitting transactions
chatterbot Romeo submitting transactions
chatterbot Victor submitting transactions
chatterbot Mike submitting transactions
chatterbot Oscar submitting transactions
chatterbot Sierra submitting transactions
chatterbot X-ray submitting transactions
chatterbot Tango submitting transactions
ChatterBot Foxtrot round 8
ChatterBot Alpha round 8
ChatterBot Tango round 8
ChatterBot Victor round 8
ChatterBot X-ray round 8
ChatterBot Romeo round 8
ChatterBot Zulu round 8
ChatterBot Oscar round 8
2024-10-14 23:06:54.579947 Tango: We should add Zulu
2024-10-14 23:06:54.588222 Alpha: Yes
2024-10-14 23:06:54.588387 Victor: Yes
2024-10-14 23:06:54.588516 Romeo: Yes
2024-10-14 23:06:54.588642 Oscar: Yes
ChatterBot Tango reevaluating
ChatterBot Tango reevaluating
ChatterBot Tango reevaluating
ChatterBot Tango reevaluating
ChatterBot Sierra round 8
ChatterBot Mike round 8
2024-10-14 23:06:54.640673 Tango: Zulu we want you to join our group
2024-10-14 23:06:54.643638 Zulu: Yes
ChatterBot Tango reevaluating
2024-10-14 23:06:54.656671 Foxtrot: X-ray, sending you 5
2024-10-14 23:06:54.657704 Alpha: Tango, Victor, Romeo and Zulu, sending you 4
2024-10-14 23:06:54.658832 Oscar: Alpha, Victor, Romeo and Zulu, sending you 3
2024-10-14 23:06:54.659419 Romeo: Alpha, sending you 5
2024-10-14 23:06:54.659923 Zulu: Alpha and Romeo, sending you 4
2024-10-14 23:06:54.660661 X-ray: Foxtrot, sending you 6
2024-10-14 23:06:54.662038 Victor: Alpha and Romeo, sending you 4
2024-10-14 23:06:54.662797 Foxtrot: Sierra, sending you 7
2024-10-14 23:06:54.663657 Alpha: Oscar, sending you 3
2024-10-14 23:06:54.664337 Oscar: Tango, sending you 4
2024-10-14 23:06:54.664897 Romeo: Tango and Zulu, sending you 4
2024-10-14 23:06:54.665904 Zulu: Tango, sending you 1
2024-10-14 23:06:54.666432 X-ray: Sierra and Mike, sending you 7
2024-10-14 23:06:54.666787 Mike: Foxtrot, sending you 5
2024-10-14 23:06:54.667667 Victor: Tango, sending you 5
2024-10-14 23:06:54.668431 Foxtrot: Mike, sending you 3
2024-10-14 23:06:54.669527 Romeo: Victor and Oscar, sending you 3
2024-10-14 23:06:54.670163 Zulu: Victor, sending you 2
2024-10-14 23:06:54.670878 Mike: X-ray, sending you 6
2024-10-14 23:06:54.671385 Victor: Zulu, sending you 2
2024-10-14 23:06:54.672139 Sierra: Foxtrot, sending you 7
2024-10-14 23:06:54.673742 Mike: Sierra, sending you 7
2024-10-14 23:06:54.674665 Victor: Oscar, sending you 3
2024-10-14 23:06:54.675575 Sierra: X-ray, sending you 5
2024-10-14 23:06:54.676002 Zulu: Oscar, sending you 3
2024-10-14 23:06:54.680661 Sierra: Mike, sending you 6
2024-10-14 23:06:54.690676 Tango: Alpha, Romeo and Oscar, sending you 4
2024-10-14 23:06:54.694691 Tango: Victor, sending you 5
2024-10-14 23:06:54.700651 Tango: Zulu, sending you 2
chatterbot Mike submitting transactions
chatterbot Tango submitting transactions
chatterbot X-ray submitting transactions
chatterbot Foxtrot submitting transactions
chatterbot Zulu submitting transactions
chatterbot Alpha submitting transactions
chatterbot Sierra submitting transactions
chatterbot Oscar submitting transactions
chatterbot Victor submitting transactions
chatterbot Romeo submitting transactions
ChatterBot Foxtrot round 9
ChatterBot Alpha round 9
ChatterBot Tango round 9
ChatterBot Victor round 9
ChatterBot X-ray round 9
ChatterBot Romeo round 9
ChatterBot Zulu round 9
ChatterBot Oscar round 9
ChatterBot Sierra round 9
ChatterBot Mike round 9
2024-10-14 23:06:55.817741 X-ray: We should replace Zulu with Victor
2024-10-14 23:06:55.829278 Foxtrot: No
2024-10-14 23:06:55.829499 Sierra: No
2024-10-14 23:06:55.829680 Mike: No
ChatterBot X-ray reevaluating
ChatterBot X-ray reevaluating
2024-10-14 23:06:55.992351 Zulu: Alpha and Romeo, sending you 4
2024-10-14 23:06:55.993818 Romeo: Alpha, Tango, Victor and Zulu, sending you 4
2024-10-14 23:06:55.994892 Tango: Alpha, Romeo and Oscar, sending you 4
2024-10-14 23:06:55.996975 Victor: Alpha, sending you 4
2024-10-14 23:06:55.998703 Foxtrot: X-ray, sending you 5
2024-10-14 23:06:55.999857 Zulu: Tango, sending you 1
2024-10-14 23:06:56.001786 Romeo: Oscar, sending you 3
2024-10-14 23:06:56.003953 Alpha: Tango, Victor, Romeo and Zulu, sending you 4
2024-10-14 23:06:56.006175 Tango: Victor, sending you 5
2024-10-14 23:06:56.008109 Oscar: Alpha, Victor, Romeo and Zulu, sending you 3
2024-10-14 23:06:56.010286 Victor: Tango, sending you 6
2024-10-14 23:06:56.012490 Foxtrot: Sierra, sending you 7
2024-10-14 23:06:56.013568 Zulu: Victor, sending you 2
2024-10-14 23:06:56.015686 Sierra: Foxtrot, sending you 7
2024-10-14 23:06:56.017858 Alpha: Oscar, sending you 3
2024-10-14 23:06:56.020827 Tango: Zulu, sending you 2
2024-10-14 23:06:56.023879 Oscar: Tango, sending you 4
2024-10-14 23:06:56.026949 Mike: Foxtrot, sending you 5
2024-10-14 23:06:56.029037 Victor: Romeo and Oscar, sending you 3
2024-10-14 23:06:56.031916 X-ray: Foxtrot, sending you 6
2024-10-14 23:06:56.034116 Foxtrot: Mike, sending you 3
2024-10-14 23:06:56.036030 Zulu: Oscar, sending you 3
2024-10-14 23:06:56.038092 Sierra: X-ray, sending you 5
2024-10-14 23:06:56.039460 Mike: X-ray, sending you 6
2024-10-14 23:06:56.041248 Victor: Zulu, sending you 2
2024-10-14 23:06:56.043504 X-ray: Sierra and Mike, sending you 7
2024-10-14 23:06:56.045256 Sierra: Mike, sending you 6
2024-10-14 23:06:56.046533 Mike: Sierra, sending you 7
chatterbot Alpha submitting transactions
chatterbot Victor submitting transactions
chatterbot X-ray submitting transactions
chatterbot Mike submitting transactions
chatterbot Zulu submitting transactions
chatterbot Oscar submitting transactions
chatterbot Sierra submitting transactions
chatterbot Tango submitting transactions
chatterbot Foxtrot submitting transactions
chatterbot Romeo submitting transactions
ChatterBot Foxtrot round 10
ChatterBot Alpha round 10
ChatterBot Tango round 10
ChatterBot Victor round 10
ChatterBot X-ray round 10
ChatterBot Romeo round 10
ChatterBot Zulu round 10
ChatterBot Oscar round 10
ChatterBot Sierra round 10
2024-10-14 23:06:57.186830 X-ray: We should replace Zulu with Victor
2024-10-14 23:06:57.193402 Foxtrot: No
2024-10-14 23:06:57.193620 Sierra: No
2024-10-14 23:06:57.193787 Mike: No
ChatterBot X-ray reevaluating
ChatterBot X-ray reevaluating
ChatterBot X-ray reevaluating
ChatterBot Mike round 10
2024-10-14 23:06:57.233682 Romeo: Alpha, Tango and Zulu, sending you 4
2024-10-14 23:06:57.236664 Romeo: Victor, sending you 3
2024-10-14 23:06:57.237689 Alpha: Tango, Victor, Romeo and Zulu, sending you 4
2024-10-14 23:06:57.238661 Tango: Alpha, Romeo and Oscar, sending you 4
2024-10-14 23:06:57.239415 Victor: Alpha and Romeo, sending you 4
2024-10-14 23:06:57.240695 Zulu: Alpha and Romeo, sending you 4
2024-10-14 23:06:57.241521 Romeo: Oscar, sending you 2
2024-10-14 23:06:57.242155 Foxtrot: X-ray, sending you 5
2024-10-14 23:06:57.242591 Oscar: Alpha, Victor, Romeo and Zulu, sending you 3
2024-10-14 23:06:57.243176 X-ray: Foxtrot and Sierra, sending you 2
2024-10-14 23:06:57.243565 Alpha: Oscar, sending you 3
2024-10-14 23:06:57.245191 Tango: Victor, sending you 5
2024-10-14 23:06:57.246250 Victor: Tango, sending you 5
2024-10-14 23:06:57.247236 Zulu: Tango, sending you 1
2024-10-14 23:06:57.248286 Foxtrot: Sierra, sending you 7
2024-10-14 23:06:57.249303 Oscar: Tango, sending you 4
2024-10-14 23:06:57.249900 X-ray: Mike, sending you 3
2024-10-14 23:06:57.250286 Tango: Zulu, sending you 2
2024-10-14 23:06:57.250949 Victor: Zulu, sending you 2
2024-10-14 23:06:57.252084 Zulu: Victor, sending you 2
2024-10-14 23:06:57.253116 Foxtrot: Mike, sending you 3
2024-10-14 23:06:57.253734 Sierra: Foxtrot, sending you 7
2024-10-14 23:06:57.255124 Victor: Oscar, sending you 3
2024-10-14 23:06:57.256652 Zulu: Oscar, sending you 3
2024-10-14 23:06:57.258650 Sierra: X-ray, sending you 5
2024-10-14 23:06:57.259662 Mike: Foxtrot, sending you 5
2024-10-14 23:06:57.263671 Sierra: Mike, sending you 6
2024-10-14 23:06:57.264670 Mike: X-ray, sending you 6
2024-10-14 23:06:57.267675 Mike: Sierra, sending you 7
chatterbot X-ray submitting transactions
chatterbot Tango submitting transactions
chatterbot Alpha submitting transactions
chatterbot Oscar submitting transactions
chatterbot Foxtrot submitting transactions
chatterbot Zulu submitting transactions
chatterbot Sierra submitting transactions
chatterbot Mike submitting transactions
chatterbot Romeo submitting transactions
chatterbot Victor submitting transactions
ChatterBot Foxtrot round 11
ChatterBot Alpha round 11
ChatterBot Tango round 11
ChatterBot Victor round 11
ChatterBot X-ray round 11
ChatterBot Romeo round 11
ChatterBot Zulu round 11
ChatterBot Oscar round 11
ChatterBot Sierra round 11
ChatterBot Mike round 11
2024-10-14 23:06:58.464700 Romeo: We should add Sierra
ChatterBot Victor reevaluating
ChatterBot Tango reevaluating
2024-10-14 23:06:58.481438 Oscar: No
2024-10-14 23:06:58.481651 Victor: No
2024-10-14 23:06:58.482387 Alpha: No
2024-10-14 23:06:58.482542 Tango: No
2024-10-14 23:06:58.482680 Zulu: No
ChatterBot Victor reevaluating
ChatterBot Alpha reevaluating
ChatterBot Tango reevaluating
ChatterBot Romeo reevaluating
ChatterBot Alpha reevaluating
ChatterBot Tango reevaluating
ChatterBot Romeo reevaluating
ChatterBot Victor reevaluating
ChatterBot Tango reevaluating
ChatterBot Romeo reevaluating
ChatterBot Victor reevaluating
ChatterBot Alpha reevaluating
ChatterBot Romeo reevaluating
ChatterBot Victor reevaluating
ChatterBot Alpha reevaluating
ChatterBot Tango reevaluating
2024-10-14 23:06:58.561617 X-ray: We should replace Zulu with Alpha
ChatterBot Mike reevaluating
2024-10-14 23:06:58.568271 Foxtrot: No
2024-10-14 23:06:58.568442 Sierra: No
2024-10-14 23:06:58.568558 Mike: Yes
ChatterBot Mike reevaluating
ChatterBot X-ray reevaluating
ChatterBot Mike reevaluating
ChatterBot X-ray reevaluating
2024-10-14 23:06:58.610696 Foxtrot: X-ray and Mike, sending you 3
2024-10-14 23:06:58.616189 Tango: We should drop Oscar
ChatterBot Alpha reevaluating
ChatterBot Victor reevaluating
ChatterBot Romeo reevaluating
ChatterBot Zulu reevaluating
2024-10-14 23:06:58.631880 Alpha: No
2024-10-14 23:06:58.632058 Victor: No
2024-10-14 23:06:58.632243 Romeo: No
2024-10-14 23:06:58.632429 Zulu: No
ChatterBot Tango reevaluating
ChatterBot Victor reevaluating
ChatterBot Romeo reevaluating
ChatterBot Zulu reevaluating
ChatterBot Tango reevaluating
ChatterBot Alpha reevaluating
ChatterBot Romeo reevaluating
ChatterBot Zulu reevaluating
ChatterBot Tango reevaluating
ChatterBot Alpha reevaluating
ChatterBot Victor reevaluating
ChatterBot Zulu reevaluating
ChatterBot Tango reevaluating
ChatterBot Alpha reevaluating
ChatterBot Victor reevaluating
ChatterBot Romeo reevaluating
2024-10-14 23:06:58.690855 Alpha: We should add Mike
2024-10-14 23:06:58.691107 Victor: We should add Foxtrot
ChatterBot Romeo reevaluating
ChatterBot Victor reevaluating
ChatterBot Tango reevaluating
ChatterBot Zulu reevaluating
2024-10-14 23:06:58.704077 Romeo: No
ChatterBot Romeo reevaluating
2024-10-14 23:06:58.707229 Oscar: No
2024-10-14 23:06:58.710083 Victor: No
ChatterBot Alpha reevaluating
2024-10-14 23:06:58.712961 Tango: No
ChatterBot Tango reevaluating
2024-10-14 23:06:58.715846 Zulu: No
ChatterBot Zulu reevaluating
2024-10-14 23:06:58.718655 Romeo: Yes
2024-10-14 23:06:58.718779 Oscar: No
2024-10-14 23:06:58.718878 Alpha: No
2024-10-14 23:06:58.718977 Tango: No
2024-10-14 23:06:58.719067 Zulu: No
ChatterBot Victor reevaluating
ChatterBot Alpha reevaluating
ChatterBot Tango reevaluating
ChatterBot Zulu reevaluating
ChatterBot Romeo reevaluating
ChatterBot Victor reevaluating
ChatterBot Alpha reevaluating
ChatterBot Tango reevaluating
ChatterBot Zulu reevaluating
ChatterBot Romeo reevaluating
ChatterBot Oscar reevaluating
ChatterBot Alpha reevaluating
ChatterBot Tango reevaluating
ChatterBot Zulu reevaluating
ChatterBot Romeo reevaluating
ChatterBot Oscar reevaluating
ChatterBot Victor reevaluating
ChatterBot Alpha reevaluating
ChatterBot Zulu reevaluating
ChatterBot Romeo reevaluating
ChatterBot Oscar reevaluating
ChatterBot Victor reevaluating
ChatterBot Alpha reevaluating
ChatterBot Tango reevaluating
ChatterBot Oscar reevaluating
ChatterBot Victor reevaluating
ChatterBot Alpha reevaluating
ChatterBot Tango reevaluating
ChatterBot Zulu reevaluating
ChatterBot Romeo reevaluating
ChatterBot Victor reevaluating
ChatterBot Alpha reevaluating
ChatterBot Tango reevaluating
ChatterBot Zulu reevaluating
ChatterBot Romeo reevaluating
ChatterBot Oscar reevaluating
ChatterBot Victor reevaluating
ChatterBot Tango reevaluating
ChatterBot Zulu reevaluating
ChatterBot Romeo reevaluating
ChatterBot Oscar reevaluating
ChatterBot Victor reevaluating
ChatterBot Alpha reevaluating
ChatterBot Zulu reevaluating
ChatterBot Romeo reevaluating
ChatterBot Oscar reevaluating
ChatterBot Victor reevaluating
ChatterBot Alpha reevaluating
ChatterBot Tango reevaluating
2024-10-14 23:06:58.893605 Foxtrot: Sierra, sending you 7
2024-10-14 23:06:58.896862 Mike: Foxtrot, sending you 4
2024-10-14 23:06:58.898678 Sierra: Foxtrot and Mike, sending you 1
2024-10-14 23:06:58.900154 Tango: We should drop Romeo
ChatterBot Alpha reevaluating
ChatterBot Oscar reevaluating
2024-10-14 23:06:58.921854 Alpha: No
2024-10-14 23:06:58.923083 Victor: No
2024-10-14 23:06:58.923305 Zulu: No
2024-10-14 23:06:58.923541 Oscar: No
ChatterBot Tango reevaluating
ChatterBot Victor reevaluating
ChatterBot Oscar reevaluating
ChatterBot Tango reevaluating
ChatterBot Alpha reevaluating
ChatterBot Oscar reevaluating
ChatterBot Tango reevaluating
ChatterBot Alpha reevaluating
ChatterBot Victor reevaluating
ChatterBot Oscar reevaluating
ChatterBot Tango reevaluating
ChatterBot Alpha reevaluating
ChatterBot Victor reevaluating
2024-10-14 23:06:58.978240 Mike: Alpha, sending you 2
2024-10-14 23:06:58.978973 Zulu: We should drop Tango
ChatterBot Alpha reevaluating
ChatterBot Victor reevaluating
ChatterBot Oscar reevaluating
2024-10-14 23:06:58.989076 Alpha: No
2024-10-14 23:06:58.989173 Victor: No
2024-10-14 23:06:58.989256 Romeo: No
2024-10-14 23:06:58.989356 Oscar: No
ChatterBot Victor reevaluating
ChatterBot Romeo reevaluating
ChatterBot Oscar reevaluating
ChatterBot Alpha reevaluating
ChatterBot Romeo reevaluating
ChatterBot Oscar reevaluating
ChatterBot Alpha reevaluating
ChatterBot Victor reevaluating
ChatterBot Oscar reevaluating
ChatterBot Alpha reevaluating
ChatterBot Victor reevaluating
ChatterBot Romeo reevaluating
2024-10-14 23:06:59.033029 Mike: X-ray, sending you 5
2024-10-14 23:06:59.033691 Tango: We should drop Alpha
ChatterBot Romeo reevaluating
ChatterBot Oscar reevaluating
2024-10-14 23:06:59.043407 Victor: No
2024-10-14 23:06:59.043938 Romeo: No
2024-10-14 23:06:59.044034 Zulu: No
2024-10-14 23:06:59.044128 Oscar: No
ChatterBot Tango reevaluating
ChatterBot Romeo reevaluating
ChatterBot Oscar reevaluating
ChatterBot Tango reevaluating
ChatterBot Oscar reevaluating
ChatterBot Tango reevaluating
ChatterBot Romeo reevaluating
ChatterBot Oscar reevaluating
ChatterBot Tango reevaluating
ChatterBot Romeo reevaluating
chatterbot Mike submitting transactions
2024-10-14 23:06:59.089581 Mike: Sierra, sending you 7
2024-10-14 23:06:59.090283 Alpha: Foxtrot we want you to join our group
2024-10-14 23:06:59.094056 Foxtrot: No
ChatterBot Tango reevaluating
ChatterBot Romeo reevaluating
2024-10-14 23:06:59.112903 Tango: We should drop Zulu
ChatterBot Alpha reevaluating
ChatterBot Romeo reevaluating
2024-10-14 23:06:59.125549 Alpha: No
2024-10-14 23:06:59.125760 Victor: No
2024-10-14 23:06:59.125898 Romeo: No
2024-10-14 23:06:59.126026 Oscar: No
ChatterBot Tango reevaluating
ChatterBot Romeo reevaluating
ChatterBot Tango reevaluating
ChatterBot Alpha reevaluating
ChatterBot Romeo reevaluating
ChatterBot Tango reevaluating
ChatterBot Alpha reevaluating
ChatterBot Victor reevaluating
ChatterBot Tango reevaluating
ChatterBot Alpha reevaluating
ChatterBot Victor reevaluating
ChatterBot Romeo reevaluating
2024-10-14 23:06:59.176416 Zulu: Alpha, Romeo and Oscar, sending you 3
