ChatterBot Yankee round 1
ChatterBot Foxtrot round 1
ChatterBot Alpha round 1
ChatterBot Mike round 1
ChatterBot Whiskey round 1
ChatterBot Golf round 1
ChatterBot Echo round 1
ChatterBot Juliett round 1
ChatterBot Bravo round 1
ChatterBot Oscar round 1
randomSelections Alpha: {Alpha, Oscar, Mike, Bravo, Golf, Foxtrot, Whiskey, Yankee} 
2024-10-14 23:06:43.650315 Alpha: We would work well together
ChatterBot Oscar reevaluating
ChatterBot Mike reevaluating
ChatterBot Bravo reevaluating
ChatterBot Golf reevaluating
ChatterBot Foxtrot reevaluating
ChatterBot Whiskey reevaluating
ChatterBot Yankee reevaluating
2024-10-14 23:06:43.738693 Oscar: Yes
2024-10-14 23:06:43.739182 Mike: Yes
2024-10-14 23:06:43.739355 Bravo: Yes
2024-10-14 23:06:43.739664 Golf: Yes
2024-10-14 23:06:43.739784 Foxtrot: Yes
2024-10-14 23:06:43.740783 Whiskey: Yes
2024-10-14 23:06:43.741094 Yankee: Yes
ChatterBot Mike reevaluating
ChatterBot Bravo reevaluating
ChatterBot Golf reevaluating
ChatterBot Foxtrot reevaluating
ChatterBot Whiskey reevaluating
ChatterBot Yankee reevaluating
ChatterBot Oscar reevaluating
ChatterBot Bravo reevaluating
ChatterBot Golf reevaluating
ChatterBot Foxtrot reevaluating
ChatterBot Whiskey reevaluating
ChatterBot Yankee reevaluating
ChatterBot Oscar reevaluating
ChatterBot Mike reevaluating
ChatterBot Golf reevaluating
ChatterBot Foxtrot reevaluating
ChatterBot Whiskey reevaluating
ChatterBot Yankee reevaluating
ChatterBot Oscar reevaluating
ChatterBot Mike reevaluating
ChatterBot Bravo reevaluating
ChatterBot Foxtrot reevaluating
ChatterBot Whiskey reevaluating
ChatterBot Yankee reevaluating
ChatterBot Oscar reevaluating
ChatterBot Mike reevaluating
ChatterBot Bravo reevaluating
ChatterBot Golf reevaluating
ChatterBot Whiskey reevaluating
ChatterBot Yankee reevaluating
ChatterBot Oscar reevaluating
ChatterBot Mike reevaluating
ChatterBot Bravo reevaluating
ChatterBot Golf reevaluating
ChatterBot Foxtrot reevaluating
ChatterBot Yankee reevaluating
ChatterBot Oscar reevaluating
ChatterBot Mike reevaluating
ChatterBot Bravo reevaluating
ChatterBot Golf reevaluating
ChatterBot Foxtrot reevaluating
ChatterBot Whiskey reevaluating
randomSelections Echo: {Echo, Bravo, Juliett, Whiskey, Mike, Alpha, Oscar, Foxtrot} 
2024-10-14 23:06:43.822281 Echo: Friends?
ChatterBot Bravo reevaluating
ChatterBot Juliett reevaluating
ChatterBot Whiskey reevaluating
ChatterBot Mike reevaluating
ChatterBot Oscar reevaluating
ChatterBot Foxtrot reevaluating
2024-10-14 23:06:43.832188 Bravo: No
2024-10-14 23:06:43.832971 Juliett: Yes
2024-10-14 23:06:43.833130 Whiskey: No
2024-10-14 23:06:43.833268 Mike: No
2024-10-14 23:06:43.833458 Alpha: No
2024-10-14 23:06:43.833665 Oscar: No
2024-10-14 23:06:43.833867 Foxtrot: No
ChatterBot Juliett reevaluating
ChatterBot Whiskey reevaluating
ChatterBot Mike reevaluating
ChatterBot Oscar reevaluating
ChatterBot Foxtrot reevaluating
ChatterBot Bravo reevaluating
ChatterBot Whiskey reevaluating
ChatterBot Mike reevaluating
ChatterBot Oscar reevaluating
ChatterBot Foxtrot reevaluating
ChatterBot Bravo reevaluating
ChatterBot Juliett reevaluating
ChatterBot Mike reevaluating
ChatterBot Oscar reevaluating
ChatterBot Foxtrot reevaluating
ChatterBot Bravo reevaluating
ChatterBot Juliett reevaluating
ChatterBot Whiskey reevaluating
ChatterBot Oscar reevaluating
ChatterBot Foxtrot reevaluating
ChatterBot Bravo reevaluating
ChatterBot Juliett reevaluating
ChatterBot Whiskey reevaluating
ChatterBot Mike reevaluating
ChatterBot Oscar reevaluating
ChatterBot Foxtrot reevaluating
ChatterBot Bravo reevaluating
ChatterBot Juliett reevaluating
ChatterBot Whiskey reevaluating
ChatterBot Mike reevaluating
ChatterBot Foxtrot reevaluating
ChatterBot Bravo reevaluating
ChatterBot Juliett reevaluating
ChatterBot Whiskey reevaluating
ChatterBot Mike reevaluating
ChatterBot Oscar reevaluating
2024-10-14 23:06:43.962809 Alpha: Yankee and Oscar, sending you 2
2024-10-14 23:06:43.964595 Oscar: Yankee, Alpha, Golf and Bravo, sending you 2
2024-10-14 23:06:43.967264 Alpha: Foxtrot and Golf, sending you 1
2024-10-14 23:06:43.973179 Golf: Yankee, Mike and Bravo, sending you 2
2024-10-14 23:06:43.975811 Echo: Foxtrot, Mike, Juliett, Bravo and Oscar, sending you 2
2024-10-14 23:06:43.977005 Oscar: Foxtrot and Mike, sending you 1
2024-10-14 23:06:43.979343 Yankee: Foxtrot, sending you 3
2024-10-14 23:06:43.980326 Foxtrot: Alpha and Mike, sending you 1
2024-10-14 23:06:43.982665 Alpha: Mike, sending you 5
2024-10-14 23:06:43.983756 Juliett: Foxtrot, Echo and Oscar, sending you 1
2024-10-14 23:06:43.985903 Bravo: Foxtrot and Whiskey, sending you 3
2024-10-14 23:06:43.987124 Whiskey: Alpha and Bravo, sending you 2
2024-10-14 23:06:43.989618 Mike: Yankee, Alpha and Whiskey, sending you 3
2024-10-14 23:06:43.991001 Echo: Alpha, sending you 4
2024-10-14 23:06:43.992877 Golf: Foxtrot and Oscar, sending you 1
2024-10-14 23:06:44.010690 Oscar: Whiskey, sending you 3
2024-10-14 23:06:44.013175 Yankee: Alpha, Mike, Golf and Bravo, sending you 2
2024-10-14 23:06:44.014707 Foxtrot: Whiskey, sending you 4
2024-10-14 23:06:44.017510 Alpha: Whiskey and Bravo, sending you 4
2024-10-14 23:06:44.018839 Juliett: Alpha, Mike and Bravo, sending you 3
2024-10-14 23:06:44.021285 Bravo: Alpha and Oscar, sending you 2
2024-10-14 23:06:44.023752 Whiskey: Mike, sending you 1
2024-10-14 23:06:44.025207 Mike: Foxtrot, sending you 1
2024-10-14 23:06:44.028028 Echo: Whiskey, sending you 3
2024-10-14 23:06:44.029128 Golf: Alpha, sending you 3
2024-10-14 23:06:44.031344 Yankee: Whiskey, sending you 1
2024-10-14 23:06:44.033924 Juliett: Whiskey, sending you 2
2024-10-14 23:06:44.034694 Bravo: Mike, sending you 1
2024-10-14 23:06:44.035452 Mike: Golf, Bravo and Oscar, sending you 2
2024-10-14 23:06:44.037884 Golf: Whiskey, sending you 5
2024-10-14 23:06:44.041195 Yankee: Oscar, sending you 5
2024-10-14 23:06:44.042340 Bravo: Golf, sending you 4
chatterbot Alpha submitting transactions
chatterbot Echo submitting transactions
chatterbot Mike submitting transactions
chatterbot Oscar submitting transactions
chatterbot Golf submitting transactions
chatterbot Yankee submitting transactions
chatterbot Foxtrot submitting transactions
chatterbot Whiskey submitting transactions
chatterbot Juliett submitting transactions
chatterbot Bravo submitting transactions
ChatterBot Yankee round 2
ChatterBot Foxtrot round 2
ChatterBot Alpha round 2
ChatterBot Mike round 2
ChatterBot Whiskey round 2
2024-10-14 23:06:45.305946 Alpha: Friends?
ChatterBot Mike reevaluating
ChatterBot Whiskey reevaluating
ChatterBot Golf reevaluating
ChatterBot Bravo reevaluating
ChatterBot Oscar reevaluating
ChatterBot Echo reevaluating
ChatterBot Juliett reevaluating
2024-10-14 23:06:45.426680 Yankee: No
2024-10-14 23:06:45.426940 Mike: No
2024-10-14 23:06:45.427510 Whiskey: No
2024-10-14 23:06:45.427687 Golf: No
2024-10-14 23:06:45.427842 Bravo: No
2024-10-14 23:06:45.428022 Oscar: No
2024-10-14 23:06:45.428703 Echo: No
2024-10-14 23:06:45.428885 Juliett: No
ChatterBot Mike reevaluating
ChatterBot Whiskey reevaluating
ChatterBot Golf reevaluating
ChatterBot Bravo reevaluating
ChatterBot Oscar reevaluating
ChatterBot Echo reevaluating
ChatterBot Juliett reevaluating
ChatterBot Whiskey reevaluating
ChatterBot Golf reevaluating
ChatterBot Bravo reevaluating
ChatterBot Oscar reevaluating
ChatterBot Echo reevaluating
ChatterBot Juliett reevaluating
ChatterBot Mike reevaluating
ChatterBot Golf reevaluating
ChatterBot Bravo reevaluating
ChatterBot Oscar reevaluating
ChatterBot Echo reevaluating
ChatterBot Juliett reevaluating
ChatterBot Mike reevaluating
ChatterBot Whiskey reevaluating
ChatterBot Bravo reevaluating
ChatterBot Oscar reevaluating
ChatterBot Echo reevaluating
ChatterBot Juliett reevaluating
ChatterBot Alpha reevaluating
ChatterBot Mike reevaluating
ChatterBot Whiskey reevaluating
ChatterBot Golf reevaluating
ChatterBot Oscar reevaluating
ChatterBot Echo reevaluating
ChatterBot Juliett reevaluating
ChatterBot Alpha reevaluating
ChatterBot Mike reevaluating
ChatterBot Whiskey reevaluating
ChatterBot Golf reevaluating
ChatterBot Bravo reevaluating
ChatterBot Echo reevaluating
ChatterBot Juliett reevaluating
ChatterBot Alpha reevaluating
ChatterBot Mike reevaluating
ChatterBot Whiskey reevaluating
ChatterBot Golf reevaluating
ChatterBot Bravo reevaluating
ChatterBot Oscar reevaluating
ChatterBot Juliett reevaluating
ChatterBot Alpha reevaluating
ChatterBot Mike reevaluating
ChatterBot Whiskey reevaluating
ChatterBot Golf reevaluating
ChatterBot Bravo reevaluating
ChatterBot Oscar reevaluating
ChatterBot Echo reevaluating
ChatterBot Golf round 2
ChatterBot Echo round 2
ChatterBot Juliett round 2
ChatterBot Bravo round 2
ChatterBot Oscar round 2
2024-10-14 23:06:46.277373 Yankee: We should drop Foxtrot
ChatterBot Alpha reevaluating
ChatterBot Mike reevaluating
ChatterBot Whiskey reevaluating
ChatterBot Golf reevaluating
ChatterBot Bravo reevaluating
ChatterBot Oscar reevaluating
2024-10-14 23:06:46.307875 Alpha: Yes
2024-10-14 23:06:46.308737 Mike: Yes
2024-10-14 23:06:46.308969 Whiskey: No
2024-10-14 23:06:46.309120 Golf: No
2024-10-14 23:06:46.309244 Bravo: Yes
2024-10-14 23:06:46.309411 Oscar: Yes
ChatterBot Mike reevaluating
ChatterBot Whiskey reevaluating
ChatterBot Golf reevaluating
ChatterBot Bravo reevaluating
ChatterBot Oscar reevaluating
ChatterBot Alpha reevaluating
ChatterBot Whiskey reevaluating
ChatterBot Golf reevaluating
ChatterBot Bravo reevaluating
ChatterBot Oscar reevaluating
ChatterBot Alpha reevaluating
ChatterBot Mike reevaluating
ChatterBot Golf reevaluating
ChatterBot Bravo reevaluating
ChatterBot Oscar reevaluating
ChatterBot Alpha reevaluating
ChatterBot Mike reevaluating
ChatterBot Whiskey reevaluating
ChatterBot Bravo reevaluating
ChatterBot Oscar reevaluating
ChatterBot Alpha reevaluating
ChatterBot Mike reevaluating
ChatterBot Whiskey reevaluating
ChatterBot Golf reevaluating
ChatterBot Oscar reevaluating
ChatterBot Alpha reevaluating
ChatterBot Mike reevaluating
ChatterBot Whiskey reevaluating
ChatterBot Golf reevaluating
ChatterBot Bravo reevaluating
2024-10-14 23:06:46.476857 Mike: We should replace Foxtrot with Juliett
ChatterBot Alpha reevaluating
ChatterBot Golf reevaluating
ChatterBot Bravo reevaluating
ChatterBot Oscar reevaluating
2024-10-14 23:06:46.501532 Yankee: No
2024-10-14 23:06:46.501740 Alpha: Yes
2024-10-14 23:06:46.501858 Whiskey: No
2024-10-14 23:06:46.501967 Golf: No
2024-10-14 23:06:46.502064 Bravo: Yes
2024-10-14 23:06:46.502169 Oscar: Yes
ChatterBot Alpha reevaluating
ChatterBot Mike reevaluating
ChatterBot Golf reevaluating
ChatterBot Bravo reevaluating
ChatterBot Oscar reevaluating
ChatterBot Mike reevaluating
ChatterBot Golf reevaluating
ChatterBot Bravo reevaluating
ChatterBot Oscar reevaluating
ChatterBot Alpha reevaluating
ChatterBot Mike reevaluating
ChatterBot Golf reevaluating
ChatterBot Bravo reevaluating
ChatterBot Oscar reevaluating
ChatterBot Alpha reevaluating
ChatterBot Mike reevaluating
ChatterBot Bravo reevaluating
ChatterBot Oscar reevaluating
ChatterBot Alpha reevaluating
ChatterBot Mike reevaluating
ChatterBot Golf reevaluating
ChatterBot Oscar reevaluating
ChatterBot Alpha reevaluating
ChatterBot Mike reevaluating
ChatterBot Whiskey reevaluating
ChatterBot Golf reevaluating
ChatterBot Bravo reevaluating
chatterbot Yankee submitting transactions
chatterbot Foxtrot submitting transactions
2024-10-14 23:06:47.153929 Alpha: Echo we want you to join our group
2024-10-14 23:06:47.189231 Echo: No
ChatterBot Alpha reevaluating
ChatterBot Whiskey reevaluating
ChatterBot Golf reevaluating
2024-10-14 23:06:47.220701 Whiskey: We should replace Foxtrot with Echo
ChatterBot Alpha reevaluating
ChatterBot Golf reevaluating
2024-10-14 23:06:47.245017 Yankee: No
2024-10-14 23:06:47.245302 Alpha: Yes
2024-10-14 23:06:47.245523 Mike: No
2024-10-14 23:06:47.246278 Golf: Yes
2024-10-14 23:06:47.246669 Bravo: Yes
2024-10-14 23:06:47.246969 Oscar: Yes
ChatterBot Alpha reevaluating
ChatterBot Whiskey reevaluating
ChatterBot Golf reevaluating
ChatterBot Whiskey reevaluating
ChatterBot Golf reevaluating
ChatterBot Alpha reevaluating
ChatterBot Whiskey reevaluating
ChatterBot Golf reevaluating
ChatterBot Alpha reevaluating
ChatterBot Whiskey reevaluating
ChatterBot Alpha reevaluating
ChatterBot Whiskey reevaluating
ChatterBot Golf reevaluating
ChatterBot Alpha reevaluating
ChatterBot Whiskey reevaluating
ChatterBot Golf reevaluating
2024-10-14 23:06:47.466060 Foxtrot: Yankee and Bravo, sending you 5
2024-10-14 23:06:47.467945 Mike: Juliett we want you to join our group
2024-10-14 23:06:47.475717 Juliett: No
ChatterBot Alpha reevaluating
ChatterBot Whiskey reevaluating
2024-10-14 23:06:47.521278 Foxtrot: Alpha, Mike and Golf, sending you 2
2024-10-14 23:06:47.522577 Oscar: Yankee, sending you 4
2024-10-14 23:06:47.523833 Juliett: Foxtrot, sending you 6
2024-10-14 23:06:47.524103 Yankee: Alpha, Golf and Oscar, sending you 4
2024-10-14 23:06:47.524555 Echo: Sending you 14
2024-10-14 23:06:47.525440 Bravo: Yankee, Mike, Whiskey, Golf, Juliett and Oscar, sending you 2
2024-10-14 23:06:47.525974 Foxtrot: Oscar, sending you 1
2024-10-14 23:06:47.527102 Oscar: Alpha, Mike, Echo and Bravo, sending you 3
2024-10-14 23:06:47.527636 Yankee: Mike, sending you 5
2024-10-14 23:06:47.581729 Juliett: Echo, sending you 8
2024-10-14 23:06:47.582193 Bravo: Alpha, sending you 3
2024-10-14 23:06:47.583529 Oscar: Golf and Juliett, sending you 2
chatterbot Mike submitting transactions
chatterbot Echo submitting transactions
2024-10-14 23:06:47.603214 Golf: Yankee, Mike and Oscar, sending you 3
2024-10-14 23:06:47.603636 Mike: Yankee, Golf and Juliett, sending you 3
2024-10-14 23:06:47.604571 Alpha: Yankee, Whiskey and Bravo, sending you 2
2024-10-14 23:06:47.627767 Golf: Alpha, sending you 2
2024-10-14 23:06:47.628880 Mike: Alpha, sending you 4
2024-10-14 23:06:47.629248 Alpha: Mike, Golf, Echo and Juliett, sending you 3
2024-10-14 23:06:47.630195 Whiskey: Yankee, sending you 1
2024-10-14 23:06:47.639474 Golf: Whiskey, sending you 1
2024-10-14 23:06:47.640530 Mike: Whiskey, Bravo and Oscar, sending you 2
2024-10-14 23:06:47.640903 Alpha: Oscar, sending you 1
2024-10-14 23:06:47.641307 Whiskey: Alpha, sending you 3
2024-10-14 23:06:47.648417 Golf: Bravo, sending you 4
2024-10-14 23:06:47.648829 Whiskey: Mike, Bravo and Oscar, sending you 2
2024-10-14 23:06:47.653796 Whiskey: Golf, sending you 4
chatterbot Alpha submitting transactions
chatterbot Juliett submitting transactions
chatterbot Oscar submitting transactions
chatterbot Bravo submitting transactions
chatterbot Golf submitting transactions
chatterbot Whiskey submitting transactions
ChatterBot Yankee round 3
ChatterBot Foxtrot round 3
ChatterBot Alpha round 3
ChatterBot Mike round 3
ChatterBot Whiskey round 3
ChatterBot Golf round 3
2024-10-14 23:06:50.316510 Yankee: We should add Foxtrot
ChatterBot Alpha reevaluating
ChatterBot Mike reevaluating
ChatterBot Whiskey reevaluating
ChatterBot Golf reevaluating
2024-10-14 23:06:50.341548 Alpha: Yes
2024-10-14 23:06:50.342432 Mike: Yes
2024-10-14 23:06:50.342646 Whiskey: Yes
2024-10-14 23:06:50.342862 Golf: Yes
2024-10-14 23:06:50.343074 Bravo: No
2024-10-14 23:06:50.343328 Oscar: No
ChatterBot Mike reevaluating
ChatterBot Whiskey reevaluating
ChatterBot Golf reevaluating
ChatterBot Alpha reevaluating
ChatterBot Whiskey reevaluating
ChatterBot Golf reevaluating
ChatterBot Alpha reevaluating
ChatterBot Mike reevaluating
ChatterBot Golf reevaluating
ChatterBot Alpha reevaluating
ChatterBot Mike reevaluating
ChatterBot Whiskey reevaluating
ChatterBot Alpha reevaluating
ChatterBot Mike reevaluating
ChatterBot Whiskey reevaluating
ChatterBot Golf reevaluating
ChatterBot Alpha reevaluating
ChatterBot Mike reevaluating
ChatterBot Whiskey reevaluating
ChatterBot Golf reevaluating
ChatterBot Echo round 3
ChatterBot Juliett round 3
2024-10-14 23:06:50.487011 Foxtrot: Friends?
2024-10-14 23:06:50.493832 Juliett: Yes
2024-10-14 23:06:50.493989 Echo: No
ChatterBot Bravo round 3
ChatterBot Oscar round 3
2024-10-14 23:06:50.535319 Yankee: Foxtrot we want you to join our group
2024-10-14 23:06:50.541072 Foxtrot: No
ChatterBot Alpha reevaluating
ChatterBot Oscar reevaluating
ChatterBot Mike reevaluating
ChatterBot Bravo reevaluating
ChatterBot Golf reevaluating
ChatterBot Whiskey reevaluating
2024-10-14 23:06:50.584206 Oscar: We should add Foxtrot
ChatterBot Alpha reevaluating
ChatterBot Mike reevaluating
ChatterBot Whiskey reevaluating
ChatterBot Golf reevaluating
ChatterBot Bravo reevaluating
2024-10-14 23:06:50.629953 Alpha: Yes
2024-10-14 23:06:50.630253 Yankee: Yes
2024-10-14 23:06:50.630411 Mike: Yes
2024-10-14 23:06:50.630623 Whiskey: Yes
2024-10-14 23:06:50.630815 Golf: Yes
2024-10-14 23:06:50.630978 Bravo: Yes
2024-10-14 23:06:50.631564 Echo: No
2024-10-14 23:06:50.631720 Juliett: Yes
ChatterBot Mike reevaluating
ChatterBot Whiskey reevaluating
ChatterBot Golf reevaluating
ChatterBot Bravo reevaluating
ChatterBot Oscar reevaluating
ChatterBot Alpha reevaluating
ChatterBot Mike reevaluating
ChatterBot Whiskey reevaluating
ChatterBot Golf reevaluating
ChatterBot Bravo reevaluating
ChatterBot Oscar reevaluating
ChatterBot Alpha reevaluating
ChatterBot Whiskey reevaluating
ChatterBot Golf reevaluating
ChatterBot Bravo reevaluating
ChatterBot Oscar reevaluating
ChatterBot Alpha reevaluating
ChatterBot Mike reevaluating
ChatterBot Golf reevaluating
ChatterBot Bravo reevaluating
ChatterBot Oscar reevaluating
ChatterBot Alpha reevaluating
ChatterBot Mike reevaluating
ChatterBot Whiskey reevaluating
ChatterBot Bravo reevaluating
ChatterBot Oscar reevaluating
ChatterBot Alpha reevaluating
ChatterBot Mike reevaluating
ChatterBot Whiskey reevaluating
ChatterBot Golf reevaluating
ChatterBot Oscar reevaluating
ChatterBot Alpha reevaluating
ChatterBot Mike reevaluating
ChatterBot Whiskey reevaluating
ChatterBot Golf reevaluating
ChatterBot Bravo reevaluating
ChatterBot Oscar reevaluating
ChatterBot Alpha reevaluating
ChatterBot Mike reevaluating
ChatterBot Whiskey reevaluating
ChatterBot Golf reevaluating
ChatterBot Bravo reevaluating
ChatterBot Oscar reevaluating
ChatterBot Echo reevaluating
2024-10-14 23:06:50.934355 Echo: We should add Oscar
ChatterBot Juliett reevaluating
2024-10-14 23:06:50.938651 Juliett: No
ChatterBot Echo reevaluating
2024-10-14 23:06:50.942769 Golf: We should replace Echo with Foxtrot
ChatterBot Alpha reevaluating
ChatterBot Mike reevaluating
ChatterBot Whiskey reevaluating
ChatterBot Bravo reevaluating
ChatterBot Oscar reevaluating
2024-10-14 23:06:51.039952 Yankee: Yes
2024-10-14 23:06:51.040127 Alpha: Yes
2024-10-14 23:06:51.041846 Mike: Yes
2024-10-14 23:06:51.041987 Whiskey: Yes
2024-10-14 23:06:51.042117 Bravo: Yes
2024-10-14 23:06:51.042244 Oscar: No
ChatterBot Alpha reevaluating
ChatterBot Mike reevaluating
ChatterBot Whiskey reevaluating
ChatterBot Golf reevaluating
ChatterBot Bravo reevaluating
ChatterBot Oscar reevaluating
ChatterBot Mike reevaluating
ChatterBot Whiskey reevaluating
ChatterBot Golf reevaluating
ChatterBot Bravo reevaluating
ChatterBot Oscar reevaluating
ChatterBot Alpha reevaluating
ChatterBot Whiskey reevaluating
ChatterBot Golf reevaluating
ChatterBot Bravo reevaluating
ChatterBot Oscar reevaluating
ChatterBot Alpha reevaluating
ChatterBot Mike reevaluating
ChatterBot Golf reevaluating
ChatterBot Bravo reevaluating
ChatterBot Oscar reevaluating
ChatterBot Alpha reevaluating
ChatterBot Mike reevaluating
ChatterBot Whiskey reevaluating
ChatterBot Golf reevaluating
ChatterBot Oscar reevaluating
ChatterBot Alpha reevaluating
ChatterBot Mike reevaluating
ChatterBot Whiskey reevaluating
ChatterBot Golf reevaluating
ChatterBot Bravo reevaluating
2024-10-14 23:06:51.208305 Golf: Foxtrot we want you to join our group
2024-10-14 23:06:51.211865 Foxtrot: No
ChatterBot Oscar reevaluating
2024-10-14 23:06:51.228956 Mike: Foxtrot we want you to join our group
2024-10-14 23:06:51.231750 Foxtrot: No
ChatterBot Oscar reevaluating
2024-10-14 23:06:51.249749 Whiskey: Foxtrot we want you to join our group
2024-10-14 23:06:51.252772 Foxtrot: No
ChatterBot Oscar reevaluating
chatterbot Foxtrot submitting transactions
2024-10-14 23:06:51.278433 Yankee: Foxtrot, Mike and Golf, sending you 3
2024-10-14 23:06:51.282142 Alpha: Yankee, Whiskey, Bravo and Oscar, sending you 3
2024-10-14 23:06:51.283847 Foxtrot: Echo, sending you 4
2024-10-14 23:06:51.285719 Bravo: Foxtrot, Alpha and Golf, sending you 3
2024-10-14 23:06:51.287470 Oscar: Foxtrot we want you to join our group
2024-10-14 23:06:51.292917 Foxtrot: No
ChatterBot Oscar reevaluating
2024-10-14 23:06:51.318645 Yankee: Alpha, sending you 2
2024-10-14 23:06:51.319743 Alpha: Foxtrot, sending you 1
2024-10-14 23:06:51.320241 Foxtrot: Juliett, sending you 13
2024-10-14 23:06:51.320483 Bravo: Mike, Whiskey and Oscar, sending you 2
2024-10-14 23:06:51.321053 Echo: Sending you 16
2024-10-14 23:06:51.322971 Whiskey: Yankee and Oscar, sending you 1
2024-10-14 23:06:51.323694 Yankee: Whiskey and Bravo, sending you 1
2024-10-14 23:06:51.324302 Alpha: Mike, sending you 4
2024-10-14 23:06:51.324863 Juliett: Foxtrot, sending you 6
2024-10-14 23:06:51.325107 Golf: Yankee, Whiskey and Bravo, sending you 3
2024-10-14 23:06:51.325587 Mike: Yankee, Golf and Oscar, sending you 3
2024-10-14 23:06:51.327680 Whiskey: Foxtrot, Mike, Golf and Bravo, sending you 2
2024-10-14 23:06:51.328234 Yankee: Oscar, sending you 4
2024-10-14 23:06:51.328724 Alpha: Golf, sending you 2
2024-10-14 23:06:51.329176 Juliett: Echo, sending you 8
2024-10-14 23:06:51.329837 Golf: Foxtrot, sending you 1
2024-10-14 23:06:51.330658 Mike: Foxtrot, Whiskey and Bravo, sending you 2
2024-10-14 23:06:51.331680 Whiskey: Alpha, sending you 4
2024-10-14 23:06:51.332914 Golf: Alpha, Mike and Oscar, sending you 2
2024-10-14 23:06:51.335668 Mike: Alpha, sending you 4
2024-10-14 23:06:51.342887 Oscar: Yankee, sending you 4
2024-10-14 23:06:51.345660 Oscar: Foxtrot and Whiskey, sending you 2
2024-10-14 23:06:51.350677 Oscar: Alpha, Mike, Golf and Bravo, sending you 3
chatterbot Whiskey submitting transactions
chatterbot Mike submitting transactions
chatterbot Alpha submitting transactions
chatterbot Echo submitting transactions
chatterbot Yankee submitting transactions
chatterbot Juliett submitting transactions
chatterbot Golf submitting transactions
chatterbot Oscar submitting transactions
chatterbot Bravo submitting transactions
ChatterBot Yankee round 4
ChatterBot Foxtrot round 4
ChatterBot Alpha round 4
ChatterBot Mike round 4
ChatterBot Whiskey round 4
ChatterBot Golf round 4
ChatterBot Echo round 4
ChatterBot Juliett round 4
ChatterBot Bravo round 4
ChatterBot Oscar round 4
2024-10-14 23:06:52.353631 Echo: We should add Foxtrot
ChatterBot Juliett reevaluating
2024-10-14 23:06:52.355979 Juliett: Yes
2024-10-14 23:06:52.364820 Foxtrot: Yankee and Mike, sending you 2
2024-10-14 23:06:52.365653 Echo: Foxtrot we want you to join our group
2024-10-14 23:06:52.368234 Foxtrot: Yes
2024-10-14 23:06:52.373100 Alpha: Yankee, Bravo and Oscar, sending you 3
2024-10-14 23:06:52.373998 Mike: Yankee, Whiskey, Golf and Oscar, sending you 3
2024-10-14 23:06:52.374771 Foxtrot: Alpha, Whiskey, Golf, Echo and Oscar, sending you 1
2024-10-14 23:06:52.377663 Alpha: Mike and Whiskey, sending you 4
2024-10-14 23:06:52.378560 Mike: Foxtrot, sending you 1
2024-10-14 23:06:52.379687 Yankee: Foxtrot, sending you 2
2024-10-14 23:06:52.380490 Oscar: Yankee, sending you 4
2024-10-14 23:06:52.381662 Foxtrot: Juliett, sending you 5
2024-10-14 23:06:52.382233 Juliett: Sending you each 7
2024-10-14 23:06:52.382560 Golf: Yankee, Mike and Bravo, sending you 3
2024-10-14 23:06:52.383850 Whiskey: Yankee, sending you 1
2024-10-14 23:06:52.384516 Alpha: Golf, sending you 2
2024-10-14 23:06:52.385361 Mike: Alpha, sending you 4
2024-10-14 23:06:52.386597 Yankee: Alpha, Mike and Golf, sending you 3
2024-10-14 23:06:52.387486 Oscar: Foxtrot and Whiskey, sending you 2
2024-10-14 23:06:52.388838 Foxtrot: Bravo, sending you 3
2024-10-14 23:06:52.389436 Golf: Foxtrot, sending you 1
2024-10-14 23:06:52.390290 Whiskey: Alpha, Golf and Bravo, sending you 3
2024-10-14 23:06:52.391322 Mike: Bravo, sending you 2
2024-10-14 23:06:52.392222 Yankee: Whiskey and Bravo, sending you 1
2024-10-14 23:06:52.393668 Oscar: Alpha, Mike, Golf and Bravo, sending you 3
2024-10-14 23:06:52.394308 Bravo: Foxtrot, Mike and Whiskey, sending you 2
2024-10-14 23:06:52.394908 Echo: Foxtrot, sending you 4
2024-10-14 23:06:52.395482 Golf: Alpha, Whiskey and Oscar, sending you 2
2024-10-14 23:06:52.396375 Whiskey: Mike and Oscar, sending you 2
2024-10-14 23:06:52.397690 Yankee: Oscar, sending you 4
2024-10-14 23:06:52.399076 Echo: Juliett, sending you 15
2024-10-14 23:06:52.399677 Bravo: Alpha, Golf and Oscar, sending you 3
chatterbot Mike submitting transactions
chatterbot Foxtrot submitting transactions
chatterbot Bravo submitting transactions
chatterbot Juliett submitting transactions
chatterbot Alpha submitting transactions
chatterbot Whiskey submitting transactions
chatterbot Yankee submitting transactions
chatterbot Oscar submitting transactions
chatterbot Echo submitting transactions
chatterbot Golf submitting transactions
ChatterBot Yankee round 5
ChatterBot Foxtrot round 5
ChatterBot Alpha round 5
ChatterBot Mike round 5
ChatterBot Whiskey round 5
ChatterBot Golf round 5
ChatterBot Echo round 5
ChatterBot Juliett round 5
ChatterBot Bravo round 5
ChatterBot Oscar round 5
2024-10-14 23:06:53.630738 Foxtrot: Yankee, Echo, Bravo and Oscar, sending you 2
2024-10-14 23:06:53.634676 Alpha: Yankee, Whiskey, Bravo and Oscar, sending you 3
2024-10-14 23:06:53.635961 Foxtrot: Alpha, Mike, Whiskey and Golf, sending you 1
2024-10-14 23:06:53.636430 Yankee: Foxtrot, sending you 2
2024-10-14 23:06:53.637930 Whiskey: Yankee, sending you 1
2024-10-14 23:06:53.639434 Alpha: Foxtrot, sending you 1
2024-10-14 23:06:53.641039 Mike: Yankee, Golf and Oscar, sending you 3
2024-10-14 23:06:53.641936 Yankee: Alpha, Mike and Golf, sending you 3
2024-10-14 23:06:53.643270 Golf: Yankee, Mike and Bravo, sending you 3
2024-10-14 23:06:53.644115 Foxtrot: Juliett, sending you 5
2024-10-14 23:06:53.645333 Whiskey: Alpha, Mike and Golf, sending you 3
2024-10-14 23:06:53.645989 Alpha: Mike, sending you 4
2024-10-14 23:06:53.647212 Mike: Foxtrot, Whiskey and Bravo, sending you 2
2024-10-14 23:06:53.648745 Yankee: Whiskey and Bravo, sending you 1
2024-10-14 23:06:53.649629 Echo: Foxtrot, sending you 4
2024-10-14 23:06:53.649963 Golf: Foxtrot, sending you 1
2024-10-14 23:06:53.651273 Oscar: Yankee, sending you 4
2024-10-14 23:06:53.652520 Whiskey: Bravo and Oscar, sending you 2
2024-10-14 23:06:53.653396 Alpha: Golf, sending you 2
2024-10-14 23:06:53.654962 Bravo: Yankee, sending you 1
2024-10-14 23:06:53.656003 Mike: Alpha, sending you 4
2024-10-14 23:06:53.657588 Juliett: Same as last round
2024-10-14 23:06:53.657970 Yankee: Oscar, sending you 4
2024-10-14 23:06:53.659512 Echo: Juliett, sending you 15
2024-10-14 23:06:53.659887 Golf: Alpha, Whiskey and Oscar, sending you 2
2024-10-14 23:06:53.661658 Oscar: Foxtrot and Whiskey, sending you 2
2024-10-14 23:06:53.663423 Bravo: Foxtrot, Mike, Whiskey and Oscar, sending you 2
2024-10-14 23:06:53.665682 Oscar: Alpha, Mike, Golf and Bravo, sending you 3
2024-10-14 23:06:53.667685 Bravo: Alpha and Golf, sending you 3
chatterbot Bravo submitting transactions
chatterbot Echo submitting transactions
chatterbot Mike submitting transactions
chatterbot Whiskey submitting transactions
chatterbot Golf submitting transactions
chatterbot Foxtrot submitting transactions
chatterbot Juliett submitting transactions
chatterbot Yankee submitting transactions
chatterbot Oscar submitting transactions
chatterbot Alpha submitting transactions
ChatterBot Yankee round 6
ChatterBot Foxtrot round 6
ChatterBot Alpha round 6
ChatterBot Mike round 6
ChatterBot Whiskey round 6
ChatterBot Golf round 6
ChatterBot Echo round 6
ChatterBot Juliett round 6
ChatterBot Bravo round 6
ChatterBot Oscar round 6
2024-10-14 23:06:54.866663 Echo: Foxtrot, sending you 4
2024-10-14 23:06:54.870675 Echo: Juliett, sending you 15
2024-10-14 23:06:54.873678 Whiskey: Yankee, sending you 1
2024-10-14 23:06:54.876721 Whiskey: Alpha, Mike and Golf, sending you 3
2024-10-14 23:06:54.878659 Golf: Yankee, Alpha and Oscar, sending you 2
2024-10-14 23:06:54.879667 Foxtrot: Echo, sending you 5
2024-10-14 23:06:54.880029 Yankee: Foxtrot, sending you 2
2024-10-14 23:06:54.881119 Whiskey: Bravo and Oscar, sending you 2
2024-10-14 23:06:54.882241 Bravo: Yankee, sending you 1
2024-10-14 23:06:54.883076 Golf: Foxtrot, sending you 1
2024-10-14 23:06:54.883868 Mike: Yankee, Alpha, Whiskey, Golf and Oscar, sending you 3
2024-10-14 23:06:54.884729 Alpha: Yankee, Whiskey, Bravo and Oscar, sending you 3
2024-10-14 23:06:54.885571 Foxtrot: Juliett, sending you 12
2024-10-14 23:06:54.885894 Yankee: Alpha, Mike and Golf, sending you 3
2024-10-14 23:06:54.886947 Bravo: Foxtrot, Mike, Whiskey and Oscar, sending you 2
2024-10-14 23:06:54.887857 Golf: Mike, Whiskey and Bravo, sending you 3
2024-10-14 23:06:54.888686 Mike: Foxtrot and Bravo, sending you 2
2024-10-14 23:06:54.889540 Alpha: Foxtrot, sending you 1
2024-10-14 23:06:54.891290 Juliett: Same as last round
2024-10-14 23:06:54.891602 Yankee: Whiskey and Bravo, sending you 1
2024-10-14 23:06:54.892495 Bravo: Alpha and Golf, sending you 3
2024-10-14 23:06:54.893212 Oscar: Yankee, sending you 4
2024-10-14 23:06:54.894662 Yankee: Oscar, sending you 4
2024-10-14 23:06:54.896370 Alpha: Mike, sending you 4
2024-10-14 23:06:54.898678 Oscar: Foxtrot and Whiskey, sending you 2
2024-10-14 23:06:54.902681 Alpha: Golf, sending you 2
2024-10-14 23:06:54.903611 Oscar: Alpha, Mike, Golf and Bravo, sending you 3
chatterbot Juliett submitting transactions
chatterbot Oscar submitting transactions
chatterbot Echo submitting transactions
chatterbot Yankee submitting transactions
chatterbot Alpha submitting transactions
chatterbot Whiskey submitting transactions
chatterbot Mike submitting transactions
chatterbot Golf submitting transactions
chatterbot Foxtrot submitting transactions
chatterbot Bravo submitting transactions
ChatterBot Yankee round 7
ChatterBot Foxtrot round 7
ChatterBot Alpha round 7
ChatterBot Mike round 7
ChatterBot Whiskey round 7
ChatterBot Golf round 7
ChatterBot Echo round 7
ChatterBot Juliett round 7
ChatterBot Bravo round 7
ChatterBot Oscar round 7
2024-10-14 23:06:56.029425 Foxtrot: We should add Bravo
2024-10-14 23:06:56.035083 Juliett: No
2024-10-14 23:06:56.035443 Echo: No
ChatterBot Foxtrot reevaluating
2024-10-14 23:06:56.069813 Yankee: We should drop Foxtrot
2024-10-14 23:06:56.083307 Alpha: Yes
2024-10-14 23:06:56.083632 Mike: No
2024-10-14 23:06:56.083835 Whiskey: Yes
2024-10-14 23:06:56.084098 Golf: Yes
2024-10-14 23:06:56.085148 Bravo: Yes
2024-10-14 23:06:56.085427 Oscar: No
ChatterBot Mike reevaluating
ChatterBot Mike reevaluating
ChatterBot Mike reevaluating
ChatterBot Mike reevaluating
ChatterBot Oscar reevaluating
ChatterBot Mike reevaluating
2024-10-14 23:06:56.157699 Whiskey: Yankee, sending you 1
2024-10-14 23:06:56.162661 Whiskey: Alpha, Mike and Golf, sending you 3
2024-10-14 23:06:56.168666 Whiskey: Bravo and Oscar, sending you 2
2024-10-14 23:06:56.170657 Yankee: Alpha, Mike and Oscar, sending you 4
2024-10-14 23:06:56.171270 Echo: Foxtrot, sending you 5
2024-10-14 23:06:56.173044 Juliett: Same as last round
2024-10-14 23:06:56.173707 Alpha: Yankee, Whiskey, Bravo and Oscar, sending you 3
2024-10-14 23:06:56.175008 Echo: Juliett, sending you 14
2024-10-14 23:06:56.175510 Yankee: Whiskey and Bravo, sending you 1
2024-10-14 23:06:56.176574 Golf: Yankee, Mike, Whiskey, Bravo and Oscar, sending you 3
2024-10-14 23:06:56.178146 Bravo: Yankee, sending you 1
2024-10-14 23:06:56.178708 Alpha: Mike, sending you 5
2024-10-14 23:06:56.179193 Foxtrot: Echo, sending you 5
2024-10-14 23:06:56.180663 Yankee: Golf, sending you 3
2024-10-14 23:06:56.181329 Golf: Alpha, sending you 1
2024-10-14 23:06:56.182408 Oscar: Yankee, sending you 5
2024-10-14 23:06:56.183200 Alpha: Golf, sending you 2
2024-10-14 23:06:56.183812 Bravo: Alpha, sending you 4
2024-10-14 23:06:56.184358 Foxtrot: Juliett, sending you 12
2024-10-14 23:06:56.184710 Mike: Yankee, Whiskey, Golf, Bravo and Oscar, sending you 3
2024-10-14 23:06:56.187670 Oscar: Alpha, Mike, Whiskey, Golf and Bravo, sending you 3
2024-10-14 23:06:56.188457 Bravo: Mike and Whiskey, sending you 2
2024-10-14 23:06:56.189276 Mike: Alpha, sending you 4
2024-10-14 23:06:56.192671 Bravo: Golf and Oscar, sending you 3
chatterbot Golf submitting transactions
chatterbot Echo submitting transactions
chatterbot Yankee submitting transactions
chatterbot Oscar submitting transactions
chatterbot Bravo submitting transactions
chatterbot Alpha submitting transactions
chatterbot Foxtrot submitting transactions
chatterbot Whiskey submitting transactions
chatterbot Juliett submitting transactions
chatterbot Mike submitting transactions
ChatterBot Yankee round 8
ChatterBot Foxtrot round 8
ChatterBot Alpha round 8
ChatterBot Mike round 8
ChatterBot Whiskey round 8
ChatterBot Golf round 8
ChatterBot Echo round 8
ChatterBot Juliett round 8
ChatterBot Bravo round 8
ChatterBot Oscar round 8
2024-10-14 23:06:57.206670 Yankee: Alpha and Golf, sending you 3
2024-10-14 23:06:57.210708 Alpha: Yankee, Whiskey and Oscar, sending you 3
2024-10-14 23:06:57.212158 Yankee: Mike, sending you 4
2024-10-14 23:06:57.213350 Foxtrot: Echo, sending you 5
2024-10-14 23:06:57.215697 Alpha: Mike and Bravo, sending you 4
2024-10-14 23:06:57.217784 Yankee: Whiskey and Bravo, sending you 1
2024-10-14 23:06:57.218988 Foxtrot: Juliett, sending you 12
2024-10-14 23:06:57.219420 Mike: Yankee, Whiskey, Golf, Bravo and Oscar, sending you 3
2024-10-14 23:06:57.220911 Golf: Yankee, Mike, Whiskey, Bravo and Oscar, sending you 3
2024-10-14 23:06:57.221807 Oscar: Yankee, sending you 4
2024-10-14 23:06:57.223779 Alpha: Golf, sending you 2
2024-10-14 23:06:57.225146 Yankee: Oscar, sending you 5
2024-10-14 23:06:57.225920 Mike: Alpha, sending you 4
2024-10-14 23:06:57.227228 Echo: Foxtrot, sending you 6
2024-10-14 23:06:57.227591 Golf: Alpha, sending you 1
2024-10-14 23:06:57.228306 Bravo: Yankee, sending you 1
2024-10-14 23:06:57.228932 Oscar: Foxtrot, sending you 1
2024-10-14 23:06:57.230725 Whiskey: Yankee, sending you 1
2024-10-14 23:06:57.231372 Juliett: Same as last round
2024-10-14 23:06:57.231699 Echo: Juliett, sending you 13
2024-10-14 23:06:57.232871 Oscar: Alpha, Mike, Whiskey, Golf and Bravo, sending you 3
2024-10-14 23:06:57.233899 Bravo: Alpha and Oscar, sending you 3
2024-10-14 23:06:57.234694 Whiskey: Alpha, Mike and Golf, sending you 3
2024-10-14 23:06:57.237651 Whiskey: Bravo and Oscar, sending you 2
2024-10-14 23:06:57.239981 Bravo: Mike and Whiskey, sending you 2
2024-10-14 23:06:57.244649 Bravo: Golf, sending you 4
chatterbot Mike submitting transactions
chatterbot Whiskey submitting transactions
chatterbot Yankee submitting transactions
chatterbot Juliett submitting transactions
chatterbot Foxtrot submitting transactions
chatterbot Golf submitting transactions
chatterbot Echo submitting transactions
chatterbot Oscar submitting transactions
chatterbot Alpha submitting transactions
chatterbot Bravo submitting transactions
ChatterBot Yankee round 9
ChatterBot Foxtrot round 9
ChatterBot Alpha round 9
ChatterBot Mike round 9
ChatterBot Whiskey round 9
ChatterBot Golf round 9
ChatterBot Echo round 9
ChatterBot Juliett round 9
ChatterBot Bravo round 9
ChatterBot Oscar round 9
2024-10-14 23:06:58.392669 Whiskey: Yankee, sending you 1
2024-10-14 23:06:58.393957 Oscar: Yankee, sending you 5
2024-10-14 23:06:58.396167 Juliett: Same as last round
2024-10-14 23:06:58.396589 Yankee: Alpha and Golf, sending you 3
2024-10-14 23:06:58.398150 Whiskey: Alpha, Mike and Golf, sending you 3
2024-10-14 23:06:58.399984 Bravo: Yankee, sending you 1
2024-10-14 23:06:58.401704 Oscar: Alpha, Mike, Whiskey, Golf and Bravo, sending you 3
2024-10-14 23:06:58.403237 Foxtrot: Echo, sending you 5
2024-10-14 23:06:58.403652 Yankee: Mike, sending you 4
2024-10-14 23:06:58.404386 Whiskey: Bravo and Oscar, sending you 2
2024-10-14 23:06:58.405868 Bravo: Alpha, Mike, Golf and Oscar, sending you 3
2024-10-14 23:06:58.407375 Golf: Yankee, Mike, Whiskey, Bravo and Oscar, sending you 3
2024-10-14 23:06:58.408978 Echo: Foxtrot, sending you 6
2024-10-14 23:06:58.409522 Yankee: Whiskey and Bravo, sending you 1
2024-10-14 23:06:58.410421 Foxtrot: Juliett, sending you 12
2024-10-14 23:06:58.410806 Alpha: Yankee, Whiskey, Bravo and Oscar, sending you 3
2024-10-14 23:06:58.412213 Bravo: Whiskey, sending you 2
2024-10-14 23:06:58.413240 Mike: Yankee, Whiskey, Golf, Bravo and Oscar, sending you 3
2024-10-14 23:06:58.415033 Golf: Alpha, sending you 1
2024-10-14 23:06:58.416990 Echo: Juliett, sending you 13
2024-10-14 23:06:58.417589 Yankee: Oscar, sending you 5
2024-10-14 23:06:58.419638 Alpha: Mike, sending you 5
2024-10-14 23:06:58.420837 Mike: Alpha, sending you 4
2024-10-14 23:06:58.424666 Alpha: Golf, sending you 2
chatterbot Oscar submitting transactions
chatterbot Mike submitting transactions
chatterbot Foxtrot submitting transactions
chatterbot Golf submitting transactions
chatterbot Yankee submitting transactions
chatterbot Alpha submitting transactions
chatterbot Bravo submitting transactions
chatterbot Whiskey submitting transactions
chatterbot Echo submitting transactions
chatterbot Juliett submitting transactions
ChatterBot Yankee round 10
ChatterBot Foxtrot round 10
ChatterBot Alpha round 10
ChatterBot Mike round 10
ChatterBot Whiskey round 10
ChatterBot Golf round 10
ChatterBot Echo round 10
ChatterBot Juliett round 10
ChatterBot Bravo round 10
ChatterBot Oscar round 10
2024-10-14 23:06:59.745686 Mike: Yankee, Whiskey, Golf, Bravo and Oscar, sending you 3
2024-10-14 23:06:59.747573 Alpha: Yankee, Whiskey, Bravo and Oscar, sending you 3
2024-10-14 23:06:59.748792 Echo: Foxtrot, sending you 6
2024-10-14 23:06:59.749333 Golf: Yankee, Mike, Whiskey, Bravo and Oscar, sending you 3
2024-10-14 23:06:59.750964 Bravo: Yankee, sending you 1
2024-10-14 23:06:59.751961 Yankee: Alpha and Golf, sending you 3
2024-10-14 23:06:59.753195 Mike: Alpha, sending you 4
2024-10-14 23:06:59.754682 Alpha: Mike, sending you 5
2024-10-14 23:06:59.755627 Echo: Juliett, sending you 13
2024-10-14 23:06:59.756145 Golf: Alpha, sending you 1
2024-10-14 23:06:59.757227 Juliett: Same as last round
2024-10-14 23:06:59.758287 Bravo: Alpha, Mike, Golf and Oscar, sending you 3
2024-10-14 23:06:59.759687 Oscar: Yankee, sending you 2
2024-10-14 23:06:59.761275 Yankee: Mike, sending you 4
2024-10-14 23:06:59.762496 Foxtrot: Echo, sending you 6
2024-10-14 23:06:59.763028 Whiskey: Yankee, sending you 1
2024-10-14 23:06:59.764318 Alpha: Golf, sending you 2
2024-10-14 23:06:59.765982 Bravo: Whiskey, sending you 2
2024-10-14 23:06:59.767354 Oscar: Alpha, Mike, Whiskey, Golf and Bravo, sending you 1
2024-10-14 23:06:59.768778 Yankee: Whiskey and Bravo, sending you 1
2024-10-14 23:06:59.770552 Foxtrot: Juliett, sending you 11
2024-10-14 23:06:59.771140 Whiskey: Alpha, Mike and Golf, sending you 3
2024-10-14 23:06:59.773713 Yankee: Oscar, sending you 5
2024-10-14 23:06:59.776032 Whiskey: Bravo and Oscar, sending you 2
chatterbot Echo submitting transactions
chatterbot Golf submitting transactions
chatterbot Yankee submitting transactions
chatterbot Juliett submitting transactions
chatterbot Mike submitting transactions
chatterbot Oscar submitting transactions
chatterbot Alpha submitting transactions
chatterbot Foxtrot submitting transactions
chatterbot Bravo submitting transactions
chatterbot Whiskey submitting transactions
ChatterBot Yankee round 11
ChatterBot Foxtrot round 11
ChatterBot Alpha round 11
ChatterBot Mike round 11
ChatterBot Whiskey round 11
ChatterBot Golf round 11
ChatterBot Echo round 11
ChatterBot Juliett round 11
ChatterBot Bravo round 11
ChatterBot Oscar round 11
