ChatterBot Sierra round 1
randomSelections Sierra: {Sierra, Tango, Whiskey, Delta, Hotel, Quebec, Mike} 
2024-10-14 23:06:43.674075 Sierra: Let's form a team
ChatterBot Whiskey round 1
ChatterBot Whiskey reevaluating
2024-10-14 23:06:43.697929 Whiskey: Yes
ChatterBot Delta round 1
ChatterBot Delta reevaluating
ChatterBot Delta reevaluating
2024-10-14 23:06:43.733347 Delta: Yes
ChatterBot Whiskey reevaluating
ChatterBot X-ray round 1
ChatterBot Bravo round 1
ChatterBot Mike round 1
ChatterBot Mike reevaluating
ChatterBot Mike reevaluating
ChatterBot Mike reevaluating
2024-10-14 23:06:43.746359 Mike: Yes
ChatterBot Whiskey reevaluating
ChatterBot Delta reevaluating
ChatterBot Quebec round 1
ChatterBot Quebec reevaluating
ChatterBot Quebec reevaluating
ChatterBot Quebec reevaluating
ChatterBot Quebec reevaluating
2024-10-14 23:06:43.758254 Quebec: Yes
ChatterBot Whiskey reevaluating
ChatterBot Delta reevaluating
ChatterBot Mike reevaluating
ChatterBot Tango round 1
ChatterBot Tango reevaluating
ChatterBot Tango reevaluating
ChatterBot Tango reevaluating
ChatterBot Tango reevaluating
ChatterBot Tango reevaluating
2024-10-14 23:06:43.772849 Tango: Yes
ChatterBot Whiskey reevaluating
ChatterBot Delta reevaluating
ChatterBot Quebec reevaluating
ChatterBot Mike reevaluating
ChatterBot Echo round 1
ChatterBot Hotel round 1
ChatterBot Hotel reevaluating
ChatterBot Hotel reevaluating
ChatterBot Hotel reevaluating
ChatterBot Hotel reevaluating
ChatterBot Hotel reevaluating
ChatterBot Hotel reevaluating
2024-10-14 23:06:43.790424 Hotel: Yes
ChatterBot Tango reevaluating
ChatterBot Whiskey reevaluating
ChatterBot Delta reevaluating
ChatterBot Quebec reevaluating
ChatterBot Mike reevaluating
randomSelections Bravo: {Bravo, X-ray, Hotel} 
2024-10-14 23:06:43.807670 Bravo: Let's form a team
ChatterBot X-ray reevaluating
ChatterBot Hotel reevaluating
2024-10-14 23:06:43.811654 X-ray: Yes
2024-10-14 23:06:43.811837 Hotel: No
ChatterBot Hotel reevaluating
ChatterBot X-ray reevaluating
randomSelections Echo: {Echo, Delta, Hotel, Sierra, Mike, X-ray} 
2024-10-14 23:06:43.825495 Echo: We should group up
ChatterBot Delta reevaluating
ChatterBot Hotel reevaluating
ChatterBot X-ray reevaluating
2024-10-14 23:06:43.832957 Delta: No
2024-10-14 23:06:43.833219 Hotel: No
2024-10-14 23:06:43.833395 Sierra: No
2024-10-14 23:06:43.833590 Mike: No
2024-10-14 23:06:43.833760 X-ray: No
ChatterBot Hotel reevaluating
ChatterBot X-ray reevaluating
ChatterBot Delta reevaluating
ChatterBot X-ray reevaluating
ChatterBot Delta reevaluating
ChatterBot Hotel reevaluating
ChatterBot X-ray reevaluating
ChatterBot Delta reevaluating
ChatterBot Hotel reevaluating
ChatterBot X-ray reevaluating
ChatterBot Delta reevaluating
ChatterBot Hotel reevaluating
2024-10-14 23:06:43.881444 Sierra: Whiskey and Quebec, sending you 3
2024-10-14 23:06:43.884728 Mike: Sierra, sending you 4
2024-10-14 23:06:43.886024 Sierra: Delta, sending you 4
2024-10-14 23:06:43.890499 Sierra: Tango, sending you 5
2024-10-14 23:06:43.891709 Mike: Whiskey, sending you 3
2024-10-14 23:06:43.900466 Whiskey: Sierra, sending you 2
2024-10-14 23:06:43.902022 Quebec: Sierra, sending you 3
2024-10-14 23:06:43.903033 Sierra: Hotel, sending you 2
2024-10-14 23:06:43.904652 Tango: Sierra, Whiskey and Hotel, sending you 2
2024-10-14 23:06:43.906492 Bravo: X-ray, sending you 7
2024-10-14 23:06:43.907099 X-ray: Bravo, sending you 9
2024-10-14 23:06:43.908746 Mike: Delta and Tango, sending you 1
2024-10-14 23:06:43.910157 Whiskey: Mike and Quebec, sending you 1
2024-10-14 23:06:43.911797 Quebec: Whiskey, sending you 5
2024-10-14 23:06:43.912937 Tango: Delta and Quebec, sending you 5
2024-10-14 23:06:43.914374 Bravo: Hotel, sending you 9
2024-10-14 23:06:43.915232 X-ray: Hotel, sending you 10
2024-10-14 23:06:43.916949 Hotel: Sierra and Quebec, sending you 2
2024-10-14 23:06:43.918646 Whiskey: Hotel, sending you 3
2024-10-14 23:06:43.920254 Mike: Quebec, sending you 6
2024-10-14 23:06:43.921010 Quebec: Delta and Tango, sending you 2
2024-10-14 23:06:43.922694 Tango: Mike, sending you 3
2024-10-14 23:06:43.924786 Hotel: Tango, sending you 1
2024-10-14 23:06:43.926329 Mike: Hotel, sending you 2
2024-10-14 23:06:43.927317 Quebec: Mike and Hotel, sending you 1
chatterbot Sierra submitting transactions
chatterbot Tango submitting transactions
chatterbot Quebec submitting transactions
chatterbot Whiskey submitting transactions
chatterbot Mike submitting transactions
chatterbot Echo submitting transactions
chatterbot Hotel submitting transactions
chatterbot X-ray submitting transactions
chatterbot Bravo submitting transactions
chatterbot Delta submitting transactions
ChatterBot Sierra round 2
ChatterBot Whiskey round 2
ChatterBot Delta round 2
ChatterBot X-ray round 2
ChatterBot Bravo round 2
ChatterBot Mike round 2
ChatterBot Quebec round 2
ChatterBot Tango round 2
ChatterBot Echo round 2
ChatterBot Hotel round 2
2024-10-14 23:06:45.162332 X-ray: We should add Echo
ChatterBot Hotel reevaluating
2024-10-14 23:06:45.172290 Bravo: No
2024-10-14 23:06:45.172483 Hotel: No
ChatterBot Hotel reevaluating
2024-10-14 23:06:45.191980 Hotel: We should group up
ChatterBot Bravo reevaluating
2024-10-14 23:06:45.202138 Bravo: Yes
2024-10-14 23:06:45.202326 X-ray: Yes
ChatterBot Hotel reevaluating
ChatterBot Bravo reevaluating
ChatterBot Hotel reevaluating
2024-10-14 23:06:45.223353 Quebec: Let's form a team
ChatterBot Tango reevaluating
2024-10-14 23:06:45.232887 Sierra: Yes
2024-10-14 23:06:45.233082 Mike: Yes
2024-10-14 23:06:45.233214 Tango: Yes
ChatterBot Tango reevaluating
ChatterBot Tango reevaluating
2024-10-14 23:06:45.260605 Sierra: We should drop Delta
ChatterBot Whiskey reevaluating
ChatterBot Mike reevaluating
ChatterBot Tango reevaluating
ChatterBot Hotel reevaluating
2024-10-14 23:06:45.276815 Whiskey: Yes
2024-10-14 23:06:45.276956 Mike: Yes
2024-10-14 23:06:45.277053 Quebec: Yes
2024-10-14 23:06:45.277143 Tango: Yes
2024-10-14 23:06:45.277242 Hotel: Yes
ChatterBot Mike reevaluating
ChatterBot Tango reevaluating
ChatterBot Hotel reevaluating
ChatterBot Whiskey reevaluating
ChatterBot Tango reevaluating
ChatterBot Hotel reevaluating
ChatterBot Whiskey reevaluating
ChatterBot Mike reevaluating
ChatterBot Tango reevaluating
ChatterBot Hotel reevaluating
ChatterBot Whiskey reevaluating
ChatterBot Mike reevaluating
ChatterBot Hotel reevaluating
ChatterBot Whiskey reevaluating
ChatterBot Mike reevaluating
ChatterBot Tango reevaluating
2024-10-14 23:06:45.385536 Echo: Let's form a team
ChatterBot X-ray reevaluating
ChatterBot Bravo reevaluating
ChatterBot Hotel reevaluating
2024-10-14 23:06:45.399034 X-ray: No
2024-10-14 23:06:45.399189 Bravo: No
2024-10-14 23:06:45.399289 Hotel: No
ChatterBot Echo reevaluating
ChatterBot Bravo reevaluating
ChatterBot Hotel reevaluating
ChatterBot Echo reevaluating
ChatterBot X-ray reevaluating
ChatterBot Hotel reevaluating
ChatterBot Echo reevaluating
ChatterBot X-ray reevaluating
ChatterBot Bravo reevaluating
2024-10-14 23:06:45.446595 Delta: We should drop Hotel
ChatterBot Whiskey reevaluating
ChatterBot Mike reevaluating
ChatterBot Tango reevaluating
2024-10-14 23:06:45.468372 Sierra: No
2024-10-14 23:06:45.468510 Whiskey: No
2024-10-14 23:06:45.468654 Mike: No
2024-10-14 23:06:45.468785 Quebec: Yes
2024-10-14 23:06:45.469290 Tango: Yes
ChatterBot Whiskey reevaluating
ChatterBot Mike reevaluating
ChatterBot Tango reevaluating
ChatterBot Mike reevaluating
ChatterBot Tango reevaluating
ChatterBot Whiskey reevaluating
ChatterBot Tango reevaluating
ChatterBot Whiskey reevaluating
ChatterBot Mike reevaluating
ChatterBot Tango reevaluating
ChatterBot Whiskey reevaluating
ChatterBot Mike reevaluating
2024-10-14 23:06:45.663913 X-ray: Echo we want you to join our group
ChatterBot Echo reevaluating
2024-10-14 23:06:45.668503 Echo: No
ChatterBot X-ray reevaluating
2024-10-14 23:06:46.311644 Bravo: X-ray, sending you 12
2024-10-14 23:06:46.312197 Sierra: Whiskey and Tango, sending you 3
2024-10-14 23:06:46.313644 Quebec: Sierra, sending you 4
2024-10-14 23:06:46.314004 Hotel: Sending you each 6
2024-10-14 23:06:46.314520 Delta: Sierra and Tango, sending you 3
chatterbot Sierra submitting transactions
chatterbot Delta submitting transactions
2024-10-14 23:06:46.593978 Bravo: Hotel, sending you 4
2024-10-14 23:06:46.594347 Sierra: Mike, sending you 5
2024-10-14 23:06:46.594720 Quebec: Mike and Tango, sending you 5
2024-10-14 23:06:46.595385 Delta: Mike and Quebec, sending you 1
2024-10-14 23:06:46.595725 Mike: Whiskey and Quebec, sending you 3
2024-10-14 23:06:46.596627 Whiskey: Sierra and Mike, sending you 4
2024-10-14 23:06:46.596953 Tango: Sierra, sending you 11
chatterbot Quebec submitting transactions
chatterbot Bravo submitting transactions
2024-10-14 23:06:47.099764 Sierra: Quebec, sending you 4
2024-10-14 23:06:47.100345 Mike: Tango, sending you 11
2024-10-14 23:06:47.104191 Whiskey: Quebec, sending you 6
2024-10-14 23:06:47.104553 Tango: Mike, sending you 3
2024-10-14 23:06:47.104971 Echo: Sending you 13
chatterbot Hotel submitting transactions
chatterbot Whiskey submitting transactions
chatterbot X-ray submitting transactions
chatterbot Tango submitting transactions
2024-10-14 23:06:47.107285 Sierra: Hotel, sending you 2
2024-10-14 23:06:47.421066 Whiskey: Tango, sending you 2
2024-10-14 23:06:47.422932 Tango: Quebec, sending you 5
2024-10-14 23:06:47.424874 X-ray: Bravo, sending you 17
chatterbot Mike submitting transactions
chatterbot Echo submitting transactions
2024-10-14 23:06:47.442795 X-ray: Echo and Hotel, sending you 1
ChatterBot Sierra round 3
ChatterBot Whiskey round 3
ChatterBot Delta round 3
ChatterBot X-ray round 3
ChatterBot Bravo round 3
2024-10-14 23:06:47.552021 Sierra: We should replace Hotel with Delta
ChatterBot Whiskey reevaluating
ChatterBot Mike reevaluating
ChatterBot Quebec reevaluating
2024-10-14 23:06:47.570133 Whiskey: Yes
2024-10-14 23:06:47.570317 Mike: Yes
2024-10-14 23:06:47.570503 Quebec: No
2024-10-14 23:06:47.571172 Tango: No
ChatterBot Mike reevaluating
ChatterBot Quebec reevaluating
ChatterBot Whiskey reevaluating
ChatterBot Quebec reevaluating
ChatterBot Sierra reevaluating
ChatterBot Whiskey reevaluating
ChatterBot Mike reevaluating
ChatterBot Sierra reevaluating
ChatterBot Whiskey reevaluating
ChatterBot Mike reevaluating
ChatterBot Quebec reevaluating
2024-10-14 23:06:47.637055 Quebec: We should add Whiskey
ChatterBot Sierra reevaluating
ChatterBot Mike reevaluating
2024-10-14 23:06:47.649515 Sierra: Yes
2024-10-14 23:06:47.650130 Mike: Yes
2024-10-14 23:06:47.650284 Tango: No
ChatterBot Quebec reevaluating
ChatterBot Mike reevaluating
ChatterBot Quebec reevaluating
ChatterBot Sierra reevaluating
ChatterBot Quebec reevaluating
ChatterBot Sierra reevaluating
ChatterBot Mike reevaluating
ChatterBot Mike round 3
ChatterBot Quebec round 3
ChatterBot Tango round 3
ChatterBot Echo round 3
ChatterBot Hotel round 3
2024-10-14 23:06:47.702810 X-ray: We should add Delta
ChatterBot Echo reevaluating
ChatterBot Hotel reevaluating
2024-10-14 23:06:47.713590 Echo: Yes
2024-10-14 23:06:47.714329 Bravo: No
2024-10-14 23:06:47.714456 Hotel: No
ChatterBot Hotel reevaluating
ChatterBot Echo reevaluating
ChatterBot X-ray reevaluating
ChatterBot Hotel reevaluating
ChatterBot Echo reevaluating
ChatterBot X-ray reevaluating
2024-10-14 23:06:47.751267 Quebec: We should add Whiskey
ChatterBot Sierra reevaluating
ChatterBot Mike reevaluating
ChatterBot Tango reevaluating
2024-10-14 23:06:47.761695 Sierra: Yes
2024-10-14 23:06:47.761845 Mike: Yes
2024-10-14 23:06:47.761979 Tango: Yes
ChatterBot Mike reevaluating
ChatterBot Tango reevaluating
ChatterBot Sierra reevaluating
ChatterBot Tango reevaluating
ChatterBot Sierra reevaluating
ChatterBot Mike reevaluating
2024-10-14 23:06:47.804402 Hotel: We should add Echo
ChatterBot X-ray reevaluating
2024-10-14 23:06:47.811290 Bravo: No
2024-10-14 23:06:47.811444 X-ray: Yes
ChatterBot X-ray reevaluating
ChatterBot Hotel reevaluating
ChatterBot Bravo reevaluating
ChatterBot Hotel reevaluating
2024-10-14 23:06:47.826354 Bravo: We should replace Hotel with Echo
ChatterBot X-ray reevaluating
2024-10-14 23:06:47.829658 X-ray: No
ChatterBot Bravo reevaluating
2024-10-14 23:06:47.841545 Whiskey: Delta we want you to join our group
2024-10-14 23:06:47.845081 Delta: Yes
ChatterBot Sierra reevaluating
ChatterBot Tango reevaluating
2024-10-14 23:06:47.863374 Quebec: Whiskey we want you to join our group
2024-10-14 23:06:47.866586 Whiskey: Yes
ChatterBot Sierra reevaluating
2024-10-14 23:06:47.880773 Mike: Delta we want you to join our group
2024-10-14 23:06:47.884847 Delta: Yes
ChatterBot Sierra reevaluating
2024-10-14 23:06:47.902075 Hotel: Echo we want you to join our group
ChatterBot Echo reevaluating
2024-10-14 23:06:47.906759 Echo: Yes
ChatterBot Bravo reevaluating
2024-10-14 23:06:47.917512 Tango: Whiskey we want you to join our group
ChatterBot Whiskey reevaluating
2024-10-14 23:06:47.922507 Whiskey: Yes
ChatterBot Sierra reevaluating
2024-10-14 23:06:47.936855 Delta: Sierra, sending you 4
2024-10-14 23:06:47.938099 Bravo: Echo we want you to join our group
ChatterBot Echo reevaluating
2024-10-14 23:06:47.942346 Echo: Yes
ChatterBot Bravo reevaluating
2024-10-14 23:06:47.952933 Quebec: Sierra and Mike, sending you 3
2024-10-14 23:06:47.954957 Delta: Mike, sending you 1
2024-10-14 23:06:47.955403 X-ray: Bravo, sending you 12
2024-10-14 23:06:47.955752 Sierra: Delta we want you to join our group
2024-10-14 23:06:47.983652 Delta: Yes
ChatterBot Sierra reevaluating
ChatterBot Whiskey reevaluating
2024-10-14 23:06:48.092596 Delta: Quebec, sending you 2
2024-10-14 23:06:48.093743 Quebec: Whiskey and Tango, sending you 4
2024-10-14 23:06:48.094628 X-ray: Echo, sending you 1
2024-10-14 23:06:48.095609 Hotel: X-ray, sending you 4
2024-10-14 23:06:48.096026 Delta: Tango, sending you 5
2024-10-14 23:06:48.096894 Mike: Sierra, Whiskey and Tango, sending you 4
2024-10-14 23:06:48.151156 X-ray: Hotel, sending you 6
2024-10-14 23:06:48.151687 Tango: Sierra and Quebec, sending you 5
2024-10-14 23:06:48.152710 Hotel: Bravo and Echo, sending you 5
2024-10-14 23:06:48.153151 Mike: Quebec, sending you 5
chatterbot Delta submitting transactions
2024-10-14 23:06:48.242007 Echo: X-ray, sending you 11
2024-10-14 23:06:48.243177 Tango: Whiskey, sending you 2
chatterbot Tango submitting transactions
2024-10-14 23:06:48.261713 Echo: Bravo and Hotel, sending you 1
2024-10-14 23:06:48.262800 Tango: Mike, sending you 7
2024-10-14 23:06:48.263242 Bravo: X-ray, sending you 12
2024-10-14 23:06:48.321457 Bravo: Echo, sending you 4
2024-10-14 23:06:48.322494 Whiskey: Sierra and Mike, sending you 5
2024-10-14 23:06:48.323966 Sierra: Whiskey, sending you 3
2024-10-14 23:06:48.377291 Whiskey: Quebec, sending you 4
2024-10-14 23:06:48.377743 Sierra: Delta and Mike, sending you 2
2024-10-14 23:06:48.460915 Whiskey: Tango, sending you 2
2024-10-14 23:06:48.461521 Sierra: Quebec, sending you 4
chatterbot Echo submitting transactions
2024-10-14 23:06:48.545628 Sierra: Tango, sending you 5
chatterbot X-ray submitting transactions
chatterbot Sierra submitting transactions
chatterbot Mike submitting transactions
chatterbot Quebec submitting transactions
chatterbot Bravo submitting transactions
chatterbot Hotel submitting transactions
chatterbot Whiskey submitting transactions
ChatterBot Sierra round 4
ChatterBot Whiskey round 4
ChatterBot Delta round 4
ChatterBot X-ray round 4
ChatterBot Bravo round 4
ChatterBot Mike round 4
ChatterBot Quebec round 4
ChatterBot Tango round 4
ChatterBot Echo round 4
ChatterBot Hotel round 4
2024-10-14 23:06:49.330542 Echo: We should replace Mike with Tango
2024-10-14 23:06:49.340393 X-ray: No
2024-10-14 23:06:49.340592 Bravo: No
2024-10-14 23:06:49.340812 Hotel: No
ChatterBot Echo reevaluating
ChatterBot Echo reevaluating
ChatterBot Echo reevaluating
2024-10-14 23:06:49.375679 Echo: We should replace Mike with Whiskey
2024-10-14 23:06:49.384221 X-ray: No
2024-10-14 23:06:49.384385 Bravo: No
2024-10-14 23:06:49.384555 Hotel: No
ChatterBot Echo reevaluating
ChatterBot Echo reevaluating
ChatterBot Echo reevaluating
2024-10-14 23:06:49.409425 Echo: We should replace Mike with Delta
2024-10-14 23:06:49.416831 X-ray: No
2024-10-14 23:06:49.417024 Bravo: No
2024-10-14 23:06:49.417132 Hotel: No
ChatterBot Echo reevaluating
ChatterBot Echo reevaluating
ChatterBot Echo reevaluating
2024-10-14 23:06:49.454676 Bravo: X-ray, sending you 11
2024-10-14 23:06:49.455503 Delta: Sierra, sending you 7
2024-10-14 23:06:49.456081 X-ray: Bravo, sending you 10
2024-10-14 23:06:49.456418 Tango: Sierra and Quebec, sending you 5
2024-10-14 23:06:49.457273 Echo: Delta we want you to join our group
2024-10-14 23:06:49.460338 Delta: No
ChatterBot Echo reevaluating
2024-10-14 23:06:49.473246 Quebec: Sierra and Whiskey, sending you 3
2024-10-14 23:06:49.473702 Sierra: Whiskey, Delta, Mike and Quebec, sending you 3
2024-10-14 23:06:49.474149 Whiskey: Sierra and Mike, sending you 4
2024-10-14 23:06:49.474497 Mike: Sierra, sending you 3
2024-10-14 23:06:49.475191 Bravo: Echo, sending you 5
2024-10-14 23:06:49.475470 Delta: Mike, sending you 1
2024-10-14 23:06:49.475800 X-ray: Echo, sending you 4
2024-10-14 23:06:49.476083 Tango: Whiskey, sending you 3
2024-10-14 23:06:49.477665 Quebec: Mike and Tango, sending you 4
2024-10-14 23:06:49.478040 Sierra: Tango, sending you 5
2024-10-14 23:06:49.478379 Whiskey: Delta, sending you 1
2024-10-14 23:06:49.479693 Mike: Whiskey and Quebec, sending you 4
2024-10-14 23:06:49.480145 Tango: Mike, sending you 6
2024-10-14 23:06:49.480481 Hotel: X-ray and Echo, sending you 5
2024-10-14 23:06:49.481482 Delta: Quebec, sending you 2
2024-10-14 23:06:49.481902 X-ray: Hotel, sending you 5
2024-10-14 23:06:49.483660 Whiskey: Quebec, sending you 5
2024-10-14 23:06:49.484065 Mike: Delta, sending you 1
2024-10-14 23:06:49.484412 Hotel: Bravo, sending you 4
2024-10-14 23:06:49.487251 Delta: Tango, sending you 4
2024-10-14 23:06:49.487758 Mike: Tango, sending you 5
2024-10-14 23:06:49.489147 Whiskey: Tango, sending you 2
2024-10-14 23:06:49.498683 Echo: Delta, sending you 1
2024-10-14 23:06:49.501665 Echo: X-ray, sending you 2
2024-10-14 23:06:49.505694 Echo: Bravo, sending you 4
2024-10-14 23:06:49.511325 Echo: Hotel, sending you 6
chatterbot X-ray submitting transactions
chatterbot Bravo submitting transactions
chatterbot Sierra submitting transactions
chatterbot Echo submitting transactions
chatterbot Delta submitting transactions
chatterbot Tango submitting transactions
chatterbot Mike submitting transactions
chatterbot Hotel submitting transactions
chatterbot Quebec submitting transactions
chatterbot Whiskey submitting transactions
ChatterBot Sierra round 5
ChatterBot Whiskey round 5
ChatterBot Delta round 5
ChatterBot X-ray round 5
ChatterBot Bravo round 5
ChatterBot Mike round 5
ChatterBot Quebec round 5
ChatterBot Tango round 5
ChatterBot Echo round 5
ChatterBot Hotel round 5
2024-10-14 23:06:50.684436 Quebec: Sierra, Whiskey and Mike, sending you 3
2024-10-14 23:06:50.685624 Tango: Sierra and Mike, sending you 6
2024-10-14 23:06:50.686082 Delta: Sierra, sending you 7
2024-10-14 23:06:50.687124 Sierra: Whiskey, Delta, Mike and Quebec, sending you 3
2024-10-14 23:06:50.687826 Bravo: X-ray, sending you 11
2024-10-14 23:06:50.688731 X-ray: Bravo, sending you 11
2024-10-14 23:06:50.689177 Whiskey: Sierra, Mike and Quebec, sending you 4
2024-10-14 23:06:50.690381 Hotel: X-ray, sending you 6
2024-10-14 23:06:50.690856 Mike: Sierra, sending you 3
2024-10-14 23:06:50.692028 Tango: Whiskey, sending you 2
2024-10-14 23:06:50.692836 Quebec: Tango, sending you 5
2024-10-14 23:06:50.693944 Sierra: Tango, sending you 5
2024-10-14 23:06:50.694635 Delta: Whiskey and Quebec, sending you 1
2024-10-14 23:06:50.695611 Bravo: Echo, sending you 5
2024-10-14 23:06:50.696005 X-ray: Echo, sending you 3
2024-10-14 23:06:50.696384 Hotel: Bravo, sending you 3
2024-10-14 23:06:50.697267 Whiskey: Delta, sending you 1
2024-10-14 23:06:50.697828 Mike: Whiskey and Quebec, sending you 4
2024-10-14 23:06:50.698827 Tango: Quebec, sending you 5
2024-10-14 23:06:50.699288 Echo: Delta, sending you 1
2024-10-14 23:06:50.700323 Delta: Mike, sending you 2
2024-10-14 23:06:50.700819 X-ray: Hotel, sending you 5
2024-10-14 23:06:50.701233 Hotel: Echo, sending you 5
2024-10-14 23:06:50.702046 Whiskey: Tango, sending you 3
2024-10-14 23:06:50.712599 Echo: X-ray, sending you 3
2024-10-14 23:06:50.713810 Mike: Delta, sending you 1
2024-10-14 23:06:50.714522 Delta: Tango, sending you 3
2024-10-14 23:06:50.719082 Echo: Bravo, sending you 4
2024-10-14 23:06:50.719442 Mike: Tango, sending you 5
2024-10-14 23:06:50.724705 Echo: Hotel, sending you 5
chatterbot Echo submitting transactions
chatterbot Sierra submitting transactions
chatterbot Delta submitting transactions
chatterbot X-ray submitting transactions
chatterbot Mike submitting transactions
chatterbot Tango submitting transactions
chatterbot Hotel submitting transactions
chatterbot Quebec submitting transactions
chatterbot Whiskey submitting transactions
chatterbot Bravo submitting transactions
ChatterBot Sierra round 6
ChatterBot Whiskey round 6
ChatterBot Delta round 6
ChatterBot X-ray round 6
ChatterBot Bravo round 6
ChatterBot Mike round 6
ChatterBot Quebec round 6
ChatterBot Tango round 6
ChatterBot Echo round 6
ChatterBot Hotel round 6
2024-10-14 23:06:51.862990 Echo: We should replace Delta with Whiskey
2024-10-14 23:06:51.876288 X-ray: No
2024-10-14 23:06:51.876505 Bravo: No
2024-10-14 23:06:51.876693 Hotel: No
ChatterBot Echo reevaluating
ChatterBot Echo reevaluating
ChatterBot Echo reevaluating
2024-10-14 23:06:51.927678 Whiskey: Sierra, Mike and Quebec, sending you 4
2024-10-14 23:06:51.928723 Sierra: Whiskey, Delta, Mike and Quebec, sending you 3
2024-10-14 23:06:51.930672 Whiskey: Delta, sending you 1
2024-10-14 23:06:51.932779 Echo: Whiskey we want you to join our group
2024-10-14 23:06:51.936934 Whiskey: No
ChatterBot Echo reevaluating
2024-10-14 23:06:51.945839 Sierra: Tango, sending you 5
2024-10-14 23:06:51.946280 Whiskey: Tango, sending you 3
2024-10-14 23:06:51.949681 Tango: Sierra, sending you 6
2024-10-14 23:06:51.950046 Quebec: Sierra, Whiskey and Mike, sending you 3
2024-10-14 23:06:51.950392 Bravo: X-ray, sending you 10
2024-10-14 23:06:51.951265 Delta: Sierra, sending you 8
2024-10-14 23:06:51.951903 Mike: Sierra, sending you 3
2024-10-14 23:06:51.952335 X-ray: Bravo, sending you 11
2024-10-14 23:06:51.952793 Tango: Whiskey, sending you 3
2024-10-14 23:06:51.953946 Quebec: Tango, sending you 5
2024-10-14 23:06:51.954694 Delta: Whiskey, Mike and Tango, sending you 2
2024-10-14 23:06:51.955661 Bravo: Echo, sending you 6
2024-10-14 23:06:51.955924 Mike: Whiskey and Quebec, sending you 4
2024-10-14 23:06:51.956877 X-ray: Echo, sending you 3
2024-10-14 23:06:51.957164 Hotel: X-ray, sending you 6
2024-10-14 23:06:51.957430 Tango: Mike and Quebec, sending you 5
2024-10-14 23:06:51.959657 Mike: Delta, sending you 1
2024-10-14 23:06:51.960119 Hotel: Bravo, sending you 3
2024-10-14 23:06:51.960694 X-ray: Hotel, sending you 5
2024-10-14 23:06:51.962709 Hotel: Echo, sending you 5
2024-10-14 23:06:51.965001 Mike: Tango, sending you 5
2024-10-14 23:06:51.980668 Echo: X-ray, sending you 3
2024-10-14 23:06:51.984666 Echo: Bravo and Hotel, sending you 5
chatterbot X-ray submitting transactions
chatterbot Tango submitting transactions
chatterbot Whiskey submitting transactions
chatterbot Mike submitting transactions
chatterbot Delta submitting transactions
chatterbot Sierra submitting transactions
chatterbot Bravo submitting transactions
chatterbot Echo submitting transactions
chatterbot Quebec submitting transactions
chatterbot Hotel submitting transactions
ChatterBot Sierra round 7
ChatterBot Whiskey round 7
ChatterBot Delta round 7
ChatterBot X-ray round 7
ChatterBot Bravo round 7
ChatterBot Mike round 7
ChatterBot Quebec round 7
ChatterBot Tango round 7
ChatterBot Echo round 7
ChatterBot Hotel round 7
2024-10-14 23:06:53.038981 Echo: We should replace Whiskey with Delta
2024-10-14 23:06:53.048191 X-ray: No
2024-10-14 23:06:53.049024 Bravo: No
2024-10-14 23:06:53.049167 Hotel: No
ChatterBot Echo reevaluating
2024-10-14 23:06:53.084920 Echo: We should replace Whiskey with Mike
2024-10-14 23:06:53.097541 X-ray: No
2024-10-14 23:06:53.098442 Bravo: No
2024-10-14 23:06:53.098627 Hotel: No
ChatterBot Echo reevaluating
ChatterBot Echo reevaluating
ChatterBot Echo reevaluating
2024-10-14 23:06:53.141328 Delta: Sierra, sending you 8
2024-10-14 23:06:53.142201 Quebec: Sierra, Whiskey and Mike, sending you 3
2024-10-14 23:06:53.143273 X-ray: Bravo, sending you 11
2024-10-14 23:06:53.146112 Quebec: Tango, sending you 5
2024-10-14 23:06:53.147558 Bravo: X-ray, sending you 10
2024-10-14 23:06:53.148126 Delta: Whiskey and Mike, sending you 2
2024-10-14 23:06:53.149758 Mike: Sierra, sending you 3
2024-10-14 23:06:53.151086 Whiskey: Sierra, Mike and Quebec, sending you 4
2024-10-14 23:06:53.152518 Sierra: Whiskey, Delta, Mike and Quebec, sending you 3
2024-10-14 23:06:53.153482 Hotel: X-ray, sending you 7
2024-10-14 23:06:53.154751 Tango: Sierra, sending you 6
2024-10-14 23:06:53.155358 X-ray: Echo, sending you 3
2024-10-14 23:06:53.156333 Bravo: Echo, sending you 6
2024-10-14 23:06:53.156762 Delta: Quebec and Tango, sending you 1
2024-10-14 23:06:53.158060 Mike: Whiskey and Quebec, sending you 4
2024-10-14 23:06:53.158996 Sierra: Tango, sending you 4
2024-10-14 23:06:53.160496 Whiskey: Delta, sending you 1
2024-10-14 23:06:53.161711 Tango: Whiskey, sending you 3
2024-10-14 23:06:53.162255 Hotel: Bravo, sending you 2
2024-10-14 23:06:53.162798 X-ray: Hotel, sending you 5
2024-10-14 23:06:53.163860 Mike: Delta, sending you 1
2024-10-14 23:06:53.165672 Tango: Mike and Quebec, sending you 5
2024-10-14 23:06:53.166700 Whiskey: Tango, sending you 3
2024-10-14 23:06:53.167919 Hotel: Echo, sending you 5
2024-10-14 23:06:53.169712 Mike: Tango, sending you 5
2024-10-14 23:06:53.178655 Echo: X-ray, sending you 3
2024-10-14 23:06:53.183733 Echo: Bravo and Hotel, sending you 5
chatterbot Sierra submitting transactions
chatterbot X-ray submitting transactions
chatterbot Mike submitting transactions
chatterbot Echo submitting transactions
chatterbot Hotel submitting transactions
chatterbot Bravo submitting transactions
chatterbot Quebec submitting transactions
chatterbot Tango submitting transactions
chatterbot Whiskey submitting transactions
chatterbot Delta submitting transactions
ChatterBot Sierra round 8
ChatterBot Whiskey round 8
ChatterBot Delta round 8
ChatterBot X-ray round 8
ChatterBot Bravo round 8
ChatterBot Mike round 8
ChatterBot Quebec round 8
ChatterBot Tango round 8
ChatterBot Echo round 8
ChatterBot Hotel round 8
2024-10-14 23:06:54.256498 Echo: We should replace Whiskey with Delta
2024-10-14 23:06:54.267707 X-ray: No
2024-10-14 23:06:54.267992 Bravo: No
2024-10-14 23:06:54.268273 Hotel: No
ChatterBot Echo reevaluating
ChatterBot Echo reevaluating
ChatterBot Echo reevaluating
2024-10-14 23:06:54.308670 Sierra: Whiskey and Quebec, sending you 3
2024-10-14 23:06:54.311305 X-ray: Bravo, sending you 11
2024-10-14 23:06:54.312392 Bravo: X-ray, sending you 10
2024-10-14 23:06:54.313854 Sierra: Delta and Mike, sending you 2
2024-10-14 23:06:54.316195 X-ray: Echo, sending you 3
2024-10-14 23:06:54.319203 Bravo: Echo, sending you 6
2024-10-14 23:06:54.319922 Whiskey: Sierra, Mike and Quebec, sending you 4
2024-10-14 23:06:54.320828 Sierra: Tango, sending you 5
2024-10-14 23:06:54.322066 X-ray: Hotel, sending you 5
2024-10-14 23:06:54.323682 Hotel: X-ray, sending you 7
2024-10-14 23:06:54.325682 Whiskey: Delta, sending you 1
2024-10-14 23:06:54.326752 Tango: Sierra and Mike, sending you 5
2024-10-14 23:06:54.327508 Delta: Sierra, sending you 8
2024-10-14 23:06:54.329017 Quebec: Sierra, Whiskey and Mike, sending you 3
2024-10-14 23:06:54.329868 Mike: Sierra, sending you 3
2024-10-14 23:06:54.330490 Echo: Whiskey, sending you 1
2024-10-14 23:06:54.331553 Hotel: Bravo, sending you 1
2024-10-14 23:06:54.332070 Whiskey: Tango, sending you 3
2024-10-14 23:06:54.332819 Tango: Whiskey, sending you 3
2024-10-14 23:06:54.333680 Delta: Whiskey and Mike, sending you 2
2024-10-14 23:06:54.334886 Quebec: Tango, sending you 5
2024-10-14 23:06:54.335319 Echo: X-ray, sending you 3
2024-10-14 23:06:54.335667 Mike: Whiskey and Quebec, sending you 4
2024-10-14 23:06:54.336143 Tango: Quebec, sending you 6
2024-10-14 23:06:54.336669 Hotel: Echo, sending you 6
2024-10-14 23:06:54.337920 Delta: Quebec and Tango, sending you 1
2024-10-14 23:06:54.338994 Echo: Bravo, sending you 5
2024-10-14 23:06:54.340665 Mike: Delta, sending you 1
2024-10-14 23:06:54.343096 Echo: Hotel, sending you 4
2024-10-14 23:06:54.343670 Mike: Tango, sending you 5
chatterbot Sierra submitting transactions
chatterbot Delta submitting transactions
chatterbot Quebec submitting transactions
chatterbot Mike submitting transactions
chatterbot Tango submitting transactions
chatterbot Bravo submitting transactions
chatterbot X-ray submitting transactions
chatterbot Whiskey submitting transactions
chatterbot Echo submitting transactions
chatterbot Hotel submitting transactions
ChatterBot Sierra round 9
ChatterBot Whiskey round 9
ChatterBot Delta round 9
ChatterBot X-ray round 9
ChatterBot Bravo round 9
ChatterBot Mike round 9
ChatterBot Quebec round 9
ChatterBot Tango round 9
ChatterBot Echo round 9
ChatterBot Hotel round 9
2024-10-14 23:06:55.579720 Whiskey: Sierra, Mike and Quebec, sending you 4
2024-10-14 23:06:55.580825 Echo: We should drop Whiskey
2024-10-14 23:06:55.589778 X-ray: Yes
2024-10-14 23:06:55.589965 Bravo: Yes
2024-10-14 23:06:55.590124 Hotel: Yes
ChatterBot Echo reevaluating
ChatterBot Echo reevaluating
ChatterBot Echo reevaluating
2024-10-14 23:06:55.619443 Whiskey: Delta, sending you 1
2024-10-14 23:06:55.621702 Sierra: Whiskey, Mike and Quebec, sending you 3
2024-10-14 23:06:55.622706 Mike: Sierra, sending you 3
2024-10-14 23:06:55.623858 Delta: Sierra, sending you 8
2024-10-14 23:06:55.624409 Quebec: Sierra, Whiskey and Mike, sending you 3
2024-10-14 23:06:55.624848 Whiskey: Tango, sending you 3
2024-10-14 23:06:55.625350 Tango: Sierra, sending you 6
2024-10-14 23:06:55.626250 X-ray: Bravo, sending you 10
2024-10-14 23:06:55.626742 Hotel: X-ray, sending you 7
2024-10-14 23:06:55.627154 Bravo: X-ray, sending you 10
2024-10-14 23:06:55.627457 Sierra: Delta, sending you 2
2024-10-14 23:06:55.628752 Delta: Whiskey, sending you 2
2024-10-14 23:06:55.629302 Mike: Whiskey and Quebec, sending you 4
2024-10-14 23:06:55.629832 Tango: Whiskey, sending you 3
2024-10-14 23:06:55.630998 Quebec: Tango, sending you 5
2024-10-14 23:06:55.631737 X-ray: Echo, sending you 3
2024-10-14 23:06:55.632150 Hotel: Bravo, sending you 1
2024-10-14 23:06:55.633062 Bravo: Echo, sending you 6
2024-10-14 23:06:55.633460 Sierra: Tango, sending you 4
2024-10-14 23:06:55.634394 Mike: Delta, sending you 1
2024-10-14 23:06:55.635789 Delta: Mike, sending you 3
2024-10-14 23:06:55.636670 Tango: Mike and Quebec, sending you 5
2024-10-14 23:06:55.637317 X-ray: Hotel, sending you 6
2024-10-14 23:06:55.638377 Hotel: Echo, sending you 6
2024-10-14 23:06:55.640154 Mike: Tango, sending you 5
2024-10-14 23:06:55.641410 Delta: Tango, sending you 1
chatterbot Mike submitting transactions
chatterbot Quebec submitting transactions
chatterbot Hotel submitting transactions
chatterbot X-ray submitting transactions
chatterbot Sierra submitting transactions
chatterbot Bravo submitting transactions
chatterbot Whiskey submitting transactions
chatterbot Delta submitting transactions
chatterbot Echo submitting transactions
chatterbot Tango submitting transactions
ChatterBot Sierra round 10
ChatterBot Whiskey round 10
ChatterBot Delta round 10
ChatterBot X-ray round 10
ChatterBot Bravo round 10
ChatterBot Mike round 10
ChatterBot Quebec round 10
ChatterBot Tango round 10
ChatterBot Echo round 10
ChatterBot Hotel round 10
2024-10-14 23:06:56.816390 Echo: We should replace Whiskey with Delta
2024-10-14 23:06:56.822311 X-ray: No
2024-10-14 23:06:56.822516 Bravo: No
2024-10-14 23:06:56.822658 Hotel: No
ChatterBot Echo reevaluating
ChatterBot Echo reevaluating
ChatterBot Echo reevaluating
2024-10-14 23:06:56.849665 Delta: Sierra, sending you 8
2024-10-14 23:06:56.851693 Sierra: Whiskey, Mike and Quebec, sending you 3
2024-10-14 23:06:56.852413 X-ray: Bravo, sending you 10
2024-10-14 23:06:56.854651 Delta: Whiskey, sending you 2
2024-10-14 23:06:56.855654 Echo: Delta we want you to join our group
2024-10-14 23:06:56.858603 Delta: No
ChatterBot Echo reevaluating
2024-10-14 23:06:56.871559 Sierra: Delta, sending you 2
2024-10-14 23:06:56.872627 X-ray: Echo, sending you 3
2024-10-14 23:06:56.873330 Delta: Mike, sending you 3
2024-10-14 23:06:56.875730 Sierra: Tango, sending you 4
2024-10-14 23:06:56.876687 Tango: Sierra and Mike, sending you 5
2024-10-14 23:06:56.877314 X-ray: Hotel, sending you 6
2024-10-14 23:06:56.878442 Delta: Tango, sending you 1
2024-10-14 23:06:56.879293 Whiskey: Sierra, Mike and Quebec, sending you 4
2024-10-14 23:06:56.880459 Quebec: Sierra, Whiskey and Mike, sending you 3
2024-10-14 23:06:56.881359 Bravo: X-ray, sending you 10
2024-10-14 23:06:56.882133 Echo: We should drop Whiskey
2024-10-14 23:06:56.892092 X-ray: Yes
2024-10-14 23:06:56.892334 Bravo: Yes
2024-10-14 23:06:56.892503 Hotel: Yes
ChatterBot Echo reevaluating
ChatterBot Echo reevaluating
ChatterBot Echo reevaluating
2024-10-14 23:06:56.924360 Hotel: X-ray, sending you 7
2024-10-14 23:06:56.924806 Mike: Sierra, sending you 3
2024-10-14 23:06:56.925479 Tango: Whiskey, sending you 3
2024-10-14 23:06:56.925948 Whiskey: Delta, sending you 1
2024-10-14 23:06:56.926487 Quebec: Tango, sending you 5
2024-10-14 23:06:56.926878 Bravo: Echo, sending you 6
2024-10-14 23:06:56.927892 Mike: Whiskey and Quebec, sending you 4
2024-10-14 23:06:56.928671 Hotel: Bravo, sending you 1
2024-10-14 23:06:56.930705 Tango: Quebec, sending you 6
2024-10-14 23:06:56.931126 Whiskey: Tango, sending you 3
2024-10-14 23:06:56.931731 Mike: Delta, sending you 1
2024-10-14 23:06:56.933691 Hotel: Echo, sending you 6
2024-10-14 23:06:56.935692 Mike: Tango, sending you 5
chatterbot Delta submitting transactions
chatterbot Bravo submitting transactions
chatterbot Quebec submitting transactions
chatterbot Echo submitting transactions
chatterbot X-ray submitting transactions
chatterbot Whiskey submitting transactions
chatterbot Mike submitting transactions
chatterbot Tango submitting transactions
chatterbot Sierra submitting transactions
chatterbot Hotel submitting transactions
ChatterBot Sierra round 11
ChatterBot Whiskey round 11
ChatterBot Delta round 11
ChatterBot X-ray round 11
ChatterBot Bravo round 11
ChatterBot Mike round 11
ChatterBot Quebec round 11
ChatterBot Tango round 11
ChatterBot Echo round 11
ChatterBot Hotel round 11
2024-10-14 23:06:58.133165 Echo: We should replace Whiskey with Mike
2024-10-14 23:06:58.142710 X-ray: No
2024-10-14 23:06:58.142949 Bravo: No
2024-10-14 23:06:58.143297 Hotel: No
ChatterBot Echo reevaluating
ChatterBot Echo reevaluating
ChatterBot Echo reevaluating
2024-10-14 23:06:58.172118 Echo: We should replace Whiskey with Delta
2024-10-14 23:06:58.179973 X-ray: No
2024-10-14 23:06:58.180800 Bravo: No
2024-10-14 23:06:58.181062 Hotel: No
ChatterBot Echo reevaluating
ChatterBot Echo reevaluating
ChatterBot Echo reevaluating
2024-10-14 23:06:58.207143 X-ray: Bravo, sending you 10
2024-10-14 23:06:58.207888 Whiskey: Sierra, Mike and Quebec, sending you 4
2024-10-14 23:06:58.209309 Bravo: X-ray, sending you 10
2024-10-14 23:06:58.209647 Mike: Sierra, sending you 3
2024-10-14 23:06:58.211688 Whiskey: Delta, sending you 1
2024-10-14 23:06:58.212948 X-ray: Echo, sending you 3
2024-10-14 23:06:58.214427 Bravo: Echo, sending you 6
2024-10-14 23:06:58.215044 Mike: Whiskey and Quebec, sending you 4
2024-10-14 23:06:58.215998 Sierra: Whiskey, Mike and Quebec, sending you 3
2024-10-14 23:06:58.217501 Hotel: X-ray, sending you 8
2024-10-14 23:06:58.218501 Quebec: Sierra, Whiskey and Mike, sending you 3
2024-10-14 23:06:58.219811 Delta: Sierra, sending you 8
2024-10-14 23:06:58.221599 Tango: Sending you each 1
2024-10-14 23:06:58.222778 Whiskey: Tango, sending you 3
2024-10-14 23:06:58.224858 Echo: Delta we want you to join our group
2024-10-14 23:06:58.231326 Delta: No
ChatterBot Echo reevaluating
2024-10-14 23:06:58.251641 Echo: We should replace Whiskey with Quebec
2024-10-14 23:06:58.265306 X-ray: No
2024-10-14 23:06:58.265713 Bravo: No
2024-10-14 23:06:58.266085 Hotel: No
ChatterBot Echo reevaluating
ChatterBot Echo reevaluating
ChatterBot Echo reevaluating
2024-10-14 23:06:58.310445 X-ray: Hotel, sending you 6
2024-10-14 23:06:58.312302 Echo: We should replace Whiskey with Tango
2024-10-14 23:06:58.324819 X-ray: No
2024-10-14 23:06:58.325171 Bravo: No
2024-10-14 23:06:58.325494 Hotel: No
ChatterBot Echo reevaluating
ChatterBot Echo reevaluating
ChatterBot Echo reevaluating
2024-10-14 23:06:58.362796 Mike: Delta, sending you 1
2024-10-14 23:06:58.365233 Sierra: Delta, sending you 2
2024-10-14 23:06:58.367192 Hotel: Bravo, sending you 1
2024-10-14 23:06:58.368424 Quebec: Tango, sending you 5
2024-10-14 23:06:58.370009 Delta: Whiskey and Mike, sending you 3
2024-10-14 23:06:58.372055 Mike: Tango, sending you 5
2024-10-14 23:06:58.373391 Sierra: Tango, sending you 4
2024-10-14 23:06:58.375310 Hotel: Echo, sending you 5
2024-10-14 23:06:58.393662 Echo: Delta, sending you 1
2024-10-14 23:06:58.399663 Echo: X-ray, sending you 3
2024-10-14 23:06:58.405674 Echo: Bravo, sending you 5
2024-10-14 23:06:58.408651 Echo: Hotel, sending you 4
chatterbot Tango submitting transactions
chatterbot Delta submitting transactions
chatterbot Bravo submitting transactions
chatterbot X-ray submitting transactions
chatterbot Mike submitting transactions
chatterbot Echo submitting transactions
chatterbot Sierra submitting transactions
chatterbot Hotel submitting transactions
chatterbot Whiskey submitting transactions
chatterbot Quebec submitting transactions
ChatterBot Sierra round 12
ChatterBot Whiskey round 12
ChatterBot Delta round 12
ChatterBot X-ray round 12
ChatterBot Bravo round 12
ChatterBot Mike round 12
ChatterBot Quebec round 12
ChatterBot Tango round 12
ChatterBot Echo round 12
ChatterBot Hotel round 12
2024-10-14 23:06:59.235825 Echo: We should replace Delta with Mike
ChatterBot Hotel reevaluating
2024-10-14 23:06:59.242596 X-ray: No
2024-10-14 23:06:59.242766 Bravo: No
2024-10-14 23:06:59.243204 Hotel: Yes
ChatterBot Echo reevaluating
ChatterBot Hotel reevaluating
ChatterBot Echo reevaluating
ChatterBot Hotel reevaluating
ChatterBot Echo reevaluating
2024-10-14 23:06:59.270912 Hotel: We should add Quebec
ChatterBot Echo reevaluating
2024-10-14 23:06:59.278859 Echo: Yes
2024-10-14 23:06:59.279009 X-ray: No
2024-10-14 23:06:59.279121 Bravo: No
ChatterBot Hotel reevaluating
ChatterBot Echo reevaluating
ChatterBot Hotel reevaluating
ChatterBot Echo reevaluating
ChatterBot Hotel reevaluating
2024-10-14 23:06:59.306159 Echo: We should replace Delta with Sierra
ChatterBot Hotel reevaluating
2024-10-14 23:06:59.314650 X-ray: No
2024-10-14 23:06:59.314962 Bravo: No
2024-10-14 23:06:59.315123 Hotel: No
ChatterBot Echo reevaluating
ChatterBot Hotel reevaluating
ChatterBot Echo reevaluating
ChatterBot Hotel reevaluating
ChatterBot Echo reevaluating
2024-10-14 23:06:59.340693 X-ray: I was attacked by Tango
ChatterBot Echo reevaluating
ChatterBot Bravo reevaluating
ChatterBot Hotel reevaluating
2024-10-14 23:06:59.349585 X-ray: I'm keeping this round to protect myself
2024-10-14 23:06:59.350533 X-ray: Ow
2024-10-14 23:06:59.351595 Hotel: We should add Sierra
ChatterBot Echo reevaluating
ChatterBot Bravo reevaluating
2024-10-14 23:06:59.359633 Echo: Yes
2024-10-14 23:06:59.360246 X-ray: No
2024-10-14 23:06:59.360357 Bravo: No
ChatterBot Bravo reevaluating
ChatterBot Hotel reevaluating
ChatterBot Echo reevaluating
ChatterBot Bravo reevaluating
ChatterBot Hotel reevaluating
ChatterBot Echo reevaluating
