ChatterBot Uniform round 1
ChatterBot Mike round 1
ChatterBot Echo round 1
ChatterBot X-ray round 1
ChatterBot Tango round 1
ChatterBot Sierra round 1
ChatterBot Charlie round 1
ChatterBot Delta round 1
ChatterBot Bravo round 1
ChatterBot Yankee round 1
randomSelections Delta: {Delta, Tango, Yankee, Mike, Uniform, Sierra, Echo} 
2024-10-14 23:06:43.580914 Delta: We should group up
ChatterBot Tango reevaluating
ChatterBot Yankee reevaluating
ChatterBot Mike reevaluating
ChatterBot Uniform reevaluating
ChatterBot Sierra reevaluating
ChatterBot Echo reevaluating
2024-10-14 23:06:43.711738 Tango: Yes
2024-10-14 23:06:43.711957 Yankee: Yes
2024-10-14 23:06:43.712139 Mike: Yes
2024-10-14 23:06:43.712330 Uniform: Yes
2024-10-14 23:06:43.712490 Sierra: Yes
2024-10-14 23:06:43.712631 Echo: Yes
ChatterBot Yankee reevaluating
ChatterBot Mike reevaluating
ChatterBot Uniform reevaluating
ChatterBot Sierra reevaluating
ChatterBot Echo reevaluating
ChatterBot Tango reevaluating
ChatterBot Mike reevaluating
ChatterBot Uniform reevaluating
ChatterBot Sierra reevaluating
ChatterBot Echo reevaluating
ChatterBot Tango reevaluating
ChatterBot Yankee reevaluating
ChatterBot Uniform reevaluating
ChatterBot Sierra reevaluating
ChatterBot Echo reevaluating
ChatterBot Tango reevaluating
ChatterBot Yankee reevaluating
ChatterBot Mike reevaluating
ChatterBot Sierra reevaluating
ChatterBot Echo reevaluating
ChatterBot Tango reevaluating
ChatterBot Yankee reevaluating
ChatterBot Mike reevaluating
ChatterBot Uniform reevaluating
ChatterBot Echo reevaluating
ChatterBot Tango reevaluating
ChatterBot Yankee reevaluating
ChatterBot Mike reevaluating
ChatterBot Uniform reevaluating
ChatterBot Sierra reevaluating
randomSelections Bravo: {Bravo, Yankee, Charlie, Delta, Tango, X-ray, Uniform} 
2024-10-14 23:06:43.831901 Bravo: We would work well together
ChatterBot Yankee reevaluating
ChatterBot Charlie reevaluating
ChatterBot Tango reevaluating
ChatterBot X-ray reevaluating
ChatterBot Uniform reevaluating
2024-10-14 23:06:43.841821 Yankee: No
2024-10-14 23:06:43.842462 Charlie: Yes
2024-10-14 23:06:43.842592 Delta: No
2024-10-14 23:06:43.842772 Tango: No
2024-10-14 23:06:43.842954 X-ray: Yes
2024-10-14 23:06:43.843057 Uniform: No
ChatterBot Charlie reevaluating
ChatterBot Tango reevaluating
ChatterBot X-ray reevaluating
ChatterBot Uniform reevaluating
ChatterBot Yankee reevaluating
ChatterBot Tango reevaluating
ChatterBot X-ray reevaluating
ChatterBot Uniform reevaluating
ChatterBot Yankee reevaluating
ChatterBot Charlie reevaluating
ChatterBot Tango reevaluating
ChatterBot X-ray reevaluating
ChatterBot Uniform reevaluating
ChatterBot Yankee reevaluating
ChatterBot Charlie reevaluating
ChatterBot X-ray reevaluating
ChatterBot Uniform reevaluating
ChatterBot Yankee reevaluating
ChatterBot Charlie reevaluating
ChatterBot Tango reevaluating
ChatterBot Uniform reevaluating
ChatterBot Yankee reevaluating
ChatterBot Charlie reevaluating
ChatterBot Tango reevaluating
ChatterBot X-ray reevaluating
2024-10-14 23:06:43.943742 Delta: Uniform, Mike and Sierra, sending you 2
2024-10-14 23:06:43.946714 X-ray: Uniform and Bravo, sending you 2
2024-10-14 23:06:43.948621 Uniform: Mike, sending you 5
2024-10-14 23:06:43.950301 Charlie: Uniform, Delta, Bravo and Yankee, sending you 3
2024-10-14 23:06:43.952900 Yankee: Mike, sending you 3
2024-10-14 23:06:43.956369 Delta: Echo, sending you 5
2024-10-14 23:06:43.957492 Tango: Uniform, sending you 6
2024-10-14 23:06:43.960016 X-ray: Tango, Charlie and Delta, sending you 4
2024-10-14 23:06:43.963001 Echo: Uniform, Mike, Delta and Yankee, sending you 3
2024-10-14 23:06:43.964416 Uniform: Echo, Tango and Sierra, sending you 1
2024-10-14 23:06:43.966809 Charlie: X-ray, sending you 5
2024-10-14 23:06:43.969453 Yankee: Echo, sending you 4
2024-10-14 23:06:43.970495 Delta: Tango and Yankee, sending you 1
2024-10-14 23:06:43.972427 Tango: Echo and Sierra, sending you 3
2024-10-14 23:06:43.973507 Bravo: Uniform and Tango, sending you 3
2024-10-14 23:06:43.976034 X-ray: Yankee, sending you 1
2024-10-14 23:06:43.976923 Echo: Sierra, sending you 5
2024-10-14 23:06:43.979276 Uniform: Delta, sending you 4
2024-10-14 23:06:43.980346 Charlie: Tango, sending you 2
2024-10-14 23:06:43.982635 Mike: Uniform, sending you 5
2024-10-14 23:06:43.983399 Yankee: Tango, sending you 5
2024-10-14 23:06:43.984192 Tango: Delta, sending you 5
2024-10-14 23:06:43.986300 Bravo: X-ray, sending you 5
2024-10-14 23:06:43.988735 Uniform: Yankee, sending you 2
2024-10-14 23:06:43.989943 Mike: Echo, Delta and Yankee, sending you 1
2024-10-14 23:06:43.990943 Yankee: Sierra, sending you 2
2024-10-14 23:06:43.993061 Bravo: Charlie, sending you 4
2024-10-14 23:06:44.010691 Mike: Tango, sending you 3
2024-10-14 23:06:44.021435 Bravo: Yankee, sending you 2
2024-10-14 23:06:44.023998 Mike: Sierra, sending you 6
chatterbot Mike submitting transactions
chatterbot Sierra submitting transactions
chatterbot Bravo submitting transactions
chatterbot Charlie submitting transactions
chatterbot Echo submitting transactions
chatterbot Tango submitting transactions
chatterbot Yankee submitting transactions
chatterbot Delta submitting transactions
chatterbot Uniform submitting transactions
chatterbot X-ray submitting transactions
ChatterBot Uniform round 2
ChatterBot Mike round 2
ChatterBot Echo round 2
ChatterBot X-ray round 2
ChatterBot Tango round 2
ChatterBot Sierra round 2
ChatterBot Charlie round 2
ChatterBot Delta round 2
2024-10-14 23:06:45.314624 Tango: Let's form a team
ChatterBot Mike reevaluating
ChatterBot Echo reevaluating
ChatterBot Delta reevaluating
ChatterBot Yankee reevaluating
ChatterBot X-ray reevaluating
ChatterBot Charlie reevaluating
ChatterBot Bravo reevaluating
2024-10-14 23:06:45.376227 Uniform: No
2024-10-14 23:06:45.376449 Mike: No
2024-10-14 23:06:45.376646 Echo: No
2024-10-14 23:06:45.377297 Delta: No
2024-10-14 23:06:45.377473 Yankee: No
2024-10-14 23:06:45.377641 X-ray: No
2024-10-14 23:06:45.377812 Charlie: No
2024-10-14 23:06:45.377957 Bravo: No
ChatterBot Mike reevaluating
ChatterBot Echo reevaluating
ChatterBot Delta reevaluating
ChatterBot Yankee reevaluating
ChatterBot X-ray reevaluating
ChatterBot Charlie reevaluating
ChatterBot Bravo reevaluating
ChatterBot Echo reevaluating
ChatterBot Delta reevaluating
ChatterBot Yankee reevaluating
ChatterBot X-ray reevaluating
ChatterBot Charlie reevaluating
ChatterBot Bravo reevaluating
ChatterBot Uniform reevaluating
ChatterBot Mike reevaluating
ChatterBot Delta reevaluating
ChatterBot Yankee reevaluating
ChatterBot X-ray reevaluating
ChatterBot Charlie reevaluating
ChatterBot Bravo reevaluating
ChatterBot Uniform reevaluating
ChatterBot Mike reevaluating
ChatterBot Echo reevaluating
ChatterBot Yankee reevaluating
ChatterBot X-ray reevaluating
ChatterBot Charlie reevaluating
ChatterBot Bravo reevaluating
ChatterBot Uniform reevaluating
ChatterBot Mike reevaluating
ChatterBot Echo reevaluating
ChatterBot Delta reevaluating
ChatterBot X-ray reevaluating
ChatterBot Charlie reevaluating
ChatterBot Bravo reevaluating
ChatterBot Uniform reevaluating
ChatterBot Mike reevaluating
ChatterBot Echo reevaluating
ChatterBot Delta reevaluating
ChatterBot Yankee reevaluating
ChatterBot Charlie reevaluating
ChatterBot Bravo reevaluating
ChatterBot Uniform reevaluating
ChatterBot Mike reevaluating
ChatterBot Echo reevaluating
ChatterBot Delta reevaluating
ChatterBot Yankee reevaluating
ChatterBot X-ray reevaluating
ChatterBot Bravo reevaluating
ChatterBot Uniform reevaluating
ChatterBot Mike reevaluating
ChatterBot Echo reevaluating
ChatterBot Delta reevaluating
ChatterBot Yankee reevaluating
ChatterBot X-ray reevaluating
ChatterBot Charlie reevaluating
ChatterBot Bravo round 2
ChatterBot Yankee round 2
2024-10-14 23:06:46.112163 Echo: We should drop Sierra
ChatterBot Uniform reevaluating
2024-10-14 23:06:46.133771 Uniform: Yes
2024-10-14 23:06:46.134016 Mike: No
2024-10-14 23:06:46.134707 Tango: Yes
2024-10-14 23:06:46.134871 Delta: Yes
2024-10-14 23:06:46.135043 Yankee: Yes
ChatterBot Yankee reevaluating
ChatterBot Uniform reevaluating
ChatterBot Yankee reevaluating
ChatterBot Uniform reevaluating
ChatterBot Yankee reevaluating
ChatterBot Uniform reevaluating
ChatterBot Mike reevaluating
ChatterBot Yankee reevaluating
ChatterBot Uniform reevaluating
ChatterBot Mike reevaluating
2024-10-14 23:06:46.533135 Uniform: We should drop Yankee and Sierra
ChatterBot Mike reevaluating
2024-10-14 23:06:46.548824 Mike: No
2024-10-14 23:06:46.549021 Echo: No
2024-10-14 23:06:46.549695 Tango: No
2024-10-14 23:06:46.549812 Delta: No
ChatterBot Uniform reevaluating
ChatterBot Uniform reevaluating
ChatterBot Mike reevaluating
ChatterBot Uniform reevaluating
ChatterBot Mike reevaluating
ChatterBot Uniform reevaluating
ChatterBot Mike reevaluating
2024-10-14 23:06:46.615158 Tango: Uniform, Echo and Delta, sending you 1
chatterbot Tango submitting transactions
2024-10-14 23:06:47.114441 Tango: Mike, Charlie and Bravo, sending you 2
2024-10-14 23:06:47.115010 Echo: Uniform, sending you 2
2024-10-14 23:06:47.115317 Charlie: X-ray, sending you 10
2024-10-14 23:06:47.115619 X-ray: Tango, sending you 2
2024-10-14 23:06:47.117563 Yankee: X-ray, sending you 4
2024-10-14 23:06:47.118093 Sierra: Mike, sending you 2
chatterbot Charlie submitting transactions
chatterbot Yankee submitting transactions
2024-10-14 23:06:47.120899 Tango: X-ray and Yankee, sending you 4
2024-10-14 23:06:47.121317 Echo: Mike, sending you 1
2024-10-14 23:06:47.121618 Charlie: Bravo, sending you 9
2024-10-14 23:06:47.125809 Sierra: Echo, sending you 1
2024-10-14 23:06:47.126240 X-ray: Charlie, sending you 8
2024-10-14 23:06:47.126530 Yankee: Charlie and Bravo, sending you 5
2024-10-14 23:06:47.128982 Bravo: X-ray, sending you 7
2024-10-14 23:06:47.129311 Delta: Uniform, sending you 4
2024-10-14 23:06:47.129673 Echo: Tango, sending you 4
2024-10-14 23:06:47.130070 X-ray: Bravo, sending you 7
2024-10-14 23:06:47.132102 Bravo: Sierra, sending you 1
2024-10-14 23:06:47.470373 Delta: Mike, sending you 1
2024-10-14 23:06:47.470784 Echo: Delta, sending you 7
2024-10-14 23:06:47.471191 Bravo: Charlie, sending you 9
chatterbot Sierra submitting transactions
chatterbot Delta submitting transactions
chatterbot Uniform submitting transactions
chatterbot Mike submitting transactions
chatterbot Echo submitting transactions
2024-10-14 23:06:47.561023 Echo: Yankee, sending you 5
2024-10-14 23:06:47.561941 Uniform: Mike and Tango, sending you 4
2024-10-14 23:06:47.562201 Mike: Uniform, sending you 6
2024-10-14 23:06:47.562567 Delta: Echo, sending you 3
2024-10-14 23:06:47.588128 Uniform: Echo and Delta, sending you 3
2024-10-14 23:06:47.588783 Mike: Echo, Delta and Yankee, sending you 3
2024-10-14 23:06:47.589950 Delta: Tango, sending you 5
chatterbot Bravo submitting transactions
2024-10-14 23:06:47.612380 Mike: Tango and Sierra, sending you 1
chatterbot X-ray submitting transactions
ChatterBot Uniform round 3
ChatterBot Mike round 3
ChatterBot Echo round 3
ChatterBot X-ray round 3
ChatterBot Tango round 3
ChatterBot Sierra round 3
ChatterBot Charlie round 3
ChatterBot Delta round 3
ChatterBot Bravo round 3
ChatterBot Yankee round 3
2024-10-14 23:06:47.653671 Charlie: We should add Yankee
ChatterBot Bravo reevaluating
2024-10-14 23:06:47.661756 X-ray: No
2024-10-14 23:06:47.661921 Bravo: Yes
ChatterBot Bravo reevaluating
2024-10-14 23:06:47.677150 Bravo: We should replace Sierra with Yankee
2024-10-14 23:06:47.686174 Charlie: Yes
2024-10-14 23:06:47.686369 X-ray: No
ChatterBot Bravo reevaluating
ChatterBot Bravo reevaluating
2024-10-14 23:06:47.731733 Charlie: Yankee we want you to join our group
2024-10-14 23:06:47.735933 Yankee: No
ChatterBot Bravo reevaluating
2024-10-14 23:06:47.759349 Sierra: Mike and Echo, sending you 2
2024-10-14 23:06:47.760242 Uniform: Mike, sending you 5
2024-10-14 23:06:47.760498 Bravo: Yankee we want you to join our group
2024-10-14 23:06:47.764334 Yankee: No
2024-10-14 23:06:47.774739 Sierra: Tango, Delta and Yankee, sending you 1
2024-10-14 23:06:47.775271 Uniform: Echo, Tango and Delta, sending you 3
2024-10-14 23:06:49.309845 Delta: Uniform and Tango, sending you 3
2024-10-14 23:06:49.310397 Echo: Uniform, sending you 4
2024-10-14 23:06:49.311330 Mike: Uniform, sending you 6
2024-10-14 23:06:49.311878 Tango: Uniform and Delta, sending you 3
2024-10-14 23:06:49.313076 X-ray: Tango, sending you 4
2024-10-14 23:06:49.313492 Charlie: X-ray and Bravo, sending you 8
2024-10-14 23:06:49.313885 Yankee: Uniform, Mike, Echo and Tango, sending you 3
2024-10-14 23:06:49.315103 Delta: Mike, sending you 2
2024-10-14 23:06:49.315476 Echo: Mike, Tango and Yankee, sending you 3
2024-10-14 23:06:49.315859 Mike: Echo, sending you 3
2024-10-14 23:06:49.316874 Tango: Mike, Echo, X-ray, Bravo and Yankee, sending you 2
2024-10-14 23:06:49.317466 X-ray: Charlie, sending you 7
2024-10-14 23:06:49.318475 Charlie: Yankee, sending you 3
2024-10-14 23:06:49.318817 Bravo: X-ray, sending you 6
2024-10-14 23:06:49.319109 Delta: Echo, sending you 5
2024-10-14 23:06:49.319437 Echo: Delta, sending you 6
2024-10-14 23:06:49.320455 Yankee: Delta, sending you 2
2024-10-14 23:06:49.320907 Tango: Charlie, sending you 1
2024-10-14 23:06:49.321891 Mike: Tango, Sierra, Delta and Yankee, sending you 2
2024-10-14 23:06:49.322342 X-ray: Bravo, sending you 6
2024-10-14 23:06:49.322693 Bravo: Charlie, sending you 7
2024-10-14 23:06:49.344635 Bravo: Yankee, sending you 4
chatterbot Uniform submitting transactions
chatterbot Yankee submitting transactions
chatterbot Delta submitting transactions
chatterbot Charlie submitting transactions
chatterbot Echo submitting transactions
chatterbot X-ray submitting transactions
chatterbot Mike submitting transactions
chatterbot Tango submitting transactions
chatterbot Bravo submitting transactions
chatterbot Sierra submitting transactions
ChatterBot Uniform round 4
ChatterBot Mike round 4
ChatterBot Echo round 4
ChatterBot X-ray round 4
ChatterBot Tango round 4
ChatterBot Sierra round 4
ChatterBot Charlie round 4
ChatterBot Delta round 4
ChatterBot Bravo round 4
ChatterBot Yankee round 4
2024-10-14 23:06:50.403293 Charlie: We should drop Yankee
2024-10-14 23:06:50.414522 X-ray: Yes
2024-10-14 23:06:50.414841 Bravo: No
2024-10-14 23:06:50.444890 Uniform: Mike, sending you 5
2024-10-14 23:06:50.445381 Bravo: X-ray, sending you 6
2024-10-14 23:06:50.446282 Echo: Uniform, sending you 4
2024-10-14 23:06:50.446735 Mike: Uniform, sending you 5
2024-10-14 23:06:50.447728 X-ray: Tango, sending you 4
2024-10-14 23:06:50.448054 Tango: Uniform, Mike, Echo and Yankee, sending you 3
2024-10-14 23:06:50.448552 Sierra: Uniform, Tango, Delta and Yankee, sending you 1
2024-10-14 23:06:50.449572 Uniform: Echo, Tango and Delta, sending you 3
2024-10-14 23:06:50.458461 Bravo: Charlie, sending you 8
2024-10-14 23:06:50.458980 Echo: Mike, Tango and Yankee, sending you 3
2024-10-14 23:06:50.460303 Mike: Echo and Yankee, sending you 3
2024-10-14 23:06:50.460999 Tango: Sierra, sending you 1
2024-10-14 23:06:50.461635 Sierra: Mike, sending you 3
2024-10-14 23:06:50.462871 X-ray: Charlie, sending you 7
2024-10-14 23:06:50.463280 Yankee: X-ray, sending you 4
2024-10-14 23:06:50.463628 Charlie: X-ray, sending you 10
2024-10-14 23:06:50.464579 Delta: Uniform and Tango, sending you 3
2024-10-14 23:06:50.465118 Bravo: Yankee, sending you 3
2024-10-14 23:06:50.465437 Echo: Delta, sending you 6
2024-10-14 23:06:50.466522 Tango: Delta, sending you 4
2024-10-14 23:06:50.467071 Mike: Tango, Sierra and Delta, sending you 2
2024-10-14 23:06:50.468085 X-ray: Bravo, sending you 6
2024-10-14 23:06:50.468442 Sierra: Echo, sending you 2
2024-10-14 23:06:50.468883 Yankee: Charlie and Bravo, sending you 5
2024-10-14 23:06:50.469183 Charlie: Bravo, sending you 9
2024-10-14 23:06:50.469416 Delta: Mike, sending you 2
2024-10-14 23:06:50.480326 Delta: Echo, sending you 4
2024-10-14 23:06:50.508539 Delta: Yankee, sending you 1
chatterbot Charlie submitting transactions
chatterbot Delta submitting transactions
chatterbot Tango submitting transactions
chatterbot Yankee submitting transactions
chatterbot Sierra submitting transactions
chatterbot Bravo submitting transactions
chatterbot Echo submitting transactions
chatterbot Uniform submitting transactions
chatterbot Mike submitting transactions
chatterbot X-ray submitting transactions
ChatterBot Uniform round 5
ChatterBot Mike round 5
ChatterBot Echo round 5
ChatterBot X-ray round 5
ChatterBot Tango round 5
ChatterBot Sierra round 5
ChatterBot Charlie round 5
ChatterBot Delta round 5
ChatterBot Bravo round 5
2024-10-14 23:06:51.599748 X-ray: We should add Yankee
ChatterBot Charlie reevaluating
ChatterBot Bravo reevaluating
ChatterBot Tango reevaluating
2024-10-14 23:06:51.606869 Charlie: Yes
2024-10-14 23:06:51.606984 Bravo: Yes
2024-10-14 23:06:51.607084 Tango: Yes
ChatterBot X-ray reevaluating
ChatterBot Bravo reevaluating
ChatterBot Tango reevaluating
ChatterBot X-ray reevaluating
ChatterBot Charlie reevaluating
ChatterBot Tango reevaluating
ChatterBot X-ray reevaluating
ChatterBot Charlie reevaluating
ChatterBot Bravo reevaluating
ChatterBot Yankee round 5
2024-10-14 23:06:51.643795 Echo: We should replace Yankee with Sierra
ChatterBot Tango reevaluating
ChatterBot Delta reevaluating
2024-10-14 23:06:51.651634 Uniform: No
2024-10-14 23:06:51.651812 Mike: No
2024-10-14 23:06:51.651944 Tango: No
2024-10-14 23:06:51.652030 Delta: Yes
ChatterBot Tango reevaluating
ChatterBot Delta reevaluating
ChatterBot Echo reevaluating
ChatterBot Tango reevaluating
ChatterBot Delta reevaluating
ChatterBot Echo reevaluating
ChatterBot Delta reevaluating
ChatterBot Echo reevaluating
ChatterBot Tango reevaluating
2024-10-14 23:06:51.697028 Charlie: Yankee we want you to join our group
2024-10-14 23:06:51.699865 Yankee: No
ChatterBot X-ray reevaluating
ChatterBot Charlie reevaluating
2024-10-14 23:06:51.707605 Bravo: Sierra we want you to join our group
2024-10-14 23:06:51.710011 Sierra: No
ChatterBot X-ray reevaluating
ChatterBot Charlie reevaluating
2024-10-14 23:06:51.721522 Delta: Sierra we want you to join our group
2024-10-14 23:06:51.725834 Sierra: Yes
ChatterBot Delta reevaluating
ChatterBot Echo reevaluating
2024-10-14 23:06:51.739304 Echo: We should add Sierra
ChatterBot Delta reevaluating
2024-10-14 23:06:51.750988 Uniform: No
2024-10-14 23:06:51.751138 Mike: Yes
2024-10-14 23:06:51.751260 Tango: Yes
2024-10-14 23:06:51.751430 Delta: Yes
2024-10-14 23:06:51.751521 Yankee: Yes
ChatterBot Echo reevaluating
ChatterBot Delta reevaluating
ChatterBot Echo reevaluating
ChatterBot Delta reevaluating
ChatterBot Echo reevaluating
ChatterBot Delta reevaluating
ChatterBot Echo reevaluating
ChatterBot Echo reevaluating
ChatterBot Delta reevaluating
2024-10-14 23:06:51.809202 Uniform: Mike, sending you 5
2024-10-14 23:06:51.809512 Mike: Uniform, sending you 5
2024-10-14 23:06:51.809983 X-ray: Yankee we want you to join our group
2024-10-14 23:06:51.812539 Yankee: No
ChatterBot X-ray reevaluating
ChatterBot Charlie reevaluating
2024-10-14 23:06:51.824610 X-ray: We should replace Tango with Yankee
ChatterBot Charlie reevaluating
2024-10-14 23:06:51.832381 Charlie: Yes
2024-10-14 23:06:51.832659 Bravo: Yes
ChatterBot X-ray reevaluating
ChatterBot Charlie reevaluating
ChatterBot X-ray reevaluating
2024-10-14 23:06:51.851799 Tango: Uniform and Delta, sending you 4
2024-10-14 23:06:51.852382 Sierra: Uniform, Delta and Yankee, sending you 1
2024-10-14 23:06:51.852789 Uniform: Echo, Tango and Delta, sending you 3
2024-10-14 23:06:51.853072 Mike: Echo, Tango and Sierra, sending you 3
2024-10-14 23:06:51.853402 Echo: Sierra we want you to join our group
2024-10-14 23:06:51.857314 Sierra: Yes
ChatterBot Echo reevaluating
2024-10-14 23:06:51.874058 Yankee: Uniform, sending you 1
2024-10-14 23:06:51.874988 Sierra: Mike, sending you 4
2024-10-14 23:06:51.875366 Tango: Mike and Echo, sending you 3
2024-10-14 23:06:51.875831 Mike: Delta, sending you 2
2024-10-14 23:06:51.876668 Bravo: X-ray, sending you 6
2024-10-14 23:06:51.877769 Sierra: Echo and Tango, sending you 2
2024-10-14 23:06:51.878692 Mike: Yankee, sending you 1
2024-10-14 23:06:51.879703 Yankee: Mike, Echo and Tango, sending you 3
2024-10-14 23:06:51.880119 Tango: Sierra, sending you 1
2024-10-14 23:06:51.881008 Bravo: Sierra, sending you 1
2024-10-14 23:06:51.884669 Yankee: Sierra and Delta, sending you 2
2024-10-14 23:06:51.885214 Tango: Yankee, sending you 2
2024-10-14 23:06:51.886190 Bravo: Charlie, sending you 7
2024-10-14 23:06:51.890686 Bravo: Yankee, sending you 3
2024-10-14 23:06:51.902720 Delta: Uniform and Tango, sending you 3
2024-10-14 23:06:51.904672 Charlie: X-ray and Bravo, sending you 8
2024-10-14 23:06:51.905503 Echo: Uniform, sending you 4
2024-10-14 23:06:51.906072 Delta: Mike, sending you 2
chatterbot Bravo submitting transactions
2024-10-14 23:06:51.908670 Delta: Echo, sending you 4
2024-10-14 23:06:51.909669 Charlie: Yankee, sending you 3
2024-10-14 23:06:51.910677 Echo: Mike and Tango, sending you 3
2024-10-14 23:06:51.911344 X-ray: Tango, sending you 2
2024-10-14 23:06:51.913685 Delta: Sierra, sending you 1
2024-10-14 23:06:51.914572 Echo: Sierra and Yankee, sending you 2
2024-10-14 23:06:51.915697 X-ray: Charlie, sending you 7
2024-10-14 23:06:51.917664 Echo: Delta, sending you 5
2024-10-14 23:06:51.920668 X-ray: Bravo, sending you 5
2024-10-14 23:06:51.923670 X-ray: Yankee, sending you 3
chatterbot Sierra submitting transactions
chatterbot Mike submitting transactions
chatterbot Yankee submitting transactions
chatterbot X-ray submitting transactions
chatterbot Uniform submitting transactions
chatterbot Delta submitting transactions
chatterbot Tango submitting transactions
chatterbot Echo submitting transactions
chatterbot Charlie submitting transactions
ChatterBot Uniform round 6
ChatterBot Mike round 6
ChatterBot Echo round 6
ChatterBot X-ray round 6
ChatterBot Tango round 6
ChatterBot Sierra round 6
ChatterBot Charlie round 6
ChatterBot Delta round 6
ChatterBot Bravo round 6
ChatterBot Yankee round 6
2024-10-14 23:06:53.070893 X-ray: We should drop Tango
ChatterBot Yankee reevaluating
2024-10-14 23:06:53.085418 Yankee: No
2024-10-14 23:06:53.085667 Charlie: Yes
2024-10-14 23:06:53.086428 Bravo: Yes
ChatterBot X-ray reevaluating
ChatterBot Yankee reevaluating
ChatterBot X-ray reevaluating
ChatterBot Yankee reevaluating
ChatterBot X-ray reevaluating
2024-10-14 23:06:53.142059 Mike: Uniform, sending you 4
2024-10-14 23:06:53.143481 Echo: Uniform, sending you 4
2024-10-14 23:06:53.144141 Tango: Uniform, Mike, Echo, Delta and Yankee, sending you 3
2024-10-14 23:06:53.147030 Mike: Echo, Tango and Sierra, sending you 3
2024-10-14 23:06:53.147993 Echo: Mike and Tango, sending you 3
2024-10-14 23:06:53.149629 Tango: Sierra, sending you 2
2024-10-14 23:06:53.151029 Yankee: X-ray, sending you 4
2024-10-14 23:06:53.153763 Uniform: Mike, sending you 5
2024-10-14 23:06:53.154847 Sierra: Uniform, sending you 1
2024-10-14 23:06:53.155522 Echo: Sierra and Yankee, sending you 2
2024-10-14 23:06:53.156504 Mike: Delta and Yankee, sending you 2
2024-10-14 23:06:53.157387 Charlie: X-ray and Bravo, sending you 8
2024-10-14 23:06:53.158294 Delta: Uniform and Tango, sending you 3
2024-10-14 23:06:53.158958 Yankee: Charlie and Bravo, sending you 5
2024-10-14 23:06:53.159918 Sierra: Mike, sending you 4
2024-10-14 23:06:53.160706 Uniform: Echo, Tango and Delta, sending you 3
2024-10-14 23:06:53.161682 Echo: Delta, sending you 5
2024-10-14 23:06:53.162378 Delta: Mike, sending you 2
2024-10-14 23:06:53.162935 Charlie: Yankee, sending you 3
2024-10-14 23:06:53.163869 Sierra: Echo, Tango, Delta and Yankee, sending you 2
2024-10-14 23:06:53.164891 Bravo: X-ray, sending you 6
2024-10-14 23:06:53.167672 Delta: Echo, sending you 4
2024-10-14 23:06:53.168699 Bravo: Charlie, sending you 8
2024-10-14 23:06:53.171700 Delta: Sierra, sending you 1
2024-10-14 23:06:53.172188 Bravo: Yankee, sending you 3
chatterbot Delta submitting transactions
chatterbot Uniform submitting transactions
chatterbot Bravo submitting transactions
chatterbot X-ray submitting transactions
chatterbot Yankee submitting transactions
chatterbot Sierra submitting transactions
chatterbot Charlie submitting transactions
chatterbot Mike submitting transactions
chatterbot Tango submitting transactions
chatterbot Echo submitting transactions
ChatterBot Uniform round 7
ChatterBot Mike round 7
ChatterBot Echo round 7
ChatterBot X-ray round 7
ChatterBot Tango round 7
ChatterBot Sierra round 7
ChatterBot Charlie round 7
ChatterBot Delta round 7
ChatterBot Bravo round 7
ChatterBot Yankee round 7
2024-10-14 23:06:54.269411 X-ray: We should drop Tango
2024-10-14 23:06:54.278132 Yankee: Yes
2024-10-14 23:06:54.278286 Charlie: Yes
2024-10-14 23:06:54.279146 Bravo: Yes
ChatterBot X-ray reevaluating
ChatterBot X-ray reevaluating
ChatterBot X-ray reevaluating
2024-10-14 23:06:54.313747 Echo: We should drop Yankee
2024-10-14 23:06:54.325186 Delta: Yes
2024-10-14 23:06:54.325461 Uniform: Yes
2024-10-14 23:06:54.325764 Mike: No
2024-10-14 23:06:54.326083 Tango: No
2024-10-14 23:06:54.326330 Sierra: No
ChatterBot Sierra reevaluating
ChatterBot Echo reevaluating
ChatterBot Sierra reevaluating
ChatterBot Echo reevaluating
ChatterBot Sierra reevaluating
ChatterBot Echo reevaluating
2024-10-14 23:06:54.404605 Echo: Uniform, sending you 4
2024-10-14 23:06:54.406671 Delta: Uniform and Tango, sending you 3
2024-10-14 23:06:54.408707 Yankee: X-ray, sending you 4
2024-10-14 23:06:54.409824 Mike: Uniform, sending you 4
2024-10-14 23:06:54.412258 Echo: Mike and Tango, sending you 3
2024-10-14 23:06:54.414262 Delta: Mike, sending you 2
2024-10-14 23:06:54.415150 Tango: Uniform, Mike and Echo, sending you 3
2024-10-14 23:06:54.417403 Uniform: Mike, sending you 5
2024-10-14 23:06:54.418315 Bravo: X-ray, sending you 6
2024-10-14 23:06:54.419576 Yankee: Charlie and Bravo, sending you 5
2024-10-14 23:06:54.420626 Charlie: X-ray and Bravo, sending you 8
2024-10-14 23:06:54.422078 Mike: Echo, Tango and Sierra, sending you 3
2024-10-14 23:06:54.422844 Echo: Sierra and Yankee, sending you 2
2024-10-14 23:06:54.424521 Sierra: Mike, sending you 5
2024-10-14 23:06:54.425821 Delta: Echo, sending you 4
2024-10-14 23:06:54.427122 Tango: Sierra and Yankee, sending you 2
2024-10-14 23:06:54.428207 Uniform: Echo, Tango and Delta, sending you 3
2024-10-14 23:06:54.429585 Bravo: Sierra, sending you 1
2024-10-14 23:06:54.430270 Charlie: Yankee, sending you 3
2024-10-14 23:06:54.430892 Echo: Delta, sending you 5
2024-10-14 23:06:54.432201 Mike: Delta and Yankee, sending you 2
2024-10-14 23:06:54.432944 Sierra: Echo and Tango, sending you 3
2024-10-14 23:06:54.434258 Delta: Sierra, sending you 1
2024-10-14 23:06:54.434802 Tango: Delta, sending you 4
2024-10-14 23:06:54.435553 Bravo: Charlie, sending you 7
2024-10-14 23:06:54.437663 Sierra: Delta and Yankee, sending you 2
2024-10-14 23:06:54.441047 Bravo: Yankee, sending you 3
chatterbot Sierra submitting transactions
chatterbot Uniform submitting transactions
chatterbot Charlie submitting transactions
chatterbot Tango submitting transactions
chatterbot Delta submitting transactions
chatterbot Echo submitting transactions
chatterbot X-ray submitting transactions
chatterbot Yankee submitting transactions
chatterbot Mike submitting transactions
chatterbot Bravo submitting transactions
ChatterBot Uniform round 8
ChatterBot Mike round 8
ChatterBot Echo round 8
ChatterBot X-ray round 8
ChatterBot Tango round 8
ChatterBot Sierra round 8
ChatterBot Charlie round 8
ChatterBot Delta round 8
ChatterBot Bravo round 8
ChatterBot Yankee round 8
2024-10-14 23:06:55.682237 Echo: We should drop Yankee
2024-10-14 23:06:55.695020 Delta: Yes
2024-10-14 23:06:55.695227 Uniform: Yes
2024-10-14 23:06:55.695376 Mike: Yes
2024-10-14 23:06:55.695548 Tango: Yes
2024-10-14 23:06:55.696287 Sierra: Yes
2024-10-14 23:06:55.756998 X-ray: We should drop Tango
2024-10-14 23:06:55.764739 Yankee: Yes
2024-10-14 23:06:55.765262 Charlie: Yes
2024-10-14 23:06:55.765390 Bravo: Yes
ChatterBot X-ray reevaluating
ChatterBot X-ray reevaluating
ChatterBot Bravo reevaluating
ChatterBot X-ray reevaluating
2024-10-14 23:06:55.803691 Uniform: Mike, sending you 5
2024-10-14 23:06:55.808047 Uniform: Echo, Tango and Delta, sending you 3
2024-10-14 23:06:55.810707 Echo: Uniform, Mike and Tango, sending you 4
2024-10-14 23:06:55.816115 Echo: Sierra, sending you 1
2024-10-14 23:06:55.816829 Tango: Uniform and Delta, sending you 4
2024-10-14 23:06:55.817279 Delta: Uniform and Tango, sending you 3
2024-10-14 23:06:55.817725 Yankee: X-ray, sending you 4
2024-10-14 23:06:55.819059 Charlie: X-ray and Bravo, sending you 8
2024-10-14 23:06:55.819702 Echo: Delta, sending you 6
2024-10-14 23:06:55.820957 Tango: Mike, Echo and Sierra, sending you 3
2024-10-14 23:06:55.821640 Delta: Mike, sending you 2
2024-10-14 23:06:55.822372 Charlie: Yankee, sending you 3
2024-10-14 23:06:55.823522 Bravo: X-ray, sending you 5
2024-10-14 23:06:55.824062 Yankee: Charlie and Bravo, sending you 5
2024-10-14 23:06:55.825171 Sierra: Uniform, sending you 1
2024-10-14 23:06:55.826046 Mike: Uniform, sending you 5
2024-10-14 23:06:55.826588 Delta: Echo, sending you 4
2024-10-14 23:06:55.827461 Bravo: Sierra, sending you 1
2024-10-14 23:06:55.830666 Sierra: Mike, sending you 6
2024-10-14 23:06:55.831861 Mike: Echo, Tango, Sierra and Delta, sending you 3
2024-10-14 23:06:55.832369 Bravo: Charlie, sending you 7
2024-10-14 23:06:55.832783 Delta: Sierra, sending you 1
2024-10-14 23:06:55.835661 Sierra: Echo and Tango, sending you 3
2024-10-14 23:06:55.837752 Bravo: Yankee, sending you 4
2024-10-14 23:06:55.840682 Sierra: Delta, sending you 2
chatterbot Mike submitting transactions
chatterbot Charlie submitting transactions
chatterbot Uniform submitting transactions
chatterbot Echo submitting transactions
chatterbot Bravo submitting transactions
chatterbot Delta submitting transactions
chatterbot Yankee submitting transactions
chatterbot Tango submitting transactions
chatterbot Sierra submitting transactions
chatterbot X-ray submitting transactions
ChatterBot Uniform round 9
ChatterBot Mike round 9
ChatterBot Echo round 9
ChatterBot X-ray round 9
ChatterBot Tango round 9
ChatterBot Sierra round 9
ChatterBot Charlie round 9
ChatterBot Delta round 9
ChatterBot Bravo round 9
ChatterBot Yankee round 9
2024-10-14 23:06:57.017231 X-ray: We should drop Tango
ChatterBot Bravo reevaluating
2024-10-14 23:06:57.028226 Yankee: Yes
2024-10-14 23:06:57.028405 Charlie: Yes
2024-10-14 23:06:57.028582 Bravo: Yes
ChatterBot X-ray reevaluating
ChatterBot Bravo reevaluating
ChatterBot X-ray reevaluating
ChatterBot Bravo reevaluating
ChatterBot X-ray reevaluating
2024-10-14 23:06:57.064104 Charlie: X-ray, sending you 7
2024-10-14 23:06:57.064651 Yankee: X-ray and Bravo, sending you 5
2024-10-14 23:06:57.065050 Sierra: Uniform, sending you 1
2024-10-14 23:06:57.065657 Uniform: Mike, sending you 5
2024-10-14 23:06:57.068687 Charlie: Bravo, sending you 8
2024-10-14 23:06:57.069683 Yankee: Charlie, sending you 4
2024-10-14 23:06:57.070232 Sierra: Mike, sending you 5
2024-10-14 23:06:57.071379 Uniform: Echo, Tango and Delta, sending you 3
2024-10-14 23:06:57.072137 Charlie: Yankee, sending you 4
2024-10-14 23:06:57.074662 Sierra: Echo, sending you 3
2024-10-14 23:06:57.076157 Mike: Uniform, sending you 5
2024-10-14 23:06:57.077120 Tango: Uniform and Delta, sending you 4
2024-10-14 23:06:57.079702 Sierra: Tango, sending you 4
2024-10-14 23:06:57.082033 Mike: Echo, Tango, Sierra and Delta, sending you 3
2024-10-14 23:06:57.082878 Tango: Mike, Echo and Sierra, sending you 3
2024-10-14 23:06:57.083722 Delta: Uniform and Tango, sending you 3
2024-10-14 23:06:57.085231 Echo: Uniform, Mike and Tango, sending you 4
2024-10-14 23:06:57.086271 Bravo: X-ray, sending you 5
2024-10-14 23:06:57.086822 Sierra: Delta, sending you 2
2024-10-14 23:06:57.088949 Echo: Sierra, sending you 2
2024-10-14 23:06:57.089695 Delta: Mike, sending you 2
2024-10-14 23:06:57.090587 Bravo: Sierra, sending you 1
2024-10-14 23:06:57.091696 Echo: Delta, sending you 5
2024-10-14 23:06:57.093713 Delta: Echo, sending you 4
2024-10-14 23:06:57.095687 Bravo: Charlie, sending you 7
2024-10-14 23:06:57.096699 Delta: Sierra, sending you 1
2024-10-14 23:06:57.100671 Bravo: Yankee, sending you 4
chatterbot Uniform submitting transactions
chatterbot Yankee submitting transactions
chatterbot Sierra submitting transactions
chatterbot Bravo submitting transactions
chatterbot Charlie submitting transactions
chatterbot Echo submitting transactions
chatterbot Tango submitting transactions
chatterbot Mike submitting transactions
chatterbot Delta submitting transactions
chatterbot X-ray submitting transactions
ChatterBot Uniform round 10
ChatterBot Mike round 10
ChatterBot Echo round 10
ChatterBot X-ray round 10
ChatterBot Tango round 10
ChatterBot Sierra round 10
ChatterBot Charlie round 10
ChatterBot Delta round 10
ChatterBot Bravo round 10
ChatterBot Yankee round 10
2024-10-14 23:06:58.321697 X-ray: We should drop Tango
ChatterBot Bravo reevaluating
2024-10-14 23:06:58.334508 Yankee: Yes
2024-10-14 23:06:58.334769 Charlie: Yes
2024-10-14 23:06:58.335022 Bravo: Yes
ChatterBot X-ray reevaluating
ChatterBot Bravo reevaluating
ChatterBot X-ray reevaluating
ChatterBot Bravo reevaluating
ChatterBot X-ray reevaluating
2024-10-14 23:06:58.367706 Echo: Uniform, Mike and Tango, sending you 3
2024-10-14 23:06:58.369407 Yankee: X-ray and Bravo, sending you 5
2024-10-14 23:06:58.369944 Uniform: Mike, sending you 5
2024-10-14 23:06:58.370854 Mike: Uniform, sending you 5
2024-10-14 23:06:58.372209 Tango: Uniform, Echo and Delta, sending you 4
2024-10-14 23:06:58.372951 Charlie: X-ray, sending you 7
2024-10-14 23:06:58.373667 Echo: Sierra, sending you 1
2024-10-14 23:06:58.375058 Yankee: Charlie, sending you 4
2024-10-14 23:06:58.375639 Uniform: Echo, Tango and Delta, sending you 3
2024-10-14 23:06:58.377019 Mike: Echo, Tango, Sierra and Delta, sending you 3
2024-10-14 23:06:58.377854 Charlie: Bravo, sending you 8
2024-10-14 23:06:58.378651 Tango: Mike, sending you 3
2024-10-14 23:06:58.380024 Echo: Delta, sending you 4
2024-10-14 23:06:58.381671 Charlie: Yankee, sending you 4
2024-10-14 23:06:58.382660 Delta: Uniform and Tango, sending you 3
2024-10-14 23:06:58.384694 Tango: Sierra, sending you 2
2024-10-14 23:06:58.386678 Sierra: Uniform, sending you 1
2024-10-14 23:06:58.388238 Delta: Mike, sending you 2
2024-10-14 23:06:58.391100 Sierra: Mike, sending you 5
2024-10-14 23:06:58.393679 Delta: Echo, sending you 4
2024-10-14 23:06:58.395958 Bravo: X-ray, sending you 5
2024-10-14 23:06:58.396645 Sierra: Echo, sending you 3
2024-10-14 23:06:58.398671 Bravo: Sierra, sending you 1
2024-10-14 23:06:58.399979 Delta: Sierra, sending you 1
2024-10-14 23:06:58.401214 Sierra: Tango, sending you 4
2024-10-14 23:06:58.404661 Bravo: Charlie, sending you 7
2024-10-14 23:06:58.405837 Sierra: Delta, sending you 2
2024-10-14 23:06:58.408665 Bravo: Yankee, sending you 4
chatterbot Mike submitting transactions
chatterbot Charlie submitting transactions
chatterbot Uniform submitting transactions
chatterbot Echo submitting transactions
chatterbot X-ray submitting transactions
chatterbot Yankee submitting transactions
chatterbot Tango submitting transactions
chatterbot Sierra submitting transactions
chatterbot Bravo submitting transactions
chatterbot Delta submitting transactions
ChatterBot Uniform round 11
ChatterBot Mike round 11
ChatterBot Echo round 11
ChatterBot X-ray round 11
ChatterBot Tango round 11
ChatterBot Sierra round 11
ChatterBot Charlie round 11
ChatterBot Delta round 11
ChatterBot Bravo round 11
ChatterBot Yankee round 11
2024-10-14 23:06:59.566359 X-ray: We should drop Tango
ChatterBot Bravo reevaluating
2024-10-14 23:06:59.578303 Yankee: Yes
2024-10-14 23:06:59.578494 Charlie: Yes
2024-10-14 23:06:59.578670 Bravo: Yes
ChatterBot X-ray reevaluating
ChatterBot Bravo reevaluating
ChatterBot X-ray reevaluating
ChatterBot Bravo reevaluating
ChatterBot X-ray reevaluating
2024-10-14 23:06:59.632693 Delta: Uniform and Tango, sending you 3
2024-10-14 23:06:59.638350 Delta: Mike, sending you 2
2024-10-14 23:06:59.640040 Charlie: X-ray, sending you 7
2024-10-14 23:06:59.641672 Mike: Uniform, sending you 5
2024-10-14 23:06:59.642716 Echo: Uniform, Mike and Tango, sending you 4
2024-10-14 23:06:59.643398 Uniform: Mike, sending you 5
2024-10-14 23:06:59.643977 Delta: Echo, sending you 4
2024-10-14 23:06:59.645016 Charlie: Bravo, sending you 8
2024-10-14 23:06:59.645719 Sierra: Uniform, sending you 1
2024-10-14 23:06:59.647645 Tango: Uniform and Delta, sending you 4
2024-10-14 23:06:59.650972 Mike: Echo, Tango, Sierra and Delta, sending you 3
2024-10-14 23:06:59.651930 Echo: Sierra, sending you 2
2024-10-14 23:06:59.653819 Uniform: Echo, Tango and Delta, sending you 3
2024-10-14 23:06:59.654508 Charlie: Yankee, sending you 4
2024-10-14 23:06:59.656242 Delta: Sierra, sending you 1
2024-10-14 23:06:59.657120 Sierra: Mike, sending you 5
2024-10-14 23:06:59.658800 Yankee: X-ray and Bravo, sending you 5
2024-10-14 23:06:59.659430 Tango: Mike, Echo and Sierra, sending you 3
2024-10-14 23:06:59.660194 Echo: Delta, sending you 5
2024-10-14 23:06:59.664261 Yankee: Charlie, sending you 4
2024-10-14 23:06:59.664864 Sierra: Echo, sending you 3
2024-10-14 23:06:59.669662 Sierra: Tango, sending you 4
2024-10-14 23:06:59.672676 Sierra: Delta, sending you 2
chatterbot Echo submitting transactions
chatterbot Sierra submitting transactions
chatterbot Charlie submitting transactions
chatterbot Tango submitting transactions
chatterbot X-ray submitting transactions
chatterbot Delta submitting transactions
chatterbot Yankee submitting transactions
chatterbot Bravo submitting transactions
chatterbot Mike submitting transactions
chatterbot Uniform submitting transactions
ChatterBot Uniform round 12
ChatterBot Mike round 12
ChatterBot Echo round 12
ChatterBot X-ray round 12
ChatterBot Tango round 12
ChatterBot Sierra round 12
ChatterBot Charlie round 12
ChatterBot Delta round 12
ChatterBot Bravo round 12
ChatterBot Yankee round 12
2024-10-14 23:07:00.841826 X-ray: We should drop Tango
ChatterBot Bravo reevaluating
2024-10-14 23:07:00.851097 Yankee: Yes
2024-10-14 23:07:00.851334 Charlie: Yes
2024-10-14 23:07:00.851558 Bravo: No
ChatterBot X-ray reevaluating
ChatterBot Bravo reevaluating
ChatterBot X-ray reevaluating
ChatterBot Bravo reevaluating
ChatterBot X-ray reevaluating
ChatterBot Charlie reevaluating
2024-10-14 23:07:00.879283 Charlie: We should add Tango
ChatterBot X-ray reevaluating
ChatterBot Bravo reevaluating
2024-10-14 23:07:00.888596 Yankee: No
2024-10-14 23:07:00.888730 X-ray: No
2024-10-14 23:07:00.888882 Bravo: Yes
ChatterBot X-ray reevaluating
ChatterBot Charlie reevaluating
ChatterBot Bravo reevaluating
ChatterBot Charlie reevaluating
ChatterBot Bravo reevaluating
ChatterBot X-ray reevaluating
ChatterBot Charlie reevaluating
2024-10-14 23:07:00.923461 Bravo: We should replace Sierra with Tango
ChatterBot X-ray reevaluating
ChatterBot Charlie reevaluating
2024-10-14 23:07:00.931541 Yankee: No
2024-10-14 23:07:00.931695 X-ray: No
2024-10-14 23:07:00.931831 Charlie: Yes
ChatterBot X-ray reevaluating
ChatterBot Charlie reevaluating
ChatterBot Bravo reevaluating
ChatterBot Charlie reevaluating
ChatterBot Bravo reevaluating
ChatterBot X-ray reevaluating
ChatterBot Bravo reevaluating
2024-10-14 23:07:00.957249 Echo: Uniform, Mike and Tango, sending you 3
2024-10-14 23:07:00.960826 Sierra: Uniform, sending you 1
2024-10-14 23:07:00.961682 Echo: Sierra, sending you 2
2024-10-14 23:07:00.962309 Uniform: Mike, sending you 5
2024-10-14 23:07:00.962765 Mike: Uniform, sending you 5
2024-10-14 23:07:00.963337 Delta: Uniform and Tango, sending you 3
2024-10-14 23:07:00.964471 Tango: Uniform, Echo and Delta, sending you 4
2024-10-14 23:07:00.965685 Bravo: Tango we want you to join our group
2024-10-14 23:07:00.969684 Tango: No
ChatterBot X-ray reevaluating
2024-10-14 23:07:00.981069 Sierra: Mike, sending you 5
