ChatterBot Delta round 1
ChatterBot Romeo round 1
ChatterBot Charlie round 1
ChatterBot Zulu round 1
ChatterBot Mike round 1
ChatterBot Echo round 1
ChatterBot X-ray round 1
ChatterBot Oscar round 1
ChatterBot Tango round 1
ChatterBot Victor round 1
randomSelections Romeo: {Romeo, X-ray, Tango, Charlie, Echo, Oscar} 
2024-10-14 23:06:43.973039 Romeo: Friends?
ChatterBot X-ray reevaluating
ChatterBot Tango reevaluating
ChatterBot Charlie reevaluating
ChatterBot Echo reevaluating
ChatterBot Oscar reevaluating
2024-10-14 23:06:43.992828 X-ray: Yes
2024-10-14 23:06:43.993087 Tango: Yes
2024-10-14 23:06:44.004207 Charlie: Yes
2024-10-14 23:06:44.008781 Echo: Yes
2024-10-14 23:06:44.010400 Oscar: Yes
ChatterBot Tango reevaluating
ChatterBot Charlie reevaluating
ChatterBot Echo reevaluating
ChatterBot Oscar reevaluating
ChatterBot X-ray reevaluating
ChatterBot Charlie reevaluating
ChatterBot Echo reevaluating
ChatterBot Oscar reevaluating
ChatterBot X-ray reevaluating
ChatterBot Tango reevaluating
ChatterBot Echo reevaluating
ChatterBot Oscar reevaluating
ChatterBot X-ray reevaluating
ChatterBot Tango reevaluating
ChatterBot Charlie reevaluating
ChatterBot Oscar reevaluating
ChatterBot X-ray reevaluating
ChatterBot Tango reevaluating
ChatterBot Charlie reevaluating
ChatterBot Echo reevaluating
randomSelections Delta: {Delta, Echo, Zulu, Charlie, Mike, X-ray, Victor, Oscar} 
2024-10-14 23:06:44.098537 Delta: Friends?
ChatterBot Echo reevaluating
ChatterBot Zulu reevaluating
ChatterBot Charlie reevaluating
ChatterBot Mike reevaluating
ChatterBot X-ray reevaluating
ChatterBot Victor reevaluating
ChatterBot Oscar reevaluating
2024-10-14 23:06:44.122275 Echo: No
2024-10-14 23:06:44.123066 Zulu: Yes
2024-10-14 23:06:44.123229 Charlie: No
2024-10-14 23:06:44.123392 Mike: Yes
2024-10-14 23:06:44.123522 X-ray: No
2024-10-14 23:06:44.123695 Victor: Yes
2024-10-14 23:06:44.123813 Oscar: No
ChatterBot Zulu reevaluating
ChatterBot Charlie reevaluating
ChatterBot Mike reevaluating
ChatterBot X-ray reevaluating
ChatterBot Victor reevaluating
ChatterBot Oscar reevaluating
ChatterBot Echo reevaluating
ChatterBot Charlie reevaluating
ChatterBot Mike reevaluating
ChatterBot X-ray reevaluating
ChatterBot Victor reevaluating
ChatterBot Oscar reevaluating
ChatterBot Echo reevaluating
ChatterBot Zulu reevaluating
ChatterBot Mike reevaluating
ChatterBot X-ray reevaluating
ChatterBot Victor reevaluating
ChatterBot Oscar reevaluating
ChatterBot Echo reevaluating
ChatterBot Zulu reevaluating
ChatterBot Charlie reevaluating
ChatterBot X-ray reevaluating
ChatterBot Victor reevaluating
ChatterBot Oscar reevaluating
ChatterBot Echo reevaluating
ChatterBot Zulu reevaluating
ChatterBot Charlie reevaluating
ChatterBot Mike reevaluating
ChatterBot Victor reevaluating
ChatterBot Oscar reevaluating
ChatterBot Echo reevaluating
ChatterBot Zulu reevaluating
ChatterBot Charlie reevaluating
ChatterBot Mike reevaluating
ChatterBot X-ray reevaluating
ChatterBot Oscar reevaluating
ChatterBot Echo reevaluating
ChatterBot Zulu reevaluating
ChatterBot Charlie reevaluating
ChatterBot Mike reevaluating
ChatterBot X-ray reevaluating
ChatterBot Victor reevaluating
2024-10-14 23:06:44.393670 X-ray: Romeo, sending you 3
2024-10-14 23:06:44.410367 Zulu: Delta, Mike and X-ray, sending you 2
2024-10-14 23:06:44.411961 X-ray: Charlie, sending you 6
2024-10-14 23:06:44.412531 Charlie: Romeo, Oscar and Tango, sending you 5
2024-10-14 23:06:44.413929 Delta: Charlie, X-ray and Oscar, sending you 3
2024-10-14 23:06:44.415816 Oscar: Romeo and Tango, sending you 2
2024-10-14 23:06:44.417248 Zulu: Charlie, sending you 4
2024-10-14 23:06:44.418251 X-ray: Echo and Tango, sending you 2
2024-10-14 23:06:44.419962 Victor: Charlie, sending you 4
2024-10-14 23:06:44.420724 Romeo: Charlie, sending you 4
2024-10-14 23:06:44.422248 Mike: Delta, sending you 4
2024-10-14 23:06:44.423739 Echo: X-ray and Oscar, sending you 1
2024-10-14 23:06:44.424263 Charlie: Echo, sending you 2
2024-10-14 23:06:44.425045 Delta: Zulu and Echo, sending you 2
2024-10-14 23:06:44.426642 Tango: Romeo, sending you 1
2024-10-14 23:06:44.427197 Oscar: Charlie and X-ray, sending you 4
2024-10-14 23:06:44.428288 Zulu: Echo, sending you 1
2024-10-14 23:06:44.428842 X-ray: Oscar, sending you 4
2024-10-14 23:06:44.430314 Victor: Mike, Echo and X-ray, sending you 1
2024-10-14 23:06:44.431508 Romeo: X-ray, sending you 1
2024-10-14 23:06:44.433596 Mike: Charlie and Zulu, sending you 2
2024-10-14 23:06:44.435166 Echo: Tango, sending you 2
2024-10-14 23:06:44.436749 Tango: Charlie and Oscar, sending you 3
2024-10-14 23:06:44.437606 Delta: Mike, sending you 1
2024-10-14 23:06:44.438839 Oscar: Echo, sending you 3
2024-10-14 23:06:44.439759 Zulu: Oscar and Victor, sending you 3
2024-10-14 23:06:44.441233 Mike: Echo and Victor, sending you 3
2024-10-14 23:06:44.442700 Tango: Echo, sending you 4
2024-10-14 23:06:44.447247 Mike: X-ray and Oscar, sending you 1
2024-10-14 23:06:44.448199 Tango: X-ray, sending you 7
chatterbot Delta submitting transactions
chatterbot Zulu submitting transactions
chatterbot Romeo submitting transactions
chatterbot Oscar submitting transactions
chatterbot X-ray submitting transactions
chatterbot Mike submitting transactions
chatterbot Victor submitting transactions
chatterbot Tango submitting transactions
chatterbot Charlie submitting transactions
chatterbot Echo submitting transactions
ChatterBot Delta round 2
ChatterBot Romeo round 2
ChatterBot Charlie round 2
ChatterBot Zulu round 2
ChatterBot Mike round 2
ChatterBot Echo round 2
2024-10-14 23:06:46.132193 Zulu: We would work well together
ChatterBot Delta reevaluating
ChatterBot Mike reevaluating
2024-10-14 23:06:46.147176 Delta: Yes
2024-10-14 23:06:46.148044 Mike: Yes
ChatterBot Mike reevaluating
ChatterBot Delta reevaluating
ChatterBot X-ray round 2
ChatterBot Oscar round 2
ChatterBot Tango round 2
ChatterBot Victor round 2
2024-10-14 23:06:46.222151 X-ray: We should add Delta
ChatterBot Romeo reevaluating
ChatterBot Tango reevaluating
ChatterBot Oscar reevaluating
2024-10-14 23:06:46.256591 Romeo: No
2024-10-14 23:06:46.257258 Tango: No
2024-10-14 23:06:46.257514 Charlie: No
2024-10-14 23:06:46.257763 Echo: No
2024-10-14 23:06:46.257982 Oscar: No
ChatterBot Tango reevaluating
ChatterBot Oscar reevaluating
ChatterBot Romeo reevaluating
ChatterBot X-ray reevaluating
ChatterBot Oscar reevaluating
ChatterBot Romeo reevaluating
ChatterBot X-ray reevaluating
ChatterBot Tango reevaluating
ChatterBot Oscar reevaluating
ChatterBot Romeo reevaluating
ChatterBot X-ray reevaluating
ChatterBot Tango reevaluating
ChatterBot Oscar reevaluating
ChatterBot Romeo reevaluating
ChatterBot X-ray reevaluating
ChatterBot Tango reevaluating
2024-10-14 23:06:46.450044 Victor: Group up?
2024-10-14 23:06:46.474498 Delta: Yes
2024-10-14 23:06:46.474824 Zulu: No
2024-10-14 23:06:46.475436 Mike: No
2024-10-14 23:06:46.475628 Echo: No
ChatterBot Mike reevaluating
2024-10-14 23:06:46.572581 Romeo: We should drop Echo
ChatterBot X-ray reevaluating
2024-10-14 23:06:46.598573 Charlie: No
2024-10-14 23:06:46.598827 X-ray: Yes
2024-10-14 23:06:46.599441 Oscar: No
2024-10-14 23:06:46.599733 Tango: No
ChatterBot Romeo reevaluating
ChatterBot X-ray reevaluating
ChatterBot Romeo reevaluating
ChatterBot Romeo reevaluating
ChatterBot X-ray reevaluating
ChatterBot Romeo reevaluating
ChatterBot X-ray reevaluating
2024-10-14 23:06:46.709027 Zulu: Delta, sending you 9
2024-10-14 23:06:47.246764 Delta: Zulu, sending you 4
2024-10-14 23:06:47.247818 Charlie: Romeo and Oscar, sending you 4
2024-10-14 23:06:47.248981 Echo: Romeo, sending you 1
2024-10-14 23:06:47.249550 Zulu: Mike, sending you 8
chatterbot Zulu submitting transactions
chatterbot Charlie submitting transactions
chatterbot Oscar submitting transactions
chatterbot Delta submitting transactions
2024-10-14 23:06:47.252254 Delta: Mike, sending you 8
2024-10-14 23:06:47.252733 Charlie: Echo, sending you 1
2024-10-14 23:06:47.253748 Victor: Zulu and Mike, sending you 8
2024-10-14 23:06:47.254762 Echo: Charlie and X-ray, sending you 2
2024-10-14 23:06:47.255372 Oscar: Romeo, sending you 1
2024-10-14 23:06:47.256558 Mike: Delta, sending you 5
2024-10-14 23:06:47.256964 Tango: Romeo, sending you 1
2024-10-14 23:06:47.258127 Delta: Echo and Victor, sending you 1
2024-10-14 23:06:47.259153 Echo: Oscar, sending you 3
2024-10-14 23:06:47.259829 Charlie: X-ray, sending you 5
2024-10-14 23:06:47.261057 Mike: Zulu, sending you 11
2024-10-14 23:06:47.262042 Oscar: Charlie, sending you 5
2024-10-14 23:06:47.262831 Tango: Charlie, sending you 8
2024-10-14 23:06:47.486366 Echo: Tango, sending you 4
2024-10-14 23:06:47.487374 Charlie: Tango, sending you 3
2024-10-14 23:06:47.487905 Oscar: Echo, sending you 2
2024-10-14 23:06:47.488855 Tango: Echo, X-ray and Oscar, sending you 3
2024-10-14 23:06:47.489338 X-ray: Romeo, sending you 2
chatterbot Romeo submitting transactions
chatterbot Tango submitting transactions
chatterbot Echo submitting transactions
2024-10-14 23:06:47.568970 Oscar: X-ray, sending you 4
2024-10-14 23:06:47.569792 X-ray: Charlie, sending you 1
2024-10-14 23:06:47.570024 Romeo: Charlie, sending you 6
chatterbot Victor submitting transactions
2024-10-14 23:06:47.591822 X-ray: Oscar, sending you 5
2024-10-14 23:06:47.592166 Oscar: Tango, sending you 3
2024-10-14 23:06:47.593118 Romeo: X-ray, sending you 4
2024-10-14 23:06:47.614881 X-ray: Tango, sending you 9
2024-10-14 23:06:47.615700 Romeo: Oscar, sending you 3
chatterbot X-ray submitting transactions
2024-10-14 23:06:47.634041 Romeo: Tango, sending you 1
chatterbot Mike submitting transactions
ChatterBot Delta round 3
ChatterBot Romeo round 3
ChatterBot Charlie round 3
ChatterBot Zulu round 3
ChatterBot Mike round 3
ChatterBot Echo round 3
ChatterBot X-ray round 3
ChatterBot Oscar round 3
ChatterBot Tango round 3
ChatterBot Victor round 3
2024-10-14 23:06:48.209007 Zulu: We should add Victor
ChatterBot Delta reevaluating
ChatterBot Mike reevaluating
2024-10-14 23:06:48.216908 Delta: Yes
2024-10-14 23:06:48.217095 Mike: Yes
ChatterBot Mike reevaluating
ChatterBot Delta reevaluating
2024-10-14 23:06:48.259659 Romeo: We should add Echo
ChatterBot X-ray reevaluating
2024-10-14 23:06:48.284378 Charlie: Yes
2024-10-14 23:06:48.284778 X-ray: Yes
2024-10-14 23:06:48.285114 Oscar: Yes
2024-10-14 23:06:48.285923 Tango: Yes
ChatterBot X-ray reevaluating
ChatterBot X-ray reevaluating
ChatterBot X-ray reevaluating
2024-10-14 23:06:48.413021 Zulu: Victor we want you to join our group
ChatterBot Victor reevaluating
2024-10-14 23:06:48.419933 Victor: Yes
ChatterBot Mike reevaluating
ChatterBot Delta reevaluating
2024-10-14 23:06:48.440679 Romeo: Echo we want you to join our group
2024-10-14 23:06:48.446892 Echo: Yes
ChatterBot X-ray reevaluating
2024-10-14 23:06:48.464953 Victor: We should drop Echo
ChatterBot Delta reevaluating
2024-10-14 23:06:48.475731 Mike: Yes
2024-10-14 23:06:48.476569 Delta: Yes
2024-10-14 23:06:48.476695 Zulu: Yes
ChatterBot Delta reevaluating
ChatterBot Victor reevaluating
ChatterBot Victor reevaluating
ChatterBot Delta reevaluating
ChatterBot Victor reevaluating
2024-10-14 23:06:48.511210 Mike: Victor we want you to join our group
ChatterBot Victor reevaluating
2024-10-14 23:06:48.515440 Victor: Yes
ChatterBot Delta reevaluating
2024-10-14 23:06:48.526415 X-ray: Echo we want you to join our group
2024-10-14 23:06:48.531256 Echo: Yes
2024-10-14 23:06:48.560708 Echo: Romeo and X-ray, sending you 2
2024-10-14 23:06:48.697135 Tango: Romeo, sending you 1
2024-10-14 23:06:48.697814 Echo: Charlie, sending you 3
2024-10-14 23:06:48.698812 Zulu: Delta, sending you 4
2024-10-14 23:06:48.699268 Charlie: Romeo, Oscar and Tango, sending you 4
2024-10-14 23:06:48.700387 Oscar: Romeo and Echo, sending you 2
2024-10-14 23:06:48.700883 Romeo: Charlie, sending you 6
chatterbot Zulu submitting transactions
2024-10-14 23:06:48.702248 Tango: Charlie and Echo, sending you 4
2024-10-14 23:06:48.750243 Echo: Oscar and Tango, sending you 4
2024-10-14 23:06:48.751354 Zulu: Mike, sending you 7
2024-10-14 23:06:48.751663 Charlie: Echo, sending you 2
2024-10-14 23:06:48.752507 Oscar: Charlie and X-ray, sending you 4
2024-10-14 23:06:48.752894 Romeo: Echo, sending you 1
2024-10-14 23:06:48.753285 X-ray: Romeo and Charlie, sending you 3
2024-10-14 23:06:48.753656 Mike: Delta and Zulu, sending you 5
2024-10-14 23:06:48.754487 Tango: X-ray, sending you 6
2024-10-14 23:06:48.754884 Zulu: Victor, sending you 6
2024-10-14 23:06:48.838284 Charlie: X-ray, sending you 3
2024-10-14 23:06:48.839483 Romeo: X-ray, sending you 3
2024-10-14 23:06:48.839988 Oscar: Tango, sending you 3
2024-10-14 23:06:48.840960 X-ray: Echo, sending you 2
2024-10-14 23:06:48.841346 Mike: Victor, sending you 6
2024-10-14 23:06:48.842059 Delta: Zulu, sending you 7
2024-10-14 23:06:48.842275 Tango: Oscar, sending you 3
2024-10-14 23:06:48.842660 Victor: Delta, sending you 3
2024-10-14 23:06:49.028998 Romeo: Oscar and Tango, sending you 2
2024-10-14 23:06:49.030709 X-ray: Oscar, sending you 4
2024-10-14 23:06:49.032055 Delta: Mike, sending you 6
2024-10-14 23:06:49.032567 Victor: Zulu and Mike, sending you 7
2024-10-14 23:06:49.079179 X-ray: Tango, sending you 5
2024-10-14 23:06:49.080844 Delta: Victor, sending you 1
chatterbot X-ray submitting transactions
chatterbot Oscar submitting transactions
chatterbot Victor submitting transactions
chatterbot Delta submitting transactions
chatterbot Echo submitting transactions
chatterbot Romeo submitting transactions
chatterbot Tango submitting transactions
chatterbot Mike submitting transactions
chatterbot Charlie submitting transactions
ChatterBot Delta round 4
ChatterBot Romeo round 4
ChatterBot Charlie round 4
ChatterBot Zulu round 4
ChatterBot Mike round 4
ChatterBot Echo round 4
ChatterBot X-ray round 4
ChatterBot Oscar round 4
ChatterBot Tango round 4
ChatterBot Victor round 4
2024-10-14 23:06:49.664668 Delta: Zulu and Mike, sending you 6
2024-10-14 23:06:49.665671 Charlie: Romeo, Oscar and Tango, sending you 4
2024-10-14 23:06:49.669048 Delta: Victor, sending you 2
2024-10-14 23:06:49.670675 Charlie: Echo, sending you 2
2024-10-14 23:06:49.671944 Mike: Delta and Victor, sending you 5
2024-10-14 23:06:49.673796 Victor: Delta, sending you 1
2024-10-14 23:06:49.674677 Romeo: Charlie, sending you 5
2024-10-14 23:06:49.675230 Charlie: X-ray, sending you 3
2024-10-14 23:06:49.676215 Mike: Zulu, sending you 6
2024-10-14 23:06:49.677664 Zulu: Delta, sending you 5
2024-10-14 23:06:49.678498 Echo: Romeo, sending you 2
2024-10-14 23:06:49.679 Victor: Zulu and Mike, sending you 8
2024-10-14 23:06:49.679248 Romeo: Echo, Oscar and Tango, sending you 2
2024-10-14 23:06:49.680670 Tango: Romeo, sending you 2
2024-10-14 23:06:49.681703 Echo: Charlie and X-ray, sending you 3
2024-10-14 23:06:49.682916 Zulu: Mike and Victor, sending you 6
2024-10-14 23:06:49.683314 X-ray: Romeo and Charlie, sending you 3
2024-10-14 23:06:49.683917 Oscar: Romeo, sending you 1
2024-10-14 23:06:49.685032 Tango: Charlie and Echo, sending you 4
2024-10-14 23:06:49.685544 Romeo: X-ray, sending you 3
2024-10-14 23:06:49.686027 Echo: Oscar, sending you 4
2024-10-14 23:06:49.687693 Oscar: Charlie and X-ray, sending you 4
2024-10-14 23:06:49.688702 X-ray: Echo, sending you 2
2024-10-14 23:06:49.689619 Tango: X-ray, sending you 5
2024-10-14 23:06:49.691691 Echo: Tango, sending you 5
2024-10-14 23:06:49.692388 X-ray: Oscar, sending you 4
2024-10-14 23:06:49.693026 Oscar: Echo and Tango, sending you 3
2024-10-14 23:06:49.694678 Tango: Oscar, sending you 3
2024-10-14 23:06:49.695761 X-ray: Tango, sending you 5
chatterbot Charlie submitting transactions
chatterbot Victor submitting transactions
chatterbot Romeo submitting transactions
chatterbot Zulu submitting transactions
chatterbot Delta submitting transactions
chatterbot Mike submitting transactions
chatterbot X-ray submitting transactions
chatterbot Echo submitting transactions
chatterbot Oscar submitting transactions
chatterbot Tango submitting transactions
ChatterBot Delta round 5
ChatterBot Romeo round 5
ChatterBot Charlie round 5
ChatterBot Zulu round 5
ChatterBot Mike round 5
ChatterBot Echo round 5
ChatterBot X-ray round 5
ChatterBot Oscar round 5
ChatterBot Tango round 5
ChatterBot Victor round 5
2024-10-14 23:06:50.950669 Delta: Zulu and Mike, sending you 6
2024-10-14 23:06:50.953962 Zulu: Delta, sending you 5
2024-10-14 23:06:50.954449 Charlie: Romeo, Oscar and Tango, sending you 4
2024-10-14 23:06:50.955683 Mike: Delta and Victor, sending you 5
2024-10-14 23:06:50.956677 Victor: Delta, sending you 2
2024-10-14 23:06:50.957073 Zulu: Mike and Victor, sending you 6
2024-10-14 23:06:50.957900 Delta: Victor, sending you 2
2024-10-14 23:06:50.958400 Oscar: Romeo, sending you 1
2024-10-14 23:06:50.959174 Romeo: Charlie, sending you 5
2024-10-14 23:06:50.965262 Echo: Romeo and X-ray, sending you 3
2024-10-14 23:06:50.965976 X-ray: Romeo and Charlie, sending you 3
2024-10-14 23:06:50.968122 Charlie: Echo, sending you 2
2024-10-14 23:06:50.968868 Mike: Zulu, sending you 6
2024-10-14 23:06:50.969309 Victor: Zulu, sending you 8
2024-10-14 23:06:50.970338 Oscar: Charlie and X-ray, sending you 4
2024-10-14 23:06:50.974607 Romeo: Echo, Oscar and Tango, sending you 2
2024-10-14 23:06:50.975331 Echo: Charlie and Oscar, sending you 4
2024-10-14 23:06:50.976206 X-ray: Echo, sending you 2
2024-10-14 23:06:50.978435 Charlie: X-ray, sending you 3
2024-10-14 23:06:50.979210 Tango: Romeo, sending you 2
2024-10-14 23:06:50.981532 Victor: Mike, sending you 7
2024-10-14 23:06:50.985479 Oscar: Echo and Tango, sending you 3
2024-10-14 23:06:50.986304 Romeo: X-ray, sending you 3
2024-10-14 23:06:50.987178 Echo: Tango, sending you 5
2024-10-14 23:06:50.990118 X-ray: Oscar, sending you 4
2024-10-14 23:06:50.990997 Tango: Charlie and Echo, sending you 4
2024-10-14 23:06:50.993910 X-ray: Tango, sending you 5
2024-10-14 23:06:50.998511 Tango: X-ray, sending you 5
2024-10-14 23:06:51.003681 Tango: Oscar, sending you 3
chatterbot Charlie submitting transactions
chatterbot Romeo submitting transactions
chatterbot Mike submitting transactions
chatterbot Zulu submitting transactions
chatterbot Delta submitting transactions
chatterbot X-ray submitting transactions
chatterbot Tango submitting transactions
chatterbot Oscar submitting transactions
chatterbot Echo submitting transactions
chatterbot Victor submitting transactions
ChatterBot Delta round 6
ChatterBot Romeo round 6
ChatterBot Charlie round 6
ChatterBot Zulu round 6
ChatterBot Mike round 6
ChatterBot Echo round 6
ChatterBot X-ray round 6
ChatterBot Oscar round 6
ChatterBot Tango round 6
ChatterBot Victor round 6
2024-10-14 23:06:52.205678 Delta: Zulu and Mike, sending you 6
2024-10-14 23:06:52.206071 Charlie: Romeo, Oscar and Tango, sending you 4
2024-10-14 23:06:52.208655 Delta: Victor, sending you 2
2024-10-14 23:06:52.209666 Romeo: Charlie, sending you 5
2024-10-14 23:06:52.210459 Charlie: Echo, sending you 2
2024-10-14 23:06:52.211679 Echo: Romeo and X-ray, sending you 3
2024-10-14 23:06:52.213956 Oscar: Romeo, sending you 1
2024-10-14 23:06:52.214686 Romeo: Echo, Oscar and Tango, sending you 2
2024-10-14 23:06:52.215436 Charlie: X-ray, sending you 3
2024-10-14 23:06:52.216673 Oscar: Charlie and X-ray, sending you 4
2024-10-14 23:06:52.217674 Echo: Charlie and Oscar, sending you 4
2024-10-14 23:06:52.219665 Romeo: X-ray, sending you 3
2024-10-14 23:06:52.220668 Oscar: Echo and Tango, sending you 3
2024-10-14 23:06:52.221848 Echo: Tango, sending you 5
2024-10-14 23:06:52.222538 Tango: Romeo, sending you 2
2024-10-14 23:06:52.223680 Zulu: Delta, sending you 5
2024-10-14 23:06:52.224660 X-ray: Romeo, Charlie and Echo, sending you 3
2024-10-14 23:06:52.225299 Mike: Delta and Victor, sending you 5
2024-10-14 23:06:52.225659 Tango: Charlie and Echo, sending you 4
2024-10-14 23:06:52.226666 Victor: Delta, sending you 2
2024-10-14 23:06:52.228698 Zulu: Mike and Victor, sending you 6
2024-10-14 23:06:52.229627 Tango: X-ray, sending you 5
2024-10-14 23:06:52.230883 X-ray: Oscar and Tango, sending you 4
2024-10-14 23:06:52.232224 Mike: Zulu, sending you 6
2024-10-14 23:06:52.232726 Victor: Zulu, sending you 8
2024-10-14 23:06:52.233701 Tango: Oscar, sending you 3
2024-10-14 23:06:52.237675 Victor: Mike, sending you 7
chatterbot Romeo submitting transactions
chatterbot Mike submitting transactions
chatterbot Charlie submitting transactions
chatterbot Echo submitting transactions
chatterbot X-ray submitting transactions
chatterbot Delta submitting transactions
chatterbot Oscar submitting transactions
chatterbot Tango submitting transactions
chatterbot Victor submitting transactions
chatterbot Zulu submitting transactions
ChatterBot Delta round 7
ChatterBot Romeo round 7
ChatterBot Charlie round 7
ChatterBot Zulu round 7
ChatterBot Mike round 7
ChatterBot Echo round 7
ChatterBot X-ray round 7
ChatterBot Oscar round 7
ChatterBot Tango round 7
ChatterBot Victor round 7
2024-10-14 23:06:53.429037 Delta: Zulu and Mike, sending you 6
2024-10-14 23:06:53.431673 Mike: Delta and Victor, sending you 5
2024-10-14 23:06:53.432152 Delta: Victor, sending you 2
2024-10-14 23:06:53.435672 Mike: Zulu, sending you 6
2024-10-14 23:06:53.443672 Charlie: Romeo, Oscar and Tango, sending you 4
2024-10-14 23:06:53.446063 Echo: Romeo, sending you 2
2024-10-14 23:06:53.446890 Romeo: Charlie, sending you 5
2024-10-14 23:06:53.447566 Charlie: Echo, sending you 2
2024-10-14 23:06:53.448643 Zulu: Delta, sending you 5
2024-10-14 23:06:53.450024 Victor: Delta, sending you 2
2024-10-14 23:06:53.450422 Echo: Charlie, X-ray and Oscar, sending you 4
2024-10-14 23:06:53.451106 Tango: Romeo, sending you 2
2024-10-14 23:06:53.451975 Romeo: Echo, Oscar and Tango, sending you 2
2024-10-14 23:06:53.452496 Charlie: X-ray, sending you 3
2024-10-14 23:06:53.452951 X-ray: Romeo, Charlie and Echo, sending you 3
2024-10-14 23:06:53.453960 Victor: Zulu, sending you 8
2024-10-14 23:06:53.454256 Zulu: Mike and Victor, sending you 6
2024-10-14 23:06:53.454672 Echo: Tango, sending you 5
2024-10-14 23:06:53.455369 Romeo: X-ray, sending you 3
2024-10-14 23:06:53.456411 Oscar: Romeo, sending you 1
2024-10-14 23:06:53.457065 Tango: Charlie and Echo, sending you 4
2024-10-14 23:06:53.458316 X-ray: Oscar and Tango, sending you 4
2024-10-14 23:06:53.459022 Victor: Mike, sending you 7
2024-10-14 23:06:53.460685 Oscar: Charlie and X-ray, sending you 4
2024-10-14 23:06:53.461541 Tango: X-ray, sending you 5
2024-10-14 23:06:53.463685 Oscar: Echo and Tango, sending you 3
2024-10-14 23:06:53.466675 Tango: Oscar, sending you 3
chatterbot Tango submitting transactions
chatterbot Delta submitting transactions
chatterbot Echo submitting transactions
chatterbot Victor submitting transactions
chatterbot Oscar submitting transactions
chatterbot X-ray submitting transactions
chatterbot Charlie submitting transactions
chatterbot Zulu submitting transactions
chatterbot Mike submitting transactions
chatterbot Romeo submitting transactions
ChatterBot Delta round 8
ChatterBot Romeo round 8
ChatterBot Charlie round 8
ChatterBot Zulu round 8
ChatterBot Mike round 8
ChatterBot Echo round 8
ChatterBot X-ray round 8
ChatterBot Oscar round 8
ChatterBot Tango round 8
ChatterBot Victor round 8
2024-10-14 23:06:54.654663 Romeo: Charlie, sending you 5
2024-10-14 23:06:54.658749 Romeo: Echo, Oscar and Tango, sending you 2
2024-10-14 23:06:54.662692 Charlie: Romeo, Oscar and Tango, sending you 4
2024-10-14 23:06:54.663668 Romeo: X-ray, sending you 3
2024-10-14 23:06:54.664537 Mike: Delta and Victor, sending you 5
2024-10-14 23:06:54.665830 Charlie: Echo, sending you 2
2024-10-14 23:06:54.666646 Echo: Romeo, sending you 2
2024-10-14 23:06:54.667261 Victor: Delta, sending you 2
2024-10-14 23:06:54.669668 Mike: Zulu, sending you 6
2024-10-14 23:06:54.670099 Charlie: X-ray, sending you 3
2024-10-14 23:06:54.671074 Echo: Charlie, X-ray and Oscar, sending you 4
2024-10-14 23:06:54.671909 Victor: Zulu, sending you 8
2024-10-14 23:06:54.672292 Zulu: Delta, sending you 5
2024-10-14 23:06:54.672745 Delta: Zulu and Mike, sending you 6
2024-10-14 23:06:54.674661 X-ray: Romeo, Charlie and Echo, sending you 3
2024-10-14 23:06:54.675657 Echo: Tango, sending you 5
2024-10-14 23:06:54.676648 Victor: Mike, sending you 7
2024-10-14 23:06:54.677049 Delta: Victor, sending you 2
2024-10-14 23:06:54.677390 Zulu: Mike and Victor, sending you 6
2024-10-14 23:06:54.677695 Oscar: Romeo, sending you 1
2024-10-14 23:06:54.678448 Tango: Romeo, sending you 2
2024-10-14 23:06:54.679683 X-ray: Oscar and Tango, sending you 4
2024-10-14 23:06:54.681684 Tango: Charlie and Echo, sending you 4
2024-10-14 23:06:54.682816 Oscar: Charlie and X-ray, sending you 4
2024-10-14 23:06:54.686681 Tango: X-ray, sending you 5
2024-10-14 23:06:54.687680 Oscar: Echo and Tango, sending you 3
2024-10-14 23:06:54.690649 Tango: Oscar, sending you 3
chatterbot Romeo submitting transactions
chatterbot Victor submitting transactions
chatterbot Tango submitting transactions
chatterbot Zulu submitting transactions
chatterbot Echo submitting transactions
chatterbot Charlie submitting transactions
chatterbot Mike submitting transactions
chatterbot Delta submitting transactions
chatterbot X-ray submitting transactions
chatterbot Oscar submitting transactions
ChatterBot Delta round 9
ChatterBot Romeo round 9
ChatterBot Charlie round 9
ChatterBot Zulu round 9
ChatterBot Mike round 9
ChatterBot Echo round 9
ChatterBot X-ray round 9
ChatterBot Oscar round 9
ChatterBot Tango round 9
ChatterBot Victor round 9
2024-10-14 23:06:56.028303 X-ray: Romeo, Charlie and Echo, sending you 3
2024-10-14 23:06:56.031324 Zulu: Delta, sending you 5
2024-10-14 23:06:56.033698 Romeo: Charlie, sending you 5
2024-10-14 23:06:56.036257 Mike: Delta and Victor, sending you 5
2024-10-14 23:06:56.038182 X-ray: Oscar and Tango, sending you 4
2024-10-14 23:06:56.039789 Zulu: Mike and Victor, sending you 6
2024-10-14 23:06:56.041118 Tango: Romeo, sending you 2
2024-10-14 23:06:56.042268 Oscar: Romeo, sending you 1
2024-10-14 23:06:56.044119 Romeo: Echo, Oscar and Tango, sending you 2
2024-10-14 23:06:56.045903 Delta: Zulu and Mike, sending you 6
2024-10-14 23:06:56.046768 Mike: Zulu, sending you 6
2024-10-14 23:06:56.048665 Charlie: Romeo, Oscar and Tango, sending you 4
2024-10-14 23:06:56.051491 Echo: Romeo, sending you 2
2024-10-14 23:06:56.054165 Tango: Charlie and Echo, sending you 4
2024-10-14 23:06:56.057651 Oscar: Charlie and X-ray, sending you 4
2024-10-14 23:06:56.060719 Romeo: X-ray, sending you 3
2024-10-14 23:06:56.063869 Delta: Victor, sending you 2
2024-10-14 23:06:56.065141 Victor: Delta, sending you 2
2024-10-14 23:06:56.066642 Charlie: Echo, sending you 2
2024-10-14 23:06:56.069066 Echo: Charlie, X-ray and Oscar, sending you 4
2024-10-14 23:06:56.071717 Tango: X-ray, sending you 5
2024-10-14 23:06:56.073944 Oscar: Echo and Tango, sending you 3
2024-10-14 23:06:56.077013 Victor: Zulu, sending you 8
2024-10-14 23:06:56.078521 Charlie: X-ray, sending you 3
2024-10-14 23:06:56.080650 Echo: Tango, sending you 5
2024-10-14 23:06:56.082909 Tango: Oscar, sending you 3
2024-10-14 23:06:56.085598 Victor: Mike, sending you 7
chatterbot Charlie submitting transactions
chatterbot Delta submitting transactions
chatterbot Tango submitting transactions
chatterbot Victor submitting transactions
chatterbot Oscar submitting transactions
chatterbot Romeo submitting transactions
chatterbot X-ray submitting transactions
chatterbot Mike submitting transactions
chatterbot Zulu submitting transactions
chatterbot Echo submitting transactions
ChatterBot Delta round 10
ChatterBot Romeo round 10
ChatterBot Charlie round 10
ChatterBot Zulu round 10
ChatterBot Mike round 10
ChatterBot Echo round 10
ChatterBot X-ray round 10
ChatterBot Oscar round 10
ChatterBot Tango round 10
ChatterBot Victor round 10
2024-10-14 23:06:57.187951 Delta: Zulu and Mike, sending you 6
2024-10-14 23:06:57.188475 Romeo: Charlie, sending you 5
2024-10-14 23:06:57.191676 Delta: Victor, sending you 2
2024-10-14 23:06:57.192813 Romeo: Echo, Oscar and Tango, sending you 2
2024-10-14 23:06:57.197965 Romeo: X-ray, sending you 3
2024-10-14 23:06:57.199694 Mike: Delta and Victor, sending you 5
2024-10-14 23:06:57.200647 X-ray: Romeo, Charlie and Echo, sending you 3
2024-10-14 23:06:57.202665 Zulu: Delta, sending you 5
2024-10-14 23:06:57.203849 Charlie: Romeo, Oscar and Tango, sending you 4
2024-10-14 23:06:57.204690 Victor: Delta, sending you 2
2024-10-14 23:06:57.205070 Mike: Zulu, sending you 6
2024-10-14 23:06:57.205391 Echo: Romeo and Charlie, sending you 3
2024-10-14 23:06:57.206387 Tango: Romeo, sending you 2
2024-10-14 23:06:57.207010 X-ray: Oscar and Tango, sending you 4
2024-10-14 23:06:57.207754 Zulu: Mike and Victor, sending you 6
2024-10-14 23:06:57.208246 Charlie: Echo, sending you 2
2024-10-14 23:06:57.209516 Victor: Zulu, sending you 8
2024-10-14 23:06:57.210686 Echo: X-ray and Oscar, sending you 4
2024-10-14 23:06:57.211937 Oscar: Romeo, sending you 1
2024-10-14 23:06:57.212826 Tango: Charlie and Echo, sending you 4
2024-10-14 23:06:57.214099 Charlie: X-ray, sending you 3
2024-10-14 23:06:57.214756 Victor: Mike, sending you 7
2024-10-14 23:06:57.215097 Echo: Tango, sending you 5
2024-10-14 23:06:57.215725 Oscar: Charlie and X-ray, sending you 4
2024-10-14 23:06:57.217583 Tango: X-ray, sending you 5
2024-10-14 23:06:57.221683 Oscar: Echo and Tango, sending you 3
2024-10-14 23:06:57.223492 Tango: Oscar, sending you 3
chatterbot Romeo submitting transactions
chatterbot Delta submitting transactions
chatterbot Charlie submitting transactions
chatterbot Victor submitting transactions
chatterbot Zulu submitting transactions
chatterbot Echo submitting transactions
chatterbot Oscar submitting transactions
chatterbot Mike submitting transactions
chatterbot Tango submitting transactions
chatterbot X-ray submitting transactions
ChatterBot Delta round 11
ChatterBot Romeo round 11
ChatterBot Charlie round 11
ChatterBot Zulu round 11
ChatterBot Mike round 11
ChatterBot Echo round 11
ChatterBot X-ray round 11
ChatterBot Oscar round 11
ChatterBot Tango round 11
ChatterBot Victor round 11
2024-10-14 23:06:58.357659 Romeo: Charlie, sending you 5
2024-10-14 23:06:58.359742 Zulu: Delta, sending you 5
2024-10-14 23:06:58.360397 Delta: Zulu and Mike, sending you 6
2024-10-14 23:06:58.363703 Delta: Victor, sending you 2
2024-10-14 23:06:58.364668 Romeo: Echo, Oscar and Tango, sending you 2
2024-10-14 23:06:58.366949 Zulu: Mike and Victor, sending you 6
2024-10-14 23:06:58.367630 Mike: Delta and Victor, sending you 5
2024-10-14 23:06:58.368388 Oscar: Romeo, sending you 1
2024-10-14 23:06:58.370359 X-ray: Romeo, Charlie and Echo, sending you 3
2024-10-14 23:06:58.372690 Romeo: X-ray, sending you 3
2024-10-14 23:06:58.375100 Tango: Romeo, sending you 2
2024-10-14 23:06:58.377767 Mike: Zulu, sending you 6
2024-10-14 23:06:58.378854 Oscar: Charlie and X-ray, sending you 4
2024-10-14 23:06:58.381402 X-ray: Oscar and Tango, sending you 4
2024-10-14 23:06:58.383975 Echo: Romeo and Charlie, sending you 3
2024-10-14 23:06:58.385822 Tango: Charlie, sending you 5
2024-10-14 23:06:58.387889 Charlie: Romeo, Oscar and Tango, sending you 4
2024-10-14 23:06:58.388920 Oscar: Echo and Tango, sending you 3
2024-10-14 23:06:58.391063 Echo: X-ray and Oscar, sending you 4
2024-10-14 23:06:58.392139 Victor: Delta, sending you 2
2024-10-14 23:06:58.392673 Tango: Echo and X-ray, sending you 4
2024-10-14 23:06:58.394540 Charlie: Echo, sending you 2
2024-10-14 23:06:58.396731 Victor: Zulu, sending you 8
2024-10-14 23:06:58.397515 Echo: Tango, sending you 5
2024-10-14 23:06:58.399592 Tango: Oscar, sending you 3
2024-10-14 23:06:58.401392 Victor: Mike, sending you 7
2024-10-14 23:06:58.402025 Charlie: X-ray, sending you 3
chatterbot Echo submitting transactions
chatterbot Tango submitting transactions
chatterbot Victor submitting transactions
chatterbot Romeo submitting transactions
chatterbot Zulu submitting transactions
chatterbot Mike submitting transactions
chatterbot Oscar submitting transactions
chatterbot X-ray submitting transactions
chatterbot Delta submitting transactions
chatterbot Charlie submitting transactions
ChatterBot Delta round 12
ChatterBot Romeo round 12
ChatterBot Charlie round 12
ChatterBot Zulu round 12
ChatterBot Mike round 12
ChatterBot Echo round 12
ChatterBot X-ray round 12
ChatterBot Oscar round 12
ChatterBot Tango round 12
ChatterBot Victor round 12
2024-10-14 23:06:59.572668 Delta: Zulu and Mike, sending you 6
2024-10-14 23:06:59.573695 Zulu: Delta, sending you 5
2024-10-14 23:06:59.574693 Charlie: Romeo, Oscar and Tango, sending you 4
2024-10-14 23:06:59.577660 Delta: Victor, sending you 2
2024-10-14 23:06:59.578313 Zulu: Mike and Victor, sending you 6
2024-10-14 23:06:59.580680 Charlie: Echo, sending you 2
2024-10-14 23:06:59.582655 Romeo: Charlie, sending you 5
2024-10-14 23:06:59.584659 Victor: Delta, sending you 2
2024-10-14 23:06:59.585347 Charlie: X-ray, sending you 3
2024-10-14 23:06:59.586750 Romeo: Echo, Oscar and Tango, sending you 2
2024-10-14 23:06:59.588709 Victor: Zulu, sending you 8
2024-10-14 23:06:59.590674 Oscar: Romeo, sending you 1
2024-10-14 23:06:59.591769 Echo: Romeo and Charlie, sending you 3
2024-10-14 23:06:59.592453 Romeo: X-ray, sending you 3
2024-10-14 23:06:59.593136 X-ray: Romeo, Charlie and Echo, sending you 3
2024-10-14 23:06:59.594209 Tango: Romeo, sending you 2
2024-10-14 23:06:59.595691 Victor: Mike, sending you 7
2024-10-14 23:06:59.596061 Echo: X-ray and Oscar, sending you 4
2024-10-14 23:06:59.596781 Oscar: Charlie and X-ray, sending you 4
2024-10-14 23:06:59.598141 Mike: Delta and Victor, sending you 5
2024-10-14 23:06:59.598661 X-ray: Oscar and Tango, sending you 4
2024-10-14 23:06:59.599701 Echo: Tango, sending you 5
2024-10-14 23:06:59.601872 Tango: Charlie, sending you 5
2024-10-14 23:06:59.602905 Mike: Zulu, sending you 6
2024-10-14 23:06:59.603363 Oscar: Echo and Tango, sending you 3
2024-10-14 23:06:59.607047 Tango: Echo and X-ray, sending you 4
2024-10-14 23:06:59.612001 Tango: Oscar, sending you 3
chatterbot Echo submitting transactions
chatterbot Romeo submitting transactions
chatterbot Victor submitting transactions
chatterbot Zulu submitting transactions
chatterbot X-ray submitting transactions
chatterbot Charlie submitting transactions
chatterbot Tango submitting transactions
chatterbot Mike submitting transactions
chatterbot Delta submitting transactions
chatterbot Oscar submitting transactions
ChatterBot Delta round 13
ChatterBot Romeo round 13
ChatterBot Charlie round 13
ChatterBot Zulu round 13
ChatterBot Mike round 13
ChatterBot Echo round 13
ChatterBot X-ray round 13
ChatterBot Oscar round 13
ChatterBot Tango round 13
ChatterBot Victor round 13
2024-10-14 23:07:00.520654 Zulu: Delta, sending you 5
2024-10-14 23:07:00.524685 Delta: Zulu and Mike, sending you 6
2024-10-14 23:07:00.525680 Zulu: Mike and Victor, sending you 6
2024-10-14 23:07:00.529671 Delta: Victor, sending you 2
2024-10-14 23:07:00.530773 Romeo: Charlie, sending you 5
2024-10-14 23:07:00.531892 Charlie: Romeo, Oscar and Tango, sending you 4
2024-10-14 23:07:00.533800 X-ray: Romeo, Charlie and Echo, sending you 3
2024-10-14 23:07:00.534922 Echo: Romeo and Charlie, sending you 3
2024-10-14 23:07:00.536349 Oscar: Romeo, sending you 1
2024-10-14 23:07:00.537302 Romeo: Echo, Oscar and Tango, sending you 2
2024-10-14 23:07:00.538412 Charlie: Echo, sending you 2
2024-10-14 23:07:00.539673 X-ray: Oscar and Tango, sending you 4
2024-10-14 23:07:00.540651 Tango: Romeo, sending you 2
2024-10-14 23:07:00.541584 Oscar: Charlie and X-ray, sending you 4
2024-10-14 23:07:00.543233 Echo: X-ray and Oscar, sending you 4
2024-10-14 23:07:00.544420 Mike: Delta and Victor, sending you 5
2024-10-14 23:07:00.544869 Victor: Delta, sending you 2
2024-10-14 23:07:00.545843 Romeo: X-ray, sending you 3
2024-10-14 23:07:00.547313 Tango: Charlie, sending you 5
2024-10-14 23:07:00.549309 Charlie: X-ray, sending you 3
2024-10-14 23:07:00.551207 Oscar: Echo and Tango, sending you 3
2024-10-14 23:07:00.552369 Echo: Tango, sending you 5
2024-10-14 23:07:00.553670 Mike: Zulu, sending you 6
2024-10-14 23:07:00.554140 Victor: Zulu, sending you 8
2024-10-14 23:07:00.554684 Tango: Echo and X-ray, sending you 4
2024-10-14 23:07:00.557664 Tango: Oscar, sending you 3
2024-10-14 23:07:00.559669 Victor: Mike, sending you 7
chatterbot X-ray submitting transactions
chatterbot Charlie submitting transactions
chatterbot Delta submitting transactions
chatterbot Echo submitting transactions
chatterbot Victor submitting transactions
chatterbot Romeo submitting transactions
chatterbot Mike submitting transactions
chatterbot Tango submitting transactions
chatterbot Oscar submitting transactions
chatterbot Zulu submitting transactions
ChatterBot Delta round 14
ChatterBot Romeo round 14
ChatterBot Charlie round 14
ChatterBot Zulu round 14
ChatterBot Mike round 14
ChatterBot Echo round 14
ChatterBot X-ray round 14
ChatterBot Oscar round 14
ChatterBot Tango round 14
ChatterBot Victor round 14
2024-10-14 23:07:01.795661 Charlie: Romeo, Oscar and Tango, sending you 4
2024-10-14 23:07:01.796905 Delta: Zulu and Mike, sending you 6
2024-10-14 23:07:01.800722 Charlie: Echo, sending you 2
2024-10-14 23:07:01.803157 Oscar: Romeo, sending you 1
2024-10-14 23:07:01.805322 Delta: Victor, sending you 2
2024-10-14 23:07:01.808822 Charlie: X-ray, sending you 3
2024-10-14 23:07:01.809995 Oscar: Charlie and X-ray, sending you 4
2024-10-14 23:07:01.811089 X-ray: Romeo, Charlie and Echo, sending you 3
2024-10-14 23:07:01.813648 Romeo: Charlie, sending you 5
2024-10-14 23:07:01.816201 Tango: Romeo, sending you 2
2024-10-14 23:07:01.818157 Mike: Delta and Victor, sending you 5
2024-10-14 23:07:01.818881 Echo: Romeo and Charlie, sending you 3
2024-10-14 23:07:01.820929 Zulu: Delta, sending you 5
2024-10-14 23:07:01.821626 Oscar: Echo and Tango, sending you 3
2024-10-14 23:07:01.823593 Victor: Delta, sending you 2
2024-10-14 23:07:01.824566 X-ray: Oscar and Tango, sending you 4
2024-10-14 23:07:01.827071 Romeo: Echo, Oscar and Tango, sending you 2
2024-10-14 23:07:01.829696 Tango: Charlie, sending you 5
2024-10-14 23:07:01.832519 Mike: Zulu, sending you 6
2024-10-14 23:07:01.833481 Echo: X-ray and Oscar, sending you 4
2024-10-14 23:07:01.837119 Zulu: Mike and Victor, sending you 6
2024-10-14 23:07:01.838722 Victor: Zulu, sending you 8
2024-10-14 23:07:01.839596 Romeo: X-ray, sending you 3
2024-10-14 23:07:01.842125 Tango: Echo and X-ray, sending you 4
2024-10-14 23:07:01.845075 Echo: Tango, sending you 5
2024-10-14 23:07:01.848535 Victor: Mike, sending you 7
2024-10-14 23:07:01.850096 Tango: Oscar, sending you 3
chatterbot Tango submitting transactions
chatterbot Mike submitting transactions
chatterbot Echo submitting transactions
chatterbot X-ray submitting transactions
chatterbot Delta submitting transactions
chatterbot Romeo submitting transactions
chatterbot Charlie submitting transactions
chatterbot Oscar submitting transactions
chatterbot Zulu submitting transactions
chatterbot Victor submitting transactions
ChatterBot Delta round 15
ChatterBot Romeo round 15
ChatterBot Charlie round 15
ChatterBot Zulu round 15
ChatterBot Mike round 15
ChatterBot Echo round 15
ChatterBot X-ray round 15
ChatterBot Oscar round 15
ChatterBot Tango round 15
ChatterBot Victor round 15
2024-10-14 23:07:03.257974 Romeo: Charlie, sending you 5
2024-10-14 23:07:03.262464 Charlie: Romeo, Oscar and Tango, sending you 4
2024-10-14 23:07:03.266985 Oscar: Romeo, sending you 1
2024-10-14 23:07:03.269854 Mike: Delta and Victor, sending you 5
2024-10-14 23:07:03.271329 Romeo: Echo, Oscar and Tango, sending you 2
2024-10-14 23:07:03.274004 Charlie: Echo, sending you 2
2024-10-14 23:07:03.276889 Oscar: Charlie and X-ray, sending you 4
2024-10-14 23:07:03.279068 Delta: Zulu and Mike, sending you 6
2024-10-14 23:07:03.280742 Zulu: Delta, sending you 5
2024-10-14 23:07:03.281527 Mike: Zulu, sending you 6
2024-10-14 23:07:03.282696 Romeo: X-ray, sending you 3
