ChatterBot Charlie round 1
ChatterBot Papa round 1
ChatterBot Delta round 1
ChatterBot Quebec round 1
ChatterBot Hotel round 1
ChatterBot Romeo round 1
randomSelections Charlie: {Charlie, Yankee, Papa, Delta, Tango, Romeo, November} 
2024-10-14 23:06:43.674150 Charlie: Group up?
ChatterBot Papa reevaluating
ChatterBot Delta reevaluating
ChatterBot Romeo reevaluating
2024-10-14 23:06:43.733582 Papa: Yes
2024-10-14 23:06:43.734562 Delta: Yes
2024-10-14 23:06:43.734790 Romeo: Yes
ChatterBot Delta reevaluating
ChatterBot Romeo reevaluating
ChatterBot Papa reevaluating
ChatterBot Romeo reevaluating
ChatterBot Papa reevaluating
ChatterBot Delta reevaluating
ChatterBot Yankee round 1
ChatterBot Yankee reevaluating
ChatterBot Yankee reevaluating
ChatterBot Yankee reevaluating
ChatterBot Yankee reevaluating
2024-10-14 23:06:43.777591 Yankee: Yes
ChatterBot Papa reevaluating
ChatterBot Delta reevaluating
ChatterBot Romeo reevaluating
randomSelections Quebec: {Quebec, Golf, Yankee, Tango, Hotel, November, Charlie} 
2024-10-14 23:06:43.789953 Quebec: We would work well together
ChatterBot Yankee reevaluating
ChatterBot Hotel reevaluating
2024-10-14 23:06:43.797424 Yankee: No
2024-10-14 23:06:43.797778 Hotel: Yes
2024-10-14 23:06:43.798055 Charlie: No
ChatterBot Hotel reevaluating
ChatterBot Yankee reevaluating
ChatterBot Yankee reevaluating
ChatterBot Hotel reevaluating
ChatterBot Golf round 1
ChatterBot Golf reevaluating
ChatterBot Golf reevaluating
ChatterBot Golf reevaluating
ChatterBot Golf reevaluating
2024-10-14 23:06:43.825379 Golf: Yes
ChatterBot Yankee reevaluating
ChatterBot Hotel reevaluating
ChatterBot Tango round 1
ChatterBot Tango reevaluating
ChatterBot Tango reevaluating
ChatterBot Tango reevaluating
ChatterBot Tango reevaluating
ChatterBot Tango reevaluating
ChatterBot Tango reevaluating
ChatterBot Tango reevaluating
ChatterBot Tango reevaluating
ChatterBot Tango reevaluating
ChatterBot Tango reevaluating
2024-10-14 23:06:43.857758 Tango: Yes
2024-10-14 23:06:43.858489 Tango: No
ChatterBot Yankee reevaluating
ChatterBot Papa reevaluating
ChatterBot Delta reevaluating
ChatterBot Romeo reevaluating
ChatterBot Golf reevaluating
ChatterBot Hotel reevaluating
ChatterBot Yankee reevaluating
ChatterBot November round 1
ChatterBot November reevaluating
ChatterBot November reevaluating
ChatterBot November reevaluating
ChatterBot November reevaluating
ChatterBot November reevaluating
ChatterBot November reevaluating
ChatterBot November reevaluating
ChatterBot November reevaluating
ChatterBot November reevaluating
ChatterBot November reevaluating
ChatterBot November reevaluating
ChatterBot November reevaluating
2024-10-14 23:06:43.912833 November: Yes
2024-10-14 23:06:43.913166 November: No
ChatterBot Yankee reevaluating
ChatterBot Papa reevaluating
ChatterBot Delta reevaluating
ChatterBot Tango reevaluating
ChatterBot Romeo reevaluating
ChatterBot Golf reevaluating
ChatterBot Hotel reevaluating
ChatterBot Yankee reevaluating
ChatterBot Tango reevaluating
2024-10-14 23:06:43.970011 Charlie: Delta and Romeo, sending you 1
2024-10-14 23:06:43.975769 Quebec: Hotel, Yankee and November, sending you 2
2024-10-14 23:06:43.976831 Golf: Charlie and Quebec, sending you 3
2024-10-14 23:06:43.979773 Yankee: Charlie and Tango, sending you 1
2024-10-14 23:06:43.980883 Quebec: Golf, sending you 1
2024-10-14 23:06:43.982985 Golf: Hotel, Yankee and November, sending you 2
2024-10-14 23:06:43.983843 Tango: Charlie, sending you 4
2024-10-14 23:06:43.985886 November: Papa, sending you 3
2024-10-14 23:06:43.987212 Papa: Delta, sending you 7
2024-10-14 23:06:43.989694 Hotel: Charlie, sending you 4
2024-10-14 23:06:43.992224 Romeo: Charlie and Delta, sending you 1
2024-10-14 23:06:43.997719 Golf: Tango, sending you 5
2024-10-14 23:06:44.010714 Tango: Papa and November, sending you 1
2024-10-14 23:06:44.012193 Delta: Charlie, Papa, Tango and November, sending you 2
2024-10-14 23:06:44.014262 November: Romeo, sending you 2
2024-10-14 23:06:44.015405 Papa: Romeo, sending you 3
2024-10-14 23:06:44.018030 Hotel: Quebec, sending you 5
2024-10-14 23:06:44.020488 Romeo: Papa, sending you 4
2024-10-14 23:06:44.021580 Tango: Delta, sending you 3
2024-10-14 23:06:44.023768 Delta: Romeo and Yankee, sending you 1
2024-10-14 23:06:44.024827 November: Tango, sending you 5
2024-10-14 23:06:44.027460 Papa: Yankee, sending you 2
2024-10-14 23:06:44.028316 Hotel: Yankee, Golf and November, sending you 2
2024-10-14 23:06:44.030667 Romeo: Yankee, sending you 2
2024-10-14 23:06:44.031944 Tango: Romeo, sending you 2
2024-10-14 23:06:44.034120 Papa: Tango, sending you 4
2024-10-14 23:06:44.034950 Hotel: Tango, sending you 3
2024-10-14 23:06:44.037243 Romeo: Tango, sending you 6
2024-10-14 23:06:44.038154 Tango: Yankee, sending you 5
2024-10-14 23:06:44.040902 Papa: November, sending you 1
2024-10-14 23:06:44.041878 Romeo: November, sending you 3
chatterbot Quebec submitting transactions
chatterbot Hotel submitting transactions
chatterbot Papa submitting transactions
chatterbot November submitting transactions
chatterbot Charlie submitting transactions
chatterbot Yankee submitting transactions
chatterbot Tango submitting transactions
chatterbot Romeo submitting transactions
chatterbot Golf submitting transactions
chatterbot Delta submitting transactions
ChatterBot Charlie round 2
ChatterBot Papa round 2
ChatterBot Delta round 2
ChatterBot Quebec round 2
ChatterBot Hotel round 2
ChatterBot Romeo round 2
ChatterBot Yankee round 2
ChatterBot Golf round 2
2024-10-14 23:06:45.276608 Charlie: Group up?
ChatterBot Hotel reevaluating
ChatterBot Golf reevaluating
ChatterBot Yankee reevaluating
2024-10-14 23:06:45.291126 Quebec: Yes
2024-10-14 23:06:45.291334 Hotel: Yes
2024-10-14 23:06:45.291463 Golf: Yes
2024-10-14 23:06:45.291580 Yankee: No
ChatterBot Charlie reevaluating
ChatterBot Hotel reevaluating
ChatterBot Golf reevaluating
ChatterBot Yankee reevaluating
ChatterBot Charlie reevaluating
ChatterBot Golf reevaluating
ChatterBot Yankee reevaluating
ChatterBot Charlie reevaluating
ChatterBot Hotel reevaluating
ChatterBot Yankee reevaluating
ChatterBot Charlie reevaluating
ChatterBot Hotel reevaluating
ChatterBot Golf reevaluating
ChatterBot Tango round 2
ChatterBot November round 2
2024-10-14 23:06:45.349390 Papa: We should drop Charlie and Yankee
ChatterBot Romeo reevaluating
ChatterBot Tango reevaluating
ChatterBot November reevaluating
2024-10-14 23:06:45.364998 Delta: No
2024-10-14 23:06:45.365173 Romeo: No
2024-10-14 23:06:45.365289 Tango: No
2024-10-14 23:06:45.365406 November: Yes
ChatterBot Romeo reevaluating
ChatterBot Tango reevaluating
ChatterBot November reevaluating
ChatterBot Tango reevaluating
ChatterBot November reevaluating
ChatterBot Papa reevaluating
ChatterBot Romeo reevaluating
ChatterBot November reevaluating
ChatterBot Papa reevaluating
ChatterBot Romeo reevaluating
ChatterBot Tango reevaluating
2024-10-14 23:06:45.433233 Delta: We should drop Yankee
ChatterBot Papa reevaluating
ChatterBot Romeo reevaluating
ChatterBot Tango reevaluating
ChatterBot November reevaluating
ChatterBot Charlie reevaluating
2024-10-14 23:06:45.452534 Papa: Yes
2024-10-14 23:06:45.452705 Romeo: Yes
2024-10-14 23:06:45.452833 Tango: Yes
2024-10-14 23:06:45.453369 November: Yes
2024-10-14 23:06:45.453472 Charlie: Yes
ChatterBot Romeo reevaluating
ChatterBot Tango reevaluating
ChatterBot November reevaluating
ChatterBot Charlie reevaluating
ChatterBot Papa reevaluating
ChatterBot Tango reevaluating
ChatterBot November reevaluating
ChatterBot Charlie reevaluating
ChatterBot Papa reevaluating
ChatterBot Romeo reevaluating
ChatterBot November reevaluating
ChatterBot Charlie reevaluating
ChatterBot Papa reevaluating
ChatterBot Romeo reevaluating
ChatterBot Tango reevaluating
ChatterBot Charlie reevaluating
ChatterBot Papa reevaluating
ChatterBot Romeo reevaluating
ChatterBot Tango reevaluating
ChatterBot November reevaluating
2024-10-14 23:06:45.558290 Quebec: We should drop Tango and November
ChatterBot Charlie reevaluating
ChatterBot Hotel reevaluating
ChatterBot Golf reevaluating
ChatterBot Yankee reevaluating
2024-10-14 23:06:45.573640 Charlie: Yes
2024-10-14 23:06:45.573835 Hotel: Yes
2024-10-14 23:06:45.573957 Golf: Yes
2024-10-14 23:06:45.574531 Yankee: No
ChatterBot Hotel reevaluating
ChatterBot Golf reevaluating
ChatterBot Yankee reevaluating
ChatterBot Charlie reevaluating
ChatterBot Golf reevaluating
ChatterBot Yankee reevaluating
ChatterBot Charlie reevaluating
ChatterBot Hotel reevaluating
ChatterBot Yankee reevaluating
ChatterBot Charlie reevaluating
ChatterBot Hotel reevaluating
ChatterBot Golf reevaluating
2024-10-14 23:06:46.129342 Yankee: We should drop Charlie
ChatterBot Papa reevaluating
ChatterBot Romeo reevaluating
ChatterBot November reevaluating
2024-10-14 23:06:46.156942 Papa: Yes
2024-10-14 23:06:46.157763 Delta: No
2024-10-14 23:06:46.158129 Romeo: Yes
2024-10-14 23:06:46.159125 Tango: No
2024-10-14 23:06:46.159317 November: Yes
ChatterBot Romeo reevaluating
ChatterBot November reevaluating
ChatterBot Papa reevaluating
ChatterBot Romeo reevaluating
ChatterBot November reevaluating
ChatterBot Papa reevaluating
ChatterBot Delta reevaluating
ChatterBot November reevaluating
ChatterBot Papa reevaluating
ChatterBot Delta reevaluating
ChatterBot Romeo reevaluating
ChatterBot November reevaluating
ChatterBot Papa reevaluating
ChatterBot Delta reevaluating
ChatterBot Romeo reevaluating
chatterbot Delta submitting transactions
chatterbot Quebec submitting transactions
2024-10-14 23:06:46.597581 Charlie: Hotel and Golf, sending you 1
2024-10-14 23:06:46.598394 Quebec: Hotel, sending you 7
2024-10-14 23:06:46.598754 Golf: Charlie and Yankee, sending you 2
2024-10-14 23:06:46.599512 Hotel: Quebec, sending you 9
chatterbot Tango submitting transactions
chatterbot Hotel submitting transactions
2024-10-14 23:06:47.107667 Golf: Quebec, sending you 5
2024-10-14 23:06:47.108014 Quebec: Golf, sending you 6
2024-10-14 23:06:47.108681 Hotel: Golf, sending you 8
2024-10-14 23:06:47.108980 Yankee: Tango, sending you 2
chatterbot Charlie submitting transactions
chatterbot Romeo submitting transactions
chatterbot Papa submitting transactions
chatterbot Yankee submitting transactions
2024-10-14 23:06:47.113410 November: Papa and Tango, sending you 3
2024-10-14 23:06:47.113721 Golf: Hotel, sending you 8
2024-10-14 23:06:47.114055 Tango: Charlie, sending you 1
2024-10-14 23:06:47.444666 November: Delta, sending you 5
2024-10-14 23:06:47.446289 Tango: Papa and November, sending you 4
chatterbot Golf submitting transactions
chatterbot Delta submitting transactions
chatterbot November submitting transactions
2024-10-14 23:06:47.462791 Romeo: Charlie and Delta, sending you 2
2024-10-14 23:06:47.463904 Papa: Delta, sending you 4
2024-10-14 23:06:47.464358 November: Romeo, sending you 6
2024-10-14 23:06:47.465330 Tango: Delta, sending you 2
ChatterBot Charlie round 3
ChatterBot Papa round 3
ChatterBot Delta round 3
ChatterBot Quebec round 3
ChatterBot Hotel round 3
2024-10-14 23:06:47.467958 Papa: Romeo, sending you 6
2024-10-14 23:06:47.468929 Romeo: Papa, sending you 5
ChatterBot Romeo round 3
ChatterBot Yankee round 3
ChatterBot Golf round 3
2024-10-14 23:06:47.557123 Tango: Romeo, sending you 5
ChatterBot Tango round 3
2024-10-14 23:06:47.567289 Papa: Tango, sending you 2
2024-10-14 23:06:47.568081 Romeo: Tango and November, sending you 4
ChatterBot November round 3
2024-10-14 23:06:47.595748 Yankee: We should group up
2024-10-14 23:06:47.607987 Quebec: No
2024-10-14 23:06:47.608162 Hotel: No
2024-10-14 23:06:47.608307 Golf: No
ChatterBot Yankee reevaluating
ChatterBot Yankee reevaluating
2024-10-14 23:06:47.644708 Hotel: We should drop Yankee
2024-10-14 23:06:47.658196 Quebec: Yes
2024-10-14 23:06:47.658360 Golf: Yes
2024-10-14 23:06:47.658487 Charlie: Yes
2024-10-14 23:06:47.711631 Papa: We should drop Charlie and Yankee
ChatterBot Delta reevaluating
2024-10-14 23:06:47.728367 Delta: Yes
2024-10-14 23:06:47.728547 Romeo: Yes
2024-10-14 23:06:47.728681 Tango: No
2024-10-14 23:06:47.728835 November: Yes
ChatterBot Tango reevaluating
ChatterBot Delta reevaluating
ChatterBot Tango reevaluating
ChatterBot Delta reevaluating
ChatterBot Delta reevaluating
ChatterBot Tango reevaluating
2024-10-14 23:06:47.813145 Charlie: Delta and Tango, sending you 1
2024-10-14 23:06:47.813816 Tango: We should replace Charlie with Yankee
ChatterBot Delta reevaluating
2024-10-14 23:06:47.831072 Papa: No
2024-10-14 23:06:47.831333 Delta: No
2024-10-14 23:06:47.831503 Romeo: No
2024-10-14 23:06:47.832095 November: No
ChatterBot Delta reevaluating
ChatterBot Tango reevaluating
ChatterBot Tango reevaluating
ChatterBot Delta reevaluating
ChatterBot Tango reevaluating
ChatterBot Delta reevaluating
ChatterBot Tango reevaluating
2024-10-14 23:06:48.097420 Romeo: Papa, Tango and November, sending you 5
2024-10-14 23:06:48.098307 Papa: Delta, sending you 3
2024-10-14 23:06:48.098745 Yankee: Quebec and Golf, sending you 1
2024-10-14 23:06:48.099464 November: Papa, Romeo and Tango, sending you 5
2024-10-14 23:06:48.099921 Hotel: Charlie, sending you 1
2024-10-14 23:06:48.100234 Golf: Charlie, sending you 3
2024-10-14 23:06:48.100999 Tango: Yankee we want you to join our group
2024-10-14 23:06:48.105507 Yankee: No
ChatterBot Delta reevaluating
ChatterBot Tango reevaluating
chatterbot Hotel submitting transactions
2024-10-14 23:06:48.128528 Romeo: Delta, sending you 2
2024-10-14 23:06:48.129462 November: Delta, sending you 2
2024-10-14 23:06:48.130070 Hotel: Quebec, sending you 9
2024-10-14 23:06:48.130846 Golf: Quebec, sending you 6
2024-10-14 23:06:48.131216 Quebec: Hotel, sending you 8
2024-10-14 23:06:48.159821 Golf: Hotel, sending you 8
2024-10-14 23:06:48.160444 Papa: Tango and November, sending you 4
2024-10-14 23:06:48.161570 Hotel: Golf, sending you 8
2024-10-14 23:06:48.162042 Quebec: Golf, sending you 6
chatterbot Quebec submitting transactions
chatterbot Charlie submitting transactions
2024-10-14 23:06:48.282921 Delta: Papa, Romeo and November, sending you 1
2024-10-14 23:06:48.348775 Tango: Papa and Delta, sending you 3
2024-10-14 23:06:48.349145 Delta: Tango, sending you 2
chatterbot November submitting transactions
2024-10-14 23:06:48.419433 Tango: Romeo and November, sending you 4
chatterbot Papa submitting transactions
2024-10-14 23:06:48.512608 Tango: Yankee, sending you 2
chatterbot Yankee submitting transactions
chatterbot Golf submitting transactions
chatterbot Romeo submitting transactions
chatterbot Delta submitting transactions
chatterbot Tango submitting transactions
ChatterBot Charlie round 4
ChatterBot Papa round 4
ChatterBot Delta round 4
ChatterBot Quebec round 4
ChatterBot Hotel round 4
ChatterBot Romeo round 4
ChatterBot Yankee round 4
ChatterBot Golf round 4
ChatterBot Tango round 4
ChatterBot November round 4
2024-10-14 23:06:49.373724 Papa: Delta, sending you 2
2024-10-14 23:06:49.375123 Delta: Papa, Romeo and November, sending you 1
2024-10-14 23:06:49.376928 Papa: Romeo, sending you 6
2024-10-14 23:06:49.378674 Golf: Charlie, sending you 3
2024-10-14 23:06:49.380698 Delta: Tango, sending you 2
2024-10-14 23:06:49.381312 Romeo: Papa, Tango and November, sending you 5
2024-10-14 23:06:49.382301 Papa: Tango, sending you 4
2024-10-14 23:06:49.382739 Charlie: Hotel and Golf, sending you 1
2024-10-14 23:06:49.383915 Golf: Quebec and Hotel, sending you 7
2024-10-14 23:06:49.384660 Hotel: Charlie, sending you 1
2024-10-14 23:06:49.386148 Romeo: Delta, sending you 2
2024-10-14 23:06:49.386550 Yankee: Quebec and Golf, sending you 1
2024-10-14 23:06:49.386804 Tango: Papa and Delta, sending you 3
2024-10-14 23:06:49.387629 Papa: November, sending you 5
2024-10-14 23:06:49.387918 Quebec: Hotel, sending you 8
2024-10-14 23:06:49.388173 Hotel: Quebec, sending you 9
2024-10-14 23:06:49.391111 Hotel: Golf, sending you 8
2024-10-14 23:06:49.391660 Tango: Romeo and November, sending you 4
2024-10-14 23:06:49.392035 Quebec: Golf, sending you 6
2024-10-14 23:06:49.392755 November: Papa, sending you 4
2024-10-14 23:06:49.396664 Tango: Yankee, sending you 2
2024-10-14 23:06:49.397127 November: Delta, sending you 3
2024-10-14 23:06:49.401819 November: Romeo and Tango, sending you 5
chatterbot Yankee submitting transactions
chatterbot November submitting transactions
chatterbot Romeo submitting transactions
chatterbot Quebec submitting transactions
chatterbot Charlie submitting transactions
chatterbot Delta submitting transactions
chatterbot Hotel submitting transactions
chatterbot Papa submitting transactions
chatterbot Tango submitting transactions
chatterbot Golf submitting transactions
ChatterBot Charlie round 5
ChatterBot Papa round 5
ChatterBot Delta round 5
ChatterBot Quebec round 5
ChatterBot Hotel round 5
ChatterBot Romeo round 5
ChatterBot Yankee round 5
ChatterBot Golf round 5
ChatterBot Tango round 5
ChatterBot November round 5
2024-10-14 23:06:50.567947 Tango: We should replace Yankee with Charlie
2024-10-14 23:06:50.586030 Papa: No
2024-10-14 23:06:50.586261 Delta: No
2024-10-14 23:06:50.586489 Romeo: No
2024-10-14 23:06:50.587071 November: No
ChatterBot Romeo reevaluating
ChatterBot Tango reevaluating
ChatterBot Romeo reevaluating
ChatterBot Tango reevaluating
ChatterBot Tango reevaluating
ChatterBot Romeo reevaluating
ChatterBot Tango reevaluating
2024-10-14 23:06:50.680195 Charlie: Hotel and Golf, sending you 1
2024-10-14 23:06:50.680641 Papa: Delta, sending you 2
2024-10-14 23:06:50.690704 Delta: Sending you each 1
2024-10-14 23:06:50.691239 Quebec: Hotel and Golf, sending you 7
2024-10-14 23:06:50.692050 Papa: Romeo, sending you 6
2024-10-14 23:06:50.709149 November: Papa, Romeo and Tango, sending you 5
2024-10-14 23:06:50.710271 Golf: Charlie, sending you 3
2024-10-14 23:06:50.710604 Hotel: Charlie, sending you 1
2024-10-14 23:06:50.710900 Yankee: Tango, sending you 2
2024-10-14 23:06:50.711698 Tango: Papa and Delta, sending you 3
2024-10-14 23:06:50.712012 Papa: Tango, sending you 4
2024-10-14 23:06:50.717925 November: Delta, sending you 2
2024-10-14 23:06:50.718923 Golf: Quebec and Hotel, sending you 7
2024-10-14 23:06:50.719286 Hotel: Quebec, sending you 9
2024-10-14 23:06:50.719556 Romeo: Papa, Tango and November, sending you 5
2024-10-14 23:06:50.720568 Papa: November, sending you 5
2024-10-14 23:06:50.721118 Tango: Romeo and November, sending you 4
2024-10-14 23:06:50.729135 Hotel: Golf, sending you 8
2024-10-14 23:06:50.729660 Romeo: Delta, sending you 2
2024-10-14 23:06:50.730760 Tango: Yankee, sending you 2
chatterbot Romeo submitting transactions
chatterbot Tango submitting transactions
chatterbot Delta submitting transactions
chatterbot Hotel submitting transactions
chatterbot November submitting transactions
chatterbot Papa submitting transactions
chatterbot Charlie submitting transactions
chatterbot Golf submitting transactions
chatterbot Yankee submitting transactions
chatterbot Quebec submitting transactions
ChatterBot Charlie round 6
ChatterBot Papa round 6
ChatterBot Delta round 6
ChatterBot Quebec round 6
ChatterBot Hotel round 6
ChatterBot Romeo round 6
ChatterBot Yankee round 6
ChatterBot Golf round 6
ChatterBot Tango round 6
ChatterBot November round 6
2024-10-14 23:06:51.739655 Romeo: Papa, Tango and November, sending you 5
2024-10-14 23:06:51.744671 Romeo: Delta, sending you 2
2024-10-14 23:06:51.746656 Quebec: Hotel and Golf, sending you 7
2024-10-14 23:06:51.747653 Papa: Delta, sending you 2
2024-10-14 23:06:51.750700 Golf: Charlie, sending you 3
2024-10-14 23:06:51.751669 Papa: Romeo, sending you 6
2024-10-14 23:06:51.753651 Golf: Quebec and Hotel, sending you 7
2024-10-14 23:06:51.754664 November: Papa, Romeo and Tango, sending you 5
2024-10-14 23:06:51.755264 Hotel: Charlie, sending you 1
2024-10-14 23:06:51.755648 Yankee: Tango, sending you 2
2024-10-14 23:06:51.756716 Papa: Tango, sending you 4
2024-10-14 23:06:51.758668 Delta: Same as last round
2024-10-14 23:06:51.759498 November: Delta, sending you 2
2024-10-14 23:06:51.759939 Hotel: Quebec, sending you 9
2024-10-14 23:06:51.761683 Charlie: Hotel and Golf, sending you 1
2024-10-14 23:06:51.762555 Papa: November, sending you 5
2024-10-14 23:06:51.763145 Tango: Papa, sending you 3
2024-10-14 23:06:51.764669 Hotel: Golf, sending you 8
2024-10-14 23:06:51.767685 Tango: Delta and Yankee, sending you 2
2024-10-14 23:06:51.772671 Tango: Romeo, sending you 5
2024-10-14 23:06:51.776915 Tango: November, sending you 4
chatterbot Golf submitting transactions
chatterbot Quebec submitting transactions
chatterbot November submitting transactions
chatterbot Romeo submitting transactions
chatterbot Yankee submitting transactions
chatterbot Charlie submitting transactions
chatterbot Tango submitting transactions
chatterbot Delta submitting transactions
chatterbot Papa submitting transactions
chatterbot Hotel submitting transactions
ChatterBot Charlie round 7
ChatterBot Papa round 7
ChatterBot Delta round 7
ChatterBot Quebec round 7
ChatterBot Hotel round 7
ChatterBot Romeo round 7
ChatterBot Yankee round 7
ChatterBot Golf round 7
ChatterBot Tango round 7
ChatterBot November round 7
2024-10-14 23:06:52.925399 Romeo: We should drop Delta
ChatterBot Papa reevaluating
2024-10-14 23:06:52.935304 Papa: Yes
2024-10-14 23:06:52.935507 Tango: No
2024-10-14 23:06:52.935676 November: No
ChatterBot Papa reevaluating
ChatterBot Romeo reevaluating
ChatterBot Papa reevaluating
2024-10-14 23:06:52.965804 Hotel: Charlie, sending you 1
2024-10-14 23:06:52.967153 Quebec: Hotel and Golf, sending you 7
2024-10-14 23:06:52.968747 Delta: Same as last round
2024-10-14 23:06:52.970593 Charlie: Hotel and Golf, sending you 1
2024-10-14 23:06:52.974224 Hotel: Quebec, sending you 9
2024-10-14 23:06:52.977722 Golf: Charlie, sending you 3
2024-10-14 23:06:52.979690 Hotel: Golf, sending you 8
2024-10-14 23:06:52.980696 Yankee: Tango, sending you 2
2024-10-14 23:06:52.982461 Tango: Papa, sending you 3
2024-10-14 23:06:52.983217 November: Papa, Romeo and Tango, sending you 5
2024-10-14 23:06:52.983983 Golf: Quebec and Hotel, sending you 7
2024-10-14 23:06:52.988187 Tango: Delta and Yankee, sending you 2
2024-10-14 23:06:52.988889 November: Delta, sending you 2
2024-10-14 23:06:52.989735 Romeo: Papa, Tango and November, sending you 5
2024-10-14 23:06:52.992659 Tango: Romeo, sending you 5
2024-10-14 23:06:52.994649 Romeo: Delta, sending you 2
2024-10-14 23:06:52.995688 Tango: November, sending you 4
2024-10-14 23:06:52.999267 Papa: Delta, sending you 2
2024-10-14 23:06:53.002672 Papa: Romeo, sending you 6
2024-10-14 23:06:53.005655 Papa: Tango, sending you 4
2024-10-14 23:06:53.008664 Papa: November, sending you 5
chatterbot Yankee submitting transactions
chatterbot November submitting transactions
chatterbot Charlie submitting transactions
chatterbot Hotel submitting transactions
chatterbot Papa submitting transactions
chatterbot Delta submitting transactions
chatterbot Romeo submitting transactions
chatterbot Golf submitting transactions
chatterbot Quebec submitting transactions
chatterbot Tango submitting transactions
ChatterBot Charlie round 8
ChatterBot Papa round 8
ChatterBot Delta round 8
ChatterBot Quebec round 8
ChatterBot Hotel round 8
ChatterBot Romeo round 8
ChatterBot Yankee round 8
ChatterBot Golf round 8
ChatterBot Tango round 8
ChatterBot November round 8
2024-10-14 23:06:54.213776 Charlie: Hotel and Golf, sending you 1
2024-10-14 23:06:54.219683 Hotel: Charlie, sending you 1
2024-10-14 23:06:54.220212 Yankee: Quebec and Golf, sending you 1
2024-10-14 23:06:54.221683 November: Papa, Romeo and Tango, sending you 5
2024-10-14 23:06:54.222809 Quebec: Hotel and Golf, sending you 7
2024-10-14 23:06:54.224678 Hotel: Quebec, sending you 9
2024-10-14 23:06:54.226921 November: Delta, sending you 2
2024-10-14 23:06:54.228150 Hotel: Golf, sending you 8
2024-10-14 23:06:54.231940 Romeo: Papa, Tango and November, sending you 5
2024-10-14 23:06:54.232828 Delta: Same as last round
2024-10-14 23:06:54.233388 Papa: Delta, sending you 2
2024-10-14 23:06:54.234406 Golf: Charlie, sending you 3
2024-10-14 23:06:54.237674 Romeo: Delta, sending you 2
2024-10-14 23:06:54.238635 Golf: Quebec and Hotel, sending you 7
2024-10-14 23:06:54.239502 Papa: Romeo, sending you 6
2024-10-14 23:06:54.241306 Tango: Papa, sending you 3
2024-10-14 23:06:54.243666 Papa: Tango, sending you 4
2024-10-14 23:06:54.245681 Tango: Delta and Yankee, sending you 2
2024-10-14 23:06:54.247841 Papa: November, sending you 5
2024-10-14 23:06:54.250199 Tango: Romeo, sending you 5
2024-10-14 23:06:54.255173 Tango: November, sending you 4
chatterbot Romeo submitting transactions
chatterbot Quebec submitting transactions
chatterbot Tango submitting transactions
chatterbot Papa submitting transactions
chatterbot Golf submitting transactions
chatterbot November submitting transactions
chatterbot Yankee submitting transactions
chatterbot Charlie submitting transactions
chatterbot Hotel submitting transactions
chatterbot Delta submitting transactions
ChatterBot Charlie round 9
ChatterBot Papa round 9
ChatterBot Delta round 9
ChatterBot Quebec round 9
ChatterBot Hotel round 9
ChatterBot Romeo round 9
ChatterBot Yankee round 9
ChatterBot Golf round 9
ChatterBot Tango round 9
ChatterBot November round 9
2024-10-14 23:06:55.390657 Romeo: We should drop Delta
ChatterBot Papa reevaluating
2024-10-14 23:06:55.400908 Papa: Yes
2024-10-14 23:06:55.401082 Tango: No
2024-10-14 23:06:55.401215 November: No
ChatterBot Romeo reevaluating
ChatterBot Romeo reevaluating
ChatterBot Papa reevaluating
ChatterBot Romeo reevaluating
ChatterBot Papa reevaluating
ChatterBot Tango reevaluating
2024-10-14 23:06:55.435940 Tango: We should replace Yankee with Charlie
ChatterBot Papa reevaluating
ChatterBot Delta reevaluating
ChatterBot Romeo reevaluating
2024-10-14 23:06:55.448148 Papa: No
2024-10-14 23:06:55.448282 Delta: Yes
2024-10-14 23:06:55.448427 Romeo: No
2024-10-14 23:06:55.448530 November: No
ChatterBot Delta reevaluating
ChatterBot Romeo reevaluating
ChatterBot Tango reevaluating
ChatterBot Papa reevaluating
ChatterBot Romeo reevaluating
ChatterBot Tango reevaluating
ChatterBot Papa reevaluating
ChatterBot Delta reevaluating
ChatterBot Tango reevaluating
ChatterBot Papa reevaluating
ChatterBot Delta reevaluating
ChatterBot Romeo reevaluating
ChatterBot Tango reevaluating
2024-10-14 23:06:55.500144 Charlie: Hotel and Golf, sending you 1
2024-10-14 23:06:55.502655 Quebec: Hotel and Golf, sending you 7
2024-10-14 23:06:55.503700 Golf: Charlie, sending you 3
2024-10-14 23:06:55.504073 Hotel: Charlie, sending you 1
2024-10-14 23:06:55.504395 Yankee: Quebec and Golf, sending you 1
2024-10-14 23:06:55.506667 Golf: Quebec and Hotel, sending you 7
2024-10-14 23:06:55.507031 Hotel: Quebec, sending you 9
2024-10-14 23:06:55.510661 Hotel: Golf, sending you 8
2024-10-14 23:06:55.518659 November: Papa, Romeo and Tango, sending you 5
2024-10-14 23:06:55.519996 Delta: Same as last round
2024-10-14 23:06:55.521658 November: Delta, sending you 2
2024-10-14 23:06:55.528650 Tango: Papa, sending you 3
2024-10-14 23:06:55.531654 Papa: Delta, sending you 2
2024-10-14 23:06:55.533687 Tango: Delta and Yankee, sending you 2
2024-10-14 23:06:55.534673 Papa: Romeo, sending you 6
2024-10-14 23:06:55.537658 Tango: Romeo, sending you 5
2024-10-14 23:06:55.539682 Papa: Tango, sending you 4
2024-10-14 23:06:55.540660 Tango: November, sending you 4
2024-10-14 23:06:55.541663 Romeo: Papa and Tango, sending you 6
2024-10-14 23:06:55.544799 Papa: November, sending you 5
2024-10-14 23:06:55.546661 Romeo: November, sending you 5
chatterbot Yankee submitting transactions
chatterbot Quebec submitting transactions
chatterbot Romeo submitting transactions
chatterbot Papa submitting transactions
chatterbot Golf submitting transactions
chatterbot Hotel submitting transactions
chatterbot Delta submitting transactions
chatterbot Tango submitting transactions
chatterbot November submitting transactions
chatterbot Charlie submitting transactions
ChatterBot Charlie round 10
ChatterBot Papa round 10
ChatterBot Delta round 10
ChatterBot Quebec round 10
ChatterBot Hotel round 10
ChatterBot Romeo round 10
ChatterBot Yankee round 10
ChatterBot Golf round 10
ChatterBot Tango round 10
ChatterBot November round 10
2024-10-14 23:06:56.356211 Papa: We should drop Delta
ChatterBot Tango reevaluating
2024-10-14 23:06:56.367597 Romeo: Yes
2024-10-14 23:06:56.367768 Tango: No
2024-10-14 23:06:56.367893 November: No
ChatterBot Tango reevaluating
ChatterBot Papa reevaluating
ChatterBot Papa reevaluating
ChatterBot Tango reevaluating
2024-10-14 23:06:56.425654 Quebec: Hotel and Golf, sending you 7
2024-10-14 23:06:56.427664 Papa: Delta, sending you 2
2024-10-14 23:06:56.428786 Delta: Same as last round
2024-10-14 23:06:56.431660 November: Papa, Romeo and Tango, sending you 5
2024-10-14 23:06:56.432200 Charlie: Hotel and Golf, sending you 1
2024-10-14 23:06:56.432697 Papa: Romeo, sending you 6
2024-10-14 23:06:56.435647 Yankee: Tango, sending you 2
2024-10-14 23:06:56.436663 Romeo: Papa and Tango, sending you 6
2024-10-14 23:06:56.437015 Golf: Charlie, sending you 3
2024-10-14 23:06:56.437377 November: Delta, sending you 2
2024-10-14 23:06:56.438039 Hotel: Charlie, sending you 1
2024-10-14 23:06:56.438566 Papa: Tango, sending you 4
2024-10-14 23:06:56.439691 Romeo: November, sending you 5
2024-10-14 23:06:56.440115 Golf: Quebec and Hotel, sending you 7
2024-10-14 23:06:56.442654 Hotel: Quebec, sending you 9
2024-10-14 23:06:56.442985 Papa: November, sending you 5
2024-10-14 23:06:56.443678 Tango: Papa, sending you 3
2024-10-14 23:06:56.446680 Hotel: Golf, sending you 8
2024-10-14 23:06:56.447673 Tango: Delta and Yankee, sending you 2
2024-10-14 23:06:56.451656 Tango: Romeo, sending you 5
2024-10-14 23:06:56.456672 Tango: November, sending you 4
chatterbot Quebec submitting transactions
chatterbot Papa submitting transactions
chatterbot Golf submitting transactions
chatterbot Romeo submitting transactions
chatterbot Yankee submitting transactions
chatterbot Delta submitting transactions
chatterbot Charlie submitting transactions
chatterbot Hotel submitting transactions
chatterbot Tango submitting transactions
chatterbot November submitting transactions
ChatterBot Charlie round 11
ChatterBot Papa round 11
ChatterBot Delta round 11
ChatterBot Quebec round 11
ChatterBot Hotel round 11
ChatterBot Romeo round 11
ChatterBot Yankee round 11
ChatterBot Golf round 11
ChatterBot Tango round 11
ChatterBot November round 11
2024-10-14 23:06:57.709687 Papa: Delta, sending you 2
2024-10-14 23:06:57.711788 November: We should drop Delta
ChatterBot Papa reevaluating
2024-10-14 23:06:57.726966 Romeo: Yes
2024-10-14 23:06:57.727150 Papa: Yes
2024-10-14 23:06:57.727290 Tango: No
ChatterBot Papa reevaluating
ChatterBot November reevaluating
ChatterBot November reevaluating
ChatterBot Papa reevaluating
ChatterBot November reevaluating
2024-10-14 23:06:57.758674 Delta: Same as last round
2024-10-14 23:06:57.759269 Yankee: Tango, sending you 2
2024-10-14 23:06:57.759739 Golf: Charlie, sending you 3
2024-10-14 23:06:57.760138 Tango: Papa, sending you 3
2024-10-14 23:06:57.760594 Charlie: Hotel and Golf, sending you 1
2024-10-14 23:06:57.760979 Quebec: Hotel, sending you 7
2024-10-14 23:06:57.761805 Hotel: Charlie, sending you 1
2024-10-14 23:06:57.762132 Romeo: Papa and Tango, sending you 6
2024-10-14 23:06:57.764979 Golf: Quebec and Hotel, sending you 7
2024-10-14 23:06:57.765383 Tango: Delta and Yankee, sending you 2
2024-10-14 23:06:57.765819 Hotel: Quebec, sending you 9
2024-10-14 23:06:57.766163 Romeo: November, sending you 5
2024-10-14 23:06:57.766661 Quebec: Golf, sending you 8
2024-10-14 23:06:57.768693 Tango: Romeo, sending you 5
2024-10-14 23:06:57.769334 Hotel: Golf, sending you 8
2024-10-14 23:06:57.772681 November: Papa, Romeo and Tango, sending you 5
2024-10-14 23:06:57.773671 Tango: November, sending you 4
2024-10-14 23:06:57.776035 November: Delta, sending you 2
chatterbot Delta submitting transactions
chatterbot Quebec submitting transactions
chatterbot Golf submitting transactions
chatterbot Papa submitting transactions
chatterbot Yankee submitting transactions
chatterbot November submitting transactions
chatterbot Hotel submitting transactions
chatterbot Romeo submitting transactions
chatterbot Tango submitting transactions
chatterbot Charlie submitting transactions
ChatterBot Charlie round 12
ChatterBot Papa round 12
ChatterBot Delta round 12
ChatterBot Quebec round 12
ChatterBot Hotel round 12
ChatterBot Romeo round 12
ChatterBot Yankee round 12
ChatterBot Golf round 12
ChatterBot Tango round 12
ChatterBot November round 12
2024-10-14 23:06:58.845719 Charlie: Hotel and Golf, sending you 1
2024-10-14 23:06:58.852700 Delta: Papa and November, sending you 1
2024-10-14 23:06:58.853797 Tango: Papa, sending you 3
2024-10-14 23:06:58.856705 Delta: Romeo and Tango, sending you 2
2024-10-14 23:06:58.858023 Hotel: Charlie, sending you 1
2024-10-14 23:06:58.858604 Tango: Delta and Yankee, sending you 2
2024-10-14 23:06:58.859664 Golf: Charlie, sending you 3
2024-10-14 23:06:58.860106 Quebec: Hotel, sending you 7
2024-10-14 23:06:58.861052 Yankee: Tango, sending you 2
2024-10-14 23:06:58.861750 Hotel: Quebec, sending you 9
2024-10-14 23:06:58.862880 Tango: Romeo, sending you 5
2024-10-14 23:06:58.864755 Romeo: Papa and Tango, sending you 6
2024-10-14 23:06:58.865456 Quebec: Golf, sending you 8
2024-10-14 23:06:58.866220 Golf: Quebec and Hotel, sending you 7
2024-10-14 23:06:58.867214 Hotel: Golf, sending you 8
2024-10-14 23:06:58.868672 Delta: Papa did not give me 2 like they said
ChatterBot Papa reevaluating
ChatterBot Romeo reevaluating
ChatterBot Tango reevaluating
ChatterBot November reevaluating
2024-10-14 23:06:58.915687 November: Papa, Romeo and Tango, sending you 5
2024-10-14 23:06:58.920670 November: Delta, sending you 2
chatterbot Quebec submitting transactions
chatterbot Yankee submitting transactions
chatterbot Charlie submitting transactions
chatterbot Tango submitting transactions
chatterbot Delta submitting transactions
chatterbot Papa submitting transactions
chatterbot Hotel submitting transactions
chatterbot Romeo submitting transactions
chatterbot Golf submitting transactions
chatterbot November submitting transactions
ChatterBot Charlie round 13
ChatterBot Papa round 13
ChatterBot Delta round 13
ChatterBot Quebec round 13
ChatterBot Hotel round 13
ChatterBot Romeo round 13
ChatterBot Yankee round 13
ChatterBot Golf round 13
ChatterBot Tango round 13
ChatterBot November round 13
2024-10-14 23:07:00.008630 Papa: We should add Delta
ChatterBot Romeo reevaluating
ChatterBot Tango reevaluating
2024-10-14 23:07:00.022932 Romeo: Yes
2024-10-14 23:07:00.023563 Tango: Yes
2024-10-14 23:07:00.023708 November: Yes
ChatterBot Papa reevaluating
ChatterBot Tango reevaluating
ChatterBot Romeo reevaluating
ChatterBot Papa reevaluating
ChatterBot Romeo reevaluating
ChatterBot Papa reevaluating
ChatterBot Tango reevaluating
2024-10-14 23:07:00.096709 Delta: Papa, sending you 1
2024-10-14 23:07:00.097941 Papa: Delta we want you to join our group
2024-10-14 23:07:00.102657 Delta: Yes
ChatterBot Papa reevaluating
2024-10-14 23:07:00.119266 Delta: Romeo, Tango and November, sending you 2
2024-10-14 23:07:00.122685 Hotel: Charlie, sending you 1
2024-10-14 23:07:00.123531 Tango: Papa, sending you 3
2024-10-14 23:07:00.124300 Golf: Charlie, sending you 3
2024-10-14 23:07:00.125383 Charlie: Hotel and Golf, sending you 1
2024-10-14 23:07:00.125804 Yankee: Tango, sending you 2
2024-10-14 23:07:00.126338 November: Papa, Romeo and Tango, sending you 5
2024-10-14 23:07:00.127033 Quebec: Hotel, sending you 7
2024-10-14 23:07:00.127867 Romeo: Papa, Tango and November, sending you 5
2024-10-14 23:07:00.128844 Hotel: Quebec, sending you 9
2024-10-14 23:07:00.129305 Tango: Delta and Yankee, sending you 2
2024-10-14 23:07:00.130329 Golf: Quebec and Hotel, sending you 7
2024-10-14 23:07:00.130751 November: Delta, sending you 2
2024-10-14 23:07:00.131705 Hotel: Golf, sending you 8
2024-10-14 23:07:00.132867 Quebec: Golf, sending you 8
2024-10-14 23:07:00.133678 Romeo: Delta, sending you 2
2024-10-14 23:07:00.134749 Tango: Romeo, sending you 5
2024-10-14 23:07:00.138647 Tango: November, sending you 4
chatterbot Quebec submitting transactions
chatterbot Hotel submitting transactions
chatterbot Papa submitting transactions
chatterbot November submitting transactions
chatterbot Tango submitting transactions
chatterbot Charlie submitting transactions
chatterbot Romeo submitting transactions
chatterbot Delta submitting transactions
chatterbot Golf submitting transactions
chatterbot Yankee submitting transactions
ChatterBot Charlie round 14
ChatterBot Papa round 14
ChatterBot Delta round 14
ChatterBot Quebec round 14
ChatterBot Hotel round 14
ChatterBot Romeo round 14
ChatterBot Yankee round 14
2024-10-14 23:07:01.339576 Hotel: We should add Delta
ChatterBot Quebec reevaluating
2024-10-14 23:07:01.350356 Quebec: Yes
2024-10-14 23:07:01.350524 Golf: No
2024-10-14 23:07:01.350658 Charlie: No
ChatterBot Hotel reevaluating
ChatterBot Charlie reevaluating
ChatterBot Hotel reevaluating
ChatterBot Quebec reevaluating
ChatterBot Charlie reevaluating
ChatterBot Hotel reevaluating
ChatterBot Quebec reevaluating
ChatterBot Golf round 14
2024-10-14 23:07:01.385522 Papa: We should add Delta
2024-10-14 23:07:01.394195 Romeo: Yes
2024-10-14 23:07:01.394331 Tango: Yes
2024-10-14 23:07:01.394452 November: Yes
ChatterBot Papa reevaluating
ChatterBot Papa reevaluating
ChatterBot Papa reevaluating
ChatterBot Tango round 14
ChatterBot November round 14
2024-10-14 23:07:01.433026 Golf: We should add Delta
ChatterBot Hotel reevaluating
ChatterBot Quebec reevaluating
ChatterBot Charlie reevaluating
2024-10-14 23:07:01.455129 Hotel: Yes
2024-10-14 23:07:01.455289 Quebec: Yes
2024-10-14 23:07:01.455419 Charlie: Yes
ChatterBot Quebec reevaluating
ChatterBot Golf reevaluating
ChatterBot Charlie reevaluating
ChatterBot Hotel reevaluating
ChatterBot Golf reevaluating
ChatterBot Charlie reevaluating
ChatterBot Hotel reevaluating
ChatterBot Quebec reevaluating
ChatterBot Golf reevaluating
2024-10-14 23:07:01.574957 Papa: Delta we want you to join our group
2024-10-14 23:07:01.578103 Delta: Yes
ChatterBot Papa reevaluating
2024-10-14 23:07:01.589378 Quebec: Delta we want you to join our group
ChatterBot Delta reevaluating
2024-10-14 23:07:01.593081 Delta: No
ChatterBot Hotel reevaluating
ChatterBot Golf reevaluating
2024-10-14 23:07:01.606672 Yankee: Tango, sending you 2
2024-10-14 23:07:01.607736 Tango: Papa, sending you 3
2024-10-14 23:07:01.609042 Golf: Delta we want you to join our group
ChatterBot Delta reevaluating
2024-10-14 23:07:01.613236 Delta: No
ChatterBot Hotel reevaluating
ChatterBot Golf reevaluating
2024-10-14 23:07:01.627127 Romeo: Papa, Tango and November, sending you 5
2024-10-14 23:07:01.628006 Charlie: Hotel and Golf, sending you 1
2024-10-14 23:07:01.628782 Tango: Delta and Yankee, sending you 2
2024-10-14 23:07:01.631685 November: Papa and Romeo, sending you 5
2024-10-14 23:07:01.633014 Romeo: Delta, sending you 2
2024-10-14 23:07:01.633792 Quebec: Hotel, sending you 7
2024-10-14 23:07:01.634688 Tango: Romeo, sending you 5
2024-10-14 23:07:01.636680 Hotel: Delta we want you to join our group
ChatterBot Delta reevaluating
2024-10-14 23:07:01.641233 Delta: No
ChatterBot Charlie reevaluating
ChatterBot Hotel reevaluating
ChatterBot Golf reevaluating
2024-10-14 23:07:01.657495 November: Delta, sending you 3
2024-10-14 23:07:01.659394 Quebec: Golf, sending you 8
2024-10-14 23:07:01.660150 Tango: November, sending you 4
2024-10-14 23:07:01.663983 November: Tango, sending you 4
2024-10-14 23:07:01.666651 Charlie: Delta we want you to join our group
ChatterBot Delta reevaluating
2024-10-14 23:07:01.671946 Delta: No
ChatterBot Charlie reevaluating
ChatterBot Hotel reevaluating
ChatterBot Golf reevaluating
2024-10-14 23:07:01.713676 Delta: Papa, sending you 1
2024-10-14 23:07:01.717824 Charlie: Sorry, I'm actually sending you 0
