ChatterBot Hotel round 1
ChatterBot Tango round 1
ChatterBot Yankee round 1
ChatterBot Kilo round 1
ChatterBot Echo round 1
ChatterBot Romeo round 1
ChatterBot Uniform round 1
ChatterBot Charlie round 1
ChatterBot Zulu round 1
ChatterBot Foxtrot round 1
randomSelections Hotel: {Hotel, Charlie, Echo, Uniform, Foxtrot, Romeo} 
2024-10-14 23:06:43.600174 Hotel: Group up?
ChatterBot Charlie reevaluating
ChatterBot Echo reevaluating
ChatterBot Uniform reevaluating
ChatterBot Foxtrot reevaluating
ChatterBot Romeo reevaluating
2024-10-14 23:06:43.708837 Charlie: Yes
2024-10-14 23:06:43.709061 Echo: Yes
2024-10-14 23:06:43.709228 Uniform: Yes
2024-10-14 23:06:43.709346 Foxtrot: Yes
2024-10-14 23:06:43.709474 Romeo: Yes
ChatterBot Echo reevaluating
ChatterBot Uniform reevaluating
ChatterBot Foxtrot reevaluating
ChatterBot Romeo reevaluating
ChatterBot Charlie reevaluating
ChatterBot Uniform reevaluating
ChatterBot Foxtrot reevaluating
ChatterBot Romeo reevaluating
ChatterBot Charlie reevaluating
ChatterBot Echo reevaluating
ChatterBot Foxtrot reevaluating
ChatterBot Romeo reevaluating
ChatterBot Charlie reevaluating
ChatterBot Echo reevaluating
ChatterBot Uniform reevaluating
ChatterBot Romeo reevaluating
ChatterBot Charlie reevaluating
ChatterBot Echo reevaluating
ChatterBot Uniform reevaluating
ChatterBot Foxtrot reevaluating
randomSelections Kilo: {Kilo, Yankee, Romeo, Echo, Charlie, Zulu} 
2024-10-14 23:06:43.779981 Kilo: We would work well together
ChatterBot Yankee reevaluating
ChatterBot Romeo reevaluating
ChatterBot Echo reevaluating
ChatterBot Charlie reevaluating
ChatterBot Zulu reevaluating
2024-10-14 23:06:43.788154 Yankee: Yes
2024-10-14 23:06:43.788413 Romeo: No
2024-10-14 23:06:43.788594 Echo: No
2024-10-14 23:06:43.788791 Charlie: No
2024-10-14 23:06:43.789064 Zulu: Yes
ChatterBot Romeo reevaluating
ChatterBot Echo reevaluating
ChatterBot Charlie reevaluating
ChatterBot Zulu reevaluating
ChatterBot Yankee reevaluating
ChatterBot Echo reevaluating
ChatterBot Charlie reevaluating
ChatterBot Zulu reevaluating
ChatterBot Yankee reevaluating
ChatterBot Romeo reevaluating
ChatterBot Charlie reevaluating
ChatterBot Zulu reevaluating
ChatterBot Yankee reevaluating
ChatterBot Romeo reevaluating
ChatterBot Echo reevaluating
ChatterBot Zulu reevaluating
ChatterBot Yankee reevaluating
ChatterBot Romeo reevaluating
ChatterBot Echo reevaluating
ChatterBot Charlie reevaluating
randomSelections Tango: {Tango, Romeo, Zulu, Hotel, Foxtrot} 
2024-10-14 23:06:43.828554 Tango: We would work well together
ChatterBot Romeo reevaluating
ChatterBot Zulu reevaluating
ChatterBot Foxtrot reevaluating
2024-10-14 23:06:43.834675 Romeo: No
2024-10-14 23:06:43.834847 Zulu: No
2024-10-14 23:06:43.835040 Hotel: No
2024-10-14 23:06:43.835240 Foxtrot: No
ChatterBot Zulu reevaluating
ChatterBot Foxtrot reevaluating
ChatterBot Romeo reevaluating
ChatterBot Foxtrot reevaluating
ChatterBot Romeo reevaluating
ChatterBot Zulu reevaluating
ChatterBot Foxtrot reevaluating
ChatterBot Romeo reevaluating
ChatterBot Zulu reevaluating
2024-10-14 23:06:43.886684 Romeo: Hotel, sending you 6
2024-10-14 23:06:43.891031 Zulu: Yankee and Kilo, sending you 3
2024-10-14 23:06:43.892623 Tango: Hotel, sending you 7
2024-10-14 23:06:43.893416 Yankee: Echo, sending you 7
2024-10-14 23:06:43.895042 Kilo: Yankee and Charlie, sending you 3
2024-10-14 23:06:43.896018 Uniform: Hotel, sending you 3
2024-10-14 23:06:43.897551 Hotel: Echo, Uniform and Foxtrot, sending you 3
2024-10-14 23:06:43.898285 Romeo: Echo, sending you 5
2024-10-14 23:06:43.899843 Zulu: Echo, sending you 1
2024-10-14 23:06:43.900493 Tango: Romeo and Zulu, sending you 4
2024-10-14 23:06:43.901955 Yankee: Romeo, sending you 2
2024-10-14 23:06:43.902707 Charlie: Hotel and Echo, sending you 1
2024-10-14 23:06:43.903838 Kilo: Echo and Romeo, sending you 5
2024-10-14 23:06:43.904722 Uniform: Echo, sending you 2
2024-10-14 23:06:43.906299 Hotel: Romeo, sending you 4
2024-10-14 23:06:43.906870 Romeo: Uniform, sending you 4
2024-10-14 23:06:43.908202 Zulu: Romeo and Charlie, sending you 2
2024-10-14 23:06:43.909800 Foxtrot: Hotel, Romeo and Uniform, sending you 3
2024-10-14 23:06:43.910417 Charlie: Romeo, sending you 4
2024-10-14 23:06:43.911121 Tango: Foxtrot, sending you 2
2024-10-14 23:06:43.912717 Yankee: Charlie, sending you 3
2024-10-14 23:06:43.914169 Kilo: Zulu, sending you 2
2024-10-14 23:06:43.915196 Echo: Hotel, sending you 4
2024-10-14 23:06:43.916691 Uniform: Charlie, sending you 7
2024-10-14 23:06:43.918133 Romeo: Charlie, sending you 1
2024-10-14 23:06:43.918876 Foxtrot: Echo and Charlie, sending you 4
2024-10-14 23:06:43.920271 Charlie: Uniform, sending you 2
2024-10-14 23:06:43.921017 Yankee: Zulu, sending you 5
2024-10-14 23:06:43.922391 Echo: Romeo, sending you 3
2024-10-14 23:06:43.922907 Uniform: Foxtrot, sending you 1
2024-10-14 23:06:43.924740 Romeo: Foxtrot, sending you 3
2024-10-14 23:06:43.925267 Charlie: Foxtrot, sending you 6
2024-10-14 23:06:43.926753 Echo: Uniform, sending you 5
2024-10-14 23:06:43.931718 Echo: Charlie, sending you 2
chatterbot Echo submitting transactions
chatterbot Hotel submitting transactions
chatterbot Foxtrot submitting transactions
chatterbot Charlie submitting transactions
chatterbot Tango submitting transactions
chatterbot Romeo submitting transactions
chatterbot Yankee submitting transactions
chatterbot Kilo submitting transactions
chatterbot Zulu submitting transactions
chatterbot Uniform submitting transactions
ChatterBot Hotel round 2
ChatterBot Tango round 2
ChatterBot Yankee round 2
ChatterBot Kilo round 2
ChatterBot Echo round 2
ChatterBot Romeo round 2
ChatterBot Uniform round 2
2024-10-14 23:06:45.101054 Kilo: Let's form a team
ChatterBot Yankee reevaluating
ChatterBot Zulu reevaluating
2024-10-14 23:06:45.114295 Yankee: Yes
2024-10-14 23:06:45.114739 Zulu: No
ChatterBot Kilo reevaluating
ChatterBot Zulu reevaluating
ChatterBot Kilo reevaluating
ChatterBot Yankee reevaluating
2024-10-14 23:06:45.135400 Zulu: Group up?
ChatterBot Tango reevaluating
2024-10-14 23:06:45.138763 Tango: Yes
ChatterBot Zulu reevaluating
2024-10-14 23:06:45.147756 Tango: We should group up
ChatterBot Yankee reevaluating
ChatterBot Kilo reevaluating
ChatterBot Zulu reevaluating
2024-10-14 23:06:45.161426 Yankee: No
2024-10-14 23:06:45.161581 Kilo: Yes
2024-10-14 23:06:45.161692 Zulu: No
ChatterBot Tango reevaluating
ChatterBot Kilo reevaluating
ChatterBot Zulu reevaluating
ChatterBot Tango reevaluating
ChatterBot Yankee reevaluating
ChatterBot Zulu reevaluating
ChatterBot Tango reevaluating
ChatterBot Yankee reevaluating
ChatterBot Kilo reevaluating
2024-10-14 23:06:45.198883 Hotel: We should add Tango
ChatterBot Charlie reevaluating
ChatterBot Echo reevaluating
ChatterBot Uniform reevaluating
ChatterBot Foxtrot reevaluating
ChatterBot Romeo reevaluating
2024-10-14 23:06:45.223332 Charlie: No
2024-10-14 23:06:45.223504 Echo: No
2024-10-14 23:06:45.223619 Uniform: No
2024-10-14 23:06:45.223738 Foxtrot: Yes
2024-10-14 23:06:45.223839 Romeo: Yes
ChatterBot Hotel reevaluating
ChatterBot Echo reevaluating
ChatterBot Uniform reevaluating
ChatterBot Foxtrot reevaluating
ChatterBot Romeo reevaluating
ChatterBot Hotel reevaluating
ChatterBot Charlie reevaluating
ChatterBot Uniform reevaluating
ChatterBot Foxtrot reevaluating
ChatterBot Romeo reevaluating
ChatterBot Hotel reevaluating
ChatterBot Charlie reevaluating
ChatterBot Echo reevaluating
ChatterBot Foxtrot reevaluating
ChatterBot Romeo reevaluating
ChatterBot Hotel reevaluating
ChatterBot Charlie reevaluating
ChatterBot Echo reevaluating
ChatterBot Uniform reevaluating
ChatterBot Romeo reevaluating
ChatterBot Hotel reevaluating
ChatterBot Charlie reevaluating
ChatterBot Echo reevaluating
ChatterBot Uniform reevaluating
ChatterBot Foxtrot reevaluating
2024-10-14 23:06:45.387005 Romeo: We should add Tango and Kilo
ChatterBot Hotel reevaluating
ChatterBot Charlie reevaluating
ChatterBot Echo reevaluating
ChatterBot Uniform reevaluating
ChatterBot Foxtrot reevaluating
2024-10-14 23:06:45.427809 Hotel: Yes
2024-10-14 23:06:45.428014 Charlie: No
2024-10-14 23:06:45.428190 Echo: No
2024-10-14 23:06:45.428871 Uniform: No
2024-10-14 23:06:45.429048 Foxtrot: No
ChatterBot Charlie reevaluating
ChatterBot Echo reevaluating
ChatterBot Uniform reevaluating
ChatterBot Foxtrot reevaluating
ChatterBot Romeo reevaluating
ChatterBot Hotel reevaluating
ChatterBot Echo reevaluating
ChatterBot Uniform reevaluating
ChatterBot Foxtrot reevaluating
ChatterBot Romeo reevaluating
ChatterBot Hotel reevaluating
ChatterBot Charlie reevaluating
ChatterBot Uniform reevaluating
ChatterBot Foxtrot reevaluating
ChatterBot Romeo reevaluating
ChatterBot Hotel reevaluating
ChatterBot Charlie reevaluating
ChatterBot Echo reevaluating
ChatterBot Foxtrot reevaluating
ChatterBot Romeo reevaluating
ChatterBot Hotel reevaluating
ChatterBot Charlie reevaluating
ChatterBot Echo reevaluating
ChatterBot Uniform reevaluating
ChatterBot Romeo reevaluating
ChatterBot Charlie round 2
ChatterBot Zulu round 2
ChatterBot Foxtrot round 2
2024-10-14 23:06:45.762047 Foxtrot: We should add Tango
ChatterBot Hotel reevaluating
ChatterBot Charlie reevaluating
2024-10-14 23:06:45.788411 Hotel: Yes
2024-10-14 23:06:45.788724 Charlie: Yes
2024-10-14 23:06:45.788931 Echo: No
2024-10-14 23:06:45.789150 Uniform: No
2024-10-14 23:06:45.789331 Romeo: Yes
ChatterBot Charlie reevaluating
ChatterBot Romeo reevaluating
ChatterBot Hotel reevaluating
ChatterBot Romeo reevaluating
ChatterBot Hotel reevaluating
ChatterBot Charlie reevaluating
ChatterBot Romeo reevaluating
ChatterBot Hotel reevaluating
ChatterBot Charlie reevaluating
ChatterBot Romeo reevaluating
ChatterBot Hotel reevaluating
ChatterBot Charlie reevaluating
2024-10-14 23:06:45.923643 Foxtrot: Tango we want you to join our group
2024-10-14 23:06:45.929161 Tango: No
ChatterBot Hotel reevaluating
ChatterBot Romeo reevaluating
ChatterBot Charlie reevaluating
2024-10-14 23:06:46.068867 Tango: Yankee and Kilo, sending you 6
2024-10-14 23:06:46.070084 Kilo: Tango, sending you 3
chatterbot Kilo submitting transactions
2024-10-14 23:06:46.071746 Hotel: Tango we want you to join our group
2024-10-14 23:06:46.078212 Tango: No
ChatterBot Hotel reevaluating
ChatterBot Romeo reevaluating
ChatterBot Uniform reevaluating
ChatterBot Charlie reevaluating
2024-10-14 23:06:46.117233 Kilo: Yankee, sending you 4
2024-10-14 23:06:46.118640 Tango: Zulu, sending you 5
2024-10-14 23:06:46.119596 Zulu: Tango, sending you 6
2024-10-14 23:06:46.120119 Echo: Hotel, sending you 3
2024-10-14 23:06:46.121304 Yankee: Kilo, sending you 9
2024-10-14 23:06:46.122392 Kilo: Zulu, sending you 11
2024-10-14 23:06:46.458987 Romeo: Tango we want you to join our group
2024-10-14 23:06:46.462777 Tango: No
ChatterBot Hotel reevaluating
ChatterBot Romeo reevaluating
ChatterBot Uniform reevaluating
2024-10-14 23:06:46.483169 Echo: Romeo, sending you 5
2024-10-14 23:06:46.483659 Zulu: Yankee, sending you 7
2024-10-14 23:06:46.483907 Charlie: Tango we want you to join our group
2024-10-14 23:06:46.487385 Tango: No
ChatterBot Hotel reevaluating
ChatterBot Romeo reevaluating
ChatterBot Uniform reevaluating
2024-10-14 23:06:46.506448 Foxtrot: Hotel and Romeo, sending you 3
2024-10-14 23:06:46.507302 Yankee: Zulu, sending you 8
chatterbot Zulu submitting transactions
chatterbot Echo submitting transactions
chatterbot Zulu submitting transactions
chatterbot Uniform submitting transactions
chatterbot Foxtrot submitting transactions
2024-10-14 23:06:46.508497 Echo: Uniform, sending you 2
2024-10-14 23:06:46.508817 Zulu: Kilo, sending you 4
2024-10-14 23:06:47.024350 Foxtrot: Tango, sending you 2
2024-10-14 23:06:47.025143 Echo: Charlie, sending you 1
2024-10-14 23:06:47.025600 Uniform: We should drop Tango
ChatterBot Hotel reevaluating
ChatterBot Romeo reevaluating
2024-10-14 23:06:47.042486 Hotel: No
2024-10-14 23:06:47.042662 Charlie: No
2024-10-14 23:06:47.042792 Echo: Yes
2024-10-14 23:06:47.042907 Foxtrot: No
2024-10-14 23:06:47.043044 Romeo: No
ChatterBot Uniform reevaluating
ChatterBot Romeo reevaluating
ChatterBot Hotel reevaluating
ChatterBot Uniform reevaluating
ChatterBot Romeo reevaluating
ChatterBot Hotel reevaluating
ChatterBot Uniform reevaluating
ChatterBot Romeo reevaluating
ChatterBot Hotel reevaluating
ChatterBot Uniform reevaluating
ChatterBot Romeo reevaluating
ChatterBot Hotel reevaluating
ChatterBot Uniform reevaluating
chatterbot Yankee submitting transactions
chatterbot Tango submitting transactions
chatterbot Charlie submitting transactions
2024-10-14 23:06:47.277768 Echo: Foxtrot, sending you 4
2024-10-14 23:06:47.279169 Foxtrot: Uniform, sending you 1
2024-10-14 23:06:47.496735 Charlie: Hotel and Romeo, sending you 1
2024-10-14 23:06:47.497870 Foxtrot: Charlie, sending you 8
2024-10-14 23:06:47.574626 Charlie: Echo, sending you 2
2024-10-14 23:06:47.594678 Charlie: Uniform, sending you 6
2024-10-14 23:06:47.618886 Charlie: Foxtrot, sending you 4
2024-10-14 23:06:47.619307 Romeo: Hotel, sending you 5
2024-10-14 23:06:47.619665 Hotel: Tango, sending you 5
2024-10-14 23:06:47.634435 Romeo: Tango and Charlie, sending you 4
2024-10-14 23:06:47.635675 Hotel: Echo, Uniform and Foxtrot, sending you 3
2024-10-14 23:06:47.645936 Romeo: Echo and Foxtrot, sending you 3
2024-10-14 23:06:47.646999 Hotel: Romeo, sending you 4
2024-10-14 23:06:47.653310 Hotel: Charlie, sending you 2
chatterbot Hotel submitting transactions
chatterbot Uniform submitting transactions
chatterbot Romeo submitting transactions
ChatterBot Hotel round 3
ChatterBot Tango round 3
ChatterBot Yankee round 3
ChatterBot Kilo round 3
ChatterBot Echo round 3
ChatterBot Romeo round 3
ChatterBot Uniform round 3
ChatterBot Charlie round 3
ChatterBot Zulu round 3
ChatterBot Foxtrot round 3
2024-10-14 23:06:48.439941 Tango: We should add Romeo
ChatterBot Kilo reevaluating
ChatterBot Zulu reevaluating
2024-10-14 23:06:48.450596 Yankee: No
2024-10-14 23:06:48.450753 Kilo: No
2024-10-14 23:06:48.450873 Zulu: No
ChatterBot Tango reevaluating
ChatterBot Kilo reevaluating
ChatterBot Zulu reevaluating
ChatterBot Tango reevaluating
ChatterBot Yankee reevaluating
ChatterBot Zulu reevaluating
ChatterBot Tango reevaluating
ChatterBot Yankee reevaluating
ChatterBot Kilo reevaluating
2024-10-14 23:06:48.515492 Tango: We should add Hotel
ChatterBot Yankee reevaluating
ChatterBot Kilo reevaluating
ChatterBot Zulu reevaluating
2024-10-14 23:06:48.531377 Yankee: No
2024-10-14 23:06:48.532050 Kilo: No
2024-10-14 23:06:48.532219 Zulu: No
ChatterBot Tango reevaluating
ChatterBot Kilo reevaluating
ChatterBot Zulu reevaluating
ChatterBot Tango reevaluating
ChatterBot Yankee reevaluating
ChatterBot Zulu reevaluating
ChatterBot Tango reevaluating
ChatterBot Yankee reevaluating
ChatterBot Kilo reevaluating
2024-10-14 23:06:48.591828 Romeo: We should drop Tango
ChatterBot Uniform reevaluating
2024-10-14 23:06:48.608733 Hotel: No
2024-10-14 23:06:48.608920 Charlie: Yes
2024-10-14 23:06:48.609055 Echo: Yes
2024-10-14 23:06:48.609192 Uniform: Yes
2024-10-14 23:06:48.609321 Foxtrot: Yes
ChatterBot Uniform reevaluating
ChatterBot Uniform reevaluating
ChatterBot Uniform reevaluating
ChatterBot Uniform reevaluating
2024-10-14 23:06:48.755175 Echo: Hotel and Uniform, sending you 3
2024-10-14 23:06:48.756501 Hotel: Tango, Uniform and Foxtrot, sending you 3
2024-10-14 23:06:48.844380 Echo: Romeo, sending you 5
2024-10-14 23:06:48.845380 Yankee: Tango and Kilo, sending you 5
2024-10-14 23:06:48.845686 Kilo: Tango and Zulu, sending you 6
2024-10-14 23:06:48.846344 Zulu: Tango, sending you 4
2024-10-14 23:06:48.846588 Tango: Yankee, sending you 3
2024-10-14 23:06:48.846857 Hotel: Echo, sending you 4
2024-10-14 23:06:48.847199 Romeo: Hotel, sending you 5
2024-10-14 23:06:49.035799 Yankee: Zulu, sending you 7
2024-10-14 23:06:49.036858 Zulu: Yankee, sending you 7
2024-10-14 23:06:49.037772 Echo: Charlie and Foxtrot, sending you 2
2024-10-14 23:06:49.038630 Kilo: Yankee, sending you 7
2024-10-14 23:06:49.039666 Tango: Kilo, sending you 5
2024-10-14 23:06:49.040202 Romeo: Echo, sending you 6
2024-10-14 23:06:49.041522 Charlie: Hotel, sending you 1
2024-10-14 23:06:49.042737 Foxtrot: Hotel, Echo and Romeo, sending you 3
2024-10-14 23:06:49.044107 Hotel: Romeo, sending you 5
chatterbot Echo submitting transactions
chatterbot Zulu submitting transactions
chatterbot Kilo submitting transactions
2024-10-14 23:06:49.045925 Zulu: Kilo, sending you 6
2024-10-14 23:06:49.046888 Tango: Zulu, sending you 9
2024-10-14 23:06:49.047547 Romeo: Uniform, sending you 2
2024-10-14 23:06:49.048834 Charlie: Echo, sending you 2
2024-10-14 23:06:49.050329 Foxtrot: Uniform, sending you 2
2024-10-14 23:06:49.051688 Hotel: Charlie, sending you 2
2024-10-14 23:06:49.052981 Charlie: Romeo and Uniform, sending you 3
2024-10-14 23:06:49.087558 Romeo: Charlie and Foxtrot, sending you 3
2024-10-14 23:06:49.088821 Foxtrot: Charlie, sending you 6
chatterbot Romeo submitting transactions
2024-10-14 23:06:49.089585 Charlie: Foxtrot, sending you 5
chatterbot Hotel submitting transactions
chatterbot Uniform submitting transactions
chatterbot Yankee submitting transactions
chatterbot Charlie submitting transactions
chatterbot Foxtrot submitting transactions
chatterbot Tango submitting transactions
ChatterBot Hotel round 4
ChatterBot Tango round 4
ChatterBot Yankee round 4
ChatterBot Kilo round 4
ChatterBot Echo round 4
ChatterBot Romeo round 4
ChatterBot Uniform round 4
ChatterBot Charlie round 4
ChatterBot Zulu round 4
ChatterBot Foxtrot round 4
2024-10-14 23:06:49.791948 Hotel: We should drop Tango
2024-10-14 23:06:49.804390 Charlie: Yes
2024-10-14 23:06:49.804570 Echo: Yes
2024-10-14 23:06:49.804749 Uniform: Yes
2024-10-14 23:06:49.804898 Foxtrot: Yes
2024-10-14 23:06:49.805038 Romeo: Yes
ChatterBot Hotel reevaluating
ChatterBot Hotel reevaluating
ChatterBot Hotel reevaluating
ChatterBot Hotel reevaluating
ChatterBot Hotel reevaluating
2024-10-14 23:06:49.882661 Hotel: Tango, Uniform and Foxtrot, sending you 3
2024-10-14 23:06:49.883672 Echo: Hotel and Uniform, sending you 3
2024-10-14 23:06:49.885664 Yankee: Tango, sending you 4
2024-10-14 23:06:49.886674 Hotel: Echo, sending you 4
2024-10-14 23:06:49.887051 Echo: Romeo, sending you 5
2024-10-14 23:06:49.889671 Romeo: Hotel, sending you 5
2024-10-14 23:06:49.890141 Yankee: Kilo, sending you 6
2024-10-14 23:06:49.890730 Echo: Charlie and Foxtrot, sending you 2
2024-10-14 23:06:49.891150 Charlie: Hotel, sending you 1
2024-10-14 23:06:49.891665 Tango: Yankee, sending you 4
2024-10-14 23:06:49.892128 Hotel: Romeo, sending you 5
2024-10-14 23:06:49.893037 Kilo: Tango and Yankee, sending you 6
2024-10-14 23:06:49.893348 Romeo: Echo, sending you 6
2024-10-14 23:06:49.893899 Yankee: Zulu, sending you 7
2024-10-14 23:06:49.894665 Foxtrot: Hotel, Echo and Romeo, sending you 3
2024-10-14 23:06:49.895884 Charlie: Echo, sending you 2
2024-10-14 23:06:49.896577 Tango: Kilo, sending you 6
2024-10-14 23:06:49.897006 Kilo: Zulu, sending you 7
2024-10-14 23:06:49.897861 Zulu: Tango and Yankee, sending you 6
2024-10-14 23:06:49.898319 Hotel: Charlie, sending you 2
2024-10-14 23:06:49.898888 Romeo: Uniform, sending you 2
2024-10-14 23:06:49.899633 Foxtrot: Uniform, sending you 2
2024-10-14 23:06:49.900872 Charlie: Romeo and Uniform, sending you 3
2024-10-14 23:06:49.901697 Tango: Zulu, sending you 7
2024-10-14 23:06:49.902873 Zulu: Kilo, sending you 5
2024-10-14 23:06:49.903420 Romeo: Charlie and Foxtrot, sending you 3
2024-10-14 23:06:49.905039 Foxtrot: Charlie, sending you 6
2024-10-14 23:06:49.905690 Charlie: Foxtrot, sending you 5
chatterbot Yankee submitting transactions
chatterbot Hotel submitting transactions
chatterbot Uniform submitting transactions
chatterbot Zulu submitting transactions
chatterbot Tango submitting transactions
chatterbot Kilo submitting transactions
chatterbot Romeo submitting transactions
chatterbot Foxtrot submitting transactions
chatterbot Charlie submitting transactions
chatterbot Echo submitting transactions
ChatterBot Hotel round 5
ChatterBot Tango round 5
ChatterBot Yankee round 5
ChatterBot Kilo round 5
ChatterBot Echo round 5
ChatterBot Romeo round 5
ChatterBot Uniform round 5
ChatterBot Charlie round 5
ChatterBot Zulu round 5
ChatterBot Foxtrot round 5
2024-10-14 23:06:51.088059 Hotel: We should drop Tango
2024-10-14 23:06:51.100371 Charlie: Yes
2024-10-14 23:06:51.100741 Echo: Yes
2024-10-14 23:06:51.101025 Uniform: Yes
2024-10-14 23:06:51.101793 Foxtrot: Yes
2024-10-14 23:06:51.101946 Romeo: Yes
2024-10-14 23:06:51.185687 Echo: Hotel and Uniform, sending you 3
2024-10-14 23:06:51.187586 Yankee: Tango, sending you 4
2024-10-14 23:06:51.190796 Zulu: Tango and Yankee, sending you 6
2024-10-14 23:06:51.191678 Echo: Romeo, sending you 5
2024-10-14 23:06:51.193010 Yankee: Kilo, sending you 6
2024-10-14 23:06:51.193604 Tango: Yankee, sending you 4
2024-10-14 23:06:51.194664 Zulu: Kilo, sending you 5
2024-10-14 23:06:51.197007 Echo: Charlie and Foxtrot, sending you 2
2024-10-14 23:06:51.198127 Yankee: Zulu, sending you 7
2024-10-14 23:06:51.199441 Charlie: Hotel and Echo, sending you 2
2024-10-14 23:06:51.200232 Tango: Kilo, sending you 6
2024-10-14 23:06:51.202691 Kilo: Tango and Yankee, sending you 6
2024-10-14 23:06:51.203926 Hotel: Echo, Uniform and Foxtrot, sending you 4
2024-10-14 23:06:51.205285 Charlie: Romeo and Uniform, sending you 3
2024-10-14 23:06:51.206181 Romeo: Hotel, sending you 5
2024-10-14 23:06:51.207526 Tango: Zulu, sending you 7
2024-10-14 23:06:51.208098 Kilo: Zulu, sending you 7
2024-10-14 23:06:51.208766 Hotel: Romeo, sending you 5
2024-10-14 23:06:51.210053 Foxtrot: Hotel, Echo and Romeo, sending you 3
2024-10-14 23:06:51.211529 Charlie: Foxtrot, sending you 4
2024-10-14 23:06:51.212468 Romeo: Echo, sending you 6
2024-10-14 23:06:51.213804 Hotel: Charlie, sending you 3
2024-10-14 23:06:51.214701 Foxtrot: Uniform, sending you 2
2024-10-14 23:06:51.216689 Romeo: Uniform, sending you 2
2024-10-14 23:06:51.220140 Foxtrot: Charlie, sending you 6
2024-10-14 23:06:51.221169 Romeo: Charlie and Foxtrot, sending you 3
chatterbot Tango submitting transactions
chatterbot Romeo submitting transactions
chatterbot Uniform submitting transactions
chatterbot Zulu submitting transactions
chatterbot Kilo submitting transactions
chatterbot Charlie submitting transactions
chatterbot Foxtrot submitting transactions
chatterbot Yankee submitting transactions
chatterbot Echo submitting transactions
chatterbot Hotel submitting transactions
ChatterBot Hotel round 6
ChatterBot Tango round 6
ChatterBot Yankee round 6
ChatterBot Kilo round 6
ChatterBot Echo round 6
ChatterBot Romeo round 6
ChatterBot Uniform round 6
ChatterBot Charlie round 6
ChatterBot Zulu round 6
ChatterBot Foxtrot round 6
2024-10-14 23:06:52.278181 Uniform: We should drop Tango
2024-10-14 23:06:52.289970 Hotel: Yes
2024-10-14 23:06:52.290129 Charlie: Yes
2024-10-14 23:06:52.290243 Echo: Yes
2024-10-14 23:06:52.290357 Foxtrot: Yes
2024-10-14 23:06:52.290462 Romeo: Yes
2024-10-14 23:06:52.339679 Yankee: Tango, sending you 5
2024-10-14 23:06:52.341677 Kilo: Tango and Yankee, sending you 6
2024-10-14 23:06:52.342112 Tango: Yankee, sending you 4
2024-10-14 23:06:52.342659 Yankee: Kilo and Zulu, sending you 6
2024-10-14 23:06:52.344671 Kilo: Zulu, sending you 7
2024-10-14 23:06:52.346682 Tango: Kilo, sending you 6
2024-10-14 23:06:52.350681 Tango: Zulu, sending you 7
2024-10-14 23:06:52.352689 Echo: Hotel and Uniform, sending you 3
2024-10-14 23:06:52.354676 Hotel: Echo, Uniform and Foxtrot, sending you 4
2024-10-14 23:06:52.355888 Romeo: Hotel, sending you 5
2024-10-14 23:06:52.356588 Charlie: Hotel and Echo, sending you 2
2024-10-14 23:06:52.358092 Echo: Romeo, sending you 5
2024-10-14 23:06:52.358958 Foxtrot: Hotel, Echo and Romeo, sending you 3
2024-10-14 23:06:52.359687 Hotel: Romeo, sending you 5
2024-10-14 23:06:52.360640 Romeo: Echo, sending you 6
2024-10-14 23:06:52.361228 Zulu: Tango and Yankee, sending you 6
2024-10-14 23:06:52.361684 Charlie: Romeo and Uniform, sending you 3
2024-10-14 23:06:52.362602 Echo: Charlie and Foxtrot, sending you 2
2024-10-14 23:06:52.364792 Foxtrot: Uniform, sending you 2
2024-10-14 23:06:52.365525 Hotel: Charlie, sending you 3
2024-10-14 23:06:52.366104 Charlie: Foxtrot, sending you 4
2024-10-14 23:06:52.366676 Romeo: Uniform, sending you 2
2024-10-14 23:06:52.367678 Zulu: Kilo, sending you 5
2024-10-14 23:06:52.368148 Foxtrot: Charlie, sending you 6
2024-10-14 23:06:52.370700 Romeo: Charlie and Foxtrot, sending you 3
chatterbot Romeo submitting transactions
chatterbot Kilo submitting transactions
chatterbot Hotel submitting transactions
chatterbot Charlie submitting transactions
chatterbot Echo submitting transactions
chatterbot Foxtrot submitting transactions
chatterbot Tango submitting transactions
chatterbot Zulu submitting transactions
chatterbot Uniform submitting transactions
chatterbot Yankee submitting transactions
ChatterBot Hotel round 7
ChatterBot Tango round 7
ChatterBot Yankee round 7
ChatterBot Kilo round 7
ChatterBot Echo round 7
ChatterBot Romeo round 7
ChatterBot Uniform round 7
ChatterBot Charlie round 7
ChatterBot Zulu round 7
ChatterBot Foxtrot round 7
2024-10-14 23:06:53.513372 Uniform: We should drop Tango
2024-10-14 23:06:53.530937 Hotel: Yes
2024-10-14 23:06:53.531188 Charlie: Yes
2024-10-14 23:06:53.531371 Echo: Yes
2024-10-14 23:06:53.531540 Foxtrot: Yes
2024-10-14 23:06:53.531735 Romeo: Yes
2024-10-14 23:06:53.608239 Echo: Hotel and Uniform, sending you 3
2024-10-14 23:06:53.611681 Yankee: Tango, sending you 5
2024-10-14 23:06:53.612380 Tango: Yankee, sending you 5
2024-10-14 23:06:53.613482 Hotel: Echo, Uniform and Foxtrot, sending you 4
2024-10-14 23:06:53.614433 Echo: Romeo, sending you 5
2024-10-14 23:06:53.615884 Romeo: Hotel, sending you 5
2024-10-14 23:06:53.617038 Kilo: Tango and Yankee, sending you 6
2024-10-14 23:06:53.617432 Zulu: Tango and Yankee, sending you 6
2024-10-14 23:06:53.617852 Yankee: Kilo and Zulu, sending you 6
2024-10-14 23:06:53.618211 Hotel: Romeo, sending you 5
2024-10-14 23:06:53.619446 Tango: Kilo and Zulu, sending you 6
2024-10-14 23:06:53.619847 Echo: Charlie and Foxtrot, sending you 2
2024-10-14 23:06:53.621043 Romeo: Echo, sending you 6
2024-10-14 23:06:53.621821 Charlie: Hotel and Echo, sending you 2
2024-10-14 23:06:53.623534 Kilo: Zulu, sending you 7
2024-10-14 23:06:53.623882 Zulu: Kilo, sending you 5
2024-10-14 23:06:53.624668 Hotel: Charlie, sending you 3
2024-10-14 23:06:53.625474 Romeo: Uniform, sending you 2
2024-10-14 23:06:53.627925 Charlie: Romeo and Uniform, sending you 3
2024-10-14 23:06:53.629927 Romeo: Charlie and Foxtrot, sending you 3
2024-10-14 23:06:53.630867 Foxtrot: Hotel, sending you 4
2024-10-14 23:06:53.632714 Charlie: Foxtrot, sending you 4
2024-10-14 23:06:53.637963 Foxtrot: Echo and Romeo, sending you 3
2024-10-14 23:06:53.643668 Foxtrot: Uniform, sending you 2
2024-10-14 23:06:53.649664 Foxtrot: Charlie, sending you 5
chatterbot Romeo submitting transactions
chatterbot Kilo submitting transactions
chatterbot Uniform submitting transactions
chatterbot Foxtrot submitting transactions
chatterbot Charlie submitting transactions
chatterbot Echo submitting transactions
chatterbot Yankee submitting transactions
chatterbot Hotel submitting transactions
chatterbot Tango submitting transactions
chatterbot Zulu submitting transactions
ChatterBot Hotel round 8
ChatterBot Tango round 8
ChatterBot Yankee round 8
ChatterBot Kilo round 8
ChatterBot Echo round 8
ChatterBot Romeo round 8
ChatterBot Uniform round 8
ChatterBot Charlie round 8
ChatterBot Zulu round 8
ChatterBot Foxtrot round 8
2024-10-14 23:06:54.598848 Uniform: We should drop Tango
2024-10-14 23:06:54.610496 Hotel: Yes
2024-10-14 23:06:54.610723 Charlie: Yes
2024-10-14 23:06:54.610876 Echo: Yes
2024-10-14 23:06:54.611014 Foxtrot: Yes
2024-10-14 23:06:54.611147 Romeo: Yes
2024-10-14 23:06:54.662674 Yankee: Tango, sending you 5
2024-10-14 23:06:54.663242 Tango: Yankee, sending you 5
2024-10-14 23:06:54.663567 Kilo: Tango and Yankee, sending you 6
2024-10-14 23:06:54.665843 Echo: Hotel and Uniform, sending you 3
2024-10-14 23:06:54.666750 Tango: Kilo and Zulu, sending you 6
2024-10-14 23:06:54.667173 Hotel: Echo, Uniform and Foxtrot, sending you 4
2024-10-14 23:06:54.668167 Romeo: Hotel, sending you 5
2024-10-14 23:06:54.669903 Zulu: Tango and Kilo, sending you 6
2024-10-14 23:06:54.670629 Yankee: Kilo and Zulu, sending you 6
2024-10-14 23:06:54.671342 Kilo: Zulu, sending you 7
2024-10-14 23:06:54.672066 Charlie: Hotel and Echo, sending you 2
2024-10-14 23:06:54.673968 Foxtrot: Hotel, sending you 4
2024-10-14 23:06:54.675425 Echo: Romeo, sending you 5
2024-10-14 23:06:54.676712 Hotel: Romeo, sending you 5
2024-10-14 23:06:54.677957 Romeo: Echo, sending you 6
2024-10-14 23:06:54.679728 Zulu: Yankee, sending you 5
2024-10-14 23:06:54.680419 Charlie: Romeo and Uniform, sending you 3
2024-10-14 23:06:54.681544 Foxtrot: Echo and Romeo, sending you 3
2024-10-14 23:06:54.682701 Echo: Charlie and Foxtrot, sending you 2
2024-10-14 23:06:54.684037 Hotel: Charlie, sending you 3
2024-10-14 23:06:54.685750 Romeo: Uniform, sending you 2
2024-10-14 23:06:54.686873 Charlie: Foxtrot, sending you 4
2024-10-14 23:06:54.688027 Foxtrot: Uniform, sending you 2
2024-10-14 23:06:54.690676 Romeo: Charlie and Foxtrot, sending you 3
2024-10-14 23:06:54.692722 Foxtrot: Charlie, sending you 5
chatterbot Tango submitting transactions
chatterbot Romeo submitting transactions
chatterbot Yankee submitting transactions
chatterbot Echo submitting transactions
chatterbot Foxtrot submitting transactions
chatterbot Uniform submitting transactions
chatterbot Hotel submitting transactions
chatterbot Charlie submitting transactions
chatterbot Zulu submitting transactions
chatterbot Kilo submitting transactions
ChatterBot Hotel round 9
ChatterBot Tango round 9
ChatterBot Yankee round 9
ChatterBot Kilo round 9
ChatterBot Echo round 9
ChatterBot Romeo round 9
ChatterBot Uniform round 9
ChatterBot Charlie round 9
ChatterBot Zulu round 9
ChatterBot Foxtrot round 9
2024-10-14 23:06:55.790987 Uniform: We should drop Tango
2024-10-14 23:06:55.808330 Hotel: Yes
2024-10-14 23:06:55.808553 Charlie: Yes
2024-10-14 23:06:55.808729 Echo: Yes
2024-10-14 23:06:55.808876 Foxtrot: Yes
2024-10-14 23:06:55.809028 Romeo: Yes
2024-10-14 23:06:56.010046 Yankee: Tango, sending you 5
2024-10-14 23:06:56.011225 Hotel: Echo, Uniform and Foxtrot, sending you 4
2024-10-14 23:06:56.014983 Tango: Yankee, sending you 5
2024-10-14 23:06:56.016157 Romeo: Hotel, sending you 5
2024-10-14 23:06:56.020205 Echo: Hotel and Uniform, sending you 3
2024-10-14 23:06:56.023264 Kilo: Tango and Yankee, sending you 6
2024-10-14 23:06:56.025258 Yankee: Kilo and Zulu, sending you 6
2024-10-14 23:06:56.026436 Hotel: Romeo, sending you 5
2024-10-14 23:06:56.029787 Tango: Kilo and Zulu, sending you 6
2024-10-14 23:06:56.031467 Romeo: Echo, sending you 6
2024-10-14 23:06:56.034741 Echo: Romeo, sending you 5
2024-10-14 23:06:56.037243 Charlie: Hotel and Echo, sending you 2
2024-10-14 23:06:56.039542 Foxtrot: Hotel, sending you 4
2024-10-14 23:06:56.042047 Kilo: Zulu, sending you 7
2024-10-14 23:06:56.043540 Zulu: Tango and Kilo, sending you 6
2024-10-14 23:06:56.044353 Hotel: Charlie, sending you 3
2024-10-14 23:06:56.046974 Romeo: Uniform, sending you 2
2024-10-14 23:06:56.048862 Echo: Charlie and Foxtrot, sending you 2
2024-10-14 23:06:56.050788 Charlie: Romeo and Uniform, sending you 3
2024-10-14 23:06:56.053420 Foxtrot: Echo and Romeo, sending you 3
2024-10-14 23:06:56.055403 Zulu: Yankee, sending you 5
2024-10-14 23:06:56.056467 Romeo: Charlie and Foxtrot, sending you 3
2024-10-14 23:06:56.058311 Charlie: Foxtrot, sending you 4
2024-10-14 23:06:56.061451 Foxtrot: Uniform, sending you 2
2024-10-14 23:06:56.068670 Foxtrot: Charlie, sending you 5
chatterbot Hotel submitting transactions
chatterbot Yankee submitting transactions
chatterbot Echo submitting transactions
chatterbot Foxtrot submitting transactions
chatterbot Kilo submitting transactions
chatterbot Romeo submitting transactions
chatterbot Uniform submitting transactions
chatterbot Charlie submitting transactions
chatterbot Tango submitting transactions
chatterbot Zulu submitting transactions
ChatterBot Hotel round 10
ChatterBot Tango round 10
ChatterBot Yankee round 10
ChatterBot Kilo round 10
ChatterBot Echo round 10
ChatterBot Romeo round 10
ChatterBot Uniform round 10
ChatterBot Charlie round 10
ChatterBot Zulu round 10
ChatterBot Foxtrot round 10
2024-10-14 23:06:56.995913 Uniform: We should drop Tango
2024-10-14 23:06:57.012858 Hotel: Yes
2024-10-14 23:06:57.013082 Charlie: Yes
2024-10-14 23:06:57.013240 Echo: Yes
2024-10-14 23:06:57.013836 Foxtrot: Yes
2024-10-14 23:06:57.013982 Romeo: Yes
2024-10-14 23:06:57.064217 Hotel: Echo, Uniform and Foxtrot, sending you 4
2024-10-14 23:06:57.064984 Tango: Yankee, sending you 5
2024-10-14 23:06:57.067674 Yankee: Tango, sending you 5
2024-10-14 23:06:57.068694 Echo: Hotel and Uniform, sending you 3
2024-10-14 23:06:57.069702 Hotel: Romeo, sending you 5
2024-10-14 23:06:57.071663 Tango: Kilo and Zulu, sending you 6
2024-10-14 23:06:57.072180 Charlie: Hotel and Echo, sending you 2
2024-10-14 23:06:57.073647 Foxtrot: Hotel, sending you 4
2024-10-14 23:06:57.074847 Kilo: Tango and Yankee, sending you 6
2024-10-14 23:06:57.075532 Yankee: Kilo and Zulu, sending you 6
2024-10-14 23:06:57.076692 Echo: Romeo, sending you 5
2024-10-14 23:06:57.078049 Hotel: Charlie, sending you 3
2024-10-14 23:06:57.079031 Charlie: Romeo and Uniform, sending you 3
2024-10-14 23:06:57.081084 Kilo: Zulu, sending you 7
2024-10-14 23:06:57.081818 Foxtrot: Echo and Romeo, sending you 3
2024-10-14 23:06:57.082982 Echo: Charlie and Foxtrot, sending you 2
2024-10-14 23:06:57.083872 Zulu: Tango and Kilo, sending you 6
2024-10-14 23:06:57.084406 Charlie: Foxtrot, sending you 4
2024-10-14 23:06:57.086057 Romeo: Hotel, sending you 5
2024-10-14 23:06:57.087217 Zulu: Yankee, sending you 5
2024-10-14 23:06:57.087793 Foxtrot: Uniform, sending you 2
2024-10-14 23:06:57.091675 Romeo: Echo, sending you 6
2024-10-14 23:06:57.093566 Foxtrot: Charlie, sending you 5
2024-10-14 23:06:57.098055 Romeo: Uniform, sending you 2
2024-10-14 23:06:57.101680 Romeo: Charlie and Foxtrot, sending you 3
chatterbot Hotel submitting transactions
chatterbot Foxtrot submitting transactions
chatterbot Uniform submitting transactions
chatterbot Kilo submitting transactions
chatterbot Zulu submitting transactions
chatterbot Echo submitting transactions
chatterbot Tango submitting transactions
chatterbot Charlie submitting transactions
chatterbot Romeo submitting transactions
chatterbot Yankee submitting transactions
ChatterBot Hotel round 11
ChatterBot Tango round 11
ChatterBot Yankee round 11
ChatterBot Kilo round 11
ChatterBot Echo round 11
ChatterBot Romeo round 11
ChatterBot Uniform round 11
ChatterBot Charlie round 11
ChatterBot Zulu round 11
ChatterBot Foxtrot round 11
2024-10-14 23:06:58.188214 Uniform: We should drop Tango
2024-10-14 23:06:58.207690 Hotel: Yes
2024-10-14 23:06:58.207937 Charlie: Yes
2024-10-14 23:06:58.208148 Echo: Yes
2024-10-14 23:06:58.208870 Foxtrot: Yes
2024-10-14 23:06:58.209089 Romeo: Yes
2024-10-14 23:06:58.299657 Romeo: Hotel, sending you 5
2024-10-14 23:06:58.306661 Kilo: Tango and Yankee, sending you 6
2024-10-14 23:06:58.308177 Charlie: Hotel and Echo, sending you 2
2024-10-14 23:06:58.311063 Yankee: Tango, sending you 5
2024-10-14 23:06:58.312495 Hotel: Echo, Uniform and Foxtrot, sending you 4
2024-10-14 23:06:58.315485 Echo: Hotel and Uniform, sending you 3
2024-10-14 23:06:58.318006 Tango: Yankee, sending you 5
2024-10-14 23:06:58.319735 Romeo: Echo, sending you 6
2024-10-14 23:06:58.322527 Kilo: Zulu, sending you 7
2024-10-14 23:06:58.323460 Charlie: Romeo and Uniform, sending you 3
2024-10-14 23:06:58.326263 Yankee: Kilo and Zulu, sending you 6
2024-10-14 23:06:58.328090 Hotel: Romeo, sending you 5
2024-10-14 23:06:58.331516 Echo: Romeo, sending you 5
2024-10-14 23:06:58.334688 Foxtrot: Hotel, sending you 4
2024-10-14 23:06:58.337252 Tango: Kilo and Zulu, sending you 6
2024-10-14 23:06:58.338094 Zulu: Tango and Kilo, sending you 6
2024-10-14 23:06:58.339623 Romeo: Uniform, sending you 1
2024-10-14 23:06:58.342401 Charlie: Foxtrot, sending you 4
2024-10-14 23:06:58.345054 Hotel: Charlie, sending you 3
2024-10-14 23:06:58.346985 Echo: Charlie and Foxtrot, sending you 2
2024-10-14 23:06:58.349349 Foxtrot: Echo and Romeo, sending you 3
2024-10-14 23:06:58.352323 Zulu: Yankee, sending you 5
2024-10-14 23:06:58.354049 Romeo: Charlie, sending you 4
2024-10-14 23:06:58.356806 Foxtrot: Uniform, sending you 2
2024-10-14 23:06:58.360691 Romeo: Foxtrot, sending you 3
2024-10-14 23:06:58.363690 Foxtrot: Charlie, sending you 5
chatterbot Zulu submitting transactions
chatterbot Foxtrot submitting transactions
chatterbot Romeo submitting transactions
chatterbot Tango submitting transactions
chatterbot Charlie submitting transactions
chatterbot Echo submitting transactions
chatterbot Kilo submitting transactions
chatterbot Yankee submitting transactions
chatterbot Uniform submitting transactions
chatterbot Hotel submitting transactions
ChatterBot Hotel round 12
ChatterBot Tango round 12
ChatterBot Yankee round 12
ChatterBot Kilo round 12
ChatterBot Echo round 12
ChatterBot Romeo round 12
ChatterBot Uniform round 12
ChatterBot Charlie round 12
ChatterBot Zulu round 12
ChatterBot Foxtrot round 12
2024-10-14 23:06:59.463591 Uniform: We should drop Tango
2024-10-14 23:06:59.476495 Hotel: Yes
2024-10-14 23:06:59.476726 Charlie: Yes
2024-10-14 23:06:59.476892 Echo: Yes
2024-10-14 23:06:59.477040 Foxtrot: Yes
2024-10-14 23:06:59.477183 Romeo: Yes
2024-10-14 23:06:59.554931 Tango: Yankee, sending you 5
2024-10-14 23:06:59.557668 Hotel: Echo, Uniform and Foxtrot, sending you 4
2024-10-14 23:06:59.560194 Echo: Hotel and Uniform, sending you 3
2024-10-14 23:06:59.561596 Tango: Kilo and Zulu, sending you 6
2024-10-14 23:06:59.562606 Kilo: Tango and Yankee, sending you 6
2024-10-14 23:06:59.563422 Romeo: Hotel, sending you 5
2024-10-14 23:06:59.565477 Yankee: Tango, sending you 5
2024-10-14 23:06:59.566139 Hotel: Romeo, sending you 5
2024-10-14 23:06:59.567381 Echo: Romeo, sending you 5
2024-10-14 23:06:59.568738 Kilo: Zulu, sending you 7
2024-10-14 23:06:59.569670 Romeo: Echo, sending you 6
2024-10-14 23:06:59.571278 Hotel: Charlie, sending you 3
2024-10-14 23:06:59.573164 Yankee: Kilo and Zulu, sending you 6
2024-10-14 23:06:59.574045 Charlie: Hotel and Echo, sending you 2
2024-10-14 23:06:59.576607 Zulu: Tango and Kilo, sending you 6
2024-10-14 23:06:59.577377 Echo: Charlie and Foxtrot, sending you 2
2024-10-14 23:06:59.579443 Romeo: Uniform, sending you 2
2024-10-14 23:06:59.581795 Foxtrot: Hotel, sending you 4
2024-10-14 23:06:59.583288 Charlie: Romeo and Uniform, sending you 3
2024-10-14 23:06:59.585549 Zulu: Yankee, sending you 5
2024-10-14 23:06:59.586439 Romeo: Charlie and Foxtrot, sending you 3
2024-10-14 23:06:59.588443 Foxtrot: Echo and Romeo, sending you 3
2024-10-14 23:06:59.589757 Charlie: Foxtrot, sending you 4
2024-10-14 23:06:59.593650 Foxtrot: Uniform, sending you 2
2024-10-14 23:06:59.599676 Foxtrot: Charlie, sending you 5
chatterbot Tango submitting transactions
chatterbot Charlie submitting transactions
chatterbot Yankee submitting transactions
chatterbot Hotel submitting transactions
chatterbot Echo submitting transactions
chatterbot Zulu submitting transactions
chatterbot Romeo submitting transactions
chatterbot Uniform submitting transactions
chatterbot Foxtrot submitting transactions
chatterbot Kilo submitting transactions
ChatterBot Hotel round 13
ChatterBot Tango round 13
ChatterBot Yankee round 13
ChatterBot Kilo round 13
ChatterBot Echo round 13
ChatterBot Romeo round 13
ChatterBot Uniform round 13
ChatterBot Charlie round 13
ChatterBot Zulu round 13
ChatterBot Foxtrot round 13
2024-10-14 23:07:00.692861 Uniform: We should drop Tango
2024-10-14 23:07:00.713508 Hotel: Yes
2024-10-14 23:07:00.714656 Charlie: Yes
