ChatterBot Foxtrot round 1
ChatterBot Echo round 1
ChatterBot Charlie round 1
ChatterBot Kilo round 1
ChatterBot Whiskey round 1
ChatterBot Yankee round 1
ChatterBot Mike round 1
ChatterBot Lima round 1
ChatterBot Zulu round 1
ChatterBot Bravo round 1
randomSelections Lima: {Lima, Kilo, Foxtrot, Zulu, Mike, Echo, Yankee, Bravo} 
2024-10-14 22:34:08.896297 Lima: Let's form a team
ChatterBot Kilo reevaluating
ChatterBot Foxtrot reevaluating
ChatterBot Zulu reevaluating
ChatterBot Mike reevaluating
ChatterBot Echo reevaluating
ChatterBot Yankee reevaluating
ChatterBot Bravo reevaluating
2024-10-14 22:34:08.916789 Kilo: Yes
2024-10-14 22:34:08.917513 Foxtrot: Yes
2024-10-14 22:34:08.917752 Zulu: Yes
2024-10-14 22:34:08.918116 Mike: Yes
2024-10-14 22:34:08.918270 Echo: Yes
2024-10-14 22:34:08.918435 Yankee: Yes
2024-10-14 22:34:08.918763 Bravo: Yes
ChatterBot Foxtrot reevaluating
ChatterBot Zulu reevaluating
ChatterBot Mike reevaluating
ChatterBot Echo reevaluating
ChatterBot Yankee reevaluating
ChatterBot Bravo reevaluating
ChatterBot Kilo reevaluating
ChatterBot Zulu reevaluating
ChatterBot Mike reevaluating
ChatterBot Echo reevaluating
ChatterBot Yankee reevaluating
ChatterBot Bravo reevaluating
ChatterBot Kilo reevaluating
ChatterBot Foxtrot reevaluating
ChatterBot Mike reevaluating
ChatterBot Echo reevaluating
ChatterBot Yankee reevaluating
ChatterBot Bravo reevaluating
ChatterBot Kilo reevaluating
ChatterBot Foxtrot reevaluating
ChatterBot Zulu reevaluating
ChatterBot Echo reevaluating
ChatterBot Yankee reevaluating
ChatterBot Bravo reevaluating
ChatterBot Kilo reevaluating
ChatterBot Foxtrot reevaluating
ChatterBot Zulu reevaluating
ChatterBot Mike reevaluating
ChatterBot Yankee reevaluating
ChatterBot Bravo reevaluating
ChatterBot Kilo reevaluating
ChatterBot Foxtrot reevaluating
ChatterBot Zulu reevaluating
ChatterBot Mike reevaluating
ChatterBot Echo reevaluating
ChatterBot Bravo reevaluating
ChatterBot Kilo reevaluating
ChatterBot Foxtrot reevaluating
ChatterBot Zulu reevaluating
ChatterBot Mike reevaluating
ChatterBot Echo reevaluating
ChatterBot Yankee reevaluating
randomSelections Charlie: {Charlie, Whiskey, Bravo, Kilo} 
2024-10-14 22:34:09.029042 Charlie: Let's form a team
ChatterBot Whiskey reevaluating
ChatterBot Bravo reevaluating
ChatterBot Kilo reevaluating
2024-10-14 22:34:09.037304 Whiskey: Yes
2024-10-14 22:34:09.037493 Bravo: No
2024-10-14 22:34:09.038189 Kilo: No
ChatterBot Bravo reevaluating
ChatterBot Kilo reevaluating
ChatterBot Whiskey reevaluating
ChatterBot Kilo reevaluating
ChatterBot Whiskey reevaluating
ChatterBot Bravo reevaluating
2024-10-14 22:34:09.089479 Lima: Foxtrot, Echo and Yankee, sending you 1
2024-10-14 22:34:09.091319 Zulu: Foxtrot, Mike and Lima, sending you 2
2024-10-14 22:34:09.095127 Charlie: Kilo and Whiskey, sending you 4
2024-10-14 22:34:09.095669 Lima: Kilo, sending you 3
2024-10-14 22:34:09.097317 Kilo: Foxtrot and Echo, sending you 3
2024-10-14 22:34:09.098033 Zulu: Echo, sending you 4
2024-10-14 22:34:09.098421 Bravo: Foxtrot, Echo and Mike, sending you 2
2024-10-14 22:34:09.099568 Foxtrot: Yankee and Zulu, sending you 4
2024-10-14 22:34:09.099891 Echo: Foxtrot, sending you 2
2024-10-14 22:34:09.100177 Charlie: Bravo, sending you 3
2024-10-14 22:34:09.100364 Lima: Mike, sending you 2
2024-10-14 22:34:09.101470 Mike: Foxtrot, sending you 2
2024-10-14 22:34:09.101811 Kilo: Yankee, sending you 1
2024-10-14 22:34:09.102078 Zulu: Kilo and Bravo, sending you 1
2024-10-14 22:34:09.102389 Bravo: Kilo and Yankee, sending you 3
2024-10-14 22:34:09.104008 Echo: Yankee, Mike and Lima, sending you 3
2024-10-14 22:34:09.104524 Lima: Zulu and Bravo, sending you 4
2024-10-14 22:34:09.105012 Foxtrot: Mike, sending you 3
2024-10-14 22:34:09.106206 Zulu: Yankee, sending you 3
2024-10-14 22:34:09.106671 Mike: Echo, Kilo and Lima, sending you 1
2024-10-14 22:34:09.107658 Whiskey: Charlie and Bravo, sending you 6
2024-10-14 22:34:09.107972 Kilo: Mike, Zulu and Bravo, sending you 2
2024-10-14 22:34:09.108422 Bravo: Lima, sending you 4
2024-10-14 22:34:09.109825 Echo: Bravo, sending you 4
2024-10-14 22:34:09.110251 Foxtrot: Lima, sending you 1
2024-10-14 22:34:09.111964 Kilo: Lima, sending you 5
2024-10-14 22:34:09.114403 Mike: Yankee and Bravo, sending you 3
2024-10-14 22:34:09.115739 Whiskey: Kilo, sending you 2
2024-10-14 22:34:09.116062 Foxtrot: Bravo, sending you 2
2024-10-14 22:34:09.121895 Mike: Zulu, sending you 6
chatterbot Echo submitting transactions
chatterbot Lima submitting transactions
chatterbot Whiskey submitting transactions
chatterbot Charlie submitting transactions
chatterbot Mike submitting transactions
chatterbot Yankee submitting transactions
chatterbot Zulu submitting transactions
chatterbot Bravo submitting transactions
chatterbot Foxtrot submitting transactions
chatterbot Kilo submitting transactions
ChatterBot Foxtrot round 2
ChatterBot Echo round 2
ChatterBot Charlie round 2
ChatterBot Kilo round 2
ChatterBot Whiskey round 2
ChatterBot Yankee round 2
ChatterBot Mike round 2
ChatterBot Lima round 2
ChatterBot Zulu round 2
ChatterBot Bravo round 2
2024-10-14 22:34:14.951345 Echo: We should drop Yankee
ChatterBot Mike reevaluating
ChatterBot Zulu reevaluating
ChatterBot Kilo reevaluating
ChatterBot Lima reevaluating
ChatterBot Bravo reevaluating
2024-10-14 22:34:15.004116 Foxtrot: Yes
2024-10-14 22:34:15.005006 Mike: Yes
2024-10-14 22:34:15.005240 Zulu: Yes
2024-10-14 22:34:15.005809 Kilo: Yes
2024-10-14 22:34:15.007435 Lima: Yes
2024-10-14 22:34:15.008515 Bravo: Yes
ChatterBot Mike reevaluating
ChatterBot Zulu reevaluating
ChatterBot Kilo reevaluating
ChatterBot Lima reevaluating
ChatterBot Bravo reevaluating
ChatterBot Zulu reevaluating
ChatterBot Kilo reevaluating
ChatterBot Lima reevaluating
ChatterBot Bravo reevaluating
ChatterBot Mike reevaluating
ChatterBot Kilo reevaluating
ChatterBot Lima reevaluating
ChatterBot Bravo reevaluating
ChatterBot Mike reevaluating
ChatterBot Zulu reevaluating
ChatterBot Lima reevaluating
ChatterBot Bravo reevaluating
ChatterBot Mike reevaluating
ChatterBot Zulu reevaluating
ChatterBot Kilo reevaluating
ChatterBot Bravo reevaluating
ChatterBot Mike reevaluating
ChatterBot Zulu reevaluating
ChatterBot Kilo reevaluating
ChatterBot Lima reevaluating
2024-10-14 22:34:15.291769 Whiskey: Can we be friends?
ChatterBot Yankee reevaluating
2024-10-14 22:34:15.301517 Charlie: No
2024-10-14 22:34:15.301668 Yankee: No
ChatterBot Yankee reevaluating
ChatterBot Charlie reevaluating
2024-10-14 22:34:15.321302 Charlie: We should group up
ChatterBot Whiskey reevaluating
ChatterBot Yankee reevaluating
2024-10-14 22:34:15.331979 Whiskey: No
2024-10-14 22:34:15.332115 Yankee: No
ChatterBot Charlie reevaluating
ChatterBot Yankee reevaluating
ChatterBot Whiskey reevaluating
ChatterBot Charlie reevaluating
2024-10-14 22:34:15.420910 Kilo: Charlie, sending you 5
2024-10-14 22:34:15.421820 Foxtrot: Echo, Kilo, Mike, Zulu and Bravo, sending you 3
2024-10-14 22:34:15.422266 Echo: Kilo, sending you 4
2024-10-14 22:34:15.422603 Yankee: Foxtrot, sending you 4
2024-10-14 22:34:15.423533 Whiskey: Charlie, sending you 11
2024-10-14 22:34:15.423782 Charlie: Whiskey, sending you 4
2024-10-14 22:34:15.425735 Kilo: Whiskey, sending you 3
2024-10-14 22:34:15.426810 Foxtrot: Lima, sending you 1
2024-10-14 22:34:15.427336 Echo: Mike, sending you 2
2024-10-14 22:34:15.428242 Yankee: Echo, Mike, Zulu and Bravo, sending you 3
2024-10-14 22:34:15.428968 Whiskey: Yankee, sending you 4
2024-10-14 22:34:15.429327 Lima: Foxtrot and Zulu, sending you 2
2024-10-14 22:34:15.430313 Bravo: Foxtrot, Charlie, Kilo, Mike, Lima and Zulu, sending you 2
2024-10-14 22:34:15.430784 Mike: Foxtrot, Echo, Kilo, Lima and Zulu, sending you 3
2024-10-14 22:34:15.431877 Kilo: Mike and Zulu, sending you 1
2024-10-14 22:34:15.432480 Zulu: Foxtrot and Lima, sending you 3
2024-10-14 22:34:15.433415 Echo: Lima, sending you 1
2024-10-14 22:34:15.433952 Yankee: Kilo, sending you 2
2024-10-14 22:34:15.435150 Lima: Echo, sending you 3
2024-10-14 22:34:15.439026 Bravo: Echo, sending you 3
2024-10-14 22:34:15.439489 Mike: Bravo, sending you 2
2024-10-14 22:34:15.440513 Kilo: Lima and Bravo, sending you 4
2024-10-14 22:34:15.440983 Zulu: Echo and Bravo, sending you 1
2024-10-14 22:34:15.442022 Echo: Zulu, sending you 5
2024-10-14 22:34:15.442381 Lima: Kilo and Bravo, sending you 4
2024-10-14 22:34:15.442776 Yankee: Lima, sending you 1
2024-10-14 22:34:15.443864 Bravo: Whiskey, sending you 4
2024-10-14 22:34:15.444806 Zulu: Kilo, sending you 2
2024-10-14 22:34:15.452217 Echo: Bravo, sending you 3
2024-10-14 22:34:15.453309 Lima: Mike, sending you 1
2024-10-14 22:34:15.453664 Zulu: Mike, sending you 5
chatterbot Echo submitting transactions
chatterbot Mike submitting transactions
chatterbot Kilo submitting transactions
chatterbot Lima submitting transactions
chatterbot Yankee submitting transactions
chatterbot Zulu submitting transactions
chatterbot Foxtrot submitting transactions
chatterbot Whiskey submitting transactions
chatterbot Charlie submitting transactions
chatterbot Bravo submitting transactions
ChatterBot Foxtrot round 3
ChatterBot Echo round 3
ChatterBot Charlie round 3
ChatterBot Kilo round 3
ChatterBot Whiskey round 3
ChatterBot Yankee round 3
ChatterBot Mike round 3
ChatterBot Lima round 3
ChatterBot Zulu round 3
ChatterBot Bravo round 3
2024-10-14 22:34:16.576999 Foxtrot: We should add Yankee
ChatterBot Echo reevaluating
ChatterBot Mike reevaluating
ChatterBot Zulu reevaluating
ChatterBot Kilo reevaluating
ChatterBot Lima reevaluating
ChatterBot Bravo reevaluating
2024-10-14 22:34:16.617609 Echo: Yes
2024-10-14 22:34:16.618513 Mike: Yes
2024-10-14 22:34:16.618836 Zulu: Yes
2024-10-14 22:34:16.619115 Kilo: Yes
2024-10-14 22:34:16.619399 Lima: Yes
2024-10-14 22:34:16.620133 Bravo: Yes
ChatterBot Mike reevaluating
ChatterBot Zulu reevaluating
ChatterBot Kilo reevaluating
ChatterBot Lima reevaluating
ChatterBot Bravo reevaluating
ChatterBot Echo reevaluating
ChatterBot Zulu reevaluating
ChatterBot Kilo reevaluating
ChatterBot Lima reevaluating
ChatterBot Bravo reevaluating
ChatterBot Echo reevaluating
ChatterBot Mike reevaluating
ChatterBot Kilo reevaluating
ChatterBot Lima reevaluating
ChatterBot Bravo reevaluating
ChatterBot Echo reevaluating
ChatterBot Mike reevaluating
ChatterBot Zulu reevaluating
ChatterBot Lima reevaluating
ChatterBot Bravo reevaluating
ChatterBot Echo reevaluating
ChatterBot Mike reevaluating
ChatterBot Zulu reevaluating
ChatterBot Kilo reevaluating
ChatterBot Bravo reevaluating
ChatterBot Echo reevaluating
ChatterBot Mike reevaluating
ChatterBot Zulu reevaluating
ChatterBot Kilo reevaluating
ChatterBot Lima reevaluating
2024-10-14 22:34:16.825746 Whiskey: We should replace Yankee with Kilo
ChatterBot Charlie reevaluating
2024-10-14 22:34:16.833606 Charlie: No
2024-10-14 22:34:16.873965 Foxtrot: Yankee we want you to join our group
2024-10-14 22:34:16.880442 Yankee: Yes
ChatterBot Lima reevaluating
ChatterBot Kilo reevaluating
ChatterBot Zulu reevaluating
ChatterBot Mike reevaluating
ChatterBot Echo reevaluating
ChatterBot Bravo reevaluating
2024-10-14 22:34:16.929171 Whiskey: Kilo we want you to join our group
2024-10-14 22:34:16.934921 Kilo: No
ChatterBot Charlie reevaluating
2024-10-14 22:34:16.947071 Lima: Yankee we want you to join our group
2024-10-14 22:34:16.953231 Yankee: Yes
ChatterBot Echo reevaluating
2024-10-14 22:34:16.991743 Zulu: Yankee we want you to join our group
2024-10-14 22:34:16.998246 Yankee: Yes
ChatterBot Echo reevaluating
2024-10-14 22:34:17.029714 Mike: Yankee we want you to join our group
2024-10-14 22:34:17.035680 Yankee: Yes
ChatterBot Echo reevaluating
2024-10-14 22:34:17.070006 Charlie: We should drop Yankee
ChatterBot Whiskey reevaluating
2024-10-14 22:34:17.075068 Whiskey: No
2024-10-14 22:34:17.079904 Whiskey: Group up?
2024-10-14 22:34:17.118077 Charlie: No
2024-10-14 22:34:17.118257 Foxtrot: No
2024-10-14 22:34:17.118421 Echo: No
2024-10-14 22:34:17.118585 Kilo: No
2024-10-14 22:34:17.118746 Yankee: No
2024-10-14 22:34:17.119014 Mike: No
2024-10-14 22:34:17.119775 Lima: No
2024-10-14 22:34:17.119976 Zulu: No
2024-10-14 22:34:17.120202 Bravo: No
ChatterBot Whiskey reevaluating
ChatterBot Whiskey reevaluating
ChatterBot Whiskey reevaluating
ChatterBot Whiskey reevaluating
ChatterBot Whiskey reevaluating
ChatterBot Whiskey reevaluating
ChatterBot Whiskey reevaluating
ChatterBot Whiskey reevaluating
ChatterBot Whiskey reevaluating
2024-10-14 22:34:17.709191 Yankee: Foxtrot, sending you 4
2024-10-14 22:34:17.712169 Echo: Yankee we want you to join our group
2024-10-14 22:34:17.719669 Yankee: Yes
2024-10-14 22:34:17.744732 Whiskey: We should replace Yankee with Bravo
2024-10-14 22:34:17.748937 Charlie: No
ChatterBot Whiskey reevaluating
2024-10-14 22:34:17.754 Foxtrot: Echo, Kilo, Mike, Lima and Bravo, sending you 2
2024-10-14 22:34:17.755138 Kilo: Foxtrot, Yankee, Mike and Zulu, sending you 2
2024-10-14 22:34:17.756680 Bravo: Foxtrot, Echo, Kilo, Yankee, Mike and Lima, sending you 3
2024-10-14 22:34:17.757445 Yankee: Echo, Mike, Zulu and Bravo, sending you 3
chatterbot Foxtrot submitting transactions
2024-10-14 22:34:17.759304 Foxtrot: Yankee and Zulu, sending you 3
2024-10-14 22:34:17.761484 Zulu: Foxtrot, sending you 3
2024-10-14 22:34:17.763196 Kilo: Echo and Bravo, sending you 3
2024-10-14 22:34:17.764822 Bravo: Zulu, sending you 1
2024-10-14 22:34:17.765835 Charlie: Same as last round
2024-10-14 22:34:17.766845 Lima: Foxtrot and Yankee, sending you 1
2024-10-14 22:34:17.768317 Yankee: Kilo, sending you 1
2024-10-14 22:34:17.769210 Mike: Foxtrot, sending you 3
2024-10-14 22:34:17.770863 Zulu: Echo, Yankee and Lima, sending you 2
2024-10-14 22:34:17.772371 Kilo: Lima, sending you 4
2024-10-14 22:34:17.774204 Lima: Echo and Mike, sending you 2
2024-10-14 22:34:17.775267 Yankee: Lima, sending you 2
2024-10-14 22:34:17.776895 Echo: Foxtrot, Kilo, Yankee, Mike, Lima and Zulu, sending you 2
2024-10-14 22:34:17.778622 Mike: Echo, Kilo, Yankee, Lima and Bravo, sending you 2
2024-10-14 22:34:17.780111 Zulu: Kilo and Bravo, sending you 1
2024-10-14 22:34:17.781177 Lima: Kilo, sending you 4
2024-10-14 22:34:17.782630 Echo: Bravo, sending you 3
2024-10-14 22:34:17.784375 Mike: Zulu, sending you 4
2024-10-14 22:34:17.785168 Zulu: Mike, sending you 4
2024-10-14 22:34:17.786728 Lima: Zulu and Bravo, sending you 3
2024-10-14 22:34:17.789926 Whiskey: Charlie, sending you 9
2024-10-14 22:34:17.793681 Whiskey: Kilo, sending you 6
chatterbot Lima submitting transactions
chatterbot Mike submitting transactions
chatterbot Kilo submitting transactions
chatterbot Bravo submitting transactions
chatterbot Zulu submitting transactions
chatterbot Whiskey submitting transactions
chatterbot Charlie submitting transactions
chatterbot Echo submitting transactions
chatterbot Yankee submitting transactions
ChatterBot Foxtrot round 4
ChatterBot Echo round 4
ChatterBot Charlie round 4
2024-10-14 22:34:18.685393 Charlie: We should add Kilo
ChatterBot Whiskey reevaluating
2024-10-14 22:34:18.689843 Whiskey: No
ChatterBot Charlie reevaluating
2024-10-14 22:34:18.694994 Whiskey: We should replace Kilo with Yankee
ChatterBot Charlie reevaluating
2024-10-14 22:34:18.698926 Charlie: No
ChatterBot Whiskey reevaluating
ChatterBot Kilo round 4
ChatterBot Whiskey round 4
ChatterBot Yankee round 4
ChatterBot Mike round 4
ChatterBot Lima round 4
ChatterBot Zulu round 4
ChatterBot Bravo round 4
2024-10-14 22:34:18.726776 Kilo: We should add Whiskey
ChatterBot Lima reevaluating
ChatterBot Zulu reevaluating
ChatterBot Mike reevaluating
ChatterBot Bravo reevaluating
2024-10-14 22:34:18.758576 Lima: No
2024-10-14 22:34:18.758782 Foxtrot: No
2024-10-14 22:34:18.758921 Zulu: No
2024-10-14 22:34:18.759075 Mike: No
2024-10-14 22:34:18.759181 Echo: No
2024-10-14 22:34:18.759289 Yankee: No
2024-10-14 22:34:18.759394 Bravo: No
ChatterBot Zulu reevaluating
ChatterBot Mike reevaluating
ChatterBot Bravo reevaluating
ChatterBot Lima reevaluating
ChatterBot Zulu reevaluating
ChatterBot Mike reevaluating
ChatterBot Bravo reevaluating
ChatterBot Lima reevaluating
ChatterBot Kilo reevaluating
ChatterBot Mike reevaluating
ChatterBot Bravo reevaluating
ChatterBot Lima reevaluating
ChatterBot Kilo reevaluating
ChatterBot Zulu reevaluating
ChatterBot Bravo reevaluating
ChatterBot Lima reevaluating
ChatterBot Kilo reevaluating
ChatterBot Zulu reevaluating
ChatterBot Mike reevaluating
ChatterBot Bravo reevaluating
ChatterBot Lima reevaluating
ChatterBot Kilo reevaluating
ChatterBot Zulu reevaluating
ChatterBot Mike reevaluating
ChatterBot Bravo reevaluating
ChatterBot Lima reevaluating
ChatterBot Kilo reevaluating
ChatterBot Zulu reevaluating
ChatterBot Mike reevaluating
2024-10-14 22:34:19.091655 Echo: Foxtrot, Kilo, Yankee, Mike, Lima and Zulu, sending you 2
2024-10-14 22:34:19.097172 Echo: Bravo, sending you 3
2024-10-14 22:34:19.098661 Whiskey: Charlie, sending you 10
2024-10-14 22:34:19.099677 Yankee: Foxtrot, Echo, Mike, Zulu and Bravo, sending you 3
2024-10-14 22:34:19.102013 Mike: Foxtrot, Echo, Kilo, Yankee and Lima, sending you 2
2024-10-14 22:34:19.104236 Whiskey: Kilo, sending you 5
2024-10-14 22:34:19.104880 Zulu: Foxtrot and Mike, sending you 3
2024-10-14 22:34:19.106668 Yankee: Kilo and Lima, sending you 2
2024-10-14 22:34:19.108650 Mike: Zulu, sending you 4
2024-10-14 22:34:19.109594 Charlie: Sending you 3
2024-10-14 22:34:19.110556 Lima: Foxtrot, Echo, Yankee, Mike and Zulu, sending you 2
2024-10-14 22:34:19.111882 Zulu: Echo, Kilo, Yankee and Lima, sending you 2
2024-10-14 22:34:19.112926 Kilo: Foxtrot, Echo, Mike and Zulu, sending you 2
2024-10-14 22:34:19.114908 Foxtrot: Echo, Kilo, Mike, Lima and Bravo, sending you 2
2024-10-14 22:34:19.118679 Mike: Bravo, sending you 3
2024-10-14 22:34:19.121732 Lima: Kilo and Bravo, sending you 3
2024-10-14 22:34:19.124215 Zulu: Bravo, sending you 1
2024-10-14 22:34:19.126638 Kilo: Yankee, sending you 1
2024-10-14 22:34:19.128924 Foxtrot: Yankee and Zulu, sending you 3
2024-10-14 22:34:19.131572 Bravo: Foxtrot, Echo, Kilo, Yankee, Mike and Lima, sending you 3
2024-10-14 22:34:19.133907 Kilo: Lima, sending you 5
2024-10-14 22:34:19.138664 Bravo: Zulu, sending you 1
2024-10-14 22:34:19.141177 Kilo: Bravo, sending you 4
chatterbot Echo submitting transactions
chatterbot Yankee submitting transactions
chatterbot Charlie submitting transactions
chatterbot Mike submitting transactions
chatterbot Lima submitting transactions
chatterbot Bravo submitting transactions
chatterbot Whiskey submitting transactions
chatterbot Foxtrot submitting transactions
chatterbot Zulu submitting transactions
chatterbot Kilo submitting transactions
ChatterBot Foxtrot round 5
ChatterBot Echo round 5
ChatterBot Charlie round 5
ChatterBot Kilo round 5
ChatterBot Whiskey round 5
ChatterBot Yankee round 5
ChatterBot Mike round 5
ChatterBot Lima round 5
ChatterBot Zulu round 5
ChatterBot Bravo round 5
2024-10-14 22:34:20.234134 Echo: Foxtrot, Kilo, Yankee, Mike, Lima and Zulu, sending you 2
2024-10-14 22:34:20.237704 Echo: Bravo, sending you 3
2024-10-14 22:34:20.242679 Yankee: Foxtrot, Echo, Mike, Zulu and Bravo, sending you 3
2024-10-14 22:34:20.244227 Charlie: Same as last round
2024-10-14 22:34:20.244571 Lima: Foxtrot, Echo, Mike and Zulu, sending you 2
2024-10-14 22:34:20.245591 Bravo: Foxtrot, Echo, Kilo, Yankee, Mike and Lima, sending you 3
2024-10-14 22:34:20.247163 Zulu: Foxtrot and Mike, sending you 3
2024-10-14 22:34:20.248471 Foxtrot: Echo, Kilo, Mike, Lima and Bravo, sending you 2
2024-10-14 22:34:20.250076 Lima: Kilo, sending you 4
2024-10-14 22:34:20.251161 Yankee: Kilo and Lima, sending you 2
2024-10-14 22:34:20.252442 Zulu: Echo, Kilo, Yankee and Lima, sending you 2
2024-10-14 22:34:20.253119 Kilo: Foxtrot, Echo, Yankee, Mike and Zulu, sending you 2
2024-10-14 22:34:20.254235 Bravo: Zulu, sending you 1
2024-10-14 22:34:20.254968 Mike: Foxtrot, Echo, Kilo, Yankee and Lima, sending you 2
2024-10-14 22:34:20.255719 Foxtrot: Yankee and Zulu, sending you 3
2024-10-14 22:34:20.256906 Lima: Yankee, sending you 1
2024-10-14 22:34:20.257719 Zulu: Bravo, sending you 1
2024-10-14 22:34:20.258942 Kilo: Lima, sending you 5
2024-10-14 22:34:20.259642 Mike: Zulu, sending you 4
2024-10-14 22:34:20.261710 Lima: Bravo, sending you 3
2024-10-14 22:34:20.262669 Kilo: Bravo, sending you 3
2024-10-14 22:34:20.264656 Mike: Bravo, sending you 3
chatterbot Charlie submitting transactions
chatterbot Bravo submitting transactions
chatterbot Echo submitting transactions
chatterbot Zulu submitting transactions
chatterbot Lima submitting transactions
chatterbot Whiskey submitting transactions
chatterbot Kilo submitting transactions
chatterbot Foxtrot submitting transactions
chatterbot Yankee submitting transactions
chatterbot Mike submitting transactions
ChatterBot Foxtrot round 6
ChatterBot Echo round 6
ChatterBot Charlie round 6
ChatterBot Kilo round 6
ChatterBot Whiskey round 6
ChatterBot Yankee round 6
ChatterBot Mike round 6
ChatterBot Lima round 6
ChatterBot Zulu round 6
ChatterBot Bravo round 6
2024-10-14 22:34:21.464684 Foxtrot: Echo, Kilo, Yankee, Mike and Lima, sending you 2
2024-10-14 22:34:21.468656 Foxtrot: Zulu and Bravo, sending you 3
2024-10-14 22:34:21.469816 Charlie: Same as last round
2024-10-14 22:34:21.470656 Echo: Foxtrot, Kilo, Yankee, Mike, Lima and Zulu, sending you 2
2024-10-14 22:34:21.472704 Bravo: Foxtrot, Echo, Kilo, Yankee, Mike and Lima, sending you 3
2024-10-14 22:34:21.474027 Lima: Foxtrot, Echo, Mike and Zulu, sending you 2
2024-10-14 22:34:21.475362 Echo: Bravo, sending you 3
2024-10-14 22:34:21.476561 Zulu: Foxtrot and Mike, sending you 3
2024-10-14 22:34:21.477466 Bravo: Zulu, sending you 1
2024-10-14 22:34:21.478255 Kilo: Foxtrot, Echo, Yankee, Mike and Zulu, sending you 2
2024-10-14 22:34:21.479676 Lima: Kilo, sending you 4
2024-10-14 22:34:21.480420 Mike: Foxtrot, Echo, Kilo, Yankee and Lima, sending you 2
2024-10-14 22:34:21.481690 Yankee: Foxtrot, Echo, Mike, Zulu and Bravo, sending you 3
2024-10-14 22:34:21.482653 Zulu: Echo, Kilo, Yankee and Lima, sending you 2
2024-10-14 22:34:21.483325 Kilo: Lima, sending you 5
2024-10-14 22:34:21.483979 Lima: Yankee, sending you 1
2024-10-14 22:34:21.486665 Mike: Zulu, sending you 4
2024-10-14 22:34:21.487352 Yankee: Kilo and Lima, sending you 2
2024-10-14 22:34:21.488050 Zulu: Bravo, sending you 1
2024-10-14 22:34:21.488737 Kilo: Bravo, sending you 3
2024-10-14 22:34:21.489369 Lima: Bravo, sending you 3
2024-10-14 22:34:21.490055 Mike: Bravo, sending you 3
chatterbot Bravo submitting transactions
chatterbot Whiskey submitting transactions
chatterbot Kilo submitting transactions
chatterbot Charlie submitting transactions
chatterbot Mike submitting transactions
chatterbot Echo submitting transactions
chatterbot Foxtrot submitting transactions
chatterbot Lima submitting transactions
chatterbot Zulu submitting transactions
chatterbot Yankee submitting transactions
ChatterBot Foxtrot round 7
ChatterBot Echo round 7
ChatterBot Charlie round 7
ChatterBot Kilo round 7
ChatterBot Whiskey round 7
ChatterBot Yankee round 7
ChatterBot Mike round 7
ChatterBot Lima round 7
ChatterBot Zulu round 7
ChatterBot Bravo round 7
2024-10-14 22:34:22.665678 Echo: Foxtrot, Kilo, Yankee, Mike, Lima and Zulu, sending you 2
2024-10-14 22:34:22.668672 Echo: Bravo, sending you 3
2024-10-14 22:34:22.674660 Charlie: Same as last round
2024-10-14 22:34:22.675695 Mike: Foxtrot, Echo, Kilo, Yankee and Lima, sending you 2
2024-10-14 22:34:22.676689 Yankee: Foxtrot, Echo, Mike and Zulu, sending you 3
2024-10-14 22:34:22.678660 Bravo: Foxtrot, Echo, Kilo, Yankee, Mike and Lima, sending you 3
2024-10-14 22:34:22.679413 Mike: Zulu, sending you 4
2024-10-14 22:34:22.680671 Foxtrot: Echo, Kilo, Yankee, Mike and Lima, sending you 2
2024-10-14 22:34:22.681740 Yankee: Kilo, sending you 2
2024-10-14 22:34:22.683700 Bravo: Zulu, sending you 1
2024-10-14 22:34:22.684880 Mike: Bravo, sending you 3
2024-10-14 22:34:22.685985 Kilo: Foxtrot, Echo, Yankee, Mike and Zulu, sending you 2
2024-10-14 22:34:22.687246 Foxtrot: Zulu and Bravo, sending you 3
2024-10-14 22:34:22.688161 Yankee: Lima, sending you 1
2024-10-14 22:34:22.688994 Lima: Foxtrot, Echo, Mike and Zulu, sending you 2
2024-10-14 22:34:22.689866 Zulu: Foxtrot and Mike, sending you 3
2024-10-14 22:34:22.691881 Kilo: Lima, sending you 5
2024-10-14 22:34:22.693091 Yankee: Bravo, sending you 4
2024-10-14 22:34:22.694683 Lima: Kilo, sending you 4
2024-10-14 22:34:22.696699 Zulu: Echo, Kilo, Yankee and Lima, sending you 2
2024-10-14 22:34:22.698120 Kilo: Bravo, sending you 3
2024-10-14 22:34:22.700658 Lima: Yankee, sending you 1
2024-10-14 22:34:22.701658 Zulu: Bravo, sending you 1
2024-10-14 22:34:22.705700 Lima: Bravo, sending you 3
chatterbot Mike submitting transactions
chatterbot Echo submitting transactions
chatterbot Zulu submitting transactions
chatterbot Whiskey submitting transactions
chatterbot Yankee submitting transactions
chatterbot Bravo submitting transactions
chatterbot Lima submitting transactions
chatterbot Kilo submitting transactions
chatterbot Foxtrot submitting transactions
chatterbot Charlie submitting transactions
ChatterBot Foxtrot round 8
ChatterBot Echo round 8
ChatterBot Charlie round 8
ChatterBot Kilo round 8
ChatterBot Whiskey round 8
ChatterBot Yankee round 8
ChatterBot Mike round 8
ChatterBot Lima round 8
ChatterBot Zulu round 8
ChatterBot Bravo round 8
2024-10-14 22:34:23.808674 Yankee: Foxtrot, Echo, Mike and Zulu, sending you 3
2024-10-14 22:34:23.812055 Lima: Foxtrot, Echo, Mike and Zulu, sending you 2
2024-10-14 22:34:23.815171 Kilo: Foxtrot, Echo, Yankee, Mike and Zulu, sending you 2
2024-10-14 22:34:23.818911 Yankee: Kilo, sending you 2
2024-10-14 22:34:23.821373 Zulu: Foxtrot and Mike, sending you 3
2024-10-14 22:34:23.825263 Lima: Kilo, sending you 4
2024-10-14 22:34:23.828569 Foxtrot: Echo, Kilo, Yankee, Mike and Lima, sending you 2
2024-10-14 22:34:23.831177 Bravo: Foxtrot, Echo, Kilo, Yankee, Mike and Lima, sending you 3
2024-10-14 22:34:23.833463 Kilo: Lima, sending you 5
2024-10-14 22:34:23.835461 Mike: Foxtrot, Echo, Kilo, Yankee and Lima, sending you 2
2024-10-14 22:34:23.838066 Yankee: Lima, sending you 1
2024-10-14 22:34:23.840313 Echo: Foxtrot, Kilo, Yankee, Mike, Lima and Zulu, sending you 2
2024-10-14 22:34:23.842567 Zulu: Echo, Kilo, Yankee and Lima, sending you 2
2024-10-14 22:34:23.845105 Charlie: Sending you 4
2024-10-14 22:34:23.846077 Lima: Yankee, sending you 1
2024-10-14 22:34:23.850916 Foxtrot: Zulu and Bravo, sending you 3
2024-10-14 22:34:23.853533 Bravo: Zulu, sending you 1
2024-10-14 22:34:23.856335 Kilo: Bravo, sending you 3
2024-10-14 22:34:23.858484 Mike: Zulu, sending you 4
2024-10-14 22:34:23.861133 Yankee: Bravo, sending you 4
2024-10-14 22:34:23.863684 Echo: Bravo, sending you 3
2024-10-14 22:34:23.866465 Zulu: Bravo, sending you 1
2024-10-14 22:34:23.868841 Lima: Bravo, sending you 3
2024-10-14 22:34:23.871633 Mike: Bravo, sending you 3
chatterbot Echo submitting transactions
chatterbot Yankee submitting transactions
chatterbot Mike submitting transactions
chatterbot Whiskey submitting transactions
chatterbot Kilo submitting transactions
chatterbot Zulu submitting transactions
chatterbot Lima submitting transactions
chatterbot Charlie submitting transactions
chatterbot Foxtrot submitting transactions
chatterbot Bravo submitting transactions
ChatterBot Foxtrot round 9
ChatterBot Echo round 9
ChatterBot Charlie round 9
ChatterBot Kilo round 9
ChatterBot Whiskey round 9
ChatterBot Yankee round 9
ChatterBot Mike round 9
ChatterBot Lima round 9
ChatterBot Zulu round 9
ChatterBot Bravo round 9
2024-10-14 22:34:24.983346 Charlie: Same as last round
2024-10-14 22:34:24.983922 Echo: Foxtrot, Kilo, Yankee, Mike, Lima and Zulu, sending you 2
2024-10-14 22:34:24.986960 Foxtrot: Echo, Kilo, Yankee, Mike and Lima, sending you 2
2024-10-14 22:34:24.990727 Zulu: Foxtrot and Mike, sending you 3
2024-10-14 22:34:24.993443 Echo: Bravo, sending you 3
2024-10-14 22:34:24.997423 Foxtrot: Zulu and Bravo, sending you 3
2024-10-14 22:34:25.000560 Bravo: Foxtrot, Echo, Kilo, Yankee, Mike and Lima, sending you 3
2024-10-14 22:34:25.002406 Lima: Foxtrot, Echo, Mike and Zulu, sending you 2
2024-10-14 22:34:25.004073 Mike: Foxtrot, Echo, Kilo, Yankee and Lima, sending you 2
2024-10-14 22:34:25.005941 Zulu: Echo, Kilo, Yankee and Lima, sending you 2
2024-10-14 22:34:25.008808 Whiskey: Sending you 15
2024-10-14 22:34:25.009320 Kilo: Foxtrot, Echo, Yankee, Mike and Zulu, sending you 2
2024-10-14 22:34:25.011418 Bravo: Zulu, sending you 1
2024-10-14 22:34:25.014143 Lima: Kilo, sending you 4
2024-10-14 22:34:25.016340 Yankee: Foxtrot, Echo, Mike and Zulu, sending you 3
2024-10-14 22:34:25.019449 Mike: Zulu, sending you 4
2024-10-14 22:34:25.021772 Zulu: Bravo, sending you 1
2024-10-14 22:34:25.024214 Kilo: Lima, sending you 5
2024-10-14 22:34:25.026493 Lima: Yankee, sending you 1
2024-10-14 22:34:25.028966 Yankee: Kilo, sending you 2
2024-10-14 22:34:25.031470 Mike: Bravo, sending you 3
2024-10-14 22:34:25.034663 Kilo: Bravo, sending you 3
2024-10-14 22:34:25.037260 Lima: Bravo, sending you 3
2024-10-14 22:34:25.039761 Yankee: Lima, sending you 1
2024-10-14 22:34:25.045674 Yankee: Bravo, sending you 4
chatterbot Lima submitting transactions
chatterbot Foxtrot submitting transactions
chatterbot Mike submitting transactions
chatterbot Whiskey submitting transactions
chatterbot Charlie submitting transactions
chatterbot Kilo submitting transactions
chatterbot Bravo submitting transactions
chatterbot Echo submitting transactions
chatterbot Yankee submitting transactions
chatterbot Zulu submitting transactions
ChatterBot Foxtrot round 10
ChatterBot Echo round 10
ChatterBot Charlie round 10
ChatterBot Kilo round 10
ChatterBot Whiskey round 10
ChatterBot Yankee round 10
ChatterBot Mike round 10
ChatterBot Lima round 10
ChatterBot Zulu round 10
ChatterBot Bravo round 10
2024-10-14 22:34:26.240715 Echo: Foxtrot, Kilo, Yankee, Mike, Lima and Zulu, sending you 2
2024-10-14 22:34:26.243292 Charlie: Sending you 3
2024-10-14 22:34:26.244679 Foxtrot: Echo, Kilo, Yankee, Mike and Lima, sending you 2
2024-10-14 22:34:26.247046 Echo: Bravo, sending you 3
2024-10-14 22:34:26.248521 Bravo: Foxtrot, Echo, Kilo, Yankee, Mike and Lima, sending you 3
2024-10-14 22:34:26.250538 Foxtrot: Zulu and Bravo, sending you 3
2024-10-14 22:34:26.252877 Kilo: Foxtrot, Echo, Yankee, Mike and Zulu, sending you 2
2024-10-14 22:34:26.254478 Mike: Foxtrot, Echo, Kilo, Yankee and Lima, sending you 2
2024-10-14 22:34:26.256775 Bravo: Zulu, sending you 1
2024-10-14 22:34:26.259272 Lima: Foxtrot, Echo, Mike and Zulu, sending you 2
2024-10-14 22:34:26.260816 Kilo: Lima, sending you 5
2024-10-14 22:34:26.262827 Yankee: Foxtrot, Echo, Kilo, Mike and Zulu, sending you 3
2024-10-14 22:34:26.264221 Mike: Zulu, sending you 4
2024-10-14 22:34:26.266078 Zulu: Foxtrot and Mike, sending you 3
2024-10-14 22:34:26.267482 Lima: Kilo, sending you 4
2024-10-14 22:34:26.269374 Yankee: Bravo, sending you 4
2024-10-14 22:34:26.271244 Kilo: Bravo, sending you 3
2024-10-14 22:34:26.272671 Zulu: Echo, Kilo, Yankee and Lima, sending you 2
2024-10-14 22:34:26.274572 Mike: Bravo, sending you 3
2024-10-14 22:34:26.275955 Lima: Yankee, sending you 1
2024-10-14 22:34:26.278699 Zulu: Bravo, sending you 1
2024-10-14 22:34:26.280350 Lima: Bravo, sending you 3
chatterbot Bravo submitting transactions
chatterbot Lima submitting transactions
chatterbot Zulu submitting transactions
chatterbot Mike submitting transactions
chatterbot Whiskey submitting transactions
chatterbot Yankee submitting transactions
chatterbot Charlie submitting transactions
chatterbot Echo submitting transactions
chatterbot Kilo submitting transactions
chatterbot Foxtrot submitting transactions
ChatterBot Foxtrot round 11
ChatterBot Echo round 11
ChatterBot Charlie round 11
ChatterBot Kilo round 11
ChatterBot Whiskey round 11
ChatterBot Yankee round 11
ChatterBot Mike round 11
ChatterBot Lima round 11
ChatterBot Zulu round 11
ChatterBot Bravo round 11
2024-10-14 22:34:27.489690 Mike: Foxtrot, Echo, Kilo, Yankee and Lima, sending you 2
2024-10-14 22:34:27.493275 Foxtrot: Echo, Kilo, Yankee, Mike and Lima, sending you 2
2024-10-14 22:34:27.497466 Zulu: Foxtrot and Mike, sending you 3
2024-10-14 22:34:27.500802 Mike: Zulu, sending you 4
2024-10-14 22:34:27.504435 Foxtrot: Zulu and Bravo, sending you 3
2024-10-14 22:34:27.508342 Echo: Foxtrot, Kilo, Yankee, Mike, Lima and Zulu, sending you 2
2024-10-14 22:34:27.512338 Charlie: Same as last round
2024-10-14 22:34:27.513649 Zulu: Echo, Kilo, Yankee and Lima, sending you 2
2024-10-14 22:34:27.517125 Bravo: Foxtrot, Echo, Kilo, Yankee, Mike and Lima, sending you 3
2024-10-14 22:34:27.520838 Yankee: Foxtrot, Echo, Kilo, Mike and Zulu, sending you 3
2024-10-14 22:34:27.524386 Lima: Foxtrot, Echo, Mike and Zulu, sending you 2
2024-10-14 22:34:27.528438 Mike: Bravo, sending you 3
2024-10-14 22:34:27.531577 Kilo: Foxtrot, Echo, Yankee, Mike and Zulu, sending you 2
2024-10-14 22:34:27.535004 Echo: Bravo, sending you 3
2024-10-14 22:34:27.539457 Zulu: Bravo, sending you 1
2024-10-14 22:34:27.543167 Bravo: Zulu, sending you 1
2024-10-14 22:34:27.546427 Yankee: Bravo, sending you 4
2024-10-14 22:34:27.549257 Lima: Kilo, sending you 4
2024-10-14 22:34:27.552130 Kilo: Lima, sending you 5
2024-10-14 22:34:27.554948 Lima: Yankee, sending you 1
2024-10-14 22:34:27.558717 Kilo: Bravo, sending you 3
2024-10-14 22:34:27.561 Lima: Bravo, sending you 3
chatterbot Foxtrot submitting transactions
chatterbot Charlie submitting transactions
chatterbot Bravo submitting transactions
chatterbot Lima submitting transactions
chatterbot Mike submitting transactions
chatterbot Zulu submitting transactions
chatterbot Whiskey submitting transactions
chatterbot Yankee submitting transactions
chatterbot Kilo submitting transactions
chatterbot Echo submitting transactions
ChatterBot Foxtrot round 12
ChatterBot Echo round 12
ChatterBot Charlie round 12
ChatterBot Kilo round 12
ChatterBot Whiskey round 12
ChatterBot Yankee round 12
ChatterBot Mike round 12
ChatterBot Lima round 12
ChatterBot Zulu round 12
ChatterBot Bravo round 12
2024-10-14 22:34:28.767686 Yankee: Foxtrot, Echo, Kilo, Mike and Zulu, sending you 3
2024-10-14 22:34:28.773706 Yankee: Bravo, sending you 4
2024-10-14 22:34:28.777353 Mike: Foxtrot, Echo, Kilo, Yankee and Lima, sending you 2
2024-10-14 22:34:28.780895 Zulu: Foxtrot and Mike, sending you 3
2024-10-14 22:34:28.785205 Lima: Foxtrot, Echo, Mike and Zulu, sending you 2
2024-10-14 22:34:28.789055 Kilo: Foxtrot, Echo, Yankee, Mike and Zulu, sending you 2
2024-10-14 22:34:28.793061 Mike: Zulu, sending you 4
2024-10-14 22:34:28.796220 Bravo: Foxtrot, Echo, Kilo, Yankee, Mike and Lima, sending you 3
2024-10-14 22:34:28.799627 Echo: Foxtrot, Kilo, Yankee, Mike, Lima and Zulu, sending you 2
2024-10-14 22:34:28.802517 Foxtrot: Echo, Kilo, Yankee, Mike and Lima, sending you 2
2024-10-14 22:34:28.805199 Zulu: Echo, Kilo, Yankee and Lima, sending you 2
2024-10-14 22:34:28.807046 Charlie: Sending you 4
2024-10-14 22:34:28.807976 Lima: Kilo, sending you 4
2024-10-14 22:34:28.809762 Kilo: Lima, sending you 5
2024-10-14 22:34:28.812011 Mike: Bravo, sending you 3
2024-10-14 22:34:28.814808 Bravo: Zulu, sending you 1
2024-10-14 22:34:28.817239 Echo: Bravo, sending you 3
2024-10-14 22:34:28.819998 Foxtrot: Zulu and Bravo, sending you 3
2024-10-14 22:34:28.822328 Zulu: Bravo, sending you 1
2024-10-14 22:34:28.824276 Lima: Yankee, sending you 1
2024-10-14 22:34:28.826049 Kilo: Bravo, sending you 3
2024-10-14 22:34:28.830712 Lima: Bravo, sending you 3
chatterbot Kilo submitting transactions
chatterbot Foxtrot submitting transactions
chatterbot Bravo submitting transactions
chatterbot Charlie submitting transactions
chatterbot Lima submitting transactions
chatterbot Zulu submitting transactions
chatterbot Yankee submitting transactions
chatterbot Whiskey submitting transactions
chatterbot Mike submitting transactions
chatterbot Echo submitting transactions
ChatterBot Foxtrot round 13
ChatterBot Echo round 13
ChatterBot Charlie round 13
ChatterBot Kilo round 13
ChatterBot Whiskey round 13
ChatterBot Yankee round 13
ChatterBot Mike round 13
ChatterBot Lima round 13
ChatterBot Zulu round 13
ChatterBot Bravo round 13
2024-10-14 22:34:29.843691 Echo: Foxtrot, Kilo, Yankee, Mike, Lima and Zulu, sending you 2
2024-10-14 22:34:29.846300 Charlie: Same as last round
2024-10-14 22:34:29.849692 Echo: Bravo, sending you 3
2024-10-14 22:34:29.852517 Kilo: Foxtrot, Echo, Yankee, Mike and Zulu, sending you 2
2024-10-14 22:34:29.857666 Kilo: Lima, sending you 5
2024-10-14 22:34:29.859711 Yankee: Foxtrot, Echo, Kilo, Mike and Zulu, sending you 3
2024-10-14 22:34:29.861608 Mike: Foxtrot, Echo, Kilo, Yankee and Lima, sending you 2
2024-10-14 22:34:29.863327 Lima: Foxtrot, Echo, Mike and Zulu, sending you 2
2024-10-14 22:34:29.865363 Foxtrot: Echo, Kilo, Yankee, Mike and Lima, sending you 2
2024-10-14 22:34:29.868666 Zulu: Foxtrot and Mike, sending you 3
2024-10-14 22:34:29.872036 Bravo: Foxtrot, Echo, Kilo, Yankee, Mike and Lima, sending you 3
2024-10-14 22:34:29.874915 Kilo: Bravo, sending you 3
2024-10-14 22:34:29.877908 Yankee: Bravo, sending you 4
2024-10-14 22:34:29.881237 Mike: Zulu, sending you 4
2024-10-14 22:34:29.884724 Lima: Kilo, sending you 4
2024-10-14 22:34:29.887480 Foxtrot: Zulu and Bravo, sending you 3
2024-10-14 22:34:29.890415 Zulu: Echo, Kilo, Yankee and Lima, sending you 2
2024-10-14 22:34:29.893654 Bravo: Zulu, sending you 1
2024-10-14 22:34:29.896179 Mike: Bravo, sending you 3
2024-10-14 22:34:29.899255 Lima: Yankee, sending you 1
2024-10-14 22:34:29.902208 Zulu: Bravo, sending you 1
2024-10-14 22:34:29.905685 Lima: Bravo, sending you 3
chatterbot Foxtrot submitting transactions
chatterbot Mike submitting transactions
chatterbot Charlie submitting transactions
chatterbot Zulu submitting transactions
chatterbot Whiskey submitting transactions
chatterbot Lima submitting transactions
chatterbot Bravo submitting transactions
chatterbot Yankee submitting transactions
chatterbot Echo submitting transactions
chatterbot Kilo submitting transactions
ChatterBot Foxtrot round 14
ChatterBot Echo round 14
ChatterBot Charlie round 14
ChatterBot Kilo round 14
ChatterBot Whiskey round 14
ChatterBot Yankee round 14
ChatterBot Mike round 14
ChatterBot Lima round 14
ChatterBot Zulu round 14
ChatterBot Bravo round 14
2024-10-14 22:34:31.177934 Kilo: Foxtrot, Echo, Yankee, Mike and Zulu, sending you 2
2024-10-14 22:34:31.188997 Charlie: Sending you 5
2024-10-14 22:34:31.189507 Whiskey: Sending you 12
2024-10-14 22:34:31.189920 Lima: Foxtrot, Echo, Mike and Zulu, sending you 2
2024-10-14 22:34:31.195662 Mike: Foxtrot, Echo, Kilo, Yankee and Lima, sending you 2
2024-10-14 22:34:31.200935 Kilo: Lima, sending you 5
2024-10-14 22:34:31.206369 Yankee: Foxtrot, Echo, Kilo, Mike and Zulu, sending you 3
2024-10-14 22:34:31.212207 Foxtrot: Echo, Kilo, Yankee, Mike and Lima, sending you 2
2024-10-14 22:34:31.217622 Zulu: Foxtrot and Mike, sending you 3
2024-10-14 22:34:31.223737 Bravo: Foxtrot, Echo, Kilo, Yankee, Mike and Lima, sending you 3
2024-10-14 22:34:31.229602 Lima: Kilo, sending you 4
2024-10-14 22:34:31.234565 Mike: Zulu, sending you 4
2024-10-14 22:34:31.238012 Echo: Foxtrot, Kilo, Yankee, Mike, Lima and Zulu, sending you 2
2024-10-14 22:34:31.242276 Kilo: Bravo, sending you 3
2024-10-14 22:34:31.247018 Yankee: Bravo, sending you 4
2024-10-14 22:34:31.251704 Foxtrot: Zulu and Bravo, sending you 3
2024-10-14 22:34:31.256996 Zulu: Echo, Kilo, Yankee and Lima, sending you 2
2024-10-14 22:34:31.261981 Bravo: Zulu, sending you 1
2024-10-14 22:34:31.266707 Lima: Yankee, sending you 1
2024-10-14 22:34:31.270559 Mike: Bravo, sending you 3
2024-10-14 22:34:31.275232 Echo: Bravo, sending you 3
2024-10-14 22:34:31.279963 Zulu: Bravo, sending you 1
2024-10-14 22:34:31.284369 Lima: Bravo, sending you 3
chatterbot Echo submitting transactions
chatterbot Bravo submitting transactions
