ChatterBot India round 1
ChatterBot Bravo round 1
ChatterBot Tango round 1
ChatterBot Foxtrot round 1
randomSelections Foxtrot: {Foxtrot, Tango, Sierra, Hotel, Papa, Delta} 
2024-10-14 22:34:08.955769 Foxtrot: Can we be friends?
ChatterBot Tango reevaluating
2024-10-14 22:34:08.959484 Tango: Yes
ChatterBot Delta round 1
ChatterBot Delta reevaluating
ChatterBot Delta reevaluating
2024-10-14 22:34:08.966821 Delta: Yes
ChatterBot Tango reevaluating
ChatterBot Victor round 1
ChatterBot Papa round 1
ChatterBot Papa reevaluating
ChatterBot Papa reevaluating
ChatterBot Papa reevaluating
2024-10-14 22:34:08.977693 Papa: Yes
ChatterBot Tango reevaluating
ChatterBot Delta reevaluating
ChatterBot Hotel round 1
ChatterBot Hotel reevaluating
ChatterBot Hotel reevaluating
ChatterBot Hotel reevaluating
ChatterBot Hotel reevaluating
2024-10-14 22:34:08.991753 Hotel: Yes
ChatterBot Tango reevaluating
ChatterBot Papa reevaluating
ChatterBot Delta reevaluating
ChatterBot Sierra round 1
ChatterBot Sierra reevaluating
ChatterBot Sierra reevaluating
ChatterBot Sierra reevaluating
ChatterBot Sierra reevaluating
ChatterBot Sierra reevaluating
2024-10-14 22:34:09.007604 Sierra: Yes
ChatterBot Tango reevaluating
ChatterBot Hotel reevaluating
ChatterBot Papa reevaluating
ChatterBot Delta reevaluating
ChatterBot Uniform round 1
randomSelections India: {India, Victor, Bravo, Delta, Tango, Hotel, Uniform} 
2024-10-14 22:34:09.018095 India: We would work well together
ChatterBot Victor reevaluating
ChatterBot Bravo reevaluating
ChatterBot Delta reevaluating
ChatterBot Tango reevaluating
ChatterBot Hotel reevaluating
ChatterBot Uniform reevaluating
2024-10-14 22:34:09.028104 Victor: Yes
2024-10-14 22:34:09.028304 Bravo: Yes
2024-10-14 22:34:09.029076 Delta: No
2024-10-14 22:34:09.029220 Tango: No
2024-10-14 22:34:09.029361 Hotel: No
2024-10-14 22:34:09.029514 Uniform: Yes
ChatterBot Bravo reevaluating
ChatterBot Delta reevaluating
ChatterBot Tango reevaluating
ChatterBot Hotel reevaluating
ChatterBot Uniform reevaluating
ChatterBot Victor reevaluating
ChatterBot Delta reevaluating
ChatterBot Tango reevaluating
ChatterBot Hotel reevaluating
ChatterBot Uniform reevaluating
ChatterBot Victor reevaluating
ChatterBot Bravo reevaluating
ChatterBot Tango reevaluating
ChatterBot Hotel reevaluating
ChatterBot Uniform reevaluating
ChatterBot Victor reevaluating
ChatterBot Bravo reevaluating
ChatterBot Delta reevaluating
ChatterBot Hotel reevaluating
ChatterBot Uniform reevaluating
ChatterBot Victor reevaluating
ChatterBot Bravo reevaluating
ChatterBot Delta reevaluating
ChatterBot Tango reevaluating
ChatterBot Uniform reevaluating
ChatterBot Victor reevaluating
ChatterBot Bravo reevaluating
ChatterBot Delta reevaluating
ChatterBot Tango reevaluating
ChatterBot Hotel reevaluating
2024-10-14 22:34:09.127628 Foxtrot: Tango, sending you 3
2024-10-14 22:34:09.130769 Foxtrot: Delta and Sierra, sending you 1
2024-10-14 22:34:09.131170 Papa: Tango, sending you 3
2024-10-14 22:34:09.135858 Foxtrot: Papa, sending you 6
2024-10-14 22:34:09.137367 Papa: Foxtrot and Sierra, sending you 1
2024-10-14 22:34:09.140796 Victor: India, sending you 4
2024-10-14 22:34:09.141868 Foxtrot: Hotel, sending you 2
2024-10-14 22:34:09.142353 Uniform: India, sending you 3
2024-10-14 22:34:09.143601 Papa: Delta and Hotel, sending you 4
2024-10-14 22:34:09.144081 Bravo: India, sending you 5
2024-10-14 22:34:09.145218 Tango: Foxtrot, sending you 4
2024-10-14 22:34:09.145643 Sierra: Tango, sending you 2
2024-10-14 22:34:09.146820 Delta: Tango and Papa, sending you 3
2024-10-14 22:34:09.147209 Uniform: Bravo, sending you 6
2024-10-14 22:34:09.148139 Victor: Bravo and Hotel, sending you 2
2024-10-14 22:34:09.148569 Bravo: Tango, sending you 3
2024-10-14 22:34:09.148989 Hotel: Foxtrot, sending you 2
2024-10-14 22:34:09.149927 Tango: Delta and Papa, sending you 3
2024-10-14 22:34:09.150334 Sierra: Foxtrot and Delta, sending you 1
2024-10-14 22:34:09.151431 Delta: Foxtrot, sending you 2
2024-10-14 22:34:09.151733 Uniform: Tango, Delta, Victor and Hotel, sending you 2
2024-10-14 22:34:09.152048 Bravo: Delta and Uniform, sending you 2
2024-10-14 22:34:09.153638 Victor: Uniform, sending you 3
2024-10-14 22:34:09.154037 Hotel: Delta, sending you 1
2024-10-14 22:34:09.154390 Sierra: Papa, sending you 5
2024-10-14 22:34:09.155524 Tango: Hotel, sending you 5
2024-10-14 22:34:09.156750 Delta: Sierra, sending you 6
2024-10-14 22:34:09.157116 Bravo: Victor, sending you 4
2024-10-14 22:34:09.157676 Hotel: Papa, sending you 5
2024-10-14 22:34:09.159943 Sierra: Hotel, sending you 7
2024-10-14 22:34:09.161695 Tango: Sierra, sending you 2
2024-10-14 22:34:09.164341 Hotel: Sierra, sending you 3
chatterbot Foxtrot submitting transactions
chatterbot Victor submitting transactions
chatterbot Uniform submitting transactions
chatterbot India submitting transactions
chatterbot Hotel submitting transactions
chatterbot Papa submitting transactions
chatterbot Tango submitting transactions
chatterbot Sierra submitting transactions
chatterbot Delta submitting transactions
chatterbot Bravo submitting transactions
ChatterBot India round 2
ChatterBot Bravo round 2
ChatterBot Tango round 2
ChatterBot Foxtrot round 2
ChatterBot Delta round 2
ChatterBot Victor round 2
ChatterBot Papa round 2
ChatterBot Hotel round 2
2024-10-14 22:34:14.875360 India: Group up?
ChatterBot Bravo reevaluating
ChatterBot Victor reevaluating
ChatterBot Uniform reevaluating
2024-10-14 22:34:14.900681 Bravo: Yes
2024-10-14 22:34:14.900918 Victor: Yes
2024-10-14 22:34:14.901690 Uniform: No
ChatterBot Victor reevaluating
ChatterBot Uniform reevaluating
ChatterBot Bravo reevaluating
ChatterBot Uniform reevaluating
ChatterBot Bravo reevaluating
ChatterBot Victor reevaluating
ChatterBot Sierra round 2
ChatterBot Uniform round 2
2024-10-14 22:34:14.994393 Victor: We should drop Tango and Hotel
2024-10-14 22:34:15.007602 India: Yes
2024-10-14 22:34:15.008651 Bravo: Yes
2024-10-14 22:34:15.008927 Uniform: Yes
2024-10-14 22:34:15.009179 Delta: No
ChatterBot Victor reevaluating
ChatterBot Victor reevaluating
ChatterBot Victor reevaluating
2024-10-14 22:34:15.091128 Foxtrot: Tango, sending you 4
2024-10-14 22:34:15.092045 India: Bravo and Uniform, sending you 4
2024-10-14 22:34:15.092435 Tango: Foxtrot, sending you 5
2024-10-14 22:34:15.092860 Bravo: India and Victor, sending you 6
2024-10-14 22:34:15.159914 India: Victor, sending you 5
2024-10-14 22:34:15.160272 Foxtrot: Delta and Hotel, sending you 3
2024-10-14 22:34:15.161137 Papa: Tango and Delta, sending you 2
2024-10-14 22:34:15.161564 Sierra: Tango, sending you 2
2024-10-14 22:34:15.162553 Tango: Delta and Papa, sending you 4
2024-10-14 22:34:15.162942 Bravo: Uniform, sending you 7
2024-10-14 22:34:15.163243 Delta: Tango, sending you 5
2024-10-14 22:34:15.164158 Hotel: Tango, sending you 4
2024-10-14 22:34:15.164540 Uniform: India, sending you 2
2024-10-14 22:34:15.165446 Foxtrot: Papa, sending you 2
2024-10-14 22:34:15.165858 Papa: Foxtrot, Hotel and Sierra, sending you 3
2024-10-14 22:34:15.166727 Sierra: Foxtrot and Papa, sending you 1
2024-10-14 22:34:15.167163 Tango: Hotel, sending you 1
2024-10-14 22:34:15.167700 Hotel: Foxtrot, sending you 2
2024-10-14 22:34:15.168823 Uniform: Bravo, sending you 6
2024-10-14 22:34:15.169765 Delta: Foxtrot, Hotel and Sierra, sending you 2
2024-10-14 22:34:15.170268 Victor: Sending you each 4
2024-10-14 22:34:15.171180 Foxtrot: Sierra, sending you 1
2024-10-14 22:34:15.171770 Sierra: Delta, sending you 8
2024-10-14 22:34:15.172844 Tango: Sierra, sending you 3
2024-10-14 22:34:15.173300 Delta: Papa, sending you 6
2024-10-14 22:34:15.197881 Hotel: Delta, sending you 1
2024-10-14 22:34:15.198413 Uniform: Victor, sending you 9
2024-10-14 22:34:15.198725 Sierra: Hotel, sending you 4
2024-10-14 22:34:15.230050 Hotel: Papa, sending you 3
2024-10-14 22:34:15.247063 Hotel: Sierra, sending you 5
chatterbot Tango submitting transactions
chatterbot India submitting transactions
chatterbot Uniform submitting transactions
chatterbot Delta submitting transactions
chatterbot Bravo submitting transactions
chatterbot Hotel submitting transactions
chatterbot Sierra submitting transactions
chatterbot Foxtrot submitting transactions
chatterbot Victor submitting transactions
chatterbot Papa submitting transactions
ChatterBot India round 3
ChatterBot Bravo round 3
ChatterBot Tango round 3
ChatterBot Foxtrot round 3
ChatterBot Delta round 3
ChatterBot Victor round 3
ChatterBot Papa round 3
ChatterBot Hotel round 3
ChatterBot Sierra round 3
ChatterBot Uniform round 3
2024-10-14 22:34:16.145676 Delta: Tango and Papa, sending you 4
2024-10-14 22:34:16.149858 Tango: Foxtrot and Delta, sending you 4
2024-10-14 22:34:16.150671 Delta: Foxtrot, sending you 3
2024-10-14 22:34:16.151135 Papa: Tango, Foxtrot, Delta and Hotel, sending you 3
2024-10-14 22:34:16.152125 India: Bravo and Uniform, sending you 4
2024-10-14 22:34:16.153659 Foxtrot: Tango, Papa and Hotel, sending you 3
2024-10-14 22:34:16.154129 Tango: Papa, Hotel and Sierra, sending you 3
2024-10-14 22:34:16.154505 Delta: Hotel, sending you 2
2024-10-14 22:34:16.155326 India: Victor, sending you 5
2024-10-14 22:34:16.157077 Papa: Sierra, sending you 2
2024-10-14 22:34:16.157706 Foxtrot: Delta and Sierra, sending you 2
2024-10-14 22:34:16.159682 Delta: Sierra, sending you 5
2024-10-14 22:34:16.160590 Bravo: India and Victor, sending you 6
2024-10-14 22:34:16.162103 Sierra: Tango and Papa, sending you 3
2024-10-14 22:34:16.162676 Hotel: Tango and Foxtrot, sending you 3
2024-10-14 22:34:16.163730 Bravo: Uniform, sending you 7
2024-10-14 22:34:16.165688 Sierra: Foxtrot, sending you 1
2024-10-14 22:34:16.166193 Hotel: Delta, sending you 1
2024-10-14 22:34:16.166703 Victor: Same as last round
2024-10-14 22:34:16.167660 Uniform: India, sending you 4
2024-10-14 22:34:16.169092 Hotel: Papa, sending you 4
2024-10-14 22:34:16.170993 Sierra: Delta, sending you 4
2024-10-14 22:34:16.172812 Uniform: Bravo, sending you 7
2024-10-14 22:34:16.173655 Hotel: Sierra, sending you 5
2024-10-14 22:34:16.174730 Sierra: Hotel, sending you 5
2024-10-14 22:34:16.177919 Uniform: Victor, sending you 6
chatterbot Foxtrot submitting transactions
chatterbot Papa submitting transactions
chatterbot Uniform submitting transactions
chatterbot Sierra submitting transactions
chatterbot Bravo submitting transactions
chatterbot Delta submitting transactions
chatterbot India submitting transactions
chatterbot Victor submitting transactions
chatterbot Tango submitting transactions
chatterbot Hotel submitting transactions
ChatterBot India round 4
ChatterBot Bravo round 4
ChatterBot Tango round 4
ChatterBot Foxtrot round 4
ChatterBot Delta round 4
ChatterBot Victor round 4
ChatterBot Papa round 4
ChatterBot Hotel round 4
ChatterBot Sierra round 4
ChatterBot Uniform round 4
2024-10-14 22:34:17.685421 Bravo: India and Victor, sending you 6
2024-10-14 22:34:17.686470 Tango: Foxtrot, Papa, Hotel and Sierra, sending you 3
2024-10-14 22:34:17.688709 Foxtrot: Tango, Delta, Papa and Hotel, sending you 3
2024-10-14 22:34:17.705338 Bravo: Uniform, sending you 7
2024-10-14 22:34:17.706290 Tango: Delta, sending you 5
2024-10-14 22:34:17.708196 Papa: Tango, Foxtrot, Delta and Hotel, sending you 3
2024-10-14 22:34:17.709455 Hotel: Tango and Foxtrot, sending you 3
2024-10-14 22:34:17.711288 Victor: Same as last round
2024-10-14 22:34:17.712035 Delta: Tango and Papa, sending you 4
2024-10-14 22:34:17.713207 India: Bravo, sending you 4
2024-10-14 22:34:17.714721 Foxtrot: Sierra, sending you 1
2024-10-14 22:34:17.715542 Papa: Sierra, sending you 2
2024-10-14 22:34:17.717751 Hotel: Delta, sending you 2
2024-10-14 22:34:17.719719 Delta: Foxtrot, sending you 3
2024-10-14 22:34:17.720902 Uniform: India and Victor, sending you 5
2024-10-14 22:34:17.722005 India: Victor and Uniform, sending you 5
2024-10-14 22:34:17.722536 Sierra: Tango, sending you 3
2024-10-14 22:34:17.724389 Hotel: Papa, sending you 4
2024-10-14 22:34:17.725409 Delta: Hotel, sending you 2
2024-10-14 22:34:17.726250 Uniform: Bravo, sending you 7
2024-10-14 22:34:17.729351 Sierra: Foxtrot, sending you 1
2024-10-14 22:34:17.730047 Hotel: Sierra, sending you 5
2024-10-14 22:34:17.730888 Delta: Sierra, sending you 5
2024-10-14 22:34:17.734675 Sierra: Delta, sending you 4
2024-10-14 22:34:17.739666 Sierra: Papa, sending you 2
2024-10-14 22:34:17.744664 Sierra: Hotel, sending you 6
chatterbot India submitting transactions
chatterbot Foxtrot submitting transactions
chatterbot Tango submitting transactions
chatterbot Sierra submitting transactions
chatterbot Victor submitting transactions
chatterbot Delta submitting transactions
chatterbot Papa submitting transactions
chatterbot Hotel submitting transactions
chatterbot Uniform submitting transactions
chatterbot Bravo submitting transactions
ChatterBot India round 5
ChatterBot Bravo round 5
ChatterBot Tango round 5
ChatterBot Foxtrot round 5
ChatterBot Delta round 5
ChatterBot Victor round 5
ChatterBot Papa round 5
ChatterBot Hotel round 5
ChatterBot Sierra round 5
ChatterBot Uniform round 5
2024-10-14 22:34:18.943686 Bravo: India and Victor, sending you 6
2024-10-14 22:34:18.945522 India: Bravo, sending you 4
2024-10-14 22:34:18.948707 India: Victor and Uniform, sending you 5
2024-10-14 22:34:18.950316 Bravo: Uniform, sending you 7
2024-10-14 22:34:18.951735 Sierra: Tango, sending you 3
2024-10-14 22:34:18.953042 Papa: Tango, Foxtrot, Delta and Hotel, sending you 3
2024-10-14 22:34:18.954907 Tango: Foxtrot, Papa, Hotel and Sierra, sending you 3
2024-10-14 22:34:18.957041 Foxtrot: Tango, Delta, Papa and Hotel, sending you 3
2024-10-14 22:34:18.958903 Sierra: Foxtrot, sending you 1
2024-10-14 22:34:18.960834 Papa: Sierra, sending you 2
2024-10-14 22:34:18.962497 Tango: Delta, sending you 5
2024-10-14 22:34:18.963806 Delta: Tango and Papa, sending you 4
2024-10-14 22:34:18.964497 Victor: Same as last round
2024-10-14 22:34:18.965801 Foxtrot: Sierra, sending you 1
2024-10-14 22:34:18.967105 Hotel: Tango and Foxtrot, sending you 3
2024-10-14 22:34:18.967925 Sierra: Delta, sending you 4
2024-10-14 22:34:18.969293 Uniform: India and Victor, sending you 5
2024-10-14 22:34:18.970363 Delta: Foxtrot, sending you 3
2024-10-14 22:34:18.973177 Hotel: Delta, sending you 2
2024-10-14 22:34:18.974770 Sierra: Papa, sending you 2
2024-10-14 22:34:18.976437 Uniform: Bravo, sending you 7
2024-10-14 22:34:18.977649 Delta: Hotel, sending you 2
2024-10-14 22:34:18.978556 Hotel: Papa, sending you 4
2024-10-14 22:34:18.980678 Sierra: Hotel, sending you 6
2024-10-14 22:34:18.982499 Delta: Sierra, sending you 5
2024-10-14 22:34:18.985328 Hotel: Sierra, sending you 6
chatterbot Victor submitting transactions
chatterbot Sierra submitting transactions
chatterbot Uniform submitting transactions
chatterbot India submitting transactions
chatterbot Delta submitting transactions
chatterbot Papa submitting transactions
chatterbot Tango submitting transactions
chatterbot Foxtrot submitting transactions
chatterbot Hotel submitting transactions
chatterbot Bravo submitting transactions
ChatterBot India round 6
ChatterBot Bravo round 6
ChatterBot Tango round 6
ChatterBot Foxtrot round 6
ChatterBot Delta round 6
ChatterBot Victor round 6
ChatterBot Papa round 6
ChatterBot Hotel round 6
ChatterBot Sierra round 6
ChatterBot Uniform round 6
2024-10-14 22:34:20.051684 Papa: Tango, Foxtrot, Delta and Hotel, sending you 3
2024-10-14 22:34:20.052688 Delta: Tango, sending you 5
2024-10-14 22:34:20.054697 India: Bravo, sending you 4
2024-10-14 22:34:20.056665 Bravo: India and Victor, sending you 6
2024-10-14 22:34:20.057021 Papa: Sierra, sending you 2
2024-10-14 22:34:20.058683 Delta: Foxtrot, sending you 3
2024-10-14 22:34:20.059558 India: Victor and Uniform, sending you 5
2024-10-14 22:34:20.060485 Tango: Foxtrot, Papa, Hotel and Sierra, sending you 3
2024-10-14 22:34:20.061333 Foxtrot: Tango, Delta, Papa and Hotel, sending you 3
2024-10-14 22:34:20.062134 Uniform: India and Victor, sending you 5
2024-10-14 22:34:20.062919 Victor: Same as last round
2024-10-14 22:34:20.063331 Bravo: Uniform, sending you 7
2024-10-14 22:34:20.063719 Delta: Papa and Sierra, sending you 4
2024-10-14 22:34:20.064282 Tango: Delta, sending you 5
2024-10-14 22:34:20.065306 Hotel: Tango and Foxtrot, sending you 3
2024-10-14 22:34:20.065912 Foxtrot: Sierra, sending you 1
2024-10-14 22:34:20.067673 Uniform: Bravo, sending you 7
2024-10-14 22:34:20.068049 Delta: Hotel, sending you 2
2024-10-14 22:34:20.070694 Hotel: Delta, sending you 2
2024-10-14 22:34:20.071874 Sierra: Tango, sending you 3
2024-10-14 22:34:20.075783 Hotel: Papa, sending you 4
2024-10-14 22:34:20.076682 Sierra: Foxtrot, sending you 1
2024-10-14 22:34:20.078668 Hotel: Sierra, sending you 6
2024-10-14 22:34:20.079670 Sierra: Delta and Hotel, sending you 5
2024-10-14 22:34:20.084655 Sierra: Papa, sending you 2
chatterbot India submitting transactions
chatterbot Bravo submitting transactions
chatterbot Sierra submitting transactions
chatterbot Victor submitting transactions
chatterbot Papa submitting transactions
chatterbot Delta submitting transactions
chatterbot Tango submitting transactions
chatterbot Foxtrot submitting transactions
chatterbot Hotel submitting transactions
chatterbot Uniform submitting transactions
ChatterBot India round 7
ChatterBot Bravo round 7
ChatterBot Tango round 7
ChatterBot Foxtrot round 7
ChatterBot Delta round 7
ChatterBot Victor round 7
ChatterBot Papa round 7
ChatterBot Hotel round 7
ChatterBot Sierra round 7
ChatterBot Uniform round 7
2024-10-14 22:34:21.327672 Tango: Foxtrot, Papa, Hotel and Sierra, sending you 3
2024-10-14 22:34:21.329666 Bravo: India and Victor, sending you 6
2024-10-14 22:34:21.330666 India: Bravo, sending you 4
2024-10-14 22:34:21.332839 Papa: Tango, Foxtrot, Delta and Hotel, sending you 3
2024-10-14 22:34:21.333694 Tango: Delta, sending you 5
2024-10-14 22:34:21.334376 Delta: Tango, sending you 5
2024-10-14 22:34:21.335084 India: Victor and Uniform, sending you 5
2024-10-14 22:34:21.335522 Bravo: Uniform, sending you 7
2024-10-14 22:34:21.335916 Foxtrot: Tango, Delta, Papa and Hotel, sending you 3
2024-10-14 22:34:21.337663 Uniform: India and Victor, sending you 5
2024-10-14 22:34:21.337988 Papa: Sierra, sending you 2
2024-10-14 22:34:21.338914 Delta: Foxtrot, sending you 3
2024-10-14 22:34:21.339682 Foxtrot: Sierra, sending you 1
2024-10-14 22:34:21.340658 Uniform: Bravo, sending you 7
2024-10-14 22:34:21.341672 Sierra: Tango, sending you 3
2024-10-14 22:34:21.342259 Delta: Papa and Sierra, sending you 4
2024-10-14 22:34:21.342741 Victor: Same as last round
2024-10-14 22:34:21.345691 Sierra: Foxtrot, sending you 1
2024-10-14 22:34:21.346696 Delta: Hotel, sending you 2
2024-10-14 22:34:21.349642 Hotel: Tango and Foxtrot, sending you 3
2024-10-14 22:34:21.350106 Sierra: Delta, sending you 4
2024-10-14 22:34:21.353668 Sierra: Papa, sending you 2
2024-10-14 22:34:21.354680 Hotel: Delta, sending you 2
2024-10-14 22:34:21.358671 Sierra: Hotel, sending you 6
2024-10-14 22:34:21.359653 Hotel: Papa, sending you 4
2024-10-14 22:34:21.364661 Hotel: Sierra, sending you 6
chatterbot Sierra submitting transactions
chatterbot Foxtrot submitting transactions
chatterbot Uniform submitting transactions
chatterbot India submitting transactions
chatterbot Tango submitting transactions
chatterbot Bravo submitting transactions
chatterbot Papa submitting transactions
chatterbot Delta submitting transactions
chatterbot Hotel submitting transactions
chatterbot Victor submitting transactions
ChatterBot India round 8
ChatterBot Bravo round 8
ChatterBot Tango round 8
ChatterBot Foxtrot round 8
ChatterBot Delta round 8
ChatterBot Victor round 8
ChatterBot Papa round 8
ChatterBot Hotel round 8
ChatterBot Sierra round 8
ChatterBot Uniform round 8
2024-10-14 22:34:22.597052 India: Bravo, sending you 4
2024-10-14 22:34:22.598658 Sierra: Tango, sending you 3
2024-10-14 22:34:22.600111 Foxtrot: Tango, Delta, Papa and Hotel, sending you 3
2024-10-14 22:34:22.600853 Bravo: India and Victor, sending you 6
2024-10-14 22:34:22.601299 India: Victor and Uniform, sending you 5
2024-10-14 22:34:22.602690 Victor: Same as last round
2024-10-14 22:34:22.603104 Sierra: Foxtrot, sending you 1
2024-10-14 22:34:22.604104 Tango: Foxtrot, Papa, Hotel and Sierra, sending you 3
2024-10-14 22:34:22.605607 Bravo: Uniform, sending you 7
2024-10-14 22:34:22.606078 Foxtrot: Sierra, sending you 1
2024-10-14 22:34:22.607062 Papa: Tango, Foxtrot, Delta and Hotel, sending you 3
2024-10-14 22:34:22.608501 Uniform: India and Bravo, sending you 6
2024-10-14 22:34:22.609016 Sierra: Delta, sending you 4
2024-10-14 22:34:22.610050 Hotel: Tango, Foxtrot and Delta, sending you 3
2024-10-14 22:34:22.611753 Delta: Tango, sending you 5
2024-10-14 22:34:22.612968 Tango: Delta, sending you 5
2024-10-14 22:34:22.613937 Papa: Sierra, sending you 2
2024-10-14 22:34:22.615359 Uniform: Victor, sending you 5
2024-10-14 22:34:22.615877 Sierra: Papa, sending you 2
2024-10-14 22:34:22.616846 Hotel: Papa, sending you 4
2024-10-14 22:34:22.617780 Delta: Foxtrot, sending you 3
2024-10-14 22:34:22.622223 Sierra: Hotel, sending you 6
2024-10-14 22:34:22.623175 Delta: Papa and Sierra, sending you 4
2024-10-14 22:34:22.623935 Hotel: Sierra, sending you 5
2024-10-14 22:34:22.629004 Delta: Hotel, sending you 2
chatterbot India submitting transactions
chatterbot Sierra submitting transactions
chatterbot Victor submitting transactions
chatterbot Delta submitting transactions
chatterbot Bravo submitting transactions
chatterbot Papa submitting transactions
chatterbot Tango submitting transactions
chatterbot Uniform submitting transactions
chatterbot Hotel submitting transactions
chatterbot Foxtrot submitting transactions
ChatterBot India round 9
ChatterBot Bravo round 9
ChatterBot Tango round 9
ChatterBot Foxtrot round 9
ChatterBot Delta round 9
ChatterBot Victor round 9
ChatterBot Papa round 9
ChatterBot Hotel round 9
ChatterBot Sierra round 9
ChatterBot Uniform round 9
2024-10-14 22:34:23.751404 Hotel: Tango, Foxtrot and Delta, sending you 3
2024-10-14 22:34:23.752863 India: Bravo, sending you 4
2024-10-14 22:34:23.754247 Foxtrot: Tango, Delta, Papa and Hotel, sending you 3
2024-10-14 22:34:23.757685 Hotel: Papa, sending you 4
2024-10-14 22:34:23.759760 India: Victor and Uniform, sending you 5
2024-10-14 22:34:23.760505 Tango: Foxtrot, Papa, Hotel and Sierra, sending you 3
2024-10-14 22:34:23.762597 Uniform: India and Bravo, sending you 6
2024-10-14 22:34:23.763484 Delta: Tango, sending you 5
2024-10-14 22:34:23.765460 Foxtrot: Sierra, sending you 1
2024-10-14 22:34:23.767164 Bravo: India and Victor, sending you 6
2024-10-14 22:34:23.767971 Sierra: Tango, sending you 3
2024-10-14 22:34:23.770125 Victor: Same as last round
2024-10-14 22:34:23.771128 Hotel: Sierra, sending you 5
2024-10-14 22:34:23.772922 Tango: Delta, sending you 5
2024-10-14 22:34:23.775180 Uniform: Victor, sending you 5
2024-10-14 22:34:23.775849 Papa: Tango, Foxtrot, Delta and Hotel, sending you 3
2024-10-14 22:34:23.778030 Delta: Foxtrot, sending you 3
2024-10-14 22:34:23.780531 Bravo: Uniform, sending you 7
2024-10-14 22:34:23.781152 Sierra: Foxtrot, sending you 1
2024-10-14 22:34:23.783212 Papa: Sierra, sending you 2
2024-10-14 22:34:23.784560 Delta: Papa and Sierra, sending you 4
2024-10-14 22:34:23.787669 Sierra: Delta, sending you 4
2024-10-14 22:34:23.789681 Delta: Hotel, sending you 2
2024-10-14 22:34:23.792688 Sierra: Papa, sending you 2
2024-10-14 22:34:23.799673 Sierra: Hotel, sending you 6
chatterbot Delta submitting transactions
chatterbot Hotel submitting transactions
chatterbot Tango submitting transactions
chatterbot Foxtrot submitting transactions
chatterbot India submitting transactions
chatterbot Sierra submitting transactions
chatterbot Papa submitting transactions
chatterbot Victor submitting transactions
chatterbot Uniform submitting transactions
chatterbot Bravo submitting transactions
ChatterBot India round 10
ChatterBot Bravo round 10
ChatterBot Tango round 10
ChatterBot Foxtrot round 10
ChatterBot Delta round 10
ChatterBot Victor round 10
ChatterBot Papa round 10
ChatterBot Hotel round 10
ChatterBot Sierra round 10
ChatterBot Uniform round 10
2024-10-14 22:34:24.931669 India: Bravo, sending you 4
2024-10-14 22:34:24.932676 Tango: Foxtrot, Papa, Hotel and Sierra, sending you 3
2024-10-14 22:34:24.934661 Bravo: India and Victor, sending you 6
2024-10-14 22:34:24.935896 India: Victor and Uniform, sending you 5
2024-10-14 22:34:24.938065 Tango: Delta, sending you 5
2024-10-14 22:34:24.939397 Bravo: Uniform, sending you 7
2024-10-14 22:34:24.940415 Delta: Tango, sending you 5
2024-10-14 22:34:24.941386 Victor: Same as last round
2024-10-14 22:34:24.944690 Delta: Foxtrot, Papa and Hotel, sending you 3
2024-10-14 22:34:24.946589 Hotel: Tango, Foxtrot and Delta, sending you 3
2024-10-14 22:34:24.948671 Uniform: India and Bravo, sending you 6
2024-10-14 22:34:24.949303 Papa: Tango, Foxtrot, Delta and Hotel, sending you 3
2024-10-14 22:34:24.951530 Foxtrot: Tango, Delta, Papa and Hotel, sending you 3
2024-10-14 22:34:24.953479 Delta: Sierra, sending you 4
2024-10-14 22:34:24.955488 Hotel: Papa, sending you 4
2024-10-14 22:34:24.958103 Uniform: Victor, sending you 5
2024-10-14 22:34:24.959450 Papa: Sierra, sending you 2
2024-10-14 22:34:24.961589 Foxtrot: Sierra, sending you 1
2024-10-14 22:34:24.963952 Hotel: Sierra, sending you 5
2024-10-14 22:34:24.966091 Sierra: Tango, sending you 3
2024-10-14 22:34:24.974293 Sierra: Foxtrot, sending you 1
2024-10-14 22:34:24.980784 Sierra: Delta, sending you 4
2024-10-14 22:34:24.989369 Sierra: Papa, sending you 2
2024-10-14 22:34:24.998454 Sierra: Hotel, sending you 6
chatterbot Foxtrot submitting transactions
chatterbot Papa submitting transactions
chatterbot Sierra submitting transactions
chatterbot Bravo submitting transactions
chatterbot Hotel submitting transactions
chatterbot Delta submitting transactions
chatterbot Victor submitting transactions
chatterbot Uniform submitting transactions
chatterbot Tango submitting transactions
chatterbot India submitting transactions
ChatterBot India round 11
ChatterBot Bravo round 11
ChatterBot Tango round 11
ChatterBot Foxtrot round 11
ChatterBot Delta round 11
ChatterBot Victor round 11
ChatterBot Papa round 11
ChatterBot Hotel round 11
ChatterBot Sierra round 11
ChatterBot Uniform round 11
2024-10-14 22:34:26.092750 Foxtrot: Tango, Delta, Papa and Hotel, sending you 3
2024-10-14 22:34:26.095659 Tango: Foxtrot, Papa, Hotel and Sierra, sending you 3
2024-10-14 22:34:26.097231 Bravo: India and Victor, sending you 6
2024-10-14 22:34:26.098651 Foxtrot: Sierra, sending you 1
2024-10-14 22:34:26.100781 Tango: Delta, sending you 5
2024-10-14 22:34:26.103115 India: Bravo, sending you 4
2024-10-14 22:34:26.103734 Bravo: Uniform, sending you 7
2024-10-14 22:34:26.106693 Hotel: Tango, Foxtrot and Delta, sending you 3
2024-10-14 22:34:26.108956 India: Victor and Uniform, sending you 5
2024-10-14 22:34:26.109621 Delta: Tango, sending you 5
2024-10-14 22:34:26.111685 Sierra: Tango, sending you 3
2024-10-14 22:34:26.113795 Victor: Same as last round
2024-10-14 22:34:26.114412 Hotel: Papa, sending you 4
2024-10-14 22:34:26.116542 Papa: Tango, Foxtrot, Delta and Hotel, sending you 3
2024-10-14 22:34:26.117945 Delta: Foxtrot, Papa and Hotel, sending you 3
2024-10-14 22:34:26.119844 Sierra: Foxtrot, sending you 1
2024-10-14 22:34:26.121889 Hotel: Sierra, sending you 5
2024-10-14 22:34:26.123776 Papa: Sierra, sending you 2
2024-10-14 22:34:26.124916 Uniform: India and Bravo, sending you 6
2024-10-14 22:34:26.125949 Delta: Sierra, sending you 4
2024-10-14 22:34:26.127498 Sierra: Delta, sending you 4
2024-10-14 22:34:26.129387 Uniform: Victor, sending you 5
2024-10-14 22:34:26.131696 Sierra: Papa, sending you 2
2024-10-14 22:34:26.136659 Sierra: Hotel, sending you 6
chatterbot Victor submitting transactions
chatterbot Sierra submitting transactions
chatterbot Papa submitting transactions
chatterbot Uniform submitting transactions
chatterbot Delta submitting transactions
chatterbot Foxtrot submitting transactions
chatterbot Bravo submitting transactions
chatterbot Hotel submitting transactions
chatterbot India submitting transactions
chatterbot Tango submitting transactions
ChatterBot India round 12
ChatterBot Bravo round 12
ChatterBot Tango round 12
ChatterBot Foxtrot round 12
ChatterBot Delta round 12
ChatterBot Victor round 12
ChatterBot Papa round 12
ChatterBot Hotel round 12
ChatterBot Sierra round 12
ChatterBot Uniform round 12
2024-10-14 22:34:27.320661 Papa: Tango, Foxtrot, Delta and Hotel, sending you 3
2024-10-14 22:34:27.322665 Tango: Foxtrot, Papa, Hotel and Sierra, sending you 3
2024-10-14 22:34:27.325148 India: Bravo, sending you 4
2024-10-14 22:34:27.326066 Uniform: India and Bravo, sending you 6
2024-10-14 22:34:27.327407 Delta: Tango, sending you 5
2024-10-14 22:34:27.329200 Foxtrot: Tango, Delta, Papa and Hotel, sending you 3
2024-10-14 22:34:27.331464 Victor: Same as last round
2024-10-14 22:34:27.332552 Hotel: Tango, Foxtrot, Delta and Papa, sending you 3
2024-10-14 22:34:27.335215 Bravo: India and Victor, sending you 6
2024-10-14 22:34:27.336100 Sierra: Tango, sending you 3
2024-10-14 22:34:27.338469 Papa: Sierra, sending you 2
2024-10-14 22:34:27.342312 Tango: Delta, sending you 5
2024-10-14 22:34:27.346345 India: Victor and Uniform, sending you 5
2024-10-14 22:34:27.347579 Uniform: Victor, sending you 5
2024-10-14 22:34:27.349308 Delta: Foxtrot, Papa and Hotel, sending you 3
2024-10-14 22:34:27.352116 Foxtrot: Sierra, sending you 1
2024-10-14 22:34:27.354427 Hotel: Sierra, sending you 6
2024-10-14 22:34:27.357345 Bravo: Uniform, sending you 7
2024-10-14 22:34:27.359183 Sierra: Foxtrot, sending you 1
2024-10-14 22:34:27.361654 Delta: Sierra, sending you 4
2024-10-14 22:34:27.369999 Sierra: Delta, sending you 4
2024-10-14 22:34:27.377715 Sierra: Papa, sending you 2
2024-10-14 22:34:27.384664 Sierra: Hotel, sending you 6
chatterbot Delta submitting transactions
chatterbot Sierra submitting transactions
chatterbot Hotel submitting transactions
chatterbot Victor submitting transactions
chatterbot India submitting transactions
chatterbot Papa submitting transactions
chatterbot Foxtrot submitting transactions
chatterbot Tango submitting transactions
chatterbot Uniform submitting transactions
chatterbot Bravo submitting transactions
ChatterBot India round 13
ChatterBot Bravo round 13
ChatterBot Tango round 13
ChatterBot Foxtrot round 13
ChatterBot Delta round 13
ChatterBot Victor round 13
ChatterBot Papa round 13
ChatterBot Hotel round 13
ChatterBot Sierra round 13
ChatterBot Uniform round 13
2024-10-14 22:34:28.549859 Tango: Foxtrot, Papa, Hotel and Sierra, sending you 3
2024-10-14 22:34:28.553704 Tango: Delta, sending you 5
2024-10-14 22:34:28.554910 Bravo: India and Victor, sending you 6
2024-10-14 22:34:28.556652 India: Bravo, sending you 4
2024-10-14 22:34:28.558672 Foxtrot: Tango, Delta, Papa and Hotel, sending you 3
2024-10-14 22:34:28.560850 Hotel: Tango, Foxtrot, Delta and Papa, sending you 3
2024-10-14 22:34:28.562093 Bravo: Uniform, sending you 7
2024-10-14 22:34:28.563119 Victor: Same as last round
2024-10-14 22:34:28.563566 Papa: Tango, Foxtrot, Delta and Hotel, sending you 3
2024-10-14 22:34:28.564525 India: Victor and Uniform, sending you 5
2024-10-14 22:34:28.564884 Foxtrot: Sierra, sending you 1
2024-10-14 22:34:28.566114 Hotel: Sierra, sending you 6
2024-10-14 22:34:28.566811 Papa: Sierra, sending you 2
2024-10-14 22:34:28.567811 Uniform: India and Bravo, sending you 6
2024-10-14 22:34:28.568220 Sierra: Tango, sending you 3
2024-10-14 22:34:28.570116 Delta: Tango, sending you 5
2024-10-14 22:34:28.571318 Uniform: Victor, sending you 5
2024-10-14 22:34:28.574653 Sierra: Foxtrot, sending you 1
2024-10-14 22:34:28.576283 Delta: Foxtrot, Papa and Hotel, sending you 3
2024-10-14 22:34:28.579659 Sierra: Delta, sending you 4
2024-10-14 22:34:28.581933 Delta: Sierra, sending you 4
2024-10-14 22:34:28.587275 Sierra: Papa, sending you 2
2024-10-14 22:34:28.590678 Sierra: Hotel, sending you 6
chatterbot Hotel submitting transactions
chatterbot Foxtrot submitting transactions
chatterbot Victor submitting transactions
chatterbot Delta submitting transactions
chatterbot Tango submitting transactions
chatterbot Uniform submitting transactions
chatterbot Papa submitting transactions
chatterbot Sierra submitting transactions
chatterbot Bravo submitting transactions
chatterbot India submitting transactions
ChatterBot India round 14
ChatterBot Bravo round 14
ChatterBot Tango round 14
ChatterBot Foxtrot round 14
ChatterBot Delta round 14
ChatterBot Victor round 14
ChatterBot Papa round 14
ChatterBot Hotel round 14
ChatterBot Sierra round 14
ChatterBot Uniform round 14
2024-10-14 22:34:29.717855 India: Bravo, sending you 4
2024-10-14 22:34:29.723674 India: Victor and Uniform, sending you 5
2024-10-14 22:34:29.725660 Foxtrot: Tango, Delta, Papa and Hotel, sending you 3
2024-10-14 22:34:29.728415 Tango: Foxtrot, Papa, Hotel and Sierra, sending you 3
2024-10-14 22:34:29.730389 Bravo: India and Victor, sending you 6
2024-10-14 22:34:29.732821 Victor: Same as last round
2024-10-14 22:34:29.733807 Foxtrot: Sierra, sending you 1
2024-10-14 22:34:29.736503 Tango: Delta, sending you 5
2024-10-14 22:34:29.738785 Bravo: Uniform, sending you 7
2024-10-14 22:34:29.739432 Uniform: India and Bravo, sending you 6
2024-10-14 22:34:29.739775 Delta: Tango, sending you 5
2024-10-14 22:34:29.740552 Papa: Tango, Foxtrot, Delta and Hotel, sending you 3
2024-10-14 22:34:29.742082 Sierra: Tango, sending you 3
2024-10-14 22:34:29.744119 Hotel: Tango, Foxtrot, Delta and Papa, sending you 3
2024-10-14 22:34:29.745032 Uniform: Victor, sending you 5
2024-10-14 22:34:29.745401 Delta: Foxtrot, Papa and Hotel, sending you 3
2024-10-14 22:34:29.747378 Papa: Sierra, sending you 2
2024-10-14 22:34:29.748123 Sierra: Foxtrot, sending you 1
2024-10-14 22:34:29.749647 Hotel: Sierra, sending you 6
2024-10-14 22:34:29.751661 Delta: Sierra, sending you 4
2024-10-14 22:34:29.753517 Sierra: Delta, sending you 4
2024-10-14 22:34:29.759668 Sierra: Papa, sending you 2
2024-10-14 22:34:29.764660 Sierra: Hotel, sending you 6
chatterbot Bravo submitting transactions
chatterbot Victor submitting transactions
chatterbot Delta submitting transactions
chatterbot Sierra submitting transactions
chatterbot Uniform submitting transactions
chatterbot India submitting transactions
chatterbot Hotel submitting transactions
chatterbot Tango submitting transactions
chatterbot Papa submitting transactions
chatterbot Foxtrot submitting transactions
ChatterBot India round 15
ChatterBot Bravo round 15
ChatterBot Tango round 15
ChatterBot Foxtrot round 15
ChatterBot Delta round 15
ChatterBot Victor round 15
ChatterBot Papa round 15
ChatterBot Hotel round 15
ChatterBot Sierra round 15
ChatterBot Uniform round 15
2024-10-14 22:34:30.812702 India: Bravo, sending you 4
2024-10-14 22:34:30.817676 India: Victor and Uniform, sending you 5
2024-10-14 22:34:30.818958 Tango: Foxtrot, Papa, Hotel and Sierra, sending you 3
2024-10-14 22:34:30.822412 Hotel: Tango, Foxtrot, Delta and Papa, sending you 3
2024-10-14 22:34:30.825390 Foxtrot: Tango, Delta, Papa and Hotel, sending you 3
2024-10-14 22:34:30.827767 Delta: Tango, sending you 5
2024-10-14 22:34:30.830554 Papa: Tango, Foxtrot, Delta and Hotel, sending you 3
2024-10-14 22:34:30.833232 Bravo: India and Victor, sending you 6
2024-10-14 22:34:30.834173 Tango: Delta, sending you 5
2024-10-14 22:34:30.836932 Hotel: Sierra, sending you 6
2024-10-14 22:34:30.839942 Foxtrot: Sierra, sending you 1
2024-10-14 22:34:30.842766 Delta: Foxtrot, Papa and Hotel, sending you 3
2024-10-14 22:34:30.845445 Papa: Sierra, sending you 2
2024-10-14 22:34:30.847903 Bravo: Uniform, sending you 7
2024-10-14 22:34:30.849183 Victor: Same as last round
2024-10-14 22:34:30.850048 Sierra: Tango, sending you 3
2024-10-14 22:34:30.852790 Uniform: India and Bravo, sending you 6
2024-10-14 22:34:30.854906 Delta: Sierra, sending you 4
2024-10-14 22:34:30.857759 Sierra: Foxtrot, sending you 1
2024-10-14 22:34:30.860619 Uniform: Victor, sending you 5
2024-10-14 22:34:30.862685 Sierra: Delta, sending you 4
2024-10-14 22:34:30.867665 Sierra: Papa, sending you 2
2024-10-14 22:34:30.872661 Sierra: Hotel, sending you 6
chatterbot Foxtrot submitting transactions
chatterbot Bravo submitting transactions
chatterbot India submitting transactions
chatterbot Tango submitting transactions
chatterbot Victor submitting transactions
chatterbot Uniform submitting transactions
chatterbot Delta submitting transactions
chatterbot Papa submitting transactions
chatterbot Sierra submitting transactions
chatterbot Hotel submitting transactions
ChatterBot India round 16
ChatterBot Bravo round 16
ChatterBot Tango round 16
ChatterBot Foxtrot round 16
ChatterBot Delta round 16
ChatterBot Victor round 16
ChatterBot Papa round 16
ChatterBot Hotel round 16
ChatterBot Sierra round 16
ChatterBot Uniform round 16
2024-10-14 22:34:31.959669 Bravo: India and Victor, sending you 6
2024-10-14 22:34:31.962687 Hotel: Tango, Foxtrot, Delta and Papa, sending you 3
2024-10-14 22:34:31.965469 Bravo: Uniform, sending you 7
2024-10-14 22:34:31.967672 Hotel: Sierra, sending you 6
2024-10-14 22:34:31.969572 Foxtrot: Tango, Delta, Papa and Hotel, sending you 3
2024-10-14 22:34:31.971693 Sierra: Tango, sending you 3
2024-10-14 22:34:31.973037 Victor: Same as last round
2024-10-14 22:34:31.974154 Delta: Tango, sending you 5
2024-10-14 22:34:31.975812 Tango: Foxtrot, Papa, Hotel and Sierra, sending you 3
2024-10-14 22:34:31.977828 India: Bravo, sending you 4
2024-10-14 22:34:31.978265 Foxtrot: Sierra, sending you 1
2024-10-14 22:34:31.979444 Sierra: Foxtrot, sending you 1
2024-10-14 22:34:31.981476 Papa: Tango, Foxtrot, Delta and Hotel, sending you 3
2024-10-14 22:34:31.983493 Delta: Foxtrot, Papa and Hotel, sending you 3
2024-10-14 22:34:31.984914 Tango: Delta, sending you 5
2024-10-14 22:34:31.986412 India: Victor and Uniform, sending you 5
2024-10-14 22:34:31.987168 Uniform: India and Bravo, sending you 6
2024-10-14 22:34:31.987728 Sierra: Delta, sending you 4
2024-10-14 22:34:31.989606 Papa: Sierra, sending you 2
2024-10-14 22:34:31.990616 Delta: Sierra, sending you 4
2024-10-14 22:34:31.991635 Sierra: Papa, sending you 2
2024-10-14 22:34:31.992856 Uniform: Victor, sending you 5
2024-10-14 22:34:31.995664 Sierra: Hotel, sending you 6
chatterbot Sierra submitting transactions
chatterbot Foxtrot submitting transactions
chatterbot Delta submitting transactions
chatterbot Papa submitting transactions
chatterbot Hotel submitting transactions
chatterbot Victor submitting transactions
chatterbot India submitting transactions
chatterbot Uniform submitting transactions
chatterbot Bravo submitting transactions
chatterbot Tango submitting transactions
ChatterBot India round 17
ChatterBot Bravo round 17
ChatterBot Tango round 17
ChatterBot Foxtrot round 17
ChatterBot Delta round 17
ChatterBot Victor round 17
ChatterBot Papa round 17
ChatterBot Hotel round 17
ChatterBot Sierra round 17
ChatterBot Uniform round 17
2024-10-14 22:34:33.260989 India: Bravo, sending you 4
2024-10-14 22:34:33.261819 Foxtrot: Tango, Delta, Papa and Hotel, sending you 3
2024-10-14 22:34:33.285381 India: Victor and Uniform, sending you 5
2024-10-14 22:34:33.286764 Foxtrot: Sierra, sending you 1
2024-10-14 22:34:33.290130 Tango: Foxtrot, Papa, Hotel and Sierra, sending you 3
2024-10-14 22:34:33.292772 Victor: Same as last round
2024-10-14 22:34:33.294114 Delta: Tango, sending you 5
2024-10-14 22:34:33.296649 Papa: Tango, Foxtrot, Delta and Hotel, sending you 3
2024-10-14 22:34:33.299172 Sierra: Tango, sending you 3
2024-10-14 22:34:33.302374 Bravo: India and Victor, sending you 6
2024-10-14 22:34:33.303789 Hotel: Tango, Foxtrot, Delta and Papa, sending you 3
2024-10-14 22:34:33.306585 Tango: Delta, sending you 5
2024-10-14 22:34:33.309598 Delta: Foxtrot, Papa and Hotel, sending you 3
2024-10-14 22:34:33.311970 Papa: Sierra, sending you 2
