ChatterBot Tango round 1
ChatterBot Quebec round 1
ChatterBot India round 1
ChatterBot Sierra round 1
ChatterBot Delta round 1
ChatterBot Oscar round 1
ChatterBot Lima round 1
ChatterBot Foxtrot round 1
ChatterBot November round 1
ChatterBot Juliett round 1
randomSelections Sierra: {Sierra, India, Juliett, Lima, Oscar, Quebec} 
2024-10-14 23:33:17.036736 Sierra: We should group up
ChatterBot India reevaluating
ChatterBot Juliett reevaluating
ChatterBot Lima reevaluating
ChatterBot Oscar reevaluating
ChatterBot Quebec reevaluating
2024-10-14 23:33:17.060559 India: Yes
2024-10-14 23:33:17.060697 Juliett: Yes
2024-10-14 23:33:17.060883 Lima: Yes
2024-10-14 23:33:17.061088 Oscar: Yes
2024-10-14 23:33:17.061238 Quebec: Yes
ChatterBot Juliett reevaluating
ChatterBot Lima reevaluating
ChatterBot Oscar reevaluating
ChatterBot Quebec reevaluating
ChatterBot India reevaluating
ChatterBot Lima reevaluating
ChatterBot Oscar reevaluating
ChatterBot Quebec reevaluating
ChatterBot India reevaluating
ChatterBot Juliett reevaluating
ChatterBot Oscar reevaluating
ChatterBot Quebec reevaluating
ChatterBot India reevaluating
ChatterBot Juliett reevaluating
ChatterBot Lima reevaluating
ChatterBot Quebec reevaluating
ChatterBot India reevaluating
ChatterBot Juliett reevaluating
ChatterBot Lima reevaluating
ChatterBot Oscar reevaluating
randomSelections Tango: {Tango, Juliett} 
2024-10-14 23:33:17.216187 Tango: We should group up
ChatterBot Juliett reevaluating
2024-10-14 23:33:17.219144 Juliett: No
randomSelections Delta: {Delta, Sierra, Juliett, Tango, India, November, Lima} 
2024-10-14 23:33:17.229743 Delta: Group up?
ChatterBot Juliett reevaluating
ChatterBot India reevaluating
ChatterBot November reevaluating
ChatterBot Lima reevaluating
2024-10-14 23:33:17.244198 Sierra: No
2024-10-14 23:33:17.244412 Juliett: No
2024-10-14 23:33:17.244581 Tango: No
2024-10-14 23:33:17.245306 India: No
2024-10-14 23:33:17.245668 November: Yes
2024-10-14 23:33:17.245948 Lima: No
ChatterBot Juliett reevaluating
ChatterBot India reevaluating
ChatterBot November reevaluating
ChatterBot Lima reevaluating
ChatterBot India reevaluating
ChatterBot November reevaluating
ChatterBot Lima reevaluating
ChatterBot Juliett reevaluating
ChatterBot India reevaluating
ChatterBot November reevaluating
ChatterBot Lima reevaluating
ChatterBot Juliett reevaluating
ChatterBot November reevaluating
ChatterBot Lima reevaluating
ChatterBot Juliett reevaluating
ChatterBot India reevaluating
ChatterBot Lima reevaluating
ChatterBot Juliett reevaluating
ChatterBot India reevaluating
ChatterBot November reevaluating
randomSelections Foxtrot: {Foxtrot, Quebec, Sierra, Delta, Oscar, Lima, November} 
2024-10-14 23:33:17.321708 Foxtrot: Friends?
ChatterBot Quebec reevaluating
ChatterBot Oscar reevaluating
ChatterBot Lima reevaluating
ChatterBot November reevaluating
2024-10-14 23:33:17.330572 Quebec: No
2024-10-14 23:33:17.331445 Sierra: No
2024-10-14 23:33:17.331746 Delta: No
2024-10-14 23:33:17.332026 Oscar: No
2024-10-14 23:33:17.332241 Lima: No
2024-10-14 23:33:17.332410 November: No
ChatterBot Oscar reevaluating
ChatterBot Lima reevaluating
ChatterBot November reevaluating
ChatterBot Quebec reevaluating
ChatterBot Oscar reevaluating
ChatterBot Lima reevaluating
ChatterBot November reevaluating
ChatterBot Quebec reevaluating
ChatterBot Oscar reevaluating
ChatterBot Lima reevaluating
ChatterBot November reevaluating
ChatterBot Quebec reevaluating
ChatterBot Lima reevaluating
ChatterBot November reevaluating
ChatterBot Quebec reevaluating
ChatterBot Oscar reevaluating
ChatterBot November reevaluating
ChatterBot Quebec reevaluating
ChatterBot Oscar reevaluating
ChatterBot Lima reevaluating
2024-10-14 23:33:17.438758 Tango: Sending you 10
2024-10-14 23:33:17.440164 Sierra: Quebec and India, sending you 1
2024-10-14 23:33:17.443676 Sierra: Oscar and Juliett, sending you 3
2024-10-14 23:33:17.445727 Quebec: India and Juliett, sending you 4
2024-10-14 23:33:17.448904 Sierra: Lima, sending you 2
2024-10-14 23:33:17.450776 Oscar: India and Lima, sending you 1
2024-10-14 23:33:17.451609 Quebec: Sierra and Oscar, sending you 2
2024-10-14 23:33:17.453697 Delta: Tango and November, sending you 2
2024-10-14 23:33:17.456149 India: Quebec and Sierra, sending you 1
2024-10-14 23:33:17.457004 Foxtrot: Quebec, Sierra, Delta and Lima, sending you 1
2024-10-14 23:33:17.458451 Juliett: Quebec, sending you 2
2024-10-14 23:33:17.458924 Oscar: Juliett, sending you 3
2024-10-14 23:33:17.459341 Lima: Quebec, sending you 1
2024-10-14 23:33:17.460684 Quebec: Lima, sending you 1
2024-10-14 23:33:17.461110 India: Oscar, sending you 3
2024-10-14 23:33:17.461442 Delta: India, Sierra, Lima and Juliett, sending you 1
2024-10-14 23:33:17.461903 Juliett: India and Lima, sending you 3
2024-10-14 23:33:17.463368 Foxtrot: Oscar, sending you 2
2024-10-14 23:33:17.469968 Lima: India and Oscar, sending you 2
2024-10-14 23:33:17.470977 India: Lima, sending you 4
2024-10-14 23:33:17.471331 Juliett: Sierra and Oscar, sending you 1
2024-10-14 23:33:17.471668 Foxtrot: November, sending you 5
2024-10-14 23:33:17.477917 Lima: Juliett, sending you 3
2024-10-14 23:33:17.478437 India: Juliett, sending you 2
chatterbot Sierra submitting transactions
chatterbot Juliett submitting transactions
chatterbot Tango submitting transactions
chatterbot Delta submitting transactions
chatterbot Lima submitting transactions
chatterbot Oscar submitting transactions
chatterbot Quebec submitting transactions
chatterbot India submitting transactions
chatterbot November submitting transactions
chatterbot Foxtrot submitting transactions
ChatterBot Tango round 2
ChatterBot Quebec round 2
ChatterBot India round 2
ChatterBot Sierra round 2
ChatterBot Delta round 2
ChatterBot Oscar round 2
ChatterBot Lima round 2
ChatterBot Foxtrot round 2
ChatterBot November round 2
2024-10-14 23:33:18.418260 Tango: We should replace Juliett with Delta
ChatterBot Juliett round 2
2024-10-14 23:33:18.422070 Delta: We would work well together
ChatterBot Foxtrot reevaluating
ChatterBot November reevaluating
2024-10-14 23:33:18.429460 Foxtrot: Yes
2024-10-14 23:33:18.429634 November: Yes
ChatterBot November reevaluating
ChatterBot Foxtrot reevaluating
2024-10-14 23:33:18.442624 November: We should group up
ChatterBot Foxtrot reevaluating
2024-10-14 23:33:18.449639 Delta: Yes
2024-10-14 23:33:18.449813 Foxtrot: Yes
ChatterBot Foxtrot reevaluating
ChatterBot November reevaluating
ChatterBot November reevaluating
2024-10-14 23:33:18.476265 Juliett: We should add Tango
2024-10-14 23:33:18.489791 Sierra: No
2024-10-14 23:33:18.489971 India: No
2024-10-14 23:33:18.490092 Lima: No
2024-10-14 23:33:18.490212 Oscar: No
2024-10-14 23:33:18.490313 Quebec: No
2024-10-14 23:33:18.580861 Tango: Delta we want you to join our group
2024-10-14 23:33:18.586673 Delta: No
ChatterBot Tango reevaluating
2024-10-14 23:33:18.593660 Tango: Can we be friends?
ChatterBot Delta reevaluating
ChatterBot Foxtrot reevaluating
ChatterBot November reevaluating
2024-10-14 23:33:18.614744 Delta: Yes
2024-10-14 23:33:18.615031 Foxtrot: No
2024-10-14 23:33:18.615229 November: No
ChatterBot Tango reevaluating
ChatterBot Foxtrot reevaluating
ChatterBot November reevaluating
ChatterBot Tango reevaluating
ChatterBot Delta reevaluating
ChatterBot November reevaluating
ChatterBot Tango reevaluating
ChatterBot Delta reevaluating
ChatterBot Foxtrot reevaluating
2024-10-14 23:33:18.683416 Juliett: Tango we want you to join our group
ChatterBot Tango reevaluating
2024-10-14 23:33:18.691188 Tango: No
2024-10-14 23:33:18.728933 Quebec: India, Sierra, Lima and Juliett, sending you 3
2024-10-14 23:33:18.729889 India: Quebec, sending you 3
2024-10-14 23:33:18.754842 Sierra: Quebec, sending you 4
2024-10-14 23:33:18.755363 Oscar: Quebec and Lima, sending you 2
2024-10-14 23:33:18.756268 Quebec: Oscar, sending you 1
2024-10-14 23:33:18.756788 India: Sierra, Oscar, Lima and Juliett, sending you 2
2024-10-14 23:33:18.757671 Lima: Quebec and Sierra, sending you 2
2024-10-14 23:33:18.815373 Sierra: India and Juliett, sending you 2
2024-10-14 23:33:18.815922 Oscar: India and Sierra, sending you 3
2024-10-14 23:33:18.816944 Lima: India and Juliett, sending you 3
2024-10-14 23:33:18.817561 Juliett: Tango, Quebec, Sierra, Oscar and Lima, sending you 2
2024-10-14 23:33:18.818575 November: Delta, sending you 2
2024-10-14 23:33:18.818928 Foxtrot: Tango and November, sending you 4
chatterbot Lima submitting transactions
2024-10-14 23:33:18.901098 Sierra: Oscar and Lima, sending you 1
2024-10-14 23:33:18.901928 Oscar: Juliett, sending you 1
2024-10-14 23:33:18.902263 Lima: Oscar, sending you 1
2024-10-14 23:33:18.902573 November: Foxtrot, sending you 4
2024-10-14 23:33:18.902863 Foxtrot: Delta, sending you 3
chatterbot Quebec submitting transactions
chatterbot India submitting transactions
chatterbot Juliett submitting transactions
chatterbot Sierra submitting transactions
chatterbot Tango submitting transactions
chatterbot November submitting transactions
chatterbot Foxtrot submitting transactions
chatterbot Oscar submitting transactions
chatterbot Delta submitting transactions
ChatterBot Tango round 3
ChatterBot Quebec round 3
ChatterBot India round 3
ChatterBot Sierra round 3
ChatterBot Delta round 3
ChatterBot Oscar round 3
ChatterBot Lima round 3
ChatterBot Foxtrot round 3
ChatterBot November round 3
ChatterBot Juliett round 3
2024-10-14 23:33:20.150054 November: We should add Tango
2024-10-14 23:33:20.160292 Delta: No
2024-10-14 23:33:20.160952 Foxtrot: Yes
2024-10-14 23:33:20.187489 Juliett: We should replace Tango with Delta
2024-10-14 23:33:20.212670 Sierra: No
2024-10-14 23:33:20.212994 India: No
2024-10-14 23:33:20.213221 Lima: No
2024-10-14 23:33:20.213407 Oscar: No
2024-10-14 23:33:20.214083 Quebec: No
ChatterBot Juliett reevaluating
2024-10-14 23:33:20.344384 November: Tango we want you to join our group
2024-10-14 23:33:20.349768 Tango: Yes
ChatterBot Delta reevaluating
2024-10-14 23:33:20.366391 India: Quebec, sending you 3
2024-10-14 23:33:20.382611 Quebec: India, Sierra, Lima and Juliett, sending you 3
2024-10-14 23:33:20.383729 Foxtrot: Tango, sending you 3
2024-10-14 23:33:20.384046 Oscar: Quebec, sending you 1
2024-10-14 23:33:20.385006 Tango: Delta, sending you 4
2024-10-14 23:33:20.385296 India: Sierra, Oscar, Lima and Juliett, sending you 2
2024-10-14 23:33:20.385704 Lima: Quebec, Sierra, Oscar and Juliett, sending you 2
2024-10-14 23:33:20.386507 Sierra: Sending you each 2
2024-10-14 23:33:20.415608 Quebec: Oscar, sending you 1
2024-10-14 23:33:20.416063 Foxtrot: November, sending you 8
2024-10-14 23:33:20.416738 Oscar: India, Sierra and Juliett, sending you 3
2024-10-14 23:33:20.417086 Tango: Foxtrot, sending you 8
2024-10-14 23:33:20.417303 Lima: India, sending you 3
2024-10-14 23:33:20.417610 November: Delta, sending you 1
2024-10-14 23:33:20.438939 Tango: November, sending you 1
2024-10-14 23:33:20.439296 Oscar: Lima, sending you 2
2024-10-14 23:33:20.439707 November: Foxtrot, sending you 5
2024-10-14 23:33:20.440567 Juliett: Tango, Quebec, India and Sierra, sending you 2
2024-10-14 23:33:20.440859 Delta: Foxtrot, sending you 5
2024-10-14 23:33:20.465382 Juliett: Oscar, sending you 1
2024-10-14 23:33:20.466220 Delta: November, sending you 3
2024-10-14 23:33:20.524664 Juliett: Lima, sending you 3
chatterbot Oscar submitting transactions
chatterbot Quebec submitting transactions
chatterbot Juliett submitting transactions
chatterbot Tango submitting transactions
chatterbot India submitting transactions
chatterbot November submitting transactions
chatterbot Delta submitting transactions
chatterbot Lima submitting transactions
chatterbot Foxtrot submitting transactions
chatterbot Sierra submitting transactions
ChatterBot Tango round 4
ChatterBot Quebec round 4
ChatterBot India round 4
ChatterBot Sierra round 4
ChatterBot Delta round 4
ChatterBot Oscar round 4
ChatterBot Lima round 4
ChatterBot Foxtrot round 4
ChatterBot November round 4
ChatterBot Juliett round 4
2024-10-14 23:33:21.395473 Tango: We should drop November
ChatterBot Foxtrot reevaluating
2024-10-14 23:33:21.406410 Delta: No
2024-10-14 23:33:21.406655 Foxtrot: No
ChatterBot Tango reevaluating
ChatterBot Foxtrot reevaluating
ChatterBot Tango reevaluating
2024-10-14 23:33:21.446915 November: We should add Lima
ChatterBot Tango reevaluating
ChatterBot Foxtrot reevaluating
2024-10-14 23:33:21.463878 Tango: No
2024-10-14 23:33:21.464084 Delta: No
2024-10-14 23:33:21.464255 Foxtrot: No
ChatterBot Foxtrot reevaluating
ChatterBot November reevaluating
ChatterBot Tango reevaluating
ChatterBot Foxtrot reevaluating
ChatterBot November reevaluating
ChatterBot Tango reevaluating
ChatterBot Delta reevaluating
ChatterBot November reevaluating
2024-10-14 23:33:21.511395 November: We should add Juliett
ChatterBot Tango reevaluating
ChatterBot Delta reevaluating
2024-10-14 23:33:21.522211 Tango: No
2024-10-14 23:33:21.522824 Delta: No
2024-10-14 23:33:21.522991 Foxtrot: No
ChatterBot Delta reevaluating
ChatterBot November reevaluating
ChatterBot Tango reevaluating
ChatterBot November reevaluating
ChatterBot Tango reevaluating
ChatterBot Delta reevaluating
ChatterBot November reevaluating
2024-10-14 23:33:21.563705 Sierra: Same as last round
2024-10-14 23:33:21.564377 India: Quebec, sending you 3
2024-10-14 23:33:21.565659 Juliett: We should drop Tango
2024-10-14 23:33:21.665766 Sierra: Yes
2024-10-14 23:33:21.666005 India: Yes
2024-10-14 23:33:21.666162 Lima: Yes
2024-10-14 23:33:21.666401 Oscar: Yes
2024-10-14 23:33:21.666573 Quebec: Yes
ChatterBot Juliett reevaluating
ChatterBot Juliett reevaluating
ChatterBot Juliett reevaluating
ChatterBot Juliett reevaluating
ChatterBot Juliett reevaluating
2024-10-14 23:33:21.799261 India: Sierra, Oscar, Lima and Juliett, sending you 2
2024-10-14 23:33:21.800936 Oscar: Quebec and Juliett, sending you 2
2024-10-14 23:33:21.801859 Lima: Quebec, India, Sierra and Oscar, sending you 2
2024-10-14 23:33:21.803247 Quebec: India, Sierra, Lima and Juliett, sending you 3
2024-10-14 23:33:21.804634 Foxtrot: Tango and November, sending you 4
2024-10-14 23:33:21.805940 Oscar: India, Sierra and Lima, sending you 3
2024-10-14 23:33:21.806931 Lima: Juliett, sending you 3
2024-10-14 23:33:21.808481 Quebec: Oscar, sending you 1
2024-10-14 23:33:21.809807 Foxtrot: Delta, sending you 3
2024-10-14 23:33:21.811860 Delta: Tango, sending you 4
2024-10-14 23:33:21.817677 Delta: Foxtrot and November, sending you 2
2024-10-14 23:33:21.822203 Tango: Delta, sending you 3
2024-10-14 23:33:21.827031 Tango: Foxtrot, sending you 10
2024-10-14 23:33:21.828957 Juliett: Quebec and India, sending you 2
2024-10-14 23:33:21.832672 Tango: November, sending you 1
2024-10-14 23:33:21.834677 Juliett: Sierra, Oscar and Lima, sending you 3
chatterbot Foxtrot submitting transactions
chatterbot Quebec submitting transactions
chatterbot India submitting transactions
chatterbot Lima submitting transactions
chatterbot Delta submitting transactions
chatterbot Oscar submitting transactions
chatterbot November submitting transactions
chatterbot Tango submitting transactions
chatterbot Sierra submitting transactions
chatterbot Juliett submitting transactions
ChatterBot Tango round 5
ChatterBot Quebec round 5
ChatterBot India round 5
ChatterBot Sierra round 5
ChatterBot Delta round 5
ChatterBot Oscar round 5
ChatterBot Lima round 5
ChatterBot Foxtrot round 5
ChatterBot November round 5
ChatterBot Juliett round 5
2024-10-14 23:33:22.716659 November: We should add Sierra
2024-10-14 23:33:22.731398 Tango: No
2024-10-14 23:33:22.731828 Delta: No
2024-10-14 23:33:22.732101 Foxtrot: No
ChatterBot November reevaluating
ChatterBot Tango reevaluating
ChatterBot November reevaluating
ChatterBot Tango reevaluating
ChatterBot November reevaluating
2024-10-14 23:33:22.784643 Juliett: We should add Delta
2024-10-14 23:33:22.808324 Sierra: No
2024-10-14 23:33:22.808586 India: No
2024-10-14 23:33:22.809294 Lima: No
2024-10-14 23:33:22.809556 Oscar: No
2024-10-14 23:33:22.809998 Quebec: No
ChatterBot Juliett reevaluating
ChatterBot Juliett reevaluating
ChatterBot Juliett reevaluating
ChatterBot Juliett reevaluating
ChatterBot Juliett reevaluating
2024-10-14 23:33:22.927369 November: We should add Oscar
ChatterBot Tango reevaluating
2024-10-14 23:33:22.937870 Tango: No
2024-10-14 23:33:22.938024 Delta: No
2024-10-14 23:33:22.938146 Foxtrot: No
ChatterBot November reevaluating
ChatterBot Tango reevaluating
ChatterBot November reevaluating
ChatterBot Tango reevaluating
ChatterBot November reevaluating
2024-10-14 23:33:22.970154 Juliett: We should add November
2024-10-14 23:33:22.983013 Sierra: No
2024-10-14 23:33:22.983188 India: No
2024-10-14 23:33:22.983306 Lima: No
2024-10-14 23:33:22.983430 Oscar: No
2024-10-14 23:33:22.983579 Quebec: No
ChatterBot Juliett reevaluating
ChatterBot Juliett reevaluating
ChatterBot Juliett reevaluating
ChatterBot Juliett reevaluating
ChatterBot Juliett reevaluating
2024-10-14 23:33:23.052721 Oscar: Quebec, sending you 1
2024-10-14 23:33:23.054276 Foxtrot: Tango and November, sending you 4
2024-10-14 23:33:23.055506 Sierra: Same as last round
2024-10-14 23:33:23.056776 Delta: Tango and Foxtrot, sending you 3
2024-10-14 23:33:23.057249 Lima: Quebec, India, Sierra and Oscar, sending you 2
2024-10-14 23:33:23.058690 India: Quebec, sending you 3
2024-10-14 23:33:23.059390 Oscar: India, Sierra, Lima and Juliett, sending you 3
2024-10-14 23:33:23.060588 Foxtrot: Delta, sending you 3
2024-10-14 23:33:23.061147 Delta: November, sending you 2
2024-10-14 23:33:23.062203 Lima: Juliett, sending you 3
2024-10-14 23:33:23.062875 India: Sierra, Oscar, Lima and Juliett, sending you 2
2024-10-14 23:33:23.082705 Juliett: Quebec and India, sending you 2
2024-10-14 23:33:23.089089 Juliett: Sierra, Oscar and Lima, sending you 3
chatterbot November submitting transactions
chatterbot India submitting transactions
chatterbot Lima submitting transactions
chatterbot Foxtrot submitting transactions
chatterbot Oscar submitting transactions
chatterbot Juliett submitting transactions
chatterbot Quebec submitting transactions
chatterbot Delta submitting transactions
chatterbot Sierra submitting transactions
chatterbot Tango submitting transactions
ChatterBot Tango round 6
ChatterBot Quebec round 6
ChatterBot India round 6
ChatterBot Sierra round 6
ChatterBot Delta round 6
ChatterBot Oscar round 6
ChatterBot Lima round 6
ChatterBot Foxtrot round 6
ChatterBot November round 6
ChatterBot Juliett round 6
2024-10-14 23:33:24.250285 Lima: We should add Delta
ChatterBot Sierra reevaluating
ChatterBot Juliett reevaluating
2024-10-14 23:33:24.266130 Sierra: Yes
2024-10-14 23:33:24.266359 India: No
2024-10-14 23:33:24.266505 Juliett: Yes
2024-10-14 23:33:24.267254 Oscar: No
2024-10-14 23:33:24.267431 Quebec: No
ChatterBot Juliett reevaluating
ChatterBot Lima reevaluating
ChatterBot Sierra reevaluating
ChatterBot Juliett reevaluating
ChatterBot Lima reevaluating
ChatterBot Sierra reevaluating
ChatterBot Lima reevaluating
ChatterBot Sierra reevaluating
ChatterBot Juliett reevaluating
ChatterBot Lima reevaluating
ChatterBot Sierra reevaluating
ChatterBot Juliett reevaluating
ChatterBot Lima reevaluating
2024-10-14 23:33:24.388965 Foxtrot: We should add India
ChatterBot Tango reevaluating
ChatterBot November reevaluating
2024-10-14 23:33:24.410123 Tango: No
2024-10-14 23:33:24.410366 Delta: No
2024-10-14 23:33:24.410595 November: Yes
ChatterBot Delta reevaluating
ChatterBot Foxtrot reevaluating
ChatterBot November reevaluating
ChatterBot Tango reevaluating
ChatterBot Foxtrot reevaluating
ChatterBot November reevaluating
ChatterBot Tango reevaluating
ChatterBot Delta reevaluating
ChatterBot Foxtrot reevaluating
2024-10-14 23:33:24.482312 Sierra: Delta we want you to join our group
ChatterBot Delta reevaluating
2024-10-14 23:33:24.487674 Delta: No
ChatterBot Sierra reevaluating
ChatterBot Lima reevaluating
2024-10-14 23:33:24.528244 India: Quebec, Sierra, Lima and Juliett, sending you 2
2024-10-14 23:33:24.528980 Quebec: India, Sierra, Lima and Juliett, sending you 3
2024-10-14 23:33:24.530258 Oscar: Quebec, sending you 1
2024-10-14 23:33:24.531020 Lima: Delta we want you to join our group
2024-10-14 23:33:24.535718 Delta: No
ChatterBot Sierra reevaluating
ChatterBot Lima reevaluating
2024-10-14 23:33:24.574706 Foxtrot: India we want you to join our group
2024-10-14 23:33:24.582757 India: No
ChatterBot November reevaluating
ChatterBot Tango reevaluating
ChatterBot Foxtrot reevaluating
2024-10-14 23:33:24.603175 November: We should add Sierra
ChatterBot Tango reevaluating
ChatterBot Foxtrot reevaluating
2024-10-14 23:33:24.617071 Tango: No
2024-10-14 23:33:24.618234 Delta: No
2024-10-14 23:33:24.618431 Foxtrot: No
ChatterBot Delta reevaluating
ChatterBot Foxtrot reevaluating
ChatterBot November reevaluating
ChatterBot Tango reevaluating
ChatterBot Foxtrot reevaluating
ChatterBot November reevaluating
ChatterBot Tango reevaluating
ChatterBot Delta reevaluating
ChatterBot November reevaluating
2024-10-14 23:33:24.662973 Juliett: Delta we want you to join our group
ChatterBot Delta reevaluating
2024-10-14 23:33:24.667415 Delta: No
ChatterBot Sierra reevaluating
ChatterBot Lima reevaluating
2024-10-14 23:33:24.688008 India: Oscar, sending you 3
2024-10-14 23:33:24.688729 Quebec: Oscar, sending you 1
2024-10-14 23:33:24.689990 Oscar: India, Sierra, Lima and Juliett, sending you 3
2024-10-14 23:33:24.691797 November: We should add Juliett
ChatterBot Tango reevaluating
ChatterBot Delta reevaluating
ChatterBot Foxtrot reevaluating
2024-10-14 23:33:24.703156 Tango: No
2024-10-14 23:33:24.703878 Delta: No
2024-10-14 23:33:24.704064 Foxtrot: No
ChatterBot Delta reevaluating
ChatterBot Foxtrot reevaluating
ChatterBot November reevaluating
ChatterBot Tango reevaluating
ChatterBot Foxtrot reevaluating
ChatterBot November reevaluating
ChatterBot Tango reevaluating
ChatterBot Delta reevaluating
ChatterBot November reevaluating
2024-10-14 23:33:24.779672 Juliett: Quebec, sending you 2
2024-10-14 23:33:24.781680 Lima: Quebec, India, Sierra, Oscar and Juliett, sending you 2
chatterbot Quebec submitting transactions
2024-10-14 23:33:24.783083 Juliett: India, Sierra, Oscar and Lima, sending you 3
2024-10-14 23:33:24.784747 Sierra: Quebec, India, Oscar, Lima and Juliett, sending you 2
2024-10-14 23:33:24.785281 Lima: Delta, sending you 1
2024-10-14 23:33:24.789720 Delta: Sending you each 4
2024-10-14 23:33:24.791084 Tango: Delta, sending you 5
2024-10-14 23:33:24.795655 Tango: Foxtrot, sending you 7
2024-10-14 23:33:24.799671 Tango: November, sending you 2
chatterbot Oscar submitting transactions
chatterbot India submitting transactions
chatterbot Lima submitting transactions
chatterbot Delta submitting transactions
chatterbot Foxtrot submitting transactions
chatterbot Juliett submitting transactions
chatterbot Tango submitting transactions
chatterbot Sierra submitting transactions
chatterbot November submitting transactions
ChatterBot Tango round 7
ChatterBot Quebec round 7
ChatterBot India round 7
ChatterBot Sierra round 7
ChatterBot Delta round 7
ChatterBot Oscar round 7
ChatterBot Lima round 7
ChatterBot Foxtrot round 7
ChatterBot November round 7
ChatterBot Juliett round 7
2024-10-14 23:33:25.903693 November: We should add Sierra
ChatterBot Foxtrot reevaluating
2024-10-14 23:33:25.914158 Tango: No
2024-10-14 23:33:25.915022 Delta: No
2024-10-14 23:33:25.915196 Foxtrot: No
ChatterBot Foxtrot reevaluating
ChatterBot November reevaluating
ChatterBot Foxtrot reevaluating
ChatterBot November reevaluating
ChatterBot November reevaluating
2024-10-14 23:33:25.975128 Lima: We should drop Delta
ChatterBot Sierra reevaluating
2024-10-14 23:33:26.002038 Sierra: Yes
2024-10-14 23:33:26.002304 India: Yes
2024-10-14 23:33:26.002562 Juliett: No
2024-10-14 23:33:26.002819 Oscar: Yes
2024-10-14 23:33:26.003500 Quebec: Yes
ChatterBot Juliett reevaluating
ChatterBot Sierra reevaluating
ChatterBot Juliett reevaluating
ChatterBot Sierra reevaluating
ChatterBot Sierra reevaluating
ChatterBot Juliett reevaluating
ChatterBot Lima reevaluating
ChatterBot Sierra reevaluating
ChatterBot Juliett reevaluating
ChatterBot Lima reevaluating
2024-10-14 23:33:26.090622 Quebec: I was attacked by November
ChatterBot Sierra reevaluating
ChatterBot India reevaluating
ChatterBot Juliett reevaluating
ChatterBot Lima reevaluating
ChatterBot Oscar reevaluating
2024-10-14 23:33:26.117842 Quebec: Ow
2024-10-14 23:33:26.123906 Tango: Delta and Foxtrot, sending you 6
2024-10-14 23:33:26.124708 Delta: Tango, sending you 4
2024-10-14 23:33:26.127364 Tango: November, sending you 2
2024-10-14 23:33:26.128943 Delta: Foxtrot and November, sending you 2
2024-10-14 23:33:26.134657 Foxtrot: Tango and November, sending you 4
2024-10-14 23:33:26.138670 Foxtrot: Delta, sending you 3
2024-10-14 23:33:26.140022 India: Quebec, Sierra, Lima and Juliett, sending you 2
2024-10-14 23:33:26.142050 Sierra: Same as last round
2024-10-14 23:33:26.144679 India: Oscar, sending you 3
2024-10-14 23:33:26.146282 November: Foxtrot, sending you 2
2024-10-14 23:33:26.146853 Lima: Quebec, India, Sierra and Oscar, sending you 2
2024-10-14 23:33:26.147666 Oscar: Quebec, sending you 1
2024-10-14 23:33:26.149672 Lima: Juliett, sending you 3
2024-10-14 23:33:26.151671 Juliett: Sending you each 3
2024-10-14 23:33:26.153186 Oscar: India, Sierra, Lima and Juliett, sending you 3
chatterbot Tango submitting transactions
chatterbot Oscar submitting transactions
chatterbot Sierra submitting transactions
chatterbot Foxtrot submitting transactions
chatterbot India submitting transactions
chatterbot Juliett submitting transactions
chatterbot Delta submitting transactions
chatterbot Quebec submitting transactions
chatterbot November submitting transactions
chatterbot Lima submitting transactions
ChatterBot Tango round 8
ChatterBot Quebec round 8
ChatterBot India round 8
ChatterBot Sierra round 8
ChatterBot Delta round 8
ChatterBot Oscar round 8
ChatterBot Lima round 8
ChatterBot Foxtrot round 8
ChatterBot November round 8
ChatterBot Juliett round 8
2024-10-14 23:33:27.060775 November: We should replace India with Lima
ChatterBot Tango reevaluating
ChatterBot Delta reevaluating
2024-10-14 23:33:27.074224 Tango: No
2024-10-14 23:33:27.074429 Delta: No
2024-10-14 23:33:27.074600 Foxtrot: No
ChatterBot Delta reevaluating
ChatterBot November reevaluating
ChatterBot Tango reevaluating
ChatterBot November reevaluating
ChatterBot Tango reevaluating
ChatterBot Delta reevaluating
ChatterBot November reevaluating
2024-10-14 23:33:27.108437 November: We should replace India with Oscar
ChatterBot Tango reevaluating
ChatterBot Delta reevaluating
ChatterBot Foxtrot reevaluating
2024-10-14 23:33:27.116870 Tango: No
2024-10-14 23:33:27.116998 Delta: No
2024-10-14 23:33:27.117107 Foxtrot: No
ChatterBot Delta reevaluating
ChatterBot Foxtrot reevaluating
ChatterBot November reevaluating
ChatterBot Tango reevaluating
ChatterBot Foxtrot reevaluating
ChatterBot November reevaluating
ChatterBot Tango reevaluating
ChatterBot Delta reevaluating
ChatterBot November reevaluating
2024-10-14 23:33:27.143057 Quebec: I was attacked by November
ChatterBot Sierra reevaluating
ChatterBot India reevaluating
ChatterBot Juliett reevaluating
ChatterBot Lima reevaluating
ChatterBot Oscar reevaluating
2024-10-14 23:33:27.157924 Quebec: I'm keeping this round to protect myself
2024-10-14 23:33:27.158897 Quebec: Ow
2024-10-14 23:33:27.175679 Foxtrot: Tango and November, sending you 4
2024-10-14 23:33:27.177697 Delta: Tango and Foxtrot, sending you 1
2024-10-14 23:33:27.179671 Foxtrot: Delta, sending you 3
2024-10-14 23:33:27.182653 India: Quebec, Sierra, Lima and Juliett, sending you 2
2024-10-14 23:33:27.184661 Lima: Quebec, India, Sierra and Oscar, sending you 2
2024-10-14 23:33:27.186066 Juliett: Quebec, sending you 2
2024-10-14 23:33:27.186808 Oscar: India, Sierra, Lima and Juliett, sending you 3
2024-10-14 23:33:27.187673 India: Oscar, sending you 3
2024-10-14 23:33:27.190658 Lima: Juliett, sending you 3
2024-10-14 23:33:27.192092 Juliett: India, Sierra, Oscar and Lima, sending you 3
chatterbot Delta submitting transactions
chatterbot Tango submitting transactions
chatterbot Oscar submitting transactions
chatterbot Foxtrot submitting transactions
chatterbot Quebec submitting transactions
chatterbot Lima submitting transactions
chatterbot Sierra submitting transactions
chatterbot November submitting transactions
chatterbot Juliett submitting transactions
chatterbot India submitting transactions
ChatterBot Tango round 9
ChatterBot Quebec round 9
ChatterBot India round 9
ChatterBot Sierra round 9
ChatterBot Delta round 9
ChatterBot Oscar round 9
ChatterBot Lima round 9
ChatterBot Foxtrot round 9
ChatterBot November round 9
ChatterBot Juliett round 9
2024-10-14 23:33:28.394500 Lima: We should add Delta
ChatterBot Sierra reevaluating
ChatterBot Juliett reevaluating
2024-10-14 23:33:28.425291 Sierra: No
2024-10-14 23:33:28.425512 India: No
2024-10-14 23:33:28.425681 Juliett: No
2024-10-14 23:33:28.426514 Oscar: No
2024-10-14 23:33:28.426663 Quebec: No
ChatterBot Juliett reevaluating
ChatterBot Lima reevaluating
ChatterBot Sierra reevaluating
ChatterBot Juliett reevaluating
ChatterBot Lima reevaluating
ChatterBot Sierra reevaluating
ChatterBot Lima reevaluating
ChatterBot Sierra reevaluating
ChatterBot Juliett reevaluating
ChatterBot Lima reevaluating
ChatterBot Sierra reevaluating
ChatterBot Juliett reevaluating
ChatterBot Lima reevaluating
2024-10-14 23:33:28.592049 November: We should replace India with Lima
ChatterBot Tango reevaluating
ChatterBot Foxtrot reevaluating
2024-10-14 23:33:28.609479 Tango: No
2024-10-14 23:33:28.610445 Delta: No
2024-10-14 23:33:28.610668 Foxtrot: No
ChatterBot Delta reevaluating
ChatterBot Foxtrot reevaluating
ChatterBot November reevaluating
ChatterBot Tango reevaluating
ChatterBot Foxtrot reevaluating
ChatterBot November reevaluating
ChatterBot Tango reevaluating
ChatterBot Delta reevaluating
ChatterBot November reevaluating
2024-10-14 23:33:28.665337 Juliett: We should add Foxtrot
ChatterBot Sierra reevaluating
ChatterBot Lima reevaluating
2024-10-14 23:33:28.686986 Sierra: No
2024-10-14 23:33:28.687243 India: No
2024-10-14 23:33:28.687466 Lima: No
2024-10-14 23:33:28.687650 Oscar: No
2024-10-14 23:33:28.687820 Quebec: No
ChatterBot Juliett reevaluating
ChatterBot Lima reevaluating
ChatterBot Sierra reevaluating
ChatterBot Juliett reevaluating
ChatterBot Lima reevaluating
ChatterBot Sierra reevaluating
ChatterBot Juliett reevaluating
ChatterBot Sierra reevaluating
ChatterBot Juliett reevaluating
ChatterBot Lima reevaluating
ChatterBot Sierra reevaluating
ChatterBot Juliett reevaluating
ChatterBot Lima reevaluating
2024-10-14 23:33:28.785664 Oscar: India, Lima and Juliett, sending you 3
2024-10-14 23:33:28.786875 India: Quebec, Sierra, Lima and Juliett, sending you 2
2024-10-14 23:33:28.787685 Quebec: I was attacked by Delta and November
ChatterBot Sierra reevaluating
ChatterBot India reevaluating
ChatterBot Juliett reevaluating
ChatterBot Lima reevaluating
ChatterBot Oscar reevaluating
2024-10-14 23:33:28.806722 Quebec: Ow
2024-10-14 23:33:28.808133 November: Lima we want you to join our group
ChatterBot Lima reevaluating
2024-10-14 23:33:28.812351 Lima: No
ChatterBot November reevaluating
ChatterBot Tango reevaluating
ChatterBot Delta reevaluating
ChatterBot Foxtrot reevaluating
2024-10-14 23:33:28.825900 Juliett: Delta we want you to join our group
ChatterBot Delta reevaluating
2024-10-14 23:33:28.830053 Delta: No
ChatterBot Sierra reevaluating
ChatterBot India reevaluating
ChatterBot Oscar reevaluating
ChatterBot Lima reevaluating
ChatterBot Juliett reevaluating
2024-10-14 23:33:28.856662 Juliett: We should add November
ChatterBot Sierra reevaluating
ChatterBot India reevaluating
ChatterBot Lima reevaluating
ChatterBot Oscar reevaluating
2024-10-14 23:33:28.876343 Sierra: No
2024-10-14 23:33:28.876511 India: No
2024-10-14 23:33:28.876637 Lima: No
2024-10-14 23:33:28.876782 Oscar: No
2024-10-14 23:33:28.876901 Quebec: No
ChatterBot India reevaluating
ChatterBot Juliett reevaluating
ChatterBot Lima reevaluating
ChatterBot Oscar reevaluating
ChatterBot Sierra reevaluating
ChatterBot Juliett reevaluating
ChatterBot Lima reevaluating
ChatterBot Oscar reevaluating
ChatterBot Sierra reevaluating
ChatterBot India reevaluating
ChatterBot Juliett reevaluating
ChatterBot Oscar reevaluating
ChatterBot Sierra reevaluating
ChatterBot India reevaluating
ChatterBot Juliett reevaluating
ChatterBot Lima reevaluating
ChatterBot Sierra reevaluating
ChatterBot India reevaluating
ChatterBot Juliett reevaluating
ChatterBot Lima reevaluating
ChatterBot Oscar reevaluating
chatterbot Oscar submitting transactions
chatterbot India submitting transactions
2024-10-14 23:33:28.991292 Foxtrot: Tango, sending you 4
2024-10-14 23:33:28.996695 Foxtrot: Delta and November, sending you 3
2024-10-14 23:33:28.998688 Delta: Tango, sending you 3
2024-10-14 23:33:29.001673 Lima: Quebec, India, Sierra and Oscar, sending you 2
2024-10-14 23:33:29.002690 Foxtrot: Juliett, sending you 1
2024-10-14 23:33:29.003800 Delta: Foxtrot, sending you 4
2024-10-14 23:33:29.005678 Lima: Juliett, sending you 3
2024-10-14 23:33:29.007506 November: Tango and Delta, sending you 1
2024-10-14 23:33:29.008704 Juliett: Quebec and Sierra, sending you 2
2024-10-14 23:33:29.010636 Delta: November, sending you 1
2024-10-14 23:33:29.011515 Sierra: Sending you each 2
2024-10-14 23:33:29.014008 November: Foxtrot, sending you 4
2024-10-14 23:33:29.014466 Juliett: India, Oscar and Lima, sending you 3
chatterbot Quebec submitting transactions
chatterbot Delta submitting transactions
chatterbot Sierra submitting transactions
chatterbot Juliett submitting transactions
chatterbot Foxtrot submitting transactions
chatterbot Oscar submitting transactions
chatterbot November submitting transactions
chatterbot India submitting transactions
chatterbot Tango submitting transactions
chatterbot Lima submitting transactions
ChatterBot Tango round 10
ChatterBot Quebec round 10
ChatterBot India round 10
ChatterBot Sierra round 10
ChatterBot Delta round 10
ChatterBot Oscar round 10
ChatterBot Lima round 10
ChatterBot Foxtrot round 10
ChatterBot November round 10
ChatterBot Juliett round 10
2024-10-14 23:33:30.084711 November: We should replace Lima with Oscar
ChatterBot Delta reevaluating
2024-10-14 23:33:30.101024 Tango: No
2024-10-14 23:33:30.101257 Delta: No
2024-10-14 23:33:30.101496 Foxtrot: No
ChatterBot Delta reevaluating
ChatterBot Foxtrot reevaluating
ChatterBot November reevaluating
ChatterBot Foxtrot reevaluating
ChatterBot November reevaluating
ChatterBot Delta reevaluating
ChatterBot November reevaluating
2024-10-14 23:33:30.144586 Oscar: We should drop Quebec
ChatterBot India reevaluating
ChatterBot Lima reevaluating
2024-10-14 23:33:30.165888 Sierra: No
2024-10-14 23:33:30.166597 India: Yes
2024-10-14 23:33:30.166762 Lima: No
2024-10-14 23:33:30.166917 Juliett: No
ChatterBot Oscar reevaluating
ChatterBot India reevaluating
ChatterBot Lima reevaluating
ChatterBot Juliett reevaluating
ChatterBot Oscar reevaluating
ChatterBot Lima reevaluating
ChatterBot Juliett reevaluating
ChatterBot Oscar reevaluating
ChatterBot India reevaluating
ChatterBot Juliett reevaluating
ChatterBot Oscar reevaluating
ChatterBot India reevaluating
ChatterBot Lima reevaluating
2024-10-14 23:33:30.259822 Tango: I was attacked by Quebec
ChatterBot Delta reevaluating
ChatterBot Foxtrot reevaluating
ChatterBot November reevaluating
2024-10-14 23:33:30.275756 Tango: I'm keeping this round to protect myself
2024-10-14 23:33:30.277473 Tango: Ow
2024-10-14 23:33:30.280670 Sierra: Same as last round
2024-10-14 23:33:30.288660 Juliett: Quebec, sending you 1
2024-10-14 23:33:30.290832 Lima: India, Oscar and Juliett, sending you 3
2024-10-14 23:33:30.291685 Juliett: India, Sierra, Oscar and Lima, sending you 3
2024-10-14 23:33:30.293681 Lima: Sierra, sending you 2
2024-10-14 23:33:30.294727 Oscar: India, Lima and Juliett, sending you 3
2024-10-14 23:33:30.297665 India: Quebec, Sierra, Lima and Juliett, sending you 2
2024-10-14 23:33:30.299660 Oscar: Sierra, sending you 2
2024-10-14 23:33:30.301684 November: Tango and Delta, sending you 1
2024-10-14 23:33:30.303664 India: Oscar, sending you 3
2024-10-14 23:33:30.304433 Delta: Tango, sending you 2
2024-10-14 23:33:30.305670 Foxtrot: Tango, sending you 2
2024-10-14 23:33:30.306676 November: Foxtrot, sending you 4
2024-10-14 23:33:30.309697 Delta: Foxtrot, sending you 4
2024-10-14 23:33:30.310694 Foxtrot: Delta and November, sending you 4
2024-10-14 23:33:30.314907 Delta: November, sending you 1
chatterbot Delta submitting transactions
chatterbot India submitting transactions
chatterbot Quebec submitting transactions
chatterbot Tango submitting transactions
chatterbot Lima submitting transactions
chatterbot Foxtrot submitting transactions
chatterbot Sierra submitting transactions
chatterbot Juliett submitting transactions
chatterbot Oscar submitting transactions
chatterbot November submitting transactions
ChatterBot Tango round 11
ChatterBot Quebec round 11
ChatterBot India round 11
ChatterBot Sierra round 11
ChatterBot Delta round 11
ChatterBot Oscar round 11
ChatterBot Lima round 11
ChatterBot Foxtrot round 11
ChatterBot November round 11
ChatterBot Juliett round 11
2024-10-14 23:33:31.285180 Foxtrot: We should replace Tango with Juliett
2024-10-14 23:33:31.296153 Delta: No
2024-10-14 23:33:31.296481 November: No
2024-10-14 23:33:31.325869 Lima: We should add Quebec
ChatterBot India reevaluating
2024-10-14 23:33:31.344320 Oscar: No
2024-10-14 23:33:31.345224 Sierra: Yes
2024-10-14 23:33:31.345562 India: Yes
2024-10-14 23:33:31.345767 Juliett: Yes
ChatterBot India reevaluating
ChatterBot Lima reevaluating
ChatterBot Juliett reevaluating
ChatterBot Oscar reevaluating
ChatterBot India reevaluating
ChatterBot Lima reevaluating
ChatterBot Juliett reevaluating
ChatterBot Oscar reevaluating
ChatterBot Lima reevaluating
ChatterBot Juliett reevaluating
ChatterBot Oscar reevaluating
ChatterBot India reevaluating
ChatterBot Lima reevaluating
2024-10-14 23:33:31.466485 November: We should drop Tango
ChatterBot Foxtrot reevaluating
ChatterBot Lima reevaluating
2024-10-14 23:33:31.491277 Delta: Yes
2024-10-14 23:33:31.491484 Foxtrot: Yes
2024-10-14 23:33:31.491672 Lima: Yes
ChatterBot November reevaluating
ChatterBot Foxtrot reevaluating
ChatterBot Lima reevaluating
ChatterBot November reevaluating
ChatterBot Lima reevaluating
ChatterBot November reevaluating
ChatterBot Foxtrot reevaluating
2024-10-14 23:33:31.574822 India: We should drop Oscar
ChatterBot Quebec reevaluating
ChatterBot Lima reevaluating
2024-10-14 23:33:31.602418 Quebec: Yes
2024-10-14 23:33:31.602751 Sierra: No
2024-10-14 23:33:31.602933 Lima: No
2024-10-14 23:33:31.603122 Juliett: No
ChatterBot Sierra reevaluating
ChatterBot Lima reevaluating
ChatterBot India reevaluating
ChatterBot Quebec reevaluating
ChatterBot Lima reevaluating
ChatterBot India reevaluating
ChatterBot Quebec reevaluating
ChatterBot Sierra reevaluating
ChatterBot India reevaluating
ChatterBot Quebec reevaluating
ChatterBot Sierra reevaluating
ChatterBot Lima reevaluating
2024-10-14 23:33:31.729169 Tango: I was attacked by Quebec
2024-10-14 23:33:31.730088 Tango: I'm keeping this round to protect myself
2024-10-14 23:33:31.730296 Tango: Ow
2024-10-14 23:33:31.730957 Foxtrot: Juliett we want you to join our group
2024-10-14 23:33:31.737307 Juliett: No
ChatterBot Foxtrot reevaluating
ChatterBot November reevaluating
2024-10-14 23:33:31.767439 Delta: Foxtrot, sending you 6
2024-10-14 23:33:31.768765 Lima: Quebec we want you to join our group
ChatterBot Quebec reevaluating
2024-10-14 23:33:31.778014 Quebec: Yes
ChatterBot India reevaluating
ChatterBot Oscar reevaluating
2024-10-14 23:33:31.813809 Juliett: Quebec, sending you 1
2024-10-14 23:33:31.814663 Delta: November, sending you 2
2024-10-14 23:33:31.818770 Juliett: India, Sierra, Oscar and Lima, sending you 3
