ChatterBot Kilo round 1
ChatterBot X-ray round 1
ChatterBot India round 1
ChatterBot Zulu round 1
ChatterBot Juliett round 1
ChatterBot Quebec round 1
ChatterBot Papa round 1
ChatterBot Uniform round 1
ChatterBot Alpha round 1
ChatterBot Golf round 1
randomSelections X-ray: {X-ray, Juliett, Zulu} 
2024-10-14 23:33:17.464952 X-ray: We would work well together
ChatterBot Juliett reevaluating
ChatterBot Zulu reevaluating
2024-10-14 23:33:17.470040 Juliett: Yes
2024-10-14 23:33:17.470196 Zulu: Yes
ChatterBot Zulu reevaluating
ChatterBot Juliett reevaluating
randomSelections Kilo: {Kilo, Uniform, X-ray, Papa, India, Alpha, Quebec} 
2024-10-14 23:33:17.479707 Kilo: Let's form a team
ChatterBot Uniform reevaluating
ChatterBot Papa reevaluating
ChatterBot India reevaluating
ChatterBot Alpha reevaluating
ChatterBot Quebec reevaluating
2024-10-14 23:33:17.492103 Uniform: Yes
2024-10-14 23:33:17.492223 X-ray: No
2024-10-14 23:33:17.492384 Papa: Yes
2024-10-14 23:33:17.492538 India: Yes
2024-10-14 23:33:17.492627 Alpha: Yes
2024-10-14 23:33:17.492760 Quebec: Yes
ChatterBot Papa reevaluating
ChatterBot India reevaluating
ChatterBot Alpha reevaluating
ChatterBot Quebec reevaluating
ChatterBot Uniform reevaluating
ChatterBot Papa reevaluating
ChatterBot India reevaluating
ChatterBot Alpha reevaluating
ChatterBot Quebec reevaluating
ChatterBot Uniform reevaluating
ChatterBot India reevaluating
ChatterBot Alpha reevaluating
ChatterBot Quebec reevaluating
ChatterBot Uniform reevaluating
ChatterBot Papa reevaluating
ChatterBot Alpha reevaluating
ChatterBot Quebec reevaluating
ChatterBot Uniform reevaluating
ChatterBot Papa reevaluating
ChatterBot India reevaluating
ChatterBot Quebec reevaluating
ChatterBot Uniform reevaluating
ChatterBot Papa reevaluating
ChatterBot India reevaluating
ChatterBot Alpha reevaluating
randomSelections Golf: {Golf, Alpha, X-ray, Uniform, India, Zulu, Kilo} 
2024-10-14 23:33:17.571769 Golf: We should group up
ChatterBot Alpha reevaluating
ChatterBot Uniform reevaluating
ChatterBot India reevaluating
ChatterBot Zulu reevaluating
2024-10-14 23:33:17.580485 Alpha: No
2024-10-14 23:33:17.580697 X-ray: No
2024-10-14 23:33:17.581852 Uniform: No
2024-10-14 23:33:17.581973 India: No
2024-10-14 23:33:17.582147 Zulu: No
2024-10-14 23:33:17.582275 Kilo: No
ChatterBot Uniform reevaluating
ChatterBot India reevaluating
ChatterBot Zulu reevaluating
ChatterBot Alpha reevaluating
ChatterBot Uniform reevaluating
ChatterBot India reevaluating
ChatterBot Zulu reevaluating
ChatterBot Alpha reevaluating
ChatterBot India reevaluating
ChatterBot Zulu reevaluating
ChatterBot Alpha reevaluating
ChatterBot Uniform reevaluating
ChatterBot Zulu reevaluating
ChatterBot Alpha reevaluating
ChatterBot Uniform reevaluating
ChatterBot India reevaluating
ChatterBot Alpha reevaluating
ChatterBot Uniform reevaluating
ChatterBot India reevaluating
ChatterBot Zulu reevaluating
2024-10-14 23:33:17.786328 Papa: X-ray and India, sending you 2
2024-10-14 23:33:17.787593 Golf: Kilo and Uniform, sending you 3
2024-10-14 23:33:17.788779 X-ray: Zulu and Juliett, sending you 4
2024-10-14 23:33:17.790139 Papa: Quebec and Uniform, sending you 3
2024-10-14 23:33:17.791890 India: Kilo, X-ray and Papa, sending you 2
2024-10-14 23:33:17.792488 Uniform: X-ray, Quebec and Alpha, sending you 2
2024-10-14 23:33:17.793755 Quebec: X-ray, sending you 3
2024-10-14 23:33:17.794404 Zulu: Sending you each 5
2024-10-14 23:33:17.795623 Kilo: X-ray, India and Alpha, sending you 1
2024-10-14 23:33:17.796457 Golf: X-ray, India, Zulu and Alpha, sending you 2
2024-10-14 23:33:17.797837 Juliett: X-ray, sending you 3
2024-10-14 23:33:17.798238 Alpha: Kilo and Uniform, sending you 1
2024-10-14 23:33:17.799414 Papa: Alpha, sending you 4
2024-10-14 23:33:17.800099 India: Quebec and Alpha, sending you 1
2024-10-14 23:33:17.801486 Uniform: India and Papa, sending you 3
2024-10-14 23:33:17.802071 Quebec: India and Papa, sending you 2
2024-10-14 23:33:17.803413 Kilo: Quebec, Papa and Uniform, sending you 2
2024-10-14 23:33:17.805051 Alpha: India, sending you 3
2024-10-14 23:33:17.806453 Juliett: Zulu, sending you 8
2024-10-14 23:33:17.807008 India: Uniform, sending you 4
2024-10-14 23:33:17.808589 Quebec: Uniform and Alpha, sending you 1
2024-10-14 23:33:17.810054 Alpha: Papa, sending you 4
chatterbot Kilo submitting transactions
chatterbot Papa submitting transactions
chatterbot Juliett submitting transactions
chatterbot X-ray submitting transactions
chatterbot Zulu submitting transactions
chatterbot India submitting transactions
chatterbot Uniform submitting transactions
chatterbot Quebec submitting transactions
chatterbot Alpha submitting transactions
chatterbot Golf submitting transactions
ChatterBot Kilo round 2
ChatterBot X-ray round 2
ChatterBot India round 2
ChatterBot Zulu round 2
ChatterBot Juliett round 2
ChatterBot Quebec round 2
ChatterBot Papa round 2
ChatterBot Uniform round 2
ChatterBot Alpha round 2
ChatterBot Golf round 2
2024-10-14 23:33:19.083251 Golf: We should group up
ChatterBot India reevaluating
ChatterBot Quebec reevaluating
ChatterBot Uniform reevaluating
ChatterBot Alpha reevaluating
2024-10-14 23:33:19.103129 India: Yes
2024-10-14 23:33:19.103331 Quebec: No
2024-10-14 23:33:19.103453 Papa: No
2024-10-14 23:33:19.103601 Uniform: Yes
2024-10-14 23:33:19.104156 Alpha: Yes
ChatterBot Golf reevaluating
ChatterBot Quebec reevaluating
ChatterBot Papa reevaluating
ChatterBot Uniform reevaluating
ChatterBot Alpha reevaluating
ChatterBot Golf reevaluating
ChatterBot India reevaluating
ChatterBot Papa reevaluating
ChatterBot Uniform reevaluating
ChatterBot Alpha reevaluating
ChatterBot Golf reevaluating
ChatterBot India reevaluating
ChatterBot Quebec reevaluating
ChatterBot Uniform reevaluating
ChatterBot Alpha reevaluating
ChatterBot Golf reevaluating
ChatterBot India reevaluating
ChatterBot Quebec reevaluating
ChatterBot Papa reevaluating
ChatterBot Alpha reevaluating
ChatterBot Golf reevaluating
ChatterBot India reevaluating
ChatterBot Quebec reevaluating
ChatterBot Papa reevaluating
ChatterBot Uniform reevaluating
2024-10-14 23:33:19.218136 Kilo: We should replace X-ray with Golf
ChatterBot India reevaluating
ChatterBot Quebec reevaluating
ChatterBot Papa reevaluating
ChatterBot Uniform reevaluating
ChatterBot Alpha reevaluating
2024-10-14 23:33:19.239821 India: Yes
2024-10-14 23:33:19.239943 Quebec: No
2024-10-14 23:33:19.240042 Papa: Yes
2024-10-14 23:33:19.240164 Uniform: Yes
2024-10-14 23:33:19.240334 Alpha: Yes
ChatterBot Quebec reevaluating
ChatterBot Papa reevaluating
ChatterBot Uniform reevaluating
ChatterBot Alpha reevaluating
ChatterBot India reevaluating
ChatterBot Papa reevaluating
ChatterBot Uniform reevaluating
ChatterBot Alpha reevaluating
ChatterBot India reevaluating
ChatterBot Quebec reevaluating
ChatterBot Uniform reevaluating
ChatterBot Alpha reevaluating
ChatterBot India reevaluating
ChatterBot Quebec reevaluating
ChatterBot Papa reevaluating
ChatterBot Alpha reevaluating
ChatterBot India reevaluating
ChatterBot Quebec reevaluating
ChatterBot Papa reevaluating
ChatterBot Uniform reevaluating
2024-10-14 23:33:19.356479 Zulu: We should add Golf
ChatterBot X-ray reevaluating
ChatterBot Juliett reevaluating
2024-10-14 23:33:19.406610 X-ray: Yes
2024-10-14 23:33:19.406867 Juliett: Yes
ChatterBot Juliett reevaluating
ChatterBot X-ray reevaluating
2024-10-14 23:33:19.524386 Kilo: Golf we want you to join our group
ChatterBot Golf reevaluating
2024-10-14 23:33:19.531761 Golf: No
ChatterBot India reevaluating
ChatterBot Papa reevaluating
ChatterBot Uniform reevaluating
ChatterBot Alpha reevaluating
2024-10-14 23:33:19.573446 Zulu: Golf we want you to join our group
ChatterBot Golf reevaluating
2024-10-14 23:33:19.580802 Golf: No
ChatterBot X-ray reevaluating
ChatterBot Juliett reevaluating
2024-10-14 23:33:19.604400 Quebec: We should drop X-ray
ChatterBot India reevaluating
ChatterBot Papa reevaluating
ChatterBot Uniform reevaluating
2024-10-14 23:33:19.637571 India: Yes
2024-10-14 23:33:19.638328 Kilo: Yes
2024-10-14 23:33:19.638634 Papa: Yes
2024-10-14 23:33:19.638854 Uniform: Yes
2024-10-14 23:33:19.639085 Alpha: Yes
ChatterBot Papa reevaluating
ChatterBot Uniform reevaluating
ChatterBot India reevaluating
ChatterBot Papa reevaluating
ChatterBot Uniform reevaluating
ChatterBot India reevaluating
ChatterBot Uniform reevaluating
ChatterBot India reevaluating
ChatterBot Papa reevaluating
ChatterBot India reevaluating
ChatterBot Papa reevaluating
ChatterBot Uniform reevaluating
2024-10-14 23:33:19.798811 X-ray: Golf we want you to join our group
ChatterBot Golf reevaluating
2024-10-14 23:33:19.805496 Golf: No
ChatterBot X-ray reevaluating
2024-10-14 23:33:19.824387 Juliett: Golf we want you to join our group
ChatterBot Golf reevaluating
2024-10-14 23:33:19.831563 Golf: No
ChatterBot X-ray reevaluating
2024-10-14 23:33:19.850863 Alpha: Golf we want you to join our group
ChatterBot Golf reevaluating
2024-10-14 23:33:19.857807 Golf: No
ChatterBot India reevaluating
2024-10-14 23:33:19.894480 Papa: Golf we want you to join our group
ChatterBot Golf reevaluating
2024-10-14 23:33:19.901521 Golf: Yes
ChatterBot India reevaluating
2024-10-14 23:33:19.936405 Uniform: Golf we want you to join our group
ChatterBot Golf reevaluating
2024-10-14 23:33:19.943997 Golf: No
ChatterBot India reevaluating
2024-10-14 23:33:19.993561 Kilo: India, Alpha and Golf, sending you 2
2024-10-14 23:33:19.994538 Zulu: X-ray and Juliett, sending you 4
2024-10-14 23:33:19.994963 Quebec: Kilo and Uniform, sending you 2
2024-10-14 23:33:19.995980 India: Golf we want you to join our group
ChatterBot Golf reevaluating
2024-10-14 23:33:19.999993 Golf: No
ChatterBot India reevaluating
ChatterBot Quebec reevaluating
2024-10-14 23:33:20.022390 Kilo: Quebec, Papa and Uniform, sending you 1
2024-10-14 23:33:20.023332 Papa: Kilo, India and Quebec, sending you 2
2024-10-14 23:33:20.023762 Zulu: Golf, sending you 2
2024-10-14 23:33:20.024170 Alpha: Kilo and India, sending you 1
2024-10-14 23:33:20.025207 Juliett: X-ray, sending you 4
2024-10-14 23:33:20.025580 Uniform: Kilo, Papa and Golf, sending you 2
2024-10-14 23:33:20.030386 Papa: Uniform, sending you 3
2024-10-14 23:33:20.031548 Alpha: Papa, sending you 3
2024-10-14 23:33:20.032114 Juliett: Zulu, sending you 5
2024-10-14 23:33:20.032543 X-ray: Zulu, sending you 4
2024-10-14 23:33:20.033469 Uniform: India, sending you 4
2024-10-14 23:33:20.034167 Quebec: Golf we want you to join our group
ChatterBot Golf reevaluating
2024-10-14 23:33:20.041806 Golf: Yes
ChatterBot Quebec reevaluating
2024-10-14 23:33:20.077546 Papa: Alpha, sending you 4
2024-10-14 23:33:20.078702 Alpha: Uniform and Golf, sending you 2
2024-10-14 23:33:20.079191 Juliett: Golf, sending you 2
2024-10-14 23:33:20.080120 X-ray: Juliett and Golf, sending you 2
2024-10-14 23:33:20.080506 Uniform: Quebec and Alpha, sending you 1
2024-10-14 23:33:20.081804 Quebec: We should drop Golf
2024-10-14 23:33:20.108445 India: No
2024-10-14 23:33:20.108663 Kilo: No
2024-10-14 23:33:20.108865 Papa: No
2024-10-14 23:33:20.109060 Uniform: No
2024-10-14 23:33:20.109243 Alpha: No
ChatterBot Quebec reevaluating
ChatterBot Quebec reevaluating
ChatterBot Quebec reevaluating
ChatterBot Quebec reevaluating
ChatterBot Quebec reevaluating
2024-10-14 23:33:20.252766 Papa: Golf, sending you 1
2024-10-14 23:33:20.293134 India: Kilo, sending you 1
2024-10-14 23:33:20.293724 Golf: Kilo and India, sending you 3
2024-10-14 23:33:20.319167 India: Quebec, Papa, Alpha and Golf, sending you 2
2024-10-14 23:33:20.319578 Golf: Quebec, Papa, Uniform and Alpha, sending you 2
chatterbot India submitting transactions
2024-10-14 23:33:20.336316 India: Uniform, sending you 3
chatterbot Uniform submitting transactions
chatterbot Quebec submitting transactions
chatterbot Alpha submitting transactions
chatterbot Kilo submitting transactions
chatterbot Juliett submitting transactions
chatterbot Golf submitting transactions
chatterbot Zulu submitting transactions
chatterbot Papa submitting transactions
chatterbot X-ray submitting transactions
ChatterBot Kilo round 3
ChatterBot X-ray round 3
ChatterBot India round 3
ChatterBot Zulu round 3
ChatterBot Juliett round 3
ChatterBot Quebec round 3
ChatterBot Papa round 3
ChatterBot Uniform round 3
ChatterBot Alpha round 3
ChatterBot Golf round 3
2024-10-14 23:33:21.117808 X-ray: We should drop Golf
2024-10-14 23:33:21.123934 Juliett: No
2024-10-14 23:33:21.124078 Zulu: No
ChatterBot Juliett reevaluating
2024-10-14 23:33:21.138460 Golf: We should drop Kilo
ChatterBot Quebec reevaluating
2024-10-14 23:33:21.154476 India: No
2024-10-14 23:33:21.155118 Quebec: No
2024-10-14 23:33:21.155235 Papa: No
2024-10-14 23:33:21.155337 Uniform: No
2024-10-14 23:33:21.155440 Alpha: No
ChatterBot Quebec reevaluating
ChatterBot Golf reevaluating
ChatterBot Golf reevaluating
ChatterBot Quebec reevaluating
ChatterBot Golf reevaluating
ChatterBot Quebec reevaluating
ChatterBot Golf reevaluating
ChatterBot Quebec reevaluating
chatterbot Quebec submitting transactions
2024-10-14 23:33:21.239385 Kilo: India and Golf, sending you 2
2024-10-14 23:33:21.240265 India: Kilo, Papa, Alpha and Golf, sending you 2
2024-10-14 23:33:21.244890 India: Quebec, sending you 1
2024-10-14 23:33:21.245366 Kilo: Quebec, Papa, Uniform and Alpha, sending you 1
2024-10-14 23:33:21.245761 Alpha: Kilo, India and Uniform, sending you 1
2024-10-14 23:33:21.246747 Zulu: X-ray, sending you 5
2024-10-14 23:33:21.247092 Papa: Kilo and India, sending you 2
2024-10-14 23:33:21.247534 Uniform: India and Papa, sending you 3
2024-10-14 23:33:21.248354 India: Uniform, sending you 3
2024-10-14 23:33:21.248818 X-ray: Zulu, sending you 5
2024-10-14 23:33:21.265093 Alpha: Papa, sending you 4
2024-10-14 23:33:21.265913 Zulu: Juliett, sending you 4
2024-10-14 23:33:21.266829 Uniform: Quebec, Alpha and Golf, sending you 2
2024-10-14 23:33:21.267381 Papa: Quebec, Uniform and Alpha, sending you 3
2024-10-14 23:33:21.267878 X-ray: Juliett, sending you 3
2024-10-14 23:33:21.274510 Alpha: Golf, sending you 2
2024-10-14 23:33:21.275486 Zulu: Golf, sending you 1
2024-10-14 23:33:21.275865 Papa: Golf, sending you 1
2024-10-14 23:33:21.276821 Golf: Kilo, India, Uniform and Alpha, sending you 3
2024-10-14 23:33:21.283935 Golf: Papa, sending you 2
2024-10-14 23:33:21.299834 Juliett: X-ray, sending you 5
2024-10-14 23:33:21.307738 Juliett: Zulu, sending you 6
chatterbot Kilo submitting transactions
chatterbot Zulu submitting transactions
chatterbot Papa submitting transactions
chatterbot X-ray submitting transactions
chatterbot Juliett submitting transactions
chatterbot Alpha submitting transactions
chatterbot Golf submitting transactions
chatterbot Uniform submitting transactions
chatterbot India submitting transactions
ChatterBot Kilo round 4
ChatterBot X-ray round 4
ChatterBot India round 4
ChatterBot Zulu round 4
ChatterBot Juliett round 4
ChatterBot Quebec round 4
ChatterBot Papa round 4
ChatterBot Uniform round 4
ChatterBot Alpha round 4
ChatterBot Golf round 4
2024-10-14 23:33:22.244079 Zulu: We should drop Golf
2024-10-14 23:33:22.250349 X-ray: Yes
2024-10-14 23:33:22.250556 Juliett: Yes
chatterbot Quebec submitting transactions
2024-10-14 23:33:22.332296 India: Kilo, Quebec, Papa and Golf, sending you 2
2024-10-14 23:33:22.332940 Kilo: India and Golf, sending you 2
2024-10-14 23:33:22.334181 X-ray: Sending you each 4
2024-10-14 23:33:22.339707 India: Uniform, sending you 3
2024-10-14 23:33:22.340730 Kilo: Quebec, Papa, Uniform and Alpha, sending you 1
2024-10-14 23:33:22.341217 Zulu: X-ray, sending you 5
2024-10-14 23:33:22.341478 Golf: Kilo, India, Uniform and Alpha, sending you 3
2024-10-14 23:33:22.342552 Papa: Kilo, sending you 1
2024-10-14 23:33:22.343121 Juliett: X-ray, sending you 5
2024-10-14 23:33:22.343408 Alpha: Kilo, India and Uniform, sending you 1
2024-10-14 23:33:22.344533 Uniform: Kilo and Alpha, sending you 1
2024-10-14 23:33:22.345054 Zulu: Juliett, sending you 4
2024-10-14 23:33:22.345331 India: Alpha, sending you 1
2024-10-14 23:33:22.346204 Juliett: Zulu, sending you 6
2024-10-14 23:33:22.351203 Golf: Papa, sending you 2
2024-10-14 23:33:22.352508 Papa: India and Golf, sending you 2
2024-10-14 23:33:22.353156 Uniform: India and Papa, sending you 3
2024-10-14 23:33:22.354263 Alpha: Papa, sending you 4
2024-10-14 23:33:22.357666 Papa: Quebec, Uniform and Alpha, sending you 3
2024-10-14 23:33:22.359008 Uniform: Quebec and Golf, sending you 2
2024-10-14 23:33:22.360447 Alpha: Golf, sending you 2
chatterbot Zulu submitting transactions
chatterbot India submitting transactions
chatterbot X-ray submitting transactions
chatterbot Juliett submitting transactions
chatterbot Papa submitting transactions
chatterbot Quebec submitting transactions
chatterbot Alpha submitting transactions
chatterbot Uniform submitting transactions
chatterbot Kilo submitting transactions
chatterbot Golf submitting transactions
ChatterBot Kilo round 5
ChatterBot X-ray round 5
ChatterBot India round 5
ChatterBot Zulu round 5
ChatterBot Juliett round 5
ChatterBot Quebec round 5
ChatterBot Papa round 5
ChatterBot Uniform round 5
ChatterBot Alpha round 5
ChatterBot Golf round 5
2024-10-14 23:33:23.484060 Golf: We should drop Quebec
2024-10-14 23:33:23.496710 Kilo: No
2024-10-14 23:33:23.496960 India: No
2024-10-14 23:33:23.497140 Papa: No
2024-10-14 23:33:23.497286 Uniform: No
2024-10-14 23:33:23.497908 Alpha: No
ChatterBot Golf reevaluating
ChatterBot Golf reevaluating
ChatterBot Golf reevaluating
ChatterBot Golf reevaluating
ChatterBot Golf reevaluating
2024-10-14 23:33:23.567690 Kilo: India, Quebec and Golf, sending you 2
2024-10-14 23:33:23.568380 Juliett: X-ray, sending you 5
2024-10-14 23:33:23.569160 Zulu: X-ray, sending you 5
2024-10-14 23:33:23.569469 Uniform: Kilo and Alpha, sending you 1
2024-10-14 23:33:23.570063 Papa: Kilo, India, Quebec and Golf, sending you 2
2024-10-14 23:33:23.570689 India: Kilo, Quebec, Papa and Golf, sending you 2
2024-10-14 23:33:23.571863 X-ray: Same as last round
2024-10-14 23:33:23.572200 Kilo: Papa, Uniform and Alpha, sending you 1
2024-10-14 23:33:23.572845 Juliett: Zulu, sending you 6
2024-10-14 23:33:23.573187 Zulu: Juliett, sending you 4
2024-10-14 23:33:23.573483 Uniform: India and Papa, sending you 3
2024-10-14 23:33:23.574683 Papa: Uniform and Alpha, sending you 3
2024-10-14 23:33:23.576674 India: Uniform, sending you 3
2024-10-14 23:33:23.579340 Uniform: Quebec and Golf, sending you 2
2024-10-14 23:33:23.580007 India: Alpha, sending you 1
2024-10-14 23:33:23.587673 Alpha: Kilo, India and Uniform, sending you 1
2024-10-14 23:33:23.592691 Alpha: Papa, sending you 4
2024-10-14 23:33:23.593910 Golf: Kilo, India, Uniform and Alpha, sending you 3
2024-10-14 23:33:23.597688 Alpha: Golf, sending you 2
2024-10-14 23:33:23.598923 Golf: Papa, sending you 2
chatterbot Uniform submitting transactions
chatterbot X-ray submitting transactions
chatterbot India submitting transactions
chatterbot Golf submitting transactions
chatterbot Zulu submitting transactions
chatterbot Juliett submitting transactions
chatterbot Kilo submitting transactions
chatterbot Quebec submitting transactions
chatterbot Alpha submitting transactions
chatterbot Papa submitting transactions
ChatterBot Kilo round 6
ChatterBot X-ray round 6
ChatterBot India round 6
ChatterBot Zulu round 6
ChatterBot Juliett round 6
ChatterBot Quebec round 6
ChatterBot Papa round 6
ChatterBot Uniform round 6
ChatterBot Alpha round 6
ChatterBot Golf round 6
2024-10-14 23:33:24.783679 Kilo: India, Papa and Golf, sending you 2
2024-10-14 23:33:24.788889 Kilo: Quebec, Uniform and Alpha, sending you 1
2024-10-14 23:33:24.793663 Zulu: X-ray, sending you 5
2024-10-14 23:33:24.795690 X-ray: Same as last round
2024-10-14 23:33:24.796185 Alpha: Kilo, India and Uniform, sending you 1
2024-10-14 23:33:24.796878 India: Kilo, Quebec, Papa and Golf, sending you 2
2024-10-14 23:33:24.797884 Zulu: Juliett, sending you 4
2024-10-14 23:33:24.799698 Alpha: Papa, sending you 4
2024-10-14 23:33:24.800443 Papa: Kilo, India, Quebec and Golf, sending you 2
2024-10-14 23:33:24.801685 India: Uniform, sending you 3
2024-10-14 23:33:24.802377 Juliett: X-ray, sending you 5
2024-10-14 23:33:24.802701 Uniform: Kilo and Alpha, sending you 1
2024-10-14 23:33:24.804024 Golf: Kilo and Papa, sending you 2
2024-10-14 23:33:24.805008 Alpha: Golf, sending you 2
2024-10-14 23:33:24.806120 India: Alpha, sending you 1
2024-10-14 23:33:24.806875 Papa: Uniform and Alpha, sending you 3
2024-10-14 23:33:24.807685 Juliett: Zulu, sending you 6
2024-10-14 23:33:24.808366 Uniform: India and Papa, sending you 3
2024-10-14 23:33:24.808936 Golf: India, Uniform and Alpha, sending you 3
2024-10-14 23:33:24.811666 Uniform: Quebec and Golf, sending you 2
2024-10-14 23:33:24.812311 Golf: Quebec, sending you 1
chatterbot Kilo submitting transactions
chatterbot Juliett submitting transactions
chatterbot Alpha submitting transactions
chatterbot Zulu submitting transactions
chatterbot Uniform submitting transactions
chatterbot X-ray submitting transactions
chatterbot Papa submitting transactions
chatterbot Quebec submitting transactions
chatterbot Golf submitting transactions
chatterbot India submitting transactions
ChatterBot Kilo round 7
ChatterBot X-ray round 7
ChatterBot India round 7
ChatterBot Zulu round 7
ChatterBot Juliett round 7
ChatterBot Quebec round 7
ChatterBot Papa round 7
ChatterBot Uniform round 7
ChatterBot Alpha round 7
ChatterBot Golf round 7
2024-10-14 23:33:26.005693 India: Kilo, Quebec, Papa and Golf, sending you 2
2024-10-14 23:33:26.011026 X-ray: Same as last round
2024-10-14 23:33:26.011415 India: Uniform, sending you 3
2024-10-14 23:33:26.015090 Papa: Kilo, India, Quebec and Golf, sending you 2
2024-10-14 23:33:26.015882 Juliett: X-ray, sending you 5
2024-10-14 23:33:26.016967 India: Alpha, sending you 1
2024-10-14 23:33:26.018251 Uniform: Kilo and Alpha, sending you 1
2024-10-14 23:33:26.019845 Juliett: Zulu, sending you 6
2024-10-14 23:33:26.020272 Papa: Uniform and Alpha, sending you 3
2024-10-14 23:33:26.021650 Kilo: India, Papa and Golf, sending you 2
2024-10-14 23:33:26.024688 Uniform: India and Papa, sending you 3
2024-10-14 23:33:26.025669 Zulu: X-ray, sending you 5
2024-10-14 23:33:26.026653 Kilo: Quebec, Uniform and Alpha, sending you 1
2024-10-14 23:33:26.028140 Alpha: Kilo, India and Uniform, sending you 1
2024-10-14 23:33:26.029161 Golf: Kilo and Papa, sending you 2
2024-10-14 23:33:26.030727 Uniform: Quebec and Golf, sending you 2
2024-10-14 23:33:26.032120 Zulu: Juliett, sending you 4
2024-10-14 23:33:26.033689 Alpha: Papa, sending you 4
2024-10-14 23:33:26.034665 Golf: India, Uniform and Alpha, sending you 3
2024-10-14 23:33:26.037671 Alpha: Golf, sending you 2
2024-10-14 23:33:26.039997 Golf: Quebec, sending you 1
chatterbot Kilo submitting transactions
chatterbot Uniform submitting transactions
chatterbot Golf submitting transactions
chatterbot Juliett submitting transactions
chatterbot India submitting transactions
chatterbot Alpha submitting transactions
chatterbot Quebec submitting transactions
chatterbot Papa submitting transactions
chatterbot X-ray submitting transactions
chatterbot Zulu submitting transactions
ChatterBot Kilo round 8
ChatterBot X-ray round 8
ChatterBot India round 8
ChatterBot Zulu round 8
ChatterBot Juliett round 8
ChatterBot Quebec round 8
ChatterBot Papa round 8
ChatterBot Uniform round 8
ChatterBot Alpha round 8
ChatterBot Golf round 8
2024-10-14 23:33:27.253268 Quebec: We should drop Alpha
2024-10-14 23:33:27.265775 Kilo: No
2024-10-14 23:33:27.266001 India: No
2024-10-14 23:33:27.266169 Papa: No
2024-10-14 23:33:27.266355 Uniform: No
2024-10-14 23:33:27.266496 Golf: No
ChatterBot Golf reevaluating
ChatterBot Quebec reevaluating
ChatterBot Golf reevaluating
ChatterBot Quebec reevaluating
ChatterBot Golf reevaluating
ChatterBot Quebec reevaluating
2024-10-14 23:33:27.329681 India: Kilo, Quebec, Papa and Golf, sending you 2
2024-10-14 23:33:27.330683 Zulu: X-ray, sending you 5
2024-10-14 23:33:27.331006 X-ray: Same as last round
2024-10-14 23:33:27.331258 Kilo: India, Papa and Golf, sending you 2
2024-10-14 23:33:27.331883 Juliett: X-ray, sending you 5
2024-10-14 23:33:27.333702 India: Uniform, sending you 3
2024-10-14 23:33:27.335096 Zulu: Juliett, sending you 4
2024-10-14 23:33:27.335692 Kilo: Quebec, Uniform and Alpha, sending you 1
2024-10-14 23:33:27.336550 Papa: Kilo, India, Quebec and Golf, sending you 2
2024-10-14 23:33:27.337183 Uniform: Kilo and Alpha, sending you 1
2024-10-14 23:33:27.338346 Juliett: Zulu, sending you 6
2024-10-14 23:33:27.338707 India: Alpha, sending you 1
2024-10-14 23:33:27.339671 Papa: Uniform and Alpha, sending you 3
2024-10-14 23:33:27.342703 Uniform: India and Papa, sending you 3
2024-10-14 23:33:27.345716 Golf: Kilo, Quebec, Papa and Alpha, sending you 2
2024-10-14 23:33:27.347686 Uniform: Quebec and Golf, sending you 2
2024-10-14 23:33:27.348394 Alpha: Kilo, India and Uniform, sending you 1
2024-10-14 23:33:27.349665 Golf: India and Uniform, sending you 3
2024-10-14 23:33:27.351836 Alpha: Papa, sending you 4
2024-10-14 23:33:27.355673 Alpha: Golf, sending you 2
chatterbot Uniform submitting transactions
chatterbot Alpha submitting transactions
chatterbot India submitting transactions
chatterbot Golf submitting transactions
chatterbot Juliett submitting transactions
chatterbot X-ray submitting transactions
chatterbot Kilo submitting transactions
chatterbot Zulu submitting transactions
chatterbot Quebec submitting transactions
chatterbot Papa submitting transactions
ChatterBot Kilo round 9
ChatterBot X-ray round 9
ChatterBot India round 9
ChatterBot Zulu round 9
ChatterBot Juliett round 9
ChatterBot Quebec round 9
ChatterBot Papa round 9
ChatterBot Uniform round 9
ChatterBot Alpha round 9
ChatterBot Golf round 9
2024-10-14 23:33:28.522719 Papa: Kilo, India, Quebec and Golf, sending you 2
2024-10-14 23:33:28.523987 Kilo: India, Papa and Golf, sending you 2
2024-10-14 23:33:28.525515 Zulu: X-ray, sending you 5
2024-10-14 23:33:28.526842 Uniform: Kilo and Alpha, sending you 1
2024-10-14 23:33:28.528717 Juliett: X-ray, sending you 6
2024-10-14 23:33:28.529122 Papa: Uniform and Alpha, sending you 3
2024-10-14 23:33:28.529976 Kilo: Quebec, Uniform and Alpha, sending you 1
2024-10-14 23:33:28.531289 Zulu: Juliett, sending you 4
2024-10-14 23:33:28.531700 Alpha: Kilo, India and Uniform, sending you 1
2024-10-14 23:33:28.533557 Juliett: Zulu, sending you 5
2024-10-14 23:33:28.534075 Uniform: India and Papa, sending you 3
2024-10-14 23:33:28.535943 India: Kilo, Quebec, Papa and Golf, sending you 2
2024-10-14 23:33:28.537910 X-ray: Same as last round
2024-10-14 23:33:28.538419 Alpha: Papa, sending you 4
2024-10-14 23:33:28.540470 Golf: Kilo, Quebec, Papa and Alpha, sending you 2
2024-10-14 23:33:28.542295 Uniform: Quebec and Golf, sending you 2
2024-10-14 23:33:28.543919 India: Uniform, sending you 3
2024-10-14 23:33:28.545514 Alpha: Golf, sending you 2
2024-10-14 23:33:28.547175 Golf: India and Uniform, sending you 3
2024-10-14 23:33:28.549679 India: Alpha, sending you 1
chatterbot Alpha submitting transactions
chatterbot Zulu submitting transactions
chatterbot Quebec submitting transactions
chatterbot Uniform submitting transactions
chatterbot X-ray submitting transactions
chatterbot Juliett submitting transactions
chatterbot Kilo submitting transactions
chatterbot Papa submitting transactions
chatterbot India submitting transactions
chatterbot Golf submitting transactions
ChatterBot Kilo round 10
ChatterBot X-ray round 10
ChatterBot India round 10
ChatterBot Zulu round 10
ChatterBot Juliett round 10
ChatterBot Quebec round 10
ChatterBot Papa round 10
ChatterBot Uniform round 10
ChatterBot Alpha round 10
ChatterBot Golf round 10
2024-10-14 23:33:29.662034 Quebec: We should drop Kilo
ChatterBot Golf reevaluating
ChatterBot Papa reevaluating
2024-10-14 23:33:29.680075 Golf: No
2024-10-14 23:33:29.681214 India: No
2024-10-14 23:33:29.681503 Papa: No
2024-10-14 23:33:29.681768 Uniform: No
2024-10-14 23:33:29.681998 Alpha: No
ChatterBot Quebec reevaluating
ChatterBot Papa reevaluating
ChatterBot Alpha reevaluating
ChatterBot Golf reevaluating
ChatterBot Quebec reevaluating
ChatterBot Papa reevaluating
ChatterBot Alpha reevaluating
ChatterBot Golf reevaluating
ChatterBot Quebec reevaluating
ChatterBot Alpha reevaluating
ChatterBot Golf reevaluating
ChatterBot Quebec reevaluating
ChatterBot Papa reevaluating
ChatterBot Alpha reevaluating
ChatterBot Golf reevaluating
ChatterBot Quebec reevaluating
ChatterBot Papa reevaluating
2024-10-14 23:33:29.799104 Golf: We should drop Quebec
ChatterBot Alpha reevaluating
2024-10-14 23:33:29.825168 Kilo: No
2024-10-14 23:33:29.826071 India: No
2024-10-14 23:33:29.826327 Papa: Yes
2024-10-14 23:33:29.826739 Uniform: No
2024-10-14 23:33:29.827046 Alpha: No
ChatterBot Golf reevaluating
ChatterBot Alpha reevaluating
ChatterBot Golf reevaluating
ChatterBot Papa reevaluating
ChatterBot Alpha reevaluating
ChatterBot Golf reevaluating
ChatterBot Alpha reevaluating
ChatterBot Golf reevaluating
ChatterBot Papa reevaluating
ChatterBot Alpha reevaluating
ChatterBot Golf reevaluating
ChatterBot Papa reevaluating
2024-10-14 23:33:29.971519 Zulu: X-ray, sending you 5
2024-10-14 23:33:29.974886 X-ray: Same as last round
2024-10-14 23:33:29.975392 India: Kilo, Quebec, Papa and Golf, sending you 2
2024-10-14 23:33:29.976960 Juliett: X-ray, sending you 6
2024-10-14 23:33:29.977352 Zulu: Juliett, sending you 4
2024-10-14 23:33:29.977692 Uniform: Kilo and Alpha, sending you 1
2024-10-14 23:33:29.979264 Kilo: India, Papa and Golf, sending you 2
2024-10-14 23:33:29.981019 India: Uniform, sending you 3
2024-10-14 23:33:29.982100 Juliett: Zulu, sending you 5
2024-10-14 23:33:29.983309 Uniform: India and Papa, sending you 3
2024-10-14 23:33:29.984685 Kilo: Quebec, Uniform and Alpha, sending you 1
2024-10-14 23:33:29.986675 India: Alpha, sending you 1
2024-10-14 23:33:29.988770 Uniform: Quebec and Golf, sending you 2
chatterbot Kilo submitting transactions
2024-10-14 23:33:29.994685 Golf: Kilo, India, Papa and Uniform, sending you 3
2024-10-14 23:33:29.999153 Golf: Alpha, sending you 2
2024-10-14 23:33:30.002667 Papa: Kilo, India, Quebec and Golf, sending you 2
2024-10-14 23:33:30.008672 Papa: Uniform and Alpha, sending you 3
2024-10-14 23:33:30.010336 Alpha: Kilo, India and Uniform, sending you 1
2024-10-14 23:33:30.015660 Alpha: Papa, sending you 4
2024-10-14 23:33:30.020702 Alpha: Golf, sending you 2
chatterbot India submitting transactions
chatterbot Juliett submitting transactions
chatterbot Quebec submitting transactions
chatterbot Golf submitting transactions
chatterbot Uniform submitting transactions
chatterbot Papa submitting transactions
chatterbot X-ray submitting transactions
chatterbot Zulu submitting transactions
chatterbot Alpha submitting transactions
ChatterBot Kilo round 11
ChatterBot X-ray round 11
ChatterBot India round 11
ChatterBot Zulu round 11
ChatterBot Juliett round 11
ChatterBot Quebec round 11
ChatterBot Papa round 11
ChatterBot Uniform round 11
ChatterBot Alpha round 11
ChatterBot Golf round 11
2024-10-14 23:33:31.163761 Quebec: We should drop Alpha
2024-10-14 23:33:31.183009 Kilo: No
2024-10-14 23:33:31.183238 India: No
2024-10-14 23:33:31.183542 Papa: No
2024-10-14 23:33:31.183792 Uniform: No
2024-10-14 23:33:31.184619 Golf: No
ChatterBot Quebec reevaluating
ChatterBot Papa reevaluating
ChatterBot Golf reevaluating
ChatterBot Quebec reevaluating
ChatterBot Papa reevaluating
ChatterBot Golf reevaluating
ChatterBot Quebec reevaluating
ChatterBot Golf reevaluating
ChatterBot Quebec reevaluating
ChatterBot Papa reevaluating
ChatterBot Golf reevaluating
ChatterBot Quebec reevaluating
ChatterBot Papa reevaluating
2024-10-14 23:33:31.286025 Kilo: India, Papa and Golf, sending you 2
2024-10-14 23:33:31.290302 Zulu: X-ray, sending you 5
2024-10-14 23:33:31.291227 India: Kilo, Quebec, Papa and Golf, sending you 2
2024-10-14 23:33:31.294413 Juliett: X-ray, sending you 6
2024-10-14 23:33:31.295738 X-ray: Same as last round
2024-10-14 23:33:31.297297 Papa: We should drop Quebec
ChatterBot Alpha reevaluating
2024-10-14 23:33:31.329949 Golf: Yes
2024-10-14 23:33:31.330428 Kilo: No
2024-10-14 23:33:31.330825 India: No
2024-10-14 23:33:31.331664 Uniform: No
2024-10-14 23:33:31.332278 Alpha: No
ChatterBot Papa reevaluating
ChatterBot Alpha reevaluating
ChatterBot Papa reevaluating
ChatterBot Alpha reevaluating
ChatterBot Papa reevaluating
ChatterBot Alpha reevaluating
ChatterBot Papa reevaluating
ChatterBot Alpha reevaluating
ChatterBot Papa reevaluating
2024-10-14 23:33:31.475339 Kilo: Quebec, Uniform and Alpha, sending you 1
2024-10-14 23:33:31.477388 Zulu: Juliett, sending you 4
2024-10-14 23:33:31.478025 India: Uniform, sending you 3
2024-10-14 23:33:31.479715 Juliett: Zulu, sending you 5
2024-10-14 23:33:31.480719 Uniform: Kilo and Alpha, sending you 1
2024-10-14 23:33:31.482658 India: Alpha, sending you 1
2024-10-14 23:33:31.509302 Uniform: India and Papa, sending you 3
2024-10-14 23:33:31.511533 Golf: Kilo, India, Papa and Uniform, sending you 3
2024-10-14 23:33:31.524167 Uniform: Quebec and Golf, sending you 2
2024-10-14 23:33:31.527027 Alpha: Kilo, India and Uniform, sending you 1
2024-10-14 23:33:31.527791 Golf: Alpha, sending you 2
2024-10-14 23:33:31.551611 Alpha: Papa, sending you 4
2024-10-14 23:33:31.565786 Alpha: Golf, sending you 2
2024-10-14 23:33:31.567052 Papa: Kilo and Golf, sending you 2
2024-10-14 23:33:31.620436 Papa: India and Uniform, sending you 3
2024-10-14 23:33:31.625681 Papa: Alpha, sending you 4
chatterbot Quebec submitting transactions
chatterbot Alpha submitting transactions
chatterbot Golf submitting transactions
chatterbot Uniform submitting transactions
chatterbot Juliett submitting transactions
chatterbot Zulu submitting transactions
chatterbot X-ray submitting transactions
chatterbot Kilo submitting transactions
chatterbot India submitting transactions
chatterbot Papa submitting transactions
ChatterBot Kilo round 12
ChatterBot X-ray round 12
ChatterBot India round 12
ChatterBot Zulu round 12
ChatterBot Juliett round 12
ChatterBot Quebec round 12
ChatterBot Papa round 12
ChatterBot Uniform round 12
ChatterBot Alpha round 12
ChatterBot Golf round 12
2024-10-14 23:33:32.779983 India: We should drop Quebec
ChatterBot Kilo reevaluating
2024-10-14 23:33:32.799238 Golf: Yes
2024-10-14 23:33:32.799498 Kilo: Yes
2024-10-14 23:33:32.800292 Papa: Yes
2024-10-14 23:33:32.800468 Uniform: No
2024-10-14 23:33:32.800672 Alpha: Yes
ChatterBot Kilo reevaluating
ChatterBot India reevaluating
ChatterBot India reevaluating
ChatterBot Uniform reevaluating
ChatterBot Kilo reevaluating
ChatterBot India reevaluating
ChatterBot Uniform reevaluating
ChatterBot Kilo reevaluating
ChatterBot India reevaluating
ChatterBot Kilo reevaluating
ChatterBot India reevaluating
ChatterBot Uniform reevaluating
2024-10-14 23:33:32.920230 X-ray: Same as last round
2024-10-14 23:33:32.921657 Zulu: X-ray, sending you 5
2024-10-14 23:33:32.954370 Zulu: Juliett, sending you 4
2024-10-14 23:33:32.955753 Papa: Kilo and Golf, sending you 2
2024-10-14 23:33:32.956637 Juliett: X-ray, sending you 6
2024-10-14 23:33:32.957497 Golf: Kilo, India, Papa and Uniform, sending you 3
2024-10-14 23:33:32.958198 Alpha: Kilo, India and Uniform, sending you 1
2024-10-14 23:33:32.959754 Papa: India and Uniform, sending you 3
2024-10-14 23:33:32.964250 Juliett: Zulu, sending you 5
2024-10-14 23:33:32.964753 Golf: Alpha, sending you 2
2024-10-14 23:33:32.966011 Alpha: Papa, sending you 4
2024-10-14 23:33:32.966712 Papa: Alpha, sending you 4
2024-10-14 23:33:33.366864 Alpha: Golf, sending you 2
2024-10-14 23:33:33.368375 India: Kilo, sending you 2
2024-10-14 23:33:33.399433 India: Papa, Uniform and Golf, sending you 3
2024-10-14 23:33:33.400517 Kilo: India, Papa, Uniform and Golf, sending you 2
2024-10-14 23:33:33.402278 Uniform: Kilo and Alpha, sending you 1
chatterbot Zulu submitting transactions
2024-10-14 23:33:33.403777 India: Alpha, sending you 1
2024-10-14 23:33:33.407081 Kilo: Alpha, sending you 1
2024-10-14 23:33:33.408358 Uniform: India and Golf, sending you 3
2024-10-14 23:33:33.412728 Uniform: Papa, sending you 4
chatterbot Kilo submitting transactions
chatterbot Papa submitting transactions
chatterbot Juliett submitting transactions
chatterbot Golf submitting transactions
chatterbot India submitting transactions
chatterbot Quebec submitting transactions
chatterbot X-ray submitting transactions
chatterbot Alpha submitting transactions
chatterbot Uniform submitting transactions
ChatterBot Kilo round 13
ChatterBot X-ray round 13
ChatterBot India round 13
ChatterBot Zulu round 13
ChatterBot Juliett round 13
ChatterBot Quebec round 13
ChatterBot Papa round 13
ChatterBot Uniform round 13
ChatterBot Alpha round 13
ChatterBot Golf round 13
2024-10-14 23:33:34.235827 Quebec: We should drop Alpha
2024-10-14 23:33:34.247314 Kilo: No
2024-10-14 23:33:34.247483 India: No
2024-10-14 23:33:34.247604 Papa: No
2024-10-14 23:33:34.247733 Uniform: No
2024-10-14 23:33:34.247847 Golf: No
ChatterBot Quebec reevaluating
ChatterBot Quebec reevaluating
ChatterBot Quebec reevaluating
ChatterBot Quebec reevaluating
ChatterBot Quebec reevaluating
2024-10-14 23:33:34.304674 Zulu: X-ray, sending you 5
2024-10-14 23:33:34.305122 India: Kilo, sending you 2
2024-10-14 23:33:34.305876 Juliett: X-ray, sending you 6
2024-10-14 23:33:34.306463 Kilo: India, Papa, Uniform and Golf, sending you 2
2024-10-14 23:33:34.307964 X-ray: Same as last round
2024-10-14 23:33:34.309435 Uniform: Kilo, sending you 2
2024-10-14 23:33:34.310524 Zulu: Juliett, sending you 4
2024-10-14 23:33:34.311039 India: Papa, Uniform and Golf, sending you 3
2024-10-14 23:33:34.312200 Juliett: Zulu, sending you 5
2024-10-14 23:33:34.313307 Kilo: Alpha, sending you 1
2024-10-14 23:33:34.314789 Uniform: India, Papa and Golf, sending you 3
2024-10-14 23:33:34.315854 India: Alpha, sending you 1
2024-10-14 23:33:34.317406 Papa: Kilo and Golf, sending you 2
2024-10-14 23:33:34.318356 Alpha: Kilo, India and Uniform, sending you 1
2024-10-14 23:33:34.319700 Golf: Kilo, India, Papa and Uniform, sending you 3
2024-10-14 23:33:34.321018 Uniform: Alpha, sending you 1
2024-10-14 23:33:34.322958 Alpha: Papa, sending you 4
2024-10-14 23:33:34.324023 Papa: India and Uniform, sending you 3
2024-10-14 23:33:34.324938 Golf: Alpha, sending you 2
2024-10-14 23:33:34.328668 Alpha: Golf, sending you 2
2024-10-14 23:33:34.329885 Papa: Alpha, sending you 4
chatterbot Kilo submitting transactions
chatterbot Papa submitting transactions
chatterbot India submitting transactions
chatterbot Golf submitting transactions
chatterbot Uniform submitting transactions
chatterbot X-ray submitting transactions
chatterbot Zulu submitting transactions
chatterbot Juliett submitting transactions
chatterbot Alpha submitting transactions
chatterbot Quebec submitting transactions
ChatterBot Kilo round 14
ChatterBot X-ray round 14
ChatterBot India round 14
ChatterBot Zulu round 14
ChatterBot Juliett round 14
ChatterBot Quebec round 14
ChatterBot Papa round 14
ChatterBot Uniform round 14
ChatterBot Alpha round 14
ChatterBot Golf round 14
2024-10-14 23:33:35.619687 Kilo: India, Papa, Uniform and Golf, sending you 2
2024-10-14 23:33:35.623702 Kilo: Alpha, sending you 1
2024-10-14 23:33:35.624904 X-ray: Same as last round
2024-10-14 23:33:35.628678 India: Kilo, sending you 2
2024-10-14 23:33:35.630341 Uniform: Kilo, sending you 2
2024-10-14 23:33:35.631349 Zulu: X-ray, sending you 5
2024-10-14 23:33:35.632541 Juliett: X-ray, sending you 6
2024-10-14 23:33:35.633096 India: Papa, Uniform and Golf, sending you 3
2024-10-14 23:33:35.634355 Golf: Kilo, India, Papa and Uniform, sending you 3
2024-10-14 23:33:35.636470 Papa: Kilo, sending you 2
2024-10-14 23:33:35.638089 Zulu: Juliett, sending you 4
2024-10-14 23:33:35.638600 Uniform: India, Papa and Golf, sending you 3
2024-10-14 23:33:35.640123 Juliett: Zulu, sending you 5
2024-10-14 23:33:35.640689 India: Alpha, sending you 1
