ChatterBot November round 1
ChatterBot Oscar round 1
ChatterBot Charlie round 1
ChatterBot Lima round 1
ChatterBot Alpha round 1
ChatterBot Echo round 1
ChatterBot Foxtrot round 1
ChatterBot Kilo round 1
ChatterBot Zulu round 1
ChatterBot Hotel round 1
randomSelections Lima: {Lima, Echo, Kilo, Alpha, November, Foxtrot} 
2024-10-14 23:33:17.677196 Lima: Group up?
ChatterBot Echo reevaluating
ChatterBot Kilo reevaluating
ChatterBot Alpha reevaluating
ChatterBot November reevaluating
ChatterBot Foxtrot reevaluating
2024-10-14 23:33:17.742663 Echo: Yes
2024-10-14 23:33:17.742848 Kilo: Yes
2024-10-14 23:33:17.743046 Alpha: Yes
2024-10-14 23:33:17.743384 November: Yes
2024-10-14 23:33:17.743551 Foxtrot: Yes
ChatterBot Kilo reevaluating
ChatterBot Alpha reevaluating
ChatterBot November reevaluating
ChatterBot Foxtrot reevaluating
ChatterBot Echo reevaluating
ChatterBot Alpha reevaluating
ChatterBot November reevaluating
ChatterBot Foxtrot reevaluating
ChatterBot Echo reevaluating
ChatterBot Kilo reevaluating
ChatterBot November reevaluating
ChatterBot Foxtrot reevaluating
ChatterBot Echo reevaluating
ChatterBot Kilo reevaluating
ChatterBot Alpha reevaluating
ChatterBot Foxtrot reevaluating
ChatterBot Echo reevaluating
ChatterBot Kilo reevaluating
ChatterBot Alpha reevaluating
ChatterBot November reevaluating
randomSelections Hotel: {Hotel, Lima, Foxtrot, Alpha, Kilo, Charlie} 
2024-10-14 23:33:17.818508 Hotel: Group up?
ChatterBot Foxtrot reevaluating
ChatterBot Alpha reevaluating
ChatterBot Kilo reevaluating
ChatterBot Charlie reevaluating
2024-10-14 23:33:17.831700 Lima: No
2024-10-14 23:33:17.832745 Foxtrot: No
2024-10-14 23:33:17.833110 Alpha: No
2024-10-14 23:33:17.833495 Kilo: No
2024-10-14 23:33:17.834556 Charlie: Yes
ChatterBot Foxtrot reevaluating
ChatterBot Alpha reevaluating
ChatterBot Kilo reevaluating
ChatterBot Charlie reevaluating
ChatterBot Alpha reevaluating
ChatterBot Kilo reevaluating
ChatterBot Charlie reevaluating
ChatterBot Foxtrot reevaluating
ChatterBot Kilo reevaluating
ChatterBot Charlie reevaluating
ChatterBot Foxtrot reevaluating
ChatterBot Alpha reevaluating
ChatterBot Charlie reevaluating
ChatterBot Foxtrot reevaluating
ChatterBot Alpha reevaluating
ChatterBot Kilo reevaluating
randomSelections Oscar: {Oscar, Charlie, Hotel, November, Echo} 
2024-10-14 23:33:17.893024 Oscar: Group up?
ChatterBot Charlie reevaluating
ChatterBot November reevaluating
ChatterBot Echo reevaluating
2024-10-14 23:33:17.903263 Charlie: No
2024-10-14 23:33:17.903661 Hotel: No
2024-10-14 23:33:17.903945 November: No
2024-10-14 23:33:17.904147 Echo: No
ChatterBot November reevaluating
ChatterBot Echo reevaluating
ChatterBot Charlie reevaluating
ChatterBot November reevaluating
ChatterBot Echo reevaluating
ChatterBot Charlie reevaluating
ChatterBot Echo reevaluating
ChatterBot Charlie reevaluating
ChatterBot November reevaluating
randomSelections Zulu: {Zulu, Lima, Hotel} 
2024-10-14 23:33:17.951144 Zulu: Let's form a team
2024-10-14 23:33:17.956342 Lima: No
2024-10-14 23:33:17.956738 Hotel: No
2024-10-14 23:33:17.978672 Oscar: November and Hotel, sending you 5
2024-10-14 23:33:17.979264 Foxtrot: November, Echo and Kilo, sending you 2
2024-10-14 23:33:17.982656 Charlie: Lima and Foxtrot, sending you 3
2024-10-14 23:33:17.983158 Alpha: November and Echo, sending you 1
2024-10-14 23:33:17.984244 Oscar: Charlie, sending you 3
2024-10-14 23:33:17.984808 Foxtrot: Alpha, sending you 1
2024-10-14 23:33:17.987671 Lima: November, Alpha, Foxtrot and Kilo, sending you 2
2024-10-14 23:33:17.988256 Charlie: Kilo, sending you 1
2024-10-14 23:33:17.988691 Alpha: Lima, sending you 4
2024-10-14 23:33:17.989743 November: Lima, Alpha and Foxtrot, sending you 2
2024-10-14 23:33:17.990501 Echo: Lima and Foxtrot, sending you 1
2024-10-14 23:33:17.991871 Kilo: November and Alpha, sending you 1
2024-10-14 23:33:17.992581 Hotel: Charlie and Foxtrot, sending you 1
2024-10-14 23:33:17.994048 Alpha: Foxtrot, sending you 3
2024-10-14 23:33:17.994701 November: Echo and Kilo, sending you 1
2024-10-14 23:33:17.995154 Zulu: Lima, sending you 1
2024-10-14 23:33:17.996040 Echo: Alpha, sending you 7
2024-10-14 23:33:17.996540 Kilo: Foxtrot, sending you 3
2024-10-14 23:33:17.997810 Hotel: Lima and Alpha, sending you 3
2024-10-14 23:33:17.999969 Alpha: Kilo, sending you 2
2024-10-14 23:33:18.000676 Echo: Kilo, sending you 2
chatterbot Alpha submitting transactions
chatterbot Lima submitting transactions
chatterbot Kilo submitting transactions
chatterbot Hotel submitting transactions
chatterbot Echo submitting transactions
chatterbot Oscar submitting transactions
chatterbot Foxtrot submitting transactions
chatterbot Charlie submitting transactions
chatterbot November submitting transactions
chatterbot Zulu submitting transactions
ChatterBot November round 2
ChatterBot Oscar round 2
ChatterBot Charlie round 2
ChatterBot Lima round 2
ChatterBot Alpha round 2
ChatterBot Echo round 2
ChatterBot Foxtrot round 2
ChatterBot Kilo round 2
ChatterBot Zulu round 2
ChatterBot Hotel round 2
2024-10-14 23:33:19.336262 Charlie: We should group up
ChatterBot Oscar reevaluating
ChatterBot Hotel reevaluating
2024-10-14 23:33:19.349138 Oscar: No
2024-10-14 23:33:19.349286 Hotel: Yes
ChatterBot Charlie reevaluating
ChatterBot Hotel reevaluating
ChatterBot Charlie reevaluating
ChatterBot Oscar reevaluating
2024-10-14 23:33:19.487028 Hotel: Can we be friends?
ChatterBot Charlie reevaluating
ChatterBot Oscar reevaluating
ChatterBot Zulu reevaluating
2024-10-14 23:33:19.506968 Charlie: No
2024-10-14 23:33:19.507377 Oscar: No
2024-10-14 23:33:19.508232 Zulu: No
ChatterBot Hotel reevaluating
ChatterBot Oscar reevaluating
ChatterBot Zulu reevaluating
ChatterBot Hotel reevaluating
ChatterBot Charlie reevaluating
ChatterBot Zulu reevaluating
ChatterBot Hotel reevaluating
ChatterBot Oscar reevaluating
ChatterBot Charlie reevaluating
2024-10-14 23:33:19.592753 Alpha: We should add Hotel
ChatterBot Echo reevaluating
ChatterBot Foxtrot reevaluating
2024-10-14 23:33:19.624962 Lima: No
2024-10-14 23:33:19.625219 Echo: No
2024-10-14 23:33:19.626016 Kilo: No
2024-10-14 23:33:19.626438 November: No
2024-10-14 23:33:19.626660 Foxtrot: No
ChatterBot Echo reevaluating
ChatterBot Alpha reevaluating
ChatterBot Foxtrot reevaluating
ChatterBot Alpha reevaluating
ChatterBot Foxtrot reevaluating
ChatterBot Echo reevaluating
ChatterBot Alpha reevaluating
ChatterBot Foxtrot reevaluating
ChatterBot Echo reevaluating
ChatterBot Alpha reevaluating
ChatterBot Foxtrot reevaluating
ChatterBot Echo reevaluating
ChatterBot Alpha reevaluating
2024-10-14 23:33:19.793547 Echo: We should add Oscar
ChatterBot Alpha reevaluating
ChatterBot Foxtrot reevaluating
2024-10-14 23:33:19.825518 Lima: No
2024-10-14 23:33:19.825689 Kilo: No
2024-10-14 23:33:19.825830 Alpha: No
2024-10-14 23:33:19.825944 November: No
2024-10-14 23:33:19.826038 Foxtrot: No
ChatterBot Echo reevaluating
ChatterBot Alpha reevaluating
ChatterBot Foxtrot reevaluating
ChatterBot Echo reevaluating
ChatterBot Alpha reevaluating
ChatterBot Foxtrot reevaluating
ChatterBot Echo reevaluating
ChatterBot Foxtrot reevaluating
ChatterBot Echo reevaluating
ChatterBot Alpha reevaluating
ChatterBot Foxtrot reevaluating
ChatterBot Echo reevaluating
ChatterBot Alpha reevaluating
2024-10-14 23:33:20.007570 Echo: We should add Charlie
ChatterBot Alpha reevaluating
ChatterBot Foxtrot reevaluating
2024-10-14 23:33:20.043109 Lima: No
2024-10-14 23:33:20.043299 Kilo: No
2024-10-14 23:33:20.043453 Alpha: No
2024-10-14 23:33:20.043623 November: No
2024-10-14 23:33:20.044232 Foxtrot: No
ChatterBot Echo reevaluating
ChatterBot Alpha reevaluating
ChatterBot Foxtrot reevaluating
ChatterBot Echo reevaluating
ChatterBot Alpha reevaluating
ChatterBot Foxtrot reevaluating
ChatterBot Echo reevaluating
ChatterBot Foxtrot reevaluating
ChatterBot Echo reevaluating
ChatterBot Alpha reevaluating
ChatterBot Foxtrot reevaluating
ChatterBot Echo reevaluating
ChatterBot Alpha reevaluating
2024-10-14 23:33:20.318673 Zulu: We should drop Lima
2024-10-14 23:33:20.327357 Hotel: Yes
2024-10-14 23:33:20.371833 Kilo: November, sending you 1
2024-10-14 23:33:20.372335 Oscar: Sending you 12
2024-10-14 23:33:20.373187 Charlie: Oscar, sending you 3
2024-10-14 23:33:20.373504 Lima: November, sending you 2
chatterbot November submitting transactions
2024-10-14 23:33:20.374727 Kilo: Lima, Alpha, Echo and Foxtrot, sending you 3
2024-10-14 23:33:20.389815 Charlie: Hotel, sending you 2
2024-10-14 23:33:20.390137 Hotel: Oscar, sending you 5
2024-10-14 23:33:20.390348 Foxtrot: November, Lima and Echo, sending you 1
2024-10-14 23:33:20.391120 November: Lima and Alpha, sending you 2
2024-10-14 23:33:20.391427 Lima: Alpha, sending you 5
2024-10-14 23:33:20.391751 Zulu: Sending you 1
2024-10-14 23:33:20.433101 Hotel: Charlie, sending you 2
2024-10-14 23:33:20.433395 November: Foxtrot, sending you 3
2024-10-14 23:33:20.434268 Lima: Echo, sending you 1
2024-10-14 23:33:20.434799 Foxtrot: Alpha and Kilo, sending you 2
2024-10-14 23:33:20.435809 Echo: November, sending you 2
2024-10-14 23:33:20.436105 Alpha: November and Lima, sending you 2
2024-10-14 23:33:20.460056 Hotel: Zulu, sending you 1
2024-10-14 23:33:20.460855 November: Kilo, sending you 1
2024-10-14 23:33:20.461224 Echo: Lima and Kilo, sending you 1
2024-10-14 23:33:20.461520 Alpha: Echo, sending you 5
2024-10-14 23:33:20.519958 Echo: Alpha, sending you 3
2024-10-14 23:33:20.520371 Alpha: Foxtrot and Kilo, sending you 1
chatterbot Kilo submitting transactions
chatterbot Lima submitting transactions
chatterbot Zulu submitting transactions
2024-10-14 23:33:20.638860 Echo: Foxtrot, sending you 4
chatterbot Alpha submitting transactions
chatterbot Foxtrot submitting transactions
chatterbot Hotel submitting transactions
chatterbot Echo submitting transactions
chatterbot Charlie submitting transactions
chatterbot Oscar submitting transactions
ChatterBot November round 3
ChatterBot Oscar round 3
ChatterBot Charlie round 3
ChatterBot Lima round 3
ChatterBot Alpha round 3
ChatterBot Echo round 3
ChatterBot Foxtrot round 3
ChatterBot Kilo round 3
ChatterBot Zulu round 3
2024-10-14 23:33:21.363921 Echo: We should add Zulu
ChatterBot Kilo reevaluating
ChatterBot Foxtrot reevaluating
2024-10-14 23:33:21.383658 Lima: No
2024-10-14 23:33:21.384437 Kilo: No
2024-10-14 23:33:21.384621 Alpha: No
2024-10-14 23:33:21.384775 November: No
2024-10-14 23:33:21.384919 Foxtrot: No
ChatterBot Kilo reevaluating
ChatterBot Foxtrot reevaluating
ChatterBot Foxtrot reevaluating
ChatterBot Echo reevaluating
ChatterBot Kilo reevaluating
ChatterBot Foxtrot reevaluating
ChatterBot Echo reevaluating
ChatterBot Kilo reevaluating
ChatterBot Foxtrot reevaluating
ChatterBot Echo reevaluating
ChatterBot Kilo reevaluating
ChatterBot Hotel round 3
2024-10-14 23:33:21.477861 Charlie: We should drop Echo
ChatterBot Hotel reevaluating
2024-10-14 23:33:21.484840 Oscar: Yes
2024-10-14 23:33:21.485046 Hotel: Yes
ChatterBot Hotel reevaluating
2024-10-14 23:33:21.498115 Hotel: We should add Lima
ChatterBot Zulu reevaluating
2024-10-14 23:33:21.507532 Oscar: No
2024-10-14 23:33:21.508088 Charlie: No
2024-10-14 23:33:21.508204 Zulu: No
ChatterBot Hotel reevaluating
ChatterBot Zulu reevaluating
ChatterBot Hotel reevaluating
ChatterBot Zulu reevaluating
ChatterBot Hotel reevaluating
2024-10-14 23:33:21.541569 Zulu: We should add Oscar and Charlie
ChatterBot Hotel reevaluating
2024-10-14 23:33:21.544823 Hotel: Yes
ChatterBot Zulu reevaluating
2024-10-14 23:33:21.548404 Hotel: We should add Kilo
ChatterBot Zulu reevaluating
2024-10-14 23:33:21.557285 Oscar: No
2024-10-14 23:33:21.557396 Charlie: No
2024-10-14 23:33:21.557507 Zulu: No
ChatterBot Hotel reevaluating
ChatterBot Zulu reevaluating
ChatterBot Hotel reevaluating
ChatterBot Zulu reevaluating
ChatterBot Hotel reevaluating
2024-10-14 23:33:21.699426 Hotel: We should add November
ChatterBot Zulu reevaluating
2024-10-14 23:33:21.714888 Oscar: No
2024-10-14 23:33:21.715261 Charlie: No
2024-10-14 23:33:21.715567 Zulu: No
ChatterBot Zulu reevaluating
ChatterBot Hotel reevaluating
ChatterBot Zulu reevaluating
ChatterBot Hotel reevaluating
2024-10-14 23:33:21.752513 Alpha: November and Kilo, sending you 2
2024-10-14 23:33:21.754065 Oscar: Charlie, sending you 7
2024-10-14 23:33:21.754375 November: Lima, sending you 3
2024-10-14 23:33:21.754922 Lima: November and Kilo, sending you 2
2024-10-14 23:33:21.756719 Alpha: Lima and Echo, sending you 3
2024-10-14 23:33:21.758252 Oscar: Hotel, sending you 10
2024-10-14 23:33:21.758698 November: Alpha and Foxtrot, sending you 2
2024-10-14 23:33:21.760454 Kilo: November, sending you 2
2024-10-14 23:33:21.762163 Lima: Alpha, sending you 3
2024-10-14 23:33:21.763979 Charlie: Sending you each 3
2024-10-14 23:33:21.764688 Foxtrot: November and Kilo, sending you 2
2024-10-14 23:33:21.766656 Hotel: Kilo we want you to join our group
2024-10-14 23:33:21.772967 Kilo: No
ChatterBot Hotel reevaluating
2024-10-14 23:33:21.796464 Hotel: We should add Foxtrot
2024-10-14 23:33:21.806860 Oscar: No
2024-10-14 23:33:21.807636 Charlie: No
2024-10-14 23:33:21.807909 Zulu: No
ChatterBot Hotel reevaluating
ChatterBot Hotel reevaluating
ChatterBot Hotel reevaluating
2024-10-14 23:33:21.835053 Alpha: Foxtrot, sending you 1
2024-10-14 23:33:21.836421 Zulu: Oscar and Charlie we want you to join our group
2024-10-14 23:33:21.842796 Oscar: No
2024-10-14 23:33:21.843081 Charlie: No
ChatterBot Hotel reevaluating
ChatterBot Hotel reevaluating
2024-10-14 23:33:21.860863 November: Echo and Kilo, sending you 1
2024-10-14 23:33:21.862135 Echo: November, Lima, Foxtrot and Kilo, sending you 2
2024-10-14 23:33:21.862730 Kilo: Lima, sending you 1
2024-10-14 23:33:21.863846 Lima: Echo, sending you 1
2024-10-14 23:33:21.864391 Foxtrot: Lima, Alpha and Echo, sending you 1
2024-10-14 23:33:21.867149 Echo: Alpha, sending you 3
2024-10-14 23:33:21.868894 Kilo: Alpha and Echo, sending you 3
2024-10-14 23:33:21.871862 Hotel: Lima we want you to join our group
2024-10-14 23:33:21.876330 Lima: No
ChatterBot Hotel reevaluating
2024-10-14 23:33:21.892969 Kilo: Foxtrot, sending you 4
2024-10-14 23:33:21.896906 Zulu: Oscar, sending you 1
2024-10-14 23:33:21.920674 Hotel: Oscar, sending you 3
2024-10-14 23:33:21.926682 Hotel: Charlie and Zulu, sending you 2
2024-10-14 23:33:21.932170 Hotel: Kilo, sending you 1
chatterbot November submitting transactions
chatterbot Foxtrot submitting transactions
chatterbot Lima submitting transactions
chatterbot Alpha submitting transactions
chatterbot Charlie submitting transactions
chatterbot Oscar submitting transactions
chatterbot Echo submitting transactions
chatterbot Kilo submitting transactions
chatterbot Hotel submitting transactions
chatterbot Zulu submitting transactions
ChatterBot November round 4
ChatterBot Oscar round 4
ChatterBot Charlie round 4
ChatterBot Lima round 4
ChatterBot Alpha round 4
ChatterBot Echo round 4
ChatterBot Foxtrot round 4
ChatterBot Kilo round 4
ChatterBot Zulu round 4
ChatterBot Hotel round 4
2024-10-14 23:33:22.897646 Hotel: We should drop Kilo
ChatterBot Charlie reevaluating
2024-10-14 23:33:22.917442 Oscar: Yes
2024-10-14 23:33:22.917699 Charlie: Yes
2024-10-14 23:33:22.917917 Zulu: Yes
ChatterBot Charlie reevaluating
ChatterBot Charlie reevaluating
2024-10-14 23:33:22.969679 Lima: November, sending you 2
2024-10-14 23:33:22.970432 Zulu: Oscar, sending you 1
2024-10-14 23:33:22.971308 Echo: November, Lima, Foxtrot and Kilo, sending you 2
2024-10-14 23:33:22.971945 Foxtrot: November and Kilo, sending you 2
2024-10-14 23:33:22.973273 Oscar: Charlie, sending you 8
2024-10-14 23:33:22.973574 Alpha: November and Kilo, sending you 2
2024-10-14 23:33:22.974146 Kilo: November, sending you 1
2024-10-14 23:33:22.975293 November: Lima, sending you 3
2024-10-14 23:33:22.976534 Charlie: Zulu we want you to join our group
2024-10-14 23:33:22.984417 Zulu: Yes
ChatterBot Oscar reevaluating
2024-10-14 23:33:23.011054 Oscar: We should add Zulu
2024-10-14 23:33:23.024937 Charlie: Yes
2024-10-14 23:33:23.025115 Hotel: Yes
ChatterBot Oscar reevaluating
ChatterBot Oscar reevaluating
2024-10-14 23:33:23.054289 Lima: Alpha, sending you 3
2024-10-14 23:33:23.055781 Echo: Alpha, sending you 3
2024-10-14 23:33:23.056988 Foxtrot: Lima, Alpha and Echo, sending you 1
2024-10-14 23:33:23.057710 Alpha: Lima and Echo, sending you 3
2024-10-14 23:33:23.058974 Kilo: Lima, sending you 2
2024-10-14 23:33:23.059597 November: Alpha and Foxtrot, sending you 2
2024-10-14 23:33:23.060745 Hotel: Oscar, sending you 4
2024-10-14 23:33:23.061287 Lima: Echo, Foxtrot and Kilo, sending you 1
2024-10-14 23:33:23.062566 Alpha: Foxtrot, sending you 1
2024-10-14 23:33:23.063777 Kilo: Alpha and Echo, sending you 3
2024-10-14 23:33:23.064365 November: Echo and Kilo, sending you 1
2024-10-14 23:33:23.065687 Hotel: Charlie and Zulu, sending you 2
2024-10-14 23:33:23.066860 Kilo: Foxtrot, sending you 4
2024-10-14 23:33:23.079658 Charlie: Oscar, sending you 2
2024-10-14 23:33:23.083835 Charlie: Hotel, sending you 3
chatterbot Zulu submitting transactions
chatterbot Hotel submitting transactions
chatterbot Alpha submitting transactions
chatterbot Lima submitting transactions
chatterbot Foxtrot submitting transactions
chatterbot Kilo submitting transactions
chatterbot Oscar submitting transactions
chatterbot November submitting transactions
chatterbot Echo submitting transactions
chatterbot Charlie submitting transactions
ChatterBot November round 5
ChatterBot Oscar round 5
ChatterBot Charlie round 5
ChatterBot Lima round 5
2024-10-14 23:33:23.968385 Oscar: We should add Zulu
2024-10-14 23:33:23.978879 Charlie: Yes
2024-10-14 23:33:23.979188 Hotel: Yes
ChatterBot Alpha round 5
ChatterBot Echo round 5
ChatterBot Foxtrot round 5
ChatterBot Kilo round 5
ChatterBot Zulu round 5
ChatterBot Hotel round 5
2024-10-14 23:33:24.016063 Oscar: Zulu we want you to join our group
2024-10-14 23:33:24.019671 Zulu: Yes
ChatterBot Oscar reevaluating
2024-10-14 23:33:24.056707 Foxtrot: November, Lima, Alpha and Echo, sending you 1
2024-10-14 23:33:24.057698 November: Lima, Alpha, Echo and Foxtrot, sending you 2
2024-10-14 23:33:24.059712 Charlie: Oscar and Hotel, sending you 2
2024-10-14 23:33:24.060392 Foxtrot: Kilo, sending you 3
2024-10-14 23:33:24.061361 Echo: November, Lima, Foxtrot and Kilo, sending you 2
2024-10-14 23:33:24.063052 November: Kilo, sending you 1
2024-10-14 23:33:24.064098 Kilo: November and Lima, sending you 2
2024-10-14 23:33:24.065445 Oscar: Charlie, sending you 7
2024-10-14 23:33:24.067717 Echo: Alpha, sending you 3
2024-10-14 23:33:24.069701 Kilo: Alpha, Echo and Foxtrot, sending you 3
2024-10-14 23:33:24.070481 Oscar: Hotel, sending you 10
2024-10-14 23:33:24.071521 Hotel: Oscar, sending you 4
2024-10-14 23:33:24.072046 Alpha: November and Kilo, sending you 2
2024-10-14 23:33:24.072915 Zulu: Oscar, sending you 1
2024-10-14 23:33:24.074465 Lima: November, sending you 2
2024-10-14 23:33:24.076303 Hotel: Charlie, sending you 3
2024-10-14 23:33:24.081658 Alpha: Lima and Echo, sending you 3
2024-10-14 23:33:24.083831 Lima: Alpha, sending you 3
2024-10-14 23:33:24.087323 Hotel: Zulu, sending you 1
2024-10-14 23:33:24.089558 Alpha: Foxtrot, sending you 1
2024-10-14 23:33:24.091655 Lima: Echo, Foxtrot and Kilo, sending you 1
chatterbot Alpha submitting transactions
chatterbot Foxtrot submitting transactions
chatterbot Zulu submitting transactions
chatterbot Kilo submitting transactions
chatterbot Oscar submitting transactions
chatterbot Hotel submitting transactions
chatterbot Lima submitting transactions
chatterbot Charlie submitting transactions
chatterbot Echo submitting transactions
chatterbot November submitting transactions
ChatterBot November round 6
ChatterBot Oscar round 6
ChatterBot Charlie round 6
ChatterBot Lima round 6
ChatterBot Alpha round 6
ChatterBot Echo round 6
ChatterBot Foxtrot round 6
ChatterBot Kilo round 6
ChatterBot Zulu round 6
ChatterBot Hotel round 6
2024-10-14 23:33:25.304660 Oscar: Charlie, sending you 7
2024-10-14 23:33:25.308111 Lima: November, sending you 2
2024-10-14 23:33:25.309143 November: Lima, Alpha, Echo and Foxtrot, sending you 2
2024-10-14 23:33:25.310686 Oscar: Hotel, sending you 10
2024-10-14 23:33:25.311348 Charlie: Oscar, sending you 2
2024-10-14 23:33:25.312740 Lima: Alpha, sending you 3
2024-10-14 23:33:25.313785 Alpha: November and Kilo, sending you 2
2024-10-14 23:33:25.315410 November: Kilo, sending you 1
2024-10-14 23:33:25.317259 Kilo: November, sending you 1
2024-10-14 23:33:25.318398 Charlie: Hotel, sending you 3
2024-10-14 23:33:25.319711 Zulu: Oscar, sending you 1
2024-10-14 23:33:25.320553 Alpha: Lima and Echo, sending you 3
2024-10-14 23:33:25.322273 Lima: Echo, Foxtrot and Kilo, sending you 1
2024-10-14 23:33:25.323913 Kilo: Lima, sending you 2
2024-10-14 23:33:25.325135 Echo: November, Lima, Foxtrot and Kilo, sending you 2
2024-10-14 23:33:25.327038 Foxtrot: November, Lima, Alpha and Echo, sending you 1
2024-10-14 23:33:25.328909 Hotel: Oscar, sending you 4
2024-10-14 23:33:25.330502 Alpha: Foxtrot, sending you 1
2024-10-14 23:33:25.332708 Kilo: Alpha and Echo, sending you 3
2024-10-14 23:33:25.333813 Echo: Alpha, sending you 3
2024-10-14 23:33:25.335611 Foxtrot: Kilo, sending you 3
2024-10-14 23:33:25.336684 Hotel: Charlie and Zulu, sending you 2
2024-10-14 23:33:25.338153 Kilo: Foxtrot, sending you 4
chatterbot Echo submitting transactions
chatterbot Foxtrot submitting transactions
chatterbot Lima submitting transactions
chatterbot Hotel submitting transactions
chatterbot Oscar submitting transactions
chatterbot Charlie submitting transactions
chatterbot Alpha submitting transactions
chatterbot November submitting transactions
chatterbot Zulu submitting transactions
chatterbot Kilo submitting transactions
ChatterBot November round 7
ChatterBot Oscar round 7
ChatterBot Charlie round 7
ChatterBot Lima round 7
ChatterBot Alpha round 7
ChatterBot Echo round 7
ChatterBot Foxtrot round 7
ChatterBot Kilo round 7
ChatterBot Zulu round 7
ChatterBot Hotel round 7
2024-10-14 23:33:26.579181 Oscar: We should add Zulu
2024-10-14 23:33:26.589727 Charlie: Yes
2024-10-14 23:33:26.589964 Hotel: Yes
2024-10-14 23:33:26.631085 Oscar: Zulu we want you to join our group
2024-10-14 23:33:26.635459 Zulu: No
2024-10-14 23:33:26.651667 Alpha: November and Kilo, sending you 2
2024-10-14 23:33:26.654698 Hotel: Oscar, sending you 4
2024-10-14 23:33:26.655804 Kilo: November, sending you 1
2024-10-14 23:33:26.656437 Alpha: Lima and Echo, sending you 3
2024-10-14 23:33:26.657172 Echo: November, Lima, Foxtrot and Kilo, sending you 2
2024-10-14 23:33:26.658240 Oscar: Charlie, sending you 5
2024-10-14 23:33:26.658757 November: Lima, Alpha, Echo and Foxtrot, sending you 2
2024-10-14 23:33:26.659356 Lima: November, sending you 2
2024-10-14 23:33:26.660052 Hotel: Charlie, sending you 3
2024-10-14 23:33:26.660849 Kilo: Lima, sending you 2
2024-10-14 23:33:26.661570 Foxtrot: November, Lima, Alpha and Echo, sending you 1
2024-10-14 23:33:26.662332 Alpha: Foxtrot, sending you 1
2024-10-14 23:33:26.663466 November: Kilo, sending you 1
2024-10-14 23:33:26.664487 Echo: Alpha, sending you 3
2024-10-14 23:33:26.665337 Oscar: Zulu, sending you 3
2024-10-14 23:33:26.665830 Lima: Alpha, sending you 3
2024-10-14 23:33:26.667064 Charlie: Oscar, sending you 2
2024-10-14 23:33:26.667554 Hotel: Zulu, sending you 1
2024-10-14 23:33:26.668340 Kilo: Alpha and Echo, sending you 3
2024-10-14 23:33:26.669147 Foxtrot: Kilo, sending you 3
2024-10-14 23:33:26.669954 Oscar: Hotel, sending you 9
2024-10-14 23:33:26.671140 Charlie: Hotel, sending you 3
2024-10-14 23:33:26.671681 Lima: Echo, Foxtrot and Kilo, sending you 1
2024-10-14 23:33:26.674274 Kilo: Foxtrot, sending you 4
chatterbot Alpha submitting transactions
chatterbot Echo submitting transactions
chatterbot Foxtrot submitting transactions
chatterbot Lima submitting transactions
chatterbot November submitting transactions
chatterbot Oscar submitting transactions
chatterbot Hotel submitting transactions
chatterbot Charlie submitting transactions
chatterbot Zulu submitting transactions
chatterbot Kilo submitting transactions
ChatterBot November round 8
ChatterBot Oscar round 8
ChatterBot Charlie round 8
ChatterBot Lima round 8
ChatterBot Alpha round 8
ChatterBot Echo round 8
ChatterBot Foxtrot round 8
ChatterBot Kilo round 8
ChatterBot Zulu round 8
ChatterBot Hotel round 8
2024-10-14 23:33:27.919845 Oscar: We should drop Zulu
2024-10-14 23:33:27.925684 Charlie: No
2024-10-14 23:33:27.925920 Hotel: No
ChatterBot Oscar reevaluating
ChatterBot Oscar reevaluating
2024-10-14 23:33:27.952655 Lima: November, sending you 2
2024-10-14 23:33:27.961298 Lima: Alpha, sending you 3
2024-10-14 23:33:27.962276 Echo: November, Lima, Foxtrot and Kilo, sending you 2
2024-10-14 23:33:27.964011 Alpha: November and Kilo, sending you 2
2024-10-14 23:33:27.965698 Charlie: Oscar, sending you 2
2024-10-14 23:33:27.966677 Lima: Echo, Foxtrot and Kilo, sending you 1
2024-10-14 23:33:27.967678 Echo: Alpha, sending you 3
2024-10-14 23:33:27.968589 Alpha: Lima and Echo, sending you 3
2024-10-14 23:33:27.974428 November: Lima, Alpha, Echo and Foxtrot, sending you 2
2024-10-14 23:33:27.975354 Oscar: Charlie, sending you 6
2024-10-14 23:33:27.975876 Kilo: November, sending you 1
2024-10-14 23:33:27.977193 Charlie: Hotel, sending you 3
2024-10-14 23:33:27.977720 Hotel: Oscar, sending you 4
2024-10-14 23:33:27.979270 November: Kilo, sending you 1
2024-10-14 23:33:27.980238 Alpha: Foxtrot, sending you 1
2024-10-14 23:33:27.982352 Oscar: Zulu, sending you 2
2024-10-14 23:33:27.982799 Kilo: Lima, sending you 2
2024-10-14 23:33:27.987448 Hotel: Charlie, sending you 3
2024-10-14 23:33:27.988062 Oscar: Hotel, sending you 9
2024-10-14 23:33:27.991677 Kilo: Alpha and Echo, sending you 3
2024-10-14 23:33:27.992560 Hotel: Zulu, sending you 1
2024-10-14 23:33:27.994683 Kilo: Foxtrot, sending you 4
chatterbot Oscar submitting transactions
chatterbot Kilo submitting transactions
chatterbot Alpha submitting transactions
chatterbot Charlie submitting transactions
chatterbot Foxtrot submitting transactions
chatterbot Zulu submitting transactions
chatterbot Lima submitting transactions
chatterbot Hotel submitting transactions
chatterbot Echo submitting transactions
chatterbot November submitting transactions
ChatterBot November round 9
ChatterBot Oscar round 9
ChatterBot Charlie round 9
ChatterBot Lima round 9
ChatterBot Alpha round 9
ChatterBot Echo round 9
ChatterBot Foxtrot round 9
ChatterBot Kilo round 9
ChatterBot Zulu round 9
ChatterBot Hotel round 9
2024-10-14 23:33:29.013243 Echo: We should add Hotel
ChatterBot Alpha reevaluating
2024-10-14 23:33:29.041928 Lima: No
2024-10-14 23:33:29.042166 Kilo: No
2024-10-14 23:33:29.042359 Alpha: No
2024-10-14 23:33:29.042544 November: No
2024-10-14 23:33:29.042741 Foxtrot: No
ChatterBot Echo reevaluating
ChatterBot Alpha reevaluating
ChatterBot Echo reevaluating
ChatterBot Alpha reevaluating
ChatterBot Foxtrot reevaluating
ChatterBot Echo reevaluating
ChatterBot Foxtrot reevaluating
ChatterBot Echo reevaluating
ChatterBot Alpha reevaluating
ChatterBot Foxtrot reevaluating
ChatterBot Echo reevaluating
ChatterBot Alpha reevaluating
2024-10-14 23:33:29.134409 Alpha: We should add Zulu
ChatterBot Echo reevaluating
ChatterBot Foxtrot reevaluating
2024-10-14 23:33:29.152309 Lima: No
2024-10-14 23:33:29.152445 Echo: Yes
2024-10-14 23:33:29.152563 Kilo: No
2024-10-14 23:33:29.152682 November: No
2024-10-14 23:33:29.152783 Foxtrot: No
ChatterBot Echo reevaluating
ChatterBot Alpha reevaluating
ChatterBot Foxtrot reevaluating
ChatterBot Alpha reevaluating
ChatterBot Foxtrot reevaluating
ChatterBot Echo reevaluating
ChatterBot Alpha reevaluating
ChatterBot Foxtrot reevaluating
ChatterBot Echo reevaluating
ChatterBot Alpha reevaluating
ChatterBot Foxtrot reevaluating
ChatterBot Echo reevaluating
ChatterBot Alpha reevaluating
2024-10-14 23:33:29.271673 November: Lima, sending you 3
2024-10-14 23:33:29.273680 Oscar: I was attacked by Foxtrot
ChatterBot Hotel reevaluating
ChatterBot Charlie reevaluating
ChatterBot Zulu reevaluating
2024-10-14 23:33:29.284389 Oscar: I'm keeping this round to protect myself
2024-10-14 23:33:29.285024 Oscar: Ow
2024-10-14 23:33:29.285345 November: Alpha and Echo, sending you 2
2024-10-14 23:33:29.288936 November: Foxtrot and Kilo, sending you 1
2024-10-14 23:33:29.289787 Lima: November, sending you 2
2024-10-14 23:33:29.290673 Kilo: November and Lima, sending you 2
2024-10-14 23:33:29.292095 Foxtrot: November, Lima, Alpha and Echo, sending you 1
2024-10-14 23:33:29.293651 Lima: Alpha, sending you 3
2024-10-14 23:33:29.294981 Kilo: Alpha, Echo and Foxtrot, sending you 3
2024-10-14 23:33:29.295680 Alpha: November and Kilo, sending you 2
2024-10-14 23:33:29.296669 Foxtrot: Kilo, sending you 3
2024-10-14 23:33:29.297670 Lima: Echo, Foxtrot and Kilo, sending you 1
2024-10-14 23:33:29.299662 Alpha: Lima and Echo, sending you 3
2024-10-14 23:33:29.304746 Alpha: Foxtrot, sending you 1
2024-10-14 23:33:29.305660 Echo: November, Lima, Foxtrot and Kilo, sending you 2
2024-10-14 23:33:29.308661 Echo: Alpha, sending you 3
2024-10-14 23:33:29.317667 Hotel: Oscar, sending you 4
2024-10-14 23:33:29.320651 Hotel: Charlie, sending you 3
2024-10-14 23:33:29.325659 Hotel: Zulu, sending you 1
chatterbot Oscar submitting transactions
chatterbot November submitting transactions
chatterbot Lima submitting transactions
chatterbot Kilo submitting transactions
chatterbot Alpha submitting transactions
chatterbot Charlie submitting transactions
chatterbot Charlie submitting transactions
chatterbot Zulu submitting transactions
chatterbot Hotel submitting transactions
chatterbot Foxtrot submitting transactions
chatterbot Echo submitting transactions
ChatterBot November round 10
ChatterBot Oscar round 10
ChatterBot Charlie round 10
ChatterBot Lima round 10
ChatterBot Alpha round 10
ChatterBot Echo round 10
ChatterBot Foxtrot round 10
ChatterBot Kilo round 10
ChatterBot Zulu round 10
ChatterBot Hotel round 10
2024-10-14 23:33:30.495684 Lima: November, sending you 2
2024-10-14 23:33:30.496721 November: Lima, sending you 3
2024-10-14 23:33:30.500154 Lima: Alpha, sending you 3
2024-10-14 23:33:30.501694 November: Alpha and Echo, sending you 2
2024-10-14 23:33:30.504790 Kilo: November, sending you 1
2024-10-14 23:33:30.506111 Lima: Echo, Foxtrot and Kilo, sending you 1
2024-10-14 23:33:30.507573 November: Foxtrot and Kilo, sending you 1
2024-10-14 23:33:30.508333 Echo: November, Lima, Foxtrot and Kilo, sending you 2
2024-10-14 23:33:30.508962 Alpha: November and Kilo, sending you 2
2024-10-14 23:33:30.510159 Kilo: Lima, sending you 2
2024-10-14 23:33:30.512686 Alpha: Lima and Echo, sending you 3
2024-10-14 23:33:30.513942 Echo: Alpha, sending you 3
2024-10-14 23:33:30.515674 Kilo: Alpha and Echo, sending you 3
2024-10-14 23:33:30.517340 Foxtrot: November, Lima, Alpha and Echo, sending you 1
2024-10-14 23:33:30.518103 Hotel: Oscar and Charlie, sending you 3
2024-10-14 23:33:30.518685 Alpha: Foxtrot, sending you 1
2024-10-14 23:33:30.522055 Kilo: Foxtrot, sending you 4
2024-10-14 23:33:30.523030 Foxtrot: Kilo, sending you 3
2024-10-14 23:33:30.523764 Hotel: Zulu, sending you 2
chatterbot November submitting transactions
chatterbot Hotel submitting transactions
chatterbot Foxtrot submitting transactions
chatterbot Lima submitting transactions
chatterbot Zulu submitting transactions
chatterbot Kilo submitting transactions
chatterbot Echo submitting transactions
chatterbot Alpha submitting transactions
chatterbot Charlie submitting transactions
chatterbot Oscar submitting transactions
ChatterBot November round 11
ChatterBot Oscar round 11
ChatterBot Charlie round 11
ChatterBot Lima round 11
ChatterBot Alpha round 11
ChatterBot Echo round 11
ChatterBot Foxtrot round 11
ChatterBot Kilo round 11
ChatterBot Zulu round 11
ChatterBot Hotel round 11
2024-10-14 23:33:31.764462 Alpha: We should add Charlie
ChatterBot Echo reevaluating
ChatterBot Foxtrot reevaluating
2024-10-14 23:33:31.787592 Lima: No
2024-10-14 23:33:31.787830 Echo: Yes
2024-10-14 23:33:31.787969 Kilo: No
2024-10-14 23:33:31.788115 November: No
2024-10-14 23:33:31.788243 Foxtrot: No
ChatterBot Echo reevaluating
ChatterBot Foxtrot reevaluating
ChatterBot Lima reevaluating
ChatterBot Alpha reevaluating
ChatterBot Foxtrot reevaluating
ChatterBot Lima reevaluating
ChatterBot Echo reevaluating
ChatterBot Alpha reevaluating
ChatterBot Foxtrot reevaluating
ChatterBot Lima reevaluating
ChatterBot Echo reevaluating
ChatterBot Alpha reevaluating
ChatterBot Foxtrot reevaluating
ChatterBot Lima reevaluating
ChatterBot Echo reevaluating
ChatterBot Alpha reevaluating
2024-10-14 23:33:31.903267 Oscar: We should drop Zulu
ChatterBot Charlie reevaluating
2024-10-14 23:33:31.910389 Charlie: No
2024-10-14 23:33:31.910539 Hotel: No
ChatterBot Charlie reevaluating
2024-10-14 23:33:31.946044 Oscar: Charlie, sending you 2
2024-10-14 23:33:31.946670 November: Lima, sending you 3
2024-10-14 23:33:31.947870 Kilo: November, sending you 1
2024-10-14 23:33:31.949532 Hotel: Oscar and Charlie, sending you 3
2024-10-14 23:33:31.950111 Foxtrot: November, Lima, Alpha and Echo, sending you 1
2024-10-14 23:33:31.951693 Oscar: Hotel, sending you 3
2024-10-14 23:33:31.952214 November: Alpha and Echo, sending you 2
2024-10-14 23:33:31.952862 Alpha: November and Kilo, sending you 2
2024-10-14 23:33:31.953464 Echo: November, Lima, Foxtrot and Kilo, sending you 2
2024-10-14 23:33:31.954561 Lima: November, sending you 2
2024-10-14 23:33:31.955222 Kilo: Lima, sending you 2
2024-10-14 23:33:31.955910 Hotel: Zulu, sending you 2
2024-10-14 23:33:31.956815 Foxtrot: Kilo, sending you 3
2024-10-14 23:33:31.957517 Alpha: Lima and Echo, sending you 3
2024-10-14 23:33:31.958956 November: Foxtrot and Kilo, sending you 1
2024-10-14 23:33:31.959969 Echo: Alpha, sending you 3
2024-10-14 23:33:31.961357 Lima: Alpha, sending you 3
2024-10-14 23:33:31.962222 Kilo: Alpha and Echo, sending you 3
2024-10-14 23:33:31.963016 Alpha: Foxtrot, sending you 1
2024-10-14 23:33:31.966688 Lima: Echo, Foxtrot and Kilo, sending you 1
2024-10-14 23:33:31.967994 Kilo: Foxtrot, sending you 4
chatterbot Hotel submitting transactions
chatterbot Alpha submitting transactions
chatterbot Foxtrot submitting transactions
chatterbot Zulu submitting transactions
chatterbot Lima submitting transactions
chatterbot Kilo submitting transactions
chatterbot Charlie submitting transactions
chatterbot Echo submitting transactions
chatterbot November submitting transactions
chatterbot Oscar submitting transactions
ChatterBot November round 12
ChatterBot Oscar round 12
ChatterBot Charlie round 12
ChatterBot Lima round 12
ChatterBot Alpha round 12
ChatterBot Echo round 12
ChatterBot Foxtrot round 12
ChatterBot Kilo round 12
ChatterBot Zulu round 12
ChatterBot Hotel round 12
2024-10-14 23:33:33.017885 Foxtrot: November, Lima, Alpha and Echo, sending you 1
2024-10-14 23:33:33.019397 November: Lima, sending you 3
2024-10-14 23:33:33.036991 Oscar: Charlie, sending you 7
2024-10-14 23:33:33.038140 Kilo: November, sending you 1
2024-10-14 23:33:33.039812 Alpha: November and Kilo, sending you 2
2024-10-14 23:33:33.041130 Echo: November, Lima, Foxtrot and Kilo, sending you 2
2024-10-14 23:33:33.041931 Foxtrot: Kilo, sending you 3
2024-10-14 23:33:33.043425 Lima: November, sending you 2
2024-10-14 23:33:33.045647 November: Alpha and Echo, sending you 2
2024-10-14 23:33:33.047480 Oscar: Hotel, sending you 10
2024-10-14 23:33:33.048104 Kilo: Lima, sending you 2
2024-10-14 23:33:33.049534 Alpha: Lima and Echo, sending you 3
2024-10-14 23:33:33.050978 Echo: Alpha, sending you 3
2024-10-14 23:33:33.052283 Lima: Alpha, sending you 3
2024-10-14 23:33:33.053073 Hotel: Oscar and Charlie, sending you 3
2024-10-14 23:33:33.054284 November: Foxtrot and Kilo, sending you 1
2024-10-14 23:33:33.055934 Kilo: Alpha and Echo, sending you 3
2024-10-14 23:33:33.057199 Alpha: Foxtrot, sending you 1
2024-10-14 23:33:33.057967 Lima: Echo, Foxtrot and Kilo, sending you 1
2024-10-14 23:33:33.059380 Hotel: Zulu, sending you 2
2024-10-14 23:33:33.083661 Kilo: Foxtrot, sending you 4
chatterbot Kilo submitting transactions
chatterbot Zulu submitting transactions
chatterbot Lima submitting transactions
chatterbot November submitting transactions
chatterbot Alpha submitting transactions
chatterbot Hotel submitting transactions
chatterbot Charlie submitting transactions
chatterbot Foxtrot submitting transactions
chatterbot Oscar submitting transactions
chatterbot Echo submitting transactions
ChatterBot November round 13
ChatterBot Oscar round 13
ChatterBot Charlie round 13
ChatterBot Lima round 13
ChatterBot Alpha round 13
ChatterBot Echo round 13
ChatterBot Foxtrot round 13
ChatterBot Kilo round 13
ChatterBot Zulu round 13
ChatterBot Hotel round 13
2024-10-14 23:33:34.213673 November: Lima, sending you 3
2024-10-14 23:33:34.217078 Lima: November, sending you 2
2024-10-14 23:33:34.218405 November: Alpha and Echo, sending you 2
2024-10-14 23:33:34.219404 Kilo: November, sending you 1
2024-10-14 23:33:34.220309 Echo: November, Lima, Foxtrot and Kilo, sending you 2
2024-10-14 23:33:34.221148 Foxtrot: November, Lima, Alpha and Echo, sending you 1
2024-10-14 23:33:34.222604 Lima: Alpha, sending you 3
2024-10-14 23:33:34.223478 November: Foxtrot and Kilo, sending you 1
2024-10-14 23:33:34.224314 Kilo: Lima, sending you 2
2024-10-14 23:33:34.225137 Echo: Alpha, sending you 3
2024-10-14 23:33:34.225931 Alpha: November and Kilo, sending you 2
2024-10-14 23:33:34.227164 Foxtrot: Kilo, sending you 3
2024-10-14 23:33:34.228 Hotel: Oscar and Charlie, sending you 3
2024-10-14 23:33:34.228438 Lima: Echo, Foxtrot and Kilo, sending you 1
2024-10-14 23:33:34.229272 Kilo: Alpha and Echo, sending you 3
2024-10-14 23:33:34.230150 Oscar: Charlie, sending you 7
2024-10-14 23:33:34.230485 Alpha: Lima and Echo, sending you 3
2024-10-14 23:33:34.231693 Hotel: Zulu, sending you 2
2024-10-14 23:33:34.234659 Kilo: Foxtrot, sending you 4
2024-10-14 23:33:34.235767 Oscar: Hotel, sending you 10
2024-10-14 23:33:34.236737 Alpha: Foxtrot, sending you 1
chatterbot Hotel submitting transactions
chatterbot Charlie submitting transactions
chatterbot Oscar submitting transactions
chatterbot Foxtrot submitting transactions
chatterbot Echo submitting transactions
chatterbot Alpha submitting transactions
chatterbot November submitting transactions
chatterbot Lima submitting transactions
chatterbot Kilo submitting transactions
chatterbot Zulu submitting transactions
ChatterBot November round 14
ChatterBot Oscar round 14
ChatterBot Charlie round 14
ChatterBot Lima round 14
ChatterBot Alpha round 14
ChatterBot Echo round 14
ChatterBot Foxtrot round 14
ChatterBot Kilo round 14
ChatterBot Zulu round 14
ChatterBot Hotel round 14
2024-10-14 23:33:35.451659 Foxtrot: We should drop Lima
2024-10-14 23:33:35.477930 November: No
2024-10-14 23:33:35.478234 Alpha: No
2024-10-14 23:33:35.478456 Echo: No
2024-10-14 23:33:35.478623 Kilo: No
ChatterBot Foxtrot reevaluating
ChatterBot Foxtrot reevaluating
ChatterBot Foxtrot reevaluating
ChatterBot Foxtrot reevaluating
ChatterBot Alpha reevaluating
2024-10-14 23:33:35.565341 Alpha: We should add Zulu
ChatterBot Foxtrot reevaluating
2024-10-14 23:33:35.583674 Lima: No
2024-10-14 23:33:35.584531 Echo: No
2024-10-14 23:33:35.584671 Kilo: No
2024-10-14 23:33:35.584802 November: No
2024-10-14 23:33:35.584943 Foxtrot: No
ChatterBot Alpha reevaluating
ChatterBot Foxtrot reevaluating
ChatterBot Alpha reevaluating
ChatterBot Foxtrot reevaluating
ChatterBot Alpha reevaluating
ChatterBot Foxtrot reevaluating
ChatterBot Alpha reevaluating
ChatterBot Foxtrot reevaluating
ChatterBot Alpha reevaluating
2024-10-14 23:33:35.684114 Lima: November, sending you 2
2024-10-14 23:33:35.687698 Oscar: Charlie, sending you 7
2024-10-14 23:33:35.688258 Kilo: November, sending you 1
2024-10-14 23:33:35.689782 Lima: Alpha, sending you 3
2024-10-14 23:33:35.691371 Echo: November, Lima, Foxtrot and Kilo, sending you 2
