ChatterBot Juliett round 1
ChatterBot Kilo round 1
ChatterBot Tango round 1
ChatterBot Uniform round 1
ChatterBot Echo round 1
ChatterBot November round 1
ChatterBot Sierra round 1
ChatterBot Charlie round 1
ChatterBot Romeo round 1
ChatterBot Victor round 1
randomSelections Tango: {Tango, Uniform, Echo, Sierra, Charlie, Victor} 
2024-10-14 23:33:17.038212 Tango: Can we be friends?
ChatterBot Uniform reevaluating
ChatterBot Echo reevaluating
ChatterBot Sierra reevaluating
ChatterBot Charlie reevaluating
ChatterBot Victor reevaluating
2024-10-14 23:33:17.059900 Uniform: Yes
2024-10-14 23:33:17.060185 Echo: Yes
2024-10-14 23:33:17.060391 Sierra: Yes
2024-10-14 23:33:17.060583 Charlie: Yes
2024-10-14 23:33:17.060873 Victor: Yes
ChatterBot Echo reevaluating
ChatterBot Sierra reevaluating
ChatterBot Charlie reevaluating
ChatterBot Victor reevaluating
ChatterBot Uniform reevaluating
ChatterBot Sierra reevaluating
ChatterBot Charlie reevaluating
ChatterBot Victor reevaluating
ChatterBot Uniform reevaluating
ChatterBot Echo reevaluating
ChatterBot Charlie reevaluating
ChatterBot Victor reevaluating
ChatterBot Uniform reevaluating
ChatterBot Echo reevaluating
ChatterBot Sierra reevaluating
ChatterBot Victor reevaluating
ChatterBot Uniform reevaluating
ChatterBot Echo reevaluating
ChatterBot Sierra reevaluating
ChatterBot Charlie reevaluating
randomSelections Juliett: {Juliett, Romeo, Kilo, Charlie, Uniform, November, Tango} 
2024-10-14 23:33:17.225416 Juliett: Friends?
ChatterBot Romeo reevaluating
ChatterBot Kilo reevaluating
ChatterBot Charlie reevaluating
ChatterBot Uniform reevaluating
ChatterBot November reevaluating
2024-10-14 23:33:17.237013 Romeo: Yes
2024-10-14 23:33:17.237167 Kilo: Yes
2024-10-14 23:33:17.237263 Charlie: No
2024-10-14 23:33:17.238007 Uniform: No
2024-10-14 23:33:17.238164 November: Yes
2024-10-14 23:33:17.238260 Tango: No
ChatterBot Kilo reevaluating
ChatterBot Charlie reevaluating
ChatterBot Uniform reevaluating
ChatterBot November reevaluating
ChatterBot Romeo reevaluating
ChatterBot Charlie reevaluating
ChatterBot Uniform reevaluating
ChatterBot November reevaluating
ChatterBot Romeo reevaluating
ChatterBot Kilo reevaluating
ChatterBot Uniform reevaluating
ChatterBot November reevaluating
ChatterBot Romeo reevaluating
ChatterBot Kilo reevaluating
ChatterBot Charlie reevaluating
ChatterBot November reevaluating
ChatterBot Romeo reevaluating
ChatterBot Kilo reevaluating
ChatterBot Charlie reevaluating
ChatterBot Uniform reevaluating
ChatterBot Romeo reevaluating
ChatterBot Kilo reevaluating
ChatterBot Charlie reevaluating
ChatterBot Uniform reevaluating
ChatterBot November reevaluating
2024-10-14 23:33:17.349863 Uniform: Tango, Sierra and Charlie, sending you 2
2024-10-14 23:33:17.364515 November: Juliett and Charlie, sending you 2
2024-10-14 23:33:17.366168 Juliett: Kilo and Romeo, sending you 3
2024-10-14 23:33:17.367127 Uniform: Victor, sending you 3
2024-10-14 23:33:17.368410 Tango: Uniform and Victor, sending you 3
2024-10-14 23:33:17.370106 Victor: Tango, sending you 2
2024-10-14 23:33:17.371354 Romeo: Juliett, Uniform and Charlie, sending you 1
2024-10-14 23:33:17.372920 November: Uniform, sending you 3
2024-10-14 23:33:17.374941 Sierra: Tango and Uniform, sending you 1
2024-10-14 23:33:17.376040 Echo: Uniform and Charlie, sending you 3
2024-10-14 23:33:17.377639 Charlie: Tango, Uniform and Victor, sending you 1
2024-10-14 23:33:17.378333 Juliett: Tango, November and Charlie, sending you 1
2024-10-14 23:33:17.379745 Kilo: Juliett, Charlie and Romeo, sending you 2
2024-10-14 23:33:17.381376 Tango: Echo, Sierra and Charlie, sending you 1
2024-10-14 23:33:17.381960 Victor: Uniform, Echo and Charlie, sending you 1
2024-10-14 23:33:17.383656 Romeo: Kilo and November, sending you 2
2024-10-14 23:33:17.384275 November: Romeo, sending you 1
2024-10-14 23:33:17.386098 Sierra: Echo and Charlie, sending you 2
2024-10-14 23:33:17.386727 Echo: Sierra, sending you 1
2024-10-14 23:33:17.388225 Charlie: Echo and Sierra, sending you 2
2024-10-14 23:33:17.389022 Juliett: Uniform, sending you 2
2024-10-14 23:33:17.390683 Kilo: Tango and Uniform, sending you 3
2024-10-14 23:33:17.391547 Victor: Sierra, sending you 3
2024-10-14 23:33:17.393508 Sierra: Victor, sending you 3
2024-10-14 23:33:17.395308 Echo: Victor, sending you 2
chatterbot Sierra submitting transactions
chatterbot Victor submitting transactions
chatterbot Uniform submitting transactions
chatterbot Kilo submitting transactions
chatterbot Romeo submitting transactions
chatterbot Juliett submitting transactions
chatterbot Tango submitting transactions
chatterbot Echo submitting transactions
chatterbot November submitting transactions
chatterbot Charlie submitting transactions
ChatterBot Juliett round 2
ChatterBot Kilo round 2
ChatterBot Tango round 2
ChatterBot Uniform round 2
2024-10-14 23:33:18.557052 Uniform: We should add November
ChatterBot Tango reevaluating
ChatterBot Echo reevaluating
ChatterBot Sierra reevaluating
ChatterBot Charlie reevaluating
ChatterBot Victor reevaluating
2024-10-14 23:33:18.624776 Tango: No
2024-10-14 23:33:18.624960 Echo: No
2024-10-14 23:33:18.625083 Sierra: No
2024-10-14 23:33:18.625207 Charlie: No
2024-10-14 23:33:18.625327 Victor: No
ChatterBot Echo reevaluating
ChatterBot Sierra reevaluating
ChatterBot Charlie reevaluating
ChatterBot Victor reevaluating
ChatterBot Tango reevaluating
ChatterBot Uniform reevaluating
ChatterBot Sierra reevaluating
ChatterBot Charlie reevaluating
ChatterBot Victor reevaluating
ChatterBot Tango reevaluating
ChatterBot Uniform reevaluating
ChatterBot Echo reevaluating
ChatterBot Charlie reevaluating
ChatterBot Victor reevaluating
ChatterBot Tango reevaluating
ChatterBot Uniform reevaluating
ChatterBot Echo reevaluating
ChatterBot Sierra reevaluating
ChatterBot Victor reevaluating
ChatterBot Tango reevaluating
ChatterBot Uniform reevaluating
ChatterBot Echo reevaluating
ChatterBot Sierra reevaluating
ChatterBot Charlie reevaluating
ChatterBot Echo round 2
ChatterBot November round 2
2024-10-14 23:33:19.028255 Kilo: Group up?
ChatterBot November reevaluating
ChatterBot Romeo reevaluating
2024-10-14 23:33:19.049741 Juliett: Yes
2024-10-14 23:33:19.049979 November: Yes
2024-10-14 23:33:19.050156 Romeo: No
ChatterBot November reevaluating
ChatterBot Romeo reevaluating
ChatterBot Romeo reevaluating
ChatterBot November reevaluating
2024-10-14 23:33:19.108138 November: Group up?
ChatterBot Romeo reevaluating
2024-10-14 23:33:19.130162 Kilo: Yes
2024-10-14 23:33:19.130865 Juliett: Yes
2024-10-14 23:33:19.131058 Romeo: No
ChatterBot November reevaluating
ChatterBot Romeo reevaluating
ChatterBot November reevaluating
ChatterBot Romeo reevaluating
ChatterBot November reevaluating
ChatterBot Sierra round 2
ChatterBot Charlie round 2
ChatterBot Romeo round 2
ChatterBot Victor round 2
2024-10-14 23:33:19.193374 Uniform: We should add Kilo
ChatterBot Tango reevaluating
ChatterBot Echo reevaluating
ChatterBot Sierra reevaluating
ChatterBot Charlie reevaluating
ChatterBot Victor reevaluating
2024-10-14 23:33:19.220846 Tango: No
2024-10-14 23:33:19.221009 Echo: No
2024-10-14 23:33:19.221147 Sierra: No
2024-10-14 23:33:19.221270 Charlie: No
2024-10-14 23:33:19.221393 Victor: No
ChatterBot Uniform reevaluating
ChatterBot Echo reevaluating
ChatterBot Sierra reevaluating
ChatterBot Charlie reevaluating
ChatterBot Victor reevaluating
ChatterBot Tango reevaluating
ChatterBot Uniform reevaluating
ChatterBot Sierra reevaluating
ChatterBot Charlie reevaluating
ChatterBot Victor reevaluating
ChatterBot Tango reevaluating
ChatterBot Uniform reevaluating
ChatterBot Echo reevaluating
ChatterBot Charlie reevaluating
ChatterBot Victor reevaluating
ChatterBot Tango reevaluating
ChatterBot Uniform reevaluating
ChatterBot Echo reevaluating
ChatterBot Sierra reevaluating
ChatterBot Victor reevaluating
ChatterBot Tango reevaluating
ChatterBot Uniform reevaluating
ChatterBot Echo reevaluating
ChatterBot Sierra reevaluating
ChatterBot Charlie reevaluating
2024-10-14 23:33:19.432800 Juliett: We should drop Charlie and Tango
ChatterBot November reevaluating
ChatterBot Romeo reevaluating
ChatterBot Uniform reevaluating
2024-10-14 23:33:19.505766 Kilo: Yes
2024-10-14 23:33:19.506009 November: Yes
2024-10-14 23:33:19.506708 Romeo: Yes
2024-10-14 23:33:19.507099 Uniform: No
ChatterBot November reevaluating
ChatterBot Romeo reevaluating
ChatterBot Uniform reevaluating
ChatterBot Romeo reevaluating
ChatterBot Uniform reevaluating
ChatterBot November reevaluating
ChatterBot Uniform reevaluating
ChatterBot November reevaluating
ChatterBot Romeo reevaluating
2024-10-14 23:33:19.921746 Kilo: Juliett, sending you 6
2024-10-14 23:33:19.978189 Romeo: Juliett and Kilo, sending you 2
2024-10-14 23:33:19.978452 Echo: Tango, Sierra, Charlie and Victor, sending you 3
2024-10-14 23:33:19.978878 Uniform: Tango, Echo, Sierra and Charlie, sending you 2
2024-10-14 23:33:19.979662 Juliett: Kilo, sending you 5
2024-10-14 23:33:19.979944 Victor: Tango, Uniform and Sierra, sending you 2
2024-10-14 23:33:19.980278 Kilo: November, sending you 2
2024-10-14 23:33:19.981037 Tango: Uniform and Victor, sending you 3
2024-10-14 23:33:19.981383 November: Juliett, sending you 3
chatterbot Kilo submitting transactions
2024-10-14 23:33:19.981772 Romeo: November, sending you 1
2024-10-14 23:33:19.993797 Juliett: November, sending you 4
2024-10-14 23:33:19.994727 Victor: Echo and Charlie, sending you 1
2024-10-14 23:33:19.995385 Echo: Uniform, sending you 1
2024-10-14 23:33:19.996467 Uniform: Victor, sending you 1
2024-10-14 23:33:19.997404 Kilo: Romeo, sending you 4
2024-10-14 23:33:19.997756 Tango: Sierra, sending you 1
2024-10-14 23:33:19.998260 November: Romeo, sending you 5
2024-10-14 23:33:19.999041 Charlie: Tango, sending you 1
2024-10-14 23:33:19.999521 Sierra: Tango and Echo, sending you 1
2024-10-14 23:33:20.000573 Juliett: Romeo, sending you 2
2024-10-14 23:33:20.020991 Tango: Charlie, sending you 2
2024-10-14 23:33:20.021993 Charlie: Uniform, Echo and Sierra, sending you 2
2024-10-14 23:33:20.022521 Sierra: Uniform and Charlie, sending you 2
2024-10-14 23:33:20.030262 Sierra: Victor, sending you 3
chatterbot Charlie submitting transactions
chatterbot Echo submitting transactions
chatterbot Uniform submitting transactions
chatterbot Tango submitting transactions
chatterbot Sierra submitting transactions
chatterbot Juliett submitting transactions
chatterbot November submitting transactions
chatterbot Romeo submitting transactions
chatterbot Victor submitting transactions
ChatterBot Juliett round 3
ChatterBot Kilo round 3
ChatterBot Tango round 3
ChatterBot Uniform round 3
ChatterBot Echo round 3
ChatterBot November round 3
ChatterBot Sierra round 3
ChatterBot Charlie round 3
ChatterBot Romeo round 3
ChatterBot Victor round 3
2024-10-14 23:33:21.187815 November: Juliett, sending you 4
2024-10-14 23:33:21.192409 Juliett: Kilo, sending you 6
2024-10-14 23:33:21.192771 Victor: Tango, sending you 3
2024-10-14 23:33:21.193254 Kilo: Juliett, sending you 6
2024-10-14 23:33:21.194147 Tango: Uniform and Victor, sending you 3
2024-10-14 23:33:21.194504 November: Kilo and Romeo, sending you 2
2024-10-14 23:33:21.194795 Charlie: Tango, Sierra and Victor, sending you 1
2024-10-14 23:33:21.195742 Romeo: Sending you each 1
2024-10-14 23:33:21.196038 Sierra: Tango, sending you 1
2024-10-14 23:33:21.196468 Juliett: November, sending you 3
2024-10-14 23:33:21.198403 Uniform: Tango, Echo, Charlie and Victor, sending you 2
2024-10-14 23:33:21.199457 Victor: Uniform, sending you 1
2024-10-14 23:33:21.199871 Kilo: November, sending you 2
2024-10-14 23:33:21.200127 Tango: Echo and Charlie, sending you 2
2024-10-14 23:33:21.201082 Charlie: Uniform and Echo, sending you 2
2024-10-14 23:33:21.201498 Juliett: Romeo, sending you 2
2024-10-14 23:33:21.201811 Sierra: Uniform, Echo, Charlie and Victor, sending you 2
2024-10-14 23:33:21.202712 Echo: Tango, sending you 2
2024-10-14 23:33:21.203169 Victor: Echo and Sierra, sending you 2
2024-10-14 23:33:21.206629 Uniform: Sierra, sending you 1
2024-10-14 23:33:21.207551 Kilo: Romeo, sending you 4
2024-10-14 23:33:21.207818 Tango: Sierra, sending you 1
2024-10-14 23:33:21.208224 Echo: Uniform, Sierra and Victor, sending you 3
2024-10-14 23:33:21.261944 Echo: Charlie, sending you 4
chatterbot Kilo submitting transactions
chatterbot Charlie submitting transactions
chatterbot November submitting transactions
chatterbot Victor submitting transactions
chatterbot Juliett submitting transactions
chatterbot Sierra submitting transactions
chatterbot Tango submitting transactions
chatterbot Uniform submitting transactions
chatterbot Echo submitting transactions
chatterbot Romeo submitting transactions
ChatterBot Juliett round 4
ChatterBot Kilo round 4
ChatterBot Tango round 4
ChatterBot Uniform round 4
ChatterBot Echo round 4
ChatterBot November round 4
ChatterBot Sierra round 4
ChatterBot Charlie round 4
ChatterBot Romeo round 4
ChatterBot Victor round 4
2024-10-14 23:33:22.310948 Juliett: Kilo, sending you 6
2024-10-14 23:33:22.317974 Juliett: November, sending you 4
2024-10-14 23:33:22.318830 Echo: Tango, Uniform, Sierra and Victor, sending you 3
2024-10-14 23:33:22.319406 November: Juliett, sending you 4
2024-10-14 23:33:22.320263 Sierra: Tango, sending you 1
2024-10-14 23:33:22.320805 Charlie: Tango and Sierra, sending you 1
2024-10-14 23:33:22.321781 Tango: Uniform and Victor, sending you 3
2024-10-14 23:33:22.322342 Juliett: Romeo, sending you 1
2024-10-14 23:33:22.322728 Romeo: Same as last round
2024-10-14 23:33:22.323627 Echo: Charlie, sending you 4
2024-10-14 23:33:22.324172 November: Kilo and Romeo, sending you 2
2024-10-14 23:33:22.325158 Victor: Tango, Uniform, Echo and Sierra, sending you 2
2024-10-14 23:33:22.325787 Charlie: Uniform and Echo, sending you 2
2024-10-14 23:33:22.326882 Uniform: Tango, Echo, Sierra and Charlie, sending you 2
2024-10-14 23:33:22.327558 Tango: Echo, sending you 2
2024-10-14 23:33:22.328752 Sierra: Uniform, Echo, Charlie and Victor, sending you 2
2024-10-14 23:33:22.329591 Kilo: Juliett, sending you 6
2024-10-14 23:33:22.330728 Uniform: Victor, sending you 1
2024-10-14 23:33:22.339259 Tango: Sierra and Charlie, sending you 1
2024-10-14 23:33:22.339809 Kilo: November and Romeo, sending you 3
chatterbot Romeo submitting transactions
chatterbot November submitting transactions
chatterbot Uniform submitting transactions
chatterbot Sierra submitting transactions
chatterbot Tango submitting transactions
chatterbot Juliett submitting transactions
chatterbot Charlie submitting transactions
chatterbot Kilo submitting transactions
chatterbot Victor submitting transactions
chatterbot Echo submitting transactions
ChatterBot Juliett round 5
ChatterBot Kilo round 5
ChatterBot Tango round 5
ChatterBot Uniform round 5
ChatterBot Echo round 5
ChatterBot November round 5
ChatterBot Sierra round 5
ChatterBot Charlie round 5
ChatterBot Romeo round 5
ChatterBot Victor round 5
2024-10-14 23:33:23.458373 Juliett: We should replace Uniform with Echo
2024-10-14 23:33:23.465215 Kilo: No
2024-10-14 23:33:23.465389 November: No
2024-10-14 23:33:23.465950 Romeo: No
ChatterBot Juliett reevaluating
ChatterBot Juliett reevaluating
ChatterBot Juliett reevaluating
2024-10-14 23:33:23.498954 Juliett: We should replace Uniform with Sierra
2024-10-14 23:33:23.504555 Kilo: No
2024-10-14 23:33:23.504725 November: No
2024-10-14 23:33:23.504847 Romeo: No
ChatterBot Juliett reevaluating
ChatterBot Juliett reevaluating
ChatterBot Juliett reevaluating
2024-10-14 23:33:23.526725 Uniform: Tango, Echo, Sierra and Charlie, sending you 2
2024-10-14 23:33:23.527493 Tango: Uniform and Victor, sending you 3
2024-10-14 23:33:23.529231 Echo: Tango, Uniform, Sierra and Victor, sending you 3
2024-10-14 23:33:23.530261 Kilo: Juliett, sending you 6
2024-10-14 23:33:23.530755 Uniform: Victor, sending you 1
2024-10-14 23:33:23.532269 Juliett: Sierra we want you to join our group
2024-10-14 23:33:23.536538 Sierra: No
ChatterBot Juliett reevaluating
2024-10-14 23:33:23.550690 Tango: Echo, sending you 2
2024-10-14 23:33:23.551336 Echo: Charlie, sending you 4
2024-10-14 23:33:23.552430 Kilo: November and Romeo, sending you 3
2024-10-14 23:33:23.553907 Sierra: Tango, sending you 1
2024-10-14 23:33:23.554691 Tango: Sierra and Charlie, sending you 1
2024-10-14 23:33:23.555385 Charlie: Tango and Sierra, sending you 1
2024-10-14 23:33:23.556543 November: Juliett, sending you 4
2024-10-14 23:33:23.557112 Victor: Tango, sending you 3
2024-10-14 23:33:23.558253 Romeo: Same as last round
2024-10-14 23:33:23.558730 Sierra: Uniform, Echo, Charlie and Victor, sending you 2
2024-10-14 23:33:23.559729 Charlie: Uniform and Echo, sending you 2
2024-10-14 23:33:23.560778 November: Kilo and Romeo, sending you 2
2024-10-14 23:33:23.562712 Victor: Uniform, sending you 1
2024-10-14 23:33:23.566676 Victor: Echo and Sierra, sending you 2
2024-10-14 23:33:23.572703 Juliett: Kilo, sending you 6
2024-10-14 23:33:23.576660 Juliett: November, sending you 4
2024-10-14 23:33:23.580658 Juliett: Romeo, sending you 1
chatterbot Sierra submitting transactions
chatterbot Romeo submitting transactions
chatterbot Kilo submitting transactions
chatterbot November submitting transactions
chatterbot Charlie submitting transactions
chatterbot Juliett submitting transactions
chatterbot Tango submitting transactions
chatterbot Victor submitting transactions
chatterbot Uniform submitting transactions
chatterbot Echo submitting transactions
ChatterBot Juliett round 6
ChatterBot Kilo round 6
ChatterBot Tango round 6
ChatterBot Uniform round 6
ChatterBot Echo round 6
ChatterBot November round 6
ChatterBot Sierra round 6
ChatterBot Charlie round 6
ChatterBot Romeo round 6
ChatterBot Victor round 6
2024-10-14 23:33:24.777878 Juliett: We should drop Uniform
2024-10-14 23:33:24.784814 Kilo: Yes
2024-10-14 23:33:24.784997 November: Yes
2024-10-14 23:33:24.785176 Romeo: Yes
ChatterBot Juliett reevaluating
ChatterBot Juliett reevaluating
ChatterBot Juliett reevaluating
2024-10-14 23:33:24.808671 Echo: Tango, Uniform, Sierra and Victor, sending you 3
2024-10-14 23:33:24.813697 Echo: Charlie, sending you 4
2024-10-14 23:33:24.816687 Charlie: Tango, sending you 1
2024-10-14 23:33:24.817856 Tango: Uniform, Echo and Victor, sending you 3
2024-10-14 23:33:24.818447 Sierra: Tango and Charlie, sending you 1
2024-10-14 23:33:24.820009 Kilo: Juliett, sending you 6
2024-10-14 23:33:24.822667 Charlie: Uniform, Echo and Sierra, sending you 2
2024-10-14 23:33:24.823220 Tango: Sierra and Charlie, sending you 1
2024-10-14 23:33:24.823719 Sierra: Uniform and Victor, sending you 2
2024-10-14 23:33:24.824188 Uniform: Tango, Echo, Sierra and Charlie, sending you 2
2024-10-14 23:33:24.825096 Kilo: November and Romeo, sending you 3
2024-10-14 23:33:24.827651 Uniform: Victor, sending you 1
2024-10-14 23:33:24.828201 Victor: Tango, sending you 3
2024-10-14 23:33:24.828663 Romeo: Same as last round
2024-10-14 23:33:24.829459 Sierra: Echo, sending you 3
2024-10-14 23:33:24.829917 November: Juliett, sending you 4
2024-10-14 23:33:24.833869 Victor: Uniform, sending you 1
2024-10-14 23:33:24.834665 November: Kilo and Romeo, sending you 2
2024-10-14 23:33:24.836677 Victor: Echo and Sierra, sending you 2
chatterbot Juliett submitting transactions
chatterbot Victor submitting transactions
chatterbot Romeo submitting transactions
chatterbot Charlie submitting transactions
chatterbot Kilo submitting transactions
chatterbot Uniform submitting transactions
chatterbot Echo submitting transactions
chatterbot Tango submitting transactions
chatterbot Sierra submitting transactions
chatterbot November submitting transactions
ChatterBot Juliett round 7
ChatterBot Kilo round 7
ChatterBot Tango round 7
ChatterBot Uniform round 7
ChatterBot Echo round 7
2024-10-14 23:33:25.963799 Juliett: We should replace Uniform with Victor
2024-10-14 23:33:25.974304 Kilo: No
2024-10-14 23:33:25.974439 November: No
2024-10-14 23:33:25.974559 Romeo: No
ChatterBot Juliett reevaluating
ChatterBot Juliett reevaluating
ChatterBot Juliett reevaluating
ChatterBot November round 7
ChatterBot Sierra round 7
ChatterBot Charlie round 7
ChatterBot Romeo round 7
ChatterBot Victor round 7
2024-10-14 23:33:26.015781 Juliett: We should replace Uniform with Sierra
2024-10-14 23:33:26.028172 Kilo: No
2024-10-14 23:33:26.028367 November: No
2024-10-14 23:33:26.028554 Romeo: No
ChatterBot Juliett reevaluating
ChatterBot Juliett reevaluating
ChatterBot Juliett reevaluating
2024-10-14 23:33:26.077037 Juliett: Sierra we want you to join our group
2024-10-14 23:33:26.079499 Sierra: No
ChatterBot Juliett reevaluating
2024-10-14 23:33:26.090454 Uniform: Tango, Echo, Sierra and Charlie, sending you 2
2024-10-14 23:33:26.091022 Kilo: Juliett, sending you 6
2024-10-14 23:33:26.091326 Tango: Uniform, Echo and Victor, sending you 3
2024-10-14 23:33:26.093693 Echo: Tango, Uniform, Sierra and Victor, sending you 3
2024-10-14 23:33:26.094609 Uniform: Victor, sending you 1
2024-10-14 23:33:26.095814 Kilo: November and Romeo, sending you 3
2024-10-14 23:33:26.096364 Tango: Sierra and Charlie, sending you 1
2024-10-14 23:33:26.097503 November: Juliett, sending you 4
2024-10-14 23:33:26.098014 Sierra: Tango, sending you 1
2024-10-14 23:33:26.099328 Charlie: Tango and Sierra, sending you 1
2024-10-14 23:33:26.100089 Echo: Charlie, sending you 4
2024-10-14 23:33:26.101491 Juliett: We should drop Uniform
2024-10-14 23:33:26.112853 Kilo: Yes
2024-10-14 23:33:26.113522 November: Yes
2024-10-14 23:33:26.113728 Romeo: Yes
ChatterBot Juliett reevaluating
ChatterBot Juliett reevaluating
ChatterBot Juliett reevaluating
2024-10-14 23:33:26.137518 November: Kilo, sending you 3
2024-10-14 23:33:26.138354 Sierra: Uniform, Echo, Charlie and Victor, sending you 2
2024-10-14 23:33:26.139028 Charlie: Uniform and Echo, sending you 2
2024-10-14 23:33:26.140649 Romeo: Same as last round
2024-10-14 23:33:26.141155 November: Romeo, sending you 1
2024-10-14 23:33:26.142662 Victor: Tango, sending you 3
2024-10-14 23:33:26.147669 Victor: Uniform, sending you 1
2024-10-14 23:33:26.153664 Victor: Echo and Sierra, sending you 2
chatterbot Uniform submitting transactions
chatterbot Kilo submitting transactions
chatterbot Victor submitting transactions
chatterbot Sierra submitting transactions
chatterbot Echo submitting transactions
chatterbot Charlie submitting transactions
chatterbot November submitting transactions
chatterbot Romeo submitting transactions
chatterbot Tango submitting transactions
chatterbot Juliett submitting transactions
ChatterBot Juliett round 8
ChatterBot Kilo round 8
ChatterBot Tango round 8
ChatterBot Uniform round 8
ChatterBot Echo round 8
ChatterBot November round 8
ChatterBot Sierra round 8
ChatterBot Charlie round 8
ChatterBot Romeo round 8
ChatterBot Victor round 8
2024-10-14 23:33:27.348429 Juliett: We should drop Uniform
2024-10-14 23:33:27.355350 Kilo: Yes
2024-10-14 23:33:27.355520 November: Yes
2024-10-14 23:33:27.355661 Romeo: Yes
ChatterBot Juliett reevaluating
ChatterBot Juliett reevaluating
ChatterBot Juliett reevaluating
2024-10-14 23:33:27.378861 Romeo: Same as last round
2024-10-14 23:33:27.379282 Tango: Uniform, Echo and Victor, sending you 3
2024-10-14 23:33:27.379993 Uniform: Tango, Echo, Sierra and Charlie, sending you 2
2024-10-14 23:33:27.380663 Charlie: Tango and Sierra, sending you 1
2024-10-14 23:33:27.381177 Sierra: Tango and Charlie, sending you 1
2024-10-14 23:33:27.383677 Tango: Sierra and Charlie, sending you 1
2024-10-14 23:33:27.384294 Uniform: Victor, sending you 1
2024-10-14 23:33:27.384904 Charlie: Uniform and Echo, sending you 2
2024-10-14 23:33:27.385830 Victor: Tango, sending you 3
2024-10-14 23:33:27.386683 Sierra: Uniform and Victor, sending you 2
2024-10-14 23:33:27.388670 Victor: Uniform, sending you 1
2024-10-14 23:33:27.390696 Kilo: Juliett, sending you 6
2024-10-14 23:33:27.391661 Sierra: Echo, sending you 3
2024-10-14 23:33:27.392746 Victor: Echo and Sierra, sending you 2
2024-10-14 23:33:27.393673 November: Juliett, sending you 4
2024-10-14 23:33:27.394690 Echo: Tango and Charlie, sending you 4
2024-10-14 23:33:27.395624 Kilo: November and Romeo, sending you 3
2024-10-14 23:33:27.398694 November: Kilo, sending you 3
2024-10-14 23:33:27.399684 Echo: Uniform, Sierra and Victor, sending you 3
2024-10-14 23:33:27.403683 November: Romeo, sending you 1
chatterbot Kilo submitting transactions
chatterbot Romeo submitting transactions
chatterbot Echo submitting transactions
chatterbot November submitting transactions
chatterbot Uniform submitting transactions
chatterbot Sierra submitting transactions
chatterbot Juliett submitting transactions
chatterbot Victor submitting transactions
chatterbot Tango submitting transactions
chatterbot Charlie submitting transactions
ChatterBot Juliett round 9
ChatterBot Kilo round 9
ChatterBot Tango round 9
ChatterBot Uniform round 9
ChatterBot Echo round 9
ChatterBot November round 9
2024-10-14 23:33:28.560462 Juliett: We should replace Uniform with Sierra
2024-10-14 23:33:28.570328 Kilo: No
2024-10-14 23:33:28.570565 November: No
2024-10-14 23:33:28.570783 Romeo: No
ChatterBot Juliett reevaluating
ChatterBot Juliett reevaluating
ChatterBot Juliett reevaluating
ChatterBot Sierra round 9
ChatterBot Charlie round 9
ChatterBot Romeo round 9
ChatterBot Victor round 9
2024-10-14 23:33:28.631 Juliett: Sierra we want you to join our group
2024-10-14 23:33:28.634143 Sierra: No
ChatterBot Juliett reevaluating
2024-10-14 23:33:28.647661 Uniform: Tango, Echo, Sierra and Charlie, sending you 2
2024-10-14 23:33:28.649114 November: Juliett, sending you 4
2024-10-14 23:33:28.649708 Kilo: Juliett, sending you 6
2024-10-14 23:33:28.650202 Tango: Uniform, Echo and Victor, sending you 3
2024-10-14 23:33:28.651849 Juliett: We should drop Uniform
2024-10-14 23:33:28.660969 Kilo: Yes
2024-10-14 23:33:28.661165 November: Yes
2024-10-14 23:33:28.661306 Romeo: Yes
ChatterBot Juliett reevaluating
ChatterBot Juliett reevaluating
ChatterBot Juliett reevaluating
2024-10-14 23:33:28.687194 Uniform: Victor, sending you 1
2024-10-14 23:33:28.688075 November: Kilo, sending you 3
2024-10-14 23:33:28.688940 Tango: Sierra and Charlie, sending you 1
2024-10-14 23:33:28.689524 Kilo: November and Romeo, sending you 3
2024-10-14 23:33:28.689932 Echo: Tango, sending you 4
2024-10-14 23:33:28.691678 November: Romeo, sending you 1
2024-10-14 23:33:28.692683 Sierra: Tango and Charlie, sending you 1
2024-10-14 23:33:28.694690 Charlie: Tango and Sierra, sending you 1
2024-10-14 23:33:28.695631 Romeo: Same as last round
2024-10-14 23:33:28.696447 Echo: Uniform, Sierra, Charlie and Victor, sending you 3
2024-10-14 23:33:28.697227 Victor: Tango, sending you 3
2024-10-14 23:33:28.697901 Sierra: Uniform and Victor, sending you 2
2024-10-14 23:33:28.699685 Charlie: Uniform and Echo, sending you 2
2024-10-14 23:33:28.701685 Victor: Uniform, sending you 1
2024-10-14 23:33:28.702670 Sierra: Echo, sending you 3
2024-10-14 23:33:28.705669 Victor: Echo and Sierra, sending you 2
chatterbot Tango submitting transactions
chatterbot Sierra submitting transactions
chatterbot Romeo submitting transactions
chatterbot Uniform submitting transactions
chatterbot Charlie submitting transactions
chatterbot Echo submitting transactions
chatterbot Juliett submitting transactions
chatterbot Kilo submitting transactions
chatterbot Victor submitting transactions
chatterbot November submitting transactions
ChatterBot Juliett round 10
ChatterBot Kilo round 10
ChatterBot Tango round 10
ChatterBot Uniform round 10
ChatterBot Echo round 10
ChatterBot November round 10
ChatterBot Sierra round 10
2024-10-14 23:33:29.902490 Juliett: We should replace Uniform with Victor
2024-10-14 23:33:29.913319 Kilo: No
2024-10-14 23:33:29.913521 November: No
2024-10-14 23:33:29.913668 Romeo: No
ChatterBot Juliett reevaluating
ChatterBot Juliett reevaluating
ChatterBot Juliett reevaluating
ChatterBot Charlie round 10
ChatterBot Romeo round 10
ChatterBot Victor round 10
2024-10-14 23:33:29.969199 Juliett: Victor we want you to join our group
2024-10-14 23:33:29.972184 Victor: No
ChatterBot Juliett reevaluating
2024-10-14 23:33:29.985783 Tango: Uniform, sending you 2
2024-10-14 23:33:29.986998 Kilo: Juliett, sending you 6
2024-10-14 23:33:29.988288 Sierra: Tango and Charlie, sending you 1
2024-10-14 23:33:29.990163 Echo: Tango and Sierra, sending you 4
2024-10-14 23:33:29.990914 Uniform: Tango, Echo, Sierra and Charlie, sending you 2
2024-10-14 23:33:29.991662 Tango: Echo and Victor, sending you 3
2024-10-14 23:33:29.992938 Kilo: November and Romeo, sending you 3
2024-10-14 23:33:29.993681 Sierra: Uniform and Victor, sending you 2
2024-10-14 23:33:29.995571 November: Juliett, sending you 4
2024-10-14 23:33:29.996819 Victor: Tango, sending you 3
2024-10-14 23:33:29.997908 Echo: Uniform, Charlie and Victor, sending you 3
2024-10-14 23:33:29.999414 Uniform: Victor, sending you 1
2024-10-14 23:33:30.000540 Tango: Sierra and Charlie, sending you 1
2024-10-14 23:33:30.001996 Romeo: Same as last round
2024-10-14 23:33:30.002453 Sierra: Echo, sending you 3
2024-10-14 23:33:30.003924 November: Kilo, sending you 3
2024-10-14 23:33:30.004374 Victor: Uniform, sending you 1
2024-10-14 23:33:30.006694 Charlie: Tango and Sierra, sending you 1
2024-10-14 23:33:30.008305 November: Romeo, sending you 1
2024-10-14 23:33:30.009739 Victor: Echo and Sierra, sending you 2
2024-10-14 23:33:30.010912 Charlie: Uniform and Echo, sending you 2
2024-10-14 23:33:30.016679 Juliett: Kilo, sending you 6
2024-10-14 23:33:30.020685 Juliett: November, sending you 4
2024-10-14 23:33:30.025701 Juliett: Romeo, sending you 1
chatterbot Uniform submitting transactions
chatterbot Tango submitting transactions
chatterbot Romeo submitting transactions
chatterbot Echo submitting transactions
chatterbot Sierra submitting transactions
chatterbot Charlie submitting transactions
chatterbot Victor submitting transactions
chatterbot Kilo submitting transactions
chatterbot November submitting transactions
chatterbot Juliett submitting transactions
ChatterBot Juliett round 11
ChatterBot Kilo round 11
ChatterBot Tango round 11
ChatterBot Uniform round 11
ChatterBot Echo round 11
ChatterBot November round 11
ChatterBot Sierra round 11
ChatterBot Charlie round 11
ChatterBot Romeo round 11
ChatterBot Victor round 11
2024-10-14 23:33:31.204185 Sierra: Tango and Charlie, sending you 1
2024-10-14 23:33:31.210673 Charlie: Tango and Sierra, sending you 1
2024-10-14 23:33:31.213090 Tango: Uniform, sending you 2
2024-10-14 23:33:31.215719 Juliett: Kilo, sending you 6
2024-10-14 23:33:31.216699 Sierra: Uniform and Victor, sending you 2
2024-10-14 23:33:31.218486 Uniform: Tango, Echo, Sierra and Charlie, sending you 2
2024-10-14 23:33:31.220170 Kilo: Juliett, sending you 6
2024-10-14 23:33:31.221633 Echo: Tango and Sierra, sending you 4
2024-10-14 23:33:31.223946 November: Juliett, sending you 4
2024-10-14 23:33:31.225707 Charlie: Uniform and Echo, sending you 2
2024-10-14 23:33:31.228280 Romeo: Same as last round
2024-10-14 23:33:31.229065 Tango: Echo and Victor, sending you 3
2024-10-14 23:33:31.230875 Sierra: Echo, sending you 3
2024-10-14 23:33:31.232654 Juliett: November, sending you 4
2024-10-14 23:33:31.234100 Uniform: Victor, sending you 1
2024-10-14 23:33:31.235942 Kilo: November, sending you 4
2024-10-14 23:33:31.236793 Echo: Uniform, Charlie and Victor, sending you 3
2024-10-14 23:33:31.238534 November: Kilo, sending you 3
2024-10-14 23:33:31.239710 Victor: Tango, sending you 3
2024-10-14 23:33:31.241578 Tango: Sierra and Charlie, sending you 1
2024-10-14 23:33:31.243641 Juliett: Romeo, sending you 1
2024-10-14 23:33:31.245076 Kilo: Romeo, sending you 2
2024-10-14 23:33:31.246470 Victor: Uniform, sending you 1
2024-10-14 23:33:31.248355 November: Romeo, sending you 1
2024-10-14 23:33:31.257904 Victor: Echo and Sierra, sending you 2
chatterbot November submitting transactions
chatterbot Victor submitting transactions
chatterbot Juliett submitting transactions
chatterbot Sierra submitting transactions
chatterbot Uniform submitting transactions
chatterbot Echo submitting transactions
chatterbot Tango submitting transactions
chatterbot Charlie submitting transactions
chatterbot Kilo submitting transactions
chatterbot Romeo submitting transactions
ChatterBot Juliett round 12
ChatterBot Kilo round 12
ChatterBot Tango round 12
ChatterBot Uniform round 12
ChatterBot Echo round 12
ChatterBot November round 12
ChatterBot Sierra round 12
ChatterBot Charlie round 12
ChatterBot Romeo round 12
ChatterBot Victor round 12
2024-10-14 23:33:32.285695 Uniform: Tango, Echo, Sierra and Charlie, sending you 2
2024-10-14 23:33:32.286913 Kilo: Juliett, sending you 6
2024-10-14 23:33:32.291669 Uniform: Victor, sending you 1
2024-10-14 23:33:32.292784 Kilo: November, sending you 4
2024-10-14 23:33:32.293443 Charlie: Tango and Sierra, sending you 1
2024-10-14 23:33:32.294268 Tango: Uniform and Echo, sending you 2
2024-10-14 23:33:32.295956 Juliett: Kilo, sending you 6
2024-10-14 23:33:32.296573 Victor: Tango, sending you 3
2024-10-14 23:33:32.297544 Kilo: Romeo, sending you 2
2024-10-14 23:33:32.298783 Sierra: Tango and Charlie, sending you 1
2024-10-14 23:33:32.299711 Charlie: Uniform and Echo, sending you 2
2024-10-14 23:33:32.300603 Tango: Sierra and Charlie, sending you 1
2024-10-14 23:33:32.301396 Juliett: November, sending you 4
2024-10-14 23:33:32.302374 Victor: Uniform, sending you 1
2024-10-14 23:33:32.303235 Echo: Tango and Sierra, sending you 4
2024-10-14 23:33:32.304189 November: Juliett, sending you 4
2024-10-14 23:33:32.304803 Sierra: Uniform and Victor, sending you 2
2024-10-14 23:33:32.306103 Romeo: Same as last round
2024-10-14 23:33:32.306602 Juliett: Romeo, sending you 1
2024-10-14 23:33:32.307165 Tango: Victor, sending you 3
2024-10-14 23:33:32.308079 Victor: Echo and Sierra, sending you 2
2024-10-14 23:33:32.308977 November: Kilo, sending you 3
2024-10-14 23:33:32.309795 Echo: Uniform, Charlie and Victor, sending you 3
2024-10-14 23:33:32.311242 Sierra: Echo, sending you 3
2024-10-14 23:33:32.314694 November: Romeo, sending you 1
chatterbot November submitting transactions
chatterbot Juliett submitting transactions
chatterbot Kilo submitting transactions
chatterbot Romeo submitting transactions
chatterbot Victor submitting transactions
chatterbot Echo submitting transactions
chatterbot Sierra submitting transactions
chatterbot Charlie submitting transactions
chatterbot Tango submitting transactions
chatterbot Uniform submitting transactions
ChatterBot Juliett round 13
ChatterBot Kilo round 13
ChatterBot Tango round 13
ChatterBot Uniform round 13
ChatterBot Echo round 13
ChatterBot November round 13
ChatterBot Sierra round 13
ChatterBot Charlie round 13
ChatterBot Romeo round 13
ChatterBot Victor round 13
2024-10-14 23:33:33.418097 Echo: Tango and Sierra, sending you 4
2024-10-14 23:33:33.419960 Kilo: Juliett, sending you 6
2024-10-14 23:33:33.420649 Juliett: Kilo, sending you 6
2024-10-14 23:33:33.421843 Tango: Uniform and Echo, sending you 2
2024-10-14 23:33:33.423399 November: Juliett, sending you 4
2024-10-14 23:33:33.424386 Echo: Uniform, Charlie and Victor, sending you 3
2024-10-14 23:33:33.426564 Kilo: November, sending you 4
2024-10-14 23:33:33.430317 Juliett: November, sending you 4
2024-10-14 23:33:33.431302 Romeo: Same as last round
2024-10-14 23:33:33.433478 Tango: Sierra and Charlie, sending you 1
2024-10-14 23:33:33.434583 Uniform: Tango, Echo, Sierra and Charlie, sending you 2
2024-10-14 23:33:33.437081 Charlie: Tango and Sierra, sending you 1
2024-10-14 23:33:33.442410 Sierra: Tango and Charlie, sending you 1
2024-10-14 23:33:33.444371 November: Kilo, sending you 3
2024-10-14 23:33:33.445190 Victor: Tango, sending you 3
2024-10-14 23:33:33.451480 Kilo: Romeo, sending you 2
2024-10-14 23:33:33.452327 Juliett: Romeo, sending you 1
2024-10-14 23:33:33.454857 Tango: Victor, sending you 3
2024-10-14 23:33:33.456342 Uniform: Victor, sending you 1
2024-10-14 23:33:33.462573 Charlie: Uniform and Echo, sending you 2
2024-10-14 23:33:33.463841 Sierra: Uniform and Victor, sending you 2
2024-10-14 23:33:33.466912 November: Romeo, sending you 1
2024-10-14 23:33:33.467841 Victor: Uniform, sending you 1
2024-10-14 23:33:33.476172 Sierra: Echo, sending you 3
2024-10-14 23:33:33.480200 Victor: Echo and Sierra, sending you 2
chatterbot Romeo submitting transactions
chatterbot Tango submitting transactions
chatterbot November submitting transactions
chatterbot Uniform submitting transactions
chatterbot Kilo submitting transactions
chatterbot Sierra submitting transactions
chatterbot Charlie submitting transactions
chatterbot Echo submitting transactions
chatterbot Juliett submitting transactions
chatterbot Victor submitting transactions
ChatterBot Juliett round 14
ChatterBot Kilo round 14
ChatterBot Tango round 14
ChatterBot Uniform round 14
ChatterBot Echo round 14
ChatterBot November round 14
ChatterBot Sierra round 14
ChatterBot Charlie round 14
ChatterBot Romeo round 14
ChatterBot Victor round 14
2024-10-14 23:33:34.644096 Juliett: We should replace Victor with Charlie
2024-10-14 23:33:34.653854 Kilo: No
2024-10-14 23:33:34.654653 November: No
2024-10-14 23:33:34.654907 Romeo: No
ChatterBot Juliett reevaluating
ChatterBot Juliett reevaluating
ChatterBot Juliett reevaluating
2024-10-14 23:33:34.725804 Juliett: Charlie we want you to join our group
ChatterBot Charlie reevaluating
2024-10-14 23:33:34.729919 Charlie: No
ChatterBot Juliett reevaluating
2024-10-14 23:33:34.745659 Charlie: We should add Romeo
2024-10-14 23:33:34.746008 Juliett: We should replace Victor with Sierra
ChatterBot Tango reevaluating
2024-10-14 23:33:34.781172 Tango: Yes
2024-10-14 23:33:34.781427 Uniform: No
2024-10-14 23:33:34.781611 Echo: No
2024-10-14 23:33:34.781793 Sierra: No
2024-10-14 23:33:34.782580 Victor: No
2024-10-14 23:33:34.782763 Kilo: No
2024-10-14 23:33:34.782963 November: No
2024-10-14 23:33:34.783160 Romeo: No
ChatterBot Charlie reevaluating
ChatterBot Juliett reevaluating
ChatterBot Tango reevaluating
ChatterBot Charlie reevaluating
ChatterBot Juliett reevaluating
ChatterBot Tango reevaluating
ChatterBot Charlie reevaluating
ChatterBot Victor reevaluating
ChatterBot Juliett reevaluating
ChatterBot Tango reevaluating
ChatterBot Charlie reevaluating
ChatterBot Victor reevaluating
ChatterBot Tango reevaluating
ChatterBot Charlie reevaluating
2024-10-14 23:33:35.114483 November: Juliett, sending you 4
2024-10-14 23:33:35.116009 Uniform: Tango, Echo, Sierra and Charlie, sending you 2
2024-10-14 23:33:35.118345 Romeo: Same as last round
2024-10-14 23:33:35.120121 Kilo: Juliett, sending you 6
2024-10-14 23:33:35.120904 Echo: Tango, Uniform, Charlie and Victor, sending you 3
2024-10-14 23:33:35.122754 November: Kilo, sending you 3
2024-10-14 23:33:35.124101 Uniform: Victor, sending you 1
2024-10-14 23:33:35.126128 Kilo: November, sending you 4
2024-10-14 23:33:35.126888 Echo: Sierra, sending you 4
2024-10-14 23:33:35.128876 Sierra: Tango and Charlie, sending you 1
2024-10-14 23:33:35.130892 November: Romeo, sending you 1
2024-10-14 23:33:35.132223 Kilo: Romeo, sending you 2
2024-10-14 23:33:35.155100 Sierra: Uniform and Victor, sending you 2
2024-10-14 23:33:35.157377 Charlie: Tango and Sierra, sending you 1
2024-10-14 23:33:35.167884 Sierra: Echo, sending you 3
2024-10-14 23:33:35.171303 Tango: Uniform and Echo, sending you 2
2024-10-14 23:33:35.174184 Victor: Tango, sending you 3
2024-10-14 23:33:35.177525 Juliett: Kilo, sending you 6
2024-10-14 23:33:35.179407 Charlie: Uniform and Echo, sending you 2
chatterbot Kilo submitting transactions
2024-10-14 23:33:35.183251 Tango: Sierra and Charlie, sending you 1
2024-10-14 23:33:35.185900 Victor: Uniform, sending you 1
2024-10-14 23:33:35.188307 Juliett: November, sending you 4
2024-10-14 23:33:35.189891 Tango: Victor, sending you 3
2024-10-14 23:33:35.200403 Victor: Echo and Sierra, sending you 2
2024-10-14 23:33:35.203553 Juliett: Romeo, sending you 1
