ChatterBot Victor round 1
ChatterBot Charlie round 1
ChatterBot Papa round 1
ChatterBot Uniform round 1
ChatterBot Golf round 1
ChatterBot Sierra round 1
ChatterBot Alpha round 1
ChatterBot Romeo round 1
ChatterBot November round 1
ChatterBot India round 1
randomSelections Victor: {Victor, Romeo, Papa, Charlie, Uniform, Alpha} 
2024-10-14 23:33:17.090169 Victor: We would work well together
ChatterBot Romeo reevaluating
ChatterBot Papa reevaluating
ChatterBot Charlie reevaluating
ChatterBot Uniform reevaluating
ChatterBot Alpha reevaluating
2024-10-14 23:33:17.132837 Romeo: Yes
2024-10-14 23:33:17.133126 Papa: Yes
2024-10-14 23:33:17.133288 Charlie: Yes
2024-10-14 23:33:17.133446 Uniform: Yes
2024-10-14 23:33:17.133601 Alpha: Yes
ChatterBot Papa reevaluating
ChatterBot Charlie reevaluating
ChatterBot Uniform reevaluating
ChatterBot Alpha reevaluating
ChatterBot Romeo reevaluating
ChatterBot Charlie reevaluating
ChatterBot Uniform reevaluating
ChatterBot Alpha reevaluating
ChatterBot Romeo reevaluating
ChatterBot Papa reevaluating
ChatterBot Uniform reevaluating
ChatterBot Alpha reevaluating
ChatterBot Romeo reevaluating
ChatterBot Papa reevaluating
ChatterBot Charlie reevaluating
ChatterBot Alpha reevaluating
ChatterBot Romeo reevaluating
ChatterBot Papa reevaluating
ChatterBot Charlie reevaluating
ChatterBot Uniform reevaluating
randomSelections November: {November, Charlie, Golf, India, Victor, Uniform} 
2024-10-14 23:33:17.275135 November: We should group up
ChatterBot Charlie reevaluating
ChatterBot Golf reevaluating
ChatterBot India reevaluating
ChatterBot Uniform reevaluating
2024-10-14 23:33:17.288036 Charlie: No
2024-10-14 23:33:17.288796 Golf: Yes
2024-10-14 23:33:17.289009 India: Yes
2024-10-14 23:33:17.289196 Victor: No
2024-10-14 23:33:17.289441 Uniform: No
ChatterBot Golf reevaluating
ChatterBot India reevaluating
ChatterBot Uniform reevaluating
ChatterBot Charlie reevaluating
ChatterBot India reevaluating
ChatterBot Uniform reevaluating
ChatterBot Charlie reevaluating
ChatterBot Golf reevaluating
ChatterBot Uniform reevaluating
ChatterBot Charlie reevaluating
ChatterBot Golf reevaluating
ChatterBot India reevaluating
ChatterBot Uniform reevaluating
ChatterBot Charlie reevaluating
ChatterBot Golf reevaluating
ChatterBot India reevaluating
randomSelections Sierra: {Sierra, Charlie, India, Golf, Uniform, Victor, Papa} 
2024-10-14 23:33:17.366842 Sierra: Can we be friends?
ChatterBot Charlie reevaluating
ChatterBot India reevaluating
ChatterBot Golf reevaluating
ChatterBot Uniform reevaluating
ChatterBot Papa reevaluating
2024-10-14 23:33:17.380231 Charlie: No
2024-10-14 23:33:17.380586 India: No
2024-10-14 23:33:17.381408 Golf: No
2024-10-14 23:33:17.381693 Uniform: No
2024-10-14 23:33:17.381979 Victor: No
2024-10-14 23:33:17.383358 Papa: No
ChatterBot India reevaluating
ChatterBot Golf reevaluating
ChatterBot Uniform reevaluating
ChatterBot Papa reevaluating
ChatterBot Charlie reevaluating
ChatterBot Golf reevaluating
ChatterBot Uniform reevaluating
ChatterBot Papa reevaluating
ChatterBot Charlie reevaluating
ChatterBot India reevaluating
ChatterBot Uniform reevaluating
ChatterBot Papa reevaluating
ChatterBot Charlie reevaluating
ChatterBot India reevaluating
ChatterBot Golf reevaluating
ChatterBot Papa reevaluating
ChatterBot Charlie reevaluating
ChatterBot India reevaluating
ChatterBot Golf reevaluating
ChatterBot Uniform reevaluating
ChatterBot Papa reevaluating
ChatterBot Charlie reevaluating
ChatterBot India reevaluating
ChatterBot Golf reevaluating
ChatterBot Uniform reevaluating
2024-10-14 23:33:17.508872 Papa: Victor and Alpha, sending you 1
2024-10-14 23:33:17.510863 November: Victor and Golf, sending you 1
2024-10-14 23:33:17.511351 Charlie: Victor and Alpha, sending you 3
2024-10-14 23:33:17.511978 Golf: Charlie and Uniform, sending you 2
2024-10-14 23:33:17.513669 Papa: Charlie, sending you 4
2024-10-14 23:33:17.514902 Victor: Charlie and Uniform, sending you 1
2024-10-14 23:33:17.515480 Uniform: Victor, Papa and Alpha, sending you 3
2024-10-14 23:33:17.517123 Romeo: Victor, sending you 3
2024-10-14 23:33:17.517578 November: Charlie, sending you 3
2024-10-14 23:33:17.518896 Alpha: Victor and Charlie, sending you 3
2024-10-14 23:33:17.519395 Charlie: Papa, sending you 1
2024-10-14 23:33:17.520874 Golf: November, sending you 1
2024-10-14 23:33:17.522340 Papa: Uniform and Romeo, sending you 3
2024-10-14 23:33:17.523042 Uniform: Charlie and Romeo, sending you 2
2024-10-14 23:33:17.524385 Victor: Papa, Alpha and Romeo, sending you 4
2024-10-14 23:33:17.525071 Romeo: Papa and Uniform, sending you 1
2024-10-14 23:33:17.526285 Alpha: Papa, Uniform and Romeo, sending you 1
2024-10-14 23:33:17.527541 November: Uniform and India, sending you 2
2024-10-14 23:33:17.528338 Golf: India, sending you 3
2024-10-14 23:33:17.529841 Charlie: Uniform and Romeo, sending you 2
2024-10-14 23:33:17.531194 Romeo: Alpha, sending you 2
chatterbot India submitting transactions
chatterbot Charlie submitting transactions
chatterbot Papa submitting transactions
chatterbot November submitting transactions
chatterbot Romeo submitting transactions
chatterbot Victor submitting transactions
chatterbot Alpha submitting transactions
chatterbot Sierra submitting transactions
chatterbot Uniform submitting transactions
chatterbot Golf submitting transactions
ChatterBot Victor round 2
ChatterBot Charlie round 2
ChatterBot Papa round 2
ChatterBot Uniform round 2
ChatterBot Golf round 2
ChatterBot Sierra round 2
ChatterBot Alpha round 2
ChatterBot Romeo round 2
ChatterBot November round 2
ChatterBot India round 2
2024-10-14 23:33:18.803529 Charlie: We should add November
ChatterBot Romeo reevaluating
ChatterBot Uniform reevaluating
ChatterBot Alpha reevaluating
2024-10-14 23:33:18.837409 Victor: No
2024-10-14 23:33:18.838108 Romeo: No
2024-10-14 23:33:18.838264 Papa: No
2024-10-14 23:33:18.838465 Uniform: No
2024-10-14 23:33:18.838671 Alpha: No
ChatterBot Romeo reevaluating
ChatterBot Uniform reevaluating
ChatterBot Alpha reevaluating
ChatterBot Charlie reevaluating
ChatterBot Uniform reevaluating
ChatterBot Alpha reevaluating
ChatterBot Romeo reevaluating
ChatterBot Charlie reevaluating
ChatterBot Uniform reevaluating
ChatterBot Alpha reevaluating
ChatterBot Romeo reevaluating
ChatterBot Charlie reevaluating
ChatterBot Alpha reevaluating
ChatterBot Romeo reevaluating
ChatterBot Charlie reevaluating
ChatterBot Uniform reevaluating
2024-10-14 23:33:19.023964 Golf: We should group up
ChatterBot November reevaluating
ChatterBot India reevaluating
ChatterBot Sierra reevaluating
2024-10-14 23:33:19.045935 November: Yes
2024-10-14 23:33:19.046694 India: Yes
2024-10-14 23:33:19.046867 Sierra: No
ChatterBot India reevaluating
ChatterBot Sierra reevaluating
ChatterBot November reevaluating
ChatterBot Sierra reevaluating
ChatterBot November reevaluating
ChatterBot India reevaluating
2024-10-14 23:33:19.134373 Papa: We should drop Romeo
ChatterBot Charlie reevaluating
ChatterBot Uniform reevaluating
ChatterBot Alpha reevaluating
2024-10-14 23:33:19.163002 Victor: No
2024-10-14 23:33:19.163249 Charlie: No
2024-10-14 23:33:19.163460 Uniform: No
2024-10-14 23:33:19.163669 Alpha: No
ChatterBot Charlie reevaluating
ChatterBot Uniform reevaluating
ChatterBot Alpha reevaluating
ChatterBot Uniform reevaluating
ChatterBot Alpha reevaluating
ChatterBot Charlie reevaluating
ChatterBot Alpha reevaluating
ChatterBot Charlie reevaluating
ChatterBot Uniform reevaluating
2024-10-14 23:33:19.914900 Alpha: Victor, sending you 3
2024-10-14 23:33:19.915735 Uniform: Victor, Charlie, Papa and Alpha, sending you 3
2024-10-14 23:33:19.916043 Sierra: Sending you each 3
2024-10-14 23:33:19.916327 Victor: Charlie, sending you 4
2024-10-14 23:33:19.917128 Papa: Victor, sending you 5
2024-10-14 23:33:19.917342 Romeo: Victor and Papa, sending you 2
2024-10-14 23:33:19.917593 Golf: November, sending you 3
chatterbot Sierra submitting transactions
chatterbot Papa submitting transactions
chatterbot Alpha submitting transactions
2024-10-14 23:33:19.974257 Alpha: Charlie, Uniform and Romeo, sending you 2
2024-10-14 23:33:19.974598 Uniform: Romeo, sending you 2
2024-10-14 23:33:19.975344 Romeo: Charlie, Uniform and Alpha, sending you 1
2024-10-14 23:33:19.975692 Victor: Papa, sending you 2
2024-10-14 23:33:19.975979 Papa: Charlie, sending you 2
2024-10-14 23:33:19.976585 November: Golf, sending you 4
2024-10-14 23:33:19.976809 India: Golf and November, sending you 2
2024-10-14 23:33:19.977016 Charlie: Victor and Romeo, sending you 1
chatterbot Golf submitting transactions
2024-10-14 23:33:19.977473 Alpha: Papa, sending you 1
2024-10-14 23:33:19.991594 Victor: Uniform, Alpha and Romeo, sending you 3
2024-10-14 23:33:19.992773 Papa: Uniform, sending you 4
2024-10-14 23:33:19.993218 Charlie: Papa, sending you 4
2024-10-14 23:33:20.018998 Papa: Alpha, sending you 1
2024-10-14 23:33:20.020097 Charlie: Uniform, sending you 2
2024-10-14 23:33:20.029207 Charlie: Alpha, sending you 3
chatterbot Victor submitting transactions
chatterbot November submitting transactions
chatterbot Romeo submitting transactions
chatterbot Uniform submitting transactions
chatterbot Charlie submitting transactions
chatterbot India submitting transactions
ChatterBot Victor round 3
ChatterBot Charlie round 3
ChatterBot Papa round 3
ChatterBot Uniform round 3
ChatterBot Golf round 3
ChatterBot Sierra round 3
ChatterBot Alpha round 3
ChatterBot Romeo round 3
ChatterBot November round 3
ChatterBot India round 3
2024-10-14 23:33:20.768884 Golf: Sierra and November, sending you 3
2024-10-14 23:33:20.769380 Romeo: Victor, sending you 3
2024-10-14 23:33:20.770416 Papa: Victor and Charlie, sending you 3
2024-10-14 23:33:20.770793 November: Golf, sending you 4
2024-10-14 23:33:20.771665 Victor: Sending you each 3
2024-10-14 23:33:20.772179 Uniform: Sending you each 3
2024-10-14 23:33:20.773162 Charlie: Victor and Papa, sending you 3
2024-10-14 23:33:20.773627 Sierra: Same as last round
2024-10-14 23:33:20.774039 Golf: India, sending you 1
2024-10-14 23:33:20.775014 Romeo: Charlie, Papa, Uniform and Alpha, sending you 1
2024-10-14 23:33:20.775501 Papa: Uniform, sending you 4
2024-10-14 23:33:20.975122 November: Sierra, sending you 3
2024-10-14 23:33:20.975405 Alpha: Victor, Charlie and Uniform, sending you 3
2024-10-14 23:33:20.976223 India: Golf, sending you 2
2024-10-14 23:33:20.976442 Charlie: Uniform and Alpha, sending you 2
2024-10-14 23:33:20.976785 Papa: Alpha, sending you 2
chatterbot India submitting transactions
2024-10-14 23:33:20.977696 November: India, sending you 2
2024-10-14 23:33:21.024423 Alpha: Romeo, sending you 2
2024-10-14 23:33:21.024936 India: Sierra, sending you 3
2024-10-14 23:33:21.025291 Charlie: Romeo, sending you 1
chatterbot Uniform submitting transactions
2024-10-14 23:33:21.057059 India: November, sending you 1
chatterbot Victor submitting transactions
chatterbot Romeo submitting transactions
chatterbot Alpha submitting transactions
chatterbot Papa submitting transactions
chatterbot November submitting transactions
chatterbot Charlie submitting transactions
chatterbot Golf submitting transactions
chatterbot Sierra submitting transactions
ChatterBot Victor round 4
ChatterBot Charlie round 4
ChatterBot Papa round 4
ChatterBot Uniform round 4
ChatterBot Golf round 4
ChatterBot Sierra round 4
ChatterBot Alpha round 4
ChatterBot Romeo round 4
ChatterBot November round 4
ChatterBot India round 4
2024-10-14 23:33:21.813511 Sierra: We should add Romeo
ChatterBot November reevaluating
ChatterBot India reevaluating
2024-10-14 23:33:21.826182 Golf: No
2024-10-14 23:33:21.826406 November: Yes
2024-10-14 23:33:21.827033 India: Yes
ChatterBot November reevaluating
ChatterBot India reevaluating
ChatterBot Sierra reevaluating
ChatterBot India reevaluating
ChatterBot Sierra reevaluating
ChatterBot November reevaluating
ChatterBot Sierra reevaluating
2024-10-14 23:33:21.876171 India: Romeo we want you to join our group
2024-10-14 23:33:21.880723 Romeo: No
ChatterBot Sierra reevaluating
ChatterBot November reevaluating
2024-10-14 23:33:21.900760 Victor: Same as last round
2024-10-14 23:33:21.908698 Sierra: Romeo we want you to join our group
2024-10-14 23:33:21.918191 Romeo: No
ChatterBot Sierra reevaluating
2024-10-14 23:33:21.934462 November: Romeo we want you to join our group
2024-10-14 23:33:21.938870 Romeo: No
ChatterBot Golf reevaluating
ChatterBot Sierra reevaluating
2024-10-14 23:33:21.951895 Uniform: Same as last round
2024-10-14 23:33:21.952446 Alpha: Victor and Uniform, sending you 3
2024-10-14 23:33:21.953528 Papa: Victor, Charlie and Uniform, sending you 4
2024-10-14 23:33:21.953967 Charlie: Victor and Papa, sending you 3
2024-10-14 23:33:21.956889 Alpha: Charlie, sending you 2
2024-10-14 23:33:21.957667 Charlie: Uniform and Alpha, sending you 2
2024-10-14 23:33:21.958877 Golf: Romeo we want you to join our group
2024-10-14 23:33:21.962635 Romeo: No
ChatterBot Golf reevaluating
ChatterBot Sierra reevaluating
2024-10-14 23:33:21.977046 India: Golf, sending you 1
2024-10-14 23:33:21.977402 Romeo: Victor and Uniform, sending you 2
2024-10-14 23:33:21.978431 Alpha: Papa and Romeo, sending you 1
2024-10-14 23:33:21.978872 Charlie: Romeo, sending you 1
2024-10-14 23:33:21.982069 India: Sierra, sending you 3
2024-10-14 23:33:21.982669 Romeo: Charlie, Papa and Alpha, sending you 1
2024-10-14 23:33:21.983200 November: Golf, sending you 4
2024-10-14 23:33:21.985680 November: Sierra, sending you 3
2024-10-14 23:33:21.987697 India: November, sending you 2
2024-10-14 23:33:21.988687 November: India, sending you 2
2024-10-14 23:33:22.002664 Sierra: Golf, November and India, sending you 3
chatterbot November submitting transactions
chatterbot Papa submitting transactions
chatterbot Victor submitting transactions
chatterbot Uniform submitting transactions
chatterbot India submitting transactions
chatterbot Romeo submitting transactions
chatterbot Charlie submitting transactions
chatterbot Alpha submitting transactions
chatterbot Golf submitting transactions
chatterbot Sierra submitting transactions
ChatterBot Victor round 5
ChatterBot Charlie round 5
ChatterBot Papa round 5
ChatterBot Uniform round 5
ChatterBot Golf round 5
ChatterBot Sierra round 5
ChatterBot Alpha round 5
ChatterBot Romeo round 5
ChatterBot November round 5
ChatterBot India round 5
2024-10-14 23:33:23.220800 November: We should drop Romeo
ChatterBot Golf reevaluating
2024-10-14 23:33:23.229708 Golf: Yes
2024-10-14 23:33:23.229892 India: No
2024-10-14 23:33:23.230021 Sierra: No
ChatterBot Golf reevaluating
ChatterBot Golf reevaluating
ChatterBot November reevaluating
2024-10-14 23:33:23.252753 Victor: Same as last round
2024-10-14 23:33:23.253293 Charlie: Victor and Papa, sending you 3
2024-10-14 23:33:23.256681 Alpha: Victor and Uniform, sending you 3
2024-10-14 23:33:23.257767 Papa: Victor, Charlie and Uniform, sending you 4
2024-10-14 23:33:23.258517 Charlie: Uniform and Alpha, sending you 2
2024-10-14 23:33:23.259071 Uniform: Same as last round
2024-10-14 23:33:23.259565 Sierra: Golf, November and India, sending you 3
2024-10-14 23:33:23.259949 Alpha: Charlie, sending you 2
2024-10-14 23:33:23.262664 Charlie: Romeo, sending you 1
2024-10-14 23:33:23.264681 Alpha: Papa and Romeo, sending you 1
2024-10-14 23:33:23.273973 Romeo: Victor, sending you 3
2024-10-14 23:33:23.276660 November: Golf, sending you 4
2024-10-14 23:33:23.277050 Romeo: Charlie and Alpha, sending you 1
2024-10-14 23:33:23.277660 India: Golf, sending you 1
2024-10-14 23:33:23.280661 November: Sierra, sending you 3
2024-10-14 23:33:23.281054 India: Sierra, sending you 3
2024-10-14 23:33:23.281666 Romeo: Uniform, sending you 2
2024-10-14 23:33:23.283674 India: November, sending you 2
2024-10-14 23:33:23.285663 November: India, sending you 2
chatterbot Romeo submitting transactions
chatterbot India submitting transactions
chatterbot Golf submitting transactions
chatterbot Uniform submitting transactions
chatterbot November submitting transactions
chatterbot Papa submitting transactions
chatterbot Sierra submitting transactions
chatterbot Victor submitting transactions
chatterbot Charlie submitting transactions
chatterbot Alpha submitting transactions
ChatterBot Victor round 6
ChatterBot Charlie round 6
ChatterBot Papa round 6
ChatterBot Uniform round 6
ChatterBot Golf round 6
ChatterBot Sierra round 6
ChatterBot Alpha round 6
ChatterBot Romeo round 6
ChatterBot November round 6
ChatterBot India round 6
2024-10-14 23:33:24.369821 Golf: We should drop Romeo
ChatterBot India reevaluating
2024-10-14 23:33:24.382843 November: No
2024-10-14 23:33:24.383074 India: Yes
2024-10-14 23:33:24.383266 Sierra: No
ChatterBot Golf reevaluating
ChatterBot India reevaluating
ChatterBot Golf reevaluating
ChatterBot November reevaluating
ChatterBot Sierra reevaluating
ChatterBot Golf reevaluating
ChatterBot November reevaluating
ChatterBot India reevaluating
2024-10-14 23:33:24.448143 Charlie: Victor and Papa, sending you 3
2024-10-14 23:33:24.449105 Victor: Same as last round
2024-10-14 23:33:24.450499 Papa: Victor and Charlie, sending you 4
2024-10-14 23:33:24.453682 Charlie: Uniform and Alpha, sending you 2
2024-10-14 23:33:24.455073 Romeo: Victor, sending you 3
2024-10-14 23:33:24.455909 Papa: Uniform, sending you 3
2024-10-14 23:33:24.457263 Alpha: Victor, Charlie and Uniform, sending you 3
2024-10-14 23:33:24.458849 India: Alpha we want you to join our group
2024-10-14 23:33:24.463693 Alpha: No
ChatterBot India reevaluating
ChatterBot Golf reevaluating
ChatterBot Sierra reevaluating
ChatterBot November reevaluating
2024-10-14 23:33:24.484914 Charlie: Romeo, sending you 1
2024-10-14 23:33:24.485651 Romeo: Charlie and Alpha, sending you 1
2024-10-14 23:33:24.486918 Papa: Alpha, sending you 1
2024-10-14 23:33:24.487321 Alpha: Papa and Romeo, sending you 1
2024-10-14 23:33:24.490999 Romeo: Uniform, sending you 2
2024-10-14 23:33:24.493434 Uniform: Same as last round
2024-10-14 23:33:24.523114 Sierra: Golf, November and India, sending you 3
2024-10-14 23:33:24.541695 India: Golf, sending you 1
2024-10-14 23:33:24.542401 November: Golf, sending you 4
2024-10-14 23:33:24.550939 India: Sierra, sending you 3
2024-10-14 23:33:24.551567 November: Sierra, sending you 3
2024-10-14 23:33:24.580028 India: November, sending you 2
2024-10-14 23:33:24.580839 November: India, sending you 2
chatterbot Alpha submitting transactions
chatterbot Charlie submitting transactions
chatterbot Sierra submitting transactions
chatterbot Papa submitting transactions
chatterbot Romeo submitting transactions
chatterbot Victor submitting transactions
chatterbot Uniform submitting transactions
chatterbot Golf submitting transactions
chatterbot November submitting transactions
chatterbot India submitting transactions
ChatterBot Victor round 7
ChatterBot Charlie round 7
ChatterBot Papa round 7
ChatterBot Uniform round 7
ChatterBot Golf round 7
ChatterBot Sierra round 7
ChatterBot Alpha round 7
ChatterBot Romeo round 7
ChatterBot November round 7
ChatterBot India round 7
2024-10-14 23:33:25.738389 Golf: We should drop Romeo
ChatterBot November reevaluating
ChatterBot India reevaluating
2024-10-14 23:33:25.752337 November: Yes
2024-10-14 23:33:25.752590 India: Yes
2024-10-14 23:33:25.752830 Sierra: No
ChatterBot Golf reevaluating
ChatterBot India reevaluating
ChatterBot Golf reevaluating
ChatterBot November reevaluating
ChatterBot Sierra reevaluating
ChatterBot Golf reevaluating
ChatterBot November reevaluating
ChatterBot India reevaluating
2024-10-14 23:33:25.787669 Papa: Victor and Charlie, sending you 4
2024-10-14 23:33:25.788676 Victor: Same as last round
2024-10-14 23:33:25.789293 Charlie: Victor and Papa, sending you 3
2024-10-14 23:33:25.791685 Papa: Uniform, sending you 3
2024-10-14 23:33:25.794812 Charlie: Uniform and Alpha, sending you 2
2024-10-14 23:33:25.795314 Alpha: Victor and Uniform, sending you 3
2024-10-14 23:33:25.796694 Papa: Alpha, sending you 1
2024-10-14 23:33:25.798748 India: Papa we want you to join our group
2024-10-14 23:33:25.801607 Papa: No
ChatterBot Golf reevaluating
ChatterBot Sierra reevaluating
ChatterBot November reevaluating
2024-10-14 23:33:25.812967 Sierra: We should replace Romeo with Alpha
ChatterBot Golf reevaluating
ChatterBot November reevaluating
ChatterBot India reevaluating
2024-10-14 23:33:25.821465 Golf: No
2024-10-14 23:33:25.821619 November: No
2024-10-14 23:33:25.821750 India: No
ChatterBot November reevaluating
ChatterBot India reevaluating
ChatterBot Sierra reevaluating
ChatterBot Golf reevaluating
ChatterBot India reevaluating
ChatterBot Sierra reevaluating
ChatterBot Golf reevaluating
ChatterBot November reevaluating
ChatterBot Sierra reevaluating
2024-10-14 23:33:25.848794 Charlie: Romeo, sending you 1
2024-10-14 23:33:25.849288 Alpha: Charlie, sending you 2
2024-10-14 23:33:25.852688 Alpha: Papa and Romeo, sending you 1
2024-10-14 23:33:25.854236 Uniform: Same as last round
2024-10-14 23:33:25.855379 Romeo: Victor, sending you 3
2024-10-14 23:33:25.856952 Sierra: Alpha we want you to join our group
2024-10-14 23:33:25.861300 Alpha: No
ChatterBot India reevaluating
ChatterBot Golf reevaluating
ChatterBot Sierra reevaluating
ChatterBot November reevaluating
2024-10-14 23:33:25.877517 Romeo: Charlie and Alpha, sending you 1
2024-10-14 23:33:25.882082 Romeo: Uniform, sending you 2
2024-10-14 23:33:25.907051 India: Golf, sending you 1
2024-10-14 23:33:25.907674 Sierra: Golf, November and India, sending you 3
2024-10-14 23:33:25.909660 November: Golf, sending you 4
2024-10-14 23:33:25.911681 India: Sierra, sending you 3
2024-10-14 23:33:25.913672 November: Sierra, sending you 3
2024-10-14 23:33:25.915675 India: November, sending you 2
2024-10-14 23:33:25.918665 November: India, sending you 2
chatterbot Victor submitting transactions
chatterbot Papa submitting transactions
chatterbot Uniform submitting transactions
chatterbot Charlie submitting transactions
chatterbot India submitting transactions
chatterbot Sierra submitting transactions
chatterbot November submitting transactions
chatterbot Alpha submitting transactions
chatterbot Romeo submitting transactions
chatterbot Golf submitting transactions
ChatterBot Victor round 8
ChatterBot Charlie round 8
ChatterBot Papa round 8
ChatterBot Uniform round 8
ChatterBot Golf round 8
ChatterBot Sierra round 8
ChatterBot Alpha round 8
ChatterBot Romeo round 8
ChatterBot November round 8
ChatterBot India round 8
2024-10-14 23:33:26.946851 India: We should replace Papa with Alpha
ChatterBot Golf reevaluating
ChatterBot November reevaluating
2024-10-14 23:33:26.957257 Golf: No
2024-10-14 23:33:26.958003 November: Yes
2024-10-14 23:33:26.958263 Sierra: No
ChatterBot November reevaluating
ChatterBot Sierra reevaluating
ChatterBot Golf reevaluating
ChatterBot Sierra reevaluating
ChatterBot Golf reevaluating
ChatterBot November reevaluating
ChatterBot India reevaluating
2024-10-14 23:33:26.999279 Golf: We should drop Romeo
ChatterBot India reevaluating
ChatterBot Sierra reevaluating
2024-10-14 23:33:27.010150 November: Yes
2024-10-14 23:33:27.010352 India: Yes
2024-10-14 23:33:27.010527 Sierra: No
ChatterBot Golf reevaluating
ChatterBot India reevaluating
ChatterBot Sierra reevaluating
ChatterBot Golf reevaluating
ChatterBot November reevaluating
ChatterBot Sierra reevaluating
ChatterBot Golf reevaluating
ChatterBot November reevaluating
ChatterBot India reevaluating
2024-10-14 23:33:27.052637 Papa: Victor and Charlie, sending you 4
2024-10-14 23:33:27.053416 Charlie: Victor and Papa, sending you 3
2024-10-14 23:33:27.057688 Papa: Uniform, sending you 3
2024-10-14 23:33:27.058394 November: Alpha we want you to join our group
2024-10-14 23:33:27.063645 Alpha: No
ChatterBot India reevaluating
ChatterBot Golf reevaluating
ChatterBot Sierra reevaluating
2024-10-14 23:33:27.082468 Sierra: We should replace Alpha with Romeo
ChatterBot Golf reevaluating
ChatterBot November reevaluating
ChatterBot India reevaluating
2024-10-14 23:33:27.091655 Golf: No
2024-10-14 23:33:27.091861 November: No
2024-10-14 23:33:27.091989 India: No
ChatterBot November reevaluating
ChatterBot India reevaluating
ChatterBot Sierra reevaluating
ChatterBot Golf reevaluating
ChatterBot India reevaluating
ChatterBot Sierra reevaluating
ChatterBot Golf reevaluating
ChatterBot November reevaluating
ChatterBot Sierra reevaluating
2024-10-14 23:33:27.121959 Charlie: Uniform and Alpha, sending you 2
2024-10-14 23:33:27.122565 Alpha: Victor and Uniform, sending you 3
2024-10-14 23:33:27.123077 Victor: Same as last round
2024-10-14 23:33:27.123636 Romeo: Victor, sending you 3
2024-10-14 23:33:27.124198 Uniform: Same as last round
2024-10-14 23:33:27.125274 Papa: Alpha, sending you 1
2024-10-14 23:33:27.125708 India: We should replace Papa with Romeo
ChatterBot Golf reevaluating
ChatterBot November reevaluating
ChatterBot Sierra reevaluating
2024-10-14 23:33:27.132583 Golf: No
2024-10-14 23:33:27.132738 November: Yes
2024-10-14 23:33:27.132896 Sierra: No
ChatterBot November reevaluating
ChatterBot India reevaluating
ChatterBot Sierra reevaluating
ChatterBot Golf reevaluating
ChatterBot India reevaluating
ChatterBot Sierra reevaluating
ChatterBot Golf reevaluating
ChatterBot November reevaluating
ChatterBot India reevaluating
2024-10-14 23:33:27.159962 Charlie: Romeo, sending you 1
2024-10-14 23:33:27.160690 Alpha: Charlie, sending you 2
2024-10-14 23:33:27.161192 Romeo: Charlie and Alpha, sending you 1
2024-10-14 23:33:27.164716 Alpha: Papa and Romeo, sending you 1
2024-10-14 23:33:27.165689 Romeo: Uniform, sending you 2
2024-10-14 23:33:27.167667 Sierra: Romeo we want you to join our group
2024-10-14 23:33:27.171221 Romeo: No
ChatterBot India reevaluating
ChatterBot Golf reevaluating
2024-10-14 23:33:27.183961 November: Romeo we want you to join our group
2024-10-14 23:33:27.187010 Romeo: No
ChatterBot India reevaluating
ChatterBot Golf reevaluating
2024-10-14 23:33:27.210687 November: Golf, sending you 4
2024-10-14 23:33:27.214706 Sierra: Golf, November and India, sending you 3
2024-10-14 23:33:27.215680 November: Sierra, sending you 3
2024-10-14 23:33:27.217814 India: Golf, sending you 1
2024-10-14 23:33:27.219685 November: India, sending you 2
2024-10-14 23:33:27.221704 India: Sierra, sending you 3
2024-10-14 23:33:27.226676 India: November, sending you 2
chatterbot Alpha submitting transactions
chatterbot Charlie submitting transactions
chatterbot Romeo submitting transactions
chatterbot Victor submitting transactions
chatterbot Papa submitting transactions
chatterbot Golf submitting transactions
chatterbot November submitting transactions
chatterbot Uniform submitting transactions
chatterbot India submitting transactions
chatterbot Sierra submitting transactions
ChatterBot Victor round 9
ChatterBot Charlie round 9
ChatterBot Papa round 9
ChatterBot Uniform round 9
ChatterBot Golf round 9
ChatterBot Sierra round 9
ChatterBot Alpha round 9
ChatterBot Romeo round 9
ChatterBot November round 9
ChatterBot India round 9
2024-10-14 23:33:28.322908 Sierra: We should replace Romeo with Alpha
ChatterBot Golf reevaluating
ChatterBot November reevaluating
2024-10-14 23:33:28.335591 Golf: No
2024-10-14 23:33:28.337367 November: Yes
2024-10-14 23:33:28.338832 India: No
ChatterBot November reevaluating
ChatterBot Sierra reevaluating
ChatterBot Golf reevaluating
ChatterBot India reevaluating
ChatterBot Sierra reevaluating
ChatterBot Golf reevaluating
ChatterBot November reevaluating
ChatterBot Sierra reevaluating
2024-10-14 23:33:28.394278 India: We should replace Papa with Romeo
ChatterBot Golf reevaluating
ChatterBot November reevaluating
ChatterBot Sierra reevaluating
2024-10-14 23:33:28.411781 Golf: No
2024-10-14 23:33:28.411958 November: No
2024-10-14 23:33:28.412118 Sierra: Yes
ChatterBot November reevaluating
ChatterBot India reevaluating
ChatterBot Sierra reevaluating
ChatterBot Golf reevaluating
ChatterBot India reevaluating
ChatterBot Sierra reevaluating
ChatterBot Golf reevaluating
ChatterBot November reevaluating
ChatterBot India reevaluating
2024-10-14 23:33:28.485667 Charlie: Victor and Papa, sending you 3
2024-10-14 23:33:28.487066 Victor: Same as last round
2024-10-14 23:33:28.487824 Papa: Victor and Charlie, sending you 4
2024-10-14 23:33:28.488915 Uniform: Same as last round
2024-10-14 23:33:28.489727 Golf: We should drop Romeo
ChatterBot India reevaluating
ChatterBot Sierra reevaluating
2024-10-14 23:33:28.501127 November: No
2024-10-14 23:33:28.501301 India: Yes
2024-10-14 23:33:28.501438 Sierra: No
ChatterBot Golf reevaluating
ChatterBot India reevaluating
ChatterBot Sierra reevaluating
ChatterBot Golf reevaluating
ChatterBot November reevaluating
ChatterBot Sierra reevaluating
ChatterBot Golf reevaluating
ChatterBot November reevaluating
ChatterBot India reevaluating
2024-10-14 23:33:28.533559 Charlie: Uniform and Alpha, sending you 2
2024-10-14 23:33:28.535288 Papa: Uniform, sending you 3
2024-10-14 23:33:28.537913 Charlie: Romeo, sending you 1
2024-10-14 23:33:28.539627 Romeo: Victor, sending you 3
2024-10-14 23:33:28.540836 Papa: Alpha, sending you 1
2024-10-14 23:33:28.542058 Alpha: Victor and Uniform, sending you 3
2024-10-14 23:33:28.543944 India: Romeo we want you to join our group
2024-10-14 23:33:28.548916 Romeo: No
ChatterBot India reevaluating
ChatterBot Golf reevaluating
ChatterBot November reevaluating
2024-10-14 23:33:28.570245 India: We should replace Papa with Alpha
ChatterBot Golf reevaluating
ChatterBot November reevaluating
2024-10-14 23:33:28.585435 Golf: No
2024-10-14 23:33:28.585663 November: No
2024-10-14 23:33:28.585850 Sierra: No
ChatterBot November reevaluating
ChatterBot India reevaluating
ChatterBot Golf reevaluating
ChatterBot India reevaluating
ChatterBot Golf reevaluating
ChatterBot November reevaluating
ChatterBot India reevaluating
2024-10-14 23:33:28.632484 Romeo: Charlie and Alpha, sending you 1
2024-10-14 23:33:28.633965 Alpha: Charlie, sending you 2
2024-10-14 23:33:28.638667 Romeo: Uniform, sending you 2
2024-10-14 23:33:28.639928 Alpha: Papa and Romeo, sending you 1
2024-10-14 23:33:28.641175 Sierra: Golf, November and India, sending you 3
2024-10-14 23:33:28.644676 November: Alpha we want you to join our group
2024-10-14 23:33:28.648888 Alpha: No
ChatterBot Golf reevaluating
ChatterBot November reevaluating
2024-10-14 23:33:28.685672 India: Golf, sending you 1
2024-10-14 23:33:28.689707 November: Golf, sending you 4
2024-10-14 23:33:28.690946 India: Sierra, sending you 3
2024-10-14 23:33:28.692676 November: Sierra, sending you 3
2024-10-14 23:33:28.694675 India: November, sending you 2
2024-10-14 23:33:28.696151 November: India, sending you 2
chatterbot Victor submitting transactions
chatterbot Papa submitting transactions
chatterbot Romeo submitting transactions
chatterbot Golf submitting transactions
chatterbot Charlie submitting transactions
chatterbot Uniform submitting transactions
chatterbot India submitting transactions
chatterbot November submitting transactions
chatterbot Sierra submitting transactions
chatterbot Alpha submitting transactions
ChatterBot Victor round 10
ChatterBot Charlie round 10
ChatterBot Papa round 10
ChatterBot Uniform round 10
ChatterBot Golf round 10
ChatterBot Sierra round 10
ChatterBot Alpha round 10
ChatterBot Romeo round 10
ChatterBot November round 10
ChatterBot India round 10
2024-10-14 23:33:29.665243 November: We should drop Alpha
ChatterBot Golf reevaluating
2024-10-14 23:33:29.677791 Golf: Yes
2024-10-14 23:33:29.678218 India: Yes
2024-10-14 23:33:29.679041 Sierra: Yes
ChatterBot November reevaluating
ChatterBot Golf reevaluating
ChatterBot November reevaluating
ChatterBot Golf reevaluating
ChatterBot November reevaluating
2024-10-14 23:33:29.718465 Charlie: Victor and Papa, sending you 3
2024-10-14 23:33:29.719858 Papa: Victor and Charlie, sending you 4
2024-10-14 23:33:29.721096 Victor: Same as last round
2024-10-14 23:33:29.722491 Romeo: Victor, sending you 3
2024-10-14 23:33:29.723702 Uniform: Same as last round
2024-10-14 23:33:29.725237 Alpha: Victor and Uniform, sending you 3
2024-10-14 23:33:29.727249 Charlie: Uniform and Alpha, sending you 2
2024-10-14 23:33:29.729209 Papa: Uniform, sending you 3
2024-10-14 23:33:29.730737 Golf: We should drop Romeo
ChatterBot November reevaluating
2024-10-14 23:33:29.739887 November: Yes
2024-10-14 23:33:29.740202 India: No
2024-10-14 23:33:29.740408 Sierra: No
ChatterBot Golf reevaluating
ChatterBot Golf reevaluating
ChatterBot November reevaluating
ChatterBot Golf reevaluating
ChatterBot November reevaluating
2024-10-14 23:33:29.767948 Romeo: Charlie and Alpha, sending you 1
2024-10-14 23:33:29.769753 Alpha: Charlie, sending you 2
2024-10-14 23:33:29.770789 Charlie: Romeo, sending you 1
2024-10-14 23:33:29.772300 Papa: Alpha, sending you 1
2024-10-14 23:33:29.773835 India: Golf, sending you 1
2024-10-14 23:33:29.774498 Alpha: Papa and Romeo, sending you 1
2024-10-14 23:33:29.775915 Romeo: Uniform, sending you 2
2024-10-14 23:33:29.776867 Sierra: Golf, November and India, sending you 3
2024-10-14 23:33:29.778166 India: Sierra, sending you 3
2024-10-14 23:33:29.782683 India: November, sending you 2
chatterbot Romeo submitting transactions
chatterbot Papa submitting transactions
chatterbot Charlie submitting transactions
chatterbot India submitting transactions
chatterbot Victor submitting transactions
chatterbot Sierra submitting transactions
chatterbot Uniform submitting transactions
chatterbot Alpha submitting transactions
chatterbot Golf submitting transactions
chatterbot November submitting transactions
ChatterBot Victor round 11
ChatterBot Charlie round 11
ChatterBot Papa round 11
ChatterBot Uniform round 11
ChatterBot Golf round 11
ChatterBot Sierra round 11
ChatterBot Alpha round 11
ChatterBot Romeo round 11
ChatterBot November round 11
ChatterBot India round 11
2024-10-14 23:33:30.972851 November: We should replace Alpha with Romeo
ChatterBot Golf reevaluating
2024-10-14 23:33:30.989992 Golf: No
2024-10-14 23:33:30.990201 India: Yes
2024-10-14 23:33:30.990339 Sierra: Yes
ChatterBot November reevaluating
ChatterBot Golf reevaluating
ChatterBot November reevaluating
ChatterBot Golf reevaluating
ChatterBot November reevaluating
2024-10-14 23:33:31.126395 India: We should replace Romeo with Papa
ChatterBot Golf reevaluating
ChatterBot November reevaluating
ChatterBot Sierra reevaluating
2024-10-14 23:33:31.138920 Golf: No
2024-10-14 23:33:31.139126 November: No
2024-10-14 23:33:31.139348 Sierra: No
ChatterBot November reevaluating
ChatterBot Sierra reevaluating
ChatterBot Golf reevaluating
ChatterBot India reevaluating
ChatterBot Sierra reevaluating
ChatterBot Golf reevaluating
ChatterBot November reevaluating
ChatterBot India reevaluating
2024-10-14 23:33:31.195906 Uniform: Same as last round
2024-10-14 23:33:31.197193 Victor: Same as last round
2024-10-14 23:33:31.198898 Charlie: Victor and Papa, sending you 3
2024-10-14 23:33:31.200627 Papa: Victor and Charlie, sending you 4
2024-10-14 23:33:31.202431 Golf: We should drop Romeo
ChatterBot India reevaluating
ChatterBot Sierra reevaluating
2024-10-14 23:33:31.212692 November: Yes
2024-10-14 23:33:31.212908 India: No
2024-10-14 23:33:31.213829 Sierra: No
ChatterBot Golf reevaluating
ChatterBot India reevaluating
ChatterBot Sierra reevaluating
ChatterBot Golf reevaluating
ChatterBot November reevaluating
ChatterBot Sierra reevaluating
ChatterBot Golf reevaluating
ChatterBot November reevaluating
ChatterBot India reevaluating
2024-10-14 23:33:31.248559 November: We should replace Alpha with Papa
ChatterBot Golf reevaluating
ChatterBot India reevaluating
ChatterBot Sierra reevaluating
2024-10-14 23:33:31.259851 Golf: No
2024-10-14 23:33:31.260092 India: No
2024-10-14 23:33:31.260276 Sierra: No
ChatterBot November reevaluating
ChatterBot India reevaluating
ChatterBot Sierra reevaluating
ChatterBot Golf reevaluating
ChatterBot November reevaluating
ChatterBot Sierra reevaluating
ChatterBot Golf reevaluating
ChatterBot November reevaluating
ChatterBot India reevaluating
2024-10-14 23:33:31.312579 Alpha: Victor and Uniform, sending you 3
2024-10-14 23:33:31.315364 Charlie: Uniform and Alpha, sending you 2
2024-10-14 23:33:31.317493 Papa: Uniform, sending you 3
2024-10-14 23:33:31.319527 November: Romeo we want you to join our group
2024-10-14 23:33:31.325279 Romeo: No
ChatterBot India reevaluating
ChatterBot Golf reevaluating
ChatterBot Sierra reevaluating
ChatterBot November reevaluating
2024-10-14 23:33:31.350242 Alpha: Charlie, sending you 2
2024-10-14 23:33:31.352594 Romeo: Victor, sending you 3
2024-10-14 23:33:31.354301 Charlie: Romeo, sending you 1
2024-10-14 23:33:31.356346 Papa: Alpha, sending you 1
chatterbot Papa submitting transactions
2024-10-14 23:33:31.358364 Sierra: Papa we want you to join our group
2024-10-14 23:33:31.364552 Papa: No
ChatterBot India reevaluating
ChatterBot Golf reevaluating
ChatterBot Sierra reevaluating
ChatterBot November reevaluating
2024-10-14 23:33:31.391204 Alpha: Papa and Romeo, sending you 1
2024-10-14 23:33:31.397554 Romeo: Charlie and Alpha, sending you 1
2024-10-14 23:33:31.424076 Romeo: Uniform, sending you 2
2024-10-14 23:33:31.435304 India: Golf, sending you 1
2024-10-14 23:33:31.436606 Sierra: Golf, November and India, sending you 3
2024-10-14 23:33:31.445810 India: Sierra, sending you 3
2024-10-14 23:33:31.460218 November: Golf, sending you 4
2024-10-14 23:33:31.461201 India: November, sending you 2
chatterbot Alpha submitting transactions
2024-10-14 23:33:31.468127 November: Sierra, sending you 3
2024-10-14 23:33:31.481054 November: India, sending you 2
chatterbot Victor submitting transactions
chatterbot Charlie submitting transactions
chatterbot November submitting transactions
chatterbot Uniform submitting transactions
chatterbot India submitting transactions
chatterbot Sierra submitting transactions
chatterbot Romeo submitting transactions
chatterbot Golf submitting transactions
ChatterBot Victor round 12
ChatterBot Charlie round 12
ChatterBot Papa round 12
ChatterBot Uniform round 12
ChatterBot Golf round 12
ChatterBot Sierra round 12
ChatterBot Alpha round 12
ChatterBot Romeo round 12
ChatterBot November round 12
ChatterBot India round 12
2024-10-14 23:33:32.434764 Sierra: We should replace Romeo with Papa
ChatterBot Golf reevaluating
ChatterBot November reevaluating
ChatterBot India reevaluating
2024-10-14 23:33:32.451882 Golf: No
2024-10-14 23:33:32.452142 November: Yes
2024-10-14 23:33:32.452368 India: Yes
ChatterBot November reevaluating
ChatterBot India reevaluating
ChatterBot Sierra reevaluating
ChatterBot Golf reevaluating
ChatterBot India reevaluating
ChatterBot Sierra reevaluating
ChatterBot Golf reevaluating
ChatterBot November reevaluating
ChatterBot Sierra reevaluating
2024-10-14 23:33:32.498058 Victor: Same as last round
2024-10-14 23:33:32.499115 India: Papa we want you to join our group
2024-10-14 23:33:32.502947 Papa: No
ChatterBot India reevaluating
ChatterBot Golf reevaluating
ChatterBot Sierra reevaluating
ChatterBot November reevaluating
2024-10-14 23:33:32.517403 Papa: Victor and Charlie, sending you 4
2024-10-14 23:33:32.520953 Golf: We should drop Romeo
ChatterBot November reevaluating
ChatterBot Sierra reevaluating
2024-10-14 23:33:32.529494 November: Yes
2024-10-14 23:33:32.529675 India: Yes
2024-10-14 23:33:32.529828 Sierra: Yes
ChatterBot Golf reevaluating
ChatterBot Sierra reevaluating
ChatterBot Golf reevaluating
ChatterBot November reevaluating
ChatterBot Sierra reevaluating
ChatterBot Golf reevaluating
ChatterBot November reevaluating
2024-10-14 23:33:32.553659 Papa: Uniform, sending you 3
2024-10-14 23:33:32.554160 Romeo: Victor, sending you 3
2024-10-14 23:33:32.554764 Charlie: Victor and Papa, sending you 3
2024-10-14 23:33:32.555710 Alpha: Victor and Uniform, sending you 3
2024-10-14 23:33:32.556295 Uniform: Same as last round
2024-10-14 23:33:32.557700 Papa: Alpha, sending you 1
2024-10-14 23:33:32.558130 Romeo: Charlie and Alpha, sending you 1
2024-10-14 23:33:32.558890 Alpha: Charlie, sending you 2
