ChatterBot Whiskey round 1
ChatterBot Hotel round 1
ChatterBot Oscar round 1
ChatterBot Charlie round 1
ChatterBot Uniform round 1
ChatterBot India round 1
ChatterBot Kilo round 1
ChatterBot Lima round 1
ChatterBot Echo round 1
ChatterBot November round 1
randomSelections Charlie: {Charlie, Hotel, Kilo, Whiskey, Lima, India} 
2024-10-14 23:33:17.601180 Charlie: Can we be friends?
ChatterBot Hotel reevaluating
ChatterBot Kilo reevaluating
ChatterBot Whiskey reevaluating
ChatterBot Lima reevaluating
ChatterBot India reevaluating
2024-10-14 23:33:17.621401 Hotel: Yes
2024-10-14 23:33:17.621627 Kilo: Yes
2024-10-14 23:33:17.621770 Whiskey: Yes
2024-10-14 23:33:17.621887 Lima: Yes
2024-10-14 23:33:17.622002 India: Yes
ChatterBot Kilo reevaluating
ChatterBot Whiskey reevaluating
ChatterBot Lima reevaluating
ChatterBot India reevaluating
ChatterBot Hotel reevaluating
ChatterBot Whiskey reevaluating
ChatterBot Lima reevaluating
ChatterBot India reevaluating
ChatterBot Hotel reevaluating
ChatterBot Kilo reevaluating
ChatterBot Lima reevaluating
ChatterBot India reevaluating
ChatterBot Hotel reevaluating
ChatterBot Kilo reevaluating
ChatterBot Whiskey reevaluating
ChatterBot India reevaluating
ChatterBot Hotel reevaluating
ChatterBot Kilo reevaluating
ChatterBot Whiskey reevaluating
ChatterBot Lima reevaluating
randomSelections Uniform: {Uniform, India, November} 
2024-10-14 23:33:17.767406 Uniform: We would work well together
ChatterBot India reevaluating
ChatterBot November reevaluating
2024-10-14 23:33:17.771586 India: No
2024-10-14 23:33:17.771929 November: Yes
ChatterBot November reevaluating
ChatterBot India reevaluating
randomSelections Oscar: {Oscar, Charlie, Lima, Echo, Uniform, India} 
2024-10-14 23:33:17.781489 Oscar: Let's form a team
ChatterBot Lima reevaluating
ChatterBot Echo reevaluating
ChatterBot India reevaluating
2024-10-14 23:33:17.789500 Charlie: No
2024-10-14 23:33:17.790206 Lima: No
2024-10-14 23:33:17.790374 Echo: Yes
2024-10-14 23:33:17.790494 Uniform: No
2024-10-14 23:33:17.790749 India: No
ChatterBot Lima reevaluating
ChatterBot Echo reevaluating
ChatterBot India reevaluating
ChatterBot Echo reevaluating
ChatterBot India reevaluating
ChatterBot Lima reevaluating
ChatterBot India reevaluating
ChatterBot Lima reevaluating
ChatterBot Echo reevaluating
ChatterBot India reevaluating
ChatterBot Lima reevaluating
ChatterBot Echo reevaluating
2024-10-14 23:33:17.859947 India: Whiskey and Kilo, sending you 1
2024-10-14 23:33:17.862604 Oscar: Charlie, India and Lima, sending you 1
2024-10-14 23:33:17.863850 Whiskey: Hotel and Charlie, sending you 2
2024-10-14 23:33:17.866573 India: Hotel, sending you 2
2024-10-14 23:33:17.868811 Oscar: Uniform, sending you 3
2024-10-14 23:33:17.869806 Whiskey: India, sending you 1
2024-10-14 23:33:17.871945 Kilo: Whiskey and India, sending you 2
2024-10-14 23:33:17.874174 Uniform: Sending you each 4
2024-10-14 23:33:17.875018 Echo: Charlie, sending you 1
2024-10-14 23:33:17.876885 Charlie: Whiskey, Hotel and India, sending you 2
2024-10-14 23:33:17.877842 Hotel: Whiskey and Lima, sending you 2
2024-10-14 23:33:17.879482 India: Charlie, sending you 3
2024-10-14 23:33:17.881881 Oscar: Echo, sending you 2
2024-10-14 23:33:17.883080 November: Uniform, sending you 5
2024-10-14 23:33:17.885167 Whiskey: Kilo and Lima, sending you 4
2024-10-14 23:33:17.887262 Kilo: Hotel and Lima, sending you 1
2024-10-14 23:33:17.888296 Echo: Uniform, India and Lima, sending you 2
2024-10-14 23:33:17.890331 Charlie: Kilo and Lima, sending you 1
2024-10-14 23:33:17.891047 Hotel: Charlie, India and Kilo, sending you 1
2024-10-14 23:33:17.892865 November: India, sending you 6
2024-10-14 23:33:17.893595 Kilo: Charlie, sending you 3
chatterbot Charlie submitting transactions
chatterbot Echo submitting transactions
chatterbot Whiskey submitting transactions
chatterbot India submitting transactions
chatterbot Kilo submitting transactions
chatterbot Uniform submitting transactions
chatterbot November submitting transactions
chatterbot Lima submitting transactions
chatterbot Oscar submitting transactions
chatterbot Hotel submitting transactions
ChatterBot Whiskey round 2
ChatterBot Hotel round 2
ChatterBot Oscar round 2
ChatterBot Charlie round 2
ChatterBot Uniform round 2
ChatterBot India round 2
2024-10-14 23:33:18.450972 Oscar: We should group up
ChatterBot Echo reevaluating
ChatterBot Uniform reevaluating
ChatterBot November reevaluating
2024-10-14 23:33:18.492940 Echo: No
2024-10-14 23:33:18.493144 Uniform: Yes
2024-10-14 23:33:18.493306 November: No
ChatterBot Oscar reevaluating
ChatterBot Uniform reevaluating
ChatterBot November reevaluating
ChatterBot Oscar reevaluating
ChatterBot Echo reevaluating
ChatterBot November reevaluating
ChatterBot Oscar reevaluating
ChatterBot Echo reevaluating
ChatterBot Uniform reevaluating
2024-10-14 23:33:18.597269 Uniform: We should group up
ChatterBot Oscar reevaluating
ChatterBot Echo reevaluating
ChatterBot November reevaluating
2024-10-14 23:33:18.626572 Oscar: No
2024-10-14 23:33:18.627179 Echo: No
2024-10-14 23:33:18.627283 November: No
ChatterBot Echo reevaluating
ChatterBot Uniform reevaluating
ChatterBot November reevaluating
ChatterBot Oscar reevaluating
ChatterBot Uniform reevaluating
ChatterBot November reevaluating
ChatterBot Oscar reevaluating
ChatterBot Echo reevaluating
ChatterBot Uniform reevaluating
ChatterBot Kilo round 2
2024-10-14 23:33:18.724202 Charlie: We should replace Lima with Echo
ChatterBot Whiskey reevaluating
ChatterBot Hotel reevaluating
ChatterBot India reevaluating
ChatterBot Kilo reevaluating
2024-10-14 23:33:18.755984 Whiskey: No
2024-10-14 23:33:18.756192 Hotel: No
2024-10-14 23:33:18.756376 India: No
2024-10-14 23:33:18.756563 Kilo: No
ChatterBot Charlie reevaluating
ChatterBot Hotel reevaluating
ChatterBot India reevaluating
ChatterBot Kilo reevaluating
ChatterBot Charlie reevaluating
ChatterBot Whiskey reevaluating
ChatterBot India reevaluating
ChatterBot Kilo reevaluating
ChatterBot Charlie reevaluating
ChatterBot Whiskey reevaluating
ChatterBot Hotel reevaluating
ChatterBot Kilo reevaluating
ChatterBot Charlie reevaluating
ChatterBot Whiskey reevaluating
ChatterBot Hotel reevaluating
ChatterBot India reevaluating
ChatterBot Lima round 2
ChatterBot Echo round 2
ChatterBot November round 2
2024-10-14 23:33:18.913415 Lima: Group up?
ChatterBot Oscar reevaluating
ChatterBot Echo reevaluating
2024-10-14 23:33:18.928950 Oscar: No
2024-10-14 23:33:18.929555 Echo: No
ChatterBot Echo reevaluating
ChatterBot Lima reevaluating
ChatterBot Oscar reevaluating
2024-10-14 23:33:18.967091 November: We should replace India with Oscar
2024-10-14 23:33:18.974135 Uniform: Yes
2024-10-14 23:33:18.988755 Kilo: We should drop Lima
ChatterBot Charlie reevaluating
ChatterBot Whiskey reevaluating
ChatterBot India reevaluating
2024-10-14 23:33:19.018671 Charlie: Yes
2024-10-14 23:33:19.018919 Whiskey: Yes
2024-10-14 23:33:19.019145 Hotel: Yes
2024-10-14 23:33:19.019766 India: Yes
ChatterBot Whiskey reevaluating
ChatterBot India reevaluating
ChatterBot Charlie reevaluating
ChatterBot India reevaluating
ChatterBot Charlie reevaluating
ChatterBot Whiskey reevaluating
ChatterBot India reevaluating
ChatterBot Charlie reevaluating
ChatterBot Whiskey reevaluating
2024-10-14 23:33:19.146046 Charlie: We should replace Lima with Oscar
ChatterBot Whiskey reevaluating
ChatterBot India reevaluating
2024-10-14 23:33:19.177158 Whiskey: No
2024-10-14 23:33:19.177378 Hotel: No
2024-10-14 23:33:19.177554 India: No
2024-10-14 23:33:19.178216 Kilo: No
ChatterBot Charlie reevaluating
ChatterBot India reevaluating
ChatterBot Charlie reevaluating
ChatterBot Whiskey reevaluating
ChatterBot India reevaluating
ChatterBot Charlie reevaluating
ChatterBot Whiskey reevaluating
ChatterBot Charlie reevaluating
ChatterBot Whiskey reevaluating
ChatterBot India reevaluating
2024-10-14 23:33:19.310692 November: Oscar we want you to join our group
ChatterBot Oscar reevaluating
2024-10-14 23:33:19.319512 Oscar: Yes
2024-10-14 23:33:19.336063 Charlie: Echo we want you to join our group
2024-10-14 23:33:19.344057 Echo: No
ChatterBot Charlie reevaluating
2024-10-14 23:33:19.491994 Uniform: Oscar and Echo, sending you 2
chatterbot Uniform submitting transactions
chatterbot Kilo submitting transactions
2024-10-14 23:33:19.883966 Lima: Whiskey, sending you 5
2024-10-14 23:33:19.884849 Uniform: November, sending you 4
2024-10-14 23:33:19.885216 Kilo: Whiskey, sending you 3
2024-10-14 23:33:19.885504 Echo: Oscar, sending you 3
chatterbot Lima submitting transactions
chatterbot November submitting transactions
2024-10-14 23:33:19.958115 Lima: Hotel, sending you 2
2024-10-14 23:33:19.958430 Kilo: Hotel, Charlie and India, sending you 2
2024-10-14 23:33:19.959219 Oscar: Sending you each 4
2024-10-14 23:33:19.959461 Hotel: Whiskey, Charlie and India, sending you 2
2024-10-14 23:33:19.959704 November: Oscar, sending you 1
2024-10-14 23:33:19.959890 Whiskey: Hotel, sending you 4
chatterbot Echo submitting transactions
2024-10-14 23:33:19.984863 Lima: Charlie and Kilo, sending you 1
2024-10-14 23:33:19.985821 Hotel: Kilo, sending you 1
2024-10-14 23:33:19.986164 November: Uniform, sending you 10
2024-10-14 23:33:19.986462 Whiskey: Charlie, India and Kilo, sending you 3
2024-10-14 23:33:19.986802 India: Whiskey, Charlie and Kilo, sending you 2
2024-10-14 23:33:20.005850 Charlie: Whiskey, India and Kilo, sending you 2
2024-10-14 23:33:20.006459 India: Hotel, sending you 1
2024-10-14 23:33:20.024174 Charlie: Hotel and Echo, sending you 1
chatterbot Oscar submitting transactions
chatterbot India submitting transactions
chatterbot Charlie submitting transactions
chatterbot Hotel submitting transactions
chatterbot Whiskey submitting transactions
ChatterBot Whiskey round 3
ChatterBot Hotel round 3
ChatterBot Oscar round 3
ChatterBot Charlie round 3
ChatterBot Uniform round 3
ChatterBot India round 3
2024-10-14 23:33:20.718578 Oscar: We should add Echo and Lima
ChatterBot November reevaluating
ChatterBot Uniform reevaluating
2024-10-14 23:33:20.734383 November: No
2024-10-14 23:33:20.734767 Uniform: No
ChatterBot Uniform reevaluating
ChatterBot November reevaluating
ChatterBot Kilo round 3
ChatterBot Lima round 3
ChatterBot Echo round 3
ChatterBot November round 3
2024-10-14 23:33:20.787325 Charlie: We should replace Echo with Lima
2024-10-14 23:33:20.813166 Whiskey: No
2024-10-14 23:33:20.813573 Hotel: No
2024-10-14 23:33:20.814343 India: No
2024-10-14 23:33:20.814786 Kilo: No
2024-10-14 23:33:20.923487 Oscar: Echo and Lima we want you to join our group
ChatterBot Echo reevaluating
2024-10-14 23:33:20.941008 Echo: Yes
2024-10-14 23:33:20.944788 Lima: No
ChatterBot Uniform reevaluating
ChatterBot November reevaluating
ChatterBot Uniform reevaluating
ChatterBot Echo reevaluating
ChatterBot November reevaluating
2024-10-14 23:33:21.004375 November: We should add Echo and Lima
ChatterBot Uniform reevaluating
2024-10-14 23:33:21.018169 Uniform: No
2024-10-14 23:33:21.018366 Oscar: Yes
ChatterBot November reevaluating
ChatterBot November reevaluating
ChatterBot Uniform reevaluating
2024-10-14 23:33:21.070539 November: We should add Echo
2024-10-14 23:33:21.083374 Uniform: Yes
2024-10-14 23:33:21.083601 Oscar: Yes
ChatterBot November reevaluating
ChatterBot November reevaluating
2024-10-14 23:33:21.117841 Charlie: Lima we want you to join our group
2024-10-14 23:33:21.123968 Lima: Yes
ChatterBot Whiskey reevaluating
ChatterBot India reevaluating
2024-10-14 23:33:21.157406 Whiskey: We should add Lima
2024-10-14 23:33:21.158284 India: We should add Lima
ChatterBot Hotel reevaluating
ChatterBot India reevaluating
2024-10-14 23:33:21.184891 Charlie: Yes
ChatterBot Whiskey reevaluating
2024-10-14 23:33:21.198438 Hotel: Yes
ChatterBot Hotel reevaluating
2024-10-14 23:33:21.206001 India: Yes
2024-10-14 23:33:21.206283 Kilo: No
2024-10-14 23:33:21.212586 Charlie: Yes
2024-10-14 23:33:21.212791 Whiskey: Yes
2024-10-14 23:33:21.212946 Hotel: Yes
2024-10-14 23:33:21.213093 Kilo: No
ChatterBot Whiskey reevaluating
ChatterBot Hotel reevaluating
ChatterBot India reevaluating
ChatterBot Kilo reevaluating
ChatterBot Whiskey reevaluating
ChatterBot India reevaluating
ChatterBot Kilo reevaluating
ChatterBot Whiskey reevaluating
ChatterBot Hotel reevaluating
ChatterBot Kilo reevaluating
ChatterBot Whiskey reevaluating
ChatterBot Hotel reevaluating
ChatterBot India reevaluating
ChatterBot Whiskey reevaluating
ChatterBot Hotel reevaluating
ChatterBot India reevaluating
ChatterBot Kilo reevaluating
ChatterBot Hotel reevaluating
ChatterBot India reevaluating
ChatterBot Kilo reevaluating
ChatterBot Whiskey reevaluating
ChatterBot India reevaluating
ChatterBot Kilo reevaluating
ChatterBot Whiskey reevaluating
ChatterBot Hotel reevaluating
ChatterBot India reevaluating
2024-10-14 23:33:21.397680 November: Echo and Lima we want you to join our group
2024-10-14 23:33:21.406994 Echo: Yes
2024-10-14 23:33:21.407628 Lima: No
2024-10-14 23:33:21.442116 Kilo: Lima we want you to join our group
2024-10-14 23:33:21.447205 Lima: Yes
2024-10-14 23:33:21.468180 Whiskey: Lima we want you to join our group
2024-10-14 23:33:21.472335 Lima: Yes
2024-10-14 23:33:21.490796 Hotel: Lima we want you to join our group
2024-10-14 23:33:21.495325 Lima: Yes
2024-10-14 23:33:21.515248 India: Lima we want you to join our group
2024-10-14 23:33:21.519766 Lima: Yes
2024-10-14 23:33:21.542983 Charlie: Whiskey, India and Kilo, sending you 2
2024-10-14 23:33:21.543436 Uniform: Oscar, sending you 2
chatterbot Lima submitting transactions
chatterbot Charlie submitting transactions
2024-10-14 23:33:21.546693 Oscar: Uniform and November, sending you 2
2024-10-14 23:33:21.547467 Charlie: Hotel and Lima, sending you 1
2024-10-14 23:33:21.547982 Uniform: Echo, sending you 1
2024-10-14 23:33:21.548309 Lima: Whiskey, sending you 5
2024-10-14 23:33:21.549240 Echo: Oscar, sending you 3
2024-10-14 23:33:21.551674 Oscar: Lima, sending you 1
2024-10-14 23:33:21.552678 Uniform: November, sending you 5
2024-10-14 23:33:21.552977 Echo: Uniform, sending you 4
2024-10-14 23:33:21.554022 Lima: Hotel, sending you 2
2024-10-14 23:33:21.555684 Oscar: Echo, sending you 3
2024-10-14 23:33:21.556078 November: Oscar, sending you 3
2024-10-14 23:33:21.556677 Hotel: Whiskey and India, sending you 2
2024-10-14 23:33:21.557521 Lima: Charlie and Kilo, sending you 1
2024-10-14 23:33:21.558831 India: Whiskey, Charlie and Kilo, sending you 2
2024-10-14 23:33:21.559218 November: Uniform, sending you 6
2024-10-14 23:33:21.559688 Kilo: Whiskey, Hotel, Charlie and India, sending you 2
2024-10-14 23:33:21.560576 Hotel: Charlie, Kilo and Lima, sending you 1
2024-10-14 23:33:21.561989 India: Hotel, sending you 1
2024-10-14 23:33:21.563722 November: Lima and Echo, sending you 1
2024-10-14 23:33:21.564037 Kilo: Lima, sending you 1
2024-10-14 23:33:21.564666 Whiskey: Hotel, Charlie, Kilo and Lima, sending you 3
2024-10-14 23:33:21.569109 Whiskey: India, sending you 1
chatterbot Whiskey submitting transactions
chatterbot Uniform submitting transactions
chatterbot November submitting transactions
chatterbot Hotel submitting transactions
chatterbot India submitting transactions
chatterbot Oscar submitting transactions
chatterbot Kilo submitting transactions
chatterbot Echo submitting transactions
ChatterBot Whiskey round 4
ChatterBot Hotel round 4
ChatterBot Oscar round 4
ChatterBot Charlie round 4
ChatterBot Uniform round 4
ChatterBot India round 4
ChatterBot Kilo round 4
ChatterBot Lima round 4
ChatterBot Echo round 4
ChatterBot November round 4
2024-10-14 23:33:22.487183 Whiskey: Hotel, Charlie, Kilo and Lima, sending you 3
2024-10-14 23:33:22.487780 Charlie: Whiskey, India and Kilo, sending you 2
2024-10-14 23:33:22.491673 Lima: Whiskey, sending you 5
2024-10-14 23:33:22.494092 Whiskey: India, sending you 1
2024-10-14 23:33:22.494495 Echo: Oscar and Uniform, sending you 3
2024-10-14 23:33:22.494900 Charlie: Hotel and Lima, sending you 1
2024-10-14 23:33:22.495403 Kilo: Whiskey, Hotel, Charlie and India, sending you 2
2024-10-14 23:33:22.496555 Lima: Hotel, sending you 2
2024-10-14 23:33:22.498302 Oscar: Uniform and November, sending you 2
2024-10-14 23:33:22.499014 Echo: November, sending you 1
2024-10-14 23:33:22.499437 Uniform: Oscar, sending you 2
2024-10-14 23:33:22.500284 India: Whiskey, sending you 1
2024-10-14 23:33:22.500900 Kilo: Lima, sending you 1
2024-10-14 23:33:22.502020 Hotel: Whiskey and Kilo, sending you 2
2024-10-14 23:33:22.502697 Lima: Charlie and Kilo, sending you 1
2024-10-14 23:33:22.503888 Oscar: Lima, sending you 1
2024-10-14 23:33:22.504366 Uniform: Echo, sending you 1
2024-10-14 23:33:22.504820 India: Hotel, Charlie and Kilo, sending you 2
2024-10-14 23:33:22.506104 Hotel: Charlie, India and Lima, sending you 1
2024-10-14 23:33:22.507836 Oscar: Echo, sending you 3
2024-10-14 23:33:22.508706 Uniform: November, sending you 5
2024-10-14 23:33:22.509790 November: Oscar, sending you 3
2024-10-14 23:33:22.513707 November: Uniform, sending you 7
2024-10-14 23:33:22.519195 November: Echo, sending you 1
chatterbot Kilo submitting transactions
chatterbot Uniform submitting transactions
chatterbot November submitting transactions
chatterbot Charlie submitting transactions
chatterbot Whiskey submitting transactions
chatterbot Lima submitting transactions
chatterbot Echo submitting transactions
chatterbot India submitting transactions
chatterbot Hotel submitting transactions
chatterbot Oscar submitting transactions
ChatterBot Whiskey round 5
ChatterBot Hotel round 5
ChatterBot Oscar round 5
ChatterBot Charlie round 5
ChatterBot Uniform round 5
ChatterBot India round 5
ChatterBot Kilo round 5
ChatterBot Lima round 5
ChatterBot Echo round 5
ChatterBot November round 5
2024-10-14 23:33:23.475655 Charlie: We should add Echo
2024-10-14 23:33:23.488828 Hotel: No
2024-10-14 23:33:23.489037 Kilo: No
2024-10-14 23:33:23.489162 Whiskey: No
2024-10-14 23:33:23.489280 Lima: No
2024-10-14 23:33:23.489414 India: No
ChatterBot Charlie reevaluating
ChatterBot Charlie reevaluating
ChatterBot Charlie reevaluating
ChatterBot Charlie reevaluating
ChatterBot Charlie reevaluating
2024-10-14 23:33:23.571767 Uniform: Oscar, sending you 2
2024-10-14 23:33:23.572139 India: Whiskey, Hotel and Lima, sending you 1
2024-10-14 23:33:23.574167 Kilo: Whiskey, Hotel, Charlie and India, sending you 2
2024-10-14 23:33:23.574779 Lima: Whiskey, sending you 4
2024-10-14 23:33:23.575678 Oscar: Uniform and November, sending you 2
2024-10-14 23:33:23.576684 Uniform: Echo, sending you 1
2024-10-14 23:33:23.577160 India: Charlie and Kilo, sending you 2
2024-10-14 23:33:23.577804 Kilo: Lima, sending you 1
2024-10-14 23:33:23.579324 Lima: Hotel and Charlie, sending you 2
2024-10-14 23:33:23.580683 Oscar: Lima, sending you 1
2024-10-14 23:33:23.581136 Hotel: Whiskey and Kilo, sending you 2
2024-10-14 23:33:23.582135 Echo: Oscar, sending you 3
2024-10-14 23:33:23.582492 Uniform: November, sending you 5
2024-10-14 23:33:23.582827 Charlie: Whiskey, India and Kilo, sending you 2
2024-10-14 23:33:23.584305 Lima: Kilo, sending you 1
2024-10-14 23:33:23.584836 November: Oscar, sending you 3
2024-10-14 23:33:23.585683 Oscar: Echo, sending you 3
2024-10-14 23:33:23.586140 Hotel: Charlie, India and Lima, sending you 1
2024-10-14 23:33:23.587404 Echo: Uniform, sending you 2
2024-10-14 23:33:23.587833 Charlie: Hotel and Lima, sending you 1
2024-10-14 23:33:23.588516 November: Uniform, sending you 6
2024-10-14 23:33:23.592715 Echo: November, sending you 1
2024-10-14 23:33:23.593915 November: Lima and Echo, sending you 1
chatterbot Hotel submitting transactions
chatterbot Uniform submitting transactions
chatterbot Whiskey submitting transactions
chatterbot Oscar submitting transactions
chatterbot Echo submitting transactions
chatterbot India submitting transactions
chatterbot November submitting transactions
chatterbot Kilo submitting transactions
chatterbot Lima submitting transactions
chatterbot Charlie submitting transactions
ChatterBot Whiskey round 6
ChatterBot Hotel round 6
ChatterBot Oscar round 6
ChatterBot Charlie round 6
ChatterBot Uniform round 6
ChatterBot India round 6
ChatterBot Kilo round 6
ChatterBot Lima round 6
ChatterBot Echo round 6
ChatterBot November round 6
2024-10-14 23:33:24.817754 November: We should replace Lima with Kilo
ChatterBot Oscar reevaluating
2024-10-14 23:33:24.830522 Oscar: No
2024-10-14 23:33:24.830747 Echo: No
2024-10-14 23:33:24.830921 Uniform: No
ChatterBot November reevaluating
ChatterBot Oscar reevaluating
ChatterBot November reevaluating
ChatterBot Oscar reevaluating
ChatterBot November reevaluating
2024-10-14 23:33:24.860456 Kilo: We should drop Hotel
2024-10-14 23:33:24.869592 Whiskey: No
2024-10-14 23:33:24.869860 Charlie: No
2024-10-14 23:33:24.869970 India: No
2024-10-14 23:33:24.870075 Lima: No
ChatterBot Kilo reevaluating
ChatterBot Kilo reevaluating
ChatterBot Charlie reevaluating
ChatterBot Kilo reevaluating
ChatterBot Charlie reevaluating
2024-10-14 23:33:24.912336 Hotel: We should drop India
ChatterBot Charlie reevaluating
ChatterBot Kilo reevaluating
2024-10-14 23:33:24.922910 Whiskey: No
2024-10-14 23:33:24.923066 Charlie: No
2024-10-14 23:33:24.923163 Kilo: No
2024-10-14 23:33:24.923262 Lima: No
ChatterBot Hotel reevaluating
ChatterBot Charlie reevaluating
ChatterBot Kilo reevaluating
ChatterBot Hotel reevaluating
ChatterBot Kilo reevaluating
ChatterBot Hotel reevaluating
ChatterBot Charlie reevaluating
ChatterBot Hotel reevaluating
ChatterBot Charlie reevaluating
ChatterBot Kilo reevaluating
2024-10-14 23:33:24.968538 Uniform: I was attacked by Whiskey
ChatterBot Oscar reevaluating
ChatterBot Echo reevaluating
ChatterBot November reevaluating
2024-10-14 23:33:24.978379 Uniform: I'm keeping this round to protect myself
2024-10-14 23:33:24.979418 Uniform: Ow
2024-10-14 23:33:24.979754 Whiskey: Hotel, Charlie, Kilo and Lima, sending you 3
2024-10-14 23:33:24.980203 India: Whiskey, Hotel and Lima, sending you 1
2024-10-14 23:33:24.981373 November: We should replace Lima with Hotel
ChatterBot Oscar reevaluating
ChatterBot Echo reevaluating
2024-10-14 23:33:24.990602 Oscar: No
2024-10-14 23:33:24.990795 Echo: No
2024-10-14 23:33:24.990925 Uniform: No
ChatterBot Echo reevaluating
ChatterBot November reevaluating
ChatterBot Oscar reevaluating
ChatterBot November reevaluating
ChatterBot Oscar reevaluating
ChatterBot Echo reevaluating
ChatterBot November reevaluating
2024-10-14 23:33:25.019846 Whiskey: India, sending you 1
2024-10-14 23:33:25.020424 Lima: Whiskey, sending you 3
2024-10-14 23:33:25.021328 India: Charlie and Kilo, sending you 2
2024-10-14 23:33:25.024677 Lima: Hotel, Charlie and Kilo, sending you 2
2024-10-14 23:33:25.027166 November: Kilo we want you to join our group
2024-10-14 23:33:25.030005 Kilo: No
ChatterBot November reevaluating
ChatterBot Oscar reevaluating
ChatterBot Echo reevaluating
2024-10-14 23:33:25.042465 Charlie: Whiskey, India and Kilo, sending you 2
2024-10-14 23:33:25.043429 Hotel: Whiskey and Kilo, sending you 2
2024-10-14 23:33:25.045676 Charlie: Hotel and Lima, sending you 1
2024-10-14 23:33:25.046804 Hotel: Charlie, India and Lima, sending you 1
2024-10-14 23:33:25.048773 November: Hotel we want you to join our group
ChatterBot Hotel reevaluating
2024-10-14 23:33:25.054557 Hotel: No
ChatterBot November reevaluating
ChatterBot Oscar reevaluating
2024-10-14 23:33:25.078133 Hotel: We should drop Kilo
2024-10-14 23:33:25.123366 Whiskey: No
2024-10-14 23:33:25.123570 Charlie: No
2024-10-14 23:33:25.123721 India: No
2024-10-14 23:33:25.123840 Lima: No
ChatterBot Hotel reevaluating
ChatterBot Hotel reevaluating
ChatterBot Hotel reevaluating
ChatterBot Whiskey reevaluating
ChatterBot Hotel reevaluating
ChatterBot Whiskey reevaluating
2024-10-14 23:33:25.247682 Kilo: Whiskey, sending you 3
2024-10-14 23:33:25.248157 Echo: Oscar, sending you 3
chatterbot Uniform submitting transactions
chatterbot India submitting transactions
2024-10-14 23:33:25.252743 Kilo: Charlie, India and Lima, sending you 2
2024-10-14 23:33:25.253683 Echo: Uniform, sending you 2
2024-10-14 23:33:25.258965 Echo: November, sending you 1
2024-10-14 23:33:25.269694 Oscar: Uniform and November, sending you 2
2024-10-14 23:33:25.273665 Oscar: Lima, sending you 1
2024-10-14 23:33:25.275758 November: Oscar, sending you 3
2024-10-14 23:33:25.278038 Oscar: Echo, sending you 3
2024-10-14 23:33:25.278727 November: Uniform, sending you 6
2024-10-14 23:33:25.283677 November: Kilo and Echo, sending you 1
chatterbot Charlie submitting transactions
chatterbot Kilo submitting transactions
chatterbot Echo submitting transactions
chatterbot Hotel submitting transactions
chatterbot November submitting transactions
chatterbot Lima submitting transactions
chatterbot Whiskey submitting transactions
chatterbot Whiskey submitting transactions
chatterbot Oscar submitting transactions
ChatterBot Whiskey round 7
ChatterBot Hotel round 7
ChatterBot Oscar round 7
ChatterBot Charlie round 7
ChatterBot Uniform round 7
ChatterBot India round 7
ChatterBot Kilo round 7
ChatterBot Lima round 7
ChatterBot Echo round 7
2024-10-14 23:33:26.096054 Kilo: We should add Hotel
2024-10-14 23:33:26.113647 Whiskey: Yes
2024-10-14 23:33:26.113960 Charlie: Yes
2024-10-14 23:33:26.114128 India: Yes
2024-10-14 23:33:26.114285 Lima: Yes
ChatterBot Kilo reevaluating
ChatterBot Kilo reevaluating
ChatterBot Kilo reevaluating
ChatterBot November round 7
2024-10-14 23:33:26.196767 Oscar: We should replace Lima with Hotel
ChatterBot Echo reevaluating
ChatterBot November reevaluating
2024-10-14 23:33:26.206417 Echo: No
2024-10-14 23:33:26.206555 Uniform: No
2024-10-14 23:33:26.206711 November: Yes
ChatterBot Oscar reevaluating
ChatterBot November reevaluating
ChatterBot Oscar reevaluating
ChatterBot Echo reevaluating
ChatterBot November reevaluating
ChatterBot Oscar reevaluating
ChatterBot Echo reevaluating
2024-10-14 23:33:26.241700 Kilo: We should replace India with Hotel
ChatterBot Whiskey reevaluating
2024-10-14 23:33:26.250544 Whiskey: Yes
2024-10-14 23:33:26.250715 Charlie: No
2024-10-14 23:33:26.250901 Lima: No
ChatterBot Kilo reevaluating
ChatterBot Kilo reevaluating
ChatterBot Whiskey reevaluating
ChatterBot Kilo reevaluating
ChatterBot Whiskey reevaluating
2024-10-14 23:33:26.280478 Hotel: We should drop Charlie
ChatterBot Whiskey reevaluating
ChatterBot Kilo reevaluating
2024-10-14 23:33:26.291509 Whiskey: No
2024-10-14 23:33:26.291641 India: No
2024-10-14 23:33:26.291769 Kilo: No
2024-10-14 23:33:26.292260 Lima: No
ChatterBot Hotel reevaluating
ChatterBot Kilo reevaluating
ChatterBot Hotel reevaluating
ChatterBot Whiskey reevaluating
ChatterBot Kilo reevaluating
ChatterBot Hotel reevaluating
ChatterBot Whiskey reevaluating
ChatterBot Hotel reevaluating
ChatterBot Whiskey reevaluating
ChatterBot Kilo reevaluating
2024-10-14 23:33:26.339724 November: We should replace Kilo with Hotel
ChatterBot Oscar reevaluating
2024-10-14 23:33:26.348708 Oscar: No
2024-10-14 23:33:26.348850 Echo: Yes
2024-10-14 23:33:26.348953 Uniform: No
ChatterBot November reevaluating
ChatterBot Oscar reevaluating
ChatterBot November reevaluating
ChatterBot Oscar reevaluating
ChatterBot November reevaluating
2024-10-14 23:33:26.378256 Echo: Hotel we want you to join our group
ChatterBot Hotel reevaluating
2024-10-14 23:33:26.381710 Hotel: No
ChatterBot November reevaluating
ChatterBot Oscar reevaluating
2024-10-14 23:33:26.394533 Whiskey: We should drop Hotel
ChatterBot Kilo reevaluating
2024-10-14 23:33:26.405445 Kilo: Yes
2024-10-14 23:33:26.405581 Charlie: No
2024-10-14 23:33:26.406165 India: No
2024-10-14 23:33:26.406284 Lima: No
ChatterBot Whiskey reevaluating
ChatterBot India reevaluating
ChatterBot Kilo reevaluating
ChatterBot Whiskey reevaluating
ChatterBot India reevaluating
ChatterBot Kilo reevaluating
ChatterBot Whiskey reevaluating
ChatterBot Charlie reevaluating
ChatterBot Kilo reevaluating
ChatterBot Whiskey reevaluating
ChatterBot Charlie reevaluating
ChatterBot India reevaluating
2024-10-14 23:33:26.510620 Oscar: We should replace Lima with India
ChatterBot Echo reevaluating
ChatterBot November reevaluating
2024-10-14 23:33:26.574595 Echo: No
2024-10-14 23:33:26.575463 Uniform: No
2024-10-14 23:33:26.575739 November: No
ChatterBot Oscar reevaluating
ChatterBot November reevaluating
ChatterBot Oscar reevaluating
ChatterBot Echo reevaluating
ChatterBot November reevaluating
ChatterBot Oscar reevaluating
ChatterBot Echo reevaluating
2024-10-14 23:33:26.608130 Lima: Whiskey, sending you 3
2024-10-14 23:33:26.612690 Lima: Hotel, Charlie and Kilo, sending you 2
2024-10-14 23:33:26.621894 Kilo: Whiskey, sending you 3
2024-10-14 23:33:26.622925 Charlie: Whiskey, India and Kilo, sending you 2
2024-10-14 23:33:26.624669 Whiskey: Hotel, Charlie, Kilo and Lima, sending you 3
2024-10-14 23:33:26.625536 Hotel: Whiskey and Lima, sending you 2
2024-10-14 23:33:26.627293 Kilo: Charlie, India and Lima, sending you 2
2024-10-14 23:33:26.627944 Charlie: Hotel and Lima, sending you 1
2024-10-14 23:33:26.629691 Whiskey: India, sending you 1
2024-10-14 23:33:26.631676 Hotel: Charlie, India and Kilo, sending you 1
2024-10-14 23:33:26.634813 Oscar: Uniform and November, sending you 2
2024-10-14 23:33:26.638659 Oscar: Lima, sending you 1
2024-10-14 23:33:26.643679 Oscar: Echo, sending you 3
chatterbot Lima submitting transactions
chatterbot Whiskey submitting transactions
chatterbot Hotel submitting transactions
chatterbot Oscar submitting transactions
chatterbot Charlie submitting transactions
chatterbot Kilo submitting transactions
chatterbot India submitting transactions
chatterbot November submitting transactions
chatterbot Uniform submitting transactions
chatterbot India submitting transactions
chatterbot Echo submitting transactions
ChatterBot Whiskey round 8
ChatterBot Hotel round 8
ChatterBot Oscar round 8
ChatterBot Charlie round 8
ChatterBot Uniform round 8
ChatterBot India round 8
ChatterBot Kilo round 8
2024-10-14 23:33:27.761514 Oscar: We should replace Lima with India
ChatterBot Echo reevaluating
2024-10-14 23:33:27.778231 Echo: No
2024-10-14 23:33:27.778953 Uniform: No
2024-10-14 23:33:27.779124 November: No
ChatterBot Oscar reevaluating
ChatterBot November reevaluating
ChatterBot Oscar reevaluating
ChatterBot Echo reevaluating
ChatterBot November reevaluating
ChatterBot Oscar reevaluating
ChatterBot Echo reevaluating
ChatterBot Lima round 8
ChatterBot Echo round 8
ChatterBot November round 8
2024-10-14 23:33:27.837308 Hotel: We should drop Kilo
2024-10-14 23:33:27.849310 Whiskey: No
2024-10-14 23:33:27.849462 Charlie: No
2024-10-14 23:33:27.849575 India: No
2024-10-14 23:33:27.849698 Lima: No
2024-10-14 23:33:27.905116 November: We should replace Kilo with Hotel
ChatterBot Oscar reevaluating
ChatterBot Echo reevaluating
2024-10-14 23:33:27.915898 Oscar: No
2024-10-14 23:33:27.916091 Echo: Yes
2024-10-14 23:33:27.916211 Uniform: No
ChatterBot Echo reevaluating
ChatterBot November reevaluating
ChatterBot Oscar reevaluating
ChatterBot November reevaluating
ChatterBot Oscar reevaluating
ChatterBot Echo reevaluating
ChatterBot November reevaluating
2024-10-14 23:33:27.952629 Oscar: We should replace Lima with Charlie
ChatterBot Echo reevaluating
ChatterBot November reevaluating
2024-10-14 23:33:27.979748 Echo: Yes
2024-10-14 23:33:27.979923 Uniform: No
2024-10-14 23:33:27.980040 November: No
ChatterBot Oscar reevaluating
ChatterBot November reevaluating
ChatterBot Oscar reevaluating
ChatterBot Echo reevaluating
ChatterBot November reevaluating
ChatterBot Oscar reevaluating
ChatterBot Echo reevaluating
2024-10-14 23:33:28.126707 Kilo: Whiskey, sending you 3
2024-10-14 23:33:28.128604 Charlie: Whiskey, India and Kilo, sending you 2
2024-10-14 23:33:28.130657 Hotel: Whiskey, Charlie and Lima, sending you 2
2024-10-14 23:33:28.132102 Whiskey: Hotel, Charlie, Kilo and Lima, sending you 3
2024-10-14 23:33:28.134496 Kilo: Charlie, India and Lima, sending you 2
2024-10-14 23:33:28.136311 Oscar: India we want you to join our group
2024-10-14 23:33:28.143636 India: No
ChatterBot Oscar reevaluating
ChatterBot November reevaluating
2024-10-14 23:33:28.170328 Echo: Hotel we want you to join our group
2024-10-14 23:33:28.177110 Hotel: No
ChatterBot November reevaluating
ChatterBot Oscar reevaluating
2024-10-14 23:33:28.199658 Charlie: Hotel and Lima, sending you 1
2024-10-14 23:33:28.201624 Hotel: India, sending you 1
2024-10-14 23:33:28.203325 Whiskey: India, sending you 1
2024-10-14 23:33:28.205288 Oscar: We should replace Lima with Hotel
2024-10-14 23:33:28.219421 Echo: Yes
2024-10-14 23:33:28.220263 Uniform: No
2024-10-14 23:33:28.220751 November: No
ChatterBot Oscar reevaluating
ChatterBot Oscar reevaluating
ChatterBot Oscar reevaluating
2024-10-14 23:33:28.250603 November: We should replace Kilo with Charlie
ChatterBot Oscar reevaluating
ChatterBot Echo reevaluating
2024-10-14 23:33:28.260663 Oscar: No
2024-10-14 23:33:28.260858 Echo: Yes
2024-10-14 23:33:28.261127 Uniform: No
ChatterBot Echo reevaluating
ChatterBot Oscar reevaluating
ChatterBot November reevaluating
ChatterBot Oscar reevaluating
ChatterBot Echo reevaluating
ChatterBot November reevaluating
2024-10-14 23:33:28.290080 Lima: Whiskey, sending you 3
2024-10-14 23:33:28.293939 Lima: Hotel and Kilo, sending you 2
2024-10-14 23:33:28.297824 Oscar: Charlie we want you to join our group
2024-10-14 23:33:28.302503 Charlie: No
ChatterBot Oscar reevaluating
ChatterBot Echo reevaluating
ChatterBot November reevaluating
2024-10-14 23:33:28.320762 Lima: Charlie and India, sending you 1
chatterbot Kilo submitting transactions
2024-10-14 23:33:28.330232 November: Charlie we want you to join our group
2024-10-14 23:33:28.340489 Charlie: No
ChatterBot Oscar reevaluating
ChatterBot Echo reevaluating
ChatterBot November reevaluating
chatterbot Lima submitting transactions
2024-10-14 23:33:28.373396 Echo: Charlie we want you to join our group
2024-10-14 23:33:28.379802 Charlie: No
ChatterBot Oscar reevaluating
ChatterBot Echo reevaluating
ChatterBot November reevaluating
2024-10-14 23:33:28.423015 Oscar: Hotel we want you to join our group
2024-10-14 23:33:28.430485 Hotel: No
ChatterBot November reevaluating
ChatterBot Oscar reevaluating
ChatterBot Echo reevaluating
2024-10-14 23:33:28.463700 November: Hotel we want you to join our group
ChatterBot Hotel reevaluating
2024-10-14 23:33:28.469101 Hotel: No
ChatterBot November reevaluating
ChatterBot Oscar reevaluating
ChatterBot Echo reevaluating
2024-10-14 23:33:28.493285 Hotel: We should add Kilo
2024-10-14 23:33:28.494015 Echo: We should replace Lima with India
ChatterBot India reevaluating
ChatterBot Oscar reevaluating
ChatterBot November reevaluating
2024-10-14 23:33:28.531527 Whiskey: Yes
2024-10-14 23:33:28.531752 Charlie: Yes
2024-10-14 23:33:28.532005 India: Yes
2024-10-14 23:33:28.532830 Lima: Yes
2024-10-14 23:33:28.532999 Oscar: Yes
2024-10-14 23:33:28.533176 Uniform: No
2024-10-14 23:33:28.533334 November: No
ChatterBot Hotel reevaluating
ChatterBot Charlie reevaluating
ChatterBot India reevaluating
ChatterBot Echo reevaluating
ChatterBot November reevaluating
ChatterBot Hotel reevaluating
ChatterBot India reevaluating
ChatterBot Oscar reevaluating
ChatterBot Echo reevaluating
ChatterBot November reevaluating
ChatterBot Hotel reevaluating
ChatterBot Charlie reevaluating
ChatterBot Oscar reevaluating
ChatterBot Echo reevaluating
ChatterBot Hotel reevaluating
ChatterBot Charlie reevaluating
ChatterBot India reevaluating
chatterbot Whiskey submitting transactions
chatterbot India submitting transactions
2024-10-14 23:33:28.671981 India: Hotel we want you to join our group
ChatterBot Hotel reevaluating
2024-10-14 23:33:28.676737 Hotel: No
2024-10-14 23:33:28.696172 November: Oscar, sending you 4
2024-10-14 23:33:28.697156 Oscar: Uniform and November, sending you 2
2024-10-14 23:33:28.697786 Echo: Oscar, sending you 3
2024-10-14 23:33:28.699678 November: Uniform, sending you 5
2024-10-14 23:33:28.701044 Echo: Uniform and November, sending you 1
2024-10-14 23:33:28.702669 Oscar: India, sending you 1
2024-10-14 23:33:28.703727 November: Echo, sending you 2
2024-10-14 23:33:28.707658 Oscar: Echo, sending you 3
chatterbot Uniform submitting transactions
chatterbot Charlie submitting transactions
chatterbot Echo submitting transactions
chatterbot Hotel submitting transactions
chatterbot Oscar submitting transactions
chatterbot Hotel submitting transactions
chatterbot Charlie submitting transactions
chatterbot November submitting transactions
ChatterBot Whiskey round 9
ChatterBot Hotel round 9
ChatterBot Oscar round 9
ChatterBot Charlie round 9
ChatterBot Uniform round 9
ChatterBot India round 9
ChatterBot Kilo round 9
ChatterBot Lima round 9
ChatterBot Echo round 9
ChatterBot November round 9
chatterbot India submitting transactions
2024-10-14 23:33:29.898727 November: Oscar, sending you 4
2024-10-14 23:33:29.902075 Echo: Oscar, sending you 3
2024-10-14 23:33:29.903238 November: Uniform, sending you 5
2024-10-14 23:33:29.904719 Charlie: Whiskey, India and Kilo, sending you 2
2024-10-14 23:33:29.906529 Lima: Whiskey, sending you 3
2024-10-14 23:33:29.907474 Whiskey: Hotel, Charlie, Kilo and Lima, sending you 3
2024-10-14 23:33:29.908776 Oscar: Uniform, sending you 2
2024-10-14 23:33:29.909784 Echo: Uniform, sending you 1
2024-10-14 23:33:29.910294 Charlie: Hotel and Lima, sending you 1
2024-10-14 23:33:29.911684 November: Echo, sending you 2
2024-10-14 23:33:29.912331 Lima: Hotel and Kilo, sending you 2
2024-10-14 23:33:29.913762 Kilo: Whiskey, sending you 3
2024-10-14 23:33:29.914781 Whiskey: India, sending you 1
2024-10-14 23:33:29.915584 Oscar: Echo and November, sending you 3
2024-10-14 23:33:29.917115 Echo: November, sending you 2
2024-10-14 23:33:29.918572 Lima: Charlie and India, sending you 1
2024-10-14 23:33:29.920343 Kilo: Charlie, India and Lima, sending you 2
chatterbot Charlie submitting transactions
chatterbot Whiskey submitting transactions
chatterbot Uniform submitting transactions
chatterbot Kilo submitting transactions
chatterbot India submitting transactions
chatterbot Lima submitting transactions
chatterbot Hotel submitting transactions
chatterbot Echo submitting transactions
chatterbot November submitting transactions
chatterbot Oscar submitting transactions
ChatterBot Whiskey round 10
ChatterBot Hotel round 10
ChatterBot Oscar round 10
ChatterBot Charlie round 10
ChatterBot Uniform round 10
ChatterBot India round 10
ChatterBot Kilo round 10
ChatterBot Lima round 10
ChatterBot Echo round 10
ChatterBot November round 10
2024-10-14 23:33:31.164626 India: We should add Hotel and Oscar
2024-10-14 23:33:31.188113 Kilo: No
2024-10-14 23:33:31.188473 Whiskey: No
2024-10-14 23:33:31.188724 Charlie: No
2024-10-14 23:33:31.189007 Lima: No
ChatterBot India reevaluating
ChatterBot India reevaluating
ChatterBot India reevaluating
ChatterBot India reevaluating
2024-10-14 23:33:31.261353 Oscar: We should replace Hotel with India
ChatterBot Echo reevaluating
ChatterBot Uniform reevaluating
ChatterBot November reevaluating
2024-10-14 23:33:31.273092 Echo: No
2024-10-14 23:33:31.273376 Uniform: No
2024-10-14 23:33:31.274055 November: No
ChatterBot Oscar reevaluating
ChatterBot Uniform reevaluating
ChatterBot November reevaluating
ChatterBot Oscar reevaluating
ChatterBot Echo reevaluating
ChatterBot November reevaluating
ChatterBot Oscar reevaluating
ChatterBot Echo reevaluating
ChatterBot Uniform reevaluating
2024-10-14 23:33:31.335398 Hotel: We should add Kilo
ChatterBot India reevaluating
2024-10-14 23:33:31.359810 Whiskey: Yes
2024-10-14 23:33:31.360769 Charlie: Yes
2024-10-14 23:33:31.360992 India: Yes
2024-10-14 23:33:31.361235 Lima: Yes
ChatterBot Hotel reevaluating
ChatterBot India reevaluating
ChatterBot Hotel reevaluating
ChatterBot India reevaluating
ChatterBot Hotel reevaluating
ChatterBot Hotel reevaluating
ChatterBot India reevaluating
2024-10-14 23:33:31.457499 November: We should replace India with Charlie
ChatterBot Oscar reevaluating
ChatterBot Echo reevaluating
