ChatterBot Papa round 1
ChatterBot Delta round 1
ChatterBot Alpha round 1
ChatterBot Kilo round 1
ChatterBot Juliett round 1
ChatterBot Oscar round 1
ChatterBot Yankee round 1
ChatterBot Tango round 1
ChatterBot Lima round 1
ChatterBot Charlie round 1
randomSelections Alpha: {Alpha, Oscar, Lima, Juliett, Papa, Kilo} 
2024-10-14 20:10:45.022958 Alpha: Friends?
ChatterBot Oscar reevaluating
ChatterBot Lima reevaluating
ChatterBot Juliett reevaluating
ChatterBot Papa reevaluating
ChatterBot Kilo reevaluating
2024-10-14 20:10:45.076507 Oscar: Yes
2024-10-14 20:10:45.076984 Lima: Yes
2024-10-14 20:10:45.077177 Juliett: Yes
2024-10-14 20:10:45.077395 Papa: Yes
2024-10-14 20:10:45.077646 Kilo: Yes
ChatterBot Lima reevaluating
ChatterBot Juliett reevaluating
ChatterBot Papa reevaluating
ChatterBot Kilo reevaluating
ChatterBot Oscar reevaluating
ChatterBot Juliett reevaluating
ChatterBot Papa reevaluating
ChatterBot Kilo reevaluating
ChatterBot Oscar reevaluating
ChatterBot Lima reevaluating
ChatterBot Papa reevaluating
ChatterBot Kilo reevaluating
ChatterBot Oscar reevaluating
ChatterBot Lima reevaluating
ChatterBot Juliett reevaluating
ChatterBot Kilo reevaluating
ChatterBot Oscar reevaluating
ChatterBot Lima reevaluating
ChatterBot Juliett reevaluating
ChatterBot Papa reevaluating
randomSelections Delta: {Delta, Charlie, Alpha, Oscar, Lima, Tango} 
2024-10-14 20:10:45.138465 Delta: Let's form a team
ChatterBot Charlie reevaluating
ChatterBot Oscar reevaluating
ChatterBot Lima reevaluating
ChatterBot Tango reevaluating
2024-10-14 20:10:45.147194 Charlie: Yes
2024-10-14 20:10:45.147427 Alpha: No
2024-10-14 20:10:45.147623 Oscar: No
2024-10-14 20:10:45.148246 Lima: No
2024-10-14 20:10:45.148422 Tango: Yes
ChatterBot Oscar reevaluating
ChatterBot Lima reevaluating
ChatterBot Tango reevaluating
ChatterBot Charlie reevaluating
ChatterBot Oscar reevaluating
ChatterBot Lima reevaluating
ChatterBot Tango reevaluating
ChatterBot Charlie reevaluating
ChatterBot Lima reevaluating
ChatterBot Tango reevaluating
ChatterBot Charlie reevaluating
ChatterBot Oscar reevaluating
ChatterBot Tango reevaluating
ChatterBot Charlie reevaluating
ChatterBot Oscar reevaluating
ChatterBot Lima reevaluating
randomSelections Yankee: {Yankee, Oscar, Papa} 
2024-10-14 20:10:45.193935 Yankee: Group up?
ChatterBot Oscar reevaluating
ChatterBot Papa reevaluating
2024-10-14 20:10:45.198245 Oscar: No
2024-10-14 20:10:45.198535 Papa: No
ChatterBot Papa reevaluating
ChatterBot Oscar reevaluating
2024-10-14 20:10:45.221496 Yankee: Papa, sending you 7
2024-10-14 20:10:45.224079 Alpha: Papa and Juliett, sending you 4
2024-10-14 20:10:45.228966 Juliett: Papa and Kilo, sending you 1
2024-10-14 20:10:45.231229 Yankee: Oscar, sending you 3
2024-10-14 20:10:45.232592 Lima: Kilo, Juliett and Oscar, sending you 1
2024-10-14 20:10:45.233740 Alpha: Kilo, Oscar and Lima, sending you 1
2024-10-14 20:10:45.235708 Juliett: Alpha, sending you 5
2024-10-14 20:10:45.237661 Oscar: Papa, sending you 5
2024-10-14 20:10:45.239178 Kilo: Papa, Alpha and Oscar, sending you 1
2024-10-14 20:10:45.240024 Papa: Alpha, sending you 1
2024-10-14 20:10:45.241379 Tango: Delta, sending you 2
2024-10-14 20:10:45.241939 Juliett: Oscar, sending you 2
2024-10-14 20:10:45.243265 Oscar: Alpha, sending you 3
2024-10-14 20:10:45.245023 Kilo: Juliett, sending you 2
2024-10-14 20:10:45.246447 Papa: Kilo, sending you 2
2024-10-14 20:10:45.247274 Tango: Oscar and Lima, sending you 3
2024-10-14 20:10:45.248719 Juliett: Lima, sending you 4
2024-10-14 20:10:45.249467 Oscar: Kilo, sending you 4
2024-10-14 20:10:45.250879 Kilo: Lima, sending you 3
2024-10-14 20:10:45.252347 Papa: Juliett, sending you 5
2024-10-14 20:10:45.253498 Tango: Charlie, sending you 1
2024-10-14 20:10:45.263365 Oscar: Juliett, sending you 2
2024-10-14 20:10:45.264378 Papa: Oscar, sending you 3
2024-10-14 20:10:45.269305 Oscar: Lima, sending you 1
chatterbot Juliett submitting transactions
chatterbot Lima submitting transactions
chatterbot Tango submitting transactions
chatterbot Oscar submitting transactions
chatterbot Alpha submitting transactions
chatterbot Charlie submitting transactions
chatterbot Delta submitting transactions
chatterbot Kilo submitting transactions
chatterbot Papa submitting transactions
chatterbot Yankee submitting transactions
ChatterBot Papa round 2
ChatterBot Delta round 2
ChatterBot Alpha round 2
ChatterBot Kilo round 2
ChatterBot Juliett round 2
ChatterBot Oscar round 2
ChatterBot Yankee round 2
2024-10-14 20:10:46.299192 Alpha: We should add Yankee
ChatterBot Oscar reevaluating
ChatterBot Lima reevaluating
ChatterBot Juliett reevaluating
ChatterBot Papa reevaluating
ChatterBot Kilo reevaluating
2024-10-14 20:10:46.340620 Oscar: Yes
2024-10-14 20:10:46.340878 Lima: No
2024-10-14 20:10:46.341004 Juliett: No
2024-10-14 20:10:46.341120 Papa: Yes
2024-10-14 20:10:46.341236 Kilo: No
ChatterBot Lima reevaluating
ChatterBot Juliett reevaluating
ChatterBot Papa reevaluating
ChatterBot Kilo reevaluating
ChatterBot Oscar reevaluating
ChatterBot Juliett reevaluating
ChatterBot Papa reevaluating
ChatterBot Kilo reevaluating
ChatterBot Oscar reevaluating
ChatterBot Lima reevaluating
ChatterBot Papa reevaluating
ChatterBot Kilo reevaluating
ChatterBot Oscar reevaluating
ChatterBot Lima reevaluating
ChatterBot Juliett reevaluating
ChatterBot Kilo reevaluating
ChatterBot Oscar reevaluating
ChatterBot Lima reevaluating
ChatterBot Juliett reevaluating
ChatterBot Papa reevaluating
ChatterBot Tango round 2
2024-10-14 20:10:46.492191 Delta: Can we be friends?
ChatterBot Tango reevaluating
2024-10-14 20:10:46.500121 Tango: No
ChatterBot Lima round 2
ChatterBot Charlie round 2
2024-10-14 20:10:46.553184 Yankee: Group up?
ChatterBot Charlie reevaluating
2024-10-14 20:10:46.562986 Charlie: No
2024-10-14 20:10:46.574804 Charlie: Friends?
ChatterBot Tango reevaluating
2024-10-14 20:10:46.584904 Tango: No
ChatterBot Charlie reevaluating
2024-10-14 20:10:46.593600 Alpha: Yankee we want you to join our group
ChatterBot Yankee reevaluating
2024-10-14 20:10:46.605644 Yankee: No
ChatterBot Juliett reevaluating
ChatterBot Papa reevaluating
ChatterBot Kilo reevaluating
ChatterBot Oscar reevaluating
ChatterBot Lima reevaluating
2024-10-14 20:10:46.673689 Yankee: We should add Alpha and Juliett
2024-10-14 20:10:46.674436 Lima: We should add Yankee
ChatterBot Oscar reevaluating
ChatterBot Papa reevaluating
ChatterBot Juliett reevaluating
ChatterBot Kilo reevaluating
2024-10-14 20:10:46.714631 Oscar: Yes
ChatterBot Oscar reevaluating
2024-10-14 20:10:46.721558 Papa: Yes
ChatterBot Papa reevaluating
2024-10-14 20:10:46.728935 Alpha: Yes
2024-10-14 20:10:46.729106 Juliett: No
2024-10-14 20:10:46.729260 Kilo: Yes
2024-10-14 20:10:46.729413 Oscar: Yes
2024-10-14 20:10:46.729977 Papa: Yes
ChatterBot Yankee reevaluating
ChatterBot Papa reevaluating
ChatterBot Lima reevaluating
ChatterBot Juliett reevaluating
ChatterBot Kilo reevaluating
ChatterBot Yankee reevaluating
ChatterBot Oscar reevaluating
ChatterBot Lima reevaluating
ChatterBot Kilo reevaluating
ChatterBot Oscar reevaluating
ChatterBot Papa reevaluating
ChatterBot Lima reevaluating
ChatterBot Juliett reevaluating
ChatterBot Oscar reevaluating
ChatterBot Papa reevaluating
ChatterBot Lima reevaluating
ChatterBot Juliett reevaluating
ChatterBot Kilo reevaluating
ChatterBot Oscar reevaluating
ChatterBot Papa reevaluating
ChatterBot Lima reevaluating
ChatterBot Juliett reevaluating
ChatterBot Kilo reevaluating
ChatterBot Papa reevaluating
ChatterBot Oscar reevaluating
2024-10-14 20:10:46.945779 Oscar: Yankee we want you to join our group
ChatterBot Yankee reevaluating
2024-10-14 20:10:46.953205 Yankee: No
ChatterBot Papa reevaluating
ChatterBot Kilo reevaluating
ChatterBot Oscar reevaluating
2024-10-14 20:10:46.994409 Juliett: We should drop Lima
ChatterBot Kilo reevaluating
2024-10-14 20:10:47.031775 Alpha: No
2024-10-14 20:10:47.032166 Papa: Yes
2024-10-14 20:10:47.032688 Kilo: Yes
2024-10-14 20:10:47.032868 Oscar: No
ChatterBot Kilo reevaluating
ChatterBot Kilo reevaluating
ChatterBot Kilo reevaluating
2024-10-14 20:10:47.269454 Lima: Yankee we want you to join our group
ChatterBot Yankee reevaluating
2024-10-14 20:10:47.277764 Yankee: No
chatterbot Delta submitting transactions
2024-10-14 20:10:47.326586 Delta: Sending you 1
2024-10-14 20:10:47.327130 Alpha: Papa and Kilo, sending you 1
2024-10-14 20:10:47.547442 Alpha: Juliett, sending you 6
2024-10-14 20:10:47.548089 Yankee: Alpha and Juliett we want you to join our group
2024-10-14 20:10:47.564320 Alpha: Yes
2024-10-14 20:10:47.564523 Juliett: No
ChatterBot Yankee reevaluating
ChatterBot Yankee reevaluating
2024-10-14 20:10:47.627558 Charlie: Sending you 9
chatterbot Charlie submitting transactions
2024-10-14 20:10:47.630216 Papa: We should replace Lima with Yankee
2024-10-14 20:10:47.660764 Juliett: No
2024-10-14 20:10:47.660962 Alpha: No
2024-10-14 20:10:47.661177 Kilo: No
2024-10-14 20:10:47.661355 Oscar: No
chatterbot Juliett submitting transactions
2024-10-14 20:10:47.776419 Alpha: Oscar, sending you 3
chatterbot Alpha submitting transactions
2024-10-14 20:10:47.777453 Juliett: Papa, sending you 5
2024-10-14 20:10:47.777723 Lima: Papa, Alpha and Oscar, sending you 2
2024-10-14 20:10:47.778192 Papa: Yankee we want you to join our group
ChatterBot Yankee reevaluating
2024-10-14 20:10:47.786147 Yankee: No
2024-10-14 20:10:47.819043 Oscar: Papa and Yankee, sending you 5
2024-10-14 20:10:47.819883 Lima: Kilo and Juliett, sending you 3
2024-10-14 20:10:47.820450 Juliett: Alpha, sending you 4
2024-10-14 20:10:47.821226 Kilo: Papa, sending you 2
2024-10-14 20:10:47.863620 Oscar: Alpha and Kilo, sending you 2
2024-10-14 20:10:47.864055 Lima: Yankee, sending you 1
2024-10-14 20:10:47.864856 Kilo: Alpha and Juliett, sending you 1
2024-10-14 20:10:47.865243 Juliett: Kilo and Oscar, sending you 2
2024-10-14 20:10:47.884097 Oscar: Juliett, sending you 3
2024-10-14 20:10:47.885137 Kilo: Oscar, sending you 4
2024-10-14 20:10:47.885539 Papa: Alpha, sending you 2
2024-10-14 20:10:47.894777 Papa: Kilo and Juliett, sending you 1
2024-10-14 20:10:47.899811 Papa: Oscar, sending you 3
2024-10-14 20:10:47.919582 Papa: Yankee, sending you 4
2024-10-14 20:10:47.927357 Yankee: Papa, Alpha and Juliett, sending you 3
2024-10-14 20:10:47.936961 Yankee: Oscar, sending you 1
chatterbot Tango submitting transactions
chatterbot Papa submitting transactions
chatterbot Lima submitting transactions
chatterbot Oscar submitting transactions
chatterbot Kilo submitting transactions
chatterbot Yankee submitting transactions
ChatterBot Papa round 3
ChatterBot Delta round 3
ChatterBot Alpha round 3
ChatterBot Kilo round 3
ChatterBot Juliett round 3
ChatterBot Oscar round 3
ChatterBot Yankee round 3
ChatterBot Tango round 3
ChatterBot Lima round 3
ChatterBot Charlie round 3
2024-10-14 20:10:49.083751 Charlie: We should add Delta
ChatterBot Tango reevaluating
2024-10-14 20:10:49.091730 Tango: Yes
2024-10-14 20:10:49.110975 Kilo: We should add Lima and Yankee
ChatterBot Juliett reevaluating
ChatterBot Oscar reevaluating
2024-10-14 20:10:49.138607 Juliett: No
2024-10-14 20:10:49.139236 Alpha: Yes
2024-10-14 20:10:49.139364 Papa: No
2024-10-14 20:10:49.139489 Oscar: Yes
ChatterBot Oscar reevaluating
ChatterBot Juliett reevaluating
ChatterBot Oscar reevaluating
ChatterBot Juliett reevaluating
ChatterBot Kilo reevaluating
ChatterBot Oscar reevaluating
ChatterBot Juliett reevaluating
ChatterBot Kilo reevaluating
2024-10-14 20:10:49.225081 Juliett: We should add Lima
ChatterBot Kilo reevaluating
ChatterBot Oscar reevaluating
2024-10-14 20:10:49.248210 Alpha: Yes
2024-10-14 20:10:49.248373 Papa: No
2024-10-14 20:10:49.248605 Kilo: Yes
2024-10-14 20:10:49.248794 Oscar: Yes
ChatterBot Juliett reevaluating
ChatterBot Kilo reevaluating
ChatterBot Oscar reevaluating
ChatterBot Juliett reevaluating
ChatterBot Kilo reevaluating
ChatterBot Oscar reevaluating
ChatterBot Juliett reevaluating
ChatterBot Oscar reevaluating
ChatterBot Juliett reevaluating
ChatterBot Kilo reevaluating
2024-10-14 20:10:49.388059 Delta: We should add Charlie
ChatterBot Tango reevaluating
2024-10-14 20:10:49.394494 Tango: Yes
2024-10-14 20:10:49.406269 Yankee: We should add Kilo
ChatterBot Juliett reevaluating
ChatterBot Oscar reevaluating
2024-10-14 20:10:49.429320 Papa: Yes
2024-10-14 20:10:49.429514 Alpha: Yes
2024-10-14 20:10:49.430224 Juliett: Yes
2024-10-14 20:10:49.430399 Oscar: Yes
ChatterBot Juliett reevaluating
ChatterBot Oscar reevaluating
ChatterBot Juliett reevaluating
ChatterBot Oscar reevaluating
ChatterBot Oscar reevaluating
ChatterBot Juliett reevaluating
2024-10-14 20:10:49.514211 Charlie: Delta we want you to join our group
2024-10-14 20:10:49.517671 Delta: Yes
ChatterBot Tango reevaluating
2024-10-14 20:10:49.527278 Delta: Charlie we want you to join our group
2024-10-14 20:10:49.531231 Charlie: Yes
2024-10-14 20:10:49.538727 Yankee: Kilo we want you to join our group
ChatterBot Kilo reevaluating
2024-10-14 20:10:49.545122 Kilo: Yes
ChatterBot Juliett reevaluating
2024-10-14 20:10:49.658486 Juliett: We should add Yankee
ChatterBot Kilo reevaluating
2024-10-14 20:10:49.681095 Alpha: Yes
2024-10-14 20:10:49.681331 Papa: Yes
2024-10-14 20:10:49.681509 Kilo: Yes
2024-10-14 20:10:49.682158 Oscar: Yes
ChatterBot Juliett reevaluating
ChatterBot Kilo reevaluating
ChatterBot Juliett reevaluating
ChatterBot Kilo reevaluating
ChatterBot Juliett reevaluating
ChatterBot Juliett reevaluating
ChatterBot Kilo reevaluating
chatterbot Alpha submitting transactions
2024-10-14 20:10:49.769754 Alpha: Papa and Oscar, sending you 2
2024-10-14 20:10:49.770790 Juliett: Yankee we want you to join our group
2024-10-14 20:10:49.780398 Yankee: Yes
2024-10-14 20:10:49.824686 Papa: Alpha and Juliett, sending you 2
2024-10-14 20:10:49.830420 Kilo: Lima and Yankee we want you to join our group
2024-10-14 20:10:49.852061 Yankee: No
2024-10-14 20:10:49.852443 Lima: Yes
2024-10-14 20:10:49.930890 Lima: Papa, Alpha and Oscar, sending you 2
2024-10-14 20:10:49.931528 Alpha: Kilo, Yankee and Lima, sending you 1
2024-10-14 20:10:49.932782 Papa: Kilo, sending you 1
2024-10-14 20:10:49.936760 Lima: Kilo and Juliett, sending you 3
2024-10-14 20:10:49.937942 Delta: Tango, sending you 3
2024-10-14 20:10:49.938220 Charlie: Delta, sending you 4
2024-10-14 20:10:49.938483 Alpha: Juliett, sending you 4
2024-10-14 20:10:49.939801 Yankee: Papa and Oscar, sending you 5
2024-10-14 20:10:49.940210 Oscar: Papa, sending you 4
2024-10-14 20:10:49.940676 Papa: Oscar and Yankee, sending you 3
2024-10-14 20:10:49.941766 Tango: Delta, sending you 1
2024-10-14 20:10:49.942208 Charlie: Tango, sending you 5
2024-10-14 20:10:49.943022 Delta: Charlie, sending you 1
2024-10-14 20:10:49.943300 Lima: Yankee, sending you 1
2024-10-14 20:10:49.959584 Oscar: Alpha, Kilo and Juliett, sending you 3
2024-10-14 20:10:49.961173 Tango: Charlie, sending you 7
chatterbot Yankee submitting transactions
2024-10-14 20:10:49.982950 Oscar: Yankee and Lima, sending you 2
2024-10-14 20:10:49.983605 Juliett: Papa and Oscar, sending you 3
2024-10-14 20:10:49.984463 Kilo: Papa, Alpha and Juliett, sending you 1
2024-10-14 20:10:49.999984 Juliett: Alpha, sending you 4
2024-10-14 20:10:50.001271 Kilo: Oscar, sending you 3
2024-10-14 20:10:50.006655 Juliett: Kilo, sending you 1
2024-10-14 20:10:50.008127 Kilo: Lima, sending you 2
2024-10-14 20:10:50.046064 Juliett: Yankee, sending you 2
chatterbot Papa submitting transactions
chatterbot Delta submitting transactions
chatterbot Charlie submitting transactions
chatterbot Lima submitting transactions
chatterbot Oscar submitting transactions
chatterbot Juliett submitting transactions
chatterbot Tango submitting transactions
chatterbot Kilo submitting transactions
ChatterBot Papa round 4
ChatterBot Delta round 4
ChatterBot Alpha round 4
ChatterBot Kilo round 4
ChatterBot Juliett round 4
ChatterBot Oscar round 4
ChatterBot Yankee round 4
ChatterBot Tango round 4
ChatterBot Lima round 4
ChatterBot Charlie round 4
2024-10-14 20:10:50.812787 Juliett: We should add Lima
ChatterBot Yankee reevaluating
2024-10-14 20:10:50.839158 Papa: No
2024-10-14 20:10:50.839370 Alpha: Yes
2024-10-14 20:10:50.839557 Kilo: Yes
2024-10-14 20:10:50.839746 Oscar: Yes
2024-10-14 20:10:50.840332 Yankee: Yes
ChatterBot Juliett reevaluating
ChatterBot Yankee reevaluating
ChatterBot Juliett reevaluating
ChatterBot Yankee reevaluating
ChatterBot Juliett reevaluating
ChatterBot Yankee reevaluating
ChatterBot Juliett reevaluating
ChatterBot Yankee reevaluating
ChatterBot Juliett reevaluating
2024-10-14 20:10:51.009561 Charlie: We should add Alpha
2024-10-14 20:10:51.031518 Tango: No
2024-10-14 20:10:51.031804 Delta: No
ChatterBot Charlie reevaluating
ChatterBot Charlie reevaluating
2024-10-14 20:10:51.123877 Yankee: We should replace Kilo with Lima
ChatterBot Juliett reevaluating
2024-10-14 20:10:51.148866 Papa: No
2024-10-14 20:10:51.150047 Alpha: No
2024-10-14 20:10:51.150350 Juliett: No
2024-10-14 20:10:51.150589 Oscar: No
ChatterBot Juliett reevaluating
ChatterBot Yankee reevaluating
ChatterBot Juliett reevaluating
ChatterBot Yankee reevaluating
ChatterBot Papa reevaluating
ChatterBot Yankee reevaluating
ChatterBot Papa reevaluating
ChatterBot Juliett reevaluating
ChatterBot Yankee reevaluating
2024-10-14 20:10:51.251566 Charlie: We should add Yankee
ChatterBot Delta reevaluating
2024-10-14 20:10:51.263820 Tango: No
2024-10-14 20:10:51.264756 Delta: No
ChatterBot Charlie reevaluating
ChatterBot Delta reevaluating
ChatterBot Charlie reevaluating
2024-10-14 20:10:51.289007 Charlie: We should add Lima
ChatterBot Delta reevaluating
2024-10-14 20:10:51.302390 Tango: No
2024-10-14 20:10:51.302785 Delta: No
ChatterBot Charlie reevaluating
ChatterBot Delta reevaluating
ChatterBot Charlie reevaluating
2024-10-14 20:10:51.329155 Charlie: We should add Kilo
ChatterBot Delta reevaluating
2024-10-14 20:10:51.337166 Tango: No
2024-10-14 20:10:51.337297 Delta: No
ChatterBot Charlie reevaluating
ChatterBot Delta reevaluating
ChatterBot Charlie reevaluating
2024-10-14 20:10:51.352020 Charlie: We should add Oscar
ChatterBot Delta reevaluating
2024-10-14 20:10:51.359322 Tango: No
2024-10-14 20:10:51.359446 Delta: No
ChatterBot Charlie reevaluating
ChatterBot Delta reevaluating
ChatterBot Charlie reevaluating
2024-10-14 20:10:51.378356 Charlie: We should add Juliett
ChatterBot Delta reevaluating
2024-10-14 20:10:51.390428 Tango: No
2024-10-14 20:10:51.390623 Delta: No
ChatterBot Charlie reevaluating
ChatterBot Delta reevaluating
ChatterBot Charlie reevaluating
2024-10-14 20:10:51.416458 Charlie: We should add Papa
ChatterBot Delta reevaluating
2024-10-14 20:10:51.428322 Tango: No
2024-10-14 20:10:51.428508 Delta: No
ChatterBot Charlie reevaluating
ChatterBot Delta reevaluating
ChatterBot Charlie reevaluating
2024-10-14 20:10:51.454286 Juliett: Lima we want you to join our group
2024-10-14 20:10:51.460502 Lima: Yes
ChatterBot Papa reevaluating
2024-10-14 20:10:51.494048 Yankee: Lima we want you to join our group
2024-10-14 20:10:51.499807 Lima: Yes
ChatterBot Papa reevaluating
2024-10-14 20:10:51.518204 Alpha: Papa and Oscar, sending you 2
2024-10-14 20:10:51.518693 Kilo: Papa, Alpha and Juliett, sending you 1
2024-10-14 20:10:51.519736 Tango: Delta, sending you 3
2024-10-14 20:10:51.520163 Charlie: Yankee we want you to join our group
2024-10-14 20:10:51.524261 Yankee: No
ChatterBot Charlie reevaluating
2024-10-14 20:10:51.535021 Oscar: Papa, sending you 4
2024-10-14 20:10:51.536183 Lima: Papa, Alpha, Juliett, Oscar and Yankee, sending you 2
2024-10-14 20:10:51.536569 Alpha: Kilo, Yankee and Lima, sending you 1
2024-10-14 20:10:51.537445 Kilo: Oscar, sending you 3
2024-10-14 20:10:51.537845 Tango: Charlie, sending you 7
2024-10-14 20:10:51.539700 Oscar: Alpha and Lima, sending you 2
2024-10-14 20:10:51.540966 Lima: Kilo, sending you 3
2024-10-14 20:10:51.542220 Alpha: Juliett, sending you 4
2024-10-14 20:10:51.542701 Kilo: Lima, sending you 2
2024-10-14 20:10:51.543719 Delta: Tango, sending you 6
2024-10-14 20:10:51.544136 Oscar: Kilo, Juliett and Yankee, sending you 3
2024-10-14 20:10:51.547053 Delta: Charlie, sending you 7
2024-10-14 20:10:51.548680 Juliett: Papa, Oscar and Lima, sending you 2
2024-10-14 20:10:51.552255 Juliett: Alpha, sending you 5
2024-10-14 20:10:51.554123 Yankee: Papa, sending you 4
2024-10-14 20:10:51.558094 Juliett: Kilo and Yankee, sending you 1
2024-10-14 20:10:51.572511 Yankee: Alpha, Juliett and Lima, sending you 1
2024-10-14 20:10:51.572926 Papa: Alpha and Juliett, sending you 2
2024-10-14 20:10:51.586323 Charlie: Delta, sending you 3
2024-10-14 20:10:51.586690 Yankee: Oscar, sending you 3
2024-10-14 20:10:51.587033 Papa: Kilo, sending you 1
2024-10-14 20:10:51.599051 Papa: Oscar and Yankee, sending you 3
2024-10-14 20:10:51.599498 Charlie: Yankee, sending you 2
2024-10-14 20:10:51.613310 Charlie: Tango, sending you 4
chatterbot Yankee submitting transactions
chatterbot Kilo submitting transactions
chatterbot Tango submitting transactions
chatterbot Lima submitting transactions
chatterbot Juliett submitting transactions
chatterbot Oscar submitting transactions
chatterbot Charlie submitting transactions
chatterbot Delta submitting transactions
chatterbot Alpha submitting transactions
chatterbot Papa submitting transactions
ChatterBot Papa round 5
ChatterBot Delta round 5
ChatterBot Alpha round 5
ChatterBot Kilo round 5
ChatterBot Juliett round 5
ChatterBot Oscar round 5
ChatterBot Yankee round 5
ChatterBot Tango round 5
ChatterBot Lima round 5
ChatterBot Charlie round 5
2024-10-14 20:10:52.490669 Papa: Alpha and Juliett, sending you 2
2024-10-14 20:10:52.491682 Alpha: Papa and Oscar, sending you 2
2024-10-14 20:10:52.495369 Charlie: We should drop Yankee
2024-10-14 20:10:52.500496 Tango: Yes
2024-10-14 20:10:52.500684 Delta: Yes
2024-10-14 20:10:52.513759 Papa: Oscar and Yankee, sending you 3
2024-10-14 20:10:52.514443 Alpha: Kilo, Yankee and Lima, sending you 1
2024-10-14 20:10:52.517940 Papa: Lima, sending you 1
2024-10-14 20:10:52.518654 Alpha: Juliett, sending you 4
2024-10-14 20:10:52.519220 Tango: Delta, sending you 5
2024-10-14 20:10:52.519551 Juliett: Papa and Lima, sending you 2
2024-10-14 20:10:52.520446 Oscar: Papa, sending you 4
2024-10-14 20:10:52.520868 Delta: Tango, sending you 6
2024-10-14 20:10:52.521119 Lima: Papa, Alpha, Juliett, Oscar and Yankee, sending you 2
2024-10-14 20:10:52.521575 Yankee: Papa, sending you 4
2024-10-14 20:10:52.521893 Kilo: Papa, Alpha and Juliett, sending you 1
2024-10-14 20:10:52.522857 Tango: Charlie, sending you 7
2024-10-14 20:10:52.523684 Juliett: Alpha, sending you 4
2024-10-14 20:10:52.524335 Delta: Charlie, sending you 7
2024-10-14 20:10:52.525115 Lima: Kilo, sending you 3
2024-10-14 20:10:52.525922 Oscar: Alpha and Lima, sending you 2
2024-10-14 20:10:52.526479 Yankee: Alpha, Juliett and Lima, sending you 1
2024-10-14 20:10:52.526856 Kilo: Oscar, sending you 3
2024-10-14 20:10:52.527725 Juliett: Kilo and Yankee, sending you 1
2024-10-14 20:10:52.528704 Oscar: Kilo, Juliett and Yankee, sending you 3
2024-10-14 20:10:52.530673 Yankee: Oscar, sending you 3
2024-10-14 20:10:52.531032 Kilo: Lima, sending you 2
2024-10-14 20:10:52.531684 Juliett: Oscar, sending you 3
2024-10-14 20:10:52.534656 Charlie: Delta, sending you 4
2024-10-14 20:10:52.538677 Charlie: Tango, sending you 5
chatterbot Papa submitting transactions
chatterbot Charlie submitting transactions
chatterbot Lima submitting transactions
chatterbot Delta submitting transactions
chatterbot Kilo submitting transactions
chatterbot Juliett submitting transactions
chatterbot Yankee submitting transactions
chatterbot Alpha submitting transactions
chatterbot Oscar submitting transactions
chatterbot Tango submitting transactions
ChatterBot Papa round 6
ChatterBot Delta round 6
ChatterBot Alpha round 6
ChatterBot Kilo round 6
ChatterBot Juliett round 6
ChatterBot Oscar round 6
ChatterBot Yankee round 6
ChatterBot Tango round 6
ChatterBot Lima round 6
ChatterBot Charlie round 6
2024-10-14 20:10:53.812702 Kilo: Papa, Alpha and Juliett, sending you 1
2024-10-14 20:10:53.816194 Yankee: Papa, sending you 4
2024-10-14 20:10:53.818707 Alpha: Papa and Oscar, sending you 2
2024-10-14 20:10:53.820668 Kilo: Oscar, sending you 3
2024-10-14 20:10:53.823234 Yankee: Alpha, Juliett and Lima, sending you 1
2024-10-14 20:10:53.825725 Alpha: Kilo, Yankee and Lima, sending you 1
2024-10-14 20:10:53.828352 Delta: Tango, sending you 7
2024-10-14 20:10:53.829871 Kilo: Lima, sending you 2
2024-10-14 20:10:53.832130 Oscar: Papa, sending you 4
2024-10-14 20:10:53.834356 Lima: Papa, Alpha, Juliett, Oscar and Yankee, sending you 2
2024-10-14 20:10:53.836664 Yankee: Oscar, sending you 3
2024-10-14 20:10:53.838421 Juliett: Papa and Oscar, sending you 3
2024-10-14 20:10:53.839466 Tango: Delta, sending you 6
2024-10-14 20:10:53.841157 Papa: Alpha and Juliett, sending you 2
2024-10-14 20:10:53.843213 Alpha: Juliett, sending you 4
2024-10-14 20:10:53.844777 Delta: Charlie, sending you 6
2024-10-14 20:10:53.846083 Oscar: Alpha and Lima, sending you 2
2024-10-14 20:10:53.846933 Charlie: Delta, sending you 4
2024-10-14 20:10:53.847365 Lima: Kilo, sending you 3
2024-10-14 20:10:53.849258 Juliett: Alpha, sending you 4
2024-10-14 20:10:53.850870 Tango: Charlie, sending you 7
2024-10-14 20:10:53.851354 Papa: Oscar and Yankee, sending you 3
2024-10-14 20:10:53.852940 Oscar: Kilo, Juliett and Yankee, sending you 3
2024-10-14 20:10:53.854534 Charlie: Tango, sending you 5
2024-10-14 20:10:53.855122 Juliett: Yankee, sending you 1
2024-10-14 20:10:53.855742 Papa: Lima, sending you 1
2024-10-14 20:10:53.859690 Juliett: Lima, sending you 2
chatterbot Lima submitting transactions
chatterbot Juliett submitting transactions
chatterbot Oscar submitting transactions
chatterbot Yankee submitting transactions
chatterbot Charlie submitting transactions
chatterbot Alpha submitting transactions
chatterbot Kilo submitting transactions
chatterbot Tango submitting transactions
chatterbot Delta submitting transactions
chatterbot Papa submitting transactions
ChatterBot Papa round 7
ChatterBot Delta round 7
ChatterBot Alpha round 7
ChatterBot Kilo round 7
ChatterBot Juliett round 7
ChatterBot Oscar round 7
ChatterBot Yankee round 7
ChatterBot Tango round 7
ChatterBot Lima round 7
ChatterBot Charlie round 7
2024-10-14 20:10:55.019297 Juliett: We should add Kilo
2024-10-14 20:10:55.042112 Yankee: No
2024-10-14 20:10:55.042384 Papa: No
2024-10-14 20:10:55.042587 Alpha: Yes
2024-10-14 20:10:55.042799 Oscar: Yes
2024-10-14 20:10:55.043355 Lima: Yes
ChatterBot Juliett reevaluating
ChatterBot Juliett reevaluating
ChatterBot Juliett reevaluating
ChatterBot Juliett reevaluating
2024-10-14 20:10:55.141674 Juliett: Kilo we want you to join our group
2024-10-14 20:10:55.145628 Kilo: Yes
ChatterBot Juliett reevaluating
2024-10-14 20:10:55.165207 Papa: Alpha and Juliett, sending you 2
2024-10-14 20:10:55.165678 Alpha: Papa and Oscar, sending you 2
2024-10-14 20:10:55.167688 Oscar: Papa, sending you 4
2024-10-14 20:10:55.168724 Delta: Tango, sending you 7
2024-10-14 20:10:55.170093 Papa: Oscar and Yankee, sending you 3
2024-10-14 20:10:55.170662 Alpha: Kilo, Yankee and Lima, sending you 1
2024-10-14 20:10:55.171536 Kilo: Papa, Alpha and Juliett, sending you 1
2024-10-14 20:10:55.172550 Tango: Delta, sending you 6
2024-10-14 20:10:55.173349 Yankee: Papa, sending you 4
2024-10-14 20:10:55.174024 Charlie: Delta, sending you 4
2024-10-14 20:10:55.174397 Oscar: Alpha and Lima, sending you 2
2024-10-14 20:10:55.175690 Delta: Charlie, sending you 6
2024-10-14 20:10:55.176064 Alpha: Juliett, sending you 4
2024-10-14 20:10:55.176751 Papa: Lima, sending you 1
2024-10-14 20:10:55.177366 Kilo: Oscar, sending you 3
2024-10-14 20:10:55.178686 Tango: Charlie, sending you 7
2024-10-14 20:10:55.179006 Charlie: Tango, sending you 5
2024-10-14 20:10:55.179333 Yankee: Alpha, Juliett and Lima, sending you 1
2024-10-14 20:10:55.179845 Lima: Papa, Alpha, Juliett, Oscar and Yankee, sending you 2
2024-10-14 20:10:55.181181 Oscar: Kilo, Juliett and Yankee, sending you 3
2024-10-14 20:10:55.182047 Kilo: Lima, sending you 2
2024-10-14 20:10:55.183380 Yankee: Oscar, sending you 3
2024-10-14 20:10:55.184689 Lima: Kilo, sending you 3
2024-10-14 20:10:55.194942 Juliett: Papa and Lima, sending you 2
2024-10-14 20:10:55.200691 Juliett: Alpha, sending you 4
2024-10-14 20:10:55.205662 Juliett: Kilo and Yankee, sending you 1
2024-10-14 20:10:55.211661 Juliett: Oscar, sending you 3
chatterbot Oscar submitting transactions
chatterbot Delta submitting transactions
chatterbot Alpha submitting transactions
chatterbot Tango submitting transactions
chatterbot Yankee submitting transactions
chatterbot Kilo submitting transactions
chatterbot Papa submitting transactions
chatterbot Charlie submitting transactions
chatterbot Lima submitting transactions
chatterbot Juliett submitting transactions
ChatterBot Papa round 8
ChatterBot Delta round 8
ChatterBot Alpha round 8
ChatterBot Kilo round 8
ChatterBot Juliett round 8
ChatterBot Oscar round 8
ChatterBot Yankee round 8
ChatterBot Tango round 8
ChatterBot Lima round 8
ChatterBot Charlie round 8
2024-10-14 20:10:56.474861 Charlie: We should add Kilo
2024-10-14 20:10:56.484234 Tango: No
2024-10-14 20:10:56.484527 Delta: No
ChatterBot Charlie reevaluating
ChatterBot Charlie reevaluating
2024-10-14 20:10:56.505539 Charlie: We should add Yankee
2024-10-14 20:10:56.514519 Tango: No
2024-10-14 20:10:56.514836 Delta: No
ChatterBot Charlie reevaluating
ChatterBot Charlie reevaluating
2024-10-14 20:10:56.535281 Delta: Tango, sending you 7
2024-10-14 20:10:56.539680 Tango: Delta, sending you 6
2024-10-14 20:10:56.540550 Juliett: Papa and Lima, sending you 2
2024-10-14 20:10:56.541575 Yankee: Papa, sending you 4
2024-10-14 20:10:56.542488 Oscar: Papa, sending you 4
2024-10-14 20:10:56.543842 Delta: Charlie, sending you 6
2024-10-14 20:10:56.544705 Papa: Alpha and Juliett, sending you 2
2024-10-14 20:10:56.545818 Lima: Papa, Alpha, Kilo, Oscar and Yankee, sending you 2
2024-10-14 20:10:56.547601 Kilo: Papa, Alpha and Juliett, sending you 1
2024-10-14 20:10:56.549168 Juliett: Alpha, sending you 4
2024-10-14 20:10:56.550065 Tango: Charlie, sending you 7
2024-10-14 20:10:56.550887 Yankee: Alpha, Juliett and Lima, sending you 1
2024-10-14 20:10:56.551507 Oscar: Alpha and Lima, sending you 2
2024-10-14 20:10:56.552360 Papa: Oscar and Yankee, sending you 3
2024-10-14 20:10:56.553468 Lima: Juliett, sending you 3
2024-10-14 20:10:56.555176 Kilo: Oscar, sending you 3
2024-10-14 20:10:56.556322 Juliett: Kilo and Yankee, sending you 1
2024-10-14 20:10:56.557657 Yankee: Oscar, sending you 3
2024-10-14 20:10:56.558627 Papa: Lima, sending you 1
2024-10-14 20:10:56.559177 Oscar: Kilo, Juliett and Yankee, sending you 3
2024-10-14 20:10:56.560438 Charlie: Delta, sending you 4
2024-10-14 20:10:56.560926 Kilo: Lima, sending you 2
2024-10-14 20:10:56.562623 Juliett: Oscar, sending you 3
2024-10-14 20:10:56.564716 Charlie: Tango, sending you 5
chatterbot Alpha submitting transactions
chatterbot Lima submitting transactions
chatterbot Yankee submitting transactions
chatterbot Papa submitting transactions
chatterbot Juliett submitting transactions
chatterbot Delta submitting transactions
chatterbot Tango submitting transactions
chatterbot Oscar submitting transactions
chatterbot Kilo submitting transactions
chatterbot Charlie submitting transactions
ChatterBot Papa round 9
ChatterBot Delta round 9
ChatterBot Alpha round 9
ChatterBot Kilo round 9
2024-10-14 20:10:57.749566 Alpha: We should add Charlie
ChatterBot Papa reevaluating
2024-10-14 20:10:57.819079 Juliett: No
2024-10-14 20:10:57.819478 Papa: No
2024-10-14 20:10:57.819810 Kilo: No
2024-10-14 20:10:57.820684 Oscar: No
2024-10-14 20:10:57.820872 Yankee: No
2024-10-14 20:10:57.821111 Lima: No
ChatterBot Alpha reevaluating
ChatterBot Papa reevaluating
ChatterBot Alpha reevaluating
ChatterBot Alpha reevaluating
ChatterBot Papa reevaluating
ChatterBot Alpha reevaluating
ChatterBot Papa reevaluating
ChatterBot Alpha reevaluating
ChatterBot Papa reevaluating
ChatterBot Alpha reevaluating
ChatterBot Papa reevaluating
ChatterBot Juliett round 9
ChatterBot Oscar round 9
ChatterBot Yankee round 9
ChatterBot Tango round 9
ChatterBot Lima round 9
ChatterBot Charlie round 9
2024-10-14 20:10:57.956739 Alpha: We should add Delta
ChatterBot Juliett reevaluating
ChatterBot Papa reevaluating
ChatterBot Oscar reevaluating
ChatterBot Yankee reevaluating
2024-10-14 20:10:57.980171 Juliett: No
2024-10-14 20:10:57.980349 Papa: No
2024-10-14 20:10:57.981309 Kilo: No
2024-10-14 20:10:57.981467 Oscar: Yes
2024-10-14 20:10:57.981730 Yankee: No
2024-10-14 20:10:57.981952 Lima: No
ChatterBot Alpha reevaluating
ChatterBot Papa reevaluating
ChatterBot Oscar reevaluating
ChatterBot Yankee reevaluating
ChatterBot Lima reevaluating
ChatterBot Alpha reevaluating
ChatterBot Juliett reevaluating
ChatterBot Oscar reevaluating
ChatterBot Yankee reevaluating
ChatterBot Lima reevaluating
ChatterBot Alpha reevaluating
ChatterBot Juliett reevaluating
ChatterBot Papa reevaluating
ChatterBot Oscar reevaluating
ChatterBot Yankee reevaluating
ChatterBot Lima reevaluating
ChatterBot Alpha reevaluating
ChatterBot Juliett reevaluating
ChatterBot Papa reevaluating
ChatterBot Yankee reevaluating
ChatterBot Lima reevaluating
ChatterBot Alpha reevaluating
ChatterBot Juliett reevaluating
ChatterBot Papa reevaluating
ChatterBot Oscar reevaluating
ChatterBot Lima reevaluating
ChatterBot Alpha reevaluating
ChatterBot Juliett reevaluating
ChatterBot Papa reevaluating
ChatterBot Oscar reevaluating
ChatterBot Yankee reevaluating
2024-10-14 20:10:58.114792 Papa: We should replace Alpha with Kilo
ChatterBot Juliett reevaluating
ChatterBot Oscar reevaluating
ChatterBot Yankee reevaluating
ChatterBot Lima reevaluating
2024-10-14 20:10:58.130102 Juliett: No
2024-10-14 20:10:58.130220 Oscar: No
2024-10-14 20:10:58.130332 Yankee: Yes
2024-10-14 20:10:58.130437 Lima: No
ChatterBot Papa reevaluating
ChatterBot Oscar reevaluating
ChatterBot Yankee reevaluating
ChatterBot Lima reevaluating
ChatterBot Papa reevaluating
ChatterBot Juliett reevaluating
ChatterBot Yankee reevaluating
ChatterBot Lima reevaluating
ChatterBot Papa reevaluating
ChatterBot Juliett reevaluating
ChatterBot Oscar reevaluating
ChatterBot Lima reevaluating
ChatterBot Papa reevaluating
ChatterBot Juliett reevaluating
ChatterBot Oscar reevaluating
ChatterBot Yankee reevaluating
2024-10-14 20:10:58.205608 Charlie: We should add Papa
2024-10-14 20:10:58.213451 Tango: No
2024-10-14 20:10:58.213600 Delta: No
ChatterBot Charlie reevaluating
ChatterBot Charlie reevaluating
2024-10-14 20:10:58.232194 Papa: Kilo we want you to join our group
2024-10-14 20:10:58.236035 Kilo: Yes
ChatterBot Juliett reevaluating
ChatterBot Yankee reevaluating
ChatterBot Lima reevaluating
2024-10-14 20:10:58.254743 Charlie: We should add Juliett
2024-10-14 20:10:58.262112 Tango: No
2024-10-14 20:10:58.262268 Delta: No
ChatterBot Charlie reevaluating
ChatterBot Charlie reevaluating
2024-10-14 20:10:58.277006 Delta: Tango, sending you 7
2024-10-14 20:10:58.278099 Yankee: Kilo we want you to join our group
2024-10-14 20:10:58.283096 Kilo: Yes
ChatterBot Lima reevaluating
2024-10-14 20:10:58.301129 Juliett: We should drop Papa
ChatterBot Alpha reevaluating
ChatterBot Lima reevaluating
2024-10-14 20:10:58.317474 Alpha: No
2024-10-14 20:10:58.317610 Kilo: No
2024-10-14 20:10:58.318082 Oscar: No
2024-10-14 20:10:58.318191 Yankee: No
2024-10-14 20:10:58.318279 Lima: No
ChatterBot Oscar reevaluating
ChatterBot Lima reevaluating
ChatterBot Alpha reevaluating
ChatterBot Oscar reevaluating
ChatterBot Lima reevaluating
ChatterBot Alpha reevaluating
ChatterBot Lima reevaluating
ChatterBot Alpha reevaluating
ChatterBot Oscar reevaluating
ChatterBot Lima reevaluating
ChatterBot Alpha reevaluating
ChatterBot Oscar reevaluating
2024-10-14 20:10:58.404067 Delta: Charlie, sending you 6
2024-10-14 20:10:58.404492 Kilo: Papa, Alpha and Juliett, sending you 1
2024-10-14 20:10:58.405698 Tango: I was attacked by Alpha
ChatterBot Charlie reevaluating
ChatterBot Delta reevaluating
2024-10-14 20:10:58.413018 Tango: I'm keeping this round to protect myself
2024-10-14 20:10:58.413504 Tango: Ow
2024-10-14 20:10:58.413781 Charlie: We should add Oscar
ChatterBot Delta reevaluating
2024-10-14 20:10:58.421064 Tango: No
2024-10-14 20:10:58.421169 Delta: No
ChatterBot Charlie reevaluating
ChatterBot Delta reevaluating
ChatterBot Charlie reevaluating
2024-10-14 20:10:58.435228 Kilo: Oscar, sending you 3
2024-10-14 20:10:58.436689 Lima: We should drop Alpha
ChatterBot Juliett reevaluating
2024-10-14 20:10:58.451765 Papa: Yes
2024-10-14 20:10:58.451930 Kilo: No
2024-10-14 20:10:58.452019 Juliett: Yes
2024-10-14 20:10:58.452136 Oscar: No
2024-10-14 20:10:58.452240 Yankee: Yes
ChatterBot Juliett reevaluating
ChatterBot Oscar reevaluating
ChatterBot Lima reevaluating
ChatterBot Juliett reevaluating
ChatterBot Oscar reevaluating
ChatterBot Lima reevaluating
ChatterBot Kilo reevaluating
ChatterBot Oscar reevaluating
ChatterBot Lima reevaluating
ChatterBot Papa reevaluating
ChatterBot Kilo reevaluating
ChatterBot Juliett reevaluating
ChatterBot Lima reevaluating
ChatterBot Papa reevaluating
ChatterBot Kilo reevaluating
ChatterBot Juliett reevaluating
ChatterBot Oscar reevaluating
ChatterBot Lima reevaluating
chatterbot Kilo submitting transactions
2024-10-14 20:10:58.548713 Yankee: Papa, sending you 4
2024-10-14 20:10:58.554842 Oscar: Charlie we want you to join our group
ChatterBot Charlie reevaluating
2024-10-14 20:10:58.560929 Charlie: No
ChatterBot Oscar reevaluating
ChatterBot Papa reevaluating
ChatterBot Alpha reevaluating
ChatterBot Kilo reevaluating
ChatterBot Lima reevaluating
2024-10-14 20:10:58.591887 Charlie: We should add Lima
2024-10-14 20:10:58.598562 Tango: No
2024-10-14 20:10:58.598757 Delta: No
ChatterBot Charlie reevaluating
ChatterBot Charlie reevaluating
2024-10-14 20:10:58.612383 Yankee: Juliett, sending you 1
chatterbot Delta submitting transactions
2024-10-14 20:10:58.613459 Charlie: We should add Kilo
2024-10-14 20:10:58.619448 Tango: No
2024-10-14 20:10:58.619916 Delta: No
ChatterBot Charlie reevaluating
ChatterBot Charlie reevaluating
2024-10-14 20:10:58.632098 Yankee: Oscar, sending you 3
2024-10-14 20:10:58.632724 Kilo: Sorry, I'm actually sending you 0
2024-10-14 20:10:58.634668 Yankee: Lima, sending you 2
2024-10-14 20:10:58.635694 Oscar: Papa, sending you 4
2024-10-14 20:10:58.636819 Juliett: Papa and Lima, sending you 3
2024-10-14 20:10:58.639666 Juliett: Kilo, sending you 2
2024-10-14 20:10:58.640706 Kilo: Oscar, sending you 4
2024-10-14 20:10:58.641754 Charlie: Juliett we want you to join our group
2024-10-14 20:10:58.645130 Juliett: No
ChatterBot Charlie reevaluating
2024-10-14 20:10:58.654066 Oscar: Alpha and Lima, sending you 2
2024-10-14 20:10:58.654798 Juliett: Oscar, sending you 4
2024-10-14 20:10:58.657752 Charlie: Papa we want you to join our group
ChatterBot Papa reevaluating
2024-10-14 20:10:58.661793 Papa: No
ChatterBot Charlie reevaluating
2024-10-14 20:10:58.673538 Juliett: Yankee, sending you 1
2024-10-14 20:10:58.674632 Oscar: Kilo, Juliett and Yankee, sending you 3
2024-10-14 20:10:58.675643 Lima: Papa and Yankee, sending you 2
2024-10-14 20:10:58.679747 Charlie: Kilo we want you to join our group
2024-10-14 20:10:58.683421 Kilo: No
ChatterBot Charlie reevaluating
2024-10-14 20:10:58.692465 Lima: Kilo, Juliett and Oscar, sending you 3
chatterbot Yankee submitting transactions
chatterbot Tango submitting transactions
chatterbot Alpha submitting transactions
chatterbot Lima submitting transactions
chatterbot Juliett submitting transactions
chatterbot Oscar submitting transactions
chatterbot Charlie submitting transactions
chatterbot Kilo submitting transactions
chatterbot Delta submitting transactions
chatterbot Papa submitting transactions
ChatterBot Papa round 10
ChatterBot Delta round 10
ChatterBot Alpha round 10
ChatterBot Kilo round 10
ChatterBot Juliett round 10
