ChatterBot November round 1
ChatterBot Whiskey round 1
ChatterBot Alpha round 1
ChatterBot Hotel round 1
ChatterBot Uniform round 1
ChatterBot Echo round 1
ChatterBot Kilo round 1
randomSelections Echo: {Echo, Delta, Quebec, November, Kilo, Juliett} 
2024-10-14 20:10:44.951098 Echo: Friends?
ChatterBot November reevaluating
ChatterBot Kilo reevaluating
2024-10-14 20:10:45.006286 November: Yes
2024-10-14 20:10:45.006575 Kilo: Yes
ChatterBot Kilo reevaluating
ChatterBot November reevaluating
randomSelections Alpha: {Alpha, Uniform, November, Echo, Juliett} 
2024-10-14 20:10:45.073281 Alpha: Friends?
ChatterBot Uniform reevaluating
ChatterBot November reevaluating
2024-10-14 20:10:45.082342 Uniform: Yes
2024-10-14 20:10:45.082567 November: No
2024-10-14 20:10:45.082862 Echo: No
ChatterBot November reevaluating
ChatterBot Uniform reevaluating
ChatterBot Uniform reevaluating
ChatterBot November reevaluating
randomSelections Whiskey: {Whiskey, Hotel, Alpha} 
2024-10-14 20:10:45.105536 Whiskey: We should group up
ChatterBot Hotel reevaluating
2024-10-14 20:10:45.109166 Hotel: Yes
2024-10-14 20:10:45.109373 Alpha: No
ChatterBot Hotel reevaluating
ChatterBot Juliett round 1
ChatterBot Juliett reevaluating
ChatterBot Juliett reevaluating
ChatterBot Juliett reevaluating
ChatterBot Juliett reevaluating
ChatterBot Juliett reevaluating
ChatterBot Juliett reevaluating
ChatterBot Juliett reevaluating
2024-10-14 20:10:45.131188 Juliett: Yes
2024-10-14 20:10:45.131392 Juliett: No
ChatterBot November reevaluating
ChatterBot Kilo reevaluating
ChatterBot Uniform reevaluating
ChatterBot November reevaluating
ChatterBot Delta round 1
ChatterBot Delta reevaluating
ChatterBot Delta reevaluating
ChatterBot Delta reevaluating
ChatterBot Delta reevaluating
2024-10-14 20:10:45.149058 Delta: Yes
ChatterBot November reevaluating
ChatterBot Kilo reevaluating
ChatterBot Juliett reevaluating
ChatterBot Quebec round 1
ChatterBot Quebec reevaluating
ChatterBot Quebec reevaluating
ChatterBot Quebec reevaluating
ChatterBot Quebec reevaluating
ChatterBot Quebec reevaluating
2024-10-14 20:10:45.164177 Quebec: Yes
ChatterBot Delta reevaluating
ChatterBot November reevaluating
ChatterBot Kilo reevaluating
ChatterBot Juliett reevaluating
2024-10-14 20:10:45.190324 Alpha: November, sending you 6
2024-10-14 20:10:45.191148 Echo: November and Juliett, sending you 1
2024-10-14 20:10:45.192666 Whiskey: Alpha, sending you 4
2024-10-14 20:10:45.193948 November: Echo, sending you 4
2024-10-14 20:10:45.195698 Hotel: Whiskey, sending you 6
2024-10-14 20:10:45.196167 Uniform: November, sending you 4
2024-10-14 20:10:45.196553 Alpha: Uniform, sending you 1
2024-10-14 20:10:45.197660 Echo: Kilo and Quebec, sending you 3
2024-10-14 20:10:45.198175 Kilo: November and Echo, sending you 4
2024-10-14 20:10:45.199242 Whiskey: Hotel, sending you 3
2024-10-14 20:10:45.199728 November: Kilo, sending you 3
2024-10-14 20:10:45.200177 Hotel: Alpha, sending you 4
2024-10-14 20:10:45.201260 Uniform: Alpha, sending you 2
2024-10-14 20:10:45.201765 Alpha: Echo and Juliett, sending you 3
2024-10-14 20:10:45.202953 Echo: Delta, sending you 4
2024-10-14 20:10:45.204126 Delta: November, sending you 2
2024-10-14 20:10:45.204606 Kilo: Delta, sending you 1
2024-10-14 20:10:45.205416 Quebec: November, sending you 2
2024-10-14 20:10:45.205869 November: Delta and Quebec, sending you 1
2024-10-14 20:10:45.206877 Uniform: Echo and Juliett, sending you 3
2024-10-14 20:10:45.207786 Kilo: Quebec, sending you 2
2024-10-14 20:10:45.208969 Delta: Echo, Juliett and Quebec, sending you 3
2024-10-14 20:10:45.210604 Juliett: Echo, sending you 5
2024-10-14 20:10:45.211207 Quebec: Echo, sending you 3
2024-10-14 20:10:45.212836 Delta: Kilo, sending you 1
2024-10-14 20:10:45.218138 Juliett: Delta and Quebec, sending you 2
2024-10-14 20:10:45.219360 Quebec: Kilo and Delta, sending you 1
2024-10-14 20:10:45.224873 Quebec: Juliett, sending you 5
chatterbot Hotel submitting transactions
chatterbot Juliett submitting transactions
chatterbot November submitting transactions
chatterbot Whiskey submitting transactions
chatterbot Alpha submitting transactions
chatterbot Uniform submitting transactions
chatterbot Delta submitting transactions
chatterbot Echo submitting transactions
chatterbot Kilo submitting transactions
chatterbot Quebec submitting transactions
ChatterBot November round 2
ChatterBot Whiskey round 2
ChatterBot Alpha round 2
ChatterBot Hotel round 2
ChatterBot Uniform round 2
2024-10-14 20:10:46.325161 Uniform: Friends?
ChatterBot Whiskey reevaluating
ChatterBot Alpha reevaluating
2024-10-14 20:10:46.336901 Whiskey: No
2024-10-14 20:10:46.337228 Alpha: Yes
ChatterBot Uniform reevaluating
ChatterBot Alpha reevaluating
ChatterBot Uniform reevaluating
ChatterBot Whiskey reevaluating
2024-10-14 20:10:46.359871 Alpha: Friends?
ChatterBot Whiskey reevaluating
ChatterBot Hotel reevaluating
ChatterBot Uniform reevaluating
2024-10-14 20:10:46.374082 Whiskey: No
2024-10-14 20:10:46.374266 Hotel: Yes
2024-10-14 20:10:46.374426 Uniform: Yes
ChatterBot Alpha reevaluating
ChatterBot Hotel reevaluating
ChatterBot Uniform reevaluating
ChatterBot Alpha reevaluating
ChatterBot Whiskey reevaluating
ChatterBot Uniform reevaluating
ChatterBot Alpha reevaluating
ChatterBot Whiskey reevaluating
ChatterBot Hotel reevaluating
2024-10-14 20:10:46.402144 Hotel: We should add Uniform
ChatterBot Whiskey reevaluating
ChatterBot Alpha reevaluating
2024-10-14 20:10:46.407676 Whiskey: Yes
2024-10-14 20:10:46.407788 Alpha: Yes
ChatterBot Hotel reevaluating
ChatterBot Alpha reevaluating
ChatterBot Whiskey reevaluating
ChatterBot Hotel reevaluating
ChatterBot Echo round 2
ChatterBot Kilo round 2
ChatterBot Juliett round 2
2024-10-14 20:10:46.424939 November: Friends?
ChatterBot Whiskey reevaluating
ChatterBot Alpha reevaluating
ChatterBot Hotel reevaluating
ChatterBot Uniform reevaluating
2024-10-14 20:10:46.435960 Whiskey: No
2024-10-14 20:10:46.436088 Alpha: No
2024-10-14 20:10:46.436180 Hotel: Yes
2024-10-14 20:10:46.436270 Uniform: No
ChatterBot November reevaluating
ChatterBot Alpha reevaluating
ChatterBot Hotel reevaluating
ChatterBot Uniform reevaluating
ChatterBot November reevaluating
ChatterBot Whiskey reevaluating
ChatterBot Hotel reevaluating
ChatterBot Uniform reevaluating
ChatterBot November reevaluating
ChatterBot Whiskey reevaluating
ChatterBot Alpha reevaluating
ChatterBot Uniform reevaluating
ChatterBot November reevaluating
ChatterBot Whiskey reevaluating
ChatterBot Alpha reevaluating
ChatterBot Hotel reevaluating
2024-10-14 20:10:46.496713 Hotel: We should add Uniform and November
ChatterBot Whiskey reevaluating
ChatterBot Alpha reevaluating
2024-10-14 20:10:46.508218 Whiskey: No
2024-10-14 20:10:46.508391 Alpha: No
ChatterBot Hotel reevaluating
ChatterBot Alpha reevaluating
ChatterBot Whiskey reevaluating
ChatterBot Hotel reevaluating
ChatterBot Delta round 2
ChatterBot Quebec round 2
2024-10-14 20:10:46.545677 Whiskey: We should replace Alpha with Uniform
ChatterBot Hotel reevaluating
2024-10-14 20:10:46.552478 Hotel: No
ChatterBot Whiskey reevaluating
2024-10-14 20:10:46.574390 Juliett: We should add Uniform
ChatterBot Echo reevaluating
ChatterBot Delta reevaluating
ChatterBot Quebec reevaluating
ChatterBot November reevaluating
2024-10-14 20:10:46.604295 Echo: Yes
2024-10-14 20:10:46.604544 Delta: No
2024-10-14 20:10:46.605076 Quebec: Yes
2024-10-14 20:10:46.605248 November: Yes
2024-10-14 20:10:46.605409 Kilo: No
ChatterBot Delta reevaluating
ChatterBot Quebec reevaluating
ChatterBot November reevaluating
ChatterBot Echo reevaluating
ChatterBot Quebec reevaluating
ChatterBot November reevaluating
ChatterBot Echo reevaluating
ChatterBot Delta reevaluating
ChatterBot November reevaluating
ChatterBot Kilo reevaluating
ChatterBot Echo reevaluating
ChatterBot Delta reevaluating
ChatterBot Quebec reevaluating
ChatterBot Kilo reevaluating
ChatterBot Echo reevaluating
ChatterBot Delta reevaluating
ChatterBot Quebec reevaluating
ChatterBot November reevaluating
2024-10-14 20:10:46.735655 Whiskey: Uniform we want you to join our group
ChatterBot Uniform reevaluating
2024-10-14 20:10:46.742686 Uniform: No
ChatterBot Whiskey reevaluating
2024-10-14 20:10:46.755753 Hotel: Uniform we want you to join our group
ChatterBot Uniform reevaluating
2024-10-14 20:10:46.762877 Uniform: Yes
ChatterBot Whiskey reevaluating
ChatterBot Hotel reevaluating
2024-10-14 20:10:46.773782 Juliett: Uniform we want you to join our group
ChatterBot Uniform reevaluating
2024-10-14 20:10:46.778166 Uniform: No
ChatterBot November reevaluating
ChatterBot Echo reevaluating
ChatterBot Kilo reevaluating
ChatterBot Delta reevaluating
ChatterBot Quebec reevaluating
2024-10-14 20:10:46.801496 Hotel: Uniform and November we want you to join our group
ChatterBot November reevaluating
ChatterBot Uniform reevaluating
2024-10-14 20:10:46.810624 November: No
2024-10-14 20:10:46.810889 Uniform: No
ChatterBot Hotel reevaluating
ChatterBot Uniform reevaluating
ChatterBot November reevaluating
ChatterBot Hotel reevaluating
2024-10-14 20:10:46.859223 Alpha: Whiskey, sending you 5
2024-10-14 20:10:46.859647 Echo: Uniform we want you to join our group
ChatterBot Uniform reevaluating
2024-10-14 20:10:46.866010 Uniform: No
ChatterBot November reevaluating
ChatterBot Echo reevaluating
ChatterBot Kilo reevaluating
2024-10-14 20:10:46.901473 November: We should add Alpha
ChatterBot Echo reevaluating
ChatterBot Kilo reevaluating
2024-10-14 20:10:46.929418 Echo: No
2024-10-14 20:10:46.929609 Delta: No
2024-10-14 20:10:46.929802 Quebec: No
2024-10-14 20:10:46.929960 Kilo: No
2024-10-14 20:10:46.930113 Juliett: No
ChatterBot November reevaluating
ChatterBot Kilo reevaluating
ChatterBot Echo reevaluating
ChatterBot Quebec reevaluating
ChatterBot November reevaluating
ChatterBot Kilo reevaluating
ChatterBot Echo reevaluating
ChatterBot November reevaluating
ChatterBot Kilo reevaluating
ChatterBot Echo reevaluating
ChatterBot Quebec reevaluating
ChatterBot November reevaluating
ChatterBot Echo reevaluating
ChatterBot Quebec reevaluating
ChatterBot November reevaluating
ChatterBot Kilo reevaluating
2024-10-14 20:10:47.177920 Alpha: Hotel and Uniform, sending you 4
chatterbot Alpha submitting transactions
2024-10-14 20:10:47.543455 Juliett: November, Uniform, Echo, Delta and Quebec, sending you 2
2024-10-14 20:10:47.544396 November: Uniform we want you to join our group
ChatterBot Uniform reevaluating
2024-10-14 20:10:47.548171 Uniform: No
ChatterBot November reevaluating
ChatterBot Quebec reevaluating
chatterbot Uniform submitting transactions
2024-10-14 20:10:47.569645 Delta: November and Kilo, sending you 2
2024-10-14 20:10:47.742889 Hotel: Whiskey, sending you 6
2024-10-14 20:10:47.743162 Delta: Echo, sending you 4
2024-10-14 20:10:47.743538 Whiskey: Hotel, sending you 6
2024-10-14 20:10:47.744145 Kilo: November, sending you 5
2024-10-14 20:10:47.744423 Quebec: Uniform we want you to join our group
ChatterBot Uniform reevaluating
2024-10-14 20:10:47.748454 Uniform: No
ChatterBot November reevaluating
ChatterBot Quebec reevaluating
chatterbot Delta submitting transactions
2024-10-14 20:10:47.770464 Hotel: Uniform, sending you 4
2024-10-14 20:10:47.770740 Delta: Juliett, sending you 3
2024-10-14 20:10:47.771078 Kilo: Echo, sending you 4
2024-10-14 20:10:47.771806 Whiskey: Uniform, sending you 1
2024-10-14 20:10:47.844660 Echo: November, Uniform, Kilo, Juliett, Delta and Quebec, sending you 2
2024-10-14 20:10:47.845768 Kilo: Delta and Quebec, sending you 1
2024-10-14 20:10:47.846159 Delta: Quebec, sending you 1
chatterbot Juliett submitting transactions
chatterbot Hotel submitting transactions
2024-10-14 20:10:47.888552 Uniform: Whiskey, sending you 1
2024-10-14 20:10:47.895174 Quebec: November, sending you 1
2024-10-14 20:10:47.895637 Uniform: Alpha, sending you 11
2024-10-14 20:10:47.899901 Quebec: Echo, sending you 4
2024-10-14 20:10:47.900397 November: Uniform, sending you 2
2024-10-14 20:10:47.919309 Quebec: Kilo and Juliett, sending you 2
2024-10-14 20:10:47.919776 November: Echo, Juliett, Delta and Quebec, sending you 1
2024-10-14 20:10:47.928203 Quebec: Delta, sending you 3
2024-10-14 20:10:47.928724 November: Kilo, sending you 3
chatterbot Echo submitting transactions
chatterbot Kilo submitting transactions
chatterbot Whiskey submitting transactions
chatterbot Uniform submitting transactions
chatterbot Quebec submitting transactions
chatterbot November submitting transactions
ChatterBot November round 3
ChatterBot Whiskey round 3
ChatterBot Alpha round 3
ChatterBot Hotel round 3
ChatterBot Uniform round 3
ChatterBot Echo round 3
ChatterBot Kilo round 3
ChatterBot Juliett round 3
ChatterBot Delta round 3
ChatterBot Quebec round 3
2024-10-14 20:10:49.057267 Uniform: We should add November
ChatterBot Alpha reevaluating
ChatterBot Whiskey reevaluating
ChatterBot Hotel reevaluating
2024-10-14 20:10:49.071037 Alpha: No
2024-10-14 20:10:49.071289 Whiskey: No
2024-10-14 20:10:49.071483 Hotel: No
ChatterBot Whiskey reevaluating
ChatterBot Hotel reevaluating
ChatterBot Alpha reevaluating
ChatterBot Hotel reevaluating
ChatterBot Alpha reevaluating
ChatterBot Whiskey reevaluating
2024-10-14 20:10:49.122043 Hotel: We should add Alpha
ChatterBot Whiskey reevaluating
ChatterBot Uniform reevaluating
2024-10-14 20:10:49.131842 Whiskey: Yes
2024-10-14 20:10:49.131990 Uniform: Yes
ChatterBot Hotel reevaluating
ChatterBot Uniform reevaluating
ChatterBot Whiskey reevaluating
ChatterBot Hotel reevaluating
2024-10-14 20:10:49.186108 Uniform: We should add Juliett
ChatterBot Alpha reevaluating
ChatterBot Whiskey reevaluating
ChatterBot Hotel reevaluating
2024-10-14 20:10:49.199909 Alpha: No
2024-10-14 20:10:49.200065 Whiskey: No
2024-10-14 20:10:49.200203 Hotel: No
ChatterBot Whiskey reevaluating
ChatterBot Hotel reevaluating
ChatterBot Uniform reevaluating
ChatterBot Alpha reevaluating
ChatterBot Hotel reevaluating
ChatterBot Uniform reevaluating
ChatterBot Alpha reevaluating
ChatterBot Whiskey reevaluating
ChatterBot Uniform reevaluating
2024-10-14 20:10:49.243723 November: We should drop Uniform
ChatterBot Echo reevaluating
ChatterBot Quebec reevaluating
2024-10-14 20:10:49.264264 Echo: Yes
2024-10-14 20:10:49.264450 Delta: Yes
2024-10-14 20:10:49.264606 Quebec: Yes
2024-10-14 20:10:49.264760 Kilo: Yes
2024-10-14 20:10:49.264929 Juliett: No
ChatterBot Quebec reevaluating
ChatterBot Juliett reevaluating
ChatterBot Echo reevaluating
ChatterBot Quebec reevaluating
ChatterBot Juliett reevaluating
ChatterBot Echo reevaluating
ChatterBot November reevaluating
ChatterBot Juliett reevaluating
ChatterBot Echo reevaluating
ChatterBot Quebec reevaluating
ChatterBot November reevaluating
ChatterBot Juliett reevaluating
ChatterBot Echo reevaluating
ChatterBot Quebec reevaluating
ChatterBot November reevaluating
2024-10-14 20:10:49.365770 Hotel: Alpha we want you to join our group
2024-10-14 20:10:49.370111 Alpha: Yes
2024-10-14 20:10:49.387427 Delta: November, sending you 2
2024-10-14 20:10:49.387996 Kilo: November, sending you 4
2024-10-14 20:10:49.389093 Uniform: Whiskey, sending you 1
2024-10-14 20:10:49.395253 Whiskey: Alpha, sending you 2
2024-10-14 20:10:49.395564 Alpha: Whiskey and Hotel, sending you 4
2024-10-14 20:10:49.395844 Delta: Echo, Juliett and Quebec, sending you 3
2024-10-14 20:10:49.396191 Kilo: Echo, sending you 3
2024-10-14 20:10:49.397142 Uniform: Alpha, sending you 6
2024-10-14 20:10:49.403074 Whiskey: Hotel, sending you 4
2024-10-14 20:10:49.404026 Alpha: Uniform, sending you 5
2024-10-14 20:10:49.404395 Kilo: Delta and Quebec, sending you 2
2024-10-14 20:10:49.405353 Delta: Kilo, sending you 1
2024-10-14 20:10:49.405891 Uniform: Hotel, sending you 5
2024-10-14 20:10:49.406268 Hotel: Whiskey, sending you 5
2024-10-14 20:10:49.406657 Echo: November, Juliett, Delta and Quebec, sending you 2
2024-10-14 20:10:49.407759 Juliett: Sending you each 2
2024-10-14 20:10:49.408379 Whiskey: Uniform, sending you 1
2024-10-14 20:10:49.413114 Hotel: Alpha, sending you 3
2024-10-14 20:10:49.414016 Echo: Kilo, sending you 4
2024-10-14 20:10:49.414472 Quebec: November, Kilo and Delta, sending you 2
2024-10-14 20:10:49.422173 Hotel: Uniform, sending you 2
2024-10-14 20:10:49.422578 Quebec: Echo and Juliett, sending you 3
chatterbot Kilo submitting transactions
chatterbot Hotel submitting transactions
chatterbot Uniform submitting transactions
chatterbot Juliett submitting transactions
chatterbot Quebec submitting transactions
chatterbot November submitting transactions
chatterbot Alpha submitting transactions
chatterbot Delta submitting transactions
chatterbot Whiskey submitting transactions
chatterbot Echo submitting transactions
ChatterBot November round 4
ChatterBot Whiskey round 4
ChatterBot Alpha round 4
ChatterBot Hotel round 4
ChatterBot Uniform round 4
ChatterBot Echo round 4
ChatterBot Kilo round 4
ChatterBot Juliett round 4
ChatterBot Delta round 4
ChatterBot Quebec round 4
2024-10-14 20:10:50.868876 Uniform: We should add Juliett
2024-10-14 20:10:50.882662 Alpha: No
2024-10-14 20:10:50.883436 Whiskey: No
2024-10-14 20:10:50.883630 Hotel: No
ChatterBot Uniform reevaluating
ChatterBot Uniform reevaluating
ChatterBot Uniform reevaluating
2024-10-14 20:10:50.935103 November: We should drop Uniform
2024-10-14 20:10:50.955407 Echo: Yes
2024-10-14 20:10:50.955578 Delta: Yes
2024-10-14 20:10:50.955714 Quebec: Yes
2024-10-14 20:10:50.955845 Kilo: Yes
2024-10-14 20:10:50.955965 Juliett: Yes
ChatterBot November reevaluating
ChatterBot November reevaluating
ChatterBot Kilo reevaluating
ChatterBot November reevaluating
ChatterBot Kilo reevaluating
ChatterBot November reevaluating
ChatterBot November reevaluating
ChatterBot Kilo reevaluating
2024-10-14 20:10:51.236109 Hotel: Whiskey, sending you 4
2024-10-14 20:10:51.237454 Uniform: Juliett we want you to join our group
2024-10-14 20:10:51.244187 Juliett: No
ChatterBot Uniform reevaluating
2024-10-14 20:10:51.275190 Hotel: Alpha and Uniform, sending you 3
2024-10-14 20:10:51.280118 Alpha: Whiskey and Hotel, sending you 4
2024-10-14 20:10:51.286806 Kilo: November, sending you 3
2024-10-14 20:10:51.293997 Whiskey: Alpha, sending you 2
2024-10-14 20:10:51.297364 Echo: November, Juliett, Delta and Quebec, sending you 2
2024-10-14 20:10:51.300575 Juliett: Same as last round
2024-10-14 20:10:51.302517 Delta: November, Kilo, Juliett and Quebec, sending you 2
2024-10-14 20:10:51.304609 Alpha: Uniform, sending you 5
2024-10-14 20:10:51.306292 Kilo: Echo, sending you 4
2024-10-14 20:10:51.308124 Whiskey: Hotel, sending you 4
2024-10-14 20:10:51.309787 Echo: Kilo, sending you 4
2024-10-14 20:10:51.311104 November: Echo, Kilo, Delta and Quebec, sending you 2
2024-10-14 20:10:51.312979 Quebec: November, Kilo and Juliett, sending you 2
2024-10-14 20:10:51.314705 Delta: Echo, sending you 4
2024-10-14 20:10:51.315514 Kilo: Juliett and Delta, sending you 1
2024-10-14 20:10:51.316956 Uniform: Whiskey, sending you 2
2024-10-14 20:10:51.317413 Whiskey: Uniform, sending you 1
2024-10-14 20:10:51.318481 November: Juliett, sending you 1
2024-10-14 20:10:51.319635 Quebec: Echo and Delta, sending you 3
2024-10-14 20:10:51.380846 Kilo: Quebec, sending you 2
2024-10-14 20:10:51.381401 Uniform: Alpha, sending you 6
2024-10-14 20:10:51.408810 Uniform: Hotel, sending you 4
chatterbot November submitting transactions
chatterbot Uniform submitting transactions
chatterbot Uniform submitting transactions
chatterbot Kilo submitting transactions
chatterbot Alpha submitting transactions
chatterbot Juliett submitting transactions
chatterbot Echo submitting transactions
chatterbot Delta submitting transactions
chatterbot Quebec submitting transactions
chatterbot Hotel submitting transactions
chatterbot Whiskey submitting transactions
ChatterBot November round 5
ChatterBot Whiskey round 5
ChatterBot Alpha round 5
ChatterBot Hotel round 5
ChatterBot Uniform round 5
ChatterBot Echo round 5
ChatterBot Kilo round 5
ChatterBot Juliett round 5
ChatterBot Delta round 5
ChatterBot Quebec round 5
2024-10-14 20:10:52.233717 Alpha: Whiskey and Hotel, sending you 4
2024-10-14 20:10:52.236695 Alpha: Uniform, sending you 5
2024-10-14 20:10:52.239670 Uniform: Whiskey, sending you 2
2024-10-14 20:10:52.240679 Echo: November, Juliett and Quebec, sending you 2
2024-10-14 20:10:52.242675 Whiskey: Alpha, sending you 2
2024-10-14 20:10:52.243462 Uniform: Alpha, sending you 6
2024-10-14 20:10:52.244672 Echo: Kilo and Delta, sending you 3
2024-10-14 20:10:52.245888 Delta: November, Kilo and Juliett, sending you 2
2024-10-14 20:10:52.246433 Whiskey: Hotel, sending you 4
2024-10-14 20:10:52.246796 Juliett: Same as last round
2024-10-14 20:10:52.248654 Uniform: Hotel, sending you 4
2024-10-14 20:10:52.249337 November: Echo, Kilo, Delta and Quebec, sending you 2
2024-10-14 20:10:52.250706 Delta: Echo and Quebec, sending you 3
2024-10-14 20:10:52.251792 Whiskey: Uniform, sending you 1
2024-10-14 20:10:52.252293 Hotel: Whiskey, sending you 4
2024-10-14 20:10:52.252744 Kilo: November, sending you 3
2024-10-14 20:10:52.253833 Quebec: November, Kilo, Juliett and Delta, sending you 2
2024-10-14 20:10:52.254680 November: Juliett, sending you 1
2024-10-14 20:10:52.256701 Hotel: Alpha and Uniform, sending you 3
2024-10-14 20:10:52.257849 Kilo: Echo, sending you 4
2024-10-14 20:10:52.258511 Quebec: Echo, sending you 4
2024-10-14 20:10:52.260697 Kilo: Juliett and Delta, sending you 1
2024-10-14 20:10:52.265698 Kilo: Quebec, sending you 2
chatterbot Juliett submitting transactions
chatterbot November submitting transactions
chatterbot Echo submitting transactions
chatterbot Kilo submitting transactions
chatterbot Hotel submitting transactions
chatterbot Uniform submitting transactions
chatterbot Alpha submitting transactions
chatterbot Quebec submitting transactions
chatterbot Whiskey submitting transactions
chatterbot Delta submitting transactions
ChatterBot November round 6
ChatterBot Whiskey round 6
ChatterBot Alpha round 6
ChatterBot Hotel round 6
ChatterBot Uniform round 6
ChatterBot Echo round 6
ChatterBot Kilo round 6
ChatterBot Juliett round 6
ChatterBot Delta round 6
ChatterBot Quebec round 6
2024-10-14 20:10:53.515668 Whiskey: Alpha, sending you 2
2024-10-14 20:10:53.518674 November: Echo, Kilo, Juliett and Delta, sending you 2
2024-10-14 20:10:53.519783 Whiskey: Hotel, sending you 4
2024-10-14 20:10:53.521657 November: Quebec, sending you 1
2024-10-14 20:10:53.522664 Whiskey: Uniform, sending you 1
2024-10-14 20:10:53.524735 Alpha: Whiskey and Hotel, sending you 4
2024-10-14 20:10:53.529569 Echo: November, Juliett and Delta, sending you 2
2024-10-14 20:10:53.530675 Uniform: Whiskey, sending you 2
2024-10-14 20:10:53.531206 Juliett: Same as last round
2024-10-14 20:10:53.533261 Alpha: Uniform, sending you 5
2024-10-14 20:10:53.533874 Quebec: November, Kilo and Juliett, sending you 2
2024-10-14 20:10:53.536126 Echo: Kilo and Quebec, sending you 3
2024-10-14 20:10:53.536661 Hotel: Whiskey, sending you 4
2024-10-14 20:10:53.540900 Uniform: Alpha, sending you 6
2024-10-14 20:10:53.541445 Quebec: Echo and Delta, sending you 3
2024-10-14 20:10:53.541992 Delta: November, Kilo, Juliett and Quebec, sending you 2
2024-10-14 20:10:53.544756 Uniform: Hotel, sending you 4
2024-10-14 20:10:53.545348 Kilo: November, sending you 3
2024-10-14 20:10:53.546101 Hotel: Alpha and Uniform, sending you 3
2024-10-14 20:10:53.547972 Delta: Echo, sending you 4
2024-10-14 20:10:53.548749 Kilo: Echo, sending you 4
2024-10-14 20:10:53.555701 Kilo: Delta and Quebec, sending you 2
chatterbot Echo submitting transactions
chatterbot Whiskey submitting transactions
chatterbot Juliett submitting transactions
chatterbot Alpha submitting transactions
chatterbot Kilo submitting transactions
chatterbot Hotel submitting transactions
chatterbot Delta submitting transactions
chatterbot November submitting transactions
chatterbot Uniform submitting transactions
chatterbot Quebec submitting transactions
ChatterBot November round 7
ChatterBot Whiskey round 7
ChatterBot Alpha round 7
ChatterBot Hotel round 7
ChatterBot Uniform round 7
ChatterBot Echo round 7
ChatterBot Kilo round 7
ChatterBot Juliett round 7
ChatterBot Delta round 7
ChatterBot Quebec round 7
2024-10-14 20:10:54.768365 Uniform: We should add Juliett
2024-10-14 20:10:54.783 Alpha: No
2024-10-14 20:10:54.783926 Whiskey: No
2024-10-14 20:10:54.784323 Hotel: No
ChatterBot Uniform reevaluating
ChatterBot Uniform reevaluating
ChatterBot Uniform reevaluating
2024-10-14 20:10:54.844667 November: Echo, Kilo, Delta and Quebec, sending you 2
2024-10-14 20:10:54.846689 Alpha: Whiskey and Hotel, sending you 4
2024-10-14 20:10:54.850685 November: Juliett, sending you 1
2024-10-14 20:10:54.851841 Alpha: Uniform, sending you 5
2024-10-14 20:10:54.855674 Juliett: Same as last round
2024-10-14 20:10:54.858680 Echo: November, Juliett and Quebec, sending you 2
2024-10-14 20:10:54.859528 Whiskey: Alpha and Uniform, sending you 2
2024-10-14 20:10:54.861029 Kilo: November, sending you 3
2024-10-14 20:10:54.861771 Quebec: November, Kilo, Juliett and Delta, sending you 2
2024-10-14 20:10:54.862434 Echo: Kilo and Delta, sending you 3
2024-10-14 20:10:54.863550 Hotel: Whiskey, sending you 4
2024-10-14 20:10:54.864023 Uniform: Whiskey, sending you 2
2024-10-14 20:10:54.864671 Whiskey: Hotel, sending you 3
2024-10-14 20:10:54.865702 Delta: November, Kilo and Juliett, sending you 2
2024-10-14 20:10:54.866695 Kilo: Echo, sending you 4
2024-10-14 20:10:54.867749 Quebec: Echo, sending you 4
2024-10-14 20:10:54.868662 Hotel: Alpha and Uniform, sending you 3
2024-10-14 20:10:54.869246 Uniform: Alpha, sending you 6
2024-10-14 20:10:54.870686 Delta: Echo and Quebec, sending you 3
2024-10-14 20:10:54.872680 Kilo: Delta and Quebec, sending you 2
2024-10-14 20:10:54.874677 Uniform: Hotel, sending you 4
chatterbot Delta submitting transactions
chatterbot Echo submitting transactions
chatterbot Kilo submitting transactions
chatterbot November submitting transactions
chatterbot Juliett submitting transactions
chatterbot Uniform submitting transactions
chatterbot Alpha submitting transactions
chatterbot Hotel submitting transactions
chatterbot Quebec submitting transactions
chatterbot Whiskey submitting transactions
ChatterBot November round 8
ChatterBot Whiskey round 8
ChatterBot Alpha round 8
ChatterBot Hotel round 8
ChatterBot Uniform round 8
ChatterBot Echo round 8
ChatterBot Kilo round 8
ChatterBot Juliett round 8
ChatterBot Delta round 8
ChatterBot Quebec round 8
2024-10-14 20:10:55.841839 Hotel: Whiskey, sending you 4
2024-10-14 20:10:55.843248 Alpha: Whiskey and Hotel, sending you 4
2024-10-14 20:10:55.844704 Uniform: Whiskey, sending you 2
2024-10-14 20:10:55.847331 Hotel: Alpha and Uniform, sending you 3
2024-10-14 20:10:55.848939 Alpha: Uniform, sending you 5
2024-10-14 20:10:55.851027 Uniform: Alpha, sending you 6
2024-10-14 20:10:55.852806 November: Echo, Kilo, Delta and Quebec, sending you 2
2024-10-14 20:10:55.854628 Quebec: November, Kilo and Juliett, sending you 2
2024-10-14 20:10:55.857135 Whiskey: Alpha and Hotel, sending you 3
2024-10-14 20:10:55.858779 Echo: November, Juliett and Delta, sending you 2
2024-10-14 20:10:55.859654 Juliett: Same as last round
2024-10-14 20:10:55.860407 Kilo: November, Delta and Quebec, sending you 2
2024-10-14 20:10:55.861865 November: Juliett, sending you 1
2024-10-14 20:10:55.862921 Uniform: Hotel, sending you 4
2024-10-14 20:10:55.863450 Quebec: Echo and Delta, sending you 3
2024-10-14 20:10:55.864146 Whiskey: Uniform, sending you 1
2024-10-14 20:10:55.865135 Echo: Kilo and Quebec, sending you 3
2024-10-14 20:10:55.866880 Kilo: Echo, sending you 4
2024-10-14 20:10:55.868040 Delta: November, Kilo, Juliett and Quebec, sending you 2
2024-10-14 20:10:55.871656 Delta: Echo, sending you 4
2024-10-14 20:10:55.873029 Kilo: Juliett, sending you 1
chatterbot Kilo submitting transactions
chatterbot Alpha submitting transactions
chatterbot Echo submitting transactions
chatterbot Juliett submitting transactions
chatterbot Delta submitting transactions
chatterbot Whiskey submitting transactions
chatterbot Quebec submitting transactions
chatterbot November submitting transactions
chatterbot Hotel submitting transactions
chatterbot Uniform submitting transactions
ChatterBot November round 9
ChatterBot Whiskey round 9
ChatterBot Alpha round 9
ChatterBot Hotel round 9
ChatterBot Uniform round 9
ChatterBot Echo round 9
ChatterBot Kilo round 9
ChatterBot Juliett round 9
ChatterBot Delta round 9
ChatterBot Quebec round 9
2024-10-14 20:10:56.957675 November: Echo, Kilo, Delta and Quebec, sending you 2
2024-10-14 20:10:56.958462 Echo: November, Juliett and Quebec, sending you 2
2024-10-14 20:10:56.960672 November: Juliett, sending you 1
2024-10-14 20:10:56.962667 Echo: Kilo and Delta, sending you 3
2024-10-14 20:10:56.963655 Kilo: November, Delta and Quebec, sending you 2
2024-10-14 20:10:56.964885 Delta: November, Kilo, Juliett and Quebec, sending you 2
2024-10-14 20:10:56.965769 Hotel: Whiskey, sending you 4
2024-10-14 20:10:56.969702 Kilo: Echo, sending you 4
2024-10-14 20:10:56.970850 Delta: Echo, sending you 4
2024-10-14 20:10:56.972117 Hotel: Alpha and Uniform, sending you 3
2024-10-14 20:10:56.972714 Whiskey: Alpha and Hotel, sending you 3
2024-10-14 20:10:56.973218 Quebec: November, Kilo, Juliett and Delta, sending you 2
2024-10-14 20:10:56.974463 Alpha: Whiskey and Hotel, sending you 4
2024-10-14 20:10:56.975108 Kilo: Juliett, sending you 1
2024-10-14 20:10:56.976661 Juliett: Same as last round
2024-10-14 20:10:56.977194 Uniform: Whiskey, sending you 2
2024-10-14 20:10:56.977544 Whiskey: Uniform, sending you 1
2024-10-14 20:10:56.977919 Quebec: Echo, sending you 4
2024-10-14 20:10:56.979249 Alpha: Uniform, sending you 5
2024-10-14 20:10:56.980656 Uniform: Alpha, sending you 6
2024-10-14 20:10:56.983694 Uniform: Hotel, sending you 4
chatterbot Quebec submitting transactions
chatterbot Kilo submitting transactions
chatterbot Uniform submitting transactions
chatterbot Echo submitting transactions
chatterbot November submitting transactions
chatterbot Delta submitting transactions
chatterbot Alpha submitting transactions
chatterbot Juliett submitting transactions
chatterbot Whiskey submitting transactions
chatterbot Hotel submitting transactions
ChatterBot November round 10
ChatterBot Whiskey round 10
ChatterBot Alpha round 10
ChatterBot Hotel round 10
ChatterBot Uniform round 10
ChatterBot Echo round 10
ChatterBot Kilo round 10
ChatterBot Juliett round 10
ChatterBot Delta round 10
ChatterBot Quebec round 10
2024-10-14 20:10:58.251892 November: Echo, Kilo, Delta and Quebec, sending you 2
2024-10-14 20:10:58.255659 November: Juliett, sending you 1
2024-10-14 20:10:58.257680 Alpha: Whiskey and Hotel, sending you 4
2024-10-14 20:10:58.259248 Echo: November, sending you 2
2024-10-14 20:10:58.260149 Hotel: Whiskey, sending you 4
2024-10-14 20:10:58.261686 Alpha: Uniform, sending you 5
2024-10-14 20:10:58.263151 Juliett: Same as last round
2024-10-14 20:10:58.264189 Echo: Kilo, Delta and Quebec, sending you 3
2024-10-14 20:10:58.265897 Uniform: Whiskey, sending you 2
2024-10-14 20:10:58.266556 Hotel: Alpha and Uniform, sending you 3
2024-10-14 20:10:58.267800 Kilo: November, Delta and Quebec, sending you 2
2024-10-14 20:10:58.269504 Quebec: November, Kilo, Juliett and Delta, sending you 2
2024-10-14 20:10:58.271349 Echo: Juliett, sending you 1
2024-10-14 20:10:58.272673 Uniform: Alpha, sending you 6
2024-10-14 20:10:58.274155 Kilo: Echo, sending you 4
2024-10-14 20:10:58.276102 Whiskey: Alpha and Hotel, sending you 3
2024-10-14 20:10:58.277036 Quebec: Echo, sending you 4
2024-10-14 20:10:58.278599 Uniform: Hotel, sending you 4
2024-10-14 20:10:58.279880 Delta: November, Kilo, Juliett and Quebec, sending you 2
2024-10-14 20:10:58.280917 Whiskey: Uniform, sending you 1
2024-10-14 20:10:58.282479 Kilo: Juliett, sending you 1
2024-10-14 20:10:58.285734 Delta: Echo, sending you 4
chatterbot Kilo submitting transactions
chatterbot Quebec submitting transactions
chatterbot Alpha submitting transactions
chatterbot Hotel submitting transactions
chatterbot Juliett submitting transactions
chatterbot Echo submitting transactions
chatterbot Uniform submitting transactions
chatterbot Whiskey submitting transactions
chatterbot November submitting transactions
chatterbot Delta submitting transactions
ChatterBot November round 11
ChatterBot Whiskey round 11
ChatterBot Alpha round 11
ChatterBot Hotel round 11
ChatterBot Uniform round 11
ChatterBot Echo round 11
ChatterBot Kilo round 11
ChatterBot Juliett round 11
ChatterBot Delta round 11
ChatterBot Quebec round 11
2024-10-14 20:10:59.505218 Uniform: Whiskey, sending you 2
2024-10-14 20:10:59.506070 Hotel: Whiskey, sending you 4
2024-10-14 20:10:59.507595 Whiskey: Alpha and Hotel, sending you 3
2024-10-14 20:10:59.509699 Alpha: Whiskey and Hotel, sending you 4
2024-10-14 20:10:59.510655 Uniform: Alpha, sending you 6
2024-10-14 20:10:59.511710 Hotel: Alpha and Uniform, sending you 3
2024-10-14 20:10:59.512665 Whiskey: Uniform, sending you 1
2024-10-14 20:10:59.513877 November: Echo, Kilo, Delta and Quebec, sending you 2
2024-10-14 20:10:59.515079 Kilo: November, Delta and Quebec, sending you 2
2024-10-14 20:10:59.516882 Alpha: Uniform, sending you 5
2024-10-14 20:10:59.518393 Uniform: Hotel, sending you 4
2024-10-14 20:10:59.519133 November: Juliett, sending you 1
2024-10-14 20:10:59.521090 Juliett: Same as last round
2024-10-14 20:10:59.522113 Kilo: Echo, sending you 4
2024-10-14 20:10:59.523969 Quebec: November, Kilo, Juliett and Delta, sending you 2
2024-10-14 20:10:59.527121 Echo: November, sending you 2
2024-10-14 20:10:59.528634 Delta: November, Kilo, Juliett and Quebec, sending you 2
2024-10-14 20:10:59.530629 Kilo: Juliett, sending you 1
2024-10-14 20:10:59.532493 Quebec: Echo, sending you 4
2024-10-14 20:10:59.533897 Echo: Kilo, Delta and Quebec, sending you 3
2024-10-14 20:10:59.534636 Delta: Echo, sending you 4
2024-10-14 20:10:59.538673 Echo: Juliett, sending you 1
chatterbot Alpha submitting transactions
chatterbot Whiskey submitting transactions
chatterbot November submitting transactions
chatterbot Kilo submitting transactions
chatterbot Uniform submitting transactions
chatterbot Juliett submitting transactions
chatterbot Hotel submitting transactions
chatterbot Echo submitting transactions
chatterbot Quebec submitting transactions
chatterbot Delta submitting transactions
ChatterBot November round 12
ChatterBot Whiskey round 12
ChatterBot Alpha round 12
ChatterBot Hotel round 12
ChatterBot Uniform round 12
ChatterBot Echo round 12
ChatterBot Kilo round 12
ChatterBot Juliett round 12
ChatterBot Delta round 12
ChatterBot Quebec round 12
2024-10-14 20:11:01.457699 November: Echo, Kilo, Delta and Quebec, sending you 2
2024-10-14 20:11:01.459153 Hotel: Whiskey, sending you 4
2024-10-14 20:11:01.459779 Uniform: Whiskey, sending you 2
2024-10-14 20:11:01.460274 Quebec: November, Kilo, Juliett and Delta, sending you 2
2024-10-14 20:11:01.462696 Uniform: Alpha, sending you 6
2024-10-14 20:11:01.463815 November: Juliett, sending you 1
2024-10-14 20:11:01.464755 Juliett: Same as last round
2024-10-14 20:11:01.465880 Hotel: Alpha and Uniform, sending you 3
2024-10-14 20:11:01.466427 Alpha: Whiskey and Hotel, sending you 4
2024-10-14 20:11:01.467183 Quebec: Echo, sending you 4
2024-10-14 20:11:01.468417 Echo: November, sending you 2
2024-10-14 20:11:01.469244 Delta: November, Kilo, Juliett and Quebec, sending you 2
2024-10-14 20:11:01.470290 Uniform: Hotel, sending you 4
2024-10-14 20:11:01.470821 Kilo: November, Delta and Quebec, sending you 2
2024-10-14 20:11:01.471481 Alpha: Uniform, sending you 5
2024-10-14 20:11:01.472432 Whiskey: Alpha and Hotel, sending you 3
2024-10-14 20:11:01.473012 Delta: Echo, sending you 4
2024-10-14 20:11:01.473757 Echo: Kilo, Delta and Quebec, sending you 3
2024-10-14 20:11:01.474742 Kilo: Echo, sending you 4
2024-10-14 20:11:01.476094 Whiskey: Uniform, sending you 1
2024-10-14 20:11:01.479684 Echo: Juliett, sending you 1
2024-10-14 20:11:01.481051 Kilo: Juliett, sending you 1
chatterbot Alpha submitting transactions
chatterbot Echo submitting transactions
chatterbot Uniform submitting transactions
chatterbot Whiskey submitting transactions
chatterbot November submitting transactions
chatterbot Hotel submitting transactions
chatterbot Delta submitting transactions
chatterbot Quebec submitting transactions
chatterbot Kilo submitting transactions
chatterbot Juliett submitting transactions
ChatterBot November round 13
ChatterBot Whiskey round 13
ChatterBot Alpha round 13
ChatterBot Hotel round 13
ChatterBot Uniform round 13
ChatterBot Echo round 13
ChatterBot Kilo round 13
ChatterBot Juliett round 13
ChatterBot Delta round 13
ChatterBot Quebec round 13
2024-10-14 20:11:03.527698 Alpha: Whiskey and Hotel, sending you 4
2024-10-14 20:11:03.530674 Kilo: November, Delta and Quebec, sending you 2
2024-10-14 20:11:03.533397 Alpha: Uniform, sending you 5
2024-10-14 20:11:03.535654 Echo: November, sending you 2
2024-10-14 20:11:03.537953 Kilo: Echo, sending you 4
2024-10-14 20:11:03.540156 Juliett: Same as last round
2024-10-14 20:11:03.542062 Quebec: November, Kilo, Juliett and Delta, sending you 2
2024-10-14 20:11:03.544209 Uniform: Whiskey, sending you 2
2024-10-14 20:11:03.545094 Whiskey: Alpha and Hotel, sending you 3
2024-10-14 20:11:03.545976 November: Echo, Kilo, Delta and Quebec, sending you 2
2024-10-14 20:11:03.548471 Hotel: Whiskey, sending you 4
2024-10-14 20:11:03.550032 Delta: November, Kilo, Juliett and Quebec, sending you 2
2024-10-14 20:11:03.552421 Echo: Kilo, Delta and Quebec, sending you 3
2024-10-14 20:11:03.555640 Kilo: Juliett, sending you 1
2024-10-14 20:11:03.558155 Quebec: Echo, sending you 4
2024-10-14 20:11:03.560201 Uniform: Alpha, sending you 6
2024-10-14 20:11:03.561343 Whiskey: Uniform, sending you 1
2024-10-14 20:11:03.562623 November: Juliett, sending you 1
2024-10-14 20:11:03.564534 Hotel: Alpha and Uniform, sending you 3
2024-10-14 20:11:03.565373 Delta: Echo, sending you 4
2024-10-14 20:11:03.567499 Echo: Juliett, sending you 1
2024-10-14 20:11:03.570202 Uniform: Hotel, sending you 4
chatterbot Quebec submitting transactions
chatterbot Echo submitting transactions
chatterbot Uniform submitting transactions
chatterbot Juliett submitting transactions
chatterbot November submitting transactions
chatterbot Delta submitting transactions
chatterbot Hotel submitting transactions
chatterbot Kilo submitting transactions
chatterbot Alpha submitting transactions
chatterbot Whiskey submitting transactions
ChatterBot November round 14
ChatterBot Whiskey round 14
ChatterBot Alpha round 14
ChatterBot Hotel round 14
ChatterBot Uniform round 14
ChatterBot Echo round 14
ChatterBot Kilo round 14
ChatterBot Juliett round 14
ChatterBot Delta round 14
ChatterBot Quebec round 14
2024-10-14 20:11:04.780713 Hotel: Whiskey and Uniform, sending you 3
2024-10-14 20:11:04.782440 Juliett: Same as last round
2024-10-14 20:11:04.784381 Uniform: Whiskey, sending you 2
2024-10-14 20:11:04.785726 Kilo: November, Delta and Quebec, sending you 2
2024-10-14 20:11:04.787896 Whiskey: Alpha and Hotel, sending you 3
2024-10-14 20:11:04.790041 Hotel: Alpha, sending you 4
2024-10-14 20:11:04.791887 November: Echo, Kilo, Delta and Quebec, sending you 2
2024-10-14 20:11:04.793950 Uniform: Alpha, sending you 6
2024-10-14 20:11:04.794811 Kilo: Echo, sending you 4
2024-10-14 20:11:04.796369 Echo: November, sending you 2
2024-10-14 20:11:04.798984 Alpha: Whiskey and Hotel, sending you 4
2024-10-14 20:11:04.799984 Whiskey: Uniform, sending you 1
2024-10-14 20:11:04.801476 Delta: November, Kilo, Juliett and Quebec, sending you 2
2024-10-14 20:11:04.803399 November: Juliett, sending you 1
2024-10-14 20:11:04.805682 Uniform: Hotel, sending you 4
2024-10-14 20:11:04.806386 Kilo: Juliett, sending you 1
2024-10-14 20:11:04.807870 Echo: Kilo, Delta and Quebec, sending you 3
2024-10-14 20:11:04.809396 Alpha: Uniform, sending you 5
