ChatterBot Quebec round 1
ChatterBot Romeo round 1
ChatterBot Tango round 1
ChatterBot Papa round 1
ChatterBot Uniform round 1
ChatterBot Echo round 1
ChatterBot Bravo round 1
ChatterBot Kilo round 1
ChatterBot November round 1
randomSelections Romeo: {Romeo, November, Quebec, Kilo, Uniform, Mike, Tango} 
2024-10-14 20:10:45.298160 Romeo: We should group up
ChatterBot November reevaluating
ChatterBot Quebec reevaluating
ChatterBot Kilo reevaluating
ChatterBot Uniform reevaluating
ChatterBot Tango reevaluating
2024-10-14 20:10:45.310789 November: Yes
2024-10-14 20:10:45.311326 Quebec: Yes
2024-10-14 20:10:45.311428 Kilo: Yes
2024-10-14 20:10:45.311523 Uniform: Yes
2024-10-14 20:10:45.311629 Tango: Yes
ChatterBot Quebec reevaluating
ChatterBot Kilo reevaluating
ChatterBot Uniform reevaluating
ChatterBot Tango reevaluating
ChatterBot November reevaluating
ChatterBot Kilo reevaluating
ChatterBot Uniform reevaluating
ChatterBot Tango reevaluating
ChatterBot November reevaluating
ChatterBot Quebec reevaluating
ChatterBot Uniform reevaluating
ChatterBot Tango reevaluating
ChatterBot November reevaluating
ChatterBot Quebec reevaluating
ChatterBot Kilo reevaluating
ChatterBot Tango reevaluating
ChatterBot November reevaluating
ChatterBot Quebec reevaluating
ChatterBot Kilo reevaluating
ChatterBot Uniform reevaluating
ChatterBot Mike round 1
ChatterBot Mike reevaluating
ChatterBot Mike reevaluating
ChatterBot Mike reevaluating
ChatterBot Mike reevaluating
ChatterBot Mike reevaluating
ChatterBot Mike reevaluating
2024-10-14 20:10:45.369916 Mike: Yes
ChatterBot November reevaluating
ChatterBot Quebec reevaluating
ChatterBot Kilo reevaluating
ChatterBot Uniform reevaluating
ChatterBot Tango reevaluating
randomSelections Papa: {Papa, Uniform, Romeo, Echo, November, Quebec, Bravo, Mike} 
2024-10-14 20:10:45.383847 Papa: Friends?
ChatterBot Uniform reevaluating
ChatterBot Echo reevaluating
ChatterBot November reevaluating
ChatterBot Quebec reevaluating
ChatterBot Bravo reevaluating
ChatterBot Mike reevaluating
2024-10-14 20:10:45.467042 Uniform: No
2024-10-14 20:10:45.467216 Romeo: No
2024-10-14 20:10:45.467323 Echo: Yes
2024-10-14 20:10:45.467423 November: No
2024-10-14 20:10:45.467541 Quebec: No
2024-10-14 20:10:45.467678 Bravo: Yes
2024-10-14 20:10:45.472606 Mike: No
ChatterBot Echo reevaluating
ChatterBot November reevaluating
ChatterBot Quebec reevaluating
ChatterBot Bravo reevaluating
ChatterBot Mike reevaluating
ChatterBot Uniform reevaluating
ChatterBot Echo reevaluating
ChatterBot November reevaluating
ChatterBot Quebec reevaluating
ChatterBot Bravo reevaluating
ChatterBot Mike reevaluating
ChatterBot Uniform reevaluating
ChatterBot November reevaluating
ChatterBot Quebec reevaluating
ChatterBot Bravo reevaluating
ChatterBot Mike reevaluating
ChatterBot Uniform reevaluating
ChatterBot Echo reevaluating
ChatterBot Quebec reevaluating
ChatterBot Bravo reevaluating
ChatterBot Mike reevaluating
ChatterBot Uniform reevaluating
ChatterBot Echo reevaluating
ChatterBot November reevaluating
ChatterBot Bravo reevaluating
ChatterBot Mike reevaluating
ChatterBot Uniform reevaluating
ChatterBot Echo reevaluating
ChatterBot November reevaluating
ChatterBot Quebec reevaluating
ChatterBot Mike reevaluating
ChatterBot Uniform reevaluating
ChatterBot Echo reevaluating
ChatterBot November reevaluating
ChatterBot Quebec reevaluating
ChatterBot Bravo reevaluating
2024-10-14 20:10:45.629247 Romeo: Quebec, sending you 1
2024-10-14 20:10:45.634802 Papa: Quebec, Echo, Bravo and November, sending you 1
2024-10-14 20:10:45.636429 Romeo: Tango, Kilo and Mike, sending you 2
2024-10-14 20:10:45.637119 Uniform: Quebec, sending you 2
2024-10-14 20:10:45.638831 Echo: Quebec, Uniform and Mike, sending you 2
2024-10-14 20:10:45.640860 November: Romeo and Uniform, sending you 2
2024-10-14 20:10:45.642741 Papa: Romeo and Mike, sending you 2
2024-10-14 20:10:45.643710 Bravo: Quebec, Romeo and November, sending you 1
2024-10-14 20:10:45.645637 Uniform: Romeo, sending you 1
2024-10-14 20:10:45.647502 Kilo: Romeo, Uniform and November, sending you 1
2024-10-14 20:10:45.648575 Quebec: Romeo, Uniform and November, sending you 1
2024-10-14 20:10:45.650411 Tango: Quebec and Mike, sending you 2
2024-10-14 20:10:45.652400 Echo: Romeo, Papa and Bravo, sending you 1
2024-10-14 20:10:45.654490 November: Tango, sending you 1
2024-10-14 20:10:45.655595 Papa: Uniform, sending you 4
2024-10-14 20:10:45.657460 Bravo: Papa and Mike, sending you 4
2024-10-14 20:10:45.659304 Uniform: Tango and Mike, sending you 3
2024-10-14 20:10:45.660160 Kilo: Tango and Mike, sending you 3
2024-10-14 20:10:45.662064 Quebec: Tango, sending you 2
2024-10-14 20:10:45.665359 Tango: Uniform, sending you 1
2024-10-14 20:10:45.667372 Echo: November, sending you 3
2024-10-14 20:10:45.668819 Mike: Quebec, sending you 4
2024-10-14 20:10:45.671089 November: Kilo, sending you 4
2024-10-14 20:10:45.672939 Bravo: Uniform and Echo, sending you 3
2024-10-14 20:10:45.673370 Quebec: Mike, sending you 4
2024-10-14 20:10:45.673808 Tango: November, sending you 7
2024-10-14 20:10:45.675593 Mike: Tango, sending you 3
2024-10-14 20:10:45.679349 November: Mike, sending you 3
2024-10-14 20:10:45.680694 Mike: Uniform and Kilo, sending you 2
2024-10-14 20:10:45.685277 Mike: November, sending you 1
chatterbot November submitting transactions
chatterbot Bravo submitting transactions
chatterbot Kilo submitting transactions
chatterbot Mike submitting transactions
chatterbot Papa submitting transactions
chatterbot Romeo submitting transactions
chatterbot Echo submitting transactions
chatterbot Uniform submitting transactions
chatterbot Tango submitting transactions
chatterbot Quebec submitting transactions
ChatterBot Quebec round 2
ChatterBot Romeo round 2
ChatterBot Tango round 2
ChatterBot Papa round 2
ChatterBot Uniform round 2
ChatterBot Echo round 2
ChatterBot Bravo round 2
ChatterBot Kilo round 2
ChatterBot November round 2
ChatterBot Mike round 2
2024-10-14 20:10:46.993898 Papa: We would work well together
ChatterBot Echo reevaluating
ChatterBot Bravo reevaluating
2024-10-14 20:10:47.005440 Echo: No
2024-10-14 20:10:47.005638 Bravo: No
2024-10-14 20:10:47.005803 Quebec: No
ChatterBot Papa reevaluating
ChatterBot Bravo reevaluating
ChatterBot Papa reevaluating
ChatterBot Echo reevaluating
ChatterBot Papa reevaluating
ChatterBot Echo reevaluating
ChatterBot Bravo reevaluating
2024-10-14 20:10:47.055009 Bravo: We would work well together
ChatterBot Echo reevaluating
ChatterBot Papa reevaluating
ChatterBot Uniform reevaluating
2024-10-14 20:10:47.161580 Echo: Yes
2024-10-14 20:10:47.161842 Papa: No
2024-10-14 20:10:47.162018 Uniform: Yes
ChatterBot Papa reevaluating
ChatterBot Bravo reevaluating
ChatterBot Uniform reevaluating
ChatterBot Echo reevaluating
ChatterBot Bravo reevaluating
ChatterBot Uniform reevaluating
ChatterBot Echo reevaluating
ChatterBot Papa reevaluating
ChatterBot Bravo reevaluating
2024-10-14 20:10:47.261629 November: We should drop Romeo and Uniform
2024-10-14 20:10:47.276334 Quebec: No
2024-10-14 20:10:47.276643 Tango: No
2024-10-14 20:10:47.276824 Kilo: No
2024-10-14 20:10:47.277431 Mike: No
ChatterBot November reevaluating
2024-10-14 20:10:47.357102 Tango: Quebec, Romeo, Uniform, Kilo, November and Mike, sending you 2
2024-10-14 20:10:47.552033 Romeo: Quebec, sending you 2
2024-10-14 20:10:47.553009 Echo: Papa and Uniform, sending you 4
2024-10-14 20:10:47.554177 November: We should drop Romeo and Kilo
2024-10-14 20:10:47.572575 Quebec: No
2024-10-14 20:10:47.572744 Tango: No
2024-10-14 20:10:47.572861 Uniform: Yes
2024-10-14 20:10:47.572962 Mike: No
ChatterBot November reevaluating
ChatterBot November reevaluating
ChatterBot November reevaluating
ChatterBot November reevaluating
2024-10-14 20:10:47.627327 Kilo: Quebec, Tango and Uniform, sending you 1
2024-10-14 20:10:47.628317 Bravo: Papa, sending you 9
2024-10-14 20:10:47.628593 Quebec: Romeo, Tango, Uniform, Kilo and Mike, sending you 2
2024-10-14 20:10:47.628932 Papa: Uniform, sending you 3
2024-10-14 20:10:47.629159 Uniform: Sending you each 3
chatterbot Romeo submitting transactions
2024-10-14 20:10:47.629866 Romeo: Uniform and Kilo, sending you 1
2024-10-14 20:10:47.630139 Echo: Bravo, sending you 5
2024-10-14 20:10:47.751038 Kilo: Romeo, November and Mike, sending you 2
2024-10-14 20:10:47.751984 Bravo: Echo, sending you 8
chatterbot Uniform submitting transactions
2024-10-14 20:10:47.752339 Papa: Echo, sending you 4
2024-10-14 20:10:47.752532 Mike: Quebec, Romeo, Tango, Uniform, Kilo and November, sending you 2
2024-10-14 20:10:47.752886 Romeo: November, sending you 3
chatterbot Papa submitting transactions
chatterbot Mike submitting transactions
2024-10-14 20:10:47.819874 Papa: Bravo, sending you 5
chatterbot Tango submitting transactions
2024-10-14 20:10:47.883962 November: Quebec and Kilo, sending you 3
2024-10-14 20:10:47.893421 November: Tango, sending you 4
2024-10-14 20:10:47.899921 November: Mike, sending you 2
chatterbot Echo submitting transactions
chatterbot Quebec submitting transactions
chatterbot November submitting transactions
chatterbot Kilo submitting transactions
chatterbot Bravo submitting transactions
ChatterBot Quebec round 3
ChatterBot Romeo round 3
ChatterBot Tango round 3
ChatterBot Papa round 3
ChatterBot Uniform round 3
ChatterBot Echo round 3
ChatterBot Bravo round 3
ChatterBot Kilo round 3
ChatterBot November round 3
ChatterBot Mike round 3
2024-10-14 20:10:48.756980 Papa: We should add Quebec
ChatterBot Echo reevaluating
ChatterBot Uniform reevaluating
2024-10-14 20:10:48.766369 Echo: No
2024-10-14 20:10:48.766524 Bravo: No
2024-10-14 20:10:48.766712 Uniform: No
ChatterBot Papa reevaluating
ChatterBot Uniform reevaluating
ChatterBot Echo reevaluating
ChatterBot Papa reevaluating
ChatterBot Uniform reevaluating
ChatterBot Echo reevaluating
ChatterBot Papa reevaluating
2024-10-14 20:10:48.814517 Romeo: We should drop Uniform
2024-10-14 20:10:48.901265 Quebec: Yes
2024-10-14 20:10:48.901463 Tango: Yes
2024-10-14 20:10:48.901658 Kilo: Yes
2024-10-14 20:10:48.901820 November: Yes
2024-10-14 20:10:48.901951 Mike: Yes
2024-10-14 20:10:48.985663 Papa: We should add Mike
ChatterBot Echo reevaluating
ChatterBot Uniform reevaluating
2024-10-14 20:10:49.000689 Echo: No
2024-10-14 20:10:49.001598 Bravo: No
2024-10-14 20:10:49.002025 Uniform: No
ChatterBot Papa reevaluating
ChatterBot Uniform reevaluating
ChatterBot Echo reevaluating
ChatterBot Papa reevaluating
ChatterBot Uniform reevaluating
ChatterBot Echo reevaluating
ChatterBot Papa reevaluating
2024-10-14 20:10:49.084966 Bravo: Papa, sending you 7
2024-10-14 20:10:49.163674 Bravo: Uniform, sending you 4
2024-10-14 20:10:49.164023 Romeo: Quebec and Kilo, sending you 2
2024-10-14 20:10:49.164391 Mike: Quebec, sending you 4
2024-10-14 20:10:49.165127 November: Quebec, sending you 2
2024-10-14 20:10:49.198543 Bravo: Echo, sending you 6
2024-10-14 20:10:49.199405 Romeo: Tango, November and Mike, sending you 1
2024-10-14 20:10:49.199759 Echo: Papa and Uniform, sending you 4
2024-10-14 20:10:49.200020 Quebec: Sending you each 2
2024-10-14 20:10:49.200852 Tango: Quebec, Romeo and Kilo, sending you 2
2024-10-14 20:10:49.201163 Mike: Romeo, Tango, Kilo and November, sending you 2
2024-10-14 20:10:49.201456 November: Tango, sending you 4
2024-10-14 20:10:49.201802 Uniform: Same as last round
2024-10-14 20:10:49.207250 Tango: November and Mike, sending you 3
2024-10-14 20:10:49.207649 Echo: Bravo, sending you 5
2024-10-14 20:10:49.208395 November: Kilo and Mike, sending you 3
chatterbot Romeo submitting transactions
chatterbot Quebec submitting transactions
chatterbot Kilo submitting transactions
chatterbot Echo submitting transactions
chatterbot Uniform submitting transactions
chatterbot November submitting transactions
chatterbot Bravo submitting transactions
chatterbot Tango submitting transactions
chatterbot Mike submitting transactions
chatterbot Papa submitting transactions
ChatterBot Quebec round 4
ChatterBot Romeo round 4
ChatterBot Tango round 4
ChatterBot Papa round 4
ChatterBot Uniform round 4
ChatterBot Echo round 4
ChatterBot Bravo round 4
ChatterBot Kilo round 4
ChatterBot November round 4
ChatterBot Mike round 4
2024-10-14 20:10:50.119173 Papa: We should add November
2024-10-14 20:10:50.128210 Echo: No
2024-10-14 20:10:50.128835 Bravo: No
2024-10-14 20:10:50.129002 Uniform: No
ChatterBot Papa reevaluating
ChatterBot Papa reevaluating
ChatterBot Papa reevaluating
2024-10-14 20:10:50.162286 Mike: We should add Bravo
ChatterBot Kilo reevaluating
ChatterBot November reevaluating
2024-10-14 20:10:50.177977 Romeo: No
2024-10-14 20:10:50.178130 Quebec: No
2024-10-14 20:10:50.178250 Tango: No
2024-10-14 20:10:50.178357 Kilo: No
2024-10-14 20:10:50.178472 November: No
ChatterBot Kilo reevaluating
ChatterBot November reevaluating
ChatterBot Mike reevaluating
ChatterBot Kilo reevaluating
ChatterBot November reevaluating
ChatterBot Mike reevaluating
ChatterBot Kilo reevaluating
ChatterBot November reevaluating
ChatterBot Mike reevaluating
ChatterBot November reevaluating
ChatterBot Mike reevaluating
ChatterBot Kilo reevaluating
ChatterBot Mike reevaluating
2024-10-14 20:10:50.278656 Uniform: We should add Romeo
ChatterBot Echo reevaluating
ChatterBot Papa reevaluating
2024-10-14 20:10:50.329084 Echo: Yes
2024-10-14 20:10:50.329351 Papa: Yes
2024-10-14 20:10:50.330832 Bravo: No
ChatterBot Papa reevaluating
ChatterBot Uniform reevaluating
ChatterBot Echo reevaluating
ChatterBot Uniform reevaluating
ChatterBot Echo reevaluating
ChatterBot Papa reevaluating
ChatterBot Uniform reevaluating
2024-10-14 20:10:50.424196 Papa: We should add Tango
ChatterBot Echo reevaluating
ChatterBot Uniform reevaluating
2024-10-14 20:10:50.434204 Echo: No
2024-10-14 20:10:50.434514 Bravo: No
2024-10-14 20:10:50.435118 Uniform: No
ChatterBot Papa reevaluating
ChatterBot Uniform reevaluating
ChatterBot Echo reevaluating
ChatterBot Papa reevaluating
ChatterBot Uniform reevaluating
ChatterBot Echo reevaluating
ChatterBot Papa reevaluating
2024-10-14 20:10:50.466352 Mike: We should add Echo
ChatterBot Kilo reevaluating
ChatterBot November reevaluating
2024-10-14 20:10:50.481584 Romeo: No
2024-10-14 20:10:50.482242 Quebec: No
2024-10-14 20:10:50.482397 Tango: No
2024-10-14 20:10:50.482570 Kilo: No
2024-10-14 20:10:50.482769 November: No
ChatterBot Kilo reevaluating
ChatterBot November reevaluating
ChatterBot Mike reevaluating
ChatterBot Kilo reevaluating
ChatterBot November reevaluating
ChatterBot Mike reevaluating
ChatterBot Kilo reevaluating
ChatterBot November reevaluating
ChatterBot Mike reevaluating
ChatterBot November reevaluating
ChatterBot Mike reevaluating
ChatterBot Kilo reevaluating
ChatterBot Mike reevaluating
2024-10-14 20:10:50.563736 Mike: We should add Papa
ChatterBot Kilo reevaluating
ChatterBot November reevaluating
2024-10-14 20:10:50.581053 Romeo: No
2024-10-14 20:10:50.581341 Quebec: No
2024-10-14 20:10:50.581456 Tango: No
2024-10-14 20:10:50.581767 Kilo: No
2024-10-14 20:10:50.581900 November: No
ChatterBot Kilo reevaluating
ChatterBot November reevaluating
ChatterBot Mike reevaluating
ChatterBot Kilo reevaluating
ChatterBot November reevaluating
ChatterBot Mike reevaluating
ChatterBot Kilo reevaluating
ChatterBot November reevaluating
ChatterBot Mike reevaluating
ChatterBot November reevaluating
ChatterBot Mike reevaluating
ChatterBot Kilo reevaluating
ChatterBot Mike reevaluating
2024-10-14 20:10:50.661520 November: We should replace Quebec with Romeo
ChatterBot Kilo reevaluating
ChatterBot Mike reevaluating
2024-10-14 20:10:50.671211 Tango: No
2024-10-14 20:10:50.671399 Kilo: Yes
2024-10-14 20:10:50.671554 Mike: No
ChatterBot November reevaluating
ChatterBot Kilo reevaluating
ChatterBot Mike reevaluating
ChatterBot November reevaluating
ChatterBot Mike reevaluating
ChatterBot November reevaluating
ChatterBot Kilo reevaluating
2024-10-14 20:10:50.702558 November: We should replace Kilo with Romeo
ChatterBot Mike reevaluating
2024-10-14 20:10:50.710806 Quebec: No
2024-10-14 20:10:50.710941 Tango: No
2024-10-14 20:10:50.711044 Mike: No
ChatterBot November reevaluating
ChatterBot Mike reevaluating
ChatterBot November reevaluating
ChatterBot Mike reevaluating
ChatterBot November reevaluating
2024-10-14 20:10:50.738882 Bravo: Romeo we want you to join our group
2024-10-14 20:10:50.742606 Romeo: No
ChatterBot Papa reevaluating
ChatterBot Uniform reevaluating
2024-10-14 20:10:50.754388 Quebec: Same as last round
2024-10-14 20:10:50.755871 Romeo: Quebec, Tango and Mike, sending you 2
2024-10-14 20:10:50.756271 Tango: Quebec, Romeo and Kilo, sending you 2
2024-10-14 20:10:50.763442 Romeo: Kilo, sending you 1
2024-10-14 20:10:50.764064 Papa: Romeo we want you to join our group
2024-10-14 20:10:50.768724 Romeo: No
2024-10-14 20:10:50.787035 November: Romeo we want you to join our group
2024-10-14 20:10:50.791967 Romeo: Yes
2024-10-14 20:10:50.809591 Tango: November and Mike, sending you 3
chatterbot Tango submitting transactions
2024-10-14 20:10:50.877587 Bravo: Papa, sending you 6
2024-10-14 20:10:50.878136 Echo: Papa and Uniform, sending you 4
2024-10-14 20:10:50.878927 Mike: Quebec, Tango and November, sending you 3
2024-10-14 20:10:50.879567 Kilo: Quebec, Romeo, November and Mike, sending you 2
2024-10-14 20:10:50.882779 Bravo: Uniform, sending you 4
2024-10-14 20:10:50.883712 Echo: Bravo, sending you 5
2024-10-14 20:10:50.884232 Mike: Romeo, sending you 1
2024-10-14 20:10:50.885265 Kilo: Tango, sending you 1
2024-10-14 20:10:50.885816 November: Sending you each 3
2024-10-14 20:10:50.886628 Papa: Romeo, sending you 2
2024-10-14 20:10:50.887026 Bravo: Echo, sending you 7
2024-10-14 20:10:50.891111 Mike: Kilo, sending you 2
2024-10-14 20:10:50.891653 Papa: Uniform and Echo, sending you 3
2024-10-14 20:10:50.954812 Papa: Bravo, sending you 4
chatterbot Bravo submitting transactions
chatterbot Mike submitting transactions
chatterbot Uniform submitting transactions
chatterbot Romeo submitting transactions
chatterbot Quebec submitting transactions
chatterbot Echo submitting transactions
chatterbot Kilo submitting transactions
chatterbot November submitting transactions
chatterbot Papa submitting transactions
ChatterBot Quebec round 5
ChatterBot Romeo round 5
ChatterBot Tango round 5
ChatterBot Papa round 5
ChatterBot Uniform round 5
ChatterBot Echo round 5
ChatterBot Bravo round 5
ChatterBot Kilo round 5
ChatterBot November round 5
ChatterBot Mike round 5
2024-10-14 20:10:52.048856 Kilo: We should drop Romeo
2024-10-14 20:10:52.067419 November: No
2024-10-14 20:10:52.067737 Quebec: No
2024-10-14 20:10:52.067922 Tango: No
2024-10-14 20:10:52.068724 Mike: No
ChatterBot Kilo reevaluating
ChatterBot Kilo reevaluating
ChatterBot Kilo reevaluating
ChatterBot Kilo reevaluating
2024-10-14 20:10:52.130684 Papa: Romeo, sending you 2
2024-10-14 20:10:52.131677 November: Same as last round
2024-10-14 20:10:52.132525 Mike: Quebec, Romeo and Kilo, sending you 2
2024-10-14 20:10:52.133208 Echo: Papa and Uniform, sending you 4
2024-10-14 20:10:52.133610 Bravo: Papa and Echo, sending you 7
2024-10-14 20:10:52.134472 Quebec: Same as last round
2024-10-14 20:10:52.134938 Papa: Uniform and Echo, sending you 3
2024-10-14 20:10:52.135952 Echo: Bravo, sending you 5
2024-10-14 20:10:52.136679 Bravo: Uniform, sending you 3
2024-10-14 20:10:52.137679 Mike: Tango and November, sending you 3
2024-10-14 20:10:52.139656 Papa: Bravo, sending you 4
2024-10-14 20:10:52.146655 Romeo: Quebec, sending you 3
2024-10-14 20:10:52.149669 Romeo: Tango, Kilo, November and Mike, sending you 1
2024-10-14 20:10:52.159875 Kilo: Quebec, Tango, November and Mike, sending you 2
2024-10-14 20:10:52.164654 Kilo: Romeo, sending you 1
chatterbot Tango submitting transactions
chatterbot November submitting transactions
chatterbot Bravo submitting transactions
chatterbot Echo submitting transactions
chatterbot Romeo submitting transactions
chatterbot Kilo submitting transactions
chatterbot Papa submitting transactions
chatterbot Quebec submitting transactions
chatterbot Mike submitting transactions
chatterbot Uniform submitting transactions
ChatterBot Quebec round 6
ChatterBot Romeo round 6
ChatterBot Tango round 6
ChatterBot Papa round 6
ChatterBot Uniform round 6
ChatterBot Echo round 6
ChatterBot Bravo round 6
ChatterBot Kilo round 6
ChatterBot November round 6
ChatterBot Mike round 6
2024-10-14 20:10:53.195824 Bravo: We should drop Romeo
2024-10-14 20:10:53.205688 Echo: Yes
2024-10-14 20:10:53.205900 Papa: No
2024-10-14 20:10:53.206063 Uniform: Yes
ChatterBot Papa reevaluating
ChatterBot Papa reevaluating
2024-10-14 20:10:53.240316 Kilo: We should drop Romeo
2024-10-14 20:10:53.251877 November: No
2024-10-14 20:10:53.252026 Quebec: No
2024-10-14 20:10:53.252155 Tango: No
2024-10-14 20:10:53.252268 Mike: No
ChatterBot Kilo reevaluating
ChatterBot Kilo reevaluating
ChatterBot Kilo reevaluating
ChatterBot Kilo reevaluating
2024-10-14 20:10:53.325441 Tango: Quebec, Romeo and Kilo, sending you 2
2024-10-14 20:10:53.326228 Romeo: Quebec and November, sending you 2
2024-10-14 20:10:53.327279 Quebec: Same as last round
2024-10-14 20:10:53.328810 Papa: Kilo we want you to join our group
ChatterBot Kilo reevaluating
2024-10-14 20:10:53.334821 Kilo: No
2024-10-14 20:10:53.348049 Uniform: I was attacked by Tango
ChatterBot Echo reevaluating
ChatterBot Papa reevaluating
ChatterBot Bravo reevaluating
2024-10-14 20:10:53.363030 Uniform: I'm keeping this round to protect myself
2024-10-14 20:10:53.363940 Uniform: Ow
2024-10-14 20:10:53.364835 Tango: November and Mike, sending you 3
2024-10-14 20:10:53.365340 Romeo: Tango, Kilo and Mike, sending you 1
2024-10-14 20:10:53.368666 Mike: Quebec, Romeo, Tango and Kilo, sending you 2
2024-10-14 20:10:53.370906 November: Same as last round
2024-10-14 20:10:53.373816 Mike: November, sending you 4
2024-10-14 20:10:53.380686 Echo: Papa and Uniform, sending you 4
2024-10-14 20:10:53.386669 Echo: Bravo, sending you 5
2024-10-14 20:10:53.387674 Kilo: Quebec, Romeo, November and Mike, sending you 2
2024-10-14 20:10:53.390654 Kilo: Tango, sending you 1
2024-10-14 20:10:53.391655 Bravo: Papa, sending you 7
2024-10-14 20:10:53.395661 Bravo: Uniform, sending you 2
2024-10-14 20:10:53.400933 Bravo: Echo, sending you 8
2024-10-14 20:10:53.401344 Papa: Uniform and Echo, sending you 3
2024-10-14 20:10:53.404661 Papa: Bravo, sending you 4
2024-10-14 20:10:53.409 Papa: Kilo, sending you 2
chatterbot Romeo submitting transactions
chatterbot Quebec submitting transactions
chatterbot Tango submitting transactions
chatterbot November submitting transactions
chatterbot Bravo submitting transactions
chatterbot Kilo submitting transactions
chatterbot Echo submitting transactions
chatterbot Uniform submitting transactions
chatterbot Mike submitting transactions
chatterbot Papa submitting transactions
ChatterBot Quebec round 7
ChatterBot Romeo round 7
ChatterBot Tango round 7
ChatterBot Papa round 7
ChatterBot Uniform round 7
ChatterBot Echo round 7
ChatterBot Bravo round 7
ChatterBot Kilo round 7
ChatterBot November round 7
ChatterBot Mike round 7
2024-10-14 20:10:54.666570 Papa: We should drop Kilo
2024-10-14 20:10:54.675393 Echo: Yes
2024-10-14 20:10:54.675630 Bravo: Yes
2024-10-14 20:10:54.675920 Uniform: Yes
2024-10-14 20:10:54.701040 Kilo: We should drop November
ChatterBot Tango reevaluating
ChatterBot Mike reevaluating
2024-10-14 20:10:54.712226 Quebec: No
2024-10-14 20:10:54.712593 Romeo: No
2024-10-14 20:10:54.712977 Tango: No
2024-10-14 20:10:54.714166 Mike: No
ChatterBot Kilo reevaluating
ChatterBot Tango reevaluating
ChatterBot Mike reevaluating
ChatterBot Kilo reevaluating
ChatterBot Tango reevaluating
ChatterBot Mike reevaluating
ChatterBot Kilo reevaluating
ChatterBot Mike reevaluating
ChatterBot Kilo reevaluating
ChatterBot Tango reevaluating
2024-10-14 20:10:54.790690 Quebec: Same as last round
2024-10-14 20:10:54.792341 Romeo: Quebec and November, sending you 2
2024-10-14 20:10:54.795011 Mike: We should drop Kilo
2024-10-14 20:10:54.805419 November: Yes
2024-10-14 20:10:54.805641 Quebec: No
2024-10-14 20:10:54.805785 Romeo: No
2024-10-14 20:10:54.805910 Tango: Yes
ChatterBot Romeo reevaluating
ChatterBot Romeo reevaluating
ChatterBot Mike reevaluating
ChatterBot Mike reevaluating
ChatterBot Quebec reevaluating
ChatterBot Romeo reevaluating
ChatterBot Mike reevaluating
2024-10-14 20:10:54.854276 Papa: Uniform, sending you 3
2024-10-14 20:10:54.854794 Bravo: Papa, sending you 7
2024-10-14 20:10:54.855235 Kilo: Quebec, Romeo, Tango and Mike, sending you 2
2024-10-14 20:10:54.856236 November: Same as last round
2024-10-14 20:10:54.856858 Echo: Papa and Uniform, sending you 4
2024-10-14 20:10:54.857698 Papa: Echo, sending you 4
2024-10-14 20:10:54.858685 Bravo: Uniform, sending you 2
2024-10-14 20:10:54.859849 Kilo: November, sending you 1
2024-10-14 20:10:54.860981 Echo: Bravo, sending you 5
2024-10-14 20:10:54.861656 Papa: Bravo, sending you 5
2024-10-14 20:10:54.863664 Bravo: Echo, sending you 8
2024-10-14 20:10:54.883048 Quebec: Sorry, I'm actually sending you 0
2024-10-14 20:10:54.887676 Quebec: Romeo, November and Mike, sending you 3
2024-10-14 20:10:54.890665 Quebec: Tango, sending you 1
chatterbot November submitting transactions
chatterbot Tango submitting transactions
chatterbot Papa submitting transactions
chatterbot Quebec submitting transactions
chatterbot Uniform submitting transactions
chatterbot Mike submitting transactions
chatterbot Romeo submitting transactions
chatterbot Kilo submitting transactions
chatterbot Echo submitting transactions
chatterbot Bravo submitting transactions
ChatterBot Quebec round 8
ChatterBot Romeo round 8
ChatterBot Tango round 8
ChatterBot Papa round 8
ChatterBot Uniform round 8
2024-10-14 20:10:55.894384 Tango: We should add Kilo
ChatterBot Quebec reevaluating
ChatterBot Romeo reevaluating
ChatterBot Mike reevaluating
2024-10-14 20:10:55.909958 November: No
2024-10-14 20:10:55.910258 Quebec: Yes
2024-10-14 20:10:55.910463 Romeo: Yes
2024-10-14 20:10:55.910678 Mike: Yes
ChatterBot Quebec reevaluating
ChatterBot Romeo reevaluating
ChatterBot Mike reevaluating
ChatterBot Romeo reevaluating
ChatterBot Mike reevaluating
ChatterBot Quebec reevaluating
ChatterBot Mike reevaluating
ChatterBot November reevaluating
ChatterBot Quebec reevaluating
ChatterBot Romeo reevaluating
2024-10-14 20:10:55.974310 November: We should replace Quebec with Kilo
ChatterBot Romeo reevaluating
ChatterBot Mike reevaluating
2024-10-14 20:10:55.992787 Romeo: No
2024-10-14 20:10:55.993053 Tango: No
2024-10-14 20:10:55.993305 Mike: No
ChatterBot November reevaluating
ChatterBot Mike reevaluating
ChatterBot November reevaluating
ChatterBot Romeo reevaluating
ChatterBot Mike reevaluating
ChatterBot November reevaluating
ChatterBot Romeo reevaluating
ChatterBot Echo round 8
ChatterBot Bravo round 8
ChatterBot Kilo round 8
ChatterBot November round 8
ChatterBot Mike round 8
2024-10-14 20:10:56.078565 Tango: Kilo we want you to join our group
ChatterBot Kilo reevaluating
2024-10-14 20:10:56.085391 Kilo: No
ChatterBot Romeo reevaluating
ChatterBot Quebec reevaluating
ChatterBot November reevaluating
ChatterBot Mike reevaluating
2024-10-14 20:10:56.114782 Kilo: Friends?
ChatterBot Quebec reevaluating
2024-10-14 20:10:56.121760 Quebec: Yes
ChatterBot Kilo reevaluating
2024-10-14 20:10:56.128596 Romeo: We should replace Tango with Papa
ChatterBot Kilo reevaluating
ChatterBot November reevaluating
ChatterBot Mike reevaluating
2024-10-14 20:10:56.150440 Quebec: No
2024-10-14 20:10:56.150633 Kilo: No
2024-10-14 20:10:56.150776 November: No
2024-10-14 20:10:56.150934 Mike: Yes
ChatterBot Romeo reevaluating
ChatterBot Kilo reevaluating
ChatterBot November reevaluating
ChatterBot Mike reevaluating
ChatterBot Romeo reevaluating
ChatterBot November reevaluating
ChatterBot Mike reevaluating
ChatterBot Romeo reevaluating
ChatterBot Kilo reevaluating
ChatterBot Mike reevaluating
ChatterBot Romeo reevaluating
ChatterBot Kilo reevaluating
ChatterBot November reevaluating
2024-10-14 20:10:56.236082 Romeo: We should replace Tango with Echo
ChatterBot Kilo reevaluating
ChatterBot November reevaluating
ChatterBot Mike reevaluating
2024-10-14 20:10:56.250506 Quebec: No
2024-10-14 20:10:56.250643 Kilo: No
2024-10-14 20:10:56.250758 November: No
2024-10-14 20:10:56.250864 Mike: Yes
ChatterBot Romeo reevaluating
ChatterBot Kilo reevaluating
ChatterBot November reevaluating
ChatterBot Mike reevaluating
ChatterBot Romeo reevaluating
ChatterBot November reevaluating
ChatterBot Mike reevaluating
ChatterBot Romeo reevaluating
ChatterBot Kilo reevaluating
ChatterBot Mike reevaluating
ChatterBot Romeo reevaluating
ChatterBot Kilo reevaluating
ChatterBot November reevaluating
2024-10-14 20:10:56.355031 Quebec: Kilo we want you to join our group
2024-10-14 20:10:56.359002 Kilo: No
ChatterBot November reevaluating
ChatterBot Mike reevaluating
2024-10-14 20:10:56.375163 Mike: Friends?
ChatterBot Kilo reevaluating
ChatterBot November reevaluating
2024-10-14 20:10:56.406892 Quebec: No
2024-10-14 20:10:56.407076 Romeo: No
2024-10-14 20:10:56.407259 Kilo: No
2024-10-14 20:10:56.407432 November: No
2024-10-14 20:10:56.407597 Papa: No
2024-10-14 20:10:56.407784 Echo: No
2024-10-14 20:10:56.408378 Bravo: No
ChatterBot Mike reevaluating
ChatterBot Kilo reevaluating
ChatterBot November reevaluating
ChatterBot Mike reevaluating
ChatterBot Kilo reevaluating
ChatterBot November reevaluating
ChatterBot Mike reevaluating
ChatterBot Romeo reevaluating
ChatterBot November reevaluating
ChatterBot Mike reevaluating
ChatterBot Romeo reevaluating
ChatterBot Kilo reevaluating
ChatterBot Mike reevaluating
ChatterBot Romeo reevaluating
ChatterBot Kilo reevaluating
ChatterBot November reevaluating
ChatterBot Mike reevaluating
ChatterBot Romeo reevaluating
ChatterBot Kilo reevaluating
ChatterBot November reevaluating
ChatterBot Mike reevaluating
ChatterBot Romeo reevaluating
ChatterBot Kilo reevaluating
ChatterBot November reevaluating
chatterbot Papa submitting transactions
2024-10-14 20:10:56.638698 Tango: Quebec, Romeo and Kilo, sending you 2
2024-10-14 20:10:56.640892 Romeo: We should drop Tango
ChatterBot Kilo reevaluating
ChatterBot Mike reevaluating
2024-10-14 20:10:56.697883 Quebec: No
2024-10-14 20:10:56.698094 Kilo: Yes
2024-10-14 20:10:56.698253 November: Yes
2024-10-14 20:10:56.698400 Mike: Yes
ChatterBot Romeo reevaluating
ChatterBot Kilo reevaluating
ChatterBot Mike reevaluating
ChatterBot Romeo reevaluating
ChatterBot Mike reevaluating
ChatterBot Romeo reevaluating
ChatterBot Kilo reevaluating
ChatterBot Mike reevaluating
ChatterBot Romeo reevaluating
ChatterBot Kilo reevaluating
2024-10-14 20:10:56.810996 Papa: Uniform and Echo, sending you 1
2024-10-14 20:10:56.812754 Tango: November and Mike, sending you 3
chatterbot Tango submitting transactions
2024-10-14 20:10:56.814756 Papa: Bravo, sending you 2
2024-10-14 20:10:56.815706 Quebec: Romeo, Tango, Kilo, November and Mike, sending you 2
2024-10-14 20:10:56.817574 Echo: Papa and Uniform, sending you 4
2024-10-14 20:10:56.819039 Bravo: Papa and Echo, sending you 8
2024-10-14 20:10:56.821267 Romeo: Papa we want you to join our group
2024-10-14 20:10:56.826226 Papa: No
ChatterBot Romeo reevaluating
ChatterBot Kilo reevaluating
ChatterBot Mike reevaluating
2024-10-14 20:10:56.847946 Echo: Bravo, sending you 5
2024-10-14 20:10:56.848601 Bravo: Uniform, sending you 1
2024-10-14 20:10:56.852726 November: Sending you each 4
2024-10-14 20:10:56.867683 Mike: Quebec, Romeo and Kilo, sending you 2
2024-10-14 20:10:56.873163 Mike: Papa, Echo and Bravo, sending you 1
2024-10-14 20:10:56.876700 Romeo: Quebec, November and Mike, sending you 2
2024-10-14 20:10:56.877627 Mike: November, sending you 3
2024-10-14 20:10:56.879694 Romeo: Kilo, sending you 1
chatterbot Bravo submitting transactions
chatterbot Echo submitting transactions
chatterbot November submitting transactions
chatterbot Uniform submitting transactions
chatterbot Quebec submitting transactions
chatterbot Romeo submitting transactions
chatterbot Kilo submitting transactions
chatterbot Mike submitting transactions
ChatterBot Quebec round 9
ChatterBot Romeo round 9
ChatterBot Tango round 9
ChatterBot Papa round 9
ChatterBot Uniform round 9
ChatterBot Echo round 9
ChatterBot Bravo round 9
ChatterBot Kilo round 9
ChatterBot November round 9
ChatterBot Mike round 9
2024-10-14 20:10:57.957750 Papa: We should add Mike
ChatterBot Echo reevaluating
2024-10-14 20:10:57.976669 Echo: Yes
2024-10-14 20:10:57.977153 Bravo: No
2024-10-14 20:10:57.977737 Uniform: No
ChatterBot Echo reevaluating
ChatterBot Echo reevaluating
2024-10-14 20:10:58.027206 Tango: We should drop Kilo
ChatterBot Quebec reevaluating
2024-10-14 20:10:58.039930 November: Yes
2024-10-14 20:10:58.040424 Quebec: Yes
2024-10-14 20:10:58.040584 Romeo: Yes
2024-10-14 20:10:58.040736 Mike: Yes
ChatterBot Quebec reevaluating
ChatterBot Romeo reevaluating
ChatterBot Romeo reevaluating
ChatterBot Mike reevaluating
ChatterBot Quebec reevaluating
ChatterBot Mike reevaluating
ChatterBot Quebec reevaluating
ChatterBot Romeo reevaluating
2024-10-14 20:10:58.107014 Papa: Mike we want you to join our group
ChatterBot Mike reevaluating
2024-10-14 20:10:58.111397 Mike: No
ChatterBot Echo reevaluating
2024-10-14 20:10:58.130674 Kilo: Sending you 9
2024-10-14 20:10:58.131256 Bravo: Papa, sending you 7
2024-10-14 20:10:58.132564 Uniform: Papa and Echo, sending you 3
2024-10-14 20:10:58.134691 Bravo: Uniform, sending you 1
2024-10-14 20:10:58.136974 Uniform: Bravo, sending you 2
2024-10-14 20:10:58.137424 November: Same as last round
2024-10-14 20:10:58.138074 Bravo: Echo, sending you 9
2024-10-14 20:10:58.141723 Papa: Uniform and Mike, sending you 2
2024-10-14 20:10:58.143951 Tango: I was attacked by Papa
ChatterBot November reevaluating
ChatterBot Quebec reevaluating
ChatterBot Romeo reevaluating
ChatterBot Mike reevaluating
2024-10-14 20:10:58.163678 Tango: Ow
2024-10-14 20:10:58.165156 Papa: Echo, sending you 3
2024-10-14 20:10:58.167679 Papa: Bravo, sending you 4
2024-10-14 20:10:58.169334 Echo: Papa and Uniform, sending you 4
2024-10-14 20:10:58.174711 Echo: Bravo, sending you 5
2024-10-14 20:10:58.193714 Mike: Sending you each 3
2024-10-14 20:10:58.194948 Quebec: Romeo, November and Mike, sending you 3
2024-10-14 20:10:58.199106 Quebec: Tango, sending you 1
chatterbot Kilo submitting transactions
chatterbot Bravo submitting transactions
chatterbot Uniform submitting transactions
chatterbot Papa submitting transactions
chatterbot Quebec submitting transactions
chatterbot Echo submitting transactions
chatterbot November submitting transactions
chatterbot Tango submitting transactions
chatterbot Mike submitting transactions
chatterbot Romeo submitting transactions
ChatterBot Quebec round 10
ChatterBot Romeo round 10
ChatterBot Tango round 10
ChatterBot Papa round 10
ChatterBot Uniform round 10
ChatterBot Echo round 10
ChatterBot Bravo round 10
ChatterBot Kilo round 10
ChatterBot November round 10
2024-10-14 20:10:59.325248 Papa: We should add Kilo
ChatterBot Uniform reevaluating
ChatterBot Echo reevaluating
ChatterBot Bravo reevaluating
ChatterBot Mike reevaluating
2024-10-14 20:10:59.342320 Uniform: No
2024-10-14 20:10:59.342470 Echo: No
2024-10-14 20:10:59.342620 Bravo: No
2024-10-14 20:10:59.342820 Mike: No
ChatterBot Echo reevaluating
ChatterBot Bravo reevaluating
ChatterBot Mike reevaluating
ChatterBot Uniform reevaluating
ChatterBot Bravo reevaluating
ChatterBot Mike reevaluating
ChatterBot Uniform reevaluating
ChatterBot Echo reevaluating
ChatterBot Mike reevaluating
ChatterBot Papa reevaluating
ChatterBot Uniform reevaluating
ChatterBot Echo reevaluating
ChatterBot Bravo reevaluating
2024-10-14 20:10:59.412368 Bravo: We should add Mike
2024-10-14 20:10:59.412669 Mike: We should add Echo
ChatterBot Echo reevaluating
ChatterBot Papa reevaluating
ChatterBot Uniform reevaluating
ChatterBot Romeo reevaluating
2024-10-14 20:10:59.437139 Echo: Yes
2024-10-14 20:10:59.437319 Papa: Yes
2024-10-14 20:10:59.437448 Uniform: No
2024-10-14 20:10:59.437548 November: No
2024-10-14 20:10:59.437686 Quebec: No
2024-10-14 20:10:59.437853 Romeo: No
2024-10-14 20:10:59.437966 Tango: No
ChatterBot Papa reevaluating
ChatterBot Bravo reevaluating
ChatterBot Uniform reevaluating
ChatterBot Romeo reevaluating
ChatterBot Mike reevaluating
ChatterBot Echo reevaluating
ChatterBot Bravo reevaluating
ChatterBot Uniform reevaluating
ChatterBot Romeo reevaluating
ChatterBot Mike reevaluating
ChatterBot Echo reevaluating
ChatterBot Papa reevaluating
ChatterBot Bravo reevaluating
ChatterBot Mike reevaluating
ChatterBot Romeo reevaluating
ChatterBot Mike reevaluating
ChatterBot Mike round 10
2024-10-14 20:10:59.589600 Mike: We should add Papa
ChatterBot Romeo reevaluating
2024-10-14 20:10:59.602958 November: No
2024-10-14 20:10:59.603124 Quebec: No
2024-10-14 20:10:59.603313 Romeo: No
2024-10-14 20:10:59.603437 Tango: No
ChatterBot Romeo reevaluating
ChatterBot Mike reevaluating
ChatterBot Romeo reevaluating
ChatterBot Mike reevaluating
ChatterBot Mike reevaluating
ChatterBot Romeo reevaluating
ChatterBot Mike reevaluating
2024-10-14 20:10:59.676592 Romeo: We should replace Echo with Bravo
ChatterBot Mike reevaluating
2024-10-14 20:10:59.699152 November: No
2024-10-14 20:10:59.699421 Quebec: No
2024-10-14 20:10:59.699590 Tango: No
2024-10-14 20:10:59.700299 Mike: Yes
ChatterBot Romeo reevaluating
ChatterBot Mike reevaluating
ChatterBot Romeo reevaluating
ChatterBot Mike reevaluating
ChatterBot Romeo reevaluating
ChatterBot Mike reevaluating
ChatterBot Romeo reevaluating
2024-10-14 20:10:59.922141 Mike: We should add Bravo
ChatterBot Romeo reevaluating
ChatterBot Tango reevaluating
2024-10-14 20:10:59.949027 November: No
2024-10-14 20:10:59.949275 Quebec: No
2024-10-14 20:10:59.949492 Romeo: Yes
2024-10-14 20:10:59.949754 Tango: Yes
ChatterBot Romeo reevaluating
ChatterBot Tango reevaluating
ChatterBot Mike reevaluating
ChatterBot Romeo reevaluating
ChatterBot Tango reevaluating
ChatterBot Mike reevaluating
ChatterBot Tango reevaluating
ChatterBot Mike reevaluating
ChatterBot Romeo reevaluating
ChatterBot Mike reevaluating
2024-10-14 20:11:00.033476 Echo: Mike we want you to join our group
ChatterBot Mike reevaluating
2024-10-14 20:11:00.039106 Mike: No
ChatterBot Papa reevaluating
2024-10-14 20:11:00.059808 Bravo: Mike we want you to join our group
ChatterBot Mike reevaluating
2024-10-14 20:11:00.068848 Mike: No
2024-10-14 20:11:00.090309 Romeo: Bravo we want you to join our group
2024-10-14 20:11:00.095650 Bravo: No
2024-10-14 20:11:00.117941 Papa: Kilo we want you to join our group
2024-10-14 20:11:00.124043 Kilo: No
2024-10-14 20:11:00.145116 Kilo: I was attacked by Papa
2024-10-14 20:11:00.146004 Kilo: I'm keeping this round to protect myself
2024-10-14 20:11:00.146171 Kilo: Ow
2024-10-14 20:11:00.146490 Mike: Bravo we want you to join our group
2024-10-14 20:11:00.150371 Bravo: No
2024-10-14 20:11:00.169992 Uniform: Papa, Echo and Bravo, sending you 3
2024-10-14 20:11:00.171010 Quebec: Romeo, November and Mike, sending you 3
2024-10-14 20:11:00.171609 November: Same as last round
chatterbot Kilo submitting transactions
2024-10-14 20:11:00.243849 Echo: Papa, Uniform and Mike, sending you 3
2024-10-14 20:11:00.244571 Quebec: Tango, sending you 1
2024-10-14 20:11:00.245503 Bravo: Papa, sending you 7
2024-10-14 20:11:00.396434 Echo: Bravo, sending you 4
2024-10-14 20:11:00.398086 Bravo: Uniform, sending you 2
2024-10-14 20:11:00.399079 Mike: Quebec and November, sending you 3
2024-10-14 20:11:00.507390 Bravo: Echo, sending you 8
2024-10-14 20:11:00.508135 Mike: Romeo, Tango and Bravo, sending you 2
chatterbot Echo submitting transactions
chatterbot Quebec submitting transactions
chatterbot Uniform submitting transactions
chatterbot Romeo submitting transactions
chatterbot Papa submitting transactions
chatterbot Mike submitting transactions
chatterbot November submitting transactions
chatterbot Bravo submitting transactions
chatterbot Tango submitting transactions
