ChatterBot Echo round 1
randomSelections Echo: {Echo, Victor, Golf} 
2024-10-14 20:10:44.950522 Echo: Group up?
ChatterBot Papa round 1
ChatterBot Sierra round 1
ChatterBot Golf round 1
ChatterBot Golf reevaluating
2024-10-14 20:10:44.975193 Golf: Yes
ChatterBot Romeo round 1
ChatterBot Victor round 1
ChatterBot Victor reevaluating
ChatterBot Victor reevaluating
2024-10-14 20:10:45.041849 Victor: Yes
ChatterBot Golf reevaluating
ChatterBot Quebec round 1
ChatterBot Mike round 1
ChatterBot Yankee round 1
ChatterBot Oscar round 1
randomSelections Papa: {Papa, Oscar, Sierra, Yankee, Golf, Quebec} 
2024-10-14 20:10:45.079703 Papa: Friends?
ChatterBot Oscar reevaluating
ChatterBot Sierra reevaluating
ChatterBot Yankee reevaluating
ChatterBot Golf reevaluating
ChatterBot Quebec reevaluating
2024-10-14 20:10:45.106949 Oscar: Yes
2024-10-14 20:10:45.107307 Sierra: Yes
2024-10-14 20:10:45.107659 Yankee: Yes
2024-10-14 20:10:45.108641 Golf: No
2024-10-14 20:10:45.109290 Quebec: Yes
ChatterBot Sierra reevaluating
ChatterBot Yankee reevaluating
ChatterBot Golf reevaluating
ChatterBot Quebec reevaluating
ChatterBot Oscar reevaluating
ChatterBot Yankee reevaluating
ChatterBot Golf reevaluating
ChatterBot Quebec reevaluating
ChatterBot Oscar reevaluating
ChatterBot Sierra reevaluating
ChatterBot Golf reevaluating
ChatterBot Quebec reevaluating
ChatterBot Oscar reevaluating
ChatterBot Sierra reevaluating
ChatterBot Yankee reevaluating
ChatterBot Quebec reevaluating
ChatterBot Oscar reevaluating
ChatterBot Sierra reevaluating
ChatterBot Yankee reevaluating
ChatterBot Golf reevaluating
randomSelections Romeo: {Romeo, Victor, Echo, Sierra} 
2024-10-14 20:10:45.187740 Romeo: We would work well together
ChatterBot Victor reevaluating
ChatterBot Sierra reevaluating
2024-10-14 20:10:45.192498 Victor: No
2024-10-14 20:10:45.192808 Echo: No
2024-10-14 20:10:45.193810 Sierra: No
ChatterBot Sierra reevaluating
ChatterBot Victor reevaluating
ChatterBot Sierra reevaluating
ChatterBot Victor reevaluating
randomSelections Mike: {Mike, Quebec, Victor, Oscar, Romeo, Yankee, Echo, Papa} 
2024-10-14 20:10:45.213063 Mike: Group up?
ChatterBot Quebec reevaluating
ChatterBot Victor reevaluating
ChatterBot Oscar reevaluating
ChatterBot Yankee reevaluating
2024-10-14 20:10:45.226528 Quebec: No
2024-10-14 20:10:45.227519 Victor: No
2024-10-14 20:10:45.227807 Oscar: No
2024-10-14 20:10:45.228239 Romeo: No
2024-10-14 20:10:45.229755 Yankee: No
2024-10-14 20:10:45.231361 Echo: No
2024-10-14 20:10:45.232672 Papa: No
ChatterBot Victor reevaluating
ChatterBot Oscar reevaluating
ChatterBot Yankee reevaluating
ChatterBot Quebec reevaluating
ChatterBot Oscar reevaluating
ChatterBot Yankee reevaluating
ChatterBot Quebec reevaluating
ChatterBot Victor reevaluating
ChatterBot Yankee reevaluating
ChatterBot Quebec reevaluating
ChatterBot Victor reevaluating
ChatterBot Oscar reevaluating
ChatterBot Yankee reevaluating
ChatterBot Quebec reevaluating
ChatterBot Victor reevaluating
ChatterBot Oscar reevaluating
ChatterBot Quebec reevaluating
ChatterBot Victor reevaluating
ChatterBot Oscar reevaluating
ChatterBot Yankee reevaluating
ChatterBot Quebec reevaluating
ChatterBot Victor reevaluating
ChatterBot Oscar reevaluating
ChatterBot Yankee reevaluating
2024-10-14 20:10:45.362754 Echo: Golf, sending you 4
2024-10-14 20:10:45.366659 Echo: Victor, sending you 5
2024-10-14 20:10:45.373761 Golf: Echo, sending you 3
2024-10-14 20:10:45.375002 Romeo: Echo and Victor, sending you 1
2024-10-14 20:10:45.375393 Quebec: Papa, Golf and Oscar, sending you 2
2024-10-14 20:10:45.379174 Golf: Victor, sending you 2
2024-10-14 20:10:45.379725 Romeo: Sierra, sending you 2
2024-10-14 20:10:45.380045 Quebec: Sierra, sending you 1
2024-10-14 20:10:45.380366 Mike: Victor and Quebec, sending you 1
2024-10-14 20:10:45.381710 Sierra: Papa and Golf, sending you 2
2024-10-14 20:10:45.382710 Papa: Sierra, Quebec and Yankee, sending you 1
2024-10-14 20:10:45.383994 Quebec: Yankee, sending you 3
2024-10-14 20:10:45.384299 Victor: Sending you each 6
2024-10-14 20:10:45.387833 Mike: Yankee, sending you 2
2024-10-14 20:10:45.388551 Yankee: Papa, sending you 5
2024-10-14 20:10:45.389031 Sierra: Quebec, sending you 1
2024-10-14 20:10:45.389450 Oscar: Papa, sending you 4
2024-10-14 20:10:45.390938 Papa: Golf, sending you 2
2024-10-14 20:10:45.398915 Yankee: Sierra, sending you 1
2024-10-14 20:10:45.399447 Sierra: Yankee, sending you 4
2024-10-14 20:10:45.400283 Oscar: Sierra, sending you 3
2024-10-14 20:10:45.400744 Papa: Oscar, sending you 3
2024-10-14 20:10:45.404178 Yankee: Golf and Quebec, sending you 3
2024-10-14 20:10:45.421101 Sierra: Oscar, sending you 3
2024-10-14 20:10:45.421609 Oscar: Golf, sending you 1
2024-10-14 20:10:45.422052 Yankee: Oscar, sending you 2
2024-10-14 20:10:45.434206 Oscar: Quebec and Yankee, sending you 2
chatterbot Mike submitting transactions
chatterbot Golf submitting transactions
chatterbot Echo submitting transactions
chatterbot Papa submitting transactions
chatterbot Oscar submitting transactions
chatterbot Romeo submitting transactions
chatterbot Yankee submitting transactions
chatterbot Sierra submitting transactions
chatterbot Quebec submitting transactions
chatterbot Victor submitting transactions
ChatterBot Echo round 2
ChatterBot Papa round 2
ChatterBot Sierra round 2
ChatterBot Golf round 2
ChatterBot Romeo round 2
2024-10-14 20:10:46.348299 Sierra: We should replace Golf with Romeo
ChatterBot Papa reevaluating
ChatterBot Quebec reevaluating
ChatterBot Yankee reevaluating
ChatterBot Oscar reevaluating
2024-10-14 20:10:46.408493 Papa: No
2024-10-14 20:10:46.408627 Quebec: No
2024-10-14 20:10:46.408743 Yankee: No
2024-10-14 20:10:46.408838 Oscar: No
ChatterBot Quebec reevaluating
ChatterBot Yankee reevaluating
ChatterBot Oscar reevaluating
ChatterBot Papa reevaluating
ChatterBot Yankee reevaluating
ChatterBot Oscar reevaluating
ChatterBot Papa reevaluating
ChatterBot Quebec reevaluating
ChatterBot Oscar reevaluating
ChatterBot Papa reevaluating
ChatterBot Quebec reevaluating
ChatterBot Yankee reevaluating
2024-10-14 20:10:46.534545 Quebec: Group up?
2024-10-14 20:10:46.544239 Sierra: Yes
ChatterBot Quebec reevaluating
ChatterBot Victor round 2
ChatterBot Quebec round 2
ChatterBot Mike round 2
2024-10-14 20:10:46.581021 Romeo: Group up?
ChatterBot Mike reevaluating
2024-10-14 20:10:46.585376 Mike: Yes
2024-10-14 20:10:46.589220 Mike: Group up?
2024-10-14 20:10:46.593226 Romeo: Yes
ChatterBot Mike reevaluating
ChatterBot Yankee round 2
ChatterBot Oscar round 2
2024-10-14 20:10:46.602761 Sierra: Romeo we want you to join our group
2024-10-14 20:10:46.606642 Romeo: No
ChatterBot Papa reevaluating
ChatterBot Quebec reevaluating
ChatterBot Yankee reevaluating
ChatterBot Oscar reevaluating
2024-10-14 20:10:46.632524 Quebec: We should replace Golf with Mike
2024-10-14 20:10:46.633012 Yankee: We should replace Golf with Mike
ChatterBot Papa reevaluating
ChatterBot Yankee reevaluating
ChatterBot Oscar reevaluating
2024-10-14 20:10:46.665589 Sierra: No
2024-10-14 20:10:46.672453 Papa: No
ChatterBot Papa reevaluating
ChatterBot Quebec reevaluating
2024-10-14 20:10:46.688698 Yankee: Yes
2024-10-14 20:10:46.688893 Oscar: No
ChatterBot Oscar reevaluating
2024-10-14 20:10:46.697721 Sierra: No
2024-10-14 20:10:46.697901 Papa: No
2024-10-14 20:10:46.698051 Quebec: Yes
2024-10-14 20:10:46.698209 Oscar: Yes
ChatterBot Papa reevaluating
ChatterBot Quebec reevaluating
ChatterBot Yankee reevaluating
ChatterBot Oscar reevaluating
ChatterBot Quebec reevaluating
ChatterBot Yankee reevaluating
ChatterBot Oscar reevaluating
ChatterBot Papa reevaluating
ChatterBot Quebec reevaluating
ChatterBot Oscar reevaluating
ChatterBot Papa reevaluating
ChatterBot Quebec reevaluating
ChatterBot Yankee reevaluating
ChatterBot Papa reevaluating
ChatterBot Quebec reevaluating
ChatterBot Yankee reevaluating
ChatterBot Oscar reevaluating
ChatterBot Quebec reevaluating
ChatterBot Yankee reevaluating
ChatterBot Oscar reevaluating
ChatterBot Papa reevaluating
ChatterBot Yankee reevaluating
ChatterBot Oscar reevaluating
ChatterBot Papa reevaluating
ChatterBot Quebec reevaluating
ChatterBot Yankee reevaluating
2024-10-14 20:10:46.963143 Victor: We should add Romeo
ChatterBot Golf reevaluating
2024-10-14 20:10:46.978174 Echo: No
2024-10-14 20:10:46.978352 Golf: Yes
ChatterBot Victor reevaluating
ChatterBot Golf reevaluating
ChatterBot Victor reevaluating
2024-10-14 20:10:47.046192 Papa: We should drop Golf
2024-10-14 20:10:47.166168 Sierra: Yes
2024-10-14 20:10:47.166577 Quebec: Yes
2024-10-14 20:10:47.167421 Yankee: Yes
2024-10-14 20:10:47.167646 Oscar: Yes
2024-10-14 20:10:47.258093 Victor: We should add Mike
ChatterBot Golf reevaluating
2024-10-14 20:10:47.267756 Echo: No
2024-10-14 20:10:47.268440 Golf: Yes
ChatterBot Victor reevaluating
ChatterBot Golf reevaluating
ChatterBot Echo reevaluating
ChatterBot Victor reevaluating
2024-10-14 20:10:47.297792 Oscar: Mike we want you to join our group
2024-10-14 20:10:47.308564 Mike: No
2024-10-14 20:10:47.351673 Yankee: Mike we want you to join our group
2024-10-14 20:10:47.361355 Mike: No
2024-10-14 20:10:47.392618 Quebec: Mike we want you to join our group
2024-10-14 20:10:47.401222 Mike: No
2024-10-14 20:10:47.429224 Romeo: Sending you 3
2024-10-14 20:10:47.430010 Echo: Romeo we want you to join our group
2024-10-14 20:10:47.436588 Romeo: No
ChatterBot Echo reevaluating
ChatterBot Victor reevaluating
chatterbot Echo submitting transactions
2024-10-14 20:10:47.453115 Sierra: Papa and Quebec, sending you 2
2024-10-14 20:10:47.453506 Mike: Sending you 11
2024-10-14 20:10:47.677216 Victor: Mike we want you to join our group
2024-10-14 20:10:47.681919 Mike: No
ChatterBot Victor reevaluating
ChatterBot Echo reevaluating
2024-10-14 20:10:47.697502 Sierra: Romeo, sending you 3
2024-10-14 20:10:47.697962 Papa: Sierra and Quebec, sending you 2
2024-10-14 20:10:47.698804 Golf: Echo, sending you 5
chatterbot Romeo submitting transactions
chatterbot Sierra submitting transactions
chatterbot Papa submitting transactions
chatterbot Quebec submitting transactions
2024-10-14 20:10:47.766261 Sierra: Yankee, sending you 1
2024-10-14 20:10:47.766696 Oscar: Papa, Sierra, Quebec and Yankee, sending you 3
2024-10-14 20:10:47.767392 Quebec: Papa, Sierra, Mike, Yankee and Oscar, sending you 2
2024-10-14 20:10:47.767761 Papa: Yankee, sending you 5
2024-10-14 20:10:47.768056 Golf: Victor, sending you 7
2024-10-14 20:10:47.768326 Yankee: Papa, sending you 1
2024-10-14 20:10:47.835887 Sierra: Oscar, sending you 4
2024-10-14 20:10:47.836263 Oscar: Mike, sending you 1
2024-10-14 20:10:47.836960 Yankee: Sierra, sending you 4
2024-10-14 20:10:47.837225 Papa: Oscar, sending you 4
2024-10-14 20:10:47.872684 Yankee: Quebec, Mike and Oscar, sending you 3
chatterbot Oscar submitting transactions
2024-10-14 20:10:47.886886 Echo: Golf, sending you 3
2024-10-14 20:10:47.887188 Victor: Echo, sending you 7
2024-10-14 20:10:47.895131 Echo: Romeo, sending you 2
2024-10-14 20:10:47.895559 Victor: Golf, sending you 4
2024-10-14 20:10:47.900269 Echo: Victor, sending you 4
2024-10-14 20:10:47.901087 Victor: Mike, sending you 3
chatterbot Mike submitting transactions
chatterbot Yankee submitting transactions
chatterbot Victor submitting transactions
chatterbot Golf submitting transactions
ChatterBot Echo round 3
ChatterBot Papa round 3
ChatterBot Sierra round 3
ChatterBot Golf round 3
ChatterBot Romeo round 3
ChatterBot Victor round 3
ChatterBot Quebec round 3
ChatterBot Mike round 3
ChatterBot Yankee round 3
ChatterBot Oscar round 3
2024-10-14 20:10:48.250122 Mike: We should group up
ChatterBot Golf reevaluating
ChatterBot Victor reevaluating
2024-10-14 20:10:48.274852 Romeo: No
2024-10-14 20:10:48.275140 Echo: No
2024-10-14 20:10:48.275405 Golf: No
2024-10-14 20:10:48.276068 Victor: Yes
ChatterBot Mike reevaluating
ChatterBot Golf reevaluating
ChatterBot Victor reevaluating
ChatterBot Mike reevaluating
ChatterBot Golf reevaluating
ChatterBot Victor reevaluating
ChatterBot Mike reevaluating
ChatterBot Victor reevaluating
ChatterBot Mike reevaluating
ChatterBot Golf reevaluating
2024-10-14 20:10:48.372032 Golf: We should add Mike
ChatterBot Victor reevaluating
2024-10-14 20:10:48.385499 Echo: No
2024-10-14 20:10:48.388538 Victor: Yes
ChatterBot Victor reevaluating
ChatterBot Golf reevaluating
ChatterBot Golf reevaluating
2024-10-14 20:10:48.435738 Echo: We should drop Romeo
ChatterBot Victor reevaluating
ChatterBot Golf reevaluating
2024-10-14 20:10:48.448337 Victor: Yes
2024-10-14 20:10:48.448521 Golf: Yes
ChatterBot Golf reevaluating
ChatterBot Victor reevaluating
chatterbot Echo submitting transactions
2024-10-14 20:10:48.491828 Papa: Sierra, Quebec and Yankee, sending you 3
2024-10-14 20:10:48.492207 Sierra: Papa and Quebec, sending you 2
2024-10-14 20:10:48.492942 Golf: Mike we want you to join our group
ChatterBot Mike reevaluating
2024-10-14 20:10:48.497415 Mike: Yes
ChatterBot Victor reevaluating
ChatterBot Echo reevaluating
2024-10-14 20:10:48.508336 Echo: We should replace Romeo with Mike
ChatterBot Victor reevaluating
2024-10-14 20:10:48.515600 Victor: Yes
2024-10-14 20:10:48.515792 Golf: Yes
ChatterBot Echo reevaluating
ChatterBot Echo reevaluating
ChatterBot Victor reevaluating
2024-10-14 20:10:48.530767 Papa: Oscar, sending you 4
2024-10-14 20:10:48.531192 Sierra: Romeo, sending you 1
2024-10-14 20:10:48.543006 Romeo: Sending you 5
2024-10-14 20:10:48.543360 Quebec: Papa, Sierra, Mike, Yankee and Oscar, sending you 2
2024-10-14 20:10:48.544227 Oscar: Papa, Sierra, Quebec and Yankee, sending you 3
2024-10-14 20:10:48.544758 Sierra: Yankee, sending you 3
2024-10-14 20:10:48.545217 Yankee: Papa, Sierra, Quebec and Oscar, sending you 3
2024-10-14 20:10:48.579264 Romeo: Echo did not give me 2 like they said
ChatterBot Mike reevaluating
2024-10-14 20:10:48.583532 Oscar: Mike, sending you 1
2024-10-14 20:10:48.584346 Sierra: Oscar, sending you 4
2024-10-14 20:10:48.584760 Yankee: Mike, sending you 2
2024-10-14 20:10:48.660187 Victor: Echo and Golf, sending you 7
2024-10-14 20:10:48.660701 Golf: Echo and Victor, sending you 5
2024-10-14 20:10:48.709496 Victor: Mike, sending you 2
2024-10-14 20:10:48.709956 Golf: Mike, sending you 2
2024-10-14 20:10:48.710208 Echo: Golf, sending you 4
2024-10-14 20:10:48.723219 Echo: Victor, sending you 5
2024-10-14 20:10:48.723867 Mike: Romeo, sending you 3
2024-10-14 20:10:48.766558 Mike: Quebec, sending you 2
2024-10-14 20:10:48.806088 Mike: Yankee, sending you 5
2024-10-14 20:10:48.917677 Mike: Oscar, sending you 1
chatterbot Yankee submitting transactions
chatterbot Golf submitting transactions
chatterbot Romeo submitting transactions
chatterbot Mike submitting transactions
chatterbot Papa submitting transactions
chatterbot Echo submitting transactions
chatterbot Sierra submitting transactions
chatterbot Oscar submitting transactions
chatterbot Victor submitting transactions
chatterbot Quebec submitting transactions
ChatterBot Echo round 4
ChatterBot Papa round 4
ChatterBot Sierra round 4
ChatterBot Golf round 4
ChatterBot Romeo round 4
ChatterBot Victor round 4
ChatterBot Quebec round 4
ChatterBot Mike round 4
ChatterBot Yankee round 4
ChatterBot Oscar round 4
2024-10-14 20:10:49.704673 Papa: We should add Mike
2024-10-14 20:10:49.722341 Sierra: No
2024-10-14 20:10:49.722766 Quebec: Yes
2024-10-14 20:10:49.723150 Yankee: Yes
2024-10-14 20:10:49.723443 Oscar: Yes
ChatterBot Papa reevaluating
ChatterBot Papa reevaluating
ChatterBot Papa reevaluating
ChatterBot Papa reevaluating
2024-10-14 20:10:49.829348 Sierra: We should drop Romeo
ChatterBot Papa reevaluating
2024-10-14 20:10:49.853358 Papa: Yes
2024-10-14 20:10:49.853578 Quebec: Yes
2024-10-14 20:10:49.853870 Yankee: Yes
2024-10-14 20:10:49.854143 Oscar: Yes
ChatterBot Sierra reevaluating
ChatterBot Sierra reevaluating
ChatterBot Papa reevaluating
ChatterBot Sierra reevaluating
ChatterBot Papa reevaluating
ChatterBot Sierra reevaluating
ChatterBot Papa reevaluating
2024-10-14 20:10:49.942367 Echo: Golf, sending you 4
2024-10-14 20:10:49.949144 Echo: Victor, sending you 5
2024-10-14 20:10:49.950314 Mike: Romeo, sending you 5
2024-10-14 20:10:49.950760 Victor: Echo and Golf, sending you 7
2024-10-14 20:10:49.951033 Romeo: Same as last round
2024-10-14 20:10:49.951738 Yankee: Papa, Sierra, Mike and Oscar, sending you 3
2024-10-14 20:10:49.952267 Quebec: Papa, Sierra, Mike, Yankee and Oscar, sending you 2
2024-10-14 20:10:49.964903 Golf: Echo and Victor, sending you 5
2024-10-14 20:10:49.965434 Mike: Quebec, sending you 2
2024-10-14 20:10:49.966411 Victor: Mike, sending you 2
2024-10-14 20:10:49.966832 Oscar: Papa, Sierra, Quebec and Yankee, sending you 3
2024-10-14 20:10:49.967778 Yankee: Quebec, sending you 2
2024-10-14 20:10:49.968328 Papa: Sierra, sending you 2
2024-10-14 20:10:49.985974 Golf: Mike, sending you 2
2024-10-14 20:10:49.986432 Mike: Yankee, sending you 3
2024-10-14 20:10:49.986934 Oscar: Mike, sending you 1
2024-10-14 20:10:49.988044 Sierra: Papa and Yankee, sending you 3
2024-10-14 20:10:49.988645 Papa: Quebec, sending you 3
2024-10-14 20:10:49.989744 Mike: Oscar, sending you 1
2024-10-14 20:10:50.001899 Sierra: Quebec, sending you 2
2024-10-14 20:10:50.002970 Papa: Yankee and Oscar, sending you 4
2024-10-14 20:10:50.019651 Sierra: Oscar, sending you 4
chatterbot Yankee submitting transactions
chatterbot Echo submitting transactions
chatterbot Golf submitting transactions
chatterbot Oscar submitting transactions
chatterbot Mike submitting transactions
chatterbot Sierra submitting transactions
chatterbot Quebec submitting transactions
chatterbot Romeo submitting transactions
chatterbot Victor submitting transactions
chatterbot Papa submitting transactions
ChatterBot Echo round 5
ChatterBot Papa round 5
ChatterBot Sierra round 5
ChatterBot Golf round 5
ChatterBot Romeo round 5
ChatterBot Victor round 5
ChatterBot Quebec round 5
ChatterBot Mike round 5
ChatterBot Yankee round 5
ChatterBot Oscar round 5
2024-10-14 20:10:51.204332 Romeo: Group up?
ChatterBot Golf reevaluating
ChatterBot Victor reevaluating
2024-10-14 20:10:51.218984 Mike: No
2024-10-14 20:10:51.219243 Echo: No
2024-10-14 20:10:51.219443 Golf: Yes
2024-10-14 20:10:51.220058 Victor: Yes
ChatterBot Golf reevaluating
ChatterBot Victor reevaluating
ChatterBot Mike reevaluating
ChatterBot Romeo reevaluating
ChatterBot Golf reevaluating
ChatterBot Victor reevaluating
ChatterBot Mike reevaluating
ChatterBot Romeo reevaluating
ChatterBot Victor reevaluating
ChatterBot Mike reevaluating
ChatterBot Romeo reevaluating
ChatterBot Golf reevaluating
2024-10-14 20:10:51.283074 Golf: We should add Romeo
2024-10-14 20:10:51.285522 Victor: We should add Romeo
ChatterBot Victor reevaluating
ChatterBot Mike reevaluating
2024-10-14 20:10:51.301910 Victor: Yes
2024-10-14 20:10:51.302229 Echo: No
ChatterBot Golf reevaluating
2024-10-14 20:10:51.311011 Mike: Yes
ChatterBot Mike reevaluating
2024-10-14 20:10:51.315202 Echo: No
2024-10-14 20:10:51.315397 Golf: Yes
2024-10-14 20:10:51.315533 Mike: Yes
ChatterBot Golf reevaluating
ChatterBot Mike reevaluating
ChatterBot Victor reevaluating
ChatterBot Golf reevaluating
ChatterBot Mike reevaluating
ChatterBot Victor reevaluating
ChatterBot Golf reevaluating
ChatterBot Victor reevaluating
ChatterBot Golf reevaluating
ChatterBot Mike reevaluating
ChatterBot Victor reevaluating
ChatterBot Mike reevaluating
ChatterBot Victor reevaluating
ChatterBot Golf reevaluating
2024-10-14 20:10:51.430417 Golf: Romeo we want you to join our group
ChatterBot Romeo reevaluating
2024-10-14 20:10:51.435318 Romeo: Yes
2024-10-14 20:10:51.448894 Victor: Romeo we want you to join our group
ChatterBot Romeo reevaluating
2024-10-14 20:10:51.453213 Romeo: Yes
2024-10-14 20:10:51.470795 Echo: Golf, sending you 4
2024-10-14 20:10:51.471183 Yankee: Papa, Sierra, Mike and Oscar, sending you 3
2024-10-14 20:10:51.472137 Mike: Golf, sending you 2
2024-10-14 20:10:51.472489 Papa: Sierra, sending you 3
2024-10-14 20:10:51.472901 Sierra: Papa and Yankee, sending you 3
2024-10-14 20:10:51.473654 Quebec: Papa, Sierra, Mike, Yankee and Oscar, sending you 2
2024-10-14 20:10:51.474023 Oscar: Papa, Sierra, Quebec and Yankee, sending you 3
2024-10-14 20:10:51.474425 Echo: Victor, sending you 5
2024-10-14 20:10:51.475187 Mike: Romeo, sending you 6
2024-10-14 20:10:51.476674 Yankee: Quebec, sending you 2
2024-10-14 20:10:51.477765 Papa: Quebec, sending you 2
2024-10-14 20:10:51.478959 Oscar: Mike, sending you 1
2024-10-14 20:10:51.480111 Mike: Victor, sending you 3
2024-10-14 20:10:51.480797 Sierra: Quebec, sending you 2
2024-10-14 20:10:51.481817 Victor: Echo and Golf, sending you 7
2024-10-14 20:10:51.482228 Papa: Yankee and Oscar, sending you 4
2024-10-14 20:10:51.484791 Golf: Echo, sending you 4
2024-10-14 20:10:51.485050 Victor: Romeo and Mike, sending you 1
2024-10-14 20:10:51.489077 Sierra: Oscar, sending you 4
2024-10-14 20:10:51.489638 Golf: Romeo, sending you 2
2024-10-14 20:10:51.502601 Golf: Victor, sending you 5
2024-10-14 20:10:51.511797 Romeo: Mike, sending you 5
2024-10-14 20:10:51.513265 Golf: Mike, sending you 1
chatterbot Quebec submitting transactions
chatterbot Sierra submitting transactions
chatterbot Echo submitting transactions
chatterbot Victor submitting transactions
chatterbot Golf submitting transactions
chatterbot Papa submitting transactions
chatterbot Yankee submitting transactions
chatterbot Romeo submitting transactions
chatterbot Mike submitting transactions
chatterbot Oscar submitting transactions
ChatterBot Echo round 6
ChatterBot Papa round 6
ChatterBot Sierra round 6
ChatterBot Golf round 6
ChatterBot Romeo round 6
ChatterBot Victor round 6
ChatterBot Quebec round 6
ChatterBot Mike round 6
ChatterBot Yankee round 6
ChatterBot Oscar round 6
2024-10-14 20:10:52.706666 Echo: Golf, sending you 4
2024-10-14 20:10:52.707042 Papa: Sierra, sending you 3
2024-10-14 20:10:52.710650 Echo: Victor, sending you 5
2024-10-14 20:10:52.711667 Papa: Quebec, sending you 2
2024-10-14 20:10:52.713078 Romeo: Golf, sending you 1
2024-10-14 20:10:52.714699 Papa: Yankee and Oscar, sending you 4
2024-10-14 20:10:52.716654 Quebec: Papa, Sierra, Mike, Yankee and Oscar, sending you 2
2024-10-14 20:10:52.717696 Romeo: Mike, sending you 5
2024-10-14 20:10:52.718957 Golf: Echo, sending you 4
2024-10-14 20:10:52.719458 Oscar: Papa, Sierra, Quebec and Yankee, sending you 3
2024-10-14 20:10:52.720657 Sierra: Papa and Yankee, sending you 3
2024-10-14 20:10:52.721673 Golf: Romeo, sending you 1
2024-10-14 20:10:52.722692 Mike: Golf and Victor, sending you 2
2024-10-14 20:10:52.723271 Victor: Echo, sending you 7
2024-10-14 20:10:52.724303 Oscar: Mike, sending you 1
2024-10-14 20:10:52.724792 Yankee: Papa, Sierra, Quebec and Oscar, sending you 3
2024-10-14 20:10:52.725237 Sierra: Quebec, sending you 2
2024-10-14 20:10:52.726661 Golf: Victor, sending you 5
2024-10-14 20:10:52.727661 Mike: Romeo, sending you 7
2024-10-14 20:10:52.727992 Victor: Golf, sending you 6
2024-10-14 20:10:52.729075 Yankee: Mike, sending you 2
2024-10-14 20:10:52.729666 Sierra: Oscar, sending you 4
2024-10-14 20:10:52.731679 Golf: Mike, sending you 2
2024-10-14 20:10:52.732692 Victor: Romeo, sending you 1
2024-10-14 20:10:52.735687 Victor: Mike, sending you 2
chatterbot Golf submitting transactions
chatterbot Quebec submitting transactions
chatterbot Oscar submitting transactions
chatterbot Romeo submitting transactions
chatterbot Echo submitting transactions
chatterbot Papa submitting transactions
chatterbot Mike submitting transactions
chatterbot Sierra submitting transactions
chatterbot Victor submitting transactions
chatterbot Yankee submitting transactions
ChatterBot Echo round 7
ChatterBot Papa round 7
ChatterBot Sierra round 7
ChatterBot Golf round 7
ChatterBot Romeo round 7
ChatterBot Victor round 7
ChatterBot Quebec round 7
ChatterBot Mike round 7
ChatterBot Yankee round 7
2024-10-14 20:10:53.935328 Echo: We should add Romeo and Mike
2024-10-14 20:10:53.944863 Victor: Yes
2024-10-14 20:10:53.945472 Golf: Yes
ChatterBot Oscar round 7
2024-10-14 20:10:53.990246 Echo: Romeo and Mike we want you to join our group
ChatterBot Romeo reevaluating
2024-10-14 20:10:54.000388 Mike: Yes
2024-10-14 20:10:54.001479 Romeo: No
ChatterBot Romeo reevaluating
2024-10-14 20:10:54.041165 Yankee: We should drop Mike
ChatterBot Quebec reevaluating
2024-10-14 20:10:54.051572 Sierra: Yes
2024-10-14 20:10:54.051735 Papa: Yes
2024-10-14 20:10:54.051855 Quebec: Yes
2024-10-14 20:10:54.051967 Oscar: Yes
ChatterBot Quebec reevaluating
ChatterBot Yankee reevaluating
ChatterBot Quebec reevaluating
ChatterBot Yankee reevaluating
ChatterBot Yankee reevaluating
ChatterBot Quebec reevaluating
ChatterBot Yankee reevaluating
2024-10-14 20:10:54.095914 Sierra: Papa and Yankee, sending you 3
2024-10-14 20:10:54.099674 Mike: Golf and Victor, sending you 2
2024-10-14 20:10:54.101353 Golf: Echo and Victor, sending you 4
2024-10-14 20:10:54.101856 Papa: Sierra, sending you 3
2024-10-14 20:10:54.102429 Sierra: Quebec, sending you 2
2024-10-14 20:10:54.102901 Victor: Echo, sending you 7
2024-10-14 20:10:54.104872 Mike: Romeo, sending you 7
2024-10-14 20:10:54.105880 Papa: Quebec, sending you 2
2024-10-14 20:10:54.106727 Golf: Romeo and Mike, sending you 2
2024-10-14 20:10:54.107354 Sierra: Oscar, sending you 4
2024-10-14 20:10:54.108359 Victor: Golf, sending you 6
2024-10-14 20:10:54.110106 Papa: Yankee and Oscar, sending you 4
2024-10-14 20:10:54.110601 Echo: Golf and Victor, sending you 3
2024-10-14 20:10:54.113707 Victor: Romeo, sending you 1
2024-10-14 20:10:54.115066 Echo: Romeo, sending you 2
2024-10-14 20:10:54.117684 Victor: Mike, sending you 2
2024-10-14 20:10:54.118726 Romeo: Golf, sending you 1
2024-10-14 20:10:54.119694 Echo: Mike, sending you 1
2024-10-14 20:10:54.122981 Romeo: Mike, sending you 6
2024-10-14 20:10:54.123520 Yankee: Papa and Oscar, sending you 4
2024-10-14 20:10:54.125674 Oscar: Papa, sending you 4
2024-10-14 20:10:54.127078 Yankee: Sierra and Quebec, sending you 3
2024-10-14 20:10:54.130938 Oscar: Sierra, Quebec and Yankee, sending you 3
2024-10-14 20:10:54.135678 Quebec: Papa and Sierra, sending you 2
2024-10-14 20:10:54.139659 Quebec: Yankee and Oscar, sending you 3
chatterbot Victor submitting transactions
chatterbot Oscar submitting transactions
chatterbot Golf submitting transactions
chatterbot Papa submitting transactions
chatterbot Echo submitting transactions
chatterbot Quebec submitting transactions
chatterbot Romeo submitting transactions
chatterbot Yankee submitting transactions
chatterbot Mike submitting transactions
chatterbot Sierra submitting transactions
ChatterBot Echo round 8
ChatterBot Papa round 8
ChatterBot Sierra round 8
ChatterBot Golf round 8
ChatterBot Romeo round 8
ChatterBot Victor round 8
ChatterBot Quebec round 8
ChatterBot Mike round 8
ChatterBot Yankee round 8
ChatterBot Oscar round 8
2024-10-14 20:10:55.195694 Sierra: Papa and Yankee, sending you 3
2024-10-14 20:10:55.198693 Victor: Echo and Golf, sending you 6
2024-10-14 20:10:55.200682 Papa: Sierra, sending you 3
2024-10-14 20:10:55.202030 Sierra: Quebec, sending you 2
2024-10-14 20:10:55.202565 Victor: Romeo, sending you 1
2024-10-14 20:10:55.203057 Echo: Golf and Victor, sending you 3
2024-10-14 20:10:55.203680 Romeo: Echo and Golf, sending you 1
2024-10-14 20:10:55.204676 Papa: Quebec, sending you 2
2024-10-14 20:10:55.205690 Victor: Mike, sending you 3
2024-10-14 20:10:55.206661 Sierra: Oscar, sending you 4
2024-10-14 20:10:55.207609 Golf: Echo and Victor, sending you 4
2024-10-14 20:10:55.208062 Echo: Romeo, sending you 2
2024-10-14 20:10:55.208497 Papa: Yankee and Oscar, sending you 4
2024-10-14 20:10:55.209655 Romeo: Mike, sending you 6
2024-10-14 20:10:55.210723 Echo: Mike, sending you 1
2024-10-14 20:10:55.213537 Golf: Romeo and Mike, sending you 2
2024-10-14 20:10:55.214378 Mike: Echo, sending you 1
2024-10-14 20:10:55.214875 Quebec: Papa and Sierra, sending you 2
2024-10-14 20:10:55.215483 Oscar: Papa, Quebec and Yankee, sending you 3
2024-10-14 20:10:55.216009 Yankee: Papa and Oscar, sending you 4
2024-10-14 20:10:55.218675 Quebec: Yankee and Oscar, sending you 3
2024-10-14 20:10:55.220026 Mike: Golf and Victor, sending you 2
2024-10-14 20:10:55.220490 Oscar: Sierra, sending you 4
2024-10-14 20:10:55.221695 Yankee: Sierra and Quebec, sending you 3
2024-10-14 20:10:55.222710 Mike: Romeo, sending you 6
chatterbot Sierra submitting transactions
chatterbot Golf submitting transactions
chatterbot Romeo submitting transactions
chatterbot Echo submitting transactions
chatterbot Oscar submitting transactions
chatterbot Mike submitting transactions
chatterbot Victor submitting transactions
chatterbot Yankee submitting transactions
chatterbot Papa submitting transactions
chatterbot Quebec submitting transactions
ChatterBot Echo round 9
ChatterBot Papa round 9
ChatterBot Sierra round 9
ChatterBot Golf round 9
ChatterBot Romeo round 9
ChatterBot Victor round 9
ChatterBot Quebec round 9
ChatterBot Mike round 9
ChatterBot Yankee round 9
ChatterBot Oscar round 9
2024-10-14 20:10:56.449658 Papa: Sierra, sending you 3
2024-10-14 20:10:56.450895 Victor: Echo and Golf, sending you 6
2024-10-14 20:10:56.451705 Echo: Golf and Victor, sending you 3
2024-10-14 20:10:56.453973 Golf: Echo, sending you 3
2024-10-14 20:10:56.454661 Mike: Echo, sending you 1
2024-10-14 20:10:56.455158 Victor: Romeo, sending you 1
2024-10-14 20:10:56.456184 Papa: Quebec, sending you 2
2024-10-14 20:10:56.456644 Echo: Romeo, sending you 2
2024-10-14 20:10:56.457188 Sierra: Papa and Yankee, sending you 3
2024-10-14 20:10:56.458347 Oscar: Papa, sending you 4
2024-10-14 20:10:56.458926 Mike: Golf and Victor, sending you 2
2024-10-14 20:10:56.459745 Golf: Romeo and Mike, sending you 2
2024-10-14 20:10:56.460160 Yankee: Papa and Oscar, sending you 4
2024-10-14 20:10:56.460661 Victor: Mike, sending you 3
2024-10-14 20:10:56.461574 Quebec: Papa and Sierra, sending you 2
2024-10-14 20:10:56.462208 Echo: Mike, sending you 1
2024-10-14 20:10:56.463156 Papa: Yankee and Oscar, sending you 4
2024-10-14 20:10:56.463623 Romeo: Echo, Golf and Victor, sending you 1
2024-10-14 20:10:56.464141 Sierra: Quebec, sending you 2
2024-10-14 20:10:56.464996 Oscar: Sierra, Quebec and Yankee, sending you 3
2024-10-14 20:10:56.465517 Mike: Romeo, sending you 6
2024-10-14 20:10:56.466010 Yankee: Sierra and Quebec, sending you 3
2024-10-14 20:10:56.466836 Golf: Victor, sending you 5
2024-10-14 20:10:56.467373 Quebec: Yankee and Oscar, sending you 3
2024-10-14 20:10:56.468310 Romeo: Mike, sending you 6
2024-10-14 20:10:56.468874 Sierra: Oscar, sending you 4
chatterbot Romeo submitting transactions
chatterbot Victor submitting transactions
chatterbot Yankee submitting transactions
chatterbot Quebec submitting transactions
chatterbot Echo submitting transactions
chatterbot Golf submitting transactions
chatterbot Mike submitting transactions
chatterbot Oscar submitting transactions
chatterbot Sierra submitting transactions
chatterbot Papa submitting transactions
ChatterBot Echo round 10
ChatterBot Papa round 10
ChatterBot Sierra round 10
ChatterBot Golf round 10
ChatterBot Romeo round 10
ChatterBot Victor round 10
ChatterBot Quebec round 10
ChatterBot Mike round 10
ChatterBot Yankee round 10
ChatterBot Oscar round 10
2024-10-14 20:10:57.815281 Mike: We should add Quebec
ChatterBot Romeo reevaluating
2024-10-14 20:10:57.832907 Romeo: No
2024-10-14 20:10:57.833126 Echo: No
2024-10-14 20:10:57.833319 Golf: No
2024-10-14 20:10:57.833490 Victor: No
ChatterBot Mike reevaluating
ChatterBot Romeo reevaluating
ChatterBot Mike reevaluating
ChatterBot Romeo reevaluating
ChatterBot Echo reevaluating
ChatterBot Mike reevaluating
ChatterBot Romeo reevaluating
ChatterBot Echo reevaluating
2024-10-14 20:10:57.925585 Mike: We should add Yankee
ChatterBot Romeo reevaluating
ChatterBot Echo reevaluating
2024-10-14 20:10:57.947399 Romeo: No
2024-10-14 20:10:57.947936 Echo: No
2024-10-14 20:10:57.948990 Golf: No
2024-10-14 20:10:57.949478 Victor: No
ChatterBot Mike reevaluating
ChatterBot Echo reevaluating
ChatterBot Mike reevaluating
ChatterBot Romeo reevaluating
ChatterBot Mike reevaluating
ChatterBot Romeo reevaluating
ChatterBot Echo reevaluating
ChatterBot Mike reevaluating
ChatterBot Romeo reevaluating
ChatterBot Echo reevaluating
2024-10-14 20:10:58.028838 Sierra: Papa and Yankee, sending you 3
2024-10-14 20:10:58.032171 Golf: Echo, sending you 3
2024-10-14 20:10:58.032932 Quebec: Papa and Sierra, sending you 2
2024-10-14 20:10:58.033634 Yankee: Papa and Oscar, sending you 4
2024-10-14 20:10:58.034755 Papa: Sierra, sending you 3
2024-10-14 20:10:58.035515 Sierra: Quebec, sending you 2
2024-10-14 20:10:58.036149 Victor: Echo, sending you 5
2024-10-14 20:10:58.037272 Golf: Romeo and Mike, sending you 2
2024-10-14 20:10:58.037994 Quebec: Yankee and Oscar, sending you 3
2024-10-14 20:10:58.039281 Papa: Quebec, sending you 2
2024-10-14 20:10:58.039725 Yankee: Sierra and Quebec, sending you 3
2024-10-14 20:10:58.040482 Sierra: Oscar, sending you 4
2024-10-14 20:10:58.040976 Victor: Golf, sending you 7
2024-10-14 20:10:58.042840 Golf: Victor, sending you 5
2024-10-14 20:10:58.043712 Papa: Yankee and Oscar, sending you 4
2024-10-14 20:10:58.044697 Victor: Romeo, sending you 1
2024-10-14 20:10:58.050720 Victor: Mike, sending you 3
2024-10-14 20:10:58.053693 Romeo: Echo, Golf and Victor, sending you 1
2024-10-14 20:10:58.055684 Echo: Golf and Victor, sending you 3
2024-10-14 20:10:58.057682 Romeo: Mike, sending you 6
2024-10-14 20:10:58.059680 Mike: Echo, sending you 1
2024-10-14 20:10:58.060670 Echo: Romeo, sending you 2
2024-10-14 20:10:58.064460 Mike: Golf and Victor, sending you 2
2024-10-14 20:10:58.065301 Echo: Mike, sending you 1
2024-10-14 20:10:58.067663 Mike: Romeo, sending you 6
chatterbot Papa submitting transactions
chatterbot Yankee submitting transactions
chatterbot Quebec submitting transactions
chatterbot Victor submitting transactions
chatterbot Oscar submitting transactions
chatterbot Sierra submitting transactions
chatterbot Romeo submitting transactions
chatterbot Golf submitting transactions
chatterbot Echo submitting transactions
chatterbot Mike submitting transactions
ChatterBot Echo round 11
ChatterBot Papa round 11
ChatterBot Sierra round 11
ChatterBot Golf round 11
ChatterBot Romeo round 11
ChatterBot Victor round 11
ChatterBot Quebec round 11
ChatterBot Mike round 11
ChatterBot Yankee round 11
ChatterBot Oscar round 11
2024-10-14 20:10:59.273840 Sierra: We should add Mike
ChatterBot Yankee reevaluating
2024-10-14 20:10:59.288188 Papa: No
2024-10-14 20:10:59.288379 Quebec: No
2024-10-14 20:10:59.288573 Yankee: No
2024-10-14 20:10:59.288735 Oscar: No
ChatterBot Sierra reevaluating
ChatterBot Yankee reevaluating
ChatterBot Sierra reevaluating
ChatterBot Yankee reevaluating
ChatterBot Sierra reevaluating
ChatterBot Sierra reevaluating
ChatterBot Yankee reevaluating
2024-10-14 20:10:59.349444 Golf: We should add Papa
ChatterBot Mike reevaluating
ChatterBot Romeo reevaluating
2024-10-14 20:10:59.364907 Mike: No
2024-10-14 20:10:59.365067 Romeo: No
2024-10-14 20:10:59.365186 Echo: No
2024-10-14 20:10:59.365299 Victor: No
ChatterBot Romeo reevaluating
ChatterBot Golf reevaluating
ChatterBot Mike reevaluating
ChatterBot Golf reevaluating
ChatterBot Mike reevaluating
ChatterBot Romeo reevaluating
ChatterBot Golf reevaluating
ChatterBot Mike reevaluating
ChatterBot Romeo reevaluating
ChatterBot Golf reevaluating
2024-10-14 20:10:59.429182 Mike: We should add Quebec
ChatterBot Romeo reevaluating
ChatterBot Golf reevaluating
2024-10-14 20:10:59.445011 Romeo: No
2024-10-14 20:10:59.445214 Echo: No
2024-10-14 20:10:59.445341 Golf: No
2024-10-14 20:10:59.445457 Victor: No
ChatterBot Mike reevaluating
ChatterBot Golf reevaluating
ChatterBot Mike reevaluating
ChatterBot Romeo reevaluating
ChatterBot Golf reevaluating
ChatterBot Mike reevaluating
ChatterBot Romeo reevaluating
ChatterBot Mike reevaluating
ChatterBot Romeo reevaluating
ChatterBot Golf reevaluating
2024-10-14 20:10:59.525844 Quebec: We should add Echo
ChatterBot Sierra reevaluating
ChatterBot Yankee reevaluating
2024-10-14 20:10:59.547141 Sierra: No
2024-10-14 20:10:59.547312 Papa: No
2024-10-14 20:10:59.547435 Yankee: Yes
2024-10-14 20:10:59.547552 Oscar: No
ChatterBot Quebec reevaluating
ChatterBot Yankee reevaluating
ChatterBot Sierra reevaluating
ChatterBot Quebec reevaluating
ChatterBot Yankee reevaluating
ChatterBot Sierra reevaluating
ChatterBot Quebec reevaluating
ChatterBot Sierra reevaluating
ChatterBot Quebec reevaluating
ChatterBot Yankee reevaluating
2024-10-14 20:10:59.613664 Echo: We should drop Romeo
ChatterBot Victor reevaluating
ChatterBot Golf reevaluating
ChatterBot Mike reevaluating
2024-10-14 20:10:59.626856 Victor: No
2024-10-14 20:10:59.626994 Golf: No
2024-10-14 20:10:59.627107 Mike: No
ChatterBot Echo reevaluating
ChatterBot Golf reevaluating
ChatterBot Mike reevaluating
ChatterBot Victor reevaluating
ChatterBot Echo reevaluating
ChatterBot Mike reevaluating
ChatterBot Victor reevaluating
ChatterBot Echo reevaluating
ChatterBot Golf reevaluating
2024-10-14 20:10:59.686127 Golf: We should add Sierra
ChatterBot Mike reevaluating
ChatterBot Romeo reevaluating
ChatterBot Echo reevaluating
ChatterBot Victor reevaluating
2024-10-14 20:10:59.717160 Mike: Yes
2024-10-14 20:10:59.717364 Romeo: No
2024-10-14 20:10:59.717532 Echo: No
2024-10-14 20:10:59.717707 Victor: No
ChatterBot Romeo reevaluating
ChatterBot Echo reevaluating
ChatterBot Golf reevaluating
ChatterBot Victor reevaluating
ChatterBot Mike reevaluating
ChatterBot Echo reevaluating
ChatterBot Golf reevaluating
ChatterBot Victor reevaluating
ChatterBot Mike reevaluating
ChatterBot Romeo reevaluating
ChatterBot Golf reevaluating
ChatterBot Victor reevaluating
ChatterBot Mike reevaluating
ChatterBot Romeo reevaluating
ChatterBot Echo reevaluating
ChatterBot Golf reevaluating
2024-10-14 20:10:59.928266 Mike: We should add Yankee
ChatterBot Echo reevaluating
ChatterBot Golf reevaluating
ChatterBot Victor reevaluating
2024-10-14 20:10:59.946703 Romeo: No
2024-10-14 20:10:59.946937 Echo: No
2024-10-14 20:10:59.947300 Golf: Yes
2024-10-14 20:10:59.947653 Victor: No
ChatterBot Mike reevaluating
ChatterBot Echo reevaluating
ChatterBot Golf reevaluating
ChatterBot Victor reevaluating
ChatterBot Mike reevaluating
ChatterBot Golf reevaluating
ChatterBot Victor reevaluating
ChatterBot Mike reevaluating
ChatterBot Echo reevaluating
ChatterBot Victor reevaluating
ChatterBot Mike reevaluating
ChatterBot Echo reevaluating
ChatterBot Golf reevaluating
2024-10-14 20:11:00.066994 Sierra: Echo we want you to join our group
ChatterBot Echo reevaluating
2024-10-14 20:11:00.080405 Echo: No
ChatterBot Sierra reevaluating
ChatterBot Quebec reevaluating
2024-10-14 20:11:00.115927 Yankee: Mike we want you to join our group
ChatterBot Mike reevaluating
2024-10-14 20:11:00.127909 Mike: No
ChatterBot Sierra reevaluating
ChatterBot Quebec reevaluating
2024-10-14 20:11:00.161854 Sierra: We should add Golf
ChatterBot Quebec reevaluating
2024-10-14 20:11:00.186576 Papa: No
2024-10-14 20:11:00.187244 Quebec: No
2024-10-14 20:11:00.187433 Yankee: No
2024-10-14 20:11:00.187595 Oscar: No
ChatterBot Sierra reevaluating
ChatterBot Quebec reevaluating
ChatterBot Sierra reevaluating
ChatterBot Sierra reevaluating
ChatterBot Quebec reevaluating
ChatterBot Sierra reevaluating
ChatterBot Quebec reevaluating
2024-10-14 20:11:00.296832 Romeo: We should drop Echo
ChatterBot Golf reevaluating
ChatterBot Victor reevaluating
ChatterBot Mike reevaluating
2024-10-14 20:11:00.321193 Golf: No
2024-10-14 20:11:00.321437 Victor: Yes
2024-10-14 20:11:00.321652 Mike: No
ChatterBot Victor reevaluating
ChatterBot Mike reevaluating
ChatterBot Golf reevaluating
ChatterBot Mike reevaluating
ChatterBot Golf reevaluating
ChatterBot Victor reevaluating
2024-10-14 20:11:00.367679 Papa: Sierra, Quebec and Oscar, sending you 3
2024-10-14 20:11:00.460774 Mike: Yankee we want you to join our group
2024-10-14 20:11:00.465348 Yankee: No
