ChatterBot Romeo round 1
ChatterBot Lima round 1
ChatterBot Golf round 1
ChatterBot Mike round 1
ChatterBot Victor round 1
ChatterBot Yankee round 1
ChatterBot Whiskey round 1
ChatterBot India round 1
randomSelections Romeo: {Romeo, Yankee, Victor} 
2024-10-14 20:10:45.220965 Romeo: We would work well together
ChatterBot Yankee reevaluating
ChatterBot Victor reevaluating
2024-10-14 20:10:45.224734 Yankee: Yes
2024-10-14 20:10:45.224898 Victor: Yes
ChatterBot Victor reevaluating
ChatterBot Yankee reevaluating
ChatterBot Tango round 1
ChatterBot Papa round 1
randomSelections Mike: {Mike, India, Lima, Papa, Romeo, Yankee} 
2024-10-14 20:10:45.234735 Mike: We should group up
ChatterBot India reevaluating
ChatterBot Lima reevaluating
ChatterBot Papa reevaluating
ChatterBot Yankee reevaluating
2024-10-14 20:10:45.244792 India: Yes
2024-10-14 20:10:45.244905 Lima: Yes
2024-10-14 20:10:45.245147 Papa: Yes
2024-10-14 20:10:45.245353 Romeo: No
2024-10-14 20:10:45.245627 Yankee: No
ChatterBot Lima reevaluating
ChatterBot Papa reevaluating
ChatterBot Yankee reevaluating
ChatterBot India reevaluating
ChatterBot Papa reevaluating
ChatterBot Yankee reevaluating
ChatterBot India reevaluating
ChatterBot Lima reevaluating
ChatterBot Yankee reevaluating
ChatterBot India reevaluating
ChatterBot Lima reevaluating
ChatterBot Papa reevaluating
ChatterBot Yankee reevaluating
ChatterBot India reevaluating
ChatterBot Lima reevaluating
ChatterBot Papa reevaluating
randomSelections Whiskey: {Whiskey, India, Romeo, Papa, Victor, Golf} 
2024-10-14 20:10:45.289496 Whiskey: We should group up
ChatterBot India reevaluating
ChatterBot Papa reevaluating
ChatterBot Victor reevaluating
ChatterBot Golf reevaluating
2024-10-14 20:10:45.298174 India: No
2024-10-14 20:10:45.299207 Romeo: No
2024-10-14 20:10:45.299365 Papa: No
2024-10-14 20:10:45.299509 Victor: No
2024-10-14 20:10:45.299663 Golf: Yes
ChatterBot Papa reevaluating
ChatterBot Victor reevaluating
ChatterBot Golf reevaluating
ChatterBot India reevaluating
ChatterBot Papa reevaluating
ChatterBot Victor reevaluating
ChatterBot Golf reevaluating
ChatterBot India reevaluating
ChatterBot Victor reevaluating
ChatterBot Golf reevaluating
ChatterBot India reevaluating
ChatterBot Papa reevaluating
ChatterBot Golf reevaluating
ChatterBot India reevaluating
ChatterBot Papa reevaluating
ChatterBot Victor reevaluating
randomSelections Tango: {Tango, India, Lima, Mike, Whiskey, Victor} 
2024-10-14 20:10:45.346582 Tango: We should group up
ChatterBot India reevaluating
ChatterBot Lima reevaluating
2024-10-14 20:10:45.354072 India: No
2024-10-14 20:10:45.354252 Lima: No
2024-10-14 20:10:45.354399 Mike: No
2024-10-14 20:10:45.355112 Whiskey: No
2024-10-14 20:10:45.355273 Victor: No
ChatterBot Lima reevaluating
ChatterBot India reevaluating
ChatterBot India reevaluating
ChatterBot Lima reevaluating
ChatterBot India reevaluating
ChatterBot Lima reevaluating
ChatterBot India reevaluating
ChatterBot Lima reevaluating
2024-10-14 20:10:45.467252 Romeo: Victor, sending you 4
2024-10-14 20:10:45.472672 Romeo: Yankee, sending you 8
2024-10-14 20:10:45.475856 Mike: Romeo, sending you 3
2024-10-14 20:10:45.477740 Whiskey: Romeo, Golf and Papa, sending you 2
2024-10-14 20:10:45.478500 Victor: Romeo, sending you 10
2024-10-14 20:10:45.479914 Yankee: Romeo, sending you 4
2024-10-14 20:10:45.480193 Tango: Lima, Mike and Whiskey, sending you 2
2024-10-14 20:10:45.481156 India: Romeo, sending you 1
2024-10-14 20:10:45.482732 Golf: Romeo, sending you 3
2024-10-14 20:10:45.483382 Mike: Lima, sending you 2
2024-10-14 20:10:45.484817 Whiskey: Victor and India, sending you 3
2024-10-14 20:10:45.485636 Victor: Yankee, sending you 3
2024-10-14 20:10:45.486704 Yankee: Victor, sending you 6
2024-10-14 20:10:45.487101 Tango: Victor, sending you 5
2024-10-14 20:10:45.487686 India: Lima and Papa, sending you 2
2024-10-14 20:10:45.489136 Golf: Victor and Whiskey, sending you 2
2024-10-14 20:10:45.489709 Papa: Yankee, sending you 2
2024-10-14 20:10:45.491350 Mike: Yankee, sending you 1
2024-10-14 20:10:45.491937 India: Mike, sending you 6
2024-10-14 20:10:45.493732 Tango: India, sending you 3
2024-10-14 20:10:45.494202 Papa: India, sending you 1
2024-10-14 20:10:45.494739 Golf: India, sending you 4
2024-10-14 20:10:45.496814 India: Yankee, sending you 4
2024-10-14 20:10:45.501035 Golf: Papa, sending you 1
chatterbot Whiskey submitting transactions
chatterbot Golf submitting transactions
chatterbot Lima submitting transactions
chatterbot Mike submitting transactions
chatterbot Yankee submitting transactions
chatterbot India submitting transactions
chatterbot Romeo submitting transactions
chatterbot Tango submitting transactions
chatterbot Papa submitting transactions
chatterbot Victor submitting transactions
ChatterBot Romeo round 2
ChatterBot Lima round 2
ChatterBot Golf round 2
ChatterBot Mike round 2
2024-10-14 20:10:46.544371 Lima: We would work well together
ChatterBot Mike reevaluating
ChatterBot India reevaluating
ChatterBot Tango reevaluating
2024-10-14 20:10:46.583482 Mike: Yes
2024-10-14 20:10:46.583712 India: No
2024-10-14 20:10:46.583838 Tango: No
ChatterBot India reevaluating
ChatterBot Tango reevaluating
ChatterBot Mike reevaluating
ChatterBot Tango reevaluating
ChatterBot Mike reevaluating
ChatterBot India reevaluating
2024-10-14 20:10:46.661975 India: Can we be friends?
ChatterBot Golf reevaluating
2024-10-14 20:10:46.669600 Golf: No
ChatterBot India reevaluating
2024-10-14 20:10:46.683031 Golf: We should group up
ChatterBot Whiskey reevaluating
ChatterBot Tango reevaluating
2024-10-14 20:10:46.708522 Whiskey: No
2024-10-14 20:10:46.709083 Tango: No
ChatterBot Golf reevaluating
ChatterBot Tango reevaluating
ChatterBot Golf reevaluating
ChatterBot Whiskey reevaluating
ChatterBot Victor round 2
ChatterBot Yankee round 2
ChatterBot Whiskey round 2
ChatterBot India round 2
ChatterBot Tango round 2
2024-10-14 20:10:46.759294 Romeo: We should add Golf and Whiskey
ChatterBot Yankee reevaluating
ChatterBot Victor reevaluating
2024-10-14 20:10:46.771130 Yankee: No
2024-10-14 20:10:46.771640 Victor: Yes
ChatterBot Victor reevaluating
ChatterBot Yankee reevaluating
ChatterBot Papa round 2
2024-10-14 20:10:46.818442 India: We would work well together
ChatterBot Tango reevaluating
ChatterBot Whiskey reevaluating
2024-10-14 20:10:46.840076 Mike: No
2024-10-14 20:10:46.840254 Tango: Yes
2024-10-14 20:10:46.840382 Golf: No
2024-10-14 20:10:46.840508 Whiskey: Yes
ChatterBot Tango reevaluating
ChatterBot Whiskey reevaluating
ChatterBot Whiskey reevaluating
ChatterBot Tango reevaluating
ChatterBot Whiskey reevaluating
ChatterBot Mike reevaluating
ChatterBot Tango reevaluating
ChatterBot Golf reevaluating
2024-10-14 20:10:46.926657 Tango: Group up?
ChatterBot Mike reevaluating
ChatterBot Golf reevaluating
ChatterBot Whiskey reevaluating
2024-10-14 20:10:46.949891 India: Yes
2024-10-14 20:10:46.950052 Mike: Yes
2024-10-14 20:10:46.950161 Golf: No
2024-10-14 20:10:46.950256 Whiskey: No
2024-10-14 20:10:46.950351 Mike: Let's form a team
ChatterBot Mike reevaluating
ChatterBot Tango reevaluating
ChatterBot Golf reevaluating
ChatterBot Whiskey reevaluating
ChatterBot Tango reevaluating
ChatterBot Golf reevaluating
ChatterBot Whiskey reevaluating
ChatterBot Mike reevaluating
ChatterBot Tango reevaluating
ChatterBot Whiskey reevaluating
ChatterBot Mike reevaluating
ChatterBot Tango reevaluating
ChatterBot Golf reevaluating
ChatterBot Tango reevaluating
ChatterBot Golf reevaluating
ChatterBot Whiskey reevaluating
2024-10-14 20:10:47.175071 India: Yes
2024-10-14 20:10:47.175994 Tango: Yes
2024-10-14 20:10:47.176819 Golf: No
2024-10-14 20:10:47.177050 Whiskey: Yes
ChatterBot Mike reevaluating
ChatterBot Tango reevaluating
ChatterBot Golf reevaluating
ChatterBot Whiskey reevaluating
ChatterBot Mike reevaluating
ChatterBot Golf reevaluating
ChatterBot Whiskey reevaluating
ChatterBot Mike reevaluating
ChatterBot Tango reevaluating
ChatterBot Whiskey reevaluating
ChatterBot Mike reevaluating
ChatterBot Tango reevaluating
ChatterBot Golf reevaluating
2024-10-14 20:10:47.354968 Romeo: Golf and Whiskey we want you to join our group
ChatterBot Golf reevaluating
ChatterBot Whiskey reevaluating
2024-10-14 20:10:47.374435 Golf: No
2024-10-14 20:10:47.374807 Whiskey: No
ChatterBot Victor reevaluating
ChatterBot Yankee reevaluating
ChatterBot Whiskey reevaluating
ChatterBot Victor reevaluating
ChatterBot Yankee reevaluating
ChatterBot Golf reevaluating
2024-10-14 20:10:47.450135 Papa: Friends?
ChatterBot Golf reevaluating
2024-10-14 20:10:47.460804 Golf: No
ChatterBot Papa reevaluating
2024-10-14 20:10:47.470569 Yankee: Golf and Whiskey we want you to join our group
ChatterBot Golf reevaluating
2024-10-14 20:10:47.489092 Golf: No
2024-10-14 20:10:47.489342 Whiskey: No
ChatterBot Yankee reevaluating
ChatterBot Yankee reevaluating
ChatterBot Golf reevaluating
2024-10-14 20:10:47.562544 Victor: Golf and Whiskey we want you to join our group
ChatterBot Golf reevaluating
2024-10-14 20:10:47.580827 Golf: No
2024-10-14 20:10:47.581024 Whiskey: No
ChatterBot Golf reevaluating
2024-10-14 20:10:47.651572 Lima: Mike and India, sending you 1
2024-10-14 20:10:47.762247 Romeo: Golf and Whiskey, sending you 2
2024-10-14 20:10:47.762565 Mike: Golf and Whiskey, sending you 1
2024-10-14 20:10:47.763287 India: Golf, sending you 7
2024-10-14 20:10:47.763572 Whiskey: Sending you each 6
2024-10-14 20:10:47.763809 Tango: Golf, Mike and India, sending you 4
chatterbot Mike submitting transactions
2024-10-14 20:10:47.824190 Romeo: Victor, sending you 5
2024-10-14 20:10:47.824557 India: Whiskey and Tango, sending you 5
2024-10-14 20:10:47.824863 Tango: Whiskey, sending you 2
2024-10-14 20:10:47.825111 Mike: India and Tango, sending you 2
2024-10-14 20:10:47.825891 Papa: Sending you 10
2024-10-14 20:10:47.826180 Victor: Romeo and Whiskey, sending you 3
2024-10-14 20:10:47.868093 Romeo: Yankee, sending you 3
2024-10-14 20:10:47.868577 Golf: Whiskey, sending you 10
2024-10-14 20:10:47.868876 Yankee: Romeo, sending you 8
2024-10-14 20:10:47.869547 Victor: Golf, sending you 2
2024-10-14 20:10:47.885347 Yankee: Golf and Whiskey, sending you 1
2024-10-14 20:10:47.885714 Golf: Tango, sending you 1
2024-10-14 20:10:47.885980 Victor: Yankee, sending you 5
2024-10-14 20:10:47.894585 Yankee: Victor, sending you 3
chatterbot Golf submitting transactions
chatterbot Lima submitting transactions
chatterbot Victor submitting transactions
chatterbot Romeo submitting transactions
chatterbot India submitting transactions
chatterbot Papa submitting transactions
chatterbot Tango submitting transactions
chatterbot Whiskey submitting transactions
chatterbot Yankee submitting transactions
ChatterBot Romeo round 3
ChatterBot Lima round 3
ChatterBot Golf round 3
ChatterBot Mike round 3
ChatterBot Victor round 3
ChatterBot Yankee round 3
ChatterBot Whiskey round 3
ChatterBot India round 3
2024-10-14 20:10:48.805993 Golf: We should add Mike and India
ChatterBot Whiskey reevaluating
2024-10-14 20:10:48.848946 Whiskey: Yes
2024-10-14 20:10:48.849296 Tango: Yes
ChatterBot Whiskey reevaluating
ChatterBot Tango round 3
ChatterBot Papa round 3
2024-10-14 20:10:48.950533 Lima: We should add Papa
ChatterBot Mike reevaluating
ChatterBot India reevaluating
ChatterBot Tango reevaluating
2024-10-14 20:10:48.978377 Mike: Yes
2024-10-14 20:10:48.978601 India: Yes
2024-10-14 20:10:48.979315 Tango: No
ChatterBot India reevaluating
ChatterBot Tango reevaluating
ChatterBot Mike reevaluating
ChatterBot Tango reevaluating
ChatterBot Mike reevaluating
ChatterBot India reevaluating
2024-10-14 20:10:49.062684 Mike: We should add Papa and Lima
ChatterBot India reevaluating
ChatterBot Tango reevaluating
ChatterBot Whiskey reevaluating
2024-10-14 20:10:49.098638 India: Yes
2024-10-14 20:10:49.100241 Tango: No
2024-10-14 20:10:49.100726 Golf: No
2024-10-14 20:10:49.101188 Whiskey: No
ChatterBot Mike reevaluating
ChatterBot Tango reevaluating
ChatterBot Whiskey reevaluating
ChatterBot India reevaluating
ChatterBot Mike reevaluating
ChatterBot Whiskey reevaluating
ChatterBot India reevaluating
ChatterBot Mike reevaluating
ChatterBot Tango reevaluating
ChatterBot Whiskey reevaluating
ChatterBot India reevaluating
ChatterBot Mike reevaluating
ChatterBot Tango reevaluating
2024-10-14 20:10:49.253759 Golf: Mike and India we want you to join our group
ChatterBot India reevaluating
ChatterBot Mike reevaluating
2024-10-14 20:10:49.264435 India: Yes
2024-10-14 20:10:49.264572 Mike: Yes
ChatterBot Mike reevaluating
ChatterBot Tango reevaluating
ChatterBot Whiskey reevaluating
ChatterBot India reevaluating
ChatterBot Tango reevaluating
ChatterBot Whiskey reevaluating
2024-10-14 20:10:49.315757 Papa: Group up?
ChatterBot Whiskey reevaluating
ChatterBot India reevaluating
ChatterBot Tango reevaluating
2024-10-14 20:10:49.336027 Golf: No
2024-10-14 20:10:49.336198 Whiskey: No
2024-10-14 20:10:49.336367 India: Yes
2024-10-14 20:10:49.336506 Tango: Yes
ChatterBot Whiskey reevaluating
ChatterBot India reevaluating
ChatterBot Tango reevaluating
ChatterBot Papa reevaluating
ChatterBot India reevaluating
ChatterBot Tango reevaluating
ChatterBot Papa reevaluating
ChatterBot Whiskey reevaluating
ChatterBot Tango reevaluating
ChatterBot Papa reevaluating
ChatterBot Whiskey reevaluating
ChatterBot India reevaluating
2024-10-14 20:10:49.420925 Lima: Papa we want you to join our group
ChatterBot Papa reevaluating
2024-10-14 20:10:49.427749 Papa: No
ChatterBot Mike reevaluating
ChatterBot India reevaluating
ChatterBot Tango reevaluating
2024-10-14 20:10:49.449215 Romeo: Golf and Whiskey, sending you 2
2024-10-14 20:10:49.452729 Romeo: Victor and Yankee, sending you 4
2024-10-14 20:10:49.456853 India: Papa and Lima we want you to join our group
ChatterBot Papa reevaluating
2024-10-14 20:10:49.470345 Papa: No
2024-10-14 20:10:49.470960 Lima: No
ChatterBot Mike reevaluating
ChatterBot Mike reevaluating
ChatterBot Papa reevaluating
2024-10-14 20:10:49.596273 Tango: Papa we want you to join our group
ChatterBot Papa reevaluating
2024-10-14 20:10:49.657538 Papa: No
2024-10-14 20:10:49.701246 Yankee: Romeo, sending you 6
chatterbot Lima submitting transactions
chatterbot Romeo submitting transactions
2024-10-14 20:10:49.702841 Whiskey: Golf, sending you 6
2024-10-14 20:10:49.711478 Golf: Mike, sending you 1
2024-10-14 20:10:49.712479 Lima: Sending you each 1
2024-10-14 20:10:49.713024 Victor: Romeo, sending you 5
2024-10-14 20:10:49.714281 Whiskey: Mike, sending you 1
2024-10-14 20:10:49.715006 Yankee: Victor, sending you 5
2024-10-14 20:10:49.716371 Golf: Whiskey, sending you 5
2024-10-14 20:10:49.722999 Victor: Golf and Whiskey, sending you 2
2024-10-14 20:10:49.724398 Whiskey: India, sending you 3
2024-10-14 20:10:49.725885 Mike: Golf and Whiskey, sending you 1
2024-10-14 20:10:49.726459 Golf: India, sending you 4
2024-10-14 20:10:49.727754 Yankee: Papa, sending you 2
2024-10-14 20:10:49.728497 Victor: Yankee, sending you 4
2024-10-14 20:10:49.729773 Tango: Golf and Mike, sending you 2
2024-10-14 20:10:49.731167 India: Lima and Mike, sending you 1
2024-10-14 20:10:49.731839 Whiskey: Tango, sending you 2
2024-10-14 20:10:49.733284 Mike: India and Tango, sending you 2
2024-10-14 20:10:49.734071 Golf: Tango, sending you 2
2024-10-14 20:10:49.735477 Tango: Whiskey, sending you 5
2024-10-14 20:10:49.736694 India: Golf and Whiskey, sending you 2
2024-10-14 20:10:49.737945 Papa: Golf and Tango, sending you 2
chatterbot Yankee submitting transactions
2024-10-14 20:10:49.744595 India: Tango, sending you 4
2024-10-14 20:10:49.745907 Tango: India, sending you 4
2024-10-14 20:10:49.746677 Papa: Whiskey and India, sending you 3
2024-10-14 20:10:49.750961 India: Papa, sending you 7
2024-10-14 20:10:49.752226 Tango: Papa, sending you 1
chatterbot Mike submitting transactions
chatterbot Golf submitting transactions
chatterbot Tango submitting transactions
chatterbot Victor submitting transactions
chatterbot India submitting transactions
chatterbot Papa submitting transactions
chatterbot Whiskey submitting transactions
ChatterBot Romeo round 4
ChatterBot Lima round 4
ChatterBot Golf round 4
ChatterBot Mike round 4
ChatterBot Victor round 4
ChatterBot Yankee round 4
ChatterBot Whiskey round 4
ChatterBot India round 4
ChatterBot Tango round 4
ChatterBot Papa round 4
2024-10-14 20:10:50.720560 Yankee: We should replace Papa with Lima
ChatterBot Romeo reevaluating
2024-10-14 20:10:50.738469 Romeo: Yes
2024-10-14 20:10:50.738836 Victor: Yes
ChatterBot Victor reevaluating
ChatterBot Romeo reevaluating
2024-10-14 20:10:50.781870 Golf: We should replace Mike with Papa
ChatterBot Tango reevaluating
2024-10-14 20:10:50.797771 Whiskey: No
2024-10-14 20:10:50.797915 India: No
2024-10-14 20:10:50.798041 Tango: No
ChatterBot Tango reevaluating
ChatterBot Tango reevaluating
2024-10-14 20:10:50.852161 Tango: We should add Lima
ChatterBot Golf reevaluating
2024-10-14 20:10:50.878079 Golf: No
2024-10-14 20:10:50.878639 Whiskey: No
2024-10-14 20:10:50.878763 Mike: No
2024-10-14 20:10:50.878940 India: Yes
2024-10-14 20:10:50.879083 Papa: No
ChatterBot Tango reevaluating
ChatterBot Tango reevaluating
ChatterBot Golf reevaluating
ChatterBot Tango reevaluating
ChatterBot Golf reevaluating
ChatterBot Tango reevaluating
ChatterBot Golf reevaluating
ChatterBot Tango reevaluating
ChatterBot Golf reevaluating
2024-10-14 20:10:51.007676 Yankee: Lima we want you to join our group
2024-10-14 20:10:51.012464 Lima: No
ChatterBot Romeo reevaluating
ChatterBot Victor reevaluating
2024-10-14 20:10:51.141006 Mike: Golf and Whiskey, sending you 1
2024-10-14 20:10:51.142051 Golf: Papa we want you to join our group
2024-10-14 20:10:51.148319 Papa: Yes
ChatterBot Golf reevaluating
2024-10-14 20:10:51.170228 Lima: Mike, India and Tango, sending you 2
2024-10-14 20:10:51.171394 Papa: Golf, Whiskey and Tango, sending you 2
2024-10-14 20:10:51.171971 Mike: India and Tango, sending you 2
2024-10-14 20:10:51.173004 Whiskey: Golf, sending you 5
chatterbot Yankee submitting transactions
2024-10-14 20:10:51.174226 Yankee: Romeo, sending you 7
2024-10-14 20:10:51.174871 India: Lima, sending you 1
2024-10-14 20:10:51.176221 Whiskey: Mike and Papa, sending you 1
2024-10-14 20:10:51.226046 Papa: India, sending you 4
2024-10-14 20:10:51.227198 Victor: Romeo and Yankee, sending you 6
2024-10-14 20:10:51.227686 Romeo: Lima, sending you 2
2024-10-14 20:10:51.228629 Yankee: Lima, sending you 1
2024-10-14 20:10:51.229053 India: Golf, sending you 3
2024-10-14 20:10:51.230438 Whiskey: India, sending you 2
2024-10-14 20:10:51.231302 Tango: Golf and Papa, sending you 2
2024-10-14 20:10:51.232432 Victor: Lima, sending you 1
2024-10-14 20:10:51.232992 Romeo: Victor and Yankee, sending you 5
2024-10-14 20:10:51.234083 Yankee: Victor, sending you 5
2024-10-14 20:10:51.266381 India: Mike and Whiskey, sending you 2
2024-10-14 20:10:51.267916 Whiskey: Tango, sending you 3
2024-10-14 20:10:51.269525 Tango: Mike and Whiskey, sending you 3
2024-10-14 20:10:51.358471 India: Tango, sending you 4
2024-10-14 20:10:51.359879 Tango: India, sending you 4
chatterbot Papa submitting transactions
2024-10-14 20:10:51.405435 Golf: Whiskey, sending you 6
2024-10-14 20:10:51.406356 India: Papa, sending you 5
chatterbot Tango submitting transactions
2024-10-14 20:10:51.431572 Golf: India, sending you 3
2024-10-14 20:10:51.458031 Golf: Tango, sending you 2
2024-10-14 20:10:51.466591 Golf: Papa, sending you 1
chatterbot Mike submitting transactions
chatterbot India submitting transactions
chatterbot Romeo submitting transactions
chatterbot Golf submitting transactions
chatterbot Whiskey submitting transactions
chatterbot Lima submitting transactions
chatterbot Victor submitting transactions
ChatterBot Romeo round 5
ChatterBot Lima round 5
ChatterBot Golf round 5
ChatterBot Mike round 5
ChatterBot Victor round 5
ChatterBot Yankee round 5
ChatterBot Whiskey round 5
ChatterBot India round 5
2024-10-14 20:10:52.065697 Golf: We should add Mike
ChatterBot Tango reevaluating
2024-10-14 20:10:52.086452 Papa: No
2024-10-14 20:10:52.087163 Whiskey: Yes
2024-10-14 20:10:52.087306 India: Yes
2024-10-14 20:10:52.087419 Tango: Yes
ChatterBot Golf reevaluating
ChatterBot Tango reevaluating
ChatterBot Golf reevaluating
ChatterBot Tango reevaluating
ChatterBot Golf reevaluating
ChatterBot Tango reevaluating
ChatterBot Golf reevaluating
ChatterBot Tango round 5
ChatterBot Papa round 5
2024-10-14 20:10:52.183869 Yankee: We should replace Lima with Mike
ChatterBot Romeo reevaluating
ChatterBot Victor reevaluating
2024-10-14 20:10:52.192204 Romeo: Yes
2024-10-14 20:10:52.192345 Victor: Yes
ChatterBot Yankee reevaluating
ChatterBot Victor reevaluating
ChatterBot Romeo reevaluating
ChatterBot Yankee reevaluating
2024-10-14 20:10:52.220697 Tango: We should add Lima
ChatterBot Golf reevaluating
2024-10-14 20:10:52.239895 Golf: Yes
2024-10-14 20:10:52.240060 Whiskey: No
2024-10-14 20:10:52.240177 Mike: No
2024-10-14 20:10:52.240279 India: Yes
2024-10-14 20:10:52.240396 Papa: No
ChatterBot Tango reevaluating
ChatterBot Mike reevaluating
ChatterBot Tango reevaluating
ChatterBot Golf reevaluating
ChatterBot Mike reevaluating
ChatterBot Tango reevaluating
ChatterBot Golf reevaluating
ChatterBot Tango reevaluating
ChatterBot Golf reevaluating
ChatterBot Mike reevaluating
ChatterBot Tango reevaluating
ChatterBot Golf reevaluating
ChatterBot Mike reevaluating
2024-10-14 20:10:52.348107 Mike: We should add Papa and Lima
ChatterBot Tango reevaluating
ChatterBot Golf reevaluating
2024-10-14 20:10:52.363019 India: Yes
2024-10-14 20:10:52.363211 Tango: Yes
2024-10-14 20:10:52.363315 Golf: No
2024-10-14 20:10:52.363432 Whiskey: No
ChatterBot Mike reevaluating
ChatterBot Tango reevaluating
ChatterBot Golf reevaluating
ChatterBot Mike reevaluating
ChatterBot Golf reevaluating
ChatterBot Mike reevaluating
ChatterBot Tango reevaluating
ChatterBot Mike reevaluating
ChatterBot Tango reevaluating
ChatterBot Golf reevaluating
2024-10-14 20:10:52.429294 Victor: Mike we want you to join our group
ChatterBot Mike reevaluating
2024-10-14 20:10:52.434209 Mike: No
ChatterBot Victor reevaluating
ChatterBot Romeo reevaluating
ChatterBot Yankee reevaluating
2024-10-14 20:10:52.449677 Tango: Lima we want you to join our group
2024-10-14 20:10:52.453425 Lima: No
ChatterBot Golf reevaluating
2024-10-14 20:10:52.479533 Mike: Papa and Lima we want you to join our group
2024-10-14 20:10:52.490906 Papa: No
2024-10-14 20:10:52.491097 Lima: No
ChatterBot Golf reevaluating
ChatterBot Mike reevaluating
ChatterBot Golf reevaluating
ChatterBot Mike reevaluating
2024-10-14 20:10:52.558642 Mike: We should add Papa
ChatterBot Golf reevaluating
2024-10-14 20:10:52.572987 India: Yes
2024-10-14 20:10:52.573128 Tango: Yes
2024-10-14 20:10:52.573222 Golf: Yes
2024-10-14 20:10:52.573351 Whiskey: Yes
ChatterBot Mike reevaluating
ChatterBot Golf reevaluating
ChatterBot Mike reevaluating
ChatterBot Golf reevaluating
ChatterBot Mike reevaluating
ChatterBot Mike reevaluating
ChatterBot Golf reevaluating
2024-10-14 20:10:52.628490 Lima: Mike and Tango, sending you 2
2024-10-14 20:10:52.628802 India: Golf, Whiskey, Tango and Papa, sending you 1
2024-10-14 20:10:52.629129 Romeo: Mike we want you to join our group
ChatterBot Mike reevaluating
2024-10-14 20:10:52.633049 Mike: No
ChatterBot Romeo reevaluating
ChatterBot Yankee reevaluating
2024-10-14 20:10:52.647931 Lima: India, sending you 4
2024-10-14 20:10:52.649728 Papa: Golf, Whiskey and Tango, sending you 2
2024-10-14 20:10:52.650720 Whiskey: Golf, sending you 6
2024-10-14 20:10:52.651174 Mike: Papa we want you to join our group
2024-10-14 20:10:52.656365 Papa: No
ChatterBot Golf reevaluating
ChatterBot Mike reevaluating
2024-10-14 20:10:52.680544 Lima: Papa, sending you 1
2024-10-14 20:10:52.681329 Papa: India, sending you 4
2024-10-14 20:10:52.681679 Yankee: Mike we want you to join our group
ChatterBot Mike reevaluating
2024-10-14 20:10:52.689155 Mike: No
ChatterBot Romeo reevaluating
ChatterBot Yankee reevaluating
2024-10-14 20:10:52.704609 Whiskey: Mike and Papa, sending you 1
2024-10-14 20:10:52.708669 Tango: Lima, Golf, Mike and Papa, sending you 2
2024-10-14 20:10:52.709776 Whiskey: India and Tango, sending you 2
2024-10-14 20:10:52.710593 Victor: Romeo, sending you 6
2024-10-14 20:10:52.714755 Tango: Whiskey and India, sending you 3
2024-10-14 20:10:52.715405 Victor: Mike, sending you 2
2024-10-14 20:10:52.717672 Golf: Whiskey, sending you 6
2024-10-14 20:10:52.719676 Victor: Yankee, sending you 5
2024-10-14 20:10:52.722704 Golf: India, sending you 3
2024-10-14 20:10:52.725655 Golf: Tango, sending you 2
2024-10-14 20:10:52.730686 Golf: Papa, sending you 1
2024-10-14 20:10:52.732696 Mike: Golf, Whiskey, India and Papa, sending you 1
2024-10-14 20:10:52.736658 Mike: Tango, sending you 2
2024-10-14 20:10:52.745692 Romeo: Mike, sending you 2
2024-10-14 20:10:52.746689 Yankee: Romeo and Victor, sending you 6
2024-10-14 20:10:52.749689 Romeo: Victor and Yankee, sending you 5
2024-10-14 20:10:52.750491 Yankee: Mike, sending you 1
chatterbot Golf submitting transactions
chatterbot Papa submitting transactions
chatterbot India submitting transactions
chatterbot Romeo submitting transactions
chatterbot Tango submitting transactions
chatterbot Mike submitting transactions
chatterbot Victor submitting transactions
chatterbot Lima submitting transactions
chatterbot Whiskey submitting transactions
chatterbot Yankee submitting transactions
ChatterBot Romeo round 6
ChatterBot Lima round 6
ChatterBot Golf round 6
ChatterBot Mike round 6
ChatterBot Victor round 6
ChatterBot Yankee round 6
ChatterBot Whiskey round 6
ChatterBot India round 6
ChatterBot Tango round 6
ChatterBot Papa round 6
2024-10-14 20:10:53.695079 Golf: We should add Mike
ChatterBot Papa reevaluating
ChatterBot India reevaluating
ChatterBot Tango reevaluating
2024-10-14 20:10:53.718844 Papa: No
2024-10-14 20:10:53.719101 Whiskey: Yes
2024-10-14 20:10:53.719353 India: Yes
2024-10-14 20:10:53.719923 Tango: Yes
ChatterBot India reevaluating
ChatterBot Tango reevaluating
ChatterBot Papa reevaluating
ChatterBot India reevaluating
ChatterBot Tango reevaluating
ChatterBot Papa reevaluating
ChatterBot Tango reevaluating
ChatterBot Papa reevaluating
ChatterBot India reevaluating
2024-10-14 20:10:53.795180 India: We should add Victor
ChatterBot Tango reevaluating
ChatterBot Papa reevaluating
ChatterBot Lima reevaluating
2024-10-14 20:10:53.821181 Golf: No
2024-10-14 20:10:53.821635 Whiskey: No
2024-10-14 20:10:53.822318 Mike: No
2024-10-14 20:10:53.822513 Tango: Yes
2024-10-14 20:10:53.822754 Papa: No
2024-10-14 20:10:53.822955 Lima: No
ChatterBot India reevaluating
ChatterBot Mike reevaluating
ChatterBot Tango reevaluating
ChatterBot Papa reevaluating
ChatterBot Lima reevaluating
ChatterBot India reevaluating
ChatterBot Mike reevaluating
ChatterBot Tango reevaluating
ChatterBot Papa reevaluating
ChatterBot Lima reevaluating
ChatterBot India reevaluating
ChatterBot Tango reevaluating
ChatterBot Papa reevaluating
ChatterBot Lima reevaluating
ChatterBot India reevaluating
ChatterBot Mike reevaluating
ChatterBot Papa reevaluating
ChatterBot Lima reevaluating
ChatterBot India reevaluating
ChatterBot Mike reevaluating
ChatterBot Tango reevaluating
ChatterBot Lima reevaluating
ChatterBot India reevaluating
ChatterBot Mike reevaluating
ChatterBot Tango reevaluating
ChatterBot Papa reevaluating
2024-10-14 20:10:54.009294 Mike: We should add Lima
2024-10-14 20:10:54.009552 Lima: We should add Yankee
ChatterBot Tango reevaluating
ChatterBot India reevaluating
ChatterBot Papa reevaluating
2024-10-14 20:10:54.029250 Tango: Yes
ChatterBot Tango reevaluating
2024-10-14 20:10:54.033480 Golf: No
2024-10-14 20:10:54.033603 Whiskey: No
ChatterBot Mike reevaluating
2024-10-14 20:10:54.037761 India: Yes
ChatterBot India reevaluating
2024-10-14 20:10:54.041755 Papa: Yes
ChatterBot Papa reevaluating
2024-10-14 20:10:54.045891 Tango: No
2024-10-14 20:10:54.046013 Mike: No
2024-10-14 20:10:54.046109 India: Yes
2024-10-14 20:10:54.046194 Papa: No
ChatterBot Mike reevaluating
ChatterBot India reevaluating
ChatterBot Papa reevaluating
ChatterBot Tango reevaluating
ChatterBot Mike reevaluating
ChatterBot India reevaluating
ChatterBot Papa reevaluating
ChatterBot Lima reevaluating
ChatterBot Tango reevaluating
ChatterBot Mike reevaluating
ChatterBot India reevaluating
ChatterBot Papa reevaluating
ChatterBot Lima reevaluating
ChatterBot Tango reevaluating
ChatterBot Mike reevaluating
ChatterBot Papa reevaluating
ChatterBot Lima reevaluating
ChatterBot Tango reevaluating
ChatterBot Mike reevaluating
ChatterBot India reevaluating
ChatterBot Lima reevaluating
ChatterBot Mike reevaluating
ChatterBot India reevaluating
ChatterBot Papa reevaluating
ChatterBot Tango reevaluating
ChatterBot India reevaluating
ChatterBot Papa reevaluating
ChatterBot Tango reevaluating
ChatterBot Mike reevaluating
ChatterBot Papa reevaluating
ChatterBot Tango reevaluating
ChatterBot Mike reevaluating
ChatterBot India reevaluating
2024-10-14 20:10:54.229383 Yankee: Group up?
ChatterBot Lima reevaluating
ChatterBot Mike reevaluating
ChatterBot India reevaluating
ChatterBot Tango reevaluating
ChatterBot Papa reevaluating
2024-10-14 20:10:54.250961 Lima: Yes
2024-10-14 20:10:54.251084 Mike: Yes
2024-10-14 20:10:54.251198 India: Yes
2024-10-14 20:10:54.251352 Tango: Yes
2024-10-14 20:10:54.251456 Papa: No
ChatterBot Mike reevaluating
ChatterBot India reevaluating
ChatterBot Tango reevaluating
ChatterBot Papa reevaluating
ChatterBot Lima reevaluating
ChatterBot India reevaluating
ChatterBot Tango reevaluating
ChatterBot Papa reevaluating
ChatterBot Lima reevaluating
ChatterBot Mike reevaluating
ChatterBot Tango reevaluating
ChatterBot Papa reevaluating
ChatterBot Lima reevaluating
ChatterBot Mike reevaluating
ChatterBot India reevaluating
ChatterBot Papa reevaluating
ChatterBot Lima reevaluating
ChatterBot Mike reevaluating
ChatterBot India reevaluating
ChatterBot Tango reevaluating
2024-10-14 20:10:54.379064 Golf: Mike we want you to join our group
ChatterBot Mike reevaluating
2024-10-14 20:10:54.384353 Mike: Yes
ChatterBot Tango reevaluating
ChatterBot India reevaluating
ChatterBot Papa reevaluating
2024-10-14 20:10:54.407325 Mike: We should add Lima and Yankee
ChatterBot Tango reevaluating
2024-10-14 20:10:54.427789 Tango: Yes
2024-10-14 20:10:54.427986 Golf: No
2024-10-14 20:10:54.428485 Whiskey: No
2024-10-14 20:10:54.428669 India: Yes
2024-10-14 20:10:54.428806 Papa: No
ChatterBot Tango reevaluating
ChatterBot Mike reevaluating
ChatterBot Tango reevaluating
ChatterBot Mike reevaluating
ChatterBot Tango reevaluating
ChatterBot Golf reevaluating
ChatterBot Mike reevaluating
ChatterBot Tango reevaluating
ChatterBot Golf reevaluating
ChatterBot Mike reevaluating
2024-10-14 20:10:54.529538 India: Yankee we want you to join our group
2024-10-14 20:10:54.541629 Yankee: No
ChatterBot Golf reevaluating
ChatterBot Mike reevaluating
2024-10-14 20:10:54.675523 Lima: Yankee we want you to join our group
2024-10-14 20:10:54.683131 Yankee: Yes
ChatterBot Mike reevaluating
2024-10-14 20:10:54.710011 Tango: Yankee we want you to join our group
2024-10-14 20:10:54.714947 Yankee: No
ChatterBot Golf reevaluating
ChatterBot Mike reevaluating
2024-10-14 20:10:54.745973 Romeo: I was attacked by India
ChatterBot Victor reevaluating
ChatterBot Yankee reevaluating
ChatterBot Mike reevaluating
2024-10-14 20:10:54.758495 Romeo: I'm keeping this round to protect myself
2024-10-14 20:10:54.760454 Romeo: Ow
2024-10-14 20:10:54.763707 Papa: Lima, Mike and Tango, sending you 2
2024-10-14 20:10:54.765471 Whiskey: Golf, sending you 5
2024-10-14 20:10:54.768963 Mike: Lima we want you to join our group
2024-10-14 20:10:54.774857 Lima: No
ChatterBot Golf reevaluating
ChatterBot Mike reevaluating
2024-10-14 20:10:54.800277 Papa: India, sending you 4
2024-10-14 20:10:54.800741 Whiskey: Mike and Papa, sending you 1
2024-10-14 20:10:54.803672 Whiskey: India, sending you 2
2024-10-14 20:10:54.805327 India: Lima, Mike and Whiskey, sending you 2
2024-10-14 20:10:54.806069 Victor: Romeo and Yankee, sending you 6
2024-10-14 20:10:54.806523 Lima: Mike, Yankee and Papa, sending you 2
2024-10-14 20:10:54.807533 Tango: Lima, Golf, Mike and Papa, sending you 2
2024-10-14 20:10:54.808039 Whiskey: Tango, sending you 3
2024-10-14 20:10:54.808699 India: Golf and Tango, sending you 3
2024-10-14 20:10:54.810129 Mike: Lima and Yankee we want you to join our group
ChatterBot Yankee reevaluating
2024-10-14 20:10:54.820622 Lima: No
2024-10-14 20:10:54.820800 Yankee: No
ChatterBot Golf reevaluating
ChatterBot Mike reevaluating
ChatterBot Yankee reevaluating
ChatterBot Golf reevaluating
ChatterBot Mike reevaluating
2024-10-14 20:10:54.891731 Victor: Mike, sending you 1
2024-10-14 20:10:54.892215 Lima: India, sending you 3
2024-10-14 20:10:54.892700 Tango: Whiskey and India, sending you 3
2024-10-14 20:10:54.893228 India: Papa, sending you 5
chatterbot Whiskey submitting transactions
2024-10-14 20:10:54.896036 Lima: Tango, sending you 4
2024-10-14 20:10:54.914864 Yankee: Lima and Tango, sending you 1
2024-10-14 20:10:54.918694 Mike: Lima, Yankee, India and Papa, sending you 1
2024-10-14 20:10:54.919797 Yankee: Mike, sending you 2
2024-10-14 20:10:54.923694 Mike: Tango, sending you 2
2024-10-14 20:10:54.924817 Yankee: India, sending you 6
2024-10-14 20:10:54.925687 Golf: Mike and Papa, sending you 1
2024-10-14 20:10:54.927660 Yankee: Papa, sending you 3
2024-10-14 20:10:54.930668 Golf: Whiskey, sending you 6
2024-10-14 20:10:54.934688 Golf: India and Tango, sending you 2
chatterbot Golf submitting transactions
chatterbot Romeo submitting transactions
chatterbot India submitting transactions
chatterbot Lima submitting transactions
chatterbot Victor submitting transactions
chatterbot Mike submitting transactions
chatterbot Tango submitting transactions
chatterbot Golf submitting transactions
chatterbot Papa submitting transactions
chatterbot Yankee submitting transactions
ChatterBot Romeo round 7
ChatterBot Lima round 7
ChatterBot Golf round 7
ChatterBot Mike round 7
ChatterBot Victor round 7
ChatterBot Yankee round 7
ChatterBot Whiskey round 7
ChatterBot India round 7
ChatterBot Tango round 7
ChatterBot Papa round 7
chatterbot Yankee submitting transactions
2024-10-14 20:10:55.750130 Victor: Romeo, sending you 3
2024-10-14 20:10:55.750816 Romeo: Mike, sending you 1
2024-10-14 20:10:55.753868 Victor: Mike, sending you 1
2024-10-14 20:10:55.754683 Romeo: Victor, sending you 6
2024-10-14 20:10:55.759006 Victor: Yankee, sending you 4
2024-10-14 20:10:55.760389 Whiskey: Golf, sending you 5
2024-10-14 20:10:55.761382 Lima: Mike, Yankee and Papa, sending you 2
2024-10-14 20:10:55.762135 Romeo: Yankee, sending you 5
2024-10-14 20:10:55.771260 Mike: Lima, Yankee, India and Papa, sending you 1
2024-10-14 20:10:55.775153 Whiskey: Mike and Papa, sending you 1
2024-10-14 20:10:55.778101 Lima: India, sending you 4
2024-10-14 20:10:55.780420 Tango: Lima, Golf, Mike and Papa, sending you 2
2024-10-14 20:10:55.783886 Mike: Tango, sending you 2
2024-10-14 20:10:55.787221 India: Lima, Yankee and Whiskey, sending you 2
2024-10-14 20:10:55.789753 Yankee: Lima, sending you 4
2024-10-14 20:10:55.792059 Golf: Mike and Papa, sending you 1
2024-10-14 20:10:55.794368 Whiskey: India, sending you 2
2024-10-14 20:10:55.797023 Lima: Tango, sending you 3
2024-10-14 20:10:55.798187 Papa: Lima, Yankee and Tango, sending you 2
2024-10-14 20:10:55.800729 Tango: Whiskey and India, sending you 3
2024-10-14 20:10:55.804319 India: Golf and Tango, sending you 3
2024-10-14 20:10:55.806954 Yankee: Mike and India, sending you 3
2024-10-14 20:10:55.809259 Golf: Whiskey, sending you 5
2024-10-14 20:10:55.811693 Whiskey: Tango, sending you 3
2024-10-14 20:10:55.813943 Papa: Mike, sending you 1
2024-10-14 20:10:55.815116 India: Mike, sending you 1
2024-10-14 20:10:55.817333 Yankee: Tango, sending you 1
2024-10-14 20:10:55.819177 Golf: India, sending you 3
2024-10-14 20:10:55.821891 Papa: India, sending you 3
2024-10-14 20:10:55.824041 India: Papa, sending you 4
2024-10-14 20:10:55.825121 Yankee: Papa, sending you 2
2024-10-14 20:10:55.826803 Golf: Tango, sending you 2
chatterbot Victor submitting transactions
chatterbot Papa submitting transactions
chatterbot Yankee submitting transactions
chatterbot Lima submitting transactions
chatterbot Romeo submitting transactions
chatterbot India submitting transactions
chatterbot Tango submitting transactions
chatterbot Mike submitting transactions
chatterbot Whiskey submitting transactions
chatterbot Golf submitting transactions
ChatterBot Romeo round 8
ChatterBot Lima round 8
ChatterBot Golf round 8
ChatterBot Mike round 8
ChatterBot Victor round 8
ChatterBot Yankee round 8
ChatterBot Whiskey round 8
2024-10-14 20:10:56.822384 Mike: We should add Golf and Whiskey
ChatterBot Yankee reevaluating
ChatterBot Lima reevaluating
2024-10-14 20:10:56.852047 Yankee: No
2024-10-14 20:10:56.852441 Lima: Yes
2024-10-14 20:10:56.852754 India: Yes
2024-10-14 20:10:56.853225 Tango: Yes
2024-10-14 20:10:56.853494 Papa: No
ChatterBot Lima reevaluating
ChatterBot Mike reevaluating
ChatterBot Yankee reevaluating
ChatterBot Mike reevaluating
ChatterBot Yankee reevaluating
ChatterBot Lima reevaluating
ChatterBot Mike reevaluating
ChatterBot Yankee reevaluating
ChatterBot Lima reevaluating
ChatterBot Mike reevaluating
ChatterBot Yankee reevaluating
ChatterBot Lima reevaluating
ChatterBot Mike reevaluating
ChatterBot India round 8
ChatterBot Tango round 8
ChatterBot Papa round 8
2024-10-14 20:10:56.976494 Whiskey: We should add Lima
ChatterBot Tango reevaluating
ChatterBot Mike reevaluating
ChatterBot India reevaluating
ChatterBot Papa reevaluating
2024-10-14 20:10:56.992065 Tango: Yes
2024-10-14 20:10:56.992223 Golf: No
2024-10-14 20:10:56.992356 Mike: Yes
2024-10-14 20:10:56.992476 India: Yes
2024-10-14 20:10:56.993229 Papa: Yes
ChatterBot Mike reevaluating
ChatterBot India reevaluating
ChatterBot Papa reevaluating
ChatterBot Tango reevaluating
ChatterBot Whiskey reevaluating
ChatterBot Mike reevaluating
ChatterBot India reevaluating
ChatterBot Papa reevaluating
ChatterBot Tango reevaluating
ChatterBot Whiskey reevaluating
ChatterBot India reevaluating
ChatterBot Papa reevaluating
ChatterBot Tango reevaluating
ChatterBot Golf reevaluating
ChatterBot Whiskey reevaluating
ChatterBot Mike reevaluating
ChatterBot Papa reevaluating
ChatterBot Tango reevaluating
ChatterBot Golf reevaluating
ChatterBot Whiskey reevaluating
ChatterBot Mike reevaluating
ChatterBot India reevaluating
2024-10-14 20:10:57.119502 Papa: We should replace Yankee with Whiskey
ChatterBot Mike reevaluating
2024-10-14 20:10:57.135835 Lima: No
2024-10-14 20:10:57.135986 Mike: Yes
2024-10-14 20:10:57.136097 India: No
2024-10-14 20:10:57.136241 Tango: No
ChatterBot Mike reevaluating
ChatterBot Papa reevaluating
ChatterBot Papa reevaluating
ChatterBot Lima reevaluating
ChatterBot Mike reevaluating
ChatterBot Papa reevaluating
ChatterBot Lima reevaluating
ChatterBot Mike reevaluating
ChatterBot Papa reevaluating
2024-10-14 20:10:57.179469 Romeo: Mike, sending you 2
2024-10-14 20:10:57.179844 Whiskey: Lima we want you to join our group
2024-10-14 20:10:57.182559 Lima: No
ChatterBot Golf reevaluating
ChatterBot Whiskey reevaluating
ChatterBot Papa reevaluating
2024-10-14 20:10:57.198869 Lima: Whiskey we want you to join our group
ChatterBot Whiskey reevaluating
2024-10-14 20:10:57.202893 Whiskey: Yes
ChatterBot Papa reevaluating
2024-10-14 20:10:57.217633 Romeo: Victor, sending you 6
2024-10-14 20:10:57.218172 India: I was attacked by Victor
ChatterBot Golf reevaluating
ChatterBot Whiskey reevaluating
ChatterBot Lima reevaluating
ChatterBot Mike reevaluating
ChatterBot Tango reevaluating
ChatterBot Papa reevaluating
ChatterBot Yankee reevaluating
2024-10-14 20:10:57.240167 India: I'm keeping this round to protect myself
2024-10-14 20:10:57.242111 India: Ow
2024-10-14 20:10:57.242711 Victor: Romeo, sending you 2
