ChatterBot India round 1
ChatterBot Oscar round 1
ChatterBot Kilo round 1
ChatterBot Juliett round 1
ChatterBot Hotel round 1
ChatterBot Echo round 1
ChatterBot Charlie round 1
ChatterBot November round 1
ChatterBot Alpha round 1
ChatterBot Uniform round 1
randomSelections Kilo: {Kilo, Uniform, Alpha, India, Hotel, Echo} 
2024-10-15 04:45:19.162094 Kilo: We would work well together
ChatterBot Uniform reevaluating
ChatterBot Alpha reevaluating
ChatterBot India reevaluating
ChatterBot Hotel reevaluating
ChatterBot Echo reevaluating
2024-10-15 04:45:19.180268 Uniform: Yes
2024-10-15 04:45:19.180443 Alpha: Yes
2024-10-15 04:45:19.180600 India: Yes
2024-10-15 04:45:19.181450 Hotel: Yes
2024-10-15 04:45:19.181598 Echo: Yes
ChatterBot Alpha reevaluating
ChatterBot India reevaluating
ChatterBot Hotel reevaluating
ChatterBot Echo reevaluating
ChatterBot Uniform reevaluating
ChatterBot India reevaluating
ChatterBot Hotel reevaluating
ChatterBot Echo reevaluating
ChatterBot Uniform reevaluating
ChatterBot Alpha reevaluating
ChatterBot Hotel reevaluating
ChatterBot Echo reevaluating
ChatterBot Uniform reevaluating
ChatterBot Alpha reevaluating
ChatterBot India reevaluating
ChatterBot Echo reevaluating
ChatterBot Uniform reevaluating
ChatterBot Alpha reevaluating
ChatterBot India reevaluating
ChatterBot Hotel reevaluating
randomSelections Charlie: {Charlie, Oscar, Juliett, Echo, India, Hotel} 
2024-10-15 04:45:19.379125 Charlie: We should group up
ChatterBot Oscar reevaluating
ChatterBot Juliett reevaluating
ChatterBot Echo reevaluating
ChatterBot India reevaluating
ChatterBot Hotel reevaluating
2024-10-15 04:45:19.387986 Oscar: Yes
2024-10-15 04:45:19.388171 Juliett: Yes
2024-10-15 04:45:19.388343 Echo: No
2024-10-15 04:45:19.389120 India: No
2024-10-15 04:45:19.389371 Hotel: No
ChatterBot Juliett reevaluating
ChatterBot Echo reevaluating
ChatterBot India reevaluating
ChatterBot Hotel reevaluating
ChatterBot Oscar reevaluating
ChatterBot Echo reevaluating
ChatterBot India reevaluating
ChatterBot Hotel reevaluating
ChatterBot Oscar reevaluating
ChatterBot Juliett reevaluating
ChatterBot India reevaluating
ChatterBot Hotel reevaluating
ChatterBot Oscar reevaluating
ChatterBot Juliett reevaluating
ChatterBot Echo reevaluating
ChatterBot Hotel reevaluating
ChatterBot Oscar reevaluating
ChatterBot Juliett reevaluating
ChatterBot Echo reevaluating
ChatterBot India reevaluating
randomSelections November: {November, Kilo, India, Juliett, Oscar, Alpha} 
2024-10-15 04:45:19.434484 November: We would work well together
ChatterBot India reevaluating
ChatterBot Juliett reevaluating
ChatterBot Oscar reevaluating
ChatterBot Alpha reevaluating
2024-10-15 04:45:19.442386 Kilo: No
2024-10-15 04:45:19.442746 India: No
2024-10-15 04:45:19.443030 Juliett: No
2024-10-15 04:45:19.443973 Oscar: No
2024-10-15 04:45:19.444339 Alpha: No
ChatterBot India reevaluating
ChatterBot Juliett reevaluating
ChatterBot Oscar reevaluating
ChatterBot Alpha reevaluating
ChatterBot Juliett reevaluating
ChatterBot Oscar reevaluating
ChatterBot Alpha reevaluating
ChatterBot India reevaluating
ChatterBot Oscar reevaluating
ChatterBot Alpha reevaluating
ChatterBot India reevaluating
ChatterBot Juliett reevaluating
ChatterBot Alpha reevaluating
ChatterBot India reevaluating
ChatterBot Juliett reevaluating
ChatterBot Oscar reevaluating
2024-10-15 04:45:19.503682 Charlie: India and Echo, sending you 4
2024-10-15 04:45:19.504645 India: Kilo, Hotel and Echo, sending you 1
2024-10-15 04:45:19.505869 November: India, Kilo, Juliett and Alpha, sending you 4
2024-10-15 04:45:19.506677 Kilo: India and Echo, sending you 3
2024-10-15 04:45:19.508664 Oscar: India, Hotel and Echo, sending you 3
2024-10-15 04:45:19.510176 Charlie: Oscar and Hotel, sending you 3
2024-10-15 04:45:19.510663 India: Alpha and Uniform, sending you 2
2024-10-15 04:45:19.511315 Uniform: India, sending you 1
2024-10-15 04:45:19.512598 November: Oscar, sending you 2
2024-10-15 04:45:19.513045 Alpha: India and Echo, sending you 5
2024-10-15 04:45:19.513498 Kilo: Hotel, sending you 4
2024-10-15 04:45:19.514557 Juliett: India and Hotel, sending you 4
2024-10-15 04:45:19.515340 Oscar: Juliett, sending you 5
2024-10-15 04:45:19.516871 Charlie: Juliett, sending you 2
2024-10-15 04:45:19.517617 Hotel: Kilo, sending you 1
2024-10-15 04:45:19.519102 Echo: India, sending you 6
2024-10-15 04:45:19.519709 Alpha: Kilo, sending you 2
2024-10-15 04:45:19.520531 Uniform: Kilo, sending you 7
2024-10-15 04:45:19.521960 Kilo: Alpha, sending you 8
2024-10-15 04:45:19.522724 Juliett: Oscar, sending you 5
2024-10-15 04:45:19.523393 Oscar: Charlie, sending you 4
2024-10-15 04:45:19.524975 Hotel: Echo, sending you 4
2024-10-15 04:45:19.525865 Echo: Kilo, Hotel and Uniform, sending you 4
2024-10-15 04:45:19.527244 Alpha: Hotel, sending you 6
2024-10-15 04:45:19.527854 Uniform: Hotel, sending you 8
2024-10-15 04:45:19.528237 Kilo: Uniform, sending you 1
2024-10-15 04:45:19.528597 Juliett: Echo, sending you 1
2024-10-15 04:45:19.530030 Hotel: Alpha and Uniform, sending you 2
2024-10-15 04:45:19.530682 Echo: Alpha, sending you 1
2024-10-15 04:45:19.531688 Juliett: Charlie, sending you 6
2024-10-15 04:45:19.533550 Alpha: Uniform, sending you 1
2024-10-15 04:45:19.534442 Uniform: Echo, sending you 3
chatterbot Kilo submitting transactions
chatterbot Oscar submitting transactions
chatterbot Hotel submitting transactions
chatterbot Alpha submitting transactions
chatterbot India submitting transactions
chatterbot Charlie submitting transactions
chatterbot Uniform submitting transactions
chatterbot November submitting transactions
chatterbot Echo submitting transactions
chatterbot Juliett submitting transactions
ChatterBot India round 2
ChatterBot Oscar round 2
ChatterBot Kilo round 2
ChatterBot Juliett round 2
ChatterBot Hotel round 2
ChatterBot Echo round 2
ChatterBot Charlie round 2
ChatterBot November round 2
ChatterBot Alpha round 2
ChatterBot Uniform round 2
2024-10-15 04:45:21.708659 Kilo: We should add November
ChatterBot Uniform reevaluating
ChatterBot Alpha reevaluating
ChatterBot India reevaluating
ChatterBot Hotel reevaluating
ChatterBot Echo reevaluating
2024-10-15 04:45:21.728277 Uniform: No
2024-10-15 04:45:21.728591 Alpha: No
2024-10-15 04:45:21.728805 India: Yes
2024-10-15 04:45:21.729415 Hotel: Yes
2024-10-15 04:45:21.729657 Echo: No
ChatterBot Alpha reevaluating
ChatterBot India reevaluating
ChatterBot Hotel reevaluating
ChatterBot Echo reevaluating
ChatterBot Uniform reevaluating
ChatterBot India reevaluating
ChatterBot Hotel reevaluating
ChatterBot Echo reevaluating
ChatterBot Uniform reevaluating
ChatterBot Alpha reevaluating
ChatterBot Hotel reevaluating
ChatterBot Echo reevaluating
ChatterBot Uniform reevaluating
ChatterBot Alpha reevaluating
ChatterBot India reevaluating
ChatterBot Echo reevaluating
ChatterBot Uniform reevaluating
ChatterBot Alpha reevaluating
ChatterBot India reevaluating
ChatterBot Hotel reevaluating
2024-10-15 04:45:21.841442 Oscar: Friends?
ChatterBot Juliett reevaluating
ChatterBot Charlie reevaluating
ChatterBot November reevaluating
2024-10-15 04:45:21.852988 Juliett: Yes
2024-10-15 04:45:21.853181 Charlie: Yes
2024-10-15 04:45:21.853303 November: No
ChatterBot Charlie reevaluating
ChatterBot November reevaluating
ChatterBot Juliett reevaluating
ChatterBot November reevaluating
ChatterBot Juliett reevaluating
ChatterBot Charlie reevaluating
2024-10-15 04:45:21.909906 Kilo: November we want you to join our group
ChatterBot November reevaluating
2024-10-15 04:45:21.914443 November: Yes
ChatterBot India reevaluating
ChatterBot Hotel reevaluating
ChatterBot Echo reevaluating
ChatterBot Alpha reevaluating
ChatterBot Uniform reevaluating
2024-10-15 04:45:22.236016 Echo: November we want you to join our group
2024-10-15 04:45:22.239583 November: Yes
2024-10-15 04:45:22.257307 Alpha: November we want you to join our group
2024-10-15 04:45:22.261147 November: Yes
2024-10-15 04:45:22.278961 Hotel: November we want you to join our group
2024-10-15 04:45:22.282504 November: Yes
2024-10-15 04:45:22.299969 India: November we want you to join our group
2024-10-15 04:45:22.303338 November: Yes
2024-10-15 04:45:22.475483 Juliett: Oscar, sending you 8
2024-10-15 04:45:22.475778 November: India, sending you 4
2024-10-15 04:45:22.476226 Oscar: Sending you each 6
2024-10-15 04:45:22.476492 Charlie: Sending you each 4
2024-10-15 04:45:22.477407 Kilo: India and Alpha, sending you 2
2024-10-15 04:45:22.477808 Uniform: India and Hotel, sending you 4
chatterbot Echo submitting transactions
2024-10-15 04:45:22.522858 Juliett: Charlie, sending you 5
2024-10-15 04:45:22.523643 November: Kilo, Hotel, Echo, Alpha and Uniform, sending you 3
2024-10-15 04:45:22.524065 Echo: India, sending you 2
2024-10-15 04:45:22.525004 Alpha: India and Hotel, sending you 2
2024-10-15 04:45:22.525307 Kilo: Hotel, sending you 1
2024-10-15 04:45:22.525597 Uniform: Kilo, sending you 3
2024-10-15 04:45:22.525898 India: Kilo and Uniform, sending you 1
2024-10-15 04:45:22.526160 Hotel: India, sending you 2
2024-10-15 04:45:22.526986 Juliett: November, sending you 7
2024-10-15 04:45:22.543487 Alpha: Kilo, sending you 9
2024-10-15 04:45:22.544643 Kilo: Echo and November, sending you 4
2024-10-15 04:45:22.545135 India: Echo, November and Alpha, sending you 2
2024-10-15 04:45:22.546079 Echo: Kilo and Uniform, sending you 3
2024-10-15 04:45:22.546499 Uniform: Echo, sending you 6
2024-10-15 04:45:22.546912 Hotel: Kilo and Echo, sending you 3
chatterbot Kilo submitting transactions
chatterbot Alpha submitting transactions
2024-10-15 04:45:22.565013 Alpha: Echo, sending you 1
2024-10-15 04:45:22.566206 Kilo: Uniform, sending you 6
2024-10-15 04:45:22.566777 Uniform: Alpha, sending you 2
2024-10-15 04:45:22.567314 Echo: Hotel, sending you 4
2024-10-15 04:45:22.568500 Hotel: November, sending you 1
2024-10-15 04:45:22.572636 Alpha: November, sending you 5
2024-10-15 04:45:22.573 Echo: November, sending you 1
2024-10-15 04:45:22.573320 Hotel: Alpha, sending you 4
2024-10-15 04:45:22.586590 Hotel: Uniform, sending you 6
2024-10-15 04:45:22.587776 Echo: Alpha, sending you 6
chatterbot Juliett submitting transactions
chatterbot November submitting transactions
chatterbot Uniform submitting transactions
chatterbot Oscar submitting transactions
chatterbot Hotel submitting transactions
chatterbot India submitting transactions
chatterbot Charlie submitting transactions
ChatterBot India round 3
ChatterBot Oscar round 3
ChatterBot Kilo round 3
ChatterBot Juliett round 3
ChatterBot Hotel round 3
ChatterBot Echo round 3
ChatterBot Charlie round 3
ChatterBot November round 3
ChatterBot Alpha round 3
ChatterBot Uniform round 3
2024-10-15 04:45:23.602828 Uniform: We should add November
2024-10-15 04:45:23.617960 Kilo: Yes
2024-10-15 04:45:23.618127 Alpha: Yes
2024-10-15 04:45:23.618241 India: Yes
2024-10-15 04:45:23.618844 Hotel: Yes
2024-10-15 04:45:23.618954 Echo: Yes
2024-10-15 04:45:23.725444 Uniform: November we want you to join our group
2024-10-15 04:45:23.731401 November: Yes
2024-10-15 04:45:23.862033 Hotel: India, sending you 1
2024-10-15 04:45:23.863086 Kilo: India, sending you 1
2024-10-15 04:45:23.863386 Oscar: Juliett, sending you 7
2024-10-15 04:45:23.863611 Charlie: Oscar and Juliett, sending you 4
2024-10-15 04:45:23.863817 Alpha: India and November, sending you 3
2024-10-15 04:45:23.864144 India: Kilo, Hotel, Alpha and Uniform, sending you 1
2024-10-15 04:45:23.865093 Juliett: Oscar, sending you 9
2024-10-15 04:45:23.891130 Hotel: Kilo, sending you 3
2024-10-15 04:45:23.892305 Kilo: Hotel, Echo and November, sending you 3
2024-10-15 04:45:23.892727 Oscar: Charlie, sending you 6
2024-10-15 04:45:23.893034 Charlie: November, sending you 5
2024-10-15 04:45:23.893745 Alpha: Kilo, Hotel and Echo, sending you 4
2024-10-15 04:45:23.894182 November: India, Kilo, Hotel, Echo and Uniform, sending you 3
2024-10-15 04:45:23.894727 Uniform: India, November and Alpha, sending you 2
2024-10-15 04:45:23.895762 Echo: India and November, sending you 2
2024-10-15 04:45:23.896190 India: Echo and November, sending you 2
2024-10-15 04:45:23.896685 Juliett: Charlie, sending you 6
2024-10-15 04:45:23.897580 Hotel: Echo and Alpha, sending you 4
2024-10-15 04:45:23.897900 Kilo: Alpha, sending you 5
2024-10-15 04:45:23.898227 Oscar: November, sending you 5
2024-10-15 04:45:23.898447 Alpha: Uniform, sending you 1
2024-10-15 04:45:23.899385 November: Alpha, sending you 4
2024-10-15 04:45:23.910445 Uniform: Kilo and Echo, sending you 4
2024-10-15 04:45:23.910948 Echo: Kilo, Hotel and Uniform, sending you 4
2024-10-15 04:45:23.911438 Juliett: November, sending you 5
2024-10-15 04:45:23.912325 Hotel: November, sending you 2
2024-10-15 04:45:23.912787 Kilo: Uniform, sending you 4
2024-10-15 04:45:23.935009 Uniform: Hotel, sending you 5
2024-10-15 04:45:23.935942 Echo: Alpha, sending you 3
2024-10-15 04:45:23.937282 Hotel: Uniform, sending you 5
chatterbot Oscar submitting transactions
chatterbot Alpha submitting transactions
chatterbot Juliett submitting transactions
chatterbot India submitting transactions
chatterbot Uniform submitting transactions
chatterbot Echo submitting transactions
chatterbot Charlie submitting transactions
chatterbot Hotel submitting transactions
chatterbot Kilo submitting transactions
chatterbot November submitting transactions
ChatterBot India round 4
ChatterBot Oscar round 4
ChatterBot Kilo round 4
ChatterBot Juliett round 4
ChatterBot Hotel round 4
ChatterBot Echo round 4
ChatterBot Charlie round 4
ChatterBot November round 4
ChatterBot Alpha round 4
ChatterBot Uniform round 4
2024-10-15 04:45:25.125128 Juliett: We should drop November
ChatterBot Oscar reevaluating
2024-10-15 04:45:25.135379 Oscar: Yes
2024-10-15 04:45:25.135580 Charlie: Yes
ChatterBot Oscar reevaluating
2024-10-15 04:45:25.158245 Alpha: We should drop India
2024-10-15 04:45:25.182203 Kilo: No
2024-10-15 04:45:25.182425 Hotel: No
2024-10-15 04:45:25.182623 Echo: No
2024-10-15 04:45:25.182802 November: No
2024-10-15 04:45:25.182965 Uniform: No
2024-10-15 04:45:25.361130 Kilo: India, sending you 2
2024-10-15 04:45:25.362774 November: India, Kilo, Hotel, Echo and Uniform, sending you 3
2024-10-15 04:45:25.488291 Hotel: India, sending you 1
2024-10-15 04:45:25.489945 November: Alpha, sending you 4
2024-10-15 04:45:25.490846 Kilo: Hotel, Echo and November, sending you 3
2024-10-15 04:45:25.491704 India: Kilo and Uniform, sending you 1
2024-10-15 04:45:25.494159 Uniform: India, sending you 2
2024-10-15 04:45:25.494895 Alpha: Kilo, Hotel, Echo and November, sending you 2
2024-10-15 04:45:25.502752 Juliett: Oscar, sending you 12
2024-10-15 04:45:25.503283 Echo: India, Kilo and Alpha, sending you 3
2024-10-15 04:45:25.504250 Hotel: Kilo, sending you 3
2024-10-15 04:45:25.507219 Kilo: Alpha and Uniform, sending you 4
2024-10-15 04:45:25.508198 Uniform: Kilo and Echo, sending you 4
2024-10-15 04:45:25.510498 India: Echo, November and Alpha, sending you 2
2024-10-15 04:45:25.515526 Juliett: Charlie, sending you 8
2024-10-15 04:45:25.516006 Alpha: Uniform, sending you 1
2024-10-15 04:45:25.516539 Charlie: Same as last round
2024-10-15 04:45:25.516895 Oscar: Sending you each 9
2024-10-15 04:45:25.518961 Echo: Hotel and Uniform, sending you 4
2024-10-15 04:45:25.519889 Hotel: Echo and Alpha, sending you 4
2024-10-15 04:45:25.520801 Uniform: Hotel, sending you 5
2024-10-15 04:45:25.523243 Echo: November, sending you 2
2024-10-15 04:45:25.524100 Hotel: November, sending you 2
2024-10-15 04:45:25.637944 Uniform: November, sending you 3
2024-10-15 04:45:25.638962 Hotel: Uniform, sending you 5
chatterbot Juliett submitting transactions
2024-10-15 04:45:25.702181 Uniform: Alpha, sending you 1
chatterbot Charlie submitting transactions
chatterbot Echo submitting transactions
chatterbot November submitting transactions
chatterbot Kilo submitting transactions
chatterbot Uniform submitting transactions
chatterbot Alpha submitting transactions
chatterbot India submitting transactions
chatterbot Hotel submitting transactions
chatterbot Oscar submitting transactions
ChatterBot India round 5
ChatterBot Oscar round 5
ChatterBot Kilo round 5
ChatterBot Juliett round 5
ChatterBot Hotel round 5
ChatterBot Echo round 5
ChatterBot Charlie round 5
ChatterBot November round 5
ChatterBot Alpha round 5
ChatterBot Uniform round 5
2024-10-15 04:45:26.544498 Charlie: We should add Kilo
ChatterBot Oscar reevaluating
2024-10-15 04:45:26.550273 Juliett: No
2024-10-15 04:45:26.550894 Oscar: No
ChatterBot Oscar reevaluating
ChatterBot Charlie reevaluating
ChatterBot Charlie reevaluating
2024-10-15 04:45:26.567556 November: We should add Oscar
ChatterBot Uniform reevaluating
2024-10-15 04:45:26.592822 India: No
2024-10-15 04:45:26.592978 Kilo: No
2024-10-15 04:45:26.593106 Hotel: No
2024-10-15 04:45:26.593222 Echo: No
2024-10-15 04:45:26.593335 Alpha: No
2024-10-15 04:45:26.593985 Uniform: No
ChatterBot Uniform reevaluating
ChatterBot November reevaluating
ChatterBot Uniform reevaluating
ChatterBot November reevaluating
ChatterBot Uniform reevaluating
ChatterBot November reevaluating
ChatterBot Uniform reevaluating
ChatterBot November reevaluating
ChatterBot Uniform reevaluating
ChatterBot November reevaluating
2024-10-15 04:45:26.742831 Charlie: We should add Hotel
ChatterBot Oscar reevaluating
2024-10-15 04:45:26.749421 Juliett: No
2024-10-15 04:45:26.749578 Oscar: No
ChatterBot Oscar reevaluating
ChatterBot Charlie reevaluating
ChatterBot Charlie reevaluating
2024-10-15 04:45:26.764296 Charlie: We should add Echo
ChatterBot Oscar reevaluating
2024-10-15 04:45:26.770408 Juliett: No
2024-10-15 04:45:26.770955 Oscar: No
ChatterBot Oscar reevaluating
ChatterBot Charlie reevaluating
ChatterBot Charlie reevaluating
2024-10-15 04:45:26.783908 Charlie: We should add Uniform
ChatterBot Oscar reevaluating
2024-10-15 04:45:26.790403 Juliett: No
2024-10-15 04:45:26.790512 Oscar: No
ChatterBot Oscar reevaluating
ChatterBot Charlie reevaluating
ChatterBot Charlie reevaluating
2024-10-15 04:45:26.803975 November: We should add Charlie
ChatterBot Uniform reevaluating
2024-10-15 04:45:26.822202 India: No
2024-10-15 04:45:26.822337 Kilo: No
2024-10-15 04:45:26.822448 Hotel: No
2024-10-15 04:45:26.822561 Echo: No
2024-10-15 04:45:26.822677 Alpha: No
2024-10-15 04:45:26.826276 Uniform: No
ChatterBot November reevaluating
ChatterBot Uniform reevaluating
ChatterBot November reevaluating
ChatterBot Uniform reevaluating
ChatterBot November reevaluating
ChatterBot Uniform reevaluating
ChatterBot November reevaluating
ChatterBot Uniform reevaluating
ChatterBot November reevaluating
ChatterBot Uniform reevaluating
ChatterBot November reevaluating
2024-10-15 04:45:27.112488 Kilo: India, sending you 2
2024-10-15 04:45:27.114300 India: Kilo, Hotel, Alpha and Uniform, sending you 1
2024-10-15 04:45:27.115671 Juliett: Oscar, sending you 11
2024-10-15 04:45:27.116251 Charlie: Uniform we want you to join our group
ChatterBot Uniform reevaluating
2024-10-15 04:45:27.120767 Uniform: No
ChatterBot Charlie reevaluating
2024-10-15 04:45:27.131036 November: Charlie we want you to join our group
ChatterBot Charlie reevaluating
2024-10-15 04:45:27.136074 Charlie: No
ChatterBot November reevaluating
ChatterBot Uniform reevaluating
2024-10-15 04:45:27.159806 Kilo: Hotel, Echo and November, sending you 3
2024-10-15 04:45:27.160825 Echo: India, sending you 2
2024-10-15 04:45:27.162186 Hotel: India, sending you 1
2024-10-15 04:45:27.163391 India: Echo and November, sending you 2
2024-10-15 04:45:27.164094 Juliett: Charlie, sending you 7
2024-10-15 04:45:27.165310 Juliett: I was attacked by Alpha
ChatterBot Oscar reevaluating
ChatterBot Charlie reevaluating
2024-10-15 04:45:27.173066 Juliett: Ow
2024-10-15 04:45:27.174826 Echo: Kilo, November and Alpha, sending you 3
2024-10-15 04:45:27.175528 Kilo: Alpha and Uniform, sending you 4
2024-10-15 04:45:27.176782 Hotel: Kilo, November and Alpha, sending you 3
2024-10-15 04:45:27.177746 Alpha: Kilo, sending you 5
2024-10-15 04:45:27.188826 Echo: Hotel and Uniform, sending you 4
2024-10-15 04:45:27.191505 Uniform: We should drop India
ChatterBot November reevaluating
2024-10-15 04:45:27.222125 Alpha: Yes
2024-10-15 04:45:27.223209 Kilo: No
2024-10-15 04:45:27.223620 Hotel: No
2024-10-15 04:45:27.224019 Echo: No
2024-10-15 04:45:27.224459 November: No
ChatterBot November reevaluating
ChatterBot November reevaluating
ChatterBot November reevaluating
ChatterBot November reevaluating
2024-10-15 04:45:27.344836 Hotel: Echo, sending you 4
2024-10-15 04:45:27.346546 Alpha: Hotel, Echo and November, sending you 4
chatterbot Juliett submitting transactions
chatterbot Echo submitting transactions
2024-10-15 04:45:27.358342 Hotel: Uniform, sending you 5
2024-10-15 04:45:27.360327 Alpha: Uniform, sending you 2
2024-10-15 04:45:27.373763 Uniform: Kilo and Echo, sending you 4
2024-10-15 04:45:27.377749 Oscar: Same as last round
2024-10-15 04:45:27.386161 Uniform: Hotel, sending you 6
2024-10-15 04:45:27.390599 Charlie: Oscar, sending you 4
2024-10-15 04:45:27.409441 Uniform: November, sending you 3
2024-10-15 04:45:27.411084 Charlie: Juliett, sending you 2
2024-10-15 04:45:27.411996 November: India, Kilo, Hotel, Echo, Charlie and Alpha, sending you 3
2024-10-15 04:45:27.415030 Uniform: Alpha, sending you 2
2024-10-15 04:45:27.415948 Charlie: Uniform, sending you 5
2024-10-15 04:45:27.431213 November: Uniform, sending you 1
chatterbot Oscar submitting transactions
chatterbot Hotel submitting transactions
chatterbot Alpha submitting transactions
chatterbot India submitting transactions
chatterbot Uniform submitting transactions
chatterbot Kilo submitting transactions
chatterbot November submitting transactions
chatterbot Oscar submitting transactions
chatterbot Charlie submitting transactions
ChatterBot India round 6
ChatterBot Oscar round 6
ChatterBot Kilo round 6
ChatterBot Juliett round 6
ChatterBot Hotel round 6
ChatterBot Echo round 6
ChatterBot Charlie round 6
ChatterBot November round 6
ChatterBot Alpha round 6
ChatterBot Uniform round 6
2024-10-15 04:45:28.336548 Charlie: We should drop Uniform
2024-10-15 04:45:28.342429 Juliett: Yes
2024-10-15 04:45:28.342588 Oscar: Yes
ChatterBot Charlie reevaluating
ChatterBot Charlie reevaluating
2024-10-15 04:45:28.355258 Echo: India, sending you 2
2024-10-15 04:45:28.358682 India: Kilo, Hotel, Alpha and Uniform, sending you 1
2024-10-15 04:45:28.359663 November: India, Kilo, Hotel, Echo, Alpha and Uniform, sending you 3
2024-10-15 04:45:28.360281 Kilo: India, sending you 2
2024-10-15 04:45:28.361698 Echo: Kilo, November and Alpha, sending you 3
2024-10-15 04:45:28.362438 Hotel: India, sending you 1
2024-10-15 04:45:28.363157 Alpha: Kilo, sending you 5
2024-10-15 04:45:28.363579 Oscar: Same as last round
2024-10-15 04:45:28.364212 Juliett: Oscar, sending you 11
2024-10-15 04:45:28.364532 India: Echo and November, sending you 2
2024-10-15 04:45:28.365308 November: Charlie, sending you 1
2024-10-15 04:45:28.366681 Kilo: Hotel, Echo and November, sending you 3
2024-10-15 04:45:28.367813 Echo: Hotel and Uniform, sending you 4
2024-10-15 04:45:28.368438 Hotel: Kilo and November, sending you 3
2024-10-15 04:45:28.369029 Alpha: Hotel, Echo and November, sending you 4
2024-10-15 04:45:28.369360 Juliett: Charlie, sending you 7
2024-10-15 04:45:28.369619 Uniform: Kilo and Echo, sending you 4
2024-10-15 04:45:28.372682 Kilo: Alpha and Uniform, sending you 4
2024-10-15 04:45:28.373970 Hotel: Echo, Alpha and Uniform, sending you 4
2024-10-15 04:45:28.374570 Uniform: Hotel, sending you 5
2024-10-15 04:45:28.374900 Alpha: Uniform, sending you 2
2024-10-15 04:45:28.377668 Uniform: November and Alpha, sending you 3
2024-10-15 04:45:28.388666 Charlie: Oscar, sending you 3
2024-10-15 04:45:28.392651 Charlie: Juliett, sending you 2
2024-10-15 04:45:28.395664 Charlie: November, sending you 5
chatterbot November submitting transactions
chatterbot Alpha submitting transactions
chatterbot Echo submitting transactions
chatterbot Juliett submitting transactions
chatterbot India submitting transactions
chatterbot Uniform submitting transactions
chatterbot Charlie submitting transactions
chatterbot Kilo submitting transactions
chatterbot Oscar submitting transactions
chatterbot Hotel submitting transactions
ChatterBot India round 7
ChatterBot Oscar round 7
ChatterBot Kilo round 7
ChatterBot Juliett round 7
ChatterBot Hotel round 7
ChatterBot Echo round 7
ChatterBot Charlie round 7
ChatterBot November round 7
ChatterBot Alpha round 7
ChatterBot Uniform round 7
2024-10-15 04:45:29.590581 Charlie: We should replace November with India
ChatterBot Oscar reevaluating
2024-10-15 04:45:29.599275 Juliett: No
2024-10-15 04:45:29.599425 Oscar: Yes
ChatterBot Oscar reevaluating
ChatterBot Charlie reevaluating
ChatterBot Charlie reevaluating
2024-10-15 04:45:29.628907 Charlie: We should replace November with Kilo
ChatterBot Oscar reevaluating
2024-10-15 04:45:29.635560 Juliett: No
2024-10-15 04:45:29.635707 Oscar: No
ChatterBot Oscar reevaluating
ChatterBot Charlie reevaluating
ChatterBot Charlie reevaluating
2024-10-15 04:45:29.647914 Oscar: We should add India
ChatterBot Charlie reevaluating
2024-10-15 04:45:29.654452 Juliett: No
2024-10-15 04:45:29.654560 Charlie: No
ChatterBot Oscar reevaluating
ChatterBot Charlie reevaluating
ChatterBot Oscar reevaluating
2024-10-15 04:45:29.670249 India: Kilo, Hotel, Alpha and Uniform, sending you 1
2024-10-15 04:45:29.671145 Juliett: Oscar, sending you 11
2024-10-15 04:45:29.671657 Hotel: India, sending you 1
2024-10-15 04:45:29.672944 Kilo: India, sending you 2
2024-10-15 04:45:29.674652 Juliett: Charlie, sending you 7
2024-10-15 04:45:29.675681 India: Echo and November, sending you 2
2024-10-15 04:45:29.677078 Hotel: Kilo and November, sending you 3
2024-10-15 04:45:29.677701 Kilo: Hotel, Echo and November, sending you 3
2024-10-15 04:45:29.678218 Uniform: Kilo and Echo, sending you 4
2024-10-15 04:45:29.681009 Kilo: Alpha and Uniform, sending you 4
2024-10-15 04:45:29.681701 Uniform: Hotel, sending you 5
2024-10-15 04:45:29.682465 Alpha: Kilo, Hotel, Echo and November, sending you 2
2024-10-15 04:45:29.683592 Hotel: Echo, Alpha and Uniform, sending you 4
2024-10-15 04:45:29.685679 Echo: India, sending you 2
2024-10-15 04:45:29.686725 Alpha: Uniform, sending you 1
2024-10-15 04:45:29.687750 Uniform: November and Alpha, sending you 3
2024-10-15 04:45:29.688674 Oscar: Same as last round
2024-10-15 04:45:29.689655 Charlie: Oscar, sending you 3
2024-10-15 04:45:29.690672 Echo: Kilo, November and Alpha, sending you 3
2024-10-15 04:45:29.692653 November: India, sending you 1
2024-10-15 04:45:29.693661 Charlie: Juliett, sending you 2
2024-10-15 04:45:29.694678 Echo: Hotel and Uniform, sending you 4
2024-10-15 04:45:29.695967 November: Kilo, Hotel, Echo, Charlie, Alpha and Uniform, sending you 3
2024-10-15 04:45:29.696657 Charlie: November, sending you 5
chatterbot India submitting transactions
chatterbot Alpha submitting transactions
chatterbot Hotel submitting transactions
chatterbot Kilo submitting transactions
chatterbot Echo submitting transactions
chatterbot Juliett submitting transactions
chatterbot Charlie submitting transactions
chatterbot Uniform submitting transactions
chatterbot November submitting transactions
chatterbot Oscar submitting transactions
ChatterBot India round 8
ChatterBot Oscar round 8
ChatterBot Kilo round 8
ChatterBot Juliett round 8
ChatterBot Hotel round 8
ChatterBot Echo round 8
ChatterBot Charlie round 8
ChatterBot November round 8
ChatterBot Alpha round 8
ChatterBot Uniform round 8
2024-10-15 04:45:30.913836 Kilo: India, sending you 2
2024-10-15 04:45:30.918048 Kilo: Hotel, Echo and November, sending you 3
2024-10-15 04:45:30.920674 Echo: India, sending you 2
2024-10-15 04:45:30.921499 Juliett: Oscar, sending you 11
2024-10-15 04:45:30.922293 Hotel: India, sending you 2
2024-10-15 04:45:30.923064 Kilo: Alpha and Uniform, sending you 4
2024-10-15 04:45:30.924693 Echo: Kilo, November and Alpha, sending you 3
2024-10-15 04:45:30.925847 Uniform: Kilo and Echo, sending you 4
2024-10-15 04:45:30.927077 Juliett: Charlie, sending you 7
2024-10-15 04:45:30.927481 Hotel: Kilo, November and Alpha, sending you 3
2024-10-15 04:45:30.928411 Oscar: I was attacked by Alpha
ChatterBot Juliett reevaluating
ChatterBot Charlie reevaluating
2024-10-15 04:45:30.938923 Oscar: I'm keeping this round to protect myself
2024-10-15 04:45:30.939653 Oscar: Ow
2024-10-15 04:45:30.939997 Uniform: Hotel, sending you 5
2024-10-15 04:45:30.940523 Echo: Hotel and Uniform, sending you 4
2024-10-15 04:45:30.941944 India: Kilo, Echo and November, sending you 2
2024-10-15 04:45:30.942861 Hotel: Echo and Uniform, sending you 4
2024-10-15 04:45:30.944210 Alpha: Kilo, sending you 5
2024-10-15 04:45:30.944789 Uniform: November and Alpha, sending you 3
2024-10-15 04:45:30.946667 November: India, sending you 1
2024-10-15 04:45:30.947680 India: Hotel and Uniform, sending you 1
2024-10-15 04:45:30.949837 Alpha: Hotel, Echo and November, sending you 4
2024-10-15 04:45:30.951690 November: Kilo, Hotel, Echo, Charlie, Alpha and Uniform, sending you 3
2024-10-15 04:45:30.954687 Alpha: Uniform, sending you 2
chatterbot India submitting transactions
chatterbot Kilo submitting transactions
chatterbot Charlie submitting transactions
chatterbot Juliett submitting transactions
chatterbot Alpha submitting transactions
chatterbot November submitting transactions
chatterbot Echo submitting transactions
chatterbot Uniform submitting transactions
chatterbot Oscar submitting transactions
chatterbot Hotel submitting transactions
ChatterBot India round 9
ChatterBot Oscar round 9
ChatterBot Kilo round 9
ChatterBot Juliett round 9
ChatterBot Hotel round 9
ChatterBot Echo round 9
ChatterBot Charlie round 9
ChatterBot November round 9
ChatterBot Alpha round 9
ChatterBot Uniform round 9
2024-10-15 04:45:32.135669 India: Kilo, Echo and November, sending you 2
2024-10-15 04:45:32.137801 Echo: India, sending you 2
2024-10-15 04:45:32.139658 Kilo: India, sending you 2
2024-10-15 04:45:32.141928 India: Hotel and Alpha, sending you 1
2024-10-15 04:45:32.143536 Echo: Kilo, November and Alpha, sending you 3
2024-10-15 04:45:32.146043 November: India, sending you 1
2024-10-15 04:45:32.148656 Kilo: Hotel, Echo and November, sending you 3
2024-10-15 04:45:32.151080 Juliett: Oscar, sending you 10
2024-10-15 04:45:32.152139 Hotel: India, sending you 1
2024-10-15 04:45:32.154327 Echo: Hotel and Uniform, sending you 4
2024-10-15 04:45:32.156975 November: Kilo, Hotel, Echo, Charlie, Alpha and Uniform, sending you 3
2024-10-15 04:45:32.158556 Juliett: Charlie, sending you 8
2024-10-15 04:45:32.159569 Kilo: Alpha and Uniform, sending you 4
2024-10-15 04:45:32.162624 Hotel: Kilo and November, sending you 3
2024-10-15 04:45:32.164320 Alpha: Kilo, Hotel, Echo and November, sending you 2
2024-10-15 04:45:32.165945 Uniform: Kilo and Echo, sending you 4
2024-10-15 04:45:32.169113 Hotel: Echo, Alpha and Uniform, sending you 4
2024-10-15 04:45:32.170352 Alpha: Uniform, sending you 1
2024-10-15 04:45:32.171290 Uniform: Hotel, sending you 5
2024-10-15 04:45:32.175666 Uniform: November and Alpha, sending you 3
chatterbot Uniform submitting transactions
chatterbot Echo submitting transactions
chatterbot November submitting transactions
chatterbot Oscar submitting transactions
chatterbot Alpha submitting transactions
chatterbot Juliett submitting transactions
chatterbot Charlie submitting transactions
chatterbot Kilo submitting transactions
chatterbot Hotel submitting transactions
chatterbot India submitting transactions
ChatterBot India round 10
ChatterBot Oscar round 10
ChatterBot Kilo round 10
ChatterBot Juliett round 10
ChatterBot Hotel round 10
ChatterBot Echo round 10
ChatterBot Charlie round 10
ChatterBot November round 10
ChatterBot Alpha round 10
ChatterBot Uniform round 10
2024-10-15 04:45:33.388670 Alpha: Kilo, Hotel, Echo and November, sending you 4
2024-10-15 04:45:33.390619 November: India, sending you 1
2024-10-15 04:45:33.392889 India: Kilo, Echo and November, sending you 2
2024-10-15 04:45:33.395487 Alpha: Uniform, sending you 3
2024-10-15 04:45:33.397463 November: Kilo, Hotel, Echo, Charlie, Alpha and Uniform, sending you 3
2024-10-15 04:45:33.398698 Uniform: Kilo and Echo, sending you 4
2024-10-15 04:45:33.399796 Kilo: India, sending you 2
2024-10-15 04:45:33.400626 India: Hotel and Uniform, sending you 1
2024-10-15 04:45:33.402314 Echo: India, sending you 2
2024-10-15 04:45:33.403091 Hotel: India, sending you 2
2024-10-15 04:45:33.404485 Juliett: Sending you each 3
2024-10-15 04:45:33.404818 Juliett: I was attacked by Alpha
ChatterBot Oscar reevaluating
ChatterBot Charlie reevaluating
2024-10-15 04:45:33.412937 Juliett: Ow
2024-10-15 04:45:33.413604 Uniform: Hotel, sending you 5
2024-10-15 04:45:33.414307 Kilo: Hotel, Echo and November, sending you 3
2024-10-15 04:45:33.416248 Echo: Kilo, November and Alpha, sending you 3
2024-10-15 04:45:33.418090 Hotel: Kilo, November and Alpha, sending you 3
2024-10-15 04:45:33.419742 Uniform: November and Alpha, sending you 3
2024-10-15 04:45:33.421337 Kilo: Alpha and Uniform, sending you 4
2024-10-15 04:45:33.422805 Echo: Hotel and Uniform, sending you 4
2024-10-15 04:45:33.424694 Hotel: Echo and Uniform, sending you 4
chatterbot Alpha submitting transactions
chatterbot Oscar submitting transactions
chatterbot November submitting transactions
chatterbot Kilo submitting transactions
chatterbot Juliett submitting transactions
chatterbot Hotel submitting transactions
chatterbot Echo submitting transactions
chatterbot India submitting transactions
chatterbot Uniform submitting transactions
chatterbot Charlie submitting transactions
ChatterBot India round 11
ChatterBot Oscar round 11
ChatterBot Kilo round 11
ChatterBot Juliett round 11
ChatterBot Hotel round 11
ChatterBot Echo round 11
ChatterBot Charlie round 11
ChatterBot November round 11
ChatterBot Alpha round 11
ChatterBot Uniform round 11
2024-10-15 04:45:34.596782 November: We should drop Charlie
2024-10-15 04:45:34.618129 India: Yes
2024-10-15 04:45:34.618405 Kilo: Yes
2024-10-15 04:45:34.618606 Hotel: Yes
2024-10-15 04:45:34.618800 Echo: Yes
2024-10-15 04:45:34.618985 Alpha: Yes
2024-10-15 04:45:34.619176 Uniform: Yes
2024-10-15 04:45:34.724660 Hotel: India, sending you 1
2024-10-15 04:45:34.726075 India: Kilo, Echo and November, sending you 2
2024-10-15 04:45:34.728892 Hotel: Kilo and November, sending you 3
2024-10-15 04:45:34.730568 Kilo: India, sending you 2
2024-10-15 04:45:34.732542 India: Hotel and Alpha, sending you 1
2024-10-15 04:45:34.733861 Oscar: Juliett, sending you 3
2024-10-15 04:45:34.734769 Juliett: Oscar, sending you 2
2024-10-15 04:45:34.735197 Hotel: Echo, Alpha and Uniform, sending you 4
2024-10-15 04:45:34.736710 Kilo: Hotel, Echo and November, sending you 3
2024-10-15 04:45:34.738713 Oscar: Charlie, sending you 2
2024-10-15 04:45:34.739199 November: India, Kilo, Hotel, Echo and Uniform, sending you 3
2024-10-15 04:45:34.741392 Juliett: Charlie, sending you 1
2024-10-15 04:45:34.742008 Echo: India, sending you 1
2024-10-15 04:45:34.745014 Uniform: Kilo and Echo, sending you 4
2024-10-15 04:45:34.746382 Kilo: Alpha and Uniform, sending you 4
2024-10-15 04:45:34.748577 November: Alpha, sending you 4
2024-10-15 04:45:34.751275 Echo: Kilo and November, sending you 3
2024-10-15 04:45:34.752702 Alpha: Kilo, sending you 4
2024-10-15 04:45:34.753431 Uniform: Hotel, sending you 5
2024-10-15 04:45:34.755694 Alpha: Hotel, Echo and November, sending you 3
2024-10-15 04:45:34.757803 Echo: Hotel, Alpha and Uniform, sending you 4
2024-10-15 04:45:34.759150 Uniform: November and Alpha, sending you 3
2024-10-15 04:45:34.760691 Alpha: Uniform, sending you 2
chatterbot Juliett submitting transactions
chatterbot Kilo submitting transactions
chatterbot November submitting transactions
chatterbot Oscar submitting transactions
chatterbot Charlie submitting transactions
chatterbot Uniform submitting transactions
chatterbot Echo submitting transactions
chatterbot Alpha submitting transactions
chatterbot Hotel submitting transactions
chatterbot India submitting transactions
ChatterBot India round 12
ChatterBot Oscar round 12
ChatterBot Kilo round 12
ChatterBot Juliett round 12
ChatterBot Hotel round 12
ChatterBot Echo round 12
ChatterBot Charlie round 12
ChatterBot November round 12
ChatterBot Alpha round 12
ChatterBot Uniform round 12
2024-10-15 04:45:35.813308 Charlie: We should drop Juliett
ChatterBot Oscar reevaluating
2024-10-15 04:45:35.859332 Oscar: Yes
2024-10-15 04:45:35.860664 November: Yes
ChatterBot Charlie reevaluating
ChatterBot Charlie reevaluating
ChatterBot Oscar reevaluating
2024-10-15 04:45:35.894665 Juliett: I was attacked by Alpha
2024-10-15 04:45:35.895131 Juliett: I'm keeping this round to protect myself
2024-10-15 04:45:35.896198 Juliett: Ow
2024-10-15 04:45:36.145592 Oscar: We should drop Charlie
2024-10-15 04:45:36.150987 Juliett: Yes
ChatterBot Oscar reevaluating
2024-10-15 04:45:36.156100 Echo: India, sending you 2
2024-10-15 04:45:36.160420 India: Kilo, Echo and November, sending you 2
2024-10-15 04:45:36.163647 Hotel: India, sending you 2
2024-10-15 04:45:36.167542 Kilo: India, sending you 2
2024-10-15 04:45:36.170653 Alpha: Kilo, Hotel, Echo and November, sending you 4
chatterbot Hotel submitting transactions
2024-10-15 04:45:36.174199 November: India, Kilo, Hotel, Echo and Uniform, sending you 3
2024-10-15 04:45:36.178059 Echo: Kilo, November and Alpha, sending you 3
2024-10-15 04:45:36.189461 India: Hotel and Alpha, sending you 1
2024-10-15 04:45:36.197196 Hotel: Kilo, November and Alpha, sending you 3
2024-10-15 04:45:36.205757 Kilo: Hotel, Echo and November, sending you 3
2024-10-15 04:45:36.212664 Alpha: Uniform, sending you 3
2024-10-15 04:45:36.218348 Uniform: Kilo, Hotel, Echo and November, sending you 4
2024-10-15 04:45:36.222406 November: Alpha, sending you 4
2024-10-15 04:45:36.225521 Echo: Hotel and Uniform, sending you 4
2024-10-15 04:45:36.229480 Hotel: Echo and Uniform, sending you 4
chatterbot Juliett submitting transactions
2024-10-15 04:45:36.233110 Kilo: Alpha and Uniform, sending you 4
2024-10-15 04:45:36.236311 Uniform: Alpha, sending you 3
chatterbot Kilo submitting transactions
2024-10-15 04:45:36.279319 Oscar: Sending you 2
chatterbot India submitting transactions
chatterbot Echo submitting transactions
chatterbot November submitting transactions
chatterbot Charlie submitting transactions
chatterbot Uniform submitting transactions
chatterbot Oscar submitting transactions
chatterbot Alpha submitting transactions
ChatterBot India round 13
ChatterBot Oscar round 13
ChatterBot Kilo round 13
ChatterBot Juliett round 13
ChatterBot Hotel round 13
ChatterBot Echo round 13
ChatterBot Charlie round 13
ChatterBot November round 13
ChatterBot Alpha round 13
ChatterBot Uniform round 13
2024-10-15 04:45:36.930515 Oscar: We should replace Juliett with Charlie
2024-10-15 04:45:36.947786 Oscar: Charlie we want you to join our group
ChatterBot Charlie reevaluating
2024-10-15 04:45:36.952008 Charlie: Yes
2024-10-15 04:45:36.956668 India: Kilo and Echo, sending you 2
2024-10-15 04:45:36.958668 Kilo: India, sending you 2
2024-10-15 04:45:36.959809 Charlie: We should drop Juliett
2024-10-15 04:45:36.964501 Oscar: Yes
2024-10-15 04:45:36.964656 November: Yes
ChatterBot Charlie reevaluating
ChatterBot Charlie reevaluating
2024-10-15 04:45:36.976675 India: Hotel, sending you 1
2024-10-15 04:45:36.977490 Kilo: Hotel, Echo and November, sending you 3
2024-10-15 04:45:36.980670 Hotel: India, sending you 1
2024-10-15 04:45:36.981775 India: November, sending you 3
2024-10-15 04:45:36.982627 Echo: India, sending you 1
2024-10-15 04:45:36.983416 November: India, Kilo, Hotel, Echo and Uniform, sending you 3
2024-10-15 04:45:36.984369 Kilo: Alpha and Uniform, sending you 4
2024-10-15 04:45:36.985186 Alpha: Kilo, Hotel, Echo and November, sending you 2
2024-10-15 04:45:36.985689 Uniform: Kilo and Echo, sending you 4
2024-10-15 04:45:36.986176 Oscar: Sending you 17
