ChatterBot Foxtrot round 1
ChatterBot Uniform round 1
ChatterBot Hotel round 1
ChatterBot Lima round 1
ChatterBot Sierra round 1
ChatterBot X-ray round 1
ChatterBot November round 1
ChatterBot Charlie round 1
ChatterBot Papa round 1
ChatterBot Victor round 1
randomSelections Hotel: {Hotel, Lima, Uniform, Charlie, Papa, November} 
2024-10-15 04:45:18.770548 Hotel: We would work well together
ChatterBot Lima reevaluating
ChatterBot Uniform reevaluating
ChatterBot Charlie reevaluating
ChatterBot Papa reevaluating
ChatterBot November reevaluating
2024-10-15 04:45:18.780806 Lima: Yes
2024-10-15 04:45:18.780948 Uniform: Yes
2024-10-15 04:45:18.781220 Charlie: Yes
2024-10-15 04:45:18.781405 Papa: Yes
2024-10-15 04:45:18.781583 November: Yes
ChatterBot Uniform reevaluating
ChatterBot Charlie reevaluating
ChatterBot Papa reevaluating
ChatterBot November reevaluating
ChatterBot Lima reevaluating
ChatterBot Charlie reevaluating
ChatterBot Papa reevaluating
ChatterBot November reevaluating
ChatterBot Lima reevaluating
ChatterBot Uniform reevaluating
ChatterBot Papa reevaluating
ChatterBot November reevaluating
ChatterBot Lima reevaluating
ChatterBot Uniform reevaluating
ChatterBot Charlie reevaluating
ChatterBot November reevaluating
ChatterBot Lima reevaluating
ChatterBot Uniform reevaluating
ChatterBot Charlie reevaluating
ChatterBot Papa reevaluating
randomSelections Sierra: {Sierra, Foxtrot, November, Victor, Lima} 
2024-10-15 04:45:18.834074 Sierra: We would work well together
ChatterBot Foxtrot reevaluating
ChatterBot November reevaluating
ChatterBot Victor reevaluating
ChatterBot Lima reevaluating
2024-10-15 04:45:18.844124 Foxtrot: Yes
2024-10-15 04:45:18.844287 November: No
2024-10-15 04:45:18.845767 Victor: Yes
2024-10-15 04:45:18.845977 Lima: No
ChatterBot November reevaluating
ChatterBot Victor reevaluating
ChatterBot Lima reevaluating
ChatterBot Foxtrot reevaluating
ChatterBot Victor reevaluating
ChatterBot Lima reevaluating
ChatterBot Foxtrot reevaluating
ChatterBot November reevaluating
ChatterBot Lima reevaluating
ChatterBot Foxtrot reevaluating
ChatterBot November reevaluating
ChatterBot Victor reevaluating
randomSelections X-ray: {X-ray, November, Papa, Charlie, Lima, Hotel} 
2024-10-15 04:45:18.882805 X-ray: We should group up
ChatterBot November reevaluating
ChatterBot Papa reevaluating
ChatterBot Charlie reevaluating
ChatterBot Lima reevaluating
2024-10-15 04:45:18.892748 November: No
2024-10-15 04:45:18.892982 Papa: No
2024-10-15 04:45:18.893249 Charlie: No
2024-10-15 04:45:18.893474 Lima: No
2024-10-15 04:45:18.894227 Hotel: No
ChatterBot Papa reevaluating
ChatterBot Charlie reevaluating
ChatterBot Lima reevaluating
ChatterBot November reevaluating
ChatterBot Charlie reevaluating
ChatterBot Lima reevaluating
ChatterBot November reevaluating
ChatterBot Papa reevaluating
ChatterBot Lima reevaluating
ChatterBot November reevaluating
ChatterBot Papa reevaluating
ChatterBot Charlie reevaluating
ChatterBot November reevaluating
ChatterBot Papa reevaluating
ChatterBot Charlie reevaluating
ChatterBot Lima reevaluating
2024-10-15 04:45:18.991880 X-ray: Hotel and November, sending you 1
2024-10-15 04:45:18.993419 Uniform: Hotel, Lima, November, Charlie and Papa, sending you 1
2024-10-15 04:45:18.994329 Lima: Uniform, sending you 5
2024-10-15 04:45:18.995799 Sierra: Foxtrot and Lima, sending you 3
2024-10-15 04:45:18.996330 Hotel: Uniform, sending you 4
2024-10-15 04:45:18.997568 X-ray: Lima, sending you 3
2024-10-15 04:45:19.002136 Lima: Hotel, November and Papa, sending you 3
2024-10-15 04:45:19.003697 Sierra: November and Victor, sending you 4
2024-10-15 04:45:19.004414 Charlie: Uniform, sending you 5
2024-10-15 04:45:19.005726 Hotel: Lima, sending you 8
2024-10-15 04:45:19.006309 X-ray: Charlie, sending you 2
2024-10-15 04:45:19.039138 Lima: Charlie, sending you 2
2024-10-15 04:45:19.040344 Charlie: Hotel, sending you 2
2024-10-15 04:45:19.040978 Hotel: November, sending you 3
2024-10-15 04:45:19.042295 X-ray: Papa, sending you 6
2024-10-15 04:45:19.042738 Papa: Uniform and Charlie, sending you 3
2024-10-15 04:45:19.043134 Foxtrot: Sierra, sending you 1
2024-10-15 04:45:19.044303 November: Uniform, Lima and Charlie, sending you 4
2024-10-15 04:45:19.044914 Charlie: Lima, sending you 4
2024-10-15 04:45:19.046561 Hotel: Charlie and Papa, sending you 2
2024-10-15 04:45:19.050847 Papa: Hotel, Lima and November, sending you 4
2024-10-15 04:45:19.051430 November: Hotel, sending you 5
2024-10-15 04:45:19.052782 Charlie: November and Papa, sending you 3
2024-10-15 04:45:19.058638 November: Papa, sending you 2
chatterbot Sierra submitting transactions
chatterbot Foxtrot submitting transactions
chatterbot Lima submitting transactions
chatterbot Hotel submitting transactions
chatterbot Charlie submitting transactions
chatterbot November submitting transactions
chatterbot Victor submitting transactions
chatterbot Uniform submitting transactions
chatterbot X-ray submitting transactions
chatterbot Papa submitting transactions
ChatterBot Foxtrot round 2
ChatterBot Uniform round 2
ChatterBot Hotel round 2
ChatterBot Lima round 2
ChatterBot Sierra round 2
ChatterBot X-ray round 2
ChatterBot November round 2
2024-10-15 04:45:22.608216 Foxtrot: Group up?
ChatterBot Sierra reevaluating
ChatterBot X-ray reevaluating
2024-10-15 04:45:22.616840 Sierra: Yes
2024-10-15 04:45:22.616988 X-ray: No
ChatterBot X-ray reevaluating
ChatterBot Sierra reevaluating
2024-10-15 04:45:22.632847 X-ray: We should add Uniform and Sierra
ChatterBot November reevaluating
ChatterBot Papa reevaluating
ChatterBot Charlie reevaluating
ChatterBot Lima reevaluating
ChatterBot Hotel reevaluating
2024-10-15 04:45:22.670531 November: No
2024-10-15 04:45:22.671406 Papa: No
2024-10-15 04:45:22.671578 Charlie: No
2024-10-15 04:45:22.671698 Lima: No
2024-10-15 04:45:22.671831 Hotel: No
ChatterBot X-ray reevaluating
ChatterBot Papa reevaluating
ChatterBot Charlie reevaluating
ChatterBot Lima reevaluating
ChatterBot Hotel reevaluating
ChatterBot X-ray reevaluating
ChatterBot November reevaluating
ChatterBot Charlie reevaluating
ChatterBot Lima reevaluating
ChatterBot Hotel reevaluating
ChatterBot X-ray reevaluating
ChatterBot November reevaluating
ChatterBot Papa reevaluating
ChatterBot Lima reevaluating
ChatterBot Hotel reevaluating
ChatterBot X-ray reevaluating
ChatterBot November reevaluating
ChatterBot Papa reevaluating
ChatterBot Charlie reevaluating
ChatterBot Hotel reevaluating
ChatterBot X-ray reevaluating
ChatterBot November reevaluating
ChatterBot Papa reevaluating
ChatterBot Charlie reevaluating
ChatterBot Lima reevaluating
2024-10-15 04:45:23.020387 Hotel: We should add X-ray
ChatterBot Lima reevaluating
ChatterBot Charlie reevaluating
ChatterBot Papa reevaluating
ChatterBot November reevaluating
2024-10-15 04:45:23.057948 Lima: Yes
2024-10-15 04:45:23.058219 Uniform: Yes
2024-10-15 04:45:23.058574 Charlie: Yes
2024-10-15 04:45:23.058760 Papa: Yes
2024-10-15 04:45:23.059618 November: Yes
ChatterBot Hotel reevaluating
ChatterBot Charlie reevaluating
ChatterBot Papa reevaluating
ChatterBot November reevaluating
ChatterBot Hotel reevaluating
ChatterBot Lima reevaluating
ChatterBot Charlie reevaluating
ChatterBot Papa reevaluating
ChatterBot November reevaluating
ChatterBot Hotel reevaluating
ChatterBot Lima reevaluating
ChatterBot Papa reevaluating
ChatterBot November reevaluating
ChatterBot Hotel reevaluating
ChatterBot Lima reevaluating
ChatterBot Charlie reevaluating
ChatterBot November reevaluating
ChatterBot Hotel reevaluating
ChatterBot Lima reevaluating
ChatterBot Charlie reevaluating
ChatterBot Papa reevaluating
ChatterBot Charlie round 2
ChatterBot Papa round 2
ChatterBot Victor round 2
2024-10-15 04:45:23.296258 X-ray: We should add Uniform
ChatterBot November reevaluating
ChatterBot Papa reevaluating
ChatterBot Charlie reevaluating
ChatterBot Lima reevaluating
ChatterBot Hotel reevaluating
2024-10-15 04:45:23.320571 November: Yes
2024-10-15 04:45:23.320784 Papa: Yes
2024-10-15 04:45:23.320970 Charlie: Yes
2024-10-15 04:45:23.321096 Lima: Yes
2024-10-15 04:45:23.321218 Hotel: Yes
ChatterBot Papa reevaluating
ChatterBot Charlie reevaluating
ChatterBot Lima reevaluating
ChatterBot Hotel reevaluating
ChatterBot November reevaluating
ChatterBot Charlie reevaluating
ChatterBot Lima reevaluating
ChatterBot Hotel reevaluating
ChatterBot November reevaluating
ChatterBot Papa reevaluating
ChatterBot Lima reevaluating
ChatterBot Hotel reevaluating
ChatterBot November reevaluating
ChatterBot Papa reevaluating
ChatterBot Charlie reevaluating
ChatterBot Hotel reevaluating
ChatterBot November reevaluating
ChatterBot Papa reevaluating
ChatterBot Charlie reevaluating
ChatterBot Lima reevaluating
2024-10-15 04:45:23.465984 Charlie: We should add X-ray
ChatterBot Hotel reevaluating
ChatterBot Lima reevaluating
ChatterBot Papa reevaluating
ChatterBot November reevaluating
2024-10-15 04:45:23.501953 Hotel: Yes
2024-10-15 04:45:23.502127 Lima: Yes
2024-10-15 04:45:23.502273 Uniform: Yes
2024-10-15 04:45:23.502436 Papa: Yes
2024-10-15 04:45:23.503211 November: Yes
ChatterBot Lima reevaluating
ChatterBot Charlie reevaluating
ChatterBot Papa reevaluating
ChatterBot November reevaluating
ChatterBot Hotel reevaluating
ChatterBot Charlie reevaluating
ChatterBot Papa reevaluating
ChatterBot November reevaluating
ChatterBot Hotel reevaluating
ChatterBot Lima reevaluating
ChatterBot Charlie reevaluating
ChatterBot Papa reevaluating
ChatterBot November reevaluating
ChatterBot Hotel reevaluating
ChatterBot Lima reevaluating
ChatterBot Charlie reevaluating
ChatterBot November reevaluating
ChatterBot Hotel reevaluating
ChatterBot Lima reevaluating
ChatterBot Charlie reevaluating
ChatterBot Papa reevaluating
2024-10-15 04:45:23.662823 Victor: Let's form a team
2024-10-15 04:45:23.667909 Sierra: No
2024-10-15 04:45:23.672685 X-ray: Uniform we want you to join our group
ChatterBot Uniform reevaluating
2024-10-15 04:45:23.677299 Uniform: Yes
ChatterBot November reevaluating
2024-10-15 04:45:23.718501 Lima: X-ray we want you to join our group
2024-10-15 04:45:23.725481 X-ray: Yes
ChatterBot Uniform reevaluating
2024-10-15 04:45:23.764176 Hotel: X-ray we want you to join our group
2024-10-15 04:45:23.768006 X-ray: Yes
ChatterBot Uniform reevaluating
ChatterBot Hotel reevaluating
2024-10-15 04:45:23.792938 Foxtrot: Sierra, sending you 12
2024-10-15 04:45:23.793271 Charlie: X-ray we want you to join our group
2024-10-15 04:45:23.798058 X-ray: Yes
ChatterBot Uniform reevaluating
ChatterBot Hotel reevaluating
2024-10-15 04:45:23.823911 November: X-ray we want you to join our group
2024-10-15 04:45:23.828792 X-ray: Yes
ChatterBot Uniform reevaluating
ChatterBot Hotel reevaluating
2024-10-15 04:45:23.854408 Papa: X-ray we want you to join our group
2024-10-15 04:45:23.858645 X-ray: Yes
ChatterBot Uniform reevaluating
ChatterBot Hotel reevaluating
2024-10-15 04:45:23.883908 Foxtrot: X-ray, sending you 7
2024-10-15 04:45:23.884336 Sierra: Foxtrot, sending you 5
chatterbot Foxtrot submitting transactions
2024-10-15 04:45:23.899924 X-ray: Uniform, sending you 4
2024-10-15 04:45:23.900384 Sierra: X-ray, sending you 1
2024-10-15 04:45:23.901179 Victor: Sending you 5
2024-10-15 04:45:23.913344 X-ray: Hotel, Lima, November, Charlie and Papa, sending you 3
2024-10-15 04:45:23.914487 Lima: Uniform, sending you 1
2024-10-15 04:45:23.938060 November: Uniform and X-ray, sending you 2
2024-10-15 04:45:23.939277 Lima: Hotel, sending you 5
2024-10-15 04:45:23.939908 Papa: Sending you each 3
2024-10-15 04:45:23.941078 Charlie: Uniform, sending you 1
2024-10-15 04:45:23.941650 November: Hotel, Lima, Charlie and Papa, sending you 4
2024-10-15 04:45:23.953407 Charlie: Hotel, Lima and X-ray, sending you 3
2024-10-15 04:45:23.954005 Lima: X-ray, sending you 2
2024-10-15 04:45:23.955157 Hotel: Uniform, Lima, X-ray, Charlie and Papa, sending you 3
2024-10-15 04:45:23.980074 Charlie: November and Papa, sending you 4
2024-10-15 04:45:23.981323 Lima: November, Charlie and Papa, sending you 3
2024-10-15 04:45:23.981838 Hotel: November, sending you 4
chatterbot Sierra submitting transactions
chatterbot Victor submitting transactions
chatterbot November submitting transactions
chatterbot X-ray submitting transactions
chatterbot Uniform submitting transactions
chatterbot Uniform submitting transactions
chatterbot Hotel submitting transactions
chatterbot Lima submitting transactions
chatterbot Papa submitting transactions
chatterbot Charlie submitting transactions
ChatterBot Foxtrot round 3
ChatterBot Uniform round 3
ChatterBot Hotel round 3
ChatterBot Lima round 3
ChatterBot Sierra round 3
ChatterBot X-ray round 3
ChatterBot November round 3
ChatterBot Charlie round 3
ChatterBot Papa round 3
ChatterBot Victor round 3
2024-10-15 04:45:25.052039 Sierra: We should replace X-ray with Victor
ChatterBot Foxtrot reevaluating
2024-10-15 04:45:25.055866 Foxtrot: Yes
2024-10-15 04:45:25.087016 Victor: We should add Foxtrot
2024-10-15 04:45:25.090163 Sierra: Yes
2024-10-15 04:45:25.093262 Sierra: Victor we want you to join our group
2024-10-15 04:45:25.096358 Victor: Yes
ChatterBot Foxtrot reevaluating
2024-10-15 04:45:25.103191 Victor: Foxtrot we want you to join our group
ChatterBot Foxtrot reevaluating
2024-10-15 04:45:25.107330 Foxtrot: Yes
2024-10-15 04:45:25.147292 Lima: Uniform, sending you 1
2024-10-15 04:45:25.148540 Foxtrot: Victor we want you to join our group
2024-10-15 04:45:25.152859 Victor: Yes
2024-10-15 04:45:25.161800 Uniform: Lima, sending you 1
2024-10-15 04:45:25.162929 Papa: Uniform, Hotel, Lima, November and Charlie, sending you 3
2024-10-15 04:45:25.163448 Lima: Hotel, sending you 5
2024-10-15 04:45:25.163880 Victor: Foxtrot, sending you 1
2024-10-15 04:45:25.164808 November: Uniform, sending you 1
2024-10-15 04:45:25.165270 X-ray: Uniform, sending you 2
2024-10-15 04:45:25.166231 Charlie: Uniform, sending you 1
2024-10-15 04:45:25.166705 Hotel: Uniform, X-ray, November, Charlie and Papa, sending you 3
2024-10-15 04:45:25.168025 Sierra: Sending you each 4
2024-10-15 04:45:25.168335 Papa: X-ray, sending you 4
2024-10-15 04:45:25.168859 Victor: Sierra, sending you 8
2024-10-15 04:45:25.169148 November: Hotel, Lima, Charlie and Papa, sending you 4
2024-10-15 04:45:25.170229 Lima: X-ray, sending you 2
2024-10-15 04:45:25.170677 X-ray: Hotel and Papa, sending you 4
2024-10-15 04:45:25.171648 Hotel: Lima, sending you 4
2024-10-15 04:45:25.172127 Charlie: Hotel, Lima, X-ray and Papa, sending you 3
2024-10-15 04:45:25.301895 X-ray: Lima, November and Charlie, sending you 3
2024-10-15 04:45:25.303426 November: X-ray, sending you 3
2024-10-15 04:45:25.304157 Lima: November, sending you 4
2024-10-15 04:45:25.305548 Charlie: November, sending you 5
2024-10-15 04:45:25.364891 Lima: Charlie and Papa, sending you 3
2024-10-15 04:45:25.366267 Foxtrot: Sierra, sending you 12
2024-10-15 04:45:25.586139 Foxtrot: Victor, sending you 8
chatterbot Lima submitting transactions
chatterbot Papa submitting transactions
chatterbot Victor submitting transactions
chatterbot X-ray submitting transactions
chatterbot Charlie submitting transactions
chatterbot November submitting transactions
chatterbot Uniform submitting transactions
chatterbot Hotel submitting transactions
chatterbot Sierra submitting transactions
chatterbot Foxtrot submitting transactions
ChatterBot Foxtrot round 4
ChatterBot Uniform round 4
ChatterBot Hotel round 4
ChatterBot Lima round 4
ChatterBot Sierra round 4
ChatterBot X-ray round 4
ChatterBot November round 4
ChatterBot Charlie round 4
ChatterBot Papa round 4
ChatterBot Victor round 4
2024-10-15 04:45:26.293295 Hotel: We should drop Uniform
2024-10-15 04:45:26.309189 X-ray: No
2024-10-15 04:45:26.309781 November: No
2024-10-15 04:45:26.309920 Papa: No
2024-10-15 04:45:26.310038 Charlie: No
2024-10-15 04:45:26.310150 Lima: No
ChatterBot Papa reevaluating
ChatterBot Hotel reevaluating
ChatterBot Papa reevaluating
ChatterBot Hotel reevaluating
ChatterBot Papa reevaluating
ChatterBot Hotel reevaluating
2024-10-15 04:45:26.400660 Foxtrot: Sierra, sending you 12
2024-10-15 04:45:26.401044 Lima: Uniform, sending you 1
2024-10-15 04:45:26.402719 Uniform: Lima, sending you 1
2024-10-15 04:45:26.403691 Foxtrot: Victor, sending you 8
2024-10-15 04:45:26.406674 Lima: Hotel and November, sending you 4
2024-10-15 04:45:26.409687 Lima: X-ray, Charlie and Papa, sending you 3
2024-10-15 04:45:26.416706 Victor: Foxtrot, sending you 7
2024-10-15 04:45:26.417667 X-ray: Uniform, sending you 2
2024-10-15 04:45:26.418667 Papa: Uniform, Hotel, Lima and Charlie, sending you 3
2024-10-15 04:45:26.420149 Charlie: Uniform, sending you 1
2024-10-15 04:45:26.422074 Sierra: Foxtrot, sending you 3
2024-10-15 04:45:26.422435 Victor: Sierra, sending you 6
2024-10-15 04:45:26.422761 November: Uniform, sending you 1
2024-10-15 04:45:26.423378 X-ray: Hotel, Lima, November and Charlie, sending you 3
2024-10-15 04:45:26.424644 Papa: X-ray and November, sending you 4
2024-10-15 04:45:26.425232 Charlie: Hotel, Lima, X-ray and Papa, sending you 3
2024-10-15 04:45:26.425782 Sierra: Victor, sending you 4
2024-10-15 04:45:26.426682 November: Hotel, Lima, Charlie and Papa, sending you 4
2024-10-15 04:45:26.427652 X-ray: Papa, sending you 5
2024-10-15 04:45:26.429685 Charlie: November, sending you 5
2024-10-15 04:45:26.431657 November: X-ray, sending you 3
chatterbot Sierra submitting transactions
chatterbot Uniform submitting transactions
chatterbot November submitting transactions
chatterbot X-ray submitting transactions
chatterbot Charlie submitting transactions
chatterbot Foxtrot submitting transactions
chatterbot Victor submitting transactions
chatterbot Lima submitting transactions
chatterbot Hotel submitting transactions
chatterbot Papa submitting transactions
ChatterBot Foxtrot round 5
ChatterBot Uniform round 5
ChatterBot Hotel round 5
ChatterBot Lima round 5
ChatterBot Sierra round 5
ChatterBot X-ray round 5
ChatterBot November round 5
2024-10-15 04:45:27.530155 Foxtrot: We should add Uniform
ChatterBot Victor reevaluating
2024-10-15 04:45:27.536822 Sierra: No
2024-10-15 04:45:27.536981 Victor: Yes
ChatterBot Victor reevaluating
ChatterBot Charlie round 5
ChatterBot Papa round 5
ChatterBot Victor round 5
2024-10-15 04:45:27.569919 Foxtrot: Uniform we want you to join our group
2024-10-15 04:45:27.574640 Uniform: No
ChatterBot Victor reevaluating
2024-10-15 04:45:27.584221 Victor: We should add Uniform
ChatterBot Foxtrot reevaluating
2024-10-15 04:45:27.590568 Sierra: No
2024-10-15 04:45:27.590716 Foxtrot: No
ChatterBot Foxtrot reevaluating
ChatterBot Victor reevaluating
ChatterBot Victor reevaluating
2024-10-15 04:45:27.614512 Hotel: We should drop Uniform
2024-10-15 04:45:27.628477 X-ray: No
2024-10-15 04:45:27.628646 November: No
2024-10-15 04:45:27.628783 Papa: Yes
2024-10-15 04:45:27.628943 Charlie: No
2024-10-15 04:45:27.629101 Lima: No
ChatterBot Lima reevaluating
ChatterBot Hotel reevaluating
ChatterBot Lima reevaluating
ChatterBot Hotel reevaluating
ChatterBot Lima reevaluating
ChatterBot Hotel reevaluating
ChatterBot Lima reevaluating
ChatterBot Hotel reevaluating
ChatterBot Papa reevaluating
ChatterBot Hotel reevaluating
2024-10-15 04:45:27.720247 Sierra: Foxtrot, sending you 2
2024-10-15 04:45:27.724124 Sierra: Victor, sending you 3
2024-10-15 04:45:27.724463 Charlie: Uniform, sending you 1
2024-10-15 04:45:27.725655 November: Uniform, sending you 1
2024-10-15 04:45:27.726197 X-ray: Hotel, November, Charlie and Papa, sending you 4
2024-10-15 04:45:27.732601 Charlie: Hotel, Lima, X-ray and Papa, sending you 3
2024-10-15 04:45:27.733734 November: Hotel, Lima, Charlie and Papa, sending you 4
2024-10-15 04:45:27.734363 X-ray: Lima, sending you 3
2024-10-15 04:45:27.734795 Papa: Uniform, Hotel, Lima and Charlie, sending you 3
2024-10-15 04:45:27.738497 Charlie: November, sending you 5
2024-10-15 04:45:27.739896 Foxtrot: Uniform, sending you 5
2024-10-15 04:45:27.740420 November: X-ray, sending you 3
2024-10-15 04:45:27.741966 Hotel: Lima, November, Charlie and Papa, sending you 4
2024-10-15 04:45:27.742537 Papa: X-ray and November, sending you 4
2024-10-15 04:45:27.743949 Victor: Foxtrot, sending you 10
2024-10-15 04:45:27.744849 Foxtrot: Sierra, sending you 8
2024-10-15 04:45:27.745891 Hotel: X-ray, sending you 3
2024-10-15 04:45:27.747662 Victor: Sierra, sending you 9
2024-10-15 04:45:27.748062 Lima: Hotel, sending you 5
2024-10-15 04:45:27.750667 Foxtrot: Victor, sending you 7
2024-10-15 04:45:27.751701 Lima: X-ray, Charlie and Papa, sending you 3
2024-10-15 04:45:27.755669 Lima: November, sending you 4
chatterbot November submitting transactions
chatterbot Foxtrot submitting transactions
chatterbot Lima submitting transactions
chatterbot Victor submitting transactions
chatterbot Sierra submitting transactions
chatterbot Charlie submitting transactions
chatterbot X-ray submitting transactions
chatterbot Hotel submitting transactions
chatterbot Uniform submitting transactions
chatterbot Papa submitting transactions
ChatterBot Foxtrot round 6
ChatterBot Uniform round 6
ChatterBot Hotel round 6
ChatterBot Lima round 6
ChatterBot Sierra round 6
ChatterBot X-ray round 6
ChatterBot November round 6
ChatterBot Charlie round 6
ChatterBot Papa round 6
ChatterBot Victor round 6
2024-10-15 04:45:28.737676 Foxtrot: We should drop Uniform
2024-10-15 04:45:28.746887 Sierra: Yes
2024-10-15 04:45:28.747225 Victor: Yes
2024-10-15 04:45:28.774820 Papa: We should drop Uniform
2024-10-15 04:45:28.796068 X-ray: No
2024-10-15 04:45:28.796326 November: No
2024-10-15 04:45:28.796501 Charlie: No
2024-10-15 04:45:28.796734 Lima: Yes
2024-10-15 04:45:28.796972 Hotel: Yes
ChatterBot November reevaluating
ChatterBot November reevaluating
2024-10-15 04:45:28.931162 Lima: Hotel, sending you 5
2024-10-15 04:45:28.938869 Lima: X-ray, Charlie and Papa, sending you 3
2024-10-15 04:45:28.941211 Hotel: Lima, X-ray, November and Papa, sending you 4
2024-10-15 04:45:28.942913 X-ray: Hotel, Lima, Charlie and Papa, sending you 4
2024-10-15 04:45:28.944757 Charlie: Uniform, sending you 1
2024-10-15 04:45:28.947062 Sierra: Foxtrot, sending you 2
2024-10-15 04:45:28.947855 Lima: November, sending you 4
2024-10-15 04:45:28.949473 Hotel: Charlie, sending you 3
2024-10-15 04:45:28.950507 X-ray: November, sending you 3
2024-10-15 04:45:28.952153 Charlie: Hotel, Lima, X-ray and Papa, sending you 3
2024-10-15 04:45:28.954073 Victor: Foxtrot, sending you 10
2024-10-15 04:45:28.954769 Sierra: Victor, sending you 3
2024-10-15 04:45:28.955348 Foxtrot: Sending you each 10
2024-10-15 04:45:28.959505 Victor: Sierra, sending you 9
2024-10-15 04:45:28.960602 Charlie: November, sending you 5
2024-10-15 04:45:28.967872 Papa: Sending you each 4
2024-10-15 04:45:28.990564 November: Hotel, Lima and Papa, sending you 4
chatterbot Lima submitting transactions
2024-10-15 04:45:28.998104 November: X-ray, sending you 3
2024-10-15 04:45:29.005045 November: Charlie, sending you 5
chatterbot Foxtrot submitting transactions
chatterbot Victor submitting transactions
chatterbot Charlie submitting transactions
chatterbot Uniform submitting transactions
chatterbot Papa submitting transactions
chatterbot November submitting transactions
chatterbot Sierra submitting transactions
chatterbot X-ray submitting transactions
chatterbot Hotel submitting transactions
ChatterBot Foxtrot round 7
ChatterBot Uniform round 7
ChatterBot Hotel round 7
ChatterBot Lima round 7
ChatterBot Sierra round 7
ChatterBot X-ray round 7
ChatterBot November round 7
ChatterBot Charlie round 7
ChatterBot Papa round 7
ChatterBot Victor round 7
2024-10-15 04:45:30.175712 Foxtrot: Sierra, sending you 9
2024-10-15 04:45:30.177387 November: Hotel, Lima and Papa, sending you 4
2024-10-15 04:45:30.178319 Charlie: Uniform, sending you 1
2024-10-15 04:45:30.179691 Lima: Hotel, sending you 5
2024-10-15 04:45:30.182988 Foxtrot: Victor, sending you 11
2024-10-15 04:45:30.184325 November: X-ray, sending you 3
2024-10-15 04:45:30.187137 Sierra: Sending you each 2
2024-10-15 04:45:30.188008 Charlie: Hotel, Lima, X-ray and Papa, sending you 3
2024-10-15 04:45:30.190764 Hotel: Lima, X-ray, November and Papa, sending you 4
2024-10-15 04:45:30.193726 Lima: X-ray, Charlie and Papa, sending you 3
2024-10-15 04:45:30.195970 November: Charlie, sending you 5
2024-10-15 04:45:30.198469 X-ray: Hotel, Lima, November and Papa, sending you 4
2024-10-15 04:45:30.201078 Victor: Foxtrot, sending you 10
2024-10-15 04:45:30.201870 Charlie: November, sending you 5
2024-10-15 04:45:30.204536 Hotel: Charlie, sending you 3
2024-10-15 04:45:30.206938 Lima: November, sending you 4
2024-10-15 04:45:30.208741 Papa: Same as last round
2024-10-15 04:45:30.210950 X-ray: Charlie, sending you 3
2024-10-15 04:45:30.213842 Victor: Sierra, sending you 9
chatterbot Papa submitting transactions
chatterbot Victor submitting transactions
chatterbot Uniform submitting transactions
chatterbot November submitting transactions
chatterbot Hotel submitting transactions
chatterbot Sierra submitting transactions
chatterbot Lima submitting transactions
chatterbot Foxtrot submitting transactions
chatterbot X-ray submitting transactions
chatterbot Charlie submitting transactions
ChatterBot Foxtrot round 8
ChatterBot Uniform round 8
ChatterBot Hotel round 8
ChatterBot Lima round 8
ChatterBot Sierra round 8
ChatterBot X-ray round 8
ChatterBot November round 8
ChatterBot Charlie round 8
ChatterBot Papa round 8
ChatterBot Victor round 8
2024-10-15 04:45:31.414680 Hotel: Lima, X-ray, November and Papa, sending you 4
2024-10-15 04:45:31.418024 X-ray: Hotel, Lima, November and Papa, sending you 4
2024-10-15 04:45:31.419161 Lima: Hotel, sending you 5
2024-10-15 04:45:31.420581 Hotel: Charlie, sending you 3
2024-10-15 04:45:31.421790 Sierra: Same as last round
2024-10-15 04:45:31.423188 X-ray: Charlie, sending you 3
2024-10-15 04:45:31.424192 November: Hotel, Lima and Papa, sending you 4
2024-10-15 04:45:31.424913 Foxtrot: Sierra, sending you 9
2024-10-15 04:45:31.425706 Lima: X-ray, Charlie and Papa, sending you 3
2024-10-15 04:45:31.429654 November: X-ray, sending you 3
2024-10-15 04:45:31.430268 Uniform: Lima and November, sending you 1
2024-10-15 04:45:31.431426 Lima: November, sending you 4
2024-10-15 04:45:31.432104 Foxtrot: Victor, sending you 11
2024-10-15 04:45:31.432421 Papa: Same as last round
2024-10-15 04:45:31.433775 November: Charlie, sending you 5
2024-10-15 04:45:31.435675 Charlie: Uniform, sending you 1
2024-10-15 04:45:31.437651 Victor: Foxtrot, sending you 11
2024-10-15 04:45:31.440661 Charlie: Hotel, Lima, X-ray and Papa, sending you 3
2024-10-15 04:45:31.441772 Victor: Sierra, sending you 8
2024-10-15 04:45:31.444657 Charlie: November, sending you 5
chatterbot Lima submitting transactions
chatterbot Hotel submitting transactions
chatterbot Sierra submitting transactions
chatterbot Foxtrot submitting transactions
chatterbot Papa submitting transactions
chatterbot X-ray submitting transactions
chatterbot Victor submitting transactions
chatterbot November submitting transactions
chatterbot Charlie submitting transactions
chatterbot Uniform submitting transactions
ChatterBot Foxtrot round 9
ChatterBot Uniform round 9
ChatterBot Hotel round 9
ChatterBot Lima round 9
ChatterBot Sierra round 9
ChatterBot X-ray round 9
ChatterBot November round 9
ChatterBot Charlie round 9
ChatterBot Papa round 9
ChatterBot Victor round 9
2024-10-15 04:45:32.501695 X-ray: We should drop Uniform
2024-10-15 04:45:32.519810 November: Yes
2024-10-15 04:45:32.520084 Papa: Yes
2024-10-15 04:45:32.520254 Charlie: No
2024-10-15 04:45:32.520428 Lima: Yes
2024-10-15 04:45:32.520589 Hotel: Yes
ChatterBot Charlie reevaluating
ChatterBot Charlie reevaluating
ChatterBot X-ray reevaluating
ChatterBot Charlie reevaluating
ChatterBot X-ray reevaluating
ChatterBot Charlie reevaluating
2024-10-15 04:45:32.639684 Foxtrot: Sierra, sending you 9
2024-10-15 04:45:32.640232 Hotel: Lima, X-ray, November and Papa, sending you 4
2024-10-15 04:45:32.641730 Sierra: Same as last round
2024-10-15 04:45:32.642259 Uniform: Hotel, Lima, November, Charlie and Papa, sending you 1
2024-10-15 04:45:32.644642 Lima: Hotel, November and Papa, sending you 4
2024-10-15 04:45:32.646206 Foxtrot: Victor, sending you 11
2024-10-15 04:45:32.646977 Hotel: Charlie, sending you 3
2024-10-15 04:45:32.649159 Lima: X-ray and Charlie, sending you 3
2024-10-15 04:45:32.652666 Papa: Same as last round
2024-10-15 04:45:32.653199 Victor: Foxtrot, sending you 11
2024-10-15 04:45:32.657673 Victor: Sierra, sending you 8
2024-10-15 04:45:32.658302 November: Sending you each 4
2024-10-15 04:45:32.662247 X-ray: Hotel, Lima, November and Papa, sending you 4
2024-10-15 04:45:32.663707 Charlie: Hotel, Lima and X-ray, sending you 3
2024-10-15 04:45:32.665892 X-ray: Charlie, sending you 3
2024-10-15 04:45:32.671178 Charlie: November, sending you 5
2024-10-15 04:45:32.674662 Charlie: Papa, sending you 4
chatterbot Victor submitting transactions
chatterbot Lima submitting transactions
chatterbot Papa submitting transactions
chatterbot Uniform submitting transactions
chatterbot Hotel submitting transactions
chatterbot November submitting transactions
chatterbot X-ray submitting transactions
chatterbot Sierra submitting transactions
chatterbot Foxtrot submitting transactions
chatterbot Charlie submitting transactions
ChatterBot Foxtrot round 10
ChatterBot Uniform round 10
ChatterBot Hotel round 10
ChatterBot Lima round 10
ChatterBot Sierra round 10
ChatterBot X-ray round 10
ChatterBot November round 10
ChatterBot Charlie round 10
ChatterBot Papa round 10
ChatterBot Victor round 10
2024-10-15 04:45:33.661366 X-ray: We should add Uniform
ChatterBot Charlie reevaluating
2024-10-15 04:45:33.680931 November: No
2024-10-15 04:45:33.681658 Papa: No
2024-10-15 04:45:33.681854 Charlie: Yes
2024-10-15 04:45:33.681997 Lima: No
2024-10-15 04:45:33.682140 Hotel: No
ChatterBot X-ray reevaluating
ChatterBot Charlie reevaluating
ChatterBot X-ray reevaluating
ChatterBot Charlie reevaluating
ChatterBot Lima reevaluating
ChatterBot X-ray reevaluating
ChatterBot Lima reevaluating
ChatterBot X-ray reevaluating
ChatterBot Charlie reevaluating
ChatterBot X-ray reevaluating
ChatterBot Charlie reevaluating
ChatterBot Lima reevaluating
chatterbot Hotel submitting transactions
2024-10-15 04:45:33.972104 Hotel: Lima, X-ray, November and Papa, sending you 4
2024-10-15 04:45:33.974762 Lima: Hotel, November and Papa, sending you 4
2024-10-15 04:45:33.977675 Foxtrot: Sierra, sending you 9
2024-10-15 04:45:33.979319 Sierra: Same as last round
2024-10-15 04:45:33.985553 Hotel: Charlie, sending you 3
2024-10-15 04:45:33.987465 Lima: X-ray and Charlie, sending you 3
2024-10-15 04:45:33.989471 Papa: Same as last round
2024-10-15 04:45:33.991170 Foxtrot: Victor, sending you 11
2024-10-15 04:45:33.992583 Uniform: Sending you each 1
2024-10-15 04:45:33.993873 X-ray: Hotel, Lima, November and Papa, sending you 4
2024-10-15 04:45:33.996259 November: Same as last round
2024-10-15 04:45:33.998402 Victor: Foxtrot, sending you 11
2024-10-15 04:45:33.999190 Charlie: Hotel, Lima and X-ray, sending you 3
2024-10-15 04:45:34.001674 X-ray: Charlie, sending you 3
2024-10-15 04:45:34.008652 Victor: Sierra, sending you 8
2024-10-15 04:45:34.009127 Charlie: November, sending you 5
2024-10-15 04:45:34.015330 Charlie: Papa, sending you 4
chatterbot Sierra submitting transactions
chatterbot Papa submitting transactions
chatterbot Uniform submitting transactions
chatterbot November submitting transactions
chatterbot Charlie submitting transactions
chatterbot Foxtrot submitting transactions
chatterbot Lima submitting transactions
chatterbot Victor submitting transactions
chatterbot X-ray submitting transactions
ChatterBot Foxtrot round 11
ChatterBot Uniform round 11
ChatterBot Hotel round 11
ChatterBot Lima round 11
ChatterBot Sierra round 11
ChatterBot X-ray round 11
ChatterBot November round 11
ChatterBot Charlie round 11
ChatterBot Papa round 11
ChatterBot Victor round 11
2024-10-15 04:45:35.129728 Charlie: We should add Uniform
ChatterBot Papa reevaluating
2024-10-15 04:45:35.146938 X-ray: No
2024-10-15 04:45:35.147254 November: No
2024-10-15 04:45:35.147478 Papa: Yes
2024-10-15 04:45:35.147681 Lima: No
2024-10-15 04:45:35.148460 Hotel: No
ChatterBot Papa reevaluating
ChatterBot X-ray reevaluating
ChatterBot Papa reevaluating
ChatterBot Charlie reevaluating
ChatterBot X-ray reevaluating
ChatterBot Charlie reevaluating
ChatterBot Lima reevaluating
ChatterBot X-ray reevaluating
ChatterBot Papa reevaluating
ChatterBot Charlie reevaluating
ChatterBot X-ray reevaluating
ChatterBot Papa reevaluating
ChatterBot Charlie reevaluating
ChatterBot Lima reevaluating
2024-10-15 04:45:35.242045 X-ray: Uniform we want you to join our group
2024-10-15 04:45:35.244968 Uniform: Yes
ChatterBot X-ray reevaluating
ChatterBot Hotel reevaluating
ChatterBot Lima reevaluating
ChatterBot November reevaluating
ChatterBot Charlie reevaluating
2024-10-15 04:45:35.277008 Foxtrot: Sierra, sending you 9
2024-10-15 04:45:35.281662 Foxtrot: Victor, sending you 11
2024-10-15 04:45:35.282741 Sierra: Same as last round
2024-10-15 04:45:35.283138 Uniform: Same as last round
2024-10-15 04:45:35.284094 Lima: Uniform we want you to join our group
2024-10-15 04:45:35.287745 Uniform: Yes
ChatterBot X-ray reevaluating
ChatterBot Hotel reevaluating
ChatterBot Lima reevaluating
ChatterBot November reevaluating
ChatterBot Charlie reevaluating
2024-10-15 04:45:35.312681 Victor: Foxtrot, sending you 12
2024-10-15 04:45:35.313695 Papa: Same as last round
2024-10-15 04:45:35.315696 Charlie: Uniform we want you to join our group
2024-10-15 04:45:35.320211 Uniform: Yes
ChatterBot X-ray reevaluating
ChatterBot Hotel reevaluating
ChatterBot Lima reevaluating
ChatterBot November reevaluating
ChatterBot Charlie reevaluating
2024-10-15 04:45:35.345129 Victor: Sierra, sending you 7
2024-10-15 04:45:35.355668 November: Uniform we want you to join our group
2024-10-15 04:45:35.360886 Uniform: Yes
ChatterBot X-ray reevaluating
ChatterBot Hotel reevaluating
ChatterBot Lima reevaluating
ChatterBot November reevaluating
ChatterBot Charlie reevaluating
ChatterBot Papa reevaluating
2024-10-15 04:45:35.397718 Papa: Uniform we want you to join our group
2024-10-15 04:45:35.406269 Uniform: Yes
ChatterBot X-ray reevaluating
ChatterBot Hotel reevaluating
ChatterBot Lima reevaluating
ChatterBot November reevaluating
ChatterBot Charlie reevaluating
ChatterBot Papa reevaluating
chatterbot Sierra submitting transactions
2024-10-15 04:45:35.466719 Hotel: Lima, X-ray, November and Papa, sending you 4
2024-10-15 04:45:35.472690 Hotel: Charlie, sending you 3
2024-10-15 04:45:35.474967 Lima: Uniform, sending you 1
2024-10-15 04:45:35.476666 November: Uniform, sending you 1
2024-10-15 04:45:35.479682 X-ray: Uniform, sending you 2
2024-10-15 04:45:35.481705 Lima: Hotel and November, sending you 4
2024-10-15 04:45:35.484624 November: Hotel, Lima, Charlie and Papa, sending you 4
2024-10-15 04:45:35.485917 Charlie: Uniform, sending you 1
2024-10-15 04:45:35.487842 X-ray: Hotel and Papa, sending you 4
2024-10-15 04:45:35.489282 Lima: X-ray, Charlie and Papa, sending you 3
2024-10-15 04:45:35.490169 November: X-ray, sending you 3
2024-10-15 04:45:35.491309 Charlie: Hotel, Lima, X-ray and Papa, sending you 3
2024-10-15 04:45:35.493125 X-ray: Lima, November and Charlie, sending you 3
2024-10-15 04:45:35.497007 Charlie: November, sending you 5
chatterbot Uniform submitting transactions
chatterbot Charlie submitting transactions
chatterbot Lima submitting transactions
chatterbot Victor submitting transactions
chatterbot Foxtrot submitting transactions
chatterbot November submitting transactions
chatterbot X-ray submitting transactions
chatterbot Hotel submitting transactions
chatterbot Papa submitting transactions
ChatterBot Foxtrot round 12
ChatterBot Uniform round 12
ChatterBot Hotel round 12
ChatterBot Lima round 12
ChatterBot Sierra round 12
ChatterBot X-ray round 12
ChatterBot November round 12
ChatterBot Charlie round 12
ChatterBot Papa round 12
ChatterBot Victor round 12
2024-10-15 04:45:36.620705 Papa: We should add Uniform
2024-10-15 04:45:36.636152 X-ray: Yes
2024-10-15 04:45:36.636860 November: Yes
2024-10-15 04:45:36.637099 Charlie: Yes
2024-10-15 04:45:36.637242 Lima: Yes
2024-10-15 04:45:36.637399 Hotel: No
ChatterBot Hotel reevaluating
ChatterBot Papa reevaluating
ChatterBot Hotel reevaluating
ChatterBot Papa reevaluating
ChatterBot Hotel reevaluating
ChatterBot Papa reevaluating
2024-10-15 04:45:36.766816 Papa: Uniform we want you to join our group
2024-10-15 04:45:36.772386 Uniform: Yes
ChatterBot Hotel reevaluating
ChatterBot Papa reevaluating
2024-10-15 04:45:36.805900 Charlie: Uniform, sending you 1
2024-10-15 04:45:36.807255 November: Uniform, sending you 1
2024-10-15 04:45:36.808818 Foxtrot: Sierra, sending you 9
2024-10-15 04:45:36.809238 Victor: Foxtrot, sending you 12
2024-10-15 04:45:36.809590 Uniform: Same as last round
2024-10-15 04:45:36.810920 Sierra: Same as last round
2024-10-15 04:45:36.811279 Lima: Hotel, November and Papa, sending you 4
2024-10-15 04:45:36.812209 X-ray: Uniform, Lima, November, Charlie and Papa, sending you 3
2024-10-15 04:45:36.813423 Charlie: Hotel, Lima and X-ray, sending you 3
2024-10-15 04:45:36.814103 Victor: Sierra, sending you 7
2024-10-15 04:45:36.814481 November: Hotel, Lima, Charlie and Papa, sending you 4
2024-10-15 04:45:36.815148 Foxtrot: Victor, sending you 11
2024-10-15 04:45:36.815962 X-ray: Hotel, sending you 4
2024-10-15 04:45:36.816863 Lima: X-ray and Charlie, sending you 3
2024-10-15 04:45:36.817976 Charlie: November and Papa, sending you 4
2024-10-15 04:45:36.819524 November: X-ray, sending you 3
2024-10-15 04:45:36.820450 Hotel: Lima, X-ray, November and Papa, sending you 4
2024-10-15 04:45:36.824729 Hotel: Charlie, sending you 3
2024-10-15 04:45:36.833669 Papa: Uniform, Lima, X-ray and Charlie, sending you 3
2024-10-15 04:45:36.839308 Papa: Hotel and November, sending you 4
chatterbot Uniform submitting transactions
chatterbot Charlie submitting transactions
chatterbot November submitting transactions
chatterbot Foxtrot submitting transactions
chatterbot Hotel submitting transactions
chatterbot Sierra submitting transactions
chatterbot X-ray submitting transactions
chatterbot Lima submitting transactions
chatterbot Papa submitting transactions
chatterbot Victor submitting transactions
ChatterBot Foxtrot round 13
ChatterBot Uniform round 13
ChatterBot Hotel round 13
ChatterBot Lima round 13
ChatterBot Sierra round 13
ChatterBot X-ray round 13
ChatterBot November round 13
ChatterBot Charlie round 13
ChatterBot Papa round 13
ChatterBot Victor round 13
2024-10-15 04:45:38.147883 Sierra: We should add Uniform
2024-10-15 04:45:38.156713 Foxtrot: No
2024-10-15 04:45:38.157036 Victor: No
ChatterBot Sierra reevaluating
ChatterBot Sierra reevaluating
2024-10-15 04:45:38.187194 Hotel: We should add Uniform
2024-10-15 04:45:38.215953 X-ray: Yes
2024-10-15 04:45:38.218018 November: Yes
2024-10-15 04:45:38.220576 Papa: Yes
2024-10-15 04:45:38.221119 Charlie: Yes
2024-10-15 04:45:38.223533 Lima: Yes
ChatterBot Hotel reevaluating
ChatterBot Hotel reevaluating
ChatterBot Hotel reevaluating
ChatterBot Hotel reevaluating
2024-10-15 04:45:38.365708 November: Uniform, sending you 1
2024-10-15 04:45:38.368330 Victor: Foxtrot, sending you 12
2024-10-15 04:45:38.369091 Papa: Uniform, Lima, X-ray and Charlie, sending you 3
2024-10-15 04:45:38.371873 Uniform: Same as last round
2024-10-15 04:45:38.374396 Foxtrot: Sierra, sending you 9
2024-10-15 04:45:38.375552 Lima: Uniform, sending you 1
2024-10-15 04:45:38.377829 November: Hotel, Lima, Charlie and Papa, sending you 4
2024-10-15 04:45:38.379868 Victor: Sierra, sending you 7
2024-10-15 04:45:38.380568 Papa: Hotel and November, sending you 4
2024-10-15 04:45:38.384116 Foxtrot: Victor, sending you 11
2024-10-15 04:45:38.384681 X-ray: Uniform, Lima, November, Charlie and Papa, sending you 3
