ChatterBot Delta round 1
ChatterBot Charlie round 1
ChatterBot Juliett round 1
randomSelections Delta: {Delta, Juliett, Alpha, Lima, Bravo, Charlie} 
2024-10-15 04:45:18.853881 Delta: Let's form a team
ChatterBot Juliett reevaluating
ChatterBot Charlie reevaluating
2024-10-15 04:45:18.859005 Juliett: Yes
2024-10-15 04:45:18.859497 Charlie: Yes
ChatterBot Charlie reevaluating
ChatterBot Juliett reevaluating
ChatterBot Bravo round 1
ChatterBot Bravo reevaluating
ChatterBot Bravo reevaluating
ChatterBot Bravo reevaluating
2024-10-15 04:45:18.876622 Bravo: Yes
ChatterBot Juliett reevaluating
ChatterBot Charlie reevaluating
ChatterBot Romeo round 1
ChatterBot X-ray round 1
ChatterBot Alpha round 1
ChatterBot Alpha reevaluating
ChatterBot Alpha reevaluating
ChatterBot Alpha reevaluating
ChatterBot Alpha reevaluating
2024-10-15 04:45:18.893055 Alpha: Yes
ChatterBot Juliett reevaluating
ChatterBot Bravo reevaluating
ChatterBot Charlie reevaluating
ChatterBot Lima round 1
ChatterBot Lima reevaluating
ChatterBot Lima reevaluating
ChatterBot Lima reevaluating
ChatterBot Lima reevaluating
ChatterBot Lima reevaluating
2024-10-15 04:45:18.910483 Lima: Yes
ChatterBot Juliett reevaluating
ChatterBot Alpha reevaluating
ChatterBot Bravo reevaluating
ChatterBot Charlie reevaluating
ChatterBot Uniform round 1
ChatterBot Kilo round 1
randomSelections X-ray: {X-ray, Delta, Juliett, Alpha, Romeo, Lima, Uniform} 
2024-10-15 04:45:18.929657 X-ray: Group up?
ChatterBot Juliett reevaluating
ChatterBot Alpha reevaluating
ChatterBot Romeo reevaluating
ChatterBot Lima reevaluating
ChatterBot Uniform reevaluating
2024-10-15 04:45:18.940954 Delta: No
2024-10-15 04:45:18.941285 Juliett: No
2024-10-15 04:45:18.941549 Alpha: No
2024-10-15 04:45:18.941781 Romeo: Yes
2024-10-15 04:45:18.942481 Lima: No
2024-10-15 04:45:18.942725 Uniform: Yes
ChatterBot Juliett reevaluating
ChatterBot Alpha reevaluating
ChatterBot Romeo reevaluating
ChatterBot Lima reevaluating
ChatterBot Uniform reevaluating
ChatterBot Alpha reevaluating
ChatterBot Romeo reevaluating
ChatterBot Lima reevaluating
ChatterBot Uniform reevaluating
ChatterBot Juliett reevaluating
ChatterBot Romeo reevaluating
ChatterBot Lima reevaluating
ChatterBot Uniform reevaluating
ChatterBot Juliett reevaluating
ChatterBot Alpha reevaluating
ChatterBot Lima reevaluating
ChatterBot Uniform reevaluating
ChatterBot Juliett reevaluating
ChatterBot Alpha reevaluating
ChatterBot Romeo reevaluating
ChatterBot Uniform reevaluating
ChatterBot Juliett reevaluating
ChatterBot Alpha reevaluating
ChatterBot Romeo reevaluating
ChatterBot Lima reevaluating
randomSelections Kilo: {Kilo, Lima, Charlie, Romeo, Delta, X-ray} 
2024-10-15 04:45:19.010188 Kilo: Let's form a team
ChatterBot Romeo reevaluating
2024-10-15 04:45:19.021140 Lima: No
2024-10-15 04:45:19.021579 Charlie: No
2024-10-15 04:45:19.022766 Romeo: No
2024-10-15 04:45:19.023163 Delta: No
2024-10-15 04:45:19.023748 X-ray: No
ChatterBot Romeo reevaluating
ChatterBot Romeo reevaluating
ChatterBot Romeo reevaluating
ChatterBot Romeo reevaluating
2024-10-15 04:45:19.074109 Delta: Charlie, sending you 2
2024-10-15 04:45:19.079516 Delta: Juliett, Alpha and Lima, sending you 4
2024-10-15 04:45:19.084949 Delta: Bravo, sending you 3
2024-10-15 04:45:19.085365 Lima: Delta and Charlie, sending you 4
2024-10-15 04:45:19.087040 Charlie: Delta, Juliett and Alpha, sending you 4
2024-10-15 04:45:19.088092 X-ray: Delta and Romeo, sending you 4
2024-10-15 04:45:19.090043 Kilo: Delta, sending you 2
2024-10-15 04:45:19.090415 Alpha: Delta, sending you 2
2024-10-15 04:45:19.090787 Lima: Juliett, sending you 1
2024-10-15 04:45:19.091723 Uniform: Delta, sending you 1
2024-10-15 04:45:19.092089 Charlie: Bravo and Lima, sending you 3
2024-10-15 04:45:19.092455 X-ray: Juliett and Lima, sending you 5
2024-10-15 04:45:19.093437 Juliett: Delta, Charlie and Bravo, sending you 3
2024-10-15 04:45:19.093868 Kilo: Charlie, sending you 1
2024-10-15 04:45:19.094720 Bravo: Delta, sending you 1
2024-10-15 04:45:19.095121 Alpha: Charlie, sending you 1
2024-10-15 04:45:19.095512 Romeo: Delta, sending you 1
2024-10-15 04:45:19.096441 Lima: Bravo and Alpha, sending you 2
2024-10-15 04:45:19.096861 Uniform: Juliett and X-ray, sending you 2
2024-10-15 04:45:19.097837 X-ray: Alpha, sending you 1
2024-10-15 04:45:19.098244 Juliett: Alpha, sending you 2
2024-10-15 04:45:19.098664 Alpha: Juliett, sending you 8
2024-10-15 04:45:19.099574 Bravo: Charlie, sending you 5
2024-10-15 04:45:19.099976 Kilo: Romeo, X-ray and Lima, sending you 5
2024-10-15 04:45:19.110200 Romeo: Juliett, sending you 5
2024-10-15 04:45:19.110762 Uniform: Romeo, sending you 5
2024-10-15 04:45:19.111693 Juliett: Lima, sending you 6
2024-10-15 04:45:19.112132 Alpha: Bravo, sending you 4
2024-10-15 04:45:19.113083 Bravo: Juliett, sending you 3
2024-10-15 04:45:19.114941 Romeo: X-ray and Alpha, sending you 4
2024-10-15 04:45:19.115718 Uniform: Alpha, sending you 4
2024-10-15 04:45:19.116772 Alpha: Lima, sending you 3
2024-10-15 04:45:19.117122 Bravo: Alpha, sending you 4
2024-10-15 04:45:19.118817 Romeo: Lima and Uniform, sending you 2
2024-10-15 04:45:19.121661 Uniform: Lima, sending you 3
2024-10-15 04:45:19.122085 Bravo: Lima, sending you 6
chatterbot Uniform submitting transactions
chatterbot X-ray submitting transactions
chatterbot Kilo submitting transactions
chatterbot Charlie submitting transactions
chatterbot Delta submitting transactions
chatterbot Lima submitting transactions
chatterbot Alpha submitting transactions
chatterbot Bravo submitting transactions
chatterbot Romeo submitting transactions
chatterbot Juliett submitting transactions
ChatterBot Delta round 2
ChatterBot Charlie round 2
ChatterBot Juliett round 2
ChatterBot Bravo round 2
ChatterBot Romeo round 2
ChatterBot X-ray round 2
ChatterBot Alpha round 2
ChatterBot Lima round 2
2024-10-15 04:45:22.678852 Delta: We should group up
ChatterBot Charlie reevaluating
ChatterBot Juliett reevaluating
ChatterBot Alpha reevaluating
ChatterBot Lima reevaluating
ChatterBot Romeo reevaluating
ChatterBot X-ray reevaluating
ChatterBot Uniform reevaluating
ChatterBot Kilo reevaluating
2024-10-15 04:45:22.844748 Charlie: No
2024-10-15 04:45:22.845119 Juliett: No
2024-10-15 04:45:22.845374 Bravo: No
2024-10-15 04:45:22.849531 Alpha: Yes
2024-10-15 04:45:22.849794 Lima: No
2024-10-15 04:45:22.850027 Romeo: No
2024-10-15 04:45:22.851176 X-ray: No
2024-10-15 04:45:22.851376 Uniform: No
2024-10-15 04:45:22.851560 Kilo: No
ChatterBot Juliett reevaluating
ChatterBot Alpha reevaluating
ChatterBot Lima reevaluating
ChatterBot Romeo reevaluating
ChatterBot X-ray reevaluating
ChatterBot Uniform reevaluating
ChatterBot Kilo reevaluating
ChatterBot Charlie reevaluating
ChatterBot Alpha reevaluating
ChatterBot Lima reevaluating
ChatterBot Romeo reevaluating
ChatterBot X-ray reevaluating
ChatterBot Uniform reevaluating
ChatterBot Kilo reevaluating
ChatterBot Charlie reevaluating
ChatterBot Juliett reevaluating
ChatterBot Alpha reevaluating
ChatterBot Lima reevaluating
ChatterBot Romeo reevaluating
ChatterBot X-ray reevaluating
ChatterBot Uniform reevaluating
ChatterBot Kilo reevaluating
ChatterBot Charlie reevaluating
ChatterBot Juliett reevaluating
ChatterBot Lima reevaluating
ChatterBot Romeo reevaluating
ChatterBot X-ray reevaluating
ChatterBot Uniform reevaluating
ChatterBot Kilo reevaluating
ChatterBot Charlie reevaluating
ChatterBot Juliett reevaluating
ChatterBot Alpha reevaluating
ChatterBot Romeo reevaluating
ChatterBot X-ray reevaluating
ChatterBot Uniform reevaluating
ChatterBot Kilo reevaluating
ChatterBot Charlie reevaluating
ChatterBot Juliett reevaluating
ChatterBot Alpha reevaluating
ChatterBot Lima reevaluating
ChatterBot X-ray reevaluating
ChatterBot Uniform reevaluating
ChatterBot Kilo reevaluating
ChatterBot Charlie reevaluating
ChatterBot Juliett reevaluating
ChatterBot Alpha reevaluating
ChatterBot Lima reevaluating
ChatterBot Romeo reevaluating
ChatterBot Uniform reevaluating
ChatterBot Kilo reevaluating
ChatterBot Charlie reevaluating
ChatterBot Juliett reevaluating
ChatterBot Alpha reevaluating
ChatterBot Lima reevaluating
ChatterBot Romeo reevaluating
ChatterBot X-ray reevaluating
ChatterBot Kilo reevaluating
ChatterBot Charlie reevaluating
ChatterBot Juliett reevaluating
ChatterBot Alpha reevaluating
ChatterBot Lima reevaluating
ChatterBot Romeo reevaluating
ChatterBot X-ray reevaluating
ChatterBot Uniform reevaluating
ChatterBot Uniform round 2
ChatterBot Kilo round 2
2024-10-15 04:45:23.617561 Uniform: Friends?
ChatterBot Romeo reevaluating
2024-10-15 04:45:23.627477 Romeo: Yes
2024-10-15 04:45:23.627719 X-ray: Yes
ChatterBot Romeo reevaluating
2024-10-15 04:45:23.652422 Kilo: Let's form a team
ChatterBot Charlie reevaluating
ChatterBot Juliett reevaluating
ChatterBot Bravo reevaluating
2024-10-15 04:45:23.682490 Delta: Yes
2024-10-15 04:45:23.682748 Charlie: Yes
2024-10-15 04:45:23.682920 Juliett: Yes
2024-10-15 04:45:23.683117 Bravo: Yes
2024-10-15 04:45:23.683328 Alpha: Yes
2024-10-15 04:45:23.684146 Lima: No
ChatterBot Charlie reevaluating
ChatterBot Juliett reevaluating
ChatterBot Bravo reevaluating
ChatterBot Juliett reevaluating
ChatterBot Bravo reevaluating
ChatterBot Lima reevaluating
ChatterBot Charlie reevaluating
ChatterBot Bravo reevaluating
ChatterBot Lima reevaluating
ChatterBot Charlie reevaluating
ChatterBot Juliett reevaluating
ChatterBot Lima reevaluating
ChatterBot Charlie reevaluating
ChatterBot Juliett reevaluating
ChatterBot Bravo reevaluating
ChatterBot Lima reevaluating
ChatterBot Charlie reevaluating
ChatterBot Juliett reevaluating
ChatterBot Bravo reevaluating
2024-10-15 04:45:23.859888 Bravo: We should add Kilo
ChatterBot Juliett reevaluating
ChatterBot Lima reevaluating
ChatterBot Charlie reevaluating
2024-10-15 04:45:23.883981 Delta: Yes
2024-10-15 04:45:23.884206 Juliett: Yes
2024-10-15 04:45:23.884380 Alpha: Yes
2024-10-15 04:45:23.884567 Lima: No
2024-10-15 04:45:23.884705 Charlie: Yes
ChatterBot Juliett reevaluating
ChatterBot Lima reevaluating
ChatterBot Bravo reevaluating
ChatterBot Charlie reevaluating
ChatterBot Lima reevaluating
ChatterBot Bravo reevaluating
ChatterBot Charlie reevaluating
ChatterBot Juliett reevaluating
ChatterBot Lima reevaluating
ChatterBot Bravo reevaluating
ChatterBot Charlie reevaluating
ChatterBot Juliett reevaluating
ChatterBot Bravo reevaluating
ChatterBot Charlie reevaluating
ChatterBot Juliett reevaluating
ChatterBot Lima reevaluating
ChatterBot Bravo reevaluating
chatterbot Delta submitting transactions
chatterbot Bravo submitting transactions
2024-10-15 04:45:24.013260 Charlie: Kilo we want you to join our group
2024-10-15 04:45:24.017878 Kilo: Yes
2024-10-15 04:45:24.086965 Delta: Charlie, X-ray and Lima, sending you 3
2024-10-15 04:45:24.087774 Bravo: Kilo we want you to join our group
2024-10-15 04:45:24.110960 Kilo: Yes
ChatterBot Lima reevaluating
2024-10-15 04:45:24.212446 Delta: Juliett, Alpha and Kilo, sending you 2
chatterbot Kilo submitting transactions
2024-10-15 04:45:24.237027 Uniform: Romeo, sending you 12
2024-10-15 04:45:24.238363 Alpha: Delta, Charlie, Juliett, Bravo, Romeo, X-ray, Lima, Uniform and Kilo, sending you 2
2024-10-15 04:45:24.239202 Kilo: Sending you each 3
2024-10-15 04:45:24.240650 Romeo: X-ray, sending you 5
2024-10-15 04:45:24.241813 X-ray: Romeo, sending you 7
2024-10-15 04:45:24.242350 Delta: Bravo, Romeo and Uniform, sending you 1
2024-10-15 04:45:24.243684 Juliett: Delta, Charlie, Bravo, Romeo, X-ray and Uniform, sending you 2
2024-10-15 04:45:24.245290 Uniform: X-ray, sending you 7
2024-10-15 04:45:24.247331 Romeo: Lima, sending you 1
2024-10-15 04:45:24.247831 X-ray: Uniform, sending you 4
2024-10-15 04:45:24.248801 Bravo: Delta, Charlie, Juliett and Alpha, sending you 4
2024-10-15 04:45:24.249247 Charlie: Delta, Juliett, Alpha and Kilo, sending you 3
2024-10-15 04:45:24.249698 Juliett: Alpha, sending you 4
2024-10-15 04:45:24.276141 Romeo: Uniform and Kilo, sending you 6
2024-10-15 04:45:24.277593 X-ray: Kilo, sending you 8
2024-10-15 04:45:24.278173 Bravo: Lima, sending you 3
2024-10-15 04:45:24.279413 Charlie: Bravo and Lima, sending you 4
2024-10-15 04:45:24.279919 Juliett: Lima and Kilo, sending you 1
2024-10-15 04:45:24.281517 Lima: Delta, X-ray and Kilo, sending you 2
2024-10-15 04:45:24.290996 Bravo: Kilo, sending you 1
2024-10-15 04:45:24.291893 Lima: Charlie, Romeo, Alpha and Uniform, sending you 1
2024-10-15 04:45:24.307063 Lima: Juliett, sending you 4
2024-10-15 04:45:24.313139 Lima: Bravo, sending you 3
chatterbot Uniform submitting transactions
chatterbot X-ray submitting transactions
chatterbot Alpha submitting transactions
chatterbot Juliett submitting transactions
chatterbot Bravo submitting transactions
chatterbot Lima submitting transactions
chatterbot Charlie submitting transactions
chatterbot Romeo submitting transactions
ChatterBot Delta round 3
ChatterBot Charlie round 3
ChatterBot Juliett round 3
ChatterBot Bravo round 3
ChatterBot Romeo round 3
ChatterBot X-ray round 3
ChatterBot Alpha round 3
ChatterBot Lima round 3
ChatterBot Uniform round 3
ChatterBot Kilo round 3
2024-10-15 04:45:25.332542 Uniform: We should group up
ChatterBot Charlie reevaluating
ChatterBot Alpha reevaluating
ChatterBot Romeo reevaluating
ChatterBot Kilo reevaluating
2024-10-15 04:45:25.379636 Delta: Yes
2024-10-15 04:45:25.379850 Charlie: Yes
2024-10-15 04:45:25.380031 Juliett: No
2024-10-15 04:45:25.380873 Bravo: No
2024-10-15 04:45:25.381042 Alpha: Yes
2024-10-15 04:45:25.381192 Lima: No
2024-10-15 04:45:25.381361 Romeo: No
2024-10-15 04:45:25.381522 X-ray: No
2024-10-15 04:45:25.381698 Kilo: Yes
ChatterBot Charlie reevaluating
ChatterBot Alpha reevaluating
ChatterBot Romeo reevaluating
ChatterBot X-ray reevaluating
ChatterBot Kilo reevaluating
ChatterBot Alpha reevaluating
ChatterBot Romeo reevaluating
ChatterBot X-ray reevaluating
ChatterBot Kilo reevaluating
ChatterBot Charlie reevaluating
ChatterBot Alpha reevaluating
ChatterBot Romeo reevaluating
ChatterBot X-ray reevaluating
ChatterBot Kilo reevaluating
ChatterBot Charlie reevaluating
ChatterBot Alpha reevaluating
ChatterBot Romeo reevaluating
ChatterBot X-ray reevaluating
ChatterBot Kilo reevaluating
ChatterBot Charlie reevaluating
ChatterBot Romeo reevaluating
ChatterBot X-ray reevaluating
ChatterBot Kilo reevaluating
ChatterBot Charlie reevaluating
ChatterBot Alpha reevaluating
ChatterBot Romeo reevaluating
ChatterBot X-ray reevaluating
ChatterBot Kilo reevaluating
ChatterBot Charlie reevaluating
ChatterBot Alpha reevaluating
ChatterBot X-ray reevaluating
ChatterBot Kilo reevaluating
ChatterBot Charlie reevaluating
ChatterBot Alpha reevaluating
ChatterBot Romeo reevaluating
ChatterBot Kilo reevaluating
ChatterBot Charlie reevaluating
ChatterBot Juliett reevaluating
ChatterBot Alpha reevaluating
ChatterBot Romeo reevaluating
ChatterBot X-ray reevaluating
2024-10-15 04:45:26.030895 Romeo: We should drop Lima
ChatterBot X-ray reevaluating
2024-10-15 04:45:26.046610 X-ray: Yes
2024-10-15 04:45:26.046914 Uniform: No
2024-10-15 04:45:26.047215 Kilo: No
ChatterBot X-ray reevaluating
ChatterBot X-ray reevaluating
2024-10-15 04:45:26.123732 Lima: Delta, Charlie, Juliett, Bravo and Kilo, sending you 3
2024-10-15 04:45:26.124967 Kilo: Delta, Charlie, Alpha and Lima, sending you 2
2024-10-15 04:45:26.126031 Bravo: Delta and Juliett, sending you 3
2024-10-15 04:45:26.126346 Delta: Charlie and Lima, sending you 3
2024-10-15 04:45:26.126722 Juliett: Delta, Charlie, Bravo, Romeo, X-ray and Lima, sending you 2
2024-10-15 04:45:26.127686 Uniform: Delta, Charlie, Juliett, Bravo, Alpha and Lima, sending you 2
2024-10-15 04:45:26.128168 Charlie: Delta, Juliett, Alpha, Lima and Kilo, sending you 3
2024-10-15 04:45:26.167864 Lima: Alpha, sending you 2
2024-10-15 04:45:26.169239 Kilo: Juliett, Bravo and Uniform, sending you 1
2024-10-15 04:45:26.169931 Bravo: Charlie, Alpha and Lima, sending you 4
2024-10-15 04:45:26.171076 Juliett: Alpha, sending you 4
2024-10-15 04:45:26.171743 Uniform: Romeo and X-ray, sending you 3
2024-10-15 04:45:26.173225 Delta: Juliett, Bravo, X-ray, Alpha and Kilo, sending you 2
2024-10-15 04:45:26.174729 Charlie: Bravo, sending you 4
2024-10-15 04:45:26.175356 Alpha: Delta, Charlie, Juliett, Bravo, Romeo, X-ray, Lima, Uniform and Kilo, sending you 2
2024-10-15 04:45:26.176701 Romeo: X-ray, sending you 6
2024-10-15 04:45:26.177095 Bravo: Kilo, sending you 2
2024-10-15 04:45:26.178236 Kilo: Romeo, sending you 3
2024-10-15 04:45:26.178986 Juliett: Uniform and Kilo, sending you 1
2024-10-15 04:45:26.180349 Uniform: Kilo, sending you 1
2024-10-15 04:45:26.181554 Delta: Romeo and Uniform, sending you 1
2024-10-15 04:45:26.182769 Romeo: Uniform, sending you 8
2024-10-15 04:45:26.183102 X-ray: Romeo and Uniform, sending you 7
2024-10-15 04:45:26.229016 Kilo: X-ray, sending you 4
2024-10-15 04:45:26.230284 X-ray: Kilo, sending you 5
2024-10-15 04:45:26.230546 Romeo: Kilo, sending you 4
chatterbot Romeo submitting transactions
chatterbot Kilo submitting transactions
chatterbot Bravo submitting transactions
chatterbot Delta submitting transactions
chatterbot Charlie submitting transactions
chatterbot X-ray submitting transactions
chatterbot Juliett submitting transactions
chatterbot Uniform submitting transactions
chatterbot Lima submitting transactions
chatterbot Alpha submitting transactions
ChatterBot Delta round 4
ChatterBot Charlie round 4
ChatterBot Juliett round 4
ChatterBot Bravo round 4
ChatterBot Romeo round 4
ChatterBot X-ray round 4
ChatterBot Alpha round 4
ChatterBot Lima round 4
ChatterBot Uniform round 4
ChatterBot Kilo round 4
2024-10-15 04:45:27.293605 Uniform: Delta, Charlie, Juliett, Alpha, Lima and Kilo, sending you 2
2024-10-15 04:45:27.295486 Bravo: Delta, Juliett and Alpha, sending you 3
2024-10-15 04:45:27.296773 Juliett: Delta, Charlie and Bravo, sending you 2
2024-10-15 04:45:27.297801 Lima: Delta, Charlie, Juliett, Bravo and Kilo, sending you 3
2024-10-15 04:45:27.299171 X-ray: Romeo, sending you 8
2024-10-15 04:45:27.300557 Kilo: Delta, Charlie, Alpha and Lima, sending you 2
2024-10-15 04:45:27.301857 Delta: Charlie, sending you 3
2024-10-15 04:45:27.303476 Alpha: Delta, Charlie, Juliett, Bravo, Romeo, X-ray, Lima, Uniform and Kilo, sending you 2
2024-10-15 04:45:27.305777 Charlie: Delta, Juliett, Romeo, X-ray, Alpha, Uniform and Kilo, sending you 2
2024-10-15 04:45:27.307738 Uniform: Bravo, sending you 1
2024-10-15 04:45:27.309538 Bravo: Charlie, sending you 5
2024-10-15 04:45:27.310864 Juliett: Romeo, X-ray, Uniform and Kilo, sending you 1
2024-10-15 04:45:27.311924 Lima: Alpha, sending you 1
2024-10-15 04:45:27.313787 X-ray: Uniform, sending you 6
2024-10-15 04:45:27.314342 Kilo: Juliett, Bravo and Uniform, sending you 1
2024-10-15 04:45:27.316359 Delta: Juliett, Bravo, Alpha and Kilo, sending you 2
2024-10-15 04:45:27.318208 Charlie: Bravo and Lima, sending you 3
2024-10-15 04:45:27.320293 Romeo: X-ray and Uniform, sending you 7
2024-10-15 04:45:27.321366 Uniform: Romeo and X-ray, sending you 3
2024-10-15 04:45:27.323248 Juliett: Alpha and Lima, sending you 4
2024-10-15 04:45:27.324879 Bravo: Lima, sending you 4
2024-10-15 04:45:27.325846 X-ray: Kilo, sending you 5
2024-10-15 04:45:27.327140 Kilo: Romeo, sending you 3
2024-10-15 04:45:27.327917 Delta: Romeo, X-ray and Uniform, sending you 1
2024-10-15 04:45:27.329678 Romeo: Kilo, sending you 4
2024-10-15 04:45:27.330824 Bravo: Kilo, sending you 2
2024-10-15 04:45:27.331875 Kilo: X-ray, sending you 4
2024-10-15 04:45:27.334652 Delta: Lima, sending you 4
chatterbot X-ray submitting transactions
chatterbot Uniform submitting transactions
chatterbot Delta submitting transactions
chatterbot Charlie submitting transactions
chatterbot Kilo submitting transactions
chatterbot Juliett submitting transactions
chatterbot Alpha submitting transactions
chatterbot Bravo submitting transactions
chatterbot Romeo submitting transactions
chatterbot Lima submitting transactions
ChatterBot Delta round 5
ChatterBot Charlie round 5
ChatterBot Juliett round 5
ChatterBot Bravo round 5
ChatterBot Romeo round 5
ChatterBot X-ray round 5
ChatterBot Alpha round 5
ChatterBot Lima round 5
ChatterBot Uniform round 5
ChatterBot Kilo round 5
2024-10-15 04:45:28.615334 Romeo: We should add Alpha
ChatterBot X-ray reevaluating
ChatterBot Uniform reevaluating
2024-10-15 04:45:28.651308 X-ray: Yes
2024-10-15 04:45:28.651631 Uniform: Yes
2024-10-15 04:45:28.651887 Kilo: Yes
ChatterBot Romeo reevaluating
ChatterBot Uniform reevaluating
ChatterBot X-ray reevaluating
ChatterBot Romeo reevaluating
ChatterBot X-ray reevaluating
ChatterBot Romeo reevaluating
ChatterBot Uniform reevaluating
2024-10-15 04:45:28.704011 Romeo: Alpha we want you to join our group
2024-10-15 04:45:28.709423 Alpha: Yes
ChatterBot Romeo reevaluating
ChatterBot X-ray reevaluating
ChatterBot Uniform reevaluating
2024-10-15 04:45:28.738802 Bravo: Delta, Juliett and Alpha, sending you 3
2024-10-15 04:45:28.740748 Juliett: Delta, Charlie, Bravo and Alpha, sending you 3
2024-10-15 04:45:28.741531 Alpha: Delta, Charlie, Juliett, Bravo, Romeo, X-ray, Lima, Uniform and Kilo, sending you 2
2024-10-15 04:45:28.743241 Kilo: Delta, Charlie, Bravo, Alpha and Lima, sending you 2
2024-10-15 04:45:28.745145 Charlie: Delta, Juliett, Romeo, X-ray, Alpha, Uniform and Kilo, sending you 2
2024-10-15 04:45:28.747842 Lima: Delta, Charlie, Juliett and Bravo, sending you 3
2024-10-15 04:45:28.749901 Delta: Charlie and Lima, sending you 3
2024-10-15 04:45:28.752728 Bravo: Charlie, sending you 4
2024-10-15 04:45:28.754111 Juliett: Lima, sending you 4
2024-10-15 04:45:28.755004 Kilo: Juliett and Uniform, sending you 1
2024-10-15 04:45:28.756718 Charlie: Bravo and Lima, sending you 3
2024-10-15 04:45:28.758714 Lima: Alpha and Kilo, sending you 2
2024-10-15 04:45:28.760608 Delta: Juliett, Bravo, Alpha, Uniform and Kilo, sending you 2
2024-10-15 04:45:28.761862 Bravo: Lima, sending you 5
2024-10-15 04:45:28.763190 Juliett: Kilo, sending you 2
2024-10-15 04:45:28.764884 Kilo: Romeo and X-ray, sending you 3
2024-10-15 04:45:28.766876 Uniform: Delta, Charlie, Juliett, Alpha, Lima and Kilo, sending you 2
2024-10-15 04:45:28.769222 Delta: Romeo and X-ray, sending you 1
2024-10-15 04:45:28.771140 Bravo: Kilo, sending you 2
2024-10-15 04:45:28.772599 Uniform: Romeo, sending you 4
2024-10-15 04:45:28.790852 Uniform: X-ray, sending you 3
2024-10-15 04:45:28.793023 X-ray: Romeo, sending you 8
2024-10-15 04:45:28.796670 X-ray: Uniform, sending you 5
2024-10-15 04:45:28.798461 Romeo: X-ray, sending you 7
2024-10-15 04:45:28.800699 X-ray: Kilo, sending you 6
2024-10-15 04:45:28.803664 Romeo: Alpha, sending you 2
2024-10-15 04:45:28.808139 Romeo: Uniform, sending you 5
2024-10-15 04:45:28.823081 Romeo: Kilo, sending you 4
chatterbot Charlie submitting transactions
chatterbot Romeo submitting transactions
chatterbot Juliett submitting transactions
chatterbot Bravo submitting transactions
chatterbot Alpha submitting transactions
chatterbot Lima submitting transactions
chatterbot Kilo submitting transactions
chatterbot Uniform submitting transactions
chatterbot Delta submitting transactions
chatterbot X-ray submitting transactions
ChatterBot Delta round 6
ChatterBot Charlie round 6
ChatterBot Juliett round 6
ChatterBot Bravo round 6
ChatterBot Romeo round 6
ChatterBot X-ray round 6
ChatterBot Alpha round 6
ChatterBot Lima round 6
ChatterBot Uniform round 6
ChatterBot Kilo round 6
2024-10-15 04:45:29.951876 X-ray: We should add Alpha
2024-10-15 04:45:30.015571 Romeo: Yes
2024-10-15 04:45:30.015870 Uniform: Yes
2024-10-15 04:45:30.016100 Kilo: Yes
ChatterBot X-ray reevaluating
ChatterBot X-ray reevaluating
ChatterBot X-ray reevaluating
ChatterBot Uniform reevaluating
2024-10-15 04:45:30.177309 Bravo: Delta, Juliett, Alpha and Kilo, sending you 3
2024-10-15 04:45:30.178657 Charlie: Delta, Juliett, Alpha, Lima and Kilo, sending you 3
2024-10-15 04:45:30.180287 Juliett: Delta, Charlie, Bravo and Alpha, sending you 3
2024-10-15 04:45:30.180997 Lima: Delta, Charlie, Juliett and Bravo, sending you 3
2024-10-15 04:45:30.185488 Bravo: Charlie and Lima, sending you 4
2024-10-15 04:45:30.187449 Delta: Charlie, Juliett, Bravo, Alpha, Uniform and Kilo, sending you 2
2024-10-15 04:45:30.188818 Charlie: Bravo, sending you 4
2024-10-15 04:45:30.190660 Juliett: Lima, sending you 4
2024-10-15 04:45:30.192849 Alpha: Delta, Charlie, Juliett, Bravo, Romeo, X-ray, Lima, Uniform and Kilo, sending you 2
2024-10-15 04:45:30.195732 Lima: Alpha and Kilo, sending you 2
2024-10-15 04:45:30.198082 Romeo: X-ray, sending you 7
2024-10-15 04:45:30.199515 Uniform: Delta, Charlie, Juliett, Alpha, Lima and Kilo, sending you 2
2024-10-15 04:45:30.203202 Delta: Romeo and X-ray, sending you 1
2024-10-15 04:45:30.206090 Juliett: Kilo, sending you 2
2024-10-15 04:45:30.207317 Kilo: Delta, Charlie, Bravo, Alpha and Lima, sending you 2
2024-10-15 04:45:30.210876 X-ray: Romeo, sending you 8
2024-10-15 04:45:30.211880 Romeo: Alpha, sending you 2
2024-10-15 04:45:30.213536 Uniform: Romeo, sending you 4
2024-10-15 04:45:30.215915 Delta: Lima, sending you 4
2024-10-15 04:45:30.218347 Kilo: Juliett and Uniform, sending you 1
2024-10-15 04:45:30.219542 X-ray: Uniform, sending you 5
2024-10-15 04:45:30.221313 Romeo: Uniform, sending you 5
2024-10-15 04:45:30.222279 Uniform: X-ray, sending you 3
2024-10-15 04:45:30.224669 Kilo: Romeo and X-ray, sending you 3
2024-10-15 04:45:30.226816 X-ray: Kilo, sending you 6
2024-10-15 04:45:30.227460 Romeo: Kilo, sending you 4
chatterbot Juliett submitting transactions
chatterbot Bravo submitting transactions
chatterbot Delta submitting transactions
chatterbot Lima submitting transactions
chatterbot X-ray submitting transactions
chatterbot Romeo submitting transactions
chatterbot Kilo submitting transactions
chatterbot Charlie submitting transactions
chatterbot Alpha submitting transactions
chatterbot Uniform submitting transactions
ChatterBot Delta round 7
ChatterBot Charlie round 7
ChatterBot Juliett round 7
ChatterBot Bravo round 7
ChatterBot Romeo round 7
ChatterBot X-ray round 7
ChatterBot Alpha round 7
ChatterBot Lima round 7
ChatterBot Uniform round 7
ChatterBot Kilo round 7
2024-10-15 04:45:31.443673 X-ray: We should add Alpha
2024-10-15 04:45:31.451472 Romeo: Yes
2024-10-15 04:45:31.451627 Uniform: Yes
2024-10-15 04:45:31.451750 Kilo: Yes
2024-10-15 04:45:31.482411 X-ray: Alpha we want you to join our group
2024-10-15 04:45:31.484698 Alpha: Yes
2024-10-15 04:45:31.492504 Delta: Charlie, Juliett, Bravo, Alpha, Uniform and Kilo, sending you 2
2024-10-15 04:45:31.494247 Charlie: Delta, Juliett, Alpha and Kilo, sending you 3
2024-10-15 04:45:31.494956 Lima: We should drop Kilo
2024-10-15 04:45:31.509203 Delta: No
2024-10-15 04:45:31.509395 Juliett: No
2024-10-15 04:45:31.509572 Alpha: No
2024-10-15 04:45:31.510083 Bravo: No
2024-10-15 04:45:31.510256 Charlie: No
ChatterBot Lima reevaluating
ChatterBot Lima reevaluating
ChatterBot Lima reevaluating
2024-10-15 04:45:31.562479 Bravo: Delta, Juliett, Alpha and Kilo, sending you 3
2024-10-15 04:45:31.562987 Delta: Romeo and X-ray, sending you 1
2024-10-15 04:45:31.564486 Charlie: Bravo and Lima, sending you 4
2024-10-15 04:45:31.564977 Romeo: X-ray, sending you 7
2024-10-15 04:45:31.565681 Juliett: Delta, Charlie, Bravo, Alpha, Uniform and Kilo, sending you 2
2024-10-15 04:45:31.567353 Bravo: Charlie and Lima, sending you 4
2024-10-15 04:45:31.568167 Uniform: Delta, Charlie, Juliett, Alpha, Lima and Kilo, sending you 2
2024-10-15 04:45:31.569814 Alpha: Delta, Charlie, Juliett, Bravo, Romeo, X-ray, Lima, Uniform and Kilo, sending you 2
2024-10-15 04:45:31.571725 Delta: Lima, sending you 4
2024-10-15 04:45:31.572870 Kilo: Delta, Charlie, Juliett, Bravo, Alpha and Lima, sending you 2
2024-10-15 04:45:31.574506 Romeo: Alpha, sending you 2
2024-10-15 04:45:31.574948 Juliett: Romeo and X-ray, sending you 1
2024-10-15 04:45:31.576122 Uniform: Romeo, sending you 4
2024-10-15 04:45:31.577674 Romeo: Uniform, sending you 5
2024-10-15 04:45:31.578675 Kilo: Romeo and X-ray, sending you 3
2024-10-15 04:45:31.579670 Juliett: Lima, sending you 4
2024-10-15 04:45:31.581135 X-ray: Romeo, sending you 7
2024-10-15 04:45:31.581666 Uniform: X-ray, sending you 3
2024-10-15 04:45:31.583075 Romeo: Kilo, sending you 4
2024-10-15 04:45:31.585170 X-ray: Alpha, sending you 3
2024-10-15 04:45:31.587763 X-ray: Uniform, sending you 4
2024-10-15 04:45:31.591673 X-ray: Kilo, sending you 5
2024-10-15 04:45:31.597666 Lima: Delta, Charlie, Juliett and Bravo, sending you 3
2024-10-15 04:45:31.601789 Lima: Alpha and Kilo, sending you 2
chatterbot Romeo submitting transactions
chatterbot Uniform submitting transactions
chatterbot Charlie submitting transactions
chatterbot Kilo submitting transactions
chatterbot Lima submitting transactions
chatterbot Alpha submitting transactions
chatterbot Bravo submitting transactions
chatterbot X-ray submitting transactions
chatterbot Delta submitting transactions
chatterbot Juliett submitting transactions
ChatterBot Delta round 8
ChatterBot Charlie round 8
ChatterBot Juliett round 8
ChatterBot Bravo round 8
ChatterBot Romeo round 8
ChatterBot X-ray round 8
ChatterBot Alpha round 8
ChatterBot Lima round 8
ChatterBot Uniform round 8
ChatterBot Kilo round 8
2024-10-15 04:45:32.750414 Uniform: We should drop Bravo
ChatterBot X-ray reevaluating
ChatterBot Charlie reevaluating
2024-10-15 04:45:32.790727 Romeo: Yes
2024-10-15 04:45:32.790996 X-ray: Yes
2024-10-15 04:45:32.791212 Delta: No
2024-10-15 04:45:32.791422 Charlie: No
2024-10-15 04:45:32.791643 Juliett: No
2024-10-15 04:45:32.791848 Alpha: No
2024-10-15 04:45:32.792035 Lima: No
2024-10-15 04:45:32.793097 Kilo: No
ChatterBot X-ray reevaluating
ChatterBot Charlie reevaluating
ChatterBot Charlie reevaluating
ChatterBot Uniform reevaluating
ChatterBot X-ray reevaluating
ChatterBot Charlie reevaluating
ChatterBot Uniform reevaluating
ChatterBot X-ray reevaluating
ChatterBot Uniform reevaluating
ChatterBot X-ray reevaluating
ChatterBot Charlie reevaluating
ChatterBot Uniform reevaluating
ChatterBot X-ray reevaluating
ChatterBot Charlie reevaluating
ChatterBot Uniform reevaluating
ChatterBot X-ray reevaluating
ChatterBot Charlie reevaluating
ChatterBot Uniform reevaluating
ChatterBot X-ray reevaluating
ChatterBot Charlie reevaluating
2024-10-15 04:45:33.125585 Romeo: We should drop Alpha
ChatterBot X-ray reevaluating
ChatterBot Uniform reevaluating
2024-10-15 04:45:33.145623 X-ray: No
2024-10-15 04:45:33.145842 Uniform: No
2024-10-15 04:45:33.146046 Kilo: No
ChatterBot Uniform reevaluating
ChatterBot X-ray reevaluating
ChatterBot X-ray reevaluating
ChatterBot Uniform reevaluating
2024-10-15 04:45:33.203676 Juliett: Delta, Charlie, Bravo and Alpha, sending you 3
2024-10-15 04:45:33.205587 Alpha: Delta, Charlie, Juliett, Bravo, Romeo, X-ray, Lima, Uniform and Kilo, sending you 2
2024-10-15 04:45:33.207533 Lima: Delta, Charlie, Juliett and Bravo, sending you 3
2024-10-15 04:45:33.208717 Kilo: Delta, Charlie, Juliett, Bravo, Alpha and Lima, sending you 2
2024-10-15 04:45:33.210671 Delta: Charlie, Juliett, Bravo, Alpha, Uniform and Kilo, sending you 2
2024-10-15 04:45:33.212532 Bravo: Delta, Juliett, Alpha and Kilo, sending you 3
2024-10-15 04:45:33.213832 Juliett: Lima, sending you 4
2024-10-15 04:45:33.216081 Lima: Alpha and Kilo, sending you 2
2024-10-15 04:45:33.217024 Kilo: Romeo and X-ray, sending you 3
2024-10-15 04:45:33.220397 Delta: Romeo and X-ray, sending you 1
2024-10-15 04:45:33.222509 Bravo: Charlie and Lima, sending you 4
2024-10-15 04:45:33.223266 Romeo: X-ray, sending you 8
2024-10-15 04:45:33.224700 Juliett: Kilo, sending you 2
2024-10-15 04:45:33.227276 Delta: Lima, sending you 4
2024-10-15 04:45:33.231560 Charlie: Delta, Juliett, Alpha and Kilo, sending you 3
2024-10-15 04:45:33.234672 Romeo: Uniform and Kilo, sending you 5
2024-10-15 04:45:33.239518 Charlie: Bravo and Lima, sending you 4
2024-10-15 04:45:33.241184 Uniform: Delta, Charlie, Juliett, Alpha, Lima and Kilo, sending you 2
2024-10-15 04:45:33.248676 Uniform: Romeo, sending you 4
2024-10-15 04:45:33.255849 Uniform: X-ray, sending you 3
chatterbot Alpha submitting transactions
chatterbot Kilo submitting transactions
chatterbot Bravo submitting transactions
chatterbot Romeo submitting transactions
chatterbot Lima submitting transactions
chatterbot Charlie submitting transactions
chatterbot Delta submitting transactions
chatterbot Juliett submitting transactions
chatterbot X-ray submitting transactions
chatterbot Uniform submitting transactions
ChatterBot Delta round 9
ChatterBot Charlie round 9
ChatterBot Juliett round 9
ChatterBot Bravo round 9
ChatterBot Romeo round 9
ChatterBot X-ray round 9
ChatterBot Alpha round 9
ChatterBot Lima round 9
ChatterBot Uniform round 9
ChatterBot Kilo round 9
2024-10-15 04:45:34.354571 Charlie: We should add Uniform
ChatterBot Kilo reevaluating
ChatterBot Alpha reevaluating
2024-10-15 04:45:34.374645 Kilo: No
2024-10-15 04:45:34.374814 Delta: Yes
2024-10-15 04:45:34.374944 Juliett: No
2024-10-15 04:45:34.375078 Bravo: No
2024-10-15 04:45:34.375976 Alpha: Yes
2024-10-15 04:45:34.376116 Lima: No
ChatterBot Alpha reevaluating
ChatterBot Kilo reevaluating
ChatterBot Charlie reevaluating
ChatterBot Alpha reevaluating
ChatterBot Kilo reevaluating
ChatterBot Charlie reevaluating
ChatterBot Alpha reevaluating
ChatterBot Kilo reevaluating
ChatterBot Charlie reevaluating
ChatterBot Alpha reevaluating
ChatterBot Kilo reevaluating
ChatterBot Charlie reevaluating
ChatterBot Kilo reevaluating
ChatterBot Charlie reevaluating
ChatterBot Alpha reevaluating
2024-10-15 04:45:34.539688 Uniform: Delta, Charlie, Juliett, Alpha, Lima and Kilo, sending you 2
2024-10-15 04:45:34.542668 Juliett: Delta, Charlie, Bravo and Alpha, sending you 3
2024-10-15 04:45:34.543787 Romeo: X-ray, sending you 8
2024-10-15 04:45:34.545189 Kilo: Sending you each 3
2024-10-15 04:45:34.546362 Uniform: Romeo, sending you 4
2024-10-15 04:45:34.547928 Juliett: Lima, sending you 4
2024-10-15 04:45:34.548492 Romeo: Uniform and Kilo, sending you 5
2024-10-15 04:45:34.548936 Charlie: Delta, Juliett, Alpha and Kilo, sending you 3
2024-10-15 04:45:34.550480 Lima: Delta, Charlie, Juliett and Bravo, sending you 3
2024-10-15 04:45:34.551693 Delta: Charlie, Juliett, Bravo, Alpha, Uniform and Kilo, sending you 2
2024-10-15 04:45:34.552490 Bravo: Delta, Juliett, Alpha and Kilo, sending you 3
2024-10-15 04:45:34.553735 Juliett: Kilo, sending you 2
2024-10-15 04:45:34.554261 Uniform: X-ray, sending you 3
2024-10-15 04:45:34.555345 X-ray: Delta and Alpha, sending you 2
2024-10-15 04:45:34.556090 Charlie: Bravo and Lima, sending you 4
2024-10-15 04:45:34.557338 Lima: Alpha and Kilo, sending you 2
2024-10-15 04:45:34.559047 Alpha: Delta, Charlie, Juliett, Bravo, Romeo, X-ray, Lima, Uniform and Kilo, sending you 2
2024-10-15 04:45:34.561118 Delta: Romeo and X-ray, sending you 1
2024-10-15 04:45:34.562482 Bravo: Charlie and Lima, sending you 4
2024-10-15 04:45:34.563767 X-ray: Charlie, Juliett, Bravo and Lima, sending you 1
2024-10-15 04:45:34.565684 Delta: Lima, sending you 4
2024-10-15 04:45:34.568689 X-ray: Romeo, sending you 5
2024-10-15 04:45:34.571686 X-ray: Uniform and Kilo, sending you 3
chatterbot Delta submitting transactions
chatterbot X-ray submitting transactions
chatterbot Romeo submitting transactions
chatterbot Charlie submitting transactions
chatterbot Juliett submitting transactions
chatterbot Alpha submitting transactions
chatterbot Lima submitting transactions
chatterbot Bravo submitting transactions
chatterbot Uniform submitting transactions
chatterbot Kilo submitting transactions
ChatterBot Delta round 10
ChatterBot Charlie round 10
ChatterBot Juliett round 10
ChatterBot Bravo round 10
ChatterBot Romeo round 10
ChatterBot X-ray round 10
ChatterBot Alpha round 10
ChatterBot Lima round 10
ChatterBot Uniform round 10
ChatterBot Kilo round 10
2024-10-15 04:45:36.047265 Alpha: Delta, Charlie, Juliett, Bravo, Romeo, X-ray, Lima, Uniform and Kilo, sending you 2
2024-10-15 04:45:36.060442 Lima: Delta, Charlie, Juliett, Bravo and Kilo, sending you 3
2024-10-15 04:45:36.064184 Bravo: Delta, Juliett, Alpha and Kilo, sending you 3
2024-10-15 04:45:36.067390 Delta: Charlie, Juliett, Bravo, Alpha, Uniform and Kilo, sending you 2
2024-10-15 04:45:36.072418 Kilo: Same as last round
2024-10-15 04:45:36.075684 Lima: Alpha, sending you 2
2024-10-15 04:45:36.079599 Bravo: Charlie and Lima, sending you 4
2024-10-15 04:45:36.083141 Delta: Romeo and X-ray, sending you 1
2024-10-15 04:45:36.087511 Uniform: Delta, Charlie, Juliett, Alpha, Lima and Kilo, sending you 2
2024-10-15 04:45:36.092737 Romeo: X-ray, sending you 9
2024-10-15 04:45:36.095388 Juliett: Delta, sending you 2
2024-10-15 04:45:36.099056 Charlie: Delta, X-ray, Alpha and Uniform, sending you 2
2024-10-15 04:45:36.103592 X-ray: Delta and Alpha, sending you 2
2024-10-15 04:45:36.108208 Delta: Lima, sending you 4
2024-10-15 04:45:36.113070 Uniform: Romeo, sending you 4
2024-10-15 04:45:36.117639 Romeo: Uniform, sending you 5
2024-10-15 04:45:36.119098 Juliett: Charlie, Bravo, Alpha and Kilo, sending you 3
2024-10-15 04:45:36.122175 Charlie: Juliett, Bravo, Lima and Kilo, sending you 3
2024-10-15 04:45:36.126866 X-ray: Charlie, Juliett and Lima, sending you 1
2024-10-15 04:45:36.131278 Uniform: X-ray, sending you 3
2024-10-15 04:45:36.135839 Romeo: Kilo, sending you 4
2024-10-15 04:45:36.137285 Juliett: Lima, sending you 4
2024-10-15 04:45:36.139893 X-ray: Romeo, sending you 6
2024-10-15 04:45:36.153091 X-ray: Uniform and Kilo, sending you 3
chatterbot Charlie submitting transactions
chatterbot Bravo submitting transactions
chatterbot X-ray submitting transactions
chatterbot Lima submitting transactions
chatterbot Delta submitting transactions
chatterbot Romeo submitting transactions
chatterbot Uniform submitting transactions
chatterbot Kilo submitting transactions
chatterbot Alpha submitting transactions
chatterbot Juliett submitting transactions
ChatterBot Delta round 11
ChatterBot Charlie round 11
ChatterBot Juliett round 11
ChatterBot Bravo round 11
ChatterBot Romeo round 11
ChatterBot X-ray round 11
ChatterBot Alpha round 11
ChatterBot Lima round 11
ChatterBot Uniform round 11
ChatterBot Kilo round 11
2024-10-15 04:45:37.228380 Romeo: We should replace Kilo with Alpha
2024-10-15 04:45:37.233188 Uniform: No
2024-10-15 04:45:37.233319 X-ray: No
2024-10-15 04:45:37.248983 Romeo: Alpha we want you to join our group
2024-10-15 04:45:37.252342 Alpha: Yes
2024-10-15 04:45:37.260671 Juliett: Delta, sending you 2
2024-10-15 04:45:37.262696 Charlie: Delta, X-ray, Alpha and Uniform, sending you 2
2024-10-15 04:45:37.264722 Bravo: Delta, Juliett, Alpha and Kilo, sending you 3
2024-10-15 04:45:37.265668 Juliett: Charlie, Bravo, Alpha and Kilo, sending you 3
2024-10-15 04:45:37.266963 Delta: Charlie, Juliett, Bravo, Alpha and Uniform, sending you 2
2024-10-15 04:45:37.271007 Alpha: Delta, Charlie, Juliett, Bravo, Romeo, X-ray, Lima, Uniform and Kilo, sending you 2
2024-10-15 04:45:37.274413 Lima: Delta, Charlie, Juliett, Bravo and Kilo, sending you 3
2024-10-15 04:45:37.276432 Charlie: Juliett, Bravo, Lima and Kilo, sending you 3
2024-10-15 04:45:37.278652 Bravo: Charlie and Lima, sending you 4
2024-10-15 04:45:37.281257 Juliett: Lima, sending you 4
2024-10-15 04:45:37.283314 Delta: Romeo and X-ray, sending you 1
2024-10-15 04:45:37.285901 Lima: Alpha, sending you 2
2024-10-15 04:45:37.287456 X-ray: Delta, Alpha and Kilo, sending you 2
2024-10-15 04:45:37.290204 Kilo: Same as last round
2024-10-15 04:45:37.292669 Delta: Lima and Kilo, sending you 3
2024-10-15 04:45:37.296033 Romeo: X-ray, sending you 8
2024-10-15 04:45:37.296939 X-ray: Charlie, Juliett, Bravo and Lima, sending you 1
2024-10-15 04:45:37.302024 Romeo: Alpha, sending you 4
2024-10-15 04:45:37.303671 X-ray: Romeo, sending you 6
2024-10-15 04:45:37.307114 Romeo: Uniform, sending you 6
2024-10-15 04:45:37.310674 X-ray: Uniform, sending you 3
chatterbot Romeo submitting transactions
chatterbot Uniform submitting transactions
