ChatterBot Foxtrot round 1
ChatterBot Tango round 1
ChatterBot Victor round 1
ChatterBot Quebec round 1
ChatterBot Bravo round 1
ChatterBot Papa round 1
ChatterBot Echo round 1
ChatterBot November round 1
ChatterBot Lima round 1
ChatterBot Zulu round 1
randomSelections Victor: {Victor, Foxtrot, Bravo, Papa, Tango, Quebec} 
2024-10-14 16:45:03.453864 Victor: We should group up
ChatterBot Foxtrot reevaluating
ChatterBot Bravo reevaluating
ChatterBot Papa reevaluating
ChatterBot Tango reevaluating
ChatterBot Quebec reevaluating
2024-10-14 16:45:03.470283 Foxtrot: Yes
2024-10-14 16:45:03.470443 Bravo: Yes
2024-10-14 16:45:03.470561 Papa: Yes
2024-10-14 16:45:03.470695 Tango: Yes
2024-10-14 16:45:03.470880 Quebec: Yes
ChatterBot Bravo reevaluating
ChatterBot Papa reevaluating
ChatterBot Tango reevaluating
ChatterBot Quebec reevaluating
ChatterBot Foxtrot reevaluating
ChatterBot Papa reevaluating
ChatterBot Tango reevaluating
ChatterBot Quebec reevaluating
ChatterBot Foxtrot reevaluating
ChatterBot Bravo reevaluating
ChatterBot Tango reevaluating
ChatterBot Quebec reevaluating
ChatterBot Foxtrot reevaluating
ChatterBot Bravo reevaluating
ChatterBot Papa reevaluating
ChatterBot Quebec reevaluating
ChatterBot Foxtrot reevaluating
ChatterBot Bravo reevaluating
ChatterBot Papa reevaluating
ChatterBot Tango reevaluating
randomSelections Echo: {Echo, Bravo, Tango, Lima, November, Victor} 
2024-10-14 16:45:03.536061 Echo: We would work well together
ChatterBot Bravo reevaluating
ChatterBot Tango reevaluating
ChatterBot Lima reevaluating
ChatterBot November reevaluating
2024-10-14 16:45:03.551700 Bravo: No
2024-10-14 16:45:03.551924 Tango: No
2024-10-14 16:45:03.552129 Lima: Yes
2024-10-14 16:45:03.552277 November: Yes
2024-10-14 16:45:03.553166 Victor: No
ChatterBot Tango reevaluating
ChatterBot Lima reevaluating
ChatterBot November reevaluating
ChatterBot Bravo reevaluating
ChatterBot Lima reevaluating
ChatterBot November reevaluating
ChatterBot Bravo reevaluating
ChatterBot Tango reevaluating
ChatterBot November reevaluating
ChatterBot Bravo reevaluating
ChatterBot Tango reevaluating
ChatterBot Lima reevaluating
ChatterBot Bravo reevaluating
ChatterBot Tango reevaluating
ChatterBot Lima reevaluating
ChatterBot November reevaluating
randomSelections Zulu: {Zulu, Lima} 
2024-10-14 16:45:03.606239 Zulu: Can we be friends?
ChatterBot Lima reevaluating
2024-10-14 16:45:03.608170 Lima: No
2024-10-14 16:45:03.627502 Tango: Foxtrot, sending you 1
2024-10-14 16:45:03.636425 Victor: Tango, sending you 2
2024-10-14 16:45:03.636777 Papa: Foxtrot, Quebec and Bravo, sending you 2
2024-10-14 16:45:03.637123 Echo: Tango, sending you 3
2024-10-14 16:45:03.637421 Tango: Victor, sending you 4
2024-10-14 16:45:03.647368 Victor: Papa, sending you 1
2024-10-14 16:45:03.647781 Echo: Victor, November and Lima, sending you 1
2024-10-14 16:45:03.648149 November: Tango and Echo, sending you 2
2024-10-14 16:45:03.648451 Papa: Tango and Victor, sending you 1
2024-10-14 16:45:03.649710 Tango: Bravo, sending you 2
2024-10-14 16:45:03.650049 Quebec: Foxtrot, Tango and Bravo, sending you 2
2024-10-14 16:45:03.650398 Bravo: Foxtrot, Tango and Victor, sending you 2
2024-10-14 16:45:03.650662 Zulu: Sending you 12
2024-10-14 16:45:03.654768 Foxtrot: Tango, sending you 3
2024-10-14 16:45:03.655075 Lima: Tango, sending you 1
2024-10-14 16:45:03.655439 Echo: Bravo, sending you 2
2024-10-14 16:45:03.655722 November: Victor and Bravo, sending you 1
2024-10-14 16:45:03.657743 Tango: Papa, sending you 3
2024-10-14 16:45:03.658060 Quebec: Victor and Papa, sending you 1
2024-10-14 16:45:03.658381 Bravo: Papa, sending you 1
2024-10-14 16:45:03.660813 Foxtrot: Victor, Quebec and Bravo, sending you 4
2024-10-14 16:45:03.661255 Lima: Bravo, sending you 2
2024-10-14 16:45:03.666593 Foxtrot: Papa, sending you 2
2024-10-14 16:45:03.666942 Lima: Echo, sending you 3
chatterbot November submitting transactions
chatterbot Lima submitting transactions
chatterbot Victor submitting transactions
chatterbot Papa submitting transactions
chatterbot Foxtrot submitting transactions
chatterbot Bravo submitting transactions
chatterbot Zulu submitting transactions
chatterbot Tango submitting transactions
chatterbot Echo submitting transactions
chatterbot Quebec submitting transactions
ChatterBot Foxtrot round 2
ChatterBot Tango round 2
ChatterBot Victor round 2
ChatterBot Quebec round 2
ChatterBot Bravo round 2
ChatterBot Papa round 2
ChatterBot Echo round 2
2024-10-14 16:45:11.457928 Tango: We should add Echo
ChatterBot Victor reevaluating
ChatterBot Foxtrot reevaluating
ChatterBot Bravo reevaluating
ChatterBot Papa reevaluating
ChatterBot Quebec reevaluating
2024-10-14 16:45:11.491883 Victor: No
2024-10-14 16:45:11.492108 Foxtrot: No
2024-10-14 16:45:11.492270 Bravo: No
2024-10-14 16:45:11.492441 Papa: No
2024-10-14 16:45:11.492681 Quebec: No
ChatterBot Foxtrot reevaluating
ChatterBot Bravo reevaluating
ChatterBot Papa reevaluating
ChatterBot Quebec reevaluating
ChatterBot Victor reevaluating
ChatterBot Bravo reevaluating
ChatterBot Papa reevaluating
ChatterBot Quebec reevaluating
ChatterBot Victor reevaluating
ChatterBot Foxtrot reevaluating
ChatterBot Papa reevaluating
ChatterBot Quebec reevaluating
ChatterBot Victor reevaluating
ChatterBot Foxtrot reevaluating
ChatterBot Bravo reevaluating
ChatterBot Tango reevaluating
ChatterBot Quebec reevaluating
ChatterBot Victor reevaluating
ChatterBot Foxtrot reevaluating
ChatterBot Bravo reevaluating
ChatterBot Papa reevaluating
ChatterBot Tango reevaluating
ChatterBot November round 2
ChatterBot Lima round 2
ChatterBot Zulu round 2
2024-10-14 16:45:11.784589 Echo: Friends?
ChatterBot November reevaluating
ChatterBot Lima reevaluating
ChatterBot Zulu reevaluating
2024-10-14 16:45:11.805317 November: Yes
2024-10-14 16:45:11.805965 Lima: Yes
2024-10-14 16:45:11.806124 Zulu: No
ChatterBot Lima reevaluating
ChatterBot Zulu reevaluating
ChatterBot November reevaluating
ChatterBot Zulu reevaluating
ChatterBot November reevaluating
ChatterBot Lima reevaluating
2024-10-14 16:45:11.867734 Lima: We should group up
ChatterBot November reevaluating
ChatterBot Zulu reevaluating
2024-10-14 16:45:11.889111 Zulu: We should add Echo and November
2024-10-14 16:45:11.889309 Echo: Yes
2024-10-14 16:45:11.889458 November: Yes
2024-10-14 16:45:11.890020 Zulu: Yes
ChatterBot Lima reevaluating
ChatterBot November reevaluating
ChatterBot Zulu reevaluating
2024-10-14 16:45:11.910705 Lima: Yes
ChatterBot Lima reevaluating
ChatterBot Zulu reevaluating
ChatterBot Lima reevaluating
ChatterBot November reevaluating
ChatterBot Lima reevaluating
ChatterBot Zulu reevaluating
2024-10-14 16:45:11.981957 Foxtrot: We should drop Victor
ChatterBot Tango reevaluating
2024-10-14 16:45:12.006647 Tango: No
2024-10-14 16:45:12.006869 Quebec: No
2024-10-14 16:45:12.007025 Bravo: Yes
2024-10-14 16:45:12.007170 Papa: Yes
ChatterBot Tango reevaluating
ChatterBot Tango reevaluating
ChatterBot Tango reevaluating
2024-10-14 16:45:12.169238 Tango: We should add Echo and November
2024-10-14 16:45:12.200225 Victor: No
2024-10-14 16:45:12.200609 Foxtrot: No
2024-10-14 16:45:12.201303 Bravo: No
2024-10-14 16:45:12.201567 Papa: No
2024-10-14 16:45:12.201855 Quebec: No
ChatterBot Tango reevaluating
ChatterBot Tango reevaluating
ChatterBot Tango reevaluating
ChatterBot Tango reevaluating
ChatterBot Tango reevaluating
2024-10-14 16:45:12.477012 Tango: Echo we want you to join our group
2024-10-14 16:45:12.481584 Echo: No
ChatterBot Tango reevaluating
2024-10-14 16:45:12.502321 Zulu: Echo and November we want you to join our group
2024-10-14 16:45:12.509637 Echo: Yes
2024-10-14 16:45:12.509784 November: Yes
ChatterBot Lima reevaluating
ChatterBot Lima reevaluating
2024-10-14 16:45:12.532270 Victor: Foxtrot, Tango and Bravo, sending you 1
2024-10-14 16:45:12.532726 Echo: November, sending you 4
2024-10-14 16:45:12.552115 November: Echo, sending you 6
2024-10-14 16:45:12.552370 Echo: Lima, sending you 5
2024-10-14 16:45:12.552561 Papa: Foxtrot, sending you 2
2024-10-14 16:45:12.552835 Quebec: Foxtrot, sending you 4
2024-10-14 16:45:12.553766 Foxtrot: Tango, Bravo and Papa, sending you 4
2024-10-14 16:45:12.553987 Bravo: Foxtrot, Tango and Quebec, sending you 2
chatterbot Echo submitting transactions
2024-10-14 16:45:12.585636 Papa: Tango, sending you 4
2024-10-14 16:45:12.585979 Quebec: Tango and Victor, sending you 1
2024-10-14 16:45:12.586295 Zulu: Echo, November and Lima, sending you 4
2024-10-14 16:45:12.587920 Foxtrot: Quebec, sending you 5
2024-10-14 16:45:12.588211 Bravo: Papa, sending you 1
2024-10-14 16:45:12.683836 Quebec: Papa, sending you 2
2024-10-14 16:45:12.685182 Papa: Quebec and Bravo, sending you 1
2024-10-14 16:45:12.685980 Tango: Foxtrot, Victor, Quebec, Bravo and Echo, sending you 2
2024-10-14 16:45:12.687507 Lima: Echo, sending you 2
2024-10-14 16:45:12.705895 Lima: Zulu, sending you 8
chatterbot Foxtrot submitting transactions
chatterbot Papa submitting transactions
chatterbot Lima submitting transactions
chatterbot November submitting transactions
chatterbot Victor submitting transactions
chatterbot Quebec submitting transactions
chatterbot Tango submitting transactions
chatterbot Bravo submitting transactions
chatterbot Lima submitting transactions
chatterbot Zulu submitting transactions
ChatterBot Foxtrot round 3
ChatterBot Tango round 3
ChatterBot Victor round 3
ChatterBot Quebec round 3
ChatterBot Bravo round 3
ChatterBot Papa round 3
ChatterBot Echo round 3
ChatterBot November round 3
ChatterBot Lima round 3
ChatterBot Zulu round 3
2024-10-14 16:45:13.264752 Echo: We should add Victor
ChatterBot November reevaluating
ChatterBot Zulu reevaluating
2024-10-14 16:45:13.284884 November: No
2024-10-14 16:45:13.285751 Lima: No
2024-10-14 16:45:13.286034 Zulu: No
ChatterBot Zulu reevaluating
ChatterBot Echo reevaluating
ChatterBot November reevaluating
ChatterBot Zulu reevaluating
ChatterBot Echo reevaluating
ChatterBot November reevaluating
2024-10-14 16:45:13.333888 Victor: We should add November
ChatterBot Quebec reevaluating
2024-10-14 16:45:13.353599 Foxtrot: No
2024-10-14 16:45:13.353983 Bravo: No
2024-10-14 16:45:13.354250 Papa: No
2024-10-14 16:45:13.354556 Tango: No
2024-10-14 16:45:13.355839 Quebec: Yes
ChatterBot Quebec reevaluating
ChatterBot Victor reevaluating
ChatterBot Quebec reevaluating
ChatterBot Victor reevaluating
ChatterBot Quebec reevaluating
ChatterBot Victor reevaluating
ChatterBot Quebec reevaluating
ChatterBot Victor reevaluating
ChatterBot Tango reevaluating
2024-10-14 16:45:13.449810 Tango: We should replace Echo with November
ChatterBot Victor reevaluating
ChatterBot Quebec reevaluating
2024-10-14 16:45:13.465011 Victor: No
2024-10-14 16:45:13.465134 Foxtrot: No
2024-10-14 16:45:13.465294 Bravo: No
2024-10-14 16:45:13.465832 Papa: No
2024-10-14 16:45:13.465935 Quebec: No
ChatterBot Tango reevaluating
ChatterBot Quebec reevaluating
ChatterBot Victor reevaluating
ChatterBot Tango reevaluating
ChatterBot Quebec reevaluating
ChatterBot Victor reevaluating
ChatterBot Tango reevaluating
ChatterBot Quebec reevaluating
ChatterBot Victor reevaluating
ChatterBot Tango reevaluating
ChatterBot Quebec reevaluating
ChatterBot Victor reevaluating
ChatterBot Tango reevaluating
2024-10-14 16:45:13.554171 Echo: We should add Tango
ChatterBot November reevaluating
ChatterBot Zulu reevaluating
2024-10-14 16:45:13.565177 November: No
2024-10-14 16:45:13.565301 Lima: No
2024-10-14 16:45:13.565410 Zulu: No
ChatterBot Echo reevaluating
ChatterBot Zulu reevaluating
ChatterBot Echo reevaluating
ChatterBot November reevaluating
ChatterBot Zulu reevaluating
ChatterBot Echo reevaluating
ChatterBot November reevaluating
2024-10-14 16:45:13.605696 Foxtrot: Tango, Bravo and Papa, sending you 4
2024-10-14 16:45:13.606910 Bravo: Foxtrot, Tango and Papa, sending you 2
2024-10-14 16:45:13.607385 Lima: Echo, sending you 3
2024-10-14 16:45:13.608976 Foxtrot: Quebec, sending you 5
2024-10-14 16:45:13.610688 Bravo: Quebec, sending you 1
2024-10-14 16:45:13.611897 Tango: We should drop Echo
ChatterBot Victor reevaluating
2024-10-14 16:45:13.627894 Victor: Yes
2024-10-14 16:45:13.628062 Foxtrot: Yes
2024-10-14 16:45:13.628171 Bravo: Yes
2024-10-14 16:45:13.628274 Papa: Yes
2024-10-14 16:45:13.628379 Quebec: Yes
ChatterBot Tango reevaluating
ChatterBot Quebec reevaluating
ChatterBot Victor reevaluating
ChatterBot Tango reevaluating
ChatterBot Quebec reevaluating
ChatterBot Victor reevaluating
ChatterBot Tango reevaluating
ChatterBot Quebec reevaluating
ChatterBot Victor reevaluating
ChatterBot Tango reevaluating
ChatterBot Quebec reevaluating
ChatterBot Victor reevaluating
ChatterBot Tango reevaluating
2024-10-14 16:45:13.714797 Lima: November, sending you 1
2024-10-14 16:45:13.715325 Papa: Foxtrot, sending you 3
2024-10-14 16:45:13.717808 Quebec: November we want you to join our group
2024-10-14 16:45:13.722302 November: No
ChatterBot Quebec reevaluating
ChatterBot Tango reevaluating
ChatterBot Victor reevaluating
2024-10-14 16:45:13.819881 Lima: Zulu, sending you 6
2024-10-14 16:45:13.820899 November: Echo, sending you 4
2024-10-14 16:45:13.821954 Papa: Tango and Quebec, sending you 2
2024-10-14 16:45:13.823337 Zulu: Echo and November, sending you 1
chatterbot Bravo submitting transactions
2024-10-14 16:45:13.825040 November: Zulu, sending you 2
2024-10-14 16:45:13.825974 Papa: Bravo, sending you 1
2024-10-14 16:45:13.830643 Victor: November we want you to join our group
2024-10-14 16:45:13.835029 November: No
ChatterBot Quebec reevaluating
ChatterBot Tango reevaluating
ChatterBot Victor reevaluating
2024-10-14 16:45:13.858073 Zulu: Lima, sending you 10
chatterbot Papa submitting transactions
2024-10-14 16:45:14.088934 Quebec: Foxtrot, sending you 4
2024-10-14 16:45:14.089997 Victor: Foxtrot, sending you 1
2024-10-14 16:45:14.138446 Quebec: Tango, Victor, Bravo and Papa, sending you 1
2024-10-14 16:45:14.139430 Victor: Tango, sending you 2
2024-10-14 16:45:14.139966 Tango: Foxtrot, sending you 3
2024-10-14 16:45:14.214940 Tango: Victor, Bravo and Papa, sending you 2
2024-10-14 16:45:14.352810 Tango: Quebec, sending you 1
chatterbot Foxtrot submitting transactions
chatterbot Tango submitting transactions
chatterbot Lima submitting transactions
chatterbot Echo submitting transactions
chatterbot Victor submitting transactions
chatterbot November submitting transactions
chatterbot Zulu submitting transactions
chatterbot Quebec submitting transactions
ChatterBot Foxtrot round 4
ChatterBot Tango round 4
ChatterBot Victor round 4
ChatterBot Quebec round 4
ChatterBot Bravo round 4
ChatterBot Papa round 4
ChatterBot Echo round 4
ChatterBot November round 4
ChatterBot Lima round 4
2024-10-14 16:45:15.028363 Echo: We should add Papa
2024-10-14 16:45:15.044662 November: No
2024-10-14 16:45:15.044860 Lima: No
2024-10-14 16:45:15.045007 Zulu: No
ChatterBot Echo reevaluating
ChatterBot Lima reevaluating
ChatterBot Echo reevaluating
ChatterBot Echo reevaluating
ChatterBot Lima reevaluating
ChatterBot Zulu round 4
2024-10-14 16:45:15.108075 Echo: We should add Bravo
ChatterBot Lima reevaluating
2024-10-14 16:45:15.119346 November: No
2024-10-14 16:45:15.119547 Lima: No
2024-10-14 16:45:15.119691 Zulu: No
ChatterBot Echo reevaluating
ChatterBot Lima reevaluating
ChatterBot Echo reevaluating
ChatterBot Echo reevaluating
ChatterBot Lima reevaluating
2024-10-14 16:45:15.157855 Lima: We should drop November
ChatterBot Zulu reevaluating
ChatterBot Echo reevaluating
2024-10-14 16:45:15.166736 Zulu: Yes
2024-10-14 16:45:15.166880 Echo: No
ChatterBot Lima reevaluating
ChatterBot Echo reevaluating
ChatterBot Lima reevaluating
ChatterBot Zulu reevaluating
2024-10-14 16:45:15.185978 Echo: We should add Quebec
ChatterBot November reevaluating
ChatterBot Lima reevaluating
ChatterBot Zulu reevaluating
2024-10-14 16:45:15.199157 November: No
2024-10-14 16:45:15.199279 Lima: No
2024-10-14 16:45:15.199370 Zulu: No
ChatterBot Echo reevaluating
ChatterBot Lima reevaluating
ChatterBot Zulu reevaluating
ChatterBot Echo reevaluating
ChatterBot November reevaluating
ChatterBot Zulu reevaluating
ChatterBot Echo reevaluating
ChatterBot November reevaluating
ChatterBot Lima reevaluating
2024-10-14 16:45:15.233109 Foxtrot: Tango, Bravo and Papa, sending you 4
2024-10-14 16:45:15.233526 Papa: Foxtrot, sending you 3
2024-10-14 16:45:15.235670 Foxtrot: Quebec, sending you 5
2024-10-14 16:45:15.236683 Victor: Foxtrot, Tango and Quebec, sending you 1
2024-10-14 16:45:15.237934 Tango: Foxtrot, sending you 3
2024-10-14 16:45:15.238417 Quebec: Foxtrot, sending you 3
2024-10-14 16:45:15.239563 Papa: Tango and Bravo, sending you 2
2024-10-14 16:45:15.240069 Bravo: Foxtrot, Tango and Papa, sending you 2
2024-10-14 16:45:15.241682 Tango: Victor, Bravo and Papa, sending you 2
2024-10-14 16:45:15.242665 Papa: Quebec, sending you 1
2024-10-14 16:45:15.243667 Quebec: Tango, Victor and Bravo, sending you 1
2024-10-14 16:45:15.245013 Bravo: Quebec, sending you 1
2024-10-14 16:45:15.245437 Tango: Quebec, sending you 1
2024-10-14 16:45:15.247662 Quebec: Papa, sending you 2
2024-10-14 16:45:15.249658 November: Echo, sending you 3
2024-10-14 16:45:15.253701 November: Lima, sending you 1
2024-10-14 16:45:15.257678 November: Zulu, sending you 2
2024-10-14 16:45:15.262097 Zulu: Echo and November, sending you 2
2024-10-14 16:45:15.265892 Zulu: Lima, sending you 8
2024-10-14 16:45:15.268703 Lima: Echo, sending you 4
2024-10-14 16:45:15.272667 Lima: Zulu, sending you 6
chatterbot Tango submitting transactions
chatterbot Papa submitting transactions
chatterbot November submitting transactions
chatterbot Victor submitting transactions
chatterbot Echo submitting transactions
chatterbot Quebec submitting transactions
chatterbot Lima submitting transactions
chatterbot Bravo submitting transactions
chatterbot Zulu submitting transactions
chatterbot Foxtrot submitting transactions
ChatterBot Foxtrot round 5
ChatterBot Tango round 5
ChatterBot Victor round 5
ChatterBot Quebec round 5
ChatterBot Bravo round 5
ChatterBot Papa round 5
ChatterBot Echo round 5
ChatterBot November round 5
ChatterBot Lima round 5
ChatterBot Zulu round 5
2024-10-14 16:45:16.315080 Echo: We should add Victor
ChatterBot Lima reevaluating
2024-10-14 16:45:16.324164 November: Yes
2024-10-14 16:45:16.324362 Lima: No
2024-10-14 16:45:16.324494 Zulu: No
ChatterBot Lima reevaluating
ChatterBot Zulu reevaluating
ChatterBot Zulu reevaluating
ChatterBot November reevaluating
ChatterBot Lima reevaluating
2024-10-14 16:45:16.360493 Echo: Victor we want you to join our group
2024-10-14 16:45:16.364335 Victor: No
ChatterBot November reevaluating
ChatterBot Lima reevaluating
ChatterBot Zulu reevaluating
2024-10-14 16:45:16.401924 Papa: Foxtrot, sending you 3
2024-10-14 16:45:16.402289 Tango: Foxtrot, sending you 3
2024-10-14 16:45:16.403256 Victor: Tango, sending you 2
2024-10-14 16:45:16.403788 Bravo: Foxtrot, Tango and Papa, sending you 2
2024-10-14 16:45:16.404086 Quebec: Foxtrot, sending you 4
2024-10-14 16:45:16.404997 Foxtrot: Tango, Bravo and Papa, sending you 4
2024-10-14 16:45:16.409220 Papa: Tango and Bravo, sending you 2
2024-10-14 16:45:16.410256 Victor: Quebec, sending you 1
2024-10-14 16:45:16.411030 Tango: Victor, Bravo and Papa, sending you 2
2024-10-14 16:45:16.412153 Bravo: Quebec, sending you 1
2024-10-14 16:45:16.412602 Quebec: Tango, Victor, Bravo and Papa, sending you 1
2024-10-14 16:45:16.413700 Foxtrot: Quebec, sending you 5
2024-10-14 16:45:16.414238 Echo: November, sending you 4
2024-10-14 16:45:16.415075 Papa: Quebec, sending you 1
2024-10-14 16:45:16.430193 Tango: Quebec, sending you 1
2024-10-14 16:45:16.431460 Echo: Lima, sending you 3
2024-10-14 16:45:16.431870 Lima: Echo, sending you 3
2024-10-14 16:45:16.432705 November: Echo, sending you 3
2024-10-14 16:45:16.442064 Zulu: Echo and November, sending you 2
2024-10-14 16:45:16.443222 Echo: Zulu, sending you 2
2024-10-14 16:45:16.443869 Lima: November, sending you 1
2024-10-14 16:45:16.444933 November: Lima, sending you 1
2024-10-14 16:45:16.456462 Zulu: Lima, sending you 8
2024-10-14 16:45:16.457462 Lima: Zulu, sending you 6
2024-10-14 16:45:16.457975 November: Zulu, sending you 2
chatterbot Quebec submitting transactions
chatterbot November submitting transactions
chatterbot Tango submitting transactions
chatterbot Victor submitting transactions
chatterbot Echo submitting transactions
chatterbot Papa submitting transactions
chatterbot Bravo submitting transactions
chatterbot Lima submitting transactions
chatterbot Foxtrot submitting transactions
chatterbot Zulu submitting transactions
ChatterBot Foxtrot round 6
ChatterBot Tango round 6
ChatterBot Victor round 6
ChatterBot Quebec round 6
2024-10-14 16:45:17.648226 Tango: We should add November
2024-10-14 16:45:17.675079 Victor: No
2024-10-14 16:45:17.675806 Foxtrot: No
2024-10-14 16:45:17.676062 Bravo: No
2024-10-14 16:45:17.676277 Papa: No
2024-10-14 16:45:17.676482 Quebec: No
ChatterBot Tango reevaluating
ChatterBot Tango reevaluating
ChatterBot Tango reevaluating
ChatterBot Tango reevaluating
ChatterBot Victor reevaluating
ChatterBot Tango reevaluating
ChatterBot Bravo round 6
ChatterBot Papa round 6
ChatterBot Echo round 6
ChatterBot November round 6
ChatterBot Lima round 6
ChatterBot Zulu round 6
2024-10-14 16:45:18.001679 Foxtrot: Tango, Bravo and Papa, sending you 4
2024-10-14 16:45:18.059190 Victor: Tango, sending you 2
2024-10-14 16:45:18.060777 Bravo: Foxtrot, Tango and Papa, sending you 2
2024-10-14 16:45:18.061371 Tango: Foxtrot, sending you 3
2024-10-14 16:45:18.062358 Foxtrot: Quebec, sending you 5
2024-10-14 16:45:18.062802 Papa: Foxtrot, sending you 3
2024-10-14 16:45:18.063268 Quebec: Foxtrot, sending you 4
2024-10-14 16:45:18.064236 November: Echo, sending you 3
chatterbot Foxtrot submitting transactions
2024-10-14 16:45:18.064993 Bravo: Quebec, sending you 1
2024-10-14 16:45:18.083319 Victor: Quebec, sending you 1
2024-10-14 16:45:18.084535 Tango: Victor, Bravo and Papa, sending you 2
2024-10-14 16:45:18.085054 Papa: Tango and Bravo, sending you 2
2024-10-14 16:45:18.085382 Quebec: Tango, Victor, Bravo and Papa, sending you 1
2024-10-14 16:45:18.086395 November: Lima, sending you 1
2024-10-14 16:45:18.086907 Lima: Echo, sending you 3
2024-10-14 16:45:18.087773 Echo: November, sending you 3
2024-10-14 16:45:18.088251 Zulu: Echo, sending you 3
2024-10-14 16:45:18.099417 Tango: Quebec, sending you 1
2024-10-14 16:45:18.100476 Papa: Quebec, sending you 1
2024-10-14 16:45:18.100802 November: Zulu, sending you 2
2024-10-14 16:45:18.101166 Lima: November, sending you 2
2024-10-14 16:45:18.101870 Echo: Lima, sending you 4
2024-10-14 16:45:18.102112 Zulu: November, sending you 2
2024-10-14 16:45:18.120168 Lima: Zulu, sending you 5
2024-10-14 16:45:18.120848 Zulu: Lima, sending you 7
2024-10-14 16:45:18.121680 Echo: Zulu, sending you 2
chatterbot Bravo submitting transactions
chatterbot Zulu submitting transactions
chatterbot Lima submitting transactions
chatterbot Tango submitting transactions
chatterbot Victor submitting transactions
chatterbot Echo submitting transactions
chatterbot Papa submitting transactions
chatterbot Quebec submitting transactions
chatterbot November submitting transactions
ChatterBot Foxtrot round 7
ChatterBot Tango round 7
ChatterBot Victor round 7
ChatterBot Quebec round 7
ChatterBot Bravo round 7
ChatterBot Papa round 7
ChatterBot Echo round 7
ChatterBot November round 7
ChatterBot Lima round 7
ChatterBot Zulu round 7
2024-10-14 16:45:19.192098 Bravo: Foxtrot, Tango and Papa, sending you 2
2024-10-14 16:45:19.196471 Quebec: Foxtrot, sending you 4
2024-10-14 16:45:19.198742 Lima: Echo, sending you 3
2024-10-14 16:45:19.199873 Foxtrot: Tango, Bravo and Papa, sending you 4
2024-10-14 16:45:19.201657 Victor: Tango, sending you 2
2024-10-14 16:45:19.203877 Tango: Foxtrot, sending you 3
2024-10-14 16:45:19.205409 Bravo: Quebec, sending you 1
2024-10-14 16:45:19.206979 Echo: November, sending you 3
2024-10-14 16:45:19.207836 Quebec: Tango, Victor, Bravo and Papa, sending you 1
2024-10-14 16:45:19.209811 November: Echo, sending you 3
2024-10-14 16:45:19.210884 Lima: November, sending you 2
2024-10-14 16:45:19.212450 Foxtrot: Quebec, sending you 5
2024-10-14 16:45:19.213337 Victor: Quebec, sending you 1
2024-10-14 16:45:19.215731 Papa: Foxtrot, sending you 3
2024-10-14 16:45:19.216333 Tango: Victor, Bravo and Papa, sending you 2
2024-10-14 16:45:19.217501 Echo: Lima, sending you 4
2024-10-14 16:45:19.218858 November: Lima, sending you 1
2024-10-14 16:45:19.219670 Zulu: Echo, sending you 3
2024-10-14 16:45:19.221135 Lima: Zulu, sending you 5
2024-10-14 16:45:19.222010 Papa: Tango and Bravo, sending you 2
2024-10-14 16:45:19.223553 Tango: Quebec, sending you 1
2024-10-14 16:45:19.224747 November: Zulu, sending you 2
2024-10-14 16:45:19.225840 Echo: Zulu, sending you 2
2024-10-14 16:45:19.226556 Zulu: November, sending you 2
2024-10-14 16:45:19.227291 Papa: Quebec, sending you 1
2024-10-14 16:45:19.230124 Zulu: Lima, sending you 7
chatterbot Papa submitting transactions
chatterbot Tango submitting transactions
chatterbot Victor submitting transactions
chatterbot Echo submitting transactions
chatterbot Bravo submitting transactions
chatterbot November submitting transactions
chatterbot Foxtrot submitting transactions
chatterbot Zulu submitting transactions
chatterbot Quebec submitting transactions
chatterbot Lima submitting transactions
ChatterBot Foxtrot round 8
ChatterBot Tango round 8
ChatterBot Victor round 8
ChatterBot Quebec round 8
ChatterBot Bravo round 8
ChatterBot Papa round 8
ChatterBot Echo round 8
ChatterBot November round 8
ChatterBot Lima round 8
ChatterBot Zulu round 8
2024-10-14 16:45:20.272526 Quebec: Foxtrot, sending you 4
2024-10-14 16:45:20.298223 Foxtrot: Tango, Bravo and Papa, sending you 4
2024-10-14 16:45:20.298707 Bravo: Foxtrot, Tango and Papa, sending you 2
2024-10-14 16:45:20.299891 Echo: November, sending you 3
2024-10-14 16:45:20.300299 Lima: Echo, sending you 3
2024-10-14 16:45:20.300650 Papa: Foxtrot, sending you 3
2024-10-14 16:45:20.300978 November: Echo, sending you 3
2024-10-14 16:45:20.301971 Quebec: Tango, Victor, Bravo and Papa, sending you 1
2024-10-14 16:45:20.302557 Victor: Tango, sending you 2
2024-10-14 16:45:20.303853 Zulu: Echo, sending you 3
2024-10-14 16:45:20.304168 Tango: Foxtrot, sending you 3
2024-10-14 16:45:20.304657 Foxtrot: Quebec, sending you 5
2024-10-14 16:45:20.305020 Echo: Lima, sending you 4
2024-10-14 16:45:20.305927 Bravo: Quebec, sending you 1
2024-10-14 16:45:20.306309 Papa: Tango and Bravo, sending you 2
2024-10-14 16:45:20.306674 November: Lima, sending you 1
2024-10-14 16:45:20.307046 Lima: November, sending you 2
2024-10-14 16:45:20.308449 Victor: Quebec, sending you 1
2024-10-14 16:45:20.308967 Echo: Zulu, sending you 2
2024-10-14 16:45:20.309256 Zulu: November, sending you 2
2024-10-14 16:45:20.309530 Tango: Victor, Bravo and Papa, sending you 2
2024-10-14 16:45:20.310572 November: Zulu, sending you 2
2024-10-14 16:45:20.310877 Papa: Quebec, sending you 1
2024-10-14 16:45:20.339486 Lima: Zulu, sending you 5
2024-10-14 16:45:20.340117 Zulu: Lima, sending you 7
2024-10-14 16:45:20.340991 Tango: Quebec, sending you 1
chatterbot Foxtrot submitting transactions
chatterbot November submitting transactions
chatterbot Quebec submitting transactions
chatterbot Echo submitting transactions
chatterbot Tango submitting transactions
chatterbot Victor submitting transactions
chatterbot Papa submitting transactions
chatterbot Lima submitting transactions
chatterbot Zulu submitting transactions
chatterbot Bravo submitting transactions
ChatterBot Foxtrot round 9
ChatterBot Tango round 9
ChatterBot Victor round 9
ChatterBot Quebec round 9
ChatterBot Bravo round 9
ChatterBot Papa round 9
ChatterBot Echo round 9
ChatterBot November round 9
ChatterBot Lima round 9
ChatterBot Zulu round 9
2024-10-14 16:45:21.460670 Bravo: Foxtrot, Tango and Papa, sending you 2
2024-10-14 16:45:21.463667 Bravo: Quebec, sending you 1
2024-10-14 16:45:21.464680 Foxtrot: Tango, Bravo and Papa, sending you 4
2024-10-14 16:45:21.466664 Quebec: Foxtrot, sending you 4
2024-10-14 16:45:21.468899 Victor: Tango, sending you 2
2024-10-14 16:45:21.469751 Foxtrot: Quebec, sending you 5
2024-10-14 16:45:21.470654 Echo: November, sending you 3
2024-10-14 16:45:21.472208 Quebec: Tango, Victor, Bravo and Papa, sending you 1
2024-10-14 16:45:21.473485 Lima: Echo, sending you 3
2024-10-14 16:45:21.473955 November: Echo, sending you 3
2024-10-14 16:45:21.474350 Zulu: Echo and November, sending you 3
2024-10-14 16:45:21.474712 Victor: Quebec, sending you 1
2024-10-14 16:45:21.475828 Echo: Lima, sending you 4
2024-10-14 16:45:21.476658 Papa: Foxtrot, sending you 3
2024-10-14 16:45:21.477651 Lima: November, sending you 2
2024-10-14 16:45:21.478649 November: Lima, sending you 1
2024-10-14 16:45:21.479050 Zulu: Lima, sending you 6
2024-10-14 16:45:21.479678 Tango: Foxtrot, sending you 3
2024-10-14 16:45:21.480294 Papa: Tango and Bravo, sending you 2
2024-10-14 16:45:21.481663 Echo: Zulu, sending you 2
2024-10-14 16:45:21.482013 Lima: Zulu, sending you 5
2024-10-14 16:45:21.482656 Tango: Victor, Bravo and Papa, sending you 2
2024-10-14 16:45:21.483680 November: Zulu, sending you 2
2024-10-14 16:45:21.484688 Papa: Quebec, sending you 1
2024-10-14 16:45:21.485684 Tango: Quebec, sending you 1
chatterbot November submitting transactions
chatterbot Echo submitting transactions
chatterbot Foxtrot submitting transactions
chatterbot Lima submitting transactions
chatterbot Zulu submitting transactions
chatterbot Victor submitting transactions
chatterbot Bravo submitting transactions
chatterbot Papa submitting transactions
chatterbot Tango submitting transactions
chatterbot Quebec submitting transactions
ChatterBot Foxtrot round 10
ChatterBot Tango round 10
ChatterBot Victor round 10
ChatterBot Quebec round 10
ChatterBot Bravo round 10
ChatterBot Papa round 10
ChatterBot Echo round 10
ChatterBot November round 10
ChatterBot Lima round 10
ChatterBot Zulu round 10
2024-10-14 16:45:22.932762 Echo: November, sending you 3
2024-10-14 16:45:22.934283 November: Echo, sending you 3
2024-10-14 16:45:22.935095 Quebec: Foxtrot, sending you 4
2024-10-14 16:45:22.937543 Tango: Foxtrot, sending you 3
2024-10-14 16:45:22.939165 Victor: Tango, sending you 2
2024-10-14 16:45:22.940578 Bravo: Foxtrot, Tango and Papa, sending you 2
2024-10-14 16:45:22.942018 Foxtrot: Tango, Bravo and Papa, sending you 4
2024-10-14 16:45:22.943573 Papa: Foxtrot, sending you 3
2024-10-14 16:45:22.945141 Echo: Lima, sending you 4
2024-10-14 16:45:22.946478 November: Lima, sending you 1
2024-10-14 16:45:22.947439 Quebec: Tango, Victor, Bravo and Papa, sending you 1
2024-10-14 16:45:22.949858 Tango: Victor, Bravo and Papa, sending you 2
2024-10-14 16:45:22.951906 Victor: Quebec, sending you 1
2024-10-14 16:45:22.953652 Bravo: Quebec, sending you 1
2024-10-14 16:45:22.954795 Foxtrot: Quebec, sending you 5
2024-10-14 16:45:22.956373 Zulu: Echo and November, sending you 3
2024-10-14 16:45:22.957869 Papa: Tango and Bravo, sending you 2
2024-10-14 16:45:22.959313 Lima: Echo, sending you 3
2024-10-14 16:45:22.960021 Echo: Zulu, sending you 2
2024-10-14 16:45:22.961371 November: Zulu, sending you 2
2024-10-14 16:45:22.962142 Tango: Quebec, sending you 1
2024-10-14 16:45:22.963983 Zulu: Lima, sending you 6
2024-10-14 16:45:22.965172 Lima: November, sending you 2
2024-10-14 16:45:22.965694 Papa: Quebec, sending you 1
2024-10-14 16:45:22.971405 Lima: Zulu, sending you 5
chatterbot Bravo submitting transactions
chatterbot Quebec submitting transactions
chatterbot Papa submitting transactions
chatterbot Echo submitting transactions
chatterbot Tango submitting transactions
chatterbot Lima submitting transactions
chatterbot Foxtrot submitting transactions
chatterbot Zulu submitting transactions
chatterbot November submitting transactions
chatterbot Victor submitting transactions
ChatterBot Foxtrot round 11
ChatterBot Tango round 11
ChatterBot Victor round 11
ChatterBot Quebec round 11
ChatterBot Bravo round 11
ChatterBot Papa round 11
ChatterBot Echo round 11
ChatterBot November round 11
ChatterBot Lima round 11
ChatterBot Zulu round 11
2024-10-14 16:45:24.280747 Victor: Tango, sending you 2
2024-10-14 16:45:24.283299 Papa: Foxtrot, sending you 3
2024-10-14 16:45:24.284346 Quebec: Foxtrot, sending you 4
2024-10-14 16:45:24.286850 November: Echo, Lima and Zulu, sending you 2
2024-10-14 16:45:24.289203 Foxtrot: Tango, Bravo and Papa, sending you 4
2024-10-14 16:45:24.289917 Lima: Echo, sending you 3
2024-10-14 16:45:24.292643 Echo: November, sending you 3
2024-10-14 16:45:24.294874 Bravo: Foxtrot, Tango and Papa, sending you 2
2024-10-14 16:45:24.297941 Tango: Foxtrot, sending you 3
2024-10-14 16:45:24.300316 Victor: Quebec, sending you 1
2024-10-14 16:45:24.303056 Papa: Tango and Bravo, sending you 2
2024-10-14 16:45:24.304869 Quebec: Tango, Victor, Bravo and Papa, sending you 1
2024-10-14 16:45:24.307673 Foxtrot: Quebec, sending you 5
2024-10-14 16:45:24.309781 Lima: November, sending you 2
2024-10-14 16:45:24.311487 Echo: Lima, sending you 4
2024-10-14 16:45:24.312994 Bravo: Quebec, sending you 1
2024-10-14 16:45:24.315052 Tango: Victor, Bravo and Papa, sending you 2
2024-10-14 16:45:24.317472 Papa: Quebec, sending you 1
2024-10-14 16:45:24.318849 Zulu: Echo and November, sending you 3
2024-10-14 16:45:24.319965 Lima: Zulu, sending you 5
2024-10-14 16:45:24.321516 Echo: Zulu, sending you 2
2024-10-14 16:45:24.322967 Tango: Quebec, sending you 1
2024-10-14 16:45:24.325651 Zulu: Lima, sending you 6
chatterbot Victor submitting transactions
chatterbot Zulu submitting transactions
chatterbot Foxtrot submitting transactions
chatterbot Bravo submitting transactions
chatterbot Echo submitting transactions
chatterbot Quebec submitting transactions
chatterbot Lima submitting transactions
chatterbot November submitting transactions
chatterbot Tango submitting transactions
chatterbot Papa submitting transactions
ChatterBot Foxtrot round 12
ChatterBot Tango round 12
ChatterBot Victor round 12
ChatterBot Quebec round 12
ChatterBot Bravo round 12
ChatterBot Papa round 12
ChatterBot Echo round 12
ChatterBot November round 12
ChatterBot Lima round 12
ChatterBot Zulu round 12
2024-10-14 16:45:25.568681 Tango: Foxtrot, sending you 3
2024-10-14 16:45:25.570883 Quebec: Foxtrot, sending you 4
2024-10-14 16:45:25.573166 Bravo: Foxtrot, Tango and Papa, sending you 2
2024-10-14 16:45:25.574520 Echo: November, Lima and Zulu, sending you 3
2024-10-14 16:45:25.576245 Papa: Foxtrot, sending you 3
2024-10-14 16:45:25.577817 Victor: Tango, sending you 2
2024-10-14 16:45:25.580120 Tango: Victor, Bravo and Papa, sending you 2
2024-10-14 16:45:25.582866 Quebec: Tango, Victor, Bravo and Papa, sending you 1
2024-10-14 16:45:25.584825 Bravo: Quebec, sending you 1
2024-10-14 16:45:25.585756 Zulu: Echo and November, sending you 3
2024-10-14 16:45:25.587137 Lima: Echo, sending you 3
2024-10-14 16:45:25.588808 Papa: Tango and Bravo, sending you 2
2024-10-14 16:45:25.589792 Victor: Quebec, sending you 1
2024-10-14 16:45:25.598513 Tango: Quebec, sending you 1
2024-10-14 16:45:25.609488 Foxtrot: Tango, Bravo and Papa, sending you 4
2024-10-14 16:45:25.611648 November: Echo, Lima and Zulu, sending you 2
2024-10-14 16:45:25.613704 Zulu: Lima, sending you 6
2024-10-14 16:45:25.615772 Papa: Quebec, sending you 1
2024-10-14 16:45:25.618715 Lima: November, sending you 2
2024-10-14 16:45:25.620996 Foxtrot: Quebec, sending you 5
2024-10-14 16:45:25.625309 Lima: Zulu, sending you 5
chatterbot Quebec submitting transactions
chatterbot November submitting transactions
chatterbot Bravo submitting transactions
chatterbot Zulu submitting transactions
chatterbot Papa submitting transactions
chatterbot Foxtrot submitting transactions
chatterbot Victor submitting transactions
chatterbot Tango submitting transactions
chatterbot Echo submitting transactions
chatterbot Lima submitting transactions
ChatterBot Foxtrot round 13
ChatterBot Tango round 13
ChatterBot Victor round 13
ChatterBot Quebec round 13
ChatterBot Bravo round 13
ChatterBot Papa round 13
ChatterBot Echo round 13
ChatterBot November round 13
ChatterBot Lima round 13
ChatterBot Zulu round 13
2024-10-14 16:45:26.800142 Quebec: Foxtrot, sending you 4
2024-10-14 16:45:26.802297 Papa: Foxtrot, sending you 3
2024-10-14 16:45:26.803904 Victor: Tango, sending you 2
2024-10-14 16:45:26.805667 Echo: November, Lima and Zulu, sending you 3
2024-10-14 16:45:26.806561 Foxtrot: Tango, Bravo and Papa, sending you 4
2024-10-14 16:45:26.808257 Tango: Foxtrot, sending you 3
2024-10-14 16:45:26.809952 November: Echo, Lima and Zulu, sending you 2
2024-10-14 16:45:26.810492 Quebec: Tango, Victor, Bravo and Papa, sending you 1
2024-10-14 16:45:26.811262 Papa: Tango and Bravo, sending you 2
2024-10-14 16:45:26.813277 Victor: Quebec, sending you 1
2024-10-14 16:45:26.814783 Foxtrot: Quebec, sending you 5
2024-10-14 16:45:26.815840 Tango: Victor, Bravo and Papa, sending you 2
2024-10-14 16:45:26.816503 Lima: Echo, sending you 3
2024-10-14 16:45:26.816995 Bravo: Foxtrot, Tango and Papa, sending you 2
2024-10-14 16:45:26.818259 Zulu: Echo and November, sending you 3
2024-10-14 16:45:26.818904 Papa: Quebec, sending you 1
2024-10-14 16:45:26.861673 Tango: Quebec, sending you 1
2024-10-14 16:45:26.863926 Lima: November, sending you 2
2024-10-14 16:45:26.864571 Bravo: Quebec, sending you 1
2024-10-14 16:45:26.866062 Zulu: Lima, sending you 6
2024-10-14 16:45:26.920008 Lima: Zulu, sending you 5
chatterbot November submitting transactions
chatterbot Victor submitting transactions
chatterbot Echo submitting transactions
chatterbot Bravo submitting transactions
chatterbot Tango submitting transactions
chatterbot Zulu submitting transactions
chatterbot Foxtrot submitting transactions
chatterbot Papa submitting transactions
chatterbot Quebec submitting transactions
chatterbot Lima submitting transactions
ChatterBot Foxtrot round 14
ChatterBot Tango round 14
ChatterBot Victor round 14
ChatterBot Quebec round 14
ChatterBot Bravo round 14
ChatterBot Papa round 14
ChatterBot Echo round 14
ChatterBot November round 14
ChatterBot Lima round 14
2024-10-14 16:45:28.094721 Tango: We should add Lima
ChatterBot Victor reevaluating
2024-10-14 16:45:28.118791 Victor: No
2024-10-14 16:45:28.119103 Foxtrot: No
2024-10-14 16:45:28.119375 Bravo: No
2024-10-14 16:45:28.119557 Papa: No
2024-10-14 16:45:28.119756 Quebec: No
ChatterBot Tango reevaluating
ChatterBot Victor reevaluating
ChatterBot Tango reevaluating
ChatterBot Victor reevaluating
ChatterBot Tango reevaluating
ChatterBot Victor reevaluating
ChatterBot Tango reevaluating
ChatterBot Victor reevaluating
ChatterBot Tango reevaluating
ChatterBot Zulu round 14
2024-10-14 16:45:28.242195 Foxtrot: Tango, Bravo and Papa, sending you 4
2024-10-14 16:45:28.244209 Echo: November, Lima and Zulu, sending you 3
2024-10-14 16:45:28.256123 Foxtrot: Quebec, sending you 5
2024-10-14 16:45:28.258115 November: Echo, Lima and Zulu, sending you 2
2024-10-14 16:45:28.259778 Victor: Tango, sending you 2
2024-10-14 16:45:28.261927 Quebec: Foxtrot, sending you 4
2024-10-14 16:45:28.269328 Lima: Echo, sending you 3
2024-10-14 16:45:28.270569 Victor: Quebec, sending you 1
2024-10-14 16:45:28.273404 Bravo: Foxtrot, Tango and Papa, sending you 2
2024-10-14 16:45:28.275603 Tango: Foxtrot, sending you 3
2024-10-14 16:45:28.278349 Papa: Foxtrot, sending you 3
2024-10-14 16:45:28.280658 Zulu: Echo and November, sending you 3
2024-10-14 16:45:28.282340 Quebec: Tango, Victor, Bravo and Papa, sending you 1
2024-10-14 16:45:28.285416 Lima: November, sending you 2
2024-10-14 16:45:28.286796 Bravo: Quebec, sending you 1
2024-10-14 16:45:28.289278 Tango: Victor, Bravo and Papa, sending you 2
2024-10-14 16:45:28.292302 Papa: Tango and Bravo, sending you 2
2024-10-14 16:45:28.294809 Zulu: Lima, sending you 6
2024-10-14 16:45:28.296687 Lima: Zulu, sending you 5
2024-10-14 16:45:28.298075 Tango: Quebec, sending you 1
