ChatterBot Golf round 1
ChatterBot Yankee round 1
ChatterBot Bravo round 1
ChatterBot Quebec round 1
ChatterBot Tango round 1
ChatterBot Oscar round 1
ChatterBot Mike round 1
ChatterBot Whiskey round 1
ChatterBot Echo round 1
ChatterBot Lima round 1
randomSelections Quebec: {Quebec, Mike, Tango, Echo, Lima, Bravo, Golf} 
2024-10-14 21:20:34.561634 Quebec: Group up?
ChatterBot Mike reevaluating
ChatterBot Tango reevaluating
ChatterBot Echo reevaluating
ChatterBot Lima reevaluating
ChatterBot Bravo reevaluating
ChatterBot Golf reevaluating
2024-10-14 21:20:34.590261 Mike: Yes
2024-10-14 21:20:34.590432 Tango: Yes
2024-10-14 21:20:34.590563 Echo: Yes
2024-10-14 21:20:34.590696 Lima: Yes
2024-10-14 21:20:34.590829 Bravo: Yes
2024-10-14 21:20:34.590961 Golf: Yes
ChatterBot Tango reevaluating
ChatterBot Echo reevaluating
ChatterBot Lima reevaluating
ChatterBot Bravo reevaluating
ChatterBot Golf reevaluating
ChatterBot Mike reevaluating
ChatterBot Echo reevaluating
ChatterBot Lima reevaluating
ChatterBot Bravo reevaluating
ChatterBot Golf reevaluating
ChatterBot Mike reevaluating
ChatterBot Tango reevaluating
ChatterBot Lima reevaluating
ChatterBot Bravo reevaluating
ChatterBot Golf reevaluating
ChatterBot Mike reevaluating
ChatterBot Tango reevaluating
ChatterBot Echo reevaluating
ChatterBot Bravo reevaluating
ChatterBot Golf reevaluating
ChatterBot Mike reevaluating
ChatterBot Tango reevaluating
ChatterBot Echo reevaluating
ChatterBot Lima reevaluating
ChatterBot Golf reevaluating
ChatterBot Mike reevaluating
ChatterBot Tango reevaluating
ChatterBot Echo reevaluating
ChatterBot Lima reevaluating
ChatterBot Bravo reevaluating
randomSelections Yankee: {Yankee, Oscar, Lima, Whiskey, Tango, Bravo, Quebec} 
2024-10-14 21:20:34.747727 Yankee: Friends?
ChatterBot Oscar reevaluating
ChatterBot Lima reevaluating
ChatterBot Whiskey reevaluating
ChatterBot Tango reevaluating
ChatterBot Bravo reevaluating
2024-10-14 21:20:34.756828 Oscar: Yes
2024-10-14 21:20:34.756988 Lima: No
2024-10-14 21:20:34.757189 Whiskey: Yes
2024-10-14 21:20:34.757306 Tango: No
2024-10-14 21:20:34.757481 Bravo: No
2024-10-14 21:20:34.758134 Quebec: No
ChatterBot Lima reevaluating
ChatterBot Whiskey reevaluating
ChatterBot Tango reevaluating
ChatterBot Bravo reevaluating
ChatterBot Oscar reevaluating
ChatterBot Whiskey reevaluating
ChatterBot Tango reevaluating
ChatterBot Bravo reevaluating
ChatterBot Oscar reevaluating
ChatterBot Lima reevaluating
ChatterBot Tango reevaluating
ChatterBot Bravo reevaluating
ChatterBot Oscar reevaluating
ChatterBot Lima reevaluating
ChatterBot Whiskey reevaluating
ChatterBot Bravo reevaluating
ChatterBot Oscar reevaluating
ChatterBot Lima reevaluating
ChatterBot Whiskey reevaluating
ChatterBot Tango reevaluating
ChatterBot Oscar reevaluating
ChatterBot Lima reevaluating
ChatterBot Whiskey reevaluating
ChatterBot Tango reevaluating
ChatterBot Bravo reevaluating
2024-10-14 21:20:34.830163 Quebec: Golf, sending you 3
2024-10-14 21:20:34.834276 Bravo: Golf, sending you 3
2024-10-14 21:20:34.835742 Whiskey: Yankee, Bravo and Lima, sending you 2
2024-10-14 21:20:34.836353 Quebec: Bravo, Tango and Mike, sending you 2
2024-10-14 21:20:34.838960 Mike: Golf and Tango, sending you 2
2024-10-14 21:20:34.840234 Bravo: Quebec, sending you 5
2024-10-14 21:20:34.840667 Yankee: Bravo and Quebec, sending you 2
2024-10-14 21:20:34.841943 Golf: Bravo and Lima, sending you 4
2024-10-14 21:20:34.842768 Oscar: Yankee and Tango, sending you 1
2024-10-14 21:20:34.844070 Whiskey: Quebec, sending you 1
2024-10-14 21:20:34.844546 Quebec: Echo, sending you 1
2024-10-14 21:20:34.845672 Mike: Bravo and Echo, sending you 5
2024-10-14 21:20:34.846320 Tango: Golf and Quebec, sending you 3
2024-10-14 21:20:34.847337 Bravo: Tango and Echo, sending you 4
2024-10-14 21:20:34.847950 Yankee: Tango, sending you 4
2024-10-14 21:20:34.849183 Golf: Quebec, sending you 3
2024-10-14 21:20:34.850591 Oscar: Bravo, sending you 4
2024-10-14 21:20:34.851435 Whiskey: Tango and Oscar, sending you 3
2024-10-14 21:20:34.852723 Mike: Quebec, sending you 1
2024-10-14 21:20:34.854158 Quebec: Lima, sending you 4
2024-10-14 21:20:34.854659 Echo: Golf, sending you 4
2024-10-14 21:20:34.855375 Tango: Bravo and Lima, sending you 1
2024-10-14 21:20:34.856793 Lima: Golf and Tango, sending you 3
2024-10-14 21:20:34.857360 Bravo: Mike, sending you 2
2024-10-14 21:20:34.858839 Golf: Tango and Echo, sending you 2
2024-10-14 21:20:34.860270 Yankee: Oscar and Lima, sending you 1
2024-10-14 21:20:34.861032 Oscar: Lima, sending you 2
2024-10-14 21:20:34.862179 Mike: Lima, sending you 3
2024-10-14 21:20:34.863320 Echo: Bravo, sending you 1
2024-10-14 21:20:34.864559 Tango: Mike and Echo, sending you 2
2024-10-14 21:20:34.865475 Lima: Bravo, sending you 1
2024-10-14 21:20:34.866570 Bravo: Lima, sending you 1
2024-10-14 21:20:34.868214 Yankee: Whiskey, sending you 6
2024-10-14 21:20:34.869314 Echo: Quebec and Lima, sending you 2
2024-10-14 21:20:34.870800 Lima: Quebec and Mike, sending you 2
2024-10-14 21:20:34.875791 Echo: Tango, sending you 3
2024-10-14 21:20:34.881976 Echo: Mike, sending you 5
chatterbot Bravo submitting transactions
chatterbot Tango submitting transactions
chatterbot Yankee submitting transactions
chatterbot Whiskey submitting transactions
chatterbot Quebec submitting transactions
chatterbot Golf submitting transactions
chatterbot Echo submitting transactions
chatterbot Mike submitting transactions
chatterbot Oscar submitting transactions
chatterbot Lima submitting transactions
ChatterBot Golf round 2
ChatterBot Yankee round 2
ChatterBot Bravo round 2
ChatterBot Quebec round 2
ChatterBot Tango round 2
ChatterBot Oscar round 2
ChatterBot Mike round 2
ChatterBot Whiskey round 2
2024-10-14 21:20:35.893274 Yankee: We would work well together
ChatterBot Oscar reevaluating
ChatterBot Whiskey reevaluating
ChatterBot Tango reevaluating
2024-10-14 21:20:35.902027 Oscar: No
2024-10-14 21:20:35.902208 Whiskey: No
2024-10-14 21:20:35.902344 Tango: No
ChatterBot Whiskey reevaluating
ChatterBot Tango reevaluating
ChatterBot Yankee reevaluating
ChatterBot Oscar reevaluating
ChatterBot Tango reevaluating
ChatterBot Yankee reevaluating
ChatterBot Oscar reevaluating
ChatterBot Whiskey reevaluating
2024-10-14 21:20:35.927184 Whiskey: We would work well together
ChatterBot Oscar reevaluating
ChatterBot Yankee reevaluating
2024-10-14 21:20:35.933174 Oscar: Yes
2024-10-14 21:20:35.933291 Yankee: Yes
ChatterBot Yankee reevaluating
ChatterBot Whiskey reevaluating
ChatterBot Oscar reevaluating
ChatterBot Whiskey reevaluating
ChatterBot Echo round 2
2024-10-14 21:20:35.948166 Golf: We should add Oscar
ChatterBot Quebec reevaluating
ChatterBot Tango reevaluating
ChatterBot Echo reevaluating
ChatterBot Lima reevaluating
ChatterBot Bravo reevaluating
2024-10-14 21:20:35.971972 Quebec: No
2024-10-14 21:20:35.972185 Mike: No
2024-10-14 21:20:35.972359 Tango: No
2024-10-14 21:20:35.972499 Echo: No
2024-10-14 21:20:35.973070 Lima: No
2024-10-14 21:20:35.973263 Bravo: Yes
ChatterBot Tango reevaluating
ChatterBot Echo reevaluating
ChatterBot Lima reevaluating
ChatterBot Bravo reevaluating
ChatterBot Golf reevaluating
ChatterBot Quebec reevaluating
ChatterBot Tango reevaluating
ChatterBot Echo reevaluating
ChatterBot Lima reevaluating
ChatterBot Bravo reevaluating
ChatterBot Golf reevaluating
ChatterBot Quebec reevaluating
ChatterBot Echo reevaluating
ChatterBot Lima reevaluating
ChatterBot Bravo reevaluating
ChatterBot Golf reevaluating
ChatterBot Quebec reevaluating
ChatterBot Tango reevaluating
ChatterBot Lima reevaluating
ChatterBot Bravo reevaluating
ChatterBot Golf reevaluating
ChatterBot Quebec reevaluating
ChatterBot Tango reevaluating
ChatterBot Echo reevaluating
ChatterBot Bravo reevaluating
ChatterBot Golf reevaluating
ChatterBot Quebec reevaluating
ChatterBot Tango reevaluating
ChatterBot Echo reevaluating
ChatterBot Lima reevaluating
ChatterBot Golf reevaluating
ChatterBot Lima round 2
2024-10-14 21:20:36.174791 Bravo: Friends?
ChatterBot Golf reevaluating
ChatterBot Quebec reevaluating
ChatterBot Tango reevaluating
ChatterBot Echo reevaluating
ChatterBot Lima reevaluating
ChatterBot Yankee reevaluating
ChatterBot Oscar reevaluating
ChatterBot Whiskey reevaluating
2024-10-14 21:20:36.205298 Golf: No
2024-10-14 21:20:36.205439 Quebec: No
2024-10-14 21:20:36.205533 Tango: No
2024-10-14 21:20:36.205646 Mike: No
2024-10-14 21:20:36.206188 Echo: No
2024-10-14 21:20:36.206282 Lima: No
2024-10-14 21:20:36.206380 Yankee: No
2024-10-14 21:20:36.206479 Oscar: No
2024-10-14 21:20:36.206576 Whiskey: No
ChatterBot Bravo reevaluating
ChatterBot Quebec reevaluating
ChatterBot Tango reevaluating
ChatterBot Echo reevaluating
ChatterBot Lima reevaluating
ChatterBot Yankee reevaluating
ChatterBot Oscar reevaluating
ChatterBot Whiskey reevaluating
ChatterBot Bravo reevaluating
ChatterBot Golf reevaluating
ChatterBot Tango reevaluating
ChatterBot Echo reevaluating
ChatterBot Lima reevaluating
ChatterBot Yankee reevaluating
ChatterBot Oscar reevaluating
ChatterBot Whiskey reevaluating
ChatterBot Bravo reevaluating
ChatterBot Golf reevaluating
ChatterBot Quebec reevaluating
ChatterBot Echo reevaluating
ChatterBot Lima reevaluating
ChatterBot Yankee reevaluating
ChatterBot Oscar reevaluating
ChatterBot Whiskey reevaluating
ChatterBot Bravo reevaluating
ChatterBot Golf reevaluating
ChatterBot Quebec reevaluating
ChatterBot Tango reevaluating
ChatterBot Echo reevaluating
ChatterBot Lima reevaluating
ChatterBot Yankee reevaluating
ChatterBot Oscar reevaluating
ChatterBot Whiskey reevaluating
ChatterBot Bravo reevaluating
ChatterBot Golf reevaluating
ChatterBot Quebec reevaluating
ChatterBot Tango reevaluating
ChatterBot Lima reevaluating
ChatterBot Yankee reevaluating
ChatterBot Oscar reevaluating
ChatterBot Whiskey reevaluating
ChatterBot Bravo reevaluating
ChatterBot Golf reevaluating
ChatterBot Quebec reevaluating
ChatterBot Tango reevaluating
ChatterBot Echo reevaluating
ChatterBot Yankee reevaluating
ChatterBot Oscar reevaluating
ChatterBot Whiskey reevaluating
ChatterBot Bravo reevaluating
ChatterBot Golf reevaluating
ChatterBot Quebec reevaluating
ChatterBot Tango reevaluating
ChatterBot Echo reevaluating
ChatterBot Lima reevaluating
ChatterBot Oscar reevaluating
ChatterBot Whiskey reevaluating
ChatterBot Bravo reevaluating
ChatterBot Golf reevaluating
ChatterBot Quebec reevaluating
ChatterBot Tango reevaluating
ChatterBot Echo reevaluating
ChatterBot Lima reevaluating
ChatterBot Yankee reevaluating
ChatterBot Whiskey reevaluating
ChatterBot Bravo reevaluating
ChatterBot Golf reevaluating
ChatterBot Quebec reevaluating
ChatterBot Tango reevaluating
ChatterBot Echo reevaluating
ChatterBot Lima reevaluating
ChatterBot Yankee reevaluating
ChatterBot Oscar reevaluating
2024-10-14 21:20:36.603079 Golf: We should add Whiskey
ChatterBot Quebec reevaluating
ChatterBot Echo reevaluating
ChatterBot Lima reevaluating
ChatterBot Bravo reevaluating
2024-10-14 21:20:36.623942 Quebec: No
2024-10-14 21:20:36.625110 Mike: No
2024-10-14 21:20:36.625364 Tango: No
2024-10-14 21:20:36.626566 Echo: No
2024-10-14 21:20:36.626997 Lima: No
2024-10-14 21:20:36.627382 Bravo: Yes
ChatterBot Echo reevaluating
ChatterBot Lima reevaluating
ChatterBot Bravo reevaluating
ChatterBot Golf reevaluating
ChatterBot Quebec reevaluating
ChatterBot Echo reevaluating
ChatterBot Lima reevaluating
ChatterBot Bravo reevaluating
ChatterBot Golf reevaluating
ChatterBot Quebec reevaluating
ChatterBot Echo reevaluating
ChatterBot Lima reevaluating
ChatterBot Bravo reevaluating
ChatterBot Golf reevaluating
ChatterBot Quebec reevaluating
ChatterBot Lima reevaluating
ChatterBot Bravo reevaluating
ChatterBot Golf reevaluating
ChatterBot Quebec reevaluating
ChatterBot Echo reevaluating
ChatterBot Bravo reevaluating
ChatterBot Golf reevaluating
ChatterBot Quebec reevaluating
ChatterBot Echo reevaluating
ChatterBot Lima reevaluating
ChatterBot Golf reevaluating
2024-10-14 21:20:36.846113 Bravo: Oscar we want you to join our group
2024-10-14 21:20:36.851236 Oscar: No
ChatterBot Golf reevaluating
2024-10-14 21:20:36.885325 Mike: Golf, sending you 2
2024-10-14 21:20:37.699293 Mike: Bravo, Quebec, Tango and Lima, sending you 3
2024-10-14 21:20:37.700595 Echo: Golf, Bravo, Quebec, Tango and Mike, sending you 3
2024-10-14 21:20:37.701373 Golf: Yankee we want you to join our group
ChatterBot Yankee reevaluating
2024-10-14 21:20:37.705847 Yankee: No
ChatterBot Golf reevaluating
2024-10-14 21:20:37.725797 Quebec: Golf, Bravo, Tango, Echo and Lima, sending you 3
2024-10-14 21:20:37.726528 Whiskey: Yankee, sending you 9
2024-10-14 21:20:37.726882 Tango: Golf, Bravo, Quebec, Echo and Lima, sending you 3
2024-10-14 21:20:37.727904 Oscar: Yankee, sending you 2
chatterbot Yankee submitting transactions
chatterbot Tango submitting transactions
chatterbot Oscar submitting transactions
chatterbot Mike submitting transactions
chatterbot Whiskey submitting transactions
2024-10-14 21:20:37.729344 Mike: Echo, sending you 4
2024-10-14 21:20:37.729880 Echo: Lima, sending you 2
2024-10-14 21:20:37.730838 Quebec: Mike, sending you 1
2024-10-14 21:20:38.203298 Whiskey: Bravo and Oscar, sending you 2
2024-10-14 21:20:38.203598 Lima: Golf, sending you 3
2024-10-14 21:20:38.204647 Tango: Mike, sending you 1
2024-10-14 21:20:38.205034 Oscar: Whiskey, sending you 5
2024-10-14 21:20:38.205266 Bravo: Golf, Quebec and Oscar, sending you 3
chatterbot Bravo submitting transactions
chatterbot Echo submitting transactions
2024-10-14 21:20:38.327029 Lima: Bravo and Tango, sending you 1
2024-10-14 21:20:38.327688 Bravo: Tango, Echo and Lima, sending you 2
2024-10-14 21:20:38.551973 Lima: Quebec, Mike and Echo, sending you 2
2024-10-14 21:20:38.553450 Bravo: Mike, sending you 4
2024-10-14 21:20:38.554159 Golf: Yankee, sending you 1
chatterbot Yankee submitting transactions
chatterbot Golf submitting transactions
chatterbot Lima submitting transactions
chatterbot Quebec submitting transactions
2024-10-14 21:20:38.570153 Lima: Golf did not give me 4 like they said
ChatterBot Quebec reevaluating
ChatterBot Mike reevaluating
ChatterBot Tango reevaluating
ChatterBot Echo reevaluating
ChatterBot Bravo reevaluating
ChatterBot Golf reevaluating
2024-10-14 21:20:38.591496 Lima: Quebec did not give me 4 like they said
ChatterBot Quebec reevaluating
ChatterBot Mike reevaluating
ChatterBot Tango reevaluating
ChatterBot Echo reevaluating
ChatterBot Bravo reevaluating
ChatterBot Golf reevaluating
2024-10-14 21:20:38.614722 Lima: Oscar did not give me 2 like they said
ChatterBot Quebec reevaluating
ChatterBot Mike reevaluating
ChatterBot Tango reevaluating
ChatterBot Echo reevaluating
ChatterBot Bravo reevaluating
ChatterBot Golf reevaluating
2024-10-14 21:20:38.638899 Lima: Whiskey did not give me 2 like they said
ChatterBot Quebec reevaluating
ChatterBot Mike reevaluating
ChatterBot Tango reevaluating
ChatterBot Echo reevaluating
ChatterBot Bravo reevaluating
ChatterBot Golf reevaluating
ChatterBot Golf round 3
ChatterBot Yankee round 3
ChatterBot Bravo round 3
ChatterBot Quebec round 3
ChatterBot Tango round 3
ChatterBot Oscar round 3
ChatterBot Mike round 3
ChatterBot Whiskey round 3
ChatterBot Echo round 3
ChatterBot Lima round 3
2024-10-14 21:20:38.780050 Yankee: We should replace Lima with Bravo
ChatterBot Whiskey reevaluating
2024-10-14 21:20:38.786163 Oscar: No
2024-10-14 21:20:38.786312 Whiskey: Yes
ChatterBot Yankee reevaluating
ChatterBot Whiskey reevaluating
ChatterBot Yankee reevaluating
2024-10-14 21:20:38.808868 Bravo: We should drop Oscar
ChatterBot Mike reevaluating
ChatterBot Tango reevaluating
ChatterBot Echo reevaluating
ChatterBot Golf reevaluating
2024-10-14 21:20:38.826302 Quebec: Yes
2024-10-14 21:20:38.826560 Mike: Yes
2024-10-14 21:20:38.826699 Tango: Yes
2024-10-14 21:20:38.826854 Echo: Yes
2024-10-14 21:20:38.827049 Lima: Yes
2024-10-14 21:20:38.827168 Golf: Yes
ChatterBot Mike reevaluating
ChatterBot Tango reevaluating
ChatterBot Echo reevaluating
ChatterBot Bravo reevaluating
ChatterBot Golf reevaluating
ChatterBot Tango reevaluating
ChatterBot Echo reevaluating
ChatterBot Bravo reevaluating
ChatterBot Golf reevaluating
ChatterBot Mike reevaluating
ChatterBot Echo reevaluating
ChatterBot Bravo reevaluating
ChatterBot Golf reevaluating
ChatterBot Mike reevaluating
ChatterBot Tango reevaluating
ChatterBot Bravo reevaluating
ChatterBot Golf reevaluating
ChatterBot Mike reevaluating
ChatterBot Tango reevaluating
ChatterBot Echo reevaluating
ChatterBot Bravo reevaluating
ChatterBot Golf reevaluating
ChatterBot Mike reevaluating
ChatterBot Tango reevaluating
ChatterBot Echo reevaluating
ChatterBot Bravo reevaluating
2024-10-14 21:20:38.960625 Whiskey: We should drop Bravo
ChatterBot Yankee reevaluating
2024-10-14 21:20:38.970098 Oscar: Yes
2024-10-14 21:20:38.970285 Yankee: Yes
ChatterBot Yankee reevaluating
ChatterBot Whiskey reevaluating
ChatterBot Whiskey reevaluating
2024-10-14 21:20:38.990994 Golf: We should drop Yankee
2024-10-14 21:20:39.015865 Quebec: Yes
2024-10-14 21:20:39.016136 Mike: Yes
2024-10-14 21:20:39.016351 Tango: Yes
2024-10-14 21:20:39.016553 Echo: Yes
2024-10-14 21:20:39.017193 Lima: Yes
2024-10-14 21:20:39.017379 Bravo: Yes
2024-10-14 21:20:39.109531 Yankee: We should drop Lima
2024-10-14 21:20:39.115488 Oscar: Yes
2024-10-14 21:20:39.115710 Whiskey: Yes
ChatterBot Yankee reevaluating
ChatterBot Yankee reevaluating
2024-10-14 21:20:39.134930 Lima: Golf, Quebec, Tango, Mike and Echo, sending you 2
2024-10-14 21:20:39.136530 Oscar: Sending you each 4
2024-10-14 21:20:39.136861 Quebec: Golf, Bravo, Tango, Echo and Lima, sending you 3
2024-10-14 21:20:39.138122 Tango: Golf, Bravo, Quebec, Mike and Echo, sending you 3
2024-10-14 21:20:39.139663 Mike: Sending you each 3
2024-10-14 21:20:39.142941 Lima: Bravo, sending you 1
2024-10-14 21:20:39.143403 Echo: Golf, Bravo, Quebec, Tango and Mike, sending you 3
2024-10-14 21:20:39.144392 Bravo: Golf, Quebec, Tango, Echo and Lima, sending you 3
2024-10-14 21:20:39.144877 Quebec: Mike, sending you 1
2024-10-14 21:20:39.145375 Tango: Lima, sending you 1
2024-10-14 21:20:39.157681 Echo: Lima, sending you 2
2024-10-14 21:20:39.159183 Bravo: Mike, sending you 4
2024-10-14 21:20:39.168238 Whiskey: Yankee, sending you 8
2024-10-14 21:20:39.203666 Whiskey: Oscar, sending you 5
chatterbot Quebec submitting transactions
chatterbot Bravo submitting transactions
chatterbot Mike submitting transactions
chatterbot Lima submitting transactions
chatterbot Oscar submitting transactions
chatterbot Tango submitting transactions
chatterbot Golf submitting transactions
chatterbot Yankee submitting transactions
chatterbot Echo submitting transactions
chatterbot Whiskey submitting transactions
ChatterBot Golf round 4
ChatterBot Yankee round 4
ChatterBot Bravo round 4
ChatterBot Quebec round 4
ChatterBot Tango round 4
ChatterBot Oscar round 4
ChatterBot Mike round 4
ChatterBot Whiskey round 4
ChatterBot Echo round 4
ChatterBot Lima round 4
2024-10-14 21:20:40.491761 Golf: We should drop Yankee
2024-10-14 21:20:40.516287 Quebec: Yes
2024-10-14 21:20:40.516512 Mike: Yes
2024-10-14 21:20:40.516729 Tango: Yes
2024-10-14 21:20:40.516929 Echo: Yes
2024-10-14 21:20:40.517577 Lima: Yes
2024-10-14 21:20:40.517833 Bravo: Yes
2024-10-14 21:20:40.635857 Yankee: We should drop Lima
2024-10-14 21:20:40.644684 Oscar: Yes
2024-10-14 21:20:40.644929 Whiskey: Yes
ChatterBot Yankee reevaluating
ChatterBot Yankee reevaluating
2024-10-14 21:20:41.236877 Bravo: Golf, Quebec, Tango, Echo and Lima, sending you 3
2024-10-14 21:20:41.238299 Echo: Golf, Bravo, Quebec, Tango and Mike, sending you 3
2024-10-14 21:20:41.238938 Lima: Golf, Bravo, Quebec, Mike and Echo, sending you 2
2024-10-14 21:20:41.240061 Whiskey: Yankee, sending you 8
2024-10-14 21:20:41.240409 Mike: Same as last round
2024-10-14 21:20:41.251458 Bravo: Mike, sending you 4
2024-10-14 21:20:41.252915 Echo: Lima, sending you 2
2024-10-14 21:20:41.253641 Lima: Tango, sending you 1
2024-10-14 21:20:41.254761 Whiskey: Oscar, sending you 5
2024-10-14 21:20:41.255050 Tango: Golf, Bravo, Quebec, Mike and Echo, sending you 3
2024-10-14 21:20:41.255941 Oscar: Same as last round
2024-10-14 21:20:41.256183 Quebec: Golf, Bravo, Tango, Mike and Echo, sending you 3
2024-10-14 21:20:41.263278 Tango: Lima, sending you 1
2024-10-14 21:20:41.264557 Quebec: Lima, sending you 1
chatterbot Echo submitting transactions
chatterbot Whiskey submitting transactions
chatterbot Mike submitting transactions
chatterbot Tango submitting transactions
chatterbot Golf submitting transactions
chatterbot Bravo submitting transactions
chatterbot Quebec submitting transactions
chatterbot Lima submitting transactions
chatterbot Oscar submitting transactions
chatterbot Yankee submitting transactions
ChatterBot Golf round 5
ChatterBot Yankee round 5
ChatterBot Bravo round 5
ChatterBot Quebec round 5
ChatterBot Tango round 5
ChatterBot Oscar round 5
ChatterBot Mike round 5
ChatterBot Whiskey round 5
ChatterBot Echo round 5
ChatterBot Lima round 5
2024-10-14 21:20:42.289152 Golf: We should drop Yankee
2024-10-14 21:20:42.304821 Quebec: Yes
2024-10-14 21:20:42.305479 Mike: Yes
2024-10-14 21:20:42.305626 Tango: Yes
2024-10-14 21:20:42.305766 Echo: Yes
2024-10-14 21:20:42.305920 Lima: Yes
2024-10-14 21:20:42.306075 Bravo: Yes
2024-10-14 21:20:42.430690 Yankee: We should drop Lima
2024-10-14 21:20:42.437433 Oscar: Yes
2024-10-14 21:20:42.438005 Whiskey: Yes
ChatterBot Yankee reevaluating
ChatterBot Yankee reevaluating
2024-10-14 21:20:42.458655 Bravo: Golf, sending you 4
2024-10-14 21:20:42.463777 Bravo: Quebec, Tango, Mike, Echo and Lima, sending you 3
2024-10-14 21:20:42.466662 Whiskey: Yankee, sending you 8
2024-10-14 21:20:42.467056 Quebec: Golf, Bravo, Tango, Mike and Echo, sending you 3
2024-10-14 21:20:42.468665 Echo: Golf, Bravo, Quebec, Tango and Mike, sending you 3
2024-10-14 21:20:42.470922 Mike: Same as last round
2024-10-14 21:20:42.471778 Whiskey: Oscar, sending you 5
2024-10-14 21:20:42.472117 Quebec: Lima, sending you 1
2024-10-14 21:20:42.473482 Tango: Golf, Bravo, Quebec, Mike and Echo, sending you 3
2024-10-14 21:20:42.474738 Echo: Lima, sending you 2
2024-10-14 21:20:42.476662 Oscar: Same as last round
2024-10-14 21:20:42.477674 Tango: Lima, sending you 1
2024-10-14 21:20:42.480101 Lima: Golf, Bravo, Quebec, Mike and Echo, sending you 2
2024-10-14 21:20:42.485680 Lima: Tango, sending you 1
chatterbot Mike submitting transactions
chatterbot Quebec submitting transactions
chatterbot Oscar submitting transactions
chatterbot Golf submitting transactions
chatterbot Bravo submitting transactions
chatterbot Whiskey submitting transactions
chatterbot Tango submitting transactions
chatterbot Yankee submitting transactions
chatterbot Echo submitting transactions
chatterbot Lima submitting transactions
ChatterBot Golf round 6
ChatterBot Yankee round 6
ChatterBot Bravo round 6
ChatterBot Quebec round 6
ChatterBot Tango round 6
ChatterBot Oscar round 6
ChatterBot Mike round 6
ChatterBot Whiskey round 6
ChatterBot Echo round 6
ChatterBot Lima round 6
2024-10-14 21:20:43.542862 Yankee: We should drop Lima
2024-10-14 21:20:43.549533 Oscar: Yes
2024-10-14 21:20:43.549787 Whiskey: Yes
ChatterBot Yankee reevaluating
ChatterBot Yankee reevaluating
2024-10-14 21:20:43.564198 Golf: We should drop Yankee
2024-10-14 21:20:43.578552 Quebec: Yes
2024-10-14 21:20:43.579188 Mike: Yes
2024-10-14 21:20:43.579323 Tango: Yes
2024-10-14 21:20:43.579444 Echo: Yes
2024-10-14 21:20:43.579563 Lima: Yes
2024-10-14 21:20:43.579699 Bravo: Yes
2024-10-14 21:20:43.692669 Quebec: Golf, Bravo, Tango, Mike and Echo, sending you 3
2024-10-14 21:20:43.694056 Oscar: Same as last round
2024-10-14 21:20:43.694564 Bravo: Golf, sending you 4
2024-10-14 21:20:43.698543 Quebec: Lima, sending you 1
2024-10-14 21:20:43.701679 Bravo: Quebec, Tango, Mike, Echo and Lima, sending you 3
2024-10-14 21:20:43.702701 Lima: Golf, Bravo, Quebec, Mike and Echo, sending you 2
2024-10-14 21:20:43.708787 Tango: Golf, Bravo, Quebec, Mike and Echo, sending you 3
2024-10-14 21:20:43.709886 Lima: Tango, sending you 1
2024-10-14 21:20:43.713679 Tango: Lima, sending you 1
2024-10-14 21:20:43.715688 Mike: Same as last round
2024-10-14 21:20:43.716721 Echo: Golf, Bravo, Quebec, Tango and Mike, sending you 3
2024-10-14 21:20:43.722572 Whiskey: Yankee, sending you 8
2024-10-14 21:20:43.726659 Echo: Lima, sending you 2
2024-10-14 21:20:43.727661 Whiskey: Oscar, sending you 5
chatterbot Mike submitting transactions
chatterbot Lima submitting transactions
chatterbot Oscar submitting transactions
chatterbot Golf submitting transactions
chatterbot Bravo submitting transactions
chatterbot Echo submitting transactions
chatterbot Whiskey submitting transactions
chatterbot Tango submitting transactions
chatterbot Quebec submitting transactions
chatterbot Yankee submitting transactions
ChatterBot Golf round 7
ChatterBot Yankee round 7
ChatterBot Bravo round 7
ChatterBot Quebec round 7
ChatterBot Tango round 7
ChatterBot Oscar round 7
ChatterBot Mike round 7
ChatterBot Whiskey round 7
ChatterBot Echo round 7
ChatterBot Lima round 7
2024-10-14 21:20:44.819375 Yankee: We should drop Lima
2024-10-14 21:20:44.823764 Oscar: Yes
2024-10-14 21:20:44.823995 Whiskey: Yes
ChatterBot Yankee reevaluating
ChatterBot Yankee reevaluating
2024-10-14 21:20:44.839128 Golf: We should drop Yankee
2024-10-14 21:20:44.852621 Quebec: Yes
2024-10-14 21:20:44.852829 Mike: Yes
2024-10-14 21:20:44.852980 Tango: Yes
2024-10-14 21:20:44.853129 Echo: Yes
2024-10-14 21:20:44.853262 Lima: Yes
2024-10-14 21:20:44.853393 Bravo: Yes
2024-10-14 21:20:44.920660 Quebec: Golf, Bravo, Tango, Mike and Echo, sending you 3
2024-10-14 21:20:44.922097 Tango: Golf, Bravo, Quebec, Mike and Echo, sending you 3
2024-10-14 21:20:44.925667 Quebec: Lima, sending you 1
2024-10-14 21:20:44.928131 Tango: Lima, sending you 1
2024-10-14 21:20:44.929674 Bravo: Golf, sending you 4
2024-10-14 21:20:44.930684 Lima: Golf, Bravo, Quebec, Mike and Echo, sending you 2
2024-10-14 21:20:44.932711 Bravo: Quebec, Tango, Mike, Echo and Lima, sending you 3
2024-10-14 21:20:44.934892 Mike: Same as last round
2024-10-14 21:20:44.935820 Lima: Tango, sending you 1
2024-10-14 21:20:44.936699 Oscar: Same as last round
2024-10-14 21:20:44.937056 Echo: Golf, Bravo, Quebec, Tango and Mike, sending you 3
2024-10-14 21:20:44.940660 Whiskey: Yankee, sending you 7
2024-10-14 21:20:44.941675 Echo: Lima, sending you 2
2024-10-14 21:20:44.943648 Whiskey: Oscar, sending you 6
chatterbot Whiskey submitting transactions
chatterbot Oscar submitting transactions
chatterbot Golf submitting transactions
chatterbot Mike submitting transactions
chatterbot Echo submitting transactions
chatterbot Yankee submitting transactions
chatterbot Quebec submitting transactions
chatterbot Tango submitting transactions
chatterbot Bravo submitting transactions
chatterbot Lima submitting transactions
ChatterBot Golf round 8
ChatterBot Yankee round 8
2024-10-14 21:20:46.074748 Yankee: We should replace Lima with Tango
2024-10-14 21:20:46.079527 Oscar: No
2024-10-14 21:20:46.079693 Whiskey: No
ChatterBot Yankee reevaluating
ChatterBot Yankee reevaluating
ChatterBot Bravo round 8
ChatterBot Quebec round 8
ChatterBot Tango round 8
ChatterBot Oscar round 8
ChatterBot Mike round 8
ChatterBot Whiskey round 8
ChatterBot Echo round 8
ChatterBot Lima round 8
2024-10-14 21:20:46.093958 Yankee: We should replace Lima with Mike
2024-10-14 21:20:46.100131 Oscar: No
2024-10-14 21:20:46.100256 Whiskey: No
ChatterBot Yankee reevaluating
ChatterBot Yankee reevaluating
2024-10-14 21:20:46.137114 Golf: We should drop Yankee
2024-10-14 21:20:46.158475 Quebec: Yes
2024-10-14 21:20:46.158714 Mike: Yes
2024-10-14 21:20:46.158926 Tango: Yes
2024-10-14 21:20:46.159107 Echo: Yes
2024-10-14 21:20:46.159292 Lima: Yes
2024-10-14 21:20:46.159481 Bravo: Yes
2024-10-14 21:20:46.258817 Yankee: Mike we want you to join our group
2024-10-14 21:20:46.274736 Mike: No
ChatterBot Yankee reevaluating
2024-10-14 21:20:46.334692 Quebec: Golf, Bravo, Tango, Mike and Echo, sending you 3
2024-10-14 21:20:46.337204 Lima: Golf, Bravo, Quebec, Mike and Echo, sending you 2
2024-10-14 21:20:46.339796 Yankee: We should drop Lima
2024-10-14 21:20:46.354868 Oscar: Yes
2024-10-14 21:20:46.355175 Whiskey: Yes
ChatterBot Yankee reevaluating
ChatterBot Yankee reevaluating
2024-10-14 21:20:46.377476 Whiskey: Yankee, sending you 7
2024-10-14 21:20:46.378326 Quebec: Lima, sending you 1
2024-10-14 21:20:46.381757 Bravo: Golf, sending you 4
2024-10-14 21:20:46.384394 Oscar: Same as last round
2024-10-14 21:20:46.386365 Lima: Tango, sending you 1
2024-10-14 21:20:46.389414 Echo: Golf, Bravo, Quebec, Tango and Mike, sending you 3
2024-10-14 21:20:46.392160 Tango: Golf, Bravo, Quebec, Mike and Echo, sending you 3
2024-10-14 21:20:46.394731 Mike: Same as last round
2024-10-14 21:20:46.396689 Whiskey: Oscar, sending you 6
2024-10-14 21:20:46.397418 Bravo: Quebec, Tango, Mike, Echo and Lima, sending you 3
2024-10-14 21:20:46.399903 Echo: Lima, sending you 2
2024-10-14 21:20:46.402306 Tango: Lima, sending you 1
chatterbot Echo submitting transactions
chatterbot Lima submitting transactions
chatterbot Yankee submitting transactions
chatterbot Golf submitting transactions
chatterbot Mike submitting transactions
chatterbot Bravo submitting transactions
chatterbot Quebec submitting transactions
chatterbot Tango submitting transactions
chatterbot Oscar submitting transactions
chatterbot Whiskey submitting transactions
ChatterBot Golf round 9
ChatterBot Yankee round 9
ChatterBot Bravo round 9
ChatterBot Quebec round 9
ChatterBot Tango round 9
ChatterBot Oscar round 9
ChatterBot Mike round 9
ChatterBot Whiskey round 9
ChatterBot Echo round 9
2024-10-14 21:20:47.427232 Yankee: We should replace Lima with Golf
2024-10-14 21:20:47.434975 Oscar: No
2024-10-14 21:20:47.435231 Whiskey: No
ChatterBot Yankee reevaluating
ChatterBot Yankee reevaluating
ChatterBot Lima round 9
2024-10-14 21:20:47.478526 Golf: We should drop Yankee
ChatterBot Mike reevaluating
2024-10-14 21:20:47.492847 Quebec: Yes
2024-10-14 21:20:47.493007 Mike: Yes
2024-10-14 21:20:47.493139 Tango: Yes
2024-10-14 21:20:47.493259 Echo: Yes
2024-10-14 21:20:47.493377 Lima: Yes
2024-10-14 21:20:47.493495 Bravo: Yes
ChatterBot Mike reevaluating
ChatterBot Mike reevaluating
ChatterBot Mike reevaluating
ChatterBot Mike reevaluating
ChatterBot Mike reevaluating
2024-10-14 21:20:47.563626 Yankee: We should replace Lima with Echo
2024-10-14 21:20:47.567507 Oscar: No
2024-10-14 21:20:47.567653 Whiskey: No
ChatterBot Yankee reevaluating
ChatterBot Yankee reevaluating
2024-10-14 21:20:47.581290 Oscar: Same as last round
2024-10-14 21:20:47.589662 Bravo: Golf, sending you 4
2024-10-14 21:20:47.590667 Tango: Golf, Bravo, Quebec, Mike and Echo, sending you 3
2024-10-14 21:20:47.593672 Bravo: Quebec, Tango, Mike, Echo and Lima, sending you 3
2024-10-14 21:20:47.595679 Tango: Lima, sending you 1
2024-10-14 21:20:47.597963 Echo: Golf, Bravo, Quebec, Tango and Mike, sending you 3
2024-10-14 21:20:47.598867 Whiskey: Yankee, sending you 7
2024-10-14 21:20:47.599220 Quebec: Golf, Bravo, Tango, Mike and Echo, sending you 3
2024-10-14 21:20:47.601682 Lima: Golf, Bravo, Quebec, Mike and Echo, sending you 2
2024-10-14 21:20:47.603688 Echo: Lima, sending you 2
2024-10-14 21:20:47.605304 Whiskey: Oscar, sending you 6
2024-10-14 21:20:47.605761 Quebec: Lima, sending you 1
2024-10-14 21:20:47.606850 Lima: Tango, sending you 1
2024-10-14 21:20:47.608676 Mike: Same as last round
chatterbot Bravo submitting transactions
chatterbot Oscar submitting transactions
chatterbot Lima submitting transactions
chatterbot Yankee submitting transactions
chatterbot Quebec submitting transactions
chatterbot Whiskey submitting transactions
chatterbot Golf submitting transactions
chatterbot Tango submitting transactions
chatterbot Mike submitting transactions
chatterbot Echo submitting transactions
ChatterBot Golf round 10
ChatterBot Yankee round 10
2024-10-14 21:20:48.772211 Yankee: We should replace Lima with Mike
2024-10-14 21:20:48.780449 Oscar: No
2024-10-14 21:20:48.780672 Whiskey: No
ChatterBot Yankee reevaluating
ChatterBot Yankee reevaluating
ChatterBot Bravo round 10
ChatterBot Quebec round 10
ChatterBot Tango round 10
ChatterBot Oscar round 10
ChatterBot Mike round 10
ChatterBot Whiskey round 10
ChatterBot Echo round 10
ChatterBot Lima round 10
2024-10-14 21:20:48.835531 Golf: We should drop Yankee
2024-10-14 21:20:48.853864 Quebec: Yes
2024-10-14 21:20:48.854078 Mike: Yes
2024-10-14 21:20:48.854262 Tango: Yes
2024-10-14 21:20:48.854434 Echo: Yes
2024-10-14 21:20:48.854610 Lima: Yes
2024-10-14 21:20:48.855333 Bravo: Yes
ChatterBot Mike reevaluating
ChatterBot Mike reevaluating
ChatterBot Mike reevaluating
ChatterBot Mike reevaluating
ChatterBot Mike reevaluating
2024-10-14 21:20:48.950676 Quebec: Golf, Bravo, Tango, Mike and Echo, sending you 3
2024-10-14 21:20:48.951770 Mike: Same as last round
2024-10-14 21:20:48.953675 Oscar: Same as last round
2024-10-14 21:20:48.954055 Whiskey: Yankee, sending you 7
2024-10-14 21:20:48.955668 Quebec: Lima, sending you 1
2024-10-14 21:20:48.956706 Lima: Golf, Bravo, Quebec, Mike and Echo, sending you 2
2024-10-14 21:20:48.957804 Whiskey: Oscar, sending you 6
2024-10-14 21:20:48.958675 Tango: Golf, Bravo, Quebec, Mike and Echo, sending you 3
2024-10-14 21:20:48.960246 Bravo: Golf, sending you 4
2024-10-14 21:20:48.961294 Lima: Tango, sending you 1
2024-10-14 21:20:48.963666 Bravo: Quebec, Tango, Mike, Echo and Lima, sending you 3
2024-10-14 21:20:48.965440 Tango: Lima, sending you 1
2024-10-14 21:20:48.967681 Echo: Golf, Bravo, Quebec, Tango and Mike, sending you 3
2024-10-14 21:20:48.972668 Echo: Lima, sending you 2
chatterbot Bravo submitting transactions
chatterbot Mike submitting transactions
chatterbot Echo submitting transactions
chatterbot Whiskey submitting transactions
chatterbot Lima submitting transactions
chatterbot Golf submitting transactions
chatterbot Yankee submitting transactions
chatterbot Tango submitting transactions
chatterbot Oscar submitting transactions
chatterbot Quebec submitting transactions
ChatterBot Golf round 11
ChatterBot Yankee round 11
ChatterBot Bravo round 11
ChatterBot Quebec round 11
ChatterBot Tango round 11
ChatterBot Oscar round 11
ChatterBot Mike round 11
ChatterBot Whiskey round 11
ChatterBot Echo round 11
ChatterBot Lima round 11
2024-10-14 21:20:50.016385 Golf: We should drop Yankee
ChatterBot Mike reevaluating
2024-10-14 21:20:50.037128 Quebec: Yes
2024-10-14 21:20:50.037318 Mike: Yes
2024-10-14 21:20:50.037472 Tango: Yes
2024-10-14 21:20:50.037633 Echo: Yes
2024-10-14 21:20:50.037780 Lima: Yes
2024-10-14 21:20:50.037914 Bravo: Yes
ChatterBot Mike reevaluating
ChatterBot Mike reevaluating
ChatterBot Mike reevaluating
ChatterBot Mike reevaluating
ChatterBot Mike reevaluating
2024-10-14 21:20:50.129673 Whiskey: Yankee, sending you 7
2024-10-14 21:20:50.130683 Bravo: Golf, sending you 4
2024-10-14 21:20:50.132679 Quebec: Golf, Bravo, Tango, Mike and Echo, sending you 3
2024-10-14 21:20:50.133896 Whiskey: Oscar, sending you 6
2024-10-14 21:20:50.135700 Bravo: Quebec, Tango, Mike, Echo and Lima, sending you 3
2024-10-14 21:20:50.137672 Quebec: Lima, sending you 1
2024-10-14 21:20:50.138877 Oscar: Same as last round
2024-10-14 21:20:50.139672 Tango: Golf, Bravo, Quebec, Mike and Echo, sending you 3
2024-10-14 21:20:50.140641 Echo: Golf, Bravo, Quebec, Tango and Mike, sending you 3
2024-10-14 21:20:50.142679 Tango: Lima, sending you 1
2024-10-14 21:20:50.144683 Lima: Golf, Bravo, Quebec, Mike and Echo, sending you 2
2024-10-14 21:20:50.145820 Echo: Lima, sending you 2
2024-10-14 21:20:50.150674 Lima: Tango, sending you 1
2024-10-14 21:20:50.152426 Mike: Same as last round
chatterbot Golf submitting transactions
chatterbot Quebec submitting transactions
chatterbot Echo submitting transactions
chatterbot Bravo submitting transactions
chatterbot Lima submitting transactions
chatterbot Tango submitting transactions
chatterbot Yankee submitting transactions
chatterbot Oscar submitting transactions
chatterbot Whiskey submitting transactions
chatterbot Mike submitting transactions
ChatterBot Golf round 12
ChatterBot Yankee round 12
ChatterBot Bravo round 12
ChatterBot Quebec round 12
ChatterBot Tango round 12
ChatterBot Oscar round 12
ChatterBot Mike round 12
ChatterBot Whiskey round 12
ChatterBot Echo round 12
ChatterBot Lima round 12
2024-10-14 21:20:51.274194 Yankee: We should replace Lima with Tango
2024-10-14 21:20:51.281884 Oscar: No
2024-10-14 21:20:51.282089 Whiskey: No
ChatterBot Yankee reevaluating
ChatterBot Yankee reevaluating
2024-10-14 21:20:51.327583 Golf: We should drop Yankee
2024-10-14 21:20:51.340744 Quebec: Yes
2024-10-14 21:20:51.341405 Mike: Yes
2024-10-14 21:20:51.341567 Tango: Yes
2024-10-14 21:20:51.341716 Echo: Yes
2024-10-14 21:20:51.341858 Lima: Yes
2024-10-14 21:20:51.341990 Bravo: Yes
ChatterBot Mike reevaluating
ChatterBot Mike reevaluating
ChatterBot Mike reevaluating
ChatterBot Mike reevaluating
ChatterBot Mike reevaluating
2024-10-14 21:20:51.456982 Yankee: We should replace Lima with Mike
2024-10-14 21:20:51.463705 Oscar: No
2024-10-14 21:20:51.464231 Whiskey: No
ChatterBot Yankee reevaluating
ChatterBot Yankee reevaluating
2024-10-14 21:20:51.482690 Oscar: Same as last round
2024-10-14 21:20:51.486942 Yankee: We should drop Lima
2024-10-14 21:20:51.493510 Oscar: Yes
2024-10-14 21:20:51.493694 Whiskey: Yes
ChatterBot Yankee reevaluating
ChatterBot Yankee reevaluating
2024-10-14 21:20:51.510683 Tango: Golf, Bravo, Quebec, Mike and Echo, sending you 3
2024-10-14 21:20:51.512608 Whiskey: Yankee, sending you 7
2024-10-14 21:20:51.513036 Bravo: Golf, sending you 4
2024-10-14 21:20:51.513921 Lima: Golf, Bravo, Quebec, Mike and Echo, sending you 2
2024-10-14 21:20:51.514730 Echo: Golf, Bravo, Quebec, Tango and Mike, sending you 3
2024-10-14 21:20:51.515979 Mike: Same as last round
2024-10-14 21:20:51.516833 Quebec: Golf, Bravo, Tango, Mike and Echo, sending you 3
2024-10-14 21:20:51.518227 Tango: Lima, sending you 1
2024-10-14 21:20:51.519056 Whiskey: Oscar, sending you 6
2024-10-14 21:20:51.519360 Bravo: Quebec, Tango, Mike, Echo and Lima, sending you 3
2024-10-14 21:20:51.520243 Lima: Tango, sending you 1
2024-10-14 21:20:51.521400 Echo: Lima, sending you 2
2024-10-14 21:20:51.522677 Quebec: Lima, sending you 1
chatterbot Golf submitting transactions
chatterbot Bravo submitting transactions
chatterbot Mike submitting transactions
chatterbot Whiskey submitting transactions
chatterbot Echo submitting transactions
chatterbot Quebec submitting transactions
chatterbot Tango submitting transactions
chatterbot Lima submitting transactions
chatterbot Oscar submitting transactions
chatterbot Yankee submitting transactions
ChatterBot Golf round 13
ChatterBot Yankee round 13
ChatterBot Bravo round 13
ChatterBot Quebec round 13
ChatterBot Tango round 13
ChatterBot Oscar round 13
ChatterBot Mike round 13
ChatterBot Whiskey round 13
ChatterBot Echo round 13
ChatterBot Lima round 13
2024-10-14 21:20:52.689823 Golf: We should drop Yankee
2024-10-14 21:20:52.716768 Quebec: Yes
2024-10-14 21:20:52.717052 Mike: Yes
2024-10-14 21:20:52.717789 Tango: Yes
2024-10-14 21:20:52.718016 Echo: Yes
2024-10-14 21:20:52.718234 Lima: Yes
2024-10-14 21:20:52.718539 Bravo: Yes
ChatterBot Mike reevaluating
ChatterBot Mike reevaluating
ChatterBot Mike reevaluating
ChatterBot Mike reevaluating
ChatterBot Mike reevaluating
2024-10-14 21:20:52.828980 Bravo: Golf, sending you 4
2024-10-14 21:20:52.831302 Lima: Golf, Bravo, Quebec, Mike and Echo, sending you 2
2024-10-14 21:20:52.834441 Quebec: Golf, Bravo, Tango, Mike and Echo, sending you 3
2024-10-14 21:20:52.837262 Bravo: Quebec, Tango, Mike, Echo and Lima, sending you 3
2024-10-14 21:20:52.840178 Lima: Tango, sending you 1
2024-10-14 21:20:52.842650 Quebec: Lima, sending you 1
2024-10-14 21:20:52.844461 Whiskey: Yankee, sending you 7
2024-10-14 21:20:52.844889 Oscar: Yankee, sending you 3
