ChatterBot Juliett round 1
ChatterBot Tango round 1
ChatterBot Romeo round 1
ChatterBot Alpha round 1
ChatterBot Quebec round 1
ChatterBot Mike round 1
ChatterBot Sierra round 1
ChatterBot Echo round 1
ChatterBot Bravo round 1
ChatterBot Uniform round 1
randomSelections Romeo: {Romeo, Uniform, Juliett, Quebec, Sierra, Bravo, Echo} 
2024-10-14 21:20:34.602583 Romeo: Group up?
ChatterBot Uniform reevaluating
ChatterBot Juliett reevaluating
ChatterBot Quebec reevaluating
ChatterBot Sierra reevaluating
ChatterBot Bravo reevaluating
ChatterBot Echo reevaluating
2024-10-14 21:20:34.615395 Uniform: Yes
2024-10-14 21:20:34.615575 Juliett: Yes
2024-10-14 21:20:34.616123 Quebec: Yes
2024-10-14 21:20:34.616265 Sierra: Yes
2024-10-14 21:20:34.616389 Bravo: Yes
2024-10-14 21:20:34.616529 Echo: Yes
ChatterBot Juliett reevaluating
ChatterBot Quebec reevaluating
ChatterBot Sierra reevaluating
ChatterBot Bravo reevaluating
ChatterBot Echo reevaluating
ChatterBot Uniform reevaluating
ChatterBot Quebec reevaluating
ChatterBot Sierra reevaluating
ChatterBot Bravo reevaluating
ChatterBot Echo reevaluating
ChatterBot Uniform reevaluating
ChatterBot Juliett reevaluating
ChatterBot Sierra reevaluating
ChatterBot Bravo reevaluating
ChatterBot Echo reevaluating
ChatterBot Uniform reevaluating
ChatterBot Juliett reevaluating
ChatterBot Quebec reevaluating
ChatterBot Bravo reevaluating
ChatterBot Echo reevaluating
ChatterBot Uniform reevaluating
ChatterBot Juliett reevaluating
ChatterBot Quebec reevaluating
ChatterBot Sierra reevaluating
ChatterBot Echo reevaluating
ChatterBot Uniform reevaluating
ChatterBot Juliett reevaluating
ChatterBot Quebec reevaluating
ChatterBot Sierra reevaluating
ChatterBot Bravo reevaluating
randomSelections Tango: {Tango, Mike, Quebec, Echo, Sierra, Bravo, Juliett} 
2024-10-14 21:20:34.785538 Tango: Group up?
ChatterBot Mike reevaluating
ChatterBot Quebec reevaluating
ChatterBot Echo reevaluating
ChatterBot Sierra reevaluating
ChatterBot Bravo reevaluating
ChatterBot Juliett reevaluating
2024-10-14 21:20:34.800299 Mike: Yes
2024-10-14 21:20:34.800536 Quebec: No
2024-10-14 21:20:34.800749 Echo: No
2024-10-14 21:20:34.801061 Sierra: No
2024-10-14 21:20:34.801764 Bravo: No
2024-10-14 21:20:34.802043 Juliett: No
ChatterBot Quebec reevaluating
ChatterBot Echo reevaluating
ChatterBot Sierra reevaluating
ChatterBot Bravo reevaluating
ChatterBot Juliett reevaluating
ChatterBot Mike reevaluating
ChatterBot Echo reevaluating
ChatterBot Sierra reevaluating
ChatterBot Bravo reevaluating
ChatterBot Juliett reevaluating
ChatterBot Mike reevaluating
ChatterBot Quebec reevaluating
ChatterBot Sierra reevaluating
ChatterBot Bravo reevaluating
ChatterBot Juliett reevaluating
ChatterBot Mike reevaluating
ChatterBot Quebec reevaluating
ChatterBot Echo reevaluating
ChatterBot Bravo reevaluating
ChatterBot Juliett reevaluating
ChatterBot Mike reevaluating
ChatterBot Quebec reevaluating
ChatterBot Echo reevaluating
ChatterBot Sierra reevaluating
ChatterBot Juliett reevaluating
ChatterBot Mike reevaluating
ChatterBot Quebec reevaluating
ChatterBot Echo reevaluating
ChatterBot Sierra reevaluating
ChatterBot Bravo reevaluating
randomSelections Alpha: {Alpha, Sierra, Romeo, Juliett, Quebec, Uniform, Echo} 
2024-10-14 21:20:34.900421 Alpha: Friends?
ChatterBot Sierra reevaluating
ChatterBot Juliett reevaluating
ChatterBot Quebec reevaluating
ChatterBot Uniform reevaluating
ChatterBot Echo reevaluating
2024-10-14 21:20:34.916329 Sierra: No
2024-10-14 21:20:34.916918 Romeo: No
2024-10-14 21:20:34.917362 Juliett: No
2024-10-14 21:20:34.917679 Quebec: No
2024-10-14 21:20:34.917939 Uniform: No
2024-10-14 21:20:34.919113 Echo: No
ChatterBot Juliett reevaluating
ChatterBot Quebec reevaluating
ChatterBot Uniform reevaluating
ChatterBot Echo reevaluating
ChatterBot Sierra reevaluating
ChatterBot Juliett reevaluating
ChatterBot Quebec reevaluating
ChatterBot Uniform reevaluating
ChatterBot Echo reevaluating
ChatterBot Sierra reevaluating
ChatterBot Quebec reevaluating
ChatterBot Uniform reevaluating
ChatterBot Echo reevaluating
ChatterBot Sierra reevaluating
ChatterBot Juliett reevaluating
ChatterBot Uniform reevaluating
ChatterBot Echo reevaluating
ChatterBot Sierra reevaluating
ChatterBot Juliett reevaluating
ChatterBot Quebec reevaluating
ChatterBot Echo reevaluating
ChatterBot Sierra reevaluating
ChatterBot Juliett reevaluating
ChatterBot Quebec reevaluating
ChatterBot Uniform reevaluating
2024-10-14 21:20:35.051880 Sierra: Juliett and Echo, sending you 3
2024-10-14 21:20:35.052290 Alpha: Juliett and Uniform, sending you 4
2024-10-14 21:20:35.053212 Bravo: Juliett, sending you 3
2024-10-14 21:20:35.053535 Romeo: Juliett and Quebec, sending you 3
2024-10-14 21:20:35.054290 Tango: Juliett and Bravo, sending you 2
2024-10-14 21:20:35.054637 Quebec: Juliett, sending you 2
2024-10-14 21:20:35.055004 Mike: Juliett and Bravo, sending you 4
2024-10-14 21:20:35.055990 Sierra: Romeo and Bravo, sending you 2
2024-10-14 21:20:35.057478 Alpha: Romeo, Quebec and Echo, sending you 1
2024-10-14 21:20:35.057853 Romeo: Sierra and Uniform, sending you 1
2024-10-14 21:20:35.058163 Bravo: Romeo and Quebec, sending you 1
2024-10-14 21:20:35.058999 Tango: Quebec, sending you 1
2024-10-14 21:20:35.059271 Echo: Juliett, sending you 6
2024-10-14 21:20:35.059650 Quebec: Romeo, sending you 6
2024-10-14 21:20:35.059997 Uniform: Juliett and Quebec, sending you 2
2024-10-14 21:20:35.060896 Mike: Tango, Quebec and Echo, sending you 2
2024-10-14 21:20:35.061223 Sierra: Uniform, sending you 1
2024-10-14 21:20:35.062084 Romeo: Bravo, sending you 5
2024-10-14 21:20:35.062376 Bravo: Sierra, sending you 2
2024-10-14 21:20:35.062735 Alpha: Sierra, sending you 5
2024-10-14 21:20:35.065190 Tango: Mike, sending you 4
2024-10-14 21:20:35.065555 Echo: Romeo, sending you 1
2024-10-14 21:20:35.066035 Quebec: Sierra, Echo and Uniform, sending you 1
2024-10-14 21:20:35.066978 Uniform: Romeo, sending you 1
2024-10-14 21:20:35.067333 Bravo: Echo, sending you 4
2024-10-14 21:20:35.071383 Echo: Quebec, sending you 2
2024-10-14 21:20:35.071959 Tango: Echo, sending you 7
2024-10-14 21:20:35.072871 Uniform: Sierra, sending you 3
2024-10-14 21:20:35.077460 Echo: Sierra and Bravo, sending you 4
2024-10-14 21:20:35.077976 Uniform: Echo, sending you 5
2024-10-14 21:20:35.097821 Echo: Uniform, sending you 3
2024-10-14 21:20:35.098834 Uniform: Bravo, sending you 4
chatterbot Mike submitting transactions
chatterbot Uniform submitting transactions
chatterbot Bravo submitting transactions
chatterbot Tango submitting transactions
chatterbot Alpha submitting transactions
chatterbot Sierra submitting transactions
chatterbot Echo submitting transactions
chatterbot Quebec submitting transactions
chatterbot Juliett submitting transactions
chatterbot Romeo submitting transactions
ChatterBot Juliett round 2
2024-10-14 21:20:36.041947 Juliett: We should add Alpha
ChatterBot Romeo reevaluating
ChatterBot Uniform reevaluating
ChatterBot Quebec reevaluating
ChatterBot Sierra reevaluating
ChatterBot Bravo reevaluating
ChatterBot Echo reevaluating
2024-10-14 21:20:36.138247 Romeo: Yes
2024-10-14 21:20:36.138522 Uniform: Yes
2024-10-14 21:20:36.138759 Quebec: No
2024-10-14 21:20:36.139506 Sierra: No
2024-10-14 21:20:36.139760 Bravo: No
2024-10-14 21:20:36.140065 Echo: No
ChatterBot Uniform reevaluating
ChatterBot Quebec reevaluating
ChatterBot Sierra reevaluating
ChatterBot Bravo reevaluating
ChatterBot Echo reevaluating
ChatterBot Romeo reevaluating
ChatterBot Quebec reevaluating
ChatterBot Sierra reevaluating
ChatterBot Bravo reevaluating
ChatterBot Echo reevaluating
ChatterBot Romeo reevaluating
ChatterBot Uniform reevaluating
ChatterBot Sierra reevaluating
ChatterBot Bravo reevaluating
ChatterBot Echo reevaluating
ChatterBot Romeo reevaluating
ChatterBot Uniform reevaluating
ChatterBot Quebec reevaluating
ChatterBot Bravo reevaluating
ChatterBot Echo reevaluating
ChatterBot Romeo reevaluating
ChatterBot Uniform reevaluating
ChatterBot Quebec reevaluating
ChatterBot Sierra reevaluating
ChatterBot Echo reevaluating
ChatterBot Romeo reevaluating
ChatterBot Uniform reevaluating
ChatterBot Quebec reevaluating
ChatterBot Sierra reevaluating
ChatterBot Bravo reevaluating
ChatterBot Tango round 2
ChatterBot Romeo round 2
ChatterBot Alpha round 2
ChatterBot Quebec round 2
ChatterBot Mike round 2
ChatterBot Sierra round 2
ChatterBot Echo round 2
ChatterBot Bravo round 2
ChatterBot Uniform round 2
2024-10-14 21:20:36.853278 Juliett: Alpha we want you to join our group
ChatterBot Alpha reevaluating
2024-10-14 21:20:36.863264 Alpha: No
ChatterBot Romeo reevaluating
ChatterBot Quebec reevaluating
ChatterBot Sierra reevaluating
ChatterBot Echo reevaluating
ChatterBot Bravo reevaluating
ChatterBot Uniform reevaluating
2024-10-14 21:20:36.931967 Alpha: We should replace Juliett with Bravo
ChatterBot Romeo reevaluating
ChatterBot Quebec reevaluating
ChatterBot Sierra reevaluating
ChatterBot Echo reevaluating
ChatterBot Uniform reevaluating
2024-10-14 21:20:36.984545 Romeo: Yes
2024-10-14 21:20:36.984928 Quebec: Yes
2024-10-14 21:20:36.985833 Sierra: Yes
2024-10-14 21:20:36.986076 Echo: Yes
2024-10-14 21:20:36.986286 Uniform: Yes
ChatterBot Alpha reevaluating
ChatterBot Quebec reevaluating
ChatterBot Sierra reevaluating
ChatterBot Echo reevaluating
ChatterBot Uniform reevaluating
ChatterBot Alpha reevaluating
ChatterBot Romeo reevaluating
ChatterBot Sierra reevaluating
ChatterBot Echo reevaluating
ChatterBot Uniform reevaluating
ChatterBot Alpha reevaluating
ChatterBot Romeo reevaluating
ChatterBot Quebec reevaluating
ChatterBot Echo reevaluating
ChatterBot Uniform reevaluating
ChatterBot Alpha reevaluating
ChatterBot Romeo reevaluating
ChatterBot Quebec reevaluating
ChatterBot Sierra reevaluating
ChatterBot Uniform reevaluating
ChatterBot Alpha reevaluating
ChatterBot Romeo reevaluating
ChatterBot Quebec reevaluating
ChatterBot Sierra reevaluating
ChatterBot Echo reevaluating
2024-10-14 21:20:37.243928 Tango: We would work well together
ChatterBot Mike reevaluating
ChatterBot Alpha reevaluating
2024-10-14 21:20:37.272067 Juliett: No
2024-10-14 21:20:37.272787 Mike: No
2024-10-14 21:20:37.273046 Alpha: Yes
ChatterBot Mike reevaluating
ChatterBot Alpha reevaluating
ChatterBot Alpha reevaluating
ChatterBot Juliett reevaluating
ChatterBot Mike reevaluating
2024-10-14 21:20:37.351631 Mike: Group up?
2024-10-14 21:20:37.353038 Juliett: We would work well together
2024-10-14 21:20:37.361734 Tango: Yes
ChatterBot Romeo reevaluating
ChatterBot Alpha reevaluating
ChatterBot Mike reevaluating
2024-10-14 21:20:37.445540 Romeo: No
2024-10-14 21:20:37.445782 Quebec: No
2024-10-14 21:20:37.446011 Alpha: No
2024-10-14 21:20:37.446220 Sierra: No
2024-10-14 21:20:37.446795 Echo: No
2024-10-14 21:20:37.446953 Bravo: No
2024-10-14 21:20:37.447118 Uniform: No
2024-10-14 21:20:37.447267 Mike: No
ChatterBot Mike reevaluating
2024-10-14 21:20:37.456660 Tango: No
ChatterBot Juliett reevaluating
ChatterBot Mike reevaluating
ChatterBot Alpha reevaluating
ChatterBot Juliett reevaluating
ChatterBot Mike reevaluating
ChatterBot Romeo reevaluating
ChatterBot Alpha reevaluating
ChatterBot Juliett reevaluating
ChatterBot Mike reevaluating
ChatterBot Romeo reevaluating
ChatterBot Juliett reevaluating
ChatterBot Mike reevaluating
ChatterBot Romeo reevaluating
ChatterBot Alpha reevaluating
ChatterBot Juliett reevaluating
ChatterBot Mike reevaluating
ChatterBot Romeo reevaluating
ChatterBot Alpha reevaluating
ChatterBot Juliett reevaluating
ChatterBot Mike reevaluating
ChatterBot Romeo reevaluating
ChatterBot Alpha reevaluating
ChatterBot Juliett reevaluating
ChatterBot Mike reevaluating
ChatterBot Romeo reevaluating
ChatterBot Alpha reevaluating
ChatterBot Juliett reevaluating
ChatterBot Romeo reevaluating
ChatterBot Alpha reevaluating
ChatterBot Juliett reevaluating
ChatterBot Mike reevaluating
ChatterBot Romeo reevaluating
ChatterBot Alpha reevaluating
2024-10-14 21:20:38.115729 Echo: We should group up
ChatterBot Romeo reevaluating
ChatterBot Alpha reevaluating
2024-10-14 21:20:38.154833 Romeo: No
2024-10-14 21:20:38.155416 Quebec: No
2024-10-14 21:20:38.155539 Alpha: No
2024-10-14 21:20:38.155664 Sierra: No
2024-10-14 21:20:38.155792 Bravo: No
2024-10-14 21:20:38.155892 Uniform: No
2024-10-14 21:20:38.155998 Tango: No
ChatterBot Alpha reevaluating
ChatterBot Romeo reevaluating
ChatterBot Alpha reevaluating
ChatterBot Romeo reevaluating
ChatterBot Romeo reevaluating
ChatterBot Alpha reevaluating
ChatterBot Romeo reevaluating
ChatterBot Alpha reevaluating
ChatterBot Romeo reevaluating
ChatterBot Alpha reevaluating
ChatterBot Romeo reevaluating
ChatterBot Alpha reevaluating
chatterbot Juliett submitting transactions
2024-10-14 21:20:38.542321 Sierra: We should drop Juliett
ChatterBot Romeo reevaluating
2024-10-14 21:20:38.571202 Quebec: Yes
2024-10-14 21:20:38.571591 Romeo: Yes
2024-10-14 21:20:38.571841 Echo: Yes
2024-10-14 21:20:38.572591 Bravo: Yes
2024-10-14 21:20:38.572992 Uniform: Yes
ChatterBot Romeo reevaluating
ChatterBot Romeo reevaluating
ChatterBot Romeo reevaluating
ChatterBot Romeo reevaluating
2024-10-14 21:20:38.719625 Romeo: We should replace Juliett with Alpha
2024-10-14 21:20:38.752595 Quebec: Yes
2024-10-14 21:20:38.753488 Sierra: No
2024-10-14 21:20:38.753871 Echo: Yes
2024-10-14 21:20:38.754141 Bravo: No
2024-10-14 21:20:38.754261 Uniform: Yes
ChatterBot Romeo reevaluating
ChatterBot Romeo reevaluating
ChatterBot Romeo reevaluating
ChatterBot Romeo reevaluating
ChatterBot Romeo reevaluating
chatterbot Tango submitting transactions
2024-10-14 21:20:38.929827 Juliett: Tango, Romeo, Quebec, Sierra, Bravo and Uniform, sending you 1
2024-10-14 21:20:38.931070 Uniform: Alpha we want you to join our group
ChatterBot Alpha reevaluating
2024-10-14 21:20:38.937410 Alpha: Yes
ChatterBot Romeo reevaluating
2024-10-14 21:20:38.968839 Tango: Juliett, sending you 5
2024-10-14 21:20:38.969203 Mike: Juliett and Alpha, sending you 4
2024-10-14 21:20:38.969547 Quebec: Alpha we want you to join our group
ChatterBot Alpha reevaluating
2024-10-14 21:20:38.976056 Alpha: Yes
ChatterBot Romeo reevaluating
ChatterBot Bravo reevaluating
2024-10-14 21:20:39.008248 Bravo: We would work well together
ChatterBot Romeo reevaluating
ChatterBot Alpha reevaluating
ChatterBot Sierra reevaluating
2024-10-14 21:20:39.037602 Romeo: Yes
2024-10-14 21:20:39.037787 Alpha: Yes
2024-10-14 21:20:39.037896 Sierra: No
2024-10-14 21:20:39.038 Echo: Yes
2024-10-14 21:20:39.038101 Uniform: Yes
ChatterBot Bravo reevaluating
ChatterBot Alpha reevaluating
ChatterBot Sierra reevaluating
ChatterBot Bravo reevaluating
ChatterBot Romeo reevaluating
ChatterBot Sierra reevaluating
ChatterBot Bravo reevaluating
ChatterBot Romeo reevaluating
ChatterBot Alpha reevaluating
ChatterBot Bravo reevaluating
ChatterBot Romeo reevaluating
ChatterBot Alpha reevaluating
ChatterBot Sierra reevaluating
ChatterBot Bravo reevaluating
ChatterBot Romeo reevaluating
ChatterBot Alpha reevaluating
ChatterBot Sierra reevaluating
chatterbot Sierra submitting transactions
2024-10-14 21:20:39.299090 Juliett: Alpha, Mike and Echo, sending you 2
2024-10-14 21:20:39.302060 Mike: Tango, sending you 6
2024-10-14 21:20:39.302878 Tango: Alpha, sending you 4
chatterbot Uniform submitting transactions
chatterbot Echo submitting transactions
2024-10-14 21:20:39.305457 Echo: Tango, Alpha, Quebec, Sierra, Bravo and Uniform, sending you 3
2024-10-14 21:20:39.307226 Romeo: Alpha we want you to join our group
ChatterBot Alpha reevaluating
2024-10-14 21:20:39.318874 Alpha: Yes
ChatterBot Bravo reevaluating
2024-10-14 21:20:39.377085 Tango: Mike, sending you 7
2024-10-14 21:20:39.378244 Echo: Romeo, sending you 2
2024-10-14 21:20:39.408897 Alpha: Bravo we want you to join our group
ChatterBot Bravo reevaluating
2024-10-14 21:20:39.420323 Bravo: No
ChatterBot Alpha reevaluating
ChatterBot Sierra reevaluating
2024-10-14 21:20:39.465337 Uniform: Romeo, Quebec and Sierra, sending you 2
2024-10-14 21:20:39.465983 Quebec: Romeo, Alpha, Echo, Bravo and Uniform, sending you 2
2024-10-14 21:20:39.550822 Uniform: Alpha, sending you 6
2024-10-14 21:20:39.551820 Romeo: Alpha, Echo, Bravo and Uniform, sending you 1
2024-10-14 21:20:39.552169 Quebec: Sierra, sending you 1
2024-10-14 21:20:39.646683 Uniform: Echo, sending you 4
2024-10-14 21:20:39.647482 Romeo: Quebec, sending you 6
chatterbot Bravo submitting transactions
2024-10-14 21:20:39.698799 Uniform: Bravo, sending you 1
2024-10-14 21:20:39.699349 Romeo: Sierra, sending you 3
2024-10-14 21:20:39.700199 Sierra: Sending you each 4
2024-10-14 21:20:39.831816 Alpha: Romeo, Quebec, Sierra, Echo and Bravo, sending you 3
2024-10-14 21:20:39.832418 Bravo: Romeo, sending you 5
chatterbot Juliett submitting transactions
chatterbot Quebec submitting transactions
chatterbot Romeo submitting transactions
2024-10-14 21:20:39.966861 Alpha: Uniform, sending you 1
2024-10-14 21:20:39.967816 Bravo: Quebec, sending you 2
chatterbot Mike submitting transactions
chatterbot Alpha submitting transactions
2024-10-14 21:20:39.983139 Bravo: Sierra, Echo and Uniform, sending you 3
ChatterBot Juliett round 3
ChatterBot Tango round 3
ChatterBot Romeo round 3
ChatterBot Alpha round 3
ChatterBot Quebec round 3
ChatterBot Mike round 3
ChatterBot Sierra round 3
ChatterBot Echo round 3
ChatterBot Bravo round 3
ChatterBot Uniform round 3
2024-10-14 21:20:40.003453 Tango: We should replace Alpha with Echo
ChatterBot Mike reevaluating
2024-10-14 21:20:40.061555 Juliett: No
2024-10-14 21:20:40.061772 Mike: No
ChatterBot Mike reevaluating
ChatterBot Juliett reevaluating
2024-10-14 21:20:40.142856 Sierra: We should add Romeo
ChatterBot Bravo reevaluating
ChatterBot Uniform reevaluating
2024-10-14 21:20:40.159220 Alpha: Yes
2024-10-14 21:20:40.159566 Echo: Yes
2024-10-14 21:20:40.159846 Bravo: Yes
2024-10-14 21:20:40.160069 Uniform: Yes
ChatterBot Bravo reevaluating
ChatterBot Uniform reevaluating
ChatterBot Bravo reevaluating
ChatterBot Uniform reevaluating
ChatterBot Uniform reevaluating
ChatterBot Bravo reevaluating
chatterbot Sierra submitting transactions
2024-10-14 21:20:40.234014 Tango: Echo we want you to join our group
2024-10-14 21:20:40.238431 Echo: No
ChatterBot Juliett reevaluating
ChatterBot Mike reevaluating
2024-10-14 21:20:40.249878 Echo: We should drop Tango
ChatterBot Uniform reevaluating
ChatterBot Bravo reevaluating
2024-10-14 21:20:40.271875 Uniform: Yes
2024-10-14 21:20:40.272083 Romeo: Yes
2024-10-14 21:20:40.272463 Quebec: Yes
2024-10-14 21:20:40.272719 Alpha: Yes
2024-10-14 21:20:40.273279 Sierra: Yes
2024-10-14 21:20:40.273446 Bravo: Yes
ChatterBot Bravo reevaluating
ChatterBot Uniform reevaluating
ChatterBot Bravo reevaluating
ChatterBot Uniform reevaluating
ChatterBot Bravo reevaluating
ChatterBot Uniform reevaluating
ChatterBot Bravo reevaluating
ChatterBot Uniform reevaluating
ChatterBot Bravo reevaluating
ChatterBot Uniform reevaluating
2024-10-14 21:20:40.406862 Sierra: Romeo we want you to join our group
2024-10-14 21:20:40.410661 Romeo: Yes
ChatterBot Bravo reevaluating
ChatterBot Uniform reevaluating
chatterbot Alpha submitting transactions
2024-10-14 21:20:40.430183 Mike: We should drop Alpha
ChatterBot Juliett reevaluating
2024-10-14 21:20:40.437694 Tango: Yes
2024-10-14 21:20:40.437930 Juliett: No
ChatterBot Juliett reevaluating
chatterbot Bravo submitting transactions
2024-10-14 21:20:40.451812 Romeo: Alpha, Sierra and Echo, sending you 2
2024-10-14 21:20:40.452783 Alpha: Romeo, Quebec and Bravo, sending you 2
2024-10-14 21:20:40.474971 Juliett: We should drop Tango and Mike
2024-10-14 21:20:40.497641 Romeo: Yes
2024-10-14 21:20:40.497821 Quebec: Yes
2024-10-14 21:20:40.497965 Alpha: Yes
2024-10-14 21:20:40.498084 Sierra: Yes
2024-10-14 21:20:40.498648 Echo: Yes
2024-10-14 21:20:40.498792 Bravo: Yes
2024-10-14 21:20:40.498901 Uniform: Yes
ChatterBot Juliett reevaluating
ChatterBot Bravo reevaluating
ChatterBot Juliett reevaluating
ChatterBot Bravo reevaluating
ChatterBot Juliett reevaluating
ChatterBot Bravo reevaluating
ChatterBot Juliett reevaluating
ChatterBot Bravo reevaluating
ChatterBot Juliett reevaluating
ChatterBot Bravo reevaluating
ChatterBot Juliett reevaluating
ChatterBot Juliett reevaluating
ChatterBot Bravo reevaluating
2024-10-14 21:20:40.730930 Quebec: Romeo, sending you 3
2024-10-14 21:20:40.731414 Alpha: Sierra and Echo, sending you 3
2024-10-14 21:20:40.732219 Tango: Juliett and Echo, sending you 5
2024-10-14 21:20:40.732497 Romeo: Quebec and Bravo, sending you 3
chatterbot Romeo submitting transactions
2024-10-14 21:20:40.733862 Quebec: Alpha, Echo, Bravo and Uniform, sending you 2
2024-10-14 21:20:40.770318 Alpha: Uniform, sending you 4
2024-10-14 21:20:40.771478 Tango: Mike, sending you 6
2024-10-14 21:20:40.771772 Echo: Romeo, Alpha, Quebec and Sierra, sending you 3
2024-10-14 21:20:40.772557 Mike: Juliett, sending you 6
2024-10-14 21:20:40.772793 Uniform: Romeo, sending you 1
2024-10-14 21:20:40.773238 Romeo: Uniform, sending you 1
2024-10-14 21:20:40.773987 Sierra: Romeo, Alpha, Bravo and Uniform, sending you 3
2024-10-14 21:20:40.810206 Echo: Bravo and Uniform, sending you 4
2024-10-14 21:20:40.810942 Mike: Tango, sending you 8
2024-10-14 21:20:40.811708 Uniform: Alpha, Quebec, Sierra and Bravo, sending you 3
2024-10-14 21:20:40.812243 Sierra: Echo, sending you 4
chatterbot Echo submitting transactions
2024-10-14 21:20:40.997860 Uniform: Echo, sending you 4
2024-10-14 21:20:40.999389 Bravo: Romeo, Quebec, Sierra and Uniform, sending you 3
2024-10-14 21:20:41.001018 Juliett: Romeo, Alpha, Quebec, Sierra, Echo and Bravo, sending you 2
2024-10-14 21:20:41.002692 Echo: Sierra did not give me 4 like they said
ChatterBot Uniform reevaluating
ChatterBot Romeo reevaluating
ChatterBot Quebec reevaluating
ChatterBot Alpha reevaluating
ChatterBot Sierra reevaluating
ChatterBot Bravo reevaluating
chatterbot Alpha submitting transactions
chatterbot Uniform submitting transactions
chatterbot Sierra submitting transactions
chatterbot Tango submitting transactions
chatterbot Quebec submitting transactions
chatterbot Romeo submitting transactions
chatterbot Mike submitting transactions
chatterbot Alpha submitting transactions
chatterbot Sierra submitting transactions
chatterbot Juliett submitting transactions
ChatterBot Juliett round 4
ChatterBot Tango round 4
ChatterBot Romeo round 4
ChatterBot Alpha round 4
ChatterBot Quebec round 4
ChatterBot Mike round 4
ChatterBot Sierra round 4
ChatterBot Echo round 4
2024-10-14 21:20:41.789639 Tango: We should replace Echo with Romeo
2024-10-14 21:20:41.797904 Juliett: No
2024-10-14 21:20:41.798204 Mike: No
ChatterBot Tango reevaluating
ChatterBot Tango reevaluating
ChatterBot Bravo round 4
ChatterBot Uniform round 4
2024-10-14 21:20:41.835578 Tango: We should replace Echo with Quebec
2024-10-14 21:20:41.843426 Juliett: No
2024-10-14 21:20:41.844425 Mike: No
ChatterBot Tango reevaluating
ChatterBot Tango reevaluating
2024-10-14 21:20:41.866959 Bravo: We should replace Quebec with Alpha
2024-10-14 21:20:41.876987 Romeo: No
2024-10-14 21:20:41.877391 Sierra: Yes
2024-10-14 21:20:41.877711 Echo: No
2024-10-14 21:20:41.877957 Uniform: No
chatterbot Uniform submitting transactions
2024-10-14 21:20:41.918051 Bravo: Alpha we want you to join our group
2024-10-14 21:20:41.921703 Alpha: Yes
2024-10-14 21:20:41.937017 Juliett: Romeo, Alpha, Quebec, Sierra, Echo and Bravo, sending you 2
2024-10-14 21:20:41.942578 Alpha: Romeo and Bravo, sending you 2
2024-10-14 21:20:41.947685 Romeo: Alpha, Sierra and Echo, sending you 2
2024-10-14 21:20:41.950590 Uniform: Romeo, sending you 2
2024-10-14 21:20:41.952692 Sierra: Romeo, Alpha, Bravo and Uniform, sending you 3
2024-10-14 21:20:41.954702 Quebec: Romeo, Alpha, Echo, Bravo and Uniform, sending you 2
2024-10-14 21:20:41.957276 Alpha: Quebec, Sierra, Echo and Uniform, sending you 3
2024-10-14 21:20:41.959097 Echo: Romeo, Alpha, Quebec and Sierra, sending you 3
2024-10-14 21:20:41.961505 Mike: Juliett, sending you 6
2024-10-14 21:20:41.962771 Romeo: Quebec and Bravo, sending you 3
2024-10-14 21:20:41.964816 Uniform: Alpha, Quebec, Sierra, Echo and Bravo, sending you 3
2024-10-14 21:20:41.965585 Sierra: Echo, sending you 4
2024-10-14 21:20:41.966626 Quebec: Sierra, sending you 1
2024-10-14 21:20:41.967381 Echo: Bravo and Uniform, sending you 4
2024-10-14 21:20:41.968461 Mike: Tango, sending you 8
2024-10-14 21:20:41.968848 Romeo: Uniform, sending you 1
2024-10-14 21:20:41.969426 Bravo: Romeo, Alpha, Sierra and Uniform, sending you 3
2024-10-14 21:20:41.973864 Tango: Juliett and Echo, sending you 5
2024-10-14 21:20:41.974707 Bravo: Echo, sending you 4
2024-10-14 21:20:41.976702 Tango: Mike, sending you 6
chatterbot Bravo submitting transactions
chatterbot Alpha submitting transactions
chatterbot Mike submitting transactions
chatterbot Juliett submitting transactions
chatterbot Quebec submitting transactions
chatterbot Quebec submitting transactions
chatterbot Bravo submitting transactions
chatterbot Uniform submitting transactions
chatterbot Romeo submitting transactions
chatterbot Tango submitting transactions
chatterbot Echo submitting transactions
chatterbot Sierra submitting transactions
ChatterBot Juliett round 5
ChatterBot Tango round 5
ChatterBot Romeo round 5
ChatterBot Alpha round 5
ChatterBot Quebec round 5
ChatterBot Mike round 5
ChatterBot Sierra round 5
2024-10-14 21:20:43.077325 Tango: We should replace Echo with Sierra
2024-10-14 21:20:43.083535 Juliett: No
2024-10-14 21:20:43.083756 Mike: No
ChatterBot Tango reevaluating
ChatterBot Tango reevaluating
ChatterBot Echo round 5
ChatterBot Bravo round 5
ChatterBot Uniform round 5
2024-10-14 21:20:43.139077 Juliett: Romeo, Alpha, Quebec, Sierra, Echo and Bravo, sending you 2
2024-10-14 21:20:43.139913 Mike: Juliett, sending you 4
2024-10-14 21:20:43.141689 Echo: Romeo, Alpha, Quebec, Sierra and Uniform, sending you 3
2024-10-14 21:20:43.142759 Alpha: Romeo and Bravo, sending you 2
2024-10-14 21:20:43.143888 Romeo: Alpha, Quebec, Sierra, Echo and Uniform, sending you 2
2024-10-14 21:20:43.144549 Quebec: Romeo, Alpha, Echo, Bravo and Uniform, sending you 2
2024-10-14 21:20:43.145530 Mike: Tango, sending you 6
2024-10-14 21:20:43.145961 Sierra: Romeo, Alpha, Bravo and Uniform, sending you 3
2024-10-14 21:20:43.146700 Romeo: Bravo, sending you 3
2024-10-14 21:20:43.148091 Echo: Bravo, sending you 5
2024-10-14 21:20:43.148656 Alpha: Quebec, Sierra, Echo and Uniform, sending you 3
2024-10-14 21:20:43.149687 Quebec: Sierra, sending you 1
2024-10-14 21:20:43.150375 Bravo: Romeo, Alpha, Sierra and Uniform, sending you 3
2024-10-14 21:20:43.150800 Sierra: Echo, sending you 4
2024-10-14 21:20:43.151672 Tango: Juliett, sending you 4
2024-10-14 21:20:43.152136 Uniform: Romeo, sending you 1
2024-10-14 21:20:43.154706 Tango: Mike, sending you 7
2024-10-14 21:20:43.155693 Bravo: Echo, sending you 4
2024-10-14 21:20:43.156691 Uniform: Alpha, Quebec, Sierra and Bravo, sending you 3
2024-10-14 21:20:43.158159 Tango: Echo, sending you 5
2024-10-14 21:20:43.162673 Uniform: Echo, sending you 4
chatterbot Alpha submitting transactions
chatterbot Mike submitting transactions
chatterbot Tango submitting transactions
chatterbot Bravo submitting transactions
chatterbot Sierra submitting transactions
chatterbot Quebec submitting transactions
chatterbot Uniform submitting transactions
chatterbot Romeo submitting transactions
chatterbot Juliett submitting transactions
chatterbot Echo submitting transactions
ChatterBot Juliett round 6
ChatterBot Tango round 6
ChatterBot Romeo round 6
ChatterBot Alpha round 6
ChatterBot Quebec round 6
ChatterBot Mike round 6
ChatterBot Sierra round 6
ChatterBot Echo round 6
ChatterBot Bravo round 6
ChatterBot Uniform round 6
2024-10-14 21:20:44.100582 Alpha: We should drop Quebec
2024-10-14 21:20:44.113340 Bravo: Yes
2024-10-14 21:20:44.113493 Romeo: No
2024-10-14 21:20:44.113610 Sierra: Yes
2024-10-14 21:20:44.113736 Echo: No
2024-10-14 21:20:44.114260 Uniform: No
ChatterBot Romeo reevaluating
ChatterBot Romeo reevaluating
ChatterBot Uniform reevaluating
ChatterBot Romeo reevaluating
ChatterBot Uniform reevaluating
ChatterBot Romeo reevaluating
ChatterBot Alpha reevaluating
2024-10-14 21:20:44.191376 Alpha: We should add Juliett
ChatterBot Uniform reevaluating
ChatterBot Romeo reevaluating
2024-10-14 21:20:44.220687 Uniform: No
2024-10-14 21:20:44.220931 Romeo: No
2024-10-14 21:20:44.221114 Quebec: No
2024-10-14 21:20:44.221846 Sierra: No
2024-10-14 21:20:44.222001 Echo: No
2024-10-14 21:20:44.222148 Bravo: No
ChatterBot Romeo reevaluating
ChatterBot Alpha reevaluating
ChatterBot Uniform reevaluating
ChatterBot Alpha reevaluating
ChatterBot Uniform reevaluating
ChatterBot Romeo reevaluating
ChatterBot Alpha reevaluating
ChatterBot Uniform reevaluating
ChatterBot Romeo reevaluating
ChatterBot Alpha reevaluating
ChatterBot Uniform reevaluating
ChatterBot Romeo reevaluating
ChatterBot Alpha reevaluating
ChatterBot Uniform reevaluating
ChatterBot Romeo reevaluating
ChatterBot Alpha reevaluating
2024-10-14 21:20:44.350985 Juliett: Romeo, Alpha, Quebec, Sierra, Echo and Bravo, sending you 2
2024-10-14 21:20:44.351805 Quebec: Romeo, Alpha, Echo, Bravo and Uniform, sending you 2
2024-10-14 21:20:44.352417 Mike: Juliett, sending you 6
2024-10-14 21:20:44.353286 Echo: Romeo, Alpha, Quebec, Sierra and Uniform, sending you 3
2024-10-14 21:20:44.353849 Tango: Juliett, sending you 4
2024-10-14 21:20:44.354747 Quebec: Sierra, sending you 1
2024-10-14 21:20:44.355906 Mike: Tango, sending you 8
2024-10-14 21:20:44.356708 Sierra: Romeo, Alpha, Bravo and Uniform, sending you 3
2024-10-14 21:20:44.357894 Echo: Bravo, sending you 4
2024-10-14 21:20:44.358949 Echo: I was attacked by Mike
ChatterBot Uniform reevaluating
ChatterBot Romeo reevaluating
ChatterBot Quebec reevaluating
ChatterBot Alpha reevaluating
ChatterBot Sierra reevaluating
ChatterBot Bravo reevaluating
2024-10-14 21:20:44.384097 Echo: Ow
2024-10-14 21:20:44.385641 Tango: Mike, sending you 7
2024-10-14 21:20:44.389682 Tango: Echo, sending you 5
2024-10-14 21:20:44.408673 Bravo: Romeo, Alpha, Sierra and Uniform, sending you 3
2024-10-14 21:20:44.411144 Alpha: Romeo, Sierra, Bravo and Uniform, sending you 3
2024-10-14 21:20:44.411896 Uniform: Romeo, Alpha, Sierra and Bravo, sending you 3
2024-10-14 21:20:44.413660 Bravo: Echo, sending you 4
2024-10-14 21:20:44.415875 Alpha: Echo, sending you 4
2024-10-14 21:20:44.416748 Uniform: Echo, sending you 5
2024-10-14 21:20:44.417527 Romeo: Alpha and Uniform, sending you 2
2024-10-14 21:20:44.422678 Romeo: Sierra, Echo and Bravo, sending you 3
chatterbot Juliett submitting transactions
chatterbot Echo submitting transactions
chatterbot Quebec submitting transactions
chatterbot Bravo submitting transactions
chatterbot Bravo submitting transactions
chatterbot Sierra submitting transactions
chatterbot Romeo submitting transactions
chatterbot Mike submitting transactions
chatterbot Sierra submitting transactions
chatterbot Alpha submitting transactions
chatterbot Tango submitting transactions
chatterbot Quebec submitting transactions
chatterbot Uniform submitting transactions
ChatterBot Juliett round 7
ChatterBot Tango round 7
ChatterBot Romeo round 7
ChatterBot Alpha round 7
ChatterBot Quebec round 7
ChatterBot Mike round 7
ChatterBot Sierra round 7
ChatterBot Echo round 7
ChatterBot Bravo round 7
ChatterBot Uniform round 7
2024-10-14 21:20:45.512668 Romeo: We should add Quebec
ChatterBot Uniform reevaluating
2024-10-14 21:20:45.529113 Bravo: No
2024-10-14 21:20:45.529981 Alpha: No
2024-10-14 21:20:45.530166 Sierra: No
2024-10-14 21:20:45.530316 Echo: Yes
2024-10-14 21:20:45.530469 Uniform: Yes
ChatterBot Uniform reevaluating
ChatterBot Romeo reevaluating
ChatterBot Uniform reevaluating
ChatterBot Romeo reevaluating
ChatterBot Uniform reevaluating
ChatterBot Romeo reevaluating
ChatterBot Uniform reevaluating
ChatterBot Romeo reevaluating
2024-10-14 21:20:45.640175 Tango: We should replace Echo with Sierra
2024-10-14 21:20:45.649266 Juliett: No
2024-10-14 21:20:45.649905 Mike: No
ChatterBot Tango reevaluating
ChatterBot Tango reevaluating
2024-10-14 21:20:45.674064 Tango: We should replace Echo with Uniform
2024-10-14 21:20:45.680281 Juliett: No
2024-10-14 21:20:45.680947 Mike: No
ChatterBot Tango reevaluating
ChatterBot Tango reevaluating
2024-10-14 21:20:45.695618 Tango: We should replace Echo with Alpha
2024-10-14 21:20:45.704119 Juliett: No
2024-10-14 21:20:45.704777 Mike: No
ChatterBot Tango reevaluating
ChatterBot Tango reevaluating
2024-10-14 21:20:45.716670 Uniform: Quebec we want you to join our group
2024-10-14 21:20:45.720401 Quebec: Yes
ChatterBot Romeo reevaluating
ChatterBot Alpha reevaluating
ChatterBot Sierra reevaluating
ChatterBot Bravo reevaluating
2024-10-14 21:20:45.740050 Sierra: We should replace Bravo with Quebec
2024-10-14 21:20:45.740340 Bravo: We should replace Sierra with Quebec
ChatterBot Romeo reevaluating
ChatterBot Alpha reevaluating
2024-10-14 21:20:45.752424 Romeo: No
ChatterBot Romeo reevaluating
2024-10-14 21:20:45.755480 Alpha: No
ChatterBot Alpha reevaluating
2024-10-14 21:20:45.758982 Echo: No
2024-10-14 21:20:45.761982 Uniform: No
2024-10-14 21:20:45.765038 Romeo: No
2024-10-14 21:20:45.765204 Alpha: No
2024-10-14 21:20:45.765303 Echo: No
2024-10-14 21:20:45.765389 Uniform: No
ChatterBot Sierra reevaluating
ChatterBot Alpha reevaluating
ChatterBot Sierra reevaluating
ChatterBot Romeo reevaluating
ChatterBot Bravo reevaluating
ChatterBot Sierra reevaluating
ChatterBot Romeo reevaluating
ChatterBot Alpha reevaluating
ChatterBot Bravo reevaluating
ChatterBot Sierra reevaluating
ChatterBot Romeo reevaluating
ChatterBot Alpha reevaluating
ChatterBot Bravo reevaluating
ChatterBot Alpha reevaluating
ChatterBot Bravo reevaluating
ChatterBot Romeo reevaluating
ChatterBot Romeo reevaluating
ChatterBot Alpha reevaluating
ChatterBot Romeo reevaluating
ChatterBot Alpha reevaluating
2024-10-14 21:20:45.859974 Tango: We should replace Echo with Bravo
2024-10-14 21:20:45.864668 Juliett: No
2024-10-14 21:20:45.864875 Mike: No
ChatterBot Tango reevaluating
ChatterBot Tango reevaluating
2024-10-14 21:20:45.875708 Echo: Sending you each 3
2024-10-14 21:20:45.876691 Mike: Juliett, sending you 6
2024-10-14 21:20:45.877076 Juliett: Romeo, Alpha, Quebec, Sierra, Echo and Bravo, sending you 2
2024-10-14 21:20:45.877785 Quebec: Romeo, Alpha and Uniform, sending you 2
2024-10-14 21:20:45.880682 Tango: Alpha we want you to join our group
ChatterBot Alpha reevaluating
2024-10-14 21:20:45.884298 Alpha: No
ChatterBot Tango reevaluating
2024-10-14 21:20:45.892731 Tango: We should replace Echo with Romeo
2024-10-14 21:20:45.897697 Juliett: No
2024-10-14 21:20:45.897869 Mike: No
ChatterBot Tango reevaluating
ChatterBot Tango reevaluating
2024-10-14 21:20:45.909700 Mike: Tango, sending you 8
2024-10-14 21:20:45.910010 Mike: I was attacked by Echo
ChatterBot Tango reevaluating
ChatterBot Juliett reevaluating
2024-10-14 21:20:45.916196 Mike: Ow
2024-10-14 21:20:45.916913 Bravo: Quebec we want you to join our group
2024-10-14 21:20:45.919438 Quebec: Yes
ChatterBot Bravo reevaluating
ChatterBot Romeo reevaluating
ChatterBot Alpha reevaluating
2024-10-14 21:20:45.932454 Sierra: Quebec we want you to join our group
2024-10-14 21:20:45.935145 Quebec: Yes
ChatterBot Alpha reevaluating
ChatterBot Sierra reevaluating
2024-10-14 21:20:45.948532 Quebec: Sierra and Bravo, sending you 1
2024-10-14 21:20:45.949748 Romeo: Quebec we want you to join our group
2024-10-14 21:20:45.952569 Quebec: Yes
ChatterBot Sierra reevaluating
ChatterBot Bravo reevaluating
2024-10-14 21:20:45.968557 Tango: Sierra we want you to join our group
ChatterBot Sierra reevaluating
2024-10-14 21:20:45.971657 Sierra: No
ChatterBot Tango reevaluating
ChatterBot Juliett reevaluating
ChatterBot Mike reevaluating
2024-10-14 21:20:45.981380 Mike: We should add Alpha
ChatterBot Tango reevaluating
ChatterBot Juliett reevaluating
2024-10-14 21:20:45.987546 Tango: No
2024-10-14 21:20:45.987671 Juliett: Yes
ChatterBot Juliett reevaluating
ChatterBot Mike reevaluating
ChatterBot Tango reevaluating
ChatterBot Mike reevaluating
2024-10-14 21:20:46.005906 Quebec: Echo, sending you 3
2024-10-14 21:20:46.007765 Uniform: Romeo and Quebec, sending you 2
2024-10-14 21:20:46.008856 Alpha: Quebec we want you to join our group
2024-10-14 21:20:46.013288 Quebec: Yes
ChatterBot Sierra reevaluating
ChatterBot Bravo reevaluating
chatterbot Uniform submitting transactions
2024-10-14 21:20:46.030703 Tango: Uniform we want you to join our group
2024-10-14 21:20:46.033528 Uniform: No
ChatterBot Tango reevaluating
ChatterBot Juliett reevaluating
ChatterBot Mike reevaluating
2024-10-14 21:20:46.045930 Uniform: Alpha, Sierra and Bravo, sending you 3
2024-10-14 21:20:46.050721 Uniform: Echo, sending you 4
2024-10-14 21:20:46.053710 Romeo: Alpha, Quebec, Sierra, Echo and Uniform, sending you 2
2024-10-14 21:20:46.056683 Alpha: Romeo and Quebec, sending you 2
2024-10-14 21:20:46.058143 Romeo: Bravo, sending you 3
chatterbot Echo submitting transactions
2024-10-14 21:20:46.061691 Alpha: Sierra, Echo, Bravo and Uniform, sending you 3
2024-10-14 21:20:46.069683 Bravo: Romeo, Alpha, Quebec and Uniform, sending you 3
2024-10-14 21:20:46.073693 Bravo: Echo, sending you 4
2024-10-14 21:20:46.074158 Tango: Juliett, sending you 5
2024-10-14 21:20:46.078665 Tango: Mike, sending you 7
2024-10-14 21:20:46.079691 Sierra: Romeo, Alpha, Quebec and Uniform, sending you 3
2024-10-14 21:20:46.083054 Tango: Uniform, sending you 4
2024-10-14 21:20:46.084940 Sierra: Echo, sending you 4
chatterbot Quebec submitting transactions
chatterbot Mike submitting transactions
chatterbot Sierra submitting transactions
chatterbot Alpha submitting transactions
chatterbot Mike submitting transactions
chatterbot Tango submitting transactions
chatterbot Bravo submitting transactions
chatterbot Juliett submitting transactions
chatterbot Romeo submitting transactions
ChatterBot Juliett round 8
ChatterBot Tango round 8
ChatterBot Romeo round 8
ChatterBot Alpha round 8
ChatterBot Quebec round 8
ChatterBot Mike round 8
ChatterBot Sierra round 8
ChatterBot Echo round 8
ChatterBot Bravo round 8
ChatterBot Uniform round 8
2024-10-14 21:20:46.782443 Mike: We should add Sierra
2024-10-14 21:20:46.787780 Tango: No
2024-10-14 21:20:46.787970 Juliett: Yes
ChatterBot Mike reevaluating
ChatterBot Tango reevaluating
ChatterBot Mike reevaluating
2024-10-14 21:20:46.798938 Tango: We should replace Uniform with Bravo
ChatterBot Mike reevaluating
2024-10-14 21:20:46.804914 Juliett: No
2024-10-14 21:20:46.805091 Mike: No
ChatterBot Tango reevaluating
ChatterBot Mike reevaluating
ChatterBot Tango reevaluating
2024-10-14 21:20:46.844670 Quebec: Romeo, Alpha, Echo, Bravo and Uniform, sending you 2
2024-10-14 21:20:46.846502 Juliett: Romeo, Alpha, Quebec, Sierra, Echo and Bravo, sending you 2
2024-10-14 21:20:46.847681 Echo: Romeo, Alpha, Sierra, Bravo and Uniform, sending you 3
2024-10-14 21:20:46.849038 Sierra: Romeo, Alpha, Quebec and Uniform, sending you 3
2024-10-14 21:20:46.849528 Romeo: Alpha, Quebec, Sierra, Echo and Uniform, sending you 2
2024-10-14 21:20:46.850692 Quebec: Sierra, sending you 1
2024-10-14 21:20:46.852460 Alpha: Romeo and Quebec, sending you 2
2024-10-14 21:20:46.853852 Echo: Quebec, sending you 2
2024-10-14 21:20:46.854691 Sierra: Echo, sending you 4
2024-10-14 21:20:46.855895 Romeo: Bravo, sending you 3
2024-10-14 21:20:46.856668 Bravo: Romeo, Alpha, Quebec and Uniform, sending you 3
2024-10-14 21:20:46.858678 Alpha: Sierra, Echo, Bravo and Uniform, sending you 3
2024-10-14 21:20:46.860136 Uniform: Romeo and Quebec, sending you 2
2024-10-14 21:20:46.861040 Mike: Juliett, sending you 6
2024-10-14 21:20:46.861960 Tango: Juliett, sending you 5
2024-10-14 21:20:46.862343 Bravo: Echo, sending you 4
2024-10-14 21:20:46.863699 Uniform: Alpha, Sierra and Bravo, sending you 3
2024-10-14 21:20:46.865228 Tango: Mike, sending you 7
2024-10-14 21:20:46.865649 Mike: Tango, sending you 8
