ChatterBot India round 1
ChatterBot Zulu round 1
ChatterBot November round 1
ChatterBot Bravo round 1
ChatterBot Yankee round 1
ChatterBot Papa round 1
ChatterBot Tango round 1
ChatterBot Golf round 1
ChatterBot Romeo round 1
ChatterBot Victor round 1
randomSelections Papa: {Papa, Romeo, India, Tango, Golf, Bravo} 
2024-10-14 19:41:06.169819 Papa: We should group up
ChatterBot Romeo reevaluating
ChatterBot India reevaluating
ChatterBot Tango reevaluating
ChatterBot Golf reevaluating
ChatterBot Bravo reevaluating
2024-10-14 19:41:06.196463 Romeo: Yes
2024-10-14 19:41:06.196656 India: Yes
2024-10-14 19:41:06.196858 Tango: Yes
2024-10-14 19:41:06.196977 Golf: Yes
2024-10-14 19:41:06.197082 Bravo: Yes
ChatterBot India reevaluating
ChatterBot Tango reevaluating
ChatterBot Golf reevaluating
ChatterBot Bravo reevaluating
ChatterBot Romeo reevaluating
ChatterBot Tango reevaluating
ChatterBot Golf reevaluating
ChatterBot Bravo reevaluating
ChatterBot Romeo reevaluating
ChatterBot India reevaluating
ChatterBot Golf reevaluating
ChatterBot Bravo reevaluating
ChatterBot Romeo reevaluating
ChatterBot India reevaluating
ChatterBot Tango reevaluating
ChatterBot Bravo reevaluating
ChatterBot Romeo reevaluating
ChatterBot India reevaluating
ChatterBot Tango reevaluating
ChatterBot Golf reevaluating
randomSelections November: {November, Golf, Zulu, Bravo, Romeo, Yankee} 
2024-10-14 19:41:06.330004 November: We should group up
ChatterBot Golf reevaluating
ChatterBot Zulu reevaluating
ChatterBot Bravo reevaluating
ChatterBot Romeo reevaluating
ChatterBot Yankee reevaluating
2024-10-14 19:41:06.338273 Golf: No
2024-10-14 19:41:06.338490 Zulu: Yes
2024-10-14 19:41:06.338599 Bravo: No
2024-10-14 19:41:06.339343 Romeo: No
2024-10-14 19:41:06.339497 Yankee: Yes
ChatterBot Zulu reevaluating
ChatterBot Bravo reevaluating
ChatterBot Romeo reevaluating
ChatterBot Yankee reevaluating
ChatterBot Golf reevaluating
ChatterBot Bravo reevaluating
ChatterBot Romeo reevaluating
ChatterBot Yankee reevaluating
ChatterBot Golf reevaluating
ChatterBot Zulu reevaluating
ChatterBot Romeo reevaluating
ChatterBot Yankee reevaluating
ChatterBot Golf reevaluating
ChatterBot Zulu reevaluating
ChatterBot Bravo reevaluating
ChatterBot Yankee reevaluating
ChatterBot Golf reevaluating
ChatterBot Zulu reevaluating
ChatterBot Bravo reevaluating
ChatterBot Romeo reevaluating
randomSelections Victor: {Victor, November, Yankee, Bravo} 
2024-10-14 19:41:06.379526 Victor: Let's form a team
ChatterBot Yankee reevaluating
ChatterBot Bravo reevaluating
2024-10-14 19:41:06.384096 November: No
2024-10-14 19:41:06.384367 Yankee: No
2024-10-14 19:41:06.384644 Bravo: No
ChatterBot Yankee reevaluating
ChatterBot Bravo reevaluating
ChatterBot Bravo reevaluating
ChatterBot Yankee reevaluating
2024-10-14 19:41:06.421716 Zulu: November and Yankee, sending you 2
2024-10-14 19:41:06.422337 Bravo: India and Golf, sending you 3
2024-10-14 19:41:06.423460 Victor: November, sending you 5
2024-10-14 19:41:06.423859 Tango: India and Bravo, sending you 4
2024-10-14 19:41:06.425676 Zulu: Bravo, sending you 1
2024-10-14 19:41:06.426261 Bravo: Papa, sending you 2
2024-10-14 19:41:06.427572 November: Zulu and Bravo, sending you 1
2024-10-14 19:41:06.428211 Victor: Bravo, sending you 3
2024-10-14 19:41:06.429420 Papa: India, sending you 4
2024-10-14 19:41:06.430335 Tango: Papa, sending you 1
2024-10-14 19:41:06.434515 Romeo: India and Bravo, sending you 1
2024-10-14 19:41:06.441020 Zulu: Golf, sending you 7
2024-10-14 19:41:06.443358 Bravo: Tango, sending you 4
2024-10-14 19:41:06.445361 India: Bravo and Golf, sending you 5
2024-10-14 19:41:06.446418 November: Yankee and Golf, sending you 2
2024-10-14 19:41:06.447281 Victor: Yankee, sending you 8
2024-10-14 19:41:06.448455 Papa: Bravo, sending you 1
2024-10-14 19:41:06.449377 Tango: Golf, sending you 6
2024-10-14 19:41:06.450762 Romeo: Papa, sending you 4
2024-10-14 19:41:06.451328 Zulu: Romeo, sending you 4
2024-10-14 19:41:06.452565 Bravo: Romeo, sending you 5
2024-10-14 19:41:06.453375 Yankee: Zulu, Golf and Romeo, sending you 3
2024-10-14 19:41:06.454801 Golf: India and Papa, sending you 1
2024-10-14 19:41:06.455447 India: Tango and Romeo, sending you 3
2024-10-14 19:41:06.457043 November: Romeo, sending you 3
2024-10-14 19:41:06.457699 Papa: Tango, sending you 5
2024-10-14 19:41:06.459395 Tango: Romeo, sending you 2
2024-10-14 19:41:06.460083 Romeo: Tango and Golf, sending you 2
2024-10-14 19:41:06.461797 Yankee: November, sending you 4
2024-10-14 19:41:06.462280 Golf: Bravo, sending you 7
2024-10-14 19:41:06.465058 Papa: Golf, sending you 2
2024-10-14 19:41:06.466683 Yankee: Bravo, sending you 5
2024-10-14 19:41:06.468118 Golf: Tango, sending you 4
2024-10-14 19:41:06.470231 Papa: Romeo, sending you 3
2024-10-14 19:41:06.470901 Golf: Romeo, sending you 2
chatterbot Zulu submitting transactions
chatterbot Bravo submitting transactions
chatterbot Yankee submitting transactions
chatterbot Papa submitting transactions
chatterbot Tango submitting transactions
chatterbot Golf submitting transactions
chatterbot November submitting transactions
chatterbot Victor submitting transactions
chatterbot Romeo submitting transactions
chatterbot India submitting transactions
ChatterBot India round 2
ChatterBot Zulu round 2
ChatterBot November round 2
ChatterBot Bravo round 2
ChatterBot Yankee round 2
2024-10-14 19:41:07.647538 November: Let's form a team
ChatterBot Zulu reevaluating
ChatterBot Yankee reevaluating
ChatterBot Victor reevaluating
2024-10-14 19:41:07.667975 Zulu: Yes
2024-10-14 19:41:07.668218 Yankee: Yes
2024-10-14 19:41:07.668377 Victor: No
ChatterBot Yankee reevaluating
ChatterBot Victor reevaluating
ChatterBot Zulu reevaluating
ChatterBot Victor reevaluating
ChatterBot Zulu reevaluating
ChatterBot Yankee reevaluating
2024-10-14 19:41:07.717966 Yankee: Friends?
ChatterBot Victor reevaluating
ChatterBot Zulu reevaluating
2024-10-14 19:41:07.737092 November: Yes
2024-10-14 19:41:07.737256 Victor: No
2024-10-14 19:41:07.737370 Zulu: Yes
ChatterBot Zulu reevaluating
ChatterBot Yankee reevaluating
ChatterBot Victor reevaluating
ChatterBot Zulu reevaluating
ChatterBot Yankee reevaluating
ChatterBot Yankee reevaluating
ChatterBot Victor reevaluating
ChatterBot Papa round 2
ChatterBot Tango round 2
ChatterBot Golf round 2
ChatterBot Romeo round 2
ChatterBot Victor round 2
2024-10-14 19:41:07.883894 Victor: We should drop November and Bravo
2024-10-14 19:41:07.887641 Yankee: No
ChatterBot Victor reevaluating
2024-10-14 19:41:07.892312 Victor: We should replace Bravo with Zulu
2024-10-14 19:41:07.899293 November: Yes
2024-10-14 19:41:07.899503 Yankee: Yes
ChatterBot Victor reevaluating
ChatterBot Victor reevaluating
2024-10-14 19:41:07.922175 Romeo: We should add Zulu
ChatterBot Papa reevaluating
ChatterBot Golf reevaluating
2024-10-14 19:41:07.940520 Papa: No
2024-10-14 19:41:07.940819 India: No
2024-10-14 19:41:07.941038 Tango: No
2024-10-14 19:41:07.941243 Golf: No
2024-10-14 19:41:07.941934 Bravo: No
ChatterBot Golf reevaluating
ChatterBot Papa reevaluating
ChatterBot Golf reevaluating
ChatterBot Papa reevaluating
ChatterBot Golf reevaluating
ChatterBot Papa reevaluating
ChatterBot Papa reevaluating
ChatterBot Golf reevaluating
2024-10-14 19:41:08.044959 Romeo: Zulu we want you to join our group
2024-10-14 19:41:08.049029 Zulu: No
ChatterBot Papa reevaluating
ChatterBot Golf reevaluating
2024-10-14 19:41:08.070593 November: Zulu and Yankee, sending you 5
2024-10-14 19:41:08.071383 India: Bravo, sending you 4
2024-10-14 19:41:08.071807 Victor: Zulu we want you to join our group
2024-10-14 19:41:08.075487 Zulu: Yes
2024-10-14 19:41:08.085887 Yankee: Zulu and November, sending you 4
2024-10-14 19:41:08.086217 Tango: India, Golf and Romeo, sending you 3
2024-10-14 19:41:08.087153 Zulu: November, sending you 4
2024-10-14 19:41:08.087394 November: Victor, sending you 6
2024-10-14 19:41:08.087631 India: Papa and Tango, sending you 5
2024-10-14 19:41:08.328114 Bravo: India and Tango, sending you 4
2024-10-14 19:41:08.328977 Tango: Bravo and Papa, sending you 4
2024-10-14 19:41:08.329375 Zulu: Yankee, sending you 12
2024-10-14 19:41:08.329675 Yankee: Victor, sending you 9
2024-10-14 19:41:08.330390 India: Golf and Romeo, sending you 1
2024-10-14 19:41:08.330805 Bravo: Papa and Romeo, sending you 2
2024-10-14 19:41:09.105900 Papa: Bravo, sending you 4
2024-10-14 19:41:09.106565 Victor: Zulu, sending you 6
2024-10-14 19:41:09.107304 Golf: India, sending you 4
2024-10-14 19:41:09.107784 Romeo: India, Zulu, Bravo, Papa, Tango and Golf, sending you 3
2024-10-14 19:41:09.108200 Bravo: Golf, sending you 5
chatterbot India submitting transactions
chatterbot Victor submitting transactions
chatterbot Yankee submitting transactions
chatterbot November submitting transactions
chatterbot Bravo submitting transactions
chatterbot Golf submitting transactions
chatterbot Zulu submitting transactions
chatterbot Papa submitting transactions
chatterbot Romeo submitting transactions
2024-10-14 19:41:09.110572 Papa: Tango and Golf, sending you 2
2024-10-14 19:41:09.111004 Victor: November and Yankee, sending you 5
2024-10-14 19:41:09.519818 Golf: Bravo, sending you 3
2024-10-14 19:41:09.520323 Papa: Romeo, sending you 7
chatterbot Tango submitting transactions
2024-10-14 19:41:09.534266 Golf: Papa, sending you 2
ChatterBot India round 3
ChatterBot Zulu round 3
ChatterBot November round 3
2024-10-14 19:41:09.874943 Golf: Tango, sending you 5
ChatterBot Bravo round 3
ChatterBot Yankee round 3
ChatterBot Papa round 3
ChatterBot Tango round 3
ChatterBot Golf round 3
ChatterBot Romeo round 3
ChatterBot Victor round 3
2024-10-14 19:41:09.891515 Golf: Romeo, sending you 1
2024-10-14 19:41:09.940046 Romeo: We should drop Zulu
2024-10-14 19:41:09.958839 Papa: Yes
2024-10-14 19:41:09.959050 India: Yes
2024-10-14 19:41:09.959223 Tango: Yes
2024-10-14 19:41:09.959417 Golf: Yes
2024-10-14 19:41:09.960011 Bravo: Yes
2024-10-14 19:41:10.075461 Yankee: Zulu, sending you 7
2024-10-14 19:41:10.075885 Papa: India and Tango, sending you 3
2024-10-14 19:41:10.076905 Bravo: India, Tango and Golf, sending you 4
2024-10-14 19:41:10.077295 Zulu: November and Yankee, sending you 6
2024-10-14 19:41:10.077545 India: Bravo and Tango, sending you 4
2024-10-14 19:41:10.078433 November: Zulu and Yankee, sending you 5
2024-10-14 19:41:10.091630 Yankee: November, sending you 5
2024-10-14 19:41:10.091967 Bravo: Papa, sending you 3
2024-10-14 19:41:10.093082 Zulu: Victor, sending you 4
2024-10-14 19:41:10.093485 Papa: Bravo and Golf, sending you 2
2024-10-14 19:41:10.093955 Victor: Zulu and November, sending you 5
2024-10-14 19:41:10.094813 Romeo: India and Golf, sending you 3
2024-10-14 19:41:10.095452 India: Papa, sending you 2
2024-10-14 19:41:10.095864 November: Victor, sending you 6
2024-10-14 19:41:10.096837 Golf: India and Papa, sending you 2
2024-10-14 19:41:10.097272 Tango: India, Papa and Romeo, sending you 3
2024-10-14 19:41:10.098335 Yankee: Victor, sending you 6
2024-10-14 19:41:10.098739 Bravo: Romeo, sending you 2
2024-10-14 19:41:10.099128 Papa: Romeo, sending you 5
2024-10-14 19:41:10.100296 Victor: Yankee, sending you 6
2024-10-14 19:41:10.100560 India: Golf and Romeo, sending you 3
2024-10-14 19:41:10.101212 Romeo: Bravo, Papa and Tango, sending you 4
2024-10-14 19:41:10.102159 Golf: Bravo and Tango, sending you 4
2024-10-14 19:41:10.102783 Tango: Bravo and Golf, sending you 4
2024-10-14 19:41:10.109970 Golf: Romeo, sending you 3
chatterbot Zulu submitting transactions
chatterbot Yankee submitting transactions
chatterbot Bravo submitting transactions
chatterbot November submitting transactions
chatterbot Golf submitting transactions
chatterbot Romeo submitting transactions
chatterbot Papa submitting transactions
chatterbot India submitting transactions
chatterbot Victor submitting transactions
chatterbot Tango submitting transactions
ChatterBot India round 4
ChatterBot Zulu round 4
ChatterBot November round 4
ChatterBot Bravo round 4
ChatterBot Yankee round 4
ChatterBot Papa round 4
ChatterBot Tango round 4
ChatterBot Golf round 4
ChatterBot Romeo round 4
ChatterBot Victor round 4
2024-10-14 19:41:12.248669 India: Bravo and Tango, sending you 4
2024-10-14 19:41:12.250682 Bravo: India, Tango and Golf, sending you 4
2024-10-14 19:41:12.252890 India: Papa, sending you 2
2024-10-14 19:41:12.255676 Bravo: Papa, sending you 2
2024-10-14 19:41:12.256552 November: Zulu and Victor, sending you 5
2024-10-14 19:41:12.258421 Romeo: India and Golf, sending you 3
2024-10-14 19:41:12.259290 India: Golf and Romeo, sending you 3
2024-10-14 19:41:12.260376 Papa: India, Bravo and Tango, sending you 3
2024-10-14 19:41:12.260993 Bravo: Romeo, sending you 3
2024-10-14 19:41:12.262228 Tango: India, Papa and Romeo, sending you 3
2024-10-14 19:41:12.262944 November: Yankee, sending you 6
2024-10-14 19:41:12.263345 Zulu: November, sending you 5
2024-10-14 19:41:12.264193 Romeo: Bravo, Papa and Tango, sending you 4
2024-10-14 19:41:12.264782 Yankee: Zulu, sending you 7
2024-10-14 19:41:12.265104 Papa: Golf, sending you 2
2024-10-14 19:41:12.265925 Golf: India and Romeo, sending you 3
2024-10-14 19:41:12.266697 Tango: Bravo and Golf, sending you 4
2024-10-14 19:41:12.267924 Victor: Zulu and November, sending you 5
2024-10-14 19:41:12.268484 Zulu: Yankee, sending you 7
2024-10-14 19:41:12.268906 Yankee: November, sending you 5
2024-10-14 19:41:12.269702 Golf: Bravo and Tango, sending you 4
2024-10-14 19:41:12.270539 Papa: Romeo, sending you 4
2024-10-14 19:41:12.272676 Victor: Yankee, sending you 6
2024-10-14 19:41:12.273384 Zulu: Victor, sending you 4
2024-10-14 19:41:12.273707 Yankee: Victor, sending you 6
2024-10-14 19:41:12.274715 Golf: Papa, sending you 1
chatterbot Bravo submitting transactions
chatterbot Romeo submitting transactions
chatterbot Papa submitting transactions
chatterbot India submitting transactions
chatterbot Yankee submitting transactions
chatterbot Golf submitting transactions
chatterbot November submitting transactions
chatterbot Tango submitting transactions
chatterbot Victor submitting transactions
chatterbot Zulu submitting transactions
ChatterBot India round 5
ChatterBot Zulu round 5
ChatterBot November round 5
ChatterBot Bravo round 5
ChatterBot Yankee round 5
ChatterBot Papa round 5
ChatterBot Tango round 5
ChatterBot Golf round 5
ChatterBot Romeo round 5
ChatterBot Victor round 5
2024-10-14 19:41:14.156710 India: Bravo, sending you 5
2024-10-14 19:41:14.161944 India: Papa, sending you 2
2024-10-14 19:41:14.163017 Golf: India and Romeo, sending you 3
2024-10-14 19:41:14.163700 Zulu: November, sending you 5
2024-10-14 19:41:14.164470 Yankee: Zulu, sending you 7
2024-10-14 19:41:14.164747 Romeo: India, sending you 2
2024-10-14 19:41:14.165350 Bravo: India, Papa and Romeo, sending you 3
2024-10-14 19:41:14.172674 India: Tango, Golf and Romeo, sending you 3
2024-10-14 19:41:14.173872 Zulu: Yankee, sending you 7
2024-10-14 19:41:14.174226 Yankee: November, sending you 5
2024-10-14 19:41:14.174622 Golf: Bravo and Tango, sending you 4
2024-10-14 19:41:14.175677 Romeo: Bravo, Papa, Tango and Golf, sending you 4
2024-10-14 19:41:14.176338 Bravo: Tango and Golf, sending you 4
2024-10-14 19:41:14.177484 Papa: India and Golf, sending you 2
2024-10-14 19:41:14.177961 Tango: India, Papa and Romeo, sending you 3
2024-10-14 19:41:14.179184 Yankee: Victor, sending you 6
2024-10-14 19:41:14.179557 November: Zulu and Victor, sending you 5
2024-10-14 19:41:14.179983 Zulu: Victor, sending you 4
2024-10-14 19:41:14.180291 Golf: Papa, sending you 1
2024-10-14 19:41:14.183224 Papa: Bravo and Tango, sending you 3
2024-10-14 19:41:14.183758 Tango: Bravo and Golf, sending you 4
2024-10-14 19:41:14.184720 November: Yankee, sending you 6
2024-10-14 19:41:14.185055 Victor: Zulu and November, sending you 5
2024-10-14 19:41:14.187880 Papa: Romeo, sending you 5
2024-10-14 19:41:14.189736 Victor: Yankee, sending you 6
chatterbot Papa submitting transactions
chatterbot Victor submitting transactions
chatterbot Romeo submitting transactions
chatterbot Yankee submitting transactions
chatterbot Bravo submitting transactions
chatterbot India submitting transactions
chatterbot Zulu submitting transactions
chatterbot Golf submitting transactions
chatterbot November submitting transactions
chatterbot Tango submitting transactions
ChatterBot India round 6
ChatterBot Zulu round 6
ChatterBot November round 6
ChatterBot Bravo round 6
ChatterBot Yankee round 6
ChatterBot Papa round 6
ChatterBot Tango round 6
ChatterBot Golf round 6
ChatterBot Romeo round 6
ChatterBot Victor round 6
2024-10-14 19:41:15.356731 Zulu: November, sending you 5
2024-10-14 19:41:15.360119 Victor: Zulu and November, sending you 5
2024-10-14 19:41:15.360696 Zulu: Yankee, sending you 7
2024-10-14 19:41:15.361672 Yankee: Zulu, sending you 7
2024-10-14 19:41:15.362681 Papa: India and Golf, sending you 2
2024-10-14 19:41:15.364001 Zulu: Victor, sending you 4
2024-10-14 19:41:15.364679 Victor: Yankee, sending you 6
2024-10-14 19:41:15.365985 Yankee: November, sending you 5
2024-10-14 19:41:15.366458 Bravo: India, Tango and Golf, sending you 4
2024-10-14 19:41:15.367172 Papa: Bravo and Tango, sending you 3
2024-10-14 19:41:15.368675 India: Bravo and Tango, sending you 4
2024-10-14 19:41:15.371213 Yankee: Victor, sending you 6
2024-10-14 19:41:15.371894 Bravo: Papa, sending you 2
2024-10-14 19:41:15.372832 Papa: Romeo, sending you 5
2024-10-14 19:41:15.374439 India: Papa, sending you 2
2024-10-14 19:41:15.375245 Golf: India and Romeo, sending you 3
2024-10-14 19:41:15.377170 November: Zulu and Victor, sending you 5
2024-10-14 19:41:15.377705 Tango: India, Papa and Romeo, sending you 3
2024-10-14 19:41:15.381029 Bravo: Romeo, sending you 3
2024-10-14 19:41:15.382424 India: Golf and Romeo, sending you 3
2024-10-14 19:41:15.383150 Golf: Bravo and Tango, sending you 4
2024-10-14 19:41:15.383780 November: Yankee, sending you 6
2024-10-14 19:41:15.384955 Romeo: India, sending you 2
2024-10-14 19:41:15.385781 Tango: Bravo and Golf, sending you 4
2024-10-14 19:41:15.390618 Golf: Papa, sending you 1
2024-10-14 19:41:15.391881 Romeo: Bravo, Papa, Tango and Golf, sending you 4
chatterbot Romeo submitting transactions
chatterbot Victor submitting transactions
chatterbot India submitting transactions
chatterbot Zulu submitting transactions
chatterbot Tango submitting transactions
chatterbot Papa submitting transactions
chatterbot Bravo submitting transactions
chatterbot Yankee submitting transactions
chatterbot November submitting transactions
chatterbot Golf submitting transactions
ChatterBot India round 7
ChatterBot Zulu round 7
ChatterBot November round 7
ChatterBot Bravo round 7
ChatterBot Yankee round 7
ChatterBot Papa round 7
ChatterBot Tango round 7
ChatterBot Golf round 7
ChatterBot Romeo round 7
ChatterBot Victor round 7
2024-10-14 19:41:16.455705 Bravo: India, Tango and Golf, sending you 4
2024-10-14 19:41:16.458703 Zulu: November, sending you 5
2024-10-14 19:41:16.459186 Bravo: Papa, sending you 2
2024-10-14 19:41:16.461664 Yankee: Zulu, sending you 7
2024-10-14 19:41:16.462088 Golf: India and Papa, sending you 2
2024-10-14 19:41:16.462673 Zulu: Yankee, sending you 7
2024-10-14 19:41:16.464161 Bravo: Romeo, sending you 3
2024-10-14 19:41:16.464827 India: Bravo, sending you 5
2024-10-14 19:41:16.465384 Yankee: November, sending you 5
2024-10-14 19:41:16.465796 Golf: Bravo and Tango, sending you 4
2024-10-14 19:41:16.466672 Zulu: Victor, sending you 4
2024-10-14 19:41:16.468710 India: Papa, sending you 1
2024-10-14 19:41:16.469715 Tango: India, Papa and Romeo, sending you 3
2024-10-14 19:41:16.470457 Yankee: Victor, sending you 6
2024-10-14 19:41:16.471207 Golf: Romeo, sending you 3
2024-10-14 19:41:16.471714 Romeo: India, sending you 2
2024-10-14 19:41:16.472255 November: Zulu and Victor, sending you 5
2024-10-14 19:41:16.472589 India: Tango and Golf, sending you 4
2024-10-14 19:41:16.473141 Tango: Bravo and Golf, sending you 4
2024-10-14 19:41:16.476699 Romeo: Bravo, Papa, Tango and Golf, sending you 4
2024-10-14 19:41:16.477416 November: Yankee, sending you 6
2024-10-14 19:41:16.477851 India: Romeo, sending you 3
2024-10-14 19:41:16.478480 Victor: Zulu and November, sending you 5
2024-10-14 19:41:16.482660 Victor: Yankee, sending you 6
chatterbot India submitting transactions
chatterbot November submitting transactions
chatterbot Bravo submitting transactions
chatterbot Papa submitting transactions
chatterbot Tango submitting transactions
chatterbot Romeo submitting transactions
chatterbot Yankee submitting transactions
chatterbot Victor submitting transactions
chatterbot Golf submitting transactions
chatterbot Zulu submitting transactions
ChatterBot India round 8
ChatterBot Zulu round 8
ChatterBot November round 8
ChatterBot Bravo round 8
ChatterBot Yankee round 8
ChatterBot Papa round 8
ChatterBot Tango round 8
ChatterBot Golf round 8
ChatterBot Romeo round 8
ChatterBot Victor round 8
2024-10-14 19:41:17.681742 Romeo: We should add November
2024-10-14 19:41:17.695924 Papa: No
2024-10-14 19:41:17.696130 India: No
2024-10-14 19:41:17.696292 Tango: No
2024-10-14 19:41:17.696428 Golf: No
2024-10-14 19:41:17.696558 Bravo: No
ChatterBot Romeo reevaluating
ChatterBot Romeo reevaluating
ChatterBot Romeo reevaluating
ChatterBot Romeo reevaluating
ChatterBot Romeo reevaluating
2024-10-14 19:41:17.761595 Zulu: I was attacked by Papa
ChatterBot November reevaluating
ChatterBot Yankee reevaluating
ChatterBot Victor reevaluating
2024-10-14 19:41:17.769270 Zulu: I'm keeping this round to protect myself
2024-10-14 19:41:17.769868 Zulu: Ow
2024-10-14 19:41:17.770208 Romeo: We should add Yankee
2024-10-14 19:41:17.781512 Papa: No
2024-10-14 19:41:17.781688 India: No
2024-10-14 19:41:17.781821 Tango: No
2024-10-14 19:41:17.781951 Golf: No
2024-10-14 19:41:17.782387 Bravo: No
ChatterBot Romeo reevaluating
ChatterBot Romeo reevaluating
ChatterBot Romeo reevaluating
ChatterBot Romeo reevaluating
ChatterBot Romeo reevaluating
2024-10-14 19:41:17.849549 India: Bravo, sending you 5
2024-10-14 19:41:17.853672 India: Papa, sending you 1
2024-10-14 19:41:17.854249 Bravo: India, Tango and Golf, sending you 4
2024-10-14 19:41:17.854808 Papa: India, sending you 2
2024-10-14 19:41:17.855718 Golf: India and Romeo, sending you 3
2024-10-14 19:41:17.856252 Tango: India, Papa and Romeo, sending you 3
2024-10-14 19:41:17.857166 India: Tango, sending you 4
2024-10-14 19:41:17.857839 Romeo: Victor we want you to join our group
ChatterBot Victor reevaluating
2024-10-14 19:41:17.862109 Victor: No
ChatterBot Romeo reevaluating
2024-10-14 19:41:17.883005 Bravo: Papa, sending you 2
2024-10-14 19:41:17.884008 Golf: Bravo and Tango, sending you 4
2024-10-14 19:41:17.885354 Papa: Bravo, sending you 3
2024-10-14 19:41:17.886655 Tango: Bravo and Golf, sending you 4
2024-10-14 19:41:17.887709 India: Golf and Romeo, sending you 3
2024-10-14 19:41:17.889052 Bravo: Romeo, sending you 3
2024-10-14 19:41:17.890620 November: Zulu and Victor, sending you 5
2024-10-14 19:41:17.891306 Golf: Papa, sending you 1
2024-10-14 19:41:17.892756 Papa: Tango, sending you 4
2024-10-14 19:41:17.894663 November: Yankee, sending you 6
2024-10-14 19:41:17.898669 Papa: Golf, sending you 1
2024-10-14 19:41:17.901663 Papa: Romeo, sending you 5
2024-10-14 19:41:17.908694 Romeo: India, sending you 2
2024-10-14 19:41:17.913674 Romeo: Bravo, Papa, Tango and Golf, sending you 4
2024-10-14 19:41:17.915531 Victor: Zulu and November, sending you 5
2024-10-14 19:41:17.919682 Victor: Yankee, sending you 6
chatterbot Bravo submitting transactions
chatterbot Tango submitting transactions
chatterbot Yankee submitting transactions
chatterbot Victor submitting transactions
chatterbot India submitting transactions
chatterbot Romeo submitting transactions
chatterbot Golf submitting transactions
chatterbot November submitting transactions
chatterbot Papa submitting transactions
chatterbot Zulu submitting transactions
ChatterBot India round 9
ChatterBot Zulu round 9
ChatterBot November round 9
ChatterBot Bravo round 9
ChatterBot Yankee round 9
ChatterBot Papa round 9
ChatterBot Tango round 9
ChatterBot Golf round 9
ChatterBot Romeo round 9
ChatterBot Victor round 9
2024-10-14 19:41:18.927760 Romeo: We should add Victor
2024-10-14 19:41:18.939117 Papa: No
2024-10-14 19:41:18.939342 India: No
2024-10-14 19:41:18.939507 Tango: No
2024-10-14 19:41:18.939653 Golf: No
2024-10-14 19:41:18.939794 Bravo: No
ChatterBot Romeo reevaluating
ChatterBot Romeo reevaluating
ChatterBot Romeo reevaluating
ChatterBot Romeo reevaluating
2024-10-14 19:41:19.010679 India: Bravo, sending you 5
2024-10-14 19:41:19.015691 India: Papa, sending you 1
2024-10-14 19:41:19.019693 India: Tango and Golf, sending you 4
2024-10-14 19:41:19.021543 November: Zulu and Victor, sending you 5
2024-10-14 19:41:19.022682 Golf: India and Romeo, sending you 3
2024-10-14 19:41:19.023703 Victor: Zulu and November, sending you 5
2024-10-14 19:41:19.025679 India: Romeo, sending you 3
2024-10-14 19:41:19.027100 November: Yankee, sending you 6
2024-10-14 19:41:19.027759 Bravo: India, Tango and Golf, sending you 4
2024-10-14 19:41:19.028459 Golf: Bravo and Tango, sending you 4
2024-10-14 19:41:19.029124 Papa: India, sending you 2
2024-10-14 19:41:19.029798 Tango: India, Papa and Romeo, sending you 3
2024-10-14 19:41:19.031099 Victor: Yankee, sending you 6
2024-10-14 19:41:19.031450 Romeo: India, sending you 2
2024-10-14 19:41:19.032102 Zulu: November, sending you 5
2024-10-14 19:41:19.032452 Bravo: Papa, sending you 2
2024-10-14 19:41:19.033118 Golf: Papa, sending you 1
2024-10-14 19:41:19.034477 Papa: Bravo, sending you 3
2024-10-14 19:41:19.035219 Tango: Bravo and Golf, sending you 4
2024-10-14 19:41:19.035948 Romeo: Bravo, Papa, Tango and Golf, sending you 4
2024-10-14 19:41:19.037274 Zulu: Yankee, sending you 7
2024-10-14 19:41:19.037735 Bravo: Romeo, sending you 3
2024-10-14 19:41:19.038416 Papa: Tango, sending you 4
2024-10-14 19:41:19.041687 Zulu: Victor, sending you 4
2024-10-14 19:41:19.042122 Papa: Golf, sending you 1
2024-10-14 19:41:19.045679 Papa: Romeo, sending you 5
chatterbot Bravo submitting transactions
chatterbot Tango submitting transactions
chatterbot Papa submitting transactions
chatterbot Romeo submitting transactions
chatterbot November submitting transactions
chatterbot Zulu submitting transactions
chatterbot Golf submitting transactions
chatterbot India submitting transactions
chatterbot Yankee submitting transactions
chatterbot Victor submitting transactions
ChatterBot India round 10
ChatterBot Zulu round 10
ChatterBot November round 10
ChatterBot Bravo round 10
ChatterBot Yankee round 10
ChatterBot Papa round 10
ChatterBot Tango round 10
ChatterBot Golf round 10
ChatterBot Romeo round 10
ChatterBot Victor round 10
2024-10-14 19:41:20.178658 Zulu: November, sending you 5
2024-10-14 19:41:20.182683 Zulu: Yankee, sending you 7
2024-10-14 19:41:20.185693 India: Bravo, sending you 5
2024-10-14 19:41:20.187119 November: Zulu and Victor, sending you 5
2024-10-14 19:41:20.187611 Golf: India and Romeo, sending you 3
2024-10-14 19:41:20.188458 Papa: India, sending you 1
2024-10-14 19:41:20.189670 Zulu: Victor, sending you 4
2024-10-14 19:41:20.190197 Romeo: India, sending you 2
2024-10-14 19:41:20.191405 India: Papa and Romeo, sending you 2
2024-10-14 19:41:20.192210 November: Yankee, sending you 6
2024-10-14 19:41:20.193326 Papa: Bravo, sending you 3
2024-10-14 19:41:20.194175 Golf: Bravo and Tango, sending you 4
2024-10-14 19:41:20.195588 Romeo: Bravo, Papa, Tango and Golf, sending you 4
2024-10-14 19:41:20.196395 Bravo: India, Tango and Golf, sending you 4
2024-10-14 19:41:20.197856 India: Tango and Golf, sending you 4
2024-10-14 19:41:20.198695 Papa: Tango, sending you 4
2024-10-14 19:41:20.199815 Tango: India, Papa and Romeo, sending you 3
2024-10-14 19:41:20.200554 Golf: Papa, sending you 1
2024-10-14 19:41:20.201793 Bravo: Papa, sending you 2
2024-10-14 19:41:20.203720 Victor: Zulu and November, sending you 5
2024-10-14 19:41:20.204214 Tango: Bravo and Golf, sending you 4
2024-10-14 19:41:20.205254 Papa: Golf, sending you 2
2024-10-14 19:41:20.206337 Bravo: Romeo, sending you 3
2024-10-14 19:41:20.208670 Victor: Yankee, sending you 6
2024-10-14 19:41:20.209194 Papa: Romeo, sending you 5
chatterbot Tango submitting transactions
chatterbot India submitting transactions
chatterbot Romeo submitting transactions
chatterbot Bravo submitting transactions
chatterbot Yankee submitting transactions
chatterbot Papa submitting transactions
chatterbot Victor submitting transactions
chatterbot Golf submitting transactions
chatterbot Zulu submitting transactions
chatterbot November submitting transactions
ChatterBot India round 11
ChatterBot Zulu round 11
ChatterBot November round 11
ChatterBot Bravo round 11
ChatterBot Yankee round 11
ChatterBot Papa round 11
ChatterBot Tango round 11
ChatterBot Golf round 11
ChatterBot Romeo round 11
ChatterBot Victor round 11
2024-10-14 19:41:21.414709 November: Zulu and Victor, sending you 5
2024-10-14 19:41:21.417751 India: Bravo, sending you 5
2024-10-14 19:41:21.421069 November: Yankee, sending you 6
2024-10-14 19:41:21.422267 Bravo: India, Tango and Golf, sending you 4
2024-10-14 19:41:21.424719 Golf: India and Romeo, sending you 3
2024-10-14 19:41:21.428572 India: Papa and Romeo, sending you 2
2024-10-14 19:41:21.430172 Zulu: November, sending you 5
2024-10-14 19:41:21.431904 Bravo: Papa, sending you 2
2024-10-14 19:41:21.434045 Golf: Bravo and Tango, sending you 4
2024-10-14 19:41:21.435964 Tango: India, Papa and Romeo, sending you 3
2024-10-14 19:41:21.437906 Papa: India, sending you 2
2024-10-14 19:41:21.440883 India: Tango and Golf, sending you 4
2024-10-14 19:41:21.443827 Victor: Zulu and November, sending you 5
2024-10-14 19:41:21.445409 Zulu: Yankee, sending you 7
2024-10-14 19:41:21.445996 Bravo: Romeo, sending you 3
2024-10-14 19:41:21.449214 Golf: Papa, sending you 1
2024-10-14 19:41:21.452035 Romeo: India, sending you 2
2024-10-14 19:41:21.455715 Tango: Bravo and Golf, sending you 4
2024-10-14 19:41:21.457334 Papa: Bravo, sending you 3
2024-10-14 19:41:21.459441 Victor: Yankee, sending you 6
2024-10-14 19:41:21.460009 Zulu: Victor, sending you 4
2024-10-14 19:41:21.460456 Romeo: Bravo, Papa, Tango and Golf, sending you 4
2024-10-14 19:41:21.463767 Papa: Tango, sending you 4
2024-10-14 19:41:21.467709 Papa: Golf, sending you 1
2024-10-14 19:41:21.472666 Papa: Romeo, sending you 5
chatterbot November submitting transactions
chatterbot Victor submitting transactions
chatterbot Tango submitting transactions
chatterbot Zulu submitting transactions
chatterbot Bravo submitting transactions
chatterbot Golf submitting transactions
chatterbot Papa submitting transactions
chatterbot Romeo submitting transactions
chatterbot India submitting transactions
chatterbot Yankee submitting transactions
ChatterBot India round 12
ChatterBot Zulu round 12
ChatterBot November round 12
ChatterBot Bravo round 12
ChatterBot Yankee round 12
ChatterBot Papa round 12
ChatterBot Tango round 12
ChatterBot Golf round 12
ChatterBot Romeo round 12
ChatterBot Victor round 12
2024-10-14 19:41:22.743103 Victor: We should add India
ChatterBot Yankee reevaluating
2024-10-14 19:41:22.753578 November: No
2024-10-14 19:41:22.753827 Zulu: No
2024-10-14 19:41:22.754137 Yankee: No
ChatterBot Yankee reevaluating
ChatterBot Victor reevaluating
ChatterBot Yankee reevaluating
ChatterBot Victor reevaluating
ChatterBot Victor reevaluating
2024-10-14 19:41:22.810705 Bravo: India, Tango and Golf, sending you 4
2024-10-14 19:41:22.812960 November: Zulu and Victor, sending you 5
2024-10-14 19:41:22.814669 Golf: India and Romeo, sending you 3
2024-10-14 19:41:22.816012 India: Bravo, sending you 5
2024-10-14 19:41:22.817987 Bravo: Papa, sending you 2
2024-10-14 19:41:22.819607 November: Yankee, sending you 6
2024-10-14 19:41:22.820359 Tango: India, Papa and Romeo, sending you 3
2024-10-14 19:41:22.821877 Papa: India, sending you 2
2024-10-14 19:41:22.823161 Golf: Bravo and Tango, sending you 4
2024-10-14 19:41:22.824557 India: Papa and Romeo, sending you 2
2024-10-14 19:41:22.826065 Romeo: India, sending you 2
2024-10-14 19:41:22.827417 Bravo: Romeo, sending you 3
2024-10-14 19:41:22.828842 Tango: Bravo and Golf, sending you 4
2024-10-14 19:41:22.830581 Zulu: November, sending you 5
2024-10-14 19:41:22.831826 Papa: Bravo, sending you 3
2024-10-14 19:41:22.837528 Golf: Papa, sending you 1
2024-10-14 19:41:22.845872 India: Tango and Golf, sending you 4
2024-10-14 19:41:22.850492 Victor: Zulu and November, sending you 5
2024-10-14 19:41:22.852575 Romeo: Bravo, Papa, Tango and Golf, sending you 4
2024-10-14 19:41:22.855127 Zulu: Yankee, sending you 7
2024-10-14 19:41:22.856767 Papa: Tango, sending you 4
2024-10-14 19:41:22.859164 Victor: Yankee, sending you 6
2024-10-14 19:41:22.860824 Zulu: Victor, sending you 4
2024-10-14 19:41:22.862913 Papa: Golf, sending you 1
2024-10-14 19:41:22.869671 Papa: Romeo, sending you 5
chatterbot India submitting transactions
chatterbot Papa submitting transactions
chatterbot Victor submitting transactions
chatterbot Tango submitting transactions
chatterbot Romeo submitting transactions
chatterbot November submitting transactions
chatterbot Yankee submitting transactions
chatterbot Bravo submitting transactions
chatterbot Zulu submitting transactions
chatterbot Golf submitting transactions
ChatterBot India round 13
ChatterBot Zulu round 13
ChatterBot November round 13
ChatterBot Bravo round 13
ChatterBot Yankee round 13
ChatterBot Papa round 13
ChatterBot Tango round 13
ChatterBot Golf round 13
ChatterBot Romeo round 13
ChatterBot Victor round 13
2024-10-14 19:41:24.030729 November: Zulu and Victor, sending you 5
2024-10-14 19:41:24.037497 November: Yankee, sending you 6
2024-10-14 19:41:24.054093 Tango: India, Papa and Romeo, sending you 3
2024-10-14 19:41:24.055874 Zulu: November, sending you 5
2024-10-14 19:41:24.056320 Bravo: India, Tango and Golf, sending you 4
2024-10-14 19:41:24.057710 Romeo: India, sending you 2
2024-10-14 19:41:24.060126 Golf: India and Romeo, sending you 3
2024-10-14 19:41:24.062342 Papa: India, sending you 2
2024-10-14 19:41:24.064438 Tango: Bravo and Golf, sending you 4
2024-10-14 19:41:24.066443 Zulu: Yankee, sending you 7
2024-10-14 19:41:24.067230 Bravo: Papa, sending you 2
2024-10-14 19:41:24.069874 Victor: Zulu and November, sending you 5
2024-10-14 19:41:24.070663 India: Bravo, sending you 5
2024-10-14 19:41:24.073124 Romeo: Bravo, Papa, Tango and Golf, sending you 4
2024-10-14 19:41:24.075031 Golf: Bravo and Tango, sending you 4
2024-10-14 19:41:24.076652 Papa: Bravo, sending you 3
2024-10-14 19:41:24.078759 Zulu: Victor, sending you 4
2024-10-14 19:41:24.079606 Bravo: Romeo, sending you 3
2024-10-14 19:41:24.082064 India: Papa and Romeo, sending you 2
2024-10-14 19:41:24.084796 Victor: Yankee, sending you 6
2024-10-14 19:41:24.085432 Golf: Papa, sending you 1
2024-10-14 19:41:24.087374 Papa: Tango, sending you 4
2024-10-14 19:41:24.089736 India: Tango and Golf, sending you 4
2024-10-14 19:41:24.118390 Papa: Golf, sending you 1
2024-10-14 19:41:24.124791 Papa: Romeo, sending you 5
chatterbot Romeo submitting transactions
chatterbot Victor submitting transactions
chatterbot Golf submitting transactions
chatterbot Bravo submitting transactions
chatterbot Yankee submitting transactions
chatterbot Zulu submitting transactions
chatterbot Tango submitting transactions
chatterbot India submitting transactions
chatterbot November submitting transactions
chatterbot Papa submitting transactions
ChatterBot India round 14
ChatterBot Zulu round 14
ChatterBot November round 14
ChatterBot Bravo round 14
ChatterBot Yankee round 14
ChatterBot Papa round 14
ChatterBot Tango round 14
ChatterBot Golf round 14
ChatterBot Romeo round 14
ChatterBot Victor round 14
2024-10-14 19:41:25.485285 Golf: India and Romeo, sending you 3
2024-10-14 19:41:25.486907 India: Bravo, sending you 5
2024-10-14 19:41:25.488202 Papa: India, sending you 2
2024-10-14 19:41:25.489449 Zulu: November and Victor, sending you 5
2024-10-14 19:41:25.490566 Tango: India, Papa and Romeo, sending you 3
2024-10-14 19:41:25.492440 November: Zulu and Victor, sending you 5
2024-10-14 19:41:25.493376 Bravo: India, Tango and Golf, sending you 4
2024-10-14 19:41:25.494293 Golf: Bravo and Tango, sending you 4
2024-10-14 19:41:25.495624 India: Papa and Romeo, sending you 2
2024-10-14 19:41:25.496943 Papa: Bravo, sending you 3
2024-10-14 19:41:25.498492 Zulu: Yankee, sending you 6
2024-10-14 19:41:25.499487 Tango: Bravo and Golf, sending you 4
2024-10-14 19:41:25.501284 November: Yankee, sending you 6
2024-10-14 19:41:25.501779 Bravo: Papa, sending you 2
2024-10-14 19:41:25.503273 Victor: Zulu and November, sending you 5
2024-10-14 19:41:25.504185 Romeo: India, sending you 2
2024-10-14 19:41:25.506169 Golf: Papa, sending you 1
2024-10-14 19:41:25.507993 India: Tango and Golf, sending you 4
2024-10-14 19:41:25.509653 Papa: Tango, sending you 4
2024-10-14 19:41:25.511336 Bravo: Romeo, sending you 3
2024-10-14 19:41:25.513375 Victor: Yankee, sending you 6
2024-10-14 19:41:25.514725 Romeo: Bravo, Papa, Tango and Golf, sending you 4
2024-10-14 19:41:25.516351 Papa: Golf, sending you 1
2024-10-14 19:41:25.667963 Papa: Romeo, sending you 5
chatterbot November submitting transactions
chatterbot Romeo submitting transactions
chatterbot Golf submitting transactions
chatterbot India submitting transactions
chatterbot Bravo submitting transactions
chatterbot Tango submitting transactions
chatterbot Zulu submitting transactions
chatterbot Victor submitting transactions
chatterbot Papa submitting transactions
chatterbot Yankee submitting transactions
ChatterBot India round 15
ChatterBot Zulu round 15
ChatterBot November round 15
ChatterBot Bravo round 15
ChatterBot Yankee round 15
ChatterBot Papa round 15
ChatterBot Tango round 15
ChatterBot Golf round 15
ChatterBot Romeo round 15
ChatterBot Victor round 15
2024-10-14 19:41:26.677043 Victor: We should add Papa
2024-10-14 19:41:26.696006 November: No
2024-10-14 19:41:26.696455 Zulu: No
2024-10-14 19:41:26.696797 Yankee: No
ChatterBot Victor reevaluating
ChatterBot Victor reevaluating
ChatterBot Victor reevaluating
2024-10-14 19:41:26.768513 Zulu: November and Victor, sending you 5
2024-10-14 19:41:26.784924 Zulu: Yankee, sending you 6
2024-10-14 19:41:26.787057 India: Bravo, sending you 5
2024-10-14 19:41:26.790792 Golf: India and Romeo, sending you 3
2024-10-14 19:41:26.793 Tango: India, Papa and Romeo, sending you 3
2024-10-14 19:41:26.796759 Papa: India, sending you 2
2024-10-14 19:41:26.801931 November: Zulu and Victor, sending you 5
2024-10-14 19:41:26.804744 Romeo: India, sending you 2
2024-10-14 19:41:26.808897 Bravo: India, Tango and Golf, sending you 4
2024-10-14 19:41:26.812922 India: Papa and Romeo, sending you 2
2024-10-14 19:41:26.817398 Golf: Bravo and Tango, sending you 4
2024-10-14 19:41:26.822603 Tango: Bravo and Golf, sending you 4
2024-10-14 19:41:26.826858 Papa: Bravo, sending you 3
2024-10-14 19:41:26.832090 November: Yankee, sending you 6
2024-10-14 19:41:26.833904 Romeo: Bravo, Papa, Tango and Golf, sending you 4
2024-10-14 19:41:26.838393 Bravo: Papa, sending you 2
2024-10-14 19:41:26.841948 Victor: Zulu and November, sending you 5
2024-10-14 19:41:26.842991 India: Tango and Golf, sending you 4
2024-10-14 19:41:26.846519 Golf: Papa, sending you 1
2024-10-14 19:41:26.850004 Papa: Tango, sending you 4
2024-10-14 19:41:26.853040 Bravo: Romeo, sending you 3
2024-10-14 19:41:26.856607 Victor: Yankee, sending you 6
2024-10-14 19:41:26.858342 Papa: Golf, sending you 1
2024-10-14 19:41:27.818756 Papa: Romeo, sending you 5
chatterbot Bravo submitting transactions
chatterbot India submitting transactions
chatterbot Golf submitting transactions
chatterbot Papa submitting transactions
chatterbot November submitting transactions
chatterbot Yankee submitting transactions
chatterbot Victor submitting transactions
chatterbot Tango submitting transactions
