ChatterBot Hotel round 1
ChatterBot Whiskey round 1
ChatterBot Foxtrot round 1
ChatterBot Sierra round 1
ChatterBot India round 1
ChatterBot Mike round 1
ChatterBot Alpha round 1
ChatterBot Victor round 1
ChatterBot Echo round 1
ChatterBot Quebec round 1
randomSelections Hotel: {Hotel, Alpha, Quebec, Foxtrot, Sierra, Mike} 
2024-10-14 14:18:41.932224 Hotel: Let's form a team
ChatterBot Alpha reevaluating
ChatterBot Quebec reevaluating
ChatterBot Foxtrot reevaluating
ChatterBot Sierra reevaluating
ChatterBot Mike reevaluating
2024-10-14 14:18:41.943635 Alpha: Yes
2024-10-14 14:18:41.943754 Quebec: Yes
2024-10-14 14:18:41.943863 Foxtrot: Yes
2024-10-14 14:18:41.943974 Sierra: Yes
2024-10-14 14:18:41.944059 Mike: Yes
ChatterBot Quebec reevaluating
ChatterBot Foxtrot reevaluating
ChatterBot Sierra reevaluating
ChatterBot Mike reevaluating
ChatterBot Alpha reevaluating
ChatterBot Foxtrot reevaluating
ChatterBot Sierra reevaluating
ChatterBot Mike reevaluating
ChatterBot Alpha reevaluating
ChatterBot Quebec reevaluating
ChatterBot Sierra reevaluating
ChatterBot Mike reevaluating
ChatterBot Alpha reevaluating
ChatterBot Quebec reevaluating
ChatterBot Foxtrot reevaluating
ChatterBot Mike reevaluating
ChatterBot Alpha reevaluating
ChatterBot Quebec reevaluating
ChatterBot Foxtrot reevaluating
ChatterBot Sierra reevaluating
randomSelections Whiskey: {Whiskey, Mike, Hotel, Echo, Victor} 
2024-10-14 14:18:41.991248 Whiskey: We should group up
ChatterBot Mike reevaluating
ChatterBot Echo reevaluating
ChatterBot Victor reevaluating
2024-10-14 14:18:41.997678 Mike: No
2024-10-14 14:18:41.997841 Hotel: No
2024-10-14 14:18:41.998390 Echo: Yes
2024-10-14 14:18:41.998480 Victor: Yes
ChatterBot Echo reevaluating
ChatterBot Victor reevaluating
ChatterBot Mike reevaluating
ChatterBot Echo reevaluating
ChatterBot Victor reevaluating
ChatterBot Mike reevaluating
ChatterBot Victor reevaluating
ChatterBot Mike reevaluating
ChatterBot Echo reevaluating
randomSelections India: {India, Quebec, Whiskey, Echo, Sierra, Hotel} 
2024-10-14 14:18:42.031849 India: Friends?
ChatterBot Quebec reevaluating
ChatterBot Echo reevaluating
ChatterBot Sierra reevaluating
2024-10-14 14:18:42.058237 Quebec: No
2024-10-14 14:18:42.058463 Whiskey: No
2024-10-14 14:18:42.058584 Echo: No
2024-10-14 14:18:42.058707 Sierra: No
2024-10-14 14:18:42.058878 Hotel: No
ChatterBot Echo reevaluating
ChatterBot Sierra reevaluating
ChatterBot Quebec reevaluating
ChatterBot Echo reevaluating
ChatterBot Sierra reevaluating
ChatterBot Quebec reevaluating
ChatterBot Sierra reevaluating
ChatterBot Quebec reevaluating
ChatterBot Echo reevaluating
ChatterBot Quebec reevaluating
ChatterBot Echo reevaluating
ChatterBot Sierra reevaluating
2024-10-14 14:18:42.143107 Victor: Hotel, sending you 6
2024-10-14 14:18:42.148102 Whiskey: Hotel, sending you 3
2024-10-14 14:18:42.149909 Foxtrot: Sierra, sending you 1
2024-10-14 14:18:42.151982 Victor: Whiskey and Echo, sending you 4
2024-10-14 14:18:42.159271 Whiskey: Mike, sending you 2
2024-10-14 14:18:42.159758 Foxtrot: Mike, sending you 2
2024-10-14 14:18:42.161287 India: Hotel, Whiskey and Echo, sending you 2
2024-10-14 14:18:42.161754 Sierra: Hotel, Foxtrot, Mike and Quebec, sending you 1
2024-10-14 14:18:42.163013 Victor: Mike, sending you 2
2024-10-14 14:18:42.163307 Hotel: Foxtrot, sending you 2
2024-10-14 14:18:42.163723 Mike: Hotel, Sierra and Alpha, sending you 3
2024-10-14 14:18:42.164108 Alpha: Hotel, Foxtrot and Mike, sending you 1
2024-10-14 14:18:42.165100 Quebec: Foxtrot, sending you 4
2024-10-14 14:18:42.165544 Whiskey: Victor and Echo, sending you 1
2024-10-14 14:18:42.165886 India: Sierra and Quebec, sending you 3
2024-10-14 14:18:42.166920 Hotel: Sierra, Mike and Alpha, sending you 3
2024-10-14 14:18:42.167290 Mike: Foxtrot, sending you 6
2024-10-14 14:18:42.167665 Echo: Hotel and Victor, sending you 2
2024-10-14 14:18:42.168700 Alpha: Quebec, sending you 2
2024-10-14 14:18:42.169102 Quebec: Sierra, sending you 2
2024-10-14 14:18:42.172335 Hotel: Quebec, sending you 5
2024-10-14 14:18:42.172656 Mike: Quebec, sending you 2
2024-10-14 14:18:42.173567 Echo: Mike, sending you 1
2024-10-14 14:18:42.173869 Quebec: Mike and Alpha, sending you 3
chatterbot India submitting transactions
chatterbot Foxtrot submitting transactions
chatterbot Sierra submitting transactions
chatterbot Hotel submitting transactions
chatterbot Echo submitting transactions
chatterbot Alpha submitting transactions
chatterbot Mike submitting transactions
chatterbot Quebec submitting transactions
chatterbot Victor submitting transactions
chatterbot Whiskey submitting transactions
ChatterBot Hotel round 2
ChatterBot Whiskey round 2
ChatterBot Foxtrot round 2
ChatterBot Sierra round 2
ChatterBot India round 2
ChatterBot Mike round 2
ChatterBot Alpha round 2
ChatterBot Victor round 2
ChatterBot Echo round 2
ChatterBot Quebec round 2
2024-10-14 14:18:44.675390 Mike: We should add Victor
ChatterBot Hotel reevaluating
ChatterBot Alpha reevaluating
ChatterBot Quebec reevaluating
ChatterBot Foxtrot reevaluating
ChatterBot Sierra reevaluating
2024-10-14 14:18:44.691535 Hotel: No
2024-10-14 14:18:44.691708 Alpha: No
2024-10-14 14:18:44.691819 Quebec: No
2024-10-14 14:18:44.691919 Foxtrot: No
2024-10-14 14:18:44.692025 Sierra: No
ChatterBot Alpha reevaluating
ChatterBot Quebec reevaluating
ChatterBot Foxtrot reevaluating
ChatterBot Sierra reevaluating
ChatterBot Hotel reevaluating
ChatterBot Quebec reevaluating
ChatterBot Foxtrot reevaluating
ChatterBot Sierra reevaluating
ChatterBot Mike reevaluating
ChatterBot Hotel reevaluating
ChatterBot Alpha reevaluating
ChatterBot Foxtrot reevaluating
ChatterBot Sierra reevaluating
ChatterBot Mike reevaluating
ChatterBot Hotel reevaluating
ChatterBot Alpha reevaluating
ChatterBot Quebec reevaluating
ChatterBot Sierra reevaluating
ChatterBot Mike reevaluating
ChatterBot Hotel reevaluating
ChatterBot Alpha reevaluating
ChatterBot Quebec reevaluating
ChatterBot Foxtrot reevaluating
ChatterBot Mike reevaluating
2024-10-14 14:18:44.773887 Alpha: We should add India
2024-10-14 14:18:44.774125 Quebec: We should add India
2024-10-14 14:18:44.774436 Sierra: We should add India
ChatterBot Hotel reevaluating
ChatterBot Quebec reevaluating
ChatterBot Foxtrot reevaluating
ChatterBot Sierra reevaluating
ChatterBot Mike reevaluating
2024-10-14 14:18:44.789750 Hotel: Yes
ChatterBot Hotel reevaluating
ChatterBot Alpha reevaluating
2024-10-14 14:18:44.796202 Quebec: Yes
2024-10-14 14:18:44.796338 Foxtrot: Yes
ChatterBot Foxtrot reevaluating
2024-10-14 14:18:44.799838 Sierra: Yes
ChatterBot Sierra reevaluating
2024-10-14 14:18:44.802933 Mike: Yes
ChatterBot Mike reevaluating
2024-10-14 14:18:44.806376 Hotel: Yes
ChatterBot Hotel reevaluating
2024-10-14 14:18:44.809313 Alpha: Yes
ChatterBot Alpha reevaluating
ChatterBot Quebec reevaluating
2024-10-14 14:18:44.815806 Foxtrot: Yes
ChatterBot Foxtrot reevaluating
2024-10-14 14:18:44.819258 Sierra: Yes
2024-10-14 14:18:44.819397 Mike: No
ChatterBot Mike reevaluating
2024-10-14 14:18:44.822391 Hotel: Yes
2024-10-14 14:18:44.822520 Alpha: Yes
ChatterBot Alpha reevaluating
2024-10-14 14:18:44.826137 Quebec: Yes
ChatterBot Quebec reevaluating
2024-10-14 14:18:44.829315 Foxtrot: Yes
ChatterBot Foxtrot reevaluating
ChatterBot Sierra reevaluating
2024-10-14 14:18:44.835905 Mike: Yes
ChatterBot Mike reevaluating
ChatterBot Hotel reevaluating
ChatterBot Alpha reevaluating
ChatterBot Foxtrot reevaluating
ChatterBot Sierra reevaluating
ChatterBot Mike reevaluating
ChatterBot Hotel reevaluating
ChatterBot Alpha reevaluating
ChatterBot Quebec reevaluating
ChatterBot Sierra reevaluating
ChatterBot Mike reevaluating
ChatterBot Hotel reevaluating
ChatterBot Alpha reevaluating
ChatterBot Quebec reevaluating
ChatterBot Foxtrot reevaluating
ChatterBot Mike reevaluating
ChatterBot Hotel reevaluating
ChatterBot Alpha reevaluating
ChatterBot Quebec reevaluating
ChatterBot Foxtrot reevaluating
ChatterBot Sierra reevaluating
ChatterBot Alpha reevaluating
ChatterBot Quebec reevaluating
ChatterBot Foxtrot reevaluating
ChatterBot Sierra reevaluating
ChatterBot Mike reevaluating
ChatterBot Hotel reevaluating
ChatterBot Quebec reevaluating
ChatterBot Foxtrot reevaluating
ChatterBot Sierra reevaluating
ChatterBot Mike reevaluating
ChatterBot Hotel reevaluating
ChatterBot Alpha reevaluating
ChatterBot Quebec reevaluating
ChatterBot Sierra reevaluating
ChatterBot Mike reevaluating
ChatterBot Hotel reevaluating
ChatterBot Alpha reevaluating
ChatterBot Quebec reevaluating
ChatterBot Foxtrot reevaluating
ChatterBot Mike reevaluating
ChatterBot Hotel reevaluating
ChatterBot Alpha reevaluating
ChatterBot Quebec reevaluating
ChatterBot Foxtrot reevaluating
ChatterBot Sierra reevaluating
ChatterBot Alpha reevaluating
ChatterBot Quebec reevaluating
ChatterBot Foxtrot reevaluating
ChatterBot Sierra reevaluating
ChatterBot Mike reevaluating
ChatterBot Hotel reevaluating
ChatterBot Quebec reevaluating
ChatterBot Foxtrot reevaluating
ChatterBot Sierra reevaluating
ChatterBot Mike reevaluating
ChatterBot Hotel reevaluating
ChatterBot Alpha reevaluating
ChatterBot Foxtrot reevaluating
ChatterBot Sierra reevaluating
ChatterBot Mike reevaluating
ChatterBot Hotel reevaluating
ChatterBot Alpha reevaluating
ChatterBot Quebec reevaluating
ChatterBot Sierra reevaluating
ChatterBot Mike reevaluating
ChatterBot Hotel reevaluating
ChatterBot Alpha reevaluating
ChatterBot Quebec reevaluating
ChatterBot Foxtrot reevaluating
ChatterBot Sierra reevaluating
2024-10-14 14:18:45.151899 Whiskey: Can we be friends?
ChatterBot India reevaluating
ChatterBot Victor reevaluating
ChatterBot Echo reevaluating
2024-10-14 14:18:45.162474 India: Yes
2024-10-14 14:18:45.162632 Victor: Yes
2024-10-14 14:18:45.162773 Echo: Yes
ChatterBot Victor reevaluating
ChatterBot Echo reevaluating
ChatterBot India reevaluating
ChatterBot Echo reevaluating
ChatterBot India reevaluating
ChatterBot Victor reevaluating
2024-10-14 14:18:45.219647 Victor: We should replace Mike with India
ChatterBot Echo reevaluating
ChatterBot Hotel reevaluating
2024-10-14 14:18:45.229899 Whiskey: Yes
2024-10-14 14:18:45.230040 Echo: Yes
2024-10-14 14:18:45.230159 Hotel: No
ChatterBot Victor reevaluating
ChatterBot Echo reevaluating
ChatterBot Hotel reevaluating
ChatterBot Victor reevaluating
ChatterBot Hotel reevaluating
ChatterBot Victor reevaluating
ChatterBot Echo reevaluating
2024-10-14 14:18:45.260125 Alpha: India we want you to join our group
2024-10-14 14:18:45.265302 India: No
ChatterBot Hotel reevaluating
ChatterBot Mike reevaluating
2024-10-14 14:18:45.296244 Quebec: India we want you to join our group
2024-10-14 14:18:45.301519 India: No
ChatterBot Hotel reevaluating
ChatterBot Mike reevaluating
2024-10-14 14:18:45.375390 Foxtrot: India we want you to join our group
2024-10-14 14:18:45.381499 India: No
2024-10-14 14:18:45.407099 Sierra: India we want you to join our group
2024-10-14 14:18:45.415283 India: No
ChatterBot Mike reevaluating
2024-10-14 14:18:45.437361 Echo: India we want you to join our group
2024-10-14 14:18:45.441668 India: No
2024-10-14 14:18:45.454132 Mike: We should add Whiskey
2024-10-14 14:18:45.468840 Hotel: No
2024-10-14 14:18:45.469028 Alpha: No
2024-10-14 14:18:45.469599 Quebec: No
2024-10-14 14:18:45.469727 Foxtrot: No
2024-10-14 14:18:45.469831 Sierra: No
ChatterBot Mike reevaluating
ChatterBot Mike reevaluating
ChatterBot Mike reevaluating
ChatterBot Mike reevaluating
ChatterBot Mike reevaluating
2024-10-14 14:18:45.544476 Victor: India we want you to join our group
2024-10-14 14:18:45.547567 India: No
2024-10-14 14:18:45.558732 Hotel: India we want you to join our group
2024-10-14 14:18:45.562115 India: No
ChatterBot Mike reevaluating
2024-10-14 14:18:45.580231 Whiskey: India, sending you 4
2024-10-14 14:18:45.581112 India: Sending you each 4
2024-10-14 14:18:45.897979 Whiskey: Victor, sending you 7
2024-10-14 14:18:45.898807 Alpha: Hotel, Mike and Quebec, sending you 5
2024-10-14 14:18:45.899263 Quebec: Hotel, Foxtrot, Sierra, India, Mike and Alpha, sending you 2
2024-10-14 14:18:45.900032 Mike: India we want you to join our group
2024-10-14 14:18:45.903485 India: No
ChatterBot Mike reevaluating
chatterbot Sierra submitting transactions
chatterbot Whiskey submitting transactions
chatterbot India submitting transactions
chatterbot Victor submitting transactions
2024-10-14 14:18:45.924748 Alpha: Foxtrot, sending you 1
2024-10-14 14:18:45.925127 Whiskey: Echo, sending you 2
2024-10-14 14:18:46.076405 Victor: Hotel and India, sending you 1
2024-10-14 14:18:46.077202 Hotel: Foxtrot and Quebec, sending you 1
2024-10-14 14:18:46.078088 Echo: Hotel, sending you 1
2024-10-14 14:18:46.078413 Foxtrot: Hotel, sending you 2
2024-10-14 14:18:46.078820 Sierra: Hotel, Foxtrot, India, Mike and Quebec, sending you 2
chatterbot Foxtrot submitting transactions
2024-10-14 14:18:46.079964 Victor: Whiskey, sending you 5
2024-10-14 14:18:46.226297 Echo: Whiskey, sending you 3
2024-10-14 14:18:46.227517 Hotel: Sierra and Alpha, sending you 2
2024-10-14 14:18:46.229276 Victor: Echo, sending you 9
2024-10-14 14:18:46.231848 Foxtrot: Sierra, India and Alpha, sending you 1
2024-10-14 14:18:46.236359 Sierra: Alpha, sending you 1
chatterbot Hotel submitting transactions
2024-10-14 14:18:46.239853 Echo: India, sending you 4
2024-10-14 14:18:46.240792 Hotel: India, sending you 4
2024-10-14 14:18:46.242998 Foxtrot: Mike, sending you 5
2024-10-14 14:18:46.330362 Echo: Victor, sending you 8
2024-10-14 14:18:46.330916 Hotel: Mike, sending you 6
2024-10-14 14:18:46.331909 Foxtrot: Quebec, sending you 3
2024-10-14 14:18:46.347072 Mike: Hotel, Foxtrot, Sierra, Alpha and Quebec, sending you 3
2024-10-14 14:18:46.366182 Mike: India, sending you 2
chatterbot Echo submitting transactions
chatterbot Quebec submitting transactions
chatterbot Alpha submitting transactions
chatterbot Mike submitting transactions
ChatterBot Hotel round 3
ChatterBot Whiskey round 3
ChatterBot Foxtrot round 3
ChatterBot Sierra round 3
ChatterBot India round 3
ChatterBot Mike round 3
ChatterBot Alpha round 3
ChatterBot Victor round 3
ChatterBot Echo round 3
ChatterBot Quebec round 3
2024-10-14 14:18:46.647922 Echo: We should replace Hotel with Sierra
ChatterBot Victor reevaluating
2024-10-14 14:18:46.656855 Whiskey: No
2024-10-14 14:18:46.657010 India: No
2024-10-14 14:18:46.657127 Victor: Yes
ChatterBot Victor reevaluating
ChatterBot Victor reevaluating
2024-10-14 14:18:46.698559 Echo: Sierra we want you to join our group
2024-10-14 14:18:46.702204 Sierra: No
ChatterBot Echo reevaluating
ChatterBot Victor reevaluating
2024-10-14 14:18:46.715468 Victor: We should replace Hotel with Mike
ChatterBot Echo reevaluating
2024-10-14 14:18:46.724856 Whiskey: No
2024-10-14 14:18:46.724980 India: No
2024-10-14 14:18:46.725104 Echo: No
ChatterBot Victor reevaluating
ChatterBot Echo reevaluating
ChatterBot Victor reevaluating
ChatterBot Echo reevaluating
ChatterBot Victor reevaluating
2024-10-14 14:18:46.777445 Alpha: Hotel, Mike and Quebec, sending you 4
2024-10-14 14:18:46.778291 Hotel: Foxtrot, Sierra, India and Quebec, sending you 2
2024-10-14 14:18:46.778720 India: Whiskey and Echo, sending you 5
2024-10-14 14:18:46.809922 Alpha: Foxtrot and Sierra, sending you 2
2024-10-14 14:18:46.810919 Whiskey: India, sending you 4
2024-10-14 14:18:46.811297 Quebec: Hotel, Foxtrot, Sierra, India, Mike and Alpha, sending you 2
2024-10-14 14:18:46.812186 Mike: Hotel, Foxtrot, Sierra, Alpha and Quebec, sending you 3
2024-10-14 14:18:46.812726 Sierra: Hotel, Foxtrot, India, Mike and Quebec, sending you 2
2024-10-14 14:18:46.813593 Hotel: Mike and Alpha, sending you 4
2024-10-14 14:18:46.814106 India: Victor, sending you 2
2024-10-14 14:18:46.814865 Foxtrot: Hotel and Sierra, sending you 2
2024-10-14 14:18:46.815335 Whiskey: Victor, sending you 6
2024-10-14 14:18:46.816022 Mike: India, sending you 2
2024-10-14 14:18:46.836330 Sierra: Alpha, sending you 1
2024-10-14 14:18:46.837132 Foxtrot: India and Alpha, sending you 1
2024-10-14 14:18:46.837544 Victor: Whiskey, sending you 5
2024-10-14 14:18:46.838181 Whiskey: Echo, sending you 3
2024-10-14 14:18:49.885219 Foxtrot: Mike, sending you 4
2024-10-14 14:18:49.886566 Victor: Sierra, sending you 1
2024-10-14 14:18:49.891707 Foxtrot: Quebec, sending you 3
2024-10-14 14:18:49.893136 Victor: India, sending you 3
2024-10-14 14:18:49.896907 Victor: Echo, sending you 7
chatterbot Mike submitting transactions
chatterbot Victor submitting transactions
chatterbot Quebec submitting transactions
chatterbot Sierra submitting transactions
chatterbot Hotel submitting transactions
chatterbot Echo submitting transactions
chatterbot Foxtrot submitting transactions
chatterbot Whiskey submitting transactions
chatterbot Alpha submitting transactions
chatterbot India submitting transactions
ChatterBot Hotel round 4
ChatterBot Whiskey round 4
ChatterBot Foxtrot round 4
ChatterBot Sierra round 4
ChatterBot India round 4
ChatterBot Mike round 4
ChatterBot Alpha round 4
ChatterBot Victor round 4
ChatterBot Echo round 4
ChatterBot Quebec round 4
2024-10-14 14:18:51.309972 Sierra: We should drop India
ChatterBot Hotel reevaluating
ChatterBot Foxtrot reevaluating
2024-10-14 14:18:51.326046 Hotel: Yes
2024-10-14 14:18:51.326648 Alpha: No
2024-10-14 14:18:51.326810 Quebec: No
2024-10-14 14:18:51.326948 Foxtrot: Yes
2024-10-14 14:18:51.327077 Mike: No
ChatterBot Foxtrot reevaluating
ChatterBot Hotel reevaluating
ChatterBot Foxtrot reevaluating
ChatterBot Hotel reevaluating
ChatterBot Foxtrot reevaluating
ChatterBot Hotel reevaluating
ChatterBot Alpha reevaluating
ChatterBot Mike reevaluating
ChatterBot Hotel reevaluating
ChatterBot Alpha reevaluating
ChatterBot Foxtrot reevaluating
2024-10-14 14:18:51.413001 Echo: We should replace Hotel with Sierra
2024-10-14 14:18:51.422318 Whiskey: No
2024-10-14 14:18:51.422460 India: No
2024-10-14 14:18:51.422602 Victor: Yes
ChatterBot Victor reevaluating
2024-10-14 14:18:51.510305 Victor: We should replace Sierra with Mike
2024-10-14 14:18:51.524222 Whiskey: No
2024-10-14 14:18:51.524520 India: No
2024-10-14 14:18:51.525234 Echo: No
ChatterBot Victor reevaluating
ChatterBot Victor reevaluating
ChatterBot Victor reevaluating
2024-10-14 14:18:51.577542 Echo: Sierra we want you to join our group
2024-10-14 14:18:51.583031 Sierra: No
ChatterBot Victor reevaluating
2024-10-14 14:18:51.596520 Foxtrot: Echo we want you to join our group
2024-10-14 14:18:51.600037 Echo: No
ChatterBot Foxtrot reevaluating
ChatterBot Hotel reevaluating
ChatterBot Mike reevaluating
ChatterBot Alpha reevaluating
2024-10-14 14:18:51.628677 Sierra: Hotel, Foxtrot, Alpha and Quebec, sending you 2
2024-10-14 14:18:51.629554 Whiskey: India and Victor, sending you 5
2024-10-14 14:18:51.629904 India: Whiskey, sending you 4
2024-10-14 14:18:51.639595 Sierra: Mike, sending you 3
2024-10-14 14:18:51.640938 Whiskey: Echo, sending you 3
2024-10-14 14:18:51.641276 India: Victor, sending you 3
2024-10-14 14:18:51.641566 Quebec: Hotel, Foxtrot, Sierra, India, Mike and Alpha, sending you 2
2024-10-14 14:18:51.642590 Echo: Whiskey, sending you 3
2024-10-14 14:18:51.648120 India: Echo, sending you 5
2024-10-14 14:18:51.649128 Victor: Whiskey, sending you 5
2024-10-14 14:18:51.649496 Echo: Sierra, sending you 1
2024-10-14 14:18:51.659093 Foxtrot: Hotel, Sierra and Alpha, sending you 2
2024-10-14 14:18:51.660575 Victor: Sierra, sending you 1
2024-10-14 14:18:51.660994 Echo: India, sending you 5
2024-10-14 14:18:51.673188 Alpha: Hotel, sending you 5
2024-10-14 14:18:51.674091 Foxtrot: Mike, sending you 4
2024-10-14 14:18:51.675424 Mike: Hotel and Foxtrot, sending you 4
2024-10-14 14:18:51.676077 Victor: India, sending you 3
2024-10-14 14:18:51.676572 Hotel: Foxtrot and Sierra, sending you 3
2024-10-14 14:18:51.677736 Echo: Victor, sending you 7
2024-10-14 14:18:51.678129 Alpha: Foxtrot, sending you 2
2024-10-14 14:18:51.679276 Foxtrot: Quebec, sending you 3
2024-10-14 14:18:51.680216 Victor: Echo, sending you 7
2024-10-14 14:18:51.682875 Mike: Sierra, Alpha and Quebec, sending you 3
2024-10-14 14:18:51.683698 Hotel: Mike and Alpha, sending you 4
2024-10-14 14:18:51.684998 Alpha: Sierra, sending you 1
2024-10-14 14:18:51.687711 Hotel: Quebec, sending you 2
2024-10-14 14:18:51.688377 Alpha: Mike and Quebec, sending you 4
chatterbot Quebec submitting transactions
chatterbot Victor submitting transactions
chatterbot Echo submitting transactions
chatterbot India submitting transactions
chatterbot Hotel submitting transactions
chatterbot Foxtrot submitting transactions
chatterbot Sierra submitting transactions
chatterbot Whiskey submitting transactions
chatterbot Mike submitting transactions
chatterbot Alpha submitting transactions
ChatterBot Hotel round 5
ChatterBot Whiskey round 5
ChatterBot Foxtrot round 5
ChatterBot Sierra round 5
ChatterBot India round 5
ChatterBot Mike round 5
ChatterBot Alpha round 5
ChatterBot Victor round 5
ChatterBot Echo round 5
ChatterBot Quebec round 5
2024-10-14 14:18:52.683181 Foxtrot: We should add India
ChatterBot Mike reevaluating
2024-10-14 14:18:52.703930 Hotel: No
2024-10-14 14:18:52.704112 Alpha: No
2024-10-14 14:18:52.704636 Quebec: Yes
2024-10-14 14:18:52.704844 Sierra: No
2024-10-14 14:18:52.705081 Mike: Yes
ChatterBot Foxtrot reevaluating
ChatterBot Mike reevaluating
ChatterBot Foxtrot reevaluating
ChatterBot Mike reevaluating
ChatterBot Foxtrot reevaluating
ChatterBot Mike reevaluating
ChatterBot Foxtrot reevaluating
ChatterBot Mike reevaluating
ChatterBot Foxtrot reevaluating
2024-10-14 14:18:52.804830 Mike: We should add Echo
ChatterBot Foxtrot reevaluating
2024-10-14 14:18:52.820345 Hotel: No
2024-10-14 14:18:52.820475 Alpha: No
2024-10-14 14:18:52.820573 Quebec: No
2024-10-14 14:18:52.820694 Foxtrot: No
2024-10-14 14:18:52.820801 Sierra: No
ChatterBot Foxtrot reevaluating
ChatterBot Mike reevaluating
ChatterBot Foxtrot reevaluating
ChatterBot Mike reevaluating
ChatterBot Foxtrot reevaluating
ChatterBot Mike reevaluating
ChatterBot Mike reevaluating
ChatterBot Foxtrot reevaluating
ChatterBot Mike reevaluating
2024-10-14 14:18:52.990420 Echo: We should replace Sierra with Quebec
ChatterBot Victor reevaluating
2024-10-14 14:18:53.002527 Whiskey: No
2024-10-14 14:18:53.002735 India: No
2024-10-14 14:18:53.002989 Victor: No
ChatterBot Victor reevaluating
ChatterBot Echo reevaluating
ChatterBot Victor reevaluating
ChatterBot Echo reevaluating
ChatterBot Echo reevaluating
2024-10-14 14:18:53.048091 Alpha: India we want you to join our group
2024-10-14 14:18:53.053519 India: No
ChatterBot Alpha reevaluating
ChatterBot Foxtrot reevaluating
ChatterBot Mike reevaluating
2024-10-14 14:18:53.099853 Whiskey: India and Victor, sending you 5
2024-10-14 14:18:53.100560 Sierra: Hotel, Foxtrot, Alpha and Quebec, sending you 2
2024-10-14 14:18:53.102255 Hotel: Foxtrot, sending you 2
2024-10-14 14:18:53.103984 India: Whiskey, sending you 4
2024-10-14 14:18:53.105442 Echo: Quebec we want you to join our group
2024-10-14 14:18:53.112367 Quebec: No
ChatterBot Echo reevaluating
ChatterBot Victor reevaluating
2024-10-14 14:18:53.137373 Victor: We should replace Sierra with Mike
ChatterBot Echo reevaluating
2024-10-14 14:18:53.152407 Whiskey: No
2024-10-14 14:18:53.152587 India: No
2024-10-14 14:18:53.152759 Echo: No
ChatterBot Victor reevaluating
ChatterBot Echo reevaluating
ChatterBot Victor reevaluating
ChatterBot Echo reevaluating
ChatterBot Victor reevaluating
2024-10-14 14:18:53.195818 Mike: India we want you to join our group
2024-10-14 14:18:53.200569 India: No
ChatterBot Alpha reevaluating
2024-10-14 14:18:53.224409 Whiskey: Echo, sending you 3
2024-10-14 14:18:53.225263 Sierra: Mike, sending you 3
2024-10-14 14:18:53.226069 Hotel: Sierra and Quebec, sending you 3
2024-10-14 14:18:53.227138 India: Victor, sending you 3
chatterbot Sierra submitting transactions
2024-10-14 14:18:53.228027 Quebec: Hotel, Foxtrot, Sierra, India, Mike and Alpha, sending you 2
2024-10-14 14:18:53.229672 Hotel: Mike and Alpha, sending you 4
2024-10-14 14:18:53.231653 India: Echo, sending you 5
2024-10-14 14:18:53.232915 Foxtrot: Hotel, Sierra and Alpha, sending you 2
2024-10-14 14:18:53.235763 Victor: Mike we want you to join our group
2024-10-14 14:18:53.239261 Mike: No
ChatterBot Victor reevaluating
2024-10-14 14:18:53.255762 Foxtrot: Mike, sending you 4
2024-10-14 14:18:53.258687 Mike: Hotel, Foxtrot, Sierra, Alpha and Quebec, sending you 3
2024-10-14 14:18:53.259889 Foxtrot: Quebec, sending you 3
2024-10-14 14:18:53.260673 Alpha: Hotel, sending you 5
2024-10-14 14:18:53.261683 Echo: Whiskey, sending you 3
2024-10-14 14:18:53.263651 Mike: India, sending you 2
2024-10-14 14:18:53.266668 Alpha: Foxtrot and Sierra, sending you 2
2024-10-14 14:18:53.267226 Echo: Sierra, sending you 1
2024-10-14 14:18:53.270656 Alpha: Mike, sending you 4
2024-10-14 14:18:53.271670 Echo: India, sending you 5
2024-10-14 14:18:53.274673 Echo: Victor, sending you 7
2024-10-14 14:18:53.275665 Alpha: Quebec, sending you 3
2024-10-14 14:18:53.277655 Victor: Whiskey, sending you 5
2024-10-14 14:18:53.280706 Victor: India, sending you 3
2024-10-14 14:18:53.283993 Victor: Echo, sending you 7
2024-10-14 14:18:53.288658 Victor: Quebec, sending you 1
chatterbot India submitting transactions
chatterbot Hotel submitting transactions
chatterbot Victor submitting transactions
chatterbot Quebec submitting transactions
chatterbot Echo submitting transactions
chatterbot Foxtrot submitting transactions
chatterbot Whiskey submitting transactions
chatterbot Mike submitting transactions
chatterbot Alpha submitting transactions
ChatterBot Hotel round 6
ChatterBot Whiskey round 6
ChatterBot Foxtrot round 6
ChatterBot Sierra round 6
ChatterBot India round 6
ChatterBot Mike round 6
ChatterBot Alpha round 6
ChatterBot Victor round 6
ChatterBot Echo round 6
ChatterBot Quebec round 6
2024-10-14 14:18:54.524041 Echo: We should replace Sierra with Foxtrot
ChatterBot Victor reevaluating
2024-10-14 14:18:54.589189 Whiskey: No
2024-10-14 14:18:54.589623 India: No
2024-10-14 14:18:54.589920 Victor: Yes
ChatterBot Victor reevaluating
ChatterBot Echo reevaluating
ChatterBot Victor reevaluating
ChatterBot Echo reevaluating
ChatterBot Echo reevaluating
2024-10-14 14:18:54.640639 Mike: We should drop India
2024-10-14 14:18:54.666158 Hotel: Yes
2024-10-14 14:18:54.666657 Alpha: Yes
2024-10-14 14:18:54.666974 Quebec: No
2024-10-14 14:18:54.667785 Foxtrot: Yes
2024-10-14 14:18:54.668211 Sierra: Yes
ChatterBot Quebec reevaluating
ChatterBot Quebec reevaluating
ChatterBot Mike reevaluating
ChatterBot Quebec reevaluating
ChatterBot Mike reevaluating
ChatterBot Quebec reevaluating
ChatterBot Mike reevaluating
2024-10-14 14:18:54.816116 Whiskey: India and Victor, sending you 5
2024-10-14 14:18:54.816738 Foxtrot: Hotel, Sierra and Alpha, sending you 2
2024-10-14 14:18:54.817973 India: Whiskey, sending you 4
2024-10-14 14:18:54.818394 Sierra: Hotel, Foxtrot, Alpha and Quebec, sending you 2
2024-10-14 14:18:54.819792 Hotel: Foxtrot, sending you 2
2024-10-14 14:18:54.820267 Alpha: Hotel, sending you 5
2024-10-14 14:18:54.821238 Whiskey: Echo, sending you 3
2024-10-14 14:18:54.821659 Foxtrot: Mike, sending you 4
2024-10-14 14:18:54.822771 India: Victor, sending you 3
2024-10-14 14:18:54.833786 Sierra: Mike, sending you 3
2024-10-14 14:18:54.834851 Hotel: Sierra and Quebec, sending you 3
2024-10-14 14:18:54.835494 Victor: Whiskey, sending you 5
2024-10-14 14:18:54.836147 Alpha: Foxtrot and Sierra, sending you 2
2024-10-14 14:18:54.836663 India: Echo, sending you 5
2024-10-14 14:18:54.836968 Foxtrot: Quebec, sending you 3
2024-10-14 14:18:54.838172 Hotel: Mike and Alpha, sending you 4
2024-10-14 14:18:54.841237 Victor: India, sending you 3
2024-10-14 14:18:54.842245 Alpha: Mike, sending you 4
2024-10-14 14:18:54.843188 Echo: Whiskey, sending you 3
2024-10-14 14:18:54.880407 Alpha: Quebec, sending you 3
2024-10-14 14:18:54.882006 Victor: Echo, sending you 7
2024-10-14 14:18:54.882569 Echo: Sierra, sending you 1
2024-10-14 14:18:54.893825 Victor: Quebec, sending you 1
2024-10-14 14:18:54.894340 Echo: India, sending you 5
2024-10-14 14:18:54.906857 Echo: Victor, sending you 7
2024-10-14 14:18:54.913533 Quebec: Hotel, Foxtrot and Sierra, sending you 2
2024-10-14 14:18:54.931222 Quebec: Mike and Alpha, sending you 3
chatterbot Whiskey submitting transactions
chatterbot Foxtrot submitting transactions
chatterbot India submitting transactions
chatterbot Mike submitting transactions
chatterbot Quebec submitting transactions
chatterbot Alpha submitting transactions
chatterbot Hotel submitting transactions
chatterbot Victor submitting transactions
chatterbot Sierra submitting transactions
chatterbot Echo submitting transactions
ChatterBot Hotel round 7
ChatterBot Whiskey round 7
ChatterBot Foxtrot round 7
ChatterBot Sierra round 7
ChatterBot India round 7
ChatterBot Mike round 7
ChatterBot Alpha round 7
ChatterBot Victor round 7
2024-10-14 14:18:55.828403 Mike: We should replace India with Whiskey
2024-10-14 14:18:55.840676 Hotel: No
2024-10-14 14:18:55.840842 Alpha: No
2024-10-14 14:18:55.840977 Quebec: No
2024-10-14 14:18:55.841103 Foxtrot: No
2024-10-14 14:18:55.841214 Sierra: No
ChatterBot Quebec reevaluating
ChatterBot Mike reevaluating
ChatterBot Quebec reevaluating
ChatterBot Mike reevaluating
ChatterBot Mike reevaluating
ChatterBot Quebec reevaluating
ChatterBot Mike reevaluating
ChatterBot Quebec reevaluating
ChatterBot Mike reevaluating
ChatterBot Echo round 7
ChatterBot Quebec round 7
2024-10-14 14:18:55.912977 Echo: We should replace Sierra with Quebec
ChatterBot Victor reevaluating
2024-10-14 14:18:55.923238 Whiskey: No
2024-10-14 14:18:55.923388 India: No
2024-10-14 14:18:55.923530 Victor: Yes
ChatterBot Victor reevaluating
ChatterBot Victor reevaluating
2024-10-14 14:18:55.949609 Mike: We should drop India
ChatterBot Quebec reevaluating
2024-10-14 14:18:55.961674 Hotel: Yes
2024-10-14 14:18:55.961812 Alpha: Yes
2024-10-14 14:18:55.961975 Quebec: Yes
2024-10-14 14:18:55.962093 Foxtrot: Yes
2024-10-14 14:18:55.962203 Sierra: Yes
ChatterBot Quebec reevaluating
ChatterBot Mike reevaluating
ChatterBot Quebec reevaluating
ChatterBot Mike reevaluating
ChatterBot Foxtrot reevaluating
ChatterBot Mike reevaluating
ChatterBot Quebec reevaluating
ChatterBot Mike reevaluating
ChatterBot Quebec reevaluating
ChatterBot Foxtrot reevaluating
ChatterBot Mike reevaluating
2024-10-14 14:18:56.019082 Echo: Quebec we want you to join our group
ChatterBot Quebec reevaluating
2024-10-14 14:18:56.021920 Quebec: No
ChatterBot Victor reevaluating
2024-10-14 14:18:56.031239 Quebec: We should add Whiskey
ChatterBot Foxtrot reevaluating
ChatterBot Mike reevaluating
2024-10-14 14:18:56.042367 Hotel: No
2024-10-14 14:18:56.042477 Alpha: No
2024-10-14 14:18:56.042580 Foxtrot: No
2024-10-14 14:18:56.042684 Sierra: No
2024-10-14 14:18:56.042826 Mike: Yes
ChatterBot Quebec reevaluating
ChatterBot Foxtrot reevaluating
ChatterBot Mike reevaluating
ChatterBot Quebec reevaluating
ChatterBot Foxtrot reevaluating
ChatterBot Mike reevaluating
ChatterBot Quebec reevaluating
ChatterBot Mike reevaluating
ChatterBot Quebec reevaluating
ChatterBot Foxtrot reevaluating
ChatterBot Mike reevaluating
ChatterBot Quebec reevaluating
ChatterBot Foxtrot reevaluating
2024-10-14 14:18:56.098801 Whiskey: India and Victor, sending you 5
2024-10-14 14:18:56.099237 Hotel: Foxtrot, sending you 2
2024-10-14 14:18:56.100214 Alpha: Hotel, sending you 5
2024-10-14 14:18:56.100658 India: Whiskey, sending you 4
2024-10-14 14:18:56.102996 Whiskey: Echo, sending you 3
2024-10-14 14:18:56.103487 Hotel: Sierra and Quebec, sending you 3
2024-10-14 14:18:56.104216 Alpha: Foxtrot and Sierra, sending you 2
2024-10-14 14:18:56.104916 Sierra: Hotel, Foxtrot, Alpha and Quebec, sending you 2
2024-10-14 14:18:56.106023 India: Victor, sending you 3
2024-10-14 14:18:56.107709 Hotel: Mike and Alpha, sending you 4
2024-10-14 14:18:56.108730 Alpha: Mike, sending you 4
2024-10-14 14:18:56.109339 Sierra: Mike, sending you 3
2024-10-14 14:18:56.110659 India: Echo, sending you 5
2024-10-14 14:18:56.111697 Alpha: Quebec, sending you 3
2024-10-14 14:18:56.113790 Victor: Whiskey, sending you 5
2024-10-14 14:18:56.116669 Echo: Whiskey, sending you 3
2024-10-14 14:18:56.117738 Victor: Foxtrot, sending you 1
2024-10-14 14:18:56.119679 Echo: India, sending you 5
2024-10-14 14:18:56.121658 Victor: India, sending you 4
2024-10-14 14:18:56.122677 Echo: Victor, sending you 7
2024-10-14 14:18:56.125683 Victor: Echo, sending you 6
2024-10-14 14:18:56.126681 Echo: Quebec, sending you 1
2024-10-14 14:18:56.129657 Quebec: Hotel, Foxtrot and Sierra, sending you 2
2024-10-14 14:18:56.130495 Mike: Hotel and Foxtrot, sending you 4
2024-10-14 14:18:56.134673 Quebec: Mike and Alpha, sending you 3
2024-10-14 14:18:56.136070 Mike: Sierra, Alpha and Quebec, sending you 3
chatterbot Victor submitting transactions
chatterbot Hotel submitting transactions
chatterbot Foxtrot submitting transactions
chatterbot Quebec submitting transactions
chatterbot India submitting transactions
chatterbot Echo submitting transactions
chatterbot Whiskey submitting transactions
chatterbot Sierra submitting transactions
chatterbot Alpha submitting transactions
chatterbot Mike submitting transactions
ChatterBot Hotel round 8
ChatterBot Whiskey round 8
ChatterBot Foxtrot round 8
ChatterBot Sierra round 8
ChatterBot India round 8
ChatterBot Mike round 8
ChatterBot Alpha round 8
ChatterBot Victor round 8
ChatterBot Echo round 8
ChatterBot Quebec round 8
2024-10-14 14:18:57.280618 Foxtrot: We should add Victor
ChatterBot Hotel reevaluating
ChatterBot Alpha reevaluating
ChatterBot Quebec reevaluating
ChatterBot Mike reevaluating
2024-10-14 14:18:57.305671 Hotel: No
2024-10-14 14:18:57.305954 Alpha: Yes
2024-10-14 14:18:57.306140 Quebec: Yes
2024-10-14 14:18:57.306676 Sierra: No
2024-10-14 14:18:57.306856 Mike: Yes
ChatterBot Alpha reevaluating
ChatterBot Quebec reevaluating
ChatterBot Foxtrot reevaluating
ChatterBot Mike reevaluating
ChatterBot Hotel reevaluating
ChatterBot Quebec reevaluating
ChatterBot Foxtrot reevaluating
ChatterBot Mike reevaluating
ChatterBot Hotel reevaluating
ChatterBot Alpha reevaluating
ChatterBot Foxtrot reevaluating
ChatterBot Sierra reevaluating
ChatterBot Mike reevaluating
ChatterBot Hotel reevaluating
ChatterBot Alpha reevaluating
ChatterBot Quebec reevaluating
ChatterBot Foxtrot reevaluating
ChatterBot Mike reevaluating
ChatterBot Hotel reevaluating
ChatterBot Alpha reevaluating
ChatterBot Quebec reevaluating
ChatterBot Foxtrot reevaluating
ChatterBot Sierra reevaluating
2024-10-14 14:18:57.452209 Victor: We should replace Foxtrot with Mike
ChatterBot India reevaluating
ChatterBot Echo reevaluating
2024-10-14 14:18:57.467019 Whiskey: No
2024-10-14 14:18:57.467245 India: Yes
2024-10-14 14:18:57.467418 Echo: Yes
ChatterBot India reevaluating
ChatterBot Echo reevaluating
ChatterBot Echo reevaluating
ChatterBot India reevaluating
ChatterBot Victor reevaluating
2024-10-14 14:18:57.612045 Echo: We should replace Quebec with Hotel
ChatterBot India reevaluating
ChatterBot Victor reevaluating
2024-10-14 14:18:57.625965 Whiskey: No
2024-10-14 14:18:57.626246 India: No
2024-10-14 14:18:57.626458 Victor: Yes
ChatterBot India reevaluating
ChatterBot Victor reevaluating
ChatterBot Echo reevaluating
ChatterBot Victor reevaluating
ChatterBot Echo reevaluating
ChatterBot India reevaluating
ChatterBot Echo reevaluating
2024-10-14 14:18:57.675910 Hotel: Victor we want you to join our group
ChatterBot Victor reevaluating
2024-10-14 14:18:57.684142 Victor: No
ChatterBot Hotel reevaluating
ChatterBot Foxtrot reevaluating
ChatterBot Sierra reevaluating
2024-10-14 14:18:57.721379 Mike: Victor we want you to join our group
ChatterBot Victor reevaluating
2024-10-14 14:18:57.728656 Victor: No
ChatterBot Hotel reevaluating
ChatterBot Foxtrot reevaluating
ChatterBot Sierra reevaluating
2024-10-14 14:18:57.751523 Quebec: Victor we want you to join our group
ChatterBot Victor reevaluating
2024-10-14 14:18:57.758607 Victor: No
ChatterBot Foxtrot reevaluating
ChatterBot Sierra reevaluating
2024-10-14 14:18:57.783102 Alpha: Victor we want you to join our group
ChatterBot Victor reevaluating
2024-10-14 14:18:57.788372 Victor: No
ChatterBot Foxtrot reevaluating
ChatterBot Sierra reevaluating
2024-10-14 14:18:57.815787 Whiskey: India and Victor, sending you 5
2024-10-14 14:18:57.819855 Whiskey: Echo, sending you 3
2024-10-14 14:18:57.820678 Sierra: Victor we want you to join our group
ChatterBot Victor reevaluating
2024-10-14 14:18:57.825531 Victor: No
ChatterBot Foxtrot reevaluating
2024-10-14 14:18:57.843402 Quebec: Sending you each 2
2024-10-14 14:18:57.845698 Mike: Hotel, Foxtrot, Sierra, Alpha and Quebec, sending you 3
2024-10-14 14:18:57.846897 Alpha: Hotel, Sierra, Mike and Quebec, sending you 1
2024-10-14 14:18:57.847731 Echo: Whiskey, sending you 3
2024-10-14 14:18:57.848728 Victor: Mike we want you to join our group
2024-10-14 14:18:57.852595 Mike: No
ChatterBot Victor reevaluating
ChatterBot India reevaluating
2024-10-14 14:18:57.865639 Mike: Victor, sending you 2
2024-10-14 14:18:57.866607 Echo: India, sending you 5
2024-10-14 14:18:57.867014 Foxtrot: Victor we want you to join our group
ChatterBot Victor reevaluating
2024-10-14 14:18:57.870450 Victor: No
ChatterBot Foxtrot reevaluating
2024-10-14 14:18:57.893677 Echo: Mike, sending you 1
2024-10-14 14:18:57.896683 Hotel: Foxtrot, Sierra and Quebec, sending you 2
2024-10-14 14:18:57.898485 Sierra: Hotel, Foxtrot, Mike, Alpha and Quebec, sending you 2
2024-10-14 14:18:57.899290 Echo: Victor, sending you 7
2024-10-14 14:18:57.900744 Hotel: Mike, sending you 4
2024-10-14 14:18:57.902707 Sierra: Victor, sending you 1
2024-10-14 14:18:57.906670 Hotel: Alpha, sending you 5
2024-10-14 14:18:57.911093 Hotel: Victor, sending you 1
2024-10-14 14:18:57.922674 Victor: Whiskey, sending you 5
2024-10-14 14:18:57.926688 Foxtrot: Hotel, Sierra, Alpha and Quebec, sending you 2
2024-10-14 14:18:57.927835 Victor: India, sending you 4
2024-10-14 14:18:57.931052 Foxtrot: Mike, sending you 4
2024-10-14 14:18:57.931903 Victor: Mike, sending you 1
2024-10-14 14:18:57.936691 Foxtrot: Victor, sending you 1
2024-10-14 14:18:57.937282 Victor: Echo, sending you 6
chatterbot Alpha submitting transactions
chatterbot Echo submitting transactions
chatterbot Victor submitting transactions
chatterbot Mike submitting transactions
chatterbot Foxtrot submitting transactions
chatterbot Whiskey submitting transactions
chatterbot Hotel submitting transactions
chatterbot Quebec submitting transactions
chatterbot Sierra submitting transactions
chatterbot India submitting transactions
ChatterBot Hotel round 9
ChatterBot Whiskey round 9
ChatterBot Foxtrot round 9
ChatterBot Sierra round 9
ChatterBot India round 9
ChatterBot Mike round 9
ChatterBot Alpha round 9
ChatterBot Victor round 9
ChatterBot Echo round 9
ChatterBot Quebec round 9
2024-10-14 14:18:59.154282 Echo: I was attacked by Alpha
ChatterBot Victor reevaluating
ChatterBot Whiskey reevaluating
ChatterBot India reevaluating
ChatterBot Mike reevaluating
2024-10-14 14:18:59.172826 Echo: I'm keeping this round to protect myself
2024-10-14 14:18:59.174650 Echo: Ow
2024-10-14 14:18:59.176811 Alpha: Hotel, sending you 5
2024-10-14 14:18:59.183844 Foxtrot: Hotel, Sierra, Alpha and Quebec, sending you 2
2024-10-14 14:18:59.185100 Sierra: Hotel, Foxtrot, Mike, Alpha and Quebec, sending you 2
2024-10-14 14:18:59.186525 Hotel: Foxtrot, sending you 2
2024-10-14 14:18:59.188262 Quebec: Hotel, Foxtrot, Sierra, Mike, Alpha and Victor, sending you 2
2024-10-14 14:18:59.189752 Alpha: Foxtrot and Sierra, sending you 2
2024-10-14 14:18:59.191305 Foxtrot: Mike, sending you 4
2024-10-14 14:18:59.192141 Sierra: Victor, sending you 1
2024-10-14 14:18:59.194212 Hotel: Sierra and Quebec, sending you 3
2024-10-14 14:18:59.196509 Alpha: Mike and Quebec, sending you 3
2024-10-14 14:18:59.198472 Foxtrot: Victor, sending you 1
2024-10-14 14:18:59.200523 Hotel: Mike and Alpha, sending you 4
