ChatterBot Charlie round 1
ChatterBot Alpha round 1
ChatterBot Bravo round 1
ChatterBot India round 1
ChatterBot Juliett round 1
ChatterBot Foxtrot round 1
ChatterBot Golf round 1
ChatterBot Hotel round 1
ChatterBot Romeo round 1
ChatterBot Delta round 1
randomSelections India: {India, Golf, Foxtrot, Juliett, Romeo, Delta} 
2024-10-14 14:18:42.212112 India: We should group up
ChatterBot Golf reevaluating
ChatterBot Foxtrot reevaluating
ChatterBot Juliett reevaluating
ChatterBot Romeo reevaluating
ChatterBot Delta reevaluating
2024-10-14 14:18:42.227174 Golf: Yes
2024-10-14 14:18:42.227390 Foxtrot: Yes
2024-10-14 14:18:42.227543 Juliett: Yes
2024-10-14 14:18:42.227692 Romeo: Yes
2024-10-14 14:18:42.227821 Delta: Yes
ChatterBot Foxtrot reevaluating
ChatterBot Juliett reevaluating
ChatterBot Romeo reevaluating
ChatterBot Delta reevaluating
ChatterBot Golf reevaluating
ChatterBot Juliett reevaluating
ChatterBot Romeo reevaluating
ChatterBot Delta reevaluating
ChatterBot Golf reevaluating
ChatterBot Foxtrot reevaluating
ChatterBot Romeo reevaluating
ChatterBot Delta reevaluating
ChatterBot Golf reevaluating
ChatterBot Foxtrot reevaluating
ChatterBot Juliett reevaluating
ChatterBot Delta reevaluating
ChatterBot Golf reevaluating
ChatterBot Foxtrot reevaluating
ChatterBot Juliett reevaluating
ChatterBot Romeo reevaluating
randomSelections Hotel: {Hotel, Romeo, Delta, Alpha, Bravo, Foxtrot} 
2024-10-14 14:18:42.286096 Hotel: Group up?
ChatterBot Romeo reevaluating
ChatterBot Delta reevaluating
ChatterBot Alpha reevaluating
ChatterBot Bravo reevaluating
ChatterBot Foxtrot reevaluating
2024-10-14 14:18:42.297361 Romeo: No
2024-10-14 14:18:42.298018 Delta: No
2024-10-14 14:18:42.298151 Alpha: Yes
2024-10-14 14:18:42.298276 Bravo: Yes
2024-10-14 14:18:42.298385 Foxtrot: No
ChatterBot Delta reevaluating
ChatterBot Alpha reevaluating
ChatterBot Bravo reevaluating
ChatterBot Foxtrot reevaluating
ChatterBot Romeo reevaluating
ChatterBot Alpha reevaluating
ChatterBot Bravo reevaluating
ChatterBot Foxtrot reevaluating
ChatterBot Romeo reevaluating
ChatterBot Delta reevaluating
ChatterBot Bravo reevaluating
ChatterBot Foxtrot reevaluating
ChatterBot Romeo reevaluating
ChatterBot Delta reevaluating
ChatterBot Alpha reevaluating
ChatterBot Foxtrot reevaluating
ChatterBot Romeo reevaluating
ChatterBot Delta reevaluating
ChatterBot Alpha reevaluating
ChatterBot Bravo reevaluating
randomSelections Charlie: {Charlie, Bravo, Juliett, Hotel, Alpha, Foxtrot} 
2024-10-14 14:18:42.331559 Charlie: Let's form a team
ChatterBot Bravo reevaluating
ChatterBot Juliett reevaluating
ChatterBot Alpha reevaluating
ChatterBot Foxtrot reevaluating
2024-10-14 14:18:42.337337 Bravo: No
2024-10-14 14:18:42.337439 Juliett: No
2024-10-14 14:18:42.337543 Hotel: No
2024-10-14 14:18:42.337644 Alpha: No
2024-10-14 14:18:42.337740 Foxtrot: No
ChatterBot Juliett reevaluating
ChatterBot Alpha reevaluating
ChatterBot Foxtrot reevaluating
ChatterBot Bravo reevaluating
ChatterBot Alpha reevaluating
ChatterBot Foxtrot reevaluating
ChatterBot Bravo reevaluating
ChatterBot Juliett reevaluating
ChatterBot Alpha reevaluating
ChatterBot Foxtrot reevaluating
ChatterBot Bravo reevaluating
ChatterBot Juliett reevaluating
ChatterBot Foxtrot reevaluating
ChatterBot Bravo reevaluating
ChatterBot Juliett reevaluating
ChatterBot Alpha reevaluating
2024-10-14 14:18:42.382973 Golf: India, sending you 6
2024-10-14 14:18:42.383293 Alpha: Bravo, Foxtrot and Hotel, sending you 2
2024-10-14 14:18:42.383701 Romeo: Juliett, sending you 5
2024-10-14 14:18:42.383948 India: Juliett, sending you 4
2024-10-14 14:18:42.384161 Charlie: Alpha and Foxtrot, sending you 3
2024-10-14 14:18:42.384686 Hotel: Alpha, sending you 7
2024-10-14 14:18:42.385061 Foxtrot: India and Romeo, sending you 2
2024-10-14 14:18:42.386712 Golf: Juliett and Delta, sending you 3
2024-10-14 14:18:42.387344 Alpha: Romeo, sending you 4
2024-10-14 14:18:42.387690 Delta: India and Foxtrot, sending you 5
2024-10-14 14:18:42.388672 Romeo: Foxtrot and Golf, sending you 4
2024-10-14 14:18:42.388975 India: Foxtrot and Romeo, sending you 3
2024-10-14 14:18:42.389259 Charlie: Bravo, sending you 5
2024-10-14 14:18:42.389521 Juliett: India and Delta, sending you 2
2024-10-14 14:18:42.389850 Hotel: Bravo, sending you 1
2024-10-14 14:18:42.390122 Foxtrot: Juliett and Delta, sending you 4
2024-10-14 14:18:42.390705 Golf: Foxtrot, sending you 1
2024-10-14 14:18:42.391086 Alpha: Delta, sending you 5
2024-10-14 14:18:42.391319 Delta: Juliett, sending you 1
2024-10-14 14:18:42.391683 Charlie: Juliett, sending you 1
2024-10-14 14:18:42.392669 Romeo: Delta, sending you 3
2024-10-14 14:18:42.393319 Juliett: Golf, sending you 1
2024-10-14 14:18:42.393687 India: Golf, sending you 5
2024-10-14 14:18:42.393961 Delta: Golf, sending you 2
2024-10-14 14:18:42.394684 Hotel: Romeo, sending you 3
2024-10-14 14:18:42.395066 Charlie: Hotel, sending you 4
2024-10-14 14:18:42.395693 Golf: Romeo, sending you 4
2024-10-14 14:18:42.396656 Juliett: Romeo, sending you 3
2024-10-14 14:18:42.397669 India: Delta, sending you 2
2024-10-14 14:18:42.397971 Delta: Romeo, sending you 4
2024-10-14 14:18:42.398250 Hotel: Delta, sending you 2
2024-10-14 14:18:42.398671 Bravo: Alpha and Foxtrot, sending you 2
2024-10-14 14:18:42.401651 Bravo: Hotel, sending you 3
2024-10-14 14:18:42.404669 Bravo: Delta, sending you 4
chatterbot India submitting transactions
chatterbot Golf submitting transactions
chatterbot Bravo submitting transactions
chatterbot Juliett submitting transactions
chatterbot Foxtrot submitting transactions
chatterbot Hotel submitting transactions
chatterbot Romeo submitting transactions
chatterbot Charlie submitting transactions
chatterbot Delta submitting transactions
chatterbot Alpha submitting transactions
ChatterBot Charlie round 2
ChatterBot Alpha round 2
ChatterBot Bravo round 2
ChatterBot India round 2
ChatterBot Juliett round 2
ChatterBot Foxtrot round 2
ChatterBot Golf round 2
ChatterBot Hotel round 2
ChatterBot Romeo round 2
ChatterBot Delta round 2
2024-10-14 14:18:45.159821 Hotel: Can we be friends?
ChatterBot Charlie reevaluating
ChatterBot Alpha reevaluating
ChatterBot Bravo reevaluating
2024-10-14 14:18:45.171813 Charlie: Yes
2024-10-14 14:18:45.171963 Alpha: Yes
2024-10-14 14:18:45.172082 Bravo: Yes
ChatterBot Alpha reevaluating
ChatterBot Bravo reevaluating
ChatterBot Charlie reevaluating
ChatterBot Bravo reevaluating
ChatterBot Charlie reevaluating
ChatterBot Alpha reevaluating
2024-10-14 14:18:45.206668 Alpha: We would work well together
ChatterBot Charlie reevaluating
ChatterBot Bravo reevaluating
2024-10-14 14:18:45.219190 Charlie: Yes
2024-10-14 14:18:45.219364 Bravo: Yes
2024-10-14 14:18:45.219473 Hotel: Yes
ChatterBot Alpha reevaluating
ChatterBot Bravo reevaluating
ChatterBot Charlie reevaluating
ChatterBot Alpha reevaluating
ChatterBot Charlie reevaluating
ChatterBot Alpha reevaluating
ChatterBot Bravo reevaluating
2024-10-14 14:18:45.277582 Foxtrot: We should add Charlie
ChatterBot Golf reevaluating
ChatterBot Romeo reevaluating
ChatterBot Delta reevaluating
2024-10-14 14:18:45.299804 India: No
2024-10-14 14:18:45.299952 Golf: Yes
2024-10-14 14:18:45.300062 Juliett: No
2024-10-14 14:18:45.300191 Romeo: Yes
2024-10-14 14:18:45.300307 Delta: No
ChatterBot Golf reevaluating
ChatterBot Foxtrot reevaluating
ChatterBot Romeo reevaluating
ChatterBot Delta reevaluating
ChatterBot Foxtrot reevaluating
ChatterBot Romeo reevaluating
ChatterBot Delta reevaluating
ChatterBot Golf reevaluating
ChatterBot Foxtrot reevaluating
ChatterBot Romeo reevaluating
ChatterBot Delta reevaluating
ChatterBot Golf reevaluating
ChatterBot Foxtrot reevaluating
ChatterBot Delta reevaluating
ChatterBot Golf reevaluating
ChatterBot Foxtrot reevaluating
ChatterBot Romeo reevaluating
2024-10-14 14:18:45.467275 Delta: We should add Alpha
2024-10-14 14:18:45.467660 Romeo: We should add Hotel
ChatterBot Golf reevaluating
ChatterBot Foxtrot reevaluating
ChatterBot Romeo reevaluating
2024-10-14 14:18:45.492288 India: No
2024-10-14 14:18:45.496632 Golf: No
ChatterBot Golf reevaluating
2024-10-14 14:18:45.501492 Foxtrot: No
ChatterBot Foxtrot reevaluating
2024-10-14 14:18:45.505982 Juliett: No
2024-10-14 14:18:45.510529 Romeo: Yes
ChatterBot Delta reevaluating
2024-10-14 14:18:45.514797 India: No
2024-10-14 14:18:45.515272 Golf: No
2024-10-14 14:18:45.515370 Foxtrot: No
2024-10-14 14:18:45.515457 Juliett: No
2024-10-14 14:18:45.515544 Delta: No
ChatterBot Golf reevaluating
ChatterBot Foxtrot reevaluating
ChatterBot Romeo reevaluating
ChatterBot Delta reevaluating
ChatterBot Foxtrot reevaluating
ChatterBot Romeo reevaluating
ChatterBot Delta reevaluating
ChatterBot Golf reevaluating
ChatterBot Romeo reevaluating
ChatterBot Delta reevaluating
ChatterBot Golf reevaluating
ChatterBot Foxtrot reevaluating
ChatterBot Romeo reevaluating
ChatterBot Delta reevaluating
ChatterBot Golf reevaluating
ChatterBot Foxtrot reevaluating
ChatterBot Delta reevaluating
ChatterBot Golf reevaluating
ChatterBot Foxtrot reevaluating
ChatterBot Romeo reevaluating
ChatterBot Delta reevaluating
ChatterBot Foxtrot reevaluating
ChatterBot Romeo reevaluating
ChatterBot Delta reevaluating
ChatterBot Golf reevaluating
ChatterBot Romeo reevaluating
ChatterBot Delta reevaluating
ChatterBot Golf reevaluating
ChatterBot Foxtrot reevaluating
ChatterBot Romeo reevaluating
ChatterBot Delta reevaluating
ChatterBot Golf reevaluating
ChatterBot Foxtrot reevaluating
ChatterBot Romeo reevaluating
2024-10-14 14:18:45.802741 Delta: We should add Bravo
ChatterBot Golf reevaluating
ChatterBot Foxtrot reevaluating
2024-10-14 14:18:45.825624 India: No
2024-10-14 14:18:45.825948 Golf: Yes
2024-10-14 14:18:45.826208 Foxtrot: No
2024-10-14 14:18:45.826467 Juliett: No
2024-10-14 14:18:45.827069 Romeo: No
ChatterBot Golf reevaluating
ChatterBot Foxtrot reevaluating
ChatterBot Foxtrot reevaluating
ChatterBot Golf reevaluating
ChatterBot Golf reevaluating
ChatterBot Foxtrot reevaluating
ChatterBot Golf reevaluating
ChatterBot Foxtrot reevaluating
ChatterBot Delta reevaluating
2024-10-14 14:18:45.941543 Charlie: We should drop Juliett
ChatterBot Foxtrot reevaluating
2024-10-14 14:18:45.956365 Bravo: Yes
2024-10-14 14:18:45.956525 Alpha: Yes
2024-10-14 14:18:45.956974 Hotel: Yes
2024-10-14 14:18:45.957089 Foxtrot: No
ChatterBot Charlie reevaluating
ChatterBot Foxtrot reevaluating
ChatterBot Charlie reevaluating
ChatterBot Foxtrot reevaluating
ChatterBot Charlie reevaluating
ChatterBot Foxtrot reevaluating
ChatterBot Bravo reevaluating
ChatterBot Charlie reevaluating
2024-10-14 14:18:46.021571 Romeo: Alpha we want you to join our group
2024-10-14 14:18:46.025918 Alpha: No
ChatterBot Foxtrot reevaluating
ChatterBot Delta reevaluating
2024-10-14 14:18:46.127581 Alpha: Sending you each 5
2024-10-14 14:18:46.128009 Juliett: India, Foxtrot, Golf and Romeo, sending you 2
2024-10-14 14:18:46.128548 Hotel: Charlie, sending you 5
2024-10-14 14:18:46.130102 India: Juliett and Foxtrot, sending you 3
2024-10-14 14:18:46.130717 Delta: Bravo we want you to join our group
ChatterBot Bravo reevaluating
2024-10-14 14:18:46.179784 Bravo: No
ChatterBot Delta reevaluating
2024-10-14 14:18:46.224756 India: Golf, sending you 6
2024-10-14 14:18:46.225986 Hotel: Alpha and Bravo, sending you 4
2024-10-14 14:18:46.328768 Golf: India, sending you 6
2024-10-14 14:18:46.329289 Romeo: Alpha and Delta, sending you 3
2024-10-14 14:18:46.329677 India: Delta, sending you 5
2024-10-14 14:18:46.330556 Foxtrot: India, Romeo and Delta, sending you 3
chatterbot India submitting transactions
2024-10-14 14:18:46.345225 Golf: Juliett, sending you 2
2024-10-14 14:18:46.346364 Romeo: India, Juliett and Foxtrot, sending you 2
2024-10-14 14:18:46.346737 Foxtrot: Juliett and Golf, sending you 2
2024-10-14 14:18:46.347110 Charlie: Alpha, Bravo, Foxtrot and Hotel, sending you 4
2024-10-14 14:18:46.361087 Golf: Foxtrot, sending you 1
2024-10-14 14:18:46.361514 Delta: India, Juliett and Romeo, sending you 3
2024-10-14 14:18:46.362328 Romeo: Golf, sending you 4
chatterbot Golf submitting transactions
2024-10-14 14:18:46.374285 Golf: Romeo, sending you 5
2024-10-14 14:18:46.374769 Delta: Foxtrot and Golf, sending you 4
2024-10-14 14:18:46.382656 Golf: Delta, sending you 3
chatterbot Romeo submitting transactions
chatterbot Juliett submitting transactions
chatterbot Hotel submitting transactions
chatterbot Alpha submitting transactions
chatterbot Foxtrot submitting transactions
chatterbot Delta submitting transactions
chatterbot Charlie submitting transactions
chatterbot Bravo submitting transactions
ChatterBot Charlie round 3
ChatterBot Alpha round 3
ChatterBot Bravo round 3
ChatterBot India round 3
ChatterBot Juliett round 3
ChatterBot Foxtrot round 3
ChatterBot Golf round 3
ChatterBot Hotel round 3
ChatterBot Romeo round 3
ChatterBot Delta round 3
2024-10-14 14:18:47.788147 Charlie: We should drop Foxtrot
ChatterBot Bravo reevaluating
2024-10-14 14:18:47.797854 Hotel: Yes
2024-10-14 14:18:47.798122 Alpha: Yes
2024-10-14 14:18:47.798670 Bravo: Yes
ChatterBot Bravo reevaluating
ChatterBot Bravo reevaluating
2024-10-14 14:18:48.313039 Alpha: Same as last round
2024-10-14 14:18:48.313492 Golf: India, sending you 5
2024-10-14 14:18:48.314682 Foxtrot: India, Romeo and Delta, sending you 3
2024-10-14 14:18:48.315393 India: Juliett and Foxtrot, sending you 3
2024-10-14 14:18:48.316568 Charlie: Alpha and Hotel, sending you 5
2024-10-14 14:18:48.316886 Romeo: Alpha, sending you 2
2024-10-14 14:18:48.317661 Delta: India and Foxtrot, sending you 4
2024-10-14 14:18:48.318173 Hotel: Charlie and Alpha, sending you 5
2024-10-14 14:18:48.319184 Juliett: India, Foxtrot, Golf and Romeo, sending you 2
2024-10-14 14:18:48.319914 Golf: Juliett and Foxtrot, sending you 2
2024-10-14 14:18:48.320998 Foxtrot: Juliett and Golf, sending you 2
2024-10-14 14:18:48.321525 Charlie: Bravo, sending you 6
2024-10-14 14:18:48.322291 India: Golf, sending you 5
2024-10-14 14:18:48.322925 Romeo: India, sending you 1
2024-10-14 14:18:48.323656 Delta: Juliett, Golf and Romeo, sending you 3
2024-10-14 14:18:48.324240 Hotel: Bravo, sending you 3
2024-10-14 14:18:48.325044 Golf: Romeo and Delta, sending you 4
chatterbot India submitting transactions
2024-10-14 14:18:48.325743 Romeo: Juliett, Foxtrot and Delta, sending you 3
2024-10-14 14:18:48.326873 India: Romeo, sending you 2
chatterbot Charlie submitting transactions
2024-10-14 14:18:48.448660 Romeo: Golf, sending you 4
2024-10-14 14:18:48.449801 India: Delta, sending you 4
chatterbot Romeo submitting transactions
chatterbot Golf submitting transactions
chatterbot Delta submitting transactions
chatterbot Alpha submitting transactions
chatterbot Hotel submitting transactions
chatterbot Foxtrot submitting transactions
chatterbot Bravo submitting transactions
chatterbot Juliett submitting transactions
ChatterBot Charlie round 4
ChatterBot Alpha round 4
ChatterBot Bravo round 4
ChatterBot India round 4
ChatterBot Juliett round 4
ChatterBot Foxtrot round 4
ChatterBot Golf round 4
ChatterBot Hotel round 4
ChatterBot Romeo round 4
ChatterBot Delta round 4
2024-10-14 14:18:49.454806 Bravo: We should replace Foxtrot with Romeo
ChatterBot Charlie reevaluating
2024-10-14 14:18:49.463683 Hotel: No
2024-10-14 14:18:49.463879 Charlie: Yes
2024-10-14 14:18:49.464010 Alpha: No
ChatterBot Charlie reevaluating
ChatterBot Charlie reevaluating
2024-10-14 14:18:49.509707 Charlie: We should add Romeo
2024-10-14 14:18:49.519846 Hotel: No
2024-10-14 14:18:49.520038 Alpha: No
2024-10-14 14:18:49.520198 Bravo: Yes
ChatterBot Charlie reevaluating
ChatterBot Charlie reevaluating
ChatterBot Bravo reevaluating
ChatterBot Charlie reevaluating
2024-10-14 14:18:49.566842 Bravo: We should replace Foxtrot with Delta
ChatterBot Charlie reevaluating
2024-10-14 14:18:49.579119 Hotel: No
2024-10-14 14:18:49.579409 Charlie: No
2024-10-14 14:18:49.579540 Alpha: No
ChatterBot Charlie reevaluating
ChatterBot Bravo reevaluating
ChatterBot Bravo reevaluating
ChatterBot Charlie reevaluating
ChatterBot Bravo reevaluating
2024-10-14 14:18:49.630858 Alpha: Same as last round
2024-10-14 14:18:49.631680 Bravo: Delta we want you to join our group
2024-10-14 14:18:49.634683 Delta: No
ChatterBot Charlie reevaluating
ChatterBot Bravo reevaluating
2024-10-14 14:18:49.646519 Charlie: We should add Delta
ChatterBot Bravo reevaluating
2024-10-14 14:18:49.654961 Hotel: No
2024-10-14 14:18:49.655464 Alpha: No
2024-10-14 14:18:49.655584 Bravo: Yes
ChatterBot Charlie reevaluating
ChatterBot Bravo reevaluating
ChatterBot Charlie reevaluating
ChatterBot Bravo reevaluating
ChatterBot Charlie reevaluating
2024-10-14 14:18:49.734468 Bravo: We should replace Foxtrot with Golf
2024-10-14 14:18:49.741833 Hotel: No
2024-10-14 14:18:49.742408 Charlie: No
2024-10-14 14:18:49.742564 Alpha: No
ChatterBot Bravo reevaluating
ChatterBot Bravo reevaluating
ChatterBot Bravo reevaluating
2024-10-14 14:18:49.769819 Bravo: We should replace Foxtrot with India
ChatterBot Charlie reevaluating
2024-10-14 14:18:49.778550 Hotel: No
2024-10-14 14:18:49.779226 Charlie: No
2024-10-14 14:18:49.779400 Alpha: No
ChatterBot Charlie reevaluating
ChatterBot Bravo reevaluating
ChatterBot Bravo reevaluating
ChatterBot Charlie reevaluating
ChatterBot Bravo reevaluating
2024-10-14 14:18:49.808553 Charlie: We should add India
ChatterBot Bravo reevaluating
2024-10-14 14:18:49.817462 Hotel: No
2024-10-14 14:18:49.817618 Alpha: No
2024-10-14 14:18:49.817744 Bravo: Yes
ChatterBot Charlie reevaluating
ChatterBot Bravo reevaluating
ChatterBot Charlie reevaluating
ChatterBot Bravo reevaluating
ChatterBot Charlie reevaluating
2024-10-14 14:18:49.845501 India: Juliett and Foxtrot, sending you 3
2024-10-14 14:18:49.846346 Golf: India, sending you 5
2024-10-14 14:18:49.847336 Hotel: Charlie and Alpha, sending you 5
2024-10-14 14:18:49.847774 Foxtrot: India, Romeo and Delta, sending you 3
2024-10-14 14:18:49.848892 Romeo: Alpha, sending you 1
2024-10-14 14:18:49.849222 Delta: India and Foxtrot, sending you 4
2024-10-14 14:18:49.850423 Juliett: India, Foxtrot, Romeo and Delta, sending you 2
2024-10-14 14:18:49.851246 India: Golf, sending you 5
2024-10-14 14:18:49.852333 Bravo: Golf we want you to join our group
2024-10-14 14:18:49.855529 Golf: No
ChatterBot Bravo reevaluating
2024-10-14 14:18:49.867461 Hotel: Bravo, sending you 3
2024-10-14 14:18:49.868441 Golf: Juliett and Delta, sending you 3
2024-10-14 14:18:49.869255 Foxtrot: Juliett and Golf, sending you 2
2024-10-14 14:18:49.870399 Romeo: India, sending you 2
2024-10-14 14:18:49.870998 Delta: Juliett, Golf and Romeo, sending you 3
2024-10-14 14:18:49.872066 India: Romeo, sending you 2
2024-10-14 14:18:49.873179 Golf: Foxtrot, sending you 2
2024-10-14 14:18:49.877421 Romeo: Juliett, Foxtrot and Delta, sending you 3
2024-10-14 14:18:49.878763 India: Delta, sending you 4
2024-10-14 14:18:49.880360 Golf: Romeo, sending you 4
2024-10-14 14:18:49.883265 Romeo: Golf, sending you 4
2024-10-14 14:18:49.890970 Charlie: Alpha and Hotel, sending you 5
2024-10-14 14:18:49.896301 Charlie: Bravo, sending you 6
chatterbot Alpha submitting transactions
chatterbot India submitting transactions
chatterbot Foxtrot submitting transactions
chatterbot Juliett submitting transactions
chatterbot Charlie submitting transactions
chatterbot Romeo submitting transactions
chatterbot Golf submitting transactions
chatterbot Bravo submitting transactions
chatterbot Hotel submitting transactions
chatterbot Delta submitting transactions
ChatterBot Charlie round 5
ChatterBot Alpha round 5
ChatterBot Bravo round 5
ChatterBot India round 5
ChatterBot Juliett round 5
ChatterBot Foxtrot round 5
ChatterBot Golf round 5
2024-10-14 14:18:50.794803 Bravo: We should replace Foxtrot with Romeo
2024-10-14 14:18:50.803908 Hotel: No
2024-10-14 14:18:50.804111 Charlie: No
2024-10-14 14:18:50.804770 Alpha: No
ChatterBot Bravo reevaluating
ChatterBot Charlie reevaluating
ChatterBot Bravo reevaluating
2024-10-14 14:18:50.832152 Charlie: We should add Golf
ChatterBot Bravo reevaluating
2024-10-14 14:18:50.841938 Hotel: No
2024-10-14 14:18:50.842099 Alpha: No
2024-10-14 14:18:50.842239 Bravo: Yes
ChatterBot Charlie reevaluating
ChatterBot Bravo reevaluating
ChatterBot Charlie reevaluating
ChatterBot Bravo reevaluating
ChatterBot Charlie reevaluating
ChatterBot Hotel round 5
ChatterBot Romeo round 5
ChatterBot Delta round 5
2024-10-14 14:18:50.913072 Charlie: We should add Romeo
ChatterBot Bravo reevaluating
2024-10-14 14:18:50.926927 Hotel: No
2024-10-14 14:18:50.927170 Alpha: No
2024-10-14 14:18:50.927368 Bravo: No
ChatterBot Charlie reevaluating
ChatterBot Bravo reevaluating
ChatterBot Charlie reevaluating
ChatterBot Bravo reevaluating
ChatterBot Charlie reevaluating
2024-10-14 14:18:51.084733 Bravo: Romeo we want you to join our group
2024-10-14 14:18:51.090966 Romeo: No
ChatterBot Bravo reevaluating
ChatterBot Charlie reevaluating
2024-10-14 14:18:51.110790 India: Juliett and Foxtrot, sending you 3
2024-10-14 14:18:51.113790 Golf: India, sending you 5
2024-10-14 14:18:51.115376 Hotel: Charlie and Alpha, sending you 5
2024-10-14 14:18:51.116410 Juliett: India, Foxtrot, Romeo and Delta, sending you 2
2024-10-14 14:18:51.118921 Foxtrot: India, Romeo and Delta, sending you 3
2024-10-14 14:18:51.121456 Alpha: Same as last round
2024-10-14 14:18:51.123065 India: Golf, sending you 5
2024-10-14 14:18:51.125041 Golf: Juliett, sending you 2
2024-10-14 14:18:51.126810 Delta: India and Foxtrot, sending you 4
2024-10-14 14:18:51.129371 Hotel: Bravo, sending you 3
2024-10-14 14:18:51.130782 Romeo: Alpha, sending you 1
2024-10-14 14:18:51.132758 Foxtrot: Juliett and Golf, sending you 2
2024-10-14 14:18:51.135894 India: Romeo, sending you 2
2024-10-14 14:18:51.138277 Golf: Foxtrot and Delta, sending you 3
2024-10-14 14:18:51.140806 Delta: Juliett, Golf and Romeo, sending you 3
2024-10-14 14:18:51.141698 Romeo: India, sending you 2
2024-10-14 14:18:51.142870 India: Delta, sending you 4
2024-10-14 14:18:51.143678 Charlie: Alpha and Hotel, sending you 5
2024-10-14 14:18:51.172265 Golf: Romeo, sending you 4
2024-10-14 14:18:51.173694 Romeo: Juliett, Foxtrot and Delta, sending you 3
2024-10-14 14:18:51.174435 Charlie: Bravo, sending you 6
2024-10-14 14:18:51.211056 Romeo: Golf, sending you 4
chatterbot Hotel submitting transactions
chatterbot Golf submitting transactions
chatterbot Foxtrot submitting transactions
chatterbot Delta submitting transactions
chatterbot Juliett submitting transactions
chatterbot India submitting transactions
chatterbot Charlie submitting transactions
chatterbot Bravo submitting transactions
chatterbot Alpha submitting transactions
chatterbot Romeo submitting transactions
ChatterBot Charlie round 6
ChatterBot Alpha round 6
ChatterBot Bravo round 6
ChatterBot India round 6
ChatterBot Juliett round 6
ChatterBot Foxtrot round 6
ChatterBot Golf round 6
ChatterBot Hotel round 6
ChatterBot Romeo round 6
ChatterBot Delta round 6
2024-10-14 14:18:52.269944 Bravo: We should replace Foxtrot with Romeo
ChatterBot Charlie reevaluating
2024-10-14 14:18:52.283676 Hotel: No
2024-10-14 14:18:52.284377 Charlie: No
2024-10-14 14:18:52.284567 Alpha: No
ChatterBot Charlie reevaluating
ChatterBot Bravo reevaluating
ChatterBot Bravo reevaluating
ChatterBot Charlie reevaluating
ChatterBot Bravo reevaluating
2024-10-14 14:18:52.331765 Romeo: We should replace Alpha with Bravo
2024-10-14 14:18:52.352921 India: No
2024-10-14 14:18:52.353143 Golf: No
2024-10-14 14:18:52.353315 Foxtrot: No
2024-10-14 14:18:52.353485 Juliett: No
2024-10-14 14:18:52.353699 Delta: No
ChatterBot Romeo reevaluating
ChatterBot Romeo reevaluating
ChatterBot Romeo reevaluating
ChatterBot Romeo reevaluating
ChatterBot Romeo reevaluating
2024-10-14 14:18:52.520151 Bravo: We should replace Foxtrot with India
ChatterBot Charlie reevaluating
2024-10-14 14:18:52.530980 Hotel: No
2024-10-14 14:18:52.532239 Charlie: No
2024-10-14 14:18:52.532556 Alpha: No
ChatterBot Charlie reevaluating
ChatterBot Bravo reevaluating
ChatterBot Bravo reevaluating
ChatterBot Charlie reevaluating
ChatterBot Bravo reevaluating
2024-10-14 14:18:52.573225 Bravo: Romeo we want you to join our group
ChatterBot Romeo reevaluating
2024-10-14 14:18:52.576868 Romeo: No
ChatterBot Bravo reevaluating
2024-10-14 14:18:52.592292 India: Juliett and Foxtrot, sending you 3
2024-10-14 14:18:52.594179 Foxtrot: India, Romeo and Delta, sending you 3
2024-10-14 14:18:52.595471 Juliett: India, Foxtrot, Romeo and Delta, sending you 2
2024-10-14 14:18:52.597156 Hotel: Charlie and Alpha, sending you 5
2024-10-14 14:18:52.598699 Golf: India, sending you 5
2024-10-14 14:18:52.600485 Charlie: Alpha and Hotel, sending you 5
2024-10-14 14:18:52.601924 Bravo: India we want you to join our group
2024-10-14 14:18:52.607280 India: No
ChatterBot Bravo reevaluating
2024-10-14 14:18:52.621694 Alpha: Same as last round
2024-10-14 14:18:52.622438 Delta: India and Foxtrot, sending you 4
2024-10-14 14:18:52.624256 Romeo: Bravo we want you to join our group
ChatterBot Bravo reevaluating
2024-10-14 14:18:52.630428 Bravo: No
ChatterBot Romeo reevaluating
2024-10-14 14:18:52.650468 India: Golf, sending you 5
2024-10-14 14:18:52.651843 Foxtrot: Juliett and Golf, sending you 2
2024-10-14 14:18:52.653046 Hotel: Bravo, sending you 3
2024-10-14 14:18:52.654175 Charlie: Bravo, sending you 6
2024-10-14 14:18:52.654700 Golf: Juliett, sending you 2
2024-10-14 14:18:52.656010 Delta: Juliett, Golf and Romeo, sending you 3
2024-10-14 14:18:52.657168 India: Romeo, sending you 2
2024-10-14 14:18:52.660738 Golf: Foxtrot and Delta, sending you 3
2024-10-14 14:18:52.661487 India: Delta, sending you 4
2024-10-14 14:18:52.663685 Golf: Romeo, sending you 4
2024-10-14 14:18:52.671863 Romeo: Alpha, sending you 1
2024-10-14 14:18:52.676733 Romeo: India, sending you 2
2024-10-14 14:18:52.682672 Romeo: Juliett, Foxtrot and Delta, sending you 3
2024-10-14 14:18:52.688659 Romeo: Golf, sending you 4
chatterbot Golf submitting transactions
chatterbot Delta submitting transactions
chatterbot Juliett submitting transactions
chatterbot Foxtrot submitting transactions
chatterbot Hotel submitting transactions
chatterbot Alpha submitting transactions
chatterbot India submitting transactions
chatterbot Charlie submitting transactions
chatterbot Bravo submitting transactions
chatterbot Romeo submitting transactions
ChatterBot Charlie round 7
ChatterBot Alpha round 7
ChatterBot Bravo round 7
ChatterBot India round 7
ChatterBot Juliett round 7
ChatterBot Foxtrot round 7
ChatterBot Golf round 7
ChatterBot Hotel round 7
ChatterBot Romeo round 7
ChatterBot Delta round 7
2024-10-14 14:18:53.878324 Bravo: We should replace Foxtrot with India
2024-10-14 14:18:53.891593 Hotel: No
2024-10-14 14:18:53.892239 Charlie: No
2024-10-14 14:18:53.892406 Alpha: No
ChatterBot Charlie reevaluating
ChatterBot Bravo reevaluating
ChatterBot Bravo reevaluating
ChatterBot Charlie reevaluating
ChatterBot Bravo reevaluating
2024-10-14 14:18:53.976602 Bravo: We should replace Foxtrot with Romeo
ChatterBot Charlie reevaluating
2024-10-14 14:18:53.992247 Hotel: No
2024-10-14 14:18:53.992479 Charlie: Yes
2024-10-14 14:18:53.992684 Alpha: No
ChatterBot Charlie reevaluating
ChatterBot Bravo reevaluating
ChatterBot Bravo reevaluating
ChatterBot Charlie reevaluating
ChatterBot Bravo reevaluating
2024-10-14 14:18:54.112732 Alpha: Same as last round
2024-10-14 14:18:54.113568 Bravo: India we want you to join our group
2024-10-14 14:18:54.117297 India: No
ChatterBot Bravo reevaluating
2024-10-14 14:18:54.131436 India: Juliett and Foxtrot, sending you 3
2024-10-14 14:18:54.133420 Romeo: Alpha, sending you 1
2024-10-14 14:18:54.135168 Hotel: Charlie and Alpha, sending you 5
2024-10-14 14:18:54.136634 Delta: India and Foxtrot, sending you 4
2024-10-14 14:18:54.138895 Golf: India, sending you 5
2024-10-14 14:18:54.140146 Foxtrot: India, Romeo and Delta, sending you 3
2024-10-14 14:18:54.141622 Juliett: India, Foxtrot, Romeo and Delta, sending you 2
2024-10-14 14:18:54.143515 India: Golf, sending you 5
2024-10-14 14:18:54.145297 Charlie: Alpha and Hotel, sending you 5
2024-10-14 14:18:54.147002 Romeo: India, sending you 2
2024-10-14 14:18:54.147468 Hotel: Bravo, sending you 3
2024-10-14 14:18:54.148622 Bravo: Romeo we want you to join our group
ChatterBot Romeo reevaluating
2024-10-14 14:18:54.152880 Romeo: No
ChatterBot Bravo reevaluating
2024-10-14 14:18:54.165414 Romeo: We should replace Alpha with Bravo
2024-10-14 14:18:54.179669 India: No
2024-10-14 14:18:54.179854 Golf: No
2024-10-14 14:18:54.180 Foxtrot: No
2024-10-14 14:18:54.180114 Juliett: No
2024-10-14 14:18:54.180238 Delta: No
ChatterBot Romeo reevaluating
ChatterBot Romeo reevaluating
ChatterBot Romeo reevaluating
ChatterBot Romeo reevaluating
ChatterBot Romeo reevaluating
2024-10-14 14:18:54.250573 Delta: Juliett, Golf and Romeo, sending you 3
2024-10-14 14:18:54.251220 Golf: Juliett, sending you 2
2024-10-14 14:18:54.252291 Foxtrot: Juliett and Golf, sending you 2
2024-10-14 14:18:54.253734 India: Romeo, sending you 2
2024-10-14 14:18:54.254338 Charlie: Bravo, sending you 6
2024-10-14 14:18:54.255519 Golf: Foxtrot and Delta, sending you 3
2024-10-14 14:18:54.306561 India: Delta, sending you 4
2024-10-14 14:18:54.307369 Golf: Romeo, sending you 4
chatterbot Golf submitting transactions
chatterbot India submitting transactions
chatterbot Delta submitting transactions
chatterbot Hotel submitting transactions
chatterbot Charlie submitting transactions
chatterbot Alpha submitting transactions
chatterbot Juliett submitting transactions
chatterbot Bravo submitting transactions
chatterbot Romeo submitting transactions
chatterbot Foxtrot submitting transactions
ChatterBot Charlie round 8
ChatterBot Alpha round 8
ChatterBot Bravo round 8
ChatterBot India round 8
ChatterBot Juliett round 8
ChatterBot Foxtrot round 8
ChatterBot Golf round 8
ChatterBot Hotel round 8
ChatterBot Romeo round 8
ChatterBot Delta round 8
2024-10-14 14:18:55.319590 Bravo: We should drop Foxtrot
2024-10-14 14:18:55.328871 Hotel: Yes
2024-10-14 14:18:55.329052 Charlie: Yes
2024-10-14 14:18:55.329194 Alpha: Yes
ChatterBot Charlie reevaluating
ChatterBot Bravo reevaluating
ChatterBot Bravo reevaluating
ChatterBot Charlie reevaluating
ChatterBot Bravo reevaluating
2024-10-14 14:18:55.382645 Hotel: Charlie and Alpha, sending you 5
2024-10-14 14:18:55.384202 Juliett: India, Foxtrot, Romeo and Delta, sending you 2
2024-10-14 14:18:55.386035 Delta: India and Foxtrot, sending you 4
2024-10-14 14:18:55.387619 India: Juliett and Foxtrot, sending you 3
2024-10-14 14:18:55.389176 Golf: India, sending you 5
2024-10-14 14:18:55.390896 Hotel: Bravo, sending you 3
2024-10-14 14:18:55.391799 Foxtrot: India, Golf, Romeo and Delta, sending you 3
2024-10-14 14:18:55.393123 Alpha: Same as last round
2024-10-14 14:18:55.394338 Delta: Juliett, Golf and Romeo, sending you 3
2024-10-14 14:18:55.396037 India: Golf, sending you 5
2024-10-14 14:18:55.398114 Golf: Juliett, sending you 2
2024-10-14 14:18:55.399973 Foxtrot: Juliett, sending you 1
2024-10-14 14:18:55.401643 Charlie: Alpha and Hotel, sending you 5
2024-10-14 14:18:55.402241 India: Romeo, sending you 2
2024-10-14 14:18:55.405808 Golf: Foxtrot and Delta, sending you 3
2024-10-14 14:18:55.407400 Charlie: Bravo, sending you 6
2024-10-14 14:18:55.449190 India: Delta, sending you 4
2024-10-14 14:18:55.450778 Golf: Romeo, sending you 4
chatterbot Hotel submitting transactions
chatterbot Romeo submitting transactions
chatterbot Golf submitting transactions
chatterbot Charlie submitting transactions
chatterbot Alpha submitting transactions
chatterbot India submitting transactions
chatterbot Delta submitting transactions
chatterbot Foxtrot submitting transactions
chatterbot Bravo submitting transactions
chatterbot Juliett submitting transactions
ChatterBot Charlie round 9
ChatterBot Alpha round 9
ChatterBot Bravo round 9
ChatterBot India round 9
ChatterBot Juliett round 9
ChatterBot Foxtrot round 9
ChatterBot Golf round 9
ChatterBot Hotel round 9
2024-10-14 14:18:56.655660 Bravo: We should replace Foxtrot with Romeo
2024-10-14 14:18:56.664203 Hotel: No
2024-10-14 14:18:56.664376 Charlie: No
2024-10-14 14:18:56.664510 Alpha: No
ChatterBot Charlie reevaluating
ChatterBot Bravo reevaluating
ChatterBot Bravo reevaluating
ChatterBot Charlie reevaluating
ChatterBot Bravo reevaluating
ChatterBot Romeo round 9
ChatterBot Delta round 9
2024-10-14 14:18:56.724554 Romeo: We should replace Alpha with Bravo
2024-10-14 14:18:56.739973 India: No
2024-10-14 14:18:56.740177 Golf: No
2024-10-14 14:18:56.740678 Foxtrot: No
2024-10-14 14:18:56.740804 Juliett: No
2024-10-14 14:18:56.740919 Delta: No
ChatterBot Romeo reevaluating
ChatterBot Romeo reevaluating
ChatterBot Romeo reevaluating
ChatterBot Romeo reevaluating
ChatterBot Romeo reevaluating
2024-10-14 14:18:56.854086 Charlie: Romeo we want you to join our group
ChatterBot Romeo reevaluating
2024-10-14 14:18:56.859821 Romeo: No
ChatterBot Bravo reevaluating
ChatterBot Charlie reevaluating
2024-10-14 14:18:56.892539 Bravo: Romeo we want you to join our group
ChatterBot Romeo reevaluating
2024-10-14 14:18:56.897178 Romeo: No
ChatterBot Bravo reevaluating
ChatterBot Charlie reevaluating
2024-10-14 14:18:56.928406 India: Juliett and Foxtrot, sending you 3
2024-10-14 14:18:57.007637 Alpha: Same as last round
2024-10-14 14:18:57.008910 Golf: India, sending you 5
2024-10-14 14:18:57.010451 Hotel: Charlie and Alpha, sending you 5
2024-10-14 14:18:57.011170 India: Golf, sending you 5
2024-10-14 14:18:57.013118 Juliett: India, Foxtrot, Romeo and Delta, sending you 2
2024-10-14 14:18:57.014840 Foxtrot: India, Golf, Romeo and Delta, sending you 3
2024-10-14 14:18:57.018766 Delta: India and Foxtrot, sending you 4
2024-10-14 14:18:57.023282 Golf: Juliett, sending you 2
2024-10-14 14:18:57.026962 Hotel: Bravo, sending you 3
2024-10-14 14:18:57.029455 India: Romeo, sending you 2
2024-10-14 14:18:57.031659 Foxtrot: Juliett, sending you 1
2024-10-14 14:18:57.033251 Delta: Juliett, Golf and Romeo, sending you 3
2024-10-14 14:18:57.035632 Golf: Foxtrot and Delta, sending you 3
2024-10-14 14:18:57.037676 Charlie: Alpha and Hotel, sending you 5
2024-10-14 14:18:57.038592 India: Delta, sending you 4
2024-10-14 14:18:57.041309 Golf: Romeo, sending you 4
2024-10-14 14:18:57.064085 Charlie: Bravo, sending you 6
chatterbot Juliett submitting transactions
chatterbot Alpha submitting transactions
chatterbot India submitting transactions
chatterbot Foxtrot submitting transactions
chatterbot Charlie submitting transactions
chatterbot Hotel submitting transactions
chatterbot Golf submitting transactions
chatterbot Delta submitting transactions
chatterbot Romeo submitting transactions
chatterbot Bravo submitting transactions
ChatterBot Charlie round 10
ChatterBot Alpha round 10
ChatterBot Bravo round 10
ChatterBot India round 10
ChatterBot Juliett round 10
ChatterBot Foxtrot round 10
ChatterBot Golf round 10
ChatterBot Hotel round 10
ChatterBot Romeo round 10
2024-10-14 14:18:58.141965 Charlie: We should add Romeo
ChatterBot Bravo reevaluating
2024-10-14 14:18:58.151456 Hotel: No
2024-10-14 14:18:58.151626 Alpha: No
2024-10-14 14:18:58.151764 Bravo: Yes
ChatterBot Bravo reevaluating
ChatterBot Charlie reevaluating
ChatterBot Bravo reevaluating
ChatterBot Charlie reevaluating
ChatterBot Delta round 10
2024-10-14 14:18:58.271804 Bravo: We should replace Foxtrot with Romeo
ChatterBot Charlie reevaluating
2024-10-14 14:18:58.281926 Hotel: No
2024-10-14 14:18:58.283054 Charlie: No
2024-10-14 14:18:58.283326 Alpha: No
ChatterBot Charlie reevaluating
ChatterBot Bravo reevaluating
ChatterBot Bravo reevaluating
ChatterBot Charlie reevaluating
ChatterBot Bravo reevaluating
2024-10-14 14:18:58.336755 Alpha: Same as last round
2024-10-14 14:18:58.337710 Bravo: Romeo we want you to join our group
ChatterBot Romeo reevaluating
2024-10-14 14:18:58.344651 Romeo: No
2024-10-14 14:18:58.365042 Hotel: Charlie and Alpha, sending you 5
2024-10-14 14:18:58.382536 Foxtrot: India, Golf, Romeo and Delta, sending you 3
2024-10-14 14:18:58.384314 India: Juliett and Foxtrot, sending you 3
2024-10-14 14:18:58.386206 Golf: India, sending you 5
2024-10-14 14:18:58.387600 Delta: India and Foxtrot, sending you 4
2024-10-14 14:18:58.389112 Juliett: India, Golf, Romeo and Delta, sending you 2
2024-10-14 14:18:58.390594 Hotel: Bravo, sending you 3
2024-10-14 14:18:58.391863 Charlie: Alpha and Hotel, sending you 5
2024-10-14 14:18:58.393189 Foxtrot: Juliett, sending you 1
2024-10-14 14:18:58.395218 India: Golf, sending you 5
2024-10-14 14:18:58.397029 Golf: Juliett, sending you 2
2024-10-14 14:18:58.398622 Delta: Juliett, Golf and Romeo, sending you 3
2024-10-14 14:18:58.400713 Charlie: Bravo, sending you 6
2024-10-14 14:18:58.401990 India: Romeo, sending you 2
2024-10-14 14:18:58.403782 Golf: Foxtrot and Delta, sending you 3
2024-10-14 14:18:58.425820 India: Delta, sending you 4
2024-10-14 14:18:58.427023 Golf: Romeo, sending you 4
chatterbot Foxtrot submitting transactions
chatterbot Hotel submitting transactions
chatterbot India submitting transactions
chatterbot Alpha submitting transactions
chatterbot Juliett submitting transactions
chatterbot Romeo submitting transactions
chatterbot Charlie submitting transactions
chatterbot Delta submitting transactions
chatterbot Golf submitting transactions
chatterbot Bravo submitting transactions
ChatterBot Charlie round 11
ChatterBot Alpha round 11
ChatterBot Bravo round 11
ChatterBot India round 11
ChatterBot Juliett round 11
ChatterBot Foxtrot round 11
ChatterBot Golf round 11
ChatterBot Hotel round 11
ChatterBot Romeo round 11
ChatterBot Delta round 11
2024-10-14 14:18:59.325992 Bravo: We should replace Foxtrot with Golf
2024-10-14 14:18:59.339802 Hotel: No
2024-10-14 14:18:59.341850 Charlie: No
2024-10-14 14:18:59.342997 Alpha: No
ChatterBot Bravo reevaluating
ChatterBot Bravo reevaluating
ChatterBot Bravo reevaluating
2024-10-14 14:18:59.417428 Bravo: We should replace Foxtrot with Romeo
ChatterBot Charlie reevaluating
2024-10-14 14:18:59.430421 Hotel: No
2024-10-14 14:18:59.430641 Charlie: No
2024-10-14 14:18:59.430856 Alpha: No
ChatterBot Charlie reevaluating
ChatterBot Bravo reevaluating
ChatterBot Bravo reevaluating
ChatterBot Charlie reevaluating
ChatterBot Bravo reevaluating
2024-10-14 14:19:00.094826 Delta: India and Foxtrot, sending you 4
2024-10-14 14:19:00.097164 Alpha: Same as last round
2024-10-14 14:19:00.098495 Foxtrot: India, Golf, Romeo and Delta, sending you 3
2024-10-14 14:19:00.100514 Charlie: Romeo we want you to join our group
ChatterBot Romeo reevaluating
2024-10-14 14:19:00.107130 Romeo: No
ChatterBot Bravo reevaluating
ChatterBot Charlie reevaluating
2024-10-14 14:19:00.129636 Delta: Juliett, Golf and Romeo, sending you 3
2024-10-14 14:19:00.132241 Foxtrot: Juliett, sending you 1
2024-10-14 14:19:00.134021 Golf: India, sending you 5
2024-10-14 14:19:00.135824 Hotel: Charlie and Alpha, sending you 5
2024-10-14 14:19:00.136747 Bravo: Romeo we want you to join our group
ChatterBot Romeo reevaluating
2024-10-14 14:19:00.145516 Romeo: No
ChatterBot Bravo reevaluating
ChatterBot Charlie reevaluating
2024-10-14 14:19:00.167608 Juliett: India, Golf, Romeo and Delta, sending you 2
2024-10-14 14:19:00.169703 India: Juliett and Foxtrot, sending you 3
2024-10-14 14:19:00.172820 Golf: Juliett, sending you 2
2024-10-14 14:19:00.174028 Hotel: Bravo, sending you 3
2024-10-14 14:19:00.175376 Bravo: Golf we want you to join our group
2024-10-14 14:19:00.181450 Golf: No
ChatterBot Bravo reevaluating
ChatterBot Charlie reevaluating
2024-10-14 14:19:00.197754 Charlie: We should add Golf
ChatterBot Bravo reevaluating
2024-10-14 14:19:00.207267 Hotel: No
2024-10-14 14:19:00.207414 Alpha: No
2024-10-14 14:19:00.207544 Bravo: No
ChatterBot Charlie reevaluating
ChatterBot Bravo reevaluating
ChatterBot Charlie reevaluating
ChatterBot Bravo reevaluating
ChatterBot Charlie reevaluating
2024-10-14 14:19:00.239443 Golf: Foxtrot and Delta, sending you 3
2024-10-14 14:19:00.240769 India: Golf, sending you 5
