ChatterBot Papa round 1
ChatterBot Mike round 1
ChatterBot Oscar round 1
ChatterBot Delta round 1
ChatterBot Tango round 1
ChatterBot Sierra round 1
ChatterBot Charlie round 1
ChatterBot November round 1
ChatterBot Yankee round 1
ChatterBot Romeo round 1
randomSelections November: {November, Oscar, Romeo, Papa, Mike, Tango} 
2024-10-14 14:18:42.170760 November: Group up?
ChatterBot Oscar reevaluating
ChatterBot Romeo reevaluating
ChatterBot Papa reevaluating
ChatterBot Mike reevaluating
ChatterBot Tango reevaluating
2024-10-14 14:18:42.184532 Oscar: Yes
2024-10-14 14:18:42.184712 Romeo: Yes
2024-10-14 14:18:42.184859 Papa: Yes
2024-10-14 14:18:42.185 Mike: Yes
2024-10-14 14:18:42.185108 Tango: Yes
ChatterBot Romeo reevaluating
ChatterBot Papa reevaluating
ChatterBot Mike reevaluating
ChatterBot Tango reevaluating
ChatterBot Oscar reevaluating
ChatterBot Papa reevaluating
ChatterBot Mike reevaluating
ChatterBot Tango reevaluating
ChatterBot Oscar reevaluating
ChatterBot Romeo reevaluating
ChatterBot Mike reevaluating
ChatterBot Tango reevaluating
ChatterBot Oscar reevaluating
ChatterBot Romeo reevaluating
ChatterBot Papa reevaluating
ChatterBot Tango reevaluating
ChatterBot Oscar reevaluating
ChatterBot Romeo reevaluating
ChatterBot Papa reevaluating
ChatterBot Mike reevaluating
randomSelections Sierra: {Sierra, November, Papa, Oscar, Romeo, Yankee} 
2024-10-14 14:18:42.249287 Sierra: Group up?
ChatterBot Papa reevaluating
ChatterBot Oscar reevaluating
ChatterBot Romeo reevaluating
ChatterBot Yankee reevaluating
2024-10-14 14:18:42.259864 November: No
2024-10-14 14:18:42.260102 Papa: No
2024-10-14 14:18:42.260251 Oscar: No
2024-10-14 14:18:42.260368 Romeo: No
2024-10-14 14:18:42.260503 Yankee: Yes
ChatterBot Papa reevaluating
ChatterBot Oscar reevaluating
ChatterBot Romeo reevaluating
ChatterBot Yankee reevaluating
ChatterBot Oscar reevaluating
ChatterBot Romeo reevaluating
ChatterBot Yankee reevaluating
ChatterBot Papa reevaluating
ChatterBot Romeo reevaluating
ChatterBot Yankee reevaluating
ChatterBot Papa reevaluating
ChatterBot Oscar reevaluating
ChatterBot Yankee reevaluating
ChatterBot Papa reevaluating
ChatterBot Oscar reevaluating
ChatterBot Romeo reevaluating
randomSelections Delta: {Delta, Oscar, Papa, Romeo, Yankee, Sierra} 
2024-10-14 14:18:42.310725 Delta: Can we be friends?
ChatterBot Oscar reevaluating
ChatterBot Papa reevaluating
ChatterBot Romeo reevaluating
ChatterBot Yankee reevaluating
2024-10-14 14:18:42.320190 Oscar: No
2024-10-14 14:18:42.320372 Papa: No
2024-10-14 14:18:42.320869 Romeo: No
2024-10-14 14:18:42.321013 Yankee: No
2024-10-14 14:18:42.321151 Sierra: No
ChatterBot Papa reevaluating
ChatterBot Romeo reevaluating
ChatterBot Yankee reevaluating
ChatterBot Oscar reevaluating
ChatterBot Romeo reevaluating
ChatterBot Yankee reevaluating
ChatterBot Oscar reevaluating
ChatterBot Papa reevaluating
ChatterBot Yankee reevaluating
ChatterBot Oscar reevaluating
ChatterBot Papa reevaluating
ChatterBot Romeo reevaluating
ChatterBot Oscar reevaluating
ChatterBot Papa reevaluating
ChatterBot Romeo reevaluating
ChatterBot Yankee reevaluating
randomSelections Charlie: {Charlie, Romeo, Tango, Papa, Yankee, Delta} 
2024-10-14 14:18:42.369007 Charlie: Friends?
ChatterBot Romeo reevaluating
ChatterBot Tango reevaluating
ChatterBot Papa reevaluating
ChatterBot Yankee reevaluating
2024-10-14 14:18:42.377279 Romeo: No
2024-10-14 14:18:42.377454 Tango: No
2024-10-14 14:18:42.377587 Papa: No
2024-10-14 14:18:42.377730 Yankee: No
2024-10-14 14:18:42.377925 Delta: No
ChatterBot Tango reevaluating
ChatterBot Papa reevaluating
ChatterBot Yankee reevaluating
ChatterBot Romeo reevaluating
ChatterBot Papa reevaluating
ChatterBot Yankee reevaluating
ChatterBot Romeo reevaluating
ChatterBot Tango reevaluating
ChatterBot Yankee reevaluating
ChatterBot Romeo reevaluating
ChatterBot Tango reevaluating
ChatterBot Papa reevaluating
ChatterBot Romeo reevaluating
ChatterBot Tango reevaluating
ChatterBot Papa reevaluating
ChatterBot Yankee reevaluating
2024-10-14 14:18:42.427658 November: Papa and Mike, sending you 3
2024-10-14 14:18:42.429669 Charlie: Papa, sending you 4
2024-10-14 14:18:42.430661 November: Oscar, sending you 2
2024-10-14 14:18:42.431650 Oscar: Papa and Romeo, sending you 4
2024-10-14 14:18:42.432671 Yankee: Papa, sending you 5
2024-10-14 14:18:42.432918 Delta: Papa and Sierra, sending you 3
2024-10-14 14:18:42.433142 Charlie: Delta, sending you 2
2024-10-14 14:18:42.433675 Romeo: Papa, sending you 2
2024-10-14 14:18:42.435673 Papa: Mike, sending you 3
2024-10-14 14:18:42.436017 Delta: Oscar and Romeo, sending you 1
2024-10-14 14:18:42.436650 Oscar: Mike, Tango and November, sending you 3
2024-10-14 14:18:42.436907 Mike: Papa and Romeo, sending you 2
2024-10-14 14:18:42.437123 Tango: Papa, Mike and November, sending you 1
2024-10-14 14:18:42.437657 Yankee: Oscar, sending you 2
2024-10-14 14:18:42.437851 Charlie: Tango, sending you 5
2024-10-14 14:18:42.438667 Romeo: Mike, Oscar and Tango, sending you 1
2024-10-14 14:18:42.438957 Papa: Oscar, sending you 5
2024-10-14 14:18:42.439660 Tango: Oscar, sending you 3
2024-10-14 14:18:42.440676 Delta: Yankee, sending you 5
2024-10-14 14:18:42.441671 Mike: Oscar, sending you 1
2024-10-14 14:18:42.442684 Yankee: Sierra and Romeo, sending you 1
2024-10-14 14:18:42.443036 Charlie: Yankee and Romeo, sending you 3
2024-10-14 14:18:42.443676 Romeo: November, sending you 3
2024-10-14 14:18:42.444 Papa: Tango, sending you 1
2024-10-14 14:18:42.444660 Tango: Romeo, sending you 2
2024-10-14 14:18:42.445664 Mike: Tango, sending you 4
2024-10-14 14:18:42.446687 Papa: November, sending you 4
2024-10-14 14:18:42.447657 Yankee: November, sending you 3
2024-10-14 14:18:42.450644 Mike: November, sending you 6
chatterbot Oscar submitting transactions
chatterbot Charlie submitting transactions
chatterbot Papa submitting transactions
chatterbot Romeo submitting transactions
chatterbot Tango submitting transactions
chatterbot November submitting transactions
chatterbot Yankee submitting transactions
chatterbot Sierra submitting transactions
chatterbot Delta submitting transactions
chatterbot Mike submitting transactions
ChatterBot Papa round 2
ChatterBot Mike round 2
ChatterBot Oscar round 2
ChatterBot Delta round 2
ChatterBot Tango round 2
ChatterBot Sierra round 2
ChatterBot Charlie round 2
ChatterBot November round 2
ChatterBot Yankee round 2
ChatterBot Romeo round 2
2024-10-14 14:18:44.395441 November: We should add Yankee
ChatterBot Oscar reevaluating
ChatterBot Romeo reevaluating
ChatterBot Papa reevaluating
ChatterBot Mike reevaluating
ChatterBot Tango reevaluating
2024-10-14 14:18:44.415770 Oscar: Yes
2024-10-14 14:18:44.415918 Romeo: No
2024-10-14 14:18:44.416061 Papa: No
2024-10-14 14:18:44.416563 Mike: No
2024-10-14 14:18:44.416694 Tango: No
ChatterBot Romeo reevaluating
ChatterBot Papa reevaluating
ChatterBot Mike reevaluating
ChatterBot Tango reevaluating
ChatterBot Oscar reevaluating
ChatterBot Papa reevaluating
ChatterBot Mike reevaluating
ChatterBot Tango reevaluating
ChatterBot Oscar reevaluating
ChatterBot Romeo reevaluating
ChatterBot Mike reevaluating
ChatterBot Tango reevaluating
ChatterBot Oscar reevaluating
ChatterBot Romeo reevaluating
ChatterBot Papa reevaluating
ChatterBot Tango reevaluating
ChatterBot Oscar reevaluating
ChatterBot Romeo reevaluating
ChatterBot Papa reevaluating
ChatterBot Mike reevaluating
2024-10-14 14:18:44.568203 Romeo: We should add Charlie
2024-10-14 14:18:44.569122 Tango: We should add Charlie
ChatterBot Oscar reevaluating
ChatterBot Papa reevaluating
ChatterBot Mike reevaluating
ChatterBot Tango reevaluating
2024-10-14 14:18:44.590658 November: No
2024-10-14 14:18:44.594649 Oscar: No
ChatterBot Oscar reevaluating
ChatterBot Romeo reevaluating
2024-10-14 14:18:44.603120 Papa: Yes
ChatterBot Papa reevaluating
2024-10-14 14:18:44.607033 Mike: Yes
ChatterBot Mike reevaluating
2024-10-14 14:18:44.611005 Tango: Yes
2024-10-14 14:18:44.611183 November: No
2024-10-14 14:18:44.611290 Oscar: No
2024-10-14 14:18:44.611386 Romeo: Yes
2024-10-14 14:18:44.611872 Papa: Yes
2024-10-14 14:18:44.611976 Mike: Yes
ChatterBot Oscar reevaluating
ChatterBot Romeo reevaluating
ChatterBot Papa reevaluating
ChatterBot Mike reevaluating
ChatterBot Tango reevaluating
ChatterBot November reevaluating
ChatterBot Romeo reevaluating
ChatterBot Papa reevaluating
ChatterBot Mike reevaluating
ChatterBot Tango reevaluating
ChatterBot November reevaluating
ChatterBot Oscar reevaluating
ChatterBot Romeo reevaluating
ChatterBot Mike reevaluating
ChatterBot Tango reevaluating
ChatterBot November reevaluating
ChatterBot Oscar reevaluating
ChatterBot Romeo reevaluating
ChatterBot Papa reevaluating
ChatterBot Tango reevaluating
ChatterBot November reevaluating
ChatterBot Oscar reevaluating
ChatterBot Romeo reevaluating
ChatterBot Papa reevaluating
ChatterBot Mike reevaluating
ChatterBot Oscar reevaluating
ChatterBot Romeo reevaluating
ChatterBot Papa reevaluating
ChatterBot Mike reevaluating
ChatterBot Tango reevaluating
ChatterBot November reevaluating
ChatterBot Romeo reevaluating
ChatterBot Papa reevaluating
ChatterBot Mike reevaluating
ChatterBot Tango reevaluating
ChatterBot November reevaluating
ChatterBot Oscar reevaluating
ChatterBot Papa reevaluating
ChatterBot Mike reevaluating
ChatterBot Tango reevaluating
ChatterBot November reevaluating
ChatterBot Oscar reevaluating
ChatterBot Romeo reevaluating
ChatterBot Mike reevaluating
ChatterBot Tango reevaluating
ChatterBot November reevaluating
ChatterBot Oscar reevaluating
ChatterBot Romeo reevaluating
ChatterBot Papa reevaluating
ChatterBot Tango reevaluating
2024-10-14 14:18:44.823657 Sierra: We should group up
ChatterBot Delta reevaluating
ChatterBot Charlie reevaluating
ChatterBot Yankee reevaluating
2024-10-14 14:18:44.835732 Delta: Yes
2024-10-14 14:18:44.835909 Charlie: Yes
2024-10-14 14:18:44.836038 Yankee: Yes
ChatterBot Charlie reevaluating
ChatterBot Yankee reevaluating
ChatterBot Delta reevaluating
ChatterBot Yankee reevaluating
ChatterBot Delta reevaluating
ChatterBot Charlie reevaluating
2024-10-14 14:18:44.868773 Charlie: We should group up
ChatterBot Delta reevaluating
ChatterBot Yankee reevaluating
2024-10-14 14:18:44.881639 Sierra: Yes
2024-10-14 14:18:44.881789 Delta: Yes
2024-10-14 14:18:44.881906 Yankee: Yes
ChatterBot Delta reevaluating
ChatterBot Charlie reevaluating
ChatterBot Yankee reevaluating
ChatterBot Charlie reevaluating
ChatterBot Yankee reevaluating
ChatterBot Delta reevaluating
ChatterBot Charlie reevaluating
2024-10-14 14:18:44.993877 Romeo: Charlie we want you to join our group
2024-10-14 14:18:44.998233 Charlie: No
ChatterBot Oscar reevaluating
ChatterBot November reevaluating
2024-10-14 14:18:45.023481 Mike: Charlie we want you to join our group
2024-10-14 14:18:45.028942 Charlie: No
ChatterBot November reevaluating
2024-10-14 14:18:45.051390 Papa: Charlie we want you to join our group
2024-10-14 14:18:45.055469 Charlie: No
2024-10-14 14:18:45.075671 Tango: Charlie we want you to join our group
2024-10-14 14:18:45.079586 Charlie: No
2024-10-14 14:18:45.100331 Oscar: Yankee we want you to join our group
2024-10-14 14:18:45.104589 Yankee: No
2024-10-14 14:18:45.125154 November: Charlie we want you to join our group
2024-10-14 14:18:45.129219 Charlie: No
2024-10-14 14:18:45.150520 Sierra: Delta, sending you 9
2024-10-14 14:18:45.151205 Delta: Sierra and Yankee, sending you 2
2024-10-14 14:18:45.151511 Charlie: Delta and Yankee, sending you 6
2024-10-14 14:18:45.151741 Yankee: Delta, sending you 6
2024-10-14 14:18:45.863591 Delta: Charlie, sending you 9
2024-10-14 14:18:45.864505 Sierra: Charlie, sending you 1
2024-10-14 14:18:45.865051 Yankee: Sierra, sending you 2
2024-10-14 14:18:45.865775 Charlie: Sierra, sending you 5
2024-10-14 14:18:45.866270 Romeo: Mike and Tango, sending you 1
chatterbot Mike submitting transactions
chatterbot Papa submitting transactions
2024-10-14 14:18:46.035033 Sierra: Yankee, sending you 3
2024-10-14 14:18:46.035748 Yankee: Charlie, sending you 4
2024-10-14 14:18:46.036015 Papa: Mike, Tango, Charlie, November and Romeo, sending you 2
2024-10-14 14:18:46.036430 Tango: Papa, Oscar and Romeo, sending you 2
2024-10-14 14:18:46.037216 November: Papa, sending you 3
2024-10-14 14:18:46.037571 Oscar: Papa, Mike, Tango, November and Yankee, sending you 3
2024-10-14 14:18:46.037995 Romeo: Oscar, sending you 4
chatterbot Sierra submitting transactions
2024-10-14 14:18:46.038919 Papa: Oscar, sending you 3
2024-10-14 14:18:46.123323 Tango: Mike and Charlie, sending you 3
2024-10-14 14:18:46.123877 November: Mike, sending you 4
2024-10-14 14:18:46.125450 Oscar: Romeo, sending you 2
2024-10-14 14:18:46.125950 Romeo: Charlie, sending you 2
2024-10-14 14:18:46.310890 Tango: November, sending you 1
2024-10-14 14:18:46.311383 November: Oscar and Romeo, sending you 2
chatterbot Delta submitting transactions
chatterbot Romeo submitting transactions
2024-10-14 14:18:46.342310 November: Tango and Charlie, sending you 1
chatterbot Oscar submitting transactions
chatterbot Yankee submitting transactions
chatterbot Charlie submitting transactions
chatterbot November submitting transactions
chatterbot Tango submitting transactions
ChatterBot Papa round 3
ChatterBot Mike round 3
ChatterBot Oscar round 3
ChatterBot Delta round 3
ChatterBot Tango round 3
ChatterBot Sierra round 3
ChatterBot Charlie round 3
ChatterBot November round 3
ChatterBot Yankee round 3
ChatterBot Romeo round 3
2024-10-14 14:18:47.205389 Oscar: We should replace Yankee with Charlie
2024-10-14 14:18:47.220694 November: Yes
2024-10-14 14:18:47.220869 Romeo: Yes
2024-10-14 14:18:47.221003 Papa: Yes
2024-10-14 14:18:47.221127 Mike: Yes
2024-10-14 14:18:47.221245 Tango: Yes
ChatterBot Papa reevaluating
ChatterBot Papa reevaluating
ChatterBot Papa reevaluating
ChatterBot Papa reevaluating
2024-10-14 14:18:47.353375 Sierra: We should add Romeo
ChatterBot Delta reevaluating
ChatterBot Charlie reevaluating
ChatterBot Yankee reevaluating
2024-10-14 14:18:47.365946 Delta: No
2024-10-14 14:18:47.366268 Charlie: Yes
2024-10-14 14:18:47.366979 Yankee: No
ChatterBot Sierra reevaluating
ChatterBot Charlie reevaluating
ChatterBot Yankee reevaluating
ChatterBot Sierra reevaluating
ChatterBot Delta reevaluating
ChatterBot Yankee reevaluating
ChatterBot Sierra reevaluating
ChatterBot Delta reevaluating
ChatterBot Charlie reevaluating
2024-10-14 14:18:47.418599 Yankee: We should add Oscar
ChatterBot Sierra reevaluating
ChatterBot Delta reevaluating
ChatterBot Charlie reevaluating
2024-10-14 14:18:47.430666 Sierra: Yes
2024-10-14 14:18:47.430910 Delta: No
2024-10-14 14:18:47.431168 Charlie: Yes
ChatterBot Delta reevaluating
ChatterBot Charlie reevaluating
ChatterBot Yankee reevaluating
ChatterBot Sierra reevaluating
ChatterBot Charlie reevaluating
ChatterBot Yankee reevaluating
ChatterBot Sierra reevaluating
ChatterBot Delta reevaluating
ChatterBot Yankee reevaluating
2024-10-14 14:18:47.475173 Oscar: Charlie we want you to join our group
ChatterBot Charlie reevaluating
2024-10-14 14:18:47.479444 Charlie: No
ChatterBot Papa reevaluating
2024-10-14 14:18:47.499221 Sierra: We should add Papa
ChatterBot Delta reevaluating
ChatterBot Charlie reevaluating
ChatterBot Yankee reevaluating
2024-10-14 14:18:47.511209 Delta: No
2024-10-14 14:18:47.511402 Charlie: Yes
2024-10-14 14:18:47.511554 Yankee: No
ChatterBot Sierra reevaluating
ChatterBot Charlie reevaluating
ChatterBot Yankee reevaluating
ChatterBot Sierra reevaluating
ChatterBot Delta reevaluating
ChatterBot Yankee reevaluating
ChatterBot Sierra reevaluating
ChatterBot Delta reevaluating
ChatterBot Charlie reevaluating
2024-10-14 14:18:47.698152 Tango: Papa, Mike, Charlie and Romeo, sending you 2
2024-10-14 14:18:47.699361 Charlie: Oscar we want you to join our group
2024-10-14 14:18:47.725618 Oscar: No
ChatterBot Sierra reevaluating
2024-10-14 14:18:47.778324 Sierra: We should add November
ChatterBot Charlie reevaluating
2024-10-14 14:18:47.795160 Delta: No
2024-10-14 14:18:47.795902 Charlie: Yes
2024-10-14 14:18:47.796143 Yankee: No
ChatterBot Sierra reevaluating
ChatterBot Charlie reevaluating
ChatterBot Sierra reevaluating
ChatterBot Sierra reevaluating
ChatterBot Charlie reevaluating
2024-10-14 14:18:47.850735 Yankee: Oscar we want you to join our group
2024-10-14 14:18:47.856080 Oscar: No
ChatterBot Charlie reevaluating
ChatterBot Sierra reevaluating
2024-10-14 14:18:47.880383 Tango: Oscar, sending you 4
2024-10-14 14:18:47.882032 Mike: Papa, Oscar and Tango, sending you 3
2024-10-14 14:18:48.022412 Papa: Mike, Tango, Charlie, November and Romeo, sending you 2
2024-10-14 14:18:48.023293 November: Papa, Mike and Oscar, sending you 3
2024-10-14 14:18:48.023662 Romeo: Papa, Mike, Charlie and November, sending you 1
2024-10-14 14:18:48.024391 Oscar: Papa, Mike, Tango, November and Romeo, sending you 3
2024-10-14 14:18:48.024736 Tango: November, sending you 1
2024-10-14 14:18:48.025064 Mike: Charlie, sending you 1
2024-10-14 14:18:48.025842 Sierra: Oscar we want you to join our group
2024-10-14 14:18:48.029283 Oscar: No
ChatterBot Charlie reevaluating
ChatterBot Sierra reevaluating
chatterbot Oscar submitting transactions
chatterbot Tango submitting transactions
2024-10-14 14:18:48.044474 Papa: Oscar, sending you 3
2024-10-14 14:18:48.044913 Romeo: Oscar and Tango, sending you 2
2024-10-14 14:18:48.045345 Oscar: Charlie, sending you 2
2024-10-14 14:18:48.046264 November: Tango and Romeo, sending you 2
2024-10-14 14:18:48.046708 Mike: November, sending you 5
2024-10-14 14:18:48.047488 Yankee: Oscar, sending you 2
2024-10-14 14:18:48.325544 Delta: Sierra, sending you 5
2024-10-14 14:18:48.325967 Mike: Romeo, sending you 2
2024-10-14 14:18:48.327048 Charlie: Tango we want you to join our group
2024-10-14 14:18:48.330516 Tango: No
ChatterBot Charlie reevaluating
ChatterBot Sierra reevaluating
2024-10-14 14:18:48.345064 Yankee: Delta and Sierra, sending you 3
chatterbot Delta submitting transactions
2024-10-14 14:18:48.346071 Delta: Charlie and Yankee, sending you 4
2024-10-14 14:18:48.560229 Yankee: Charlie, sending you 4
chatterbot Romeo submitting transactions
chatterbot Papa submitting transactions
chatterbot Yankee submitting transactions
2024-10-14 14:18:48.717649 Charlie: Oscar, sending you 1
2024-10-14 14:18:48.726701 Charlie: Delta, sending you 8
2024-10-14 14:18:48.733607 Charlie: Sierra, sending you 3
2024-10-14 14:18:49.917310 Charlie: Yankee, sending you 5
chatterbot November submitting transactions
chatterbot Mike submitting transactions
chatterbot Charlie submitting transactions
chatterbot Sierra submitting transactions
ChatterBot Papa round 4
ChatterBot Mike round 4
ChatterBot Oscar round 4
ChatterBot Delta round 4
ChatterBot Tango round 4
ChatterBot Sierra round 4
ChatterBot Charlie round 4
ChatterBot November round 4
ChatterBot Yankee round 4
ChatterBot Romeo round 4
2024-10-14 14:18:49.973366 Papa: We should drop Romeo and Charlie
ChatterBot Mike reevaluating
2024-10-14 14:18:49.987322 Mike: No
2024-10-14 14:18:49.987518 Oscar: No
2024-10-14 14:18:49.987734 Tango: No
2024-10-14 14:18:49.988697 November: No
ChatterBot Papa reevaluating
ChatterBot Oscar reevaluating
ChatterBot Papa reevaluating
ChatterBot Mike reevaluating
ChatterBot Papa reevaluating
ChatterBot Mike reevaluating
ChatterBot Oscar reevaluating
ChatterBot Papa reevaluating
ChatterBot Mike reevaluating
ChatterBot Oscar reevaluating
2024-10-14 14:18:50.090991 Yankee: We should replace Oscar with Tango
ChatterBot Sierra reevaluating
ChatterBot Charlie reevaluating
2024-10-14 14:18:50.105508 Sierra: Yes
2024-10-14 14:18:50.106150 Delta: No
2024-10-14 14:18:50.106376 Charlie: Yes
ChatterBot Charlie reevaluating
ChatterBot Yankee reevaluating
ChatterBot Sierra reevaluating
ChatterBot Charlie reevaluating
ChatterBot Yankee reevaluating
ChatterBot Sierra reevaluating
ChatterBot Yankee reevaluating
2024-10-14 14:18:50.204554 Papa: We should replace Charlie with Yankee
ChatterBot Oscar reevaluating
ChatterBot Mike reevaluating
2024-10-14 14:18:50.224390 November: No
2024-10-14 14:18:50.224662 Oscar: No
2024-10-14 14:18:50.225013 Romeo: No
2024-10-14 14:18:50.225719 Mike: No
2024-10-14 14:18:50.226004 Tango: No
ChatterBot Oscar reevaluating
ChatterBot Romeo reevaluating
ChatterBot Papa reevaluating
ChatterBot Mike reevaluating
ChatterBot Romeo reevaluating
ChatterBot Papa reevaluating
ChatterBot Mike reevaluating
ChatterBot Oscar reevaluating
ChatterBot Papa reevaluating
ChatterBot Mike reevaluating
ChatterBot Oscar reevaluating
ChatterBot Romeo reevaluating
ChatterBot Papa reevaluating
ChatterBot Oscar reevaluating
ChatterBot Romeo reevaluating
ChatterBot Papa reevaluating
ChatterBot Mike reevaluating
2024-10-14 14:18:50.317702 Delta: Sierra and Yankee, sending you 4
2024-10-14 14:18:50.318825 Tango: Papa, November and Romeo, sending you 2
2024-10-14 14:18:50.323822 Delta: Charlie, sending you 5
2024-10-14 14:18:50.324695 Tango: Mike and Oscar, sending you 3
2024-10-14 14:18:50.328665 Tango: Charlie, sending you 1
2024-10-14 14:18:50.334033 Papa: Mike, Oscar, Tango, Charlie and Romeo, sending you 2
2024-10-14 14:18:50.336674 November: Papa, Mike and Oscar, sending you 3
2024-10-14 14:18:50.337690 Papa: November, sending you 3
2024-10-14 14:18:50.338997 Oscar: Papa, Mike, Tango, November and Romeo, sending you 3
2024-10-14 14:18:50.340098 Yankee: Oscar and Sierra, sending you 2
2024-10-14 14:18:50.340911 Mike: Papa and Tango, sending you 3
2024-10-14 14:18:50.341659 November: Tango and Romeo, sending you 2
2024-10-14 14:18:50.342837 Romeo: Papa, Mike, Charlie and November, sending you 1
2024-10-14 14:18:50.344020 Oscar: Charlie, sending you 2
2024-10-14 14:18:50.344813 Yankee: Delta and Charlie, sending you 4
2024-10-14 14:18:50.345683 Romeo: Oscar and Tango, sending you 2
2024-10-14 14:18:50.346685 Mike: Oscar and November, sending you 4
2024-10-14 14:18:50.351688 Mike: Charlie, sending you 1
2024-10-14 14:18:50.356670 Mike: Romeo, sending you 2
chatterbot Tango submitting transactions
chatterbot Charlie submitting transactions
chatterbot Romeo submitting transactions
chatterbot Mike submitting transactions
chatterbot Papa submitting transactions
chatterbot Sierra submitting transactions
chatterbot November submitting transactions
chatterbot Delta submitting transactions
chatterbot Yankee submitting transactions
chatterbot Oscar submitting transactions
ChatterBot Papa round 5
ChatterBot Mike round 5
ChatterBot Oscar round 5
ChatterBot Delta round 5
ChatterBot Tango round 5
ChatterBot Sierra round 5
ChatterBot Charlie round 5
ChatterBot November round 5
ChatterBot Yankee round 5
ChatterBot Romeo round 5
2024-10-14 14:18:51.627149 Sierra: We should replace Oscar with Tango
ChatterBot Yankee reevaluating
2024-10-14 14:18:51.637952 Delta: No
2024-10-14 14:18:51.638205 Charlie: Yes
2024-10-14 14:18:51.639046 Yankee: Yes
ChatterBot Sierra reevaluating
ChatterBot Yankee reevaluating
ChatterBot Sierra reevaluating
ChatterBot Yankee reevaluating
ChatterBot Sierra reevaluating
2024-10-14 14:18:51.690347 Oscar: We should replace Charlie with Yankee
ChatterBot November reevaluating
ChatterBot Romeo reevaluating
ChatterBot Papa reevaluating
ChatterBot Mike reevaluating
2024-10-14 14:18:51.706995 November: Yes
2024-10-14 14:18:51.707150 Romeo: No
2024-10-14 14:18:51.707271 Papa: Yes
2024-10-14 14:18:51.707422 Mike: Yes
2024-10-14 14:18:51.707527 Tango: No
ChatterBot Romeo reevaluating
ChatterBot Papa reevaluating
ChatterBot Mike reevaluating
ChatterBot November reevaluating
ChatterBot Papa reevaluating
ChatterBot Mike reevaluating
ChatterBot November reevaluating
ChatterBot Oscar reevaluating
ChatterBot Romeo reevaluating
ChatterBot Mike reevaluating
ChatterBot November reevaluating
ChatterBot Oscar reevaluating
ChatterBot Romeo reevaluating
ChatterBot Papa reevaluating
ChatterBot November reevaluating
ChatterBot Oscar reevaluating
ChatterBot Romeo reevaluating
ChatterBot Papa reevaluating
ChatterBot Mike reevaluating
2024-10-14 14:18:51.820686 Charlie: Tango we want you to join our group
2024-10-14 14:18:51.824139 Tango: No
ChatterBot Sierra reevaluating
ChatterBot Yankee reevaluating
2024-10-14 14:18:51.835595 Oscar: Yankee we want you to join our group
ChatterBot Yankee reevaluating
2024-10-14 14:18:51.838969 Yankee: No
ChatterBot Oscar reevaluating
ChatterBot Papa reevaluating
ChatterBot Mike reevaluating
ChatterBot November reevaluating
ChatterBot Romeo reevaluating
2024-10-14 14:18:51.857889 Sierra: Tango we want you to join our group
2024-10-14 14:18:51.860474 Tango: No
ChatterBot Sierra reevaluating
2024-10-14 14:18:51.871040 Tango: Papa, Mike, Charlie, November and Romeo, sending you 2
2024-10-14 14:18:51.871656 Delta: Sierra and Yankee, sending you 4
2024-10-14 14:18:51.872332 November: Yankee we want you to join our group
2024-10-14 14:18:51.874795 Yankee: No
ChatterBot Oscar reevaluating
ChatterBot Papa reevaluating
ChatterBot November reevaluating
ChatterBot Romeo reevaluating
2024-10-14 14:18:51.891633 Mike: Yankee we want you to join our group
2024-10-14 14:18:51.893994 Yankee: No
ChatterBot Oscar reevaluating
ChatterBot Papa reevaluating
ChatterBot November reevaluating
ChatterBot Romeo reevaluating
2024-10-14 14:18:51.909909 Yankee: Tango we want you to join our group
2024-10-14 14:18:51.912153 Tango: No
ChatterBot Sierra reevaluating
2024-10-14 14:18:51.921430 Tango: Oscar, sending you 3
2024-10-14 14:18:51.922076 Delta: Charlie, sending you 5
2024-10-14 14:18:51.923141 Romeo: Yankee we want you to join our group
2024-10-14 14:18:51.926078 Yankee: No
ChatterBot Oscar reevaluating
ChatterBot Papa reevaluating
ChatterBot November reevaluating
ChatterBot Romeo reevaluating
2024-10-14 14:18:51.944857 Papa: We should replace Charlie with Delta
ChatterBot November reevaluating
ChatterBot Oscar reevaluating
ChatterBot Romeo reevaluating
ChatterBot Mike reevaluating
2024-10-14 14:18:52.004733 November: No
2024-10-14 14:18:52.005802 Oscar: No
2024-10-14 14:18:52.006038 Romeo: No
2024-10-14 14:18:52.006518 Mike: Yes
2024-10-14 14:18:52.006900 Tango: No
ChatterBot Oscar reevaluating
ChatterBot Romeo reevaluating
ChatterBot Papa reevaluating
ChatterBot Mike reevaluating
ChatterBot November reevaluating
ChatterBot Romeo reevaluating
ChatterBot Papa reevaluating
ChatterBot Mike reevaluating
ChatterBot November reevaluating
ChatterBot Oscar reevaluating
ChatterBot Papa reevaluating
ChatterBot Mike reevaluating
ChatterBot November reevaluating
ChatterBot Oscar reevaluating
ChatterBot Romeo reevaluating
ChatterBot Papa reevaluating
ChatterBot November reevaluating
ChatterBot Oscar reevaluating
ChatterBot Romeo reevaluating
ChatterBot Papa reevaluating
ChatterBot Mike reevaluating
2024-10-14 14:18:52.104732 Charlie: Delta, sending you 6
chatterbot Tango submitting transactions
2024-10-14 14:18:52.109695 Charlie: Tango and Sierra, sending you 3
2024-10-14 14:18:52.110559 Yankee: Delta and Charlie, sending you 4
2024-10-14 14:18:52.111201 Romeo: We should drop Charlie
ChatterBot November reevaluating
ChatterBot Oscar reevaluating
ChatterBot Papa reevaluating
ChatterBot Mike reevaluating
2024-10-14 14:18:52.129973 November: Yes
2024-10-14 14:18:52.130172 Oscar: Yes
2024-10-14 14:18:52.130327 Papa: Yes
2024-10-14 14:18:52.130470 Mike: Yes
2024-10-14 14:18:52.130611 Tango: No
ChatterBot Oscar reevaluating
ChatterBot Romeo reevaluating
ChatterBot Papa reevaluating
ChatterBot Mike reevaluating
ChatterBot November reevaluating
ChatterBot Romeo reevaluating
ChatterBot Papa reevaluating
ChatterBot Mike reevaluating
ChatterBot November reevaluating
ChatterBot Oscar reevaluating
ChatterBot Romeo reevaluating
ChatterBot Mike reevaluating
ChatterBot November reevaluating
ChatterBot Oscar reevaluating
ChatterBot Romeo reevaluating
ChatterBot Papa reevaluating
ChatterBot Tango reevaluating
ChatterBot November reevaluating
ChatterBot Oscar reevaluating
ChatterBot Romeo reevaluating
ChatterBot Papa reevaluating
ChatterBot Mike reevaluating
2024-10-14 14:18:52.258459 Charlie: Yankee, sending you 5
2024-10-14 14:18:52.259427 Yankee: Tango, sending you 1
chatterbot Charlie submitting transactions
2024-10-14 14:18:52.263014 Tango: Delta we want you to join our group
2024-10-14 14:18:52.268297 Delta: No
ChatterBot Tango reevaluating
ChatterBot Papa reevaluating
ChatterBot November reevaluating
ChatterBot Romeo reevaluating
2024-10-14 14:18:52.293362 Yankee: Sierra, sending you 3
2024-10-14 14:18:52.294466 Sierra: Delta, sending you 6
2024-10-14 14:18:52.295025 Mike: Delta we want you to join our group
2024-10-14 14:18:52.300307 Delta: No
ChatterBot Tango reevaluating
ChatterBot Papa reevaluating
ChatterBot Mike reevaluating
ChatterBot November reevaluating
ChatterBot Romeo reevaluating
2024-10-14 14:18:52.335079 Sierra: Charlie, sending you 4
2024-10-14 14:18:52.338724 Papa: Delta we want you to join our group
2024-10-14 14:18:52.345278 Delta: No
ChatterBot Tango reevaluating
ChatterBot Papa reevaluating
ChatterBot Mike reevaluating
ChatterBot November reevaluating
ChatterBot Romeo reevaluating
2024-10-14 14:18:52.382742 Sierra: Yankee, sending you 3
chatterbot Delta submitting transactions
2024-10-14 14:18:52.396326 Oscar: Papa, Mike, Tango, November and Romeo, sending you 3
2024-10-14 14:18:52.396931 Tango: Yankee we want you to join our group
2024-10-14 14:18:52.405046 Yankee: No
ChatterBot Papa reevaluating
ChatterBot Mike reevaluating
ChatterBot Tango reevaluating
ChatterBot November reevaluating
ChatterBot Romeo reevaluating
2024-10-14 14:18:52.492162 Oscar: Yankee, sending you 2
chatterbot Yankee submitting transactions
chatterbot Sierra submitting transactions
2024-10-14 14:18:52.556304 Tango: Sorry, I'm actually sending you 0
2024-10-14 14:18:52.567852 Papa: Mike, Tango, Charlie, November and Romeo, sending you 2
2024-10-14 14:18:52.569062 November: Papa, Mike and Oscar, sending you 3
2024-10-14 14:18:52.569458 Romeo: Papa, Mike and November, sending you 1
2024-10-14 14:18:52.573573 November: Tango and Romeo, sending you 2
2024-10-14 14:18:52.574391 Tango: Mike and Oscar, sending you 3
2024-10-14 14:18:52.574757 Papa: Oscar, sending you 3
2024-10-14 14:18:52.575207 Romeo: Oscar, sending you 3
2024-10-14 14:18:52.583219 Tango: Yankee, sending you 1
2024-10-14 14:18:52.584319 Romeo: Tango, sending you 2
chatterbot Tango submitting transactions
chatterbot Oscar submitting transactions
chatterbot Papa submitting transactions
chatterbot Romeo submitting transactions
chatterbot November submitting transactions
chatterbot Mike submitting transactions
ChatterBot Papa round 6
ChatterBot Mike round 6
ChatterBot Oscar round 6
ChatterBot Delta round 6
ChatterBot Tango round 6
ChatterBot Sierra round 6
ChatterBot Charlie round 6
ChatterBot November round 6
ChatterBot Yankee round 6
ChatterBot Romeo round 6
2024-10-14 14:18:53.699656 Papa: We should replace Charlie with Yankee
ChatterBot Romeo reevaluating
2024-10-14 14:18:53.715233 November: Yes
2024-10-14 14:18:53.715411 Oscar: Yes
2024-10-14 14:18:53.715539 Romeo: Yes
2024-10-14 14:18:53.715670 Mike: Yes
2024-10-14 14:18:53.715825 Tango: Yes
ChatterBot Oscar reevaluating
ChatterBot Romeo reevaluating
ChatterBot Mike reevaluating
ChatterBot Romeo reevaluating
ChatterBot Mike reevaluating
ChatterBot Tango reevaluating
ChatterBot Oscar reevaluating
ChatterBot Mike reevaluating
ChatterBot Tango reevaluating
ChatterBot Oscar reevaluating
ChatterBot Romeo reevaluating
ChatterBot Tango reevaluating
ChatterBot Oscar reevaluating
ChatterBot Romeo reevaluating
ChatterBot Papa reevaluating
ChatterBot Mike reevaluating
2024-10-14 14:18:53.860857 Oscar: We should drop Yankee
ChatterBot November reevaluating
ChatterBot Romeo reevaluating
ChatterBot Papa reevaluating
ChatterBot Tango reevaluating
2024-10-14 14:18:53.890403 November: Yes
2024-10-14 14:18:53.890608 Romeo: Yes
2024-10-14 14:18:53.890801 Papa: Yes
2024-10-14 14:18:53.890978 Mike: Yes
2024-10-14 14:18:53.891134 Tango: Yes
ChatterBot Romeo reevaluating
ChatterBot Papa reevaluating
ChatterBot Tango reevaluating
ChatterBot November reevaluating
ChatterBot Oscar reevaluating
ChatterBot Papa reevaluating
ChatterBot Tango reevaluating
ChatterBot November reevaluating
ChatterBot Oscar reevaluating
ChatterBot Romeo reevaluating
ChatterBot Tango reevaluating
ChatterBot November reevaluating
ChatterBot Oscar reevaluating
ChatterBot Romeo reevaluating
ChatterBot Papa reevaluating
ChatterBot Tango reevaluating
ChatterBot November reevaluating
ChatterBot Oscar reevaluating
ChatterBot Romeo reevaluating
ChatterBot Papa reevaluating
2024-10-14 14:18:53.981503 Mike: Delta we want you to join our group
2024-10-14 14:18:53.986438 Delta: No
ChatterBot Tango reevaluating
ChatterBot Papa reevaluating
ChatterBot Oscar reevaluating
ChatterBot November reevaluating
2024-10-14 14:18:54.009273 Tango: We should replace Yankee with Delta
ChatterBot November reevaluating
ChatterBot Oscar reevaluating
ChatterBot Papa reevaluating
2024-10-14 14:18:54.085828 November: Yes
2024-10-14 14:18:54.086173 Oscar: No
2024-10-14 14:18:54.086409 Romeo: No
2024-10-14 14:18:54.086834 Papa: No
2024-10-14 14:18:54.087032 Mike: Yes
ChatterBot Oscar reevaluating
ChatterBot Papa reevaluating
ChatterBot Tango reevaluating
ChatterBot November reevaluating
ChatterBot Papa reevaluating
ChatterBot Tango reevaluating
ChatterBot November reevaluating
ChatterBot Oscar reevaluating
ChatterBot Papa reevaluating
ChatterBot Tango reevaluating
ChatterBot November reevaluating
ChatterBot Oscar reevaluating
ChatterBot Tango reevaluating
ChatterBot November reevaluating
ChatterBot Oscar reevaluating
ChatterBot Papa reevaluating
ChatterBot Tango reevaluating
2024-10-14 14:18:54.182553 Charlie: I was attacked by Mike
ChatterBot Delta reevaluating
ChatterBot Sierra reevaluating
ChatterBot Yankee reevaluating
ChatterBot Tango reevaluating
2024-10-14 14:18:54.200459 Charlie: I'm keeping this round to protect myself
2024-10-14 14:18:54.201962 Charlie: Ow
2024-10-14 14:18:54.202998 November: We should replace Yankee with Sierra
ChatterBot Oscar reevaluating
ChatterBot Papa reevaluating
ChatterBot Tango reevaluating
2024-10-14 14:18:54.220620 Oscar: No
2024-10-14 14:18:54.220782 Romeo: No
2024-10-14 14:18:54.220891 Papa: No
2024-10-14 14:18:54.220993 Mike: No
2024-10-14 14:18:54.221109 Tango: No
ChatterBot November reevaluating
ChatterBot Papa reevaluating
ChatterBot Tango reevaluating
ChatterBot November reevaluating
ChatterBot Oscar reevaluating
ChatterBot Papa reevaluating
ChatterBot Tango reevaluating
ChatterBot November reevaluating
ChatterBot Oscar reevaluating
ChatterBot Tango reevaluating
ChatterBot November reevaluating
ChatterBot Oscar reevaluating
ChatterBot Papa reevaluating
ChatterBot Tango reevaluating
ChatterBot November reevaluating
ChatterBot Oscar reevaluating
ChatterBot Papa reevaluating
2024-10-14 14:18:54.335856 Romeo: Papa, Oscar, Tango and November, sending you 2
2024-10-14 14:18:54.336677 Papa: Yankee we want you to join our group
ChatterBot Yankee reevaluating
2024-10-14 14:18:54.341640 Yankee: No
ChatterBot Oscar reevaluating
ChatterBot November reevaluating
ChatterBot Romeo reevaluating
2024-10-14 14:18:54.361966 Romeo: We should add Sierra
ChatterBot November reevaluating
ChatterBot Oscar reevaluating
2024-10-14 14:18:54.378145 November: Yes
2024-10-14 14:18:54.378353 Oscar: No
2024-10-14 14:18:54.378550 Papa: No
2024-10-14 14:18:54.378746 Mike: No
2024-10-14 14:18:54.378943 Tango: No
ChatterBot Oscar reevaluating
ChatterBot Romeo reevaluating
ChatterBot Papa reevaluating
ChatterBot November reevaluating
ChatterBot Romeo reevaluating
ChatterBot Papa reevaluating
ChatterBot November reevaluating
ChatterBot Oscar reevaluating
ChatterBot Romeo reevaluating
ChatterBot November reevaluating
ChatterBot Oscar reevaluating
ChatterBot Romeo reevaluating
ChatterBot Papa reevaluating
ChatterBot November reevaluating
ChatterBot Oscar reevaluating
ChatterBot Romeo reevaluating
ChatterBot Papa reevaluating
2024-10-14 14:18:54.464350 Tango: Delta we want you to join our group
ChatterBot Delta reevaluating
2024-10-14 14:18:54.468179 Delta: No
ChatterBot Papa reevaluating
ChatterBot Oscar reevaluating
ChatterBot November reevaluating
ChatterBot Romeo reevaluating
chatterbot Charlie submitting transactions
2024-10-14 14:18:54.620558 November: Delta we want you to join our group
ChatterBot Delta reevaluating
2024-10-14 14:18:54.626135 Delta: No
ChatterBot Papa reevaluating
ChatterBot Oscar reevaluating
ChatterBot November reevaluating
ChatterBot Romeo reevaluating
2024-10-14 14:18:54.648883 Sierra: Delta, sending you 6
2024-10-14 14:18:54.650082 Mike: Papa and Tango, sending you 3
2024-10-14 14:18:54.651875 Papa: We should replace Charlie with Delta
ChatterBot November reevaluating
ChatterBot Oscar reevaluating
ChatterBot Romeo reevaluating
2024-10-14 14:18:54.669713 November: No
2024-10-14 14:18:54.669969 Oscar: No
2024-10-14 14:18:54.670140 Romeo: No
2024-10-14 14:18:54.670362 Mike: Yes
2024-10-14 14:18:54.670670 Tango: Yes
ChatterBot Oscar reevaluating
ChatterBot Romeo reevaluating
ChatterBot Papa reevaluating
ChatterBot November reevaluating
ChatterBot Romeo reevaluating
ChatterBot Papa reevaluating
ChatterBot November reevaluating
ChatterBot Oscar reevaluating
ChatterBot Papa reevaluating
ChatterBot November reevaluating
ChatterBot Oscar reevaluating
ChatterBot Romeo reevaluating
ChatterBot Papa reevaluating
ChatterBot November reevaluating
ChatterBot Oscar reevaluating
ChatterBot Romeo reevaluating
ChatterBot Papa reevaluating
2024-10-14 14:18:54.808084 Sierra: Charlie, sending you 4
2024-10-14 14:18:54.809200 Mike: Oscar and November, sending you 4
2024-10-14 14:18:54.824501 Yankee: Delta and Charlie, sending you 4
2024-10-14 14:18:54.825355 Tango: Papa, Mike, November and Romeo, sending you 2
2024-10-14 14:18:54.826712 Sierra: Yankee, sending you 3
2024-10-14 14:18:54.827814 Mike: Delta, sending you 1
2024-10-14 14:18:54.828478 Oscar: Delta we want you to join our group
ChatterBot Delta reevaluating
2024-10-14 14:18:54.833039 Delta: No
ChatterBot Papa reevaluating
ChatterBot Oscar reevaluating
ChatterBot November reevaluating
2024-10-14 14:18:54.854657 Yankee: Tango, sending you 1
2024-10-14 14:18:54.855630 Tango: Oscar, sending you 4
2024-10-14 14:18:54.856164 Mike: Romeo, sending you 2
2024-10-14 14:18:54.862562 Yankee: Sierra, sending you 3
2024-10-14 14:18:54.863514 Tango: Delta, sending you 1
2024-10-14 14:18:54.908923 November: Papa, Mike and Oscar, sending you 3
2024-10-14 14:18:54.910601 Oscar: Papa and Tango, sending you 4
2024-10-14 14:18:54.912145 Papa: Mike, Oscar, Tango, Yankee and Romeo, sending you 2
2024-10-14 14:18:54.918182 November: Tango and Romeo, sending you 2
2024-10-14 14:18:54.919823 Oscar: Mike, November and Romeo, sending you 3
2024-10-14 14:18:54.920603 Papa: November, sending you 3
chatterbot Sierra submitting transactions
chatterbot Romeo submitting transactions
chatterbot Mike submitting transactions
chatterbot Tango submitting transactions
chatterbot November submitting transactions
chatterbot Oscar submitting transactions
chatterbot Yankee submitting transactions
chatterbot Delta submitting transactions
chatterbot Papa submitting transactions
ChatterBot Papa round 7
ChatterBot Mike round 7
ChatterBot Oscar round 7
ChatterBot Delta round 7
ChatterBot Tango round 7
ChatterBot Sierra round 7
ChatterBot Charlie round 7
2024-10-14 14:18:56.015552 Papa: We should replace Yankee with Delta
ChatterBot November reevaluating
ChatterBot Oscar reevaluating
2024-10-14 14:18:56.030719 November: Yes
2024-10-14 14:18:56.030892 Oscar: Yes
2024-10-14 14:18:56.031025 Romeo: No
2024-10-14 14:18:56.031161 Mike: Yes
2024-10-14 14:18:56.031288 Tango: Yes
ChatterBot Oscar reevaluating
ChatterBot November reevaluating
ChatterBot November reevaluating
ChatterBot Oscar reevaluating
ChatterBot Papa reevaluating
ChatterBot November reevaluating
ChatterBot Oscar reevaluating
ChatterBot Papa reevaluating
ChatterBot November reevaluating
ChatterBot Oscar reevaluating
ChatterBot Papa reevaluating
ChatterBot November round 7
