ChatterBot Uniform round 1
ChatterBot Papa round 1
ChatterBot November round 1
ChatterBot Lima round 1
ChatterBot Whiskey round 1
ChatterBot Oscar round 1
ChatterBot Alpha round 1
ChatterBot Charlie round 1
ChatterBot X-ray round 1
ChatterBot Sierra round 1
randomSelections Lima: {Lima, November, Whiskey, Charlie, Uniform, Oscar} 
2024-10-14 14:18:42.042520 Lima: Can we be friends?
ChatterBot November reevaluating
ChatterBot Whiskey reevaluating
ChatterBot Charlie reevaluating
ChatterBot Uniform reevaluating
ChatterBot Oscar reevaluating
2024-10-14 14:18:42.086152 November: Yes
2024-10-14 14:18:42.086347 Whiskey: Yes
2024-10-14 14:18:42.086728 Charlie: Yes
2024-10-14 14:18:42.087023 Uniform: Yes
2024-10-14 14:18:42.087926 Oscar: Yes
ChatterBot Whiskey reevaluating
ChatterBot Charlie reevaluating
ChatterBot Uniform reevaluating
ChatterBot Oscar reevaluating
ChatterBot November reevaluating
ChatterBot Charlie reevaluating
ChatterBot Uniform reevaluating
ChatterBot Oscar reevaluating
ChatterBot November reevaluating
ChatterBot Whiskey reevaluating
ChatterBot Uniform reevaluating
ChatterBot Oscar reevaluating
ChatterBot November reevaluating
ChatterBot Whiskey reevaluating
ChatterBot Charlie reevaluating
ChatterBot Oscar reevaluating
ChatterBot November reevaluating
ChatterBot Whiskey reevaluating
ChatterBot Charlie reevaluating
ChatterBot Uniform reevaluating
randomSelections Alpha: {Alpha, Oscar, Lima, Uniform, Whiskey, Charlie} 
2024-10-14 14:18:42.138088 Alpha: We should group up
ChatterBot Oscar reevaluating
ChatterBot Uniform reevaluating
ChatterBot Whiskey reevaluating
ChatterBot Charlie reevaluating
2024-10-14 14:18:42.148188 Oscar: No
2024-10-14 14:18:42.149705 Lima: No
2024-10-14 14:18:42.150110 Uniform: No
2024-10-14 14:18:42.150401 Whiskey: No
2024-10-14 14:18:42.150653 Charlie: No
ChatterBot Uniform reevaluating
ChatterBot Whiskey reevaluating
ChatterBot Charlie reevaluating
ChatterBot Oscar reevaluating
ChatterBot Uniform reevaluating
ChatterBot Whiskey reevaluating
ChatterBot Charlie reevaluating
ChatterBot Oscar reevaluating
ChatterBot Whiskey reevaluating
ChatterBot Charlie reevaluating
ChatterBot Oscar reevaluating
ChatterBot Uniform reevaluating
ChatterBot Charlie reevaluating
ChatterBot Oscar reevaluating
ChatterBot Uniform reevaluating
ChatterBot Whiskey reevaluating
randomSelections Papa: {Papa, November, Lima, Whiskey, X-ray, Alpha} 
2024-10-14 14:18:42.195781 Papa: Let's form a team
ChatterBot November reevaluating
ChatterBot Whiskey reevaluating
ChatterBot X-ray reevaluating
2024-10-14 14:18:42.205442 November: No
2024-10-14 14:18:42.205682 Lima: No
2024-10-14 14:18:42.205789 Whiskey: No
2024-10-14 14:18:42.205893 X-ray: Yes
2024-10-14 14:18:42.205996 Alpha: No
ChatterBot Whiskey reevaluating
ChatterBot X-ray reevaluating
ChatterBot November reevaluating
ChatterBot Whiskey reevaluating
ChatterBot X-ray reevaluating
ChatterBot November reevaluating
ChatterBot X-ray reevaluating
ChatterBot November reevaluating
ChatterBot Whiskey reevaluating
ChatterBot November reevaluating
ChatterBot Whiskey reevaluating
ChatterBot X-ray reevaluating
randomSelections Sierra: {Sierra, Oscar, Alpha, Uniform, Charlie, November} 
2024-10-14 14:18:42.250115 Sierra: Friends?
ChatterBot Oscar reevaluating
ChatterBot Uniform reevaluating
ChatterBot Charlie reevaluating
ChatterBot November reevaluating
2024-10-14 14:18:42.261780 Oscar: No
2024-10-14 14:18:42.261983 Alpha: No
2024-10-14 14:18:42.262253 Uniform: No
2024-10-14 14:18:42.262934 Charlie: No
2024-10-14 14:18:42.263091 November: No
ChatterBot Uniform reevaluating
ChatterBot Charlie reevaluating
ChatterBot November reevaluating
ChatterBot Oscar reevaluating
ChatterBot Uniform reevaluating
ChatterBot Charlie reevaluating
ChatterBot November reevaluating
ChatterBot Oscar reevaluating
ChatterBot Charlie reevaluating
ChatterBot November reevaluating
ChatterBot Oscar reevaluating
ChatterBot Uniform reevaluating
ChatterBot November reevaluating
ChatterBot Oscar reevaluating
ChatterBot Uniform reevaluating
ChatterBot Charlie reevaluating
2024-10-14 14:18:42.329692 Papa: November and Whiskey, sending you 2
2024-10-14 14:18:42.330700 Lima: Uniform, Whiskey and Charlie, sending you 2
chatterbot Lima submitting transactions
2024-10-14 14:18:42.335032 Sierra: November, sending you 4
2024-10-14 14:18:42.335397 Papa: Lima, sending you 6
2024-10-14 14:18:42.335758 Lima: November and Oscar, sending you 3
2024-10-14 14:18:42.336730 Whiskey: Uniform, sending you 4
2024-10-14 14:18:42.337685 Sierra: Oscar, sending you 1
2024-10-14 14:18:42.339665 Papa: Alpha and X-ray, sending you 3
2024-10-14 14:18:42.340469 X-ray: November, sending you 2
2024-10-14 14:18:42.340812 Alpha: Uniform and Oscar, sending you 4
2024-10-14 14:18:42.341188 Charlie: Uniform, sending you 5
2024-10-14 14:18:42.341915 Sierra: Alpha, sending you 2
2024-10-14 14:18:42.342265 Whiskey: November, sending you 3
2024-10-14 14:18:42.343650 X-ray: Whiskey, sending you 1
2024-10-14 14:18:42.344688 November: Whiskey, sending you 1
2024-10-14 14:18:42.345302 Sierra: Charlie, sending you 5
2024-10-14 14:18:42.345549 Uniform: November, sending you 4
2024-10-14 14:18:42.345844 Alpha: Lima, sending you 3
2024-10-14 14:18:42.346095 Charlie: November and Oscar, sending you 1
2024-10-14 14:18:42.346345 Whiskey: Lima, Oscar and Charlie, sending you 2
2024-10-14 14:18:42.347689 Oscar: November and Whiskey, sending you 2
2024-10-14 14:18:42.347993 November: Oscar, sending you 4
2024-10-14 14:18:42.349664 Alpha: Whiskey, sending you 2
2024-10-14 14:18:42.350977 Uniform: Lima, sending you 2
2024-10-14 14:18:42.351367 Charlie: Lima, sending you 3
2024-10-14 14:18:42.351696 Oscar: Lima, sending you 3
2024-10-14 14:18:42.355669 Uniform: Whiskey and Oscar, sending you 3
2024-10-14 14:18:42.355962 Charlie: Whiskey, sending you 2
2024-10-14 14:18:42.356221 Oscar: Charlie, sending you 1
2024-10-14 14:18:42.360703 Uniform: Charlie, sending you 5
chatterbot Papa submitting transactions
chatterbot Whiskey submitting transactions
chatterbot Alpha submitting transactions
chatterbot Uniform submitting transactions
chatterbot Oscar submitting transactions
chatterbot November submitting transactions
chatterbot X-ray submitting transactions
chatterbot Sierra submitting transactions
chatterbot Charlie submitting transactions
ChatterBot Uniform round 2
ChatterBot Papa round 2
ChatterBot November round 2
ChatterBot Lima round 2
ChatterBot Whiskey round 2
ChatterBot Oscar round 2
ChatterBot Alpha round 2
ChatterBot Charlie round 2
2024-10-14 14:18:45.026147 Uniform: We should add Papa and Alpha
ChatterBot Lima reevaluating
ChatterBot November reevaluating
ChatterBot Whiskey reevaluating
ChatterBot Charlie reevaluating
ChatterBot Oscar reevaluating
2024-10-14 14:18:45.052990 Lima: Yes
2024-10-14 14:18:45.053121 November: No
2024-10-14 14:18:45.053234 Whiskey: Yes
2024-10-14 14:18:45.053340 Charlie: No
2024-10-14 14:18:45.053441 Oscar: Yes
ChatterBot November reevaluating
ChatterBot Whiskey reevaluating
ChatterBot Charlie reevaluating
ChatterBot Uniform reevaluating
ChatterBot Oscar reevaluating
ChatterBot Lima reevaluating
ChatterBot Whiskey reevaluating
ChatterBot Charlie reevaluating
ChatterBot Uniform reevaluating
ChatterBot Oscar reevaluating
ChatterBot Lima reevaluating
ChatterBot November reevaluating
ChatterBot Charlie reevaluating
ChatterBot Uniform reevaluating
ChatterBot Oscar reevaluating
ChatterBot Lima reevaluating
ChatterBot November reevaluating
ChatterBot Whiskey reevaluating
ChatterBot Uniform reevaluating
ChatterBot Oscar reevaluating
ChatterBot Lima reevaluating
ChatterBot November reevaluating
ChatterBot Whiskey reevaluating
ChatterBot Charlie reevaluating
ChatterBot Uniform reevaluating
2024-10-14 14:18:45.192765 Papa: Group up?
ChatterBot Alpha reevaluating
ChatterBot X-ray reevaluating
2024-10-14 14:18:45.209278 Alpha: No
2024-10-14 14:18:45.209456 X-ray: No
ChatterBot Papa reevaluating
ChatterBot X-ray reevaluating
ChatterBot Papa reevaluating
ChatterBot Alpha reevaluating
2024-10-14 14:18:45.237340 X-ray: We should group up
ChatterBot Papa reevaluating
2024-10-14 14:18:45.243346 Papa: Yes
ChatterBot X-ray reevaluating
ChatterBot X-ray round 2
ChatterBot Sierra round 2
2024-10-14 14:18:45.286423 Uniform: We should replace November with Alpha
ChatterBot Lima reevaluating
ChatterBot Whiskey reevaluating
ChatterBot Oscar reevaluating
ChatterBot Charlie reevaluating
2024-10-14 14:18:45.308098 Lima: No
2024-10-14 14:18:45.308273 Whiskey: No
2024-10-14 14:18:45.308397 Oscar: No
2024-10-14 14:18:45.309506 Charlie: Yes
ChatterBot Uniform reevaluating
ChatterBot Whiskey reevaluating
ChatterBot Oscar reevaluating
ChatterBot Charlie reevaluating
ChatterBot Uniform reevaluating
ChatterBot Lima reevaluating
ChatterBot Oscar reevaluating
ChatterBot Charlie reevaluating
ChatterBot Uniform reevaluating
ChatterBot Lima reevaluating
ChatterBot Whiskey reevaluating
ChatterBot Charlie reevaluating
ChatterBot Uniform reevaluating
ChatterBot Lima reevaluating
ChatterBot Whiskey reevaluating
ChatterBot Oscar reevaluating
2024-10-14 14:18:45.456485 Sierra: We should group up
ChatterBot Papa reevaluating
ChatterBot Uniform reevaluating
ChatterBot Lima reevaluating
ChatterBot Whiskey reevaluating
2024-10-14 14:18:45.495329 November: Yes
2024-10-14 14:18:45.495509 Papa: Yes
2024-10-14 14:18:45.495646 Alpha: No
2024-10-14 14:18:45.496167 Uniform: No
2024-10-14 14:18:45.496266 Lima: No
2024-10-14 14:18:45.496353 Whiskey: No
2024-10-14 14:18:45.496440 Oscar: Yes
2024-10-14 14:18:45.496538 Charlie: No
ChatterBot Papa reevaluating
ChatterBot Alpha reevaluating
ChatterBot Uniform reevaluating
ChatterBot Lima reevaluating
ChatterBot Whiskey reevaluating
ChatterBot Alpha reevaluating
ChatterBot Uniform reevaluating
ChatterBot Lima reevaluating
ChatterBot Whiskey reevaluating
ChatterBot Charlie reevaluating
ChatterBot Papa reevaluating
ChatterBot Uniform reevaluating
ChatterBot Lima reevaluating
ChatterBot Whiskey reevaluating
ChatterBot Charlie reevaluating
ChatterBot Papa reevaluating
ChatterBot Alpha reevaluating
ChatterBot Lima reevaluating
ChatterBot Whiskey reevaluating
ChatterBot Charlie reevaluating
2024-10-14 14:18:45.663694 Papa: We would work well together
ChatterBot Papa reevaluating
ChatterBot Alpha reevaluating
ChatterBot Uniform reevaluating
ChatterBot Whiskey reevaluating
ChatterBot Charlie reevaluating
ChatterBot Papa reevaluating
ChatterBot Alpha reevaluating
ChatterBot Uniform reevaluating
ChatterBot Lima reevaluating
ChatterBot Charlie reevaluating
ChatterBot Papa reevaluating
ChatterBot Alpha reevaluating
ChatterBot Uniform reevaluating
ChatterBot Lima reevaluating
ChatterBot Whiskey reevaluating
ChatterBot Charlie reevaluating
ChatterBot Papa reevaluating
ChatterBot Alpha reevaluating
ChatterBot Uniform reevaluating
ChatterBot Lima reevaluating
ChatterBot Whiskey reevaluating
ChatterBot Alpha reevaluating
ChatterBot Uniform reevaluating
ChatterBot Lima reevaluating
ChatterBot Whiskey reevaluating
ChatterBot Charlie reevaluating
2024-10-14 14:18:45.959109 November: Yes
2024-10-14 14:18:45.959259 Sierra: Yes
2024-10-14 14:18:45.959899 Alpha: No
2024-10-14 14:18:45.960151 Uniform: No
2024-10-14 14:18:45.960429 Lima: No
2024-10-14 14:18:45.960539 Whiskey: No
2024-10-14 14:18:45.960658 Oscar: Yes
2024-10-14 14:18:45.961313 Charlie: No
ChatterBot Papa reevaluating
ChatterBot Alpha reevaluating
ChatterBot Uniform reevaluating
ChatterBot Lima reevaluating
ChatterBot Whiskey reevaluating
ChatterBot Charlie reevaluating
ChatterBot Papa reevaluating
ChatterBot Alpha reevaluating
ChatterBot Uniform reevaluating
ChatterBot Lima reevaluating
ChatterBot Whiskey reevaluating
ChatterBot Charlie reevaluating
ChatterBot Papa reevaluating
ChatterBot Uniform reevaluating
ChatterBot Lima reevaluating
ChatterBot Whiskey reevaluating
ChatterBot Charlie reevaluating
ChatterBot Papa reevaluating
ChatterBot Alpha reevaluating
ChatterBot Lima reevaluating
ChatterBot Whiskey reevaluating
ChatterBot Charlie reevaluating
ChatterBot Papa reevaluating
ChatterBot Alpha reevaluating
ChatterBot Uniform reevaluating
ChatterBot Whiskey reevaluating
ChatterBot Charlie reevaluating
ChatterBot Papa reevaluating
ChatterBot Alpha reevaluating
ChatterBot Uniform reevaluating
ChatterBot Lima reevaluating
ChatterBot Charlie reevaluating
ChatterBot Papa reevaluating
ChatterBot Alpha reevaluating
ChatterBot Uniform reevaluating
ChatterBot Lima reevaluating
ChatterBot Whiskey reevaluating
ChatterBot Charlie reevaluating
ChatterBot Papa reevaluating
ChatterBot Alpha reevaluating
ChatterBot Uniform reevaluating
ChatterBot Lima reevaluating
ChatterBot Whiskey reevaluating
2024-10-14 14:18:46.351471 Uniform: Papa and Alpha we want you to join our group
2024-10-14 14:18:46.362328 Papa: Yes
2024-10-14 14:18:46.362553 Alpha: No
ChatterBot Uniform reevaluating
ChatterBot Uniform reevaluating
ChatterBot Whiskey reevaluating
2024-10-14 14:18:46.433980 November: Uniform and Sierra, sending you 3
2024-10-14 14:18:46.437961 X-ray: Papa, sending you 8
2024-10-14 14:18:46.438188 November: Papa, Lima, Whiskey and Oscar, sending you 2
2024-10-14 14:18:46.438594 Alpha: Papa, sending you 7
2024-10-14 14:18:46.439308 Sierra: Uniform, Papa, November, Lima, Whiskey and Alpha, sending you 2
2024-10-14 14:18:46.439823 Papa: Uniform, November, Lima, Whiskey, Oscar, Alpha, Charlie and Sierra, sending you 2
2024-10-14 14:18:46.440759 Oscar: Uniform, November, Lima, Whiskey, Charlie and Sierra, sending you 1
2024-10-14 14:18:46.441178 Charlie: Uniform, Lima, Whiskey, Oscar and Sierra, sending you 2
2024-10-14 14:18:46.442089 X-ray: Alpha, sending you 6
2024-10-14 14:18:46.444067 November: Alpha and Charlie, sending you 1
2024-10-14 14:18:46.444616 Alpha: Sierra, sending you 6
2024-10-14 14:18:46.445282 Lima: Uniform and Whiskey, sending you 1
2024-10-14 14:18:49.880062 Oscar: Alpha, sending you 2
2024-10-14 14:18:49.880787 Charlie: Papa and Alpha, sending you 1
2024-10-14 14:18:49.882127 Lima: Papa, sending you 4
chatterbot X-ray submitting transactions
chatterbot November submitting transactions
chatterbot Sierra submitting transactions
chatterbot Oscar submitting transactions
2024-10-14 14:18:49.886846 Uniform: Papa, November, Lima and Oscar, sending you 2
2024-10-14 14:18:49.887328 Whiskey: Uniform, Papa, Lima, Oscar, Alpha and Charlie, sending you 2
2024-10-14 14:18:49.888747 Lima: Oscar, Alpha and Charlie, sending you 2
2024-10-14 14:18:49.892349 Uniform: Whiskey, Alpha and Charlie, sending you 3
2024-10-14 14:18:49.893128 Whiskey: Sierra, sending you 1
chatterbot Lima submitting transactions
chatterbot Whiskey submitting transactions
chatterbot Alpha submitting transactions
chatterbot Uniform submitting transactions
chatterbot Charlie submitting transactions
chatterbot Papa submitting transactions
ChatterBot Uniform round 3
ChatterBot Papa round 3
ChatterBot November round 3
ChatterBot Lima round 3
2024-10-14 14:18:50.734190 November: We should add X-ray
ChatterBot Papa reevaluating
ChatterBot Alpha reevaluating
ChatterBot Uniform reevaluating
ChatterBot Lima reevaluating
ChatterBot Whiskey reevaluating
ChatterBot Charlie reevaluating
2024-10-14 14:18:50.781566 Sierra: Yes
2024-10-14 14:18:50.781753 Papa: Yes
2024-10-14 14:18:50.781881 Alpha: Yes
2024-10-14 14:18:50.782005 Uniform: Yes
2024-10-14 14:18:50.782146 Lima: Yes
2024-10-14 14:18:50.782309 Whiskey: Yes
2024-10-14 14:18:50.782976 Oscar: Yes
2024-10-14 14:18:50.783090 Charlie: Yes
ChatterBot Papa reevaluating
ChatterBot Alpha reevaluating
ChatterBot Uniform reevaluating
ChatterBot Lima reevaluating
ChatterBot Whiskey reevaluating
ChatterBot Charlie reevaluating
ChatterBot Alpha reevaluating
ChatterBot Uniform reevaluating
ChatterBot Lima reevaluating
ChatterBot Whiskey reevaluating
ChatterBot Charlie reevaluating
ChatterBot Papa reevaluating
ChatterBot Uniform reevaluating
ChatterBot Lima reevaluating
ChatterBot Whiskey reevaluating
ChatterBot Charlie reevaluating
ChatterBot Papa reevaluating
ChatterBot Alpha reevaluating
ChatterBot Lima reevaluating
ChatterBot Whiskey reevaluating
ChatterBot Charlie reevaluating
ChatterBot Papa reevaluating
ChatterBot Alpha reevaluating
ChatterBot Uniform reevaluating
ChatterBot Whiskey reevaluating
ChatterBot Charlie reevaluating
ChatterBot Papa reevaluating
ChatterBot Alpha reevaluating
ChatterBot Uniform reevaluating
ChatterBot Lima reevaluating
ChatterBot Charlie reevaluating
ChatterBot Papa reevaluating
ChatterBot Alpha reevaluating
ChatterBot Uniform reevaluating
ChatterBot Lima reevaluating
ChatterBot Whiskey reevaluating
ChatterBot Charlie reevaluating
ChatterBot Papa reevaluating
ChatterBot Alpha reevaluating
ChatterBot Uniform reevaluating
ChatterBot Lima reevaluating
ChatterBot Whiskey reevaluating
2024-10-14 14:18:51.115959 Charlie: We should add November
2024-10-14 14:18:51.116393 Uniform: We should add X-ray and Sierra
ChatterBot Papa reevaluating
ChatterBot Alpha reevaluating
ChatterBot Uniform reevaluating
ChatterBot Lima reevaluating
ChatterBot Whiskey reevaluating
2024-10-14 14:18:51.147670 Papa: Yes
2024-10-14 14:18:51.148428 Alpha: Yes
2024-10-14 14:18:51.148538 Uniform: Yes
2024-10-14 14:18:51.148650 Lima: Yes
2024-10-14 14:18:51.148749 Whiskey: Yes
2024-10-14 14:18:51.148840 Oscar: Yes
2024-10-14 14:18:51.148932 Sierra: Yes
ChatterBot Papa reevaluating
ChatterBot Alpha reevaluating
ChatterBot Lima reevaluating
ChatterBot Whiskey reevaluating
ChatterBot Charlie reevaluating
2024-10-14 14:18:51.180571 Papa: Yes
2024-10-14 14:18:51.180722 Alpha: Yes
2024-10-14 14:18:51.180841 Lima: Yes
2024-10-14 14:18:51.180968 Whiskey: No
2024-10-14 14:18:51.181555 Oscar: Yes
2024-10-14 14:18:51.181659 Charlie: Yes
2024-10-14 14:18:51.181758 November: Yes
ChatterBot Charlie reevaluating
ChatterBot Alpha reevaluating
ChatterBot Uniform reevaluating
ChatterBot Lima reevaluating
ChatterBot Whiskey reevaluating
ChatterBot Charlie reevaluating
ChatterBot Papa reevaluating
ChatterBot Uniform reevaluating
ChatterBot Lima reevaluating
ChatterBot Whiskey reevaluating
ChatterBot Charlie reevaluating
ChatterBot Papa reevaluating
ChatterBot Alpha reevaluating
ChatterBot Lima reevaluating
ChatterBot Whiskey reevaluating
ChatterBot Charlie reevaluating
ChatterBot Papa reevaluating
ChatterBot Alpha reevaluating
ChatterBot Uniform reevaluating
ChatterBot Whiskey reevaluating
ChatterBot Charlie reevaluating
ChatterBot Papa reevaluating
ChatterBot Alpha reevaluating
ChatterBot Uniform reevaluating
ChatterBot Lima reevaluating
ChatterBot Charlie reevaluating
ChatterBot Papa reevaluating
ChatterBot Alpha reevaluating
ChatterBot Uniform reevaluating
ChatterBot Lima reevaluating
ChatterBot Whiskey reevaluating
ChatterBot Charlie reevaluating
ChatterBot Papa reevaluating
ChatterBot Alpha reevaluating
ChatterBot Uniform reevaluating
ChatterBot Lima reevaluating
ChatterBot Whiskey reevaluating
ChatterBot Charlie reevaluating
ChatterBot Alpha reevaluating
ChatterBot Uniform reevaluating
ChatterBot Lima reevaluating
ChatterBot Whiskey reevaluating
ChatterBot Charlie reevaluating
ChatterBot Papa reevaluating
ChatterBot Uniform reevaluating
ChatterBot Lima reevaluating
ChatterBot Whiskey reevaluating
ChatterBot Charlie reevaluating
ChatterBot Papa reevaluating
ChatterBot Alpha reevaluating
ChatterBot Uniform reevaluating
ChatterBot Whiskey reevaluating
ChatterBot Charlie reevaluating
ChatterBot Papa reevaluating
ChatterBot Alpha reevaluating
ChatterBot Uniform reevaluating
ChatterBot Lima reevaluating
ChatterBot Charlie reevaluating
ChatterBot Papa reevaluating
ChatterBot Alpha reevaluating
ChatterBot Uniform reevaluating
ChatterBot Lima reevaluating
ChatterBot Whiskey reevaluating
ChatterBot Papa reevaluating
ChatterBot Alpha reevaluating
ChatterBot Uniform reevaluating
ChatterBot Lima reevaluating
ChatterBot Whiskey reevaluating
ChatterBot Charlie reevaluating
ChatterBot Papa reevaluating
ChatterBot Alpha reevaluating
ChatterBot Uniform reevaluating
ChatterBot Lima reevaluating
ChatterBot Whiskey reevaluating
ChatterBot Whiskey round 3
ChatterBot Oscar round 3
ChatterBot Alpha round 3
ChatterBot Charlie round 3
ChatterBot X-ray round 3
ChatterBot Sierra round 3
2024-10-14 14:18:51.707921 November: X-ray we want you to join our group
ChatterBot X-ray reevaluating
2024-10-14 14:18:51.712158 X-ray: Yes
ChatterBot Uniform reevaluating
ChatterBot Lima reevaluating
ChatterBot Whiskey reevaluating
ChatterBot Oscar reevaluating
ChatterBot Charlie reevaluating
ChatterBot Papa reevaluating
ChatterBot Alpha reevaluating
ChatterBot Sierra reevaluating
2024-10-14 14:18:51.741143 X-ray: We would work well together
2024-10-14 14:18:51.741450 Oscar: We should add X-ray
2024-10-14 14:18:51.741711 Sierra: We should add X-ray
ChatterBot Uniform reevaluating
ChatterBot Lima reevaluating
ChatterBot Whiskey reevaluating
ChatterBot Oscar reevaluating
ChatterBot Charlie reevaluating
ChatterBot Papa reevaluating
ChatterBot Alpha reevaluating
ChatterBot Sierra reevaluating
2024-10-14 14:18:51.772572 November: Yes
2024-10-14 14:18:51.772718 Uniform: Yes
2024-10-14 14:18:51.772922 Lima: Yes
2024-10-14 14:18:51.773033 Whiskey: No
2024-10-14 14:18:51.773154 Oscar: Yes
2024-10-14 14:18:51.773264 Charlie: Yes
2024-10-14 14:18:51.773913 Papa: Yes
2024-10-14 14:18:51.774036 Alpha: Yes
2024-10-14 14:18:51.774150 Sierra: Yes
ChatterBot Sierra reevaluating
ChatterBot Papa reevaluating
ChatterBot Alpha reevaluating
ChatterBot Uniform reevaluating
ChatterBot Lima reevaluating
ChatterBot Whiskey reevaluating
ChatterBot Charlie reevaluating
2024-10-14 14:18:51.800768 November: Yes
2024-10-14 14:18:51.803845 Sierra: Yes
2024-10-14 14:18:51.804037 Papa: Yes
ChatterBot Papa reevaluating
2024-10-14 14:18:51.807116 Alpha: Yes
ChatterBot Alpha reevaluating
2024-10-14 14:18:51.810642 Uniform: Yes
ChatterBot Uniform reevaluating
2024-10-14 14:18:51.814129 Lima: Yes
ChatterBot Lima reevaluating
2024-10-14 14:18:51.817363 Whiskey: Yes
ChatterBot Whiskey reevaluating
ChatterBot Oscar reevaluating
2024-10-14 14:18:51.823833 Charlie: Yes
ChatterBot Charlie reevaluating
ChatterBot X-ray reevaluating
2024-10-14 14:18:51.830181 November: Yes
ChatterBot Sierra reevaluating
2024-10-14 14:18:51.834695 Papa: Yes
ChatterBot Papa reevaluating
2024-10-14 14:18:51.840295 Alpha: Yes
ChatterBot Alpha reevaluating
2024-10-14 14:18:51.845668 Uniform: Yes
ChatterBot Uniform reevaluating
2024-10-14 14:18:51.850626 Lima: Yes
ChatterBot Lima reevaluating
2024-10-14 14:18:51.855556 Whiskey: Yes
ChatterBot Whiskey reevaluating
2024-10-14 14:18:51.860533 Oscar: Yes
ChatterBot Oscar reevaluating
2024-10-14 14:18:51.865908 Charlie: Yes
ChatterBot Charlie reevaluating
ChatterBot X-ray reevaluating
ChatterBot Sierra reevaluating
ChatterBot Papa reevaluating
ChatterBot Alpha reevaluating
ChatterBot Lima reevaluating
ChatterBot Whiskey reevaluating
ChatterBot Oscar reevaluating
ChatterBot Charlie reevaluating
ChatterBot X-ray reevaluating
ChatterBot Sierra reevaluating
ChatterBot Papa reevaluating
ChatterBot Alpha reevaluating
ChatterBot Uniform reevaluating
ChatterBot Whiskey reevaluating
ChatterBot Oscar reevaluating
ChatterBot Charlie reevaluating
ChatterBot X-ray reevaluating
ChatterBot Sierra reevaluating
ChatterBot Papa reevaluating
ChatterBot Alpha reevaluating
ChatterBot Uniform reevaluating
ChatterBot Lima reevaluating
ChatterBot Oscar reevaluating
ChatterBot Charlie reevaluating
ChatterBot X-ray reevaluating
ChatterBot Sierra reevaluating
ChatterBot Papa reevaluating
ChatterBot Alpha reevaluating
ChatterBot Uniform reevaluating
ChatterBot Lima reevaluating
ChatterBot Whiskey reevaluating
ChatterBot Charlie reevaluating
ChatterBot X-ray reevaluating
ChatterBot Sierra reevaluating
ChatterBot Papa reevaluating
ChatterBot Alpha reevaluating
ChatterBot Uniform reevaluating
ChatterBot Lima reevaluating
ChatterBot Whiskey reevaluating
ChatterBot Oscar reevaluating
ChatterBot X-ray reevaluating
ChatterBot Sierra reevaluating
ChatterBot Alpha reevaluating
ChatterBot Uniform reevaluating
ChatterBot Lima reevaluating
ChatterBot Whiskey reevaluating
ChatterBot Oscar reevaluating
ChatterBot Charlie reevaluating
ChatterBot X-ray reevaluating
ChatterBot Sierra reevaluating
ChatterBot Papa reevaluating
ChatterBot Uniform reevaluating
ChatterBot Lima reevaluating
ChatterBot Whiskey reevaluating
ChatterBot Oscar reevaluating
ChatterBot Charlie reevaluating
ChatterBot X-ray reevaluating
ChatterBot Papa reevaluating
ChatterBot Alpha reevaluating
ChatterBot Uniform reevaluating
ChatterBot Lima reevaluating
ChatterBot Whiskey reevaluating
ChatterBot Oscar reevaluating
ChatterBot Charlie reevaluating
ChatterBot Sierra reevaluating
ChatterBot Papa reevaluating
ChatterBot Alpha reevaluating
ChatterBot Uniform reevaluating
ChatterBot Lima reevaluating
ChatterBot Whiskey reevaluating
ChatterBot Oscar reevaluating
ChatterBot Charlie reevaluating
ChatterBot Papa reevaluating
ChatterBot Alpha reevaluating
ChatterBot Uniform reevaluating
ChatterBot Lima reevaluating
ChatterBot Whiskey reevaluating
ChatterBot Oscar reevaluating
ChatterBot Charlie reevaluating
ChatterBot Sierra reevaluating
ChatterBot Alpha reevaluating
ChatterBot Uniform reevaluating
ChatterBot Lima reevaluating
ChatterBot Whiskey reevaluating
ChatterBot Oscar reevaluating
ChatterBot Charlie reevaluating
ChatterBot Sierra reevaluating
ChatterBot Papa reevaluating
ChatterBot Uniform reevaluating
ChatterBot Lima reevaluating
ChatterBot Whiskey reevaluating
ChatterBot Oscar reevaluating
ChatterBot Charlie reevaluating
ChatterBot Sierra reevaluating
ChatterBot Papa reevaluating
ChatterBot Alpha reevaluating
ChatterBot Lima reevaluating
ChatterBot Whiskey reevaluating
ChatterBot Oscar reevaluating
ChatterBot Charlie reevaluating
ChatterBot Sierra reevaluating
ChatterBot Papa reevaluating
ChatterBot Alpha reevaluating
ChatterBot Uniform reevaluating
ChatterBot Whiskey reevaluating
ChatterBot Oscar reevaluating
ChatterBot Charlie reevaluating
ChatterBot Sierra reevaluating
ChatterBot Papa reevaluating
ChatterBot Alpha reevaluating
ChatterBot Uniform reevaluating
ChatterBot Lima reevaluating
ChatterBot Oscar reevaluating
ChatterBot Charlie reevaluating
ChatterBot Sierra reevaluating
ChatterBot Papa reevaluating
ChatterBot Alpha reevaluating
ChatterBot Uniform reevaluating
ChatterBot Lima reevaluating
ChatterBot Whiskey reevaluating
ChatterBot Oscar reevaluating
ChatterBot Sierra reevaluating
ChatterBot Papa reevaluating
ChatterBot Alpha reevaluating
ChatterBot Uniform reevaluating
ChatterBot Lima reevaluating
ChatterBot Whiskey reevaluating
ChatterBot Oscar reevaluating
ChatterBot Charlie reevaluating
ChatterBot Sierra reevaluating
ChatterBot Alpha reevaluating
ChatterBot Uniform reevaluating
ChatterBot Lima reevaluating
ChatterBot Whiskey reevaluating
ChatterBot Oscar reevaluating
ChatterBot Charlie reevaluating
ChatterBot Sierra reevaluating
ChatterBot Papa reevaluating
ChatterBot Uniform reevaluating
ChatterBot Lima reevaluating
ChatterBot Whiskey reevaluating
ChatterBot Oscar reevaluating
ChatterBot Charlie reevaluating
ChatterBot Sierra reevaluating
ChatterBot Papa reevaluating
ChatterBot Alpha reevaluating
ChatterBot Lima reevaluating
ChatterBot Whiskey reevaluating
ChatterBot Oscar reevaluating
ChatterBot Charlie reevaluating
ChatterBot Sierra reevaluating
ChatterBot Papa reevaluating
ChatterBot Alpha reevaluating
ChatterBot Uniform reevaluating
ChatterBot Whiskey reevaluating
ChatterBot Oscar reevaluating
ChatterBot Charlie reevaluating
ChatterBot Sierra reevaluating
ChatterBot Papa reevaluating
ChatterBot Alpha reevaluating
ChatterBot Uniform reevaluating
ChatterBot Lima reevaluating
ChatterBot Oscar reevaluating
ChatterBot Charlie reevaluating
ChatterBot Sierra reevaluating
ChatterBot Papa reevaluating
ChatterBot Alpha reevaluating
ChatterBot Uniform reevaluating
ChatterBot Lima reevaluating
ChatterBot Whiskey reevaluating
ChatterBot Charlie reevaluating
ChatterBot Sierra reevaluating
ChatterBot Papa reevaluating
ChatterBot Alpha reevaluating
ChatterBot Uniform reevaluating
ChatterBot Lima reevaluating
ChatterBot Whiskey reevaluating
ChatterBot Oscar reevaluating
2024-10-14 14:18:52.787282 Charlie: We should add November and X-ray
ChatterBot Whiskey reevaluating
ChatterBot Oscar reevaluating
ChatterBot Sierra reevaluating
2024-10-14 14:18:52.812912 Papa: Yes
2024-10-14 14:18:52.813034 Alpha: Yes
2024-10-14 14:18:52.813141 Uniform: Yes
2024-10-14 14:18:52.813241 Lima: Yes
2024-10-14 14:18:52.813343 Whiskey: Yes
2024-10-14 14:18:52.813426 Oscar: Yes
2024-10-14 14:18:52.813513 Sierra: Yes
ChatterBot Whiskey reevaluating
ChatterBot Oscar reevaluating
ChatterBot Sierra reevaluating
ChatterBot Whiskey reevaluating
ChatterBot Oscar reevaluating
ChatterBot Sierra reevaluating
ChatterBot Whiskey reevaluating
ChatterBot Oscar reevaluating
ChatterBot Sierra reevaluating
ChatterBot Whiskey reevaluating
ChatterBot Oscar reevaluating
ChatterBot Sierra reevaluating
ChatterBot Oscar reevaluating
ChatterBot Sierra reevaluating
ChatterBot Whiskey reevaluating
ChatterBot Sierra reevaluating
ChatterBot Whiskey reevaluating
ChatterBot Oscar reevaluating
2024-10-14 14:18:53.066863 Papa: X-ray we want you to join our group
2024-10-14 14:18:53.070846 X-ray: Yes
ChatterBot Whiskey reevaluating
ChatterBot Oscar reevaluating
ChatterBot Sierra reevaluating
2024-10-14 14:18:53.097875 Lima: X-ray we want you to join our group
2024-10-14 14:18:53.101855 X-ray: Yes
ChatterBot Whiskey reevaluating
ChatterBot Oscar reevaluating
ChatterBot Sierra reevaluating
2024-10-14 14:18:53.134549 Uniform: X-ray and Sierra we want you to join our group
ChatterBot Sierra reevaluating
2024-10-14 14:18:53.141485 X-ray: Yes
2024-10-14 14:18:53.141678 Sierra: Yes
ChatterBot Oscar reevaluating
ChatterBot Sierra reevaluating
ChatterBot Oscar reevaluating
2024-10-14 14:18:53.207778 Charlie: November and X-ray we want you to join our group
2024-10-14 14:18:53.213202 November: Yes
2024-10-14 14:18:53.213355 X-ray: Yes
ChatterBot Oscar reevaluating
ChatterBot Sierra reevaluating
ChatterBot Oscar reevaluating
ChatterBot Sierra reevaluating
2024-10-14 14:18:53.267673 Alpha: Uniform, Papa, X-ray and Sierra, sending you 2
2024-10-14 14:18:53.268878 November: Uniform and Sierra, sending you 3
2024-10-14 14:18:53.271690 Sierra: X-ray we want you to join our group
2024-10-14 14:18:53.276135 X-ray: Yes
2024-10-14 14:18:53.308329 Oscar: X-ray we want you to join our group
2024-10-14 14:18:53.310899 X-ray: Yes
2024-10-14 14:18:53.341434 Alpha: November, Lima, Whiskey, Oscar and Charlie, sending you 1
2024-10-14 14:18:53.341966 November: Papa, Lima, Whiskey and Oscar, sending you 2
2024-10-14 14:18:53.342469 Papa: Uniform, November, Whiskey, Oscar, Charlie and Sierra, sending you 1
2024-10-14 14:18:53.343299 X-ray: Uniform, November, Lima, Whiskey, Oscar and Charlie, sending you 1
2024-10-14 14:18:53.343765 Whiskey: Uniform, sending you 3
2024-10-14 14:18:53.344175 Charlie: Uniform, sending you 3
2024-10-14 14:18:53.344652 November: Charlie and X-ray, sending you 1
2024-10-14 14:18:53.346691 Whiskey: Papa, November, Lima, Oscar and Charlie, sending you 2
2024-10-14 14:18:53.347246 Lima: Uniform, November, Alpha and Sierra, sending you 1
2024-10-14 14:18:53.348354 Papa: Lima, sending you 2
2024-10-14 14:18:53.348880 X-ray: Papa, sending you 4
2024-10-14 14:18:53.349382 Uniform: Papa, November, Lima, Whiskey, Oscar, Alpha, Charlie and Sierra, sending you 2
2024-10-14 14:18:53.350359 Charlie: Papa, November, Whiskey, Oscar, Alpha, X-ray and Sierra, sending you 1
2024-10-14 14:18:53.351674 Lima: Papa, Whiskey, Oscar and Charlie, sending you 2
2024-10-14 14:18:53.352704 Papa: Alpha, sending you 3
2024-10-14 14:18:53.353249 Uniform: X-ray, sending you 1
2024-10-14 14:18:53.353991 X-ray: Alpha and Sierra, sending you 2
2024-10-14 14:18:53.355152 Charlie: Lima, sending you 2
2024-10-14 14:18:53.357009 Papa: X-ray, sending you 5
2024-10-14 14:18:53.362678 Sierra: Uniform, Papa, Lima, Whiskey, Oscar, Charlie and X-ray, sending you 1
2024-10-14 14:18:53.363680 Oscar: Uniform, Papa, November, Lima, Whiskey, Alpha, Charlie and Sierra, sending you 1
2024-10-14 14:18:53.367678 Sierra: November, sending you 2
2024-10-14 14:18:53.371661 Sierra: Alpha, sending you 3
chatterbot November submitting transactions
chatterbot Whiskey submitting transactions
chatterbot Alpha submitting transactions
chatterbot Charlie submitting transactions
chatterbot Oscar submitting transactions
chatterbot X-ray submitting transactions
chatterbot Uniform submitting transactions
chatterbot Lima submitting transactions
chatterbot Papa submitting transactions
chatterbot Sierra submitting transactions
ChatterBot Uniform round 4
ChatterBot Papa round 4
ChatterBot November round 4
ChatterBot Lima round 4
ChatterBot Whiskey round 4
ChatterBot Oscar round 4
ChatterBot Alpha round 4
ChatterBot Charlie round 4
ChatterBot X-ray round 4
ChatterBot Sierra round 4
2024-10-14 14:18:54.448844 Whiskey: We should add Alpha and Sierra
ChatterBot Uniform reevaluating
2024-10-14 14:18:54.470032 Uniform: Yes
2024-10-14 14:18:54.470226 November: Yes
2024-10-14 14:18:54.470375 Lima: Yes
2024-10-14 14:18:54.470507 Oscar: Yes
2024-10-14 14:18:54.471002 Charlie: Yes
2024-10-14 14:18:54.471127 Papa: Yes
ChatterBot Whiskey reevaluating
ChatterBot Whiskey reevaluating
ChatterBot Uniform reevaluating
ChatterBot Whiskey reevaluating
ChatterBot Uniform reevaluating
ChatterBot Whiskey reevaluating
ChatterBot Uniform reevaluating
ChatterBot Whiskey reevaluating
ChatterBot Uniform reevaluating
ChatterBot Whiskey reevaluating
ChatterBot Uniform reevaluating
2024-10-14 14:18:54.690561 X-ray: We should drop Oscar
ChatterBot Whiskey reevaluating
ChatterBot Uniform reevaluating
2024-10-14 14:18:54.720692 Whiskey: Yes
2024-10-14 14:18:54.720916 Uniform: Yes
2024-10-14 14:18:54.721040 November: No
2024-10-14 14:18:54.721157 Lima: No
2024-10-14 14:18:54.721259 Charlie: No
2024-10-14 14:18:54.721394 Papa: No
2024-10-14 14:18:54.721506 Alpha: No
2024-10-14 14:18:54.721687 Sierra: No
ChatterBot Uniform reevaluating
ChatterBot Whiskey reevaluating
ChatterBot Whiskey reevaluating
ChatterBot Uniform reevaluating
ChatterBot Whiskey reevaluating
ChatterBot Uniform reevaluating
ChatterBot Whiskey reevaluating
ChatterBot Uniform reevaluating
ChatterBot Whiskey reevaluating
ChatterBot Uniform reevaluating
ChatterBot Whiskey reevaluating
ChatterBot Uniform reevaluating
ChatterBot Whiskey reevaluating
ChatterBot Uniform reevaluating
2024-10-14 14:18:55.043319 November: Uniform and Sierra, sending you 3
2024-10-14 14:18:55.044711 Lima: Uniform, November, Oscar, Alpha, X-ray and Sierra, sending you 1
2024-10-14 14:18:55.047082 Papa: Uniform, November, Lima and Whiskey, sending you 2
2024-10-14 14:18:55.054088 Oscar: Uniform, Papa, November, Lima, Whiskey, Alpha, Charlie and Sierra, sending you 1
2024-10-14 14:18:55.056295 November: Papa, Lima, Whiskey and Oscar, sending you 2
2024-10-14 14:18:55.057256 Lima: Papa, Whiskey and Charlie, sending you 2
2024-10-14 14:18:55.059563 Papa: Alpha and X-ray, sending you 3
chatterbot Lima submitting transactions
2024-10-14 14:18:55.060923 Charlie: Uniform, sending you 3
2024-10-14 14:18:55.066075 Alpha: Uniform, Papa, X-ray and Sierra, sending you 2
2024-10-14 14:18:55.068901 Sierra: Uniform, Papa, Lima, Whiskey, Oscar, Charlie and X-ray, sending you 1
2024-10-14 14:18:55.070175 November: Charlie and X-ray, sending you 1
2024-10-14 14:18:55.075561 X-ray: Uniform, Papa, November, Lima, Alpha, Charlie and Sierra, sending you 2
2024-10-14 14:18:55.077700 Papa: Charlie and Sierra, sending you 1
2024-10-14 14:18:55.089300 Charlie: Papa, November, Whiskey, Oscar, Alpha, X-ray and Sierra, sending you 1
2024-10-14 14:18:55.093546 Alpha: November, Lima, Whiskey, Oscar and Charlie, sending you 1
2024-10-14 14:18:55.096924 Sierra: November, sending you 2
2024-10-14 14:18:55.100466 Charlie: Lima, sending you 2
2024-10-14 14:18:55.104925 Uniform: Papa, November, Lima, Whiskey, Alpha, X-ray and Sierra, sending you 2
2024-10-14 14:18:55.106926 Sierra: Alpha, sending you 3
2024-10-14 14:18:55.112276 Uniform: Charlie, sending you 3
2024-10-14 14:18:55.443047 Whiskey: Uniform, Papa, November, Lima, Charlie and Sierra, sending you 2
chatterbot X-ray submitting transactions
chatterbot Oscar submitting transactions
chatterbot Sierra submitting transactions
2024-10-14 14:18:55.457728 Whiskey: Alpha, sending you 1
chatterbot Charlie submitting transactions
chatterbot Uniform submitting transactions
chatterbot Papa submitting transactions
chatterbot Whiskey submitting transactions
chatterbot Alpha submitting transactions
chatterbot November submitting transactions
ChatterBot Uniform round 5
ChatterBot Papa round 5
ChatterBot November round 5
ChatterBot Lima round 5
ChatterBot Whiskey round 5
ChatterBot Oscar round 5
ChatterBot Alpha round 5
ChatterBot Charlie round 5
ChatterBot X-ray round 5
ChatterBot Sierra round 5
2024-10-14 14:18:56.002681 Charlie: Uniform, sending you 3
2024-10-14 14:18:56.004068 November: Uniform, sending you 3
2024-10-14 14:18:56.006118 Alpha: Uniform, Papa, X-ray and Sierra, sending you 2
2024-10-14 14:18:56.007720 Charlie: Papa, November, Whiskey, Oscar, Alpha, X-ray and Sierra, sending you 1
2024-10-14 14:18:56.009728 Whiskey: Uniform, Papa, November, Lima, Alpha and Charlie, sending you 2
2024-10-14 14:18:56.010341 November: Papa, Lima, Whiskey, Oscar and Sierra, sending you 2
2024-10-14 14:18:56.011834 Lima: Uniform, Papa, Whiskey and Charlie, sending you 2
2024-10-14 14:18:56.012817 Alpha: November, Lima, Whiskey, Oscar and Charlie, sending you 1
2024-10-14 14:18:56.014225 Whiskey: Sierra, sending you 1
2024-10-14 14:18:56.014759 Charlie: Lima, sending you 2
2024-10-14 14:18:56.016237 Uniform: Papa, November, Lima, Whiskey, Alpha, X-ray and Sierra, sending you 2
2024-10-14 14:18:56.016998 Oscar: Uniform, Papa, November, Lima, Whiskey, Alpha, Charlie and Sierra, sending you 1
2024-10-14 14:18:56.018121 Papa: Uniform, November, Lima, Whiskey and Alpha, sending you 2
2024-10-14 14:18:56.019734 November: Alpha, Charlie and X-ray, sending you 1
2024-10-14 14:18:56.021135 Lima: November, Oscar, Alpha and Sierra, sending you 1
2024-10-14 14:18:56.022246 X-ray: Uniform, Papa, November, Lima, Alpha, Charlie and Sierra, sending you 2
2024-10-14 14:18:56.023555 Uniform: Charlie, sending you 3
2024-10-14 14:18:56.024307 Papa: Oscar, Charlie and Sierra, sending you 1
2024-10-14 14:18:56.025490 Sierra: Uniform, Papa, Lima, Whiskey, Oscar, Charlie and X-ray, sending you 1
2024-10-14 14:18:56.028686 Papa: X-ray, sending you 3
2024-10-14 14:18:56.031725 Sierra: November, sending you 3
2024-10-14 14:18:56.037701 Sierra: Alpha, sending you 2
chatterbot Alpha submitting transactions
chatterbot Charlie submitting transactions
chatterbot Oscar submitting transactions
chatterbot November submitting transactions
chatterbot Sierra submitting transactions
chatterbot Lima submitting transactions
chatterbot Uniform submitting transactions
chatterbot X-ray submitting transactions
chatterbot Whiskey submitting transactions
chatterbot Papa submitting transactions
ChatterBot Uniform round 6
ChatterBot Papa round 6
ChatterBot November round 6
ChatterBot Lima round 6
ChatterBot Whiskey round 6
ChatterBot Oscar round 6
ChatterBot Alpha round 6
ChatterBot Charlie round 6
ChatterBot X-ray round 6
ChatterBot Sierra round 6
2024-10-14 14:18:57.233482 November: Uniform, Papa, Lima, Whiskey, Oscar and X-ray, sending you 2
2024-10-14 14:18:57.237036 Whiskey: Uniform, Papa, November, Lima, Alpha and Charlie, sending you 2
2024-10-14 14:18:57.239322 Uniform: Papa, November, Lima, Whiskey, Alpha, X-ray and Sierra, sending you 2
2024-10-14 14:18:57.241138 X-ray: Uniform, Papa, November, Lima, Alpha, Charlie and Sierra, sending you 2
2024-10-14 14:18:57.242970 Papa: Uniform, November, Lima, Whiskey and Alpha, sending you 2
2024-10-14 14:18:57.245272 November: Charlie, sending you 1
2024-10-14 14:18:57.247909 Whiskey: Sierra, sending you 1
2024-10-14 14:18:57.249820 Uniform: Charlie, sending you 3
