ChatterBot Delta round 1
ChatterBot Tango round 1
ChatterBot November round 1
ChatterBot Golf round 1
ChatterBot Uniform round 1
ChatterBot Oscar round 1
ChatterBot Hotel round 1
ChatterBot Foxtrot round 1
ChatterBot Quebec round 1
ChatterBot Charlie round 1
randomSelections Delta: {Delta, Uniform, Tango, Oscar, Golf, November} 
2024-10-14 19:23:28.676886 Delta: Can we be friends?
ChatterBot Uniform reevaluating
ChatterBot Tango reevaluating
ChatterBot Oscar reevaluating
ChatterBot Golf reevaluating
ChatterBot November reevaluating
2024-10-14 19:23:28.689128 Uniform: Yes
2024-10-14 19:23:28.689274 Tango: Yes
2024-10-14 19:23:28.689389 Oscar: Yes
2024-10-14 19:23:28.689486 Golf: Yes
2024-10-14 19:23:28.689608 November: Yes
ChatterBot Tango reevaluating
ChatterBot Oscar reevaluating
ChatterBot Golf reevaluating
ChatterBot November reevaluating
ChatterBot Uniform reevaluating
ChatterBot Oscar reevaluating
ChatterBot Golf reevaluating
ChatterBot November reevaluating
ChatterBot Uniform reevaluating
ChatterBot Tango reevaluating
ChatterBot Golf reevaluating
ChatterBot November reevaluating
ChatterBot Uniform reevaluating
ChatterBot Tango reevaluating
ChatterBot Oscar reevaluating
ChatterBot November reevaluating
ChatterBot Uniform reevaluating
ChatterBot Tango reevaluating
ChatterBot Oscar reevaluating
ChatterBot Golf reevaluating
randomSelections Hotel: {Hotel, Quebec, Golf, Charlie, Foxtrot, Tango} 
2024-10-14 19:23:28.740079 Hotel: We would work well together
ChatterBot Quebec reevaluating
ChatterBot Golf reevaluating
ChatterBot Charlie reevaluating
ChatterBot Foxtrot reevaluating
ChatterBot Tango reevaluating
2024-10-14 19:23:28.750130 Quebec: Yes
2024-10-14 19:23:28.750284 Golf: No
2024-10-14 19:23:28.750471 Charlie: Yes
2024-10-14 19:23:28.750593 Foxtrot: Yes
2024-10-14 19:23:28.750713 Tango: No
ChatterBot Golf reevaluating
ChatterBot Charlie reevaluating
ChatterBot Foxtrot reevaluating
ChatterBot Tango reevaluating
ChatterBot Quebec reevaluating
ChatterBot Charlie reevaluating
ChatterBot Foxtrot reevaluating
ChatterBot Tango reevaluating
ChatterBot Quebec reevaluating
ChatterBot Golf reevaluating
ChatterBot Foxtrot reevaluating
ChatterBot Tango reevaluating
ChatterBot Quebec reevaluating
ChatterBot Golf reevaluating
ChatterBot Charlie reevaluating
ChatterBot Tango reevaluating
ChatterBot Quebec reevaluating
ChatterBot Golf reevaluating
ChatterBot Charlie reevaluating
ChatterBot Foxtrot reevaluating
2024-10-14 19:23:28.809665 Delta: Tango and Golf, sending you 3
2024-10-14 19:23:28.813670 Delta: November, sending you 1
2024-10-14 19:23:28.813945 Golf: Delta, November, Uniform and Oscar, sending you 3
2024-10-14 19:23:28.814685 Hotel: Tango and Golf, sending you 4
2024-10-14 19:23:28.815823 Oscar: Delta and November, sending you 3
2024-10-14 19:23:28.818676 Delta: Uniform, sending you 6
2024-10-14 19:23:28.818927 Golf: Tango, sending you 5
2024-10-14 19:23:28.819556 Tango: Delta, Golf and Oscar, sending you 2
2024-10-14 19:23:28.819892 Hotel: Foxtrot, sending you 2
2024-10-14 19:23:28.820258 Oscar: Tango, sending you 2
2024-10-14 19:23:28.821670 Quebec: Tango and Foxtrot, sending you 3
2024-10-14 19:23:28.822707 Delta: Oscar, sending you 4
2024-10-14 19:23:28.823092 Hotel: Quebec, sending you 1
2024-10-14 19:23:28.823357 Oscar: Golf and Uniform, sending you 1
2024-10-14 19:23:28.823727 November: Delta, sending you 5
2024-10-14 19:23:28.824051 Uniform: Delta, Tango, Golf and Oscar, sending you 3
2024-10-14 19:23:28.825073 Tango: November, sending you 6
2024-10-14 19:23:28.825360 Quebec: Hotel, sending you 6
2024-10-14 19:23:28.825673 Charlie: Tango, Golf, Hotel and Foxtrot, sending you 2
2024-10-14 19:23:28.826654 Foxtrot: Tango, sending you 3
2024-10-14 19:23:28.827020 Hotel: Charlie, sending you 5
2024-10-14 19:23:28.827697 November: Tango and Oscar, sending you 3
2024-10-14 19:23:28.828108 Uniform: November, sending you 2
2024-10-14 19:23:28.828444 Quebec: Charlie, sending you 5
2024-10-14 19:23:28.829688 Tango: Uniform, sending you 3
2024-10-14 19:23:28.830070 Charlie: Quebec, sending you 6
2024-10-14 19:23:28.830928 Foxtrot: Hotel, sending you 4
2024-10-14 19:23:28.832673 November: Golf, sending you 1
2024-10-14 19:23:28.834705 Foxtrot: Quebec, sending you 2
2024-10-14 19:23:28.836662 November: Uniform, sending you 6
2024-10-14 19:23:28.837739 Foxtrot: Charlie, sending you 1
chatterbot Delta submitting transactions
chatterbot Tango submitting transactions
chatterbot November submitting transactions
chatterbot Quebec submitting transactions
chatterbot Hotel submitting transactions
chatterbot Charlie submitting transactions
chatterbot Foxtrot submitting transactions
chatterbot Oscar submitting transactions
chatterbot Uniform submitting transactions
chatterbot Golf submitting transactions
ChatterBot Delta round 2
ChatterBot Tango round 2
ChatterBot November round 2
ChatterBot Golf round 2
ChatterBot Uniform round 2
ChatterBot Oscar round 2
ChatterBot Hotel round 2
ChatterBot Foxtrot round 2
ChatterBot Quebec round 2
ChatterBot Charlie round 2
2024-10-14 19:23:30.974229 Foxtrot: We should group up
2024-10-14 19:23:30.979287 Quebec: Yes
2024-10-14 19:23:30.979986 Charlie: Yes
2024-10-14 19:23:30.989859 Charlie: We should drop Golf and Tango
2024-10-14 19:23:30.997030 Hotel: Yes
2024-10-14 19:23:30.997230 Foxtrot: Yes
2024-10-14 19:23:30.997325 Quebec: Yes
2024-10-14 19:23:31.166325 Delta: Tango, sending you 2
2024-10-14 19:23:31.398979 Delta: November, Golf, Uniform and Oscar, sending you 4
2024-10-14 19:23:31.399687 Foxtrot: Sending you each 6
2024-10-14 19:23:31.400620 Tango: Delta, November and Uniform, sending you 3
2024-10-14 19:23:31.401172 Golf: Delta and Uniform, sending you 6
2024-10-14 19:23:31.401669 November: Delta, sending you 2
2024-10-14 19:23:31.402641 Oscar: Delta, sending you 4
2024-10-14 19:23:31.403138 Charlie: Hotel, sending you 7
2024-10-14 19:23:31.403597 Uniform: Delta, sending you 5
2024-10-14 19:23:31.404866 Tango: Golf, sending you 5
2024-10-14 19:23:31.434735 Golf: Tango, sending you 4
2024-10-14 19:23:31.436229 November: Tango, sending you 5
2024-10-14 19:23:31.437987 Oscar: Tango, November, Golf and Uniform, sending you 2
2024-10-14 19:23:31.438763 Charlie: Foxtrot, sending you 1
2024-10-14 19:23:31.439446 Uniform: Tango and Golf, sending you 2
2024-10-14 19:23:31.440886 Tango: Oscar, sending you 1
2024-10-14 19:23:31.441410 Quebec: Hotel and Foxtrot, sending you 5
2024-10-14 19:23:31.441862 Hotel: Foxtrot, sending you 5
chatterbot Uniform submitting transactions
chatterbot Hotel submitting transactions
2024-10-14 19:23:31.443440 Golf: November, sending you 2
2024-10-14 19:23:31.444946 November: Golf and Oscar, sending you 4
chatterbot Golf submitting transactions
2024-10-14 19:23:31.445477 Charlie: Quebec, sending you 6
2024-10-14 19:23:31.445806 Quebec: Charlie, sending you 8
2024-10-14 19:23:31.446659 Uniform: November, sending you 4
2024-10-14 19:23:31.447025 Hotel: Quebec, sending you 8
2024-10-14 19:23:31.470725 Golf: Oscar, sending you 1
2024-10-14 19:23:31.471054 November: Uniform, sending you 3
2024-10-14 19:23:31.471318 Uniform: Oscar, sending you 1
2024-10-14 19:23:31.471604 Hotel: Charlie, sending you 3
chatterbot Delta submitting transactions
chatterbot Tango submitting transactions
chatterbot Quebec submitting transactions
chatterbot Oscar submitting transactions
chatterbot Foxtrot submitting transactions
chatterbot November submitting transactions
chatterbot Charlie submitting transactions
ChatterBot Delta round 3
ChatterBot Tango round 3
ChatterBot November round 3
ChatterBot Golf round 3
ChatterBot Uniform round 3
ChatterBot Oscar round 3
ChatterBot Hotel round 3
ChatterBot Foxtrot round 3
ChatterBot Quebec round 3
ChatterBot Charlie round 3
2024-10-14 19:23:32.788499 Foxtrot: We should replace Charlie with Hotel
2024-10-14 19:23:32.793509 Quebec: No
2024-10-14 19:23:32.810024 Foxtrot: Hotel we want you to join our group
2024-10-14 19:23:32.813768 Hotel: Yes
2024-10-14 19:23:33.031460 Hotel: Foxtrot, sending you 2
2024-10-14 19:23:33.157552 Tango: Delta, Uniform and Oscar, sending you 2
2024-10-14 19:23:33.159391 Uniform: Delta, sending you 4
2024-10-14 19:23:33.160921 Delta: Tango and November, sending you 3
2024-10-14 19:23:33.162117 November: Delta, Golf and Oscar, sending you 3
2024-10-14 19:23:33.163058 Hotel: Quebec and Charlie, sending you 7
2024-10-14 19:23:33.164223 Golf: Delta, sending you 5
2024-10-14 19:23:33.165036 Oscar: Delta, sending you 4
2024-10-14 19:23:33.166726 Quebec: Sending you each 6
2024-10-14 19:23:33.167800 Charlie: Hotel and Foxtrot, sending you 4
chatterbot Tango submitting transactions
chatterbot Uniform submitting transactions
2024-10-14 19:23:33.169672 Tango: November, sending you 4
2024-10-14 19:23:33.171377 Uniform: Tango, November and Golf, sending you 3
2024-10-14 19:23:33.172424 Delta: Golf, Uniform and Oscar, sending you 4
2024-10-14 19:23:33.173586 November: Tango, sending you 5
2024-10-14 19:23:33.175143 Golf: Tango, sending you 6
2024-10-14 19:23:33.175733 Charlie: Quebec, sending you 6
2024-10-14 19:23:33.176635 Foxtrot: Hotel, sending you 6
2024-10-14 19:23:33.176877 Oscar: Tango, sending you 1
2024-10-14 19:23:33.177297 Tango: Golf, sending you 5
2024-10-14 19:23:33.177687 Uniform: Oscar, sending you 1
2024-10-14 19:23:33.229875 Golf: November and Uniform, sending you 3
2024-10-14 19:23:33.230960 November: Uniform, sending you 4
2024-10-14 19:23:33.231452 Oscar: November, sending you 3
2024-10-14 19:23:33.232527 Foxtrot: Quebec, sending you 7
2024-10-14 19:23:33.276585 Golf: Oscar, sending you 2
2024-10-14 19:23:33.277819 Oscar: Golf and Uniform, sending you 2
chatterbot November submitting transactions
chatterbot Quebec submitting transactions
chatterbot Oscar submitting transactions
chatterbot Delta submitting transactions
chatterbot Charlie submitting transactions
chatterbot Golf submitting transactions
chatterbot Hotel submitting transactions
chatterbot Foxtrot submitting transactions
ChatterBot Delta round 4
ChatterBot Tango round 4
ChatterBot November round 4
ChatterBot Golf round 4
ChatterBot Uniform round 4
ChatterBot Oscar round 4
ChatterBot Hotel round 4
ChatterBot Foxtrot round 4
ChatterBot Quebec round 4
ChatterBot Charlie round 4
2024-10-14 19:23:33.986676 November: Delta, Golf and Oscar, sending you 3
2024-10-14 19:23:33.988656 Golf: Delta, sending you 5
2024-10-14 19:23:33.989689 Oscar: Delta, sending you 4
2024-10-14 19:23:33.990903 Tango: Delta, sending you 2
2024-10-14 19:23:33.991386 Foxtrot: Hotel, sending you 6
2024-10-14 19:23:33.991679 November: Tango, sending you 5
2024-10-14 19:23:33.992188 Golf: Tango, sending you 6
2024-10-14 19:23:33.993682 Delta: Tango, sending you 3
2024-10-14 19:23:33.994185 Uniform: Delta, sending you 5
2024-10-14 19:23:33.994797 Oscar: Tango, Golf and Uniform, sending you 2
2024-10-14 19:23:33.995125 Foxtrot: Quebec, sending you 7
2024-10-14 19:23:33.996162 Tango: November, sending you 4
2024-10-14 19:23:33.996742 Charlie: Hotel, sending you 5
2024-10-14 19:23:33.997164 November: Uniform, sending you 4
2024-10-14 19:23:33.997652 Golf: November and Uniform, sending you 3
2024-10-14 19:23:33.998645 Quebec: Same as last round
2024-10-14 19:23:33.999071 Delta: November, Golf, Uniform and Oscar, sending you 4
2024-10-14 19:23:33.999505 Oscar: November, sending you 3
2024-10-14 19:23:33.999998 Hotel: Foxtrot, sending you 4
2024-10-14 19:23:34.000269 Uniform: Tango, sending you 2
2024-10-14 19:23:34.001164 Tango: Golf, sending you 5
2024-10-14 19:23:34.001649 Charlie: Foxtrot, sending you 2
2024-10-14 19:23:34.003682 Golf: Oscar, sending you 2
2024-10-14 19:23:34.004134 Hotel: Quebec, sending you 7
2024-10-14 19:23:34.004377 Tango: Uniform, sending you 3
2024-10-14 19:23:34.005234 Uniform: November and Golf, sending you 3
2024-10-14 19:23:34.005844 Charlie: Quebec, sending you 7
2024-10-14 19:23:34.007677 Hotel: Charlie, sending you 5
2024-10-14 19:23:34.008002 Tango: Oscar, sending you 1
2024-10-14 19:23:34.009655 Uniform: Oscar, sending you 1
chatterbot Uniform submitting transactions
chatterbot Oscar submitting transactions
chatterbot Tango submitting transactions
chatterbot Golf submitting transactions
chatterbot Hotel submitting transactions
chatterbot Quebec submitting transactions
chatterbot Foxtrot submitting transactions
chatterbot November submitting transactions
chatterbot Charlie submitting transactions
chatterbot Delta submitting transactions
ChatterBot Delta round 5
ChatterBot Tango round 5
ChatterBot November round 5
ChatterBot Golf round 5
ChatterBot Uniform round 5
ChatterBot Oscar round 5
ChatterBot Hotel round 5
ChatterBot Foxtrot round 5
ChatterBot Quebec round 5
ChatterBot Charlie round 5
2024-10-14 19:23:35.751239 Uniform: Delta, sending you 4
2024-10-14 19:23:35.752463 November: Delta, Tango and Uniform, sending you 4
2024-10-14 19:23:35.753183 Tango: Delta, sending you 3
2024-10-14 19:23:35.754263 Quebec: Same as last round
2024-10-14 19:23:35.754668 Oscar: Delta, sending you 4
2024-10-14 19:23:35.755968 Delta: Tango, sending you 3
2024-10-14 19:23:35.756653 Golf: Delta, sending you 5
2024-10-14 19:23:35.757863 Uniform: Tango, November and Golf, sending you 3
2024-10-14 19:23:35.758499 November: Golf and Oscar, sending you 3
2024-10-14 19:23:35.759798 Tango: November, sending you 4
2024-10-14 19:23:35.761009 Oscar: Tango, Golf and Uniform, sending you 2
2024-10-14 19:23:35.761667 Foxtrot: Hotel, sending you 6
2024-10-14 19:23:35.762444 Delta: November, Golf, Uniform and Oscar, sending you 4
2024-10-14 19:23:35.763244 Uniform: Oscar, sending you 1
2024-10-14 19:23:35.764558 Golf: Tango, sending you 6
2024-10-14 19:23:35.765767 Tango: Golf, sending you 5
2024-10-14 19:23:35.766548 Charlie: Hotel, sending you 5
2024-10-14 19:23:35.767500 Oscar: November, sending you 3
2024-10-14 19:23:35.768952 Foxtrot: Quebec, sending you 7
2024-10-14 19:23:35.769318 Hotel: Foxtrot and Charlie, sending you 5
2024-10-14 19:23:35.769771 Golf: November and Uniform, sending you 3
2024-10-14 19:23:35.771030 Charlie: Foxtrot, sending you 2
2024-10-14 19:23:35.771495 Tango: Uniform, sending you 2
2024-10-14 19:23:35.772805 Hotel: Quebec, sending you 6
2024-10-14 19:23:35.774147 Golf: Oscar, sending you 2
2024-10-14 19:23:35.774706 Charlie: Quebec, sending you 7
2024-10-14 19:23:35.777709 Tango: Oscar, sending you 1
chatterbot Hotel submitting transactions
chatterbot Golf submitting transactions
chatterbot Uniform submitting transactions
chatterbot Quebec submitting transactions
chatterbot Tango submitting transactions
chatterbot Foxtrot submitting transactions
chatterbot November submitting transactions
chatterbot Charlie submitting transactions
chatterbot Oscar submitting transactions
chatterbot Delta submitting transactions
ChatterBot Delta round 6
ChatterBot Tango round 6
ChatterBot November round 6
ChatterBot Golf round 6
ChatterBot Uniform round 6
ChatterBot Oscar round 6
ChatterBot Hotel round 6
ChatterBot Foxtrot round 6
ChatterBot Quebec round 6
ChatterBot Charlie round 6
2024-10-14 19:23:37.096845 November: Delta, Tango and Uniform, sending you 4
2024-10-14 19:23:37.098540 Uniform: Delta, sending you 4
2024-10-14 19:23:37.101018 Foxtrot: Hotel, sending you 6
2024-10-14 19:23:37.101549 November: Golf and Oscar, sending you 3
2024-10-14 19:23:37.103044 Tango: Delta, sending you 3
2024-10-14 19:23:37.104077 Delta: Tango, sending you 3
2024-10-14 19:23:37.105625 Oscar: Delta, sending you 5
2024-10-14 19:23:37.106412 Uniform: Tango and Oscar, sending you 2
2024-10-14 19:23:37.107784 Charlie: Hotel, sending you 6
2024-10-14 19:23:37.109005 Foxtrot: Quebec, sending you 7
2024-10-14 19:23:37.109459 Golf: Delta, sending you 4
2024-10-14 19:23:37.110777 Quebec: Same as last round
2024-10-14 19:23:37.111431 Tango: November, sending you 4
2024-10-14 19:23:37.113010 Hotel: Foxtrot and Charlie, sending you 5
2024-10-14 19:23:37.114083 Delta: November, Golf, Uniform and Oscar, sending you 4
2024-10-14 19:23:37.115066 Oscar: Tango and Golf, sending you 2
2024-10-14 19:23:37.116313 Uniform: November and Golf, sending you 3
2024-10-14 19:23:37.117784 Charlie: Foxtrot, sending you 1
2024-10-14 19:23:37.118404 Golf: Tango, sending you 7
2024-10-14 19:23:37.119694 Hotel: Quebec, sending you 6
2024-10-14 19:23:37.120562 Tango: Golf, sending you 5
2024-10-14 19:23:37.121463 Oscar: November, sending you 4
2024-10-14 19:23:37.122737 Charlie: Quebec, sending you 7
2024-10-14 19:23:37.130507 Golf: November and Uniform, sending you 3
2024-10-14 19:23:37.131218 Tango: Uniform, sending you 2
2024-10-14 19:23:37.132548 Oscar: Uniform, sending you 1
2024-10-14 19:23:37.137308 Golf: Oscar, sending you 2
2024-10-14 19:23:37.138980 Tango: Oscar, sending you 1
chatterbot Oscar submitting transactions
chatterbot Golf submitting transactions
chatterbot Foxtrot submitting transactions
chatterbot Tango submitting transactions
chatterbot Hotel submitting transactions
chatterbot Uniform submitting transactions
chatterbot Delta submitting transactions
chatterbot Charlie submitting transactions
chatterbot Quebec submitting transactions
chatterbot November submitting transactions
ChatterBot Delta round 7
ChatterBot Tango round 7
ChatterBot November round 7
ChatterBot Golf round 7
ChatterBot Uniform round 7
ChatterBot Oscar round 7
ChatterBot Hotel round 7
ChatterBot Foxtrot round 7
ChatterBot Quebec round 7
ChatterBot Charlie round 7
2024-10-14 19:23:38.135663 Delta: Tango, sending you 3
2024-10-14 19:23:38.138876 Uniform: Delta and November, sending you 4
2024-10-14 19:23:38.139679 Oscar: Delta, sending you 5
2024-10-14 19:23:38.141323 Delta: November, Golf, Uniform and Oscar, sending you 4
2024-10-14 19:23:38.142644 Hotel: Foxtrot and Charlie, sending you 5
2024-10-14 19:23:38.143893 Foxtrot: Hotel, sending you 6
2024-10-14 19:23:38.144267 Uniform: Tango, sending you 2
2024-10-14 19:23:38.145143 Oscar: Tango, Golf and Uniform, sending you 2
2024-10-14 19:23:38.148757 Hotel: Quebec, sending you 6
2024-10-14 19:23:38.149138 Quebec: Same as last round
2024-10-14 19:23:38.149451 Foxtrot: Quebec, sending you 8
2024-10-14 19:23:38.149707 Oscar: November, sending you 3
2024-10-14 19:23:38.150431 Uniform: Golf, sending you 3
2024-10-14 19:23:38.151670 Tango: Delta, sending you 3
2024-10-14 19:23:38.153944 Golf: Delta, sending you 4
2024-10-14 19:23:38.154720 Uniform: Oscar, sending you 1
2024-10-14 19:23:38.155808 November: Delta, Tango and Uniform, sending you 4
2024-10-14 19:23:38.156876 Tango: November, sending you 4
2024-10-14 19:23:38.159075 Golf: Tango, sending you 7
2024-10-14 19:23:38.159861 November: Golf and Oscar, sending you 3
2024-10-14 19:23:38.160677 Charlie: Hotel, sending you 6
2024-10-14 19:23:38.161695 Tango: Golf, sending you 5
2024-10-14 19:23:38.163682 Golf: November and Uniform, sending you 3
2024-10-14 19:23:38.164428 Charlie: Foxtrot, sending you 1
2024-10-14 19:23:38.164754 Tango: Uniform, sending you 2
2024-10-14 19:23:38.168652 Golf: Oscar, sending you 2
2024-10-14 19:23:38.169347 Tango: Oscar, sending you 1
2024-10-14 19:23:38.170647 Charlie: Quebec, sending you 7
chatterbot November submitting transactions
chatterbot Oscar submitting transactions
chatterbot Quebec submitting transactions
chatterbot Hotel submitting transactions
chatterbot Delta submitting transactions
chatterbot Foxtrot submitting transactions
chatterbot Uniform submitting transactions
chatterbot Tango submitting transactions
chatterbot Charlie submitting transactions
chatterbot Golf submitting transactions
ChatterBot Delta round 8
ChatterBot Tango round 8
ChatterBot November round 8
ChatterBot Golf round 8
ChatterBot Uniform round 8
ChatterBot Oscar round 8
ChatterBot Hotel round 8
ChatterBot Foxtrot round 8
ChatterBot Quebec round 8
ChatterBot Charlie round 8
2024-10-14 19:23:39.741142 Delta: Tango, sending you 3
2024-10-14 19:23:39.754241 Delta: November, Golf, Uniform and Oscar, sending you 4
2024-10-14 19:23:39.755415 November: Delta, Tango and Uniform, sending you 4
2024-10-14 19:23:39.756904 Tango: Delta, sending you 3
2024-10-14 19:23:39.758133 Charlie: Hotel, sending you 6
2024-10-14 19:23:39.758719 Quebec: Same as last round
2024-10-14 19:23:39.759210 Oscar: Delta, sending you 5
2024-10-14 19:23:39.760790 November: Golf and Oscar, sending you 3
2024-10-14 19:23:39.765868 Foxtrot: Hotel, sending you 7
2024-10-14 19:23:39.766356 Golf: Delta, sending you 5
2024-10-14 19:23:39.768256 Tango: November, sending you 4
2024-10-14 19:23:39.770056 Uniform: Delta and November, sending you 4
2024-10-14 19:23:39.771658 Charlie: Quebec, sending you 8
2024-10-14 19:23:39.772297 Oscar: Tango, Golf and Uniform, sending you 2
2024-10-14 19:23:39.774211 Hotel: Foxtrot and Charlie, sending you 5
2024-10-14 19:23:39.774829 Foxtrot: Quebec, sending you 8
2024-10-14 19:23:39.775300 Golf: Tango, sending you 6
2024-10-14 19:23:39.776930 Tango: Golf, sending you 5
2024-10-14 19:23:39.778538 Uniform: Tango, sending you 2
2024-10-14 19:23:39.779946 Oscar: November, sending you 3
2024-10-14 19:23:39.780841 Hotel: Quebec, sending you 6
2024-10-14 19:23:39.781748 Golf: November and Uniform, sending you 3
2024-10-14 19:23:39.783604 Tango: Uniform, sending you 2
2024-10-14 19:23:39.784557 Uniform: Golf, sending you 3
2024-10-14 19:23:39.785938 Golf: Oscar, sending you 2
2024-10-14 19:23:39.795315 Tango: Oscar, sending you 1
2024-10-14 19:23:39.797016 Uniform: Oscar, sending you 1
chatterbot Hotel submitting transactions
chatterbot Uniform submitting transactions
chatterbot Tango submitting transactions
chatterbot November submitting transactions
chatterbot Quebec submitting transactions
chatterbot Oscar submitting transactions
chatterbot Delta submitting transactions
chatterbot Foxtrot submitting transactions
chatterbot Golf submitting transactions
chatterbot Charlie submitting transactions
ChatterBot Delta round 9
ChatterBot Tango round 9
ChatterBot November round 9
ChatterBot Golf round 9
ChatterBot Uniform round 9
ChatterBot Oscar round 9
ChatterBot Hotel round 9
ChatterBot Foxtrot round 9
ChatterBot Quebec round 9
ChatterBot Charlie round 9
2024-10-14 19:23:40.849985 Foxtrot: Hotel, sending you 7
2024-10-14 19:23:40.850700 Oscar: Delta, sending you 5
2024-10-14 19:23:40.852164 November: Delta, Tango and Uniform, sending you 4
2024-10-14 19:23:40.853707 Hotel: Foxtrot and Charlie, sending you 5
2024-10-14 19:23:40.854257 Delta: Tango, sending you 3
2024-10-14 19:23:40.855684 Foxtrot: Quebec, sending you 8
2024-10-14 19:23:40.856089 November: Golf and Oscar, sending you 3
2024-10-14 19:23:40.857687 Oscar: Tango, sending you 1
2024-10-14 19:23:40.859473 Uniform: Delta and November, sending you 4
2024-10-14 19:23:40.861170 Charlie: Hotel, sending you 6
2024-10-14 19:23:40.861807 Golf: Delta, sending you 5
2024-10-14 19:23:40.863251 Hotel: Quebec, sending you 6
2024-10-14 19:23:40.863900 Tango: Delta, sending you 3
2024-10-14 19:23:40.865786 Delta: November, Golf, Uniform and Oscar, sending you 4
2024-10-14 19:23:40.867529 Oscar: November, sending you 4
2024-10-14 19:23:40.869509 Uniform: Tango, sending you 2
2024-10-14 19:23:40.871035 Charlie: Quebec, sending you 8
2024-10-14 19:23:40.871668 Golf: Tango, sending you 6
2024-10-14 19:23:40.873173 Tango: November, sending you 4
2024-10-14 19:23:40.874266 Quebec: Same as last round
2024-10-14 19:23:40.875283 Oscar: Golf and Uniform, sending you 2
2024-10-14 19:23:40.876761 Uniform: Golf, sending you 3
2024-10-14 19:23:40.877874 Golf: November and Uniform, sending you 3
2024-10-14 19:23:40.879396 Tango: Golf, sending you 5
2024-10-14 19:23:40.881932 Uniform: Oscar, sending you 1
2024-10-14 19:23:40.883816 Golf: Oscar, sending you 2
2024-10-14 19:23:40.885446 Tango: Uniform, sending you 2
2024-10-14 19:23:40.890678 Tango: Oscar, sending you 1
chatterbot Tango submitting transactions
chatterbot Oscar submitting transactions
chatterbot Foxtrot submitting transactions
chatterbot Charlie submitting transactions
chatterbot Quebec submitting transactions
chatterbot Uniform submitting transactions
chatterbot Hotel submitting transactions
chatterbot Golf submitting transactions
chatterbot November submitting transactions
chatterbot Delta submitting transactions
ChatterBot Delta round 10
ChatterBot Tango round 10
ChatterBot November round 10
ChatterBot Golf round 10
ChatterBot Uniform round 10
ChatterBot Oscar round 10
ChatterBot Hotel round 10
ChatterBot Foxtrot round 10
ChatterBot Quebec round 10
ChatterBot Charlie round 10
2024-10-14 19:23:41.993666 Tango: Delta, sending you 3
2024-10-14 19:23:41.995669 Oscar: Delta, sending you 5
2024-10-14 19:23:41.996784 Golf: Tango, sending you 2
2024-10-14 19:23:42.000690 Tango: November, sending you 4
2024-10-14 19:23:42.001700 Oscar: Tango, sending you 1
2024-10-14 19:23:42.002932 Uniform: Delta and November, sending you 4
2024-10-14 19:23:42.003845 Delta: Tango, sending you 3
2024-10-14 19:23:42.005135 Foxtrot: Hotel, sending you 7
2024-10-14 19:23:42.005706 Quebec: Same as last round
2024-10-14 19:23:42.006712 Tango: Golf, sending you 5
2024-10-14 19:23:42.007945 Oscar: November, sending you 4
2024-10-14 19:23:42.009252 Uniform: Tango, sending you 2
2024-10-14 19:23:42.010241 November: Delta, Tango and Uniform, sending you 4
2024-10-14 19:23:42.011675 Hotel: Foxtrot and Charlie, sending you 5
2024-10-14 19:23:42.012199 Delta: November, Golf, Uniform and Oscar, sending you 4
2024-10-14 19:23:42.013533 Foxtrot: Quebec, sending you 8
2024-10-14 19:23:42.013855 Tango: Uniform, sending you 2
2024-10-14 19:23:42.015308 Oscar: Golf and Uniform, sending you 2
2024-10-14 19:23:42.016412 Uniform: Golf, sending you 3
2024-10-14 19:23:42.017792 November: Golf and Oscar, sending you 3
2024-10-14 19:23:42.018927 Hotel: Quebec, sending you 6
2024-10-14 19:23:42.019866 Tango: Oscar, sending you 1
2024-10-14 19:23:42.022670 Uniform: Oscar, sending you 1
chatterbot Hotel submitting transactions
chatterbot Delta submitting transactions
chatterbot Tango submitting transactions
chatterbot Charlie submitting transactions
chatterbot Uniform submitting transactions
chatterbot November submitting transactions
chatterbot Oscar submitting transactions
chatterbot Foxtrot submitting transactions
chatterbot Quebec submitting transactions
chatterbot Golf submitting transactions
ChatterBot Delta round 11
ChatterBot Tango round 11
ChatterBot November round 11
ChatterBot Golf round 11
ChatterBot Uniform round 11
2024-10-14 19:23:43.202761 Delta: We should add Foxtrot
2024-10-14 19:23:43.216847 Uniform: No
2024-10-14 19:23:43.217035 Tango: No
2024-10-14 19:23:43.217223 Oscar: No
2024-10-14 19:23:43.217354 Golf: No
2024-10-14 19:23:43.217495 November: No
ChatterBot Delta reevaluating
ChatterBot Golf reevaluating
ChatterBot Delta reevaluating
ChatterBot Golf reevaluating
ChatterBot Delta reevaluating
ChatterBot Golf reevaluating
ChatterBot Delta reevaluating
ChatterBot Delta reevaluating
ChatterBot Golf reevaluating
ChatterBot Oscar round 11
ChatterBot Hotel round 11
ChatterBot Foxtrot round 11
ChatterBot Quebec round 11
ChatterBot Charlie round 11
2024-10-14 19:23:43.290996 Delta: We should add Hotel
ChatterBot Golf reevaluating
2024-10-14 19:23:43.301442 Uniform: No
2024-10-14 19:23:43.301595 Tango: No
2024-10-14 19:23:43.301721 Oscar: No
2024-10-14 19:23:43.301835 Golf: No
2024-10-14 19:23:43.301949 November: No
ChatterBot Delta reevaluating
ChatterBot Golf reevaluating
ChatterBot Delta reevaluating
ChatterBot Golf reevaluating
ChatterBot Delta reevaluating
ChatterBot Golf reevaluating
ChatterBot Delta reevaluating
ChatterBot Delta reevaluating
ChatterBot Golf reevaluating
2024-10-14 19:23:43.361969 Hotel: We should add Delta
ChatterBot Quebec reevaluating
2024-10-14 19:23:43.368640 Charlie: No
2024-10-14 19:23:43.368775 Foxtrot: No
2024-10-14 19:23:43.368903 Quebec: Yes
ChatterBot Hotel reevaluating
ChatterBot Quebec reevaluating
ChatterBot Hotel reevaluating
ChatterBot Quebec reevaluating
ChatterBot Hotel reevaluating
2024-10-14 19:23:43.398340 Hotel: We should add Oscar
ChatterBot Quebec reevaluating
2024-10-14 19:23:43.405152 Charlie: No
2024-10-14 19:23:43.405274 Foxtrot: No
2024-10-14 19:23:43.405378 Quebec: Yes
ChatterBot Hotel reevaluating
ChatterBot Quebec reevaluating
ChatterBot Hotel reevaluating
ChatterBot Quebec reevaluating
ChatterBot Hotel reevaluating
2024-10-14 19:23:43.429153 Golf: We should drop Oscar
ChatterBot Delta reevaluating
2024-10-14 19:23:43.445078 Delta: No
2024-10-14 19:23:43.445287 Tango: No
2024-10-14 19:23:43.445437 November: No
2024-10-14 19:23:43.445599 Uniform: No
ChatterBot Golf reevaluating
ChatterBot Delta reevaluating
ChatterBot Golf reevaluating
ChatterBot Delta reevaluating
ChatterBot Golf reevaluating
ChatterBot Delta reevaluating
2024-10-14 19:23:43.490701 November: Delta, Tango and Uniform, sending you 4
2024-10-14 19:23:43.491800 Uniform: Delta, sending you 4
2024-10-14 19:23:43.493656 Tango: Delta, Uniform and Oscar, sending you 1
2024-10-14 19:23:43.494851 Uniform: Tango and Golf, sending you 2
2024-10-14 19:23:43.495721 Charlie: Hotel, sending you 6
2024-10-14 19:23:43.497231 November: Golf and Oscar, sending you 3
2024-10-14 19:23:43.498049 Oscar: Delta and November, sending you 2
2024-10-14 19:23:43.498826 Delta: Charlie we want you to join our group
2024-10-14 19:23:43.501723 Charlie: No
ChatterBot Delta reevaluating
ChatterBot Golf reevaluating
2024-10-14 19:23:43.518298 Tango: November and Golf, sending you 2
2024-10-14 19:23:43.519641 Charlie: Quebec, sending you 7
2024-10-14 19:23:43.520072 Uniform: November, sending you 3
2024-10-14 19:23:43.520958 Oscar: Tango and Golf, sending you 1
2024-10-14 19:23:43.523681 Uniform: Oscar, sending you 1
2024-10-14 19:23:43.524770 Hotel: Foxtrot and Quebec, sending you 5
2024-10-14 19:23:43.529721 Hotel: Charlie, sending you 3
2024-10-14 19:23:43.540667 Delta: Tango, November, Golf and Oscar, sending you 2
2024-10-14 19:23:43.545691 Delta: Uniform, sending you 3
chatterbot Tango submitting transactions
chatterbot Oscar submitting transactions
chatterbot Uniform submitting transactions
chatterbot Charlie submitting transactions
chatterbot Foxtrot submitting transactions
chatterbot Hotel submitting transactions
chatterbot Quebec submitting transactions
chatterbot November submitting transactions
chatterbot Golf submitting transactions
chatterbot Delta submitting transactions
ChatterBot Delta round 12
ChatterBot Tango round 12
ChatterBot November round 12
ChatterBot Golf round 12
ChatterBot Uniform round 12
ChatterBot Oscar round 12
ChatterBot Hotel round 12
ChatterBot Foxtrot round 12
ChatterBot Quebec round 12
ChatterBot Charlie round 12
2024-10-14 19:23:44.782011 Golf: We should drop Oscar
2024-10-14 19:23:44.803717 Delta: No
2024-10-14 19:23:44.804141 Tango: No
2024-10-14 19:23:44.805037 November: No
2024-10-14 19:23:44.805349 Uniform: No
2024-10-14 19:23:44.884813 Charlie: We should drop Foxtrot
2024-10-14 19:23:44.892466 Hotel: No
2024-10-14 19:23:44.892666 Quebec: No
ChatterBot Charlie reevaluating
ChatterBot Charlie reevaluating
2024-10-14 19:23:44.916185 November: Delta, Tango and Uniform, sending you 4
2024-10-14 19:23:44.922453 Tango: Delta, sending you 3
2024-10-14 19:23:44.924304 Hotel: Foxtrot and Quebec, sending you 5
2024-10-14 19:23:44.925097 Oscar: Delta, sending you 5
2024-10-14 19:23:44.926807 Quebec: Sending you each 3
2024-10-14 19:23:44.927366 November: Golf and Oscar, sending you 3
2024-10-14 19:23:44.928360 Delta: Tango, sending you 3
2024-10-14 19:23:44.930557 Foxtrot: Hotel, sending you 6
2024-10-14 19:23:44.931011 Uniform: Delta, sending you 4
2024-10-14 19:23:44.932230 Tango: November, sending you 5
2024-10-14 19:23:44.935037 Hotel: Charlie, sending you 6
2024-10-14 19:23:44.935987 Oscar: Tango and Uniform, sending you 2
2024-10-14 19:23:44.937238 Delta: November, Golf, Uniform and Oscar, sending you 4
2024-10-14 19:23:44.940144 Uniform: Tango and Golf, sending you 2
2024-10-14 19:23:44.941221 Foxtrot: Quebec, sending you 7
2024-10-14 19:23:44.941768 Tango: Golf, sending you 4
2024-10-14 19:23:44.943506 Golf: Delta, Tango and November, sending you 1
2024-10-14 19:23:44.944046 Golf: I was attacked by Hotel
ChatterBot Delta reevaluating
ChatterBot Tango reevaluating
ChatterBot November reevaluating
ChatterBot Uniform reevaluating
2024-10-14 19:23:44.964309 Golf: Ow
2024-10-14 19:23:44.966888 Oscar: November, sending you 4
2024-10-14 19:23:44.974685 Oscar: Golf, sending you 1
chatterbot Hotel submitting transactions
chatterbot Golf submitting transactions
chatterbot November submitting transactions
chatterbot Charlie submitting transactions
chatterbot Delta submitting transactions
chatterbot Oscar submitting transactions
chatterbot Foxtrot submitting transactions
chatterbot Quebec submitting transactions
chatterbot Uniform submitting transactions
chatterbot Tango submitting transactions
ChatterBot Delta round 13
ChatterBot Tango round 13
ChatterBot November round 13
ChatterBot Golf round 13
ChatterBot Uniform round 13
ChatterBot Oscar round 13
ChatterBot Hotel round 13
ChatterBot Foxtrot round 13
ChatterBot Quebec round 13
ChatterBot Charlie round 13
2024-10-14 19:23:46.170160 Golf: We should add Oscar
ChatterBot Tango reevaluating
ChatterBot Uniform reevaluating
2024-10-14 19:23:46.184864 Delta: Yes
2024-10-14 19:23:46.185014 Tango: Yes
2024-10-14 19:23:46.185149 November: Yes
2024-10-14 19:23:46.185268 Uniform: Yes
ChatterBot Golf reevaluating
ChatterBot Tango reevaluating
ChatterBot Uniform reevaluating
ChatterBot Golf reevaluating
ChatterBot Uniform reevaluating
ChatterBot Golf reevaluating
ChatterBot Tango reevaluating
ChatterBot Uniform reevaluating
ChatterBot Golf reevaluating
ChatterBot Tango reevaluating
2024-10-14 19:23:46.270971 November: Delta, Tango and Uniform, sending you 4
2024-10-14 19:23:46.273263 Quebec: We should drop Charlie
2024-10-14 19:23:46.280378 Foxtrot: Yes
2024-10-14 19:23:46.280556 Hotel: No
ChatterBot Hotel reevaluating
ChatterBot Foxtrot reevaluating
ChatterBot Quebec reevaluating
2024-10-14 19:23:46.301044 Foxtrot: We should replace Quebec with Charlie
ChatterBot Hotel reevaluating
2024-10-14 19:23:46.307111 Hotel: No
ChatterBot Foxtrot reevaluating
2024-10-14 19:23:46.313239 November: Golf and Oscar, sending you 3
2024-10-14 19:23:46.315575 Quebec: We should drop Foxtrot
ChatterBot Charlie reevaluating
ChatterBot Hotel reevaluating
2024-10-14 19:23:46.325960 Charlie: Yes
2024-10-14 19:23:46.326137 Hotel: Yes
ChatterBot Hotel reevaluating
ChatterBot Quebec reevaluating
ChatterBot Charlie reevaluating
ChatterBot Quebec reevaluating
2024-10-14 19:23:46.348707 Delta: Tango, November, Uniform and Oscar, sending you 4
2024-10-14 19:23:46.350557 Oscar: Delta, sending you 5
2024-10-14 19:23:46.352774 Hotel: We should drop Quebec and Foxtrot
ChatterBot Charlie reevaluating
2024-10-14 19:23:46.358160 Charlie: No
ChatterBot Hotel reevaluating
2024-10-14 19:23:46.363617 Delta: Golf, sending you 3
2024-10-14 19:23:46.365377 Delta: I was attacked by Charlie
ChatterBot Uniform reevaluating
ChatterBot Tango reevaluating
ChatterBot Oscar reevaluating
ChatterBot Golf reevaluating
ChatterBot November reevaluating
2024-10-14 19:23:46.393281 Delta: Ow
2024-10-14 19:23:46.411693 Hotel: Foxtrot, Quebec and Charlie, sending you 1
2024-10-14 19:23:46.423732 Quebec: Hotel, sending you 1
chatterbot Oscar submitting transactions
chatterbot Foxtrot submitting transactions
chatterbot Hotel submitting transactions
chatterbot Uniform submitting transactions
chatterbot Delta submitting transactions
chatterbot Tango submitting transactions
chatterbot Quebec submitting transactions
chatterbot Charlie submitting transactions
chatterbot November submitting transactions
chatterbot Golf submitting transactions
ChatterBot Delta round 14
ChatterBot Tango round 14
ChatterBot November round 14
ChatterBot Golf round 14
ChatterBot Uniform round 14
ChatterBot Oscar round 14
ChatterBot Hotel round 14
ChatterBot Foxtrot round 14
ChatterBot Quebec round 14
ChatterBot Charlie round 14
2024-10-14 19:23:47.578986 Quebec: We should replace Charlie with Foxtrot
2024-10-14 19:23:47.584846 Hotel: No
2024-10-14 19:23:47.592948 Foxtrot: We should drop Quebec
2024-10-14 19:23:47.597933 Hotel: No
2024-10-14 19:23:47.604940 Quebec: Foxtrot we want you to join our group
2024-10-14 19:23:47.613556 Foxtrot: No
2024-10-14 19:23:47.626430 November: Delta, Tango and Uniform, sending you 4
2024-10-14 19:23:47.629387 Charlie: I was attacked by Foxtrot
2024-10-14 19:23:47.630809 Charlie: Ow
2024-10-14 19:23:47.631690 November: Golf and Oscar, sending you 3
2024-10-14 19:23:47.633728 Delta: Uniform, sending you 1
2024-10-14 19:23:47.635936 Delta: I was attacked by Hotel and Charlie
ChatterBot Uniform reevaluating
ChatterBot Tango reevaluating
ChatterBot Oscar reevaluating
ChatterBot Golf reevaluating
ChatterBot November reevaluating
2024-10-14 19:23:47.658734 Delta: Ow
2024-10-14 19:23:47.661692 Golf: We should add Oscar
ChatterBot Tango reevaluating
ChatterBot November reevaluating
ChatterBot Uniform reevaluating
2024-10-14 19:23:47.681209 Delta: Yes
2024-10-14 19:23:47.681917 Tango: Yes
2024-10-14 19:23:47.682101 November: Yes
2024-10-14 19:23:47.682304 Uniform: Yes
ChatterBot Golf reevaluating
ChatterBot Tango reevaluating
ChatterBot November reevaluating
ChatterBot Uniform reevaluating
ChatterBot Golf reevaluating
ChatterBot November reevaluating
ChatterBot Uniform reevaluating
ChatterBot Golf reevaluating
ChatterBot Tango reevaluating
ChatterBot Uniform reevaluating
ChatterBot Golf reevaluating
ChatterBot Tango reevaluating
ChatterBot November reevaluating
2024-10-14 19:23:47.762997 Hotel: Foxtrot, sending you 7
2024-10-14 19:23:47.764166 Foxtrot: I was attacked by Quebec
ChatterBot Hotel reevaluating
2024-10-14 19:23:47.767034 Foxtrot: I'm keeping this round to protect myself
2024-10-14 19:23:47.768008 Foxtrot: Ow
2024-10-14 19:23:47.768886 Quebec: Sending you each 9
chatterbot Quebec submitting transactions
chatterbot Delta submitting transactions
chatterbot Charlie submitting transactions
chatterbot Foxtrot submitting transactions
chatterbot Golf submitting transactions
chatterbot November submitting transactions
chatterbot Tango submitting transactions
chatterbot Uniform submitting transactions
chatterbot Hotel submitting transactions
chatterbot Oscar submitting transactions
ChatterBot Delta round 15
ChatterBot Tango round 15
ChatterBot November round 15
ChatterBot Golf round 15
ChatterBot Uniform round 15
ChatterBot Oscar round 15
ChatterBot Hotel round 15
ChatterBot Foxtrot round 15
ChatterBot Quebec round 15
ChatterBot Charlie round 15
2024-10-14 19:23:48.997029 November: Delta, Golf and Oscar, sending you 3
2024-10-14 19:23:49.000819 Quebec: Hotel, sending you 10
2024-10-14 19:23:49.001582 November: Tango, sending you 5
2024-10-14 19:23:49.007027 Quebec: Foxtrot, sending you 8
2024-10-14 19:23:49.007440 Delta: Tango, sending you 1
2024-10-14 19:23:49.033310 November: Uniform, sending you 4
2024-10-14 19:23:49.037704 Delta: November, Golf, Uniform and Oscar, sending you 3
2024-10-14 19:23:49.040115 Delta: I was attacked by Charlie
ChatterBot Uniform reevaluating
ChatterBot Tango reevaluating
ChatterBot Oscar reevaluating
ChatterBot Golf reevaluating
ChatterBot November reevaluating
2024-10-14 19:23:49.170876 Delta: Ow
2024-10-14 19:23:49.172942 Golf: We should add Oscar
ChatterBot Tango reevaluating
ChatterBot November reevaluating
ChatterBot Uniform reevaluating
2024-10-14 19:23:49.193992 Delta: Yes
2024-10-14 19:23:49.194203 Tango: Yes
2024-10-14 19:23:49.194426 November: Yes
2024-10-14 19:23:49.194693 Uniform: Yes
ChatterBot Golf reevaluating
ChatterBot Tango reevaluating
ChatterBot November reevaluating
ChatterBot Uniform reevaluating
ChatterBot Golf reevaluating
ChatterBot November reevaluating
ChatterBot Uniform reevaluating
ChatterBot Golf reevaluating
ChatterBot Tango reevaluating
ChatterBot Uniform reevaluating
ChatterBot Golf reevaluating
ChatterBot Tango reevaluating
ChatterBot November reevaluating
2024-10-14 19:23:49.298168 Golf: Oscar we want you to join our group
ChatterBot Oscar reevaluating
