ChatterBot Foxtrot round 1
ChatterBot Yankee round 1
ChatterBot Kilo round 1
ChatterBot Bravo round 1
ChatterBot Sierra round 1
ChatterBot Papa round 1
ChatterBot India round 1
ChatterBot Romeo round 1
ChatterBot Mike round 1
ChatterBot November round 1
randomSelections Yankee: {Yankee, Bravo, November, Papa, Foxtrot, Mike} 
2024-10-14 19:23:28.428053 Yankee: Let's form a team
ChatterBot Bravo reevaluating
ChatterBot November reevaluating
ChatterBot Papa reevaluating
ChatterBot Foxtrot reevaluating
ChatterBot Mike reevaluating
2024-10-14 19:23:28.440310 Bravo: Yes
2024-10-14 19:23:28.440461 November: Yes
2024-10-14 19:23:28.440568 Papa: Yes
2024-10-14 19:23:28.440698 Foxtrot: Yes
2024-10-14 19:23:28.440878 Mike: Yes
ChatterBot November reevaluating
ChatterBot Papa reevaluating
ChatterBot Foxtrot reevaluating
ChatterBot Mike reevaluating
ChatterBot Bravo reevaluating
ChatterBot Papa reevaluating
ChatterBot Foxtrot reevaluating
ChatterBot Mike reevaluating
ChatterBot Bravo reevaluating
ChatterBot November reevaluating
ChatterBot Foxtrot reevaluating
ChatterBot Mike reevaluating
ChatterBot Bravo reevaluating
ChatterBot November reevaluating
ChatterBot Papa reevaluating
ChatterBot Mike reevaluating
ChatterBot Bravo reevaluating
ChatterBot November reevaluating
ChatterBot Papa reevaluating
ChatterBot Foxtrot reevaluating
randomSelections Kilo: {Kilo, Papa, India, Bravo, Romeo, Sierra} 
2024-10-14 19:23:28.504346 Kilo: Let's form a team
ChatterBot Papa reevaluating
ChatterBot India reevaluating
ChatterBot Bravo reevaluating
ChatterBot Romeo reevaluating
ChatterBot Sierra reevaluating
2024-10-14 19:23:28.513044 Papa: No
2024-10-14 19:23:28.513290 India: Yes
2024-10-14 19:23:28.513419 Bravo: No
2024-10-14 19:23:28.513577 Romeo: Yes
2024-10-14 19:23:28.514423 Sierra: Yes
ChatterBot India reevaluating
ChatterBot Bravo reevaluating
ChatterBot Romeo reevaluating
ChatterBot Sierra reevaluating
ChatterBot Papa reevaluating
ChatterBot Bravo reevaluating
ChatterBot Romeo reevaluating
ChatterBot Sierra reevaluating
ChatterBot Papa reevaluating
ChatterBot India reevaluating
ChatterBot Romeo reevaluating
ChatterBot Sierra reevaluating
ChatterBot Papa reevaluating
ChatterBot India reevaluating
ChatterBot Bravo reevaluating
ChatterBot Sierra reevaluating
ChatterBot Papa reevaluating
ChatterBot India reevaluating
ChatterBot Bravo reevaluating
ChatterBot Romeo reevaluating
2024-10-14 19:23:28.575417 Foxtrot: Yankee, sending you 2
2024-10-14 19:23:28.577123 Bravo: Papa, sending you 2
2024-10-14 19:23:28.577515 Sierra: Kilo, Papa and Romeo, sending you 4
2024-10-14 19:23:28.579005 Kilo: Bravo and India, sending you 3
2024-10-14 19:23:28.581140 Foxtrot: Bravo, sending you 7
2024-10-14 19:23:28.583271 Sierra: India, sending you 5
2024-10-14 19:23:28.584137 Kilo: Sierra, sending you 2
2024-10-14 19:23:28.584506 Yankee: Foxtrot, sending you 8
2024-10-14 19:23:28.584879 Foxtrot: Papa, Mike and November, sending you 3
2024-10-14 19:23:28.598 Kilo: Papa, sending you 1
2024-10-14 19:23:28.598417 Romeo: Kilo and Sierra, sending you 3
2024-10-14 19:23:28.599300 India: Kilo, sending you 6
2024-10-14 19:23:28.599608 November: Foxtrot and Yankee, sending you 3
2024-10-14 19:23:28.599933 Yankee: Bravo, sending you 3
2024-10-14 19:23:28.600661 Papa: Foxtrot, sending you 4
2024-10-14 19:23:28.600971 Kilo: Romeo, sending you 4
2024-10-14 19:23:28.609933 Mike: Foxtrot and Yankee, sending you 5
2024-10-14 19:23:28.610273 Romeo: Bravo and Papa, sending you 2
2024-10-14 19:23:28.610543 November: Bravo, sending you 5
2024-10-14 19:23:28.610849 India: Bravo, sending you 3
2024-10-14 19:23:28.611607 Yankee: Papa, sending you 2
2024-10-14 19:23:28.611927 Papa: Bravo, sending you 7
2024-10-14 19:23:28.616622 November: Papa, sending you 4
2024-10-14 19:23:28.616977 Mike: Bravo, sending you 7
2024-10-14 19:23:28.617262 Romeo: India, sending you 4
2024-10-14 19:23:28.618048 Yankee: November, sending you 1
2024-10-14 19:23:28.618354 India: Sierra and Papa, sending you 2
2024-10-14 19:23:28.618705 Papa: Mike, sending you 5
2024-10-14 19:23:28.631044 Mike: Papa and November, sending you 1
2024-10-14 19:23:28.631834 November: Mike, sending you 2
2024-10-14 19:23:28.632180 India: Romeo, sending you 4
2024-10-14 19:23:28.632957 Papa: November, sending you 3
chatterbot Yankee submitting transactions
chatterbot Kilo submitting transactions
chatterbot Sierra submitting transactions
chatterbot Bravo submitting transactions
chatterbot November submitting transactions
chatterbot Romeo submitting transactions
chatterbot Papa submitting transactions
chatterbot Mike submitting transactions
chatterbot Foxtrot submitting transactions
chatterbot India submitting transactions
ChatterBot Foxtrot round 2
ChatterBot Yankee round 2
ChatterBot Kilo round 2
ChatterBot Bravo round 2
ChatterBot Sierra round 2
ChatterBot Papa round 2
ChatterBot India round 2
ChatterBot Romeo round 2
ChatterBot Mike round 2
ChatterBot November round 2
2024-10-14 19:23:30.608862 Kilo: We should drop Papa and Bravo
2024-10-14 19:23:30.617497 Sierra: Yes
2024-10-14 19:23:30.617680 India: No
2024-10-14 19:23:30.618235 Romeo: Yes
ChatterBot India reevaluating
ChatterBot India reevaluating
2024-10-14 19:23:30.643751 India: We would work well together
ChatterBot Romeo reevaluating
2024-10-14 19:23:30.656582 Kilo: No
2024-10-14 19:23:30.656816 Sierra: No
2024-10-14 19:23:30.656934 Romeo: Yes
2024-10-14 19:23:30.657465 Yankee: No
ChatterBot India reevaluating
ChatterBot Romeo reevaluating
ChatterBot India reevaluating
ChatterBot Romeo reevaluating
ChatterBot India reevaluating
ChatterBot India reevaluating
ChatterBot Romeo reevaluating
2024-10-14 19:23:30.706296 Papa: We should drop Bravo
2024-10-14 19:23:30.717256 Foxtrot: No
2024-10-14 19:23:30.717445 Yankee: No
2024-10-14 19:23:30.717562 Mike: Yes
2024-10-14 19:23:30.717692 November: No
2024-10-14 19:23:30.845057 Foxtrot: Yankee, sending you 5
chatterbot Kilo submitting transactions
2024-10-14 19:23:31.063339 Foxtrot: Bravo, sending you 2
2024-10-14 19:23:31.064112 Yankee: Foxtrot and November, sending you 3
2024-10-14 19:23:31.064360 Bravo: Foxtrot, Papa, Mike and November, sending you 2
chatterbot Yankee submitting transactions
chatterbot Papa submitting transactions
2024-10-14 19:23:31.245494 Yankee: Bravo and Papa, sending you 2
2024-10-14 19:23:31.245922 Foxtrot: Papa, Mike and November, sending you 4
2024-10-14 19:23:31.247026 India: Kilo, sending you 5
2024-10-14 19:23:31.247336 November: Foxtrot, sending you 7
2024-10-14 19:23:31.247670 Kilo: Sierra and Romeo, sending you 4
2024-10-14 19:23:31.247922 Papa: Foxtrot, sending you 6
chatterbot Foxtrot submitting transactions
2024-10-14 19:23:31.248813 Yankee: Mike, sending you 4
2024-10-14 19:23:31.407343 India: Sierra, sending you 7
2024-10-14 19:23:31.407852 Sierra: Kilo and India, sending you 5
2024-10-14 19:23:31.408179 November: Yankee and Mike, sending you 2
2024-10-14 19:23:31.409475 Kilo: India, sending you 5
2024-10-14 19:23:31.409809 Papa: Yankee, sending you 4
2024-10-14 19:23:31.410234 Romeo: Kilo, sending you 7
2024-10-14 19:23:31.410565 Mike: Foxtrot and November, sending you 1
2024-10-14 19:23:31.411642 India: Romeo, sending you 6
2024-10-14 19:23:31.412005 November: Papa, sending you 6
2024-10-14 19:23:31.448537 Sierra: Romeo, sending you 9
2024-10-14 19:23:31.449010 Romeo: Sierra and India, sending you 6
2024-10-14 19:23:31.449416 Papa: Mike, sending you 2
2024-10-14 19:23:31.450195 Mike: Papa, sending you 3
2024-10-14 19:23:31.473587 Papa: November, sending you 7
chatterbot Mike submitting transactions
chatterbot Bravo submitting transactions
chatterbot Sierra submitting transactions
chatterbot India submitting transactions
chatterbot Romeo submitting transactions
chatterbot November submitting transactions
ChatterBot Foxtrot round 3
ChatterBot Yankee round 3
ChatterBot Kilo round 3
ChatterBot Bravo round 3
ChatterBot Sierra round 3
ChatterBot Papa round 3
ChatterBot India round 3
ChatterBot Romeo round 3
ChatterBot Mike round 3
ChatterBot November round 3
2024-10-14 19:23:32.094829 Kilo: We should add Yankee
ChatterBot Sierra reevaluating
ChatterBot Romeo reevaluating
2024-10-14 19:23:32.105319 Sierra: No
2024-10-14 19:23:32.105873 India: Yes
2024-10-14 19:23:32.106007 Romeo: Yes
ChatterBot Romeo reevaluating
ChatterBot Sierra reevaluating
ChatterBot Romeo reevaluating
ChatterBot Sierra reevaluating
2024-10-14 19:23:32.171145 Kilo: Yankee we want you to join our group
2024-10-14 19:23:32.174794 Yankee: No
ChatterBot Sierra reevaluating
ChatterBot Romeo reevaluating
2024-10-14 19:23:32.509597 Foxtrot: Yankee, Papa, Mike and November, sending you 4
2024-10-14 19:23:32.510019 Mike: Foxtrot, sending you 7
2024-10-14 19:23:32.510252 November: Foxtrot, sending you 5
2024-10-14 19:23:32.510557 Kilo: Yankee, sending you 2
2024-10-14 19:23:32.511339 Bravo: Foxtrot, Yankee, Papa and Mike, sending you 2
2024-10-14 19:23:32.511659 Yankee: Foxtrot, Papa, Mike and November, sending you 3
2024-10-14 19:23:32.511962 Papa: Foxtrot, sending you 6
2024-10-14 19:23:32.512690 India: Kilo, sending you 5
2024-10-14 19:23:32.512986 Foxtrot: Bravo, sending you 3
2024-10-14 19:23:32.719518 Mike: Yankee, sending you 4
2024-10-14 19:23:32.720316 November: Yankee, sending you 3
2024-10-14 19:23:32.720822 Kilo: Sierra, sending you 3
2024-10-14 19:23:32.721555 Yankee: Bravo, sending you 2
2024-10-14 19:23:32.722044 Bravo: November, sending you 1
2024-10-14 19:23:32.722998 Papa: Yankee and Mike, sending you 3
2024-10-14 19:23:32.723357 India: Sierra, sending you 6
2024-10-14 19:23:32.724107 Sierra: Kilo, sending you 5
2024-10-14 19:23:32.724505 November: Bravo, sending you 2
2024-10-14 19:23:32.820194 Mike: Papa, sending you 6
2024-10-14 19:23:32.820885 Kilo: India and Romeo, sending you 4
2024-10-14 19:23:32.821169 Papa: November, sending you 7
2024-10-14 19:23:32.821413 Sierra: India and Romeo, sending you 7
2024-10-14 19:23:32.821687 India: Romeo, sending you 7
2024-10-14 19:23:32.821904 November: Papa, sending you 7
2024-10-14 19:23:33.053606 Mike: November, sending you 3
chatterbot Kilo submitting transactions
chatterbot Bravo submitting transactions
chatterbot Mike submitting transactions
chatterbot Sierra submitting transactions
chatterbot India submitting transactions
chatterbot Papa submitting transactions
chatterbot November submitting transactions
chatterbot Yankee submitting transactions
chatterbot Romeo submitting transactions
chatterbot Foxtrot submitting transactions
ChatterBot Foxtrot round 4
ChatterBot Yankee round 4
ChatterBot Kilo round 4
ChatterBot Bravo round 4
ChatterBot Sierra round 4
ChatterBot Papa round 4
ChatterBot India round 4
ChatterBot Romeo round 4
ChatterBot Mike round 4
ChatterBot November round 4
2024-10-14 19:23:33.549429 Romeo: We should replace Yankee with November
ChatterBot Kilo reevaluating
ChatterBot Sierra reevaluating
ChatterBot India reevaluating
2024-10-14 19:23:33.562632 Kilo: Yes
2024-10-14 19:23:33.562767 Sierra: No
2024-10-14 19:23:33.563366 India: Yes
ChatterBot Sierra reevaluating
ChatterBot India reevaluating
ChatterBot Kilo reevaluating
ChatterBot India reevaluating
ChatterBot Kilo reevaluating
ChatterBot Sierra reevaluating
ChatterBot Romeo reevaluating
2024-10-14 19:23:33.631379 Romeo: We should replace Yankee with Foxtrot
ChatterBot Kilo reevaluating
ChatterBot Sierra reevaluating
ChatterBot India reevaluating
2024-10-14 19:23:33.705379 Kilo: Yes
2024-10-14 19:23:33.705566 Sierra: No
2024-10-14 19:23:33.705737 India: No
ChatterBot Sierra reevaluating
ChatterBot India reevaluating
ChatterBot Romeo reevaluating
ChatterBot Kilo reevaluating
ChatterBot India reevaluating
ChatterBot Romeo reevaluating
ChatterBot Kilo reevaluating
ChatterBot Sierra reevaluating
ChatterBot Romeo reevaluating
2024-10-14 19:23:33.754707 Foxtrot: Yankee, Papa, Mike and November, sending you 4
2024-10-14 19:23:33.758734 Foxtrot: Bravo, sending you 3
2024-10-14 19:23:33.761402 Romeo: November we want you to join our group
2024-10-14 19:23:33.766561 November: No
ChatterBot Romeo reevaluating
ChatterBot Kilo reevaluating
ChatterBot Sierra reevaluating
2024-10-14 19:23:33.789190 Bravo: Sending you each 2
2024-10-14 19:23:33.790466 November: Foxtrot, sending you 4
2024-10-14 19:23:33.791462 Yankee: Foxtrot, Papa, Mike and November, sending you 3
2024-10-14 19:23:33.792367 Mike: Foxtrot, sending you 7
2024-10-14 19:23:33.793522 Papa: Foxtrot and Mike, sending you 5
2024-10-14 19:23:33.795087 Yankee: Bravo, sending you 2
2024-10-14 19:23:33.795777 November: Yankee, sending you 3
2024-10-14 19:23:33.797032 Mike: Yankee, sending you 5
2024-10-14 19:23:33.797693 India: Kilo, sending you 6
2024-10-14 19:23:33.798752 Papa: Yankee, sending you 3
2024-10-14 19:23:33.801721 November: Bravo, sending you 1
2024-10-14 19:23:33.802315 India: Sierra, sending you 8
2024-10-14 19:23:33.803149 Mike: Papa, sending you 6
2024-10-14 19:23:33.803545 Papa: November, sending you 7
2024-10-14 19:23:33.805648 November: Papa, sending you 7
2024-10-14 19:23:33.806539 India: Romeo, sending you 4
2024-10-14 19:23:33.806943 Mike: November, sending you 2
2024-10-14 19:23:33.808698 November: Mike, sending you 2
2024-10-14 19:23:33.811694 Kilo: Sierra and India, sending you 4
2024-10-14 19:23:33.812543 Romeo: Kilo, sending you 5
2024-10-14 19:23:33.815818 Sierra: Kilo, sending you 6
2024-10-14 19:23:33.816373 Kilo: Romeo, sending you 3
2024-10-14 19:23:33.817671 Romeo: Sierra, sending you 6
2024-10-14 19:23:33.821071 Sierra: India, sending you 9
2024-10-14 19:23:33.821665 Kilo: November, sending you 2
2024-10-14 19:23:33.822862 Romeo: India, sending you 7
2024-10-14 19:23:33.826659 Sierra: Romeo, sending you 4
chatterbot Mike submitting transactions
chatterbot Bravo submitting transactions
chatterbot Foxtrot submitting transactions
chatterbot Yankee submitting transactions
chatterbot Sierra submitting transactions
chatterbot November submitting transactions
chatterbot Papa submitting transactions
chatterbot Kilo submitting transactions
chatterbot Romeo submitting transactions
chatterbot India submitting transactions
ChatterBot Foxtrot round 5
ChatterBot Yankee round 5
ChatterBot Kilo round 5
ChatterBot Bravo round 5
ChatterBot Sierra round 5
ChatterBot Papa round 5
ChatterBot India round 5
ChatterBot Romeo round 5
ChatterBot Mike round 5
ChatterBot November round 5
2024-10-14 19:23:35.069904 Romeo: We should replace November with Foxtrot
ChatterBot Sierra reevaluating
ChatterBot India reevaluating
2024-10-14 19:23:35.078727 Kilo: Yes
2024-10-14 19:23:35.078898 Sierra: No
2024-10-14 19:23:35.079048 India: Yes
ChatterBot Sierra reevaluating
ChatterBot India reevaluating
ChatterBot India reevaluating
ChatterBot Sierra reevaluating
2024-10-14 19:23:35.127313 Sierra: We should add Bravo
ChatterBot India reevaluating
ChatterBot Romeo reevaluating
2024-10-14 19:23:35.142047 Kilo: No
2024-10-14 19:23:35.142242 India: No
2024-10-14 19:23:35.142401 Romeo: Yes
ChatterBot Sierra reevaluating
ChatterBot India reevaluating
ChatterBot Romeo reevaluating
ChatterBot Sierra reevaluating
ChatterBot Romeo reevaluating
ChatterBot Sierra reevaluating
ChatterBot India reevaluating
2024-10-14 19:23:35.315698 Foxtrot: Yankee, Papa, Mike and November, sending you 4
2024-10-14 19:23:35.317357 Romeo: Foxtrot we want you to join our group
2024-10-14 19:23:35.322057 Foxtrot: No
ChatterBot Romeo reevaluating
2024-10-14 19:23:35.335217 Foxtrot: Bravo, sending you 3
2024-10-14 19:23:35.336457 Yankee: Foxtrot, Papa, Mike and November, sending you 3
2024-10-14 19:23:35.354809 Bravo: Same as last round
2024-10-14 19:23:35.356129 Papa: Foxtrot and Mike, sending you 5
2024-10-14 19:23:35.356860 Mike: Foxtrot, sending you 7
2024-10-14 19:23:35.357953 India: Kilo and Romeo, sending you 5
2024-10-14 19:23:35.358621 Kilo: Foxtrot, sending you 2
2024-10-14 19:23:35.359501 Yankee: Bravo, sending you 2
2024-10-14 19:23:35.379677 Papa: Yankee, sending you 3
2024-10-14 19:23:35.380922 Mike: Yankee, sending you 4
2024-10-14 19:23:35.382174 India: Sierra, sending you 8
2024-10-14 19:23:35.383569 Kilo: Sierra and India, sending you 4
2024-10-14 19:23:35.384330 Sierra: Kilo, sending you 5
2024-10-14 19:23:35.385671 November: Foxtrot, sending you 4
2024-10-14 19:23:35.387192 Papa: November, sending you 7
2024-10-14 19:23:35.387968 Mike: Papa, sending you 6
2024-10-14 19:23:35.389427 Kilo: Romeo, sending you 3
2024-10-14 19:23:35.411058 Sierra: India, sending you 8
2024-10-14 19:23:35.412434 November: Yankee, sending you 3
2024-10-14 19:23:35.414335 Mike: November, sending you 3
2024-10-14 19:23:35.416328 Sierra: Romeo, sending you 6
2024-10-14 19:23:35.444109 November: Bravo, sending you 1
2024-10-14 19:23:35.444746 Romeo: Kilo, sending you 5
2024-10-14 19:23:35.473089 November: Papa, sending you 7
2024-10-14 19:23:35.474159 Romeo: Sierra and India, sending you 7
2024-10-14 19:23:35.479313 November: Mike, sending you 2
chatterbot Bravo submitting transactions
chatterbot Foxtrot submitting transactions
chatterbot Sierra submitting transactions
chatterbot Mike submitting transactions
chatterbot Yankee submitting transactions
chatterbot Kilo submitting transactions
chatterbot Romeo submitting transactions
chatterbot November submitting transactions
chatterbot Papa submitting transactions
chatterbot India submitting transactions
ChatterBot Foxtrot round 6
ChatterBot Yankee round 6
ChatterBot Kilo round 6
ChatterBot Bravo round 6
ChatterBot Sierra round 6
ChatterBot Papa round 6
ChatterBot India round 6
ChatterBot Romeo round 6
ChatterBot Mike round 6
ChatterBot November round 6
2024-10-14 19:23:36.525006 Sierra: Kilo, sending you 5
2024-10-14 19:23:36.525666 Bravo: Same as last round
2024-10-14 19:23:36.528665 Sierra: India, sending you 8
2024-10-14 19:23:36.532663 Sierra: Romeo, sending you 6
2024-10-14 19:23:36.533672 Papa: Foxtrot and Mike, sending you 5
2024-10-14 19:23:36.535683 Yankee: Foxtrot, Papa, Mike and November, sending you 3
2024-10-14 19:23:36.536335 Kilo: Foxtrot, sending you 2
2024-10-14 19:23:36.537684 India: Kilo, sending you 5
2024-10-14 19:23:36.538345 Papa: Yankee, sending you 3
2024-10-14 19:23:36.539854 Yankee: Bravo, sending you 2
2024-10-14 19:23:36.540370 Kilo: Sierra and India, sending you 4
2024-10-14 19:23:36.540627 Romeo: Kilo, sending you 5
2024-10-14 19:23:36.540922 Mike: Foxtrot, sending you 6
2024-10-14 19:23:36.542649 India: Sierra, sending you 7
2024-10-14 19:23:36.544041 Papa: November, sending you 7
2024-10-14 19:23:36.544416 Foxtrot: Yankee, Papa, Mike and November, sending you 4
2024-10-14 19:23:36.544851 Kilo: Romeo, sending you 3
2024-10-14 19:23:36.545102 Mike: Yankee, sending you 4
2024-10-14 19:23:36.546072 Romeo: Sierra and India, sending you 7
2024-10-14 19:23:36.547677 India: Romeo, sending you 6
2024-10-14 19:23:36.548374 November: Foxtrot, sending you 4
2024-10-14 19:23:36.549047 Foxtrot: Bravo, sending you 3
2024-10-14 19:23:36.549716 Mike: Papa, sending you 7
2024-10-14 19:23:36.552663 Mike: November, sending you 3
2024-10-14 19:23:36.553706 November: Yankee, sending you 3
2024-10-14 19:23:36.557656 November: Bravo, sending you 1
2024-10-14 19:23:36.560674 November: Papa, sending you 7
2024-10-14 19:23:36.565656 November: Mike, sending you 2
chatterbot Bravo submitting transactions
chatterbot Foxtrot submitting transactions
chatterbot Mike submitting transactions
chatterbot Kilo submitting transactions
chatterbot Sierra submitting transactions
chatterbot November submitting transactions
chatterbot Papa submitting transactions
chatterbot Yankee submitting transactions
chatterbot Romeo submitting transactions
chatterbot India submitting transactions
ChatterBot Foxtrot round 7
ChatterBot Yankee round 7
ChatterBot Kilo round 7
ChatterBot Bravo round 7
ChatterBot Sierra round 7
ChatterBot Papa round 7
ChatterBot India round 7
ChatterBot Romeo round 7
ChatterBot Mike round 7
ChatterBot November round 7
2024-10-14 19:23:37.575685 Foxtrot: Yankee, Papa, Mike and November, sending you 4
2024-10-14 19:23:37.578929 Foxtrot: Bravo, sending you 3
2024-10-14 19:23:37.582680 Sierra: Kilo, sending you 5
2024-10-14 19:23:37.583674 Kilo: Foxtrot, sending you 2
2024-10-14 19:23:37.584662 Bravo: Foxtrot, sending you 3
2024-10-14 19:23:37.585651 Yankee: Foxtrot, Papa, Mike and November, sending you 3
2024-10-14 19:23:37.586046 Papa: Foxtrot and Mike, sending you 5
2024-10-14 19:23:37.586678 India: Kilo, sending you 5
2024-10-14 19:23:37.587163 Kilo: Sierra and India, sending you 4
2024-10-14 19:23:37.587659 Sierra: India, sending you 8
2024-10-14 19:23:37.587982 November: Foxtrot, sending you 4
2024-10-14 19:23:37.588672 Bravo: Yankee, Papa, Mike and November, sending you 2
2024-10-14 19:23:37.589673 Yankee: Bravo, sending you 2
2024-10-14 19:23:37.590110 Papa: Yankee, sending you 3
2024-10-14 19:23:37.591877 India: Sierra, sending you 7
2024-10-14 19:23:37.592610 Kilo: Romeo, sending you 3
2024-10-14 19:23:37.593262 Sierra: Romeo, sending you 6
2024-10-14 19:23:37.593968 November: Yankee, sending you 3
2024-10-14 19:23:37.594796 Mike: Foxtrot, sending you 6
2024-10-14 19:23:37.595655 Papa: November, sending you 7
2024-10-14 19:23:37.595998 India: Romeo, sending you 6
2024-10-14 19:23:37.599664 November: Bravo, sending you 1
2024-10-14 19:23:37.600184 Mike: Yankee, sending you 4
2024-10-14 19:23:37.600703 Romeo: Kilo, sending you 5
2024-10-14 19:23:37.603665 November: Papa, sending you 7
2024-10-14 19:23:37.604671 Mike: Papa, sending you 7
2024-10-14 19:23:37.605215 Romeo: Sierra and India, sending you 7
2024-10-14 19:23:37.606679 November: Mike, sending you 2
2024-10-14 19:23:37.607681 Mike: November, sending you 3
chatterbot Sierra submitting transactions
chatterbot Bravo submitting transactions
chatterbot Foxtrot submitting transactions
chatterbot Romeo submitting transactions
chatterbot Mike submitting transactions
chatterbot India submitting transactions
chatterbot Papa submitting transactions
chatterbot November submitting transactions
chatterbot Yankee submitting transactions
chatterbot Kilo submitting transactions
ChatterBot Foxtrot round 8
ChatterBot Yankee round 8
ChatterBot Kilo round 8
ChatterBot Bravo round 8
ChatterBot Sierra round 8
ChatterBot Papa round 8
ChatterBot India round 8
ChatterBot Romeo round 8
ChatterBot Mike round 8
ChatterBot November round 8
2024-10-14 19:23:38.842413 Bravo: We should add Sierra
2024-10-14 19:23:38.863865 Yankee: No
2024-10-14 19:23:38.864160 November: No
2024-10-14 19:23:38.864735 Papa: No
2024-10-14 19:23:38.864911 Foxtrot: No
2024-10-14 19:23:38.865082 Mike: No
ChatterBot Bravo reevaluating
ChatterBot Bravo reevaluating
ChatterBot Bravo reevaluating
ChatterBot Bravo reevaluating
ChatterBot Bravo reevaluating
2024-10-14 19:23:38.996332 Sierra: We should add Bravo
ChatterBot Kilo reevaluating
ChatterBot Romeo reevaluating
2024-10-14 19:23:39.012497 Kilo: Yes
2024-10-14 19:23:39.012695 India: Yes
2024-10-14 19:23:39.012864 Romeo: No
ChatterBot Sierra reevaluating
ChatterBot Romeo reevaluating
ChatterBot Kilo reevaluating
ChatterBot Sierra reevaluating
ChatterBot Romeo reevaluating
ChatterBot Kilo reevaluating
ChatterBot Sierra reevaluating
2024-10-14 19:23:39.092052 Foxtrot: Yankee, Papa, Mike and November, sending you 4
2024-10-14 19:23:39.093762 Sierra: Bravo we want you to join our group
ChatterBot Bravo reevaluating
2024-10-14 19:23:39.100027 Bravo: No
ChatterBot Kilo reevaluating
ChatterBot Sierra reevaluating
2024-10-14 19:23:39.122419 Romeo: Kilo, sending you 4
2024-10-14 19:23:39.123007 Foxtrot: Bravo, sending you 3
2024-10-14 19:23:39.125161 Papa: Foxtrot, sending you 4
2024-10-14 19:23:39.126105 Romeo: Sierra, sending you 8
2024-10-14 19:23:39.267 Yankee: Foxtrot, Papa, Mike and November, sending you 3
2024-10-14 19:23:39.270237 India: Kilo, sending you 4
2024-10-14 19:23:39.271566 Mike: Foxtrot, sending you 6
2024-10-14 19:23:39.273523 November: Foxtrot, sending you 4
2024-10-14 19:23:39.275433 Romeo: India, sending you 7
2024-10-14 19:23:39.276918 Papa: Yankee, sending you 3
2024-10-14 19:23:39.278738 Yankee: Bravo, sending you 2
2024-10-14 19:23:39.279865 India: Sierra, sending you 8
2024-10-14 19:23:39.281155 Mike: Yankee, sending you 4
2024-10-14 19:23:39.282580 November: Yankee, sending you 3
2024-10-14 19:23:39.283429 Kilo: Sierra and Romeo, sending you 4
2024-10-14 19:23:39.284583 Papa: Mike, sending you 6
2024-10-14 19:23:39.292807 India: Romeo, sending you 6
2024-10-14 19:23:39.294008 Mike: Papa, sending you 7
2024-10-14 19:23:39.294689 November: Bravo, sending you 1
2024-10-14 19:23:39.296089 Kilo: India, sending you 5
2024-10-14 19:23:39.297122 Papa: November, sending you 7
2024-10-14 19:23:39.297802 Bravo: Foxtrot, Yankee, Papa and November, sending you 3
2024-10-14 19:23:39.313987 Mike: November, sending you 3
2024-10-14 19:23:39.315316 November: Papa, sending you 7
2024-10-14 19:23:39.317035 Sierra: Kilo, sending you 5
2024-10-14 19:23:39.318295 Bravo: Mike, sending you 2
2024-10-14 19:23:39.323331 November: Mike, sending you 2
2024-10-14 19:23:39.324858 Sierra: India, sending you 8
2024-10-14 19:23:39.719202 Sierra: Romeo, sending you 6
chatterbot Mike submitting transactions
chatterbot India submitting transactions
chatterbot Foxtrot submitting transactions
chatterbot Yankee submitting transactions
chatterbot Kilo submitting transactions
chatterbot Sierra submitting transactions
chatterbot Papa submitting transactions
chatterbot Bravo submitting transactions
chatterbot Romeo submitting transactions
chatterbot November submitting transactions
ChatterBot Foxtrot round 9
ChatterBot Yankee round 9
ChatterBot Kilo round 9
ChatterBot Bravo round 9
ChatterBot Sierra round 9
ChatterBot Papa round 9
ChatterBot India round 9
ChatterBot Romeo round 9
ChatterBot Mike round 9
ChatterBot November round 9
2024-10-14 19:23:40.329070 Yankee: Foxtrot, Papa, Mike and November, sending you 3
2024-10-14 19:23:40.332679 Yankee: Bravo, sending you 2
2024-10-14 19:23:40.334650 Bravo: Foxtrot, Yankee, Papa and November, sending you 3
2024-10-14 19:23:40.338686 Bravo: Mike, sending you 2
2024-10-14 19:23:40.339672 November: Foxtrot, sending you 4
2024-10-14 19:23:40.340480 Foxtrot: Yankee, Papa, Mike and November, sending you 4
2024-10-14 19:23:40.341690 Romeo: Kilo, sending you 5
2024-10-14 19:23:40.342659 Sierra: Kilo, sending you 5
2024-10-14 19:23:40.343653 November: Yankee, sending you 3
2024-10-14 19:23:40.345661 Kilo: Sierra and Romeo, sending you 4
2024-10-14 19:23:40.346680 Foxtrot: Bravo, sending you 3
2024-10-14 19:23:40.347266 India: Kilo, sending you 5
2024-10-14 19:23:40.347639 Romeo: Sierra and India, sending you 7
2024-10-14 19:23:40.348001 Papa: Foxtrot, sending you 4
2024-10-14 19:23:40.348408 Sierra: India, sending you 8
2024-10-14 19:23:40.348728 November: Bravo, sending you 1
2024-10-14 19:23:40.349274 Kilo: India, sending you 5
2024-10-14 19:23:40.350684 India: Sierra, sending you 7
2024-10-14 19:23:40.351666 Papa: Yankee, sending you 3
2024-10-14 19:23:40.352071 Sierra: Romeo, sending you 6
2024-10-14 19:23:40.352664 November: Papa, sending you 7
2024-10-14 19:23:40.354566 India: Romeo, sending you 6
2024-10-14 19:23:40.354980 Mike: Foxtrot, sending you 6
2024-10-14 19:23:40.355502 Papa: Mike, sending you 6
2024-10-14 19:23:40.355929 November: Mike, sending you 2
2024-10-14 19:23:40.358670 Mike: Yankee, sending you 4
2024-10-14 19:23:40.360679 Papa: November, sending you 7
2024-10-14 19:23:40.362653 Mike: Papa, sending you 7
2024-10-14 19:23:40.365660 Mike: November, sending you 3
chatterbot Yankee submitting transactions
chatterbot Romeo submitting transactions
chatterbot India submitting transactions
chatterbot Sierra submitting transactions
chatterbot Kilo submitting transactions
chatterbot Mike submitting transactions
chatterbot Foxtrot submitting transactions
chatterbot Bravo submitting transactions
chatterbot Papa submitting transactions
chatterbot November submitting transactions
ChatterBot Foxtrot round 10
ChatterBot Yankee round 10
ChatterBot Kilo round 10
ChatterBot Bravo round 10
ChatterBot Sierra round 10
ChatterBot Papa round 10
ChatterBot India round 10
ChatterBot Romeo round 10
ChatterBot Mike round 10
ChatterBot November round 10
2024-10-14 19:23:41.618665 Foxtrot: Yankee, Papa, Mike and November, sending you 4
2024-10-14 19:23:41.622686 Foxtrot: Bravo, sending you 3
2024-10-14 19:23:41.623899 Romeo: Kilo, sending you 5
2024-10-14 19:23:41.624546 Sierra: Kilo, sending you 4
2024-10-14 19:23:41.625110 November: Foxtrot, sending you 4
2024-10-14 19:23:41.627671 Kilo: Sierra and Romeo, sending you 4
2024-10-14 19:23:41.628545 Romeo: Sierra and India, sending you 7
2024-10-14 19:23:41.629087 Sierra: India, sending you 8
2024-10-14 19:23:41.629629 Yankee: Foxtrot, Papa, Mike and November, sending you 3
2024-10-14 19:23:41.630809 November: Yankee, sending you 3
2024-10-14 19:23:41.631684 India: Kilo, sending you 5
2024-10-14 19:23:41.632228 Bravo: Foxtrot, Yankee, Papa and November, sending you 3
2024-10-14 19:23:41.633601 Kilo: India, sending you 5
2024-10-14 19:23:41.634141 Sierra: Romeo, sending you 7
2024-10-14 19:23:41.634727 Yankee: Bravo, sending you 2
2024-10-14 19:23:41.636079 November: Bravo, sending you 1
2024-10-14 19:23:41.636810 India: Sierra, sending you 7
2024-10-14 19:23:41.637236 Mike: Foxtrot, sending you 6
2024-10-14 19:23:41.637740 Bravo: Mike, sending you 2
2024-10-14 19:23:41.639676 November: Papa, sending you 7
2024-10-14 19:23:41.640655 India: Romeo, sending you 6
2024-10-14 19:23:41.641408 Mike: Yankee, sending you 4
2024-10-14 19:23:41.641811 Papa: Foxtrot, sending you 4
2024-10-14 19:23:41.643840 November: Mike, sending you 2
2024-10-14 19:23:41.644702 Mike: Papa, sending you 7
2024-10-14 19:23:41.645896 Papa: Yankee, sending you 3
2024-10-14 19:23:41.649665 Mike: November, sending you 3
2024-10-14 19:23:41.651662 Papa: Mike, sending you 6
2024-10-14 19:23:41.656685 Papa: November, sending you 7
chatterbot Yankee submitting transactions
chatterbot Kilo submitting transactions
chatterbot November submitting transactions
chatterbot Mike submitting transactions
chatterbot India submitting transactions
chatterbot Sierra submitting transactions
chatterbot Bravo submitting transactions
chatterbot Papa submitting transactions
chatterbot Foxtrot submitting transactions
chatterbot Romeo submitting transactions
ChatterBot Foxtrot round 11
ChatterBot Yankee round 11
ChatterBot Kilo round 11
ChatterBot Bravo round 11
ChatterBot Sierra round 11
ChatterBot Papa round 11
ChatterBot India round 11
ChatterBot Romeo round 11
ChatterBot Mike round 11
ChatterBot November round 11
2024-10-14 19:23:42.760663 Yankee: Foxtrot, Papa, Mike and November, sending you 3
2024-10-14 19:23:42.762889 Kilo: Sierra and Romeo, sending you 4
2024-10-14 19:23:42.766087 Bravo: Foxtrot, Yankee, Papa and November, sending you 3
2024-10-14 19:23:42.767791 Kilo: India, sending you 5
2024-10-14 19:23:42.769102 Yankee: Bravo, sending you 2
2024-10-14 19:23:42.771070 Foxtrot: Yankee, Papa, Mike and November, sending you 4
2024-10-14 19:23:42.772397 Sierra: Kilo, sending you 4
2024-10-14 19:23:42.773754 Bravo: Mike, sending you 2
2024-10-14 19:23:42.774653 Foxtrot: Bravo, sending you 3
2024-10-14 19:23:42.776668 Romeo: Kilo, sending you 5
2024-10-14 19:23:42.777701 November: Foxtrot, sending you 4
2024-10-14 19:23:42.780131 Sierra: India, sending you 8
2024-10-14 19:23:42.780658 Mike: Foxtrot, sending you 6
2024-10-14 19:23:42.781711 India: Kilo, sending you 5
2024-10-14 19:23:42.782101 Papa: Foxtrot, sending you 4
2024-10-14 19:23:42.782515 Romeo: Sierra and India, sending you 7
2024-10-14 19:23:42.783738 November: Yankee, sending you 3
2024-10-14 19:23:42.784271 Sierra: Romeo, sending you 7
2024-10-14 19:23:42.784649 India: Sierra, sending you 7
2024-10-14 19:23:42.786665 Mike: Yankee, sending you 4
2024-10-14 19:23:42.787130 Papa: Yankee, sending you 3
2024-10-14 19:23:42.788174 India: Romeo, sending you 6
2024-10-14 19:23:42.788683 November: Bravo, sending you 1
2024-10-14 19:23:42.790691 Papa: Mike, sending you 6
2024-10-14 19:23:42.791726 Mike: Papa, sending you 8
2024-10-14 19:23:42.793675 November: Papa, sending you 7
2024-10-14 19:23:42.795027 Papa: November, sending you 7
2024-10-14 19:23:42.795681 Mike: November, sending you 2
2024-10-14 19:23:42.797712 November: Mike, sending you 2
chatterbot Kilo submitting transactions
chatterbot Mike submitting transactions
chatterbot November submitting transactions
chatterbot Sierra submitting transactions
chatterbot Yankee submitting transactions
chatterbot Foxtrot submitting transactions
chatterbot Bravo submitting transactions
chatterbot India submitting transactions
chatterbot Romeo submitting transactions
chatterbot Papa submitting transactions
ChatterBot Foxtrot round 12
ChatterBot Yankee round 12
ChatterBot Kilo round 12
ChatterBot Bravo round 12
ChatterBot Sierra round 12
ChatterBot Papa round 12
ChatterBot India round 12
ChatterBot Romeo round 12
ChatterBot Mike round 12
ChatterBot November round 12
2024-10-14 19:23:44.013107 Bravo: We should add Kilo
2024-10-14 19:23:44.029451 Yankee: No
2024-10-14 19:23:44.029690 November: No
2024-10-14 19:23:44.029897 Papa: No
2024-10-14 19:23:44.030091 Foxtrot: No
2024-10-14 19:23:44.030272 Mike: No
ChatterBot Bravo reevaluating
ChatterBot Bravo reevaluating
ChatterBot Bravo reevaluating
ChatterBot Bravo reevaluating
ChatterBot Bravo reevaluating
2024-10-14 19:23:44.126736 Kilo: Sierra and Romeo, sending you 4
2024-10-14 19:23:44.129698 Foxtrot: Yankee, Papa, Mike and November, sending you 4
2024-10-14 19:23:44.131315 November: Foxtrot, sending you 4
2024-10-14 19:23:44.133228 Kilo: India, sending you 5
2024-10-14 19:23:44.133894 India: Kilo, sending you 5
2024-10-14 19:23:44.134949 Papa: Foxtrot, sending you 4
2024-10-14 19:23:44.136292 Foxtrot: Bravo, sending you 3
2024-10-14 19:23:44.137829 Yankee: Foxtrot, Papa, Mike and November, sending you 3
2024-10-14 19:23:44.138771 Romeo: Kilo, sending you 5
2024-10-14 19:23:44.139795 Sierra: Kilo, sending you 4
2024-10-14 19:23:44.140384 November: Yankee, sending you 3
2024-10-14 19:23:44.141865 Bravo: Foxtrot, Yankee, Papa and November, sending you 3
2024-10-14 19:23:44.143764 India: Sierra, sending you 7
2024-10-14 19:23:44.145023 Papa: Yankee, sending you 3
2024-10-14 19:23:44.145738 Yankee: Bravo, sending you 2
2024-10-14 19:23:44.147126 Romeo: Sierra and India, sending you 7
2024-10-14 19:23:44.148116 Sierra: India, sending you 8
2024-10-14 19:23:44.148710 November: Bravo, sending you 1
2024-10-14 19:23:44.150254 Bravo: Mike, sending you 2
2024-10-14 19:23:44.151949 India: Romeo, sending you 6
2024-10-14 19:23:44.152500 Papa: Mike, sending you 6
2024-10-14 19:23:44.153909 Mike: Foxtrot, sending you 5
2024-10-14 19:23:44.155409 November: Papa, sending you 7
2024-10-14 19:23:44.157347 Sierra: Romeo, sending you 7
2024-10-14 19:23:44.158043 Papa: November, sending you 7
2024-10-14 19:23:44.160875 Mike: Yankee, sending you 4
2024-10-14 19:23:44.162260 November: Mike, sending you 2
2024-10-14 19:23:44.171427 Mike: Papa, sending you 8
2024-10-14 19:23:44.175662 Mike: November, sending you 3
chatterbot Papa submitting transactions
chatterbot Yankee submitting transactions
chatterbot Kilo submitting transactions
chatterbot Mike submitting transactions
chatterbot November submitting transactions
chatterbot India submitting transactions
chatterbot Romeo submitting transactions
chatterbot Foxtrot submitting transactions
chatterbot Bravo submitting transactions
chatterbot Sierra submitting transactions
ChatterBot Foxtrot round 13
ChatterBot Yankee round 13
ChatterBot Kilo round 13
ChatterBot Bravo round 13
ChatterBot Sierra round 13
ChatterBot Papa round 13
ChatterBot India round 13
ChatterBot Romeo round 13
ChatterBot Mike round 13
ChatterBot November round 13
2024-10-14 19:23:45.341110 Bravo: We should add India
2024-10-14 19:23:45.364057 Yankee: No
2024-10-14 19:23:45.364397 November: No
2024-10-14 19:23:45.364600 Papa: No
2024-10-14 19:23:45.364797 Foxtrot: No
2024-10-14 19:23:45.365350 Mike: No
ChatterBot Bravo reevaluating
ChatterBot Bravo reevaluating
ChatterBot Bravo reevaluating
ChatterBot Bravo reevaluating
ChatterBot Bravo reevaluating
2024-10-14 19:23:45.645026 Romeo: Kilo, sending you 5
2024-10-14 19:23:45.646687 Yankee: Foxtrot, Papa, Mike and November, sending you 3
2024-10-14 19:23:45.649581 Sierra: Kilo, sending you 4
2024-10-14 19:23:45.650774 Papa: Foxtrot, sending you 4
2024-10-14 19:23:45.652392 Kilo: Bravo, sending you 1
2024-10-14 19:23:45.653803 Foxtrot: Yankee, Papa, Mike and November, sending you 4
2024-10-14 19:23:45.655757 Mike: Foxtrot, sending you 5
chatterbot Yankee submitting transactions
2024-10-14 19:23:45.658312 Romeo: Sierra and India, sending you 7
2024-10-14 19:23:45.659917 Yankee: Bravo, sending you 2
2024-10-14 19:23:45.662096 Sierra: India, sending you 8
2024-10-14 19:23:45.663541 Papa: Yankee, sending you 3
2024-10-14 19:23:45.665074 Kilo: Sierra, India and Romeo, sending you 4
2024-10-14 19:23:45.666899 Foxtrot: Bravo, sending you 3
2024-10-14 19:23:45.669376 Mike: Yankee, sending you 4
2024-10-14 19:23:45.670561 India: Kilo, sending you 5
2024-10-14 19:23:45.672293 November: Foxtrot, sending you 4
2024-10-14 19:23:45.674796 Bravo: Foxtrot, Yankee, Papa and November, sending you 3
2024-10-14 19:23:45.676889 Sierra: Romeo, sending you 7
2024-10-14 19:23:45.678542 Papa: Mike, sending you 6
2024-10-14 19:23:45.680165 Mike: Papa, sending you 8
2024-10-14 19:23:45.681533 India: Sierra, sending you 7
2024-10-14 19:23:45.683049 November: Yankee, sending you 3
2024-10-14 19:23:45.685515 Bravo: Mike, sending you 2
2024-10-14 19:23:45.687488 Papa: November, sending you 7
2024-10-14 19:23:45.690342 Mike: November, sending you 3
2024-10-14 19:23:45.692170 India: Romeo, sending you 6
2024-10-14 19:23:45.693451 November: Bravo, sending you 1
2024-10-14 19:23:45.712280 November: Papa, sending you 7
2024-10-14 19:23:45.730390 November: Mike, sending you 2
chatterbot Sierra submitting transactions
chatterbot Romeo submitting transactions
chatterbot November submitting transactions
chatterbot India submitting transactions
chatterbot Mike submitting transactions
chatterbot Kilo submitting transactions
chatterbot Foxtrot submitting transactions
chatterbot Bravo submitting transactions
chatterbot Papa submitting transactions
ChatterBot Foxtrot round 14
ChatterBot Yankee round 14
ChatterBot Kilo round 14
ChatterBot Bravo round 14
ChatterBot Sierra round 14
ChatterBot Papa round 14
ChatterBot India round 14
ChatterBot Romeo round 14
ChatterBot Mike round 14
ChatterBot November round 14
2024-10-14 19:23:46.622980 Kilo: Bravo, sending you 1
2024-10-14 19:23:46.624671 Bravo: Foxtrot, Yankee, Papa and November, sending you 3
2024-10-14 19:23:46.626953 Papa: Foxtrot, sending you 4
2024-10-14 19:23:46.629132 Kilo: Sierra, India and Romeo, sending you 4
2024-10-14 19:23:46.630896 India: Kilo, sending you 5
2024-10-14 19:23:46.632486 Bravo: Mike, sending you 2
2024-10-14 19:23:46.634465 Papa: Yankee, sending you 3
2024-10-14 19:23:46.675926 India: Sierra, sending you 7
2024-10-14 19:23:46.678055 Yankee: Foxtrot, Papa, Mike and November, sending you 3
2024-10-14 19:23:46.681350 Foxtrot: Yankee, Papa, Mike and November, sending you 4
2024-10-14 19:23:46.683410 Romeo: Kilo, sending you 4
2024-10-14 19:23:46.684839 Mike: Foxtrot, sending you 5
2024-10-14 19:23:46.686686 Papa: Mike, sending you 6
2024-10-14 19:23:46.688124 Sierra: Kilo, sending you 4
2024-10-14 19:23:46.689895 India: Romeo, sending you 6
2024-10-14 19:23:46.691350 Yankee: Bravo, sending you 2
2024-10-14 19:23:46.693175 Foxtrot: Bravo, sending you 3
2024-10-14 19:23:46.699668 Romeo: Sierra, sending you 8
2024-10-14 19:23:46.707403 Mike: Yankee, sending you 4
2024-10-14 19:23:46.713118 Papa: November, sending you 7
2024-10-14 19:23:46.717708 Sierra: India, sending you 8
2024-10-14 19:23:46.720686 November: Foxtrot, sending you 4
2024-10-14 19:23:46.726038 Romeo: India, sending you 7
2024-10-14 19:23:46.728827 Mike: Papa, sending you 8
2024-10-14 19:23:46.731385 Sierra: Romeo, sending you 7
