ChatterBot Alpha round 1
ChatterBot Charlie round 1
ChatterBot Hotel round 1
ChatterBot Whiskey round 1
ChatterBot Mike round 1
ChatterBot Yankee round 1
ChatterBot India round 1
ChatterBot Golf round 1
ChatterBot Kilo round 1
ChatterBot Tango round 1
randomSelections Hotel: {Hotel} 
randomSelections Mike: {Mike, Hotel, Charlie, Alpha, Yankee, Golf, Kilo, Tango} 
2024-10-14 19:23:27.814789 Mike: We would work well together
ChatterBot Charlie reevaluating
ChatterBot Alpha reevaluating
ChatterBot Yankee reevaluating
ChatterBot Golf reevaluating
ChatterBot Kilo reevaluating
ChatterBot Tango reevaluating
2024-10-14 19:23:27.927677 Hotel: No
2024-10-14 19:23:27.928737 Charlie: Yes
2024-10-14 19:23:27.929019 Alpha: Yes
2024-10-14 19:23:27.929260 Yankee: Yes
2024-10-14 19:23:27.929474 Golf: Yes
2024-10-14 19:23:27.929743 Kilo: Yes
2024-10-14 19:23:27.930776 Tango: Yes
ChatterBot Charlie reevaluating
ChatterBot Alpha reevaluating
ChatterBot Yankee reevaluating
ChatterBot Golf reevaluating
ChatterBot Kilo reevaluating
ChatterBot Tango reevaluating
ChatterBot Alpha reevaluating
ChatterBot Yankee reevaluating
ChatterBot Golf reevaluating
ChatterBot Kilo reevaluating
ChatterBot Tango reevaluating
ChatterBot Charlie reevaluating
ChatterBot Yankee reevaluating
ChatterBot Golf reevaluating
ChatterBot Kilo reevaluating
ChatterBot Tango reevaluating
ChatterBot Charlie reevaluating
ChatterBot Alpha reevaluating
ChatterBot Golf reevaluating
ChatterBot Kilo reevaluating
ChatterBot Tango reevaluating
ChatterBot Charlie reevaluating
ChatterBot Alpha reevaluating
ChatterBot Yankee reevaluating
ChatterBot Kilo reevaluating
ChatterBot Tango reevaluating
ChatterBot Charlie reevaluating
ChatterBot Alpha reevaluating
ChatterBot Yankee reevaluating
ChatterBot Golf reevaluating
ChatterBot Tango reevaluating
ChatterBot Charlie reevaluating
ChatterBot Alpha reevaluating
ChatterBot Yankee reevaluating
ChatterBot Golf reevaluating
ChatterBot Kilo reevaluating
randomSelections India: {India, Yankee, Hotel, Charlie, Whiskey, Golf, Alpha, Tango} 
2024-10-14 19:23:28.107721 India: We should group up
ChatterBot Yankee reevaluating
ChatterBot Charlie reevaluating
ChatterBot Whiskey reevaluating
ChatterBot Golf reevaluating
ChatterBot Alpha reevaluating
ChatterBot Tango reevaluating
2024-10-14 19:23:28.124737 Yankee: No
2024-10-14 19:23:28.125470 Hotel: No
2024-10-14 19:23:28.125712 Charlie: No
2024-10-14 19:23:28.125867 Whiskey: Yes
2024-10-14 19:23:28.126013 Golf: No
2024-10-14 19:23:28.126221 Alpha: No
2024-10-14 19:23:28.126404 Tango: No
ChatterBot Charlie reevaluating
ChatterBot Whiskey reevaluating
ChatterBot Golf reevaluating
ChatterBot Alpha reevaluating
ChatterBot Tango reevaluating
ChatterBot Yankee reevaluating
ChatterBot Charlie reevaluating
ChatterBot Whiskey reevaluating
ChatterBot Golf reevaluating
ChatterBot Alpha reevaluating
ChatterBot Tango reevaluating
ChatterBot Yankee reevaluating
ChatterBot Whiskey reevaluating
ChatterBot Golf reevaluating
ChatterBot Alpha reevaluating
ChatterBot Tango reevaluating
ChatterBot Yankee reevaluating
ChatterBot Charlie reevaluating
ChatterBot Golf reevaluating
ChatterBot Alpha reevaluating
ChatterBot Tango reevaluating
ChatterBot Yankee reevaluating
ChatterBot Charlie reevaluating
ChatterBot Whiskey reevaluating
ChatterBot Alpha reevaluating
ChatterBot Tango reevaluating
ChatterBot Yankee reevaluating
ChatterBot Charlie reevaluating
ChatterBot Whiskey reevaluating
ChatterBot Golf reevaluating
ChatterBot Tango reevaluating
ChatterBot Yankee reevaluating
ChatterBot Charlie reevaluating
ChatterBot Whiskey reevaluating
ChatterBot Golf reevaluating
ChatterBot Alpha reevaluating
2024-10-14 19:23:28.334472 Tango: Alpha, Hotel and Mike, sending you 1
2024-10-14 19:23:28.336266 Mike: Alpha, Yankee, Golf and Kilo, sending you 2
2024-10-14 19:23:28.338672 Whiskey: Alpha, sending you 3
2024-10-14 19:23:28.342828 Tango: Charlie, sending you 3
2024-10-14 19:23:28.345059 Kilo: Alpha, Hotel and Yankee, sending you 2
2024-10-14 19:23:28.347171 Mike: Charlie and Hotel, sending you 3
2024-10-14 19:23:28.348672 Charlie: Alpha, sending you 1
2024-10-14 19:23:28.350389 Alpha: Charlie, sending you 5
2024-10-14 19:23:28.351327 India: Alpha and Whiskey, sending you 3
2024-10-14 19:23:28.353166 Golf: Alpha and Hotel, sending you 3
2024-10-14 19:23:28.355172 Whiskey: Charlie, sending you 1
2024-10-14 19:23:28.357160 Tango: Yankee and Golf, sending you 2
2024-10-14 19:23:28.359483 Kilo: Charlie, sending you 3
2024-10-14 19:23:28.361653 Mike: Tango, sending you 1
2024-10-14 19:23:28.363509 Charlie: Hotel, sending you 3
2024-10-14 19:23:28.365223 Alpha: Hotel, sending you 4
2024-10-14 19:23:28.367388 Yankee: Alpha and Charlie, sending you 1
2024-10-14 19:23:28.369123 India: Charlie and Yankee, sending you 2
2024-10-14 19:23:28.371137 Golf: Charlie, sending you 5
2024-10-14 19:23:28.372934 Whiskey: Hotel, sending you 4
2024-10-14 19:23:28.374502 Tango: Kilo, sending you 4
2024-10-14 19:23:28.376576 Kilo: Mike and Tango, sending you 1
2024-10-14 19:23:28.378844 Charlie: Mike, Yankee and Kilo, sending you 2
2024-10-14 19:23:28.380846 Alpha: Mike, Kilo and Tango, sending you 2
2024-10-14 19:23:28.382778 Yankee: Mike and Tango, sending you 3
2024-10-14 19:23:28.384348 India: Hotel and Tango, sending you 1
2024-10-14 19:23:28.386018 Golf: Mike, sending you 1
2024-10-14 19:23:28.387650 Whiskey: India and Tango, sending you 2
2024-10-14 19:23:28.389335 Kilo: Golf, sending you 4
2024-10-14 19:23:28.391236 Charlie: Golf, sending you 5
2024-10-14 19:23:28.392271 Alpha: Yankee and Golf, sending you 1
2024-10-14 19:23:28.394370 Yankee: Golf and Kilo, sending you 2
2024-10-14 19:23:28.395935 India: Golf, sending you 4
2024-10-14 19:23:28.396673 Golf: Yankee and Tango, sending you 2
chatterbot Alpha submitting transactions
chatterbot Charlie submitting transactions
chatterbot India submitting transactions
chatterbot Kilo submitting transactions
chatterbot Hotel submitting transactions
chatterbot Mike submitting transactions
chatterbot Golf submitting transactions
chatterbot Whiskey submitting transactions
chatterbot Tango submitting transactions
chatterbot Yankee submitting transactions
ChatterBot Alpha round 2
ChatterBot Charlie round 2
ChatterBot Hotel round 2
ChatterBot Whiskey round 2
ChatterBot Mike round 2
ChatterBot Yankee round 2
ChatterBot India round 2
2024-10-14 19:23:29.434540 Hotel: Friends?
ChatterBot Mike reevaluating
ChatterBot Charlie reevaluating
ChatterBot Alpha reevaluating
ChatterBot Yankee reevaluating
ChatterBot Golf reevaluating
ChatterBot Kilo reevaluating
ChatterBot Tango reevaluating
2024-10-14 19:23:29.520732 Mike: No
2024-10-14 19:23:29.521330 Charlie: No
2024-10-14 19:23:29.521523 Alpha: No
2024-10-14 19:23:29.521700 Yankee: No
2024-10-14 19:23:29.521869 Golf: No
2024-10-14 19:23:29.522024 Kilo: No
2024-10-14 19:23:29.522173 Tango: No
ChatterBot Charlie reevaluating
ChatterBot Alpha reevaluating
ChatterBot Yankee reevaluating
ChatterBot Golf reevaluating
ChatterBot Kilo reevaluating
ChatterBot Tango reevaluating
ChatterBot Mike reevaluating
ChatterBot Alpha reevaluating
ChatterBot Yankee reevaluating
ChatterBot Golf reevaluating
ChatterBot Kilo reevaluating
ChatterBot Tango reevaluating
ChatterBot Mike reevaluating
ChatterBot Charlie reevaluating
ChatterBot Yankee reevaluating
ChatterBot Golf reevaluating
ChatterBot Kilo reevaluating
ChatterBot Tango reevaluating
ChatterBot Mike reevaluating
ChatterBot Charlie reevaluating
ChatterBot Alpha reevaluating
ChatterBot Golf reevaluating
ChatterBot Kilo reevaluating
ChatterBot Tango reevaluating
ChatterBot Mike reevaluating
ChatterBot Charlie reevaluating
ChatterBot Alpha reevaluating
ChatterBot Yankee reevaluating
ChatterBot Kilo reevaluating
ChatterBot Tango reevaluating
ChatterBot Mike reevaluating
ChatterBot Charlie reevaluating
ChatterBot Alpha reevaluating
ChatterBot Yankee reevaluating
ChatterBot Golf reevaluating
ChatterBot Tango reevaluating
ChatterBot Mike reevaluating
ChatterBot Charlie reevaluating
ChatterBot Alpha reevaluating
ChatterBot Yankee reevaluating
ChatterBot Golf reevaluating
ChatterBot Kilo reevaluating
ChatterBot Golf round 2
ChatterBot Kilo round 2
ChatterBot Tango round 2
2024-10-14 19:23:30.207939 India: Friends?
ChatterBot Whiskey reevaluating
2024-10-14 19:23:30.220937 Whiskey: No
2024-10-14 19:23:30.221153 Hotel: No
ChatterBot Whiskey reevaluating
2024-10-14 19:23:30.282553 Mike: We should drop Hotel
2024-10-14 19:23:30.318412 Alpha: Yes
2024-10-14 19:23:30.318660 Charlie: Yes
2024-10-14 19:23:30.318835 Yankee: Yes
2024-10-14 19:23:30.319451 Golf: Yes
2024-10-14 19:23:30.319643 Kilo: Yes
2024-10-14 19:23:30.319804 Tango: Yes
ChatterBot Mike reevaluating
ChatterBot Mike reevaluating
ChatterBot Mike reevaluating
ChatterBot Mike reevaluating
ChatterBot Mike reevaluating
ChatterBot Mike reevaluating
chatterbot Hotel submitting transactions
2024-10-14 19:23:30.938985 Charlie: Alpha and Golf, sending you 3
2024-10-14 19:23:30.939478 Hotel: Alpha, Charlie, Mike and Golf, sending you 3
2024-10-14 19:23:30.940520 Whiskey: Sending you 7
2024-10-14 19:23:30.940789 Alpha: Charlie, Yankee and Tango, sending you 1
2024-10-14 19:23:30.941644 India: Hotel, sending you 1
chatterbot India submitting transactions
chatterbot Charlie submitting transactions
chatterbot Whiskey submitting transactions
chatterbot Alpha submitting transactions
chatterbot Kilo submitting transactions
chatterbot Yankee submitting transactions
2024-10-14 19:23:30.943355 Hotel: Kilo, sending you 2
2024-10-14 19:23:31.092042 Charlie: Whiskey, Yankee and India, sending you 1
2024-10-14 19:23:31.092486 Alpha: Whiskey and India, sending you 3
2024-10-14 19:23:31.092786 India: Whiskey, sending you 12
2024-10-14 19:23:31.093429 Hotel: Tango, sending you 1
2024-10-14 19:23:31.311588 Charlie: Mike, Kilo and Tango, sending you 2
2024-10-14 19:23:31.312633 Golf: Alpha, sending you 1
2024-10-14 19:23:31.312911 Tango: Alpha and Golf, sending you 3
2024-10-14 19:23:31.313189 Alpha: Mike and Kilo, sending you 2
2024-10-14 19:23:31.313501 Kilo: Alpha, Charlie and Mike, sending you 3
2024-10-14 19:23:31.314540 Yankee: Alpha, sending you 1
chatterbot Golf submitting transactions
2024-10-14 19:23:31.414962 Tango: Mike and Kilo, sending you 2
2024-10-14 19:23:31.415716 Golf: Charlie, sending you 6
2024-10-14 19:23:31.417122 Alpha: Golf, sending you 4
2024-10-14 19:23:31.417646 Kilo: Yankee, sending you 2
2024-10-14 19:23:31.418342 Yankee: Charlie, Mike, Golf, Kilo and Tango, sending you 3
2024-10-14 19:23:31.419816 Mike: Alpha and Charlie, sending you 4
chatterbot Tango submitting transactions
2024-10-14 19:23:31.420463 Tango: Yankee, sending you 4
2024-10-14 19:23:31.452126 Golf: Mike, Yankee and Tango, sending you 2
2024-10-14 19:23:31.453222 Kilo: Tango, sending you 5
2024-10-14 19:23:31.454197 Mike: Yankee, sending you 5
2024-10-14 19:23:31.477766 Golf: Kilo, sending you 5
2024-10-14 19:23:31.478205 Mike: Golf and Kilo, sending you 2
2024-10-14 19:23:31.488522 Mike: Tango, sending you 1
chatterbot Mike submitting transactions
ChatterBot Alpha round 3
ChatterBot Charlie round 3
ChatterBot Hotel round 3
ChatterBot Whiskey round 3
ChatterBot Mike round 3
ChatterBot Yankee round 3
ChatterBot India round 3
ChatterBot Golf round 3
ChatterBot Kilo round 3
ChatterBot Tango round 3
2024-10-14 19:23:32.042415 India: We should replace Hotel with Alpha
2024-10-14 19:23:32.045864 Whiskey: No
2024-10-14 19:23:32.053203 Kilo: We should add Hotel
ChatterBot Mike reevaluating
ChatterBot Alpha reevaluating
ChatterBot Tango reevaluating
2024-10-14 19:23:32.080945 Mike: Yes
2024-10-14 19:23:32.081131 Alpha: Yes
2024-10-14 19:23:32.081295 Charlie: Yes
2024-10-14 19:23:32.081457 Yankee: No
2024-10-14 19:23:32.081628 Golf: No
2024-10-14 19:23:32.081798 Tango: Yes
ChatterBot Alpha reevaluating
ChatterBot Tango reevaluating
ChatterBot Mike reevaluating
ChatterBot Golf reevaluating
ChatterBot Tango reevaluating
ChatterBot Mike reevaluating
ChatterBot Alpha reevaluating
ChatterBot Yankee reevaluating
ChatterBot Golf reevaluating
ChatterBot Tango reevaluating
ChatterBot Mike reevaluating
ChatterBot Alpha reevaluating
ChatterBot Golf reevaluating
ChatterBot Tango reevaluating
ChatterBot Mike reevaluating
ChatterBot Alpha reevaluating
ChatterBot Yankee reevaluating
ChatterBot Tango reevaluating
ChatterBot Mike reevaluating
ChatterBot Alpha reevaluating
ChatterBot Yankee reevaluating
ChatterBot Golf reevaluating
2024-10-14 19:23:32.392534 India: Alpha we want you to join our group
ChatterBot Alpha reevaluating
2024-10-14 19:23:32.399730 Alpha: No
2024-10-14 19:23:32.411043 Kilo: Hotel we want you to join our group
ChatterBot Hotel reevaluating
2024-10-14 19:23:32.419405 Hotel: No
ChatterBot Mike reevaluating
ChatterBot Alpha reevaluating
ChatterBot Yankee reevaluating
ChatterBot Golf reevaluating
ChatterBot Tango reevaluating
2024-10-14 19:23:32.534636 Whiskey: Sending you 6
2024-10-14 19:23:32.534948 Charlie: Alpha, Hotel, Mike, Yankee and Kilo, sending you 2
2024-10-14 19:23:32.535872 Mike: Hotel we want you to join our group
ChatterBot Hotel reevaluating
2024-10-14 19:23:32.539942 Hotel: No
ChatterBot Mike reevaluating
ChatterBot Yankee reevaluating
2024-10-14 19:23:32.563081 Tango: Hotel we want you to join our group
ChatterBot Hotel reevaluating
2024-10-14 19:23:32.567979 Hotel: No
ChatterBot Yankee reevaluating
2024-10-14 19:23:32.589886 Golf: Hotel we want you to join our group
ChatterBot Hotel reevaluating
2024-10-14 19:23:32.594363 Hotel: No
chatterbot Charlie submitting transactions
2024-10-14 19:23:32.616272 Charlie: Golf, sending you 4
chatterbot Whiskey submitting transactions
2024-10-14 19:23:32.796269 India: Alpha, sending you 5
2024-10-14 19:23:32.797081 Charlie: Tango, sending you 1
2024-10-14 19:23:32.797818 Kilo: Alpha, Charlie and Mike, sending you 2
2024-10-14 19:23:32.798933 Alpha: Charlie and Kilo, sending you 3
2024-10-14 19:23:32.800119 Yankee: Hotel we want you to join our group
ChatterBot Hotel reevaluating
2024-10-14 19:23:32.807085 Hotel: No
2024-10-14 19:23:32.829067 India: Whiskey, sending you 13
2024-10-14 19:23:32.829336 Kilo: Hotel, sending you 1
2024-10-14 19:23:32.830164 Alpha: Hotel, Golf and Tango, sending you 2
2024-10-14 19:23:33.055445 Tango: Alpha and Golf, sending you 2
2024-10-14 19:23:33.056981 Kilo: Yankee, Golf and Tango, sending you 3
2024-10-14 19:23:33.058319 Golf: Alpha, Yankee and Tango, sending you 3
2024-10-14 19:23:33.059700 Mike: Alpha and Golf, sending you 2
2024-10-14 19:23:33.060439 Alpha: Mike, sending you 4
2024-10-14 19:23:33.062171 Hotel: We should drop Tango
2024-10-14 19:23:33.081008 Alpha: No
2024-10-14 19:23:33.081310 Charlie: No
2024-10-14 19:23:33.081621 Mike: No
2024-10-14 19:23:33.081942 Yankee: No
2024-10-14 19:23:33.082569 Golf: No
2024-10-14 19:23:33.082871 Kilo: No
ChatterBot Hotel reevaluating
ChatterBot Hotel reevaluating
ChatterBot Hotel reevaluating
ChatterBot Yankee reevaluating
ChatterBot Hotel reevaluating
ChatterBot Hotel reevaluating
ChatterBot Yankee reevaluating
ChatterBot Hotel reevaluating
ChatterBot Yankee reevaluating
chatterbot Kilo submitting transactions
chatterbot Tango submitting transactions
2024-10-14 19:23:33.203291 Tango: Charlie, Hotel and Mike, sending you 1
2024-10-14 19:23:33.203884 Golf: Charlie, sending you 4
2024-10-14 19:23:33.205106 Mike: Charlie, Hotel and Kilo, sending you 3
2024-10-14 19:23:33.205594 Alpha: Yankee, sending you 1
chatterbot India submitting transactions
2024-10-14 19:23:33.206777 Tango: Yankee, sending you 3
2024-10-14 19:23:33.243916 Golf: Hotel and Mike, sending you 2
2024-10-14 19:23:33.245107 Mike: Yankee, sending you 4
2024-10-14 19:23:33.246133 Tango: Kilo, sending you 4
2024-10-14 19:23:33.282718 Golf: Kilo, sending you 1
2024-10-14 19:23:33.283383 Mike: Tango, sending you 1
2024-10-14 19:23:33.284703 Hotel: We should drop Alpha
ChatterBot Yankee reevaluating
2024-10-14 19:23:33.303374 Charlie: No
2024-10-14 19:23:33.303582 Mike: No
2024-10-14 19:23:33.304092 Yankee: No
2024-10-14 19:23:33.304220 Golf: No
2024-10-14 19:23:33.304320 Kilo: No
2024-10-14 19:23:33.304441 Tango: No
ChatterBot Hotel reevaluating
ChatterBot Yankee reevaluating
ChatterBot Hotel reevaluating
ChatterBot Yankee reevaluating
ChatterBot Hotel reevaluating
ChatterBot Hotel reevaluating
ChatterBot Yankee reevaluating
ChatterBot Hotel reevaluating
ChatterBot Yankee reevaluating
ChatterBot Hotel reevaluating
ChatterBot Yankee reevaluating
ChatterBot Golf reevaluating
chatterbot Yankee submitting transactions
2024-10-14 19:23:33.430349 Hotel: We should drop Yankee
ChatterBot Golf reevaluating
2024-10-14 19:23:33.460597 Alpha: No
2024-10-14 19:23:33.460822 Charlie: No
2024-10-14 19:23:33.460995 Mike: No
2024-10-14 19:23:33.461166 Golf: No
2024-10-14 19:23:33.461328 Kilo: No
2024-10-14 19:23:33.461513 Tango: No
ChatterBot Hotel reevaluating
ChatterBot Golf reevaluating
ChatterBot Hotel reevaluating
ChatterBot Golf reevaluating
ChatterBot Hotel reevaluating
ChatterBot Golf reevaluating
ChatterBot Hotel reevaluating
ChatterBot Hotel reevaluating
ChatterBot Golf reevaluating
ChatterBot Hotel reevaluating
ChatterBot Golf reevaluating
chatterbot Golf submitting transactions
chatterbot Alpha submitting transactions
chatterbot Mike submitting transactions
2024-10-14 19:23:33.683043 Golf: We should drop Hotel
2024-10-14 19:23:33.744967 Mike: No
2024-10-14 19:23:33.745755 Alpha: No
2024-10-14 19:23:33.746075 Charlie: No
2024-10-14 19:23:33.746405 Yankee: Yes
2024-10-14 19:23:33.746838 Kilo: No
2024-10-14 19:23:33.747657 Tango: No
chatterbot Yankee submitting transactions
2024-10-14 19:23:33.885371 Golf: Sorry, I'm actually sending you 0
2024-10-14 19:23:33.892663 Hotel: Alpha, sending you 4
2024-10-14 19:23:33.894150 Golf: Charlie, sending you 5
2024-10-14 19:23:33.896675 Hotel: Charlie, Mike and Golf, sending you 3
2024-10-14 19:23:33.899232 Golf: Mike and Kilo, sending you 2
2024-10-14 19:23:33.900654 Hotel: Kilo, sending you 2
chatterbot Golf submitting transactions
chatterbot Hotel submitting transactions
ChatterBot Alpha round 4
ChatterBot Charlie round 4
ChatterBot Hotel round 4
ChatterBot Whiskey round 4
ChatterBot Mike round 4
ChatterBot Yankee round 4
ChatterBot India round 4
ChatterBot Golf round 4
2024-10-14 19:23:34.770818 Yankee: We should add Hotel
ChatterBot Golf reevaluating
2024-10-14 19:23:34.787023 Mike: Yes
2024-10-14 19:23:34.787206 Alpha: Yes
2024-10-14 19:23:34.787433 Charlie: Yes
2024-10-14 19:23:34.787565 Golf: Yes
2024-10-14 19:23:34.787765 Kilo: Yes
2024-10-14 19:23:34.788407 Tango: Yes
ChatterBot Golf reevaluating
ChatterBot Golf reevaluating
ChatterBot Golf reevaluating
ChatterBot Golf reevaluating
ChatterBot Golf reevaluating
ChatterBot Kilo round 4
ChatterBot Tango round 4
2024-10-14 19:23:34.946289 India: We should replace Alpha with Hotel
2024-10-14 19:23:34.950799 Whiskey: No
2024-10-14 19:23:34.957490 Yankee: Hotel we want you to join our group
2024-10-14 19:23:34.961427 Hotel: No
ChatterBot Golf reevaluating
2024-10-14 19:23:34.986539 India: Hotel we want you to join our group
ChatterBot Hotel reevaluating
2024-10-14 19:23:34.990288 Hotel: No
ChatterBot India reevaluating
2024-10-14 19:23:34.997248 Hotel: We should replace Yankee with Tango
2024-10-14 19:23:35.014906 Alpha: No
2024-10-14 19:23:35.015135 Charlie: No
2024-10-14 19:23:35.015293 Mike: No
2024-10-14 19:23:35.015444 Golf: No
2024-10-14 19:23:35.016236 Kilo: No
ChatterBot Hotel reevaluating
ChatterBot Hotel reevaluating
ChatterBot Hotel reevaluating
ChatterBot Hotel reevaluating
ChatterBot Hotel reevaluating
2024-10-14 19:23:35.127399 Golf: Hotel we want you to join our group
ChatterBot Hotel reevaluating
2024-10-14 19:23:35.131783 Hotel: No
2024-10-14 19:23:35.151557 India: We should drop Alpha
2024-10-14 19:23:35.154533 Whiskey: Yes
ChatterBot India reevaluating
2024-10-14 19:23:35.160115 Whiskey: Sending you 5
2024-10-14 19:23:35.160492 Alpha: Charlie, Hotel, Mike, Golf and Kilo, sending you 3
2024-10-14 19:23:35.162573 Charlie: Alpha, Hotel, Mike, Yankee and Kilo, sending you 2
2024-10-14 19:23:35.163483 Mike: Alpha, Charlie, Hotel and Yankee, sending you 3
2024-10-14 19:23:35.178341 Alpha: Tango, sending you 2
2024-10-14 19:23:35.179466 Charlie: Golf, sending you 4
2024-10-14 19:23:35.181678 Mike: Golf, Kilo and Tango, sending you 2
2024-10-14 19:23:35.184512 Tango: Alpha, sending you 2
2024-10-14 19:23:35.188919 Kilo: Alpha, Charlie, Mike and Golf, sending you 2
2024-10-14 19:23:35.190021 Charlie: Tango, sending you 1
2024-10-14 19:23:35.192649 Golf: Alpha, Hotel, Mike, Kilo and Tango, sending you 2
2024-10-14 19:23:35.195582 Tango: Charlie, Hotel and Mike, sending you 1
2024-10-14 19:23:35.196731 Kilo: Hotel, sending you 1
2024-10-14 19:23:35.200872 Hotel: Alpha and Mike, sending you 4
2024-10-14 19:23:35.201479 Golf: Charlie, sending you 5
2024-10-14 19:23:35.204019 Tango: Yankee, Golf and Kilo, sending you 3
2024-10-14 19:23:35.206534 Hotel: Charlie, sending you 3
2024-10-14 19:23:35.210125 Kilo: Yankee, sending you 3
2024-10-14 19:23:35.211278 Golf: Yankee, sending you 3
2024-10-14 19:23:35.291030 Hotel: Golf and Kilo, sending you 2
2024-10-14 19:23:35.292531 Kilo: Tango, sending you 4
2024-10-14 19:23:35.294430 India: Sending you 16
chatterbot Alpha submitting transactions
chatterbot Mike submitting transactions
chatterbot India submitting transactions
chatterbot Hotel submitting transactions
chatterbot Golf submitting transactions
chatterbot Tango submitting transactions
chatterbot Whiskey submitting transactions
chatterbot Charlie submitting transactions
chatterbot Yankee submitting transactions
chatterbot Kilo submitting transactions
ChatterBot Alpha round 5
ChatterBot Charlie round 5
ChatterBot Hotel round 5
ChatterBot Whiskey round 5
ChatterBot Mike round 5
ChatterBot Yankee round 5
ChatterBot India round 5
ChatterBot Golf round 5
ChatterBot Kilo round 5
ChatterBot Tango round 5
2024-10-14 19:23:36.188142 Yankee: We should add Hotel
2024-10-14 19:23:36.200843 Mike: Yes
2024-10-14 19:23:36.200996 Alpha: Yes
2024-10-14 19:23:36.201112 Charlie: Yes
2024-10-14 19:23:36.201219 Golf: Yes
2024-10-14 19:23:36.201320 Kilo: Yes
2024-10-14 19:23:36.201422 Tango: Yes
2024-10-14 19:23:36.276266 India: We should add Hotel
2024-10-14 19:23:36.278504 Whiskey: No
ChatterBot India reevaluating
2024-10-14 19:23:36.283678 Yankee: Hotel we want you to join our group
2024-10-14 19:23:36.286432 Hotel: No
2024-10-14 19:23:36.300622 Charlie: Alpha, Hotel, Mike, Yankee and Kilo, sending you 2
2024-10-14 19:23:36.303673 Charlie: Golf, sending you 4
2024-10-14 19:23:36.304658 Alpha: Charlie and Mike, sending you 3
2024-10-14 19:23:36.305465 Whiskey: Same as last round
2024-10-14 19:23:36.306226 Tango: Alpha, sending you 2
2024-10-14 19:23:36.306888 Mike: Alpha and Hotel, sending you 3
2024-10-14 19:23:36.307650 Golf: Alpha, sending you 3
2024-10-14 19:23:36.308277 Hotel: Alpha, sending you 4
2024-10-14 19:23:36.308660 Charlie: Tango, sending you 1
2024-10-14 19:23:36.309630 Alpha: Hotel, sending you 4
2024-10-14 19:23:36.310704 Golf: Charlie, sending you 5
2024-10-14 19:23:36.311854 Kilo: Alpha and Tango, sending you 3
2024-10-14 19:23:36.313217 Tango: Charlie and Mike, sending you 1
2024-10-14 19:23:36.314192 Mike: Charlie, Golf and Kilo, sending you 2
2024-10-14 19:23:36.315224 Hotel: Charlie and Mike, sending you 3
2024-10-14 19:23:36.315743 Alpha: Yankee, sending you 1
2024-10-14 19:23:36.317157 Golf: Hotel, Mike, Yankee, Kilo and Tango, sending you 2
2024-10-14 19:23:36.318288 Kilo: Charlie, Hotel, Mike, Yankee and Golf, sending you 2
2024-10-14 19:23:36.319289 Mike: Yankee, sending you 5
2024-10-14 19:23:36.320637 Tango: Yankee and Golf, sending you 3
2024-10-14 19:23:36.321603 Hotel: Yankee, sending you 1
2024-10-14 19:23:36.322105 Alpha: Golf, Kilo and Tango, sending you 2
2024-10-14 19:23:36.323670 India: Sending you 18
2024-10-14 19:23:36.324667 Mike: Tango, sending you 1
2024-10-14 19:23:36.325664 Tango: Kilo, sending you 4
2024-10-14 19:23:36.326810 Hotel: Golf and Kilo, sending you 2
chatterbot Tango submitting transactions
chatterbot Hotel submitting transactions
chatterbot India submitting transactions
chatterbot Kilo submitting transactions
chatterbot Golf submitting transactions
chatterbot Alpha submitting transactions
chatterbot Mike submitting transactions
chatterbot Yankee submitting transactions
chatterbot Charlie submitting transactions
chatterbot Whiskey submitting transactions
ChatterBot Alpha round 6
ChatterBot Charlie round 6
ChatterBot Hotel round 6
ChatterBot Whiskey round 6
ChatterBot Mike round 6
ChatterBot Yankee round 6
ChatterBot India round 6
ChatterBot Golf round 6
ChatterBot Kilo round 6
ChatterBot Tango round 6
2024-10-14 19:23:37.439671 Yankee: We should add Hotel
2024-10-14 19:23:37.454968 Mike: Yes
2024-10-14 19:23:37.455168 Alpha: Yes
2024-10-14 19:23:37.455323 Charlie: Yes
2024-10-14 19:23:37.455471 Golf: Yes
2024-10-14 19:23:37.455629 Kilo: Yes
2024-10-14 19:23:37.455782 Tango: Yes
2024-10-14 19:23:37.528072 Yankee: Hotel we want you to join our group
2024-10-14 19:23:37.530408 Hotel: No
2024-10-14 19:23:37.550128 Alpha: Charlie and Tango, sending you 2
2024-10-14 19:23:37.553677 Alpha: Hotel, Mike, Golf and Kilo, sending you 3
2024-10-14 19:23:37.555041 Golf: Alpha, Hotel, Mike, Yankee and Kilo, sending you 2
2024-10-14 19:23:37.556114 Mike: Alpha, Charlie and Hotel, sending you 3
2024-10-14 19:23:37.557096 Kilo: Alpha, Charlie, Hotel, Mike, Yankee and Golf, sending you 2
2024-10-14 19:23:37.558728 India: Same as last round
2024-10-14 19:23:37.559012 Hotel: Alpha, sending you 4
2024-10-14 19:23:37.559525 Charlie: Alpha, Hotel, Mike, Yankee and Kilo, sending you 2
2024-10-14 19:23:37.560503 Whiskey: Sending you 4
2024-10-14 19:23:37.560838 Alpha: Yankee, sending you 1
2024-10-14 19:23:37.561899 Golf: Charlie, sending you 5
2024-10-14 19:23:37.563019 Mike: Yankee, sending you 4
2024-10-14 19:23:37.563973 Kilo: Tango, sending you 4
2024-10-14 19:23:37.564943 Hotel: Charlie and Mike, sending you 3
2024-10-14 19:23:37.566315 Charlie: Golf, sending you 4
2024-10-14 19:23:37.567372 Tango: Alpha, sending you 2
2024-10-14 19:23:37.568508 Mike: Golf and Kilo, sending you 2
2024-10-14 19:23:37.569481 Golf: Tango, sending you 3
2024-10-14 19:23:37.570683 Hotel: Yankee, sending you 1
2024-10-14 19:23:37.572070 Charlie: Tango, sending you 1
2024-10-14 19:23:37.573287 Tango: Charlie and Mike, sending you 1
2024-10-14 19:23:37.574206 Mike: Tango, sending you 1
2024-10-14 19:23:37.574897 Hotel: Golf and Kilo, sending you 2
2024-10-14 19:23:37.578937 Tango: Yankee and Golf, sending you 3
2024-10-14 19:23:37.583654 Tango: Kilo, sending you 4
chatterbot Hotel submitting transactions
chatterbot Golf submitting transactions
chatterbot Tango submitting transactions
chatterbot Alpha submitting transactions
chatterbot India submitting transactions
chatterbot Yankee submitting transactions
chatterbot Whiskey submitting transactions
chatterbot Mike submitting transactions
chatterbot Kilo submitting transactions
chatterbot Charlie submitting transactions
ChatterBot Alpha round 7
ChatterBot Charlie round 7
ChatterBot Hotel round 7
ChatterBot Whiskey round 7
ChatterBot Mike round 7
ChatterBot Yankee round 7
2024-10-14 19:23:38.663276 Yankee: We should add Hotel
2024-10-14 19:23:38.682713 Mike: Yes
2024-10-14 19:23:38.683415 Alpha: Yes
2024-10-14 19:23:38.683553 Charlie: Yes
2024-10-14 19:23:38.683681 Golf: Yes
2024-10-14 19:23:38.683818 Kilo: Yes
2024-10-14 19:23:38.683934 Tango: Yes
ChatterBot India round 7
ChatterBot Golf round 7
ChatterBot Kilo round 7
ChatterBot Tango round 7
2024-10-14 19:23:38.830182 Yankee: Hotel we want you to join our group
2024-10-14 19:23:38.834710 Hotel: No
2024-10-14 19:23:38.859362 India: We should add Tango
2024-10-14 19:23:38.862654 Whiskey: No
ChatterBot India reevaluating
2024-10-14 19:23:38.877760 India: We should add Yankee
2024-10-14 19:23:38.880790 Whiskey: No
ChatterBot India reevaluating
2024-10-14 19:23:38.885164 Charlie: Alpha, Hotel, Mike, Yankee and Kilo, sending you 2
2024-10-14 19:23:38.889850 Alpha: Charlie, Yankee, Golf, Kilo and Tango, sending you 2
2024-10-14 19:23:38.891825 Charlie: Golf, sending you 4
2024-10-14 19:23:38.893544 Mike: Alpha and Hotel, sending you 3
2024-10-14 19:23:38.895155 Hotel: Alpha, Charlie and Mike, sending you 3
2024-10-14 19:23:38.896829 Whiskey: Sending you 3
2024-10-14 19:23:38.897305 Alpha: Hotel, sending you 4
2024-10-14 19:23:38.899893 Charlie: Tango, sending you 1
2024-10-14 19:23:38.901879 Mike: Charlie, Golf and Kilo, sending you 2
2024-10-14 19:23:38.903857 Hotel: Yankee, Golf and Kilo, sending you 2
2024-10-14 19:23:38.905038 Golf: Alpha and Tango, sending you 3
2024-10-14 19:23:38.906997 Alpha: Mike, sending you 3
2024-10-14 19:23:38.909229 Kilo: Alpha and Tango, sending you 3
2024-10-14 19:23:38.910903 Mike: Yankee, sending you 5
2024-10-14 19:23:38.912874 Golf: Charlie, sending you 4
2024-10-14 19:23:38.915226 Tango: Alpha and Yankee, sending you 2
2024-10-14 19:23:38.916960 Kilo: Charlie, Hotel, Mike, Yankee and Golf, sending you 2
2024-10-14 19:23:38.918726 India: Same as last round
2024-10-14 19:23:38.919045 Mike: Tango, sending you 1
2024-10-14 19:23:38.920825 Golf: Hotel, Mike, Yankee and Kilo, sending you 2
2024-10-14 19:23:38.922759 Tango: Charlie and Mike, sending you 1
2024-10-14 19:23:38.926785 Tango: Golf, sending you 3
2024-10-14 19:23:38.932698 Tango: Kilo, sending you 5
chatterbot Charlie submitting transactions
chatterbot Whiskey submitting transactions
chatterbot Alpha submitting transactions
chatterbot Golf submitting transactions
chatterbot Yankee submitting transactions
chatterbot Hotel submitting transactions
chatterbot Tango submitting transactions
chatterbot Kilo submitting transactions
chatterbot Mike submitting transactions
chatterbot India submitting transactions
ChatterBot Alpha round 8
ChatterBot Charlie round 8
ChatterBot Hotel round 8
ChatterBot Whiskey round 8
ChatterBot Mike round 8
ChatterBot Yankee round 8
ChatterBot India round 8
ChatterBot Golf round 8
ChatterBot Kilo round 8
ChatterBot Tango round 8
2024-10-14 19:23:40.554561 Yankee: We should add Hotel
2024-10-14 19:23:40.570623 Mike: Yes
2024-10-14 19:23:40.570925 Alpha: Yes
2024-10-14 19:23:40.571070 Charlie: Yes
2024-10-14 19:23:40.571189 Golf: Yes
2024-10-14 19:23:40.571328 Kilo: Yes
2024-10-14 19:23:40.571475 Tango: Yes
2024-10-14 19:23:40.697694 Yankee: Hotel we want you to join our group
2024-10-14 19:23:40.704198 Hotel: No
2024-10-14 19:23:40.730693 Charlie: Alpha, Hotel, Mike, Yankee and Kilo, sending you 2
2024-10-14 19:23:40.734710 Alpha: Charlie and Tango, sending you 2
2024-10-14 19:23:40.738694 Charlie: Golf, sending you 4
2024-10-14 19:23:40.740931 Alpha: Hotel, Mike, Golf and Kilo, sending you 3
2024-10-14 19:23:40.743757 Kilo: Alpha, Charlie, Hotel, Mike, Yankee and Golf, sending you 2
2024-10-14 19:23:40.746058 Whiskey: Same as last round
2024-10-14 19:23:40.746463 Mike: Alpha and Hotel, sending you 3
2024-10-14 19:23:40.748493 India: Same as last round
2024-10-14 19:23:40.748865 Charlie: Tango, sending you 1
2024-10-14 19:23:40.751063 Golf: Alpha and Tango, sending you 3
2024-10-14 19:23:40.753921 Alpha: Yankee, sending you 1
2024-10-14 19:23:40.757275 Kilo: Tango, sending you 4
2024-10-14 19:23:40.760979 Mike: Charlie, Golf and Kilo, sending you 2
2024-10-14 19:23:40.765263 Tango: Alpha and Yankee, sending you 2
2024-10-14 19:23:40.768618 Golf: Charlie, sending you 4
2024-10-14 19:23:40.771266 Mike: Yankee, sending you 5
2024-10-14 19:23:40.773476 Tango: Charlie and Mike, sending you 1
2024-10-14 19:23:40.777606 Golf: Hotel, Mike, Yankee and Kilo, sending you 2
2024-10-14 19:23:40.779676 Mike: Tango, sending you 1
2024-10-14 19:23:40.781510 Tango: Golf, sending you 3
2024-10-14 19:23:40.800194 Tango: Kilo, sending you 5
chatterbot Yankee submitting transactions
chatterbot Whiskey submitting transactions
chatterbot Charlie submitting transactions
chatterbot Tango submitting transactions
chatterbot Kilo submitting transactions
chatterbot Mike submitting transactions
chatterbot India submitting transactions
chatterbot Alpha submitting transactions
chatterbot Hotel submitting transactions
chatterbot Golf submitting transactions
ChatterBot Alpha round 9
ChatterBot Charlie round 9
ChatterBot Hotel round 9
ChatterBot Whiskey round 9
ChatterBot Mike round 9
ChatterBot Yankee round 9
ChatterBot India round 9
ChatterBot Golf round 9
ChatterBot Kilo round 9
ChatterBot Tango round 9
2024-10-14 19:23:41.984610 Yankee: We should add Hotel
2024-10-14 19:23:42.009575 Mike: Yes
2024-10-14 19:23:42.009826 Alpha: Yes
2024-10-14 19:23:42.010012 Charlie: Yes
2024-10-14 19:23:42.010194 Golf: Yes
2024-10-14 19:23:42.010425 Kilo: Yes
2024-10-14 19:23:42.010937 Tango: Yes
ChatterBot Charlie reevaluating
ChatterBot Charlie reevaluating
ChatterBot Charlie reevaluating
ChatterBot Charlie reevaluating
ChatterBot Charlie reevaluating
ChatterBot Golf reevaluating
2024-10-14 19:23:42.118058 Yankee: Hotel we want you to join our group
ChatterBot Hotel reevaluating
2024-10-14 19:23:42.122843 Hotel: No
ChatterBot Charlie reevaluating
ChatterBot Golf reevaluating
2024-10-14 19:23:42.142273 Hotel: We should replace Kilo with Tango
2024-10-14 19:23:42.142525 Charlie: We should add Whiskey
ChatterBot Charlie reevaluating
ChatterBot Golf reevaluating
ChatterBot Hotel reevaluating
2024-10-14 19:23:42.167889 Alpha: No
2024-10-14 19:23:42.170813 Charlie: No
2024-10-14 19:23:42.171085 Mike: No
2024-10-14 19:23:42.173941 Yankee: No
2024-10-14 19:23:42.177050 Golf: No
ChatterBot Golf reevaluating
2024-10-14 19:23:42.180455 Kilo: No
2024-10-14 19:23:42.180628 Tango: No
2024-10-14 19:23:42.180773 Hotel: No
2024-10-14 19:23:42.180953 Alpha: No
2024-10-14 19:23:42.181070 Mike: No
2024-10-14 19:23:42.181179 Yankee: No
2024-10-14 19:23:42.181304 Golf: No
ChatterBot Hotel reevaluating
ChatterBot Charlie reevaluating
ChatterBot Golf reevaluating
ChatterBot Hotel reevaluating
ChatterBot Golf reevaluating
ChatterBot Hotel reevaluating
ChatterBot Charlie reevaluating
ChatterBot Golf reevaluating
ChatterBot Hotel reevaluating
ChatterBot Charlie reevaluating
ChatterBot Golf reevaluating
ChatterBot Hotel reevaluating
ChatterBot Charlie reevaluating
ChatterBot Hotel reevaluating
ChatterBot Charlie reevaluating
ChatterBot Golf reevaluating
ChatterBot Hotel reevaluating
ChatterBot Charlie reevaluating
ChatterBot Golf reevaluating
ChatterBot Charlie reevaluating
ChatterBot Golf reevaluating
ChatterBot Hotel reevaluating
ChatterBot Charlie reevaluating
ChatterBot Golf reevaluating
ChatterBot Hotel reevaluating
ChatterBot Charlie reevaluating
ChatterBot Golf reevaluating
ChatterBot Hotel reevaluating
ChatterBot Charlie reevaluating
ChatterBot Golf reevaluating
ChatterBot Hotel reevaluating
ChatterBot Charlie reevaluating
2024-10-14 19:23:42.643484 India: I was attacked by Hotel
2024-10-14 19:23:42.643745 India: I'm keeping this round to protect myself
2024-10-14 19:23:42.643956 India: Ow
2024-10-14 19:23:42.647218 Mike: Alpha and Charlie, sending you 3
2024-10-14 19:23:42.650380 Whiskey: India, sending you 1
2024-10-14 19:23:42.650913 Alpha: Charlie, Hotel, Yankee and Tango, sending you 2
2024-10-14 19:23:42.653778 Golf: We should drop Hotel
2024-10-14 19:23:42.678637 Mike: No
2024-10-14 19:23:42.678868 Alpha: No
2024-10-14 19:23:42.679043 Charlie: No
2024-10-14 19:23:42.679226 Yankee: No
2024-10-14 19:23:42.679398 Kilo: No
2024-10-14 19:23:42.679967 Tango: No
ChatterBot Golf reevaluating
ChatterBot Golf reevaluating
ChatterBot Golf reevaluating
ChatterBot Golf reevaluating
ChatterBot Golf reevaluating
2024-10-14 19:23:42.825779 Mike: Hotel, Golf and Kilo, sending you 2
2024-10-14 19:23:42.827768 Whiskey: Tango, sending you 6
chatterbot Yankee submitting transactions
2024-10-14 19:23:42.828276 Alpha: Mike, Golf and Kilo, sending you 3
2024-10-14 19:23:42.829880 Tango: Alpha and Yankee, sending you 2
2024-10-14 19:23:42.832542 Mike: Yankee, sending you 5
2024-10-14 19:23:42.834117 Kilo: Alpha, sending you 3
2024-10-14 19:23:42.836066 Charlie: Alpha, Hotel, Mike, Yankee and Kilo, sending you 2
2024-10-14 19:23:42.837327 Hotel: Alpha, sending you 4
2024-10-14 19:23:42.837810 Tango: Charlie and Mike, sending you 1
2024-10-14 19:23:42.838682 Mike: Tango, sending you 1
2024-10-14 19:23:42.840706 Kilo: Charlie, Mike, Yankee and Golf, sending you 2
2024-10-14 19:23:42.844275 Hotel: Charlie, Yankee, Golf and Kilo, sending you 2
2024-10-14 19:23:42.845397 Charlie: Golf, sending you 4
2024-10-14 19:23:42.847439 Tango: Golf, sending you 3
2024-10-14 19:23:42.849892 Kilo: Hotel, sending you 1
2024-10-14 19:23:42.851489 Hotel: Mike, sending you 3
2024-10-14 19:23:42.852461 Charlie: Tango, sending you 1
2024-10-14 19:23:42.855735 Kilo: Tango, sending you 4
2024-10-14 19:23:42.857126 Tango: Kilo, sending you 5
2024-10-14 19:23:42.858717 Golf: Alpha and Tango, sending you 3
2024-10-14 19:23:42.864686 Golf: Charlie, sending you 6
2024-10-14 19:23:42.870719 Golf: Mike, Yankee and Kilo, sending you 2
chatterbot Alpha submitting transactions
chatterbot Hotel submitting transactions
chatterbot Tango submitting transactions
chatterbot Kilo submitting transactions
chatterbot Golf submitting transactions
chatterbot Charlie submitting transactions
chatterbot Whiskey submitting transactions
chatterbot India submitting transactions
chatterbot Mike submitting transactions
ChatterBot Alpha round 10
ChatterBot Charlie round 10
ChatterBot Hotel round 10
ChatterBot Whiskey round 10
ChatterBot Mike round 10
ChatterBot Yankee round 10
ChatterBot India round 10
ChatterBot Golf round 10
ChatterBot Kilo round 10
ChatterBot Tango round 10
2024-10-14 19:23:43.654445 Yankee: We should add Hotel
ChatterBot Golf reevaluating
2024-10-14 19:23:43.690549 Mike: Yes
2024-10-14 19:23:43.691447 Alpha: Yes
2024-10-14 19:23:43.691959 Charlie: Yes
2024-10-14 19:23:43.692408 Golf: Yes
2024-10-14 19:23:43.692969 Kilo: Yes
2024-10-14 19:23:43.693279 Tango: Yes
ChatterBot Golf reevaluating
ChatterBot Golf reevaluating
ChatterBot Golf reevaluating
ChatterBot Golf reevaluating
ChatterBot Golf reevaluating
2024-10-14 19:23:43.906306 Yankee: Hotel we want you to join our group
2024-10-14 19:23:43.917197 Hotel: No
ChatterBot Mike reevaluating
ChatterBot Golf reevaluating
2024-10-14 19:23:43.970779 Alpha: Charlie and Tango, sending you 2
2024-10-14 19:23:43.975185 Whiskey: Same as last round
2024-10-14 19:23:43.975633 Golf: Hotel we want you to join our group
2024-10-14 19:23:43.982581 Hotel: No
ChatterBot Mike reevaluating
2024-10-14 19:23:44.021192 Alpha: Hotel, Mike, Golf and Kilo, sending you 3
2024-10-14 19:23:44.023682 Hotel: Alpha and Mike, sending you 2
2024-10-14 19:23:44.025008 Charlie: Alpha, Hotel, Mike, Yankee and Kilo, sending you 2
2024-10-14 19:23:44.027281 Tango: Alpha and Yankee, sending you 2
2024-10-14 19:23:44.029707 Kilo: Alpha, sending you 3
2024-10-14 19:23:44.032972 Alpha: Yankee, sending you 1
2024-10-14 19:23:44.035678 Hotel: Charlie, Yankee, Golf and Kilo, sending you 1
2024-10-14 19:23:44.036977 Charlie: Golf, sending you 4
2024-10-14 19:23:44.038947 Tango: Charlie and Mike, sending you 1
2024-10-14 19:23:44.041335 Kilo: Charlie, Mike, Yankee and Golf, sending you 2
2024-10-14 19:23:44.043672 Charlie: Tango, sending you 1
2024-10-14 19:23:44.045735 Tango: Golf, sending you 3
2024-10-14 19:23:44.048019 Kilo: Hotel, sending you 1
2024-10-14 19:23:44.049814 Golf: Alpha, Charlie and Tango, sending you 2
2024-10-14 19:23:44.052697 Tango: Kilo, sending you 5
2024-10-14 19:23:44.055552 Kilo: Tango, sending you 4
2024-10-14 19:23:44.057906 Mike: Alpha and Hotel, sending you 3
2024-10-14 19:23:44.059920 Golf: Hotel, Mike, Yankee and Kilo, sending you 1
2024-10-14 19:23:44.062985 Mike: Charlie, Golf and Kilo, sending you 2
2024-10-14 19:23:44.067659 Mike: Yankee, sending you 5
2024-10-14 19:23:44.071963 Mike: Tango, sending you 1
chatterbot Tango submitting transactions
chatterbot Golf submitting transactions
chatterbot Charlie submitting transactions
