ChatterBot Papa round 1
ChatterBot Golf round 1
ChatterBot Alpha round 1
ChatterBot Oscar round 1
ChatterBot Juliett round 1
ChatterBot X-ray round 1
ChatterBot Kilo round 1
ChatterBot Lima round 1
randomSelections Alpha: {Alpha} 
ChatterBot Charlie round 1
ChatterBot Hotel round 1
randomSelections Papa: {Papa, Alpha, Juliett, Golf, X-ray, Lima, Oscar, Kilo} 
2024-10-14 19:23:28.552139 Papa: Friends?
ChatterBot Juliett reevaluating
ChatterBot Golf reevaluating
ChatterBot X-ray reevaluating
ChatterBot Lima reevaluating
ChatterBot Oscar reevaluating
ChatterBot Kilo reevaluating
2024-10-14 19:23:28.577745 Alpha: No
2024-10-14 19:23:28.578598 Juliett: Yes
2024-10-14 19:23:28.578746 Golf: Yes
2024-10-14 19:23:28.578904 X-ray: Yes
2024-10-14 19:23:28.579053 Lima: Yes
2024-10-14 19:23:28.579210 Oscar: Yes
2024-10-14 19:23:28.579350 Kilo: Yes
ChatterBot Juliett reevaluating
ChatterBot Golf reevaluating
ChatterBot X-ray reevaluating
ChatterBot Lima reevaluating
ChatterBot Oscar reevaluating
ChatterBot Kilo reevaluating
ChatterBot Golf reevaluating
ChatterBot X-ray reevaluating
ChatterBot Lima reevaluating
ChatterBot Oscar reevaluating
ChatterBot Kilo reevaluating
ChatterBot Juliett reevaluating
ChatterBot X-ray reevaluating
ChatterBot Lima reevaluating
ChatterBot Oscar reevaluating
ChatterBot Kilo reevaluating
ChatterBot Juliett reevaluating
ChatterBot Golf reevaluating
ChatterBot Lima reevaluating
ChatterBot Oscar reevaluating
ChatterBot Kilo reevaluating
ChatterBot Juliett reevaluating
ChatterBot Golf reevaluating
ChatterBot X-ray reevaluating
ChatterBot Oscar reevaluating
ChatterBot Kilo reevaluating
ChatterBot Juliett reevaluating
ChatterBot Golf reevaluating
ChatterBot X-ray reevaluating
ChatterBot Lima reevaluating
ChatterBot Kilo reevaluating
ChatterBot Juliett reevaluating
ChatterBot Golf reevaluating
ChatterBot X-ray reevaluating
ChatterBot Lima reevaluating
ChatterBot Oscar reevaluating
randomSelections Charlie: {Charlie, Alpha, Lima, Papa, X-ray, Hotel} 
2024-10-14 19:23:28.686128 Charlie: Group up?
ChatterBot Lima reevaluating
ChatterBot X-ray reevaluating
ChatterBot Hotel reevaluating
2024-10-14 19:23:28.692815 Alpha: No
2024-10-14 19:23:28.692949 Lima: No
2024-10-14 19:23:28.693066 Papa: No
2024-10-14 19:23:28.693586 X-ray: No
2024-10-14 19:23:28.693684 Hotel: Yes
ChatterBot Lima reevaluating
ChatterBot X-ray reevaluating
ChatterBot Hotel reevaluating
ChatterBot X-ray reevaluating
ChatterBot Hotel reevaluating
ChatterBot Lima reevaluating
ChatterBot X-ray reevaluating
ChatterBot Hotel reevaluating
ChatterBot Lima reevaluating
ChatterBot Hotel reevaluating
ChatterBot Lima reevaluating
ChatterBot X-ray reevaluating
2024-10-14 19:23:28.735748 Charlie: Alpha and Lima, sending you 1
2024-10-14 19:23:28.741673 Kilo: Papa, Golf and Oscar, sending you 3
2024-10-14 19:23:28.743754 Juliett: Papa, Alpha and Kilo, sending you 1
2024-10-14 19:23:28.744215 X-ray: Papa, Alpha and Kilo, sending you 1
2024-10-14 19:23:28.745753 Golf: Papa, Oscar and X-ray, sending you 2
2024-10-14 19:23:28.746713 Kilo: Juliett, sending you 6
2024-10-14 19:23:28.747045 Juliett: Golf, sending you 3
2024-10-14 19:23:28.747838 X-ray: Golf, sending you 5
2024-10-14 19:23:28.749703 Papa: Golf, Alpha, Oscar and Lima, sending you 2
2024-10-14 19:23:28.749983 Kilo: Lima, sending you 2
2024-10-14 19:23:28.750698 Oscar: Papa, sending you 1
2024-10-14 19:23:28.751089 Golf: Kilo, sending you 6
2024-10-14 19:23:28.751326 Hotel: Alpha, sending you 6
2024-10-14 19:23:28.752164 Lima: Papa and Juliett, sending you 1
2024-10-14 19:23:28.752667 Juliett: Oscar and X-ray, sending you 4
2024-10-14 19:23:28.753038 X-ray: Oscar, sending you 2
2024-10-14 19:23:28.754037 Papa: Juliett, sending you 1
2024-10-14 19:23:28.754590 Oscar: Golf, sending you 5
2024-10-14 19:23:28.756085 Golf: Lima, sending you 3
2024-10-14 19:23:28.756557 Hotel: X-ray, sending you 5
2024-10-14 19:23:28.756869 Lima: Golf and Alpha, sending you 3
2024-10-14 19:23:28.757251 Juliett: Lima, sending you 2
2024-10-14 19:23:28.758173 X-ray: Lima, sending you 4
2024-10-14 19:23:28.758746 Papa: X-ray and Kilo, sending you 3
2024-10-14 19:23:28.759367 Oscar: X-ray, Kilo and Lima, sending you 3
2024-10-14 19:23:28.760665 Hotel: Lima, sending you 1
2024-10-14 19:23:28.760991 Lima: Oscar, sending you 4
2024-10-14 19:23:28.763695 Hotel: Charlie, sending you 3
2024-10-14 19:23:28.764706 Lima: X-ray, sending you 2
chatterbot Papa submitting transactions
chatterbot Juliett submitting transactions
chatterbot Kilo submitting transactions
chatterbot Golf submitting transactions
chatterbot Lima submitting transactions
chatterbot Oscar submitting transactions
chatterbot X-ray submitting transactions
chatterbot Alpha submitting transactions
chatterbot Charlie submitting transactions
chatterbot Hotel submitting transactions
ChatterBot Papa round 2
ChatterBot Golf round 2
ChatterBot Alpha round 2
ChatterBot Oscar round 2
ChatterBot Juliett round 2
ChatterBot X-ray round 2
ChatterBot Kilo round 2
ChatterBot Lima round 2
ChatterBot Charlie round 2
ChatterBot Hotel round 2
2024-10-14 19:23:31.857369 Alpha: Let's form a team
ChatterBot Juliett reevaluating
ChatterBot X-ray reevaluating
ChatterBot Lima reevaluating
ChatterBot Oscar reevaluating
ChatterBot Kilo reevaluating
2024-10-14 19:23:31.914517 Papa: No
2024-10-14 19:23:31.914756 Juliett: No
2024-10-14 19:23:31.915360 Golf: No
2024-10-14 19:23:31.915545 X-ray: No
2024-10-14 19:23:31.915720 Lima: No
2024-10-14 19:23:31.915884 Oscar: No
2024-10-14 19:23:31.916049 Kilo: No
ChatterBot Alpha reevaluating
ChatterBot Juliett reevaluating
ChatterBot X-ray reevaluating
ChatterBot Lima reevaluating
ChatterBot Oscar reevaluating
ChatterBot Kilo reevaluating
ChatterBot Alpha reevaluating
ChatterBot X-ray reevaluating
ChatterBot Lima reevaluating
ChatterBot Oscar reevaluating
ChatterBot Kilo reevaluating
ChatterBot Alpha reevaluating
ChatterBot Juliett reevaluating
ChatterBot X-ray reevaluating
ChatterBot Lima reevaluating
ChatterBot Oscar reevaluating
ChatterBot Kilo reevaluating
ChatterBot Alpha reevaluating
ChatterBot Juliett reevaluating
ChatterBot Lima reevaluating
ChatterBot Oscar reevaluating
ChatterBot Kilo reevaluating
ChatterBot Alpha reevaluating
ChatterBot Juliett reevaluating
ChatterBot X-ray reevaluating
ChatterBot Oscar reevaluating
ChatterBot Kilo reevaluating
ChatterBot Alpha reevaluating
ChatterBot Juliett reevaluating
ChatterBot X-ray reevaluating
ChatterBot Lima reevaluating
ChatterBot Kilo reevaluating
ChatterBot Alpha reevaluating
ChatterBot Juliett reevaluating
ChatterBot X-ray reevaluating
ChatterBot Lima reevaluating
ChatterBot Oscar reevaluating
2024-10-14 19:23:32.362321 Golf: We should drop Alpha
ChatterBot Oscar reevaluating
ChatterBot Juliett reevaluating
ChatterBot X-ray reevaluating
ChatterBot Kilo reevaluating
ChatterBot Lima reevaluating
2024-10-14 19:23:32.392434 Papa: Yes
2024-10-14 19:23:32.392678 Oscar: Yes
2024-10-14 19:23:32.392868 Juliett: Yes
2024-10-14 19:23:32.393146 X-ray: Yes
2024-10-14 19:23:32.393776 Kilo: Yes
2024-10-14 19:23:32.393937 Lima: Yes
ChatterBot Oscar reevaluating
ChatterBot Juliett reevaluating
ChatterBot X-ray reevaluating
ChatterBot Kilo reevaluating
ChatterBot Lima reevaluating
ChatterBot Juliett reevaluating
ChatterBot X-ray reevaluating
ChatterBot Kilo reevaluating
ChatterBot Lima reevaluating
ChatterBot Oscar reevaluating
ChatterBot X-ray reevaluating
ChatterBot Kilo reevaluating
ChatterBot Lima reevaluating
ChatterBot Oscar reevaluating
ChatterBot Juliett reevaluating
ChatterBot Kilo reevaluating
ChatterBot Lima reevaluating
ChatterBot Oscar reevaluating
ChatterBot Juliett reevaluating
ChatterBot X-ray reevaluating
ChatterBot Lima reevaluating
ChatterBot Oscar reevaluating
ChatterBot Juliett reevaluating
ChatterBot X-ray reevaluating
ChatterBot Kilo reevaluating
2024-10-14 19:23:32.695597 Hotel: We would work well together
ChatterBot Alpha reevaluating
ChatterBot Charlie reevaluating
2024-10-14 19:23:32.708339 Alpha: No
2024-10-14 19:23:32.708540 Charlie: Yes
ChatterBot Charlie reevaluating
ChatterBot Alpha reevaluating
2024-10-14 19:23:32.730266 Charlie: Group up?
ChatterBot Alpha reevaluating
2024-10-14 19:23:32.741697 Hotel: Yes
2024-10-14 19:23:32.741859 Alpha: No
ChatterBot Alpha reevaluating
ChatterBot Charlie reevaluating
ChatterBot Charlie reevaluating
2024-10-14 19:23:32.778062 Lima: We should replace Alpha with Hotel
ChatterBot Oscar reevaluating
ChatterBot Juliett reevaluating
ChatterBot X-ray reevaluating
ChatterBot Kilo reevaluating
2024-10-14 19:23:32.829273 Golf: No
2024-10-14 19:23:32.829443 Papa: No
2024-10-14 19:23:32.830024 Oscar: No
2024-10-14 19:23:32.830192 Juliett: No
2024-10-14 19:23:32.830376 X-ray: No
2024-10-14 19:23:32.830527 Kilo: No
ChatterBot Oscar reevaluating
ChatterBot Juliett reevaluating
ChatterBot X-ray reevaluating
ChatterBot Kilo reevaluating
ChatterBot Lima reevaluating
ChatterBot Oscar reevaluating
ChatterBot Juliett reevaluating
ChatterBot X-ray reevaluating
ChatterBot Kilo reevaluating
ChatterBot Lima reevaluating
ChatterBot Juliett reevaluating
ChatterBot X-ray reevaluating
ChatterBot Kilo reevaluating
ChatterBot Lima reevaluating
ChatterBot Oscar reevaluating
ChatterBot X-ray reevaluating
ChatterBot Kilo reevaluating
ChatterBot Lima reevaluating
ChatterBot Oscar reevaluating
ChatterBot Juliett reevaluating
ChatterBot Kilo reevaluating
ChatterBot Lima reevaluating
ChatterBot Oscar reevaluating
ChatterBot Juliett reevaluating
ChatterBot X-ray reevaluating
ChatterBot Lima reevaluating
chatterbot Golf submitting transactions
2024-10-14 19:23:33.245424 Lima: Hotel we want you to join our group
ChatterBot Hotel reevaluating
2024-10-14 19:23:33.252822 Hotel: Yes
ChatterBot Oscar reevaluating
2024-10-14 19:23:33.307386 Hotel: Let's form a team
ChatterBot Oscar reevaluating
2024-10-14 19:23:33.361215 Lima: Yes
2024-10-14 19:23:33.361480 Papa: No
2024-10-14 19:23:33.361664 Golf: No
2024-10-14 19:23:33.361881 Oscar: Yes
2024-10-14 19:23:33.362055 Juliett: No
2024-10-14 19:23:33.362228 X-ray: No
2024-10-14 19:23:33.362894 Kilo: No
ChatterBot Oscar reevaluating
ChatterBot Hotel reevaluating
ChatterBot Oscar reevaluating
ChatterBot Hotel reevaluating
ChatterBot Oscar reevaluating
ChatterBot Hotel reevaluating
ChatterBot Hotel reevaluating
ChatterBot Oscar reevaluating
ChatterBot Hotel reevaluating
ChatterBot Oscar reevaluating
ChatterBot Hotel reevaluating
ChatterBot Oscar reevaluating
ChatterBot Hotel reevaluating
2024-10-14 19:23:33.747600 Charlie: Sending you 7
chatterbot Hotel submitting transactions
chatterbot Charlie submitting transactions
chatterbot Papa submitting transactions
2024-10-14 19:23:33.751142 Papa: Golf, sending you 4
2024-10-14 19:23:33.752064 X-ray: Sending you 5
2024-10-14 19:23:33.753248 Golf: Papa, Juliett, Kilo and Lima, sending you 2
2024-10-14 19:23:33.754254 Alpha: Papa, sending you 5
2024-10-14 19:23:33.755921 Oscar: Hotel we want you to join our group
ChatterBot Hotel reevaluating
2024-10-14 19:23:33.762018 Hotel: Yes
ChatterBot Juliett reevaluating
2024-10-14 19:23:33.803682 Papa: Oscar, Juliett, X-ray and Lima, sending you 2
2024-10-14 19:23:33.804724 Golf: Oscar, sending you 4
2024-10-14 19:23:33.805336 Alpha: Juliett and X-ray, sending you 3
2024-10-14 19:23:33.807884 Juliett: Hotel we want you to join our group
ChatterBot Hotel reevaluating
2024-10-14 19:23:33.811666 Hotel: Yes
ChatterBot Juliett reevaluating
2024-10-14 19:23:33.849829 Golf: X-ray, sending you 3
2024-10-14 19:23:33.850452 Papa: Kilo, sending you 6
2024-10-14 19:23:33.852922 Alpha: Lima, sending you 7
2024-10-14 19:23:33.853829 Lima: Papa, Golf, Oscar, Juliett and Kilo, sending you 2
2024-10-14 19:23:33.857716 Oscar: Papa, Golf, X-ray and Kilo, sending you 2
2024-10-14 19:23:33.859962 Kilo: Papa, Oscar, Juliett, X-ray and Lima, sending you 3
2024-10-14 19:23:33.861715 Lima: X-ray, sending you 3
2024-10-14 19:23:33.864689 Oscar: Juliett and Lima, sending you 3
2024-10-14 19:23:33.866704 Kilo: Golf, sending you 4
2024-10-14 19:23:33.868525 Lima: Hotel, sending you 1
2024-10-14 19:23:33.871384 Oscar: Hotel, sending you 1
2024-10-14 19:23:33.880688 Hotel: Papa and Golf, sending you 3
2024-10-14 19:23:33.881892 Juliett: Papa and Lima, sending you 2
2024-10-14 19:23:33.886678 Hotel: Oscar, Juliett, X-ray, Kilo and Lima, sending you 2
2024-10-14 19:23:33.888351 Juliett: Golf and Oscar, sending you 1
2024-10-14 19:23:33.892680 Juliett: Kilo, sending you 10
chatterbot Alpha submitting transactions
chatterbot Oscar submitting transactions
chatterbot Juliett submitting transactions
chatterbot Juliett submitting transactions
chatterbot Hotel submitting transactions
chatterbot X-ray submitting transactions
chatterbot Lima submitting transactions
chatterbot Kilo submitting transactions
ChatterBot Papa round 3
ChatterBot Golf round 3
ChatterBot Alpha round 3
ChatterBot Oscar round 3
ChatterBot Juliett round 3
ChatterBot X-ray round 3
ChatterBot Kilo round 3
ChatterBot Lima round 3
ChatterBot Charlie round 3
ChatterBot Hotel round 3
2024-10-14 19:23:34.759134 Juliett: We should replace X-ray with Alpha
ChatterBot Papa reevaluating
ChatterBot Golf reevaluating
ChatterBot Oscar reevaluating
ChatterBot Kilo reevaluating
ChatterBot Lima reevaluating
2024-10-14 19:23:34.786547 Papa: Yes
2024-10-14 19:23:34.786789 Golf: No
2024-10-14 19:23:34.786951 Oscar: No
2024-10-14 19:23:34.787110 Kilo: No
2024-10-14 19:23:34.787278 Lima: No
ChatterBot Golf reevaluating
ChatterBot Oscar reevaluating
ChatterBot Kilo reevaluating
ChatterBot Lima reevaluating
ChatterBot Papa reevaluating
ChatterBot Oscar reevaluating
ChatterBot Kilo reevaluating
ChatterBot Lima reevaluating
ChatterBot Papa reevaluating
ChatterBot Golf reevaluating
ChatterBot Kilo reevaluating
ChatterBot Lima reevaluating
ChatterBot Papa reevaluating
ChatterBot Golf reevaluating
ChatterBot Oscar reevaluating
ChatterBot Lima reevaluating
ChatterBot Papa reevaluating
ChatterBot Golf reevaluating
ChatterBot Oscar reevaluating
ChatterBot Kilo reevaluating
2024-10-14 19:23:34.908385 Lima: We should add Charlie
ChatterBot Papa reevaluating
ChatterBot Golf reevaluating
ChatterBot Oscar reevaluating
ChatterBot Kilo reevaluating
ChatterBot Hotel reevaluating
2024-10-14 19:23:34.961419 Papa: No
2024-10-14 19:23:34.961598 Golf: No
2024-10-14 19:23:34.961742 Oscar: No
2024-10-14 19:23:34.961875 Juliett: No
2024-10-14 19:23:34.962008 X-ray: No
2024-10-14 19:23:34.962170 Kilo: No
2024-10-14 19:23:34.962309 Hotel: Yes
ChatterBot Lima reevaluating
ChatterBot Golf reevaluating
ChatterBot Oscar reevaluating
ChatterBot Kilo reevaluating
ChatterBot Hotel reevaluating
ChatterBot Lima reevaluating
ChatterBot Papa reevaluating
ChatterBot Oscar reevaluating
ChatterBot Kilo reevaluating
ChatterBot Hotel reevaluating
ChatterBot Lima reevaluating
ChatterBot Papa reevaluating
ChatterBot Golf reevaluating
ChatterBot Kilo reevaluating
ChatterBot Hotel reevaluating
ChatterBot Lima reevaluating
ChatterBot Papa reevaluating
ChatterBot Golf reevaluating
ChatterBot Oscar reevaluating
ChatterBot Kilo reevaluating
ChatterBot Hotel reevaluating
ChatterBot Lima reevaluating
ChatterBot Papa reevaluating
ChatterBot Golf reevaluating
ChatterBot Oscar reevaluating
ChatterBot Kilo reevaluating
ChatterBot Hotel reevaluating
ChatterBot Lima reevaluating
ChatterBot Papa reevaluating
ChatterBot Golf reevaluating
ChatterBot Oscar reevaluating
ChatterBot Hotel reevaluating
ChatterBot Lima reevaluating
ChatterBot Papa reevaluating
ChatterBot Golf reevaluating
ChatterBot Oscar reevaluating
ChatterBot Kilo reevaluating
2024-10-14 19:23:35.391855 Charlie: We should add X-ray and Alpha
ChatterBot Hotel reevaluating
2024-10-14 19:23:35.396828 Hotel: No
ChatterBot Charlie reevaluating
2024-10-14 19:23:35.401598 Alpha: We should drop X-ray
ChatterBot Papa reevaluating
ChatterBot Golf reevaluating
ChatterBot Oscar reevaluating
ChatterBot Kilo reevaluating
ChatterBot Lima reevaluating
2024-10-14 19:23:35.423813 Papa: Yes
2024-10-14 19:23:35.424101 Golf: Yes
2024-10-14 19:23:35.424332 Oscar: Yes
2024-10-14 19:23:35.424576 Juliett: Yes
2024-10-14 19:23:35.424798 Kilo: Yes
2024-10-14 19:23:35.425462 Lima: Yes
ChatterBot Golf reevaluating
ChatterBot Oscar reevaluating
ChatterBot Kilo reevaluating
ChatterBot Lima reevaluating
ChatterBot Papa reevaluating
ChatterBot Oscar reevaluating
ChatterBot Kilo reevaluating
ChatterBot Lima reevaluating
ChatterBot Papa reevaluating
ChatterBot Golf reevaluating
ChatterBot Kilo reevaluating
ChatterBot Lima reevaluating
ChatterBot Papa reevaluating
ChatterBot Golf reevaluating
ChatterBot Oscar reevaluating
ChatterBot Kilo reevaluating
ChatterBot Lima reevaluating
ChatterBot Papa reevaluating
ChatterBot Golf reevaluating
ChatterBot Oscar reevaluating
ChatterBot Lima reevaluating
ChatterBot Papa reevaluating
ChatterBot Golf reevaluating
ChatterBot Oscar reevaluating
ChatterBot Kilo reevaluating
2024-10-14 19:23:35.605570 Juliett: Alpha we want you to join our group
2024-10-14 19:23:35.610964 Alpha: Yes
ChatterBot Papa reevaluating
ChatterBot Golf reevaluating
ChatterBot Oscar reevaluating
ChatterBot Kilo reevaluating
ChatterBot Lima reevaluating
2024-10-14 19:23:35.670301 Kilo: Alpha we want you to join our group
2024-10-14 19:23:35.676016 Alpha: Yes
ChatterBot Papa reevaluating
ChatterBot Golf reevaluating
ChatterBot Kilo reevaluating
2024-10-14 19:23:35.720669 Juliett: Papa, sending you 2
2024-10-14 19:23:35.721653 Alpha: Papa, sending you 6
2024-10-14 19:23:35.722071 X-ray: Same as last round
2024-10-14 19:23:35.722416 Hotel: X-ray and Charlie, sending you 6
2024-10-14 19:23:35.723239 Lima: Papa, Golf and Kilo, sending you 2
2024-10-14 19:23:35.723759 Oscar: Papa and Juliett, sending you 2
2024-10-14 19:23:35.724795 Papa: Alpha we want you to join our group
2024-10-14 19:23:35.729935 Alpha: Yes
ChatterBot Golf reevaluating
ChatterBot Kilo reevaluating
2024-10-14 19:23:35.762920 Alpha: Juliett, sending you 3
2024-10-14 19:23:35.764325 Hotel: Lima, sending you 4
2024-10-14 19:23:35.764708 Juliett: Golf, sending you 1
2024-10-14 19:23:35.765722 Lima: Alpha, sending you 4
2024-10-14 19:23:35.766279 Oscar: Golf, sending you 4
2024-10-14 19:23:35.767586 Charlie: Sending you 8
2024-10-14 19:23:35.770910 Alpha: Lima, sending you 10
2024-10-14 19:23:35.771436 Juliett: Alpha, Oscar and Lima, sending you 3
2024-10-14 19:23:35.772357 Lima: Oscar, sending you 3
2024-10-14 19:23:35.772954 Oscar: Alpha, sending you 1
2024-10-14 19:23:35.774775 Juliett: Kilo, sending you 6
2024-10-14 19:23:35.776730 Lima: Juliett, sending you 1
2024-10-14 19:23:35.777776 Oscar: Kilo and Lima, sending you 3
2024-10-14 19:23:35.778566 Papa: Golf, sending you 3
2024-10-14 19:23:35.782682 Papa: Alpha, sending you 5
2024-10-14 19:23:35.785817 Papa: Oscar, Juliett and Lima, sending you 2
2024-10-14 19:23:35.788684 Kilo: Papa, Golf, Oscar and Juliett, sending you 4
2024-10-14 19:23:35.791081 Papa: Kilo, sending you 4
2024-10-14 19:23:35.792963 Golf: Sending you each 3
2024-10-14 19:23:35.793685 Kilo: Lima, sending you 3
chatterbot Hotel submitting transactions
chatterbot X-ray submitting transactions
chatterbot Golf submitting transactions
chatterbot Oscar submitting transactions
chatterbot Charlie submitting transactions
chatterbot Juliett submitting transactions
chatterbot Kilo submitting transactions
chatterbot Lima submitting transactions
chatterbot Alpha submitting transactions
chatterbot Papa submitting transactions
ChatterBot Papa round 4
ChatterBot Golf round 4
ChatterBot Alpha round 4
ChatterBot Oscar round 4
ChatterBot Juliett round 4
ChatterBot X-ray round 4
ChatterBot Kilo round 4
ChatterBot Lima round 4
ChatterBot Charlie round 4
ChatterBot Hotel round 4
2024-10-14 19:23:36.732487 Golf: We should add Alpha
ChatterBot Juliett reevaluating
ChatterBot Oscar reevaluating
ChatterBot Kilo reevaluating
ChatterBot Lima reevaluating
2024-10-14 19:23:36.752495 Juliett: Yes
2024-10-14 19:23:36.752664 Papa: Yes
2024-10-14 19:23:36.752796 Oscar: Yes
2024-10-14 19:23:36.753333 Kilo: Yes
2024-10-14 19:23:36.753502 Lima: Yes
ChatterBot Oscar reevaluating
ChatterBot Kilo reevaluating
ChatterBot Lima reevaluating
ChatterBot Juliett reevaluating
ChatterBot Oscar reevaluating
ChatterBot Kilo reevaluating
ChatterBot Lima reevaluating
ChatterBot Juliett reevaluating
ChatterBot Kilo reevaluating
ChatterBot Lima reevaluating
ChatterBot Juliett reevaluating
ChatterBot Oscar reevaluating
ChatterBot Lima reevaluating
ChatterBot Juliett reevaluating
ChatterBot Oscar reevaluating
ChatterBot Kilo reevaluating
2024-10-14 19:23:36.878831 Golf: Alpha we want you to join our group
2024-10-14 19:23:36.883145 Alpha: Yes
ChatterBot Oscar reevaluating
ChatterBot Juliett reevaluating
ChatterBot Kilo reevaluating
ChatterBot Lima reevaluating
2024-10-14 19:23:36.907691 Papa: Golf, sending you 3
2024-10-14 19:23:36.910891 Kilo: Alpha we want you to join our group
2024-10-14 19:23:36.915725 Alpha: Yes
2024-10-14 19:23:36.934862 Papa: Alpha, sending you 5
2024-10-14 19:23:36.937719 Charlie: Sending you 9
2024-10-14 19:23:36.938531 Hotel: X-ray and Charlie, sending you 6
2024-10-14 19:23:36.938958 X-ray: Same as last round
2024-10-14 19:23:36.939244 Alpha: Papa, sending you 7
2024-10-14 19:23:36.939786 Golf: Papa, Oscar, Kilo and Lima, sending you 3
2024-10-14 19:23:36.940839 Papa: Oscar, Juliett and Lima, sending you 2
2024-10-14 19:23:36.941522 Oscar: Papa, sending you 2
2024-10-14 19:23:36.943681 Hotel: Lima, sending you 4
2024-10-14 19:23:36.944917 Alpha: Oscar, sending you 1
2024-10-14 19:23:36.945636 Papa: Kilo, sending you 4
2024-10-14 19:23:36.946773 Oscar: Golf, Juliett, Kilo and Lima, sending you 3
2024-10-14 19:23:36.947369 Golf: Alpha, sending you 1
2024-10-14 19:23:36.947981 Kilo: Papa, Golf, Alpha, Oscar and Lima, sending you 3
2024-10-14 19:23:36.949164 Alpha: Juliett, sending you 4
2024-10-14 19:23:36.950692 Oscar: Alpha, sending you 1
2024-10-14 19:23:36.951673 Golf: Juliett, sending you 2
2024-10-14 19:23:36.952746 Kilo: Juliett, sending you 4
2024-10-14 19:23:36.954663 Alpha: Lima, sending you 8
2024-10-14 19:23:36.956680 Juliett: Papa and Lima, sending you 2
2024-10-14 19:23:36.958042 Lima: Papa, sending you 1
2024-10-14 19:23:36.960673 Juliett: Golf, Alpha and Oscar, sending you 3
2024-10-14 19:23:36.962157 Lima: Golf, Oscar, Juliett and Kilo, sending you 2
2024-10-14 19:23:36.965692 Juliett: Kilo, sending you 5
2024-10-14 19:23:36.966341 Lima: Alpha, sending you 5
chatterbot X-ray submitting transactions
chatterbot Lima submitting transactions
chatterbot Oscar submitting transactions
chatterbot Charlie submitting transactions
chatterbot Hotel submitting transactions
chatterbot Papa submitting transactions
chatterbot Alpha submitting transactions
chatterbot Golf submitting transactions
chatterbot Kilo submitting transactions
chatterbot Juliett submitting transactions
ChatterBot Papa round 5
ChatterBot Golf round 5
ChatterBot Alpha round 5
ChatterBot Oscar round 5
ChatterBot Juliett round 5
ChatterBot X-ray round 5
ChatterBot Kilo round 5
ChatterBot Lima round 5
ChatterBot Charlie round 5
ChatterBot Hotel round 5
2024-10-14 19:23:38.197664 Papa: Golf, sending you 3
2024-10-14 19:23:38.198268 Alpha: Papa, sending you 6
2024-10-14 19:23:38.199646 Oscar: Papa, sending you 2
2024-10-14 19:23:38.202005 Hotel: We should drop Lima
2024-10-14 19:23:38.215116 X-ray: Yes
2024-10-14 19:23:38.215272 Charlie: Yes
ChatterBot Hotel reevaluating
ChatterBot Hotel reevaluating
2024-10-14 19:23:38.234342 Hotel: We should replace Lima with Oscar
2024-10-14 19:23:38.247753 X-ray: No
2024-10-14 19:23:38.247883 Charlie: No
ChatterBot Hotel reevaluating
ChatterBot Charlie reevaluating
ChatterBot Hotel reevaluating
2024-10-14 19:23:38.264215 Charlie: We should add X-ray and Oscar
ChatterBot Hotel reevaluating
2024-10-14 19:23:38.266442 Hotel: No
ChatterBot Charlie reevaluating
2024-10-14 19:23:38.269159 Alpha: Golf and Oscar, sending you 1
2024-10-14 19:23:38.270223 Papa: Alpha, sending you 5
2024-10-14 19:23:38.270849 Oscar: Golf, Juliett, Kilo and Lima, sending you 3
2024-10-14 19:23:38.273937 Alpha: Juliett, sending you 3
2024-10-14 19:23:38.274405 Golf: Papa, Oscar, Kilo and Lima, sending you 3
2024-10-14 19:23:38.274832 Papa: Oscar, Juliett and Lima, sending you 2
2024-10-14 19:23:38.275235 Juliett: Papa and Lima, sending you 2
2024-10-14 19:23:38.275623 X-ray: Same as last round
2024-10-14 19:23:38.275843 Oscar: Alpha, sending you 1
2024-10-14 19:23:38.276221 Kilo: Papa, Golf, Alpha, Oscar and Lima, sending you 3
2024-10-14 19:23:38.276625 Lima: Papa, sending you 1
2024-10-14 19:23:38.278231 Papa: Kilo, sending you 4
2024-10-14 19:23:38.278813 Juliett: Golf, Alpha and Oscar, sending you 3
2024-10-14 19:23:38.279470 Alpha: Kilo, sending you 2
2024-10-14 19:23:38.279870 Golf: Alpha, sending you 1
2024-10-14 19:23:38.280711 Kilo: Juliett, sending you 4
2024-10-14 19:23:38.282247 Lima: Golf, Oscar, Juliett and Kilo, sending you 2
2024-10-14 19:23:38.283671 Juliett: Kilo, sending you 5
2024-10-14 19:23:38.284304 Golf: Juliett, sending you 2
2024-10-14 19:23:38.285455 Alpha: Lima, sending you 7
2024-10-14 19:23:38.286057 Lima: Alpha, sending you 5
2024-10-14 19:23:38.287708 Charlie: Same as last round
2024-10-14 19:23:38.294766 Hotel: Sending you each 8
chatterbot Papa submitting transactions
chatterbot X-ray submitting transactions
chatterbot Oscar submitting transactions
chatterbot Kilo submitting transactions
chatterbot Lima submitting transactions
chatterbot Golf submitting transactions
chatterbot Alpha submitting transactions
chatterbot Hotel submitting transactions
chatterbot Juliett submitting transactions
chatterbot Charlie submitting transactions
ChatterBot Papa round 6
ChatterBot Golf round 6
ChatterBot Alpha round 6
ChatterBot Oscar round 6
ChatterBot Juliett round 6
ChatterBot X-ray round 6
ChatterBot Kilo round 6
ChatterBot Lima round 6
ChatterBot Charlie round 6
ChatterBot Hotel round 6
2024-10-14 19:23:39.796554 Hotel: We should add Oscar
2024-10-14 19:23:39.814898 X-ray: No
2024-10-14 19:23:39.815091 Charlie: No
ChatterBot Hotel reevaluating
ChatterBot Hotel reevaluating
2024-10-14 19:23:39.849129 Hotel: We should add Golf
2024-10-14 19:23:39.863736 X-ray: No
2024-10-14 19:23:39.863900 Charlie: No
ChatterBot Hotel reevaluating
ChatterBot Hotel reevaluating
2024-10-14 19:23:39.896667 Lima: Papa, sending you 1
2024-10-14 19:23:39.898417 Alpha: Papa, sending you 5
2024-10-14 19:23:39.898993 Papa: Golf, sending you 3
2024-10-14 19:23:39.900198 Golf: Papa, Oscar, Kilo and Lima, sending you 3
2024-10-14 19:23:39.900750 X-ray: Same as last round
2024-10-14 19:23:39.901018 Lima: Golf, Oscar, Juliett and Kilo, sending you 2
2024-10-14 19:23:39.902683 Alpha: Golf and Oscar, sending you 1
2024-10-14 19:23:39.903485 Papa: Alpha, sending you 5
2024-10-14 19:23:39.904821 Oscar: Papa, sending you 2
2024-10-14 19:23:39.905312 Juliett: Papa, sending you 1
2024-10-14 19:23:39.906435 Golf: Alpha, sending you 1
2024-10-14 19:23:39.907098 Lima: Alpha, sending you 5
2024-10-14 19:23:39.907690 Alpha: Juliett and Kilo, sending you 3
2024-10-14 19:23:39.908670 Oscar: Golf, Juliett, Kilo and Lima, sending you 3
2024-10-14 19:23:39.909254 Papa: Oscar, Juliett and Lima, sending you 2
2024-10-14 19:23:39.910103 Juliett: Golf, Alpha, Oscar and Lima, sending you 3
2024-10-14 19:23:39.911366 Golf: Juliett, sending you 2
2024-10-14 19:23:39.912567 Oscar: Alpha, sending you 1
2024-10-14 19:23:39.913415 Papa: Kilo, sending you 4
2024-10-14 19:23:39.914555 Alpha: Lima, sending you 7
2024-10-14 19:23:39.915363 Charlie: Sending you 10
2024-10-14 19:23:39.915645 Kilo: Papa, Golf, Alpha, Oscar and Lima, sending you 3
2024-10-14 19:23:39.916874 Hotel: Same as last round
2024-10-14 19:23:39.917196 Juliett: Kilo, sending you 5
2024-10-14 19:23:39.921661 Kilo: Juliett, sending you 4
chatterbot Golf submitting transactions
chatterbot Charlie submitting transactions
chatterbot Lima submitting transactions
chatterbot Juliett submitting transactions
chatterbot Papa submitting transactions
chatterbot Hotel submitting transactions
chatterbot Kilo submitting transactions
chatterbot X-ray submitting transactions
chatterbot Alpha submitting transactions
chatterbot Oscar submitting transactions
ChatterBot Papa round 7
ChatterBot Golf round 7
ChatterBot Alpha round 7
ChatterBot Oscar round 7
ChatterBot Juliett round 7
ChatterBot X-ray round 7
ChatterBot Kilo round 7
ChatterBot Lima round 7
ChatterBot Charlie round 7
ChatterBot Hotel round 7
2024-10-14 19:23:41.055698 Papa: Golf, sending you 3
2024-10-14 19:23:41.057104 Golf: Papa, Oscar, Kilo and Lima, sending you 3
2024-10-14 19:23:41.059692 Papa: Alpha, sending you 5
2024-10-14 19:23:41.062737 Golf: Alpha, sending you 1
2024-10-14 19:23:41.064947 Papa: Oscar, Juliett and Lima, sending you 2
2024-10-14 19:23:41.065952 Oscar: Papa, sending you 2
2024-10-14 19:23:41.067309 Hotel: Same as last round
2024-10-14 19:23:41.068720 Golf: Juliett, sending you 2
2024-10-14 19:23:41.071125 Papa: Kilo, sending you 4
2024-10-14 19:23:41.072742 Oscar: Golf, Juliett, Kilo and Lima, sending you 3
2024-10-14 19:23:41.073799 Alpha: Papa, sending you 5
2024-10-14 19:23:41.076779 X-ray: Same as last round
2024-10-14 19:23:41.077152 Lima: Papa, sending you 1
2024-10-14 19:23:41.079438 Kilo: Papa, Golf, Alpha, Oscar and Lima, sending you 3
2024-10-14 19:23:41.080479 Charlie: Same as last round
2024-10-14 19:23:41.082116 Juliett: Papa and Golf, sending you 2
2024-10-14 19:23:41.083348 Oscar: Alpha, sending you 1
2024-10-14 19:23:41.087554 Alpha: Golf and Oscar, sending you 1
2024-10-14 19:23:41.089314 Lima: Golf, Oscar, Juliett and Kilo, sending you 2
2024-10-14 19:23:41.091402 Kilo: Juliett, sending you 4
2024-10-14 19:23:41.092244 Juliett: Alpha, Oscar and Lima, sending you 3
2024-10-14 19:23:41.096736 Alpha: Juliett and Kilo, sending you 3
2024-10-14 19:23:41.097828 Lima: Alpha, sending you 5
2024-10-14 19:23:41.101690 Juliett: Kilo, sending you 5
2024-10-14 19:23:41.102959 Alpha: Lima, sending you 7
chatterbot Golf submitting transactions
chatterbot Hotel submitting transactions
chatterbot Kilo submitting transactions
chatterbot Alpha submitting transactions
chatterbot X-ray submitting transactions
chatterbot Oscar submitting transactions
chatterbot Papa submitting transactions
chatterbot Charlie submitting transactions
chatterbot Juliett submitting transactions
chatterbot Lima submitting transactions
ChatterBot Papa round 8
ChatterBot Golf round 8
ChatterBot Alpha round 8
ChatterBot Oscar round 8
ChatterBot Juliett round 8
ChatterBot X-ray round 8
ChatterBot Kilo round 8
ChatterBot Lima round 8
ChatterBot Charlie round 8
ChatterBot Hotel round 8
2024-10-14 19:23:42.475814 Lima: Papa, sending you 1
2024-10-14 19:23:42.478030 Golf: Papa, Oscar, Kilo and Lima, sending you 3
2024-10-14 19:23:42.479949 X-ray: Same as last round
2024-10-14 19:23:42.480368 Alpha: Papa, sending you 5
2024-10-14 19:23:42.482124 Papa: Golf, sending you 3
2024-10-14 19:23:42.484087 Juliett: Papa and Golf, sending you 2
2024-10-14 19:23:42.485992 Kilo: Papa, Golf, Alpha, Oscar and Lima, sending you 3
2024-10-14 19:23:42.487422 Oscar: Papa, sending you 2
2024-10-14 19:23:42.488979 Lima: Golf, Oscar, Juliett and Kilo, sending you 2
2024-10-14 19:23:42.490342 Golf: Alpha, sending you 1
2024-10-14 19:23:42.492182 Alpha: Golf and Oscar, sending you 1
2024-10-14 19:23:42.493609 Papa: Alpha, sending you 5
2024-10-14 19:23:42.495311 Kilo: Juliett, sending you 4
2024-10-14 19:23:42.497176 Juliett: Alpha, Oscar and Lima, sending you 3
2024-10-14 19:23:42.499183 Oscar: Golf, Juliett, Kilo and Lima, sending you 3
2024-10-14 19:23:42.500991 Hotel: Same as last round
2024-10-14 19:23:42.502173 Charlie: Same as last round
2024-10-14 19:23:42.502682 Lima: Alpha, sending you 5
2024-10-14 19:23:42.505277 Golf: Juliett, sending you 2
2024-10-14 19:23:42.507542 Alpha: Juliett and Kilo, sending you 3
2024-10-14 19:23:42.509094 Papa: Oscar, Juliett and Lima, sending you 2
2024-10-14 19:23:42.512082 Juliett: Kilo, sending you 5
2024-10-14 19:23:42.519518 Oscar: Alpha, sending you 1
2024-10-14 19:23:42.525833 Alpha: Lima, sending you 7
2024-10-14 19:23:42.530964 Papa: Kilo, sending you 4
chatterbot Golf submitting transactions
chatterbot Kilo submitting transactions
chatterbot Papa submitting transactions
chatterbot Hotel submitting transactions
chatterbot Alpha submitting transactions
chatterbot Lima submitting transactions
chatterbot Juliett submitting transactions
chatterbot Charlie submitting transactions
chatterbot Oscar submitting transactions
chatterbot X-ray submitting transactions
ChatterBot Papa round 9
ChatterBot Golf round 9
ChatterBot Alpha round 9
ChatterBot Oscar round 9
ChatterBot Juliett round 9
ChatterBot X-ray round 9
ChatterBot Kilo round 9
ChatterBot Lima round 9
ChatterBot Charlie round 9
ChatterBot Hotel round 9
2024-10-14 19:23:43.757698 Oscar: Papa, sending you 2
2024-10-14 19:23:43.765670 Oscar: Golf, Juliett, Kilo and Lima, sending you 3
2024-10-14 19:23:43.768878 Golf: Papa, Oscar, Kilo and Lima, sending you 3
2024-10-14 19:23:43.772501 Lima: Papa, sending you 1
2024-10-14 19:23:43.774726 Hotel: Same as last round
2024-10-14 19:23:43.776332 X-ray: Same as last round
2024-10-14 19:23:43.776935 Oscar: Alpha, sending you 1
2024-10-14 19:23:43.779957 Golf: Alpha, sending you 1
2024-10-14 19:23:43.783157 Lima: Golf, Oscar, Juliett and Kilo, sending you 2
2024-10-14 19:23:43.785522 Juliett: Papa and Golf, sending you 2
2024-10-14 19:23:43.788094 Kilo: Papa, Golf, Alpha, Oscar and Lima, sending you 3
2024-10-14 19:23:43.791204 Papa: Golf, sending you 3
2024-10-14 19:23:43.792984 Alpha: Papa, sending you 5
2024-10-14 19:23:43.794083 Charlie: Same as last round
2024-10-14 19:23:43.794903 Golf: Juliett, sending you 2
2024-10-14 19:23:43.796074 Lima: Alpha, sending you 5
2024-10-14 19:23:43.798036 Juliett: Alpha, Oscar and Lima, sending you 3
2024-10-14 19:23:43.800128 Kilo: Juliett, sending you 4
2024-10-14 19:23:43.801707 Papa: Alpha, sending you 5
2024-10-14 19:23:43.803747 Alpha: Golf and Oscar, sending you 1
2024-10-14 19:23:43.805263 Juliett: Kilo, sending you 5
2024-10-14 19:23:43.807689 Papa: Oscar, Juliett and Lima, sending you 2
2024-10-14 19:23:43.809686 Alpha: Juliett and Kilo, sending you 3
2024-10-14 19:23:43.812709 Papa: Kilo, sending you 4
2024-10-14 19:23:43.815896 Alpha: Lima, sending you 7
chatterbot Papa submitting transactions
chatterbot Charlie submitting transactions
chatterbot Alpha submitting transactions
chatterbot Golf submitting transactions
chatterbot Lima submitting transactions
chatterbot Kilo submitting transactions
chatterbot X-ray submitting transactions
chatterbot Oscar submitting transactions
chatterbot Juliett submitting transactions
chatterbot Hotel submitting transactions
ChatterBot Papa round 10
ChatterBot Golf round 10
ChatterBot Alpha round 10
ChatterBot Oscar round 10
ChatterBot Juliett round 10
ChatterBot X-ray round 10
ChatterBot Kilo round 10
ChatterBot Lima round 10
ChatterBot Charlie round 10
ChatterBot Hotel round 10
2024-10-14 19:23:45.066986 Golf: Papa, Oscar, Kilo and Lima, sending you 3
2024-10-14 19:23:45.069135 Oscar: Papa, sending you 2
2024-10-14 19:23:45.071194 Juliett: Papa and Golf, sending you 2
2024-10-14 19:23:45.073827 Alpha: Papa, sending you 5
2024-10-14 19:23:45.075805 Golf: Alpha, sending you 1
2024-10-14 19:23:45.077724 Papa: Golf, sending you 3
2024-10-14 19:23:45.079996 Oscar: Golf, Juliett, Kilo and Lima, sending you 3
2024-10-14 19:23:45.082861 Juliett: Alpha, Oscar and Lima, sending you 3
2024-10-14 19:23:45.084543 Charlie: Same as last round
2024-10-14 19:23:45.084934 Lima: Papa, sending you 1
2024-10-14 19:23:45.086803 Alpha: Golf and Oscar, sending you 1
2024-10-14 19:23:45.088373 Golf: Juliett, sending you 2
2024-10-14 19:23:45.090259 Kilo: Papa, Golf, Alpha, Oscar and Lima, sending you 3
2024-10-14 19:23:45.092040 Papa: Alpha, sending you 5
2024-10-14 19:23:45.093938 Oscar: Alpha, sending you 1
2024-10-14 19:23:45.096269 Juliett: Kilo, sending you 5
2024-10-14 19:23:45.098373 Lima: Golf, Oscar, Juliett and Kilo, sending you 2
2024-10-14 19:23:45.100430 Alpha: Juliett and Kilo, sending you 3
2024-10-14 19:23:45.102196 Kilo: Juliett, sending you 4
2024-10-14 19:23:45.104175 Papa: Oscar, Juliett and Lima, sending you 2
2024-10-14 19:23:45.106958 Hotel: Same as last round
2024-10-14 19:23:45.107395 Lima: Alpha, sending you 5
2024-10-14 19:23:45.109254 Alpha: Lima, sending you 7
2024-10-14 19:23:45.112556 Papa: Kilo, sending you 4
chatterbot Golf submitting transactions
chatterbot Papa submitting transactions
chatterbot Juliett submitting transactions
chatterbot Alpha submitting transactions
chatterbot Hotel submitting transactions
chatterbot Kilo submitting transactions
chatterbot Charlie submitting transactions
chatterbot Lima submitting transactions
chatterbot X-ray submitting transactions
chatterbot Oscar submitting transactions
ChatterBot Papa round 11
ChatterBot Golf round 11
ChatterBot Alpha round 11
ChatterBot Oscar round 11
ChatterBot Juliett round 11
ChatterBot X-ray round 11
2024-10-14 19:23:46.245186 Oscar: We should add Hotel
ChatterBot Alpha reevaluating
2024-10-14 19:23:46.269163 Alpha: No
2024-10-14 19:23:46.269424 Papa: No
2024-10-14 19:23:46.269585 Golf: No
2024-10-14 19:23:46.269749 Juliett: No
2024-10-14 19:23:46.269902 Kilo: No
2024-10-14 19:23:46.270057 Lima: No
ChatterBot Alpha reevaluating
ChatterBot Alpha reevaluating
ChatterBot Alpha reevaluating
ChatterBot Oscar reevaluating
ChatterBot Alpha reevaluating
ChatterBot Oscar reevaluating
ChatterBot Alpha reevaluating
ChatterBot Oscar reevaluating
ChatterBot Kilo round 11
ChatterBot Lima round 11
ChatterBot Charlie round 11
ChatterBot Hotel round 11
2024-10-14 19:23:46.431081 Hotel: We should add Papa
ChatterBot Charlie reevaluating
2024-10-14 19:23:46.445818 X-ray: No
2024-10-14 19:23:46.445987 Charlie: Yes
ChatterBot Hotel reevaluating
ChatterBot Charlie reevaluating
ChatterBot Hotel reevaluating
2024-10-14 19:23:46.572385 Charlie: We would work well together
ChatterBot Papa reevaluating
ChatterBot Alpha reevaluating
ChatterBot Oscar reevaluating
ChatterBot Lima reevaluating
2024-10-14 19:23:46.603221 Papa: Yes
2024-10-14 19:23:46.603457 Golf: No
2024-10-14 19:23:46.604142 Alpha: No
2024-10-14 19:23:46.604278 Oscar: Yes
2024-10-14 19:23:46.604444 Juliett: No
2024-10-14 19:23:46.604653 Kilo: No
2024-10-14 19:23:46.604825 Lima: Yes
ChatterBot Charlie reevaluating
ChatterBot Alpha reevaluating
ChatterBot Oscar reevaluating
ChatterBot Lima reevaluating
ChatterBot Charlie reevaluating
ChatterBot Papa reevaluating
ChatterBot Alpha reevaluating
ChatterBot Oscar reevaluating
ChatterBot Lima reevaluating
ChatterBot Charlie reevaluating
ChatterBot Papa reevaluating
ChatterBot Oscar reevaluating
ChatterBot Lima reevaluating
ChatterBot Charlie reevaluating
ChatterBot Papa reevaluating
ChatterBot Alpha reevaluating
ChatterBot Lima reevaluating
ChatterBot Charlie reevaluating
ChatterBot Papa reevaluating
ChatterBot Alpha reevaluating
ChatterBot Oscar reevaluating
ChatterBot Lima reevaluating
ChatterBot Charlie reevaluating
ChatterBot Papa reevaluating
ChatterBot Alpha reevaluating
ChatterBot Oscar reevaluating
ChatterBot Lima reevaluating
ChatterBot Charlie reevaluating
ChatterBot Papa reevaluating
ChatterBot Alpha reevaluating
ChatterBot Oscar reevaluating
2024-10-14 19:23:46.842619 Oscar: We should add Charlie
2024-10-14 19:23:46.843051 Lima: We should add Charlie
ChatterBot Alpha reevaluating
ChatterBot Papa reevaluating
ChatterBot Lima reevaluating
2024-10-14 19:23:46.872508 Alpha: No
ChatterBot Alpha reevaluating
2024-10-14 19:23:46.877473 Papa: No
ChatterBot Papa reevaluating
2024-10-14 19:23:46.882065 Golf: No
ChatterBot Oscar reevaluating
2024-10-14 19:23:46.891265 Juliett: No
2024-10-14 19:23:46.894886 Kilo: No
2024-10-14 19:23:46.898958 Lima: Yes
2024-10-14 19:23:46.899235 Alpha: No
2024-10-14 19:23:46.899361 Papa: Yes
2024-10-14 19:23:46.899489 Golf: No
2024-10-14 19:23:46.899627 Oscar: Yes
2024-10-14 19:23:46.900197 Juliett: No
