ChatterBot Uniform round 1
ChatterBot Sierra round 1
ChatterBot Whiskey round 1
ChatterBot Alpha round 1
ChatterBot Golf round 1
ChatterBot Tango round 1
ChatterBot Echo round 1
ChatterBot Delta round 1
ChatterBot Victor round 1
ChatterBot X-ray round 1
randomSelections Uniform: {Uniform, Echo, Tango, Whiskey, Alpha, X-ray} 
2024-10-14 19:23:28.443829 Uniform: Can we be friends?
ChatterBot Echo reevaluating
ChatterBot Tango reevaluating
ChatterBot Whiskey reevaluating
ChatterBot Alpha reevaluating
ChatterBot X-ray reevaluating
2024-10-14 19:23:28.459276 Echo: Yes
2024-10-14 19:23:28.460219 Tango: Yes
2024-10-14 19:23:28.460338 Whiskey: Yes
2024-10-14 19:23:28.460461 Alpha: Yes
2024-10-14 19:23:28.460580 X-ray: Yes
ChatterBot Tango reevaluating
ChatterBot Whiskey reevaluating
ChatterBot Alpha reevaluating
ChatterBot X-ray reevaluating
ChatterBot Echo reevaluating
ChatterBot Whiskey reevaluating
ChatterBot Alpha reevaluating
ChatterBot X-ray reevaluating
ChatterBot Echo reevaluating
ChatterBot Tango reevaluating
ChatterBot Alpha reevaluating
ChatterBot X-ray reevaluating
ChatterBot Echo reevaluating
ChatterBot Tango reevaluating
ChatterBot Whiskey reevaluating
ChatterBot X-ray reevaluating
ChatterBot Echo reevaluating
ChatterBot Tango reevaluating
ChatterBot Whiskey reevaluating
ChatterBot Alpha reevaluating
randomSelections Sierra: {Sierra, X-ray, Victor} 
2024-10-14 19:23:28.521994 Sierra: Can we be friends?
ChatterBot X-ray reevaluating
ChatterBot Victor reevaluating
2024-10-14 19:23:28.525475 X-ray: No
2024-10-14 19:23:28.525604 Victor: Yes
ChatterBot Victor reevaluating
ChatterBot X-ray reevaluating
randomSelections Golf: {Golf} 
randomSelections Delta: {Delta, Whiskey, Alpha, Uniform, Sierra, Victor} 
2024-10-14 19:23:28.542149 Delta: We should group up
ChatterBot Whiskey reevaluating
ChatterBot Alpha reevaluating
ChatterBot Victor reevaluating
2024-10-14 19:23:28.554243 Whiskey: No
2024-10-14 19:23:28.555059 Alpha: No
2024-10-14 19:23:28.555227 Uniform: No
2024-10-14 19:23:28.555438 Sierra: No
2024-10-14 19:23:28.555611 Victor: No
ChatterBot Alpha reevaluating
ChatterBot Victor reevaluating
ChatterBot Whiskey reevaluating
ChatterBot Victor reevaluating
ChatterBot Whiskey reevaluating
ChatterBot Alpha reevaluating
ChatterBot Victor reevaluating
ChatterBot Whiskey reevaluating
ChatterBot Alpha reevaluating
ChatterBot Victor reevaluating
ChatterBot Whiskey reevaluating
ChatterBot Alpha reevaluating
2024-10-14 19:23:28.637815 Sierra: Victor, sending you 6
2024-10-14 19:23:28.639295 X-ray: Uniform, sending you 2
2024-10-14 19:23:28.639842 Uniform: Whiskey, sending you 5
2024-10-14 19:23:28.640130 Echo: Uniform, sending you 4
2024-10-14 19:23:28.641010 Tango: Uniform and X-ray, sending you 2
2024-10-14 19:23:28.641319 Sierra: X-ray, sending you 10
2024-10-14 19:23:28.644434 Uniform: Alpha, sending you 1
2024-10-14 19:23:28.644847 Tango: Whiskey, sending you 1
2024-10-14 19:23:28.645264 X-ray: Whiskey and Echo, sending you 1
2024-10-14 19:23:28.646554 Echo: Whiskey, sending you 6
2024-10-14 19:23:28.646959 Delta: Uniform and Victor, sending you 3
2024-10-14 19:23:28.648300 Whiskey: Uniform, Echo and X-ray, sending you 2
2024-10-14 19:23:28.648723 Tango: Alpha, sending you 4
2024-10-14 19:23:28.649035 Victor: Sending you each 8
2024-10-14 19:23:28.650092 Uniform: Tango, sending you 2
2024-10-14 19:23:28.650466 Delta: Sierra, sending you 2
2024-10-14 19:23:28.650880 X-ray: Alpha, sending you 3
2024-10-14 19:23:28.651822 Echo: Alpha, sending you 2
2024-10-14 19:23:28.653817 Whiskey: Alpha, sending you 6
2024-10-14 19:23:28.654229 Tango: Echo, sending you 6
2024-10-14 19:23:28.654664 Uniform: Echo, sending you 4
2024-10-14 19:23:28.655007 Alpha: Uniform and Echo, sending you 3
2024-10-14 19:23:28.656165 Echo: Tango and X-ray, sending you 1
2024-10-14 19:23:28.656593 Delta: Whiskey, sending you 1
2024-10-14 19:23:28.657681 X-ray: Tango, sending you 7
2024-10-14 19:23:28.658156 Whiskey: Tango, sending you 5
2024-10-14 19:23:28.659944 Uniform: X-ray, sending you 3
2024-10-14 19:23:28.660337 Alpha: Whiskey and Tango, sending you 2
2024-10-14 19:23:28.660718 Delta: Alpha, sending you 7
2024-10-14 19:23:28.663824 Alpha: X-ray, sending you 5
chatterbot Golf submitting transactions
chatterbot Delta submitting transactions
chatterbot Uniform submitting transactions
chatterbot Tango submitting transactions
chatterbot Alpha submitting transactions
chatterbot Sierra submitting transactions
chatterbot X-ray submitting transactions
chatterbot Victor submitting transactions
chatterbot Echo submitting transactions
chatterbot Whiskey submitting transactions
ChatterBot Uniform round 2
ChatterBot Sierra round 2
ChatterBot Whiskey round 2
ChatterBot Alpha round 2
ChatterBot Golf round 2
ChatterBot Tango round 2
2024-10-14 19:23:31.914675 Sierra: We should replace X-ray with Delta
ChatterBot Victor reevaluating
2024-10-14 19:23:31.934681 Victor: No
ChatterBot Echo round 2
2024-10-14 19:23:31.948629 Alpha: We should add Delta
ChatterBot Uniform reevaluating
ChatterBot Echo reevaluating
ChatterBot Tango reevaluating
ChatterBot Whiskey reevaluating
ChatterBot X-ray reevaluating
2024-10-14 19:23:31.994554 Uniform: Yes
2024-10-14 19:23:31.994836 Echo: No
2024-10-14 19:23:31.995029 Tango: Yes
2024-10-14 19:23:31.995223 Whiskey: No
2024-10-14 19:23:31.995418 X-ray: No
ChatterBot Echo reevaluating
ChatterBot Tango reevaluating
ChatterBot Whiskey reevaluating
ChatterBot X-ray reevaluating
ChatterBot Uniform reevaluating
ChatterBot Tango reevaluating
ChatterBot Whiskey reevaluating
ChatterBot X-ray reevaluating
ChatterBot Uniform reevaluating
ChatterBot Echo reevaluating
ChatterBot Whiskey reevaluating
ChatterBot X-ray reevaluating
ChatterBot Uniform reevaluating
ChatterBot Echo reevaluating
ChatterBot Tango reevaluating
ChatterBot X-ray reevaluating
ChatterBot Uniform reevaluating
ChatterBot Echo reevaluating
ChatterBot Tango reevaluating
ChatterBot Whiskey reevaluating
ChatterBot Delta round 2
ChatterBot Victor round 2
ChatterBot X-ray round 2
2024-10-14 19:23:32.159962 Sierra: Delta we want you to join our group
ChatterBot Delta reevaluating
2024-10-14 19:23:32.164295 Delta: Yes
ChatterBot Victor reevaluating
2024-10-14 19:23:32.172107 Delta: Let's form a team
2024-10-14 19:23:32.172323 Victor: We should replace X-ray with Delta
ChatterBot Victor reevaluating
ChatterBot Golf reevaluating
2024-10-14 19:23:32.183903 Sierra: No
2024-10-14 19:23:32.187464 Victor: No
2024-10-14 19:23:32.187600 Golf: No
2024-10-14 19:23:32.187734 Sierra: Yes
ChatterBot Delta reevaluating
ChatterBot Victor reevaluating
ChatterBot Golf reevaluating
ChatterBot Delta reevaluating
ChatterBot Golf reevaluating
ChatterBot Delta reevaluating
ChatterBot Victor reevaluating
ChatterBot Victor reevaluating
2024-10-14 19:23:32.306179 Alpha: Delta we want you to join our group
ChatterBot Delta reevaluating
2024-10-14 19:23:32.311738 Delta: Yes
ChatterBot Uniform reevaluating
ChatterBot Whiskey reevaluating
ChatterBot Tango reevaluating
ChatterBot Echo reevaluating
ChatterBot X-ray reevaluating
2024-10-14 19:23:32.339289 Delta: We should group up
2024-10-14 19:23:32.339999 X-ray: Friends?
ChatterBot X-ray reevaluating
ChatterBot Uniform reevaluating
ChatterBot Whiskey reevaluating
ChatterBot Tango reevaluating
ChatterBot Echo reevaluating
ChatterBot Victor reevaluating
2024-10-14 19:23:32.376491 X-ray: Yes
2024-10-14 19:23:32.376827 Uniform: Yes
ChatterBot Uniform reevaluating
2024-10-14 19:23:32.382020 Whiskey: No
ChatterBot Whiskey reevaluating
2024-10-14 19:23:32.386464 Alpha: Yes
2024-10-14 19:23:32.390636 Tango: Yes
ChatterBot Tango reevaluating
2024-10-14 19:23:32.394728 Echo: Yes
ChatterBot Echo reevaluating
ChatterBot Delta reevaluating
2024-10-14 19:23:32.403576 Sierra: No
2024-10-14 19:23:32.403744 Victor: No
2024-10-14 19:23:32.403975 Uniform: No
2024-10-14 19:23:32.404116 Whiskey: No
2024-10-14 19:23:32.404267 Alpha: No
2024-10-14 19:23:32.404493 Tango: No
2024-10-14 19:23:32.405070 Echo: No
2024-10-14 19:23:32.405271 Delta: No
ChatterBot Uniform reevaluating
ChatterBot Whiskey reevaluating
ChatterBot Tango reevaluating
ChatterBot Echo reevaluating
ChatterBot Delta reevaluating
ChatterBot Victor reevaluating
ChatterBot Whiskey reevaluating
ChatterBot Tango reevaluating
ChatterBot Echo reevaluating
ChatterBot X-ray reevaluating
ChatterBot Delta reevaluating
ChatterBot Uniform reevaluating
ChatterBot Tango reevaluating
ChatterBot Echo reevaluating
ChatterBot X-ray reevaluating
ChatterBot Delta reevaluating
ChatterBot Victor reevaluating
ChatterBot Uniform reevaluating
ChatterBot Whiskey reevaluating
ChatterBot Tango reevaluating
ChatterBot Echo reevaluating
ChatterBot X-ray reevaluating
ChatterBot Delta reevaluating
ChatterBot Victor reevaluating
ChatterBot Uniform reevaluating
ChatterBot Whiskey reevaluating
ChatterBot Echo reevaluating
ChatterBot X-ray reevaluating
ChatterBot Delta reevaluating
ChatterBot Victor reevaluating
ChatterBot Uniform reevaluating
ChatterBot Whiskey reevaluating
ChatterBot Tango reevaluating
ChatterBot X-ray reevaluating
ChatterBot Delta reevaluating
ChatterBot Victor reevaluating
ChatterBot Uniform reevaluating
ChatterBot Whiskey reevaluating
ChatterBot Tango reevaluating
ChatterBot Echo reevaluating
ChatterBot X-ray reevaluating
ChatterBot Delta reevaluating
ChatterBot Victor reevaluating
ChatterBot Uniform reevaluating
ChatterBot Whiskey reevaluating
ChatterBot Tango reevaluating
ChatterBot Echo reevaluating
ChatterBot X-ray reevaluating
ChatterBot Delta reevaluating
ChatterBot Victor reevaluating
ChatterBot Whiskey reevaluating
ChatterBot Tango reevaluating
ChatterBot Echo reevaluating
ChatterBot X-ray reevaluating
ChatterBot Delta reevaluating
ChatterBot Uniform reevaluating
ChatterBot Tango reevaluating
ChatterBot Echo reevaluating
ChatterBot X-ray reevaluating
ChatterBot Delta reevaluating
ChatterBot Uniform reevaluating
ChatterBot Whiskey reevaluating
ChatterBot Tango reevaluating
ChatterBot Echo reevaluating
ChatterBot X-ray reevaluating
ChatterBot Delta reevaluating
ChatterBot Uniform reevaluating
ChatterBot Whiskey reevaluating
ChatterBot Echo reevaluating
ChatterBot X-ray reevaluating
ChatterBot Delta reevaluating
ChatterBot Uniform reevaluating
ChatterBot Whiskey reevaluating
ChatterBot Tango reevaluating
ChatterBot X-ray reevaluating
ChatterBot Delta reevaluating
ChatterBot Uniform reevaluating
ChatterBot Whiskey reevaluating
ChatterBot Tango reevaluating
ChatterBot Echo reevaluating
ChatterBot X-ray reevaluating
2024-10-14 19:23:32.837931 Tango: Delta we want you to join our group
2024-10-14 19:23:32.842162 Delta: Yes
ChatterBot Whiskey reevaluating
2024-10-14 19:23:32.864388 Uniform: Delta we want you to join our group
2024-10-14 19:23:32.868420 Delta: Yes
ChatterBot Whiskey reevaluating
2024-10-14 19:23:32.891954 Victor: Delta we want you to join our group
2024-10-14 19:23:32.896170 Delta: No
ChatterBot Victor reevaluating
2024-10-14 19:23:32.956138 Echo: Delta we want you to join our group
2024-10-14 19:23:32.991896 Delta: Yes
ChatterBot Whiskey reevaluating
chatterbot Alpha submitting transactions
2024-10-14 19:23:33.016298 Sierra: Delta, sending you 3
2024-10-14 19:23:33.131241 Alpha: Uniform, Echo and X-ray, sending you 2
2024-10-14 19:23:33.132904 X-ray: Uniform, Sierra, Whiskey, Alpha, Tango and Victor, sending you 2
2024-10-14 19:23:33.136015 Delta: Uniform, Whiskey, Alpha, Tango and Echo, sending you 3
2024-10-14 19:23:33.137904 Sierra: Victor, sending you 13
2024-10-14 19:23:33.138964 Whiskey: Delta we want you to join our group
2024-10-14 19:23:33.147097 Delta: Yes
ChatterBot Whiskey reevaluating
2024-10-14 19:23:33.184381 Alpha: Whiskey and Tango, sending you 3
2024-10-14 19:23:33.185059 X-ray: Echo and Delta, sending you 1
2024-10-14 19:23:33.186186 Delta: X-ray, sending you 1
2024-10-14 19:23:33.186703 Tango: Uniform and Alpha, sending you 2
2024-10-14 19:23:33.187738 Echo: Uniform and Alpha, sending you 3
2024-10-14 19:23:33.188253 Alpha: Delta, sending you 4
2024-10-14 19:23:33.189265 Uniform: Whiskey, Tango and X-ray, sending you 2
2024-10-14 19:23:33.237659 Tango: Whiskey, sending you 4
2024-10-14 19:23:33.238941 Echo: Whiskey, sending you 2
2024-10-14 19:23:33.239386 Uniform: Alpha, Echo and Delta, sending you 3
chatterbot Golf submitting transactions
2024-10-14 19:23:33.278667 Tango: Echo and Delta, sending you 1
2024-10-14 19:23:33.279640 Echo: Tango, sending you 5
2024-10-14 19:23:33.279934 Victor: Sierra, sending you 10
2024-10-14 19:23:33.322359 Echo: X-ray, sending you 1
2024-10-14 19:23:33.323389 Victor: Delta, sending you 8
2024-10-14 19:23:33.323625 Whiskey: Uniform, sending you 6
2024-10-14 19:23:33.323960 Tango: X-ray, sending you 5
2024-10-14 19:23:33.346577 Whiskey: Alpha, sending you 2
2024-10-14 19:23:33.358569 Whiskey: Tango, Delta and X-ray, sending you 1
chatterbot Uniform submitting transactions
2024-10-14 19:23:33.364698 Whiskey: Echo, sending you 8
chatterbot Echo submitting transactions
chatterbot Delta submitting transactions
chatterbot Victor submitting transactions
chatterbot Sierra submitting transactions
chatterbot Whiskey submitting transactions
chatterbot Tango submitting transactions
chatterbot X-ray submitting transactions
ChatterBot Uniform round 3
ChatterBot Sierra round 3
ChatterBot Whiskey round 3
ChatterBot Alpha round 3
ChatterBot Golf round 3
ChatterBot Tango round 3
ChatterBot Echo round 3
ChatterBot Delta round 3
ChatterBot Victor round 3
ChatterBot X-ray round 3
2024-10-14 19:23:34.133640 Delta: We should add Sierra and Victor
ChatterBot X-ray reevaluating
2024-10-14 19:23:34.156416 Alpha: No
2024-10-14 19:23:34.156696 Uniform: No
2024-10-14 19:23:34.156923 Whiskey: No
2024-10-14 19:23:34.157462 Tango: No
2024-10-14 19:23:34.157643 Echo: No
2024-10-14 19:23:34.157809 X-ray: Yes
ChatterBot X-ray reevaluating
ChatterBot X-ray reevaluating
ChatterBot X-ray reevaluating
ChatterBot Delta reevaluating
ChatterBot X-ray reevaluating
ChatterBot Delta reevaluating
ChatterBot X-ray reevaluating
ChatterBot Delta reevaluating
ChatterBot Delta reevaluating
2024-10-14 19:23:34.383624 Victor: We should drop Delta
2024-10-14 19:23:34.389625 Sierra: No
2024-10-14 19:23:34.395634 Golf: Sending you 8
2024-10-14 19:23:34.395965 Whiskey: Uniform, sending you 4
2024-10-14 19:23:34.397351 Sierra: Delta, sending you 2
2024-10-14 19:23:34.397839 X-ray: We should drop Sierra and Victor
ChatterBot Delta reevaluating
2024-10-14 19:23:34.494778 Alpha: Yes
2024-10-14 19:23:34.495066 Uniform: Yes
2024-10-14 19:23:34.495337 Whiskey: Yes
2024-10-14 19:23:34.495544 Tango: Yes
2024-10-14 19:23:34.495758 Echo: Yes
2024-10-14 19:23:34.496020 Delta: Yes
ChatterBot Delta reevaluating
ChatterBot Delta reevaluating
ChatterBot Delta reevaluating
ChatterBot Delta reevaluating
ChatterBot Delta reevaluating
2024-10-14 19:23:34.710162 Uniform: Whiskey, sending you 4
2024-10-14 19:23:34.711400 Whiskey: Alpha and Tango, sending you 3
2024-10-14 19:23:34.712056 Sierra: Victor, sending you 14
chatterbot Echo submitting transactions
chatterbot Tango submitting transactions
chatterbot Alpha submitting transactions
chatterbot Whiskey submitting transactions
2024-10-14 19:23:34.713538 Alpha: Uniform, sending you 1
2024-10-14 19:23:34.714784 Uniform: Alpha, Tango, Delta and X-ray, sending you 2
2024-10-14 19:23:34.715642 Echo: Uniform and Tango, sending you 3
2024-10-14 19:23:34.716792 Whiskey: Echo, sending you 5
2024-10-14 19:23:34.717366 Tango: Uniform, Whiskey, Alpha and Delta, sending you 2
2024-10-14 19:23:34.730454 Uniform: Echo, sending you 3
2024-10-14 19:23:34.731190 Alpha: Whiskey, Tango, Echo, Delta and X-ray, sending you 3
2024-10-14 19:23:34.732392 Echo: Whiskey, sending you 4
2024-10-14 19:23:34.732875 Whiskey: Delta and X-ray, sending you 2
2024-10-14 19:23:34.733418 Tango: Echo, sending you 3
2024-10-14 19:23:34.736312 Echo: Alpha, sending you 2
chatterbot Sierra submitting transactions
2024-10-14 19:23:34.737501 Tango: X-ray, sending you 4
2024-10-14 19:23:34.738660 Delta: Uniform, sending you 3
2024-10-14 19:23:34.739238 X-ray: Uniform, Whiskey, Echo and Delta, sending you 2
2024-10-14 19:23:34.740189 Victor: Sending you 9
2024-10-14 19:23:34.740423 Echo: Delta and X-ray, sending you 1
2024-10-14 19:23:34.748035 Delta: Whiskey, Tango, Echo and X-ray, sending you 2
2024-10-14 19:23:34.748745 X-ray: Alpha and Tango, sending you 3
2024-10-14 19:23:34.757101 Delta: Alpha, sending you 5
chatterbot Victor submitting transactions
chatterbot Uniform submitting transactions
chatterbot Delta submitting transactions
chatterbot Golf submitting transactions
chatterbot X-ray submitting transactions
ChatterBot Uniform round 4
ChatterBot Sierra round 4
ChatterBot Whiskey round 4
ChatterBot Alpha round 4
ChatterBot Golf round 4
ChatterBot Tango round 4
ChatterBot Echo round 4
ChatterBot Delta round 4
ChatterBot Victor round 4
ChatterBot X-ray round 4
2024-10-14 19:23:35.507096 Delta: We should add Golf
2024-10-14 19:23:35.544938 Alpha: No
2024-10-14 19:23:35.545213 Uniform: No
2024-10-14 19:23:35.545432 Whiskey: No
2024-10-14 19:23:35.546087 Tango: No
2024-10-14 19:23:35.546265 Echo: No
2024-10-14 19:23:35.546439 X-ray: No
ChatterBot Delta reevaluating
ChatterBot Delta reevaluating
ChatterBot Delta reevaluating
ChatterBot Delta reevaluating
ChatterBot Delta reevaluating
ChatterBot Delta reevaluating
2024-10-14 19:23:35.779673 Uniform: Whiskey, sending you 4
2024-10-14 19:23:35.780979 Alpha: Uniform and Echo, sending you 2
2024-10-14 19:23:35.782402 Echo: Uniform and Tango, sending you 3
2024-10-14 19:23:35.783403 X-ray: Uniform, Whiskey, Echo and Delta, sending you 2
2024-10-14 19:23:35.784606 Whiskey: Uniform, sending you 4
2024-10-14 19:23:35.785847 Uniform: Alpha, Tango, Delta and X-ray, sending you 2
2024-10-14 19:23:35.786960 Alpha: Whiskey, Tango, Delta and X-ray, sending you 3
2024-10-14 19:23:35.788263 Echo: Whiskey, sending you 4
2024-10-14 19:23:35.789606 X-ray: Alpha and Tango, sending you 3
chatterbot Alpha submitting transactions
2024-10-14 19:23:35.791284 Whiskey: Alpha and Tango, sending you 3
2024-10-14 19:23:35.792133 Uniform: Echo, sending you 3
2024-10-14 19:23:35.793636 Delta: Uniform, Alpha, Tango and X-ray, sending you 3
2024-10-14 19:23:35.794993 Echo: Alpha, sending you 2
2024-10-14 19:23:35.796242 Victor: Sending you 8
2024-10-14 19:23:35.796564 Tango: Uniform, Whiskey and Delta, sending you 2
2024-10-14 19:23:35.797404 Sierra: Delta, sending you 1
2024-10-14 19:23:35.798086 Whiskey: Echo, sending you 5
2024-10-14 19:23:35.799680 Delta: Whiskey and Echo, sending you 2
2024-10-14 19:23:35.800841 Echo: Delta and X-ray, sending you 1
2024-10-14 19:23:35.801684 Tango: Alpha, Echo and X-ray, sending you 3
2024-10-14 19:23:35.803036 Whiskey: Delta and X-ray, sending you 2
2024-10-14 19:23:35.804247 Sierra: Victor, sending you 15
chatterbot X-ray submitting transactions
chatterbot Delta submitting transactions
chatterbot Uniform submitting transactions
chatterbot Golf submitting transactions
chatterbot Sierra submitting transactions
chatterbot Echo submitting transactions
chatterbot Whiskey submitting transactions
chatterbot Victor submitting transactions
chatterbot Tango submitting transactions
ChatterBot Uniform round 5
ChatterBot Sierra round 5
ChatterBot Whiskey round 5
ChatterBot Alpha round 5
ChatterBot Golf round 5
ChatterBot Tango round 5
ChatterBot Echo round 5
ChatterBot Delta round 5
ChatterBot Victor round 5
ChatterBot X-ray round 5
2024-10-14 19:23:36.691719 Whiskey: Uniform, sending you 4
2024-10-14 19:23:36.693323 Sierra: Sending you 16
2024-10-14 19:23:36.694699 Alpha: Uniform and Echo, sending you 2
2024-10-14 19:23:36.695958 Whiskey: Alpha and Tango, sending you 3
2024-10-14 19:23:36.697696 Delta: Uniform, Whiskey, Alpha, Tango and X-ray, sending you 3
2024-10-14 19:23:36.699971 Alpha: Whiskey, Tango, Delta and X-ray, sending you 3
2024-10-14 19:23:36.700925 Whiskey: Echo, sending you 5
2024-10-14 19:23:36.701658 Tango: Uniform, Whiskey and Delta, sending you 2
2024-10-14 19:23:36.702929 Delta: Echo, sending you 1
2024-10-14 19:23:36.703843 Victor: Sending you 7
2024-10-14 19:23:36.704785 Whiskey: Delta and X-ray, sending you 2
2024-10-14 19:23:36.707682 Tango: Alpha, Echo and X-ray, sending you 3
2024-10-14 19:23:36.708713 Echo: Uniform and Tango, sending you 3
2024-10-14 19:23:36.711112 Uniform: Whiskey, Echo and Delta, sending you 3
2024-10-14 19:23:36.712309 X-ray: Uniform, Whiskey, Echo and Delta, sending you 2
2024-10-14 19:23:36.714977 Echo: Whiskey, sending you 4
2024-10-14 19:23:36.716118 Uniform: Alpha, Tango and X-ray, sending you 2
2024-10-14 19:23:36.718912 X-ray: Alpha and Tango, sending you 3
2024-10-14 19:23:36.720887 Echo: Alpha, sending you 2
2024-10-14 19:23:36.726671 Echo: Delta and X-ray, sending you 1
chatterbot Uniform submitting transactions
chatterbot Delta submitting transactions
chatterbot Tango submitting transactions
chatterbot Sierra submitting transactions
chatterbot Golf submitting transactions
chatterbot Echo submitting transactions
chatterbot Victor submitting transactions
chatterbot Alpha submitting transactions
chatterbot Whiskey submitting transactions
chatterbot X-ray submitting transactions
ChatterBot Uniform round 6
ChatterBot Sierra round 6
ChatterBot Whiskey round 6
ChatterBot Alpha round 6
ChatterBot Golf round 6
ChatterBot Tango round 6
ChatterBot Echo round 6
ChatterBot Delta round 6
ChatterBot Victor round 6
ChatterBot X-ray round 6
2024-10-14 19:23:37.525677 Sierra: Same as last round
2024-10-14 19:23:37.527662 Whiskey: Uniform, sending you 4
2024-10-14 19:23:37.528738 Echo: Uniform and Tango, sending you 3
2024-10-14 19:23:37.530671 Tango: Uniform, Whiskey and Delta, sending you 2
2024-10-14 19:23:37.531952 Whiskey: Alpha, sending you 3
2024-10-14 19:23:37.532645 Echo: Whiskey, sending you 4
2024-10-14 19:23:37.536649 Tango: Alpha, Echo and X-ray, sending you 3
2024-10-14 19:23:37.537288 Whiskey: Tango, Delta and X-ray, sending you 2
2024-10-14 19:23:37.537893 Echo: Alpha and X-ray, sending you 2
2024-10-14 19:23:37.538506 Alpha: Uniform and Echo, sending you 2
2024-10-14 19:23:37.539077 Uniform: Whiskey, Echo and Delta, sending you 3
2024-10-14 19:23:37.541866 Whiskey: Echo, sending you 6
2024-10-14 19:23:37.542548 Delta: Uniform, Whiskey, Alpha, Tango and X-ray, sending you 3
2024-10-14 19:23:37.543210 Victor: Same as last round
2024-10-14 19:23:37.543431 Alpha: Whiskey, Tango, Delta and X-ray, sending you 3
2024-10-14 19:23:37.544100 Uniform: Alpha, Tango and X-ray, sending you 2
2024-10-14 19:23:37.544834 X-ray: Uniform, Whiskey, Echo and Delta, sending you 2
2024-10-14 19:23:37.545658 Delta: Echo, sending you 1
2024-10-14 19:23:37.548684 X-ray: Alpha and Tango, sending you 3
chatterbot Uniform submitting transactions
chatterbot Sierra submitting transactions
chatterbot X-ray submitting transactions
chatterbot Golf submitting transactions
chatterbot Tango submitting transactions
chatterbot Victor submitting transactions
chatterbot Echo submitting transactions
chatterbot Alpha submitting transactions
chatterbot Delta submitting transactions
chatterbot Whiskey submitting transactions
ChatterBot Uniform round 7
ChatterBot Sierra round 7
ChatterBot Whiskey round 7
ChatterBot Alpha round 7
ChatterBot Golf round 7
ChatterBot Tango round 7
ChatterBot Echo round 7
ChatterBot Delta round 7
ChatterBot Victor round 7
ChatterBot X-ray round 7
2024-10-14 19:23:38.762674 Uniform: Whiskey, Echo and Delta, sending you 3
2024-10-14 19:23:38.768690 Uniform: Alpha, Tango and X-ray, sending you 2
2024-10-14 19:23:38.770565 Echo: Uniform and Tango, sending you 3
2024-10-14 19:23:38.772904 Delta: Uniform, Whiskey, Alpha, Tango and X-ray, sending you 3
2024-10-14 19:23:38.774858 X-ray: Uniform, Whiskey, Echo and Delta, sending you 2
2024-10-14 19:23:38.776666 Echo: Whiskey, sending you 4
2024-10-14 19:23:38.778442 Alpha: Uniform and Echo, sending you 2
2024-10-14 19:23:38.780162 Whiskey: Uniform, sending you 4
2024-10-14 19:23:38.781695 Tango: Uniform, Whiskey and Delta, sending you 2
2024-10-14 19:23:38.783387 Delta: Echo, sending you 1
2024-10-14 19:23:38.784853 X-ray: Alpha and Tango, sending you 3
2024-10-14 19:23:38.786324 Sierra: Same as last round
2024-10-14 19:23:38.786746 Echo: Alpha and X-ray, sending you 2
2024-10-14 19:23:38.788213 Alpha: Whiskey, Tango, Delta and X-ray, sending you 3
2024-10-14 19:23:38.789683 Whiskey: Alpha and Delta, sending you 3
2024-10-14 19:23:38.791549 Tango: Alpha, Echo and X-ray, sending you 3
2024-10-14 19:23:38.794940 Victor: Sending you 6
2024-10-14 19:23:38.795284 Whiskey: Tango and X-ray, sending you 2
2024-10-14 19:23:38.801702 Whiskey: Echo, sending you 5
chatterbot Golf submitting transactions
chatterbot Uniform submitting transactions
chatterbot Delta submitting transactions
chatterbot Tango submitting transactions
chatterbot Victor submitting transactions
chatterbot Whiskey submitting transactions
chatterbot Echo submitting transactions
chatterbot Sierra submitting transactions
chatterbot X-ray submitting transactions
chatterbot Alpha submitting transactions
ChatterBot Uniform round 8
ChatterBot Sierra round 8
ChatterBot Whiskey round 8
ChatterBot Alpha round 8
ChatterBot Golf round 8
ChatterBot Tango round 8
ChatterBot Echo round 8
ChatterBot Delta round 8
ChatterBot Victor round 8
ChatterBot X-ray round 8
2024-10-14 19:23:40.139834 Golf: Sending you 8
2024-10-14 19:23:40.140930 Sierra: Same as last round
2024-10-14 19:23:40.141250 Echo: Uniform and Tango, sending you 3
2024-10-14 19:23:40.142308 Delta: Uniform, Whiskey, Alpha, Tango and X-ray, sending you 3
2024-10-14 19:23:40.144187 Tango: Uniform, Whiskey and Delta, sending you 2
2024-10-14 19:23:40.146299 Echo: Whiskey, sending you 4
2024-10-14 19:23:40.148847 Delta: Echo, sending you 1
2024-10-14 19:23:40.150211 Tango: Alpha, Echo and X-ray, sending you 3
2024-10-14 19:23:40.151534 X-ray: Uniform, Whiskey, Echo and Delta, sending you 2
2024-10-14 19:23:40.152463 Uniform: Whiskey, sending you 4
2024-10-14 19:23:40.153365 Whiskey: Uniform, sending you 4
2024-10-14 19:23:40.154752 Echo: Alpha and X-ray, sending you 2
2024-10-14 19:23:40.155767 Victor: Sending you 5
2024-10-14 19:23:40.156574 Alpha: Uniform and Echo, sending you 2
2024-10-14 19:23:40.157998 X-ray: Alpha and Tango, sending you 3
2024-10-14 19:23:40.159228 Uniform: Alpha, Tango, Delta and X-ray, sending you 2
2024-10-14 19:23:40.160182 Whiskey: Alpha and Delta, sending you 3
2024-10-14 19:23:40.161118 Alpha: Whiskey, Tango, Delta and X-ray, sending you 3
2024-10-14 19:23:40.163681 Whiskey: Tango and X-ray, sending you 2
2024-10-14 19:23:40.165311 Uniform: Echo, sending you 3
2024-10-14 19:23:40.169714 Whiskey: Echo, sending you 5
chatterbot Echo submitting transactions
chatterbot Tango submitting transactions
chatterbot Whiskey submitting transactions
chatterbot Delta submitting transactions
chatterbot X-ray submitting transactions
chatterbot Victor submitting transactions
chatterbot Sierra submitting transactions
chatterbot Alpha submitting transactions
chatterbot Uniform submitting transactions
chatterbot Golf submitting transactions
ChatterBot Uniform round 9
ChatterBot Sierra round 9
ChatterBot Whiskey round 9
ChatterBot Alpha round 9
ChatterBot Golf round 9
ChatterBot Tango round 9
ChatterBot Echo round 9
ChatterBot Delta round 9
ChatterBot Victor round 9
ChatterBot X-ray round 9
2024-10-14 19:23:41.401696 Whiskey: Uniform, sending you 4
2024-10-14 19:23:41.403409 Alpha: Uniform and Echo, sending you 2
2024-10-14 19:23:41.406660 Whiskey: Alpha and Delta, sending you 3
2024-10-14 19:23:41.408007 Alpha: Whiskey, Tango, Delta and X-ray, sending you 3
2024-10-14 19:23:41.409356 Sierra: Same as last round
2024-10-14 19:23:41.409812 Echo: Uniform and Tango, sending you 3
2024-10-14 19:23:41.411338 Whiskey: Tango and X-ray, sending you 2
2024-10-14 19:23:41.412307 Victor: Same as last round
2024-10-14 19:23:41.412602 Uniform: Whiskey, sending you 4
2024-10-14 19:23:41.414677 Echo: Whiskey, sending you 4
2024-10-14 19:23:41.415923 Whiskey: Echo, sending you 5
2024-10-14 19:23:41.417661 Delta: Uniform, Whiskey, Alpha, Tango and X-ray, sending you 3
2024-10-14 19:23:41.418680 Uniform: Alpha, Tango, Delta and X-ray, sending you 2
2024-10-14 19:23:41.420499 Echo: Alpha and X-ray, sending you 2
2024-10-14 19:23:41.422129 Tango: Uniform, Whiskey and Delta, sending you 2
2024-10-14 19:23:41.423091 X-ray: Uniform, Whiskey, Echo and Delta, sending you 2
2024-10-14 19:23:41.424521 Delta: Echo, sending you 1
2024-10-14 19:23:41.426112 Uniform: Echo, sending you 3
2024-10-14 19:23:41.427683 Tango: Alpha, Echo and X-ray, sending you 3
2024-10-14 19:23:41.429625 X-ray: Alpha and Tango, sending you 3
chatterbot Echo submitting transactions
chatterbot Uniform submitting transactions
chatterbot Alpha submitting transactions
chatterbot Sierra submitting transactions
chatterbot Delta submitting transactions
chatterbot X-ray submitting transactions
chatterbot Tango submitting transactions
chatterbot Whiskey submitting transactions
chatterbot Victor submitting transactions
chatterbot Golf submitting transactions
ChatterBot Uniform round 10
ChatterBot Sierra round 10
ChatterBot Whiskey round 10
ChatterBot Alpha round 10
ChatterBot Golf round 10
ChatterBot Tango round 10
ChatterBot Echo round 10
ChatterBot Delta round 10
ChatterBot Victor round 10
ChatterBot X-ray round 10
2024-10-14 19:23:42.671683 Whiskey: Uniform, sending you 4
2024-10-14 19:23:42.673506 Delta: Uniform, Whiskey, Alpha, Tango and X-ray, sending you 3
2024-10-14 19:23:42.674340 Echo: Uniform and Tango, sending you 3
2024-10-14 19:23:42.675706 Victor: Same as last round
2024-10-14 19:23:42.676113 Tango: Uniform, Whiskey and Delta, sending you 2
2024-10-14 19:23:42.677641 Whiskey: Alpha and Delta, sending you 3
2024-10-14 19:23:42.678831 Delta: Echo, sending you 1
2024-10-14 19:23:42.680168 Sierra: Sending you 3
2024-10-14 19:23:42.680401 Echo: Whiskey, sending you 4
2024-10-14 19:23:42.681117 Uniform: Whiskey, sending you 4
2024-10-14 19:23:42.682222 Alpha: Uniform and Echo, sending you 2
2024-10-14 19:23:42.683178 Tango: Alpha, Echo and X-ray, sending you 3
2024-10-14 19:23:42.683933 Whiskey: Tango and X-ray, sending you 2
2024-10-14 19:23:42.685281 Echo: Alpha and X-ray, sending you 2
2024-10-14 19:23:42.687192 Uniform: Alpha, Tango, Delta and X-ray, sending you 2
2024-10-14 19:23:42.688555 Alpha: Whiskey, Tango, Delta and X-ray, sending you 3
2024-10-14 19:23:42.690127 X-ray: Uniform, Whiskey, Echo and Delta, sending you 2
2024-10-14 19:23:42.691360 Whiskey: Echo, sending you 5
2024-10-14 19:23:42.693010 Uniform: Echo, sending you 3
2024-10-14 19:23:42.694582 X-ray: Alpha and Tango, sending you 3
chatterbot Tango submitting transactions
chatterbot X-ray submitting transactions
chatterbot Golf submitting transactions
chatterbot Victor submitting transactions
chatterbot Uniform submitting transactions
chatterbot Alpha submitting transactions
chatterbot Echo submitting transactions
chatterbot Delta submitting transactions
chatterbot Sierra submitting transactions
chatterbot Whiskey submitting transactions
ChatterBot Uniform round 11
ChatterBot Sierra round 11
ChatterBot Whiskey round 11
ChatterBot Alpha round 11
ChatterBot Golf round 11
ChatterBot Tango round 11
ChatterBot Echo round 11
ChatterBot Delta round 11
ChatterBot Victor round 11
ChatterBot X-ray round 11
2024-10-14 19:23:43.956387 Sierra: We should add Golf
2024-10-14 19:23:43.960960 Victor: No
ChatterBot Sierra reevaluating
2024-10-14 19:23:43.978796 Whiskey: I was attacked by Sierra
ChatterBot Alpha reevaluating
ChatterBot Uniform reevaluating
ChatterBot Tango reevaluating
ChatterBot Echo reevaluating
ChatterBot X-ray reevaluating
ChatterBot Delta reevaluating
2024-10-14 19:23:44.018772 Whiskey: Ow
2024-10-14 19:23:44.032760 Sierra: Same as last round
2024-10-14 19:23:44.033250 Tango: Uniform, Whiskey and Delta, sending you 2
2024-10-14 19:23:44.038679 Alpha: Uniform, sending you 1
2024-10-14 19:23:44.041353 Victor: Sending you 6
2024-10-14 19:23:44.041821 Tango: Alpha, Echo and X-ray, sending you 3
2024-10-14 19:23:44.044843 Echo: Uniform and Tango, sending you 2
2024-10-14 19:23:44.047111 Alpha: Whiskey, Tango, Echo, Delta and X-ray, sending you 2
2024-10-14 19:23:44.049584 X-ray: Alpha and Tango, sending you 1
2024-10-14 19:23:44.051871 Echo: Whiskey, sending you 4
2024-10-14 19:23:44.054307 Uniform: Whiskey, sending you 4
2024-10-14 19:23:44.057665 Echo: Alpha, Delta and X-ray, sending you 1
2024-10-14 19:23:44.061671 Uniform: Alpha, Tango, Delta and X-ray, sending you 2
2024-10-14 19:23:44.066666 Uniform: Echo, sending you 3
chatterbot Sierra submitting transactions
chatterbot Golf submitting transactions
chatterbot Uniform submitting transactions
chatterbot Whiskey submitting transactions
chatterbot Alpha submitting transactions
chatterbot X-ray submitting transactions
chatterbot Tango submitting transactions
chatterbot Victor submitting transactions
chatterbot Delta submitting transactions
chatterbot Echo submitting transactions
ChatterBot Uniform round 12
ChatterBot Sierra round 12
ChatterBot Whiskey round 12
ChatterBot Alpha round 12
ChatterBot Golf round 12
ChatterBot Tango round 12
ChatterBot Echo round 12
ChatterBot Delta round 12
ChatterBot Victor round 12
ChatterBot X-ray round 12
2024-10-14 19:23:45.323276 Sierra: I was attacked by Whiskey, Alpha, Echo and X-ray
ChatterBot Victor reevaluating
2024-10-14 19:23:45.329107 Sierra: Ow
2024-10-14 19:23:45.338228 Tango: Uniform, sending you 2
2024-10-14 19:23:45.340992 Whiskey: Uniform, Alpha, Tango, Echo and Delta, sending you 1
2024-10-14 19:23:45.342934 Whiskey: I was attacked by Sierra
ChatterBot Alpha reevaluating
ChatterBot Uniform reevaluating
ChatterBot Tango reevaluating
ChatterBot Echo reevaluating
ChatterBot X-ray reevaluating
ChatterBot Delta reevaluating
2024-10-14 19:23:45.376810 Whiskey: Ow
2024-10-14 19:23:45.427303 Victor: Sending you 2
2024-10-14 19:23:45.428046 X-ray: Uniform, Whiskey, Alpha, Echo and Delta, sending you 2
2024-10-14 19:23:45.429801 Alpha: Uniform, Whiskey, Tango, Delta and X-ray, sending you 3
2024-10-14 19:23:45.436055 X-ray: Tango, sending you 4
2024-10-14 19:23:45.439874 Alpha: Echo, sending you 1
chatterbot Sierra submitting transactions
chatterbot Victor submitting transactions
chatterbot Echo submitting transactions
chatterbot Delta submitting transactions
chatterbot Tango submitting transactions
chatterbot X-ray submitting transactions
chatterbot Whiskey submitting transactions
chatterbot Uniform submitting transactions
chatterbot Golf submitting transactions
chatterbot Alpha submitting transactions
ChatterBot Uniform round 13
ChatterBot Sierra round 13
ChatterBot Whiskey round 13
ChatterBot Alpha round 13
ChatterBot Golf round 13
ChatterBot Tango round 13
ChatterBot Echo round 13
ChatterBot Delta round 13
ChatterBot Victor round 13
ChatterBot X-ray round 13
2024-10-14 19:23:46.622914 Whiskey: We should drop Tango
ChatterBot Uniform reevaluating
ChatterBot Echo reevaluating
ChatterBot Delta reevaluating
2024-10-14 19:23:46.643054 Uniform: No
2024-10-14 19:23:46.643342 Alpha: No
2024-10-14 19:23:46.643971 Echo: No
2024-10-14 19:23:46.644301 Delta: No
2024-10-14 19:23:46.644587 X-ray: No
ChatterBot Echo reevaluating
ChatterBot Delta reevaluating
ChatterBot Uniform reevaluating
ChatterBot Echo reevaluating
ChatterBot Delta reevaluating
ChatterBot Whiskey reevaluating
ChatterBot Uniform reevaluating
ChatterBot Delta reevaluating
ChatterBot Whiskey reevaluating
ChatterBot Uniform reevaluating
ChatterBot Echo reevaluating
ChatterBot Whiskey reevaluating
ChatterBot Uniform reevaluating
ChatterBot Echo reevaluating
ChatterBot Delta reevaluating
2024-10-14 19:23:46.882988 Victor: Sending you 1
2024-10-14 19:23:46.883978 X-ray: Uniform, Whiskey, Alpha, Echo and Delta, sending you 2
2024-10-14 19:23:46.887133 Alpha: Uniform and Echo, sending you 2
chatterbot Tango submitting transactions
2024-10-14 19:23:46.907866 Whiskey: Uniform, sending you 4
2024-10-14 19:23:46.910658 X-ray: Tango, sending you 3
2024-10-14 19:23:46.912183 X-ray: I was attacked by Sierra
ChatterBot Alpha reevaluating
ChatterBot Uniform reevaluating
ChatterBot Whiskey reevaluating
ChatterBot Tango reevaluating
ChatterBot Echo reevaluating
ChatterBot Delta reevaluating
2024-10-14 19:23:46.943078 X-ray: Ow
chatterbot Whiskey submitting transactions
chatterbot Victor submitting transactions
chatterbot Tango submitting transactions
chatterbot X-ray submitting transactions
chatterbot Alpha submitting transactions
chatterbot Sierra submitting transactions
chatterbot Alpha submitting transactions
chatterbot Echo submitting transactions
chatterbot Golf submitting transactions
chatterbot Delta submitting transactions
chatterbot Uniform submitting transactions
ChatterBot Uniform round 14
ChatterBot Sierra round 14
ChatterBot Whiskey round 14
ChatterBot Alpha round 14
ChatterBot Golf round 14
ChatterBot Tango round 14
ChatterBot Echo round 14
ChatterBot Delta round 14
ChatterBot Victor round 14
ChatterBot X-ray round 14
2024-10-14 19:23:48.692866 Victor: Same as last round
2024-10-14 19:23:48.706674 X-ray: Uniform, Whiskey, Echo and Delta, sending you 2
2024-10-14 19:23:48.712785 Alpha: Uniform and Echo, sending you 2
2024-10-14 19:23:48.715944 Golf: Victor, sending you 14
2024-10-14 19:23:48.716657 X-ray: Alpha and Tango, sending you 3
2024-10-14 19:23:48.719695 X-ray: I was attacked by Sierra
ChatterBot Alpha reevaluating
ChatterBot Uniform reevaluating
ChatterBot Whiskey reevaluating
ChatterBot Tango reevaluating
ChatterBot Echo reevaluating
ChatterBot Delta reevaluating
2024-10-14 19:23:48.754808 X-ray: Ow
chatterbot Tango submitting transactions
chatterbot Whiskey submitting transactions
chatterbot Echo submitting transactions
chatterbot Victor submitting transactions
chatterbot Sierra submitting transactions
chatterbot Delta submitting transactions
chatterbot Alpha submitting transactions
chatterbot X-ray submitting transactions
chatterbot Uniform submitting transactions
chatterbot Golf submitting transactions
ChatterBot Uniform round 15
ChatterBot Sierra round 15
ChatterBot Whiskey round 15
ChatterBot Alpha round 15
ChatterBot Golf round 15
ChatterBot Tango round 15
ChatterBot Echo round 15
ChatterBot Delta round 15
ChatterBot Victor round 15
ChatterBot X-ray round 15
2024-10-14 19:23:50.060057 Victor: We should replace Sierra with Golf
2024-10-14 19:23:50.084620 Whiskey: We should drop X-ray
ChatterBot Uniform reevaluating
ChatterBot Tango reevaluating
ChatterBot Echo reevaluating
ChatterBot Delta reevaluating
2024-10-14 19:23:50.121166 Uniform: Yes
2024-10-14 19:23:50.121575 Alpha: Yes
2024-10-14 19:23:50.122961 Tango: Yes
2024-10-14 19:23:50.123307 Echo: Yes
2024-10-14 19:23:50.123846 Delta: Yes
ChatterBot Whiskey reevaluating
ChatterBot Tango reevaluating
ChatterBot Echo reevaluating
ChatterBot Delta reevaluating
ChatterBot Whiskey reevaluating
ChatterBot Uniform reevaluating
ChatterBot Tango reevaluating
ChatterBot Echo reevaluating
ChatterBot Delta reevaluating
ChatterBot Whiskey reevaluating
ChatterBot Uniform reevaluating
ChatterBot Echo reevaluating
ChatterBot Delta reevaluating
ChatterBot Whiskey reevaluating
ChatterBot Uniform reevaluating
ChatterBot Tango reevaluating
ChatterBot Delta reevaluating
ChatterBot Whiskey reevaluating
ChatterBot Uniform reevaluating
ChatterBot Alpha reevaluating
ChatterBot Tango reevaluating
ChatterBot Echo reevaluating
2024-10-14 19:23:50.263042 Golf: We should drop Victor
2024-10-14 19:23:50.266787 Sierra: No
2024-10-14 19:23:50.270810 Victor: Golf we want you to join our group
2024-10-14 19:23:50.275742 Golf: No
2024-10-14 19:23:50.332793 X-ray: Uniform, Whiskey, Alpha, Echo and Delta, sending you 2
2024-10-14 19:23:50.356262 X-ray: Tango, sending you 4
2024-10-14 19:23:50.360203 Victor: Sending you 4
chatterbot Golf submitting transactions
chatterbot Sierra submitting transactions
chatterbot Whiskey submitting transactions
chatterbot Victor submitting transactions
