ChatterBot X-ray round 1
ChatterBot Sierra round 1
ChatterBot Zulu round 1
ChatterBot Victor round 1
ChatterBot Uniform round 1
ChatterBot Echo round 1
randomSelections X-ray: {X-ray, Hotel, Kilo, Uniform, Yankee, Zulu} 
2024-10-14 19:23:27.886351 X-ray: We would work well together
ChatterBot Uniform reevaluating
ChatterBot Zulu reevaluating
2024-10-14 19:23:27.907548 Uniform: Yes
2024-10-14 19:23:27.907823 Zulu: Yes
ChatterBot Zulu reevaluating
ChatterBot Uniform reevaluating
ChatterBot Hotel round 1
ChatterBot Hotel reevaluating
ChatterBot Hotel reevaluating
ChatterBot Hotel reevaluating
2024-10-14 19:23:27.920700 Hotel: Yes
ChatterBot Uniform reevaluating
ChatterBot Zulu reevaluating
ChatterBot Yankee round 1
ChatterBot Yankee reevaluating
ChatterBot Yankee reevaluating
ChatterBot Yankee reevaluating
ChatterBot Yankee reevaluating
2024-10-14 19:23:27.934623 Yankee: Yes
ChatterBot Hotel reevaluating
ChatterBot Uniform reevaluating
ChatterBot Zulu reevaluating
ChatterBot Oscar round 1
ChatterBot Kilo round 1
ChatterBot Kilo reevaluating
ChatterBot Kilo reevaluating
ChatterBot Kilo reevaluating
ChatterBot Kilo reevaluating
ChatterBot Kilo reevaluating
2024-10-14 19:23:27.947627 Kilo: Yes
ChatterBot Hotel reevaluating
ChatterBot Uniform reevaluating
ChatterBot Yankee reevaluating
ChatterBot Zulu reevaluating
randomSelections Sierra: {Sierra, Yankee, Oscar, Zulu, Victor, Echo} 
2024-10-14 19:23:27.956175 Sierra: We should group up
ChatterBot Yankee reevaluating
ChatterBot Oscar reevaluating
ChatterBot Zulu reevaluating
ChatterBot Victor reevaluating
ChatterBot Echo reevaluating
2024-10-14 19:23:27.963432 Yankee: No
2024-10-14 19:23:27.963650 Oscar: Yes
2024-10-14 19:23:27.963756 Zulu: No
2024-10-14 19:23:27.963953 Victor: Yes
2024-10-14 19:23:27.964049 Echo: Yes
ChatterBot Oscar reevaluating
ChatterBot Zulu reevaluating
ChatterBot Victor reevaluating
ChatterBot Echo reevaluating
ChatterBot Yankee reevaluating
ChatterBot Zulu reevaluating
ChatterBot Victor reevaluating
ChatterBot Echo reevaluating
ChatterBot Yankee reevaluating
ChatterBot Oscar reevaluating
ChatterBot Victor reevaluating
ChatterBot Echo reevaluating
ChatterBot Yankee reevaluating
ChatterBot Oscar reevaluating
ChatterBot Zulu reevaluating
ChatterBot Echo reevaluating
ChatterBot Yankee reevaluating
ChatterBot Oscar reevaluating
ChatterBot Zulu reevaluating
ChatterBot Victor reevaluating
2024-10-14 19:23:28.022203 X-ray: Zulu and Uniform, sending you 1
2024-10-14 19:23:28.039393 Echo: Sierra, Zulu, Yankee and Oscar, sending you 1
2024-10-14 19:23:28.040008 Hotel: X-ray, Zulu and Uniform, sending you 3
2024-10-14 19:23:28.041183 X-ray: Kilo, sending you 2
2024-10-14 19:23:28.046639 Zulu: X-ray, sending you 5
2024-10-14 19:23:28.047081 Sierra: Zulu and Echo, sending you 4
2024-10-14 19:23:28.047497 Victor: Sierra, sending you 6
2024-10-14 19:23:28.048545 Uniform: X-ray, sending you 4
2024-10-14 19:23:28.048862 Hotel: Yankee, sending you 1
2024-10-14 19:23:28.053764 Zulu: Uniform and Yankee, sending you 3
2024-10-14 19:23:28.054916 Sierra: Victor, sending you 5
2024-10-14 19:23:28.055286 Yankee: X-ray, sending you 2
2024-10-14 19:23:28.055684 Oscar: Sierra, sending you 2
2024-10-14 19:23:28.056621 Hotel: Kilo, sending you 4
2024-10-14 19:23:28.057088 Victor: Zulu and Yankee, sending you 3
2024-10-14 19:23:28.058289 Kilo: X-ray and Hotel, sending you 5
2024-10-14 19:23:28.058761 Uniform: Zulu, Hotel, Yankee and Kilo, sending you 2
2024-10-14 19:23:28.060185 Zulu: Hotel and Kilo, sending you 2
2024-10-14 19:23:28.060747 Sierra: Yankee, sending you 1
2024-10-14 19:23:28.061244 Oscar: Victor, sending you 3
2024-10-14 19:23:28.062207 Yankee: Zulu, sending you 4
2024-10-14 19:23:28.062757 Victor: Echo, sending you 4
2024-10-14 19:23:28.063881 Kilo: Zulu, sending you 2
2024-10-14 19:23:28.064375 Sierra: Oscar, sending you 2
2024-10-14 19:23:28.071107 Yankee: Hotel, sending you 3
2024-10-14 19:23:28.072245 Victor: Oscar, sending you 1
2024-10-14 19:23:28.072767 Kilo: Uniform, sending you 3
2024-10-14 19:23:28.082945 Yankee: Kilo, sending you 5
2024-10-14 19:23:28.083911 Kilo: Yankee, sending you 1
chatterbot Victor submitting transactions
chatterbot Oscar submitting transactions
chatterbot Kilo submitting transactions
chatterbot Hotel submitting transactions
chatterbot Sierra submitting transactions
chatterbot X-ray submitting transactions
chatterbot Uniform submitting transactions
chatterbot Zulu submitting transactions
chatterbot Echo submitting transactions
chatterbot Yankee submitting transactions
ChatterBot X-ray round 2
ChatterBot Sierra round 2
ChatterBot Zulu round 2
ChatterBot Victor round 2
ChatterBot Uniform round 2
ChatterBot Echo round 2
ChatterBot Hotel round 2
2024-10-14 19:23:29.179670 X-ray: We should add Echo
ChatterBot Hotel reevaluating
ChatterBot Kilo reevaluating
ChatterBot Yankee reevaluating
2024-10-14 19:23:29.210018 Hotel: No
2024-10-14 19:23:29.210193 Kilo: No
2024-10-14 19:23:29.210320 Uniform: No
2024-10-14 19:23:29.210443 Yankee: No
2024-10-14 19:23:29.210555 Zulu: No
ChatterBot X-ray reevaluating
ChatterBot Kilo reevaluating
ChatterBot Yankee reevaluating
ChatterBot X-ray reevaluating
ChatterBot Hotel reevaluating
ChatterBot Yankee reevaluating
ChatterBot X-ray reevaluating
ChatterBot Hotel reevaluating
ChatterBot Kilo reevaluating
ChatterBot Yankee reevaluating
ChatterBot X-ray reevaluating
ChatterBot Hotel reevaluating
ChatterBot Kilo reevaluating
ChatterBot X-ray reevaluating
ChatterBot Hotel reevaluating
ChatterBot Kilo reevaluating
ChatterBot Yankee reevaluating
ChatterBot Yankee round 2
ChatterBot Oscar round 2
ChatterBot Kilo round 2
2024-10-14 19:23:29.338558 Sierra: We should drop Zulu
ChatterBot Echo reevaluating
2024-10-14 19:23:29.348175 Victor: Yes
2024-10-14 19:23:29.348313 Echo: Yes
2024-10-14 19:23:29.348432 Oscar: Yes
2024-10-14 19:23:29.348549 Yankee: No
ChatterBot Echo reevaluating
ChatterBot Echo reevaluating
ChatterBot Echo reevaluating
2024-10-14 19:23:29.394654 Echo: Group up?
2024-10-14 19:23:29.407974 Sierra: No
2024-10-14 19:23:29.408140 Victor: No
2024-10-14 19:23:29.408660 Oscar: No
2024-10-14 19:23:29.408772 Hotel: No
ChatterBot Echo reevaluating
ChatterBot Echo reevaluating
ChatterBot Echo reevaluating
ChatterBot Echo reevaluating
2024-10-14 19:23:29.452437 Oscar: We should drop Yankee and Zulu
ChatterBot Sierra reevaluating
ChatterBot Victor reevaluating
ChatterBot Echo reevaluating
2024-10-14 19:23:29.461275 Sierra: Yes
2024-10-14 19:23:29.461411 Victor: Yes
2024-10-14 19:23:29.461505 Echo: Yes
ChatterBot Victor reevaluating
ChatterBot Echo reevaluating
ChatterBot Sierra reevaluating
ChatterBot Echo reevaluating
ChatterBot Sierra reevaluating
ChatterBot Victor reevaluating
2024-10-14 19:23:29.490960 Uniform: Sending you each 3
2024-10-14 19:23:31.783583 Zulu: X-ray, Uniform and Kilo, sending you 3
2024-10-14 19:23:31.784647 Hotel: Zulu and Uniform, sending you 3
2024-10-14 19:23:31.785106 X-ray: Zulu, Uniform, Hotel and Kilo, sending you 1
2024-10-14 19:23:31.786337 Yankee: Zulu, sending you 6
2024-10-14 19:23:31.787285 Kilo: X-ray and Zulu, sending you 3
chatterbot Uniform submitting transactions
chatterbot Zulu submitting transactions
2024-10-14 19:23:31.789027 Zulu: Hotel and Yankee, sending you 4
2024-10-14 19:23:31.789562 Hotel: Yankee, sending you 5
2024-10-14 19:23:31.790780 Yankee: Uniform, sending you 4
2024-10-14 19:23:31.794975 Kilo: Uniform, sending you 1
2024-10-14 19:23:31.795455 Oscar: Sierra, sending you 3
2024-10-14 19:23:31.796342 Hotel: Kilo, sending you 8
2024-10-14 19:23:31.796904 Yankee: Hotel and Kilo, sending you 2
chatterbot Kilo submitting transactions
2024-10-14 19:23:31.821083 Kilo: Hotel, sending you 5
2024-10-14 19:23:31.821476 Oscar: Victor, sending you 2
2024-10-14 19:23:31.904552 Kilo: Yankee, sending you 6
2024-10-14 19:23:31.905204 Echo: Sierra and Victor, sending you 2
2024-10-14 19:23:31.905934 Oscar: Echo, sending you 1
2024-10-14 19:23:31.906167 Victor: Sierra, sending you 10
2024-10-14 19:23:31.966618 Victor: Echo, sending you 1
2024-10-14 19:23:31.972849 Victor: Oscar, sending you 6
chatterbot Victor submitting transactions
chatterbot X-ray submitting transactions
chatterbot Sierra submitting transactions
chatterbot Echo submitting transactions
chatterbot Hotel submitting transactions
chatterbot Yankee submitting transactions
chatterbot Oscar submitting transactions
ChatterBot X-ray round 3
ChatterBot Sierra round 3
ChatterBot Zulu round 3
ChatterBot Victor round 3
ChatterBot Uniform round 3
ChatterBot Echo round 3
ChatterBot Hotel round 3
ChatterBot Yankee round 3
2024-10-14 19:23:33.415309 Victor: We should add X-ray
ChatterBot Sierra reevaluating
2024-10-14 19:23:33.425491 Oscar: Yes
2024-10-14 19:23:33.425665 Sierra: Yes
2024-10-14 19:23:33.426349 Echo: Yes
ChatterBot Sierra reevaluating
ChatterBot Sierra reevaluating
2024-10-14 19:23:33.452082 Sierra: Friends?
2024-10-14 19:23:33.462831 Echo: Yes
2024-10-14 19:23:33.462964 Victor: Yes
2024-10-14 19:23:33.463068 Oscar: No
2024-10-14 19:23:33.463174 X-ray: No
ChatterBot Sierra reevaluating
ChatterBot Sierra reevaluating
ChatterBot Sierra reevaluating
ChatterBot Sierra reevaluating
ChatterBot Oscar round 3
ChatterBot Kilo round 3
2024-10-14 19:23:33.527540 Victor: X-ray we want you to join our group
2024-10-14 19:23:33.530556 X-ray: No
ChatterBot Sierra reevaluating
2024-10-14 19:23:33.561054 X-ray: Zulu, sending you 2
2024-10-14 19:23:33.562181 Zulu: X-ray, Uniform, Hotel and Kilo, sending you 3
2024-10-14 19:23:33.578410 X-ray: Uniform and Kilo, sending you 1
2024-10-14 19:23:33.578965 Zulu: Yankee, sending you 5
2024-10-14 19:23:33.580057 Uniform: Same as last round
2024-10-14 19:23:33.580510 Victor: Sierra, sending you 9
2024-10-14 19:23:33.580954 Yankee: Zulu and Kilo, sending you 4
2024-10-14 19:23:33.581881 Sierra: X-ray, sending you 2
2024-10-14 19:23:33.582223 Echo: Sierra, sending you 3
2024-10-14 19:23:33.585357 Kilo: X-ray, sending you 2
2024-10-14 19:23:33.586169 Oscar: Sierra and Victor, sending you 4
2024-10-14 19:23:33.586442 Sierra: Victor, sending you 5
2024-10-14 19:23:33.587197 Victor: Echo, sending you 3
2024-10-14 19:23:33.587486 Hotel: X-ray, sending you 1
2024-10-14 19:23:33.587869 Yankee: Uniform and Hotel, sending you 3
2024-10-14 19:23:33.588715 Echo: Victor, sending you 1
2024-10-14 19:23:33.590044 Kilo: Zulu and Uniform, sending you 3
2024-10-14 19:23:33.590844 Victor: Oscar, sending you 5
2024-10-14 19:23:33.591933 Sierra: Echo, sending you 3
2024-10-14 19:23:33.593801 Hotel: Zulu, sending you 5
2024-10-14 19:23:33.594853 Kilo: Hotel, sending you 6
2024-10-14 19:23:33.596256 Sierra: Oscar, sending you 4
2024-10-14 19:23:33.597993 Hotel: Uniform and Yankee, sending you 3
2024-10-14 19:23:33.598945 Kilo: Yankee, sending you 4
2024-10-14 19:23:33.602041 Hotel: Kilo, sending you 7
chatterbot Oscar submitting transactions
chatterbot Uniform submitting transactions
chatterbot Echo submitting transactions
chatterbot Zulu submitting transactions
chatterbot X-ray submitting transactions
chatterbot Yankee submitting transactions
chatterbot Victor submitting transactions
chatterbot Sierra submitting transactions
chatterbot Kilo submitting transactions
chatterbot Hotel submitting transactions
ChatterBot X-ray round 4
ChatterBot Sierra round 4
ChatterBot Zulu round 4
ChatterBot Victor round 4
ChatterBot Uniform round 4
ChatterBot Echo round 4
ChatterBot Hotel round 4
ChatterBot Yankee round 4
ChatterBot Oscar round 4
ChatterBot Kilo round 4
2024-10-14 19:23:34.658945 Sierra: X-ray, sending you 2
2024-10-14 19:23:34.659545 Victor: X-ray, sending you 1
2024-10-14 19:23:34.679408 Sierra: Victor and Oscar, sending you 4
2024-10-14 19:23:34.680267 X-ray: Zulu, sending you 2
2024-10-14 19:23:34.681575 Victor: Sierra, sending you 8
2024-10-14 19:23:34.682234 Oscar: Sierra, sending you 4
2024-10-14 19:23:34.683152 Yankee: Zulu and Kilo, sending you 4
2024-10-14 19:23:34.731545 Sierra: Echo, sending you 3
2024-10-14 19:23:34.732600 X-ray: Uniform and Kilo, sending you 1
2024-10-14 19:23:34.733262 Echo: Sierra, sending you 3
2024-10-14 19:23:34.734090 Hotel: X-ray, sending you 1
2024-10-14 19:23:34.734756 Uniform: Same as last round
2024-10-14 19:23:34.735267 Kilo: X-ray, sending you 2
2024-10-14 19:23:34.736484 Victor: Echo, sending you 2
2024-10-14 19:23:34.736924 Oscar: Victor, sending you 3
2024-10-14 19:23:34.737331 Zulu: X-ray, Uniform and Kilo, sending you 3
2024-10-14 19:23:34.738555 Yankee: Uniform and Hotel, sending you 3
2024-10-14 19:23:34.739201 Echo: Victor, sending you 1
2024-10-14 19:23:34.739547 Hotel: Zulu and Yankee, sending you 4
2024-10-14 19:23:34.740662 Kilo: Zulu and Uniform, sending you 3
2024-10-14 19:23:34.741231 Victor: Oscar, sending you 6
2024-10-14 19:23:34.741557 Zulu: Hotel, sending you 4
2024-10-14 19:23:34.744796 Hotel: Uniform, sending you 3
2024-10-14 19:23:34.746012 Kilo: Hotel, sending you 6
2024-10-14 19:23:34.746517 Zulu: Yankee, sending you 5
2024-10-14 19:23:34.753037 Kilo: Yankee, sending you 4
2024-10-14 19:23:34.753601 Hotel: Kilo, sending you 7
chatterbot Oscar submitting transactions
chatterbot Victor submitting transactions
chatterbot Kilo submitting transactions
chatterbot Uniform submitting transactions
chatterbot Yankee submitting transactions
chatterbot Echo submitting transactions
chatterbot Zulu submitting transactions
chatterbot X-ray submitting transactions
chatterbot Hotel submitting transactions
chatterbot Sierra submitting transactions
ChatterBot X-ray round 5
ChatterBot Sierra round 5
ChatterBot Zulu round 5
ChatterBot Victor round 5
ChatterBot Uniform round 5
ChatterBot Echo round 5
ChatterBot Hotel round 5
ChatterBot Yankee round 5
ChatterBot Oscar round 5
ChatterBot Kilo round 5
2024-10-14 19:23:35.795516 Echo: We should replace X-ray with Uniform
ChatterBot Sierra reevaluating
2024-10-14 19:23:35.810866 Oscar: No
2024-10-14 19:23:35.811059 Sierra: No
2024-10-14 19:23:35.811228 Victor: No
ChatterBot Sierra reevaluating
ChatterBot Echo reevaluating
ChatterBot Echo reevaluating
ChatterBot Sierra reevaluating
ChatterBot Echo reevaluating
2024-10-14 19:23:35.852778 Sierra: We should drop X-ray
ChatterBot Echo reevaluating
2024-10-14 19:23:35.864568 Oscar: Yes
2024-10-14 19:23:35.864761 Victor: Yes
2024-10-14 19:23:35.864935 Echo: Yes
ChatterBot Victor reevaluating
ChatterBot Echo reevaluating
ChatterBot Echo reevaluating
ChatterBot Victor reevaluating
2024-10-14 19:23:35.903685 Zulu: X-ray, Uniform and Kilo, sending you 3
2024-10-14 19:23:35.904712 X-ray: Zulu, sending you 2
2024-10-14 19:23:35.905423 Hotel: Zulu, sending you 5
2024-10-14 19:23:35.906638 Uniform: Same as last round
2024-10-14 19:23:35.908687 Zulu: Hotel, sending you 4
2024-10-14 19:23:35.910076 X-ray: Uniform and Kilo, sending you 1
2024-10-14 19:23:35.910603 Hotel: Uniform, sending you 3
2024-10-14 19:23:35.912699 Zulu: Yankee, sending you 5
2024-10-14 19:23:35.913965 Kilo: X-ray, sending you 2
2024-10-14 19:23:35.915662 Hotel: Yankee, sending you 4
2024-10-14 19:23:35.916494 Sierra: Victor and Echo, sending you 4
2024-10-14 19:23:35.916871 Kilo: Zulu and Uniform, sending you 3
2024-10-14 19:23:35.917994 Echo: Sierra, sending you 3
2024-10-14 19:23:35.918675 Yankee: Zulu and Kilo, sending you 4
2024-10-14 19:23:35.919141 Hotel: Kilo, sending you 7
2024-10-14 19:23:35.920057 Kilo: Hotel, sending you 6
2024-10-14 19:23:35.921691 Sierra: Oscar, sending you 5
2024-10-14 19:23:35.922734 Echo: Victor, sending you 1
2024-10-14 19:23:35.923298 Yankee: Uniform and Hotel, sending you 3
2024-10-14 19:23:35.923795 Oscar: Sierra, sending you 4
2024-10-14 19:23:35.925664 Kilo: Yankee, sending you 4
2024-10-14 19:23:35.927932 Oscar: Victor, sending you 3
2024-10-14 19:23:35.936669 Victor: Sierra, sending you 8
2024-10-14 19:23:35.940671 Victor: Echo, sending you 3
2024-10-14 19:23:35.945666 Victor: Oscar, sending you 6
chatterbot Zulu submitting transactions
chatterbot Sierra submitting transactions
chatterbot Oscar submitting transactions
chatterbot Hotel submitting transactions
chatterbot Yankee submitting transactions
chatterbot Echo submitting transactions
chatterbot Uniform submitting transactions
chatterbot X-ray submitting transactions
chatterbot Kilo submitting transactions
chatterbot Victor submitting transactions
ChatterBot X-ray round 6
ChatterBot Sierra round 6
ChatterBot Zulu round 6
ChatterBot Victor round 6
ChatterBot Uniform round 6
ChatterBot Echo round 6
ChatterBot Hotel round 6
ChatterBot Yankee round 6
ChatterBot Oscar round 6
2024-10-14 19:23:37.088041 Victor: We should add X-ray
ChatterBot Echo reevaluating
2024-10-14 19:23:37.101751 Oscar: Yes
2024-10-14 19:23:37.102136 Sierra: Yes
2024-10-14 19:23:37.103063 Echo: Yes
ChatterBot Echo reevaluating
ChatterBot Echo reevaluating
ChatterBot Kilo round 6
2024-10-14 19:23:37.180093 Victor: X-ray we want you to join our group
2024-10-14 19:23:37.184892 X-ray: No
ChatterBot Echo reevaluating
2024-10-14 19:23:37.211893 Zulu: X-ray, Uniform and Kilo, sending you 3
2024-10-14 19:23:37.217138 Yankee: Zulu and Kilo, sending you 4
2024-10-14 19:23:37.218300 Zulu: Hotel, sending you 4
2024-10-14 19:23:37.219991 Oscar: Sierra, sending you 4
2024-10-14 19:23:37.220838 Hotel: Zulu, sending you 5
2024-10-14 19:23:37.222075 Victor: X-ray, sending you 1
2024-10-14 19:23:37.223172 Uniform: Same as last round
2024-10-14 19:23:37.224494 Echo: Sierra, sending you 3
2024-10-14 19:23:37.226104 X-ray: Zulu, sending you 2
2024-10-14 19:23:37.227247 Yankee: Uniform and Hotel, sending you 3
2024-10-14 19:23:37.229013 Zulu: Yankee, sending you 5
2024-10-14 19:23:37.230308 Oscar: Victor, sending you 3
2024-10-14 19:23:37.231585 Sierra: Victor and Echo, sending you 4
2024-10-14 19:23:37.232213 Hotel: Uniform, sending you 3
2024-10-14 19:23:37.232936 Victor: Sierra, sending you 8
2024-10-14 19:23:37.233407 Echo: Victor, sending you 1
2024-10-14 19:23:37.234275 X-ray: Uniform and Kilo, sending you 1
2024-10-14 19:23:37.235659 Hotel: Yankee, sending you 4
2024-10-14 19:23:37.236916 Sierra: Oscar, sending you 5
2024-10-14 19:23:37.237407 Victor: Echo, sending you 2
2024-10-14 19:23:37.239707 Kilo: X-ray, sending you 2
2024-10-14 19:23:37.240666 Hotel: Kilo, sending you 7
2024-10-14 19:23:37.241886 Victor: Oscar, sending you 6
2024-10-14 19:23:37.242655 Kilo: Zulu and Uniform, sending you 3
2024-10-14 19:23:37.247671 Kilo: Hotel, sending you 6
2024-10-14 19:23:37.252646 Kilo: Yankee, sending you 4
chatterbot Zulu submitting transactions
chatterbot Hotel submitting transactions
chatterbot Yankee submitting transactions
chatterbot Oscar submitting transactions
chatterbot Victor submitting transactions
chatterbot X-ray submitting transactions
chatterbot Kilo submitting transactions
chatterbot Uniform submitting transactions
chatterbot Echo submitting transactions
chatterbot Sierra submitting transactions
ChatterBot X-ray round 7
ChatterBot Sierra round 7
ChatterBot Zulu round 7
ChatterBot Victor round 7
ChatterBot Uniform round 7
ChatterBot Echo round 7
ChatterBot Hotel round 7
ChatterBot Yankee round 7
ChatterBot Oscar round 7
2024-10-14 19:23:38.452398 Echo: We should replace X-ray with Uniform
2024-10-14 19:23:38.463663 Oscar: No
2024-10-14 19:23:38.464071 Sierra: No
2024-10-14 19:23:38.464257 Victor: No
ChatterBot Echo reevaluating
ChatterBot Echo reevaluating
ChatterBot Echo reevaluating
ChatterBot Kilo round 7
2024-10-14 19:23:38.518886 Victor: X-ray, sending you 1
2024-10-14 19:23:38.521160 Uniform: Same as last round
2024-10-14 19:23:38.524167 Victor: Sierra, sending you 8
2024-10-14 19:23:38.527734 Sierra: Victor, sending you 4
2024-10-14 19:23:38.529449 Victor: Echo, sending you 2
2024-10-14 19:23:38.531092 Kilo: X-ray, sending you 2
2024-10-14 19:23:38.533720 X-ray: Zulu, sending you 2
2024-10-14 19:23:38.536009 Yankee: Zulu, sending you 5
2024-10-14 19:23:38.537072 Oscar: Sierra, sending you 4
2024-10-14 19:23:38.538628 Sierra: Echo and Oscar, sending you 5
2024-10-14 19:23:38.539956 Victor: Oscar, sending you 6
2024-10-14 19:23:38.540688 Hotel: Zulu, sending you 5
2024-10-14 19:23:38.542353 Kilo: Zulu and Uniform, sending you 3
2024-10-14 19:23:38.544935 X-ray: Uniform and Kilo, sending you 1
2024-10-14 19:23:38.547119 Yankee: Uniform, sending you 2
2024-10-14 19:23:38.549238 Oscar: Victor, sending you 3
2024-10-14 19:23:38.550756 Zulu: X-ray, Uniform and Kilo, sending you 3
2024-10-14 19:23:38.551753 Echo: Sierra, sending you 3
2024-10-14 19:23:38.553588 Hotel: Uniform, sending you 3
2024-10-14 19:23:38.554718 Kilo: Hotel, sending you 6
2024-10-14 19:23:38.556842 Yankee: Hotel, sending you 3
2024-10-14 19:23:38.558911 Zulu: Hotel, sending you 4
2024-10-14 19:23:38.560435 Echo: Victor, sending you 1
2024-10-14 19:23:38.561307 Hotel: Yankee, sending you 4
2024-10-14 19:23:38.563344 Kilo: Yankee, sending you 4
2024-10-14 19:23:38.565195 Yankee: Kilo, sending you 4
2024-10-14 19:23:38.567005 Zulu: Yankee, sending you 5
2024-10-14 19:23:38.568964 Hotel: Kilo, sending you 7
chatterbot X-ray submitting transactions
chatterbot Echo submitting transactions
chatterbot Sierra submitting transactions
chatterbot Kilo submitting transactions
chatterbot Oscar submitting transactions
chatterbot Victor submitting transactions
chatterbot Uniform submitting transactions
chatterbot Zulu submitting transactions
chatterbot Hotel submitting transactions
chatterbot Yankee submitting transactions
ChatterBot X-ray round 8
ChatterBot Sierra round 8
ChatterBot Zulu round 8
ChatterBot Victor round 8
ChatterBot Uniform round 8
ChatterBot Echo round 8
ChatterBot Hotel round 8
ChatterBot Yankee round 8
ChatterBot Oscar round 8
ChatterBot Kilo round 8
2024-10-14 19:23:39.755221 Uniform: Same as last round
2024-10-14 19:23:39.762881 Hotel: Zulu, sending you 5
2024-10-14 19:23:39.764197 Yankee: Zulu, sending you 5
2024-10-14 19:23:39.765632 Sierra: Victor, sending you 4
2024-10-14 19:23:39.766449 Zulu: X-ray, Uniform and Kilo, sending you 3
2024-10-14 19:23:39.768372 Victor: X-ray, sending you 1
2024-10-14 19:23:39.769682 Hotel: Uniform, sending you 3
2024-10-14 19:23:39.770641 Echo: Sierra, sending you 3
2024-10-14 19:23:39.771975 X-ray: Zulu, sending you 2
2024-10-14 19:23:39.772869 Sierra: Echo and Oscar, sending you 5
2024-10-14 19:23:39.774084 Yankee: Uniform, sending you 2
2024-10-14 19:23:39.775098 Zulu: Hotel, sending you 4
2024-10-14 19:23:39.776755 Victor: Sierra, sending you 8
2024-10-14 19:23:39.778087 Hotel: Yankee, sending you 4
2024-10-14 19:23:39.779571 Kilo: X-ray, sending you 2
2024-10-14 19:23:39.780543 X-ray: Uniform and Kilo, sending you 1
2024-10-14 19:23:39.781814 Echo: Victor, sending you 1
2024-10-14 19:23:39.782642 Yankee: Hotel, sending you 3
2024-10-14 19:23:39.784106 Oscar: Sierra, sending you 4
2024-10-14 19:23:39.785132 Zulu: Yankee, sending you 5
2024-10-14 19:23:39.785940 Victor: Echo, sending you 2
2024-10-14 19:23:39.786434 Hotel: Kilo, sending you 7
2024-10-14 19:23:39.787791 Kilo: Zulu and Uniform, sending you 3
2024-10-14 19:23:39.788991 Yankee: Kilo, sending you 4
2024-10-14 19:23:39.789745 Oscar: Victor, sending you 3
2024-10-14 19:23:39.798597 Victor: Oscar, sending you 6
2024-10-14 19:23:39.799648 Kilo: Hotel, sending you 6
2024-10-14 19:23:39.806733 Kilo: Yankee, sending you 4
chatterbot X-ray submitting transactions
chatterbot Zulu submitting transactions
chatterbot Oscar submitting transactions
chatterbot Yankee submitting transactions
chatterbot Echo submitting transactions
chatterbot Kilo submitting transactions
chatterbot Uniform submitting transactions
chatterbot Victor submitting transactions
chatterbot Sierra submitting transactions
chatterbot Hotel submitting transactions
ChatterBot X-ray round 9
ChatterBot Sierra round 9
ChatterBot Zulu round 9
ChatterBot Victor round 9
ChatterBot Uniform round 9
ChatterBot Echo round 9
ChatterBot Hotel round 9
2024-10-14 19:23:41.010039 Sierra: We should add Uniform
2024-10-14 19:23:41.017894 Oscar: No
2024-10-14 19:23:41.018140 Victor: No
2024-10-14 19:23:41.018730 Echo: No
ChatterBot Sierra reevaluating
ChatterBot Sierra reevaluating
ChatterBot Sierra reevaluating
ChatterBot Yankee round 9
ChatterBot Oscar round 9
ChatterBot Kilo round 9
2024-10-14 19:23:41.096697 X-ray: Zulu, sending you 2
2024-10-14 19:23:41.097824 Victor: X-ray, sending you 1
2024-10-14 19:23:41.102707 X-ray: Uniform and Kilo, sending you 1
2024-10-14 19:23:41.103928 Victor: Sierra, sending you 8
2024-10-14 19:23:41.108958 Oscar: Sierra, sending you 4
2024-10-14 19:23:41.111690 Uniform: Same as last round
2024-10-14 19:23:41.112719 Oscar: Victor, sending you 2
2024-10-14 19:23:41.113161 Zulu: X-ray, Uniform and Kilo, sending you 3
2024-10-14 19:23:41.115723 Kilo: X-ray, sending you 2
2024-10-14 19:23:41.120131 Echo: Sierra, sending you 3
2024-10-14 19:23:41.120754 Sierra: Victor, sending you 3
2024-10-14 19:23:41.121292 Victor: Echo, sending you 2
2024-10-14 19:23:41.123259 Yankee: Zulu, sending you 5
2024-10-14 19:23:41.124228 Hotel: Zulu, sending you 5
2024-10-14 19:23:41.126656 Zulu: Hotel, sending you 4
2024-10-14 19:23:41.127609 Kilo: Zulu and Uniform, sending you 3
2024-10-14 19:23:41.132573 Echo: Victor, sending you 1
2024-10-14 19:23:41.133432 Sierra: Echo and Oscar, sending you 5
2024-10-14 19:23:41.135668 Victor: Oscar, sending you 6
2024-10-14 19:23:41.136334 Yankee: Uniform, sending you 2
2024-10-14 19:23:41.138894 Zulu: Yankee, sending you 5
2024-10-14 19:23:41.139952 Hotel: Uniform, sending you 3
2024-10-14 19:23:41.144332 Kilo: Hotel, sending you 6
2024-10-14 19:23:41.145434 Yankee: Hotel, sending you 3
2024-10-14 19:23:41.148217 Hotel: Yankee, sending you 4
2024-10-14 19:23:41.149189 Kilo: Yankee, sending you 4
2024-10-14 19:23:41.156069 Yankee: Kilo, sending you 4
2024-10-14 19:23:41.157483 Hotel: Kilo, sending you 7
chatterbot Hotel submitting transactions
chatterbot Sierra submitting transactions
chatterbot Oscar submitting transactions
chatterbot Zulu submitting transactions
chatterbot Kilo submitting transactions
chatterbot X-ray submitting transactions
chatterbot Echo submitting transactions
chatterbot Victor submitting transactions
chatterbot Uniform submitting transactions
chatterbot Yankee submitting transactions
ChatterBot X-ray round 10
ChatterBot Sierra round 10
ChatterBot Zulu round 10
ChatterBot Victor round 10
ChatterBot Uniform round 10
ChatterBot Echo round 10
ChatterBot Hotel round 10
ChatterBot Yankee round 10
ChatterBot Oscar round 10
ChatterBot Kilo round 10
2024-10-14 19:23:42.268686 Uniform: Same as last round
2024-10-14 19:23:42.272679 X-ray: Zulu, sending you 2
2024-10-14 19:23:42.274663 Yankee: Zulu, sending you 5
2024-10-14 19:23:42.276661 Sierra: Victor, sending you 3
2024-10-14 19:23:42.277137 Victor: Sierra, sending you 8
2024-10-14 19:23:42.280714 X-ray: Uniform and Kilo, sending you 1
2024-10-14 19:23:42.281625 Yankee: Uniform, sending you 2
2024-10-14 19:23:42.282999 Hotel: Zulu and Kilo, sending you 2
2024-10-14 19:23:42.283678 Sierra: Echo and Oscar, sending you 5
2024-10-14 19:23:42.285284 Victor: Echo, sending you 3
2024-10-14 19:23:42.285849 Echo: Sierra, sending you 3
2024-10-14 19:23:42.290874 Yankee: Hotel, sending you 3
2024-10-14 19:23:42.292656 Hotel: Uniform and Yankee, sending you 1
2024-10-14 19:23:42.295423 Echo: Victor, sending you 1
2024-10-14 19:23:42.296286 Victor: Oscar, sending you 6
2024-10-14 19:23:42.297029 Zulu: Hotel and Yankee, sending you 1
2024-10-14 19:23:42.302196 Yankee: Kilo, sending you 4
2024-10-14 19:23:42.304982 Kilo: X-ray, sending you 2
2024-10-14 19:23:42.310302 Kilo: Zulu and Uniform, sending you 3
2024-10-14 19:23:42.315679 Kilo: Hotel, sending you 6
2024-10-14 19:23:42.319709 Kilo: Yankee, sending you 4
chatterbot X-ray submitting transactions
chatterbot Uniform submitting transactions
chatterbot Hotel submitting transactions
chatterbot Oscar submitting transactions
chatterbot Kilo submitting transactions
chatterbot Echo submitting transactions
chatterbot Victor submitting transactions
chatterbot Sierra submitting transactions
chatterbot Zulu submitting transactions
chatterbot Yankee submitting transactions
ChatterBot X-ray round 11
ChatterBot Sierra round 11
ChatterBot Zulu round 11
ChatterBot Victor round 11
ChatterBot Uniform round 11
ChatterBot Echo round 11
ChatterBot Hotel round 11
ChatterBot Yankee round 11
2024-10-14 19:23:43.397742 Sierra: We should replace Victor with Hotel
ChatterBot Echo reevaluating
ChatterBot Oscar reevaluating
2024-10-14 19:23:43.407657 Echo: No
2024-10-14 19:23:43.407858 Oscar: No
ChatterBot Sierra reevaluating
ChatterBot Oscar reevaluating
ChatterBot Sierra reevaluating
ChatterBot Echo reevaluating
ChatterBot Oscar round 11
ChatterBot Kilo round 11
2024-10-14 19:23:43.459504 Victor: I was attacked by Zulu and Hotel
2024-10-14 19:23:43.459781 Victor: I'm keeping this round to protect myself
2024-10-14 19:23:43.459962 Victor: Ow
2024-10-14 19:23:43.460796 Sierra: Hotel we want you to join our group
2024-10-14 19:23:43.464409 Hotel: No
ChatterBot Sierra reevaluating
ChatterBot Echo reevaluating
2024-10-14 19:23:43.477045 Sierra: We should replace Victor with Kilo
ChatterBot Echo reevaluating
2024-10-14 19:23:43.485164 Echo: No
2024-10-14 19:23:43.485326 Oscar: No
ChatterBot Sierra reevaluating
ChatterBot Sierra reevaluating
ChatterBot Echo reevaluating
2024-10-14 19:23:43.501386 Oscar: We should drop Victor
ChatterBot Sierra reevaluating
ChatterBot Echo reevaluating
2024-10-14 19:23:43.510241 Sierra: Yes
2024-10-14 19:23:43.510383 Echo: Yes
ChatterBot Echo reevaluating
ChatterBot Sierra reevaluating
2024-10-14 19:23:43.525520 X-ray: Zulu and Kilo, sending you 1
2024-10-14 19:23:43.528658 Hotel: Zulu and Yankee, sending you 3
2024-10-14 19:23:43.529419 Uniform: X-ray, sending you 1
2024-10-14 19:23:43.530060 Zulu: X-ray and Uniform, sending you 1
2024-10-14 19:23:43.530818 X-ray: Uniform, sending you 2
2024-10-14 19:23:43.531508 Yankee: Zulu and Kilo, sending you 4
2024-10-14 19:23:43.532482 Hotel: Uniform, sending you 1
2024-10-14 19:23:43.534684 Uniform: Zulu, Hotel, Yankee and Kilo, sending you 3
2024-10-14 19:23:43.535681 Zulu: Hotel, Yankee and Kilo, sending you 2
2024-10-14 19:23:43.538092 Zulu: I was attacked by Oscar
ChatterBot X-ray reevaluating
ChatterBot Hotel reevaluating
ChatterBot Kilo reevaluating
ChatterBot Uniform reevaluating
ChatterBot Yankee reevaluating
2024-10-14 19:23:43.628170 Zulu: Ow
2024-10-14 19:23:43.632929 Sierra: Echo, sending you 6
2024-10-14 19:23:43.634708 Echo: Sierra, sending you 4
2024-10-14 19:23:43.636961 Oscar: Sierra, sending you 3
2024-10-14 19:23:43.637677 Sierra: Oscar, sending you 7
2024-10-14 19:23:43.649722 Kilo: X-ray, sending you 1
2024-10-14 19:23:43.652691 Uniform: X-ray, Zulu and Hotel, sending you 1
2024-10-14 19:23:43.654263 Hotel: Zulu and Yankee, sending you 4
2024-10-14 19:23:43.655600 Kilo: Zulu and Uniform, sending you 3
2024-10-14 19:23:43.657395 Uniform: Yankee and Kilo, sending you 2
2024-10-14 19:23:43.659708 Hotel: Uniform, sending you 3
2024-10-14 19:23:43.661655 Kilo: Hotel, sending you 6
2024-10-14 19:23:43.665690 Hotel: Kilo, sending you 7
2024-10-14 19:23:43.668664 Kilo: Yankee, sending you 5
chatterbot Oscar submitting transactions
chatterbot Zulu submitting transactions
chatterbot X-ray submitting transactions
chatterbot Sierra submitting transactions
chatterbot Victor submitting transactions
chatterbot Kilo submitting transactions
chatterbot Uniform submitting transactions
chatterbot Hotel submitting transactions
chatterbot Echo submitting transactions
chatterbot Yankee submitting transactions
ChatterBot X-ray round 12
ChatterBot Sierra round 12
ChatterBot Zulu round 12
ChatterBot Victor round 12
ChatterBot Uniform round 12
ChatterBot Echo round 12
ChatterBot Hotel round 12
ChatterBot Yankee round 12
2024-10-14 19:23:44.823954 Sierra: We should add Kilo
2024-10-14 19:23:44.835139 Echo: No
2024-10-14 19:23:44.835366 Oscar: No
ChatterBot Sierra reevaluating
ChatterBot Sierra reevaluating
ChatterBot Oscar round 12
ChatterBot Kilo round 12
2024-10-14 19:23:44.879027 Echo: We should replace Uniform with X-ray
ChatterBot Sierra reevaluating
2024-10-14 19:23:44.887891 Sierra: Yes
2024-10-14 19:23:44.888022 Oscar: No
ChatterBot Echo reevaluating
ChatterBot Sierra reevaluating
ChatterBot Echo reevaluating
2024-10-14 19:23:44.932716 X-ray: Zulu and Kilo, sending you 1
2024-10-14 19:23:44.939738 X-ray: Uniform, sending you 2
2024-10-14 19:23:44.941731 Hotel: Zulu and Yankee, sending you 3
2024-10-14 19:23:44.944121 Uniform: X-ray, Zulu, Hotel, Yankee and Kilo, sending you 3
2024-10-14 19:23:44.946466 Sierra: Echo, sending you 7
2024-10-14 19:23:44.947569 Zulu: X-ray, Uniform, Hotel and Kilo, sending you 2
2024-10-14 19:23:44.950104 Hotel: Uniform, sending you 1
2024-10-14 19:23:44.951690 Sierra: Oscar, sending you 8
2024-10-14 19:23:44.953381 Zulu: Yankee, sending you 3
2024-10-14 19:23:44.955123 Yankee: Zulu, Hotel and Kilo, sending you 4
2024-10-14 19:23:44.957245 Oscar: Sierra, sending you 3
2024-10-14 19:23:44.958241 Oscar: I was attacked by Uniform
ChatterBot Sierra reevaluating
ChatterBot Echo reevaluating
2024-10-14 19:23:44.977434 Oscar: Ow
2024-10-14 19:23:44.978133 Hotel: Kilo, sending you 5
2024-10-14 19:23:44.979779 Kilo: X-ray, sending you 2
2024-10-14 19:23:44.980689 Yankee: Uniform, sending you 2
2024-10-14 19:23:44.984677 Kilo: Zulu and Uniform, sending you 3
2024-10-14 19:23:44.991166 Kilo: Hotel, sending you 6
2024-10-14 19:23:44.996060 Kilo: Yankee, sending you 4
2024-10-14 19:23:45.004672 Echo: Sierra, sending you 4
chatterbot Uniform submitting transactions
chatterbot Yankee submitting transactions
chatterbot Hotel submitting transactions
chatterbot Victor submitting transactions
chatterbot Oscar submitting transactions
chatterbot X-ray submitting transactions
chatterbot Sierra submitting transactions
chatterbot Echo submitting transactions
chatterbot Zulu submitting transactions
chatterbot Kilo submitting transactions
ChatterBot X-ray round 13
ChatterBot Sierra round 13
ChatterBot Zulu round 13
ChatterBot Victor round 13
ChatterBot Uniform round 13
ChatterBot Echo round 13
ChatterBot Hotel round 13
ChatterBot Yankee round 13
ChatterBot Oscar round 13
2024-10-14 19:23:46.203184 Zulu: We should replace X-ray with Sierra
ChatterBot Hotel reevaluating
ChatterBot Yankee reevaluating
2024-10-14 19:23:46.219432 Uniform: No
2024-10-14 19:23:46.219582 Hotel: Yes
2024-10-14 19:23:46.219717 Yankee: No
2024-10-14 19:23:46.219829 Kilo: No
ChatterBot Zulu reevaluating
ChatterBot Hotel reevaluating
ChatterBot Yankee reevaluating
ChatterBot Zulu reevaluating
ChatterBot Yankee reevaluating
ChatterBot Zulu reevaluating
ChatterBot Hotel reevaluating
ChatterBot Zulu reevaluating
ChatterBot Hotel reevaluating
ChatterBot Yankee reevaluating
ChatterBot Kilo round 13
2024-10-14 19:23:46.314685 X-ray: Zulu and Kilo, sending you 1
2024-10-14 19:23:46.318672 X-ray: Uniform, sending you 2
2024-10-14 19:23:46.319708 Sierra: Echo, sending you 7
2024-10-14 19:23:46.320677 Yankee: Zulu, sending you 4
2024-10-14 19:23:46.322676 Sierra: Oscar, sending you 8
2024-10-14 19:23:46.324649 Echo: Sierra, sending you 4
2024-10-14 19:23:46.325005 Yankee: Uniform, sending you 2
2024-10-14 19:23:46.326103 Zulu: X-ray, Uniform and Kilo, sending you 3
2024-10-14 19:23:46.327596 Hotel: Zulu and Yankee, sending you 1
2024-10-14 19:23:46.328852 Oscar: I was attacked by Hotel
ChatterBot Sierra reevaluating
ChatterBot Echo reevaluating
2024-10-14 19:23:46.338072 Oscar: I'm keeping this round to protect myself
2024-10-14 19:23:46.338939 Oscar: Ow
2024-10-14 19:23:46.339257 Yankee: Hotel, sending you 3
2024-10-14 19:23:46.340525 Zulu: Hotel and Yankee, sending you 4
2024-10-14 19:23:46.341231 Uniform: X-ray, Zulu, Hotel, Yankee and Kilo, sending you 3
2024-10-14 19:23:46.342040 Hotel: Kilo, sending you 2
2024-10-14 19:23:46.342756 Kilo: X-ray, sending you 2
2024-10-14 19:23:46.344682 Yankee: Kilo, sending you 5
2024-10-14 19:23:46.347697 Kilo: Zulu and Uniform, sending you 3
2024-10-14 19:23:46.351694 Kilo: Hotel, sending you 6
2024-10-14 19:23:46.357965 Kilo: Yankee, sending you 4
chatterbot Victor submitting transactions
chatterbot Yankee submitting transactions
chatterbot X-ray submitting transactions
chatterbot Echo submitting transactions
chatterbot Sierra submitting transactions
chatterbot Hotel submitting transactions
chatterbot Kilo submitting transactions
chatterbot Oscar submitting transactions
chatterbot Zulu submitting transactions
chatterbot Uniform submitting transactions
ChatterBot X-ray round 14
ChatterBot Sierra round 14
ChatterBot Zulu round 14
ChatterBot Victor round 14
ChatterBot Uniform round 14
ChatterBot Echo round 14
ChatterBot Hotel round 14
ChatterBot Yankee round 14
ChatterBot Oscar round 14
ChatterBot Kilo round 14
2024-10-14 19:23:47.598362 Echo: We should replace Uniform with X-ray
2024-10-14 19:23:47.613305 Sierra: Yes
2024-10-14 19:23:47.613652 Oscar: No
ChatterBot Echo reevaluating
2024-10-14 19:23:47.662222 Yankee: We should drop X-ray
2024-10-14 19:23:47.680449 Zulu: Yes
2024-10-14 19:23:47.680621 Uniform: Yes
2024-10-14 19:23:47.680739 Hotel: Yes
2024-10-14 19:23:47.680876 Kilo: Yes
ChatterBot Yankee reevaluating
ChatterBot Zulu reevaluating
ChatterBot Yankee reevaluating
ChatterBot Zulu reevaluating
ChatterBot Uniform reevaluating
ChatterBot Yankee reevaluating
2024-10-14 19:23:47.752345 Zulu: We should replace X-ray with Echo
ChatterBot Uniform reevaluating
ChatterBot Yankee reevaluating
2024-10-14 19:23:47.779380 Uniform: Yes
2024-10-14 19:23:47.779583 Hotel: No
2024-10-14 19:23:47.780189 Yankee: No
2024-10-14 19:23:47.780343 Kilo: No
ChatterBot Zulu reevaluating
ChatterBot Yankee reevaluating
ChatterBot Zulu reevaluating
ChatterBot Uniform reevaluating
ChatterBot Yankee reevaluating
ChatterBot Kilo reevaluating
ChatterBot Zulu reevaluating
ChatterBot Uniform reevaluating
ChatterBot Kilo reevaluating
ChatterBot Zulu reevaluating
ChatterBot Uniform reevaluating
ChatterBot Yankee reevaluating
2024-10-14 19:23:47.853328 Sierra: Echo and Oscar, sending you 8
2024-10-14 19:23:47.854075 Zulu: We should replace X-ray with Sierra
ChatterBot Uniform reevaluating
ChatterBot Yankee reevaluating
ChatterBot Kilo reevaluating
2024-10-14 19:23:47.870784 Uniform: No
2024-10-14 19:23:47.870972 Hotel: Yes
2024-10-14 19:23:47.871117 Yankee: No
2024-10-14 19:23:47.871257 Kilo: No
ChatterBot Zulu reevaluating
ChatterBot Hotel reevaluating
ChatterBot Yankee reevaluating
ChatterBot Kilo reevaluating
ChatterBot Zulu reevaluating
ChatterBot Uniform reevaluating
ChatterBot Yankee reevaluating
ChatterBot Kilo reevaluating
ChatterBot Zulu reevaluating
ChatterBot Uniform reevaluating
ChatterBot Hotel reevaluating
ChatterBot Kilo reevaluating
ChatterBot Zulu reevaluating
ChatterBot Uniform reevaluating
ChatterBot Hotel reevaluating
ChatterBot Yankee reevaluating
2024-10-14 19:23:47.948260 X-ray: Zulu, sending you 2
2024-10-14 19:23:47.950822 Oscar: I was attacked by Hotel
ChatterBot Sierra reevaluating
ChatterBot Echo reevaluating
2024-10-14 19:23:47.961572 Oscar: I'm keeping this round to protect myself
2024-10-14 19:23:47.962668 Oscar: Ow
2024-10-14 19:23:47.963761 X-ray: Uniform and Kilo, sending you 1
2024-10-14 19:23:47.966396 Zulu: Sierra we want you to join our group
ChatterBot Sierra reevaluating
2024-10-14 19:23:47.973199 Sierra: No
ChatterBot Zulu reevaluating
ChatterBot Uniform reevaluating
ChatterBot Yankee reevaluating
chatterbot Victor submitting transactions
2024-10-14 19:23:48.013373 Kilo: X-ray, sending you 2
2024-10-14 19:23:48.020669 Kilo: Zulu and Uniform, sending you 3
2024-10-14 19:23:48.029101 Kilo: Hotel and Yankee, sending you 5
2024-10-14 19:23:48.043714 Yankee: Zulu and Kilo, sending you 4
2024-10-14 19:23:48.055724 Uniform: Zulu, Yankee and Kilo, sending you 4
2024-10-14 19:23:48.056968 Yankee: Uniform and Hotel, sending you 3
2024-10-14 19:23:48.058596 Zulu: Sierra, sending you 2
2024-10-14 19:23:48.063603 Uniform: Hotel, sending you 3
2024-10-14 19:23:48.064990 Zulu: Uniform, sending you 3
