ChatterBot Charlie round 1
ChatterBot Alpha round 1
ChatterBot Quebec round 1
ChatterBot Echo round 1
ChatterBot X-ray round 1
ChatterBot Foxtrot round 1
ChatterBot Bravo round 1
ChatterBot Zulu round 1
ChatterBot November round 1
ChatterBot Mike round 1
randomSelections Zulu: {Zulu, Bravo, November, Foxtrot, Mike, Echo} 
2024-10-14 19:23:28.054766 Zulu: We should group up
ChatterBot Bravo reevaluating
ChatterBot November reevaluating
ChatterBot Foxtrot reevaluating
ChatterBot Mike reevaluating
ChatterBot Echo reevaluating
2024-10-14 19:23:28.070106 Bravo: Yes
2024-10-14 19:23:28.070254 November: Yes
2024-10-14 19:23:28.070395 Foxtrot: Yes
2024-10-14 19:23:28.070552 Mike: Yes
2024-10-14 19:23:28.070765 Echo: Yes
ChatterBot November reevaluating
ChatterBot Foxtrot reevaluating
ChatterBot Mike reevaluating
ChatterBot Echo reevaluating
ChatterBot Bravo reevaluating
ChatterBot Foxtrot reevaluating
ChatterBot Mike reevaluating
ChatterBot Echo reevaluating
ChatterBot Bravo reevaluating
ChatterBot November reevaluating
ChatterBot Mike reevaluating
ChatterBot Echo reevaluating
ChatterBot Bravo reevaluating
ChatterBot November reevaluating
ChatterBot Foxtrot reevaluating
ChatterBot Echo reevaluating
ChatterBot Bravo reevaluating
ChatterBot November reevaluating
ChatterBot Foxtrot reevaluating
ChatterBot Mike reevaluating
randomSelections X-ray: {X-ray, Quebec, Zulu, Bravo, Mike, Foxtrot} 
2024-10-14 19:23:28.121145 X-ray: We would work well together
ChatterBot Quebec reevaluating
ChatterBot Bravo reevaluating
ChatterBot Mike reevaluating
ChatterBot Foxtrot reevaluating
2024-10-14 19:23:28.128970 Quebec: Yes
2024-10-14 19:23:28.129098 Zulu: No
2024-10-14 19:23:28.129226 Bravo: No
2024-10-14 19:23:28.129373 Mike: No
2024-10-14 19:23:28.129486 Foxtrot: No
ChatterBot Bravo reevaluating
ChatterBot Mike reevaluating
ChatterBot Foxtrot reevaluating
ChatterBot Quebec reevaluating
ChatterBot Bravo reevaluating
ChatterBot Mike reevaluating
ChatterBot Foxtrot reevaluating
ChatterBot Quebec reevaluating
ChatterBot Mike reevaluating
ChatterBot Foxtrot reevaluating
ChatterBot Quebec reevaluating
ChatterBot Bravo reevaluating
ChatterBot Foxtrot reevaluating
ChatterBot Quebec reevaluating
ChatterBot Bravo reevaluating
ChatterBot Mike reevaluating
randomSelections Charlie: {Charlie, Mike, Echo, Zulu, Alpha, Foxtrot} 
2024-10-14 19:23:28.178594 Charlie: We would work well together
ChatterBot Mike reevaluating
ChatterBot Echo reevaluating
ChatterBot Alpha reevaluating
ChatterBot Foxtrot reevaluating
2024-10-14 19:23:28.185412 Mike: No
2024-10-14 19:23:28.185563 Echo: No
2024-10-14 19:23:28.185685 Zulu: No
2024-10-14 19:23:28.185827 Alpha: Yes
2024-10-14 19:23:28.186376 Foxtrot: No
ChatterBot Echo reevaluating
ChatterBot Alpha reevaluating
ChatterBot Foxtrot reevaluating
ChatterBot Mike reevaluating
ChatterBot Alpha reevaluating
ChatterBot Foxtrot reevaluating
ChatterBot Mike reevaluating
ChatterBot Echo reevaluating
ChatterBot Alpha reevaluating
ChatterBot Foxtrot reevaluating
ChatterBot Mike reevaluating
ChatterBot Echo reevaluating
ChatterBot Foxtrot reevaluating
ChatterBot Mike reevaluating
ChatterBot Echo reevaluating
ChatterBot Alpha reevaluating
2024-10-14 19:23:28.323724 Zulu: Echo and November, sending you 2
2024-10-14 19:23:28.324688 Alpha: Charlie, sending you 1
2024-10-14 19:23:28.326641 Mike: Echo, sending you 5
2024-10-14 19:23:28.328324 X-ray: Foxtrot and Zulu, sending you 4
2024-10-14 19:23:28.329055 November: Echo, sending you 3
2024-10-14 19:23:28.330896 Zulu: Foxtrot, sending you 5
2024-10-14 19:23:28.332346 Alpha: Echo, Foxtrot and Zulu, sending you 3
2024-10-14 19:23:28.333975 Mike: Foxtrot, sending you 4
2024-10-14 19:23:28.335729 Foxtrot: Echo, sending you 3
2024-10-14 19:23:28.336297 X-ray: Bravo, sending you 3
2024-10-14 19:23:28.338006 Charlie: Alpha and Zulu, sending you 3
2024-10-14 19:23:28.338727 Zulu: Bravo, sending you 4
2024-10-14 19:23:28.340526 November: Foxtrot, sending you 4
2024-10-14 19:23:28.342225 Alpha: Mike, sending you 2
2024-10-14 19:23:28.344524 Foxtrot: Bravo, sending you 5
2024-10-14 19:23:28.345186 Mike: Bravo, sending you 2
2024-10-14 19:23:28.347068 X-ray: Mike, sending you 6
2024-10-14 19:23:28.348429 Charlie: Echo, sending you 4
2024-10-14 19:23:28.350483 Zulu: Mike, sending you 1
2024-10-14 19:23:28.351293 November: Bravo and Mike, sending you 1
chatterbot Zulu submitting transactions
2024-10-14 19:23:28.353466 Quebec: X-ray and Mike, sending you 4
2024-10-14 19:23:28.355497 Bravo: Echo and Mike, sending you 3
2024-10-14 19:23:28.357101 Echo: Foxtrot, sending you 5
2024-10-14 19:23:28.357958 Foxtrot: Zulu, sending you 2
2024-10-14 19:23:28.360038 Mike: Zulu and November, sending you 3
2024-10-14 19:23:28.362089 Charlie: Foxtrot and Mike, sending you 2
2024-10-14 19:23:28.363456 November: Zulu, sending you 2
2024-10-14 19:23:28.364931 Quebec: Foxtrot and Zulu, sending you 3
2024-10-14 19:23:28.366499 Bravo: Foxtrot, sending you 5
2024-10-14 19:23:28.368371 Echo: Zulu, sending you 4
2024-10-14 19:23:28.369147 Foxtrot: November, sending you 6
2024-10-14 19:23:28.371075 Quebec: Bravo, sending you 1
2024-10-14 19:23:28.376097 Bravo: November, sending you 4
2024-10-14 19:23:28.377972 Echo: November and Mike, sending you 3
2024-10-14 19:23:28.378943 Foxtrot: Mike, sending you 1
chatterbot Alpha submitting transactions
chatterbot Charlie submitting transactions
chatterbot Mike submitting transactions
chatterbot Foxtrot submitting transactions
chatterbot November submitting transactions
chatterbot X-ray submitting transactions
chatterbot Echo submitting transactions
chatterbot Bravo submitting transactions
chatterbot Quebec submitting transactions
ChatterBot Charlie round 2
ChatterBot Alpha round 2
ChatterBot Quebec round 2
ChatterBot Echo round 2
ChatterBot X-ray round 2
ChatterBot Foxtrot round 2
2024-10-14 19:23:29.500713 Charlie: Group up?
ChatterBot Alpha reevaluating
ChatterBot Quebec reevaluating
2024-10-14 19:23:29.516427 Alpha: No
2024-10-14 19:23:29.516643 Quebec: No
ChatterBot Quebec reevaluating
ChatterBot Charlie reevaluating
ChatterBot Alpha reevaluating
2024-10-14 19:23:29.549180 Quebec: We should add Echo and November
ChatterBot X-ray reevaluating
ChatterBot Zulu reevaluating
ChatterBot Bravo reevaluating
ChatterBot Mike reevaluating
ChatterBot Foxtrot reevaluating
2024-10-14 19:23:29.624746 X-ray: Yes
2024-10-14 19:23:29.624939 Zulu: No
2024-10-14 19:23:29.625106 Bravo: No
2024-10-14 19:23:29.625768 Mike: No
2024-10-14 19:23:29.625974 Foxtrot: Yes
ChatterBot Quebec reevaluating
ChatterBot Zulu reevaluating
ChatterBot Bravo reevaluating
ChatterBot Mike reevaluating
ChatterBot Foxtrot reevaluating
ChatterBot X-ray reevaluating
ChatterBot Quebec reevaluating
ChatterBot Bravo reevaluating
ChatterBot Mike reevaluating
ChatterBot Foxtrot reevaluating
ChatterBot X-ray reevaluating
ChatterBot Quebec reevaluating
ChatterBot Zulu reevaluating
ChatterBot Mike reevaluating
ChatterBot Foxtrot reevaluating
ChatterBot X-ray reevaluating
ChatterBot Quebec reevaluating
ChatterBot Zulu reevaluating
ChatterBot Bravo reevaluating
ChatterBot Foxtrot reevaluating
ChatterBot X-ray reevaluating
ChatterBot Quebec reevaluating
ChatterBot Zulu reevaluating
ChatterBot Bravo reevaluating
ChatterBot Mike reevaluating
2024-10-14 19:23:30.049458 Foxtrot: We should add Quebec and X-ray
ChatterBot Zulu reevaluating
ChatterBot Bravo reevaluating
ChatterBot November reevaluating
ChatterBot Mike reevaluating
ChatterBot Echo reevaluating
2024-10-14 19:23:30.138339 Zulu: No
2024-10-14 19:23:30.139051 Bravo: Yes
2024-10-14 19:23:30.139240 November: No
2024-10-14 19:23:30.139463 Mike: No
2024-10-14 19:23:30.139636 Echo: Yes
ChatterBot Bravo reevaluating
ChatterBot November reevaluating
ChatterBot Foxtrot reevaluating
ChatterBot Mike reevaluating
ChatterBot Echo reevaluating
ChatterBot Zulu reevaluating
ChatterBot November reevaluating
ChatterBot Foxtrot reevaluating
ChatterBot Mike reevaluating
ChatterBot Echo reevaluating
ChatterBot Zulu reevaluating
ChatterBot Bravo reevaluating
ChatterBot Foxtrot reevaluating
ChatterBot Mike reevaluating
ChatterBot Echo reevaluating
ChatterBot Zulu reevaluating
ChatterBot Bravo reevaluating
ChatterBot November reevaluating
ChatterBot Foxtrot reevaluating
ChatterBot Echo reevaluating
ChatterBot Zulu reevaluating
ChatterBot Bravo reevaluating
ChatterBot November reevaluating
ChatterBot Foxtrot reevaluating
ChatterBot Mike reevaluating
ChatterBot Bravo round 2
ChatterBot Zulu round 2
ChatterBot November round 2
ChatterBot Mike round 2
2024-10-14 19:23:30.492081 Bravo: We should add Quebec and X-ray
ChatterBot Zulu reevaluating
ChatterBot November reevaluating
ChatterBot Mike reevaluating
ChatterBot Echo reevaluating
2024-10-14 19:23:30.514699 Zulu: Yes
2024-10-14 19:23:30.514895 November: No
2024-10-14 19:23:30.515049 Foxtrot: Yes
2024-10-14 19:23:30.515180 Mike: Yes
2024-10-14 19:23:30.515295 Echo: Yes
ChatterBot November reevaluating
ChatterBot Mike reevaluating
ChatterBot Echo reevaluating
ChatterBot Zulu reevaluating
ChatterBot Mike reevaluating
ChatterBot Echo reevaluating
ChatterBot Zulu reevaluating
ChatterBot November reevaluating
ChatterBot Mike reevaluating
ChatterBot Echo reevaluating
ChatterBot Zulu reevaluating
ChatterBot November reevaluating
ChatterBot Echo reevaluating
ChatterBot Zulu reevaluating
ChatterBot November reevaluating
ChatterBot Mike reevaluating
2024-10-14 19:23:30.780508 Foxtrot: Quebec and X-ray we want you to join our group
ChatterBot Quebec reevaluating
ChatterBot X-ray reevaluating
2024-10-14 19:23:30.825843 Quebec: No
2024-10-14 19:23:30.826794 X-ray: No
ChatterBot Echo reevaluating
ChatterBot X-ray reevaluating
ChatterBot Zulu reevaluating
ChatterBot November reevaluating
ChatterBot Mike reevaluating
ChatterBot Quebec reevaluating
ChatterBot Echo reevaluating
ChatterBot Zulu reevaluating
ChatterBot November reevaluating
ChatterBot Mike reevaluating
2024-10-14 19:23:30.938870 Bravo: Quebec and X-ray we want you to join our group
ChatterBot Quebec reevaluating
ChatterBot X-ray reevaluating
2024-10-14 19:23:30.955843 Quebec: No
2024-10-14 19:23:30.957053 X-ray: No
ChatterBot Echo reevaluating
ChatterBot X-ray reevaluating
ChatterBot Zulu reevaluating
ChatterBot November reevaluating
ChatterBot Mike reevaluating
ChatterBot Quebec reevaluating
ChatterBot Echo reevaluating
ChatterBot Zulu reevaluating
ChatterBot November reevaluating
ChatterBot Mike reevaluating
2024-10-14 19:23:31.069559 Charlie: Alpha, sending you 12
2024-10-14 19:23:31.249236 Alpha: Sending you 7
2024-10-14 19:23:31.249569 November: Quebec and X-ray we want you to join our group
ChatterBot Quebec reevaluating
ChatterBot X-ray reevaluating
2024-10-14 19:23:31.261069 Quebec: No
2024-10-14 19:23:31.261330 X-ray: Yes
ChatterBot X-ray reevaluating
ChatterBot Zulu reevaluating
ChatterBot November reevaluating
ChatterBot Quebec reevaluating
ChatterBot Zulu reevaluating
ChatterBot November reevaluating
2024-10-14 19:23:31.337873 Echo: Quebec and X-ray we want you to join our group
ChatterBot Quebec reevaluating
ChatterBot X-ray reevaluating
2024-10-14 19:23:31.352204 Quebec: No
2024-10-14 19:23:31.352447 X-ray: No
ChatterBot X-ray reevaluating
ChatterBot Zulu reevaluating
ChatterBot November reevaluating
ChatterBot Quebec reevaluating
ChatterBot Zulu reevaluating
ChatterBot November reevaluating
2024-10-14 19:23:31.450048 X-ray: We should add Echo
ChatterBot Quebec reevaluating
ChatterBot Zulu reevaluating
2024-10-14 19:23:31.484267 Quebec: Yes
2024-10-14 19:23:31.484472 Zulu: Yes
2024-10-14 19:23:31.484711 Bravo: Yes
2024-10-14 19:23:31.484896 Mike: Yes
2024-10-14 19:23:31.485094 Foxtrot: Yes
ChatterBot X-ray reevaluating
ChatterBot Zulu reevaluating
ChatterBot X-ray reevaluating
ChatterBot Quebec reevaluating
ChatterBot X-ray reevaluating
ChatterBot Quebec reevaluating
ChatterBot Zulu reevaluating
ChatterBot X-ray reevaluating
ChatterBot Quebec reevaluating
ChatterBot Zulu reevaluating
ChatterBot X-ray reevaluating
ChatterBot Quebec reevaluating
ChatterBot Zulu reevaluating
chatterbot Alpha submitting transactions
chatterbot Bravo submitting transactions
chatterbot Charlie submitting transactions
chatterbot Foxtrot submitting transactions
2024-10-14 19:23:31.723363 Bravo: Quebec, X-ray, November and Mike, sending you 2
2024-10-14 19:23:31.724609 X-ray: Echo we want you to join our group
2024-10-14 19:23:31.731061 Echo: Yes
ChatterBot X-ray reevaluating
ChatterBot Quebec reevaluating
2024-10-14 19:23:31.767432 Foxtrot: Quebec, X-ray, November and Mike, sending you 2
2024-10-14 19:23:31.769486 Mike: Charlie, Alpha, Quebec, Echo, Foxtrot, Bravo, Zulu and November, sending you 2
2024-10-14 19:23:31.771840 Zulu: Quebec and X-ray we want you to join our group
ChatterBot Quebec reevaluating
ChatterBot X-ray reevaluating
2024-10-14 19:23:31.786711 Quebec: No
2024-10-14 19:23:31.787340 X-ray: No
ChatterBot X-ray reevaluating
ChatterBot Quebec reevaluating
2024-10-14 19:23:31.849270 Bravo: Echo, sending you 1
2024-10-14 19:23:31.849923 Foxtrot: Echo, Bravo and Zulu, sending you 3
2024-10-14 19:23:31.850252 Mike: X-ray, sending you 3
2024-10-14 19:23:31.978147 X-ray: Echo and November we want you to join our group
2024-10-14 19:23:31.988789 Echo: Yes
2024-10-14 19:23:31.989049 November: Yes
ChatterBot Quebec reevaluating
ChatterBot X-ray reevaluating
ChatterBot Quebec reevaluating
ChatterBot X-ray reevaluating
2024-10-14 19:23:32.080061 Echo: Quebec and X-ray, sending you 1
2024-10-14 19:23:32.081364 Bravo: Foxtrot and Zulu, sending you 3
2024-10-14 19:23:32.082603 November: Quebec, Echo, X-ray, Bravo, Zulu and Mike, sending you 2
2024-10-14 19:23:32.103652 Echo: Foxtrot, Bravo and November, sending you 3
2024-10-14 19:23:32.104603 Zulu: Quebec, Foxtrot, November and Mike, sending you 2
2024-10-14 19:23:32.105027 November: Foxtrot, sending you 3
2024-10-14 19:23:32.105702 Quebec: Echo and November we want you to join our group
2024-10-14 19:23:32.113777 Echo: Yes
2024-10-14 19:23:32.113944 November: Yes
ChatterBot Quebec reevaluating
ChatterBot X-ray reevaluating
ChatterBot Quebec reevaluating
ChatterBot X-ray reevaluating
2024-10-14 19:23:32.173353 Echo: Zulu, sending you 2
2024-10-14 19:23:32.173871 Zulu: Echo and X-ray, sending you 3
2024-10-14 19:23:32.328068 Echo: Mike, sending you 5
chatterbot Echo submitting transactions
chatterbot Zulu submitting transactions
2024-10-14 19:23:32.525800 Quebec: Echo, Foxtrot, Bravo, Zulu and November, sending you 3
chatterbot November submitting transactions
chatterbot X-ray submitting transactions
2024-10-14 19:23:32.757229 X-ray: Quebec, sending you 8
2024-10-14 19:23:32.757776 Quebec: Mike, sending you 1
chatterbot Quebec submitting transactions
chatterbot Mike submitting transactions
ChatterBot Charlie round 3
ChatterBot Alpha round 3
ChatterBot Quebec round 3
ChatterBot Echo round 3
ChatterBot X-ray round 3
ChatterBot Foxtrot round 3
ChatterBot Bravo round 3
ChatterBot Zulu round 3
2024-10-14 19:23:32.801999 Charlie: We should replace X-ray with Mike
2024-10-14 19:23:32.807289 Alpha: No
ChatterBot Charlie reevaluating
ChatterBot November round 3
ChatterBot Mike round 3
2024-10-14 19:23:32.826977 Quebec: We should add X-ray
ChatterBot Mike reevaluating
2024-10-14 19:23:32.856703 Echo: Yes
2024-10-14 19:23:32.857364 Foxtrot: Yes
2024-10-14 19:23:32.857547 Bravo: Yes
2024-10-14 19:23:32.857726 Zulu: Yes
2024-10-14 19:23:32.857899 November: Yes
2024-10-14 19:23:32.858069 Mike: Yes
ChatterBot Mike reevaluating
ChatterBot Mike reevaluating
ChatterBot Mike reevaluating
ChatterBot Mike reevaluating
ChatterBot Mike reevaluating
2024-10-14 19:23:33.149683 Quebec: X-ray we want you to join our group
2024-10-14 19:23:33.158319 X-ray: Yes
ChatterBot Mike reevaluating
2024-10-14 19:23:33.194772 Charlie: We should drop X-ray
2024-10-14 19:23:33.200532 Alpha: Yes
ChatterBot Charlie reevaluating
2024-10-14 19:23:33.207162 Echo: Quebec and Bravo, sending you 2
2024-10-14 19:23:33.208399 Alpha: Same as last round
2024-10-14 19:23:33.208981 Mike: We should drop Charlie and Alpha
2024-10-14 19:23:33.236340 Foxtrot: Yes
2024-10-14 19:23:33.236966 Quebec: Yes
2024-10-14 19:23:33.237172 Echo: Yes
2024-10-14 19:23:33.237372 X-ray: Yes
2024-10-14 19:23:33.237590 Bravo: Yes
2024-10-14 19:23:33.237799 Zulu: Yes
2024-10-14 19:23:33.238570 November: Yes
2024-10-14 19:23:33.379941 X-ray: Quebec and Foxtrot, sending you 3
2024-10-14 19:23:33.380576 Echo: X-ray, sending you 1
chatterbot Echo submitting transactions
2024-10-14 19:23:33.408258 Bravo: Quebec, Echo, X-ray, Zulu, November and Mike, sending you 2
2024-10-14 19:23:33.409632 Foxtrot: Quebec and Mike, sending you 2
2024-10-14 19:23:33.410862 X-ray: Echo, sending you 1
2024-10-14 19:23:33.411446 Echo: Foxtrot, sending you 4
2024-10-14 19:23:33.412409 Quebec: Echo, Foxtrot, Bravo, Zulu, November and Mike, sending you 2
2024-10-14 19:23:33.412964 Zulu: Quebec, November and Mike, sending you 2
2024-10-14 19:23:33.414082 November: Quebec, Echo, X-ray, Bravo, Zulu and Mike, sending you 2
2024-10-14 19:23:33.415322 Bravo: Foxtrot, sending you 3
2024-10-14 19:23:33.415836 X-ray: Bravo and November, sending you 2
2024-10-14 19:23:33.416978 Foxtrot: Echo, Bravo, Zulu and November, sending you 3
2024-10-14 19:23:33.417499 Echo: Zulu, November and Mike, sending you 3
2024-10-14 19:23:33.418384 Quebec: X-ray, sending you 4
2024-10-14 19:23:33.418825 Zulu: Echo and Foxtrot, sending you 3
2024-10-14 19:23:33.419723 November: Foxtrot, sending you 3
2024-10-14 19:23:33.420288 Mike: Quebec, Echo, X-ray, Foxtrot and Bravo, sending you 3
2024-10-14 19:23:33.421380 X-ray: Zulu and Mike, sending you 4
2024-10-14 19:23:33.421885 Foxtrot: X-ray, sending you 1
chatterbot Bravo submitting transactions
2024-10-14 19:23:33.425632 Zulu: X-ray and Bravo, sending you 1
2024-10-14 19:23:33.427185 Mike: Zulu and November, sending you 2
2024-10-14 19:23:33.445983 Charlie: Sending you 13
chatterbot Quebec submitting transactions
chatterbot Mike submitting transactions
chatterbot Charlie submitting transactions
chatterbot November submitting transactions
chatterbot Alpha submitting transactions
chatterbot Charlie submitting transactions
chatterbot Zulu submitting transactions
chatterbot X-ray submitting transactions
chatterbot Foxtrot submitting transactions
ChatterBot Charlie round 4
ChatterBot Alpha round 4
ChatterBot Quebec round 4
ChatterBot Echo round 4
ChatterBot X-ray round 4
ChatterBot Foxtrot round 4
ChatterBot Bravo round 4
ChatterBot Zulu round 4
ChatterBot November round 4
ChatterBot Mike round 4
2024-10-14 19:23:34.313191 Quebec: Echo, Foxtrot, Bravo, Zulu, November and Mike, sending you 2
2024-10-14 19:23:34.318853 Charlie: Sending you 14
2024-10-14 19:23:34.319248 Zulu: Quebec, Echo, X-ray, November and Mike, sending you 2
2024-10-14 19:23:34.320706 Alpha: Sending you 6
2024-10-14 19:23:34.321061 Quebec: X-ray, sending you 4
2024-10-14 19:23:34.323740 Zulu: Foxtrot, sending you 3
2024-10-14 19:23:34.325311 Bravo: Quebec, Echo, X-ray, Zulu, November and Mike, sending you 2
2024-10-14 19:23:34.326877 November: Quebec, Echo, X-ray, Bravo, Zulu and Mike, sending you 2
2024-10-14 19:23:34.328392 Echo: Quebec, X-ray and Bravo, sending you 2
2024-10-14 19:23:34.329772 Zulu: Bravo, sending you 1
2024-10-14 19:23:34.331227 X-ray: Quebec and Mike, sending you 4
2024-10-14 19:23:34.332680 Bravo: Foxtrot, sending you 3
2024-10-14 19:23:34.334039 Foxtrot: Quebec and Mike, sending you 2
2024-10-14 19:23:34.335526 November: Foxtrot, sending you 3
2024-10-14 19:23:34.337028 Echo: Foxtrot, Zulu, November and Mike, sending you 3
2024-10-14 19:23:34.338689 X-ray: Echo, sending you 1
2024-10-14 19:23:34.340528 Mike: Quebec, Echo, X-ray, Foxtrot, Bravo and Zulu, sending you 3
2024-10-14 19:23:34.342275 Foxtrot: Echo, Bravo, Zulu and November, sending you 3
2024-10-14 19:23:34.348729 X-ray: Foxtrot and Bravo, sending you 2
2024-10-14 19:23:34.350385 Mike: November, sending you 1
2024-10-14 19:23:34.351154 Foxtrot: X-ray, sending you 1
2024-10-14 19:23:34.358264 X-ray: Zulu and November, sending you 3
chatterbot Zulu submitting transactions
chatterbot Charlie submitting transactions
chatterbot Foxtrot submitting transactions
chatterbot Mike submitting transactions
chatterbot X-ray submitting transactions
chatterbot November submitting transactions
chatterbot Alpha submitting transactions
chatterbot Echo submitting transactions
chatterbot Quebec submitting transactions
chatterbot Bravo submitting transactions
ChatterBot Charlie round 5
ChatterBot Alpha round 5
ChatterBot Quebec round 5
ChatterBot Echo round 5
ChatterBot X-ray round 5
ChatterBot Foxtrot round 5
ChatterBot Bravo round 5
ChatterBot Zulu round 5
ChatterBot November round 5
ChatterBot Mike round 5
2024-10-14 19:23:35.603668 Foxtrot: Quebec and Mike, sending you 2
2024-10-14 19:23:35.604582 Alpha: Sending you 5
2024-10-14 19:23:35.605394 Mike: Quebec, sending you 1
2024-10-14 19:23:35.606214 Quebec: Echo, Foxtrot, Bravo, Zulu, November and Mike, sending you 2
2024-10-14 19:23:35.607706 Zulu: Quebec, Echo, X-ray, November and Mike, sending you 2
2024-10-14 19:23:35.608936 Echo: Quebec, X-ray and Bravo, sending you 2
2024-10-14 19:23:35.609701 Bravo: Quebec, Echo, X-ray, Zulu, November and Mike, sending you 2
2024-10-14 19:23:35.611014 X-ray: Quebec and Mike, sending you 4
2024-10-14 19:23:35.612514 Charlie: Same as last round
2024-10-14 19:23:35.612795 Foxtrot: Echo, Bravo, Zulu and November, sending you 3
2024-10-14 19:23:35.614499 Mike: Echo, X-ray, Foxtrot, Bravo, Zulu and November, sending you 3
2024-10-14 19:23:35.615739 Quebec: X-ray, sending you 4
2024-10-14 19:23:35.616665 November: Quebec, Echo, X-ray, Bravo, Zulu and Mike, sending you 2
2024-10-14 19:23:35.617948 Zulu: Foxtrot, sending you 3
2024-10-14 19:23:35.619084 Echo: Foxtrot, Zulu, November and Mike, sending you 3
2024-10-14 19:23:35.619945 Bravo: Foxtrot, sending you 3
2024-10-14 19:23:35.621224 X-ray: Echo, sending you 1
2024-10-14 19:23:35.622324 Foxtrot: X-ray, sending you 1
2024-10-14 19:23:35.623352 November: Foxtrot, sending you 3
2024-10-14 19:23:35.624151 Zulu: Bravo, sending you 1
2024-10-14 19:23:35.630364 X-ray: Foxtrot and Bravo, sending you 2
2024-10-14 19:23:35.639192 X-ray: Zulu and November, sending you 3
chatterbot Quebec submitting transactions
chatterbot Zulu submitting transactions
chatterbot November submitting transactions
chatterbot Mike submitting transactions
chatterbot Foxtrot submitting transactions
chatterbot Echo submitting transactions
chatterbot X-ray submitting transactions
chatterbot Alpha submitting transactions
chatterbot Charlie submitting transactions
chatterbot Bravo submitting transactions
ChatterBot Charlie round 6
ChatterBot Alpha round 6
ChatterBot Quebec round 6
ChatterBot Echo round 6
ChatterBot X-ray round 6
ChatterBot Foxtrot round 6
ChatterBot Bravo round 6
ChatterBot Zulu round 6
ChatterBot November round 6
ChatterBot Mike round 6
2024-10-14 19:23:36.897503 Echo: Quebec, X-ray and Bravo, sending you 2
2024-10-14 19:23:36.901203 Quebec: Echo, Foxtrot, Bravo, Zulu, November and Mike, sending you 2
2024-10-14 19:23:36.903543 Bravo: Quebec, Echo, X-ray, Zulu, November and Mike, sending you 2
2024-10-14 19:23:36.905105 Charlie: Same as last round
2024-10-14 19:23:36.905486 Echo: Foxtrot, Zulu, November and Mike, sending you 3
2024-10-14 19:23:36.906978 Foxtrot: Quebec and Mike, sending you 2
2024-10-14 19:23:36.908306 Mike: Quebec, sending you 1
2024-10-14 19:23:36.910113 Quebec: X-ray, sending you 4
2024-10-14 19:23:36.911682 Zulu: Quebec, Echo, X-ray, November and Mike, sending you 2
2024-10-14 19:23:36.912779 Bravo: Foxtrot, sending you 3
2024-10-14 19:23:36.914110 November: Quebec, Echo, X-ray, Bravo, Zulu and Mike, sending you 2
2024-10-14 19:23:36.915771 Foxtrot: Echo, Bravo, Zulu and November, sending you 3
2024-10-14 19:23:36.917073 X-ray: Quebec and Mike, sending you 4
2024-10-14 19:23:36.917978 Mike: Echo, X-ray, Foxtrot, Bravo, Zulu and November, sending you 3
2024-10-14 19:23:36.919105 Alpha: Same as last round
2024-10-14 19:23:36.919334 Zulu: Foxtrot, sending you 3
2024-10-14 19:23:36.920396 November: Foxtrot, sending you 3
2024-10-14 19:23:36.921317 Foxtrot: X-ray, sending you 1
2024-10-14 19:23:36.922950 X-ray: Echo and Bravo, sending you 2
2024-10-14 19:23:36.925119 Zulu: Bravo, sending you 1
2024-10-14 19:23:36.929660 X-ray: Foxtrot, sending you 1
2024-10-14 19:23:36.933684 X-ray: Zulu and November, sending you 3
chatterbot Alpha submitting transactions
chatterbot X-ray submitting transactions
chatterbot Zulu submitting transactions
chatterbot Echo submitting transactions
chatterbot Charlie submitting transactions
chatterbot November submitting transactions
chatterbot Foxtrot submitting transactions
chatterbot Mike submitting transactions
chatterbot Bravo submitting transactions
chatterbot Quebec submitting transactions
ChatterBot Charlie round 7
ChatterBot Alpha round 7
ChatterBot Quebec round 7
ChatterBot Echo round 7
ChatterBot X-ray round 7
ChatterBot Foxtrot round 7
ChatterBot Bravo round 7
ChatterBot Zulu round 7
ChatterBot November round 7
ChatterBot Mike round 7
2024-10-14 19:23:38.081703 Charlie: Same as last round
2024-10-14 19:23:38.082711 X-ray: Quebec, sending you 4
2024-10-14 19:23:38.084110 Foxtrot: Quebec, sending you 2
2024-10-14 19:23:38.087686 Alpha: Sending you 4
2024-10-14 19:23:38.089119 X-ray: Echo, Foxtrot and Bravo, sending you 2
2024-10-14 19:23:38.090604 Foxtrot: Echo, Bravo, Zulu, November and Mike, sending you 3
2024-10-14 19:23:38.092632 Zulu: Quebec, Echo, X-ray, November and Mike, sending you 2
2024-10-14 19:23:38.094755 Quebec: Echo, Foxtrot, Bravo, Zulu, November and Mike, sending you 2
2024-10-14 19:23:38.096296 X-ray: Zulu, November and Mike, sending you 3
2024-10-14 19:23:38.098030 Echo: Quebec, X-ray and Bravo, sending you 2
2024-10-14 19:23:38.100805 Mike: Quebec, sending you 1
2024-10-14 19:23:38.102839 Bravo: Quebec, Echo, X-ray, Zulu, November and Mike, sending you 2
2024-10-14 19:23:38.104508 Zulu: Foxtrot, sending you 3
2024-10-14 19:23:38.106087 Quebec: X-ray, sending you 4
2024-10-14 19:23:38.107299 Echo: Foxtrot, Zulu, November and Mike, sending you 3
2024-10-14 19:23:38.109068 November: Quebec, Echo, X-ray, Bravo, Zulu and Mike, sending you 2
2024-10-14 19:23:38.111045 Mike: Echo, X-ray, Foxtrot, Bravo, Zulu and November, sending you 3
2024-10-14 19:23:38.112578 Bravo: Foxtrot, sending you 3
2024-10-14 19:23:38.113540 Zulu: Bravo, sending you 1
2024-10-14 19:23:38.115701 November: Foxtrot, sending you 3
chatterbot Charlie submitting transactions
chatterbot Foxtrot submitting transactions
chatterbot November submitting transactions
chatterbot Mike submitting transactions
chatterbot Quebec submitting transactions
chatterbot Echo submitting transactions
chatterbot Alpha submitting transactions
chatterbot Bravo submitting transactions
chatterbot X-ray submitting transactions
chatterbot Zulu submitting transactions
ChatterBot Charlie round 8
ChatterBot Alpha round 8
ChatterBot Quebec round 8
ChatterBot Echo round 8
ChatterBot X-ray round 8
ChatterBot Foxtrot round 8
ChatterBot Bravo round 8
ChatterBot Zulu round 8
ChatterBot November round 8
ChatterBot Mike round 8
2024-10-14 19:23:39.403162 Charlie: Same as last round
2024-10-14 19:23:39.449158 Echo: Quebec, X-ray and Bravo, sending you 2
2024-10-14 19:23:39.452861 Bravo: Quebec, Echo, X-ray, Zulu, November and Mike, sending you 2
2024-10-14 19:23:39.455713 Foxtrot: Quebec, sending you 2
2024-10-14 19:23:39.458004 Zulu: Quebec, Echo, X-ray, November and Mike, sending you 2
2024-10-14 19:23:39.461954 X-ray: Quebec and Mike, sending you 4
2024-10-14 19:23:39.463856 Alpha: Same as last round
2024-10-14 19:23:39.464269 Echo: Foxtrot, Zulu, November and Mike, sending you 3
2024-10-14 19:23:39.466669 Bravo: Foxtrot, sending you 3
2024-10-14 19:23:39.469584 Foxtrot: Echo, Bravo, Zulu, November and Mike, sending you 3
2024-10-14 19:23:39.471352 Mike: Quebec, sending you 1
2024-10-14 19:23:39.474194 November: Quebec, Echo, X-ray, Bravo, Zulu and Mike, sending you 2
2024-10-14 19:23:39.476585 Quebec: Echo, Foxtrot, Bravo, Zulu, November and Mike, sending you 2
2024-10-14 19:23:39.480206 Zulu: Foxtrot, sending you 3
2024-10-14 19:23:39.482809 X-ray: Echo and Bravo, sending you 2
2024-10-14 19:23:39.485149 Mike: Echo, X-ray, Foxtrot, Bravo, Zulu and November, sending you 3
2024-10-14 19:23:39.487956 November: Foxtrot, sending you 3
2024-10-14 19:23:39.490632 Quebec: X-ray, sending you 4
2024-10-14 19:23:39.492824 Zulu: Bravo, sending you 1
2024-10-14 19:23:39.495289 X-ray: Foxtrot, sending you 1
2024-10-14 19:23:39.509604 X-ray: Zulu and November, sending you 3
chatterbot Zulu submitting transactions
chatterbot Charlie submitting transactions
chatterbot Mike submitting transactions
chatterbot X-ray submitting transactions
chatterbot Bravo submitting transactions
chatterbot Foxtrot submitting transactions
chatterbot November submitting transactions
chatterbot Alpha submitting transactions
chatterbot Echo submitting transactions
chatterbot Quebec submitting transactions
ChatterBot Charlie round 9
2024-10-14 19:23:40.523129 Charlie: We should add Mike
2024-10-14 19:23:40.526246 Alpha: No
ChatterBot Charlie reevaluating
ChatterBot Alpha round 9
ChatterBot Quebec round 9
ChatterBot Echo round 9
ChatterBot X-ray round 9
ChatterBot Foxtrot round 9
ChatterBot Bravo round 9
ChatterBot Zulu round 9
ChatterBot November round 9
ChatterBot Mike round 9
2024-10-14 19:23:40.570653 Alpha: Same as last round
2024-10-14 19:23:40.578701 Mike: Quebec, sending you 1
2024-10-14 19:23:40.579953 X-ray: Quebec, sending you 5
2024-10-14 19:23:40.581386 Quebec: Echo, Foxtrot, Bravo, Zulu, November and Mike, sending you 2
2024-10-14 19:23:40.584252 Foxtrot: Quebec, sending you 2
2024-10-14 19:23:40.585293 November: Quebec, Echo, X-ray, Bravo, Zulu and Mike, sending you 2
2024-10-14 19:23:40.586748 Mike: Echo, X-ray, Foxtrot, Bravo, Zulu and November, sending you 3
2024-10-14 19:23:40.587786 X-ray: Echo and Bravo, sending you 2
2024-10-14 19:23:40.589195 Charlie: Same as last round
2024-10-14 19:23:40.589483 Quebec: X-ray, sending you 4
2024-10-14 19:23:40.590444 Bravo: Quebec, Echo, X-ray, Zulu, November and Mike, sending you 2
2024-10-14 19:23:40.591891 Echo: Quebec, X-ray and Bravo, sending you 2
2024-10-14 19:23:40.593295 Foxtrot: Echo, Bravo, Zulu, November and Mike, sending you 3
2024-10-14 19:23:40.594242 November: Foxtrot, sending you 3
2024-10-14 19:23:40.595878 X-ray: Zulu and November, sending you 3
2024-10-14 19:23:40.596820 Bravo: Foxtrot, sending you 3
2024-10-14 19:23:40.598458 Echo: Foxtrot, Zulu, November and Mike, sending you 3
2024-10-14 19:23:40.599659 Zulu: Quebec, Echo, X-ray, November and Mike, sending you 2
2024-10-14 19:23:40.601672 X-ray: Mike, sending you 4
2024-10-14 19:23:40.604709 Zulu: Foxtrot, sending you 3
2024-10-14 19:23:40.610832 Zulu: Bravo, sending you 1
chatterbot November submitting transactions
chatterbot Alpha submitting transactions
chatterbot Zulu submitting transactions
chatterbot Mike submitting transactions
chatterbot Quebec submitting transactions
chatterbot Foxtrot submitting transactions
chatterbot Bravo submitting transactions
chatterbot Charlie submitting transactions
chatterbot X-ray submitting transactions
chatterbot Echo submitting transactions
ChatterBot Charlie round 10
ChatterBot Alpha round 10
ChatterBot Quebec round 10
ChatterBot Echo round 10
ChatterBot X-ray round 10
ChatterBot Foxtrot round 10
ChatterBot Bravo round 10
ChatterBot Zulu round 10
ChatterBot November round 10
ChatterBot Mike round 10
2024-10-14 19:23:41.787678 Charlie: Same as last round
2024-10-14 19:23:41.794662 Foxtrot: Quebec, sending you 2
2024-10-14 19:23:41.796673 Quebec: Echo, Foxtrot, Bravo, Zulu, November and Mike, sending you 2
2024-10-14 19:23:41.798418 November: Quebec, Echo, X-ray, Bravo, Zulu and Mike, sending you 2
2024-10-14 19:23:41.799678 Foxtrot: Echo, Bravo, Zulu, November and Mike, sending you 3
2024-10-14 19:23:41.800600 Quebec: X-ray, sending you 4
2024-10-14 19:23:41.801452 Bravo: Quebec, Echo, X-ray, Zulu, November and Mike, sending you 2
2024-10-14 19:23:41.803139 November: Foxtrot, sending you 3
2024-10-14 19:23:41.804150 Echo: Quebec, X-ray and Bravo, sending you 2
2024-10-14 19:23:41.806656 Bravo: Foxtrot, sending you 3
2024-10-14 19:23:41.808674 Echo: Foxtrot, Zulu, November and Mike, sending you 3
2024-10-14 19:23:41.810225 X-ray: Quebec, sending you 5
2024-10-14 19:23:41.811205 Zulu: Quebec, sending you 1
2024-10-14 19:23:41.812162 Mike: Quebec, sending you 1
2024-10-14 19:23:41.815665 X-ray: Echo and Bravo, sending you 2
2024-10-14 19:23:41.817170 Zulu: Echo, X-ray, Bravo, November and Mike, sending you 2
2024-10-14 19:23:41.817993 Mike: Echo, X-ray, Foxtrot, Bravo, Zulu and November, sending you 3
2024-10-14 19:23:41.820692 X-ray: Zulu and November, sending you 3
2024-10-14 19:23:41.823424 Zulu: Foxtrot, sending you 3
2024-10-14 19:23:41.825916 X-ray: Mike, sending you 4
chatterbot Bravo submitting transactions
chatterbot Zulu submitting transactions
chatterbot Echo submitting transactions
chatterbot Charlie submitting transactions
chatterbot Quebec submitting transactions
chatterbot November submitting transactions
chatterbot Alpha submitting transactions
chatterbot Foxtrot submitting transactions
chatterbot Mike submitting transactions
chatterbot X-ray submitting transactions
ChatterBot Charlie round 11
ChatterBot Alpha round 11
ChatterBot Quebec round 11
ChatterBot Echo round 11
ChatterBot X-ray round 11
ChatterBot Foxtrot round 11
ChatterBot Bravo round 11
ChatterBot Zulu round 11
ChatterBot November round 11
ChatterBot Mike round 11
2024-10-14 19:23:42.986286 Charlie: We should add Quebec
2024-10-14 19:23:42.988251 Alpha: No
ChatterBot Charlie reevaluating
2024-10-14 19:23:43.000869 X-ray: We should drop Bravo
2024-10-14 19:23:43.012398 Quebec: No
2024-10-14 19:23:43.012542 Echo: No
2024-10-14 19:23:43.012651 Foxtrot: No
2024-10-14 19:23:43.012760 Zulu: No
2024-10-14 19:23:43.012862 November: No
2024-10-14 19:23:43.012961 Mike: No
ChatterBot X-ray reevaluating
ChatterBot X-ray reevaluating
ChatterBot X-ray reevaluating
ChatterBot X-ray reevaluating
ChatterBot X-ray reevaluating
2024-10-14 19:23:43.089994 Bravo: We should drop Zulu
ChatterBot X-ray reevaluating
2024-10-14 19:23:43.103526 X-ray: No
2024-10-14 19:23:43.103667 Quebec: No
2024-10-14 19:23:43.103767 Echo: No
2024-10-14 19:23:43.103859 Foxtrot: No
2024-10-14 19:23:43.103952 November: No
2024-10-14 19:23:43.104044 Mike: No
ChatterBot Bravo reevaluating
ChatterBot X-ray reevaluating
ChatterBot Bravo reevaluating
ChatterBot X-ray reevaluating
ChatterBot Bravo reevaluating
ChatterBot X-ray reevaluating
ChatterBot Bravo reevaluating
ChatterBot X-ray reevaluating
ChatterBot Bravo reevaluating
ChatterBot X-ray reevaluating
ChatterBot Bravo reevaluating
2024-10-14 19:23:43.195955 Charlie: We should add Bravo
2024-10-14 19:23:43.198011 Alpha: No
ChatterBot Charlie reevaluating
2024-10-14 19:23:43.203565 Bravo: We should drop Quebec
ChatterBot X-ray reevaluating
2024-10-14 19:23:43.227497 Echo: No
2024-10-14 19:23:43.227715 X-ray: No
2024-10-14 19:23:43.227896 Foxtrot: No
2024-10-14 19:23:43.228071 Zulu: No
2024-10-14 19:23:43.228228 November: No
2024-10-14 19:23:43.228389 Mike: No
ChatterBot Bravo reevaluating
ChatterBot X-ray reevaluating
ChatterBot Bravo reevaluating
ChatterBot Bravo reevaluating
ChatterBot X-ray reevaluating
ChatterBot Bravo reevaluating
ChatterBot X-ray reevaluating
ChatterBot Foxtrot reevaluating
ChatterBot Bravo reevaluating
ChatterBot X-ray reevaluating
ChatterBot Foxtrot reevaluating
ChatterBot Bravo reevaluating
ChatterBot X-ray reevaluating
ChatterBot Foxtrot reevaluating
2024-10-14 19:23:43.318709 Echo: Quebec, X-ray and Bravo, sending you 2
2024-10-14 19:23:43.319971 November: I was attacked by Alpha
ChatterBot Foxtrot reevaluating
ChatterBot Quebec reevaluating
ChatterBot Echo reevaluating
ChatterBot X-ray reevaluating
ChatterBot Bravo reevaluating
ChatterBot Zulu reevaluating
ChatterBot Mike reevaluating
2024-10-14 19:23:43.337818 November: I'm keeping this round to protect myself
2024-10-14 19:23:43.339533 November: Ow
2024-10-14 19:23:43.345171 Bravo: We should drop November
ChatterBot Quebec reevaluating
ChatterBot Echo reevaluating
ChatterBot Foxtrot reevaluating
ChatterBot Zulu reevaluating
ChatterBot Mike reevaluating
2024-10-14 19:23:43.364670 X-ray: No
2024-10-14 19:23:43.364886 Quebec: No
2024-10-14 19:23:43.365032 Echo: No
2024-10-14 19:23:43.365159 Foxtrot: No
2024-10-14 19:23:43.365289 Zulu: No
2024-10-14 19:23:43.365410 Mike: No
ChatterBot Quebec reevaluating
ChatterBot Echo reevaluating
ChatterBot Foxtrot reevaluating
ChatterBot Bravo reevaluating
ChatterBot Zulu reevaluating
ChatterBot Mike reevaluating
ChatterBot Echo reevaluating
ChatterBot Foxtrot reevaluating
ChatterBot Bravo reevaluating
ChatterBot Zulu reevaluating
ChatterBot Mike reevaluating
ChatterBot X-ray reevaluating
ChatterBot Quebec reevaluating
ChatterBot Foxtrot reevaluating
ChatterBot Bravo reevaluating
ChatterBot Zulu reevaluating
ChatterBot Mike reevaluating
ChatterBot X-ray reevaluating
ChatterBot Quebec reevaluating
ChatterBot Echo reevaluating
ChatterBot Bravo reevaluating
ChatterBot Zulu reevaluating
ChatterBot Mike reevaluating
ChatterBot X-ray reevaluating
ChatterBot Quebec reevaluating
ChatterBot Echo reevaluating
ChatterBot Foxtrot reevaluating
ChatterBot Bravo reevaluating
ChatterBot Mike reevaluating
ChatterBot X-ray reevaluating
ChatterBot Quebec reevaluating
ChatterBot Echo reevaluating
ChatterBot Foxtrot reevaluating
ChatterBot Bravo reevaluating
ChatterBot Zulu reevaluating
chatterbot Alpha submitting transactions
2024-10-14 19:23:43.489679 Charlie: Same as last round
2024-10-14 19:23:43.494788 X-ray: We should drop Foxtrot
ChatterBot Bravo reevaluating
2024-10-14 19:23:43.511835 Quebec: No
2024-10-14 19:23:43.512003 Echo: No
2024-10-14 19:23:43.512144 Bravo: No
2024-10-14 19:23:43.512268 Zulu: No
2024-10-14 19:23:43.512391 November: No
2024-10-14 19:23:43.512506 Mike: No
ChatterBot X-ray reevaluating
ChatterBot Bravo reevaluating
ChatterBot X-ray reevaluating
ChatterBot Bravo reevaluating
ChatterBot X-ray reevaluating
ChatterBot X-ray reevaluating
ChatterBot Bravo reevaluating
ChatterBot X-ray reevaluating
ChatterBot Bravo reevaluating
ChatterBot X-ray reevaluating
ChatterBot Bravo reevaluating
chatterbot November submitting transactions
2024-10-14 19:23:43.692674 Mike: Quebec, sending you 1
2024-10-14 19:23:43.697944 Mike: Echo, X-ray, Foxtrot, Bravo, Zulu and November, sending you 3
2024-10-14 19:23:43.707909 Bravo: Quebec, Echo, Zulu and November, sending you 2
2024-10-14 19:23:43.711725 X-ray: Quebec, sending you 2
2024-10-14 19:23:43.713708 Bravo: Foxtrot, sending you 4
2024-10-14 19:23:43.718840 Bravo: Mike, sending you 3
chatterbot Charlie submitting transactions
chatterbot Zulu submitting transactions
chatterbot Foxtrot submitting transactions
chatterbot Mike submitting transactions
chatterbot Bravo submitting transactions
chatterbot X-ray submitting transactions
chatterbot Quebec submitting transactions
chatterbot Echo submitting transactions
ChatterBot Charlie round 12
ChatterBot Alpha round 12
ChatterBot Quebec round 12
ChatterBot Echo round 12
ChatterBot X-ray round 12
ChatterBot Foxtrot round 12
ChatterBot Bravo round 12
ChatterBot Zulu round 12
ChatterBot November round 12
ChatterBot Mike round 12
2024-10-14 19:23:44.780248 Alpha: I was attacked by Quebec, Foxtrot and Zulu
ChatterBot Charlie reevaluating
2024-10-14 19:23:44.786583 Alpha: Ow
2024-10-14 19:23:44.788729 Echo: Quebec, X-ray and November, sending you 2
2024-10-14 19:23:44.796270 Echo: Foxtrot, Bravo, Zulu and Mike, sending you 3
2024-10-14 19:23:44.801048 X-ray: Quebec, sending you 6
2024-10-14 19:23:44.803515 Bravo: Quebec, Echo, Foxtrot, Zulu and November, sending you 2
2024-10-14 19:23:44.805744 November: Quebec, Bravo, Zulu and Mike, sending you 1
2024-10-14 19:23:44.808401 X-ray: Echo and Zulu, sending you 3
