ChatterBot Zulu round 1
ChatterBot Kilo round 1
ChatterBot Papa round 1
ChatterBot Bravo round 1
ChatterBot November round 1
ChatterBot Alpha round 1
ChatterBot Hotel round 1
ChatterBot X-ray round 1
ChatterBot Mike round 1
ChatterBot Juliett round 1
randomSelections Alpha: {Alpha, Bravo, Kilo} 
2024-10-14 19:23:28.488696 Alpha: We should group up
ChatterBot Bravo reevaluating
ChatterBot Kilo reevaluating
2024-10-14 19:23:28.493104 Bravo: Yes
2024-10-14 19:23:28.493244 Kilo: Yes
ChatterBot Kilo reevaluating
ChatterBot Bravo reevaluating
randomSelections Mike: {Mike, Kilo, Hotel, Alpha, X-ray, Papa} 
2024-10-14 19:23:28.500257 Mike: Group up?
ChatterBot Kilo reevaluating
ChatterBot Hotel reevaluating
ChatterBot X-ray reevaluating
ChatterBot Papa reevaluating
2024-10-14 19:23:28.511318 Kilo: No
2024-10-14 19:23:28.512335 Hotel: Yes
2024-10-14 19:23:28.512519 Alpha: No
2024-10-14 19:23:28.512782 X-ray: Yes
2024-10-14 19:23:28.512932 Papa: Yes
ChatterBot Hotel reevaluating
ChatterBot X-ray reevaluating
ChatterBot Papa reevaluating
ChatterBot Kilo reevaluating
ChatterBot X-ray reevaluating
ChatterBot Papa reevaluating
ChatterBot Kilo reevaluating
ChatterBot Hotel reevaluating
ChatterBot X-ray reevaluating
ChatterBot Papa reevaluating
ChatterBot Kilo reevaluating
ChatterBot Hotel reevaluating
ChatterBot Papa reevaluating
ChatterBot Kilo reevaluating
ChatterBot Hotel reevaluating
ChatterBot X-ray reevaluating
randomSelections November: {November, Bravo, X-ray, Hotel, Juliett, Alpha} 
2024-10-14 19:23:28.591226 November: We should group up
ChatterBot Bravo reevaluating
ChatterBot X-ray reevaluating
ChatterBot Hotel reevaluating
ChatterBot Juliett reevaluating
2024-10-14 19:23:28.604892 Bravo: No
2024-10-14 19:23:28.605126 X-ray: No
2024-10-14 19:23:28.605291 Hotel: No
2024-10-14 19:23:28.605517 Juliett: Yes
2024-10-14 19:23:28.605689 Alpha: No
ChatterBot X-ray reevaluating
ChatterBot Hotel reevaluating
ChatterBot Juliett reevaluating
ChatterBot Bravo reevaluating
ChatterBot Hotel reevaluating
ChatterBot Juliett reevaluating
ChatterBot Bravo reevaluating
ChatterBot X-ray reevaluating
ChatterBot Juliett reevaluating
ChatterBot Bravo reevaluating
ChatterBot X-ray reevaluating
ChatterBot Hotel reevaluating
ChatterBot Bravo reevaluating
ChatterBot X-ray reevaluating
ChatterBot Hotel reevaluating
ChatterBot Juliett reevaluating
randomSelections Zulu: {Zulu, Hotel, X-ray, November, Alpha, Juliett, Bravo, Papa} 
2024-10-14 19:23:28.679173 Zulu: Group up?
ChatterBot Hotel reevaluating
ChatterBot X-ray reevaluating
ChatterBot Juliett reevaluating
ChatterBot Bravo reevaluating
ChatterBot Papa reevaluating
2024-10-14 19:23:28.695448 Hotel: No
2024-10-14 19:23:28.695683 X-ray: No
2024-10-14 19:23:28.695846 November: No
2024-10-14 19:23:28.696019 Alpha: No
2024-10-14 19:23:28.696671 Juliett: No
2024-10-14 19:23:28.696830 Bravo: No
2024-10-14 19:23:28.696979 Papa: No
ChatterBot X-ray reevaluating
ChatterBot Juliett reevaluating
ChatterBot Bravo reevaluating
ChatterBot Papa reevaluating
ChatterBot Hotel reevaluating
ChatterBot Juliett reevaluating
ChatterBot Bravo reevaluating
ChatterBot Papa reevaluating
ChatterBot Hotel reevaluating
ChatterBot X-ray reevaluating
ChatterBot Juliett reevaluating
ChatterBot Bravo reevaluating
ChatterBot Papa reevaluating
ChatterBot Hotel reevaluating
ChatterBot X-ray reevaluating
ChatterBot Juliett reevaluating
ChatterBot Bravo reevaluating
ChatterBot Papa reevaluating
ChatterBot Hotel reevaluating
ChatterBot X-ray reevaluating
ChatterBot Bravo reevaluating
ChatterBot Papa reevaluating
ChatterBot Hotel reevaluating
ChatterBot X-ray reevaluating
ChatterBot Juliett reevaluating
ChatterBot Papa reevaluating
ChatterBot Hotel reevaluating
ChatterBot X-ray reevaluating
ChatterBot Juliett reevaluating
ChatterBot Bravo reevaluating
2024-10-14 19:23:28.790665 Alpha: Kilo, sending you 12
2024-10-14 19:23:28.791681 Kilo: Bravo, sending you 7
2024-10-14 19:23:28.794918 Alpha: Bravo, sending you 4
2024-10-14 19:23:28.795212 Kilo: Alpha, sending you 4
2024-10-14 19:23:28.797087 Zulu: Papa, Hotel and Juliett, sending you 3
2024-10-14 19:23:28.799680 Juliett: Bravo, November and Hotel, sending you 3
2024-10-14 19:23:28.800070 Zulu: Bravo, sending you 2
2024-10-14 19:23:28.800693 Papa: Kilo, Alpha and X-ray, sending you 2
2024-10-14 19:23:28.802710 X-ray: Kilo, Papa and Alpha, sending you 2
2024-10-14 19:23:28.804141 Bravo: Kilo, sending you 6
2024-10-14 19:23:28.804678 Juliett: X-ray, sending you 8
2024-10-14 19:23:28.804945 Zulu: November, sending you 1
2024-10-14 19:23:28.805216 Papa: Hotel and Mike, sending you 4
2024-10-14 19:23:28.805459 Mike: Kilo, sending you 2
2024-10-14 19:23:28.805721 Hotel: Alpha, sending you 2
2024-10-14 19:23:28.806712 November: Bravo and X-ray, sending you 5
2024-10-14 19:23:28.807130 Bravo: Alpha, sending you 9
2024-10-14 19:23:28.807724 X-ray: Hotel, sending you 4
2024-10-14 19:23:28.809742 Mike: Papa and Hotel, sending you 3
2024-10-14 19:23:28.810692 Hotel: X-ray, sending you 3
2024-10-14 19:23:28.810968 November: Alpha, sending you 3
2024-10-14 19:23:28.811697 X-ray: Mike, sending you 5
2024-10-14 19:23:28.812690 Mike: Alpha, sending you 1
2024-10-14 19:23:28.813706 Hotel: Mike, sending you 1
2024-10-14 19:23:28.815832 November: Hotel and Juliett, sending you 2
2024-10-14 19:23:28.817681 Mike: X-ray, sending you 4
chatterbot Kilo submitting transactions
chatterbot Alpha submitting transactions
chatterbot November submitting transactions
chatterbot Bravo submitting transactions
chatterbot Hotel submitting transactions
chatterbot Mike submitting transactions
chatterbot Juliett submitting transactions
chatterbot Zulu submitting transactions
chatterbot Papa submitting transactions
chatterbot X-ray submitting transactions
ChatterBot Zulu round 2
ChatterBot Kilo round 2
ChatterBot Papa round 2
ChatterBot Bravo round 2
ChatterBot November round 2
ChatterBot Alpha round 2
ChatterBot Hotel round 2
ChatterBot X-ray round 2
2024-10-14 19:23:31.843876 Zulu: We would work well together
ChatterBot Papa reevaluating
ChatterBot Hotel reevaluating
ChatterBot X-ray reevaluating
ChatterBot Mike reevaluating
ChatterBot November reevaluating
ChatterBot Juliett reevaluating
2024-10-14 19:23:31.917223 Papa: No
2024-10-14 19:23:31.917416 Hotel: Yes
2024-10-14 19:23:31.917599 X-ray: Yes
2024-10-14 19:23:31.917781 Mike: No
2024-10-14 19:23:31.918370 November: Yes
2024-10-14 19:23:31.918532 Juliett: No
ChatterBot Zulu reevaluating
ChatterBot Hotel reevaluating
ChatterBot X-ray reevaluating
ChatterBot Mike reevaluating
ChatterBot November reevaluating
ChatterBot Juliett reevaluating
ChatterBot Zulu reevaluating
ChatterBot Papa reevaluating
ChatterBot X-ray reevaluating
ChatterBot Mike reevaluating
ChatterBot November reevaluating
ChatterBot Juliett reevaluating
ChatterBot Zulu reevaluating
ChatterBot Papa reevaluating
ChatterBot Hotel reevaluating
ChatterBot Mike reevaluating
ChatterBot November reevaluating
ChatterBot Juliett reevaluating
ChatterBot Zulu reevaluating
ChatterBot Papa reevaluating
ChatterBot Hotel reevaluating
ChatterBot X-ray reevaluating
ChatterBot November reevaluating
ChatterBot Juliett reevaluating
ChatterBot Zulu reevaluating
ChatterBot Papa reevaluating
2024-10-14 19:23:32.174133 Hotel: Group up?
ChatterBot Hotel reevaluating
ChatterBot X-ray reevaluating
ChatterBot Mike reevaluating
ChatterBot Juliett reevaluating
ChatterBot Zulu reevaluating
ChatterBot Papa reevaluating
ChatterBot Hotel reevaluating
ChatterBot X-ray reevaluating
ChatterBot Mike reevaluating
ChatterBot November reevaluating
ChatterBot Zulu reevaluating
ChatterBot X-ray reevaluating
ChatterBot November reevaluating
ChatterBot Juliett reevaluating
2024-10-14 19:23:32.416289 Zulu: Yes
ChatterBot Papa reevaluating
2024-10-14 19:23:32.424864 X-ray: Yes
ChatterBot Mike reevaluating
2024-10-14 19:23:32.446398 November: Yes
2024-10-14 19:23:32.446689 Juliett: No
2024-10-14 19:23:32.446967 Papa: Yes
2024-10-14 19:23:32.447337 Mike: No
ChatterBot Papa reevaluating
ChatterBot Hotel reevaluating
ChatterBot X-ray reevaluating
ChatterBot Mike reevaluating
ChatterBot November reevaluating
ChatterBot Juliett reevaluating
ChatterBot Zulu reevaluating
ChatterBot Papa reevaluating
ChatterBot Hotel reevaluating
ChatterBot Mike reevaluating
ChatterBot November reevaluating
ChatterBot Juliett reevaluating
ChatterBot Zulu reevaluating
ChatterBot Papa reevaluating
ChatterBot Hotel reevaluating
ChatterBot X-ray reevaluating
ChatterBot Mike reevaluating
ChatterBot Juliett reevaluating
ChatterBot Zulu reevaluating
ChatterBot Papa reevaluating
ChatterBot Hotel reevaluating
ChatterBot X-ray reevaluating
ChatterBot Mike reevaluating
ChatterBot November reevaluating
ChatterBot Zulu reevaluating
ChatterBot Hotel reevaluating
ChatterBot X-ray reevaluating
ChatterBot Mike reevaluating
ChatterBot November reevaluating
ChatterBot Juliett reevaluating
ChatterBot Zulu reevaluating
ChatterBot Papa reevaluating
ChatterBot Hotel reevaluating
ChatterBot X-ray reevaluating
ChatterBot November reevaluating
ChatterBot Juliett reevaluating
ChatterBot Mike round 2
ChatterBot Juliett round 2
2024-10-14 19:23:32.790154 Kilo: Group up?
ChatterBot Bravo reevaluating
ChatterBot Alpha reevaluating
ChatterBot Papa reevaluating
ChatterBot Hotel reevaluating
ChatterBot X-ray reevaluating
ChatterBot Mike reevaluating
2024-10-14 19:23:32.817238 Bravo: No
2024-10-14 19:23:32.817390 Alpha: No
2024-10-14 19:23:32.817926 Papa: No
2024-10-14 19:23:32.818067 Hotel: No
2024-10-14 19:23:32.818168 X-ray: No
2024-10-14 19:23:32.818260 Mike: No
ChatterBot Alpha reevaluating
ChatterBot Papa reevaluating
ChatterBot Hotel reevaluating
ChatterBot X-ray reevaluating
ChatterBot Mike reevaluating
ChatterBot Kilo reevaluating
ChatterBot Bravo reevaluating
ChatterBot Papa reevaluating
ChatterBot Hotel reevaluating
ChatterBot X-ray reevaluating
ChatterBot Mike reevaluating
ChatterBot Kilo reevaluating
ChatterBot Bravo reevaluating
ChatterBot Alpha reevaluating
ChatterBot Hotel reevaluating
ChatterBot X-ray reevaluating
ChatterBot Mike reevaluating
ChatterBot Kilo reevaluating
ChatterBot Bravo reevaluating
ChatterBot Alpha reevaluating
ChatterBot Papa reevaluating
ChatterBot X-ray reevaluating
ChatterBot Mike reevaluating
ChatterBot Kilo reevaluating
ChatterBot Bravo reevaluating
ChatterBot Alpha reevaluating
ChatterBot Papa reevaluating
ChatterBot Hotel reevaluating
ChatterBot Mike reevaluating
ChatterBot Kilo reevaluating
ChatterBot Bravo reevaluating
ChatterBot Alpha reevaluating
ChatterBot Papa reevaluating
ChatterBot Hotel reevaluating
ChatterBot X-ray reevaluating
2024-10-14 19:23:33.183306 Juliett: We would work well together
ChatterBot Papa reevaluating
ChatterBot Zulu reevaluating
ChatterBot Bravo reevaluating
2024-10-14 19:23:33.236380 Papa: No
2024-10-14 19:23:33.237026 Hotel: No
2024-10-14 19:23:33.237325 X-ray: No
2024-10-14 19:23:33.237586 Mike: No
2024-10-14 19:23:33.237845 Zulu: No
2024-10-14 19:23:33.238680 November: No
2024-10-14 19:23:33.238875 Bravo: No
ChatterBot Zulu reevaluating
ChatterBot Bravo reevaluating
ChatterBot Papa reevaluating
ChatterBot Zulu reevaluating
ChatterBot November reevaluating
ChatterBot Bravo reevaluating
ChatterBot Juliett reevaluating
ChatterBot Papa reevaluating
ChatterBot Zulu reevaluating
ChatterBot November reevaluating
ChatterBot Bravo reevaluating
ChatterBot Juliett reevaluating
ChatterBot Papa reevaluating
ChatterBot Zulu reevaluating
ChatterBot November reevaluating
ChatterBot Bravo reevaluating
ChatterBot Juliett reevaluating
ChatterBot Papa reevaluating
ChatterBot November reevaluating
ChatterBot Bravo reevaluating
ChatterBot Juliett reevaluating
ChatterBot Papa reevaluating
ChatterBot Zulu reevaluating
ChatterBot Bravo reevaluating
ChatterBot Juliett reevaluating
ChatterBot Papa reevaluating
ChatterBot Zulu reevaluating
ChatterBot November reevaluating
2024-10-14 19:23:33.588668 X-ray: Papa, sending you 1
2024-10-14 19:23:33.590053 Mike: Zulu, November and Juliett, sending you 1
2024-10-14 19:23:33.593188 X-ray: November and Juliett, sending you 4
2024-10-14 19:23:33.595936 Mike: Papa and X-ray, sending you 4
2024-10-14 19:23:33.596751 X-ray: Hotel, sending you 2
2024-10-14 19:23:33.597753 Alpha: Kilo, sending you 4
2024-10-14 19:23:33.598124 Kilo: Papa, Hotel, X-ray and Mike, sending you 2
2024-10-14 19:23:33.599660 Juliett: Zulu, sending you 10
2024-10-14 19:23:33.600705 Mike: Hotel, sending you 2
2024-10-14 19:23:33.601297 Hotel: Zulu, November, Mike and Juliett, sending you 2
2024-10-14 19:23:33.602028 November: Zulu, sending you 4
2024-10-14 19:23:33.602359 Alpha: Bravo, sending you 9
2024-10-14 19:23:33.602784 X-ray: Mike, sending you 3
2024-10-14 19:23:33.603770 Kilo: Bravo, sending you 3
2024-10-14 19:23:33.604113 Papa: Zulu, X-ray and Mike, sending you 3
2024-10-14 19:23:33.605208 Juliett: November, sending you 7
2024-10-14 19:23:33.606119 November: Juliett, sending you 11
2024-10-14 19:23:33.607096 Hotel: Papa and X-ray, sending you 3
2024-10-14 19:23:33.607529 Alpha: November, sending you 3
2024-10-14 19:23:33.608463 Papa: November and Hotel, sending you 2
2024-10-14 19:23:33.609085 Zulu: Papa, November, Hotel, X-ray, Mike and Juliett, sending you 3
2024-10-14 19:23:33.610029 Kilo: Alpha, sending you 4
2024-10-14 19:23:33.612689 Papa: Juliett, sending you 1
2024-10-14 19:23:33.613165 Bravo: Zulu, sending you 2
2024-10-14 19:23:33.618174 Bravo: Kilo, sending you 6
2024-10-14 19:23:33.620669 Bravo: November, sending you 4
2024-10-14 19:23:33.625307 Bravo: Alpha and Juliett, sending you 3
chatterbot Kilo submitting transactions
chatterbot Hotel submitting transactions
chatterbot Alpha submitting transactions
chatterbot November submitting transactions
chatterbot Papa submitting transactions
chatterbot Bravo submitting transactions
chatterbot Mike submitting transactions
chatterbot Zulu submitting transactions
chatterbot X-ray submitting transactions
chatterbot Juliett submitting transactions
ChatterBot Zulu round 3
ChatterBot Kilo round 3
ChatterBot Papa round 3
ChatterBot Bravo round 3
ChatterBot November round 3
ChatterBot Alpha round 3
ChatterBot Hotel round 3
ChatterBot X-ray round 3
2024-10-14 19:23:34.659239 November: We should replace Alpha with Bravo
ChatterBot Zulu reevaluating
ChatterBot Juliett reevaluating
2024-10-14 19:23:34.702916 Zulu: No
2024-10-14 19:23:34.703572 Papa: No
2024-10-14 19:23:34.703800 Hotel: No
2024-10-14 19:23:34.703994 X-ray: No
2024-10-14 19:23:34.704189 Mike: No
2024-10-14 19:23:34.704369 Juliett: Yes
ChatterBot Juliett reevaluating
ChatterBot Zulu reevaluating
ChatterBot Juliett reevaluating
ChatterBot Zulu reevaluating
ChatterBot Juliett reevaluating
ChatterBot Zulu reevaluating
ChatterBot November reevaluating
ChatterBot Juliett reevaluating
ChatterBot Zulu reevaluating
ChatterBot November reevaluating
ChatterBot Juliett reevaluating
ChatterBot Zulu reevaluating
ChatterBot November reevaluating
ChatterBot Mike round 3
ChatterBot Juliett round 3
2024-10-14 19:23:34.939651 Alpha: Group up?
ChatterBot Zulu reevaluating
ChatterBot November reevaluating
ChatterBot Juliett reevaluating
2024-10-14 19:23:34.976983 Kilo: No
2024-10-14 19:23:34.977195 Bravo: No
2024-10-14 19:23:34.977310 Papa: No
2024-10-14 19:23:34.977406 Hotel: No
2024-10-14 19:23:34.977500 X-ray: No
2024-10-14 19:23:34.977598 Mike: No
2024-10-14 19:23:34.978104 Zulu: No
2024-10-14 19:23:34.978199 November: No
2024-10-14 19:23:34.978297 Juliett: No
ChatterBot Papa reevaluating
ChatterBot Zulu reevaluating
ChatterBot November reevaluating
ChatterBot Juliett reevaluating
ChatterBot Papa reevaluating
ChatterBot Zulu reevaluating
ChatterBot November reevaluating
ChatterBot Juliett reevaluating
ChatterBot Zulu reevaluating
ChatterBot November reevaluating
ChatterBot Juliett reevaluating
ChatterBot Papa reevaluating
ChatterBot Zulu reevaluating
ChatterBot November reevaluating
ChatterBot Juliett reevaluating
ChatterBot Alpha reevaluating
ChatterBot Papa reevaluating
ChatterBot Zulu reevaluating
ChatterBot November reevaluating
ChatterBot Juliett reevaluating
ChatterBot Alpha reevaluating
ChatterBot Papa reevaluating
ChatterBot Zulu reevaluating
ChatterBot November reevaluating
ChatterBot Juliett reevaluating
ChatterBot Alpha reevaluating
ChatterBot Papa reevaluating
ChatterBot November reevaluating
ChatterBot Juliett reevaluating
ChatterBot Alpha reevaluating
ChatterBot Papa reevaluating
ChatterBot Zulu reevaluating
ChatterBot Juliett reevaluating
ChatterBot Alpha reevaluating
ChatterBot Papa reevaluating
ChatterBot Zulu reevaluating
ChatterBot November reevaluating
2024-10-14 19:23:35.517638 Zulu: We should drop Kilo
ChatterBot Papa reevaluating
ChatterBot Juliett reevaluating
2024-10-14 19:23:35.565177 Papa: Yes
2024-10-14 19:23:35.565407 Hotel: Yes
2024-10-14 19:23:35.565591 X-ray: Yes
2024-10-14 19:23:35.565774 Mike: Yes
2024-10-14 19:23:35.565983 November: Yes
2024-10-14 19:23:35.566665 Juliett: Yes
ChatterBot Zulu reevaluating
ChatterBot Juliett reevaluating
ChatterBot Zulu reevaluating
ChatterBot Papa reevaluating
ChatterBot Juliett reevaluating
ChatterBot Zulu reevaluating
ChatterBot Papa reevaluating
ChatterBot Juliett reevaluating
ChatterBot Zulu reevaluating
ChatterBot Papa reevaluating
ChatterBot Juliett reevaluating
ChatterBot Zulu reevaluating
ChatterBot Papa reevaluating
ChatterBot Juliett reevaluating
ChatterBot Zulu reevaluating
ChatterBot Papa reevaluating
chatterbot Bravo submitting transactions
chatterbot X-ray submitting transactions
2024-10-14 19:23:35.806679 Bravo: Zulu, sending you 1
2024-10-14 19:23:35.807516 Kilo: Sending you each 7
2024-10-14 19:23:35.808858 X-ray: Zulu, sending you 1
2024-10-14 19:23:35.809297 Hotel: Zulu, November, Mike and Juliett, sending you 2
2024-10-14 19:23:35.809708 November: Zulu, Alpha and Hotel, sending you 2
2024-10-14 19:23:35.810074 Zulu: Alpha we want you to join our group
ChatterBot Alpha reevaluating
2024-10-14 19:23:35.814503 Alpha: Yes
ChatterBot Papa reevaluating
ChatterBot Zulu reevaluating
2024-10-14 19:23:35.841254 Zulu: We should replace Kilo with Bravo
ChatterBot Papa reevaluating
2024-10-14 19:23:35.862445 Papa: No
2024-10-14 19:23:35.862605 Hotel: No
2024-10-14 19:23:35.862740 X-ray: No
2024-10-14 19:23:35.862895 Mike: No
2024-10-14 19:23:35.863008 November: No
2024-10-14 19:23:35.863099 Juliett: No
ChatterBot Zulu reevaluating
ChatterBot Zulu reevaluating
ChatterBot Papa reevaluating
ChatterBot Zulu reevaluating
ChatterBot Papa reevaluating
ChatterBot Zulu reevaluating
ChatterBot Papa reevaluating
ChatterBot Zulu reevaluating
ChatterBot Papa reevaluating
ChatterBot Zulu reevaluating
ChatterBot Papa reevaluating
2024-10-14 19:23:36.063021 Bravo: Kilo, sending you 5
2024-10-14 19:23:36.064514 X-ray: Papa and November, sending you 2
2024-10-14 19:23:36.064965 Hotel: Papa and X-ray, sending you 3
2024-10-14 19:23:36.065457 November: Papa and Mike, sending you 1
chatterbot November submitting transactions
chatterbot Mike submitting transactions
2024-10-14 19:23:36.066786 Bravo: November and Juliett, sending you 2
2024-10-14 19:23:36.067699 X-ray: Hotel and Juliett, sending you 3
2024-10-14 19:23:36.069140 Mike: Zulu and Hotel, sending you 2
2024-10-14 19:23:36.069901 November: X-ray, sending you 3
2024-10-14 19:23:36.070595 Juliett: Zulu and X-ray, sending you 3
2024-10-14 19:23:36.071953 Bravo: Alpha, sending you 8
2024-10-14 19:23:36.072461 X-ray: Mike, sending you 4
2024-10-14 19:23:36.073598 Mike: Papa, sending you 3
2024-10-14 19:23:36.074411 November: Juliett, sending you 6
2024-10-14 19:23:36.076687 Juliett: November, sending you 8
2024-10-14 19:23:36.077217 Mike: November and Juliett, sending you 1
2024-10-14 19:23:36.077841 Papa: Zulu and Mike, sending you 3
2024-10-14 19:23:36.081703 Alpha: Kilo, sending you 5
2024-10-14 19:23:36.082455 Juliett: Hotel, sending you 2
2024-10-14 19:23:36.083509 Mike: X-ray, sending you 4
2024-10-14 19:23:36.084296 Papa: November, Hotel, X-ray and Juliett, sending you 2
2024-10-14 19:23:36.086684 Alpha: Papa, November, Hotel, X-ray and Mike, sending you 1
2024-10-14 19:23:36.087995 Juliett: Mike, sending you 1
2024-10-14 19:23:36.091681 Alpha: Bravo, sending you 6
chatterbot Kilo submitting transactions
2024-10-14 19:23:36.095837 Zulu: Papa and November, sending you 3
2024-10-14 19:23:36.099677 Zulu: Hotel, sending you 2
2024-10-14 19:23:36.105774 Zulu: Mike, sending you 1
2024-10-14 19:23:36.111667 Zulu: Juliett, sending you 9
chatterbot Alpha submitting transactions
chatterbot Juliett submitting transactions
chatterbot Hotel submitting transactions
chatterbot Alpha submitting transactions
chatterbot Papa submitting transactions
chatterbot Zulu submitting transactions
ChatterBot Zulu round 4
ChatterBot Kilo round 4
ChatterBot Papa round 4
ChatterBot Bravo round 4
ChatterBot November round 4
ChatterBot Alpha round 4
ChatterBot Hotel round 4
2024-10-14 19:23:37.142202 Zulu: We should add Alpha
2024-10-14 19:23:37.182150 Papa: No
2024-10-14 19:23:37.182726 Hotel: No
2024-10-14 19:23:37.183239 X-ray: No
2024-10-14 19:23:37.184142 Mike: No
2024-10-14 19:23:37.184479 November: Yes
2024-10-14 19:23:37.185038 Juliett: Yes
ChatterBot Zulu reevaluating
ChatterBot Zulu reevaluating
ChatterBot Zulu reevaluating
ChatterBot Zulu reevaluating
ChatterBot Juliett reevaluating
ChatterBot Zulu reevaluating
ChatterBot Juliett reevaluating
ChatterBot Zulu reevaluating
ChatterBot X-ray round 4
ChatterBot Mike round 4
ChatterBot Juliett round 4
2024-10-14 19:23:37.373665 X-ray: Zulu, sending you 1
2024-10-14 19:23:37.374639 Hotel: Zulu, November, Mike and Juliett, sending you 2
2024-10-14 19:23:37.375683 Zulu: Papa, November and Hotel, sending you 3
2024-10-14 19:23:37.377661 X-ray: Papa, sending you 2
2024-10-14 19:23:37.378196 Hotel: Papa and X-ray, sending you 3
2024-10-14 19:23:37.379301 Kilo: Same as last round
2024-10-14 19:23:37.379688 November: Zulu, Alpha, Hotel and X-ray, sending you 2
2024-10-14 19:23:37.380227 Zulu: X-ray, sending you 1
2024-10-14 19:23:37.380774 Alpha: Kilo, sending you 7
2024-10-14 19:23:37.381137 X-ray: November, Hotel and Juliett, sending you 3
2024-10-14 19:23:37.383709 November: Papa and Mike, sending you 1
2024-10-14 19:23:37.384437 Zulu: Mike, sending you 2
2024-10-14 19:23:37.384883 Papa: Zulu and Mike, sending you 3
2024-10-14 19:23:37.385915 Alpha: Bravo, sending you 9
2024-10-14 19:23:37.386177 Juliett: Zulu, sending you 5
2024-10-14 19:23:37.386698 X-ray: Mike, sending you 4
2024-10-14 19:23:37.387314 Bravo: Zulu and Juliett, sending you 1
2024-10-14 19:23:37.387671 November: Juliett, sending you 7
2024-10-14 19:23:37.388110 Mike: Zulu and Hotel, sending you 2
2024-10-14 19:23:37.388665 Zulu: Juliett, sending you 6
2024-10-14 19:23:37.390849 Papa: November, Hotel, X-ray and Juliett, sending you 2
2024-10-14 19:23:37.391476 Juliett: Papa, sending you 1
2024-10-14 19:23:37.391939 Bravo: Kilo and Alpha, sending you 7
2024-10-14 19:23:37.392668 Mike: Papa, sending you 3
2024-10-14 19:23:37.394664 Juliett: November, sending you 6
2024-10-14 19:23:37.395669 Bravo: November, sending you 2
2024-10-14 19:23:37.396034 Mike: November and Juliett, sending you 1
2024-10-14 19:23:37.397662 Juliett: Hotel, sending you 2
2024-10-14 19:23:37.399143 Mike: X-ray, sending you 4
2024-10-14 19:23:37.402682 Juliett: X-ray, sending you 3
chatterbot Papa submitting transactions
chatterbot Bravo submitting transactions
chatterbot Mike submitting transactions
chatterbot Juliett submitting transactions
chatterbot Hotel submitting transactions
chatterbot November submitting transactions
chatterbot Alpha submitting transactions
chatterbot Zulu submitting transactions
chatterbot X-ray submitting transactions
chatterbot Kilo submitting transactions
ChatterBot Zulu round 5
ChatterBot Kilo round 5
ChatterBot Papa round 5
ChatterBot Bravo round 5
ChatterBot November round 5
ChatterBot Alpha round 5
ChatterBot Hotel round 5
ChatterBot X-ray round 5
ChatterBot Mike round 5
ChatterBot Juliett round 5
2024-10-14 19:23:38.663247 Kilo: Same as last round
2024-10-14 19:23:38.665698 Juliett: Zulu, sending you 5
2024-10-14 19:23:38.667641 Papa: Zulu, November, Hotel, X-ray and Juliett, sending you 2
2024-10-14 19:23:38.669398 X-ray: Zulu, sending you 1
2024-10-14 19:23:38.670117 Zulu: Papa and November, sending you 3
2024-10-14 19:23:38.671496 Alpha: Sending you each 8
2024-10-14 19:23:38.671921 November: Zulu, Papa and Hotel, sending you 2
2024-10-14 19:23:38.673117 Juliett: Papa, sending you 1
2024-10-14 19:23:38.673682 Hotel: Zulu and X-ray, sending you 3
2024-10-14 19:23:38.674836 Papa: Mike, sending you 4
2024-10-14 19:23:38.675764 Zulu: Hotel and Mike, sending you 2
2024-10-14 19:23:38.677082 X-ray: Papa and November, sending you 2
2024-10-14 19:23:38.678424 Bravo: Zulu, November and Juliett, sending you 1
2024-10-14 19:23:38.679134 November: Alpha, sending you 1
2024-10-14 19:23:38.680607 Juliett: November, sending you 6
2024-10-14 19:23:38.682052 Hotel: Papa, November, Mike and Juliett, sending you 2
2024-10-14 19:23:38.683742 Zulu: X-ray, sending you 1
2024-10-14 19:23:38.685134 X-ray: Hotel and Juliett, sending you 3
2024-10-14 19:23:38.686014 November: X-ray, sending you 3
2024-10-14 19:23:38.687241 Bravo: Kilo, sending you 7
2024-10-14 19:23:38.687732 Juliett: Hotel, sending you 2
2024-10-14 19:23:38.688975 Zulu: Juliett, sending you 7
2024-10-14 19:23:38.690740 X-ray: Mike, sending you 4
2024-10-14 19:23:38.692359 November: Juliett, sending you 7
2024-10-14 19:23:38.693365 Juliett: X-ray, sending you 3
2024-10-14 19:23:38.693923 Bravo: Alpha, sending you 8
chatterbot Mike submitting transactions
chatterbot Alpha submitting transactions
chatterbot Kilo submitting transactions
chatterbot November submitting transactions
chatterbot Papa submitting transactions
chatterbot X-ray submitting transactions
chatterbot Hotel submitting transactions
chatterbot Juliett submitting transactions
chatterbot Bravo submitting transactions
chatterbot Zulu submitting transactions
ChatterBot Zulu round 6
ChatterBot Kilo round 6
ChatterBot Papa round 6
ChatterBot Bravo round 6
ChatterBot November round 6
ChatterBot Alpha round 6
ChatterBot Hotel round 6
ChatterBot X-ray round 6
ChatterBot Mike round 6
ChatterBot Juliett round 6
2024-10-14 19:23:39.827263 November: We should replace Alpha with Bravo
ChatterBot Zulu reevaluating
ChatterBot Papa reevaluating
ChatterBot Hotel reevaluating
ChatterBot X-ray reevaluating
ChatterBot Mike reevaluating
ChatterBot Juliett reevaluating
2024-10-14 19:23:39.848787 Zulu: No
2024-10-14 19:23:39.849015 Papa: No
2024-10-14 19:23:39.849714 Hotel: No
2024-10-14 19:23:39.849945 X-ray: No
2024-10-14 19:23:39.850064 Mike: No
2024-10-14 19:23:39.850176 Juliett: Yes
ChatterBot Papa reevaluating
ChatterBot Hotel reevaluating
ChatterBot X-ray reevaluating
ChatterBot Mike reevaluating
ChatterBot November reevaluating
ChatterBot Juliett reevaluating
ChatterBot Zulu reevaluating
ChatterBot Hotel reevaluating
ChatterBot X-ray reevaluating
ChatterBot Mike reevaluating
ChatterBot November reevaluating
ChatterBot Juliett reevaluating
ChatterBot Zulu reevaluating
ChatterBot Papa reevaluating
ChatterBot X-ray reevaluating
ChatterBot Mike reevaluating
ChatterBot November reevaluating
ChatterBot Juliett reevaluating
ChatterBot Zulu reevaluating
ChatterBot Papa reevaluating
ChatterBot Hotel reevaluating
ChatterBot Mike reevaluating
ChatterBot November reevaluating
ChatterBot Juliett reevaluating
ChatterBot Zulu reevaluating
ChatterBot Papa reevaluating
ChatterBot Hotel reevaluating
ChatterBot X-ray reevaluating
ChatterBot November reevaluating
ChatterBot Juliett reevaluating
ChatterBot Zulu reevaluating
ChatterBot Papa reevaluating
ChatterBot Hotel reevaluating
ChatterBot X-ray reevaluating
ChatterBot Mike reevaluating
ChatterBot November reevaluating
2024-10-14 19:23:39.976204 Kilo: We should add Papa
ChatterBot Alpha reevaluating
ChatterBot Bravo reevaluating
2024-10-14 19:23:40.005103 Alpha: Yes
2024-10-14 19:23:40.005296 Bravo: No
ChatterBot Bravo reevaluating
ChatterBot Alpha reevaluating
ChatterBot Kilo reevaluating
2024-10-14 19:23:40.111657 Kilo: We should add X-ray
ChatterBot Alpha reevaluating
ChatterBot Bravo reevaluating
2024-10-14 19:23:40.119171 Alpha: Yes
2024-10-14 19:23:40.119408 Bravo: Yes
ChatterBot Bravo reevaluating
ChatterBot Kilo reevaluating
ChatterBot Alpha reevaluating
ChatterBot Kilo reevaluating
2024-10-14 19:23:40.133119 Juliett: Bravo we want you to join our group
2024-10-14 19:23:40.136836 Bravo: No
ChatterBot Juliett reevaluating
ChatterBot November reevaluating
2024-10-14 19:23:40.157917 Bravo: We should drop November and Juliett
ChatterBot Kilo reevaluating
2024-10-14 19:23:40.165688 Kilo: Yes
2024-10-14 19:23:40.165966 Alpha: Yes
2024-10-14 19:23:40.166154 Zulu: No
ChatterBot Bravo reevaluating
ChatterBot Bravo reevaluating
ChatterBot Kilo reevaluating
ChatterBot Bravo reevaluating
ChatterBot Kilo reevaluating
2024-10-14 19:23:40.190533 Papa: Zulu, sending you 4
2024-10-14 19:23:40.193673 Zulu: Papa, November and Hotel, sending you 3
2024-10-14 19:23:40.194576 Mike: Zulu and Hotel, sending you 2
2024-10-14 19:23:40.195925 X-ray: Zulu, sending you 1
2024-10-14 19:23:40.197113 Hotel: Zulu and X-ray, sending you 3
2024-10-14 19:23:40.198954 Papa: November, Hotel, X-ray, Mike and Juliett, sending you 2
2024-10-14 19:23:40.201517 Zulu: X-ray and Mike, sending you 1
2024-10-14 19:23:40.203723 Mike: Papa, sending you 3
2024-10-14 19:23:40.204962 X-ray: Papa, sending you 2
2024-10-14 19:23:40.206806 Hotel: Papa, November, Mike and Juliett, sending you 2
2024-10-14 19:23:40.207878 Alpha: Sending you each 5
2024-10-14 19:23:40.208666 Zulu: Juliett, sending you 7
2024-10-14 19:23:40.210450 Mike: November and Juliett, sending you 1
2024-10-14 19:23:40.212204 X-ray: November, Hotel and Mike, sending you 3
2024-10-14 19:23:40.213505 November: Zulu and X-ray, sending you 3
2024-10-14 19:23:40.216665 Mike: X-ray, sending you 4
2024-10-14 19:23:40.218454 X-ray: Juliett, sending you 4
2024-10-14 19:23:40.219918 November: Papa and Hotel, sending you 2
2024-10-14 19:23:40.222684 Juliett: Zulu, sending you 5
2024-10-14 19:23:40.224549 Bravo: Kilo, sending you 8
2024-10-14 19:23:40.225671 November: Juliett, sending you 7
2024-10-14 19:23:40.226683 Juliett: Papa and Bravo, sending you 1
2024-10-14 19:23:40.228649 Bravo: Papa, sending you 1
2024-10-14 19:23:40.229683 Juliett: November, sending you 6
2024-10-14 19:23:40.231676 Bravo: Alpha, sending you 9
2024-10-14 19:23:40.234669 Juliett: Hotel and X-ray, sending you 2
chatterbot Bravo submitting transactions
chatterbot Juliett submitting transactions
chatterbot Papa submitting transactions
chatterbot Hotel submitting transactions
chatterbot Alpha submitting transactions
chatterbot X-ray submitting transactions
chatterbot Kilo submitting transactions
chatterbot Mike submitting transactions
chatterbot Zulu submitting transactions
chatterbot November submitting transactions
ChatterBot Zulu round 7
ChatterBot Kilo round 7
ChatterBot Papa round 7
ChatterBot Bravo round 7
ChatterBot November round 7
ChatterBot Alpha round 7
ChatterBot Hotel round 7
ChatterBot X-ray round 7
ChatterBot Mike round 7
ChatterBot Juliett round 7
2024-10-14 19:23:41.388689 Kilo: We should add X-ray
ChatterBot Bravo reevaluating
2024-10-14 19:23:41.398205 Alpha: Yes
2024-10-14 19:23:41.398389 Bravo: Yes
ChatterBot Bravo reevaluating
ChatterBot Kilo reevaluating
ChatterBot Kilo reevaluating
2024-10-14 19:23:41.459128 Juliett: We should replace Bravo with Alpha
2024-10-14 19:23:41.484593 Zulu: No
2024-10-14 19:23:41.485201 Papa: No
2024-10-14 19:23:41.485460 Hotel: No
2024-10-14 19:23:41.485637 X-ray: No
2024-10-14 19:23:41.485832 Mike: No
2024-10-14 19:23:41.486003 November: Yes
ChatterBot Juliett reevaluating
ChatterBot Juliett reevaluating
ChatterBot Juliett reevaluating
ChatterBot Juliett reevaluating
ChatterBot Juliett reevaluating
ChatterBot Juliett reevaluating
2024-10-14 19:23:41.620846 Kilo: X-ray we want you to join our group
2024-10-14 19:23:41.623802 X-ray: No
ChatterBot Kilo reevaluating
ChatterBot Bravo reevaluating
2024-10-14 19:23:41.637791 Bravo: We should replace Papa with X-ray
ChatterBot Kilo reevaluating
2024-10-14 19:23:41.644256 Alpha: No
2024-10-14 19:23:41.644419 Kilo: Yes
ChatterBot Bravo reevaluating
ChatterBot Kilo reevaluating
ChatterBot Bravo reevaluating
2024-10-14 19:23:41.661665 Zulu: Papa, November and Hotel, sending you 3
2024-10-14 19:23:41.663051 November: Zulu and X-ray, sending you 3
2024-10-14 19:23:41.663599 Mike: Zulu and Hotel, sending you 2
2024-10-14 19:23:41.664306 Hotel: Zulu and X-ray, sending you 3
2024-10-14 19:23:41.664994 Juliett: Zulu, sending you 5
2024-10-14 19:23:41.665941 Papa: Zulu and Mike, sending you 3
2024-10-14 19:23:41.666661 X-ray: Zulu, sending you 1
2024-10-14 19:23:41.667346 Alpha: Kilo, sending you 5
2024-10-14 19:23:41.667697 Bravo: X-ray we want you to join our group
2024-10-14 19:23:41.670982 X-ray: No
ChatterBot Bravo reevaluating
2024-10-14 19:23:41.679850 Zulu: X-ray, sending you 1
2024-10-14 19:23:41.680665 November: Papa and Hotel, sending you 2
2024-10-14 19:23:41.681262 Mike: Papa, sending you 3
2024-10-14 19:23:41.681988 Hotel: Papa, November, Mike and Juliett, sending you 2
2024-10-14 19:23:41.682995 Papa: November, Hotel, X-ray and Juliett, sending you 2
2024-10-14 19:23:41.683702 Juliett: Papa, Bravo and Hotel, sending you 1
2024-10-14 19:23:41.684143 X-ray: Papa, sending you 2
2024-10-14 19:23:41.684788 Alpha: Bravo, sending you 6
2024-10-14 19:23:41.685121 Zulu: Mike, sending you 2
2024-10-14 19:23:41.686267 November: Juliett, sending you 7
2024-10-14 19:23:41.687207 Mike: November and Juliett, sending you 1
2024-10-14 19:23:41.688141 Juliett: November, sending you 6
2024-10-14 19:23:41.688594 X-ray: November, Hotel and Juliett, sending you 3
2024-10-14 19:23:41.689654 Zulu: Juliett, sending you 6
2024-10-14 19:23:41.692689 Mike: X-ray, sending you 4
2024-10-14 19:23:41.693661 Juliett: X-ray, sending you 3
2024-10-14 19:23:41.694337 X-ray: Mike, sending you 4
2024-10-14 19:23:41.696674 Kilo: Bravo, sending you 6
2024-10-14 19:23:41.701669 Kilo: Alpha, sending you 5
2024-10-14 19:23:41.706658 Kilo: X-ray, sending you 4
2024-10-14 19:23:41.709663 Bravo: Kilo, sending you 8
2024-10-14 19:23:41.712655 Bravo: Papa, sending you 1
2024-10-14 19:23:41.717650 Bravo: Alpha, sending you 9
chatterbot Mike submitting transactions
chatterbot Alpha submitting transactions
chatterbot Hotel submitting transactions
chatterbot X-ray submitting transactions
chatterbot November submitting transactions
chatterbot Kilo submitting transactions
chatterbot Juliett submitting transactions
chatterbot Bravo submitting transactions
chatterbot Papa submitting transactions
chatterbot Zulu submitting transactions
ChatterBot Zulu round 8
ChatterBot Kilo round 8
ChatterBot Papa round 8
ChatterBot Bravo round 8
ChatterBot November round 8
ChatterBot Alpha round 8
ChatterBot Hotel round 8
ChatterBot X-ray round 8
2024-10-14 19:23:42.724631 Bravo: We should replace Papa with Zulu
2024-10-14 19:23:42.731524 Alpha: No
2024-10-14 19:23:42.731729 Kilo: No
ChatterBot Bravo reevaluating
ChatterBot Bravo reevaluating
ChatterBot Mike round 8
ChatterBot Juliett round 8
2024-10-14 19:23:42.791755 Bravo: We should replace Papa with November
2024-10-14 19:23:42.800543 Alpha: No
2024-10-14 19:23:42.800755 Kilo: No
ChatterBot Bravo reevaluating
ChatterBot Bravo reevaluating
2024-10-14 19:23:42.829019 Bravo: We should replace Papa with X-ray
2024-10-14 19:23:42.837485 Alpha: No
2024-10-14 19:23:42.837674 Kilo: Yes
ChatterBot Bravo reevaluating
ChatterBot Bravo reevaluating
2024-10-14 19:23:42.858666 X-ray: Zulu, sending you 1
2024-10-14 19:23:42.860712 Papa: Zulu and Mike, sending you 3
2024-10-14 19:23:42.861980 Kilo: Bravo, sending you 6
2024-10-14 19:23:42.862525 Alpha: Kilo, sending you 5
2024-10-14 19:23:42.862842 November: Zulu and X-ray, sending you 3
2024-10-14 19:23:42.863390 Zulu: Papa, November and Hotel, sending you 3
2024-10-14 19:23:42.864691 Hotel: Zulu and X-ray, sending you 3
2024-10-14 19:23:42.866704 Papa: November, Hotel, X-ray and Juliett, sending you 2
2024-10-14 19:23:42.868738 Kilo: Alpha, sending you 5
2024-10-14 19:23:42.869980 X-ray: Papa, sending you 2
2024-10-14 19:23:42.871757 Alpha: Bravo, sending you 7
2024-10-14 19:23:42.872926 November: Papa and Hotel, sending you 2
2024-10-14 19:23:42.874548 Zulu: X-ray, sending you 1
2024-10-14 19:23:42.876608 Juliett: Zulu, sending you 5
2024-10-14 19:23:42.877238 Hotel: Papa, November, Mike and Juliett, sending you 2
2024-10-14 19:23:42.878597 Kilo: X-ray, sending you 4
2024-10-14 19:23:42.879384 X-ray: November, Hotel and Mike, sending you 3
2024-10-14 19:23:42.882241 November: Juliett, sending you 7
2024-10-14 19:23:42.884331 Zulu: Mike, sending you 2
2024-10-14 19:23:42.886242 Juliett: Papa, sending you 1
2024-10-14 19:23:42.887054 Mike: Zulu and Hotel, sending you 2
2024-10-14 19:23:42.888916 X-ray: Juliett, sending you 4
2024-10-14 19:23:42.891086 Bravo: Kilo, sending you 8
2024-10-14 19:23:42.891739 Zulu: Juliett, sending you 6
2024-10-14 19:23:42.893849 Juliett: November, sending you 6
2024-10-14 19:23:42.894703 Mike: Papa, sending you 3
2024-10-14 19:23:42.896391 Bravo: Papa, sending you 1
2024-10-14 19:23:42.897863 Juliett: Hotel, sending you 2
2024-10-14 19:23:42.898663 Mike: November and Juliett, sending you 1
2024-10-14 19:23:42.901701 Bravo: Alpha, sending you 9
2024-10-14 19:23:42.902819 Juliett: X-ray, sending you 3
2024-10-14 19:23:42.903765 Mike: X-ray, sending you 4
chatterbot X-ray submitting transactions
chatterbot Papa submitting transactions
chatterbot November submitting transactions
chatterbot Mike submitting transactions
chatterbot Hotel submitting transactions
chatterbot Zulu submitting transactions
chatterbot Bravo submitting transactions
chatterbot Kilo submitting transactions
chatterbot Juliett submitting transactions
chatterbot Alpha submitting transactions
ChatterBot Zulu round 9
ChatterBot Kilo round 9
ChatterBot Papa round 9
ChatterBot Bravo round 9
ChatterBot November round 9
ChatterBot Alpha round 9
ChatterBot Hotel round 9
ChatterBot X-ray round 9
ChatterBot Mike round 9
ChatterBot Juliett round 9
2024-10-14 19:23:44.039159 Juliett: We should replace Bravo with Alpha
2024-10-14 19:23:44.057552 Zulu: No
2024-10-14 19:23:44.057744 Papa: No
2024-10-14 19:23:44.057941 Hotel: No
2024-10-14 19:23:44.058126 X-ray: No
2024-10-14 19:23:44.058251 Mike: No
2024-10-14 19:23:44.058367 November: Yes
ChatterBot Juliett reevaluating
ChatterBot Juliett reevaluating
ChatterBot Juliett reevaluating
ChatterBot Juliett reevaluating
ChatterBot Juliett reevaluating
ChatterBot Juliett reevaluating
2024-10-14 19:23:44.196932 Juliett: Alpha we want you to join our group
2024-10-14 19:23:44.203371 Alpha: No
ChatterBot Juliett reevaluating
2024-10-14 19:23:44.225534 Zulu: Papa, November and Hotel, sending you 3
2024-10-14 19:23:44.227661 Alpha: Kilo, sending you 5
2024-10-14 19:23:44.230678 November: Zulu and X-ray, sending you 3
2024-10-14 19:23:44.233243 Alpha: Bravo, sending you 7
2024-10-14 19:23:44.234275 X-ray: Zulu, sending you 1
2024-10-14 19:23:44.237154 Mike: Zulu and Hotel, sending you 2
2024-10-14 19:23:44.239179 Kilo: Bravo, sending you 6
2024-10-14 19:23:44.240278 Bravo: Kilo, sending you 8
2024-10-14 19:23:44.240857 Zulu: X-ray, sending you 1
2024-10-14 19:23:44.242889 Papa: Zulu and Mike, sending you 3
2024-10-14 19:23:44.244567 November: Papa and Hotel, sending you 2
2024-10-14 19:23:44.245165 X-ray: Papa, sending you 2
2024-10-14 19:23:44.246428 Kilo: Alpha, sending you 5
2024-10-14 19:23:44.246762 Mike: Papa, sending you 3
2024-10-14 19:23:44.248279 Bravo: Papa, sending you 1
2024-10-14 19:23:44.248837 Zulu: Mike, sending you 2
2024-10-14 19:23:44.249586 Papa: November, Hotel, X-ray and Juliett, sending you 2
2024-10-14 19:23:44.250974 November: Juliett, sending you 7
2024-10-14 19:23:44.251533 Kilo: X-ray, sending you 4
2024-10-14 19:23:44.251826 X-ray: November, Hotel and Mike, sending you 3
