ChatterBot Yankee round 1
ChatterBot November round 1
ChatterBot Alpha round 1
ChatterBot Foxtrot round 1
ChatterBot Oscar round 1
ChatterBot Uniform round 1
ChatterBot Tango round 1
ChatterBot Hotel round 1
ChatterBot Echo round 1
ChatterBot Zulu round 1
randomSelections Yankee: {Yankee, November, Uniform, Oscar, Foxtrot, Zulu} 
2024-10-14 19:23:28.620659 Yankee: We would work well together
ChatterBot November reevaluating
ChatterBot Uniform reevaluating
ChatterBot Oscar reevaluating
ChatterBot Foxtrot reevaluating
ChatterBot Zulu reevaluating
2024-10-14 19:23:28.629564 November: Yes
2024-10-14 19:23:28.630187 Uniform: Yes
2024-10-14 19:23:28.630303 Oscar: Yes
2024-10-14 19:23:28.630395 Foxtrot: Yes
2024-10-14 19:23:28.630473 Zulu: Yes
ChatterBot Uniform reevaluating
ChatterBot Oscar reevaluating
ChatterBot Foxtrot reevaluating
ChatterBot Zulu reevaluating
ChatterBot November reevaluating
ChatterBot Oscar reevaluating
ChatterBot Foxtrot reevaluating
ChatterBot Zulu reevaluating
ChatterBot November reevaluating
ChatterBot Uniform reevaluating
ChatterBot Foxtrot reevaluating
ChatterBot Zulu reevaluating
ChatterBot November reevaluating
ChatterBot Uniform reevaluating
ChatterBot Oscar reevaluating
ChatterBot Zulu reevaluating
ChatterBot November reevaluating
ChatterBot Uniform reevaluating
ChatterBot Oscar reevaluating
ChatterBot Foxtrot reevaluating
randomSelections Echo: {Echo, Alpha, Foxtrot, Oscar, Uniform, November} 
2024-10-14 19:23:28.689287 Echo: Can we be friends?
ChatterBot Alpha reevaluating
ChatterBot Foxtrot reevaluating
ChatterBot Oscar reevaluating
ChatterBot Uniform reevaluating
ChatterBot November reevaluating
2024-10-14 19:23:28.701729 Alpha: Yes
2024-10-14 19:23:28.702374 Foxtrot: No
2024-10-14 19:23:28.702513 Oscar: No
2024-10-14 19:23:28.702655 Uniform: No
2024-10-14 19:23:28.702794 November: No
ChatterBot Foxtrot reevaluating
ChatterBot Oscar reevaluating
ChatterBot Uniform reevaluating
ChatterBot November reevaluating
ChatterBot Alpha reevaluating
ChatterBot Oscar reevaluating
ChatterBot Uniform reevaluating
ChatterBot November reevaluating
ChatterBot Alpha reevaluating
ChatterBot Foxtrot reevaluating
ChatterBot Uniform reevaluating
ChatterBot November reevaluating
ChatterBot Alpha reevaluating
ChatterBot Foxtrot reevaluating
ChatterBot Oscar reevaluating
ChatterBot November reevaluating
ChatterBot Alpha reevaluating
ChatterBot Foxtrot reevaluating
ChatterBot Oscar reevaluating
ChatterBot Uniform reevaluating
randomSelections Hotel: {Hotel, Alpha, Echo, Oscar, Uniform, Tango} 
2024-10-14 19:23:28.758960 Hotel: Group up?
ChatterBot Alpha reevaluating
ChatterBot Oscar reevaluating
ChatterBot Uniform reevaluating
ChatterBot Tango reevaluating
2024-10-14 19:23:28.769211 Alpha: No
2024-10-14 19:23:28.769350 Echo: No
2024-10-14 19:23:28.769483 Oscar: No
2024-10-14 19:23:28.769623 Uniform: No
2024-10-14 19:23:28.769742 Tango: Yes
ChatterBot Oscar reevaluating
ChatterBot Uniform reevaluating
ChatterBot Tango reevaluating
ChatterBot Alpha reevaluating
ChatterBot Oscar reevaluating
ChatterBot Uniform reevaluating
ChatterBot Tango reevaluating
ChatterBot Alpha reevaluating
ChatterBot Uniform reevaluating
ChatterBot Tango reevaluating
ChatterBot Alpha reevaluating
ChatterBot Oscar reevaluating
ChatterBot Tango reevaluating
ChatterBot Alpha reevaluating
ChatterBot Oscar reevaluating
ChatterBot Uniform reevaluating
2024-10-14 19:23:28.827665 Uniform: Yankee and Foxtrot, sending you 2
2024-10-14 19:23:28.829683 November: Yankee, sending you 2
2024-10-14 19:23:28.830047 Zulu: Foxtrot, sending you 2
2024-10-14 19:23:28.831729 Foxtrot: Yankee, sending you 1
2024-10-14 19:23:28.832732 Yankee: November and Oscar, sending you 2
2024-10-14 19:23:28.833135 Uniform: November and Oscar, sending you 3
2024-10-14 19:23:28.833658 Tango: Alpha and Oscar, sending you 1
2024-10-14 19:23:28.833942 November: Oscar, sending you 5
2024-10-14 19:23:28.834744 Alpha: Foxtrot, sending you 6
2024-10-14 19:23:28.835202 Echo: November, sending you 4
2024-10-14 19:23:28.835471 Foxtrot: November and Zulu, sending you 3
2024-10-14 19:23:28.835832 Hotel: Alpha, sending you 5
2024-10-14 19:23:28.836709 Yankee: Foxtrot, sending you 4
2024-10-14 19:23:28.837719 Uniform: Zulu, sending you 4
2024-10-14 19:23:28.837983 November: Uniform, sending you 3
2024-10-14 19:23:28.838220 Alpha: Oscar, sending you 7
2024-10-14 19:23:28.838684 Tango: Uniform, sending you 2
2024-10-14 19:23:28.838952 Oscar: Yankee, sending you 2
2024-10-14 19:23:28.839231 Echo: Alpha, sending you 1
2024-10-14 19:23:28.839448 Foxtrot: Oscar, sending you 4
2024-10-14 19:23:28.839707 Hotel: Oscar, sending you 4
2024-10-14 19:23:28.840059 Yankee: Uniform and Zulu, sending you 3
2024-10-14 19:23:28.841651 Oscar: November, sending you 1
2024-10-14 19:23:28.842062 Echo: Oscar and Uniform, sending you 2
2024-10-14 19:23:28.842669 November: Zulu, sending you 4
2024-10-14 19:23:28.842971 Alpha: Uniform, sending you 1
2024-10-14 19:23:28.843213 Tango: Echo, sending you 4
2024-10-14 19:23:28.843425 Hotel: Uniform, sending you 2
2024-10-14 19:23:28.844674 Foxtrot: Uniform, sending you 6
2024-10-14 19:23:28.846666 Oscar: Foxtrot and Zulu, sending you 4
2024-10-14 19:23:28.847681 Alpha: Echo, sending you 4
2024-10-14 19:23:28.848064 Hotel: Tango, sending you 1
2024-10-14 19:23:28.851696 Oscar: Uniform, sending you 3
2024-10-14 19:23:28.852156 Hotel: Echo, sending you 3
chatterbot November submitting transactions
chatterbot Hotel submitting transactions
chatterbot Tango submitting transactions
chatterbot Oscar submitting transactions
chatterbot Echo submitting transactions
chatterbot Alpha submitting transactions
chatterbot Yankee submitting transactions
chatterbot Zulu submitting transactions
chatterbot Uniform submitting transactions
chatterbot Foxtrot submitting transactions
ChatterBot Yankee round 2
ChatterBot November round 2
ChatterBot Alpha round 2
ChatterBot Foxtrot round 2
ChatterBot Oscar round 2
ChatterBot Uniform round 2
ChatterBot Tango round 2
ChatterBot Hotel round 2
ChatterBot Echo round 2
ChatterBot Zulu round 2
2024-10-14 19:23:30.562031 Yankee: We should add Alpha
ChatterBot November reevaluating
ChatterBot Uniform reevaluating
ChatterBot Oscar reevaluating
ChatterBot Foxtrot reevaluating
ChatterBot Zulu reevaluating
2024-10-14 19:23:30.586636 November: No
2024-10-14 19:23:30.586880 Uniform: No
2024-10-14 19:23:30.587427 Oscar: Yes
2024-10-14 19:23:30.587590 Foxtrot: Yes
2024-10-14 19:23:30.587757 Zulu: No
ChatterBot Yankee reevaluating
ChatterBot Uniform reevaluating
ChatterBot Oscar reevaluating
ChatterBot Foxtrot reevaluating
ChatterBot Zulu reevaluating
ChatterBot Yankee reevaluating
ChatterBot November reevaluating
ChatterBot Oscar reevaluating
ChatterBot Foxtrot reevaluating
ChatterBot Zulu reevaluating
ChatterBot Yankee reevaluating
ChatterBot November reevaluating
ChatterBot Uniform reevaluating
ChatterBot Foxtrot reevaluating
ChatterBot Zulu reevaluating
ChatterBot Yankee reevaluating
ChatterBot November reevaluating
ChatterBot Uniform reevaluating
ChatterBot Oscar reevaluating
ChatterBot Zulu reevaluating
ChatterBot Yankee reevaluating
ChatterBot November reevaluating
ChatterBot Uniform reevaluating
ChatterBot Oscar reevaluating
ChatterBot Foxtrot reevaluating
2024-10-14 19:23:30.814775 Alpha: Let's form a team
ChatterBot Tango reevaluating
ChatterBot Hotel reevaluating
ChatterBot Echo reevaluating
2024-10-14 19:23:30.831913 Tango: Yes
2024-10-14 19:23:30.832470 Hotel: Yes
2024-10-14 19:23:30.833229 Echo: Yes
ChatterBot Hotel reevaluating
ChatterBot Echo reevaluating
ChatterBot Tango reevaluating
ChatterBot Echo reevaluating
ChatterBot Tango reevaluating
ChatterBot Hotel reevaluating
2024-10-14 19:23:30.860426 Hotel: Friends?
ChatterBot Tango reevaluating
ChatterBot Echo reevaluating
ChatterBot Zulu reevaluating
2024-10-14 19:23:30.872683 Alpha: No
2024-10-14 19:23:30.872883 Tango: No
2024-10-14 19:23:30.873152 Echo: Yes
2024-10-14 19:23:30.873321 Zulu: No
ChatterBot Hotel reevaluating
ChatterBot Tango reevaluating
ChatterBot Echo reevaluating
ChatterBot Zulu reevaluating
ChatterBot Hotel reevaluating
ChatterBot Echo reevaluating
ChatterBot Zulu reevaluating
ChatterBot Hotel reevaluating
ChatterBot Tango reevaluating
ChatterBot Zulu reevaluating
ChatterBot Hotel reevaluating
ChatterBot Tango reevaluating
ChatterBot Echo reevaluating
2024-10-14 19:23:30.940145 Oscar: Alpha we want you to join our group
2024-10-14 19:23:30.943282 Alpha: No
ChatterBot Yankee reevaluating
ChatterBot November reevaluating
2024-10-14 19:23:30.959913 Uniform: Alpha we want you to join our group
2024-10-14 19:23:30.963941 Alpha: No
ChatterBot Yankee reevaluating
ChatterBot November reevaluating
2024-10-14 19:23:30.980610 Foxtrot: Alpha we want you to join our group
2024-10-14 19:23:30.983555 Alpha: No
ChatterBot Yankee reevaluating
ChatterBot Uniform reevaluating
2024-10-14 19:23:31.127102 Alpha: Tango and Echo, sending you 5
2024-10-14 19:23:31.127516 Hotel: Alpha, Tango and Echo, sending you 5
2024-10-14 19:23:31.128459 Tango: Hotel, sending you 13
2024-10-14 19:23:31.128773 Zulu: Yankee, November, Oscar and Uniform, sending you 3
2024-10-14 19:23:31.129409 November: Echo we want you to join our group
2024-10-14 19:23:31.133065 Echo: No
ChatterBot Yankee reevaluating
ChatterBot Uniform reevaluating
2024-10-14 19:23:31.158317 Alpha: Hotel, sending you 6
2024-10-14 19:23:31.158731 Hotel: Zulu, sending you 3
2024-10-14 19:23:31.159085 Zulu: Foxtrot, sending you 1
2024-10-14 19:23:31.159898 Echo: Alpha and Tango, sending you 3
2024-10-14 19:23:31.391063 Foxtrot: Yankee and Oscar, sending you 4
2024-10-14 19:23:31.392907 Oscar: Yankee, sending you 1
2024-10-14 19:23:31.393606 Echo: Hotel, sending you 2
2024-10-14 19:23:31.432306 Oscar: November and Foxtrot, sending you 3
2024-10-14 19:23:31.433985 Foxtrot: Alpha, sending you 6
2024-10-14 19:23:31.434792 Echo: Zulu, sending you 1
2024-10-14 19:23:31.436178 November: Yankee, Foxtrot, Oscar, Uniform and Echo, sending you 3
chatterbot Foxtrot submitting transactions
2024-10-14 19:23:31.462003 Oscar: Alpha, sending you 5
2024-10-14 19:23:31.462466 Foxtrot: Uniform and Zulu, sending you 2
2024-10-14 19:23:31.463469 November: Zulu, sending you 2
2024-10-14 19:23:31.463979 Yankee: November, Foxtrot, Oscar and Uniform, sending you 3
2024-10-14 19:23:31.482526 Oscar: Uniform, sending you 2
2024-10-14 19:23:31.483063 Uniform: Yankee, sending you 3
2024-10-14 19:23:31.483556 Yankee: Zulu, sending you 2
2024-10-14 19:23:31.492809 Uniform: November, Alpha and Oscar, sending you 2
chatterbot Oscar submitting transactions
2024-10-14 19:23:31.802488 Uniform: Foxtrot, sending you 4
chatterbot Alpha submitting transactions
chatterbot Uniform submitting transactions
2024-10-14 19:23:31.829629 Uniform: Zulu, sending you 1
chatterbot Tango submitting transactions
chatterbot Yankee submitting transactions
chatterbot Echo submitting transactions
chatterbot November submitting transactions
chatterbot Hotel submitting transactions
chatterbot Zulu submitting transactions
ChatterBot Yankee round 3
ChatterBot November round 3
ChatterBot Alpha round 3
ChatterBot Foxtrot round 3
ChatterBot Oscar round 3
ChatterBot Uniform round 3
ChatterBot Tango round 3
ChatterBot Hotel round 3
ChatterBot Echo round 3
ChatterBot Zulu round 3
2024-10-14 19:23:32.617190 November: We should replace Echo with Alpha
ChatterBot Oscar reevaluating
2024-10-14 19:23:32.631723 Yankee: No
2024-10-14 19:23:32.631902 Uniform: Yes
2024-10-14 19:23:32.632025 Oscar: No
2024-10-14 19:23:32.632132 Foxtrot: Yes
2024-10-14 19:23:32.632600 Zulu: No
ChatterBot November reevaluating
ChatterBot Uniform reevaluating
ChatterBot Oscar reevaluating
ChatterBot Zulu reevaluating
ChatterBot November reevaluating
ChatterBot Oscar reevaluating
ChatterBot Zulu reevaluating
ChatterBot November reevaluating
ChatterBot Uniform reevaluating
ChatterBot Zulu reevaluating
ChatterBot November reevaluating
ChatterBot Uniform reevaluating
ChatterBot Oscar reevaluating
ChatterBot Zulu reevaluating
ChatterBot November reevaluating
ChatterBot Uniform reevaluating
ChatterBot Oscar reevaluating
2024-10-14 19:23:33.006851 Uniform: We should drop Alpha
ChatterBot November reevaluating
2024-10-14 19:23:33.031629 Yankee: Yes
2024-10-14 19:23:33.032062 November: Yes
2024-10-14 19:23:33.032897 Oscar: Yes
2024-10-14 19:23:33.033263 Foxtrot: No
2024-10-14 19:23:33.033484 Zulu: Yes
ChatterBot November reevaluating
ChatterBot November reevaluating
ChatterBot Foxtrot reevaluating
ChatterBot November reevaluating
ChatterBot November reevaluating
ChatterBot Foxtrot reevaluating
2024-10-14 19:23:33.224392 Alpha: Tango, sending you 4
2024-10-14 19:23:33.225256 Zulu: Yankee, November, Foxtrot and Uniform, sending you 3
2024-10-14 19:23:33.225866 Echo: Sending you each 3
2024-10-14 19:23:33.226773 Yankee: November, Foxtrot, Uniform and Zulu, sending you 3
2024-10-14 19:23:33.227289 Tango: Alpha, sending you 5
chatterbot Zulu submitting transactions
chatterbot Uniform submitting transactions
2024-10-14 19:23:33.275339 Alpha: Hotel and Echo, sending you 6
2024-10-14 19:23:33.275652 Zulu: Oscar, sending you 2
2024-10-14 19:23:33.276701 Tango: Hotel, sending you 6
2024-10-14 19:23:33.277022 Yankee: Oscar, sending you 2
2024-10-14 19:23:33.277884 Hotel: Alpha, sending you 6
2024-10-14 19:23:33.278154 Uniform: Yankee, November, Foxtrot and Oscar, sending you 3
2024-10-14 19:23:33.319015 Tango: Echo, sending you 4
2024-10-14 19:23:33.319716 November: Yankee, Oscar, Uniform, Echo and Zulu, sending you 3
2024-10-14 19:23:33.320095 Oscar: Yankee, Uniform and Zulu, sending you 2
2024-10-14 19:23:33.320655 Hotel: Tango, sending you 7
2024-10-14 19:23:33.321522 Uniform: Zulu, sending you 2
2024-10-14 19:23:33.339924 November: Foxtrot, sending you 2
2024-10-14 19:23:33.340463 Hotel: Echo, sending you 4
2024-10-14 19:23:33.341179 Oscar: November and Foxtrot, sending you 4
2024-10-14 19:23:33.357288 Foxtrot: Yankee and Uniform, sending you 4
2024-10-14 19:23:33.366724 Foxtrot: November and Zulu, sending you 2
2024-10-14 19:23:33.375846 Foxtrot: Oscar, sending you 6
chatterbot Echo submitting transactions
chatterbot Oscar submitting transactions
chatterbot November submitting transactions
chatterbot Alpha submitting transactions
chatterbot Tango submitting transactions
chatterbot Hotel submitting transactions
chatterbot Foxtrot submitting transactions
chatterbot Yankee submitting transactions
ChatterBot Yankee round 4
ChatterBot November round 4
ChatterBot Alpha round 4
ChatterBot Foxtrot round 4
ChatterBot Oscar round 4
ChatterBot Uniform round 4
ChatterBot Tango round 4
ChatterBot Hotel round 4
ChatterBot Echo round 4
ChatterBot Zulu round 4
2024-10-14 19:23:34.130936 November: We should drop Echo
2024-10-14 19:23:34.153022 Yankee: Yes
2024-10-14 19:23:34.153337 Uniform: Yes
2024-10-14 19:23:34.154148 Oscar: Yes
2024-10-14 19:23:34.154274 Foxtrot: Yes
2024-10-14 19:23:34.154393 Zulu: Yes
2024-10-14 19:23:34.216710 Yankee: November, Foxtrot, Uniform and Zulu, sending you 3
2024-10-14 19:23:34.217978 Foxtrot: Yankee and Uniform, sending you 4
2024-10-14 19:23:34.222703 Yankee: Oscar, sending you 2
2024-10-14 19:23:34.223737 Foxtrot: November, sending you 2
2024-10-14 19:23:34.224195 Alpha: Tango, sending you 5
2024-10-14 19:23:34.225655 Oscar: Yankee and Zulu, sending you 2
2024-10-14 19:23:34.228142 November: Yankee, Foxtrot, Uniform and Zulu, sending you 3
2024-10-14 19:23:34.228724 Foxtrot: Oscar, sending you 5
2024-10-14 19:23:34.229171 Alpha: Hotel and Echo, sending you 6
2024-10-14 19:23:34.230679 Oscar: November and Uniform, sending you 3
2024-10-14 19:23:34.232120 Uniform: Yankee, November, Foxtrot and Oscar, sending you 3
2024-10-14 19:23:34.233311 Echo: Same as last round
2024-10-14 19:23:34.233775 November: Oscar, sending you 5
2024-10-14 19:23:34.234677 Foxtrot: Zulu, sending you 3
2024-10-14 19:23:34.235307 Zulu: Yankee, November, Foxtrot and Uniform, sending you 3
2024-10-14 19:23:34.236389 Oscar: Foxtrot, sending you 4
2024-10-14 19:23:34.237163 Hotel: Alpha, sending you 6
2024-10-14 19:23:34.238032 Uniform: Zulu, sending you 2
2024-10-14 19:23:34.238801 Tango: Alpha, sending you 5
2024-10-14 19:23:34.239818 Zulu: Oscar, sending you 2
2024-10-14 19:23:34.241661 Hotel: Tango, sending you 7
2024-10-14 19:23:34.242702 Tango: Hotel, sending you 7
2024-10-14 19:23:34.257396 Hotel: Echo, sending you 5
2024-10-14 19:23:34.257881 Tango: Echo, sending you 3
chatterbot November submitting transactions
chatterbot Echo submitting transactions
chatterbot Foxtrot submitting transactions
chatterbot Uniform submitting transactions
chatterbot Alpha submitting transactions
chatterbot Yankee submitting transactions
chatterbot Oscar submitting transactions
chatterbot Zulu submitting transactions
chatterbot Hotel submitting transactions
chatterbot Tango submitting transactions
ChatterBot Yankee round 5
ChatterBot November round 5
ChatterBot Alpha round 5
ChatterBot Foxtrot round 5
ChatterBot Oscar round 5
ChatterBot Uniform round 5
ChatterBot Tango round 5
ChatterBot Hotel round 5
ChatterBot Echo round 5
ChatterBot Zulu round 5
2024-10-14 19:23:35.464807 Hotel: We should add Zulu
2024-10-14 19:23:35.474425 Alpha: No
2024-10-14 19:23:35.474694 Tango: No
2024-10-14 19:23:35.474874 Echo: No
ChatterBot Hotel reevaluating
ChatterBot Hotel reevaluating
ChatterBot Hotel reevaluating
2024-10-14 19:23:35.527266 Yankee: November, Foxtrot, Uniform and Zulu, sending you 3
2024-10-14 19:23:35.527924 Alpha: Sending you each 6
2024-10-14 19:23:35.535995 November: Yankee, Foxtrot, Uniform and Zulu, sending you 3
2024-10-14 19:23:35.536924 Yankee: Oscar, sending you 2
2024-10-14 19:23:35.569808 November: Oscar, sending you 5
2024-10-14 19:23:35.570268 Oscar: Yankee and Zulu, sending you 2
2024-10-14 19:23:35.571076 Foxtrot: Yankee and Uniform, sending you 4
2024-10-14 19:23:35.571501 Echo: Same as last round
2024-10-14 19:23:35.571804 Zulu: Yankee, November, Foxtrot and Uniform, sending you 3
2024-10-14 19:23:35.572681 Tango: Alpha, sending you 5
2024-10-14 19:23:35.580548 Uniform: Yankee, November, Foxtrot and Oscar, sending you 3
2024-10-14 19:23:35.581160 Foxtrot: November, sending you 2
2024-10-14 19:23:35.582284 Oscar: November and Uniform, sending you 3
2024-10-14 19:23:35.582931 Tango: Hotel, sending you 7
2024-10-14 19:23:35.583326 Hotel: Alpha, sending you 6
2024-10-14 19:23:35.584146 Zulu: Oscar, sending you 2
2024-10-14 19:23:35.584721 Uniform: Zulu, sending you 2
2024-10-14 19:23:35.590951 Foxtrot: Oscar, sending you 5
2024-10-14 19:23:35.591899 Tango: Echo, sending you 3
2024-10-14 19:23:35.592181 Oscar: Foxtrot, sending you 4
2024-10-14 19:23:35.592578 Hotel: Tango, sending you 7
2024-10-14 19:23:35.602950 Foxtrot: Zulu, sending you 3
2024-10-14 19:23:35.604067 Hotel: Echo, sending you 5
chatterbot November submitting transactions
chatterbot Yankee submitting transactions
chatterbot Zulu submitting transactions
chatterbot Echo submitting transactions
chatterbot Tango submitting transactions
chatterbot Alpha submitting transactions
chatterbot Foxtrot submitting transactions
chatterbot Oscar submitting transactions
chatterbot Hotel submitting transactions
chatterbot Uniform submitting transactions
ChatterBot Yankee round 6
ChatterBot November round 6
ChatterBot Alpha round 6
ChatterBot Foxtrot round 6
ChatterBot Oscar round 6
ChatterBot Uniform round 6
ChatterBot Tango round 6
ChatterBot Hotel round 6
ChatterBot Echo round 6
ChatterBot Zulu round 6
2024-10-14 19:23:36.763227 Hotel: We should add November
ChatterBot Echo reevaluating
2024-10-14 19:23:36.775304 Alpha: No
2024-10-14 19:23:36.775513 Tango: No
2024-10-14 19:23:36.776125 Echo: Yes
ChatterBot Hotel reevaluating
ChatterBot Echo reevaluating
ChatterBot Hotel reevaluating
ChatterBot Echo reevaluating
ChatterBot Hotel reevaluating
2024-10-14 19:23:36.830685 Yankee: November, Foxtrot, Uniform and Zulu, sending you 3
2024-10-14 19:23:36.834881 November: Yankee, Foxtrot, Uniform and Zulu, sending you 3
2024-10-14 19:23:36.836314 Alpha: Tango and Echo, sending you 6
2024-10-14 19:23:36.837290 Yankee: Oscar, sending you 2
2024-10-14 19:23:36.841912 Tango: Alpha, sending you 5
2024-10-14 19:23:36.842414 November: Oscar, sending you 5
2024-10-14 19:23:36.843671 Alpha: Hotel, sending you 7
2024-10-14 19:23:36.845737 Oscar: Yankee, sending you 2
2024-10-14 19:23:36.850898 Tango: Hotel, sending you 6
2024-10-14 19:23:36.851412 Uniform: Yankee, November, Foxtrot and Oscar, sending you 3
2024-10-14 19:23:36.852643 Foxtrot: Yankee, November and Zulu, sending you 3
2024-10-14 19:23:36.853801 Echo: Same as last round
2024-10-14 19:23:36.854226 Oscar: November and Foxtrot, sending you 4
2024-10-14 19:23:36.855437 Tango: Echo, sending you 4
2024-10-14 19:23:36.855868 Uniform: Zulu, sending you 2
2024-10-14 19:23:36.857071 Hotel: Alpha, sending you 6
2024-10-14 19:23:36.857497 Foxtrot: Oscar, sending you 5
2024-10-14 19:23:36.860466 Zulu: Yankee, November, Foxtrot and Uniform, sending you 3
2024-10-14 19:23:36.861603 Oscar: Uniform, sending you 3
2024-10-14 19:23:36.862327 Hotel: Tango, sending you 7
2024-10-14 19:23:36.863706 Foxtrot: Uniform, sending you 4
2024-10-14 19:23:36.865336 Zulu: Oscar, sending you 2
2024-10-14 19:23:36.867901 Hotel: Echo, sending you 5
2024-10-14 19:23:36.868653 Oscar: Zulu, sending you 1
chatterbot November submitting transactions
chatterbot Alpha submitting transactions
chatterbot Zulu submitting transactions
chatterbot Oscar submitting transactions
chatterbot Tango submitting transactions
chatterbot Hotel submitting transactions
chatterbot Foxtrot submitting transactions
chatterbot Yankee submitting transactions
chatterbot Echo submitting transactions
chatterbot Uniform submitting transactions
ChatterBot Yankee round 7
ChatterBot November round 7
ChatterBot Alpha round 7
ChatterBot Foxtrot round 7
ChatterBot Oscar round 7
ChatterBot Uniform round 7
ChatterBot Tango round 7
ChatterBot Hotel round 7
ChatterBot Echo round 7
ChatterBot Zulu round 7
2024-10-14 19:23:38.021921 Hotel: We should add Yankee
2024-10-14 19:23:38.031380 Alpha: No
2024-10-14 19:23:38.031519 Tango: No
2024-10-14 19:23:38.031651 Echo: No
ChatterBot Hotel reevaluating
ChatterBot Hotel reevaluating
ChatterBot Hotel reevaluating
2024-10-14 19:23:38.057350 Hotel: We should add Uniform
2024-10-14 19:23:38.063045 Alpha: No
2024-10-14 19:23:38.063200 Tango: No
2024-10-14 19:23:38.063306 Echo: No
ChatterBot Hotel reevaluating
ChatterBot Hotel reevaluating
ChatterBot Hotel reevaluating
2024-10-14 19:23:38.082491 Alpha: Tango and Echo, sending you 6
2024-10-14 19:23:38.085663 Alpha: Hotel, sending you 7
2024-10-14 19:23:38.086050 Tango: Alpha, sending you 5
2024-10-14 19:23:38.087005 Oscar: Yankee, sending you 2
2024-10-14 19:23:38.087874 Yankee: November, Foxtrot, Uniform and Zulu, sending you 3
2024-10-14 19:23:38.088470 November: Yankee, Foxtrot, Uniform and Zulu, sending you 3
2024-10-14 19:23:38.089401 Foxtrot: Yankee, November and Zulu, sending you 3
2024-10-14 19:23:38.090039 Tango: Hotel, sending you 7
2024-10-14 19:23:38.091894 Oscar: November and Foxtrot, sending you 4
2024-10-14 19:23:38.092730 November: Oscar, sending you 5
2024-10-14 19:23:38.093685 Yankee: Oscar, sending you 2
2024-10-14 19:23:38.095410 Foxtrot: Oscar, sending you 5
2024-10-14 19:23:38.096926 Tango: Echo, sending you 3
2024-10-14 19:23:38.097538 Oscar: Uniform, sending you 3
2024-10-14 19:23:38.099687 Foxtrot: Uniform, sending you 4
2024-10-14 19:23:38.100908 Oscar: Zulu, sending you 1
2024-10-14 19:23:38.102149 Zulu: Yankee, November, Foxtrot and Uniform, sending you 3
2024-10-14 19:23:38.103147 Echo: Same as last round
2024-10-14 19:23:38.104185 Uniform: Yankee, Foxtrot, Oscar and Zulu, sending you 3
2024-10-14 19:23:38.105929 Hotel: Alpha, sending you 6
2024-10-14 19:23:38.106680 Zulu: Oscar, sending you 2
2024-10-14 19:23:38.108673 Uniform: November, sending you 2
2024-10-14 19:23:38.110019 Hotel: Tango, sending you 7
2024-10-14 19:23:38.113686 Hotel: Echo, sending you 5
chatterbot Yankee submitting transactions
chatterbot Uniform submitting transactions
chatterbot Zulu submitting transactions
chatterbot Hotel submitting transactions
chatterbot Echo submitting transactions
chatterbot Foxtrot submitting transactions
chatterbot Alpha submitting transactions
chatterbot November submitting transactions
chatterbot Oscar submitting transactions
chatterbot Tango submitting transactions
ChatterBot Yankee round 8
ChatterBot November round 8
ChatterBot Alpha round 8
ChatterBot Foxtrot round 8
ChatterBot Oscar round 8
ChatterBot Uniform round 8
ChatterBot Tango round 8
ChatterBot Hotel round 8
ChatterBot Echo round 8
ChatterBot Zulu round 8
2024-10-14 19:23:39.376605 Yankee: November, Foxtrot, Uniform and Zulu, sending you 3
2024-10-14 19:23:39.395774 Oscar: Yankee, sending you 2
2024-10-14 19:23:39.397345 Yankee: Oscar, sending you 2
2024-10-14 19:23:39.398921 Alpha: Tango and Echo, sending you 6
2024-10-14 19:23:39.399455 November: Yankee, Foxtrot, Uniform and Zulu, sending you 3
2024-10-14 19:23:39.400951 Echo: Same as last round
2024-10-14 19:23:39.401558 Uniform: Yankee, Foxtrot, Oscar and Zulu, sending you 3
2024-10-14 19:23:39.405425 Oscar: November and Foxtrot, sending you 4
2024-10-14 19:23:39.409112 Alpha: Hotel, sending you 7
2024-10-14 19:23:39.411707 Hotel: Alpha, sending you 6
2024-10-14 19:23:39.414916 Foxtrot: Yankee, November and Zulu, sending you 3
2024-10-14 19:23:39.419015 Tango: Alpha, sending you 5
2024-10-14 19:23:39.421313 Zulu: Yankee, November, Foxtrot and Uniform, sending you 3
2024-10-14 19:23:39.424320 November: Oscar, sending you 5
2024-10-14 19:23:39.427114 Uniform: November, sending you 2
2024-10-14 19:23:39.429282 Oscar: Uniform, sending you 3
2024-10-14 19:23:39.432538 Hotel: Tango, sending you 7
2024-10-14 19:23:39.434991 Foxtrot: Oscar, sending you 5
2024-10-14 19:23:39.437917 Tango: Hotel, sending you 6
2024-10-14 19:23:39.438868 Zulu: Oscar, sending you 2
2024-10-14 19:23:39.442148 Oscar: Zulu, sending you 1
2024-10-14 19:23:39.444195 Hotel: Echo, sending you 5
2024-10-14 19:23:39.445683 Tango: Echo, sending you 4
2024-10-14 19:23:39.447338 Foxtrot: Uniform, sending you 4
chatterbot Uniform submitting transactions
chatterbot Tango submitting transactions
chatterbot Alpha submitting transactions
chatterbot November submitting transactions
chatterbot Oscar submitting transactions
chatterbot Zulu submitting transactions
chatterbot Hotel submitting transactions
chatterbot Yankee submitting transactions
chatterbot Echo submitting transactions
chatterbot Foxtrot submitting transactions
ChatterBot Yankee round 9
ChatterBot November round 9
ChatterBot Alpha round 9
ChatterBot Foxtrot round 9
ChatterBot Oscar round 9
ChatterBot Uniform round 9
ChatterBot Tango round 9
ChatterBot Hotel round 9
ChatterBot Echo round 9
ChatterBot Zulu round 9
2024-10-14 19:23:40.603402 Hotel: We should add Foxtrot
2024-10-14 19:23:40.612417 Alpha: No
2024-10-14 19:23:40.613182 Tango: No
2024-10-14 19:23:40.613361 Echo: No
ChatterBot Hotel reevaluating
ChatterBot Hotel reevaluating
ChatterBot Hotel reevaluating
2024-10-14 19:23:40.648797 Hotel: We should add Oscar
ChatterBot Echo reevaluating
2024-10-14 19:23:40.655648 Alpha: No
2024-10-14 19:23:40.655811 Tango: No
2024-10-14 19:23:40.655945 Echo: No
ChatterBot Hotel reevaluating
ChatterBot Echo reevaluating
ChatterBot Hotel reevaluating
ChatterBot Echo reevaluating
ChatterBot Hotel reevaluating
2024-10-14 19:23:40.678867 November: Yankee, Foxtrot, Uniform and Zulu, sending you 3
2024-10-14 19:23:40.681673 Alpha: Tango and Echo, sending you 6
2024-10-14 19:23:40.683308 Yankee: November, Foxtrot, Uniform and Zulu, sending you 3
2024-10-14 19:23:40.684175 November: Oscar, sending you 5
2024-10-14 19:23:40.685725 Oscar: Yankee, sending you 2
2024-10-14 19:23:40.687340 Foxtrot: Yankee, November and Zulu, sending you 3
2024-10-14 19:23:40.688352 Uniform: Yankee, Foxtrot, Oscar and Zulu, sending you 3
2024-10-14 19:23:40.689806 Alpha: Hotel, sending you 7
2024-10-14 19:23:40.690469 Yankee: Oscar, sending you 2
2024-10-14 19:23:40.691909 Oscar: November and Foxtrot, sending you 4
2024-10-14 19:23:40.693450 Foxtrot: Oscar, sending you 5
2024-10-14 19:23:40.695630 Uniform: November, sending you 2
2024-10-14 19:23:40.697806 Oscar: Uniform, sending you 3
2024-10-14 19:23:40.700170 Zulu: Yankee, November, Foxtrot and Uniform, sending you 3
2024-10-14 19:23:40.703085 Foxtrot: Uniform, sending you 4
2024-10-14 19:23:40.705720 Oscar: Zulu, sending you 1
2024-10-14 19:23:40.707953 Zulu: Oscar, sending you 2
2024-10-14 19:23:40.710251 Hotel: Alpha, sending you 6
2024-10-14 19:23:40.711147 Tango: Alpha, sending you 5
2024-10-14 19:23:40.715052 Hotel: Tango, sending you 7
2024-10-14 19:23:40.715988 Echo: Same as last round
2024-10-14 19:23:40.717362 Tango: Hotel, sending you 6
2024-10-14 19:23:40.720664 Hotel: Echo, sending you 5
2024-10-14 19:23:40.722002 Tango: Echo, sending you 4
chatterbot Uniform submitting transactions
chatterbot Yankee submitting transactions
chatterbot Foxtrot submitting transactions
chatterbot Zulu submitting transactions
chatterbot Hotel submitting transactions
chatterbot Echo submitting transactions
chatterbot November submitting transactions
chatterbot Oscar submitting transactions
chatterbot Alpha submitting transactions
chatterbot Tango submitting transactions
ChatterBot Yankee round 10
ChatterBot November round 10
ChatterBot Alpha round 10
ChatterBot Foxtrot round 10
ChatterBot Oscar round 10
ChatterBot Uniform round 10
ChatterBot Tango round 10
ChatterBot Hotel round 10
ChatterBot Echo round 10
ChatterBot Zulu round 10
2024-10-14 19:23:41.810303 Hotel: We should add November
2024-10-14 19:23:41.817622 Alpha: No
2024-10-14 19:23:41.817831 Tango: No
2024-10-14 19:23:41.817960 Echo: No
ChatterBot Hotel reevaluating
ChatterBot Hotel reevaluating
ChatterBot Hotel reevaluating
2024-10-14 19:23:41.843683 Foxtrot: Yankee, November and Zulu, sending you 3
2024-10-14 19:23:41.844670 November: Yankee, Foxtrot, Uniform and Zulu, sending you 3
2024-10-14 19:23:41.845684 Alpha: Tango and Echo, sending you 6
2024-10-14 19:23:41.846675 Foxtrot: Oscar, sending you 5
2024-10-14 19:23:41.847682 November: Oscar, sending you 5
2024-10-14 19:23:41.848678 Alpha: Hotel, sending you 7
2024-10-14 19:23:41.849678 Foxtrot: Uniform, sending you 4
2024-10-14 19:23:41.850925 Zulu: Yankee, November, Foxtrot and Uniform, sending you 3
2024-10-14 19:23:41.853677 Uniform: Yankee, Foxtrot, Oscar and Zulu, sending you 3
2024-10-14 19:23:41.854726 Tango: Alpha, sending you 5
2024-10-14 19:23:41.855769 Zulu: Oscar, sending you 2
2024-10-14 19:23:41.859715 Uniform: November, sending you 2
2024-10-14 19:23:41.860998 Yankee: November, Foxtrot, Uniform and Zulu, sending you 3
2024-10-14 19:23:41.861890 Tango: Hotel, sending you 6
2024-10-14 19:23:41.862687 Hotel: Alpha, sending you 6
2024-10-14 19:23:41.863103 Oscar: Yankee, sending you 2
2024-10-14 19:23:41.864693 Echo: Same as last round
2024-10-14 19:23:41.865684 Tango: Echo, sending you 4
2024-10-14 19:23:41.866679 Yankee: Oscar, sending you 2
2024-10-14 19:23:41.867743 Hotel: Tango, sending you 7
2024-10-14 19:23:41.868334 Oscar: November and Foxtrot, sending you 4
2024-10-14 19:23:41.871664 Hotel: Echo, sending you 5
2024-10-14 19:23:41.874659 Oscar: Uniform, sending you 3
2024-10-14 19:23:41.878655 Oscar: Zulu, sending you 1
chatterbot Uniform submitting transactions
chatterbot Zulu submitting transactions
chatterbot Tango submitting transactions
chatterbot Echo submitting transactions
chatterbot Hotel submitting transactions
chatterbot Foxtrot submitting transactions
chatterbot Yankee submitting transactions
chatterbot Alpha submitting transactions
chatterbot November submitting transactions
chatterbot Oscar submitting transactions
ChatterBot Yankee round 11
ChatterBot November round 11
ChatterBot Alpha round 11
ChatterBot Foxtrot round 11
ChatterBot Oscar round 11
ChatterBot Uniform round 11
ChatterBot Tango round 11
ChatterBot Hotel round 11
ChatterBot Echo round 11
ChatterBot Zulu round 11
2024-10-14 19:23:43.004654 November: Yankee, Foxtrot, Uniform and Zulu, sending you 3
2024-10-14 19:23:43.009649 Uniform: Yankee, Foxtrot, Oscar and Zulu, sending you 3
2024-10-14 19:23:43.010667 November: Oscar, sending you 5
2024-10-14 19:23:43.011813 Oscar: Yankee, sending you 2
2024-10-14 19:23:43.013026 Tango: Alpha, sending you 5
2024-10-14 19:23:43.013558 Uniform: November, sending you 2
2024-10-14 19:23:43.014749 Echo: Yankee, Tango and Hotel, sending you 2
2024-10-14 19:23:43.015665 Oscar: November and Foxtrot, sending you 4
2024-10-14 19:23:43.016375 Tango: Hotel, sending you 6
2024-10-14 19:23:43.017974 Alpha: Tango and Echo, sending you 6
2024-10-14 19:23:43.018397 Echo: Alpha, sending you 3
2024-10-14 19:23:43.018778 Oscar: Uniform, sending you 3
2024-10-14 19:23:43.020657 Alpha: Hotel, sending you 7
2024-10-14 19:23:43.021670 Tango: Echo, sending you 4
2024-10-14 19:23:43.022092 Oscar: Zulu, sending you 1
2024-10-14 19:23:43.022802 Foxtrot: Yankee, November and Zulu, sending you 3
2024-10-14 19:23:43.024698 Yankee: November, Foxtrot, Uniform and Zulu, sending you 3
2024-10-14 19:23:43.025593 Zulu: Yankee, November, Foxtrot and Uniform, sending you 3
2024-10-14 19:23:43.027671 Foxtrot: Oscar, sending you 5
2024-10-14 19:23:43.028678 Yankee: Oscar, sending you 2
2024-10-14 19:23:43.029721 Zulu: Oscar, sending you 2
2024-10-14 19:23:43.031670 Foxtrot: Uniform, sending you 4
chatterbot Hotel submitting transactions
chatterbot Oscar submitting transactions
chatterbot November submitting transactions
chatterbot Zulu submitting transactions
chatterbot Echo submitting transactions
chatterbot Uniform submitting transactions
chatterbot Foxtrot submitting transactions
chatterbot Yankee submitting transactions
chatterbot Alpha submitting transactions
chatterbot Tango submitting transactions
ChatterBot Yankee round 12
ChatterBot November round 12
ChatterBot Alpha round 12
ChatterBot Foxtrot round 12
ChatterBot Oscar round 12
ChatterBot Uniform round 12
ChatterBot Tango round 12
2024-10-14 19:23:44.127651 Yankee: We should add Tango
ChatterBot November reevaluating
2024-10-14 19:23:44.151909 November: No
2024-10-14 19:23:44.152147 Uniform: No
2024-10-14 19:23:44.152339 Oscar: No
2024-10-14 19:23:44.152549 Foxtrot: No
2024-10-14 19:23:44.153237 Zulu: No
ChatterBot Yankee reevaluating
ChatterBot Yankee reevaluating
ChatterBot November reevaluating
ChatterBot Yankee reevaluating
ChatterBot November reevaluating
ChatterBot Yankee reevaluating
ChatterBot November reevaluating
ChatterBot Yankee reevaluating
ChatterBot November reevaluating
ChatterBot Hotel round 12
ChatterBot Echo round 12
ChatterBot Zulu round 12
2024-10-14 19:23:44.285098 Yankee: We should add Alpha
ChatterBot November reevaluating
2024-10-14 19:23:44.307427 November: No
2024-10-14 19:23:44.307720 Uniform: No
2024-10-14 19:23:44.307917 Oscar: No
2024-10-14 19:23:44.308088 Foxtrot: No
2024-10-14 19:23:44.308246 Zulu: No
ChatterBot Yankee reevaluating
ChatterBot Uniform reevaluating
ChatterBot Yankee reevaluating
ChatterBot November reevaluating
ChatterBot Yankee reevaluating
ChatterBot November reevaluating
ChatterBot Uniform reevaluating
ChatterBot Yankee reevaluating
ChatterBot November reevaluating
ChatterBot Uniform reevaluating
ChatterBot Yankee reevaluating
ChatterBot November reevaluating
ChatterBot Uniform reevaluating
2024-10-14 19:23:44.402814 Yankee: We should add Echo
ChatterBot November reevaluating
ChatterBot Uniform reevaluating
2024-10-14 19:23:44.414874 November: Yes
2024-10-14 19:23:44.415010 Uniform: No
2024-10-14 19:23:44.415116 Oscar: No
2024-10-14 19:23:44.415244 Foxtrot: No
2024-10-14 19:23:44.415340 Zulu: No
ChatterBot Yankee reevaluating
ChatterBot Uniform reevaluating
ChatterBot Foxtrot reevaluating
ChatterBot Zulu reevaluating
ChatterBot Yankee reevaluating
ChatterBot November reevaluating
ChatterBot Foxtrot reevaluating
ChatterBot Zulu reevaluating
ChatterBot Yankee reevaluating
ChatterBot November reevaluating
ChatterBot Uniform reevaluating
ChatterBot Foxtrot reevaluating
ChatterBot Zulu reevaluating
ChatterBot Yankee reevaluating
ChatterBot November reevaluating
ChatterBot Uniform reevaluating
ChatterBot Zulu reevaluating
ChatterBot Yankee reevaluating
ChatterBot November reevaluating
ChatterBot Uniform reevaluating
ChatterBot Foxtrot reevaluating
2024-10-14 19:23:44.488684 November: Alpha we want you to join our group
2024-10-14 19:23:44.491941 Alpha: No
ChatterBot Yankee reevaluating
ChatterBot November reevaluating
2024-10-14 19:23:44.539736 Foxtrot: Yankee, November and Zulu, sending you 3
2024-10-14 19:23:44.541257 Oscar: Yankee and Zulu, sending you 1
2024-10-14 19:23:44.543323 Alpha: Tango, sending you 7
2024-10-14 19:23:44.543921 Uniform: Yankee, Foxtrot and Oscar, sending you 3
2024-10-14 19:23:44.547598 Foxtrot: Oscar, sending you 5
2024-10-14 19:23:44.548856 Yankee: Echo we want you to join our group
2024-10-14 19:23:44.559892 Echo: No
ChatterBot November reevaluating
ChatterBot Yankee reevaluating
ChatterBot Foxtrot reevaluating
2024-10-14 19:23:44.604389 Oscar: November and Foxtrot, sending you 4
2024-10-14 19:23:44.605570 Alpha: Hotel and Echo, sending you 6
2024-10-14 19:23:44.606330 Uniform: November and Zulu, sending you 2
2024-10-14 19:23:44.608190 Oscar: Uniform, sending you 2
2024-10-14 19:23:44.608996 Oscar: I was attacked by Hotel
ChatterBot Yankee reevaluating
ChatterBot November reevaluating
ChatterBot Uniform reevaluating
ChatterBot Foxtrot reevaluating
ChatterBot Zulu reevaluating
2024-10-14 19:23:44.625097 Oscar: Ow
2024-10-14 19:23:44.626748 Echo: November, Tango and Hotel, sending you 2
2024-10-14 19:23:44.627455 Hotel: Alpha and Echo, sending you 5
2024-10-14 19:23:44.630714 Echo: Alpha, sending you 3
2024-10-14 19:23:44.631731 Hotel: Tango, sending you 6
2024-10-14 19:23:44.635881 Foxtrot: We should drop Echo
ChatterBot Yankee reevaluating
ChatterBot November reevaluating
ChatterBot Uniform reevaluating
ChatterBot Zulu reevaluating
2024-10-14 19:23:44.654458 Yankee: No
2024-10-14 19:23:44.654799 November: No
2024-10-14 19:23:44.655496 Uniform: No
2024-10-14 19:23:44.655702 Oscar: Yes
2024-10-14 19:23:44.655917 Zulu: Yes
ChatterBot November reevaluating
ChatterBot Uniform reevaluating
ChatterBot Foxtrot reevaluating
ChatterBot Zulu reevaluating
ChatterBot Yankee reevaluating
ChatterBot Uniform reevaluating
ChatterBot Foxtrot reevaluating
ChatterBot Zulu reevaluating
ChatterBot Yankee reevaluating
ChatterBot November reevaluating
ChatterBot Foxtrot reevaluating
ChatterBot Zulu reevaluating
ChatterBot Yankee reevaluating
ChatterBot November reevaluating
ChatterBot Uniform reevaluating
ChatterBot Foxtrot reevaluating
ChatterBot Zulu reevaluating
ChatterBot Yankee reevaluating
ChatterBot November reevaluating
ChatterBot Uniform reevaluating
ChatterBot Foxtrot reevaluating
chatterbot Oscar submitting transactions
2024-10-14 19:23:44.793680 November: Yankee, Foxtrot, Oscar and Zulu, sending you 2
2024-10-14 19:23:44.797258 Uniform: Sorry, I'm actually sending you 0
2024-10-14 19:23:44.800683 Uniform: Yankee, November, Foxtrot and Oscar, sending you 2
2024-10-14 19:23:44.803875 November: Uniform, sending you 1
2024-10-14 19:23:44.808676 Yankee: November, Oscar, Echo and Zulu, sending you 1
2024-10-14 19:23:44.814299 Yankee: Foxtrot and Uniform, sending you 2
chatterbot Echo submitting transactions
chatterbot Hotel submitting transactions
chatterbot Tango submitting transactions
chatterbot Alpha submitting transactions
chatterbot Zulu submitting transactions
chatterbot November submitting transactions
chatterbot Foxtrot submitting transactions
chatterbot Uniform submitting transactions
chatterbot Yankee submitting transactions
ChatterBot Yankee round 13
ChatterBot November round 13
ChatterBot Alpha round 13
ChatterBot Foxtrot round 13
ChatterBot Oscar round 13
ChatterBot Uniform round 13
ChatterBot Tango round 13
ChatterBot Hotel round 13
ChatterBot Echo round 13
ChatterBot Zulu round 13
