ChatterBot Oscar round 1
ChatterBot India round 1
ChatterBot Charlie round 1
ChatterBot Juliett round 1
ChatterBot Foxtrot round 1
ChatterBot Tango round 1
ChatterBot Hotel round 1
ChatterBot Lima round 1
ChatterBot Yankee round 1
ChatterBot Whiskey round 1
randomSelections India: {India, Oscar, Juliett, Yankee, Foxtrot, Whiskey} 
2024-10-14 19:23:28.671848 India: Let's form a team
ChatterBot Oscar reevaluating
ChatterBot Juliett reevaluating
ChatterBot Yankee reevaluating
ChatterBot Foxtrot reevaluating
ChatterBot Whiskey reevaluating
2024-10-14 19:23:28.683312 Oscar: Yes
2024-10-14 19:23:28.683451 Juliett: Yes
2024-10-14 19:23:28.683557 Yankee: Yes
2024-10-14 19:23:28.683666 Foxtrot: Yes
2024-10-14 19:23:28.683779 Whiskey: Yes
ChatterBot Juliett reevaluating
ChatterBot Yankee reevaluating
ChatterBot Foxtrot reevaluating
ChatterBot Whiskey reevaluating
ChatterBot Oscar reevaluating
ChatterBot Yankee reevaluating
ChatterBot Foxtrot reevaluating
ChatterBot Whiskey reevaluating
ChatterBot Oscar reevaluating
ChatterBot Juliett reevaluating
ChatterBot Foxtrot reevaluating
ChatterBot Whiskey reevaluating
ChatterBot Oscar reevaluating
ChatterBot Juliett reevaluating
ChatterBot Yankee reevaluating
ChatterBot Whiskey reevaluating
ChatterBot Oscar reevaluating
ChatterBot Juliett reevaluating
ChatterBot Yankee reevaluating
ChatterBot Foxtrot reevaluating
randomSelections Charlie: {Charlie, Yankee, Hotel, Foxtrot, India, Whiskey} 
2024-10-14 19:23:28.729847 Charlie: Friends?
ChatterBot Yankee reevaluating
ChatterBot Hotel reevaluating
ChatterBot Foxtrot reevaluating
ChatterBot Whiskey reevaluating
2024-10-14 19:23:28.739907 Yankee: No
2024-10-14 19:23:28.740063 Hotel: Yes
2024-10-14 19:23:28.740184 Foxtrot: No
2024-10-14 19:23:28.740307 India: No
2024-10-14 19:23:28.740440 Whiskey: No
ChatterBot Hotel reevaluating
ChatterBot Foxtrot reevaluating
ChatterBot Whiskey reevaluating
ChatterBot Yankee reevaluating
ChatterBot Foxtrot reevaluating
ChatterBot Whiskey reevaluating
ChatterBot Yankee reevaluating
ChatterBot Hotel reevaluating
ChatterBot Whiskey reevaluating
ChatterBot Yankee reevaluating
ChatterBot Hotel reevaluating
ChatterBot Foxtrot reevaluating
ChatterBot Whiskey reevaluating
ChatterBot Yankee reevaluating
ChatterBot Hotel reevaluating
ChatterBot Foxtrot reevaluating
randomSelections Tango: {Tango, Juliett, Whiskey, Lima, Hotel, Charlie} 
2024-10-14 19:23:28.796071 Tango: Friends?
ChatterBot Juliett reevaluating
ChatterBot Whiskey reevaluating
ChatterBot Lima reevaluating
ChatterBot Hotel reevaluating
2024-10-14 19:23:28.805051 Juliett: No
2024-10-14 19:23:28.805190 Whiskey: No
2024-10-14 19:23:28.805296 Lima: Yes
2024-10-14 19:23:28.805389 Hotel: No
2024-10-14 19:23:28.805488 Charlie: No
ChatterBot Whiskey reevaluating
ChatterBot Lima reevaluating
ChatterBot Hotel reevaluating
ChatterBot Juliett reevaluating
ChatterBot Lima reevaluating
ChatterBot Hotel reevaluating
ChatterBot Juliett reevaluating
ChatterBot Whiskey reevaluating
ChatterBot Hotel reevaluating
ChatterBot Juliett reevaluating
ChatterBot Whiskey reevaluating
ChatterBot Lima reevaluating
ChatterBot Juliett reevaluating
ChatterBot Whiskey reevaluating
ChatterBot Lima reevaluating
ChatterBot Hotel reevaluating
2024-10-14 19:23:28.847670 Yankee: Oscar, sending you 3
2024-10-14 19:23:28.848679 Charlie: India and Foxtrot, sending you 3
2024-10-14 19:23:28.849005 India: Oscar and Yankee, sending you 2
2024-10-14 19:23:28.851710 Whiskey: Oscar and Juliett, sending you 1
2024-10-14 19:23:28.852106 Charlie: Hotel, sending you 6
2024-10-14 19:23:28.852339 India: Juliett, sending you 6
2024-10-14 19:23:28.852677 Yankee: India, Foxtrot and Whiskey, sending you 4
2024-10-14 19:23:28.854655 Oscar: India, sending you 3
2024-10-14 19:23:28.855070 Tango: Whiskey, sending you 1
2024-10-14 19:23:28.855309 Hotel: India and Yankee, sending you 3
2024-10-14 19:23:28.855519 Juliett: Oscar and Whiskey, sending you 2
2024-10-14 19:23:28.855748 Whiskey: India, sending you 4
2024-10-14 19:23:28.856012 Charlie: Yankee, sending you 4
2024-10-14 19:23:28.856229 India: Foxtrot, sending you 4
2024-10-14 19:23:28.857658 Foxtrot: Oscar, sending you 7
2024-10-14 19:23:28.857963 Oscar: Juliett, sending you 1
2024-10-14 19:23:28.858195 Hotel: Charlie, sending you 1
2024-10-14 19:23:28.858707 Whiskey: Foxtrot, sending you 3
2024-10-14 19:23:28.859005 India: Whiskey, sending you 1
2024-10-14 19:23:28.860654 Juliett: India, Foxtrot and Yankee, sending you 3
2024-10-14 19:23:28.861049 Charlie: Whiskey, sending you 2
2024-10-14 19:23:28.861675 Lima: Charlie, sending you 2
2024-10-14 19:23:28.862006 Foxtrot: India and Juliett, sending you 2
2024-10-14 19:23:28.862258 Oscar: Foxtrot, sending you 2
2024-10-14 19:23:28.862484 Whiskey: Yankee, sending you 5
2024-10-14 19:23:28.862773 Hotel: Foxtrot, sending you 2
2024-10-14 19:23:28.864687 Oscar: Yankee, sending you 7
2024-10-14 19:23:28.866670 Lima: Juliett, sending you 4
2024-10-14 19:23:28.868227 Hotel: Whiskey, sending you 6
2024-10-14 19:23:28.868671 Oscar: Whiskey, sending you 4
2024-10-14 19:23:28.870667 Lima: Hotel, sending you 7
2024-10-14 19:23:28.874661 Lima: Whiskey, sending you 1
chatterbot Whiskey submitting transactions
chatterbot India submitting transactions
chatterbot Hotel submitting transactions
chatterbot Oscar submitting transactions
chatterbot Lima submitting transactions
chatterbot Yankee submitting transactions
chatterbot Tango submitting transactions
chatterbot Juliett submitting transactions
chatterbot Charlie submitting transactions
chatterbot Foxtrot submitting transactions
ChatterBot Oscar round 2
ChatterBot India round 2
ChatterBot Charlie round 2
ChatterBot Juliett round 2
ChatterBot Foxtrot round 2
ChatterBot Tango round 2
ChatterBot Hotel round 2
ChatterBot Lima round 2
ChatterBot Yankee round 2
ChatterBot Whiskey round 2
2024-10-14 19:23:30.513334 India: Group up?
ChatterBot Oscar reevaluating
ChatterBot Juliett reevaluating
ChatterBot Foxtrot reevaluating
ChatterBot Yankee reevaluating
ChatterBot Whiskey reevaluating
ChatterBot Charlie reevaluating
ChatterBot Hotel reevaluating
ChatterBot Lima reevaluating
2024-10-14 19:23:30.559853 Oscar: No
2024-10-14 19:23:30.560359 Juliett: No
2024-10-14 19:23:30.560480 Foxtrot: No
2024-10-14 19:23:30.560586 Yankee: No
2024-10-14 19:23:30.560695 Whiskey: Yes
2024-10-14 19:23:30.560796 Charlie: No
2024-10-14 19:23:30.560904 Hotel: No
2024-10-14 19:23:30.561 Lima: No
ChatterBot Juliett reevaluating
ChatterBot Foxtrot reevaluating
ChatterBot Yankee reevaluating
ChatterBot Whiskey reevaluating
ChatterBot Charlie reevaluating
ChatterBot Hotel reevaluating
ChatterBot Lima reevaluating
ChatterBot Oscar reevaluating
ChatterBot Foxtrot reevaluating
ChatterBot Yankee reevaluating
ChatterBot Whiskey reevaluating
ChatterBot Charlie reevaluating
ChatterBot Hotel reevaluating
ChatterBot Lima reevaluating
ChatterBot Oscar reevaluating
ChatterBot Juliett reevaluating
ChatterBot Yankee reevaluating
ChatterBot Whiskey reevaluating
ChatterBot Charlie reevaluating
ChatterBot Hotel reevaluating
ChatterBot Lima reevaluating
ChatterBot Oscar reevaluating
ChatterBot Juliett reevaluating
ChatterBot Foxtrot reevaluating
ChatterBot Whiskey reevaluating
ChatterBot Charlie reevaluating
ChatterBot Hotel reevaluating
ChatterBot Lima reevaluating
ChatterBot Oscar reevaluating
ChatterBot Juliett reevaluating
ChatterBot Foxtrot reevaluating
ChatterBot Yankee reevaluating
ChatterBot Charlie reevaluating
ChatterBot Hotel reevaluating
ChatterBot Lima reevaluating
ChatterBot Oscar reevaluating
ChatterBot Juliett reevaluating
ChatterBot Foxtrot reevaluating
ChatterBot Yankee reevaluating
ChatterBot Whiskey reevaluating
ChatterBot Hotel reevaluating
ChatterBot Lima reevaluating
ChatterBot Oscar reevaluating
ChatterBot Juliett reevaluating
ChatterBot Foxtrot reevaluating
ChatterBot Yankee reevaluating
ChatterBot Whiskey reevaluating
ChatterBot Charlie reevaluating
ChatterBot Lima reevaluating
ChatterBot Oscar reevaluating
ChatterBot Juliett reevaluating
ChatterBot Foxtrot reevaluating
ChatterBot Yankee reevaluating
ChatterBot Whiskey reevaluating
ChatterBot Charlie reevaluating
ChatterBot Hotel reevaluating
2024-10-14 19:23:30.977185 Foxtrot: We should add Charlie
ChatterBot Oscar reevaluating
ChatterBot Juliett reevaluating
ChatterBot Yankee reevaluating
ChatterBot Whiskey reevaluating
2024-10-14 19:23:31.011533 India: Yes
2024-10-14 19:23:31.011695 Oscar: No
2024-10-14 19:23:31.011838 Juliett: No
2024-10-14 19:23:31.011981 Yankee: Yes
2024-10-14 19:23:31.012116 Whiskey: Yes
ChatterBot Oscar reevaluating
ChatterBot Juliett reevaluating
ChatterBot Yankee reevaluating
ChatterBot Foxtrot reevaluating
ChatterBot Whiskey reevaluating
ChatterBot Juliett reevaluating
ChatterBot Yankee reevaluating
ChatterBot Foxtrot reevaluating
ChatterBot Whiskey reevaluating
ChatterBot Oscar reevaluating
ChatterBot Yankee reevaluating
ChatterBot Foxtrot reevaluating
ChatterBot Whiskey reevaluating
ChatterBot Oscar reevaluating
ChatterBot Juliett reevaluating
ChatterBot Foxtrot reevaluating
ChatterBot Whiskey reevaluating
ChatterBot Oscar reevaluating
ChatterBot Juliett reevaluating
ChatterBot Yankee reevaluating
ChatterBot Foxtrot reevaluating
2024-10-14 19:23:31.219178 Tango: Can we be friends?
ChatterBot Lima reevaluating
2024-10-14 19:23:31.225596 Lima: No
2024-10-14 19:23:31.245074 Foxtrot: Charlie we want you to join our group
2024-10-14 19:23:31.250627 Charlie: No
2024-10-14 19:23:31.407415 India: Oscar, Charlie, Juliett and Hotel, sending you 2
2024-10-14 19:23:31.408244 Oscar: India and Juliett, sending you 2
2024-10-14 19:23:31.409590 Charlie: Tango, sending you 5
2024-10-14 19:23:31.409974 Juliett: Oscar, sending you 2
2024-10-14 19:23:31.410689 India: Foxtrot, sending you 1
2024-10-14 19:23:31.412083 Oscar: Foxtrot, sending you 7
2024-10-14 19:23:31.412906 Charlie: Hotel and Lima, sending you 6
2024-10-14 19:23:31.413334 Juliett: India, sending you 8
2024-10-14 19:23:31.415015 Yankee: Oscar, sending you 5
2024-10-14 19:23:31.416897 Lima: Oscar and India, sending you 3
2024-10-14 19:23:31.417654 Whiskey: Oscar, India, Charlie, Juliett, Hotel, Lima and Yankee, sending you 2
2024-10-14 19:23:31.418634 Tango: Sending you 1
2024-10-14 19:23:31.419872 Hotel: Charlie and Lima, sending you 7
2024-10-14 19:23:31.420429 Foxtrot: Oscar, Charlie, Juliett and Whiskey, sending you 2
2024-10-14 19:23:31.421162 India: Yankee and Whiskey, sending you 3
2024-10-14 19:23:31.422588 Oscar: Yankee, sending you 4
2024-10-14 19:23:31.423260 Yankee: India, sending you 1
2024-10-14 19:23:31.424609 Juliett: Foxtrot, sending you 3
2024-10-14 19:23:31.425404 Lima: Juliett, Foxtrot, Yankee and Whiskey, sending you 2
2024-10-14 19:23:31.426712 Hotel: Tango, sending you 4
2024-10-14 19:23:31.427147 Foxtrot: India, sending you 4
2024-10-14 19:23:31.427748 Oscar: Whiskey, sending you 1
2024-10-14 19:23:31.429030 Yankee: Charlie, Juliett and Hotel, sending you 2
2024-10-14 19:23:31.429766 Juliett: Whiskey, sending you 1
2024-10-14 19:23:31.457574 Foxtrot: Yankee, sending you 3
2024-10-14 19:23:31.458101 Yankee: Whiskey, sending you 3
chatterbot India submitting transactions
chatterbot Oscar submitting transactions
chatterbot Lima submitting transactions
chatterbot Juliett submitting transactions
chatterbot Foxtrot submitting transactions
chatterbot Charlie submitting transactions
chatterbot Yankee submitting transactions
chatterbot Hotel submitting transactions
chatterbot Tango submitting transactions
chatterbot Whiskey submitting transactions
ChatterBot Oscar round 3
ChatterBot India round 3
ChatterBot Charlie round 3
ChatterBot Juliett round 3
ChatterBot Foxtrot round 3
ChatterBot Tango round 3
ChatterBot Hotel round 3
ChatterBot Lima round 3
ChatterBot Yankee round 3
ChatterBot Whiskey round 3
2024-10-14 19:23:32.604860 Charlie: Friends?
ChatterBot Juliett reevaluating
ChatterBot Hotel reevaluating
ChatterBot Lima reevaluating
2024-10-14 19:23:32.633140 India: Yes
2024-10-14 19:23:32.633315 Oscar: No
2024-10-14 19:23:32.633444 Juliett: Yes
2024-10-14 19:23:32.633970 Foxtrot: No
2024-10-14 19:23:32.634095 Yankee: Yes
2024-10-14 19:23:32.634206 Whiskey: Yes
2024-10-14 19:23:32.634315 Hotel: Yes
2024-10-14 19:23:32.634422 Lima: Yes
ChatterBot Juliett reevaluating
ChatterBot Hotel reevaluating
ChatterBot Lima reevaluating
ChatterBot Juliett reevaluating
ChatterBot Hotel reevaluating
ChatterBot Lima reevaluating
ChatterBot Hotel reevaluating
ChatterBot Lima reevaluating
ChatterBot Juliett reevaluating
ChatterBot Hotel reevaluating
ChatterBot Lima reevaluating
ChatterBot Juliett reevaluating
ChatterBot Hotel reevaluating
ChatterBot Lima reevaluating
ChatterBot Juliett reevaluating
ChatterBot Foxtrot reevaluating
ChatterBot Hotel reevaluating
ChatterBot Lima reevaluating
ChatterBot Oscar reevaluating
ChatterBot Juliett reevaluating
ChatterBot Foxtrot reevaluating
ChatterBot Lima reevaluating
ChatterBot Oscar reevaluating
ChatterBot Juliett reevaluating
ChatterBot Foxtrot reevaluating
ChatterBot Hotel reevaluating
2024-10-14 19:23:32.911425 Lima: We should add Charlie and Hotel
ChatterBot Oscar reevaluating
ChatterBot Juliett reevaluating
ChatterBot Foxtrot reevaluating
2024-10-14 19:23:33.019087 Oscar: Yes
2024-10-14 19:23:33.019359 India: Yes
2024-10-14 19:23:33.019704 Juliett: Yes
2024-10-14 19:23:33.020104 Foxtrot: Yes
2024-10-14 19:23:33.020977 Yankee: Yes
2024-10-14 19:23:33.021739 Whiskey: Yes
ChatterBot Lima reevaluating
ChatterBot Juliett reevaluating
ChatterBot Foxtrot reevaluating
ChatterBot Lima reevaluating
ChatterBot Oscar reevaluating
ChatterBot Juliett reevaluating
ChatterBot Foxtrot reevaluating
ChatterBot Lima reevaluating
ChatterBot Oscar reevaluating
ChatterBot Foxtrot reevaluating
ChatterBot Lima reevaluating
ChatterBot Oscar reevaluating
ChatterBot Juliett reevaluating
ChatterBot Lima reevaluating
ChatterBot Oscar reevaluating
ChatterBot Juliett reevaluating
ChatterBot Foxtrot reevaluating
ChatterBot Lima reevaluating
ChatterBot Oscar reevaluating
ChatterBot Juliett reevaluating
ChatterBot Foxtrot reevaluating
2024-10-14 19:23:33.252481 Tango: We should add Charlie and Hotel
ChatterBot Lima reevaluating
2024-10-14 19:23:33.256675 Lima: Yes
2024-10-14 19:23:33.264396 Foxtrot: We should add Hotel and Lima
ChatterBot Oscar reevaluating
ChatterBot Juliett reevaluating
2024-10-14 19:23:33.286073 Oscar: Yes
2024-10-14 19:23:33.286215 India: Yes
2024-10-14 19:23:33.286309 Juliett: Yes
2024-10-14 19:23:33.286412 Yankee: Yes
2024-10-14 19:23:33.286966 Whiskey: Yes
2024-10-14 19:23:33.287074 Charlie: Yes
ChatterBot Foxtrot reevaluating
ChatterBot Juliett reevaluating
ChatterBot Foxtrot reevaluating
ChatterBot Oscar reevaluating
ChatterBot Juliett reevaluating
ChatterBot Foxtrot reevaluating
ChatterBot Oscar reevaluating
ChatterBot Foxtrot reevaluating
ChatterBot Oscar reevaluating
ChatterBot Juliett reevaluating
ChatterBot Foxtrot reevaluating
ChatterBot Oscar reevaluating
ChatterBot Juliett reevaluating
ChatterBot Foxtrot reevaluating
ChatterBot Oscar reevaluating
ChatterBot Juliett reevaluating
2024-10-14 19:23:33.431962 Tango: Charlie and Hotel we want you to join our group
2024-10-14 19:23:33.443258 Charlie: No
2024-10-14 19:23:33.443918 Hotel: No
2024-10-14 19:23:33.476563 Foxtrot: Hotel and Lima we want you to join our group
2024-10-14 19:23:33.488123 Hotel: Yes
2024-10-14 19:23:33.488320 Lima: Yes
2024-10-14 19:23:33.565918 Lima: Charlie and Hotel we want you to join our group
2024-10-14 19:23:33.573767 Charlie: Yes
2024-10-14 19:23:33.573939 Hotel: Yes
2024-10-14 19:23:33.689208 India: Oscar, Foxtrot, Yankee and Whiskey, sending you 2
2024-10-14 19:23:33.691689 Hotel: Oscar, Juliett and Foxtrot, sending you 1
2024-10-14 19:23:33.692221 Charlie: Oscar, India, Juliett, Foxtrot, Lima and Whiskey, sending you 2
2024-10-14 19:23:33.692845 Yankee: Oscar, sending you 4
2024-10-14 19:23:33.693929 India: Charlie, Hotel and Lima, sending you 1
2024-10-14 19:23:33.694745 Oscar: India, Juliett, Lima and Whiskey, sending you 2
2024-10-14 19:23:33.697493 Whiskey: Oscar, India, Juliett, Foxtrot, Hotel, Lima and Yankee, sending you 2
2024-10-14 19:23:33.701315 Juliett: Oscar, Foxtrot and Whiskey, sending you 2
2024-10-14 19:23:33.702172 Hotel: India, Yankee and Whiskey, sending you 2
2024-10-14 19:23:33.704895 Charlie: Hotel, sending you 4
2024-10-14 19:23:33.705674 Yankee: India and Foxtrot, sending you 2
2024-10-14 19:23:33.708347 India: Juliett, sending you 4
chatterbot Foxtrot submitting transactions
2024-10-14 19:23:33.712236 Oscar: Foxtrot and Yankee, sending you 5
2024-10-14 19:23:33.717647 Juliett: India, sending you 4
2024-10-14 19:23:33.720770 Hotel: Charlie, sending you 5
2024-10-14 19:23:33.722927 Charlie: Yankee, sending you 3
2024-10-14 19:23:33.724712 Yankee: Charlie, Juliett, Hotel and Lima, sending you 1
2024-10-14 19:23:33.726709 Foxtrot: Oscar, India, Charlie, Juliett, Lima, Yankee and Whiskey, sending you 2
2024-10-14 19:23:33.728769 Tango: Charlie, sending you 1
2024-10-14 19:23:33.729464 Juliett: Lima, sending you 3
2024-10-14 19:23:33.732350 Lima: Charlie, sending you 5
2024-10-14 19:23:33.733933 Hotel: Lima, sending you 4
2024-10-14 19:23:33.735549 Yankee: Whiskey, sending you 3
2024-10-14 19:23:33.737678 Foxtrot: Hotel, sending you 1
2024-10-14 19:23:33.740200 Juliett: Yankee, sending you 1
2024-10-14 19:23:33.742087 Lima: Hotel, sending you 7
2024-10-14 19:23:33.747697 Lima: Whiskey, sending you 2
chatterbot Charlie submitting transactions
chatterbot Hotel submitting transactions
chatterbot Juliett submitting transactions
chatterbot India submitting transactions
chatterbot Tango submitting transactions
chatterbot Lima submitting transactions
chatterbot Whiskey submitting transactions
chatterbot Oscar submitting transactions
chatterbot Yankee submitting transactions
ChatterBot Oscar round 4
ChatterBot India round 4
ChatterBot Charlie round 4
ChatterBot Juliett round 4
ChatterBot Foxtrot round 4
ChatterBot Tango round 4
ChatterBot Hotel round 4
ChatterBot Lima round 4
ChatterBot Yankee round 4
ChatterBot Whiskey round 4
2024-10-14 19:23:34.562284 Lima: Oscar, India and Foxtrot, sending you 1
2024-10-14 19:23:34.564381 Charlie: Oscar, India, Juliett, Foxtrot, Yankee and Whiskey, sending you 2
2024-10-14 19:23:34.566427 Yankee: Oscar, sending you 5
2024-10-14 19:23:34.569029 Lima: Charlie, sending you 3
2024-10-14 19:23:34.571270 Charlie: Hotel, sending you 4
2024-10-14 19:23:34.572502 Yankee: India, Charlie, Foxtrot and Whiskey, sending you 2
2024-10-14 19:23:34.574025 Oscar: India, sending you 3
2024-10-14 19:23:34.575523 Hotel: Oscar and Juliett, sending you 1
2024-10-14 19:23:34.577052 Lima: Juliett and Whiskey, sending you 2
2024-10-14 19:23:34.578518 India: Oscar, Foxtrot, Yankee and Whiskey, sending you 2
2024-10-14 19:23:34.579342 Charlie: Lima, sending you 3
2024-10-14 19:23:34.580887 Whiskey: Oscar, India, Juliett, Foxtrot, Hotel, Lima and Yankee, sending you 2
2024-10-14 19:23:34.582398 Foxtrot: Oscar, India, Charlie, Juliett, Hotel, Yankee and Whiskey, sending you 2
2024-10-14 19:23:34.584227 Yankee: Juliett and Hotel, sending you 1
2024-10-14 19:23:34.586101 Juliett: Oscar, Foxtrot, Lima and Whiskey, sending you 2
2024-10-14 19:23:34.587882 Tango: Charlie, sending you 1
2024-10-14 19:23:34.588538 Oscar: Charlie and Lima, sending you 1
2024-10-14 19:23:34.589999 Hotel: India, Foxtrot, Yankee and Whiskey, sending you 2
2024-10-14 19:23:34.591552 Lima: Hotel, sending you 4
2024-10-14 19:23:34.593660 India: Charlie, Hotel and Lima, sending you 1
2024-10-14 19:23:34.596169 Foxtrot: Lima, sending you 1
2024-10-14 19:23:34.598539 Juliett: India, sending you 4
2024-10-14 19:23:34.600479 Oscar: Juliett and Whiskey, sending you 2
2024-10-14 19:23:34.602415 Hotel: Charlie and Lima, sending you 4
2024-10-14 19:23:34.604341 India: Juliett, sending you 4
2024-10-14 19:23:34.606097 Juliett: Charlie and Yankee, sending you 1
2024-10-14 19:23:34.607869 Oscar: Foxtrot, sending you 4
2024-10-14 19:23:34.620437 Oscar: Yankee, sending you 5
chatterbot Whiskey submitting transactions
chatterbot Foxtrot submitting transactions
chatterbot Tango submitting transactions
chatterbot Lima submitting transactions
chatterbot India submitting transactions
chatterbot Juliett submitting transactions
chatterbot Oscar submitting transactions
chatterbot Charlie submitting transactions
chatterbot Yankee submitting transactions
chatterbot Hotel submitting transactions
ChatterBot Oscar round 5
ChatterBot India round 5
ChatterBot Charlie round 5
ChatterBot Juliett round 5
ChatterBot Foxtrot round 5
ChatterBot Tango round 5
ChatterBot Hotel round 5
ChatterBot Lima round 5
ChatterBot Yankee round 5
ChatterBot Whiskey round 5
2024-10-14 19:23:35.843691 Charlie: Oscar, India, Juliett, Foxtrot, Yankee and Whiskey, sending you 2
2024-10-14 19:23:35.844922 Hotel: Oscar and Juliett, sending you 1
2024-10-14 19:23:35.847696 Foxtrot: Oscar, India, Charlie, Juliett, Hotel, Yankee and Whiskey, sending you 2
2024-10-14 19:23:35.849079 Oscar: India, Juliett and Whiskey, sending you 2
2024-10-14 19:23:35.849890 Hotel: India, Foxtrot, Yankee and Whiskey, sending you 2
2024-10-14 19:23:35.851058 India: Oscar, Foxtrot, Yankee and Whiskey, sending you 2
2024-10-14 19:23:35.851585 Charlie: Hotel, sending you 4
2024-10-14 19:23:35.853676 Foxtrot: Lima, sending you 1
2024-10-14 19:23:35.854925 India: Charlie, Hotel and Lima, sending you 1
2024-10-14 19:23:35.855783 Oscar: Charlie, Hotel and Lima, sending you 1
2024-10-14 19:23:35.857097 Hotel: Charlie and Lima, sending you 4
2024-10-14 19:23:35.858302 Charlie: Lima, sending you 3
2024-10-14 19:23:35.859163 Whiskey: Oscar, India, Juliett, Foxtrot, Hotel, Lima and Yankee, sending you 2
2024-10-14 19:23:35.860438 Lima: Oscar, India and Foxtrot, sending you 1
2024-10-14 19:23:35.861339 India: Juliett, sending you 4
2024-10-14 19:23:35.862625 Juliett: Oscar, Foxtrot, Lima and Whiskey, sending you 2
2024-10-14 19:23:35.863884 Oscar: Foxtrot, sending you 3
2024-10-14 19:23:35.864765 Yankee: Oscar, sending you 5
2024-10-14 19:23:35.866035 Lima: Charlie, sending you 3
2024-10-14 19:23:35.866998 Juliett: India, sending you 4
2024-10-14 19:23:35.869757 Oscar: Yankee, sending you 6
2024-10-14 19:23:35.870759 Yankee: India, Charlie, Foxtrot and Whiskey, sending you 2
2024-10-14 19:23:35.871894 Lima: Juliett and Whiskey, sending you 2
2024-10-14 19:23:35.872737 Juliett: Charlie and Yankee, sending you 1
2024-10-14 19:23:35.875076 Yankee: Juliett and Hotel, sending you 1
2024-10-14 19:23:35.877686 Lima: Hotel, sending you 4
chatterbot India submitting transactions
chatterbot Whiskey submitting transactions
chatterbot Juliett submitting transactions
chatterbot Charlie submitting transactions
chatterbot Hotel submitting transactions
chatterbot Tango submitting transactions
chatterbot Lima submitting transactions
chatterbot Yankee submitting transactions
chatterbot Foxtrot submitting transactions
chatterbot Oscar submitting transactions
ChatterBot Oscar round 6
ChatterBot India round 6
ChatterBot Charlie round 6
ChatterBot Juliett round 6
ChatterBot Foxtrot round 6
ChatterBot Tango round 6
ChatterBot Hotel round 6
ChatterBot Lima round 6
ChatterBot Yankee round 6
ChatterBot Whiskey round 6
2024-10-14 19:23:37.147074 Charlie: Oscar, India, Juliett, Foxtrot, Yankee and Whiskey, sending you 2
2024-10-14 19:23:37.149229 India: Oscar, Foxtrot, Yankee and Whiskey, sending you 2
2024-10-14 19:23:37.151134 Juliett: Oscar, Foxtrot, Lima and Whiskey, sending you 2
2024-10-14 19:23:37.152912 Hotel: Oscar, India, Foxtrot, Yankee and Whiskey, sending you 2
2024-10-14 19:23:37.154843 Charlie: Hotel, sending you 4
2024-10-14 19:23:37.156590 Lima: Oscar, India and Foxtrot, sending you 1
2024-10-14 19:23:37.158961 India: Charlie, Hotel and Lima, sending you 1
2024-10-14 19:23:37.161632 Oscar: India, Juliett and Whiskey, sending you 2
2024-10-14 19:23:37.163907 Foxtrot: Oscar, India, Charlie, Juliett, Hotel, Yankee and Whiskey, sending you 2
2024-10-14 19:23:37.166208 Yankee: Oscar, sending you 5
2024-10-14 19:23:37.168253 Juliett: India, sending you 4
2024-10-14 19:23:37.170278 Hotel: Charlie, sending you 3
2024-10-14 19:23:37.172324 Charlie: Lima, sending you 3
2024-10-14 19:23:37.174032 Lima: Charlie, sending you 3
2024-10-14 19:23:37.174962 India: Juliett, sending you 4
2024-10-14 19:23:37.176525 Oscar: Charlie, Hotel and Lima, sending you 1
2024-10-14 19:23:37.178765 Whiskey: Oscar, India, Juliett, Foxtrot, Hotel, Lima and Yankee, sending you 2
2024-10-14 19:23:37.180947 Foxtrot: Lima, sending you 1
2024-10-14 19:23:37.183007 Yankee: India, Charlie, Foxtrot and Whiskey, sending you 2
2024-10-14 19:23:37.184837 Juliett: Charlie and Yankee, sending you 1
2024-10-14 19:23:37.186551 Hotel: Juliett, sending you 1
2024-10-14 19:23:37.187974 Lima: Juliett and Whiskey, sending you 2
2024-10-14 19:23:37.189150 Oscar: Foxtrot, sending you 3
2024-10-14 19:23:37.191155 Yankee: Juliett and Hotel, sending you 1
2024-10-14 19:23:37.192929 Hotel: Lima, sending you 4
2024-10-14 19:23:37.194658 Lima: Hotel, sending you 4
2024-10-14 19:23:37.196333 Oscar: Yankee, sending you 6
chatterbot Foxtrot submitting transactions
chatterbot Hotel submitting transactions
chatterbot Whiskey submitting transactions
chatterbot India submitting transactions
chatterbot Juliett submitting transactions
chatterbot Lima submitting transactions
chatterbot Oscar submitting transactions
chatterbot Tango submitting transactions
chatterbot Charlie submitting transactions
chatterbot Yankee submitting transactions
ChatterBot Oscar round 7
ChatterBot India round 7
ChatterBot Charlie round 7
ChatterBot Juliett round 7
ChatterBot Foxtrot round 7
ChatterBot Tango round 7
ChatterBot Hotel round 7
ChatterBot Lima round 7
ChatterBot Yankee round 7
ChatterBot Whiskey round 7
2024-10-14 19:23:38.339688 Foxtrot: Oscar, India, Charlie, Juliett, Hotel, Yankee and Whiskey, sending you 2
2024-10-14 19:23:38.341152 Charlie: Oscar, India, Juliett, Foxtrot, Yankee and Whiskey, sending you 2
2024-10-14 19:23:38.343271 Oscar: India, Juliett and Whiskey, sending you 2
2024-10-14 19:23:38.347036 India: Oscar, Foxtrot, Yankee and Whiskey, sending you 2
2024-10-14 19:23:38.349374 Yankee: Oscar, sending you 5
2024-10-14 19:23:38.350930 Foxtrot: Lima, sending you 1
2024-10-14 19:23:38.352366 Charlie: Hotel, sending you 4
2024-10-14 19:23:38.358191 Hotel: Oscar, India, Foxtrot, Yankee and Whiskey, sending you 2
2024-10-14 19:23:38.360845 Oscar: Charlie, Hotel and Lima, sending you 1
2024-10-14 19:23:38.363141 India: Charlie, Hotel and Lima, sending you 1
2024-10-14 19:23:38.364509 Whiskey: Oscar, India, Juliett, Foxtrot, Hotel, Lima and Yankee, sending you 2
2024-10-14 19:23:38.370416 Yankee: India, Charlie, Foxtrot and Whiskey, sending you 2
2024-10-14 19:23:38.373327 Tango: Sending you 1
2024-10-14 19:23:38.373717 Juliett: Oscar, Foxtrot, Lima and Whiskey, sending you 2
2024-10-14 19:23:38.376016 Charlie: Lima, sending you 3
2024-10-14 19:23:38.382713 Hotel: Charlie, sending you 3
2024-10-14 19:23:38.385108 Lima: Oscar, India and Foxtrot, sending you 1
2024-10-14 19:23:38.387485 Oscar: Foxtrot, sending you 3
2024-10-14 19:23:38.389141 India: Juliett, sending you 4
2024-10-14 19:23:38.394631 Yankee: Juliett and Hotel, sending you 1
2024-10-14 19:23:38.397416 Juliett: India, sending you 4
2024-10-14 19:23:38.400252 Hotel: Juliett, sending you 1
2024-10-14 19:23:38.405386 Lima: Charlie, sending you 3
2024-10-14 19:23:38.408516 Oscar: Yankee, sending you 6
2024-10-14 19:23:38.411559 Juliett: Charlie and Yankee, sending you 1
2024-10-14 19:23:38.416771 Hotel: Lima, sending you 4
2024-10-14 19:23:38.425590 Lima: Juliett and Whiskey, sending you 2
2024-10-14 19:23:38.433720 Lima: Hotel, sending you 4
chatterbot Lima submitting transactions
chatterbot India submitting transactions
chatterbot Foxtrot submitting transactions
chatterbot Tango submitting transactions
chatterbot Oscar submitting transactions
chatterbot Hotel submitting transactions
chatterbot Charlie submitting transactions
chatterbot Juliett submitting transactions
chatterbot Whiskey submitting transactions
chatterbot Yankee submitting transactions
ChatterBot Oscar round 8
ChatterBot India round 8
ChatterBot Charlie round 8
ChatterBot Juliett round 8
ChatterBot Foxtrot round 8
ChatterBot Tango round 8
ChatterBot Hotel round 8
ChatterBot Lima round 8
ChatterBot Yankee round 8
ChatterBot Whiskey round 8
2024-10-14 19:23:39.730234 India: Oscar, Foxtrot, Yankee and Whiskey, sending you 2
2024-10-14 19:23:39.741608 India: Charlie, Hotel and Lima, sending you 1
2024-10-14 19:23:39.745484 Oscar: India, Juliett and Whiskey, sending you 2
2024-10-14 19:23:39.748485 Charlie: Oscar, India, Juliett, Foxtrot, Yankee and Whiskey, sending you 2
2024-10-14 19:23:39.751107 Foxtrot: Oscar, India, Charlie, Juliett, Hotel, Yankee and Whiskey, sending you 2
2024-10-14 19:23:39.754583 Juliett: Oscar, Foxtrot, Lima and Whiskey, sending you 2
2024-10-14 19:23:39.756906 Whiskey: Oscar, India, Juliett, Foxtrot, Hotel, Lima and Yankee, sending you 2
2024-10-14 19:23:39.759673 India: Juliett, sending you 4
2024-10-14 19:23:39.763066 Lima: Oscar, India and Foxtrot, sending you 1
2024-10-14 19:23:39.765740 Yankee: Oscar, sending you 6
2024-10-14 19:23:39.768749 Oscar: Charlie, Hotel and Lima, sending you 1
2024-10-14 19:23:39.771852 Hotel: Oscar, India, Foxtrot, Yankee and Whiskey, sending you 2
2024-10-14 19:23:39.774722 Charlie: Hotel, sending you 4
2024-10-14 19:23:39.777062 Foxtrot: Lima, sending you 1
2024-10-14 19:23:39.779886 Juliett: India, sending you 4
2024-10-14 19:23:39.781905 Lima: Charlie, sending you 3
2024-10-14 19:23:39.784292 Yankee: India, Foxtrot and Whiskey, sending you 2
2024-10-14 19:23:39.786299 Oscar: Foxtrot, sending you 3
2024-10-14 19:23:39.789164 Hotel: Charlie, sending you 3
2024-10-14 19:23:39.791271 Charlie: Lima, sending you 3
2024-10-14 19:23:39.793352 Juliett: Charlie and Yankee, sending you 1
2024-10-14 19:23:39.796099 Lima: Juliett and Whiskey, sending you 2
2024-10-14 19:23:39.798451 Yankee: Charlie, Juliett and Hotel, sending you 1
2024-10-14 19:23:39.801007 Oscar: Yankee, sending you 6
2024-10-14 19:23:39.803023 Hotel: Juliett, sending you 1
2024-10-14 19:23:39.805068 Lima: Hotel, sending you 4
2024-10-14 19:23:39.808245 Hotel: Lima, sending you 4
chatterbot Yankee submitting transactions
chatterbot India submitting transactions
chatterbot Oscar submitting transactions
chatterbot Charlie submitting transactions
chatterbot Hotel submitting transactions
chatterbot Tango submitting transactions
chatterbot Whiskey submitting transactions
chatterbot Juliett submitting transactions
chatterbot Foxtrot submitting transactions
chatterbot Lima submitting transactions
ChatterBot Oscar round 9
ChatterBot India round 9
ChatterBot Charlie round 9
ChatterBot Juliett round 9
ChatterBot Foxtrot round 9
ChatterBot Tango round 9
ChatterBot Hotel round 9
ChatterBot Lima round 9
ChatterBot Yankee round 9
ChatterBot Whiskey round 9
2024-10-14 19:23:40.982767 Juliett: Oscar, Foxtrot, Lima and Whiskey, sending you 2
2024-10-14 19:23:40.989679 India: Oscar, Foxtrot, Yankee and Whiskey, sending you 2
2024-10-14 19:23:40.992606 Juliett: India, sending you 4
2024-10-14 19:23:40.994392 Hotel: Oscar, India, Foxtrot, Yankee and Whiskey, sending you 2
2024-10-14 19:23:40.996323 Foxtrot: Oscar, India, Charlie, Juliett, Hotel, Yankee and Whiskey, sending you 2
2024-10-14 19:23:40.998667 India: Charlie, Hotel and Lima, sending you 1
2024-10-14 19:23:41.001201 Charlie: Oscar, India, Juliett, Yankee and Whiskey, sending you 2
2024-10-14 19:23:41.003258 Juliett: Charlie and Yankee, sending you 1
2024-10-14 19:23:41.005187 Hotel: Charlie, sending you 3
2024-10-14 19:23:41.007943 Foxtrot: Lima, sending you 1
2024-10-14 19:23:41.009898 Oscar: India, Juliett, Foxtrot and Whiskey, sending you 2
2024-10-14 19:23:41.012374 Whiskey: Oscar, India, Juliett, Foxtrot, Hotel, Lima and Yankee, sending you 2
2024-10-14 19:23:41.014413 Lima: Oscar, India and Foxtrot, sending you 1
2024-10-14 19:23:41.016555 India: Juliett, sending you 4
2024-10-14 19:23:41.018833 Charlie: Foxtrot, Hotel and Lima, sending you 3
2024-10-14 19:23:41.021595 Hotel: Juliett, sending you 1
2024-10-14 19:23:41.024325 Oscar: Charlie, Hotel and Lima, sending you 1
2024-10-14 19:23:41.026589 Lima: Charlie, sending you 3
2024-10-14 19:23:41.029505 Yankee: Oscar, sending you 6
2024-10-14 19:23:41.031551 Hotel: Lima, sending you 4
2024-10-14 19:23:41.033185 Oscar: Yankee, sending you 7
2024-10-14 19:23:41.034657 Lima: Juliett and Whiskey, sending you 2
2024-10-14 19:23:41.036007 Yankee: India, Foxtrot and Whiskey, sending you 2
2024-10-14 19:23:41.038685 Lima: Hotel, sending you 4
2024-10-14 19:23:41.041282 Yankee: Charlie, Juliett and Hotel, sending you 1
chatterbot Hotel submitting transactions
chatterbot Oscar submitting transactions
chatterbot Charlie submitting transactions
chatterbot India submitting transactions
chatterbot Lima submitting transactions
chatterbot Foxtrot submitting transactions
chatterbot Juliett submitting transactions
chatterbot Yankee submitting transactions
chatterbot Whiskey submitting transactions
chatterbot Tango submitting transactions
ChatterBot Oscar round 10
ChatterBot India round 10
ChatterBot Charlie round 10
ChatterBot Juliett round 10
ChatterBot Foxtrot round 10
ChatterBot Tango round 10
ChatterBot Hotel round 10
ChatterBot Lima round 10
ChatterBot Yankee round 10
ChatterBot Whiskey round 10
2024-10-14 19:23:42.217682 Juliett: Oscar, Foxtrot, Lima and Whiskey, sending you 2
2024-10-14 19:23:42.221695 Juliett: India, sending you 4
2024-10-14 19:23:42.228710 Juliett: Charlie and Yankee, sending you 1
2024-10-14 19:23:42.231770 Lima: Oscar, India and Foxtrot, sending you 1
2024-10-14 19:23:42.234038 India: Oscar, Foxtrot, Yankee and Whiskey, sending you 2
2024-10-14 19:23:42.236101 Oscar: India, Juliett, Foxtrot and Whiskey, sending you 2
2024-10-14 19:23:42.238597 Charlie: Oscar, India, Juliett, Yankee and Whiskey, sending you 2
2024-10-14 19:23:42.240715 Lima: Charlie, Juliett and Whiskey, sending you 2
2024-10-14 19:23:42.242843 Foxtrot: Oscar, India, Charlie, Juliett, Hotel, Yankee and Whiskey, sending you 2
2024-10-14 19:23:42.245124 Whiskey: Oscar, India, Juliett, Foxtrot, Hotel, Lima and Yankee, sending you 2
2024-10-14 19:23:42.247703 India: Charlie, Hotel and Lima, sending you 1
2024-10-14 19:23:42.250369 Oscar: Charlie, Hotel and Lima, sending you 1
2024-10-14 19:23:42.252953 Hotel: Oscar, India, Foxtrot, Yankee and Whiskey, sending you 2
2024-10-14 19:23:42.255639 Charlie: Foxtrot, Hotel and Lima, sending you 3
2024-10-14 19:23:42.258346 Yankee: Oscar, sending you 6
2024-10-14 19:23:42.260797 Lima: Hotel, sending you 5
2024-10-14 19:23:42.263658 Foxtrot: Lima, sending you 1
2024-10-14 19:23:42.265979 India: Juliett, sending you 4
2024-10-14 19:23:42.268375 Oscar: Yankee, sending you 7
2024-10-14 19:23:42.272926 Hotel: Charlie, sending you 3
2024-10-14 19:23:42.276033 Yankee: India, Foxtrot and Whiskey, sending you 2
2024-10-14 19:23:42.282170 Hotel: Juliett, sending you 1
2024-10-14 19:23:42.285671 Yankee: Charlie, Juliett and Hotel, sending you 1
2024-10-14 19:23:42.290922 Hotel: Lima, sending you 4
chatterbot Foxtrot submitting transactions
chatterbot Charlie submitting transactions
chatterbot Lima submitting transactions
chatterbot Whiskey submitting transactions
chatterbot Hotel submitting transactions
chatterbot Tango submitting transactions
chatterbot Juliett submitting transactions
chatterbot Oscar submitting transactions
chatterbot Yankee submitting transactions
chatterbot India submitting transactions
ChatterBot Oscar round 11
ChatterBot India round 11
ChatterBot Charlie round 11
ChatterBot Juliett round 11
ChatterBot Foxtrot round 11
ChatterBot Tango round 11
ChatterBot Hotel round 11
ChatterBot Lima round 11
ChatterBot Yankee round 11
ChatterBot Whiskey round 11
2024-10-14 19:23:43.486690 Foxtrot: Oscar, India, Charlie, Juliett, Hotel, Yankee and Whiskey, sending you 2
2024-10-14 19:23:43.492666 Foxtrot: Lima, sending you 1
2024-10-14 19:23:43.495129 Yankee: Oscar, sending you 6
2024-10-14 19:23:43.496332 Juliett: Oscar, Foxtrot, Lima and Whiskey, sending you 2
2024-10-14 19:23:43.498670 Oscar: India, Juliett, Foxtrot and Whiskey, sending you 2
2024-10-14 19:23:43.499859 India: Oscar, Foxtrot, Yankee and Whiskey, sending you 2
2024-10-14 19:23:43.501325 Yankee: India, Foxtrot and Whiskey, sending you 2
2024-10-14 19:23:43.502696 Charlie: Oscar, India, Juliett, Yankee and Whiskey, sending you 2
2024-10-14 19:23:43.504291 Juliett: India, sending you 4
2024-10-14 19:23:43.505282 Hotel: Oscar, sending you 1
2024-10-14 19:23:43.506264 Lima: Oscar, India and Foxtrot, sending you 1
2024-10-14 19:23:43.507759 Oscar: Charlie, Hotel and Lima, sending you 1
2024-10-14 19:23:43.508718 India: Charlie, Hotel and Lima, sending you 1
2024-10-14 19:23:43.509688 Yankee: Charlie, Juliett and Hotel, sending you 1
2024-10-14 19:23:43.511264 Charlie: Foxtrot, Hotel and Lima, sending you 3
2024-10-14 19:23:43.512251 Whiskey: Oscar, India, Juliett, Foxtrot, Hotel, Lima and Yankee, sending you 2
2024-10-14 19:23:43.513753 Hotel: India and Yankee, sending you 2
2024-10-14 19:23:43.514747 Juliett: Charlie and Yankee, sending you 1
2024-10-14 19:23:43.516047 Lima: Charlie, Juliett and Whiskey, sending you 2
2024-10-14 19:23:43.517178 Oscar: Yankee, sending you 7
2024-10-14 19:23:43.518666 India: Juliett, sending you 4
2024-10-14 19:23:43.520563 Hotel: Charlie, Foxtrot and Whiskey, sending you 3
2024-10-14 19:23:43.522148 Lima: Hotel, sending you 5
2024-10-14 19:23:43.527027 Hotel: Lima, sending you 4
chatterbot Yankee submitting transactions
chatterbot Whiskey submitting transactions
chatterbot Foxtrot submitting transactions
chatterbot India submitting transactions
chatterbot Oscar submitting transactions
chatterbot Charlie submitting transactions
chatterbot Tango submitting transactions
chatterbot Juliett submitting transactions
chatterbot Hotel submitting transactions
chatterbot Lima submitting transactions
ChatterBot Oscar round 12
ChatterBot India round 12
ChatterBot Charlie round 12
ChatterBot Juliett round 12
ChatterBot Foxtrot round 12
ChatterBot Tango round 12
ChatterBot Hotel round 12
ChatterBot Lima round 12
ChatterBot Yankee round 12
ChatterBot Whiskey round 12
2024-10-14 19:23:44.764701 Hotel: Oscar, sending you 1
2024-10-14 19:23:44.770846 Juliett: Oscar, Foxtrot, Lima and Whiskey, sending you 2
2024-10-14 19:23:44.775915 Charlie: Oscar, India, Juliett, Yankee and Whiskey, sending you 2
2024-10-14 19:23:44.780330 Hotel: India and Yankee, sending you 2
2024-10-14 19:23:44.784680 Yankee: Oscar, sending you 6
2024-10-14 19:23:44.789966 Juliett: India, sending you 4
2024-10-14 19:23:44.794709 Lima: Oscar, India and Foxtrot, sending you 1
2024-10-14 19:23:44.800099 Foxtrot: Oscar, India, Charlie, Juliett, Hotel, Yankee and Whiskey, sending you 2
2024-10-14 19:23:44.805231 Whiskey: Oscar, India, Juliett, Foxtrot, Hotel, Lima and Yankee, sending you 2
2024-10-14 19:23:44.809576 Charlie: Foxtrot, Hotel and Lima, sending you 3
2024-10-14 19:23:44.814621 Oscar: India, Juliett, Foxtrot and Whiskey, sending you 2
2024-10-14 19:23:44.818833 India: Oscar, Foxtrot, Yankee and Whiskey, sending you 2
2024-10-14 19:23:44.822655 Hotel: Charlie, Foxtrot and Whiskey, sending you 3
2024-10-14 19:23:44.826365 Yankee: India, Foxtrot and Whiskey, sending you 2
2024-10-14 19:23:44.829705 Juliett: Charlie and Yankee, sending you 1
2024-10-14 19:23:44.832721 Lima: Charlie, Juliett and Whiskey, sending you 2
2024-10-14 19:23:44.835350 Foxtrot: Lima, sending you 1
2024-10-14 19:23:44.839401 Oscar: Charlie, Hotel and Lima, sending you 1
2024-10-14 19:23:44.841847 India: Charlie, Hotel and Lima, sending you 1
2024-10-14 19:23:44.845104 Hotel: Lima, sending you 4
2024-10-14 19:23:44.847670 Yankee: Charlie, Juliett and Hotel, sending you 1
2024-10-14 19:23:44.850607 Lima: Hotel, sending you 5
2024-10-14 19:23:44.853377 Oscar: Yankee, sending you 7
