ChatterBot Charlie round 1
ChatterBot Delta round 1
ChatterBot Bravo round 1
ChatterBot Tango round 1
ChatterBot Golf round 1
ChatterBot Mike round 1
ChatterBot Papa round 1
ChatterBot Uniform round 1
ChatterBot Kilo round 1
ChatterBot November round 1
randomSelections Bravo: {Bravo, November, Kilo, Mike, Uniform, Charlie} 
2024-10-14 19:23:28.361496 Bravo: Can we be friends?
ChatterBot November reevaluating
ChatterBot Kilo reevaluating
ChatterBot Mike reevaluating
ChatterBot Uniform reevaluating
ChatterBot Charlie reevaluating
2024-10-14 19:23:28.376080 November: Yes
2024-10-14 19:23:28.376402 Kilo: Yes
2024-10-14 19:23:28.376694 Mike: Yes
2024-10-14 19:23:28.376850 Uniform: Yes
2024-10-14 19:23:28.377842 Charlie: Yes
ChatterBot Kilo reevaluating
ChatterBot Mike reevaluating
ChatterBot Uniform reevaluating
ChatterBot Charlie reevaluating
ChatterBot November reevaluating
ChatterBot Mike reevaluating
ChatterBot Uniform reevaluating
ChatterBot Charlie reevaluating
ChatterBot November reevaluating
ChatterBot Kilo reevaluating
ChatterBot Uniform reevaluating
ChatterBot Charlie reevaluating
ChatterBot November reevaluating
ChatterBot Kilo reevaluating
ChatterBot Mike reevaluating
ChatterBot Charlie reevaluating
ChatterBot November reevaluating
ChatterBot Kilo reevaluating
ChatterBot Mike reevaluating
ChatterBot Uniform reevaluating
randomSelections Tango: {Tango, Kilo, Bravo, Mike, November, Papa} 
2024-10-14 19:23:28.442660 Tango: We would work well together
ChatterBot Kilo reevaluating
ChatterBot Mike reevaluating
ChatterBot November reevaluating
ChatterBot Papa reevaluating
2024-10-14 19:23:28.454084 Kilo: No
2024-10-14 19:23:28.454316 Bravo: No
2024-10-14 19:23:28.455382 Mike: No
2024-10-14 19:23:28.455564 November: No
2024-10-14 19:23:28.455738 Papa: Yes
ChatterBot Mike reevaluating
ChatterBot November reevaluating
ChatterBot Papa reevaluating
ChatterBot Kilo reevaluating
ChatterBot Mike reevaluating
ChatterBot November reevaluating
ChatterBot Papa reevaluating
ChatterBot Kilo reevaluating
ChatterBot November reevaluating
ChatterBot Papa reevaluating
ChatterBot Kilo reevaluating
ChatterBot Mike reevaluating
ChatterBot Papa reevaluating
ChatterBot Kilo reevaluating
ChatterBot Mike reevaluating
ChatterBot November reevaluating
randomSelections Delta: {Delta, Golf, November, Tango, Mike, Bravo} 
2024-10-14 19:23:28.515437 Delta: Group up?
ChatterBot Golf reevaluating
ChatterBot November reevaluating
ChatterBot Mike reevaluating
2024-10-14 19:23:28.527202 Golf: Yes
2024-10-14 19:23:28.527356 November: No
2024-10-14 19:23:28.527592 Tango: No
2024-10-14 19:23:28.528327 Mike: No
2024-10-14 19:23:28.528481 Bravo: No
ChatterBot November reevaluating
ChatterBot Mike reevaluating
ChatterBot Golf reevaluating
ChatterBot Mike reevaluating
ChatterBot Golf reevaluating
ChatterBot November reevaluating
ChatterBot Mike reevaluating
ChatterBot Golf reevaluating
ChatterBot November reevaluating
ChatterBot Golf reevaluating
ChatterBot November reevaluating
ChatterBot Mike reevaluating
2024-10-14 19:23:28.622399 Golf: Bravo, sending you 1
2024-10-14 19:23:28.622901 Mike: Charlie, Uniform and Kilo, sending you 3
2024-10-14 19:23:28.623914 Delta: Bravo, sending you 3
2024-10-14 19:23:28.627263 Tango: Bravo, sending you 3
2024-10-14 19:23:28.627721 November: Charlie, sending you 2
2024-10-14 19:23:28.628726 Kilo: Charlie and November, sending you 1
2024-10-14 19:23:28.629135 Papa: Bravo and November, sending you 1
2024-10-14 19:23:28.629532 Delta: Tango, sending you 5
2024-10-14 19:23:28.630393 Mike: Bravo, sending you 4
2024-10-14 19:23:28.630781 Uniform: Charlie and November, sending you 2
2024-10-14 19:23:28.631574 Charlie: Bravo and November, sending you 2
2024-10-14 19:23:28.631982 Tango: Mike and Kilo, sending you 2
2024-10-14 19:23:28.632327 November: Bravo and Uniform, sending you 3
2024-10-14 19:23:28.633113 Kilo: Bravo, sending you 6
2024-10-14 19:23:28.633408 Delta: Golf and Mike, sending you 2
2024-10-14 19:23:28.635429 Papa: Tango and Kilo, sending you 4
2024-10-14 19:23:28.636327 Mike: November, sending you 1
2024-10-14 19:23:28.636708 Charlie: Mike, sending you 6
2024-10-14 19:23:28.637093 Uniform: Mike, sending you 1
2024-10-14 19:23:28.638007 November: Mike, sending you 1
2024-10-14 19:23:28.638319 Kilo: Mike, sending you 5
2024-10-14 19:23:28.638656 Tango: Papa, sending you 6
2024-10-14 19:23:28.639516 Delta: November, sending you 1
2024-10-14 19:23:28.641032 Papa: Mike, sending you 2
2024-10-14 19:23:28.641407 Charlie: Uniform and Kilo, sending you 3
2024-10-14 19:23:28.642324 November: Kilo, sending you 7
2024-10-14 19:23:28.642794 Tango: November, sending you 1
2024-10-14 19:23:28.643161 Kilo: Uniform, sending you 2
chatterbot Mike submitting transactions
chatterbot Delta submitting transactions
chatterbot Bravo submitting transactions
chatterbot Charlie submitting transactions
chatterbot Kilo submitting transactions
chatterbot November submitting transactions
chatterbot Golf submitting transactions
chatterbot Papa submitting transactions
chatterbot Uniform submitting transactions
chatterbot Tango submitting transactions
ChatterBot Charlie round 2
ChatterBot Delta round 2
ChatterBot Bravo round 2
ChatterBot Tango round 2
ChatterBot Golf round 2
ChatterBot Mike round 2
ChatterBot Papa round 2
ChatterBot Uniform round 2
ChatterBot Kilo round 2
ChatterBot November round 2
2024-10-14 19:23:29.680305 Delta: We would work well together
ChatterBot Tango reevaluating
ChatterBot Papa reevaluating
ChatterBot Golf reevaluating
2024-10-14 19:23:29.694929 Tango: Yes
2024-10-14 19:23:29.695118 Papa: No
2024-10-14 19:23:29.695231 Golf: No
ChatterBot Papa reevaluating
ChatterBot Golf reevaluating
ChatterBot Delta reevaluating
ChatterBot Tango reevaluating
ChatterBot Golf reevaluating
ChatterBot Delta reevaluating
ChatterBot Tango reevaluating
ChatterBot Papa reevaluating
2024-10-14 19:23:29.735996 Papa: Friends?
ChatterBot Tango reevaluating
ChatterBot Delta reevaluating
2024-10-14 19:23:29.746271 Tango: Yes
2024-10-14 19:23:29.746461 Delta: Yes
ChatterBot Papa reevaluating
ChatterBot Delta reevaluating
ChatterBot Papa reevaluating
ChatterBot Tango reevaluating
2024-10-14 19:23:29.871663 Uniform: We should drop Bravo
ChatterBot November reevaluating
2024-10-14 19:23:29.891232 Charlie: No
2024-10-14 19:23:29.891481 Mike: Yes
2024-10-14 19:23:29.892253 Kilo: No
2024-10-14 19:23:29.892406 November: Yes
ChatterBot November reevaluating
ChatterBot November reevaluating
ChatterBot November reevaluating
ChatterBot Kilo reevaluating
2024-10-14 19:23:29.967684 Kilo: Group up?
ChatterBot November reevaluating
ChatterBot Delta reevaluating
ChatterBot Tango reevaluating
ChatterBot Papa reevaluating
2024-10-14 19:23:30.001566 Charlie: No
2024-10-14 19:23:30.002161 Mike: No
2024-10-14 19:23:30.002292 Uniform: No
2024-10-14 19:23:30.002450 November: No
2024-10-14 19:23:30.002559 Delta: No
2024-10-14 19:23:30.002696 Tango: No
2024-10-14 19:23:30.002800 Papa: No
ChatterBot Kilo reevaluating
ChatterBot November reevaluating
ChatterBot Delta reevaluating
ChatterBot Tango reevaluating
ChatterBot Papa reevaluating
ChatterBot Kilo reevaluating
ChatterBot November reevaluating
ChatterBot Delta reevaluating
ChatterBot Tango reevaluating
ChatterBot Papa reevaluating
ChatterBot Kilo reevaluating
ChatterBot November reevaluating
ChatterBot Delta reevaluating
ChatterBot Tango reevaluating
ChatterBot Papa reevaluating
ChatterBot Kilo reevaluating
ChatterBot Delta reevaluating
ChatterBot Tango reevaluating
ChatterBot Papa reevaluating
ChatterBot Kilo reevaluating
ChatterBot November reevaluating
ChatterBot Tango reevaluating
ChatterBot Papa reevaluating
ChatterBot Kilo reevaluating
ChatterBot November reevaluating
ChatterBot Delta reevaluating
ChatterBot Papa reevaluating
ChatterBot Kilo reevaluating
ChatterBot November reevaluating
ChatterBot Delta reevaluating
ChatterBot Tango reevaluating
2024-10-14 19:23:30.351138 November: We should replace Bravo with Delta
ChatterBot Charlie reevaluating
ChatterBot Kilo reevaluating
2024-10-14 19:23:30.383007 Uniform: No
2024-10-14 19:23:30.383245 Charlie: Yes
2024-10-14 19:23:30.383435 Mike: No
2024-10-14 19:23:30.383602 Kilo: No
ChatterBot Charlie reevaluating
ChatterBot Kilo reevaluating
ChatterBot November reevaluating
ChatterBot Kilo reevaluating
ChatterBot November reevaluating
ChatterBot Charlie reevaluating
ChatterBot Kilo reevaluating
ChatterBot November reevaluating
ChatterBot Charlie reevaluating
ChatterBot November reevaluating
2024-10-14 19:23:30.902697 Bravo: Charlie, sending you 1
2024-10-14 19:23:30.903688 Golf: Sending you 1
2024-10-14 19:23:30.904195 Uniform: Charlie, Mike and November, sending you 2
2024-10-14 19:23:30.905251 November: Delta we want you to join our group
ChatterBot Delta reevaluating
2024-10-14 19:23:30.910376 Delta: No
ChatterBot Charlie reevaluating
ChatterBot Kilo reevaluating
chatterbot Mike submitting transactions
chatterbot Bravo submitting transactions
2024-10-14 19:23:30.933883 Bravo: Mike, sending you 4
2024-10-14 19:23:30.934399 Uniform: Kilo, sending you 1
chatterbot Golf submitting transactions
2024-10-14 19:23:30.936418 Papa: Delta, sending you 6
2024-10-14 19:23:30.937304 Mike: Charlie and Kilo, sending you 4
2024-10-14 19:23:30.937708 Tango: Delta, sending you 8
2024-10-14 19:23:30.938564 Bravo: Kilo, sending you 6
2024-10-14 19:23:31.089563 Papa: Tango, sending you 10
2024-10-14 19:23:31.089856 Tango: Papa, sending you 6
2024-10-14 19:23:31.090625 Bravo: November, sending you 3
2024-10-14 19:23:31.091168 Mike: Uniform and November, sending you 3
chatterbot Tango submitting transactions
2024-10-14 19:23:31.309625 Charlie: Bravo, sending you 2
2024-10-14 19:23:31.310664 November: Charlie and Uniform, sending you 5
2024-10-14 19:23:31.310963 Delta: Sending you each 7
chatterbot Uniform submitting transactions
chatterbot November submitting transactions
chatterbot Papa submitting transactions
2024-10-14 19:23:31.412466 Charlie: Mike, sending you 5
2024-10-14 19:23:31.413072 November: Delta, sending you 2
chatterbot Delta submitting transactions
2024-10-14 19:23:31.450122 Charlie: Uniform, Kilo and November, sending you 3
2024-10-14 19:23:31.450628 Kilo: Charlie and Mike, sending you 4
2024-10-14 19:23:31.450967 November: Mike and Kilo, sending you 3
2024-10-14 19:23:31.474091 Kilo: Uniform, sending you 3
2024-10-14 19:23:31.486208 Kilo: November, sending you 5
chatterbot Charlie submitting transactions
chatterbot Kilo submitting transactions
ChatterBot Charlie round 3
ChatterBot Delta round 3
ChatterBot Bravo round 3
ChatterBot Tango round 3
ChatterBot Golf round 3
2024-10-14 19:23:32.402282 Charlie: We should add Golf
ChatterBot Bravo reevaluating
ChatterBot November reevaluating
ChatterBot Kilo reevaluating
2024-10-14 19:23:32.433457 Bravo: Yes
2024-10-14 19:23:32.433855 November: No
2024-10-14 19:23:32.434118 Kilo: No
2024-10-14 19:23:32.434385 Mike: No
2024-10-14 19:23:32.435431 Uniform: No
ChatterBot November reevaluating
ChatterBot Kilo reevaluating
ChatterBot Mike reevaluating
ChatterBot Bravo reevaluating
ChatterBot Kilo reevaluating
ChatterBot Mike reevaluating
ChatterBot Bravo reevaluating
ChatterBot November reevaluating
ChatterBot Mike reevaluating
ChatterBot Bravo reevaluating
ChatterBot November reevaluating
ChatterBot Kilo reevaluating
ChatterBot Charlie reevaluating
ChatterBot Bravo reevaluating
ChatterBot November reevaluating
ChatterBot Kilo reevaluating
ChatterBot Mike reevaluating
ChatterBot Charlie reevaluating
2024-10-14 19:23:32.575383 Kilo: We should add Bravo
ChatterBot Charlie reevaluating
ChatterBot Mike reevaluating
ChatterBot November reevaluating
2024-10-14 19:23:32.594482 Uniform: No
2024-10-14 19:23:32.594645 Charlie: Yes
2024-10-14 19:23:32.594766 Mike: Yes
2024-10-14 19:23:32.595467 November: Yes
ChatterBot Charlie reevaluating
ChatterBot Mike reevaluating
ChatterBot Kilo reevaluating
ChatterBot November reevaluating
ChatterBot Mike reevaluating
ChatterBot Kilo reevaluating
ChatterBot November reevaluating
ChatterBot Charlie reevaluating
ChatterBot Kilo reevaluating
ChatterBot November reevaluating
ChatterBot Uniform reevaluating
ChatterBot Charlie reevaluating
ChatterBot Mike reevaluating
ChatterBot Kilo reevaluating
ChatterBot Mike round 3
ChatterBot Papa round 3
ChatterBot Uniform round 3
ChatterBot Kilo round 3
ChatterBot November round 3
2024-10-14 19:23:32.683176 Golf: We should add Tango and Papa
ChatterBot Delta reevaluating
2024-10-14 19:23:32.687714 Delta: Yes
2024-10-14 19:23:32.691867 Delta: We should add Golf
2024-10-14 19:23:32.700240 Papa: No
2024-10-14 19:23:32.700451 Tango: Yes
ChatterBot Delta reevaluating
ChatterBot Delta reevaluating
2024-10-14 19:23:32.730848 November: We should replace Delta with Bravo
ChatterBot Uniform reevaluating
ChatterBot Charlie reevaluating
ChatterBot Mike reevaluating
ChatterBot Kilo reevaluating
2024-10-14 19:23:32.748425 Uniform: Yes
2024-10-14 19:23:32.749020 Charlie: Yes
2024-10-14 19:23:32.749147 Mike: Yes
2024-10-14 19:23:32.749277 Kilo: Yes
ChatterBot Charlie reevaluating
ChatterBot Mike reevaluating
ChatterBot Kilo reevaluating
ChatterBot November reevaluating
ChatterBot Uniform reevaluating
ChatterBot Mike reevaluating
ChatterBot Kilo reevaluating
ChatterBot November reevaluating
ChatterBot Uniform reevaluating
ChatterBot Charlie reevaluating
ChatterBot Kilo reevaluating
ChatterBot November reevaluating
ChatterBot Uniform reevaluating
ChatterBot Charlie reevaluating
ChatterBot Mike reevaluating
ChatterBot November reevaluating
2024-10-14 19:23:32.858880 Kilo: We should add Bravo
ChatterBot Uniform reevaluating
ChatterBot Charlie reevaluating
ChatterBot November reevaluating
2024-10-14 19:23:32.885537 Uniform: Yes
2024-10-14 19:23:32.885790 Charlie: Yes
2024-10-14 19:23:32.885951 Mike: Yes
2024-10-14 19:23:32.886095 November: Yes
ChatterBot Charlie reevaluating
ChatterBot Kilo reevaluating
ChatterBot November reevaluating
ChatterBot Uniform reevaluating
ChatterBot Kilo reevaluating
ChatterBot November reevaluating
ChatterBot Uniform reevaluating
ChatterBot Charlie reevaluating
ChatterBot Kilo reevaluating
ChatterBot November reevaluating
ChatterBot Uniform reevaluating
ChatterBot Charlie reevaluating
ChatterBot Kilo reevaluating
2024-10-14 19:23:33.116340 Golf: Tango and Papa we want you to join our group
ChatterBot Tango reevaluating
2024-10-14 19:23:33.130523 Tango: Yes
2024-10-14 19:23:33.130738 Papa: No
ChatterBot Delta reevaluating
ChatterBot Delta reevaluating
ChatterBot Tango reevaluating
2024-10-14 19:23:33.172130 Bravo: Golf we want you to join our group
2024-10-14 19:23:33.179194 Golf: No
ChatterBot Bravo reevaluating
ChatterBot Charlie reevaluating
ChatterBot Uniform reevaluating
ChatterBot Kilo reevaluating
ChatterBot November reevaluating
2024-10-14 19:23:33.225369 Mike: Bravo we want you to join our group
2024-10-14 19:23:33.229902 Bravo: Yes
ChatterBot Uniform reevaluating
2024-10-14 19:23:33.250090 Kilo: Bravo we want you to join our group
2024-10-14 19:23:33.254326 Bravo: Yes
ChatterBot Uniform reevaluating
2024-10-14 19:23:33.274001 November: Bravo we want you to join our group
2024-10-14 19:23:33.278297 Bravo: Yes
2024-10-14 19:23:33.297152 Uniform: Bravo we want you to join our group
2024-10-14 19:23:33.301705 Bravo: Yes
2024-10-14 19:23:33.320023 Tango: Delta, sending you 6
2024-10-14 19:23:33.320391 Charlie: Bravo, sending you 2
2024-10-14 19:23:33.321505 Golf: Delta, sending you 1
2024-10-14 19:23:33.321833 Delta: Tango, sending you 8
2024-10-14 19:23:33.322109 Papa: Sending you each 8
2024-10-14 19:23:33.341779 Tango: Papa, sending you 8
2024-10-14 19:23:33.342641 Kilo: Charlie, Bravo, Mike and Uniform, sending you 3
2024-10-14 19:23:33.343058 Charlie: Mike and November, sending you 4
2024-10-14 19:23:33.343444 Bravo: Charlie and Mike, sending you 3
2024-10-14 19:23:33.344204 Delta: Papa, sending you 6
2024-10-14 19:23:33.344491 Mike: Charlie, Bravo, Kilo and November, sending you 3
2024-10-14 19:23:33.357444 Kilo: November, sending you 4
2024-10-14 19:23:33.358337 Charlie: Uniform and Kilo, sending you 3
2024-10-14 19:23:33.358782 Bravo: Golf, sending you 1
2024-10-14 19:23:33.359147 Mike: Uniform, sending you 2
2024-10-14 19:23:33.360061 November: Charlie, sending you 4
2024-10-14 19:23:33.360567 Uniform: Charlie and Kilo, sending you 3
2024-10-14 19:23:33.365234 Bravo: Kilo, sending you 5
2024-10-14 19:23:33.366190 November: Bravo, Mike and Uniform, sending you 3
2024-10-14 19:23:33.366678 Uniform: Mike and November, sending you 4
2024-10-14 19:23:33.374374 Bravo: November, sending you 2
2024-10-14 19:23:33.374852 November: Kilo, sending you 5
chatterbot Delta submitting transactions
chatterbot Papa submitting transactions
chatterbot Golf submitting transactions
chatterbot November submitting transactions
chatterbot Charlie submitting transactions
chatterbot Mike submitting transactions
chatterbot Kilo submitting transactions
chatterbot Tango submitting transactions
chatterbot Uniform submitting transactions
chatterbot Bravo submitting transactions
ChatterBot Charlie round 4
ChatterBot Delta round 4
ChatterBot Bravo round 4
ChatterBot Tango round 4
ChatterBot Golf round 4
ChatterBot Mike round 4
ChatterBot Papa round 4
2024-10-14 19:23:34.273015 Delta: We should add Golf
2024-10-14 19:23:34.280164 Papa: No
2024-10-14 19:23:34.280323 Tango: Yes
ChatterBot Uniform round 4
ChatterBot Kilo round 4
ChatterBot November round 4
2024-10-14 19:23:34.318943 Delta: Golf we want you to join our group
2024-10-14 19:23:34.322572 Golf: Yes
ChatterBot Papa reevaluating
2024-10-14 19:23:34.350785 Charlie: Bravo, Uniform, Kilo and November, sending you 3
2024-10-14 19:23:34.357415 Charlie: Mike, sending you 4
2024-10-14 19:23:34.360641 Bravo: Charlie and November, sending you 3
2024-10-14 19:23:34.361824 Tango: Delta, sending you 6
2024-10-14 19:23:34.362321 Mike: Charlie, Bravo, Uniform and Kilo, sending you 3
2024-10-14 19:23:34.363569 Papa: Delta and Tango, sending you 6
2024-10-14 19:23:34.364117 Golf: Delta, sending you 1
2024-10-14 19:23:34.365139 Tango: Papa, sending you 8
2024-10-14 19:23:34.369948 Bravo: Mike and Kilo, sending you 4
2024-10-14 19:23:34.370556 Papa: Golf, sending you 4
2024-10-14 19:23:34.370923 Uniform: Charlie, Kilo and November, sending you 4
2024-10-14 19:23:34.371980 Mike: November, sending you 2
2024-10-14 19:23:34.372558 Delta: Tango, sending you 7
2024-10-14 19:23:34.373349 Kilo: Charlie, Bravo, Mike and Uniform, sending you 3
2024-10-14 19:23:34.378340 Uniform: Mike, sending you 3
2024-10-14 19:23:34.378805 Delta: Golf, sending you 1
2024-10-14 19:23:34.379521 Kilo: November, sending you 4
2024-10-14 19:23:34.381642 November: Charlie and Uniform, sending you 4
2024-10-14 19:23:34.383715 Delta: Papa, sending you 6
2024-10-14 19:23:34.386692 November: Bravo, sending you 2
2024-10-14 19:23:34.390799 November: Mike, sending you 3
2024-10-14 19:23:34.394686 November: Kilo, sending you 5
chatterbot Papa submitting transactions
chatterbot Golf submitting transactions
chatterbot Tango submitting transactions
chatterbot Delta submitting transactions
chatterbot Charlie submitting transactions
chatterbot Kilo submitting transactions
chatterbot Mike submitting transactions
chatterbot Uniform submitting transactions
chatterbot Bravo submitting transactions
chatterbot November submitting transactions
ChatterBot Charlie round 5
ChatterBot Delta round 5
ChatterBot Bravo round 5
ChatterBot Tango round 5
ChatterBot Golf round 5
ChatterBot Mike round 5
ChatterBot Papa round 5
ChatterBot Uniform round 5
ChatterBot Kilo round 5
ChatterBot November round 5
2024-10-14 19:23:35.696559 Papa: Delta and Tango, sending you 6
2024-10-14 19:23:35.703187 Mike: Charlie, Bravo, Uniform and Kilo, sending you 3
2024-10-14 19:23:35.704240 Tango: Delta and Papa, sending you 7
2024-10-14 19:23:35.704628 Papa: Golf, sending you 4
2024-10-14 19:23:35.705460 Delta: Tango, sending you 7
2024-10-14 19:23:35.705786 Bravo: Charlie and November, sending you 3
2024-10-14 19:23:35.706188 Charlie: Bravo, Mike, Uniform and Kilo, sending you 3
2024-10-14 19:23:35.706646 Uniform: Charlie, sending you 3
2024-10-14 19:23:35.707450 Golf: Papa, sending you 1
2024-10-14 19:23:35.707722 November: Charlie, Bravo and Mike, sending you 3
2024-10-14 19:23:35.708163 Mike: November, sending you 2
2024-10-14 19:23:35.709352 Delta: Golf, sending you 1
2024-10-14 19:23:35.710575 Uniform: Mike, Kilo and November, sending you 4
2024-10-14 19:23:35.711348 Bravo: Mike and Kilo, sending you 4
2024-10-14 19:23:35.748901 Charlie: November, sending you 4
2024-10-14 19:23:35.750310 November: Uniform, sending you 4
2024-10-14 19:23:35.751165 Delta: Papa, sending you 6
2024-10-14 19:23:35.758447 Kilo: Charlie, Bravo, Mike and Uniform, sending you 3
2024-10-14 19:23:35.759722 November: Kilo, sending you 5
2024-10-14 19:23:35.767915 Kilo: November, sending you 4
chatterbot Mike submitting transactions
chatterbot Papa submitting transactions
chatterbot Tango submitting transactions
chatterbot Kilo submitting transactions
chatterbot November submitting transactions
chatterbot Uniform submitting transactions
chatterbot Bravo submitting transactions
chatterbot Delta submitting transactions
chatterbot Charlie submitting transactions
chatterbot Golf submitting transactions
ChatterBot Charlie round 6
ChatterBot Delta round 6
ChatterBot Bravo round 6
ChatterBot Tango round 6
ChatterBot Golf round 6
ChatterBot Mike round 6
ChatterBot Papa round 6
ChatterBot Uniform round 6
ChatterBot Kilo round 6
ChatterBot November round 6
2024-10-14 19:23:36.681671 Charlie: Bravo, Uniform, Kilo and November, sending you 3
2024-10-14 19:23:36.684680 Bravo: Charlie and November, sending you 3
2024-10-14 19:23:36.685147 Charlie: Mike, sending you 4
2024-10-14 19:23:36.686225 Delta: Tango, sending you 7
2024-10-14 19:23:36.688679 Bravo: Mike and Kilo, sending you 4
2024-10-14 19:23:36.689056 Delta: Golf, sending you 1
2024-10-14 19:23:36.689662 Tango: Delta and Papa, sending you 7
2024-10-14 19:23:36.691702 Papa: Delta and Tango, sending you 6
2024-10-14 19:23:36.693081 Mike: Charlie, Bravo, Uniform and Kilo, sending you 3
2024-10-14 19:23:36.693768 Delta: Papa, sending you 6
2024-10-14 19:23:36.695723 Papa: Golf, sending you 4
2024-10-14 19:23:36.696674 Golf: Papa, sending you 1
2024-10-14 19:23:36.697012 Mike: November, sending you 2
2024-10-14 19:23:36.698040 Uniform: Charlie, sending you 3
2024-10-14 19:23:36.699969 Kilo: Charlie, Bravo, Mike and Uniform, sending you 3
2024-10-14 19:23:36.701686 November: Charlie and Uniform, sending you 4
2024-10-14 19:23:36.703169 Uniform: Mike, Kilo and November, sending you 4
2024-10-14 19:23:36.703836 Kilo: November, sending you 4
2024-10-14 19:23:36.705693 November: Bravo, sending you 2
2024-10-14 19:23:36.711665 November: Mike, sending you 3
2024-10-14 19:23:36.714962 November: Kilo, sending you 5
chatterbot Golf submitting transactions
chatterbot Bravo submitting transactions
chatterbot Tango submitting transactions
chatterbot Kilo submitting transactions
chatterbot November submitting transactions
chatterbot Papa submitting transactions
chatterbot Charlie submitting transactions
chatterbot Uniform submitting transactions
chatterbot Mike submitting transactions
chatterbot Delta submitting transactions
ChatterBot Charlie round 7
ChatterBot Delta round 7
ChatterBot Bravo round 7
ChatterBot Tango round 7
ChatterBot Golf round 7
ChatterBot Mike round 7
ChatterBot Papa round 7
ChatterBot Uniform round 7
ChatterBot Kilo round 7
ChatterBot November round 7
2024-10-14 19:23:37.708673 Delta: Tango, sending you 7
2024-10-14 19:23:37.710662 Uniform: Charlie, Mike, Kilo and November, sending you 4
2024-10-14 19:23:37.712653 Papa: Delta and Tango, sending you 6
2024-10-14 19:23:37.713678 Delta: Golf, sending you 1
2024-10-14 19:23:37.716662 Golf: Papa, sending you 1
2024-10-14 19:23:37.717006 Papa: Golf, sending you 4
2024-10-14 19:23:37.717286 Delta: Papa, sending you 6
2024-10-14 19:23:37.717932 Tango: Delta and Papa, sending you 7
2024-10-14 19:23:37.719675 Charlie: Bravo, Mike, Uniform and Kilo, sending you 3
2024-10-14 19:23:37.720688 Bravo: Charlie and November, sending you 3
2024-10-14 19:23:37.722668 Kilo: Charlie, Bravo, Mike and Uniform, sending you 3
2024-10-14 19:23:37.723252 Charlie: November, sending you 4
2024-10-14 19:23:37.723821 Bravo: Mike and Kilo, sending you 4
2024-10-14 19:23:37.725670 Kilo: November, sending you 4
2024-10-14 19:23:37.726710 Mike: Charlie, Bravo, Uniform and Kilo, sending you 3
2024-10-14 19:23:37.729675 November: Charlie and Uniform, sending you 4
2024-10-14 19:23:37.730393 Mike: November, sending you 2
2024-10-14 19:23:37.733669 November: Bravo, sending you 3
2024-10-14 19:23:37.738682 November: Mike, sending you 2
2024-10-14 19:23:37.743650 November: Kilo, sending you 5
chatterbot Kilo submitting transactions
chatterbot Bravo submitting transactions
chatterbot Mike submitting transactions
chatterbot Golf submitting transactions
chatterbot Papa submitting transactions
chatterbot Tango submitting transactions
chatterbot Charlie submitting transactions
chatterbot Delta submitting transactions
chatterbot November submitting transactions
chatterbot Uniform submitting transactions
ChatterBot Charlie round 8
ChatterBot Delta round 8
ChatterBot Bravo round 8
ChatterBot Tango round 8
ChatterBot Golf round 8
ChatterBot Mike round 8
ChatterBot Papa round 8
ChatterBot Uniform round 8
ChatterBot Kilo round 8
ChatterBot November round 8
2024-10-14 19:23:38.765909 Golf: Papa, sending you 1
2024-10-14 19:23:38.772914 Mike: Charlie, Bravo, Uniform and Kilo, sending you 3
2024-10-14 19:23:38.774812 Delta: Tango, sending you 7
2024-10-14 19:23:38.775493 Uniform: Charlie, Mike, Kilo and November, sending you 4
2024-10-14 19:23:38.776855 Charlie: Bravo, Mike, Uniform and Kilo, sending you 3
2024-10-14 19:23:38.778184 Kilo: Charlie, Bravo, Mike and Uniform, sending you 3
2024-10-14 19:23:38.778935 Mike: November, sending you 2
2024-10-14 19:23:38.780185 Delta: Golf, sending you 1
2024-10-14 19:23:38.781212 Charlie: November, sending you 4
2024-10-14 19:23:38.782355 Papa: Delta and Tango, sending you 6
2024-10-14 19:23:38.783329 Kilo: November, sending you 4
2024-10-14 19:23:38.784517 Tango: Delta, sending you 8
2024-10-14 19:23:38.785664 Delta: Papa, sending you 6
2024-10-14 19:23:38.786339 Bravo: Charlie and November, sending you 3
2024-10-14 19:23:38.786872 Papa: Golf, sending you 4
2024-10-14 19:23:38.788684 Tango: Papa, sending you 6
2024-10-14 19:23:38.789697 November: Charlie and Uniform, sending you 4
2024-10-14 19:23:38.790930 Bravo: Mike and Kilo, sending you 4
2024-10-14 19:23:38.794754 November: Bravo, sending you 3
2024-10-14 19:23:38.798705 November: Mike, sending you 2
2024-10-14 19:23:38.803329 November: Kilo, sending you 5
chatterbot Golf submitting transactions
chatterbot November submitting transactions
chatterbot Delta submitting transactions
chatterbot Tango submitting transactions
chatterbot Bravo submitting transactions
chatterbot Uniform submitting transactions
chatterbot Kilo submitting transactions
chatterbot Charlie submitting transactions
chatterbot Mike submitting transactions
chatterbot Papa submitting transactions
ChatterBot Charlie round 9
ChatterBot Delta round 9
ChatterBot Bravo round 9
ChatterBot Tango round 9
ChatterBot Golf round 9
ChatterBot Mike round 9
ChatterBot Papa round 9
ChatterBot Uniform round 9
ChatterBot Kilo round 9
ChatterBot November round 9
2024-10-14 19:23:40.102675 Charlie: We should add Golf
ChatterBot Bravo reevaluating
2024-10-14 19:23:40.119733 Bravo: No
2024-10-14 19:23:40.120018 November: No
2024-10-14 19:23:40.120229 Kilo: No
2024-10-14 19:23:40.120425 Mike: No
2024-10-14 19:23:40.120621 Uniform: No
ChatterBot Charlie reevaluating
ChatterBot Bravo reevaluating
ChatterBot Charlie reevaluating
ChatterBot Bravo reevaluating
ChatterBot Charlie reevaluating
ChatterBot Bravo reevaluating
ChatterBot Charlie reevaluating
ChatterBot Bravo reevaluating
ChatterBot Charlie reevaluating
2024-10-14 19:23:40.207837 Bravo: We should drop Golf
ChatterBot Charlie reevaluating
2024-10-14 19:23:40.223080 November: Yes
2024-10-14 19:23:40.223485 Kilo: Yes
2024-10-14 19:23:40.223760 Mike: Yes
2024-10-14 19:23:40.224009 Uniform: Yes
2024-10-14 19:23:40.224603 Charlie: Yes
ChatterBot Bravo reevaluating
ChatterBot Charlie reevaluating
ChatterBot Bravo reevaluating
ChatterBot Charlie reevaluating
ChatterBot Bravo reevaluating
ChatterBot Charlie reevaluating
ChatterBot Bravo reevaluating
ChatterBot Charlie reevaluating
ChatterBot Bravo reevaluating
2024-10-14 19:23:40.287666 Tango: Delta, sending you 8
2024-10-14 19:23:40.288115 Delta: Tango, sending you 7
2024-10-14 19:23:40.290664 November: Charlie and Uniform, sending you 4
2024-10-14 19:23:40.291449 Tango: Papa, sending you 6
2024-10-14 19:23:40.291833 Uniform: Charlie, Mike, Kilo and November, sending you 4
2024-10-14 19:23:40.292477 Golf: Papa, sending you 1
2024-10-14 19:23:40.292809 Delta: Golf, sending you 1
2024-10-14 19:23:40.293151 Mike: Charlie, Bravo, Uniform and Kilo, sending you 3
2024-10-14 19:23:40.293699 Papa: Delta and Tango, sending you 6
2024-10-14 19:23:40.294142 November: Bravo, sending you 3
2024-10-14 19:23:40.296699 Delta: Papa, sending you 6
2024-10-14 19:23:40.298714 Mike: November, sending you 2
2024-10-14 19:23:40.299433 Papa: Golf, sending you 4
2024-10-14 19:23:40.299741 November: Mike, sending you 2
2024-10-14 19:23:40.301813 Kilo: Charlie, Bravo, Mike and Uniform, sending you 3
2024-10-14 19:23:40.303243 November: Kilo, sending you 5
2024-10-14 19:23:40.308437 Kilo: November, sending you 4
2024-10-14 19:23:40.310670 Charlie: Bravo, Mike, Uniform and Kilo, sending you 3
2024-10-14 19:23:40.314668 Charlie: November, sending you 4
2024-10-14 19:23:40.318649 Bravo: Charlie and November, sending you 3
2024-10-14 19:23:40.323665 Bravo: Mike and Kilo, sending you 4
chatterbot Uniform submitting transactions
chatterbot Bravo submitting transactions
chatterbot Mike submitting transactions
chatterbot Tango submitting transactions
chatterbot Charlie submitting transactions
chatterbot Golf submitting transactions
chatterbot Delta submitting transactions
chatterbot Kilo submitting transactions
chatterbot Papa submitting transactions
chatterbot November submitting transactions
ChatterBot Charlie round 10
ChatterBot Delta round 10
ChatterBot Bravo round 10
ChatterBot Tango round 10
ChatterBot Golf round 10
ChatterBot Mike round 10
ChatterBot Papa round 10
ChatterBot Uniform round 10
ChatterBot Kilo round 10
ChatterBot November round 10
2024-10-14 19:23:41.354681 Golf: Papa, sending you 1
2024-10-14 19:23:41.359677 Papa: Delta and Tango, sending you 6
2024-10-14 19:23:41.361703 Bravo: Charlie and November, sending you 3
2024-10-14 19:23:41.364112 Tango: Delta, sending you 8
2024-10-14 19:23:41.365162 Delta: Tango, sending you 7
2024-10-14 19:23:41.367262 Papa: Golf, sending you 4
2024-10-14 19:23:41.369283 Bravo: Mike and Kilo, sending you 4
2024-10-14 19:23:41.371695 Charlie: Bravo, Mike, Uniform and Kilo, sending you 3
2024-10-14 19:23:41.374382 Tango: Papa, sending you 6
2024-10-14 19:23:41.374981 Kilo: Charlie, Bravo, Mike and Uniform, sending you 3
2024-10-14 19:23:41.376283 Delta: Golf, sending you 1
2024-10-14 19:23:41.377484 Uniform: Charlie, Mike, Kilo and November, sending you 4
2024-10-14 19:23:41.379383 November: Charlie and Uniform, sending you 4
2024-10-14 19:23:41.380934 Mike: Charlie, Bravo, Uniform and Kilo, sending you 3
2024-10-14 19:23:41.382558 Charlie: November, sending you 4
2024-10-14 19:23:41.384032 Kilo: November, sending you 4
2024-10-14 19:23:41.385066 Delta: Papa, sending you 6
2024-10-14 19:23:41.386049 November: Bravo, sending you 3
2024-10-14 19:23:41.387085 Mike: November, sending you 2
2024-10-14 19:23:41.390712 November: Mike, sending you 2
2024-10-14 19:23:41.396690 November: Kilo, sending you 5
chatterbot Tango submitting transactions
chatterbot Delta submitting transactions
chatterbot Golf submitting transactions
chatterbot Papa submitting transactions
chatterbot Bravo submitting transactions
chatterbot Mike submitting transactions
chatterbot Charlie submitting transactions
chatterbot November submitting transactions
chatterbot Uniform submitting transactions
chatterbot Kilo submitting transactions
ChatterBot Charlie round 11
ChatterBot Delta round 11
ChatterBot Bravo round 11
ChatterBot Tango round 11
ChatterBot Golf round 11
ChatterBot Mike round 11
ChatterBot Papa round 11
ChatterBot Uniform round 11
ChatterBot Kilo round 11
ChatterBot November round 11
2024-10-14 19:23:42.663681 Bravo: Charlie and November, sending you 3
2024-10-14 19:23:42.667718 Charlie: Bravo, Mike, Uniform and Kilo, sending you 3
2024-10-14 19:23:42.669148 Bravo: Mike and Kilo, sending you 4
2024-10-14 19:23:42.670859 Golf: Papa, sending you 1
2024-10-14 19:23:42.671542 Mike: Charlie, Bravo, Uniform and Kilo, sending you 3
2024-10-14 19:23:42.673302 Tango: Delta, sending you 8
2024-10-14 19:23:42.673881 Uniform: Charlie, Mike and Kilo, sending you 4
2024-10-14 19:23:42.675452 Charlie: November, sending you 4
2024-10-14 19:23:42.677002 Papa: Delta and Tango, sending you 6
2024-10-14 19:23:42.678223 Mike: November, sending you 2
2024-10-14 19:23:42.679474 Tango: Papa, sending you 6
2024-10-14 19:23:42.680426 Kilo: Charlie, Bravo, Mike and Uniform, sending you 3
2024-10-14 19:23:42.681542 Uniform: November, sending you 5
2024-10-14 19:23:42.683314 Papa: Golf, sending you 4
2024-10-14 19:23:42.683922 Kilo: November, sending you 4
2024-10-14 19:23:42.687112 Delta: Tango, sending you 8
2024-10-14 19:23:42.687689 November: Charlie and Uniform, sending you 4
2024-10-14 19:23:42.689663 Delta: Papa, sending you 6
2024-10-14 19:23:42.692026 November: Bravo, sending you 3
2024-10-14 19:23:42.697665 November: Mike, sending you 2
2024-10-14 19:23:42.701956 November: Kilo, sending you 5
chatterbot Delta submitting transactions
chatterbot Charlie submitting transactions
chatterbot November submitting transactions
chatterbot Tango submitting transactions
chatterbot Papa submitting transactions
chatterbot Mike submitting transactions
chatterbot Kilo submitting transactions
chatterbot Bravo submitting transactions
chatterbot Uniform submitting transactions
chatterbot Golf submitting transactions
ChatterBot Charlie round 12
ChatterBot Delta round 12
ChatterBot Bravo round 12
ChatterBot Tango round 12
ChatterBot Golf round 12
ChatterBot Mike round 12
ChatterBot Papa round 12
ChatterBot Uniform round 12
ChatterBot Kilo round 12
ChatterBot November round 12
2024-10-14 19:23:43.930696 Golf: Papa, sending you 1
2024-10-14 19:23:43.932230 Tango: Delta, sending you 8
2024-10-14 19:23:43.932881 Bravo: Charlie and November, sending you 3
2024-10-14 19:23:43.982495 Tango: Papa, sending you 6
2024-10-14 19:23:43.983274 Delta: Tango, sending you 8
2024-10-14 19:23:43.984548 Bravo: Mike and Kilo, sending you 4
2024-10-14 19:23:43.986648 Mike: Charlie, Bravo, Uniform and Kilo, sending you 3
2024-10-14 19:23:43.988667 November: Charlie and Uniform, sending you 4
2024-10-14 19:23:43.989783 Uniform: Charlie, Mike and Kilo, sending you 4
2024-10-14 19:23:43.991906 Charlie: Bravo, Mike, Uniform and Kilo, sending you 3
2024-10-14 19:23:43.994646 Delta: Papa, sending you 6
2024-10-14 19:23:43.996481 Kilo: Charlie, Bravo, Mike and Uniform, sending you 3
2024-10-14 19:23:43.998716 Mike: November, sending you 2
2024-10-14 19:23:44.001118 Papa: Delta and Tango, sending you 6
2024-10-14 19:23:44.002549 November: Bravo, sending you 3
2024-10-14 19:23:44.004034 Uniform: November, sending you 5
2024-10-14 19:23:44.005425 Charlie: November, sending you 4
2024-10-14 19:23:44.006922 Kilo: November, sending you 4
2024-10-14 19:23:44.007929 Papa: Golf, sending you 4
2024-10-14 19:23:44.008995 November: Mike, sending you 2
2024-10-14 19:23:44.017770 November: Kilo, sending you 5
chatterbot Uniform submitting transactions
chatterbot November submitting transactions
chatterbot Papa submitting transactions
chatterbot Golf submitting transactions
chatterbot Kilo submitting transactions
chatterbot Tango submitting transactions
chatterbot Delta submitting transactions
chatterbot Charlie submitting transactions
chatterbot Mike submitting transactions
chatterbot Bravo submitting transactions
ChatterBot Charlie round 13
ChatterBot Delta round 13
ChatterBot Bravo round 13
ChatterBot Tango round 13
ChatterBot Golf round 13
ChatterBot Mike round 13
ChatterBot Papa round 13
ChatterBot Uniform round 13
ChatterBot Kilo round 13
ChatterBot November round 13
2024-10-14 19:23:44.983902 Delta: Tango, sending you 8
2024-10-14 19:23:44.984533 Bravo: Charlie and November, sending you 3
2024-10-14 19:23:44.987722 Delta: Papa, sending you 6
2024-10-14 19:23:44.991139 Bravo: Mike and Kilo, sending you 4
2024-10-14 19:23:44.992546 Kilo: Charlie, Bravo, Mike and Uniform, sending you 3
2024-10-14 19:23:44.994601 Golf: Papa, sending you 1
2024-10-14 19:23:44.998689 Kilo: November, sending you 4
2024-10-14 19:23:45.000643 Uniform: Charlie, Mike and Kilo, sending you 4
2024-10-14 19:23:45.002494 Papa: Delta and Tango, sending you 6
2024-10-14 19:23:45.002958 Mike: Charlie, Bravo, Uniform and Kilo, sending you 3
2024-10-14 19:23:45.004422 Charlie: Bravo, Mike, Uniform and Kilo, sending you 3
2024-10-14 19:23:45.005361 Tango: Delta, sending you 8
2024-10-14 19:23:45.006665 Uniform: November, sending you 5
2024-10-14 19:23:45.007485 Papa: Golf, sending you 4
2024-10-14 19:23:45.008684 Mike: November, sending you 2
2024-10-14 19:23:45.010501 Charlie: November, sending you 4
2024-10-14 19:23:45.011794 November: Charlie and Uniform, sending you 4
2024-10-14 19:23:45.013421 Tango: Papa, sending you 6
2024-10-14 19:23:45.016684 November: Bravo, sending you 3
2024-10-14 19:23:45.020877 November: Mike, sending you 2
2024-10-14 19:23:45.026674 November: Kilo, sending you 5
chatterbot Charlie submitting transactions
chatterbot Uniform submitting transactions
chatterbot Bravo submitting transactions
chatterbot Papa submitting transactions
chatterbot Mike submitting transactions
chatterbot Golf submitting transactions
chatterbot Tango submitting transactions
chatterbot November submitting transactions
chatterbot Delta submitting transactions
chatterbot Kilo submitting transactions
ChatterBot Charlie round 14
ChatterBot Delta round 14
ChatterBot Bravo round 14
ChatterBot Tango round 14
ChatterBot Golf round 14
ChatterBot Mike round 14
ChatterBot Papa round 14
ChatterBot Uniform round 14
ChatterBot Kilo round 14
ChatterBot November round 14
2024-10-14 19:23:46.308015 Golf: Papa, sending you 1
2024-10-14 19:23:46.310692 Charlie: Bravo, Mike, Uniform and Kilo, sending you 3
2024-10-14 19:23:46.316059 Papa: Delta and Tango, sending you 6
2024-10-14 19:23:46.316679 Charlie: November, sending you 4
2024-10-14 19:23:46.318707 Papa: Golf, sending you 4
2024-10-14 19:23:46.319678 November: Charlie and Uniform, sending you 4
2024-10-14 19:23:46.322674 Bravo: Charlie and November, sending you 3
2024-10-14 19:23:46.324769 Tango: Delta, sending you 8
2024-10-14 19:23:46.325516 Kilo: Charlie, Bravo, Mike and Uniform, sending you 3
2024-10-14 19:23:46.327464 November: Bravo, sending you 3
2024-10-14 19:23:46.329346 Mike: Charlie, Bravo, Uniform and Kilo, sending you 3
2024-10-14 19:23:46.330284 Bravo: Mike and Kilo, sending you 4
2024-10-14 19:23:46.331535 Tango: Papa, sending you 6
2024-10-14 19:23:46.332154 Delta: Tango, sending you 8
2024-10-14 19:23:46.333152 Kilo: November, sending you 4
2024-10-14 19:23:46.334171 Uniform: Charlie, Mike and Kilo, sending you 4
2024-10-14 19:23:46.335415 November: Mike, sending you 2
2024-10-14 19:23:46.336169 Mike: November, sending you 2
2024-10-14 19:23:46.337250 Delta: Papa, sending you 6
2024-10-14 19:23:46.339688 Uniform: November, sending you 5
2024-10-14 19:23:46.341211 November: Kilo, sending you 5
chatterbot Tango submitting transactions
chatterbot Golf submitting transactions
chatterbot Kilo submitting transactions
chatterbot Papa submitting transactions
