ChatterBot Kilo round 1
ChatterBot Echo round 1
ChatterBot Delta round 1
ChatterBot November round 1
randomSelections Echo: {Echo, Delta, Kilo, Zulu, Yankee, Bravo} 
2024-10-14 19:23:28.153908 Echo: Let's form a team
ChatterBot Delta reevaluating
ChatterBot Kilo reevaluating
2024-10-14 19:23:28.160157 Delta: Yes
2024-10-14 19:23:28.160296 Kilo: Yes
ChatterBot Kilo reevaluating
ChatterBot Delta reevaluating
ChatterBot Romeo round 1
ChatterBot Bravo round 1
ChatterBot Bravo reevaluating
ChatterBot Bravo reevaluating
ChatterBot Bravo reevaluating
2024-10-14 19:23:28.178794 Bravo: Yes
ChatterBot Delta reevaluating
ChatterBot Kilo reevaluating
ChatterBot Juliett round 1
ChatterBot Yankee round 1
ChatterBot Yankee reevaluating
ChatterBot Yankee reevaluating
ChatterBot Yankee reevaluating
ChatterBot Yankee reevaluating
2024-10-14 19:23:28.196857 Yankee: Yes
ChatterBot Delta reevaluating
ChatterBot Kilo reevaluating
ChatterBot Bravo reevaluating
ChatterBot Zulu round 1
ChatterBot Zulu reevaluating
ChatterBot Zulu reevaluating
ChatterBot Zulu reevaluating
ChatterBot Zulu reevaluating
ChatterBot Zulu reevaluating
2024-10-14 19:23:28.285057 Zulu: Yes
ChatterBot Delta reevaluating
ChatterBot Kilo reevaluating
ChatterBot Yankee reevaluating
ChatterBot Bravo reevaluating
ChatterBot Oscar round 1
randomSelections November: {November, Zulu, Kilo, Romeo, Echo, Oscar} 
2024-10-14 19:23:28.304001 November: We should group up
ChatterBot Zulu reevaluating
ChatterBot Kilo reevaluating
ChatterBot Romeo reevaluating
ChatterBot Oscar reevaluating
2024-10-14 19:23:28.317552 Zulu: No
2024-10-14 19:23:28.318058 Kilo: No
2024-10-14 19:23:28.318655 Romeo: Yes
2024-10-14 19:23:28.319466 Echo: No
2024-10-14 19:23:28.319878 Oscar: Yes
ChatterBot Kilo reevaluating
ChatterBot Romeo reevaluating
ChatterBot Oscar reevaluating
ChatterBot Zulu reevaluating
ChatterBot Romeo reevaluating
ChatterBot Oscar reevaluating
ChatterBot Zulu reevaluating
ChatterBot Kilo reevaluating
ChatterBot Oscar reevaluating
ChatterBot Zulu reevaluating
ChatterBot Kilo reevaluating
ChatterBot Romeo reevaluating
ChatterBot Oscar reevaluating
ChatterBot Zulu reevaluating
ChatterBot Kilo reevaluating
ChatterBot Romeo reevaluating
randomSelections Juliett: {Juliett, Zulu, Romeo, Bravo, November, Delta, Kilo, Yankee} 
2024-10-14 19:23:28.374767 Juliett: We should group up
ChatterBot Zulu reevaluating
ChatterBot Romeo reevaluating
ChatterBot Bravo reevaluating
ChatterBot Delta reevaluating
ChatterBot Yankee reevaluating
2024-10-14 19:23:28.386080 Zulu: No
2024-10-14 19:23:28.387066 Romeo: No
2024-10-14 19:23:28.387418 Bravo: No
2024-10-14 19:23:28.387734 November: No
2024-10-14 19:23:28.388182 Delta: No
2024-10-14 19:23:28.389282 Kilo: No
2024-10-14 19:23:28.389736 Yankee: No
ChatterBot Romeo reevaluating
ChatterBot Bravo reevaluating
ChatterBot Delta reevaluating
ChatterBot Yankee reevaluating
ChatterBot Zulu reevaluating
ChatterBot Bravo reevaluating
ChatterBot Delta reevaluating
ChatterBot Yankee reevaluating
ChatterBot Zulu reevaluating
ChatterBot Romeo reevaluating
ChatterBot Delta reevaluating
ChatterBot Yankee reevaluating
ChatterBot Zulu reevaluating
ChatterBot Romeo reevaluating
ChatterBot Bravo reevaluating
ChatterBot Delta reevaluating
ChatterBot Yankee reevaluating
ChatterBot Zulu reevaluating
ChatterBot Romeo reevaluating
ChatterBot Bravo reevaluating
ChatterBot Yankee reevaluating
ChatterBot Zulu reevaluating
ChatterBot Romeo reevaluating
ChatterBot Bravo reevaluating
ChatterBot Delta reevaluating
ChatterBot Yankee reevaluating
ChatterBot Zulu reevaluating
ChatterBot Romeo reevaluating
ChatterBot Bravo reevaluating
ChatterBot Delta reevaluating
2024-10-14 19:23:28.507205 Echo: Kilo, sending you 4
2024-10-14 19:23:28.510660 Echo: Delta, sending you 3
2024-10-14 19:23:28.515372 Kilo: Echo, sending you 4
2024-10-14 19:23:28.516725 Bravo: Kilo and Zulu, sending you 2
2024-10-14 19:23:28.517160 Echo: Bravo and Yankee, sending you 2
2024-10-14 19:23:28.519939 Bravo: Echo, sending you 4
2024-10-14 19:23:28.520960 Kilo: Delta, sending you 1
2024-10-14 19:23:28.521777 Echo: Zulu, sending you 5
2024-10-14 19:23:28.522187 Yankee: Kilo, sending you 4
2024-10-14 19:23:28.522535 November: Kilo, sending you 4
2024-10-14 19:23:28.523442 Romeo: Kilo, sending you 7
2024-10-14 19:23:28.523790 Juliett: Kilo and Romeo, sending you 2
2024-10-14 19:23:28.524164 Delta: Kilo and Bravo, sending you 3
2024-10-14 19:23:28.524966 Bravo: Delta and Yankee, sending you 3
2024-10-14 19:23:28.525297 Oscar: Kilo and Zulu, sending you 5
2024-10-14 19:23:28.525653 Yankee: Echo, Bravo and Zulu, sending you 2
2024-10-14 19:23:28.526020 Kilo: Bravo, sending you 6
2024-10-14 19:23:28.533979 November: Echo, sending you 1
2024-10-14 19:23:28.534462 Delta: Echo, sending you 1
2024-10-14 19:23:28.535557 Romeo: Echo and Oscar, sending you 3
2024-10-14 19:23:28.536182 Juliett: November and Zulu, sending you 3
2024-10-14 19:23:28.537342 Oscar: Echo, sending you 4
2024-10-14 19:23:28.537797 Yankee: Delta, sending you 5
2024-10-14 19:23:28.538808 Zulu: Yankee, sending you 1
2024-10-14 19:23:28.539311 Kilo: Yankee and Zulu, sending you 3
2024-10-14 19:23:28.540379 Delta: Yankee and Zulu, sending you 4
2024-10-14 19:23:28.540763 November: Romeo, Zulu and Oscar, sending you 3
2024-10-14 19:23:28.541111 Romeo: November, sending you 4
2024-10-14 19:23:28.541927 Juliett: Bravo and Yankee, sending you 1
2024-10-14 19:23:28.542399 Oscar: November, sending you 1
chatterbot Romeo submitting transactions
chatterbot Kilo submitting transactions
chatterbot Zulu submitting transactions
chatterbot Juliett submitting transactions
chatterbot Yankee submitting transactions
chatterbot Bravo submitting transactions
chatterbot Delta submitting transactions
chatterbot Echo submitting transactions
chatterbot November submitting transactions
chatterbot Oscar submitting transactions
ChatterBot Kilo round 2
ChatterBot Echo round 2
ChatterBot Delta round 2
ChatterBot November round 2
ChatterBot Romeo round 2
ChatterBot Bravo round 2
2024-10-14 19:23:31.788782 Kilo: We should group up
ChatterBot Echo reevaluating
ChatterBot Delta reevaluating
ChatterBot Bravo reevaluating
ChatterBot Yankee reevaluating
ChatterBot November reevaluating
ChatterBot Romeo reevaluating
ChatterBot Juliett reevaluating
ChatterBot Oscar reevaluating
2024-10-14 19:23:31.866906 Echo: Yes
2024-10-14 19:23:31.867133 Delta: No
2024-10-14 19:23:31.867258 Bravo: No
2024-10-14 19:23:31.867367 Yankee: No
2024-10-14 19:23:31.867471 November: No
2024-10-14 19:23:31.867581 Romeo: No
2024-10-14 19:23:31.867709 Juliett: No
2024-10-14 19:23:31.868219 Oscar: No
ChatterBot Delta reevaluating
ChatterBot Bravo reevaluating
ChatterBot Yankee reevaluating
ChatterBot November reevaluating
ChatterBot Romeo reevaluating
ChatterBot Juliett reevaluating
ChatterBot Oscar reevaluating
ChatterBot Echo reevaluating
ChatterBot Bravo reevaluating
ChatterBot Yankee reevaluating
ChatterBot November reevaluating
ChatterBot Romeo reevaluating
ChatterBot Juliett reevaluating
ChatterBot Oscar reevaluating
ChatterBot Echo reevaluating
ChatterBot Delta reevaluating
ChatterBot Yankee reevaluating
ChatterBot November reevaluating
ChatterBot Romeo reevaluating
ChatterBot Juliett reevaluating
ChatterBot Oscar reevaluating
ChatterBot Echo reevaluating
ChatterBot Delta reevaluating
ChatterBot Bravo reevaluating
ChatterBot November reevaluating
ChatterBot Romeo reevaluating
ChatterBot Juliett reevaluating
ChatterBot Oscar reevaluating
ChatterBot Echo reevaluating
ChatterBot Delta reevaluating
ChatterBot Bravo reevaluating
ChatterBot Yankee reevaluating
ChatterBot Romeo reevaluating
ChatterBot Juliett reevaluating
ChatterBot Oscar reevaluating
ChatterBot Echo reevaluating
ChatterBot Delta reevaluating
ChatterBot Bravo reevaluating
ChatterBot Yankee reevaluating
ChatterBot November reevaluating
ChatterBot Juliett reevaluating
ChatterBot Oscar reevaluating
ChatterBot Echo reevaluating
ChatterBot Delta reevaluating
ChatterBot Bravo reevaluating
ChatterBot Yankee reevaluating
ChatterBot November reevaluating
ChatterBot Romeo reevaluating
ChatterBot Oscar reevaluating
ChatterBot Echo reevaluating
ChatterBot Delta reevaluating
ChatterBot Bravo reevaluating
ChatterBot Yankee reevaluating
ChatterBot November reevaluating
ChatterBot Romeo reevaluating
ChatterBot Juliett reevaluating
ChatterBot Juliett round 2
ChatterBot Yankee round 2
ChatterBot Zulu round 2
ChatterBot Oscar round 2
2024-10-14 19:23:32.413526 Delta: We should replace Zulu with Juliett
ChatterBot Echo reevaluating
ChatterBot Bravo reevaluating
ChatterBot Yankee reevaluating
2024-10-14 19:23:32.430688 Kilo: Yes
2024-10-14 19:23:32.431705 Echo: Yes
2024-10-14 19:23:32.431923 Bravo: Yes
2024-10-14 19:23:32.432740 Yankee: Yes
ChatterBot Delta reevaluating
ChatterBot Echo reevaluating
ChatterBot Bravo reevaluating
ChatterBot Yankee reevaluating
ChatterBot Delta reevaluating
ChatterBot Bravo reevaluating
ChatterBot Yankee reevaluating
ChatterBot Delta reevaluating
ChatterBot Echo reevaluating
ChatterBot Yankee reevaluating
ChatterBot Delta reevaluating
ChatterBot Echo reevaluating
ChatterBot Bravo reevaluating
2024-10-14 19:23:32.508887 Juliett: Group up?
ChatterBot Echo reevaluating
ChatterBot Delta reevaluating
ChatterBot Bravo reevaluating
2024-10-14 19:23:32.530568 Kilo: Yes
2024-10-14 19:23:32.530823 Echo: Yes
2024-10-14 19:23:32.531373 Delta: Yes
2024-10-14 19:23:32.531466 Bravo: Yes
2024-10-14 19:23:32.531561 Yankee: Yes
ChatterBot Echo reevaluating
ChatterBot Delta reevaluating
ChatterBot Bravo reevaluating
ChatterBot Delta reevaluating
ChatterBot Bravo reevaluating
ChatterBot Echo reevaluating
ChatterBot Bravo reevaluating
ChatterBot Echo reevaluating
ChatterBot Delta reevaluating
ChatterBot Echo reevaluating
ChatterBot Delta reevaluating
ChatterBot Bravo reevaluating
2024-10-14 19:23:32.647662 Oscar: Group up?
ChatterBot Romeo reevaluating
ChatterBot November reevaluating
2024-10-14 19:23:32.671921 Romeo: Yes
2024-10-14 19:23:32.672165 November: No
2024-10-14 19:23:32.672374 Juliett: No
2024-10-14 19:23:32.672850 Zulu: No
ChatterBot November reevaluating
ChatterBot Romeo reevaluating
ChatterBot Oscar reevaluating
ChatterBot Romeo reevaluating
ChatterBot November reevaluating
ChatterBot Oscar reevaluating
ChatterBot Romeo reevaluating
ChatterBot November reevaluating
ChatterBot Oscar reevaluating
chatterbot Kilo submitting transactions
2024-10-14 19:23:32.824382 Kilo: Echo, Delta, November, Bravo, Juliett, Yankee and Oscar, sending you 2
2024-10-14 19:23:32.824847 Delta: Juliett we want you to join our group
2024-10-14 19:23:32.828985 Juliett: Yes
2024-10-14 19:23:32.845269 Yankee: Juliett we want you to join our group
2024-10-14 19:23:32.848971 Juliett: Yes
2024-10-14 19:23:32.864923 Bravo: Juliett we want you to join our group
2024-10-14 19:23:32.868605 Juliett: Yes
2024-10-14 19:23:32.885487 Kilo: Romeo, sending you 3
2024-10-14 19:23:33.110700 Juliett: Kilo, sending you 4
2024-10-14 19:23:33.112143 Zulu: Echo, sending you 1
2024-10-14 19:23:33.112635 Romeo: November, sending you 7
2024-10-14 19:23:33.113648 Echo: Kilo, sending you 3
2024-10-14 19:23:33.114334 November: Kilo and Oscar, sending you 3
chatterbot Juliett submitting transactions
chatterbot Zulu submitting transactions
chatterbot Echo submitting transactions
chatterbot Delta submitting transactions
2024-10-14 19:23:33.116233 Juliett: Echo, Delta, Bravo and Yankee, sending you 3
2024-10-14 19:23:33.117426 Echo: Delta, November, Romeo, Bravo, Yankee and Oscar, sending you 2
2024-10-14 19:23:33.211659 Romeo: Juliett, sending you 5
2024-10-14 19:23:33.212075 November: Romeo and Juliett, sending you 4
2024-10-14 19:23:33.212396 Oscar: Kilo, Echo, Delta, November, Romeo, Bravo and Juliett, sending you 2
2024-10-14 19:23:33.213429 Delta: Kilo, sending you 1
2024-10-14 19:23:33.213856 Yankee: Kilo, sending you 4
2024-10-14 19:23:33.214722 Bravo: Kilo, sending you 6
2024-10-14 19:23:33.215094 Echo: Juliett, sending you 1
chatterbot Oscar submitting transactions
2024-10-14 19:23:33.255233 Romeo: Zulu and Oscar, sending you 3
2024-10-14 19:23:33.255561 Oscar: Yankee, sending you 1
2024-10-14 19:23:33.255999 Delta: Echo and Bravo, sending you 4
2024-10-14 19:23:33.256713 Bravo: Echo and Yankee, sending you 2
2024-10-14 19:23:33.257016 Yankee: Echo, sending you 2
2024-10-14 19:23:33.309167 Bravo: Delta, sending you 3
2024-10-14 19:23:33.309997 Delta: Yankee, sending you 6
2024-10-14 19:23:33.310299 Yankee: Delta, sending you 5
2024-10-14 19:23:33.330911 Bravo: Juliett, sending you 1
2024-10-14 19:23:33.331277 Yankee: Bravo, sending you 3
2024-10-14 19:23:33.347676 Yankee: Juliett, sending you 1
chatterbot November submitting transactions
chatterbot Bravo submitting transactions
chatterbot Romeo submitting transactions
chatterbot Yankee submitting transactions
ChatterBot Kilo round 3
ChatterBot Echo round 3
ChatterBot Delta round 3
ChatterBot November round 3
ChatterBot Romeo round 3
ChatterBot Bravo round 3
ChatterBot Juliett round 3
ChatterBot Yankee round 3
ChatterBot Zulu round 3
ChatterBot Oscar round 3
2024-10-14 19:23:33.963290 Yankee: Let's form a team
ChatterBot Delta reevaluating
ChatterBot November reevaluating
ChatterBot Romeo reevaluating
ChatterBot Juliett reevaluating
2024-10-14 19:23:33.994453 Kilo: Yes
2024-10-14 19:23:33.994623 Echo: Yes
2024-10-14 19:23:33.994774 Delta: Yes
2024-10-14 19:23:33.994899 Bravo: No
2024-10-14 19:23:33.995010 November: No
2024-10-14 19:23:33.995111 Romeo: Yes
2024-10-14 19:23:33.995222 Juliett: Yes
2024-10-14 19:23:33.995324 Oscar: Yes
ChatterBot Delta reevaluating
ChatterBot Bravo reevaluating
ChatterBot November reevaluating
ChatterBot Romeo reevaluating
ChatterBot Juliett reevaluating
ChatterBot Delta reevaluating
ChatterBot Bravo reevaluating
ChatterBot November reevaluating
ChatterBot Romeo reevaluating
ChatterBot Juliett reevaluating
ChatterBot Bravo reevaluating
ChatterBot November reevaluating
ChatterBot Romeo reevaluating
ChatterBot Juliett reevaluating
ChatterBot Delta reevaluating
ChatterBot November reevaluating
ChatterBot Romeo reevaluating
ChatterBot Juliett reevaluating
ChatterBot Delta reevaluating
ChatterBot Bravo reevaluating
ChatterBot Romeo reevaluating
ChatterBot Juliett reevaluating
ChatterBot Delta reevaluating
ChatterBot Bravo reevaluating
ChatterBot November reevaluating
ChatterBot Juliett reevaluating
ChatterBot Delta reevaluating
ChatterBot Bravo reevaluating
ChatterBot November reevaluating
ChatterBot Romeo reevaluating
ChatterBot Delta reevaluating
ChatterBot Bravo reevaluating
ChatterBot November reevaluating
ChatterBot Romeo reevaluating
ChatterBot Juliett reevaluating
2024-10-14 19:23:34.372455 Zulu: We should group up
ChatterBot Romeo reevaluating
ChatterBot November reevaluating
ChatterBot Juliett reevaluating
2024-10-14 19:23:34.400898 Romeo: No
2024-10-14 19:23:34.401119 November: No
2024-10-14 19:23:34.401325 Juliett: No
2024-10-14 19:23:34.401534 Oscar: No
ChatterBot November reevaluating
ChatterBot Juliett reevaluating
ChatterBot Zulu reevaluating
ChatterBot Romeo reevaluating
ChatterBot Juliett reevaluating
ChatterBot Zulu reevaluating
ChatterBot Romeo reevaluating
ChatterBot November reevaluating
ChatterBot Zulu reevaluating
ChatterBot Romeo reevaluating
ChatterBot November reevaluating
ChatterBot Juliett reevaluating
ChatterBot Zulu reevaluating
2024-10-14 19:23:34.587842 Kilo: Echo, Delta, November, Romeo, Juliett, Yankee and Oscar, sending you 2
2024-10-14 19:23:34.595149 Kilo: Bravo, sending you 3
2024-10-14 19:23:34.598301 Echo: Kilo, Delta, November, Romeo, Bravo, Juliett, Yankee and Oscar, sending you 2
2024-10-14 19:23:34.604268 November: Kilo, Echo, Juliett and Oscar, sending you 2
2024-10-14 19:23:34.605567 Yankee: Kilo, sending you 3
2024-10-14 19:23:34.606584 Romeo: Kilo, sending you 3
2024-10-14 19:23:34.608169 Bravo: Kilo, sending you 4
2024-10-14 19:23:34.609682 Delta: Kilo and Echo, sending you 2
2024-10-14 19:23:34.611221 November: Delta and Yankee, sending you 1
2024-10-14 19:23:34.612096 Zulu: Echo, sending you 1
2024-10-14 19:23:34.613383 Oscar: Kilo, Echo, Delta, November, Romeo, Bravo and Juliett, sending you 2
2024-10-14 19:23:34.614725 Juliett: Kilo, Echo, November, Bravo, Yankee and Oscar, sending you 2
2024-10-14 19:23:34.615685 Yankee: Echo, Bravo and Juliett, sending you 2
2024-10-14 19:23:34.617159 Romeo: Echo, Delta, Bravo, Juliett and Oscar, sending you 2
2024-10-14 19:23:34.618540 Bravo: Echo, Juliett and Yankee, sending you 2
2024-10-14 19:23:34.620161 Delta: Bravo, sending you 3
2024-10-14 19:23:34.621610 November: Romeo, sending you 4
2024-10-14 19:23:34.622693 Oscar: Yankee, sending you 1
2024-10-14 19:23:34.624390 Juliett: Delta, sending you 1
2024-10-14 19:23:34.627251 Yankee: Delta, sending you 5
2024-10-14 19:23:34.627854 Romeo: November, sending you 4
2024-10-14 19:23:34.629183 Bravo: Delta, sending you 3
2024-10-14 19:23:34.630842 Delta: Juliett and Oscar, sending you 1
2024-10-14 19:23:34.632713 Juliett: Romeo, sending you 3
2024-10-14 19:23:34.634665 Yankee: Oscar, sending you 1
2024-10-14 19:23:34.635325 Romeo: Yankee, sending you 1
2024-10-14 19:23:34.636704 Bravo: Oscar, sending you 1
2024-10-14 19:23:34.638088 Delta: Yankee, sending you 6
chatterbot Echo submitting transactions
chatterbot Zulu submitting transactions
chatterbot Yankee submitting transactions
chatterbot Delta submitting transactions
chatterbot Kilo submitting transactions
chatterbot Juliett submitting transactions
chatterbot November submitting transactions
chatterbot Bravo submitting transactions
chatterbot Romeo submitting transactions
chatterbot Oscar submitting transactions
ChatterBot Kilo round 4
ChatterBot Echo round 4
ChatterBot Delta round 4
ChatterBot November round 4
ChatterBot Romeo round 4
ChatterBot Bravo round 4
ChatterBot Juliett round 4
ChatterBot Yankee round 4
ChatterBot Zulu round 4
ChatterBot Oscar round 4
2024-10-14 19:23:35.600695 Echo: Kilo, Delta, November, Romeo, Bravo, Juliett, Yankee and Oscar, sending you 2
2024-10-14 19:23:35.602003 Delta: Kilo and Echo, sending you 2
2024-10-14 19:23:35.602523 Kilo: Echo, Delta, November, Romeo, Juliett, Yankee and Oscar, sending you 2
2024-10-14 19:23:35.616239 Bravo: Kilo and Delta, sending you 3
2024-10-14 19:23:35.617393 Delta: Romeo, Juliett and Oscar, sending you 1
2024-10-14 19:23:35.618038 Yankee: Kilo, Echo, Bravo and Juliett, sending you 2
2024-10-14 19:23:35.619070 Kilo: Bravo, sending you 3
2024-10-14 19:23:35.619832 Juliett: Kilo, Echo, Delta, November, Romeo, Bravo, Yankee and Oscar, sending you 2
2024-10-14 19:23:35.621022 Romeo: Kilo and November, sending you 3
2024-10-14 19:23:35.622083 Bravo: Echo, Juliett and Yankee, sending you 2
2024-10-14 19:23:35.622697 Delta: Bravo, sending you 3
2024-10-14 19:23:35.623575 Yankee: Delta, sending you 5
2024-10-14 19:23:35.624325 November: Kilo, Echo, Juliett and Oscar, sending you 2
2024-10-14 19:23:35.626891 Romeo: Echo, Delta, Bravo, Juliett, Yankee and Oscar, sending you 2
2024-10-14 19:23:35.628310 Zulu: Oscar, sending you 1
2024-10-14 19:23:35.628816 Oscar: Kilo, Echo, November, Romeo, Bravo, Juliett and Yankee, sending you 2
2024-10-14 19:23:35.630035 Bravo: Romeo and Oscar, sending you 1
2024-10-14 19:23:35.631469 Delta: Yankee, sending you 5
2024-10-14 19:23:35.632268 Yankee: November and Oscar, sending you 1
2024-10-14 19:23:35.633577 November: Delta and Yankee, sending you 1
2024-10-14 19:23:35.634574 Oscar: Delta, sending you 1
2024-10-14 19:23:35.640500 November: Romeo, sending you 4
chatterbot Bravo submitting transactions
chatterbot November submitting transactions
chatterbot Zulu submitting transactions
chatterbot Kilo submitting transactions
chatterbot Oscar submitting transactions
chatterbot Yankee submitting transactions
chatterbot Romeo submitting transactions
chatterbot Echo submitting transactions
chatterbot Delta submitting transactions
chatterbot Juliett submitting transactions
ChatterBot Kilo round 5
ChatterBot Echo round 5
ChatterBot Delta round 5
ChatterBot November round 5
ChatterBot Romeo round 5
ChatterBot Bravo round 5
ChatterBot Juliett round 5
ChatterBot Yankee round 5
ChatterBot Zulu round 5
2024-10-14 19:23:36.882047 November: We should add Bravo
ChatterBot Romeo reevaluating
ChatterBot Juliett reevaluating
ChatterBot Yankee reevaluating
2024-10-14 19:23:36.913661 Romeo: Yes
2024-10-14 19:23:36.913814 Juliett: Yes
2024-10-14 19:23:36.913930 Oscar: Yes
2024-10-14 19:23:36.914103 Kilo: Yes
2024-10-14 19:23:36.914343 Echo: Yes
2024-10-14 19:23:36.914520 Delta: Yes
2024-10-14 19:23:36.915181 Yankee: Yes
ChatterBot Juliett reevaluating
ChatterBot Yankee reevaluating
ChatterBot Romeo reevaluating
ChatterBot Yankee reevaluating
ChatterBot Romeo reevaluating
ChatterBot Juliett reevaluating
ChatterBot Yankee reevaluating
ChatterBot Romeo reevaluating
ChatterBot Juliett reevaluating
ChatterBot Yankee reevaluating
ChatterBot Romeo reevaluating
ChatterBot Juliett reevaluating
ChatterBot Yankee reevaluating
ChatterBot Romeo reevaluating
ChatterBot Juliett reevaluating
ChatterBot Yankee reevaluating
ChatterBot Romeo reevaluating
ChatterBot Juliett reevaluating
ChatterBot Oscar round 5
2024-10-14 19:23:37.234109 November: Bravo we want you to join our group
2024-10-14 19:23:37.239480 Bravo: Yes
ChatterBot Yankee reevaluating
ChatterBot Romeo reevaluating
ChatterBot Juliett reevaluating
ChatterBot Oscar reevaluating
2024-10-14 19:23:37.279589 Zulu: We should drop Romeo and Oscar
2024-10-14 19:23:37.282163 November: No
ChatterBot Zulu reevaluating
2024-10-14 19:23:37.285427 Bravo: Kilo and Delta, sending you 3
2024-10-14 19:23:37.287884 Delta: Kilo and Echo, sending you 2
2024-10-14 19:23:37.288806 Echo: Same as last round
2024-10-14 19:23:37.289631 Kilo: Echo, Delta, November, Romeo, Juliett, Yankee and Oscar, sending you 2
2024-10-14 19:23:37.291069 Bravo: Echo, Juliett and Yankee, sending you 2
2024-10-14 19:23:37.293408 Zulu: We should drop November and Romeo
2024-10-14 19:23:37.296215 Oscar: No
ChatterBot Zulu reevaluating
2024-10-14 19:23:37.299428 Zulu: Group up?
2024-10-14 19:23:37.301759 Juliett: No
ChatterBot Zulu reevaluating
2024-10-14 19:23:37.304621 Delta: November, Romeo, Juliett and Oscar, sending you 1
2024-10-14 19:23:37.305477 Kilo: Bravo, sending you 3
2024-10-14 19:23:37.305975 Bravo: Romeo and Oscar, sending you 1
2024-10-14 19:23:37.306450 Romeo: Kilo and November, sending you 3
2024-10-14 19:23:37.306996 November: Kilo, Echo, Juliett and Oscar, sending you 2
2024-10-14 19:23:37.307828 Delta: Bravo, sending you 3
2024-10-14 19:23:37.308831 Yankee: Kilo, Echo, Bravo and Juliett, sending you 2
2024-10-14 19:23:37.310189 Oscar: Kilo, Echo, November, Romeo, Bravo, Juliett and Yankee, sending you 2
2024-10-14 19:23:37.311035 Romeo: Echo, Delta, Bravo, Juliett, Yankee and Oscar, sending you 2
2024-10-14 19:23:37.312374 Juliett: Same as last round
2024-10-14 19:23:37.313104 Delta: Yankee, sending you 4
2024-10-14 19:23:37.314134 November: Delta, Bravo and Yankee, sending you 1
2024-10-14 19:23:37.314886 Yankee: Delta, sending you 5
2024-10-14 19:23:37.315542 Oscar: Delta, sending you 1
2024-10-14 19:23:37.317703 November: Romeo, sending you 3
2024-10-14 19:23:37.318950 Yankee: Romeo and Oscar, sending you 1
2024-10-14 19:23:37.333745 Zulu: Same as last round
chatterbot Kilo submitting transactions
chatterbot Delta submitting transactions
chatterbot Yankee submitting transactions
chatterbot Oscar submitting transactions
chatterbot Zulu submitting transactions
chatterbot Echo submitting transactions
chatterbot Bravo submitting transactions
chatterbot November submitting transactions
chatterbot Juliett submitting transactions
chatterbot Romeo submitting transactions
ChatterBot Kilo round 6
ChatterBot Echo round 6
ChatterBot Delta round 6
ChatterBot November round 6
ChatterBot Romeo round 6
ChatterBot Bravo round 6
ChatterBot Juliett round 6
ChatterBot Yankee round 6
ChatterBot Zulu round 6
ChatterBot Oscar round 6
2024-10-14 19:23:38.586179 Delta: Kilo and Echo, sending you 2
2024-10-14 19:23:38.589876 Juliett: Same as last round
2024-10-14 19:23:38.592194 Romeo: Kilo and November, sending you 3
2024-10-14 19:23:38.594459 Delta: November, Romeo, Juliett and Oscar, sending you 1
2024-10-14 19:23:38.596717 Kilo: Echo, Delta, November, Romeo, Juliett, Yankee and Oscar, sending you 2
2024-10-14 19:23:38.598720 Echo: Same as last round
2024-10-14 19:23:38.600297 Yankee: Kilo, Echo, Bravo and Juliett, sending you 2
2024-10-14 19:23:38.601983 Romeo: Echo, Delta, Bravo, Juliett, Yankee and Oscar, sending you 2
2024-10-14 19:23:38.603406 Delta: Bravo, sending you 3
2024-10-14 19:23:38.605189 Bravo: Kilo and Delta, sending you 3
2024-10-14 19:23:38.607018 November: Kilo, Echo, Juliett and Oscar, sending you 2
2024-10-14 19:23:38.608042 Kilo: Bravo, sending you 3
2024-10-14 19:23:38.609557 Yankee: Delta, sending you 4
2024-10-14 19:23:38.611825 Zulu: Same as last round
2024-10-14 19:23:38.612657 Oscar: Kilo, Echo, Delta, November, Romeo, Bravo and Juliett, sending you 2
2024-10-14 19:23:38.614361 Delta: Yankee, sending you 4
2024-10-14 19:23:38.618167 Bravo: Echo, Juliett and Yankee, sending you 2
2024-10-14 19:23:38.623250 November: Delta, Bravo and Yankee, sending you 1
2024-10-14 19:23:38.627732 Yankee: November, Romeo and Oscar, sending you 1
2024-10-14 19:23:38.631121 Oscar: Yankee, sending you 1
2024-10-14 19:23:38.634375 Bravo: Romeo and Oscar, sending you 1
2024-10-14 19:23:38.636986 November: Romeo, sending you 3
chatterbot November submitting transactions
chatterbot Juliett submitting transactions
chatterbot Bravo submitting transactions
chatterbot Oscar submitting transactions
chatterbot Romeo submitting transactions
chatterbot Yankee submitting transactions
chatterbot Zulu submitting transactions
chatterbot Delta submitting transactions
chatterbot Kilo submitting transactions
chatterbot Echo submitting transactions
ChatterBot Kilo round 7
ChatterBot Echo round 7
ChatterBot Delta round 7
ChatterBot November round 7
ChatterBot Romeo round 7
ChatterBot Bravo round 7
ChatterBot Juliett round 7
ChatterBot Yankee round 7
ChatterBot Zulu round 7
ChatterBot Oscar round 7
2024-10-14 19:23:39.502249 Kilo: Echo, Delta, November, Romeo, Juliett, Yankee and Oscar, sending you 2
2024-10-14 19:23:39.519415 Echo: Same as last round
2024-10-14 19:23:39.521710 Kilo: Bravo, sending you 3
2024-10-14 19:23:39.523152 Oscar: Kilo, Echo, Delta, November, Romeo, Bravo and Juliett, sending you 2
2024-10-14 19:23:39.525189 Yankee: Kilo, Echo, Bravo and Juliett, sending you 2
2024-10-14 19:23:39.526339 November: Kilo, Echo, Juliett and Oscar, sending you 2
2024-10-14 19:23:39.527142 Delta: Kilo and Echo, sending you 2
2024-10-14 19:23:39.528431 Zulu: Same as last round
2024-10-14 19:23:39.528760 Bravo: Kilo and Delta, sending you 3
2024-10-14 19:23:39.530060 Juliett: Same as last round
2024-10-14 19:23:39.531350 Romeo: Kilo and November, sending you 3
2024-10-14 19:23:39.532638 Oscar: Yankee, sending you 1
2024-10-14 19:23:39.533570 Yankee: Delta, sending you 4
2024-10-14 19:23:39.535301 Delta: November, Romeo, Juliett and Oscar, sending you 1
2024-10-14 19:23:39.536562 November: Delta, Bravo and Yankee, sending you 1
2024-10-14 19:23:39.538299 Bravo: Echo, Juliett and Yankee, sending you 2
2024-10-14 19:23:39.539496 Romeo: Echo, Delta, Bravo, Juliett, Yankee and Oscar, sending you 2
2024-10-14 19:23:39.540709 Delta: Bravo, sending you 3
2024-10-14 19:23:39.541566 Yankee: November, Romeo and Oscar, sending you 1
2024-10-14 19:23:39.542655 November: Romeo, sending you 3
2024-10-14 19:23:39.597875 Bravo: Romeo and Oscar, sending you 1
2024-10-14 19:23:39.599378 Delta: Yankee, sending you 4
chatterbot November submitting transactions
chatterbot Bravo submitting transactions
chatterbot Kilo submitting transactions
chatterbot Oscar submitting transactions
chatterbot Yankee submitting transactions
chatterbot Juliett submitting transactions
chatterbot Echo submitting transactions
chatterbot Romeo submitting transactions
chatterbot Zulu submitting transactions
chatterbot Delta submitting transactions
ChatterBot Kilo round 8
ChatterBot Echo round 8
ChatterBot Delta round 8
ChatterBot November round 8
ChatterBot Romeo round 8
ChatterBot Bravo round 8
ChatterBot Juliett round 8
ChatterBot Yankee round 8
ChatterBot Zulu round 8
ChatterBot Oscar round 8
2024-10-14 19:23:40.725538 Zulu: We should replace Oscar with November
2024-10-14 19:23:40.735529 Zulu: November we want you to join our group
2024-10-14 19:23:40.739959 November: No
ChatterBot Zulu reevaluating
2024-10-14 19:23:40.746713 November: Kilo, Echo, Delta, Romeo, Juliett and Oscar, sending you 2
2024-10-14 19:23:40.752560 November: Bravo and Yankee, sending you 1
2024-10-14 19:23:40.755346 Bravo: Kilo and Delta, sending you 3
2024-10-14 19:23:40.758472 Delta: Kilo and Echo, sending you 2
2024-10-14 19:23:40.761633 Romeo: Kilo and November, sending you 3
2024-10-14 19:23:40.764928 Juliett: Same as last round
2024-10-14 19:23:40.767822 Kilo: Echo, Delta, November, Romeo, Juliett, Yankee and Oscar, sending you 2
2024-10-14 19:23:40.771076 Echo: Same as last round
2024-10-14 19:23:40.773173 Bravo: Echo, Juliett and Yankee, sending you 2
2024-10-14 19:23:40.775336 Delta: November, Romeo, Juliett and Oscar, sending you 1
2024-10-14 19:23:40.777337 Romeo: Echo, Delta, Bravo, Juliett, Yankee and Oscar, sending you 2
2024-10-14 19:23:40.779364 Kilo: Bravo, sending you 3
2024-10-14 19:23:40.781265 Oscar: Kilo, Echo, Delta, November, Romeo, Bravo and Juliett, sending you 2
2024-10-14 19:23:40.784795 Yankee: Kilo, Echo, Bravo and Juliett, sending you 2
2024-10-14 19:23:40.788959 Bravo: Romeo and Oscar, sending you 1
2024-10-14 19:23:40.792079 Delta: Bravo, sending you 3
2024-10-14 19:23:40.795293 Oscar: Yankee, sending you 1
2024-10-14 19:23:40.797420 Yankee: Delta, sending you 4
2024-10-14 19:23:40.804442 Delta: Yankee, sending you 4
2024-10-14 19:23:40.806496 Yankee: November, Romeo and Oscar, sending you 1
chatterbot Juliett submitting transactions
chatterbot Delta submitting transactions
chatterbot November submitting transactions
chatterbot Yankee submitting transactions
chatterbot Echo submitting transactions
chatterbot Bravo submitting transactions
chatterbot Kilo submitting transactions
chatterbot Oscar submitting transactions
chatterbot Romeo submitting transactions
chatterbot Zulu submitting transactions
ChatterBot Kilo round 9
ChatterBot Echo round 9
ChatterBot Delta round 9
ChatterBot November round 9
ChatterBot Romeo round 9
ChatterBot Bravo round 9
ChatterBot Juliett round 9
ChatterBot Yankee round 9
ChatterBot Zulu round 9
ChatterBot Oscar round 9
2024-10-14 19:23:42.010844 Delta: Kilo and Echo, sending you 2
2024-10-14 19:23:42.015677 Echo: Same as last round
2024-10-14 19:23:42.017767 November: Kilo, Echo, Delta, Romeo, Juliett, Yankee and Oscar, sending you 2
2024-10-14 19:23:42.019838 Delta: November, Romeo, Juliett and Oscar, sending you 1
2024-10-14 19:23:42.021563 Juliett: Same as last round
2024-10-14 19:23:42.023407 Kilo: Echo, Delta, November, Romeo, Juliett, Yankee and Oscar, sending you 2
2024-10-14 19:23:42.025203 Bravo: Kilo and Delta, sending you 3
2024-10-14 19:23:42.026761 Zulu: Sending you 1
2024-10-14 19:23:42.027106 Yankee: Kilo, Echo, Bravo and Juliett, sending you 2
2024-10-14 19:23:42.028655 Delta: Bravo, sending you 3
2024-10-14 19:23:42.029962 Kilo: Bravo, sending you 3
2024-10-14 19:23:42.031674 Romeo: Kilo and November, sending you 3
2024-10-14 19:23:42.033242 Bravo: Echo, Juliett and Yankee, sending you 2
2024-10-14 19:23:42.034868 Yankee: Delta, sending you 4
2024-10-14 19:23:42.036117 Oscar: Kilo, Echo, Delta, November, Romeo, Bravo and Juliett, sending you 2
2024-10-14 19:23:42.037776 Delta: Yankee, sending you 4
2024-10-14 19:23:42.039429 Romeo: Echo, Delta, Bravo, Juliett, Yankee and Oscar, sending you 2
2024-10-14 19:23:42.041277 Bravo: Romeo and Oscar, sending you 1
2024-10-14 19:23:42.042912 Yankee: November, Romeo and Oscar, sending you 1
2024-10-14 19:23:42.043856 Oscar: Yankee, sending you 1
chatterbot Kilo submitting transactions
chatterbot Romeo submitting transactions
chatterbot Delta submitting transactions
chatterbot November submitting transactions
chatterbot Juliett submitting transactions
chatterbot Yankee submitting transactions
chatterbot Echo submitting transactions
chatterbot Oscar submitting transactions
chatterbot Zulu submitting transactions
chatterbot Bravo submitting transactions
ChatterBot Kilo round 10
ChatterBot Echo round 10
ChatterBot Delta round 10
ChatterBot November round 10
ChatterBot Romeo round 10
ChatterBot Bravo round 10
ChatterBot Juliett round 10
ChatterBot Yankee round 10
ChatterBot Zulu round 10
ChatterBot Oscar round 10
2024-10-14 19:23:43.187689 Romeo: Kilo and November, sending you 3
2024-10-14 19:23:43.189598 Delta: Kilo and Echo, sending you 2
2024-10-14 19:23:43.191358 Echo: Same as last round
2024-10-14 19:23:43.192798 Romeo: Echo, Delta, Bravo, Juliett, Yankee and Oscar, sending you 2
2024-10-14 19:23:43.195904 Delta: November, Romeo, Juliett and Oscar, sending you 1
2024-10-14 19:23:43.197388 Kilo: Echo, Delta, November, Romeo, Juliett, Yankee and Oscar, sending you 2
2024-10-14 19:23:43.199706 Delta: Bravo, sending you 3
2024-10-14 19:23:43.202686 Juliett: Same as last round
2024-10-14 19:23:43.206423 November: Kilo, Echo, Delta, Romeo, Juliett, Yankee and Oscar, sending you 2
2024-10-14 19:23:43.208982 Kilo: Bravo, sending you 3
2024-10-14 19:23:43.210825 Bravo: Kilo and Delta, sending you 3
2024-10-14 19:23:43.213908 Delta: Yankee, sending you 4
2024-10-14 19:23:43.216967 Bravo: Echo, Juliett and Yankee, sending you 2
2024-10-14 19:23:43.220195 Oscar: Kilo, Echo, Delta, November, Romeo, Bravo and Juliett, sending you 2
2024-10-14 19:23:43.222447 Yankee: Kilo, Echo, Bravo and Juliett, sending you 2
2024-10-14 19:23:43.224676 Bravo: Romeo and Oscar, sending you 1
2024-10-14 19:23:43.225951 Oscar: Yankee, sending you 1
2024-10-14 19:23:43.227654 Yankee: Delta, sending you 4
2024-10-14 19:23:43.234679 Yankee: November, Romeo and Oscar, sending you 1
chatterbot Delta submitting transactions
chatterbot Romeo submitting transactions
chatterbot Yankee submitting transactions
chatterbot Echo submitting transactions
chatterbot November submitting transactions
chatterbot Zulu submitting transactions
chatterbot Kilo submitting transactions
chatterbot Bravo submitting transactions
chatterbot Oscar submitting transactions
chatterbot Juliett submitting transactions
ChatterBot Kilo round 11
ChatterBot Echo round 11
ChatterBot Delta round 11
ChatterBot November round 11
ChatterBot Romeo round 11
ChatterBot Bravo round 11
ChatterBot Juliett round 11
ChatterBot Yankee round 11
ChatterBot Zulu round 11
ChatterBot Oscar round 11
2024-10-14 19:23:44.330684 Romeo: Kilo and November, sending you 3
2024-10-14 19:23:44.334678 November: Kilo, Echo, Delta, Romeo, Juliett, Yankee and Oscar, sending you 2
2024-10-14 19:23:44.337681 Romeo: Echo, Delta, Bravo, Juliett, Yankee and Oscar, sending you 2
2024-10-14 19:23:44.340101 Yankee: Kilo, Echo, Bravo and Juliett, sending you 2
2024-10-14 19:23:44.342962 Echo: Same as last round
2024-10-14 19:23:44.345854 Bravo: Kilo and Delta, sending you 3
2024-10-14 19:23:44.348531 Juliett: Same as last round
2024-10-14 19:23:44.350989 Zulu: Sending you 1
2024-10-14 19:23:44.351346 Delta: Kilo and Echo, sending you 2
2024-10-14 19:23:44.353436 Yankee: Delta, sending you 4
2024-10-14 19:23:44.355168 Oscar: Kilo, Echo, Delta, November, Romeo, Bravo and Juliett, sending you 2
2024-10-14 19:23:44.357316 Kilo: Echo, Delta, November, Romeo, Juliett, Yankee and Oscar, sending you 2
2024-10-14 19:23:44.359559 Bravo: Echo, Juliett and Yankee, sending you 2
2024-10-14 19:23:44.361330 Delta: November, Romeo, Juliett and Oscar, sending you 1
2024-10-14 19:23:44.363494 Yankee: November, Romeo and Oscar, sending you 1
2024-10-14 19:23:44.365558 Oscar: Yankee, sending you 1
2024-10-14 19:23:44.367266 Kilo: Bravo, sending you 3
2024-10-14 19:23:44.369361 Bravo: Romeo and Oscar, sending you 1
2024-10-14 19:23:44.371768 Delta: Bravo, sending you 3
2024-10-14 19:23:44.375665 Delta: Yankee, sending you 4
chatterbot Romeo submitting transactions
chatterbot November submitting transactions
chatterbot Kilo submitting transactions
chatterbot Bravo submitting transactions
chatterbot Zulu submitting transactions
chatterbot Juliett submitting transactions
chatterbot Echo submitting transactions
chatterbot Oscar submitting transactions
chatterbot Yankee submitting transactions
chatterbot Delta submitting transactions
ChatterBot Kilo round 12
ChatterBot Echo round 12
ChatterBot Delta round 12
ChatterBot November round 12
ChatterBot Romeo round 12
ChatterBot Bravo round 12
ChatterBot Juliett round 12
ChatterBot Yankee round 12
ChatterBot Zulu round 12
ChatterBot Oscar round 12
2024-10-14 19:23:45.811692 November: Kilo, Echo, Delta, Romeo, Juliett, Yankee and Oscar, sending you 2
2024-10-14 19:23:45.814349 Kilo: Echo, Delta, November, Romeo, Juliett, Yankee and Oscar, sending you 2
2024-10-14 19:23:45.816501 Romeo: Kilo and November, sending you 3
2024-10-14 19:23:45.818582 Bravo: Kilo and Delta, sending you 3
2024-10-14 19:23:45.820056 Delta: Kilo, Echo and Juliett, sending you 2
2024-10-14 19:23:45.822195 Juliett: Same as last round
2024-10-14 19:23:45.824083 Echo: Same as last round
chatterbot Juliett submitting transactions
2024-10-14 19:23:45.825989 Kilo: Bravo, sending you 3
2024-10-14 19:23:45.828766 Romeo: Echo, Delta, Bravo, Juliett, Yankee and Oscar, sending you 2
2024-10-14 19:23:45.830531 Bravo: Echo, Juliett and Yankee, sending you 2
2024-10-14 19:23:45.832857 Delta: Romeo and Oscar, sending you 1
2024-10-14 19:23:45.834572 Oscar: Kilo, Echo, Delta, November, Romeo, Bravo and Juliett, sending you 2
2024-10-14 19:23:45.837071 Yankee: Kilo, Echo, Bravo and Juliett, sending you 2
2024-10-14 19:23:45.840358 Delta: Bravo, sending you 3
2024-10-14 19:23:45.843084 Bravo: Romeo and Oscar, sending you 1
2024-10-14 19:23:45.846503 Oscar: Yankee, sending you 1
2024-10-14 19:23:45.849245 Yankee: Delta, sending you 4
2024-10-14 19:23:45.851181 Delta: Yankee, sending you 4
2024-10-14 19:23:45.862251 Yankee: November, Romeo and Oscar, sending you 1
chatterbot November submitting transactions
chatterbot Oscar submitting transactions
chatterbot Delta submitting transactions
chatterbot Zulu submitting transactions
chatterbot Yankee submitting transactions
chatterbot Romeo submitting transactions
chatterbot Kilo submitting transactions
chatterbot Echo submitting transactions
chatterbot Bravo submitting transactions
ChatterBot Kilo round 13
ChatterBot Echo round 13
ChatterBot Delta round 13
ChatterBot November round 13
ChatterBot Romeo round 13
ChatterBot Bravo round 13
ChatterBot Juliett round 13
ChatterBot Yankee round 13
ChatterBot Zulu round 13
ChatterBot Oscar round 13
2024-10-14 19:23:47.174978 Delta: Kilo, Echo and Juliett, sending you 2
2024-10-14 19:23:47.178333 Kilo: Echo, Delta, November, Romeo, Juliett, Yankee and Oscar, sending you 2
2024-10-14 19:23:47.181238 Bravo: Kilo and Delta, sending you 3
2024-10-14 19:23:47.183826 Delta: November, Romeo and Oscar, sending you 1
2024-10-14 19:23:47.188523 Kilo: Bravo, sending you 3
2024-10-14 19:23:47.192188 Oscar: Kilo, Echo, Delta, November, Romeo, Bravo and Juliett, sending you 2
2024-10-14 19:23:47.195399 Echo: Same as last round
2024-10-14 19:23:47.197900 Romeo: Kilo and November, sending you 3
2024-10-14 19:23:47.202231 November: Kilo, Echo, Delta, Romeo, Juliett, Yankee and Oscar, sending you 2
2024-10-14 19:23:47.205652 Bravo: Echo, Juliett and Yankee, sending you 2
2024-10-14 19:23:47.208545 Juliett: Same as last round
2024-10-14 19:23:47.211522 Yankee: Kilo, Echo, Bravo and Juliett, sending you 2
2024-10-14 19:23:47.214186 Delta: Bravo and Yankee, sending you 3
2024-10-14 19:23:47.218047 Oscar: Yankee, sending you 1
2024-10-14 19:23:47.220489 Romeo: Echo, Delta, Bravo, Juliett, Yankee and Oscar, sending you 2
