ChatterBot Echo round 1
ChatterBot Yankee round 1
ChatterBot Sierra round 1
ChatterBot Foxtrot round 1
ChatterBot Bravo round 1
ChatterBot Delta round 1
ChatterBot Victor round 1
ChatterBot Uniform round 1
ChatterBot Tango round 1
ChatterBot Romeo round 1
randomSelections Sierra: {Sierra, Bravo, Uniform, Tango, Foxtrot, Delta} 
2024-10-14 19:23:27.831873 Sierra: We would work well together
ChatterBot Bravo reevaluating
ChatterBot Uniform reevaluating
ChatterBot Tango reevaluating
ChatterBot Foxtrot reevaluating
ChatterBot Delta reevaluating
2024-10-14 19:23:27.916938 Bravo: Yes
2024-10-14 19:23:27.917462 Uniform: Yes
2024-10-14 19:23:27.918915 Tango: Yes
2024-10-14 19:23:27.919162 Foxtrot: Yes
2024-10-14 19:23:27.919394 Delta: Yes
ChatterBot Uniform reevaluating
ChatterBot Tango reevaluating
ChatterBot Foxtrot reevaluating
ChatterBot Delta reevaluating
ChatterBot Bravo reevaluating
ChatterBot Tango reevaluating
ChatterBot Foxtrot reevaluating
ChatterBot Delta reevaluating
ChatterBot Bravo reevaluating
ChatterBot Uniform reevaluating
ChatterBot Foxtrot reevaluating
ChatterBot Delta reevaluating
ChatterBot Bravo reevaluating
ChatterBot Uniform reevaluating
ChatterBot Tango reevaluating
ChatterBot Delta reevaluating
ChatterBot Bravo reevaluating
ChatterBot Uniform reevaluating
ChatterBot Tango reevaluating
ChatterBot Foxtrot reevaluating
randomSelections Romeo: {Romeo, Victor, Sierra, Delta, Tango, Bravo} 
2024-10-14 19:23:28.023939 Romeo: We should group up
ChatterBot Victor reevaluating
ChatterBot Delta reevaluating
ChatterBot Tango reevaluating
ChatterBot Bravo reevaluating
2024-10-14 19:23:28.039507 Victor: Yes
2024-10-14 19:23:28.039701 Sierra: No
2024-10-14 19:23:28.039922 Delta: No
2024-10-14 19:23:28.040699 Tango: No
2024-10-14 19:23:28.040921 Bravo: No
ChatterBot Delta reevaluating
ChatterBot Tango reevaluating
ChatterBot Bravo reevaluating
ChatterBot Victor reevaluating
ChatterBot Delta reevaluating
ChatterBot Tango reevaluating
ChatterBot Bravo reevaluating
ChatterBot Victor reevaluating
ChatterBot Tango reevaluating
ChatterBot Bravo reevaluating
ChatterBot Victor reevaluating
ChatterBot Delta reevaluating
ChatterBot Bravo reevaluating
ChatterBot Victor reevaluating
ChatterBot Delta reevaluating
ChatterBot Tango reevaluating
randomSelections Echo: {Echo, Victor, Sierra, Uniform, Romeo, Foxtrot, Yankee, Tango} 
2024-10-14 19:23:28.099690 Echo: Group up?
ChatterBot Victor reevaluating
ChatterBot Uniform reevaluating
ChatterBot Foxtrot reevaluating
ChatterBot Yankee reevaluating
ChatterBot Tango reevaluating
2024-10-14 19:23:28.111182 Victor: No
2024-10-14 19:23:28.111452 Sierra: No
2024-10-14 19:23:28.111678 Uniform: No
2024-10-14 19:23:28.111877 Romeo: No
2024-10-14 19:23:28.111996 Foxtrot: No
2024-10-14 19:23:28.112139 Yankee: Yes
2024-10-14 19:23:28.112264 Tango: No
ChatterBot Uniform reevaluating
ChatterBot Foxtrot reevaluating
ChatterBot Yankee reevaluating
ChatterBot Tango reevaluating
ChatterBot Victor reevaluating
ChatterBot Uniform reevaluating
ChatterBot Foxtrot reevaluating
ChatterBot Yankee reevaluating
ChatterBot Tango reevaluating
ChatterBot Victor reevaluating
ChatterBot Foxtrot reevaluating
ChatterBot Yankee reevaluating
ChatterBot Tango reevaluating
ChatterBot Victor reevaluating
ChatterBot Uniform reevaluating
ChatterBot Foxtrot reevaluating
ChatterBot Yankee reevaluating
ChatterBot Tango reevaluating
ChatterBot Victor reevaluating
ChatterBot Uniform reevaluating
ChatterBot Yankee reevaluating
ChatterBot Tango reevaluating
ChatterBot Victor reevaluating
ChatterBot Uniform reevaluating
ChatterBot Foxtrot reevaluating
ChatterBot Tango reevaluating
ChatterBot Victor reevaluating
ChatterBot Uniform reevaluating
ChatterBot Foxtrot reevaluating
ChatterBot Yankee reevaluating
2024-10-14 19:23:28.213072 Romeo: Sierra, sending you 2
2024-10-14 19:23:28.218872 Romeo: Bravo and Delta, sending you 1
2024-10-14 19:23:28.219295 Victor: Bravo, sending you 4
2024-10-14 19:23:28.219683 Uniform: Foxtrot and Delta, sending you 4
2024-10-14 19:23:28.220103 Sierra: Foxtrot and Uniform, sending you 3
2024-10-14 19:23:28.221766 Yankee: Echo, sending you 4
2024-10-14 19:23:28.222177 Tango: Sierra, sending you 2
2024-10-14 19:23:28.222540 Bravo: Sierra, Foxtrot and Delta, sending you 4
2024-10-14 19:23:28.222901 Foxtrot: Sierra, sending you 7
2024-10-14 19:23:28.225112 Echo: Yankee, Sierra and Foxtrot, sending you 2
chatterbot Sierra submitting transactions
2024-10-14 19:23:28.225697 Victor: Delta, sending you 5
2024-10-14 19:23:28.230120 Uniform: Bravo, sending you 2
2024-10-14 19:23:28.230427 Sierra: Bravo and Tango, sending you 2
2024-10-14 19:23:28.230768 Yankee: Sierra and Foxtrot, sending you 2
2024-10-14 19:23:28.231167 Tango: Foxtrot, sending you 1
2024-10-14 19:23:28.233413 Delta: Sierra, sending you 4
2024-10-14 19:23:28.233823 Bravo: Uniform, sending you 3
2024-10-14 19:23:28.234211 Echo: Uniform, Tango and Romeo, sending you 3
2024-10-14 19:23:28.236413 Foxtrot: Bravo and Uniform, sending you 4
2024-10-14 19:23:28.236840 Victor: Tango, sending you 3
2024-10-14 19:23:28.237185 Yankee: Victor, Uniform and Tango, sending you 1
2024-10-14 19:23:28.237593 Uniform: Tango, sending you 1
2024-10-14 19:23:28.242330 Sierra: Delta, sending you 5
2024-10-14 19:23:28.242696 Tango: Bravo, sending you 3
2024-10-14 19:23:28.243030 Delta: Foxtrot, sending you 1
2024-10-14 19:23:28.245282 Bravo: Tango, sending you 2
2024-10-14 19:23:28.245731 Yankee: Romeo, sending you 3
2024-10-14 19:23:28.246130 Foxtrot: Delta and Tango, sending you 1
2024-10-14 19:23:28.246498 Victor: Romeo, sending you 2
2024-10-14 19:23:28.248771 Tango: Delta and Uniform, sending you 4
2024-10-14 19:23:28.249207 Delta: Bravo, sending you 2
2024-10-14 19:23:28.284878 Delta: Uniform, sending you 7
2024-10-14 19:23:28.290669 Delta: Tango, sending you 5
chatterbot Tango submitting transactions
chatterbot Foxtrot submitting transactions
chatterbot Victor submitting transactions
chatterbot Romeo submitting transactions
chatterbot Delta submitting transactions
chatterbot Echo submitting transactions
chatterbot Yankee submitting transactions
chatterbot Bravo submitting transactions
chatterbot Uniform submitting transactions
ChatterBot Echo round 2
2024-10-14 19:23:29.310284 Echo: Can we be friends?
ChatterBot Yankee reevaluating
ChatterBot Romeo reevaluating
ChatterBot Victor reevaluating
2024-10-14 19:23:29.347626 Yankee: No
2024-10-14 19:23:29.347789 Romeo: No
2024-10-14 19:23:29.347917 Victor: No
ChatterBot Romeo reevaluating
ChatterBot Victor reevaluating
ChatterBot Yankee reevaluating
ChatterBot Victor reevaluating
ChatterBot Yankee reevaluating
ChatterBot Romeo reevaluating
2024-10-14 19:23:29.440043 Romeo: Friends?
ChatterBot Yankee reevaluating
2024-10-14 19:23:29.461007 Yankee: Yes
ChatterBot Romeo reevaluating
ChatterBot Yankee round 2
ChatterBot Sierra round 2
ChatterBot Foxtrot round 2
ChatterBot Bravo round 2
ChatterBot Delta round 2
ChatterBot Victor round 2
ChatterBot Uniform round 2
ChatterBot Tango round 2
ChatterBot Romeo round 2
2024-10-14 19:23:29.493956 Bravo: We should add Victor
ChatterBot Sierra reevaluating
ChatterBot Uniform reevaluating
ChatterBot Tango reevaluating
ChatterBot Foxtrot reevaluating
ChatterBot Delta reevaluating
2024-10-14 19:23:29.527903 Sierra: Yes
2024-10-14 19:23:29.528575 Uniform: No
2024-10-14 19:23:29.528761 Tango: Yes
2024-10-14 19:23:29.528926 Foxtrot: No
2024-10-14 19:23:29.529104 Delta: Yes
ChatterBot Uniform reevaluating
ChatterBot Tango reevaluating
ChatterBot Foxtrot reevaluating
ChatterBot Delta reevaluating
ChatterBot Sierra reevaluating
ChatterBot Tango reevaluating
ChatterBot Foxtrot reevaluating
ChatterBot Delta reevaluating
ChatterBot Sierra reevaluating
ChatterBot Uniform reevaluating
ChatterBot Foxtrot reevaluating
ChatterBot Delta reevaluating
ChatterBot Sierra reevaluating
ChatterBot Uniform reevaluating
ChatterBot Tango reevaluating
ChatterBot Delta reevaluating
ChatterBot Sierra reevaluating
ChatterBot Uniform reevaluating
ChatterBot Tango reevaluating
ChatterBot Foxtrot reevaluating
2024-10-14 19:23:29.704379 Victor: We would work well together
ChatterBot Sierra reevaluating
ChatterBot Foxtrot reevaluating
ChatterBot Delta reevaluating
ChatterBot Uniform reevaluating
ChatterBot Tango reevaluating
ChatterBot Yankee reevaluating
ChatterBot Romeo reevaluating
2024-10-14 19:23:29.762127 Sierra: No
2024-10-14 19:23:29.762376 Foxtrot: No
2024-10-14 19:23:29.762533 Bravo: No
2024-10-14 19:23:29.762700 Delta: No
2024-10-14 19:23:29.762881 Uniform: No
2024-10-14 19:23:29.763450 Tango: No
2024-10-14 19:23:29.765468 Echo: No
2024-10-14 19:23:29.765707 Yankee: No
2024-10-14 19:23:29.765967 Romeo: No
ChatterBot Foxtrot reevaluating
ChatterBot Delta reevaluating
ChatterBot Uniform reevaluating
ChatterBot Tango reevaluating
ChatterBot Yankee reevaluating
ChatterBot Romeo reevaluating
ChatterBot Sierra reevaluating
ChatterBot Delta reevaluating
ChatterBot Uniform reevaluating
ChatterBot Tango reevaluating
ChatterBot Yankee reevaluating
ChatterBot Romeo reevaluating
ChatterBot Sierra reevaluating
ChatterBot Foxtrot reevaluating
ChatterBot Delta reevaluating
ChatterBot Uniform reevaluating
ChatterBot Tango reevaluating
ChatterBot Yankee reevaluating
ChatterBot Romeo reevaluating
ChatterBot Sierra reevaluating
ChatterBot Foxtrot reevaluating
ChatterBot Uniform reevaluating
ChatterBot Tango reevaluating
ChatterBot Yankee reevaluating
ChatterBot Romeo reevaluating
ChatterBot Sierra reevaluating
ChatterBot Foxtrot reevaluating
ChatterBot Delta reevaluating
ChatterBot Tango reevaluating
ChatterBot Yankee reevaluating
ChatterBot Romeo reevaluating
ChatterBot Sierra reevaluating
ChatterBot Foxtrot reevaluating
ChatterBot Delta reevaluating
ChatterBot Uniform reevaluating
ChatterBot Yankee reevaluating
ChatterBot Romeo reevaluating
ChatterBot Sierra reevaluating
ChatterBot Foxtrot reevaluating
ChatterBot Delta reevaluating
ChatterBot Uniform reevaluating
ChatterBot Tango reevaluating
ChatterBot Yankee reevaluating
ChatterBot Romeo reevaluating
ChatterBot Sierra reevaluating
ChatterBot Foxtrot reevaluating
ChatterBot Delta reevaluating
ChatterBot Uniform reevaluating
ChatterBot Tango reevaluating
ChatterBot Romeo reevaluating
ChatterBot Sierra reevaluating
ChatterBot Foxtrot reevaluating
ChatterBot Delta reevaluating
ChatterBot Uniform reevaluating
ChatterBot Tango reevaluating
ChatterBot Yankee reevaluating
2024-10-14 19:23:30.264715 Tango: We should add Victor and Echo
ChatterBot Sierra reevaluating
ChatterBot Uniform reevaluating
ChatterBot Foxtrot reevaluating
ChatterBot Delta reevaluating
2024-10-14 19:23:30.283772 Sierra: Yes
2024-10-14 19:23:30.283906 Bravo: No
2024-10-14 19:23:30.284009 Uniform: No
2024-10-14 19:23:30.284120 Foxtrot: No
2024-10-14 19:23:30.284232 Delta: No
ChatterBot Uniform reevaluating
ChatterBot Tango reevaluating
ChatterBot Foxtrot reevaluating
ChatterBot Delta reevaluating
ChatterBot Sierra reevaluating
ChatterBot Uniform reevaluating
ChatterBot Tango reevaluating
ChatterBot Foxtrot reevaluating
ChatterBot Delta reevaluating
ChatterBot Sierra reevaluating
ChatterBot Tango reevaluating
ChatterBot Foxtrot reevaluating
ChatterBot Delta reevaluating
ChatterBot Sierra reevaluating
ChatterBot Uniform reevaluating
ChatterBot Tango reevaluating
ChatterBot Delta reevaluating
ChatterBot Sierra reevaluating
ChatterBot Uniform reevaluating
ChatterBot Tango reevaluating
ChatterBot Foxtrot reevaluating
2024-10-14 19:23:30.399782 Bravo: Victor we want you to join our group
2024-10-14 19:23:30.403652 Victor: Yes
ChatterBot Sierra reevaluating
ChatterBot Foxtrot reevaluating
ChatterBot Delta reevaluating
ChatterBot Uniform reevaluating
ChatterBot Tango reevaluating
2024-10-14 19:23:30.428964 Echo: Yankee, sending you 8
2024-10-14 19:23:30.846347 Tango: Victor we want you to join our group
2024-10-14 19:23:30.850818 Victor: Yes
ChatterBot Sierra reevaluating
ChatterBot Foxtrot reevaluating
ChatterBot Uniform reevaluating
2024-10-14 19:23:30.873744 Delta: Victor we want you to join our group
2024-10-14 19:23:30.877998 Victor: Yes
ChatterBot Sierra reevaluating
ChatterBot Foxtrot reevaluating
ChatterBot Uniform reevaluating
chatterbot Echo submitting transactions
2024-10-14 19:23:31.073056 Bravo: Sierra, Delta and Uniform, sending you 2
2024-10-14 19:23:31.073862 Yankee: Echo, sending you 9
2024-10-14 19:23:31.074140 Romeo: Echo, sending you 4
2024-10-14 19:23:31.074391 Victor: Yankee, sending you 14
2024-10-14 19:23:31.075086 Sierra: Victor we want you to join our group
2024-10-14 19:23:31.079117 Victor: Yes
ChatterBot Uniform reevaluating
2024-10-14 19:23:31.102490 Yankee: Victor and Romeo, sending you 3
2024-10-14 19:23:31.103064 Romeo: Yankee and Victor, sending you 3
2024-10-14 19:23:31.103396 Bravo: Foxtrot, sending you 5
2024-10-14 19:23:31.318522 Delta: Sierra, sending you 4
2024-10-14 19:23:31.318947 Tango: Sierra and Bravo, sending you 2
2024-10-14 19:23:31.319943 Bravo: Victor, sending you 4
2024-10-14 19:23:31.420988 Delta: Foxtrot, Bravo, Victor, Uniform and Tango, sending you 3
2024-10-14 19:23:31.422380 Tango: Foxtrot and Uniform, sending you 1
2024-10-14 19:23:31.423009 Bravo: Tango, sending you 3
2024-10-14 19:23:31.423449 Foxtrot: Sierra, sending you 4
2024-10-14 19:23:31.424698 Sierra: Foxtrot, Bravo and Delta, sending you 3
chatterbot Victor submitting transactions
chatterbot Bravo submitting transactions
2024-10-14 19:23:31.454637 Tango: Delta, sending you 5
2024-10-14 19:23:31.455048 Foxtrot: Bravo, sending you 7
2024-10-14 19:23:31.455865 Sierra: Victor, Uniform and Tango, sending you 2
2024-10-14 19:23:31.456234 Uniform: Sierra, Foxtrot, Bravo and Tango, sending you 3
2024-10-14 19:23:31.478623 Tango: Victor, sending you 3
2024-10-14 19:23:31.479487 Uniform: Delta, sending you 6
2024-10-14 19:23:31.479867 Foxtrot: Delta and Tango, sending you 1
2024-10-14 19:23:31.492279 Foxtrot: Uniform, sending you 6
chatterbot Yankee submitting transactions
chatterbot Foxtrot submitting transactions
chatterbot Romeo submitting transactions
chatterbot Tango submitting transactions
chatterbot Delta submitting transactions
chatterbot Sierra submitting transactions
chatterbot Uniform submitting transactions
ChatterBot Echo round 3
ChatterBot Yankee round 3
ChatterBot Sierra round 3
ChatterBot Foxtrot round 3
ChatterBot Bravo round 3
ChatterBot Delta round 3
ChatterBot Victor round 3
ChatterBot Uniform round 3
ChatterBot Tango round 3
ChatterBot Romeo round 3
2024-10-14 19:23:32.790118 Romeo: We should add Tango
2024-10-14 19:23:32.806104 Echo: No
2024-10-14 19:23:32.806742 Yankee: No
2024-10-14 19:23:32.806910 Victor: Yes
ChatterBot Romeo reevaluating
ChatterBot Romeo reevaluating
2024-10-14 19:23:32.859568 Romeo: We should add Foxtrot
2024-10-14 19:23:32.875058 Echo: No
2024-10-14 19:23:32.875284 Yankee: No
2024-10-14 19:23:32.875464 Victor: Yes
ChatterBot Romeo reevaluating
ChatterBot Romeo reevaluating
ChatterBot Romeo reevaluating
2024-10-14 19:23:33.005115 Echo: Yankee, sending you 8
2024-10-14 19:23:33.118482 Sierra: Foxtrot, Bravo and Delta, sending you 3
2024-10-14 19:23:33.119765 Uniform: Sierra and Bravo, sending you 3
2024-10-14 19:23:33.120585 Yankee: Echo, sending you 5
2024-10-14 19:23:33.121552 Bravo: Sierra, Delta and Uniform, sending you 3
2024-10-14 19:23:33.122251 Delta: Sierra, Foxtrot, Bravo, Victor and Tango, sending you 3
2024-10-14 19:23:33.123561 Echo: Romeo, sending you 4
2024-10-14 19:23:33.123964 Victor: Yankee, Bravo and Delta, sending you 3
2024-10-14 19:23:33.124518 Foxtrot: Sierra, sending you 4
chatterbot Yankee submitting transactions
2024-10-14 19:23:33.127521 Uniform: Foxtrot and Delta, sending you 5
2024-10-14 19:23:33.128268 Sierra: Victor, Uniform and Tango, sending you 2
2024-10-14 19:23:33.129595 Yankee: Victor, sending you 6
2024-10-14 19:23:33.130500 Bravo: Foxtrot, sending you 6
2024-10-14 19:23:33.131060 Delta: Uniform, sending you 4
2024-10-14 19:23:33.131502 Victor: Sierra, Tango and Romeo, sending you 2
2024-10-14 19:23:33.133117 Foxtrot: Bravo, sending you 6
2024-10-14 19:23:33.135084 Tango: Sierra, sending you 2
2024-10-14 19:23:33.136655 Uniform: Tango, sending you 2
2024-10-14 19:23:33.138626 Yankee: Romeo, sending you 4
2024-10-14 19:23:33.139982 Bravo: Victor, sending you 1
2024-10-14 19:23:33.141925 Foxtrot: Delta, sending you 3
2024-10-14 19:23:33.143379 Tango: Foxtrot and Victor, sending you 1
2024-10-14 19:23:33.218026 Bravo: Tango, sending you 2
2024-10-14 19:23:33.219200 Foxtrot: Uniform, sending you 5
2024-10-14 19:23:33.219807 Romeo: Echo and Victor, sending you 3
2024-10-14 19:23:33.220227 Tango: Bravo and Uniform, sending you 3
2024-10-14 19:23:33.267205 Romeo: Yankee, sending you 5
2024-10-14 19:23:33.267572 Foxtrot: Tango, sending you 1
2024-10-14 19:23:33.268754 Tango: Delta, sending you 4
chatterbot Bravo submitting transactions
chatterbot Foxtrot submitting transactions
chatterbot Uniform submitting transactions
chatterbot Sierra submitting transactions
chatterbot Echo submitting transactions
chatterbot Victor submitting transactions
chatterbot Romeo submitting transactions
chatterbot Delta submitting transactions
chatterbot Tango submitting transactions
ChatterBot Echo round 4
ChatterBot Yankee round 4
ChatterBot Sierra round 4
ChatterBot Foxtrot round 4
ChatterBot Bravo round 4
ChatterBot Delta round 4
ChatterBot Victor round 4
ChatterBot Uniform round 4
ChatterBot Tango round 4
ChatterBot Romeo round 4
2024-10-14 19:23:34.044864 Romeo: We should add Sierra
2024-10-14 19:23:34.052548 Echo: No
2024-10-14 19:23:34.053058 Yankee: No
2024-10-14 19:23:34.053243 Victor: Yes
ChatterBot Romeo reevaluating
ChatterBot Romeo reevaluating
ChatterBot Victor reevaluating
ChatterBot Romeo reevaluating
2024-10-14 19:23:34.077469 Victor: Can we be friends?
2024-10-14 19:23:34.093527 Bravo: Yes
2024-10-14 19:23:34.093724 Sierra: Yes
2024-10-14 19:23:34.093859 Foxtrot: No
2024-10-14 19:23:34.093975 Delta: Yes
2024-10-14 19:23:34.094555 Uniform: No
2024-10-14 19:23:34.094701 Tango: Yes
ChatterBot Victor reevaluating
ChatterBot Victor reevaluating
ChatterBot Uniform reevaluating
ChatterBot Victor reevaluating
ChatterBot Uniform reevaluating
ChatterBot Victor reevaluating
ChatterBot Uniform reevaluating
ChatterBot Victor reevaluating
ChatterBot Victor reevaluating
ChatterBot Uniform reevaluating
2024-10-14 19:23:34.221442 Uniform: We should add Victor
2024-10-14 19:23:34.234651 Sierra: Yes
2024-10-14 19:23:34.234827 Bravo: Yes
2024-10-14 19:23:34.234929 Tango: Yes
2024-10-14 19:23:34.235040 Foxtrot: No
2024-10-14 19:23:34.235162 Delta: Yes
ChatterBot Uniform reevaluating
ChatterBot Uniform reevaluating
ChatterBot Uniform reevaluating
ChatterBot Uniform reevaluating
ChatterBot Uniform reevaluating
2024-10-14 19:23:34.322380 Sierra: Foxtrot, Bravo and Delta, sending you 3
2024-10-14 19:23:34.323569 Yankee: Echo, sending you 6
2024-10-14 19:23:34.324019 Echo: Yankee, sending you 9
2024-10-14 19:23:34.324366 Bravo: Sierra, Delta, Uniform and Tango, sending you 3
2024-10-14 19:23:34.335775 Echo: Romeo, sending you 4
2024-10-14 19:23:34.336286 Sierra: Victor, Uniform and Tango, sending you 2
2024-10-14 19:23:34.337165 Bravo: Foxtrot, sending you 5
2024-10-14 19:23:34.337744 Yankee: Victor, sending you 5
2024-10-14 19:23:34.345603 Yankee: Romeo, sending you 4
2024-10-14 19:23:34.346746 Bravo: Victor, sending you 1
2024-10-14 19:23:34.347635 Tango: Sierra, Victor and Uniform, sending you 2
2024-10-14 19:23:34.348796 Foxtrot: Sierra, sending you 4
2024-10-14 19:23:34.350156 Victor: Sierra and Bravo, sending you 4
2024-10-14 19:23:34.350908 Delta: Sierra, Foxtrot, Bravo, Victor and Tango, sending you 3
2024-10-14 19:23:34.352314 Tango: Foxtrot, sending you 1
2024-10-14 19:23:34.359283 Foxtrot: Bravo, sending you 6
2024-10-14 19:23:34.359855 Victor: Delta, sending you 5
2024-10-14 19:23:34.361007 Delta: Uniform, sending you 4
2024-10-14 19:23:34.362104 Romeo: Echo, sending you 4
2024-10-14 19:23:34.362549 Tango: Bravo, sending you 3
2024-10-14 19:23:34.363711 Uniform: Sierra, sending you 2
2024-10-14 19:23:34.365752 Foxtrot: Delta, sending you 3
2024-10-14 19:23:34.366835 Victor: Tango, sending you 3
2024-10-14 19:23:34.367397 Romeo: Yankee, sending you 5
2024-10-14 19:23:34.368274 Uniform: Foxtrot and Delta, sending you 5
2024-10-14 19:23:34.368866 Tango: Delta, sending you 4
2024-10-14 19:23:34.375393 Foxtrot: Uniform, sending you 5
2024-10-14 19:23:34.376551 Romeo: Victor, sending you 3
2024-10-14 19:23:34.376974 Uniform: Bravo and Tango, sending you 3
2024-10-14 19:23:34.380486 Foxtrot: Tango, sending you 1
chatterbot Tango submitting transactions
chatterbot Foxtrot submitting transactions
chatterbot Delta submitting transactions
chatterbot Bravo submitting transactions
chatterbot Romeo submitting transactions
chatterbot Sierra submitting transactions
chatterbot Echo submitting transactions
chatterbot Yankee submitting transactions
chatterbot Uniform submitting transactions
chatterbot Victor submitting transactions
ChatterBot Echo round 5
ChatterBot Yankee round 5
ChatterBot Sierra round 5
ChatterBot Foxtrot round 5
ChatterBot Bravo round 5
ChatterBot Delta round 5
ChatterBot Victor round 5
ChatterBot Uniform round 5
ChatterBot Tango round 5
ChatterBot Romeo round 5
2024-10-14 19:23:35.464072 Foxtrot: We should add Victor
ChatterBot Uniform reevaluating
ChatterBot Tango reevaluating
ChatterBot Delta reevaluating
2024-10-14 19:23:35.493045 Sierra: Yes
2024-10-14 19:23:35.493256 Bravo: Yes
2024-10-14 19:23:35.494011 Uniform: Yes
2024-10-14 19:23:35.494222 Tango: Yes
2024-10-14 19:23:35.494423 Delta: Yes
ChatterBot Uniform reevaluating
ChatterBot Tango reevaluating
ChatterBot Delta reevaluating
ChatterBot Uniform reevaluating
ChatterBot Tango reevaluating
ChatterBot Delta reevaluating
ChatterBot Tango reevaluating
ChatterBot Delta reevaluating
ChatterBot Uniform reevaluating
ChatterBot Delta reevaluating
ChatterBot Uniform reevaluating
ChatterBot Tango reevaluating
2024-10-14 19:23:35.653893 Victor: We should add Romeo
ChatterBot Delta reevaluating
ChatterBot Uniform reevaluating
ChatterBot Tango reevaluating
2024-10-14 19:23:35.686489 Bravo: No
2024-10-14 19:23:35.687125 Sierra: No
2024-10-14 19:23:35.687314 Foxtrot: No
2024-10-14 19:23:35.687507 Delta: No
2024-10-14 19:23:35.687731 Uniform: No
2024-10-14 19:23:35.687905 Tango: No
ChatterBot Delta reevaluating
ChatterBot Uniform reevaluating
ChatterBot Tango reevaluating
ChatterBot Delta reevaluating
ChatterBot Uniform reevaluating
ChatterBot Tango reevaluating
ChatterBot Delta reevaluating
ChatterBot Uniform reevaluating
ChatterBot Tango reevaluating
ChatterBot Victor reevaluating
ChatterBot Uniform reevaluating
ChatterBot Tango reevaluating
ChatterBot Delta reevaluating
ChatterBot Victor reevaluating
ChatterBot Tango reevaluating
ChatterBot Delta reevaluating
ChatterBot Victor reevaluating
ChatterBot Uniform reevaluating
2024-10-14 19:23:35.849356 Foxtrot: Victor we want you to join our group
ChatterBot Victor reevaluating
2024-10-14 19:23:35.853152 Victor: Yes
ChatterBot Delta reevaluating
ChatterBot Uniform reevaluating
ChatterBot Tango reevaluating
2024-10-14 19:23:35.879673 Bravo: Sierra, Delta and Uniform, sending you 3
2024-10-14 19:23:35.880705 Echo: Yankee, sending you 9
2024-10-14 19:23:35.881679 Sierra: Foxtrot, Bravo and Delta, sending you 3
2024-10-14 19:23:35.882373 Yankee: Echo, sending you 6
2024-10-14 19:23:35.884661 Uniform: Victor we want you to join our group
ChatterBot Victor reevaluating
2024-10-14 19:23:35.888897 Victor: Yes
2024-10-14 19:23:35.907401 Bravo: Foxtrot, sending you 5
2024-10-14 19:23:35.908208 Echo: Romeo, sending you 5
2024-10-14 19:23:35.908544 Sierra: Victor, Uniform and Tango, sending you 2
2024-10-14 19:23:35.909302 Yankee: Victor, sending you 5
2024-10-14 19:23:35.912063 Bravo: Victor and Tango, sending you 2
2024-10-14 19:23:35.912696 Romeo: Echo, sending you 4
2024-10-14 19:23:35.913006 Delta: Sierra, Foxtrot, Bravo, Victor and Tango, sending you 3
2024-10-14 19:23:35.913976 Foxtrot: Sierra, sending you 4
2024-10-14 19:23:35.914591 Tango: Sierra and Victor, sending you 2
2024-10-14 19:23:35.915580 Yankee: Romeo, sending you 4
2024-10-14 19:23:35.916356 Romeo: Yankee, sending you 5
2024-10-14 19:23:35.916832 Delta: Uniform, sending you 4
2024-10-14 19:23:35.918067 Foxtrot: Bravo, sending you 6
2024-10-14 19:23:35.918582 Tango: Bravo and Uniform, sending you 3
2024-10-14 19:23:35.920035 Romeo: Victor, sending you 3
2024-10-14 19:23:35.921664 Tango: Delta, sending you 4
2024-10-14 19:23:35.922800 Foxtrot: Delta, sending you 3
2024-10-14 19:23:35.923658 Victor: Sierra, sending you 4
2024-10-14 19:23:35.926669 Foxtrot: Uniform, sending you 5
2024-10-14 19:23:35.927269 Victor: Bravo and Tango, sending you 3
2024-10-14 19:23:35.928139 Uniform: Sierra and Tango, sending you 2
2024-10-14 19:23:35.932271 Foxtrot: Tango, sending you 1
2024-10-14 19:23:35.932814 Victor: Delta, sending you 6
2024-10-14 19:23:35.933481 Uniform: Foxtrot, sending you 6
2024-10-14 19:23:35.936661 Uniform: Bravo, sending you 3
2024-10-14 19:23:35.941721 Uniform: Delta, sending you 5
chatterbot Echo submitting transactions
chatterbot Bravo submitting transactions
chatterbot Foxtrot submitting transactions
chatterbot Yankee submitting transactions
chatterbot Romeo submitting transactions
chatterbot Sierra submitting transactions
chatterbot Victor submitting transactions
chatterbot Delta submitting transactions
chatterbot Tango submitting transactions
chatterbot Uniform submitting transactions
ChatterBot Echo round 6
ChatterBot Yankee round 6
ChatterBot Sierra round 6
ChatterBot Foxtrot round 6
ChatterBot Bravo round 6
ChatterBot Delta round 6
ChatterBot Victor round 6
ChatterBot Uniform round 6
ChatterBot Tango round 6
ChatterBot Romeo round 6
2024-10-14 19:23:37.141773 Echo: Yankee, sending you 9
2024-10-14 19:23:37.142969 Uniform: Sierra, sending you 2
2024-10-14 19:23:37.144687 Sierra: Foxtrot, Bravo and Delta, sending you 3
2024-10-14 19:23:37.146412 Foxtrot: Sierra, sending you 4
2024-10-14 19:23:37.147459 Bravo: Sierra, Delta and Uniform, sending you 3
2024-10-14 19:23:37.149291 Echo: Romeo, sending you 5
2024-10-14 19:23:37.150570 Uniform: Foxtrot and Delta, sending you 5
2024-10-14 19:23:37.152301 Sierra: Victor, Uniform and Tango, sending you 2
2024-10-14 19:23:37.153949 Foxtrot: Bravo and Uniform, sending you 6
2024-10-14 19:23:37.155149 Bravo: Foxtrot, sending you 5
2024-10-14 19:23:37.156758 Tango: Sierra, Victor and Uniform, sending you 2
2024-10-14 19:23:37.158914 Victor: Sierra, sending you 4
2024-10-14 19:23:37.161370 Uniform: Bravo and Tango, sending you 3
2024-10-14 19:23:37.163596 Yankee: Echo, sending you 6
2024-10-14 19:23:37.164413 Delta: Sierra, Foxtrot, Bravo, Victor and Tango, sending you 3
2024-10-14 19:23:37.166661 Foxtrot: Delta, sending you 3
2024-10-14 19:23:37.169763 Bravo: Victor and Tango, sending you 2
2024-10-14 19:23:37.172101 Tango: Foxtrot, sending you 1
2024-10-14 19:23:37.173084 Victor: Bravo and Tango, sending you 3
2024-10-14 19:23:37.174579 Romeo: Echo and Yankee, sending you 5
2024-10-14 19:23:37.175952 Yankee: Victor, sending you 4
2024-10-14 19:23:37.176529 Delta: Uniform, sending you 4
2024-10-14 19:23:37.178914 Tango: Bravo, sending you 3
2024-10-14 19:23:37.180808 Victor: Delta, sending you 6
2024-10-14 19:23:37.182268 Yankee: Romeo, sending you 5
2024-10-14 19:23:37.183350 Romeo: Victor, sending you 3
2024-10-14 19:23:37.184457 Tango: Delta, sending you 4
chatterbot Echo submitting transactions
chatterbot Delta submitting transactions
chatterbot Foxtrot submitting transactions
chatterbot Uniform submitting transactions
chatterbot Romeo submitting transactions
chatterbot Victor submitting transactions
chatterbot Bravo submitting transactions
chatterbot Yankee submitting transactions
chatterbot Sierra submitting transactions
chatterbot Tango submitting transactions
ChatterBot Echo round 7
ChatterBot Yankee round 7
ChatterBot Sierra round 7
ChatterBot Foxtrot round 7
ChatterBot Bravo round 7
ChatterBot Delta round 7
ChatterBot Victor round 7
ChatterBot Uniform round 7
ChatterBot Tango round 7
ChatterBot Romeo round 7
2024-10-14 19:23:38.387686 Echo: Yankee, sending you 9
2024-10-14 19:23:38.388691 Delta: Sierra, Foxtrot, Bravo, Victor and Tango, sending you 3
2024-10-14 19:23:38.389885 Sierra: Foxtrot, Bravo and Delta, sending you 3
2024-10-14 19:23:38.393856 Echo: Romeo, sending you 5
2024-10-14 19:23:38.394477 Delta: Uniform, sending you 4
2024-10-14 19:23:38.396986 Sierra: Victor, Uniform and Tango, sending you 2
2024-10-14 19:23:38.398103 Foxtrot: Sierra and Delta, sending you 3
2024-10-14 19:23:38.400722 Bravo: Sierra, Delta and Uniform, sending you 3
2024-10-14 19:23:38.404868 Romeo: Echo and Yankee, sending you 5
2024-10-14 19:23:38.405622 Foxtrot: Bravo, sending you 7
2024-10-14 19:23:38.407062 Yankee: Echo, sending you 6
2024-10-14 19:23:38.409438 Uniform: Sierra and Tango, sending you 2
2024-10-14 19:23:38.410786 Romeo: Victor, sending you 3
2024-10-14 19:23:38.416017 Bravo: Foxtrot, sending you 5
2024-10-14 19:23:38.417379 Victor: Sierra, sending you 4
2024-10-14 19:23:38.426115 Foxtrot: Uniform, sending you 5
2024-10-14 19:23:38.430885 Yankee: Victor, sending you 4
2024-10-14 19:23:38.432091 Uniform: Foxtrot, sending you 6
2024-10-14 19:23:38.436303 Tango: Sierra, Bravo and Victor, sending you 2
2024-10-14 19:23:38.439248 Bravo: Victor and Tango, sending you 2
2024-10-14 19:23:38.441403 Victor: Bravo and Tango, sending you 3
2024-10-14 19:23:38.443819 Yankee: Romeo, sending you 5
2024-10-14 19:23:38.444517 Foxtrot: Tango, sending you 1
2024-10-14 19:23:38.446906 Uniform: Bravo, sending you 3
2024-10-14 19:23:38.450972 Tango: Foxtrot, sending you 1
2024-10-14 19:23:38.454225 Victor: Delta, sending you 6
2024-10-14 19:23:38.457546 Uniform: Delta, sending you 5
2024-10-14 19:23:38.459853 Tango: Delta, sending you 4
2024-10-14 19:23:38.464984 Tango: Uniform, sending you 3
chatterbot Victor submitting transactions
chatterbot Tango submitting transactions
chatterbot Romeo submitting transactions
chatterbot Yankee submitting transactions
chatterbot Foxtrot submitting transactions
chatterbot Uniform submitting transactions
chatterbot Bravo submitting transactions
chatterbot Sierra submitting transactions
chatterbot Echo submitting transactions
chatterbot Delta submitting transactions
ChatterBot Echo round 8
ChatterBot Yankee round 8
ChatterBot Sierra round 8
ChatterBot Foxtrot round 8
ChatterBot Bravo round 8
ChatterBot Delta round 8
ChatterBot Victor round 8
ChatterBot Uniform round 8
ChatterBot Tango round 8
ChatterBot Romeo round 8
2024-10-14 19:23:39.686395 Delta: Sierra, Foxtrot, Bravo, Victor and Tango, sending you 3
2024-10-14 19:23:39.688232 Romeo: Echo and Yankee, sending you 5
2024-10-14 19:23:39.688656 Yankee: Echo, sending you 6
2024-10-14 19:23:39.689333 Bravo: Sierra, Delta and Uniform, sending you 3
2024-10-14 19:23:39.691087 Victor: Sierra and Bravo, sending you 4
2024-10-14 19:23:39.693125 Uniform: Sierra, sending you 2
2024-10-14 19:23:39.695651 Foxtrot: Sierra and Delta, sending you 3
2024-10-14 19:23:39.697629 Sierra: Foxtrot, Bravo, Delta and Victor, sending you 3
2024-10-14 19:23:39.698891 Tango: Sierra, Bravo and Uniform, sending you 2
2024-10-14 19:23:39.700516 Echo: Yankee, sending you 9
2024-10-14 19:23:39.701600 Delta: Uniform, sending you 4
2024-10-14 19:23:39.702561 Romeo: Victor, sending you 3
2024-10-14 19:23:39.704144 Yankee: Victor, sending you 4
2024-10-14 19:23:39.704755 Bravo: Foxtrot, sending you 5
2024-10-14 19:23:39.706857 Victor: Delta, sending you 6
2024-10-14 19:23:39.709019 Uniform: Foxtrot and Delta, sending you 5
2024-10-14 19:23:39.711429 Foxtrot: Bravo and Uniform, sending you 6
2024-10-14 19:23:39.713975 Sierra: Uniform, sending you 2
2024-10-14 19:23:39.716126 Tango: Foxtrot, sending you 1
2024-10-14 19:23:39.718150 Echo: Romeo, sending you 6
2024-10-14 19:23:39.719240 Yankee: Romeo, sending you 5
2024-10-14 19:23:39.719872 Bravo: Victor and Tango, sending you 2
2024-10-14 19:23:39.721478 Victor: Tango, sending you 2
2024-10-14 19:23:39.722125 Uniform: Bravo and Tango, sending you 3
2024-10-14 19:23:39.723362 Foxtrot: Tango, sending you 1
2024-10-14 19:23:39.725261 Sierra: Tango, sending you 1
2024-10-14 19:23:39.726824 Tango: Delta, sending you 4
2024-10-14 19:23:39.733067 Tango: Victor, sending you 3
chatterbot Delta submitting transactions
chatterbot Foxtrot submitting transactions
chatterbot Tango submitting transactions
chatterbot Romeo submitting transactions
chatterbot Victor submitting transactions
chatterbot Sierra submitting transactions
chatterbot Uniform submitting transactions
chatterbot Yankee submitting transactions
chatterbot Bravo submitting transactions
chatterbot Echo submitting transactions
ChatterBot Echo round 9
ChatterBot Yankee round 9
ChatterBot Sierra round 9
ChatterBot Foxtrot round 9
ChatterBot Bravo round 9
ChatterBot Delta round 9
ChatterBot Victor round 9
ChatterBot Uniform round 9
ChatterBot Tango round 9
ChatterBot Romeo round 9
2024-10-14 19:23:40.845679 Uniform: Sierra and Tango, sending you 2
2024-10-14 19:23:40.848225 Sierra: Foxtrot, Bravo, Delta and Victor, sending you 3
2024-10-14 19:23:40.850195 Foxtrot: Sierra, sending you 3
2024-10-14 19:23:40.851673 Tango: Sierra, Bravo and Victor, sending you 2
2024-10-14 19:23:40.852767 Uniform: Foxtrot, sending you 6
2024-10-14 19:23:40.854505 Romeo: Echo and Yankee, sending you 5
2024-10-14 19:23:40.855734 Sierra: Uniform, sending you 2
2024-10-14 19:23:40.857404 Foxtrot: Bravo, sending you 6
2024-10-14 19:23:40.859412 Yankee: Echo, sending you 6
2024-10-14 19:23:40.860219 Echo: Yankee, sending you 9
2024-10-14 19:23:40.861235 Delta: Sierra, Foxtrot, Bravo, Victor and Tango, sending you 3
2024-10-14 19:23:40.862580 Tango: Foxtrot, sending you 1
2024-10-14 19:23:40.865278 Uniform: Bravo, sending you 3
2024-10-14 19:23:40.867130 Romeo: Victor, sending you 3
2024-10-14 19:23:40.867728 Bravo: Sierra, Delta, Victor and Uniform, sending you 3
2024-10-14 19:23:40.870099 Sierra: Tango, sending you 1
2024-10-14 19:23:40.871914 Foxtrot: Delta, sending you 4
2024-10-14 19:23:40.873622 Victor: Sierra, sending you 4
2024-10-14 19:23:40.875346 Yankee: Victor, sending you 4
2024-10-14 19:23:40.875976 Echo: Romeo, sending you 6
2024-10-14 19:23:40.876930 Delta: Uniform, sending you 4
2024-10-14 19:23:40.878873 Tango: Delta, sending you 4
2024-10-14 19:23:40.880666 Uniform: Delta, sending you 5
2024-10-14 19:23:40.882315 Bravo: Foxtrot, sending you 5
2024-10-14 19:23:40.884040 Foxtrot: Uniform, sending you 5
2024-10-14 19:23:40.885700 Victor: Bravo and Tango, sending you 3
2024-10-14 19:23:40.886559 Yankee: Romeo, sending you 5
2024-10-14 19:23:40.887421 Tango: Uniform, sending you 3
2024-10-14 19:23:40.888226 Bravo: Tango, sending you 1
2024-10-14 19:23:40.889374 Victor: Delta, sending you 6
2024-10-14 19:23:40.890697 Foxtrot: Tango, sending you 1
chatterbot Delta submitting transactions
chatterbot Bravo submitting transactions
chatterbot Romeo submitting transactions
chatterbot Victor submitting transactions
chatterbot Foxtrot submitting transactions
chatterbot Echo submitting transactions
chatterbot Tango submitting transactions
chatterbot Yankee submitting transactions
chatterbot Sierra submitting transactions
chatterbot Uniform submitting transactions
ChatterBot Echo round 10
ChatterBot Yankee round 10
ChatterBot Sierra round 10
ChatterBot Foxtrot round 10
ChatterBot Bravo round 10
ChatterBot Delta round 10
ChatterBot Victor round 10
ChatterBot Uniform round 10
ChatterBot Tango round 10
ChatterBot Romeo round 10
2024-10-14 19:23:42.099710 Yankee: Echo, sending you 6
2024-10-14 19:23:42.104679 Foxtrot: Sierra, sending you 3
2024-10-14 19:23:42.106071 Yankee: Victor, sending you 4
2024-10-14 19:23:42.106911 Sierra: Foxtrot, Bravo, Delta and Victor, sending you 3
2024-10-14 19:23:42.108288 Echo: Yankee, sending you 9
2024-10-14 19:23:42.109685 Foxtrot: Bravo and Uniform, sending you 6
2024-10-14 19:23:42.111362 Yankee: Romeo, sending you 5
2024-10-14 19:23:42.111890 Victor: Sierra and Bravo, sending you 4
2024-10-14 19:23:42.113279 Uniform: Sierra and Tango, sending you 2
2024-10-14 19:23:42.114503 Sierra: Uniform, sending you 2
2024-10-14 19:23:42.115916 Echo: Romeo, sending you 6
2024-10-14 19:23:42.116712 Foxtrot: Delta, sending you 4
2024-10-14 19:23:42.118315 Victor: Delta, sending you 5
2024-10-14 19:23:42.119956 Delta: Sierra, Foxtrot, Bravo, Uniform and Tango, sending you 3
2024-10-14 19:23:42.121045 Bravo: Sierra, Delta, Victor and Uniform, sending you 3
2024-10-14 19:23:42.122597 Uniform: Foxtrot, sending you 6
2024-10-14 19:23:42.123593 Sierra: Tango, sending you 1
2024-10-14 19:23:42.124862 Tango: Sierra and Bravo, sending you 2
2024-10-14 19:23:42.126345 Victor: Tango, sending you 3
2024-10-14 19:23:42.127225 Delta: Victor, sending you 4
2024-10-14 19:23:42.128736 Bravo: Foxtrot, sending you 5
2024-10-14 19:23:42.129624 Uniform: Bravo, sending you 3
2024-10-14 19:23:42.131261 Tango: Delta, sending you 4
2024-10-14 19:23:42.132767 Bravo: Tango, sending you 1
2024-10-14 19:23:42.133737 Romeo: Echo and Yankee, sending you 5
2024-10-14 19:23:42.134711 Uniform: Delta, sending you 5
2024-10-14 19:23:42.136208 Tango: Victor and Uniform, sending you 3
2024-10-14 19:23:42.137925 Romeo: Victor, sending you 3
chatterbot Uniform submitting transactions
chatterbot Victor submitting transactions
chatterbot Bravo submitting transactions
chatterbot Delta submitting transactions
chatterbot Echo submitting transactions
chatterbot Yankee submitting transactions
chatterbot Sierra submitting transactions
chatterbot Foxtrot submitting transactions
chatterbot Romeo submitting transactions
chatterbot Tango submitting transactions
ChatterBot Echo round 11
ChatterBot Yankee round 11
ChatterBot Sierra round 11
ChatterBot Foxtrot round 11
ChatterBot Bravo round 11
ChatterBot Delta round 11
ChatterBot Victor round 11
ChatterBot Uniform round 11
ChatterBot Tango round 11
ChatterBot Romeo round 11
2024-10-14 19:23:43.379365 Echo: We should drop Victor
ChatterBot Yankee reevaluating
2024-10-14 19:23:43.384865 Yankee: Yes
2024-10-14 19:23:43.385041 Romeo: No
ChatterBot Romeo reevaluating
ChatterBot Yankee reevaluating
2024-10-14 19:23:43.397174 Romeo: We should replace Victor with Uniform
ChatterBot Yankee reevaluating
2024-10-14 19:23:43.402392 Echo: No
2024-10-14 19:23:43.402483 Yankee: No
ChatterBot Yankee reevaluating
ChatterBot Romeo reevaluating
ChatterBot Romeo reevaluating
2024-10-14 19:23:43.419697 Uniform: Sierra, Bravo and Tango, sending you 1
2024-10-14 19:23:43.421012 Sierra: Foxtrot, Bravo, Delta and Victor, sending you 3
2024-10-14 19:23:43.423688 Uniform: Foxtrot and Delta, sending you 2
2024-10-14 19:23:43.425760 Sierra: Uniform, sending you 2
2024-10-14 19:23:43.428679 Bravo: Sierra, Delta, Victor and Uniform, sending you 3
2024-10-14 19:23:43.429824 Delta: Sierra, Foxtrot, Bravo, Victor and Tango, sending you 3
2024-10-14 19:23:43.431891 Sierra: Tango, sending you 1
2024-10-14 19:23:43.433033 Tango: Sierra and Bravo, sending you 2
2024-10-14 19:23:43.435039 Bravo: Foxtrot, sending you 5
2024-10-14 19:23:43.436211 Delta: Uniform, sending you 4
2024-10-14 19:23:43.436958 Echo: Yankee, sending you 9
2024-10-14 19:23:43.437176 Romeo: Sending you each 7
2024-10-14 19:23:43.437976 Victor: Sierra and Bravo, sending you 4
2024-10-14 19:23:43.439552 Tango: Delta, sending you 4
2024-10-14 19:23:43.441345 Foxtrot: Sierra, sending you 3
2024-10-14 19:23:43.442597 Bravo: Tango, sending you 1
2024-10-14 19:23:43.445031 Echo: Romeo, sending you 6
2024-10-14 19:23:43.445673 Yankee: Echo, sending you 8
2024-10-14 19:23:43.446180 Victor: Delta, sending you 5
2024-10-14 19:23:43.448155 Tango: Victor and Uniform, sending you 3
2024-10-14 19:23:43.449906 Foxtrot: Bravo and Uniform, sending you 6
2024-10-14 19:23:43.451184 Yankee: Romeo, sending you 7
2024-10-14 19:23:43.451628 Victor: Tango, sending you 3
2024-10-14 19:23:43.454660 Foxtrot: Delta, sending you 4
