ChatterBot Alpha round 1
ChatterBot Foxtrot round 1
ChatterBot Hotel round 1
ChatterBot Uniform round 1
ChatterBot Tango round 1
ChatterBot Oscar round 1
ChatterBot Yankee round 1
ChatterBot Victor round 1
ChatterBot Sierra round 1
ChatterBot Mike round 1
randomSelections Hotel: {Hotel, Uniform, Yankee, Mike, Alpha, Foxtrot, Tango} 
2024-10-14 23:03:44.444152 Hotel: Friends?
ChatterBot Uniform reevaluating
ChatterBot Yankee reevaluating
ChatterBot Mike reevaluating
ChatterBot Alpha reevaluating
ChatterBot Foxtrot reevaluating
ChatterBot Tango reevaluating
2024-10-14 23:03:44.463330 Uniform: Yes
2024-10-14 23:03:44.463490 Yankee: Yes
2024-10-14 23:03:44.463641 Mike: Yes
2024-10-14 23:03:44.464255 Alpha: Yes
2024-10-14 23:03:44.464405 Foxtrot: Yes
2024-10-14 23:03:44.464527 Tango: Yes
ChatterBot Yankee reevaluating
ChatterBot Mike reevaluating
ChatterBot Alpha reevaluating
ChatterBot Foxtrot reevaluating
ChatterBot Tango reevaluating
ChatterBot Uniform reevaluating
ChatterBot Mike reevaluating
ChatterBot Alpha reevaluating
ChatterBot Foxtrot reevaluating
ChatterBot Tango reevaluating
ChatterBot Uniform reevaluating
ChatterBot Yankee reevaluating
ChatterBot Alpha reevaluating
ChatterBot Foxtrot reevaluating
ChatterBot Tango reevaluating
ChatterBot Uniform reevaluating
ChatterBot Yankee reevaluating
ChatterBot Mike reevaluating
ChatterBot Foxtrot reevaluating
ChatterBot Tango reevaluating
ChatterBot Uniform reevaluating
ChatterBot Yankee reevaluating
ChatterBot Mike reevaluating
ChatterBot Alpha reevaluating
ChatterBot Tango reevaluating
ChatterBot Uniform reevaluating
ChatterBot Yankee reevaluating
ChatterBot Mike reevaluating
ChatterBot Alpha reevaluating
ChatterBot Foxtrot reevaluating
randomSelections Oscar: {Oscar, Hotel, Sierra, Foxtrot, Victor, Uniform} 
2024-10-14 23:03:44.549669 Oscar: We would work well together
ChatterBot Sierra reevaluating
ChatterBot Foxtrot reevaluating
ChatterBot Victor reevaluating
ChatterBot Uniform reevaluating
2024-10-14 23:03:44.557906 Hotel: No
2024-10-14 23:03:44.558015 Sierra: Yes
2024-10-14 23:03:44.558105 Foxtrot: No
2024-10-14 23:03:44.558201 Victor: Yes
2024-10-14 23:03:44.558274 Uniform: No
ChatterBot Sierra reevaluating
ChatterBot Foxtrot reevaluating
ChatterBot Victor reevaluating
ChatterBot Uniform reevaluating
ChatterBot Foxtrot reevaluating
ChatterBot Victor reevaluating
ChatterBot Uniform reevaluating
ChatterBot Sierra reevaluating
ChatterBot Victor reevaluating
ChatterBot Uniform reevaluating
ChatterBot Sierra reevaluating
ChatterBot Foxtrot reevaluating
ChatterBot Uniform reevaluating
ChatterBot Sierra reevaluating
ChatterBot Foxtrot reevaluating
ChatterBot Victor reevaluating
2024-10-14 23:03:44.597658 Hotel: Foxtrot, Yankee and Mike, sending you 1
2024-10-14 23:03:44.601694 Hotel: Uniform, sending you 3
2024-10-14 23:03:44.603681 Uniform: Alpha, Yankee and Mike, sending you 3
2024-10-14 23:03:44.604135 Oscar: Foxtrot, sending you 1
2024-10-14 23:03:44.605661 Victor: Foxtrot and Hotel, sending you 3
2024-10-14 23:03:44.606700 Tango: Alpha, Foxtrot, Yankee and Mike, sending you 2
2024-10-14 23:03:44.607028 Oscar: Hotel, sending you 3
2024-10-14 23:03:44.607772 Mike: Alpha, sending you 3
2024-10-14 23:03:44.608695 Uniform: Foxtrot and Tango, sending you 2
2024-10-14 23:03:44.609679 Alpha: Foxtrot, sending you 1
2024-10-14 23:03:44.610677 Victor: Uniform, sending you 4
2024-10-14 23:03:44.610952 Tango: Hotel, sending you 1
2024-10-14 23:03:44.611703 Yankee: Alpha and Tango, sending you 1
2024-10-14 23:03:44.612692 Oscar: Uniform and Victor, sending you 2
2024-10-14 23:03:44.612966 Mike: Foxtrot, Hotel, Uniform and Yankee, sending you 1
2024-10-14 23:03:44.613259 Foxtrot: Alpha, sending you 2
2024-10-14 23:03:44.613721 Uniform: Hotel, sending you 4
2024-10-14 23:03:44.614089 Alpha: Hotel and Uniform, sending you 2
2024-10-14 23:03:44.614422 Victor: Oscar, sending you 7
2024-10-14 23:03:44.614703 Tango: Uniform, sending you 4
2024-10-14 23:03:44.616054 Sierra: Foxtrot, sending you 8
2024-10-14 23:03:44.616678 Yankee: Foxtrot and Uniform, sending you 5
2024-10-14 23:03:44.617094 Oscar: Sierra, sending you 5
2024-10-14 23:03:44.617439 Foxtrot: Hotel and Yankee, sending you 1
2024-10-14 23:03:44.617840 Victor: Sierra, sending you 1
2024-10-14 23:03:44.618696 Alpha: Tango and Yankee, sending you 3
2024-10-14 23:03:44.619127 Sierra: Hotel and Oscar, sending you 2
2024-10-14 23:03:44.619679 Yankee: Hotel and Mike, sending you 2
2024-10-14 23:03:44.620660 Foxtrot: Tango, sending you 3
2024-10-14 23:03:44.622677 Alpha: Mike, sending you 4
2024-10-14 23:03:44.623084 Sierra: Uniform and Victor, sending you 3
chatterbot Yankee submitting transactions
chatterbot Oscar submitting transactions
chatterbot Tango submitting transactions
chatterbot Sierra submitting transactions
chatterbot Uniform submitting transactions
chatterbot Alpha submitting transactions
chatterbot Mike submitting transactions
chatterbot Victor submitting transactions
chatterbot Hotel submitting transactions
chatterbot Foxtrot submitting transactions
ChatterBot Alpha round 2
ChatterBot Foxtrot round 2
ChatterBot Hotel round 2
ChatterBot Uniform round 2
ChatterBot Tango round 2
ChatterBot Oscar round 2
ChatterBot Yankee round 2
ChatterBot Victor round 2
ChatterBot Sierra round 2
ChatterBot Mike round 2
2024-10-14 23:03:46.194427 Oscar: Friends?
ChatterBot Victor reevaluating
ChatterBot Sierra reevaluating
2024-10-14 23:03:46.202280 Victor: Yes
2024-10-14 23:03:46.202419 Sierra: Yes
ChatterBot Sierra reevaluating
ChatterBot Victor reevaluating
2024-10-14 23:03:46.232505 Hotel: We should drop Foxtrot
ChatterBot Alpha reevaluating
ChatterBot Yankee reevaluating
2024-10-14 23:03:46.249580 Alpha: Yes
2024-10-14 23:03:46.250377 Uniform: No
2024-10-14 23:03:46.250505 Tango: No
2024-10-14 23:03:46.250606 Yankee: No
2024-10-14 23:03:46.250738 Mike: No
ChatterBot Yankee reevaluating
ChatterBot Alpha reevaluating
ChatterBot Yankee reevaluating
ChatterBot Alpha reevaluating
ChatterBot Yankee reevaluating
ChatterBot Alpha reevaluating
ChatterBot Alpha reevaluating
ChatterBot Yankee reevaluating
2024-10-14 23:03:46.493491 Tango: Alpha, sending you 6
2024-10-14 23:03:46.493888 Uniform: Alpha, sending you 2
2024-10-14 23:03:46.494150 Foxtrot: Alpha, Hotel, Uniform, Tango and Mike, sending you 1
2024-10-14 23:03:46.495127 Victor: We should drop Hotel and Uniform
ChatterBot Sierra reevaluating
2024-10-14 23:03:46.505200 Foxtrot: No
2024-10-14 23:03:46.505319 Oscar: Yes
2024-10-14 23:03:46.505457 Sierra: Yes
ChatterBot Victor reevaluating
ChatterBot Sierra reevaluating
ChatterBot Victor reevaluating
ChatterBot Sierra reevaluating
ChatterBot Victor reevaluating
2024-10-14 23:03:46.536295 Alpha: We should drop Hotel and Foxtrot
2024-10-14 23:03:46.548641 Uniform: No
2024-10-14 23:03:46.548770 Tango: No
2024-10-14 23:03:46.549318 Yankee: No
2024-10-14 23:03:46.549434 Mike: No
ChatterBot Alpha reevaluating
ChatterBot Alpha reevaluating
ChatterBot Alpha reevaluating
ChatterBot Alpha reevaluating
2024-10-14 23:03:46.601568 Uniform: Foxtrot and Mike, sending you 1
2024-10-14 23:03:46.602290 Foxtrot: Yankee, sending you 2
2024-10-14 23:03:46.602590 Tango: Foxtrot, sending you 5
2024-10-14 23:03:46.602872 Oscar: Victor, sending you 12
2024-10-14 23:03:46.837169 Hotel: Alpha and Yankee, sending you 3
2024-10-14 23:03:46.837673 Mike: Alpha, sending you 3
2024-10-14 23:03:46.838170 Uniform: Hotel, sending you 3
2024-10-14 23:03:46.839838 Tango: Uniform, sending you 3
2024-10-14 23:03:46.840399 Oscar: Sierra, sending you 4
chatterbot Foxtrot submitting transactions
2024-10-14 23:03:46.842384 Mike: Uniform, Tango and Yankee, sending you 2
chatterbot Uniform submitting transactions
2024-10-14 23:03:46.842992 Hotel: Uniform, sending you 6
2024-10-14 23:03:46.846144 Uniform: Tango, sending you 4
2024-10-14 23:03:47.031198 Tango: Yankee, sending you 2
2024-10-14 23:03:47.032770 Sierra: Oscar, sending you 11
2024-10-14 23:03:47.033225 Yankee: Alpha and Uniform, sending you 5
2024-10-14 23:03:47.034329 Hotel: Tango and Mike, sending you 2
2024-10-14 23:03:47.034881 Uniform: Yankee, sending you 6
chatterbot Tango submitting transactions
chatterbot Hotel submitting transactions
chatterbot Alpha submitting transactions
2024-10-14 23:03:47.037307 Sierra: Victor, sending you 7
2024-10-14 23:03:47.038555 Yankee: Hotel and Mike, sending you 2
2024-10-14 23:03:47.083019 Yankee: Tango, sending you 4
chatterbot Victor submitting transactions
2024-10-14 23:03:47.135738 Alpha: Uniform, Tango and Mike, sending you 4
chatterbot Oscar submitting transactions
2024-10-14 23:03:47.184150 Alpha: Yankee, sending you 3
chatterbot Sierra submitting transactions
chatterbot Mike submitting transactions
chatterbot Yankee submitting transactions
ChatterBot Alpha round 3
ChatterBot Foxtrot round 3
ChatterBot Hotel round 3
ChatterBot Uniform round 3
ChatterBot Tango round 3
ChatterBot Oscar round 3
2024-10-14 23:03:47.472466 Alpha: We should add Hotel
ChatterBot Tango reevaluating
ChatterBot Yankee reevaluating
2024-10-14 23:03:47.496783 Uniform: Yes
2024-10-14 23:03:47.497603 Tango: Yes
2024-10-14 23:03:47.497814 Yankee: Yes
2024-10-14 23:03:47.497994 Mike: Yes
ChatterBot Tango reevaluating
ChatterBot Yankee reevaluating
ChatterBot Alpha reevaluating
ChatterBot Yankee reevaluating
ChatterBot Alpha reevaluating
ChatterBot Tango reevaluating
ChatterBot Alpha reevaluating
ChatterBot Tango reevaluating
ChatterBot Yankee reevaluating
2024-10-14 23:03:47.563014 Yankee: We should add Foxtrot
ChatterBot Hotel reevaluating
ChatterBot Alpha reevaluating
ChatterBot Tango reevaluating
2024-10-14 23:03:47.582300 Hotel: Yes
2024-10-14 23:03:47.582496 Alpha: No
2024-10-14 23:03:47.582648 Uniform: Yes
2024-10-14 23:03:47.582764 Tango: Yes
2024-10-14 23:03:47.582876 Mike: Yes
ChatterBot Alpha reevaluating
ChatterBot Tango reevaluating
ChatterBot Yankee reevaluating
ChatterBot Hotel reevaluating
ChatterBot Tango reevaluating
ChatterBot Yankee reevaluating
ChatterBot Hotel reevaluating
ChatterBot Alpha reevaluating
ChatterBot Tango reevaluating
ChatterBot Yankee reevaluating
ChatterBot Hotel reevaluating
ChatterBot Alpha reevaluating
ChatterBot Yankee reevaluating
ChatterBot Hotel reevaluating
ChatterBot Alpha reevaluating
ChatterBot Tango reevaluating
ChatterBot Yankee reevaluating
ChatterBot Yankee round 3
ChatterBot Victor round 3
ChatterBot Sierra round 3
ChatterBot Mike round 3
2024-10-14 23:03:47.721450 Alpha: We should add Foxtrot and Hotel
ChatterBot Tango reevaluating
ChatterBot Yankee reevaluating
ChatterBot Mike reevaluating
2024-10-14 23:03:47.828930 Uniform: Yes
2024-10-14 23:03:47.829201 Tango: Yes
2024-10-14 23:03:47.829337 Yankee: Yes
2024-10-14 23:03:47.830112 Mike: Yes
ChatterBot Alpha reevaluating
ChatterBot Tango reevaluating
ChatterBot Yankee reevaluating
ChatterBot Mike reevaluating
ChatterBot Alpha reevaluating
ChatterBot Yankee reevaluating
ChatterBot Mike reevaluating
ChatterBot Alpha reevaluating
ChatterBot Tango reevaluating
ChatterBot Mike reevaluating
ChatterBot Alpha reevaluating
ChatterBot Tango reevaluating
ChatterBot Yankee reevaluating
2024-10-14 23:03:47.899377 Yankee: We should add Foxtrot
ChatterBot Hotel reevaluating
ChatterBot Alpha reevaluating
ChatterBot Mike reevaluating
2024-10-14 23:03:47.919196 Hotel: Yes
2024-10-14 23:03:47.919463 Alpha: No
2024-10-14 23:03:47.919673 Uniform: Yes
2024-10-14 23:03:47.919866 Tango: Yes
2024-10-14 23:03:47.920096 Mike: Yes
ChatterBot Alpha reevaluating
ChatterBot Mike reevaluating
ChatterBot Hotel reevaluating
ChatterBot Mike reevaluating
ChatterBot Hotel reevaluating
ChatterBot Alpha reevaluating
ChatterBot Mike reevaluating
ChatterBot Hotel reevaluating
ChatterBot Alpha reevaluating
ChatterBot Mike reevaluating
ChatterBot Hotel reevaluating
ChatterBot Alpha reevaluating
2024-10-14 23:03:48.036013 Yankee: Foxtrot we want you to join our group
2024-10-14 23:03:48.040979 Foxtrot: Yes
ChatterBot Hotel reevaluating
ChatterBot Alpha reevaluating
2024-10-14 23:03:48.065170 Uniform: Alpha and Tango, sending you 3
2024-10-14 23:03:48.084117 Tango: Alpha, sending you 5
2024-10-14 23:03:48.085689 Foxtrot: Hotel, Uniform and Mike, sending you 1
2024-10-14 23:03:48.086448 Oscar: Sending you each 9
2024-10-14 23:03:48.087268 Uniform: Foxtrot, sending you 1
2024-10-14 23:03:48.088578 Hotel: Foxtrot we want you to join our group
2024-10-14 23:03:48.094349 Foxtrot: Yes
ChatterBot Alpha reevaluating
2024-10-14 23:03:48.117946 Tango: Foxtrot and Yankee, sending you 3
2024-10-14 23:03:48.118441 Foxtrot: Tango and Yankee, sending you 2
2024-10-14 23:03:48.119323 Uniform: Hotel and Yankee, sending you 4
2024-10-14 23:03:48.139481 Mike: Alpha, sending you 4
2024-10-14 23:03:48.140484 Victor: Oscar, sending you 11
2024-10-14 23:03:48.140741 Tango: Hotel and Mike, sending you 2
2024-10-14 23:03:48.141209 Yankee: Alpha and Hotel, sending you 3
2024-10-14 23:03:48.142194 Sierra: Sending you each 9
2024-10-14 23:03:48.142473 Uniform: Mike, sending you 2
2024-10-14 23:03:48.142924 Alpha: Hotel we want you to join our group
2024-10-14 23:03:48.147121 Hotel: Yes
ChatterBot Alpha reevaluating
2024-10-14 23:03:48.174782 Mike: Foxtrot, sending you 1
2024-10-14 23:03:48.176173 Victor: Sierra, sending you 7
2024-10-14 23:03:48.176481 Tango: Uniform, sending you 4
2024-10-14 23:03:48.177964 Yankee: Foxtrot, Tango and Mike, sending you 2
2024-10-14 23:03:48.178877 Hotel: Alpha, Foxtrot, Tango and Mike, sending you 2
2024-10-14 23:03:48.180086 Mike: Hotel and Tango, sending you 2
2024-10-14 23:03:48.186999 Yankee: Uniform, sending you 6
2024-10-14 23:03:48.188075 Hotel: Uniform, sending you 5
2024-10-14 23:03:48.188681 Alpha: Foxtrot and Hotel we want you to join our group
2024-10-14 23:03:48.197198 Hotel: Yes
2024-10-14 23:03:48.197360 Foxtrot: Yes
ChatterBot Alpha reevaluating
ChatterBot Alpha reevaluating
2024-10-14 23:03:48.241268 Mike: Uniform and Yankee, sending you 3
2024-10-14 23:03:48.242258 Hotel: Yankee, sending you 3
2024-10-14 23:03:48.496868 Alpha: Sending you each 3
chatterbot Foxtrot submitting transactions
chatterbot Uniform submitting transactions
chatterbot Tango submitting transactions
chatterbot Hotel submitting transactions
chatterbot Oscar submitting transactions
chatterbot Mike submitting transactions
chatterbot Yankee submitting transactions
chatterbot Alpha submitting transactions
chatterbot Victor submitting transactions
chatterbot Sierra submitting transactions
ChatterBot Alpha round 4
ChatterBot Foxtrot round 4
ChatterBot Hotel round 4
ChatterBot Uniform round 4
ChatterBot Tango round 4
ChatterBot Oscar round 4
ChatterBot Yankee round 4
ChatterBot Victor round 4
ChatterBot Sierra round 4
ChatterBot Mike round 4
2024-10-14 23:03:49.336484 Alpha: We should add Foxtrot
2024-10-14 23:03:49.356222 Hotel: Yes
2024-10-14 23:03:49.356419 Uniform: Yes
2024-10-14 23:03:49.356601 Tango: Yes
2024-10-14 23:03:49.356766 Yankee: Yes
2024-10-14 23:03:49.357 Mike: Yes
ChatterBot Alpha reevaluating
ChatterBot Alpha reevaluating
ChatterBot Alpha reevaluating
ChatterBot Alpha reevaluating
2024-10-14 23:03:49.471679 Alpha: Foxtrot we want you to join our group
2024-10-14 23:03:49.475548 Foxtrot: Yes
ChatterBot Alpha reevaluating
2024-10-14 23:03:49.498694 Hotel: Alpha and Yankee, sending you 3
2024-10-14 23:03:49.499420 Oscar: Victor, sending you 10
2024-10-14 23:03:49.499783 Victor: Oscar, sending you 10
2024-10-14 23:03:49.500051 Foxtrot: Hotel, Uniform and Mike, sending you 1
2024-10-14 23:03:49.501222 Tango: Alpha, sending you 4
2024-10-14 23:03:49.501774 Mike: Alpha, sending you 4
2024-10-14 23:03:49.502227 Uniform: Alpha and Tango, sending you 3
2024-10-14 23:03:49.503306 Yankee: Alpha, Hotel, Tango and Mike, sending you 3
2024-10-14 23:03:49.503926 Hotel: Foxtrot, Tango and Mike, sending you 2
2024-10-14 23:03:49.504528 Oscar: Sierra, sending you 9
2024-10-14 23:03:49.504793 Victor: Sierra, sending you 8
2024-10-14 23:03:49.506118 Foxtrot: Tango and Yankee, sending you 2
2024-10-14 23:03:49.507117 Tango: Foxtrot and Yankee, sending you 3
2024-10-14 23:03:49.507829 Mike: Foxtrot, sending you 1
2024-10-14 23:03:49.509148 Uniform: Foxtrot, sending you 1
2024-10-14 23:03:49.509639 Hotel: Uniform, sending you 4
2024-10-14 23:03:49.510133 Yankee: Foxtrot, sending you 2
2024-10-14 23:03:49.511917 Tango: Hotel and Mike, sending you 2
2024-10-14 23:03:49.512749 Mike: Hotel and Tango, sending you 2
2024-10-14 23:03:49.513692 Uniform: Hotel and Yankee, sending you 4
2024-10-14 23:03:49.515061 Yankee: Uniform, sending you 4
2024-10-14 23:03:49.517694 Tango: Uniform, sending you 5
2024-10-14 23:03:49.518286 Sierra: Same as last round
2024-10-14 23:03:49.518555 Mike: Uniform and Yankee, sending you 3
2024-10-14 23:03:49.519174 Uniform: Mike, sending you 2
2024-10-14 23:03:49.532108 Alpha: Foxtrot, sending you 1
2024-10-14 23:03:49.537678 Alpha: Hotel, sending you 2
2024-10-14 23:03:49.545184 Alpha: Uniform, Tango, Yankee and Mike, sending you 3
chatterbot Hotel submitting transactions
chatterbot Foxtrot submitting transactions
chatterbot Victor submitting transactions
chatterbot Alpha submitting transactions
chatterbot Uniform submitting transactions
chatterbot Tango submitting transactions
chatterbot Yankee submitting transactions
chatterbot Oscar submitting transactions
chatterbot Sierra submitting transactions
chatterbot Mike submitting transactions
ChatterBot Alpha round 5
ChatterBot Foxtrot round 5
ChatterBot Hotel round 5
ChatterBot Uniform round 5
ChatterBot Tango round 5
ChatterBot Oscar round 5
ChatterBot Yankee round 5
ChatterBot Victor round 5
ChatterBot Sierra round 5
ChatterBot Mike round 5
2024-10-14 23:03:50.656444 Alpha: We should drop Foxtrot
2024-10-14 23:03:50.671172 Hotel: No
2024-10-14 23:03:50.671433 Uniform: No
2024-10-14 23:03:50.671713 Tango: No
2024-10-14 23:03:50.672023 Yankee: No
2024-10-14 23:03:50.672255 Mike: No
ChatterBot Alpha reevaluating
ChatterBot Alpha reevaluating
ChatterBot Alpha reevaluating
ChatterBot Alpha reevaluating
ChatterBot Alpha reevaluating
2024-10-14 23:03:50.758662 Foxtrot: Alpha, Hotel, Uniform, Yankee and Mike, sending you 1
2024-10-14 23:03:50.760396 Tango: Alpha, sending you 4
2024-10-14 23:03:50.761222 Yankee: Alpha, Hotel, Tango and Mike, sending you 3
2024-10-14 23:03:50.762765 Uniform: Alpha and Tango, sending you 3
2024-10-14 23:03:50.763857 Foxtrot: Tango, sending you 2
2024-10-14 23:03:50.765673 Tango: Foxtrot and Yankee, sending you 3
2024-10-14 23:03:50.767692 Yankee: Foxtrot, sending you 2
2024-10-14 23:03:50.769453 Oscar: Victor, sending you 10
2024-10-14 23:03:50.769991 Uniform: Foxtrot, sending you 1
2024-10-14 23:03:50.771224 Mike: Alpha, sending you 4
2024-10-14 23:03:50.772818 Tango: Hotel and Mike, sending you 2
2024-10-14 23:03:50.773843 Hotel: Alpha and Yankee, sending you 3
2024-10-14 23:03:50.775127 Sierra: Same as last round
2024-10-14 23:03:50.775658 Oscar: Sierra, sending you 9
2024-10-14 23:03:50.776473 Yankee: Uniform, sending you 4
2024-10-14 23:03:50.777507 Uniform: Hotel and Yankee, sending you 4
2024-10-14 23:03:50.778262 Mike: Foxtrot, Hotel and Tango, sending you 2
2024-10-14 23:03:50.779683 Tango: Uniform, sending you 5
2024-10-14 23:03:50.780542 Victor: Oscar, sending you 10
2024-10-14 23:03:50.780927 Hotel: Foxtrot, Tango and Mike, sending you 2
2024-10-14 23:03:50.782097 Uniform: Mike, sending you 2
2024-10-14 23:03:50.783102 Mike: Uniform and Yankee, sending you 3
2024-10-14 23:03:50.785131 Victor: Sierra, sending you 8
2024-10-14 23:03:50.786085 Hotel: Uniform, sending you 4
2024-10-14 23:03:50.788856 Alpha: Sending you each 3
chatterbot Hotel submitting transactions
chatterbot Tango submitting transactions
chatterbot Alpha submitting transactions
chatterbot Uniform submitting transactions
chatterbot Mike submitting transactions
chatterbot Yankee submitting transactions
chatterbot Sierra submitting transactions
chatterbot Oscar submitting transactions
chatterbot Victor submitting transactions
chatterbot Foxtrot submitting transactions
ChatterBot Alpha round 6
ChatterBot Foxtrot round 6
ChatterBot Hotel round 6
ChatterBot Uniform round 6
ChatterBot Tango round 6
ChatterBot Oscar round 6
ChatterBot Yankee round 6
ChatterBot Victor round 6
ChatterBot Sierra round 6
ChatterBot Mike round 6
2024-10-14 23:03:51.837737 Foxtrot: Alpha, Hotel, Uniform, Yankee and Mike, sending you 1
2024-10-14 23:03:51.839670 Alpha: Same as last round
2024-10-14 23:03:51.840185 Hotel: Alpha and Yankee, sending you 3
2024-10-14 23:03:51.841681 Foxtrot: Tango, sending you 2
2024-10-14 23:03:51.844150 Hotel: Foxtrot, Tango and Mike, sending you 2
2024-10-14 23:03:51.847716 Yankee: Alpha, Hotel, Tango and Mike, sending you 3
2024-10-14 23:03:51.849417 Hotel: Uniform, sending you 4
2024-10-14 23:03:51.851447 Tango: Alpha, sending you 4
2024-10-14 23:03:51.853453 Mike: Alpha, sending you 4
2024-10-14 23:03:51.854243 Uniform: Alpha and Tango, sending you 3
2024-10-14 23:03:51.855066 Oscar: Victor, sending you 10
2024-10-14 23:03:51.855861 Yankee: Foxtrot, sending you 2
2024-10-14 23:03:51.856591 Tango: Foxtrot and Yankee, sending you 3
2024-10-14 23:03:51.857679 Victor: Oscar, sending you 10
2024-10-14 23:03:51.858669 Mike: Foxtrot, Hotel and Tango, sending you 2
2024-10-14 23:03:51.859675 Uniform: Foxtrot, sending you 1
2024-10-14 23:03:51.860426 Yankee: Uniform, sending you 4
2024-10-14 23:03:51.861600 Sierra: Same as last round
2024-10-14 23:03:51.861890 Tango: Hotel and Mike, sending you 2
2024-10-14 23:03:51.862529 Oscar: Sierra, sending you 9
2024-10-14 23:03:51.862833 Victor: Sierra, sending you 8
2024-10-14 23:03:51.863109 Mike: Uniform and Yankee, sending you 3
2024-10-14 23:03:51.863790 Uniform: Hotel and Yankee, sending you 4
2024-10-14 23:03:51.865671 Tango: Uniform, sending you 5
2024-10-14 23:03:51.868676 Uniform: Mike, sending you 2
chatterbot Tango submitting transactions
chatterbot Yankee submitting transactions
chatterbot Victor submitting transactions
chatterbot Uniform submitting transactions
chatterbot Foxtrot submitting transactions
chatterbot Mike submitting transactions
chatterbot Hotel submitting transactions
chatterbot Alpha submitting transactions
chatterbot Sierra submitting transactions
chatterbot Oscar submitting transactions
ChatterBot Alpha round 7
ChatterBot Foxtrot round 7
ChatterBot Hotel round 7
ChatterBot Uniform round 7
ChatterBot Tango round 7
ChatterBot Oscar round 7
ChatterBot Yankee round 7
ChatterBot Victor round 7
ChatterBot Sierra round 7
ChatterBot Mike round 7
2024-10-14 23:03:52.980276 Alpha: We should add Foxtrot
2024-10-14 23:03:52.993900 Hotel: Yes
2024-10-14 23:03:52.994048 Uniform: Yes
2024-10-14 23:03:52.994160 Tango: Yes
2024-10-14 23:03:52.994257 Yankee: Yes
2024-10-14 23:03:52.994353 Mike: Yes
ChatterBot Alpha reevaluating
ChatterBot Alpha reevaluating
ChatterBot Alpha reevaluating
ChatterBot Alpha reevaluating
2024-10-14 23:03:53.062659 Alpha: Foxtrot we want you to join our group
2024-10-14 23:03:53.066112 Foxtrot: Yes
ChatterBot Alpha reevaluating
2024-10-14 23:03:53.080683 Oscar: Victor, sending you 10
2024-10-14 23:03:53.084665 Uniform: Alpha, Hotel and Tango, sending you 3
2024-10-14 23:03:53.085460 Sierra: Same as last round
2024-10-14 23:03:53.085723 Yankee: Alpha, Hotel, Tango and Mike, sending you 3
2024-10-14 23:03:53.086635 Oscar: Sierra, sending you 9
2024-10-14 23:03:53.086877 Hotel: Alpha and Yankee, sending you 3
2024-10-14 23:03:53.087901 Tango: Alpha, sending you 4
2024-10-14 23:03:53.088881 Foxtrot: Hotel, Uniform, Yankee and Mike, sending you 1
2024-10-14 23:03:53.089726 Mike: Alpha, sending you 4
2024-10-14 23:03:53.090510 Victor: Oscar, sending you 10
2024-10-14 23:03:53.090853 Uniform: Foxtrot, sending you 1
2024-10-14 23:03:53.091765 Yankee: Foxtrot, sending you 2
2024-10-14 23:03:53.093172 Hotel: Foxtrot, Tango and Mike, sending you 2
2024-10-14 23:03:53.094258 Tango: Foxtrot and Yankee, sending you 3
2024-10-14 23:03:53.095281 Mike: Foxtrot, Hotel and Tango, sending you 2
2024-10-14 23:03:53.095932 Foxtrot: Tango, sending you 3
2024-10-14 23:03:53.097234 Victor: Sierra, sending you 8
2024-10-14 23:03:53.097486 Yankee: Uniform, sending you 4
2024-10-14 23:03:53.098175 Uniform: Yankee, sending you 5
2024-10-14 23:03:53.098787 Hotel: Uniform, sending you 4
2024-10-14 23:03:53.099667 Tango: Hotel and Mike, sending you 2
2024-10-14 23:03:53.101266 Mike: Uniform and Yankee, sending you 3
2024-10-14 23:03:53.102688 Uniform: Mike, sending you 2
2024-10-14 23:03:53.103704 Tango: Uniform, sending you 5
2024-10-14 23:03:53.111693 Alpha: Foxtrot, sending you 1
2024-10-14 23:03:53.114685 Alpha: Hotel, sending you 2
2024-10-14 23:03:53.118969 Alpha: Uniform, Tango, Yankee and Mike, sending you 3
chatterbot Victor submitting transactions
chatterbot Foxtrot submitting transactions
chatterbot Oscar submitting transactions
chatterbot Yankee submitting transactions
chatterbot Mike submitting transactions
chatterbot Tango submitting transactions
chatterbot Uniform submitting transactions
chatterbot Alpha submitting transactions
chatterbot Hotel submitting transactions
chatterbot Sierra submitting transactions
ChatterBot Alpha round 8
ChatterBot Foxtrot round 8
ChatterBot Hotel round 8
ChatterBot Uniform round 8
ChatterBot Tango round 8
ChatterBot Oscar round 8
ChatterBot Yankee round 8
ChatterBot Victor round 8
ChatterBot Sierra round 8
ChatterBot Mike round 8
2024-10-14 23:03:54.332704 Tango: Alpha, sending you 4
2024-10-14 23:03:54.335197 Alpha: Foxtrot, sending you 1
2024-10-14 23:03:54.336880 Uniform: Alpha and Hotel, sending you 3
2024-10-14 23:03:54.340049 Tango: Foxtrot and Yankee, sending you 3
2024-10-14 23:03:54.341113 Alpha: Hotel, sending you 2
2024-10-14 23:03:54.342512 Foxtrot: Alpha, Hotel, Uniform, Yankee and Mike, sending you 1
2024-10-14 23:03:54.344031 Uniform: Foxtrot, sending you 1
2024-10-14 23:03:54.345713 Victor: Oscar, sending you 10
2024-10-14 23:03:54.346111 Tango: Hotel and Mike, sending you 2
2024-10-14 23:03:54.347487 Alpha: Uniform, Tango, Yankee and Mike, sending you 3
2024-10-14 23:03:54.349026 Foxtrot: Tango, sending you 2
2024-10-14 23:03:54.349874 Uniform: Tango and Yankee, sending you 4
2024-10-14 23:03:54.351086 Tango: Uniform, sending you 5
2024-10-14 23:03:54.351792 Yankee: Alpha, Hotel, Tango and Mike, sending you 3
2024-10-14 23:03:54.352956 Victor: Sierra, sending you 8
2024-10-14 23:03:54.353199 Hotel: Alpha and Yankee, sending you 3
2024-10-14 23:03:54.353823 Oscar: Victor, sending you 10
2024-10-14 23:03:54.354518 Sierra: Same as last round
2024-10-14 23:03:54.356029 Uniform: Mike, sending you 2
2024-10-14 23:03:54.357305 Yankee: Foxtrot, sending you 2
2024-10-14 23:03:54.358724 Hotel: Foxtrot, Tango and Mike, sending you 2
2024-10-14 23:03:54.360030 Oscar: Sierra, sending you 9
2024-10-14 23:03:54.360330 Mike: Alpha, sending you 4
2024-10-14 23:03:54.363696 Yankee: Uniform, sending you 4
2024-10-14 23:03:54.365449 Hotel: Uniform, sending you 4
2024-10-14 23:03:54.366985 Mike: Foxtrot and Tango, sending you 2
2024-10-14 23:03:54.370712 Mike: Hotel, Uniform and Yankee, sending you 3
chatterbot Foxtrot submitting transactions
chatterbot Hotel submitting transactions
chatterbot Sierra submitting transactions
chatterbot Yankee submitting transactions
chatterbot Uniform submitting transactions
chatterbot Mike submitting transactions
chatterbot Victor submitting transactions
chatterbot Tango submitting transactions
chatterbot Alpha submitting transactions
chatterbot Oscar submitting transactions
ChatterBot Alpha round 9
ChatterBot Foxtrot round 9
ChatterBot Hotel round 9
ChatterBot Uniform round 9
ChatterBot Tango round 9
ChatterBot Oscar round 9
ChatterBot Yankee round 9
ChatterBot Victor round 9
ChatterBot Sierra round 9
ChatterBot Mike round 9
2024-10-14 23:03:55.506674 Uniform: Alpha and Hotel, sending you 3
2024-10-14 23:03:55.508697 Oscar: Victor, sending you 10
2024-10-14 23:03:55.510693 Uniform: Foxtrot, sending you 1
2024-10-14 23:03:55.512671 Tango: Alpha, sending you 4
2024-10-14 23:03:55.513893 Hotel: Alpha and Yankee, sending you 3
2024-10-14 23:03:55.515217 Oscar: Sierra, sending you 9
2024-10-14 23:03:55.515661 Alpha: Foxtrot, sending you 1
2024-10-14 23:03:55.516718 Uniform: Tango and Yankee, sending you 4
2024-10-14 23:03:55.518122 Tango: Foxtrot and Yankee, sending you 3
2024-10-14 23:03:55.518908 Victor: Oscar, sending you 10
2024-10-14 23:03:55.519204 Hotel: Foxtrot, Tango and Mike, sending you 2
2024-10-14 23:03:55.520679 Yankee: Alpha, Hotel, Tango and Mike, sending you 3
2024-10-14 23:03:55.521494 Alpha: Hotel, sending you 2
2024-10-14 23:03:55.522325 Uniform: Mike, sending you 2
2024-10-14 23:03:55.523666 Victor: Sierra, sending you 8
2024-10-14 23:03:55.523955 Tango: Hotel and Mike, sending you 2
2024-10-14 23:03:55.524757 Sierra: Same as last round
2024-10-14 23:03:55.525067 Hotel: Uniform, sending you 4
2024-10-14 23:03:55.526455 Yankee: Foxtrot, sending you 2
2024-10-14 23:03:55.527839 Alpha: Uniform, Tango, Yankee and Mike, sending you 3
2024-10-14 23:03:55.529342 Foxtrot: Alpha, Hotel, Uniform, Yankee and Mike, sending you 1
2024-10-14 23:03:55.530242 Tango: Uniform, sending you 5
2024-10-14 23:03:55.531089 Mike: Alpha, sending you 4
2024-10-14 23:03:55.532653 Yankee: Uniform, sending you 4
2024-10-14 23:03:55.534757 Foxtrot: Tango, sending you 2
2024-10-14 23:03:55.535782 Mike: Foxtrot and Tango, sending you 2
2024-10-14 23:03:55.540695 Mike: Hotel, Uniform and Yankee, sending you 3
chatterbot Uniform submitting transactions
chatterbot Tango submitting transactions
chatterbot Sierra submitting transactions
chatterbot Oscar submitting transactions
chatterbot Hotel submitting transactions
chatterbot Yankee submitting transactions
chatterbot Foxtrot submitting transactions
chatterbot Victor submitting transactions
chatterbot Alpha submitting transactions
chatterbot Mike submitting transactions
ChatterBot Alpha round 10
ChatterBot Foxtrot round 10
ChatterBot Hotel round 10
ChatterBot Uniform round 10
ChatterBot Tango round 10
ChatterBot Oscar round 10
ChatterBot Yankee round 10
ChatterBot Victor round 10
ChatterBot Sierra round 10
ChatterBot Mike round 10
2024-10-14 23:03:56.844014 Alpha: We should drop Foxtrot
2024-10-14 23:03:56.869563 Hotel: No
2024-10-14 23:03:56.870004 Uniform: No
2024-10-14 23:03:56.870266 Tango: No
2024-10-14 23:03:56.870522 Yankee: No
2024-10-14 23:03:56.870854 Mike: No
ChatterBot Alpha reevaluating
ChatterBot Alpha reevaluating
ChatterBot Alpha reevaluating
ChatterBot Alpha reevaluating
ChatterBot Alpha reevaluating
2024-10-14 23:03:56.983666 Foxtrot: Alpha, Hotel, Uniform, Yankee and Mike, sending you 1
2024-10-14 23:03:56.987674 Foxtrot: Tango, sending you 2
2024-10-14 23:03:56.991675 Hotel: Alpha, Uniform, Yankee and Mike, sending you 3
2024-10-14 23:03:56.994509 Oscar: Victor, sending you 10
2024-10-14 23:03:56.998827 Sierra: Same as last round
2024-10-14 23:03:56.999876 Hotel: Foxtrot and Tango, sending you 2
2024-10-14 23:03:57.002055 Victor: Oscar, sending you 10
2024-10-14 23:03:57.003441 Oscar: Sierra, sending you 9
2024-10-14 23:03:57.003982 Alpha: Foxtrot, sending you 1
2024-10-14 23:03:57.007803 Tango: Alpha, sending you 4
2024-10-14 23:03:57.010954 Uniform: Alpha and Hotel, sending you 3
2024-10-14 23:03:57.014766 Yankee: Alpha, Hotel, Tango and Mike, sending you 3
2024-10-14 23:03:57.018090 Victor: Sierra, sending you 8
2024-10-14 23:03:57.019777 Alpha: Hotel, sending you 2
2024-10-14 23:03:57.023718 Mike: Alpha, sending you 4
2024-10-14 23:03:57.026623 Tango: Foxtrot and Yankee, sending you 3
2024-10-14 23:03:57.029343 Uniform: Foxtrot, sending you 1
2024-10-14 23:03:57.032105 Yankee: Foxtrot, sending you 2
2024-10-14 23:03:57.034933 Alpha: Uniform, Tango, Yankee and Mike, sending you 3
2024-10-14 23:03:57.038723 Mike: Foxtrot and Tango, sending you 2
2024-10-14 23:03:57.041450 Tango: Hotel and Mike, sending you 2
2024-10-14 23:03:57.044149 Uniform: Tango and Yankee, sending you 4
2024-10-14 23:03:57.047708 Yankee: Uniform, sending you 4
2024-10-14 23:03:57.050293 Mike: Hotel, Uniform and Yankee, sending you 3
2024-10-14 23:03:57.053009 Tango: Uniform, sending you 5
2024-10-14 23:03:57.055379 Uniform: Mike, sending you 2
chatterbot Foxtrot submitting transactions
chatterbot Victor submitting transactions
chatterbot Sierra submitting transactions
chatterbot Yankee submitting transactions
chatterbot Alpha submitting transactions
chatterbot Oscar submitting transactions
chatterbot Tango submitting transactions
chatterbot Hotel submitting transactions
chatterbot Uniform submitting transactions
chatterbot Mike submitting transactions
ChatterBot Alpha round 11
ChatterBot Foxtrot round 11
ChatterBot Hotel round 11
ChatterBot Uniform round 11
ChatterBot Tango round 11
ChatterBot Oscar round 11
ChatterBot Yankee round 11
ChatterBot Victor round 11
ChatterBot Sierra round 11
ChatterBot Mike round 11
2024-10-14 23:03:58.324728 Uniform: Alpha and Hotel, sending you 3
2024-10-14 23:03:58.327624 Sierra: Same as last round
2024-10-14 23:03:58.328227 Victor: Oscar, sending you 10
2024-10-14 23:03:58.328805 Alpha: Foxtrot, sending you 1
2024-10-14 23:03:58.331498 Oscar: Victor, sending you 10
2024-10-14 23:03:58.332038 Foxtrot: Alpha, Hotel, Uniform, Yankee and Mike, sending you 1
2024-10-14 23:03:58.335776 Uniform: Foxtrot, sending you 1
2024-10-14 23:03:58.338977 Victor: Sierra, sending you 8
2024-10-14 23:03:58.339770 Yankee: Alpha, Hotel, Tango and Mike, sending you 3
2024-10-14 23:03:58.342926 Tango: Alpha, sending you 4
2024-10-14 23:03:58.346633 Oscar: Sierra, sending you 9
2024-10-14 23:03:58.347332 Alpha: Hotel, sending you 2
2024-10-14 23:03:58.350430 Foxtrot: Tango, sending you 2
2024-10-14 23:03:58.353003 Uniform: Tango and Yankee, sending you 4
2024-10-14 23:03:58.354592 Hotel: Alpha, Uniform, Yankee and Mike, sending you 3
2024-10-14 23:03:58.357277 Yankee: Foxtrot, sending you 2
2024-10-14 23:03:58.359633 Tango: Foxtrot and Yankee, sending you 3
2024-10-14 23:03:58.361770 Alpha: Uniform, Tango, Yankee and Mike, sending you 3
2024-10-14 23:03:58.364015 Mike: Alpha and Yankee, sending you 4
2024-10-14 23:03:58.366147 Uniform: Mike, sending you 2
2024-10-14 23:03:58.367623 Hotel: Foxtrot and Tango, sending you 2
2024-10-14 23:03:58.369673 Yankee: Uniform, sending you 4
2024-10-14 23:03:58.371645 Tango: Hotel and Mike, sending you 2
2024-10-14 23:03:58.373562 Mike: Foxtrot, sending you 1
2024-10-14 23:03:58.377788 Tango: Uniform, sending you 5
2024-10-14 23:03:58.379517 Mike: Hotel, Uniform and Tango, sending you 3
chatterbot Tango submitting transactions
chatterbot Mike submitting transactions
chatterbot Yankee submitting transactions
chatterbot Foxtrot submitting transactions
chatterbot Victor submitting transactions
chatterbot Alpha submitting transactions
chatterbot Oscar submitting transactions
chatterbot Hotel submitting transactions
chatterbot Sierra submitting transactions
chatterbot Uniform submitting transactions
ChatterBot Alpha round 12
ChatterBot Foxtrot round 12
ChatterBot Hotel round 12
ChatterBot Uniform round 12
ChatterBot Tango round 12
ChatterBot Oscar round 12
ChatterBot Yankee round 12
ChatterBot Victor round 12
ChatterBot Sierra round 12
ChatterBot Mike round 12
2024-10-14 23:03:59.459281 Alpha: We should drop Foxtrot
2024-10-14 23:03:59.470231 Hotel: No
2024-10-14 23:03:59.470386 Uniform: No
2024-10-14 23:03:59.470496 Tango: No
2024-10-14 23:03:59.470599 Yankee: No
2024-10-14 23:03:59.470712 Mike: No
ChatterBot Alpha reevaluating
ChatterBot Alpha reevaluating
ChatterBot Alpha reevaluating
ChatterBot Alpha reevaluating
ChatterBot Alpha reevaluating
2024-10-14 23:03:59.534116 Sierra: Same as last round
2024-10-14 23:03:59.535685 Tango: Alpha, sending you 4
2024-10-14 23:03:59.538649 Oscar: Victor, sending you 10
2024-10-14 23:03:59.539179 Foxtrot: Alpha, Hotel, Uniform, Yankee and Mike, sending you 1
2024-10-14 23:03:59.540347 Hotel: Alpha, Uniform, Yankee and Mike, sending you 3
2024-10-14 23:03:59.542355 Victor: Oscar, sending you 10
2024-10-14 23:03:59.542878 Tango: Foxtrot and Yankee, sending you 3
2024-10-14 23:03:59.545042 Oscar: Sierra, sending you 9
2024-10-14 23:03:59.545464 Yankee: Alpha, Hotel, Tango and Mike, sending you 3
2024-10-14 23:03:59.547920 Foxtrot: Tango, sending you 2
2024-10-14 23:03:59.550343 Uniform: Alpha and Hotel, sending you 3
2024-10-14 23:03:59.552 Hotel: Foxtrot and Tango, sending you 2
2024-10-14 23:03:59.553594 Victor: Sierra, sending you 8
2024-10-14 23:03:59.554078 Tango: Hotel and Mike, sending you 2
2024-10-14 23:03:59.555725 Yankee: Foxtrot, sending you 2
2024-10-14 23:03:59.556826 Uniform: Foxtrot, sending you 1
2024-10-14 23:03:59.558263 Alpha: Foxtrot, sending you 1
2024-10-14 23:03:59.559688 Tango: Uniform, sending you 5
2024-10-14 23:03:59.561492 Yankee: Uniform, sending you 4
2024-10-14 23:03:59.562345 Mike: Alpha and Yankee, sending you 4
2024-10-14 23:03:59.563856 Uniform: Tango and Yankee, sending you 4
2024-10-14 23:03:59.564842 Alpha: Hotel, sending you 2
2024-10-14 23:03:59.568683 Mike: Foxtrot, sending you 1
2024-10-14 23:03:59.570168 Uniform: Mike, sending you 2
2024-10-14 23:03:59.571078 Alpha: Uniform, Tango, Yankee and Mike, sending you 3
2024-10-14 23:03:59.572792 Mike: Hotel, Uniform and Tango, sending you 3
chatterbot Uniform submitting transactions
chatterbot Mike submitting transactions
chatterbot Oscar submitting transactions
chatterbot Victor submitting transactions
chatterbot Tango submitting transactions
chatterbot Hotel submitting transactions
chatterbot Foxtrot submitting transactions
chatterbot Yankee submitting transactions
chatterbot Sierra submitting transactions
chatterbot Alpha submitting transactions
ChatterBot Alpha round 13
ChatterBot Foxtrot round 13
ChatterBot Hotel round 13
ChatterBot Uniform round 13
ChatterBot Tango round 13
ChatterBot Oscar round 13
ChatterBot Yankee round 13
ChatterBot Victor round 13
ChatterBot Sierra round 13
ChatterBot Mike round 13
2024-10-14 23:04:00.775673 Alpha: Foxtrot, sending you 1
2024-10-14 23:04:00.780658 Alpha: Hotel, sending you 2
2024-10-14 23:04:00.782654 Uniform: Alpha and Hotel, sending you 3
2024-10-14 23:04:00.785757 Hotel: Alpha, Uniform, Yankee and Mike, sending you 3
2024-10-14 23:04:00.787276 Victor: Oscar, sending you 10
2024-10-14 23:04:00.787683 Alpha: Uniform, Tango, Yankee and Mike, sending you 3
2024-10-14 23:04:00.789820 Foxtrot: Alpha, Hotel, Uniform, Yankee and Mike, sending you 1
2024-10-14 23:04:00.791517 Uniform: Foxtrot, sending you 1
2024-10-14 23:04:00.793055 Tango: Alpha, sending you 4
2024-10-14 23:04:00.795565 Hotel: Foxtrot and Tango, sending you 2
2024-10-14 23:04:00.798442 Victor: Sierra, sending you 8
2024-10-14 23:04:00.798933 Foxtrot: Tango, sending you 2
2024-10-14 23:04:00.801091 Uniform: Tango and Yankee, sending you 4
2024-10-14 23:04:00.802510 Sierra: Same as last round
2024-10-14 23:04:00.802906 Oscar: Victor, sending you 10
2024-10-14 23:04:00.803254 Yankee: Alpha, Hotel, Tango and Mike, sending you 3
2024-10-14 23:04:00.805157 Tango: Foxtrot and Yankee, sending you 3
2024-10-14 23:04:00.806712 Uniform: Mike, sending you 2
2024-10-14 23:04:00.808958 Oscar: Sierra, sending you 9
2024-10-14 23:04:00.809341 Yankee: Foxtrot, sending you 2
2024-10-14 23:04:00.810799 Tango: Hotel and Mike, sending you 2
2024-10-14 23:04:00.812820 Mike: Alpha and Yankee, sending you 4
2024-10-14 23:04:00.815661 Yankee: Uniform, sending you 4
2024-10-14 23:04:00.817076 Tango: Uniform, sending you 5
2024-10-14 23:04:00.819658 Mike: Foxtrot, sending you 1
2024-10-14 23:04:00.825661 Mike: Hotel, Uniform and Tango, sending you 3
chatterbot Hotel submitting transactions
chatterbot Alpha submitting transactions
chatterbot Sierra submitting transactions
chatterbot Mike submitting transactions
chatterbot Tango submitting transactions
chatterbot Foxtrot submitting transactions
chatterbot Oscar submitting transactions
chatterbot Victor submitting transactions
chatterbot Yankee submitting transactions
chatterbot Uniform submitting transactions
ChatterBot Alpha round 14
ChatterBot Foxtrot round 14
