ChatterBot Alpha round 1
ChatterBot Golf round 1
ChatterBot Delta round 1
ChatterBot Foxtrot round 1
ChatterBot Zulu round 1
ChatterBot Kilo round 1
ChatterBot Sierra round 1
ChatterBot Yankee round 1
ChatterBot Uniform round 1
ChatterBot November round 1
randomSelections Golf: {Golf, Alpha, Delta, Kilo, Yankee, Uniform} 
2024-10-14 23:03:44.432284 Golf: Group up?
ChatterBot Alpha reevaluating
ChatterBot Delta reevaluating
ChatterBot Kilo reevaluating
ChatterBot Yankee reevaluating
ChatterBot Uniform reevaluating
2024-10-14 23:03:44.449481 Alpha: Yes
2024-10-14 23:03:44.450423 Delta: Yes
2024-10-14 23:03:44.450849 Kilo: Yes
2024-10-14 23:03:44.451007 Yankee: Yes
2024-10-14 23:03:44.451196 Uniform: Yes
ChatterBot Delta reevaluating
ChatterBot Kilo reevaluating
ChatterBot Yankee reevaluating
ChatterBot Uniform reevaluating
ChatterBot Alpha reevaluating
ChatterBot Kilo reevaluating
ChatterBot Yankee reevaluating
ChatterBot Uniform reevaluating
ChatterBot Alpha reevaluating
ChatterBot Delta reevaluating
ChatterBot Yankee reevaluating
ChatterBot Uniform reevaluating
ChatterBot Alpha reevaluating
ChatterBot Delta reevaluating
ChatterBot Kilo reevaluating
ChatterBot Uniform reevaluating
ChatterBot Alpha reevaluating
ChatterBot Delta reevaluating
ChatterBot Kilo reevaluating
ChatterBot Yankee reevaluating
randomSelections Foxtrot: {Foxtrot, Zulu, Golf, November, Uniform, Alpha} 
2024-10-14 23:03:44.501560 Foxtrot: We would work well together
ChatterBot Zulu reevaluating
ChatterBot November reevaluating
ChatterBot Uniform reevaluating
ChatterBot Alpha reevaluating
2024-10-14 23:03:44.509070 Zulu: Yes
2024-10-14 23:03:44.509173 Golf: No
2024-10-14 23:03:44.509726 November: Yes
2024-10-14 23:03:44.509831 Uniform: No
2024-10-14 23:03:44.509948 Alpha: No
ChatterBot November reevaluating
ChatterBot Uniform reevaluating
ChatterBot Alpha reevaluating
ChatterBot Zulu reevaluating
ChatterBot November reevaluating
ChatterBot Uniform reevaluating
ChatterBot Alpha reevaluating
ChatterBot Zulu reevaluating
ChatterBot Uniform reevaluating
ChatterBot Alpha reevaluating
ChatterBot Zulu reevaluating
ChatterBot November reevaluating
ChatterBot Alpha reevaluating
ChatterBot Zulu reevaluating
ChatterBot November reevaluating
ChatterBot Uniform reevaluating
randomSelections Sierra: {Sierra, Yankee, Zulu, Uniform, Delta, November} 
2024-10-14 23:03:44.547656 Sierra: Group up?
ChatterBot Yankee reevaluating
ChatterBot Zulu reevaluating
ChatterBot Uniform reevaluating
ChatterBot Delta reevaluating
ChatterBot November reevaluating
2024-10-14 23:03:44.553568 Yankee: No
2024-10-14 23:03:44.553697 Zulu: No
2024-10-14 23:03:44.553859 Uniform: No
2024-10-14 23:03:44.553951 Delta: No
2024-10-14 23:03:44.554071 November: No
ChatterBot Zulu reevaluating
ChatterBot Uniform reevaluating
ChatterBot Delta reevaluating
ChatterBot November reevaluating
ChatterBot Yankee reevaluating
ChatterBot Uniform reevaluating
ChatterBot Delta reevaluating
ChatterBot November reevaluating
ChatterBot Yankee reevaluating
ChatterBot Zulu reevaluating
ChatterBot Delta reevaluating
ChatterBot November reevaluating
ChatterBot Yankee reevaluating
ChatterBot Zulu reevaluating
ChatterBot Uniform reevaluating
ChatterBot November reevaluating
ChatterBot Yankee reevaluating
ChatterBot Zulu reevaluating
ChatterBot Uniform reevaluating
ChatterBot Delta reevaluating
2024-10-14 23:03:44.595737 Foxtrot: Alpha, Zulu and Uniform, sending you 3
2024-10-14 23:03:44.596130 Sierra: Delta and November, sending you 2
2024-10-14 23:03:44.596686 Alpha: Golf, sending you 7
2024-10-14 23:03:44.599682 Golf: Alpha and Kilo, sending you 4
2024-10-14 23:03:44.599982 Uniform: Alpha, sending you 2
2024-10-14 23:03:44.600211 Yankee: Alpha, sending you 2
2024-10-14 23:03:44.600555 Alpha: Delta, Yankee and Uniform, sending you 3
2024-10-14 23:03:44.600866 Foxtrot: Golf and November, sending you 1
2024-10-14 23:03:44.601117 Sierra: Zulu, sending you 1
2024-10-14 23:03:44.602675 Golf: Delta and Uniform, sending you 2
2024-10-14 23:03:44.603690 Uniform: Golf, sending you 3
2024-10-14 23:03:44.604100 Alpha: Kilo, sending you 1
2024-10-14 23:03:44.604695 Yankee: Golf, Kilo and Uniform, sending you 4
2024-10-14 23:03:44.605685 November: Alpha, sending you 2
2024-10-14 23:03:44.606012 Delta: Alpha, sending you 5
2024-10-14 23:03:44.606261 Golf: Yankee, sending you 5
2024-10-14 23:03:44.606700 Sierra: Yankee and Uniform, sending you 5
2024-10-14 23:03:44.606987 Kilo: Alpha, sending you 2
2024-10-14 23:03:44.607705 Uniform: Delta, sending you 5
2024-10-14 23:03:44.608017 Zulu: Alpha and Foxtrot, sending you 3
2024-10-14 23:03:44.608685 Yankee: Delta, sending you 3
2024-10-14 23:03:44.609075 November: Golf, Foxtrot and Zulu, sending you 3
2024-10-14 23:03:44.609688 Delta: Golf, sending you 6
2024-10-14 23:03:44.610715 Kilo: Golf, sending you 7
2024-10-14 23:03:44.611672 Uniform: Kilo and Yankee, sending you 4
2024-10-14 23:03:44.612717 Zulu: Golf and Uniform, sending you 2
2024-10-14 23:03:44.612999 November: Uniform, sending you 6
2024-10-14 23:03:44.613229 Delta: Kilo, sending you 2
2024-10-14 23:03:44.614688 Kilo: Delta, sending you 4
2024-10-14 23:03:44.616051 Zulu: November, sending you 7
2024-10-14 23:03:44.616672 Delta: Yankee and Uniform, sending you 1
2024-10-14 23:03:44.617659 Kilo: Yankee, sending you 1
2024-10-14 23:03:44.620658 Kilo: Uniform, sending you 3
chatterbot Zulu submitting transactions
chatterbot Alpha submitting transactions
chatterbot Uniform submitting transactions
chatterbot Delta submitting transactions
chatterbot November submitting transactions
chatterbot Sierra submitting transactions
chatterbot Foxtrot submitting transactions
chatterbot Golf submitting transactions
chatterbot Yankee submitting transactions
chatterbot Kilo submitting transactions
ChatterBot Alpha round 2
ChatterBot Golf round 2
ChatterBot Delta round 2
ChatterBot Foxtrot round 2
ChatterBot Zulu round 2
ChatterBot Kilo round 2
ChatterBot Sierra round 2
ChatterBot Yankee round 2
ChatterBot Uniform round 2
ChatterBot November round 2
2024-10-14 23:03:46.251163 Foxtrot: We should group up
ChatterBot Zulu reevaluating
ChatterBot November reevaluating
ChatterBot Sierra reevaluating
2024-10-14 23:03:46.269472 Zulu: Yes
2024-10-14 23:03:46.269674 November: Yes
2024-10-14 23:03:46.269837 Sierra: No
ChatterBot November reevaluating
ChatterBot Sierra reevaluating
ChatterBot Zulu reevaluating
ChatterBot Sierra reevaluating
ChatterBot Zulu reevaluating
ChatterBot November reevaluating
2024-10-14 23:03:46.330278 Delta: We should add Sierra
ChatterBot Golf reevaluating
ChatterBot Kilo reevaluating
ChatterBot Yankee reevaluating
ChatterBot Uniform reevaluating
2024-10-14 23:03:46.360564 Golf: No
2024-10-14 23:03:46.360760 Alpha: No
2024-10-14 23:03:46.360914 Kilo: No
2024-10-14 23:03:46.361496 Yankee: Yes
2024-10-14 23:03:46.361660 Uniform: Yes
ChatterBot Kilo reevaluating
ChatterBot Yankee reevaluating
ChatterBot Uniform reevaluating
ChatterBot Golf reevaluating
ChatterBot Delta reevaluating
ChatterBot Kilo reevaluating
ChatterBot Yankee reevaluating
ChatterBot Uniform reevaluating
ChatterBot Golf reevaluating
ChatterBot Delta reevaluating
ChatterBot Yankee reevaluating
ChatterBot Uniform reevaluating
ChatterBot Golf reevaluating
ChatterBot Delta reevaluating
ChatterBot Kilo reevaluating
ChatterBot Uniform reevaluating
ChatterBot Golf reevaluating
ChatterBot Delta reevaluating
ChatterBot Kilo reevaluating
ChatterBot Yankee reevaluating
2024-10-14 23:03:46.832638 Alpha: Golf, sending you 4
2024-10-14 23:03:46.833640 Yankee: Sierra we want you to join our group
2024-10-14 23:03:46.849200 Sierra: No
ChatterBot Delta reevaluating
2024-10-14 23:03:46.964644 Uniform: Sierra we want you to join our group
ChatterBot Sierra reevaluating
2024-10-14 23:03:46.969627 Sierra: Yes
ChatterBot Delta reevaluating
ChatterBot Kilo reevaluating
2024-10-14 23:03:47.005679 Sierra: Can we be friends?
ChatterBot Delta reevaluating
ChatterBot Kilo reevaluating
2024-10-14 23:03:47.045639 Alpha: No
2024-10-14 23:03:47.046188 Golf: No
2024-10-14 23:03:47.047342 Delta: No
2024-10-14 23:03:47.047899 Kilo: No
2024-10-14 23:03:47.048785 Yankee: No
2024-10-14 23:03:47.049090 Uniform: No
2024-10-14 23:03:47.049371 Foxtrot: No
ChatterBot Sierra reevaluating
ChatterBot Golf reevaluating
ChatterBot Delta reevaluating
ChatterBot Kilo reevaluating
ChatterBot Sierra reevaluating
ChatterBot Delta reevaluating
ChatterBot Kilo reevaluating
ChatterBot Sierra reevaluating
ChatterBot Golf reevaluating
ChatterBot Kilo reevaluating
ChatterBot Sierra reevaluating
ChatterBot Golf reevaluating
ChatterBot Delta reevaluating
ChatterBot Sierra reevaluating
ChatterBot Golf reevaluating
ChatterBot Delta reevaluating
ChatterBot Kilo reevaluating
ChatterBot Sierra reevaluating
ChatterBot Golf reevaluating
ChatterBot Delta reevaluating
ChatterBot Kilo reevaluating
ChatterBot Sierra reevaluating
ChatterBot Golf reevaluating
ChatterBot Delta reevaluating
ChatterBot Kilo reevaluating
2024-10-14 23:03:47.252286 Alpha: Delta, sending you 5
chatterbot Alpha submitting transactions
2024-10-14 23:03:47.289096 Zulu: Foxtrot and November, sending you 7
2024-10-14 23:03:47.289641 Foxtrot: Zulu and November, sending you 7
2024-10-14 23:03:47.290351 Alpha: Kilo and Yankee, sending you 3
2024-10-14 23:03:47.290835 Golf: Sierra we want you to join our group
ChatterBot Sierra reevaluating
2024-10-14 23:03:47.298361 Sierra: No
ChatterBot Golf reevaluating
ChatterBot Delta reevaluating
ChatterBot Kilo reevaluating
2024-10-14 23:03:47.336969 Foxtrot: Sierra, sending you 1
2024-10-14 23:03:47.337355 Zulu: Sierra, sending you 3
2024-10-14 23:03:47.338310 Alpha: Uniform, sending you 2
chatterbot Uniform submitting transactions
2024-10-14 23:03:47.354637 November: Foxtrot, sending you 3
2024-10-14 23:03:47.355440 Uniform: Alpha and Kilo, sending you 3
2024-10-14 23:03:47.355794 Yankee: Alpha, sending you 3
chatterbot Foxtrot submitting transactions
2024-10-14 23:03:47.356713 Kilo: Sierra we want you to join our group
ChatterBot Sierra reevaluating
2024-10-14 23:03:47.360528 Sierra: Yes
ChatterBot Golf reevaluating
2024-10-14 23:03:47.380761 Delta: Sierra we want you to join our group
ChatterBot Sierra reevaluating
2024-10-14 23:03:47.385509 Sierra: Yes
ChatterBot Golf reevaluating
2024-10-14 23:03:47.405537 November: Zulu, sending you 9
2024-10-14 23:03:47.406223 Uniform: Golf and Delta, sending you 2
2024-10-14 23:03:47.406508 Yankee: Golf, Sierra and Uniform, sending you 4
2024-10-14 23:03:47.433583 November: Sierra, sending you 4
2024-10-14 23:03:47.434596 Uniform: Sierra, sending you 5
2024-10-14 23:03:47.435042 Yankee: Delta and Kilo, sending you 1
2024-10-14 23:03:47.439400 Uniform: Yankee, sending you 4
2024-10-14 23:03:47.440399 Delta: Alpha, Golf, Sierra and Yankee, sending you 2
2024-10-14 23:03:47.440845 Kilo: Alpha, sending you 1
2024-10-14 23:03:47.449955 Delta: Kilo, sending you 3
2024-10-14 23:03:47.450378 Kilo: Golf and Yankee, sending you 5
chatterbot Yankee submitting transactions
2024-10-14 23:03:47.470007 Kilo: Delta, sending you 2
2024-10-14 23:03:47.470891 Delta: Uniform, sending you 4
2024-10-14 23:03:47.471327 Sierra: Alpha, Golf, Delta, Foxtrot, Kilo, Yankee and Uniform, sending you 2
chatterbot November submitting transactions
2024-10-14 23:03:47.490840 Kilo: Uniform, sending you 4
2024-10-14 23:03:47.492253 Sierra: Zulu, sending you 1
2024-10-14 23:03:47.492769 Golf: Alpha, Delta and Kilo, sending you 4
2024-10-14 23:03:47.503605 Golf: Yankee, sending you 3
2024-10-14 23:03:47.511129 Golf: Uniform, sending you 2
chatterbot Delta submitting transactions
chatterbot Zulu submitting transactions
chatterbot Kilo submitting transactions
chatterbot Golf submitting transactions
chatterbot Sierra submitting transactions
ChatterBot Alpha round 3
ChatterBot Golf round 3
ChatterBot Delta round 3
ChatterBot Foxtrot round 3
ChatterBot Zulu round 3
ChatterBot Kilo round 3
ChatterBot Sierra round 3
ChatterBot Yankee round 3
2024-10-14 23:03:48.576434 Alpha: We should add Sierra
2024-10-14 23:03:48.686225 Golf: Yes
2024-10-14 23:03:48.687327 Delta: Yes
2024-10-14 23:03:48.687836 Kilo: Yes
2024-10-14 23:03:48.688022 Yankee: Yes
2024-10-14 23:03:48.688717 Uniform: Yes
ChatterBot Uniform round 3
ChatterBot November round 3
2024-10-14 23:03:48.803143 Alpha: Sierra we want you to join our group
2024-10-14 23:03:48.807806 Sierra: No
2024-10-14 23:03:48.902258 Delta: Alpha, Golf and Uniform, sending you 3
2024-10-14 23:03:48.903405 Foxtrot: Zulu, sending you 8
2024-10-14 23:03:48.903721 Golf: Alpha and Kilo, sending you 4
2024-10-14 23:03:48.904723 Sierra: Foxtrot, sending you 3
2024-10-14 23:03:48.905053 Alpha: Golf, sending you 4
2024-10-14 23:03:48.905585 Yankee: Alpha, Kilo and Sierra, sending you 3
2024-10-14 23:03:48.906569 Zulu: Foxtrot, sending you 7
2024-10-14 23:03:48.906842 Kilo: Alpha and Yankee, sending you 2
2024-10-14 23:03:48.908011 Delta: Kilo, Sierra and Yankee, sending you 2
2024-10-14 23:03:48.908534 Foxtrot: Sierra, sending you 2
2024-10-14 23:03:48.927618 Golf: Delta and Yankee, sending you 3
2024-10-14 23:03:48.929186 Yankee: Golf and Uniform, sending you 4
2024-10-14 23:03:48.931057 Sierra: Zulu, sending you 5
2024-10-14 23:03:48.932544 Alpha: Delta, Yankee and Uniform, sending you 3
2024-10-14 23:03:48.934329 Zulu: Sierra, sending you 2
2024-10-14 23:03:48.935779 Kilo: Golf, sending you 5
2024-10-14 23:03:48.937930 Uniform: Alpha, Delta and Sierra, sending you 3
2024-10-14 23:03:48.940207 November: Foxtrot, sending you 6
2024-10-14 23:03:48.940930 Foxtrot: November, sending you 5
2024-10-14 23:03:48.942562 Golf: Sierra, sending you 1
2024-10-14 23:03:48.944836 Sierra: November, sending you 7
2024-10-14 23:03:48.946325 Alpha: Kilo and Sierra, sending you 2
2024-10-14 23:03:48.948060 Zulu: November, sending you 8
2024-10-14 23:03:48.949650 Kilo: Delta, sending you 3
2024-10-14 23:03:48.951983 Uniform: Golf, sending you 2
2024-10-14 23:03:48.953704 November: Zulu, sending you 8
2024-10-14 23:03:48.954757 Golf: Uniform, sending you 2
2024-10-14 23:03:48.961843 Kilo: Sierra, sending you 1
2024-10-14 23:03:48.963267 November: Sierra, sending you 3
2024-10-14 23:03:48.963761 Uniform: Kilo and Yankee, sending you 4
2024-10-14 23:03:48.973912 Kilo: Uniform, sending you 4
chatterbot Delta submitting transactions
chatterbot November submitting transactions
chatterbot Uniform submitting transactions
chatterbot Alpha submitting transactions
chatterbot Golf submitting transactions
chatterbot Sierra submitting transactions
chatterbot Yankee submitting transactions
chatterbot Kilo submitting transactions
chatterbot Zulu submitting transactions
chatterbot Foxtrot submitting transactions
ChatterBot Alpha round 4
ChatterBot Golf round 4
ChatterBot Delta round 4
ChatterBot Foxtrot round 4
ChatterBot Zulu round 4
ChatterBot Kilo round 4
ChatterBot Sierra round 4
ChatterBot Yankee round 4
ChatterBot Uniform round 4
2024-10-14 23:03:50.022089 Zulu: We should add Uniform
ChatterBot Foxtrot reevaluating
ChatterBot Sierra reevaluating
2024-10-14 23:03:50.034632 Foxtrot: No
2024-10-14 23:03:50.034874 November: No
2024-10-14 23:03:50.035140 Sierra: No
ChatterBot Zulu reevaluating
ChatterBot Sierra reevaluating
ChatterBot Foxtrot reevaluating
ChatterBot Zulu reevaluating
ChatterBot Sierra reevaluating
ChatterBot Foxtrot reevaluating
ChatterBot Zulu reevaluating
ChatterBot November round 4
2024-10-14 23:03:50.119657 Alpha: We should drop Sierra
ChatterBot Uniform reevaluating
2024-10-14 23:03:50.141098 Golf: No
2024-10-14 23:03:50.141246 Delta: No
2024-10-14 23:03:50.141360 Kilo: No
2024-10-14 23:03:50.141504 Yankee: No
2024-10-14 23:03:50.141626 Uniform: No
ChatterBot Uniform reevaluating
ChatterBot Uniform reevaluating
ChatterBot Alpha reevaluating
ChatterBot Uniform reevaluating
ChatterBot Alpha reevaluating
ChatterBot Uniform reevaluating
ChatterBot Alpha reevaluating
2024-10-14 23:03:50.276057 Zulu: We should add Golf
ChatterBot Foxtrot reevaluating
ChatterBot November reevaluating
ChatterBot Sierra reevaluating
2024-10-14 23:03:50.294373 Foxtrot: No
2024-10-14 23:03:50.294577 November: No
2024-10-14 23:03:50.294827 Sierra: No
ChatterBot Zulu reevaluating
ChatterBot November reevaluating
ChatterBot Sierra reevaluating
ChatterBot Foxtrot reevaluating
ChatterBot Zulu reevaluating
ChatterBot Sierra reevaluating
ChatterBot Foxtrot reevaluating
ChatterBot Zulu reevaluating
ChatterBot November reevaluating
2024-10-14 23:03:50.366810 Delta: Alpha, sending you 4
2024-10-14 23:03:50.373193 Delta: Golf, Kilo and Uniform, sending you 3
2024-10-14 23:03:50.374339 Alpha: Golf, sending you 4
2024-10-14 23:03:50.385791 Yankee: Alpha and Kilo, sending you 3
2024-10-14 23:03:50.386642 Sierra: Foxtrot, sending you 4
2024-10-14 23:03:50.387735 Foxtrot: Zulu, sending you 7
2024-10-14 23:03:50.388113 Uniform: Alpha, Golf and Delta, sending you 3
2024-10-14 23:03:50.389565 Alpha: Delta, Yankee and Uniform, sending you 3
2024-10-14 23:03:50.390282 Delta: Sierra and Yankee, sending you 1
2024-10-14 23:03:50.391752 Kilo: Alpha, sending you 2
2024-10-14 23:03:50.392756 Golf: Alpha and Kilo, sending you 4
chatterbot Yankee submitting transactions
2024-10-14 23:03:50.394302 Sierra: Zulu, sending you 5
2024-10-14 23:03:50.394801 Yankee: Golf and Uniform, sending you 4
2024-10-14 23:03:50.396135 Foxtrot: Sierra, sending you 3
2024-10-14 23:03:50.396553 Uniform: Kilo and Yankee, sending you 4
2024-10-14 23:03:50.398178 Alpha: Kilo and Sierra, sending you 2
2024-10-14 23:03:50.399760 Kilo: Golf, sending you 5
2024-10-14 23:03:50.400886 Golf: Delta and Yankee, sending you 3
2024-10-14 23:03:50.402476 November: Foxtrot and Sierra, sending you 5
2024-10-14 23:03:50.402943 Foxtrot: November, sending you 5
2024-10-14 23:03:50.403973 Sierra: November, sending you 6
2024-10-14 23:03:50.404427 Yankee: Delta, sending you 2
2024-10-14 23:03:50.405721 Uniform: Sierra, sending you 2
2024-10-14 23:03:50.407030 Kilo: Delta and Yankee, sending you 3
2024-10-14 23:03:50.407690 Golf: Sierra, sending you 1
2024-10-14 23:03:50.408879 November: Zulu, sending you 7
2024-10-14 23:03:50.409307 Yankee: Sierra, sending you 1
2024-10-14 23:03:50.412678 Kilo: Uniform, sending you 4
2024-10-14 23:03:50.414090 Golf: Uniform, sending you 2
chatterbot Golf submitting transactions
chatterbot Uniform submitting transactions
chatterbot Delta submitting transactions
chatterbot Zulu submitting transactions
chatterbot Kilo submitting transactions
chatterbot Alpha submitting transactions
chatterbot Foxtrot submitting transactions
chatterbot Sierra submitting transactions
chatterbot November submitting transactions
ChatterBot Alpha round 5
ChatterBot Golf round 5
ChatterBot Delta round 5
ChatterBot Foxtrot round 5
ChatterBot Zulu round 5
ChatterBot Kilo round 5
ChatterBot Sierra round 5
ChatterBot Yankee round 5
ChatterBot Uniform round 5
ChatterBot November round 5
2024-10-14 23:03:51.524162 Zulu: We should add Delta
2024-10-14 23:03:51.532798 Foxtrot: No
2024-10-14 23:03:51.532991 November: No
2024-10-14 23:03:51.533505 Sierra: No
ChatterBot Zulu reevaluating
ChatterBot Zulu reevaluating
ChatterBot Zulu reevaluating
2024-10-14 23:03:51.562880 Kilo: We should drop Sierra
ChatterBot Golf reevaluating
2024-10-14 23:03:51.574527 Golf: Yes
2024-10-14 23:03:51.574684 Alpha: Yes
2024-10-14 23:03:51.574802 Delta: Yes
2024-10-14 23:03:51.574903 Yankee: No
2024-10-14 23:03:51.575004 Uniform: No
ChatterBot Yankee reevaluating
ChatterBot Uniform reevaluating
ChatterBot Golf reevaluating
ChatterBot Yankee reevaluating
ChatterBot Uniform reevaluating
ChatterBot Golf reevaluating
ChatterBot Yankee reevaluating
ChatterBot Uniform reevaluating
ChatterBot Golf reevaluating
ChatterBot Uniform reevaluating
ChatterBot Golf reevaluating
ChatterBot Yankee reevaluating
2024-10-14 23:03:51.644186 Zulu: We should add Alpha
2024-10-14 23:03:51.651061 Foxtrot: No
2024-10-14 23:03:51.651198 November: No
2024-10-14 23:03:51.651308 Sierra: No
ChatterBot Zulu reevaluating
ChatterBot Zulu reevaluating
ChatterBot Zulu reevaluating
2024-10-14 23:03:51.676695 Foxtrot: Zulu, sending you 6
2024-10-14 23:03:51.680669 Foxtrot: Sierra, sending you 4
2024-10-14 23:03:51.682952 November: Foxtrot and Sierra, sending you 5
2024-10-14 23:03:51.684694 Foxtrot: November, sending you 5
2024-10-14 23:03:51.686669 November: Zulu, sending you 7
2024-10-14 23:03:51.687696 Sierra: Foxtrot, sending you 4
2024-10-14 23:03:51.688653 Delta: Alpha, Kilo and Uniform, sending you 3
2024-10-14 23:03:51.690682 Kilo: Alpha, sending you 2
2024-10-14 23:03:51.691699 Sierra: Zulu, sending you 5
2024-10-14 23:03:51.692100 Delta: Golf, sending you 4
2024-10-14 23:03:51.692688 Alpha: Golf and Delta, sending you 4
2024-10-14 23:03:51.694670 Kilo: Golf, sending you 5
2024-10-14 23:03:51.696076 Delta: Yankee, sending you 2
2024-10-14 23:03:51.696666 Sierra: November, sending you 6
2024-10-14 23:03:51.697025 Yankee: Alpha and Kilo, sending you 3
2024-10-14 23:03:51.697690 Uniform: Alpha, Delta and Kilo, sending you 4
2024-10-14 23:03:51.698317 Alpha: Kilo, Yankee and Uniform, sending you 3
2024-10-14 23:03:51.698790 Kilo: Delta and Yankee, sending you 3
2024-10-14 23:03:51.700656 Yankee: Golf, sending you 4
2024-10-14 23:03:51.701717 Kilo: Uniform, sending you 4
2024-10-14 23:03:51.702686 Uniform: Golf, sending you 2
2024-10-14 23:03:51.703343 Golf: Alpha and Kilo, sending you 4
2024-10-14 23:03:51.705644 Yankee: Delta, sending you 2
2024-10-14 23:03:51.706675 Uniform: Yankee, sending you 5
2024-10-14 23:03:51.707677 Golf: Delta, Yankee and Uniform, sending you 3
2024-10-14 23:03:51.709676 Yankee: Uniform, sending you 5
chatterbot Sierra submitting transactions
chatterbot Yankee submitting transactions
chatterbot Foxtrot submitting transactions
chatterbot Golf submitting transactions
chatterbot Delta submitting transactions
chatterbot November submitting transactions
chatterbot Alpha submitting transactions
chatterbot Uniform submitting transactions
chatterbot Kilo submitting transactions
chatterbot Zulu submitting transactions
ChatterBot Alpha round 6
ChatterBot Golf round 6
ChatterBot Delta round 6
ChatterBot Foxtrot round 6
ChatterBot Zulu round 6
ChatterBot Kilo round 6
ChatterBot Sierra round 6
ChatterBot Yankee round 6
ChatterBot Uniform round 6
ChatterBot November round 6
2024-10-14 23:03:52.858618 Zulu: We should add Yankee
2024-10-14 23:03:52.866813 Foxtrot: No
2024-10-14 23:03:52.866992 November: No
2024-10-14 23:03:52.867122 Sierra: No
ChatterBot Zulu reevaluating
ChatterBot Zulu reevaluating
ChatterBot Zulu reevaluating
2024-10-14 23:03:52.900300 Zulu: We should add Kilo
2024-10-14 23:03:52.906717 Foxtrot: No
2024-10-14 23:03:52.906910 November: No
2024-10-14 23:03:52.907026 Sierra: No
ChatterBot Zulu reevaluating
ChatterBot Zulu reevaluating
ChatterBot Zulu reevaluating
2024-10-14 23:03:52.933057 Kilo: Alpha, sending you 2
2024-10-14 23:03:52.933609 Alpha: Golf, sending you 5
2024-10-14 23:03:52.934011 Golf: Alpha, sending you 4
2024-10-14 23:03:52.934385 Delta: Alpha, sending you 4
2024-10-14 23:03:52.934759 Foxtrot: Zulu, sending you 6
2024-10-14 23:03:52.935929 Kilo: Golf, sending you 5
2024-10-14 23:03:52.936858 Golf: Delta and Yankee, sending you 3
2024-10-14 23:03:52.938657 Alpha: Delta, Kilo, Yankee and Uniform, sending you 3
2024-10-14 23:03:52.939668 Delta: Golf, Kilo and Uniform, sending you 3
2024-10-14 23:03:52.940173 Foxtrot: Sierra, sending you 4
2024-10-14 23:03:52.940514 Uniform: Alpha, Golf and Delta, sending you 3
2024-10-14 23:03:52.941675 Kilo: Delta and Yankee, sending you 3
2024-10-14 23:03:52.942829 Golf: Kilo, sending you 5
2024-10-14 23:03:52.943354 November: Foxtrot and Sierra, sending you 5
2024-10-14 23:03:52.943731 Sierra: Foxtrot, sending you 4
2024-10-14 23:03:52.944076 Uniform: Kilo, sending you 4
2024-10-14 23:03:52.944673 Delta: Yankee, sending you 2
2024-10-14 23:03:52.945143 Foxtrot: November, sending you 5
2024-10-14 23:03:52.945934 Kilo: Uniform, sending you 4
2024-10-14 23:03:52.946505 Golf: Uniform, sending you 2
2024-10-14 23:03:52.946965 Yankee: Alpha and Kilo, sending you 3
2024-10-14 23:03:52.947485 Sierra: Zulu, sending you 5
2024-10-14 23:03:52.947925 November: Zulu, sending you 7
2024-10-14 23:03:52.948834 Uniform: Yankee, sending you 6
2024-10-14 23:03:52.950676 Zulu: Foxtrot, sending you 6
2024-10-14 23:03:52.951959 Yankee: Golf, sending you 4
2024-10-14 23:03:52.952827 Sierra: November, sending you 6
2024-10-14 23:03:52.955647 Zulu: Sierra, sending you 4
2024-10-14 23:03:52.956011 Yankee: Delta, sending you 2
2024-10-14 23:03:52.958700 Zulu: November, sending you 7
2024-10-14 23:03:52.959702 Yankee: Uniform, sending you 5
chatterbot Sierra submitting transactions
chatterbot Kilo submitting transactions
chatterbot Golf submitting transactions
chatterbot Foxtrot submitting transactions
chatterbot Alpha submitting transactions
chatterbot Delta submitting transactions
chatterbot Zulu submitting transactions
chatterbot Yankee submitting transactions
chatterbot November submitting transactions
chatterbot Uniform submitting transactions
ChatterBot Alpha round 7
ChatterBot Golf round 7
ChatterBot Delta round 7
ChatterBot Foxtrot round 7
ChatterBot Zulu round 7
ChatterBot Kilo round 7
ChatterBot Sierra round 7
ChatterBot Yankee round 7
ChatterBot Uniform round 7
ChatterBot November round 7
2024-10-14 23:03:54.043457 Delta: Alpha, sending you 4
2024-10-14 23:03:54.044759 Golf: Alpha and Kilo, sending you 4
2024-10-14 23:03:54.046256 Kilo: Alpha, sending you 2
2024-10-14 23:03:54.047767 Foxtrot: Zulu, sending you 6
2024-10-14 23:03:54.048276 November: Foxtrot and Sierra, sending you 5
2024-10-14 23:03:54.048886 Zulu: Foxtrot and Sierra, sending you 1
2024-10-14 23:03:54.050312 Yankee: Alpha and Kilo, sending you 3
2024-10-14 23:03:54.051748 Golf: Delta, Yankee and Uniform, sending you 3
2024-10-14 23:03:54.052834 Delta: Golf, Kilo and Uniform, sending you 3
2024-10-14 23:03:54.054704 Alpha: Golf and Delta, sending you 4
2024-10-14 23:03:54.056480 Kilo: Golf, sending you 5
2024-10-14 23:03:54.058483 Foxtrot: Sierra, sending you 4
2024-10-14 23:03:54.059471 November: Zulu, sending you 7
2024-10-14 23:03:54.061019 Zulu: November, sending you 2
2024-10-14 23:03:54.062526 Yankee: Golf, sending you 4
2024-10-14 23:03:54.064846 Sierra: Foxtrot, sending you 4
2024-10-14 23:03:54.065996 Delta: Yankee, sending you 2
2024-10-14 23:03:54.069254 Alpha: Kilo, Yankee and Uniform, sending you 3
2024-10-14 23:03:54.071801 Uniform: Alpha, Golf and Delta, sending you 3
2024-10-14 23:03:54.074102 Kilo: Delta and Yankee, sending you 3
2024-10-14 23:03:54.076434 Foxtrot: November, sending you 5
2024-10-14 23:03:54.078197 Yankee: Delta, sending you 2
2024-10-14 23:03:54.080168 Sierra: Zulu, sending you 5
2024-10-14 23:03:54.082309 Uniform: Kilo, sending you 4
2024-10-14 23:03:54.085205 Kilo: Uniform, sending you 4
2024-10-14 23:03:54.087934 Yankee: Uniform, sending you 5
2024-10-14 23:03:54.090259 Sierra: November, sending you 6
2024-10-14 23:03:54.092307 Uniform: Yankee, sending you 6
chatterbot November submitting transactions
chatterbot Zulu submitting transactions
chatterbot Yankee submitting transactions
chatterbot Delta submitting transactions
chatterbot Alpha submitting transactions
chatterbot Uniform submitting transactions
chatterbot Kilo submitting transactions
chatterbot Foxtrot submitting transactions
chatterbot Golf submitting transactions
chatterbot Sierra submitting transactions
ChatterBot Alpha round 8
ChatterBot Golf round 8
ChatterBot Delta round 8
ChatterBot Foxtrot round 8
ChatterBot Zulu round 8
ChatterBot Kilo round 8
ChatterBot Sierra round 8
ChatterBot Yankee round 8
ChatterBot Uniform round 8
ChatterBot November round 8
2024-10-14 23:03:55.124557 Golf: We should add Sierra
2024-10-14 23:03:55.151392 Alpha: No
2024-10-14 23:03:55.151756 Delta: No
2024-10-14 23:03:55.151996 Kilo: No
2024-10-14 23:03:55.152295 Yankee: No
2024-10-14 23:03:55.153085 Uniform: No
ChatterBot Golf reevaluating
ChatterBot Golf reevaluating
2024-10-14 23:03:55.279094 Delta: Alpha, sending you 3
2024-10-14 23:03:55.281824 Sierra: Foxtrot, sending you 5
2024-10-14 23:03:55.282693 Delta: Golf, Kilo and Uniform, sending you 2
2024-10-14 23:03:55.284657 Alpha: Golf, Delta and Uniform, sending you 3
2024-10-14 23:03:55.285421 Sierra: Zulu, sending you 4
2024-10-14 23:03:55.285907 Foxtrot: Zulu, sending you 5
2024-10-14 23:03:55.287395 Yankee: Alpha, Delta and Kilo, sending you 2
2024-10-14 23:03:55.290115 Delta: Yankee, sending you 1
2024-10-14 23:03:55.291881 Zulu: Foxtrot, sending you 6
2024-10-14 23:03:55.293526 Alpha: Kilo and Yankee, sending you 2
2024-10-14 23:03:55.295836 Sierra: November, sending you 6
2024-10-14 23:03:55.297198 Kilo: Sending you each 1
2024-10-14 23:03:55.299363 Foxtrot: Sierra, sending you 4
2024-10-14 23:03:55.300882 Yankee: Golf, sending you 3
2024-10-14 23:03:55.302284 Uniform: I was attacked by Zulu
ChatterBot Golf reevaluating
ChatterBot Alpha reevaluating
ChatterBot Delta reevaluating
ChatterBot Kilo reevaluating
ChatterBot Yankee reevaluating
2024-10-14 23:03:55.330439 Uniform: I'm keeping this round to protect myself
2024-10-14 23:03:55.334128 Uniform: Ow
2024-10-14 23:03:55.334631 Golf: We should add November
ChatterBot Alpha reevaluating
ChatterBot Delta reevaluating
ChatterBot Kilo reevaluating
ChatterBot Yankee reevaluating
2024-10-14 23:03:55.360795 Alpha: No
2024-10-14 23:03:55.361 Delta: No
2024-10-14 23:03:55.361190 Kilo: No
2024-10-14 23:03:55.361350 Yankee: No
2024-10-14 23:03:55.361512 Uniform: No
ChatterBot Golf reevaluating
ChatterBot Delta reevaluating
ChatterBot Kilo reevaluating
ChatterBot Yankee reevaluating
ChatterBot Golf reevaluating
ChatterBot Alpha reevaluating
ChatterBot Kilo reevaluating
ChatterBot Yankee reevaluating
ChatterBot Golf reevaluating
ChatterBot Alpha reevaluating
ChatterBot Delta reevaluating
ChatterBot Yankee reevaluating
ChatterBot Golf reevaluating
ChatterBot Alpha reevaluating
ChatterBot Delta reevaluating
ChatterBot Kilo reevaluating
ChatterBot Golf reevaluating
ChatterBot Alpha reevaluating
ChatterBot Delta reevaluating
ChatterBot Kilo reevaluating
ChatterBot Yankee reevaluating
2024-10-14 23:03:55.457497 Zulu: Sierra, sending you 4
2024-10-14 23:03:55.458167 November: Foxtrot, sending you 5
2024-10-14 23:03:55.459271 Foxtrot: November, sending you 6
2024-10-14 23:03:55.460694 Zulu: November, sending you 7
2024-10-14 23:03:55.462677 November: Zulu and Sierra, sending you 6
2024-10-14 23:03:55.472678 Alpha: Golf and Delta, sending you 4
2024-10-14 23:03:55.474098 Delta: Alpha, sending you 4
2024-10-14 23:03:55.477184 Alpha: Kilo, Yankee and Uniform, sending you 3
2024-10-14 23:03:55.478468 Delta: Golf, Kilo and Uniform, sending you 3
2024-10-14 23:03:55.480440 Yankee: Alpha and Kilo, sending you 3
2024-10-14 23:03:55.484676 Delta: Yankee, sending you 2
2024-10-14 23:03:55.485354 Yankee: Golf, sending you 4
2024-10-14 23:03:55.494654 Yankee: Uniform, sending you 5
chatterbot November submitting transactions
chatterbot Kilo submitting transactions
chatterbot Delta submitting transactions
chatterbot Alpha submitting transactions
chatterbot Foxtrot submitting transactions
chatterbot Uniform submitting transactions
chatterbot Zulu submitting transactions
chatterbot Sierra submitting transactions
chatterbot Yankee submitting transactions
chatterbot Golf submitting transactions
ChatterBot Alpha round 9
ChatterBot Golf round 9
ChatterBot Delta round 9
ChatterBot Foxtrot round 9
ChatterBot Zulu round 9
ChatterBot Kilo round 9
ChatterBot Sierra round 9
ChatterBot Yankee round 9
ChatterBot Uniform round 9
ChatterBot November round 9
2024-10-14 23:03:56.849720 Kilo: Alpha, Delta, Yankee and Uniform, sending you 3
2024-10-14 23:03:56.851469 Yankee: Alpha and Kilo, sending you 3
2024-10-14 23:03:56.854892 Uniform: Alpha, Golf, Delta and Kilo, sending you 2
2024-10-14 23:03:56.857417 Kilo: Golf, sending you 5
2024-10-14 23:03:56.860380 Sierra: Foxtrot, sending you 4
2024-10-14 23:03:56.862659 Delta: Alpha and Golf, sending you 4
2024-10-14 23:03:56.866023 Yankee: Golf and Uniform, sending you 4
2024-10-14 23:03:56.869237 Foxtrot: Zulu and November, sending you 2
2024-10-14 23:03:56.870284 November: Foxtrot and Sierra, sending you 5
2024-10-14 23:03:56.872161 Uniform: Yankee, sending you 4
2024-10-14 23:03:56.874763 Alpha: Golf and Delta, sending you 4
2024-10-14 23:03:56.877506 Sierra: Zulu, sending you 5
2024-10-14 23:03:56.878866 Delta: Kilo and Uniform, sending you 3
2024-10-14 23:03:56.881790 Yankee: Delta, sending you 1
2024-10-14 23:03:56.884708 Foxtrot: Sierra, sending you 1
2024-10-14 23:03:56.886704 November: Zulu, sending you 7
2024-10-14 23:03:56.888908 Alpha: Kilo, Yankee and Uniform, sending you 3
2024-10-14 23:03:56.891752 Zulu: Foxtrot and Sierra, sending you 1
2024-10-14 23:03:56.893091 Sierra: November, sending you 6
2024-10-14 23:03:56.895282 Delta: Yankee, sending you 1
2024-10-14 23:03:56.899282 Zulu: November, sending you 2
2024-10-14 23:03:56.900136 Zulu: I was attacked by Kilo
ChatterBot Foxtrot reevaluating
ChatterBot November reevaluating
ChatterBot Sierra reevaluating
2024-10-14 23:03:56.917209 Zulu: Ow
2024-10-14 23:03:56.941673 Foxtrot: Zulu, sending you 6
2024-10-14 23:03:56.944673 Foxtrot: Sierra, sending you 4
2024-10-14 23:03:56.949666 Foxtrot: November, sending you 5
chatterbot Delta submitting transactions
chatterbot Alpha submitting transactions
chatterbot Uniform submitting transactions
chatterbot Kilo submitting transactions
chatterbot Sierra submitting transactions
chatterbot Golf submitting transactions
chatterbot Zulu submitting transactions
chatterbot Yankee submitting transactions
chatterbot Foxtrot submitting transactions
chatterbot November submitting transactions
ChatterBot Alpha round 10
ChatterBot Golf round 10
ChatterBot Delta round 10
ChatterBot Foxtrot round 10
ChatterBot Zulu round 10
ChatterBot Kilo round 10
ChatterBot Sierra round 10
ChatterBot Yankee round 10
ChatterBot Uniform round 10
ChatterBot November round 10
2024-10-14 23:03:58.076665 Alpha: Golf, sending you 4
2024-10-14 23:03:58.081750 Alpha: Delta and Yankee, sending you 3
2024-10-14 23:03:58.082708 Zulu: Foxtrot, sending you 6
2024-10-14 23:03:58.085668 Zulu: Sierra, sending you 4
2024-10-14 23:03:58.087684 Alpha: Kilo and Uniform, sending you 2
2024-10-14 23:03:58.090664 Kilo: I was attacked by Zulu
ChatterBot Golf reevaluating
ChatterBot Alpha reevaluating
ChatterBot Delta reevaluating
ChatterBot Yankee reevaluating
ChatterBot Uniform reevaluating
2024-10-14 23:03:58.106625 Kilo: Ow
2024-10-14 23:03:58.107562 Zulu: November, sending you 7
2024-10-14 23:03:58.108458 Zulu: I was attacked by Yankee
ChatterBot Foxtrot reevaluating
ChatterBot November reevaluating
ChatterBot Sierra reevaluating
2024-10-14 23:03:58.117882 Zulu: Ow
2024-10-14 23:03:58.119402 Golf: We should drop Foxtrot
ChatterBot Alpha reevaluating
ChatterBot Delta reevaluating
ChatterBot Yankee reevaluating
ChatterBot Uniform reevaluating
2024-10-14 23:03:58.147573 Alpha: Yes
2024-10-14 23:03:58.147814 Delta: Yes
2024-10-14 23:03:58.147986 Kilo: Yes
2024-10-14 23:03:58.148151 Yankee: Yes
2024-10-14 23:03:58.148300 Uniform: Yes
ChatterBot Golf reevaluating
ChatterBot Delta reevaluating
ChatterBot Yankee reevaluating
ChatterBot Uniform reevaluating
ChatterBot Golf reevaluating
ChatterBot Alpha reevaluating
ChatterBot Yankee reevaluating
ChatterBot Uniform reevaluating
ChatterBot Golf reevaluating
ChatterBot Alpha reevaluating
ChatterBot Delta reevaluating
ChatterBot Yankee reevaluating
ChatterBot Uniform reevaluating
ChatterBot Golf reevaluating
ChatterBot Alpha reevaluating
ChatterBot Delta reevaluating
ChatterBot Uniform reevaluating
ChatterBot Golf reevaluating
ChatterBot Alpha reevaluating
ChatterBot Delta reevaluating
ChatterBot Yankee reevaluating
2024-10-14 23:03:58.369700 Foxtrot: Zulu, sending you 5
2024-10-14 23:03:58.371208 Yankee: Sending you each 1
2024-10-14 23:03:58.375025 Foxtrot: Sierra, sending you 4
2024-10-14 23:03:58.375804 Alpha: Golf and Delta, sending you 4
2024-10-14 23:03:58.377778 Uniform: Alpha, Delta and Kilo, sending you 4
2024-10-14 23:03:58.378969 Foxtrot: November, sending you 6
2024-10-14 23:03:58.380306 Alpha: Kilo, Yankee and Uniform, sending you 3
2024-10-14 23:03:58.382656 Uniform: Golf, sending you 2
2024-10-14 23:03:58.385672 Uniform: Yankee, sending you 5
chatterbot Foxtrot submitting transactions
chatterbot Uniform submitting transactions
chatterbot Zulu submitting transactions
chatterbot Kilo submitting transactions
chatterbot Golf submitting transactions
chatterbot Delta submitting transactions
chatterbot Sierra submitting transactions
chatterbot Alpha submitting transactions
chatterbot November submitting transactions
chatterbot Yankee submitting transactions
ChatterBot Alpha round 11
ChatterBot Golf round 11
ChatterBot Delta round 11
ChatterBot Foxtrot round 11
ChatterBot Zulu round 11
ChatterBot Kilo round 11
ChatterBot Sierra round 11
ChatterBot Yankee round 11
ChatterBot Uniform round 11
ChatterBot November round 11
2024-10-14 23:03:59.586373 Golf: We should drop Foxtrot
2024-10-14 23:03:59.606502 Alpha: Yes
2024-10-14 23:03:59.607278 Delta: Yes
2024-10-14 23:03:59.607511 Kilo: Yes
2024-10-14 23:03:59.607732 Yankee: Yes
2024-10-14 23:03:59.607931 Uniform: Yes
ChatterBot Golf reevaluating
ChatterBot Golf reevaluating
ChatterBot Golf reevaluating
ChatterBot Golf reevaluating
ChatterBot Golf reevaluating
2024-10-14 23:03:59.704710 Alpha: Golf, sending you 5
2024-10-14 23:03:59.709718 Alpha: Delta, sending you 4
2024-10-14 23:03:59.711673 Uniform: Alpha and Delta, sending you 4
2024-10-14 23:03:59.716648 Yankee: Alpha, sending you 3
2024-10-14 23:03:59.718014 Alpha: Kilo, sending you 2
2024-10-14 23:03:59.720078 Foxtrot: Sending you each 2
2024-10-14 23:03:59.720794 Uniform: Golf and Kilo, sending you 3
2024-10-14 23:03:59.722622 Zulu: Foxtrot and Sierra, sending you 1
2024-10-14 23:03:59.723313 Yankee: Golf, sending you 4
2024-10-14 23:03:59.728390 Alpha: Yankee and Uniform, sending you 3
2024-10-14 23:03:59.729732 Uniform: Yankee, sending you 5
2024-10-14 23:03:59.732294 Zulu: November, sending you 2
2024-10-14 23:03:59.734036 Zulu: I was attacked by Kilo and Yankee
ChatterBot Foxtrot reevaluating
ChatterBot November reevaluating
ChatterBot Sierra reevaluating
2024-10-14 23:03:59.814609 Zulu: Ow
2024-10-14 23:03:59.817480 Yankee: Delta and Kilo, sending you 2
2024-10-14 23:03:59.824685 Yankee: Uniform, sending you 6
chatterbot Alpha submitting transactions
2024-10-14 23:03:59.847173 Foxtrot: Zulu, sending you 6
chatterbot Zulu submitting transactions
2024-10-14 23:03:59.850674 Foxtrot: Sierra, sending you 4
2024-10-14 23:03:59.855812 Foxtrot: November, sending you 5
chatterbot Uniform submitting transactions
chatterbot Yankee submitting transactions
chatterbot November submitting transactions
chatterbot Delta submitting transactions
chatterbot Kilo submitting transactions
chatterbot Golf submitting transactions
chatterbot Sierra submitting transactions
chatterbot Foxtrot submitting transactions
ChatterBot Alpha round 12
ChatterBot Golf round 12
ChatterBot Delta round 12
ChatterBot Foxtrot round 12
ChatterBot Zulu round 12
ChatterBot Kilo round 12
ChatterBot Sierra round 12
ChatterBot Yankee round 12
ChatterBot Uniform round 12
ChatterBot November round 12
2024-10-14 23:04:00.884880 Golf: We should drop Foxtrot
2024-10-14 23:04:00.896452 Alpha: Yes
2024-10-14 23:04:00.896605 Delta: Yes
2024-10-14 23:04:00.896737 Kilo: Yes
2024-10-14 23:04:00.896851 Yankee: Yes
2024-10-14 23:04:00.896967 Uniform: Yes
ChatterBot Golf reevaluating
ChatterBot Golf reevaluating
ChatterBot Golf reevaluating
ChatterBot Golf reevaluating
ChatterBot Golf reevaluating
2024-10-14 23:04:00.966659 Alpha: Golf, sending you 5
2024-10-14 23:04:00.967913 Foxtrot: November, sending you 1
2024-10-14 23:04:00.969653 Alpha: Delta, sending you 4
2024-10-14 23:04:00.973678 Alpha: Kilo, sending you 2
2024-10-14 23:04:00.978691 Kilo: Alpha, Delta, Yankee and Uniform, sending you 1
