ChatterBot Zulu round 1
ChatterBot Delta round 1
ChatterBot Kilo round 1
ChatterBot Foxtrot round 1
ChatterBot Echo round 1
ChatterBot India round 1
ChatterBot Golf round 1
ChatterBot Oscar round 1
ChatterBot Bravo round 1
ChatterBot Alpha round 1
randomSelections Echo: {Echo, India, Oscar, Alpha, Bravo} 
2024-10-14 23:03:43.550152 Echo: Let's form a team
ChatterBot India reevaluating
ChatterBot Oscar reevaluating
ChatterBot Alpha reevaluating
ChatterBot Bravo reevaluating
2024-10-14 23:03:43.569997 India: Yes
2024-10-14 23:03:43.570163 Oscar: Yes
2024-10-14 23:03:43.570313 Alpha: Yes
2024-10-14 23:03:43.570454 Bravo: Yes
ChatterBot Oscar reevaluating
ChatterBot Alpha reevaluating
ChatterBot Bravo reevaluating
ChatterBot India reevaluating
ChatterBot Alpha reevaluating
ChatterBot Bravo reevaluating
ChatterBot India reevaluating
ChatterBot Oscar reevaluating
ChatterBot Bravo reevaluating
ChatterBot India reevaluating
ChatterBot Oscar reevaluating
ChatterBot Alpha reevaluating
randomSelections Kilo: {Kilo, Foxtrot, Zulu, Echo, Delta, India, Alpha, Golf} 
2024-10-14 23:03:43.693917 Kilo: Group up?
ChatterBot Foxtrot reevaluating
ChatterBot Zulu reevaluating
ChatterBot Delta reevaluating
ChatterBot India reevaluating
ChatterBot Alpha reevaluating
ChatterBot Golf reevaluating
2024-10-14 23:03:43.712272 Foxtrot: Yes
2024-10-14 23:03:43.712510 Zulu: Yes
2024-10-14 23:03:43.713066 Echo: No
2024-10-14 23:03:43.713295 Delta: Yes
2024-10-14 23:03:43.713435 India: No
2024-10-14 23:03:43.713757 Alpha: No
2024-10-14 23:03:43.714734 Golf: Yes
ChatterBot Zulu reevaluating
ChatterBot Delta reevaluating
ChatterBot India reevaluating
ChatterBot Alpha reevaluating
ChatterBot Golf reevaluating
ChatterBot Foxtrot reevaluating
ChatterBot Delta reevaluating
ChatterBot India reevaluating
ChatterBot Alpha reevaluating
ChatterBot Golf reevaluating
ChatterBot Foxtrot reevaluating
ChatterBot Zulu reevaluating
ChatterBot Delta reevaluating
ChatterBot India reevaluating
ChatterBot Alpha reevaluating
ChatterBot Golf reevaluating
ChatterBot Foxtrot reevaluating
ChatterBot Zulu reevaluating
ChatterBot India reevaluating
ChatterBot Alpha reevaluating
ChatterBot Golf reevaluating
ChatterBot Foxtrot reevaluating
ChatterBot Zulu reevaluating
ChatterBot Delta reevaluating
ChatterBot Alpha reevaluating
ChatterBot Golf reevaluating
ChatterBot Foxtrot reevaluating
ChatterBot Zulu reevaluating
ChatterBot Delta reevaluating
ChatterBot India reevaluating
ChatterBot Golf reevaluating
ChatterBot Foxtrot reevaluating
ChatterBot Zulu reevaluating
ChatterBot Delta reevaluating
ChatterBot India reevaluating
ChatterBot Alpha reevaluating
2024-10-14 23:03:43.875547 Kilo: Zulu and Delta, sending you 2
2024-10-14 23:03:43.876730 Golf: Zulu and Echo, sending you 2
2024-10-14 23:03:43.879338 Kilo: Foxtrot, sending you 3
2024-10-14 23:03:43.881785 Golf: Delta, Kilo and India, sending you 3
2024-10-14 23:03:43.883734 India: Echo, sending you 4
2024-10-14 23:03:43.886162 Foxtrot: Zulu, Kilo and Echo, sending you 3
2024-10-14 23:03:43.887740 Echo: India and Bravo, sending you 3
2024-10-14 23:03:43.889652 Zulu: Delta, Echo and Golf, sending you 4
2024-10-14 23:03:43.890313 Kilo: Golf, sending you 1
2024-10-14 23:03:43.892646 Delta: Zulu and Echo, sending you 1
2024-10-14 23:03:43.893421 Golf: Foxtrot, sending you 1
2024-10-14 23:03:43.899896 India: Bravo, sending you 2
2024-10-14 23:03:43.905317 Foxtrot: Delta, India and Alpha, sending you 2
2024-10-14 23:03:43.906844 Echo: Oscar, sending you 4
2024-10-14 23:03:43.909152 Zulu: Kilo, Foxtrot and Alpha, sending you 1
2024-10-14 23:03:43.911746 Kilo: Alpha, sending you 5
2024-10-14 23:03:43.912814 Delta: Kilo, sending you 2
2024-10-14 23:03:43.915064 Bravo: India and Oscar, sending you 2
2024-10-14 23:03:43.916282 Alpha: Echo and Oscar, sending you 3
2024-10-14 23:03:43.918085 India: Alpha, sending you 1
2024-10-14 23:03:43.918688 Foxtrot: Golf, sending you 1
2024-10-14 23:03:43.921015 Oscar: India, sending you 7
2024-10-14 23:03:43.921809 Echo: Alpha, sending you 8
2024-10-14 23:03:43.923973 Zulu: India, sending you 3
2024-10-14 23:03:43.924818 Delta: India, sending you 3
2024-10-14 23:03:43.927195 Bravo: Alpha, sending you 3
2024-10-14 23:03:43.927841 Alpha: India, sending you 4
2024-10-14 23:03:43.928345 Oscar: Bravo, sending you 4
2024-10-14 23:03:43.932312 Alpha: Bravo, sending you 7
2024-10-14 23:03:43.933670 Oscar: Alpha, sending you 5
chatterbot Echo submitting transactions
chatterbot Delta submitting transactions
chatterbot Kilo submitting transactions
chatterbot Zulu submitting transactions
chatterbot Oscar submitting transactions
chatterbot India submitting transactions
chatterbot Alpha submitting transactions
chatterbot Bravo submitting transactions
chatterbot Golf submitting transactions
chatterbot Foxtrot submitting transactions
ChatterBot Zulu round 2
ChatterBot Delta round 2
2024-10-14 23:03:45.038181 Zulu: Let's form a team
ChatterBot Delta reevaluating
ChatterBot Kilo reevaluating
ChatterBot Foxtrot reevaluating
ChatterBot Golf reevaluating
2024-10-14 23:03:45.075338 Delta: Yes
2024-10-14 23:03:45.075566 Kilo: No
2024-10-14 23:03:45.075730 Foxtrot: No
2024-10-14 23:03:45.075858 Golf: No
ChatterBot Kilo reevaluating
ChatterBot Foxtrot reevaluating
ChatterBot Golf reevaluating
ChatterBot Delta reevaluating
ChatterBot Foxtrot reevaluating
ChatterBot Golf reevaluating
ChatterBot Delta reevaluating
ChatterBot Kilo reevaluating
ChatterBot Golf reevaluating
ChatterBot Delta reevaluating
ChatterBot Kilo reevaluating
ChatterBot Foxtrot reevaluating
2024-10-14 23:03:45.193089 Kilo: Group up?
2024-10-14 23:03:45.197423 Zulu: Yes
ChatterBot Kilo reevaluating
ChatterBot Kilo round 2
ChatterBot Foxtrot round 2
ChatterBot Echo round 2
ChatterBot India round 2
ChatterBot Golf round 2
ChatterBot Oscar round 2
ChatterBot Bravo round 2
ChatterBot Alpha round 2
2024-10-14 23:03:45.235419 Echo: Group up?
ChatterBot Alpha reevaluating
ChatterBot Delta reevaluating
ChatterBot Golf reevaluating
2024-10-14 23:03:45.262485 India: No
2024-10-14 23:03:45.262721 Oscar: No
2024-10-14 23:03:45.262848 Bravo: No
2024-10-14 23:03:45.262968 Alpha: No
2024-10-14 23:03:45.263088 Zulu: No
2024-10-14 23:03:45.263205 Delta: No
2024-10-14 23:03:45.263881 Kilo: No
2024-10-14 23:03:45.264007 Foxtrot: No
2024-10-14 23:03:45.264112 Golf: No
ChatterBot Alpha reevaluating
ChatterBot Zulu reevaluating
ChatterBot Delta reevaluating
ChatterBot Golf reevaluating
ChatterBot Alpha reevaluating
ChatterBot Zulu reevaluating
ChatterBot Delta reevaluating
ChatterBot Foxtrot reevaluating
ChatterBot Golf reevaluating
ChatterBot Alpha reevaluating
ChatterBot Zulu reevaluating
ChatterBot Delta reevaluating
ChatterBot Foxtrot reevaluating
ChatterBot Golf reevaluating
ChatterBot Zulu reevaluating
ChatterBot Delta reevaluating
ChatterBot Foxtrot reevaluating
ChatterBot Golf reevaluating
ChatterBot Echo reevaluating
ChatterBot Alpha reevaluating
ChatterBot Delta reevaluating
ChatterBot Foxtrot reevaluating
ChatterBot Golf reevaluating
ChatterBot Echo reevaluating
ChatterBot Alpha reevaluating
ChatterBot Zulu reevaluating
ChatterBot Foxtrot reevaluating
ChatterBot Golf reevaluating
ChatterBot Echo reevaluating
ChatterBot Alpha reevaluating
ChatterBot Zulu reevaluating
ChatterBot Delta reevaluating
ChatterBot Foxtrot reevaluating
ChatterBot Golf reevaluating
ChatterBot Echo reevaluating
ChatterBot Alpha reevaluating
ChatterBot Zulu reevaluating
ChatterBot Delta reevaluating
ChatterBot Golf reevaluating
ChatterBot Echo reevaluating
ChatterBot Alpha reevaluating
ChatterBot Zulu reevaluating
ChatterBot Delta reevaluating
ChatterBot Foxtrot reevaluating
2024-10-14 23:03:45.574424 Delta: We should drop India and Alpha
ChatterBot Echo reevaluating
2024-10-14 23:03:45.588773 Echo: Yes
2024-10-14 23:03:45.588977 Zulu: Yes
2024-10-14 23:03:45.589115 Kilo: Yes
2024-10-14 23:03:45.589756 Foxtrot: Yes
2024-10-14 23:03:45.589887 Golf: Yes
ChatterBot Echo reevaluating
ChatterBot Echo reevaluating
ChatterBot Echo reevaluating
ChatterBot Echo reevaluating
2024-10-14 23:03:46.064559 Foxtrot: Zulu and Golf, sending you 3
2024-10-14 23:03:46.067619 Kilo: Zulu, sending you 3
2024-10-14 23:03:46.073131 Oscar: Echo, sending you 6
2024-10-14 23:03:46.077036 Zulu: Delta, sending you 3
2024-10-14 23:03:46.078465 India: Echo and Bravo, sending you 3
2024-10-14 23:03:46.078930 Bravo: Echo and India, sending you 1
chatterbot Oscar submitting transactions
chatterbot Kilo submitting transactions
2024-10-14 23:03:46.081675 Foxtrot: Delta, sending you 1
2024-10-14 23:03:46.082165 Kilo: Delta, Foxtrot and Golf, sending you 4
2024-10-14 23:03:46.083027 Oscar: India, sending you 1
2024-10-14 23:03:46.083729 Zulu: Kilo, Foxtrot and Golf, sending you 5
2024-10-14 23:03:46.084843 India: Oscar and Alpha, sending you 4
2024-10-14 23:03:46.085329 Bravo: Oscar, sending you 2
2024-10-14 23:03:46.086638 Delta: Zulu, sending you 5
2024-10-14 23:03:46.088277 Alpha: Echo, sending you 7
chatterbot Bravo submitting transactions
2024-10-14 23:03:46.089122 Golf: Zulu, sending you 10
2024-10-14 23:03:46.090904 Foxtrot: Kilo, sending you 9
2024-10-14 23:03:46.091439 Oscar: Bravo, sending you 4
2024-10-14 23:03:46.092734 Bravo: Alpha, sending you 3
2024-10-14 23:03:46.094036 Delta: Kilo and Foxtrot, sending you 3
chatterbot India submitting transactions
2024-10-14 23:03:46.094783 Alpha: India, sending you 2
2024-10-14 23:03:46.095867 Golf: Delta, sending you 1
2024-10-14 23:03:46.096148 Echo: Zulu, sending you 6
2024-10-14 23:03:46.096423 Oscar: Alpha, sending you 5
2024-10-14 23:03:46.357741 Delta: Echo, sending you 1
2024-10-14 23:03:46.358665 Alpha: Oscar, sending you 5
2024-10-14 23:03:46.359086 Golf: Kilo and Foxtrot, sending you 3
2024-10-14 23:03:46.359501 Echo: Delta, sending you 2
chatterbot Foxtrot submitting transactions
2024-10-14 23:03:46.553630 Delta: Golf, sending you 4
2024-10-14 23:03:46.554559 Echo: Kilo, sending you 1
2024-10-14 23:03:46.554906 Alpha: Bravo, sending you 3
chatterbot Delta submitting transactions
2024-10-14 23:03:46.831866 Echo: Foxtrot, sending you 5
chatterbot Echo submitting transactions
chatterbot Golf submitting transactions
chatterbot Zulu submitting transactions
2024-10-14 23:03:47.017153 Echo: Golf, sending you 4
chatterbot Alpha submitting transactions
ChatterBot Zulu round 3
ChatterBot Delta round 3
ChatterBot Kilo round 3
ChatterBot Foxtrot round 3
ChatterBot Echo round 3
ChatterBot India round 3
ChatterBot Golf round 3
ChatterBot Oscar round 3
2024-10-14 23:03:47.081981 Zulu: We should add Echo
ChatterBot Kilo reevaluating
ChatterBot Foxtrot reevaluating
ChatterBot Golf reevaluating
2024-10-14 23:03:47.102746 Delta: Yes
2024-10-14 23:03:47.103673 Kilo: Yes
2024-10-14 23:03:47.104121 Foxtrot: Yes
2024-10-14 23:03:47.104503 Golf: Yes
ChatterBot Kilo reevaluating
ChatterBot Foxtrot reevaluating
ChatterBot Golf reevaluating
ChatterBot Foxtrot reevaluating
ChatterBot Golf reevaluating
ChatterBot Kilo reevaluating
ChatterBot Golf reevaluating
ChatterBot Kilo reevaluating
ChatterBot Foxtrot reevaluating
ChatterBot Bravo round 3
ChatterBot Alpha round 3
2024-10-14 23:03:47.240787 Zulu: Echo we want you to join our group
2024-10-14 23:03:47.247105 Echo: No
ChatterBot Kilo reevaluating
ChatterBot Foxtrot reevaluating
ChatterBot Golf reevaluating
2024-10-14 23:03:47.342040 Foxtrot: Zulu and Kilo, sending you 4
2024-10-14 23:03:47.343303 Kilo: Zulu, Delta and Golf, sending you 3
2024-10-14 23:03:47.344526 Golf: Zulu, sending you 5
2024-10-14 23:03:47.345111 Delta: Zulu, sending you 5
2024-10-14 23:03:47.346173 Zulu: Delta, Echo and Golf, sending you 4
2024-10-14 23:03:47.346687 India: Echo and Bravo, sending you 3
2024-10-14 23:03:47.347567 Oscar: Echo and Bravo, sending you 3
2024-10-14 23:03:47.348028 Echo: India, sending you 5
2024-10-14 23:03:47.349183 Foxtrot: Delta, sending you 2
2024-10-14 23:03:47.349745 Kilo: Foxtrot, sending you 4
2024-10-14 23:03:47.350883 Golf: Delta, Kilo, Foxtrot and Echo, sending you 3
2024-10-14 23:03:47.351388 Delta: Kilo, sending you 4
2024-10-14 23:03:47.352409 Echo: Oscar, sending you 4
2024-10-14 23:03:47.352855 Bravo: Echo, sending you 1
2024-10-14 23:03:47.353821 Zulu: Kilo and Foxtrot, sending you 3
2024-10-14 23:03:47.354255 India: Oscar and Alpha, sending you 4
2024-10-14 23:03:47.354719 Oscar: India, sending you 4
2024-10-14 23:03:47.355572 Alpha: Echo, India and Bravo, sending you 4
2024-10-14 23:03:47.356063 Foxtrot: Echo and Golf, sending you 3
2024-10-14 23:03:47.356994 Delta: Foxtrot and Echo, sending you 2
2024-10-14 23:03:47.357486 Kilo: Echo, sending you 2
2024-10-14 23:03:47.358477 Echo: Bravo, sending you 2
2024-10-14 23:03:47.358906 Bravo: India, Oscar and Alpha, sending you 2
2024-10-14 23:03:47.359881 Oscar: Alpha, sending you 6
2024-10-14 23:03:47.360465 Alpha: Oscar, sending you 5
2024-10-14 23:03:47.361458 Delta: Golf, sending you 3
2024-10-14 23:03:47.407521 Echo: Alpha, sending you 7
chatterbot Oscar submitting transactions
chatterbot Foxtrot submitting transactions
chatterbot Bravo submitting transactions
chatterbot Echo submitting transactions
chatterbot Kilo submitting transactions
chatterbot Delta submitting transactions
chatterbot India submitting transactions
chatterbot Alpha submitting transactions
chatterbot Zulu submitting transactions
chatterbot Golf submitting transactions
ChatterBot Zulu round 4
ChatterBot Delta round 4
ChatterBot Kilo round 4
ChatterBot Foxtrot round 4
ChatterBot Echo round 4
ChatterBot India round 4
ChatterBot Golf round 4
ChatterBot Oscar round 4
ChatterBot Bravo round 4
ChatterBot Alpha round 4
2024-10-14 23:03:48.370702 Zulu: We should drop Echo
2024-10-14 23:03:48.388904 Delta: No
2024-10-14 23:03:48.389178 Kilo: Yes
2024-10-14 23:03:48.389878 Foxtrot: No
2024-10-14 23:03:48.390074 Golf: Yes
ChatterBot Zulu reevaluating
ChatterBot Zulu reevaluating
ChatterBot Zulu reevaluating
2024-10-14 23:03:48.547697 Foxtrot: Zulu, sending you 4
2024-10-14 23:03:48.548085 Bravo: Echo, sending you 1
2024-10-14 23:03:48.548947 Zulu: Delta, Foxtrot and Golf, sending you 4
2024-10-14 23:03:48.549659 Echo: India, sending you 5
2024-10-14 23:03:48.553726 Kilo: Zulu, Delta and Foxtrot, sending you 4
2024-10-14 23:03:48.554229 India: Echo, Oscar and Alpha, sending you 4
2024-10-14 23:03:48.554751 Delta: Zulu, sending you 5
2024-10-14 23:03:48.556620 Golf: Zulu, sending you 6
2024-10-14 23:03:48.557078 Foxtrot: Delta and Echo, sending you 2
2024-10-14 23:03:48.557482 Bravo: India, Oscar and Alpha, sending you 2
2024-10-14 23:03:48.559398 Zulu: Kilo and Echo, sending you 3
2024-10-14 23:03:48.559973 Echo: Oscar, sending you 4
2024-10-14 23:03:48.564514 India: Bravo, sending you 2
2024-10-14 23:03:48.565052 Kilo: Golf, sending you 3
2024-10-14 23:03:48.565563 Delta: Kilo, sending you 4
2024-10-14 23:03:48.567128 Golf: Delta and Kilo, sending you 4
2024-10-14 23:03:48.567480 Alpha: Echo and Oscar, sending you 5
2024-10-14 23:03:48.567923 Foxtrot: Kilo, sending you 5
2024-10-14 23:03:48.569588 Oscar: Echo and India, sending you 4
2024-10-14 23:03:48.574293 Echo: Bravo, sending you 2
2024-10-14 23:03:48.574895 Delta: Foxtrot and Golf, sending you 3
2024-10-14 23:03:48.575471 Golf: Foxtrot, sending you 3
2024-10-14 23:03:48.577211 Alpha: India, sending you 4
2024-10-14 23:03:48.577676 Foxtrot: Golf, sending you 3
2024-10-14 23:03:48.579982 Oscar: Bravo, sending you 3
2024-10-14 23:03:48.580488 Delta: Echo, sending you 1
2024-10-14 23:03:48.581084 Echo: Alpha, sending you 7
2024-10-14 23:03:48.585920 Alpha: Bravo, sending you 3
2024-10-14 23:03:48.586395 Oscar: Alpha, sending you 5
chatterbot Echo submitting transactions
chatterbot Delta submitting transactions
chatterbot Alpha submitting transactions
chatterbot Oscar submitting transactions
chatterbot Foxtrot submitting transactions
chatterbot Golf submitting transactions
chatterbot Kilo submitting transactions
chatterbot India submitting transactions
chatterbot Bravo submitting transactions
chatterbot Zulu submitting transactions
ChatterBot Zulu round 5
ChatterBot Delta round 5
ChatterBot Kilo round 5
ChatterBot Foxtrot round 5
ChatterBot Echo round 5
ChatterBot India round 5
ChatterBot Golf round 5
ChatterBot Oscar round 5
ChatterBot Bravo round 5
ChatterBot Alpha round 5
2024-10-14 23:03:49.819449 Zulu: We should drop Echo
ChatterBot Foxtrot reevaluating
2024-10-14 23:03:49.838451 Delta: No
2024-10-14 23:03:49.839746 Kilo: Yes
2024-10-14 23:03:49.840148 Foxtrot: Yes
2024-10-14 23:03:49.840650 Golf: Yes
ChatterBot Foxtrot reevaluating
ChatterBot Foxtrot reevaluating
ChatterBot Delta reevaluating
ChatterBot Delta reevaluating
ChatterBot Foxtrot reevaluating
2024-10-14 23:03:49.915928 Delta: We should replace Echo with Bravo
ChatterBot Foxtrot reevaluating
2024-10-14 23:03:49.937260 Zulu: No
2024-10-14 23:03:49.938561 Kilo: No
2024-10-14 23:03:49.939043 Foxtrot: No
2024-10-14 23:03:49.939295 Golf: No
ChatterBot Delta reevaluating
ChatterBot Foxtrot reevaluating
ChatterBot Delta reevaluating
ChatterBot Foxtrot reevaluating
ChatterBot Delta reevaluating
ChatterBot Delta reevaluating
ChatterBot Foxtrot reevaluating
2024-10-14 23:03:50.027222 Echo: India, sending you 5
2024-10-14 23:03:50.048379 Echo: Oscar, sending you 4
2024-10-14 23:03:50.052411 Golf: Zulu, sending you 6
2024-10-14 23:03:50.052854 Kilo: Zulu, sending you 3
2024-10-14 23:03:50.053358 India: Echo, Oscar and Alpha, sending you 4
2024-10-14 23:03:50.054603 Alpha: Echo, sending you 6
2024-10-14 23:03:50.055111 Foxtrot: Zulu and Kilo, sending you 5
2024-10-14 23:03:50.055525 Oscar: Echo and India, sending you 4
2024-10-14 23:03:50.056551 Bravo: Echo, sending you 1
2024-10-14 23:03:50.057116 Echo: Bravo, sending you 2
2024-10-14 23:03:50.058176 Zulu: Delta and Golf, sending you 5
2024-10-14 23:03:50.058649 Delta: Zulu and Kilo, sending you 5
2024-10-14 23:03:50.059845 India: Bravo, sending you 2
2024-10-14 23:03:50.060286 Golf: Delta and Kilo, sending you 4
2024-10-14 23:03:50.060875 Kilo: Delta, Foxtrot and Golf, sending you 4
2024-10-14 23:03:50.061886 Alpha: India, sending you 4
2024-10-14 23:03:50.062377 Oscar: Bravo, sending you 3
2024-10-14 23:03:50.063475 Foxtrot: Delta and Golf, sending you 3
2024-10-14 23:03:50.063940 Bravo: India, Oscar and Alpha, sending you 2
2024-10-14 23:03:50.064480 Echo: Alpha, sending you 7
2024-10-14 23:03:50.065574 Delta: Foxtrot, sending you 3
2024-10-14 23:03:50.065999 Zulu: Kilo and Foxtrot, sending you 4
2024-10-14 23:03:50.066423 Golf: Foxtrot, sending you 3
2024-10-14 23:03:50.067630 Alpha: Oscar, sending you 5
2024-10-14 23:03:50.068113 Oscar: Alpha, sending you 5
2024-10-14 23:03:50.087416 Delta: Echo, sending you 1
2024-10-14 23:03:50.088415 Alpha: Bravo, sending you 2
2024-10-14 23:03:50.111317 Delta: Golf, sending you 4
chatterbot Kilo submitting transactions
chatterbot Echo submitting transactions
chatterbot Oscar submitting transactions
chatterbot Bravo submitting transactions
chatterbot India submitting transactions
chatterbot Delta submitting transactions
chatterbot Zulu submitting transactions
chatterbot Foxtrot submitting transactions
chatterbot Alpha submitting transactions
chatterbot Golf submitting transactions
ChatterBot Zulu round 6
ChatterBot Delta round 6
ChatterBot Kilo round 6
ChatterBot Foxtrot round 6
ChatterBot Echo round 6
ChatterBot India round 6
ChatterBot Golf round 6
2024-10-14 23:03:51.220965 Delta: We should replace Echo with Bravo
2024-10-14 23:03:51.235961 Zulu: No
2024-10-14 23:03:51.236216 Kilo: No
2024-10-14 23:03:51.236425 Foxtrot: No
2024-10-14 23:03:51.236637 Golf: No
ChatterBot Delta reevaluating
ChatterBot Delta reevaluating
ChatterBot Delta reevaluating
ChatterBot Delta reevaluating
ChatterBot Oscar round 6
ChatterBot Bravo round 6
ChatterBot Alpha round 6
2024-10-14 23:03:51.317252 Delta: Bravo we want you to join our group
2024-10-14 23:03:51.319754 Bravo: No
ChatterBot Delta reevaluating
2024-10-14 23:03:51.332680 Kilo: Zulu, Delta and Foxtrot, sending you 4
2024-10-14 23:03:51.334055 Foxtrot: Zulu and Kilo, sending you 5
2024-10-14 23:03:51.337700 Zulu: Delta and Golf, sending you 5
2024-10-14 23:03:51.338179 Kilo: Golf, sending you 3
2024-10-14 23:03:51.338685 India: Echo, Oscar and Alpha, sending you 4
2024-10-14 23:03:51.339699 Foxtrot: Delta and Golf, sending you 3
2024-10-14 23:03:51.340669 Zulu: Kilo and Foxtrot, sending you 4
2024-10-14 23:03:51.341684 Alpha: Echo, sending you 6
2024-10-14 23:03:51.343688 India: Bravo, sending you 2
2024-10-14 23:03:51.344705 Alpha: India and Oscar, sending you 4
2024-10-14 23:03:51.348707 Echo: India, sending you 5
2024-10-14 23:03:51.349944 Bravo: Echo, sending you 1
2024-10-14 23:03:51.350680 Alpha: Bravo, sending you 3
2024-10-14 23:03:51.351413 Oscar: Echo and India, sending you 4
2024-10-14 23:03:51.352312 Golf: Zulu, sending you 6
2024-10-14 23:03:51.353771 Bravo: India, Oscar and Alpha, sending you 2
2024-10-14 23:03:51.354682 Echo: Oscar, sending you 4
2024-10-14 23:03:51.356714 Oscar: Bravo, sending you 3
2024-10-14 23:03:51.357993 Golf: Delta and Kilo, sending you 4
2024-10-14 23:03:51.358689 Echo: Bravo, sending you 2
2024-10-14 23:03:51.359711 Delta: Zulu, sending you 6
2024-10-14 23:03:51.362057 Oscar: Alpha, sending you 5
2024-10-14 23:03:51.362729 Golf: Foxtrot, sending you 3
2024-10-14 23:03:51.363337 Echo: Alpha, sending you 7
2024-10-14 23:03:51.363945 Delta: Kilo, sending you 5
2024-10-14 23:03:51.367492 Delta: Foxtrot, sending you 3
2024-10-14 23:03:51.372673 Delta: Golf, sending you 4
2024-10-14 23:03:51.376682 Delta: Bravo, sending you 1
chatterbot Echo submitting transactions
chatterbot Oscar submitting transactions
chatterbot India submitting transactions
chatterbot Foxtrot submitting transactions
chatterbot Bravo submitting transactions
chatterbot Golf submitting transactions
chatterbot Alpha submitting transactions
chatterbot Delta submitting transactions
chatterbot Kilo submitting transactions
chatterbot Zulu submitting transactions
ChatterBot Zulu round 7
ChatterBot Delta round 7
ChatterBot Kilo round 7
ChatterBot Foxtrot round 7
ChatterBot Echo round 7
ChatterBot India round 7
ChatterBot Golf round 7
ChatterBot Oscar round 7
ChatterBot Bravo round 7
ChatterBot Alpha round 7
2024-10-14 23:03:52.458852 Delta: Zulu, sending you 6
2024-10-14 23:03:52.465143 Delta: Kilo, sending you 5
2024-10-14 23:03:52.470604 India: Echo, Oscar and Alpha, sending you 4
2024-10-14 23:03:52.472322 Kilo: Zulu, Delta and Foxtrot, sending you 4
2024-10-14 23:03:52.472809 Delta: Foxtrot, sending you 3
2024-10-14 23:03:52.473149 Echo: India, sending you 5
2024-10-14 23:03:52.474141 Golf: Zulu, sending you 6
2024-10-14 23:03:52.474545 Foxtrot: Zulu and Kilo, sending you 5
2024-10-14 23:03:52.475009 Oscar: Echo and India, sending you 4
2024-10-14 23:03:52.478433 Delta: Golf, sending you 4
2024-10-14 23:03:52.478937 India: Bravo, sending you 2
2024-10-14 23:03:52.479431 Zulu: Delta and Golf, sending you 5
2024-10-14 23:03:52.480591 Golf: Delta and Kilo, sending you 4
2024-10-14 23:03:52.481056 Kilo: Golf, sending you 3
2024-10-14 23:03:52.481487 Oscar: Bravo, sending you 3
2024-10-14 23:03:52.482439 Echo: Oscar, sending you 4
2024-10-14 23:03:52.482924 Foxtrot: Delta and Golf, sending you 3
2024-10-14 23:03:52.484003 Delta: Bravo, sending you 1
2024-10-14 23:03:52.484371 Alpha: Echo, sending you 6
2024-10-14 23:03:52.484828 Zulu: Kilo and Foxtrot, sending you 4
2024-10-14 23:03:52.485811 Golf: Foxtrot, sending you 3
2024-10-14 23:03:52.486296 Bravo: Echo, sending you 1
2024-10-14 23:03:52.486827 Oscar: Alpha, sending you 5
2024-10-14 23:03:52.493936 Echo: Bravo, sending you 2
2024-10-14 23:03:52.495297 Alpha: India and Oscar, sending you 4
2024-10-14 23:03:52.495845 Bravo: India, Oscar and Alpha, sending you 2
2024-10-14 23:03:52.499103 Echo: Alpha, sending you 7
2024-10-14 23:03:52.499799 Alpha: Bravo, sending you 3
chatterbot Alpha submitting transactions
chatterbot Foxtrot submitting transactions
chatterbot Bravo submitting transactions
chatterbot Echo submitting transactions
chatterbot Delta submitting transactions
chatterbot Kilo submitting transactions
chatterbot Zulu submitting transactions
chatterbot Golf submitting transactions
chatterbot Oscar submitting transactions
chatterbot India submitting transactions
ChatterBot Zulu round 8
ChatterBot Delta round 8
ChatterBot Kilo round 8
ChatterBot Foxtrot round 8
ChatterBot Echo round 8
ChatterBot India round 8
ChatterBot Golf round 8
ChatterBot Oscar round 8
ChatterBot Bravo round 8
ChatterBot Alpha round 8
2024-10-14 23:03:53.796030 Zulu: Delta and Golf, sending you 5
2024-10-14 23:03:53.799130 Kilo: Zulu, Delta and Foxtrot, sending you 4
2024-10-14 23:03:53.801659 Foxtrot: Zulu and Kilo, sending you 5
2024-10-14 23:03:53.804832 Zulu: Kilo and Foxtrot, sending you 4
2024-10-14 23:03:53.807530 Kilo: Golf, sending you 3
2024-10-14 23:03:53.809910 Echo: India, sending you 5
2024-10-14 23:03:53.811959 Foxtrot: Delta and Golf, sending you 3
2024-10-14 23:03:53.813707 Golf: Zulu, sending you 6
2024-10-14 23:03:53.815235 Oscar: Echo and India, sending you 4
2024-10-14 23:03:53.817069 Bravo: Echo, sending you 1
2024-10-14 23:03:53.818043 Delta: Zulu, sending you 6
2024-10-14 23:03:53.819489 Echo: Oscar, sending you 4
2024-10-14 23:03:53.821192 India: Echo, Oscar and Alpha, sending you 4
2024-10-14 23:03:53.821990 Golf: Delta and Kilo, sending you 4
2024-10-14 23:03:53.823635 Alpha: Echo, sending you 6
2024-10-14 23:03:53.825364 Oscar: Bravo, sending you 3
2024-10-14 23:03:53.826774 Bravo: India, Oscar and Alpha, sending you 2
2024-10-14 23:03:53.828244 Delta: Kilo, sending you 5
2024-10-14 23:03:53.829011 Echo: Bravo, sending you 2
2024-10-14 23:03:53.831011 India: Bravo, sending you 2
2024-10-14 23:03:53.832537 Golf: Foxtrot, sending you 3
2024-10-14 23:03:53.833804 Alpha: India and Oscar, sending you 4
2024-10-14 23:03:53.834690 Oscar: Alpha, sending you 5
2024-10-14 23:03:53.836132 Delta: Foxtrot, sending you 3
2024-10-14 23:03:53.837790 Echo: Alpha, sending you 7
2024-10-14 23:03:53.838787 Alpha: Bravo, sending you 3
2024-10-14 23:03:53.843892 Delta: Golf, sending you 4
2024-10-14 23:03:53.856176 Delta: Bravo, sending you 1
chatterbot Alpha submitting transactions
chatterbot Foxtrot submitting transactions
chatterbot Golf submitting transactions
chatterbot India submitting transactions
chatterbot Zulu submitting transactions
chatterbot Oscar submitting transactions
chatterbot Echo submitting transactions
chatterbot Kilo submitting transactions
chatterbot Bravo submitting transactions
chatterbot Delta submitting transactions
ChatterBot Zulu round 9
ChatterBot Delta round 9
ChatterBot Kilo round 9
ChatterBot Foxtrot round 9
ChatterBot Echo round 9
ChatterBot India round 9
ChatterBot Golf round 9
ChatterBot Oscar round 9
ChatterBot Bravo round 9
ChatterBot Alpha round 9
2024-10-14 23:03:55.153099 India: Echo, Oscar and Alpha, sending you 4
2024-10-14 23:03:55.157694 Delta: Zulu, sending you 6
2024-10-14 23:03:55.159008 India: Bravo, sending you 2
2024-10-14 23:03:55.162668 Golf: Zulu, sending you 6
2024-10-14 23:03:55.164464 Delta: Kilo, sending you 5
2024-10-14 23:03:55.165074 Kilo: Zulu, Delta and Foxtrot, sending you 4
2024-10-14 23:03:55.166551 Oscar: Echo and India, sending you 4
2024-10-14 23:03:55.168042 Zulu: Delta and Golf, sending you 5
2024-10-14 23:03:55.168890 Bravo: Echo, sending you 1
2024-10-14 23:03:55.170211 Echo: India, sending you 5
2024-10-14 23:03:55.170926 Foxtrot: Zulu and Kilo, sending you 5
2024-10-14 23:03:55.172305 Golf: Delta and Kilo, sending you 4
2024-10-14 23:03:55.173373 Delta: Foxtrot, sending you 3
2024-10-14 23:03:55.174067 Kilo: Golf, sending you 3
2024-10-14 23:03:55.175503 Oscar: Bravo, sending you 3
2024-10-14 23:03:55.176280 Zulu: Kilo and Foxtrot, sending you 4
2024-10-14 23:03:55.177565 Bravo: India, Oscar and Alpha, sending you 2
2024-10-14 23:03:55.178532 Alpha: Echo, sending you 6
2024-10-14 23:03:55.180125 Foxtrot: Delta and Golf, sending you 3
2024-10-14 23:03:55.181340 Echo: Oscar, sending you 4
2024-10-14 23:03:55.182999 Golf: Foxtrot, sending you 3
2024-10-14 23:03:55.184548 Delta: Golf, sending you 4
2024-10-14 23:03:55.185641 Oscar: Alpha, sending you 5
2024-10-14 23:03:55.187384 Alpha: India and Oscar, sending you 4
2024-10-14 23:03:55.188940 Echo: Bravo, sending you 2
2024-10-14 23:03:55.190451 Delta: Bravo, sending you 1
2024-10-14 23:03:55.192708 Echo: Alpha, sending you 7
2024-10-14 23:03:55.194053 Alpha: Bravo, sending you 3
chatterbot Golf submitting transactions
chatterbot Oscar submitting transactions
chatterbot Bravo submitting transactions
chatterbot Delta submitting transactions
chatterbot Alpha submitting transactions
chatterbot Kilo submitting transactions
chatterbot India submitting transactions
chatterbot Foxtrot submitting transactions
chatterbot Zulu submitting transactions
chatterbot Echo submitting transactions
ChatterBot Zulu round 10
ChatterBot Delta round 10
ChatterBot Kilo round 10
ChatterBot Foxtrot round 10
ChatterBot Echo round 10
ChatterBot India round 10
ChatterBot Golf round 10
ChatterBot Oscar round 10
ChatterBot Bravo round 10
ChatterBot Alpha round 10
2024-10-14 23:03:56.359803 Delta: Zulu, sending you 6
2024-10-14 23:03:56.360467 Foxtrot: Zulu and Kilo, sending you 5
2024-10-14 23:03:56.364736 Alpha: Echo, sending you 6
2024-10-14 23:03:56.365746 Delta: Kilo, sending you 5
2024-10-14 23:03:56.366370 Foxtrot: Delta and Golf, sending you 3
2024-10-14 23:03:56.367072 Zulu: Delta and Golf, sending you 5
2024-10-14 23:03:56.368468 Oscar: Echo and India, sending you 4
2024-10-14 23:03:56.369489 Golf: Zulu, sending you 6
2024-10-14 23:03:56.370356 Alpha: India and Oscar, sending you 4
2024-10-14 23:03:56.371420 Delta: Foxtrot, sending you 3
2024-10-14 23:03:56.372157 Kilo: Zulu, Delta and Foxtrot, sending you 4
2024-10-14 23:03:56.373388 Oscar: Bravo, sending you 3
2024-10-14 23:03:56.374114 Zulu: Kilo and Foxtrot, sending you 4
2024-10-14 23:03:56.374724 Bravo: Echo, sending you 1
2024-10-14 23:03:56.375419 Golf: Delta and Kilo, sending you 4
2024-10-14 23:03:56.376005 Alpha: Bravo, sending you 3
2024-10-14 23:03:56.376764 India: Echo and Alpha, sending you 4
2024-10-14 23:03:56.377479 Kilo: Golf, sending you 3
2024-10-14 23:03:56.378654 Delta: Golf, sending you 4
2024-10-14 23:03:56.379151 Echo: India, sending you 5
2024-10-14 23:03:56.379932 Bravo: India, Oscar and Alpha, sending you 2
2024-10-14 23:03:56.380566 Oscar: Alpha, sending you 5
2024-10-14 23:03:56.381183 Golf: Foxtrot, sending you 3
2024-10-14 23:03:56.381764 India: Oscar and Bravo, sending you 3
2024-10-14 23:03:56.382693 Delta: Bravo, sending you 1
2024-10-14 23:03:56.384700 Echo: Oscar, sending you 4
2024-10-14 23:03:56.388685 Echo: Bravo, sending you 2
2024-10-14 23:03:56.393684 Echo: Alpha, sending you 7
chatterbot Oscar submitting transactions
chatterbot Delta submitting transactions
chatterbot Kilo submitting transactions
chatterbot Golf submitting transactions
chatterbot Alpha submitting transactions
chatterbot Bravo submitting transactions
chatterbot Zulu submitting transactions
chatterbot Echo submitting transactions
chatterbot Foxtrot submitting transactions
chatterbot India submitting transactions
ChatterBot Zulu round 11
ChatterBot Delta round 11
ChatterBot Kilo round 11
ChatterBot Foxtrot round 11
ChatterBot Echo round 11
ChatterBot India round 11
ChatterBot Golf round 11
ChatterBot Oscar round 11
ChatterBot Bravo round 11
ChatterBot Alpha round 11
2024-10-14 23:03:57.604674 Delta: Zulu, sending you 6
2024-10-14 23:03:57.609685 Delta: Kilo, sending you 5
2024-10-14 23:03:57.610343 Zulu: Delta and Golf, sending you 5
2024-10-14 23:03:57.611097 Kilo: Zulu, Delta and Foxtrot, sending you 4
2024-10-14 23:03:57.612253 India: Echo and Alpha, sending you 4
2024-10-14 23:03:57.612902 Foxtrot: Zulu and Kilo, sending you 5
2024-10-14 23:03:57.614673 Delta: Foxtrot, sending you 3
2024-10-14 23:03:57.615499 Golf: Zulu, sending you 6
2024-10-14 23:03:57.616306 Zulu: Kilo and Foxtrot, sending you 4
2024-10-14 23:03:57.617438 Kilo: Golf, sending you 3
2024-10-14 23:03:57.617990 India: Oscar and Bravo, sending you 3
2024-10-14 23:03:57.618608 Foxtrot: Delta and Golf, sending you 3
2024-10-14 23:03:57.619147 Delta: Golf, sending you 4
2024-10-14 23:03:57.620674 Golf: Delta and Kilo, sending you 4
2024-10-14 23:03:57.621322 Oscar: Echo and India, sending you 4
2024-10-14 23:03:57.622163 Echo: India, sending you 5
2024-10-14 23:03:57.623375 Delta: Bravo, sending you 1
2024-10-14 23:03:57.624682 Golf: Foxtrot, sending you 3
2024-10-14 23:03:57.626697 Oscar: Bravo, sending you 3
2024-10-14 23:03:57.627338 Echo: Oscar, sending you 4
2024-10-14 23:03:57.628599 Bravo: Echo, sending you 1
2024-10-14 23:03:57.629358 Alpha: Echo, sending you 6
2024-10-14 23:03:57.631673 Oscar: Alpha, sending you 5
2024-10-14 23:03:57.632562 Echo: Bravo, sending you 2
2024-10-14 23:03:57.633639 Bravo: India, Oscar and Alpha, sending you 2
2024-10-14 23:03:57.634451 Alpha: India and Oscar, sending you 4
2024-10-14 23:03:57.637937 Alpha: Bravo, sending you 3
2024-10-14 23:03:57.638658 Echo: Alpha, sending you 7
chatterbot Foxtrot submitting transactions
chatterbot India submitting transactions
chatterbot Kilo submitting transactions
chatterbot Zulu submitting transactions
chatterbot Delta submitting transactions
chatterbot Golf submitting transactions
chatterbot Alpha submitting transactions
chatterbot Oscar submitting transactions
chatterbot Echo submitting transactions
chatterbot Bravo submitting transactions
ChatterBot Zulu round 12
ChatterBot Delta round 12
ChatterBot Kilo round 12
ChatterBot Foxtrot round 12
ChatterBot Echo round 12
ChatterBot India round 12
ChatterBot Golf round 12
ChatterBot Oscar round 12
ChatterBot Bravo round 12
ChatterBot Alpha round 12
2024-10-14 23:03:58.770673 Echo: India, sending you 5
2024-10-14 23:03:58.772678 Zulu: Delta and Golf, sending you 5
2024-10-14 23:03:58.775099 Echo: Oscar, sending you 4
2024-10-14 23:03:58.777179 Zulu: Kilo and Foxtrot, sending you 4
2024-10-14 23:03:58.778362 Delta: Zulu, sending you 6
2024-10-14 23:03:58.779992 Golf: Zulu, sending you 6
2024-10-14 23:03:58.781157 Echo: Bravo, sending you 2
2024-10-14 23:03:58.782715 Kilo: Zulu, Delta and Foxtrot, sending you 4
2024-10-14 23:03:58.784394 Foxtrot: Zulu and Kilo, sending you 5
2024-10-14 23:03:58.785713 Delta: Kilo, sending you 5
2024-10-14 23:03:58.787311 Golf: Delta and Kilo, sending you 4
2024-10-14 23:03:58.788281 Oscar: Echo and India, sending you 4
2024-10-14 23:03:58.789747 Kilo: Golf, sending you 3
2024-10-14 23:03:58.790774 Bravo: Echo, sending you 1
2024-10-14 23:03:58.792268 Echo: Alpha, sending you 7
2024-10-14 23:03:58.793446 Foxtrot: Delta and Golf, sending you 3
2024-10-14 23:03:58.794785 Delta: Foxtrot, sending you 3
2024-10-14 23:03:58.795442 Golf: Foxtrot, sending you 3
2024-10-14 23:03:58.796245 India: Echo and Alpha, sending you 4
2024-10-14 23:03:58.797868 Oscar: Bravo, sending you 3
2024-10-14 23:03:58.798680 Bravo: India, Oscar and Alpha, sending you 2
2024-10-14 23:03:58.800370 Delta: Golf, sending you 4
2024-10-14 23:03:58.801067 Alpha: Echo, sending you 6
2024-10-14 23:03:58.802845 India: Oscar and Bravo, sending you 3
2024-10-14 23:03:58.803664 Oscar: Alpha, sending you 5
2024-10-14 23:03:58.805691 Delta: Bravo, sending you 1
2024-10-14 23:03:58.806774 Alpha: India and Oscar, sending you 4
2024-10-14 23:03:58.810694 Alpha: Bravo, sending you 3
chatterbot Echo submitting transactions
chatterbot Zulu submitting transactions
chatterbot Foxtrot submitting transactions
chatterbot Oscar submitting transactions
chatterbot Bravo submitting transactions
chatterbot Kilo submitting transactions
chatterbot India submitting transactions
chatterbot Alpha submitting transactions
chatterbot Golf submitting transactions
chatterbot Delta submitting transactions
ChatterBot Zulu round 13
ChatterBot Delta round 13
ChatterBot Kilo round 13
ChatterBot Foxtrot round 13
ChatterBot Echo round 13
ChatterBot India round 13
ChatterBot Golf round 13
ChatterBot Oscar round 13
ChatterBot Bravo round 13
ChatterBot Alpha round 13
2024-10-14 23:03:59.907370 Kilo: Zulu, Delta and Foxtrot, sending you 4
2024-10-14 23:03:59.909681 Echo: India, sending you 5
2024-10-14 23:03:59.913493 Kilo: Golf, sending you 3
2024-10-14 23:03:59.916345 Foxtrot: Zulu and Kilo, sending you 5
2024-10-14 23:03:59.918729 Bravo: Echo, sending you 1
2024-10-14 23:03:59.921065 Echo: Oscar, sending you 4
2024-10-14 23:03:59.923377 Zulu: Delta and Golf, sending you 5
2024-10-14 23:03:59.925741 Delta: Zulu, sending you 6
2024-10-14 23:03:59.928143 India: Echo and Alpha, sending you 4
2024-10-14 23:03:59.930458 Foxtrot: Delta and Golf, sending you 3
2024-10-14 23:03:59.932515 Golf: Zulu, sending you 6
2024-10-14 23:03:59.934539 Bravo: India, Oscar and Alpha, sending you 2
2024-10-14 23:03:59.936561 Echo: Bravo, sending you 2
2024-10-14 23:03:59.938489 Zulu: Kilo and Foxtrot, sending you 4
2024-10-14 23:03:59.940345 Delta: Kilo, sending you 5
2024-10-14 23:03:59.941906 India: Oscar and Bravo, sending you 3
2024-10-14 23:03:59.943795 Oscar: Echo and India, sending you 4
2024-10-14 23:03:59.945736 Golf: Delta and Kilo, sending you 4
2024-10-14 23:03:59.947878 Alpha: Echo, sending you 6
2024-10-14 23:03:59.949898 Echo: Alpha, sending you 7
2024-10-14 23:03:59.951994 Delta: Foxtrot, sending you 3
2024-10-14 23:03:59.953107 Oscar: Bravo, sending you 3
2024-10-14 23:03:59.954656 Golf: Foxtrot, sending you 3
2024-10-14 23:03:59.956208 Alpha: India and Oscar, sending you 4
2024-10-14 23:03:59.957510 Delta: Echo, sending you 1
2024-10-14 23:03:59.959166 Oscar: Alpha, sending you 5
2024-10-14 23:03:59.961706 Alpha: Bravo, sending you 3
2024-10-14 23:03:59.963702 Delta: Golf, sending you 4
chatterbot Delta submitting transactions
chatterbot India submitting transactions
chatterbot Kilo submitting transactions
chatterbot Zulu submitting transactions
chatterbot Golf submitting transactions
chatterbot Alpha submitting transactions
chatterbot Foxtrot submitting transactions
chatterbot Echo submitting transactions
chatterbot Oscar submitting transactions
chatterbot Bravo submitting transactions
ChatterBot Zulu round 14
ChatterBot Delta round 14
ChatterBot Kilo round 14
ChatterBot Foxtrot round 14
ChatterBot Echo round 14
ChatterBot India round 14
ChatterBot Golf round 14
ChatterBot Oscar round 14
ChatterBot Bravo round 14
ChatterBot Alpha round 14
2024-10-14 23:04:01.176146 Delta: We should replace Echo with Oscar
2024-10-14 23:04:01.191943 Zulu: No
2024-10-14 23:04:01.192175 Kilo: No
2024-10-14 23:04:01.192377 Foxtrot: No
2024-10-14 23:04:01.192568 Golf: No
ChatterBot Delta reevaluating
2024-10-14 23:04:01.227456 Delta: We should replace Echo with Bravo
2024-10-14 23:04:01.239882 Zulu: No
2024-10-14 23:04:01.240126 Kilo: No
2024-10-14 23:04:01.240299 Foxtrot: No
2024-10-14 23:04:01.240466 Golf: No
ChatterBot Delta reevaluating
ChatterBot Delta reevaluating
ChatterBot Delta reevaluating
ChatterBot Delta reevaluating
2024-10-14 23:04:01.279675 Foxtrot: Zulu and Kilo, sending you 5
2024-10-14 23:04:01.281052 Golf: Zulu, sending you 6
2024-10-14 23:04:01.281775 Kilo: Zulu, Delta and Foxtrot, sending you 4
2024-10-14 23:04:01.282410 Bravo: Echo, sending you 1
2024-10-14 23:04:01.283052 India: Echo and Alpha, sending you 4
2024-10-14 23:04:01.283996 Zulu: Delta and Golf, sending you 5
2024-10-14 23:04:01.284462 Echo: India, sending you 5
2024-10-14 23:04:01.285111 Foxtrot: Delta and Golf, sending you 3
2024-10-14 23:04:01.285620 Golf: Delta and Kilo, sending you 4
2024-10-14 23:04:01.286444 Kilo: Golf, sending you 3
2024-10-14 23:04:01.286956 Bravo: India, Oscar and Alpha, sending you 2
2024-10-14 23:04:01.287670 Zulu: Kilo and Foxtrot, sending you 4
2024-10-14 23:04:01.288835 India: Oscar and Bravo, sending you 3
2024-10-14 23:04:01.289869 Echo: Oscar, sending you 4
2024-10-14 23:04:01.290945 Golf: Foxtrot, sending you 3
2024-10-14 23:04:01.293657 Oscar: Echo and India, sending you 4
2024-10-14 23:04:01.294725 Echo: Bravo, sending you 2
