ChatterBot Sierra round 1
ChatterBot Oscar round 1
ChatterBot Juliett round 1
ChatterBot Tango round 1
ChatterBot Charlie round 1
ChatterBot Quebec round 1
ChatterBot Lima round 1
ChatterBot Whiskey round 1
ChatterBot India round 1
ChatterBot Papa round 1
randomSelections Sierra: {Sierra, Quebec, Whiskey, Juliett, Lima, Tango} 
2024-10-14 23:03:44.235507 Sierra: Let's form a team
ChatterBot Quebec reevaluating
ChatterBot Whiskey reevaluating
ChatterBot Juliett reevaluating
ChatterBot Lima reevaluating
ChatterBot Tango reevaluating
2024-10-14 23:03:44.244326 Quebec: Yes
2024-10-14 23:03:44.244580 Whiskey: Yes
2024-10-14 23:03:44.244773 Juliett: Yes
2024-10-14 23:03:44.244984 Lima: Yes
2024-10-14 23:03:44.246418 Tango: Yes
ChatterBot Whiskey reevaluating
ChatterBot Juliett reevaluating
ChatterBot Lima reevaluating
ChatterBot Tango reevaluating
ChatterBot Quebec reevaluating
ChatterBot Juliett reevaluating
ChatterBot Lima reevaluating
ChatterBot Tango reevaluating
ChatterBot Quebec reevaluating
ChatterBot Whiskey reevaluating
ChatterBot Lima reevaluating
ChatterBot Tango reevaluating
ChatterBot Quebec reevaluating
ChatterBot Whiskey reevaluating
ChatterBot Juliett reevaluating
ChatterBot Tango reevaluating
ChatterBot Quebec reevaluating
ChatterBot Whiskey reevaluating
ChatterBot Juliett reevaluating
ChatterBot Lima reevaluating
randomSelections India: {India, Sierra, Whiskey, Papa, Quebec, Tango} 
2024-10-14 23:03:44.300275 India: We should group up
ChatterBot Whiskey reevaluating
ChatterBot Papa reevaluating
ChatterBot Quebec reevaluating
ChatterBot Tango reevaluating
2024-10-14 23:03:44.310972 Sierra: No
2024-10-14 23:03:44.311415 Whiskey: No
2024-10-14 23:03:44.311682 Papa: Yes
2024-10-14 23:03:44.311830 Quebec: No
2024-10-14 23:03:44.313062 Tango: No
ChatterBot Whiskey reevaluating
ChatterBot Papa reevaluating
ChatterBot Quebec reevaluating
ChatterBot Tango reevaluating
ChatterBot Papa reevaluating
ChatterBot Quebec reevaluating
ChatterBot Tango reevaluating
ChatterBot Whiskey reevaluating
ChatterBot Quebec reevaluating
ChatterBot Tango reevaluating
ChatterBot Whiskey reevaluating
ChatterBot Papa reevaluating
ChatterBot Tango reevaluating
ChatterBot Whiskey reevaluating
ChatterBot Papa reevaluating
ChatterBot Quebec reevaluating
randomSelections Oscar: {Oscar, Lima, Sierra, Quebec, Charlie, Whiskey} 
2024-10-14 23:03:44.365343 Oscar: Friends?
ChatterBot Lima reevaluating
ChatterBot Quebec reevaluating
ChatterBot Charlie reevaluating
ChatterBot Whiskey reevaluating
2024-10-14 23:03:44.375822 Lima: No
2024-10-14 23:03:44.376453 Sierra: No
2024-10-14 23:03:44.376714 Quebec: No
2024-10-14 23:03:44.377585 Charlie: Yes
2024-10-14 23:03:44.377756 Whiskey: No
ChatterBot Quebec reevaluating
ChatterBot Charlie reevaluating
ChatterBot Whiskey reevaluating
ChatterBot Lima reevaluating
ChatterBot Quebec reevaluating
ChatterBot Charlie reevaluating
ChatterBot Whiskey reevaluating
ChatterBot Lima reevaluating
ChatterBot Charlie reevaluating
ChatterBot Whiskey reevaluating
ChatterBot Lima reevaluating
ChatterBot Quebec reevaluating
ChatterBot Whiskey reevaluating
ChatterBot Lima reevaluating
ChatterBot Quebec reevaluating
ChatterBot Charlie reevaluating
2024-10-14 23:03:44.464845 Oscar: Sierra and Charlie, sending you 1
2024-10-14 23:03:44.465282 Sierra: Juliett, sending you 2
2024-10-14 23:03:44.466224 Papa: Sierra and India, sending you 4
2024-10-14 23:03:44.466504 Juliett: Sierra, sending you 2
2024-10-14 23:03:44.466787 Quebec: Sierra, sending you 7
2024-10-14 23:03:44.467642 Charlie: Sierra, Oscar, Quebec, Lima and Whiskey, sending you 1
2024-10-14 23:03:44.467946 India: Sierra, sending you 5
2024-10-14 23:03:44.468672 Sierra: Tango and Lima, sending you 1
2024-10-14 23:03:44.470930 Papa: Tango, sending you 2
2024-10-14 23:03:44.471270 Quebec: Juliett and Tango, sending you 2
2024-10-14 23:03:44.471531 India: Tango, sending you 4
2024-10-14 23:03:44.471826 Juliett: Tango, sending you 6
2024-10-14 23:03:44.472727 Lima: Sierra, sending you 2
2024-10-14 23:03:44.473137 Whiskey: Juliett, Quebec and Lima, sending you 2
2024-10-14 23:03:44.473375 Sierra: Whiskey, sending you 3
2024-10-14 23:03:44.474723 Quebec: Lima, sending you 3
2024-10-14 23:03:44.475597 India: Quebec, sending you 3
2024-10-14 23:03:44.475913 Papa: Quebec, sending you 5
2024-10-14 23:03:44.476221 Tango: Sierra, sending you 4
2024-10-14 23:03:44.476931 Lima: Juliett and Whiskey, sending you 3
2024-10-14 23:03:44.478622 Juliett: Quebec, Lima and Whiskey, sending you 3
2024-10-14 23:03:44.479115 India: Papa, sending you 1
2024-10-14 23:03:44.479922 Papa: Whiskey, sending you 1
2024-10-14 23:03:44.480381 Quebec: Whiskey, sending you 1
2024-10-14 23:03:44.481217 Tango: Juliett, sending you 5
2024-10-14 23:03:44.481675 Lima: Tango, sending you 6
2024-10-14 23:03:44.484662 Tango: Quebec and Whiskey, sending you 3
2024-10-14 23:03:44.485658 Lima: Quebec, sending you 1
2024-10-14 23:03:44.488703 Tango: Lima, sending you 1
chatterbot Sierra submitting transactions
chatterbot Oscar submitting transactions
chatterbot Quebec submitting transactions
chatterbot Whiskey submitting transactions
chatterbot Lima submitting transactions
chatterbot Juliett submitting transactions
chatterbot Charlie submitting transactions
chatterbot India submitting transactions
chatterbot Papa submitting transactions
chatterbot Tango submitting transactions
ChatterBot Sierra round 2
ChatterBot Oscar round 2
ChatterBot Juliett round 2
ChatterBot Tango round 2
ChatterBot Charlie round 2
ChatterBot Quebec round 2
ChatterBot Lima round 2
ChatterBot Whiskey round 2
ChatterBot India round 2
ChatterBot Papa round 2
2024-10-14 23:03:46.567976 Charlie: Let's form a team
ChatterBot Oscar reevaluating
2024-10-14 23:03:46.574990 Oscar: Yes
2024-10-14 23:03:46.581287 Oscar: We should group up
ChatterBot Charlie reevaluating
2024-10-14 23:03:46.588596 Charlie: Yes
ChatterBot Oscar reevaluating
2024-10-14 23:03:46.617152 India: We should add Juliett and Lima
ChatterBot Sierra reevaluating
ChatterBot Whiskey reevaluating
ChatterBot Papa reevaluating
ChatterBot Quebec reevaluating
ChatterBot Tango reevaluating
2024-10-14 23:03:46.650862 Sierra: Yes
2024-10-14 23:03:46.651045 Whiskey: Yes
2024-10-14 23:03:46.651198 Papa: Yes
2024-10-14 23:03:46.651379 Quebec: Yes
2024-10-14 23:03:46.651528 Tango: Yes
ChatterBot Whiskey reevaluating
ChatterBot Papa reevaluating
ChatterBot Quebec reevaluating
ChatterBot Tango reevaluating
ChatterBot Sierra reevaluating
ChatterBot Papa reevaluating
ChatterBot Quebec reevaluating
ChatterBot Tango reevaluating
ChatterBot Sierra reevaluating
ChatterBot Whiskey reevaluating
ChatterBot Quebec reevaluating
ChatterBot Tango reevaluating
ChatterBot Sierra reevaluating
ChatterBot Whiskey reevaluating
ChatterBot Papa reevaluating
ChatterBot Tango reevaluating
ChatterBot Sierra reevaluating
ChatterBot Whiskey reevaluating
ChatterBot Papa reevaluating
ChatterBot Quebec reevaluating
2024-10-14 23:03:46.785275 Tango: We should add India and Papa
ChatterBot Sierra reevaluating
ChatterBot Quebec reevaluating
ChatterBot Whiskey reevaluating
ChatterBot Juliett reevaluating
2024-10-14 23:03:46.806231 Sierra: Yes
2024-10-14 23:03:46.806384 Quebec: Yes
2024-10-14 23:03:46.806486 Whiskey: No
2024-10-14 23:03:46.806579 Juliett: No
2024-10-14 23:03:46.807184 Lima: No
ChatterBot Quebec reevaluating
ChatterBot Whiskey reevaluating
ChatterBot Juliett reevaluating
ChatterBot Tango reevaluating
ChatterBot Sierra reevaluating
ChatterBot Whiskey reevaluating
ChatterBot Juliett reevaluating
ChatterBot Tango reevaluating
ChatterBot Sierra reevaluating
ChatterBot Quebec reevaluating
ChatterBot Juliett reevaluating
ChatterBot Tango reevaluating
ChatterBot Sierra reevaluating
ChatterBot Quebec reevaluating
ChatterBot Whiskey reevaluating
ChatterBot Tango reevaluating
ChatterBot Sierra reevaluating
ChatterBot Quebec reevaluating
ChatterBot Whiskey reevaluating
ChatterBot Juliett reevaluating
ChatterBot Tango reevaluating
2024-10-14 23:03:47.048173 India: Juliett and Lima we want you to join our group
ChatterBot Juliett reevaluating
2024-10-14 23:03:47.057084 Juliett: No
2024-10-14 23:03:47.057329 Lima: No
ChatterBot Papa reevaluating
ChatterBot Sierra reevaluating
ChatterBot Tango reevaluating
ChatterBot Quebec reevaluating
ChatterBot Whiskey reevaluating
ChatterBot Papa reevaluating
ChatterBot Sierra reevaluating
ChatterBot Juliett reevaluating
ChatterBot Tango reevaluating
ChatterBot Quebec reevaluating
ChatterBot Whiskey reevaluating
2024-10-14 23:03:47.153591 Lima: Sending you each 3
2024-10-14 23:03:47.154334 Sierra: India and Papa we want you to join our group
2024-10-14 23:03:47.164383 India: Yes
2024-10-14 23:03:47.165196 Papa: Yes
ChatterBot Sierra reevaluating
ChatterBot Quebec reevaluating
ChatterBot Sierra reevaluating
ChatterBot Quebec reevaluating
2024-10-14 23:03:47.225411 Charlie: Sending you each 1
2024-10-14 23:03:47.226341 Oscar: Sending you 2
2024-10-14 23:03:47.226550 Papa: Juliett and Lima we want you to join our group
2024-10-14 23:03:47.235181 Juliett: No
2024-10-14 23:03:47.236162 Lima: No
ChatterBot Sierra reevaluating
ChatterBot Quebec reevaluating
ChatterBot Whiskey reevaluating
ChatterBot Sierra reevaluating
ChatterBot Juliett reevaluating
ChatterBot Quebec reevaluating
ChatterBot Whiskey reevaluating
2024-10-14 23:03:47.296521 Tango: India and Papa we want you to join our group
2024-10-14 23:03:47.304405 India: Yes
2024-10-14 23:03:47.304551 Papa: Yes
ChatterBot Juliett reevaluating
ChatterBot Quebec reevaluating
ChatterBot Whiskey reevaluating
ChatterBot Juliett reevaluating
ChatterBot Quebec reevaluating
ChatterBot Whiskey reevaluating
chatterbot Lima submitting transactions
2024-10-14 23:03:47.380020 Juliett: We should add Papa
ChatterBot Whiskey reevaluating
2024-10-14 23:03:47.412692 Sierra: Yes
2024-10-14 23:03:47.412946 Quebec: Yes
2024-10-14 23:03:47.413671 Whiskey: Yes
2024-10-14 23:03:47.413859 Lima: No
2024-10-14 23:03:47.414033 Tango: Yes
ChatterBot Quebec reevaluating
ChatterBot Whiskey reevaluating
ChatterBot Juliett reevaluating
ChatterBot Whiskey reevaluating
ChatterBot Juliett reevaluating
ChatterBot Quebec reevaluating
ChatterBot Juliett reevaluating
ChatterBot Quebec reevaluating
ChatterBot Whiskey reevaluating
ChatterBot Juliett reevaluating
ChatterBot Quebec reevaluating
ChatterBot Whiskey reevaluating
ChatterBot Juliett reevaluating
chatterbot Charlie submitting transactions
2024-10-14 23:03:47.558160 India: Sierra and Juliett, sending you 2
2024-10-14 23:03:47.576244 India: Tango, Quebec, Lima and Whiskey, sending you 1
2024-10-14 23:03:47.576680 Papa: Sierra, Juliett, Tango, Quebec and Lima, sending you 2
2024-10-14 23:03:47.577649 Juliett: Papa we want you to join our group
2024-10-14 23:03:47.581369 Papa: Yes
ChatterBot Juliett reevaluating
2024-10-14 23:03:47.605892 Whiskey: India and Papa we want you to join our group
2024-10-14 23:03:47.614509 India: Yes
2024-10-14 23:03:47.614681 Papa: Yes
ChatterBot Juliett reevaluating
ChatterBot Quebec reevaluating
ChatterBot Juliett reevaluating
ChatterBot Quebec reevaluating
2024-10-14 23:03:47.671311 India: Papa, sending you 4
2024-10-14 23:03:47.671734 Papa: Whiskey, sending you 1
2024-10-14 23:03:47.732498 Tango: Sierra, sending you 1
2024-10-14 23:03:47.733937 Quebec: We should drop Sierra
ChatterBot Juliett reevaluating
2024-10-14 23:03:47.832523 Juliett: No
2024-10-14 23:03:47.832849 Tango: No
2024-10-14 23:03:47.833574 Lima: No
2024-10-14 23:03:47.833906 Whiskey: No
ChatterBot Quebec reevaluating
ChatterBot Quebec reevaluating
ChatterBot Juliett reevaluating
ChatterBot Quebec reevaluating
ChatterBot Juliett reevaluating
ChatterBot Quebec reevaluating
ChatterBot Juliett reevaluating
2024-10-14 23:03:47.925451 Sierra: Juliett, Tango, Lima and Papa, sending you 2
2024-10-14 23:03:47.926756 Papa: India, sending you 5
2024-10-14 23:03:47.927983 Tango: Juliett, sending you 5
2024-10-14 23:03:47.937902 Sierra: Quebec, sending you 4
2024-10-14 23:03:47.939441 Whiskey: Sierra, Juliett, Tango and Lima, sending you 3
2024-10-14 23:03:47.941394 Tango: Quebec and Papa, sending you 2
2024-10-14 23:03:47.942737 Quebec: India and Papa we want you to join our group
2024-10-14 23:03:47.956531 India: Yes
2024-10-14 23:03:47.956975 Papa: Yes
ChatterBot Juliett reevaluating
ChatterBot Quebec reevaluating
ChatterBot Juliett reevaluating
ChatterBot Quebec reevaluating
2024-10-14 23:03:48.044778 Sierra: Whiskey, sending you 1
2024-10-14 23:03:48.046471 Whiskey: Quebec and Papa, sending you 2
2024-10-14 23:03:48.047063 Tango: Lima, sending you 4
chatterbot Oscar submitting transactions
chatterbot Tango submitting transactions
chatterbot Sierra submitting transactions
2024-10-14 23:03:48.068089 Juliett: India and Papa we want you to join our group
2024-10-14 23:03:48.077127 India: Yes
2024-10-14 23:03:48.077998 Papa: Yes
ChatterBot Juliett reevaluating
ChatterBot Quebec reevaluating
ChatterBot Juliett reevaluating
ChatterBot Quebec reevaluating
chatterbot Papa submitting transactions
2024-10-14 23:03:48.139294 Sierra: India, sending you 3
2024-10-14 23:03:48.140277 Tango: India, sending you 3
chatterbot India submitting transactions
chatterbot Whiskey submitting transactions
2024-10-14 23:03:48.183033 Juliett: Sierra, Quebec, Lima and Whiskey, sending you 3
2024-10-14 23:03:49.019274 Juliett: Tango, sending you 5
2024-10-14 23:03:49.032591 Quebec: Sierra and Lima, sending you 1
2024-10-14 23:03:49.037822 Quebec: Juliett, sending you 3
2024-10-14 23:03:49.042666 Quebec: Tango, Whiskey and India, sending you 2
2024-10-14 23:03:49.048054 Quebec: Papa, sending you 4
chatterbot Quebec submitting transactions
chatterbot Juliett submitting transactions
ChatterBot Sierra round 3
ChatterBot Oscar round 3
ChatterBot Juliett round 3
ChatterBot Tango round 3
2024-10-14 23:03:49.381433 Juliett: We should add India and Papa
ChatterBot Sierra reevaluating
2024-10-14 23:03:49.403699 Sierra: Yes
2024-10-14 23:03:49.403908 Quebec: Yes
2024-10-14 23:03:49.404518 Whiskey: Yes
2024-10-14 23:03:49.404664 Lima: No
2024-10-14 23:03:49.404784 Tango: Yes
ChatterBot Sierra reevaluating
ChatterBot Sierra reevaluating
ChatterBot Sierra reevaluating
ChatterBot Sierra reevaluating
2024-10-14 23:03:49.506350 Sierra: We should add Oscar
2024-10-14 23:03:49.614896 India: No
2024-10-14 23:03:49.615372 Papa: No
2024-10-14 23:03:49.615598 Juliett: No
2024-10-14 23:03:49.615762 Tango: No
2024-10-14 23:03:49.615926 Quebec: No
2024-10-14 23:03:49.616081 Lima: No
2024-10-14 23:03:49.617774 Whiskey: No
ChatterBot Sierra reevaluating
ChatterBot Sierra reevaluating
ChatterBot Sierra reevaluating
ChatterBot Sierra reevaluating
ChatterBot Sierra reevaluating
ChatterBot Sierra reevaluating
ChatterBot Sierra reevaluating
ChatterBot Charlie round 3
ChatterBot Quebec round 3
ChatterBot Lima round 3
ChatterBot Whiskey round 3
ChatterBot India round 3
ChatterBot Papa round 3
2024-10-14 23:03:49.929620 Juliett: India and Papa we want you to join our group
ChatterBot India reevaluating
ChatterBot Papa reevaluating
2024-10-14 23:03:49.948223 India: Yes
2024-10-14 23:03:49.949347 Papa: Yes
ChatterBot Papa reevaluating
ChatterBot Sierra reevaluating
ChatterBot Lima reevaluating
ChatterBot India reevaluating
ChatterBot Sierra reevaluating
ChatterBot Quebec reevaluating
ChatterBot Lima reevaluating
2024-10-14 23:03:50.033309 Lima: We should add Papa
ChatterBot Sierra reevaluating
ChatterBot Quebec reevaluating
2024-10-14 23:03:50.060084 Sierra: Yes
2024-10-14 23:03:50.060377 Quebec: Yes
2024-10-14 23:03:50.060598 Whiskey: Yes
2024-10-14 23:03:50.060800 Juliett: Yes
2024-10-14 23:03:50.061019 Tango: Yes
ChatterBot Quebec reevaluating
ChatterBot Lima reevaluating
ChatterBot Sierra reevaluating
ChatterBot Lima reevaluating
ChatterBot Sierra reevaluating
ChatterBot Quebec reevaluating
ChatterBot Lima reevaluating
ChatterBot Sierra reevaluating
ChatterBot Quebec reevaluating
ChatterBot Lima reevaluating
ChatterBot Sierra reevaluating
ChatterBot Quebec reevaluating
ChatterBot Lima reevaluating
2024-10-14 23:03:50.224927 Sierra: Charlie we want you to join our group
ChatterBot Charlie reevaluating
2024-10-14 23:03:50.231262 Charlie: No
ChatterBot Sierra reevaluating
ChatterBot Quebec reevaluating
ChatterBot Lima reevaluating
2024-10-14 23:03:50.271765 Lima: We should add India and Papa
ChatterBot Sierra reevaluating
ChatterBot Quebec reevaluating
2024-10-14 23:03:50.295122 Sierra: Yes
2024-10-14 23:03:50.295331 Quebec: Yes
2024-10-14 23:03:50.295496 Whiskey: Yes
2024-10-14 23:03:50.296185 Juliett: Yes
2024-10-14 23:03:50.296301 Tango: Yes
ChatterBot Quebec reevaluating
ChatterBot Lima reevaluating
ChatterBot Sierra reevaluating
ChatterBot Lima reevaluating
ChatterBot Sierra reevaluating
ChatterBot Quebec reevaluating
ChatterBot Lima reevaluating
ChatterBot Sierra reevaluating
ChatterBot Quebec reevaluating
ChatterBot Lima reevaluating
ChatterBot Sierra reevaluating
ChatterBot Quebec reevaluating
ChatterBot Lima reevaluating
2024-10-14 23:03:50.400635 Tango: Sierra, Quebec, Whiskey and India, sending you 2
2024-10-14 23:03:50.402406 Juliett: Sierra, Quebec, Whiskey, India and Papa, sending you 2
2024-10-14 23:03:50.403738 Oscar: Same as last round
2024-10-14 23:03:50.404169 Lima: Papa we want you to join our group
2024-10-14 23:03:50.410955 Papa: Yes
2024-10-14 23:03:50.442999 Tango: Juliett and Lima, sending you 4
2024-10-14 23:03:50.443808 India: Sierra, sending you 3
2024-10-14 23:03:50.445063 Juliett: Tango, sending you 4
2024-10-14 23:03:50.445851 Whiskey: Sierra, Juliett and Lima, sending you 3
2024-10-14 23:03:50.448659 Tango: Papa, sending you 1
2024-10-14 23:03:50.449119 India: Juliett, Lima and Whiskey, sending you 1
2024-10-14 23:03:50.450235 Juliett: Lima, sending you 3
2024-10-14 23:03:50.450956 Whiskey: Tango, Quebec and Papa, sending you 2
2024-10-14 23:03:50.452091 Papa: Sierra, Tango, Quebec, Whiskey and India, sending you 3
2024-10-14 23:03:50.454693 India: Tango and Quebec, sending you 2
2024-10-14 23:03:50.456682 Whiskey: India, sending you 1
2024-10-14 23:03:50.458092 Papa: Juliett, sending you 2
2024-10-14 23:03:50.458746 Sierra: Juliett, Tango, Lima, Whiskey, India and Papa, sending you 2
2024-10-14 23:03:50.460014 Lima: Sierra, Quebec and Papa, sending you 2
2024-10-14 23:03:50.460385 India: Papa, sending you 5
2024-10-14 23:03:50.462687 Sierra: Charlie, sending you 1
2024-10-14 23:03:50.464061 Papa: Lima, sending you 1
2024-10-14 23:03:50.464923 Lima: Juliett, Tango and Whiskey, sending you 3
2024-10-14 23:03:50.466052 Sierra: Quebec, sending you 3
chatterbot Tango submitting transactions
chatterbot Sierra submitting transactions
chatterbot Papa submitting transactions
chatterbot Quebec submitting transactions
chatterbot India submitting transactions
chatterbot Juliett submitting transactions
chatterbot Charlie submitting transactions
chatterbot Oscar submitting transactions
chatterbot Whiskey submitting transactions
chatterbot Lima submitting transactions
ChatterBot Sierra round 4
ChatterBot Oscar round 4
ChatterBot Juliett round 4
ChatterBot Tango round 4
ChatterBot Charlie round 4
ChatterBot Quebec round 4
ChatterBot Lima round 4
ChatterBot Whiskey round 4
ChatterBot India round 4
ChatterBot Papa round 4
2024-10-14 23:03:51.449740 Lima: We should add India
2024-10-14 23:03:51.466806 Juliett: Yes
2024-10-14 23:03:51.466964 Sierra: Yes
2024-10-14 23:03:51.467077 Tango: Yes
2024-10-14 23:03:51.467182 Quebec: Yes
2024-10-14 23:03:51.467286 Whiskey: Yes
2024-10-14 23:03:51.467385 Papa: Yes
2024-10-14 23:03:51.582576 Lima: India we want you to join our group
2024-10-14 23:03:51.585673 India: Yes
ChatterBot Lima reevaluating
2024-10-14 23:03:51.604687 Sierra: Juliett, Tango, Lima, Whiskey, India and Papa, sending you 2
2024-10-14 23:03:51.605691 Juliett: Sierra and Papa, sending you 2
2024-10-14 23:03:51.606555 Quebec: Sierra, sending you 3
2024-10-14 23:03:51.607778 Oscar: Same as last round
2024-10-14 23:03:51.608080 Charlie: Sending you 1
2024-10-14 23:03:51.608325 Tango: Sierra, Quebec, Whiskey, India and Papa, sending you 2
2024-10-14 23:03:51.609700 Sierra: Charlie, sending you 1
2024-10-14 23:03:51.610914 Juliett: Tango, Quebec, Lima and Whiskey, sending you 3
2024-10-14 23:03:51.611700 Quebec: Juliett, Tango, Lima, Whiskey, India and Papa, sending you 2
2024-10-14 23:03:51.612683 Tango: Juliett, sending you 4
2024-10-14 23:03:51.614676 Whiskey: Sierra, Tango, Quebec, India and Papa, sending you 2
2024-10-14 23:03:51.615672 Sierra: Quebec, sending you 3
2024-10-14 23:03:51.616689 Juliett: India, sending you 1
2024-10-14 23:03:51.617705 Lima: Sierra, Quebec and Papa, sending you 2
2024-10-14 23:03:51.619122 Tango: Lima, sending you 3
2024-10-14 23:03:51.619785 India: Sierra and Papa, sending you 3
2024-10-14 23:03:51.620268 Whiskey: Juliett and Lima, sending you 3
2024-10-14 23:03:51.621821 Lima: Juliett, Tango and Whiskey, sending you 3
2024-10-14 23:03:51.623687 India: Juliett, Tango, Quebec and Whiskey, sending you 2
2024-10-14 23:03:51.625271 Papa: Sierra and Quebec, sending you 3
2024-10-14 23:03:51.628676 India: Lima, sending you 1
2024-10-14 23:03:51.629924 Papa: Juliett, Tango, Lima and Whiskey, sending you 2
2024-10-14 23:03:51.633669 Papa: India, sending you 4
chatterbot Whiskey submitting transactions
chatterbot Oscar submitting transactions
chatterbot Papa submitting transactions
chatterbot Tango submitting transactions
chatterbot Quebec submitting transactions
chatterbot Lima submitting transactions
chatterbot Sierra submitting transactions
chatterbot India submitting transactions
chatterbot Juliett submitting transactions
chatterbot Charlie submitting transactions
ChatterBot Sierra round 5
ChatterBot Oscar round 5
ChatterBot Juliett round 5
ChatterBot Tango round 5
ChatterBot Charlie round 5
ChatterBot Quebec round 5
ChatterBot Lima round 5
ChatterBot Whiskey round 5
ChatterBot India round 5
ChatterBot Papa round 5
2024-10-14 23:03:52.717472 Lima: We should add India
2024-10-14 23:03:52.733652 Juliett: Yes
2024-10-14 23:03:52.734257 Sierra: Yes
2024-10-14 23:03:52.734373 Tango: Yes
2024-10-14 23:03:52.734475 Quebec: Yes
2024-10-14 23:03:52.734572 Whiskey: Yes
2024-10-14 23:03:52.734683 Papa: Yes
2024-10-14 23:03:52.850610 Lima: India we want you to join our group
2024-10-14 23:03:52.856268 India: Yes
2024-10-14 23:03:52.880232 Oscar: Same as last round
2024-10-14 23:03:52.880982 Sierra: Juliett, Tango, Lima, Whiskey, India and Papa, sending you 2
2024-10-14 23:03:52.881521 Quebec: Sierra, sending you 3
2024-10-14 23:03:52.884670 Sierra: Charlie, sending you 1
2024-10-14 23:03:52.886309 Juliett: Sierra, Quebec, India and Papa, sending you 2
2024-10-14 23:03:52.887245 Tango: Sierra, Quebec, Whiskey, India and Papa, sending you 2
2024-10-14 23:03:52.887969 Quebec: Juliett, Tango, Lima, Whiskey, India and Papa, sending you 2
2024-10-14 23:03:52.889661 Charlie: Same as last round
2024-10-14 23:03:52.890692 Sierra: Quebec, sending you 3
2024-10-14 23:03:52.892164 Juliett: Tango, Lima and Whiskey, sending you 3
2024-10-14 23:03:52.892847 Tango: Juliett, sending you 4
2024-10-14 23:03:52.893460 Whiskey: Sierra, Tango, Quebec, India and Papa, sending you 2
2024-10-14 23:03:52.895679 India: Sierra, Juliett, Tango, Quebec and Whiskey, sending you 2
2024-10-14 23:03:52.897696 Tango: Lima, sending you 3
2024-10-14 23:03:52.898515 Whiskey: Juliett and Lima, sending you 3
2024-10-14 23:03:52.901669 India: Lima, sending you 1
2024-10-14 23:03:52.903670 Papa: Sierra and Quebec, sending you 3
2024-10-14 23:03:52.904717 Lima: Sierra, Juliett, Quebec, Whiskey, India and Papa, sending you 2
2024-10-14 23:03:52.906701 India: Papa, sending you 4
2024-10-14 23:03:52.908386 Papa: Juliett, Tango, Lima and Whiskey, sending you 2
2024-10-14 23:03:52.909676 Lima: Tango, sending you 3
2024-10-14 23:03:52.913802 Papa: India, sending you 4
chatterbot Oscar submitting transactions
chatterbot Tango submitting transactions
chatterbot Quebec submitting transactions
chatterbot India submitting transactions
chatterbot Sierra submitting transactions
chatterbot Papa submitting transactions
chatterbot Charlie submitting transactions
chatterbot Whiskey submitting transactions
chatterbot Lima submitting transactions
chatterbot Juliett submitting transactions
ChatterBot Sierra round 6
ChatterBot Oscar round 6
ChatterBot Juliett round 6
ChatterBot Tango round 6
ChatterBot Charlie round 6
ChatterBot Quebec round 6
ChatterBot Lima round 6
ChatterBot Whiskey round 6
ChatterBot India round 6
ChatterBot Papa round 6
2024-10-14 23:03:54.051986 Charlie: Same as last round
2024-10-14 23:03:54.052696 Lima: Sierra, Juliett, Quebec, Whiskey, India and Papa, sending you 2
2024-10-14 23:03:54.056016 Papa: Sierra and Quebec, sending you 3
2024-10-14 23:03:54.058362 Whiskey: Sierra, Tango, Quebec, India and Papa, sending you 2
2024-10-14 23:03:54.060862 India: Sierra, Juliett, Tango, Quebec, Lima and Whiskey, sending you 2
2024-10-14 23:03:54.063452 Lima: Tango, sending you 3
2024-10-14 23:03:54.065818 Juliett: Sierra, Quebec, Lima, India and Papa, sending you 2
2024-10-14 23:03:54.069862 Quebec: Sierra, sending you 3
2024-10-14 23:03:54.073627 Papa: Juliett, Tango, Lima and Whiskey, sending you 2
2024-10-14 23:03:54.077185 Sierra: Juliett, Tango, Lima, Whiskey, India and Papa, sending you 2
2024-10-14 23:03:54.079347 Tango: Sierra, Quebec, Whiskey, India and Papa, sending you 2
2024-10-14 23:03:54.083066 Whiskey: Juliett and Lima, sending you 3
2024-10-14 23:03:54.086132 Oscar: Same as last round
2024-10-14 23:03:54.087241 India: Papa, sending you 3
2024-10-14 23:03:54.090169 Juliett: Tango, sending you 4
2024-10-14 23:03:54.093517 Quebec: Juliett, Tango, Lima, Whiskey, India and Papa, sending you 2
2024-10-14 23:03:54.095461 Papa: India, sending you 4
2024-10-14 23:03:54.097446 Sierra: Charlie, sending you 1
2024-10-14 23:03:54.099058 Tango: Juliett, sending you 4
2024-10-14 23:03:54.101007 Juliett: Whiskey, sending you 3
2024-10-14 23:03:54.102658 Sierra: Quebec, sending you 3
2024-10-14 23:03:54.119072 Tango: Lima, sending you 3
chatterbot Lima submitting transactions
chatterbot Tango submitting transactions
chatterbot Papa submitting transactions
chatterbot Quebec submitting transactions
chatterbot Juliett submitting transactions
chatterbot India submitting transactions
chatterbot Charlie submitting transactions
chatterbot Oscar submitting transactions
chatterbot Sierra submitting transactions
chatterbot Whiskey submitting transactions
ChatterBot Sierra round 7
ChatterBot Oscar round 7
ChatterBot Juliett round 7
ChatterBot Tango round 7
ChatterBot Charlie round 7
ChatterBot Quebec round 7
ChatterBot Lima round 7
ChatterBot Whiskey round 7
ChatterBot India round 7
ChatterBot Papa round 7
2024-10-14 23:03:55.179680 Tango: Sierra, Quebec, Whiskey, India and Papa, sending you 2
2024-10-14 23:03:55.182886 Whiskey: Sierra, Tango, Quebec, Lima, India and Papa, sending you 2
2024-10-14 23:03:55.186252 Tango: Juliett, sending you 4
2024-10-14 23:03:55.188840 Papa: Sierra and Quebec, sending you 3
2024-10-14 23:03:55.191340 Sierra: Juliett, Tango, Lima, Whiskey, India and Papa, sending you 2
2024-10-14 23:03:55.193313 Whiskey: Juliett, sending you 4
2024-10-14 23:03:55.195588 Quebec: Sierra, sending you 3
2024-10-14 23:03:55.198480 Tango: Lima, sending you 3
2024-10-14 23:03:55.201789 Juliett: Sierra, Quebec, Lima, India and Papa, sending you 2
2024-10-14 23:03:55.204824 Lima: Sierra, Juliett, Quebec, Whiskey, India and Papa, sending you 2
2024-10-14 23:03:55.207487 Papa: Juliett, Tango, Lima and Whiskey, sending you 2
2024-10-14 23:03:55.209700 Oscar: Same as last round
2024-10-14 23:03:55.210268 India: Sierra, Juliett, Tango, Quebec, Lima and Whiskey, sending you 2
2024-10-14 23:03:55.212677 Sierra: Charlie, sending you 1
2024-10-14 23:03:55.214860 Quebec: Juliett, Tango, Lima, Whiskey, India and Papa, sending you 2
2024-10-14 23:03:55.217722 Juliett: Tango, sending you 4
2024-10-14 23:03:55.220279 Lima: Tango, sending you 3
2024-10-14 23:03:55.222921 Papa: India, sending you 4
2024-10-14 23:03:55.225677 India: Papa, sending you 3
2024-10-14 23:03:55.228388 Sierra: Quebec, sending you 3
2024-10-14 23:03:55.230641 Juliett: Whiskey, sending you 3
chatterbot Oscar submitting transactions
chatterbot Quebec submitting transactions
chatterbot Tango submitting transactions
chatterbot Sierra submitting transactions
chatterbot India submitting transactions
chatterbot Lima submitting transactions
chatterbot Charlie submitting transactions
chatterbot Whiskey submitting transactions
chatterbot Papa submitting transactions
chatterbot Juliett submitting transactions
ChatterBot Sierra round 8
ChatterBot Oscar round 8
ChatterBot Juliett round 8
ChatterBot Tango round 8
ChatterBot Charlie round 8
ChatterBot Quebec round 8
ChatterBot Lima round 8
ChatterBot Whiskey round 8
ChatterBot India round 8
ChatterBot Papa round 8
2024-10-14 23:03:56.371697 Oscar: Same as last round
2024-10-14 23:03:56.375701 Juliett: Sierra, Quebec, Lima, India and Papa, sending you 2
2024-10-14 23:03:56.377364 Sierra: Juliett, Tango, Lima, Whiskey, India and Papa, sending you 2
2024-10-14 23:03:56.378743 Tango: Sierra, Quebec, Whiskey, India and Papa, sending you 2
2024-10-14 23:03:56.381717 Juliett: Tango, sending you 4
2024-10-14 23:03:56.384768 Papa: Sierra and Quebec, sending you 3
2024-10-14 23:03:56.386916 Sierra: Charlie, sending you 1
2024-10-14 23:03:56.388606 Tango: Juliett, sending you 4
2024-10-14 23:03:56.390643 Quebec: Sierra, sending you 3
2024-10-14 23:03:56.393276 Juliett: Whiskey, sending you 3
2024-10-14 23:03:56.396009 Whiskey: Sierra, Tango, Quebec, Lima, India and Papa, sending you 2
2024-10-14 23:03:56.398862 India: Sierra, Juliett, Tango, Quebec, Lima and Whiskey, sending you 2
2024-10-14 23:03:56.401608 Charlie: Sending you 1
2024-10-14 23:03:56.402147 Papa: Juliett, Tango, Lima and Whiskey, sending you 2
2024-10-14 23:03:56.404258 Sierra: Quebec, sending you 3
2024-10-14 23:03:56.406399 Tango: Lima, sending you 3
2024-10-14 23:03:56.409571 Quebec: Juliett, Tango, Lima, Whiskey, India and Papa, sending you 2
2024-10-14 23:03:56.411742 Whiskey: Juliett, sending you 4
2024-10-14 23:03:56.414110 India: Papa, sending you 3
2024-10-14 23:03:56.415855 Papa: India, sending you 4
2024-10-14 23:03:56.418336 Lima: Sierra, Juliett, Quebec, Whiskey, India and Papa, sending you 2
2024-10-14 23:03:56.424250 Lima: Tango, sending you 3
chatterbot Juliett submitting transactions
chatterbot Tango submitting transactions
chatterbot Quebec submitting transactions
chatterbot Lima submitting transactions
chatterbot Charlie submitting transactions
chatterbot Papa submitting transactions
chatterbot Whiskey submitting transactions
chatterbot Sierra submitting transactions
chatterbot India submitting transactions
chatterbot Oscar submitting transactions
ChatterBot Sierra round 9
ChatterBot Oscar round 9
ChatterBot Juliett round 9
ChatterBot Tango round 9
ChatterBot Charlie round 9
ChatterBot Quebec round 9
ChatterBot Lima round 9
ChatterBot Whiskey round 9
ChatterBot India round 9
ChatterBot Papa round 9
2024-10-14 23:03:57.385663 Juliett: Sierra, Quebec, Lima, India and Papa, sending you 2
2024-10-14 23:03:57.388139 Sierra: Juliett, Tango, Lima, Whiskey, India and Papa, sending you 2
2024-10-14 23:03:57.389896 Juliett: Tango, sending you 4
2024-10-14 23:03:57.393218 Sierra: Charlie, sending you 1
2024-10-14 23:03:57.394025 India: Sierra, Juliett, Tango, Quebec, Lima and Whiskey, sending you 2
2024-10-14 23:03:57.396153 Quebec: Sierra, sending you 3
2024-10-14 23:03:57.398254 Juliett: Whiskey, sending you 3
2024-10-14 23:03:57.400682 Tango: Sierra, Quebec, Whiskey, India and Papa, sending you 2
2024-10-14 23:03:57.402877 Oscar: Same as last round
2024-10-14 23:03:57.403756 Sierra: Quebec, sending you 3
2024-10-14 23:03:57.405754 India: Papa, sending you 3
2024-10-14 23:03:57.407440 Quebec: Juliett, Tango, Lima, Whiskey, India and Papa, sending you 2
2024-10-14 23:03:57.409554 Charlie: Same as last round
2024-10-14 23:03:57.409861 Tango: Juliett, sending you 4
2024-10-14 23:03:57.412275 Lima: Sierra, Juliett, Quebec, Whiskey, India and Papa, sending you 2
2024-10-14 23:03:57.414840 Whiskey: Sierra, Tango, Quebec, Lima, India and Papa, sending you 2
2024-10-14 23:03:57.416975 Tango: Lima, sending you 3
2024-10-14 23:03:57.419759 Lima: Tango, sending you 3
2024-10-14 23:03:57.421684 Whiskey: Juliett, sending you 4
2024-10-14 23:03:57.424319 Papa: Sierra, Tango, Quebec and India, sending you 3
2024-10-14 23:03:57.430677 Papa: Juliett, Lima and Whiskey, sending you 2
chatterbot India submitting transactions
chatterbot Charlie submitting transactions
chatterbot Lima submitting transactions
chatterbot Sierra submitting transactions
chatterbot Juliett submitting transactions
chatterbot Oscar submitting transactions
chatterbot Quebec submitting transactions
chatterbot Whiskey submitting transactions
chatterbot Papa submitting transactions
chatterbot Tango submitting transactions
ChatterBot Sierra round 10
ChatterBot Oscar round 10
ChatterBot Juliett round 10
ChatterBot Tango round 10
ChatterBot Charlie round 10
ChatterBot Quebec round 10
ChatterBot Lima round 10
ChatterBot Whiskey round 10
ChatterBot India round 10
ChatterBot Papa round 10
2024-10-14 23:03:58.533397 Sierra: We should drop Charlie
2024-10-14 23:03:58.554004 India: Yes
2024-10-14 23:03:58.554295 Papa: Yes
2024-10-14 23:03:58.554425 Juliett: Yes
2024-10-14 23:03:58.554549 Tango: Yes
2024-10-14 23:03:58.554675 Quebec: Yes
2024-10-14 23:03:58.554805 Lima: Yes
2024-10-14 23:03:58.554915 Whiskey: Yes
2024-10-14 23:03:58.678668 Oscar: Same as last round
2024-10-14 23:03:58.686728 Sierra: Juliett, Tango, Lima, Whiskey, India and Papa, sending you 2
2024-10-14 23:03:58.688731 Papa: Sierra, Juliett, Tango, Quebec and India, sending you 3
2024-10-14 23:03:58.690127 Whiskey: Sierra, Tango, Quebec, Lima, India and Papa, sending you 2
2024-10-14 23:03:58.691852 Quebec: Sierra, sending you 3
2024-10-14 23:03:58.693353 India: Sierra, Juliett, Tango, Quebec, Lima and Whiskey, sending you 2
2024-10-14 23:03:58.694402 Sierra: Quebec, sending you 4
2024-10-14 23:03:58.695913 Papa: Lima, sending you 1
2024-10-14 23:03:58.696971 Juliett: Sierra, Quebec, Lima, India and Papa, sending you 2
2024-10-14 23:03:58.698626 Whiskey: Juliett, sending you 4
2024-10-14 23:03:58.699598 India: Papa, sending you 3
2024-10-14 23:03:58.701137 Quebec: Juliett, Tango, Lima, Whiskey, India and Papa, sending you 2
2024-10-14 23:03:58.702182 Lima: Sierra, Juliett, Quebec, Whiskey, India and Papa, sending you 2
2024-10-14 23:03:58.703680 Papa: Whiskey, sending you 2
2024-10-14 23:03:58.704829 Juliett: Tango, sending you 4
2024-10-14 23:03:58.706447 Tango: Sierra, Quebec, Whiskey, India and Papa, sending you 2
2024-10-14 23:03:58.708694 Lima: Tango, sending you 3
2024-10-14 23:03:58.710259 Juliett: Whiskey, sending you 3
2024-10-14 23:03:58.713137 Tango: Juliett, sending you 4
2024-10-14 23:03:58.719683 Tango: Lima, sending you 3
chatterbot Quebec submitting transactions
chatterbot Tango submitting transactions
chatterbot Oscar submitting transactions
chatterbot Sierra submitting transactions
chatterbot Whiskey submitting transactions
chatterbot India submitting transactions
chatterbot Lima submitting transactions
chatterbot Papa submitting transactions
chatterbot Charlie submitting transactions
chatterbot Juliett submitting transactions
ChatterBot Sierra round 11
ChatterBot Oscar round 11
ChatterBot Juliett round 11
ChatterBot Tango round 11
ChatterBot Charlie round 11
ChatterBot Quebec round 11
ChatterBot Lima round 11
ChatterBot Whiskey round 11
ChatterBot India round 11
ChatterBot Papa round 11
2024-10-14 23:03:59.890692 Lima: Sierra, Juliett, Quebec, Whiskey, India and Papa, sending you 2
2024-10-14 23:03:59.895148 Quebec: Sierra, sending you 3
2024-10-14 23:03:59.898154 Tango: Sierra, Quebec, Whiskey, India and Papa, sending you 2
2024-10-14 23:03:59.900356 Papa: Sierra, Juliett, Tango, Quebec and India, sending you 3
2024-10-14 23:03:59.902352 Whiskey: Sierra, Tango, Quebec, Lima, India and Papa, sending you 2
2024-10-14 23:03:59.904354 Oscar: Same as last round
2024-10-14 23:03:59.904698 Lima: Tango, sending you 3
2024-10-14 23:03:59.907 Charlie: Sending you 1
2024-10-14 23:03:59.907413 Quebec: Juliett, Tango, Lima, Whiskey, India and Papa, sending you 2
2024-10-14 23:03:59.909928 Sierra: Juliett, Tango, Lima, Whiskey, India and Papa, sending you 2
2024-10-14 23:03:59.911683 Juliett: Sierra, Quebec, Lima, India and Papa, sending you 2
2024-10-14 23:03:59.913787 Tango: Juliett, sending you 4
2024-10-14 23:03:59.916203 Papa: Lima, sending you 2
2024-10-14 23:03:59.918630 Whiskey: Juliett, sending you 4
2024-10-14 23:03:59.921033 India: Sierra, Juliett, Tango, Quebec, Lima and Whiskey, sending you 2
2024-10-14 23:03:59.924401 Sierra: Quebec, sending you 4
2024-10-14 23:03:59.926263 Juliett: Tango, sending you 4
2024-10-14 23:03:59.929286 Tango: Lima, sending you 3
2024-10-14 23:03:59.931610 Papa: Whiskey, sending you 1
2024-10-14 23:03:59.933581 India: Papa, sending you 3
2024-10-14 23:03:59.936 Juliett: Whiskey, sending you 3
chatterbot Sierra submitting transactions
chatterbot Oscar submitting transactions
chatterbot Lima submitting transactions
chatterbot India submitting transactions
chatterbot Whiskey submitting transactions
chatterbot Juliett submitting transactions
chatterbot Charlie submitting transactions
chatterbot Quebec submitting transactions
chatterbot Tango submitting transactions
chatterbot Papa submitting transactions
ChatterBot Sierra round 12
ChatterBot Oscar round 12
ChatterBot Juliett round 12
ChatterBot Tango round 12
ChatterBot Charlie round 12
ChatterBot Quebec round 12
ChatterBot Lima round 12
ChatterBot Whiskey round 12
ChatterBot India round 12
ChatterBot Papa round 12
2024-10-14 23:04:01.179182 Oscar: Same as last round
2024-10-14 23:04:01.180669 Charlie: Same as last round
2024-10-14 23:04:01.185677 Lima: Sierra, Juliett, Quebec, Whiskey, India and Papa, sending you 2
2024-10-14 23:04:01.187248 Papa: Sierra, Juliett, Tango, Quebec and India, sending you 3
2024-10-14 23:04:01.189218 Tango: Sierra, Quebec, Whiskey, India and Papa, sending you 2
2024-10-14 23:04:01.190661 Juliett: Sierra, Quebec, Lima, India and Papa, sending you 2
2024-10-14 23:04:01.191925 Lima: Tango, sending you 3
2024-10-14 23:04:01.193706 Papa: Lima, sending you 2
2024-10-14 23:04:01.194724 India: Sierra, Juliett, Tango, Quebec, Lima and Whiskey, sending you 2
2024-10-14 23:04:01.195830 Tango: Juliett, sending you 4
2024-10-14 23:04:01.197438 Quebec: Sierra, sending you 3
2024-10-14 23:04:01.198499 Juliett: Tango, sending you 4
2024-10-14 23:04:01.200109 Whiskey: Sierra, Tango, Quebec, Lima, India and Papa, sending you 2
2024-10-14 23:04:01.201251 Sierra: Juliett, Tango, Lima, Whiskey, India and Papa, sending you 2
2024-10-14 23:04:01.202744 Papa: Whiskey, sending you 1
2024-10-14 23:04:01.203811 Tango: Lima, sending you 3
2024-10-14 23:04:01.205188 India: Papa, sending you 3
2024-10-14 23:04:01.206255 Quebec: Juliett, Tango, Lima, Whiskey, India and Papa, sending you 2
2024-10-14 23:04:01.207809 Juliett: Whiskey, sending you 3
2024-10-14 23:04:01.208868 Whiskey: Juliett, sending you 4
2024-10-14 23:04:01.210266 Sierra: Quebec, sending you 4
chatterbot Tango submitting transactions
chatterbot Papa submitting transactions
chatterbot Whiskey submitting transactions
chatterbot Oscar submitting transactions
chatterbot Charlie submitting transactions
chatterbot Juliett submitting transactions
chatterbot Sierra submitting transactions
chatterbot Quebec submitting transactions
chatterbot Lima submitting transactions
chatterbot India submitting transactions
ChatterBot Sierra round 13
ChatterBot Oscar round 13
ChatterBot Juliett round 13
ChatterBot Tango round 13
ChatterBot Charlie round 13
ChatterBot Quebec round 13
ChatterBot Lima round 13
ChatterBot Whiskey round 13
ChatterBot India round 13
ChatterBot Papa round 13
2024-10-14 23:04:02.434670 Oscar: Same as last round
