ChatterBot Mike round 1
ChatterBot Juliett round 1
ChatterBot Golf round 1
ChatterBot Sierra round 1
ChatterBot Tango round 1
ChatterBot Romeo round 1
ChatterBot X-ray round 1
ChatterBot Papa round 1
ChatterBot Victor round 1
ChatterBot November round 1
randomSelections Mike: {Mike, Tango, Sierra, Victor, November, Golf} 
2024-10-14 23:03:44.444624 Mike: We would work well together
ChatterBot Tango reevaluating
ChatterBot Sierra reevaluating
ChatterBot Victor reevaluating
ChatterBot November reevaluating
ChatterBot Golf reevaluating
2024-10-14 23:03:44.458947 Tango: Yes
2024-10-14 23:03:44.459087 Sierra: Yes
2024-10-14 23:03:44.459192 Victor: Yes
2024-10-14 23:03:44.459296 November: Yes
2024-10-14 23:03:44.459423 Golf: Yes
ChatterBot Sierra reevaluating
ChatterBot Victor reevaluating
ChatterBot November reevaluating
ChatterBot Golf reevaluating
ChatterBot Tango reevaluating
ChatterBot Victor reevaluating
ChatterBot November reevaluating
ChatterBot Golf reevaluating
ChatterBot Tango reevaluating
ChatterBot Sierra reevaluating
ChatterBot November reevaluating
ChatterBot Golf reevaluating
ChatterBot Tango reevaluating
ChatterBot Sierra reevaluating
ChatterBot Victor reevaluating
ChatterBot Golf reevaluating
ChatterBot Tango reevaluating
ChatterBot Sierra reevaluating
ChatterBot Victor reevaluating
ChatterBot November reevaluating
randomSelections Romeo: {Romeo, X-ray, Victor, Juliett, Papa, Golf} 
2024-10-14 23:03:44.512901 Romeo: Group up?
ChatterBot X-ray reevaluating
ChatterBot Victor reevaluating
ChatterBot Juliett reevaluating
ChatterBot Papa reevaluating
ChatterBot Golf reevaluating
2024-10-14 23:03:44.521553 X-ray: Yes
2024-10-14 23:03:44.521696 Victor: No
2024-10-14 23:03:44.521839 Juliett: Yes
2024-10-14 23:03:44.521938 Papa: Yes
2024-10-14 23:03:44.522073 Golf: No
ChatterBot Victor reevaluating
ChatterBot Juliett reevaluating
ChatterBot Papa reevaluating
ChatterBot Golf reevaluating
ChatterBot X-ray reevaluating
ChatterBot Juliett reevaluating
ChatterBot Papa reevaluating
ChatterBot Golf reevaluating
ChatterBot X-ray reevaluating
ChatterBot Victor reevaluating
ChatterBot Papa reevaluating
ChatterBot Golf reevaluating
ChatterBot X-ray reevaluating
ChatterBot Victor reevaluating
ChatterBot Juliett reevaluating
ChatterBot Golf reevaluating
ChatterBot X-ray reevaluating
ChatterBot Victor reevaluating
ChatterBot Juliett reevaluating
ChatterBot Papa reevaluating
2024-10-14 23:03:44.569716 Romeo: Juliett and Victor, sending you 1
2024-10-14 23:03:44.571677 Victor: Golf, Sierra and Tango, sending you 1
2024-10-14 23:03:44.572677 Romeo: Golf, X-ray and Papa, sending you 2
2024-10-14 23:03:44.574681 X-ray: Juliett, Golf and Romeo, sending you 3
2024-10-14 23:03:44.575855 Victor: November, sending you 2
2024-10-14 23:03:44.576700 Sierra: Mike, sending you 2
2024-10-14 23:03:44.577673 X-ray: Papa, sending you 4
2024-10-14 23:03:44.579670 Papa: Juliett and Victor, sending you 2
2024-10-14 23:03:44.581678 Golf: Mike and Tango, sending you 4
2024-10-14 23:03:44.581993 Tango: Mike, sending you 2
2024-10-14 23:03:44.582219 Sierra: Golf, sending you 3
2024-10-14 23:03:44.582448 X-ray: Victor, sending you 2
2024-10-14 23:03:44.582736 Mike: Golf and November, sending you 5
2024-10-14 23:03:44.583711 Papa: Golf, sending you 1
2024-10-14 23:03:44.584674 Juliett: Golf, sending you 2
2024-10-14 23:03:44.585045 Tango: Golf, sending you 1
2024-10-14 23:03:44.586665 Golf: Sierra, sending you 5
2024-10-14 23:03:44.586999 Sierra: Tango, sending you 1
2024-10-14 23:03:44.587226 Papa: Romeo and X-ray, sending you 3
2024-10-14 23:03:44.587674 November: Mike and Tango, sending you 5
2024-10-14 23:03:44.588139 Tango: Sierra, sending you 5
2024-10-14 23:03:44.589104 Mike: Sierra and Tango, sending you 3
2024-10-14 23:03:44.589675 Juliett: Romeo, sending you 4
2024-10-14 23:03:44.590670 Sierra: Victor, sending you 5
2024-10-14 23:03:44.590990 November: Golf and Victor, sending you 2
2024-10-14 23:03:44.591258 Tango: Victor, sending you 3
2024-10-14 23:03:44.591696 Golf: Victor and November, sending you 2
2024-10-14 23:03:44.593139 Juliett: X-ray and Victor, sending you 3
2024-10-14 23:03:44.593691 Sierra: November, sending you 4
2024-10-14 23:03:44.594665 November: Sierra, sending you 3
2024-10-14 23:03:44.594983 Tango: November, sending you 6
chatterbot Sierra submitting transactions
chatterbot November submitting transactions
chatterbot Victor submitting transactions
chatterbot Tango submitting transactions
chatterbot Romeo submitting transactions
chatterbot Golf submitting transactions
chatterbot Papa submitting transactions
chatterbot Mike submitting transactions
chatterbot Juliett submitting transactions
chatterbot X-ray submitting transactions
ChatterBot Mike round 2
ChatterBot Juliett round 2
ChatterBot Golf round 2
ChatterBot Sierra round 2
ChatterBot Tango round 2
ChatterBot Romeo round 2
ChatterBot X-ray round 2
2024-10-14 23:03:47.950550 Golf: We should add X-ray
ChatterBot Mike reevaluating
ChatterBot Tango reevaluating
ChatterBot Sierra reevaluating
ChatterBot Victor reevaluating
ChatterBot November reevaluating
2024-10-14 23:03:47.996682 Mike: Yes
2024-10-14 23:03:47.997077 Tango: Yes
2024-10-14 23:03:47.997359 Sierra: Yes
2024-10-14 23:03:47.998206 Victor: Yes
2024-10-14 23:03:47.998377 November: Yes
ChatterBot Tango reevaluating
ChatterBot Sierra reevaluating
ChatterBot Victor reevaluating
ChatterBot November reevaluating
ChatterBot Mike reevaluating
ChatterBot Sierra reevaluating
ChatterBot Victor reevaluating
ChatterBot November reevaluating
ChatterBot Mike reevaluating
ChatterBot Tango reevaluating
ChatterBot Victor reevaluating
ChatterBot November reevaluating
ChatterBot Mike reevaluating
ChatterBot Tango reevaluating
ChatterBot Sierra reevaluating
ChatterBot November reevaluating
ChatterBot Mike reevaluating
ChatterBot Tango reevaluating
ChatterBot Sierra reevaluating
ChatterBot Victor reevaluating
ChatterBot Papa round 2
ChatterBot Victor round 2
ChatterBot November round 2
2024-10-14 23:03:48.210317 Golf: X-ray we want you to join our group
2024-10-14 23:03:48.213189 X-ray: No
ChatterBot Mike reevaluating
ChatterBot Sierra reevaluating
ChatterBot Tango reevaluating
ChatterBot Victor reevaluating
ChatterBot November reevaluating
2024-10-14 23:03:48.239676 Juliett: We should drop Victor and Golf
ChatterBot Papa reevaluating
2024-10-14 23:03:48.248426 Romeo: Yes
2024-10-14 23:03:48.248633 X-ray: No
2024-10-14 23:03:48.248748 Papa: No
ChatterBot X-ray reevaluating
ChatterBot Papa reevaluating
ChatterBot Papa reevaluating
ChatterBot X-ray reevaluating
2024-10-14 23:03:48.280386 Sierra: We should drop Victor
2024-10-14 23:03:48.291645 Mike: No
2024-10-14 23:03:48.291814 Golf: No
2024-10-14 23:03:48.291919 Tango: No
2024-10-14 23:03:48.292045 November: No
2024-10-14 23:03:48.402203 Mike: Golf, sending you 5
2024-10-14 23:03:48.403075 Golf: Mike, sending you 5
2024-10-14 23:03:48.403414 Tango: Mike and Golf, sending you 4
2024-10-14 23:03:48.460092 Mike: Sierra and Tango, sending you 3
2024-10-14 23:03:48.461165 Tango: Sierra and Victor, sending you 2
2024-10-14 23:03:48.461651 Sierra: Mike and November, sending you 3
2024-10-14 23:03:48.461997 Victor: Mike, sending you 1
2024-10-14 23:03:48.462941 Juliett: Romeo, sending you 4
2024-10-14 23:03:48.463325 X-ray: Juliett and Papa, sending you 4
2024-10-14 23:03:48.464170 Golf: Sierra and X-ray, sending you 4
2024-10-14 23:03:48.464504 Romeo: Juliett, sending you 6
2024-10-14 23:03:48.464787 Papa: Juliett, sending you 3
2024-10-14 23:03:48.465525 November: Mike and Sierra, sending you 4
2024-10-14 23:03:48.466072 Mike: November, sending you 6
2024-10-14 23:03:48.466559 Sierra: Golf, sending you 5
2024-10-14 23:03:48.467298 Tango: November, sending you 5
2024-10-14 23:03:48.467687 Victor: Golf and November, sending you 3
2024-10-14 23:03:48.468590 Juliett: X-ray, sending you 6
2024-10-14 23:03:48.468887 X-ray: Romeo, sending you 3
2024-10-14 23:03:48.469219 Golf: Tango, sending you 2
2024-10-14 23:03:48.470203 Papa: Romeo, sending you 5
2024-10-14 23:03:48.470473 November: Golf and Victor, sending you 2
2024-10-14 23:03:48.471383 Romeo: X-ray, sending you 5
2024-10-14 23:03:48.471700 Sierra: Tango, sending you 4
2024-10-14 23:03:48.472020 Victor: Sierra, sending you 6
2024-10-14 23:03:48.504309 Juliett: Papa, sending you 5
2024-10-14 23:03:48.504604 November: Tango, sending you 5
2024-10-14 23:03:48.504967 Golf: Victor, sending you 1
2024-10-14 23:03:48.505700 Papa: X-ray, sending you 7
2024-10-14 23:03:48.506038 Victor: Tango, sending you 4
2024-10-14 23:03:48.506446 Romeo: Papa, sending you 4
chatterbot Juliett submitting transactions
2024-10-14 23:03:48.546458 Golf: November, sending you 3
2024-10-14 23:03:48.547341 Papa: November, sending you 2
chatterbot Romeo submitting transactions
chatterbot X-ray submitting transactions
chatterbot Mike submitting transactions
chatterbot Sierra submitting transactions
chatterbot Golf submitting transactions
chatterbot Tango submitting transactions
chatterbot Papa submitting transactions
chatterbot November submitting transactions
chatterbot Victor submitting transactions
ChatterBot Mike round 3
ChatterBot Juliett round 3
ChatterBot Golf round 3
ChatterBot Sierra round 3
ChatterBot Tango round 3
ChatterBot Romeo round 3
ChatterBot X-ray round 3
ChatterBot Papa round 3
2024-10-14 23:03:49.194228 Sierra: We should add Victor
2024-10-14 23:03:49.212727 Mike: Yes
2024-10-14 23:03:49.212976 Golf: Yes
2024-10-14 23:03:49.213142 Tango: Yes
2024-10-14 23:03:49.213318 November: Yes
ChatterBot Victor round 3
ChatterBot November round 3
2024-10-14 23:03:49.288548 X-ray: We should add Sierra
ChatterBot Papa reevaluating
2024-10-14 23:03:49.300255 Juliett: No
2024-10-14 23:03:49.300442 Romeo: No
2024-10-14 23:03:49.300621 Papa: Yes
ChatterBot X-ray reevaluating
ChatterBot Papa reevaluating
ChatterBot X-ray reevaluating
ChatterBot Papa reevaluating
ChatterBot X-ray reevaluating
2024-10-14 23:03:49.343511 Golf: We should drop X-ray
ChatterBot November reevaluating
2024-10-14 23:03:49.363361 Mike: Yes
2024-10-14 23:03:49.363546 Tango: Yes
2024-10-14 23:03:49.363703 Sierra: Yes
2024-10-14 23:03:49.363870 Victor: Yes
2024-10-14 23:03:49.364027 November: Yes
ChatterBot November reevaluating
ChatterBot November reevaluating
ChatterBot November reevaluating
ChatterBot November reevaluating
2024-10-14 23:03:49.456422 Sierra: Victor we want you to join our group
2024-10-14 23:03:49.459527 Victor: Yes
ChatterBot November reevaluating
2024-10-14 23:03:49.471491 November: We should add Papa
2024-10-14 23:03:49.489886 Mike: No
2024-10-14 23:03:49.490170 Tango: No
2024-10-14 23:03:49.490428 Sierra: No
2024-10-14 23:03:49.490661 Victor: No
2024-10-14 23:03:49.490855 Golf: No
ChatterBot November reevaluating
ChatterBot November reevaluating
ChatterBot November reevaluating
ChatterBot November reevaluating
ChatterBot November reevaluating
2024-10-14 23:03:49.720133 X-ray: We should add Golf
ChatterBot Papa reevaluating
2024-10-14 23:03:49.734656 Juliett: No
2024-10-14 23:03:49.735037 Romeo: No
2024-10-14 23:03:49.735353 Papa: No
ChatterBot X-ray reevaluating
ChatterBot Papa reevaluating
ChatterBot X-ray reevaluating
ChatterBot Papa reevaluating
ChatterBot X-ray reevaluating
2024-10-14 23:03:49.773924 Papa: We should replace November with Mike
ChatterBot X-ray reevaluating
2024-10-14 23:03:49.786436 Juliett: No
2024-10-14 23:03:49.786704 Romeo: No
2024-10-14 23:03:49.786892 X-ray: Yes
ChatterBot X-ray reevaluating
ChatterBot Papa reevaluating
ChatterBot X-ray reevaluating
ChatterBot Papa reevaluating
ChatterBot Papa reevaluating
2024-10-14 23:03:49.832832 Papa: We should replace November with Tango
ChatterBot Romeo reevaluating
ChatterBot X-ray reevaluating
2024-10-14 23:03:49.855484 Juliett: No
2024-10-14 23:03:49.856080 Romeo: No
2024-10-14 23:03:49.857567 X-ray: No
ChatterBot Romeo reevaluating
ChatterBot X-ray reevaluating
ChatterBot Papa reevaluating
ChatterBot X-ray reevaluating
ChatterBot Papa reevaluating
ChatterBot Romeo reevaluating
ChatterBot Papa reevaluating
2024-10-14 23:03:49.911923 November: We should add Juliett
ChatterBot Tango reevaluating
2024-10-14 23:03:49.944394 Mike: No
2024-10-14 23:03:49.945110 Tango: Yes
2024-10-14 23:03:49.946310 Sierra: No
2024-10-14 23:03:49.946727 Victor: No
2024-10-14 23:03:49.947161 Golf: No
ChatterBot Tango reevaluating
ChatterBot November reevaluating
ChatterBot November reevaluating
ChatterBot Tango reevaluating
ChatterBot November reevaluating
ChatterBot Tango reevaluating
ChatterBot November reevaluating
ChatterBot Tango reevaluating
ChatterBot November reevaluating
2024-10-14 23:03:50.047257 Juliett: Sending you each 5
2024-10-14 23:03:50.063419 Mike: Golf and November, sending you 5
2024-10-14 23:03:50.064151 Sierra: Sending you each 3
2024-10-14 23:03:50.065333 Golf: Mike and Sierra, sending you 5
2024-10-14 23:03:50.066033 Papa: Tango we want you to join our group
ChatterBot Tango reevaluating
2024-10-14 23:03:50.072187 Tango: No
2024-10-14 23:03:50.091358 Tango: We should add Romeo
ChatterBot November reevaluating
2024-10-14 23:03:50.115164 Mike: No
2024-10-14 23:03:50.115385 Sierra: No
2024-10-14 23:03:50.115593 Victor: No
2024-10-14 23:03:50.115784 November: Yes
2024-10-14 23:03:50.116675 Golf: No
ChatterBot Tango reevaluating
ChatterBot November reevaluating
ChatterBot Tango reevaluating
ChatterBot November reevaluating
ChatterBot Tango reevaluating
ChatterBot November reevaluating
ChatterBot Tango reevaluating
ChatterBot Tango reevaluating
ChatterBot November reevaluating
2024-10-14 23:03:50.195136 Mike: Sierra and Tango, sending you 3
2024-10-14 23:03:50.195607 Romeo: Juliett, sending you 5
2024-10-14 23:03:50.196452 Golf: Tango, Victor and November, sending you 3
2024-10-14 23:03:50.263506 X-ray: Mike, sending you 3
2024-10-14 23:03:50.263919 Mike: Victor, sending you 1
2024-10-14 23:03:50.264860 Romeo: X-ray, sending you 4
2024-10-14 23:03:50.265195 Victor: Mike, sending you 1
chatterbot Juliett submitting transactions
2024-10-14 23:03:50.279549 Romeo: Papa, sending you 6
2024-10-14 23:03:50.280313 X-ray: Juliett, Romeo and Papa, sending you 4
2024-10-14 23:03:50.280629 Victor: Golf, sending you 3
2024-10-14 23:03:50.281101 Papa: Juliett, sending you 4
2024-10-14 23:03:50.290921 Tango: Mike, Golf, Sierra and Victor, sending you 3
2024-10-14 23:03:50.291445 Papa: Tango, sending you 3
2024-10-14 23:03:50.291845 Victor: Sierra, Tango and November, sending you 4
2024-10-14 23:03:50.292908 November: Mike, sending you 3
2024-10-14 23:03:50.357573 Tango: November, sending you 5
2024-10-14 23:03:50.358912 Papa: Romeo and X-ray, sending you 5
2024-10-14 23:03:50.359364 November: Golf, Sierra and Victor, sending you 1
chatterbot X-ray submitting transactions
2024-10-14 23:03:50.364658 November: Tango, sending you 2
chatterbot Romeo submitting transactions
chatterbot Mike submitting transactions
chatterbot November submitting transactions
chatterbot Sierra submitting transactions
chatterbot Tango submitting transactions
chatterbot Golf submitting transactions
chatterbot Victor submitting transactions
chatterbot Papa submitting transactions
ChatterBot Mike round 4
ChatterBot Juliett round 4
ChatterBot Golf round 4
ChatterBot Sierra round 4
ChatterBot Tango round 4
ChatterBot Romeo round 4
ChatterBot X-ray round 4
ChatterBot Papa round 4
ChatterBot Victor round 4
ChatterBot November round 4
2024-10-14 23:03:50.926683 Juliett: Same as last round
2024-10-14 23:03:50.927676 Sierra: Mike, Tango and Victor, sending you 3
2024-10-14 23:03:50.932682 Sierra: Golf, sending you 4
2024-10-14 23:03:50.935668 Mike: Golf, sending you 6
2024-10-14 23:03:50.936672 Tango: Mike, Golf, Sierra and Victor, sending you 3
2024-10-14 23:03:50.937793 Victor: Mike, sending you 1
2024-10-14 23:03:50.938420 Sierra: November, sending you 2
2024-10-14 23:03:50.939116 Golf: Mike, sending you 6
2024-10-14 23:03:50.940007 Mike: Sierra and Tango, sending you 3
2024-10-14 23:03:50.940860 Romeo: Sending you each 5
2024-10-14 23:03:50.941302 Tango: November, sending you 5
2024-10-14 23:03:50.942091 Papa: Juliett, Romeo and X-ray, sending you 5
2024-10-14 23:03:50.942859 Victor: Golf, Sierra and Tango, sending you 4
2024-10-14 23:03:50.943689 X-ray: Juliett, Romeo and Papa, sending you 4
2024-10-14 23:03:50.944087 Golf: Sierra, sending you 4
2024-10-14 23:03:50.945675 Mike: Victor, sending you 1
2024-10-14 23:03:50.946294 Victor: November, sending you 3
2024-10-14 23:03:50.947431 Papa: Tango, sending you 2
2024-10-14 23:03:50.948685 X-ray: Tango, sending you 3
2024-10-14 23:03:50.949026 X-ray: I was attacked by Victor
ChatterBot Papa reevaluating
ChatterBot Juliett reevaluating
ChatterBot Romeo reevaluating
ChatterBot Tango reevaluating
2024-10-14 23:03:50.967668 X-ray: Ow
2024-10-14 23:03:50.969207 Golf: Tango, Victor and November, sending you 3
2024-10-14 23:03:50.969995 Mike: November, sending you 4
2024-10-14 23:03:50.974694 November: Mike and Tango, sending you 4
2024-10-14 23:03:50.977689 November: Golf, sending you 2
2024-10-14 23:03:50.981674 November: Sierra and Victor, sending you 3
chatterbot X-ray submitting transactions
chatterbot Tango submitting transactions
chatterbot Papa submitting transactions
chatterbot Victor submitting transactions
chatterbot Juliett submitting transactions
chatterbot Romeo submitting transactions
chatterbot Golf submitting transactions
chatterbot Mike submitting transactions
chatterbot Sierra submitting transactions
chatterbot November submitting transactions
ChatterBot Mike round 5
ChatterBot Juliett round 5
ChatterBot Golf round 5
ChatterBot Sierra round 5
ChatterBot Tango round 5
ChatterBot Romeo round 5
ChatterBot X-ray round 5
ChatterBot Papa round 5
ChatterBot Victor round 5
ChatterBot November round 5
2024-10-14 23:03:52.201382 Papa: We should replace Tango with Mike
ChatterBot X-ray reevaluating
2024-10-14 23:03:52.211310 Juliett: No
2024-10-14 23:03:52.211647 Romeo: No
2024-10-14 23:03:52.211893 X-ray: Yes
ChatterBot X-ray reevaluating
ChatterBot X-ray reevaluating
ChatterBot Papa reevaluating
2024-10-14 23:03:52.247715 Mike: Golf, sending you 6
2024-10-14 23:03:52.249585 Juliett: Same as last round
2024-10-14 23:03:52.250287 Golf: Mike, sending you 6
2024-10-14 23:03:52.253884 Mike: Sierra and Tango, sending you 3
2024-10-14 23:03:52.255679 Golf: Sierra, sending you 4
2024-10-14 23:03:52.257887 Sierra: Sending you each 3
2024-10-14 23:03:52.259169 Mike: Victor, sending you 1
2024-10-14 23:03:52.263674 Golf: Tango, Victor and November, sending you 3
2024-10-14 23:03:52.264795 Mike: November, sending you 4
2024-10-14 23:03:52.265648 X-ray: Papa, sending you 1
2024-10-14 23:03:52.267329 Tango: Mike, Golf, Sierra and Victor, sending you 3
2024-10-14 23:03:52.268699 Papa: Juliett, Romeo and X-ray, sending you 5
2024-10-14 23:03:52.271470 Romeo: Same as last round
2024-10-14 23:03:52.272861 Tango: November, sending you 5
2024-10-14 23:03:52.274852 Victor: Mike, sending you 1
2024-10-14 23:03:52.276160 Papa: Tango, sending you 2
2024-10-14 23:03:52.277553 November: Mike and Tango, sending you 4
2024-10-14 23:03:52.279685 Victor: Golf and November, sending you 3
2024-10-14 23:03:52.281662 November: Golf, Sierra and Victor, sending you 3
2024-10-14 23:03:52.284666 Victor: Sierra and Tango, sending you 4
chatterbot Victor submitting transactions
chatterbot Juliett submitting transactions
chatterbot Sierra submitting transactions
chatterbot Papa submitting transactions
chatterbot Mike submitting transactions
chatterbot X-ray submitting transactions
chatterbot Tango submitting transactions
chatterbot Golf submitting transactions
chatterbot November submitting transactions
chatterbot Romeo submitting transactions
ChatterBot Mike round 6
ChatterBot Juliett round 6
ChatterBot Golf round 6
ChatterBot Sierra round 6
ChatterBot Tango round 6
ChatterBot Romeo round 6
ChatterBot X-ray round 6
ChatterBot Papa round 6
ChatterBot Victor round 6
ChatterBot November round 6
2024-10-14 23:03:53.497152 Papa: We should replace Tango with Victor
2024-10-14 23:03:53.506446 Juliett: No
2024-10-14 23:03:53.506622 Romeo: No
2024-10-14 23:03:53.506782 X-ray: No
ChatterBot Romeo reevaluating
ChatterBot Papa reevaluating
ChatterBot Papa reevaluating
ChatterBot Romeo reevaluating
ChatterBot Papa reevaluating
2024-10-14 23:03:53.540753 Papa: We should replace Tango with Mike
ChatterBot Romeo reevaluating
2024-10-14 23:03:53.548192 Juliett: No
2024-10-14 23:03:53.548327 Romeo: No
2024-10-14 23:03:53.548444 X-ray: Yes
ChatterBot Romeo reevaluating
ChatterBot Papa reevaluating
ChatterBot Papa reevaluating
ChatterBot Romeo reevaluating
ChatterBot Papa reevaluating
2024-10-14 23:03:53.567282 Mike: Golf, sending you 6
2024-10-14 23:03:53.570676 Sierra: Same as last round
2024-10-14 23:03:53.571683 Juliett: Romeo, sending you 6
2024-10-14 23:03:53.572081 Tango: Mike, Golf, Sierra and Victor, sending you 3
2024-10-14 23:03:53.572840 X-ray: Juliett and Papa, sending you 1
2024-10-14 23:03:53.573188 X-ray: I was attacked by Victor
ChatterBot Juliett reevaluating
ChatterBot Romeo reevaluating
ChatterBot Papa reevaluating
ChatterBot Mike reevaluating
2024-10-14 23:03:53.583390 X-ray: Ow
2024-10-14 23:03:53.584500 Golf: Sending you each 1
2024-10-14 23:03:53.585007 Golf: I was attacked by X-ray
ChatterBot Mike reevaluating
2024-10-14 23:03:53.595057 Golf: Ow
2024-10-14 23:03:53.595492 Tango: November, sending you 5
2024-10-14 23:03:53.598664 Victor: Golf, Sierra, Tango and November, sending you 1
2024-10-14 23:03:53.600674 November: Mike and Tango, sending you 4
2024-10-14 23:03:53.605084 November: Golf, Sierra and Victor, sending you 3
2024-10-14 23:03:53.613661 Romeo: Juliett and Papa, sending you 6
2024-10-14 23:03:53.617655 Romeo: X-ray, sending you 3
2024-10-14 23:03:53.618102 Papa: Juliett and Romeo, sending you 5
2024-10-14 23:03:53.621661 Papa: Sierra, sending you 3
2024-10-14 23:03:53.624673 Papa: X-ray, sending you 4
chatterbot X-ray submitting transactions
chatterbot Romeo submitting transactions
chatterbot Mike submitting transactions
chatterbot Papa submitting transactions
chatterbot Golf submitting transactions
chatterbot November submitting transactions
chatterbot Juliett submitting transactions
chatterbot Tango submitting transactions
chatterbot Sierra submitting transactions
chatterbot Victor submitting transactions
ChatterBot Mike round 7
ChatterBot Juliett round 7
ChatterBot Golf round 7
ChatterBot Sierra round 7
ChatterBot Tango round 7
ChatterBot Romeo round 7
ChatterBot X-ray round 7
ChatterBot Papa round 7
ChatterBot Victor round 7
ChatterBot November round 7
2024-10-14 23:03:54.775859 Papa: We should replace Sierra with Mike
ChatterBot Juliett reevaluating
2024-10-14 23:03:54.784150 Juliett: No
2024-10-14 23:03:54.784332 Romeo: No
2024-10-14 23:03:54.784481 X-ray: Yes
ChatterBot Papa reevaluating
ChatterBot Juliett reevaluating
ChatterBot Papa reevaluating
ChatterBot Juliett reevaluating
ChatterBot Papa reevaluating
2024-10-14 23:03:54.817324 Papa: We should replace Sierra with Tango
ChatterBot Juliett reevaluating
2024-10-14 23:03:54.824425 Juliett: No
2024-10-14 23:03:54.824582 Romeo: No
2024-10-14 23:03:54.824719 X-ray: No
ChatterBot Papa reevaluating
ChatterBot Juliett reevaluating
ChatterBot Papa reevaluating
ChatterBot Juliett reevaluating
ChatterBot Papa reevaluating
2024-10-14 23:03:54.848434 X-ray: I was attacked by Victor
ChatterBot Juliett reevaluating
ChatterBot Romeo reevaluating
ChatterBot Papa reevaluating
ChatterBot Mike reevaluating
2024-10-14 23:03:54.858865 X-ray: I'm keeping this round to protect myself
2024-10-14 23:03:54.859685 X-ray: Ow
2024-10-14 23:03:54.862688 Tango: Mike, Golf, Sierra and Victor, sending you 3
2024-10-14 23:03:54.863728 Sierra: Same as last round
2024-10-14 23:03:54.865038 Victor: Mike, sending you 2
2024-10-14 23:03:54.865987 Golf: Mike, sending you 4
2024-10-14 23:03:54.868138 Tango: November, sending you 5
2024-10-14 23:03:54.868899 Papa: Tango we want you to join our group
2024-10-14 23:03:54.872184 Tango: No
ChatterBot Papa reevaluating
ChatterBot Juliett reevaluating
ChatterBot Romeo reevaluating
2024-10-14 23:03:54.883891 Golf: Sierra, sending you 3
2024-10-14 23:03:54.884878 November: Mike and Tango, sending you 4
2024-10-14 23:03:54.885409 Victor: Golf, sending you 3
2024-10-14 23:03:54.889003 Golf: Tango, Victor and November, sending you 2
2024-10-14 23:03:54.889726 November: Golf, Sierra and Victor, sending you 3
2024-10-14 23:03:54.890706 Victor: Sierra, Tango and November, sending you 4
2024-10-14 23:03:54.904667 Romeo: Juliett and Papa, sending you 6
2024-10-14 23:03:54.907671 Romeo: X-ray, sending you 3
2024-10-14 23:03:54.923679 Papa: Juliett and Romeo, sending you 5
2024-10-14 23:03:54.928665 Papa: Tango, sending you 3
2024-10-14 23:03:54.933665 Papa: X-ray, sending you 4
chatterbot November submitting transactions
chatterbot Victor submitting transactions
chatterbot Sierra submitting transactions
chatterbot X-ray submitting transactions
chatterbot Papa submitting transactions
chatterbot Tango submitting transactions
chatterbot Mike submitting transactions
chatterbot Juliett submitting transactions
chatterbot Golf submitting transactions
chatterbot Romeo submitting transactions
ChatterBot Mike round 8
ChatterBot Juliett round 8
ChatterBot Golf round 8
ChatterBot Sierra round 8
ChatterBot Tango round 8
ChatterBot Romeo round 8
ChatterBot X-ray round 8
ChatterBot Papa round 8
ChatterBot Victor round 8
ChatterBot November round 8
2024-10-14 23:03:56.032605 Papa: We should replace Tango with Mike
ChatterBot Juliett reevaluating
2024-10-14 23:03:56.041023 Juliett: No
2024-10-14 23:03:56.041185 Romeo: No
2024-10-14 23:03:56.041315 X-ray: Yes
ChatterBot Juliett reevaluating
ChatterBot Papa reevaluating
ChatterBot Juliett reevaluating
ChatterBot Papa reevaluating
2024-10-14 23:03:56.062299 Papa: We should replace Tango with November
ChatterBot Juliett reevaluating
2024-10-14 23:03:56.069197 Juliett: No
2024-10-14 23:03:56.069335 Romeo: No
2024-10-14 23:03:56.069442 X-ray: No
ChatterBot X-ray reevaluating
ChatterBot Papa reevaluating
ChatterBot Juliett reevaluating
ChatterBot X-ray reevaluating
ChatterBot Papa reevaluating
ChatterBot Juliett reevaluating
ChatterBot Papa reevaluating
2024-10-14 23:03:56.091593 Sierra: Same as last round
2024-10-14 23:03:56.094676 Golf: Mike, sending you 5
2024-10-14 23:03:56.095470 Romeo: Juliett and Papa, sending you 6
2024-10-14 23:03:56.095919 November: Mike and Tango, sending you 4
2024-10-14 23:03:56.096592 Tango: Mike, Golf, Sierra and Victor, sending you 3
2024-10-14 23:03:56.097361 Victor: Mike, sending you 2
2024-10-14 23:03:56.098414 Golf: Sierra, Tango and November, sending you 3
2024-10-14 23:03:56.099103 Romeo: X-ray, sending you 3
2024-10-14 23:03:56.099501 November: Golf, Sierra and Victor, sending you 3
2024-10-14 23:03:56.100661 Tango: November, sending you 5
2024-10-14 23:03:56.102668 Victor: Golf, sending you 3
2024-10-14 23:03:56.103659 Golf: Victor, sending you 2
2024-10-14 23:03:56.107747 Victor: Sierra, Tango and November, sending you 4
2024-10-14 23:03:56.110677 Papa: Juliett and Romeo, sending you 5
2024-10-14 23:03:56.115662 Papa: Tango, sending you 3
2024-10-14 23:03:56.119654 Papa: X-ray, sending you 4
chatterbot November submitting transactions
chatterbot Papa submitting transactions
chatterbot Juliett submitting transactions
chatterbot Romeo submitting transactions
chatterbot Victor submitting transactions
chatterbot Tango submitting transactions
chatterbot Sierra submitting transactions
chatterbot X-ray submitting transactions
chatterbot Golf submitting transactions
chatterbot Mike submitting transactions
ChatterBot Mike round 9
ChatterBot Juliett round 9
ChatterBot Golf round 9
ChatterBot Sierra round 9
ChatterBot Tango round 9
ChatterBot Romeo round 9
ChatterBot X-ray round 9
ChatterBot Papa round 9
ChatterBot Victor round 9
ChatterBot November round 9
2024-10-14 23:03:57.215711 Golf: Mike, sending you 5
2024-10-14 23:03:57.220659 Golf: Sierra, sending you 4
2024-10-14 23:03:57.222679 Tango: Mike, Golf, Sierra and Victor, sending you 3
2024-10-14 23:03:57.223674 X-ray: Juliett, Romeo and Papa, sending you 1
2024-10-14 23:03:57.224102 Romeo: Juliett and Papa, sending you 6
2024-10-14 23:03:57.224893 Golf: Tango, Victor and November, sending you 3
2024-10-14 23:03:57.225709 Papa: Juliett, sending you 5
2024-10-14 23:03:57.227049 Tango: November, sending you 5
2024-10-14 23:03:57.228672 Romeo: X-ray, sending you 3
2024-10-14 23:03:57.229697 Sierra: Same as last round
2024-10-14 23:03:57.230360 Papa: Sierra, sending you 2
2024-10-14 23:03:57.232704 Papa: Romeo, sending you 6
2024-10-14 23:03:57.233662 November: Mike and Tango, sending you 4
2024-10-14 23:03:57.236679 Victor: Mike, sending you 2
2024-10-14 23:03:57.238733 Papa: X-ray, sending you 4
2024-10-14 23:03:57.239103 November: Golf, Sierra and Victor, sending you 3
2024-10-14 23:03:57.242928 Victor: Golf, sending you 3
2024-10-14 23:03:57.245712 Victor: Sierra, Tango and November, sending you 4
chatterbot Juliett submitting transactions
chatterbot Mike submitting transactions
chatterbot Sierra submitting transactions
chatterbot Romeo submitting transactions
chatterbot X-ray submitting transactions
chatterbot Victor submitting transactions
chatterbot Papa submitting transactions
chatterbot Golf submitting transactions
chatterbot Tango submitting transactions
chatterbot November submitting transactions
ChatterBot Mike round 10
ChatterBot Juliett round 10
ChatterBot Golf round 10
ChatterBot Sierra round 10
ChatterBot Tango round 10
ChatterBot Romeo round 10
ChatterBot X-ray round 10
ChatterBot Papa round 10
ChatterBot Victor round 10
ChatterBot November round 10
2024-10-14 23:03:58.467499 Papa: We should replace Sierra with Tango
ChatterBot Juliett reevaluating
ChatterBot X-ray reevaluating
2024-10-14 23:03:58.477189 Juliett: No
2024-10-14 23:03:58.477435 Romeo: No
2024-10-14 23:03:58.477567 X-ray: Yes
ChatterBot X-ray reevaluating
ChatterBot Juliett reevaluating
ChatterBot X-ray reevaluating
ChatterBot Papa reevaluating
ChatterBot Juliett reevaluating
ChatterBot Romeo reevaluating
ChatterBot Papa reevaluating
2024-10-14 23:03:58.518485 Papa: We should replace Sierra with November
ChatterBot Juliett reevaluating
ChatterBot Romeo reevaluating
ChatterBot X-ray reevaluating
2024-10-14 23:03:58.530431 Juliett: No
2024-10-14 23:03:58.530654 Romeo: No
2024-10-14 23:03:58.530868 X-ray: No
ChatterBot Romeo reevaluating
ChatterBot X-ray reevaluating
ChatterBot Papa reevaluating
ChatterBot Juliett reevaluating
ChatterBot X-ray reevaluating
ChatterBot Papa reevaluating
ChatterBot Juliett reevaluating
ChatterBot Romeo reevaluating
ChatterBot Papa reevaluating
2024-10-14 23:03:58.566287 Golf: Mike, sending you 5
2024-10-14 23:03:58.569702 Golf: Sierra, Tango and November, sending you 4
2024-10-14 23:03:58.571116 Tango: Mike, Golf, Sierra and Victor, sending you 3
2024-10-14 23:03:58.571930 Sierra: Same as last round
2024-10-14 23:03:58.573645 Golf: Victor, sending you 2
2024-10-14 23:03:58.575692 Tango: November, sending you 5
2024-10-14 23:03:58.576680 Papa: Tango we want you to join our group
2024-10-14 23:03:58.580113 Tango: No
ChatterBot Papa reevaluating
ChatterBot Juliett reevaluating
2024-10-14 23:03:58.593664 November: Mike and Tango, sending you 4
2024-10-14 23:03:58.595701 Romeo: Juliett and Papa, sending you 6
2024-10-14 23:03:58.597085 Victor: Mike, sending you 2
2024-10-14 23:03:58.598229 X-ray: Mike, sending you 3
2024-10-14 23:03:58.599267 Papa: November we want you to join our group
2024-10-14 23:03:58.602511 November: No
ChatterBot Papa reevaluating
ChatterBot Juliett reevaluating
ChatterBot X-ray reevaluating
2024-10-14 23:03:58.618767 November: Golf, Sierra and Victor, sending you 3
2024-10-14 23:03:58.620013 Romeo: X-ray, sending you 3
2024-10-14 23:03:58.620482 Victor: Golf, sending you 3
2024-10-14 23:03:58.623701 Victor: Sierra, Tango and November, sending you 4
2024-10-14 23:03:58.638303 X-ray: Sorry, I'm actually sending you 0
2024-10-14 23:03:58.647665 X-ray: November, sending you 3
2024-10-14 23:03:58.653656 Papa: Juliett, sending you 5
2024-10-14 23:03:58.657978 Papa: Tango, sending you 2
2024-10-14 23:03:58.660758 Papa: Romeo, sending you 6
2024-10-14 23:03:58.664692 Papa: X-ray, sending you 4
chatterbot X-ray submitting transactions
chatterbot Sierra submitting transactions
chatterbot Mike submitting transactions
chatterbot Victor submitting transactions
chatterbot Romeo submitting transactions
chatterbot Papa submitting transactions
chatterbot Golf submitting transactions
chatterbot Tango submitting transactions
chatterbot November submitting transactions
chatterbot Juliett submitting transactions
ChatterBot Mike round 11
ChatterBot Juliett round 11
ChatterBot Golf round 11
ChatterBot Sierra round 11
ChatterBot Tango round 11
ChatterBot Romeo round 11
ChatterBot X-ray round 11
ChatterBot Papa round 11
ChatterBot Victor round 11
ChatterBot November round 11
2024-10-14 23:03:59.908924 Papa: We should replace Tango with November
ChatterBot Juliett reevaluating
2024-10-14 23:03:59.918504 Juliett: No
2024-10-14 23:03:59.918811 Romeo: No
2024-10-14 23:03:59.919602 X-ray: Yes
ChatterBot Juliett reevaluating
ChatterBot X-ray reevaluating
ChatterBot Papa reevaluating
ChatterBot Juliett reevaluating
ChatterBot Papa reevaluating
2024-10-14 23:03:59.963682 November: Mike and Tango, sending you 4
2024-10-14 23:03:59.968707 X-ray: Mike, sending you 2
2024-10-14 23:03:59.970183 Golf: Mike, sending you 5
2024-10-14 23:03:59.971922 November: Golf, Sierra and Victor, sending you 3
2024-10-14 23:03:59.973161 Tango: Mike, Golf, Sierra and Victor, sending you 3
2024-10-14 23:03:59.975017 Sierra: Same as last round
2024-10-14 23:03:59.977016 X-ray: Juliett, Romeo and Papa, sending you 3
2024-10-14 23:03:59.977904 Romeo: Juliett, sending you 6
2024-10-14 23:03:59.979308 Golf: Sierra, Tango and November, sending you 4
2024-10-14 23:03:59.981093 Tango: November, sending you 5
2024-10-14 23:03:59.983693 Romeo: X-ray, sending you 4
2024-10-14 23:03:59.985671 Golf: Victor, sending you 2
2024-10-14 23:03:59.987811 Papa: Juliett and Romeo, sending you 5
2024-10-14 23:03:59.988484 Victor: Mike, sending you 2
2024-10-14 23:03:59.989405 Romeo: Papa, sending you 5
2024-10-14 23:03:59.992686 Papa: Tango, sending you 3
2024-10-14 23:03:59.993481 Victor: Golf, sending you 3
2024-10-14 23:03:59.995672 Papa: X-ray, sending you 4
2024-10-14 23:03:59.998663 Victor: Sierra, Tango and November, sending you 4
chatterbot Tango submitting transactions
chatterbot Victor submitting transactions
chatterbot X-ray submitting transactions
chatterbot Sierra submitting transactions
chatterbot Papa submitting transactions
chatterbot Golf submitting transactions
chatterbot November submitting transactions
chatterbot Romeo submitting transactions
chatterbot Juliett submitting transactions
chatterbot Mike submitting transactions
ChatterBot Mike round 12
ChatterBot Juliett round 12
ChatterBot Golf round 12
ChatterBot Sierra round 12
ChatterBot Tango round 12
ChatterBot Romeo round 12
ChatterBot X-ray round 12
ChatterBot Papa round 12
ChatterBot Victor round 12
ChatterBot November round 12
2024-10-14 23:04:01.010012 Papa: We should replace Tango with Victor
ChatterBot Juliett reevaluating
ChatterBot X-ray reevaluating
2024-10-14 23:04:01.017480 Juliett: No
2024-10-14 23:04:01.017623 Romeo: No
2024-10-14 23:04:01.017741 X-ray: No
ChatterBot X-ray reevaluating
ChatterBot Papa reevaluating
ChatterBot Juliett reevaluating
ChatterBot X-ray reevaluating
ChatterBot Papa reevaluating
ChatterBot Juliett reevaluating
ChatterBot Papa reevaluating
2024-10-14 23:04:01.050273 Papa: We should replace Tango with November
ChatterBot Juliett reevaluating
ChatterBot X-ray reevaluating
2024-10-14 23:04:01.057235 Juliett: No
2024-10-14 23:04:01.057378 Romeo: No
2024-10-14 23:04:01.057494 X-ray: Yes
ChatterBot X-ray reevaluating
ChatterBot Papa reevaluating
ChatterBot Juliett reevaluating
ChatterBot X-ray reevaluating
ChatterBot Papa reevaluating
ChatterBot Juliett reevaluating
ChatterBot Papa reevaluating
2024-10-14 23:04:01.079457 Golf: Mike, sending you 5
2024-10-14 23:04:01.082683 Sierra: Same as last round
2024-10-14 23:04:01.083678 Golf: Sierra, Tango and November, sending you 4
2024-10-14 23:04:01.084901 Tango: Mike, Golf and Sierra, sending you 3
2024-10-14 23:04:01.086644 Papa: November we want you to join our group
2024-10-14 23:04:01.089285 November: No
ChatterBot Papa reevaluating
ChatterBot Juliett reevaluating
2024-10-14 23:04:01.099609 Golf: Victor, sending you 2
2024-10-14 23:04:01.100360 Tango: Victor, sending you 2
2024-10-14 23:04:01.103667 Victor: Mike, sending you 2
2024-10-14 23:04:01.104399 Romeo: Juliett, sending you 6
2024-10-14 23:04:01.104809 Tango: November, sending you 4
2024-10-14 23:04:01.105403 Tango: I was attacked by X-ray
ChatterBot Mike reevaluating
2024-10-14 23:04:01.115282 Tango: Ow
2024-10-14 23:04:01.115734 X-ray: Juliett, Romeo and Papa, sending you 3
2024-10-14 23:04:01.116110 November: Mike and Tango, sending you 4
2024-10-14 23:04:01.116784 Victor: Golf, sending you 3
2024-10-14 23:04:01.117431 Romeo: X-ray, sending you 4
2024-10-14 23:04:01.118691 X-ray: November, sending you 2
2024-10-14 23:04:01.119674 Victor: Sierra, Tango and November, sending you 4
2024-10-14 23:04:01.120664 November: Golf, Sierra and Victor, sending you 3
2024-10-14 23:04:01.122649 Romeo: Papa, sending you 5
2024-10-14 23:04:01.135677 Papa: Juliett and Romeo, sending you 5
2024-10-14 23:04:01.139662 Papa: X-ray, sending you 4
2024-10-14 23:04:01.144659 Papa: November, sending you 3
chatterbot Tango submitting transactions
chatterbot Papa submitting transactions
chatterbot November submitting transactions
chatterbot Romeo submitting transactions
chatterbot Victor submitting transactions
chatterbot Mike submitting transactions
chatterbot Golf submitting transactions
chatterbot X-ray submitting transactions
chatterbot Sierra submitting transactions
chatterbot Juliett submitting transactions
ChatterBot Mike round 13
ChatterBot Juliett round 13
ChatterBot Golf round 13
ChatterBot Sierra round 13
ChatterBot Tango round 13
ChatterBot Romeo round 13
ChatterBot X-ray round 13
ChatterBot Papa round 13
ChatterBot Victor round 13
ChatterBot November round 13
2024-10-14 23:04:02.327391 Juliett: We should drop X-ray
2024-10-14 23:04:02.332915 Romeo: Yes
2024-10-14 23:04:02.333067 Papa: Yes
ChatterBot Juliett reevaluating
ChatterBot Juliett reevaluating
2024-10-14 23:04:02.380662 Golf: Mike, sending you 5
2024-10-14 23:04:02.381657 Sierra: Same as last round
2024-10-14 23:04:02.382537 Papa: Juliett and Romeo, sending you 5
2024-10-14 23:04:02.383676 Tango: Mike, Golf, Sierra and Victor, sending you 3
2024-10-14 23:04:02.384825 Golf: Sierra, Tango and November, sending you 4
2024-10-14 23:04:02.386665 Papa: X-ray, sending you 4
2024-10-14 23:04:02.388227 X-ray: Juliett and Papa, sending you 4
2024-10-14 23:04:02.389085 Romeo: Juliett, sending you 6
2024-10-14 23:04:02.389901 Tango: November, sending you 5
2024-10-14 23:04:02.390815 Golf: Victor, sending you 2
2024-10-14 23:04:02.392065 November: Mike and Tango, sending you 4
2024-10-14 23:04:02.392792 X-ray: Romeo, sending you 3
2024-10-14 23:04:02.393176 Victor: Mike, sending you 2
2024-10-14 23:04:02.393880 Papa: November, sending you 3
2024-10-14 23:04:02.394282 Romeo: X-ray, sending you 4
2024-10-14 23:04:02.396680 November: Golf, Sierra and Victor, sending you 3
2024-10-14 23:04:02.397701 Victor: Golf, sending you 3
2024-10-14 23:04:02.398784 Romeo: Papa, sending you 5
2024-10-14 23:04:02.403682 Victor: Sierra, Tango and November, sending you 4
chatterbot Golf submitting transactions
chatterbot November submitting transactions
chatterbot Papa submitting transactions
chatterbot Tango submitting transactions
chatterbot Mike submitting transactions
chatterbot Juliett submitting transactions
chatterbot Victor submitting transactions
chatterbot Romeo submitting transactions
