ChatterBot Oscar round 1
ChatterBot Charlie round 1
ChatterBot Juliett round 1
ChatterBot Quebec round 1
ChatterBot Alpha round 1
ChatterBot Uniform round 1
ChatterBot Whiskey round 1
ChatterBot Foxtrot round 1
ChatterBot Tango round 1
randomSelections Oscar: {Oscar, Alpha, Tango, Charlie} 
2024-10-14 18:54:00.366874 Oscar: Let's form a team
ChatterBot Alpha reevaluating
ChatterBot Tango reevaluating
ChatterBot Charlie reevaluating
2024-10-14 18:54:00.380706 Alpha: Yes
2024-10-14 18:54:00.381422 Tango: Yes
2024-10-14 18:54:00.381757 Charlie: Yes
ChatterBot Tango reevaluating
ChatterBot Charlie reevaluating
ChatterBot Alpha reevaluating
ChatterBot Charlie reevaluating
ChatterBot Alpha reevaluating
ChatterBot Tango reevaluating
randomSelections Foxtrot: {Foxtrot, Tango, Oscar, Alpha, Quebec, Lima} 
2024-10-14 18:54:00.412154 Foxtrot: Let's form a team
ChatterBot Tango reevaluating
ChatterBot Alpha reevaluating
ChatterBot Quebec reevaluating
2024-10-14 18:54:00.424137 Tango: No
2024-10-14 18:54:00.424468 Oscar: No
2024-10-14 18:54:00.424729 Alpha: No
2024-10-14 18:54:00.425557 Quebec: Yes
ChatterBot Alpha reevaluating
ChatterBot Quebec reevaluating
ChatterBot Tango reevaluating
ChatterBot Alpha reevaluating
ChatterBot Quebec reevaluating
ChatterBot Tango reevaluating
ChatterBot Quebec reevaluating
ChatterBot Tango reevaluating
ChatterBot Alpha reevaluating
randomSelections Uniform: {Uniform, Lima, Alpha, Whiskey, Oscar, Charlie, Juliett} 
2024-10-14 18:54:00.470405 Uniform: We should group up
ChatterBot Alpha reevaluating
ChatterBot Whiskey reevaluating
ChatterBot Charlie reevaluating
ChatterBot Juliett reevaluating
2024-10-14 18:54:00.485824 Alpha: No
2024-10-14 18:54:00.486649 Whiskey: Yes
2024-10-14 18:54:00.486895 Oscar: No
2024-10-14 18:54:00.487182 Charlie: No
2024-10-14 18:54:00.487504 Juliett: Yes
ChatterBot Whiskey reevaluating
ChatterBot Charlie reevaluating
ChatterBot Juliett reevaluating
ChatterBot Alpha reevaluating
ChatterBot Charlie reevaluating
ChatterBot Juliett reevaluating
ChatterBot Alpha reevaluating
ChatterBot Whiskey reevaluating
ChatterBot Charlie reevaluating
ChatterBot Juliett reevaluating
ChatterBot Alpha reevaluating
ChatterBot Whiskey reevaluating
ChatterBot Juliett reevaluating
ChatterBot Alpha reevaluating
ChatterBot Whiskey reevaluating
ChatterBot Charlie reevaluating
ChatterBot Lima round 1
ChatterBot Lima reevaluating
ChatterBot Lima reevaluating
ChatterBot Lima reevaluating
ChatterBot Lima reevaluating
ChatterBot Lima reevaluating
ChatterBot Lima reevaluating
ChatterBot Lima reevaluating
ChatterBot Lima reevaluating
ChatterBot Lima reevaluating
ChatterBot Lima reevaluating
ChatterBot Lima reevaluating
2024-10-14 18:54:00.594352 Lima: Yes
2024-10-14 18:54:00.594531 Lima: No
ChatterBot Tango reevaluating
ChatterBot Alpha reevaluating
ChatterBot Quebec reevaluating
ChatterBot Whiskey reevaluating
ChatterBot Charlie reevaluating
ChatterBot Juliett reevaluating
ChatterBot Alpha reevaluating
2024-10-14 18:54:00.633667 Foxtrot: Quebec and Alpha, sending you 1
2024-10-14 18:54:00.637044 Foxtrot: Tango, sending you 2
2024-10-14 18:54:00.643705 Oscar: Charlie, sending you 7
2024-10-14 18:54:00.645350 Quebec: Oscar, Foxtrot and Lima, sending you 2
2024-10-14 18:54:00.647677 Whiskey: Oscar, Charlie and Uniform, sending you 3
2024-10-14 18:54:00.648107 Tango: Oscar, sending you 3
2024-10-14 18:54:00.649029 Oscar: Alpha and Tango, sending you 3
2024-10-14 18:54:00.651066 Lima: Oscar, sending you 1
2024-10-14 18:54:00.651408 Quebec: Alpha and Tango, sending you 3
2024-10-14 18:54:00.651730 Alpha: Oscar, sending you 4
2024-10-14 18:54:00.652448 Whiskey: Juliett, sending you 4
2024-10-14 18:54:00.652851 Juliett: Oscar, Charlie, Alpha, Uniform, Whiskey and Lima, sending you 1
2024-10-14 18:54:00.654245 Tango: Charlie, sending you 5
2024-10-14 18:54:00.659084 Lima: Quebec, sending you 5
2024-10-14 18:54:00.659608 Alpha: Charlie, sending you 7
2024-10-14 18:54:00.660073 Whiskey: Alpha and Lima, sending you 1
2024-10-14 18:54:00.660877 Tango: Alpha, sending you 7
2024-10-14 18:54:00.662696 Lima: Alpha, sending you 6
2024-10-14 18:54:00.663092 Alpha: Tango, sending you 5
chatterbot Oscar submitting transactions
2024-10-14 18:54:00.669476 Lima: Foxtrot, sending you 3
2024-10-14 18:54:00.677248 Lima: Tango, sending you 2
chatterbot Quebec submitting transactions
chatterbot Tango submitting transactions
chatterbot Uniform submitting transactions
chatterbot Charlie submitting transactions
chatterbot Foxtrot submitting transactions
chatterbot Whiskey submitting transactions
chatterbot Juliett submitting transactions
chatterbot Alpha submitting transactions
chatterbot Lima submitting transactions
ChatterBot Oscar round 2
ChatterBot Charlie round 2
ChatterBot Juliett round 2
ChatterBot Quebec round 2
ChatterBot Alpha round 2
ChatterBot Uniform round 2
ChatterBot Whiskey round 2
ChatterBot Foxtrot round 2
ChatterBot Tango round 2
ChatterBot Lima round 2
2024-10-14 18:54:02.147170 Oscar: We should add Juliett and Whiskey
ChatterBot Alpha reevaluating
ChatterBot Tango reevaluating
ChatterBot Charlie reevaluating
2024-10-14 18:54:02.162604 Alpha: No
2024-10-14 18:54:02.163382 Tango: No
2024-10-14 18:54:02.163520 Charlie: Yes
ChatterBot Oscar reevaluating
ChatterBot Tango reevaluating
ChatterBot Charlie reevaluating
ChatterBot Oscar reevaluating
ChatterBot Alpha reevaluating
ChatterBot Charlie reevaluating
ChatterBot Oscar reevaluating
ChatterBot Alpha reevaluating
ChatterBot Tango reevaluating
2024-10-14 18:54:02.229937 Tango: We would work well together
ChatterBot Alpha reevaluating
ChatterBot Oscar reevaluating
ChatterBot Charlie reevaluating
ChatterBot Quebec reevaluating
ChatterBot Foxtrot reevaluating
ChatterBot Lima reevaluating
2024-10-14 18:54:02.287263 Alpha: Yes
2024-10-14 18:54:02.287711 Oscar: No
2024-10-14 18:54:02.287983 Charlie: No
2024-10-14 18:54:02.288811 Quebec: No
2024-10-14 18:54:02.289092 Foxtrot: No
2024-10-14 18:54:02.289339 Lima: No
ChatterBot Oscar reevaluating
ChatterBot Charlie reevaluating
ChatterBot Tango reevaluating
ChatterBot Quebec reevaluating
ChatterBot Foxtrot reevaluating
ChatterBot Lima reevaluating
ChatterBot Alpha reevaluating
ChatterBot Charlie reevaluating
ChatterBot Tango reevaluating
ChatterBot Quebec reevaluating
ChatterBot Foxtrot reevaluating
ChatterBot Lima reevaluating
ChatterBot Alpha reevaluating
ChatterBot Oscar reevaluating
ChatterBot Tango reevaluating
ChatterBot Quebec reevaluating
ChatterBot Foxtrot reevaluating
ChatterBot Lima reevaluating
ChatterBot Alpha reevaluating
ChatterBot Oscar reevaluating
ChatterBot Charlie reevaluating
ChatterBot Tango reevaluating
ChatterBot Foxtrot reevaluating
ChatterBot Lima reevaluating
ChatterBot Alpha reevaluating
ChatterBot Oscar reevaluating
ChatterBot Charlie reevaluating
ChatterBot Tango reevaluating
ChatterBot Quebec reevaluating
ChatterBot Lima reevaluating
ChatterBot Alpha reevaluating
ChatterBot Oscar reevaluating
ChatterBot Charlie reevaluating
ChatterBot Tango reevaluating
ChatterBot Quebec reevaluating
ChatterBot Foxtrot reevaluating
2024-10-14 18:54:02.544203 Whiskey: We should group up
ChatterBot Juliett reevaluating
ChatterBot Uniform reevaluating
2024-10-14 18:54:02.553022 Juliett: Yes
2024-10-14 18:54:02.553196 Uniform: Yes
ChatterBot Uniform reevaluating
ChatterBot Juliett reevaluating
2024-10-14 18:54:02.569756 Uniform: Can we be friends?
ChatterBot Juliett reevaluating
2024-10-14 18:54:02.578295 Whiskey: Yes
2024-10-14 18:54:02.578406 Juliett: Yes
ChatterBot Juliett reevaluating
ChatterBot Uniform reevaluating
ChatterBot Uniform reevaluating
2024-10-14 18:54:02.673011 Charlie: Juliett and Whiskey we want you to join our group
ChatterBot Juliett reevaluating
ChatterBot Whiskey reevaluating
2024-10-14 18:54:02.689040 Juliett: No
2024-10-14 18:54:02.689235 Whiskey: No
ChatterBot Oscar reevaluating
ChatterBot Whiskey reevaluating
ChatterBot Oscar reevaluating
ChatterBot Juliett reevaluating
2024-10-14 18:54:02.844228 Quebec: Charlie we want you to join our group
ChatterBot Charlie reevaluating
2024-10-14 18:54:02.853635 Charlie: No
ChatterBot Oscar reevaluating
2024-10-14 18:54:02.901950 Charlie: We should add Whiskey
ChatterBot Oscar reevaluating
2024-10-14 18:54:02.926346 Oscar: No
2024-10-14 18:54:02.926868 Alpha: No
2024-10-14 18:54:02.927742 Tango: No
ChatterBot Charlie reevaluating
ChatterBot Oscar reevaluating
ChatterBot Charlie reevaluating
ChatterBot Oscar reevaluating
ChatterBot Charlie reevaluating
2024-10-14 18:54:03.096130 Oscar: We should drop Charlie
2024-10-14 18:54:03.105625 Alpha: No
2024-10-14 18:54:03.105789 Tango: No
ChatterBot Oscar reevaluating
ChatterBot Oscar reevaluating
2024-10-14 18:54:03.126104 Uniform: Juliett, sending you 4
chatterbot Uniform submitting transactions
2024-10-14 18:54:03.173383 Foxtrot: Sending you each 7
2024-10-14 18:54:03.174139 Juliett: Same as last round
2024-10-14 18:54:03.174299 Whiskey: Sending you 14
2024-10-14 18:54:03.174651 Uniform: Whiskey, sending you 3
2024-10-14 18:54:03.175510 Quebec: Oscar, Charlie and Alpha, sending you 2
2024-10-14 18:54:03.175868 Lima: Juliett and Whiskey, sending you 5
2024-10-14 18:54:03.176093 Alpha: Oscar and Quebec, sending you 3
2024-10-14 18:54:03.176742 Tango: Oscar and Quebec, sending you 3
chatterbot Quebec submitting transactions
2024-10-14 18:54:03.204678 Quebec: Foxtrot and Lima, sending you 3
2024-10-14 18:54:03.205219 Tango: Alpha, sending you 5
2024-10-14 18:54:03.205550 Lima: Quebec, sending you 6
2024-10-14 18:54:03.206232 Charlie: Oscar and Tango, sending you 3
2024-10-14 18:54:03.206562 Alpha: Foxtrot, sending you 2
chatterbot Alpha submitting transactions
2024-10-14 18:54:03.220419 Tango: Foxtrot and Lima, sending you 2
2024-10-14 18:54:03.220828 Lima: Foxtrot, sending you 3
2024-10-14 18:54:03.221530 Charlie: Alpha, sending you 4
2024-10-14 18:54:03.221846 Alpha: Tango and Lima, sending you 4
2024-10-14 18:54:03.238269 Oscar: Sending you each 8
chatterbot Whiskey submitting transactions
chatterbot Juliett submitting transactions
chatterbot Foxtrot submitting transactions
chatterbot Tango submitting transactions
chatterbot Charlie submitting transactions
chatterbot Lima submitting transactions
chatterbot Oscar submitting transactions
ChatterBot Oscar round 3
ChatterBot Charlie round 3
ChatterBot Juliett round 3
2024-10-14 18:54:04.176665 Oscar: We should group up
ChatterBot Charlie reevaluating
ChatterBot Lima reevaluating
2024-10-14 18:54:04.201380 Alpha: Yes
2024-10-14 18:54:04.201781 Charlie: Yes
2024-10-14 18:54:04.201987 Tango: Yes
2024-10-14 18:54:04.202549 Quebec: Yes
2024-10-14 18:54:04.202754 Foxtrot: No
2024-10-14 18:54:04.202921 Lima: Yes
ChatterBot Charlie reevaluating
ChatterBot Lima reevaluating
ChatterBot Lima reevaluating
ChatterBot Charlie reevaluating
ChatterBot Lima reevaluating
ChatterBot Charlie reevaluating
ChatterBot Lima reevaluating
2024-10-14 18:54:04.313844 Charlie: Let's form a team
ChatterBot Charlie reevaluating
ChatterBot Lima reevaluating
ChatterBot Charlie reevaluating
ChatterBot Foxtrot reevaluating
ChatterBot Foxtrot reevaluating
ChatterBot Lima reevaluating
2024-10-14 18:54:04.367553 Alpha: Yes
2024-10-14 18:54:04.367701 Oscar: Yes
2024-10-14 18:54:04.367815 Tango: Yes
2024-10-14 18:54:04.367916 Quebec: Yes
2024-10-14 18:54:04.368012 Foxtrot: Yes
2024-10-14 18:54:04.368198 Lima: Yes
ChatterBot Charlie reevaluating
ChatterBot Foxtrot reevaluating
ChatterBot Lima reevaluating
ChatterBot Charlie reevaluating
ChatterBot Foxtrot reevaluating
ChatterBot Lima reevaluating
ChatterBot Charlie reevaluating
ChatterBot Foxtrot reevaluating
ChatterBot Lima reevaluating
ChatterBot Charlie reevaluating
ChatterBot Foxtrot reevaluating
ChatterBot Lima reevaluating
ChatterBot Charlie reevaluating
ChatterBot Lima reevaluating
ChatterBot Charlie reevaluating
ChatterBot Foxtrot reevaluating
ChatterBot Quebec round 3
ChatterBot Alpha round 3
ChatterBot Uniform round 3
ChatterBot Whiskey round 3
2024-10-14 18:54:04.549655 Juliett: We should add Uniform
ChatterBot Whiskey reevaluating
2024-10-14 18:54:04.554136 Whiskey: Yes
2024-10-14 18:54:04.558259 Whiskey: We should add Uniform and Lima
2024-10-14 18:54:04.562421 Juliett: No
ChatterBot Whiskey reevaluating
ChatterBot Foxtrot round 3
ChatterBot Tango round 3
ChatterBot Lima round 3
2024-10-14 18:54:04.589565 Juliett: Uniform we want you to join our group
2024-10-14 18:54:04.593527 Uniform: Yes
ChatterBot Whiskey reevaluating
2024-10-14 18:54:04.616149 Whiskey: Uniform we want you to join our group
2024-10-14 18:54:04.620486 Uniform: Yes
2024-10-14 18:54:04.628800 Oscar: Charlie and Tango, sending you 4
2024-10-14 18:54:04.631668 Charlie: Oscar, Alpha and Tango, sending you 4
2024-10-14 18:54:04.632684 Juliett: Sending you each 1
2024-10-14 18:54:04.632984 Alpha: Oscar and Tango, sending you 4
2024-10-14 18:54:04.633879 Oscar: Quebec, sending you 3
2024-10-14 18:54:04.634264 Uniform: Juliett, sending you 5
2024-10-14 18:54:04.635797 Alpha: Charlie, Quebec, Foxtrot and Lima, sending you 2
2024-10-14 18:54:04.637666 Charlie: Quebec, sending you 2
2024-10-14 18:54:04.638122 Uniform: Whiskey, sending you 4
2024-10-14 18:54:04.638682 Oscar: Alpha, sending you 5
2024-10-14 18:54:04.639869 Quebec: Oscar, sending you 1
2024-10-14 18:54:04.640683 Lima: Oscar, Charlie, Quebec, Alpha and Tango, sending you 3
2024-10-14 18:54:04.641956 Charlie: Foxtrot, sending you 1
2024-10-14 18:54:04.642706 Foxtrot: Quebec, sending you 5
2024-10-14 18:54:04.643772 Quebec: Charlie, sending you 2
2024-10-14 18:54:04.645013 Oscar: Foxtrot and Lima, sending you 2
2024-10-14 18:54:04.645475 Whiskey: Juliett, sending you 6
2024-10-14 18:54:04.645748 Lima: Foxtrot, sending you 4
2024-10-14 18:54:04.646719 Tango: Oscar, sending you 6
2024-10-14 18:54:04.647260 Foxtrot: Alpha, sending you 3
2024-10-14 18:54:04.647766 Quebec: Alpha, Foxtrot, Tango and Lima, sending you 3
2024-10-14 18:54:04.648768 Whiskey: Uniform, sending you 9
2024-10-14 18:54:04.650666 Tango: Charlie, sending you 2
2024-10-14 18:54:04.651167 Foxtrot: Tango, sending you 2
2024-10-14 18:54:04.655665 Tango: Quebec, Foxtrot and Lima, sending you 1
2024-10-14 18:54:04.656772 Foxtrot: Lima, sending you 6
2024-10-14 18:54:04.660112 Tango: Alpha, sending you 4
chatterbot Quebec submitting transactions
chatterbot Uniform submitting transactions
chatterbot Whiskey submitting transactions
chatterbot Oscar submitting transactions
chatterbot Tango submitting transactions
chatterbot Charlie submitting transactions
chatterbot Lima submitting transactions
chatterbot Foxtrot submitting transactions
chatterbot Alpha submitting transactions
chatterbot Juliett submitting transactions
ChatterBot Oscar round 4
ChatterBot Charlie round 4
ChatterBot Juliett round 4
ChatterBot Quebec round 4
ChatterBot Alpha round 4
ChatterBot Uniform round 4
ChatterBot Whiskey round 4
ChatterBot Foxtrot round 4
ChatterBot Tango round 4
ChatterBot Lima round 4
2024-10-14 18:54:05.802668 Quebec: Oscar, Charlie and Tango, sending you 2
2024-10-14 18:54:05.803683 Juliett: Same as last round
2024-10-14 18:54:05.806696 Quebec: Alpha, Foxtrot and Lima, sending you 3
2024-10-14 18:54:05.810678 Whiskey: Juliett, sending you 5
2024-10-14 18:54:05.811711 Oscar: Charlie and Alpha, sending you 4
2024-10-14 18:54:05.813700 Uniform: Juliett, sending you 4
2024-10-14 18:54:05.814665 Foxtrot: Oscar and Charlie, sending you 1
2024-10-14 18:54:05.815900 Whiskey: Uniform, sending you 10
2024-10-14 18:54:05.817709 Oscar: Quebec and Lima, sending you 3
2024-10-14 18:54:05.818335 Foxtrot: Quebec, sending you 4
2024-10-14 18:54:05.818952 Lima: Oscar, Charlie, Quebec, Alpha and Tango, sending you 3
2024-10-14 18:54:05.819967 Tango: Oscar and Alpha, sending you 4
2024-10-14 18:54:05.820507 Uniform: Whiskey, sending you 3
2024-10-14 18:54:05.821248 Alpha: Oscar, sending you 4
2024-10-14 18:54:05.821838 Charlie: Oscar and Alpha, sending you 4
2024-10-14 18:54:05.822834 Oscar: Foxtrot, sending you 1
2024-10-14 18:54:05.823394 Foxtrot: Alpha, sending you 3
2024-10-14 18:54:05.823962 Lima: Foxtrot, sending you 4
2024-10-14 18:54:05.824988 Tango: Charlie, sending you 3
2024-10-14 18:54:05.825587 Alpha: Charlie and Tango, sending you 3
2024-10-14 18:54:05.827863 Charlie: Quebec and Lima, sending you 2
2024-10-14 18:54:05.828718 Oscar: Tango, sending you 5
2024-10-14 18:54:05.829840 Tango: Quebec, sending you 2
2024-10-14 18:54:05.830527 Foxtrot: Tango, sending you 2
2024-10-14 18:54:05.831742 Alpha: Quebec, Foxtrot and Lima, sending you 2
2024-10-14 18:54:05.833691 Charlie: Foxtrot, sending you 1
2024-10-14 18:54:05.834993 Tango: Foxtrot and Lima, sending you 1
2024-10-14 18:54:05.835675 Foxtrot: Lima, sending you 5
2024-10-14 18:54:05.838785 Charlie: Tango, sending you 3
chatterbot Quebec submitting transactions
chatterbot Foxtrot submitting transactions
chatterbot Oscar submitting transactions
chatterbot Charlie submitting transactions
chatterbot Tango submitting transactions
chatterbot Lima submitting transactions
chatterbot Uniform submitting transactions
chatterbot Whiskey submitting transactions
chatterbot Alpha submitting transactions
chatterbot Juliett submitting transactions
ChatterBot Oscar round 5
ChatterBot Charlie round 5
ChatterBot Juliett round 5
ChatterBot Quebec round 5
ChatterBot Alpha round 5
ChatterBot Uniform round 5
ChatterBot Whiskey round 5
ChatterBot Foxtrot round 5
ChatterBot Tango round 5
ChatterBot Lima round 5
2024-10-14 18:54:07.061829 Juliett: Same as last round
2024-10-14 18:54:07.065787 Foxtrot: Oscar and Charlie, sending you 1
2024-10-14 18:54:07.067662 Alpha: Oscar and Charlie, sending you 3
2024-10-14 18:54:07.068797 Tango: Oscar and Alpha, sending you 4
2024-10-14 18:54:07.070655 Foxtrot: Quebec, sending you 4
2024-10-14 18:54:07.071707 Tango: Charlie, sending you 3
2024-10-14 18:54:07.072141 Charlie: Oscar and Alpha, sending you 4
2024-10-14 18:54:07.072691 Alpha: Quebec, Foxtrot and Lima, sending you 2
2024-10-14 18:54:07.074021 Uniform: Juliett, sending you 4
2024-10-14 18:54:07.074624 Quebec: Oscar, Alpha, Foxtrot and Lima, sending you 3
2024-10-14 18:54:07.075579 Oscar: Charlie, Alpha and Tango, sending you 4
2024-10-14 18:54:07.076251 Charlie: Quebec and Lima, sending you 2
2024-10-14 18:54:07.077398 Foxtrot: Alpha, sending you 3
2024-10-14 18:54:07.078176 Whiskey: Juliett, sending you 5
2024-10-14 18:54:07.078554 Tango: Quebec and Lima, sending you 2
2024-10-14 18:54:07.079502 Uniform: Whiskey, sending you 3
2024-10-14 18:54:07.079853 Alpha: Tango, sending you 4
2024-10-14 18:54:07.080371 Quebec: Charlie and Tango, sending you 2
2024-10-14 18:54:07.080916 Charlie: Foxtrot, sending you 1
2024-10-14 18:54:07.082026 Oscar: Quebec and Lima, sending you 3
2024-10-14 18:54:07.082544 Foxtrot: Tango, sending you 2
2024-10-14 18:54:07.083192 Whiskey: Uniform, sending you 10
2024-10-14 18:54:07.083525 Lima: Oscar, Charlie, Quebec, Alpha and Tango, sending you 3
2024-10-14 18:54:07.084822 Charlie: Tango, sending you 3
2024-10-14 18:54:07.086686 Oscar: Foxtrot, sending you 2
2024-10-14 18:54:07.087880 Foxtrot: Lima, sending you 5
2024-10-14 18:54:07.088378 Lima: Foxtrot, sending you 4
chatterbot Charlie submitting transactions
chatterbot Juliett submitting transactions
chatterbot Uniform submitting transactions
chatterbot Whiskey submitting transactions
chatterbot Foxtrot submitting transactions
chatterbot Lima submitting transactions
chatterbot Quebec submitting transactions
chatterbot Oscar submitting transactions
chatterbot Tango submitting transactions
chatterbot Alpha submitting transactions
ChatterBot Oscar round 6
ChatterBot Charlie round 6
ChatterBot Juliett round 6
ChatterBot Quebec round 6
ChatterBot Alpha round 6
ChatterBot Uniform round 6
ChatterBot Whiskey round 6
ChatterBot Foxtrot round 6
ChatterBot Tango round 6
ChatterBot Lima round 6
2024-10-14 18:54:08.238654 Quebec: Oscar, Alpha, Foxtrot, Tango and Lima, sending you 3
2024-10-14 18:54:08.239404 Oscar: Charlie, Alpha and Tango, sending you 4
2024-10-14 18:54:08.241687 Quebec: Charlie, sending you 1
2024-10-14 18:54:08.243671 Oscar: Quebec and Lima, sending you 3
2024-10-14 18:54:08.244863 Charlie: Oscar and Alpha, sending you 4
2024-10-14 18:54:08.247689 Charlie: Quebec and Lima, sending you 2
2024-10-14 18:54:08.248728 Oscar: Foxtrot, sending you 2
2024-10-14 18:54:08.250071 Uniform: Juliett, sending you 5
2024-10-14 18:54:08.250421 Tango: Oscar and Alpha, sending you 4
2024-10-14 18:54:08.251237 Alpha: Oscar and Charlie, sending you 3
2024-10-14 18:54:08.252411 Charlie: Foxtrot, sending you 1
2024-10-14 18:54:08.253740 Juliett: Same as last round
2024-10-14 18:54:08.254112 Tango: Charlie, sending you 3
2024-10-14 18:54:08.255384 Uniform: Whiskey, sending you 3
2024-10-14 18:54:08.255772 Lima: Oscar, Charlie, Quebec, Alpha and Tango, sending you 3
2024-10-14 18:54:08.256704 Alpha: Quebec, Foxtrot and Lima, sending you 2
2024-10-14 18:54:08.257972 Charlie: Tango, sending you 3
2024-10-14 18:54:08.258670 Whiskey: Juliett, sending you 5
2024-10-14 18:54:08.259118 Tango: Quebec and Lima, sending you 2
2024-10-14 18:54:08.260182 Foxtrot: Oscar, sending you 2
2024-10-14 18:54:08.261674 Lima: Foxtrot, sending you 4
2024-10-14 18:54:08.262463 Alpha: Tango, sending you 4
2024-10-14 18:54:08.263698 Whiskey: Uniform, sending you 10
2024-10-14 18:54:08.265659 Foxtrot: Charlie and Tango, sending you 1
2024-10-14 18:54:08.270681 Foxtrot: Quebec, sending you 4
2024-10-14 18:54:08.273652 Foxtrot: Alpha, sending you 3
2024-10-14 18:54:08.277668 Foxtrot: Lima, sending you 5
chatterbot Tango submitting transactions
chatterbot Quebec submitting transactions
chatterbot Uniform submitting transactions
chatterbot Oscar submitting transactions
chatterbot Foxtrot submitting transactions
chatterbot Whiskey submitting transactions
chatterbot Alpha submitting transactions
chatterbot Charlie submitting transactions
chatterbot Juliett submitting transactions
chatterbot Lima submitting transactions
ChatterBot Oscar round 7
ChatterBot Charlie round 7
ChatterBot Juliett round 7
ChatterBot Quebec round 7
ChatterBot Alpha round 7
ChatterBot Uniform round 7
ChatterBot Whiskey round 7
ChatterBot Foxtrot round 7
ChatterBot Tango round 7
ChatterBot Lima round 7
2024-10-14 18:54:09.508689 Charlie: Oscar and Alpha, sending you 4
2024-10-14 18:54:09.512680 Uniform: Juliett, sending you 5
2024-10-14 18:54:09.545482 Charlie: Quebec, sending you 2
2024-10-14 18:54:09.547504 Oscar: Charlie, Alpha and Tango, sending you 4
2024-10-14 18:54:09.549092 Foxtrot: Oscar, sending you 2
2024-10-14 18:54:09.550955 Uniform: Whiskey, sending you 2
2024-10-14 18:54:09.552240 Charlie: Foxtrot, sending you 1
2024-10-14 18:54:09.553477 Tango: Oscar and Alpha, sending you 4
2024-10-14 18:54:09.555405 Oscar: Quebec and Lima, sending you 3
2024-10-14 18:54:09.556996 Foxtrot: Charlie and Tango, sending you 1
2024-10-14 18:54:09.558643 Quebec: Oscar, Alpha, Foxtrot, Tango and Lima, sending you 3
2024-10-14 18:54:09.559672 Whiskey: Juliett, sending you 5
2024-10-14 18:54:09.560810 Charlie: Tango and Lima, sending you 3
2024-10-14 18:54:09.562668 Juliett: Same as last round
2024-10-14 18:54:09.563208 Alpha: Oscar and Charlie, sending you 3
2024-10-14 18:54:09.564841 Lima: Oscar, Charlie, Quebec, Alpha and Tango, sending you 3
2024-10-14 18:54:09.566600 Tango: Charlie, sending you 3
2024-10-14 18:54:09.568201 Oscar: Foxtrot, sending you 2
2024-10-14 18:54:09.569523 Foxtrot: Quebec, sending you 4
2024-10-14 18:54:09.571666 Quebec: Charlie, sending you 2
2024-10-14 18:54:09.573380 Whiskey: Uniform, sending you 10
2024-10-14 18:54:09.574124 Lima: Foxtrot, sending you 4
2024-10-14 18:54:09.575867 Alpha: Quebec, Foxtrot and Lima, sending you 2
2024-10-14 18:54:09.577485 Tango: Quebec and Lima, sending you 2
2024-10-14 18:54:09.579463 Foxtrot: Alpha, sending you 3
2024-10-14 18:54:09.581108 Alpha: Tango, sending you 4
2024-10-14 18:54:09.588984 Foxtrot: Lima, sending you 5
chatterbot Quebec submitting transactions
chatterbot Uniform submitting transactions
chatterbot Whiskey submitting transactions
chatterbot Oscar submitting transactions
chatterbot Lima submitting transactions
chatterbot Alpha submitting transactions
chatterbot Tango submitting transactions
chatterbot Juliett submitting transactions
chatterbot Charlie submitting transactions
chatterbot Foxtrot submitting transactions
ChatterBot Oscar round 8
ChatterBot Charlie round 8
ChatterBot Juliett round 8
ChatterBot Quebec round 8
ChatterBot Alpha round 8
ChatterBot Uniform round 8
ChatterBot Whiskey round 8
ChatterBot Foxtrot round 8
ChatterBot Tango round 8
ChatterBot Lima round 8
2024-10-14 18:54:10.608672 Oscar: Charlie, Alpha and Tango, sending you 4
2024-10-14 18:54:10.610694 Charlie: Oscar and Alpha, sending you 4
2024-10-14 18:54:10.613704 Oscar: Quebec and Lima, sending you 3
2024-10-14 18:54:10.614723 Uniform: Juliett, sending you 5
2024-10-14 18:54:10.615695 Charlie: Quebec, sending you 2
2024-10-14 18:54:10.617665 Whiskey: Juliett, sending you 6
2024-10-14 18:54:10.617982 Uniform: Whiskey, sending you 2
2024-10-14 18:54:10.618666 Oscar: Foxtrot, sending you 2
2024-10-14 18:54:10.619700 Charlie: Foxtrot, sending you 1
2024-10-14 18:54:10.620670 Juliett: Uniform, sending you 1
2024-10-14 18:54:10.621005 Whiskey: Uniform, sending you 9
2024-10-14 18:54:10.624674 Quebec: Oscar, Alpha, Foxtrot, Tango and Lima, sending you 3
2024-10-14 18:54:10.625489 Charlie: Tango and Lima, sending you 3
2024-10-14 18:54:10.626354 Alpha: Oscar and Charlie, sending you 3
2024-10-14 18:54:10.627693 Foxtrot: Oscar, sending you 2
2024-10-14 18:54:10.628856 Quebec: Charlie, sending you 2
2024-10-14 18:54:10.629992 Alpha: Quebec, Foxtrot and Lima, sending you 2
2024-10-14 18:54:10.631110 Tango: Oscar and Alpha, sending you 4
2024-10-14 18:54:10.632239 Foxtrot: Charlie and Tango, sending you 1
2024-10-14 18:54:10.633703 Alpha: Tango, sending you 4
2024-10-14 18:54:10.635674 Foxtrot: Quebec, sending you 4
2024-10-14 18:54:10.636801 Tango: Charlie, sending you 3
2024-10-14 18:54:10.638713 Lima: Oscar, Charlie, Quebec, Alpha and Tango, sending you 3
2024-10-14 18:54:10.640678 Foxtrot: Alpha, sending you 3
2024-10-14 18:54:10.642697 Tango: Quebec and Lima, sending you 2
2024-10-14 18:54:10.643876 Lima: Foxtrot, sending you 4
2024-10-14 18:54:10.646681 Foxtrot: Lima, sending you 5
chatterbot Whiskey submitting transactions
chatterbot Lima submitting transactions
chatterbot Oscar submitting transactions
chatterbot Quebec submitting transactions
chatterbot Charlie submitting transactions
chatterbot Uniform submitting transactions
chatterbot Foxtrot submitting transactions
chatterbot Alpha submitting transactions
chatterbot Juliett submitting transactions
chatterbot Tango submitting transactions
ChatterBot Oscar round 9
ChatterBot Charlie round 9
ChatterBot Juliett round 9
ChatterBot Quebec round 9
ChatterBot Alpha round 9
ChatterBot Uniform round 9
ChatterBot Whiskey round 9
ChatterBot Foxtrot round 9
ChatterBot Tango round 9
ChatterBot Lima round 9
2024-10-14 18:54:11.853674 Charlie: Oscar and Alpha, sending you 4
2024-10-14 18:54:11.859706 Charlie: Quebec, sending you 2
2024-10-14 18:54:11.860685 Quebec: Oscar, Alpha, Foxtrot, Tango and Lima, sending you 3
2024-10-14 18:54:11.862720 Oscar: Charlie, Alpha and Tango, sending you 4
2024-10-14 18:54:11.863897 Quebec: Charlie, sending you 2
2024-10-14 18:54:11.865123 Charlie: Foxtrot, sending you 1
2024-10-14 18:54:11.866987 Juliett: Uniform, sending you 1
2024-10-14 18:54:11.867641 Lima: Oscar, Charlie, Quebec, Alpha and Tango, sending you 3
2024-10-14 18:54:11.869364 Uniform: Juliett, sending you 5
2024-10-14 18:54:11.869806 Oscar: Quebec and Lima, sending you 3
2024-10-14 18:54:11.870987 Charlie: Tango and Lima, sending you 3
2024-10-14 18:54:11.872189 Whiskey: Juliett, sending you 5
2024-10-14 18:54:11.872557 Lima: Foxtrot, sending you 4
2024-10-14 18:54:11.873448 Alpha: Oscar and Charlie, sending you 3
2024-10-14 18:54:11.874282 Oscar: Foxtrot, sending you 2
2024-10-14 18:54:11.875050 Uniform: Whiskey, sending you 2
2024-10-14 18:54:11.875495 Tango: Oscar, sending you 3
2024-10-14 18:54:11.876640 Whiskey: Uniform, sending you 10
2024-10-14 18:54:11.877081 Foxtrot: Oscar, sending you 2
2024-10-14 18:54:11.878706 Alpha: Quebec, Foxtrot and Lima, sending you 2
2024-10-14 18:54:11.881683 Tango: Charlie, Quebec and Lima, sending you 2
2024-10-14 18:54:11.882720 Foxtrot: Charlie and Tango, sending you 1
2024-10-14 18:54:11.884001 Alpha: Tango, sending you 4
2024-10-14 18:54:11.885725 Tango: Alpha, sending you 5
2024-10-14 18:54:11.886999 Foxtrot: Quebec, sending you 4
2024-10-14 18:54:11.890669 Tango: Foxtrot, sending you 1
2024-10-14 18:54:11.892172 Foxtrot: Alpha, sending you 3
2024-10-14 18:54:11.895663 Foxtrot: Lima, sending you 5
chatterbot Oscar submitting transactions
chatterbot Quebec submitting transactions
chatterbot Uniform submitting transactions
chatterbot Foxtrot submitting transactions
chatterbot Juliett submitting transactions
chatterbot Alpha submitting transactions
chatterbot Lima submitting transactions
chatterbot Charlie submitting transactions
chatterbot Tango submitting transactions
chatterbot Whiskey submitting transactions
ChatterBot Oscar round 10
ChatterBot Charlie round 10
ChatterBot Juliett round 10
ChatterBot Quebec round 10
ChatterBot Alpha round 10
ChatterBot Uniform round 10
ChatterBot Whiskey round 10
ChatterBot Foxtrot round 10
ChatterBot Tango round 10
ChatterBot Lima round 10
2024-10-14 18:54:13.198674 Charlie: Oscar and Alpha, sending you 4
2024-10-14 18:54:13.200141 Uniform: Juliett, sending you 5
2024-10-14 18:54:13.200668 Juliett: Uniform, sending you 1
2024-10-14 18:54:13.201958 Foxtrot: Oscar, sending you 2
2024-10-14 18:54:13.203686 Charlie: Quebec, sending you 2
2024-10-14 18:54:13.205773 Uniform: Whiskey, sending you 2
2024-10-14 18:54:13.206551 Alpha: Oscar and Charlie, sending you 3
2024-10-14 18:54:13.208983 Foxtrot: Charlie and Tango, sending you 1
2024-10-14 18:54:13.210503 Lima: Oscar, Charlie, Quebec, Alpha and Tango, sending you 3
2024-10-14 18:54:13.212996 Charlie: Foxtrot, sending you 1
2024-10-14 18:54:13.215252 Oscar: Charlie, Alpha and Tango, sending you 4
2024-10-14 18:54:13.216947 Tango: Oscar, sending you 3
2024-10-14 18:54:13.218863 Quebec: Oscar, Alpha, Foxtrot, Tango and Lima, sending you 3
2024-10-14 18:54:13.221231 Alpha: Quebec, Foxtrot and Lima, sending you 2
2024-10-14 18:54:13.222451 Foxtrot: Quebec, sending you 4
2024-10-14 18:54:13.223812 Lima: Foxtrot, sending you 4
2024-10-14 18:54:13.225536 Charlie: Tango and Lima, sending you 3
2024-10-14 18:54:13.226537 Oscar: Quebec and Lima, sending you 3
2024-10-14 18:54:13.228726 Tango: Charlie, Quebec and Lima, sending you 2
2024-10-14 18:54:13.230480 Quebec: Charlie, sending you 2
2024-10-14 18:54:13.234155 Whiskey: Juliett, sending you 4
2024-10-14 18:54:13.235933 Alpha: Tango, sending you 4
2024-10-14 18:54:13.238752 Foxtrot: Alpha, sending you 3
2024-10-14 18:54:13.240774 Oscar: Foxtrot, sending you 2
2024-10-14 18:54:13.243325 Tango: Alpha, sending you 5
2024-10-14 18:54:13.245665 Whiskey: Uniform, sending you 11
2024-10-14 18:54:13.246219 Foxtrot: Lima, sending you 5
2024-10-14 18:54:13.249668 Tango: Foxtrot, sending you 1
chatterbot Oscar submitting transactions
chatterbot Lima submitting transactions
chatterbot Charlie submitting transactions
chatterbot Juliett submitting transactions
chatterbot Whiskey submitting transactions
chatterbot Uniform submitting transactions
chatterbot Foxtrot submitting transactions
chatterbot Quebec submitting transactions
chatterbot Alpha submitting transactions
chatterbot Tango submitting transactions
ChatterBot Oscar round 11
ChatterBot Charlie round 11
ChatterBot Juliett round 11
ChatterBot Quebec round 11
ChatterBot Alpha round 11
ChatterBot Uniform round 11
ChatterBot Whiskey round 11
ChatterBot Foxtrot round 11
ChatterBot Tango round 11
ChatterBot Lima round 11
2024-10-14 18:54:14.294680 Charlie: Oscar and Alpha, sending you 4
2024-10-14 18:54:14.297672 Uniform: Juliett, sending you 5
2024-10-14 18:54:14.298691 Charlie: Quebec, sending you 2
2024-10-14 18:54:14.301986 Uniform: Whiskey, sending you 2
2024-10-14 18:54:14.302680 Oscar: Charlie, Alpha and Tango, sending you 4
2024-10-14 18:54:14.303905 Charlie: Foxtrot, sending you 1
2024-10-14 18:54:14.304847 Alpha: Oscar and Charlie, sending you 3
2024-10-14 18:54:14.305673 Whiskey: Juliett, sending you 4
2024-10-14 18:54:14.305960 Quebec: Oscar, Alpha, Foxtrot, Tango and Lima, sending you 3
2024-10-14 18:54:14.307501 Oscar: Quebec and Lima, sending you 3
2024-10-14 18:54:14.308810 Foxtrot: Oscar, sending you 2
2024-10-14 18:54:14.310128 Charlie: Tango and Lima, sending you 3
2024-10-14 18:54:14.311199 Tango: Oscar, sending you 3
2024-10-14 18:54:14.312428 Alpha: Quebec, Foxtrot and Lima, sending you 2
2024-10-14 18:54:14.313650 Quebec: Charlie, sending you 2
2024-10-14 18:54:14.314598 Whiskey: Uniform, sending you 11
2024-10-14 18:54:14.314949 Juliett: Uniform, sending you 1
2024-10-14 18:54:14.315258 Lima: Oscar, Charlie, Quebec, Alpha and Tango, sending you 3
2024-10-14 18:54:14.316839 Oscar: Foxtrot, sending you 2
2024-10-14 18:54:14.318217 Foxtrot: Charlie and Tango, sending you 1
2024-10-14 18:54:14.319389 Tango: Charlie, Quebec and Lima, sending you 2
2024-10-14 18:54:14.320990 Alpha: Tango, sending you 4
2024-10-14 18:54:14.323045 Lima: Foxtrot, sending you 4
2024-10-14 18:54:14.324323 Foxtrot: Quebec, sending you 4
2024-10-14 18:54:14.326075 Tango: Alpha, sending you 5
2024-10-14 18:54:14.328664 Foxtrot: Alpha, sending you 3
2024-10-14 18:54:14.331654 Tango: Foxtrot, sending you 1
2024-10-14 18:54:14.334645 Foxtrot: Lima, sending you 5
chatterbot Quebec submitting transactions
chatterbot Tango submitting transactions
chatterbot Whiskey submitting transactions
chatterbot Oscar submitting transactions
chatterbot Lima submitting transactions
chatterbot Juliett submitting transactions
chatterbot Alpha submitting transactions
chatterbot Foxtrot submitting transactions
chatterbot Uniform submitting transactions
chatterbot Charlie submitting transactions
ChatterBot Oscar round 12
ChatterBot Charlie round 12
ChatterBot Juliett round 12
ChatterBot Quebec round 12
ChatterBot Alpha round 12
ChatterBot Uniform round 12
ChatterBot Whiskey round 12
ChatterBot Foxtrot round 12
ChatterBot Tango round 12
ChatterBot Lima round 12
2024-10-14 18:54:15.501700 Oscar: Charlie, Alpha and Tango, sending you 4
2024-10-14 18:54:15.505695 Oscar: Quebec and Lima, sending you 3
2024-10-14 18:54:15.507904 Quebec: Oscar, Alpha, Foxtrot, Tango and Lima, sending you 3
2024-10-14 18:54:15.509658 Juliett: Uniform, sending you 1
2024-10-14 18:54:15.510006 Whiskey: Juliett, sending you 3
2024-10-14 18:54:15.511008 Uniform: Juliett, sending you 6
2024-10-14 18:54:15.511669 Oscar: Foxtrot, sending you 2
2024-10-14 18:54:15.514062 Quebec: Charlie, sending you 2
2024-10-14 18:54:15.516241 Alpha: Oscar and Charlie, sending you 3
2024-10-14 18:54:15.518339 Whiskey: Uniform, sending you 12
2024-10-14 18:54:15.518800 Uniform: Whiskey, sending you 2
2024-10-14 18:54:15.519212 Foxtrot: Oscar, sending you 2
2024-10-14 18:54:15.521684 Alpha: Quebec, Foxtrot and Lima, sending you 2
2024-10-14 18:54:15.523684 Charlie: Oscar and Alpha, sending you 4
2024-10-14 18:54:15.525559 Tango: Oscar, sending you 3
2024-10-14 18:54:15.527515 Foxtrot: Charlie and Tango, sending you 1
2024-10-14 18:54:15.529512 Lima: Oscar, Charlie, Quebec, Alpha and Tango, sending you 3
2024-10-14 18:54:15.530532 Alpha: Tango, sending you 4
2024-10-14 18:54:15.532039 Charlie: Quebec, sending you 2
2024-10-14 18:54:15.532966 Tango: Charlie, Quebec and Lima, sending you 2
2024-10-14 18:54:15.534009 Foxtrot: Quebec, sending you 4
2024-10-14 18:54:15.535452 Lima: Foxtrot, sending you 4
2024-10-14 18:54:15.536960 Charlie: Foxtrot, sending you 1
2024-10-14 18:54:15.539058 Tango: Alpha, sending you 5
2024-10-14 18:54:15.540479 Foxtrot: Alpha, sending you 3
2024-10-14 18:54:15.541930 Charlie: Tango and Lima, sending you 3
2024-10-14 18:54:15.544668 Tango: Foxtrot, sending you 1
2024-10-14 18:54:15.546928 Foxtrot: Lima, sending you 5
chatterbot Oscar submitting transactions
chatterbot Lima submitting transactions
chatterbot Charlie submitting transactions
chatterbot Alpha submitting transactions
chatterbot Uniform submitting transactions
chatterbot Whiskey submitting transactions
chatterbot Juliett submitting transactions
chatterbot Quebec submitting transactions
chatterbot Tango submitting transactions
chatterbot Foxtrot submitting transactions
ChatterBot Oscar round 13
ChatterBot Charlie round 13
ChatterBot Juliett round 13
ChatterBot Quebec round 13
ChatterBot Alpha round 13
ChatterBot Uniform round 13
ChatterBot Whiskey round 13
ChatterBot Foxtrot round 13
ChatterBot Tango round 13
ChatterBot Lima round 13
2024-10-14 18:54:16.605682 Oscar: Charlie, Alpha and Tango, sending you 4
2024-10-14 18:54:16.610453 Oscar: Quebec and Lima, sending you 3
2024-10-14 18:54:16.611656 Whiskey: Juliett, sending you 3
2024-10-14 18:54:16.612003 Uniform: Juliett, sending you 6
2024-10-14 18:54:16.613671 Oscar: Foxtrot, sending you 2
2024-10-14 18:54:16.614961 Juliett: Uniform, sending you 1
2024-10-14 18:54:16.615281 Alpha: Oscar and Charlie, sending you 3
2024-10-14 18:54:16.616328 Uniform: Whiskey, sending you 1
2024-10-14 18:54:16.616734 Whiskey: Uniform, sending you 12
2024-10-14 18:54:16.618674 Alpha: Quebec, Foxtrot and Lima, sending you 2
2024-10-14 18:54:16.620217 Quebec: Oscar, Alpha, Foxtrot, Tango and Lima, sending you 3
2024-10-14 18:54:16.621796 Lima: Oscar, Charlie, Quebec, Alpha and Tango, sending you 3
2024-10-14 18:54:16.623684 Charlie: Oscar and Alpha, sending you 4
2024-10-14 18:54:16.625118 Foxtrot: Oscar, sending you 2
2024-10-14 18:54:16.627081 Alpha: Tango, sending you 4
2024-10-14 18:54:16.628763 Lima: Foxtrot, sending you 4
2024-10-14 18:54:16.630419 Quebec: Charlie, sending you 2
2024-10-14 18:54:16.632072 Tango: Oscar, sending you 3
2024-10-14 18:54:16.633298 Charlie: Quebec, sending you 2
2024-10-14 18:54:16.634553 Foxtrot: Charlie and Tango, sending you 1
2024-10-14 18:54:16.636693 Tango: Charlie, Quebec and Lima, sending you 2
2024-10-14 18:54:16.638676 Charlie: Foxtrot, sending you 1
2024-10-14 18:54:16.640118 Foxtrot: Quebec, sending you 4
2024-10-14 18:54:16.642240 Tango: Alpha, sending you 5
2024-10-14 18:54:16.643806 Charlie: Tango and Lima, sending you 3
2024-10-14 18:54:16.645675 Foxtrot: Alpha, sending you 3
2024-10-14 18:54:16.648702 Tango: Foxtrot, sending you 1
2024-10-14 18:54:16.651702 Foxtrot: Lima, sending you 5
chatterbot Quebec submitting transactions
chatterbot Juliett submitting transactions
chatterbot Alpha submitting transactions
chatterbot Uniform submitting transactions
chatterbot Oscar submitting transactions
chatterbot Tango submitting transactions
chatterbot Foxtrot submitting transactions
chatterbot Lima submitting transactions
chatterbot Charlie submitting transactions
chatterbot Whiskey submitting transactions
ChatterBot Oscar round 14
ChatterBot Charlie round 14
ChatterBot Juliett round 14
ChatterBot Quebec round 14
ChatterBot Alpha round 14
ChatterBot Uniform round 14
ChatterBot Whiskey round 14
ChatterBot Foxtrot round 14
ChatterBot Tango round 14
ChatterBot Lima round 14
2024-10-14 18:54:17.862463 Foxtrot: We should add Whiskey
2024-10-14 18:54:17.879483 Alpha: No
2024-10-14 18:54:17.879711 Oscar: No
2024-10-14 18:54:17.879872 Charlie: No
2024-10-14 18:54:17.880023 Tango: No
2024-10-14 18:54:17.880171 Quebec: No
2024-10-14 18:54:17.880315 Lima: No
ChatterBot Foxtrot reevaluating
ChatterBot Foxtrot reevaluating
ChatterBot Foxtrot reevaluating
ChatterBot Foxtrot reevaluating
ChatterBot Foxtrot reevaluating
ChatterBot Foxtrot reevaluating
2024-10-14 18:54:17.976677 Charlie: Oscar and Alpha, sending you 4
2024-10-14 18:54:17.981681 Quebec: Oscar, Alpha, Foxtrot, Tango and Lima, sending you 3
2024-10-14 18:54:17.983256 Charlie: Quebec, sending you 2
