ChatterBot Romeo round 1
ChatterBot Victor round 1
ChatterBot Kilo round 1
ChatterBot November round 1
ChatterBot Delta round 1
ChatterBot X-ray round 1
ChatterBot Foxtrot round 1
ChatterBot Tango round 1
ChatterBot Sierra round 1
ChatterBot Juliett round 1
randomSelections Romeo: {Romeo, Sierra, Foxtrot} 
2024-10-14 18:54:00.702998 Romeo: We would work well together
ChatterBot Sierra reevaluating
ChatterBot Foxtrot reevaluating
2024-10-14 18:54:00.711778 Sierra: Yes
2024-10-14 18:54:00.711911 Foxtrot: Yes
ChatterBot Foxtrot reevaluating
ChatterBot Sierra reevaluating
randomSelections X-ray: {X-ray, Tango, Kilo, Victor, November, Romeo, Foxtrot} 
2024-10-14 18:54:00.721034 X-ray: We should group up
ChatterBot Tango reevaluating
ChatterBot Kilo reevaluating
ChatterBot Victor reevaluating
ChatterBot November reevaluating
ChatterBot Foxtrot reevaluating
2024-10-14 18:54:00.731948 Tango: Yes
2024-10-14 18:54:00.732103 Kilo: Yes
2024-10-14 18:54:00.732230 Victor: Yes
2024-10-14 18:54:00.732345 November: Yes
2024-10-14 18:54:00.732446 Romeo: No
2024-10-14 18:54:00.733109 Foxtrot: No
ChatterBot Kilo reevaluating
ChatterBot Victor reevaluating
ChatterBot November reevaluating
ChatterBot Foxtrot reevaluating
ChatterBot Tango reevaluating
ChatterBot Victor reevaluating
ChatterBot November reevaluating
ChatterBot Foxtrot reevaluating
ChatterBot Tango reevaluating
ChatterBot Kilo reevaluating
ChatterBot November reevaluating
ChatterBot Foxtrot reevaluating
ChatterBot Tango reevaluating
ChatterBot Kilo reevaluating
ChatterBot Victor reevaluating
ChatterBot Foxtrot reevaluating
ChatterBot Tango reevaluating
ChatterBot Kilo reevaluating
ChatterBot Victor reevaluating
ChatterBot November reevaluating
ChatterBot Foxtrot reevaluating
ChatterBot Tango reevaluating
ChatterBot Kilo reevaluating
ChatterBot Victor reevaluating
ChatterBot November reevaluating
randomSelections Juliett: {Juliett, Kilo} 
2024-10-14 18:54:00.796302 Juliett: We should group up
ChatterBot Kilo reevaluating
2024-10-14 18:54:00.798056 Kilo: No
randomSelections Delta: {Delta, Tango, Juliett, November, Foxtrot, Victor, X-ray} 
2024-10-14 18:54:00.801525 Delta: Can we be friends?
ChatterBot Tango reevaluating
ChatterBot November reevaluating
ChatterBot Foxtrot reevaluating
ChatterBot Victor reevaluating
2024-10-14 18:54:00.807966 Tango: No
2024-10-14 18:54:00.808127 Juliett: No
2024-10-14 18:54:00.808248 November: No
2024-10-14 18:54:00.808409 Foxtrot: No
2024-10-14 18:54:00.808498 Victor: No
2024-10-14 18:54:00.808592 X-ray: No
ChatterBot November reevaluating
ChatterBot Foxtrot reevaluating
ChatterBot Victor reevaluating
ChatterBot Tango reevaluating
ChatterBot November reevaluating
ChatterBot Foxtrot reevaluating
ChatterBot Victor reevaluating
ChatterBot Tango reevaluating
ChatterBot Foxtrot reevaluating
ChatterBot Victor reevaluating
ChatterBot Tango reevaluating
ChatterBot November reevaluating
ChatterBot Victor reevaluating
ChatterBot Tango reevaluating
ChatterBot November reevaluating
ChatterBot Foxtrot reevaluating
ChatterBot Tango reevaluating
ChatterBot November reevaluating
ChatterBot Foxtrot reevaluating
ChatterBot Victor reevaluating
2024-10-14 18:54:00.856702 Romeo: Foxtrot and Sierra, sending you 5
2024-10-14 18:54:00.859680 Juliett: Sending you 4
2024-10-14 18:54:00.860710 November: Romeo, Victor and Foxtrot, sending you 2
2024-10-14 18:54:00.863681 X-ray: Victor, November and Foxtrot, sending you 1
2024-10-14 18:54:00.864105 Kilo: Romeo, Victor, November and Tango, sending you 2
2024-10-14 18:54:00.864713 Tango: Romeo, Victor and X-ray, sending you 1
2024-10-14 18:54:00.865065 November: X-ray, sending you 1
2024-10-14 18:54:00.866188 Sierra: Romeo, sending you 6
2024-10-14 18:54:00.866724 X-ray: Kilo and Tango, sending you 2
2024-10-14 18:54:00.867713 Kilo: X-ray and Foxtrot, sending you 1
2024-10-14 18:54:00.868066 November: Tango, sending you 4
2024-10-14 18:54:00.868722 Tango: Kilo, sending you 7
2024-10-14 18:54:00.870703 Sierra: Foxtrot, sending you 8
2024-10-14 18:54:00.870976 Delta: Victor, Tango and Juliett, sending you 2
2024-10-14 18:54:00.871822 Foxtrot: Romeo, sending you 2
2024-10-14 18:54:00.872138 Tango: November and Foxtrot, sending you 3
2024-10-14 18:54:00.874706 Delta: November, sending you 4
2024-10-14 18:54:00.875680 Foxtrot: Sierra, sending you 7
2024-10-14 18:54:00.876016 Victor: Romeo and Tango, sending you 1
2024-10-14 18:54:00.879666 Delta: X-ray, sending you 1
2024-10-14 18:54:00.880124 Victor: Kilo and November, sending you 2
2024-10-14 18:54:00.883707 Delta: Foxtrot, sending you 5
2024-10-14 18:54:00.884676 Victor: X-ray, sending you 5
2024-10-14 18:54:00.887682 Victor: Foxtrot, sending you 4
chatterbot Juliett submitting transactions
chatterbot Foxtrot submitting transactions
chatterbot Romeo submitting transactions
chatterbot November submitting transactions
chatterbot Victor submitting transactions
chatterbot Kilo submitting transactions
chatterbot Sierra submitting transactions
chatterbot Delta submitting transactions
chatterbot X-ray submitting transactions
chatterbot Tango submitting transactions
ChatterBot Romeo round 2
ChatterBot Victor round 2
ChatterBot Kilo round 2
ChatterBot November round 2
ChatterBot Delta round 2
ChatterBot X-ray round 2
ChatterBot Foxtrot round 2
ChatterBot Tango round 2
ChatterBot Sierra round 2
ChatterBot Juliett round 2
2024-10-14 18:54:02.507985 Victor: Group up?
ChatterBot Kilo reevaluating
ChatterBot November reevaluating
ChatterBot Delta reevaluating
ChatterBot X-ray reevaluating
ChatterBot Tango reevaluating
2024-10-14 18:54:02.526804 Kilo: No
2024-10-14 18:54:02.526949 November: Yes
2024-10-14 18:54:02.527062 Delta: Yes
2024-10-14 18:54:02.527172 X-ray: Yes
2024-10-14 18:54:02.527731 Tango: Yes
ChatterBot November reevaluating
ChatterBot Delta reevaluating
ChatterBot X-ray reevaluating
ChatterBot Tango reevaluating
ChatterBot Kilo reevaluating
ChatterBot Delta reevaluating
ChatterBot X-ray reevaluating
ChatterBot Tango reevaluating
ChatterBot Kilo reevaluating
ChatterBot November reevaluating
ChatterBot X-ray reevaluating
ChatterBot Tango reevaluating
ChatterBot Kilo reevaluating
ChatterBot November reevaluating
ChatterBot Delta reevaluating
ChatterBot Tango reevaluating
ChatterBot Kilo reevaluating
ChatterBot November reevaluating
ChatterBot Delta reevaluating
ChatterBot X-ray reevaluating
2024-10-14 18:54:02.748246 Foxtrot: We should add Delta
ChatterBot Romeo reevaluating
2024-10-14 18:54:02.810789 Romeo: No
2024-10-14 18:54:02.812638 Sierra: No
ChatterBot Foxtrot reevaluating
ChatterBot Romeo reevaluating
ChatterBot Foxtrot reevaluating
2024-10-14 18:54:02.838387 Juliett: We should replace Kilo with Delta
2024-10-14 18:54:03.062042 Juliett: Delta we want you to join our group
2024-10-14 18:54:03.066083 Delta: No
2024-10-14 18:54:03.145901 November: Victor and Kilo, sending you 3
2024-10-14 18:54:03.146206 Kilo: Victor, November, X-ray, Tango and Juliett, sending you 2
2024-10-14 18:54:03.146462 X-ray: Victor, sending you 8
2024-10-14 18:54:03.147046 Sierra: Romeo, sending you 7
2024-10-14 18:54:03.147245 Victor: Kilo, November and Delta, sending you 5
2024-10-14 18:54:03.147452 Tango: Victor, sending you 2
2024-10-14 18:54:03.147669 Delta: Victor, sending you 4
chatterbot November submitting transactions
2024-10-14 18:54:03.185813 November: Delta, sending you 5
chatterbot Kilo submitting transactions
2024-10-14 18:54:03.186214 Romeo: Same as last round
2024-10-14 18:54:03.186911 Kilo: Delta, sending you 1
2024-10-14 18:54:03.187138 Sierra: Foxtrot, sending you 9
2024-10-14 18:54:03.187326 Victor: X-ray and Tango, sending you 2
2024-10-14 18:54:03.187579 Tango: Kilo, Delta and X-ray, sending you 3
2024-10-14 18:54:03.187867 Delta: Kilo, November, X-ray and Tango, sending you 3
2024-10-14 18:54:03.188655 X-ray: Kilo, November, Delta and Tango, sending you 2
2024-10-14 18:54:03.188900 Foxtrot: Romeo, sending you 4
2024-10-14 18:54:03.211629 November: Tango, sending you 4
2024-10-14 18:54:03.211999 Foxtrot: Sierra, sending you 5
2024-10-14 18:54:03.212927 Juliett: Sending you 4
2024-10-14 18:54:03.213144 Tango: November, sending you 5
chatterbot Victor submitting transactions
chatterbot Sierra submitting transactions
chatterbot Romeo submitting transactions
chatterbot Tango submitting transactions
chatterbot Foxtrot submitting transactions
chatterbot Delta submitting transactions
chatterbot X-ray submitting transactions
chatterbot Juliett submitting transactions
ChatterBot Romeo round 3
ChatterBot Victor round 3
ChatterBot Kilo round 3
ChatterBot November round 3
ChatterBot Delta round 3
ChatterBot X-ray round 3
ChatterBot Foxtrot round 3
ChatterBot Tango round 3
ChatterBot Sierra round 3
ChatterBot Juliett round 3
2024-10-14 18:54:04.156994 Kilo: Victor, November, X-ray and Tango, sending you 2
2024-10-14 18:54:04.161693 Delta: Victor, sending you 4
2024-10-14 18:54:04.162664 Kilo: Delta, sending you 1
2024-10-14 18:54:04.163759 November: Victor and Tango, sending you 4
2024-10-14 18:54:04.164667 Foxtrot: Romeo, sending you 4
2024-10-14 18:54:04.165966 X-ray: Victor, sending you 7
2024-10-14 18:54:04.166464 Delta: Kilo and X-ray, sending you 2
2024-10-14 18:54:04.166978 November: Kilo and X-ray, sending you 2
2024-10-14 18:54:04.168694 Foxtrot: Sierra, sending you 5
2024-10-14 18:54:04.169679 November: Delta, sending you 3
2024-10-14 18:54:04.170730 X-ray: Kilo, sending you 3
2024-10-14 18:54:04.171308 Delta: November, sending you 5
2024-10-14 18:54:04.172687 Tango: Victor, sending you 2
2024-10-14 18:54:04.174208 Sierra: Romeo, sending you 7
2024-10-14 18:54:04.174923 X-ray: November, sending you 1
2024-10-14 18:54:04.176164 Delta: Tango, sending you 3
2024-10-14 18:54:04.177058 Victor: Kilo, sending you 3
2024-10-14 18:54:04.177583 Romeo: Foxtrot, sending you 6
2024-10-14 18:54:04.177976 Sierra: Foxtrot, sending you 9
2024-10-14 18:54:04.178952 Tango: Kilo, Delta and X-ray, sending you 3
2024-10-14 18:54:04.179520 X-ray: Delta and Tango, sending you 4
2024-10-14 18:54:04.180172 Victor: November and Delta, sending you 4
2024-10-14 18:54:04.180862 Juliett: Same as last round
2024-10-14 18:54:04.181668 Romeo: Sierra, sending you 5
2024-10-14 18:54:04.182671 Tango: November, sending you 5
2024-10-14 18:54:04.184658 Victor: X-ray, sending you 7
2024-10-14 18:54:04.189658 Victor: Tango, sending you 2
chatterbot X-ray submitting transactions
chatterbot Kilo submitting transactions
chatterbot November submitting transactions
chatterbot Juliett submitting transactions
chatterbot Delta submitting transactions
chatterbot Foxtrot submitting transactions
chatterbot Romeo submitting transactions
chatterbot Sierra submitting transactions
chatterbot Victor submitting transactions
chatterbot Tango submitting transactions
ChatterBot Romeo round 4
ChatterBot Victor round 4
ChatterBot Kilo round 4
ChatterBot November round 4
ChatterBot Delta round 4
ChatterBot X-ray round 4
ChatterBot Foxtrot round 4
ChatterBot Tango round 4
ChatterBot Sierra round 4
ChatterBot Juliett round 4
2024-10-14 18:54:05.422655 Victor: Kilo, sending you 3
2024-10-14 18:54:05.423800 Kilo: Victor, November, Delta and Tango, sending you 2
2024-10-14 18:54:05.426671 Kilo: X-ray, sending you 1
2024-10-14 18:54:05.427673 Victor: November and Delta, sending you 4
2024-10-14 18:54:05.428076 Romeo: Foxtrot, sending you 7
2024-10-14 18:54:05.430653 Tango: Victor, sending you 2
2024-10-14 18:54:05.431084 Victor: X-ray, sending you 7
2024-10-14 18:54:05.432666 Romeo: Sierra, sending you 5
2024-10-14 18:54:05.433690 November: Victor, Delta and Tango, sending you 4
2024-10-14 18:54:05.434410 Delta: Victor and November, sending you 4
2024-10-14 18:54:05.434980 X-ray: Victor, sending you 7
2024-10-14 18:54:05.436018 Tango: Kilo, Delta and X-ray, sending you 3
2024-10-14 18:54:05.436634 Victor: Tango, sending you 2
2024-10-14 18:54:05.436992 November: Kilo, sending you 2
2024-10-14 18:54:05.438672 Delta: Kilo, sending you 2
2024-10-14 18:54:05.439597 X-ray: Kilo and Delta, sending you 3
2024-10-14 18:54:05.440097 Tango: November, sending you 5
2024-10-14 18:54:05.440676 November: X-ray, sending you 1
2024-10-14 18:54:05.441088 Foxtrot: Romeo, sending you 4
2024-10-14 18:54:05.442665 Delta: X-ray and Tango, sending you 3
2024-10-14 18:54:05.443665 X-ray: November, sending you 2
2024-10-14 18:54:05.444695 Foxtrot: Sierra, sending you 5
2024-10-14 18:54:05.445875 Juliett: Sending you 5
2024-10-14 18:54:05.446658 Sierra: Romeo, sending you 7
2024-10-14 18:54:05.448885 X-ray: Tango, sending you 4
2024-10-14 18:54:05.449695 Sierra: Foxtrot, sending you 9
chatterbot X-ray submitting transactions
chatterbot November submitting transactions
chatterbot Tango submitting transactions
chatterbot Juliett submitting transactions
chatterbot Foxtrot submitting transactions
chatterbot Kilo submitting transactions
chatterbot Victor submitting transactions
chatterbot Romeo submitting transactions
chatterbot Sierra submitting transactions
chatterbot Delta submitting transactions
ChatterBot Romeo round 5
ChatterBot Victor round 5
ChatterBot Kilo round 5
ChatterBot November round 5
ChatterBot Delta round 5
ChatterBot X-ray round 5
ChatterBot Foxtrot round 5
ChatterBot Tango round 5
ChatterBot Sierra round 5
ChatterBot Juliett round 5
2024-10-14 18:54:06.632750 Romeo: Foxtrot, sending you 7
2024-10-14 18:54:06.633265 Kilo: Victor, November, Delta and Tango, sending you 2
2024-10-14 18:54:06.633826 Victor: Kilo, sending you 3
2024-10-14 18:54:06.634680 November: Victor, Delta and Tango, sending you 4
2024-10-14 18:54:06.635697 Romeo: Sierra, sending you 5
2024-10-14 18:54:06.637722 Victor: November and Delta, sending you 4
2024-10-14 18:54:06.638702 Kilo: X-ray, sending you 1
2024-10-14 18:54:06.639323 November: Kilo, sending you 2
2024-10-14 18:54:06.639899 Foxtrot: Romeo, sending you 4
2024-10-14 18:54:06.640279 Juliett: Sending you 6
2024-10-14 18:54:06.640624 X-ray: Victor, sending you 8
2024-10-14 18:54:06.642175 Victor: X-ray, sending you 7
2024-10-14 18:54:06.642814 November: X-ray, sending you 1
2024-10-14 18:54:06.644677 Foxtrot: Sierra, sending you 5
2024-10-14 18:54:06.646720 X-ray: Kilo and Delta, sending you 3
2024-10-14 18:54:06.648681 Tango: Victor, sending you 2
2024-10-14 18:54:06.649658 Victor: Tango, sending you 2
2024-10-14 18:54:06.651692 X-ray: November, sending you 1
2024-10-14 18:54:06.652691 Tango: Kilo, Delta and X-ray, sending you 3
2024-10-14 18:54:06.653303 Sierra: Romeo, sending you 7
2024-10-14 18:54:06.654675 Delta: Victor and November, sending you 4
2024-10-14 18:54:06.655184 X-ray: Tango, sending you 4
2024-10-14 18:54:06.657705 Tango: November, sending you 5
2024-10-14 18:54:06.658368 Sierra: Foxtrot, sending you 9
2024-10-14 18:54:06.658753 Delta: Kilo, sending you 2
2024-10-14 18:54:06.663712 Delta: X-ray and Tango, sending you 3
chatterbot Delta submitting transactions
chatterbot November submitting transactions
chatterbot X-ray submitting transactions
chatterbot Tango submitting transactions
chatterbot Juliett submitting transactions
chatterbot Foxtrot submitting transactions
chatterbot Sierra submitting transactions
chatterbot Romeo submitting transactions
chatterbot Victor submitting transactions
chatterbot Kilo submitting transactions
ChatterBot Romeo round 6
ChatterBot Victor round 6
ChatterBot Kilo round 6
ChatterBot November round 6
ChatterBot Delta round 6
ChatterBot X-ray round 6
ChatterBot Foxtrot round 6
ChatterBot Tango round 6
ChatterBot Sierra round 6
ChatterBot Juliett round 6
2024-10-14 18:54:07.873765 Juliett: We should replace Delta with Sierra
2024-10-14 18:54:07.880767 Juliett: Sierra we want you to join our group
2024-10-14 18:54:07.885922 Sierra: No
ChatterBot Juliett reevaluating
2024-10-14 18:54:07.890088 Juliett: Group up?
ChatterBot Delta reevaluating
ChatterBot X-ray reevaluating
2024-10-14 18:54:07.914440 Kilo: No
2024-10-14 18:54:07.914712 Victor: No
2024-10-14 18:54:07.914914 November: No
2024-10-14 18:54:07.915099 Delta: Yes
2024-10-14 18:54:07.915281 X-ray: Yes
2024-10-14 18:54:07.915460 Tango: No
ChatterBot Victor reevaluating
ChatterBot Delta reevaluating
ChatterBot X-ray reevaluating
ChatterBot Tango reevaluating
ChatterBot Juliett reevaluating
ChatterBot Kilo reevaluating
ChatterBot November reevaluating
ChatterBot Delta reevaluating
ChatterBot X-ray reevaluating
ChatterBot Tango reevaluating
ChatterBot Juliett reevaluating
ChatterBot Kilo reevaluating
ChatterBot Victor reevaluating
ChatterBot Delta reevaluating
ChatterBot X-ray reevaluating
ChatterBot Tango reevaluating
ChatterBot Juliett reevaluating
ChatterBot Kilo reevaluating
ChatterBot Victor reevaluating
ChatterBot November reevaluating
ChatterBot X-ray reevaluating
ChatterBot Tango reevaluating
ChatterBot Juliett reevaluating
ChatterBot Kilo reevaluating
ChatterBot Victor reevaluating
ChatterBot November reevaluating
ChatterBot Delta reevaluating
ChatterBot Tango reevaluating
ChatterBot Juliett reevaluating
ChatterBot Kilo reevaluating
ChatterBot Victor reevaluating
ChatterBot November reevaluating
ChatterBot Delta reevaluating
ChatterBot X-ray reevaluating
ChatterBot Juliett reevaluating
2024-10-14 18:54:08.027960 Kilo: We should add Juliett
2024-10-14 18:54:08.028247 Victor: We should add Juliett
2024-10-14 18:54:08.028450 Delta: We should add Juliett
ChatterBot Victor reevaluating
ChatterBot November reevaluating
ChatterBot Delta reevaluating
ChatterBot X-ray reevaluating
ChatterBot Tango reevaluating
2024-10-14 18:54:08.040346 Victor: Yes
2024-10-14 18:54:08.040461 November: No
2024-10-14 18:54:08.040559 Delta: Yes
2024-10-14 18:54:08.040652 X-ray: Yes
2024-10-14 18:54:08.040750 Tango: Yes
ChatterBot Kilo reevaluating
ChatterBot November reevaluating
ChatterBot Delta reevaluating
ChatterBot X-ray reevaluating
ChatterBot Tango reevaluating
ChatterBot Victor reevaluating
2024-10-14 18:54:08.054273 Kilo: Yes
ChatterBot Kilo reevaluating
2024-10-14 18:54:08.056882 November: No
ChatterBot November reevaluating
2024-10-14 18:54:08.059060 Delta: Yes
2024-10-14 18:54:08.059198 X-ray: Yes
ChatterBot X-ray reevaluating
2024-10-14 18:54:08.061439 Tango: No
ChatterBot Tango reevaluating
2024-10-14 18:54:08.063710 Victor: Yes
2024-10-14 18:54:08.063847 Kilo: Yes
ChatterBot Kilo reevaluating
2024-10-14 18:54:08.066393 November: No
ChatterBot November reevaluating
ChatterBot Delta reevaluating
2024-10-14 18:54:08.070709 X-ray: Yes
ChatterBot X-ray reevaluating
2024-10-14 18:54:08.073387 Tango: Yes
ChatterBot Tango reevaluating
ChatterBot Victor reevaluating
ChatterBot Kilo reevaluating
ChatterBot Delta reevaluating
ChatterBot X-ray reevaluating
ChatterBot Tango reevaluating
ChatterBot Victor reevaluating
ChatterBot Kilo reevaluating
ChatterBot November reevaluating
ChatterBot X-ray reevaluating
ChatterBot Tango reevaluating
ChatterBot Victor reevaluating
ChatterBot Kilo reevaluating
ChatterBot November reevaluating
ChatterBot Delta reevaluating
ChatterBot Tango reevaluating
ChatterBot Victor reevaluating
ChatterBot Kilo reevaluating
ChatterBot November reevaluating
ChatterBot Delta reevaluating
ChatterBot X-ray reevaluating
ChatterBot Victor reevaluating
ChatterBot November reevaluating
ChatterBot Delta reevaluating
ChatterBot X-ray reevaluating
ChatterBot Tango reevaluating
ChatterBot Victor reevaluating
ChatterBot Kilo reevaluating
ChatterBot Delta reevaluating
ChatterBot X-ray reevaluating
ChatterBot Tango reevaluating
ChatterBot Victor reevaluating
ChatterBot Kilo reevaluating
ChatterBot November reevaluating
ChatterBot X-ray reevaluating
ChatterBot Tango reevaluating
ChatterBot Victor reevaluating
ChatterBot Kilo reevaluating
ChatterBot November reevaluating
ChatterBot Delta reevaluating
ChatterBot Tango reevaluating
ChatterBot Victor reevaluating
ChatterBot Kilo reevaluating
ChatterBot November reevaluating
ChatterBot Delta reevaluating
ChatterBot X-ray reevaluating
ChatterBot Kilo reevaluating
ChatterBot November reevaluating
ChatterBot Delta reevaluating
ChatterBot X-ray reevaluating
ChatterBot Tango reevaluating
ChatterBot Victor reevaluating
ChatterBot November reevaluating
ChatterBot Delta reevaluating
ChatterBot X-ray reevaluating
ChatterBot Tango reevaluating
ChatterBot Victor reevaluating
ChatterBot Kilo reevaluating
ChatterBot Delta reevaluating
ChatterBot X-ray reevaluating
ChatterBot Tango reevaluating
ChatterBot Victor reevaluating
ChatterBot Kilo reevaluating
ChatterBot November reevaluating
ChatterBot Delta reevaluating
ChatterBot Tango reevaluating
ChatterBot Victor reevaluating
ChatterBot Kilo reevaluating
ChatterBot November reevaluating
ChatterBot Delta reevaluating
ChatterBot X-ray reevaluating
2024-10-14 18:54:08.283600 Romeo: Foxtrot, sending you 7
2024-10-14 18:54:08.288680 Romeo: Sierra, sending you 5
2024-10-14 18:54:08.288994 Foxtrot: Romeo, sending you 4
2024-10-14 18:54:08.291668 Foxtrot: Sierra, sending you 5
2024-10-14 18:54:08.298681 Victor: Kilo, sending you 3
2024-10-14 18:54:08.301674 Victor: November and Delta, sending you 4
2024-10-14 18:54:08.302694 Sierra: Romeo, sending you 7
2024-10-14 18:54:08.305071 Victor: X-ray, sending you 7
2024-10-14 18:54:08.305674 Juliett: Victor, November and X-ray, sending you 2
2024-10-14 18:54:08.306074 Kilo: Victor, November, Delta and Tango, sending you 2
2024-10-14 18:54:08.306434 Sierra: Foxtrot, sending you 9
2024-10-14 18:54:08.308670 Delta: Victor and Juliett, sending you 3
2024-10-14 18:54:08.309088 Juliett: Kilo, sending you 6
2024-10-14 18:54:08.309398 Kilo: X-ray and Juliett, sending you 1
2024-10-14 18:54:08.309753 Victor: Tango, sending you 2
2024-10-14 18:54:08.310666 X-ray: Victor, sending you 8
2024-10-14 18:54:08.312252 Tango: Victor, sending you 2
2024-10-14 18:54:08.312810 Delta: Kilo, X-ray and Tango, sending you 2
2024-10-14 18:54:08.313161 Juliett: Delta, sending you 5
2024-10-14 18:54:08.315845 X-ray: Kilo, sending you 2
2024-10-14 18:54:08.316211 Delta: November, sending you 4
2024-10-14 18:54:08.317666 Tango: Kilo, Delta and X-ray, sending you 3
2024-10-14 18:54:08.318669 X-ray: November, sending you 1
2024-10-14 18:54:08.320645 Tango: November, sending you 5
2024-10-14 18:54:08.322666 X-ray: Delta and Tango, sending you 4
chatterbot Juliett submitting transactions
chatterbot Foxtrot submitting transactions
chatterbot Sierra submitting transactions
chatterbot November submitting transactions
chatterbot Kilo submitting transactions
chatterbot Tango submitting transactions
chatterbot Romeo submitting transactions
chatterbot X-ray submitting transactions
chatterbot Victor submitting transactions
chatterbot Delta submitting transactions
ChatterBot Romeo round 7
ChatterBot Victor round 7
ChatterBot Kilo round 7
ChatterBot November round 7
ChatterBot Delta round 7
ChatterBot X-ray round 7
ChatterBot Foxtrot round 7
ChatterBot Tango round 7
ChatterBot Sierra round 7
ChatterBot Juliett round 7
2024-10-14 18:54:09.585207 Romeo: Foxtrot, sending you 7
2024-10-14 18:54:09.585811 Kilo: Victor, November and Delta, sending you 2
2024-10-14 18:54:09.600307 Romeo: Sierra, sending you 5
2024-10-14 18:54:09.600841 Foxtrot: Romeo, sending you 4
2024-10-14 18:54:09.601256 Kilo: X-ray, Tango and Juliett, sending you 1
2024-10-14 18:54:09.603187 Victor: Kilo and Tango, sending you 2
2024-10-14 18:54:09.604965 X-ray: Victor, sending you 8
2024-10-14 18:54:09.606237 Foxtrot: Sierra, sending you 5
2024-10-14 18:54:09.613441 Sierra: Romeo, sending you 7
2024-10-14 18:54:09.615015 Tango: Victor, sending you 2
2024-10-14 18:54:09.617478 X-ray: Kilo and November, sending you 2
2024-10-14 18:54:09.618875 Victor: November and Delta, sending you 4
2024-10-14 18:54:09.620801 Delta: Victor, November, X-ray and Juliett, sending you 3
2024-10-14 18:54:09.622971 Juliett: Victor, November and X-ray, sending you 2
2024-10-14 18:54:09.625274 Sierra: Foxtrot, sending you 9
2024-10-14 18:54:09.625994 Tango: Kilo, Delta and X-ray, sending you 3
2024-10-14 18:54:09.627524 X-ray: Delta, sending you 3
2024-10-14 18:54:09.628439 Victor: X-ray, sending you 7
2024-10-14 18:54:09.630197 Delta: Kilo and Tango, sending you 2
2024-10-14 18:54:09.631125 Juliett: Kilo, sending you 4
2024-10-14 18:54:09.632601 Tango: November, sending you 4
2024-10-14 18:54:09.633361 X-ray: Tango, sending you 4
2024-10-14 18:54:09.634100 Victor: Juliett, sending you 1
2024-10-14 18:54:09.635961 Juliett: Delta, sending you 7
2024-10-14 18:54:09.646871 Tango: Juliett, sending you 1
chatterbot Sierra submitting transactions
chatterbot Foxtrot submitting transactions
chatterbot Juliett submitting transactions
chatterbot Tango submitting transactions
chatterbot Kilo submitting transactions
chatterbot Delta submitting transactions
chatterbot November submitting transactions
chatterbot Victor submitting transactions
chatterbot X-ray submitting transactions
chatterbot Romeo submitting transactions
ChatterBot Romeo round 8
ChatterBot Victor round 8
ChatterBot Kilo round 8
ChatterBot November round 8
ChatterBot Delta round 8
ChatterBot X-ray round 8
ChatterBot Foxtrot round 8
ChatterBot Tango round 8
ChatterBot Sierra round 8
ChatterBot Juliett round 8
2024-10-14 18:54:10.754598 Romeo: Foxtrot, sending you 7
2024-10-14 18:54:10.758709 Romeo: Sierra, sending you 5
2024-10-14 18:54:10.759421 Kilo: Victor, November and Delta, sending you 2
2024-10-14 18:54:10.760496 Victor: Kilo, sending you 3
2024-10-14 18:54:10.762318 Juliett: We should drop November
2024-10-14 18:54:10.779376 Victor: No
2024-10-14 18:54:10.779573 Kilo: No
2024-10-14 18:54:10.780422 Delta: No
2024-10-14 18:54:10.780695 X-ray: No
2024-10-14 18:54:10.781002 Tango: No
ChatterBot Tango reevaluating
ChatterBot Juliett reevaluating
ChatterBot Tango reevaluating
ChatterBot Juliett reevaluating
ChatterBot Tango reevaluating
ChatterBot Juliett reevaluating
2024-10-14 18:54:10.876098 Kilo: X-ray, Tango and Juliett, sending you 1
2024-10-14 18:54:10.877474 Victor: November and Delta, sending you 4
2024-10-14 18:54:10.879666 Sierra: Romeo, sending you 7
2024-10-14 18:54:10.880698 Victor: X-ray, sending you 7
2024-10-14 18:54:10.881696 Foxtrot: Romeo, sending you 4
2024-10-14 18:54:10.882028 X-ray: Victor, sending you 8
2024-10-14 18:54:10.882708 Delta: Victor and Juliett, sending you 3
2024-10-14 18:54:10.884241 Sierra: Foxtrot, sending you 8
2024-10-14 18:54:10.884673 Victor: Tango, sending you 2
2024-10-14 18:54:10.886417 X-ray: Kilo and November, sending you 2
2024-10-14 18:54:10.887064 Foxtrot: Sierra, sending you 5
2024-10-14 18:54:10.887465 Delta: Kilo, X-ray and Tango, sending you 2
2024-10-14 18:54:10.891041 X-ray: Delta and Tango, sending you 3
2024-10-14 18:54:10.892654 Delta: November, sending you 4
2024-10-14 18:54:10.895677 X-ray: Juliett, sending you 1
2024-10-14 18:54:10.900717 Tango: Victor and Kilo, sending you 2
2024-10-14 18:54:10.907098 Tango: November, sending you 5
2024-10-14 18:54:10.910646 Tango: Delta, sending you 3
2024-10-14 18:54:10.915656 Tango: X-ray, sending you 4
chatterbot X-ray submitting transactions
chatterbot Kilo submitting transactions
chatterbot Juliett submitting transactions
chatterbot Delta submitting transactions
chatterbot November submitting transactions
chatterbot Foxtrot submitting transactions
chatterbot Romeo submitting transactions
chatterbot Victor submitting transactions
chatterbot Sierra submitting transactions
chatterbot Tango submitting transactions
ChatterBot Romeo round 9
ChatterBot Victor round 9
ChatterBot Kilo round 9
ChatterBot November round 9
ChatterBot Delta round 9
ChatterBot X-ray round 9
ChatterBot Foxtrot round 9
ChatterBot Tango round 9
ChatterBot Sierra round 9
ChatterBot Juliett round 9
2024-10-14 18:54:12.126020 Juliett: We should drop November
ChatterBot Tango reevaluating
2024-10-14 18:54:12.142081 Victor: No
2024-10-14 18:54:12.142211 Kilo: No
2024-10-14 18:54:12.142318 Delta: No
2024-10-14 18:54:12.142442 X-ray: No
2024-10-14 18:54:12.142539 Tango: No
ChatterBot Juliett reevaluating
ChatterBot Tango reevaluating
ChatterBot Juliett reevaluating
ChatterBot Tango reevaluating
ChatterBot Juliett reevaluating
ChatterBot Tango reevaluating
ChatterBot Juliett reevaluating
ChatterBot Tango reevaluating
ChatterBot Juliett reevaluating
2024-10-14 18:54:12.214279 Delta: Victor and Juliett, sending you 3
2024-10-14 18:54:12.214792 Victor: Kilo, sending you 2
2024-10-14 18:54:12.216673 Kilo: Victor, November and Delta, sending you 2
2024-10-14 18:54:12.218108 Victor: November and Delta, sending you 3
2024-10-14 18:54:12.218702 X-ray: Victor, sending you 8
2024-10-14 18:54:12.219538 Juliett: We should drop Tango
2024-10-14 18:54:12.232668 Victor: No
2024-10-14 18:54:12.232851 Kilo: No
2024-10-14 18:54:12.233045 November: No
2024-10-14 18:54:12.233203 Delta: No
2024-10-14 18:54:12.233326 X-ray: No
ChatterBot Juliett reevaluating
ChatterBot Kilo reevaluating
ChatterBot X-ray reevaluating
ChatterBot Juliett reevaluating
ChatterBot X-ray reevaluating
ChatterBot Juliett reevaluating
ChatterBot Kilo reevaluating
ChatterBot X-ray reevaluating
ChatterBot Juliett reevaluating
ChatterBot Kilo reevaluating
ChatterBot X-ray reevaluating
ChatterBot Juliett reevaluating
ChatterBot Kilo reevaluating
2024-10-14 18:54:12.295948 Delta: Kilo, X-ray and Tango, sending you 2
2024-10-14 18:54:12.296455 Foxtrot: Romeo, sending you 4
2024-10-14 18:54:12.296740 Romeo: Foxtrot, sending you 7
2024-10-14 18:54:12.297106 Victor: X-ray, sending you 5
2024-10-14 18:54:12.299665 Foxtrot: Sierra, sending you 5
2024-10-14 18:54:12.300680 Delta: November, sending you 4
2024-10-14 18:54:12.301594 Romeo: Sierra, sending you 5
2024-10-14 18:54:12.302023 Victor: Tango, sending you 1
2024-10-14 18:54:12.303023 Victor: I was attacked by Sierra
ChatterBot Kilo reevaluating
ChatterBot November reevaluating
ChatterBot Delta reevaluating
ChatterBot X-ray reevaluating
ChatterBot Tango reevaluating
ChatterBot Juliett reevaluating
2024-10-14 18:54:12.325392 Victor: Ow
2024-10-14 18:54:12.326849 Sierra: Romeo, sending you 7
2024-10-14 18:54:12.331122 Juliett: We should drop Victor
ChatterBot Kilo reevaluating
ChatterBot November reevaluating
ChatterBot Delta reevaluating
ChatterBot X-ray reevaluating
ChatterBot Tango reevaluating
2024-10-14 18:54:12.345911 Kilo: No
2024-10-14 18:54:12.346040 November: No
2024-10-14 18:54:12.346153 Delta: No
2024-10-14 18:54:12.346261 X-ray: No
2024-10-14 18:54:12.346373 Tango: No
ChatterBot Juliett reevaluating
ChatterBot November reevaluating
ChatterBot Delta reevaluating
ChatterBot X-ray reevaluating
ChatterBot Tango reevaluating
ChatterBot Juliett reevaluating
ChatterBot Kilo reevaluating
ChatterBot Delta reevaluating
ChatterBot X-ray reevaluating
ChatterBot Tango reevaluating
ChatterBot Juliett reevaluating
ChatterBot Kilo reevaluating
ChatterBot November reevaluating
ChatterBot X-ray reevaluating
ChatterBot Tango reevaluating
ChatterBot Juliett reevaluating
ChatterBot Kilo reevaluating
ChatterBot November reevaluating
ChatterBot Delta reevaluating
ChatterBot Tango reevaluating
ChatterBot Juliett reevaluating
ChatterBot Kilo reevaluating
ChatterBot November reevaluating
ChatterBot Delta reevaluating
ChatterBot X-ray reevaluating
2024-10-14 18:54:12.415164 Sierra: Foxtrot, sending you 9
2024-10-14 18:54:12.425114 Juliett: We should drop Kilo
ChatterBot Victor reevaluating
ChatterBot Delta reevaluating
2024-10-14 18:54:12.438726 Victor: No
2024-10-14 18:54:12.438922 November: No
2024-10-14 18:54:12.439077 Delta: No
2024-10-14 18:54:12.439220 X-ray: No
2024-10-14 18:54:12.439920 Tango: No
ChatterBot Juliett reevaluating
ChatterBot Delta reevaluating
ChatterBot Juliett reevaluating
ChatterBot Victor reevaluating
ChatterBot Delta reevaluating
ChatterBot Juliett reevaluating
ChatterBot Victor reevaluating
ChatterBot November reevaluating
ChatterBot Juliett reevaluating
ChatterBot Victor reevaluating
ChatterBot November reevaluating
ChatterBot Delta reevaluating
ChatterBot Juliett reevaluating
ChatterBot Victor reevaluating
ChatterBot November reevaluating
ChatterBot Delta reevaluating
2024-10-14 18:54:12.504897 Kilo: Sorry, I'm actually sending you 0
2024-10-14 18:54:12.509676 Tango: Victor and Kilo, sending you 2
2024-10-14 18:54:12.512890 Victor: We should drop Juliett
ChatterBot Kilo reevaluating
ChatterBot November reevaluating
2024-10-14 18:54:12.545100 Kilo: Yes
2024-10-14 18:54:12.545353 November: Yes
2024-10-14 18:54:12.545557 Delta: Yes
2024-10-14 18:54:12.545769 X-ray: Yes
2024-10-14 18:54:12.545971 Tango: Yes
ChatterBot Victor reevaluating
ChatterBot November reevaluating
ChatterBot Victor reevaluating
ChatterBot Kilo reevaluating
ChatterBot Victor reevaluating
ChatterBot Kilo reevaluating
ChatterBot November reevaluating
ChatterBot Victor reevaluating
ChatterBot Kilo reevaluating
ChatterBot November reevaluating
ChatterBot Victor reevaluating
ChatterBot Kilo reevaluating
ChatterBot November reevaluating
2024-10-14 18:54:12.616581 Tango: November, sending you 5
2024-10-14 18:54:12.617320 Delta: Sorry, I'm actually sending you 0
2024-10-14 18:54:12.619712 Tango: Delta, sending you 3
2024-10-14 18:54:12.621668 Delta: Victor and November, sending you 4
2024-10-14 18:54:12.624247 Tango: X-ray, sending you 4
2024-10-14 18:54:12.632251 Delta: X-ray and Tango, sending you 3
2024-10-14 18:54:12.641684 Juliett: Victor, X-ray and Tango, sending you 2
2024-10-14 18:54:12.644102 Victor: Sorry, I'm actually sending you 0
2024-10-14 18:54:12.646667 Juliett: Kilo, sending you 4
2024-10-14 18:54:12.650665 Juliett: Delta, sending you 7
chatterbot Foxtrot submitting transactions
chatterbot Delta submitting transactions
chatterbot November submitting transactions
chatterbot Sierra submitting transactions
chatterbot Juliett submitting transactions
chatterbot Romeo submitting transactions
chatterbot Victor submitting transactions
chatterbot Tango submitting transactions
chatterbot X-ray submitting transactions
chatterbot Victor submitting transactions
chatterbot Kilo submitting transactions
ChatterBot Romeo round 10
ChatterBot Victor round 10
ChatterBot Kilo round 10
ChatterBot November round 10
ChatterBot Delta round 10
ChatterBot X-ray round 10
ChatterBot Foxtrot round 10
ChatterBot Tango round 10
ChatterBot Sierra round 10
ChatterBot Juliett round 10
2024-10-14 18:54:13.766661 Delta: Victor and November, sending you 4
2024-10-14 18:54:13.770651 Delta: Kilo, sending you 2
2024-10-14 18:54:13.774688 Tango: Victor and Kilo, sending you 2
2024-10-14 18:54:13.776520 Delta: X-ray and Tango, sending you 3
2024-10-14 18:54:13.777764 Kilo: Victor, November and Delta, sending you 2
2024-10-14 18:54:13.778535 Romeo: Foxtrot, sending you 7
2024-10-14 18:54:13.778942 Tango: November, sending you 5
2024-10-14 18:54:13.779720 Victor: Kilo and Tango, sending you 2
2024-10-14 18:54:13.782674 Kilo: X-ray and Tango, sending you 1
2024-10-14 18:54:13.783676 Romeo: Sierra, sending you 5
2024-10-14 18:54:13.784008 Tango: Delta, sending you 3
2024-10-14 18:54:13.785304 Foxtrot: Romeo, sending you 4
2024-10-14 18:54:13.785637 Victor: November and Delta, sending you 4
2024-10-14 18:54:13.786681 Juliett: Victor, X-ray and Tango, sending you 2
2024-10-14 18:54:13.788659 Tango: X-ray, sending you 4
2024-10-14 18:54:13.789261 Foxtrot: Sierra, sending you 5
2024-10-14 18:54:13.789665 Victor: X-ray, sending you 7
2024-10-14 18:54:13.790775 Juliett: Kilo, sending you 4
2024-10-14 18:54:13.792670 Sierra: Romeo, sending you 7
2024-10-14 18:54:13.795690 Juliett: Delta, sending you 7
2024-10-14 18:54:13.797906 Sierra: Foxtrot, sending you 9
chatterbot Romeo submitting transactions
chatterbot Foxtrot submitting transactions
chatterbot Tango submitting transactions
chatterbot Kilo submitting transactions
chatterbot Sierra submitting transactions
chatterbot X-ray submitting transactions
chatterbot Juliett submitting transactions
chatterbot Victor submitting transactions
chatterbot November submitting transactions
chatterbot Delta submitting transactions
ChatterBot Romeo round 11
ChatterBot Victor round 11
ChatterBot Kilo round 11
ChatterBot November round 11
ChatterBot Delta round 11
ChatterBot X-ray round 11
ChatterBot Foxtrot round 11
ChatterBot Tango round 11
ChatterBot Sierra round 11
ChatterBot Juliett round 11
2024-10-14 18:54:15.000032 Juliett: We should replace X-ray with November
2024-10-14 18:54:15.013376 Victor: No
2024-10-14 18:54:15.013707 Kilo: No
2024-10-14 18:54:15.013958 Delta: No
2024-10-14 18:54:15.014156 Tango: No
ChatterBot Juliett reevaluating
ChatterBot Juliett reevaluating
ChatterBot Juliett reevaluating
ChatterBot Juliett reevaluating
2024-10-14 18:54:15.072666 Romeo: Foxtrot, sending you 7
2024-10-14 18:54:15.073271 Kilo: Victor, November and Delta, sending you 2
2024-10-14 18:54:15.076694 Romeo: Sierra, sending you 5
2024-10-14 18:54:15.079803 Juliett: November we want you to join our group
2024-10-14 18:54:15.084206 November: No
ChatterBot Juliett reevaluating
2024-10-14 18:54:15.102522 Kilo: X-ray and Tango, sending you 1
2024-10-14 18:54:15.104178 Victor: Kilo, sending you 3
2024-10-14 18:54:15.105450 Foxtrot: Romeo, sending you 4
2024-10-14 18:54:15.106066 Tango: Victor and Kilo, sending you 2
2024-10-14 18:54:15.107708 Delta: Victor and November, sending you 4
2024-10-14 18:54:15.108805 Victor: November and Delta, sending you 4
2024-10-14 18:54:15.109951 Sierra: Romeo, sending you 7
2024-10-14 18:54:15.110631 Tango: November, sending you 5
2024-10-14 18:54:15.111700 Foxtrot: Sierra, sending you 5
2024-10-14 18:54:15.113068 Sierra: Foxtrot, sending you 9
2024-10-14 18:54:15.114229 Delta: Kilo, sending you 2
2024-10-14 18:54:15.115982 Victor: X-ray, sending you 7
2024-10-14 18:54:15.117400 Tango: Delta, sending you 3
2024-10-14 18:54:15.119696 Delta: X-ray and Tango, sending you 3
2024-10-14 18:54:15.121689 Victor: Tango, sending you 2
2024-10-14 18:54:15.123717 Tango: X-ray, sending you 4
2024-10-14 18:54:15.127948 Juliett: Victor, X-ray and Tango, sending you 2
2024-10-14 18:54:15.130667 Juliett: Kilo, sending you 4
2024-10-14 18:54:15.133702 Juliett: Delta, sending you 7
chatterbot Kilo submitting transactions
chatterbot Sierra submitting transactions
chatterbot November submitting transactions
chatterbot Victor submitting transactions
chatterbot Tango submitting transactions
chatterbot Romeo submitting transactions
chatterbot Delta submitting transactions
chatterbot Foxtrot submitting transactions
chatterbot Juliett submitting transactions
chatterbot X-ray submitting transactions
ChatterBot Romeo round 12
ChatterBot Victor round 12
ChatterBot Kilo round 12
ChatterBot November round 12
ChatterBot Delta round 12
ChatterBot X-ray round 12
ChatterBot Foxtrot round 12
ChatterBot Tango round 12
ChatterBot Sierra round 12
ChatterBot Juliett round 12
2024-10-14 18:54:16.309718 Romeo: Foxtrot, sending you 7
2024-10-14 18:54:16.312663 Foxtrot: Romeo, sending you 4
2024-10-14 18:54:16.313186 Delta: Victor and November, sending you 4
2024-10-14 18:54:16.314831 Victor: Kilo and Tango, sending you 2
2024-10-14 18:54:16.315849 Kilo: Victor, November and Delta, sending you 2
2024-10-14 18:54:16.317180 Romeo: Sierra, sending you 5
2024-10-14 18:54:16.317683 Foxtrot: Sierra, sending you 5
2024-10-14 18:54:16.318677 Victor: November and Delta, sending you 4
2024-10-14 18:54:16.320337 Delta: Kilo, sending you 2
2024-10-14 18:54:16.321397 Sierra: Romeo, sending you 7
2024-10-14 18:54:16.321878 Juliett: Victor, X-ray and Tango, sending you 2
2024-10-14 18:54:16.322594 Kilo: X-ray and Tango, sending you 1
2024-10-14 18:54:16.323621 Tango: Victor and Kilo, sending you 2
2024-10-14 18:54:16.324773 Victor: X-ray, sending you 8
2024-10-14 18:54:16.326566 Delta: X-ray and Tango, sending you 3
2024-10-14 18:54:16.328389 Sierra: Foxtrot, sending you 9
2024-10-14 18:54:16.328862 Juliett: Kilo, sending you 4
2024-10-14 18:54:16.329498 Tango: November, sending you 5
2024-10-14 18:54:16.333658 Juliett: Delta, sending you 7
2024-10-14 18:54:16.334645 Tango: Delta, sending you 3
2024-10-14 18:54:16.337686 Tango: X-ray, sending you 4
chatterbot November submitting transactions
chatterbot X-ray submitting transactions
chatterbot Sierra submitting transactions
