ChatterBot November round 1
ChatterBot Romeo round 1
ChatterBot India round 1
ChatterBot Zulu round 1
ChatterBot Sierra round 1
ChatterBot Juliett round 1
ChatterBot Whiskey round 1
ChatterBot Echo round 1
ChatterBot Alpha round 1
ChatterBot Lima round 1
randomSelections India: {India, Lima, Echo, Alpha, Whiskey, Zulu} 
2024-10-14 18:53:59.946604 India: We should group up
ChatterBot Lima reevaluating
ChatterBot Echo reevaluating
ChatterBot Alpha reevaluating
ChatterBot Whiskey reevaluating
ChatterBot Zulu reevaluating
2024-10-14 18:54:00.030773 Lima: Yes
2024-10-14 18:54:00.031084 Echo: Yes
2024-10-14 18:54:00.031450 Alpha: Yes
2024-10-14 18:54:00.032731 Whiskey: Yes
2024-10-14 18:54:00.032986 Zulu: Yes
ChatterBot Echo reevaluating
ChatterBot Alpha reevaluating
ChatterBot Whiskey reevaluating
ChatterBot Zulu reevaluating
ChatterBot Lima reevaluating
ChatterBot Alpha reevaluating
ChatterBot Whiskey reevaluating
ChatterBot Zulu reevaluating
ChatterBot Lima reevaluating
ChatterBot Echo reevaluating
ChatterBot Whiskey reevaluating
ChatterBot Zulu reevaluating
ChatterBot Lima reevaluating
ChatterBot Echo reevaluating
ChatterBot Alpha reevaluating
ChatterBot Zulu reevaluating
ChatterBot Lima reevaluating
ChatterBot Echo reevaluating
ChatterBot Alpha reevaluating
ChatterBot Whiskey reevaluating
randomSelections Sierra: {Sierra, Whiskey, Alpha, India, Zulu, Romeo, Juliett, Echo} 
2024-10-14 18:54:00.103275 Sierra: Group up?
ChatterBot Whiskey reevaluating
ChatterBot Alpha reevaluating
ChatterBot Zulu reevaluating
ChatterBot Romeo reevaluating
ChatterBot Juliett reevaluating
ChatterBot Echo reevaluating
2024-10-14 18:54:00.122185 Whiskey: No
2024-10-14 18:54:00.122481 Alpha: No
2024-10-14 18:54:00.122803 India: No
2024-10-14 18:54:00.123042 Zulu: No
2024-10-14 18:54:00.123742 Romeo: Yes
2024-10-14 18:54:00.123935 Juliett: Yes
2024-10-14 18:54:00.124062 Echo: No
ChatterBot Alpha reevaluating
ChatterBot Zulu reevaluating
ChatterBot Romeo reevaluating
ChatterBot Juliett reevaluating
ChatterBot Echo reevaluating
ChatterBot Whiskey reevaluating
ChatterBot Zulu reevaluating
ChatterBot Romeo reevaluating
ChatterBot Juliett reevaluating
ChatterBot Echo reevaluating
ChatterBot Whiskey reevaluating
ChatterBot Alpha reevaluating
ChatterBot Zulu reevaluating
ChatterBot Romeo reevaluating
ChatterBot Juliett reevaluating
ChatterBot Echo reevaluating
ChatterBot Whiskey reevaluating
ChatterBot Alpha reevaluating
ChatterBot Romeo reevaluating
ChatterBot Juliett reevaluating
ChatterBot Echo reevaluating
ChatterBot Whiskey reevaluating
ChatterBot Alpha reevaluating
ChatterBot Zulu reevaluating
ChatterBot Juliett reevaluating
ChatterBot Echo reevaluating
ChatterBot Whiskey reevaluating
ChatterBot Alpha reevaluating
ChatterBot Zulu reevaluating
ChatterBot Romeo reevaluating
ChatterBot Echo reevaluating
ChatterBot Whiskey reevaluating
ChatterBot Alpha reevaluating
ChatterBot Zulu reevaluating
ChatterBot Romeo reevaluating
ChatterBot Juliett reevaluating
randomSelections November: {November, Romeo, Alpha, India, Zulu, Juliett} 
2024-10-14 18:54:00.256626 November: We would work well together
ChatterBot Romeo reevaluating
ChatterBot Alpha reevaluating
ChatterBot Zulu reevaluating
ChatterBot Juliett reevaluating
2024-10-14 18:54:00.270094 Romeo: No
2024-10-14 18:54:00.270306 Alpha: No
2024-10-14 18:54:00.270590 India: No
2024-10-14 18:54:00.271452 Zulu: No
2024-10-14 18:54:00.271685 Juliett: No
ChatterBot Alpha reevaluating
ChatterBot Zulu reevaluating
ChatterBot Juliett reevaluating
ChatterBot Romeo reevaluating
ChatterBot Zulu reevaluating
ChatterBot Juliett reevaluating
ChatterBot Romeo reevaluating
ChatterBot Alpha reevaluating
ChatterBot Zulu reevaluating
ChatterBot Juliett reevaluating
ChatterBot Romeo reevaluating
ChatterBot Alpha reevaluating
ChatterBot Juliett reevaluating
ChatterBot Romeo reevaluating
ChatterBot Alpha reevaluating
ChatterBot Zulu reevaluating
2024-10-14 18:54:00.408475 Sierra: Romeo and India, sending you 2
2024-10-14 18:54:00.409765 Whiskey: India, sending you 2
2024-10-14 18:54:00.410990 Zulu: India, sending you 2
2024-10-14 18:54:00.411547 November: Romeo, sending you 3
2024-10-14 18:54:00.412193 Romeo: India and Juliett, sending you 2
2024-10-14 18:54:00.413423 Alpha: Echo and Lima, sending you 2
2024-10-14 18:54:00.415011 Sierra: Zulu and Whiskey, sending you 1
2024-10-14 18:54:00.420639 Whiskey: Zulu and Echo, sending you 5
2024-10-14 18:54:00.422302 Zulu: Whiskey, sending you 3
2024-10-14 18:54:00.422948 November: India, Zulu and Juliett, sending you 2
2024-10-14 18:54:00.424079 Echo: India, Zulu and Alpha, sending you 3
2024-10-14 18:54:00.425391 Romeo: Zulu, Sierra, Echo and Alpha, sending you 1
2024-10-14 18:54:00.426927 Juliett: Romeo, sending you 2
2024-10-14 18:54:00.427377 India: Zulu and Whiskey, sending you 5
2024-10-14 18:54:00.427922 Sierra: Juliett and Alpha, sending you 3
2024-10-14 18:54:00.429123 Whiskey: Alpha, sending you 3
2024-10-14 18:54:00.429522 Zulu: Alpha, sending you 1
2024-10-14 18:54:00.430428 November: Alpha, sending you 4
2024-10-14 18:54:00.430888 Echo: Lima, sending you 6
2024-10-14 18:54:00.431865 Lima: India, sending you 2
2024-10-14 18:54:00.432865 Juliett: India, Sierra and Echo, sending you 1
2024-10-14 18:54:00.434379 Romeo: Whiskey, sending you 3
2024-10-14 18:54:00.435976 Sierra: Echo, sending you 4
2024-10-14 18:54:00.437553 India: Echo, sending you 3
2024-10-14 18:54:00.438202 Zulu: Lima, sending you 4
2024-10-14 18:54:00.439419 Lima: Whiskey and Alpha, sending you 5
2024-10-14 18:54:00.440781 Juliett: Zulu and Alpha, sending you 3
2024-10-14 18:54:00.442464 India: Alpha and Lima, sending you 1
2024-10-14 18:54:00.461090 Lima: Echo, sending you 3
2024-10-14 18:54:00.462534 Juliett: Whiskey, sending you 4
chatterbot Sierra submitting transactions
chatterbot Alpha submitting transactions
chatterbot Echo submitting transactions
chatterbot Romeo submitting transactions
chatterbot Zulu submitting transactions
chatterbot Whiskey submitting transactions
chatterbot India submitting transactions
chatterbot November submitting transactions
chatterbot Juliett submitting transactions
chatterbot Lima submitting transactions
ChatterBot November round 2
ChatterBot Romeo round 2
ChatterBot India round 2
ChatterBot Zulu round 2
ChatterBot Sierra round 2
ChatterBot Juliett round 2
2024-10-14 18:54:01.540276 India: We should group up
ChatterBot Zulu reevaluating
ChatterBot Whiskey reevaluating
ChatterBot Echo reevaluating
ChatterBot Alpha reevaluating
ChatterBot Lima reevaluating
ChatterBot November reevaluating
ChatterBot Romeo reevaluating
ChatterBot Sierra reevaluating
ChatterBot Juliett reevaluating
2024-10-14 18:54:01.654208 Zulu: No
2024-10-14 18:54:01.654417 Whiskey: No
2024-10-14 18:54:01.655029 Echo: No
2024-10-14 18:54:01.655197 Alpha: No
2024-10-14 18:54:01.655349 Lima: No
2024-10-14 18:54:01.655541 November: No
2024-10-14 18:54:01.655702 Romeo: No
2024-10-14 18:54:01.656265 Sierra: No
2024-10-14 18:54:01.656452 Juliett: No
ChatterBot Whiskey reevaluating
ChatterBot Echo reevaluating
ChatterBot Alpha reevaluating
ChatterBot Lima reevaluating
ChatterBot November reevaluating
ChatterBot Romeo reevaluating
ChatterBot Sierra reevaluating
ChatterBot Juliett reevaluating
ChatterBot Zulu reevaluating
ChatterBot Echo reevaluating
ChatterBot Alpha reevaluating
ChatterBot Lima reevaluating
ChatterBot November reevaluating
ChatterBot Romeo reevaluating
ChatterBot Sierra reevaluating
ChatterBot Juliett reevaluating
ChatterBot Zulu reevaluating
ChatterBot Whiskey reevaluating
ChatterBot Alpha reevaluating
ChatterBot Lima reevaluating
ChatterBot November reevaluating
ChatterBot Romeo reevaluating
ChatterBot Sierra reevaluating
ChatterBot Juliett reevaluating
ChatterBot Zulu reevaluating
ChatterBot Whiskey reevaluating
ChatterBot Echo reevaluating
ChatterBot Lima reevaluating
ChatterBot November reevaluating
ChatterBot Romeo reevaluating
ChatterBot Sierra reevaluating
ChatterBot Juliett reevaluating
ChatterBot Zulu reevaluating
ChatterBot Whiskey reevaluating
ChatterBot Echo reevaluating
ChatterBot Alpha reevaluating
ChatterBot November reevaluating
ChatterBot Romeo reevaluating
ChatterBot Sierra reevaluating
ChatterBot Juliett reevaluating
ChatterBot Zulu reevaluating
ChatterBot Whiskey reevaluating
ChatterBot Echo reevaluating
ChatterBot Alpha reevaluating
ChatterBot Lima reevaluating
ChatterBot Romeo reevaluating
ChatterBot Sierra reevaluating
ChatterBot Juliett reevaluating
ChatterBot Zulu reevaluating
ChatterBot Whiskey reevaluating
ChatterBot Echo reevaluating
ChatterBot Alpha reevaluating
ChatterBot Lima reevaluating
ChatterBot November reevaluating
ChatterBot Sierra reevaluating
ChatterBot Juliett reevaluating
ChatterBot Zulu reevaluating
ChatterBot Whiskey reevaluating
ChatterBot Echo reevaluating
ChatterBot Alpha reevaluating
ChatterBot Lima reevaluating
ChatterBot November reevaluating
ChatterBot Romeo reevaluating
ChatterBot Juliett reevaluating
ChatterBot Zulu reevaluating
ChatterBot Whiskey reevaluating
ChatterBot Echo reevaluating
ChatterBot Alpha reevaluating
ChatterBot Lima reevaluating
ChatterBot November reevaluating
ChatterBot Romeo reevaluating
ChatterBot Sierra reevaluating
ChatterBot Whiskey round 2
ChatterBot Echo round 2
ChatterBot Alpha round 2
ChatterBot Lima round 2
chatterbot India submitting transactions
2024-10-14 18:54:02.553664 Whiskey: We should drop Alpha
ChatterBot Zulu reevaluating
2024-10-14 18:54:02.582080 India: No
2024-10-14 18:54:02.582339 Zulu: No
2024-10-14 18:54:02.582496 Echo: No
2024-10-14 18:54:02.582669 Lima: No
ChatterBot Whiskey reevaluating
ChatterBot Zulu reevaluating
ChatterBot Whiskey reevaluating
ChatterBot Whiskey reevaluating
ChatterBot Zulu reevaluating
ChatterBot Whiskey reevaluating
ChatterBot Zulu reevaluating
2024-10-14 18:54:02.680816 Whiskey: We should add Sierra
ChatterBot Alpha reevaluating
ChatterBot Zulu reevaluating
2024-10-14 18:54:02.703914 India: Yes
2024-10-14 18:54:02.704094 Lima: No
2024-10-14 18:54:02.704212 Echo: No
2024-10-14 18:54:02.704313 Alpha: No
2024-10-14 18:54:02.704444 Zulu: No
ChatterBot Alpha reevaluating
ChatterBot Whiskey reevaluating
ChatterBot Zulu reevaluating
ChatterBot Alpha reevaluating
ChatterBot Whiskey reevaluating
ChatterBot Zulu reevaluating
ChatterBot Alpha reevaluating
ChatterBot Whiskey reevaluating
ChatterBot Zulu reevaluating
ChatterBot Whiskey reevaluating
ChatterBot Zulu reevaluating
ChatterBot Alpha reevaluating
ChatterBot Whiskey reevaluating
2024-10-14 18:54:02.974631 India: November, Romeo, Zulu, Sierra, Whiskey, Echo and Lima, sending you 2
2024-10-14 18:54:02.979928 Romeo: Sending you each 6
2024-10-14 18:54:02.981215 Sierra: Sending you each 8
2024-10-14 18:54:02.981830 Juliett: Sending you each 4
2024-10-14 18:54:02.982942 India: Juliett, sending you 1
2024-10-14 18:54:02.983538 November: India and Whiskey, sending you 5
2024-10-14 18:54:02.984641 Echo: India and Lima, sending you 5
2024-10-14 18:54:02.985323 Zulu: November we want you to join our group
ChatterBot November reevaluating
2024-10-14 18:54:02.993205 November: Yes
ChatterBot Whiskey reevaluating
ChatterBot Alpha reevaluating
2024-10-14 18:54:03.040378 November: Can we be friends?
2024-10-14 18:54:03.041250 Alpha: We should add November
ChatterBot Whiskey reevaluating
ChatterBot Alpha reevaluating
2024-10-14 18:54:03.070471 Zulu: Yes
2024-10-14 18:54:03.070653 India: Yes
2024-10-14 18:54:03.070786 Whiskey: Yes
2024-10-14 18:54:03.070902 Echo: No
2024-10-14 18:54:03.071024 Alpha: No
2024-10-14 18:54:03.071124 Lima: No
ChatterBot Whiskey reevaluating
2024-10-14 18:54:03.095609 India: Yes
2024-10-14 18:54:03.095766 Lima: No
2024-10-14 18:54:03.095881 Echo: No
2024-10-14 18:54:03.095999 Whiskey: Yes
2024-10-14 18:54:03.096108 Zulu: Yes
ChatterBot Whiskey reevaluating
ChatterBot Echo reevaluating
ChatterBot Alpha reevaluating
ChatterBot Lima reevaluating
ChatterBot November reevaluating
ChatterBot Whiskey reevaluating
ChatterBot Echo reevaluating
ChatterBot Alpha reevaluating
ChatterBot Lima reevaluating
ChatterBot November reevaluating
ChatterBot Echo reevaluating
ChatterBot Alpha reevaluating
ChatterBot Lima reevaluating
ChatterBot November reevaluating
ChatterBot Whiskey reevaluating
ChatterBot Alpha reevaluating
ChatterBot Lima reevaluating
ChatterBot November reevaluating
ChatterBot Whiskey reevaluating
ChatterBot Echo reevaluating
ChatterBot Lima reevaluating
ChatterBot November reevaluating
ChatterBot Whiskey reevaluating
ChatterBot Echo reevaluating
ChatterBot Alpha reevaluating
ChatterBot November reevaluating
ChatterBot Whiskey reevaluating
ChatterBot Echo reevaluating
ChatterBot Alpha reevaluating
ChatterBot Lima reevaluating
ChatterBot Whiskey reevaluating
ChatterBot Echo reevaluating
ChatterBot Alpha reevaluating
ChatterBot Whiskey reevaluating
ChatterBot Alpha reevaluating
ChatterBot Lima reevaluating
ChatterBot Zulu reevaluating
ChatterBot Echo reevaluating
ChatterBot Alpha reevaluating
ChatterBot Lima reevaluating
ChatterBot Whiskey reevaluating
ChatterBot Echo reevaluating
ChatterBot Alpha reevaluating
ChatterBot Lima reevaluating
chatterbot Sierra submitting transactions
chatterbot November submitting transactions
chatterbot Lima submitting transactions
2024-10-14 18:54:03.589228 November: India, Zulu, Whiskey, Echo and Alpha, sending you 3
2024-10-14 18:54:03.594920 November: Lima, sending you 2
2024-10-14 18:54:03.596079 Zulu: India and Whiskey, sending you 4
2024-10-14 18:54:03.627486 Lima: India, sending you 1
2024-10-14 18:54:03.629293 Alpha: India and Zulu, sending you 1
2024-10-14 18:54:03.631292 Zulu: Echo, sending you 3
2024-10-14 18:54:03.632783 Lima: Zulu, sending you 4
2024-10-14 18:54:03.640031 Alpha: Whiskey and Echo, sending you 4
2024-10-14 18:54:03.641161 Zulu: Alpha and Lima, sending you 2
2024-10-14 18:54:03.642164 Lima: Echo, sending you 8
2024-10-14 18:54:03.646142 Alpha: Lima, sending you 6
2024-10-14 18:54:03.647144 Lima: Alpha, sending you 2
chatterbot Echo submitting transactions
chatterbot Whiskey submitting transactions
chatterbot November submitting transactions
chatterbot Juliett submitting transactions
chatterbot Romeo submitting transactions
chatterbot Lima submitting transactions
2024-10-14 18:54:03.981654 Whiskey: November we want you to join our group
ChatterBot November reevaluating
2024-10-14 18:54:03.986999 November: No
ChatterBot Zulu reevaluating
ChatterBot Alpha reevaluating
ChatterBot Lima reevaluating
chatterbot Alpha submitting transactions
2024-10-14 18:54:04.041824 Alpha: November we want you to join our group
ChatterBot November reevaluating
2024-10-14 18:54:04.068665 November: Yes
ChatterBot Zulu reevaluating
ChatterBot Alpha reevaluating
ChatterBot Lima reevaluating
2024-10-14 18:54:04.121720 Whiskey: November, Echo and Alpha, sending you 1
2024-10-14 18:54:04.127116 Whiskey: India, sending you 5
2024-10-14 18:54:04.130661 Whiskey: Zulu, sending you 3
2024-10-14 18:54:04.135685 Whiskey: Lima, sending you 4
2024-10-14 18:54:04.146711 Alpha: November and Lima, sending you 4
2024-10-14 18:54:04.150678 Zulu: November, Alpha and Lima, sending you 2
2024-10-14 18:54:04.154660 Alpha: Whiskey and Echo, sending you 3
2024-10-14 18:54:04.155678 Zulu: India, Whiskey and Echo, sending you 3
chatterbot Zulu submitting transactions
ChatterBot November round 3
ChatterBot Romeo round 3
ChatterBot India round 3
ChatterBot Zulu round 3
ChatterBot Sierra round 3
ChatterBot Juliett round 3
ChatterBot Whiskey round 3
ChatterBot Echo round 3
ChatterBot Alpha round 3
ChatterBot Lima round 3
2024-10-14 18:54:04.270075 Romeo: We should replace November with India
ChatterBot Sierra reevaluating
ChatterBot Juliett reevaluating
2024-10-14 18:54:04.277893 Sierra: Yes
2024-10-14 18:54:04.278031 Juliett: Yes
ChatterBot Romeo reevaluating
ChatterBot Juliett reevaluating
ChatterBot Sierra reevaluating
ChatterBot Romeo reevaluating
2024-10-14 18:54:04.294195 Juliett: We should add India
2024-10-14 18:54:04.294467 Sierra: We should add India
ChatterBot Sierra reevaluating
ChatterBot Romeo reevaluating
2024-10-14 18:54:04.301175 Sierra: Yes
2024-10-14 18:54:04.301272 Romeo: No
ChatterBot Romeo reevaluating
ChatterBot Juliett reevaluating
2024-10-14 18:54:04.307150 Romeo: No
2024-10-14 18:54:04.307257 Juliett: Yes
ChatterBot Romeo reevaluating
ChatterBot Juliett reevaluating
ChatterBot Sierra reevaluating
ChatterBot Juliett reevaluating
ChatterBot Sierra reevaluating
ChatterBot Juliett reevaluating
ChatterBot Sierra reevaluating
ChatterBot Romeo reevaluating
2024-10-14 18:54:04.345323 Echo: We should add November
ChatterBot Lima reevaluating
ChatterBot Alpha reevaluating
ChatterBot Whiskey reevaluating
2024-10-14 18:54:04.363671 India: Yes
2024-10-14 18:54:04.363826 Lima: Yes
2024-10-14 18:54:04.363939 Alpha: Yes
2024-10-14 18:54:04.364047 Whiskey: Yes
2024-10-14 18:54:04.364152 Zulu: Yes
ChatterBot Lima reevaluating
ChatterBot Alpha reevaluating
ChatterBot Whiskey reevaluating
ChatterBot Alpha reevaluating
ChatterBot Whiskey reevaluating
ChatterBot Lima reevaluating
ChatterBot Whiskey reevaluating
ChatterBot Lima reevaluating
ChatterBot Alpha reevaluating
ChatterBot Lima reevaluating
ChatterBot Alpha reevaluating
ChatterBot Whiskey reevaluating
2024-10-14 18:54:04.490909 Echo: November we want you to join our group
2024-10-14 18:54:04.495637 November: Yes
ChatterBot Whiskey reevaluating
ChatterBot Alpha reevaluating
ChatterBot Lima reevaluating
2024-10-14 18:54:04.523176 Romeo: We should drop November
2024-10-14 18:54:04.529677 Sierra: Yes
2024-10-14 18:54:04.529835 Juliett: Yes
ChatterBot Sierra reevaluating
2024-10-14 18:54:04.542889 Zulu: November, Echo, Alpha and Lima, sending you 2
2024-10-14 18:54:04.543235 Lima: November we want you to join our group
2024-10-14 18:54:04.547691 November: Yes
2024-10-14 18:54:04.571083 India: November, Alpha and Lima, sending you 2
2024-10-14 18:54:04.571442 November: India, Zulu and Whiskey, sending you 3
2024-10-14 18:54:04.572115 Zulu: India, sending you 3
2024-10-14 18:54:04.574684 Juliett: Same as last round
2024-10-14 18:54:04.575066 November: Echo and Lima, sending you 2
2024-10-14 18:54:04.576074 India: Zulu, Whiskey and Echo, sending you 3
2024-10-14 18:54:04.576816 Zulu: Whiskey, sending you 4
2024-10-14 18:54:04.577706 Alpha: November, sending you 3
2024-10-14 18:54:04.578240 Whiskey: November, Alpha and Lima, sending you 2
2024-10-14 18:54:04.580680 November: Alpha, sending you 4
2024-10-14 18:54:04.581667 Alpha: India, sending you 1
2024-10-14 18:54:04.582729 Whiskey: India, Zulu and Echo, sending you 3
2024-10-14 18:54:04.583857 Sierra: Same as last round
2024-10-14 18:54:04.584229 Lima: November and India, sending you 1
2024-10-14 18:54:04.586666 Alpha: Zulu and Whiskey, sending you 2
2024-10-14 18:54:04.587803 Romeo: Sierra, sending you 6
2024-10-14 18:54:04.589676 Lima: Zulu and Alpha, sending you 3
2024-10-14 18:54:04.597182 Alpha: Echo and Lima, sending you 4
2024-10-14 18:54:04.598106 Romeo: Juliett, sending you 7
2024-10-14 18:54:04.598409 Lima: Whiskey, sending you 2
2024-10-14 18:54:04.605064 Lima: Echo, sending you 5
chatterbot Echo submitting transactions
chatterbot Romeo submitting transactions
chatterbot Echo submitting transactions
chatterbot Sierra submitting transactions
chatterbot Juliett submitting transactions
chatterbot November submitting transactions
chatterbot Zulu submitting transactions
chatterbot Lima submitting transactions
chatterbot Alpha submitting transactions
chatterbot India submitting transactions
chatterbot Whiskey submitting transactions
ChatterBot November round 4
ChatterBot Romeo round 4
ChatterBot India round 4
ChatterBot Zulu round 4
ChatterBot Sierra round 4
ChatterBot Juliett round 4
ChatterBot Whiskey round 4
ChatterBot Echo round 4
ChatterBot Alpha round 4
ChatterBot Lima round 4
2024-10-14 18:54:05.750922 Echo: We should add November
2024-10-14 18:54:05.768771 India: Yes
2024-10-14 18:54:05.768996 Lima: Yes
2024-10-14 18:54:05.769207 Alpha: Yes
2024-10-14 18:54:05.769389 Whiskey: Yes
2024-10-14 18:54:05.770209 Zulu: Yes
2024-10-14 18:54:05.844472 Echo: November we want you to join our group
2024-10-14 18:54:05.849226 November: Yes
2024-10-14 18:54:05.874192 Romeo: Sierra, sending you 6
2024-10-14 18:54:05.874667 November: India, Zulu, Whiskey, Echo and Alpha, sending you 3
2024-10-14 18:54:05.878675 Romeo: Juliett, sending you 8
2024-10-14 18:54:05.879009 November: Lima, sending you 2
2024-10-14 18:54:05.879548 Juliett: Romeo, sending you 4
2024-10-14 18:54:05.879953 Zulu: November, Echo and Alpha, sending you 2
2024-10-14 18:54:05.881127 Whiskey: November, Alpha and Lima, sending you 2
2024-10-14 18:54:05.881762 Lima: November, sending you 1
2024-10-14 18:54:05.884235 India: November, Alpha and Lima, sending you 2
2024-10-14 18:54:05.884991 Sierra: Same as last round
2024-10-14 18:54:05.885345 Juliett: Sierra, sending you 3
2024-10-14 18:54:05.886576 Zulu: India, Whiskey and Lima, sending you 3
2024-10-14 18:54:05.887202 Whiskey: India, Zulu and Echo, sending you 3
2024-10-14 18:54:05.888992 Lima: India, Zulu and Whiskey, sending you 2
2024-10-14 18:54:05.889745 India: Zulu, Whiskey and Echo, sending you 3
2024-10-14 18:54:05.895856 Lima: Echo, sending you 5
2024-10-14 18:54:05.899682 Alpha: November and Lima, sending you 4
2024-10-14 18:54:05.900553 Lima: Alpha, sending you 3
2024-10-14 18:54:05.907693 Alpha: India, sending you 1
2024-10-14 18:54:05.910680 Alpha: Zulu and Whiskey, sending you 2
2024-10-14 18:54:05.913686 Alpha: Echo, sending you 3
chatterbot Romeo submitting transactions
chatterbot Echo submitting transactions
chatterbot Sierra submitting transactions
chatterbot Alpha submitting transactions
chatterbot November submitting transactions
chatterbot India submitting transactions
chatterbot Juliett submitting transactions
chatterbot Lima submitting transactions
chatterbot Whiskey submitting transactions
chatterbot Zulu submitting transactions
ChatterBot November round 5
ChatterBot Romeo round 5
ChatterBot India round 5
ChatterBot Zulu round 5
ChatterBot Sierra round 5
ChatterBot Juliett round 5
ChatterBot Whiskey round 5
ChatterBot Echo round 5
ChatterBot Alpha round 5
ChatterBot Lima round 5
2024-10-14 18:54:06.739945 Echo: We should add November
2024-10-14 18:54:06.755889 India: Yes
2024-10-14 18:54:06.756149 Lima: Yes
2024-10-14 18:54:06.756357 Alpha: Yes
2024-10-14 18:54:06.756561 Whiskey: Yes
2024-10-14 18:54:06.756770 Zulu: Yes
2024-10-14 18:54:06.811118 Echo: November we want you to join our group
2024-10-14 18:54:06.813062 November: Yes
2024-10-14 18:54:06.826672 Sierra: Sending you each 1
2024-10-14 18:54:06.827037 November: India, Zulu, Whiskey, Echo and Alpha, sending you 3
2024-10-14 18:54:06.827722 Zulu: November, Echo, Alpha and Lima, sending you 2
2024-10-14 18:54:06.830676 India: November, Alpha and Lima, sending you 2
2024-10-14 18:54:06.831185 November: Lima, sending you 2
2024-10-14 18:54:06.831667 Romeo: Sierra, sending you 6
2024-10-14 18:54:06.831886 Zulu: India, sending you 3
2024-10-14 18:54:06.832651 Juliett: Sending you each 3
2024-10-14 18:54:06.834672 India: Zulu, Whiskey and Echo, sending you 3
2024-10-14 18:54:06.835666 Romeo: Juliett, sending you 8
2024-10-14 18:54:06.836672 Zulu: Whiskey, sending you 4
2024-10-14 18:54:06.837685 Lima: November, sending you 1
2024-10-14 18:54:06.839674 Alpha: November and Lima, sending you 3
2024-10-14 18:54:06.841686 Whiskey: November, Alpha and Lima, sending you 2
2024-10-14 18:54:06.842217 Lima: India, Zulu and Whiskey, sending you 2
2024-10-14 18:54:06.844686 Whiskey: India, Zulu and Echo, sending you 3
2024-10-14 18:54:06.845676 Alpha: India, Zulu and Whiskey, sending you 2
2024-10-14 18:54:06.847664 Lima: Echo, sending you 5
2024-10-14 18:54:06.848694 Alpha: Echo, sending you 4
2024-10-14 18:54:06.852680 Lima: Alpha, sending you 3
chatterbot Echo submitting transactions
chatterbot Juliett submitting transactions
chatterbot Zulu submitting transactions
chatterbot Lima submitting transactions
chatterbot November submitting transactions
chatterbot Romeo submitting transactions
chatterbot Alpha submitting transactions
chatterbot Sierra submitting transactions
chatterbot India submitting transactions
chatterbot Whiskey submitting transactions
ChatterBot November round 6
ChatterBot Romeo round 6
ChatterBot India round 6
ChatterBot Zulu round 6
ChatterBot Sierra round 6
ChatterBot Juliett round 6
ChatterBot Whiskey round 6
ChatterBot Echo round 6
ChatterBot Alpha round 6
ChatterBot Lima round 6
2024-10-14 18:54:08.033348 Echo: We should add November
2024-10-14 18:54:08.053101 India: Yes
2024-10-14 18:54:08.053369 Lima: Yes
2024-10-14 18:54:08.053621 Alpha: Yes
2024-10-14 18:54:08.053852 Whiskey: Yes
2024-10-14 18:54:08.054060 Zulu: Yes
ChatterBot Alpha reevaluating
2024-10-14 18:54:08.113265 Alpha: We should add Romeo
2024-10-14 18:54:08.125045 Zulu: No
2024-10-14 18:54:08.125170 India: No
2024-10-14 18:54:08.125269 Whiskey: No
2024-10-14 18:54:08.125358 Echo: No
2024-10-14 18:54:08.125448 Lima: No
2024-10-14 18:54:08.125532 November: No
ChatterBot Alpha reevaluating
ChatterBot Alpha reevaluating
ChatterBot Alpha reevaluating
ChatterBot Alpha reevaluating
ChatterBot Alpha reevaluating
ChatterBot Alpha reevaluating
2024-10-14 18:54:08.238465 Echo: November we want you to join our group
2024-10-14 18:54:08.241306 November: Yes
ChatterBot Alpha reevaluating
2024-10-14 18:54:08.258663 India: November, Zulu, Echo, Alpha and Lima, sending you 2
2024-10-14 18:54:08.259890 Juliett: Same as last round
2024-10-14 18:54:08.260312 Romeo: Sierra, sending you 8
2024-10-14 18:54:08.261295 Whiskey: November, India, Echo, Alpha and Lima, sending you 2
2024-10-14 18:54:08.265249 India: Whiskey, sending you 3
2024-10-14 18:54:08.266321 Romeo: Juliett, sending you 9
2024-10-14 18:54:08.266736 Whiskey: Zulu, sending you 3
2024-10-14 18:54:08.267358 Zulu: November, Echo, Alpha and Lima, sending you 2
2024-10-14 18:54:08.271948 Zulu: India, sending you 3
2024-10-14 18:54:08.272711 Lima: November, sending you 1
2024-10-14 18:54:08.274667 Sierra: Romeo, sending you 7
2024-10-14 18:54:08.275669 November: India, Zulu, Whiskey, Echo and Alpha, sending you 3
2024-10-14 18:54:08.276208 Lima: India, Zulu and Whiskey, sending you 2
2024-10-14 18:54:08.276782 Zulu: Whiskey, sending you 4
2024-10-14 18:54:08.278800 Sierra: Juliett, sending you 8
2024-10-14 18:54:08.279675 November: Lima, sending you 2
2024-10-14 18:54:08.280666 Lima: Echo, sending you 5
chatterbot Echo submitting transactions
2024-10-14 18:54:08.285694 Lima: Alpha, sending you 3
2024-10-14 18:54:08.289666 Alpha: November, India, Zulu and Whiskey, sending you 2
2024-10-14 18:54:08.296325 Alpha: Echo and Lima, sending you 3
chatterbot India submitting transactions
chatterbot November submitting transactions
chatterbot Lima submitting transactions
chatterbot Whiskey submitting transactions
chatterbot Romeo submitting transactions
chatterbot Zulu submitting transactions
chatterbot Sierra submitting transactions
chatterbot Juliett submitting transactions
chatterbot Alpha submitting transactions
ChatterBot November round 7
ChatterBot Romeo round 7
ChatterBot India round 7
ChatterBot Zulu round 7
ChatterBot Sierra round 7
ChatterBot Juliett round 7
ChatterBot Whiskey round 7
ChatterBot Echo round 7
ChatterBot Alpha round 7
ChatterBot Lima round 7
2024-10-14 18:54:09.334775 Juliett: We should add India
2024-10-14 18:54:09.343166 Sierra: No
2024-10-14 18:54:09.343440 Romeo: No
ChatterBot Juliett reevaluating
ChatterBot Juliett reevaluating
2024-10-14 18:54:09.367766 Echo: We should add November
2024-10-14 18:54:09.382823 India: Yes
2024-10-14 18:54:09.383097 Lima: Yes
2024-10-14 18:54:09.383309 Alpha: Yes
2024-10-14 18:54:09.383503 Whiskey: Yes
2024-10-14 18:54:09.383690 Zulu: Yes
2024-10-14 18:54:09.583926 Echo: November we want you to join our group
2024-10-14 18:54:09.588936 November: Yes
2024-10-14 18:54:09.608463 Romeo: Sierra, sending you 7
2024-10-14 18:54:09.609649 India: November, Zulu, Echo, Alpha and Lima, sending you 2
2024-10-14 18:54:09.612103 Sierra: I was attacked by India, Whiskey and Alpha
ChatterBot Romeo reevaluating
ChatterBot Juliett reevaluating
2024-10-14 18:54:09.620742 Sierra: I'm keeping this round to protect myself
2024-10-14 18:54:09.622439 Sierra: Ow
2024-10-14 18:54:09.624114 November: India, Zulu, Whiskey, Echo and Alpha, sending you 3
2024-10-14 18:54:09.627449 Whiskey: November, India, Echo, Alpha and Lima, sending you 2
2024-10-14 18:54:09.628896 India: Whiskey, sending you 3
2024-10-14 18:54:09.631223 Zulu: November, India, Whiskey and Lima, sending you 3
2024-10-14 18:54:09.633184 November: Lima, sending you 2
2024-10-14 18:54:09.634861 Whiskey: Zulu, sending you 3
2024-10-14 18:54:09.637989 Lima: November, India, Zulu and Whiskey, sending you 2
2024-10-14 18:54:09.642359 Alpha: November, India, Zulu, Whiskey and Echo, sending you 2
2024-10-14 18:54:09.644674 Zulu: Echo, sending you 1
2024-10-14 18:54:09.647298 Lima: Echo, sending you 4
2024-10-14 18:54:09.650408 Alpha: Lima, sending you 3
2024-10-14 18:54:09.653754 Zulu: Alpha, sending you 2
2024-10-14 18:54:09.656530 Juliett: Same as last round
2024-10-14 18:54:09.657834 Lima: Alpha, sending you 3
chatterbot India submitting transactions
chatterbot Romeo submitting transactions
chatterbot Echo submitting transactions
chatterbot Whiskey submitting transactions
chatterbot November submitting transactions
chatterbot Alpha submitting transactions
chatterbot Zulu submitting transactions
chatterbot Lima submitting transactions
chatterbot Sierra submitting transactions
chatterbot Juliett submitting transactions
ChatterBot November round 8
ChatterBot Romeo round 8
ChatterBot India round 8
ChatterBot Zulu round 8
ChatterBot Sierra round 8
ChatterBot Juliett round 8
ChatterBot Whiskey round 8
ChatterBot Echo round 8
2024-10-14 18:54:10.783255 Echo: We should add November
2024-10-14 18:54:10.799163 India: Yes
2024-10-14 18:54:10.799400 Lima: Yes
2024-10-14 18:54:10.799569 Alpha: Yes
2024-10-14 18:54:10.799737 Whiskey: Yes
2024-10-14 18:54:10.800575 Zulu: Yes
ChatterBot Alpha round 8
ChatterBot Lima round 8
chatterbot Romeo submitting transactions
2024-10-14 18:54:10.884208 Echo: November we want you to join our group
2024-10-14 18:54:10.888431 November: Yes
2024-10-14 18:54:10.909670 Romeo: Sierra, sending you 9
2024-10-14 18:54:10.910691 November: India, Zulu, Whiskey, Alpha and Lima, sending you 3
2024-10-14 18:54:10.912272 Zulu: November, India and Whiskey, sending you 3
2024-10-14 18:54:10.913224 India: November, Zulu, Whiskey, Echo and Lima, sending you 2
2024-10-14 18:54:10.914752 Romeo: Juliett, sending you 10
2024-10-14 18:54:10.917193 November: Echo, sending you 2
2024-10-14 18:54:10.918264 Zulu: Echo, Alpha and Lima, sending you 2
2024-10-14 18:54:10.919396 Sierra: I was attacked by India, Whiskey and Alpha
ChatterBot Romeo reevaluating
ChatterBot Juliett reevaluating
2024-10-14 18:54:10.926822 Sierra: I'm keeping this round to protect myself
2024-10-14 18:54:10.927301 Sierra: Ow
2024-10-14 18:54:10.927673 Alpha: November and Echo, sending you 3
2024-10-14 18:54:10.930657 Whiskey: November, India, Zulu, Echo and Lima, sending you 2
2024-10-14 18:54:10.931542 Alpha: India, Zulu and Whiskey, sending you 2
2024-10-14 18:54:10.932899 Lima: November, India, Zulu and Whiskey, sending you 2
2024-10-14 18:54:10.935712 Whiskey: Alpha, sending you 1
2024-10-14 18:54:10.936977 Alpha: Lima, sending you 4
2024-10-14 18:54:10.938665 Lima: Echo, sending you 4
2024-10-14 18:54:10.941653 Lima: Alpha, sending you 3
2024-10-14 18:54:10.947688 Juliett: Romeo, sending you 2
2024-10-14 18:54:10.952681 Juliett: Sierra, sending you 3
chatterbot Alpha submitting transactions
chatterbot Lima submitting transactions
chatterbot Zulu submitting transactions
chatterbot Echo submitting transactions
chatterbot Sierra submitting transactions
chatterbot Romeo submitting transactions
chatterbot Juliett submitting transactions
chatterbot India submitting transactions
chatterbot Whiskey submitting transactions
chatterbot November submitting transactions
ChatterBot November round 9
ChatterBot Romeo round 9
ChatterBot India round 9
ChatterBot Zulu round 9
ChatterBot Sierra round 9
ChatterBot Juliett round 9
ChatterBot Whiskey round 9
ChatterBot Echo round 9
ChatterBot Alpha round 9
2024-10-14 18:54:12.041116 Echo: We should add November
2024-10-14 18:54:12.053519 India: Yes
2024-10-14 18:54:12.053713 Lima: Yes
2024-10-14 18:54:12.053866 Alpha: Yes
2024-10-14 18:54:12.054087 Whiskey: Yes
2024-10-14 18:54:12.054892 Zulu: Yes
ChatterBot Lima round 9
2024-10-14 18:54:12.132315 Echo: November we want you to join our group
2024-10-14 18:54:12.135477 November: Yes
2024-10-14 18:54:12.155668 Romeo: Sierra, sending you 9
2024-10-14 18:54:12.160860 Romeo: Juliett, sending you 10
2024-10-14 18:54:12.161696 Sierra: I was attacked by India and Whiskey
ChatterBot Romeo reevaluating
ChatterBot Juliett reevaluating
2024-10-14 18:54:12.169377 Sierra: I'm keeping this round to protect myself
2024-10-14 18:54:12.170138 Sierra: Ow
2024-10-14 18:54:12.173246 Alpha: November, India, Zulu and Whiskey, sending you 1
2024-10-14 18:54:12.174970 Whiskey: November, Alpha and Lima, sending you 2
2024-10-14 18:54:12.177126 Zulu: November, India and Whiskey, sending you 3
2024-10-14 18:54:12.179185 Lima: November, India, Zulu and Whiskey, sending you 2
2024-10-14 18:54:12.180955 November: India, Zulu, Whiskey, Alpha and Lima, sending you 3
2024-10-14 18:54:12.183420 India: November, Alpha and Lima, sending you 2
2024-10-14 18:54:12.184800 Alpha: Echo and Lima, sending you 2
2024-10-14 18:54:12.185830 Whiskey: India, Zulu and Echo, sending you 3
2024-10-14 18:54:12.187697 Zulu: Echo, Alpha and Lima, sending you 2
2024-10-14 18:54:12.188564 Lima: Echo, sending you 4
2024-10-14 18:54:12.189507 November: Echo, sending you 2
2024-10-14 18:54:12.191320 India: Zulu, Whiskey and Echo, sending you 3
2024-10-14 18:54:12.193724 Lima: Alpha, sending you 3
2024-10-14 18:54:12.201668 Juliett: Romeo, sending you 2
2024-10-14 18:54:12.206659 Juliett: Sierra, sending you 4
chatterbot Sierra submitting transactions
chatterbot November submitting transactions
chatterbot India submitting transactions
chatterbot Alpha submitting transactions
chatterbot Echo submitting transactions
chatterbot Romeo submitting transactions
chatterbot Whiskey submitting transactions
chatterbot Zulu submitting transactions
chatterbot Lima submitting transactions
chatterbot Juliett submitting transactions
ChatterBot November round 10
ChatterBot Romeo round 10
ChatterBot India round 10
ChatterBot Zulu round 10
ChatterBot Sierra round 10
ChatterBot Juliett round 10
ChatterBot Whiskey round 10
ChatterBot Echo round 10
ChatterBot Alpha round 10
ChatterBot Lima round 10
2024-10-14 18:54:13.034316 Echo: We should add November
ChatterBot Alpha reevaluating
2024-10-14 18:54:13.045417 India: Yes
2024-10-14 18:54:13.045576 Lima: Yes
2024-10-14 18:54:13.045734 Alpha: Yes
2024-10-14 18:54:13.045885 Whiskey: Yes
2024-10-14 18:54:13.046030 Zulu: Yes
ChatterBot Alpha reevaluating
ChatterBot Alpha reevaluating
ChatterBot Alpha reevaluating
ChatterBot Alpha reevaluating
2024-10-14 18:54:13.205270 Echo: November we want you to join our group
2024-10-14 18:54:13.210251 November: Yes
ChatterBot Alpha reevaluating
2024-10-14 18:54:13.230241 November: India, Zulu, Whiskey, Alpha and Lima, sending you 3
2024-10-14 18:54:13.233315 Sierra: I was attacked by Alpha
ChatterBot Romeo reevaluating
ChatterBot Juliett reevaluating
2024-10-14 18:54:13.239844 Sierra: I'm keeping this round to protect myself
2024-10-14 18:54:13.240385 Sierra: Ow
2024-10-14 18:54:13.240733 November: Echo, sending you 2
2024-10-14 18:54:13.243680 Zulu: November, India, Whiskey and Lima, sending you 3
2024-10-14 18:54:13.245785 India: November, Alpha and Lima, sending you 2
2024-10-14 18:54:13.247097 Lima: November, India, Zulu and Whiskey, sending you 2
2024-10-14 18:54:13.249450 Whiskey: November, Alpha and Lima, sending you 2
2024-10-14 18:54:13.251169 India: Zulu, Whiskey and Echo, sending you 3
2024-10-14 18:54:13.253657 Zulu: Echo, sending you 2
2024-10-14 18:54:13.256015 Lima: Echo, sending you 4
2024-10-14 18:54:13.257321 Whiskey: India, Zulu and Echo, sending you 3
2024-10-14 18:54:13.260200 Zulu: Alpha, sending you 1
2024-10-14 18:54:13.261751 Alpha: November and Echo, sending you 3
2024-10-14 18:54:13.263846 Lima: Alpha, sending you 3
2024-10-14 18:54:13.264988 Juliett: Romeo, sending you 2
2024-10-14 18:54:13.266688 Alpha: India, Zulu and Whiskey, sending you 2
2024-10-14 18:54:13.268658 Juliett: Sierra, sending you 4
2024-10-14 18:54:13.271679 Alpha: Lima, sending you 4
chatterbot Echo submitting transactions
chatterbot Romeo submitting transactions
chatterbot November submitting transactions
chatterbot Zulu submitting transactions
chatterbot Sierra submitting transactions
chatterbot Whiskey submitting transactions
chatterbot Alpha submitting transactions
chatterbot India submitting transactions
chatterbot Juliett submitting transactions
chatterbot Lima submitting transactions
ChatterBot November round 11
ChatterBot Romeo round 11
ChatterBot India round 11
ChatterBot Zulu round 11
ChatterBot Sierra round 11
ChatterBot Juliett round 11
ChatterBot Whiskey round 11
ChatterBot Echo round 11
ChatterBot Alpha round 11
ChatterBot Lima round 11
2024-10-14 18:54:14.394492 Echo: We should add November
2024-10-14 18:54:14.407126 India: Yes
2024-10-14 18:54:14.407328 Lima: Yes
2024-10-14 18:54:14.407494 Alpha: Yes
2024-10-14 18:54:14.407653 Whiskey: Yes
2024-10-14 18:54:14.407824 Zulu: Yes
2024-10-14 18:54:14.466231 Juliett: We should drop Sierra
ChatterBot Romeo reevaluating
2024-10-14 18:54:14.468318 Romeo: No
ChatterBot Juliett reevaluating
2024-10-14 18:54:14.470992 Echo: November we want you to join our group
2024-10-14 18:54:14.473654 November: Yes
2024-10-14 18:54:14.485337 Zulu: November, India and Whiskey, sending you 3
2024-10-14 18:54:14.488660 Zulu: Echo, Alpha and Lima, sending you 2
2024-10-14 18:54:14.489696 November: India, Zulu, Whiskey, Alpha and Lima, sending you 3
2024-10-14 18:54:14.491097 India: November, Alpha and Lima, sending you 2
2024-10-14 18:54:14.494671 November: Echo, sending you 2
2024-10-14 18:54:14.496611 Whiskey: November, Alpha and Lima, sending you 2
2024-10-14 18:54:14.497926 India: Zulu, Whiskey and Echo, sending you 3
2024-10-14 18:54:14.499109 Lima: November, Zulu and Whiskey, sending you 2
2024-10-14 18:54:14.501082 Juliett: Romeo, sending you 2
2024-10-14 18:54:14.501532 Whiskey: India, Zulu and Echo, sending you 3
2024-10-14 18:54:14.504747 Lima: India, sending you 1
2024-10-14 18:54:14.506194 Juliett: Sierra, sending you 5
2024-10-14 18:54:14.508667 Alpha: November and Echo, sending you 3
2024-10-14 18:54:14.509714 Lima: Echo, sending you 5
2024-10-14 18:54:14.514657 Alpha: India, Zulu and Whiskey, sending you 2
2024-10-14 18:54:14.515820 Lima: Alpha, sending you 3
2024-10-14 18:54:14.518672 Alpha: Lima, sending you 4
chatterbot Whiskey submitting transactions
chatterbot Zulu submitting transactions
chatterbot Lima submitting transactions
chatterbot Sierra submitting transactions
chatterbot Alpha submitting transactions
chatterbot November submitting transactions
chatterbot India submitting transactions
chatterbot Romeo submitting transactions
chatterbot Echo submitting transactions
chatterbot Juliett submitting transactions
ChatterBot November round 12
ChatterBot Romeo round 12
ChatterBot India round 12
ChatterBot Zulu round 12
ChatterBot Sierra round 12
ChatterBot Juliett round 12
ChatterBot Whiskey round 12
ChatterBot Echo round 12
ChatterBot Alpha round 12
ChatterBot Lima round 12
2024-10-14 18:54:15.523491 Echo: We should add November
2024-10-14 18:54:15.533377 India: Yes
2024-10-14 18:54:15.533574 Lima: Yes
2024-10-14 18:54:15.533705 Alpha: Yes
2024-10-14 18:54:15.533813 Whiskey: Yes
2024-10-14 18:54:15.533915 Zulu: Yes
ChatterBot Alpha reevaluating
ChatterBot Alpha reevaluating
ChatterBot Alpha reevaluating
