ChatterBot November round 1
ChatterBot Papa round 1
ChatterBot Delta round 1
ChatterBot Whiskey round 1
ChatterBot Zulu round 1
ChatterBot Hotel round 1
ChatterBot Bravo round 1
ChatterBot Charlie round 1
ChatterBot Oscar round 1
ChatterBot Yankee round 1
randomSelections Delta: {Delta, Hotel, Yankee, November, Papa, Charlie} 
2024-10-14 18:54:00.552847 Delta: We would work well together
ChatterBot Hotel reevaluating
ChatterBot Yankee reevaluating
ChatterBot November reevaluating
ChatterBot Papa reevaluating
ChatterBot Charlie reevaluating
2024-10-14 18:54:00.569990 Hotel: Yes
2024-10-14 18:54:00.570166 Yankee: Yes
2024-10-14 18:54:00.570324 November: Yes
2024-10-14 18:54:00.570493 Papa: Yes
2024-10-14 18:54:00.570646 Charlie: Yes
ChatterBot Yankee reevaluating
ChatterBot November reevaluating
ChatterBot Papa reevaluating
ChatterBot Charlie reevaluating
ChatterBot Hotel reevaluating
ChatterBot November reevaluating
ChatterBot Papa reevaluating
ChatterBot Charlie reevaluating
ChatterBot Hotel reevaluating
ChatterBot Yankee reevaluating
ChatterBot Papa reevaluating
ChatterBot Charlie reevaluating
ChatterBot Hotel reevaluating
ChatterBot Yankee reevaluating
ChatterBot November reevaluating
ChatterBot Charlie reevaluating
ChatterBot Hotel reevaluating
ChatterBot Yankee reevaluating
ChatterBot November reevaluating
ChatterBot Papa reevaluating
randomSelections Zulu: {Zulu, Oscar, Whiskey} 
2024-10-14 18:54:00.648884 Zulu: We should group up
ChatterBot Oscar reevaluating
ChatterBot Whiskey reevaluating
2024-10-14 18:54:00.654449 Oscar: Yes
2024-10-14 18:54:00.654600 Whiskey: Yes
ChatterBot Whiskey reevaluating
ChatterBot Oscar reevaluating
randomSelections Bravo: {Bravo, Yankee, November, Delta, Whiskey, Zulu} 
2024-10-14 18:54:00.674765 Bravo: Let's form a team
ChatterBot Yankee reevaluating
ChatterBot November reevaluating
ChatterBot Whiskey reevaluating
2024-10-14 18:54:00.688084 Yankee: No
2024-10-14 18:54:00.688909 November: No
2024-10-14 18:54:00.689103 Delta: No
2024-10-14 18:54:00.689311 Whiskey: No
2024-10-14 18:54:00.689488 Zulu: No
ChatterBot November reevaluating
ChatterBot Whiskey reevaluating
ChatterBot Yankee reevaluating
ChatterBot Whiskey reevaluating
ChatterBot Yankee reevaluating
ChatterBot November reevaluating
ChatterBot Whiskey reevaluating
ChatterBot Yankee reevaluating
ChatterBot November reevaluating
ChatterBot Yankee reevaluating
ChatterBot November reevaluating
ChatterBot Whiskey reevaluating
2024-10-14 18:54:00.755732 Bravo: November, sending you 4
2024-10-14 18:54:00.758706 Bravo: Whiskey and Yankee, sending you 2
2024-10-14 18:54:00.759668 Delta: November and Hotel, sending you 1
2024-10-14 18:54:00.760110 Papa: November and Yankee, sending you 4
2024-10-14 18:54:00.760537 Hotel: November, sending you 5
2024-10-14 18:54:00.763048 Charlie: Papa, sending you 4
2024-10-14 18:54:00.763341 Bravo: Zulu, sending you 7
2024-10-14 18:54:00.764027 Yankee: November, sending you 6
2024-10-14 18:54:00.764941 Papa: Delta, sending you 2
2024-10-14 18:54:00.765233 Zulu: Whiskey and Oscar, sending you 5
2024-10-14 18:54:00.765517 Delta: Papa, sending you 6
2024-10-14 18:54:00.766314 Hotel: Papa, sending you 1
2024-10-14 18:54:00.768208 Whiskey: Sending you each 4
2024-10-14 18:54:00.768515 Charlie: Delta, sending you 1
2024-10-14 18:54:00.768827 Yankee: Delta, sending you 3
2024-10-14 18:54:00.769677 November: Delta, sending you 4
2024-10-14 18:54:00.770054 Papa: Hotel, sending you 5
2024-10-14 18:54:00.770417 Delta: Charlie and Yankee, sending you 5
2024-10-14 18:54:00.771168 Hotel: Delta, sending you 4
2024-10-14 18:54:00.771835 Charlie: Yankee, sending you 2
2024-10-14 18:54:00.773979 November: Hotel and Yankee, sending you 5
2024-10-14 18:54:00.774351 Oscar: Whiskey, sending you 10
2024-10-14 18:54:00.774628 Papa: Charlie, sending you 1
2024-10-14 18:54:00.775664 Yankee: Hotel, sending you 2
2024-10-14 18:54:00.776174 Hotel: Charlie and Yankee, sending you 3
2024-10-14 18:54:00.778724 November: Charlie, sending you 2
2024-10-14 18:54:00.779246 Oscar: Zulu, sending you 5
chatterbot Bravo submitting transactions
chatterbot November submitting transactions
chatterbot Charlie submitting transactions
chatterbot Zulu submitting transactions
chatterbot Hotel submitting transactions
chatterbot Papa submitting transactions
chatterbot Delta submitting transactions
chatterbot Yankee submitting transactions
chatterbot Oscar submitting transactions
chatterbot Whiskey submitting transactions
ChatterBot November round 2
ChatterBot Papa round 2
ChatterBot Delta round 2
ChatterBot Whiskey round 2
ChatterBot Zulu round 2
ChatterBot Hotel round 2
ChatterBot Bravo round 2
2024-10-14 18:54:02.088893 November: We should add Bravo
ChatterBot Delta reevaluating
ChatterBot Hotel reevaluating
ChatterBot Yankee reevaluating
ChatterBot Charlie reevaluating
2024-10-14 18:54:02.152152 Delta: No
2024-10-14 18:54:02.152423 Hotel: No
2024-10-14 18:54:02.152635 Yankee: Yes
2024-10-14 18:54:02.152832 Papa: No
2024-10-14 18:54:02.153568 Charlie: No
ChatterBot Hotel reevaluating
ChatterBot Yankee reevaluating
ChatterBot November reevaluating
ChatterBot Charlie reevaluating
ChatterBot Delta reevaluating
ChatterBot Yankee reevaluating
ChatterBot November reevaluating
ChatterBot Charlie reevaluating
ChatterBot Delta reevaluating
ChatterBot Hotel reevaluating
ChatterBot November reevaluating
ChatterBot Charlie reevaluating
ChatterBot Delta reevaluating
ChatterBot Hotel reevaluating
ChatterBot Yankee reevaluating
ChatterBot November reevaluating
ChatterBot Charlie reevaluating
ChatterBot Delta reevaluating
ChatterBot Hotel reevaluating
ChatterBot Yankee reevaluating
ChatterBot November reevaluating
ChatterBot Charlie round 2
ChatterBot Oscar round 2
ChatterBot Yankee round 2
2024-10-14 18:54:02.460781 Bravo: Let's form a team
ChatterBot November reevaluating
ChatterBot Papa reevaluating
ChatterBot Delta reevaluating
ChatterBot Hotel reevaluating
ChatterBot Charlie reevaluating
ChatterBot Yankee reevaluating
2024-10-14 18:54:02.498903 November: Yes
2024-10-14 18:54:02.499132 Papa: No
2024-10-14 18:54:02.499317 Delta: No
2024-10-14 18:54:02.499512 Hotel: No
2024-10-14 18:54:02.499691 Charlie: No
2024-10-14 18:54:02.500210 Yankee: No
ChatterBot Bravo reevaluating
ChatterBot Papa reevaluating
ChatterBot Delta reevaluating
ChatterBot Hotel reevaluating
ChatterBot Charlie reevaluating
ChatterBot Yankee reevaluating
ChatterBot Bravo reevaluating
ChatterBot November reevaluating
ChatterBot Delta reevaluating
ChatterBot Hotel reevaluating
ChatterBot Charlie reevaluating
ChatterBot Yankee reevaluating
ChatterBot Bravo reevaluating
ChatterBot November reevaluating
ChatterBot Papa reevaluating
ChatterBot Hotel reevaluating
ChatterBot Charlie reevaluating
ChatterBot Yankee reevaluating
ChatterBot Bravo reevaluating
ChatterBot November reevaluating
ChatterBot Papa reevaluating
ChatterBot Delta reevaluating
ChatterBot Charlie reevaluating
ChatterBot Yankee reevaluating
ChatterBot Bravo reevaluating
ChatterBot November reevaluating
ChatterBot Papa reevaluating
ChatterBot Delta reevaluating
ChatterBot Hotel reevaluating
ChatterBot Yankee reevaluating
ChatterBot Bravo reevaluating
ChatterBot November reevaluating
ChatterBot Papa reevaluating
ChatterBot Delta reevaluating
ChatterBot Hotel reevaluating
ChatterBot Charlie reevaluating
2024-10-14 18:54:02.675619 Zulu: We should add Bravo
ChatterBot Oscar reevaluating
ChatterBot Whiskey reevaluating
2024-10-14 18:54:02.683416 Oscar: Yes
2024-10-14 18:54:02.683543 Whiskey: Yes
ChatterBot Whiskey reevaluating
ChatterBot Oscar reevaluating
2024-10-14 18:54:02.714363 Zulu: Bravo we want you to join our group
ChatterBot Bravo reevaluating
2024-10-14 18:54:02.718551 Bravo: Yes
ChatterBot Whiskey reevaluating
ChatterBot Oscar reevaluating
2024-10-14 18:54:03.045271 Delta: November, Papa, Hotel and Yankee, sending you 4
2024-10-14 18:54:03.046182 Papa: November and Yankee, sending you 2
2024-10-14 18:54:03.046483 Whiskey: Bravo we want you to join our group
ChatterBot Bravo reevaluating
2024-10-14 18:54:03.051294 Bravo: Yes
ChatterBot Oscar reevaluating
2024-10-14 18:54:03.063746 Delta: Charlie, sending you 3
2024-10-14 18:54:03.064631 November: Papa, sending you 4
2024-10-14 18:54:03.064982 Papa: Delta, sending you 7
2024-10-14 18:54:03.131804 Hotel: November and Papa, sending you 5
2024-10-14 18:54:03.132270 Zulu: Whiskey and Bravo, sending you 4
2024-10-14 18:54:03.132500 Yankee: November and Delta, sending you 4
2024-10-14 18:54:03.133162 Charlie: November, Papa and Yankee, sending you 1
2024-10-14 18:54:03.133447 November: Delta and Charlie, sending you 1
2024-10-14 18:54:03.133759 Papa: Hotel, sending you 3
2024-10-14 18:54:03.134018 Oscar: Bravo we want you to join our group
ChatterBot Bravo reevaluating
2024-10-14 18:54:03.138661 Bravo: Yes
2024-10-14 18:54:03.148597 Zulu: Oscar, sending you 5
2024-10-14 18:54:03.148854 Yankee: Papa, sending you 3
2024-10-14 18:54:03.149155 Hotel: Delta, sending you 2
2024-10-14 18:54:03.149498 Charlie: Delta and Hotel, sending you 2
2024-10-14 18:54:03.150205 Papa: Charlie, sending you 5
2024-10-14 18:54:03.150486 November: Hotel and Yankee, sending you 5
2024-10-14 18:54:03.152109 Whiskey: Zulu, sending you 4
2024-10-14 18:54:03.152376 Yankee: Hotel and Charlie, sending you 2
2024-10-14 18:54:03.190757 Hotel: Charlie, sending you 1
2024-10-14 18:54:03.192020 Whiskey: Bravo and Oscar, sending you 3
2024-10-14 18:54:03.213797 Oscar: Whiskey and Zulu, sending you 6
2024-10-14 18:54:03.214656 Hotel: Yankee, sending you 3
2024-10-14 18:54:03.228267 Oscar: Bravo, sending you 3
2024-10-14 18:54:03.228601 Bravo: November, sending you 3
chatterbot November submitting transactions
2024-10-14 18:54:03.242740 Bravo: Whiskey, Zulu and Oscar, sending you 4
chatterbot Papa submitting transactions
chatterbot Charlie submitting transactions
chatterbot Delta submitting transactions
chatterbot Oscar submitting transactions
chatterbot Bravo submitting transactions
chatterbot Yankee submitting transactions
chatterbot Whiskey submitting transactions
chatterbot Hotel submitting transactions
chatterbot Zulu submitting transactions
ChatterBot November round 3
ChatterBot Papa round 3
ChatterBot Delta round 3
ChatterBot Whiskey round 3
ChatterBot Zulu round 3
ChatterBot Hotel round 3
ChatterBot Bravo round 3
ChatterBot Charlie round 3
ChatterBot Oscar round 3
ChatterBot Yankee round 3
2024-10-14 18:54:04.137489 Bravo: We should drop November
2024-10-14 18:54:04.145770 Zulu: Yes
2024-10-14 18:54:04.146072 Whiskey: Yes
2024-10-14 18:54:04.146959 Oscar: Yes
ChatterBot Bravo reevaluating
ChatterBot Bravo reevaluating
ChatterBot Bravo reevaluating
2024-10-14 18:54:04.174547 Zulu: Whiskey and Oscar, sending you 5
2024-10-14 18:54:04.177683 November: Papa and Delta, sending you 3
2024-10-14 18:54:04.179291 Delta: November, Papa, Hotel and Yankee, sending you 4
2024-10-14 18:54:04.180166 Papa: November and Hotel, sending you 4
2024-10-14 18:54:04.181492 Charlie: November, Hotel and Yankee, sending you 1
2024-10-14 18:54:04.182178 Whiskey: Zulu, sending you 4
2024-10-14 18:54:04.182715 Zulu: Bravo, sending you 4
2024-10-14 18:54:04.183218 Hotel: November, sending you 5
2024-10-14 18:54:04.184515 November: Hotel and Yankee, sending you 5
2024-10-14 18:54:04.185415 Papa: Delta, sending you 5
2024-10-14 18:54:04.186604 Delta: Charlie, sending you 3
2024-10-14 18:54:04.187248 Charlie: Papa and Delta, sending you 2
2024-10-14 18:54:04.187970 Whiskey: Bravo and Oscar, sending you 3
2024-10-14 18:54:04.188458 Yankee: November, sending you 5
2024-10-14 18:54:04.189577 Hotel: Papa, sending you 4
2024-10-14 18:54:04.190096 Papa: Charlie and Yankee, sending you 3
2024-10-14 18:54:04.190667 Oscar: Whiskey, sending you 5
2024-10-14 18:54:04.192675 Yankee: Papa and Hotel, sending you 3
2024-10-14 18:54:04.193667 Hotel: Delta and Yankee, sending you 3
2024-10-14 18:54:04.194823 Oscar: Zulu, sending you 6
2024-10-14 18:54:04.195700 Yankee: Delta, sending you 4
2024-10-14 18:54:04.197698 Oscar: Bravo, sending you 4
2024-10-14 18:54:04.198661 Hotel: Charlie, sending you 1
chatterbot Zulu submitting transactions
chatterbot Papa submitting transactions
chatterbot Charlie submitting transactions
chatterbot Whiskey submitting transactions
chatterbot November submitting transactions
chatterbot Yankee submitting transactions
chatterbot Delta submitting transactions
chatterbot Bravo submitting transactions
chatterbot Hotel submitting transactions
chatterbot Oscar submitting transactions
ChatterBot November round 4
ChatterBot Papa round 4
ChatterBot Delta round 4
ChatterBot Whiskey round 4
ChatterBot Zulu round 4
ChatterBot Hotel round 4
ChatterBot Bravo round 4
ChatterBot Charlie round 4
ChatterBot Oscar round 4
ChatterBot Yankee round 4
2024-10-14 18:54:05.415367 Bravo: We should replace November with Charlie
2024-10-14 18:54:05.422878 Zulu: No
2024-10-14 18:54:05.423050 Whiskey: No
2024-10-14 18:54:05.423189 Oscar: No
ChatterBot Bravo reevaluating
ChatterBot Bravo reevaluating
ChatterBot Bravo reevaluating
2024-10-14 18:54:05.460667 Bravo: Charlie we want you to join our group
2024-10-14 18:54:05.465373 Charlie: No
ChatterBot Bravo reevaluating
2024-10-14 18:54:05.482670 Delta: November, Papa, Hotel and Yankee, sending you 4
2024-10-14 18:54:05.483198 Charlie: November, Hotel and Yankee, sending you 1
2024-10-14 18:54:05.483650 Papa: November and Hotel, sending you 4
2024-10-14 18:54:05.484113 Hotel: November, sending you 5
2024-10-14 18:54:05.484872 Yankee: November, sending you 5
2024-10-14 18:54:05.485267 Zulu: Whiskey and Oscar, sending you 5
2024-10-14 18:54:05.485537 November: Papa and Delta, sending you 3
2024-10-14 18:54:05.485921 Oscar: Whiskey, sending you 5
2024-10-14 18:54:05.486171 Whiskey: Zulu, sending you 4
2024-10-14 18:54:05.486465 Delta: Charlie, sending you 3
2024-10-14 18:54:05.486924 Charlie: Papa and Delta, sending you 2
2024-10-14 18:54:05.488683 Papa: Delta, sending you 5
2024-10-14 18:54:05.489288 Yankee: Papa and Hotel, sending you 3
2024-10-14 18:54:05.489787 Whiskey: Bravo and Oscar, sending you 3
2024-10-14 18:54:05.490172 Hotel: Papa, sending you 4
2024-10-14 18:54:05.491110 Zulu: Bravo, sending you 4
2024-10-14 18:54:05.491567 November: Hotel, sending you 4
2024-10-14 18:54:05.492053 Oscar: Zulu, sending you 6
2024-10-14 18:54:05.492679 Papa: Charlie and Yankee, sending you 3
2024-10-14 18:54:05.493863 Yankee: Delta, sending you 4
2024-10-14 18:54:05.494678 Hotel: Delta and Yankee, sending you 3
2024-10-14 18:54:05.496669 November: Charlie, sending you 1
2024-10-14 18:54:05.497207 Oscar: Bravo, sending you 4
2024-10-14 18:54:05.499006 Hotel: Charlie, sending you 1
2024-10-14 18:54:05.501653 November: Yankee, sending you 5
2024-10-14 18:54:05.512653 Bravo: Whiskey, sending you 5
2024-10-14 18:54:05.517701 Bravo: Zulu, sending you 6
2024-10-14 18:54:05.520656 Bravo: Oscar, sending you 4
chatterbot Hotel submitting transactions
chatterbot Zulu submitting transactions
chatterbot Whiskey submitting transactions
chatterbot November submitting transactions
chatterbot Delta submitting transactions
chatterbot Papa submitting transactions
chatterbot Yankee submitting transactions
chatterbot Charlie submitting transactions
chatterbot Oscar submitting transactions
chatterbot Bravo submitting transactions
ChatterBot November round 5
ChatterBot Papa round 5
ChatterBot Delta round 5
ChatterBot Whiskey round 5
ChatterBot Zulu round 5
ChatterBot Hotel round 5
ChatterBot Bravo round 5
ChatterBot Charlie round 5
ChatterBot Oscar round 5
ChatterBot Yankee round 5
2024-10-14 18:54:06.684760 Hotel: November and Papa, sending you 4
2024-10-14 18:54:06.686769 Whiskey: Zulu, sending you 4
2024-10-14 18:54:06.687683 Papa: November, Delta, Hotel and Yankee, sending you 4
2024-10-14 18:54:06.689686 Hotel: Delta and Yankee, sending you 3
2024-10-14 18:54:06.690685 Delta: November, Papa, Hotel and Yankee, sending you 4
2024-10-14 18:54:06.691716 Whiskey: Bravo and Oscar, sending you 3
2024-10-14 18:54:06.692685 Papa: Charlie, sending you 3
2024-10-14 18:54:06.693733 November: Papa and Delta, sending you 3
2024-10-14 18:54:06.694475 Hotel: Charlie, sending you 2
2024-10-14 18:54:06.695240 Zulu: Whiskey and Oscar, sending you 5
2024-10-14 18:54:06.695936 Delta: Charlie, sending you 3
2024-10-14 18:54:06.697 Oscar: Whiskey, sending you 5
2024-10-14 18:54:06.698670 November: Hotel, sending you 4
2024-10-14 18:54:06.700488 Zulu: Bravo, sending you 4
2024-10-14 18:54:06.700990 Oscar: Zulu, sending you 6
2024-10-14 18:54:06.701708 Yankee: November, sending you 5
2024-10-14 18:54:06.703666 Oscar: Bravo, sending you 4
2024-10-14 18:54:06.704706 November: Charlie, sending you 1
2024-10-14 18:54:06.705699 Charlie: November, Hotel and Yankee, sending you 1
2024-10-14 18:54:06.706398 Bravo: Whiskey, sending you 4
2024-10-14 18:54:06.706838 Yankee: Papa and Hotel, sending you 3
2024-10-14 18:54:06.708675 November: Yankee, sending you 5
2024-10-14 18:54:06.709707 Charlie: Papa and Delta, sending you 2
2024-10-14 18:54:06.710715 Yankee: Delta, sending you 4
2024-10-14 18:54:06.711717 Bravo: Zulu, sending you 6
2024-10-14 18:54:06.714699 Bravo: Oscar, sending you 5
chatterbot Whiskey submitting transactions
chatterbot Charlie submitting transactions
chatterbot Yankee submitting transactions
chatterbot Zulu submitting transactions
chatterbot Papa submitting transactions
chatterbot Oscar submitting transactions
chatterbot Delta submitting transactions
chatterbot Bravo submitting transactions
chatterbot November submitting transactions
chatterbot Hotel submitting transactions
ChatterBot November round 6
ChatterBot Papa round 6
ChatterBot Delta round 6
ChatterBot Whiskey round 6
ChatterBot Zulu round 6
ChatterBot Hotel round 6
ChatterBot Bravo round 6
ChatterBot Charlie round 6
ChatterBot Oscar round 6
ChatterBot Yankee round 6
2024-10-14 18:54:07.844656 November: Papa and Delta, sending you 3
2024-10-14 18:54:07.845678 Papa: November, Delta, Hotel and Yankee, sending you 4
2024-10-14 18:54:07.846188 Whiskey: Zulu, sending you 4
2024-10-14 18:54:07.847651 November: Hotel, sending you 4
2024-10-14 18:54:07.848667 Papa: Charlie, sending you 3
2024-10-14 18:54:07.849382 Whiskey: Bravo and Oscar, sending you 3
2024-10-14 18:54:07.850682 November: Charlie, sending you 1
2024-10-14 18:54:07.856351 Oscar: Whiskey, sending you 5
2024-10-14 18:54:07.856788 November: Yankee, sending you 5
2024-10-14 18:54:07.857398 Bravo: Whiskey, sending you 5
2024-10-14 18:54:07.857743 Delta: November, Papa, Hotel and Yankee, sending you 4
2024-10-14 18:54:07.859668 Charlie: November, Hotel and Yankee, sending you 1
2024-10-14 18:54:07.860692 Oscar: Zulu, sending you 6
2024-10-14 18:54:07.861062 Zulu: Whiskey, sending you 5
2024-10-14 18:54:07.861404 Delta: Charlie, sending you 3
2024-10-14 18:54:07.862669 Bravo: Zulu, sending you 6
2024-10-14 18:54:07.863078 Hotel: November and Papa, sending you 4
2024-10-14 18:54:07.865069 Charlie: Papa and Delta, sending you 2
2024-10-14 18:54:07.865836 Zulu: Bravo and Oscar, sending you 4
2024-10-14 18:54:07.866287 Yankee: November, sending you 5
2024-10-14 18:54:07.867045 Oscar: Bravo, sending you 4
2024-10-14 18:54:07.867489 Bravo: Oscar, sending you 4
2024-10-14 18:54:07.868654 Hotel: Delta and Yankee, sending you 3
2024-10-14 18:54:07.870666 Yankee: Papa, Delta and Hotel, sending you 3
2024-10-14 18:54:07.873673 Hotel: Charlie, sending you 2
2024-10-14 18:54:07.875669 Yankee: Charlie, sending you 1
chatterbot November submitting transactions
chatterbot Oscar submitting transactions
chatterbot Yankee submitting transactions
chatterbot Papa submitting transactions
chatterbot Hotel submitting transactions
chatterbot Bravo submitting transactions
chatterbot Delta submitting transactions
chatterbot Whiskey submitting transactions
chatterbot Charlie submitting transactions
chatterbot Zulu submitting transactions
ChatterBot November round 7
ChatterBot Papa round 7
ChatterBot Delta round 7
ChatterBot Whiskey round 7
ChatterBot Zulu round 7
ChatterBot Hotel round 7
ChatterBot Bravo round 7
ChatterBot Charlie round 7
ChatterBot Oscar round 7
ChatterBot Yankee round 7
2024-10-14 18:54:09.069668 November: Papa and Delta, sending you 3
2024-10-14 18:54:09.072682 November: Hotel, sending you 4
2024-10-14 18:54:09.074705 Whiskey: Zulu, sending you 4
2024-10-14 18:54:09.075701 Hotel: November and Papa, sending you 4
2024-10-14 18:54:09.077685 November: Charlie, sending you 1
2024-10-14 18:54:09.078504 Zulu: Whiskey, sending you 5
2024-10-14 18:54:09.078995 Whiskey: Bravo and Oscar, sending you 3
2024-10-14 18:54:09.079492 Hotel: Delta and Yankee, sending you 3
2024-10-14 18:54:09.080311 Delta: November, Papa, Hotel and Yankee, sending you 4
2024-10-14 18:54:09.081107 Yankee: November, sending you 5
2024-10-14 18:54:09.081929 Charlie: November, Hotel and Yankee, sending you 1
2024-10-14 18:54:09.082801 Oscar: Whiskey, sending you 5
2024-10-14 18:54:09.083322 November: Yankee, sending you 5
2024-10-14 18:54:09.084129 Zulu: Bravo and Oscar, sending you 4
2024-10-14 18:54:09.084621 Papa: November, Delta, Hotel and Yankee, sending you 4
2024-10-14 18:54:09.085499 Hotel: Charlie, sending you 2
2024-10-14 18:54:09.086304 Delta: Charlie, sending you 3
2024-10-14 18:54:09.087110 Yankee: Papa, Delta and Hotel, sending you 3
2024-10-14 18:54:09.088011 Bravo: Whiskey, sending you 4
2024-10-14 18:54:09.088482 Oscar: Zulu, sending you 6
2024-10-14 18:54:09.089174 Charlie: Papa and Delta, sending you 2
2024-10-14 18:54:09.090555 Papa: Charlie, sending you 3
2024-10-14 18:54:09.092017 Bravo: Zulu, sending you 6
2024-10-14 18:54:09.092732 Yankee: Charlie, sending you 1
2024-10-14 18:54:09.094022 Oscar: Bravo, sending you 4
2024-10-14 18:54:09.094672 Bravo: Oscar, sending you 5
chatterbot Zulu submitting transactions
chatterbot Oscar submitting transactions
chatterbot November submitting transactions
chatterbot Yankee submitting transactions
chatterbot Whiskey submitting transactions
chatterbot Papa submitting transactions
chatterbot Hotel submitting transactions
chatterbot Charlie submitting transactions
chatterbot Delta submitting transactions
chatterbot Bravo submitting transactions
ChatterBot November round 8
ChatterBot Papa round 8
ChatterBot Delta round 8
ChatterBot Whiskey round 8
ChatterBot Zulu round 8
ChatterBot Hotel round 8
ChatterBot Bravo round 8
ChatterBot Charlie round 8
ChatterBot Oscar round 8
ChatterBot Yankee round 8
2024-10-14 18:54:10.312673 Delta: November, Papa, Hotel and Yankee, sending you 4
2024-10-14 18:54:10.314657 Papa: November, Delta, Hotel and Yankee, sending you 4
2024-10-14 18:54:10.315649 Delta: Charlie, sending you 3
2024-10-14 18:54:10.318665 Whiskey: Zulu, sending you 4
2024-10-14 18:54:10.319149 Hotel: November and Papa, sending you 4
2024-10-14 18:54:10.319849 Papa: Charlie, sending you 3
2024-10-14 18:54:10.321648 Whiskey: Bravo and Oscar, sending you 3
2024-10-14 18:54:10.322656 Hotel: Delta and Yankee, sending you 3
2024-10-14 18:54:10.325661 Hotel: Charlie, sending you 2
2024-10-14 18:54:10.326656 Bravo: Whiskey, sending you 5
2024-10-14 18:54:10.326949 Zulu: Whiskey, sending you 5
2024-10-14 18:54:10.328650 Oscar: Whiskey, sending you 5
2024-10-14 18:54:10.329668 November: Papa and Delta, sending you 3
2024-10-14 18:54:10.330665 Bravo: Zulu, sending you 6
2024-10-14 18:54:10.331016 Yankee: November, sending you 5
2024-10-14 18:54:10.331734 Zulu: Bravo and Oscar, sending you 4
2024-10-14 18:54:10.333651 Oscar: Zulu, sending you 6
2024-10-14 18:54:10.333956 November: Hotel, sending you 4
2024-10-14 18:54:10.335657 Bravo: Oscar, sending you 4
2024-10-14 18:54:10.336666 Yankee: Papa, Delta and Hotel, sending you 3
2024-10-14 18:54:10.337277 Oscar: Bravo, sending you 4
2024-10-14 18:54:10.338660 Charlie: November, Hotel and Yankee, sending you 1
2024-10-14 18:54:10.339234 November: Charlie, sending you 1
2024-10-14 18:54:10.339770 Yankee: Charlie, sending you 1
2024-10-14 18:54:10.343652 Charlie: Papa and Delta, sending you 2
2024-10-14 18:54:10.344707 November: Yankee, sending you 5
chatterbot November submitting transactions
chatterbot Zulu submitting transactions
chatterbot Yankee submitting transactions
chatterbot Charlie submitting transactions
chatterbot Delta submitting transactions
chatterbot Papa submitting transactions
chatterbot Whiskey submitting transactions
chatterbot Oscar submitting transactions
chatterbot Hotel submitting transactions
chatterbot Bravo submitting transactions
ChatterBot November round 9
ChatterBot Papa round 9
ChatterBot Delta round 9
ChatterBot Whiskey round 9
ChatterBot Zulu round 9
ChatterBot Hotel round 9
ChatterBot Bravo round 9
ChatterBot Charlie round 9
ChatterBot Oscar round 9
ChatterBot Yankee round 9
2024-10-14 18:54:11.506654 Delta: November, Papa, Hotel and Yankee, sending you 4
2024-10-14 18:54:11.508661 Whiskey: Zulu, sending you 4
2024-10-14 18:54:11.509695 Zulu: Whiskey, sending you 5
2024-10-14 18:54:11.510660 Delta: Charlie, sending you 3
2024-10-14 18:54:11.511676 Oscar: Sending you each 5
2024-10-14 18:54:11.512102 Whiskey: Bravo and Oscar, sending you 3
2024-10-14 18:54:11.512703 Yankee: November, sending you 5
2024-10-14 18:54:11.513391 Zulu: Bravo and Oscar, sending you 4
2024-10-14 18:54:11.513803 November: Papa and Delta, sending you 3
2024-10-14 18:54:11.515799 Charlie: November, Hotel and Yankee, sending you 1
2024-10-14 18:54:11.516698 Papa: November, Delta, Hotel and Yankee, sending you 4
2024-10-14 18:54:11.517428 Yankee: Papa, Delta and Hotel, sending you 3
2024-10-14 18:54:11.518123 November: Hotel, sending you 4
2024-10-14 18:54:11.518829 Hotel: November and Papa, sending you 4
2024-10-14 18:54:11.520664 Charlie: Papa and Delta, sending you 2
2024-10-14 18:54:11.521354 Papa: Charlie, sending you 3
2024-10-14 18:54:11.522005 Yankee: Charlie, sending you 1
2024-10-14 18:54:11.522644 November: Charlie, sending you 1
2024-10-14 18:54:11.523287 Hotel: Delta and Yankee, sending you 3
2024-10-14 18:54:11.524664 Bravo: Whiskey, sending you 5
2024-10-14 18:54:11.526679 November: Yankee, sending you 5
2024-10-14 18:54:11.527469 Hotel: Charlie, sending you 2
2024-10-14 18:54:11.529690 Bravo: Zulu, sending you 6
2024-10-14 18:54:11.533671 Bravo: Oscar, sending you 4
chatterbot Hotel submitting transactions
chatterbot Yankee submitting transactions
chatterbot November submitting transactions
chatterbot Charlie submitting transactions
chatterbot Zulu submitting transactions
chatterbot Papa submitting transactions
chatterbot Bravo submitting transactions
chatterbot Whiskey submitting transactions
chatterbot Oscar submitting transactions
chatterbot Delta submitting transactions
ChatterBot November round 10
ChatterBot Papa round 10
ChatterBot Delta round 10
ChatterBot Whiskey round 10
ChatterBot Zulu round 10
ChatterBot Hotel round 10
ChatterBot Bravo round 10
ChatterBot Charlie round 10
ChatterBot Oscar round 10
ChatterBot Yankee round 10
2024-10-14 18:54:12.670686 Delta: November, Papa, Hotel and Yankee, sending you 4
2024-10-14 18:54:12.672001 Charlie: November, Hotel and Yankee, sending you 1
2024-10-14 18:54:12.673090 Zulu: Whiskey, sending you 5
2024-10-14 18:54:12.674668 Yankee: November, sending you 5
2024-10-14 18:54:12.675671 Delta: Charlie, sending you 3
2024-10-14 18:54:12.676672 Charlie: Papa and Delta, sending you 2
2024-10-14 18:54:12.677440 Zulu: Bravo and Oscar, sending you 4
2024-10-14 18:54:12.678119 Oscar: Same as last round
2024-10-14 18:54:12.678463 November: Papa and Delta, sending you 3
2024-10-14 18:54:12.679159 Whiskey: Zulu, sending you 4
2024-10-14 18:54:12.679678 Yankee: Papa, Delta and Hotel, sending you 3
2024-10-14 18:54:12.680460 Bravo: Whiskey, Zulu and Oscar, sending you 5
2024-10-14 18:54:12.680845 Hotel: November and Papa, sending you 4
2024-10-14 18:54:12.681890 Papa: November, Delta, Hotel and Yankee, sending you 4
2024-10-14 18:54:12.682694 November: Hotel, sending you 4
2024-10-14 18:54:12.683679 Whiskey: Bravo and Oscar, sending you 3
2024-10-14 18:54:12.684665 Yankee: Charlie, sending you 1
2024-10-14 18:54:12.686005 Hotel: Delta and Yankee, sending you 3
2024-10-14 18:54:12.687065 November: Charlie, sending you 1
2024-10-14 18:54:12.688109 Papa: Charlie, sending you 3
2024-10-14 18:54:12.691673 Hotel: Charlie, sending you 2
2024-10-14 18:54:12.693139 November: Yankee, sending you 5
chatterbot Hotel submitting transactions
chatterbot Papa submitting transactions
chatterbot Yankee submitting transactions
chatterbot Zulu submitting transactions
chatterbot Bravo submitting transactions
chatterbot November submitting transactions
chatterbot Whiskey submitting transactions
chatterbot Delta submitting transactions
chatterbot Charlie submitting transactions
chatterbot Oscar submitting transactions
ChatterBot November round 11
ChatterBot Papa round 11
ChatterBot Delta round 11
ChatterBot Whiskey round 11
ChatterBot Zulu round 11
ChatterBot Hotel round 11
ChatterBot Bravo round 11
ChatterBot Charlie round 11
ChatterBot Oscar round 11
ChatterBot Yankee round 11
2024-10-14 18:54:13.740680 Delta: November, Papa, Hotel and Yankee, sending you 4
2024-10-14 18:54:13.744686 November: Papa and Delta, sending you 3
2024-10-14 18:54:13.746017 Delta: Charlie, sending you 3
2024-10-14 18:54:13.748681 November: Hotel, sending you 4
2024-10-14 18:54:13.749794 Charlie: November, Hotel and Yankee, sending you 1
2024-10-14 18:54:13.752692 Whiskey: Zulu, sending you 4
2024-10-14 18:54:13.753597 Hotel: November and Papa, sending you 4
2024-10-14 18:54:13.754718 Zulu: Whiskey, sending you 5
2024-10-14 18:54:13.755354 November: Charlie, sending you 1
2024-10-14 18:54:13.756186 Charlie: Papa and Delta, sending you 2
2024-10-14 18:54:13.756900 Whiskey: Bravo and Oscar, sending you 3
2024-10-14 18:54:13.757982 Zulu: Bravo and Oscar, sending you 4
2024-10-14 18:54:13.758692 November: Yankee, sending you 5
2024-10-14 18:54:13.759653 Hotel: Delta and Yankee, sending you 3
2024-10-14 18:54:13.760678 Bravo: Whiskey, Zulu and Oscar, sending you 5
2024-10-14 18:54:13.761666 Papa: November, Delta, Hotel and Yankee, sending you 4
2024-10-14 18:54:13.762697 Hotel: Charlie, sending you 2
2024-10-14 18:54:13.764677 Yankee: November, sending you 5
2024-10-14 18:54:13.765672 Papa: Charlie, sending you 3
2024-10-14 18:54:13.767668 Oscar: Same as last round
2024-10-14 18:54:13.769692 Yankee: Papa, Delta and Hotel, sending you 3
2024-10-14 18:54:13.774680 Yankee: Charlie, sending you 1
chatterbot November submitting transactions
chatterbot Bravo submitting transactions
chatterbot Oscar submitting transactions
chatterbot Papa submitting transactions
chatterbot Delta submitting transactions
chatterbot Whiskey submitting transactions
chatterbot Hotel submitting transactions
chatterbot Yankee submitting transactions
chatterbot Zulu submitting transactions
chatterbot Charlie submitting transactions
ChatterBot November round 12
ChatterBot Papa round 12
ChatterBot Delta round 12
ChatterBot Whiskey round 12
ChatterBot Zulu round 12
ChatterBot Hotel round 12
ChatterBot Bravo round 12
ChatterBot Charlie round 12
ChatterBot Oscar round 12
ChatterBot Yankee round 12
2024-10-14 18:54:14.937683 Bravo: We should replace Charlie with Hotel
2024-10-14 18:54:14.977054 Zulu: No
2024-10-14 18:54:14.977422 Whiskey: No
2024-10-14 18:54:14.978372 Oscar: No
ChatterBot Bravo reevaluating
ChatterBot Bravo reevaluating
ChatterBot Bravo reevaluating
2024-10-14 18:54:15.019887 November: Papa and Delta, sending you 3
2024-10-14 18:54:15.024694 November: Hotel, sending you 4
2024-10-14 18:54:15.026678 Zulu: Whiskey, sending you 5
2024-10-14 18:54:15.027713 Delta: November, Papa, Hotel and Yankee, sending you 4
2024-10-14 18:54:15.030168 November: Charlie, sending you 1
2024-10-14 18:54:15.031734 Zulu: Bravo and Oscar, sending you 4
2024-10-14 18:54:15.033705 Delta: Charlie, sending you 3
2024-10-14 18:54:15.035548 Papa: November, Delta, Hotel and Yankee, sending you 4
2024-10-14 18:54:15.037072 November: Yankee, sending you 5
2024-10-14 18:54:15.039264 Bravo: Whiskey, Zulu and Oscar, sending you 5
2024-10-14 18:54:15.040266 Whiskey: Sending you each 3
2024-10-14 18:54:15.041079 Hotel: November and Papa, sending you 4
2024-10-14 18:54:15.042966 Charlie: November, Hotel and Yankee, sending you 1
2024-10-14 18:54:15.044308 Papa: Charlie, sending you 3
2024-10-14 18:54:15.045785 Hotel: Delta and Yankee, sending you 3
2024-10-14 18:54:15.047693 Yankee: November, sending you 5
2024-10-14 18:54:15.049369 Charlie: Papa and Delta, sending you 2
2024-10-14 18:54:15.050592 Oscar: Same as last round
2024-10-14 18:54:15.052081 Hotel: Charlie, sending you 2
2024-10-14 18:54:15.053663 Yankee: Papa, Delta and Hotel, sending you 3
2024-10-14 18:54:15.058682 Yankee: Charlie, sending you 1
chatterbot November submitting transactions
chatterbot Hotel submitting transactions
chatterbot Whiskey submitting transactions
chatterbot Papa submitting transactions
chatterbot Charlie submitting transactions
chatterbot Yankee submitting transactions
chatterbot Delta submitting transactions
chatterbot Zulu submitting transactions
chatterbot Bravo submitting transactions
chatterbot Oscar submitting transactions
ChatterBot November round 13
ChatterBot Papa round 13
ChatterBot Delta round 13
ChatterBot Whiskey round 13
ChatterBot Zulu round 13
ChatterBot Hotel round 13
ChatterBot Bravo round 13
ChatterBot Charlie round 13
ChatterBot Oscar round 13
ChatterBot Yankee round 13
2024-10-14 18:54:16.304704 Zulu: Whiskey, sending you 5
2024-10-14 18:54:16.307729 Zulu: Bravo and Oscar, sending you 4
2024-10-14 18:54:16.309706 Charlie: November, Hotel and Yankee, sending you 1
2024-10-14 18:54:16.310692 Papa: November, Delta, Hotel and Yankee, sending you 4
2024-10-14 18:54:16.312321 November: Papa and Delta, sending you 3
2024-10-14 18:54:16.313470 Whiskey: Same as last round
2024-10-14 18:54:16.314180 Delta: November, Papa, Hotel and Yankee, sending you 4
2024-10-14 18:54:16.315949 Papa: Charlie, sending you 3
2024-10-14 18:54:16.317761 Charlie: Papa and Delta, sending you 2
2024-10-14 18:54:16.319980 Yankee: November, sending you 5
2024-10-14 18:54:16.321658 Hotel: November and Papa, sending you 4
2024-10-14 18:54:16.323323 Bravo: Whiskey, Zulu and Oscar, sending you 5
2024-10-14 18:54:16.324014 November: Hotel, sending you 4
2024-10-14 18:54:16.326451 Oscar: Same as last round
2024-10-14 18:54:16.327583 Delta: Charlie, sending you 3
2024-10-14 18:54:16.329508 Yankee: Papa, Delta and Hotel, sending you 3
2024-10-14 18:54:16.331158 Hotel: Delta and Yankee, sending you 3
2024-10-14 18:54:16.332310 November: Charlie, sending you 1
2024-10-14 18:54:16.335653 Yankee: Charlie, sending you 1
2024-10-14 18:54:16.336487 Hotel: Charlie, sending you 2
2024-10-14 18:54:16.337456 November: Yankee, sending you 5
chatterbot Charlie submitting transactions
chatterbot Papa submitting transactions
chatterbot Delta submitting transactions
chatterbot Zulu submitting transactions
chatterbot Yankee submitting transactions
chatterbot Hotel submitting transactions
chatterbot Oscar submitting transactions
chatterbot Whiskey submitting transactions
chatterbot November submitting transactions
chatterbot Bravo submitting transactions
ChatterBot November round 14
ChatterBot Papa round 14
ChatterBot Delta round 14
ChatterBot Whiskey round 14
ChatterBot Zulu round 14
ChatterBot Hotel round 14
ChatterBot Bravo round 14
ChatterBot Charlie round 14
ChatterBot Oscar round 14
ChatterBot Yankee round 14
2024-10-14 18:54:17.507705 Papa: November, Delta, Hotel and Yankee, sending you 4
2024-10-14 18:54:17.512668 Oscar: Same as last round
2024-10-14 18:54:17.513394 Delta: November, Papa, Hotel and Yankee, sending you 4
2024-10-14 18:54:17.514961 Papa: Charlie, sending you 3
2024-10-14 18:54:17.516790 Charlie: November, Hotel and Yankee, sending you 1
2024-10-14 18:54:17.518273 November: Papa and Delta, sending you 3
2024-10-14 18:54:17.519801 Yankee: November, sending you 5
2024-10-14 18:54:17.521246 Delta: Charlie, sending you 3
2024-10-14 18:54:17.523420 Charlie: Papa and Delta, sending you 2
2024-10-14 18:54:17.525241 November: Hotel, sending you 4
2024-10-14 18:54:17.526971 Yankee: Papa, Delta and Hotel, sending you 3
2024-10-14 18:54:17.528400 Whiskey: Same as last round
2024-10-14 18:54:17.529073 Hotel: November and Papa, sending you 4
2024-10-14 18:54:17.530417 Bravo: Whiskey, Zulu and Oscar, sending you 5
2024-10-14 18:54:17.531317 Zulu: Whiskey, sending you 5
2024-10-14 18:54:17.531846 November: Charlie, sending you 1
2024-10-14 18:54:17.532671 Yankee: Charlie, sending you 1
2024-10-14 18:54:17.533726 Hotel: Delta and Yankee, sending you 3
2024-10-14 18:54:17.535686 Zulu: Bravo and Oscar, sending you 4
2024-10-14 18:54:17.536288 November: Yankee, sending you 5
2024-10-14 18:54:17.537710 Hotel: Charlie, sending you 2
chatterbot November submitting transactions
chatterbot Papa submitting transactions
chatterbot Delta submitting transactions
chatterbot Zulu submitting transactions
chatterbot Bravo submitting transactions
chatterbot Charlie submitting transactions
chatterbot Hotel submitting transactions
chatterbot Whiskey submitting transactions
chatterbot Yankee submitting transactions
chatterbot Oscar submitting transactions
ChatterBot November round 15
ChatterBot Papa round 15
ChatterBot Delta round 15
ChatterBot Whiskey round 15
ChatterBot Zulu round 15
ChatterBot Hotel round 15
ChatterBot Bravo round 15
ChatterBot Charlie round 15
ChatterBot Oscar round 15
ChatterBot Yankee round 15
2024-10-14 18:54:18.741036 Bravo: We should replace Charlie with Papa
2024-10-14 18:54:18.747879 Zulu: No
2024-10-14 18:54:18.748053 Whiskey: No
2024-10-14 18:54:18.748184 Oscar: No
ChatterBot Bravo reevaluating
ChatterBot Bravo reevaluating
ChatterBot Bravo reevaluating
2024-10-14 18:54:18.790683 Yankee: November, sending you 5
2024-10-14 18:54:18.796662 Yankee: Papa, Delta and Hotel, sending you 3
2024-10-14 18:54:18.798030 Delta: November, Papa, Hotel and Yankee, sending you 4
2024-10-14 18:54:18.798859 Oscar: Same as last round
2024-10-14 18:54:18.800676 November: Papa and Delta, sending you 3
2024-10-14 18:54:18.801815 Charlie: November, Hotel and Yankee, sending you 1
2024-10-14 18:54:18.802948 Delta: Charlie, sending you 3
2024-10-14 18:54:18.804551 Yankee: Charlie, sending you 1
2024-10-14 18:54:18.805755 Papa: November, Delta, Hotel and Yankee, sending you 4
2024-10-14 18:54:18.806966 Whiskey: Same as last round
2024-10-14 18:54:18.807501 November: Hotel, sending you 4
2024-10-14 18:54:18.808620 Charlie: Papa and Delta, sending you 2
2024-10-14 18:54:18.810119 Zulu: Whiskey, sending you 5
2024-10-14 18:54:18.810635 Hotel: November and Papa, sending you 4
2024-10-14 18:54:18.811779 Papa: Charlie, sending you 3
2024-10-14 18:54:18.812922 Bravo: Whiskey, Zulu and Oscar, sending you 5
2024-10-14 18:54:18.813398 November: Charlie, sending you 1
2024-10-14 18:54:18.815667 Zulu: Bravo and Oscar, sending you 4
2024-10-14 18:54:18.816085 Hotel: Delta and Yankee, sending you 3
2024-10-14 18:54:18.817679 November: Yankee, sending you 5
2024-10-14 18:54:18.819967 Hotel: Charlie, sending you 2
chatterbot Oscar submitting transactions
chatterbot Delta submitting transactions
chatterbot Yankee submitting transactions
chatterbot Bravo submitting transactions
chatterbot November submitting transactions
chatterbot Charlie submitting transactions
chatterbot Zulu submitting transactions
chatterbot Hotel submitting transactions
chatterbot Whiskey submitting transactions
chatterbot Papa submitting transactions
ChatterBot November round 16
ChatterBot Papa round 16
ChatterBot Delta round 16
ChatterBot Whiskey round 16
ChatterBot Zulu round 16
ChatterBot Hotel round 16
ChatterBot Bravo round 16
ChatterBot Charlie round 16
ChatterBot Oscar round 16
ChatterBot Yankee round 16
2024-10-14 18:54:19.937702 Zulu: Whiskey and Oscar, sending you 5
2024-10-14 18:54:19.939001 Delta: November, Papa, Hotel and Yankee, sending you 4
2024-10-14 18:54:19.940693 Papa: November, Delta, Hotel and Yankee, sending you 4
