ChatterBot Sierra round 1
ChatterBot X-ray round 1
ChatterBot Hotel round 1
ChatterBot Oscar round 1
ChatterBot Zulu round 1
ChatterBot November round 1
ChatterBot Lima round 1
randomSelections Oscar: {Oscar, Romeo, Juliett, November, Charlie, Sierra} 
2024-10-14 18:53:59.973093 Oscar: We should group up
ChatterBot November reevaluating
ChatterBot Sierra reevaluating
2024-10-14 18:54:00.022884 November: Yes
2024-10-14 18:54:00.023593 Sierra: Yes
ChatterBot Sierra reevaluating
ChatterBot November reevaluating
randomSelections Zulu: {Zulu, Oscar, Lima, Romeo, Hotel, Charlie} 
2024-10-14 18:54:00.040436 Zulu: Can we be friends?
ChatterBot Lima reevaluating
ChatterBot Hotel reevaluating
2024-10-14 18:54:00.056362 Oscar: No
2024-10-14 18:54:00.056757 Lima: Yes
2024-10-14 18:54:00.057607 Hotel: Yes
ChatterBot Lima reevaluating
ChatterBot Hotel reevaluating
ChatterBot Hotel reevaluating
ChatterBot Lima reevaluating
ChatterBot Romeo round 1
ChatterBot Romeo reevaluating
ChatterBot Romeo reevaluating
ChatterBot Romeo reevaluating
ChatterBot Romeo reevaluating
ChatterBot Romeo reevaluating
ChatterBot Romeo reevaluating
ChatterBot Romeo reevaluating
2024-10-14 18:54:00.105159 Romeo: Yes
2024-10-14 18:54:00.105387 Romeo: No
ChatterBot November reevaluating
ChatterBot Sierra reevaluating
ChatterBot Lima reevaluating
ChatterBot Hotel reevaluating
ChatterBot Charlie round 1
ChatterBot Charlie reevaluating
ChatterBot Charlie reevaluating
ChatterBot Charlie reevaluating
ChatterBot Charlie reevaluating
ChatterBot Charlie reevaluating
ChatterBot Charlie reevaluating
ChatterBot Charlie reevaluating
ChatterBot Charlie reevaluating
ChatterBot Charlie reevaluating
2024-10-14 18:54:00.147427 Charlie: Yes
2024-10-14 18:54:00.147598 Charlie: No
ChatterBot Romeo reevaluating
ChatterBot November reevaluating
ChatterBot Sierra reevaluating
ChatterBot Lima reevaluating
ChatterBot Hotel reevaluating
ChatterBot Romeo reevaluating
ChatterBot Juliett round 1
ChatterBot Juliett reevaluating
ChatterBot Juliett reevaluating
ChatterBot Juliett reevaluating
ChatterBot Juliett reevaluating
ChatterBot Juliett reevaluating
2024-10-14 18:54:00.185762 Juliett: Yes
ChatterBot Romeo reevaluating
ChatterBot November reevaluating
ChatterBot Charlie reevaluating
ChatterBot Sierra reevaluating
randomSelections X-ray: {X-ray, Sierra, Lima, Hotel, Romeo, Oscar} 
2024-10-14 18:54:00.203446 X-ray: Group up?
ChatterBot Sierra reevaluating
ChatterBot Lima reevaluating
ChatterBot Hotel reevaluating
ChatterBot Romeo reevaluating
2024-10-14 18:54:00.214857 Sierra: No
2024-10-14 18:54:00.215599 Lima: No
2024-10-14 18:54:00.215786 Hotel: No
2024-10-14 18:54:00.216 Romeo: No
2024-10-14 18:54:00.216160 Oscar: No
ChatterBot Lima reevaluating
ChatterBot Hotel reevaluating
ChatterBot Romeo reevaluating
ChatterBot Sierra reevaluating
ChatterBot Hotel reevaluating
ChatterBot Romeo reevaluating
ChatterBot Sierra reevaluating
ChatterBot Lima reevaluating
ChatterBot Romeo reevaluating
ChatterBot Sierra reevaluating
ChatterBot Lima reevaluating
ChatterBot Hotel reevaluating
ChatterBot Sierra reevaluating
ChatterBot Lima reevaluating
ChatterBot Hotel reevaluating
ChatterBot Romeo reevaluating
2024-10-14 18:54:00.285351 Zulu: Hotel, sending you 4
2024-10-14 18:54:00.285866 Oscar: Sierra, sending you 2
2024-10-14 18:54:00.286314 Lima: Oscar and Charlie, sending you 4
2024-10-14 18:54:00.287764 Sierra: Oscar, sending you 1
2024-10-14 18:54:00.290632 November: Sierra and Oscar, sending you 2
2024-10-14 18:54:00.291153 Oscar: November, sending you 5
2024-10-14 18:54:00.294868 Zulu: Oscar, sending you 6
2024-10-14 18:54:00.295318 Lima: Zulu, sending you 2
2024-10-14 18:54:00.295729 Sierra: November, sending you 5
2024-10-14 18:54:00.296113 Romeo: Sierra and Juliett, sending you 2
2024-10-14 18:54:00.298021 Charlie: Sierra, sending you 3
2024-10-14 18:54:00.298408 X-ray: Sierra, sending you 5
2024-10-14 18:54:00.298774 November: Romeo and Charlie, sending you 3
2024-10-14 18:54:00.301219 Oscar: Romeo, sending you 3
2024-10-14 18:54:00.305288 Lima: Romeo, sending you 5
2024-10-14 18:54:00.305842 Zulu: Lima and Charlie, sending you 2
2024-10-14 18:54:00.306377 Sierra: Romeo, sending you 3
2024-10-14 18:54:00.306829 Juliett: Sierra and November, sending you 2
2024-10-14 18:54:00.308792 Romeo: Oscar, sending you 1
2024-10-14 18:54:00.309257 X-ray: Oscar, sending you 8
2024-10-14 18:54:00.309621 Hotel: Oscar, Zulu and Romeo, sending you 3
2024-10-14 18:54:00.310031 Charlie: Oscar, sending you 1
2024-10-14 18:54:00.316026 November: Juliett, sending you 5
2024-10-14 18:54:00.316629 Oscar: Charlie and Juliett, sending you 1
2024-10-14 18:54:00.317222 Zulu: Romeo, sending you 3
2024-10-14 18:54:00.317594 Sierra: Charlie, sending you 2
2024-10-14 18:54:00.317964 Romeo: November and Charlie, sending you 3
2024-10-14 18:54:00.320103 X-ray: Lima, sending you 2
2024-10-14 18:54:00.320507 Hotel: Lima, sending you 1
2024-10-14 18:54:00.320871 Juliett: Oscar, sending you 3
2024-10-14 18:54:00.327462 Charlie: November, sending you 4
2024-10-14 18:54:00.327959 Sierra: Juliett, sending you 6
2024-10-14 18:54:00.328425 X-ray: Romeo, sending you 1
2024-10-14 18:54:00.328805 Hotel: Charlie, sending you 5
2024-10-14 18:54:00.331259 Juliett: Romeo and Charlie, sending you 4
2024-10-14 18:54:00.332790 Charlie: Romeo, sending you 2
2024-10-14 18:54:00.339548 Charlie: Juliett, sending you 5
chatterbot Oscar submitting transactions
chatterbot Zulu submitting transactions
chatterbot Lima submitting transactions
chatterbot Romeo submitting transactions
chatterbot Sierra submitting transactions
chatterbot November submitting transactions
chatterbot Charlie submitting transactions
chatterbot Juliett submitting transactions
chatterbot Hotel submitting transactions
chatterbot X-ray submitting transactions
ChatterBot Sierra round 2
ChatterBot X-ray round 2
ChatterBot Hotel round 2
ChatterBot Oscar round 2
ChatterBot Zulu round 2
ChatterBot November round 2
ChatterBot Lima round 2
2024-10-14 18:54:01.496206 Sierra: We should add X-ray
ChatterBot Oscar reevaluating
ChatterBot Romeo reevaluating
ChatterBot Juliett reevaluating
ChatterBot November reevaluating
ChatterBot Charlie reevaluating
2024-10-14 18:54:01.562263 Oscar: Yes
2024-10-14 18:54:01.562457 Romeo: Yes
2024-10-14 18:54:01.563010 Juliett: Yes
2024-10-14 18:54:01.563129 November: Yes
2024-10-14 18:54:01.563240 Charlie: Yes
ChatterBot Romeo reevaluating
ChatterBot Juliett reevaluating
ChatterBot November reevaluating
ChatterBot Charlie reevaluating
ChatterBot Oscar reevaluating
ChatterBot Juliett reevaluating
ChatterBot November reevaluating
ChatterBot Charlie reevaluating
ChatterBot Oscar reevaluating
ChatterBot Romeo reevaluating
ChatterBot November reevaluating
ChatterBot Charlie reevaluating
ChatterBot Oscar reevaluating
ChatterBot Romeo reevaluating
ChatterBot Juliett reevaluating
ChatterBot Charlie reevaluating
ChatterBot Oscar reevaluating
ChatterBot Romeo reevaluating
ChatterBot Juliett reevaluating
ChatterBot November reevaluating
ChatterBot Romeo round 2
2024-10-14 18:54:01.833643 X-ray: Let's form a team
ChatterBot Oscar reevaluating
ChatterBot November reevaluating
ChatterBot Romeo reevaluating
ChatterBot Charlie reevaluating
ChatterBot Juliett reevaluating
2024-10-14 18:54:01.872201 Sierra: Yes
2024-10-14 18:54:01.872473 Oscar: Yes
2024-10-14 18:54:01.872691 November: Yes
2024-10-14 18:54:01.872864 Romeo: Yes
2024-10-14 18:54:01.873007 Charlie: No
2024-10-14 18:54:01.873699 Juliett: No
ChatterBot Oscar reevaluating
ChatterBot November reevaluating
ChatterBot Romeo reevaluating
ChatterBot Charlie reevaluating
ChatterBot Juliett reevaluating
ChatterBot November reevaluating
ChatterBot Romeo reevaluating
ChatterBot Charlie reevaluating
ChatterBot Juliett reevaluating
ChatterBot Oscar reevaluating
ChatterBot Romeo reevaluating
ChatterBot Charlie reevaluating
ChatterBot Juliett reevaluating
ChatterBot Oscar reevaluating
ChatterBot November reevaluating
ChatterBot Charlie reevaluating
ChatterBot Juliett reevaluating
ChatterBot Oscar reevaluating
ChatterBot November reevaluating
ChatterBot Romeo reevaluating
ChatterBot Juliett reevaluating
ChatterBot Oscar reevaluating
ChatterBot November reevaluating
ChatterBot Romeo reevaluating
ChatterBot Charlie reevaluating
2024-10-14 18:54:02.208981 Romeo: We should add X-ray
ChatterBot Oscar reevaluating
ChatterBot Juliett reevaluating
ChatterBot November reevaluating
ChatterBot Charlie reevaluating
2024-10-14 18:54:02.259302 Oscar: Yes
2024-10-14 18:54:02.259619 Juliett: Yes
2024-10-14 18:54:02.259862 November: Yes
2024-10-14 18:54:02.260033 Charlie: Yes
2024-10-14 18:54:02.260937 Sierra: Yes
ChatterBot Romeo reevaluating
ChatterBot Juliett reevaluating
ChatterBot November reevaluating
ChatterBot Charlie reevaluating
ChatterBot Oscar reevaluating
ChatterBot Romeo reevaluating
ChatterBot November reevaluating
ChatterBot Charlie reevaluating
ChatterBot Oscar reevaluating
ChatterBot Romeo reevaluating
ChatterBot Juliett reevaluating
ChatterBot Charlie reevaluating
ChatterBot Oscar reevaluating
ChatterBot Romeo reevaluating
ChatterBot Juliett reevaluating
ChatterBot November reevaluating
ChatterBot Oscar reevaluating
ChatterBot Romeo reevaluating
ChatterBot Juliett reevaluating
ChatterBot November reevaluating
ChatterBot Charlie reevaluating
2024-10-14 18:54:02.519260 Zulu: Let's form a team
ChatterBot Hotel reevaluating
ChatterBot Lima reevaluating
2024-10-14 18:54:02.532479 Hotel: Yes
2024-10-14 18:54:02.532707 Lima: Yes
ChatterBot Lima reevaluating
ChatterBot Hotel reevaluating
2024-10-14 18:54:02.556166 Lima: We should group up
ChatterBot Hotel reevaluating
2024-10-14 18:54:02.570834 Hotel: No
2024-10-14 18:54:02.571086 Zulu: No
2024-10-14 18:54:02.571220 X-ray: No
ChatterBot Lima reevaluating
ChatterBot Lima reevaluating
ChatterBot Hotel reevaluating
ChatterBot Lima reevaluating
ChatterBot Hotel reevaluating
ChatterBot Charlie round 2
ChatterBot Juliett round 2
2024-10-14 18:54:02.637869 Sierra: X-ray we want you to join our group
2024-10-14 18:54:02.643882 X-ray: Yes
ChatterBot Oscar reevaluating
ChatterBot November reevaluating
ChatterBot Romeo reevaluating
ChatterBot Charlie reevaluating
ChatterBot Juliett reevaluating
2024-10-14 18:54:02.677798 Charlie: We should add X-ray
2024-10-14 18:54:02.678583 Juliett: We should add X-ray
ChatterBot Oscar reevaluating
ChatterBot Romeo reevaluating
ChatterBot Juliett reevaluating
ChatterBot November reevaluating
2024-10-14 18:54:02.705565 Oscar: Yes
ChatterBot Oscar reevaluating
2024-10-14 18:54:02.711384 Romeo: Yes
ChatterBot Romeo reevaluating
2024-10-14 18:54:02.717098 Juliett: Yes
2024-10-14 18:54:02.717320 November: Yes
ChatterBot November reevaluating
ChatterBot Charlie reevaluating
2024-10-14 18:54:02.759964 Sierra: Yes
2024-10-14 18:54:02.790610 Oscar: Yes
2024-10-14 18:54:02.790878 Romeo: Yes
2024-10-14 18:54:02.792634 November: Yes
2024-10-14 18:54:02.792779 Charlie: Yes
2024-10-14 18:54:02.792920 Sierra: Yes
ChatterBot Romeo reevaluating
ChatterBot Juliett reevaluating
ChatterBot November reevaluating
ChatterBot Charlie reevaluating
ChatterBot Oscar reevaluating
ChatterBot Juliett reevaluating
ChatterBot November reevaluating
ChatterBot Charlie reevaluating
ChatterBot Oscar reevaluating
ChatterBot Romeo reevaluating
ChatterBot November reevaluating
ChatterBot Charlie reevaluating
ChatterBot Oscar reevaluating
ChatterBot Romeo reevaluating
ChatterBot Juliett reevaluating
ChatterBot Charlie reevaluating
ChatterBot Oscar reevaluating
ChatterBot Romeo reevaluating
ChatterBot Juliett reevaluating
ChatterBot November reevaluating
ChatterBot Charlie reevaluating
ChatterBot Romeo reevaluating
ChatterBot Juliett reevaluating
ChatterBot November reevaluating
ChatterBot Charlie reevaluating
ChatterBot Oscar reevaluating
ChatterBot Juliett reevaluating
ChatterBot November reevaluating
ChatterBot Charlie reevaluating
ChatterBot Oscar reevaluating
ChatterBot Romeo reevaluating
ChatterBot Juliett reevaluating
ChatterBot Charlie reevaluating
ChatterBot Oscar reevaluating
ChatterBot Romeo reevaluating
ChatterBot Juliett reevaluating
ChatterBot November reevaluating
ChatterBot Oscar reevaluating
ChatterBot Romeo reevaluating
ChatterBot Juliett reevaluating
ChatterBot November reevaluating
ChatterBot Charlie reevaluating
2024-10-14 18:54:03.130527 November: X-ray we want you to join our group
2024-10-14 18:54:03.135365 X-ray: Yes
2024-10-14 18:54:03.163959 Romeo: X-ray we want you to join our group
2024-10-14 18:54:03.168627 X-ray: Yes
2024-10-14 18:54:03.193760 X-ray: Sierra, Oscar, November, Romeo and Charlie, sending you 3
2024-10-14 18:54:03.194314 Zulu: Hotel, sending you 8
2024-10-14 18:54:03.195194 Juliett: X-ray we want you to join our group
2024-10-14 18:54:03.199193 X-ray: Yes
2024-10-14 18:54:03.218667 Charlie: X-ray we want you to join our group
2024-10-14 18:54:03.222426 X-ray: Yes
2024-10-14 18:54:03.242157 X-ray: Juliett, sending you 1
2024-10-14 18:54:03.242645 Hotel: Zulu, sending you 9
2024-10-14 18:54:03.242985 Zulu: Lima, sending you 7
2024-10-14 18:54:03.248173 Sierra: X-ray, sending you 4
2024-10-14 18:54:03.249295 Lima: X-ray and Zulu, sending you 6
2024-10-14 18:54:03.249682 Oscar: Sierra, November, Romeo and Charlie, sending you 1
2024-10-14 18:54:03.250676 Hotel: Lima, sending you 1
2024-10-14 18:54:03.257800 Sierra: Oscar, November, Romeo, Charlie and Juliett, sending you 3
2024-10-14 18:54:03.258246 Lima: Hotel, sending you 3
2024-10-14 18:54:03.258517 Romeo: Sierra, X-ray, Oscar, November and Charlie, sending you 3
2024-10-14 18:54:03.258956 Oscar: X-ray, sending you 3
2024-10-14 18:54:03.270386 Romeo: Juliett, sending you 4
2024-10-14 18:54:03.271435 Charlie: Sierra, X-ray and Oscar, sending you 2
2024-10-14 18:54:03.271863 Oscar: Hotel, Zulu, Lima and Juliett, sending you 2
2024-10-14 18:54:03.277158 November: Sierra and Oscar, sending you 4
2024-10-14 18:54:03.278123 Juliett: Sierra, sending you 4
2024-10-14 18:54:03.278662 Charlie: November, Romeo and Juliett, sending you 3
2024-10-14 18:54:03.280815 Juliett: X-ray, sending you 1
2024-10-14 18:54:03.283381 November: Romeo and Juliett, sending you 2
2024-10-14 18:54:03.317180 Juliett: Oscar and Romeo, sending you 2
2024-10-14 18:54:03.318015 November: Charlie, sending you 3
2024-10-14 18:54:03.331492 Juliett: November and Charlie, sending you 3
chatterbot Lima submitting transactions
chatterbot Sierra submitting transactions
chatterbot Zulu submitting transactions
chatterbot November submitting transactions
chatterbot Hotel submitting transactions
chatterbot Juliett submitting transactions
chatterbot X-ray submitting transactions
chatterbot Romeo submitting transactions
chatterbot Oscar submitting transactions
chatterbot Charlie submitting transactions
ChatterBot Sierra round 3
ChatterBot X-ray round 3
ChatterBot Hotel round 3
ChatterBot Oscar round 3
ChatterBot Zulu round 3
ChatterBot November round 3
ChatterBot Lima round 3
ChatterBot Romeo round 3
ChatterBot Charlie round 3
ChatterBot Juliett round 3
2024-10-14 18:54:04.460955 Lima: We should drop X-ray
2024-10-14 18:54:04.467092 Zulu: Yes
2024-10-14 18:54:04.467261 Hotel: Yes
ChatterBot Hotel reevaluating
2024-10-14 18:54:04.479698 Hotel: We should add Oscar
2024-10-14 18:54:04.487433 Zulu: No
2024-10-14 18:54:04.487629 Lima: No
ChatterBot Hotel reevaluating
ChatterBot Hotel reevaluating
2024-10-14 18:54:04.503071 X-ray: Sierra, sending you 5
2024-10-14 18:54:04.506399 Zulu: Hotel, sending you 8
2024-10-14 18:54:04.506846 X-ray: Oscar and Romeo, sending you 4
2024-10-14 18:54:04.508008 Oscar: Sierra, Romeo, Charlie and Juliett, sending you 2
2024-10-14 18:54:04.508604 Sierra: X-ray, sending you 4
2024-10-14 18:54:04.510683 Zulu: Lima, sending you 7
2024-10-14 18:54:04.511417 Oscar: X-ray, sending you 4
2024-10-14 18:54:04.511920 X-ray: Charlie, sending you 2
2024-10-14 18:54:04.512329 Sierra: Oscar, November, Romeo, Charlie and Juliett, sending you 3
2024-10-14 18:54:04.514700 Oscar: November, sending you 3
2024-10-14 18:54:04.516112 X-ray: Juliett, sending you 1
2024-10-14 18:54:04.516674 Juliett: Sierra, November, Romeo and Charlie, sending you 3
2024-10-14 18:54:04.517246 Charlie: Sierra, November, Romeo and Juliett, sending you 3
2024-10-14 18:54:04.518717 Romeo: Sierra, sending you 4
2024-10-14 18:54:04.519796 Lima: Hotel, sending you 5
2024-10-14 18:54:04.521734 Juliett: X-ray, sending you 1
2024-10-14 18:54:04.522282 Charlie: X-ray, sending you 2
2024-10-14 18:54:04.523243 November: Sierra, Oscar, Romeo and Charlie, sending you 3
2024-10-14 18:54:04.523826 Lima: Zulu, sending you 10
2024-10-14 18:54:04.524671 Romeo: X-ray, Oscar, November, Charlie and Juliett, sending you 3
2024-10-14 18:54:04.525230 Juliett: Oscar, sending you 2
2024-10-14 18:54:04.526680 Hotel: Zulu, sending you 9
2024-10-14 18:54:04.527040 Charlie: Oscar, sending you 1
2024-10-14 18:54:04.527990 November: X-ray, sending you 1
2024-10-14 18:54:04.531034 Hotel: Lima, sending you 4
2024-10-14 18:54:04.531404 November: Juliett, sending you 2
chatterbot Juliett submitting transactions
chatterbot Lima submitting transactions
chatterbot X-ray submitting transactions
chatterbot Oscar submitting transactions
chatterbot November submitting transactions
chatterbot Romeo submitting transactions
chatterbot Sierra submitting transactions
chatterbot Hotel submitting transactions
chatterbot Charlie submitting transactions
chatterbot Zulu submitting transactions
ChatterBot Sierra round 4
ChatterBot X-ray round 4
ChatterBot Hotel round 4
ChatterBot Oscar round 4
ChatterBot Zulu round 4
ChatterBot November round 4
ChatterBot Lima round 4
ChatterBot Romeo round 4
ChatterBot Charlie round 4
ChatterBot Juliett round 4
2024-10-14 18:54:05.727685 Sierra: X-ray, sending you 4
2024-10-14 18:54:05.729694 X-ray: Sierra, sending you 4
2024-10-14 18:54:05.732962 Sierra: Oscar, November, Romeo, Charlie and Juliett, sending you 3
2024-10-14 18:54:05.734708 X-ray: Oscar, sending you 5
2024-10-14 18:54:05.736696 Romeo: Sierra, X-ray, Oscar, November and Charlie, sending you 3
2024-10-14 18:54:05.738311 Zulu: Hotel, sending you 8
2024-10-14 18:54:05.738839 Lima: Hotel, sending you 6
2024-10-14 18:54:05.739175 Juliett: Sierra, November, Romeo and Charlie, sending you 3
2024-10-14 18:54:05.740837 X-ray: November and Juliett, sending you 1
2024-10-14 18:54:05.741644 Oscar: Sierra, Charlie and Juliett, sending you 2
2024-10-14 18:54:05.743126 Romeo: Juliett, sending you 4
2024-10-14 18:54:05.743918 Zulu: Lima, sending you 7
2024-10-14 18:54:05.744356 Lima: Zulu, sending you 9
2024-10-14 18:54:05.745307 Juliett: X-ray, sending you 1
2024-10-14 18:54:05.746168 X-ray: Romeo, sending you 3
2024-10-14 18:54:05.747011 Oscar: X-ray, November and Romeo, sending you 3
2024-10-14 18:54:05.748409 Charlie: Sierra, November, Romeo and Juliett, sending you 3
2024-10-14 18:54:05.749232 November: Sierra, Oscar, Romeo, Charlie and Juliett, sending you 3
2024-10-14 18:54:05.751110 Hotel: Zulu, sending you 9
2024-10-14 18:54:05.751609 Juliett: Oscar, sending you 2
2024-10-14 18:54:05.753214 X-ray: Charlie, sending you 2
2024-10-14 18:54:05.754720 Charlie: X-ray, sending you 1
2024-10-14 18:54:05.755481 Hotel: Lima, sending you 5
2024-10-14 18:54:05.757680 Charlie: Oscar, sending you 2
chatterbot November submitting transactions
chatterbot Oscar submitting transactions
chatterbot Zulu submitting transactions
chatterbot Romeo submitting transactions
chatterbot Hotel submitting transactions
chatterbot Charlie submitting transactions
chatterbot Juliett submitting transactions
chatterbot Lima submitting transactions
chatterbot Sierra submitting transactions
chatterbot X-ray submitting transactions
ChatterBot Sierra round 5
ChatterBot X-ray round 5
ChatterBot Hotel round 5
ChatterBot Oscar round 5
ChatterBot Zulu round 5
ChatterBot November round 5
ChatterBot Lima round 5
ChatterBot Romeo round 5
ChatterBot Charlie round 5
ChatterBot Juliett round 5
2024-10-14 18:54:06.919669 X-ray: Sierra, Oscar and Romeo, sending you 4
2024-10-14 18:54:06.923696 X-ray: November and Juliett, sending you 1
2024-10-14 18:54:06.926653 Hotel: Zulu, sending you 1
2024-10-14 18:54:06.928685 X-ray: Charlie, sending you 2
2024-10-14 18:54:06.929647 Sierra: X-ray, sending you 4
2024-10-14 18:54:06.930161 Juliett: Sierra, November, Romeo and Charlie, sending you 3
2024-10-14 18:54:06.930757 Zulu: Hotel, sending you 8
2024-10-14 18:54:06.932710 Sierra: Oscar, November, Romeo, Charlie and Juliett, sending you 3
2024-10-14 18:54:06.934679 Zulu: Lima, sending you 7
2024-10-14 18:54:06.935684 Juliett: X-ray, sending you 1
2024-10-14 18:54:06.936195 Romeo: Sierra, X-ray, Oscar, November and Juliett, sending you 3
2024-10-14 18:54:06.937309 Oscar: Sierra, Charlie and Juliett, sending you 2
2024-10-14 18:54:06.937764 November: Sierra, Oscar, Romeo, Charlie and Juliett, sending you 3
2024-10-14 18:54:06.938276 Charlie: Sierra, November, Romeo and Juliett, sending you 3
2024-10-14 18:54:06.938854 Juliett: Oscar, sending you 2
2024-10-14 18:54:06.940668 Romeo: Charlie, sending you 4
2024-10-14 18:54:06.941781 Oscar: X-ray, November and Romeo, sending you 3
2024-10-14 18:54:06.943677 Charlie: X-ray, sending you 1
2024-10-14 18:54:06.946658 Charlie: Oscar, sending you 2
chatterbot Oscar submitting transactions
chatterbot November submitting transactions
chatterbot Zulu submitting transactions
chatterbot Lima submitting transactions
chatterbot Juliett submitting transactions
chatterbot Sierra submitting transactions
chatterbot X-ray submitting transactions
chatterbot Charlie submitting transactions
chatterbot Hotel submitting transactions
chatterbot Romeo submitting transactions
ChatterBot Sierra round 6
ChatterBot X-ray round 6
ChatterBot Hotel round 6
ChatterBot Oscar round 6
ChatterBot Zulu round 6
ChatterBot November round 6
ChatterBot Lima round 6
ChatterBot Romeo round 6
ChatterBot Charlie round 6
ChatterBot Juliett round 6
2024-10-14 18:54:08.211673 X-ray: Sierra and Oscar, sending you 4
2024-10-14 18:54:08.214668 Hotel: Zulu, sending you 7
2024-10-14 18:54:08.215250 X-ray: Romeo, sending you 3
2024-10-14 18:54:08.218734 Zulu: Hotel, sending you 9
2024-10-14 18:54:08.219674 Hotel: Lima, sending you 4
2024-10-14 18:54:08.220655 X-ray: Charlie, sending you 2
2024-10-14 18:54:08.222137 Charlie: Sierra, X-ray, Oscar and November, sending you 2
2024-10-14 18:54:08.222768 November: Sierra, Oscar, Romeo, Charlie and Juliett, sending you 3
2024-10-14 18:54:08.223774 Zulu: Lima, sending you 8
2024-10-14 18:54:08.224706 Sierra: I was attacked by Hotel
ChatterBot X-ray reevaluating
ChatterBot Oscar reevaluating
ChatterBot November reevaluating
ChatterBot Romeo reevaluating
ChatterBot Charlie reevaluating
ChatterBot Juliett reevaluating
2024-10-14 18:54:08.247036 Sierra: I'm keeping this round to protect myself
2024-10-14 18:54:08.249027 Sierra: Ow
2024-10-14 18:54:08.266653 Charlie: Sierra, November, Romeo and Juliett, sending you 3
2024-10-14 18:54:08.268652 Romeo: Sierra, X-ray, Oscar, November and Juliett, sending you 3
2024-10-14 18:54:08.269701 Charlie: X-ray, sending you 1
2024-10-14 18:54:08.274652 Romeo: Charlie, sending you 4
2024-10-14 18:54:08.280664 X-ray: Sierra, Oscar and Romeo, sending you 2
2024-10-14 18:54:08.285653 X-ray: Charlie and Juliett, sending you 1
chatterbot X-ray submitting transactions
chatterbot Oscar submitting transactions
chatterbot November submitting transactions
chatterbot Juliett submitting transactions
chatterbot Sierra submitting transactions
chatterbot Hotel submitting transactions
chatterbot Zulu submitting transactions
chatterbot Lima submitting transactions
chatterbot Charlie submitting transactions
chatterbot Romeo submitting transactions
ChatterBot Sierra round 7
ChatterBot X-ray round 7
ChatterBot Hotel round 7
ChatterBot Oscar round 7
ChatterBot Zulu round 7
ChatterBot November round 7
ChatterBot Lima round 7
ChatterBot Romeo round 7
ChatterBot Charlie round 7
ChatterBot Juliett round 7
2024-10-14 18:54:09.550938 Zulu: We should add X-ray and Juliett
2024-10-14 18:54:09.561417 Hotel: No
2024-10-14 18:54:09.561702 Lima: No
ChatterBot Zulu reevaluating
2024-10-14 18:54:09.613246 Zulu: We should replace Hotel with Sierra
ChatterBot Lima reevaluating
2024-10-14 18:54:09.618364 Lima: No
ChatterBot Zulu reevaluating
2024-10-14 18:54:09.625013 Zulu: We should replace Lima with X-ray
2024-10-14 18:54:09.628714 Hotel: No
ChatterBot Zulu reevaluating
2024-10-14 18:54:09.634834 Zulu: Let's form a team
ChatterBot Oscar reevaluating
2024-10-14 18:54:09.652980 Oscar: No
2024-10-14 18:54:09.653722 November: No
2024-10-14 18:54:09.653938 Romeo: No
2024-10-14 18:54:09.654193 Charlie: No
2024-10-14 18:54:09.654530 X-ray: No
2024-10-14 18:54:09.654816 Hotel: No
ChatterBot Zulu reevaluating
ChatterBot Zulu reevaluating
ChatterBot Oscar reevaluating
ChatterBot Zulu reevaluating
ChatterBot Oscar reevaluating
ChatterBot Zulu reevaluating
ChatterBot Oscar reevaluating
ChatterBot Zulu reevaluating
ChatterBot Oscar reevaluating
ChatterBot Zulu reevaluating
ChatterBot Oscar reevaluating
2024-10-14 18:54:09.751306 X-ray: I was attacked by Lima
ChatterBot Sierra reevaluating
ChatterBot Oscar reevaluating
ChatterBot November reevaluating
ChatterBot Romeo reevaluating
ChatterBot Charlie reevaluating
ChatterBot Juliett reevaluating
2024-10-14 18:54:09.764193 X-ray: I'm keeping this round to protect myself
2024-10-14 18:54:09.765881 X-ray: Ow
2024-10-14 18:54:09.766116 Hotel: I was attacked by X-ray and Oscar
ChatterBot Zulu reevaluating
ChatterBot Lima reevaluating
2024-10-14 18:54:09.771715 Hotel: I'm keeping this round to protect myself
2024-10-14 18:54:09.772144 Hotel: Ow
2024-10-14 18:54:09.777756 Zulu: Sierra we want you to join our group
ChatterBot Sierra reevaluating
2024-10-14 18:54:09.783082 Sierra: No
ChatterBot Zulu reevaluating
ChatterBot Lima reevaluating
2024-10-14 18:54:09.800666 Charlie: Sierra, X-ray, Oscar and Juliett, sending you 2
2024-10-14 18:54:09.802401 November: Sierra and Juliett, sending you 2
2024-10-14 18:54:09.803133 Romeo: Sending you each 3
2024-10-14 18:54:09.804685 Charlie: November and Romeo, sending you 3
2024-10-14 18:54:09.805681 November: X-ray, sending you 1
2024-10-14 18:54:09.810693 November: Oscar and Romeo, sending you 3
2024-10-14 18:54:09.815676 November: Charlie, sending you 4
2024-10-14 18:54:09.823658 Lima: Hotel, sending you 6
2024-10-14 18:54:09.828672 Lima: Zulu, sending you 9
2024-10-14 18:54:09.833706 Zulu: Sierra, sending you 1
2024-10-14 18:54:09.837670 Zulu: Lima, sending you 11
chatterbot X-ray submitting transactions
chatterbot Hotel submitting transactions
chatterbot November submitting transactions
chatterbot Juliett submitting transactions
chatterbot Charlie submitting transactions
chatterbot Oscar submitting transactions
chatterbot Zulu submitting transactions
chatterbot Sierra submitting transactions
chatterbot Romeo submitting transactions
chatterbot Lima submitting transactions
ChatterBot Sierra round 8
ChatterBot X-ray round 8
ChatterBot Hotel round 8
ChatterBot Oscar round 8
ChatterBot Zulu round 8
ChatterBot November round 8
ChatterBot Lima round 8
ChatterBot Romeo round 8
ChatterBot Charlie round 8
2024-10-14 18:54:11.111424 Zulu: We should replace Sierra with Hotel
2024-10-14 18:54:11.127899 Lima: Yes
ChatterBot Zulu reevaluating
ChatterBot Juliett round 8
2024-10-14 18:54:11.177719 Charlie: Sierra, X-ray, Oscar, November and Juliett, sending you 2
2024-10-14 18:54:11.179718 Hotel: I was attacked by Romeo, Charlie and Juliett
ChatterBot Zulu reevaluating
ChatterBot Lima reevaluating
2024-10-14 18:54:11.186063 Hotel: I'm keeping this round to protect myself
2024-10-14 18:54:11.187087 Hotel: Ow
2024-10-14 18:54:11.187967 Juliett: Sierra, Oscar, November, Romeo and Charlie, sending you 2
2024-10-14 18:54:11.189071 Charlie: Romeo, sending you 3
2024-10-14 18:54:11.192200 Juliett: X-ray, sending you 1
2024-10-14 18:54:11.193297 November: Sierra, Oscar, Romeo and Charlie, sending you 3
2024-10-14 18:54:11.194976 X-ray: Oscar and Romeo, sending you 1
2024-10-14 18:54:11.196166 Zulu: Hotel we want you to join our group
2024-10-14 18:54:11.200084 Hotel: Yes
ChatterBot Zulu reevaluating
ChatterBot Lima reevaluating
2024-10-14 18:54:11.207606 Romeo: Sierra, X-ray, Oscar, November and Charlie, sending you 3
2024-10-14 18:54:11.209813 November: X-ray, sending you 1
2024-10-14 18:54:11.212660 Romeo: Juliett, sending you 2
2024-10-14 18:54:11.214807 November: Juliett, sending you 2
2024-10-14 18:54:11.223653 Lima: Hotel, sending you 1
2024-10-14 18:54:11.227679 Lima: Zulu, sending you 2
2024-10-14 18:54:11.239659 Zulu: Hotel, sending you 8
2024-10-14 18:54:11.244667 Zulu: Lima, sending you 9
chatterbot Zulu submitting transactions
chatterbot X-ray submitting transactions
chatterbot Juliett submitting transactions
chatterbot Sierra submitting transactions
chatterbot November submitting transactions
chatterbot Oscar submitting transactions
chatterbot Lima submitting transactions
chatterbot Romeo submitting transactions
chatterbot Hotel submitting transactions
chatterbot Charlie submitting transactions
ChatterBot Sierra round 9
ChatterBot X-ray round 9
ChatterBot Hotel round 9
ChatterBot Oscar round 9
ChatterBot Zulu round 9
ChatterBot November round 9
ChatterBot Lima round 9
ChatterBot Romeo round 9
ChatterBot Charlie round 9
ChatterBot Juliett round 9
2024-10-14 18:54:12.477687 Hotel: I was attacked by Charlie and Juliett
ChatterBot Zulu reevaluating
ChatterBot Lima reevaluating
2024-10-14 18:54:12.484013 Hotel: I'm keeping this round to protect myself
2024-10-14 18:54:12.484571 Hotel: Ow
2024-10-14 18:54:12.487699 Romeo: Sierra, X-ray, Oscar, November and Juliett, sending you 3
2024-10-14 18:54:12.489720 X-ray: Sierra and Oscar, sending you 2
2024-10-14 18:54:12.490671 Romeo: Charlie, sending you 4
2024-10-14 18:54:12.491691 November: Sierra, Oscar, Romeo and Charlie, sending you 3
2024-10-14 18:54:12.493690 X-ray: November, Charlie and Juliett, sending you 1
2024-10-14 18:54:12.494715 Charlie: Sierra, Oscar, November, Romeo and Juliett, sending you 2
2024-10-14 18:54:12.495633 November: X-ray, sending you 1
2024-10-14 18:54:12.497679 X-ray: Romeo, sending you 3
2024-10-14 18:54:12.499764 Charlie: X-ray, sending you 1
2024-10-14 18:54:12.500663 November: Juliett, sending you 2
2024-10-14 18:54:12.506687 Lima: Hotel, sending you 1
2024-10-14 18:54:12.507009 Juliett: Sierra, November, Romeo and Charlie, sending you 2
2024-10-14 18:54:12.508088 Zulu: Hotel, sending you 8
2024-10-14 18:54:12.509653 Lima: Zulu, sending you 2
2024-10-14 18:54:12.511673 Zulu: Lima, sending you 9
2024-10-14 18:54:12.512670 Juliett: Oscar, sending you 1
chatterbot Lima submitting transactions
chatterbot Juliett submitting transactions
chatterbot Zulu submitting transactions
chatterbot November submitting transactions
chatterbot Hotel submitting transactions
chatterbot Oscar submitting transactions
chatterbot Romeo submitting transactions
chatterbot Sierra submitting transactions
chatterbot X-ray submitting transactions
chatterbot Charlie submitting transactions
ChatterBot Sierra round 10
ChatterBot X-ray round 10
ChatterBot Hotel round 10
ChatterBot Oscar round 10
ChatterBot Zulu round 10
ChatterBot November round 10
ChatterBot Lima round 10
ChatterBot Romeo round 10
ChatterBot Charlie round 10
ChatterBot Juliett round 10
2024-10-14 18:54:13.540665 X-ray: Sierra, Oscar and Romeo, sending you 4
2024-10-14 18:54:13.541682 Hotel: Zulu, sending you 4
2024-10-14 18:54:13.545678 X-ray: November and Juliett, sending you 1
2024-10-14 18:54:13.546518 Hotel: Lima, sending you 2
2024-10-14 18:54:13.546923 Lima: I was attacked by X-ray, Charlie and Juliett
ChatterBot Zulu reevaluating
ChatterBot Hotel reevaluating
2024-10-14 18:54:13.552521 Lima: I'm keeping this round to protect myself
2024-10-14 18:54:13.553059 Lima: Ow
2024-10-14 18:54:13.553363 November: Sierra, Oscar, Romeo and Charlie, sending you 3
2024-10-14 18:54:13.554315 Charlie: Sierra, November and Romeo, sending you 3
2024-10-14 18:54:13.554964 Romeo: Sierra, X-ray, Oscar, Charlie and Juliett, sending you 3
2024-10-14 18:54:13.555596 X-ray: Charlie, sending you 2
2024-10-14 18:54:13.556682 November: X-ray, sending you 1
2024-10-14 18:54:13.557708 Charlie: X-ray, Oscar and Juliett, sending you 2
2024-10-14 18:54:13.559385 Romeo: November, sending you 4
2024-10-14 18:54:13.560562 November: Juliett, sending you 2
2024-10-14 18:54:13.565948 Juliett: Sierra, November, Romeo and Charlie, sending you 3
2024-10-14 18:54:13.569668 Juliett: X-ray, sending you 1
2024-10-14 18:54:13.573656 Juliett: Oscar, sending you 2
2024-10-14 18:54:13.576659 Zulu: Hotel, sending you 8
2024-10-14 18:54:13.580681 Zulu: Lima, sending you 9
2024-10-14 18:54:13.586663 Hotel: Lima, sending you 5
chatterbot November submitting transactions
chatterbot Charlie submitting transactions
chatterbot X-ray submitting transactions
chatterbot Oscar submitting transactions
chatterbot Sierra submitting transactions
chatterbot Lima submitting transactions
chatterbot Romeo submitting transactions
chatterbot Juliett submitting transactions
chatterbot Hotel submitting transactions
chatterbot Zulu submitting transactions
ChatterBot Sierra round 11
ChatterBot X-ray round 11
ChatterBot Hotel round 11
ChatterBot Oscar round 11
ChatterBot Zulu round 11
ChatterBot November round 11
2024-10-14 18:54:14.822764 X-ray: We should add Zulu
ChatterBot Sierra reevaluating
ChatterBot Oscar reevaluating
2024-10-14 18:54:14.843919 Sierra: No
2024-10-14 18:54:14.844128 Oscar: No
2024-10-14 18:54:14.844293 November: No
2024-10-14 18:54:14.845175 Romeo: No
2024-10-14 18:54:14.845351 Charlie: No
2024-10-14 18:54:14.845520 Juliett: No
ChatterBot X-ray reevaluating
ChatterBot Oscar reevaluating
ChatterBot X-ray reevaluating
ChatterBot Sierra reevaluating
ChatterBot X-ray reevaluating
ChatterBot Sierra reevaluating
ChatterBot Oscar reevaluating
ChatterBot X-ray reevaluating
ChatterBot Sierra reevaluating
ChatterBot Oscar reevaluating
ChatterBot X-ray reevaluating
ChatterBot Sierra reevaluating
ChatterBot Oscar reevaluating
ChatterBot X-ray reevaluating
ChatterBot Sierra reevaluating
ChatterBot Oscar reevaluating
ChatterBot Lima round 11
ChatterBot Romeo round 11
ChatterBot Charlie round 11
ChatterBot Juliett round 11
2024-10-14 18:54:15.082684 November: Sierra, Oscar, Romeo and Charlie, sending you 3
2024-10-14 18:54:15.087673 November: X-ray, sending you 1
2024-10-14 18:54:15.089195 Hotel: Sending you each 4
2024-10-14 18:54:15.093687 X-ray: Sierra, Oscar and Romeo, sending you 4
2024-10-14 18:54:15.095847 November: Juliett, sending you 2
2024-10-14 18:54:15.097237 Zulu: Hotel, sending you 9
2024-10-14 18:54:15.098660 Romeo: Sierra, sending you 4
2024-10-14 18:54:15.101781 Charlie: Sierra, November and Romeo, sending you 3
2024-10-14 18:54:15.103161 X-ray: November and Juliett, sending you 1
2024-10-14 18:54:15.104699 Zulu: Lima, sending you 8
2024-10-14 18:54:15.105379 Juliett: Sierra, November, Romeo and Charlie, sending you 3
2024-10-14 18:54:15.107395 Romeo: X-ray, Oscar, November, Charlie and Juliett, sending you 3
2024-10-14 18:54:15.109037 Charlie: X-ray, Oscar and Juliett, sending you 2
2024-10-14 18:54:15.110734 X-ray: Charlie, sending you 2
2024-10-14 18:54:15.112065 Juliett: X-ray, sending you 1
2024-10-14 18:54:15.117663 Juliett: Oscar, sending you 2
chatterbot Sierra submitting transactions
chatterbot Lima submitting transactions
chatterbot Juliett submitting transactions
chatterbot November submitting transactions
chatterbot Romeo submitting transactions
chatterbot X-ray submitting transactions
chatterbot Zulu submitting transactions
chatterbot Oscar submitting transactions
chatterbot Charlie submitting transactions
chatterbot Hotel submitting transactions
ChatterBot Sierra round 12
ChatterBot X-ray round 12
ChatterBot Hotel round 12
ChatterBot Oscar round 12
ChatterBot Zulu round 12
ChatterBot November round 12
ChatterBot Lima round 12
ChatterBot Romeo round 12
ChatterBot Charlie round 12
ChatterBot Juliett round 12
2024-10-14 18:54:16.259713 Hotel: Zulu, sending you 1
2024-10-14 18:54:16.262687 Zulu: Hotel, sending you 10
2024-10-14 18:54:16.264701 November: Sierra, Oscar, Romeo and Charlie, sending you 3
2024-10-14 18:54:16.266234 Zulu: Lima, sending you 7
2024-10-14 18:54:16.268727 November: X-ray, sending you 1
2024-10-14 18:54:16.270094 Romeo: Sierra, sending you 4
2024-10-14 18:54:16.271703 X-ray: Sierra, sending you 4
2024-10-14 18:54:16.273041 November: Juliett, sending you 2
2024-10-14 18:54:16.275405 Lima: Sending you each 1
2024-10-14 18:54:16.276126 Romeo: X-ray, Oscar, November, Charlie and Juliett, sending you 3
2024-10-14 18:54:16.278235 X-ray: Oscar, sending you 3
2024-10-14 18:54:16.280246 Charlie: Sierra, November and Romeo, sending you 3
2024-10-14 18:54:16.282888 Juliett: Sierra, November, Romeo and Charlie, sending you 3
2024-10-14 18:54:16.285045 X-ray: November and Juliett, sending you 1
2024-10-14 18:54:16.287543 Charlie: X-ray, Oscar and Juliett, sending you 2
2024-10-14 18:54:16.289684 Juliett: X-ray, sending you 1
2024-10-14 18:54:16.291696 X-ray: Romeo, sending you 5
2024-10-14 18:54:16.293706 Juliett: Oscar, sending you 2
2024-10-14 18:54:16.295668 X-ray: Charlie, sending you 2
chatterbot Sierra submitting transactions
chatterbot Oscar submitting transactions
chatterbot Hotel submitting transactions
chatterbot November submitting transactions
chatterbot Lima submitting transactions
chatterbot Zulu submitting transactions
chatterbot Juliett submitting transactions
chatterbot Romeo submitting transactions
chatterbot X-ray submitting transactions
chatterbot Charlie submitting transactions
ChatterBot Sierra round 13
ChatterBot X-ray round 13
ChatterBot Hotel round 13
ChatterBot Oscar round 13
ChatterBot Zulu round 13
ChatterBot November round 13
ChatterBot Lima round 13
ChatterBot Romeo round 13
ChatterBot Charlie round 13
ChatterBot Juliett round 13
2024-10-14 18:54:17.522948 Hotel: Zulu, sending you 1
2024-10-14 18:54:17.523671 Romeo: Sierra, sending you 4
2024-10-14 18:54:17.525088 Zulu: Hotel, sending you 10
2024-10-14 18:54:17.528666 Juliett: Sierra, November, Romeo and Charlie, sending you 3
2024-10-14 18:54:17.529668 X-ray: Sierra, sending you 4
2024-10-14 18:54:17.530411 Romeo: X-ray, Oscar, November, Charlie and Juliett, sending you 3
2024-10-14 18:54:17.531724 Zulu: Lima, sending you 7
2024-10-14 18:54:17.532091 Charlie: Sending you each 2
2024-10-14 18:54:17.533202 November: Sierra, Oscar, Romeo and Charlie, sending you 3
2024-10-14 18:54:17.534328 X-ray: Oscar, sending you 3
2024-10-14 18:54:17.535138 Juliett: X-ray, sending you 1
2024-10-14 18:54:17.538725 November: X-ray, sending you 1
2024-10-14 18:54:17.540473 X-ray: November and Juliett, sending you 1
2024-10-14 18:54:17.541809 Juliett: Oscar, sending you 2
2024-10-14 18:54:17.543361 Lima: Sending you each 2
2024-10-14 18:54:17.543932 November: Juliett, sending you 2
2024-10-14 18:54:17.545758 X-ray: Romeo, sending you 5
2024-10-14 18:54:17.549655 X-ray: Charlie, sending you 2
chatterbot Hotel submitting transactions
chatterbot November submitting transactions
chatterbot Zulu submitting transactions
chatterbot Sierra submitting transactions
chatterbot Lima submitting transactions
chatterbot X-ray submitting transactions
chatterbot Charlie submitting transactions
chatterbot Juliett submitting transactions
chatterbot Oscar submitting transactions
chatterbot Romeo submitting transactions
ChatterBot Sierra round 14
ChatterBot X-ray round 14
ChatterBot Hotel round 14
ChatterBot Oscar round 14
ChatterBot Zulu round 14
ChatterBot November round 14
ChatterBot Lima round 14
ChatterBot Romeo round 14
ChatterBot Charlie round 14
ChatterBot Juliett round 14
2024-10-14 18:54:18.751677 X-ray: Sierra and Romeo, sending you 2
2024-10-14 18:54:18.756661 X-ray: Oscar, November, Charlie and Juliett, sending you 1
2024-10-14 18:54:18.762666 November: Sierra, Oscar, Romeo, Charlie and Juliett, sending you 2
2024-10-14 18:54:18.763724 Hotel: Zulu, sending you 3
