ChatterBot Yankee round 1
ChatterBot Delta round 1
ChatterBot Hotel round 1
ChatterBot Quebec round 1
ChatterBot Whiskey round 1
ChatterBot India round 1
ChatterBot X-ray round 1
ChatterBot Victor round 1
ChatterBot Bravo round 1
ChatterBot Zulu round 1
randomSelections Quebec: {Quebec, X-ray, Yankee} 
2024-10-14 18:54:00.733675 Quebec: Let's form a team
ChatterBot X-ray reevaluating
ChatterBot Yankee reevaluating
2024-10-14 18:54:00.739413 X-ray: Yes
2024-10-14 18:54:00.739558 Yankee: Yes
ChatterBot Yankee reevaluating
ChatterBot X-ray reevaluating
randomSelections India: {India, Victor, X-ray, Delta, Zulu, Whiskey} 
2024-10-14 18:54:00.753189 India: Let's form a team
ChatterBot Victor reevaluating
ChatterBot X-ray reevaluating
ChatterBot Delta reevaluating
ChatterBot Zulu reevaluating
ChatterBot Whiskey reevaluating
2024-10-14 18:54:00.766868 Victor: Yes
2024-10-14 18:54:00.767 X-ray: No
2024-10-14 18:54:00.767160 Delta: Yes
2024-10-14 18:54:00.767254 Zulu: Yes
2024-10-14 18:54:00.767982 Whiskey: Yes
ChatterBot X-ray reevaluating
ChatterBot Delta reevaluating
ChatterBot Zulu reevaluating
ChatterBot Whiskey reevaluating
ChatterBot Victor reevaluating
ChatterBot Delta reevaluating
ChatterBot Zulu reevaluating
ChatterBot Whiskey reevaluating
ChatterBot Victor reevaluating
ChatterBot X-ray reevaluating
ChatterBot Zulu reevaluating
ChatterBot Whiskey reevaluating
ChatterBot Victor reevaluating
ChatterBot X-ray reevaluating
ChatterBot Delta reevaluating
ChatterBot Whiskey reevaluating
ChatterBot Victor reevaluating
ChatterBot X-ray reevaluating
ChatterBot Delta reevaluating
ChatterBot Zulu reevaluating
randomSelections Bravo: {Bravo, India, Whiskey, Delta, Hotel, Victor} 
2024-10-14 18:54:00.803086 Bravo: We would work well together
ChatterBot Whiskey reevaluating
ChatterBot Delta reevaluating
ChatterBot Hotel reevaluating
ChatterBot Victor reevaluating
2024-10-14 18:54:00.808670 India: No
2024-10-14 18:54:00.808853 Whiskey: No
2024-10-14 18:54:00.808950 Delta: No
2024-10-14 18:54:00.809045 Hotel: Yes
2024-10-14 18:54:00.809156 Victor: No
ChatterBot Whiskey reevaluating
ChatterBot Delta reevaluating
ChatterBot Hotel reevaluating
ChatterBot Victor reevaluating
ChatterBot Delta reevaluating
ChatterBot Hotel reevaluating
ChatterBot Victor reevaluating
ChatterBot Whiskey reevaluating
ChatterBot Hotel reevaluating
ChatterBot Victor reevaluating
ChatterBot Whiskey reevaluating
ChatterBot Delta reevaluating
ChatterBot Victor reevaluating
ChatterBot Whiskey reevaluating
ChatterBot Delta reevaluating
ChatterBot Hotel reevaluating
2024-10-14 18:54:00.854725 Quebec: Yankee and X-ray, sending you 5
2024-10-14 18:54:00.856706 Zulu: Delta and Whiskey, sending you 4
2024-10-14 18:54:00.857713 Whiskey: India and X-ray, sending you 1
2024-10-14 18:54:00.858708 Delta: Whiskey, India, X-ray, Victor and Zulu, sending you 1
2024-10-14 18:54:00.859716 Zulu: India, sending you 5
2024-10-14 18:54:00.860733 Hotel: Delta, sending you 3
2024-10-14 18:54:00.862049 Victor: Delta, Whiskey, India and X-ray, sending you 2
2024-10-14 18:54:00.862690 Zulu: X-ray, sending you 3
2024-10-14 18:54:00.863693 Bravo: Delta, sending you 4
2024-10-14 18:54:00.864013 Hotel: Whiskey and India, sending you 1
2024-10-14 18:54:00.864683 Yankee: Quebec, sending you 7
2024-10-14 18:54:00.866203 India: Delta, sending you 4
2024-10-14 18:54:00.866591 Zulu: Victor, sending you 2
2024-10-14 18:54:00.866871 Victor: Zulu, sending you 1
2024-10-14 18:54:00.867705 Bravo: Hotel, Whiskey and Victor, sending you 3
2024-10-14 18:54:00.868709 Hotel: Victor and Bravo, sending you 2
2024-10-14 18:54:00.869707 Yankee: X-ray, sending you 9
2024-10-14 18:54:00.869964 India: Whiskey, X-ray and Zulu, sending you 2
2024-10-14 18:54:00.870749 Bravo: India, sending you 2
2024-10-14 18:54:00.873723 X-ray: Yankee, sending you 11
2024-10-14 18:54:00.874721 India: Victor, sending you 1
2024-10-14 18:54:00.878664 X-ray: Quebec, sending you 4
chatterbot Delta submitting transactions
chatterbot Hotel submitting transactions
chatterbot India submitting transactions
chatterbot Quebec submitting transactions
chatterbot Victor submitting transactions
chatterbot Zulu submitting transactions
chatterbot X-ray submitting transactions
chatterbot Bravo submitting transactions
chatterbot Yankee submitting transactions
chatterbot Whiskey submitting transactions
ChatterBot Yankee round 2
ChatterBot Delta round 2
ChatterBot Hotel round 2
ChatterBot Quebec round 2
ChatterBot Whiskey round 2
ChatterBot India round 2
ChatterBot X-ray round 2
ChatterBot Victor round 2
ChatterBot Bravo round 2
ChatterBot Zulu round 2
2024-10-14 18:54:02.712152 Delta: We should group up
ChatterBot India reevaluating
ChatterBot Victor reevaluating
ChatterBot Zulu reevaluating
ChatterBot Hotel reevaluating
ChatterBot Bravo reevaluating
2024-10-14 18:54:02.803199 India: Yes
2024-10-14 18:54:02.803411 Victor: Yes
2024-10-14 18:54:02.803549 Zulu: No
2024-10-14 18:54:02.809845 Hotel: Yes
2024-10-14 18:54:02.810200 Bravo: Yes
ChatterBot Victor reevaluating
ChatterBot Zulu reevaluating
ChatterBot Hotel reevaluating
ChatterBot Bravo reevaluating
ChatterBot India reevaluating
ChatterBot Zulu reevaluating
ChatterBot Hotel reevaluating
ChatterBot Bravo reevaluating
ChatterBot India reevaluating
ChatterBot Victor reevaluating
ChatterBot Hotel reevaluating
ChatterBot Bravo reevaluating
ChatterBot India reevaluating
ChatterBot Victor reevaluating
ChatterBot Zulu reevaluating
ChatterBot Bravo reevaluating
ChatterBot India reevaluating
ChatterBot Victor reevaluating
ChatterBot Zulu reevaluating
ChatterBot Hotel reevaluating
2024-10-14 18:54:02.933538 X-ray: We should group up
ChatterBot Yankee reevaluating
ChatterBot India reevaluating
ChatterBot Victor reevaluating
ChatterBot Zulu reevaluating
2024-10-14 18:54:02.962792 Yankee: No
2024-10-14 18:54:02.963148 Quebec: No
2024-10-14 18:54:02.964125 Delta: No
2024-10-14 18:54:02.964483 India: No
2024-10-14 18:54:02.964879 Victor: No
2024-10-14 18:54:02.965669 Zulu: No
ChatterBot X-ray reevaluating
ChatterBot India reevaluating
ChatterBot Victor reevaluating
ChatterBot Zulu reevaluating
ChatterBot X-ray reevaluating
ChatterBot Yankee reevaluating
ChatterBot India reevaluating
ChatterBot Victor reevaluating
ChatterBot Zulu reevaluating
ChatterBot X-ray reevaluating
ChatterBot Yankee reevaluating
ChatterBot India reevaluating
ChatterBot Victor reevaluating
ChatterBot Zulu reevaluating
ChatterBot X-ray reevaluating
ChatterBot Yankee reevaluating
ChatterBot Victor reevaluating
ChatterBot Zulu reevaluating
ChatterBot X-ray reevaluating
ChatterBot Yankee reevaluating
ChatterBot India reevaluating
ChatterBot Zulu reevaluating
ChatterBot X-ray reevaluating
ChatterBot Yankee reevaluating
ChatterBot India reevaluating
ChatterBot Victor reevaluating
2024-10-14 18:54:03.153195 Hotel: We should replace Whiskey with Zulu
ChatterBot Bravo reevaluating
ChatterBot India reevaluating
2024-10-14 18:54:03.170170 Bravo: Yes
2024-10-14 18:54:03.170332 Delta: Yes
2024-10-14 18:54:03.170442 India: Yes
2024-10-14 18:54:03.170556 Victor: Yes
ChatterBot Hotel reevaluating
ChatterBot India reevaluating
ChatterBot Hotel reevaluating
ChatterBot Bravo reevaluating
ChatterBot India reevaluating
ChatterBot Hotel reevaluating
ChatterBot Bravo reevaluating
ChatterBot Hotel reevaluating
ChatterBot Bravo reevaluating
ChatterBot India reevaluating
2024-10-14 18:54:03.240492 Whiskey: We should drop X-ray
2024-10-14 18:54:03.255882 Delta: Yes
2024-10-14 18:54:03.256022 India: Yes
2024-10-14 18:54:03.256123 Victor: Yes
2024-10-14 18:54:03.256242 Zulu: Yes
ChatterBot Zulu reevaluating
ChatterBot Zulu reevaluating
2024-10-14 18:54:03.324390 Delta: Hotel, India, Victor, Bravo and Zulu, sending you 1
2024-10-14 18:54:03.324771 Hotel: Zulu we want you to join our group
ChatterBot Zulu reevaluating
2024-10-14 18:54:03.329749 Zulu: No
2024-10-14 18:54:03.349124 Quebec: Yankee, sending you 5
2024-10-14 18:54:03.349445 X-ray: Yankee, sending you 5
2024-10-14 18:54:03.402871 Zulu: We should drop X-ray and Whiskey
2024-10-14 18:54:03.456974 Delta: Yes
2024-10-14 18:54:03.458556 India: Yes
2024-10-14 18:54:03.458802 Victor: Yes
ChatterBot Zulu reevaluating
ChatterBot Zulu reevaluating
ChatterBot Zulu reevaluating
2024-10-14 18:54:03.504760 Yankee: Quebec, sending you 9
2024-10-14 18:54:03.505925 Bravo: Hotel, sending you 16
2024-10-14 18:54:03.507335 Quebec: X-ray, sending you 6
2024-10-14 18:54:03.507904 Whiskey: Delta, sending you 2
2024-10-14 18:54:03.509026 X-ray: Delta, India and Victor, sending you 2
2024-10-14 18:54:03.509865 India: Delta, Hotel, Victor and Bravo, sending you 3
2024-10-14 18:54:03.510998 Victor: Delta, Hotel, India, Bravo and Zulu, sending you 2
2024-10-14 18:54:03.511729 Yankee: X-ray, sending you 10
2024-10-14 18:54:03.522293 Whiskey: India and Victor, sending you 4
2024-10-14 18:54:03.522884 Hotel: Bravo, sending you 9
2024-10-14 18:54:03.524139 X-ray: Quebec and Zulu, sending you 3
2024-10-14 18:54:03.524965 India: Zulu, sending you 5
2024-10-14 18:54:03.527731 Whiskey: Zulu, sending you 6
chatterbot Delta submitting transactions
chatterbot Bravo submitting transactions
chatterbot India submitting transactions
chatterbot Zulu submitting transactions
chatterbot Quebec submitting transactions
chatterbot Victor submitting transactions
chatterbot Yankee submitting transactions
chatterbot Hotel submitting transactions
chatterbot Whiskey submitting transactions
chatterbot X-ray submitting transactions
ChatterBot Yankee round 3
ChatterBot Delta round 3
ChatterBot Hotel round 3
ChatterBot Quebec round 3
ChatterBot Whiskey round 3
ChatterBot India round 3
ChatterBot X-ray round 3
2024-10-14 18:54:04.413348 Hotel: We should add Whiskey
ChatterBot Delta reevaluating
ChatterBot India reevaluating
ChatterBot Zulu reevaluating
2024-10-14 18:54:04.438099 Delta: Yes
2024-10-14 18:54:04.438290 India: Yes
2024-10-14 18:54:04.438431 Victor: No
2024-10-14 18:54:04.438558 Zulu: Yes
2024-10-14 18:54:04.438709 Bravo: No
ChatterBot India reevaluating
ChatterBot Zulu reevaluating
ChatterBot Delta reevaluating
ChatterBot Zulu reevaluating
ChatterBot Delta reevaluating
ChatterBot India reevaluating
ChatterBot Zulu reevaluating
ChatterBot Delta reevaluating
ChatterBot India reevaluating
ChatterBot Delta reevaluating
ChatterBot India reevaluating
ChatterBot Zulu reevaluating
ChatterBot Victor round 3
ChatterBot Bravo round 3
2024-10-14 18:54:04.573839 Whiskey: We should add Hotel and Bravo
ChatterBot Delta reevaluating
ChatterBot India reevaluating
ChatterBot Victor reevaluating
ChatterBot Zulu reevaluating
2024-10-14 18:54:04.589471 Delta: Yes
2024-10-14 18:54:04.589667 India: Yes
2024-10-14 18:54:04.589942 Victor: Yes
2024-10-14 18:54:04.590092 Zulu: No
ChatterBot India reevaluating
ChatterBot Victor reevaluating
ChatterBot Zulu reevaluating
ChatterBot Delta reevaluating
ChatterBot Victor reevaluating
ChatterBot Zulu reevaluating
ChatterBot Delta reevaluating
ChatterBot India reevaluating
ChatterBot Zulu reevaluating
ChatterBot Delta reevaluating
ChatterBot India reevaluating
ChatterBot Victor reevaluating
2024-10-14 18:54:04.677280 Victor: We should add Whiskey
ChatterBot Delta reevaluating
ChatterBot India reevaluating
ChatterBot Zulu reevaluating
ChatterBot Bravo reevaluating
2024-10-14 18:54:04.691309 Delta: Yes
2024-10-14 18:54:04.691508 India: Yes
2024-10-14 18:54:04.691643 Zulu: Yes
2024-10-14 18:54:04.691753 Hotel: Yes
2024-10-14 18:54:04.691914 Bravo: Yes
ChatterBot India reevaluating
ChatterBot Victor reevaluating
ChatterBot Zulu reevaluating
ChatterBot Bravo reevaluating
ChatterBot Delta reevaluating
ChatterBot Victor reevaluating
ChatterBot Zulu reevaluating
ChatterBot Bravo reevaluating
ChatterBot Delta reevaluating
ChatterBot India reevaluating
ChatterBot Victor reevaluating
ChatterBot Bravo reevaluating
ChatterBot Delta reevaluating
ChatterBot India reevaluating
ChatterBot Victor reevaluating
ChatterBot Zulu reevaluating
ChatterBot Bravo reevaluating
ChatterBot Delta reevaluating
ChatterBot India reevaluating
ChatterBot Victor reevaluating
ChatterBot Zulu reevaluating
ChatterBot Zulu round 3
2024-10-14 18:54:04.767072 Hotel: Whiskey we want you to join our group
2024-10-14 18:54:04.769965 Whiskey: Yes
ChatterBot Bravo reevaluating
ChatterBot Delta reevaluating
ChatterBot India reevaluating
ChatterBot Victor reevaluating
ChatterBot Zulu reevaluating
2024-10-14 18:54:04.792683 Whiskey: Hotel and Bravo we want you to join our group
ChatterBot Bravo reevaluating
2024-10-14 18:54:04.803164 Hotel: Yes
2024-10-14 18:54:04.803371 Bravo: Yes
ChatterBot Bravo reevaluating
ChatterBot Delta reevaluating
ChatterBot Victor reevaluating
ChatterBot Delta reevaluating
ChatterBot Victor reevaluating
2024-10-14 18:54:04.913861 India: Whiskey we want you to join our group
2024-10-14 18:54:04.916838 Whiskey: Yes
2024-10-14 18:54:04.931963 Victor: Whiskey we want you to join our group
2024-10-14 18:54:04.936305 Whiskey: Yes
2024-10-14 18:54:04.951196 Yankee: Quebec, sending you 9
2024-10-14 18:54:04.951601 Delta: Whiskey we want you to join our group
2024-10-14 18:54:04.954673 Whiskey: Yes
2024-10-14 18:54:04.968241 Zulu: We should drop X-ray
2024-10-14 18:54:04.977885 Whiskey: Yes
2024-10-14 18:54:04.978468 Delta: Yes
2024-10-14 18:54:04.978675 India: Yes
2024-10-14 18:54:04.978940 Victor: Yes
2024-10-14 18:54:05.020732 Yankee: X-ray, sending you 10
2024-10-14 18:54:05.023667 India: Delta, Hotel and Bravo, sending you 2
2024-10-14 18:54:05.024670 Hotel: Delta, India and Victor, sending you 1
2024-10-14 18:54:05.025164 Quebec: Yankee, sending you 5
2024-10-14 18:54:05.025392 Bravo: Delta, sending you 1
2024-10-14 18:54:05.025735 X-ray: Yankee, sending you 10
2024-10-14 18:54:05.025968 Whiskey: Delta, sending you 2
2024-10-14 18:54:05.027699 India: Whiskey and Victor, sending you 3
2024-10-14 18:54:05.028687 X-ray: Quebec, sending you 7
2024-10-14 18:54:05.030111 Hotel: Bravo, sending you 6
2024-10-14 18:54:05.030970 Quebec: X-ray, sending you 6
2024-10-14 18:54:05.031391 Bravo: Hotel, sending you 10
2024-10-14 18:54:05.031888 Whiskey: Hotel, sending you 1
2024-10-14 18:54:05.032349 Victor: Delta, Hotel, Whiskey, India and Zulu, sending you 2
2024-10-14 18:54:05.032770 Zulu: Delta and Victor, sending you 4
2024-10-14 18:54:05.033220 India: Zulu, sending you 5
2024-10-14 18:54:05.034718 Whiskey: India, Victor and Bravo, sending you 3
2024-10-14 18:54:05.035695 Victor: Bravo, sending you 1
2024-10-14 18:54:05.036663 Bravo: India, sending you 3
2024-10-14 18:54:05.037124 Zulu: Whiskey, sending you 6
2024-10-14 18:54:05.037671 Delta: Hotel, Whiskey, India, Victor, Bravo and Zulu, sending you 1
2024-10-14 18:54:05.038161 Whiskey: Zulu, sending you 4
2024-10-14 18:54:05.039673 Bravo: Victor, sending you 2
2024-10-14 18:54:05.041664 Zulu: India, sending you 5
chatterbot India submitting transactions
chatterbot Quebec submitting transactions
chatterbot Bravo submitting transactions
chatterbot Victor submitting transactions
chatterbot Hotel submitting transactions
chatterbot Delta submitting transactions
chatterbot Whiskey submitting transactions
chatterbot Yankee submitting transactions
chatterbot X-ray submitting transactions
chatterbot Zulu submitting transactions
ChatterBot Yankee round 4
ChatterBot Delta round 4
ChatterBot Hotel round 4
ChatterBot Quebec round 4
ChatterBot Whiskey round 4
ChatterBot India round 4
ChatterBot X-ray round 4
ChatterBot Victor round 4
ChatterBot Bravo round 4
ChatterBot Zulu round 4
2024-10-14 18:54:05.838813 Delta: Hotel, Whiskey, India, Victor, Bravo and Zulu, sending you 1
2024-10-14 18:54:05.839838 Hotel: Delta, India and Victor, sending you 1
2024-10-14 18:54:05.843715 Hotel: Bravo, sending you 6
2024-10-14 18:54:05.845089 X-ray: Yankee, sending you 10
2024-10-14 18:54:05.846690 Quebec: Sending you each 5
2024-10-14 18:54:05.848695 X-ray: Quebec, sending you 7
2024-10-14 18:54:05.849695 Yankee: Quebec, sending you 9
2024-10-14 18:54:05.851672 Zulu: Delta, sending you 4
2024-10-14 18:54:05.852825 Yankee: X-ray, sending you 10
2024-10-14 18:54:05.853696 Victor: Delta, Hotel and India, sending you 2
2024-10-14 18:54:05.854847 Whiskey: Delta and Bravo, sending you 2
2024-10-14 18:54:05.855705 India: Delta, Hotel and Bravo, sending you 2
2024-10-14 18:54:05.856921 Zulu: Whiskey, India and Victor, sending you 5
2024-10-14 18:54:05.857681 Victor: Whiskey, Bravo and Zulu, sending you 1
2024-10-14 18:54:05.860147 Whiskey: India and Victor, sending you 3
2024-10-14 18:54:05.862158 India: Whiskey and Victor, sending you 3
2024-10-14 18:54:05.863103 Bravo: Hotel, sending you 9
2024-10-14 18:54:05.864569 Whiskey: Zulu, sending you 6
2024-10-14 18:54:05.865679 India: Zulu, sending you 5
2024-10-14 18:54:05.868715 Bravo: Whiskey and Victor, sending you 2
2024-10-14 18:54:05.874187 Bravo: India, sending you 3
chatterbot Victor submitting transactions
chatterbot X-ray submitting transactions
chatterbot Hotel submitting transactions
chatterbot Zulu submitting transactions
chatterbot Whiskey submitting transactions
chatterbot Delta submitting transactions
chatterbot Bravo submitting transactions
chatterbot India submitting transactions
chatterbot Yankee submitting transactions
chatterbot Quebec submitting transactions
ChatterBot Yankee round 5
ChatterBot Delta round 5
ChatterBot Hotel round 5
ChatterBot Quebec round 5
ChatterBot Whiskey round 5
ChatterBot India round 5
ChatterBot X-ray round 5
ChatterBot Victor round 5
ChatterBot Bravo round 5
ChatterBot Zulu round 5
2024-10-14 18:54:07.113670 Victor: Delta, Hotel and India, sending you 2
2024-10-14 18:54:07.116644 Yankee: Quebec, sending you 9
2024-10-14 18:54:07.116912 Victor: Whiskey, Bravo and Zulu, sending you 1
2024-10-14 18:54:07.117682 Zulu: Delta and Victor, sending you 4
2024-10-14 18:54:07.119678 Delta: Hotel, Whiskey, India, Victor, Bravo and Zulu, sending you 1
2024-10-14 18:54:07.120915 Yankee: X-ray, sending you 10
2024-10-14 18:54:07.121672 Bravo: Hotel, sending you 9
2024-10-14 18:54:07.122083 Zulu: Whiskey, sending you 5
2024-10-14 18:54:07.122362 Whiskey: Delta, Victor and Bravo, sending you 2
2024-10-14 18:54:07.123674 India: Delta and Hotel, sending you 2
2024-10-14 18:54:07.124672 Hotel: Delta, India and Victor, sending you 1
2024-10-14 18:54:07.125674 Bravo: Whiskey and Victor, sending you 2
2024-10-14 18:54:07.126406 Zulu: India, sending you 6
2024-10-14 18:54:07.126800 Whiskey: Hotel, sending you 1
2024-10-14 18:54:07.127353 X-ray: Yankee, sending you 10
2024-10-14 18:54:07.127681 India: Whiskey, Victor and Bravo, sending you 3
2024-10-14 18:54:07.128108 Hotel: Bravo, sending you 6
2024-10-14 18:54:07.128691 Quebec: Yankee, sending you 4
2024-10-14 18:54:07.129662 X-ray: Quebec, sending you 7
2024-10-14 18:54:07.130672 Bravo: India, sending you 3
2024-10-14 18:54:07.131095 Whiskey: India, sending you 4
2024-10-14 18:54:07.131677 India: Zulu, sending you 4
2024-10-14 18:54:07.132172 Quebec: X-ray, sending you 5
2024-10-14 18:54:07.135692 Whiskey: Zulu, sending you 5
chatterbot Zulu submitting transactions
chatterbot Quebec submitting transactions
chatterbot Whiskey submitting transactions
chatterbot Yankee submitting transactions
chatterbot X-ray submitting transactions
chatterbot Bravo submitting transactions
chatterbot Delta submitting transactions
chatterbot India submitting transactions
chatterbot Hotel submitting transactions
chatterbot Victor submitting transactions
ChatterBot Yankee round 6
ChatterBot Delta round 6
ChatterBot Hotel round 6
ChatterBot Quebec round 6
ChatterBot Whiskey round 6
ChatterBot India round 6
ChatterBot X-ray round 6
ChatterBot Victor round 6
ChatterBot Bravo round 6
ChatterBot Zulu round 6
2024-10-14 18:54:08.362663 X-ray: Yankee, sending you 10
2024-10-14 18:54:08.363187 Delta: Hotel, Whiskey, India, Victor, Bravo and Zulu, sending you 1
2024-10-14 18:54:08.364182 Quebec: Yankee, sending you 4
2024-10-14 18:54:08.364684 Whiskey: Delta, Victor and Bravo, sending you 2
2024-10-14 18:54:08.367025 X-ray: Quebec, sending you 7
2024-10-14 18:54:08.367347 Victor: Delta, Hotel and India, sending you 2
2024-10-14 18:54:08.367978 Quebec: X-ray, sending you 5
2024-10-14 18:54:08.368278 Whiskey: Hotel, sending you 1
2024-10-14 18:54:08.368890 Yankee: Quebec, sending you 9
2024-10-14 18:54:08.369253 India: Delta and Hotel, sending you 2
2024-10-14 18:54:08.369893 Zulu: Delta and Victor, sending you 4
2024-10-14 18:54:08.370691 Victor: Whiskey, Bravo and Zulu, sending you 1
2024-10-14 18:54:08.371677 Whiskey: India, sending you 4
2024-10-14 18:54:08.372431 Yankee: X-ray, sending you 10
2024-10-14 18:54:08.372809 Hotel: Delta, India and Victor, sending you 1
2024-10-14 18:54:08.374208 Zulu: Whiskey, sending you 5
2024-10-14 18:54:08.374925 India: Whiskey, Victor and Bravo, sending you 3
2024-10-14 18:54:08.375716 Bravo: Delta and Victor, sending you 1
2024-10-14 18:54:08.376674 Whiskey: Zulu, sending you 5
2024-10-14 18:54:08.377266 Hotel: Bravo, sending you 6
2024-10-14 18:54:08.378714 India: Zulu, sending you 4
2024-10-14 18:54:08.380135 Zulu: India, sending you 6
2024-10-14 18:54:08.380668 Bravo: Hotel, sending you 9
2024-10-14 18:54:08.384178 Bravo: Whiskey, sending you 2
2024-10-14 18:54:08.387694 Bravo: India, sending you 3
chatterbot Delta submitting transactions
chatterbot Quebec submitting transactions
chatterbot X-ray submitting transactions
chatterbot India submitting transactions
chatterbot Yankee submitting transactions
chatterbot Bravo submitting transactions
chatterbot Victor submitting transactions
chatterbot Whiskey submitting transactions
chatterbot Zulu submitting transactions
chatterbot Hotel submitting transactions
ChatterBot Yankee round 7
ChatterBot Delta round 7
ChatterBot Hotel round 7
ChatterBot Quebec round 7
ChatterBot Whiskey round 7
ChatterBot India round 7
ChatterBot X-ray round 7
ChatterBot Victor round 7
ChatterBot Bravo round 7
ChatterBot Zulu round 7
2024-10-14 18:54:09.656161 X-ray: We should add Whiskey
2024-10-14 18:54:09.662183 Quebec: No
2024-10-14 18:54:09.662889 Yankee: No
ChatterBot X-ray reevaluating
ChatterBot X-ray reevaluating
2024-10-14 18:54:09.706676 Whiskey: Delta, Victor and Bravo, sending you 2
2024-10-14 18:54:09.710669 Whiskey: Hotel, sending you 1
2024-10-14 18:54:09.711719 Delta: Hotel, Whiskey, India, Victor, Bravo and Zulu, sending you 1
2024-10-14 18:54:09.713709 India: Delta and Hotel, sending you 2
2024-10-14 18:54:09.715676 Whiskey: India, sending you 4
2024-10-14 18:54:09.716281 Hotel: Delta, India and Victor, sending you 1
2024-10-14 18:54:09.717148 Victor: Delta, Hotel and India, sending you 2
2024-10-14 18:54:09.717748 India: Whiskey, Victor and Bravo, sending you 3
2024-10-14 18:54:09.718306 Quebec: Sending you each 4
2024-10-14 18:54:09.718687 Bravo: Delta and Victor, sending you 1
2024-10-14 18:54:09.720071 Yankee: Quebec, sending you 9
2024-10-14 18:54:09.720663 Whiskey: Zulu, sending you 5
2024-10-14 18:54:09.721164 Hotel: Bravo, sending you 6
2024-10-14 18:54:09.722996 Victor: Whiskey, Bravo and Zulu, sending you 1
2024-10-14 18:54:09.723636 India: Zulu, sending you 4
2024-10-14 18:54:09.724129 Bravo: Hotel, sending you 9
2024-10-14 18:54:09.724699 Yankee: X-ray, sending you 10
2024-10-14 18:54:09.724961 X-ray: Yankee, sending you 9
2024-10-14 18:54:09.725715 Zulu: Delta and Victor, sending you 4
2024-10-14 18:54:09.728653 X-ray: Quebec, sending you 8
2024-10-14 18:54:09.728952 Zulu: Whiskey, sending you 5
2024-10-14 18:54:09.729791 Bravo: Whiskey, sending you 2
2024-10-14 18:54:09.731701 Zulu: India, sending you 6
2024-10-14 18:54:09.734662 Bravo: India, sending you 3
chatterbot Quebec submitting transactions
chatterbot Whiskey submitting transactions
chatterbot Delta submitting transactions
chatterbot X-ray submitting transactions
chatterbot India submitting transactions
chatterbot Bravo submitting transactions
chatterbot Victor submitting transactions
chatterbot Zulu submitting transactions
chatterbot Hotel submitting transactions
chatterbot Yankee submitting transactions
ChatterBot Yankee round 8
ChatterBot Delta round 8
ChatterBot Hotel round 8
ChatterBot Quebec round 8
ChatterBot Whiskey round 8
ChatterBot India round 8
ChatterBot X-ray round 8
ChatterBot Victor round 8
ChatterBot Bravo round 8
ChatterBot Zulu round 8
2024-10-14 18:54:10.882671 Hotel: Delta, India and Victor, sending you 1
2024-10-14 18:54:10.884368 Yankee: Quebec, sending you 9
2024-10-14 18:54:10.884863 Delta: Hotel, Whiskey, India, Victor, Bravo and Zulu, sending you 1
2024-10-14 18:54:10.886668 Hotel: Bravo, sending you 6
2024-10-14 18:54:10.889675 Yankee: X-ray, sending you 10
2024-10-14 18:54:10.890024 Whiskey: Delta, Victor and Bravo, sending you 2
2024-10-14 18:54:10.891494 Victor: Delta, Hotel and India, sending you 2
2024-10-14 18:54:10.892684 X-ray: Yankee, sending you 10
2024-10-14 18:54:10.892991 Bravo: Delta and Victor, sending you 1
2024-10-14 18:54:10.895693 Whiskey: Hotel, sending you 1
2024-10-14 18:54:10.896785 Victor: Whiskey, Bravo and Zulu, sending you 1
2024-10-14 18:54:10.897464 X-ray: Quebec, sending you 7
2024-10-14 18:54:10.897831 Bravo: Hotel, sending you 9
2024-10-14 18:54:10.898536 India: Delta and Hotel, sending you 2
2024-10-14 18:54:10.899637 Whiskey: India, sending you 4
2024-10-14 18:54:10.900730 Bravo: Whiskey, sending you 2
2024-10-14 18:54:10.902586 Zulu: Delta, Whiskey and Victor, sending you 1
2024-10-14 18:54:10.903455 India: Whiskey, Victor and Bravo, sending you 3
2024-10-14 18:54:10.904836 Quebec: Same as last round
2024-10-14 18:54:10.905174 Whiskey: Zulu, sending you 5
2024-10-14 18:54:10.906023 Bravo: India, sending you 3
2024-10-14 18:54:10.907501 Zulu: India, sending you 2
2024-10-14 18:54:10.909665 India: Zulu, sending you 4
chatterbot Delta submitting transactions
chatterbot Victor submitting transactions
chatterbot Bravo submitting transactions
chatterbot X-ray submitting transactions
chatterbot Quebec submitting transactions
chatterbot India submitting transactions
chatterbot Whiskey submitting transactions
chatterbot Yankee submitting transactions
chatterbot Zulu submitting transactions
chatterbot Hotel submitting transactions
ChatterBot Yankee round 9
ChatterBot Delta round 9
ChatterBot Hotel round 9
ChatterBot Quebec round 9
ChatterBot Whiskey round 9
ChatterBot India round 9
ChatterBot X-ray round 9
ChatterBot Victor round 9
ChatterBot Bravo round 9
ChatterBot Zulu round 9
2024-10-14 18:54:12.102228 Yankee: I was attacked by Zulu
ChatterBot Quebec reevaluating
ChatterBot X-ray reevaluating
2024-10-14 18:54:12.108912 Yankee: I'm keeping this round to protect myself
2024-10-14 18:54:12.109379 Yankee: Ow
2024-10-14 18:54:12.113709 Whiskey: Delta and Victor, sending you 2
2024-10-14 18:54:12.115015 Victor: Delta, Hotel, India and Bravo, sending you 2
2024-10-14 18:54:12.116687 Delta: Hotel, Whiskey, India, Victor, Bravo and Zulu, sending you 1
2024-10-14 18:54:12.118330 Whiskey: Hotel, sending you 1
2024-10-14 18:54:12.119336 Victor: Whiskey and Zulu, sending you 1
2024-10-14 18:54:12.120860 Hotel: Delta, Whiskey, India and Victor, sending you 1
2024-10-14 18:54:12.121570 India: Delta and Hotel, sending you 2
2024-10-14 18:54:12.122705 Bravo: Delta and Victor, sending you 1
2024-10-14 18:54:12.124142 Whiskey: India and Zulu, sending you 4
2024-10-14 18:54:12.125027 Hotel: Bravo, sending you 5
2024-10-14 18:54:12.126323 India: Whiskey, Victor and Bravo, sending you 3
2024-10-14 18:54:12.127098 Zulu: Delta, Whiskey and Victor, sending you 1
2024-10-14 18:54:12.127667 Bravo: Hotel, sending you 9
2024-10-14 18:54:12.129652 Whiskey: Bravo, sending you 3
2024-10-14 18:54:12.130695 India: Zulu, sending you 4
2024-10-14 18:54:12.131924 Zulu: India, sending you 2
2024-10-14 18:54:12.134078 Bravo: Whiskey, sending you 2
2024-10-14 18:54:12.135663 X-ray: Yankee, sending you 4
2024-10-14 18:54:12.136786 Quebec: Yankee, sending you 3
2024-10-14 18:54:12.137696 Bravo: India, sending you 3
2024-10-14 18:54:12.139668 Quebec: X-ray, sending you 4
2024-10-14 18:54:12.140666 X-ray: Quebec, sending you 3
chatterbot Victor submitting transactions
chatterbot Hotel submitting transactions
chatterbot Whiskey submitting transactions
chatterbot X-ray submitting transactions
chatterbot Quebec submitting transactions
chatterbot Zulu submitting transactions
chatterbot Yankee submitting transactions
chatterbot India submitting transactions
chatterbot Bravo submitting transactions
chatterbot Delta submitting transactions
ChatterBot Yankee round 10
ChatterBot Delta round 10
ChatterBot Hotel round 10
ChatterBot Quebec round 10
ChatterBot Whiskey round 10
ChatterBot India round 10
ChatterBot X-ray round 10
ChatterBot Victor round 10
ChatterBot Bravo round 10
ChatterBot Zulu round 10
2024-10-14 18:54:13.285755 Delta: We should drop Hotel and Bravo
ChatterBot India reevaluating
2024-10-14 18:54:13.296183 Whiskey: No
2024-10-14 18:54:13.296339 India: No
2024-10-14 18:54:13.296456 Victor: No
2024-10-14 18:54:13.296620 Zulu: Yes
ChatterBot India reevaluating
ChatterBot India reevaluating
ChatterBot India reevaluating
2024-10-14 18:54:13.352857 Bravo: Let's form a team
2024-10-14 18:54:13.360083 Hotel: Yes
2024-10-14 18:54:13.360238 Whiskey: Yes
ChatterBot Hotel reevaluating
2024-10-14 18:54:13.377540 Yankee: Quebec, sending you 3
2024-10-14 18:54:13.382089 Hotel: We should drop Zulu
2024-10-14 18:54:13.406160 Bravo: Yes
2024-10-14 18:54:13.406324 India: No
2024-10-14 18:54:13.406446 Whiskey: No
2024-10-14 18:54:13.406568 Delta: No
2024-10-14 18:54:13.406731 Victor: No
ChatterBot India reevaluating
ChatterBot Hotel reevaluating
ChatterBot Hotel reevaluating
ChatterBot India reevaluating
ChatterBot Hotel reevaluating
ChatterBot India reevaluating
ChatterBot Hotel reevaluating
ChatterBot India reevaluating
ChatterBot Hotel reevaluating
2024-10-14 18:54:13.494187 Yankee: X-ray, sending you 4
2024-10-14 18:54:13.494486 Zulu: I was attacked by X-ray
ChatterBot India reevaluating
2024-10-14 18:54:13.505505 Zulu: I'm keeping this round to protect myself
2024-10-14 18:54:13.506011 Zulu: Ow
2024-10-14 18:54:13.506204 X-ray: Yankee, sending you 9
2024-10-14 18:54:13.506454 Bravo: I was attacked by Zulu
ChatterBot Hotel reevaluating
ChatterBot Whiskey reevaluating
2024-10-14 18:54:13.512638 Bravo: I'm keeping this round to protect myself
2024-10-14 18:54:13.513660 Bravo: Ow
2024-10-14 18:54:13.514062 X-ray: Quebec, sending you 8
2024-10-14 18:54:13.514303 Victor: Delta, Hotel, Whiskey, Bravo and Zulu, sending you 1
2024-10-14 18:54:13.514860 Delta: Same as last round
2024-10-14 18:54:13.516660 Quebec: Sending you each 4
2024-10-14 18:54:13.519676 Victor: India, sending you 2
2024-10-14 18:54:13.533372 Hotel: Delta, Whiskey, India and Victor, sending you 1
2024-10-14 18:54:13.535678 Whiskey: Delta and Victor, sending you 2
2024-10-14 18:54:13.538678 Hotel: Bravo, sending you 5
2024-10-14 18:54:13.539653 Whiskey: Hotel, sending you 1
2024-10-14 18:54:13.544666 Whiskey: India and Zulu, sending you 4
2024-10-14 18:54:13.547717 Whiskey: Bravo, sending you 3
chatterbot Victor submitting transactions
chatterbot Zulu submitting transactions
chatterbot X-ray submitting transactions
chatterbot Yankee submitting transactions
chatterbot Delta submitting transactions
chatterbot India submitting transactions
chatterbot Whiskey submitting transactions
chatterbot Hotel submitting transactions
chatterbot Quebec submitting transactions
chatterbot Bravo submitting transactions
ChatterBot Yankee round 11
ChatterBot Delta round 11
ChatterBot Hotel round 11
ChatterBot Quebec round 11
ChatterBot Whiskey round 11
ChatterBot India round 11
ChatterBot X-ray round 11
ChatterBot Victor round 11
ChatterBot Bravo round 11
ChatterBot Zulu round 11
2024-10-14 18:54:14.684397 Hotel: We should drop Zulu
2024-10-14 18:54:14.704299 Bravo: Yes
2024-10-14 18:54:14.704467 India: No
2024-10-14 18:54:14.704592 Whiskey: No
2024-10-14 18:54:14.704710 Delta: No
2024-10-14 18:54:14.704936 Victor: No
ChatterBot India reevaluating
ChatterBot Hotel reevaluating
ChatterBot Hotel reevaluating
ChatterBot India reevaluating
ChatterBot Hotel reevaluating
ChatterBot India reevaluating
ChatterBot Hotel reevaluating
ChatterBot India reevaluating
ChatterBot Hotel reevaluating
2024-10-14 18:54:14.798663 Zulu: Whiskey and India, sending you 1
2024-10-14 18:54:14.800828 Victor: Hotel, Whiskey and India, sending you 1
2024-10-14 18:54:14.802100 Delta: Same as last round
2024-10-14 18:54:14.803678 X-ray: I was attacked by Victor
ChatterBot Quebec reevaluating
ChatterBot Yankee reevaluating
2024-10-14 18:54:14.811239 X-ray: I'm keeping this round to protect myself
2024-10-14 18:54:14.811747 X-ray: Ow
2024-10-14 18:54:14.812059 Bravo: Hotel, sending you 12
2024-10-14 18:54:14.814646 Bravo: Whiskey, sending you 3
2024-10-14 18:54:14.815680 Hotel: India, sending you 1
2024-10-14 18:54:14.816799 Whiskey: Delta, Victor and Bravo, sending you 2
2024-10-14 18:54:14.821711 Hotel: Bravo, sending you 2
2024-10-14 18:54:14.822671 Whiskey: Hotel, sending you 1
2024-10-14 18:54:14.827680 Whiskey: India, sending you 6
2024-10-14 18:54:14.831670 Whiskey: Zulu, sending you 3
2024-10-14 18:54:14.837643 Yankee: X-ray, sending you 10
2024-10-14 18:54:14.839653 Quebec: Same as last round
chatterbot Delta submitting transactions
chatterbot X-ray submitting transactions
chatterbot India submitting transactions
chatterbot Whiskey submitting transactions
chatterbot Quebec submitting transactions
chatterbot Yankee submitting transactions
chatterbot Hotel submitting transactions
chatterbot Victor submitting transactions
chatterbot Bravo submitting transactions
chatterbot Zulu submitting transactions
ChatterBot Yankee round 12
ChatterBot Delta round 12
ChatterBot Hotel round 12
ChatterBot Quebec round 12
ChatterBot Whiskey round 12
ChatterBot India round 12
ChatterBot X-ray round 12
ChatterBot Victor round 12
ChatterBot Bravo round 12
ChatterBot Zulu round 12
2024-10-14 18:54:15.693486 India: We should replace Zulu with Bravo
ChatterBot Hotel reevaluating
2024-10-14 18:54:15.708205 Delta: Yes
2024-10-14 18:54:15.708344 Whiskey: No
2024-10-14 18:54:15.708466 Victor: No
2024-10-14 18:54:15.708584 Hotel: No
ChatterBot Hotel reevaluating
ChatterBot Hotel reevaluating
ChatterBot Hotel reevaluating
ChatterBot India reevaluating
ChatterBot Whiskey reevaluating
2024-10-14 18:54:15.762530 Whiskey: We would work well together
ChatterBot Hotel reevaluating
ChatterBot Bravo reevaluating
2024-10-14 18:54:15.770737 Hotel: Yes
2024-10-14 18:54:15.770931 Victor: Yes
2024-10-14 18:54:15.771023 Bravo: Yes
ChatterBot Whiskey reevaluating
ChatterBot Bravo reevaluating
ChatterBot Whiskey reevaluating
ChatterBot Hotel reevaluating
ChatterBot Bravo reevaluating
ChatterBot Whiskey reevaluating
ChatterBot Hotel reevaluating
2024-10-14 18:54:15.805098 Bravo: We should add Victor
ChatterBot Hotel reevaluating
ChatterBot Whiskey reevaluating
2024-10-14 18:54:15.812282 Hotel: Yes
2024-10-14 18:54:15.812390 Whiskey: Yes
ChatterBot Bravo reevaluating
ChatterBot Whiskey reevaluating
ChatterBot Bravo reevaluating
ChatterBot Hotel reevaluating
2024-10-14 18:54:15.842474 Zulu: We should drop Victor
ChatterBot India reevaluating
2024-10-14 18:54:15.859708 Delta: No
2024-10-14 18:54:15.859866 Whiskey: No
2024-10-14 18:54:15.860020 India: No
ChatterBot India reevaluating
ChatterBot India reevaluating
ChatterBot Whiskey reevaluating
2024-10-14 18:54:15.895634 Bravo: Victor we want you to join our group
2024-10-14 18:54:15.899185 Victor: Yes
ChatterBot Whiskey reevaluating
2024-10-14 18:54:15.909182 Yankee: Quebec, sending you 9
2024-10-14 18:54:15.909599 Victor: Delta, Hotel, Whiskey, India, Bravo and Zulu, sending you 1
2024-10-14 18:54:15.911740 X-ray: I was attacked by Zulu
ChatterBot Quebec reevaluating
ChatterBot Yankee reevaluating
2024-10-14 18:54:15.919507 X-ray: I'm keeping this round to protect myself
2024-10-14 18:54:15.919978 X-ray: Ow
2024-10-14 18:54:15.920773 Hotel: Delta, Whiskey, India and Victor, sending you 1
2024-10-14 18:54:15.921505 Delta: Hotel, sending you 2
2024-10-14 18:54:15.921928 Zulu: I was attacked by Hotel and Victor
ChatterBot Delta reevaluating
ChatterBot Whiskey reevaluating
ChatterBot India reevaluating
2024-10-14 18:54:15.935956 Zulu: I'm keeping this round to protect myself
2024-10-14 18:54:15.936777 Zulu: Ow
2024-10-14 18:54:15.937989 Hotel: Bravo, sending you 5
2024-10-14 18:54:15.941678 Bravo: Hotel, sending you 11
2024-10-14 18:54:15.945658 India: Bravo we want you to join our group
2024-10-14 18:54:15.948660 Bravo: No
ChatterBot Whiskey reevaluating
ChatterBot Delta reevaluating
2024-10-14 18:54:15.967517 Bravo: Whiskey, sending you 3
2024-10-14 18:54:15.971802 Bravo: Victor, sending you 2
2024-10-14 18:54:15.992672 Whiskey: Hotel, sending you 3
2024-10-14 18:54:15.998719 Whiskey: Victor, sending you 5
2024-10-14 18:54:16.004077 Whiskey: Bravo, sending you 8
chatterbot Zulu submitting transactions
chatterbot Quebec submitting transactions
chatterbot Bravo submitting transactions
chatterbot Hotel submitting transactions
chatterbot Yankee submitting transactions
chatterbot X-ray submitting transactions
chatterbot Whiskey submitting transactions
chatterbot Delta submitting transactions
chatterbot Victor submitting transactions
chatterbot India submitting transactions
ChatterBot Yankee round 13
ChatterBot Delta round 13
ChatterBot Hotel round 13
ChatterBot Quebec round 13
ChatterBot Whiskey round 13
ChatterBot India round 13
ChatterBot X-ray round 13
ChatterBot Victor round 13
ChatterBot Bravo round 13
ChatterBot Zulu round 13
2024-10-14 18:54:17.203032 India: We should replace Zulu with Bravo
ChatterBot Whiskey reevaluating
2024-10-14 18:54:17.225728 Delta: Yes
2024-10-14 18:54:17.225985 Whiskey: Yes
2024-10-14 18:54:17.226868 Victor: No
2024-10-14 18:54:17.227064 Hotel: Yes
ChatterBot Whiskey reevaluating
ChatterBot Whiskey reevaluating
ChatterBot Whiskey reevaluating
2024-10-14 18:54:17.299938 Whiskey: We should add India
2024-10-14 18:54:17.308071 Hotel: Yes
2024-10-14 18:54:17.308209 Victor: Yes
2024-10-14 18:54:17.308311 Bravo: No
ChatterBot Whiskey reevaluating
ChatterBot Whiskey reevaluating
ChatterBot Whiskey reevaluating
2024-10-14 18:54:17.341882 Zulu: We should add Victor
ChatterBot Whiskey reevaluating
2024-10-14 18:54:17.353863 Delta: Yes
2024-10-14 18:54:17.354012 Whiskey: Yes
2024-10-14 18:54:17.354121 India: Yes
ChatterBot Whiskey reevaluating
ChatterBot Whiskey reevaluating
2024-10-14 18:54:17.384350 Hotel: We should drop Zulu
ChatterBot Whiskey reevaluating
2024-10-14 18:54:17.399163 Bravo: Yes
2024-10-14 18:54:17.399316 India: Yes
2024-10-14 18:54:17.399768 Whiskey: Yes
2024-10-14 18:54:17.399894 Delta: Yes
2024-10-14 18:54:17.399986 Victor: No
ChatterBot Whiskey reevaluating
ChatterBot Whiskey reevaluating
ChatterBot Whiskey reevaluating
ChatterBot Whiskey reevaluating
2024-10-14 18:54:17.490086 India: Bravo we want you to join our group
2024-10-14 18:54:17.493359 Bravo: No
ChatterBot Whiskey reevaluating
2024-10-14 18:54:17.510063 Zulu: Victor we want you to join our group
2024-10-14 18:54:17.512552 Victor: Yes
ChatterBot Whiskey reevaluating
2024-10-14 18:54:17.525820 X-ray: I was attacked by Victor
ChatterBot Quebec reevaluating
ChatterBot Yankee reevaluating
2024-10-14 18:54:17.531644 X-ray: I'm keeping this round to protect myself
2024-10-14 18:54:17.532085 X-ray: Ow
2024-10-14 18:54:17.532548 Delta: Hotel, sending you 2
2024-10-14 18:54:17.534653 Whiskey: Delta and India we want you to join our group
2024-10-14 18:54:17.542879 India: Yes
2024-10-14 18:54:17.543049 Delta: Yes
2024-10-14 18:54:17.579852 Bravo: Hotel, sending you 10
2024-10-14 18:54:17.580227 Victor: Delta, Hotel and Bravo, sending you 2
2024-10-14 18:54:17.580912 Delta: Whiskey, India, Victor and Bravo, sending you 1
2024-10-14 18:54:17.581315 Hotel: Delta, Whiskey, India and Victor, sending you 1
chatterbot Hotel submitting transactions
2024-10-14 18:54:17.582673 Bravo: Whiskey, sending you 4
2024-10-14 18:54:17.583686 Victor: Whiskey, India and Zulu, sending you 1
