ChatterBot Victor round 1
ChatterBot Oscar round 1
ChatterBot Charlie round 1
ChatterBot Echo round 1
ChatterBot November round 1
ChatterBot Juliett round 1
ChatterBot Papa round 1
ChatterBot India round 1
ChatterBot Alpha round 1
ChatterBot Yankee round 1
randomSelections Charlie: {Charlie, India, Juliett, Yankee, Echo, Victor} 
2024-10-14 18:53:59.894659 Charlie: Let's form a team
ChatterBot India reevaluating
ChatterBot Juliett reevaluating
ChatterBot Yankee reevaluating
ChatterBot Echo reevaluating
ChatterBot Victor reevaluating
2024-10-14 18:53:59.986100 India: Yes
2024-10-14 18:53:59.986260 Juliett: Yes
2024-10-14 18:53:59.986387 Yankee: Yes
2024-10-14 18:53:59.988121 Echo: Yes
2024-10-14 18:53:59.988259 Victor: Yes
ChatterBot Juliett reevaluating
ChatterBot Yankee reevaluating
ChatterBot Echo reevaluating
ChatterBot Victor reevaluating
ChatterBot India reevaluating
ChatterBot Yankee reevaluating
ChatterBot Echo reevaluating
ChatterBot Victor reevaluating
ChatterBot India reevaluating
ChatterBot Juliett reevaluating
ChatterBot Echo reevaluating
ChatterBot Victor reevaluating
ChatterBot India reevaluating
ChatterBot Juliett reevaluating
ChatterBot Yankee reevaluating
ChatterBot Victor reevaluating
ChatterBot India reevaluating
ChatterBot Juliett reevaluating
ChatterBot Yankee reevaluating
ChatterBot Echo reevaluating
randomSelections November: {November, Alpha, Victor, Charlie, Yankee, India, Juliett, Papa} 
2024-10-14 18:54:00.065571 November: Let's form a team
ChatterBot Alpha reevaluating
ChatterBot Victor reevaluating
ChatterBot Yankee reevaluating
ChatterBot India reevaluating
ChatterBot Juliett reevaluating
ChatterBot Papa reevaluating
2024-10-14 18:54:00.076545 Alpha: Yes
2024-10-14 18:54:00.076721 Victor: No
2024-10-14 18:54:00.076943 Charlie: No
2024-10-14 18:54:00.077101 Yankee: No
2024-10-14 18:54:00.077274 India: No
2024-10-14 18:54:00.077486 Juliett: No
2024-10-14 18:54:00.078145 Papa: Yes
ChatterBot Victor reevaluating
ChatterBot Yankee reevaluating
ChatterBot India reevaluating
ChatterBot Juliett reevaluating
ChatterBot Papa reevaluating
ChatterBot Alpha reevaluating
ChatterBot Yankee reevaluating
ChatterBot India reevaluating
ChatterBot Juliett reevaluating
ChatterBot Papa reevaluating
ChatterBot Alpha reevaluating
ChatterBot Victor reevaluating
ChatterBot Yankee reevaluating
ChatterBot India reevaluating
ChatterBot Juliett reevaluating
ChatterBot Papa reevaluating
ChatterBot Alpha reevaluating
ChatterBot Victor reevaluating
ChatterBot India reevaluating
ChatterBot Juliett reevaluating
ChatterBot Papa reevaluating
ChatterBot Alpha reevaluating
ChatterBot Victor reevaluating
ChatterBot Yankee reevaluating
ChatterBot Juliett reevaluating
ChatterBot Papa reevaluating
ChatterBot Alpha reevaluating
ChatterBot Victor reevaluating
ChatterBot Yankee reevaluating
ChatterBot India reevaluating
ChatterBot Papa reevaluating
ChatterBot Alpha reevaluating
ChatterBot Victor reevaluating
ChatterBot Yankee reevaluating
ChatterBot India reevaluating
ChatterBot Juliett reevaluating
randomSelections Oscar: {Oscar, November, Papa, Echo, Victor, Charlie, Alpha} 
2024-10-14 18:54:00.158042 Oscar: Group up?
ChatterBot Papa reevaluating
ChatterBot Echo reevaluating
ChatterBot Victor reevaluating
ChatterBot Alpha reevaluating
2024-10-14 18:54:00.166437 November: No
2024-10-14 18:54:00.167106 Papa: No
2024-10-14 18:54:00.167221 Echo: No
2024-10-14 18:54:00.167482 Victor: No
2024-10-14 18:54:00.167726 Charlie: No
2024-10-14 18:54:00.167987 Alpha: No
ChatterBot Papa reevaluating
ChatterBot Echo reevaluating
ChatterBot Victor reevaluating
ChatterBot Alpha reevaluating
ChatterBot Echo reevaluating
ChatterBot Victor reevaluating
ChatterBot Alpha reevaluating
ChatterBot Papa reevaluating
ChatterBot Victor reevaluating
ChatterBot Alpha reevaluating
ChatterBot Papa reevaluating
ChatterBot Echo reevaluating
ChatterBot Alpha reevaluating
ChatterBot Papa reevaluating
ChatterBot Echo reevaluating
ChatterBot Victor reevaluating
ChatterBot Alpha reevaluating
ChatterBot Papa reevaluating
ChatterBot Echo reevaluating
ChatterBot Victor reevaluating
2024-10-14 18:54:00.241800 Juliett: Victor, Echo and Yankee, sending you 2
2024-10-14 18:54:00.242203 India: Victor, Charlie and Juliett, sending you 2
2024-10-14 18:54:00.243014 Victor: Charlie, sending you 5
2024-10-14 18:54:00.243430 November: Victor and Alpha, sending you 1
2024-10-14 18:54:00.244999 Charlie: Victor, sending you 8
2024-10-14 18:54:00.245391 Alpha: Victor and Papa, sending you 3
2024-10-14 18:54:00.246368 Yankee: Victor, sending you 2
2024-10-14 18:54:00.246788 India: Yankee, sending you 1
2024-10-14 18:54:00.247168 Victor: Echo and Yankee, sending you 2
2024-10-14 18:54:00.248079 Juliett: Charlie, sending you 3
2024-10-14 18:54:00.248547 Charlie: Echo, sending you 2
2024-10-14 18:54:00.249720 November: Charlie, sending you 2
2024-10-14 18:54:00.250172 Alpha: Charlie, sending you 1
2024-10-14 18:54:00.250591 Oscar: Victor and Papa, sending you 2
2024-10-14 18:54:00.251916 Juliett: India, sending you 6
2024-10-14 18:54:00.252374 Yankee: Echo and India, sending you 1
2024-10-14 18:54:00.252911 Victor: Juliett, sending you 1
2024-10-14 18:54:00.253984 Charlie: Juliett, sending you 6
2024-10-14 18:54:00.254741 Alpha: November, Juliett and India, sending you 2
2024-10-14 18:54:00.256703 Oscar: Echo and Alpha, sending you 3
2024-10-14 18:54:00.257116 Echo: Victor and Yankee, sending you 1
2024-10-14 18:54:00.257441 Papa: Victor, Charlie and Juliett, sending you 1
2024-10-14 18:54:00.258799 Victor: India, sending you 6
2024-10-14 18:54:00.259184 Charlie: India and Yankee, sending you 1
2024-10-14 18:54:00.260682 Oscar: November, sending you 5
2024-10-14 18:54:00.261680 Echo: Charlie, sending you 8
2024-10-14 18:54:00.263042 Papa: November, India, Alpha and Yankee, sending you 2
2024-10-14 18:54:00.265663 Echo: Juliett, sending you 2
2024-10-14 18:54:00.271527 Echo: India, sending you 3
chatterbot Charlie submitting transactions
chatterbot November submitting transactions
chatterbot Papa submitting transactions
chatterbot Juliett submitting transactions
chatterbot India submitting transactions
chatterbot Oscar submitting transactions
chatterbot Alpha submitting transactions
chatterbot Yankee submitting transactions
chatterbot Echo submitting transactions
chatterbot Victor submitting transactions
ChatterBot Victor round 2
ChatterBot Oscar round 2
ChatterBot Charlie round 2
ChatterBot Echo round 2
ChatterBot November round 2
ChatterBot Juliett round 2
ChatterBot Papa round 2
ChatterBot India round 2
ChatterBot Alpha round 2
ChatterBot Yankee round 2
2024-10-14 18:54:01.411585 Papa: Can we be friends?
ChatterBot November reevaluating
ChatterBot Alpha reevaluating
ChatterBot Yankee reevaluating
2024-10-14 18:54:01.430908 Oscar: No
2024-10-14 18:54:01.431637 November: No
2024-10-14 18:54:01.431809 Alpha: No
2024-10-14 18:54:01.431945 Yankee: No
ChatterBot November reevaluating
ChatterBot Alpha reevaluating
ChatterBot Yankee reevaluating
ChatterBot Alpha reevaluating
ChatterBot Yankee reevaluating
ChatterBot November reevaluating
ChatterBot Yankee reevaluating
ChatterBot November reevaluating
ChatterBot Alpha reevaluating
2024-10-14 18:54:01.502388 November: Group up?
ChatterBot Alpha reevaluating
2024-10-14 18:54:01.516673 Oscar: No
2024-10-14 18:54:01.517216 Papa: Yes
2024-10-14 18:54:01.517344 Alpha: Yes
ChatterBot November reevaluating
ChatterBot Alpha reevaluating
ChatterBot November reevaluating
ChatterBot Alpha reevaluating
ChatterBot November reevaluating
2024-10-14 18:54:03.499064 Victor: Charlie, sending you 9
2024-10-14 18:54:03.500515 Juliett: Victor, sending you 2
2024-10-14 18:54:03.501726 Charlie: Victor, Echo, Juliett and India, sending you 4
2024-10-14 18:54:03.502458 India: Victor, Charlie, Juliett and Yankee, sending you 2
2024-10-14 18:54:03.503591 November: Oscar, sending you 6
2024-10-14 18:54:03.504141 Echo: Victor, sending you 5
2024-10-14 18:54:03.504910 Papa: Sending you each 2
chatterbot Juliett submitting transactions
2024-10-14 18:54:03.506250 Victor: Echo, sending you 1
2024-10-14 18:54:03.507480 Juliett: Charlie, sending you 11
2024-10-14 18:54:03.508019 Charlie: Yankee, sending you 3
2024-10-14 18:54:03.509167 India: Echo, sending you 1
2024-10-14 18:54:03.509815 November: Papa and Alpha, sending you 4
2024-10-14 18:54:03.510350 Echo: Charlie and Juliett, sending you 4
2024-10-14 18:54:03.511407 Yankee: Victor and Juliett, sending you 5
2024-10-14 18:54:03.512139 Victor: Juliett, India and Yankee, sending you 2
2024-10-14 18:54:03.513547 Alpha: Oscar, sending you 7
2024-10-14 18:54:03.514476 Juliett: Echo and India, sending you 3
2024-10-14 18:54:03.516574 Echo: Yankee, sending you 2
2024-10-14 18:54:03.517461 Yankee: Charlie, Echo and India, sending you 2
2024-10-14 18:54:03.519066 Alpha: Papa, sending you 8
chatterbot Echo submitting transactions
chatterbot India submitting transactions
chatterbot Papa submitting transactions
chatterbot November submitting transactions
chatterbot Oscar submitting transactions
chatterbot Alpha submitting transactions
chatterbot Victor submitting transactions
chatterbot Charlie submitting transactions
chatterbot Yankee submitting transactions
ChatterBot Victor round 3
ChatterBot Oscar round 3
ChatterBot Charlie round 3
ChatterBot Echo round 3
ChatterBot November round 3
ChatterBot Juliett round 3
ChatterBot Papa round 3
ChatterBot India round 3
ChatterBot Alpha round 3
2024-10-14 18:54:04.482053 Oscar: We would work well together
ChatterBot Papa reevaluating
ChatterBot Alpha reevaluating
2024-10-14 18:54:04.501775 November: Yes
2024-10-14 18:54:04.502041 Papa: Yes
2024-10-14 18:54:04.502247 Alpha: Yes
ChatterBot Papa reevaluating
ChatterBot Alpha reevaluating
ChatterBot Alpha reevaluating
ChatterBot Papa reevaluating
ChatterBot Yankee round 3
2024-10-14 18:54:04.583156 Alpha: We should add November
ChatterBot Papa reevaluating
2024-10-14 18:54:04.593718 Oscar: Yes
2024-10-14 18:54:04.593886 Papa: Yes
ChatterBot Alpha reevaluating
ChatterBot Papa reevaluating
ChatterBot Alpha reevaluating
2024-10-14 18:54:04.627241 Papa: We should drop Yankee
2024-10-14 18:54:04.637821 November: Yes
2024-10-14 18:54:04.638037 Oscar: Yes
2024-10-14 18:54:04.638166 Alpha: Yes
2024-10-14 18:54:04.668357 Charlie: Victor, sending you 5
2024-10-14 18:54:04.668890 Victor: Charlie, sending you 5
2024-10-14 18:54:04.669813 Alpha: November we want you to join our group
2024-10-14 18:54:04.672322 November: Yes
2024-10-14 18:54:04.681996 Victor: Echo, sending you 3
2024-10-14 18:54:04.682297 Charlie: Echo and Juliett, sending you 4
2024-10-14 18:54:04.682558 Echo: Victor, sending you 2
2024-10-14 18:54:04.684651 Juliett: Victor, sending you 2
2024-10-14 18:54:04.685381 November: Oscar and Papa, sending you 5
2024-10-14 18:54:04.685630 Victor: Juliett and India, sending you 2
2024-10-14 18:54:04.685960 Charlie: India and Yankee, sending you 3
2024-10-14 18:54:04.686287 Oscar: November and Alpha, sending you 6
2024-10-14 18:54:04.686490 India: Victor, Charlie, Juliett and Yankee, sending you 2
2024-10-14 18:54:04.686815 Yankee: Victor and Charlie, sending you 4
2024-10-14 18:54:04.687512 Echo: Charlie, sending you 5
2024-10-14 18:54:04.688688 Victor: Yankee, sending you 4
2024-10-14 18:54:04.689821 Juliett: Charlie, sending you 7
2024-10-14 18:54:04.690425 November: Alpha, sending you 4
2024-10-14 18:54:04.691208 Oscar: Papa, sending you 3
2024-10-14 18:54:04.691687 India: Echo, sending you 1
2024-10-14 18:54:04.692307 Yankee: Echo and India, sending you 3
2024-10-14 18:54:04.693181 Echo: Juliett, sending you 4
2024-10-14 18:54:04.693650 Juliett: Echo and Yankee, sending you 4
2024-10-14 18:54:04.697079 Yankee: Juliett, sending you 2
2024-10-14 18:54:04.697670 Echo: India, sending you 1
2024-10-14 18:54:04.698191 Juliett: India, sending you 3
2024-10-14 18:54:04.699649 Alpha: Oscar, sending you 5
2024-10-14 18:54:04.701013 Echo: Yankee, sending you 3
2024-10-14 18:54:04.703677 Papa: Same as last round
2024-10-14 18:54:04.703959 Alpha: November, sending you 8
2024-10-14 18:54:04.706677 Alpha: Papa, sending you 7
chatterbot November submitting transactions
chatterbot Oscar submitting transactions
chatterbot Charlie submitting transactions
chatterbot Yankee submitting transactions
chatterbot Echo submitting transactions
chatterbot Juliett submitting transactions
chatterbot Papa submitting transactions
chatterbot Alpha submitting transactions
chatterbot Victor submitting transactions
chatterbot India submitting transactions
ChatterBot Victor round 4
ChatterBot Oscar round 4
ChatterBot Charlie round 4
ChatterBot Echo round 4
ChatterBot November round 4
ChatterBot Juliett round 4
ChatterBot Papa round 4
ChatterBot India round 4
ChatterBot Alpha round 4
ChatterBot Yankee round 4
2024-10-14 18:54:05.519658 Victor: Charlie, sending you 6
2024-10-14 18:54:05.522690 Juliett: Victor, India and Yankee, sending you 3
2024-10-14 18:54:05.523658 Echo: Victor and Yankee, sending you 3
2024-10-14 18:54:05.524671 Victor: Echo, Juliett and India, sending you 2
2024-10-14 18:54:05.525700 Charlie: Victor, Echo, Juliett and Yankee, sending you 4
2024-10-14 18:54:05.526264 Juliett: Charlie, sending you 7
2024-10-14 18:54:05.527676 Papa: Oscar and November, sending you 2
2024-10-14 18:54:05.528665 Echo: Charlie, sending you 5
2024-10-14 18:54:05.529682 India: Victor, Charlie and Yankee, sending you 2
2024-10-14 18:54:05.530127 Victor: Yankee, sending you 4
2024-10-14 18:54:05.530535 Oscar: November and Alpha, sending you 6
2024-10-14 18:54:05.531148 Charlie: India, sending you 3
2024-10-14 18:54:05.531507 Papa: Alpha, sending you 1
2024-10-14 18:54:05.531850 Juliett: Echo, sending you 4
2024-10-14 18:54:05.532221 November: Oscar and Alpha, sending you 5
2024-10-14 18:54:05.532661 Echo: Juliett, sending you 4
2024-10-14 18:54:05.533902 India: Echo and Juliett, sending you 1
2024-10-14 18:54:05.534356 Oscar: Papa, sending you 3
2024-10-14 18:54:05.534621 Alpha: Oscar and November, sending you 7
2024-10-14 18:54:05.535668 November: Papa, sending you 4
2024-10-14 18:54:05.536921 Yankee: Victor and Charlie, sending you 4
2024-10-14 18:54:05.538673 Alpha: Papa, sending you 6
2024-10-14 18:54:05.539664 Yankee: Echo, sending you 2
2024-10-14 18:54:05.542691 Yankee: Juliett and India, sending you 3
chatterbot Alpha submitting transactions
chatterbot India submitting transactions
chatterbot Oscar submitting transactions
chatterbot Yankee submitting transactions
chatterbot November submitting transactions
chatterbot Victor submitting transactions
chatterbot Papa submitting transactions
chatterbot Juliett submitting transactions
chatterbot Charlie submitting transactions
chatterbot Echo submitting transactions
ChatterBot Victor round 5
ChatterBot Oscar round 5
ChatterBot Charlie round 5
ChatterBot Echo round 5
ChatterBot November round 5
ChatterBot Juliett round 5
ChatterBot Papa round 5
ChatterBot India round 5
ChatterBot Alpha round 5
ChatterBot Yankee round 5
2024-10-14 18:54:06.714694 Charlie: Victor, Echo, Juliett and Yankee, sending you 4
2024-10-14 18:54:06.715476 Echo: Victor, sending you 3
2024-10-14 18:54:06.719633 Juliett: Victor, sending you 3
2024-10-14 18:54:06.720142 Charlie: India, sending you 3
2024-10-14 18:54:06.720527 Echo: Charlie, sending you 5
2024-10-14 18:54:06.720967 India: Victor, Charlie and Yankee, sending you 2
2024-10-14 18:54:06.721360 Victor: Charlie, sending you 5
2024-10-14 18:54:06.721742 Oscar: November, sending you 5
2024-10-14 18:54:06.722073 November: Oscar and Alpha, sending you 5
2024-10-14 18:54:06.722671 Papa: Oscar and November, sending you 2
2024-10-14 18:54:06.723152 Alpha: Oscar, sending you 8
2024-10-14 18:54:06.723559 Juliett: Charlie, sending you 7
2024-10-14 18:54:06.724688 India: Echo and Juliett, sending you 1
2024-10-14 18:54:06.725698 Echo: Juliett, sending you 4
2024-10-14 18:54:06.726525 Oscar: Papa, sending you 4
2024-10-14 18:54:06.727050 Alpha: November, sending you 7
2024-10-14 18:54:06.727593 Victor: Echo, sending you 3
2024-10-14 18:54:06.728335 November: Papa, sending you 4
2024-10-14 18:54:06.728864 Papa: Alpha, sending you 1
2024-10-14 18:54:06.729380 Juliett: Echo, sending you 5
2024-10-14 18:54:06.730170 Alpha: Papa, sending you 5
2024-10-14 18:54:06.730765 Echo: India, sending you 1
2024-10-14 18:54:06.731683 Oscar: Alpha, sending you 6
2024-10-14 18:54:06.732691 Victor: Juliett and India, sending you 2
2024-10-14 18:54:06.733673 Juliett: India, sending you 1
2024-10-14 18:54:06.734696 Yankee: Victor and Charlie, sending you 4
2024-10-14 18:54:06.735712 Echo: Yankee, sending you 2
2024-10-14 18:54:06.737710 Victor: Yankee, sending you 4
2024-10-14 18:54:06.738413 Juliett: Yankee, sending you 4
2024-10-14 18:54:06.739118 Yankee: Echo and Juliett, sending you 3
2024-10-14 18:54:06.742680 Yankee: India, sending you 2
chatterbot Juliett submitting transactions
chatterbot Echo submitting transactions
chatterbot Charlie submitting transactions
chatterbot November submitting transactions
chatterbot Yankee submitting transactions
chatterbot Oscar submitting transactions
chatterbot India submitting transactions
chatterbot Victor submitting transactions
chatterbot Papa submitting transactions
chatterbot Alpha submitting transactions
ChatterBot Victor round 6
ChatterBot Oscar round 6
ChatterBot Charlie round 6
ChatterBot Echo round 6
ChatterBot November round 6
ChatterBot Juliett round 6
ChatterBot Papa round 6
ChatterBot India round 6
ChatterBot Alpha round 6
ChatterBot Yankee round 6
2024-10-14 18:54:08.000770 Oscar: November, sending you 5
2024-10-14 18:54:08.005691 Oscar: Papa, sending you 4
2024-10-14 18:54:08.008684 Charlie: Victor, Echo, Juliett and Yankee, sending you 4
2024-10-14 18:54:08.009721 Oscar: Alpha, sending you 6
2024-10-14 18:54:08.011688 November: Oscar and Alpha, sending you 5
2024-10-14 18:54:08.012696 Charlie: India, sending you 3
2024-10-14 18:54:08.013754 India: Victor, Charlie, Echo and Yankee, sending you 2
2024-10-14 18:54:08.014481 Juliett: Victor, sending you 3
2024-10-14 18:54:08.016796 Papa: Sending you each 1
2024-10-14 18:54:08.017336 November: Papa, sending you 4
2024-10-14 18:54:08.017803 Echo: Victor and Yankee, sending you 3
2024-10-14 18:54:08.018506 India: Juliett, sending you 1
2024-10-14 18:54:08.020716 Echo: Charlie, sending you 5
2024-10-14 18:54:08.021710 Juliett: Charlie, sending you 7
2024-10-14 18:54:08.023217 Yankee: Victor, sending you 4
2024-10-14 18:54:08.024114 Victor: Charlie, sending you 5
2024-10-14 18:54:08.024646 Alpha: Oscar, sending you 8
2024-10-14 18:54:08.025044 Echo: Juliett, sending you 4
2024-10-14 18:54:08.026697 Juliett: Echo, sending you 5
2024-10-14 18:54:08.027665 Alpha: November, sending you 7
2024-10-14 18:54:08.028709 Yankee: Charlie, sending you 5
2024-10-14 18:54:08.029458 Victor: Echo, sending you 3
2024-10-14 18:54:08.030874 Juliett: India, sending you 1
2024-10-14 18:54:08.031631 Alpha: Papa, sending you 5
2024-10-14 18:54:08.032112 Yankee: Echo and India, sending you 2
2024-10-14 18:54:08.033713 Victor: Juliett and India, sending you 2
2024-10-14 18:54:08.035691 Juliett: Yankee, sending you 4
2024-10-14 18:54:08.037694 Yankee: Juliett, sending you 3
2024-10-14 18:54:08.038674 Victor: Yankee, sending you 4
chatterbot Echo submitting transactions
chatterbot Charlie submitting transactions
chatterbot Oscar submitting transactions
chatterbot Papa submitting transactions
chatterbot Juliett submitting transactions
chatterbot India submitting transactions
chatterbot Victor submitting transactions
chatterbot November submitting transactions
chatterbot Yankee submitting transactions
chatterbot Alpha submitting transactions
ChatterBot Victor round 7
ChatterBot Oscar round 7
ChatterBot Charlie round 7
ChatterBot Echo round 7
ChatterBot November round 7
ChatterBot Juliett round 7
ChatterBot Papa round 7
ChatterBot India round 7
ChatterBot Alpha round 7
ChatterBot Yankee round 7
2024-10-14 18:54:09.227703 Victor: Charlie, sending you 5
2024-10-14 18:54:09.232720 Victor: Echo, sending you 3
2024-10-14 18:54:09.237688 Oscar: November, sending you 5
2024-10-14 18:54:09.238153 Victor: Juliett and India, sending you 2
2024-10-14 18:54:09.240716 Oscar: Papa, sending you 4
2024-10-14 18:54:09.241690 Echo: Victor, sending you 3
2024-10-14 18:54:09.242534 Charlie: Victor, Echo, Juliett and Yankee, sending you 4
2024-10-14 18:54:09.243728 Victor: Yankee, sending you 4
2024-10-14 18:54:09.244420 Oscar: Alpha, sending you 6
2024-10-14 18:54:09.245730 Juliett: Victor, sending you 3
2024-10-14 18:54:09.246760 Papa: Same as last round
2024-10-14 18:54:09.247247 Alpha: Oscar, sending you 8
2024-10-14 18:54:09.247747 Echo: Charlie, sending you 5
2024-10-14 18:54:09.248583 Charlie: India, sending you 3
2024-10-14 18:54:09.249361 November: Oscar and Alpha, sending you 5
2024-10-14 18:54:09.249835 Yankee: Victor and Charlie, sending you 4
2024-10-14 18:54:09.250678 India: Victor, Charlie, Echo and Yankee, sending you 2
2024-10-14 18:54:09.251557 Echo: Juliett, sending you 4
2024-10-14 18:54:09.252393 Juliett: Charlie, sending you 7
2024-10-14 18:54:09.253192 Alpha: November, sending you 7
2024-10-14 18:54:09.253791 November: Papa, sending you 4
2024-10-14 18:54:09.254287 Yankee: Echo and Juliett, sending you 3
2024-10-14 18:54:09.255073 India: Juliett, sending you 1
2024-10-14 18:54:09.256694 Echo: India, sending you 1
2024-10-14 18:54:09.257688 Juliett: Echo, sending you 5
2024-10-14 18:54:09.258526 Yankee: India, sending you 2
2024-10-14 18:54:09.259395 Alpha: Papa, sending you 5
2024-10-14 18:54:09.259977 Echo: Yankee, sending you 2
2024-10-14 18:54:09.261678 Juliett: India, sending you 1
2024-10-14 18:54:09.266669 Juliett: Yankee, sending you 4
chatterbot Yankee submitting transactions
chatterbot Oscar submitting transactions
chatterbot Echo submitting transactions
chatterbot Juliett submitting transactions
chatterbot Charlie submitting transactions
chatterbot November submitting transactions
chatterbot Papa submitting transactions
chatterbot India submitting transactions
chatterbot Victor submitting transactions
chatterbot Alpha submitting transactions
ChatterBot Victor round 8
ChatterBot Oscar round 8
ChatterBot Charlie round 8
ChatterBot Echo round 8
ChatterBot November round 8
ChatterBot Juliett round 8
ChatterBot Papa round 8
ChatterBot India round 8
ChatterBot Alpha round 8
ChatterBot Yankee round 8
2024-10-14 18:54:10.436672 Victor: Charlie, sending you 5
2024-10-14 18:54:10.440687 Oscar: November, sending you 5
2024-10-14 18:54:10.441687 Victor: Echo, sending you 3
2024-10-14 18:54:10.444689 Echo: Victor, sending you 3
2024-10-14 18:54:10.445496 Oscar: Papa, sending you 4
2024-10-14 18:54:10.445889 Victor: Juliett and India, sending you 2
2024-10-14 18:54:10.446742 November: Oscar and Alpha, sending you 5
2024-10-14 18:54:10.448659 Echo: Charlie and Juliett, sending you 4
2024-10-14 18:54:10.449648 Oscar: Alpha, sending you 6
2024-10-14 18:54:10.449994 India: Victor, Charlie, Echo and Yankee, sending you 2
2024-10-14 18:54:10.450686 Victor: Yankee, sending you 4
2024-10-14 18:54:10.451338 November: Papa, sending you 4
2024-10-14 18:54:10.451700 Juliett: Victor, sending you 3
2024-10-14 18:54:10.453680 Echo: India and Yankee, sending you 2
2024-10-14 18:54:10.454264 India: Juliett, sending you 1
2024-10-14 18:54:10.455179 Charlie: Victor, Echo, Juliett and Yankee, sending you 4
2024-10-14 18:54:10.455743 Papa: Same as last round
2024-10-14 18:54:10.456088 Juliett: Charlie, sending you 6
2024-10-14 18:54:10.458665 Yankee: Victor, sending you 4
2024-10-14 18:54:10.459670 Juliett: Echo, sending you 5
2024-10-14 18:54:10.460679 Charlie: India, sending you 3
2024-10-14 18:54:10.461299 Alpha: Oscar, sending you 8
2024-10-14 18:54:10.461915 Yankee: Charlie, sending you 5
2024-10-14 18:54:10.464644 Juliett: India, sending you 2
2024-10-14 18:54:10.465683 Yankee: Echo and India, sending you 2
2024-10-14 18:54:10.466802 Alpha: November, sending you 7
2024-10-14 18:54:10.467667 Juliett: Yankee, sending you 4
2024-10-14 18:54:10.469672 Alpha: Papa, sending you 5
2024-10-14 18:54:10.470687 Yankee: Juliett, sending you 3
chatterbot Oscar submitting transactions
chatterbot Victor submitting transactions
chatterbot November submitting transactions
chatterbot Juliett submitting transactions
chatterbot Yankee submitting transactions
chatterbot India submitting transactions
chatterbot Papa submitting transactions
chatterbot Charlie submitting transactions
chatterbot Alpha submitting transactions
chatterbot Echo submitting transactions
ChatterBot Victor round 9
ChatterBot Oscar round 9
ChatterBot Charlie round 9
ChatterBot Echo round 9
ChatterBot November round 9
ChatterBot Juliett round 9
ChatterBot Papa round 9
ChatterBot India round 9
ChatterBot Alpha round 9
ChatterBot Yankee round 9
2024-10-14 18:54:11.615691 Victor: Charlie, sending you 5
2024-10-14 18:54:11.617665 Echo: Victor, sending you 3
2024-10-14 18:54:11.618754 Victor: Echo, sending you 3
2024-10-14 18:54:11.620725 Echo: Charlie and Juliett, sending you 4
2024-10-14 18:54:11.622682 Oscar: November, sending you 5
2024-10-14 18:54:11.625703 Victor: Juliett and India, sending you 2
2024-10-14 18:54:11.626762 Echo: India and Yankee, sending you 2
2024-10-14 18:54:11.627785 Alpha: Oscar, sending you 8
2024-10-14 18:54:11.628469 Papa: Same as last round
2024-10-14 18:54:11.629062 Oscar: Papa, sending you 4
2024-10-14 18:54:11.629662 November: Oscar and Alpha, sending you 5
2024-10-14 18:54:11.630714 Juliett: Victor, sending you 3
2024-10-14 18:54:11.631768 Victor: Yankee, sending you 4
2024-10-14 18:54:11.632765 Charlie: Victor, Echo, Juliett and Yankee, sending you 4
2024-10-14 18:54:11.633729 Alpha: November, sending you 7
2024-10-14 18:54:11.634270 Yankee: Victor, sending you 4
2024-10-14 18:54:11.635225 Oscar: Alpha, sending you 6
2024-10-14 18:54:11.635807 November: Papa, sending you 4
2024-10-14 18:54:11.636322 India: Victor, Charlie, Echo and Yankee, sending you 2
2024-10-14 18:54:11.637325 Juliett: Charlie, sending you 6
2024-10-14 18:54:11.638265 Alpha: Papa, sending you 5
2024-10-14 18:54:11.638843 Charlie: India, sending you 3
2024-10-14 18:54:11.639849 Yankee: Charlie, sending you 5
2024-10-14 18:54:11.640890 India: Juliett, sending you 1
2024-10-14 18:54:11.641959 Juliett: Echo, sending you 5
2024-10-14 18:54:11.644691 Yankee: Echo and India, sending you 2
2024-10-14 18:54:11.646686 Juliett: India, sending you 2
2024-10-14 18:54:11.650681 Yankee: Juliett, sending you 3
2024-10-14 18:54:11.651421 Juliett: Yankee, sending you 4
chatterbot Charlie submitting transactions
chatterbot Echo submitting transactions
chatterbot November submitting transactions
chatterbot Victor submitting transactions
chatterbot Yankee submitting transactions
chatterbot Juliett submitting transactions
chatterbot Oscar submitting transactions
chatterbot Alpha submitting transactions
chatterbot Papa submitting transactions
chatterbot India submitting transactions
ChatterBot Victor round 10
ChatterBot Oscar round 10
ChatterBot Charlie round 10
ChatterBot Echo round 10
ChatterBot November round 10
ChatterBot Juliett round 10
ChatterBot Papa round 10
ChatterBot India round 10
ChatterBot Alpha round 10
ChatterBot Yankee round 10
2024-10-14 18:54:12.839701 Echo: Victor, sending you 3
2024-10-14 18:54:12.840584 Papa: Same as last round
2024-10-14 18:54:12.841798 November: Oscar and Alpha, sending you 5
2024-10-14 18:54:12.842217 Yankee: Victor, sending you 4
2024-10-14 18:54:12.843684 India: Victor, Charlie, Echo and Yankee, sending you 2
2024-10-14 18:54:12.844410 Echo: Charlie and Juliett, sending you 4
2024-10-14 18:54:12.845674 Yankee: Charlie, sending you 5
2024-10-14 18:54:12.847073 November: Papa, sending you 4
2024-10-14 18:54:12.847528 Victor: Charlie, sending you 5
2024-10-14 18:54:12.848311 Juliett: Victor, sending you 3
2024-10-14 18:54:12.849111 India: Juliett, sending you 1
2024-10-14 18:54:12.850141 Echo: India and Yankee, sending you 2
2024-10-14 18:54:12.850980 Oscar: November, sending you 5
2024-10-14 18:54:12.851387 Yankee: Echo and India, sending you 2
2024-10-14 18:54:12.852198 Victor: Echo, sending you 3
2024-10-14 18:54:12.853032 Juliett: Charlie, sending you 6
2024-10-14 18:54:12.854696 Charlie: Victor, Echo, Juliett and Yankee, sending you 4
2024-10-14 18:54:12.855764 Oscar: Papa, sending you 4
2024-10-14 18:54:12.856166 Yankee: Juliett, sending you 3
2024-10-14 18:54:12.857666 Victor: Juliett and India, sending you 2
2024-10-14 18:54:12.858297 Juliett: Echo, sending you 5
2024-10-14 18:54:12.859682 Oscar: Alpha, sending you 6
2024-10-14 18:54:12.860670 Charlie: India, sending you 3
2024-10-14 18:54:12.862035 Alpha: Oscar and November, sending you 2
2024-10-14 18:54:12.862497 Victor: Yankee, sending you 4
2024-10-14 18:54:12.863342 Juliett: India, sending you 2
2024-10-14 18:54:12.866701 Alpha: Papa, sending you 1
2024-10-14 18:54:12.867667 Juliett: Yankee, sending you 4
chatterbot Juliett submitting transactions
chatterbot Echo submitting transactions
chatterbot Papa submitting transactions
chatterbot Yankee submitting transactions
chatterbot Charlie submitting transactions
chatterbot Alpha submitting transactions
chatterbot November submitting transactions
chatterbot Victor submitting transactions
chatterbot India submitting transactions
chatterbot Oscar submitting transactions
ChatterBot Victor round 11
ChatterBot Oscar round 11
ChatterBot Charlie round 11
ChatterBot Echo round 11
ChatterBot November round 11
ChatterBot Juliett round 11
ChatterBot Papa round 11
ChatterBot India round 11
ChatterBot Alpha round 11
ChatterBot Yankee round 11
2024-10-14 18:54:14.069036 Yankee: We should add Oscar
2024-10-14 18:54:14.079863 Charlie: No
2024-10-14 18:54:14.080052 India: No
2024-10-14 18:54:14.080188 Juliett: No
2024-10-14 18:54:14.080306 Echo: No
2024-10-14 18:54:14.080418 Victor: No
ChatterBot Yankee reevaluating
ChatterBot Yankee reevaluating
ChatterBot Yankee reevaluating
ChatterBot Yankee reevaluating
ChatterBot Yankee reevaluating
2024-10-14 18:54:14.132654 Charlie: I was attacked by Alpha
ChatterBot India reevaluating
ChatterBot Juliett reevaluating
ChatterBot Yankee reevaluating
ChatterBot Echo reevaluating
ChatterBot Victor reevaluating
2024-10-14 18:54:14.144571 Charlie: I'm keeping this round to protect myself
2024-10-14 18:54:14.145823 Charlie: Ow
2024-10-14 18:54:14.148659 Oscar: November and Alpha, sending you 6
2024-10-14 18:54:14.150679 Papa: Same as last round
2024-10-14 18:54:14.151149 November: Oscar and Alpha, sending you 5
2024-10-14 18:54:14.151558 Alpha: Oscar, sending you 8
2024-10-14 18:54:14.153697 Oscar: Papa, sending you 3
2024-10-14 18:54:14.154859 Alpha: November, sending you 7
2024-10-14 18:54:14.155651 November: Papa, sending you 4
2024-10-14 18:54:14.157667 Alpha: Papa, sending you 5
2024-10-14 18:54:14.163678 Juliett: Victor, sending you 3
2024-10-14 18:54:14.164666 Yankee: Victor, sending you 4
2024-10-14 18:54:14.167676 Juliett: Charlie, sending you 6
2024-10-14 18:54:14.169652 Yankee: Charlie, sending you 5
2024-10-14 18:54:14.172081 Juliett: Echo, sending you 5
2024-10-14 18:54:14.173098 Echo: Victor, sending you 3
2024-10-14 18:54:14.173888 Yankee: Echo and India, sending you 2
2024-10-14 18:54:14.175655 Victor: Charlie, sending you 4
2024-10-14 18:54:14.176359 Juliett: India, sending you 2
2024-10-14 18:54:14.177013 India: Victor, Charlie, Echo and Yankee, sending you 2
2024-10-14 18:54:14.177860 Echo: Charlie and Juliett, sending you 4
2024-10-14 18:54:14.178430 Yankee: Juliett, sending you 3
2024-10-14 18:54:14.179661 Victor: Echo and Yankee, sending you 2
2024-10-14 18:54:14.180504 Juliett: Yankee, sending you 4
2024-10-14 18:54:14.181670 Echo: India and Yankee, sending you 2
2024-10-14 18:54:14.183084 India: Juliett, sending you 1
2024-10-14 18:54:14.184677 Victor: Juliett and India, sending you 1
chatterbot Papa submitting transactions
chatterbot Charlie submitting transactions
chatterbot Oscar submitting transactions
chatterbot Juliett submitting transactions
chatterbot November submitting transactions
chatterbot Echo submitting transactions
chatterbot Alpha submitting transactions
chatterbot India submitting transactions
chatterbot Victor submitting transactions
chatterbot Yankee submitting transactions
ChatterBot Victor round 12
ChatterBot Oscar round 12
ChatterBot Charlie round 12
ChatterBot Echo round 12
ChatterBot November round 12
ChatterBot Juliett round 12
ChatterBot Papa round 12
ChatterBot India round 12
ChatterBot Alpha round 12
ChatterBot Yankee round 12
2024-10-14 18:54:15.413674 Charlie: Victor, Echo, India and Yankee, sending you 3
2024-10-14 18:54:15.419705 Charlie: Juliett, sending you 5
2024-10-14 18:54:15.423686 Echo: Victor, sending you 3
2024-10-14 18:54:15.426666 Victor: Charlie and Yankee, sending you 4
2024-10-14 18:54:15.428164 India: Victor, Charlie, Echo and Yankee, sending you 2
2024-10-14 18:54:15.429119 Alpha: I was attacked by Victor
ChatterBot November reevaluating
ChatterBot Oscar reevaluating
ChatterBot Papa reevaluating
2024-10-14 18:54:15.438839 Alpha: I'm keeping this round to protect myself
2024-10-14 18:54:15.439626 Alpha: Ow
2024-10-14 18:54:15.439917 Echo: Charlie and Juliett, sending you 4
2024-10-14 18:54:15.441204 Juliett: Victor, sending you 3
2024-10-14 18:54:15.441968 Victor: Echo and Juliett, sending you 3
2024-10-14 18:54:15.442716 India: Juliett, sending you 1
2024-10-14 18:54:15.444738 Echo: India and Yankee, sending you 2
2024-10-14 18:54:15.446360 Oscar: We should drop Papa
ChatterBot November reevaluating
2024-10-14 18:54:15.452339 November: No
2024-10-14 18:54:15.452489 Alpha: No
ChatterBot Oscar reevaluating
ChatterBot Oscar reevaluating
ChatterBot November reevaluating
2024-10-14 18:54:15.468008 Juliett: Charlie, sending you 5
2024-10-14 18:54:15.469850 Victor: India, sending you 2
2024-10-14 18:54:15.471703 Yankee: Victor, Charlie and Juliett, sending you 4
2024-10-14 18:54:15.473108 Juliett: Echo, sending you 6
2024-10-14 18:54:15.477417 Yankee: Echo and India, sending you 2
2024-10-14 18:54:15.479660 Juliett: India, sending you 2
2024-10-14 18:54:15.483758 Juliett: Yankee, sending you 4
2024-10-14 18:54:15.489671 Oscar: November, sending you 7
2024-10-14 18:54:15.491665 Papa: Same as last round
2024-10-14 18:54:15.494698 Oscar: Alpha, sending you 8
chatterbot Juliett submitting transactions
chatterbot Alpha submitting transactions
chatterbot Victor submitting transactions
chatterbot Oscar submitting transactions
chatterbot Papa submitting transactions
chatterbot Charlie submitting transactions
chatterbot Yankee submitting transactions
chatterbot Echo submitting transactions
chatterbot India submitting transactions
chatterbot November submitting transactions
ChatterBot Victor round 13
ChatterBot Oscar round 13
ChatterBot Charlie round 13
ChatterBot Echo round 13
ChatterBot November round 13
ChatterBot Juliett round 13
2024-10-14 18:54:16.554270 Oscar: We should add Papa
ChatterBot November reevaluating
2024-10-14 18:54:16.558258 November: Yes
2024-10-14 18:54:16.558385 Alpha: Yes
ChatterBot November reevaluating
ChatterBot Papa round 13
ChatterBot India round 13
ChatterBot Alpha round 13
ChatterBot Yankee round 13
2024-10-14 18:54:16.578921 Oscar: Papa we want you to join our group
2024-10-14 18:54:16.582 Papa: Yes
ChatterBot November reevaluating
2024-10-14 18:54:16.601649 Victor: Charlie, sending you 5
2024-10-14 18:54:16.606652 Victor: Echo, sending you 3
2024-10-14 18:54:16.610438 Victor: Juliett and India, sending you 2
2024-10-14 18:54:16.611667 Juliett: Victor, sending you 3
2024-10-14 18:54:16.612653 Oscar: November, sending you 6
2024-10-14 18:54:16.614687 Victor: Yankee, sending you 4
2024-10-14 18:54:16.615923 Echo: Victor, sending you 3
2024-10-14 18:54:16.617056 Papa: Same as last round
2024-10-14 18:54:16.618078 Oscar: Papa, sending you 4
2024-10-14 18:54:16.618707 Yankee: Victor, sending you 5
2024-10-14 18:54:16.619903 Juliett: Charlie, sending you 6
2024-10-14 18:54:16.621026 Charlie: Victor, Echo, Juliett and Yankee, sending you 4
2024-10-14 18:54:16.622141 Echo: Charlie and Juliett, sending you 4
2024-10-14 18:54:16.623095 Oscar: Alpha, sending you 5
2024-10-14 18:54:16.623688 Yankee: Charlie, sending you 4
2024-10-14 18:54:16.624974 Juliett: Echo, sending you 5
2024-10-14 18:54:16.626556 Echo: India and Yankee, sending you 2
2024-10-14 18:54:16.628662 Charlie: India, sending you 3
2024-10-14 18:54:16.630336 Yankee: Echo and India, sending you 2
2024-10-14 18:54:16.631692 Juliett: India, sending you 2
2024-10-14 18:54:16.632902 India: Victor, Charlie, Echo and Yankee, sending you 2
2024-10-14 18:54:16.636677 Yankee: Juliett, sending you 3
2024-10-14 18:54:16.637870 India: Juliett, sending you 1
2024-10-14 18:54:16.638887 Juliett: Yankee, sending you 4
chatterbot Oscar submitting transactions
chatterbot Papa submitting transactions
chatterbot Juliett submitting transactions
chatterbot India submitting transactions
chatterbot Alpha submitting transactions
chatterbot Echo submitting transactions
chatterbot Victor submitting transactions
chatterbot Yankee submitting transactions
chatterbot Charlie submitting transactions
chatterbot November submitting transactions
ChatterBot Victor round 14
ChatterBot Oscar round 14
ChatterBot Charlie round 14
ChatterBot Echo round 14
ChatterBot November round 14
2024-10-14 18:54:17.812516 Victor: We should add Papa
2024-10-14 18:54:17.827480 Charlie: No
2024-10-14 18:54:17.827709 India: No
2024-10-14 18:54:17.827921 Juliett: No
2024-10-14 18:54:17.828099 Yankee: No
2024-10-14 18:54:17.828264 Echo: No
ChatterBot Yankee reevaluating
ChatterBot Victor reevaluating
ChatterBot Yankee reevaluating
ChatterBot Victor reevaluating
ChatterBot Yankee reevaluating
ChatterBot Victor reevaluating
ChatterBot Victor reevaluating
ChatterBot Yankee reevaluating
ChatterBot Victor reevaluating
ChatterBot Juliett round 14
ChatterBot Papa round 14
ChatterBot India round 14
ChatterBot Alpha round 14
ChatterBot Yankee round 14
2024-10-14 18:54:17.925691 Papa: Same as last round
2024-10-14 18:54:17.927686 Oscar: November, sending you 6
2024-10-14 18:54:17.929014 Yankee: Victor, sending you 4
2024-10-14 18:54:17.930243 Charlie: Victor, Echo, Juliett and Yankee, sending you 4
2024-10-14 18:54:17.931327 Victor: Charlie, sending you 5
2024-10-14 18:54:17.932184 Juliett: Victor, sending you 3
2024-10-14 18:54:17.933108 Oscar: Papa, sending you 4
2024-10-14 18:54:17.933646 Yankee: Charlie, sending you 5
2024-10-14 18:54:17.935141 Alpha: Oscar, sending you 6
2024-10-14 18:54:17.935811 Charlie: India, sending you 3
2024-10-14 18:54:17.937112 Victor: Echo, sending you 3
2024-10-14 18:54:17.938284 Juliett: Charlie, sending you 6
2024-10-14 18:54:17.939431 Echo: Victor, sending you 3
2024-10-14 18:54:17.940652 Oscar: Alpha, sending you 5
2024-10-14 18:54:17.941726 India: Victor, Charlie, Echo and Yankee, sending you 2
2024-10-14 18:54:17.942989 Alpha: November, sending you 5
2024-10-14 18:54:17.943506 Yankee: Echo and India, sending you 2
2024-10-14 18:54:17.944719 Victor: Juliett and India, sending you 2
2024-10-14 18:54:17.945917 Juliett: Echo, sending you 5
2024-10-14 18:54:17.947106 Echo: Charlie and Juliett, sending you 4
2024-10-14 18:54:17.948832 India: Juliett, sending you 1
2024-10-14 18:54:17.950052 Alpha: Papa, sending you 3
2024-10-14 18:54:17.950582 Victor: Yankee, sending you 4
2024-10-14 18:54:17.951885 Yankee: Juliett, sending you 3
2024-10-14 18:54:17.953098 Juliett: India, sending you 2
2024-10-14 18:54:17.954665 Echo: India and Yankee, sending you 2
2024-10-14 18:54:17.956654 Juliett: Yankee, sending you 4
chatterbot Yankee submitting transactions
chatterbot Alpha submitting transactions
chatterbot Juliett submitting transactions
chatterbot Charlie submitting transactions
chatterbot November submitting transactions
chatterbot India submitting transactions
chatterbot Oscar submitting transactions
chatterbot Papa submitting transactions
chatterbot Victor submitting transactions
