ChatterBot Golf round 1
ChatterBot Charlie round 1
ChatterBot Romeo round 1
randomSelections Charlie: {Charlie, November, Alpha, Sierra, Golf, Victor} 
2024-10-14 18:53:59.938579 Charlie: Can we be friends?
ChatterBot Golf reevaluating
2024-10-14 18:53:59.967850 Golf: Yes
randomSelections Romeo: {Romeo, Whiskey, Golf, Hotel, Alpha, Sierra, Victor} 
2024-10-14 18:54:00.019560 Romeo: Let's form a team
ChatterBot Golf reevaluating
2024-10-14 18:54:00.023651 Golf: No
ChatterBot November round 1
ChatterBot November reevaluating
ChatterBot November reevaluating
2024-10-14 18:54:00.031028 November: Yes
ChatterBot Golf reevaluating
ChatterBot Hotel round 1
ChatterBot Hotel reevaluating
ChatterBot Hotel reevaluating
2024-10-14 18:54:00.040097 Hotel: Yes
ChatterBot Golf reevaluating
ChatterBot Victor round 1
ChatterBot Victor reevaluating
ChatterBot Victor reevaluating
ChatterBot Victor reevaluating
ChatterBot Victor reevaluating
ChatterBot Victor reevaluating
ChatterBot Victor reevaluating
2024-10-14 18:54:00.052711 Victor: Yes
2024-10-14 18:54:00.052904 Victor: No
ChatterBot November reevaluating
ChatterBot Golf reevaluating
ChatterBot Hotel reevaluating
ChatterBot Golf reevaluating
ChatterBot Sierra round 1
ChatterBot Sierra reevaluating
ChatterBot Sierra reevaluating
ChatterBot Sierra reevaluating
ChatterBot Sierra reevaluating
ChatterBot Sierra reevaluating
ChatterBot Sierra reevaluating
ChatterBot Sierra reevaluating
ChatterBot Sierra reevaluating
2024-10-14 18:54:00.083119 Sierra: Yes
2024-10-14 18:54:00.083322 Sierra: No
ChatterBot November reevaluating
ChatterBot Golf reevaluating
ChatterBot Victor reevaluating
ChatterBot Hotel reevaluating
ChatterBot Golf reevaluating
ChatterBot Victor reevaluating
ChatterBot Bravo round 1
ChatterBot Whiskey round 1
ChatterBot Whiskey reevaluating
ChatterBot Whiskey reevaluating
ChatterBot Whiskey reevaluating
ChatterBot Whiskey reevaluating
ChatterBot Whiskey reevaluating
2024-10-14 18:54:00.118310 Whiskey: Yes
ChatterBot Golf reevaluating
ChatterBot Hotel reevaluating
ChatterBot Sierra reevaluating
ChatterBot Victor reevaluating
ChatterBot Alpha round 1
ChatterBot Alpha reevaluating
ChatterBot Alpha reevaluating
ChatterBot Alpha reevaluating
ChatterBot Alpha reevaluating
ChatterBot Alpha reevaluating
ChatterBot Alpha reevaluating
ChatterBot Alpha reevaluating
ChatterBot Alpha reevaluating
ChatterBot Alpha reevaluating
ChatterBot Alpha reevaluating
ChatterBot Alpha reevaluating
2024-10-14 18:54:00.158852 Alpha: Yes
2024-10-14 18:54:00.159576 Alpha: No
ChatterBot November reevaluating
ChatterBot Sierra reevaluating
ChatterBot Golf reevaluating
ChatterBot Victor reevaluating
ChatterBot Whiskey reevaluating
ChatterBot Hotel reevaluating
ChatterBot Sierra reevaluating
ChatterBot Golf reevaluating
ChatterBot Victor reevaluating
randomSelections Bravo: {Bravo, Sierra, Hotel, Charlie, Alpha, Golf} 
2024-10-14 18:54:00.207016 Bravo: Group up?
ChatterBot Hotel reevaluating
ChatterBot Alpha reevaluating
2024-10-14 18:54:00.219147 Sierra: No
2024-10-14 18:54:00.219360 Hotel: No
2024-10-14 18:54:00.219545 Charlie: No
2024-10-14 18:54:00.219764 Alpha: No
2024-10-14 18:54:00.220462 Golf: No
ChatterBot Hotel reevaluating
ChatterBot Alpha reevaluating
ChatterBot Alpha reevaluating
ChatterBot Hotel reevaluating
ChatterBot Alpha reevaluating
ChatterBot Hotel reevaluating
ChatterBot Hotel reevaluating
ChatterBot Alpha reevaluating
2024-10-14 18:54:00.281259 Charlie: Golf, November and Alpha, sending you 4
2024-10-14 18:54:00.281887 Romeo: Golf and Hotel, sending you 1
2024-10-14 18:54:00.290028 Charlie: Victor, sending you 3
2024-10-14 18:54:00.290368 Romeo: Victor and Sierra, sending you 2
2024-10-14 18:54:00.290814 Sierra: Golf, sending you 5
2024-10-14 18:54:00.296177 Charlie: Sierra, sending you 1
2024-10-14 18:54:00.296920 Bravo: Golf, Sierra and Alpha, sending you 1
2024-10-14 18:54:00.297228 Victor: Golf, sending you 4
2024-10-14 18:54:00.297546 Romeo: Whiskey, sending you 3
2024-10-14 18:54:00.297900 Sierra: Charlie, sending you 4
2024-10-14 18:54:00.299742 Golf: Charlie, sending you 4
2024-10-14 18:54:00.300085 Alpha: Golf and Victor, sending you 5
2024-10-14 18:54:00.300397 Bravo: Charlie and Hotel, sending you 2
2024-10-14 18:54:00.305209 Hotel: Golf, sending you 6
2024-10-14 18:54:00.305779 November: Golf, sending you 2
2024-10-14 18:54:00.306330 Victor: Charlie, sending you 3
2024-10-14 18:54:00.306784 Alpha: November and Sierra, sending you 3
chatterbot Romeo submitting transactions
2024-10-14 18:54:00.309101 Sierra: November, sending you 1
2024-10-14 18:54:00.309521 Golf: November and Sierra, sending you 2
2024-10-14 18:54:00.309998 November: Charlie, sending you 4
2024-10-14 18:54:00.315760 Victor: November, sending you 2
2024-10-14 18:54:00.316218 Hotel: Romeo, sending you 4
2024-10-14 18:54:00.316604 Sierra: Victor, sending you 3
2024-10-14 18:54:00.317088 Golf: Victor, sending you 6
2024-10-14 18:54:00.319709 November: Victor, sending you 3
2024-10-14 18:54:00.320175 Hotel: Victor, Sierra and Alpha, sending you 2
2024-10-14 18:54:00.321656 Victor: Sierra, sending you 1
2024-10-14 18:54:00.322060 Sierra: Alpha, sending you 2
2024-10-14 18:54:00.322438 Golf: Alpha, sending you 1
2024-10-14 18:54:00.327264 November: Sierra, sending you 5
2024-10-14 18:54:00.327690 Victor: Alpha, sending you 5
2024-10-14 18:54:00.331677 November: Alpha, sending you 1
chatterbot Charlie submitting transactions
chatterbot November submitting transactions
chatterbot Golf submitting transactions
chatterbot Sierra submitting transactions
chatterbot Victor submitting transactions
chatterbot Whiskey submitting transactions
chatterbot Bravo submitting transactions
chatterbot Hotel submitting transactions
chatterbot Alpha submitting transactions
ChatterBot Golf round 2
ChatterBot Charlie round 2
ChatterBot Romeo round 2
ChatterBot November round 2
2024-10-14 18:54:01.525971 Charlie: We should add Bravo
ChatterBot November reevaluating
ChatterBot Alpha reevaluating
ChatterBot Sierra reevaluating
ChatterBot Golf reevaluating
ChatterBot Victor reevaluating
2024-10-14 18:54:01.579069 November: No
2024-10-14 18:54:01.579640 Alpha: No
2024-10-14 18:54:01.579772 Sierra: No
2024-10-14 18:54:01.579884 Golf: No
2024-10-14 18:54:01.580003 Victor: No
ChatterBot Charlie reevaluating
ChatterBot Alpha reevaluating
ChatterBot Sierra reevaluating
ChatterBot Golf reevaluating
ChatterBot Victor reevaluating
ChatterBot Charlie reevaluating
ChatterBot November reevaluating
ChatterBot Sierra reevaluating
ChatterBot Golf reevaluating
ChatterBot Victor reevaluating
ChatterBot Charlie reevaluating
ChatterBot November reevaluating
ChatterBot Alpha reevaluating
ChatterBot Golf reevaluating
ChatterBot Victor reevaluating
ChatterBot Charlie reevaluating
ChatterBot November reevaluating
ChatterBot Alpha reevaluating
ChatterBot Sierra reevaluating
ChatterBot Victor reevaluating
ChatterBot Charlie reevaluating
ChatterBot November reevaluating
ChatterBot Alpha reevaluating
ChatterBot Sierra reevaluating
ChatterBot Golf reevaluating
ChatterBot Hotel round 2
ChatterBot Victor round 2
ChatterBot Sierra round 2
ChatterBot Bravo round 2
2024-10-14 18:54:01.961909 Romeo: Let's form a team
ChatterBot Hotel reevaluating
ChatterBot Whiskey reevaluating
2024-10-14 18:54:01.995606 Hotel: Yes
2024-10-14 18:54:01.995929 Whiskey: No
ChatterBot Whiskey reevaluating
ChatterBot Hotel reevaluating
2024-10-14 18:54:02.032873 Whiskey: We would work well together
ChatterBot Hotel reevaluating
2024-10-14 18:54:02.040688 Hotel: Yes
ChatterBot Whiskey reevaluating
ChatterBot Whiskey round 2
ChatterBot Alpha round 2
2024-10-14 18:54:02.084502 Bravo: We would work well together
ChatterBot Whiskey reevaluating
2024-10-14 18:54:02.089583 Whiskey: No
ChatterBot Bravo reevaluating
2024-10-14 18:54:02.465141 Romeo: Hotel, sending you 9
2024-10-14 18:54:02.839507 Bravo: Sending you 13
2024-10-14 18:54:02.839806 Charlie: Golf, November and Sierra, sending you 4
2024-10-14 18:54:02.840738 Hotel: Romeo, sending you 15
2024-10-14 18:54:02.841043 Alpha: Golf, sending you 2
2024-10-14 18:54:02.841402 Golf: Charlie and Victor, sending you 4
2024-10-14 18:54:02.842200 November: Golf and Victor, sending you 3
2024-10-14 18:54:02.842692 Sierra: Golf, sending you 3
2024-10-14 18:54:02.843751 Victor: Golf, sending you 4
chatterbot Golf submitting transactions
chatterbot Alpha submitting transactions
chatterbot November submitting transactions
chatterbot Romeo submitting transactions
chatterbot Whiskey submitting transactions
chatterbot Victor submitting transactions
2024-10-14 18:54:02.845449 Alpha: Charlie, sending you 5
2024-10-14 18:54:02.845894 Charlie: Victor, sending you 3
2024-10-14 18:54:02.846869 Hotel: Whiskey, sending you 1
2024-10-14 18:54:02.847153 Golf: November, sending you 2
2024-10-14 18:54:02.847572 November: Charlie, sending you 6
2024-10-14 18:54:03.065337 Sierra: Charlie and Victor, sending you 2
2024-10-14 18:54:03.066106 Victor: Charlie, November and Alpha, sending you 3
2024-10-14 18:54:03.066443 Whiskey: Sending you each 4
2024-10-14 18:54:03.066711 Alpha: Victor, sending you 6
2024-10-14 18:54:03.067447 Charlie: Alpha, sending you 1
2024-10-14 18:54:03.067761 Golf: Sierra and Alpha, sending you 5
2024-10-14 18:54:03.068156 November: Sierra, sending you 2
2024-10-14 18:54:03.143396 Sierra: November, sending you 8
2024-10-14 18:54:03.144253 Victor: Sierra, sending you 2
2024-10-14 18:54:03.144586 Alpha: Sierra, sending you 3
2024-10-14 18:54:03.144900 November: Alpha, sending you 4
chatterbot Bravo submitting transactions
chatterbot Sierra submitting transactions
2024-10-14 18:54:03.184964 Sierra: Alpha, sending you 5
chatterbot Charlie submitting transactions
chatterbot Hotel submitting transactions
ChatterBot Golf round 3
ChatterBot Charlie round 3
ChatterBot Romeo round 3
ChatterBot November round 3
ChatterBot Hotel round 3
ChatterBot Victor round 3
ChatterBot Sierra round 3
ChatterBot Bravo round 3
ChatterBot Whiskey round 3
ChatterBot Alpha round 3
2024-10-14 18:54:03.294673 Hotel: We should add Bravo
ChatterBot Whiskey reevaluating
2024-10-14 18:54:03.304729 Romeo: No
2024-10-14 18:54:03.304945 Whiskey: Yes
ChatterBot Whiskey reevaluating
ChatterBot Romeo reevaluating
2024-10-14 18:54:03.340120 Bravo: We should add Romeo and Whiskey
2024-10-14 18:54:03.344672 Hotel: Yes
2024-10-14 18:54:03.359529 Hotel: Bravo we want you to join our group
2024-10-14 18:54:03.382047 Bravo: Yes
ChatterBot Romeo reevaluating
ChatterBot Whiskey reevaluating
2024-10-14 18:54:03.455038 Bravo: Romeo and Whiskey we want you to join our group
ChatterBot Romeo reevaluating
2024-10-14 18:54:03.464458 Romeo: Yes
2024-10-14 18:54:03.464709 Whiskey: Yes
ChatterBot Romeo reevaluating
2024-10-14 18:54:03.481060 Golf: Charlie, Sierra and Alpha, sending you 4
2024-10-14 18:54:03.482438 Whiskey: Bravo we want you to join our group
2024-10-14 18:54:03.485906 Bravo: Yes
ChatterBot Romeo reevaluating
2024-10-14 18:54:03.496093 Charlie: Golf and November, sending you 4
2024-10-14 18:54:03.496674 November: Golf and Victor, sending you 3
2024-10-14 18:54:03.498229 Golf: November, sending you 3
2024-10-14 18:54:03.498950 Sierra: Golf, sending you 6
2024-10-14 18:54:03.500500 Victor: Golf and Alpha, sending you 4
2024-10-14 18:54:03.501732 Charlie: Victor and Sierra, sending you 3
2024-10-14 18:54:03.502382 November: Charlie, sending you 4
2024-10-14 18:54:03.503681 Romeo: Bravo we want you to join our group
2024-10-14 18:54:03.506318 Bravo: Yes
ChatterBot Romeo reevaluating
2024-10-14 18:54:03.515406 Golf: Victor, sending you 5
2024-10-14 18:54:03.516955 Hotel: Romeo, sending you 6
2024-10-14 18:54:03.517551 Sierra: Charlie, November and Alpha, sending you 4
2024-10-14 18:54:03.518919 Alpha: Golf, Victor and Sierra, sending you 4
2024-10-14 18:54:03.520206 Victor: Charlie and November, sending you 3
2024-10-14 18:54:03.520951 Charlie: Alpha, sending you 2
2024-10-14 18:54:03.522247 November: Sierra, sending you 6
2024-10-14 18:54:03.522883 Hotel: Bravo, sending you 8
2024-10-14 18:54:03.523869 Sierra: Victor, sending you 2
2024-10-14 18:54:03.524560 Alpha: Charlie, sending you 1
2024-10-14 18:54:03.525656 Victor: Sierra, sending you 1
2024-10-14 18:54:03.526642 Bravo: Romeo and Whiskey, sending you 8
2024-10-14 18:54:03.527791 Hotel: Whiskey, sending you 2
2024-10-14 18:54:03.528195 November: Alpha, sending you 2
2024-10-14 18:54:03.529628 Whiskey: Romeo and Hotel, sending you 5
2024-10-14 18:54:03.530043 Alpha: November, sending you 3
2024-10-14 18:54:03.584684 Whiskey: Bravo, sending you 3
2024-10-14 18:54:03.639521 Romeo: Hotel, sending you 7
2024-10-14 18:54:03.645486 Romeo: Whiskey, sending you 2
chatterbot Victor submitting transactions
chatterbot Sierra submitting transactions
chatterbot Romeo submitting transactions
chatterbot November submitting transactions
chatterbot Whiskey submitting transactions
chatterbot Bravo submitting transactions
chatterbot Charlie submitting transactions
chatterbot Hotel submitting transactions
chatterbot Alpha submitting transactions
chatterbot Golf submitting transactions
ChatterBot Golf round 4
ChatterBot Charlie round 4
ChatterBot Romeo round 4
ChatterBot November round 4
ChatterBot Hotel round 4
ChatterBot Victor round 4
ChatterBot Sierra round 4
ChatterBot Bravo round 4
ChatterBot Whiskey round 4
ChatterBot Alpha round 4
2024-10-14 18:54:04.536375 Charlie: Golf and November, sending you 4
2024-10-14 18:54:04.540670 Charlie: Victor and Sierra, sending you 3
2024-10-14 18:54:04.542695 Hotel: Romeo, sending you 7
2024-10-14 18:54:04.543659 November: Golf, sending you 3
2024-10-14 18:54:04.544248 Charlie: Alpha, sending you 2
2024-10-14 18:54:04.545676 Sierra: Golf and November, sending you 5
2024-10-14 18:54:04.546265 Whiskey: Romeo and Hotel, sending you 5
2024-10-14 18:54:04.547022 Romeo: Hotel, sending you 5
2024-10-14 18:54:04.547285 Bravo: Hotel, sending you 12
2024-10-14 18:54:04.547537 November: Charlie and Sierra, sending you 5
2024-10-14 18:54:04.548026 Hotel: Bravo, sending you 5
2024-10-14 18:54:04.549063 Alpha: Golf, Victor and Sierra, sending you 4
2024-10-14 18:54:04.550870 Sierra: Charlie and Alpha, sending you 4
2024-10-14 18:54:04.551601 Whiskey: Bravo, sending you 4
2024-10-14 18:54:04.552047 Romeo: Bravo and Whiskey, sending you 2
2024-10-14 18:54:04.552817 Bravo: Whiskey, sending you 4
2024-10-14 18:54:04.553161 Hotel: Whiskey, sending you 4
2024-10-14 18:54:04.553527 November: Victor, sending you 4
2024-10-14 18:54:04.554463 Golf: Charlie, Victor and Alpha, sending you 4
2024-10-14 18:54:04.555148 Alpha: Charlie and November, sending you 2
2024-10-14 18:54:04.556415 Victor: Golf, sending you 4
2024-10-14 18:54:04.556997 Sierra: Victor, sending you 2
2024-10-14 18:54:04.557954 November: Alpha, sending you 2
2024-10-14 18:54:04.559684 Golf: November, sending you 3
2024-10-14 18:54:04.561668 Victor: Charlie, November and Alpha, sending you 3
2024-10-14 18:54:04.563925 Golf: Sierra, sending you 5
2024-10-14 18:54:04.565711 Victor: Sierra, sending you 2
chatterbot Sierra submitting transactions
chatterbot Alpha submitting transactions
chatterbot Whiskey submitting transactions
chatterbot Charlie submitting transactions
chatterbot Golf submitting transactions
chatterbot Victor submitting transactions
chatterbot Hotel submitting transactions
chatterbot Romeo submitting transactions
chatterbot Bravo submitting transactions
chatterbot November submitting transactions
ChatterBot Golf round 5
ChatterBot Charlie round 5
ChatterBot Romeo round 5
ChatterBot November round 5
ChatterBot Hotel round 5
ChatterBot Victor round 5
ChatterBot Sierra round 5
ChatterBot Bravo round 5
ChatterBot Whiskey round 5
ChatterBot Alpha round 5
2024-10-14 18:54:05.727689 Charlie: Golf and November, sending you 4
2024-10-14 18:54:05.729309 November: Golf and Alpha, sending you 3
2024-10-14 18:54:05.730658 Romeo: Hotel, sending you 5
2024-10-14 18:54:05.733680 Charlie: Victor and Sierra, sending you 3
2024-10-14 18:54:05.734704 November: Charlie and Victor, sending you 4
2024-10-14 18:54:05.735941 Romeo: Bravo, sending you 1
2024-10-14 18:54:05.736250 Hotel: Romeo and Bravo, sending you 6
2024-10-14 18:54:05.736512 Whiskey: Romeo and Hotel, sending you 5
2024-10-14 18:54:05.736892 Victor: Golf, sending you 4
2024-10-14 18:54:05.738437 Bravo: Romeo, sending you 2
2024-10-14 18:54:05.738967 Charlie: Alpha, sending you 2
2024-10-14 18:54:05.740542 Hotel: Whiskey, sending you 4
2024-10-14 18:54:05.741121 November: Sierra, sending you 5
2024-10-14 18:54:05.741966 Romeo: Whiskey, sending you 3
2024-10-14 18:54:05.743116 Golf: Charlie, Victor and Alpha, sending you 4
2024-10-14 18:54:05.744097 Sierra: Golf, sending you 6
2024-10-14 18:54:05.745461 Whiskey: Bravo, sending you 4
2024-10-14 18:54:05.746070 Victor: Charlie, November and Alpha, sending you 3
2024-10-14 18:54:05.747009 Bravo: Hotel, sending you 9
2024-10-14 18:54:05.748150 Golf: November, sending you 3
2024-10-14 18:54:05.749013 Alpha: Golf, Victor and Sierra, sending you 4
2024-10-14 18:54:05.750858 Sierra: Charlie, sending you 3
2024-10-14 18:54:05.751714 Victor: Sierra, sending you 2
2024-10-14 18:54:05.753412 Bravo: Whiskey, sending you 5
2024-10-14 18:54:05.753999 Golf: Sierra, sending you 5
2024-10-14 18:54:05.755507 Alpha: Charlie and November, sending you 2
2024-10-14 18:54:05.757278 Sierra: November, sending you 5
2024-10-14 18:54:05.761701 Sierra: Victor, sending you 2
2024-10-14 18:54:05.764690 Sierra: Alpha, sending you 4
chatterbot Romeo submitting transactions
chatterbot Bravo submitting transactions
chatterbot November submitting transactions
chatterbot Hotel submitting transactions
chatterbot Alpha submitting transactions
chatterbot Victor submitting transactions
chatterbot Golf submitting transactions
chatterbot Charlie submitting transactions
chatterbot Sierra submitting transactions
chatterbot Whiskey submitting transactions
ChatterBot Golf round 6
ChatterBot Charlie round 6
ChatterBot Romeo round 6
ChatterBot November round 6
ChatterBot Hotel round 6
ChatterBot Victor round 6
ChatterBot Sierra round 6
ChatterBot Bravo round 6
ChatterBot Whiskey round 6
ChatterBot Alpha round 6
2024-10-14 18:54:06.975672 Hotel: Romeo and Bravo, sending you 6
2024-10-14 18:54:06.979656 Hotel: Whiskey, sending you 4
2024-10-14 18:54:06.980676 Romeo: Hotel, sending you 5
2024-10-14 18:54:06.981905 Sierra: Golf, sending you 6
2024-10-14 18:54:06.983646 Romeo: Bravo, sending you 1
2024-10-14 18:54:06.985710 Sierra: Charlie, sending you 3
2024-10-14 18:54:06.987228 Bravo: Romeo, sending you 2
2024-10-14 18:54:06.987630 November: Golf and Alpha, sending you 3
2024-10-14 18:54:06.988291 Golf: Charlie, Victor and Alpha, sending you 4
2024-10-14 18:54:06.988945 Charlie: Golf and November, sending you 4
2024-10-14 18:54:06.989926 Alpha: Golf, Victor and Sierra, sending you 4
2024-10-14 18:54:06.990529 Romeo: Whiskey, sending you 3
2024-10-14 18:54:06.990964 Sierra: November, sending you 5
2024-10-14 18:54:06.991672 Bravo: Hotel, sending you 9
2024-10-14 18:54:06.992059 Charlie: Victor and Sierra, sending you 3
2024-10-14 18:54:06.992651 November: Charlie and Victor, sending you 4
2024-10-14 18:54:06.993553 Golf: November, sending you 3
2024-10-14 18:54:06.994444 Alpha: Charlie, sending you 1
2024-10-14 18:54:06.995232 Victor: Golf, sending you 4
2024-10-14 18:54:06.996070 Whiskey: Romeo and Hotel, sending you 5
2024-10-14 18:54:06.996379 Charlie: Alpha, sending you 2
2024-10-14 18:54:06.996879 Sierra: Victor, sending you 2
2024-10-14 18:54:06.997342 November: Sierra, sending you 5
2024-10-14 18:54:06.997842 Bravo: Whiskey, sending you 5
2024-10-14 18:54:06.998698 Golf: Sierra, sending you 5
2024-10-14 18:54:07.000052 Alpha: November, sending you 3
2024-10-14 18:54:07.000966 Victor: Charlie, November and Alpha, sending you 3
2024-10-14 18:54:07.001577 Whiskey: Bravo, sending you 4
2024-10-14 18:54:07.002013 Sierra: Alpha, sending you 4
2024-10-14 18:54:07.003661 Victor: Sierra, sending you 2
chatterbot Bravo submitting transactions
chatterbot Charlie submitting transactions
chatterbot Golf submitting transactions
chatterbot Hotel submitting transactions
chatterbot Romeo submitting transactions
chatterbot Sierra submitting transactions
chatterbot Victor submitting transactions
chatterbot Whiskey submitting transactions
chatterbot Alpha submitting transactions
chatterbot November submitting transactions
ChatterBot Golf round 7
ChatterBot Charlie round 7
ChatterBot Romeo round 7
ChatterBot November round 7
ChatterBot Hotel round 7
ChatterBot Victor round 7
ChatterBot Sierra round 7
ChatterBot Bravo round 7
ChatterBot Whiskey round 7
ChatterBot Alpha round 7
2024-10-14 18:54:08.245674 Charlie: Golf and November, sending you 4
2024-10-14 18:54:08.249731 Charlie: Victor and Sierra, sending you 3
2024-10-14 18:54:08.252092 Victor: Golf, sending you 4
2024-10-14 18:54:08.252966 Romeo: Hotel, sending you 5
2024-10-14 18:54:08.255689 Charlie: Alpha, sending you 2
2024-10-14 18:54:08.256596 Hotel: Romeo and Bravo, sending you 6
2024-10-14 18:54:08.257626 Victor: Charlie, November and Alpha, sending you 3
2024-10-14 18:54:08.258597 Romeo: Bravo, sending you 1
2024-10-14 18:54:08.259010 Sierra: Golf, sending you 6
2024-10-14 18:54:08.259892 November: Golf and Alpha, sending you 3
2024-10-14 18:54:08.261388 Golf: Charlie, Victor and Alpha, sending you 4
2024-10-14 18:54:08.262349 Hotel: Whiskey, sending you 4
2024-10-14 18:54:08.262794 Romeo: Whiskey, sending you 3
2024-10-14 18:54:08.263223 Victor: Sierra, sending you 2
2024-10-14 18:54:08.265227 Sierra: Charlie, sending you 3
2024-10-14 18:54:08.265961 November: Charlie and Victor, sending you 4
2024-10-14 18:54:08.266675 Golf: November, sending you 3
2024-10-14 18:54:08.267699 Whiskey: Romeo and Hotel, sending you 5
2024-10-14 18:54:08.268902 Bravo: Romeo, sending you 2
2024-10-14 18:54:08.269660 Sierra: November, sending you 5
2024-10-14 18:54:08.270491 November: Sierra, sending you 5
2024-10-14 18:54:08.271084 Golf: Sierra, sending you 5
2024-10-14 18:54:08.272503 Alpha: Golf and Sierra, sending you 4
2024-10-14 18:54:08.273038 Bravo: Hotel, sending you 9
2024-10-14 18:54:08.273312 Whiskey: Bravo, sending you 4
2024-10-14 18:54:08.273584 Sierra: Victor, sending you 2
2024-10-14 18:54:08.275651 Bravo: Whiskey, sending you 5
2024-10-14 18:54:08.277714 Alpha: Charlie, sending you 2
2024-10-14 18:54:08.279189 Sierra: Alpha, sending you 4
2024-10-14 18:54:08.282684 Alpha: November and Victor, sending you 3
chatterbot Romeo submitting transactions
chatterbot Whiskey submitting transactions
chatterbot Bravo submitting transactions
chatterbot Golf submitting transactions
chatterbot Charlie submitting transactions
chatterbot Sierra submitting transactions
chatterbot Alpha submitting transactions
chatterbot Victor submitting transactions
chatterbot November submitting transactions
chatterbot Hotel submitting transactions
ChatterBot Golf round 8
ChatterBot Charlie round 8
ChatterBot Romeo round 8
ChatterBot November round 8
ChatterBot Hotel round 8
ChatterBot Victor round 8
ChatterBot Sierra round 8
ChatterBot Bravo round 8
ChatterBot Whiskey round 8
ChatterBot Alpha round 8
2024-10-14 18:54:09.397427 November: Golf and Alpha, sending you 3
2024-10-14 18:54:09.398826 Romeo: Hotel, sending you 5
2024-10-14 18:54:09.399392 Golf: Charlie, Victor and Alpha, sending you 4
2024-10-14 18:54:09.401770 Bravo: Romeo, sending you 2
2024-10-14 18:54:09.402771 Alpha: Golf and Sierra, sending you 4
2024-10-14 18:54:09.404028 Romeo: Bravo, sending you 1
2024-10-14 18:54:09.408561 Charlie: Golf and November, sending you 4
2024-10-14 18:54:09.409802 Sierra: Golf, sending you 6
2024-10-14 18:54:09.411646 November: Charlie and Victor, sending you 4
2024-10-14 18:54:09.412716 Golf: November, sending you 3
2024-10-14 18:54:09.414780 Alpha: Charlie, sending you 2
2024-10-14 18:54:09.415773 Bravo: Hotel, sending you 9
2024-10-14 18:54:09.419806 Romeo: Whiskey, sending you 3
2024-10-14 18:54:09.420448 Whiskey: Romeo and Hotel, sending you 5
2024-10-14 18:54:09.420991 Hotel: Romeo and Bravo, sending you 6
2024-10-14 18:54:09.423025 Victor: Golf, sending you 4
2024-10-14 18:54:09.424077 Charlie: Victor and Sierra, sending you 3
2024-10-14 18:54:09.426296 Sierra: Charlie, sending you 3
2024-10-14 18:54:09.427284 November: Sierra, sending you 5
2024-10-14 18:54:09.432056 Golf: Sierra, sending you 5
2024-10-14 18:54:09.434733 Alpha: November and Victor, sending you 3
2024-10-14 18:54:09.435993 Bravo: Whiskey, sending you 5
2024-10-14 18:54:09.436636 Whiskey: Bravo, sending you 4
2024-10-14 18:54:09.439070 Hotel: Whiskey, sending you 4
2024-10-14 18:54:09.444197 Victor: Charlie, November and Alpha, sending you 3
2024-10-14 18:54:09.445342 Charlie: Alpha, sending you 2
2024-10-14 18:54:09.448090 Sierra: November, sending you 5
2024-10-14 18:54:09.449736 Victor: Sierra, sending you 2
2024-10-14 18:54:09.454075 Sierra: Victor, sending you 2
2024-10-14 18:54:09.457723 Sierra: Alpha, sending you 4
chatterbot Romeo submitting transactions
chatterbot Alpha submitting transactions
chatterbot Sierra submitting transactions
chatterbot Hotel submitting transactions
chatterbot Bravo submitting transactions
chatterbot November submitting transactions
chatterbot Victor submitting transactions
chatterbot Charlie submitting transactions
chatterbot Golf submitting transactions
chatterbot Whiskey submitting transactions
ChatterBot Golf round 9
ChatterBot Charlie round 9
ChatterBot Romeo round 9
ChatterBot November round 9
ChatterBot Hotel round 9
ChatterBot Victor round 9
ChatterBot Sierra round 9
ChatterBot Bravo round 9
ChatterBot Whiskey round 9
ChatterBot Alpha round 9
2024-10-14 18:54:10.710708 Charlie: Golf and November, sending you 4
2024-10-14 18:54:10.711846 Romeo: Hotel, sending you 5
2024-10-14 18:54:10.714692 Charlie: Victor and Sierra, sending you 3
2024-10-14 18:54:10.715743 Victor: Golf, sending you 4
2024-10-14 18:54:10.716847 November: Golf and Alpha, sending you 3
2024-10-14 18:54:10.718716 Romeo: Bravo, sending you 1
2024-10-14 18:54:10.719291 Golf: Charlie, Victor and Alpha, sending you 4
2024-10-14 18:54:10.720698 Charlie: Alpha, sending you 2
2024-10-14 18:54:10.721770 November: Charlie and Victor, sending you 4
2024-10-14 18:54:10.723471 Victor: Charlie, November and Alpha, sending you 3
2024-10-14 18:54:10.725191 Romeo: Whiskey, sending you 3
2024-10-14 18:54:10.727357 Golf: November, sending you 3
2024-10-14 18:54:10.729067 Hotel: Romeo and Bravo, sending you 6
2024-10-14 18:54:10.729951 Sierra: Golf, sending you 6
2024-10-14 18:54:10.731596 November: Sierra, sending you 5
2024-10-14 18:54:10.732666 Victor: Sierra, sending you 2
2024-10-14 18:54:10.733777 Bravo: Romeo, sending you 2
2024-10-14 18:54:10.734407 Golf: Sierra, sending you 5
2024-10-14 18:54:10.736595 Hotel: Whiskey, sending you 4
2024-10-14 18:54:10.737129 Sierra: Charlie, sending you 3
2024-10-14 18:54:10.738168 Whiskey: Romeo and Hotel, sending you 5
2024-10-14 18:54:10.738763 Alpha: Golf and Sierra, sending you 4
2024-10-14 18:54:10.739843 Bravo: Hotel, sending you 9
2024-10-14 18:54:10.742662 Sierra: November, sending you 5
2024-10-14 18:54:10.743715 Whiskey: Bravo, sending you 4
2024-10-14 18:54:10.744271 Bravo: Whiskey, sending you 5
2024-10-14 18:54:10.744893 Alpha: Charlie, sending you 2
2024-10-14 18:54:10.746863 Sierra: Victor, sending you 2
2024-10-14 18:54:10.750717 Alpha: November and Victor, sending you 3
2024-10-14 18:54:10.752836 Sierra: Alpha, sending you 4
chatterbot November submitting transactions
chatterbot Victor submitting transactions
chatterbot Alpha submitting transactions
chatterbot Bravo submitting transactions
chatterbot Romeo submitting transactions
chatterbot Sierra submitting transactions
chatterbot Hotel submitting transactions
chatterbot Golf submitting transactions
chatterbot Whiskey submitting transactions
chatterbot Charlie submitting transactions
ChatterBot Golf round 10
ChatterBot Charlie round 10
ChatterBot Romeo round 10
ChatterBot November round 10
ChatterBot Hotel round 10
ChatterBot Victor round 10
ChatterBot Sierra round 10
ChatterBot Bravo round 10
ChatterBot Whiskey round 10
ChatterBot Alpha round 10
2024-10-14 18:54:12.000671 November: Golf and Alpha, sending you 3
2024-10-14 18:54:12.003496 Romeo: Hotel, sending you 5
2024-10-14 18:54:12.004675 November: Charlie and Victor, sending you 4
2024-10-14 18:54:12.007716 Romeo: Bravo, sending you 1
2024-10-14 18:54:12.009411 Victor: Golf, sending you 4
2024-10-14 18:54:12.011005 November: Sierra, sending you 5
2024-10-14 18:54:12.012502 Bravo: Romeo, sending you 2
2024-10-14 18:54:12.014089 Whiskey: Romeo and Hotel, sending you 5
2024-10-14 18:54:12.014860 Romeo: Whiskey, sending you 3
2024-10-14 18:54:12.015587 Victor: Charlie, November and Alpha, sending you 3
2024-10-14 18:54:12.017336 Bravo: Hotel, sending you 9
2024-10-14 18:54:12.018716 Golf: Charlie, Victor and Alpha, sending you 4
2024-10-14 18:54:12.021413 Whiskey: Bravo, sending you 4
2024-10-14 18:54:12.022012 Hotel: Romeo and Bravo, sending you 6
2024-10-14 18:54:12.022663 Alpha: Golf and Sierra, sending you 4
2024-10-14 18:54:12.023896 Sierra: Golf, sending you 6
2024-10-14 18:54:12.024994 Victor: Sierra, sending you 2
2024-10-14 18:54:12.027404 Charlie: Golf and November, sending you 4
2024-10-14 18:54:12.028818 Bravo: Whiskey, sending you 5
2024-10-14 18:54:12.029491 Golf: November, sending you 3
2024-10-14 18:54:12.030622 Hotel: Whiskey, sending you 4
2024-10-14 18:54:12.031421 Alpha: Charlie, sending you 2
2024-10-14 18:54:12.033819 Sierra: Charlie, sending you 3
2024-10-14 18:54:12.035177 Charlie: Victor and Sierra, sending you 3
2024-10-14 18:54:12.036343 Golf: Sierra, sending you 5
2024-10-14 18:54:12.038688 Alpha: November and Victor, sending you 3
2024-10-14 18:54:12.040035 Sierra: November, sending you 5
2024-10-14 18:54:12.041388 Charlie: Alpha, sending you 2
2024-10-14 18:54:12.044280 Sierra: Victor, sending you 2
2024-10-14 18:54:12.049771 Sierra: Alpha, sending you 4
chatterbot Hotel submitting transactions
chatterbot Bravo submitting transactions
chatterbot Whiskey submitting transactions
chatterbot Golf submitting transactions
chatterbot November submitting transactions
chatterbot Romeo submitting transactions
chatterbot Charlie submitting transactions
chatterbot Victor submitting transactions
chatterbot Alpha submitting transactions
chatterbot Sierra submitting transactions
ChatterBot Golf round 11
ChatterBot Charlie round 11
ChatterBot Romeo round 11
ChatterBot November round 11
ChatterBot Hotel round 11
ChatterBot Victor round 11
ChatterBot Sierra round 11
ChatterBot Bravo round 11
ChatterBot Whiskey round 11
ChatterBot Alpha round 11
2024-10-14 18:54:13.280669 Charlie: Golf and November, sending you 4
2024-10-14 18:54:13.285663 Charlie: Victor and Sierra, sending you 3
2024-10-14 18:54:13.290443 November: Golf, Victor and Alpha, sending you 3
2024-10-14 18:54:13.291549 Golf: Charlie, Victor and Alpha, sending you 4
2024-10-14 18:54:13.292339 Charlie: Alpha, sending you 2
2024-10-14 18:54:13.293164 Bravo: Romeo, sending you 2
2024-10-14 18:54:13.293671 Sierra: Golf, sending you 6
2024-10-14 18:54:13.295663 November: Charlie, sending you 4
2024-10-14 18:54:13.296469 Golf: November, sending you 3
2024-10-14 18:54:13.298218 Whiskey: Romeo and Hotel, sending you 5
2024-10-14 18:54:13.298796 Bravo: Hotel, sending you 9
2024-10-14 18:54:13.299216 Romeo: Hotel, sending you 5
2024-10-14 18:54:13.299608 Sierra: Charlie, sending you 3
2024-10-14 18:54:13.300767 November: Sierra, sending you 6
2024-10-14 18:54:13.301580 Victor: Golf, sending you 4
2024-10-14 18:54:13.302555 Hotel: Romeo and Bravo, sending you 6
2024-10-14 18:54:13.303056 Alpha: Golf and Sierra, sending you 4
2024-10-14 18:54:13.303861 Golf: Sierra, sending you 5
2024-10-14 18:54:13.305154 Whiskey: Bravo, sending you 4
2024-10-14 18:54:13.305686 Bravo: Whiskey, sending you 5
2024-10-14 18:54:13.306126 Romeo: Bravo, sending you 1
2024-10-14 18:54:13.306512 Sierra: November, sending you 5
2024-10-14 18:54:13.307379 Victor: Charlie, November and Alpha, sending you 3
2024-10-14 18:54:13.308174 Hotel: Whiskey, sending you 4
2024-10-14 18:54:13.308790 Alpha: Charlie, sending you 2
2024-10-14 18:54:13.310683 Romeo: Whiskey, sending you 3
2024-10-14 18:54:13.311167 Sierra: Victor, sending you 2
2024-10-14 18:54:13.313 Victor: Sierra, sending you 2
2024-10-14 18:54:13.314152 Alpha: November and Victor, sending you 3
2024-10-14 18:54:13.315672 Sierra: Alpha, sending you 4
chatterbot Charlie submitting transactions
chatterbot Sierra submitting transactions
chatterbot Bravo submitting transactions
chatterbot Alpha submitting transactions
chatterbot Romeo submitting transactions
chatterbot Victor submitting transactions
chatterbot November submitting transactions
chatterbot Golf submitting transactions
chatterbot Hotel submitting transactions
chatterbot Whiskey submitting transactions
ChatterBot Golf round 12
ChatterBot Charlie round 12
ChatterBot Romeo round 12
ChatterBot November round 12
ChatterBot Hotel round 12
ChatterBot Victor round 12
ChatterBot Sierra round 12
ChatterBot Bravo round 12
ChatterBot Whiskey round 12
ChatterBot Alpha round 12
2024-10-14 18:54:14.529833 Victor: Golf, sending you 4
2024-10-14 18:54:14.531696 Sierra: Golf, sending you 6
2024-10-14 18:54:14.532794 Hotel: Romeo and Bravo, sending you 6
2024-10-14 18:54:14.535676 Victor: Charlie, November and Alpha, sending you 3
2024-10-14 18:54:14.536719 Hotel: Whiskey, sending you 4
2024-10-14 18:54:14.537211 Golf: Charlie, Victor and Alpha, sending you 4
2024-10-14 18:54:14.538953 Sierra: Charlie, sending you 3
2024-10-14 18:54:14.540122 Alpha: Golf and Sierra, sending you 4
2024-10-14 18:54:14.541039 Charlie: Golf and November, sending you 4
2024-10-14 18:54:14.541990 Romeo: Hotel, sending you 5
2024-10-14 18:54:14.542392 Bravo: Romeo, sending you 2
2024-10-14 18:54:14.542928 Whiskey: Romeo and Hotel, sending you 5
2024-10-14 18:54:14.543334 Victor: Sierra, sending you 2
2024-10-14 18:54:14.544311 Golf: November, sending you 3
2024-10-14 18:54:14.545674 November: Golf, Victor and Alpha, sending you 3
2024-10-14 18:54:14.546457 Sierra: November, sending you 5
2024-10-14 18:54:14.547401 Charlie: Victor and Sierra, sending you 3
2024-10-14 18:54:14.548725 Alpha: Charlie, sending you 2
2024-10-14 18:54:14.549932 Romeo: Bravo, sending you 1
2024-10-14 18:54:14.550317 Whiskey: Bravo, sending you 4
2024-10-14 18:54:14.550711 Bravo: Hotel, sending you 9
2024-10-14 18:54:14.551098 Golf: Sierra, sending you 5
2024-10-14 18:54:14.551998 November: Charlie, sending you 4
2024-10-14 18:54:14.552884 Sierra: Victor, sending you 2
2024-10-14 18:54:14.554604 Charlie: Alpha, sending you 2
2024-10-14 18:54:14.555653 Alpha: November and Victor, sending you 3
2024-10-14 18:54:14.557037 Romeo: Whiskey, sending you 3
2024-10-14 18:54:14.557542 Bravo: Whiskey, sending you 5
2024-10-14 18:54:14.558063 November: Sierra, sending you 6
2024-10-14 18:54:14.559013 Sierra: Alpha, sending you 4
chatterbot Golf submitting transactions
chatterbot Charlie submitting transactions
chatterbot Hotel submitting transactions
chatterbot Alpha submitting transactions
chatterbot Victor submitting transactions
chatterbot Bravo submitting transactions
chatterbot Sierra submitting transactions
chatterbot Whiskey submitting transactions
chatterbot Romeo submitting transactions
chatterbot November submitting transactions
ChatterBot Golf round 13
ChatterBot Charlie round 13
ChatterBot Romeo round 13
ChatterBot November round 13
ChatterBot Hotel round 13
ChatterBot Victor round 13
ChatterBot Sierra round 13
ChatterBot Bravo round 13
ChatterBot Whiskey round 13
ChatterBot Alpha round 13
2024-10-14 18:54:15.679670 November: Golf, Victor and Alpha, sending you 3
2024-10-14 18:54:15.684640 Golf: Charlie, Victor and Alpha, sending you 4
2024-10-14 18:54:15.686291 November: Charlie, sending you 4
2024-10-14 18:54:15.689671 Golf: November, sending you 2
2024-10-14 18:54:15.691655 November: Sierra, sending you 6
2024-10-14 18:54:15.693024 Victor: Sending you each 3
2024-10-14 18:54:15.695679 Golf: Sierra, sending you 6
2024-10-14 18:54:15.696689 Charlie: Golf and November, sending you 4
2024-10-14 18:54:15.697905 Hotel: Romeo and Bravo, sending you 6
2024-10-14 18:54:15.698382 Romeo: Hotel, sending you 5
2024-10-14 18:54:15.698799 Whiskey: Romeo and Hotel, sending you 5
2024-10-14 18:54:15.699678 Sierra: Golf, sending you 6
2024-10-14 18:54:15.700687 Charlie: Victor and Sierra, sending you 3
2024-10-14 18:54:15.702157 Hotel: Whiskey, sending you 4
2024-10-14 18:54:15.702823 Romeo: Bravo, sending you 1
2024-10-14 18:54:15.703965 Whiskey: Bravo, sending you 4
2024-10-14 18:54:15.704668 Alpha: Golf and Sierra, sending you 4
2024-10-14 18:54:15.705953 Sierra: Charlie, sending you 3
2024-10-14 18:54:15.707568 Charlie: Alpha, sending you 2
2024-10-14 18:54:15.708469 Bravo: Romeo, sending you 2
2024-10-14 18:54:15.708972 Romeo: Whiskey, sending you 3
2024-10-14 18:54:15.709672 Alpha: Charlie, sending you 2
2024-10-14 18:54:15.711395 Sierra: November, sending you 5
2024-10-14 18:54:15.713080 Bravo: Hotel, sending you 9
2024-10-14 18:54:15.715646 Alpha: November and Victor, sending you 3
2024-10-14 18:54:15.717656 Sierra: Victor, sending you 2
2024-10-14 18:54:15.718666 Bravo: Whiskey, sending you 5
2024-10-14 18:54:15.720665 Sierra: Alpha, sending you 4
chatterbot Hotel submitting transactions
chatterbot Charlie submitting transactions
chatterbot Romeo submitting transactions
chatterbot Sierra submitting transactions
chatterbot Golf submitting transactions
chatterbot Bravo submitting transactions
chatterbot November submitting transactions
chatterbot Whiskey submitting transactions
chatterbot Victor submitting transactions
chatterbot Alpha submitting transactions
ChatterBot Golf round 14
ChatterBot Charlie round 14
ChatterBot Romeo round 14
ChatterBot November round 14
ChatterBot Hotel round 14
ChatterBot Victor round 14
ChatterBot Sierra round 14
ChatterBot Bravo round 14
ChatterBot Whiskey round 14
ChatterBot Alpha round 14
2024-10-14 18:54:16.966713 Charlie: Golf and November, sending you 4
2024-10-14 18:54:16.968112 Golf: Charlie, Victor and Alpha, sending you 4
2024-10-14 18:54:16.969867 Romeo: Hotel, sending you 5
2024-10-14 18:54:16.970851 Charlie: Victor and Sierra, sending you 3
2024-10-14 18:54:16.975561 Golf: November, sending you 2
2024-10-14 18:54:16.976735 Victor: Golf, sending you 4
2024-10-14 18:54:16.978441 Romeo: Bravo, sending you 1
2024-10-14 18:54:16.979222 Charlie: Alpha, sending you 2
2024-10-14 18:54:16.980369 November: Charlie, Victor and Sierra, sending you 1
2024-10-14 18:54:16.984941 Victor: Charlie, November and Alpha, sending you 3
2024-10-14 18:54:16.986501 Golf: Sierra, sending you 6
2024-10-14 18:54:16.988149 Romeo: Whiskey, sending you 3
2024-10-14 18:54:16.988853 Hotel: Romeo and Bravo, sending you 6
2024-10-14 18:54:16.989444 Victor: Sierra, sending you 2
2024-10-14 18:54:16.991310 Bravo: Romeo, sending you 2
2024-10-14 18:54:16.994275 Sierra: Golf, sending you 6
2024-10-14 18:54:16.995926 Alpha: Golf and Sierra, sending you 4
2024-10-14 18:54:16.997736 Whiskey: Romeo and Hotel, sending you 5
2024-10-14 18:54:16.998298 Hotel: Whiskey, sending you 4
2024-10-14 18:54:16.999794 Bravo: Hotel, sending you 9
2024-10-14 18:54:17.000664 Sierra: Charlie, sending you 3
2024-10-14 18:54:17.005110 Alpha: Charlie, sending you 2
2024-10-14 18:54:17.006930 Whiskey: Bravo, sending you 4
2024-10-14 18:54:17.007472 Bravo: Whiskey, sending you 5
2024-10-14 18:54:17.008677 Sierra: November, sending you 5
2024-10-14 18:54:17.011698 Alpha: November and Victor, sending you 3
2024-10-14 18:54:17.016633 Sierra: Victor, sending you 2
2024-10-14 18:54:17.023664 Sierra: Alpha, sending you 4
chatterbot Charlie submitting transactions
chatterbot Whiskey submitting transactions
chatterbot Golf submitting transactions
chatterbot Victor submitting transactions
chatterbot Hotel submitting transactions
