ChatterBot Alpha round 1
ChatterBot Uniform round 1
ChatterBot Zulu round 1
ChatterBot Whiskey round 1
ChatterBot India round 1
ChatterBot Yankee round 1
ChatterBot Oscar round 1
ChatterBot Delta round 1
ChatterBot X-ray round 1
randomSelections Zulu: {Zulu, Uniform, Whiskey, Oscar, X-ray, Yankee} 
2024-10-14 18:54:00.529300 Zulu: Friends?
ChatterBot Uniform reevaluating
ChatterBot Whiskey reevaluating
ChatterBot Oscar reevaluating
ChatterBot X-ray reevaluating
ChatterBot Yankee reevaluating
2024-10-14 18:54:00.541124 Uniform: Yes
2024-10-14 18:54:00.542177 Whiskey: Yes
2024-10-14 18:54:00.542326 Oscar: Yes
2024-10-14 18:54:00.542467 X-ray: Yes
2024-10-14 18:54:00.542603 Yankee: Yes
ChatterBot Whiskey reevaluating
ChatterBot Oscar reevaluating
ChatterBot X-ray reevaluating
ChatterBot Yankee reevaluating
ChatterBot Uniform reevaluating
ChatterBot Oscar reevaluating
ChatterBot X-ray reevaluating
ChatterBot Yankee reevaluating
ChatterBot Uniform reevaluating
ChatterBot Whiskey reevaluating
ChatterBot X-ray reevaluating
ChatterBot Yankee reevaluating
ChatterBot Uniform reevaluating
ChatterBot Whiskey reevaluating
ChatterBot Oscar reevaluating
ChatterBot Yankee reevaluating
ChatterBot Uniform reevaluating
ChatterBot Whiskey reevaluating
ChatterBot Oscar reevaluating
ChatterBot X-ray reevaluating
ChatterBot November round 1
randomSelections Delta: {Delta, Uniform, November, Yankee, India} 
2024-10-14 18:54:00.600582 Delta: Let's form a team
ChatterBot Uniform reevaluating
ChatterBot November reevaluating
ChatterBot Yankee reevaluating
ChatterBot India reevaluating
2024-10-14 18:54:00.607592 Uniform: No
2024-10-14 18:54:00.607746 November: Yes
2024-10-14 18:54:00.607856 Yankee: No
2024-10-14 18:54:00.608434 India: Yes
ChatterBot November reevaluating
ChatterBot Yankee reevaluating
ChatterBot India reevaluating
ChatterBot Uniform reevaluating
ChatterBot Yankee reevaluating
ChatterBot India reevaluating
ChatterBot Uniform reevaluating
ChatterBot November reevaluating
ChatterBot India reevaluating
ChatterBot Uniform reevaluating
ChatterBot November reevaluating
ChatterBot Yankee reevaluating
randomSelections Alpha: {Alpha, Zulu, X-ray, November, Yankee, India} 
2024-10-14 18:54:00.633738 Alpha: Can we be friends?
ChatterBot X-ray reevaluating
ChatterBot November reevaluating
ChatterBot Yankee reevaluating
ChatterBot India reevaluating
2024-10-14 18:54:00.640464 Zulu: No
2024-10-14 18:54:00.640673 X-ray: No
2024-10-14 18:54:00.640812 November: No
2024-10-14 18:54:00.641568 Yankee: No
2024-10-14 18:54:00.641700 India: No
ChatterBot X-ray reevaluating
ChatterBot November reevaluating
ChatterBot Yankee reevaluating
ChatterBot India reevaluating
ChatterBot November reevaluating
ChatterBot Yankee reevaluating
ChatterBot India reevaluating
ChatterBot X-ray reevaluating
ChatterBot Yankee reevaluating
ChatterBot India reevaluating
ChatterBot X-ray reevaluating
ChatterBot November reevaluating
ChatterBot India reevaluating
ChatterBot X-ray reevaluating
ChatterBot November reevaluating
ChatterBot Yankee reevaluating
2024-10-14 18:54:00.699325 Uniform: Zulu, sending you 2
2024-10-14 18:54:00.702170 X-ray: Uniform, Whiskey and Yankee, sending you 2
2024-10-14 18:54:00.702768 India: Uniform and Delta, sending you 1
2024-10-14 18:54:00.721020 Uniform: Whiskey and Yankee, sending you 3
2024-10-14 18:54:00.721519 Zulu: Uniform, sending you 1
2024-10-14 18:54:00.722322 India: November, sending you 9
2024-10-14 18:54:00.722743 Yankee: Uniform and Zulu, sending you 1
2024-10-14 18:54:00.723099 X-ray: Zulu, sending you 6
2024-10-14 18:54:00.723871 Delta: Uniform, sending you 1
2024-10-14 18:54:00.728876 Uniform: Oscar and X-ray, sending you 4
2024-10-14 18:54:00.729713 Zulu: Whiskey and Oscar, sending you 2
2024-10-14 18:54:00.730050 Oscar: Uniform, sending you 2
2024-10-14 18:54:00.730372 Yankee: Whiskey, sending you 8
2024-10-14 18:54:00.730682 Alpha: Zulu and November, sending you 5
2024-10-14 18:54:00.731505 November: Uniform, sending you 3
2024-10-14 18:54:00.731795 Whiskey: Uniform and Yankee, sending you 1
2024-10-14 18:54:00.732129 X-ray: Oscar, sending you 3
2024-10-14 18:54:00.733037 Delta: India, sending you 2
2024-10-14 18:54:00.733483 Oscar: Zulu and Yankee, sending you 3
2024-10-14 18:54:00.733921 Alpha: India and X-ray, sending you 2
2024-10-14 18:54:00.734768 Zulu: Yankee, sending you 4
2024-10-14 18:54:00.735088 Yankee: Oscar and X-ray, sending you 3
2024-10-14 18:54:00.740830 November: India and Yankee, sending you 5
2024-10-14 18:54:00.741093 Oscar: Whiskey, sending you 6
2024-10-14 18:54:00.741349 Alpha: Yankee, sending you 3
2024-10-14 18:54:00.741575 Zulu: X-ray, sending you 8
2024-10-14 18:54:00.745288 November: Delta, sending you 1
2024-10-14 18:54:00.745636 Oscar: X-ray, sending you 1
chatterbot Delta submitting transactions
chatterbot Zulu submitting transactions
chatterbot Uniform submitting transactions
chatterbot Whiskey submitting transactions
chatterbot X-ray submitting transactions
chatterbot Oscar submitting transactions
chatterbot Alpha submitting transactions
chatterbot India submitting transactions
chatterbot Yankee submitting transactions
chatterbot November submitting transactions
ChatterBot Alpha round 2
ChatterBot Uniform round 2
ChatterBot Zulu round 2
ChatterBot Whiskey round 2
ChatterBot India round 2
ChatterBot Yankee round 2
ChatterBot Oscar round 2
ChatterBot Delta round 2
ChatterBot X-ray round 2
ChatterBot November round 2
2024-10-14 18:54:02.298099 Zulu: We should add Alpha
ChatterBot Uniform reevaluating
ChatterBot Whiskey reevaluating
ChatterBot Oscar reevaluating
ChatterBot X-ray reevaluating
ChatterBot Yankee reevaluating
2024-10-14 18:54:02.332568 Uniform: No
2024-10-14 18:54:02.332836 Whiskey: No
2024-10-14 18:54:02.332989 Oscar: No
2024-10-14 18:54:02.333606 X-ray: No
2024-10-14 18:54:02.333808 Yankee: Yes
ChatterBot Whiskey reevaluating
ChatterBot Oscar reevaluating
ChatterBot X-ray reevaluating
ChatterBot Yankee reevaluating
ChatterBot Uniform reevaluating
ChatterBot Oscar reevaluating
ChatterBot X-ray reevaluating
ChatterBot Yankee reevaluating
ChatterBot Uniform reevaluating
ChatterBot Whiskey reevaluating
ChatterBot X-ray reevaluating
ChatterBot Yankee reevaluating
ChatterBot Uniform reevaluating
ChatterBot Whiskey reevaluating
ChatterBot Oscar reevaluating
ChatterBot Yankee reevaluating
ChatterBot Uniform reevaluating
ChatterBot Whiskey reevaluating
ChatterBot Oscar reevaluating
ChatterBot X-ray reevaluating
2024-10-14 18:54:02.494712 Alpha: Group up?
ChatterBot Delta reevaluating
2024-10-14 18:54:02.499570 Delta: Yes
2024-10-14 18:54:02.504772 Delta: Can we be friends?
ChatterBot Alpha reevaluating
ChatterBot India reevaluating
ChatterBot November reevaluating
2024-10-14 18:54:02.518724 Alpha: Yes
2024-10-14 18:54:02.518879 India: Yes
2024-10-14 18:54:02.518999 November: Yes
ChatterBot Delta reevaluating
ChatterBot India reevaluating
ChatterBot November reevaluating
ChatterBot Delta reevaluating
ChatterBot Alpha reevaluating
ChatterBot November reevaluating
ChatterBot Delta reevaluating
ChatterBot Alpha reevaluating
ChatterBot India reevaluating
2024-10-14 18:54:02.565983 India: We should group up
ChatterBot Delta reevaluating
ChatterBot Alpha reevaluating
ChatterBot November reevaluating
2024-10-14 18:54:02.589629 Delta: Yes
2024-10-14 18:54:02.589842 Alpha: Yes
2024-10-14 18:54:02.590361 November: Yes
ChatterBot Alpha reevaluating
ChatterBot India reevaluating
ChatterBot November reevaluating
ChatterBot Delta reevaluating
ChatterBot India reevaluating
ChatterBot November reevaluating
ChatterBot Delta reevaluating
ChatterBot Alpha reevaluating
ChatterBot India reevaluating
2024-10-14 18:54:02.673192 Oscar: We should add Delta
ChatterBot Uniform reevaluating
ChatterBot Whiskey reevaluating
ChatterBot X-ray reevaluating
ChatterBot Yankee reevaluating
2024-10-14 18:54:02.706843 Zulu: No
2024-10-14 18:54:02.706993 Uniform: No
2024-10-14 18:54:02.707104 Whiskey: No
2024-10-14 18:54:02.707202 X-ray: No
2024-10-14 18:54:02.707311 Yankee: No
ChatterBot Uniform reevaluating
ChatterBot Whiskey reevaluating
ChatterBot Oscar reevaluating
ChatterBot X-ray reevaluating
ChatterBot Yankee reevaluating
ChatterBot Whiskey reevaluating
ChatterBot Oscar reevaluating
ChatterBot X-ray reevaluating
ChatterBot Yankee reevaluating
ChatterBot Uniform reevaluating
ChatterBot Oscar reevaluating
ChatterBot X-ray reevaluating
ChatterBot Yankee reevaluating
ChatterBot Uniform reevaluating
ChatterBot Whiskey reevaluating
ChatterBot Oscar reevaluating
ChatterBot Yankee reevaluating
ChatterBot Uniform reevaluating
ChatterBot Whiskey reevaluating
ChatterBot Oscar reevaluating
ChatterBot X-ray reevaluating
2024-10-14 18:54:02.960194 Zulu: Alpha we want you to join our group
ChatterBot Alpha reevaluating
2024-10-14 18:54:02.967122 Alpha: No
ChatterBot Uniform reevaluating
ChatterBot Whiskey reevaluating
ChatterBot Yankee reevaluating
ChatterBot Oscar reevaluating
ChatterBot X-ray reevaluating
2024-10-14 18:54:03.086132 X-ray: We should drop Whiskey
ChatterBot Oscar reevaluating
2024-10-14 18:54:03.110589 Uniform: No
2024-10-14 18:54:03.110838 Yankee: No
2024-10-14 18:54:03.111018 Oscar: No
2024-10-14 18:54:03.111138 Zulu: No
ChatterBot X-ray reevaluating
ChatterBot Oscar reevaluating
ChatterBot X-ray reevaluating
ChatterBot Oscar reevaluating
ChatterBot X-ray reevaluating
ChatterBot X-ray reevaluating
ChatterBot Oscar reevaluating
2024-10-14 18:54:03.218999 Delta: Alpha, sending you 3
2024-10-14 18:54:03.219882 November: Alpha, sending you 4
2024-10-14 18:54:03.220221 India: Alpha and Delta, sending you 5
2024-10-14 18:54:03.220475 Alpha: India, sending you 7
2024-10-14 18:54:03.220757 Zulu: Alpha, sending you 6
2024-10-14 18:54:03.236297 Delta: India and November, sending you 6
2024-10-14 18:54:03.236605 November: India, sending you 5
2024-10-14 18:54:03.236851 India: November, sending you 7
2024-10-14 18:54:03.237492 Zulu: Uniform, sending you 2
2024-10-14 18:54:03.237806 Uniform: Zulu, Whiskey and Yankee, sending you 2
2024-10-14 18:54:03.238152 Alpha: Delta and November, sending you 6
2024-10-14 18:54:03.238378 Whiskey: Uniform, Zulu and X-ray, sending you 2
2024-10-14 18:54:03.239220 Yankee: Alpha, Uniform, Oscar and X-ray, sending you 2
chatterbot India submitting transactions
2024-10-14 18:54:03.239697 November: Delta, sending you 2
2024-10-14 18:54:03.246427 Zulu: Yankee, sending you 1
2024-10-14 18:54:03.247256 Uniform: Oscar and X-ray, sending you 5
2024-10-14 18:54:03.247559 Yankee: Zulu, sending you 3
2024-10-14 18:54:03.247880 Whiskey: Yankee, sending you 6
2024-10-14 18:54:03.248203 X-ray: Uniform and Yankee, sending you 3
2024-10-14 18:54:03.249124 Oscar: Uniform, sending you 5
2024-10-14 18:54:03.255165 Yankee: Whiskey, sending you 1
2024-10-14 18:54:03.256243 Zulu: Oscar, sending you 3
2024-10-14 18:54:03.256787 X-ray: Zulu, sending you 5
2024-10-14 18:54:03.257977 Oscar: Zulu, sending you 2
2024-10-14 18:54:03.258600 Whiskey: Oscar, sending you 4
chatterbot November submitting transactions
2024-10-14 18:54:03.259876 Zulu: X-ray, sending you 7
2024-10-14 18:54:03.272962 Yankee: November, sending you 5
2024-10-14 18:54:03.273499 X-ray: Whiskey and Oscar, sending you 2
chatterbot Alpha submitting transactions
2024-10-14 18:54:03.274052 Oscar: Yankee and X-ray, sending you 4
chatterbot Uniform submitting transactions
chatterbot Delta submitting transactions
chatterbot Yankee submitting transactions
chatterbot Whiskey submitting transactions
chatterbot Zulu submitting transactions
chatterbot X-ray submitting transactions
chatterbot Oscar submitting transactions
ChatterBot Alpha round 3
ChatterBot Uniform round 3
ChatterBot Zulu round 3
ChatterBot Whiskey round 3
ChatterBot India round 3
ChatterBot Yankee round 3
ChatterBot Oscar round 3
ChatterBot Delta round 3
ChatterBot X-ray round 3
ChatterBot November round 3
2024-10-14 18:54:04.494343 Zulu: We should drop Alpha
ChatterBot X-ray reevaluating
ChatterBot Yankee reevaluating
2024-10-14 18:54:04.521170 Uniform: Yes
2024-10-14 18:54:04.521436 Whiskey: Yes
2024-10-14 18:54:04.521691 Oscar: Yes
2024-10-14 18:54:04.521936 X-ray: Yes
2024-10-14 18:54:04.522171 Yankee: Yes
ChatterBot X-ray reevaluating
ChatterBot Yankee reevaluating
ChatterBot X-ray reevaluating
ChatterBot Yankee reevaluating
ChatterBot X-ray reevaluating
ChatterBot Yankee reevaluating
ChatterBot Yankee reevaluating
ChatterBot X-ray reevaluating
2024-10-14 18:54:04.679070 Uniform: Zulu, sending you 1
2024-10-14 18:54:04.679809 Alpha: India, sending you 7
2024-10-14 18:54:04.683660 India: Alpha, sending you 5
2024-10-14 18:54:04.685043 Uniform: Whiskey and Yankee, sending you 3
2024-10-14 18:54:04.685661 Alpha: Delta and November, sending you 6
2024-10-14 18:54:04.685963 Delta: Alpha, sending you 5
2024-10-14 18:54:04.686211 Yankee: Uniform and X-ray, sending you 3
2024-10-14 18:54:04.687672 India: Delta and November, sending you 6
2024-10-14 18:54:04.689120 Whiskey: Uniform, Oscar and X-ray, sending you 3
2024-10-14 18:54:04.689904 Delta: India, sending you 6
2024-10-14 18:54:04.690315 Yankee: Zulu, sending you 2
2024-10-14 18:54:04.691326 Uniform: Oscar, sending you 5
2024-10-14 18:54:04.691922 Oscar: Uniform, sending you 4
2024-10-14 18:54:04.693119 Delta: November, sending you 4
2024-10-14 18:54:04.695048 Whiskey: Zulu, sending you 2
2024-10-14 18:54:04.695667 Yankee: Whiskey, sending you 5
2024-10-14 18:54:04.696159 Uniform: X-ray, sending you 4
2024-10-14 18:54:04.697040 Oscar: Zulu, Whiskey and Yankee, sending you 3
2024-10-14 18:54:04.697656 X-ray: Uniform, Yankee and Oscar, sending you 3
2024-10-14 18:54:04.698362 Zulu: Uniform, Yankee and Oscar, sending you 3
2024-10-14 18:54:04.699439 November: Alpha, sending you 4
2024-10-14 18:54:04.699817 Whiskey: Yankee, sending you 5
2024-10-14 18:54:04.700333 Yankee: Oscar, sending you 4
2024-10-14 18:54:04.701650 X-ray: Zulu, sending you 4
2024-10-14 18:54:04.702671 Oscar: X-ray, sending you 2
2024-10-14 18:54:04.703588 Zulu: Whiskey, sending you 2
2024-10-14 18:54:04.703988 November: India, sending you 5
2024-10-14 18:54:04.705682 X-ray: Whiskey, sending you 2
2024-10-14 18:54:04.706697 November: Delta, sending you 3
2024-10-14 18:54:04.707829 Zulu: X-ray, sending you 8
chatterbot Zulu submitting transactions
chatterbot November submitting transactions
chatterbot India submitting transactions
chatterbot Alpha submitting transactions
chatterbot Yankee submitting transactions
chatterbot X-ray submitting transactions
chatterbot Oscar submitting transactions
chatterbot Whiskey submitting transactions
chatterbot Uniform submitting transactions
chatterbot Delta submitting transactions
ChatterBot Alpha round 4
ChatterBot Uniform round 4
ChatterBot Zulu round 4
ChatterBot Whiskey round 4
ChatterBot India round 4
ChatterBot Yankee round 4
ChatterBot Oscar round 4
ChatterBot Delta round 4
ChatterBot X-ray round 4
ChatterBot November round 4
2024-10-14 18:54:05.857679 Whiskey: Uniform, Oscar and X-ray, sending you 3
2024-10-14 18:54:05.858948 Zulu: Uniform, sending you 2
2024-10-14 18:54:05.859388 India: Alpha and November, sending you 6
2024-10-14 18:54:05.860344 Uniform: Zulu, Whiskey, Yankee and X-ray, sending you 3
2024-10-14 18:54:05.862159 Whiskey: Zulu, sending you 2
2024-10-14 18:54:05.863099 Zulu: Whiskey and Yankee, sending you 3
2024-10-14 18:54:05.864457 Alpha: India, sending you 7
2024-10-14 18:54:05.864874 Delta: Alpha, sending you 5
2024-10-14 18:54:05.865265 India: Delta, sending you 5
2024-10-14 18:54:05.865572 Uniform: Oscar, sending you 4
2024-10-14 18:54:05.866637 Whiskey: Yankee, sending you 5
2024-10-14 18:54:05.867135 Zulu: Oscar, sending you 4
2024-10-14 18:54:05.867669 Alpha: Delta and November, sending you 6
2024-10-14 18:54:05.868496 Delta: India, sending you 6
2024-10-14 18:54:05.870129 Oscar: Uniform, sending you 4
2024-10-14 18:54:05.871677 X-ray: Uniform, Yankee and Oscar, sending you 3
2024-10-14 18:54:05.872793 Zulu: X-ray, sending you 7
2024-10-14 18:54:05.873608 Delta: November, sending you 4
2024-10-14 18:54:05.874687 Yankee: Uniform, Zulu, Oscar and X-ray, sending you 3
2024-10-14 18:54:05.875523 Oscar: Zulu, sending you 2
2024-10-14 18:54:05.876675 November: Alpha and Delta, sending you 4
2024-10-14 18:54:05.877664 X-ray: Zulu, sending you 4
2024-10-14 18:54:05.879688 Yankee: Whiskey, sending you 5
2024-10-14 18:54:05.881072 Oscar: Whiskey, Yankee and X-ray, sending you 3
2024-10-14 18:54:05.881733 November: India, sending you 5
2024-10-14 18:54:05.884028 X-ray: Whiskey, sending you 2
chatterbot Zulu submitting transactions
chatterbot Yankee submitting transactions
chatterbot Oscar submitting transactions
chatterbot Whiskey submitting transactions
chatterbot Uniform submitting transactions
chatterbot Delta submitting transactions
chatterbot X-ray submitting transactions
chatterbot Alpha submitting transactions
chatterbot November submitting transactions
chatterbot India submitting transactions
ChatterBot Alpha round 5
ChatterBot Uniform round 5
ChatterBot Zulu round 5
ChatterBot Whiskey round 5
ChatterBot India round 5
ChatterBot Yankee round 5
ChatterBot Oscar round 5
ChatterBot Delta round 5
ChatterBot X-ray round 5
ChatterBot November round 5
2024-10-14 18:54:07.051659 Alpha: India, sending you 7
2024-10-14 18:54:07.055698 Alpha: Delta and November, sending you 6
2024-10-14 18:54:07.058330 November: Alpha and Delta, sending you 4
2024-10-14 18:54:07.058754 Zulu: Uniform, Whiskey and Oscar, sending you 3
2024-10-14 18:54:07.062665 Whiskey: Uniform, Oscar and X-ray, sending you 3
2024-10-14 18:54:07.063390 November: India, sending you 5
2024-10-14 18:54:07.063746 Zulu: Yankee, sending you 4
2024-10-14 18:54:07.064350 Oscar: Uniform, sending you 4
2024-10-14 18:54:07.064966 Uniform: Zulu, sending you 2
2024-10-14 18:54:07.066121 Yankee: Uniform, Zulu, Oscar and X-ray, sending you 3
2024-10-14 18:54:07.066740 Zulu: X-ray, sending you 6
2024-10-14 18:54:07.067691 Delta: Sending you each 5
2024-10-14 18:54:07.068505 Whiskey: Zulu, sending you 2
2024-10-14 18:54:07.068966 India: Alpha and November, sending you 6
2024-10-14 18:54:07.069672 Oscar: Zulu, Yankee and X-ray, sending you 3
2024-10-14 18:54:07.070675 Uniform: Whiskey, Yankee and X-ray, sending you 3
2024-10-14 18:54:07.071789 Yankee: Whiskey, sending you 5
2024-10-14 18:54:07.072208 X-ray: Uniform, Yankee and Oscar, sending you 3
2024-10-14 18:54:07.072696 India: Delta, sending you 5
2024-10-14 18:54:07.073099 Whiskey: Yankee, sending you 5
2024-10-14 18:54:07.074030 Oscar: Whiskey, sending you 2
2024-10-14 18:54:07.076897 Uniform: Oscar, sending you 5
2024-10-14 18:54:07.077630 X-ray: Zulu, sending you 4
2024-10-14 18:54:07.080675 X-ray: Whiskey, sending you 2
chatterbot Yankee submitting transactions
chatterbot Uniform submitting transactions
chatterbot Delta submitting transactions
chatterbot Whiskey submitting transactions
chatterbot India submitting transactions
chatterbot Oscar submitting transactions
chatterbot Zulu submitting transactions
chatterbot Alpha submitting transactions
chatterbot X-ray submitting transactions
chatterbot November submitting transactions
ChatterBot Alpha round 6
ChatterBot Uniform round 6
ChatterBot Zulu round 6
ChatterBot Whiskey round 6
ChatterBot India round 6
ChatterBot Yankee round 6
ChatterBot Oscar round 6
ChatterBot Delta round 6
ChatterBot X-ray round 6
ChatterBot November round 6
2024-10-14 18:54:08.209678 Whiskey: Uniform, Oscar and X-ray, sending you 3
2024-10-14 18:54:08.211204 India: Alpha and November, sending you 6
2024-10-14 18:54:08.211718 Uniform: Zulu, sending you 2
2024-10-14 18:54:08.212306 Zulu: Uniform, sending you 3
2024-10-14 18:54:08.214689 Whiskey: Zulu, sending you 2
2024-10-14 18:54:08.216177 India: Delta, sending you 5
2024-10-14 18:54:08.216661 Uniform: Whiskey, Yankee and X-ray, sending you 3
2024-10-14 18:54:08.217441 Zulu: Whiskey, sending you 2
2024-10-14 18:54:08.218703 Yankee: Uniform, Zulu, Oscar and X-ray, sending you 3
2024-10-14 18:54:08.219555 Oscar: Uniform, sending you 4
2024-10-14 18:54:08.220688 Whiskey: Yankee, sending you 5
2024-10-14 18:54:08.222249 Uniform: Oscar, sending you 5
2024-10-14 18:54:08.222997 Zulu: Yankee and Oscar, sending you 4
2024-10-14 18:54:08.224066 X-ray: Uniform, Yankee and Oscar, sending you 3
2024-10-14 18:54:08.224524 Delta: Same as last round
2024-10-14 18:54:08.224877 Yankee: Whiskey, sending you 5
2024-10-14 18:54:08.225492 Oscar: Zulu, sending you 2
2024-10-14 18:54:08.226534 Alpha: India, sending you 7
2024-10-14 18:54:08.226846 November: Alpha and Delta, sending you 4
2024-10-14 18:54:08.227243 X-ray: Zulu, sending you 4
2024-10-14 18:54:08.228667 Zulu: X-ray, sending you 6
2024-10-14 18:54:08.229301 Oscar: Whiskey, Yankee and X-ray, sending you 3
2024-10-14 18:54:08.229973 Alpha: Delta and November, sending you 6
2024-10-14 18:54:08.230691 X-ray: Whiskey, sending you 2
2024-10-14 18:54:08.231665 November: India, sending you 5
chatterbot Yankee submitting transactions
chatterbot Delta submitting transactions
chatterbot Zulu submitting transactions
chatterbot Oscar submitting transactions
chatterbot X-ray submitting transactions
chatterbot Alpha submitting transactions
chatterbot November submitting transactions
chatterbot India submitting transactions
chatterbot Whiskey submitting transactions
chatterbot Uniform submitting transactions
ChatterBot Alpha round 7
ChatterBot Uniform round 7
ChatterBot Zulu round 7
ChatterBot Whiskey round 7
ChatterBot India round 7
ChatterBot Yankee round 7
ChatterBot Oscar round 7
ChatterBot Delta round 7
ChatterBot X-ray round 7
ChatterBot November round 7
2024-10-14 18:54:09.577523 Yankee: Uniform, Zulu, Oscar and X-ray, sending you 3
2024-10-14 18:54:09.579777 Whiskey: Uniform, Oscar and X-ray, sending you 3
2024-10-14 18:54:09.581465 Delta: Same as last round
2024-10-14 18:54:09.582571 Uniform: Zulu, Whiskey, Yankee and X-ray, sending you 3
2024-10-14 18:54:09.583837 India: Alpha and November, sending you 6
2024-10-14 18:54:09.585059 Oscar: Uniform, sending you 4
2024-10-14 18:54:09.586592 Alpha: India, sending you 7
2024-10-14 18:54:09.587213 Zulu: Uniform, Whiskey and Oscar, sending you 3
2024-10-14 18:54:09.588634 Yankee: Whiskey, sending you 5
2024-10-14 18:54:09.590476 Whiskey: Zulu, sending you 2
2024-10-14 18:54:09.592184 Uniform: Oscar, sending you 4
2024-10-14 18:54:09.593514 India: Delta, sending you 5
2024-10-14 18:54:09.594734 Oscar: Zulu, Yankee and X-ray, sending you 3
2024-10-14 18:54:09.596181 Zulu: Yankee, sending you 4
2024-10-14 18:54:09.597266 November: Alpha and Delta, sending you 4
2024-10-14 18:54:09.598416 Alpha: Delta and November, sending you 6
2024-10-14 18:54:09.599238 X-ray: Sending you each 3
2024-10-14 18:54:09.600995 Whiskey: Yankee, sending you 5
2024-10-14 18:54:09.602578 Oscar: Whiskey, sending you 2
2024-10-14 18:54:09.604215 Zulu: X-ray, sending you 6
2024-10-14 18:54:09.605170 November: India, sending you 5
chatterbot Zulu submitting transactions
chatterbot Delta submitting transactions
chatterbot Uniform submitting transactions
chatterbot X-ray submitting transactions
chatterbot Oscar submitting transactions
chatterbot Whiskey submitting transactions
chatterbot Yankee submitting transactions
chatterbot Alpha submitting transactions
chatterbot India submitting transactions
chatterbot November submitting transactions
ChatterBot Alpha round 8
ChatterBot Uniform round 8
ChatterBot Zulu round 8
ChatterBot Whiskey round 8
ChatterBot India round 8
ChatterBot Yankee round 8
ChatterBot Oscar round 8
ChatterBot Delta round 8
ChatterBot X-ray round 8
ChatterBot November round 8
2024-10-14 18:54:10.884676 Zulu: Uniform, sending you 3
2024-10-14 18:54:10.886427 Whiskey: Uniform, Oscar and X-ray, sending you 3
2024-10-14 18:54:10.888679 India: Alpha and November, sending you 6
2024-10-14 18:54:10.889719 Uniform: Zulu, Whiskey, Yankee and X-ray, sending you 3
2024-10-14 18:54:10.891149 Zulu: Whiskey, sending you 2
2024-10-14 18:54:10.891895 Whiskey: Zulu, sending you 2
2024-10-14 18:54:10.892719 Oscar: Uniform, sending you 4
2024-10-14 18:54:10.894190 Alpha: India, sending you 7
2024-10-14 18:54:10.894623 India: Delta, sending you 5
2024-10-14 18:54:10.895052 Uniform: Oscar, sending you 4
2024-10-14 18:54:10.896004 Zulu: Yankee and Oscar, sending you 4
2024-10-14 18:54:10.897506 Yankee: Uniform, Zulu, Oscar and X-ray, sending you 3
2024-10-14 18:54:10.898576 Whiskey: Yankee, sending you 5
2024-10-14 18:54:10.899922 Delta: Same as last round
2024-10-14 18:54:10.900346 Oscar: Zulu, sending you 2
2024-10-14 18:54:10.901121 Alpha: Delta and November, sending you 6
2024-10-14 18:54:10.902147 X-ray: Same as last round
2024-10-14 18:54:10.903269 Zulu: X-ray, sending you 6
2024-10-14 18:54:10.904703 Yankee: Whiskey, sending you 5
2024-10-14 18:54:10.905706 Oscar: Whiskey, Yankee and X-ray, sending you 3
2024-10-14 18:54:10.909695 November: Alpha and Delta, sending you 4
2024-10-14 18:54:10.914662 November: India, sending you 5
chatterbot November submitting transactions
chatterbot Oscar submitting transactions
chatterbot Uniform submitting transactions
chatterbot Delta submitting transactions
chatterbot Zulu submitting transactions
chatterbot X-ray submitting transactions
chatterbot Whiskey submitting transactions
chatterbot India submitting transactions
chatterbot Alpha submitting transactions
chatterbot Yankee submitting transactions
ChatterBot Alpha round 9
ChatterBot Uniform round 9
ChatterBot Zulu round 9
ChatterBot Whiskey round 9
ChatterBot India round 9
ChatterBot Yankee round 9
ChatterBot Oscar round 9
ChatterBot Delta round 9
ChatterBot X-ray round 9
ChatterBot November round 9
2024-10-14 18:54:11.756699 Uniform: Zulu, Whiskey, Yankee and X-ray, sending you 3
2024-10-14 18:54:11.758432 India: Alpha and November, sending you 6
2024-10-14 18:54:11.759295 Alpha: India, sending you 7
2024-10-14 18:54:11.761704 Uniform: Oscar, sending you 4
2024-10-14 18:54:11.762759 India: Delta, sending you 5
2024-10-14 18:54:11.763680 Alpha: Delta and November, sending you 6
2024-10-14 18:54:11.764252 Zulu: Uniform and Whiskey, sending you 3
2024-10-14 18:54:11.765717 Whiskey: Uniform, Oscar and X-ray, sending you 3
2024-10-14 18:54:11.767680 Zulu: Yankee and Oscar, sending you 4
2024-10-14 18:54:11.769818 Delta: Same as last round
2024-10-14 18:54:11.770344 Whiskey: Zulu, sending you 2
2024-10-14 18:54:11.771273 Oscar: Uniform, sending you 4
2024-10-14 18:54:11.772692 X-ray: Same as last round
2024-10-14 18:54:11.773658 November: Alpha and Delta, sending you 4
2024-10-14 18:54:11.774688 Zulu: X-ray, sending you 5
2024-10-14 18:54:11.775711 Yankee: Uniform, Zulu, Oscar and X-ray, sending you 3
2024-10-14 18:54:11.777474 Whiskey: Yankee, sending you 5
2024-10-14 18:54:11.778492 Oscar: Zulu, Yankee and X-ray, sending you 3
2024-10-14 18:54:11.779504 November: India, sending you 5
2024-10-14 18:54:11.780068 Yankee: Whiskey, sending you 5
2024-10-14 18:54:11.784563 Oscar: Whiskey, sending you 2
chatterbot November submitting transactions
chatterbot Alpha submitting transactions
chatterbot X-ray submitting transactions
chatterbot Uniform submitting transactions
chatterbot Zulu submitting transactions
chatterbot Oscar submitting transactions
chatterbot Yankee submitting transactions
chatterbot India submitting transactions
chatterbot Delta submitting transactions
chatterbot Whiskey submitting transactions
ChatterBot Alpha round 10
ChatterBot Uniform round 10
ChatterBot Zulu round 10
ChatterBot Whiskey round 10
ChatterBot India round 10
ChatterBot Yankee round 10
ChatterBot Oscar round 10
ChatterBot Delta round 10
ChatterBot X-ray round 10
ChatterBot November round 10
2024-10-14 18:54:12.781700 Zulu: Uniform, Yankee and Oscar, sending you 4
2024-10-14 18:54:12.782706 India: Alpha and November, sending you 6
2024-10-14 18:54:12.785683 Zulu: Whiskey, sending you 2
2024-10-14 18:54:12.786541 India: Delta, sending you 5
2024-10-14 18:54:12.787684 Delta: Same as last round
2024-10-14 18:54:12.789711 Zulu: X-ray, sending you 5
2024-10-14 18:54:12.791745 Yankee: Uniform, Zulu, Oscar and X-ray, sending you 3
2024-10-14 18:54:12.792662 Uniform: Zulu, Whiskey, Yankee and X-ray, sending you 3
2024-10-14 18:54:12.793676 Whiskey: Uniform, Oscar and X-ray, sending you 3
2024-10-14 18:54:12.794678 Oscar: Uniform, sending you 4
2024-10-14 18:54:12.795684 Uniform: Oscar, sending you 4
2024-10-14 18:54:12.796683 Yankee: Whiskey, sending you 5
2024-10-14 18:54:12.797365 Alpha: India, sending you 7
2024-10-14 18:54:12.797720 Whiskey: Zulu, sending you 2
2024-10-14 18:54:12.798705 Oscar: Zulu, Yankee and X-ray, sending you 3
2024-10-14 18:54:12.800672 Alpha: Delta and November, sending you 6
2024-10-14 18:54:12.801711 November: Alpha and Delta, sending you 4
2024-10-14 18:54:12.802313 Oscar: Whiskey, sending you 2
2024-10-14 18:54:12.803484 Whiskey: Yankee, sending you 5
2024-10-14 18:54:12.805676 November: India, sending you 5
chatterbot Alpha submitting transactions
chatterbot X-ray submitting transactions
chatterbot India submitting transactions
chatterbot Zulu submitting transactions
chatterbot Yankee submitting transactions
chatterbot November submitting transactions
chatterbot Delta submitting transactions
chatterbot Uniform submitting transactions
chatterbot Oscar submitting transactions
chatterbot Whiskey submitting transactions
ChatterBot Alpha round 11
ChatterBot Uniform round 11
ChatterBot Zulu round 11
ChatterBot Whiskey round 11
ChatterBot India round 11
ChatterBot Yankee round 11
ChatterBot Oscar round 11
ChatterBot Delta round 11
2024-10-14 18:54:13.902418 India: We should add Uniform
2024-10-14 18:54:13.909800 Delta: No
2024-10-14 18:54:13.909964 Alpha: No
2024-10-14 18:54:13.910092 November: No
ChatterBot India reevaluating
ChatterBot India reevaluating
ChatterBot India reevaluating
ChatterBot X-ray round 11
ChatterBot November round 11
2024-10-14 18:54:13.953677 Alpha: I was attacked by X-ray
ChatterBot India reevaluating
2024-10-14 18:54:13.967600 Alpha: I'm keeping this round to protect myself
2024-10-14 18:54:13.968526 Alpha: Ow
2024-10-14 18:54:13.969056 India: We should add Yankee
2024-10-14 18:54:13.982119 Delta: No
2024-10-14 18:54:13.982377 Alpha: No
2024-10-14 18:54:13.982562 November: No
ChatterBot India reevaluating
ChatterBot India reevaluating
ChatterBot India reevaluating
2024-10-14 18:54:14.011871 Uniform: Zulu, Whiskey, Yankee and X-ray, sending you 3
2024-10-14 18:54:14.015672 Yankee: Uniform, Zulu, Oscar and X-ray, sending you 3
2024-10-14 18:54:14.016580 Uniform: Oscar, sending you 4
2024-10-14 18:54:14.017476 Delta: Same as last round
2024-10-14 18:54:14.018254 Oscar: Uniform, sending you 4
2024-10-14 18:54:14.018985 Zulu: Uniform, Yankee, Oscar and X-ray, sending you 4
2024-10-14 18:54:14.019744 Whiskey: Uniform, Oscar and X-ray, sending you 3
2024-10-14 18:54:14.020428 X-ray: Sending you each 3
2024-10-14 18:54:14.021166 Yankee: Whiskey, sending you 5
2024-10-14 18:54:14.022660 Zulu: Whiskey, sending you 3
2024-10-14 18:54:14.023659 Oscar: Zulu, Whiskey and Yankee, sending you 3
2024-10-14 18:54:14.024660 Whiskey: Zulu, sending you 2
2024-10-14 18:54:14.026679 Oscar: X-ray, sending you 2
2024-10-14 18:54:14.029691 Whiskey: Yankee, sending you 5
2024-10-14 18:54:14.031678 November: Alpha, sending you 3
2024-10-14 18:54:14.033668 India: Alpha and November, sending you 6
2024-10-14 18:54:14.034986 November: India and Delta, sending you 5
2024-10-14 18:54:14.038682 India: Delta, sending you 5
chatterbot Oscar submitting transactions
chatterbot November submitting transactions
chatterbot India submitting transactions
chatterbot X-ray submitting transactions
chatterbot Delta submitting transactions
chatterbot Zulu submitting transactions
chatterbot Whiskey submitting transactions
chatterbot Alpha submitting transactions
chatterbot Uniform submitting transactions
chatterbot Yankee submitting transactions
ChatterBot Alpha round 12
ChatterBot Uniform round 12
ChatterBot Zulu round 12
ChatterBot Whiskey round 12
ChatterBot India round 12
ChatterBot Yankee round 12
ChatterBot Oscar round 12
ChatterBot Delta round 12
ChatterBot X-ray round 12
ChatterBot November round 12
2024-10-14 18:54:15.165697 Yankee: We should add India
2024-10-14 18:54:15.180827 Zulu: No
2024-10-14 18:54:15.181062 Uniform: No
2024-10-14 18:54:15.181249 Whiskey: No
2024-10-14 18:54:15.181417 Oscar: No
2024-10-14 18:54:15.181572 X-ray: No
ChatterBot Yankee reevaluating
ChatterBot Yankee reevaluating
ChatterBot Yankee reevaluating
ChatterBot Yankee reevaluating
ChatterBot Yankee reevaluating
2024-10-14 18:54:15.254955 Zulu: Uniform, Yankee and Oscar, sending you 4
2024-10-14 18:54:15.256049 Whiskey: Uniform, Oscar and X-ray, sending you 3
2024-10-14 18:54:15.258674 Zulu: Whiskey, sending you 2
2024-10-14 18:54:15.260727 Whiskey: Zulu, sending you 2
2024-10-14 18:54:15.262115 Uniform: Zulu, Whiskey, Yankee and X-ray, sending you 3
2024-10-14 18:54:15.264663 Zulu: X-ray, sending you 5
2024-10-14 18:54:15.266045 Whiskey: Yankee, sending you 5
2024-10-14 18:54:15.267196 Uniform: Oscar, sending you 4
2024-10-14 18:54:15.269673 Alpha: India and Delta, sending you 4
2024-10-14 18:54:15.270209 Oscar: Uniform, sending you 4
2024-10-14 18:54:15.271374 Yankee: Uniform, Zulu, Oscar and X-ray, sending you 3
2024-10-14 18:54:15.272672 India: Alpha, sending you 5
2024-10-14 18:54:15.273694 Alpha: November, sending you 3
2024-10-14 18:54:15.275837 Yankee: Whiskey, sending you 5
2024-10-14 18:54:15.276670 Oscar: Zulu, Yankee and X-ray, sending you 3
2024-10-14 18:54:15.277425 India: Delta and November, sending you 6
2024-10-14 18:54:15.277876 Delta: Same as last round
2024-10-14 18:54:15.279954 Oscar: Whiskey, sending you 2
2024-10-14 18:54:15.281085 X-ray: Same as last round
2024-10-14 18:54:15.281862 November: Alpha, sending you 4
2024-10-14 18:54:15.284680 November: India and Delta, sending you 5
chatterbot Uniform submitting transactions
chatterbot Zulu submitting transactions
chatterbot Oscar submitting transactions
chatterbot India submitting transactions
chatterbot X-ray submitting transactions
chatterbot Yankee submitting transactions
chatterbot Whiskey submitting transactions
chatterbot Alpha submitting transactions
chatterbot November submitting transactions
chatterbot Delta submitting transactions
ChatterBot Alpha round 13
ChatterBot Uniform round 13
ChatterBot Zulu round 13
ChatterBot Whiskey round 13
ChatterBot India round 13
ChatterBot Yankee round 13
ChatterBot Oscar round 13
ChatterBot Delta round 13
ChatterBot X-ray round 13
ChatterBot November round 13
2024-10-14 18:54:16.408665 Uniform: Zulu, Whiskey, Yankee and X-ray, sending you 3
2024-10-14 18:54:16.411672 Alpha: India, sending you 7
2024-10-14 18:54:16.413654 Uniform: Oscar, sending you 4
2024-10-14 18:54:16.414659 Delta: Same as last round
2024-10-14 18:54:16.415657 Alpha: Delta and November, sending you 6
2024-10-14 18:54:16.422647 November: Alpha, sending you 4
2024-10-14 18:54:16.423678 India: Alpha, sending you 5
2024-10-14 18:54:16.424713 Zulu: Uniform, Yankee and Oscar, sending you 4
2024-10-14 18:54:16.425808 November: India and Delta, sending you 5
2024-10-14 18:54:16.426691 Whiskey: Uniform, Oscar and X-ray, sending you 3
2024-10-14 18:54:16.428007 Yankee: Uniform, Zulu, Oscar and X-ray, sending you 3
2024-10-14 18:54:16.429877 India: Delta and November, sending you 6
2024-10-14 18:54:16.430323 Oscar: Uniform, sending you 4
2024-10-14 18:54:16.431078 X-ray: Same as last round
2024-10-14 18:54:16.431834 Zulu: Whiskey, sending you 2
2024-10-14 18:54:16.432647 Whiskey: Zulu, sending you 2
2024-10-14 18:54:16.433405 Yankee: Whiskey, sending you 5
2024-10-14 18:54:16.434190 Oscar: Zulu, Yankee and X-ray, sending you 3
2024-10-14 18:54:16.436126 Whiskey: Yankee, sending you 5
2024-10-14 18:54:16.436964 Zulu: X-ray, sending you 5
2024-10-14 18:54:16.438666 Oscar: Whiskey, sending you 2
chatterbot Whiskey submitting transactions
chatterbot November submitting transactions
chatterbot Zulu submitting transactions
chatterbot Alpha submitting transactions
chatterbot Yankee submitting transactions
chatterbot Oscar submitting transactions
chatterbot Delta submitting transactions
chatterbot India submitting transactions
chatterbot X-ray submitting transactions
chatterbot Uniform submitting transactions
ChatterBot Alpha round 14
ChatterBot Uniform round 14
ChatterBot Zulu round 14
ChatterBot Whiskey round 14
ChatterBot India round 14
ChatterBot Yankee round 14
ChatterBot Oscar round 14
ChatterBot Delta round 14
ChatterBot X-ray round 14
ChatterBot November round 14
2024-10-14 18:54:17.703680 Zulu: Uniform, Yankee, Oscar and X-ray, sending you 4
2024-10-14 18:54:17.705706 Uniform: Zulu, Whiskey, Yankee and X-ray, sending you 3
2024-10-14 18:54:17.707712 Alpha: India, sending you 7
2024-10-14 18:54:17.708408 Zulu: Whiskey, sending you 3
2024-10-14 18:54:17.712678 Uniform: Oscar, sending you 4
2024-10-14 18:54:17.714081 Alpha: Delta and November, sending you 6
2024-10-14 18:54:17.714592 Delta: Same as last round
2024-10-14 18:54:17.716683 X-ray: Same as last round
2024-10-14 18:54:17.719678 Oscar: Uniform, sending you 4
2024-10-14 18:54:17.722686 Yankee: Uniform, Zulu, Oscar and X-ray, sending you 3
2024-10-14 18:54:17.724284 Whiskey: Uniform, Oscar and X-ray, sending you 3
2024-10-14 18:54:17.726416 Oscar: Zulu, Yankee and X-ray, sending you 3
2024-10-14 18:54:17.729088 India: Alpha, sending you 5
2024-10-14 18:54:17.729996 Yankee: Whiskey, sending you 5
2024-10-14 18:54:17.731350 Whiskey: Zulu, sending you 2
2024-10-14 18:54:17.732710 November: Alpha, sending you 4
2024-10-14 18:54:17.733425 Oscar: Whiskey, sending you 2
2024-10-14 18:54:17.735290 India: Delta and November, sending you 6
2024-10-14 18:54:17.736028 November: India and Delta, sending you 5
2024-10-14 18:54:17.737757 Whiskey: Yankee, sending you 5
chatterbot Delta submitting transactions
chatterbot Yankee submitting transactions
chatterbot Whiskey submitting transactions
chatterbot India submitting transactions
chatterbot November submitting transactions
chatterbot Zulu submitting transactions
chatterbot Oscar submitting transactions
chatterbot X-ray submitting transactions
chatterbot Uniform submitting transactions
chatterbot Alpha submitting transactions
ChatterBot Alpha round 15
ChatterBot Uniform round 15
ChatterBot Zulu round 15
ChatterBot Whiskey round 15
ChatterBot India round 15
ChatterBot Yankee round 15
ChatterBot Oscar round 15
ChatterBot Delta round 15
ChatterBot X-ray round 15
ChatterBot November round 15
2024-10-14 18:54:18.863651 Alpha: India, sending you 7
2024-10-14 18:54:18.867673 Alpha: Delta and November, sending you 6
2024-10-14 18:54:18.870661 India: Alpha, sending you 5
2024-10-14 18:54:18.873655 India: Delta and November, sending you 6
2024-10-14 18:54:18.874663 Zulu: Uniform, Yankee, Oscar and X-ray, sending you 4
2024-10-14 18:54:18.876678 Whiskey: Uniform, Oscar and X-ray, sending you 3
2024-10-14 18:54:18.877747 Oscar: Uniform, sending you 4
2024-10-14 18:54:18.878666 Uniform: Zulu, Whiskey, Yankee and X-ray, sending you 3
2024-10-14 18:54:18.879743 Delta: Same as last round
2024-10-14 18:54:18.880209 November: Alpha, sending you 4
2024-10-14 18:54:18.880602 Zulu: Whiskey, sending you 3
2024-10-14 18:54:18.881422 Yankee: Uniform, Zulu, Oscar and X-ray, sending you 3
2024-10-14 18:54:18.882253 Whiskey: Zulu, sending you 2
2024-10-14 18:54:18.883087 Oscar: Zulu, Yankee and X-ray, sending you 3
2024-10-14 18:54:18.883960 November: India and Delta, sending you 5
2024-10-14 18:54:18.884651 Uniform: Oscar, sending you 4
2024-10-14 18:54:18.885691 Yankee: Whiskey, sending you 5
2024-10-14 18:54:18.887664 Whiskey: Yankee, sending you 5
2024-10-14 18:54:18.888568 Oscar: Whiskey, sending you 2
chatterbot Delta submitting transactions
chatterbot Alpha submitting transactions
chatterbot X-ray submitting transactions
chatterbot Uniform submitting transactions
chatterbot Oscar submitting transactions
chatterbot Whiskey submitting transactions
chatterbot Zulu submitting transactions
