ChatterBot Papa round 1
ChatterBot Echo round 1
ChatterBot Hotel round 1
ChatterBot Sierra round 1
ChatterBot Yankee round 1
ChatterBot Romeo round 1
ChatterBot Kilo round 1
ChatterBot Alpha round 1
ChatterBot India round 1
ChatterBot Uniform round 1
randomSelections Papa: {Papa, Uniform, India, Yankee, Hotel, Alpha} 
2024-10-14 18:54:00.717905 Papa: Can we be friends?
ChatterBot Uniform reevaluating
ChatterBot India reevaluating
ChatterBot Yankee reevaluating
ChatterBot Hotel reevaluating
ChatterBot Alpha reevaluating
2024-10-14 18:54:00.731625 Uniform: Yes
2024-10-14 18:54:00.731758 India: Yes
2024-10-14 18:54:00.731879 Yankee: Yes
2024-10-14 18:54:00.731981 Hotel: Yes
2024-10-14 18:54:00.732095 Alpha: Yes
ChatterBot India reevaluating
ChatterBot Yankee reevaluating
ChatterBot Hotel reevaluating
ChatterBot Alpha reevaluating
ChatterBot Uniform reevaluating
ChatterBot Yankee reevaluating
ChatterBot Hotel reevaluating
ChatterBot Alpha reevaluating
ChatterBot Uniform reevaluating
ChatterBot India reevaluating
ChatterBot Hotel reevaluating
ChatterBot Alpha reevaluating
ChatterBot Uniform reevaluating
ChatterBot India reevaluating
ChatterBot Yankee reevaluating
ChatterBot Alpha reevaluating
ChatterBot Uniform reevaluating
ChatterBot India reevaluating
ChatterBot Yankee reevaluating
ChatterBot Hotel reevaluating
randomSelections Romeo: {Romeo, Yankee, Kilo, Hotel, Sierra, India} 
2024-10-14 18:54:00.789798 Romeo: We should group up
ChatterBot Yankee reevaluating
ChatterBot Kilo reevaluating
ChatterBot Hotel reevaluating
ChatterBot Sierra reevaluating
ChatterBot India reevaluating
2024-10-14 18:54:00.799780 Yankee: No
2024-10-14 18:54:00.799978 Kilo: Yes
2024-10-14 18:54:00.800093 Hotel: No
2024-10-14 18:54:00.800243 Sierra: Yes
2024-10-14 18:54:00.800359 India: No
ChatterBot Kilo reevaluating
ChatterBot Hotel reevaluating
ChatterBot Sierra reevaluating
ChatterBot India reevaluating
ChatterBot Yankee reevaluating
ChatterBot Hotel reevaluating
ChatterBot Sierra reevaluating
ChatterBot India reevaluating
ChatterBot Yankee reevaluating
ChatterBot Kilo reevaluating
ChatterBot Sierra reevaluating
ChatterBot India reevaluating
ChatterBot Yankee reevaluating
ChatterBot Kilo reevaluating
ChatterBot Hotel reevaluating
ChatterBot India reevaluating
ChatterBot Yankee reevaluating
ChatterBot Kilo reevaluating
ChatterBot Hotel reevaluating
ChatterBot Sierra reevaluating
randomSelections Echo: {Echo, Yankee, Sierra, Hotel, India, Alpha} 
2024-10-14 18:54:00.844286 Echo: Can we be friends?
ChatterBot Yankee reevaluating
ChatterBot Sierra reevaluating
ChatterBot Hotel reevaluating
ChatterBot India reevaluating
ChatterBot Alpha reevaluating
2024-10-14 18:54:00.849774 Yankee: No
2024-10-14 18:54:00.849924 Sierra: No
2024-10-14 18:54:00.850028 Hotel: No
2024-10-14 18:54:00.850166 India: No
2024-10-14 18:54:00.850261 Alpha: No
ChatterBot Sierra reevaluating
ChatterBot Hotel reevaluating
ChatterBot India reevaluating
ChatterBot Alpha reevaluating
ChatterBot Yankee reevaluating
ChatterBot Hotel reevaluating
ChatterBot India reevaluating
ChatterBot Alpha reevaluating
ChatterBot Yankee reevaluating
ChatterBot Sierra reevaluating
ChatterBot India reevaluating
ChatterBot Alpha reevaluating
ChatterBot Yankee reevaluating
ChatterBot Sierra reevaluating
ChatterBot Hotel reevaluating
ChatterBot Alpha reevaluating
ChatterBot Yankee reevaluating
ChatterBot Sierra reevaluating
ChatterBot Hotel reevaluating
ChatterBot India reevaluating
2024-10-14 18:54:00.894673 Romeo: Hotel, Sierra and India, sending you 4
2024-10-14 18:54:00.899689 Echo: Hotel, Alpha and India, sending you 4
2024-10-14 18:54:00.900087 Romeo: Yankee, sending you 1
2024-10-14 18:54:00.900684 Papa: Hotel, India and Uniform, sending you 3
2024-10-14 18:54:00.901036 Uniform: Papa, sending you 4
2024-10-14 18:54:00.902675 Echo: Sierra, sending you 1
2024-10-14 18:54:00.904682 Alpha: Papa and Hotel, sending you 2
2024-10-14 18:54:00.905041 Yankee: Papa, Hotel, India and Uniform, sending you 2
2024-10-14 18:54:00.905363 Romeo: Kilo, sending you 2
2024-10-14 18:54:00.905698 Papa: Yankee, sending you 1
2024-10-14 18:54:00.905950 Uniform: Hotel, sending you 6
2024-10-14 18:54:00.906155 India: Papa, sending you 8
2024-10-14 18:54:00.906363 Echo: Yankee, sending you 2
2024-10-14 18:54:00.907663 Kilo: Hotel, sending you 5
2024-10-14 18:54:00.908675 Sierra: Hotel, sending you 2
2024-10-14 18:54:00.909 Alpha: Yankee, sending you 4
2024-10-14 18:54:00.909649 Yankee: Alpha, sending you 1
2024-10-14 18:54:00.909956 Uniform: Yankee, Alpha and India, sending you 2
2024-10-14 18:54:00.910184 India: Hotel and Yankee, sending you 2
2024-10-14 18:54:00.910666 Papa: Alpha, sending you 5
2024-10-14 18:54:00.911681 Kilo: Sierra, sending you 1
2024-10-14 18:54:00.912050 Alpha: India, sending you 3
2024-10-14 18:54:00.912665 Sierra: Yankee and Kilo, sending you 1
2024-10-14 18:54:00.913665 Hotel: Papa, sending you 6
2024-10-14 18:54:00.914696 India: Alpha, sending you 3
2024-10-14 18:54:00.915656 Kilo: Yankee, sending you 4
2024-10-14 18:54:00.916663 Alpha: Uniform, sending you 5
2024-10-14 18:54:00.916917 Hotel: Yankee, Alpha and India, sending you 1
2024-10-14 18:54:00.917681 Sierra: Romeo and India, sending you 3
2024-10-14 18:54:00.918670 India: Uniform, sending you 1
2024-10-14 18:54:00.920658 Kilo: Romeo and India, sending you 3
2024-10-14 18:54:00.921648 Hotel: Uniform, sending you 2
chatterbot Papa submitting transactions
chatterbot Kilo submitting transactions
chatterbot India submitting transactions
chatterbot Yankee submitting transactions
chatterbot Hotel submitting transactions
chatterbot Echo submitting transactions
chatterbot Romeo submitting transactions
chatterbot Sierra submitting transactions
chatterbot Alpha submitting transactions
chatterbot Uniform submitting transactions
ChatterBot Papa round 2
ChatterBot Echo round 2
ChatterBot Hotel round 2
ChatterBot Sierra round 2
ChatterBot Yankee round 2
ChatterBot Romeo round 2
ChatterBot Kilo round 2
ChatterBot Alpha round 2
ChatterBot India round 2
ChatterBot Uniform round 2
2024-10-14 18:54:02.637525 Romeo: Friends?
ChatterBot Sierra reevaluating
ChatterBot Kilo reevaluating
ChatterBot Alpha reevaluating
2024-10-14 18:54:02.647868 Sierra: No
2024-10-14 18:54:02.648034 Kilo: No
2024-10-14 18:54:02.648150 Alpha: No
ChatterBot Romeo reevaluating
ChatterBot Kilo reevaluating
ChatterBot Alpha reevaluating
ChatterBot Romeo reevaluating
ChatterBot Sierra reevaluating
ChatterBot Alpha reevaluating
ChatterBot Romeo reevaluating
ChatterBot Sierra reevaluating
ChatterBot Kilo reevaluating
2024-10-14 18:54:02.678822 Kilo: Can we be friends?
ChatterBot Sierra reevaluating
ChatterBot Romeo reevaluating
2024-10-14 18:54:02.687075 Alpha: We should add Echo
2024-10-14 18:54:02.687217 Sierra: Yes
2024-10-14 18:54:02.687308 Romeo: Yes
ChatterBot Papa reevaluating
ChatterBot Uniform reevaluating
ChatterBot India reevaluating
ChatterBot Yankee reevaluating
ChatterBot Hotel reevaluating
ChatterBot Romeo reevaluating
ChatterBot Kilo reevaluating
2024-10-14 18:54:02.710875 Papa: No
2024-10-14 18:54:02.711036 Uniform: No
2024-10-14 18:54:02.711145 India: Yes
2024-10-14 18:54:02.711243 Yankee: Yes
2024-10-14 18:54:02.711338 Hotel: Yes
ChatterBot Sierra reevaluating
ChatterBot Kilo reevaluating
ChatterBot Uniform reevaluating
ChatterBot India reevaluating
ChatterBot Yankee reevaluating
ChatterBot Hotel reevaluating
ChatterBot Alpha reevaluating
ChatterBot Papa reevaluating
ChatterBot India reevaluating
ChatterBot Yankee reevaluating
ChatterBot Hotel reevaluating
ChatterBot Alpha reevaluating
ChatterBot Papa reevaluating
ChatterBot Uniform reevaluating
ChatterBot Yankee reevaluating
ChatterBot Hotel reevaluating
ChatterBot Alpha reevaluating
ChatterBot Papa reevaluating
ChatterBot Uniform reevaluating
ChatterBot India reevaluating
ChatterBot Hotel reevaluating
ChatterBot Alpha reevaluating
ChatterBot Papa reevaluating
ChatterBot Uniform reevaluating
ChatterBot India reevaluating
ChatterBot Yankee reevaluating
ChatterBot Alpha reevaluating
2024-10-14 18:54:02.932582 Echo: Can we be friends?
ChatterBot Sierra reevaluating
ChatterBot Romeo reevaluating
ChatterBot Kilo reevaluating
2024-10-14 18:54:02.956458 Sierra: Yes
2024-10-14 18:54:02.957910 Romeo: Yes
2024-10-14 18:54:02.958210 Kilo: No
ChatterBot Romeo reevaluating
ChatterBot Kilo reevaluating
ChatterBot Sierra reevaluating
ChatterBot Kilo reevaluating
ChatterBot Sierra reevaluating
ChatterBot Romeo reevaluating
2024-10-14 18:54:03.028378 Papa: Echo we want you to join our group
2024-10-14 18:54:03.031571 Echo: No
ChatterBot Papa reevaluating
2024-10-14 18:54:03.050828 Alpha: Echo we want you to join our group
2024-10-14 18:54:03.054561 Echo: No
ChatterBot Papa reevaluating
2024-10-14 18:54:03.072386 Yankee: Echo and Kilo we want you to join our group
2024-10-14 18:54:03.078436 Echo: No
2024-10-14 18:54:03.078599 Kilo: No
ChatterBot Papa reevaluating
ChatterBot Kilo reevaluating
ChatterBot Papa reevaluating
2024-10-14 18:54:03.121695 Hotel: Echo we want you to join our group
2024-10-14 18:54:03.125375 Echo: No
ChatterBot Papa reevaluating
2024-10-14 18:54:03.183061 India: Papa, Echo, Sierra, Yankee, Romeo, Kilo, Alpha and Uniform, sending you 2
2024-10-14 18:54:03.183505 Echo: Sending you each 5
2024-10-14 18:54:03.184140 Uniform: Papa, Hotel and Yankee, sending you 3
2024-10-14 18:54:03.184454 Sierra: Echo and Kilo, sending you 3
2024-10-14 18:54:03.184666 Romeo: Sierra, sending you 8
2024-10-14 18:54:03.208875 Sierra: Romeo, sending you 4
2024-10-14 18:54:03.209543 Kilo: Sierra, sending you 6
2024-10-14 18:54:03.209754 Uniform: Alpha, sending you 5
2024-10-14 18:54:03.210160 Romeo: Kilo, sending you 7
2024-10-14 18:54:03.210415 Alpha: Papa, Echo, India and Uniform, sending you 3
2024-10-14 18:54:03.211208 Yankee: Papa, Alpha, India and Uniform, sending you 2
2024-10-14 18:54:03.211492 Hotel: Papa and Echo, sending you 3
2024-10-14 18:54:03.485324 Kilo: Romeo, sending you 9
2024-10-14 18:54:03.485964 Uniform: India, sending you 2
2024-10-14 18:54:03.487203 Alpha: Hotel and Yankee, sending you 2
2024-10-14 18:54:03.487771 Yankee: Echo, Hotel and Kilo, sending you 1
2024-10-14 18:54:03.489062 Papa: Hotel, sending you 4
2024-10-14 18:54:03.489822 Hotel: Yankee, Alpha and India, sending you 2
chatterbot Uniform submitting transactions
chatterbot India submitting transactions
2024-10-14 18:54:03.525079 Hotel: Uniform, sending you 4
2024-10-14 18:54:03.527376 Papa: Yankee and Alpha, sending you 1
2024-10-14 18:54:03.531649 Papa: India, sending you 6
2024-10-14 18:54:03.556258 Papa: Uniform, sending you 3
chatterbot Papa submitting transactions
chatterbot Kilo submitting transactions
chatterbot Romeo submitting transactions
chatterbot Echo submitting transactions
chatterbot Hotel submitting transactions
chatterbot Yankee submitting transactions
chatterbot Alpha submitting transactions
chatterbot Sierra submitting transactions
ChatterBot Papa round 3
ChatterBot Echo round 3
ChatterBot Hotel round 3
ChatterBot Sierra round 3
ChatterBot Yankee round 3
ChatterBot Romeo round 3
ChatterBot Kilo round 3
ChatterBot Alpha round 3
ChatterBot India round 3
2024-10-14 18:54:04.449789 Echo: Group up?
ChatterBot India reevaluating
ChatterBot Hotel reevaluating
ChatterBot Yankee reevaluating
ChatterBot Alpha reevaluating
ChatterBot Romeo reevaluating
ChatterBot Kilo reevaluating
2024-10-14 18:54:04.492686 India: No
2024-10-14 18:54:04.492874 Papa: No
2024-10-14 18:54:04.493042 Hotel: No
2024-10-14 18:54:04.493201 Yankee: No
2024-10-14 18:54:04.493363 Alpha: No
2024-10-14 18:54:04.493522 Uniform: No
2024-10-14 18:54:04.494256 Sierra: No
2024-10-14 18:54:04.494426 Romeo: No
2024-10-14 18:54:04.494581 Kilo: No
ChatterBot Papa reevaluating
ChatterBot Hotel reevaluating
ChatterBot Yankee reevaluating
ChatterBot Alpha reevaluating
ChatterBot Uniform reevaluating
ChatterBot Romeo reevaluating
ChatterBot Kilo reevaluating
ChatterBot India reevaluating
ChatterBot Hotel reevaluating
ChatterBot Yankee reevaluating
ChatterBot Alpha reevaluating
ChatterBot Uniform reevaluating
ChatterBot Romeo reevaluating
ChatterBot Kilo reevaluating
ChatterBot India reevaluating
ChatterBot Papa reevaluating
ChatterBot Yankee reevaluating
ChatterBot Alpha reevaluating
ChatterBot Uniform reevaluating
ChatterBot Romeo reevaluating
ChatterBot Kilo reevaluating
ChatterBot India reevaluating
ChatterBot Papa reevaluating
ChatterBot Hotel reevaluating
ChatterBot Alpha reevaluating
ChatterBot Uniform reevaluating
ChatterBot Romeo reevaluating
ChatterBot Kilo reevaluating
ChatterBot India reevaluating
ChatterBot Papa reevaluating
ChatterBot Hotel reevaluating
ChatterBot Yankee reevaluating
ChatterBot Uniform reevaluating
ChatterBot Romeo reevaluating
ChatterBot Kilo reevaluating
ChatterBot India reevaluating
ChatterBot Papa reevaluating
ChatterBot Hotel reevaluating
ChatterBot Yankee reevaluating
ChatterBot Alpha reevaluating
ChatterBot Romeo reevaluating
ChatterBot Kilo reevaluating
ChatterBot India reevaluating
ChatterBot Papa reevaluating
ChatterBot Hotel reevaluating
ChatterBot Yankee reevaluating
ChatterBot Alpha reevaluating
ChatterBot Uniform reevaluating
ChatterBot Romeo reevaluating
ChatterBot Kilo reevaluating
ChatterBot India reevaluating
ChatterBot Papa reevaluating
ChatterBot Hotel reevaluating
ChatterBot Yankee reevaluating
ChatterBot Alpha reevaluating
ChatterBot Uniform reevaluating
ChatterBot Kilo reevaluating
ChatterBot India reevaluating
ChatterBot Papa reevaluating
ChatterBot Hotel reevaluating
ChatterBot Yankee reevaluating
ChatterBot Alpha reevaluating
ChatterBot Uniform reevaluating
ChatterBot Romeo reevaluating
ChatterBot Uniform round 3
2024-10-14 18:54:04.908826 Papa: Echo we want you to join our group
ChatterBot Echo reevaluating
2024-10-14 18:54:04.913184 Echo: Yes
ChatterBot Hotel reevaluating
ChatterBot India reevaluating
2024-10-14 18:54:04.931020 Echo: Can we be friends?
ChatterBot Hotel reevaluating
ChatterBot India reevaluating
ChatterBot Uniform reevaluating
2024-10-14 18:54:04.949108 Papa: Yes
2024-10-14 18:54:04.949292 Hotel: No
2024-10-14 18:54:04.949641 Yankee: Yes
2024-10-14 18:54:04.950392 Alpha: Yes
2024-10-14 18:54:04.950545 India: Yes
2024-10-14 18:54:04.950771 Uniform: Yes
ChatterBot Echo reevaluating
ChatterBot Hotel reevaluating
ChatterBot India reevaluating
ChatterBot Uniform reevaluating
ChatterBot Echo reevaluating
ChatterBot India reevaluating
ChatterBot Uniform reevaluating
ChatterBot Papa reevaluating
ChatterBot Echo reevaluating
ChatterBot Hotel reevaluating
ChatterBot India reevaluating
ChatterBot Uniform reevaluating
ChatterBot Papa reevaluating
ChatterBot Echo reevaluating
ChatterBot Hotel reevaluating
ChatterBot India reevaluating
ChatterBot Uniform reevaluating
ChatterBot Papa reevaluating
ChatterBot Echo reevaluating
ChatterBot Hotel reevaluating
ChatterBot Uniform reevaluating
ChatterBot Papa reevaluating
ChatterBot Echo reevaluating
ChatterBot Hotel reevaluating
ChatterBot India reevaluating
2024-10-14 18:54:05.047693 Uniform: We should add Echo
ChatterBot Papa reevaluating
ChatterBot India reevaluating
ChatterBot Hotel reevaluating
2024-10-14 18:54:05.058564 Papa: Yes
2024-10-14 18:54:05.058684 India: Yes
2024-10-14 18:54:05.058783 Yankee: Yes
2024-10-14 18:54:05.058877 Hotel: Yes
2024-10-14 18:54:05.058960 Alpha: Yes
ChatterBot Uniform reevaluating
ChatterBot India reevaluating
ChatterBot Hotel reevaluating
ChatterBot Papa reevaluating
ChatterBot Uniform reevaluating
ChatterBot Hotel reevaluating
ChatterBot Papa reevaluating
ChatterBot Uniform reevaluating
ChatterBot India reevaluating
ChatterBot Hotel reevaluating
ChatterBot Papa reevaluating
ChatterBot Uniform reevaluating
ChatterBot India reevaluating
ChatterBot Papa reevaluating
ChatterBot Uniform reevaluating
ChatterBot India reevaluating
ChatterBot Hotel reevaluating
2024-10-14 18:54:05.128371 Yankee: We should drop Kilo
ChatterBot Papa reevaluating
ChatterBot Echo reevaluating
ChatterBot Hotel reevaluating
ChatterBot Uniform reevaluating
2024-10-14 18:54:05.144750 Papa: Yes
2024-10-14 18:54:05.144874 Echo: Yes
2024-10-14 18:54:05.144977 Hotel: Yes
2024-10-14 18:54:05.145065 Alpha: Yes
2024-10-14 18:54:05.145151 India: Yes
2024-10-14 18:54:05.145244 Uniform: Yes
ChatterBot Echo reevaluating
ChatterBot Hotel reevaluating
ChatterBot Uniform reevaluating
ChatterBot Papa reevaluating
ChatterBot Hotel reevaluating
ChatterBot Uniform reevaluating
ChatterBot Papa reevaluating
ChatterBot Echo reevaluating
ChatterBot India reevaluating
ChatterBot Uniform reevaluating
ChatterBot Papa reevaluating
ChatterBot Echo reevaluating
ChatterBot Hotel reevaluating
ChatterBot India reevaluating
ChatterBot Uniform reevaluating
ChatterBot Papa reevaluating
ChatterBot Echo reevaluating
ChatterBot Hotel reevaluating
ChatterBot Uniform reevaluating
ChatterBot Papa reevaluating
ChatterBot Echo reevaluating
ChatterBot Hotel reevaluating
ChatterBot India reevaluating
2024-10-14 18:54:05.245871 Romeo: India we want you to join our group
2024-10-14 18:54:05.248565 India: No
ChatterBot Echo reevaluating
2024-10-14 18:54:05.258436 Sierra: Echo and Kilo, sending you 3
2024-10-14 18:54:05.258798 Uniform: Echo we want you to join our group
2024-10-14 18:54:05.262027 Echo: Yes
ChatterBot Papa reevaluating
ChatterBot India reevaluating
2024-10-14 18:54:05.277816 Kilo: Echo and Sierra, sending you 4
2024-10-14 18:54:05.278089 Sierra: Romeo, sending you 4
2024-10-14 18:54:05.278292 Alpha: Papa, Hotel, Yankee, India and Uniform, sending you 3
2024-10-14 18:54:05.280676 Kilo: Romeo, sending you 8
2024-10-14 18:54:05.280988 Alpha: Echo, sending you 1
2024-10-14 18:54:05.281336 Yankee: Papa, Hotel, Alpha, India and Uniform, sending you 2
2024-10-14 18:54:05.281765 Hotel: Papa and Uniform, sending you 4
2024-10-14 18:54:05.284674 Hotel: Echo, Yankee, Alpha and India, sending you 2
2024-10-14 18:54:05.285699 Yankee: Echo, sending you 1
2024-10-14 18:54:05.295823 India: Papa, sending you 4
chatterbot Alpha submitting transactions
2024-10-14 18:54:05.299671 Echo: Hotel, sending you 6
2024-10-14 18:54:05.300103 Uniform: Papa, Hotel, Yankee and Alpha, sending you 3
2024-10-14 18:54:05.300930 India: Hotel, Yankee, Alpha and Uniform, sending you 3
2024-10-14 18:54:05.301654 Romeo: Echo, sending you 3
2024-10-14 18:54:05.303663 Uniform: Echo and India, sending you 2
2024-10-14 18:54:05.304200 Papa: Hotel and India, sending you 4
2024-10-14 18:54:05.304666 Echo: Yankee, sending you 2
2024-10-14 18:54:05.305667 Romeo: Sierra, sending you 4
2024-10-14 18:54:05.306665 Papa: Yankee and Alpha, sending you 2
2024-10-14 18:54:05.308672 Echo: Alpha, sending you 4
2024-10-14 18:54:05.309675 Romeo: Kilo, sending you 6
2024-10-14 18:54:05.310125 Papa: Uniform, sending you 3
2024-10-14 18:54:05.311659 Echo: India, sending you 3
2024-10-14 18:54:05.314036 Romeo: India, sending you 2
chatterbot Kilo submitting transactions
chatterbot Romeo submitting transactions
chatterbot Uniform submitting transactions
chatterbot Papa submitting transactions
chatterbot Echo submitting transactions
chatterbot Echo submitting transactions
chatterbot Sierra submitting transactions
chatterbot India submitting transactions
chatterbot Yankee submitting transactions
chatterbot Hotel submitting transactions
ChatterBot Papa round 4
ChatterBot Echo round 4
ChatterBot Hotel round 4
ChatterBot Sierra round 4
ChatterBot Yankee round 4
ChatterBot Romeo round 4
ChatterBot Kilo round 4
ChatterBot Alpha round 4
ChatterBot India round 4
ChatterBot Uniform round 4
2024-10-14 18:54:06.341432 India: We should add Echo
ChatterBot Papa reevaluating
ChatterBot Uniform reevaluating
2024-10-14 18:54:06.358667 Papa: No
2024-10-14 18:54:06.358890 Uniform: No
2024-10-14 18:54:06.359053 Yankee: Yes
2024-10-14 18:54:06.359207 Hotel: Yes
2024-10-14 18:54:06.359357 Alpha: Yes
ChatterBot Uniform reevaluating
ChatterBot Papa reevaluating
ChatterBot India reevaluating
ChatterBot Papa reevaluating
ChatterBot Uniform reevaluating
ChatterBot India reevaluating
ChatterBot Papa reevaluating
ChatterBot Uniform reevaluating
ChatterBot India reevaluating
ChatterBot Papa reevaluating
ChatterBot Uniform reevaluating
ChatterBot India reevaluating
2024-10-14 18:54:06.421683 Hotel: Papa, sending you 4
2024-10-14 18:54:06.422840 Papa: We should drop Echo
ChatterBot India reevaluating
2024-10-14 18:54:06.436565 Uniform: Yes
2024-10-14 18:54:06.437461 India: No
2024-10-14 18:54:06.437646 Yankee: No
2024-10-14 18:54:06.437829 Hotel: No
2024-10-14 18:54:06.437994 Alpha: No
ChatterBot Papa reevaluating
ChatterBot India reevaluating
ChatterBot Papa reevaluating
ChatterBot Papa reevaluating
ChatterBot India reevaluating
ChatterBot Papa reevaluating
ChatterBot India reevaluating
ChatterBot Papa reevaluating
ChatterBot India reevaluating
2024-10-14 18:54:06.497808 Echo: Sierra, sending you 7
2024-10-14 18:54:06.498060 Yankee: Papa, Hotel, Alpha, India and Uniform, sending you 2
2024-10-14 18:54:06.498543 Hotel: Echo and Uniform, sending you 3
2024-10-14 18:54:06.500673 Yankee: Echo, sending you 1
2024-10-14 18:54:06.501225 Alpha: Papa, Echo, Hotel, India and Uniform, sending you 3
2024-10-14 18:54:06.501890 Sierra: Echo and Kilo, sending you 3
2024-10-14 18:54:06.502207 Kilo: Echo, sending you 3
2024-10-14 18:54:06.502688 Echo: Romeo, sending you 3
2024-10-14 18:54:06.503 Romeo: Echo, sending you 2
2024-10-14 18:54:06.503718 Hotel: Yankee, Alpha and India, sending you 2
2024-10-14 18:54:06.505681 Sierra: Romeo, sending you 4
2024-10-14 18:54:06.505934 Echo: Kilo, sending you 5
2024-10-14 18:54:06.506684 Alpha: Yankee, sending you 1
2024-10-14 18:54:06.507087 Kilo: Sierra, sending you 5
2024-10-14 18:54:06.507880 Romeo: Sierra, sending you 5
2024-10-14 18:54:06.510344 Kilo: Romeo, sending you 8
2024-10-14 18:54:06.511653 Uniform: Papa, Yankee, Alpha and India, sending you 3
2024-10-14 18:54:06.512164 Romeo: Kilo, sending you 7
2024-10-14 18:54:06.515661 Uniform: Hotel, sending you 4
2024-10-14 18:54:06.516038 Romeo: India, sending you 1
2024-10-14 18:54:06.527669 India: Papa, sending you 4
2024-10-14 18:54:06.531689 India: Hotel, Yankee, Alpha and Uniform, sending you 3
2024-10-14 18:54:06.537656 Papa: Hotel and India, sending you 4
2024-10-14 18:54:06.542693 Papa: Yankee and Alpha, sending you 2
2024-10-14 18:54:06.547687 Papa: Uniform, sending you 3
chatterbot Sierra submitting transactions
chatterbot Alpha submitting transactions
chatterbot Echo submitting transactions
chatterbot Romeo submitting transactions
chatterbot Papa submitting transactions
chatterbot Hotel submitting transactions
chatterbot Kilo submitting transactions
chatterbot Yankee submitting transactions
chatterbot India submitting transactions
chatterbot Uniform submitting transactions
ChatterBot Papa round 5
ChatterBot Echo round 5
ChatterBot Hotel round 5
ChatterBot Sierra round 5
ChatterBot Yankee round 5
ChatterBot Romeo round 5
ChatterBot Kilo round 5
ChatterBot Alpha round 5
ChatterBot India round 5
ChatterBot Uniform round 5
2024-10-14 18:54:07.686067 Hotel: We should drop Echo
2024-10-14 18:54:07.701576 Papa: Yes
2024-10-14 18:54:07.702011 Uniform: Yes
2024-10-14 18:54:07.702843 India: Yes
2024-10-14 18:54:07.703013 Yankee: No
2024-10-14 18:54:07.703249 Alpha: No
ChatterBot Alpha reevaluating
ChatterBot Alpha reevaluating
ChatterBot Yankee reevaluating
ChatterBot Alpha reevaluating
ChatterBot Alpha reevaluating
ChatterBot Yankee reevaluating
2024-10-14 18:54:07.785677 Echo: Hotel, sending you 7
2024-10-14 18:54:07.786253 Hotel: Papa and Uniform, sending you 4
2024-10-14 18:54:07.788657 Echo: Yankee, sending you 2
2024-10-14 18:54:07.789991 Papa: Hotel and India, sending you 4
2024-10-14 18:54:07.790466 Hotel: Yankee, sending you 2
2024-10-14 18:54:07.790916 Romeo: Echo, sending you 2
2024-10-14 18:54:07.791666 Echo: Alpha, sending you 4
2024-10-14 18:54:07.792685 Papa: Yankee and Alpha, sending you 2
2024-10-14 18:54:07.793670 Uniform: Papa, Yankee, Alpha and India, sending you 3
2024-10-14 18:54:07.794197 Hotel: Alpha and India, sending you 3
2024-10-14 18:54:07.794762 Sierra: Echo and Kilo, sending you 3
2024-10-14 18:54:07.795676 Kilo: Echo and Sierra, sending you 4
2024-10-14 18:54:07.795987 Romeo: Sierra, sending you 5
2024-10-14 18:54:07.796268 Echo: India and Uniform, sending you 1
2024-10-14 18:54:07.796739 Papa: Uniform, sending you 3
2024-10-14 18:54:07.797674 Uniform: Hotel, sending you 4
2024-10-14 18:54:07.798659 Kilo: Romeo, sending you 8
2024-10-14 18:54:07.799680 Sierra: Romeo, sending you 4
2024-10-14 18:54:07.800682 Romeo: Kilo, sending you 7
2024-10-14 18:54:07.803680 Romeo: India, sending you 1
2024-10-14 18:54:07.804695 Yankee: Same as last round
2024-10-14 18:54:07.805692 India: Papa, sending you 4
2024-10-14 18:54:07.806683 Alpha: Papa, Hotel, Yankee and India, sending you 3
2024-10-14 18:54:07.808678 India: Hotel, Yankee, Alpha and Uniform, sending you 3
2024-10-14 18:54:07.810654 Alpha: Uniform, sending you 4
chatterbot Yankee submitting transactions
chatterbot India submitting transactions
chatterbot Echo submitting transactions
chatterbot Uniform submitting transactions
chatterbot Alpha submitting transactions
chatterbot Sierra submitting transactions
chatterbot Papa submitting transactions
chatterbot Romeo submitting transactions
chatterbot Kilo submitting transactions
chatterbot Hotel submitting transactions
ChatterBot Papa round 6
ChatterBot Echo round 6
ChatterBot Hotel round 6
ChatterBot Sierra round 6
ChatterBot Yankee round 6
ChatterBot Romeo round 6
ChatterBot Kilo round 6
ChatterBot Alpha round 6
ChatterBot India round 6
ChatterBot Uniform round 6
2024-10-14 18:54:08.935648 Papa: Hotel and India, sending you 4
2024-10-14 18:54:08.939669 Papa: Yankee and Alpha, sending you 2
2024-10-14 18:54:08.940846 Hotel: Papa and Uniform, sending you 4
2024-10-14 18:54:08.941396 Uniform: Papa, Yankee, Alpha and India, sending you 3
2024-10-14 18:54:08.944648 Echo: Sierra, sending you 6
2024-10-14 18:54:08.945002 Hotel: Yankee, sending you 2
2024-10-14 18:54:08.945494 Uniform: Hotel, sending you 4
2024-10-14 18:54:08.946537 Papa: Uniform, sending you 3
2024-10-14 18:54:08.948652 Romeo: Echo, sending you 2
2024-10-14 18:54:08.949659 Echo: Romeo, sending you 4
2024-10-14 18:54:08.950037 Hotel: Alpha and India, sending you 3
2024-10-14 18:54:08.950683 Sierra: Echo and Kilo, sending you 3
2024-10-14 18:54:08.951011 India: Papa, sending you 4
2024-10-14 18:54:08.953664 Romeo: Sierra, sending you 5
2024-10-14 18:54:08.953982 Sierra: Romeo, sending you 4
2024-10-14 18:54:08.954247 India: Hotel, Yankee, Alpha and Uniform, sending you 3
2024-10-14 18:54:08.954745 Kilo: Echo, sending you 3
2024-10-14 18:54:08.954971 Echo: Kilo, sending you 5
2024-10-14 18:54:08.958734 Romeo: Kilo, sending you 8
2024-10-14 18:54:08.959127 Yankee: Same as last round
2024-10-14 18:54:08.959639 Kilo: Sierra, sending you 5
2024-10-14 18:54:08.959913 Alpha: Papa, Hotel, Yankee and India, sending you 3
2024-10-14 18:54:08.962650 Alpha: Uniform, sending you 4
2024-10-14 18:54:08.964659 Kilo: Romeo, sending you 8
chatterbot Alpha submitting transactions
chatterbot India submitting transactions
chatterbot Kilo submitting transactions
chatterbot Papa submitting transactions
chatterbot Echo submitting transactions
chatterbot Sierra submitting transactions
chatterbot Hotel submitting transactions
chatterbot Romeo submitting transactions
chatterbot Yankee submitting transactions
chatterbot Uniform submitting transactions
ChatterBot Papa round 7
ChatterBot Echo round 7
ChatterBot Hotel round 7
ChatterBot Sierra round 7
ChatterBot Yankee round 7
ChatterBot Romeo round 7
ChatterBot Kilo round 7
ChatterBot Alpha round 7
ChatterBot India round 7
ChatterBot Uniform round 7
2024-10-14 18:54:10.212679 Romeo: Echo, sending you 2
2024-10-14 18:54:10.217659 Romeo: Sierra, sending you 5
2024-10-14 18:54:10.220678 Romeo: Kilo, sending you 7
2024-10-14 18:54:10.221687 Yankee: Same as last round
2024-10-14 18:54:10.222647 India: Papa, sending you 4
2024-10-14 18:54:10.223180 Hotel: Papa and Uniform, sending you 4
2024-10-14 18:54:10.223718 Sierra: Echo and Kilo, sending you 3
2024-10-14 18:54:10.224159 Romeo: India, sending you 1
2024-10-14 18:54:10.224668 Kilo: Echo and Sierra, sending you 4
2024-10-14 18:54:10.224987 Papa: Hotel and India, sending you 4
2024-10-14 18:54:10.225670 India: Hotel, Yankee, Alpha and Uniform, sending you 3
2024-10-14 18:54:10.228666 Hotel: Yankee, sending you 2
2024-10-14 18:54:10.229217 Sierra: Romeo, sending you 4
2024-10-14 18:54:10.229497 Kilo: Romeo, sending you 8
2024-10-14 18:54:10.229784 Papa: Yankee and Alpha, sending you 2
2024-10-14 18:54:10.230279 Alpha: Papa, Hotel, Yankee and Uniform, sending you 3
2024-10-14 18:54:10.230810 Echo: Sierra, sending you 6
2024-10-14 18:54:10.232058 Uniform: Papa, Yankee, Alpha and India, sending you 3
2024-10-14 18:54:10.232862 Hotel: Alpha and India, sending you 3
2024-10-14 18:54:10.233646 Papa: Uniform, sending you 3
2024-10-14 18:54:10.234686 Alpha: India, sending you 4
2024-10-14 18:54:10.235666 Echo: Romeo, sending you 4
2024-10-14 18:54:10.236648 Uniform: Hotel, sending you 4
2024-10-14 18:54:10.239681 Echo: Kilo, sending you 5
chatterbot Sierra submitting transactions
chatterbot Echo submitting transactions
chatterbot Romeo submitting transactions
chatterbot Uniform submitting transactions
chatterbot Papa submitting transactions
chatterbot Alpha submitting transactions
chatterbot Yankee submitting transactions
chatterbot Kilo submitting transactions
chatterbot India submitting transactions
chatterbot Hotel submitting transactions
ChatterBot Papa round 8
ChatterBot Echo round 8
ChatterBot Hotel round 8
ChatterBot Sierra round 8
ChatterBot Yankee round 8
ChatterBot Romeo round 8
ChatterBot Kilo round 8
ChatterBot Alpha round 8
ChatterBot India round 8
ChatterBot Uniform round 8
2024-10-14 18:54:11.288816 Romeo: We should replace India with Alpha
2024-10-14 18:54:11.296936 Echo: No
2024-10-14 18:54:11.297108 Sierra: No
2024-10-14 18:54:11.297239 Kilo: No
ChatterBot Romeo reevaluating
ChatterBot Romeo reevaluating
ChatterBot Romeo reevaluating
2024-10-14 18:54:11.332621 Romeo: We should replace India with Yankee
2024-10-14 18:54:11.339123 Echo: No
2024-10-14 18:54:11.339354 Sierra: No
2024-10-14 18:54:11.339475 Kilo: No
ChatterBot Romeo reevaluating
ChatterBot Romeo reevaluating
ChatterBot Romeo reevaluating
2024-10-14 18:54:11.360703 Papa: Hotel and India, sending you 4
2024-10-14 18:54:11.363675 Sierra: Echo and Kilo, sending you 3
2024-10-14 18:54:11.364256 Yankee: Same as last round
2024-10-14 18:54:11.365148 Echo: Sierra, sending you 6
2024-10-14 18:54:11.366003 Papa: Yankee, sending you 1
2024-10-14 18:54:11.366853 Hotel: Papa and Uniform, sending you 4
2024-10-14 18:54:11.367715 Sierra: Romeo, sending you 4
2024-10-14 18:54:11.368670 Echo: Romeo, sending you 4
2024-10-14 18:54:11.369713 Papa: Alpha and Uniform, sending you 3
2024-10-14 18:54:11.370671 India: Papa, sending you 4
2024-10-14 18:54:11.372669 Hotel: Yankee, sending you 2
2024-10-14 18:54:11.373916 Echo: Kilo, sending you 5
2024-10-14 18:54:11.374702 India: Hotel, Yankee, Alpha and Uniform, sending you 3
2024-10-14 18:54:11.377124 Kilo: Echo and Sierra, sending you 4
2024-10-14 18:54:11.378653 Hotel: Alpha and India, sending you 3
2024-10-14 18:54:11.379677 Alpha: Papa, Hotel, Yankee and Uniform, sending you 3
2024-10-14 18:54:11.381086 Uniform: Papa, Yankee, Alpha and India, sending you 3
2024-10-14 18:54:11.381834 Kilo: Romeo, sending you 8
2024-10-14 18:54:11.384658 Alpha: India, sending you 4
2024-10-14 18:54:11.385659 Uniform: Hotel, sending you 4
2024-10-14 18:54:11.386678 Romeo: Echo, sending you 3
2024-10-14 18:54:11.391864 Romeo: Sierra, sending you 5
2024-10-14 18:54:11.395687 Romeo: Kilo, sending you 7
chatterbot India submitting transactions
chatterbot Hotel submitting transactions
chatterbot Alpha submitting transactions
chatterbot Sierra submitting transactions
chatterbot Papa submitting transactions
chatterbot Kilo submitting transactions
chatterbot Echo submitting transactions
chatterbot Romeo submitting transactions
chatterbot Uniform submitting transactions
chatterbot Yankee submitting transactions
ChatterBot Papa round 9
ChatterBot Echo round 9
ChatterBot Hotel round 9
ChatterBot Sierra round 9
ChatterBot Yankee round 9
ChatterBot Romeo round 9
ChatterBot Kilo round 9
ChatterBot Alpha round 9
ChatterBot India round 9
ChatterBot Uniform round 9
2024-10-14 18:54:12.491753 Romeo: We should replace India with Papa
2024-10-14 18:54:12.498418 Echo: No
2024-10-14 18:54:12.498586 Sierra: No
2024-10-14 18:54:12.498721 Kilo: No
ChatterBot Romeo reevaluating
ChatterBot Romeo reevaluating
ChatterBot Romeo reevaluating
2024-10-14 18:54:12.523772 Romeo: We should replace India with Yankee
2024-10-14 18:54:12.534099 Echo: No
2024-10-14 18:54:12.534316 Sierra: No
2024-10-14 18:54:12.534479 Kilo: No
ChatterBot Romeo reevaluating
ChatterBot Romeo reevaluating
ChatterBot Romeo reevaluating
2024-10-14 18:54:12.556150 Papa: Hotel and India, sending you 4
2024-10-14 18:54:12.559680 Yankee: Same as last round
2024-10-14 18:54:12.560668 Hotel: Papa and Uniform, sending you 4
2024-10-14 18:54:12.561275 Echo: Sierra, sending you 6
2024-10-14 18:54:12.561643 Alpha: Papa, Hotel, Yankee and Uniform, sending you 3
2024-10-14 18:54:12.562601 Papa: Yankee and Alpha, sending you 2
2024-10-14 18:54:12.563383 Sierra: Echo and Kilo, sending you 3
2024-10-14 18:54:12.563687 Kilo: Echo and Sierra, sending you 4
2024-10-14 18:54:12.564046 Romeo: Papa we want you to join our group
2024-10-14 18:54:12.566955 Papa: No
ChatterBot Romeo reevaluating
2024-10-14 18:54:12.576531 Hotel: Yankee, sending you 2
2024-10-14 18:54:12.577415 Echo: Romeo, sending you 4
2024-10-14 18:54:12.577852 Papa: Uniform, sending you 3
2024-10-14 18:54:12.578337 Alpha: India, sending you 4
2024-10-14 18:54:12.578870 Kilo: Romeo, sending you 8
2024-10-14 18:54:12.579174 Sierra: Romeo, sending you 4
2024-10-14 18:54:12.580679 Echo: Kilo, sending you 5
2024-10-14 18:54:12.581663 Hotel: Alpha and India, sending you 3
2024-10-14 18:54:12.582782 Romeo: Yankee we want you to join our group
2024-10-14 18:54:12.585798 Yankee: No
ChatterBot Romeo reevaluating
2024-10-14 18:54:12.596438 India: Papa, sending you 4
2024-10-14 18:54:12.597177 Uniform: Papa, Yankee, Alpha and India, sending you 3
2024-10-14 18:54:12.600671 India: Hotel, Yankee, Alpha and Uniform, sending you 3
2024-10-14 18:54:12.602054 Uniform: Hotel, sending you 4
2024-10-14 18:54:12.616670 Romeo: Echo, sending you 3
2024-10-14 18:54:12.619665 Romeo: Sierra, sending you 5
2024-10-14 18:54:12.622659 Romeo: Kilo, sending you 7
chatterbot Alpha submitting transactions
chatterbot Sierra submitting transactions
chatterbot Papa submitting transactions
chatterbot Hotel submitting transactions
chatterbot Kilo submitting transactions
chatterbot India submitting transactions
chatterbot Romeo submitting transactions
chatterbot Yankee submitting transactions
chatterbot Uniform submitting transactions
chatterbot Echo submitting transactions
ChatterBot Papa round 10
ChatterBot Echo round 10
ChatterBot Hotel round 10
ChatterBot Sierra round 10
ChatterBot Yankee round 10
ChatterBot Romeo round 10
ChatterBot Kilo round 10
ChatterBot Alpha round 10
ChatterBot India round 10
ChatterBot Uniform round 10
2024-10-14 18:54:13.687727 Echo: Sierra, sending you 6
2024-10-14 18:54:13.690388 Papa: Hotel and India, sending you 4
2024-10-14 18:54:13.691210 Echo: Romeo, sending you 4
2024-10-14 18:54:13.695673 Papa: Yankee, sending you 1
2024-10-14 18:54:13.696353 Echo: Kilo, sending you 5
2024-10-14 18:54:13.696804 Kilo: Echo and Sierra, sending you 4
2024-10-14 18:54:13.697310 India: Papa, sending you 4
2024-10-14 18:54:13.698228 Romeo: Echo, sending you 3
2024-10-14 18:54:13.699870 Papa: Alpha and Uniform, sending you 3
2024-10-14 18:54:13.701436 Yankee: Papa, Hotel, India and Uniform, sending you 2
2024-10-14 18:54:13.702809 Hotel: Papa and Uniform, sending you 4
2024-10-14 18:54:13.703879 Kilo: Romeo, sending you 8
2024-10-14 18:54:13.704764 India: Hotel, Yankee, Alpha and Uniform, sending you 3
2024-10-14 18:54:13.707411 Romeo: Sierra, sending you 5
2024-10-14 18:54:13.708126 Uniform: Papa, Yankee, Alpha and India, sending you 3
2024-10-14 18:54:13.709229 Yankee: Alpha, sending you 1
2024-10-14 18:54:13.710294 Hotel: Yankee, sending you 2
2024-10-14 18:54:13.711374 Sierra: Echo and Kilo, sending you 3
2024-10-14 18:54:13.712886 Uniform: Hotel, sending you 4
2024-10-14 18:54:13.714102 Romeo: Kilo, sending you 7
2024-10-14 18:54:13.715106 Alpha: Papa, Hotel, Yankee and Uniform, sending you 3
2024-10-14 18:54:13.716654 Hotel: Alpha and India, sending you 3
2024-10-14 18:54:13.718223 Sierra: Romeo, sending you 4
2024-10-14 18:54:13.720698 Alpha: India, sending you 4
chatterbot Yankee submitting transactions
chatterbot Papa submitting transactions
chatterbot Uniform submitting transactions
chatterbot India submitting transactions
chatterbot Alpha submitting transactions
chatterbot Echo submitting transactions
chatterbot Sierra submitting transactions
chatterbot Romeo submitting transactions
chatterbot Hotel submitting transactions
chatterbot Kilo submitting transactions
ChatterBot Papa round 11
ChatterBot Echo round 11
ChatterBot Hotel round 11
ChatterBot Sierra round 11
ChatterBot Yankee round 11
ChatterBot Romeo round 11
ChatterBot Kilo round 11
ChatterBot Alpha round 11
ChatterBot India round 11
ChatterBot Uniform round 11
2024-10-14 18:54:14.891526 Romeo: We should replace India with Yankee
2024-10-14 18:54:14.926413 Echo: No
2024-10-14 18:54:14.926601 Sierra: No
2024-10-14 18:54:14.926756 Kilo: No
ChatterBot Romeo reevaluating
ChatterBot Romeo reevaluating
ChatterBot Romeo reevaluating
2024-10-14 18:54:15.013692 Echo: Sierra, sending you 6
2024-10-14 18:54:15.014696 Romeo: Yankee we want you to join our group
2024-10-14 18:54:15.018407 Yankee: No
ChatterBot Romeo reevaluating
2024-10-14 18:54:15.028735 Sierra: Echo and Kilo, sending you 3
2024-10-14 18:54:15.029333 Hotel: Papa and Uniform, sending you 4
2024-10-14 18:54:15.031039 Echo: Romeo, sending you 4
2024-10-14 18:54:15.033726 Sierra: Romeo, sending you 4
2024-10-14 18:54:15.035544 Yankee: Papa, Hotel, India and Uniform, sending you 2
2024-10-14 18:54:15.037111 Papa: Hotel and India, sending you 4
2024-10-14 18:54:15.039099 Kilo: Echo and Sierra, sending you 4
2024-10-14 18:54:15.040135 Hotel: Yankee, sending you 2
2024-10-14 18:54:15.041816 Echo: Kilo, sending you 5
2024-10-14 18:54:15.042629 Alpha: Papa, Hotel, Yankee and Uniform, sending you 3
2024-10-14 18:54:15.044043 India: Papa, sending you 4
2024-10-14 18:54:15.045736 Uniform: Papa, Yankee, Alpha and India, sending you 3
2024-10-14 18:54:15.047241 Yankee: Alpha, sending you 1
2024-10-14 18:54:15.049060 Kilo: Romeo, sending you 8
2024-10-14 18:54:15.049987 Papa: Yankee, sending you 1
2024-10-14 18:54:15.051335 Hotel: Alpha and India, sending you 3
2024-10-14 18:54:15.053041 Alpha: India, sending you 4
2024-10-14 18:54:15.054157 Uniform: Hotel, sending you 4
2024-10-14 18:54:15.055295 India: Hotel, Yankee, Alpha and Uniform, sending you 3
2024-10-14 18:54:15.057083 Papa: Alpha and Uniform, sending you 3
2024-10-14 18:54:15.067683 Romeo: Echo, sending you 3
2024-10-14 18:54:15.070704 Romeo: Sierra, sending you 5
2024-10-14 18:54:15.075665 Romeo: Kilo, sending you 7
chatterbot Alpha submitting transactions
chatterbot Echo submitting transactions
chatterbot Hotel submitting transactions
chatterbot Yankee submitting transactions
chatterbot Papa submitting transactions
chatterbot Sierra submitting transactions
chatterbot Kilo submitting transactions
chatterbot India submitting transactions
chatterbot Uniform submitting transactions
chatterbot Romeo submitting transactions
ChatterBot Papa round 12
ChatterBot Echo round 12
ChatterBot Hotel round 12
ChatterBot Sierra round 12
ChatterBot Yankee round 12
ChatterBot Romeo round 12
ChatterBot Kilo round 12
ChatterBot Alpha round 12
ChatterBot India round 12
ChatterBot Uniform round 12
