ChatterBot Golf round 1
ChatterBot India round 1
ChatterBot X-ray round 1
ChatterBot Quebec round 1
ChatterBot Oscar round 1
ChatterBot Mike round 1
ChatterBot Kilo round 1
ChatterBot Victor round 1
ChatterBot Papa round 1
ChatterBot Bravo round 1
randomSelections Golf: {Golf, Papa, Bravo, Victor, Kilo, Oscar, Quebec} 
2024-10-14 18:54:00.300052 Golf: We would work well together
ChatterBot Papa reevaluating
ChatterBot Bravo reevaluating
ChatterBot Victor reevaluating
ChatterBot Kilo reevaluating
ChatterBot Oscar reevaluating
ChatterBot Quebec reevaluating
2024-10-14 18:54:00.367287 Papa: Yes
2024-10-14 18:54:00.367466 Bravo: Yes
2024-10-14 18:54:00.367836 Victor: Yes
2024-10-14 18:54:00.368942 Kilo: Yes
2024-10-14 18:54:00.369164 Oscar: Yes
2024-10-14 18:54:00.369562 Quebec: Yes
ChatterBot Bravo reevaluating
ChatterBot Victor reevaluating
ChatterBot Kilo reevaluating
ChatterBot Oscar reevaluating
ChatterBot Quebec reevaluating
ChatterBot Papa reevaluating
ChatterBot Victor reevaluating
ChatterBot Kilo reevaluating
ChatterBot Oscar reevaluating
ChatterBot Quebec reevaluating
ChatterBot Papa reevaluating
ChatterBot Bravo reevaluating
ChatterBot Kilo reevaluating
ChatterBot Oscar reevaluating
ChatterBot Quebec reevaluating
ChatterBot Papa reevaluating
ChatterBot Bravo reevaluating
ChatterBot Victor reevaluating
ChatterBot Oscar reevaluating
ChatterBot Quebec reevaluating
ChatterBot Papa reevaluating
ChatterBot Bravo reevaluating
ChatterBot Victor reevaluating
ChatterBot Kilo reevaluating
ChatterBot Quebec reevaluating
ChatterBot Papa reevaluating
ChatterBot Bravo reevaluating
ChatterBot Victor reevaluating
ChatterBot Kilo reevaluating
ChatterBot Oscar reevaluating
randomSelections India: {India, Papa, Quebec, Victor, Bravo, Mike, X-ray} 
2024-10-14 18:54:00.454383 India: Let's form a team
ChatterBot Papa reevaluating
ChatterBot Quebec reevaluating
ChatterBot Victor reevaluating
ChatterBot Bravo reevaluating
ChatterBot Mike reevaluating
ChatterBot X-ray reevaluating
2024-10-14 18:54:00.464797 Papa: No
2024-10-14 18:54:00.465224 Quebec: No
2024-10-14 18:54:00.465592 Victor: No
2024-10-14 18:54:00.465847 Bravo: No
2024-10-14 18:54:00.466704 Mike: Yes
2024-10-14 18:54:00.466864 X-ray: Yes
ChatterBot Quebec reevaluating
ChatterBot Victor reevaluating
ChatterBot Bravo reevaluating
ChatterBot Mike reevaluating
ChatterBot X-ray reevaluating
ChatterBot Papa reevaluating
ChatterBot Victor reevaluating
ChatterBot Bravo reevaluating
ChatterBot Mike reevaluating
ChatterBot X-ray reevaluating
ChatterBot Papa reevaluating
ChatterBot Quebec reevaluating
ChatterBot Bravo reevaluating
ChatterBot Mike reevaluating
ChatterBot X-ray reevaluating
ChatterBot Papa reevaluating
ChatterBot Quebec reevaluating
ChatterBot Victor reevaluating
ChatterBot Mike reevaluating
ChatterBot X-ray reevaluating
ChatterBot Papa reevaluating
ChatterBot Quebec reevaluating
ChatterBot Victor reevaluating
ChatterBot Bravo reevaluating
ChatterBot X-ray reevaluating
ChatterBot Papa reevaluating
ChatterBot Quebec reevaluating
ChatterBot Victor reevaluating
ChatterBot Bravo reevaluating
ChatterBot Mike reevaluating
2024-10-14 18:54:00.577892 India: X-ray, sending you 1
2024-10-14 18:54:00.579279 X-ray: India and Quebec, sending you 2
2024-10-14 18:54:00.581665 Kilo: Golf, sending you 3
2024-10-14 18:54:00.582909 Oscar: Golf, Quebec, Kilo and Bravo, sending you 3
2024-10-14 18:54:00.583449 India: Quebec and Bravo, sending you 4
2024-10-14 18:54:00.584494 Bravo: Golf and Oscar, sending you 4
2024-10-14 18:54:00.585031 Golf: Oscar, sending you 3
2024-10-14 18:54:00.586164 X-ray: Victor, sending you 3
2024-10-14 18:54:00.589259 Oscar: Papa, sending you 4
2024-10-14 18:54:00.589760 India: Mike and Victor, sending you 2
2024-10-14 18:54:00.590715 Kilo: Quebec, sending you 4
2024-10-14 18:54:00.591023 Bravo: Kilo, sending you 6
2024-10-14 18:54:00.591293 Golf: Kilo, sending you 5
2024-10-14 18:54:00.591557 X-ray: Papa, sending you 5
2024-10-14 18:54:00.592210 Mike: India and Papa, sending you 2
2024-10-14 18:54:00.592525 Quebec: Golf and Oscar, sending you 4
2024-10-14 18:54:00.628810 India: Papa, sending you 3
2024-10-14 18:54:00.629251 Golf: Victor, sending you 1
2024-10-14 18:54:00.629580 Kilo: Oscar and Papa, sending you 1
2024-10-14 18:54:00.630463 Papa: Golf and Oscar, sending you 4
2024-10-14 18:54:00.630780 Bravo: Victor, sending you 1
2024-10-14 18:54:00.631059 X-ray: Bravo, sending you 4
2024-10-14 18:54:00.631828 Mike: X-ray, sending you 4
2024-10-14 18:54:00.632062 Quebec: Kilo and Victor, sending you 1
2024-10-14 18:54:00.634181 Papa: Quebec and Kilo, sending you 1
2024-10-14 18:54:00.634975 Kilo: Victor, sending you 2
2024-10-14 18:54:00.635261 Quebec: Papa, sending you 2
2024-10-14 18:54:00.636329 Mike: Quebec, sending you 3
2024-10-14 18:54:00.638434 Papa: Bravo, sending you 2
2024-10-14 18:54:00.639687 Quebec: Bravo, sending you 3
2024-10-14 18:54:00.640150 Kilo: Bravo, sending you 6
2024-10-14 18:54:00.640632 Mike: Bravo, sending you 1
chatterbot Bravo submitting transactions
chatterbot Mike submitting transactions
chatterbot Kilo submitting transactions
chatterbot Golf submitting transactions
chatterbot Papa submitting transactions
chatterbot Victor submitting transactions
chatterbot Quebec submitting transactions
chatterbot X-ray submitting transactions
chatterbot India submitting transactions
chatterbot Oscar submitting transactions
ChatterBot Golf round 2
ChatterBot India round 2
2024-10-14 18:54:03.303422 India: We should group up
ChatterBot X-ray reevaluating
ChatterBot Mike reevaluating
ChatterBot Victor reevaluating
2024-10-14 18:54:03.342237 X-ray: No
2024-10-14 18:54:03.342857 Mike: No
2024-10-14 18:54:03.342964 Victor: No
ChatterBot Mike reevaluating
ChatterBot Victor reevaluating
ChatterBot India reevaluating
ChatterBot X-ray reevaluating
ChatterBot Victor reevaluating
ChatterBot India reevaluating
ChatterBot X-ray reevaluating
ChatterBot Mike reevaluating
ChatterBot X-ray round 2
ChatterBot Quebec round 2
ChatterBot Oscar round 2
ChatterBot Mike round 2
ChatterBot Kilo round 2
ChatterBot Victor round 2
ChatterBot Papa round 2
ChatterBot Bravo round 2
2024-10-14 18:54:03.569814 Quebec: Group up?
ChatterBot Oscar reevaluating
ChatterBot Papa reevaluating
ChatterBot Kilo reevaluating
ChatterBot Bravo reevaluating
ChatterBot India reevaluating
ChatterBot X-ray reevaluating
ChatterBot Mike reevaluating
2024-10-14 18:54:03.631518 Oscar: No
2024-10-14 18:54:03.632402 Papa: Yes
2024-10-14 18:54:03.632925 Golf: No
2024-10-14 18:54:03.633320 Kilo: No
2024-10-14 18:54:03.634293 Bravo: Yes
2024-10-14 18:54:03.634510 India: No
2024-10-14 18:54:03.634745 X-ray: No
2024-10-14 18:54:03.635172 Mike: No
ChatterBot Papa reevaluating
ChatterBot Kilo reevaluating
ChatterBot Bravo reevaluating
ChatterBot India reevaluating
ChatterBot X-ray reevaluating
ChatterBot Mike reevaluating
ChatterBot Oscar reevaluating
ChatterBot Kilo reevaluating
ChatterBot Bravo reevaluating
ChatterBot India reevaluating
ChatterBot X-ray reevaluating
ChatterBot Mike reevaluating
ChatterBot Oscar reevaluating
ChatterBot Papa reevaluating
ChatterBot Kilo reevaluating
ChatterBot Bravo reevaluating
ChatterBot India reevaluating
ChatterBot X-ray reevaluating
ChatterBot Mike reevaluating
ChatterBot Oscar reevaluating
ChatterBot Papa reevaluating
ChatterBot Bravo reevaluating
ChatterBot India reevaluating
ChatterBot X-ray reevaluating
ChatterBot Mike reevaluating
ChatterBot Oscar reevaluating
ChatterBot Papa reevaluating
ChatterBot Kilo reevaluating
ChatterBot India reevaluating
ChatterBot X-ray reevaluating
ChatterBot Mike reevaluating
ChatterBot Oscar reevaluating
ChatterBot Papa reevaluating
ChatterBot Kilo reevaluating
ChatterBot Bravo reevaluating
ChatterBot X-ray reevaluating
ChatterBot Mike reevaluating
ChatterBot Oscar reevaluating
ChatterBot Papa reevaluating
ChatterBot Kilo reevaluating
ChatterBot Bravo reevaluating
ChatterBot India reevaluating
ChatterBot Mike reevaluating
ChatterBot Oscar reevaluating
ChatterBot Papa reevaluating
ChatterBot Kilo reevaluating
ChatterBot Bravo reevaluating
ChatterBot India reevaluating
ChatterBot X-ray reevaluating
2024-10-14 18:54:04.185973 Golf: We should drop Victor
ChatterBot Oscar reevaluating
ChatterBot Papa reevaluating
ChatterBot Kilo reevaluating
ChatterBot Bravo reevaluating
2024-10-14 18:54:04.221563 Quebec: Yes
2024-10-14 18:54:04.221725 Oscar: Yes
2024-10-14 18:54:04.221862 Papa: Yes
2024-10-14 18:54:04.222003 Kilo: Yes
2024-10-14 18:54:04.222131 Bravo: Yes
ChatterBot Oscar reevaluating
ChatterBot Papa reevaluating
ChatterBot Kilo reevaluating
ChatterBot Bravo reevaluating
ChatterBot Papa reevaluating
ChatterBot Kilo reevaluating
ChatterBot Bravo reevaluating
ChatterBot Oscar reevaluating
ChatterBot Kilo reevaluating
ChatterBot Bravo reevaluating
ChatterBot Oscar reevaluating
ChatterBot Papa reevaluating
ChatterBot Bravo reevaluating
ChatterBot Oscar reevaluating
ChatterBot Papa reevaluating
ChatterBot Kilo reevaluating
2024-10-14 18:54:04.406103 X-ray: Sending you each 5
2024-10-14 18:54:04.407778 Victor: Golf, Quebec and Bravo, sending you 2
2024-10-14 18:54:04.408675 India: Golf, Quebec, Oscar and Papa, sending you 1
2024-10-14 18:54:04.410695 Golf: Quebec, Oscar, Papa and Bravo, sending you 2
2024-10-14 18:54:04.412895 Quebec: India, Oscar, Mike and Kilo, sending you 3
2024-10-14 18:54:04.413387 Victor: Oscar and Papa, sending you 1
2024-10-14 18:54:04.413854 India: X-ray and Mike, sending you 6
2024-10-14 18:54:04.414755 Papa: India, sending you 3
2024-10-14 18:54:04.415215 Golf: Kilo, sending you 1
2024-10-14 18:54:04.415745 Mike: India, sending you 8
2024-10-14 18:54:04.416474 Bravo: Golf, sending you 1
2024-10-14 18:54:04.416939 Quebec: X-ray, sending you 2
2024-10-14 18:54:04.417335 Victor: Kilo, sending you 4
2024-10-14 18:54:04.418670 Papa: X-ray and Oscar, sending you 4
2024-10-14 18:54:04.418992 Mike: X-ray and Papa, sending you 3
2024-10-14 18:54:04.420705 Quebec: Papa, sending you 1
2024-10-14 18:54:04.421716 Bravo: India, X-ray, Quebec, Oscar, Mike, Kilo and Papa, sending you 2
2024-10-14 18:54:04.422288 Papa: Quebec and Mike, sending you 2
2024-10-14 18:54:04.426686 Papa: Kilo, sending you 1
2024-10-14 18:54:04.427650 Kilo: Golf, sending you 5
2024-10-14 18:54:04.429946 Oscar: Golf, sending you 3
2024-10-14 18:54:04.430678 Kilo: Quebec and Papa, sending you 1
2024-10-14 18:54:04.434265 Oscar: Quebec, Papa and Bravo, sending you 4
2024-10-14 18:54:04.435980 Kilo: Oscar, sending you 3
2024-10-14 18:54:04.437922 Oscar: Kilo, sending you 1
2024-10-14 18:54:04.441218 Kilo: Bravo, sending you 7
chatterbot Mike submitting transactions
chatterbot X-ray submitting transactions
chatterbot Oscar submitting transactions
chatterbot Papa submitting transactions
chatterbot Kilo submitting transactions
chatterbot Quebec submitting transactions
chatterbot India submitting transactions
chatterbot Bravo submitting transactions
chatterbot Golf submitting transactions
chatterbot Victor submitting transactions
ChatterBot Golf round 3
ChatterBot India round 3
ChatterBot X-ray round 3
ChatterBot Quebec round 3
2024-10-14 18:54:05.291810 India: We should add Victor
ChatterBot Quebec reevaluating
ChatterBot X-ray reevaluating
ChatterBot Mike reevaluating
2024-10-14 18:54:05.327300 Quebec: Yes
2024-10-14 18:54:05.327468 Oscar: No
2024-10-14 18:54:05.327599 Papa: No
2024-10-14 18:54:05.327737 Golf: No
2024-10-14 18:54:05.327847 Kilo: No
2024-10-14 18:54:05.327946 Bravo: No
2024-10-14 18:54:05.328047 X-ray: No
2024-10-14 18:54:05.328148 Mike: No
ChatterBot X-ray reevaluating
ChatterBot Mike reevaluating
ChatterBot Quebec reevaluating
ChatterBot X-ray reevaluating
ChatterBot Mike reevaluating
ChatterBot Quebec reevaluating
ChatterBot X-ray reevaluating
ChatterBot Mike reevaluating
ChatterBot Quebec reevaluating
ChatterBot India reevaluating
ChatterBot X-ray reevaluating
ChatterBot Mike reevaluating
ChatterBot Quebec reevaluating
ChatterBot India reevaluating
ChatterBot X-ray reevaluating
ChatterBot Mike reevaluating
ChatterBot Quebec reevaluating
ChatterBot India reevaluating
ChatterBot X-ray reevaluating
ChatterBot Mike reevaluating
ChatterBot Quebec reevaluating
ChatterBot India reevaluating
ChatterBot Mike reevaluating
ChatterBot Quebec reevaluating
ChatterBot India reevaluating
ChatterBot X-ray reevaluating
ChatterBot Oscar round 3
2024-10-14 18:54:05.554433 X-ray: We should add Papa
ChatterBot India reevaluating
ChatterBot Mike reevaluating
2024-10-14 18:54:05.560925 India: Yes
2024-10-14 18:54:05.561063 Mike: Yes
ChatterBot X-ray reevaluating
ChatterBot Mike reevaluating
ChatterBot X-ray reevaluating
ChatterBot India reevaluating
ChatterBot Mike round 3
ChatterBot Kilo round 3
ChatterBot Victor round 3
ChatterBot Papa round 3
ChatterBot Bravo round 3
2024-10-14 18:54:05.585447 Kilo: We should add Victor
ChatterBot Quebec reevaluating
ChatterBot Papa reevaluating
ChatterBot Bravo reevaluating
2024-10-14 18:54:05.601182 Golf: No
2024-10-14 18:54:05.601372 Quebec: Yes
2024-10-14 18:54:05.601547 Oscar: No
2024-10-14 18:54:05.601655 Papa: Yes
2024-10-14 18:54:05.601792 Bravo: Yes
ChatterBot Quebec reevaluating
ChatterBot Papa reevaluating
ChatterBot Bravo reevaluating
ChatterBot Papa reevaluating
ChatterBot Bravo reevaluating
ChatterBot Quebec reevaluating
ChatterBot Papa reevaluating
ChatterBot Bravo reevaluating
ChatterBot Quebec reevaluating
ChatterBot Oscar reevaluating
ChatterBot Bravo reevaluating
ChatterBot Quebec reevaluating
ChatterBot Oscar reevaluating
ChatterBot Papa reevaluating
2024-10-14 18:54:05.707749 Mike: We should add Quebec and Oscar
ChatterBot India reevaluating
ChatterBot Papa reevaluating
2024-10-14 18:54:05.725580 India: Yes
2024-10-14 18:54:05.726466 X-ray: No
2024-10-14 18:54:05.726632 Papa: Yes
ChatterBot X-ray reevaluating
ChatterBot Papa reevaluating
ChatterBot India reevaluating
ChatterBot Papa reevaluating
ChatterBot Mike reevaluating
ChatterBot India reevaluating
ChatterBot X-ray reevaluating
2024-10-14 18:54:05.764881 X-ray: We would work well together
ChatterBot India reevaluating
ChatterBot Mike reevaluating
ChatterBot Quebec reevaluating
ChatterBot Oscar reevaluating
ChatterBot Papa reevaluating
2024-10-14 18:54:05.785516 India: Yes
2024-10-14 18:54:05.785651 Mike: Yes
2024-10-14 18:54:05.785768 Quebec: No
2024-10-14 18:54:05.786460 Oscar: No
2024-10-14 18:54:05.786569 Papa: No
ChatterBot X-ray reevaluating
ChatterBot Mike reevaluating
ChatterBot Quebec reevaluating
ChatterBot Oscar reevaluating
ChatterBot Papa reevaluating
ChatterBot India reevaluating
ChatterBot X-ray reevaluating
ChatterBot Quebec reevaluating
ChatterBot Oscar reevaluating
ChatterBot Papa reevaluating
ChatterBot India reevaluating
ChatterBot X-ray reevaluating
ChatterBot Mike reevaluating
ChatterBot Oscar reevaluating
ChatterBot Papa reevaluating
ChatterBot India reevaluating
ChatterBot X-ray reevaluating
ChatterBot Mike reevaluating
ChatterBot Quebec reevaluating
ChatterBot Papa reevaluating
ChatterBot India reevaluating
ChatterBot X-ray reevaluating
ChatterBot Mike reevaluating
ChatterBot Quebec reevaluating
ChatterBot Oscar reevaluating
2024-10-14 18:54:05.986495 Kilo: Victor we want you to join our group
2024-10-14 18:54:05.991415 Victor: Yes
ChatterBot Golf reevaluating
ChatterBot Papa reevaluating
ChatterBot Bravo reevaluating
ChatterBot Oscar reevaluating
ChatterBot Quebec reevaluating
2024-10-14 18:54:06.025093 Quebec: Victor we want you to join our group
2024-10-14 18:54:06.029950 Victor: No
ChatterBot Quebec reevaluating
ChatterBot Papa reevaluating
ChatterBot Golf reevaluating
ChatterBot India reevaluating
ChatterBot X-ray reevaluating
2024-10-14 18:54:06.063675 Oscar: Victor we want you to join our group
2024-10-14 18:54:06.067402 Victor: Yes
ChatterBot Golf reevaluating
ChatterBot Papa reevaluating
ChatterBot Quebec reevaluating
2024-10-14 18:54:06.090253 Bravo: Victor we want you to join our group
2024-10-14 18:54:06.094291 Victor: No
ChatterBot Quebec reevaluating
ChatterBot Papa reevaluating
ChatterBot Golf reevaluating
ChatterBot India reevaluating
ChatterBot X-ray reevaluating
2024-10-14 18:54:06.127857 Kilo: Golf, Quebec and Victor, sending you 3
chatterbot Victor submitting transactions
2024-10-14 18:54:06.128700 Mike: India, sending you 4
2024-10-14 18:54:06.129130 Victor: Golf, Quebec and Bravo, sending you 2
2024-10-14 18:54:06.130898 Kilo: Oscar, sending you 2
2024-10-14 18:54:06.131695 Mike: X-ray, Quebec and Papa, sending you 3
2024-10-14 18:54:06.132702 X-ray: Papa we want you to join our group
ChatterBot Papa reevaluating
2024-10-14 18:54:06.139421 Papa: Yes
ChatterBot Mike reevaluating
ChatterBot India reevaluating
ChatterBot X-ray reevaluating
2024-10-14 18:54:06.153019 Victor: Oscar and Papa, sending you 1
2024-10-14 18:54:06.153871 Kilo: Papa, sending you 1
2024-10-14 18:54:06.156704 Bravo: Golf, Quebec, Mike, Victor and Papa, sending you 1
2024-10-14 18:54:06.157462 Kilo: Bravo, sending you 5
2024-10-14 18:54:06.158139 Victor: Kilo, sending you 4
2024-10-14 18:54:06.159621 Quebec: Golf and Bravo, sending you 2
2024-10-14 18:54:06.160076 Oscar: Golf, Quebec and Bravo, sending you 3
2024-10-14 18:54:06.160546 Bravo: India, X-ray and Oscar, sending you 2
2024-10-14 18:54:06.161667 Papa: Victor we want you to join our group
2024-10-14 18:54:06.169649 Victor: No
ChatterBot Quebec reevaluating
ChatterBot Papa reevaluating
ChatterBot Golf reevaluating
ChatterBot Bravo reevaluating
ChatterBot India reevaluating
ChatterBot X-ray reevaluating
ChatterBot Mike reevaluating
2024-10-14 18:54:06.214389 Oscar: Kilo, sending you 2
2024-10-14 18:54:06.217669 Oscar: Victor, sending you 1
2024-10-14 18:54:06.221666 Oscar: Papa, sending you 4
2024-10-14 18:54:06.228743 Bravo: Sorry, I'm actually sending you 0
2024-10-14 18:54:06.229081 Bravo: Sorry, I'm actually sending you 0
2024-10-14 18:54:06.229315 Bravo: Sorry, I'm actually sending you 0
2024-10-14 18:54:06.233668 Bravo: Golf, Quebec, Victor and Papa, sending you 2
2024-10-14 18:54:06.238666 Bravo: Oscar, sending you 3
2024-10-14 18:54:06.239680 X-ray: Sending you each 5
2024-10-14 18:54:06.244658 India: X-ray, sending you 4
2024-10-14 18:54:06.248658 India: Quebec and Papa, sending you 3
2024-10-14 18:54:06.253052 India: Mike, sending you 6
2024-10-14 18:54:06.253655 Papa: Golf, India, X-ray, Quebec and Bravo, sending you 2
2024-10-14 18:54:06.256668 Papa: Oscar, sending you 4
2024-10-14 18:54:06.260671 Papa: Mike, sending you 3
2024-10-14 18:54:06.265665 Papa: Kilo, sending you 1
chatterbot Oscar submitting transactions
chatterbot Bravo submitting transactions
chatterbot Quebec submitting transactions
chatterbot Mike submitting transactions
chatterbot Kilo submitting transactions
chatterbot India submitting transactions
chatterbot Golf submitting transactions
chatterbot X-ray submitting transactions
chatterbot Papa submitting transactions
ChatterBot Golf round 4
ChatterBot India round 4
ChatterBot X-ray round 4
ChatterBot Quebec round 4
ChatterBot Oscar round 4
ChatterBot Mike round 4
ChatterBot Kilo round 4
2024-10-14 18:54:07.263401 X-ray: We should add Quebec
ChatterBot Mike reevaluating
2024-10-14 18:54:07.276191 Mike: Yes
2024-10-14 18:54:07.276350 India: Yes
2024-10-14 18:54:07.276472 Papa: Yes
ChatterBot X-ray reevaluating
ChatterBot Mike reevaluating
ChatterBot X-ray reevaluating
ChatterBot Mike reevaluating
ChatterBot X-ray reevaluating
ChatterBot Victor round 4
ChatterBot Papa round 4
ChatterBot Bravo round 4
2024-10-14 18:54:07.326880 India: We should drop Oscar
ChatterBot X-ray reevaluating
ChatterBot Mike reevaluating
ChatterBot Papa reevaluating
ChatterBot Quebec reevaluating
2024-10-14 18:54:07.337060 X-ray: Yes
2024-10-14 18:54:07.337182 Mike: Yes
2024-10-14 18:54:07.337276 Papa: No
2024-10-14 18:54:07.337356 Quebec: No
ChatterBot Mike reevaluating
ChatterBot Papa reevaluating
ChatterBot Quebec reevaluating
ChatterBot X-ray reevaluating
ChatterBot Papa reevaluating
ChatterBot Quebec reevaluating
ChatterBot X-ray reevaluating
ChatterBot Mike reevaluating
ChatterBot Quebec reevaluating
ChatterBot X-ray reevaluating
ChatterBot Mike reevaluating
ChatterBot Papa reevaluating
2024-10-14 18:54:07.396990 Victor: We should drop Papa
ChatterBot Golf reevaluating
ChatterBot Quebec reevaluating
ChatterBot Bravo reevaluating
2024-10-14 18:54:07.412056 Golf: No
2024-10-14 18:54:07.412219 Quebec: No
2024-10-14 18:54:07.412359 Oscar: No
2024-10-14 18:54:07.412495 Kilo: No
2024-10-14 18:54:07.412631 Bravo: No
ChatterBot Victor reevaluating
ChatterBot Quebec reevaluating
ChatterBot Bravo reevaluating
ChatterBot Victor reevaluating
ChatterBot Golf reevaluating
ChatterBot Bravo reevaluating
ChatterBot Victor reevaluating
ChatterBot Golf reevaluating
ChatterBot Quebec reevaluating
ChatterBot Bravo reevaluating
ChatterBot Victor reevaluating
ChatterBot Golf reevaluating
ChatterBot Quebec reevaluating
ChatterBot Bravo reevaluating
ChatterBot Victor reevaluating
ChatterBot Golf reevaluating
ChatterBot Quebec reevaluating
2024-10-14 18:54:07.515559 Oscar: Golf and Kilo, sending you 2
2024-10-14 18:54:07.518711 Oscar: Quebec and Papa, sending you 4
2024-10-14 18:54:07.519476 India: X-ray and Mike, sending you 5
2024-10-14 18:54:07.519895 Kilo: Golf, Quebec and Victor, sending you 3
2024-10-14 18:54:07.521340 Quebec: We should drop India
ChatterBot Golf reevaluating
ChatterBot Victor reevaluating
2024-10-14 18:54:07.605416 Golf: Yes
2024-10-14 18:54:07.606348 Papa: Yes
2024-10-14 18:54:07.606549 Bravo: Yes
2024-10-14 18:54:07.606747 Victor: Yes
2024-10-14 18:54:07.606864 Kilo: Yes
2024-10-14 18:54:07.606958 Oscar: Yes
ChatterBot Victor reevaluating
ChatterBot Golf reevaluating
ChatterBot Victor reevaluating
ChatterBot Golf reevaluating
ChatterBot Victor reevaluating
ChatterBot Quebec reevaluating
ChatterBot Golf reevaluating
ChatterBot Quebec reevaluating
ChatterBot Golf reevaluating
ChatterBot Victor reevaluating
ChatterBot Quebec reevaluating
ChatterBot Golf reevaluating
ChatterBot Victor reevaluating
ChatterBot Quebec reevaluating
2024-10-14 18:54:07.707900 X-ray: India, sending you 6
2024-10-14 18:54:07.709053 Oscar: Victor, sending you 1
2024-10-14 18:54:07.709866 India: Quebec and Papa, sending you 3
2024-10-14 18:54:07.710510 Kilo: Oscar, sending you 2
chatterbot Kilo submitting transactions
2024-10-14 18:54:07.713925 X-ray: Mike and Papa, sending you 5
2024-10-14 18:54:07.714301 Papa: Golf, Kilo and Victor, sending you 2
2024-10-14 18:54:07.714991 Mike: India, sending you 5
2024-10-14 18:54:07.716019 Oscar: Bravo, sending you 3
2024-10-14 18:54:07.716489 Kilo: Papa, sending you 1
2024-10-14 18:54:07.717747 Papa: Quebec and Bravo, sending you 3
2024-10-14 18:54:07.719847 Kilo: Bravo, sending you 5
2024-10-14 18:54:07.720702 Mike: X-ray, sending you 4
2024-10-14 18:54:07.721028 Papa: Oscar, sending you 4
2024-10-14 18:54:07.724677 Mike: Quebec and Papa, sending you 3
2024-10-14 18:54:07.726662 Bravo: Golf, Quebec, Victor and Papa, sending you 2
2024-10-14 18:54:07.731714 Bravo: Oscar, sending you 3
2024-10-14 18:54:07.736683 Victor: Golf and Quebec, sending you 3
2024-10-14 18:54:07.737219 Bravo: Kilo, sending you 4
2024-10-14 18:54:07.741652 Victor: Oscar, sending you 2
2024-10-14 18:54:07.746663 Victor: Kilo, sending you 5
2024-10-14 18:54:07.749690 Victor: Bravo, sending you 4
chatterbot Bravo submitting transactions
chatterbot Mike submitting transactions
chatterbot India submitting transactions
chatterbot Golf submitting transactions
chatterbot Oscar submitting transactions
chatterbot Papa submitting transactions
chatterbot X-ray submitting transactions
chatterbot Victor submitting transactions
chatterbot Quebec submitting transactions
ChatterBot Golf round 5
ChatterBot India round 5
ChatterBot X-ray round 5
ChatterBot Quebec round 5
ChatterBot Oscar round 5
ChatterBot Mike round 5
ChatterBot Kilo round 5
ChatterBot Victor round 5
ChatterBot Papa round 5
ChatterBot Bravo round 5
2024-10-14 18:54:08.888093 India: We should drop Quebec
2024-10-14 18:54:08.902047 Mike: Yes
2024-10-14 18:54:08.902287 X-ray: Yes
2024-10-14 18:54:08.902497 Papa: No
2024-10-14 18:54:08.935468 Quebec: We should drop India
ChatterBot Golf reevaluating
2024-10-14 18:54:08.952483 Golf: Yes
2024-10-14 18:54:08.952668 Papa: Yes
2024-10-14 18:54:08.952798 Bravo: Yes
2024-10-14 18:54:08.952911 Victor: Yes
2024-10-14 18:54:08.953016 Kilo: Yes
2024-10-14 18:54:08.953129 Oscar: Yes
ChatterBot Quebec reevaluating
ChatterBot Golf reevaluating
ChatterBot Quebec reevaluating
ChatterBot Golf reevaluating
ChatterBot Quebec reevaluating
ChatterBot Golf reevaluating
ChatterBot Quebec reevaluating
ChatterBot Golf reevaluating
ChatterBot Quebec reevaluating
ChatterBot Golf reevaluating
ChatterBot Quebec reevaluating
2024-10-14 18:54:09.065705 X-ray: India and Mike, sending you 6
2024-10-14 18:54:09.066345 Victor: Golf, Oscar and Papa, sending you 2
2024-10-14 18:54:09.067430 Kilo: Golf, Quebec and Victor, sending you 3
2024-10-14 18:54:09.068683 X-ray: Papa, sending you 4
2024-10-14 18:54:09.070673 Victor: Quebec and Bravo, sending you 3
2024-10-14 18:54:09.071692 Kilo: Oscar and Papa, sending you 2
2024-10-14 18:54:09.075693 Victor: Kilo, sending you 5
2024-10-14 18:54:09.076853 Papa: Golf and Kilo, sending you 2
2024-10-14 18:54:09.077771 Kilo: Bravo, sending you 4
2024-10-14 18:54:09.078885 Mike: India, sending you 6
2024-10-14 18:54:09.081666 Papa: Quebec and Bravo, sending you 3
2024-10-14 18:54:09.082553 Oscar: Golf and Kilo, sending you 2
2024-10-14 18:54:09.083411 Bravo: Golf, Quebec, Victor and Papa, sending you 2
2024-10-14 18:54:09.084403 Mike: X-ray, sending you 5
2024-10-14 18:54:09.084898 India: X-ray, sending you 6
2024-10-14 18:54:09.085382 Papa: Oscar, sending you 4
2024-10-14 18:54:09.086225 Oscar: Quebec and Papa, sending you 4
2024-10-14 18:54:09.087088 Bravo: Oscar, sending you 3
2024-10-14 18:54:09.088724 Mike: Papa, sending you 4
2024-10-14 18:54:09.089408 India: Mike, sending you 7
2024-10-14 18:54:09.090052 Papa: Victor, sending you 1
2024-10-14 18:54:09.091434 Oscar: Victor, sending you 1
2024-10-14 18:54:09.092846 Bravo: Kilo, sending you 4
2024-10-14 18:54:09.094344 India: Papa, sending you 3
2024-10-14 18:54:09.097672 Oscar: Bravo, sending you 3
chatterbot X-ray submitting transactions
chatterbot India submitting transactions
chatterbot Bravo submitting transactions
chatterbot Kilo submitting transactions
chatterbot Mike submitting transactions
chatterbot Victor submitting transactions
chatterbot Golf submitting transactions
chatterbot Oscar submitting transactions
chatterbot Papa submitting transactions
chatterbot Quebec submitting transactions
ChatterBot Golf round 6
ChatterBot India round 6
ChatterBot X-ray round 6
ChatterBot Quebec round 6
ChatterBot Oscar round 6
ChatterBot Mike round 6
ChatterBot Kilo round 6
ChatterBot Victor round 6
ChatterBot Papa round 6
ChatterBot Bravo round 6
2024-10-14 18:54:10.094152 X-ray: We should drop Papa
2024-10-14 18:54:10.104025 India: No
2024-10-14 18:54:10.104263 Mike: No
ChatterBot X-ray reevaluating
2024-10-14 18:54:10.124668 Quebec: We should drop India
ChatterBot Golf reevaluating
2024-10-14 18:54:10.159869 Golf: Yes
2024-10-14 18:54:10.160076 Papa: Yes
2024-10-14 18:54:10.160244 Bravo: Yes
2024-10-14 18:54:10.160402 Victor: Yes
2024-10-14 18:54:10.160555 Kilo: Yes
2024-10-14 18:54:10.160732 Oscar: Yes
ChatterBot Quebec reevaluating
ChatterBot Golf reevaluating
ChatterBot Quebec reevaluating
ChatterBot Golf reevaluating
ChatterBot Quebec reevaluating
ChatterBot Golf reevaluating
ChatterBot Quebec reevaluating
ChatterBot Golf reevaluating
ChatterBot Quebec reevaluating
ChatterBot Golf reevaluating
ChatterBot Quebec reevaluating
2024-10-14 18:54:10.272672 Oscar: Golf and Kilo, sending you 2
2024-10-14 18:54:10.274683 India: X-ray and Mike, sending you 7
2024-10-14 18:54:10.277854 Oscar: Quebec and Papa, sending you 4
2024-10-14 18:54:10.278681 India: Papa, sending you 2
2024-10-14 18:54:10.280652 Oscar: Victor, sending you 1
2024-10-14 18:54:10.283655 Oscar: Bravo, sending you 3
2024-10-14 18:54:10.284677 Papa: Golf, Kilo and Victor, sending you 2
2024-10-14 18:54:10.286784 Kilo: Golf, Quebec and Victor, sending you 3
2024-10-14 18:54:10.287679 Mike: India, sending you 7
2024-10-14 18:54:10.288649 Victor: Golf, Oscar and Papa, sending you 2
2024-10-14 18:54:10.289669 Papa: Quebec and Oscar, sending you 4
2024-10-14 18:54:10.290274 Kilo: Oscar and Papa, sending you 2
2024-10-14 18:54:10.290954 Mike: X-ray, sending you 5
2024-10-14 18:54:10.291682 Bravo: Golf, Quebec, Victor and Papa, sending you 2
2024-10-14 18:54:10.292826 X-ray: India and Mike, sending you 6
2024-10-14 18:54:10.293284 Papa: Bravo, sending you 3
2024-10-14 18:54:10.294813 Victor: Quebec and Bravo, sending you 3
2024-10-14 18:54:10.295433 Mike: Papa, sending you 3
2024-10-14 18:54:10.295771 Kilo: Bravo, sending you 4
2024-10-14 18:54:10.296394 X-ray: Papa, sending you 4
2024-10-14 18:54:10.296780 Bravo: Oscar, sending you 3
2024-10-14 18:54:10.297670 Victor: Kilo, sending you 5
2024-10-14 18:54:10.301872 Bravo: Kilo, sending you 4
chatterbot Victor submitting transactions
chatterbot India submitting transactions
chatterbot Oscar submitting transactions
chatterbot Golf submitting transactions
chatterbot Kilo submitting transactions
chatterbot Mike submitting transactions
chatterbot Papa submitting transactions
chatterbot Quebec submitting transactions
chatterbot Bravo submitting transactions
chatterbot X-ray submitting transactions
ChatterBot Golf round 7
ChatterBot India round 7
ChatterBot X-ray round 7
ChatterBot Quebec round 7
ChatterBot Oscar round 7
ChatterBot Mike round 7
ChatterBot Kilo round 7
ChatterBot Victor round 7
ChatterBot Papa round 7
ChatterBot Bravo round 7
2024-10-14 18:54:11.243252 X-ray: We should drop Papa
2024-10-14 18:54:11.248529 India: No
2024-10-14 18:54:11.248679 Mike: No
2024-10-14 18:54:11.273132 Quebec: We should drop India
ChatterBot Golf reevaluating
2024-10-14 18:54:11.293055 Golf: Yes
2024-10-14 18:54:11.293239 Papa: Yes
2024-10-14 18:54:11.293371 Bravo: Yes
2024-10-14 18:54:11.293494 Victor: Yes
2024-10-14 18:54:11.293606 Kilo: Yes
2024-10-14 18:54:11.293726 Oscar: Yes
ChatterBot Quebec reevaluating
ChatterBot Golf reevaluating
ChatterBot Quebec reevaluating
ChatterBot Golf reevaluating
ChatterBot Quebec reevaluating
ChatterBot Golf reevaluating
ChatterBot Quebec reevaluating
ChatterBot Golf reevaluating
ChatterBot Quebec reevaluating
ChatterBot Golf reevaluating
ChatterBot Quebec reevaluating
2024-10-14 18:54:11.415690 Oscar: Golf and Kilo, sending you 2
2024-10-14 18:54:11.416758 India: X-ray and Mike, sending you 7
2024-10-14 18:54:11.419677 Oscar: Quebec and Papa, sending you 4
2024-10-14 18:54:11.420926 Papa: Golf, Kilo and Victor, sending you 2
2024-10-14 18:54:11.421678 India: Papa, sending you 2
2024-10-14 18:54:11.422708 Bravo: Golf, Quebec and Victor, sending you 2
2024-10-14 18:54:11.423972 X-ray: Same as last round
2024-10-14 18:54:11.424337 Mike: India and X-ray, sending you 6
2024-10-14 18:54:11.424726 Oscar: Victor, sending you 1
2024-10-14 18:54:11.425540 Papa: Quebec and Oscar, sending you 4
2024-10-14 18:54:11.426214 Victor: Golf and Oscar, sending you 2
2024-10-14 18:54:11.426909 Kilo: Golf, Quebec and Victor, sending you 3
2024-10-14 18:54:11.428668 Bravo: Oscar, Kilo and Papa, sending you 3
2024-10-14 18:54:11.429423 Mike: Papa, sending you 3
2024-10-14 18:54:11.430066 Oscar: Bravo, sending you 3
2024-10-14 18:54:11.430669 Papa: Bravo, sending you 3
2024-10-14 18:54:11.431691 Victor: Quebec, Papa and Bravo, sending you 3
2024-10-14 18:54:11.432689 Kilo: Oscar and Papa, sending you 2
2024-10-14 18:54:11.434690 Victor: Kilo, sending you 4
2024-10-14 18:54:11.435670 Kilo: Bravo, sending you 4
chatterbot Bravo submitting transactions
chatterbot Papa submitting transactions
chatterbot Victor submitting transactions
chatterbot Mike submitting transactions
chatterbot Quebec submitting transactions
chatterbot Kilo submitting transactions
chatterbot Oscar submitting transactions
chatterbot India submitting transactions
chatterbot X-ray submitting transactions
chatterbot Golf submitting transactions
ChatterBot Golf round 8
ChatterBot India round 8
ChatterBot X-ray round 8
ChatterBot Quebec round 8
ChatterBot Oscar round 8
ChatterBot Mike round 8
ChatterBot Kilo round 8
ChatterBot Victor round 8
ChatterBot Papa round 8
ChatterBot Bravo round 8
2024-10-14 18:54:12.606705 Quebec: We should drop India
ChatterBot Golf reevaluating
2024-10-14 18:54:12.626767 Golf: Yes
2024-10-14 18:54:12.626924 Papa: Yes
2024-10-14 18:54:12.627491 Bravo: Yes
2024-10-14 18:54:12.627670 Victor: Yes
2024-10-14 18:54:12.627858 Kilo: Yes
2024-10-14 18:54:12.627975 Oscar: Yes
ChatterBot Quebec reevaluating
ChatterBot Golf reevaluating
ChatterBot Quebec reevaluating
ChatterBot Golf reevaluating
ChatterBot Quebec reevaluating
ChatterBot Golf reevaluating
ChatterBot Quebec reevaluating
ChatterBot Golf reevaluating
ChatterBot Quebec reevaluating
ChatterBot Golf reevaluating
ChatterBot Quebec reevaluating
2024-10-14 18:54:12.737651 Oscar: Golf and Kilo, sending you 2
2024-10-14 18:54:12.738611 Kilo: Golf, Quebec and Victor, sending you 3
2024-10-14 18:54:12.739393 India: X-ray and Mike, sending you 7
2024-10-14 18:54:12.740020 X-ray: India, sending you 5
2024-10-14 18:54:12.742020 Oscar: Quebec and Papa, sending you 4
2024-10-14 18:54:12.742996 India: Papa, sending you 2
2024-10-14 18:54:12.743394 X-ray: Mike, sending you 6
2024-10-14 18:54:12.743718 Kilo: Oscar and Papa, sending you 2
2024-10-14 18:54:12.745661 Oscar: Victor, sending you 1
2024-10-14 18:54:12.746914 Bravo: Golf, Quebec and Victor, sending you 2
2024-10-14 18:54:12.747851 Kilo: Bravo, sending you 4
2024-10-14 18:54:12.749703 Papa: Golf, Kilo and Victor, sending you 2
2024-10-14 18:54:12.750531 Oscar: Bravo, sending you 3
2024-10-14 18:54:12.752689 Bravo: Oscar, Kilo and Papa, sending you 3
2024-10-14 18:54:12.754662 Papa: Quebec and Oscar, sending you 4
2024-10-14 18:54:12.755638 Mike: India and X-ray, sending you 6
2024-10-14 18:54:12.756069 Victor: Golf and Oscar, sending you 2
2024-10-14 18:54:12.759068 Papa: Bravo, sending you 3
2024-10-14 18:54:12.759840 Mike: Papa, sending you 3
2024-10-14 18:54:12.760219 Victor: Quebec, Papa and Bravo, sending you 3
2024-10-14 18:54:12.765686 Victor: Kilo, sending you 4
chatterbot India submitting transactions
chatterbot Oscar submitting transactions
chatterbot Papa submitting transactions
chatterbot Mike submitting transactions
chatterbot Kilo submitting transactions
chatterbot Golf submitting transactions
chatterbot Victor submitting transactions
chatterbot Bravo submitting transactions
chatterbot X-ray submitting transactions
chatterbot Quebec submitting transactions
ChatterBot Golf round 9
ChatterBot India round 9
ChatterBot X-ray round 9
ChatterBot Quebec round 9
ChatterBot Oscar round 9
ChatterBot Mike round 9
ChatterBot Kilo round 9
ChatterBot Victor round 9
ChatterBot Papa round 9
ChatterBot Bravo round 9
2024-10-14 18:54:13.853574 India: We should drop Papa
ChatterBot Mike reevaluating
2024-10-14 18:54:13.864826 X-ray: Yes
2024-10-14 18:54:13.865926 Mike: Yes
ChatterBot Mike reevaluating
2024-10-14 18:54:13.884853 Mike: We should replace Papa with Bravo
2024-10-14 18:54:13.892124 X-ray: No
2024-10-14 18:54:13.892283 India: No
ChatterBot Mike reevaluating
ChatterBot Mike reevaluating
2024-10-14 18:54:13.907473 Quebec: We should drop India
ChatterBot Golf reevaluating
2024-10-14 18:54:13.925040 Golf: Yes
2024-10-14 18:54:13.925192 Papa: Yes
2024-10-14 18:54:13.925305 Bravo: Yes
2024-10-14 18:54:13.925415 Victor: Yes
2024-10-14 18:54:13.925522 Kilo: Yes
2024-10-14 18:54:13.925647 Oscar: Yes
ChatterBot Quebec reevaluating
ChatterBot Golf reevaluating
ChatterBot Quebec reevaluating
ChatterBot Golf reevaluating
ChatterBot Quebec reevaluating
ChatterBot Golf reevaluating
ChatterBot Quebec reevaluating
ChatterBot Golf reevaluating
ChatterBot Quebec reevaluating
ChatterBot Golf reevaluating
ChatterBot Quebec reevaluating
2024-10-14 18:54:14.038681 X-ray: Sending you each 5
2024-10-14 18:54:14.040146 Quebec: We should drop Golf and India
2024-10-14 18:54:14.062049 Oscar: No
2024-10-14 18:54:14.062229 Papa: No
2024-10-14 18:54:14.062366 Kilo: No
2024-10-14 18:54:14.062495 Victor: No
2024-10-14 18:54:14.062632 Bravo: No
ChatterBot Quebec reevaluating
ChatterBot Quebec reevaluating
ChatterBot Quebec reevaluating
ChatterBot Quebec reevaluating
ChatterBot Bravo reevaluating
ChatterBot Quebec reevaluating
2024-10-14 18:54:14.144517 Bravo: We should add India
ChatterBot Golf reevaluating
ChatterBot Quebec reevaluating
2024-10-14 18:54:14.160938 Golf: No
2024-10-14 18:54:14.161063 Papa: No
2024-10-14 18:54:14.161597 Victor: No
2024-10-14 18:54:14.161716 Kilo: No
2024-10-14 18:54:14.161807 Oscar: No
2024-10-14 18:54:14.161894 Quebec: No
ChatterBot Bravo reevaluating
ChatterBot Quebec reevaluating
ChatterBot Golf reevaluating
ChatterBot Bravo reevaluating
ChatterBot Quebec reevaluating
ChatterBot Golf reevaluating
ChatterBot Bravo reevaluating
ChatterBot Quebec reevaluating
ChatterBot Golf reevaluating
ChatterBot Bravo reevaluating
ChatterBot Quebec reevaluating
ChatterBot Golf reevaluating
ChatterBot Bravo reevaluating
ChatterBot Quebec reevaluating
ChatterBot Golf reevaluating
ChatterBot Bravo reevaluating
2024-10-14 18:54:14.275374 Oscar: Golf and Kilo, sending you 2
2024-10-14 18:54:14.276223 Mike: Bravo we want you to join our group
ChatterBot Bravo reevaluating
2024-10-14 18:54:14.279847 Bravo: No
ChatterBot Mike reevaluating
2024-10-14 18:54:14.288843 Oscar: Quebec and Papa, sending you 4
2024-10-14 18:54:14.290687 Papa: Golf, Kilo and Victor, sending you 2
2024-10-14 18:54:14.292341 Oscar: Victor, sending you 1
2024-10-14 18:54:14.293294 Kilo: Golf, Oscar and Papa, sending you 2
2024-10-14 18:54:14.294246 Victor: Golf and Oscar, sending you 2
2024-10-14 18:54:14.295141 India: Sending you each 8
2024-10-14 18:54:14.295700 Papa: Quebec and Oscar, sending you 4
2024-10-14 18:54:14.296944 Oscar: Bravo, sending you 3
2024-10-14 18:54:14.298669 Kilo: Quebec and Victor, sending you 3
2024-10-14 18:54:14.300067 Victor: Quebec, Papa and Bravo, sending you 3
2024-10-14 18:54:14.301024 Papa: Bravo, sending you 3
2024-10-14 18:54:14.304660 Kilo: Bravo, sending you 5
2024-10-14 18:54:14.305725 Victor: Kilo, sending you 4
2024-10-14 18:54:14.314672 Mike: Sending you each 7
2024-10-14 18:54:14.320666 Bravo: Golf, Quebec and Victor, sending you 2
2024-10-14 18:54:14.326646 Bravo: Oscar, Kilo and Papa, sending you 3
chatterbot X-ray submitting transactions
chatterbot Kilo submitting transactions
chatterbot Bravo submitting transactions
chatterbot Papa submitting transactions
chatterbot Victor submitting transactions
chatterbot Mike submitting transactions
chatterbot Quebec submitting transactions
chatterbot Oscar submitting transactions
chatterbot India submitting transactions
chatterbot Golf submitting transactions
ChatterBot Golf round 10
ChatterBot India round 10
ChatterBot X-ray round 10
ChatterBot Quebec round 10
ChatterBot Oscar round 10
ChatterBot Mike round 10
ChatterBot Kilo round 10
ChatterBot Victor round 10
ChatterBot Papa round 10
ChatterBot Bravo round 10
2024-10-14 18:54:15.315805 Quebec: We should drop India
ChatterBot Golf reevaluating
2024-10-14 18:54:15.339740 Golf: Yes
2024-10-14 18:54:15.340001 Papa: Yes
2024-10-14 18:54:15.340216 Bravo: Yes
2024-10-14 18:54:15.340421 Victor: Yes
2024-10-14 18:54:15.340628 Kilo: Yes
2024-10-14 18:54:15.340838 Oscar: Yes
ChatterBot Golf reevaluating
ChatterBot Golf reevaluating
ChatterBot Golf reevaluating
ChatterBot Golf reevaluating
ChatterBot Golf reevaluating
2024-10-14 18:54:15.440678 Oscar: Golf and Kilo, sending you 2
2024-10-14 18:54:15.441762 Victor: Golf and Oscar, sending you 2
2024-10-14 18:54:15.442496 Kilo: Golf, Oscar and Papa, sending you 2
2024-10-14 18:54:15.443645 India: Same as last round
2024-10-14 18:54:15.443966 X-ray: Same as last round
2024-10-14 18:54:15.444767 Oscar: Quebec and Papa, sending you 4
