ChatterBot Quebec round 1
ChatterBot Echo round 1
ChatterBot Tango round 1
ChatterBot Victor round 1
ChatterBot Mike round 1
ChatterBot Delta round 1
ChatterBot Foxtrot round 1
ChatterBot Yankee round 1
ChatterBot Lima round 1
ChatterBot X-ray round 1
randomSelections Tango: {Tango, Foxtrot, Delta, Echo, Mike, Lima} 
2024-10-14 18:54:00.305339 Tango: Can we be friends?
ChatterBot Foxtrot reevaluating
ChatterBot Delta reevaluating
ChatterBot Echo reevaluating
ChatterBot Mike reevaluating
ChatterBot Lima reevaluating
2024-10-14 18:54:00.364677 Foxtrot: Yes
2024-10-14 18:54:00.364836 Delta: Yes
2024-10-14 18:54:00.364950 Echo: Yes
2024-10-14 18:54:00.365379 Mike: Yes
2024-10-14 18:54:00.365506 Lima: Yes
ChatterBot Delta reevaluating
ChatterBot Echo reevaluating
ChatterBot Mike reevaluating
ChatterBot Lima reevaluating
ChatterBot Foxtrot reevaluating
ChatterBot Echo reevaluating
ChatterBot Mike reevaluating
ChatterBot Lima reevaluating
ChatterBot Foxtrot reevaluating
ChatterBot Delta reevaluating
ChatterBot Mike reevaluating
ChatterBot Lima reevaluating
ChatterBot Foxtrot reevaluating
ChatterBot Delta reevaluating
ChatterBot Echo reevaluating
ChatterBot Lima reevaluating
ChatterBot Foxtrot reevaluating
ChatterBot Delta reevaluating
ChatterBot Echo reevaluating
ChatterBot Mike reevaluating
randomSelections Quebec: {Quebec, Lima, X-ray, Victor, Mike, Echo, Yankee} 
2024-10-14 18:54:00.417145 Quebec: Friends?
ChatterBot Lima reevaluating
ChatterBot X-ray reevaluating
ChatterBot Victor reevaluating
ChatterBot Mike reevaluating
ChatterBot Echo reevaluating
ChatterBot Yankee reevaluating
2024-10-14 18:54:00.427741 Lima: No
2024-10-14 18:54:00.428541 X-ray: Yes
2024-10-14 18:54:00.428644 Victor: Yes
2024-10-14 18:54:00.428756 Mike: No
2024-10-14 18:54:00.429065 Echo: No
2024-10-14 18:54:00.429249 Yankee: Yes
ChatterBot X-ray reevaluating
ChatterBot Victor reevaluating
ChatterBot Mike reevaluating
ChatterBot Echo reevaluating
ChatterBot Yankee reevaluating
ChatterBot Lima reevaluating
ChatterBot Victor reevaluating
ChatterBot Mike reevaluating
ChatterBot Echo reevaluating
ChatterBot Yankee reevaluating
ChatterBot Lima reevaluating
ChatterBot X-ray reevaluating
ChatterBot Mike reevaluating
ChatterBot Echo reevaluating
ChatterBot Yankee reevaluating
ChatterBot Lima reevaluating
ChatterBot X-ray reevaluating
ChatterBot Victor reevaluating
ChatterBot Echo reevaluating
ChatterBot Yankee reevaluating
ChatterBot Lima reevaluating
ChatterBot X-ray reevaluating
ChatterBot Victor reevaluating
ChatterBot Mike reevaluating
ChatterBot Yankee reevaluating
ChatterBot Lima reevaluating
ChatterBot X-ray reevaluating
ChatterBot Victor reevaluating
ChatterBot Mike reevaluating
ChatterBot Echo reevaluating
2024-10-14 18:54:00.515096 Delta: Echo and Lima, sending you 4
2024-10-14 18:54:00.517298 Foxtrot: Echo, sending you 4
2024-10-14 18:54:00.519221 Tango: Echo and Mike, sending you 3
2024-10-14 18:54:00.519743 Delta: Tango and Foxtrot, sending you 3
2024-10-14 18:54:00.522029 Foxtrot: Tango, sending you 1
2024-10-14 18:54:00.525949 Mike: Tango, sending you 2
2024-10-14 18:54:00.526981 Tango: Delta and Lima, sending you 1
2024-10-14 18:54:00.528918 Victor: Quebec, sending you 2
2024-10-14 18:54:00.529751 Delta: Mike, sending you 1
2024-10-14 18:54:00.531785 Quebec: Echo, Victor, Mike, Lima and X-ray, sending you 2
2024-10-14 18:54:00.533523 Yankee: Quebec and X-ray, sending you 3
2024-10-14 18:54:00.534114 Foxtrot: Mike, sending you 6
2024-10-14 18:54:00.535361 Mike: Delta, sending you 1
2024-10-14 18:54:00.535859 Victor: Echo, sending you 1
2024-10-14 18:54:00.536309 X-ray: Quebec, Echo and Yankee, sending you 2
2024-10-14 18:54:00.537519 Lima: Echo and Delta, sending you 2
2024-10-14 18:54:00.537991 Echo: Tango and Foxtrot, sending you 3
2024-10-14 18:54:00.538522 Foxtrot: Delta and Lima, sending you 2
2024-10-14 18:54:00.539751 Yankee: Echo and Victor, sending you 1
2024-10-14 18:54:00.542527 Victor: Mike, sending you 4
2024-10-14 18:54:00.542966 X-ray: Victor and Mike, sending you 4
2024-10-14 18:54:00.543281 Lima: Tango, Mike and Foxtrot, sending you 1
2024-10-14 18:54:00.544220 Echo: Mike, sending you 1
2024-10-14 18:54:00.544567 Yankee: Lima, sending you 4
2024-10-14 18:54:00.546667 X-ray: Lima, sending you 3
2024-10-14 18:54:00.547053 Echo: Delta, sending you 6
2024-10-14 18:54:00.548145 Victor: Yankee, Lima and X-ray, sending you 3
2024-10-14 18:54:00.554134 Echo: Lima, sending you 2
chatterbot Yankee submitting transactions
chatterbot Victor submitting transactions
chatterbot Tango submitting transactions
chatterbot Delta submitting transactions
chatterbot X-ray submitting transactions
chatterbot Foxtrot submitting transactions
chatterbot Mike submitting transactions
chatterbot Quebec submitting transactions
chatterbot Echo submitting transactions
chatterbot Lima submitting transactions
ChatterBot Quebec round 2
ChatterBot Echo round 2
ChatterBot Tango round 2
ChatterBot Victor round 2
ChatterBot Mike round 2
ChatterBot Delta round 2
ChatterBot Foxtrot round 2
2024-10-14 18:54:01.904653 Victor: We would work well together
ChatterBot Quebec reevaluating
ChatterBot Yankee reevaluating
ChatterBot X-ray reevaluating
2024-10-14 18:54:01.932634 Quebec: Yes
2024-10-14 18:54:01.932865 Yankee: No
2024-10-14 18:54:01.933071 X-ray: No
ChatterBot Yankee reevaluating
ChatterBot X-ray reevaluating
ChatterBot Quebec reevaluating
ChatterBot X-ray reevaluating
ChatterBot Quebec reevaluating
ChatterBot Yankee reevaluating
2024-10-14 18:54:02.012190 Yankee: Can we be friends?
2024-10-14 18:54:02.017410 Victor: Yes
ChatterBot Yankee reevaluating
ChatterBot Yankee round 2
ChatterBot Lima round 2
ChatterBot X-ray round 2
2024-10-14 18:54:02.064895 Lima: We would work well together
ChatterBot Foxtrot reevaluating
ChatterBot Victor reevaluating
ChatterBot X-ray reevaluating
2024-10-14 18:54:02.105261 Echo: No
2024-10-14 18:54:02.106101 Tango: No
2024-10-14 18:54:02.106247 Delta: No
2024-10-14 18:54:02.106384 Foxtrot: No
2024-10-14 18:54:02.106535 Quebec: No
2024-10-14 18:54:02.106673 Victor: No
2024-10-14 18:54:02.106804 Yankee: No
2024-10-14 18:54:02.106925 X-ray: No
ChatterBot Foxtrot reevaluating
ChatterBot Victor reevaluating
ChatterBot X-ray reevaluating
ChatterBot Foxtrot reevaluating
ChatterBot Victor reevaluating
ChatterBot X-ray reevaluating
ChatterBot Foxtrot reevaluating
ChatterBot Victor reevaluating
ChatterBot X-ray reevaluating
ChatterBot Victor reevaluating
ChatterBot X-ray reevaluating
ChatterBot Foxtrot reevaluating
ChatterBot Victor reevaluating
ChatterBot X-ray reevaluating
ChatterBot Foxtrot reevaluating
ChatterBot X-ray reevaluating
ChatterBot Foxtrot reevaluating
ChatterBot Victor reevaluating
ChatterBot X-ray reevaluating
ChatterBot Foxtrot reevaluating
ChatterBot Victor reevaluating
2024-10-14 18:54:02.428239 Victor: We should drop Mike and Echo
2024-10-14 18:54:02.451619 Quebec: Yes
2024-10-14 18:54:02.451813 Yankee: Yes
2024-10-14 18:54:02.451996 X-ray: Yes
2024-10-14 18:54:02.452142 Lima: No
ChatterBot Victor reevaluating
ChatterBot Lima reevaluating
ChatterBot Victor reevaluating
ChatterBot Lima reevaluating
ChatterBot Victor reevaluating
2024-10-14 18:54:02.547530 Echo: Tango and Lima, sending you 3
2024-10-14 18:54:02.548663 Foxtrot: We should drop Mike
ChatterBot Lima reevaluating
2024-10-14 18:54:02.571313 Echo: No
2024-10-14 18:54:02.571865 Tango: No
2024-10-14 18:54:02.572031 Delta: No
2024-10-14 18:54:02.572174 Lima: Yes
ChatterBot Foxtrot reevaluating
ChatterBot Lima reevaluating
ChatterBot Foxtrot reevaluating
ChatterBot Lima reevaluating
ChatterBot Foxtrot reevaluating
ChatterBot Lima reevaluating
ChatterBot Foxtrot reevaluating
2024-10-14 18:54:02.630373 Echo: Mike, sending you 2
chatterbot Yankee submitting transactions
chatterbot Echo submitting transactions
2024-10-14 18:54:03.010665 Mike: Echo, Delta and Lima, sending you 2
2024-10-14 18:54:03.011181 Yankee: Victor and X-ray, sending you 4
2024-10-14 18:54:03.011508 Quebec: Victor and X-ray, sending you 3
2024-10-14 18:54:03.012301 Tango: Echo, sending you 4
2024-10-14 18:54:03.012728 Delta: Echo, sending you 7
2024-10-14 18:54:03.013202 Echo: Delta and Foxtrot, sending you 4
chatterbot Tango submitting transactions
chatterbot Lima submitting transactions
2024-10-14 18:54:03.015195 Mike: Tango, sending you 3
2024-10-14 18:54:03.015581 Quebec: Yankee, sending you 4
2024-10-14 18:54:03.096067 Tango: Mike, Delta, Foxtrot and Lima, sending you 3
2024-10-14 18:54:03.096494 Delta: Tango and Mike, sending you 1
2024-10-14 18:54:03.097285 X-ray: Quebec and Yankee, sending you 6
2024-10-14 18:54:03.097564 Mike: Foxtrot, sending you 6
chatterbot Victor submitting transactions
2024-10-14 18:54:03.162778 Delta: Foxtrot and Lima, sending you 3
2024-10-14 18:54:03.163219 X-ray: Victor, sending you 7
2024-10-14 18:54:03.163992 Lima: Quebec, sending you 3
chatterbot X-ray submitting transactions
2024-10-14 18:54:03.196079 Foxtrot: Echo, sending you 7
2024-10-14 18:54:03.196985 Lima: Victor and X-ray, sending you 4
2024-10-14 18:54:03.215685 Foxtrot: Delta, sending you 6
2024-10-14 18:54:03.216669 Lima: Yankee, sending you 5
2024-10-14 18:54:03.234567 Foxtrot: Lima, sending you 2
chatterbot Delta submitting transactions
chatterbot Mike submitting transactions
chatterbot Quebec submitting transactions
chatterbot Lima submitting transactions
chatterbot Foxtrot submitting transactions
ChatterBot Quebec round 3
ChatterBot Echo round 3
ChatterBot Tango round 3
ChatterBot Victor round 3
ChatterBot Mike round 3
ChatterBot Delta round 3
ChatterBot Foxtrot round 3
ChatterBot Yankee round 3
ChatterBot Lima round 3
2024-10-14 18:54:03.913935 Quebec: We should add Lima
ChatterBot Victor reevaluating
ChatterBot Yankee reevaluating
2024-10-14 18:54:03.922571 Victor: Yes
2024-10-14 18:54:03.922789 Yankee: Yes
2024-10-14 18:54:03.922966 X-ray: No
ChatterBot Yankee reevaluating
ChatterBot Victor reevaluating
ChatterBot Victor reevaluating
ChatterBot Yankee reevaluating
ChatterBot X-ray round 3
2024-10-14 18:54:03.972452 Foxtrot: We should add Mike
ChatterBot Lima reevaluating
2024-10-14 18:54:03.982563 Echo: Yes
2024-10-14 18:54:03.982697 Tango: Yes
2024-10-14 18:54:03.983246 Delta: Yes
2024-10-14 18:54:03.983354 Lima: Yes
ChatterBot Lima reevaluating
ChatterBot Lima reevaluating
ChatterBot Lima reevaluating
ChatterBot Delta reevaluating
2024-10-14 18:54:04.090816 Quebec: Lima we want you to join our group
ChatterBot Lima reevaluating
2024-10-14 18:54:04.095792 Lima: No
ChatterBot Victor reevaluating
ChatterBot Yankee reevaluating
ChatterBot X-ray reevaluating
2024-10-14 18:54:04.108905 X-ray: We should add Lima
ChatterBot Victor reevaluating
ChatterBot Yankee reevaluating
2024-10-14 18:54:04.117064 Victor: Yes
2024-10-14 18:54:04.117292 Quebec: Yes
2024-10-14 18:54:04.117455 Yankee: Yes
ChatterBot Yankee reevaluating
ChatterBot X-ray reevaluating
ChatterBot Victor reevaluating
ChatterBot Yankee reevaluating
ChatterBot X-ray reevaluating
ChatterBot Victor reevaluating
ChatterBot X-ray reevaluating
2024-10-14 18:54:04.143207 Tango: We should drop Lima
ChatterBot Delta reevaluating
2024-10-14 18:54:04.152016 Echo: No
2024-10-14 18:54:04.152197 Mike: Yes
2024-10-14 18:54:04.152352 Delta: Yes
2024-10-14 18:54:04.152572 Foxtrot: No
ChatterBot Delta reevaluating
ChatterBot Delta reevaluating
ChatterBot Echo reevaluating
ChatterBot Echo reevaluating
ChatterBot Delta reevaluating
2024-10-14 18:54:04.188129 Foxtrot: Mike we want you to join our group
2024-10-14 18:54:04.190693 Mike: No
ChatterBot Delta reevaluating
ChatterBot Echo reevaluating
ChatterBot Lima reevaluating
2024-10-14 18:54:04.203518 Yankee: Lima we want you to join our group
2024-10-14 18:54:04.206195 Lima: No
ChatterBot Victor reevaluating
ChatterBot X-ray reevaluating
2024-10-14 18:54:04.218671 Quebec: Victor and X-ray, sending you 3
2024-10-14 18:54:04.222829 Victor: We should drop Mike and Echo
2024-10-14 18:54:04.232662 Quebec: Yes
2024-10-14 18:54:04.232849 Yankee: Yes
2024-10-14 18:54:04.232987 X-ray: Yes
2024-10-14 18:54:04.233112 Lima: No
ChatterBot Victor reevaluating
ChatterBot Victor reevaluating
ChatterBot Victor reevaluating
ChatterBot Victor reevaluating
2024-10-14 18:54:04.278188 X-ray: Lima we want you to join our group
2024-10-14 18:54:04.280414 Lima: No
ChatterBot Victor reevaluating
2024-10-14 18:54:04.288655 Quebec: Yankee and Lima, sending you 2
2024-10-14 18:54:04.292692 Tango: Sending you each 4
2024-10-14 18:54:04.293017 Mike: Echo and Delta, sending you 3
2024-10-14 18:54:04.293681 Echo: Tango, sending you 3
2024-10-14 18:54:04.294072 Lima: Echo, Tango, Mike and Foxtrot, sending you 3
2024-10-14 18:54:04.294427 Foxtrot: Echo and Mike, sending you 3
2024-10-14 18:54:04.294972 Yankee: Quebec, Victor and X-ray, sending you 4
2024-10-14 18:54:04.296647 Lima: Delta, sending you 4
2024-10-14 18:54:04.297681 Mike: Tango, sending you 5
2024-10-14 18:54:04.298672 Echo: Mike and Lima, sending you 2
2024-10-14 18:54:04.299662 Foxtrot: Tango and Lima, sending you 1
2024-10-14 18:54:04.300064 Yankee: Lima, sending you 5
2024-10-14 18:54:04.302657 Mike: Foxtrot, sending you 4
2024-10-14 18:54:04.302962 Echo: Delta, sending you 5
2024-10-14 18:54:04.303748 Foxtrot: Delta, sending you 2
2024-10-14 18:54:04.304659 Delta: Echo, sending you 6
2024-10-14 18:54:04.305972 X-ray: Quebec, sending you 4
2024-10-14 18:54:04.308670 Echo: Foxtrot, sending you 4
2024-10-14 18:54:04.309023 Delta: Tango, sending you 3
2024-10-14 18:54:04.310677 X-ray: Victor, Yankee and Lima, sending you 5
2024-10-14 18:54:04.311679 Delta: Mike, sending you 2
2024-10-14 18:54:04.315671 Delta: Foxtrot, sending you 4
2024-10-14 18:54:04.324678 Victor: Quebec, Yankee and Lima, sending you 3
2024-10-14 18:54:04.328671 Victor: X-ray, sending you 6
chatterbot Mike submitting transactions
chatterbot Echo submitting transactions
chatterbot Tango submitting transactions
chatterbot Delta submitting transactions
chatterbot Foxtrot submitting transactions
chatterbot Lima submitting transactions
chatterbot Quebec submitting transactions
chatterbot Yankee submitting transactions
chatterbot Victor submitting transactions
chatterbot X-ray submitting transactions
ChatterBot Quebec round 4
ChatterBot Echo round 4
ChatterBot Tango round 4
ChatterBot Victor round 4
ChatterBot Mike round 4
ChatterBot Delta round 4
ChatterBot Foxtrot round 4
ChatterBot Yankee round 4
ChatterBot Lima round 4
2024-10-14 18:54:05.458809 Tango: We should add Lima
ChatterBot Delta reevaluating
2024-10-14 18:54:05.474469 Echo: Yes
2024-10-14 18:54:05.474670 Mike: No
2024-10-14 18:54:05.474865 Delta: Yes
2024-10-14 18:54:05.475044 Foxtrot: Yes
ChatterBot Mike reevaluating
ChatterBot Delta reevaluating
ChatterBot Delta reevaluating
ChatterBot Mike reevaluating
ChatterBot Mike reevaluating
ChatterBot Delta reevaluating
ChatterBot X-ray round 4
2024-10-14 18:54:05.527194 Tango: Lima we want you to join our group
2024-10-14 18:54:05.529568 Lima: Yes
ChatterBot Delta reevaluating
ChatterBot Mike reevaluating
2024-10-14 18:54:05.543648 Delta: Lima we want you to join our group
2024-10-14 18:54:05.546367 Lima: Yes
2024-10-14 18:54:05.557168 Quebec: Victor, Yankee and Lima, sending you 1
2024-10-14 18:54:05.557539 Mike: Lima we want you to join our group
2024-10-14 18:54:05.560204 Lima: Yes
2024-10-14 18:54:05.571026 Quebec: X-ray, sending you 2
2024-10-14 18:54:05.571447 Yankee: Quebec, Victor and X-ray, sending you 4
2024-10-14 18:54:05.571860 Echo: Tango and Mike, sending you 3
2024-10-14 18:54:05.574810 Foxtrot: Echo and Mike, sending you 4
2024-10-14 18:54:05.575465 Tango: Echo, Delta, Foxtrot and Lima, sending you 3
2024-10-14 18:54:05.576008 Lima: Echo and Delta, sending you 4
2024-10-14 18:54:05.576502 Echo: Delta and Foxtrot, sending you 4
2024-10-14 18:54:05.577015 Victor: Quebec and Yankee, sending you 4
2024-10-14 18:54:05.577428 Yankee: Lima, sending you 3
2024-10-14 18:54:05.578671 Foxtrot: Tango and Lima, sending you 2
2024-10-14 18:54:05.579087 Lima: Tango and Foxtrot, sending you 3
2024-10-14 18:54:05.579844 Tango: Mike, sending you 4
2024-10-14 18:54:05.580227 Echo: Lima, sending you 2
2024-10-14 18:54:05.581656 Victor: Lima, sending you 2
2024-10-14 18:54:05.581973 Delta: Echo, sending you 5
2024-10-14 18:54:05.582662 Foxtrot: Delta, sending you 3
2024-10-14 18:54:05.583669 Lima: Mike, sending you 2
2024-10-14 18:54:05.584669 Delta: Tango and Foxtrot, sending you 3
2024-10-14 18:54:05.586655 Victor: X-ray, sending you 5
2024-10-14 18:54:05.588662 X-ray: I was attacked by Foxtrot
ChatterBot Victor reevaluating
ChatterBot Quebec reevaluating
ChatterBot Yankee reevaluating
ChatterBot Lima reevaluating
2024-10-14 18:54:05.599500 X-ray: I'm keeping this round to protect myself
2024-10-14 18:54:05.600646 X-ray: Ow
2024-10-14 18:54:05.600917 Delta: Mike and Lima, sending you 2
2024-10-14 18:54:05.601364 Mike: Sending you each 1
2024-10-14 18:54:05.617653 Victor: Quebec and Yankee, sending you 3
2024-10-14 18:54:05.623664 Quebec: Victor and X-ray, sending you 3
2024-10-14 18:54:05.624032 Victor: X-ray, sending you 4
2024-10-14 18:54:05.624657 Yankee: Quebec and Lima, sending you 3
2024-10-14 18:54:05.628670 Quebec: Yankee and Lima, sending you 2
chatterbot Mike submitting transactions
chatterbot Delta submitting transactions
chatterbot Echo submitting transactions
chatterbot Victor submitting transactions
chatterbot Foxtrot submitting transactions
chatterbot X-ray submitting transactions
chatterbot Tango submitting transactions
chatterbot Quebec submitting transactions
chatterbot Lima submitting transactions
chatterbot Yankee submitting transactions
ChatterBot Quebec round 5
ChatterBot Echo round 5
ChatterBot Tango round 5
ChatterBot Victor round 5
2024-10-14 18:54:06.836265 Echo: We should add Quebec
2024-10-14 18:54:06.848355 Tango: No
2024-10-14 18:54:06.848511 Foxtrot: No
2024-10-14 18:54:06.848654 Delta: No
2024-10-14 18:54:06.848861 Mike: No
2024-10-14 18:54:06.849010 Lima: No
ChatterBot Echo reevaluating
ChatterBot Echo reevaluating
ChatterBot Echo reevaluating
ChatterBot Echo reevaluating
ChatterBot Echo reevaluating
ChatterBot Mike round 5
ChatterBot Delta round 5
ChatterBot Foxtrot round 5
ChatterBot Yankee round 5
ChatterBot Lima round 5
ChatterBot X-ray round 5
2024-10-14 18:54:06.918541 Echo: We should add Yankee
ChatterBot Lima reevaluating
2024-10-14 18:54:06.929229 Tango: No
2024-10-14 18:54:06.929349 Foxtrot: No
2024-10-14 18:54:06.929457 Delta: No
2024-10-14 18:54:06.929557 Mike: No
2024-10-14 18:54:06.929664 Lima: Yes
ChatterBot Echo reevaluating
ChatterBot Lima reevaluating
ChatterBot Echo reevaluating
ChatterBot Lima reevaluating
ChatterBot Echo reevaluating
ChatterBot Lima reevaluating
ChatterBot Echo reevaluating
ChatterBot Lima reevaluating
ChatterBot Echo reevaluating
2024-10-14 18:54:06.998808 Echo: Victor we want you to join our group
2024-10-14 18:54:07.001497 Victor: No
ChatterBot Echo reevaluating
2024-10-14 18:54:07.014587 Quebec: Victor, Yankee and X-ray, sending you 3
2024-10-14 18:54:07.017674 Quebec: Lima, sending you 1
2024-10-14 18:54:07.018051 Tango: Echo, sending you 4
2024-10-14 18:54:07.018551 Victor: Quebec, sending you 4
2024-10-14 18:54:07.019668 Foxtrot: I was attacked by Victor and Yankee
ChatterBot Tango reevaluating
ChatterBot Delta reevaluating
ChatterBot Echo reevaluating
ChatterBot Mike reevaluating
ChatterBot Lima reevaluating
2024-10-14 18:54:07.034885 Foxtrot: I'm keeping this round to protect myself
2024-10-14 18:54:07.036422 Foxtrot: Ow
2024-10-14 18:54:07.036904 Victor: Yankee and X-ray, sending you 5
2024-10-14 18:54:07.037323 X-ray: I was attacked by Mike
ChatterBot Victor reevaluating
ChatterBot Quebec reevaluating
ChatterBot Yankee reevaluating
ChatterBot Lima reevaluating
2024-10-14 18:54:07.051092 X-ray: I'm keeping this round to protect myself
2024-10-14 18:54:07.052384 X-ray: Ow
2024-10-14 18:54:07.055791 Yankee: We should drop Lima
ChatterBot Victor reevaluating
ChatterBot Quebec reevaluating
2024-10-14 18:54:07.063852 Victor: No
2024-10-14 18:54:07.063977 Quebec: Yes
2024-10-14 18:54:07.064089 X-ray: No
ChatterBot Quebec reevaluating
ChatterBot Yankee reevaluating
ChatterBot Victor reevaluating
ChatterBot Yankee reevaluating
ChatterBot X-ray reevaluating
ChatterBot Victor reevaluating
ChatterBot Quebec reevaluating
ChatterBot Yankee reevaluating
2024-10-14 18:54:07.096824 Delta: Echo, sending you 4
2024-10-14 18:54:07.098121 Mike: Sending you each 3
2024-10-14 18:54:07.100663 Delta: Tango, sending you 2
2024-10-14 18:54:07.103654 Lima: Echo, sending you 5
2024-10-14 18:54:07.104686 Delta: Mike, sending you 1
2024-10-14 18:54:07.107776 Lima: Tango, Delta and Foxtrot, sending you 3
2024-10-14 18:54:07.108698 Delta: Foxtrot and Lima, sending you 3
2024-10-14 18:54:07.110709 Echo: Tango, Foxtrot and Lima, sending you 3
2024-10-14 18:54:07.111740 Quebec: Sorry, I'm actually sending you 0
2024-10-14 18:54:07.112005 Lima: Mike, sending you 2
2024-10-14 18:54:07.114796 Echo: Victor, sending you 1
2024-10-14 18:54:07.116667 Quebec: Victor, sending you 4
2024-10-14 18:54:07.117667 Echo: Mike, sending you 2
2024-10-14 18:54:07.120931 Echo: Delta, sending you 4
chatterbot Quebec submitting transactions
chatterbot X-ray submitting transactions
chatterbot Delta submitting transactions
chatterbot Yankee submitting transactions
chatterbot Lima submitting transactions
chatterbot Echo submitting transactions
chatterbot Tango submitting transactions
chatterbot Victor submitting transactions
chatterbot Foxtrot submitting transactions
chatterbot Mike submitting transactions
ChatterBot Quebec round 6
ChatterBot Echo round 6
ChatterBot Tango round 6
ChatterBot Victor round 6
ChatterBot Mike round 6
ChatterBot Delta round 6
ChatterBot Foxtrot round 6
ChatterBot Yankee round 6
ChatterBot Lima round 6
ChatterBot X-ray round 6
2024-10-14 18:54:08.302576 Yankee: We should add Lima
ChatterBot Quebec reevaluating
2024-10-14 18:54:08.309470 Victor: Yes
2024-10-14 18:54:08.309597 Quebec: Yes
2024-10-14 18:54:08.309709 X-ray: No
ChatterBot Quebec reevaluating
ChatterBot Yankee reevaluating
ChatterBot Yankee reevaluating
ChatterBot X-ray reevaluating
ChatterBot Quebec reevaluating
ChatterBot Yankee reevaluating
2024-10-14 18:54:08.348654 Tango: Echo, sending you 4
2024-10-14 18:54:08.349671 Victor: I was attacked by Delta
ChatterBot Quebec reevaluating
ChatterBot Yankee reevaluating
ChatterBot X-ray reevaluating
ChatterBot Lima reevaluating
2024-10-14 18:54:08.363791 Victor: I'm keeping this round to protect myself
2024-10-14 18:54:08.364793 Victor: Ow
2024-10-14 18:54:08.365407 Tango: Mike, Delta, Foxtrot and Lima, sending you 3
2024-10-14 18:54:08.368661 X-ray: Lima we want you to join our group
ChatterBot Lima reevaluating
2024-10-14 18:54:08.373966 Lima: No
ChatterBot Quebec reevaluating
ChatterBot Yankee reevaluating
2024-10-14 18:54:08.392060 Mike: Same as last round
2024-10-14 18:54:08.392830 Echo: Tango, Foxtrot and Lima, sending you 3
2024-10-14 18:54:08.393341 Foxtrot: Echo, Mike and Delta, sending you 2
2024-10-14 18:54:08.394872 Delta: Echo, sending you 5
2024-10-14 18:54:08.397698 Echo: Victor, sending you 1
2024-10-14 18:54:08.398686 Delta: Tango and Lima, sending you 3
2024-10-14 18:54:08.399689 Foxtrot: Tango and Lima, sending you 1
2024-10-14 18:54:08.401100 Quebec: Lima we want you to join our group
ChatterBot Lima reevaluating
2024-10-14 18:54:08.405887 Lima: No
ChatterBot Quebec reevaluating
ChatterBot Yankee reevaluating
ChatterBot X-ray reevaluating
2024-10-14 18:54:08.426374 Echo: Mike, sending you 2
2024-10-14 18:54:08.427229 Delta: Mike and Foxtrot, sending you 2
2024-10-14 18:54:08.429741 Echo: Delta, sending you 4
2024-10-14 18:54:08.431715 Yankee: Lima we want you to join our group
ChatterBot Lima reevaluating
2024-10-14 18:54:08.435283 Lima: No
ChatterBot Quebec reevaluating
ChatterBot Yankee reevaluating
ChatterBot X-ray reevaluating
2024-10-14 18:54:08.475703 Lima: Echo and Delta, sending you 4
2024-10-14 18:54:08.477711 Quebec: Victor and X-ray, sending you 3
2024-10-14 18:54:08.478730 Lima: Tango and Mike, sending you 3
2024-10-14 18:54:08.480708 Quebec: Yankee, sending you 4
2024-10-14 18:54:08.483737 Lima: Foxtrot, sending you 2
2024-10-14 18:54:08.486694 X-ray: Quebec, Victor and Yankee, sending you 5
2024-10-14 18:54:08.491671 X-ray: Lima, sending you 4
chatterbot Delta submitting transactions
chatterbot Quebec submitting transactions
chatterbot Mike submitting transactions
chatterbot Lima submitting transactions
chatterbot Echo submitting transactions
chatterbot Tango submitting transactions
chatterbot Victor submitting transactions
chatterbot Foxtrot submitting transactions
chatterbot X-ray submitting transactions
chatterbot Yankee submitting transactions
ChatterBot Quebec round 7
ChatterBot Echo round 7
ChatterBot Tango round 7
ChatterBot Victor round 7
ChatterBot Mike round 7
ChatterBot Delta round 7
ChatterBot Foxtrot round 7
ChatterBot Yankee round 7
ChatterBot Lima round 7
ChatterBot X-ray round 7
2024-10-14 18:54:09.587192 Echo: We should drop Victor
2024-10-14 18:54:09.601161 Tango: Yes
2024-10-14 18:54:09.602179 Foxtrot: Yes
2024-10-14 18:54:09.602427 Delta: Yes
2024-10-14 18:54:09.602695 Mike: Yes
2024-10-14 18:54:09.602949 Lima: Yes
ChatterBot Echo reevaluating
ChatterBot Echo reevaluating
ChatterBot Echo reevaluating
ChatterBot Echo reevaluating
ChatterBot Echo reevaluating
2024-10-14 18:54:09.695428 X-ray: We should drop Lima
ChatterBot Yankee reevaluating
2024-10-14 18:54:09.701781 Victor: No
2024-10-14 18:54:09.701969 Quebec: Yes
2024-10-14 18:54:09.702095 Yankee: No
ChatterBot Quebec reevaluating
ChatterBot Yankee reevaluating
ChatterBot Victor reevaluating
ChatterBot Yankee reevaluating
ChatterBot Victor reevaluating
ChatterBot Quebec reevaluating
2024-10-14 18:54:09.722366 Foxtrot: Echo, sending you 4
2024-10-14 18:54:09.726838 Tango: Echo, sending you 4
2024-10-14 18:54:09.727453 Foxtrot: Tango, Mike and Delta, sending you 3
2024-10-14 18:54:09.727938 Lima: Echo, sending you 4
2024-10-14 18:54:09.728382 Delta: Echo, sending you 5
2024-10-14 18:54:09.728965 Mike: Same as last round
2024-10-14 18:54:09.729873 Tango: Mike, Delta, Foxtrot and Lima, sending you 3
2024-10-14 18:54:09.731666 Lima: Tango, Mike, Delta and Foxtrot, sending you 3
2024-10-14 18:54:09.732659 Foxtrot: Lima, sending you 2
2024-10-14 18:54:09.733675 Delta: Tango and Lima, sending you 3
2024-10-14 18:54:09.738688 Delta: Mike and Foxtrot, sending you 2
2024-10-14 18:54:09.743653 Echo: Tango, Mike, Foxtrot and Lima, sending you 3
2024-10-14 18:54:09.746666 X-ray: Quebec and Victor, sending you 6
2024-10-14 18:54:09.748671 Echo: Delta, sending you 4
2024-10-14 18:54:09.749296 Quebec: Victor and X-ray, sending you 3
2024-10-14 18:54:09.750662 X-ray: Yankee, sending you 7
2024-10-14 18:54:09.754659 Quebec: Yankee, sending you 4
2024-10-14 18:54:09.757652 Victor: Sending you each 5
chatterbot Delta submitting transactions
chatterbot Quebec submitting transactions
chatterbot Tango submitting transactions
chatterbot Foxtrot submitting transactions
chatterbot Victor submitting transactions
chatterbot Yankee submitting transactions
chatterbot Echo submitting transactions
chatterbot Mike submitting transactions
chatterbot Lima submitting transactions
chatterbot X-ray submitting transactions
ChatterBot Quebec round 8
ChatterBot Echo round 8
ChatterBot Tango round 8
ChatterBot Victor round 8
ChatterBot Mike round 8
ChatterBot Delta round 8
ChatterBot Foxtrot round 8
ChatterBot Yankee round 8
ChatterBot Lima round 8
ChatterBot X-ray round 8
2024-10-14 18:54:10.885669 Echo: Tango, Mike, Foxtrot and Lima, sending you 3
2024-10-14 18:54:10.887013 Victor: Quebec, sending you 4
2024-10-14 18:54:10.888061 Mike: Same as last round
2024-10-14 18:54:10.889679 Victor: Yankee and X-ray, sending you 5
2024-10-14 18:54:10.891690 Echo: Delta, sending you 4
2024-10-14 18:54:10.892323 Tango: Echo, sending you 4
2024-10-14 18:54:10.893089 Foxtrot: Echo, sending you 4
2024-10-14 18:54:10.897692 Tango: Mike, Delta, Foxtrot and Lima, sending you 3
2024-10-14 18:54:10.899110 Foxtrot: Tango, sending you 2
2024-10-14 18:54:10.900676 Delta: Echo, sending you 4
2024-10-14 18:54:10.901966 X-ray: Quebec and Yankee, sending you 6
2024-10-14 18:54:10.902679 Foxtrot: Mike, Delta and Lima, sending you 3
2024-10-14 18:54:10.903671 Quebec: Victor and Yankee, sending you 3
2024-10-14 18:54:10.905656 Delta: Tango, Foxtrot and Lima, sending you 3
2024-10-14 18:54:10.907093 X-ray: Victor, sending you 7
2024-10-14 18:54:10.907556 Quebec: X-ray, sending you 4
2024-10-14 18:54:10.908705 Delta: Mike, sending you 2
2024-10-14 18:54:10.909822 Lima: Echo, sending you 4
2024-10-14 18:54:10.913827 Lima: Tango, Mike, Delta and Foxtrot, sending you 3
chatterbot Quebec submitting transactions
chatterbot X-ray submitting transactions
chatterbot Echo submitting transactions
chatterbot Victor submitting transactions
chatterbot Lima submitting transactions
chatterbot Delta submitting transactions
chatterbot Yankee submitting transactions
chatterbot Mike submitting transactions
chatterbot Foxtrot submitting transactions
chatterbot Tango submitting transactions
ChatterBot Quebec round 9
ChatterBot Echo round 9
ChatterBot Tango round 9
ChatterBot Victor round 9
ChatterBot Mike round 9
ChatterBot Delta round 9
ChatterBot Foxtrot round 9
ChatterBot Yankee round 9
ChatterBot Lima round 9
ChatterBot X-ray round 9
2024-10-14 18:54:12.016689 Tango: Echo, sending you 4
2024-10-14 18:54:12.018674 Victor: Quebec, sending you 4
2024-10-14 18:54:12.020407 Quebec: Victor and Yankee, sending you 3
2024-10-14 18:54:12.021695 Victor: Yankee and X-ray, sending you 5
2024-10-14 18:54:12.022676 Tango: Mike, Delta, Foxtrot and Lima, sending you 3
2024-10-14 18:54:12.024702 Quebec: X-ray, sending you 4
2024-10-14 18:54:12.028676 Lima: Echo, sending you 4
2024-10-14 18:54:12.030671 Echo: Tango, Mike, Foxtrot and Lima, sending you 3
2024-10-14 18:54:12.031789 Mike: Same as last round
2024-10-14 18:54:12.034053 Lima: Tango, Mike, Delta and Foxtrot, sending you 3
2024-10-14 18:54:12.035211 Delta: Echo, sending you 4
2024-10-14 18:54:12.036685 Echo: Delta, sending you 4
2024-10-14 18:54:12.038659 X-ray: Quebec and Yankee, sending you 6
2024-10-14 18:54:12.039415 Foxtrot: Echo, sending you 4
2024-10-14 18:54:12.040716 Delta: Tango, Foxtrot and Lima, sending you 3
2024-10-14 18:54:12.042665 X-ray: Victor, sending you 7
2024-10-14 18:54:12.044679 Foxtrot: Tango, sending you 2
2024-10-14 18:54:12.045776 Delta: Mike, sending you 2
2024-10-14 18:54:12.049783 Foxtrot: Mike, Delta and Lima, sending you 3
chatterbot Echo submitting transactions
chatterbot Foxtrot submitting transactions
chatterbot Yankee submitting transactions
chatterbot Lima submitting transactions
chatterbot Delta submitting transactions
chatterbot Victor submitting transactions
chatterbot Mike submitting transactions
chatterbot Tango submitting transactions
chatterbot Quebec submitting transactions
chatterbot X-ray submitting transactions
ChatterBot Quebec round 10
ChatterBot Echo round 10
ChatterBot Tango round 10
ChatterBot Victor round 10
ChatterBot Mike round 10
ChatterBot Delta round 10
ChatterBot Foxtrot round 10
ChatterBot Yankee round 10
ChatterBot Lima round 10
ChatterBot X-ray round 10
2024-10-14 18:54:13.268673 Quebec: Victor and Yankee, sending you 3
2024-10-14 18:54:13.269687 Tango: Echo, sending you 4
2024-10-14 18:54:13.271600 Echo: Tango, Mike, Foxtrot and Lima, sending you 3
2024-10-14 18:54:13.272835 Mike: Same as last round
2024-10-14 18:54:13.273808 Quebec: X-ray, sending you 4
2024-10-14 18:54:13.274216 Tango: Mike, Delta, Foxtrot and Lima, sending you 3
2024-10-14 18:54:13.276683 Foxtrot: Echo, sending you 4
2024-10-14 18:54:13.277689 Echo: Delta, sending you 4
2024-10-14 18:54:13.278730 X-ray: Quebec and Yankee, sending you 6
2024-10-14 18:54:13.279133 Lima: Echo, sending you 4
2024-10-14 18:54:13.279808 Victor: Sending you each 5
2024-10-14 18:54:13.280702 Delta: Echo, sending you 4
2024-10-14 18:54:13.281577 Foxtrot: Tango, sending you 2
2024-10-14 18:54:13.282652 X-ray: Victor, sending you 7
2024-10-14 18:54:13.282987 Lima: Tango, Mike, Delta and Foxtrot, sending you 3
2024-10-14 18:54:13.284717 Delta: Tango, Foxtrot and Lima, sending you 3
2024-10-14 18:54:13.285936 Foxtrot: Mike, Delta and Lima, sending you 3
2024-10-14 18:54:13.290478 Delta: Mike, sending you 2
chatterbot Mike submitting transactions
chatterbot Victor submitting transactions
chatterbot Foxtrot submitting transactions
chatterbot Echo submitting transactions
chatterbot Tango submitting transactions
chatterbot Delta submitting transactions
chatterbot Quebec submitting transactions
chatterbot Lima submitting transactions
chatterbot X-ray submitting transactions
chatterbot Yankee submitting transactions
ChatterBot Quebec round 11
ChatterBot Echo round 11
ChatterBot Tango round 11
ChatterBot Victor round 11
ChatterBot Mike round 11
ChatterBot Delta round 11
ChatterBot Foxtrot round 11
ChatterBot Yankee round 11
ChatterBot Lima round 11
ChatterBot X-ray round 11
2024-10-14 18:54:14.553653 Victor: Quebec, sending you 4
2024-10-14 18:54:14.554645 Quebec: Victor and Yankee, sending you 3
2024-10-14 18:54:14.555684 Delta: Echo, sending you 4
2024-10-14 18:54:14.557665 Victor: Yankee and X-ray, sending you 5
2024-10-14 18:54:14.558657 Quebec: X-ray, sending you 4
2024-10-14 18:54:14.560268 Delta: Tango, Foxtrot and Lima, sending you 3
2024-10-14 18:54:14.561666 Echo: Tango, Mike, Foxtrot and Lima, sending you 3
2024-10-14 18:54:14.562678 Mike: Same as last round
2024-10-14 18:54:14.563488 Tango: Echo, sending you 4
2024-10-14 18:54:14.564144 Foxtrot: Echo, sending you 4
2024-10-14 18:54:14.564791 Lima: Echo, sending you 4
2024-10-14 18:54:14.565665 Delta: Mike, sending you 2
2024-10-14 18:54:14.566918 Echo: Delta, sending you 4
2024-10-14 18:54:14.567666 Tango: Mike, Delta, Foxtrot and Lima, sending you 3
2024-10-14 18:54:14.568650 Foxtrot: Tango, sending you 2
2024-10-14 18:54:14.569647 Lima: Tango, Mike, Delta and Foxtrot, sending you 3
2024-10-14 18:54:14.570399 X-ray: Quebec and Yankee, sending you 4
2024-10-14 18:54:14.571933 Foxtrot: Mike, Delta and Lima, sending you 3
2024-10-14 18:54:14.575666 X-ray: Victor, sending you 5
chatterbot Delta submitting transactions
chatterbot Tango submitting transactions
chatterbot Foxtrot submitting transactions
chatterbot Mike submitting transactions
chatterbot Victor submitting transactions
chatterbot Lima submitting transactions
chatterbot Yankee submitting transactions
chatterbot Echo submitting transactions
chatterbot Quebec submitting transactions
chatterbot X-ray submitting transactions
ChatterBot Quebec round 12
ChatterBot Echo round 12
ChatterBot Tango round 12
ChatterBot Victor round 12
ChatterBot Mike round 12
ChatterBot Delta round 12
ChatterBot Foxtrot round 12
ChatterBot Yankee round 12
ChatterBot Lima round 12
ChatterBot X-ray round 12
2024-10-14 18:54:15.793676 Quebec: Victor and X-ray, sending you 3
2024-10-14 18:54:15.795695 Delta: Echo, sending you 4
2024-10-14 18:54:15.796823 Quebec: Yankee, sending you 4
2024-10-14 18:54:15.799664 Tango: Echo, sending you 4
2024-10-14 18:54:15.800927 Delta: Tango, sending you 2
2024-10-14 18:54:15.802679 Mike: Same as last round
2024-10-14 18:54:15.804263 Foxtrot: I was attacked by X-ray
2024-10-14 18:54:15.817672 Foxtrot: I'm keeping this round to protect myself
2024-10-14 18:54:15.819751 Foxtrot: Ow
2024-10-14 18:54:15.820151 Victor: Quebec, sending you 4
2024-10-14 18:54:15.820730 Echo: Tango, Mike, Foxtrot and Lima, sending you 3
2024-10-14 18:54:15.822513 Tango: Mike, Delta, Foxtrot and Lima, sending you 3
2024-10-14 18:54:15.824130 Delta: Mike, Foxtrot and Lima, sending you 3
2024-10-14 18:54:15.827258 Lima: Echo, sending you 4
2024-10-14 18:54:15.828449 Victor: Yankee and X-ray, sending you 5
2024-10-14 18:54:15.829586 Echo: Delta, sending you 4
2024-10-14 18:54:15.830667 X-ray: Quebec and Yankee, sending you 6
2024-10-14 18:54:15.831444 Lima: Tango, Mike, Delta and Foxtrot, sending you 3
2024-10-14 18:54:15.835681 X-ray: Victor, sending you 7
chatterbot X-ray submitting transactions
chatterbot Yankee submitting transactions
chatterbot Echo submitting transactions
chatterbot Foxtrot submitting transactions
chatterbot Victor submitting transactions
chatterbot Mike submitting transactions
chatterbot Quebec submitting transactions
chatterbot Lima submitting transactions
chatterbot Tango submitting transactions
chatterbot Delta submitting transactions
ChatterBot Quebec round 13
ChatterBot Echo round 13
ChatterBot Tango round 13
ChatterBot Victor round 13
ChatterBot Mike round 13
ChatterBot Delta round 13
ChatterBot Foxtrot round 13
ChatterBot Yankee round 13
ChatterBot Lima round 13
ChatterBot X-ray round 13
2024-10-14 18:54:16.886659 Tango: Echo, sending you 4
2024-10-14 18:54:16.888654 Quebec: Victor and X-ray, sending you 3
2024-10-14 18:54:16.892669 Tango: Mike, Delta, Foxtrot and Lima, sending you 3
2024-10-14 18:54:16.893502 Lima: Echo, sending you 4
2024-10-14 18:54:16.894202 Quebec: Yankee, sending you 4
2024-10-14 18:54:16.894541 X-ray: Quebec and Yankee, sending you 6
2024-10-14 18:54:16.896693 Delta: Echo, sending you 4
2024-10-14 18:54:16.897847 Lima: Tango, Mike, Delta and Foxtrot, sending you 3
2024-10-14 18:54:16.898681 X-ray: Victor, sending you 7
2024-10-14 18:54:16.899711 Echo: Tango, Mike, Foxtrot and Lima, sending you 3
2024-10-14 18:54:16.900905 Victor: Sending you each 5
2024-10-14 18:54:16.901437 Mike: Same as last round
2024-10-14 18:54:16.902969 Delta: Tango, Mike and Lima, sending you 3
2024-10-14 18:54:16.903844 Foxtrot: Echo, sending you 3
2024-10-14 18:54:16.905982 Echo: Delta, sending you 4
2024-10-14 18:54:16.907068 Delta: Foxtrot, sending you 2
2024-10-14 18:54:16.908767 Foxtrot: Tango, Mike, Delta and Lima, sending you 2
chatterbot Echo submitting transactions
chatterbot Quebec submitting transactions
chatterbot Mike submitting transactions
chatterbot X-ray submitting transactions
chatterbot Foxtrot submitting transactions
chatterbot Victor submitting transactions
chatterbot Tango submitting transactions
chatterbot Yankee submitting transactions
chatterbot Lima submitting transactions
chatterbot Delta submitting transactions
ChatterBot Quebec round 14
ChatterBot Echo round 14
ChatterBot Tango round 14
ChatterBot Victor round 14
ChatterBot Mike round 14
ChatterBot Delta round 14
ChatterBot Foxtrot round 14
ChatterBot Yankee round 14
ChatterBot Lima round 14
ChatterBot X-ray round 14
2024-10-14 18:54:18.128656 Tango: Echo, sending you 4
2024-10-14 18:54:18.129833 Mike: Same as last round
2024-10-14 18:54:18.130835 Echo: Tango, Mike, Foxtrot and Lima, sending you 3
2024-10-14 18:54:18.131853 Lima: Echo, sending you 4
2024-10-14 18:54:18.134693 Tango: Mike, Delta, Foxtrot and Lima, sending you 3
2024-10-14 18:54:18.135922 X-ray: Quebec and Yankee, sending you 6
2024-10-14 18:54:18.136434 Quebec: Victor and X-ray, sending you 3
2024-10-14 18:54:18.137492 Echo: Delta, sending you 4
2024-10-14 18:54:18.138315 Lima: Tango, Mike, Delta and Foxtrot, sending you 3
2024-10-14 18:54:18.139677 Quebec: Yankee, sending you 4
2024-10-14 18:54:18.140354 Foxtrot: Echo, sending you 4
2024-10-14 18:54:18.141783 X-ray: Victor, sending you 7
2024-10-14 18:54:18.143651 Victor: Quebec, sending you 4
2024-10-14 18:54:18.144142 Delta: Echo, sending you 4
2024-10-14 18:54:18.145258 Foxtrot: Tango, sending you 2
2024-10-14 18:54:18.146688 Victor: Yankee, sending you 6
2024-10-14 18:54:18.147664 Delta: Tango, Mike and Lima, sending you 3
2024-10-14 18:54:18.148724 Foxtrot: Mike, Delta and Lima, sending you 3
2024-10-14 18:54:18.151051 Delta: Foxtrot, sending you 2
2024-10-14 18:54:18.152570 Victor: X-ray, sending you 5
chatterbot Echo submitting transactions
chatterbot Delta submitting transactions
chatterbot Lima submitting transactions
chatterbot Foxtrot submitting transactions
chatterbot Tango submitting transactions
chatterbot X-ray submitting transactions
chatterbot Yankee submitting transactions
