ChatterBot Charlie round 1
ChatterBot Hotel round 1
ChatterBot Bravo round 1
ChatterBot Kilo round 1
ChatterBot Mike round 1
ChatterBot Golf round 1
ChatterBot X-ray round 1
ChatterBot Romeo round 1
ChatterBot Foxtrot round 1
randomSelections Hotel: {Hotel, Victor, Charlie, Foxtrot, X-ray, Mike} 
2024-10-14 18:54:00.586768 Hotel: Can we be friends?
ChatterBot Charlie reevaluating
ChatterBot Foxtrot reevaluating
ChatterBot X-ray reevaluating
ChatterBot Mike reevaluating
2024-10-14 18:54:00.596076 Charlie: Yes
2024-10-14 18:54:00.596808 Foxtrot: Yes
2024-10-14 18:54:00.596887 X-ray: Yes
2024-10-14 18:54:00.596966 Mike: Yes
ChatterBot Foxtrot reevaluating
ChatterBot X-ray reevaluating
ChatterBot Mike reevaluating
ChatterBot Charlie reevaluating
ChatterBot X-ray reevaluating
ChatterBot Mike reevaluating
ChatterBot Charlie reevaluating
ChatterBot Foxtrot reevaluating
ChatterBot Mike reevaluating
ChatterBot Charlie reevaluating
ChatterBot Foxtrot reevaluating
ChatterBot X-ray reevaluating
ChatterBot Victor round 1
ChatterBot Victor reevaluating
ChatterBot Victor reevaluating
ChatterBot Victor reevaluating
ChatterBot Victor reevaluating
ChatterBot Victor reevaluating
2024-10-14 18:54:00.633668 Victor: Yes
ChatterBot Charlie reevaluating
ChatterBot Foxtrot reevaluating
ChatterBot X-ray reevaluating
ChatterBot Mike reevaluating
randomSelections Bravo: {Bravo, Charlie, Mike, Foxtrot, Kilo, Victor} 
2024-10-14 18:54:00.653373 Bravo: We should group up
ChatterBot Charlie reevaluating
ChatterBot Mike reevaluating
ChatterBot Foxtrot reevaluating
ChatterBot Kilo reevaluating
ChatterBot Victor reevaluating
2024-10-14 18:54:00.665912 Charlie: No
2024-10-14 18:54:00.666113 Mike: No
2024-10-14 18:54:00.666288 Foxtrot: No
2024-10-14 18:54:00.666979 Kilo: Yes
2024-10-14 18:54:00.667185 Victor: No
ChatterBot Mike reevaluating
ChatterBot Foxtrot reevaluating
ChatterBot Kilo reevaluating
ChatterBot Victor reevaluating
ChatterBot Charlie reevaluating
ChatterBot Foxtrot reevaluating
ChatterBot Kilo reevaluating
ChatterBot Victor reevaluating
ChatterBot Charlie reevaluating
ChatterBot Mike reevaluating
ChatterBot Kilo reevaluating
ChatterBot Victor reevaluating
ChatterBot Charlie reevaluating
ChatterBot Mike reevaluating
ChatterBot Foxtrot reevaluating
ChatterBot Victor reevaluating
ChatterBot Charlie reevaluating
ChatterBot Mike reevaluating
ChatterBot Foxtrot reevaluating
ChatterBot Kilo reevaluating
randomSelections Romeo: {Romeo, Hotel, Mike} 
2024-10-14 18:54:00.741661 Romeo: We would work well together
ChatterBot Mike reevaluating
2024-10-14 18:54:00.746062 Hotel: No
2024-10-14 18:54:00.746248 Mike: No
ChatterBot Mike reevaluating
randomSelections Golf: {Golf, Bravo, Victor, Mike, X-ray, Hotel} 
2024-10-14 18:54:00.758132 Golf: Friends?
ChatterBot Victor reevaluating
ChatterBot Mike reevaluating
ChatterBot X-ray reevaluating
2024-10-14 18:54:00.769561 Bravo: No
2024-10-14 18:54:00.769730 Victor: No
2024-10-14 18:54:00.769872 Mike: No
2024-10-14 18:54:00.770001 X-ray: No
2024-10-14 18:54:00.770157 Hotel: No
ChatterBot Victor reevaluating
ChatterBot Mike reevaluating
ChatterBot X-ray reevaluating
ChatterBot Mike reevaluating
ChatterBot X-ray reevaluating
ChatterBot Victor reevaluating
ChatterBot X-ray reevaluating
ChatterBot Victor reevaluating
ChatterBot Mike reevaluating
ChatterBot Victor reevaluating
ChatterBot Mike reevaluating
ChatterBot X-ray reevaluating
2024-10-14 18:54:00.833659 Hotel: Charlie and Victor, sending you 1
2024-10-14 18:54:00.833991 Charlie: Hotel, sending you 1
2024-10-14 18:54:00.834762 Mike: Hotel, sending you 2
2024-10-14 18:54:00.836969 Hotel: Mike and Foxtrot, sending you 2
2024-10-14 18:54:00.837671 Charlie: Mike, X-ray and Foxtrot, sending you 4
2024-10-14 18:54:00.837969 Mike: X-ray and Foxtrot, sending you 5
2024-10-14 18:54:00.840937 Hotel: X-ray, sending you 5
2024-10-14 18:54:00.841664 Charlie: Victor, sending you 2
2024-10-14 18:54:00.841966 Mike: Victor, sending you 3
2024-10-14 18:54:00.844679 Golf: Hotel, sending you 1
2024-10-14 18:54:00.845059 Victor: Charlie and Mike, sending you 2
2024-10-14 18:54:00.845831 Romeo: Sending you each 5
2024-10-14 18:54:00.846663 Bravo: Charlie, Kilo, Mike, Foxtrot and Victor, sending you 2
2024-10-14 18:54:00.848689 Victor: Hotel and X-ray, sending you 4
2024-10-14 18:54:00.849681 Golf: Bravo, Mike, X-ray and Victor, sending you 3
2024-10-14 18:54:00.850076 X-ray: Charlie and Mike, sending you 2
2024-10-14 18:54:00.851677 Kilo: Charlie, sending you 1
2024-10-14 18:54:00.852680 Victor: Foxtrot, sending you 3
2024-10-14 18:54:00.853023 X-ray: Hotel, Foxtrot and Victor, sending you 1
2024-10-14 18:54:00.855676 Kilo: Bravo, sending you 5
2024-10-14 18:54:00.858679 Kilo: Mike, sending you 3
2024-10-14 18:54:00.863651 Kilo: Foxtrot, sending you 4
2024-10-14 18:54:00.868692 Kilo: Victor, sending you 2
chatterbot Hotel submitting transactions
chatterbot Victor submitting transactions
chatterbot Kilo submitting transactions
chatterbot Foxtrot submitting transactions
chatterbot Charlie submitting transactions
chatterbot Romeo submitting transactions
chatterbot Bravo submitting transactions
chatterbot Golf submitting transactions
chatterbot Mike submitting transactions
chatterbot X-ray submitting transactions
ChatterBot Charlie round 2
ChatterBot Hotel round 2
ChatterBot Bravo round 2
ChatterBot Kilo round 2
ChatterBot Mike round 2
ChatterBot Golf round 2
ChatterBot X-ray round 2
ChatterBot Romeo round 2
ChatterBot Foxtrot round 2
ChatterBot Victor round 2
2024-10-14 18:54:03.060421 Hotel: We should replace Foxtrot with Romeo
ChatterBot Charlie reevaluating
ChatterBot Mike reevaluating
ChatterBot X-ray reevaluating
ChatterBot Victor reevaluating
2024-10-14 18:54:03.076718 Charlie: No
2024-10-14 18:54:03.076897 Mike: Yes
2024-10-14 18:54:03.077094 X-ray: Yes
2024-10-14 18:54:03.077601 Victor: No
ChatterBot Hotel reevaluating
ChatterBot Mike reevaluating
ChatterBot X-ray reevaluating
ChatterBot Victor reevaluating
ChatterBot Hotel reevaluating
ChatterBot Charlie reevaluating
ChatterBot X-ray reevaluating
ChatterBot Victor reevaluating
ChatterBot Hotel reevaluating
ChatterBot Charlie reevaluating
ChatterBot Mike reevaluating
ChatterBot Victor reevaluating
ChatterBot Hotel reevaluating
ChatterBot Charlie reevaluating
ChatterBot Mike reevaluating
ChatterBot X-ray reevaluating
2024-10-14 18:54:03.145244 Mike: We would work well together
ChatterBot Charlie reevaluating
ChatterBot Hotel reevaluating
ChatterBot X-ray reevaluating
ChatterBot Romeo reevaluating
ChatterBot Victor reevaluating
ChatterBot Golf reevaluating
2024-10-14 18:54:03.171061 Charlie: No
2024-10-14 18:54:03.171200 Hotel: No
2024-10-14 18:54:03.171296 X-ray: Yes
2024-10-14 18:54:03.171408 Romeo: No
2024-10-14 18:54:03.171514 Victor: No
2024-10-14 18:54:03.171605 Golf: No
ChatterBot Mike reevaluating
ChatterBot Hotel reevaluating
ChatterBot X-ray reevaluating
ChatterBot Romeo reevaluating
ChatterBot Victor reevaluating
ChatterBot Golf reevaluating
ChatterBot Mike reevaluating
ChatterBot Charlie reevaluating
ChatterBot X-ray reevaluating
ChatterBot Romeo reevaluating
ChatterBot Victor reevaluating
ChatterBot Golf reevaluating
ChatterBot Mike reevaluating
ChatterBot Charlie reevaluating
ChatterBot Hotel reevaluating
ChatterBot Romeo reevaluating
ChatterBot Victor reevaluating
ChatterBot Golf reevaluating
ChatterBot Mike reevaluating
ChatterBot Charlie reevaluating
ChatterBot Hotel reevaluating
ChatterBot X-ray reevaluating
ChatterBot Victor reevaluating
ChatterBot Golf reevaluating
2024-10-14 18:54:03.311321 Hotel: We should group up
ChatterBot Mike reevaluating
ChatterBot Charlie reevaluating
ChatterBot Hotel reevaluating
ChatterBot X-ray reevaluating
ChatterBot Romeo reevaluating
ChatterBot Golf reevaluating
ChatterBot Mike reevaluating
ChatterBot Charlie reevaluating
ChatterBot Hotel reevaluating
ChatterBot X-ray reevaluating
ChatterBot Romeo reevaluating
ChatterBot Victor reevaluating
ChatterBot Mike reevaluating
ChatterBot Charlie reevaluating
ChatterBot X-ray reevaluating
ChatterBot Romeo reevaluating
ChatterBot Victor reevaluating
ChatterBot Golf reevaluating
2024-10-14 18:54:03.509703 Mike: Yes
2024-10-14 18:54:03.509966 Charlie: No
2024-10-14 18:54:03.510273 X-ray: Yes
2024-10-14 18:54:03.511144 Romeo: No
2024-10-14 18:54:03.511332 Victor: Yes
2024-10-14 18:54:03.511535 Golf: Yes
ChatterBot Charlie reevaluating
ChatterBot Hotel reevaluating
ChatterBot X-ray reevaluating
ChatterBot Romeo reevaluating
ChatterBot Victor reevaluating
ChatterBot Golf reevaluating
ChatterBot Mike reevaluating
ChatterBot Hotel reevaluating
ChatterBot X-ray reevaluating
ChatterBot Romeo reevaluating
ChatterBot Victor reevaluating
ChatterBot Golf reevaluating
ChatterBot Mike reevaluating
ChatterBot Charlie reevaluating
ChatterBot Hotel reevaluating
ChatterBot Romeo reevaluating
ChatterBot Victor reevaluating
ChatterBot Golf reevaluating
ChatterBot Mike reevaluating
ChatterBot Charlie reevaluating
ChatterBot Hotel reevaluating
ChatterBot X-ray reevaluating
ChatterBot Victor reevaluating
ChatterBot Golf reevaluating
ChatterBot Mike reevaluating
ChatterBot Charlie reevaluating
ChatterBot Hotel reevaluating
ChatterBot X-ray reevaluating
ChatterBot Romeo reevaluating
ChatterBot Golf reevaluating
ChatterBot Mike reevaluating
ChatterBot Charlie reevaluating
ChatterBot Hotel reevaluating
ChatterBot X-ray reevaluating
ChatterBot Romeo reevaluating
ChatterBot Victor reevaluating
2024-10-14 18:54:03.712740 Kilo: Can we be friends?
ChatterBot Bravo reevaluating
2024-10-14 18:54:03.716397 Bravo: Yes
ChatterBot Kilo reevaluating
2024-10-14 18:54:03.720129 Bravo: Friends?
ChatterBot Kilo reevaluating
ChatterBot Golf reevaluating
2024-10-14 18:54:03.727334 Kilo: Yes
2024-10-14 18:54:03.727471 Golf: No
ChatterBot Bravo reevaluating
ChatterBot Golf reevaluating
ChatterBot Bravo reevaluating
ChatterBot Kilo reevaluating
2024-10-14 18:54:03.759965 Foxtrot: We should add Romeo
ChatterBot Hotel reevaluating
ChatterBot Victor reevaluating
ChatterBot Charlie reevaluating
ChatterBot X-ray reevaluating
ChatterBot Mike reevaluating
2024-10-14 18:54:03.779704 Hotel: Yes
2024-10-14 18:54:03.779826 Victor: Yes
2024-10-14 18:54:03.779916 Charlie: No
2024-10-14 18:54:03.780018 X-ray: Yes
2024-10-14 18:54:03.780111 Mike: Yes
ChatterBot Victor reevaluating
ChatterBot Charlie reevaluating
ChatterBot X-ray reevaluating
ChatterBot Mike reevaluating
ChatterBot Hotel reevaluating
ChatterBot Charlie reevaluating
ChatterBot X-ray reevaluating
ChatterBot Mike reevaluating
ChatterBot Hotel reevaluating
ChatterBot Victor reevaluating
ChatterBot X-ray reevaluating
ChatterBot Mike reevaluating
ChatterBot Hotel reevaluating
ChatterBot Victor reevaluating
ChatterBot Charlie reevaluating
ChatterBot Mike reevaluating
ChatterBot Hotel reevaluating
ChatterBot Victor reevaluating
ChatterBot Charlie reevaluating
ChatterBot X-ray reevaluating
2024-10-14 18:54:03.879111 Foxtrot: Romeo we want you to join our group
2024-10-14 18:54:03.882948 Romeo: No
ChatterBot Charlie reevaluating
ChatterBot Hotel reevaluating
2024-10-14 18:54:03.906882 Kilo: Bravo, sending you 11
2024-10-14 18:54:03.908890 Charlie: We should drop Foxtrot
2024-10-14 18:54:03.921908 Hotel: Yes
2024-10-14 18:54:03.922462 Mike: Yes
2024-10-14 18:54:03.922598 X-ray: Yes
2024-10-14 18:54:03.922786 Victor: Yes
ChatterBot Hotel reevaluating
ChatterBot Hotel reevaluating
ChatterBot Hotel reevaluating
2024-10-14 18:54:03.973243 Bravo: Sending you each 2
2024-10-14 18:54:03.973513 Kilo: Golf, sending you 4
2024-10-14 18:54:03.976698 Mike: Charlie and Golf, sending you 3
2024-10-14 18:54:03.977700 X-ray: Charlie and Victor, sending you 3
2024-10-14 18:54:03.978278 Golf: Charlie, Hotel, Mike, X-ray and Romeo, sending you 3
2024-10-14 18:54:03.978719 Victor: Charlie, sending you 4
2024-10-14 18:54:03.979656 Romeo: Charlie, Hotel and Mike, sending you 3
2024-10-14 18:54:03.980174 Foxtrot: Charlie and Victor, sending you 3
2024-10-14 18:54:03.981709 X-ray: Hotel and Mike, sending you 4
2024-10-14 18:54:03.982667 Mike: Hotel, X-ray and Victor, sending you 2
2024-10-14 18:54:03.983513 Romeo: Golf, X-ray and Victor, sending you 2
2024-10-14 18:54:03.983906 Foxtrot: Hotel and X-ray, sending you 2
2024-10-14 18:54:03.984189 Victor: Hotel and X-ray, sending you 2
2024-10-14 18:54:03.984736 Charlie: Hotel, sending you 3
2024-10-14 18:54:03.986681 X-ray: Golf, sending you 2
2024-10-14 18:54:03.987123 Mike: Romeo, sending you 4
2024-10-14 18:54:03.987875 Foxtrot: Mike, sending you 4
2024-10-14 18:54:03.988145 Victor: Mike and Golf, sending you 5
2024-10-14 18:54:03.989937 Charlie: Mike, sending you 1
2024-10-14 18:54:03.992125 Foxtrot: Romeo, sending you 1
2024-10-14 18:54:03.992691 Victor: Romeo, sending you 1
2024-10-14 18:54:03.994682 Charlie: X-ray, sending you 6
2024-10-14 18:54:03.995693 Hotel: Charlie, Mike, Golf, X-ray and Victor, sending you 3
2024-10-14 18:54:03.999681 Charlie: Victor, sending you 5
2024-10-14 18:54:04.000021 Hotel: Romeo, sending you 4
chatterbot Foxtrot submitting transactions
chatterbot Charlie submitting transactions
chatterbot Kilo submitting transactions
chatterbot Victor submitting transactions
chatterbot Bravo submitting transactions
chatterbot Golf submitting transactions
chatterbot Mike submitting transactions
chatterbot Hotel submitting transactions
chatterbot X-ray submitting transactions
chatterbot Romeo submitting transactions
ChatterBot Charlie round 3
ChatterBot Hotel round 3
2024-10-14 18:54:05.117067 Hotel: We should add Foxtrot
ChatterBot Charlie reevaluating
2024-10-14 18:54:05.136699 Mike: No
2024-10-14 18:54:05.137320 Charlie: Yes
2024-10-14 18:54:05.137449 X-ray: No
2024-10-14 18:54:05.137569 Romeo: No
2024-10-14 18:54:05.137701 Victor: No
2024-10-14 18:54:05.137855 Golf: No
ChatterBot Charlie reevaluating
ChatterBot Hotel reevaluating
ChatterBot Hotel reevaluating
ChatterBot Charlie reevaluating
ChatterBot Hotel reevaluating
ChatterBot Charlie reevaluating
ChatterBot Hotel reevaluating
ChatterBot Charlie reevaluating
ChatterBot Hotel reevaluating
ChatterBot Charlie reevaluating
ChatterBot Hotel reevaluating
ChatterBot Bravo round 3
ChatterBot Kilo round 3
ChatterBot Mike round 3
ChatterBot Golf round 3
ChatterBot X-ray round 3
ChatterBot Romeo round 3
ChatterBot Foxtrot round 3
2024-10-14 18:54:05.236918 Charlie: We should add Golf and Romeo
ChatterBot Hotel reevaluating
ChatterBot Mike reevaluating
ChatterBot X-ray reevaluating
2024-10-14 18:54:05.246303 Hotel: Yes
2024-10-14 18:54:05.246431 Mike: Yes
2024-10-14 18:54:05.246523 X-ray: Yes
2024-10-14 18:54:05.246605 Victor: Yes
ChatterBot Charlie reevaluating
ChatterBot Mike reevaluating
ChatterBot X-ray reevaluating
ChatterBot Hotel reevaluating
ChatterBot Charlie reevaluating
ChatterBot X-ray reevaluating
ChatterBot Hotel reevaluating
ChatterBot Charlie reevaluating
ChatterBot Mike reevaluating
ChatterBot Hotel reevaluating
ChatterBot Charlie reevaluating
ChatterBot Mike reevaluating
ChatterBot X-ray reevaluating
2024-10-14 18:54:05.285410 X-ray: We should add Foxtrot
ChatterBot Mike reevaluating
ChatterBot Charlie reevaluating
ChatterBot Hotel reevaluating
ChatterBot Romeo reevaluating
ChatterBot Golf reevaluating
2024-10-14 18:54:05.299201 Mike: Yes
2024-10-14 18:54:05.299309 Charlie: Yes
2024-10-14 18:54:05.299417 Hotel: Yes
2024-10-14 18:54:05.299512 Romeo: No
2024-10-14 18:54:05.299597 Victor: No
2024-10-14 18:54:05.299693 Golf: No
ChatterBot Charlie reevaluating
ChatterBot Hotel reevaluating
ChatterBot X-ray reevaluating
ChatterBot Romeo reevaluating
ChatterBot Golf reevaluating
ChatterBot Mike reevaluating
ChatterBot Hotel reevaluating
ChatterBot X-ray reevaluating
ChatterBot Romeo reevaluating
ChatterBot Golf reevaluating
ChatterBot Mike reevaluating
ChatterBot Charlie reevaluating
ChatterBot X-ray reevaluating
ChatterBot Romeo reevaluating
ChatterBot Golf reevaluating
ChatterBot Mike reevaluating
ChatterBot Charlie reevaluating
ChatterBot Hotel reevaluating
ChatterBot X-ray reevaluating
ChatterBot Golf reevaluating
ChatterBot Mike reevaluating
ChatterBot Charlie reevaluating
ChatterBot Hotel reevaluating
ChatterBot X-ray reevaluating
ChatterBot Romeo reevaluating
ChatterBot Golf reevaluating
ChatterBot Mike reevaluating
ChatterBot Charlie reevaluating
ChatterBot Hotel reevaluating
ChatterBot X-ray reevaluating
ChatterBot Romeo reevaluating
ChatterBot Victor round 3
2024-10-14 18:54:05.393655 Foxtrot: We should add Golf
ChatterBot Hotel reevaluating
ChatterBot Mike reevaluating
ChatterBot X-ray reevaluating
ChatterBot Romeo reevaluating
ChatterBot Victor reevaluating
2024-10-14 18:54:05.406657 Charlie: Yes
2024-10-14 18:54:05.406782 Hotel: Yes
2024-10-14 18:54:05.406868 Mike: Yes
2024-10-14 18:54:05.406963 X-ray: Yes
2024-10-14 18:54:05.407063 Romeo: Yes
2024-10-14 18:54:05.407155 Victor: Yes
ChatterBot Hotel reevaluating
ChatterBot Mike reevaluating
ChatterBot X-ray reevaluating
ChatterBot Romeo reevaluating
ChatterBot Victor reevaluating
ChatterBot Mike reevaluating
ChatterBot X-ray reevaluating
ChatterBot Romeo reevaluating
ChatterBot Victor reevaluating
ChatterBot Hotel reevaluating
ChatterBot X-ray reevaluating
ChatterBot Romeo reevaluating
ChatterBot Victor reevaluating
ChatterBot Hotel reevaluating
ChatterBot Mike reevaluating
ChatterBot Romeo reevaluating
ChatterBot Victor reevaluating
ChatterBot Hotel reevaluating
ChatterBot Mike reevaluating
ChatterBot X-ray reevaluating
ChatterBot Victor reevaluating
ChatterBot Hotel reevaluating
ChatterBot Mike reevaluating
ChatterBot X-ray reevaluating
ChatterBot Romeo reevaluating
2024-10-14 18:54:05.487125 Victor: We should add Foxtrot
ChatterBot Mike reevaluating
ChatterBot Hotel reevaluating
ChatterBot X-ray reevaluating
ChatterBot Romeo reevaluating
ChatterBot Golf reevaluating
2024-10-14 18:54:05.500103 Mike: Yes
2024-10-14 18:54:05.500204 Charlie: Yes
2024-10-14 18:54:05.500293 Hotel: Yes
2024-10-14 18:54:05.500389 X-ray: Yes
2024-10-14 18:54:05.500469 Romeo: Yes
2024-10-14 18:54:05.500547 Golf: Yes
ChatterBot Hotel reevaluating
ChatterBot X-ray reevaluating
ChatterBot Romeo reevaluating
ChatterBot Victor reevaluating
ChatterBot Golf reevaluating
ChatterBot Mike reevaluating
ChatterBot Hotel reevaluating
ChatterBot X-ray reevaluating
ChatterBot Romeo reevaluating
ChatterBot Victor reevaluating
ChatterBot Golf reevaluating
ChatterBot Mike reevaluating
ChatterBot X-ray reevaluating
ChatterBot Romeo reevaluating
ChatterBot Victor reevaluating
ChatterBot Golf reevaluating
ChatterBot Mike reevaluating
ChatterBot Hotel reevaluating
ChatterBot Romeo reevaluating
ChatterBot Victor reevaluating
ChatterBot Golf reevaluating
ChatterBot Mike reevaluating
ChatterBot Hotel reevaluating
ChatterBot X-ray reevaluating
ChatterBot Victor reevaluating
ChatterBot Golf reevaluating
ChatterBot Mike reevaluating
ChatterBot Hotel reevaluating
ChatterBot X-ray reevaluating
ChatterBot Romeo reevaluating
ChatterBot Victor reevaluating
2024-10-14 18:54:05.587822 Foxtrot: Golf we want you to join our group
2024-10-14 18:54:05.590050 Golf: No
ChatterBot Victor reevaluating
2024-10-14 18:54:05.601681 Hotel: Foxtrot we want you to join our group
2024-10-14 18:54:05.603420 Foxtrot: Yes
ChatterBot Golf reevaluating
2024-10-14 18:54:05.615448 Kilo: We should drop Golf
ChatterBot Bravo reevaluating
2024-10-14 18:54:05.617850 Bravo: Yes
2024-10-14 18:54:05.619544 X-ray: Foxtrot we want you to join our group
2024-10-14 18:54:05.621666 Foxtrot: Yes
ChatterBot Golf reevaluating
2024-10-14 18:54:05.634248 Romeo: Foxtrot we want you to join our group
2024-10-14 18:54:05.636328 Foxtrot: Yes
ChatterBot Golf reevaluating
2024-10-14 18:54:05.648644 Mike: Foxtrot we want you to join our group
2024-10-14 18:54:05.650884 Foxtrot: Yes
ChatterBot Golf reevaluating
2024-10-14 18:54:05.663883 Victor: Foxtrot we want you to join our group
2024-10-14 18:54:05.665684 Foxtrot: Yes
ChatterBot Golf reevaluating
2024-10-14 18:54:05.682691 Foxtrot: Charlie and Victor, sending you 3
2024-10-14 18:54:05.685153 Charlie: Hotel, Mike, Romeo and Foxtrot, sending you 2
2024-10-14 18:54:05.686714 Foxtrot: Hotel and X-ray, sending you 2
2024-10-14 18:54:05.687953 Charlie: Golf, sending you 1
2024-10-14 18:54:05.689659 Golf: Foxtrot we want you to join our group
2024-10-14 18:54:05.694310 Foxtrot: Yes
2024-10-14 18:54:05.722519 Romeo: Hotel and Mike, sending you 4
2024-10-14 18:54:05.723381 Foxtrot: Mike, sending you 5
2024-10-14 18:54:05.724295 Charlie: X-ray and Victor, sending you 3
chatterbot Charlie submitting transactions
2024-10-14 18:54:05.726275 X-ray: Charlie, sending you 4
2024-10-14 18:54:05.726727 Victor: Charlie, sending you 4
2024-10-14 18:54:05.727055 Foxtrot: Golf and Romeo, sending you 1
2024-10-14 18:54:05.727712 Romeo: Golf, sending you 3
2024-10-14 18:54:05.729221 Kilo: Sending you 15
2024-10-14 18:54:05.729553 Hotel: Charlie, Mike, Golf, X-ray, Romeo and Victor, sending you 3
2024-10-14 18:54:05.730891 Mike: Charlie, Hotel, Golf, Romeo and Foxtrot, sending you 2
2024-10-14 18:54:05.731596 Victor: Hotel, Mike, X-ray and Foxtrot, sending you 3
2024-10-14 18:54:05.731948 X-ray: Hotel and Mike, sending you 3
2024-10-14 18:54:05.733707 Romeo: Foxtrot and Victor, sending you 2
2024-10-14 18:54:05.735692 Hotel: Foxtrot, sending you 1
2024-10-14 18:54:05.736182 Mike: X-ray and Victor, sending you 3
2024-10-14 18:54:05.736581 Victor: Golf, sending you 2
2024-10-14 18:54:05.737114 Bravo: Sending you 1
2024-10-14 18:54:05.738018 X-ray: Golf and Victor, sending you 2
2024-10-14 18:54:05.740359 Victor: Romeo, sending you 1
2024-10-14 18:54:05.742922 X-ray: Romeo and Foxtrot, sending you 1
2024-10-14 18:54:05.743751 Golf: Hotel and Mike, sending you 3
2024-10-14 18:54:05.748688 Golf: X-ray and Romeo, sending you 2
2024-10-14 18:54:05.754699 Golf: Victor, sending you 5
chatterbot Bravo submitting transactions
chatterbot Romeo submitting transactions
chatterbot Golf submitting transactions
chatterbot Mike submitting transactions
chatterbot Foxtrot submitting transactions
chatterbot X-ray submitting transactions
chatterbot Kilo submitting transactions
chatterbot Hotel submitting transactions
chatterbot Victor submitting transactions
ChatterBot Charlie round 4
ChatterBot Hotel round 4
ChatterBot Bravo round 4
ChatterBot Kilo round 4
ChatterBot Mike round 4
ChatterBot Golf round 4
ChatterBot X-ray round 4
ChatterBot Romeo round 4
ChatterBot Foxtrot round 4
ChatterBot Victor round 4
2024-10-14 18:54:06.812963 Kilo: We should add Foxtrot
2024-10-14 18:54:06.814816 Bravo: No
ChatterBot Kilo reevaluating
2024-10-14 18:54:06.826670 Bravo: Same as last round
2024-10-14 18:54:06.834669 Foxtrot: Charlie and Victor, sending you 3
2024-10-14 18:54:06.835268 Hotel: Charlie, Mike, Golf, X-ray, Romeo and Victor, sending you 3
2024-10-14 18:54:06.835819 Golf: Charlie and Foxtrot, sending you 1
2024-10-14 18:54:06.836679 X-ray: Charlie, sending you 4
2024-10-14 18:54:06.837676 Foxtrot: Hotel, X-ray and Romeo, sending you 2
2024-10-14 18:54:06.838704 Victor: Charlie, Hotel, Mike, Golf, X-ray and Foxtrot, sending you 3
2024-10-14 18:54:06.839673 Hotel: Foxtrot, sending you 1
2024-10-14 18:54:06.841412 Golf: Hotel, Mike and Victor, sending you 3
2024-10-14 18:54:06.841977 X-ray: Hotel and Mike, sending you 3
2024-10-14 18:54:06.842508 Charlie: Hotel, Mike and Foxtrot, sending you 2
2024-10-14 18:54:06.842977 Romeo: Charlie, Golf, Foxtrot and Victor, sending you 2
2024-10-14 18:54:06.843389 Foxtrot: Mike, sending you 4
2024-10-14 18:54:06.843823 Victor: Romeo, sending you 1
2024-10-14 18:54:06.845658 X-ray: Golf and Victor, sending you 2
2024-10-14 18:54:06.846146 Romeo: Hotel and Mike, sending you 3
2024-10-14 18:54:06.846704 Golf: X-ray and Romeo, sending you 2
2024-10-14 18:54:06.847667 Charlie: Golf and Romeo, sending you 1
2024-10-14 18:54:06.848298 Foxtrot: Golf, sending you 1
2024-10-14 18:54:06.849703 X-ray: Romeo and Foxtrot, sending you 1
2024-10-14 18:54:06.850673 Romeo: X-ray, sending you 1
2024-10-14 18:54:06.851266 Kilo: Same as last round
2024-10-14 18:54:06.851506 Charlie: X-ray, sending you 4
2024-10-14 18:54:06.852699 Mike: Charlie, Hotel, Golf, Romeo and Victor, sending you 2
2024-10-14 18:54:06.854664 Charlie: Victor, sending you 3
2024-10-14 18:54:06.856170 Mike: X-ray and Foxtrot, sending you 3
chatterbot Romeo submitting transactions
chatterbot Victor submitting transactions
chatterbot Golf submitting transactions
chatterbot X-ray submitting transactions
chatterbot Hotel submitting transactions
chatterbot Mike submitting transactions
chatterbot Bravo submitting transactions
chatterbot Charlie submitting transactions
chatterbot Foxtrot submitting transactions
chatterbot Kilo submitting transactions
ChatterBot Charlie round 5
ChatterBot Hotel round 5
ChatterBot Bravo round 5
ChatterBot Kilo round 5
ChatterBot Mike round 5
ChatterBot Golf round 5
ChatterBot X-ray round 5
ChatterBot Romeo round 5
ChatterBot Foxtrot round 5
ChatterBot Victor round 5
2024-10-14 18:54:07.979705 Golf: Charlie and Foxtrot, sending you 1
2024-10-14 18:54:07.982725 Mike: Charlie, Hotel, Golf, Romeo and Victor, sending you 2
2024-10-14 18:54:07.983647 Golf: Hotel, Mike and Victor, sending you 3
2024-10-14 18:54:07.984677 Charlie: Hotel, Mike and Foxtrot, sending you 2
2024-10-14 18:54:07.987705 Mike: X-ray and Foxtrot, sending you 3
2024-10-14 18:54:07.988698 Golf: X-ray and Romeo, sending you 2
2024-10-14 18:54:07.989838 Bravo: Same as last round
2024-10-14 18:54:07.990184 Charlie: Golf and Romeo, sending you 1
2024-10-14 18:54:07.990964 Romeo: Charlie, Golf, Foxtrot and Victor, sending you 2
2024-10-14 18:54:07.991942 Hotel: Charlie, Mike, Golf, X-ray, Romeo and Victor, sending you 3
2024-10-14 18:54:07.994008 Victor: Charlie, Hotel, Mike, Golf, X-ray and Foxtrot, sending you 3
2024-10-14 18:54:07.995390 Charlie: X-ray, sending you 4
2024-10-14 18:54:07.996742 Romeo: Hotel and Mike, sending you 3
2024-10-14 18:54:07.998030 X-ray: Charlie, sending you 4
2024-10-14 18:54:07.999747 Hotel: Foxtrot, sending you 1
2024-10-14 18:54:08.002199 Victor: Romeo, sending you 1
2024-10-14 18:54:08.003557 Foxtrot: Charlie, Mike and Victor, sending you 3
2024-10-14 18:54:08.004470 Charlie: Victor, sending you 3
2024-10-14 18:54:08.005376 Romeo: X-ray, sending you 1
2024-10-14 18:54:08.006277 X-ray: Hotel, Mike and Victor, sending you 3
2024-10-14 18:54:08.007699 Foxtrot: Hotel, Golf, X-ray and Romeo, sending you 2
2024-10-14 18:54:08.011720 X-ray: Golf, sending you 2
2024-10-14 18:54:08.016720 X-ray: Foxtrot, sending you 1
chatterbot Bravo submitting transactions
chatterbot Romeo submitting transactions
chatterbot Charlie submitting transactions
chatterbot Mike submitting transactions
chatterbot Kilo submitting transactions
chatterbot Victor submitting transactions
chatterbot Hotel submitting transactions
chatterbot X-ray submitting transactions
chatterbot Golf submitting transactions
chatterbot Foxtrot submitting transactions
ChatterBot Charlie round 6
ChatterBot Hotel round 6
ChatterBot Bravo round 6
ChatterBot Kilo round 6
ChatterBot Mike round 6
ChatterBot Golf round 6
ChatterBot X-ray round 6
ChatterBot Romeo round 6
ChatterBot Foxtrot round 6
ChatterBot Victor round 6
2024-10-14 18:54:09.238676 Bravo: Same as last round
2024-10-14 18:54:09.240717 Hotel: Charlie, Mike, Golf, X-ray, Romeo and Victor, sending you 3
2024-10-14 18:54:09.245713 Mike: Charlie, Hotel, Golf, Romeo, Foxtrot and Victor, sending you 2
2024-10-14 18:54:09.247698 Romeo: Charlie, Golf, Foxtrot and Victor, sending you 2
2024-10-14 18:54:09.249683 Kilo: Bravo, sending you 1
2024-10-14 18:54:09.250075 Golf: Charlie and Foxtrot, sending you 1
2024-10-14 18:54:09.251102 Mike: X-ray, sending you 3
2024-10-14 18:54:09.252136 Foxtrot: Charlie, Mike and Victor, sending you 3
2024-10-14 18:54:09.253181 Romeo: Hotel and Mike, sending you 3
2024-10-14 18:54:09.254710 Golf: Hotel, Mike and Victor, sending you 3
2024-10-14 18:54:09.256721 Foxtrot: Hotel, Golf, X-ray and Romeo, sending you 2
2024-10-14 18:54:09.257780 X-ray: Charlie, Hotel and Mike, sending you 3
2024-10-14 18:54:09.258741 Romeo: X-ray, sending you 1
2024-10-14 18:54:09.259705 Charlie: Hotel, Mike, Romeo and Foxtrot, sending you 2
2024-10-14 18:54:09.260719 Victor: Charlie, Hotel, Mike, Golf, X-ray and Foxtrot, sending you 2
2024-10-14 18:54:09.261689 Victor: I was attacked by Kilo
ChatterBot Foxtrot reevaluating
ChatterBot Charlie reevaluating
ChatterBot Hotel reevaluating
ChatterBot Mike reevaluating
ChatterBot Golf reevaluating
ChatterBot X-ray reevaluating
ChatterBot Romeo reevaluating
2024-10-14 18:54:09.291662 Victor: Ow
2024-10-14 18:54:09.313748 Hotel: Charlie, Mike, Golf, Romeo and Foxtrot, sending you 2
2024-10-14 18:54:09.316711 Mike: Charlie, Hotel, Golf, Romeo and Foxtrot, sending you 1
2024-10-14 18:54:09.327706 Golf: Mike, X-ray and Romeo, sending you 2
2024-10-14 18:54:09.329263 Foxtrot: Golf, sending you 1
chatterbot Romeo submitting transactions
chatterbot Bravo submitting transactions
chatterbot Foxtrot submitting transactions
chatterbot Victor submitting transactions
chatterbot Golf submitting transactions
chatterbot Mike submitting transactions
chatterbot Kilo submitting transactions
chatterbot Hotel submitting transactions
chatterbot X-ray submitting transactions
chatterbot Charlie submitting transactions
ChatterBot Charlie round 7
ChatterBot Hotel round 7
ChatterBot Bravo round 7
ChatterBot Kilo round 7
ChatterBot Mike round 7
ChatterBot Golf round 7
ChatterBot X-ray round 7
ChatterBot Romeo round 7
ChatterBot Foxtrot round 7
ChatterBot Victor round 7
2024-10-14 18:54:10.431659 Bravo: Same as last round
2024-10-14 18:54:10.435702 Kilo: I was attacked by Hotel, Mike, Golf, X-ray and Foxtrot
2024-10-14 18:54:10.436017 Kilo: I'm keeping this round to protect myself
2024-10-14 18:54:10.436217 Kilo: Ow
2024-10-14 18:54:10.441686 Mike: Charlie, Hotel, Golf, Romeo and Victor, sending you 2
2024-10-14 18:54:10.444669 Mike: X-ray and Foxtrot, sending you 3
2024-10-14 18:54:10.445703 Victor: Charlie, sending you 3
2024-10-14 18:54:10.446758 Hotel: I was attacked by Kilo
ChatterBot Foxtrot reevaluating
ChatterBot Charlie reevaluating
ChatterBot Mike reevaluating
ChatterBot Golf reevaluating
ChatterBot X-ray reevaluating
ChatterBot Romeo reevaluating
ChatterBot Victor reevaluating
2024-10-14 18:54:10.465509 Hotel: I'm keeping this round to protect myself
2024-10-14 18:54:10.468209 Hotel: Ow
2024-10-14 18:54:10.468680 Mike: X-ray did not give me 3 like they said
ChatterBot Foxtrot reevaluating
ChatterBot Charlie reevaluating
ChatterBot Golf reevaluating
ChatterBot X-ray reevaluating
ChatterBot Romeo reevaluating
ChatterBot Victor reevaluating
2024-10-14 18:54:10.489995 Hotel: X-ray did not give me 3 like they said
ChatterBot Foxtrot reevaluating
ChatterBot Charlie reevaluating
ChatterBot Mike reevaluating
ChatterBot Golf reevaluating
ChatterBot X-ray reevaluating
ChatterBot Romeo reevaluating
ChatterBot Victor reevaluating
2024-10-14 18:54:10.534680 Foxtrot: Charlie, Mike and Victor, sending you 3
2024-10-14 18:54:10.537654 Foxtrot: Hotel, Golf, X-ray and Romeo, sending you 2
2024-10-14 18:54:10.539693 Romeo: Charlie, Golf and Foxtrot, sending you 2
2024-10-14 18:54:10.543674 Romeo: Hotel, sending you 4
2024-10-14 18:54:10.548663 Romeo: Mike, sending you 3
2024-10-14 18:54:10.554689 Romeo: X-ray and Victor, sending you 1
chatterbot Romeo submitting transactions
chatterbot Charlie submitting transactions
chatterbot Bravo submitting transactions
chatterbot Foxtrot submitting transactions
chatterbot Golf submitting transactions
chatterbot X-ray submitting transactions
chatterbot Hotel submitting transactions
chatterbot Kilo submitting transactions
chatterbot Victor submitting transactions
chatterbot Mike submitting transactions
ChatterBot Charlie round 8
ChatterBot Hotel round 8
ChatterBot Bravo round 8
ChatterBot Kilo round 8
ChatterBot Mike round 8
ChatterBot Golf round 8
ChatterBot X-ray round 8
ChatterBot Romeo round 8
ChatterBot Foxtrot round 8
ChatterBot Victor round 8
2024-10-14 18:54:11.784692 Hotel: Charlie, Mike, Foxtrot and Victor, sending you 2
2024-10-14 18:54:11.789712 Hotel: Golf, X-ray and Romeo, sending you 3
2024-10-14 18:54:11.793584 Foxtrot: Charlie, Mike and Victor, sending you 3
2024-10-14 18:54:11.795559 Romeo: Charlie, Hotel, Golf, Foxtrot and Victor, sending you 2
2024-10-14 18:54:11.797443 Bravo: Same as last round
2024-10-14 18:54:11.798004 Foxtrot: Hotel, Golf, X-ray and Romeo, sending you 2
2024-10-14 18:54:11.799863 Romeo: Mike, sending you 4
2024-10-14 18:54:11.804714 Mike: Charlie, Hotel, Golf, Romeo, Foxtrot and Victor, sending you 2
2024-10-14 18:54:11.805740 Romeo: X-ray, sending you 1
2024-10-14 18:54:11.808689 Mike: X-ray, sending you 4
chatterbot Bravo submitting transactions
chatterbot Romeo submitting transactions
chatterbot Victor submitting transactions
chatterbot X-ray submitting transactions
chatterbot Foxtrot submitting transactions
chatterbot Charlie submitting transactions
chatterbot Kilo submitting transactions
chatterbot Golf submitting transactions
chatterbot Mike submitting transactions
chatterbot Hotel submitting transactions
ChatterBot Charlie round 9
ChatterBot Hotel round 9
ChatterBot Bravo round 9
ChatterBot Kilo round 9
ChatterBot Mike round 9
ChatterBot Golf round 9
ChatterBot X-ray round 9
ChatterBot Romeo round 9
ChatterBot Foxtrot round 9
ChatterBot Victor round 9
2024-10-14 18:54:12.848676 Hotel: Charlie, Mike, Golf, X-ray, Romeo and Victor, sending you 3
2024-10-14 18:54:12.849955 Mike: Charlie, Hotel, Golf, Romeo, Foxtrot and Victor, sending you 2
2024-10-14 18:54:12.852651 Bravo: Same as last round
2024-10-14 18:54:12.852911 Hotel: Foxtrot, sending you 1
2024-10-14 18:54:12.854687 Mike: X-ray, sending you 4
2024-10-14 18:54:12.859663 Foxtrot: Charlie, Mike and Victor, sending you 3
2024-10-14 18:54:12.863654 Romeo: Charlie, Golf, Foxtrot and Victor, sending you 2
2024-10-14 18:54:12.864733 Foxtrot: Hotel, Golf, X-ray and Romeo, sending you 2
2024-10-14 18:54:12.866718 Romeo: Hotel and Mike, sending you 3
2024-10-14 18:54:12.870675 Romeo: X-ray, sending you 1
chatterbot Romeo submitting transactions
chatterbot Golf submitting transactions
chatterbot Foxtrot submitting transactions
chatterbot Bravo submitting transactions
chatterbot X-ray submitting transactions
chatterbot Victor submitting transactions
chatterbot Mike submitting transactions
chatterbot Charlie submitting transactions
chatterbot Kilo submitting transactions
chatterbot Hotel submitting transactions
ChatterBot Charlie round 10
ChatterBot Hotel round 10
ChatterBot Bravo round 10
ChatterBot Kilo round 10
ChatterBot Mike round 10
ChatterBot Golf round 10
ChatterBot X-ray round 10
ChatterBot Romeo round 10
ChatterBot Foxtrot round 10
ChatterBot Victor round 10
2024-10-14 18:54:14.015687 Mike: Charlie, Hotel, Golf, Romeo, Foxtrot and Victor, sending you 2
2024-10-14 18:54:14.020676 Mike: X-ray, sending you 4
2024-10-14 18:54:14.021705 Romeo: Charlie, Golf, Foxtrot and Victor, sending you 2
2024-10-14 18:54:14.022987 Foxtrot: Charlie, Mike and Victor, sending you 3
2024-10-14 18:54:14.026691 Foxtrot: Hotel, Golf, X-ray and Romeo, sending you 2
2024-10-14 18:54:14.028396 Romeo: Hotel and Mike, sending you 3
2024-10-14 18:54:14.029777 Bravo: Same as last round
2024-10-14 18:54:14.030048 Hotel: Charlie, Mike, Golf, X-ray, Romeo and Victor, sending you 3
2024-10-14 18:54:14.032664 Romeo: X-ray, sending you 1
2024-10-14 18:54:14.033775 Hotel: Foxtrot, sending you 1
chatterbot Charlie submitting transactions
chatterbot Kilo submitting transactions
chatterbot Foxtrot submitting transactions
chatterbot Romeo submitting transactions
chatterbot Hotel submitting transactions
chatterbot Mike submitting transactions
chatterbot X-ray submitting transactions
chatterbot Golf submitting transactions
chatterbot Victor submitting transactions
chatterbot Bravo submitting transactions
ChatterBot Charlie round 11
ChatterBot Hotel round 11
ChatterBot Bravo round 11
ChatterBot Kilo round 11
ChatterBot Mike round 11
ChatterBot Golf round 11
ChatterBot X-ray round 11
ChatterBot Romeo round 11
ChatterBot Foxtrot round 11
ChatterBot Victor round 11
2024-10-14 18:54:15.286108 Golf: We should drop Charlie
ChatterBot Mike reevaluating
ChatterBot X-ray reevaluating
ChatterBot Victor reevaluating
2024-10-14 18:54:15.299418 Hotel: No
2024-10-14 18:54:15.299580 Mike: Yes
2024-10-14 18:54:15.299697 X-ray: No
2024-10-14 18:54:15.299807 Romeo: No
2024-10-14 18:54:15.299904 Foxtrot: No
2024-10-14 18:54:15.299997 Victor: No
ChatterBot Golf reevaluating
ChatterBot Mike reevaluating
ChatterBot X-ray reevaluating
ChatterBot Victor reevaluating
ChatterBot Golf reevaluating
ChatterBot X-ray reevaluating
ChatterBot Victor reevaluating
ChatterBot Golf reevaluating
ChatterBot Mike reevaluating
ChatterBot Victor reevaluating
ChatterBot Golf reevaluating
ChatterBot Mike reevaluating
ChatterBot X-ray reevaluating
ChatterBot Victor reevaluating
ChatterBot Golf reevaluating
ChatterBot Mike reevaluating
ChatterBot X-ray reevaluating
ChatterBot Victor reevaluating
ChatterBot Golf reevaluating
ChatterBot Mike reevaluating
ChatterBot X-ray reevaluating
2024-10-14 18:54:15.385479 Hotel: I was attacked by Bravo
ChatterBot Foxtrot reevaluating
ChatterBot Charlie reevaluating
ChatterBot Mike reevaluating
ChatterBot Golf reevaluating
ChatterBot X-ray reevaluating
ChatterBot Romeo reevaluating
ChatterBot Victor reevaluating
2024-10-14 18:54:15.404404 Hotel: I'm keeping this round to protect myself
2024-10-14 18:54:15.406087 Hotel: Ow
2024-10-14 18:54:15.406507 Bravo: Same as last round
2024-10-14 18:54:15.410869 Mike: We should drop Golf
ChatterBot Foxtrot reevaluating
ChatterBot Charlie reevaluating
ChatterBot Romeo reevaluating
2024-10-14 18:54:15.427283 Foxtrot: No
2024-10-14 18:54:15.427444 Charlie: No
2024-10-14 18:54:15.427568 Hotel: No
2024-10-14 18:54:15.427696 X-ray: No
2024-10-14 18:54:15.427838 Romeo: No
2024-10-14 18:54:15.427950 Victor: No
ChatterBot Charlie reevaluating
ChatterBot Mike reevaluating
ChatterBot Romeo reevaluating
ChatterBot Foxtrot reevaluating
ChatterBot Mike reevaluating
ChatterBot Romeo reevaluating
ChatterBot Foxtrot reevaluating
ChatterBot Charlie reevaluating
ChatterBot Mike reevaluating
ChatterBot Romeo reevaluating
ChatterBot Foxtrot reevaluating
ChatterBot Charlie reevaluating
ChatterBot Mike reevaluating
ChatterBot Romeo reevaluating
ChatterBot Foxtrot reevaluating
ChatterBot Charlie reevaluating
ChatterBot Mike reevaluating
ChatterBot Foxtrot reevaluating
ChatterBot Charlie reevaluating
ChatterBot Mike reevaluating
ChatterBot Romeo reevaluating
2024-10-14 18:54:15.561664 Mike: Charlie, Hotel, Golf, Romeo, Foxtrot and Victor, sending you 2
2024-10-14 18:54:15.563694 Romeo: Charlie, Golf, Foxtrot and Victor, sending you 2
2024-10-14 18:54:15.566660 Mike: X-ray, sending you 4
2024-10-14 18:54:15.567666 Foxtrot: Charlie, Mike and Victor, sending you 3
2024-10-14 18:54:15.568494 Romeo: Hotel and Mike, sending you 3
2024-10-14 18:54:15.571662 Foxtrot: Hotel, Golf, X-ray and Romeo, sending you 2
2024-10-14 18:54:15.573676 Romeo: X-ray, sending you 1
chatterbot Hotel submitting transactions
chatterbot X-ray submitting transactions
chatterbot Charlie submitting transactions
chatterbot Golf submitting transactions
chatterbot Kilo submitting transactions
chatterbot Mike submitting transactions
chatterbot Bravo submitting transactions
chatterbot Romeo submitting transactions
chatterbot Victor submitting transactions
chatterbot Foxtrot submitting transactions
ChatterBot Charlie round 12
ChatterBot Hotel round 12
ChatterBot Bravo round 12
ChatterBot Kilo round 12
ChatterBot Mike round 12
ChatterBot Golf round 12
ChatterBot X-ray round 12
ChatterBot Romeo round 12
ChatterBot Foxtrot round 12
ChatterBot Victor round 12
2024-10-14 18:54:16.829703 Romeo: Charlie and Mike, sending you 3
2024-10-14 18:54:16.830930 Hotel: I was attacked by Bravo
ChatterBot Foxtrot reevaluating
ChatterBot Charlie reevaluating
ChatterBot Mike reevaluating
ChatterBot Golf reevaluating
