ChatterBot Charlie round 1
ChatterBot Oscar round 1
ChatterBot Kilo round 1
ChatterBot Uniform round 1
ChatterBot Mike round 1
ChatterBot Whiskey round 1
ChatterBot Foxtrot round 1
ChatterBot Tango round 1
ChatterBot Bravo round 1
ChatterBot Echo round 1
randomSelections Oscar: {Oscar, Whiskey, Uniform, Kilo, Echo, Foxtrot, Charlie} 
2024-10-14 23:35:07.735431 Oscar: Can we be friends?
ChatterBot Whiskey reevaluating
ChatterBot Uniform reevaluating
ChatterBot Kilo reevaluating
ChatterBot Echo reevaluating
ChatterBot Foxtrot reevaluating
ChatterBot Charlie reevaluating
2024-10-14 23:35:07.880603 Whiskey: Yes
2024-10-14 23:35:07.880819 Uniform: Yes
2024-10-14 23:35:07.881903 Kilo: Yes
2024-10-14 23:35:07.882241 Echo: Yes
2024-10-14 23:35:07.882355 Foxtrot: Yes
2024-10-14 23:35:07.882657 Charlie: Yes
ChatterBot Uniform reevaluating
ChatterBot Kilo reevaluating
ChatterBot Echo reevaluating
ChatterBot Foxtrot reevaluating
ChatterBot Charlie reevaluating
ChatterBot Whiskey reevaluating
ChatterBot Kilo reevaluating
ChatterBot Echo reevaluating
ChatterBot Foxtrot reevaluating
ChatterBot Charlie reevaluating
ChatterBot Whiskey reevaluating
ChatterBot Uniform reevaluating
ChatterBot Echo reevaluating
ChatterBot Foxtrot reevaluating
ChatterBot Charlie reevaluating
ChatterBot Whiskey reevaluating
ChatterBot Uniform reevaluating
ChatterBot Kilo reevaluating
ChatterBot Foxtrot reevaluating
ChatterBot Charlie reevaluating
ChatterBot Whiskey reevaluating
ChatterBot Uniform reevaluating
ChatterBot Kilo reevaluating
ChatterBot Echo reevaluating
ChatterBot Charlie reevaluating
ChatterBot Whiskey reevaluating
ChatterBot Uniform reevaluating
ChatterBot Kilo reevaluating
ChatterBot Echo reevaluating
ChatterBot Foxtrot reevaluating
randomSelections Tango: {Tango, Mike, Whiskey, Foxtrot, Kilo, Oscar, Echo} 
2024-10-14 23:35:07.978427 Tango: We should group up
ChatterBot Mike reevaluating
ChatterBot Whiskey reevaluating
ChatterBot Foxtrot reevaluating
ChatterBot Kilo reevaluating
ChatterBot Echo reevaluating
2024-10-14 23:35:07.988918 Mike: Yes
2024-10-14 23:35:07.989541 Whiskey: No
2024-10-14 23:35:07.989774 Foxtrot: No
2024-10-14 23:35:07.989948 Kilo: No
2024-10-14 23:35:07.990138 Oscar: No
2024-10-14 23:35:07.990416 Echo: No
ChatterBot Whiskey reevaluating
ChatterBot Foxtrot reevaluating
ChatterBot Kilo reevaluating
ChatterBot Echo reevaluating
ChatterBot Mike reevaluating
ChatterBot Foxtrot reevaluating
ChatterBot Kilo reevaluating
ChatterBot Echo reevaluating
ChatterBot Mike reevaluating
ChatterBot Whiskey reevaluating
ChatterBot Kilo reevaluating
ChatterBot Echo reevaluating
ChatterBot Mike reevaluating
ChatterBot Whiskey reevaluating
ChatterBot Foxtrot reevaluating
ChatterBot Echo reevaluating
ChatterBot Mike reevaluating
ChatterBot Whiskey reevaluating
ChatterBot Foxtrot reevaluating
ChatterBot Kilo reevaluating
ChatterBot Echo reevaluating
ChatterBot Mike reevaluating
ChatterBot Whiskey reevaluating
ChatterBot Foxtrot reevaluating
ChatterBot Kilo reevaluating
randomSelections Bravo: {Bravo, Kilo, Oscar} 
2024-10-14 23:35:08.056651 Bravo: We should group up
ChatterBot Kilo reevaluating
2024-10-14 23:35:08.059778 Kilo: No
2024-10-14 23:35:08.059933 Oscar: No
ChatterBot Kilo reevaluating
2024-10-14 23:35:08.076491 Charlie: Kilo, sending you 2
2024-10-14 23:35:08.078472 Foxtrot: Charlie and Whiskey, sending you 2
2024-10-14 23:35:08.080513 Whiskey: Charlie and Uniform, sending you 1
2024-10-14 23:35:08.081707 Bravo: Oscar and Kilo, sending you 3
2024-10-14 23:35:08.083074 Charlie: Whiskey, sending you 3
2024-10-14 23:35:08.085012 Foxtrot: Oscar, Kilo, Uniform and Echo, sending you 1
2024-10-14 23:35:08.085747 Mike: Oscar and Kilo, sending you 1
2024-10-14 23:35:08.088375 Oscar: Kilo, Uniform and Echo, sending you 1
2024-10-14 23:35:08.093829 Tango: Mike, sending you 1
2024-10-14 23:35:08.095352 Charlie: Foxtrot, sending you 5
2024-10-14 23:35:08.096874 Uniform: Kilo and Whiskey, sending you 3
2024-10-14 23:35:08.097589 Kilo: Charlie and Oscar, sending you 3
2024-10-14 23:35:08.099197 Mike: Echo, sending you 3
2024-10-14 23:35:08.100025 Echo: Charlie, sending you 2
2024-10-14 23:35:08.102035 Charlie: Echo, sending you 1
2024-10-14 23:35:08.104107 Uniform: Foxtrot, sending you 2
2024-10-14 23:35:08.105576 Kilo: Uniform, sending you 4
2024-10-14 23:35:08.107298 Echo: Oscar, sending you 1
2024-10-14 23:35:08.110960 Uniform: Echo, sending you 1
2024-10-14 23:35:08.112104 Kilo: Whiskey and Echo, sending you 1
2024-10-14 23:35:08.113939 Echo: Kilo and Uniform, sending you 3
chatterbot Charlie submitting transactions
chatterbot Oscar submitting transactions
chatterbot Tango submitting transactions
chatterbot Whiskey submitting transactions
chatterbot Echo submitting transactions
chatterbot Foxtrot submitting transactions
chatterbot Bravo submitting transactions
chatterbot Uniform submitting transactions
chatterbot Kilo submitting transactions
chatterbot Mike submitting transactions
ChatterBot Charlie round 2
ChatterBot Oscar round 2
ChatterBot Kilo round 2
ChatterBot Uniform round 2
ChatterBot Mike round 2
ChatterBot Whiskey round 2
ChatterBot Foxtrot round 2
ChatterBot Tango round 2
ChatterBot Bravo round 2
ChatterBot Echo round 2
2024-10-14 23:35:09.390746 Mike: We should group up
ChatterBot Tango reevaluating
2024-10-14 23:35:09.397758 Tango: No
2024-10-14 23:35:09.404298 Tango: Can we be friends?
ChatterBot Bravo reevaluating
2024-10-14 23:35:09.410966 Bravo: No
ChatterBot Tango reevaluating
2024-10-14 23:35:09.431977 Uniform: Can we be friends?
ChatterBot Oscar reevaluating
ChatterBot Echo reevaluating
2024-10-14 23:35:09.451842 Oscar: Yes
2024-10-14 23:35:09.452053 Kilo: Yes
2024-10-14 23:35:09.452842 Echo: Yes
ChatterBot Kilo reevaluating
ChatterBot Echo reevaluating
ChatterBot Oscar reevaluating
ChatterBot Echo reevaluating
ChatterBot Oscar reevaluating
ChatterBot Kilo reevaluating
2024-10-14 23:35:09.516387 Kilo: We should group up
ChatterBot Oscar reevaluating
ChatterBot Echo reevaluating
2024-10-14 23:35:09.537911 Uniform: Yes
2024-10-14 23:35:09.538133 Oscar: Yes
2024-10-14 23:35:09.538266 Echo: Yes
ChatterBot Oscar reevaluating
ChatterBot Kilo reevaluating
ChatterBot Echo reevaluating
ChatterBot Kilo reevaluating
ChatterBot Echo reevaluating
ChatterBot Oscar reevaluating
ChatterBot Kilo reevaluating
2024-10-14 23:35:09.601309 Oscar: Let's form a team
ChatterBot Kilo reevaluating
ChatterBot Echo reevaluating
ChatterBot Bravo reevaluating
2024-10-14 23:35:09.630652 Kilo: No
2024-10-14 23:35:09.631558 Uniform: No
2024-10-14 23:35:09.631768 Echo: No
2024-10-14 23:35:09.631987 Bravo: No
ChatterBot Oscar reevaluating
ChatterBot Echo reevaluating
ChatterBot Bravo reevaluating
ChatterBot Oscar reevaluating
ChatterBot Kilo reevaluating
ChatterBot Echo reevaluating
ChatterBot Bravo reevaluating
ChatterBot Oscar reevaluating
ChatterBot Kilo reevaluating
ChatterBot Bravo reevaluating
ChatterBot Oscar reevaluating
ChatterBot Kilo reevaluating
ChatterBot Echo reevaluating
2024-10-14 23:35:09.815539 Whiskey: Friends?
ChatterBot Foxtrot reevaluating
2024-10-14 23:35:09.830853 Charlie: Yes
2024-10-14 23:35:09.831072 Foxtrot: Yes
ChatterBot Foxtrot reevaluating
2024-10-14 23:35:09.940093 Charlie: Kilo, sending you 4
2024-10-14 23:35:10.313803 Charlie: Whiskey, sending you 1
2024-10-14 23:35:10.314433 Mike: Sending you 10
2024-10-14 23:35:10.315373 Uniform: Oscar, sending you 2
2024-10-14 23:35:10.315720 Kilo: Sending you each 4
2024-10-14 23:35:10.316538 Oscar: Kilo and Bravo, sending you 3
2024-10-14 23:35:10.316898 Bravo: Sending you 3
2024-10-14 23:35:10.317215 Whiskey: Sending you each 2
2024-10-14 23:35:10.317991 Tango: Sending you 1
2024-10-14 23:35:10.318215 Foxtrot: Charlie and Uniform, sending you 2
chatterbot Charlie submitting transactions
chatterbot Tango submitting transactions
2024-10-14 23:35:10.318943 Charlie: Foxtrot and Echo, sending you 3
2024-10-14 23:35:10.319724 Uniform: Kilo and Echo, sending you 3
2024-10-14 23:35:10.319986 Oscar: Echo, sending you 2
2024-10-14 23:35:10.480632 Foxtrot: Oscar and Whiskey, sending you 1
2024-10-14 23:35:10.481223 Echo: Charlie, Oscar, Kilo and Uniform, sending you 2
chatterbot Uniform submitting transactions
2024-10-14 23:35:10.602984 Echo: Foxtrot, sending you 1
chatterbot Whiskey submitting transactions
chatterbot Mike submitting transactions
chatterbot Bravo submitting transactions
chatterbot Oscar submitting transactions
chatterbot Kilo submitting transactions
chatterbot Foxtrot submitting transactions
chatterbot Echo submitting transactions
ChatterBot Charlie round 3
ChatterBot Oscar round 3
ChatterBot Kilo round 3
ChatterBot Uniform round 3
ChatterBot Mike round 3
ChatterBot Whiskey round 3
ChatterBot Foxtrot round 3
2024-10-14 23:35:11.331100 Kilo: We should add Charlie
ChatterBot Oscar reevaluating
2024-10-14 23:35:11.349600 Uniform: No
2024-10-14 23:35:11.350237 Oscar: Yes
2024-10-14 23:35:11.350353 Echo: Yes
ChatterBot Oscar reevaluating
ChatterBot Kilo reevaluating
ChatterBot Kilo reevaluating
ChatterBot Oscar reevaluating
ChatterBot Kilo reevaluating
ChatterBot Tango round 3
ChatterBot Bravo round 3
ChatterBot Echo round 3
2024-10-14 23:35:11.441571 Mike: We should add Bravo
ChatterBot Tango reevaluating
2024-10-14 23:35:11.453367 Tango: Yes
2024-10-14 23:35:11.616483 Mike: Bravo we want you to join our group
ChatterBot Bravo reevaluating
2024-10-14 23:35:11.622343 Bravo: No
ChatterBot Tango reevaluating
2024-10-14 23:35:11.632688 Bravo: We should replace Mike with Oscar
2024-10-14 23:35:11.755513 Oscar: Charlie, Uniform, Whiskey, Foxtrot and Echo, sending you 1
2024-10-14 23:35:11.756665 Uniform: Oscar, sending you 2
2024-10-14 23:35:11.757196 Bravo: Oscar we want you to join our group
2024-10-14 23:35:11.763149 Oscar: No
ChatterBot Bravo reevaluating
2024-10-14 23:35:11.769547 Oscar: Kilo, sending you 3
2024-10-14 23:35:11.770602 Uniform: Kilo and Echo, sending you 3
2024-10-14 23:35:12.016720 Echo: Charlie, Oscar, Kilo and Uniform, sending you 2
2024-10-14 23:35:12.017395 Kilo: Same as last round
2024-10-14 23:35:12.018194 Whiskey: Same as last round
2024-10-14 23:35:12.018487 Charlie: Kilo and Whiskey, sending you 2
2024-10-14 23:35:12.019448 Mike: Tango, sending you 4
2024-10-14 23:35:12.019752 Foxtrot: Charlie, Uniform, Whiskey and Echo, sending you 2
2024-10-14 23:35:12.020226 Tango: Mike, sending you 1
chatterbot Charlie submitting transactions
2024-10-14 23:35:12.021151 Echo: Foxtrot, sending you 1
2024-10-14 23:35:12.021650 Charlie: Foxtrot, sending you 3
2024-10-14 23:35:12.241824 Foxtrot: Oscar, sending you 1
2024-10-14 23:35:12.242888 Mike: Bravo, sending you 7
2024-10-14 23:35:12.243154 Charlie: Echo, sending you 4
chatterbot Kilo submitting transactions
chatterbot Whiskey submitting transactions
chatterbot Bravo submitting transactions
chatterbot Echo submitting transactions
chatterbot Mike submitting transactions
2024-10-14 23:35:12.453340 Bravo: Sending you 4
chatterbot Tango submitting transactions
chatterbot Oscar submitting transactions
chatterbot Uniform submitting transactions
chatterbot Foxtrot submitting transactions
ChatterBot Charlie round 4
ChatterBot Oscar round 4
ChatterBot Kilo round 4
ChatterBot Uniform round 4
ChatterBot Mike round 4
ChatterBot Whiskey round 4
ChatterBot Foxtrot round 4
ChatterBot Tango round 4
ChatterBot Bravo round 4
ChatterBot Echo round 4
2024-10-14 23:35:13.080979 Foxtrot: Charlie, Oscar and Kilo, sending you 1
2024-10-14 23:35:13.082262 Echo: Charlie and Uniform, sending you 2
2024-10-14 23:35:13.082981 Whiskey: Same as last round
2024-10-14 23:35:13.083341 Mike: Tango, sending you 5
2024-10-14 23:35:13.084191 Bravo: Mike, sending you 2
2024-10-14 23:35:13.084552 Uniform: Oscar, sending you 2
2024-10-14 23:35:13.085214 Oscar: Kilo, Uniform, Bravo and Echo, sending you 2
2024-10-14 23:35:13.086269 Kilo: Charlie, Foxtrot and Echo, sending you 2
2024-10-14 23:35:13.086955 Charlie: Oscar and Kilo, sending you 1
2024-10-14 23:35:13.088355 Foxtrot: Uniform, Whiskey and Echo, sending you 2
2024-10-14 23:35:13.089027 Echo: Oscar and Foxtrot, sending you 1
2024-10-14 23:35:13.090301 Mike: Bravo, sending you 6
2024-10-14 23:35:13.090750 Bravo: Tango, sending you 3
2024-10-14 23:35:13.091698 Uniform: Kilo and Echo, sending you 3
2024-10-14 23:35:13.092119 Kilo: Oscar and Uniform, sending you 3
2024-10-14 23:35:13.092758 Charlie: Whiskey, Foxtrot and Echo, sending you 3
2024-10-14 23:35:13.094 Tango: Mike, sending you 1
2024-10-14 23:35:13.094354 Echo: Kilo, sending you 3
chatterbot Tango submitting transactions
chatterbot Echo submitting transactions
chatterbot Uniform submitting transactions
chatterbot Whiskey submitting transactions
chatterbot Oscar submitting transactions
chatterbot Mike submitting transactions
chatterbot Charlie submitting transactions
chatterbot Bravo submitting transactions
chatterbot Kilo submitting transactions
chatterbot Foxtrot submitting transactions
ChatterBot Charlie round 5
ChatterBot Oscar round 5
ChatterBot Kilo round 5
ChatterBot Uniform round 5
ChatterBot Mike round 5
ChatterBot Whiskey round 5
ChatterBot Foxtrot round 5
ChatterBot Tango round 5
ChatterBot Bravo round 5
ChatterBot Echo round 5
2024-10-14 23:35:14.241232 Charlie: Oscar, sending you 1
2024-10-14 23:35:14.242541 Uniform: Oscar, sending you 2
2024-10-14 23:35:14.247445 Charlie: Kilo and Foxtrot, sending you 2
2024-10-14 23:35:14.248600 Uniform: Kilo and Echo, sending you 3
2024-10-14 23:35:14.248976 Mike: Tango, sending you 5
2024-10-14 23:35:14.249307 Kilo: Charlie, Oscar and Foxtrot, sending you 2
2024-10-14 23:35:14.250438 Whiskey: Same as last round
2024-10-14 23:35:14.250858 Oscar: Charlie, Uniform, Whiskey, Foxtrot and Echo, sending you 1
2024-10-14 23:35:14.251972 Bravo: Mike, sending you 2
2024-10-14 23:35:14.252314 Charlie: Whiskey and Echo, sending you 3
2024-10-14 23:35:14.257311 Kilo: Uniform and Echo, sending you 3
2024-10-14 23:35:14.258440 Mike: Bravo, sending you 6
2024-10-14 23:35:14.258725 Tango: Mike, sending you 1
2024-10-14 23:35:14.259036 Echo: Charlie and Uniform, sending you 2
2024-10-14 23:35:14.260214 Oscar: Kilo, sending you 3
2024-10-14 23:35:14.261242 Foxtrot: Charlie, Oscar and Uniform, sending you 1
2024-10-14 23:35:14.261905 Bravo: Tango, sending you 3
2024-10-14 23:35:14.267063 Echo: Oscar and Foxtrot, sending you 1
2024-10-14 23:35:14.267816 Foxtrot: Kilo, Whiskey and Echo, sending you 2
2024-10-14 23:35:14.274800 Echo: Kilo, sending you 3
chatterbot Echo submitting transactions
chatterbot Tango submitting transactions
chatterbot Charlie submitting transactions
chatterbot Kilo submitting transactions
chatterbot Uniform submitting transactions
chatterbot Whiskey submitting transactions
chatterbot Oscar submitting transactions
chatterbot Bravo submitting transactions
chatterbot Mike submitting transactions
chatterbot Foxtrot submitting transactions
ChatterBot Charlie round 6
ChatterBot Oscar round 6
ChatterBot Kilo round 6
ChatterBot Uniform round 6
ChatterBot Mike round 6
ChatterBot Whiskey round 6
ChatterBot Foxtrot round 6
ChatterBot Tango round 6
ChatterBot Bravo round 6
ChatterBot Echo round 6
2024-10-14 23:35:15.434264 Uniform: Oscar, sending you 2
2024-10-14 23:35:15.434763 Oscar: Charlie, Whiskey, Foxtrot and Echo, sending you 1
2024-10-14 23:35:15.435300 Mike: Tango, sending you 5
2024-10-14 23:35:15.436040 Whiskey: Same as last round
2024-10-14 23:35:15.436292 Kilo: Charlie, Oscar and Foxtrot, sending you 2
2024-10-14 23:35:15.438657 Uniform: Kilo and Echo, sending you 3
2024-10-14 23:35:15.439551 Oscar: Kilo and Uniform, sending you 2
2024-10-14 23:35:15.440190 Mike: Bravo, sending you 6
2024-10-14 23:35:15.441405 Kilo: Uniform and Echo, sending you 3
2024-10-14 23:35:15.444681 Foxtrot: Charlie, Oscar and Uniform, sending you 1
2024-10-14 23:35:15.449184 Charlie: Oscar, sending you 1
2024-10-14 23:35:15.449791 Echo: Charlie and Uniform, sending you 2
2024-10-14 23:35:15.450371 Tango: Mike, sending you 1
2024-10-14 23:35:15.451224 Foxtrot: Kilo, Whiskey and Echo, sending you 2
2024-10-14 23:35:15.452671 Bravo: Mike, sending you 2
2024-10-14 23:35:15.453044 Charlie: Kilo and Foxtrot, sending you 2
2024-10-14 23:35:15.453656 Echo: Oscar and Foxtrot, sending you 1
2024-10-14 23:35:15.456008 Bravo: Tango, sending you 4
2024-10-14 23:35:15.457839 Charlie: Whiskey and Echo, sending you 3
2024-10-14 23:35:15.458669 Echo: Kilo, sending you 3
chatterbot Kilo submitting transactions
chatterbot Echo submitting transactions
chatterbot Charlie submitting transactions
chatterbot Mike submitting transactions
chatterbot Whiskey submitting transactions
chatterbot Tango submitting transactions
chatterbot Bravo submitting transactions
chatterbot Oscar submitting transactions
chatterbot Uniform submitting transactions
chatterbot Foxtrot submitting transactions
ChatterBot Charlie round 7
ChatterBot Oscar round 7
ChatterBot Kilo round 7
ChatterBot Uniform round 7
2024-10-14 23:35:16.539150 Uniform: We should add Charlie and Foxtrot
ChatterBot Oscar reevaluating
ChatterBot Kilo reevaluating
2024-10-14 23:35:16.549564 Oscar: Yes
2024-10-14 23:35:16.549769 Kilo: Yes
2024-10-14 23:35:16.549901 Echo: Yes
ChatterBot Kilo reevaluating
ChatterBot Oscar reevaluating
ChatterBot Oscar reevaluating
ChatterBot Kilo reevaluating
ChatterBot Mike round 7
ChatterBot Whiskey round 7
ChatterBot Foxtrot round 7
ChatterBot Tango round 7
ChatterBot Bravo round 7
ChatterBot Echo round 7
2024-10-14 23:35:16.604720 Uniform: Charlie and Foxtrot we want you to join our group
ChatterBot Foxtrot reevaluating
2024-10-14 23:35:16.612565 Charlie: Yes
2024-10-14 23:35:16.612721 Foxtrot: Yes
ChatterBot Oscar reevaluating
ChatterBot Kilo reevaluating
ChatterBot Foxtrot reevaluating
ChatterBot Echo reevaluating
ChatterBot Oscar reevaluating
ChatterBot Kilo reevaluating
ChatterBot Echo reevaluating
2024-10-14 23:35:16.645639 Tango: We should add Whiskey
2024-10-14 23:35:16.650299 Mike: No
2024-10-14 23:35:16.650454 Bravo: No
ChatterBot Tango reevaluating
ChatterBot Tango reevaluating
2024-10-14 23:35:16.670845 Kilo: We should drop Whiskey
ChatterBot Charlie reevaluating
ChatterBot Echo reevaluating
2024-10-14 23:35:16.690346 Uniform: Yes
2024-10-14 23:35:16.690590 Charlie: Yes
2024-10-14 23:35:16.691299 Oscar: Yes
2024-10-14 23:35:16.691451 Foxtrot: No
2024-10-14 23:35:16.691591 Echo: Yes
ChatterBot Charlie reevaluating
ChatterBot Echo reevaluating
ChatterBot Echo reevaluating
ChatterBot Charlie reevaluating
ChatterBot Echo reevaluating
ChatterBot Charlie reevaluating
ChatterBot Echo reevaluating
ChatterBot Charlie reevaluating
2024-10-14 23:35:16.778125 Whiskey: We should drop Charlie
2024-10-14 23:35:16.780650 Foxtrot: No
2024-10-14 23:35:16.787667 Bravo: Mike, sending you 2
2024-10-14 23:35:16.788045 Foxtrot: Charlie and Uniform, sending you 1
2024-10-14 23:35:16.789659 Uniform: Charlie, sending you 1
2024-10-14 23:35:16.790693 Bravo: Tango, sending you 4
2024-10-14 23:35:16.792722 Uniform: Oscar, Kilo, Foxtrot and Echo, sending you 2
2024-10-14 23:35:16.793687 Foxtrot: Oscar, Kilo, Whiskey and Echo, sending you 2
2024-10-14 23:35:16.796675 Kilo: Charlie, Oscar and Foxtrot, sending you 2
2024-10-14 23:35:16.800676 Mike: Tango, sending you 5
2024-10-14 23:35:16.801013 Kilo: Uniform and Echo, sending you 3
2024-10-14 23:35:16.802676 Tango: Mike, sending you 1
2024-10-14 23:35:16.803711 Mike: Bravo, sending you 6
2024-10-14 23:35:16.804697 Charlie: Oscar, sending you 1
2024-10-14 23:35:16.805336 Whiskey: Sending you 4
2024-10-14 23:35:16.807682 Oscar: Charlie and Foxtrot, sending you 1
2024-10-14 23:35:16.808109 Charlie: Kilo, sending you 3
2024-10-14 23:35:16.810678 Charlie: Foxtrot, sending you 2
2024-10-14 23:35:16.812190 Echo: Charlie and Uniform, sending you 2
2024-10-14 23:35:16.812782 Oscar: Kilo, Uniform and Echo, sending you 2
2024-10-14 23:35:16.814879 Charlie: Echo, sending you 5
2024-10-14 23:35:16.818430 Echo: Oscar and Foxtrot, sending you 1
2024-10-14 23:35:16.822224 Echo: Kilo, sending you 3
chatterbot Uniform submitting transactions
chatterbot Tango submitting transactions
chatterbot Kilo submitting transactions
chatterbot Foxtrot submitting transactions
chatterbot Oscar submitting transactions
chatterbot Whiskey submitting transactions
chatterbot Bravo submitting transactions
chatterbot Mike submitting transactions
chatterbot Echo submitting transactions
chatterbot Charlie submitting transactions
ChatterBot Charlie round 8
ChatterBot Oscar round 8
ChatterBot Kilo round 8
ChatterBot Uniform round 8
ChatterBot Mike round 8
ChatterBot Whiskey round 8
ChatterBot Foxtrot round 8
ChatterBot Tango round 8
ChatterBot Bravo round 8
ChatterBot Echo round 8
2024-10-14 23:35:18.043684 Kilo: Charlie, Oscar and Foxtrot, sending you 2
2024-10-14 23:35:18.044709 Charlie: Oscar and Foxtrot, sending you 2
2024-10-14 23:35:18.046671 Tango: Mike, sending you 1
2024-10-14 23:35:18.047664 Kilo: Uniform and Echo, sending you 3
2024-10-14 23:35:18.049370 Foxtrot: Charlie and Uniform, sending you 1
2024-10-14 23:35:18.050303 Mike: Tango, sending you 5
2024-10-14 23:35:18.050749 Bravo: Mike, sending you 2
2024-10-14 23:35:18.051129 Charlie: Kilo, sending you 3
2024-10-14 23:35:18.051704 Echo: Charlie and Uniform, sending you 2
2024-10-14 23:35:18.052251 Uniform: Charlie, sending you 1
2024-10-14 23:35:18.052825 Foxtrot: Oscar, Kilo, Whiskey and Echo, sending you 2
2024-10-14 23:35:18.054883 Mike: Bravo, sending you 6
2024-10-14 23:35:18.055345 Bravo: Tango, sending you 4
2024-10-14 23:35:18.055791 Echo: Oscar and Foxtrot, sending you 1
2024-10-14 23:35:18.056690 Charlie: Echo, sending you 4
2024-10-14 23:35:18.057201 Uniform: Oscar, Kilo, Foxtrot and Echo, sending you 2
2024-10-14 23:35:18.059007 Oscar: Charlie and Foxtrot, sending you 1
2024-10-14 23:35:18.060698 Echo: Kilo, sending you 3
2024-10-14 23:35:18.063290 Oscar: Kilo, Uniform and Echo, sending you 2
chatterbot Tango submitting transactions
chatterbot Uniform submitting transactions
chatterbot Oscar submitting transactions
chatterbot Foxtrot submitting transactions
chatterbot Whiskey submitting transactions
chatterbot Bravo submitting transactions
chatterbot Kilo submitting transactions
chatterbot Mike submitting transactions
chatterbot Charlie submitting transactions
chatterbot Echo submitting transactions
ChatterBot Charlie round 9
ChatterBot Oscar round 9
ChatterBot Kilo round 9
ChatterBot Uniform round 9
ChatterBot Mike round 9
ChatterBot Whiskey round 9
ChatterBot Foxtrot round 9
ChatterBot Tango round 9
ChatterBot Bravo round 9
ChatterBot Echo round 9
2024-10-14 23:35:19.265214 Foxtrot: We should drop Whiskey
2024-10-14 23:35:19.280634 Uniform: Yes
2024-10-14 23:35:19.280814 Charlie: Yes
2024-10-14 23:35:19.280945 Oscar: Yes
2024-10-14 23:35:19.281065 Kilo: Yes
2024-10-14 23:35:19.281187 Echo: Yes
2024-10-14 23:35:19.362949 Mike: Tango, sending you 5
2024-10-14 23:35:19.363669 Charlie: Oscar and Foxtrot, sending you 2
2024-10-14 23:35:19.364329 Kilo: Charlie, Oscar and Foxtrot, sending you 2
2024-10-14 23:35:19.365038 Oscar: Charlie and Echo, sending you 1
2024-10-14 23:35:19.365445 Uniform: Charlie, sending you 1
2024-10-14 23:35:19.366666 Mike: Bravo, sending you 6
2024-10-14 23:35:19.368805 Charlie: Kilo, sending you 3
2024-10-14 23:35:19.369387 Kilo: Uniform and Echo, sending you 3
2024-10-14 23:35:19.369955 Tango: Mike, sending you 1
2024-10-14 23:35:19.370317 Echo: Charlie and Uniform, sending you 2
2024-10-14 23:35:19.370868 Oscar: Kilo, Uniform and Foxtrot, sending you 2
2024-10-14 23:35:19.371779 Uniform: Oscar, Kilo, Foxtrot and Echo, sending you 2
2024-10-14 23:35:19.372402 Bravo: Mike, sending you 2
2024-10-14 23:35:19.373841 Charlie: Echo, sending you 4
2024-10-14 23:35:19.374358 Echo: Oscar and Foxtrot, sending you 1
2024-10-14 23:35:19.376685 Bravo: Tango, sending you 4
2024-10-14 23:35:19.378668 Echo: Kilo, sending you 3
2024-10-14 23:35:19.379675 Foxtrot: Charlie, sending you 1
2024-10-14 23:35:19.383666 Foxtrot: Oscar, Kilo, Uniform and Echo, sending you 2
chatterbot Kilo submitting transactions
chatterbot Tango submitting transactions
chatterbot Echo submitting transactions
chatterbot Foxtrot submitting transactions
chatterbot Oscar submitting transactions
chatterbot Mike submitting transactions
chatterbot Whiskey submitting transactions
chatterbot Charlie submitting transactions
chatterbot Bravo submitting transactions
chatterbot Uniform submitting transactions
ChatterBot Charlie round 10
ChatterBot Oscar round 10
ChatterBot Kilo round 10
ChatterBot Uniform round 10
ChatterBot Mike round 10
ChatterBot Whiskey round 10
ChatterBot Foxtrot round 10
ChatterBot Tango round 10
ChatterBot Bravo round 10
ChatterBot Echo round 10
2024-10-14 23:35:20.505696 Oscar: Charlie and Echo, sending you 1
2024-10-14 23:35:20.507704 Uniform: Charlie, sending you 1
2024-10-14 23:35:20.510692 Oscar: Kilo, Uniform and Foxtrot, sending you 2
2024-10-14 23:35:20.511187 Uniform: Oscar, Kilo, Foxtrot and Echo, sending you 2
2024-10-14 23:35:20.512680 Mike: Tango, sending you 5
2024-10-14 23:35:20.516698 Mike: Bravo, sending you 6
2024-10-14 23:35:20.517667 Foxtrot: Charlie and Oscar, sending you 1
2024-10-14 23:35:20.518124 Charlie: Oscar and Foxtrot, sending you 2
2024-10-14 23:35:20.518668 Tango: Mike, sending you 1
2024-10-14 23:35:20.519683 Echo: Charlie and Uniform, sending you 2
2024-10-14 23:35:20.520150 Bravo: Mike, sending you 2
2024-10-14 23:35:20.520770 Foxtrot: Kilo, Uniform and Echo, sending you 2
2024-10-14 23:35:20.521658 Charlie: Kilo, sending you 3
2024-10-14 23:35:20.522686 Kilo: Charlie, Oscar and Foxtrot, sending you 2
2024-10-14 23:35:20.523658 Echo: Oscar and Foxtrot, sending you 1
2024-10-14 23:35:20.524229 Bravo: Tango, sending you 4
2024-10-14 23:35:20.524654 Charlie: Echo, sending you 4
2024-10-14 23:35:20.526682 Kilo: Uniform and Echo, sending you 3
2024-10-14 23:35:20.527657 Echo: Kilo, sending you 3
chatterbot Oscar submitting transactions
chatterbot Kilo submitting transactions
chatterbot Tango submitting transactions
chatterbot Whiskey submitting transactions
chatterbot Bravo submitting transactions
chatterbot Uniform submitting transactions
chatterbot Foxtrot submitting transactions
chatterbot Mike submitting transactions
chatterbot Charlie submitting transactions
chatterbot Echo submitting transactions
ChatterBot Charlie round 11
ChatterBot Oscar round 11
ChatterBot Kilo round 11
ChatterBot Uniform round 11
ChatterBot Mike round 11
ChatterBot Whiskey round 11
ChatterBot Foxtrot round 11
ChatterBot Tango round 11
ChatterBot Bravo round 11
ChatterBot Echo round 11
2024-10-14 23:35:21.752847 Bravo: We should drop Tango
2024-10-14 23:35:21.758199 Mike: No
2024-10-14 23:35:21.763861 Charlie: Oscar and Foxtrot, sending you 2
2024-10-14 23:35:21.768131 Tango: Bravo, sending you 1
2024-10-14 23:35:21.768860 Uniform: Charlie, sending you 1
2024-10-14 23:35:21.769759 Kilo: Charlie, Oscar and Foxtrot, sending you 2
2024-10-14 23:35:21.771664 Mike: Tango, sending you 5
2024-10-14 23:35:21.773214 Oscar: Charlie and Echo, sending you 1
2024-10-14 23:35:21.774374 Foxtrot: Charlie, sending you 1
2024-10-14 23:35:21.776089 Charlie: Kilo and Echo, sending you 3
2024-10-14 23:35:21.778001 Uniform: Oscar, Kilo, Foxtrot and Echo, sending you 2
2024-10-14 23:35:21.779130 Mike: Bravo, sending you 6
2024-10-14 23:35:21.780432 Kilo: Uniform and Echo, sending you 3
2024-10-14 23:35:21.782444 Oscar: Kilo, Uniform and Foxtrot, sending you 2
2024-10-14 23:35:21.783859 Foxtrot: Oscar, Kilo, Uniform and Echo, sending you 2
2024-10-14 23:35:21.785892 Charlie: Uniform, sending you 1
2024-10-14 23:35:21.787540 Bravo: Same as last round
2024-10-14 23:35:21.788374 Echo: Charlie and Uniform, sending you 2
2024-10-14 23:35:21.794674 Echo: Oscar and Foxtrot, sending you 1
2024-10-14 23:35:21.799697 Echo: Kilo, sending you 3
chatterbot Kilo submitting transactions
chatterbot Whiskey submitting transactions
chatterbot Echo submitting transactions
chatterbot Mike submitting transactions
chatterbot Foxtrot submitting transactions
chatterbot Oscar submitting transactions
chatterbot Bravo submitting transactions
chatterbot Uniform submitting transactions
chatterbot Charlie submitting transactions
chatterbot Tango submitting transactions
ChatterBot Charlie round 12
ChatterBot Oscar round 12
ChatterBot Kilo round 12
ChatterBot Uniform round 12
ChatterBot Mike round 12
ChatterBot Whiskey round 12
ChatterBot Foxtrot round 12
ChatterBot Tango round 12
ChatterBot Bravo round 12
ChatterBot Echo round 12
2024-10-14 23:35:22.982692 Kilo: Charlie, Oscar and Foxtrot, sending you 2
2024-10-14 23:35:22.986689 Kilo: Uniform and Echo, sending you 3
2024-10-14 23:35:22.990686 Charlie: Oscar and Foxtrot, sending you 2
2024-10-14 23:35:22.992332 Oscar: Charlie and Echo, sending you 1
2024-10-14 23:35:22.993125 Mike: Tango, sending you 5
2024-10-14 23:35:22.993704 Foxtrot: Charlie, sending you 1
2024-10-14 23:35:22.994873 Bravo: Mike, sending you 2
2024-10-14 23:35:22.996142 Charlie: Kilo and Echo, sending you 3
2024-10-14 23:35:22.997001 Oscar: Kilo, Uniform and Foxtrot, sending you 2
2024-10-14 23:35:22.998013 Mike: Bravo, sending you 6
2024-10-14 23:35:22.998675 Uniform: Charlie, sending you 1
2024-10-14 23:35:23.000499 Foxtrot: Oscar, Kilo, Uniform and Echo, sending you 2
2024-10-14 23:35:23.001460 Bravo: Tango, sending you 4
2024-10-14 23:35:23.001967 Charlie: Uniform, sending you 1
2024-10-14 23:35:23.003761 Tango: Mike, sending you 1
2024-10-14 23:35:23.004264 Uniform: Oscar, Kilo, Foxtrot and Echo, sending you 2
2024-10-14 23:35:23.006666 Echo: Charlie, Kilo, Uniform and Foxtrot, sending you 2
2024-10-14 23:35:23.010708 Echo: Oscar, sending you 1
chatterbot Uniform submitting transactions
chatterbot Kilo submitting transactions
chatterbot Foxtrot submitting transactions
chatterbot Oscar submitting transactions
chatterbot Mike submitting transactions
chatterbot Charlie submitting transactions
chatterbot Whiskey submitting transactions
chatterbot Echo submitting transactions
chatterbot Bravo submitting transactions
chatterbot Tango submitting transactions
ChatterBot Charlie round 13
ChatterBot Oscar round 13
ChatterBot Kilo round 13
ChatterBot Uniform round 13
ChatterBot Mike round 13
ChatterBot Whiskey round 13
ChatterBot Foxtrot round 13
ChatterBot Tango round 13
ChatterBot Bravo round 13
ChatterBot Echo round 13
2024-10-14 23:35:24.238465 Mike: We should add Charlie
2024-10-14 23:35:24.245408 Tango: No
2024-10-14 23:35:24.246217 Bravo: No
ChatterBot Mike reevaluating
ChatterBot Mike reevaluating
2024-10-14 23:35:24.282690 Kilo: Charlie, Oscar and Foxtrot, sending you 2
2024-10-14 23:35:24.284888 Charlie: Oscar and Foxtrot, sending you 2
2024-10-14 23:35:24.287486 Kilo: Uniform and Echo, sending you 3
2024-10-14 23:35:24.290705 Charlie: Kilo and Echo, sending you 3
2024-10-14 23:35:24.293131 Echo: Charlie, Kilo, Uniform and Foxtrot, sending you 2
2024-10-14 23:35:24.294724 Uniform: Charlie, sending you 1
2024-10-14 23:35:24.296921 Charlie: Uniform, sending you 1
2024-10-14 23:35:24.298447 Bravo: Mike, sending you 2
2024-10-14 23:35:24.299045 Echo: Oscar, sending you 1
2024-10-14 23:35:24.300494 Foxtrot: Charlie, sending you 1
2024-10-14 23:35:24.301495 Uniform: Oscar, Kilo, Foxtrot and Echo, sending you 2
2024-10-14 23:35:24.302944 Oscar: Charlie and Echo, sending you 1
2024-10-14 23:35:24.304343 Bravo: Tango, sending you 4
2024-10-14 23:35:24.304917 Foxtrot: Oscar, Kilo, Uniform and Echo, sending you 2
2024-10-14 23:35:24.306684 Oscar: Kilo, Uniform and Foxtrot, sending you 2
2024-10-14 23:35:24.307693 Tango: Bravo, sending you 1
2024-10-14 23:35:24.309225 Mike: Tango, sending you 5
2024-10-14 23:35:24.313721 Mike: Bravo, sending you 6
chatterbot Kilo submitting transactions
chatterbot Whiskey submitting transactions
chatterbot Oscar submitting transactions
chatterbot Tango submitting transactions
chatterbot Charlie submitting transactions
chatterbot Foxtrot submitting transactions
chatterbot Bravo submitting transactions
chatterbot Echo submitting transactions
chatterbot Uniform submitting transactions
chatterbot Mike submitting transactions
ChatterBot Charlie round 14
ChatterBot Oscar round 14
ChatterBot Kilo round 14
ChatterBot Uniform round 14
ChatterBot Mike round 14
ChatterBot Whiskey round 14
ChatterBot Foxtrot round 14
ChatterBot Tango round 14
ChatterBot Bravo round 14
ChatterBot Echo round 14
2024-10-14 23:35:25.452667 Mike: Tango, sending you 4
2024-10-14 23:35:25.454172 Oscar: Charlie and Echo, sending you 1
2024-10-14 23:35:25.455662 Mike: Bravo, sending you 7
2024-10-14 23:35:25.457661 Oscar: Kilo, Uniform and Foxtrot, sending you 2
2024-10-14 23:35:25.458359 Uniform: Charlie, sending you 1
2024-10-14 23:35:25.459170 Bravo: Mike, sending you 1
2024-10-14 23:35:25.460016 Kilo: Charlie, Oscar and Foxtrot, sending you 2
2024-10-14 23:35:25.460963 Charlie: Oscar and Foxtrot, sending you 2
2024-10-14 23:35:25.461893 Uniform: Oscar, Kilo, Foxtrot and Echo, sending you 2
2024-10-14 23:35:25.464684 Bravo: Tango, sending you 4
2024-10-14 23:35:25.465963 Tango: Bravo, sending you 1
2024-10-14 23:35:25.466471 Kilo: Uniform and Echo, sending you 3
2024-10-14 23:35:25.467399 Charlie: Kilo and Echo, sending you 3
2024-10-14 23:35:25.468974 Foxtrot: Charlie, sending you 1
2024-10-14 23:35:25.473674 Charlie: Uniform, sending you 1
2024-10-14 23:35:25.474764 Foxtrot: Oscar, Kilo, Uniform and Echo, sending you 2
2024-10-14 23:35:25.475680 Echo: Charlie, Kilo, Uniform and Foxtrot, sending you 2
2024-10-14 23:35:25.479670 Echo: Oscar, sending you 1
chatterbot Uniform submitting transactions
chatterbot Tango submitting transactions
chatterbot Oscar submitting transactions
chatterbot Charlie submitting transactions
chatterbot Kilo submitting transactions
chatterbot Foxtrot submitting transactions
chatterbot Mike submitting transactions
chatterbot Echo submitting transactions
chatterbot Bravo submitting transactions
chatterbot Whiskey submitting transactions
ChatterBot Charlie round 15
ChatterBot Oscar round 15
ChatterBot Kilo round 15
ChatterBot Uniform round 15
ChatterBot Mike round 15
ChatterBot Whiskey round 15
ChatterBot Foxtrot round 15
ChatterBot Tango round 15
ChatterBot Bravo round 15
ChatterBot Echo round 15
2024-10-14 23:35:26.596688 Oscar: Charlie and Echo, sending you 1
2024-10-14 23:35:26.602695 Oscar: Kilo, Uniform and Foxtrot, sending you 2
2024-10-14 23:35:26.606926 Mike: Tango, sending you 4
2024-10-14 23:35:26.609961 Foxtrot: Charlie, sending you 1
2024-10-14 23:35:26.610987 Mike: Bravo, sending you 7
2024-10-14 23:35:26.611494 Uniform: Charlie, sending you 1
2024-10-14 23:35:26.612966 Echo: Charlie, Kilo, Uniform and Foxtrot, sending you 2
2024-10-14 23:35:26.613978 Bravo: Mike, sending you 1
2024-10-14 23:35:26.614683 Kilo: Charlie and Echo, sending you 3
2024-10-14 23:35:26.615289 Foxtrot: Oscar, Kilo, Uniform and Echo, sending you 2
2024-10-14 23:35:26.616551 Uniform: Oscar, Kilo, Foxtrot and Echo, sending you 2
2024-10-14 23:35:26.617110 Charlie: Oscar and Foxtrot, sending you 2
2024-10-14 23:35:26.617646 Tango: Bravo, sending you 1
2024-10-14 23:35:26.617937 Bravo: Tango, sending you 5
2024-10-14 23:35:26.618676 Echo: Oscar, sending you 1
2024-10-14 23:35:26.620251 Kilo: Oscar, Uniform and Foxtrot, sending you 2
2024-10-14 23:35:26.622685 Charlie: Kilo and Echo, sending you 3
2024-10-14 23:35:26.628694 Charlie: Uniform, sending you 1
chatterbot Charlie submitting transactions
chatterbot Uniform submitting transactions
chatterbot Kilo submitting transactions
chatterbot Mike submitting transactions
chatterbot Tango submitting transactions
chatterbot Oscar submitting transactions
chatterbot Echo submitting transactions
chatterbot Bravo submitting transactions
chatterbot Foxtrot submitting transactions
chatterbot Whiskey submitting transactions
ChatterBot Charlie round 16
ChatterBot Oscar round 16
ChatterBot Kilo round 16
ChatterBot Uniform round 16
ChatterBot Mike round 16
ChatterBot Whiskey round 16
ChatterBot Foxtrot round 16
ChatterBot Tango round 16
ChatterBot Bravo round 16
ChatterBot Echo round 16
2024-10-14 23:35:27.813664 Kilo: Charlie and Echo, sending you 3
2024-10-14 23:35:27.814487 Tango: Bravo, sending you 1
2024-10-14 23:35:27.818662 Kilo: Oscar, Uniform and Foxtrot, sending you 2
2024-10-14 23:35:27.819420 Charlie: Oscar and Foxtrot, sending you 2
2024-10-14 23:35:27.820098 Mike: Whiskey, sending you 1
2024-10-14 23:35:27.821671 Oscar: Charlie and Echo, sending you 1
2024-10-14 23:35:27.823155 Charlie: Kilo and Echo, sending you 3
2024-10-14 23:35:27.824668 Mike: Tango, sending you 3
2024-10-14 23:35:27.826662 Foxtrot: Charlie, sending you 1
2024-10-14 23:35:27.827405 Oscar: Kilo, Uniform and Foxtrot, sending you 2
2024-10-14 23:35:27.828085 Uniform: Charlie, sending you 1
2024-10-14 23:35:27.829110 Bravo: Mike, sending you 1
2024-10-14 23:35:27.829495 Charlie: Uniform, sending you 1
2024-10-14 23:35:27.830151 Mike: Bravo, sending you 7
2024-10-14 23:35:27.830512 Echo: Charlie, Kilo, Uniform and Foxtrot, sending you 2
2024-10-14 23:35:27.831672 Foxtrot: Oscar, Kilo, Uniform and Echo, sending you 2
2024-10-14 23:35:27.833680 Uniform: Oscar, Kilo, Foxtrot and Echo, sending you 2
2024-10-14 23:35:27.834976 Bravo: Tango, sending you 5
2024-10-14 23:35:27.835697 Echo: Oscar, sending you 1
chatterbot Charlie submitting transactions
chatterbot Whiskey submitting transactions
chatterbot Mike submitting transactions
chatterbot Oscar submitting transactions
chatterbot Uniform submitting transactions
chatterbot Foxtrot submitting transactions
chatterbot Kilo submitting transactions
chatterbot Echo submitting transactions
chatterbot Tango submitting transactions
chatterbot Bravo submitting transactions
ChatterBot Charlie round 17
ChatterBot Oscar round 17
ChatterBot Kilo round 17
ChatterBot Uniform round 17
ChatterBot Mike round 17
ChatterBot Whiskey round 17
ChatterBot Foxtrot round 17
ChatterBot Tango round 17
ChatterBot Bravo round 17
ChatterBot Echo round 17
2024-10-14 23:35:29.084259 Mike: We should drop Whiskey
2024-10-14 23:35:29.089784 Tango: Yes
2024-10-14 23:35:29.089982 Bravo: Yes
2024-10-14 23:35:29.103671 Charlie: Oscar and Foxtrot, sending you 2
2024-10-14 23:35:29.105344 Uniform: Charlie, sending you 1
2024-10-14 23:35:29.106442 Oscar: Charlie and Echo, sending you 1
2024-10-14 23:35:29.107407 Kilo: Charlie and Echo, sending you 2
2024-10-14 23:35:29.108763 Charlie: Kilo and Echo, sending you 3
2024-10-14 23:35:29.111029 Uniform: Oscar, Kilo, Foxtrot and Echo, sending you 2
2024-10-14 23:35:29.111970 Oscar: Kilo, Uniform and Foxtrot, sending you 2
2024-10-14 23:35:29.112839 Kilo: Oscar, Uniform and Foxtrot, sending you 1
2024-10-14 23:35:29.113566 Mike: Tango, sending you 4
2024-10-14 23:35:29.114457 Charlie: Uniform, sending you 1
2024-10-14 23:35:29.115227 Tango: Bravo, sending you 1
2024-10-14 23:35:29.117673 Mike: Bravo, sending you 7
2024-10-14 23:35:29.118141 Foxtrot: Charlie, sending you 1
2024-10-14 23:35:29.119674 Bravo: Mike, sending you 1
2024-10-14 23:35:29.120065 Echo: Charlie, Kilo, Uniform and Foxtrot, sending you 2
2024-10-14 23:35:29.122693 Foxtrot: Oscar, Kilo, Uniform and Echo, sending you 2
2024-10-14 23:35:29.123757 Bravo: Tango, sending you 5
2024-10-14 23:35:29.124784 Echo: Oscar, sending you 1
chatterbot Mike submitting transactions
chatterbot Whiskey submitting transactions
chatterbot Bravo submitting transactions
chatterbot Echo submitting transactions
chatterbot Oscar submitting transactions
chatterbot Kilo submitting transactions
chatterbot Foxtrot submitting transactions
chatterbot Charlie submitting transactions
chatterbot Tango submitting transactions
chatterbot Uniform submitting transactions
ChatterBot Charlie round 18
ChatterBot Oscar round 18
ChatterBot Kilo round 18
ChatterBot Uniform round 18
ChatterBot Mike round 18
ChatterBot Whiskey round 18
ChatterBot Foxtrot round 18
ChatterBot Tango round 18
ChatterBot Bravo round 18
ChatterBot Echo round 18
2024-10-14 23:35:30.333650 Tango: We should add Oscar
ChatterBot Mike reevaluating
ChatterBot Bravo reevaluating
