ChatterBot Sierra round 1
ChatterBot Charlie round 1
ChatterBot Romeo round 1
ChatterBot Yankee round 1
ChatterBot November round 1
ChatterBot Delta round 1
ChatterBot Alpha round 1
ChatterBot Juliett round 1
ChatterBot Whiskey round 1
ChatterBot Quebec round 1
randomSelections Sierra: {Sierra, Romeo, Charlie, Alpha, Delta, Whiskey} 
2024-10-15 04:39:27.983670 Sierra: Group up?
ChatterBot Romeo reevaluating
ChatterBot Charlie reevaluating
ChatterBot Alpha reevaluating
ChatterBot Delta reevaluating
ChatterBot Whiskey reevaluating
2024-10-15 04:39:28.005189 Romeo: Yes
2024-10-15 04:39:28.005364 Charlie: Yes
2024-10-15 04:39:28.005522 Alpha: Yes
2024-10-15 04:39:28.005670 Delta: Yes
2024-10-15 04:39:28.005807 Whiskey: Yes
ChatterBot Charlie reevaluating
ChatterBot Alpha reevaluating
ChatterBot Delta reevaluating
ChatterBot Whiskey reevaluating
ChatterBot Romeo reevaluating
ChatterBot Alpha reevaluating
ChatterBot Delta reevaluating
ChatterBot Whiskey reevaluating
ChatterBot Romeo reevaluating
ChatterBot Charlie reevaluating
ChatterBot Delta reevaluating
ChatterBot Whiskey reevaluating
ChatterBot Romeo reevaluating
ChatterBot Charlie reevaluating
ChatterBot Alpha reevaluating
ChatterBot Whiskey reevaluating
ChatterBot Romeo reevaluating
ChatterBot Charlie reevaluating
ChatterBot Alpha reevaluating
ChatterBot Delta reevaluating
randomSelections November: {November, Yankee, Sierra, Delta, Whiskey, Juliett} 
2024-10-15 04:39:28.069596 November: Friends?
ChatterBot Yankee reevaluating
ChatterBot Delta reevaluating
ChatterBot Whiskey reevaluating
ChatterBot Juliett reevaluating
2024-10-15 04:39:28.081196 Yankee: Yes
2024-10-15 04:39:28.081381 Sierra: No
2024-10-15 04:39:28.081567 Delta: No
2024-10-15 04:39:28.081733 Whiskey: No
2024-10-15 04:39:28.081908 Juliett: Yes
ChatterBot Delta reevaluating
ChatterBot Whiskey reevaluating
ChatterBot Juliett reevaluating
ChatterBot Yankee reevaluating
ChatterBot Delta reevaluating
ChatterBot Whiskey reevaluating
ChatterBot Juliett reevaluating
ChatterBot Yankee reevaluating
ChatterBot Whiskey reevaluating
ChatterBot Juliett reevaluating
ChatterBot Yankee reevaluating
ChatterBot Delta reevaluating
ChatterBot Juliett reevaluating
ChatterBot Yankee reevaluating
ChatterBot Delta reevaluating
ChatterBot Whiskey reevaluating
randomSelections Quebec: {Quebec, Romeo, November, Sierra, Alpha, Juliett} 
2024-10-15 04:39:28.251413 Quebec: Group up?
ChatterBot Romeo reevaluating
ChatterBot Alpha reevaluating
ChatterBot Juliett reevaluating
2024-10-15 04:39:28.261644 Romeo: No
2024-10-15 04:39:28.261941 November: No
2024-10-15 04:39:28.262640 Sierra: No
2024-10-15 04:39:28.262886 Alpha: No
2024-10-15 04:39:28.263120 Juliett: No
ChatterBot Alpha reevaluating
ChatterBot Juliett reevaluating
ChatterBot Romeo reevaluating
ChatterBot Alpha reevaluating
ChatterBot Juliett reevaluating
ChatterBot Romeo reevaluating
ChatterBot Alpha reevaluating
ChatterBot Juliett reevaluating
ChatterBot Romeo reevaluating
ChatterBot Juliett reevaluating
ChatterBot Romeo reevaluating
ChatterBot Alpha reevaluating
2024-10-15 04:39:28.328719 November: Sierra, sending you 1
2024-10-15 04:39:28.332654 Yankee: Sierra, sending you 1
2024-10-15 04:39:28.333330 Charlie: Sierra, sending you 3
2024-10-15 04:39:28.334828 November: Yankee, sending you 5
2024-10-15 04:39:28.337677 Yankee: November and Delta, sending you 2
2024-10-15 04:39:28.338524 Juliett: Sierra and November, sending you 4
2024-10-15 04:39:28.339191 Charlie: Romeo, sending you 5
2024-10-15 04:39:28.340711 Sierra: Charlie, sending you 4
2024-10-15 04:39:28.341447 November: Delta and Juliett, sending you 3
2024-10-15 04:39:28.341941 Quebec: Sierra, sending you 7
2024-10-15 04:39:28.342639 Juliett: Yankee, sending you 5
2024-10-15 04:39:28.343170 Yankee: Juliett, sending you 5
2024-10-15 04:39:28.343672 Delta: Sierra and Whiskey, sending you 2
2024-10-15 04:39:28.344237 Charlie: Delta, Alpha and Whiskey, sending you 4
2024-10-15 04:39:28.345156 Sierra: Romeo, sending you 1
2024-10-15 04:39:28.346835 Alpha: Sierra, sending you 3
2024-10-15 04:39:28.347753 Quebec: Romeo, sending you 3
2024-10-15 04:39:28.348421 Juliett: Delta, sending you 3
2024-10-15 04:39:28.349049 November: Whiskey, sending you 4
2024-10-15 04:39:28.349859 Yankee: Whiskey, sending you 6
2024-10-15 04:39:28.351472 Romeo: Sierra and Charlie, sending you 4
2024-10-15 04:39:28.352133 Delta: Charlie, Romeo and Alpha, sending you 4
2024-10-15 04:39:28.353220 Sierra: Delta and Alpha, sending you 5
2024-10-15 04:39:28.354040 Alpha: Charlie and Whiskey, sending you 4
2024-10-15 04:39:28.355652 Whiskey: Sierra, Charlie and Delta, sending you 2
2024-10-15 04:39:28.356522 Quebec: November, sending you 4
2024-10-15 04:39:28.357323 Juliett: Whiskey, sending you 2
2024-10-15 04:39:28.358060 Romeo: Delta and Whiskey, sending you 1
2024-10-15 04:39:28.358896 Sierra: Whiskey, sending you 3
2024-10-15 04:39:28.360605 Whiskey: Romeo, sending you 4
2024-10-15 04:39:28.361239 Alpha: Romeo and Delta, sending you 2
2024-10-15 04:39:28.361937 Quebec: Alpha and Juliett, sending you 2
2024-10-15 04:39:28.362559 Romeo: Alpha, sending you 2
2024-10-15 04:39:28.364668 Whiskey: Alpha, sending you 6
chatterbot November submitting transactions
chatterbot Romeo submitting transactions
chatterbot Sierra submitting transactions
chatterbot Charlie submitting transactions
chatterbot Delta submitting transactions
chatterbot Quebec submitting transactions
chatterbot Alpha submitting transactions
chatterbot Whiskey submitting transactions
chatterbot Yankee submitting transactions
chatterbot Juliett submitting transactions
ChatterBot Sierra round 2
ChatterBot Charlie round 2
ChatterBot Romeo round 2
ChatterBot Yankee round 2
2024-10-15 04:39:29.909249 Sierra: We should add Quebec
ChatterBot Romeo reevaluating
ChatterBot Charlie reevaluating
ChatterBot Alpha reevaluating
ChatterBot Delta reevaluating
ChatterBot Whiskey reevaluating
2024-10-15 04:39:29.958154 Romeo: Yes
2024-10-15 04:39:29.958907 Charlie: Yes
2024-10-15 04:39:29.959032 Alpha: Yes
2024-10-15 04:39:29.959146 Delta: No
2024-10-15 04:39:29.959260 Whiskey: No
ChatterBot Charlie reevaluating
ChatterBot Alpha reevaluating
ChatterBot Delta reevaluating
ChatterBot Whiskey reevaluating
ChatterBot Romeo reevaluating
ChatterBot Alpha reevaluating
ChatterBot Delta reevaluating
ChatterBot Whiskey reevaluating
ChatterBot Romeo reevaluating
ChatterBot Charlie reevaluating
ChatterBot Delta reevaluating
ChatterBot Whiskey reevaluating
ChatterBot Romeo reevaluating
ChatterBot Charlie reevaluating
ChatterBot Alpha reevaluating
ChatterBot Whiskey reevaluating
ChatterBot Romeo reevaluating
ChatterBot Charlie reevaluating
ChatterBot Alpha reevaluating
ChatterBot Delta reevaluating
ChatterBot November round 2
ChatterBot Delta round 2
ChatterBot Alpha round 2
ChatterBot Juliett round 2
ChatterBot Whiskey round 2
ChatterBot Quebec round 2
2024-10-15 04:39:30.337882 Yankee: We should group up
ChatterBot November reevaluating
ChatterBot Juliett reevaluating
ChatterBot Quebec reevaluating
2024-10-15 04:39:30.351077 November: Yes
2024-10-15 04:39:30.351344 Juliett: Yes
2024-10-15 04:39:30.351579 Quebec: No
ChatterBot Juliett reevaluating
ChatterBot Quebec reevaluating
ChatterBot November reevaluating
ChatterBot Quebec reevaluating
ChatterBot November reevaluating
ChatterBot Juliett reevaluating
2024-10-15 04:39:30.400379 Sierra: Quebec we want you to join our group
ChatterBot Quebec reevaluating
2024-10-15 04:39:30.405846 Quebec: No
ChatterBot Charlie reevaluating
ChatterBot Romeo reevaluating
ChatterBot Delta reevaluating
ChatterBot Alpha reevaluating
ChatterBot Whiskey reevaluating
2024-10-15 04:39:30.433096 Whiskey: We would work well together
ChatterBot Charlie reevaluating
ChatterBot Romeo reevaluating
ChatterBot Delta reevaluating
ChatterBot Alpha reevaluating
ChatterBot Quebec reevaluating
ChatterBot November reevaluating
ChatterBot Juliett reevaluating
2024-10-15 04:39:30.471641 Sierra: No
2024-10-15 04:39:30.471989 Charlie: No
2024-10-15 04:39:30.472947 Romeo: No
2024-10-15 04:39:30.473212 Delta: No
2024-10-15 04:39:30.473577 Alpha: No
2024-10-15 04:39:30.474325 Quebec: No
2024-10-15 04:39:30.474546 Yankee: No
2024-10-15 04:39:30.474803 November: No
2024-10-15 04:39:30.475084 Juliett: No
ChatterBot Whiskey reevaluating
ChatterBot Charlie reevaluating
ChatterBot Romeo reevaluating
ChatterBot Delta reevaluating
ChatterBot Alpha reevaluating
ChatterBot Quebec reevaluating
ChatterBot November reevaluating
ChatterBot Juliett reevaluating
ChatterBot Whiskey reevaluating
ChatterBot Romeo reevaluating
ChatterBot Delta reevaluating
ChatterBot Alpha reevaluating
ChatterBot Quebec reevaluating
ChatterBot November reevaluating
ChatterBot Juliett reevaluating
ChatterBot Whiskey reevaluating
ChatterBot Charlie reevaluating
ChatterBot Delta reevaluating
ChatterBot Alpha reevaluating
ChatterBot Quebec reevaluating
ChatterBot November reevaluating
ChatterBot Juliett reevaluating
ChatterBot Whiskey reevaluating
ChatterBot Charlie reevaluating
ChatterBot Romeo reevaluating
ChatterBot Alpha reevaluating
ChatterBot Quebec reevaluating
ChatterBot November reevaluating
ChatterBot Juliett reevaluating
ChatterBot Whiskey reevaluating
ChatterBot Charlie reevaluating
ChatterBot Romeo reevaluating
ChatterBot Delta reevaluating
ChatterBot Quebec reevaluating
ChatterBot November reevaluating
ChatterBot Juliett reevaluating
ChatterBot Whiskey reevaluating
ChatterBot Charlie reevaluating
ChatterBot Romeo reevaluating
ChatterBot Delta reevaluating
ChatterBot Alpha reevaluating
ChatterBot November reevaluating
ChatterBot Juliett reevaluating
ChatterBot Whiskey reevaluating
ChatterBot Charlie reevaluating
ChatterBot Romeo reevaluating
ChatterBot Delta reevaluating
ChatterBot Alpha reevaluating
ChatterBot Quebec reevaluating
ChatterBot November reevaluating
ChatterBot Juliett reevaluating
ChatterBot Whiskey reevaluating
ChatterBot Charlie reevaluating
ChatterBot Romeo reevaluating
ChatterBot Delta reevaluating
ChatterBot Alpha reevaluating
ChatterBot Quebec reevaluating
ChatterBot Juliett reevaluating
ChatterBot Whiskey reevaluating
ChatterBot Charlie reevaluating
ChatterBot Romeo reevaluating
ChatterBot Delta reevaluating
ChatterBot Alpha reevaluating
ChatterBot Quebec reevaluating
ChatterBot November reevaluating
2024-10-15 04:39:30.794141 Romeo: Quebec we want you to join our group
ChatterBot Quebec reevaluating
2024-10-15 04:39:30.797882 Quebec: No
ChatterBot Romeo reevaluating
2024-10-15 04:39:30.816448 Quebec: We would work well together
ChatterBot Alpha reevaluating
2024-10-15 04:39:30.832576 Sierra: Yes
2024-10-15 04:39:30.832797 Charlie: Yes
2024-10-15 04:39:30.833035 Delta: No
2024-10-15 04:39:30.833204 Alpha: Yes
2024-10-15 04:39:30.834045 Whiskey: Yes
ChatterBot Quebec reevaluating
ChatterBot Delta reevaluating
ChatterBot Alpha reevaluating
ChatterBot Whiskey reevaluating
ChatterBot Quebec reevaluating
ChatterBot Delta reevaluating
ChatterBot Alpha reevaluating
ChatterBot Whiskey reevaluating
ChatterBot Quebec reevaluating
ChatterBot Alpha reevaluating
ChatterBot Whiskey reevaluating
ChatterBot Quebec reevaluating
ChatterBot Delta reevaluating
ChatterBot Whiskey reevaluating
ChatterBot Quebec reevaluating
ChatterBot Delta reevaluating
ChatterBot Alpha reevaluating
2024-10-15 04:39:30.914522 Whiskey: We should add Quebec
ChatterBot Romeo reevaluating
ChatterBot Alpha reevaluating
ChatterBot Delta reevaluating
2024-10-15 04:39:30.931109 Sierra: Yes
2024-10-15 04:39:30.932152 Romeo: Yes
2024-10-15 04:39:30.932264 Charlie: Yes
2024-10-15 04:39:30.932360 Alpha: Yes
2024-10-15 04:39:30.932477 Delta: Yes
ChatterBot Romeo reevaluating
ChatterBot Alpha reevaluating
ChatterBot Delta reevaluating
ChatterBot Whiskey reevaluating
ChatterBot Alpha reevaluating
ChatterBot Delta reevaluating
ChatterBot Whiskey reevaluating
ChatterBot Romeo reevaluating
ChatterBot Alpha reevaluating
ChatterBot Delta reevaluating
ChatterBot Whiskey reevaluating
ChatterBot Romeo reevaluating
ChatterBot Delta reevaluating
ChatterBot Whiskey reevaluating
ChatterBot Romeo reevaluating
ChatterBot Alpha reevaluating
ChatterBot Whiskey reevaluating
2024-10-15 04:39:31.041049 Charlie: Quebec we want you to join our group
ChatterBot Quebec reevaluating
2024-10-15 04:39:31.047723 Quebec: Yes
ChatterBot Delta reevaluating
ChatterBot Alpha reevaluating
ChatterBot Whiskey reevaluating
chatterbot Sierra submitting transactions
2024-10-15 04:39:31.130370 Yankee: November, sending you 8
2024-10-15 04:39:31.130839 Sierra: Charlie, Romeo and Alpha, sending you 3
2024-10-15 04:39:31.131308 Whiskey: Quebec we want you to join our group
ChatterBot Quebec reevaluating
2024-10-15 04:39:31.137361 Quebec: No
2024-10-15 04:39:31.165961 Juliett: Yankee, sending you 9
2024-10-15 04:39:31.167042 Alpha: Quebec we want you to join our group
ChatterBot Quebec reevaluating
2024-10-15 04:39:31.173489 Quebec: No
2024-10-15 04:39:31.201013 November: Yankee, sending you 5
2024-10-15 04:39:31.202100 Delta: Quebec we want you to join our group
ChatterBot Quebec reevaluating
2024-10-15 04:39:31.208683 Quebec: No
2024-10-15 04:39:31.224792 Yankee: Juliett, sending you 7
2024-10-15 04:39:31.225113 Sierra: Delta, sending you 2
2024-10-15 04:39:31.225935 Juliett: November, sending you 5
2024-10-15 04:39:31.226200 November: Juliett and Quebec, sending you 6
2024-10-15 04:39:31.241965 Charlie: Sierra and Romeo, sending you 4
2024-10-15 04:39:31.242332 Yankee: Quebec, sending you 2
2024-10-15 04:39:31.243121 Sierra: Whiskey, sending you 1
2024-10-15 04:39:31.243449 Juliett: Quebec, sending you 4
chatterbot Yankee submitting transactions
2024-10-15 04:39:31.284671 Charlie: Delta, Alpha, Whiskey and Quebec, sending you 3
2024-10-15 04:39:31.285210 Sierra: Quebec, sending you 6
2024-10-15 04:39:31.285542 Whiskey: Sierra, sending you 4
2024-10-15 04:39:31.286297 Alpha: Sierra and Whiskey, sending you 4
2024-10-15 04:39:31.286590 Romeo: Sierra, sending you 1
2024-10-15 04:39:31.286920 Delta: Sierra and Charlie, sending you 4
2024-10-15 04:39:31.565968 Whiskey: Charlie and Alpha, sending you 5
2024-10-15 04:39:31.567591 Alpha: Charlie, Romeo, Delta and Quebec, sending you 3
2024-10-15 04:39:31.569023 Delta: Romeo, sending you 2
2024-10-15 04:39:31.570313 Romeo: Charlie, sending you 5
2024-10-15 04:39:31.571015 Quebec: Sierra, Charlie, Delta and Alpha, sending you 4
chatterbot Romeo submitting transactions
2024-10-15 04:39:31.573197 Whiskey: Romeo, sending you 2
2024-10-15 04:39:31.657261 Delta: Alpha and Whiskey, sending you 3
2024-10-15 04:39:31.658366 Romeo: Delta and Whiskey, sending you 4
2024-10-15 04:39:31.658968 Quebec: Whiskey, sending you 2
2024-10-15 04:39:31.659938 Whiskey: Delta, sending you 3
chatterbot Charlie submitting transactions
2024-10-15 04:39:31.957185 Romeo: Alpha, sending you 2
chatterbot Delta submitting transactions
2024-10-15 04:39:32.112183 Romeo: Quebec, sending you 3
chatterbot Juliett submitting transactions
chatterbot November submitting transactions
chatterbot Whiskey submitting transactions
chatterbot Quebec submitting transactions
chatterbot Alpha submitting transactions
ChatterBot Sierra round 3
ChatterBot Charlie round 3
ChatterBot Romeo round 3
ChatterBot Yankee round 3
ChatterBot November round 3
ChatterBot Delta round 3
ChatterBot Alpha round 3
ChatterBot Juliett round 3
ChatterBot Whiskey round 3
ChatterBot Quebec round 3
2024-10-15 04:39:32.470844 Alpha: Sierra, Charlie, Romeo, Delta and Quebec, sending you 3
2024-10-15 04:39:32.471526 Sierra: Charlie, Delta, Alpha and Whiskey, sending you 3
2024-10-15 04:39:32.477227 Romeo: Sierra, Delta, Alpha and Whiskey, sending you 3
2024-10-15 04:39:32.478345 Whiskey: Sierra, Romeo and Delta, sending you 3
2024-10-15 04:39:32.478920 Charlie: Sierra, Alpha, Whiskey and Quebec, sending you 3
2024-10-15 04:39:32.480124 Alpha: Whiskey, sending you 4
2024-10-15 04:39:32.480808 Delta: Sierra and Charlie, sending you 4
2024-10-15 04:39:32.482270 Sierra: Romeo, sending you 2
2024-10-15 04:39:32.483755 Quebec: Sierra, sending you 5
2024-10-15 04:39:32.484462 Juliett: Yankee, sending you 10
2024-10-15 04:39:32.484918 Yankee: November, sending you 7
2024-10-15 04:39:32.485814 November: Yankee and Juliett, sending you 6
2024-10-15 04:39:32.486276 Romeo: Charlie, sending you 5
2024-10-15 04:39:32.487639 Whiskey: Charlie, sending you 4
2024-10-15 04:39:32.488427 Charlie: Romeo and Delta, sending you 4
2024-10-15 04:39:32.489761 Delta: Romeo, Alpha and Whiskey, sending you 3
2024-10-15 04:39:32.490318 Quebec: Charlie, Romeo and Alpha, sending you 3
2024-10-15 04:39:32.491761 Sierra: Quebec, sending you 4
2024-10-15 04:39:32.492431 Juliett: November, sending you 7
2024-10-15 04:39:32.492800 Yankee: Juliett, sending you 9
2024-10-15 04:39:32.493807 November: Quebec, sending you 5
2024-10-15 04:39:32.494276 Romeo: Quebec, sending you 2
2024-10-15 04:39:32.494956 Whiskey: Alpha, sending you 5
2024-10-15 04:39:32.496206 Delta: Quebec, sending you 2
2024-10-15 04:39:32.497005 Quebec: Delta and Whiskey, sending you 2
2024-10-15 04:39:32.498201 Juliett: Quebec, sending you 1
2024-10-15 04:39:32.498603 Yankee: Quebec, sending you 2
2024-10-15 04:39:32.498990 Whiskey: Quebec, sending you 1
chatterbot Quebec submitting transactions
chatterbot Juliett submitting transactions
chatterbot Alpha submitting transactions
chatterbot Delta submitting transactions
chatterbot November submitting transactions
chatterbot Yankee submitting transactions
chatterbot Charlie submitting transactions
chatterbot Whiskey submitting transactions
chatterbot Sierra submitting transactions
chatterbot Romeo submitting transactions
ChatterBot Sierra round 4
ChatterBot Charlie round 4
ChatterBot Romeo round 4
ChatterBot Yankee round 4
ChatterBot November round 4
ChatterBot Delta round 4
ChatterBot Alpha round 4
ChatterBot Juliett round 4
ChatterBot Whiskey round 4
ChatterBot Quebec round 4
2024-10-15 04:39:33.730981 Juliett: We should drop Quebec
ChatterBot Yankee reevaluating
2024-10-15 04:39:33.736637 Yankee: Yes
2024-10-15 04:39:33.736776 November: No
ChatterBot Yankee reevaluating
2024-10-15 04:39:33.746775 Yankee: We should replace Quebec with Whiskey
2024-10-15 04:39:33.751571 Juliett: No
2024-10-15 04:39:33.751700 November: No
ChatterBot Yankee reevaluating
ChatterBot Yankee reevaluating
2024-10-15 04:39:33.769677 Sierra: Charlie, Delta, Alpha and Whiskey, sending you 3
2024-10-15 04:39:33.770328 Charlie: Sierra, Alpha, Whiskey and Quebec, sending you 3
2024-10-15 04:39:33.771675 Alpha: Sierra, Charlie, Romeo, Delta and Quebec, sending you 3
2024-10-15 04:39:33.772505 Yankee: Whiskey we want you to join our group
2024-10-15 04:39:33.775413 Whiskey: No
ChatterBot Yankee reevaluating
2024-10-15 04:39:33.783539 Charlie: Romeo and Delta, sending you 4
2024-10-15 04:39:33.784385 Sierra: Romeo, sending you 2
2024-10-15 04:39:33.785365 Alpha: Whiskey, sending you 4
2024-10-15 04:39:33.788071 Sierra: Quebec, sending you 4
2024-10-15 04:39:33.789701 Whiskey: Sierra, Romeo and Delta, sending you 3
2024-10-15 04:39:33.791082 November: Yankee and Juliett, sending you 6
2024-10-15 04:39:33.791483 Quebec: Sierra, sending you 4
2024-10-15 04:39:33.792317 Delta: Sierra and Charlie, sending you 4
2024-10-15 04:39:33.793521 Romeo: Sierra, Delta, Alpha and Whiskey, sending you 3
2024-10-15 04:39:33.794255 Juliett: Yankee, sending you 11
2024-10-15 04:39:33.794734 November: Quebec, sending you 5
2024-10-15 04:39:33.795296 Quebec: Charlie, Romeo, Delta and Alpha, sending you 3
2024-10-15 04:39:33.796762 Whiskey: Charlie and Alpha, sending you 4
2024-10-15 04:39:33.797731 Delta: Romeo, Alpha and Whiskey, sending you 3
2024-10-15 04:39:33.798979 Romeo: Charlie, sending you 5
2024-10-15 04:39:33.799729 Juliett: November, sending you 7
2024-10-15 04:39:33.800041 Quebec: Whiskey, sending you 2
2024-10-15 04:39:33.800968 Whiskey: Quebec, sending you 2
2024-10-15 04:39:33.803123 Delta: Quebec, sending you 2
2024-10-15 04:39:33.803746 Romeo: Quebec, sending you 2
2024-10-15 04:39:33.822655 Yankee: November, sending you 7
2024-10-15 04:39:33.826693 Yankee: Juliett, sending you 10
2024-10-15 04:39:33.829661 Yankee: Whiskey, sending you 2
chatterbot Alpha submitting transactions
chatterbot Juliett submitting transactions
chatterbot Charlie submitting transactions
chatterbot Delta submitting transactions
chatterbot Romeo submitting transactions
chatterbot Quebec submitting transactions
chatterbot Sierra submitting transactions
chatterbot November submitting transactions
chatterbot Whiskey submitting transactions
chatterbot Yankee submitting transactions
ChatterBot Sierra round 5
ChatterBot Charlie round 5
ChatterBot Romeo round 5
ChatterBot Yankee round 5
ChatterBot November round 5
ChatterBot Delta round 5
ChatterBot Alpha round 5
ChatterBot Juliett round 5
ChatterBot Whiskey round 5
ChatterBot Quebec round 5
2024-10-15 04:39:34.915674 Charlie: Sierra, Alpha, Whiskey and Quebec, sending you 3
2024-10-15 04:39:34.924521 Romeo: Sierra, Delta, Alpha, Whiskey and Quebec, sending you 3
2024-10-15 04:39:34.929156 Charlie: Romeo and Delta, sending you 4
2024-10-15 04:39:34.931746 Yankee: November, sending you 7
2024-10-15 04:39:34.934062 Quebec: Sierra, sending you 4
2024-10-15 04:39:34.937180 Juliett: Yankee, sending you 11
2024-10-15 04:39:34.938526 Romeo: Charlie, sending you 4
2024-10-15 04:39:34.941328 Alpha: Sierra, Charlie, Romeo, Delta and Quebec, sending you 3
2024-10-15 04:39:34.946906 November: Yankee, sending you 7
2024-10-15 04:39:34.949237 Delta: Sierra, Romeo, Alpha, Whiskey and Quebec, sending you 3
2024-10-15 04:39:34.953174 Sierra: Charlie, Delta, Alpha and Whiskey, sending you 3
2024-10-15 04:39:34.956559 Whiskey: Sierra, Charlie, Romeo and Delta, sending you 3
2024-10-15 04:39:34.960593 Yankee: Juliett, sending you 10
2024-10-15 04:39:34.963124 Quebec: Charlie, Romeo, Delta and Alpha, sending you 3
2024-10-15 04:39:34.965682 Juliett: November, sending you 7
2024-10-15 04:39:34.966244 Alpha: Whiskey, sending you 4
2024-10-15 04:39:34.967650 November: Juliett, sending you 6
2024-10-15 04:39:34.968587 Delta: Charlie, sending you 4
2024-10-15 04:39:34.970974 Sierra: Romeo, sending you 2
2024-10-15 04:39:34.972284 Whiskey: Alpha, sending you 5
2024-10-15 04:39:34.974149 Yankee: Whiskey, sending you 2
2024-10-15 04:39:34.974586 Quebec: Whiskey, sending you 2
2024-10-15 04:39:34.975721 November: Quebec, sending you 4
2024-10-15 04:39:34.977177 Sierra: Quebec, sending you 4
2024-10-15 04:39:34.978692 Whiskey: Quebec, sending you 2
chatterbot Yankee submitting transactions
chatterbot November submitting transactions
chatterbot Romeo submitting transactions
chatterbot Sierra submitting transactions
chatterbot Delta submitting transactions
chatterbot Whiskey submitting transactions
chatterbot Alpha submitting transactions
chatterbot Charlie submitting transactions
chatterbot Juliett submitting transactions
chatterbot Quebec submitting transactions
ChatterBot Sierra round 6
ChatterBot Charlie round 6
ChatterBot Romeo round 6
ChatterBot Yankee round 6
ChatterBot November round 6
ChatterBot Delta round 6
ChatterBot Alpha round 6
ChatterBot Juliett round 6
ChatterBot Whiskey round 6
ChatterBot Quebec round 6
2024-10-15 04:39:36.213257 November: We should drop Quebec
2024-10-15 04:39:36.220267 Juliett: Yes
2024-10-15 04:39:36.221309 Yankee: Yes
2024-10-15 04:39:36.238750 Romeo: Sierra, sending you 2
2024-10-15 04:39:36.239508 Sierra: Charlie, Delta, Alpha and Whiskey, sending you 3
2024-10-15 04:39:36.240047 Charlie: Sierra, Alpha, Whiskey and Quebec, sending you 3
2024-10-15 04:39:36.240834 Alpha: Sierra, Charlie, Romeo, Delta and Quebec, sending you 3
2024-10-15 04:39:36.242109 Yankee: November, sending you 7
2024-10-15 04:39:36.242458 Romeo: Charlie, sending you 5
2024-10-15 04:39:36.243210 Sierra: Romeo, sending you 2
2024-10-15 04:39:36.244701 Charlie: Romeo and Delta, sending you 4
2024-10-15 04:39:36.245226 Alpha: Whiskey, sending you 4
2024-10-15 04:39:36.247221 Yankee: Juliett, sending you 10
2024-10-15 04:39:36.247593 Romeo: Delta, Alpha, Whiskey and Quebec, sending you 3
2024-10-15 04:39:36.248593 Sierra: Quebec, sending you 4
2024-10-15 04:39:36.249374 Quebec: Sending you each 3
2024-10-15 04:39:36.251691 Juliett: Yankee, sending you 11
2024-10-15 04:39:36.252144 Yankee: Whiskey, sending you 2
2024-10-15 04:39:36.253697 Whiskey: Sierra, Charlie, Romeo and Delta, sending you 3
2024-10-15 04:39:36.254660 Delta: Sierra, Romeo, Alpha, Whiskey and Quebec, sending you 3
2024-10-15 04:39:36.256010 November: Yankee, sending you 9
2024-10-15 04:39:36.256404 Juliett: November, sending you 7
2024-10-15 04:39:36.258001 Whiskey: Alpha, sending you 5
2024-10-15 04:39:36.259695 Delta: Charlie, sending you 4
2024-10-15 04:39:36.261254 November: Juliett, sending you 8
2024-10-15 04:39:36.263691 Whiskey: Quebec, sending you 2
chatterbot Delta submitting transactions
chatterbot Romeo submitting transactions
chatterbot Quebec submitting transactions
chatterbot Charlie submitting transactions
chatterbot Yankee submitting transactions
chatterbot Juliett submitting transactions
chatterbot November submitting transactions
chatterbot Whiskey submitting transactions
chatterbot Alpha submitting transactions
chatterbot Sierra submitting transactions
ChatterBot Sierra round 7
ChatterBot Charlie round 7
ChatterBot Romeo round 7
ChatterBot Yankee round 7
ChatterBot November round 7
ChatterBot Delta round 7
ChatterBot Alpha round 7
ChatterBot Juliett round 7
ChatterBot Whiskey round 7
2024-10-15 04:39:37.314462 November: We should add Whiskey
2024-10-15 04:39:37.318574 Juliett: No
2024-10-15 04:39:37.318856 Yankee: Yes
ChatterBot Yankee reevaluating
ChatterBot November reevaluating
ChatterBot November reevaluating
ChatterBot Quebec round 7
2024-10-15 04:39:37.358691 Whiskey: Sierra, Charlie, Romeo and Delta, sending you 3
2024-10-15 04:39:37.361564 Charlie: Sierra, Alpha, Whiskey and Quebec, sending you 3
2024-10-15 04:39:37.363892 Romeo: Sierra, sending you 2
2024-10-15 04:39:37.364943 Yankee: November, sending you 8
2024-10-15 04:39:37.365635 Sierra: Charlie, Delta, Alpha and Whiskey, sending you 3
2024-10-15 04:39:37.368226 Whiskey: Alpha, sending you 5
2024-10-15 04:39:37.369307 Delta: Sierra, Romeo, Alpha, Whiskey and Quebec, sending you 3
2024-10-15 04:39:37.371134 Alpha: Sierra, Charlie, Romeo, Delta and Quebec, sending you 3
2024-10-15 04:39:37.372327 Romeo: Charlie, sending you 5
2024-10-15 04:39:37.374005 Charlie: Romeo and Delta, sending you 4
2024-10-15 04:39:37.374983 Yankee: Juliett, sending you 11
2024-10-15 04:39:37.375657 Sierra: Romeo, sending you 2
2024-10-15 04:39:37.377609 Quebec: Same as last round
2024-10-15 04:39:37.378700 Juliett: Yankee, sending you 11
2024-10-15 04:39:37.379934 Whiskey: Quebec, sending you 2
2024-10-15 04:39:37.380860 Delta: Charlie, sending you 4
2024-10-15 04:39:37.382396 Alpha: Whiskey, sending you 4
2024-10-15 04:39:37.383583 Romeo: Delta, Alpha, Whiskey and Quebec, sending you 3
2024-10-15 04:39:37.385385 Sierra: Quebec, sending you 4
2024-10-15 04:39:37.386437 Juliett: November, sending you 7
2024-10-15 04:39:37.387523 November: Yankee, sending you 9
2024-10-15 04:39:37.391679 November: Juliett, sending you 8
chatterbot Yankee submitting transactions
chatterbot Alpha submitting transactions
chatterbot Charlie submitting transactions
chatterbot Romeo submitting transactions
chatterbot Quebec submitting transactions
chatterbot Sierra submitting transactions
chatterbot Delta submitting transactions
chatterbot Juliett submitting transactions
chatterbot November submitting transactions
chatterbot Whiskey submitting transactions
ChatterBot Sierra round 8
ChatterBot Charlie round 8
ChatterBot Romeo round 8
ChatterBot Yankee round 8
ChatterBot November round 8
ChatterBot Delta round 8
ChatterBot Alpha round 8
ChatterBot Juliett round 8
ChatterBot Whiskey round 8
ChatterBot Quebec round 8
2024-10-15 04:39:38.535555 Yankee: We should replace Whiskey with Sierra
2024-10-15 04:39:38.541741 Juliett: No
2024-10-15 04:39:38.541935 November: No
ChatterBot Yankee reevaluating
2024-10-15 04:39:38.582806 Yankee: We should replace Whiskey with Romeo
2024-10-15 04:39:38.586790 Juliett: No
2024-10-15 04:39:38.586926 November: No
ChatterBot Yankee reevaluating
ChatterBot Yankee reevaluating
2024-10-15 04:39:38.600741 Yankee: Romeo we want you to join our group
2024-10-15 04:39:38.603441 Romeo: No
ChatterBot Yankee reevaluating
2024-10-15 04:39:38.610521 Yankee: We should replace Whiskey with Delta
2024-10-15 04:39:38.617040 Juliett: No
2024-10-15 04:39:38.617256 November: No
ChatterBot Yankee reevaluating
ChatterBot Yankee reevaluating
2024-10-15 04:39:38.635972 Romeo: Sierra, sending you 2
2024-10-15 04:39:38.637790 Sierra: Charlie, Delta, Alpha and Whiskey, sending you 3
2024-10-15 04:39:38.639396 Whiskey: Sierra, Charlie, Romeo, Delta and Quebec, sending you 3
2024-10-15 04:39:38.640678 November: Yankee, sending you 9
2024-10-15 04:39:38.641510 Quebec: Same as last round
2024-10-15 04:39:38.642580 Romeo: Charlie, sending you 5
2024-10-15 04:39:38.644124 Sierra: Romeo, sending you 2
2024-10-15 04:39:38.645140 Delta: Sierra, Romeo, Alpha, Whiskey and Quebec, sending you 3
2024-10-15 04:39:38.646654 Alpha: Sierra, Charlie, Romeo, Delta and Quebec, sending you 3
2024-10-15 04:39:38.647763 Juliett: Yankee, sending you 11
2024-10-15 04:39:38.648132 November: Juliett, sending you 8
2024-10-15 04:39:38.648553 Whiskey: Alpha, sending you 4
2024-10-15 04:39:38.649938 Charlie: Sierra, Alpha, Whiskey and Quebec, sending you 3
2024-10-15 04:39:38.650718 Romeo: Delta, Alpha, Whiskey and Quebec, sending you 3
2024-10-15 04:39:38.652064 Sierra: Quebec, sending you 4
2024-10-15 04:39:38.652627 Delta: Charlie, sending you 4
2024-10-15 04:39:38.653225 Alpha: Whiskey, sending you 4
2024-10-15 04:39:38.653750 Juliett: November, sending you 7
2024-10-15 04:39:38.655681 Charlie: Romeo and Delta, sending you 4
2024-10-15 04:39:38.664653 Yankee: November, sending you 8
2024-10-15 04:39:38.668673 Yankee: Juliett, sending you 11
chatterbot Whiskey submitting transactions
chatterbot Sierra submitting transactions
chatterbot Charlie submitting transactions
chatterbot Alpha submitting transactions
chatterbot Juliett submitting transactions
chatterbot Delta submitting transactions
chatterbot Romeo submitting transactions
chatterbot Yankee submitting transactions
chatterbot Quebec submitting transactions
chatterbot November submitting transactions
ChatterBot Sierra round 9
ChatterBot Charlie round 9
ChatterBot Romeo round 9
ChatterBot Yankee round 9
ChatterBot November round 9
ChatterBot Delta round 9
ChatterBot Alpha round 9
ChatterBot Juliett round 9
ChatterBot Whiskey round 9
ChatterBot Quebec round 9
2024-10-15 04:39:39.778396 November: We should add Romeo
ChatterBot Yankee reevaluating
2024-10-15 04:39:39.787484 Juliett: No
2024-10-15 04:39:39.787963 Yankee: No
ChatterBot Yankee reevaluating
ChatterBot November reevaluating
ChatterBot November reevaluating
2024-10-15 04:39:39.808867 Yankee: We should replace Whiskey with Sierra
ChatterBot November reevaluating
2024-10-15 04:39:39.818023 Juliett: No
2024-10-15 04:39:39.818485 November: No
ChatterBot Yankee reevaluating
ChatterBot November reevaluating
ChatterBot Yankee reevaluating
2024-10-15 04:39:39.860158 Yankee: Sierra we want you to join our group
2024-10-15 04:39:39.864972 Sierra: No
ChatterBot Yankee reevaluating
2024-10-15 04:39:39.876214 Delta: Sierra, Romeo, Alpha, Whiskey and Quebec, sending you 3
2024-10-15 04:39:39.881400 Quebec: Same as last round
2024-10-15 04:39:39.883874 Romeo: Sierra, sending you 2
2024-10-15 04:39:39.886233 November: Yankee, sending you 9
2024-10-15 04:39:39.887993 Alpha: Sierra, Charlie, Romeo, Delta and Quebec, sending you 3
2024-10-15 04:39:39.891063 Yankee: We should drop Whiskey
2024-10-15 04:39:39.900466 Juliett: Yes
2024-10-15 04:39:39.900861 November: Yes
ChatterBot Yankee reevaluating
ChatterBot Yankee reevaluating
2024-10-15 04:39:39.918808 Yankee: We should replace Whiskey with Delta
2024-10-15 04:39:39.926384 Juliett: No
2024-10-15 04:39:39.927392 November: No
ChatterBot Yankee reevaluating
ChatterBot Yankee reevaluating
2024-10-15 04:39:39.942771 Delta: Charlie, sending you 4
2024-10-15 04:39:39.944353 Charlie: Sierra, Alpha, Whiskey and Quebec, sending you 3
2024-10-15 04:39:39.946544 Sierra: Charlie, Delta, Alpha and Whiskey, sending you 3
2024-10-15 04:39:39.948633 Juliett: Yankee, sending you 11
2024-10-15 04:39:39.950140 Whiskey: Sierra, Charlie, Romeo, Delta and Quebec, sending you 3
2024-10-15 04:39:39.952727 Romeo: Charlie, sending you 5
2024-10-15 04:39:39.955040 November: Juliett, sending you 8
2024-10-15 04:39:39.955774 Alpha: Whiskey, sending you 4
2024-10-15 04:39:39.958594 Charlie: Romeo and Delta, sending you 4
2024-10-15 04:39:39.960729 Sierra: Romeo, sending you 2
2024-10-15 04:39:39.964350 Juliett: November, sending you 7
2024-10-15 04:39:39.965344 Whiskey: Alpha, sending you 4
2024-10-15 04:39:39.967587 Romeo: Delta, Alpha, Whiskey and Quebec, sending you 3
2024-10-15 04:39:39.970057 Sierra: Quebec, sending you 4
2024-10-15 04:39:40.004682 Yankee: Sierra, sending you 2
2024-10-15 04:39:40.011240 Yankee: November, sending you 7
2024-10-15 04:39:40.016683 Yankee: Juliett, sending you 10
chatterbot Whiskey submitting transactions
chatterbot Delta submitting transactions
chatterbot Quebec submitting transactions
chatterbot Romeo submitting transactions
chatterbot Sierra submitting transactions
chatterbot Charlie submitting transactions
chatterbot Alpha submitting transactions
chatterbot Yankee submitting transactions
chatterbot Juliett submitting transactions
chatterbot November submitting transactions
ChatterBot Sierra round 10
ChatterBot Charlie round 10
ChatterBot Romeo round 10
ChatterBot Yankee round 10
ChatterBot November round 10
ChatterBot Delta round 10
ChatterBot Alpha round 10
ChatterBot Juliett round 10
ChatterBot Whiskey round 10
ChatterBot Quebec round 10
2024-10-15 04:39:40.951273 Yankee: We should replace Sierra with Alpha
2024-10-15 04:39:40.956310 Juliett: No
2024-10-15 04:39:40.956474 November: No
ChatterBot Yankee reevaluating
ChatterBot Yankee reevaluating
2024-10-15 04:39:40.975746 Yankee: We should replace Sierra with Delta
2024-10-15 04:39:40.979455 Juliett: No
2024-10-15 04:39:40.980185 November: No
ChatterBot Yankee reevaluating
ChatterBot Yankee reevaluating
2024-10-15 04:39:40.991716 Delta: Sierra, Romeo, Alpha, Whiskey and Quebec, sending you 3
2024-10-15 04:39:40.994525 Charlie: Sierra, Alpha, Whiskey and Quebec, sending you 3
2024-10-15 04:39:40.996126 November: Yankee, sending you 9
2024-10-15 04:39:40.997987 Romeo: Sierra, sending you 2
2024-10-15 04:39:40.999310 Sierra: Charlie, Delta, Alpha and Whiskey, sending you 3
2024-10-15 04:39:41.001324 Delta: Charlie, sending you 4
2024-10-15 04:39:41.002969 Yankee: Delta we want you to join our group
2024-10-15 04:39:41.006206 Delta: No
ChatterBot Yankee reevaluating
2024-10-15 04:39:41.020171 Yankee: We should replace Sierra with Charlie
2024-10-15 04:39:41.026370 Juliett: No
2024-10-15 04:39:41.026563 November: No
ChatterBot Yankee reevaluating
ChatterBot Yankee reevaluating
2024-10-15 04:39:41.038843 Charlie: Romeo and Delta, sending you 4
2024-10-15 04:39:41.041249 November: Juliett, sending you 8
2024-10-15 04:39:41.041793 Romeo: Charlie, sending you 5
2024-10-15 04:39:41.043152 Whiskey: Sierra, Charlie, Romeo, Delta and Quebec, sending you 3
2024-10-15 04:39:41.044288 Sierra: Romeo, sending you 2
2024-10-15 04:39:41.047234 Alpha: Sierra, Charlie, Romeo, Delta and Quebec, sending you 3
2024-10-15 04:39:41.048636 Quebec: Same as last round
2024-10-15 04:39:41.050605 Juliett: Yankee, sending you 11
2024-10-15 04:39:41.051226 Romeo: Delta, Alpha, Whiskey and Quebec, sending you 3
2024-10-15 04:39:41.052667 Whiskey: Alpha, sending you 4
2024-10-15 04:39:41.053673 Sierra: Quebec, sending you 4
2024-10-15 04:39:41.055564 Alpha: Whiskey, sending you 4
2024-10-15 04:39:41.056857 Juliett: November, sending you 7
2024-10-15 04:39:41.068673 Yankee: Sierra, sending you 2
2024-10-15 04:39:41.073658 Yankee: November, sending you 7
2024-10-15 04:39:41.076669 Yankee: Juliett, sending you 10
chatterbot Delta submitting transactions
chatterbot Yankee submitting transactions
chatterbot Sierra submitting transactions
chatterbot November submitting transactions
chatterbot Alpha submitting transactions
chatterbot Romeo submitting transactions
chatterbot Quebec submitting transactions
chatterbot Juliett submitting transactions
chatterbot Charlie submitting transactions
chatterbot Whiskey submitting transactions
ChatterBot Sierra round 11
ChatterBot Charlie round 11
ChatterBot Romeo round 11
ChatterBot Yankee round 11
ChatterBot November round 11
ChatterBot Delta round 11
ChatterBot Alpha round 11
ChatterBot Juliett round 11
ChatterBot Whiskey round 11
ChatterBot Quebec round 11
2024-10-15 04:39:42.000030 Yankee: We should drop Sierra
2024-10-15 04:39:42.004153 Juliett: Yes
2024-10-15 04:39:42.004366 November: Yes
ChatterBot Yankee reevaluating
ChatterBot Yankee reevaluating
2024-10-15 04:39:42.013803 Yankee: We should replace Sierra with Delta
2024-10-15 04:39:42.017734 Juliett: No
2024-10-15 04:39:42.018439 November: No
ChatterBot Yankee reevaluating
ChatterBot Yankee reevaluating
2024-10-15 04:39:42.030755 Yankee: We should replace Sierra with Romeo
2024-10-15 04:39:42.034653 Juliett: No
2024-10-15 04:39:42.034881 November: No
ChatterBot Yankee reevaluating
ChatterBot Yankee reevaluating
2024-10-15 04:39:42.044104 Yankee: We should replace Sierra with Charlie
ChatterBot November reevaluating
2024-10-15 04:39:42.050940 Juliett: No
2024-10-15 04:39:42.051204 November: No
ChatterBot Yankee reevaluating
ChatterBot November reevaluating
ChatterBot Yankee reevaluating
2024-10-15 04:39:42.060770 Charlie: Sierra, Alpha, Whiskey and Quebec, sending you 3
2024-10-15 04:39:42.061713 Romeo: Sierra, sending you 2
2024-10-15 04:39:42.062768 Delta: Sierra, Romeo, Alpha, Whiskey and Quebec, sending you 3
2024-10-15 04:39:42.064498 Alpha: Sierra, Charlie, Romeo, Delta and Quebec, sending you 3
2024-10-15 04:39:42.065780 Charlie: Romeo and Delta, sending you 4
2024-10-15 04:39:42.067156 Romeo: Charlie, sending you 5
2024-10-15 04:39:42.068833 Delta: Charlie, sending you 4
2024-10-15 04:39:42.069676 Alpha: Whiskey, sending you 4
2024-10-15 04:39:42.070552 Juliett: Yankee, sending you 11
2024-10-15 04:39:42.071006 Sierra: Charlie, Delta, Alpha and Whiskey, sending you 3
2024-10-15 04:39:42.072414 Quebec: Same as last round
2024-10-15 04:39:42.073386 Whiskey: Sierra, Charlie, Romeo, Delta and Quebec, sending you 3
2024-10-15 04:39:42.074291 Romeo: Delta, Alpha, Whiskey and Quebec, sending you 3
2024-10-15 04:39:42.075787 Yankee: Romeo we want you to join our group
2024-10-15 04:39:42.079121 Romeo: No
ChatterBot Yankee reevaluating
ChatterBot November reevaluating
2024-10-15 04:39:42.087094 November: We should add Alpha
ChatterBot Yankee reevaluating
2024-10-15 04:39:42.093768 Juliett: No
2024-10-15 04:39:42.099258 Yankee: No
ChatterBot Yankee reevaluating
ChatterBot November reevaluating
ChatterBot November reevaluating
2024-10-15 04:39:42.117006 Juliett: November, sending you 7
2024-10-15 04:39:42.117864 Sierra: Romeo, sending you 2
2024-10-15 04:39:42.119969 Whiskey: Alpha, sending you 4
2024-10-15 04:39:42.124682 Sierra: Quebec, sending you 4
2024-10-15 04:39:42.144667 November: Yankee, sending you 9
2024-10-15 04:39:42.149683 November: Juliett, sending you 8
2024-10-15 04:39:42.154664 Yankee: November, sending you 8
2024-10-15 04:39:42.158667 Yankee: Juliett, sending you 11
chatterbot Quebec submitting transactions
chatterbot Charlie submitting transactions
chatterbot Yankee submitting transactions
chatterbot Whiskey submitting transactions
chatterbot November submitting transactions
chatterbot Sierra submitting transactions
chatterbot Delta submitting transactions
chatterbot Alpha submitting transactions
chatterbot Juliett submitting transactions
