ChatterBot India round 1
ChatterBot Alpha round 1
ChatterBot Victor round 1
ChatterBot Oscar round 1
ChatterBot Zulu round 1
ChatterBot Romeo round 1
ChatterBot Yankee round 1
ChatterBot Charlie round 1
ChatterBot November round 1
ChatterBot Bravo round 1
randomSelections Victor: {Victor, Oscar, India, Romeo, Yankee, Bravo} 
2024-10-15 04:39:27.384272 Victor: Friends?
ChatterBot Oscar reevaluating
ChatterBot India reevaluating
ChatterBot Romeo reevaluating
ChatterBot Yankee reevaluating
ChatterBot Bravo reevaluating
2024-10-15 04:39:27.467810 Oscar: Yes
2024-10-15 04:39:27.468015 India: Yes
2024-10-15 04:39:27.468127 Romeo: Yes
2024-10-15 04:39:27.468259 Yankee: Yes
2024-10-15 04:39:27.468376 Bravo: Yes
ChatterBot India reevaluating
ChatterBot Romeo reevaluating
ChatterBot Yankee reevaluating
ChatterBot Bravo reevaluating
ChatterBot Oscar reevaluating
ChatterBot Romeo reevaluating
ChatterBot Yankee reevaluating
ChatterBot Bravo reevaluating
ChatterBot Oscar reevaluating
ChatterBot India reevaluating
ChatterBot Yankee reevaluating
ChatterBot Bravo reevaluating
ChatterBot Oscar reevaluating
ChatterBot India reevaluating
ChatterBot Romeo reevaluating
ChatterBot Bravo reevaluating
ChatterBot Oscar reevaluating
ChatterBot India reevaluating
ChatterBot Romeo reevaluating
ChatterBot Yankee reevaluating
randomSelections Zulu: {Zulu, India, Bravo, Romeo, Oscar} 
2024-10-15 04:39:27.530520 Zulu: Can we be friends?
ChatterBot India reevaluating
ChatterBot Bravo reevaluating
ChatterBot Romeo reevaluating
ChatterBot Oscar reevaluating
2024-10-15 04:39:27.537667 India: No
2024-10-15 04:39:27.537853 Bravo: No
2024-10-15 04:39:27.538062 Romeo: No
2024-10-15 04:39:27.538330 Oscar: No
ChatterBot Bravo reevaluating
ChatterBot Romeo reevaluating
ChatterBot Oscar reevaluating
ChatterBot India reevaluating
ChatterBot Romeo reevaluating
ChatterBot Oscar reevaluating
ChatterBot India reevaluating
ChatterBot Bravo reevaluating
ChatterBot Oscar reevaluating
ChatterBot India reevaluating
ChatterBot Bravo reevaluating
ChatterBot Romeo reevaluating
randomSelections Alpha: {Alpha, Oscar, Zulu, November, Victor} 
2024-10-15 04:39:27.570333 Alpha: We would work well together
ChatterBot Oscar reevaluating
ChatterBot November reevaluating
2024-10-15 04:39:27.576428 Oscar: No
2024-10-15 04:39:27.577500 Zulu: No
2024-10-15 04:39:27.577719 November: Yes
2024-10-15 04:39:27.577957 Victor: No
ChatterBot November reevaluating
ChatterBot Oscar reevaluating
ChatterBot November reevaluating
ChatterBot Oscar reevaluating
ChatterBot Oscar reevaluating
ChatterBot November reevaluating
randomSelections Charlie: {Charlie, Zulu, Oscar, Romeo, Yankee, India, Bravo, Alpha} 
2024-10-15 04:39:27.610401 Charlie: Can we be friends?
ChatterBot Oscar reevaluating
ChatterBot Romeo reevaluating
ChatterBot Yankee reevaluating
ChatterBot India reevaluating
ChatterBot Bravo reevaluating
2024-10-15 04:39:27.628011 Zulu: No
2024-10-15 04:39:27.629729 Oscar: No
2024-10-15 04:39:27.630247 Romeo: No
2024-10-15 04:39:27.630656 Yankee: No
2024-10-15 04:39:27.631988 India: No
2024-10-15 04:39:27.632432 Bravo: No
2024-10-15 04:39:27.632790 Alpha: No
ChatterBot Oscar reevaluating
ChatterBot Romeo reevaluating
ChatterBot Yankee reevaluating
ChatterBot India reevaluating
ChatterBot Bravo reevaluating
ChatterBot Romeo reevaluating
ChatterBot Yankee reevaluating
ChatterBot India reevaluating
ChatterBot Bravo reevaluating
ChatterBot Oscar reevaluating
ChatterBot Yankee reevaluating
ChatterBot India reevaluating
ChatterBot Bravo reevaluating
ChatterBot Oscar reevaluating
ChatterBot Romeo reevaluating
ChatterBot India reevaluating
ChatterBot Bravo reevaluating
ChatterBot Oscar reevaluating
ChatterBot Romeo reevaluating
ChatterBot Yankee reevaluating
ChatterBot Bravo reevaluating
ChatterBot Oscar reevaluating
ChatterBot Romeo reevaluating
ChatterBot Yankee reevaluating
ChatterBot India reevaluating
ChatterBot Oscar reevaluating
ChatterBot Romeo reevaluating
ChatterBot Yankee reevaluating
ChatterBot India reevaluating
ChatterBot Bravo reevaluating
2024-10-15 04:39:27.771572 Zulu: India, sending you 6
2024-10-15 04:39:27.772756 Oscar: India, sending you 6
2024-10-15 04:39:27.773243 Charlie: India, Romeo and Bravo, sending you 1
2024-10-15 04:39:27.774359 Victor: Oscar and Yankee, sending you 1
2024-10-15 04:39:27.774969 Bravo: India, sending you 8
2024-10-15 04:39:27.855121 Charlie: Alpha, Zulu and Yankee, sending you 3
2024-10-15 04:39:27.857082 Zulu: Oscar and Bravo, sending you 5
2024-10-15 04:39:27.858485 Oscar: Victor, sending you 2
2024-10-15 04:39:27.859886 Alpha: Victor and Zulu, sending you 3
2024-10-15 04:39:27.860519 Yankee: India and Oscar, sending you 1
2024-10-15 04:39:27.861874 India: Victor, sending you 2
2024-10-15 04:39:27.863190 Bravo: Victor, sending you 2
2024-10-15 04:39:27.863826 November: Alpha and Zulu, sending you 6
2024-10-15 04:39:27.865076 Romeo: India, sending you 6
2024-10-15 04:39:27.866517 Charlie: Oscar, sending you 2
2024-10-15 04:39:27.868020 Zulu: Romeo, sending you 2
2024-10-15 04:39:27.868654 Oscar: Romeo, sending you 3
2024-10-15 04:39:27.869781 Alpha: Oscar, sending you 5
2024-10-15 04:39:27.871151 Yankee: Victor and Romeo, sending you 3
2024-10-15 04:39:27.876235 India: Romeo and Bravo, sending you 5
2024-10-15 04:39:27.879113 Bravo: Romeo, sending you 4
2024-10-15 04:39:27.881685 November: Victor and Oscar, sending you 4
2024-10-15 04:39:27.884781 Romeo: Victor, sending you 1
2024-10-15 04:39:27.887950 Oscar: Yankee and Bravo, sending you 4
2024-10-15 04:39:27.892355 Alpha: November, sending you 4
2024-10-15 04:39:27.894100 Yankee: Bravo, sending you 2
2024-10-15 04:39:27.895850 India: Yankee, sending you 3
2024-10-15 04:39:27.897409 Bravo: Yankee, sending you 5
2024-10-15 04:39:27.898191 Romeo: Oscar, sending you 5
2024-10-15 04:39:27.906720 Romeo: Yankee, sending you 3
2024-10-15 04:39:27.913139 Romeo: Bravo, sending you 4
chatterbot Zulu submitting transactions
chatterbot Bravo submitting transactions
chatterbot Victor submitting transactions
chatterbot November submitting transactions
chatterbot India submitting transactions
chatterbot Romeo submitting transactions
chatterbot Yankee submitting transactions
chatterbot Charlie submitting transactions
chatterbot Alpha submitting transactions
chatterbot Oscar submitting transactions
ChatterBot India round 2
ChatterBot Alpha round 2
ChatterBot Victor round 2
ChatterBot Oscar round 2
ChatterBot Zulu round 2
ChatterBot Romeo round 2
ChatterBot Yankee round 2
ChatterBot Charlie round 2
ChatterBot November round 2
ChatterBot Bravo round 2
2024-10-15 04:39:29.453924 India: We should replace Victor with Zulu
ChatterBot Oscar reevaluating
ChatterBot Romeo reevaluating
ChatterBot Yankee reevaluating
ChatterBot Bravo reevaluating
2024-10-15 04:39:29.468913 Oscar: No
2024-10-15 04:39:29.469068 Romeo: Yes
2024-10-15 04:39:29.469207 Yankee: Yes
2024-10-15 04:39:29.469884 Bravo: Yes
ChatterBot Romeo reevaluating
ChatterBot Yankee reevaluating
ChatterBot Bravo reevaluating
ChatterBot Oscar reevaluating
ChatterBot Yankee reevaluating
ChatterBot Bravo reevaluating
ChatterBot Oscar reevaluating
ChatterBot Romeo reevaluating
ChatterBot Bravo reevaluating
ChatterBot Oscar reevaluating
ChatterBot Romeo reevaluating
ChatterBot Yankee reevaluating
2024-10-15 04:39:29.565595 Zulu: Friends?
ChatterBot Alpha reevaluating
ChatterBot Victor reevaluating
ChatterBot November reevaluating
2024-10-15 04:39:29.585332 Alpha: Yes
2024-10-15 04:39:29.585546 Victor: No
2024-10-15 04:39:29.585744 November: Yes
ChatterBot Victor reevaluating
ChatterBot November reevaluating
ChatterBot Alpha reevaluating
ChatterBot November reevaluating
ChatterBot Alpha reevaluating
ChatterBot Victor reevaluating
2024-10-15 04:39:29.622173 Victor: We would work well together
ChatterBot Alpha reevaluating
ChatterBot November reevaluating
2024-10-15 04:39:29.633682 Zulu: Yes
2024-10-15 04:39:29.633882 Alpha: Yes
2024-10-15 04:39:29.634003 November: Yes
ChatterBot Alpha reevaluating
ChatterBot Victor reevaluating
ChatterBot November reevaluating
ChatterBot Victor reevaluating
ChatterBot November reevaluating
ChatterBot Alpha reevaluating
ChatterBot Victor reevaluating
2024-10-15 04:39:29.667779 Alpha: Let's form a team
ChatterBot Victor reevaluating
ChatterBot November reevaluating
ChatterBot Charlie reevaluating
2024-10-15 04:39:29.679637 Victor: Yes
2024-10-15 04:39:29.680249 November: No
2024-10-15 04:39:29.680440 Charlie: No
ChatterBot Alpha reevaluating
ChatterBot November reevaluating
ChatterBot Charlie reevaluating
ChatterBot Alpha reevaluating
ChatterBot Victor reevaluating
ChatterBot Charlie reevaluating
ChatterBot Alpha reevaluating
ChatterBot Victor reevaluating
ChatterBot November reevaluating
2024-10-15 04:39:29.792314 India: Zulu we want you to join our group
2024-10-15 04:39:29.797164 Zulu: No
ChatterBot Oscar reevaluating
ChatterBot Romeo reevaluating
ChatterBot Yankee reevaluating
ChatterBot Bravo reevaluating
2024-10-15 04:39:29.817681 Charlie: We should drop Alpha
2024-10-15 04:39:29.835828 Romeo: Yes
2024-10-15 04:39:29.836057 India: Yes
2024-10-15 04:39:29.836192 Oscar: No
2024-10-15 04:39:29.836328 Zulu: No
2024-10-15 04:39:29.836468 Yankee: Yes
2024-10-15 04:39:29.837142 Bravo: Yes
ChatterBot Charlie reevaluating
ChatterBot Charlie reevaluating
ChatterBot Charlie reevaluating
ChatterBot Charlie reevaluating
ChatterBot Charlie reevaluating
ChatterBot Charlie reevaluating
2024-10-15 04:39:29.956226 November: We should drop Oscar
ChatterBot Victor reevaluating
2024-10-15 04:39:29.966967 Zulu: Yes
2024-10-15 04:39:29.967634 Alpha: Yes
2024-10-15 04:39:29.967766 Victor: Yes
ChatterBot Victor reevaluating
ChatterBot Victor reevaluating
2024-10-15 04:39:30.501657 Yankee: India, Oscar, Romeo and Charlie, sending you 3
2024-10-15 04:39:30.503206 Bravo: India, Oscar, Zulu and Romeo, sending you 4
2024-10-15 04:39:30.504427 Romeo: India, sending you 4
2024-10-15 04:39:30.504965 Zulu: Alpha, sending you 6
2024-10-15 04:39:30.505968 India: Oscar, Zulu and Romeo, sending you 3
2024-10-15 04:39:30.506416 Oscar: India, Victor, Yankee and Charlie, sending you 2
2024-10-15 04:39:30.507695 Alpha: Victor, sending you 2
2024-10-15 04:39:30.509236 Yankee: Zulu, sending you 2
2024-10-15 04:39:30.509926 Bravo: Yankee, sending you 2
2024-10-15 04:39:30.511113 Romeo: Oscar, Zulu, Yankee, Charlie and Bravo, sending you 3
2024-10-15 04:39:30.511723 Zulu: Victor, sending you 2
2024-10-15 04:39:30.512582 India: Yankee, sending you 1
2024-10-15 04:39:30.513043 Oscar: Alpha, Zulu, Romeo and November, sending you 3
2024-10-15 04:39:30.513982 Alpha: Charlie, sending you 5
2024-10-15 04:39:30.514338 Charlie: Alpha and Victor, sending you 5
2024-10-15 04:39:30.515379 November: Alpha, sending you 14
2024-10-15 04:39:30.517583 Yankee: Bravo, sending you 5
2024-10-15 04:39:30.518124 Bravo: Charlie, sending you 1
2024-10-15 04:39:30.519076 Zulu: November, sending you 10
2024-10-15 04:39:30.519334 India: Bravo, sending you 5
2024-10-15 04:39:30.519632 Alpha: November, sending you 8
2024-10-15 04:39:30.519852 Charlie: November, sending you 4
2024-10-15 04:39:30.520696 November: Victor and Zulu, sending you 3
2024-10-15 04:39:30.626147 Victor: Alpha and November, sending you 1
chatterbot Oscar submitting transactions
chatterbot Victor submitting transactions
chatterbot Zulu submitting transactions
chatterbot Romeo submitting transactions
chatterbot India submitting transactions
chatterbot Charlie submitting transactions
chatterbot Yankee submitting transactions
chatterbot Alpha submitting transactions
chatterbot November submitting transactions
chatterbot Bravo submitting transactions
ChatterBot India round 3
ChatterBot Alpha round 3
ChatterBot Victor round 3
ChatterBot Oscar round 3
ChatterBot Zulu round 3
ChatterBot Romeo round 3
2024-10-15 04:39:31.746367 Alpha: We should replace Victor with Zulu
ChatterBot Charlie reevaluating
2024-10-15 04:39:31.753852 Charlie: Yes
2024-10-15 04:39:31.754768 November: No
ChatterBot Charlie reevaluating
ChatterBot Yankee round 3
ChatterBot Charlie round 3
ChatterBot November round 3
ChatterBot Bravo round 3
2024-10-15 04:39:31.779663 Victor: We should add Charlie
ChatterBot Zulu reevaluating
ChatterBot November reevaluating
2024-10-15 04:39:31.792685 Zulu: Yes
2024-10-15 04:39:31.792946 Alpha: Yes
2024-10-15 04:39:31.793094 November: Yes
ChatterBot November reevaluating
ChatterBot Zulu reevaluating
ChatterBot November reevaluating
ChatterBot Zulu reevaluating
2024-10-15 04:39:31.846417 Alpha: Zulu we want you to join our group
ChatterBot Zulu reevaluating
2024-10-15 04:39:31.851566 Zulu: Yes
ChatterBot Charlie reevaluating
ChatterBot November reevaluating
2024-10-15 04:39:31.880103 India: We should drop Zulu
ChatterBot Romeo reevaluating
2024-10-15 04:39:31.896062 Oscar: No
2024-10-15 04:39:31.896955 Romeo: Yes
2024-10-15 04:39:31.897137 Yankee: No
2024-10-15 04:39:31.897253 Bravo: No
ChatterBot India reevaluating
ChatterBot Romeo reevaluating
ChatterBot Yankee reevaluating
ChatterBot India reevaluating
ChatterBot Yankee reevaluating
ChatterBot India reevaluating
ChatterBot Romeo reevaluating
ChatterBot India reevaluating
ChatterBot Romeo reevaluating
ChatterBot Yankee reevaluating
2024-10-15 04:39:31.971079 Victor: Charlie we want you to join our group
ChatterBot Charlie reevaluating
2024-10-15 04:39:31.976389 Charlie: No
ChatterBot Zulu reevaluating
ChatterBot November reevaluating
2024-10-15 04:39:31.994847 Oscar: We should drop Victor
ChatterBot India reevaluating
ChatterBot Romeo reevaluating
ChatterBot Yankee reevaluating
ChatterBot Zulu reevaluating
ChatterBot Charlie reevaluating
2024-10-15 04:39:32.027184 India: Yes
2024-10-15 04:39:32.027914 Romeo: Yes
2024-10-15 04:39:32.028029 Yankee: Yes
2024-10-15 04:39:32.028135 Bravo: Yes
2024-10-15 04:39:32.028228 Alpha: Yes
2024-10-15 04:39:32.028362 Zulu: No
2024-10-15 04:39:32.028472 Charlie: Yes
2024-10-15 04:39:32.028572 November: No
ChatterBot Romeo reevaluating
ChatterBot Yankee reevaluating
ChatterBot Zulu reevaluating
ChatterBot Charlie reevaluating
ChatterBot India reevaluating
ChatterBot Yankee reevaluating
ChatterBot Zulu reevaluating
ChatterBot Charlie reevaluating
ChatterBot India reevaluating
ChatterBot Romeo reevaluating
ChatterBot Zulu reevaluating
ChatterBot Charlie reevaluating
ChatterBot India reevaluating
ChatterBot Romeo reevaluating
ChatterBot Yankee reevaluating
ChatterBot Zulu reevaluating
ChatterBot Charlie reevaluating
ChatterBot India reevaluating
ChatterBot Romeo reevaluating
ChatterBot Yankee reevaluating
ChatterBot Zulu reevaluating
ChatterBot Charlie reevaluating
ChatterBot India reevaluating
ChatterBot Romeo reevaluating
ChatterBot Yankee reevaluating
ChatterBot Charlie reevaluating
ChatterBot India reevaluating
ChatterBot Romeo reevaluating
ChatterBot Yankee reevaluating
ChatterBot Zulu reevaluating
ChatterBot India reevaluating
ChatterBot Romeo reevaluating
ChatterBot Yankee reevaluating
ChatterBot Zulu reevaluating
ChatterBot Charlie reevaluating
2024-10-15 04:39:32.370740 November: Charlie we want you to join our group
2024-10-15 04:39:32.375448 Charlie: No
ChatterBot Zulu reevaluating
2024-10-15 04:39:32.433845 Victor: Charlie and November, sending you 1
2024-10-15 04:39:32.435180 Bravo: India, sending you 6
2024-10-15 04:39:32.435705 Romeo: India, Oscar, Yankee and Bravo, sending you 4
2024-10-15 04:39:32.436220 Yankee: India, sending you 4
2024-10-15 04:39:32.437188 Alpha: Zulu and Charlie, sending you 4
2024-10-15 04:39:32.437695 Oscar: India, Alpha, Zulu, Charlie and November, sending you 2
chatterbot Bravo submitting transactions
2024-10-15 04:39:32.439 Romeo: Zulu, sending you 3
2024-10-15 04:39:32.459061 Bravo: Oscar, sending you 2
2024-10-15 04:39:32.460132 Alpha: November, sending you 7
2024-10-15 04:39:32.460547 Yankee: Oscar, Romeo and Bravo, sending you 5
2024-10-15 04:39:32.461723 Charlie: India, Zulu and November, sending you 1
2024-10-15 04:39:32.462422 India: Oscar and Romeo, sending you 3
2024-10-15 04:39:32.463657 November: Alpha and Zulu, sending you 7
2024-10-15 04:39:32.464080 Oscar: Romeo, sending you 4
2024-10-15 04:39:32.465529 Bravo: Zulu, sending you 3
2024-10-15 04:39:32.471854 Charlie: Alpha, sending you 3
2024-10-15 04:39:32.473275 India: Zulu and Yankee, sending you 2
2024-10-15 04:39:32.474533 Oscar: Yankee and Bravo, sending you 3
2024-10-15 04:39:32.475221 November: Victor, sending you 2
2024-10-15 04:39:32.475779 Bravo: Romeo and Yankee, sending you 4
2024-10-15 04:39:32.476870 Charlie: Oscar, Romeo, Yankee and Bravo, sending you 2
2024-10-15 04:39:32.478038 India: Bravo, sending you 5
2024-10-15 04:39:32.482379 November: Charlie, sending you 4
chatterbot Victor submitting transactions
chatterbot Oscar submitting transactions
chatterbot Yankee submitting transactions
chatterbot Alpha submitting transactions
2024-10-15 04:39:32.796277 Zulu: Alpha and Charlie, sending you 3
2024-10-15 04:39:32.802017 Zulu: Oscar, sending you 4
2024-10-15 04:39:32.804684 Zulu: November, sending you 8
chatterbot November submitting transactions
chatterbot Charlie submitting transactions
chatterbot Romeo submitting transactions
chatterbot India submitting transactions
chatterbot Zulu submitting transactions
ChatterBot India round 4
ChatterBot Alpha round 4
ChatterBot Victor round 4
ChatterBot Oscar round 4
ChatterBot Zulu round 4
ChatterBot Romeo round 4
ChatterBot Yankee round 4
ChatterBot Charlie round 4
ChatterBot November round 4
2024-10-15 04:39:33.543326 Romeo: We should replace Zulu with Charlie
ChatterBot India reevaluating
ChatterBot Oscar reevaluating
ChatterBot Bravo reevaluating
2024-10-15 04:39:33.564579 India: No
2024-10-15 04:39:33.564778 Oscar: No
2024-10-15 04:39:33.564952 Yankee: No
2024-10-15 04:39:33.565127 Bravo: Yes
ChatterBot Oscar reevaluating
ChatterBot Bravo reevaluating
ChatterBot India reevaluating
ChatterBot Bravo reevaluating
ChatterBot India reevaluating
ChatterBot Oscar reevaluating
ChatterBot Bravo reevaluating
ChatterBot India reevaluating
ChatterBot Oscar reevaluating
ChatterBot Bravo round 4
2024-10-15 04:39:33.665943 Romeo: Charlie we want you to join our group
2024-10-15 04:39:33.669203 Charlie: No
ChatterBot India reevaluating
ChatterBot Oscar reevaluating
ChatterBot Yankee reevaluating
ChatterBot Bravo reevaluating
2024-10-15 04:39:33.695166 India: We should drop Zulu
ChatterBot Yankee reevaluating
2024-10-15 04:39:33.707482 Oscar: No
2024-10-15 04:39:33.708207 Romeo: Yes
2024-10-15 04:39:33.708390 Yankee: Yes
2024-10-15 04:39:33.708557 Bravo: Yes
ChatterBot Yankee reevaluating
ChatterBot Yankee reevaluating
ChatterBot Oscar reevaluating
ChatterBot Oscar reevaluating
ChatterBot Yankee reevaluating
2024-10-15 04:39:33.757673 Zulu: Alpha, sending you 6
2024-10-15 04:39:33.758166 Romeo: India, Oscar, Yankee and Bravo, sending you 4
2024-10-15 04:39:33.759321 November: Alpha and Zulu, sending you 7
2024-10-15 04:39:33.759750 Charlie: Alpha, sending you 6
2024-10-15 04:39:33.760056 Alpha: Zulu and Charlie, sending you 4
2024-10-15 04:39:33.760370 Victor: November, sending you 2
2024-10-15 04:39:33.761191 Zulu: Charlie, sending you 3
2024-10-15 04:39:33.763143 Romeo: Charlie, sending you 3
2024-10-15 04:39:33.763829 November: Victor and Charlie, sending you 3
2024-10-15 04:39:33.764234 Zulu: November, sending you 9
2024-10-15 04:39:33.765163 Charlie: Zulu and November, sending you 4
2024-10-15 04:39:33.765538 Alpha: November, sending you 7
2024-10-15 04:39:33.767681 Bravo: India, sending you 6
2024-10-15 04:39:33.770698 Bravo: Oscar, sending you 3
2024-10-15 04:39:33.776331 Yankee: India, sending you 4
2024-10-15 04:39:33.777041 India: Oscar and Yankee, sending you 3
2024-10-15 04:39:33.777663 Bravo: Romeo, sending you 4
2024-10-15 04:39:33.779667 India: Romeo, sending you 4
2024-10-15 04:39:33.780762 Yankee: Oscar, Romeo and Bravo, sending you 5
2024-10-15 04:39:33.783091 Bravo: Yankee, sending you 5
2024-10-15 04:39:33.783548 Oscar: India, Yankee and Bravo, sending you 4
2024-10-15 04:39:33.784264 India: Bravo, sending you 5
2024-10-15 04:39:33.785667 Bravo: Charlie, sending you 1
2024-10-15 04:39:33.786695 Oscar: Romeo, sending you 5
2024-10-15 04:39:33.791724 Oscar: Charlie, sending you 3
chatterbot Romeo submitting transactions
chatterbot Oscar submitting transactions
chatterbot Bravo submitting transactions
chatterbot Alpha submitting transactions
chatterbot Zulu submitting transactions
chatterbot November submitting transactions
chatterbot India submitting transactions
chatterbot Yankee submitting transactions
chatterbot Victor submitting transactions
chatterbot Charlie submitting transactions
ChatterBot India round 5
ChatterBot Alpha round 5
ChatterBot Victor round 5
ChatterBot Oscar round 5
ChatterBot Zulu round 5
ChatterBot Romeo round 5
ChatterBot Yankee round 5
ChatterBot Charlie round 5
ChatterBot November round 5
ChatterBot Bravo round 5
2024-10-15 04:39:34.962723 Victor: November, sending you 2
2024-10-15 04:39:34.973813 Oscar: India, Yankee and Bravo, sending you 4
2024-10-15 04:39:34.974705 India: Oscar and Yankee, sending you 3
2024-10-15 04:39:34.975309 Charlie: Alpha and November, sending you 5
2024-10-15 04:39:34.975821 Alpha: Zulu and Charlie, sending you 4
2024-10-15 04:39:34.977163 Yankee: India, sending you 4
2024-10-15 04:39:34.977759 November: Alpha and Zulu, sending you 7
2024-10-15 04:39:34.978215 Romeo: India, Yankee and Bravo, sending you 5
2024-10-15 04:39:34.978830 Oscar: Romeo, sending you 5
2024-10-15 04:39:34.980457 India: Romeo, sending you 4
2024-10-15 04:39:34.981029 Charlie: Zulu, sending you 4
2024-10-15 04:39:34.981530 Alpha: November, sending you 7
2024-10-15 04:39:34.981911 Zulu: Alpha, sending you 6
2024-10-15 04:39:34.982297 November: Victor, sending you 2
2024-10-15 04:39:34.983438 Bravo: India, sending you 6
2024-10-15 04:39:34.983955 Yankee: Oscar, Romeo and Bravo, sending you 5
2024-10-15 04:39:34.984436 Romeo: Oscar, sending you 4
2024-10-15 04:39:34.984988 India: Bravo, sending you 5
2024-10-15 04:39:34.985446 Oscar: Charlie, sending you 3
2024-10-15 04:39:34.986742 Zulu: Charlie, sending you 4
2024-10-15 04:39:34.987680 November: Charlie, sending you 4
2024-10-15 04:39:34.988104 Bravo: Oscar and Romeo, sending you 4
2024-10-15 04:39:34.990134 Zulu: November, sending you 8
2024-10-15 04:39:34.992723 Bravo: Yankee, sending you 5
chatterbot Romeo submitting transactions
chatterbot Charlie submitting transactions
chatterbot Alpha submitting transactions
chatterbot Bravo submitting transactions
chatterbot Zulu submitting transactions
chatterbot India submitting transactions
chatterbot Yankee submitting transactions
chatterbot Victor submitting transactions
chatterbot Oscar submitting transactions
chatterbot November submitting transactions
ChatterBot India round 6
ChatterBot Alpha round 6
ChatterBot Victor round 6
ChatterBot Oscar round 6
ChatterBot Zulu round 6
ChatterBot Romeo round 6
ChatterBot Yankee round 6
ChatterBot Charlie round 6
ChatterBot November round 6
ChatterBot Bravo round 6
2024-10-15 04:39:36.219695 Oscar: India, Romeo and Bravo, sending you 4
2024-10-15 04:39:36.220378 India: Oscar and Yankee, sending you 3
2024-10-15 04:39:36.224697 Oscar: Yankee, sending you 5
2024-10-15 04:39:36.225925 India: Romeo, sending you 4
2024-10-15 04:39:36.226424 Romeo: India, Oscar and Yankee, sending you 5
2024-10-15 04:39:36.227895 Charlie: Alpha and November, sending you 5
2024-10-15 04:39:36.228678 Oscar: Charlie, sending you 3
2024-10-15 04:39:36.229443 India: Bravo, sending you 5
2024-10-15 04:39:36.230788 November: Alpha, sending you 6
2024-10-15 04:39:36.231295 Zulu: Alpha, sending you 5
2024-10-15 04:39:36.231704 Charlie: Zulu, sending you 4
2024-10-15 04:39:36.232733 Romeo: Bravo, sending you 4
2024-10-15 04:39:36.233699 November: Victor, sending you 3
2024-10-15 04:39:36.234700 Zulu: Charlie, sending you 4
2024-10-15 04:39:36.235695 Alpha: Zulu, sending you 5
2024-10-15 04:39:36.236685 Yankee: India, sending you 4
2024-10-15 04:39:36.237160 November: Zulu, sending you 7
2024-10-15 04:39:36.237676 Zulu: November, sending you 9
2024-10-15 04:39:36.239682 Victor: Oscar, sending you 2
2024-10-15 04:39:36.240277 Alpha: Charlie, sending you 4
2024-10-15 04:39:36.240708 Yankee: Oscar, Romeo and Bravo, sending you 5
2024-10-15 04:39:36.241705 November: Charlie, sending you 4
2024-10-15 04:39:36.244659 Bravo: India, sending you 6
2024-10-15 04:39:36.245677 Alpha: November, sending you 6
2024-10-15 04:39:36.248678 Bravo: Oscar, sending you 3
2024-10-15 04:39:36.251685 Bravo: Romeo and Yankee, sending you 5
chatterbot India submitting transactions
chatterbot Yankee submitting transactions
chatterbot Victor submitting transactions
chatterbot November submitting transactions
chatterbot Bravo submitting transactions
chatterbot Zulu submitting transactions
chatterbot Oscar submitting transactions
chatterbot Charlie submitting transactions
chatterbot Alpha submitting transactions
chatterbot Romeo submitting transactions
ChatterBot India round 7
ChatterBot Alpha round 7
ChatterBot Victor round 7
ChatterBot Oscar round 7
ChatterBot Zulu round 7
ChatterBot Romeo round 7
ChatterBot Yankee round 7
ChatterBot Charlie round 7
ChatterBot November round 7
ChatterBot Bravo round 7
2024-10-15 04:39:37.519673 Victor: November, sending you 2
2024-10-15 04:39:37.521235 Alpha: Zulu, sending you 5
2024-10-15 04:39:37.522947 Oscar: India, Romeo and Bravo, sending you 4
2024-10-15 04:39:37.523964 Romeo: India, Yankee and Bravo, sending you 4
2024-10-15 04:39:37.525272 Alpha: Charlie, sending you 4
2024-10-15 04:39:37.526707 November: Alpha, sending you 6
2024-10-15 04:39:37.528691 Oscar: Yankee, sending you 5
2024-10-15 04:39:37.530024 Charlie: Alpha and November, sending you 5
2024-10-15 04:39:37.530690 Romeo: Oscar, sending you 2
2024-10-15 04:39:37.532100 Alpha: November, sending you 6
2024-10-15 04:39:37.532733 Yankee: India, sending you 4
2024-10-15 04:39:37.533393 Zulu: Alpha, sending you 6
2024-10-15 04:39:37.534545 November: Victor, sending you 3
2024-10-15 04:39:37.535376 Oscar: Charlie, sending you 3
2024-10-15 04:39:37.536702 Charlie: Zulu, sending you 4
2024-10-15 04:39:37.537265 Yankee: Oscar, Romeo and Bravo, sending you 5
2024-10-15 04:39:37.538676 India: Oscar and Yankee, sending you 3
2024-10-15 04:39:37.539358 November: Zulu, sending you 7
2024-10-15 04:39:37.539821 Zulu: Charlie, sending you 4
2024-10-15 04:39:37.541080 Bravo: India, sending you 6
2024-10-15 04:39:37.542809 India: Romeo, sending you 4
2024-10-15 04:39:37.543712 November: Charlie, sending you 4
2024-10-15 04:39:37.544885 Zulu: November, sending you 8
2024-10-15 04:39:37.545694 Bravo: Oscar and Romeo, sending you 4
2024-10-15 04:39:37.546826 India: Bravo, sending you 5
2024-10-15 04:39:37.552149 Bravo: Yankee, sending you 5
chatterbot Zulu submitting transactions
chatterbot Charlie submitting transactions
chatterbot Bravo submitting transactions
chatterbot Romeo submitting transactions
chatterbot Victor submitting transactions
chatterbot Alpha submitting transactions
chatterbot Oscar submitting transactions
chatterbot India submitting transactions
chatterbot November submitting transactions
chatterbot Yankee submitting transactions
ChatterBot India round 8
ChatterBot Alpha round 8
ChatterBot Victor round 8
ChatterBot Oscar round 8
ChatterBot Zulu round 8
ChatterBot Romeo round 8
ChatterBot Yankee round 8
ChatterBot Charlie round 8
ChatterBot November round 8
ChatterBot Bravo round 8
2024-10-15 04:39:38.810651 Victor: Oscar, sending you 2
2024-10-15 04:39:38.812133 Yankee: India, sending you 4
2024-10-15 04:39:38.812980 Oscar: India, Romeo and Bravo, sending you 4
2024-10-15 04:39:38.814665 Romeo: India, Yankee and Bravo, sending you 5
2024-10-15 04:39:38.815677 India: Oscar and Yankee, sending you 3
2024-10-15 04:39:38.818135 Yankee: Oscar, Romeo and Bravo, sending you 5
2024-10-15 04:39:38.818646 Oscar: Yankee, sending you 5
2024-10-15 04:39:38.819096 Alpha: Zulu, sending you 5
2024-10-15 04:39:38.819478 November: Alpha and Zulu, sending you 4
2024-10-15 04:39:38.819928 India: Romeo, sending you 4
2024-10-15 04:39:38.821533 Romeo: Oscar, sending you 4
2024-10-15 04:39:38.822676 Charlie: Sending you each 4
2024-10-15 04:39:38.823077 November: Victor, sending you 1
2024-10-15 04:39:38.823677 Oscar: Charlie, sending you 3
2024-10-15 04:39:38.824109 Bravo: India, sending you 6
2024-10-15 04:39:38.825020 Alpha: Charlie, sending you 4
2024-10-15 04:39:38.825329 Zulu: Alpha, sending you 5
2024-10-15 04:39:38.825625 India: Bravo, sending you 5
2024-10-15 04:39:38.828190 November: Charlie, sending you 3
2024-10-15 04:39:38.828833 November: I was attacked by Romeo
ChatterBot Victor reevaluating
ChatterBot Alpha reevaluating
ChatterBot Zulu reevaluating
ChatterBot Charlie reevaluating
2024-10-15 04:39:38.841758 November: Ow
2024-10-15 04:39:38.843132 Bravo: Oscar and Romeo, sending you 4
2024-10-15 04:39:38.846674 Bravo: Yankee, sending you 5
2024-10-15 04:39:38.870665 Charlie: Alpha and November, sending you 5
chatterbot India submitting transactions
chatterbot November submitting transactions
chatterbot Yankee submitting transactions
chatterbot Oscar submitting transactions
chatterbot Charlie submitting transactions
chatterbot Alpha submitting transactions
chatterbot Zulu submitting transactions
chatterbot Victor submitting transactions
chatterbot Bravo submitting transactions
chatterbot Romeo submitting transactions
ChatterBot India round 9
ChatterBot Alpha round 9
ChatterBot Victor round 9
ChatterBot Oscar round 9
ChatterBot Zulu round 9
ChatterBot Romeo round 9
ChatterBot Yankee round 9
ChatterBot Charlie round 9
ChatterBot November round 9
ChatterBot Bravo round 9
2024-10-15 04:39:39.941826 Charlie: We should add Victor
ChatterBot Zulu reevaluating
2024-10-15 04:39:39.953876 Alpha: No
2024-10-15 04:39:39.954844 Zulu: Yes
2024-10-15 04:39:39.955089 November: Yes
ChatterBot Zulu reevaluating
ChatterBot Charlie reevaluating
ChatterBot Alpha reevaluating
ChatterBot Zulu reevaluating
ChatterBot Charlie reevaluating
2024-10-15 04:39:40.005131 India: I was attacked by Zulu
ChatterBot Oscar reevaluating
ChatterBot Romeo reevaluating
ChatterBot Yankee reevaluating
ChatterBot Bravo reevaluating
2024-10-15 04:39:40.033369 India: I'm keeping this round to protect myself
2024-10-15 04:39:40.041627 India: Ow
2024-10-15 04:39:40.042275 Charlie: Victor we want you to join our group
2024-10-15 04:39:40.050035 Victor: Yes
ChatterBot Alpha reevaluating
ChatterBot Charlie reevaluating
2024-10-15 04:39:40.074702 Victor: November, sending you 2
2024-10-15 04:39:40.076663 November: Alpha and Zulu, sending you 4
2024-10-15 04:39:40.080680 November: Victor, sending you 1
2024-10-15 04:39:40.082681 Oscar: India, Romeo and Bravo, sending you 4
2024-10-15 04:39:40.085214 November: Charlie, sending you 3
2024-10-15 04:39:40.085914 Oscar: Yankee, sending you 5
2024-10-15 04:39:40.087698 Yankee: India, sending you 4
2024-10-15 04:39:40.088969 Romeo: India and Yankee, sending you 2
2024-10-15 04:39:40.091444 Oscar: Charlie, sending you 3
2024-10-15 04:39:40.092701 Romeo: Oscar and Bravo, sending you 1
2024-10-15 04:39:40.093451 Bravo: India, sending you 6
2024-10-15 04:39:40.094057 Yankee: Oscar, Romeo and Bravo, sending you 5
2024-10-15 04:39:40.095692 Charlie: Alpha, Victor, Zulu and November, sending you 3
2024-10-15 04:39:40.097702 Alpha: Victor, sending you 1
2024-10-15 04:39:40.098668 Bravo: Oscar, sending you 3
2024-10-15 04:39:40.101695 Alpha: Zulu and Charlie, sending you 4
2024-10-15 04:39:40.102217 Bravo: Romeo and Yankee, sending you 5
2024-10-15 04:39:40.104660 Alpha: November, sending you 6
chatterbot Victor submitting transactions
chatterbot Charlie submitting transactions
chatterbot Oscar submitting transactions
chatterbot Romeo submitting transactions
chatterbot Zulu submitting transactions
chatterbot November submitting transactions
chatterbot India submitting transactions
chatterbot Bravo submitting transactions
chatterbot Alpha submitting transactions
chatterbot Yankee submitting transactions
ChatterBot India round 10
ChatterBot Alpha round 10
ChatterBot Victor round 10
ChatterBot Oscar round 10
ChatterBot Zulu round 10
ChatterBot Romeo round 10
ChatterBot Yankee round 10
ChatterBot Charlie round 10
ChatterBot November round 10
ChatterBot Bravo round 10
2024-10-15 04:39:41.320715 Romeo: I was attacked by Charlie and November
ChatterBot India reevaluating
ChatterBot Oscar reevaluating
ChatterBot Yankee reevaluating
ChatterBot Bravo reevaluating
2024-10-15 04:39:41.344996 Romeo: I'm keeping this round to protect myself
2024-10-15 04:39:41.347696 Romeo: Ow
2024-10-15 04:39:41.349256 Yankee: We should add Victor
ChatterBot India reevaluating
ChatterBot Oscar reevaluating
ChatterBot Bravo reevaluating
2024-10-15 04:39:41.373089 India: No
2024-10-15 04:39:41.373311 Oscar: No
2024-10-15 04:39:41.373526 Romeo: No
2024-10-15 04:39:41.373728 Bravo: No
ChatterBot Oscar reevaluating
ChatterBot Yankee reevaluating
ChatterBot Bravo reevaluating
ChatterBot India reevaluating
ChatterBot Yankee reevaluating
ChatterBot Bravo reevaluating
ChatterBot India reevaluating
ChatterBot Oscar reevaluating
ChatterBot Yankee reevaluating
ChatterBot Bravo reevaluating
ChatterBot India reevaluating
ChatterBot Oscar reevaluating
ChatterBot Yankee reevaluating
2024-10-15 04:39:41.464807 November: Alpha, sending you 5
2024-10-15 04:39:41.466015 Alpha: Victor, sending you 1
2024-10-15 04:39:41.470682 November: Victor, sending you 2
2024-10-15 04:39:41.473 Alpha: Zulu and Charlie, sending you 4
2024-10-15 04:39:41.474719 Charlie: Alpha, Zulu and November, sending you 3
2024-10-15 04:39:41.477664 November: Zulu, sending you 6
2024-10-15 04:39:41.480119 Alpha: November, sending you 6
2024-10-15 04:39:41.481136 Oscar: India, Romeo and Bravo, sending you 4
2024-10-15 04:39:41.483073 Charlie: Victor, sending you 2
2024-10-15 04:39:41.485572 November: Charlie, sending you 4
2024-10-15 04:39:41.487026 Yankee: India, sending you 4
2024-10-15 04:39:41.490070 India: Oscar, Romeo and Yankee, sending you 3
2024-10-15 04:39:41.493068 Oscar: Victor, sending you 3
2024-10-15 04:39:41.494732 Bravo: India, sending you 5
2024-10-15 04:39:41.498061 Yankee: Oscar, Romeo and Bravo, sending you 5
2024-10-15 04:39:41.501208 India: Bravo, sending you 4
2024-10-15 04:39:41.502922 Oscar: Yankee, sending you 5
2024-10-15 04:39:41.505412 Bravo: Oscar and Romeo, sending you 4
2024-10-15 04:39:41.509691 Bravo: Yankee, sending you 6
chatterbot Romeo submitting transactions
chatterbot Victor submitting transactions
chatterbot Alpha submitting transactions
chatterbot Oscar submitting transactions
chatterbot Yankee submitting transactions
chatterbot Charlie submitting transactions
chatterbot India submitting transactions
chatterbot November submitting transactions
chatterbot Zulu submitting transactions
chatterbot Bravo submitting transactions
ChatterBot India round 11
ChatterBot Alpha round 11
ChatterBot Victor round 11
ChatterBot Oscar round 11
ChatterBot Zulu round 11
ChatterBot Romeo round 11
ChatterBot Yankee round 11
ChatterBot Charlie round 11
ChatterBot November round 11
ChatterBot Bravo round 11
2024-10-15 04:39:42.602693 Romeo: I was attacked by Zulu and Charlie
ChatterBot India reevaluating
ChatterBot Oscar reevaluating
ChatterBot Yankee reevaluating
ChatterBot Bravo reevaluating
2024-10-15 04:39:42.617140 Romeo: I'm keeping this round to protect myself
2024-10-15 04:39:42.619477 Romeo: Ow
2024-10-15 04:39:42.620181 Charlie: Alpha and November, sending you 4
2024-10-15 04:39:42.623978 Charlie: Victor and Zulu, sending you 3
2024-10-15 04:39:42.624917 Alpha: Victor, sending you 1
2024-10-15 04:39:42.625597 November: Alpha, sending you 6
2024-10-15 04:39:42.628688 November: Victor, sending you 2
2024-10-15 04:39:42.630296 Alpha: Zulu and Charlie, sending you 4
2024-10-15 04:39:42.632685 November: Zulu, sending you 5
2024-10-15 04:39:42.635671 Alpha: November, sending you 6
2024-10-15 04:39:42.639053 November: Charlie, sending you 4
2024-10-15 04:39:42.639962 Bravo: India, sending you 5
2024-10-15 04:39:42.641158 Yankee: India, sending you 4
2024-10-15 04:39:42.642723 Oscar: India, Romeo and Bravo, sending you 4
2024-10-15 04:39:42.645824 Bravo: Oscar and Romeo, sending you 4
2024-10-15 04:39:42.647023 Yankee: Oscar, Romeo and Bravo, sending you 5
2024-10-15 04:39:42.649082 Oscar: Yankee, sending you 5
2024-10-15 04:39:42.652573 Bravo: Yankee, sending you 6
2024-10-15 04:39:42.653485 Oscar: Charlie, sending you 3
chatterbot Zulu submitting transactions
chatterbot November submitting transactions
chatterbot Romeo submitting transactions
chatterbot India submitting transactions
chatterbot Charlie submitting transactions
chatterbot Alpha submitting transactions
chatterbot Yankee submitting transactions
chatterbot Victor submitting transactions
chatterbot Oscar submitting transactions
chatterbot Bravo submitting transactions
ChatterBot India round 12
ChatterBot Alpha round 12
ChatterBot Victor round 12
ChatterBot Oscar round 12
ChatterBot Zulu round 12
ChatterBot Romeo round 12
ChatterBot Yankee round 12
ChatterBot Charlie round 12
ChatterBot November round 12
ChatterBot Bravo round 12
2024-10-15 04:39:43.799669 Charlie: Alpha, Zulu and November, sending you 4
2024-10-15 04:39:43.803085 Alpha: Victor, sending you 1
2024-10-15 04:39:43.804697 Romeo: I was attacked by Victor
ChatterBot India reevaluating
ChatterBot Oscar reevaluating
ChatterBot Yankee reevaluating
ChatterBot Bravo reevaluating
2024-10-15 04:39:43.822823 Romeo: I'm keeping this round to protect myself
2024-10-15 04:39:43.825406 Romeo: Ow
2024-10-15 04:39:43.826357 Charlie: Victor, sending you 2
2024-10-15 04:39:43.827773 November: Alpha, sending you 7
2024-10-15 04:39:43.828820 Alpha: Zulu and Charlie, sending you 4
2024-10-15 04:39:43.831725 Alpha: November, sending you 6
2024-10-15 04:39:43.833602 Victor: Charlie and November, sending you 1
2024-10-15 04:39:43.834487 November: Victor, sending you 2
2024-10-15 04:39:43.837695 November: Zulu, sending you 5
2024-10-15 04:39:43.842675 November: Charlie, sending you 4
2024-10-15 04:39:43.848696 Oscar: India, Romeo and Bravo, sending you 4
2024-10-15 04:39:43.852971 Oscar: Yankee, sending you 5
2024-10-15 04:39:43.858177 Oscar: Charlie, sending you 3
2024-10-15 04:39:43.858933 Yankee: India and Romeo, sending you 4
2024-10-15 04:39:43.863693 Yankee: Oscar, sending you 5
2024-10-15 04:39:43.868709 Yankee: Bravo, sending you 6
chatterbot Alpha submitting transactions
chatterbot Zulu submitting transactions
chatterbot Charlie submitting transactions
chatterbot Oscar submitting transactions
chatterbot Yankee submitting transactions
chatterbot Romeo submitting transactions
chatterbot Victor submitting transactions
chatterbot November submitting transactions
chatterbot Bravo submitting transactions
chatterbot India submitting transactions
ChatterBot India round 13
ChatterBot Alpha round 13
ChatterBot Victor round 13
ChatterBot Oscar round 13
ChatterBot Zulu round 13
ChatterBot Romeo round 13
ChatterBot Yankee round 13
ChatterBot Charlie round 13
ChatterBot November round 13
ChatterBot Bravo round 13
2024-10-15 04:39:44.904682 Yankee: India and Romeo, sending you 4
2024-10-15 04:39:44.907022 Charlie: Sending you each 2
2024-10-15 04:39:44.910714 Yankee: Oscar, sending you 5
2024-10-15 04:39:44.912702 November: Alpha, sending you 7
2024-10-15 04:39:44.914590 Oscar: India and Romeo, sending you 4
2024-10-15 04:39:44.915697 Yankee: Bravo, sending you 6
2024-10-15 04:39:44.917318 November: Victor, sending you 2
2024-10-15 04:39:44.919016 Victor: Charlie and November, sending you 1
2024-10-15 04:39:44.920442 Oscar: Yankee and Bravo, sending you 5
2024-10-15 04:39:44.921678 Alpha: Victor, sending you 1
2024-10-15 04:39:44.923103 November: Zulu, sending you 5
2024-10-15 04:39:44.924518 Oscar: Charlie, sending you 2
2024-10-15 04:39:44.925700 Alpha: Zulu and Charlie, sending you 4
2024-10-15 04:39:44.927398 November: Charlie, sending you 4
