ChatterBot Lima round 1
ChatterBot Victor round 1
ChatterBot X-ray round 1
ChatterBot Sierra round 1
ChatterBot Kilo round 1
ChatterBot India round 1
ChatterBot Juliett round 1
ChatterBot Uniform round 1
ChatterBot Charlie round 1
ChatterBot Papa round 1
randomSelections Lima: {Lima, Sierra, X-ray, Uniform, Juliett, Charlie} 
2024-10-15 04:39:27.936933 Lima: Can we be friends?
ChatterBot Sierra reevaluating
ChatterBot X-ray reevaluating
ChatterBot Uniform reevaluating
ChatterBot Juliett reevaluating
ChatterBot Charlie reevaluating
2024-10-15 04:39:27.952316 Sierra: Yes
2024-10-15 04:39:27.952535 X-ray: Yes
2024-10-15 04:39:27.952706 Uniform: Yes
2024-10-15 04:39:27.952846 Juliett: Yes
2024-10-15 04:39:27.952972 Charlie: Yes
ChatterBot X-ray reevaluating
ChatterBot Uniform reevaluating
ChatterBot Juliett reevaluating
ChatterBot Charlie reevaluating
ChatterBot Sierra reevaluating
ChatterBot Uniform reevaluating
ChatterBot Juliett reevaluating
ChatterBot Charlie reevaluating
ChatterBot Sierra reevaluating
ChatterBot X-ray reevaluating
ChatterBot Juliett reevaluating
ChatterBot Charlie reevaluating
ChatterBot Sierra reevaluating
ChatterBot X-ray reevaluating
ChatterBot Uniform reevaluating
ChatterBot Charlie reevaluating
ChatterBot Sierra reevaluating
ChatterBot X-ray reevaluating
ChatterBot Uniform reevaluating
ChatterBot Juliett reevaluating
randomSelections Victor: {Victor, India, Kilo, Lima, Juliett, Sierra} 
2024-10-15 04:39:28.013392 Victor: We should group up
ChatterBot India reevaluating
ChatterBot Kilo reevaluating
ChatterBot Juliett reevaluating
ChatterBot Sierra reevaluating
2024-10-15 04:39:28.022141 India: Yes
2024-10-15 04:39:28.022286 Kilo: Yes
2024-10-15 04:39:28.023066 Lima: No
2024-10-15 04:39:28.023213 Juliett: No
2024-10-15 04:39:28.023345 Sierra: No
ChatterBot Kilo reevaluating
ChatterBot Juliett reevaluating
ChatterBot Sierra reevaluating
ChatterBot India reevaluating
ChatterBot Juliett reevaluating
ChatterBot Sierra reevaluating
ChatterBot India reevaluating
ChatterBot Kilo reevaluating
ChatterBot Juliett reevaluating
ChatterBot Sierra reevaluating
ChatterBot India reevaluating
ChatterBot Kilo reevaluating
ChatterBot Sierra reevaluating
ChatterBot India reevaluating
ChatterBot Kilo reevaluating
ChatterBot Juliett reevaluating
randomSelections Papa: {Papa, X-ray, Sierra, Juliett, Uniform, Victor} 
2024-10-15 04:39:28.064291 Papa: We would work well together
ChatterBot X-ray reevaluating
ChatterBot Sierra reevaluating
ChatterBot Juliett reevaluating
ChatterBot Uniform reevaluating
2024-10-15 04:39:28.071147 X-ray: No
2024-10-15 04:39:28.071274 Sierra: No
2024-10-15 04:39:28.071379 Juliett: No
2024-10-15 04:39:28.071472 Uniform: No
2024-10-15 04:39:28.071573 Victor: No
ChatterBot Sierra reevaluating
ChatterBot Juliett reevaluating
ChatterBot Uniform reevaluating
ChatterBot X-ray reevaluating
ChatterBot Juliett reevaluating
ChatterBot Uniform reevaluating
ChatterBot X-ray reevaluating
ChatterBot Sierra reevaluating
ChatterBot Uniform reevaluating
ChatterBot X-ray reevaluating
ChatterBot Sierra reevaluating
ChatterBot Juliett reevaluating
ChatterBot X-ray reevaluating
ChatterBot Sierra reevaluating
ChatterBot Juliett reevaluating
ChatterBot Uniform reevaluating
2024-10-15 04:39:28.242001 Lima: X-ray and Charlie, sending you 4
2024-10-15 04:39:28.242689 Charlie: Lima, X-ray and Uniform, sending you 4
2024-10-15 04:39:28.244676 Lima: Sierra, sending you 2
2024-10-15 04:39:28.246686 Charlie: Sierra, sending you 6
2024-10-15 04:39:28.247676 Victor: Lima, sending you 7
2024-10-15 04:39:28.249667 Lima: Juliett and Uniform, sending you 1
2024-10-15 04:39:28.251673 Charlie: Juliett, sending you 1
2024-10-15 04:39:28.252800 Victor: Sierra, sending you 5
2024-10-15 04:39:28.253441 India: Lima, sending you 6
2024-10-15 04:39:28.254666 Papa: Victor, sending you 2
2024-10-15 04:39:28.255282 Kilo: Lima, sending you 3
2024-10-15 04:39:28.255731 Sierra: Lima, sending you 7
2024-10-15 04:39:28.256876 X-ray: Lima, sending you 3
2024-10-15 04:39:28.257435 Uniform: Lima, sending you 1
2024-10-15 04:39:28.257896 India: Victor, sending you 5
2024-10-15 04:39:28.258917 Victor: Kilo, sending you 4
2024-10-15 04:39:28.259396 Juliett: Lima, sending you 3
2024-10-15 04:39:28.260664 Papa: Sierra, sending you 4
2024-10-15 04:39:28.261292 Kilo: Victor and India, sending you 4
2024-10-15 04:39:28.261779 X-ray: Sierra and Juliett, sending you 2
2024-10-15 04:39:28.262894 Sierra: X-ray and Juliett, sending you 2
2024-10-15 04:39:28.263456 Uniform: X-ray, Sierra and Juliett, sending you 2
2024-10-15 04:39:28.263957 India: Sierra, sending you 3
2024-10-15 04:39:28.264905 Victor: Juliett, sending you 1
chatterbot Lima submitting transactions
2024-10-15 04:39:28.265670 Juliett: X-ray, sending you 4
2024-10-15 04:39:28.266828 Papa: Juliett, sending you 1
2024-10-15 04:39:28.267260 Kilo: Sierra, sending you 1
2024-10-15 04:39:28.267644 X-ray: Uniform and Charlie, sending you 4
2024-10-15 04:39:28.268608 Sierra: Uniform and Charlie, sending you 4
2024-10-15 04:39:28.269167 Uniform: Charlie, sending you 3
2024-10-15 04:39:28.270233 India: Kilo, sending you 2
2024-10-15 04:39:28.270633 Papa: Uniform, sending you 3
2024-10-15 04:39:28.272066 Juliett: Sierra, sending you 1
2024-10-15 04:39:28.272723 Kilo: Juliett, sending you 2
2024-10-15 04:39:28.273857 India: Juliett, sending you 4
2024-10-15 04:39:28.276658 Juliett: Uniform, sending you 6
2024-10-15 04:39:28.279689 Juliett: Charlie, sending you 2
chatterbot Papa submitting transactions
chatterbot Charlie submitting transactions
chatterbot India submitting transactions
chatterbot Sierra submitting transactions
chatterbot Victor submitting transactions
chatterbot Juliett submitting transactions
chatterbot Uniform submitting transactions
chatterbot Kilo submitting transactions
chatterbot X-ray submitting transactions
ChatterBot Lima round 2
ChatterBot Victor round 2
ChatterBot X-ray round 2
ChatterBot Sierra round 2
ChatterBot Kilo round 2
2024-10-15 04:39:30.998537 Lima: Friends?
ChatterBot X-ray reevaluating
ChatterBot Sierra reevaluating
ChatterBot Juliett reevaluating
ChatterBot Uniform reevaluating
ChatterBot Charlie reevaluating
ChatterBot Victor reevaluating
ChatterBot Kilo reevaluating
ChatterBot India reevaluating
2024-10-15 04:39:31.102026 X-ray: No
2024-10-15 04:39:31.102679 Sierra: No
2024-10-15 04:39:31.102798 Juliett: No
2024-10-15 04:39:31.102913 Uniform: No
2024-10-15 04:39:31.103031 Charlie: No
2024-10-15 04:39:31.103164 Victor: No
2024-10-15 04:39:31.103286 Kilo: No
2024-10-15 04:39:31.103408 India: No
ChatterBot Sierra reevaluating
ChatterBot Juliett reevaluating
ChatterBot Uniform reevaluating
ChatterBot Charlie reevaluating
ChatterBot Victor reevaluating
ChatterBot Kilo reevaluating
ChatterBot India reevaluating
ChatterBot X-ray reevaluating
ChatterBot Juliett reevaluating
ChatterBot Uniform reevaluating
ChatterBot Charlie reevaluating
ChatterBot Victor reevaluating
ChatterBot Kilo reevaluating
ChatterBot India reevaluating
ChatterBot X-ray reevaluating
ChatterBot Sierra reevaluating
ChatterBot Uniform reevaluating
ChatterBot Charlie reevaluating
ChatterBot Victor reevaluating
ChatterBot Kilo reevaluating
ChatterBot India reevaluating
ChatterBot X-ray reevaluating
ChatterBot Sierra reevaluating
ChatterBot Juliett reevaluating
ChatterBot Charlie reevaluating
ChatterBot Victor reevaluating
ChatterBot Kilo reevaluating
ChatterBot India reevaluating
ChatterBot X-ray reevaluating
ChatterBot Sierra reevaluating
ChatterBot Juliett reevaluating
ChatterBot Uniform reevaluating
ChatterBot Victor reevaluating
ChatterBot Kilo reevaluating
ChatterBot India reevaluating
ChatterBot X-ray reevaluating
ChatterBot Sierra reevaluating
ChatterBot Juliett reevaluating
ChatterBot Uniform reevaluating
ChatterBot Charlie reevaluating
ChatterBot Kilo reevaluating
ChatterBot India reevaluating
ChatterBot X-ray reevaluating
ChatterBot Sierra reevaluating
ChatterBot Juliett reevaluating
ChatterBot Uniform reevaluating
ChatterBot Charlie reevaluating
ChatterBot Victor reevaluating
ChatterBot India reevaluating
ChatterBot X-ray reevaluating
ChatterBot Sierra reevaluating
ChatterBot Juliett reevaluating
ChatterBot Uniform reevaluating
ChatterBot Charlie reevaluating
ChatterBot Victor reevaluating
ChatterBot Kilo reevaluating
ChatterBot India round 2
ChatterBot Juliett round 2
ChatterBot Uniform round 2
ChatterBot Charlie round 2
ChatterBot Papa round 2
2024-10-15 04:39:32.001568 Juliett: We should add India
ChatterBot Sierra reevaluating
ChatterBot X-ray reevaluating
ChatterBot Charlie reevaluating
2024-10-15 04:39:32.033047 Lima: Yes
2024-10-15 04:39:32.033840 Sierra: No
2024-10-15 04:39:32.034010 X-ray: No
2024-10-15 04:39:32.034178 Uniform: No
2024-10-15 04:39:32.034349 Charlie: No
ChatterBot Sierra reevaluating
ChatterBot X-ray reevaluating
ChatterBot Charlie reevaluating
ChatterBot X-ray reevaluating
ChatterBot Charlie reevaluating
ChatterBot Sierra reevaluating
ChatterBot Charlie reevaluating
ChatterBot Sierra reevaluating
ChatterBot X-ray reevaluating
ChatterBot Charlie reevaluating
ChatterBot Sierra reevaluating
ChatterBot X-ray reevaluating
ChatterBot Juliett reevaluating
2024-10-15 04:39:32.215709 Kilo: We should drop Juliett and Sierra
2024-10-15 04:39:32.233244 Victor: Yes
2024-10-15 04:39:32.233506 India: Yes
2024-10-15 04:39:32.233686 Lima: No
2024-10-15 04:39:32.286524 X-ray: We should drop Uniform
ChatterBot Juliett reevaluating
2024-10-15 04:39:32.310359 Lima: No
2024-10-15 04:39:32.310548 Sierra: No
2024-10-15 04:39:32.310730 Juliett: No
2024-10-15 04:39:32.310884 Charlie: No
ChatterBot Sierra reevaluating
ChatterBot Juliett reevaluating
ChatterBot Juliett reevaluating
ChatterBot Sierra reevaluating
ChatterBot Sierra reevaluating
ChatterBot Juliett reevaluating
2024-10-15 04:39:32.408217 Sierra: We should add Papa
ChatterBot X-ray reevaluating
ChatterBot Juliett reevaluating
2024-10-15 04:39:32.435432 Lima: No
2024-10-15 04:39:32.435623 X-ray: No
2024-10-15 04:39:32.435835 Uniform: No
2024-10-15 04:39:32.436006 Juliett: Yes
2024-10-15 04:39:32.436146 Charlie: No
ChatterBot Sierra reevaluating
ChatterBot X-ray reevaluating
ChatterBot Juliett reevaluating
ChatterBot Sierra reevaluating
ChatterBot Juliett reevaluating
ChatterBot Sierra reevaluating
ChatterBot X-ray reevaluating
ChatterBot Juliett reevaluating
ChatterBot Sierra reevaluating
ChatterBot X-ray reevaluating
ChatterBot Sierra reevaluating
ChatterBot X-ray reevaluating
ChatterBot Juliett reevaluating
2024-10-15 04:39:32.567581 Victor: Kilo, sending you 6
2024-10-15 04:39:32.568540 Lima: Victor and Sierra, sending you 3
2024-10-15 04:39:32.571681 Uniform: Lima, X-ray, Sierra and Charlie, sending you 3
2024-10-15 04:39:32.573298 Victor: India, sending you 7
2024-10-15 04:39:32.573753 Lima: X-ray, Kilo, India, Juliett and Charlie, sending you 2
2024-10-15 04:39:32.575702 Uniform: Juliett, sending you 4
2024-10-15 04:39:32.577696 Victor: Papa, sending you 4
2024-10-15 04:39:32.580653 Charlie: Lima, X-ray, Sierra and Uniform, sending you 4
2024-10-15 04:39:32.584688 Charlie: Juliett, sending you 3
2024-10-15 04:39:32.588094 Kilo: Lima, sending you 2
2024-10-15 04:39:32.588458 Juliett: Lima, Victor, X-ray, Sierra, Kilo, Uniform and Charlie, sending you 2
2024-10-15 04:39:32.588963 Sierra: Lima, X-ray and Uniform, sending you 2
2024-10-15 04:39:32.590731 Kilo: Victor, sending you 4
2024-10-15 04:39:32.592154 Juliett: India, sending you 5
2024-10-15 04:39:32.593976 Sierra: Victor and Charlie, sending you 4
2024-10-15 04:39:32.594483 Kilo: India, sending you 3
2024-10-15 04:39:32.595982 India: Lima and Victor, sending you 5
2024-10-15 04:39:32.597883 Sierra: Kilo and Juliett, sending you 1
2024-10-15 04:39:32.598666 India: Kilo, sending you 10
2024-10-15 04:39:32.599836 X-ray: Lima, sending you 5
2024-10-15 04:39:32.604662 Sierra: India, sending you 3
2024-10-15 04:39:32.605211 X-ray: Sierra, Juliett and Charlie, sending you 4
chatterbot Lima submitting transactions
chatterbot Uniform submitting transactions
chatterbot Juliett submitting transactions
chatterbot Kilo submitting transactions
chatterbot Sierra submitting transactions
chatterbot Victor submitting transactions
chatterbot Charlie submitting transactions
chatterbot Papa submitting transactions
chatterbot X-ray submitting transactions
chatterbot India submitting transactions
ChatterBot Lima round 3
ChatterBot Victor round 3
ChatterBot X-ray round 3
ChatterBot Sierra round 3
ChatterBot Kilo round 3
ChatterBot India round 3
2024-10-15 04:39:33.376261 X-ray: We should add Uniform
ChatterBot Sierra reevaluating
2024-10-15 04:39:33.391208 Lima: Yes
2024-10-15 04:39:33.391383 Sierra: Yes
2024-10-15 04:39:33.391508 Juliett: Yes
2024-10-15 04:39:33.391641 Charlie: Yes
ChatterBot X-ray reevaluating
ChatterBot Sierra reevaluating
ChatterBot X-ray reevaluating
ChatterBot X-ray reevaluating
ChatterBot Sierra reevaluating
ChatterBot X-ray reevaluating
ChatterBot Sierra reevaluating
ChatterBot Juliett round 3
ChatterBot Uniform round 3
2024-10-15 04:39:33.477299 Victor: We would work well together
ChatterBot X-ray reevaluating
ChatterBot Sierra reevaluating
ChatterBot India reevaluating
2024-10-15 04:39:33.517610 Lima: Yes
2024-10-15 04:39:33.517828 X-ray: No
2024-10-15 04:39:33.517975 Sierra: No
2024-10-15 04:39:33.518150 Juliett: Yes
2024-10-15 04:39:33.518872 Uniform: No
2024-10-15 04:39:33.519054 Charlie: No
2024-10-15 04:39:33.519206 Kilo: No
2024-10-15 04:39:33.519396 India: Yes
ChatterBot X-ray reevaluating
ChatterBot Sierra reevaluating
ChatterBot India reevaluating
ChatterBot Sierra reevaluating
ChatterBot India reevaluating
ChatterBot X-ray reevaluating
ChatterBot India reevaluating
ChatterBot X-ray reevaluating
ChatterBot Sierra reevaluating
ChatterBot Kilo reevaluating
ChatterBot India reevaluating
ChatterBot X-ray reevaluating
ChatterBot Sierra reevaluating
ChatterBot Kilo reevaluating
ChatterBot India reevaluating
ChatterBot X-ray reevaluating
ChatterBot Sierra reevaluating
ChatterBot Kilo reevaluating
ChatterBot India reevaluating
ChatterBot X-ray reevaluating
ChatterBot Sierra reevaluating
ChatterBot India reevaluating
ChatterBot X-ray reevaluating
ChatterBot Sierra reevaluating
ChatterBot Charlie reevaluating
ChatterBot Kilo reevaluating
ChatterBot Charlie round 3
ChatterBot Papa round 3
2024-10-15 04:39:33.863433 X-ray: Uniform we want you to join our group
2024-10-15 04:39:33.866586 Uniform: Yes
ChatterBot X-ray reevaluating
2024-10-15 04:39:33.879853 X-ray: We should replace Lima with Uniform
2024-10-15 04:39:33.887324 Sierra: No
2024-10-15 04:39:33.887464 Juliett: No
2024-10-15 04:39:33.887565 Charlie: No
ChatterBot X-ray reevaluating
ChatterBot X-ray reevaluating
ChatterBot X-ray reevaluating
chatterbot Lima submitting transactions
2024-10-15 04:39:33.917671 Kilo: Lima and Juliett, sending you 2
2024-10-15 04:39:33.918910 Sierra: Lima, X-ray and Uniform, sending you 4
2024-10-15 04:39:33.919672 Victor: Lima and Juliett, sending you 2
2024-10-15 04:39:33.920164 Lima: Victor, India, Juliett, Uniform and Charlie, sending you 2
2024-10-15 04:39:33.921660 Sierra: Juliett, sending you 2
2024-10-15 04:39:33.923685 Kilo: Victor and India, sending you 3
2024-10-15 04:39:33.924164 Lima: X-ray and Sierra, sending you 3
2024-10-15 04:39:33.924692 Victor: X-ray and Uniform, sending you 1
2024-10-15 04:39:33.925735 Sierra: Charlie, sending you 5
2024-10-15 04:39:33.926737 Uniform: Lima, sending you 2
2024-10-15 04:39:33.928674 Kilo: X-ray, Sierra and Uniform, sending you 1
2024-10-15 04:39:33.929134 Lima: Kilo, sending you 1
2024-10-15 04:39:33.929545 Victor: Sierra, sending you 3
2024-10-15 04:39:33.930673 Uniform: X-ray and Sierra, sending you 3
2024-10-15 04:39:33.932682 Juliett: Lima, Sierra, Kilo and India, sending you 2
2024-10-15 04:39:33.933196 Victor: Kilo and India, sending you 4
2024-10-15 04:39:33.935669 Uniform: Juliett and Charlie, sending you 4
2024-10-15 04:39:33.936108 Juliett: Victor, sending you 1
2024-10-15 04:39:33.937668 Charlie: Lima, X-ray, Sierra and Uniform, sending you 3
2024-10-15 04:39:33.938240 India: Lima, X-ray, Uniform and Charlie, sending you 2
2024-10-15 04:39:33.940658 Juliett: X-ray and Charlie, sending you 3
2024-10-15 04:39:33.942666 Charlie: Victor, Kilo and Juliett, sending you 2
2024-10-15 04:39:33.943692 India: Victor, Sierra, Kilo and Juliett, sending you 3
2024-10-15 04:39:33.944668 Juliett: Uniform, sending you 4
2024-10-15 04:39:33.946672 X-ray: Sending you each 4
2024-10-15 04:39:33.946962 Charlie: India, sending you 1
chatterbot Kilo submitting transactions
chatterbot Sierra submitting transactions
chatterbot Charlie submitting transactions
chatterbot Juliett submitting transactions
chatterbot India submitting transactions
chatterbot Victor submitting transactions
chatterbot Uniform submitting transactions
chatterbot Papa submitting transactions
chatterbot X-ray submitting transactions
ChatterBot Lima round 4
ChatterBot Victor round 4
ChatterBot X-ray round 4
ChatterBot Sierra round 4
ChatterBot Kilo round 4
ChatterBot India round 4
ChatterBot Juliett round 4
ChatterBot Uniform round 4
2024-10-15 04:39:34.897876 X-ray: We should add Lima
ChatterBot Juliett reevaluating
ChatterBot Uniform reevaluating
2024-10-15 04:39:34.924508 Sierra: Yes
2024-10-15 04:39:34.925303 Juliett: Yes
2024-10-15 04:39:34.926353 Uniform: Yes
2024-10-15 04:39:34.928353 Charlie: Yes
ChatterBot Juliett reevaluating
ChatterBot Uniform reevaluating
ChatterBot Uniform reevaluating
ChatterBot Juliett reevaluating
ChatterBot Juliett reevaluating
ChatterBot Uniform reevaluating
ChatterBot Charlie round 4
ChatterBot Papa round 4
2024-10-15 04:39:35.027125 X-ray: Lima we want you to join our group
2024-10-15 04:39:35.030738 Lima: Yes
ChatterBot Uniform reevaluating
ChatterBot Juliett reevaluating
2024-10-15 04:39:35.053212 Uniform: Victor and India we want you to join our group
2024-10-15 04:39:35.058696 Victor: Yes
2024-10-15 04:39:35.058939 India: Yes
ChatterBot Uniform reevaluating
2024-10-15 04:39:35.112706 Juliett: We should drop Kilo
ChatterBot Uniform reevaluating
ChatterBot Sierra reevaluating
ChatterBot India reevaluating
2024-10-15 04:39:35.140217 Uniform: Yes
2024-10-15 04:39:35.140533 Lima: No
2024-10-15 04:39:35.140768 X-ray: Yes
2024-10-15 04:39:35.141001 Sierra: No
2024-10-15 04:39:35.142055 Charlie: No
2024-10-15 04:39:35.142218 Victor: No
2024-10-15 04:39:35.142351 India: Yes
ChatterBot Sierra reevaluating
ChatterBot India reevaluating
ChatterBot Uniform reevaluating
ChatterBot Sierra reevaluating
ChatterBot India reevaluating
ChatterBot Uniform reevaluating
ChatterBot Sierra reevaluating
ChatterBot India reevaluating
ChatterBot Uniform reevaluating
ChatterBot India reevaluating
ChatterBot Uniform reevaluating
ChatterBot Sierra reevaluating
ChatterBot India reevaluating
ChatterBot Uniform reevaluating
ChatterBot Sierra reevaluating
ChatterBot India reevaluating
ChatterBot Uniform reevaluating
ChatterBot Sierra reevaluating
2024-10-15 04:39:35.273066 Victor: Lima, sending you 3
2024-10-15 04:39:35.275709 Victor: X-ray and Charlie, sending you 1
2024-10-15 04:39:35.276748 X-ray: Lima, Sierra, Juliett and Charlie, sending you 4
2024-10-15 04:39:35.277693 Kilo: Lima, Juliett and Charlie, sending you 2
2024-10-15 04:39:35.278485 Lima: Victor, X-ray, Kilo, India and Juliett, sending you 2
2024-10-15 04:39:35.281123 Victor: Sierra and Juliett, sending you 2
2024-10-15 04:39:35.282088 Kilo: Victor and India, sending you 3
2024-10-15 04:39:35.282859 X-ray: Uniform, sending you 3
2024-10-15 04:39:35.283470 Lima: Sierra and Charlie, sending you 3
2024-10-15 04:39:35.285698 Victor: Kilo and India, sending you 4
2024-10-15 04:39:35.286674 Kilo: X-ray and Sierra, sending you 1
2024-10-15 04:39:35.287713 Lima: Uniform, sending you 1
2024-10-15 04:39:35.288473 Charlie: Lima, X-ray, Sierra and Uniform, sending you 3
2024-10-15 04:39:35.292735 Charlie: Victor, India and Juliett, sending you 2
2024-10-15 04:39:35.294738 Juliett: Lima, India and Charlie, sending you 3
2024-10-15 04:39:35.296706 Charlie: Kilo, sending you 1
2024-10-15 04:39:35.299710 Juliett: X-ray and Uniform, sending you 4
2024-10-15 04:39:35.304688 India: Lima, Sierra and Juliett, sending you 3
2024-10-15 04:39:35.305365 Juliett: Sierra, sending you 2
2024-10-15 04:39:35.306680 Uniform: Lima and India, sending you 2
2024-10-15 04:39:35.309697 India: Victor, sending you 5
2024-10-15 04:39:35.310281 Uniform: Victor, sending you 1
2024-10-15 04:39:35.313704 India: X-ray, Uniform and Charlie, sending you 2
2024-10-15 04:39:35.314680 Uniform: X-ray, Sierra, Juliett and Charlie, sending you 3
chatterbot Victor submitting transactions
chatterbot Juliett submitting transactions
chatterbot X-ray submitting transactions
chatterbot Sierra submitting transactions
chatterbot Kilo submitting transactions
chatterbot Papa submitting transactions
chatterbot Charlie submitting transactions
chatterbot India submitting transactions
chatterbot Uniform submitting transactions
chatterbot Lima submitting transactions
ChatterBot Lima round 5
ChatterBot Victor round 5
ChatterBot X-ray round 5
ChatterBot Sierra round 5
ChatterBot Kilo round 5
ChatterBot India round 5
ChatterBot Juliett round 5
ChatterBot Uniform round 5
ChatterBot Charlie round 5
ChatterBot Papa round 5
2024-10-15 04:39:36.209799 Kilo: Lima and India, sending you 3
2024-10-15 04:39:36.212682 India: Lima, Sierra, Juliett, Uniform and Charlie, sending you 3
2024-10-15 04:39:36.213192 Sierra: Lima, X-ray, Uniform and Charlie, sending you 4
2024-10-15 04:39:36.213743 Kilo: Victor, sending you 4
2024-10-15 04:39:36.215131 Uniform: Lima and India, sending you 2
2024-10-15 04:39:36.215971 Victor: Lima and Kilo, sending you 3
2024-10-15 04:39:36.217454 Juliett: Lima, India and Uniform, sending you 3
2024-10-15 04:39:36.218781 India: Victor, sending you 4
2024-10-15 04:39:36.219295 Sierra: Juliett, sending you 3
2024-10-15 04:39:36.219908 Kilo: X-ray and Sierra, sending you 1
2024-10-15 04:39:36.221470 X-ray: Lima, Sierra, Juliett and Charlie, sending you 4
2024-10-15 04:39:36.222117 Uniform: Victor, sending you 1
2024-10-15 04:39:36.222691 Victor: X-ray, Juliett and Uniform, sending you 1
2024-10-15 04:39:36.224107 Charlie: Lima, X-ray, Sierra and Uniform, sending you 3
2024-10-15 04:39:36.224870 Juliett: Victor, Sierra and Charlie, sending you 2
2024-10-15 04:39:36.226126 India: X-ray, sending you 1
2024-10-15 04:39:36.226719 Lima: Victor, X-ray, Kilo, India, Juliett and Uniform, sending you 2
2024-10-15 04:39:36.228122 Kilo: Juliett and Charlie, sending you 2
2024-10-15 04:39:36.228881 X-ray: Uniform, sending you 3
2024-10-15 04:39:36.230305 Uniform: X-ray, Sierra, Juliett and Charlie, sending you 3
2024-10-15 04:39:36.231331 Victor: Sierra and Charlie, sending you 2
2024-10-15 04:39:36.232731 Juliett: X-ray, sending you 4
2024-10-15 04:39:36.233448 Charlie: Victor, sending you 1
2024-10-15 04:39:36.234683 Lima: Sierra and Charlie, sending you 3
2024-10-15 04:39:36.237698 Victor: India, sending you 4
2024-10-15 04:39:36.239693 Charlie: Kilo, India and Juliett, sending you 2
chatterbot Uniform submitting transactions
chatterbot X-ray submitting transactions
chatterbot Sierra submitting transactions
chatterbot Juliett submitting transactions
chatterbot Victor submitting transactions
chatterbot Charlie submitting transactions
chatterbot Papa submitting transactions
chatterbot Lima submitting transactions
chatterbot India submitting transactions
chatterbot Kilo submitting transactions
ChatterBot Lima round 6
ChatterBot Victor round 6
ChatterBot X-ray round 6
ChatterBot Sierra round 6
ChatterBot Kilo round 6
ChatterBot India round 6
ChatterBot Juliett round 6
ChatterBot Uniform round 6
ChatterBot Charlie round 6
ChatterBot Papa round 6
2024-10-15 04:39:37.377876 X-ray: We should add Victor and India
ChatterBot Sierra reevaluating
2024-10-15 04:39:37.398755 Lima: Yes
2024-10-15 04:39:37.398995 Sierra: Yes
2024-10-15 04:39:37.399233 Uniform: Yes
2024-10-15 04:39:37.399493 Juliett: Yes
2024-10-15 04:39:37.399690 Charlie: Yes
ChatterBot Sierra reevaluating
ChatterBot Sierra reevaluating
ChatterBot Sierra reevaluating
ChatterBot Sierra reevaluating
2024-10-15 04:39:37.551002 X-ray: Victor and India we want you to join our group
2024-10-15 04:39:37.559009 Victor: Yes
2024-10-15 04:39:37.559175 India: Yes
ChatterBot Sierra reevaluating
ChatterBot Sierra reevaluating
2024-10-15 04:39:37.621776 Kilo: Lima and India, sending you 3
2024-10-15 04:39:37.622773 Sierra: Victor and India we want you to join our group
2024-10-15 04:39:37.636395 Victor: Yes
2024-10-15 04:39:37.636684 India: Yes
2024-10-15 04:39:37.695257 Kilo: Victor, sending you 4
2024-10-15 04:39:37.697684 Juliett: Lima, Sierra, India and Uniform, sending you 3
2024-10-15 04:39:37.698337 Victor: Lima and Kilo, sending you 3
2024-10-15 04:39:37.699943 Charlie: Lima, X-ray, Sierra and Uniform, sending you 3
2024-10-15 04:39:37.700622 Lima: Victor, X-ray, Kilo, India, Juliett, Uniform and Charlie, sending you 2
2024-10-15 04:39:37.701313 X-ray: Lima, Sierra, Juliett, Uniform and Charlie, sending you 3
2024-10-15 04:39:37.702535 Uniform: Lima and India, sending you 2
2024-10-15 04:39:37.703653 Kilo: X-ray, Sierra and Uniform, sending you 1
2024-10-15 04:39:37.704496 India: Lima, Victor, Sierra, Juliett, Uniform and Charlie, sending you 3
2024-10-15 04:39:37.706203 Juliett: Victor, sending you 1
2024-10-15 04:39:37.706803 Victor: Sierra, Juliett and Charlie, sending you 2
2024-10-15 04:39:37.707557 Charlie: Victor, sending you 1
2024-10-15 04:39:37.708220 Lima: Sierra, sending you 3
2024-10-15 04:39:37.709679 X-ray: Victor and India, sending you 2
2024-10-15 04:39:37.710204 Uniform: Victor, sending you 1
2024-10-15 04:39:37.710951 Kilo: Juliett and Charlie, sending you 2
2024-10-15 04:39:37.712684 Juliett: X-ray, sending you 4
2024-10-15 04:39:37.713749 Victor: India, sending you 4
2024-10-15 04:39:37.715186 India: X-ray, sending you 2
2024-10-15 04:39:37.715754 Charlie: Kilo, India and Juliett, sending you 2
2024-10-15 04:39:37.717494 Uniform: X-ray, Sierra, Juliett and Charlie, sending you 3
2024-10-15 04:39:37.718375 Juliett: Charlie, sending you 2
2024-10-15 04:39:37.718954 Victor: Uniform, sending you 1
2024-10-15 04:39:37.720234 Sierra: Lima, Uniform and Charlie, sending you 3
chatterbot Kilo submitting transactions
2024-10-15 04:39:37.724700 Sierra: Victor, India and Juliett, sending you 2
2024-10-15 04:39:37.727738 Sierra: X-ray, sending you 4
chatterbot Victor submitting transactions
chatterbot X-ray submitting transactions
chatterbot Sierra submitting transactions
chatterbot Juliett submitting transactions
chatterbot Uniform submitting transactions
chatterbot Charlie submitting transactions
chatterbot Papa submitting transactions
chatterbot Lima submitting transactions
chatterbot India submitting transactions
ChatterBot Lima round 7
ChatterBot Victor round 7
ChatterBot X-ray round 7
ChatterBot Sierra round 7
ChatterBot Kilo round 7
ChatterBot India round 7
ChatterBot Juliett round 7
ChatterBot Uniform round 7
ChatterBot Charlie round 7
ChatterBot Papa round 7
2024-10-15 04:39:38.717787 India: We should add Kilo
ChatterBot Uniform reevaluating
ChatterBot Juliett reevaluating
ChatterBot Charlie reevaluating
2024-10-15 04:39:38.746843 Uniform: No
2024-10-15 04:39:38.747020 Lima: Yes
2024-10-15 04:39:38.747160 X-ray: No
2024-10-15 04:39:38.747289 Sierra: No
2024-10-15 04:39:38.747411 Juliett: No
2024-10-15 04:39:38.747535 Charlie: Yes
2024-10-15 04:39:38.747662 Victor: Yes
ChatterBot Juliett reevaluating
ChatterBot Charlie reevaluating
ChatterBot Uniform reevaluating
ChatterBot Juliett reevaluating
ChatterBot Charlie reevaluating
ChatterBot India reevaluating
ChatterBot Uniform reevaluating
ChatterBot Juliett reevaluating
ChatterBot Charlie reevaluating
ChatterBot India reevaluating
ChatterBot Uniform reevaluating
ChatterBot Juliett reevaluating
ChatterBot Charlie reevaluating
ChatterBot India reevaluating
ChatterBot Uniform reevaluating
ChatterBot Charlie reevaluating
ChatterBot India reevaluating
ChatterBot Uniform reevaluating
ChatterBot Juliett reevaluating
ChatterBot India reevaluating
ChatterBot Uniform reevaluating
ChatterBot Juliett reevaluating
ChatterBot Charlie reevaluating
ChatterBot India reevaluating
2024-10-15 04:39:38.917036 Sierra: Lima, sending you 4
2024-10-15 04:39:38.918679 Lima: Victor, X-ray, Kilo, India, Juliett and Uniform, sending you 2
2024-10-15 04:39:38.921672 Victor: Lima, Kilo and India, sending you 3
2024-10-15 04:39:38.923677 Sierra: Victor, India and Juliett, sending you 2
2024-10-15 04:39:38.924314 Juliett: Lima, Sierra, India and Uniform, sending you 3
2024-10-15 04:39:38.924906 Lima: Sierra and Charlie, sending you 3
2024-10-15 04:39:38.926697 Victor: X-ray and Uniform, sending you 1
2024-10-15 04:39:38.927292 Kilo: Lima and Victor, sending you 4
2024-10-15 04:39:38.928691 Sierra: X-ray, Uniform and Charlie, sending you 3
2024-10-15 04:39:38.930189 Juliett: Victor, sending you 1
2024-10-15 04:39:38.930905 X-ray: Lima, Sierra, Juliett, Uniform and Charlie, sending you 3
2024-10-15 04:39:38.931510 Victor: Sierra, Juliett and Charlie, sending you 2
2024-10-15 04:39:38.932732 Uniform: Lima and India, sending you 2
2024-10-15 04:39:38.933372 Kilo: Sierra, Juliett and Uniform, sending you 1
2024-10-15 04:39:38.934629 Juliett: X-ray, sending you 4
2024-10-15 04:39:38.935323 X-ray: Victor and India, sending you 2
2024-10-15 04:39:38.936639 Uniform: Victor, sending you 1
2024-10-15 04:39:38.937496 India: Lima, Victor, Sierra, Juliett, Uniform and Charlie, sending you 3
2024-10-15 04:39:38.938291 Kilo: India and Charlie, sending you 3
2024-10-15 04:39:38.940068 Charlie: Lima, Victor, Kilo, India and Juliett, sending you 2
2024-10-15 04:39:38.941162 Juliett: Charlie, sending you 2
2024-10-15 04:39:38.942410 India: X-ray, sending you 2
2024-10-15 04:39:38.943250 Uniform: X-ray, Sierra, Juliett and Charlie, sending you 3
2024-10-15 04:39:38.944674 Charlie: X-ray, Sierra and Uniform, sending you 3
chatterbot X-ray submitting transactions
chatterbot Kilo submitting transactions
chatterbot Victor submitting transactions
chatterbot Juliett submitting transactions
chatterbot Lima submitting transactions
chatterbot Sierra submitting transactions
chatterbot Charlie submitting transactions
chatterbot Uniform submitting transactions
chatterbot Papa submitting transactions
chatterbot India submitting transactions
ChatterBot Lima round 8
ChatterBot Victor round 8
ChatterBot X-ray round 8
ChatterBot Sierra round 8
ChatterBot Kilo round 8
ChatterBot India round 8
ChatterBot Juliett round 8
ChatterBot Uniform round 8
ChatterBot Charlie round 8
ChatterBot Papa round 8
2024-10-15 04:39:40.019772 Sierra: Lima, sending you 4
2024-10-15 04:39:40.029086 Lima: Victor, X-ray, Kilo, India, Juliett, Uniform and Charlie, sending you 2
2024-10-15 04:39:40.035191 Kilo: Lima, sending you 4
2024-10-15 04:39:40.042021 Victor: Lima, Kilo and India, sending you 3
2024-10-15 04:39:40.046684 Sierra: Victor, India and Juliett, sending you 2
2024-10-15 04:39:40.051287 X-ray: Lima, Sierra, Juliett, Uniform and Charlie, sending you 3
2024-10-15 04:39:40.054360 Uniform: Lima and India, sending you 2
2024-10-15 04:39:40.057468 Lima: Sierra, sending you 3
2024-10-15 04:39:40.061699 Kilo: Victor, sending you 5
2024-10-15 04:39:40.064564 Victor: X-ray, Sierra, Juliett and Charlie, sending you 2
2024-10-15 04:39:40.068573 Sierra: X-ray, Uniform and Charlie, sending you 3
2024-10-15 04:39:40.070907 Juliett: Lima, X-ray, Sierra, India and Uniform, sending you 3
2024-10-15 04:39:40.072816 India: Lima, Victor, Sierra, Juliett, Uniform and Charlie, sending you 3
2024-10-15 04:39:40.074655 X-ray: Victor and India, sending you 2
2024-10-15 04:39:40.076517 Charlie: Lima, X-ray and Sierra, sending you 3
2024-10-15 04:39:40.077870 Uniform: Victor, sending you 1
2024-10-15 04:39:40.078951 Kilo: Sierra, Juliett and Uniform, sending you 1
2024-10-15 04:39:40.080661 Juliett: Victor and Charlie, sending you 2
2024-10-15 04:39:40.081481 India: X-ray, sending you 2
2024-10-15 04:39:40.083416 Charlie: Victor, Kilo, India, Juliett and Uniform, sending you 2
2024-10-15 04:39:40.084568 Uniform: X-ray, Sierra, Juliett and Charlie, sending you 3
2024-10-15 04:39:40.085838 Kilo: India, sending you 2
2024-10-15 04:39:40.091402 Kilo: Charlie, sending you 3
chatterbot Sierra submitting transactions
chatterbot India submitting transactions
chatterbot X-ray submitting transactions
chatterbot Papa submitting transactions
chatterbot Juliett submitting transactions
chatterbot Victor submitting transactions
chatterbot Charlie submitting transactions
chatterbot Uniform submitting transactions
chatterbot Lima submitting transactions
chatterbot Kilo submitting transactions
ChatterBot Lima round 9
ChatterBot Victor round 9
ChatterBot X-ray round 9
ChatterBot Sierra round 9
ChatterBot Kilo round 9
ChatterBot India round 9
ChatterBot Juliett round 9
ChatterBot Uniform round 9
ChatterBot Charlie round 9
ChatterBot Papa round 9
2024-10-15 04:39:41.320713 Lima: Victor, X-ray, Kilo, India, Juliett, Uniform and Charlie, sending you 2
2024-10-15 04:39:41.323416 Victor: Lima, Kilo and India, sending you 3
2024-10-15 04:39:41.326684 Lima: Sierra, sending you 3
2024-10-15 04:39:41.328874 Victor: X-ray, Sierra, Juliett and Charlie, sending you 2
2024-10-15 04:39:41.331069 X-ray: Lima, Sierra, Juliett, Uniform and Charlie, sending you 3
2024-10-15 04:39:41.334104 Sierra: Lima, X-ray, Juliett, Uniform and Charlie, sending you 3
2024-10-15 04:39:41.336456 Kilo: Lima and Charlie, sending you 4
2024-10-15 04:39:41.339594 India: Lima, Victor, Sierra, Juliett, Uniform and Charlie, sending you 3
2024-10-15 04:39:41.343664 Charlie: Lima, Victor, Kilo, India and Juliett, sending you 2
2024-10-15 04:39:41.346811 X-ray: Victor and India, sending you 2
2024-10-15 04:39:41.349658 Sierra: Victor and India, sending you 2
2024-10-15 04:39:41.352156 Kilo: Victor, sending you 5
2024-10-15 04:39:41.353298 India: X-ray, sending you 2
2024-10-15 04:39:41.355556 Charlie: X-ray, Sierra and Uniform, sending you 3
2024-10-15 04:39:41.357915 Uniform: Lima and India, sending you 2
2024-10-15 04:39:41.358857 Juliett: Lima, X-ray, Sierra, India and Uniform, sending you 3
2024-10-15 04:39:41.360627 Kilo: Sierra, Juliett and Uniform, sending you 1
2024-10-15 04:39:41.363660 Uniform: Victor, sending you 1
2024-10-15 04:39:41.365583 Juliett: Victor and Charlie, sending you 2
2024-10-15 04:39:41.368317 Kilo: India, sending you 2
2024-10-15 04:39:41.370926 Uniform: X-ray, Sierra, Juliett and Charlie, sending you 3
chatterbot Uniform submitting transactions
chatterbot Victor submitting transactions
chatterbot Papa submitting transactions
chatterbot Lima submitting transactions
chatterbot Juliett submitting transactions
chatterbot X-ray submitting transactions
chatterbot Sierra submitting transactions
chatterbot Charlie submitting transactions
chatterbot India submitting transactions
chatterbot Kilo submitting transactions
ChatterBot Lima round 10
ChatterBot Victor round 10
ChatterBot X-ray round 10
ChatterBot Sierra round 10
ChatterBot Kilo round 10
ChatterBot India round 10
ChatterBot Juliett round 10
ChatterBot Uniform round 10
ChatterBot Charlie round 10
ChatterBot Papa round 10
2024-10-15 04:39:42.556288 X-ray: Lima, Sierra, Juliett, Uniform and Charlie, sending you 3
2024-10-15 04:39:42.558544 Kilo: Lima and Victor, sending you 5
2024-10-15 04:39:42.563243 X-ray: Victor and India, sending you 2
2024-10-15 04:39:42.564510 Lima: Victor, X-ray, Kilo, India, Juliett, Uniform and Charlie, sending you 2
2024-10-15 04:39:42.566452 Kilo: Sierra and Juliett, sending you 1
2024-10-15 04:39:42.568756 Sierra: Lima, X-ray, Juliett, Uniform and Charlie, sending you 3
2024-10-15 04:39:42.570937 Charlie: Lima, Victor, Kilo, India, Juliett and Uniform, sending you 2
2024-10-15 04:39:42.572049 Lima: Sierra, sending you 3
2024-10-15 04:39:42.573620 Victor: Lima, X-ray, Sierra, Juliett and Charlie, sending you 2
2024-10-15 04:39:42.574738 Uniform: Lima and India, sending you 2
2024-10-15 04:39:42.576020 Kilo: India, sending you 2
2024-10-15 04:39:42.576986 Sierra: Victor and India, sending you 2
2024-10-15 04:39:42.578201 India: Lima, Victor, Sierra, Juliett, Uniform and Charlie, sending you 3
2024-10-15 04:39:42.579096 Juliett: Lima, X-ray, Sierra, India and Uniform, sending you 3
2024-10-15 04:39:42.580373 Charlie: X-ray, sending you 3
2024-10-15 04:39:42.581476 Victor: Kilo and India, sending you 3
2024-10-15 04:39:42.583323 Kilo: Charlie, sending you 4
2024-10-15 04:39:42.584902 Uniform: Victor, sending you 1
2024-10-15 04:39:42.585982 India: X-ray, sending you 2
2024-10-15 04:39:42.587390 Juliett: Victor and Charlie, sending you 2
2024-10-15 04:39:42.588458 Charlie: Sierra, sending you 4
2024-10-15 04:39:42.590068 Victor: Uniform, sending you 1
2024-10-15 04:39:42.591301 Uniform: X-ray, Sierra, Juliett and Charlie, sending you 3
chatterbot X-ray submitting transactions
chatterbot Juliett submitting transactions
chatterbot Papa submitting transactions
chatterbot Sierra submitting transactions
chatterbot India submitting transactions
chatterbot Uniform submitting transactions
chatterbot Kilo submitting transactions
chatterbot Charlie submitting transactions
chatterbot Lima submitting transactions
chatterbot Victor submitting transactions
ChatterBot Lima round 11
ChatterBot Victor round 11
ChatterBot X-ray round 11
ChatterBot Sierra round 11
ChatterBot Kilo round 11
ChatterBot India round 11
ChatterBot Juliett round 11
ChatterBot Uniform round 11
ChatterBot Charlie round 11
ChatterBot Papa round 11
2024-10-15 04:39:43.698682 X-ray: Lima, Sierra, Juliett, Uniform and Charlie, sending you 3
2024-10-15 04:39:43.700609 Lima: Victor, X-ray, India, Juliett, Uniform and Charlie, sending you 2
2024-10-15 04:39:43.703669 X-ray: Victor and India, sending you 2
2024-10-15 04:39:43.704624 Uniform: Lima, Victor, India and Charlie, sending you 2
2024-10-15 04:39:43.705810 Juliett: Lima, X-ray, Sierra, India and Uniform, sending you 3
2024-10-15 04:39:43.706637 Lima: Sierra, sending you 3
2024-10-15 04:39:43.707934 Kilo: Lima and Victor, sending you 5
2024-10-15 04:39:43.708875 India: Lima, Victor, Sierra, Juliett, Uniform and Charlie, sending you 3
2024-10-15 04:39:43.709630 Uniform: X-ray, Sierra and Juliett, sending you 3
2024-10-15 04:39:43.710961 Juliett: Victor and Charlie, sending you 2
2024-10-15 04:39:43.711772 Victor: Lima, X-ray, Sierra, Juliett and Charlie, sending you 2
2024-10-15 04:39:43.713583 Lima: Kilo, sending you 1
2024-10-15 04:39:43.715472 India: X-ray, sending you 2
2024-10-15 04:39:43.717943 Kilo: Sierra and Juliett, sending you 1
2024-10-15 04:39:43.720174 Sierra: Lima, X-ray, Juliett, Uniform and Charlie, sending you 3
2024-10-15 04:39:43.721749 Victor: Kilo and India, sending you 3
2024-10-15 04:39:43.724330 Kilo: India, sending you 2
2024-10-15 04:39:43.727155 Sierra: Victor and India, sending you 2
2024-10-15 04:39:43.730515 Victor: Uniform, sending you 1
2024-10-15 04:39:43.733958 Charlie: Lima, Victor, Kilo, India, Juliett and Uniform, sending you 2
2024-10-15 04:39:43.738190 Kilo: Charlie, sending you 4
2024-10-15 04:39:43.741943 Charlie: X-ray, sending you 3
2024-10-15 04:39:43.748729 Charlie: Sierra, sending you 4
chatterbot Charlie submitting transactions
chatterbot Lima submitting transactions
chatterbot Sierra submitting transactions
chatterbot X-ray submitting transactions
chatterbot Uniform submitting transactions
chatterbot Papa submitting transactions
chatterbot Kilo submitting transactions
chatterbot Victor submitting transactions
chatterbot India submitting transactions
chatterbot Juliett submitting transactions
ChatterBot Lima round 12
ChatterBot Victor round 12
ChatterBot X-ray round 12
ChatterBot Sierra round 12
ChatterBot Kilo round 12
ChatterBot India round 12
ChatterBot Juliett round 12
ChatterBot Uniform round 12
ChatterBot Charlie round 12
ChatterBot Papa round 12
