ChatterBot India round 1
ChatterBot Uniform round 1
ChatterBot Alpha round 1
ChatterBot Victor round 1
ChatterBot Kilo round 1
ChatterBot Hotel round 1
ChatterBot November round 1
ChatterBot Yankee round 1
ChatterBot Sierra round 1
ChatterBot Tango round 1
randomSelections Uniform: {Uniform, November, India, Sierra, Alpha, Hotel} 
2024-10-15 04:39:27.771832 Uniform: We should group up
ChatterBot November reevaluating
ChatterBot India reevaluating
ChatterBot Sierra reevaluating
ChatterBot Alpha reevaluating
ChatterBot Hotel reevaluating
2024-10-15 04:39:27.782272 November: Yes
2024-10-15 04:39:27.782405 India: Yes
2024-10-15 04:39:27.782524 Sierra: Yes
2024-10-15 04:39:27.782651 Alpha: Yes
2024-10-15 04:39:27.783441 Hotel: Yes
ChatterBot India reevaluating
ChatterBot Sierra reevaluating
ChatterBot Alpha reevaluating
ChatterBot Hotel reevaluating
ChatterBot November reevaluating
ChatterBot Sierra reevaluating
ChatterBot Alpha reevaluating
ChatterBot Hotel reevaluating
ChatterBot November reevaluating
ChatterBot India reevaluating
ChatterBot Alpha reevaluating
ChatterBot Hotel reevaluating
ChatterBot November reevaluating
ChatterBot India reevaluating
ChatterBot Sierra reevaluating
ChatterBot Hotel reevaluating
ChatterBot November reevaluating
ChatterBot India reevaluating
ChatterBot Sierra reevaluating
ChatterBot Alpha reevaluating
randomSelections Yankee: {Yankee, Sierra, November, India, Uniform, Alpha} 
2024-10-15 04:39:27.828373 Yankee: Can we be friends?
ChatterBot Sierra reevaluating
ChatterBot November reevaluating
ChatterBot India reevaluating
ChatterBot Alpha reevaluating
2024-10-15 04:39:27.836430 Sierra: No
2024-10-15 04:39:27.836797 November: No
2024-10-15 04:39:27.837072 India: No
2024-10-15 04:39:27.837284 Uniform: No
2024-10-15 04:39:27.838021 Alpha: No
ChatterBot November reevaluating
ChatterBot India reevaluating
ChatterBot Alpha reevaluating
ChatterBot Sierra reevaluating
ChatterBot India reevaluating
ChatterBot Alpha reevaluating
ChatterBot Sierra reevaluating
ChatterBot November reevaluating
ChatterBot Alpha reevaluating
ChatterBot Sierra reevaluating
ChatterBot November reevaluating
ChatterBot India reevaluating
ChatterBot Alpha reevaluating
ChatterBot Sierra reevaluating
ChatterBot November reevaluating
ChatterBot India reevaluating
randomSelections Kilo: {Kilo, Tango, Hotel, India, Yankee, Victor, Uniform} 
2024-10-15 04:39:27.885049 Kilo: Let's form a team
ChatterBot Tango reevaluating
ChatterBot Hotel reevaluating
ChatterBot India reevaluating
ChatterBot Victor reevaluating
2024-10-15 04:39:27.895512 Tango: Yes
2024-10-15 04:39:27.895780 Hotel: No
2024-10-15 04:39:27.896098 India: No
2024-10-15 04:39:27.896923 Yankee: No
2024-10-15 04:39:27.897162 Victor: Yes
2024-10-15 04:39:27.897348 Uniform: No
ChatterBot Hotel reevaluating
ChatterBot India reevaluating
ChatterBot Victor reevaluating
ChatterBot Tango reevaluating
ChatterBot India reevaluating
ChatterBot Victor reevaluating
ChatterBot Tango reevaluating
ChatterBot Hotel reevaluating
ChatterBot Victor reevaluating
ChatterBot Tango reevaluating
ChatterBot Hotel reevaluating
ChatterBot India reevaluating
ChatterBot Victor reevaluating
ChatterBot Tango reevaluating
ChatterBot Hotel reevaluating
ChatterBot India reevaluating
ChatterBot Tango reevaluating
ChatterBot Hotel reevaluating
ChatterBot India reevaluating
ChatterBot Victor reevaluating
2024-10-15 04:39:28.003766 Alpha: India and Uniform, sending you 3
2024-10-15 04:39:28.005775 Uniform: India, sending you 2
2024-10-15 04:39:28.006881 Yankee: India and Sierra, sending you 3
2024-10-15 04:39:28.008972 Sierra: India, sending you 4
2024-10-15 04:39:28.009330 Alpha: Hotel, sending you 1
2024-10-15 04:39:28.009720 Victor: India, sending you 2
2024-10-15 04:39:28.011226 Tango: India, Kilo and Yankee, sending you 3
2024-10-15 04:39:28.011765 Yankee: Uniform, sending you 1
2024-10-15 04:39:28.012189 Uniform: Alpha and Sierra, sending you 3
2024-10-15 04:39:28.012497 Kilo: India, Hotel and Tango, sending you 2
2024-10-15 04:39:28.013704 Sierra: Uniform, sending you 1
2024-10-15 04:39:28.014063 Alpha: November, sending you 7
2024-10-15 04:39:28.014383 Victor: Uniform, sending you 5
2024-10-15 04:39:28.015406 India: Uniform and Hotel, sending you 2
2024-10-15 04:39:28.015863 Tango: Victor, sending you 5
2024-10-15 04:39:28.016192 Yankee: Alpha, sending you 5
2024-10-15 04:39:28.016456 Uniform: Hotel, sending you 7
2024-10-15 04:39:28.017371 Hotel: India and November, sending you 4
2024-10-15 04:39:28.017744 Kilo: Uniform, sending you 1
2024-10-15 04:39:28.018100 Sierra: Alpha, sending you 5
2024-10-15 04:39:28.018353 Alpha: Sierra, sending you 5
2024-10-15 04:39:28.019726 Victor: Kilo and Hotel, sending you 3
2024-10-15 04:39:28.020168 Yankee: November, sending you 4
2024-10-15 04:39:28.021186 Uniform: November, sending you 4
2024-10-15 04:39:28.021706 India: November, sending you 1
2024-10-15 04:39:28.022190 Tango: Hotel, sending you 1
2024-10-15 04:39:28.023318 Hotel: Uniform and Sierra, sending you 1
2024-10-15 04:39:28.023811 Kilo: Victor, sending you 4
2024-10-15 04:39:28.024263 Sierra: Hotel, sending you 7
2024-10-15 04:39:28.025363 Victor: Yankee, sending you 1
2024-10-15 04:39:28.025848 November: India, Uniform and Sierra, sending you 1
2024-10-15 04:39:28.027243 Hotel: Alpha, sending you 3
2024-10-15 04:39:28.029183 Kilo: Yankee, sending you 3
2024-10-15 04:39:28.029601 Sierra: November, sending you 2
2024-10-15 04:39:28.030043 Victor: Tango, sending you 4
2024-10-15 04:39:28.030374 November: Alpha, sending you 5
2024-10-15 04:39:28.033677 November: Hotel, sending you 2
chatterbot Yankee submitting transactions
chatterbot Victor submitting transactions
chatterbot India submitting transactions
chatterbot Hotel submitting transactions
chatterbot Uniform submitting transactions
chatterbot Alpha submitting transactions
chatterbot Tango submitting transactions
chatterbot Kilo submitting transactions
chatterbot Sierra submitting transactions
chatterbot November submitting transactions
ChatterBot India round 2
ChatterBot Uniform round 2
ChatterBot Alpha round 2
ChatterBot Victor round 2
ChatterBot Kilo round 2
2024-10-15 04:39:30.958420 India: We should add Yankee
ChatterBot Uniform reevaluating
ChatterBot November reevaluating
ChatterBot Sierra reevaluating
ChatterBot Alpha reevaluating
ChatterBot Hotel reevaluating
2024-10-15 04:39:31.006491 Uniform: Yes
2024-10-15 04:39:31.006679 November: No
2024-10-15 04:39:31.006819 Sierra: No
2024-10-15 04:39:31.006963 Alpha: Yes
2024-10-15 04:39:31.007114 Hotel: No
ChatterBot November reevaluating
ChatterBot Sierra reevaluating
ChatterBot Alpha reevaluating
ChatterBot Hotel reevaluating
ChatterBot Uniform reevaluating
ChatterBot Sierra reevaluating
ChatterBot Alpha reevaluating
ChatterBot Hotel reevaluating
ChatterBot Uniform reevaluating
ChatterBot November reevaluating
ChatterBot Alpha reevaluating
ChatterBot Hotel reevaluating
ChatterBot Uniform reevaluating
ChatterBot November reevaluating
ChatterBot Sierra reevaluating
ChatterBot Hotel reevaluating
ChatterBot Uniform reevaluating
ChatterBot November reevaluating
ChatterBot Sierra reevaluating
ChatterBot Alpha reevaluating
ChatterBot Hotel round 2
2024-10-15 04:39:31.234483 Kilo: Can we be friends?
ChatterBot Victor reevaluating
ChatterBot Tango reevaluating
ChatterBot Yankee reevaluating
2024-10-15 04:39:31.288261 Victor: Yes
2024-10-15 04:39:31.288502 Tango: No
2024-10-15 04:39:31.289310 Yankee: No
ChatterBot Tango reevaluating
ChatterBot Yankee reevaluating
ChatterBot Victor reevaluating
ChatterBot Yankee reevaluating
ChatterBot Victor reevaluating
ChatterBot Tango reevaluating
2024-10-15 04:39:31.561289 Tango: Group up?
2024-10-15 04:39:31.569299 Kilo: Yes
ChatterBot Tango reevaluating
ChatterBot November round 2
ChatterBot Yankee round 2
ChatterBot Sierra round 2
ChatterBot Tango round 2
2024-10-15 04:39:31.593154 India: Yankee we want you to join our group
ChatterBot Yankee reevaluating
2024-10-15 04:39:31.598048 Yankee: No
ChatterBot Uniform reevaluating
ChatterBot Alpha reevaluating
ChatterBot Hotel reevaluating
ChatterBot November reevaluating
ChatterBot Sierra reevaluating
2024-10-15 04:39:31.625720 November: We should add Yankee
2024-10-15 04:39:31.626810 Sierra: We should replace India with Yankee
ChatterBot Sierra reevaluating
ChatterBot Uniform reevaluating
ChatterBot Alpha reevaluating
ChatterBot Hotel reevaluating
2024-10-15 04:39:31.646238 India: Yes
2024-10-15 04:39:31.646550 Sierra: Yes
2024-10-15 04:39:31.646703 Uniform: Yes
ChatterBot Uniform reevaluating
2024-10-15 04:39:31.651172 Alpha: Yes
ChatterBot Alpha reevaluating
2024-10-15 04:39:31.655365 Hotel: Yes
ChatterBot Hotel reevaluating
ChatterBot November reevaluating
2024-10-15 04:39:31.663134 Uniform: No
2024-10-15 04:39:31.663495 Alpha: Yes
2024-10-15 04:39:31.663745 Hotel: No
2024-10-15 04:39:31.664095 November: No
ChatterBot Uniform reevaluating
ChatterBot November reevaluating
ChatterBot Sierra reevaluating
ChatterBot Alpha reevaluating
ChatterBot Hotel reevaluating
ChatterBot Uniform reevaluating
ChatterBot November reevaluating
ChatterBot Alpha reevaluating
ChatterBot Hotel reevaluating
ChatterBot November reevaluating
ChatterBot Sierra reevaluating
ChatterBot Alpha reevaluating
ChatterBot Hotel reevaluating
ChatterBot Uniform reevaluating
ChatterBot November reevaluating
ChatterBot Sierra reevaluating
ChatterBot Hotel reevaluating
ChatterBot Uniform reevaluating
ChatterBot November reevaluating
ChatterBot Sierra reevaluating
ChatterBot Alpha reevaluating
ChatterBot November reevaluating
ChatterBot Sierra reevaluating
ChatterBot Alpha reevaluating
ChatterBot Hotel reevaluating
ChatterBot Uniform reevaluating
ChatterBot November reevaluating
ChatterBot Sierra reevaluating
ChatterBot Hotel reevaluating
ChatterBot Uniform reevaluating
ChatterBot November reevaluating
ChatterBot Sierra reevaluating
ChatterBot Alpha reevaluating
ChatterBot Uniform reevaluating
ChatterBot Sierra reevaluating
ChatterBot Alpha reevaluating
ChatterBot Hotel reevaluating
2024-10-15 04:39:31.869980 Alpha: Yankee we want you to join our group
2024-10-15 04:39:31.874242 Yankee: No
2024-10-15 04:39:31.892547 Uniform: Yankee we want you to join our group
2024-10-15 04:39:31.896754 Yankee: No
2024-10-15 04:39:31.916301 Hotel: Yankee we want you to join our group
2024-10-15 04:39:31.920059 Yankee: No
ChatterBot Hotel reevaluating
ChatterBot Sierra reevaluating
2024-10-15 04:39:31.942466 November: Yankee we want you to join our group
2024-10-15 04:39:31.946881 Yankee: No
ChatterBot Hotel reevaluating
2024-10-15 04:39:31.967954 Kilo: Victor, sending you 7
2024-10-15 04:39:31.968227 Victor: Kilo, sending you 6
2024-10-15 04:39:31.968444 Sierra: Yankee we want you to join our group
2024-10-15 04:39:31.972911 Yankee: No
ChatterBot Hotel reevaluating
ChatterBot Sierra reevaluating
2024-10-15 04:39:31.995288 Kilo: Yankee, sending you 2
2024-10-15 04:39:31.995550 India: Uniform and November, sending you 1
2024-10-15 04:39:31.996471 Victor: Yankee, sending you 5
2024-10-15 04:39:32.112906 Kilo: Tango, sending you 6
2024-10-15 04:39:32.113709 Yankee: Victor, sending you 3
2024-10-15 04:39:32.113910 India: Alpha, Yankee and Sierra, sending you 2
2024-10-15 04:39:32.114240 Victor: Tango, sending you 7
2024-10-15 04:39:32.114462 Uniform: India, sending you 5
2024-10-15 04:39:32.115236 Alpha: Uniform and Hotel, sending you 3
2024-10-15 04:39:32.115610 Tango: Victor, sending you 9
chatterbot Victor submitting transactions
2024-10-15 04:39:32.198512 Yankee: Kilo and Tango, sending you 5
2024-10-15 04:39:32.199005 Uniform: Alpha, sending you 6
2024-10-15 04:39:32.200112 Alpha: November, sending you 5
2024-10-15 04:39:32.200549 India: Hotel, sending you 3
2024-10-15 04:39:32.201460 November: Uniform, Alpha, Hotel, Yankee and Sierra, sending you 2
2024-10-15 04:39:32.201822 Tango: Kilo, sending you 6
chatterbot Kilo submitting transactions
2024-10-15 04:39:32.285193 Uniform: Hotel, November, Yankee and Sierra, sending you 2
2024-10-15 04:39:32.286134 Alpha: Yankee and Sierra, sending you 4
2024-10-15 04:39:32.286444 Hotel: India, Alpha and November, sending you 2
2024-10-15 04:39:32.369108 Hotel: Uniform and Sierra, sending you 3
2024-10-15 04:39:32.369591 Sierra: Uniform and Yankee, sending you 4
chatterbot Alpha submitting transactions
2024-10-15 04:39:32.396716 Sierra: Alpha, sending you 7
2024-10-15 04:39:32.453211 Sierra: Hotel and November, sending you 2
chatterbot Sierra submitting transactions
chatterbot Tango submitting transactions
chatterbot India submitting transactions
chatterbot Hotel submitting transactions
chatterbot Yankee submitting transactions
chatterbot November submitting transactions
chatterbot Uniform submitting transactions
ChatterBot India round 3
ChatterBot Uniform round 3
ChatterBot Alpha round 3
ChatterBot Victor round 3
ChatterBot Kilo round 3
ChatterBot Hotel round 3
ChatterBot November round 3
ChatterBot Yankee round 3
ChatterBot Sierra round 3
ChatterBot Tango round 3
2024-10-15 04:39:33.095734 Victor: We should add India
ChatterBot Kilo reevaluating
ChatterBot Tango reevaluating
ChatterBot Yankee reevaluating
2024-10-15 04:39:33.108444 Kilo: Yes
2024-10-15 04:39:33.108580 Tango: No
2024-10-15 04:39:33.108705 Yankee: No
ChatterBot Tango reevaluating
ChatterBot Yankee reevaluating
ChatterBot Kilo reevaluating
ChatterBot Yankee reevaluating
ChatterBot Kilo reevaluating
ChatterBot Victor reevaluating
ChatterBot Tango reevaluating
2024-10-15 04:39:33.139725 Hotel: We should add Yankee
ChatterBot November reevaluating
ChatterBot Sierra reevaluating
2024-10-15 04:39:33.157246 Uniform: Yes
2024-10-15 04:39:33.158270 November: Yes
2024-10-15 04:39:33.158470 India: Yes
2024-10-15 04:39:33.158605 Sierra: Yes
2024-10-15 04:39:33.158729 Alpha: No
ChatterBot November reevaluating
ChatterBot Sierra reevaluating
ChatterBot India reevaluating
ChatterBot Sierra reevaluating
ChatterBot November reevaluating
ChatterBot Sierra reevaluating
ChatterBot November reevaluating
ChatterBot India reevaluating
ChatterBot November reevaluating
ChatterBot India reevaluating
ChatterBot Sierra reevaluating
2024-10-15 04:39:33.238342 Alpha: We should drop Yankee
ChatterBot Sierra reevaluating
ChatterBot November reevaluating
2024-10-15 04:39:33.249792 Sierra: Yes
2024-10-15 04:39:33.250492 Uniform: No
2024-10-15 04:39:33.250589 Hotel: No
2024-10-15 04:39:33.250691 November: No
ChatterBot Uniform reevaluating
ChatterBot November reevaluating
ChatterBot Sierra reevaluating
ChatterBot Hotel reevaluating
ChatterBot November reevaluating
ChatterBot Sierra reevaluating
ChatterBot Uniform reevaluating
ChatterBot November reevaluating
ChatterBot Sierra reevaluating
ChatterBot Uniform reevaluating
ChatterBot Hotel reevaluating
2024-10-15 04:39:33.303388 Sierra: We should add India
ChatterBot Uniform reevaluating
ChatterBot Hotel reevaluating
ChatterBot November reevaluating
2024-10-15 04:39:33.316421 Alpha: No
2024-10-15 04:39:33.316572 Uniform: Yes
2024-10-15 04:39:33.316693 Hotel: Yes
2024-10-15 04:39:33.316833 November: Yes
2024-10-15 04:39:33.316940 Yankee: No
ChatterBot Uniform reevaluating
ChatterBot Hotel reevaluating
ChatterBot November reevaluating
ChatterBot Sierra reevaluating
ChatterBot Hotel reevaluating
ChatterBot November reevaluating
ChatterBot Sierra reevaluating
ChatterBot Uniform reevaluating
ChatterBot November reevaluating
ChatterBot Sierra reevaluating
ChatterBot Uniform reevaluating
ChatterBot Hotel reevaluating
ChatterBot Sierra reevaluating
ChatterBot Uniform reevaluating
ChatterBot Hotel reevaluating
ChatterBot November reevaluating
ChatterBot Sierra reevaluating
2024-10-15 04:39:33.388980 India: We should drop Yankee
ChatterBot Uniform reevaluating
ChatterBot November reevaluating
ChatterBot Sierra reevaluating
ChatterBot Hotel reevaluating
2024-10-15 04:39:33.403803 Uniform: Yes
2024-10-15 04:39:33.403926 November: Yes
2024-10-15 04:39:33.404040 Sierra: Yes
2024-10-15 04:39:33.404132 Alpha: Yes
2024-10-15 04:39:33.404221 Hotel: Yes
ChatterBot November reevaluating
ChatterBot India reevaluating
ChatterBot Sierra reevaluating
ChatterBot Hotel reevaluating
ChatterBot Uniform reevaluating
ChatterBot India reevaluating
ChatterBot Sierra reevaluating
ChatterBot Hotel reevaluating
ChatterBot Uniform reevaluating
ChatterBot November reevaluating
ChatterBot India reevaluating
ChatterBot Hotel reevaluating
ChatterBot Uniform reevaluating
ChatterBot November reevaluating
ChatterBot India reevaluating
ChatterBot Sierra reevaluating
ChatterBot Hotel reevaluating
ChatterBot Uniform reevaluating
ChatterBot November reevaluating
ChatterBot India reevaluating
ChatterBot Sierra reevaluating
2024-10-15 04:39:33.507143 Sierra: We should replace Yankee with India
ChatterBot Uniform reevaluating
ChatterBot Hotel reevaluating
ChatterBot November reevaluating
2024-10-15 04:39:33.520710 Uniform: Yes
2024-10-15 04:39:33.520850 Alpha: No
2024-10-15 04:39:33.520954 Hotel: Yes
2024-10-15 04:39:33.521080 November: Yes
ChatterBot Sierra reevaluating
ChatterBot Hotel reevaluating
ChatterBot November reevaluating
ChatterBot Sierra reevaluating
ChatterBot Uniform reevaluating
ChatterBot Hotel reevaluating
ChatterBot November reevaluating
ChatterBot Sierra reevaluating
ChatterBot Uniform reevaluating
ChatterBot November reevaluating
ChatterBot Sierra reevaluating
ChatterBot Uniform reevaluating
ChatterBot Hotel reevaluating
2024-10-15 04:39:33.575757 Tango: Yankee we want you to join our group
2024-10-15 04:39:33.578536 Yankee: Yes
ChatterBot Kilo reevaluating
ChatterBot Victor reevaluating
2024-10-15 04:39:33.590019 Sierra: India we want you to join our group
ChatterBot India reevaluating
2024-10-15 04:39:33.595136 India: Yes
2024-10-15 04:39:33.619646 Hotel: India, sending you 4
2024-10-15 04:39:33.620196 Alpha: Uniform, sending you 5
2024-10-15 04:39:33.620606 Yankee: Victor and Kilo, sending you 4
2024-10-15 04:39:33.629473 Yankee: Tango, sending you 3
2024-10-15 04:39:33.629875 Hotel: Uniform, Alpha, November and Sierra, sending you 3
2024-10-15 04:39:33.630885 Alpha: Hotel and November, sending you 4
2024-10-15 04:39:33.631179 Victor: Kilo, sending you 6
2024-10-15 04:39:33.631423 Uniform: India and November, sending you 3
2024-10-15 04:39:33.631763 Kilo: Victor and Tango, sending you 6
2024-10-15 04:39:33.632515 Sierra: India, sending you 2
2024-10-15 04:39:33.638986 Tango: Victor, sending you 6
2024-10-15 04:39:33.640291 Uniform: Alpha, sending you 5
2024-10-15 04:39:33.640784 Alpha: Sierra, sending you 6
2024-10-15 04:39:33.641101 Victor: Yankee, sending you 5
2024-10-15 04:39:33.641353 Kilo: Yankee, sending you 5
2024-10-15 04:39:33.641596 Sierra: Uniform and Hotel, sending you 4
2024-10-15 04:39:33.643108 November: Sending you each 2
2024-10-15 04:39:33.643533 Tango: Kilo, sending you 5
2024-10-15 04:39:33.643810 Victor: Tango, sending you 7
2024-10-15 04:39:33.650988 Uniform: Hotel and Sierra, sending you 4
2024-10-15 04:39:33.652297 Sierra: Alpha, sending you 6
2024-10-15 04:39:33.652898 Tango: Yankee, sending you 4
2024-10-15 04:39:33.661758 Sierra: November, sending you 3
2024-10-15 04:39:33.663008 India: Uniform, sending you 5
2024-10-15 04:39:33.690255 India: Alpha, sending you 2
chatterbot Tango submitting transactions
2024-10-15 04:39:33.695691 India: Hotel, sending you 4
2024-10-15 04:39:33.702308 India: November, sending you 1
2024-10-15 04:39:33.706730 India: Sierra, sending you 3
chatterbot Alpha submitting transactions
chatterbot Uniform submitting transactions
chatterbot Hotel submitting transactions
chatterbot Yankee submitting transactions
chatterbot November submitting transactions
chatterbot Kilo submitting transactions
chatterbot Sierra submitting transactions
chatterbot India submitting transactions
chatterbot Victor submitting transactions
ChatterBot India round 4
ChatterBot Uniform round 4
ChatterBot Alpha round 4
ChatterBot Victor round 4
ChatterBot Kilo round 4
ChatterBot Hotel round 4
ChatterBot November round 4
2024-10-15 04:39:34.576570 Alpha: We should add India
2024-10-15 04:39:34.588151 Sierra: Yes
2024-10-15 04:39:34.588460 Uniform: Yes
2024-10-15 04:39:34.588693 Hotel: Yes
2024-10-15 04:39:34.588871 November: Yes
ChatterBot Yankee round 4
ChatterBot Sierra round 4
ChatterBot Tango round 4
2024-10-15 04:39:34.663597 Kilo: We should add India
2024-10-15 04:39:34.672078 Victor: No
2024-10-15 04:39:34.673259 Tango: No
2024-10-15 04:39:34.673839 Yankee: No
ChatterBot Kilo reevaluating
ChatterBot Kilo reevaluating
ChatterBot Kilo reevaluating
2024-10-15 04:39:34.711415 Alpha: India we want you to join our group
2024-10-15 04:39:34.718024 India: Yes
2024-10-15 04:39:34.753673 India: Uniform, sending you 4
2024-10-15 04:39:34.755670 Victor: Kilo, sending you 6
2024-10-15 04:39:34.759711 India: Alpha, sending you 1
2024-10-15 04:39:34.761743 Victor: Yankee, sending you 5
2024-10-15 04:39:34.762219 Alpha: India, Hotel and November, sending you 3
2024-10-15 04:39:34.763173 Sierra: India, sending you 3
2024-10-15 04:39:34.764815 Yankee: Sending you each 4
2024-10-15 04:39:34.765351 India: Hotel, sending you 5
2024-10-15 04:39:34.766111 Hotel: Sending you each 3
2024-10-15 04:39:34.767743 November: Same as last round
2024-10-15 04:39:34.768915 Victor: Tango, sending you 7
2024-10-15 04:39:34.769706 Alpha: Uniform, sending you 4
2024-10-15 04:39:34.771593 Uniform: India, Hotel and Sierra, sending you 4
2024-10-15 04:39:34.772866 Sierra: Uniform and Hotel, sending you 4
2024-10-15 04:39:34.774991 India: November, sending you 2
2024-10-15 04:39:34.775997 Tango: Victor, sending you 6
2024-10-15 04:39:34.776717 Alpha: Sierra, sending you 6
2024-10-15 04:39:34.778840 Uniform: Alpha, sending you 5
2024-10-15 04:39:34.779786 Sierra: Alpha, sending you 6
2024-10-15 04:39:34.780758 India: Sierra, sending you 3
2024-10-15 04:39:34.782772 Tango: Kilo, sending you 5
2024-10-15 04:39:34.783470 Kilo: Victor, sending you 7
2024-10-15 04:39:34.784248 Uniform: November, sending you 2
2024-10-15 04:39:34.786202 Sierra: November, sending you 2
2024-10-15 04:39:34.787692 Tango: Yankee, sending you 4
2024-10-15 04:39:34.788708 Kilo: Yankee, sending you 5
2024-10-15 04:39:34.794688 Kilo: Tango, sending you 6
chatterbot India submitting transactions
chatterbot Hotel submitting transactions
chatterbot November submitting transactions
chatterbot Tango submitting transactions
chatterbot Sierra submitting transactions
chatterbot Victor submitting transactions
chatterbot Yankee submitting transactions
chatterbot Kilo submitting transactions
chatterbot Alpha submitting transactions
chatterbot Uniform submitting transactions
ChatterBot India round 5
ChatterBot Uniform round 5
ChatterBot Alpha round 5
ChatterBot Victor round 5
ChatterBot Kilo round 5
ChatterBot Hotel round 5
ChatterBot November round 5
ChatterBot Yankee round 5
ChatterBot Sierra round 5
ChatterBot Tango round 5
2024-10-15 04:39:35.935695 Hotel: Same as last round
2024-10-15 04:39:35.937702 November: Same as last round
2024-10-15 04:39:35.939654 Alpha: India, sending you 2
2024-10-15 04:39:35.940667 Yankee: Victor and Kilo, sending you 4
2024-10-15 04:39:35.941719 India: Uniform and Hotel, sending you 4
2024-10-15 04:39:35.942644 Alpha: Uniform and Sierra, sending you 5
2024-10-15 04:39:35.943667 Yankee: Tango, sending you 5
2024-10-15 04:39:35.945656 Tango: Victor, sending you 6
2024-10-15 04:39:35.945979 Sierra: India and November, sending you 3
2024-10-15 04:39:35.946680 India: Alpha and November, sending you 2
2024-10-15 04:39:35.947684 Alpha: Hotel, sending you 4
2024-10-15 04:39:35.948680 Kilo: Victor, sending you 7
2024-10-15 04:39:35.950014 Tango: Kilo, sending you 5
2024-10-15 04:39:35.950404 Uniform: India, Hotel and Sierra, sending you 4
2024-10-15 04:39:35.950955 India: Sierra, sending you 3
2024-10-15 04:39:35.951463 Sierra: Uniform and Hotel, sending you 4
2024-10-15 04:39:35.951848 Victor: Sending you each 6
2024-10-15 04:39:35.952126 Alpha: November, sending you 3
2024-10-15 04:39:35.952678 Kilo: Yankee and Tango, sending you 6
2024-10-15 04:39:35.953090 Tango: Yankee, sending you 4
2024-10-15 04:39:35.955655 Uniform: Alpha, sending you 5
2024-10-15 04:39:35.956474 Sierra: Alpha, sending you 5
2024-10-15 04:39:35.960657 Uniform: November, sending you 2
chatterbot Victor submitting transactions
chatterbot Alpha submitting transactions
chatterbot November submitting transactions
chatterbot Tango submitting transactions
chatterbot Uniform submitting transactions
chatterbot Sierra submitting transactions
chatterbot Yankee submitting transactions
chatterbot Kilo submitting transactions
chatterbot India submitting transactions
chatterbot Hotel submitting transactions
ChatterBot India round 6
ChatterBot Uniform round 6
ChatterBot Alpha round 6
ChatterBot Victor round 6
ChatterBot Kilo round 6
ChatterBot Hotel round 6
ChatterBot November round 6
ChatterBot Yankee round 6
ChatterBot Sierra round 6
ChatterBot Tango round 6
2024-10-15 04:39:37.254024 Hotel: India, Uniform, Alpha and Sierra, sending you 3
2024-10-15 04:39:37.255299 Alpha: India, sending you 2
2024-10-15 04:39:37.258625 November: Same as last round
2024-10-15 04:39:37.259991 Victor: Same as last round
2024-10-15 04:39:37.261473 Hotel: November, sending you 2
2024-10-15 04:39:37.263406 Tango: Victor, sending you 6
2024-10-15 04:39:37.265009 India: Uniform and Hotel, sending you 4
2024-10-15 04:39:37.266308 Uniform: India, Hotel and Sierra, sending you 4
2024-10-15 04:39:37.268519 Alpha: Uniform and Sierra, sending you 5
2024-10-15 04:39:37.270563 Yankee: Victor and Kilo, sending you 4
2024-10-15 04:39:37.271557 Sierra: India and November, sending you 3
2024-10-15 04:39:37.273342 India: Alpha and November, sending you 2
2024-10-15 04:39:37.274203 Tango: Kilo, sending you 5
2024-10-15 04:39:37.274781 Uniform: Alpha, sending you 5
2024-10-15 04:39:37.276905 Kilo: Victor, sending you 7
2024-10-15 04:39:37.277581 Alpha: Hotel, sending you 4
2024-10-15 04:39:37.279637 Yankee: Tango, sending you 5
2024-10-15 04:39:37.280483 Sierra: Uniform and Hotel, sending you 4
2024-10-15 04:39:37.282371 India: Sierra, sending you 3
2024-10-15 04:39:37.284540 Tango: Yankee, sending you 4
2024-10-15 04:39:37.285433 Uniform: November, sending you 2
2024-10-15 04:39:37.287704 Kilo: Yankee and Tango, sending you 6
2024-10-15 04:39:37.289159 Alpha: November, sending you 3
2024-10-15 04:39:37.291518 Sierra: Alpha, sending you 5
chatterbot Kilo submitting transactions
chatterbot Tango submitting transactions
chatterbot Victor submitting transactions
chatterbot Alpha submitting transactions
chatterbot Sierra submitting transactions
chatterbot November submitting transactions
chatterbot India submitting transactions
chatterbot Yankee submitting transactions
chatterbot Uniform submitting transactions
chatterbot Hotel submitting transactions
ChatterBot India round 7
ChatterBot Uniform round 7
ChatterBot Alpha round 7
ChatterBot Victor round 7
ChatterBot Kilo round 7
ChatterBot Hotel round 7
ChatterBot November round 7
ChatterBot Yankee round 7
ChatterBot Sierra round 7
ChatterBot Tango round 7
2024-10-15 04:39:38.484715 India: Uniform and Hotel, sending you 4
2024-10-15 04:39:38.486681 Alpha: India, sending you 2
2024-10-15 04:39:38.488707 India: Alpha and November, sending you 2
2024-10-15 04:39:38.490740 Alpha: Uniform and Sierra, sending you 5
2024-10-15 04:39:38.492491 Victor: Same as last round
2024-10-15 04:39:38.492905 November: Same as last round
2024-10-15 04:39:38.494046 Yankee: Victor and Kilo, sending you 4
2024-10-15 04:39:38.494931 India: Sierra, sending you 3
2024-10-15 04:39:38.495546 Hotel: India, Uniform, Alpha and Sierra, sending you 3
2024-10-15 04:39:38.496187 Kilo: Victor, sending you 7
2024-10-15 04:39:38.496536 Alpha: Hotel, sending you 4
2024-10-15 04:39:38.498673 Yankee: Tango, sending you 5
2024-10-15 04:39:38.499157 Kilo: Yankee and Tango, sending you 6
2024-10-15 04:39:38.499654 Alpha: November, sending you 3
2024-10-15 04:39:38.501217 Hotel: November, sending you 2
2024-10-15 04:39:38.502690 Uniform: India, Hotel and Sierra, sending you 4
2024-10-15 04:39:38.506679 Uniform: Alpha, sending you 5
2024-10-15 04:39:38.510669 Sierra: India and November, sending you 3
2024-10-15 04:39:38.512397 Uniform: November, sending you 2
2024-10-15 04:39:38.513665 Tango: Sending you each 5
2024-10-15 04:39:38.515661 Sierra: Uniform and Hotel, sending you 4
2024-10-15 04:39:38.520700 Sierra: Alpha, sending you 5
chatterbot Kilo submitting transactions
chatterbot India submitting transactions
chatterbot Victor submitting transactions
chatterbot Uniform submitting transactions
chatterbot Hotel submitting transactions
chatterbot Alpha submitting transactions
chatterbot Sierra submitting transactions
chatterbot Tango submitting transactions
chatterbot Yankee submitting transactions
chatterbot November submitting transactions
ChatterBot India round 8
ChatterBot Uniform round 8
ChatterBot Alpha round 8
ChatterBot Victor round 8
ChatterBot Kilo round 8
ChatterBot Hotel round 8
ChatterBot November round 8
ChatterBot Yankee round 8
ChatterBot Sierra round 8
ChatterBot Tango round 8
2024-10-15 04:39:39.762793 Alpha: We should drop November
2024-10-15 04:39:39.775854 India: No
2024-10-15 04:39:39.776062 Uniform: No
2024-10-15 04:39:39.776317 Hotel: No
2024-10-15 04:39:39.776588 Sierra: No
ChatterBot Alpha reevaluating
ChatterBot Alpha reevaluating
ChatterBot Alpha reevaluating
ChatterBot Alpha reevaluating
2024-10-15 04:39:39.840662 India: Uniform and Hotel, sending you 4
2024-10-15 04:39:39.845664 India: Alpha and November, sending you 2
2024-10-15 04:39:39.847992 Victor: Same as last round
2024-10-15 04:39:39.851686 India: Sierra, sending you 3
2024-10-15 04:39:39.854718 Sierra: India and November, sending you 3
2024-10-15 04:39:39.857425 Tango: Same as last round
2024-10-15 04:39:39.858794 Hotel: India, Uniform, Alpha and Sierra, sending you 3
2024-10-15 04:39:39.861015 Yankee: Victor and Kilo, sending you 4
2024-10-15 04:39:39.862512 Kilo: Victor, sending you 7
2024-10-15 04:39:39.863276 Uniform: India, Hotel and Sierra, sending you 4
2024-10-15 04:39:39.865549 Alpha: India, sending you 2
2024-10-15 04:39:39.867390 Sierra: Uniform and Hotel, sending you 4
2024-10-15 04:39:39.868457 Hotel: November, sending you 2
2024-10-15 04:39:39.870023 Yankee: Tango, sending you 5
2024-10-15 04:39:39.870764 Kilo: Yankee and Tango, sending you 6
2024-10-15 04:39:39.872337 November: Same as last round
2024-10-15 04:39:39.874003 Uniform: Alpha, sending you 5
2024-10-15 04:39:39.876650 Alpha: Uniform and Sierra, sending you 5
2024-10-15 04:39:39.878915 Sierra: Alpha, sending you 5
2024-10-15 04:39:39.881773 Uniform: November, sending you 2
2024-10-15 04:39:39.883496 Alpha: Hotel, sending you 4
2024-10-15 04:39:39.888668 Alpha: November, sending you 3
chatterbot Yankee submitting transactions
chatterbot India submitting transactions
chatterbot November submitting transactions
chatterbot Victor submitting transactions
chatterbot Kilo submitting transactions
chatterbot Uniform submitting transactions
chatterbot Hotel submitting transactions
chatterbot Alpha submitting transactions
chatterbot Sierra submitting transactions
chatterbot Tango submitting transactions
ChatterBot India round 9
ChatterBot Uniform round 9
ChatterBot Alpha round 9
ChatterBot Victor round 9
ChatterBot Kilo round 9
ChatterBot Hotel round 9
ChatterBot November round 9
ChatterBot Yankee round 9
ChatterBot Sierra round 9
ChatterBot Tango round 9
2024-10-15 04:39:41.030381 Alpha: India, sending you 2
2024-10-15 04:39:41.034048 Alpha: Uniform and Sierra, sending you 5
2024-10-15 04:39:41.037362 India: Uniform and Hotel, sending you 4
2024-10-15 04:39:41.038331 Uniform: India, Hotel and Sierra, sending you 4
2024-10-15 04:39:41.039728 Kilo: Victor, sending you 7
2024-10-15 04:39:41.040391 Alpha: Hotel, sending you 4
2024-10-15 04:39:41.042330 November: Same as last round
2024-10-15 04:39:41.043443 Victor: Same as last round
2024-10-15 04:39:41.043988 India: Alpha and November, sending you 2
2024-10-15 04:39:41.046438 Yankee: Victor and Kilo, sending you 4
2024-10-15 04:39:41.047239 Uniform: Alpha, sending you 5
2024-10-15 04:39:41.048420 Kilo: Yankee and Tango, sending you 6
2024-10-15 04:39:41.048965 Alpha: November, sending you 3
2024-10-15 04:39:41.050626 Sierra: India and November, sending you 3
2024-10-15 04:39:41.051925 India: Sierra, sending you 3
2024-10-15 04:39:41.052729 Yankee: Tango, sending you 5
2024-10-15 04:39:41.053097 Uniform: November, sending you 2
2024-10-15 04:39:41.053809 Tango: Same as last round
2024-10-15 04:39:41.054165 Hotel: India, Uniform, Alpha and Sierra, sending you 3
2024-10-15 04:39:41.055839 Sierra: Uniform and Hotel, sending you 4
2024-10-15 04:39:41.060685 Hotel: November, sending you 2
2024-10-15 04:39:41.061774 Sierra: Alpha, sending you 5
chatterbot Tango submitting transactions
chatterbot Yankee submitting transactions
chatterbot Victor submitting transactions
chatterbot November submitting transactions
chatterbot India submitting transactions
chatterbot Hotel submitting transactions
chatterbot Alpha submitting transactions
chatterbot Kilo submitting transactions
chatterbot Uniform submitting transactions
chatterbot Sierra submitting transactions
ChatterBot India round 10
ChatterBot Uniform round 10
ChatterBot Alpha round 10
ChatterBot Victor round 10
ChatterBot Kilo round 10
ChatterBot Hotel round 10
ChatterBot November round 10
ChatterBot Yankee round 10
ChatterBot Sierra round 10
ChatterBot Tango round 10
2024-10-15 04:39:42.236674 Yankee: Victor and Kilo, sending you 4
2024-10-15 04:39:42.239032 India: Uniform and Hotel, sending you 4
2024-10-15 04:39:42.240682 Sierra: India and November, sending you 3
2024-10-15 04:39:42.241879 Uniform: India, Hotel and Sierra, sending you 4
2024-10-15 04:39:42.242986 Yankee: Tango, sending you 5
2024-10-15 04:39:42.243549 Alpha: India, sending you 2
2024-10-15 04:39:42.244654 India: Alpha and November, sending you 2
2024-10-15 04:39:42.245752 Kilo: Victor, sending you 7
2024-10-15 04:39:42.246394 Uniform: Alpha, sending you 5
2024-10-15 04:39:42.248278 Sierra: Uniform and Hotel, sending you 4
2024-10-15 04:39:42.249455 Alpha: Uniform and Sierra, sending you 5
2024-10-15 04:39:42.250566 November: Same as last round
2024-10-15 04:39:42.251660 Victor: Same as last round
2024-10-15 04:39:42.252234 India: Sierra, sending you 3
2024-10-15 04:39:42.253307 Hotel: India, Uniform, Alpha and Sierra, sending you 3
2024-10-15 04:39:42.254384 Kilo: Yankee and Tango, sending you 6
2024-10-15 04:39:42.254920 Tango: Same as last round
2024-10-15 04:39:42.255425 Uniform: November, sending you 2
2024-10-15 04:39:42.256521 Sierra: Alpha, sending you 5
2024-10-15 04:39:42.258737 Alpha: Hotel, sending you 4
2024-10-15 04:39:42.259906 Hotel: November, sending you 2
2024-10-15 04:39:42.263688 Alpha: November, sending you 3
chatterbot Sierra submitting transactions
chatterbot Yankee submitting transactions
chatterbot November submitting transactions
chatterbot Victor submitting transactions
chatterbot Uniform submitting transactions
chatterbot Tango submitting transactions
chatterbot Alpha submitting transactions
chatterbot Kilo submitting transactions
chatterbot Hotel submitting transactions
chatterbot India submitting transactions
ChatterBot India round 11
ChatterBot Uniform round 11
ChatterBot Alpha round 11
ChatterBot Victor round 11
ChatterBot Kilo round 11
ChatterBot Hotel round 11
ChatterBot November round 11
ChatterBot Yankee round 11
ChatterBot Sierra round 11
ChatterBot Tango round 11
2024-10-15 04:39:43.403894 Kilo: We should add November
2024-10-15 04:39:43.415062 Victor: No
2024-10-15 04:39:43.415257 Tango: No
2024-10-15 04:39:43.415419 Yankee: No
ChatterBot Kilo reevaluating
ChatterBot Kilo reevaluating
ChatterBot Kilo reevaluating
2024-10-15 04:39:43.484652 Uniform: India, Hotel and Sierra, sending you 4
2024-10-15 04:39:43.486700 November: Same as last round
2024-10-15 04:39:43.489671 Uniform: Alpha, sending you 5
2024-10-15 04:39:43.490461 Sierra: India and November, sending you 3
2024-10-15 04:39:43.492679 Victor: Same as last round
2024-10-15 04:39:43.493188 Hotel: India, Uniform, Alpha and Sierra, sending you 3
2024-10-15 04:39:43.494104 Uniform: November, sending you 2
2024-10-15 04:39:43.495731 Tango: Same as last round
2024-10-15 04:39:43.496201 Alpha: India, sending you 2
2024-10-15 04:39:43.497089 Sierra: Uniform and Hotel, sending you 4
2024-10-15 04:39:43.498738 India: Uniform and Hotel, sending you 4
2024-10-15 04:39:43.499655 Hotel: November, sending you 2
2024-10-15 04:39:43.500626 Kilo: Victor and Tango, sending you 7
2024-10-15 04:39:43.501706 Alpha: Uniform and Sierra, sending you 5
2024-10-15 04:39:43.502597 Sierra: Alpha, sending you 5
2024-10-15 04:39:43.504025 India: Alpha and November, sending you 2
2024-10-15 04:39:43.506029 Yankee: Victor and Kilo, sending you 4
2024-10-15 04:39:43.506887 Kilo: Yankee, sending you 6
2024-10-15 04:39:43.507604 Alpha: Hotel, sending you 4
2024-10-15 04:39:43.509706 India: Sierra, sending you 3
2024-10-15 04:39:43.511401 Yankee: Tango, sending you 5
2024-10-15 04:39:43.513208 Alpha: November, sending you 3
chatterbot Uniform submitting transactions
chatterbot Hotel submitting transactions
chatterbot Victor submitting transactions
chatterbot Alpha submitting transactions
chatterbot India submitting transactions
chatterbot November submitting transactions
chatterbot Yankee submitting transactions
chatterbot Kilo submitting transactions
chatterbot Sierra submitting transactions
chatterbot Tango submitting transactions
ChatterBot India round 12
ChatterBot Uniform round 12
ChatterBot Alpha round 12
ChatterBot Victor round 12
ChatterBot Kilo round 12
ChatterBot Hotel round 12
ChatterBot November round 12
ChatterBot Yankee round 12
ChatterBot Sierra round 12
ChatterBot Tango round 12
2024-10-15 04:39:44.716701 Tango: Same as last round
2024-10-15 04:39:44.718828 India: Uniform and Hotel, sending you 4
2024-10-15 04:39:44.722866 Kilo: Victor and Tango, sending you 7
2024-10-15 04:39:44.724203 Yankee: Victor and Kilo, sending you 4
2024-10-15 04:39:44.725960 Uniform: India, Hotel and Sierra, sending you 4
2024-10-15 04:39:44.730133 November: Same as last round
2024-10-15 04:39:44.733586 India: Alpha and November, sending you 2
2024-10-15 04:39:44.737220 Kilo: Yankee, sending you 6
2024-10-15 04:39:44.739136 Yankee: Tango, sending you 5
2024-10-15 04:39:44.748358 Alpha: India, sending you 2
2024-10-15 04:39:44.758300 Uniform: Alpha, sending you 5
2024-10-15 04:39:44.766664 Victor: Same as last round
2024-10-15 04:39:44.770453 Hotel: India, Uniform, Alpha and Sierra, sending you 3
2024-10-15 04:39:44.773835 India: Sierra, sending you 3
2024-10-15 04:39:44.778179 Alpha: Uniform and Sierra, sending you 5
2024-10-15 04:39:44.782678 Sierra: India and November, sending you 3
2024-10-15 04:39:44.785664 Uniform: November, sending you 2
2024-10-15 04:39:44.788310 Hotel: November, sending you 2
2024-10-15 04:39:44.792274 Alpha: Hotel, sending you 4
2024-10-15 04:39:44.795355 Sierra: Uniform and Hotel, sending you 4
2024-10-15 04:39:44.797931 Alpha: November, sending you 3
2024-10-15 04:39:44.816406 Sierra: Alpha, sending you 5
chatterbot Victor submitting transactions
chatterbot Uniform submitting transactions
chatterbot November submitting transactions
chatterbot Sierra submitting transactions
chatterbot Tango submitting transactions
chatterbot Kilo submitting transactions
chatterbot Hotel submitting transactions
chatterbot Yankee submitting transactions
chatterbot Alpha submitting transactions
chatterbot India submitting transactions
ChatterBot India round 13
ChatterBot Uniform round 13
ChatterBot Alpha round 13
ChatterBot Victor round 13
ChatterBot Kilo round 13
ChatterBot Hotel round 13
ChatterBot November round 13
ChatterBot Yankee round 13
ChatterBot Sierra round 13
ChatterBot Tango round 13
2024-10-15 04:39:45.676209 Uniform: India, Hotel and Sierra, sending you 4
2024-10-15 04:39:45.677647 November: Same as last round
