ChatterBot Whiskey round 1
ChatterBot Delta round 1
ChatterBot Lima round 1
ChatterBot Foxtrot round 1
ChatterBot Hotel round 1
randomSelections Hotel: {Hotel, Romeo, Quebec, Delta, Uniform, Whiskey} 
2024-10-15 04:39:27.083507 Hotel: Friends?
ChatterBot Delta reevaluating
ChatterBot Whiskey reevaluating
2024-10-15 04:39:27.113104 Delta: Yes
2024-10-15 04:39:27.113360 Whiskey: Yes
ChatterBot Whiskey reevaluating
ChatterBot Delta reevaluating
ChatterBot Romeo round 1
ChatterBot Romeo reevaluating
ChatterBot Romeo reevaluating
ChatterBot Romeo reevaluating
2024-10-15 04:39:27.141399 Romeo: Yes
ChatterBot Delta reevaluating
ChatterBot Whiskey reevaluating
ChatterBot Victor round 1
ChatterBot Quebec round 1
ChatterBot Quebec reevaluating
ChatterBot Quebec reevaluating
ChatterBot Quebec reevaluating
ChatterBot Quebec reevaluating
2024-10-15 04:39:27.154654 Quebec: Yes
ChatterBot Romeo reevaluating
ChatterBot Delta reevaluating
ChatterBot Whiskey reevaluating
ChatterBot November round 1
ChatterBot Uniform round 1
ChatterBot Uniform reevaluating
ChatterBot Uniform reevaluating
ChatterBot Uniform reevaluating
ChatterBot Uniform reevaluating
ChatterBot Uniform reevaluating
2024-10-15 04:39:27.170677 Uniform: Yes
ChatterBot Romeo reevaluating
ChatterBot Quebec reevaluating
ChatterBot Delta reevaluating
ChatterBot Whiskey reevaluating
randomSelections Foxtrot: {Foxtrot, November, Lima, Romeo, Uniform, Delta} 
2024-10-15 04:39:27.183074 Foxtrot: Let's form a team
ChatterBot November reevaluating
ChatterBot Lima reevaluating
ChatterBot Romeo reevaluating
ChatterBot Uniform reevaluating
ChatterBot Delta reevaluating
2024-10-15 04:39:27.191345 November: Yes
2024-10-15 04:39:27.191482 Lima: Yes
2024-10-15 04:39:27.191553 Romeo: No
2024-10-15 04:39:27.191696 Uniform: No
2024-10-15 04:39:27.191780 Delta: No
ChatterBot Lima reevaluating
ChatterBot Romeo reevaluating
ChatterBot Uniform reevaluating
ChatterBot Delta reevaluating
ChatterBot November reevaluating
ChatterBot Romeo reevaluating
ChatterBot Uniform reevaluating
ChatterBot Delta reevaluating
ChatterBot November reevaluating
ChatterBot Lima reevaluating
ChatterBot Uniform reevaluating
ChatterBot Delta reevaluating
ChatterBot November reevaluating
ChatterBot Lima reevaluating
ChatterBot Romeo reevaluating
ChatterBot Delta reevaluating
ChatterBot November reevaluating
ChatterBot Lima reevaluating
ChatterBot Romeo reevaluating
ChatterBot Uniform reevaluating
randomSelections Victor: {Victor, Foxtrot, Hotel, Quebec, Whiskey} 
2024-10-15 04:39:27.232780 Victor: We would work well together
ChatterBot Quebec reevaluating
2024-10-15 04:39:27.237844 Foxtrot: No
2024-10-15 04:39:27.237987 Hotel: No
2024-10-15 04:39:27.238619 Quebec: No
2024-10-15 04:39:27.238714 Whiskey: No
ChatterBot Quebec reevaluating
ChatterBot Quebec reevaluating
ChatterBot Quebec reevaluating
2024-10-15 04:39:27.284281 Hotel: Whiskey, sending you 8
2024-10-15 04:39:27.307563 Victor: Whiskey, Hotel and Quebec, sending you 5
2024-10-15 04:39:27.308927 Whiskey: Delta and Hotel, sending you 4
2024-10-15 04:39:27.309506 Romeo: Whiskey, sending you 4
2024-10-15 04:39:27.310832 Hotel: Delta, Romeo and Quebec, sending you 2
2024-10-15 04:39:27.311456 Foxtrot: Delta and Uniform, sending you 3
2024-10-15 04:39:27.312554 Lima: Delta and Romeo, sending you 5
2024-10-15 04:39:27.313121 Delta: Whiskey and Uniform, sending you 5
2024-10-15 04:39:27.314582 Victor: Foxtrot, sending you 2
2024-10-15 04:39:27.315121 November: Delta, sending you 5
2024-10-15 04:39:27.316479 Whiskey: Romeo, sending you 3
2024-10-15 04:39:27.317140 Hotel: Uniform, sending you 3
2024-10-15 04:39:27.318408 Romeo: Delta and Uniform, sending you 1
2024-10-15 04:39:27.319054 Foxtrot: Lima, Romeo and November, sending you 4
2024-10-15 04:39:27.320197 Lima: Foxtrot, sending you 3
2024-10-15 04:39:27.320631 Quebec: Whiskey, sending you 3
2024-10-15 04:39:27.322154 Delta: Hotel, sending you 2
2024-10-15 04:39:27.322817 Uniform: Whiskey and Delta, sending you 1
2024-10-15 04:39:27.324098 November: Lima, sending you 4
2024-10-15 04:39:27.325526 Whiskey: Quebec and Uniform, sending you 2
2024-10-15 04:39:27.326356 Romeo: Hotel, sending you 2
2024-10-15 04:39:27.328040 Lima: November, sending you 1
2024-10-15 04:39:27.328651 Quebec: Delta, Romeo and Uniform, sending you 2
2024-10-15 04:39:27.332990 Uniform: Hotel and Romeo, sending you 3
2024-10-15 04:39:27.333795 Delta: Romeo and Quebec, sending you 3
2024-10-15 04:39:27.334550 November: Foxtrot, Romeo and Uniform, sending you 3
2024-10-15 04:39:27.337031 Romeo: Quebec, sending you 7
2024-10-15 04:39:27.337752 Lima: Uniform, sending you 2
2024-10-15 04:39:27.338563 Quebec: Hotel, sending you 6
2024-10-15 04:39:27.344126 Uniform: Quebec, sending you 5
chatterbot Whiskey submitting transactions
chatterbot Delta submitting transactions
chatterbot Lima submitting transactions
chatterbot Uniform submitting transactions
chatterbot Hotel submitting transactions
chatterbot Foxtrot submitting transactions
chatterbot Victor submitting transactions
chatterbot Quebec submitting transactions
chatterbot Romeo submitting transactions
chatterbot November submitting transactions
ChatterBot Whiskey round 2
ChatterBot Delta round 2
ChatterBot Lima round 2
2024-10-15 04:39:28.372917 Delta: Friends?
ChatterBot Lima reevaluating
ChatterBot Foxtrot reevaluating
ChatterBot November reevaluating
2024-10-15 04:39:28.401342 Lima: No
2024-10-15 04:39:28.401747 Foxtrot: No
2024-10-15 04:39:28.402073 November: No
ChatterBot Foxtrot reevaluating
ChatterBot November reevaluating
ChatterBot Lima reevaluating
ChatterBot November reevaluating
ChatterBot Lima reevaluating
ChatterBot Foxtrot reevaluating
2024-10-15 04:39:28.456389 Whiskey: We should replace Uniform with Victor
ChatterBot Hotel reevaluating
ChatterBot Romeo reevaluating
ChatterBot Quebec reevaluating
2024-10-15 04:39:28.486227 Delta: No
2024-10-15 04:39:28.486353 Hotel: Yes
2024-10-15 04:39:28.486474 Romeo: No
2024-10-15 04:39:28.486578 Quebec: No
ChatterBot Whiskey reevaluating
ChatterBot Hotel reevaluating
ChatterBot Romeo reevaluating
ChatterBot Quebec reevaluating
ChatterBot Whiskey reevaluating
ChatterBot Romeo reevaluating
ChatterBot Quebec reevaluating
ChatterBot Whiskey reevaluating
ChatterBot Hotel reevaluating
ChatterBot Quebec reevaluating
ChatterBot Whiskey reevaluating
ChatterBot Hotel reevaluating
ChatterBot Romeo reevaluating
2024-10-15 04:39:28.590951 Hotel: Group up?
ChatterBot Victor reevaluating
2024-10-15 04:39:28.601249 Victor: Yes
ChatterBot Hotel reevaluating
2024-10-15 04:39:28.611976 Victor: Can we be friends?
ChatterBot Hotel reevaluating
2024-10-15 04:39:28.622512 Hotel: Yes
ChatterBot Victor reevaluating
ChatterBot Foxtrot round 2
ChatterBot Hotel round 2
ChatterBot Romeo round 2
ChatterBot Victor round 2
ChatterBot Quebec round 2
ChatterBot November round 2
ChatterBot Uniform round 2
2024-10-15 04:39:28.637880 Whiskey: We should add Victor
ChatterBot Hotel reevaluating
ChatterBot Romeo reevaluating
ChatterBot Quebec reevaluating
ChatterBot Uniform reevaluating
2024-10-15 04:39:28.651028 Hotel: Yes
2024-10-15 04:39:28.651134 Romeo: Yes
2024-10-15 04:39:28.651235 Quebec: Yes
2024-10-15 04:39:28.651336 Delta: No
2024-10-15 04:39:28.651434 Uniform: No
ChatterBot Romeo reevaluating
ChatterBot Quebec reevaluating
ChatterBot Uniform reevaluating
ChatterBot Whiskey reevaluating
ChatterBot Hotel reevaluating
ChatterBot Quebec reevaluating
ChatterBot Uniform reevaluating
ChatterBot Whiskey reevaluating
ChatterBot Hotel reevaluating
ChatterBot Romeo reevaluating
ChatterBot Uniform reevaluating
ChatterBot Whiskey reevaluating
ChatterBot Hotel reevaluating
ChatterBot Romeo reevaluating
ChatterBot Quebec reevaluating
ChatterBot Uniform reevaluating
ChatterBot Whiskey reevaluating
ChatterBot Hotel reevaluating
ChatterBot Romeo reevaluating
ChatterBot Quebec reevaluating
ChatterBot Whiskey reevaluating
2024-10-15 04:39:28.753606 Victor: We should group up
ChatterBot Whiskey reevaluating
ChatterBot Uniform reevaluating
2024-10-15 04:39:28.767300 Whiskey: No
2024-10-15 04:39:28.767489 Hotel: Yes
2024-10-15 04:39:28.767588 Romeo: Yes
2024-10-15 04:39:28.767705 Quebec: Yes
2024-10-15 04:39:28.767795 Uniform: No
ChatterBot Victor reevaluating
ChatterBot Uniform reevaluating
ChatterBot Victor reevaluating
ChatterBot Whiskey reevaluating
ChatterBot Uniform reevaluating
ChatterBot Victor reevaluating
ChatterBot Whiskey reevaluating
ChatterBot Uniform reevaluating
ChatterBot Victor reevaluating
ChatterBot Whiskey reevaluating
ChatterBot Uniform reevaluating
ChatterBot Victor reevaluating
ChatterBot Whiskey reevaluating
2024-10-15 04:39:28.860123 Hotel: Victor we want you to join our group
ChatterBot Victor reevaluating
2024-10-15 04:39:28.864380 Victor: Yes
ChatterBot Whiskey reevaluating
ChatterBot Delta reevaluating
2024-10-15 04:39:28.885620 Delta: Friends?
ChatterBot Whiskey reevaluating
ChatterBot Victor reevaluating
ChatterBot Uniform reevaluating
2024-10-15 04:39:28.915892 Romeo: Yes
2024-10-15 04:39:28.916139 Whiskey: No
2024-10-15 04:39:28.916741 Hotel: No
2024-10-15 04:39:28.916856 Victor: No
2024-10-15 04:39:28.916989 Quebec: No
2024-10-15 04:39:28.917117 Uniform: No
2024-10-15 04:39:28.917245 Lima: No
2024-10-15 04:39:28.917385 Foxtrot: No
2024-10-15 04:39:28.918081 November: No
ChatterBot Whiskey reevaluating
ChatterBot Delta reevaluating
ChatterBot Victor reevaluating
ChatterBot Uniform reevaluating
ChatterBot November reevaluating
ChatterBot Delta reevaluating
ChatterBot Victor reevaluating
ChatterBot Uniform reevaluating
ChatterBot November reevaluating
ChatterBot Whiskey reevaluating
ChatterBot Delta reevaluating
ChatterBot Victor reevaluating
ChatterBot Uniform reevaluating
ChatterBot Lima reevaluating
ChatterBot November reevaluating
ChatterBot Whiskey reevaluating
ChatterBot Delta reevaluating
ChatterBot Uniform reevaluating
ChatterBot Lima reevaluating
ChatterBot November reevaluating
ChatterBot Whiskey reevaluating
ChatterBot Delta reevaluating
ChatterBot Victor reevaluating
ChatterBot Uniform reevaluating
ChatterBot Lima reevaluating
ChatterBot November reevaluating
ChatterBot Whiskey reevaluating
ChatterBot Delta reevaluating
ChatterBot Victor reevaluating
ChatterBot Lima reevaluating
ChatterBot November reevaluating
ChatterBot Whiskey reevaluating
ChatterBot Delta reevaluating
ChatterBot Victor reevaluating
ChatterBot Uniform reevaluating
ChatterBot November reevaluating
ChatterBot Whiskey reevaluating
ChatterBot Delta reevaluating
ChatterBot Victor reevaluating
ChatterBot Uniform reevaluating
ChatterBot Lima reevaluating
ChatterBot November reevaluating
ChatterBot Whiskey reevaluating
ChatterBot Delta reevaluating
ChatterBot Victor reevaluating
ChatterBot Uniform reevaluating
ChatterBot Lima reevaluating
2024-10-15 04:39:29.335941 Quebec: Victor we want you to join our group
2024-10-15 04:39:29.339892 Victor: Yes
ChatterBot Whiskey reevaluating
ChatterBot Delta reevaluating
2024-10-15 04:39:29.654808 Romeo: Whiskey, Delta, Foxtrot, Hotel, Victor, Quebec, November and Uniform, sending you 2
2024-10-15 04:39:29.656103 Foxtrot: Lima, Victor and November, sending you 4
2024-10-15 04:39:29.656566 Whiskey: Victor we want you to join our group
2024-10-15 04:39:29.661875 Victor: Yes
ChatterBot Delta reevaluating
chatterbot Hotel submitting transactions
chatterbot Delta submitting transactions
2024-10-15 04:39:29.679361 Victor: Whiskey and Delta, sending you 4
2024-10-15 04:39:29.679697 Romeo: Lima, sending you 3
2024-10-15 04:39:30.215150 November: Lima, sending you 4
2024-10-15 04:39:30.216001 Quebec: Whiskey, Delta and Hotel, sending you 2
2024-10-15 04:39:30.217519 Uniform: Whiskey, Romeo and Quebec, sending you 2
2024-10-15 04:39:30.218786 Lima: Foxtrot and November, sending you 5
2024-10-15 04:39:30.219275 Hotel: Whiskey, sending you 3
2024-10-15 04:39:30.220493 Victor: Hotel, Romeo, Quebec and Uniform, sending you 3
chatterbot Romeo submitting transactions
chatterbot Uniform submitting transactions
chatterbot Quebec submitting transactions
chatterbot Victor submitting transactions
chatterbot Lima submitting transactions
2024-10-15 04:39:30.222495 November: Foxtrot, sending you 14
chatterbot Whiskey submitting transactions
2024-10-15 04:39:30.224202 Quebec: Romeo, Victor and Uniform, sending you 3
2024-10-15 04:39:30.225456 Hotel: Delta, Romeo and Uniform, sending you 2
2024-10-15 04:39:30.226102 Uniform: Delta, sending you 4
2024-10-15 04:39:30.227455 Whiskey: Delta and Hotel, sending you 4
chatterbot Foxtrot submitting transactions
2024-10-15 04:39:30.531322 Hotel: Victor and Quebec, sending you 4
2024-10-15 04:39:30.532423 Uniform: Hotel, sending you 3
2024-10-15 04:39:30.533070 Whiskey: Romeo and Victor, sending you 3
2024-10-15 04:39:30.644273 Delta: Whiskey, Lima, Foxtrot, Hotel, Romeo, Victor, Quebec, November and Uniform, sending you 2
2024-10-15 04:39:30.645402 Whiskey: Quebec, sending you 2
chatterbot November submitting transactions
ChatterBot Whiskey round 3
ChatterBot Delta round 3
ChatterBot Lima round 3
ChatterBot Foxtrot round 3
ChatterBot Hotel round 3
2024-10-15 04:39:30.741459 Whiskey: We should add Uniform
ChatterBot Delta reevaluating
2024-10-15 04:39:30.757450 Delta: Yes
2024-10-15 04:39:30.757659 Hotel: Yes
2024-10-15 04:39:30.757807 Romeo: Yes
2024-10-15 04:39:30.757924 Victor: Yes
2024-10-15 04:39:30.758672 Quebec: Yes
ChatterBot Delta reevaluating
ChatterBot Delta reevaluating
ChatterBot Delta reevaluating
ChatterBot Delta reevaluating
ChatterBot Romeo round 3
ChatterBot Victor round 3
ChatterBot Quebec round 3
ChatterBot November round 3
ChatterBot Uniform round 3
2024-10-15 04:39:30.854211 Whiskey: Uniform we want you to join our group
ChatterBot Uniform reevaluating
2024-10-15 04:39:30.858936 Uniform: Yes
ChatterBot Delta reevaluating
ChatterBot Romeo reevaluating
2024-10-15 04:39:30.879561 Uniform: We should add Victor
ChatterBot Romeo reevaluating
ChatterBot Delta reevaluating
2024-10-15 04:39:30.894921 Hotel: Yes
2024-10-15 04:39:30.895137 Romeo: Yes
2024-10-15 04:39:30.895285 Quebec: Yes
2024-10-15 04:39:30.895997 Delta: Yes
2024-10-15 04:39:30.896187 Whiskey: Yes
ChatterBot Romeo reevaluating
ChatterBot Delta reevaluating
ChatterBot Uniform reevaluating
ChatterBot Delta reevaluating
ChatterBot Uniform reevaluating
ChatterBot Romeo reevaluating
ChatterBot Delta reevaluating
ChatterBot Uniform reevaluating
ChatterBot Romeo reevaluating
ChatterBot Uniform reevaluating
ChatterBot Romeo reevaluating
ChatterBot Delta reevaluating
ChatterBot Uniform reevaluating
2024-10-15 04:39:31.000461 Foxtrot: We should drop Victor
ChatterBot Lima reevaluating
ChatterBot November reevaluating
2024-10-15 04:39:31.008874 Lima: Yes
2024-10-15 04:39:31.009693 November: Yes
ChatterBot November reevaluating
ChatterBot Lima reevaluating
2024-10-15 04:39:31.025233 Lima: We should replace Victor with Romeo
ChatterBot November reevaluating
2024-10-15 04:39:31.033998 Foxtrot: No
2024-10-15 04:39:31.034764 November: Yes
ChatterBot Lima reevaluating
ChatterBot November reevaluating
ChatterBot Lima reevaluating
chatterbot Delta submitting transactions
2024-10-15 04:39:31.092794 Uniform: Victor we want you to join our group
2024-10-15 04:39:31.098945 Victor: Yes
ChatterBot Uniform reevaluating
chatterbot Foxtrot submitting transactions
2024-10-15 04:39:31.174594 Hotel: Whiskey, sending you 4
2024-10-15 04:39:31.175073 Foxtrot: Lima, sending you 4
2024-10-15 04:39:31.175306 Quebec: Whiskey, sending you 1
2024-10-15 04:39:31.176212 Delta: Sending you each 3
2024-10-15 04:39:31.176574 Romeo: Whiskey, sending you 4
2024-10-15 04:39:31.176895 Whiskey: Delta, Romeo, Victor and Quebec, sending you 3
2024-10-15 04:39:31.177712 Victor: Whiskey and Quebec, sending you 4
chatterbot Whiskey submitting transactions
2024-10-15 04:39:31.178304 Foxtrot: November, sending you 3
2024-10-15 04:39:31.185943 Hotel: Delta and Romeo, sending you 2
2024-10-15 04:39:31.187002 Quebec: Delta, sending you 2
2024-10-15 04:39:31.187461 Whiskey: Hotel, sending you 4
2024-10-15 04:39:31.188344 Victor: Delta and Romeo, sending you 3
2024-10-15 04:39:31.188815 November: Lima, sending you 7
2024-10-15 04:39:31.189659 Lima: Foxtrot, sending you 5
2024-10-15 04:39:31.189860 Romeo: Delta, Hotel, Victor, Quebec and Uniform, sending you 3
2024-10-15 04:39:31.200963 Whiskey: Uniform, sending you 2
2024-10-15 04:39:31.202048 Hotel: Victor, Quebec and Uniform, sending you 3
2024-10-15 04:39:31.202521 Quebec: Hotel, Romeo, Victor and Uniform, sending you 3
2024-10-15 04:39:31.202923 November: Foxtrot, sending you 8
2024-10-15 04:39:31.203838 Lima: November, sending you 4
2024-10-15 04:39:31.204038 Victor: Hotel, sending you 5
2024-10-15 04:39:31.226577 Victor: Uniform, sending you 1
2024-10-15 04:39:31.227493 Uniform: Whiskey, sending you 1
2024-10-15 04:39:31.227809 November: Romeo, sending you 3
2024-10-15 04:39:31.243910 Uniform: Delta and Quebec, sending you 3
2024-10-15 04:39:31.287887 Uniform: Hotel, Romeo and Victor, sending you 2
chatterbot Hotel submitting transactions
chatterbot Romeo submitting transactions
chatterbot Lima submitting transactions
chatterbot Delta submitting transactions
chatterbot Uniform submitting transactions
chatterbot November submitting transactions
chatterbot Victor submitting transactions
chatterbot Quebec submitting transactions
ChatterBot Whiskey round 4
ChatterBot Delta round 4
ChatterBot Lima round 4
ChatterBot Foxtrot round 4
ChatterBot Hotel round 4
ChatterBot Romeo round 4
ChatterBot Victor round 4
ChatterBot Quebec round 4
ChatterBot November round 4
ChatterBot Uniform round 4
2024-10-15 04:39:32.431891 November: We should drop Romeo
2024-10-15 04:39:32.441282 Foxtrot: Yes
2024-10-15 04:39:32.442126 Lima: Yes
2024-10-15 04:39:32.460796 Hotel: Whiskey, sending you 4
2024-10-15 04:39:32.469278 Whiskey: Delta, Romeo and Victor, sending you 3
2024-10-15 04:39:32.470170 Hotel: Delta and Romeo, sending you 2
2024-10-15 04:39:32.471346 Romeo: Whiskey, sending you 4
2024-10-15 04:39:32.472600 Lima: Foxtrot, sending you 5
2024-10-15 04:39:32.472986 Victor: Whiskey, Hotel and Quebec, sending you 4
2024-10-15 04:39:32.473564 Delta: Same as last round
2024-10-15 04:39:32.474757 Foxtrot: Lima, sending you 4
2024-10-15 04:39:32.475155 Whiskey: Hotel, sending you 4
2024-10-15 04:39:32.476362 Hotel: Victor, Quebec and Uniform, sending you 3
2024-10-15 04:39:32.477087 Romeo: Delta, Hotel, Victor, Quebec and Uniform, sending you 3
2024-10-15 04:39:32.478273 Victor: Delta and Romeo, sending you 3
2024-10-15 04:39:32.478810 Lima: November, sending you 4
2024-10-15 04:39:32.479085 Foxtrot: November, sending you 3
2024-10-15 04:39:32.479979 Quebec: Whiskey, sending you 1
2024-10-15 04:39:32.480641 Whiskey: Quebec and Uniform, sending you 2
2024-10-15 04:39:32.481632 November: Sending you each 9
2024-10-15 04:39:32.481927 Uniform: Whiskey, Hotel and Romeo, sending you 2
2024-10-15 04:39:32.482653 Victor: Uniform, sending you 2
2024-10-15 04:39:32.509091 Quebec: Delta, sending you 2
2024-10-15 04:39:32.510042 Uniform: Delta and Quebec, sending you 3
2024-10-15 04:39:32.517884 Quebec: Hotel, Romeo, Victor and Uniform, sending you 3
2024-10-15 04:39:32.518602 Uniform: Victor, sending you 1
chatterbot Whiskey submitting transactions
chatterbot Victor submitting transactions
chatterbot Lima submitting transactions
chatterbot Uniform submitting transactions
chatterbot Quebec submitting transactions
chatterbot Romeo submitting transactions
chatterbot Delta submitting transactions
chatterbot November submitting transactions
chatterbot Foxtrot submitting transactions
chatterbot Hotel submitting transactions
ChatterBot Whiskey round 5
ChatterBot Delta round 5
ChatterBot Lima round 5
ChatterBot Foxtrot round 5
ChatterBot Hotel round 5
ChatterBot Romeo round 5
ChatterBot Victor round 5
ChatterBot Quebec round 5
ChatterBot November round 5
ChatterBot Uniform round 5
2024-10-15 04:39:33.655177 Romeo: Whiskey, sending you 4
2024-10-15 04:39:33.656754 Foxtrot: Lima, sending you 4
2024-10-15 04:39:33.657785 Hotel: Whiskey, Delta, Romeo, Victor and Quebec, sending you 3
2024-10-15 04:39:33.668894 Whiskey: Delta, Romeo and Victor, sending you 3
2024-10-15 04:39:33.670421 Romeo: Delta, Hotel, Victor, Quebec and Uniform, sending you 3
2024-10-15 04:39:33.671233 Foxtrot: November, sending you 3
2024-10-15 04:39:33.672201 Lima: Foxtrot, sending you 5
2024-10-15 04:39:33.672562 Hotel: Uniform, sending you 2
2024-10-15 04:39:33.675774 Whiskey: Hotel, sending you 5
2024-10-15 04:39:33.677461 Delta: Same as last round
2024-10-15 04:39:33.679059 Lima: November, sending you 3
2024-10-15 04:39:33.679534 Quebec: Whiskey, sending you 1
2024-10-15 04:39:33.681494 Victor: Whiskey, Hotel and Quebec, sending you 4
2024-10-15 04:39:33.683217 Uniform: Whiskey, Hotel and Romeo, sending you 2
2024-10-15 04:39:33.684348 November: Same as last round
2024-10-15 04:39:33.685602 Whiskey: Quebec and Uniform, sending you 2
2024-10-15 04:39:33.687732 Quebec: Delta, sending you 2
2024-10-15 04:39:33.688855 Victor: Delta and Romeo, sending you 3
2024-10-15 04:39:33.690645 Uniform: Delta and Quebec, sending you 3
2024-10-15 04:39:33.692852 Quebec: Hotel, Romeo, Victor and Uniform, sending you 3
2024-10-15 04:39:33.696203 Victor: Uniform, sending you 2
2024-10-15 04:39:33.698009 Uniform: Victor, sending you 1
chatterbot Hotel submitting transactions
chatterbot Uniform submitting transactions
chatterbot Whiskey submitting transactions
chatterbot Romeo submitting transactions
chatterbot Foxtrot submitting transactions
chatterbot Lima submitting transactions
chatterbot Victor submitting transactions
chatterbot Delta submitting transactions
chatterbot November submitting transactions
chatterbot Quebec submitting transactions
ChatterBot Whiskey round 6
ChatterBot Delta round 6
ChatterBot Lima round 6
ChatterBot Foxtrot round 6
ChatterBot Hotel round 6
ChatterBot Romeo round 6
ChatterBot Victor round 6
ChatterBot Quebec round 6
ChatterBot November round 6
ChatterBot Uniform round 6
2024-10-15 04:39:34.958732 Romeo: Whiskey, Delta, Hotel, Victor and Uniform, sending you 3
2024-10-15 04:39:34.965722 Delta: Same as last round
2024-10-15 04:39:34.967017 November: Same as last round
2024-10-15 04:39:34.967606 Victor: Whiskey, Hotel and Quebec, sending you 4
2024-10-15 04:39:34.968912 Romeo: Quebec, sending you 4
2024-10-15 04:39:34.970966 Lima: Foxtrot, sending you 5
2024-10-15 04:39:34.971479 Quebec: Whiskey, sending you 1
2024-10-15 04:39:34.972390 Victor: Delta and Romeo, sending you 3
2024-10-15 04:39:34.974672 Lima: November, sending you 3
2024-10-15 04:39:34.975228 Foxtrot: Lima, sending you 4
2024-10-15 04:39:34.975715 Uniform: Whiskey, Hotel and Romeo, sending you 2
2024-10-15 04:39:34.977292 Quebec: Delta, sending you 2
2024-10-15 04:39:34.977931 Whiskey: Delta, Romeo and Victor, sending you 3
2024-10-15 04:39:34.978693 Victor: Uniform, sending you 2
2024-10-15 04:39:34.980567 Foxtrot: November, sending you 2
2024-10-15 04:39:34.981070 Uniform: Delta and Quebec, sending you 3
2024-10-15 04:39:34.981898 Hotel: Whiskey, sending you 4
2024-10-15 04:39:34.983492 Quebec: Hotel, Romeo, Victor and Uniform, sending you 3
2024-10-15 04:39:34.984339 Whiskey: Hotel, sending you 5
2024-10-15 04:39:34.985696 Uniform: Victor, sending you 1
2024-10-15 04:39:34.987147 Hotel: Delta, Romeo, Victor and Quebec, sending you 3
2024-10-15 04:39:34.990129 Whiskey: Quebec and Uniform, sending you 2
2024-10-15 04:39:34.991196 Hotel: Uniform, sending you 1
chatterbot Whiskey submitting transactions
chatterbot Delta submitting transactions
chatterbot Victor submitting transactions
chatterbot Foxtrot submitting transactions
chatterbot Hotel submitting transactions
chatterbot Uniform submitting transactions
chatterbot Romeo submitting transactions
chatterbot Quebec submitting transactions
chatterbot November submitting transactions
chatterbot Lima submitting transactions
ChatterBot Whiskey round 7
ChatterBot Delta round 7
ChatterBot Lima round 7
ChatterBot Foxtrot round 7
ChatterBot Hotel round 7
ChatterBot Romeo round 7
ChatterBot Victor round 7
ChatterBot Quebec round 7
ChatterBot November round 7
ChatterBot Uniform round 7
2024-10-15 04:39:36.245663 Foxtrot: Lima, sending you 4
2024-10-15 04:39:36.247678 Whiskey: Delta, Romeo and Victor, sending you 3
2024-10-15 04:39:36.248893 Delta: Same as last round
2024-10-15 04:39:36.250180 Victor: Whiskey, Hotel and Quebec, sending you 4
2024-10-15 04:39:36.250960 Romeo: Whiskey, Delta, Hotel, Victor and Uniform, sending you 3
2024-10-15 04:39:36.251754 Foxtrot: November, sending you 2
2024-10-15 04:39:36.252153 Quebec: Whiskey, sending you 1
2024-10-15 04:39:36.253356 Lima: Foxtrot, sending you 5
2024-10-15 04:39:36.253741 Whiskey: Hotel, sending you 5
2024-10-15 04:39:36.254681 Romeo: Quebec, sending you 4
2024-10-15 04:39:36.256196 Victor: Delta and Romeo, sending you 3
2024-10-15 04:39:36.257004 Hotel: Whiskey, sending you 4
2024-10-15 04:39:36.258081 Whiskey: Quebec and Uniform, sending you 2
2024-10-15 04:39:36.258805 Quebec: Delta, sending you 2
2024-10-15 04:39:36.259386 Lima: November, sending you 3
2024-10-15 04:39:36.259708 November: Same as last round
2024-10-15 04:39:36.260663 Victor: Uniform, sending you 2
2024-10-15 04:39:36.262663 Hotel: Delta, Romeo, Victor and Quebec, sending you 3
2024-10-15 04:39:36.263729 Quebec: Hotel, Romeo, Victor and Uniform, sending you 3
2024-10-15 04:39:36.264684 Uniform: Whiskey, Hotel and Romeo, sending you 2
2024-10-15 04:39:36.265878 Hotel: Uniform, sending you 1
2024-10-15 04:39:36.268664 Uniform: Delta and Quebec, sending you 3
2024-10-15 04:39:36.273776 Uniform: Victor, sending you 1
chatterbot November submitting transactions
chatterbot Delta submitting transactions
chatterbot Lima submitting transactions
chatterbot Victor submitting transactions
chatterbot Hotel submitting transactions
chatterbot Whiskey submitting transactions
chatterbot Uniform submitting transactions
chatterbot Foxtrot submitting transactions
chatterbot Romeo submitting transactions
chatterbot Quebec submitting transactions
ChatterBot Whiskey round 8
ChatterBot Delta round 8
ChatterBot Lima round 8
ChatterBot Foxtrot round 8
ChatterBot Hotel round 8
ChatterBot Romeo round 8
ChatterBot Victor round 8
ChatterBot Quebec round 8
ChatterBot November round 8
ChatterBot Uniform round 8
2024-10-15 04:39:37.560833 Victor: Whiskey, Hotel and Quebec, sending you 4
2024-10-15 04:39:37.563006 Delta: Same as last round
2024-10-15 04:39:37.563930 Hotel: Whiskey, sending you 4
2024-10-15 04:39:37.565585 Lima: Foxtrot, sending you 5
2024-10-15 04:39:37.566020 Victor: Delta and Romeo, sending you 3
2024-10-15 04:39:37.567919 Romeo: Whiskey, Delta, Hotel, Victor and Uniform, sending you 3
2024-10-15 04:39:37.569431 Whiskey: Delta, Romeo and Victor, sending you 3
2024-10-15 04:39:37.570451 Hotel: Delta, Romeo, Victor and Quebec, sending you 3
2024-10-15 04:39:37.572316 Lima: November, sending you 2
2024-10-15 04:39:37.572712 Romeo: Quebec, sending you 4
2024-10-15 04:39:37.574195 Victor: Uniform, sending you 2
2024-10-15 04:39:37.575599 Whiskey: Hotel, sending you 5
2024-10-15 04:39:37.576452 Quebec: Whiskey, sending you 1
2024-10-15 04:39:37.577935 Hotel: Uniform, sending you 1
2024-10-15 04:39:37.579688 Foxtrot: Lima, sending you 4
2024-10-15 04:39:37.580096 November: Same as last round
2024-10-15 04:39:37.581210 Whiskey: Quebec and Uniform, sending you 2
2024-10-15 04:39:37.582432 Quebec: Delta, sending you 2
2024-10-15 04:39:37.584489 Uniform: Whiskey, Hotel and Romeo, sending you 2
2024-10-15 04:39:37.586369 Foxtrot: November, sending you 2
2024-10-15 04:39:37.588689 Quebec: Hotel, Romeo, Victor and Uniform, sending you 3
2024-10-15 04:39:37.590486 Uniform: Delta and Quebec, sending you 3
2024-10-15 04:39:37.596689 Uniform: Victor, sending you 1
chatterbot Whiskey submitting transactions
chatterbot November submitting transactions
chatterbot Uniform submitting transactions
chatterbot Hotel submitting transactions
chatterbot Delta submitting transactions
chatterbot Quebec submitting transactions
chatterbot Romeo submitting transactions
chatterbot Victor submitting transactions
chatterbot Lima submitting transactions
chatterbot Foxtrot submitting transactions
ChatterBot Whiskey round 9
ChatterBot Delta round 9
ChatterBot Lima round 9
ChatterBot Foxtrot round 9
ChatterBot Hotel round 9
ChatterBot Romeo round 9
ChatterBot Victor round 9
ChatterBot Quebec round 9
ChatterBot November round 9
ChatterBot Uniform round 9
2024-10-15 04:39:38.788671 Delta: Same as last round
2024-10-15 04:39:38.793692 Hotel: Whiskey, sending you 4
2024-10-15 04:39:38.794705 Quebec: Whiskey, sending you 1
2024-10-15 04:39:38.796753 Lima: Foxtrot, sending you 5
2024-10-15 04:39:38.797355 Hotel: Delta, Romeo, Victor and Quebec, sending you 3
2024-10-15 04:39:38.799681 Whiskey: Delta, Romeo and Victor, sending you 3
2024-10-15 04:39:38.801063 Quebec: Delta, sending you 2
2024-10-15 04:39:38.801674 Lima: November, sending you 2
2024-10-15 04:39:38.801970 Hotel: Uniform, sending you 1
2024-10-15 04:39:38.803667 Foxtrot: Lima, sending you 4
2024-10-15 04:39:38.804141 Whiskey: Hotel, sending you 5
2024-10-15 04:39:38.805715 Quebec: Hotel, Romeo, Victor and Uniform, sending you 3
2024-10-15 04:39:38.806405 Victor: Whiskey, Hotel and Quebec, sending you 4
2024-10-15 04:39:38.806960 Romeo: Whiskey, Delta, Hotel, Victor and Uniform, sending you 3
2024-10-15 04:39:38.807669 Foxtrot: November, sending you 2
2024-10-15 04:39:38.808655 Whiskey: Quebec and Uniform, sending you 2
2024-10-15 04:39:38.809359 Uniform: Whiskey, Hotel and Romeo, sending you 2
2024-10-15 04:39:38.810707 Romeo: Quebec, sending you 4
2024-10-15 04:39:38.812819 Victor: Delta and Romeo, sending you 3
2024-10-15 04:39:38.813980 November: Same as last round
2024-10-15 04:39:38.814268 Uniform: Delta and Quebec, sending you 3
2024-10-15 04:39:38.816701 Victor: Uniform, sending you 2
2024-10-15 04:39:38.819689 Uniform: Victor, sending you 1
chatterbot Foxtrot submitting transactions
chatterbot Victor submitting transactions
chatterbot Whiskey submitting transactions
chatterbot Uniform submitting transactions
chatterbot Quebec submitting transactions
chatterbot Hotel submitting transactions
chatterbot Lima submitting transactions
chatterbot Romeo submitting transactions
chatterbot Delta submitting transactions
chatterbot November submitting transactions
ChatterBot Whiskey round 10
ChatterBot Delta round 10
ChatterBot Lima round 10
ChatterBot Foxtrot round 10
ChatterBot Hotel round 10
ChatterBot Romeo round 10
ChatterBot Victor round 10
ChatterBot Quebec round 10
ChatterBot November round 10
ChatterBot Uniform round 10
2024-10-15 04:39:40.045668 Whiskey: Delta, Romeo and Victor, sending you 3
2024-10-15 04:39:40.053654 Whiskey: Hotel, sending you 5
2024-10-15 04:39:40.056001 Delta: Same as last round
2024-10-15 04:39:40.058572 Romeo: Whiskey, Delta, Hotel, Victor and Uniform, sending you 3
2024-10-15 04:39:40.061079 Quebec: Whiskey, sending you 1
2024-10-15 04:39:40.063469 Lima: Foxtrot, sending you 5
2024-10-15 04:39:40.064067 Whiskey: Quebec and Uniform, sending you 2
2024-10-15 04:39:40.066174 Romeo: Quebec, sending you 4
2024-10-15 04:39:40.069005 Hotel: Whiskey, sending you 4
2024-10-15 04:39:40.070131 Uniform: Whiskey, Romeo and Victor, sending you 2
2024-10-15 04:39:40.071714 Quebec: Delta, sending you 2
2024-10-15 04:39:40.072935 Lima: November, sending you 2
2024-10-15 04:39:40.073717 Foxtrot: Lima, sending you 4
2024-10-15 04:39:40.074084 November: Same as last round
2024-10-15 04:39:40.074699 Hotel: Delta, Romeo, Victor and Quebec, sending you 3
2024-10-15 04:39:40.075709 Uniform: Delta and Quebec, sending you 3
2024-10-15 04:39:40.077240 Victor: Whiskey, Hotel and Quebec, sending you 4
2024-10-15 04:39:40.078037 Quebec: Hotel, Romeo, Victor and Uniform, sending you 3
2024-10-15 04:39:40.078877 Foxtrot: November, sending you 1
2024-10-15 04:39:40.079727 Uniform: Hotel, sending you 1
2024-10-15 04:39:40.081106 Hotel: Uniform, sending you 1
2024-10-15 04:39:40.083404 Victor: Delta and Romeo, sending you 3
2024-10-15 04:39:40.088684 Victor: Uniform, sending you 2
chatterbot Hotel submitting transactions
chatterbot Quebec submitting transactions
chatterbot Delta submitting transactions
chatterbot Foxtrot submitting transactions
chatterbot Uniform submitting transactions
chatterbot November submitting transactions
chatterbot Romeo submitting transactions
chatterbot Victor submitting transactions
chatterbot Whiskey submitting transactions
chatterbot Lima submitting transactions
ChatterBot Whiskey round 11
ChatterBot Delta round 11
ChatterBot Lima round 11
ChatterBot Foxtrot round 11
ChatterBot Hotel round 11
ChatterBot Romeo round 11
ChatterBot Victor round 11
ChatterBot Quebec round 11
ChatterBot November round 11
ChatterBot Uniform round 11
2024-10-15 04:39:41.198044 November: We should add Delta
2024-10-15 04:39:41.204735 Foxtrot: No
2024-10-15 04:39:41.204940 Lima: No
ChatterBot November reevaluating
ChatterBot November reevaluating
2024-10-15 04:39:41.234700 Lima: Foxtrot, sending you 6
2024-10-15 04:39:41.238690 Lima: November, sending you 2
2024-10-15 04:39:41.240676 Hotel: Whiskey, sending you 4
2024-10-15 04:39:41.244434 Romeo: Whiskey, Delta, Hotel, Victor and Uniform, sending you 3
2024-10-15 04:39:41.247695 Hotel: Delta, Romeo, Victor and Quebec, sending you 3
2024-10-15 04:39:41.251133 Victor: Whiskey, Delta and Romeo, sending you 3
2024-10-15 04:39:41.253563 Whiskey: Delta, Romeo and Victor, sending you 3
2024-10-15 04:39:41.254583 Romeo: Quebec, sending you 4
2024-10-15 04:39:41.255598 Foxtrot: Lima, sending you 3
2024-10-15 04:39:41.257503 Hotel: Uniform, sending you 1
2024-10-15 04:39:41.258685 Delta: Same as last round
2024-10-15 04:39:41.260814 Victor: Hotel, sending you 4
2024-10-15 04:39:41.261806 Whiskey: Hotel, sending you 5
2024-10-15 04:39:41.263704 Quebec: Whiskey, sending you 1
2024-10-15 04:39:41.264793 Uniform: Whiskey, Romeo and Victor, sending you 2
2024-10-15 04:39:41.266897 Foxtrot: November, sending you 1
2024-10-15 04:39:41.267340 Victor: Quebec, sending you 5
2024-10-15 04:39:41.268702 Whiskey: Quebec and Uniform, sending you 2
2024-10-15 04:39:41.271007 Quebec: Delta, sending you 2
2024-10-15 04:39:41.273200 November: Same as last round
2024-10-15 04:39:41.273863 Uniform: Delta and Quebec, sending you 3
2024-10-15 04:39:41.276109 Victor: Uniform, sending you 2
2024-10-15 04:39:41.278438 Quebec: Hotel, Romeo, Victor and Uniform, sending you 3
2024-10-15 04:39:41.281228 Uniform: Hotel, sending you 1
chatterbot Whiskey submitting transactions
chatterbot November submitting transactions
chatterbot Uniform submitting transactions
chatterbot Quebec submitting transactions
chatterbot Romeo submitting transactions
chatterbot Lima submitting transactions
chatterbot Victor submitting transactions
chatterbot Foxtrot submitting transactions
chatterbot Hotel submitting transactions
chatterbot Delta submitting transactions
ChatterBot Whiskey round 12
ChatterBot Delta round 12
ChatterBot Lima round 12
ChatterBot Foxtrot round 12
ChatterBot Hotel round 12
ChatterBot Romeo round 12
ChatterBot Victor round 12
ChatterBot Quebec round 12
ChatterBot November round 12
ChatterBot Uniform round 12
2024-10-15 04:39:42.368816 Whiskey: We should drop Quebec
2024-10-15 04:39:42.379782 Delta: No
2024-10-15 04:39:42.379967 Hotel: No
2024-10-15 04:39:42.380142 Romeo: No
2024-10-15 04:39:42.380306 Victor: No
2024-10-15 04:39:42.381109 Uniform: No
ChatterBot Whiskey reevaluating
ChatterBot Whiskey reevaluating
ChatterBot Whiskey reevaluating
ChatterBot Whiskey reevaluating
ChatterBot Whiskey reevaluating
2024-10-15 04:39:42.464793 Hotel: Whiskey, sending you 4
2024-10-15 04:39:42.466578 Romeo: Whiskey, Delta, Hotel, Victor and Uniform, sending you 3
2024-10-15 04:39:42.468965 Delta: Same as last round
2024-10-15 04:39:42.470153 Foxtrot: Lima, sending you 3
2024-10-15 04:39:42.470566 Lima: Foxtrot, sending you 6
2024-10-15 04:39:42.470958 Quebec: Whiskey, Delta and Uniform, sending you 2
2024-10-15 04:39:42.472759 Hotel: Delta, Romeo, Victor and Quebec, sending you 3
2024-10-15 04:39:42.473957 Romeo: Quebec, sending you 4
2024-10-15 04:39:42.475698 Foxtrot: November, sending you 1
2024-10-15 04:39:42.476077 Lima: November, sending you 2
2024-10-15 04:39:42.476684 Quebec: Hotel, Romeo and Victor, sending you 3
2024-10-15 04:39:42.478408 Hotel: Uniform, sending you 1
2024-10-15 04:39:42.479313 Whiskey: Delta, Romeo, Victor and Uniform, sending you 3
2024-10-15 04:39:42.480137 Uniform: Whiskey, Romeo and Victor, sending you 2
2024-10-15 04:39:42.481498 Victor: Whiskey, Delta and Romeo, sending you 3
2024-10-15 04:39:42.482696 Whiskey: Hotel, sending you 4
2024-10-15 04:39:42.484697 Uniform: Delta and Quebec, sending you 3
2024-10-15 04:39:42.485510 Victor: Hotel, sending you 4
2024-10-15 04:39:42.486884 November: Lima, sending you 10
2024-10-15 04:39:42.487186 Whiskey: Quebec, sending you 2
2024-10-15 04:39:42.488673 Uniform: Hotel, sending you 1
2024-10-15 04:39:42.490536 Victor: Quebec, sending you 5
2024-10-15 04:39:42.491576 November: Foxtrot, sending you 8
2024-10-15 04:39:42.494787 Victor: Uniform, sending you 2
chatterbot Uniform submitting transactions
chatterbot Delta submitting transactions
chatterbot Romeo submitting transactions
chatterbot Foxtrot submitting transactions
chatterbot November submitting transactions
chatterbot Lima submitting transactions
chatterbot Hotel submitting transactions
chatterbot Quebec submitting transactions
chatterbot Victor submitting transactions
chatterbot Whiskey submitting transactions
ChatterBot Whiskey round 13
ChatterBot Delta round 13
ChatterBot Lima round 13
ChatterBot Foxtrot round 13
ChatterBot Hotel round 13
ChatterBot Romeo round 13
ChatterBot Victor round 13
ChatterBot Quebec round 13
ChatterBot November round 13
ChatterBot Uniform round 13
2024-10-15 04:39:43.708 Whiskey: We should drop Quebec
2024-10-15 04:39:43.717533 Delta: No
2024-10-15 04:39:43.717691 Hotel: No
2024-10-15 04:39:43.717849 Romeo: No
2024-10-15 04:39:43.717950 Victor: No
2024-10-15 04:39:43.718069 Uniform: No
ChatterBot Whiskey reevaluating
ChatterBot Whiskey reevaluating
ChatterBot Whiskey reevaluating
ChatterBot Whiskey reevaluating
ChatterBot Whiskey reevaluating
2024-10-15 04:39:43.787687 Foxtrot: Lima, sending you 3
2024-10-15 04:39:43.792672 Foxtrot: November, sending you 1
2024-10-15 04:39:43.794084 Quebec: Whiskey, Delta and Uniform, sending you 2
2024-10-15 04:39:43.796109 Uniform: Whiskey, Romeo and Victor, sending you 2
2024-10-15 04:39:43.798687 Quebec: Hotel, Romeo and Victor, sending you 3
2024-10-15 04:39:43.801131 Lima: Foxtrot, sending you 6
2024-10-15 04:39:43.801875 Delta: Same as last round
2024-10-15 04:39:43.805278 Uniform: Delta and Quebec, sending you 3
2024-10-15 04:39:43.808505 Romeo: Whiskey, Delta, Hotel, Victor and Uniform, sending you 3
2024-10-15 04:39:43.811181 Victor: Whiskey, Delta and Romeo, sending you 3
2024-10-15 04:39:43.814550 Whiskey: Delta, Romeo and Victor, sending you 3
2024-10-15 04:39:43.817518 Lima: November, sending you 2
2024-10-15 04:39:43.817863 Hotel: Whiskey, sending you 4
2024-10-15 04:39:43.818959 Uniform: Hotel, sending you 1
2024-10-15 04:39:43.820856 November: Lima, sending you 10
2024-10-15 04:39:43.821221 Romeo: Quebec, sending you 4
2024-10-15 04:39:43.822566 Victor: Hotel, sending you 4
2024-10-15 04:39:43.824972 Whiskey: Hotel, sending you 5
2024-10-15 04:39:43.827467 Hotel: Delta, Romeo, Victor and Quebec, sending you 3
2024-10-15 04:39:43.828980 November: Foxtrot, sending you 8
2024-10-15 04:39:43.829573 Victor: Quebec, sending you 5
2024-10-15 04:39:43.832058 Whiskey: Quebec and Uniform, sending you 2
2024-10-15 04:39:43.834169 Hotel: Uniform, sending you 1
2024-10-15 04:39:43.836662 Victor: Uniform, sending you 2
chatterbot Romeo submitting transactions
chatterbot Quebec submitting transactions
chatterbot Victor submitting transactions
chatterbot Hotel submitting transactions
