ChatterBot Whiskey round 1
ChatterBot Victor round 1
ChatterBot Echo round 1
ChatterBot Bravo round 1
ChatterBot Golf round 1
ChatterBot Mike round 1
ChatterBot Delta round 1
ChatterBot X-ray round 1
ChatterBot Romeo round 1
ChatterBot Sierra round 1
randomSelections Victor: {Victor, Golf, Romeo, Sierra, Echo, Bravo} 
2024-10-15 04:39:27.109325 Victor: We should group up
ChatterBot Golf reevaluating
ChatterBot Romeo reevaluating
ChatterBot Sierra reevaluating
ChatterBot Echo reevaluating
ChatterBot Bravo reevaluating
2024-10-15 04:39:27.131850 Golf: Yes
2024-10-15 04:39:27.132071 Romeo: Yes
2024-10-15 04:39:27.132222 Sierra: Yes
2024-10-15 04:39:27.132415 Echo: Yes
2024-10-15 04:39:27.132607 Bravo: Yes
ChatterBot Romeo reevaluating
ChatterBot Sierra reevaluating
ChatterBot Echo reevaluating
ChatterBot Bravo reevaluating
ChatterBot Golf reevaluating
ChatterBot Sierra reevaluating
ChatterBot Echo reevaluating
ChatterBot Bravo reevaluating
ChatterBot Golf reevaluating
ChatterBot Romeo reevaluating
ChatterBot Echo reevaluating
ChatterBot Bravo reevaluating
ChatterBot Golf reevaluating
ChatterBot Romeo reevaluating
ChatterBot Sierra reevaluating
ChatterBot Bravo reevaluating
ChatterBot Golf reevaluating
ChatterBot Romeo reevaluating
ChatterBot Sierra reevaluating
ChatterBot Echo reevaluating
randomSelections Delta: {Delta, X-ray, Victor, Bravo, Romeo, Echo, Sierra, Golf} 
2024-10-15 04:39:27.218473 Delta: Let's form a team
ChatterBot X-ray reevaluating
ChatterBot Bravo reevaluating
ChatterBot Romeo reevaluating
ChatterBot Echo reevaluating
ChatterBot Sierra reevaluating
ChatterBot Golf reevaluating
2024-10-15 04:39:27.237965 X-ray: Yes
2024-10-15 04:39:27.238664 Victor: No
2024-10-15 04:39:27.238911 Bravo: No
2024-10-15 04:39:27.239100 Romeo: No
2024-10-15 04:39:27.239322 Echo: No
2024-10-15 04:39:27.240102 Sierra: No
2024-10-15 04:39:27.240372 Golf: No
ChatterBot Bravo reevaluating
ChatterBot Romeo reevaluating
ChatterBot Echo reevaluating
ChatterBot Sierra reevaluating
ChatterBot Golf reevaluating
ChatterBot X-ray reevaluating
ChatterBot Bravo reevaluating
ChatterBot Romeo reevaluating
ChatterBot Echo reevaluating
ChatterBot Sierra reevaluating
ChatterBot Golf reevaluating
ChatterBot X-ray reevaluating
ChatterBot Romeo reevaluating
ChatterBot Echo reevaluating
ChatterBot Sierra reevaluating
ChatterBot Golf reevaluating
ChatterBot X-ray reevaluating
ChatterBot Bravo reevaluating
ChatterBot Echo reevaluating
ChatterBot Sierra reevaluating
ChatterBot Golf reevaluating
ChatterBot X-ray reevaluating
ChatterBot Bravo reevaluating
ChatterBot Romeo reevaluating
ChatterBot Sierra reevaluating
ChatterBot Golf reevaluating
ChatterBot X-ray reevaluating
ChatterBot Bravo reevaluating
ChatterBot Romeo reevaluating
ChatterBot Echo reevaluating
ChatterBot Golf reevaluating
ChatterBot X-ray reevaluating
ChatterBot Bravo reevaluating
ChatterBot Romeo reevaluating
ChatterBot Echo reevaluating
ChatterBot Sierra reevaluating
randomSelections Whiskey: {Whiskey, Bravo, Romeo, Sierra, X-ray, Delta} 
2024-10-15 04:39:27.500061 Whiskey: Let's form a team
ChatterBot Bravo reevaluating
ChatterBot Romeo reevaluating
ChatterBot Sierra reevaluating
ChatterBot X-ray reevaluating
2024-10-15 04:39:27.508435 Bravo: No
2024-10-15 04:39:27.509237 Romeo: No
2024-10-15 04:39:27.509502 Sierra: No
2024-10-15 04:39:27.509687 X-ray: No
2024-10-15 04:39:27.509935 Delta: No
ChatterBot Romeo reevaluating
ChatterBot Sierra reevaluating
ChatterBot X-ray reevaluating
ChatterBot Bravo reevaluating
ChatterBot Sierra reevaluating
ChatterBot X-ray reevaluating
ChatterBot Bravo reevaluating
ChatterBot Romeo reevaluating
ChatterBot X-ray reevaluating
ChatterBot Bravo reevaluating
ChatterBot Romeo reevaluating
ChatterBot Sierra reevaluating
ChatterBot Bravo reevaluating
ChatterBot Romeo reevaluating
ChatterBot Sierra reevaluating
ChatterBot X-ray reevaluating
randomSelections Mike: {Mike, Golf, Victor, X-ray, Sierra, Delta} 
2024-10-15 04:39:27.558926 Mike: Let's form a team
ChatterBot Golf reevaluating
ChatterBot X-ray reevaluating
ChatterBot Sierra reevaluating
2024-10-15 04:39:27.566644 Golf: No
2024-10-15 04:39:27.566899 Victor: No
2024-10-15 04:39:27.567363 X-ray: No
2024-10-15 04:39:27.568504 Sierra: No
2024-10-15 04:39:27.568831 Delta: No
ChatterBot X-ray reevaluating
ChatterBot Sierra reevaluating
ChatterBot Golf reevaluating
ChatterBot X-ray reevaluating
ChatterBot Sierra reevaluating
ChatterBot Golf reevaluating
ChatterBot Sierra reevaluating
ChatterBot Golf reevaluating
ChatterBot X-ray reevaluating
ChatterBot Golf reevaluating
ChatterBot X-ray reevaluating
ChatterBot Sierra reevaluating
2024-10-15 04:39:27.626975 Delta: Victor, sending you 1
2024-10-15 04:39:27.627888 Sierra: Victor, sending you 8
2024-10-15 04:39:27.629728 Whiskey: Bravo, sending you 6
2024-10-15 04:39:27.630480 Romeo: Victor, Echo, Golf and Sierra, sending you 3
2024-10-15 04:39:27.632187 Delta: Echo, X-ray and Romeo, sending you 2
2024-10-15 04:39:27.632954 Victor: Echo and Sierra, sending you 4
2024-10-15 04:39:27.634551 Mike: Victor, Golf and Delta, sending you 1
2024-10-15 04:39:27.635287 X-ray: Victor and Romeo, sending you 1
2024-10-15 04:39:27.637117 Whiskey: X-ray, Romeo and Sierra, sending you 3
2024-10-15 04:39:27.637573 Sierra: Echo and Golf, sending you 4
2024-10-15 04:39:27.638269 Delta: Bravo, sending you 3
2024-10-15 04:39:27.640331 Romeo: Bravo, sending you 2
2024-10-15 04:39:27.641103 Bravo: Victor, sending you 1
2024-10-15 04:39:27.642754 Victor: Bravo and Romeo, sending you 5
2024-10-15 04:39:27.643183 Mike: X-ray and Sierra, sending you 3
2024-10-15 04:39:27.643887 X-ray: Echo, Golf and Sierra, sending you 3
2024-10-15 04:39:27.645582 Golf: Victor, Echo and Romeo, sending you 1
2024-10-15 04:39:27.646397 Sierra: Bravo, sending you 2
2024-10-15 04:39:27.648212 Delta: Sierra, sending you 4
2024-10-15 04:39:27.648760 Echo: Victor, sending you 4
2024-10-15 04:39:27.650564 Victor: Golf, sending you 2
2024-10-15 04:39:27.651252 Bravo: Echo, sending you 3
2024-10-15 04:39:27.652873 X-ray: Bravo, sending you 5
2024-10-15 04:39:27.653740 Sierra: Romeo, sending you 1
2024-10-15 04:39:27.655083 Echo: Bravo and Golf, sending you 5
2024-10-15 04:39:27.658437 Bravo: Golf, sending you 7
2024-10-15 04:39:27.660360 X-ray: Delta, sending you 2
2024-10-15 04:39:27.661265 Echo: Romeo and Sierra, sending you 2
2024-10-15 04:39:27.669749 Bravo: Romeo and Sierra, sending you 2
chatterbot Delta submitting transactions
chatterbot Mike submitting transactions
chatterbot Golf submitting transactions
chatterbot Victor submitting transactions
chatterbot Echo submitting transactions
chatterbot Romeo submitting transactions
chatterbot Whiskey submitting transactions
chatterbot X-ray submitting transactions
chatterbot Bravo submitting transactions
chatterbot Sierra submitting transactions
ChatterBot Whiskey round 2
ChatterBot Victor round 2
ChatterBot Echo round 2
ChatterBot Bravo round 2
ChatterBot Golf round 2
ChatterBot Mike round 2
ChatterBot Delta round 2
ChatterBot X-ray round 2
ChatterBot Romeo round 2
ChatterBot Sierra round 2
2024-10-15 04:39:31.059322 Whiskey: Can we be friends?
ChatterBot Victor reevaluating
ChatterBot Bravo reevaluating
ChatterBot Golf reevaluating
ChatterBot Romeo reevaluating
ChatterBot Sierra reevaluating
2024-10-15 04:39:31.086531 Victor: Yes
2024-10-15 04:39:31.087345 Echo: No
2024-10-15 04:39:31.087500 Bravo: Yes
2024-10-15 04:39:31.087659 Golf: Yes
2024-10-15 04:39:31.087791 Romeo: Yes
2024-10-15 04:39:31.087907 Sierra: No
ChatterBot Bravo reevaluating
ChatterBot Golf reevaluating
ChatterBot Romeo reevaluating
ChatterBot Sierra reevaluating
ChatterBot Victor reevaluating
ChatterBot Bravo reevaluating
ChatterBot Golf reevaluating
ChatterBot Romeo reevaluating
ChatterBot Sierra reevaluating
ChatterBot Victor reevaluating
ChatterBot Golf reevaluating
ChatterBot Romeo reevaluating
ChatterBot Sierra reevaluating
ChatterBot Victor reevaluating
ChatterBot Bravo reevaluating
ChatterBot Romeo reevaluating
ChatterBot Sierra reevaluating
ChatterBot Victor reevaluating
ChatterBot Bravo reevaluating
ChatterBot Golf reevaluating
ChatterBot Sierra reevaluating
ChatterBot Victor reevaluating
ChatterBot Bravo reevaluating
ChatterBot Golf reevaluating
ChatterBot Romeo reevaluating
2024-10-15 04:39:31.228641 Bravo: We should add Whiskey and X-ray
ChatterBot Victor reevaluating
ChatterBot Golf reevaluating
ChatterBot Romeo reevaluating
ChatterBot Sierra reevaluating
2024-10-15 04:39:31.247800 Victor: Yes
2024-10-15 04:39:31.247949 Golf: Yes
2024-10-15 04:39:31.248048 Romeo: Yes
2024-10-15 04:39:31.248163 Sierra: Yes
2024-10-15 04:39:31.248268 Echo: No
ChatterBot Golf reevaluating
ChatterBot Romeo reevaluating
ChatterBot Sierra reevaluating
ChatterBot Bravo reevaluating
ChatterBot Victor reevaluating
ChatterBot Romeo reevaluating
ChatterBot Sierra reevaluating
ChatterBot Echo reevaluating
ChatterBot Bravo reevaluating
ChatterBot Victor reevaluating
ChatterBot Golf reevaluating
ChatterBot Sierra reevaluating
ChatterBot Echo reevaluating
ChatterBot Bravo reevaluating
ChatterBot Victor reevaluating
ChatterBot Golf reevaluating
ChatterBot Romeo reevaluating
ChatterBot Echo reevaluating
ChatterBot Bravo reevaluating
ChatterBot Victor reevaluating
ChatterBot Golf reevaluating
ChatterBot Romeo reevaluating
ChatterBot Sierra reevaluating
ChatterBot Bravo reevaluating
2024-10-15 04:39:31.514577 Mike: Let's form a team
ChatterBot Delta reevaluating
ChatterBot X-ray reevaluating
2024-10-15 04:39:31.528150 Delta: Yes
2024-10-15 04:39:31.528400 X-ray: Yes
2024-10-15 04:39:31.528641 Whiskey: No
ChatterBot X-ray reevaluating
ChatterBot Delta reevaluating
ChatterBot Delta reevaluating
ChatterBot X-ray reevaluating
2024-10-15 04:39:31.576974 Sierra: We should replace Golf with Whiskey
ChatterBot Victor reevaluating
ChatterBot Echo reevaluating
ChatterBot Bravo reevaluating
2024-10-15 04:39:31.591315 Victor: No
2024-10-15 04:39:31.591577 Echo: No
2024-10-15 04:39:31.591763 Bravo: No
2024-10-15 04:39:31.592593 Romeo: No
ChatterBot Sierra reevaluating
ChatterBot Echo reevaluating
ChatterBot Bravo reevaluating
ChatterBot Sierra reevaluating
ChatterBot Victor reevaluating
ChatterBot Bravo reevaluating
ChatterBot Sierra reevaluating
ChatterBot Victor reevaluating
ChatterBot Echo reevaluating
ChatterBot Sierra reevaluating
ChatterBot Victor reevaluating
ChatterBot Echo reevaluating
ChatterBot Bravo reevaluating
2024-10-15 04:39:31.898895 Echo: Whiskey and X-ray we want you to join our group
2024-10-15 04:39:31.909725 Whiskey: No
2024-10-15 04:39:31.909980 X-ray: No
ChatterBot Echo reevaluating
ChatterBot Victor reevaluating
ChatterBot Echo reevaluating
ChatterBot Victor reevaluating
ChatterBot Sierra reevaluating
2024-10-15 04:39:31.990551 Whiskey: Victor, Echo, Bravo, Golf and Romeo, sending you 3
2024-10-15 04:39:31.991759 Golf: Whiskey and X-ray we want you to join our group
2024-10-15 04:39:32.001508 Whiskey: No
2024-10-15 04:39:32.001744 X-ray: No
ChatterBot Victor reevaluating
ChatterBot Sierra reevaluating
ChatterBot Victor reevaluating
ChatterBot Sierra reevaluating
2024-10-15 04:39:32.079441 Bravo: Whiskey and X-ray we want you to join our group
2024-10-15 04:39:32.091536 Whiskey: No
2024-10-15 04:39:32.091727 X-ray: No
ChatterBot Victor reevaluating
ChatterBot Sierra reevaluating
ChatterBot Victor reevaluating
ChatterBot Sierra reevaluating
2024-10-15 04:39:32.225531 Delta: Whiskey, sending you 2
2024-10-15 04:39:32.225907 Mike: Whiskey, Delta and X-ray, sending you 4
2024-10-15 04:39:32.226815 Romeo: Whiskey, Echo, Bravo and Golf, sending you 3
2024-10-15 04:39:32.227187 X-ray: Whiskey and Mike, sending you 7
2024-10-15 04:39:32.227622 Sierra: Whiskey we want you to join our group
2024-10-15 04:39:32.231803 Whiskey: Yes
ChatterBot Sierra reevaluating
ChatterBot Victor reevaluating
2024-10-15 04:39:32.248391 Delta: Mike, sending you 5
2024-10-15 04:39:32.248696 Romeo: Victor, sending you 4
2024-10-15 04:39:32.249450 X-ray: Delta, sending you 5
2024-10-15 04:39:32.344714 Bravo: Whiskey, sending you 5
2024-10-15 04:39:32.345889 Victor: Whiskey and X-ray we want you to join our group
2024-10-15 04:39:32.351992 Whiskey: No
2024-10-15 04:39:32.352749 X-ray: No
ChatterBot Victor reevaluating
ChatterBot Sierra reevaluating
ChatterBot Victor reevaluating
ChatterBot Sierra reevaluating
2024-10-15 04:39:32.409456 Golf: Whiskey and Victor, sending you 1
2024-10-15 04:39:32.410031 Delta: X-ray, sending you 7
2024-10-15 04:39:32.410354 Romeo: Sierra, sending you 2
2024-10-15 04:39:32.411300 Bravo: Victor, Echo and X-ray, sending you 3
chatterbot Mike submitting transactions
2024-10-15 04:39:32.453811 Echo: Victor and Sierra, sending you 4
2024-10-15 04:39:32.454941 Golf: Echo, X-ray, Romeo and Sierra, sending you 2
2024-10-15 04:39:32.455427 Bravo: Golf, sending you 1
chatterbot Romeo submitting transactions
2024-10-15 04:39:32.464034 Golf: Bravo, sending you 3
2024-10-15 04:39:32.465521 Echo: Bravo, X-ray and Romeo, sending you 3
2024-10-15 04:39:32.466418 Bravo: Romeo and Sierra, sending you 2
2024-10-15 04:39:32.472696 Echo: Golf, sending you 1
2024-10-15 04:39:32.483696 Victor: Whiskey, Bravo, Golf and X-ray, sending you 2
2024-10-15 04:39:32.487553 Sierra: Whiskey and Romeo, sending you 4
2024-10-15 04:39:32.487991 Victor: Echo, sending you 4
2024-10-15 04:39:32.506901 Victor: Romeo, sending you 3
2024-10-15 04:39:32.507533 Sierra: Victor, sending you 6
2024-10-15 04:39:32.509888 Victor: Sierra, sending you 5
2024-10-15 04:39:32.520121 Sierra: Echo and Bravo, sending you 3
chatterbot Delta submitting transactions
chatterbot Whiskey submitting transactions
chatterbot Golf submitting transactions
chatterbot Bravo submitting transactions
chatterbot Echo submitting transactions
chatterbot X-ray submitting transactions
chatterbot Sierra submitting transactions
chatterbot Victor submitting transactions
ChatterBot Whiskey round 3
ChatterBot Victor round 3
ChatterBot Echo round 3
ChatterBot Bravo round 3
ChatterBot Golf round 3
ChatterBot Mike round 3
ChatterBot Delta round 3
ChatterBot X-ray round 3
ChatterBot Romeo round 3
ChatterBot Sierra round 3
2024-10-15 04:39:33.500430 Echo: We should drop Golf and X-ray
2024-10-15 04:39:33.524859 Sierra: No
2024-10-15 04:39:33.525848 Whiskey: No
2024-10-15 04:39:33.526059 Victor: No
2024-10-15 04:39:33.526224 Bravo: No
2024-10-15 04:39:33.526389 Romeo: No
ChatterBot Echo reevaluating
ChatterBot Echo reevaluating
ChatterBot Echo reevaluating
ChatterBot Echo reevaluating
ChatterBot Echo reevaluating
2024-10-15 04:39:33.646518 Mike: We should drop Whiskey
2024-10-15 04:39:33.656262 Delta: No
2024-10-15 04:39:33.656517 X-ray: No
2024-10-15 04:39:33.687651 Victor: Whiskey, Echo, Bravo, Golf and Romeo, sending you 3
2024-10-15 04:39:33.688432 Whiskey: Victor, Echo and Golf, sending you 2
2024-10-15 04:39:33.689145 Bravo: Whiskey, Victor, Echo, Romeo and Sierra, sending you 3
2024-10-15 04:39:33.692748 Victor: Sierra, sending you 5
2024-10-15 04:39:33.693350 Bravo: Golf and X-ray, sending you 2
2024-10-15 04:39:33.694141 Delta: Whiskey, sending you 2
2024-10-15 04:39:33.695275 Mike: Sending you each 7
2024-10-15 04:39:33.695689 Whiskey: Bravo, sending you 4
2024-10-15 04:39:33.696350 Sierra: Whiskey and Golf, sending you 2
2024-10-15 04:39:33.697690 Golf: Whiskey, sending you 1
2024-10-15 04:39:33.698129 X-ray: Whiskey, sending you 4
2024-10-15 04:39:33.698562 Romeo: Sending you each 3
2024-10-15 04:39:33.699793 Echo: Whiskey and Golf, sending you 2
2024-10-15 04:39:33.700358 Delta: Mike, sending you 5
2024-10-15 04:39:33.700788 Whiskey: Romeo and Sierra, sending you 3
2024-10-15 04:39:33.702124 X-ray: Mike, sending you 7
2024-10-15 04:39:33.703049 Sierra: Victor, sending you 6
2024-10-15 04:39:33.704341 Golf: Victor, Echo and Sierra, sending you 2
2024-10-15 04:39:33.705068 Echo: Victor, sending you 5
2024-10-15 04:39:33.706131 Delta: X-ray, sending you 7
2024-10-15 04:39:33.706487 X-ray: Delta, sending you 8
2024-10-15 04:39:33.708219 Golf: Bravo and Romeo, sending you 3
2024-10-15 04:39:33.709191 Sierra: Echo, sending you 4
2024-10-15 04:39:33.710354 Echo: Bravo, Romeo and Sierra, sending you 3
2024-10-15 04:39:33.714697 Sierra: Bravo and Romeo, sending you 3
chatterbot Golf submitting transactions
chatterbot Sierra submitting transactions
chatterbot Delta submitting transactions
chatterbot Bravo submitting transactions
chatterbot Whiskey submitting transactions
chatterbot Victor submitting transactions
chatterbot Romeo submitting transactions
chatterbot Echo submitting transactions
chatterbot X-ray submitting transactions
chatterbot Mike submitting transactions
ChatterBot Whiskey round 4
ChatterBot Victor round 4
ChatterBot Echo round 4
ChatterBot Bravo round 4
ChatterBot Golf round 4
ChatterBot Mike round 4
ChatterBot Delta round 4
ChatterBot X-ray round 4
ChatterBot Romeo round 4
ChatterBot Sierra round 4
2024-10-15 04:39:34.758468 Delta: We should replace Whiskey with Golf
ChatterBot X-ray reevaluating
2024-10-15 04:39:34.769016 Mike: No
2024-10-15 04:39:34.769536 X-ray: No
ChatterBot X-ray reevaluating
ChatterBot Delta reevaluating
2024-10-15 04:39:34.797658 Victor: Whiskey, Bravo, Golf and Romeo, sending you 3
2024-10-15 04:39:34.800391 Echo: Whiskey and Golf, sending you 2
2024-10-15 04:39:34.802671 Victor: Echo and Sierra, sending you 4
2024-10-15 04:39:34.805706 Echo: Victor and Sierra, sending you 4
2024-10-15 04:39:34.806587 X-ray: Sending you each 10
2024-10-15 04:39:34.808836 Echo: Bravo and Romeo, sending you 3
2024-10-15 04:39:34.810105 Golf: Whiskey, sending you 1
2024-10-15 04:39:34.811201 Whiskey: Victor, Romeo and Sierra, sending you 3
2024-10-15 04:39:34.812181 Bravo: Whiskey, sending you 4
2024-10-15 04:39:34.813840 Mike: Sending you each 8
2024-10-15 04:39:34.814339 Sierra: Whiskey, Bravo and Romeo, sending you 3
2024-10-15 04:39:34.815157 Golf: Victor, Echo and Sierra, sending you 2
2024-10-15 04:39:34.816140 Whiskey: Echo and Golf, sending you 2
2024-10-15 04:39:34.818161 Romeo: Same as last round
2024-10-15 04:39:34.818976 Bravo: Victor, Echo, Golf, Romeo and Sierra, sending you 3
2024-10-15 04:39:34.820110 Delta: Whiskey, sending you 2
2024-10-15 04:39:34.820634 Sierra: Victor, sending you 5
2024-10-15 04:39:34.822335 Golf: Bravo and Romeo, sending you 3
2024-10-15 04:39:34.823263 Whiskey: Bravo, sending you 4
2024-10-15 04:39:34.824324 Delta: Mike, sending you 5
2024-10-15 04:39:34.826271 Sierra: Echo, sending you 4
2024-10-15 04:39:34.830598 Delta: X-ray, sending you 7
2024-10-15 04:39:34.831324 Sierra: Golf, sending you 2
chatterbot Whiskey submitting transactions
chatterbot Delta submitting transactions
chatterbot Mike submitting transactions
chatterbot Sierra submitting transactions
chatterbot Victor submitting transactions
chatterbot X-ray submitting transactions
chatterbot Bravo submitting transactions
chatterbot Echo submitting transactions
chatterbot Romeo submitting transactions
chatterbot Golf submitting transactions
ChatterBot Whiskey round 5
ChatterBot Victor round 5
ChatterBot Echo round 5
ChatterBot Bravo round 5
ChatterBot Golf round 5
ChatterBot Mike round 5
ChatterBot Delta round 5
ChatterBot X-ray round 5
ChatterBot Romeo round 5
ChatterBot Sierra round 5
2024-10-15 04:39:36.038670 Whiskey: Victor, Echo, Bravo, Romeo and Sierra, sending you 3
2024-10-15 04:39:36.040667 Victor: Whiskey, Bravo, Golf and Romeo, sending you 3
2024-10-15 04:39:36.043664 Whiskey: Golf, sending you 2
2024-10-15 04:39:36.044160 Victor: Echo and Sierra, sending you 4
2024-10-15 04:39:36.047679 Bravo: Whiskey, sending you 4
2024-10-15 04:39:36.050090 Echo: Whiskey and Golf, sending you 2
2024-10-15 04:39:36.051669 X-ray: Same as last round
2024-10-15 04:39:36.051989 Bravo: Victor, Echo, Golf, Romeo and Sierra, sending you 3
2024-10-15 04:39:36.052717 Sierra: Whiskey, Bravo and Romeo, sending you 3
2024-10-15 04:39:36.054674 Echo: Victor and Sierra, sending you 4
2024-10-15 04:39:36.055667 Sierra: Victor, sending you 5
2024-10-15 04:39:36.056687 Delta: Mike, sending you 6
2024-10-15 04:39:36.057110 Golf: Whiskey, sending you 1
2024-10-15 04:39:36.059648 Echo: Bravo and Romeo, sending you 3
2024-10-15 04:39:36.060675 Romeo: Same as last round
2024-10-15 04:39:36.061375 Sierra: Echo, sending you 4
2024-10-15 04:39:36.062009 Delta: X-ray, sending you 8
2024-10-15 04:39:36.062376 Mike: Delta, sending you 8
2024-10-15 04:39:36.062788 Golf: Victor, Echo and Sierra, sending you 2
2024-10-15 04:39:36.065674 Sierra: Golf, sending you 2
2024-10-15 04:39:36.066404 Mike: X-ray, sending you 10
2024-10-15 04:39:36.066744 Golf: Bravo and Romeo, sending you 3
chatterbot Sierra submitting transactions
chatterbot Mike submitting transactions
chatterbot X-ray submitting transactions
chatterbot Bravo submitting transactions
chatterbot Delta submitting transactions
chatterbot Romeo submitting transactions
chatterbot Whiskey submitting transactions
chatterbot Echo submitting transactions
chatterbot Golf submitting transactions
chatterbot Victor submitting transactions
ChatterBot Whiskey round 6
ChatterBot Victor round 6
ChatterBot Echo round 6
ChatterBot Bravo round 6
ChatterBot Golf round 6
ChatterBot Mike round 6
ChatterBot Delta round 6
ChatterBot X-ray round 6
ChatterBot Romeo round 6
ChatterBot Sierra round 6
2024-10-15 04:39:37.268689 Echo: Whiskey and Golf, sending you 2
2024-10-15 04:39:37.271382 Delta: Mike, sending you 6
2024-10-15 04:39:37.274697 Echo: Victor and Sierra, sending you 4
2024-10-15 04:39:37.277144 Mike: Sending you each 9
2024-10-15 04:39:37.277988 Golf: Whiskey, Victor, Echo, Romeo and Sierra, sending you 2
2024-10-15 04:39:37.280101 Delta: X-ray, sending you 8
2024-10-15 04:39:37.280837 Echo: Bravo and Romeo, sending you 3
2024-10-15 04:39:37.283087 Romeo: Same as last round
2024-10-15 04:39:37.285134 Whiskey: Victor, Echo, Bravo, Romeo and Sierra, sending you 3
2024-10-15 04:39:37.286275 Golf: Bravo, sending you 3
2024-10-15 04:39:37.288506 X-ray: Same as last round
2024-10-15 04:39:37.290368 Sierra: Whiskey, Bravo, Golf and Romeo, sending you 3
2024-10-15 04:39:37.292067 Victor: Whiskey, Bravo, Golf and Romeo, sending you 3
2024-10-15 04:39:37.293922 Bravo: Whiskey, sending you 4
2024-10-15 04:39:37.296284 Whiskey: Golf, sending you 2
2024-10-15 04:39:37.297939 Sierra: Victor and Echo, sending you 4
2024-10-15 04:39:37.300057 Victor: Echo and Sierra, sending you 4
2024-10-15 04:39:37.301485 Bravo: Victor, Echo, Golf, Romeo and Sierra, sending you 3
chatterbot X-ray submitting transactions
chatterbot Whiskey submitting transactions
chatterbot Sierra submitting transactions
chatterbot Bravo submitting transactions
chatterbot Mike submitting transactions
chatterbot Echo submitting transactions
chatterbot Victor submitting transactions
chatterbot Romeo submitting transactions
chatterbot Golf submitting transactions
chatterbot Delta submitting transactions
ChatterBot Whiskey round 7
ChatterBot Victor round 7
ChatterBot Echo round 7
ChatterBot Bravo round 7
ChatterBot Golf round 7
ChatterBot Mike round 7
ChatterBot Delta round 7
ChatterBot X-ray round 7
ChatterBot Romeo round 7
ChatterBot Sierra round 7
2024-10-15 04:39:38.289691 Echo: Whiskey, Bravo, Romeo and Sierra, sending you 3
2024-10-15 04:39:38.291073 Whiskey: Victor, Echo, Bravo, Romeo and Sierra, sending you 3
2024-10-15 04:39:38.294682 Echo: Victor, sending you 4
2024-10-15 04:39:38.295473 Whiskey: Golf, sending you 2
2024-10-15 04:39:38.296685 Golf: Whiskey, Victor, Echo, Romeo and Sierra, sending you 2
2024-10-15 04:39:38.298128 Victor: Whiskey, Bravo, Golf and Romeo, sending you 3
2024-10-15 04:39:38.299705 Echo: Golf, sending you 2
2024-10-15 04:39:38.302689 Golf: Bravo, sending you 3
2024-10-15 04:39:38.303730 Victor: Echo and Sierra, sending you 4
2024-10-15 04:39:38.304723 X-ray: Same as last round
2024-10-15 04:39:38.305403 Mike: Delta, sending you 9
2024-10-15 04:39:38.305727 Romeo: Same as last round
2024-10-15 04:39:38.308654 Bravo: Whiskey, sending you 4
2024-10-15 04:39:38.310688 Mike: X-ray, sending you 10
2024-10-15 04:39:38.310957 Delta: Sending you each 7
2024-10-15 04:39:38.313728 Bravo: Victor, Echo, Golf, Romeo and Sierra, sending you 3
2024-10-15 04:39:38.317671 Sierra: Whiskey, Bravo, Golf and Romeo, sending you 3
2024-10-15 04:39:38.322671 Sierra: Victor and Echo, sending you 4
chatterbot Delta submitting transactions
chatterbot X-ray submitting transactions
chatterbot Victor submitting transactions
chatterbot Echo submitting transactions
chatterbot Whiskey submitting transactions
chatterbot Bravo submitting transactions
chatterbot Romeo submitting transactions
chatterbot Mike submitting transactions
chatterbot Golf submitting transactions
chatterbot Sierra submitting transactions
ChatterBot Whiskey round 8
ChatterBot Victor round 8
ChatterBot Echo round 8
ChatterBot Bravo round 8
ChatterBot Golf round 8
ChatterBot Mike round 8
ChatterBot Delta round 8
ChatterBot X-ray round 8
ChatterBot Romeo round 8
ChatterBot Sierra round 8
2024-10-15 04:39:39.537172 Whiskey: Victor, Echo, Bravo, Romeo and Sierra, sending you 3
2024-10-15 04:39:39.537883 Victor: Whiskey, Bravo, Golf and Romeo, sending you 3
2024-10-15 04:39:39.540668 Whiskey: Golf, sending you 2
2024-10-15 04:39:39.541992 Victor: Echo and Sierra, sending you 4
2024-10-15 04:39:39.548772 X-ray: Same as last round
2024-10-15 04:39:39.549110 Golf: Whiskey, Victor, Echo, Romeo and Sierra, sending you 2
2024-10-15 04:39:39.553667 Sierra: Whiskey, Bravo, Golf and Romeo, sending you 3
2024-10-15 04:39:39.554460 Golf: Bravo, sending you 3
2024-10-15 04:39:39.555719 Bravo: Whiskey, sending you 4
2024-10-15 04:39:39.556416 Mike: Delta, sending you 9
2024-10-15 04:39:39.556705 Delta: Same as last round
2024-10-15 04:39:39.557673 Echo: Whiskey, Bravo, Romeo and Sierra, sending you 3
2024-10-15 04:39:39.558680 Sierra: Victor and Echo, sending you 4
2024-10-15 04:39:39.559720 Bravo: Victor, Echo, Golf, Romeo and Sierra, sending you 3
2024-10-15 04:39:39.560469 Mike: X-ray, sending you 10
2024-10-15 04:39:39.560803 Echo: Victor, sending you 4
2024-10-15 04:39:39.566516 Romeo: Same as last round
2024-10-15 04:39:39.570680 Echo: Golf, sending you 2
chatterbot Sierra submitting transactions
chatterbot Mike submitting transactions
chatterbot Victor submitting transactions
chatterbot Golf submitting transactions
chatterbot Echo submitting transactions
chatterbot X-ray submitting transactions
chatterbot Romeo submitting transactions
chatterbot Bravo submitting transactions
chatterbot Whiskey submitting transactions
chatterbot Delta submitting transactions
ChatterBot Whiskey round 9
ChatterBot Victor round 9
ChatterBot Echo round 9
ChatterBot Bravo round 9
ChatterBot Golf round 9
ChatterBot Mike round 9
ChatterBot Delta round 9
ChatterBot X-ray round 9
2024-10-15 04:39:40.745286 X-ray: We should add Bravo
2024-10-15 04:39:40.749766 Mike: No
2024-10-15 04:39:40.749923 Delta: No
ChatterBot X-ray reevaluating
ChatterBot X-ray reevaluating
ChatterBot Romeo round 9
ChatterBot Sierra round 9
2024-10-15 04:39:40.788688 Mike: Delta, sending you 9
2024-10-15 04:39:40.789135 Golf: Whiskey, Victor, Echo, Romeo and Sierra, sending you 2
2024-10-15 04:39:40.791672 Romeo: Same as last round
2024-10-15 04:39:40.792663 Whiskey: Victor, Echo, Bravo, Romeo and Sierra, sending you 3
2024-10-15 04:39:40.793328 Mike: X-ray, sending you 10
2024-10-15 04:39:40.793978 Golf: Bravo, sending you 3
2024-10-15 04:39:40.794655 Delta: Same as last round
2024-10-15 04:39:40.796673 Whiskey: Golf, sending you 2
2024-10-15 04:39:40.800685 X-ray: Same as last round
2024-10-15 04:39:40.801676 Bravo: Whiskey, sending you 4
2024-10-15 04:39:40.802325 Victor: Whiskey, Bravo, Golf and Romeo, sending you 3
2024-10-15 04:39:40.802936 Echo: Whiskey, Bravo, Romeo and Sierra, sending you 3
2024-10-15 04:39:40.804698 Sierra: Whiskey, Bravo, Golf and Romeo, sending you 3
2024-10-15 04:39:40.805685 Bravo: Victor, Echo, Golf, Romeo and Sierra, sending you 3
2024-10-15 04:39:40.806358 Echo: Victor, sending you 4
2024-10-15 04:39:40.806992 Victor: Echo and Sierra, sending you 4
2024-10-15 04:39:40.809680 Sierra: Victor and Echo, sending you 4
2024-10-15 04:39:40.810384 Echo: Golf, sending you 2
chatterbot Golf submitting transactions
chatterbot Mike submitting transactions
chatterbot Delta submitting transactions
chatterbot Sierra submitting transactions
chatterbot Echo submitting transactions
chatterbot Romeo submitting transactions
chatterbot Whiskey submitting transactions
chatterbot Victor submitting transactions
chatterbot Bravo submitting transactions
chatterbot X-ray submitting transactions
ChatterBot Whiskey round 10
ChatterBot Victor round 10
ChatterBot Echo round 10
ChatterBot Bravo round 10
ChatterBot Golf round 10
ChatterBot Mike round 10
ChatterBot Delta round 10
ChatterBot X-ray round 10
ChatterBot Romeo round 10
ChatterBot Sierra round 10
2024-10-15 04:39:41.931999 Whiskey: Victor, Echo, Bravo, Romeo and Sierra, sending you 3
2024-10-15 04:39:41.933828 Golf: Whiskey, Victor, Echo, Romeo and Sierra, sending you 2
2024-10-15 04:39:41.935651 Bravo: Whiskey, sending you 4
2024-10-15 04:39:41.937009 Victor: Whiskey, Bravo, Golf and Romeo, sending you 3
2024-10-15 04:39:41.938016 Echo: Whiskey, Bravo, Romeo and Sierra, sending you 3
2024-10-15 04:39:41.939661 Whiskey: Golf, sending you 2
2024-10-15 04:39:41.941247 Golf: Bravo, sending you 3
2024-10-15 04:39:41.943041 Bravo: Victor, Echo, Golf, Romeo and Sierra, sending you 3
2024-10-15 04:39:41.944230 Victor: Echo and Sierra, sending you 4
2024-10-15 04:39:41.946118 Sierra: Whiskey, Bravo, Golf and Romeo, sending you 3
2024-10-15 04:39:41.947126 X-ray: Same as last round
2024-10-15 04:39:41.948250 Romeo: Same as last round
2024-10-15 04:39:41.949482 Echo: Victor, sending you 4
2024-10-15 04:39:41.951099 Mike: Delta, sending you 9
2024-10-15 04:39:41.951703 Sierra: Victor and Echo, sending you 4
2024-10-15 04:39:41.952642 Delta: Same as last round
2024-10-15 04:39:41.954668 Mike: X-ray, sending you 10
2024-10-15 04:39:41.955719 Echo: Golf, sending you 2
chatterbot Whiskey submitting transactions
chatterbot Mike submitting transactions
chatterbot Bravo submitting transactions
chatterbot Sierra submitting transactions
chatterbot Delta submitting transactions
chatterbot Romeo submitting transactions
chatterbot X-ray submitting transactions
chatterbot Victor submitting transactions
chatterbot Golf submitting transactions
chatterbot Echo submitting transactions
ChatterBot Whiskey round 11
ChatterBot Victor round 11
ChatterBot Echo round 11
ChatterBot Bravo round 11
ChatterBot Golf round 11
ChatterBot Mike round 11
ChatterBot Delta round 11
ChatterBot X-ray round 11
ChatterBot Romeo round 11
ChatterBot Sierra round 11
2024-10-15 04:39:43.146713 Whiskey: Victor, Echo, Bravo, Romeo and Sierra, sending you 3
2024-10-15 04:39:43.148358 Echo: Whiskey, Bravo, Romeo and Sierra, sending you 3
2024-10-15 04:39:43.149682 Bravo: Whiskey, Victor, Echo, Romeo and Sierra, sending you 3
2024-10-15 04:39:43.151260 X-ray: Same as last round
2024-10-15 04:39:43.151600 Delta: Same as last round
2024-10-15 04:39:43.151929 Whiskey: Golf, sending you 2
2024-10-15 04:39:43.152595 Echo: Victor, sending you 4
2024-10-15 04:39:43.154707 Bravo: Golf, sending you 4
2024-10-15 04:39:43.155884 Romeo: Same as last round
2024-10-15 04:39:43.157122 Mike: Delta, sending you 9
2024-10-15 04:39:43.157661 Echo: Golf, sending you 2
2024-10-15 04:39:43.158367 Victor: Whiskey, Bravo, Golf and Romeo, sending you 3
2024-10-15 04:39:43.160694 Mike: X-ray, sending you 10
2024-10-15 04:39:43.162179 Golf: Whiskey, Victor, Echo, Romeo and Sierra, sending you 2
2024-10-15 04:39:43.163236 Victor: Echo and Sierra, sending you 4
2024-10-15 04:39:43.165119 Sierra: Whiskey, Bravo, Golf and Romeo, sending you 3
2024-10-15 04:39:43.167726 Golf: Bravo, sending you 3
2024-10-15 04:39:43.168944 Sierra: Victor and Echo, sending you 4
chatterbot Bravo submitting transactions
chatterbot Victor submitting transactions
chatterbot Golf submitting transactions
chatterbot Mike submitting transactions
chatterbot Delta submitting transactions
chatterbot X-ray submitting transactions
chatterbot Sierra submitting transactions
chatterbot Echo submitting transactions
chatterbot Whiskey submitting transactions
chatterbot Romeo submitting transactions
ChatterBot Whiskey round 12
ChatterBot Victor round 12
ChatterBot Echo round 12
ChatterBot Bravo round 12
ChatterBot Golf round 12
ChatterBot Mike round 12
ChatterBot Delta round 12
ChatterBot X-ray round 12
ChatterBot Romeo round 12
ChatterBot Sierra round 12
2024-10-15 04:39:44.221684 Delta: Same as last round
2024-10-15 04:39:44.222686 Whiskey: Victor, Echo, Bravo, Romeo and Sierra, sending you 3
2024-10-15 04:39:44.224864 Golf: Whiskey, Victor, Echo, Romeo and Sierra, sending you 2
2024-10-15 04:39:44.228013 Victor: Whiskey, Bravo, Golf and Romeo, sending you 3
2024-10-15 04:39:44.233927 Whiskey: Golf, sending you 2
2024-10-15 04:39:44.237047 Golf: Bravo, sending you 3
2024-10-15 04:39:44.238592 Bravo: Whiskey, Victor, Echo, Romeo and Sierra, sending you 3
2024-10-15 04:39:44.241989 Mike: Delta, sending you 9
2024-10-15 04:39:44.247459 Echo: Whiskey, Bravo, Romeo and Sierra, sending you 3
2024-10-15 04:39:44.249131 Victor: Echo and Sierra, sending you 4
2024-10-15 04:39:44.252304 Bravo: Golf, sending you 4
2024-10-15 04:39:44.255010 Mike: X-ray, sending you 10
2024-10-15 04:39:44.255427 Romeo: Same as last round
2024-10-15 04:39:44.261032 Sierra: Whiskey, Echo, Bravo, Golf and Romeo, sending you 3
2024-10-15 04:39:44.263662 Echo: Victor, sending you 4
2024-10-15 04:39:44.265004 X-ray: Golf, sending you 2
2024-10-15 04:39:44.267713 Sierra: Victor, sending you 5
2024-10-15 04:39:44.269234 Echo: Golf, sending you 2
2024-10-15 04:39:44.275489 X-ray: Mike, sending you 10
2024-10-15 04:39:44.278670 X-ray: Delta, sending you 8
chatterbot Whiskey submitting transactions
chatterbot X-ray submitting transactions
chatterbot Golf submitting transactions
chatterbot Bravo submitting transactions
chatterbot Mike submitting transactions
chatterbot Victor submitting transactions
chatterbot Sierra submitting transactions
chatterbot Echo submitting transactions
chatterbot Delta submitting transactions
chatterbot Romeo submitting transactions
ChatterBot Whiskey round 13
ChatterBot Victor round 13
ChatterBot Echo round 13
ChatterBot Bravo round 13
ChatterBot Golf round 13
ChatterBot Mike round 13
ChatterBot Delta round 13
ChatterBot X-ray round 13
ChatterBot Romeo round 13
ChatterBot Sierra round 13
2024-10-15 04:39:45.469349 X-ray: We should replace Golf with Victor
2024-10-15 04:39:45.473893 Mike: No
2024-10-15 04:39:45.474078 Delta: No
ChatterBot X-ray reevaluating
2024-10-15 04:39:45.490097 Whiskey: Victor, Echo, Bravo, Romeo and Sierra, sending you 3
2024-10-15 04:39:45.493678 Bravo: Whiskey, Victor, Echo, Romeo and Sierra, sending you 3
2024-10-15 04:39:45.494841 Whiskey: Golf, sending you 2
2024-10-15 04:39:45.495740 Echo: Whiskey, Bravo, Romeo and Sierra, sending you 3
2024-10-15 04:39:45.497697 Mike: Delta, sending you 9
2024-10-15 04:39:45.498164 Romeo: Same as last round
2024-10-15 04:39:45.499666 Bravo: Golf, sending you 4
2024-10-15 04:39:45.500903 Golf: Whiskey, Victor, Echo, Romeo and Sierra, sending you 2
2024-10-15 04:39:45.502523 Echo: Victor, sending you 4
2024-10-15 04:39:45.503622 Victor: Whiskey, Bravo, Golf and Romeo, sending you 3
2024-10-15 04:39:45.504413 Mike: X-ray, sending you 10
2024-10-15 04:39:45.504726 Sierra: Whiskey, Echo, Bravo, Golf and Romeo, sending you 3
2024-10-15 04:39:45.505673 Golf: Bravo, sending you 3
2024-10-15 04:39:45.507649 Echo: Golf, sending you 2
2024-10-15 04:39:45.509620 Victor: Echo and Sierra, sending you 4
2024-10-15 04:39:45.510719 Sierra: Victor, sending you 5
2024-10-15 04:39:45.511513 Delta: Same as last round
2024-10-15 04:39:45.511838 X-ray: Sending you each 10
chatterbot Bravo submitting transactions
chatterbot Mike submitting transactions
chatterbot Golf submitting transactions
chatterbot Echo submitting transactions
chatterbot X-ray submitting transactions
chatterbot Romeo submitting transactions
chatterbot Whiskey submitting transactions
chatterbot Victor submitting transactions
chatterbot Sierra submitting transactions
chatterbot Delta submitting transactions
ChatterBot Whiskey round 14
ChatterBot Victor round 14
ChatterBot Echo round 14
ChatterBot Bravo round 14
ChatterBot Golf round 14
ChatterBot Mike round 14
ChatterBot Delta round 14
ChatterBot X-ray round 14
ChatterBot Romeo round 14
ChatterBot Sierra round 14
2024-10-15 04:39:46.706075 Whiskey: Victor, Echo, Bravo, Romeo and Sierra, sending you 3
2024-10-15 04:39:46.708881 X-ray: Same as last round
2024-10-15 04:39:46.710155 Victor: Whiskey, Bravo, Golf and Romeo, sending you 3
2024-10-15 04:39:46.711507 Bravo: Whiskey, Victor, Echo, Romeo and Sierra, sending you 3
2024-10-15 04:39:46.714476 Echo: Whiskey, Bravo, Romeo and Sierra, sending you 3
2024-10-15 04:39:46.717469 Romeo: Same as last round
2024-10-15 04:39:46.719516 Golf: Whiskey, Victor, Echo, Romeo and Sierra, sending you 2
2024-10-15 04:39:46.723206 Sierra: Whiskey, Echo, Bravo, Golf and Romeo, sending you 3
2024-10-15 04:39:46.725327 Whiskey: Golf, sending you 2
2024-10-15 04:39:46.727634 Mike: Delta, sending you 9
2024-10-15 04:39:46.728201 Victor: Echo and Sierra, sending you 4
2024-10-15 04:39:46.732044 Delta: Same as last round
2024-10-15 04:39:46.732773 Bravo: Golf, sending you 4
2024-10-15 04:39:46.736214 Echo: Victor, sending you 4
2024-10-15 04:39:46.738757 Golf: Bravo, sending you 3
2024-10-15 04:39:46.741035 Sierra: Victor, sending you 5
2024-10-15 04:39:46.743061 Mike: X-ray, sending you 10
2024-10-15 04:39:46.744463 Echo: Golf, sending you 2
chatterbot Victor submitting transactions
chatterbot X-ray submitting transactions
chatterbot Golf submitting transactions
chatterbot Whiskey submitting transactions
chatterbot Bravo submitting transactions
chatterbot Echo submitting transactions
chatterbot Sierra submitting transactions
chatterbot Romeo submitting transactions
chatterbot Delta submitting transactions
chatterbot Mike submitting transactions
ChatterBot Whiskey round 15
ChatterBot Victor round 15
ChatterBot Echo round 15
ChatterBot Bravo round 15
ChatterBot Golf round 15
ChatterBot Mike round 15
ChatterBot Delta round 15
ChatterBot X-ray round 15
ChatterBot Romeo round 15
ChatterBot Sierra round 15
2024-10-15 04:39:48.030571 X-ray: We should add Echo
2024-10-15 04:39:48.036188 Mike: No
2024-10-15 04:39:48.036369 Delta: No
ChatterBot Delta reevaluating
ChatterBot X-ray reevaluating
ChatterBot X-ray reevaluating
2024-10-15 04:39:48.057327 Delta: We should add Romeo
ChatterBot X-ray reevaluating
2024-10-15 04:39:48.065191 Mike: No
2024-10-15 04:39:48.065324 X-ray: No
ChatterBot Delta reevaluating
ChatterBot X-ray reevaluating
ChatterBot Delta reevaluating
2024-10-15 04:39:48.096676 Golf: Whiskey, Victor, Echo, Romeo and Sierra, sending you 2
2024-10-15 04:39:48.100440 Whiskey: Victor, Echo, Bravo, Romeo and Sierra, sending you 3
2024-10-15 04:39:48.103502 Bravo: Whiskey, Victor, Echo, Romeo and Sierra, sending you 3
2024-10-15 04:39:48.106322 Victor: Whiskey, Bravo, Golf and Romeo, sending you 3
2024-10-15 04:39:48.109288 Golf: Bravo, sending you 3
2024-10-15 04:39:48.114081 Whiskey: Golf, sending you 2
2024-10-15 04:39:48.117749 Bravo: Golf, sending you 4
2024-10-15 04:39:48.119841 Victor: Echo and Sierra, sending you 4
2024-10-15 04:39:48.122836 Delta: Same as last round
2024-10-15 04:39:48.124287 Mike: Delta, sending you 9
2024-10-15 04:39:48.124961 Romeo: Same as last round
2024-10-15 04:39:48.130076 Echo: Whiskey, Bravo, Romeo and Sierra, sending you 3
2024-10-15 04:39:48.132135 Mike: X-ray, sending you 10
2024-10-15 04:39:48.133748 X-ray: Same as last round
2024-10-15 04:39:48.134460 Sierra: Whiskey, Echo, Bravo, Golf and Romeo, sending you 3
2024-10-15 04:39:48.137743 Echo: Victor, sending you 4
2024-10-15 04:39:48.175511 Sierra: Victor, sending you 5
