ChatterBot Kilo round 1
ChatterBot Yankee round 1
ChatterBot Golf round 1
ChatterBot Foxtrot round 1
ChatterBot Lima round 1
ChatterBot Oscar round 1
ChatterBot Quebec round 1
ChatterBot Alpha round 1
ChatterBot India round 1
ChatterBot Uniform round 1
randomSelections India: {India, Lima, Golf, Foxtrot, Oscar, Kilo} 
2024-10-15 04:39:27.997229 India: Can we be friends?
ChatterBot Lima reevaluating
ChatterBot Golf reevaluating
ChatterBot Foxtrot reevaluating
ChatterBot Oscar reevaluating
ChatterBot Kilo reevaluating
2024-10-15 04:39:28.009697 Lima: Yes
2024-10-15 04:39:28.009875 Golf: Yes
2024-10-15 04:39:28.009987 Foxtrot: Yes
2024-10-15 04:39:28.010102 Oscar: Yes
2024-10-15 04:39:28.010211 Kilo: Yes
ChatterBot Golf reevaluating
ChatterBot Foxtrot reevaluating
ChatterBot Oscar reevaluating
ChatterBot Kilo reevaluating
ChatterBot Lima reevaluating
ChatterBot Foxtrot reevaluating
ChatterBot Oscar reevaluating
ChatterBot Kilo reevaluating
ChatterBot Lima reevaluating
ChatterBot Golf reevaluating
ChatterBot Oscar reevaluating
ChatterBot Kilo reevaluating
ChatterBot Lima reevaluating
ChatterBot Golf reevaluating
ChatterBot Foxtrot reevaluating
ChatterBot Kilo reevaluating
ChatterBot Lima reevaluating
ChatterBot Golf reevaluating
ChatterBot Foxtrot reevaluating
ChatterBot Oscar reevaluating
randomSelections Alpha: {Alpha, Foxtrot, Uniform, Lima, Golf, Kilo} 
2024-10-15 04:39:28.051024 Alpha: Friends?
ChatterBot Foxtrot reevaluating
ChatterBot Uniform reevaluating
ChatterBot Lima reevaluating
ChatterBot Golf reevaluating
ChatterBot Kilo reevaluating
2024-10-15 04:39:28.057841 Foxtrot: No
2024-10-15 04:39:28.057986 Uniform: Yes
2024-10-15 04:39:28.058076 Lima: No
2024-10-15 04:39:28.058175 Golf: No
2024-10-15 04:39:28.058258 Kilo: No
ChatterBot Uniform reevaluating
ChatterBot Lima reevaluating
ChatterBot Golf reevaluating
ChatterBot Kilo reevaluating
ChatterBot Foxtrot reevaluating
ChatterBot Lima reevaluating
ChatterBot Golf reevaluating
ChatterBot Kilo reevaluating
ChatterBot Foxtrot reevaluating
ChatterBot Uniform reevaluating
ChatterBot Golf reevaluating
ChatterBot Kilo reevaluating
ChatterBot Foxtrot reevaluating
ChatterBot Uniform reevaluating
ChatterBot Lima reevaluating
ChatterBot Kilo reevaluating
ChatterBot Foxtrot reevaluating
ChatterBot Uniform reevaluating
ChatterBot Lima reevaluating
ChatterBot Golf reevaluating
randomSelections Quebec: {Quebec, Golf, Alpha, Kilo, Oscar, Foxtrot} 
2024-10-15 04:39:28.139244 Quebec: Let's form a team
ChatterBot Golf reevaluating
ChatterBot Kilo reevaluating
ChatterBot Oscar reevaluating
ChatterBot Foxtrot reevaluating
2024-10-15 04:39:28.182916 Golf: No
2024-10-15 04:39:28.183097 Alpha: No
2024-10-15 04:39:28.183226 Kilo: No
2024-10-15 04:39:28.183329 Oscar: No
2024-10-15 04:39:28.183439 Foxtrot: No
ChatterBot Kilo reevaluating
ChatterBot Oscar reevaluating
ChatterBot Foxtrot reevaluating
ChatterBot Golf reevaluating
ChatterBot Kilo reevaluating
ChatterBot Oscar reevaluating
ChatterBot Foxtrot reevaluating
ChatterBot Golf reevaluating
ChatterBot Oscar reevaluating
ChatterBot Foxtrot reevaluating
ChatterBot Golf reevaluating
ChatterBot Kilo reevaluating
ChatterBot Foxtrot reevaluating
ChatterBot Golf reevaluating
ChatterBot Kilo reevaluating
ChatterBot Oscar reevaluating
randomSelections Yankee: {Yankee, Foxtrot, India, Alpha, Golf, Oscar} 
2024-10-15 04:39:28.266608 Yankee: Let's form a team
ChatterBot Foxtrot reevaluating
ChatterBot Golf reevaluating
ChatterBot Oscar reevaluating
2024-10-15 04:39:28.272624 Foxtrot: No
2024-10-15 04:39:28.272846 India: No
2024-10-15 04:39:28.273033 Alpha: No
2024-10-15 04:39:28.273222 Golf: No
2024-10-15 04:39:28.273360 Oscar: No
ChatterBot Golf reevaluating
ChatterBot Oscar reevaluating
ChatterBot Foxtrot reevaluating
ChatterBot Golf reevaluating
ChatterBot Oscar reevaluating
ChatterBot Foxtrot reevaluating
ChatterBot Golf reevaluating
ChatterBot Oscar reevaluating
ChatterBot Foxtrot reevaluating
ChatterBot Oscar reevaluating
ChatterBot Foxtrot reevaluating
ChatterBot Golf reevaluating
2024-10-15 04:39:28.316680 India: Kilo, sending you 2
2024-10-15 04:39:28.320731 Kilo: Golf and Foxtrot, sending you 5
2024-10-15 04:39:28.322078 Oscar: Kilo, sending you 1
2024-10-15 04:39:28.322584 India: Golf and Oscar, sending you 5
2024-10-15 04:39:28.323269 Yankee: Golf, sending you 4
2024-10-15 04:39:28.324691 Golf: Kilo and Oscar, sending you 3
2024-10-15 04:39:28.325691 Quebec: Kilo, sending you 2
2024-10-15 04:39:28.326140 Kilo: Lima, sending you 2
2024-10-15 04:39:28.326413 Oscar: Golf and India, sending you 3
2024-10-15 04:39:28.326686 India: Foxtrot, sending you 3
2024-10-15 04:39:28.327675 Alpha: Golf, sending you 2
2024-10-15 04:39:28.328730 Yankee: Foxtrot and India, sending you 5
2024-10-15 04:39:28.330264 Uniform: Kilo, sending you 5
2024-10-15 04:39:28.331072 Golf: Foxtrot and India, sending you 5
2024-10-15 04:39:28.331586 Kilo: Oscar, sending you 4
2024-10-15 04:39:28.332101 India: Lima, sending you 1
2024-10-15 04:39:28.332576 Oscar: Foxtrot, sending you 2
2024-10-15 04:39:28.333245 Alpha: Foxtrot and Uniform, sending you 4
2024-10-15 04:39:28.334505 Yankee: Oscar and Alpha, sending you 3
2024-10-15 04:39:28.335770 Uniform: Golf, sending you 2
2024-10-15 04:39:28.336345 Golf: Lima, sending you 4
2024-10-15 04:39:28.336960 Kilo: India, sending you 1
2024-10-15 04:39:28.337649 Oscar: Lima, sending you 7
2024-10-15 04:39:28.338486 Foxtrot: Kilo, sending you 1
2024-10-15 04:39:28.339380 Alpha: Lima, sending you 3
2024-10-15 04:39:28.341053 Lima: Kilo, Golf and Oscar, sending you 4
2024-10-15 04:39:28.341763 Uniform: Lima and Alpha, sending you 6
2024-10-15 04:39:28.343660 Foxtrot: Golf, sending you 5
2024-10-15 04:39:28.346065 Lima: Foxtrot, sending you 2
2024-10-15 04:39:28.347687 Foxtrot: Lima and Oscar, sending you 4
2024-10-15 04:39:28.349675 Lima: India, sending you 3
2024-10-15 04:39:28.351667 Foxtrot: India, sending you 6
chatterbot Lima submitting transactions
chatterbot Uniform submitting transactions
chatterbot Oscar submitting transactions
chatterbot Quebec submitting transactions
chatterbot Alpha submitting transactions
chatterbot India submitting transactions
chatterbot Golf submitting transactions
chatterbot Kilo submitting transactions
chatterbot Yankee submitting transactions
chatterbot Foxtrot submitting transactions
ChatterBot Kilo round 2
ChatterBot Yankee round 2
ChatterBot Golf round 2
ChatterBot Foxtrot round 2
ChatterBot Lima round 2
ChatterBot Oscar round 2
ChatterBot Quebec round 2
ChatterBot Alpha round 2
2024-10-15 04:39:30.966726 Foxtrot: We would work well together
ChatterBot Kilo reevaluating
ChatterBot Yankee reevaluating
ChatterBot Golf reevaluating
ChatterBot Lima reevaluating
ChatterBot Oscar reevaluating
ChatterBot India reevaluating
ChatterBot Alpha reevaluating
ChatterBot Uniform reevaluating
2024-10-15 04:39:31.055656 Kilo: Yes
2024-10-15 04:39:31.055891 Yankee: Yes
2024-10-15 04:39:31.056090 Golf: Yes
2024-10-15 04:39:31.056254 Lima: Yes
2024-10-15 04:39:31.057004 Oscar: No
2024-10-15 04:39:31.057182 India: No
2024-10-15 04:39:31.057359 Alpha: No
2024-10-15 04:39:31.057514 Uniform: No
ChatterBot Yankee reevaluating
ChatterBot Golf reevaluating
ChatterBot Lima reevaluating
ChatterBot Oscar reevaluating
ChatterBot India reevaluating
ChatterBot Alpha reevaluating
ChatterBot Uniform reevaluating
ChatterBot Kilo reevaluating
ChatterBot Golf reevaluating
ChatterBot Lima reevaluating
ChatterBot Oscar reevaluating
ChatterBot India reevaluating
ChatterBot Alpha reevaluating
ChatterBot Uniform reevaluating
ChatterBot Kilo reevaluating
ChatterBot Yankee reevaluating
ChatterBot Lima reevaluating
ChatterBot Oscar reevaluating
ChatterBot India reevaluating
ChatterBot Alpha reevaluating
ChatterBot Uniform reevaluating
ChatterBot Kilo reevaluating
ChatterBot Yankee reevaluating
ChatterBot Golf reevaluating
ChatterBot Oscar reevaluating
ChatterBot India reevaluating
ChatterBot Alpha reevaluating
ChatterBot Uniform reevaluating
ChatterBot Kilo reevaluating
ChatterBot Yankee reevaluating
ChatterBot Golf reevaluating
ChatterBot Lima reevaluating
ChatterBot India reevaluating
ChatterBot Alpha reevaluating
ChatterBot Uniform reevaluating
ChatterBot Kilo reevaluating
ChatterBot Yankee reevaluating
ChatterBot Golf reevaluating
ChatterBot Lima reevaluating
ChatterBot Oscar reevaluating
ChatterBot Alpha reevaluating
ChatterBot Uniform reevaluating
ChatterBot Kilo reevaluating
ChatterBot Yankee reevaluating
ChatterBot Golf reevaluating
ChatterBot Lima reevaluating
ChatterBot Oscar reevaluating
ChatterBot India reevaluating
ChatterBot Uniform reevaluating
ChatterBot Kilo reevaluating
ChatterBot Yankee reevaluating
ChatterBot Golf reevaluating
ChatterBot Lima reevaluating
ChatterBot Oscar reevaluating
ChatterBot India reevaluating
ChatterBot Alpha reevaluating
2024-10-15 04:39:31.884916 Oscar: We should add Yankee
ChatterBot India reevaluating
ChatterBot Lima reevaluating
ChatterBot Golf reevaluating
ChatterBot Kilo reevaluating
2024-10-15 04:39:31.914377 India: No
2024-10-15 04:39:31.914565 Lima: Yes
2024-10-15 04:39:31.914698 Golf: Yes
2024-10-15 04:39:31.914820 Foxtrot: Yes
2024-10-15 04:39:31.914915 Kilo: Yes
ChatterBot Lima reevaluating
ChatterBot Golf reevaluating
ChatterBot Oscar reevaluating
ChatterBot Kilo reevaluating
ChatterBot India reevaluating
ChatterBot Golf reevaluating
ChatterBot Oscar reevaluating
ChatterBot Kilo reevaluating
ChatterBot India reevaluating
ChatterBot Lima reevaluating
ChatterBot Oscar reevaluating
ChatterBot Kilo reevaluating
ChatterBot India reevaluating
ChatterBot Lima reevaluating
ChatterBot Golf reevaluating
ChatterBot Oscar reevaluating
ChatterBot Kilo reevaluating
ChatterBot India reevaluating
ChatterBot Lima reevaluating
ChatterBot Golf reevaluating
ChatterBot Oscar reevaluating
ChatterBot India round 2
ChatterBot Uniform round 2
2024-10-15 04:39:32.093017 Quebec: Can we be friends?
ChatterBot Alpha reevaluating
ChatterBot Uniform reevaluating
2024-10-15 04:39:32.101986 Alpha: No
2024-10-15 04:39:32.102117 Uniform: No
ChatterBot Quebec reevaluating
ChatterBot Uniform reevaluating
ChatterBot Quebec reevaluating
ChatterBot Alpha reevaluating
2024-10-15 04:39:32.120296 Uniform: Group up?
ChatterBot Kilo reevaluating
ChatterBot Golf reevaluating
ChatterBot Lima reevaluating
ChatterBot Oscar reevaluating
ChatterBot India reevaluating
ChatterBot Alpha reevaluating
ChatterBot Yankee reevaluating
2024-10-15 04:39:32.156545 Foxtrot: Yes
2024-10-15 04:39:32.156719 Kilo: Yes
2024-10-15 04:39:32.156832 Golf: Yes
2024-10-15 04:39:32.156929 Lima: Yes
2024-10-15 04:39:32.157579 Oscar: No
2024-10-15 04:39:32.157693 India: Yes
2024-10-15 04:39:32.157783 Alpha: Yes
2024-10-15 04:39:32.157878 Yankee: Yes
ChatterBot Kilo reevaluating
ChatterBot Yankee reevaluating
ChatterBot Golf reevaluating
ChatterBot Lima reevaluating
ChatterBot Oscar reevaluating
ChatterBot India reevaluating
ChatterBot Alpha reevaluating
ChatterBot Uniform reevaluating
ChatterBot Yankee reevaluating
ChatterBot Golf reevaluating
ChatterBot Lima reevaluating
ChatterBot Oscar reevaluating
ChatterBot India reevaluating
ChatterBot Alpha reevaluating
ChatterBot Uniform reevaluating
ChatterBot Kilo reevaluating
ChatterBot Yankee reevaluating
ChatterBot Lima reevaluating
ChatterBot Oscar reevaluating
ChatterBot India reevaluating
ChatterBot Alpha reevaluating
ChatterBot Uniform reevaluating
ChatterBot Kilo reevaluating
ChatterBot Yankee reevaluating
ChatterBot Golf reevaluating
ChatterBot Oscar reevaluating
ChatterBot India reevaluating
ChatterBot Alpha reevaluating
ChatterBot Uniform reevaluating
ChatterBot Kilo reevaluating
ChatterBot Yankee reevaluating
ChatterBot Golf reevaluating
ChatterBot Lima reevaluating
ChatterBot India reevaluating
ChatterBot Alpha reevaluating
ChatterBot Uniform reevaluating
ChatterBot Kilo reevaluating
ChatterBot Yankee reevaluating
ChatterBot Golf reevaluating
ChatterBot Lima reevaluating
ChatterBot Oscar reevaluating
ChatterBot Alpha reevaluating
ChatterBot Uniform reevaluating
ChatterBot Kilo reevaluating
ChatterBot Yankee reevaluating
ChatterBot Golf reevaluating
ChatterBot Lima reevaluating
ChatterBot Oscar reevaluating
ChatterBot India reevaluating
ChatterBot Uniform reevaluating
ChatterBot Kilo reevaluating
ChatterBot Golf reevaluating
ChatterBot Lima reevaluating
ChatterBot Oscar reevaluating
ChatterBot India reevaluating
ChatterBot Alpha reevaluating
ChatterBot Uniform reevaluating
2024-10-15 04:39:32.458081 Oscar: Yankee we want you to join our group
2024-10-15 04:39:32.461987 Yankee: Yes
chatterbot Quebec submitting transactions
2024-10-15 04:39:32.502476 Quebec: Sending you 2
2024-10-15 04:39:32.502836 Alpha: Kilo, Golf, Foxtrot and Lima, sending you 1
2024-10-15 04:39:32.504120 Yankee: Kilo, Golf, Foxtrot, Lima, Oscar and India, sending you 3
2024-10-15 04:39:32.504523 Lima: Kilo, Golf, Foxtrot and Alpha, sending you 2
2024-10-15 04:39:32.504950 Golf: Kilo, Yankee, Foxtrot, Lima and India, sending you 3
2024-10-15 04:39:32.506020 Foxtrot: Kilo, sending you 4
2024-10-15 04:39:32.506384 Kilo: Yankee, sending you 1
2024-10-15 04:39:32.506896 Alpha: Yankee and Uniform, sending you 3
2024-10-15 04:39:32.507428 Yankee: Alpha, sending you 2
2024-10-15 04:39:32.508828 Lima: Yankee and India, sending you 1
2024-10-15 04:39:32.509300 Golf: Oscar and Alpha, sending you 2
2024-10-15 04:39:32.511925 Oscar: Kilo, Yankee, Golf, Foxtrot and Lima, sending you 3
2024-10-15 04:39:32.513460 Foxtrot: Yankee, Golf and Alpha, sending you 3
2024-10-15 04:39:32.514238 Kilo: Golf and Lima, sending you 3
2024-10-15 04:39:32.515838 Uniform: Kilo, Yankee, Golf, Foxtrot, Lima and Oscar, sending you 1
2024-10-15 04:39:32.516768 India: Kilo, sending you 1
2024-10-15 04:39:32.518581 Golf: Uniform, sending you 1
2024-10-15 04:39:32.520142 Lima: Oscar, sending you 4
2024-10-15 04:39:32.521661 Foxtrot: Lima, Oscar and India, sending you 2
2024-10-15 04:39:32.522419 Oscar: India, sending you 4
2024-10-15 04:39:32.523507 Kilo: Foxtrot, Oscar and India, sending you 2
2024-10-15 04:39:32.524243 Uniform: Alpha, sending you 13
2024-10-15 04:39:32.525680 India: Yankee and Golf, sending you 4
2024-10-15 04:39:32.526492 Lima: Uniform, sending you 3
2024-10-15 04:39:32.527895 Foxtrot: Uniform, sending you 1
2024-10-15 04:39:32.529141 Kilo: Uniform, sending you 4
2024-10-15 04:39:32.529959 India: Foxtrot, sending you 5
2024-10-15 04:39:32.535685 India: Lima and Oscar, sending you 3
chatterbot Golf submitting transactions
chatterbot Foxtrot submitting transactions
chatterbot Lima submitting transactions
chatterbot Alpha submitting transactions
chatterbot Oscar submitting transactions
chatterbot India submitting transactions
chatterbot Uniform submitting transactions
chatterbot Kilo submitting transactions
chatterbot Yankee submitting transactions
ChatterBot Kilo round 3
ChatterBot Yankee round 3
ChatterBot Golf round 3
ChatterBot Foxtrot round 3
ChatterBot Lima round 3
ChatterBot Oscar round 3
ChatterBot Quebec round 3
ChatterBot Alpha round 3
ChatterBot India round 3
ChatterBot Uniform round 3
2024-10-15 04:39:33.633061 Oscar: We should add Uniform
2024-10-15 04:39:33.666761 Yankee: Yes
2024-10-15 04:39:33.666949 Kilo: Yes
2024-10-15 04:39:33.667136 Golf: Yes
2024-10-15 04:39:33.667346 Foxtrot: Yes
2024-10-15 04:39:33.667506 Lima: Yes
2024-10-15 04:39:33.667673 India: Yes
2024-10-15 04:39:33.863478 Oscar: Uniform we want you to join our group
2024-10-15 04:39:33.867343 Uniform: Yes
2024-10-15 04:39:33.888072 Yankee: Kilo and Lima, sending you 2
2024-10-15 04:39:33.890699 Lima: Kilo, Foxtrot, Alpha, India and Uniform, sending you 2
2024-10-15 04:39:33.891378 Yankee: Golf, Foxtrot, Oscar and Alpha, sending you 3
2024-10-15 04:39:33.891835 Golf: Kilo, Foxtrot, Lima, Oscar and India, sending you 3
2024-10-15 04:39:33.892345 Foxtrot: Kilo, Yankee and Golf, sending you 3
2024-10-15 04:39:33.893136 Kilo: Yankee, Oscar, India and Uniform, sending you 2
2024-10-15 04:39:33.896005 Lima: Yankee, sending you 1
2024-10-15 04:39:33.896664 Yankee: India, sending you 4
2024-10-15 04:39:33.897251 Golf: Yankee and Alpha, sending you 2
2024-10-15 04:39:33.897849 Foxtrot: Lima, Oscar and Alpha, sending you 2
2024-10-15 04:39:33.898436 Kilo: Golf, Foxtrot and Lima, sending you 3
2024-10-15 04:39:33.899034 Alpha: Kilo, Oscar and India, sending you 1
2024-10-15 04:39:33.900205 Uniform: Kilo and Lima, sending you 4
2024-10-15 04:39:33.900815 Oscar: Kilo, Golf, Foxtrot and India, sending you 3
2024-10-15 04:39:33.901315 Lima: Golf and Oscar, sending you 3
2024-10-15 04:39:33.901938 Foxtrot: India, sending you 4
2024-10-15 04:39:33.902556 Golf: Uniform, sending you 1
2024-10-15 04:39:33.903344 Alpha: Yankee, Golf, Foxtrot and Lima, sending you 2
2024-10-15 04:39:33.904641 Quebec: Sending you each 1
2024-10-15 04:39:33.904937 Uniform: Yankee and Oscar, sending you 1
2024-10-15 04:39:33.905543 Oscar: Yankee, sending you 2
2024-10-15 04:39:33.905980 Foxtrot: Uniform, sending you 1
2024-10-15 04:39:33.906659 Alpha: Uniform, sending you 3
2024-10-15 04:39:33.908669 India: Kilo and Lima, sending you 2
2024-10-15 04:39:33.909258 Oscar: Lima, sending you 4
2024-10-15 04:39:33.909690 Uniform: Golf and Foxtrot, sending you 2
2024-10-15 04:39:33.912686 India: Yankee, sending you 3
2024-10-15 04:39:33.913350 Uniform: Alpha, sending you 5
2024-10-15 04:39:33.914327 Oscar: Uniform, sending you 1
2024-10-15 04:39:33.915660 India: Golf, sending you 5
2024-10-15 04:39:33.918674 India: Foxtrot and Oscar, sending you 4
chatterbot India submitting transactions
chatterbot Foxtrot submitting transactions
chatterbot Oscar submitting transactions
chatterbot Yankee submitting transactions
chatterbot Kilo submitting transactions
chatterbot Lima submitting transactions
chatterbot Quebec submitting transactions
chatterbot Golf submitting transactions
chatterbot Uniform submitting transactions
chatterbot Alpha submitting transactions
ChatterBot Kilo round 4
ChatterBot Yankee round 4
ChatterBot Golf round 4
ChatterBot Foxtrot round 4
ChatterBot Lima round 4
ChatterBot Oscar round 4
ChatterBot Quebec round 4
ChatterBot Alpha round 4
ChatterBot India round 4
ChatterBot Uniform round 4
2024-10-15 04:39:35.058670 Yankee: Kilo and Lima, sending you 2
2024-10-15 04:39:35.060235 Foxtrot: Kilo, Yankee, Golf, Oscar and India, sending you 3
2024-10-15 04:39:35.063680 Kilo: Yankee, Lima, Oscar, India and Uniform, sending you 2
2024-10-15 04:39:35.065576 Yankee: Golf, Foxtrot, Oscar, Alpha and India, sending you 3
2024-10-15 04:39:35.066320 Foxtrot: Lima and Alpha, sending you 2
2024-10-15 04:39:35.067040 Golf: Kilo, Foxtrot, Lima, Oscar and India, sending you 3
2024-10-15 04:39:35.068722 Oscar: Kilo, Yankee, Golf, Foxtrot, Lima and India, sending you 3
2024-10-15 04:39:35.069857 Kilo: Golf, sending you 4
2024-10-15 04:39:35.070581 India: Kilo and Lima, sending you 2
2024-10-15 04:39:35.071266 Yankee: Uniform, sending you 1
2024-10-15 04:39:35.071844 Quebec: Same as last round
2024-10-15 04:39:35.072109 Alpha: Kilo, Oscar and India, sending you 1
2024-10-15 04:39:35.072671 Foxtrot: Uniform, sending you 1
2024-10-15 04:39:35.074157 Uniform: Kilo, sending you 4
2024-10-15 04:39:35.074883 Lima: Kilo, Foxtrot, Alpha, India and Uniform, sending you 2
2024-10-15 04:39:35.075561 Golf: Yankee and Alpha, sending you 2
2024-10-15 04:39:35.076105 Kilo: Foxtrot, sending you 3
2024-10-15 04:39:35.076706 Oscar: Uniform, sending you 1
2024-10-15 04:39:35.077100 India: Yankee, sending you 3
2024-10-15 04:39:35.077788 Alpha: Yankee and Uniform, sending you 3
2024-10-15 04:39:35.079234 Uniform: Yankee, Oscar and India, sending you 1
2024-10-15 04:39:35.080012 Lima: Yankee, sending you 1
2024-10-15 04:39:35.080751 Golf: Uniform, sending you 1
2024-10-15 04:39:35.081678 Kilo: Alpha, sending you 1
2024-10-15 04:39:35.082917 India: Golf, Foxtrot and Oscar, sending you 4
2024-10-15 04:39:35.083565 Uniform: Golf and Foxtrot, sending you 2
2024-10-15 04:39:35.084312 Alpha: Golf, Foxtrot and Lima, sending you 2
2024-10-15 04:39:35.084958 Lima: Golf and Oscar, sending you 3
2024-10-15 04:39:35.086676 Uniform: Lima, sending you 3
2024-10-15 04:39:35.087720 India: Alpha, sending you 1
2024-10-15 04:39:35.091680 Uniform: Alpha, sending you 5
chatterbot Kilo submitting transactions
chatterbot Lima submitting transactions
chatterbot Foxtrot submitting transactions
chatterbot Alpha submitting transactions
chatterbot Yankee submitting transactions
chatterbot Quebec submitting transactions
chatterbot Oscar submitting transactions
chatterbot Uniform submitting transactions
chatterbot India submitting transactions
chatterbot Golf submitting transactions
ChatterBot Kilo round 5
ChatterBot Yankee round 5
ChatterBot Golf round 5
ChatterBot Foxtrot round 5
ChatterBot Lima round 5
ChatterBot Oscar round 5
ChatterBot Quebec round 5
ChatterBot Alpha round 5
ChatterBot India round 5
ChatterBot Uniform round 5
2024-10-15 04:39:36.243657 Oscar: Kilo, sending you 2
2024-10-15 04:39:36.247698 Oscar: Yankee, Golf, Foxtrot and Lima, sending you 3
2024-10-15 04:39:36.250795 Foxtrot: Kilo, Yankee, Golf, Oscar and India, sending you 3
2024-10-15 04:39:36.251751 Yankee: Kilo and Lima, sending you 2
2024-10-15 04:39:36.253254 Oscar: India, sending you 4
2024-10-15 04:39:36.253835 India: Kilo and Lima, sending you 2
2024-10-15 04:39:36.254777 Foxtrot: Lima and Alpha, sending you 2
2024-10-15 04:39:36.256573 Yankee: Golf, Foxtrot, Oscar, Alpha and India, sending you 3
2024-10-15 04:39:36.257523 Uniform: Kilo and Lima, sending you 3
2024-10-15 04:39:36.259 Oscar: Uniform, sending you 1
2024-10-15 04:39:36.259535 Kilo: Yankee, Lima, Oscar, India and Uniform, sending you 2
2024-10-15 04:39:36.261084 India: Yankee and Oscar, sending you 3
2024-10-15 04:39:36.262019 Lima: Kilo, Foxtrot, Alpha, India and Uniform, sending you 2
2024-10-15 04:39:36.263093 Yankee: Uniform, sending you 1
2024-10-15 04:39:36.263665 Foxtrot: Uniform, sending you 1
2024-10-15 04:39:36.264271 Alpha: Kilo, Oscar and India, sending you 1
2024-10-15 04:39:36.265233 Golf: Kilo, Foxtrot, Lima, Oscar and India, sending you 3
2024-10-15 04:39:36.265833 Uniform: Yankee and India, sending you 1
2024-10-15 04:39:36.266450 Kilo: Golf, sending you 4
2024-10-15 04:39:36.267026 India: Golf and Foxtrot, sending you 4
2024-10-15 04:39:36.268143 Lima: Yankee, sending you 1
2024-10-15 04:39:36.269355 Uniform: Golf, Foxtrot and Oscar, sending you 2
2024-10-15 04:39:36.270870 Alpha: Yankee and Uniform, sending you 3
2024-10-15 04:39:36.271792 Golf: Yankee and Alpha, sending you 2
2024-10-15 04:39:36.272701 Kilo: Foxtrot, sending you 3
2024-10-15 04:39:36.273844 India: Alpha and Uniform, sending you 1
2024-10-15 04:39:36.274432 Lima: Golf and Oscar, sending you 3
2024-10-15 04:39:36.275052 Uniform: Alpha, sending you 5
2024-10-15 04:39:36.275679 Alpha: Golf, Foxtrot and Lima, sending you 2
2024-10-15 04:39:36.276273 Golf: Uniform, sending you 1
2024-10-15 04:39:36.278743 Kilo: Alpha, sending you 1
chatterbot Foxtrot submitting transactions
chatterbot Lima submitting transactions
chatterbot Uniform submitting transactions
chatterbot Alpha submitting transactions
chatterbot Oscar submitting transactions
chatterbot Yankee submitting transactions
chatterbot Golf submitting transactions
chatterbot India submitting transactions
chatterbot Quebec submitting transactions
chatterbot Kilo submitting transactions
ChatterBot Kilo round 6
ChatterBot Yankee round 6
ChatterBot Golf round 6
ChatterBot Foxtrot round 6
ChatterBot Lima round 6
ChatterBot Oscar round 6
ChatterBot Quebec round 6
ChatterBot Alpha round 6
ChatterBot India round 6
ChatterBot Uniform round 6
2024-10-15 04:39:37.533113 Oscar: We should add Alpha
ChatterBot Lima reevaluating
ChatterBot India reevaluating
ChatterBot Uniform reevaluating
2024-10-15 04:39:37.556803 Kilo: Yes
2024-10-15 04:39:37.556964 Yankee: Yes
2024-10-15 04:39:37.557093 Golf: Yes
2024-10-15 04:39:37.557212 Foxtrot: Yes
2024-10-15 04:39:37.557316 Lima: Yes
2024-10-15 04:39:37.557438 India: Yes
2024-10-15 04:39:37.557558 Uniform: Yes
ChatterBot Lima reevaluating
ChatterBot India reevaluating
ChatterBot Uniform reevaluating
ChatterBot Lima reevaluating
ChatterBot India reevaluating
ChatterBot Uniform reevaluating
ChatterBot Lima reevaluating
ChatterBot India reevaluating
ChatterBot Uniform reevaluating
ChatterBot Lima reevaluating
ChatterBot India reevaluating
ChatterBot Uniform reevaluating
ChatterBot India reevaluating
ChatterBot Uniform reevaluating
ChatterBot Lima reevaluating
ChatterBot Uniform reevaluating
ChatterBot Lima reevaluating
ChatterBot India reevaluating
2024-10-15 04:39:37.725371 Oscar: Alpha we want you to join our group
2024-10-15 04:39:37.730276 Alpha: Yes
ChatterBot Lima reevaluating
ChatterBot India reevaluating
ChatterBot Uniform reevaluating
2024-10-15 04:39:37.754681 Golf: Kilo, Foxtrot, Lima, Oscar and India, sending you 3
2024-10-15 04:39:37.755547 Foxtrot: Kilo, Yankee, Golf, Oscar and India, sending you 3
2024-10-15 04:39:37.756417 Kilo: Yankee, Lima, Oscar, Alpha, India and Uniform, sending you 2
2024-10-15 04:39:37.757691 Alpha: Kilo, Oscar and India, sending you 1
2024-10-15 04:39:37.758620 Yankee: Kilo and Lima, sending you 2
2024-10-15 04:39:37.759314 Golf: Yankee and Alpha, sending you 2
2024-10-15 04:39:37.759899 Foxtrot: Lima and Alpha, sending you 2
2024-10-15 04:39:37.761659 Kilo: Golf and Foxtrot, sending you 3
2024-10-15 04:39:37.762688 Alpha: Yankee and Uniform, sending you 3
2024-10-15 04:39:37.764538 Yankee: Golf, Foxtrot, Oscar, Alpha and India, sending you 3
2024-10-15 04:39:37.765816 Golf: Uniform, sending you 1
2024-10-15 04:39:37.766889 Foxtrot: Uniform, sending you 1
2024-10-15 04:39:37.768388 Alpha: Golf, Foxtrot and Lima, sending you 2
2024-10-15 04:39:37.769483 Yankee: Uniform, sending you 1
2024-10-15 04:39:37.770580 Uniform: Kilo and Lima, sending you 3
2024-10-15 04:39:37.772706 Oscar: Kilo and Yankee, sending you 2
2024-10-15 04:39:37.774704 India: Kilo and Lima, sending you 2
2024-10-15 04:39:37.776580 Uniform: Yankee and India, sending you 1
2024-10-15 04:39:37.778681 Oscar: Golf, Foxtrot and Lima, sending you 3
2024-10-15 04:39:37.780303 India: Yankee, sending you 3
2024-10-15 04:39:37.781130 Uniform: Golf, Foxtrot and Oscar, sending you 2
2024-10-15 04:39:37.783890 Oscar: Alpha and Uniform, sending you 1
2024-10-15 04:39:37.784869 India: Golf, Foxtrot and Oscar, sending you 4
2024-10-15 04:39:37.786084 Lima: Kilo, Foxtrot, Alpha, India and Uniform, sending you 2
2024-10-15 04:39:37.787055 Uniform: Alpha, sending you 5
2024-10-15 04:39:37.788865 India: Alpha, sending you 1
2024-10-15 04:39:37.790067 Oscar: India, sending you 4
2024-10-15 04:39:37.791321 Lima: Yankee, sending you 1
2024-10-15 04:39:37.796680 Lima: Golf and Oscar, sending you 3
chatterbot Foxtrot submitting transactions
chatterbot Golf submitting transactions
chatterbot Oscar submitting transactions
chatterbot Quebec submitting transactions
chatterbot Lima submitting transactions
chatterbot India submitting transactions
chatterbot Uniform submitting transactions
chatterbot Kilo submitting transactions
chatterbot Yankee submitting transactions
chatterbot Alpha submitting transactions
ChatterBot Kilo round 7
ChatterBot Yankee round 7
ChatterBot Golf round 7
ChatterBot Foxtrot round 7
ChatterBot Lima round 7
ChatterBot Oscar round 7
ChatterBot Quebec round 7
ChatterBot Alpha round 7
ChatterBot India round 7
ChatterBot Uniform round 7
2024-10-15 04:39:38.796779 Kilo: Yankee, Lima, Oscar, Alpha, India and Uniform, sending you 2
2024-10-15 04:39:38.798698 Yankee: Kilo and Lima, sending you 2
2024-10-15 04:39:38.801669 Kilo: Golf and Foxtrot, sending you 3
2024-10-15 04:39:38.802807 Foxtrot: Kilo, Golf, Oscar and India, sending you 3
2024-10-15 04:39:38.803980 Golf: Kilo, Foxtrot, Lima, Oscar and India, sending you 3
2024-10-15 04:39:38.806082 Yankee: Golf, Foxtrot, Oscar, Alpha and India, sending you 3
2024-10-15 04:39:38.807216 Oscar: Kilo and Yankee, sending you 2
2024-10-15 04:39:38.808091 India: Kilo and Lima, sending you 2
2024-10-15 04:39:38.809249 Lima: Kilo, Foxtrot, Alpha, India and Uniform, sending you 2
2024-10-15 04:39:38.810038 Foxtrot: Yankee, Lima, Alpha and Uniform, sending you 2
2024-10-15 04:39:38.810808 Golf: Yankee and Alpha, sending you 2
2024-10-15 04:39:38.812608 Yankee: Uniform, sending you 1
2024-10-15 04:39:38.814006 Oscar: Golf, Foxtrot and Lima, sending you 3
2024-10-15 04:39:38.815245 India: Yankee, sending you 3
2024-10-15 04:39:38.816008 Lima: Yankee, sending you 1
2024-10-15 04:39:38.816814 Golf: Uniform, sending you 1
2024-10-15 04:39:38.819689 Oscar: Alpha and Uniform, sending you 1
2024-10-15 04:39:38.821922 India: Golf, Foxtrot and Oscar, sending you 4
2024-10-15 04:39:38.823218 Lima: Golf and Oscar, sending you 3
2024-10-15 04:39:38.824148 Uniform: Kilo and Lima, sending you 3
2024-10-15 04:39:38.825637 Alpha: Kilo, Golf, Foxtrot, Lima and Uniform, sending you 2
2024-10-15 04:39:38.826681 Oscar: India, sending you 4
2024-10-15 04:39:38.827556 India: Alpha, sending you 1
2024-10-15 04:39:38.829659 Alpha: Yankee, sending you 3
2024-10-15 04:39:38.831553 Uniform: Yankee and India, sending you 1
2024-10-15 04:39:38.834667 Alpha: Oscar and India, sending you 1
2024-10-15 04:39:38.837250 Uniform: Golf, Foxtrot and Oscar, sending you 2
2024-10-15 04:39:38.841661 Uniform: Alpha, sending you 5
chatterbot Uniform submitting transactions
chatterbot Yankee submitting transactions
chatterbot Alpha submitting transactions
chatterbot India submitting transactions
chatterbot Lima submitting transactions
chatterbot Quebec submitting transactions
chatterbot Kilo submitting transactions
chatterbot Golf submitting transactions
chatterbot Oscar submitting transactions
chatterbot Foxtrot submitting transactions
ChatterBot Kilo round 8
ChatterBot Yankee round 8
ChatterBot Golf round 8
ChatterBot Foxtrot round 8
ChatterBot Lima round 8
ChatterBot Oscar round 8
ChatterBot Quebec round 8
ChatterBot Alpha round 8
ChatterBot India round 8
ChatterBot Uniform round 8
2024-10-15 04:39:40.091688 Yankee: Kilo and Lima, sending you 2
2024-10-15 04:39:40.094712 Oscar: Kilo, Yankee and Uniform, sending you 2
2024-10-15 04:39:40.096280 Foxtrot: Kilo, Golf, Oscar and India, sending you 3
2024-10-15 04:39:40.098759 Alpha: Kilo, Golf, Foxtrot, Lima and Uniform, sending you 2
2024-10-15 04:39:40.101488 Kilo: Yankee, Lima, Oscar, Alpha, India and Uniform, sending you 2
2024-10-15 04:39:40.103920 Yankee: Golf, Foxtrot, Oscar, Alpha and India, sending you 3
2024-10-15 04:39:40.106323 Lima: Kilo, Foxtrot, Alpha, India and Uniform, sending you 2
2024-10-15 04:39:40.108045 Oscar: Golf, Foxtrot, Lima and India, sending you 3
2024-10-15 04:39:40.110364 Uniform: Kilo and Lima, sending you 3
2024-10-15 04:39:40.112641 Foxtrot: Yankee, Lima, Alpha and Uniform, sending you 2
2024-10-15 04:39:40.113966 Alpha: Yankee, sending you 3
2024-10-15 04:39:40.115563 Kilo: Golf and Foxtrot, sending you 3
2024-10-15 04:39:40.116505 Yankee: Uniform, sending you 1
2024-10-15 04:39:40.118214 India: Kilo and Lima, sending you 2
2024-10-15 04:39:40.119292 Lima: Yankee, sending you 1
2024-10-15 04:39:40.120989 Oscar: Alpha, sending you 1
2024-10-15 04:39:40.122156 Golf: Kilo, Foxtrot, Lima, Oscar and India, sending you 3
2024-10-15 04:39:40.123923 Uniform: Yankee, Golf, Foxtrot and Oscar, sending you 2
2024-10-15 04:39:40.125034 Alpha: Oscar and India, sending you 1
2024-10-15 04:39:40.126687 India: Yankee and Foxtrot, sending you 3
2024-10-15 04:39:40.128509 Lima: Golf and Oscar, sending you 3
2024-10-15 04:39:40.129701 Golf: Yankee and Alpha, sending you 2
2024-10-15 04:39:40.131381 Uniform: Alpha, sending you 4
2024-10-15 04:39:40.133379 India: Golf and Oscar, sending you 4
2024-10-15 04:39:40.134556 Golf: Uniform, sending you 1
2024-10-15 04:39:40.136982 Uniform: India, sending you 1
2024-10-15 04:39:40.138879 India: Alpha and Uniform, sending you 1
chatterbot Oscar submitting transactions
chatterbot Kilo submitting transactions
chatterbot India submitting transactions
chatterbot Yankee submitting transactions
chatterbot Foxtrot submitting transactions
chatterbot Quebec submitting transactions
chatterbot Golf submitting transactions
chatterbot Lima submitting transactions
chatterbot Alpha submitting transactions
chatterbot Uniform submitting transactions
ChatterBot Kilo round 9
ChatterBot Yankee round 9
ChatterBot Golf round 9
ChatterBot Foxtrot round 9
ChatterBot Lima round 9
ChatterBot Oscar round 9
ChatterBot Quebec round 9
ChatterBot Alpha round 9
ChatterBot India round 9
ChatterBot Uniform round 9
2024-10-15 04:39:41.368684 Yankee: Kilo and Lima, sending you 2
2024-10-15 04:39:41.372805 Lima: Kilo, Foxtrot, Alpha, India and Uniform, sending you 2
2024-10-15 04:39:41.376710 Yankee: Golf, Foxtrot, Oscar, Alpha and India, sending you 3
2024-10-15 04:39:41.381024 Lima: Yankee, sending you 1
2024-10-15 04:39:41.382891 Uniform: Kilo and Lima, sending you 3
2024-10-15 04:39:41.385069 Golf: Kilo, Foxtrot, Lima, Oscar and India, sending you 3
2024-10-15 04:39:41.386910 Oscar: Kilo, Yankee and Uniform, sending you 2
2024-10-15 04:39:41.388768 Yankee: Uniform, sending you 1
2024-10-15 04:39:41.389801 Lima: Golf and Oscar, sending you 3
2024-10-15 04:39:41.391726 Foxtrot: Kilo, Golf, Oscar and India, sending you 3
2024-10-15 04:39:41.393693 Alpha: Kilo, Golf, Foxtrot, Lima and Uniform, sending you 2
2024-10-15 04:39:41.394826 Uniform: Yankee, Golf, Foxtrot and Oscar, sending you 2
2024-10-15 04:39:41.396562 Golf: Yankee and Alpha, sending you 2
2024-10-15 04:39:41.397800 Oscar: Golf, Foxtrot, Lima and India, sending you 3
2024-10-15 04:39:41.399346 Kilo: Yankee, Lima, Oscar, Alpha, India and Uniform, sending you 2
2024-10-15 04:39:41.402042 India: Kilo and Lima, sending you 2
2024-10-15 04:39:41.404576 Alpha: Yankee, sending you 3
2024-10-15 04:39:41.406395 Foxtrot: Yankee, Lima, Alpha and Uniform, sending you 2
2024-10-15 04:39:41.408993 Uniform: Alpha, sending you 4
2024-10-15 04:39:41.411194 Golf: Uniform, sending you 1
2024-10-15 04:39:41.412528 Oscar: Alpha, sending you 1
2024-10-15 04:39:41.414607 Kilo: Golf and Foxtrot, sending you 3
2024-10-15 04:39:41.417273 India: Yankee and Foxtrot, sending you 3
2024-10-15 04:39:41.420252 Alpha: Oscar and India, sending you 1
2024-10-15 04:39:41.423369 Uniform: India, sending you 1
2024-10-15 04:39:41.426175 India: Golf and Oscar, sending you 4
2024-10-15 04:39:41.431669 India: Alpha and Uniform, sending you 1
chatterbot Lima submitting transactions
chatterbot Oscar submitting transactions
chatterbot Quebec submitting transactions
chatterbot Golf submitting transactions
chatterbot India submitting transactions
chatterbot Uniform submitting transactions
chatterbot Kilo submitting transactions
chatterbot Alpha submitting transactions
chatterbot Yankee submitting transactions
chatterbot Foxtrot submitting transactions
ChatterBot Kilo round 10
ChatterBot Yankee round 10
ChatterBot Golf round 10
ChatterBot Foxtrot round 10
ChatterBot Lima round 10
ChatterBot Oscar round 10
ChatterBot Quebec round 10
ChatterBot Alpha round 10
ChatterBot India round 10
ChatterBot Uniform round 10
2024-10-15 04:39:42.633656 Golf: Kilo, Foxtrot, Lima, Oscar and India, sending you 3
2024-10-15 04:39:42.637660 Yankee: Kilo and Lima, sending you 2
2024-10-15 04:39:42.640154 Golf: Yankee and Alpha, sending you 2
2024-10-15 04:39:42.642983 Lima: Kilo, Foxtrot, Alpha, India and Uniform, sending you 2
2024-10-15 04:39:42.644561 India: Kilo and Lima, sending you 2
2024-10-15 04:39:42.647524 Kilo: Yankee, Lima, Oscar, Alpha, India and Uniform, sending you 2
2024-10-15 04:39:42.650087 Yankee: Golf, Foxtrot, Oscar, Alpha and India, sending you 3
2024-10-15 04:39:42.652751 Golf: Uniform, sending you 1
2024-10-15 04:39:42.654441 Uniform: Kilo, Foxtrot, Lima and Alpha, sending you 3
2024-10-15 04:39:42.656272 Lima: Yankee, sending you 1
2024-10-15 04:39:42.657626 India: Yankee and Foxtrot, sending you 3
2024-10-15 04:39:42.660104 Oscar: Kilo, Yankee and Uniform, sending you 2
2024-10-15 04:39:42.662535 Kilo: Golf and Foxtrot, sending you 3
2024-10-15 04:39:42.665164 Foxtrot: Kilo, Golf, Oscar and India, sending you 3
2024-10-15 04:39:42.667015 Yankee: Uniform, sending you 1
2024-10-15 04:39:42.669806 Alpha: Kilo, Golf, Foxtrot, Lima and Uniform, sending you 2
2024-10-15 04:39:42.672875 Uniform: Yankee, Golf and Oscar, sending you 2
2024-10-15 04:39:42.675051 Lima: Golf and Oscar, sending you 3
2024-10-15 04:39:42.676278 India: Golf and Oscar, sending you 4
2024-10-15 04:39:42.678050 Oscar: Golf, Foxtrot, Lima and India, sending you 3
2024-10-15 04:39:42.679325 Foxtrot: Yankee, Lima, Alpha and Uniform, sending you 2
2024-10-15 04:39:42.681417 Alpha: Yankee, sending you 3
2024-10-15 04:39:42.682648 Uniform: India, sending you 1
2024-10-15 04:39:42.684954 India: Alpha and Uniform, sending you 1
2024-10-15 04:39:42.686639 Oscar: Alpha, sending you 1
2024-10-15 04:39:42.687889 Alpha: Oscar and India, sending you 1
chatterbot Golf submitting transactions
chatterbot Kilo submitting transactions
chatterbot India submitting transactions
chatterbot Yankee submitting transactions
chatterbot Oscar submitting transactions
chatterbot Lima submitting transactions
chatterbot Foxtrot submitting transactions
chatterbot Alpha submitting transactions
chatterbot Quebec submitting transactions
chatterbot Uniform submitting transactions
ChatterBot Kilo round 11
ChatterBot Yankee round 11
ChatterBot Golf round 11
ChatterBot Foxtrot round 11
ChatterBot Lima round 11
ChatterBot Oscar round 11
ChatterBot Quebec round 11
ChatterBot Alpha round 11
ChatterBot India round 11
ChatterBot Uniform round 11
2024-10-15 04:39:43.889760 Oscar: We should drop Kilo
ChatterBot Uniform reevaluating
2024-10-15 04:39:43.910624 Yankee: No
2024-10-15 04:39:43.910786 Golf: No
2024-10-15 04:39:43.910891 Foxtrot: No
2024-10-15 04:39:43.910990 Lima: No
2024-10-15 04:39:43.911084 Alpha: No
2024-10-15 04:39:43.911178 India: No
2024-10-15 04:39:43.911269 Uniform: No
ChatterBot Oscar reevaluating
ChatterBot Uniform reevaluating
ChatterBot Oscar reevaluating
ChatterBot Uniform reevaluating
ChatterBot Oscar reevaluating
ChatterBot Uniform reevaluating
ChatterBot Oscar reevaluating
ChatterBot Uniform reevaluating
ChatterBot Oscar reevaluating
ChatterBot Uniform reevaluating
ChatterBot Oscar reevaluating
ChatterBot Uniform reevaluating
ChatterBot Oscar reevaluating
2024-10-15 04:39:44.032313 Golf: I was attacked by Quebec
ChatterBot Foxtrot reevaluating
ChatterBot Kilo reevaluating
ChatterBot Yankee reevaluating
ChatterBot Lima reevaluating
ChatterBot Oscar reevaluating
ChatterBot India reevaluating
ChatterBot Alpha reevaluating
ChatterBot Uniform reevaluating
2024-10-15 04:39:44.052585 Golf: Ow
2024-10-15 04:39:44.060359 Oscar: We should drop Uniform
ChatterBot Kilo reevaluating
ChatterBot Yankee reevaluating
ChatterBot Foxtrot reevaluating
ChatterBot Lima reevaluating
ChatterBot Alpha reevaluating
ChatterBot India reevaluating
2024-10-15 04:39:44.082596 Kilo: Yes
2024-10-15 04:39:44.082753 Yankee: No
2024-10-15 04:39:44.082889 Golf: No
2024-10-15 04:39:44.083535 Foxtrot: No
2024-10-15 04:39:44.083662 Lima: No
2024-10-15 04:39:44.083781 Alpha: No
2024-10-15 04:39:44.083893 India: No
ChatterBot Oscar reevaluating
ChatterBot Yankee reevaluating
ChatterBot Foxtrot reevaluating
ChatterBot Lima reevaluating
ChatterBot Alpha reevaluating
ChatterBot India reevaluating
ChatterBot Oscar reevaluating
ChatterBot Kilo reevaluating
ChatterBot Foxtrot reevaluating
ChatterBot Lima reevaluating
ChatterBot Alpha reevaluating
ChatterBot India reevaluating
ChatterBot Oscar reevaluating
ChatterBot Kilo reevaluating
ChatterBot Yankee reevaluating
ChatterBot Foxtrot reevaluating
ChatterBot Lima reevaluating
ChatterBot Alpha reevaluating
ChatterBot India reevaluating
ChatterBot Oscar reevaluating
ChatterBot Kilo reevaluating
ChatterBot Yankee reevaluating
ChatterBot Lima reevaluating
ChatterBot Alpha reevaluating
ChatterBot India reevaluating
ChatterBot Oscar reevaluating
ChatterBot Kilo reevaluating
