ChatterBot Romeo round 1
ChatterBot X-ray round 1
ChatterBot Alpha round 1
ChatterBot Oscar round 1
ChatterBot Delta round 1
ChatterBot Yankee round 1
ChatterBot Foxtrot round 1
ChatterBot Papa round 1
ChatterBot Golf round 1
ChatterBot Uniform round 1
randomSelections Delta: {Delta, Romeo, X-ray, Oscar, Papa, Uniform} 
2024-10-15 04:39:27.168699 Delta: We should group up
ChatterBot Romeo reevaluating
ChatterBot X-ray reevaluating
ChatterBot Oscar reevaluating
ChatterBot Papa reevaluating
ChatterBot Uniform reevaluating
2024-10-15 04:39:27.178923 Romeo: Yes
2024-10-15 04:39:27.179071 X-ray: Yes
2024-10-15 04:39:27.179166 Oscar: Yes
2024-10-15 04:39:27.179252 Papa: Yes
2024-10-15 04:39:27.179333 Uniform: Yes
ChatterBot X-ray reevaluating
ChatterBot Oscar reevaluating
ChatterBot Papa reevaluating
ChatterBot Uniform reevaluating
ChatterBot Romeo reevaluating
ChatterBot Oscar reevaluating
ChatterBot Papa reevaluating
ChatterBot Uniform reevaluating
ChatterBot Romeo reevaluating
ChatterBot X-ray reevaluating
ChatterBot Papa reevaluating
ChatterBot Uniform reevaluating
ChatterBot Romeo reevaluating
ChatterBot X-ray reevaluating
ChatterBot Oscar reevaluating
ChatterBot Uniform reevaluating
ChatterBot Romeo reevaluating
ChatterBot X-ray reevaluating
ChatterBot Oscar reevaluating
ChatterBot Papa reevaluating
randomSelections Yankee: {Yankee, Foxtrot, X-ray, Oscar, Alpha, Papa, Delta, Golf} 
2024-10-15 04:39:27.229606 Yankee: Let's form a team
ChatterBot Foxtrot reevaluating
ChatterBot X-ray reevaluating
ChatterBot Oscar reevaluating
ChatterBot Alpha reevaluating
ChatterBot Papa reevaluating
ChatterBot Golf reevaluating
2024-10-15 04:39:27.240201 Foxtrot: Yes
2024-10-15 04:39:27.240365 X-ray: No
2024-10-15 04:39:27.240572 Oscar: No
2024-10-15 04:39:27.240739 Alpha: Yes
2024-10-15 04:39:27.240841 Papa: No
2024-10-15 04:39:27.241020 Delta: No
2024-10-15 04:39:27.241753 Golf: Yes
ChatterBot X-ray reevaluating
ChatterBot Oscar reevaluating
ChatterBot Alpha reevaluating
ChatterBot Papa reevaluating
ChatterBot Golf reevaluating
ChatterBot Foxtrot reevaluating
ChatterBot Oscar reevaluating
ChatterBot Alpha reevaluating
ChatterBot Papa reevaluating
ChatterBot Golf reevaluating
ChatterBot Foxtrot reevaluating
ChatterBot X-ray reevaluating
ChatterBot Alpha reevaluating
ChatterBot Papa reevaluating
ChatterBot Golf reevaluating
ChatterBot Foxtrot reevaluating
ChatterBot X-ray reevaluating
ChatterBot Oscar reevaluating
ChatterBot Papa reevaluating
ChatterBot Golf reevaluating
ChatterBot Foxtrot reevaluating
ChatterBot X-ray reevaluating
ChatterBot Oscar reevaluating
ChatterBot Alpha reevaluating
ChatterBot Golf reevaluating
ChatterBot Foxtrot reevaluating
ChatterBot X-ray reevaluating
ChatterBot Oscar reevaluating
ChatterBot Alpha reevaluating
ChatterBot Papa reevaluating
ChatterBot Golf reevaluating
ChatterBot Foxtrot reevaluating
ChatterBot X-ray reevaluating
ChatterBot Oscar reevaluating
ChatterBot Alpha reevaluating
ChatterBot Papa reevaluating
2024-10-15 04:39:27.332531 Delta: Romeo, sending you 3
2024-10-15 04:39:27.333050 Foxtrot: X-ray, sending you 7
2024-10-15 04:39:27.345331 Yankee: Alpha, Oscar and Golf, sending you 1
2024-10-15 04:39:27.346066 Romeo: X-ray and Papa, sending you 2
2024-10-15 04:39:27.347414 X-ray: Romeo and Uniform, sending you 4
2024-10-15 04:39:27.347942 Papa: Romeo, sending you 5
2024-10-15 04:39:27.348420 Delta: X-ray, sending you 1
2024-10-15 04:39:27.348864 Foxtrot: Alpha, sending you 4
2024-10-15 04:39:27.350565 Oscar: Romeo and Uniform, sending you 4
2024-10-15 04:39:27.355898 Yankee: Delta, sending you 4
2024-10-15 04:39:27.357379 Golf: X-ray, Alpha, Delta, Yankee, Foxtrot and Papa, sending you 2
2024-10-15 04:39:27.358082 Uniform: Romeo, sending you 6
2024-10-15 04:39:27.358538 X-ray: Oscar, sending you 2
2024-10-15 04:39:27.360194 Papa: X-ray and Uniform, sending you 2
2024-10-15 04:39:27.362338 Romeo: Oscar, sending you 5
2024-10-15 04:39:27.362904 Delta: Oscar and Uniform, sending you 2
2024-10-15 04:39:27.363348 Foxtrot: Oscar, sending you 1
2024-10-15 04:39:27.363880 Alpha: X-ray and Yankee, sending you 1
2024-10-15 04:39:27.368623 Oscar: X-ray, sending you 2
2024-10-15 04:39:27.369114 Golf: Oscar, sending you 1
2024-10-15 04:39:27.369641 Uniform: X-ray, sending you 4
2024-10-15 04:39:27.372170 Yankee: Foxtrot, sending you 5
2024-10-15 04:39:27.372753 X-ray: Delta, sending you 3
2024-10-15 04:39:27.373198 Romeo: Delta, sending you 6
2024-10-15 04:39:27.375449 Papa: Oscar, sending you 4
2024-10-15 04:39:27.375884 Delta: Papa, sending you 4
2024-10-15 04:39:27.380253 Foxtrot: Delta, sending you 5
2024-10-15 04:39:27.381019 Alpha: Oscar, sending you 5
2024-10-15 04:39:27.382770 Oscar: Delta and Papa, sending you 3
2024-10-15 04:39:27.383291 Uniform: Oscar, sending you 5
2024-10-15 04:39:27.383762 Yankee: Papa, sending you 2
2024-10-15 04:39:27.386290 X-ray: Papa, sending you 5
2024-10-15 04:39:27.386743 Romeo: Uniform, sending you 4
2024-10-15 04:39:27.387191 Papa: Delta, sending you 3
2024-10-15 04:39:27.387695 Foxtrot: Papa, sending you 2
2024-10-15 04:39:27.393300 Alpha: Delta, Foxtrot and Golf, sending you 3
2024-10-15 04:39:27.394590 Uniform: Delta and Papa, sending you 2
2024-10-15 04:39:27.413327 Alpha: Papa, sending you 2
chatterbot Delta submitting transactions
chatterbot X-ray submitting transactions
chatterbot Alpha submitting transactions
chatterbot Uniform submitting transactions
chatterbot Foxtrot submitting transactions
chatterbot Romeo submitting transactions
chatterbot Papa submitting transactions
chatterbot Golf submitting transactions
chatterbot Yankee submitting transactions
chatterbot Oscar submitting transactions
ChatterBot Romeo round 2
ChatterBot X-ray round 2
2024-10-15 04:39:28.436117 X-ray: We should add Foxtrot
ChatterBot Delta reevaluating
ChatterBot Romeo reevaluating
ChatterBot Oscar reevaluating
ChatterBot Papa reevaluating
ChatterBot Uniform reevaluating
2024-10-15 04:39:28.481156 Delta: No
2024-10-15 04:39:28.481349 Romeo: No
2024-10-15 04:39:28.481476 Oscar: No
2024-10-15 04:39:28.481595 Papa: No
2024-10-15 04:39:28.481724 Uniform: No
ChatterBot Romeo reevaluating
ChatterBot Oscar reevaluating
ChatterBot Papa reevaluating
ChatterBot Uniform reevaluating
ChatterBot Delta reevaluating
ChatterBot X-ray reevaluating
ChatterBot Oscar reevaluating
ChatterBot Papa reevaluating
ChatterBot Uniform reevaluating
ChatterBot Delta reevaluating
ChatterBot Romeo reevaluating
ChatterBot X-ray reevaluating
ChatterBot Papa reevaluating
ChatterBot Uniform reevaluating
ChatterBot Delta reevaluating
ChatterBot Romeo reevaluating
ChatterBot X-ray reevaluating
ChatterBot Oscar reevaluating
ChatterBot Uniform reevaluating
ChatterBot Delta reevaluating
ChatterBot Romeo reevaluating
ChatterBot X-ray reevaluating
ChatterBot Oscar reevaluating
ChatterBot Papa reevaluating
ChatterBot Alpha round 2
ChatterBot Oscar round 2
ChatterBot Delta round 2
ChatterBot Yankee round 2
ChatterBot Foxtrot round 2
ChatterBot Papa round 2
ChatterBot Golf round 2
ChatterBot Uniform round 2
2024-10-15 04:39:28.672254 Alpha: We should group up
ChatterBot Yankee reevaluating
ChatterBot Foxtrot reevaluating
ChatterBot Golf reevaluating
2024-10-15 04:39:28.681223 Yankee: Yes
2024-10-15 04:39:28.681425 Foxtrot: Yes
2024-10-15 04:39:28.681589 Golf: Yes
ChatterBot Foxtrot reevaluating
ChatterBot Golf reevaluating
ChatterBot Yankee reevaluating
ChatterBot Golf reevaluating
ChatterBot Yankee reevaluating
ChatterBot Foxtrot reevaluating
2024-10-15 04:39:28.732684 X-ray: Romeo, Oscar and Papa, sending you 3
2024-10-15 04:39:28.737672 X-ray: Delta, sending you 2
2024-10-15 04:39:28.738168 Oscar: Romeo, sending you 6
2024-10-15 04:39:28.741041 X-ray: Uniform, sending you 7
2024-10-15 04:39:28.741778 Oscar: X-ray and Delta, sending you 2
2024-10-15 04:39:28.743677 Romeo: X-ray, Oscar and Papa, sending you 4
2024-10-15 04:39:28.745654 Oscar: Papa, sending you 4
2024-10-15 04:39:28.747153 Alpha: Yankee, sending you 4
2024-10-15 04:39:28.747464 Yankee: Alpha, sending you 6
2024-10-15 04:39:28.747750 Romeo: Delta, sending you 2
2024-10-15 04:39:28.749050 Oscar: Uniform, sending you 5
2024-10-15 04:39:28.749685 Uniform: Romeo, X-ray, Oscar and Delta, sending you 4
2024-10-15 04:39:28.751356 Golf: Same as last round
2024-10-15 04:39:28.751719 Alpha: Foxtrot, sending you 9
2024-10-15 04:39:28.751995 Yankee: Foxtrot, sending you 5
2024-10-15 04:39:28.752281 Foxtrot: Alpha, sending you 6
2024-10-15 04:39:28.752652 Romeo: Uniform, sending you 5
2024-10-15 04:39:28.753587 Papa: Romeo, Oscar, Delta and Uniform, sending you 3
2024-10-15 04:39:28.755164 Uniform: Papa, sending you 3
2024-10-15 04:39:28.755733 Yankee: Golf, sending you 7
2024-10-15 04:39:28.756080 Foxtrot: Yankee, sending you 9
2024-10-15 04:39:28.756406 Alpha: Golf, sending you 5
2024-10-15 04:39:28.759393 Papa: X-ray, sending you 4
2024-10-15 04:39:28.760664 Foxtrot: Golf, sending you 4
chatterbot Oscar submitting transactions
chatterbot Alpha submitting transactions
2024-10-15 04:39:29.334196 Delta: Can we be friends?
ChatterBot X-ray reevaluating
ChatterBot Golf reevaluating
2024-10-15 04:39:29.361892 Romeo: No
2024-10-15 04:39:29.362072 X-ray: No
2024-10-15 04:39:29.362197 Oscar: No
2024-10-15 04:39:29.362793 Papa: No
2024-10-15 04:39:29.362913 Uniform: No
2024-10-15 04:39:29.363023 Alpha: No
2024-10-15 04:39:29.363127 Yankee: No
2024-10-15 04:39:29.363239 Foxtrot: No
2024-10-15 04:39:29.363343 Golf: No
ChatterBot Delta reevaluating
ChatterBot X-ray reevaluating
ChatterBot Alpha reevaluating
ChatterBot Golf reevaluating
ChatterBot Delta reevaluating
ChatterBot Alpha reevaluating
ChatterBot Golf reevaluating
ChatterBot Delta reevaluating
ChatterBot X-ray reevaluating
ChatterBot Uniform reevaluating
ChatterBot Alpha reevaluating
ChatterBot Golf reevaluating
ChatterBot Delta reevaluating
ChatterBot X-ray reevaluating
ChatterBot Uniform reevaluating
ChatterBot Alpha reevaluating
ChatterBot Golf reevaluating
ChatterBot Delta reevaluating
ChatterBot X-ray reevaluating
ChatterBot Alpha reevaluating
ChatterBot Golf reevaluating
ChatterBot Delta reevaluating
ChatterBot X-ray reevaluating
ChatterBot Uniform reevaluating
ChatterBot Golf reevaluating
ChatterBot Delta reevaluating
ChatterBot X-ray reevaluating
ChatterBot Uniform reevaluating
ChatterBot Alpha reevaluating
ChatterBot Golf reevaluating
ChatterBot Delta reevaluating
ChatterBot X-ray reevaluating
ChatterBot Uniform reevaluating
ChatterBot Alpha reevaluating
ChatterBot Golf reevaluating
ChatterBot Delta reevaluating
ChatterBot X-ray reevaluating
ChatterBot Uniform reevaluating
ChatterBot Alpha reevaluating
chatterbot X-ray submitting transactions
chatterbot Golf submitting transactions
chatterbot Uniform submitting transactions
chatterbot Foxtrot submitting transactions
chatterbot Delta submitting transactions
2024-10-15 04:39:29.916213 Uniform: We should add Yankee
2024-10-15 04:39:29.930561 Delta: Yes
2024-10-15 04:39:29.930759 Romeo: No
2024-10-15 04:39:29.931395 X-ray: No
2024-10-15 04:39:29.931532 Oscar: No
2024-10-15 04:39:29.931652 Papa: No
ChatterBot Uniform reevaluating
ChatterBot X-ray reevaluating
ChatterBot Uniform reevaluating
ChatterBot Uniform reevaluating
ChatterBot Delta reevaluating
ChatterBot X-ray reevaluating
ChatterBot Uniform reevaluating
ChatterBot Delta reevaluating
ChatterBot X-ray reevaluating
ChatterBot Uniform reevaluating
chatterbot Yankee submitting transactions
chatterbot Papa submitting transactions
chatterbot Romeo submitting transactions
chatterbot Alpha submitting transactions
2024-10-15 04:39:30.164469 X-ray: Foxtrot we want you to join our group
2024-10-15 04:39:30.192927 Foxtrot: No
ChatterBot X-ray reevaluating
ChatterBot Delta reevaluating
ChatterBot Uniform reevaluating
ChatterBot Romeo round 3
ChatterBot X-ray round 3
ChatterBot Alpha round 3
ChatterBot Oscar round 3
ChatterBot Delta round 3
ChatterBot Yankee round 3
ChatterBot Foxtrot round 3
ChatterBot Papa round 3
ChatterBot Golf round 3
ChatterBot Uniform round 3
2024-10-15 04:39:30.240934 Golf: Same as last round
2024-10-15 04:39:30.247816 Alpha: We should add Delta
ChatterBot Yankee reevaluating
ChatterBot Foxtrot reevaluating
ChatterBot Golf reevaluating
2024-10-15 04:39:30.265595 Yankee: Yes
2024-10-15 04:39:30.266665 Foxtrot: Yes
2024-10-15 04:39:30.266948 Golf: Yes
ChatterBot Foxtrot reevaluating
ChatterBot Golf reevaluating
ChatterBot Yankee reevaluating
ChatterBot Golf reevaluating
ChatterBot Yankee reevaluating
ChatterBot Foxtrot reevaluating
2024-10-15 04:39:30.331681 Uniform: Foxtrot we want you to join our group
ChatterBot Foxtrot reevaluating
2024-10-15 04:39:30.338848 Foxtrot: No
ChatterBot X-ray reevaluating
ChatterBot Delta reevaluating
ChatterBot Uniform reevaluating
chatterbot Golf submitting transactions
2024-10-15 04:39:30.409901 Alpha: Delta we want you to join our group
ChatterBot Delta reevaluating
2024-10-15 04:39:30.416991 Delta: No
ChatterBot Yankee reevaluating
ChatterBot Foxtrot reevaluating
ChatterBot Golf reevaluating
2024-10-15 04:39:30.722349 Romeo: X-ray, sending you 2
2024-10-15 04:39:30.723491 Papa: Romeo, X-ray, Delta and Uniform, sending you 3
2024-10-15 04:39:30.724202 Oscar: Romeo, sending you 6
2024-10-15 04:39:30.725407 X-ray: Romeo and Uniform, sending you 4
2024-10-15 04:39:30.725832 Alpha: Delta, sending you 3
2024-10-15 04:39:30.726178 Uniform: Romeo, X-ray, Oscar and Papa, sending you 4
2024-10-15 04:39:30.727255 Romeo: Oscar, sending you 5
2024-10-15 04:39:30.754043 Papa: Oscar, sending you 4
2024-10-15 04:39:30.755336 Oscar: X-ray, sending you 2
2024-10-15 04:39:30.755939 X-ray: Oscar, sending you 3
2024-10-15 04:39:30.757110 Alpha: Yankee, sending you 6
2024-10-15 04:39:30.757525 Uniform: Delta, sending you 3
2024-10-15 04:39:30.758813 Yankee: Alpha, Delta and Golf, sending you 4
2024-10-15 04:39:30.759209 Foxtrot: Alpha, sending you 7
2024-10-15 04:39:30.759552 Delta: Romeo, sending you 5
2024-10-15 04:39:30.760855 Romeo: Delta, Papa and Uniform, sending you 4
2024-10-15 04:39:30.762074 Oscar: Delta, sending you 3
2024-10-15 04:39:30.762665 Papa: X-ray did not give me 3 like they said
2024-10-15 04:39:30.786424 X-ray: Delta, sending you 2
2024-10-15 04:39:30.787830 Alpha: Foxtrot, sending you 7
2024-10-15 04:39:30.788271 Yankee: Foxtrot, sending you 6
2024-10-15 04:39:30.788775 Uniform: X-ray did not give me 7 like they said
2024-10-15 04:39:30.813602 Foxtrot: Delta and Golf, sending you 3
2024-10-15 04:39:30.814588 Delta: X-ray and Uniform, sending you 3
2024-10-15 04:39:30.815245 Golf: Delta, sending you 3
2024-10-15 04:39:30.815650 Oscar: Papa and Uniform, sending you 4
2024-10-15 04:39:30.817035 Romeo: X-ray did not give me 3 like they said
chatterbot Uniform submitting transactions
2024-10-15 04:39:30.842324 X-ray: Papa, sending you 5
2024-10-15 04:39:30.843294 Alpha: Golf, sending you 4
2024-10-15 04:39:30.844408 Foxtrot: Yankee, sending you 6
2024-10-15 04:39:30.844954 Delta: Oscar and Papa, sending you 4
2024-10-15 04:39:30.846124 Oscar: X-ray did not give me 3 like they said
2024-10-15 04:39:30.869605 Oscar: Uniform did not give me 4 like they said
ChatterBot Delta reevaluating
ChatterBot Romeo reevaluating
ChatterBot X-ray reevaluating
ChatterBot Papa reevaluating
ChatterBot Uniform reevaluating
chatterbot Foxtrot submitting transactions
chatterbot X-ray submitting transactions
chatterbot Papa submitting transactions
chatterbot Yankee submitting transactions
chatterbot X-ray submitting transactions
chatterbot Romeo submitting transactions
chatterbot Delta submitting transactions
chatterbot Golf submitting transactions
chatterbot Alpha submitting transactions
chatterbot Uniform submitting transactions
chatterbot Delta submitting transactions
chatterbot Oscar submitting transactions
chatterbot Papa submitting transactions
chatterbot Romeo submitting transactions
ChatterBot Romeo round 4
ChatterBot X-ray round 4
ChatterBot Alpha round 4
ChatterBot Oscar round 4
ChatterBot Delta round 4
ChatterBot Yankee round 4
ChatterBot Foxtrot round 4
ChatterBot Papa round 4
ChatterBot Golf round 4
ChatterBot Uniform round 4
2024-10-15 04:39:32.246071 Alpha: We should drop Delta
2024-10-15 04:39:32.261215 Yankee: Yes
2024-10-15 04:39:32.261927 Foxtrot: Yes
2024-10-15 04:39:32.262108 Golf: Yes
ChatterBot Alpha reevaluating
ChatterBot Alpha reevaluating
ChatterBot Alpha reevaluating
2024-10-15 04:39:32.375599 Romeo: X-ray and Papa, sending you 3
2024-10-15 04:39:32.376872 X-ray: Romeo and Papa, sending you 4
2024-10-15 04:39:32.377439 Oscar: Romeo, sending you 5
2024-10-15 04:39:32.413128 X-ray: Oscar, sending you 2
2024-10-15 04:39:32.413889 Oscar: X-ray and Delta, sending you 3
2024-10-15 04:39:32.415161 Delta: Romeo, sending you 5
2024-10-15 04:39:32.416314 Uniform: Romeo, X-ray, Oscar and Papa, sending you 4
2024-10-15 04:39:32.416939 Romeo: Oscar, sending you 5
2024-10-15 04:39:32.418047 Papa: Romeo, Oscar, Delta and Uniform, sending you 3
2024-10-15 04:39:32.418691 Golf: Same as last round
2024-10-15 04:39:32.419529 Yankee: Alpha, sending you 6
2024-10-15 04:39:32.419889 Foxtrot: Alpha, sending you 8
2024-10-15 04:39:32.420297 X-ray: Delta, sending you 3
2024-10-15 04:39:32.421513 Oscar: Papa and Uniform, sending you 4
2024-10-15 04:39:32.422180 Delta: X-ray, sending you 2
2024-10-15 04:39:32.423314 Uniform: Delta, sending you 3
2024-10-15 04:39:32.423973 Romeo: Delta and Uniform, sending you 4
2024-10-15 04:39:32.425135 Papa: X-ray, sending you 4
2024-10-15 04:39:32.426337 Foxtrot: Yankee, sending you 7
2024-10-15 04:39:32.426734 Yankee: Foxtrot, sending you 7
2024-10-15 04:39:32.427116 X-ray: Uniform, sending you 5
2024-10-15 04:39:32.428396 Delta: Oscar, Papa and Uniform, sending you 4
2024-10-15 04:39:32.456499 Foxtrot: Golf, sending you 4
2024-10-15 04:39:32.456924 Yankee: Golf, sending you 5
chatterbot Romeo submitting transactions
chatterbot X-ray submitting transactions
chatterbot Papa submitting transactions
chatterbot Yankee submitting transactions
chatterbot Delta submitting transactions
chatterbot Alpha submitting transactions
chatterbot Foxtrot submitting transactions
chatterbot Oscar submitting transactions
chatterbot Uniform submitting transactions
chatterbot Golf submitting transactions
ChatterBot Romeo round 5
ChatterBot X-ray round 5
ChatterBot Alpha round 5
ChatterBot Oscar round 5
ChatterBot Delta round 5
ChatterBot Yankee round 5
ChatterBot Foxtrot round 5
ChatterBot Papa round 5
ChatterBot Golf round 5
ChatterBot Uniform round 5
2024-10-15 04:39:33.489559 Alpha: We should drop Delta
2024-10-15 04:39:33.501321 Yankee: Yes
2024-10-15 04:39:33.501583 Foxtrot: Yes
2024-10-15 04:39:33.502476 Golf: Yes
ChatterBot Alpha reevaluating
ChatterBot Alpha reevaluating
ChatterBot Alpha reevaluating
2024-10-15 04:39:33.548934 X-ray: Romeo, Oscar and Delta, sending you 3
2024-10-15 04:39:33.550254 Romeo: X-ray and Papa, sending you 3
2024-10-15 04:39:33.550934 Oscar: Romeo, sending you 5
2024-10-15 04:39:33.557852 Delta: Romeo, sending you 5
2024-10-15 04:39:33.559534 X-ray: Papa, sending you 5
2024-10-15 04:39:33.560908 Oscar: X-ray, sending you 2
2024-10-15 04:39:33.561566 Romeo: Oscar, sending you 5
2024-10-15 04:39:33.562730 Foxtrot: Alpha, sending you 8
2024-10-15 04:39:33.563145 Yankee: Alpha, sending you 6
2024-10-15 04:39:33.563500 Papa: Romeo, X-ray, Oscar and Uniform, sending you 3
2024-10-15 04:39:33.564662 Golf: Same as last round
2024-10-15 04:39:33.565053 Delta: X-ray, sending you 2
2024-10-15 04:39:33.566195 X-ray: Uniform, sending you 4
2024-10-15 04:39:33.566855 Oscar: Delta, Papa and Uniform, sending you 4
2024-10-15 04:39:33.568196 Romeo: Delta and Uniform, sending you 4
2024-10-15 04:39:33.568733 Foxtrot: Yankee, sending you 7
2024-10-15 04:39:33.569018 Yankee: Foxtrot, sending you 7
2024-10-15 04:39:33.569330 Papa: Delta, sending you 4
2024-10-15 04:39:33.570486 Uniform: Romeo, X-ray, Oscar and Delta, sending you 4
2024-10-15 04:39:33.571111 Delta: Oscar, Papa and Uniform, sending you 4
2024-10-15 04:39:33.572864 Foxtrot: Golf, sending you 4
2024-10-15 04:39:33.573941 Yankee: Golf, sending you 5
2024-10-15 04:39:33.574367 Uniform: Papa, sending you 3
chatterbot X-ray submitting transactions
chatterbot Foxtrot submitting transactions
chatterbot Uniform submitting transactions
chatterbot Yankee submitting transactions
chatterbot Papa submitting transactions
chatterbot Romeo submitting transactions
chatterbot Golf submitting transactions
chatterbot Alpha submitting transactions
chatterbot Oscar submitting transactions
chatterbot Delta submitting transactions
ChatterBot Romeo round 6
ChatterBot X-ray round 6
ChatterBot Alpha round 6
ChatterBot Oscar round 6
ChatterBot Delta round 6
ChatterBot Yankee round 6
ChatterBot Foxtrot round 6
ChatterBot Papa round 6
ChatterBot Golf round 6
ChatterBot Uniform round 6
2024-10-15 04:39:34.722368 Alpha: We should drop Delta
2024-10-15 04:39:34.732338 Yankee: Yes
2024-10-15 04:39:34.733282 Foxtrot: Yes
2024-10-15 04:39:34.733498 Golf: Yes
ChatterBot Alpha reevaluating
ChatterBot Alpha reevaluating
ChatterBot Alpha reevaluating
2024-10-15 04:39:34.766677 Oscar: Romeo, sending you 6
2024-10-15 04:39:34.768472 Romeo: X-ray and Papa, sending you 3
2024-10-15 04:39:34.769404 Delta: Romeo, sending you 5
2024-10-15 04:39:34.771685 Oscar: X-ray, sending you 2
2024-10-15 04:39:34.773468 Romeo: Oscar, sending you 5
2024-10-15 04:39:34.775705 Delta: X-ray, sending you 2
2024-10-15 04:39:34.776955 Golf: Same as last round
2024-10-15 04:39:34.779069 Oscar: Delta, Papa and Uniform, sending you 4
2024-10-15 04:39:34.780706 Romeo: Delta and Uniform, sending you 4
2024-10-15 04:39:34.782766 Delta: Oscar, Papa and Uniform, sending you 4
2024-10-15 04:39:34.783840 X-ray: Romeo and Papa, sending you 4
2024-10-15 04:39:34.786139 Foxtrot: Alpha, sending you 8
2024-10-15 04:39:34.786865 Uniform: Romeo, X-ray, Oscar and Delta, sending you 4
2024-10-15 04:39:34.787850 Papa: Romeo, Oscar, Delta and Uniform, sending you 3
2024-10-15 04:39:34.790083 Yankee: Alpha, sending you 6
2024-10-15 04:39:34.790700 X-ray: Oscar, sending you 3
2024-10-15 04:39:34.791610 Foxtrot: Yankee, sending you 7
2024-10-15 04:39:34.792225 Uniform: Papa, sending you 3
2024-10-15 04:39:34.794370 Papa: X-ray, sending you 4
2024-10-15 04:39:34.795249 Yankee: Foxtrot, sending you 7
2024-10-15 04:39:34.795721 X-ray: Delta, sending you 2
2024-10-15 04:39:34.797433 Foxtrot: Golf, sending you 4
2024-10-15 04:39:34.800398 Yankee: Golf, sending you 5
2024-10-15 04:39:34.801676 X-ray: Uniform, sending you 5
chatterbot X-ray submitting transactions
chatterbot Yankee submitting transactions
chatterbot Romeo submitting transactions
chatterbot Uniform submitting transactions
chatterbot Foxtrot submitting transactions
chatterbot Alpha submitting transactions
chatterbot Golf submitting transactions
chatterbot Papa submitting transactions
chatterbot Delta submitting transactions
chatterbot Oscar submitting transactions
ChatterBot Romeo round 7
ChatterBot X-ray round 7
ChatterBot Alpha round 7
ChatterBot Oscar round 7
ChatterBot Delta round 7
ChatterBot Yankee round 7
ChatterBot Foxtrot round 7
ChatterBot Papa round 7
ChatterBot Golf round 7
ChatterBot Uniform round 7
2024-10-15 04:39:35.865702 Alpha: We should drop Delta
2024-10-15 04:39:35.870537 Yankee: Yes
2024-10-15 04:39:35.870699 Foxtrot: Yes
2024-10-15 04:39:35.870817 Golf: Yes
ChatterBot Alpha reevaluating
ChatterBot Alpha reevaluating
ChatterBot Alpha reevaluating
2024-10-15 04:39:35.895655 X-ray: Romeo, sending you 4
2024-10-15 04:39:35.896651 Oscar: Romeo, sending you 6
2024-10-15 04:39:35.897846 Romeo: X-ray and Papa, sending you 3
2024-10-15 04:39:35.898711 X-ray: Oscar, sending you 3
2024-10-15 04:39:35.900978 Romeo: Oscar, sending you 5
2024-10-15 04:39:35.901737 Yankee: Alpha, sending you 6
2024-10-15 04:39:35.902331 Oscar: X-ray, sending you 2
2024-10-15 04:39:35.903405 X-ray: Delta, sending you 1
2024-10-15 04:39:35.904674 Foxtrot: Alpha, sending you 8
2024-10-15 04:39:35.905005 Yankee: Foxtrot, sending you 7
2024-10-15 04:39:35.907039 Romeo: Delta and Uniform, sending you 4
2024-10-15 04:39:35.908055 Oscar: Delta, Papa and Uniform, sending you 4
2024-10-15 04:39:35.908584 Delta: Romeo, sending you 5
2024-10-15 04:39:35.909067 Papa: Romeo, X-ray, Oscar and Uniform, sending you 3
2024-10-15 04:39:35.909696 X-ray: Papa and Uniform, sending you 5
2024-10-15 04:39:35.911351 Foxtrot: Yankee, sending you 7
2024-10-15 04:39:35.911637 Yankee: Golf, sending you 5
2024-10-15 04:39:35.911921 Delta: X-ray, sending you 2
2024-10-15 04:39:35.912686 Uniform: Romeo, X-ray, Oscar and Delta, sending you 4
2024-10-15 04:39:35.913714 Papa: Delta, sending you 4
2024-10-15 04:39:35.915680 Foxtrot: Golf, sending you 4
2024-10-15 04:39:35.916732 Delta: Oscar, Papa and Uniform, sending you 4
2024-10-15 04:39:35.918695 Uniform: Papa, sending you 3
2024-10-15 04:39:35.919506 Golf: Same as last round
chatterbot Delta submitting transactions
chatterbot Romeo submitting transactions
chatterbot Golf submitting transactions
chatterbot Foxtrot submitting transactions
chatterbot Yankee submitting transactions
chatterbot Alpha submitting transactions
chatterbot Papa submitting transactions
chatterbot Oscar submitting transactions
chatterbot X-ray submitting transactions
chatterbot Uniform submitting transactions
ChatterBot Romeo round 8
ChatterBot X-ray round 8
ChatterBot Alpha round 8
ChatterBot Oscar round 8
ChatterBot Delta round 8
ChatterBot Yankee round 8
ChatterBot Foxtrot round 8
ChatterBot Papa round 8
ChatterBot Golf round 8
ChatterBot Uniform round 8
2024-10-15 04:39:37.175843 Alpha: We should drop Delta
2024-10-15 04:39:37.189382 Yankee: Yes
2024-10-15 04:39:37.189680 Foxtrot: Yes
2024-10-15 04:39:37.191015 Golf: Yes
ChatterBot Alpha reevaluating
ChatterBot Alpha reevaluating
ChatterBot Alpha reevaluating
2024-10-15 04:39:37.230857 Romeo: X-ray and Papa, sending you 3
2024-10-15 04:39:37.241772 Romeo: Oscar, sending you 5
2024-10-15 04:39:37.243713 Oscar: Romeo, sending you 6
2024-10-15 04:39:37.245731 Foxtrot: Alpha, sending you 8
2024-10-15 04:39:37.247422 Golf: Same as last round
2024-10-15 04:39:37.248336 Romeo: Delta and Uniform, sending you 4
2024-10-15 04:39:37.250692 Oscar: X-ray, sending you 2
2024-10-15 04:39:37.252795 Foxtrot: Yankee, sending you 7
2024-10-15 04:39:37.254588 X-ray: Romeo and Papa, sending you 4
2024-10-15 04:39:37.256455 Uniform: Romeo, X-ray, Oscar and Delta, sending you 4
2024-10-15 04:39:37.258767 Papa: Romeo, Oscar, Delta and Uniform, sending you 3
2024-10-15 04:39:37.261025 Yankee: Alpha, sending you 6
2024-10-15 04:39:37.262044 Delta: Romeo, sending you 5
2024-10-15 04:39:37.264110 Oscar: Delta, Papa and Uniform, sending you 4
2024-10-15 04:39:37.266454 Foxtrot: Golf, sending you 4
2024-10-15 04:39:37.268127 X-ray: Oscar, sending you 3
2024-10-15 04:39:37.270098 Uniform: Papa, sending you 3
2024-10-15 04:39:37.271561 Papa: X-ray, sending you 4
2024-10-15 04:39:37.273504 Yankee: Foxtrot, sending you 7
2024-10-15 04:39:37.274063 Delta: X-ray, sending you 2
2024-10-15 04:39:37.275287 X-ray: Delta, sending you 2
2024-10-15 04:39:37.277505 Yankee: Golf, sending you 5
2024-10-15 04:39:37.278222 Delta: Oscar, Papa and Uniform, sending you 4
2024-10-15 04:39:37.281657 X-ray: Uniform, sending you 5
chatterbot Foxtrot submitting transactions
chatterbot Romeo submitting transactions
chatterbot Yankee submitting transactions
chatterbot Golf submitting transactions
chatterbot X-ray submitting transactions
chatterbot Oscar submitting transactions
chatterbot Papa submitting transactions
chatterbot Uniform submitting transactions
chatterbot Delta submitting transactions
chatterbot Alpha submitting transactions
ChatterBot Romeo round 9
ChatterBot X-ray round 9
ChatterBot Alpha round 9
ChatterBot Oscar round 9
ChatterBot Delta round 9
ChatterBot Yankee round 9
ChatterBot Foxtrot round 9
ChatterBot Papa round 9
ChatterBot Golf round 9
ChatterBot Uniform round 9
2024-10-15 04:39:38.461839 Alpha: We should drop Delta
2024-10-15 04:39:38.468927 Yankee: Yes
2024-10-15 04:39:38.469107 Foxtrot: Yes
2024-10-15 04:39:38.469241 Golf: Yes
ChatterBot Alpha reevaluating
ChatterBot Alpha reevaluating
ChatterBot Alpha reevaluating
2024-10-15 04:39:38.500750 X-ray: Romeo, sending you 4
2024-10-15 04:39:38.503671 Romeo: X-ray and Papa, sending you 3
2024-10-15 04:39:38.506068 X-ray: Oscar, sending you 3
2024-10-15 04:39:38.507690 Foxtrot: Alpha, sending you 8
2024-10-15 04:39:38.509114 Romeo: Oscar, sending you 5
2024-10-15 04:39:38.510655 Oscar: Romeo, sending you 6
2024-10-15 04:39:38.512330 Yankee: Alpha, sending you 6
2024-10-15 04:39:38.512853 Delta: Romeo, sending you 5
2024-10-15 04:39:38.514269 X-ray: Delta, sending you 1
2024-10-15 04:39:38.515715 Foxtrot: Yankee, sending you 7
2024-10-15 04:39:38.517066 Romeo: Delta and Uniform, sending you 4
2024-10-15 04:39:38.518650 Oscar: X-ray, sending you 2
2024-10-15 04:39:38.520574 Yankee: Foxtrot, sending you 7
2024-10-15 04:39:38.521062 Delta: X-ray, sending you 2
2024-10-15 04:39:38.522128 Papa: Romeo, X-ray, Delta and Uniform, sending you 3
2024-10-15 04:39:38.523715 X-ray: Papa and Uniform, sending you 5
2024-10-15 04:39:38.524599 Foxtrot: Golf, sending you 4
2024-10-15 04:39:38.525604 Oscar: Delta, Papa and Uniform, sending you 4
2024-10-15 04:39:38.526533 Yankee: Golf, sending you 5
2024-10-15 04:39:38.527003 Delta: Oscar, Papa and Uniform, sending you 4
2024-10-15 04:39:38.528593 Papa: Oscar, sending you 4
2024-10-15 04:39:38.529495 Uniform: Romeo, X-ray, Oscar and Delta, sending you 4
2024-10-15 04:39:38.530865 Golf: Same as last round
2024-10-15 04:39:38.534706 Uniform: Papa, sending you 3
chatterbot Golf submitting transactions
chatterbot Foxtrot submitting transactions
chatterbot Delta submitting transactions
chatterbot X-ray submitting transactions
chatterbot Oscar submitting transactions
chatterbot Yankee submitting transactions
chatterbot Romeo submitting transactions
chatterbot Alpha submitting transactions
chatterbot Uniform submitting transactions
chatterbot Papa submitting transactions
ChatterBot Romeo round 10
ChatterBot X-ray round 10
ChatterBot Alpha round 10
ChatterBot Oscar round 10
ChatterBot Delta round 10
ChatterBot Yankee round 10
ChatterBot Foxtrot round 10
ChatterBot Papa round 10
ChatterBot Golf round 10
ChatterBot Uniform round 10
2024-10-15 04:39:39.738700 Alpha: We should drop Delta
2024-10-15 04:39:39.747806 Yankee: Yes
2024-10-15 04:39:39.748053 Foxtrot: Yes
2024-10-15 04:39:39.748214 Golf: Yes
ChatterBot Alpha reevaluating
ChatterBot Alpha reevaluating
ChatterBot Alpha reevaluating
2024-10-15 04:39:39.781962 Papa: Romeo, X-ray, Delta and Uniform, sending you 3
2024-10-15 04:39:39.784581 Oscar: Romeo, sending you 6
2024-10-15 04:39:39.787696 Papa: Oscar, sending you 4
2024-10-15 04:39:39.790759 Oscar: X-ray, sending you 2
2024-10-15 04:39:39.792727 X-ray: Romeo and Papa, sending you 4
2024-10-15 04:39:39.796122 Delta: Romeo, sending you 5
2024-10-15 04:39:39.797684 Oscar: Delta, Papa and Uniform, sending you 4
2024-10-15 04:39:39.799503 Foxtrot: Alpha, sending you 8
2024-10-15 04:39:39.801439 X-ray: Oscar, sending you 3
2024-10-15 04:39:39.802388 Delta: X-ray, sending you 2
2024-10-15 04:39:39.804525 Yankee: Alpha, sending you 6
2024-10-15 04:39:39.805849 Golf: Same as last round
2024-10-15 04:39:39.806494 Foxtrot: Yankee, sending you 7
2024-10-15 04:39:39.807062 Uniform: Romeo, X-ray, Oscar and Delta, sending you 4
2024-10-15 04:39:39.808861 Romeo: X-ray and Papa, sending you 3
2024-10-15 04:39:39.810423 X-ray: Delta, sending you 2
2024-10-15 04:39:39.811677 Delta: Oscar, Papa and Uniform, sending you 4
2024-10-15 04:39:39.813574 Yankee: Foxtrot, sending you 7
2024-10-15 04:39:39.814198 Foxtrot: Golf, sending you 4
2024-10-15 04:39:39.815607 Uniform: Papa, sending you 3
2024-10-15 04:39:39.818538 Romeo: Oscar, sending you 5
2024-10-15 04:39:39.821071 X-ray: Uniform, sending you 5
2024-10-15 04:39:39.823416 Yankee: Golf, sending you 5
2024-10-15 04:39:39.825605 Romeo: Delta and Uniform, sending you 4
chatterbot Romeo submitting transactions
chatterbot Papa submitting transactions
chatterbot Golf submitting transactions
chatterbot Uniform submitting transactions
chatterbot X-ray submitting transactions
chatterbot Oscar submitting transactions
chatterbot Delta submitting transactions
chatterbot Foxtrot submitting transactions
chatterbot Yankee submitting transactions
chatterbot Alpha submitting transactions
ChatterBot Romeo round 11
ChatterBot X-ray round 11
ChatterBot Alpha round 11
ChatterBot Oscar round 11
ChatterBot Delta round 11
ChatterBot Yankee round 11
ChatterBot Foxtrot round 11
ChatterBot Papa round 11
ChatterBot Golf round 11
ChatterBot Uniform round 11
2024-10-15 04:39:40.938077 Alpha: We should drop Delta
2024-10-15 04:39:40.944963 Yankee: Yes
2024-10-15 04:39:40.945193 Foxtrot: Yes
2024-10-15 04:39:40.945401 Golf: Yes
ChatterBot Alpha reevaluating
ChatterBot Alpha reevaluating
ChatterBot Alpha reevaluating
2024-10-15 04:39:41.008681 Romeo: X-ray and Papa, sending you 3
2024-10-15 04:39:41.014697 Romeo: Oscar, sending you 5
2024-10-15 04:39:41.016563 X-ray: Romeo and Papa, sending you 4
2024-10-15 04:39:41.017634 Yankee: Alpha, sending you 6
2024-10-15 04:39:41.019159 Uniform: Romeo, X-ray, Oscar and Delta, sending you 4
2024-10-15 04:39:41.020685 Papa: Romeo, X-ray, Delta and Uniform, sending you 3
2024-10-15 04:39:41.023675 Romeo: Delta and Uniform, sending you 4
2024-10-15 04:39:41.025035 Yankee: Foxtrot, sending you 7
2024-10-15 04:39:41.026509 X-ray: Oscar, sending you 3
2024-10-15 04:39:41.027421 Oscar: Romeo, sending you 6
2024-10-15 04:39:41.028604 Uniform: Papa, sending you 3
2024-10-15 04:39:41.030786 Foxtrot: Alpha, sending you 8
2024-10-15 04:39:41.031397 Papa: Oscar, sending you 4
2024-10-15 04:39:41.032565 Delta: Romeo, sending you 5
2024-10-15 04:39:41.034377 Yankee: Golf, sending you 5
2024-10-15 04:39:41.035021 X-ray: Delta, sending you 2
2024-10-15 04:39:41.036034 Oscar: X-ray, sending you 2
2024-10-15 04:39:41.037916 Golf: Same as last round
2024-10-15 04:39:41.038592 Foxtrot: Yankee, sending you 7
2024-10-15 04:39:41.039330 Delta: X-ray, sending you 2
2024-10-15 04:39:41.041450 X-ray: Uniform, sending you 5
2024-10-15 04:39:41.042909 Oscar: Delta, Papa and Uniform, sending you 4
2024-10-15 04:39:41.044276 Foxtrot: Golf, sending you 4
2024-10-15 04:39:41.046028 Delta: Oscar, Papa and Uniform, sending you 4
chatterbot Foxtrot submitting transactions
chatterbot Delta submitting transactions
chatterbot Uniform submitting transactions
chatterbot Yankee submitting transactions
chatterbot Papa submitting transactions
chatterbot X-ray submitting transactions
chatterbot Oscar submitting transactions
chatterbot Golf submitting transactions
chatterbot Romeo submitting transactions
chatterbot Alpha submitting transactions
ChatterBot Romeo round 12
ChatterBot X-ray round 12
ChatterBot Alpha round 12
ChatterBot Oscar round 12
ChatterBot Delta round 12
ChatterBot Yankee round 12
ChatterBot Foxtrot round 12
ChatterBot Papa round 12
ChatterBot Golf round 12
ChatterBot Uniform round 12
2024-10-15 04:39:42.146981 Alpha: We should drop Delta
2024-10-15 04:39:42.154119 Yankee: Yes
2024-10-15 04:39:42.154311 Foxtrot: Yes
2024-10-15 04:39:42.154462 Golf: Yes
ChatterBot Alpha reevaluating
ChatterBot Alpha reevaluating
ChatterBot Alpha reevaluating
2024-10-15 04:39:42.190659 Romeo: X-ray and Papa, sending you 3
2024-10-15 04:39:42.191577 X-ray: Romeo and Papa, sending you 4
2024-10-15 04:39:42.193686 Romeo: Oscar, sending you 5
2024-10-15 04:39:42.196098 X-ray: Oscar, sending you 3
2024-10-15 04:39:42.199662 Romeo: Delta and Uniform, sending you 4
2024-10-15 04:39:42.202657 X-ray: Delta, sending you 2
2024-10-15 04:39:42.203423 Foxtrot: Alpha, sending you 8
2024-10-15 04:39:42.203819 Oscar: Romeo, sending you 6
2024-10-15 04:39:42.207690 X-ray: Uniform, sending you 5
2024-10-15 04:39:42.208655 Foxtrot: Yankee, sending you 7
2024-10-15 04:39:42.209679 Oscar: X-ray, sending you 2
2024-10-15 04:39:42.210398 Delta: Romeo, sending you 5
2024-10-15 04:39:42.211138 Yankee: Alpha, sending you 6
2024-10-15 04:39:42.211533 Golf: Same as last round
2024-10-15 04:39:42.212684 Foxtrot: Golf, sending you 4
2024-10-15 04:39:42.213763 Papa: Romeo, X-ray, Delta and Uniform, sending you 3
2024-10-15 04:39:42.214725 Oscar: Delta, Papa and Uniform, sending you 4
2024-10-15 04:39:42.215462 Yankee: Foxtrot, sending you 7
2024-10-15 04:39:42.215869 Uniform: Romeo, X-ray, Oscar and Delta, sending you 4
2024-10-15 04:39:42.216606 Delta: X-ray, sending you 2
2024-10-15 04:39:42.218676 Papa: Oscar, sending you 4
2024-10-15 04:39:42.220081 Yankee: Golf, sending you 5
2024-10-15 04:39:42.220834 Uniform: Papa, sending you 3
2024-10-15 04:39:42.222633 Delta: Oscar, Papa and Uniform, sending you 4
chatterbot Alpha submitting transactions
chatterbot Romeo submitting transactions
chatterbot Uniform submitting transactions
chatterbot Yankee submitting transactions
chatterbot Papa submitting transactions
chatterbot Oscar submitting transactions
chatterbot X-ray submitting transactions
chatterbot Delta submitting transactions
chatterbot Foxtrot submitting transactions
chatterbot Golf submitting transactions
ChatterBot Romeo round 13
ChatterBot X-ray round 13
ChatterBot Alpha round 13
ChatterBot Oscar round 13
ChatterBot Delta round 13
ChatterBot Yankee round 13
ChatterBot Foxtrot round 13
ChatterBot Papa round 13
ChatterBot Golf round 13
ChatterBot Uniform round 13
2024-10-15 04:39:43.377831 Alpha: We should drop Delta
2024-10-15 04:39:43.384757 Yankee: Yes
2024-10-15 04:39:43.384954 Foxtrot: Yes
2024-10-15 04:39:43.385121 Golf: Yes
ChatterBot Alpha reevaluating
ChatterBot Alpha reevaluating
ChatterBot Alpha reevaluating
2024-10-15 04:39:43.407660 X-ray: Romeo and Papa, sending you 4
2024-10-15 04:39:43.408858 Romeo: X-ray and Papa, sending you 3
2024-10-15 04:39:43.412668 X-ray: Oscar, sending you 3
2024-10-15 04:39:43.413519 Romeo: Oscar, sending you 5
2024-10-15 04:39:43.417678 X-ray: Delta, sending you 2
2024-10-15 04:39:43.419671 Romeo: Delta and Uniform, sending you 4
2024-10-15 04:39:43.422147 Papa: Romeo, X-ray, Delta and Uniform, sending you 3
2024-10-15 04:39:43.423047 Oscar: Romeo, sending you 6
2024-10-15 04:39:43.423740 Golf: Same as last round
2024-10-15 04:39:43.424146 X-ray: Uniform, sending you 5
2024-10-15 04:39:43.424850 Yankee: Alpha, sending you 6
2024-10-15 04:39:43.425900 Delta: Romeo, sending you 5
2024-10-15 04:39:43.426600 Foxtrot: Alpha, sending you 8
2024-10-15 04:39:43.426970 Papa: Oscar, sending you 4
2024-10-15 04:39:43.427818 Uniform: Romeo, X-ray, Oscar and Delta, sending you 4
2024-10-15 04:39:43.429173 Oscar: X-ray, sending you 2
2024-10-15 04:39:43.430056 Delta: X-ray, sending you 2
2024-10-15 04:39:43.431490 Yankee: Foxtrot, sending you 7
2024-10-15 04:39:43.432883 Foxtrot: Yankee, sending you 7
2024-10-15 04:39:43.433742 Uniform: Papa, sending you 3
2024-10-15 04:39:43.435425 Oscar: Delta, Papa and Uniform, sending you 4
2024-10-15 04:39:43.436474 Delta: Oscar, Papa and Uniform, sending you 4
2024-10-15 04:39:43.437495 Yankee: Golf, sending you 5
2024-10-15 04:39:43.438919 Foxtrot: Golf, sending you 4
chatterbot Romeo submitting transactions
chatterbot Oscar submitting transactions
chatterbot Delta submitting transactions
chatterbot X-ray submitting transactions
chatterbot Golf submitting transactions
chatterbot Uniform submitting transactions
chatterbot Alpha submitting transactions
chatterbot Papa submitting transactions
chatterbot Yankee submitting transactions
chatterbot Foxtrot submitting transactions
ChatterBot Romeo round 14
ChatterBot X-ray round 14
ChatterBot Alpha round 14
ChatterBot Oscar round 14
ChatterBot Delta round 14
ChatterBot Yankee round 14
ChatterBot Foxtrot round 14
ChatterBot Papa round 14
ChatterBot Golf round 14
ChatterBot Uniform round 14
2024-10-15 04:39:44.675937 Alpha: We should drop Delta
2024-10-15 04:39:44.685116 Yankee: Yes
2024-10-15 04:39:44.685451 Foxtrot: Yes
2024-10-15 04:39:44.686331 Golf: Yes
