ChatterBot Quebec round 1
ChatterBot Mike round 1
randomSelections Mike: {Mike, Romeo, November, X-ray, Sierra, Victor} 
2024-10-15 04:39:27.957504 Mike: Friends?
ChatterBot Golf round 1
ChatterBot Romeo round 1
ChatterBot Romeo reevaluating
2024-10-15 04:39:27.961838 Romeo: Yes
ChatterBot November round 1
ChatterBot November reevaluating
ChatterBot November reevaluating
2024-10-15 04:39:27.967964 November: Yes
ChatterBot Romeo reevaluating
ChatterBot X-ray round 1
ChatterBot X-ray reevaluating
ChatterBot X-ray reevaluating
ChatterBot X-ray reevaluating
2024-10-15 04:39:27.982853 X-ray: Yes
ChatterBot Romeo reevaluating
ChatterBot November reevaluating
ChatterBot Yankee round 1
ChatterBot Victor round 1
ChatterBot Victor reevaluating
ChatterBot Victor reevaluating
ChatterBot Victor reevaluating
ChatterBot Victor reevaluating
2024-10-15 04:39:28.000579 Victor: Yes
ChatterBot Romeo reevaluating
ChatterBot November reevaluating
ChatterBot X-ray reevaluating
ChatterBot Sierra round 1
ChatterBot Sierra reevaluating
ChatterBot Sierra reevaluating
ChatterBot Sierra reevaluating
ChatterBot Sierra reevaluating
ChatterBot Sierra reevaluating
2024-10-15 04:39:28.015604 Sierra: Yes
ChatterBot Romeo reevaluating
ChatterBot November reevaluating
ChatterBot X-ray reevaluating
ChatterBot Victor reevaluating
ChatterBot Charlie round 1
randomSelections Quebec: {Quebec, Romeo, X-ray, Yankee, Sierra, Golf, Victor} 
2024-10-15 04:39:28.027609 Quebec: Let's form a team
ChatterBot Romeo reevaluating
ChatterBot X-ray reevaluating
ChatterBot Yankee reevaluating
ChatterBot Sierra reevaluating
ChatterBot Golf reevaluating
ChatterBot Victor reevaluating
2024-10-15 04:39:28.036988 Romeo: No
2024-10-15 04:39:28.037099 X-ray: No
2024-10-15 04:39:28.037189 Yankee: Yes
2024-10-15 04:39:28.037278 Sierra: No
2024-10-15 04:39:28.037363 Golf: Yes
2024-10-15 04:39:28.037441 Victor: No
ChatterBot X-ray reevaluating
ChatterBot Yankee reevaluating
ChatterBot Sierra reevaluating
ChatterBot Golf reevaluating
ChatterBot Victor reevaluating
ChatterBot Romeo reevaluating
ChatterBot Yankee reevaluating
ChatterBot Sierra reevaluating
ChatterBot Golf reevaluating
ChatterBot Victor reevaluating
ChatterBot Romeo reevaluating
ChatterBot X-ray reevaluating
ChatterBot Sierra reevaluating
ChatterBot Golf reevaluating
ChatterBot Victor reevaluating
ChatterBot Romeo reevaluating
ChatterBot X-ray reevaluating
ChatterBot Yankee reevaluating
ChatterBot Golf reevaluating
ChatterBot Victor reevaluating
ChatterBot Romeo reevaluating
ChatterBot X-ray reevaluating
ChatterBot Yankee reevaluating
ChatterBot Sierra reevaluating
ChatterBot Victor reevaluating
ChatterBot Romeo reevaluating
ChatterBot X-ray reevaluating
ChatterBot Yankee reevaluating
ChatterBot Sierra reevaluating
ChatterBot Golf reevaluating
randomSelections Charlie: {Charlie, Yankee, X-ray, Mike, November, Victor, Quebec} 
2024-10-15 04:39:28.174856 Charlie: Group up?
ChatterBot Yankee reevaluating
2024-10-15 04:39:28.229316 Yankee: No
2024-10-15 04:39:28.229763 X-ray: No
2024-10-15 04:39:28.230075 Mike: No
2024-10-15 04:39:28.230409 November: No
2024-10-15 04:39:28.230705 Victor: No
2024-10-15 04:39:28.231620 Quebec: No
ChatterBot Yankee reevaluating
ChatterBot Yankee reevaluating
ChatterBot Yankee reevaluating
ChatterBot Yankee reevaluating
ChatterBot Yankee reevaluating
2024-10-15 04:39:28.278231 Mike: Romeo, sending you 4
2024-10-15 04:39:28.281657 Mike: November, sending you 5
2024-10-15 04:39:28.283658 Sierra: Mike, sending you 4
2024-10-15 04:39:28.287062 Sierra: Romeo, sending you 3
2024-10-15 04:39:28.287768 Mike: X-ray, Victor and Sierra, sending you 3
2024-10-15 04:39:28.288539 Romeo: Mike, sending you 5
2024-10-15 04:39:28.290175 Victor: Mike and X-ray, sending you 4
2024-10-15 04:39:28.290965 Charlie: Quebec, Mike and X-ray, sending you 4
2024-10-15 04:39:28.292276 November: Mike, sending you 4
2024-10-15 04:39:28.293130 X-ray: Mike and November, sending you 3
2024-10-15 04:39:28.294286 Sierra: November and X-ray, sending you 1
2024-10-15 04:39:28.294740 Romeo: November and Victor, sending you 4
2024-10-15 04:39:28.295708 Quebec: Golf, sending you 2
2024-10-15 04:39:28.296365 Charlie: November and Yankee, sending you 3
2024-10-15 04:39:28.297517 Victor: Romeo, sending you 3
2024-10-15 04:39:28.298108 X-ray: Romeo, sending you 8
2024-10-15 04:39:28.298826 November: Romeo, Victor and Sierra, sending you 2
2024-10-15 04:39:28.299923 Sierra: Victor, sending you 5
2024-10-15 04:39:28.300539 Golf: Quebec and Romeo, sending you 3
2024-10-15 04:39:28.301285 Quebec: Romeo, sending you 1
2024-10-15 04:39:28.302301 Romeo: X-ray and Sierra, sending you 2
2024-10-15 04:39:28.303096 Victor: November, sending you 2
2024-10-15 04:39:28.304098 Charlie: Victor, sending you 2
2024-10-15 04:39:28.305350 X-ray: Victor, sending you 4
2024-10-15 04:39:28.305948 November: X-ray, sending you 3
2024-10-15 04:39:28.306656 Golf: X-ray, sending you 5
2024-10-15 04:39:28.307240 Yankee: Quebec, sending you 2
2024-10-15 04:39:28.308389 Quebec: X-ray and Yankee, sending you 4
2024-10-15 04:39:28.309247 Victor: Sierra, sending you 6
2024-10-15 04:39:28.309855 Golf: Yankee and Victor, sending you 1
2024-10-15 04:39:28.310688 X-ray: Sierra, sending you 2
2024-10-15 04:39:28.311819 Yankee: Romeo, sending you 6
2024-10-15 04:39:28.313678 Quebec: Sierra, sending you 3
2024-10-15 04:39:28.314791 Golf: Sierra, sending you 7
2024-10-15 04:39:28.315698 Yankee: X-ray, sending you 1
2024-10-15 04:39:28.320698 Yankee: Victor, sending you 3
chatterbot Mike submitting transactions
chatterbot Sierra submitting transactions
chatterbot Romeo submitting transactions
chatterbot Quebec submitting transactions
chatterbot Charlie submitting transactions
chatterbot November submitting transactions
chatterbot Victor submitting transactions
chatterbot Golf submitting transactions
chatterbot X-ray submitting transactions
chatterbot Yankee submitting transactions
ChatterBot Quebec round 2
ChatterBot Mike round 2
ChatterBot Golf round 2
ChatterBot Romeo round 2
ChatterBot November round 2
ChatterBot X-ray round 2
ChatterBot Yankee round 2
ChatterBot Victor round 2
2024-10-15 04:39:29.687162 Quebec: Group up?
ChatterBot Golf reevaluating
ChatterBot Yankee reevaluating
ChatterBot Charlie reevaluating
2024-10-15 04:39:29.706280 Golf: Yes
2024-10-15 04:39:29.707020 Yankee: Yes
2024-10-15 04:39:29.707141 Charlie: No
ChatterBot Yankee reevaluating
ChatterBot Charlie reevaluating
ChatterBot Golf reevaluating
ChatterBot Charlie reevaluating
ChatterBot Golf reevaluating
ChatterBot Yankee reevaluating
ChatterBot Sierra round 2
ChatterBot Charlie round 2
2024-10-15 04:39:29.758433 Mike: We should add Charlie
ChatterBot Romeo reevaluating
ChatterBot November reevaluating
ChatterBot X-ray reevaluating
ChatterBot Sierra reevaluating
ChatterBot Victor reevaluating
2024-10-15 04:39:29.774641 Romeo: Yes
2024-10-15 04:39:29.775299 November: Yes
2024-10-15 04:39:29.775439 X-ray: Yes
2024-10-15 04:39:29.775570 Sierra: Yes
2024-10-15 04:39:29.775689 Victor: No
ChatterBot November reevaluating
ChatterBot X-ray reevaluating
ChatterBot Sierra reevaluating
ChatterBot Victor reevaluating
ChatterBot Romeo reevaluating
ChatterBot X-ray reevaluating
ChatterBot Sierra reevaluating
ChatterBot Victor reevaluating
ChatterBot Romeo reevaluating
ChatterBot November reevaluating
ChatterBot Sierra reevaluating
ChatterBot Victor reevaluating
ChatterBot Romeo reevaluating
ChatterBot November reevaluating
ChatterBot X-ray reevaluating
ChatterBot Victor reevaluating
ChatterBot Romeo reevaluating
ChatterBot November reevaluating
ChatterBot X-ray reevaluating
ChatterBot Sierra reevaluating
2024-10-15 04:39:29.861465 Sierra: We should add Charlie and Golf
ChatterBot Romeo reevaluating
ChatterBot November reevaluating
ChatterBot X-ray reevaluating
ChatterBot Victor reevaluating
2024-10-15 04:39:29.878549 Mike: No
2024-10-15 04:39:29.878697 Romeo: Yes
2024-10-15 04:39:29.878862 November: No
2024-10-15 04:39:29.878968 X-ray: Yes
2024-10-15 04:39:29.879075 Victor: No
ChatterBot Romeo reevaluating
ChatterBot November reevaluating
ChatterBot X-ray reevaluating
ChatterBot Sierra reevaluating
ChatterBot Victor reevaluating
ChatterBot November reevaluating
ChatterBot X-ray reevaluating
ChatterBot Sierra reevaluating
ChatterBot Victor reevaluating
ChatterBot Romeo reevaluating
ChatterBot X-ray reevaluating
ChatterBot Sierra reevaluating
ChatterBot Victor reevaluating
ChatterBot Romeo reevaluating
ChatterBot November reevaluating
ChatterBot Sierra reevaluating
ChatterBot Victor reevaluating
ChatterBot Romeo reevaluating
ChatterBot November reevaluating
ChatterBot X-ray reevaluating
ChatterBot Sierra reevaluating
2024-10-15 04:39:29.997480 Mike: Charlie we want you to join our group
2024-10-15 04:39:30.001471 Charlie: No
ChatterBot Romeo reevaluating
ChatterBot November reevaluating
ChatterBot X-ray reevaluating
ChatterBot Victor reevaluating
ChatterBot Sierra reevaluating
2024-10-15 04:39:30.508314 Quebec: Golf, sending you 5
2024-10-15 04:39:30.509431 November: Charlie we want you to join our group
2024-10-15 04:39:30.514747 Charlie: No
chatterbot Quebec submitting transactions
chatterbot Mike submitting transactions
2024-10-15 04:39:30.546687 Quebec: Yankee, sending you 4
2024-10-15 04:39:30.647556 Yankee: Quebec, sending you 7
2024-10-15 04:39:30.647854 Golf: Quebec, sending you 12
2024-10-15 04:39:30.648794 Charlie: Quebec and Yankee, sending you 5
2024-10-15 04:39:30.649015 Sierra: Quebec and Mike, sending you 2
2024-10-15 04:39:30.649291 Victor: Mike and November, sending you 3
2024-10-15 04:39:30.649646 Mike: Sending you each 3
2024-10-15 04:39:30.650560 Romeo: Quebec and November, sending you 1
2024-10-15 04:39:30.650859 Quebec: Charlie, sending you 6
2024-10-15 04:39:30.651214 X-ray: Quebec, Mike, Romeo, November, Yankee, Victor, Sierra and Charlie, sending you 2
chatterbot Yankee submitting transactions
2024-10-15 04:39:30.652309 Yankee: Golf and Charlie, sending you 6
2024-10-15 04:39:30.732043 Golf: Mike, Romeo, November, X-ray, Yankee, Victor, Sierra and Charlie, sending you 1
2024-10-15 04:39:30.732798 Charlie: Golf, sending you 4
2024-10-15 04:39:30.733868 Sierra: Golf and Victor, sending you 3
2024-10-15 04:39:30.734441 Victor: Romeo and X-ray, sending you 4
2024-10-15 04:39:30.735637 Romeo: Mike, Golf, Victor and Sierra, sending you 2
2024-10-15 04:39:30.736250 X-ray: Golf, sending you 4
2024-10-15 04:39:30.737377 November: Mike and Romeo, sending you 4
2024-10-15 04:39:30.737872 Victor: Sierra, sending you 5
2024-10-15 04:39:30.776825 Sierra: Romeo, November, X-ray, Yankee and Charlie, sending you 1
2024-10-15 04:39:30.777380 Romeo: X-ray, sending you 4
2024-10-15 04:39:30.777731 November: X-ray, Victor, Sierra and Charlie, sending you 3
2024-10-15 04:39:30.840624 Romeo: Yankee, sending you 3
chatterbot Charlie submitting transactions
chatterbot Sierra submitting transactions
chatterbot Victor submitting transactions
chatterbot Golf submitting transactions
chatterbot X-ray submitting transactions
chatterbot November submitting transactions
chatterbot Romeo submitting transactions
ChatterBot Quebec round 3
ChatterBot Mike round 3
ChatterBot Golf round 3
ChatterBot Romeo round 3
ChatterBot November round 3
ChatterBot X-ray round 3
ChatterBot Yankee round 3
ChatterBot Victor round 3
ChatterBot Sierra round 3
ChatterBot Charlie round 3
2024-10-15 04:39:31.839770 Quebec: We should add Sierra
2024-10-15 04:39:31.848974 Golf: No
2024-10-15 04:39:31.849820 Yankee: No
2024-10-15 04:39:31.849972 Charlie: No
ChatterBot Quebec reevaluating
ChatterBot Quebec reevaluating
ChatterBot Quebec reevaluating
2024-10-15 04:39:31.909689 Quebec: We should add X-ray
2024-10-15 04:39:31.918630 Golf: Yes
2024-10-15 04:39:31.918814 Yankee: Yes
2024-10-15 04:39:31.918928 Charlie: Yes
ChatterBot Quebec reevaluating
ChatterBot Quebec reevaluating
ChatterBot Quebec reevaluating
2024-10-15 04:39:31.947676 Mike: We should drop Charlie
ChatterBot X-ray reevaluating
2024-10-15 04:39:31.963647 Romeo: No
2024-10-15 04:39:31.963866 November: Yes
2024-10-15 04:39:31.964493 X-ray: Yes
2024-10-15 04:39:31.964694 Sierra: Yes
2024-10-15 04:39:31.964835 Victor: Yes
ChatterBot X-ray reevaluating
ChatterBot X-ray reevaluating
ChatterBot X-ray reevaluating
ChatterBot X-ray reevaluating
2024-10-15 04:39:32.129476 Golf: Quebec, sending you 8
2024-10-15 04:39:32.214567 Romeo: Quebec, Golf and Charlie, sending you 1
2024-10-15 04:39:32.215667 Victor: Mike, Romeo and X-ray, sending you 4
2024-10-15 04:39:32.216175 Yankee: Quebec and Charlie, sending you 7
2024-10-15 04:39:32.217015 Golf: Yankee, sending you 7
2024-10-15 04:39:32.217290 Charlie: Quebec, sending you 5
2024-10-15 04:39:32.217587 Sierra: Mike and November, sending you 3
2024-10-15 04:39:32.218509 Mike: Romeo, November and Victor, sending you 4
2024-10-15 04:39:32.218959 Victor: November, sending you 2
2024-10-15 04:39:32.307936 Romeo: Mike, November, Yankee and Sierra, sending you 2
2024-10-15 04:39:32.309247 Golf: Charlie, sending you 5
2024-10-15 04:39:32.310288 Charlie: Golf and Yankee, sending you 4
2024-10-15 04:39:32.310651 Yankee: Golf, sending you 5
2024-10-15 04:39:32.310990 Mike: X-ray and Sierra, sending you 3
2024-10-15 04:39:32.312045 November: Sending you each 4
2024-10-15 04:39:32.312552 Sierra: Romeo and X-ray, sending you 2
2024-10-15 04:39:32.313755 X-ray: Mike, Golf, Romeo, November and Sierra, sending you 3
2024-10-15 04:39:32.314288 Victor: Sierra, sending you 5
chatterbot Mike submitting transactions
2024-10-15 04:39:32.315738 Romeo: X-ray and Victor, sending you 3
2024-10-15 04:39:32.376876 Sierra: Victor, sending you 5
2024-10-15 04:39:32.378254 X-ray: Victor, sending you 5
chatterbot Yankee submitting transactions
chatterbot November submitting transactions
chatterbot Golf submitting transactions
chatterbot Charlie submitting transactions
chatterbot Sierra submitting transactions
chatterbot X-ray submitting transactions
chatterbot Quebec submitting transactions
chatterbot Victor submitting transactions
chatterbot Romeo submitting transactions
ChatterBot Quebec round 4
ChatterBot Mike round 4
ChatterBot Golf round 4
ChatterBot Romeo round 4
ChatterBot November round 4
ChatterBot X-ray round 4
ChatterBot Yankee round 4
ChatterBot Victor round 4
ChatterBot Sierra round 4
ChatterBot Charlie round 4
2024-10-15 04:39:33.226352 X-ray: We should drop Golf
2024-10-15 04:39:33.240633 Mike: Yes
2024-10-15 04:39:33.240811 Romeo: Yes
2024-10-15 04:39:33.241012 November: Yes
2024-10-15 04:39:33.241148 Sierra: Yes
2024-10-15 04:39:33.241286 Victor: Yes
2024-10-15 04:39:33.304672 Victor: Mike and X-ray, sending you 4
2024-10-15 04:39:33.305227 Quebec: Golf, sending you 7
2024-10-15 04:39:33.305656 Mike: Romeo and X-ray, sending you 3
2024-10-15 04:39:33.306139 Romeo: Mike, X-ray and Victor, sending you 4
2024-10-15 04:39:33.307056 Golf: Quebec, sending you 8
2024-10-15 04:39:33.307331 November: Same as last round
2024-10-15 04:39:33.307843 Quebec: Yankee, sending you 6
2024-10-15 04:39:33.309688 Victor: Romeo and November, sending you 3
2024-10-15 04:39:33.310350 Romeo: November, sending you 3
2024-10-15 04:39:33.311520 Golf: Yankee, sending you 7
2024-10-15 04:39:33.311921 Mike: November, Victor and Sierra, sending you 4
2024-10-15 04:39:33.312494 Yankee: Quebec, sending you 7
2024-10-15 04:39:33.313279 Quebec: Charlie, sending you 5
2024-10-15 04:39:33.313701 Victor: Sierra, sending you 5
2024-10-15 04:39:33.314676 Golf: Charlie, sending you 5
2024-10-15 04:39:33.315743 Romeo: Sierra, sending you 2
2024-10-15 04:39:33.316717 Yankee: Golf and Charlie, sending you 6
2024-10-15 04:39:33.318694 Charlie: Quebec, sending you 5
2024-10-15 04:39:33.319607 Sierra: Mike, November and X-ray, sending you 3
2024-10-15 04:39:33.320688 X-ray: Sending you each 4
2024-10-15 04:39:33.324012 Charlie: Golf and Yankee, sending you 4
2024-10-15 04:39:33.324460 Sierra: Romeo, sending you 2
2024-10-15 04:39:33.328670 Sierra: Victor, sending you 4
chatterbot Golf submitting transactions
chatterbot X-ray submitting transactions
chatterbot Charlie submitting transactions
chatterbot Yankee submitting transactions
chatterbot Sierra submitting transactions
chatterbot Mike submitting transactions
chatterbot November submitting transactions
chatterbot Romeo submitting transactions
chatterbot Quebec submitting transactions
chatterbot Victor submitting transactions
ChatterBot Quebec round 5
ChatterBot Mike round 5
ChatterBot Golf round 5
ChatterBot Romeo round 5
ChatterBot November round 5
ChatterBot X-ray round 5
ChatterBot Yankee round 5
ChatterBot Victor round 5
ChatterBot Sierra round 5
ChatterBot Charlie round 5
2024-10-15 04:39:34.597784 November: Same as last round
2024-10-15 04:39:34.600087 Yankee: Quebec, sending you 7
2024-10-15 04:39:34.601020 X-ray: Same as last round
2024-10-15 04:39:34.603301 Golf: Quebec, sending you 8
2024-10-15 04:39:34.604264 Mike: Romeo, November and Victor, sending you 4
2024-10-15 04:39:34.605260 Yankee: Golf and Charlie, sending you 6
2024-10-15 04:39:34.607310 Charlie: Quebec, sending you 5
2024-10-15 04:39:34.608206 Quebec: Golf, sending you 7
2024-10-15 04:39:34.609704 Romeo: Mike, November and Sierra, sending you 3
2024-10-15 04:39:34.611163 Golf: Yankee, sending you 7
2024-10-15 04:39:34.611799 Mike: X-ray and Sierra, sending you 3
2024-10-15 04:39:34.613534 Victor: Mike, Romeo, X-ray and Sierra, sending you 4
2024-10-15 04:39:34.614602 Sierra: Mike, November and X-ray, sending you 3
2024-10-15 04:39:34.616314 Charlie: Golf and Yankee, sending you 4
2024-10-15 04:39:34.617112 Quebec: Yankee and Charlie, sending you 6
2024-10-15 04:39:34.619028 Romeo: X-ray and Victor, sending you 4
2024-10-15 04:39:34.620262 Golf: Charlie, sending you 5
2024-10-15 04:39:34.620992 Victor: November, sending you 3
2024-10-15 04:39:34.622929 Sierra: Romeo, sending you 2
2024-10-15 04:39:34.628679 Sierra: Victor, sending you 4
chatterbot Quebec submitting transactions
chatterbot Yankee submitting transactions
chatterbot Golf submitting transactions
chatterbot Romeo submitting transactions
chatterbot Sierra submitting transactions
chatterbot November submitting transactions
chatterbot Mike submitting transactions
chatterbot Charlie submitting transactions
chatterbot Victor submitting transactions
chatterbot X-ray submitting transactions
ChatterBot Quebec round 6
ChatterBot Mike round 6
ChatterBot Golf round 6
ChatterBot Romeo round 6
ChatterBot November round 6
ChatterBot X-ray round 6
ChatterBot Yankee round 6
ChatterBot Victor round 6
ChatterBot Sierra round 6
ChatterBot Charlie round 6
2024-10-15 04:39:35.832009 Romeo: Mike, X-ray and Victor, sending you 4
2024-10-15 04:39:35.837669 Romeo: November, sending you 3
2024-10-15 04:39:35.838991 Golf: Quebec, sending you 8
2024-10-15 04:39:35.839670 Quebec: Golf, sending you 7
2024-10-15 04:39:35.840672 Mike: Romeo and Sierra, sending you 3
2024-10-15 04:39:35.842473 Yankee: Quebec, sending you 7
2024-10-15 04:39:35.842869 Charlie: Sending you each 4
2024-10-15 04:39:35.843213 Sierra: Mike, November and X-ray, sending you 3
2024-10-15 04:39:35.843673 Romeo: Sierra, sending you 2
2024-10-15 04:39:35.844076 November: Same as last round
2024-10-15 04:39:35.844466 Golf: Yankee, sending you 7
2024-10-15 04:39:35.844738 X-ray: Same as last round
2024-10-15 04:39:35.845597 Quebec: Yankee and Charlie, sending you 6
2024-10-15 04:39:35.845852 Mike: November, X-ray and Victor, sending you 4
2024-10-15 04:39:35.846670 Sierra: Romeo, sending you 2
2024-10-15 04:39:35.848249 Yankee: Golf and Charlie, sending you 6
2024-10-15 04:39:35.848683 Golf: Charlie, sending you 5
2024-10-15 04:39:35.849716 Victor: Mike, Romeo, X-ray and Sierra, sending you 4
2024-10-15 04:39:35.850899 Sierra: Victor, sending you 4
2024-10-15 04:39:35.852671 Victor: November, sending you 3
chatterbot November submitting transactions
chatterbot X-ray submitting transactions
chatterbot Golf submitting transactions
chatterbot Sierra submitting transactions
chatterbot Yankee submitting transactions
chatterbot Victor submitting transactions
chatterbot Mike submitting transactions
chatterbot Quebec submitting transactions
chatterbot Romeo submitting transactions
chatterbot Charlie submitting transactions
ChatterBot Quebec round 7
ChatterBot Mike round 7
ChatterBot Golf round 7
ChatterBot Romeo round 7
ChatterBot November round 7
ChatterBot X-ray round 7
ChatterBot Yankee round 7
ChatterBot Victor round 7
ChatterBot Sierra round 7
ChatterBot Charlie round 7
2024-10-15 04:39:36.987081 Romeo: Mike, November and Sierra, sending you 3
2024-10-15 04:39:36.990659 Romeo: X-ray and Victor, sending you 4
2024-10-15 04:39:36.994695 Mike: Romeo, November, X-ray and Victor, sending you 4
2024-10-15 04:39:36.996696 Golf: Quebec, sending you 8
2024-10-15 04:39:36.997681 Mike: Sierra, sending you 2
2024-10-15 04:39:37.000680 Victor: Mike, Romeo, X-ray and Sierra, sending you 4
2024-10-15 04:39:37.001293 Golf: Yankee, sending you 7
2024-10-15 04:39:37.001690 Quebec: Golf, sending you 7
2024-10-15 04:39:37.003658 Sierra: Mike, November and X-ray, sending you 3
2024-10-15 04:39:37.004262 Victor: November, sending you 3
2024-10-15 04:39:37.004937 November: Same as last round
2024-10-15 04:39:37.006185 Yankee: Quebec, sending you 7
2024-10-15 04:39:37.006660 Golf: Charlie, sending you 5
2024-10-15 04:39:37.007116 Quebec: Yankee and Charlie, sending you 6
2024-10-15 04:39:37.007678 X-ray: Same as last round
2024-10-15 04:39:37.008910 Sierra: Romeo, sending you 2
2024-10-15 04:39:37.009352 Charlie: Same as last round
2024-10-15 04:39:37.009645 Yankee: Golf and Charlie, sending you 6
2024-10-15 04:39:37.013673 Sierra: Victor, sending you 4
chatterbot November submitting transactions
chatterbot Quebec submitting transactions
chatterbot X-ray submitting transactions
chatterbot Romeo submitting transactions
chatterbot Victor submitting transactions
chatterbot Charlie submitting transactions
chatterbot Sierra submitting transactions
chatterbot Golf submitting transactions
chatterbot Yankee submitting transactions
chatterbot Mike submitting transactions
ChatterBot Quebec round 8
ChatterBot Mike round 8
ChatterBot Golf round 8
ChatterBot Romeo round 8
ChatterBot November round 8
ChatterBot X-ray round 8
ChatterBot Yankee round 8
ChatterBot Victor round 8
ChatterBot Sierra round 8
ChatterBot Charlie round 8
2024-10-15 04:39:38.042660 Mike: Romeo and Sierra, sending you 3
2024-10-15 04:39:38.044670 November: Same as last round
2024-10-15 04:39:38.045642 Yankee: Quebec, sending you 7
2024-10-15 04:39:38.046648 Golf: Quebec, sending you 8
2024-10-15 04:39:38.049060 Mike: November, X-ray and Victor, sending you 4
2024-10-15 04:39:38.049727 Charlie: Quebec and Yankee, sending you 4
2024-10-15 04:39:38.050683 Yankee: Golf and Charlie, sending you 6
2024-10-15 04:39:38.051088 Golf: Yankee, sending you 7
2024-10-15 04:39:38.051452 Quebec: Golf, sending you 7
2024-10-15 04:39:38.052667 X-ray: Same as last round
2024-10-15 04:39:38.053649 Charlie: Golf, sending you 3
2024-10-15 04:39:38.054001 Golf: Charlie, sending you 5
2024-10-15 04:39:38.054667 Romeo: Mike, X-ray and Victor, sending you 4
2024-10-15 04:39:38.055230 Quebec: Yankee, sending you 6
2024-10-15 04:39:38.056650 Victor: Mike, Romeo, X-ray and Sierra, sending you 4
2024-10-15 04:39:38.057215 Sierra: Mike, November and X-ray, sending you 3
2024-10-15 04:39:38.058649 Romeo: November, sending you 3
2024-10-15 04:39:38.059655 Victor: November, sending you 3
2024-10-15 04:39:38.060672 Quebec: Charlie, sending you 5
2024-10-15 04:39:38.061006 Sierra: Romeo, sending you 2
2024-10-15 04:39:38.061686 Romeo: Sierra, sending you 2
2024-10-15 04:39:38.065675 Sierra: Victor, sending you 4
chatterbot Quebec submitting transactions
chatterbot Yankee submitting transactions
chatterbot X-ray submitting transactions
chatterbot Romeo submitting transactions
chatterbot Victor submitting transactions
chatterbot November submitting transactions
chatterbot Sierra submitting transactions
chatterbot Golf submitting transactions
chatterbot Charlie submitting transactions
chatterbot Mike submitting transactions
ChatterBot Quebec round 9
ChatterBot Mike round 9
ChatterBot Golf round 9
ChatterBot Romeo round 9
ChatterBot November round 9
ChatterBot X-ray round 9
ChatterBot Yankee round 9
ChatterBot Victor round 9
ChatterBot Sierra round 9
ChatterBot Charlie round 9
2024-10-15 04:39:39.271669 Romeo: Mike, November and Sierra, sending you 3
2024-10-15 04:39:39.274653 Golf: Quebec, sending you 8
2024-10-15 04:39:39.275657 Romeo: X-ray and Victor, sending you 4
2024-10-15 04:39:39.279655 Golf: Yankee, sending you 7
2024-10-15 04:39:39.282659 Yankee: Quebec, sending you 7
2024-10-15 04:39:39.283041 X-ray: Same as last round
2024-10-15 04:39:39.283596 Sierra: Mike, November and X-ray, sending you 3
2024-10-15 04:39:39.284157 Quebec: Golf, sending you 7
2024-10-15 04:39:39.284497 November: Same as last round
2024-10-15 04:39:39.285045 Golf: Charlie, sending you 5
2024-10-15 04:39:39.285655 Victor: Mike, Romeo, X-ray and Sierra, sending you 4
2024-10-15 04:39:39.286661 Mike: Romeo, November, X-ray and Victor, sending you 4
2024-10-15 04:39:39.287234 Sierra: Romeo, sending you 2
2024-10-15 04:39:39.287773 Quebec: Yankee, sending you 6
2024-10-15 04:39:39.288105 Yankee: Golf and Charlie, sending you 6
2024-10-15 04:39:39.288676 Victor: November, sending you 3
2024-10-15 04:39:39.289874 Charlie: Quebec, sending you 4
2024-10-15 04:39:39.290678 Mike: Sierra, sending you 2
2024-10-15 04:39:39.291269 Sierra: Victor, sending you 4
2024-10-15 04:39:39.292648 Quebec: Charlie, sending you 5
2024-10-15 04:39:39.293 Charlie: Golf and Yankee, sending you 3
chatterbot Quebec submitting transactions
chatterbot Yankee submitting transactions
chatterbot Charlie submitting transactions
chatterbot Romeo submitting transactions
chatterbot November submitting transactions
chatterbot Golf submitting transactions
chatterbot Sierra submitting transactions
chatterbot Victor submitting transactions
chatterbot Mike submitting transactions
chatterbot X-ray submitting transactions
ChatterBot Quebec round 10
ChatterBot Mike round 10
ChatterBot Golf round 10
ChatterBot Romeo round 10
ChatterBot November round 10
ChatterBot X-ray round 10
ChatterBot Yankee round 10
ChatterBot Victor round 10
ChatterBot Sierra round 10
ChatterBot Charlie round 10
2024-10-15 04:39:40.501680 Mike: Romeo and Sierra, sending you 3
2024-10-15 04:39:40.502423 Victor: Mike, Romeo, X-ray and Sierra, sending you 4
2024-10-15 04:39:40.503035 X-ray: Same as last round
2024-10-15 04:39:40.503555 Yankee: Quebec, sending you 7
2024-10-15 04:39:40.504671 Mike: November, X-ray and Victor, sending you 4
2024-10-15 04:39:40.505926 Quebec: Golf and Yankee, sending you 7
2024-10-15 04:39:40.506678 Victor: November, sending you 3
2024-10-15 04:39:40.507457 Yankee: Golf and Charlie, sending you 6
2024-10-15 04:39:40.507991 Sierra: Mike, November and X-ray, sending you 3
2024-10-15 04:39:40.508780 November: Same as last round
2024-10-15 04:39:40.509961 Quebec: Charlie, sending you 5
2024-10-15 04:39:40.510689 Golf: Quebec, sending you 8
2024-10-15 04:39:40.511652 Charlie: Quebec, sending you 4
2024-10-15 04:39:40.512011 Sierra: Romeo, sending you 2
2024-10-15 04:39:40.513678 Romeo: Mike, X-ray and Victor, sending you 4
2024-10-15 04:39:40.514748 Golf: Yankee, sending you 7
2024-10-15 04:39:40.515124 Sierra: Victor, sending you 4
2024-10-15 04:39:40.516679 Charlie: Golf and Yankee, sending you 3
2024-10-15 04:39:40.519074 Romeo: November, sending you 3
2024-10-15 04:39:40.520034 Golf: Charlie, sending you 5
2024-10-15 04:39:40.523760 Romeo: Sierra, sending you 2
chatterbot Romeo submitting transactions
chatterbot November submitting transactions
chatterbot Mike submitting transactions
chatterbot Sierra submitting transactions
chatterbot Charlie submitting transactions
chatterbot X-ray submitting transactions
chatterbot Golf submitting transactions
chatterbot Victor submitting transactions
chatterbot Yankee submitting transactions
chatterbot Quebec submitting transactions
ChatterBot Quebec round 11
ChatterBot Mike round 11
ChatterBot Golf round 11
ChatterBot Romeo round 11
ChatterBot November round 11
ChatterBot X-ray round 11
ChatterBot Yankee round 11
ChatterBot Victor round 11
ChatterBot Sierra round 11
ChatterBot Charlie round 11
2024-10-15 04:39:41.896699 Mike: Romeo, November, X-ray and Victor, sending you 4
2024-10-15 04:39:41.898961 November: Same as last round
2024-10-15 04:39:41.900368 X-ray: Same as last round
2024-10-15 04:39:41.901993 Charlie: Quebec, sending you 4
2024-10-15 04:39:41.902929 Sierra: Mike, November and X-ray, sending you 3
2024-10-15 04:39:41.904236 Mike: Sierra, sending you 2
2024-10-15 04:39:41.905290 Quebec: Golf and Yankee, sending you 7
2024-10-15 04:39:41.906477 Golf: Quebec, sending you 8
2024-10-15 04:39:41.907284 Charlie: Golf and Yankee, sending you 3
2024-10-15 04:39:41.907954 Romeo: Mike, November and Sierra, sending you 3
2024-10-15 04:39:41.909681 Yankee: Quebec, sending you 7
2024-10-15 04:39:41.910308 Sierra: Romeo, sending you 2
2024-10-15 04:39:41.912175 Victor: Mike, Romeo, X-ray and Sierra, sending you 4
2024-10-15 04:39:41.913215 Quebec: Charlie, sending you 5
2024-10-15 04:39:41.914248 Golf: Yankee, sending you 7
2024-10-15 04:39:41.914684 Romeo: X-ray and Victor, sending you 4
2024-10-15 04:39:41.915575 Yankee: Golf and Charlie, sending you 6
2024-10-15 04:39:41.916434 Sierra: Victor, sending you 4
2024-10-15 04:39:41.917277 Victor: November, sending you 3
2024-10-15 04:39:41.919107 Golf: Charlie, sending you 5
chatterbot Charlie submitting transactions
chatterbot Victor submitting transactions
chatterbot Yankee submitting transactions
chatterbot Golf submitting transactions
chatterbot Mike submitting transactions
chatterbot X-ray submitting transactions
chatterbot Quebec submitting transactions
chatterbot Romeo submitting transactions
chatterbot November submitting transactions
chatterbot Sierra submitting transactions
ChatterBot Quebec round 12
ChatterBot Mike round 12
ChatterBot Golf round 12
ChatterBot Romeo round 12
ChatterBot November round 12
ChatterBot X-ray round 12
ChatterBot Yankee round 12
ChatterBot Victor round 12
ChatterBot Sierra round 12
ChatterBot Charlie round 12
2024-10-15 04:39:42.971678 Victor: Mike, Romeo, X-ray and Sierra, sending you 4
2024-10-15 04:39:42.976670 Victor: November, sending you 3
2024-10-15 04:39:42.978367 Yankee: Quebec, sending you 7
2024-10-15 04:39:42.980431 Romeo: Mike, X-ray and Victor, sending you 4
2024-10-15 04:39:42.982375 November: Same as last round
2024-10-15 04:39:42.983725 Quebec: Golf and Yankee, sending you 7
2024-10-15 04:39:42.984285 X-ray: Same as last round
2024-10-15 04:39:42.985094 Yankee: Golf and Charlie, sending you 6
2024-10-15 04:39:42.986675 Romeo: November, sending you 3
2024-10-15 04:39:42.988706 Quebec: Charlie, sending you 6
2024-10-15 04:39:42.989237 Golf: Quebec, sending you 8
2024-10-15 04:39:42.990666 Mike: Romeo and Sierra, sending you 3
2024-10-15 04:39:42.992042 Charlie: Quebec, sending you 4
2024-10-15 04:39:42.992511 Romeo: Sierra, sending you 2
2024-10-15 04:39:42.993292 Sierra: Mike, November and X-ray, sending you 3
2024-10-15 04:39:42.994697 Golf: Yankee, sending you 7
2024-10-15 04:39:42.995569 Mike: November, X-ray and Victor, sending you 4
2024-10-15 04:39:42.996569 Charlie: Golf and Yankee, sending you 3
2024-10-15 04:39:42.997699 Golf: Charlie, sending you 5
2024-10-15 04:39:42.998699 Sierra: Romeo, sending you 2
2024-10-15 04:39:43.004665 Sierra: Victor, sending you 4
chatterbot November submitting transactions
chatterbot Romeo submitting transactions
chatterbot Sierra submitting transactions
chatterbot Victor submitting transactions
chatterbot Quebec submitting transactions
chatterbot Yankee submitting transactions
chatterbot X-ray submitting transactions
chatterbot Mike submitting transactions
chatterbot Golf submitting transactions
chatterbot Charlie submitting transactions
ChatterBot Quebec round 13
ChatterBot Mike round 13
ChatterBot Golf round 13
ChatterBot Romeo round 13
ChatterBot November round 13
ChatterBot X-ray round 13
ChatterBot Yankee round 13
ChatterBot Victor round 13
ChatterBot Sierra round 13
ChatterBot Charlie round 13
2024-10-15 04:39:44.187682 Golf: Quebec, sending you 8
2024-10-15 04:39:44.189404 Romeo: Mike, November and Sierra, sending you 3
2024-10-15 04:39:44.191670 Golf: Yankee, sending you 7
2024-10-15 04:39:44.192278 November: Same as last round
2024-10-15 04:39:44.193885 Romeo: X-ray and Victor, sending you 4
2024-10-15 04:39:44.194788 Yankee: Quebec, sending you 7
2024-10-15 04:39:44.195921 Golf: Charlie, sending you 5
2024-10-15 04:39:44.198694 Victor: Mike, Romeo, X-ray and Sierra, sending you 4
2024-10-15 04:39:44.200479 Mike: Romeo, November, X-ray and Victor, sending you 4
2024-10-15 04:39:44.202126 Yankee: Golf and Charlie, sending you 6
2024-10-15 04:39:44.203673 Sierra: Mike, November and X-ray, sending you 3
2024-10-15 04:39:44.206008 Victor: November, sending you 3
2024-10-15 04:39:44.208153 Mike: Sierra, sending you 2
2024-10-15 04:39:44.210413 X-ray: Same as last round
2024-10-15 04:39:44.211776 Quebec: Golf and Yankee, sending you 7
2024-10-15 04:39:44.213295 Sierra: Romeo, sending you 2
2024-10-15 04:39:44.214848 Charlie: Sending you each 3
2024-10-15 04:39:44.217081 Quebec: Charlie, sending you 6
2024-10-15 04:39:44.217595 Sierra: Victor, sending you 4
chatterbot November submitting transactions
chatterbot Mike submitting transactions
chatterbot Victor submitting transactions
chatterbot Charlie submitting transactions
chatterbot Yankee submitting transactions
chatterbot Golf submitting transactions
chatterbot X-ray submitting transactions
chatterbot Romeo submitting transactions
chatterbot Sierra submitting transactions
chatterbot Quebec submitting transactions
ChatterBot Quebec round 14
ChatterBot Mike round 14
ChatterBot Golf round 14
ChatterBot Romeo round 14
ChatterBot November round 14
ChatterBot X-ray round 14
ChatterBot Yankee round 14
ChatterBot Victor round 14
ChatterBot Sierra round 14
ChatterBot Charlie round 14
2024-10-15 04:39:45.474669 Mike: Romeo and Sierra, sending you 3
2024-10-15 04:39:45.479677 Mike: November, X-ray and Victor, sending you 4
2024-10-15 04:39:45.481106 Yankee: Quebec, sending you 7
2024-10-15 04:39:45.482664 Sierra: Mike, sending you 2
2024-10-15 04:39:45.485086 Yankee: Golf and Charlie, sending you 6
2024-10-15 04:39:45.485701 Quebec: Golf and Yankee, sending you 7
2024-10-15 04:39:45.487660 Sierra: Romeo, November and X-ray, sending you 3
2024-10-15 04:39:45.490090 Quebec: Charlie, sending you 6
2024-10-15 04:39:45.490698 November: Same as last round
2024-10-15 04:39:45.491450 Sierra: Victor, sending you 4
2024-10-15 04:39:45.492200 Charlie: Same as last round
2024-10-15 04:39:45.493672 Golf: Quebec, sending you 8
2024-10-15 04:39:45.494668 Romeo: Mike, November and Sierra, sending you 3
2024-10-15 04:39:45.495669 Victor: Mike, Romeo, X-ray and Sierra, sending you 4
2024-10-15 04:39:45.496965 X-ray: Same as last round
2024-10-15 04:39:45.497729 Golf: Yankee, sending you 7
2024-10-15 04:39:45.498696 Romeo: X-ray and Victor, sending you 4
2024-10-15 04:39:45.500678 Victor: November, sending you 3
2024-10-15 04:39:45.502651 Golf: Charlie, sending you 5
chatterbot X-ray submitting transactions
chatterbot Charlie submitting transactions
chatterbot November submitting transactions
chatterbot Golf submitting transactions
chatterbot Mike submitting transactions
chatterbot Victor submitting transactions
chatterbot Yankee submitting transactions
chatterbot Sierra submitting transactions
chatterbot Romeo submitting transactions
chatterbot Quebec submitting transactions
ChatterBot Quebec round 15
ChatterBot Mike round 15
ChatterBot Golf round 15
ChatterBot Romeo round 15
ChatterBot November round 15
ChatterBot X-ray round 15
ChatterBot Yankee round 15
ChatterBot Victor round 15
ChatterBot Sierra round 15
ChatterBot Charlie round 15
2024-10-15 04:39:46.785098 Golf: Quebec, sending you 8
2024-10-15 04:39:46.787305 Quebec: Golf and Yankee, sending you 7
2024-10-15 04:39:46.790010 Golf: Yankee, sending you 7
2024-10-15 04:39:46.792550 Quebec: Charlie, sending you 6
2024-10-15 04:39:46.794159 Yankee: Quebec, sending you 7
2024-10-15 04:39:46.795989 Romeo: Mike, November and Sierra, sending you 3
2024-10-15 04:39:46.798497 X-ray: Same as last round
2024-10-15 04:39:46.800686 Charlie: Same as last round
2024-10-15 04:39:46.801456 November: Same as last round
2024-10-15 04:39:46.804138 Victor: Mike, Romeo, X-ray and Sierra, sending you 4
2024-10-15 04:39:46.805922 Mike: Romeo and Sierra, sending you 3
2024-10-15 04:39:46.807483 Sierra: Mike, sending you 2
2024-10-15 04:39:46.809338 Golf: Charlie, sending you 5
2024-10-15 04:39:46.810353 Yankee: Golf and Charlie, sending you 6
2024-10-15 04:39:46.811697 Romeo: X-ray and Victor, sending you 4
2024-10-15 04:39:46.813773 Victor: November, sending you 3
2024-10-15 04:39:46.815904 Mike: November, X-ray and Victor, sending you 4
2024-10-15 04:39:46.818032 Sierra: Romeo, November and X-ray, sending you 3
2024-10-15 04:39:46.822690 Sierra: Victor, sending you 4
chatterbot X-ray submitting transactions
chatterbot Charlie submitting transactions
chatterbot Romeo submitting transactions
chatterbot Quebec submitting transactions
chatterbot November submitting transactions
chatterbot Yankee submitting transactions
chatterbot Sierra submitting transactions
chatterbot Mike submitting transactions
chatterbot Golf submitting transactions
chatterbot Victor submitting transactions
ChatterBot Quebec round 16
ChatterBot Mike round 16
ChatterBot Golf round 16
ChatterBot Romeo round 16
ChatterBot November round 16
ChatterBot X-ray round 16
ChatterBot Yankee round 16
ChatterBot Victor round 16
ChatterBot Sierra round 16
ChatterBot Charlie round 16
2024-10-15 04:39:47.864671 Romeo: Mike, November and Sierra, sending you 3
2024-10-15 04:39:47.868685 Romeo: X-ray and Victor, sending you 4
2024-10-15 04:39:47.870699 Quebec: Golf and Yankee, sending you 7
2024-10-15 04:39:47.871961 Mike: Romeo and Sierra, sending you 3
2024-10-15 04:39:47.873363 November: Same as last round
2024-10-15 04:39:47.874719 Yankee: Quebec, sending you 7
2024-10-15 04:39:47.876127 X-ray: Same as last round
2024-10-15 04:39:47.877387 Quebec: Charlie, sending you 6
2024-10-15 04:39:47.878232 Mike: November, X-ray and Victor, sending you 4
2024-10-15 04:39:47.879759 Golf: Quebec, sending you 8
2024-10-15 04:39:47.880993 Yankee: Golf and Charlie, sending you 6
2024-10-15 04:39:47.881650 Sierra: Sending you each 3
2024-10-15 04:39:47.884670 Golf: Yankee, sending you 7
2024-10-15 04:39:47.885968 Victor: Mike, Romeo, X-ray and Sierra, sending you 4
2024-10-15 04:39:47.887667 Charlie: Same as last round
2024-10-15 04:39:47.888677 Golf: Charlie, sending you 5
2024-10-15 04:39:47.890663 Victor: November, sending you 3
chatterbot Mike submitting transactions
chatterbot Yankee submitting transactions
chatterbot Golf submitting transactions
chatterbot X-ray submitting transactions
chatterbot Victor submitting transactions
chatterbot November submitting transactions
chatterbot Sierra submitting transactions
chatterbot Romeo submitting transactions
chatterbot Quebec submitting transactions
chatterbot Charlie submitting transactions
ChatterBot Quebec round 17
ChatterBot Mike round 17
ChatterBot Golf round 17
ChatterBot Romeo round 17
ChatterBot November round 17
ChatterBot X-ray round 17
ChatterBot Yankee round 17
ChatterBot Victor round 17
ChatterBot Sierra round 17
ChatterBot Charlie round 17
2024-10-15 04:39:49.189890 Romeo: Mike, November and Sierra, sending you 3
2024-10-15 04:39:49.193989 November: Same as last round
2024-10-15 04:39:49.197669 Romeo: X-ray and Victor, sending you 4
2024-10-15 04:39:49.200600 Mike: Romeo and Sierra, sending you 3
2024-10-15 04:39:49.203129 Victor: Mike, Romeo, X-ray and Sierra, sending you 4
