ChatterBot Sierra round 1
ChatterBot Kilo round 1
ChatterBot Uniform round 1
ChatterBot Victor round 1
ChatterBot Delta round 1
ChatterBot Lima round 1
ChatterBot Mike round 1
randomSelections Uniform: {Uniform, Sierra, Kilo, Victor, Quebec, Tango} 
2024-10-15 04:39:27.944835 Uniform: Friends?
ChatterBot Sierra reevaluating
ChatterBot Kilo reevaluating
ChatterBot Victor reevaluating
2024-10-15 04:39:27.957244 Sierra: Yes
2024-10-15 04:39:27.957471 Kilo: Yes
2024-10-15 04:39:27.957675 Victor: Yes
ChatterBot Kilo reevaluating
ChatterBot Victor reevaluating
ChatterBot Sierra reevaluating
ChatterBot Victor reevaluating
ChatterBot Sierra reevaluating
ChatterBot Kilo reevaluating
randomSelections Delta: {Delta, Mike, Tango, Kilo, Victor, Oscar} 
2024-10-15 04:39:27.985857 Delta: We would work well together
ChatterBot Mike reevaluating
ChatterBot Kilo reevaluating
ChatterBot Victor reevaluating
2024-10-15 04:39:27.994787 Mike: Yes
2024-10-15 04:39:27.994988 Kilo: No
2024-10-15 04:39:27.996046 Victor: No
ChatterBot Kilo reevaluating
ChatterBot Victor reevaluating
ChatterBot Mike reevaluating
ChatterBot Victor reevaluating
ChatterBot Mike reevaluating
ChatterBot Kilo reevaluating
ChatterBot Tango round 1
ChatterBot Tango reevaluating
ChatterBot Tango reevaluating
ChatterBot Tango reevaluating
ChatterBot Tango reevaluating
ChatterBot Tango reevaluating
ChatterBot Tango reevaluating
ChatterBot Tango reevaluating
ChatterBot Tango reevaluating
2024-10-15 04:39:28.025639 Tango: Yes
2024-10-15 04:39:28.025805 Tango: No
ChatterBot Sierra reevaluating
ChatterBot Kilo reevaluating
ChatterBot Victor reevaluating
ChatterBot Mike reevaluating
ChatterBot Kilo reevaluating
ChatterBot Victor reevaluating
ChatterBot Quebec round 1
ChatterBot Quebec reevaluating
ChatterBot Quebec reevaluating
ChatterBot Quebec reevaluating
ChatterBot Quebec reevaluating
ChatterBot Quebec reevaluating
2024-10-15 04:39:28.046571 Quebec: Yes
ChatterBot Sierra reevaluating
ChatterBot Kilo reevaluating
ChatterBot Victor reevaluating
ChatterBot Tango reevaluating
ChatterBot Oscar round 1
ChatterBot Oscar reevaluating
ChatterBot Oscar reevaluating
ChatterBot Oscar reevaluating
ChatterBot Oscar reevaluating
ChatterBot Oscar reevaluating
2024-10-15 04:39:28.066023 Oscar: Yes
ChatterBot Mike reevaluating
ChatterBot Tango reevaluating
ChatterBot Kilo reevaluating
ChatterBot Victor reevaluating
randomSelections Lima: {Lima, Delta, Uniform, Sierra, Mike, Quebec} 
2024-10-15 04:39:28.079840 Lima: Can we be friends?
ChatterBot Sierra reevaluating
ChatterBot Mike reevaluating
ChatterBot Quebec reevaluating
2024-10-15 04:39:28.111510 Delta: No
2024-10-15 04:39:28.114368 Uniform: No
2024-10-15 04:39:28.114594 Sierra: No
2024-10-15 04:39:28.114735 Mike: No
2024-10-15 04:39:28.114847 Quebec: No
ChatterBot Sierra reevaluating
ChatterBot Mike reevaluating
ChatterBot Quebec reevaluating
ChatterBot Sierra reevaluating
ChatterBot Mike reevaluating
ChatterBot Quebec reevaluating
ChatterBot Mike reevaluating
ChatterBot Quebec reevaluating
ChatterBot Sierra reevaluating
ChatterBot Quebec reevaluating
ChatterBot Sierra reevaluating
ChatterBot Mike reevaluating
2024-10-15 04:39:28.272683 Uniform: Sierra and Victor, sending you 2
2024-10-15 04:39:28.278204 Uniform: Kilo, sending you 7
2024-10-15 04:39:28.279676 Delta: Kilo, sending you 5
2024-10-15 04:39:28.280798 Lima: Uniform and Delta, sending you 1
2024-10-15 04:39:28.281294 Sierra: Kilo and Uniform, sending you 4
2024-10-15 04:39:28.282741 Uniform: Tango, sending you 1
2024-10-15 04:39:28.283661 Kilo: Sierra and Quebec, sending you 3
2024-10-15 04:39:28.285675 Delta: Victor, sending you 2
2024-10-15 04:39:28.286033 Sierra: Victor, sending you 2
2024-10-15 04:39:28.287668 Uniform: Quebec, sending you 4
2024-10-15 04:39:28.288662 Kilo: Uniform, sending you 1
2024-10-15 04:39:28.289996 Tango: Sierra and Quebec, sending you 4
2024-10-15 04:39:28.290573 Victor: Kilo and Tango, sending you 1
2024-10-15 04:39:28.290986 Mike: Kilo, sending you 2
2024-10-15 04:39:28.292034 Delta: Mike and Tango, sending you 3
2024-10-15 04:39:28.292439 Sierra: Tango, sending you 5
2024-10-15 04:39:28.293065 Kilo: Victor, sending you 6
2024-10-15 04:39:28.293545 Tango: Kilo and Victor, sending you 2
2024-10-15 04:39:28.294713 Mike: Victor, Delta and Tango, sending you 4
2024-10-15 04:39:28.295722 Delta: Oscar, sending you 6
2024-10-15 04:39:28.296275 Kilo: Tango, sending you 4
2024-10-15 04:39:28.297326 Sierra: Quebec, sending you 3
2024-10-15 04:39:28.298057 Tango: Uniform, sending you 6
2024-10-15 04:39:28.298907 Quebec: Sierra, sending you 4
2024-10-15 04:39:28.300049 Mike: Oscar, sending you 1
2024-10-15 04:39:28.302203 Oscar: Kilo, sending you 1
2024-10-15 04:39:28.303037 Quebec: Uniform, sending you 5
2024-10-15 04:39:28.307673 Oscar: Victor, sending you 3
2024-10-15 04:39:28.308976 Quebec: Tango, sending you 7
2024-10-15 04:39:28.313686 Oscar: Delta, Mike and Tango, sending you 2
chatterbot Uniform submitting transactions
chatterbot Lima submitting transactions
chatterbot Victor submitting transactions
chatterbot Tango submitting transactions
chatterbot Delta submitting transactions
chatterbot Quebec submitting transactions
chatterbot Sierra submitting transactions
chatterbot Kilo submitting transactions
chatterbot Mike submitting transactions
chatterbot Oscar submitting transactions
ChatterBot Sierra round 2
ChatterBot Kilo round 2
ChatterBot Uniform round 2
ChatterBot Victor round 2
ChatterBot Delta round 2
ChatterBot Lima round 2
ChatterBot Mike round 2
ChatterBot Tango round 2
ChatterBot Quebec round 2
ChatterBot Oscar round 2
2024-10-15 04:39:30.194426 Kilo: Can we be friends?
ChatterBot Tango reevaluating
ChatterBot Quebec reevaluating
ChatterBot Delta reevaluating
ChatterBot Mike reevaluating
ChatterBot Oscar reevaluating
2024-10-15 04:39:30.231604 Sierra: No
2024-10-15 04:39:30.232472 Uniform: No
2024-10-15 04:39:30.232748 Tango: Yes
2024-10-15 04:39:30.233004 Quebec: No
2024-10-15 04:39:30.233262 Victor: No
2024-10-15 04:39:30.233994 Delta: No
2024-10-15 04:39:30.234346 Mike: No
2024-10-15 04:39:30.234608 Oscar: No
ChatterBot Tango reevaluating
ChatterBot Quebec reevaluating
ChatterBot Delta reevaluating
ChatterBot Mike reevaluating
ChatterBot Oscar reevaluating
ChatterBot Tango reevaluating
ChatterBot Quebec reevaluating
ChatterBot Delta reevaluating
ChatterBot Mike reevaluating
ChatterBot Oscar reevaluating
ChatterBot Quebec reevaluating
ChatterBot Delta reevaluating
ChatterBot Mike reevaluating
ChatterBot Oscar reevaluating
ChatterBot Tango reevaluating
ChatterBot Delta reevaluating
ChatterBot Mike reevaluating
ChatterBot Oscar reevaluating
ChatterBot Tango reevaluating
ChatterBot Quebec reevaluating
ChatterBot Delta reevaluating
ChatterBot Mike reevaluating
ChatterBot Oscar reevaluating
ChatterBot Tango reevaluating
ChatterBot Quebec reevaluating
ChatterBot Mike reevaluating
ChatterBot Oscar reevaluating
ChatterBot Sierra reevaluating
ChatterBot Tango reevaluating
ChatterBot Quebec reevaluating
ChatterBot Delta reevaluating
ChatterBot Oscar reevaluating
ChatterBot Sierra reevaluating
ChatterBot Tango reevaluating
ChatterBot Quebec reevaluating
ChatterBot Delta reevaluating
ChatterBot Mike reevaluating
2024-10-15 04:39:30.497123 Delta: We should drop Tango
ChatterBot Mike reevaluating
2024-10-15 04:39:30.511061 Victor: No
2024-10-15 04:39:30.511426 Mike: Yes
2024-10-15 04:39:30.511692 Oscar: Yes
2024-10-15 04:39:30.512375 Kilo: No
ChatterBot Delta reevaluating
ChatterBot Mike reevaluating
ChatterBot Delta reevaluating
ChatterBot Delta reevaluating
ChatterBot Mike reevaluating
ChatterBot Delta reevaluating
ChatterBot Mike reevaluating
2024-10-15 04:39:30.596298 Sierra: We should drop Victor
2024-10-15 04:39:30.618865 Kilo: No
2024-10-15 04:39:30.619077 Uniform: No
2024-10-15 04:39:30.619250 Tango: No
2024-10-15 04:39:30.619414 Quebec: No
ChatterBot Sierra reevaluating
ChatterBot Uniform reevaluating
ChatterBot Sierra reevaluating
ChatterBot Quebec reevaluating
ChatterBot Sierra reevaluating
ChatterBot Uniform reevaluating
ChatterBot Quebec reevaluating
ChatterBot Sierra reevaluating
ChatterBot Kilo reevaluating
ChatterBot Uniform reevaluating
chatterbot Victor submitting transactions
chatterbot Uniform submitting transactions
2024-10-15 04:39:30.744294 Tango: Sierra, Kilo and Mike, sending you 3
2024-10-15 04:39:30.744740 Victor: Kilo, sending you 2
2024-10-15 04:39:30.745169 Oscar: Delta, sending you 6
2024-10-15 04:39:30.802644 Tango: Uniform, sending you 1
2024-10-15 04:39:30.803553 Delta: Victor, sending you 2
2024-10-15 04:39:30.803895 Oscar: Mike, sending you 4
2024-10-15 04:39:30.847882 Tango: Delta and Oscar, sending you 2
2024-10-15 04:39:30.848834 Kilo: Sierra, sending you 4
2024-10-15 04:39:30.849146 Quebec: Sierra, Kilo, Uniform and Tango, sending you 4
2024-10-15 04:39:30.849465 Mike: Kilo and Victor, sending you 1
2024-10-15 04:39:30.849742 Delta: Lima, sending you 3
2024-10-15 04:39:30.850457 Uniform: Sierra and Quebec, sending you 4
2024-10-15 04:39:30.896520 Tango: Quebec, sending you 4
2024-10-15 04:39:30.897571 Quebec: Victor, sending you 3
2024-10-15 04:39:30.897920 Delta: Mike, sending you 9
2024-10-15 04:39:30.898215 Kilo: Uniform, sending you 7
2024-10-15 04:39:30.898527 Mike: Delta and Oscar, sending you 4
2024-10-15 04:39:30.899437 Uniform: Kilo, sending you 3
2024-10-15 04:39:30.899729 Sierra: Kilo, sending you 4
2024-10-15 04:39:30.910569 Delta: Oscar, sending you 5
2024-10-15 04:39:30.911738 Kilo: Victor, sending you 2
2024-10-15 04:39:30.912262 Uniform: Tango, sending you 5
2024-10-15 04:39:30.912798 Sierra: Uniform, sending you 3
2024-10-15 04:39:30.919902 Kilo: Tango, sending you 3
2024-10-15 04:39:30.920303 Sierra: Tango, sending you 6
2024-10-15 04:39:30.925392 Kilo: Quebec, sending you 1
2024-10-15 04:39:30.926530 Sierra: Quebec, sending you 5
chatterbot Kilo submitting transactions
chatterbot Oscar submitting transactions
chatterbot Tango submitting transactions
chatterbot Mike submitting transactions
chatterbot Kilo submitting transactions
chatterbot Quebec submitting transactions
chatterbot Delta submitting transactions
chatterbot Uniform submitting transactions
chatterbot Lima submitting transactions
chatterbot Sierra submitting transactions
ChatterBot Sierra round 3
ChatterBot Kilo round 3
ChatterBot Uniform round 3
ChatterBot Victor round 3
ChatterBot Delta round 3
ChatterBot Lima round 3
ChatterBot Mike round 3
ChatterBot Tango round 3
ChatterBot Quebec round 3
ChatterBot Oscar round 3
2024-10-15 04:39:32.187293 Mike: Group up?
ChatterBot Lima reevaluating
2024-10-15 04:39:32.200227 Delta: Yes
2024-10-15 04:39:32.200365 Oscar: No
2024-10-15 04:39:32.200478 Lima: Yes
ChatterBot Lima reevaluating
ChatterBot Lima reevaluating
ChatterBot Oscar reevaluating
2024-10-15 04:39:32.239350 Oscar: We should add Lima
2024-10-15 04:39:32.247404 Delta: Yes
2024-10-15 04:39:32.248037 Mike: Yes
ChatterBot Oscar reevaluating
ChatterBot Oscar reevaluating
2024-10-15 04:39:32.275251 Delta: We should drop Victor
ChatterBot Oscar reevaluating
ChatterBot Lima reevaluating
2024-10-15 04:39:32.287757 Mike: Yes
2024-10-15 04:39:32.287872 Oscar: Yes
2024-10-15 04:39:32.287964 Lima: Yes
ChatterBot Oscar reevaluating
ChatterBot Lima reevaluating
ChatterBot Lima reevaluating
ChatterBot Oscar reevaluating
2024-10-15 04:39:32.378929 Oscar: Lima we want you to join our group
2024-10-15 04:39:32.385366 Lima: Yes
ChatterBot Oscar reevaluating
2024-10-15 04:39:32.407324 Quebec: Sierra, Uniform and Tango, sending you 5
2024-10-15 04:39:32.408309 Kilo: Sierra, sending you 4
2024-10-15 04:39:32.408758 Sierra: Kilo, Tango and Quebec, sending you 5
2024-10-15 04:39:32.453719 Quebec: Kilo, sending you 4
2024-10-15 04:39:32.454874 Kilo: Uniform, sending you 5
2024-10-15 04:39:32.455477 Tango: Sierra and Quebec, sending you 5
2024-10-15 04:39:32.456437 Sierra: Uniform, sending you 3
2024-10-15 04:39:32.456938 Mike: Delta, sending you 3
2024-10-15 04:39:32.457396 Victor: Kilo, sending you 2
2024-10-15 04:39:32.458487 Delta: Lima, sending you 3
2024-10-15 04:39:32.458882 Uniform: Sending you each 4
2024-10-15 04:39:32.459856 Kilo: Victor, sending you 2
2024-10-15 04:39:32.460395 Mike: Lima, sending you 2
2024-10-15 04:39:32.461514 Tango: Kilo and Uniform, sending you 4
2024-10-15 04:39:32.462229 Delta: Mike and Oscar, sending you 8
2024-10-15 04:39:32.462657 Kilo: Tango and Quebec, sending you 3
2024-10-15 04:39:32.469312 Lima: Delta, sending you 2
2024-10-15 04:39:32.469793 Mike: Oscar, sending you 4
2024-10-15 04:39:32.485871 Oscar: Delta, sending you 4
2024-10-15 04:39:32.489968 Oscar: Lima and Mike, sending you 3
chatterbot Sierra submitting transactions
chatterbot Delta submitting transactions
chatterbot Victor submitting transactions
chatterbot Uniform submitting transactions
chatterbot Kilo submitting transactions
chatterbot Oscar submitting transactions
chatterbot Quebec submitting transactions
chatterbot Tango submitting transactions
chatterbot Mike submitting transactions
chatterbot Lima submitting transactions
ChatterBot Sierra round 4
ChatterBot Kilo round 4
ChatterBot Uniform round 4
ChatterBot Victor round 4
ChatterBot Delta round 4
ChatterBot Lima round 4
ChatterBot Mike round 4
ChatterBot Tango round 4
ChatterBot Quebec round 4
ChatterBot Oscar round 4
2024-10-15 04:39:33.654341 Kilo: Sierra and Uniform, sending you 4
2024-10-15 04:39:33.663843 Victor: Kilo, sending you 2
2024-10-15 04:39:33.665205 Kilo: Victor, Tango and Quebec, sending you 3
2024-10-15 04:39:33.666031 Uniform: Same as last round
2024-10-15 04:39:33.667041 Sierra: Kilo and Uniform, sending you 4
2024-10-15 04:39:33.667662 Delta: Lima, sending you 4
2024-10-15 04:39:33.690962 Tango: Sierra and Quebec, sending you 5
2024-10-15 04:39:33.691571 Sierra: Tango and Quebec, sending you 5
2024-10-15 04:39:33.692571 Delta: Mike, sending you 7
2024-10-15 04:39:33.692957 Lima: Delta and Oscar, sending you 1
2024-10-15 04:39:33.693442 Mike: Delta, sending you 3
2024-10-15 04:39:33.695746 Tango: Kilo and Uniform, sending you 4
2024-10-15 04:39:33.697371 Delta: Oscar, sending you 8
2024-10-15 04:39:33.697893 Mike: Lima, sending you 2
2024-10-15 04:39:33.698365 Oscar: Delta, sending you 4
2024-10-15 04:39:33.699536 Quebec: Sierra, Uniform and Tango, sending you 5
2024-10-15 04:39:33.702772 Mike: Oscar, sending you 4
2024-10-15 04:39:33.703915 Quebec: Kilo, sending you 4
2024-10-15 04:39:33.704539 Oscar: Lima and Mike, sending you 3
chatterbot Mike submitting transactions
chatterbot Oscar submitting transactions
chatterbot Tango submitting transactions
chatterbot Uniform submitting transactions
chatterbot Victor submitting transactions
chatterbot Quebec submitting transactions
chatterbot Lima submitting transactions
chatterbot Kilo submitting transactions
chatterbot Delta submitting transactions
chatterbot Sierra submitting transactions
ChatterBot Sierra round 5
ChatterBot Kilo round 5
ChatterBot Uniform round 5
ChatterBot Victor round 5
ChatterBot Delta round 5
ChatterBot Lima round 5
ChatterBot Mike round 5
ChatterBot Tango round 5
ChatterBot Quebec round 5
ChatterBot Oscar round 5
2024-10-15 04:39:34.894687 Victor: Kilo, sending you 2
2024-10-15 04:39:34.902686 Kilo: Sierra, Uniform and Tango, sending you 4
2024-10-15 04:39:34.907566 Sierra: Kilo and Uniform, sending you 4
2024-10-15 04:39:34.910400 Kilo: Victor, sending you 2
2024-10-15 04:39:34.912896 Quebec: Sierra, Uniform and Tango, sending you 5
2024-10-15 04:39:34.916602 Tango: Sierra and Quebec, sending you 5
2024-10-15 04:39:34.919726 Lima: Delta and Oscar, sending you 1
2024-10-15 04:39:34.925232 Uniform: Same as last round
2024-10-15 04:39:34.928459 Oscar: Delta, sending you 4
2024-10-15 04:39:34.931142 Sierra: Tango and Quebec, sending you 5
2024-10-15 04:39:34.932474 Delta: Lima, sending you 4
2024-10-15 04:39:34.934119 Mike: Delta, sending you 3
2024-10-15 04:39:34.935111 Kilo: Quebec, sending you 3
2024-10-15 04:39:34.937533 Quebec: Kilo, sending you 4
2024-10-15 04:39:34.940267 Tango: Kilo and Uniform, sending you 4
2024-10-15 04:39:34.941461 Oscar: Lima and Mike, sending you 3
2024-10-15 04:39:34.943897 Delta: Mike, sending you 7
2024-10-15 04:39:34.946289 Mike: Lima, sending you 2
2024-10-15 04:39:34.950687 Delta: Oscar, sending you 8
2024-10-15 04:39:34.953133 Mike: Oscar, sending you 4
chatterbot Sierra submitting transactions
chatterbot Oscar submitting transactions
chatterbot Lima submitting transactions
chatterbot Tango submitting transactions
chatterbot Kilo submitting transactions
chatterbot Uniform submitting transactions
chatterbot Victor submitting transactions
chatterbot Delta submitting transactions
chatterbot Quebec submitting transactions
chatterbot Mike submitting transactions
ChatterBot Sierra round 6
ChatterBot Kilo round 6
ChatterBot Uniform round 6
ChatterBot Victor round 6
ChatterBot Delta round 6
ChatterBot Lima round 6
ChatterBot Mike round 6
ChatterBot Tango round 6
ChatterBot Quebec round 6
ChatterBot Oscar round 6
2024-10-15 04:39:36.130539 Lima: We should add Victor
2024-10-15 04:39:36.141784 Mike: No
2024-10-15 04:39:36.142090 Delta: No
2024-10-15 04:39:36.142358 Oscar: No
ChatterBot Lima reevaluating
ChatterBot Lima reevaluating
ChatterBot Lima reevaluating
2024-10-15 04:39:36.194453 Tango: We should add Victor
2024-10-15 04:39:36.203972 Sierra: No
2024-10-15 04:39:36.204155 Kilo: Yes
2024-10-15 04:39:36.204274 Uniform: No
2024-10-15 04:39:36.205096 Quebec: No
ChatterBot Tango reevaluating
ChatterBot Tango reevaluating
2024-10-15 04:39:36.272717 Victor: Kilo, sending you 2
2024-10-15 04:39:36.274671 Sierra: Kilo and Uniform, sending you 4
2024-10-15 04:39:36.275721 Kilo: Sierra, Uniform and Tango, sending you 4
2024-10-15 04:39:36.276181 Uniform: Same as last round
2024-10-15 04:39:36.276706 Delta: Lima, sending you 4
2024-10-15 04:39:36.278749 Sierra: Tango and Quebec, sending you 5
2024-10-15 04:39:36.279393 Mike: Delta, sending you 3
2024-10-15 04:39:36.279829 Delta: Mike, sending you 7
2024-10-15 04:39:36.280695 Kilo: Victor, sending you 2
2024-10-15 04:39:36.284691 Mike: Oscar, sending you 4
2024-10-15 04:39:36.285058 Delta: Oscar, sending you 8
2024-10-15 04:39:36.285384 Kilo: Quebec, sending you 3
2024-10-15 04:39:36.286251 Tango: Sierra and Quebec, sending you 5
2024-10-15 04:39:36.286719 Oscar: Delta, sending you 4
2024-10-15 04:39:36.288670 Quebec: Sierra, Uniform and Tango, sending you 5
2024-10-15 04:39:36.290178 Oscar: Lima and Mike, sending you 3
2024-10-15 04:39:36.290916 Tango: Kilo and Uniform, sending you 4
2024-10-15 04:39:36.291701 Lima: Delta and Oscar, sending you 1
2024-10-15 04:39:36.293651 Quebec: Kilo, sending you 4
chatterbot Victor submitting transactions
chatterbot Sierra submitting transactions
chatterbot Lima submitting transactions
chatterbot Uniform submitting transactions
chatterbot Tango submitting transactions
chatterbot Kilo submitting transactions
chatterbot Delta submitting transactions
chatterbot Mike submitting transactions
chatterbot Quebec submitting transactions
chatterbot Oscar submitting transactions
ChatterBot Sierra round 7
ChatterBot Kilo round 7
ChatterBot Uniform round 7
ChatterBot Victor round 7
ChatterBot Delta round 7
ChatterBot Lima round 7
ChatterBot Mike round 7
ChatterBot Tango round 7
ChatterBot Quebec round 7
ChatterBot Oscar round 7
2024-10-15 04:39:37.379443 Tango: We should add Victor
2024-10-15 04:39:37.390154 Sierra: No
2024-10-15 04:39:37.390451 Kilo: Yes
2024-10-15 04:39:37.390646 Uniform: No
2024-10-15 04:39:37.390916 Quebec: No
ChatterBot Tango reevaluating
ChatterBot Tango reevaluating
ChatterBot Tango reevaluating
ChatterBot Tango reevaluating
2024-10-15 04:39:37.453696 Sierra: Kilo and Uniform, sending you 4
2024-10-15 04:39:37.456939 Tango: Victor we want you to join our group
2024-10-15 04:39:37.467499 Victor: Yes
ChatterBot Uniform reevaluating
ChatterBot Sierra reevaluating
ChatterBot Tango reevaluating
2024-10-15 04:39:37.498354 Victor: Kilo, sending you 2
2024-10-15 04:39:37.500967 Mike: Delta, sending you 3
2024-10-15 04:39:37.503045 Kilo: Sierra, Uniform and Tango, sending you 4
2024-10-15 04:39:37.504672 Lima: Delta and Oscar, sending you 1
2024-10-15 04:39:37.506273 Delta: Lima, sending you 4
2024-10-15 04:39:37.506806 Mike: Oscar, sending you 4
2024-10-15 04:39:37.507379 Kilo: Victor, sending you 2
2024-10-15 04:39:37.509696 Delta: Mike, sending you 7
2024-10-15 04:39:37.512686 Oscar: Delta, sending you 4
2024-10-15 04:39:37.514067 Kilo: Quebec, sending you 3
2024-10-15 04:39:37.516069 Delta: Oscar, sending you 8
2024-10-15 04:39:37.516516 Sierra: Kilo, Uniform and Quebec, sending you 4
2024-10-15 04:39:37.517710 Oscar: Lima and Mike, sending you 3
2024-10-15 04:39:37.518930 Uniform: Sierra and Tango, sending you 3
2024-10-15 04:39:37.519684 Quebec: Sending you each 5
2024-10-15 04:39:37.521217 Sierra: Victor, sending you 1
2024-10-15 04:39:37.522935 Uniform: Kilo and Quebec, sending you 4
2024-10-15 04:39:37.527672 Uniform: Victor, sending you 2
2024-10-15 04:39:37.528358 Tango: Sierra, sending you 5
2024-10-15 04:39:37.534668 Tango: Kilo, Uniform and Quebec, sending you 4
2024-10-15 04:39:37.537683 Tango: Victor, sending you 1
chatterbot Uniform submitting transactions
chatterbot Kilo submitting transactions
chatterbot Delta submitting transactions
chatterbot Lima submitting transactions
chatterbot Tango submitting transactions
chatterbot Quebec submitting transactions
chatterbot Sierra submitting transactions
chatterbot Victor submitting transactions
chatterbot Oscar submitting transactions
chatterbot Mike submitting transactions
ChatterBot Sierra round 8
ChatterBot Kilo round 8
ChatterBot Uniform round 8
ChatterBot Victor round 8
ChatterBot Delta round 8
ChatterBot Lima round 8
ChatterBot Mike round 8
ChatterBot Tango round 8
ChatterBot Quebec round 8
ChatterBot Oscar round 8
2024-10-15 04:39:38.680276 Lima: We should add Victor
2024-10-15 04:39:38.690795 Mike: No
2024-10-15 04:39:38.690971 Delta: No
2024-10-15 04:39:38.691642 Oscar: No
ChatterBot Lima reevaluating
ChatterBot Lima reevaluating
ChatterBot Lima reevaluating
2024-10-15 04:39:38.721393 Sierra: We should drop Victor
ChatterBot Uniform reevaluating
2024-10-15 04:39:38.731151 Kilo: No
2024-10-15 04:39:38.731344 Uniform: Yes
2024-10-15 04:39:38.731511 Tango: No
2024-10-15 04:39:38.731648 Quebec: Yes
ChatterBot Uniform reevaluating
ChatterBot Sierra reevaluating
ChatterBot Quebec reevaluating
ChatterBot Sierra reevaluating
ChatterBot Uniform reevaluating
ChatterBot Quebec reevaluating
ChatterBot Sierra reevaluating
ChatterBot Uniform reevaluating
ChatterBot Tango reevaluating
2024-10-15 04:39:38.800864 Delta: Lima, sending you 4
2024-10-15 04:39:38.805663 Lima: Victor we want you to join our group
2024-10-15 04:39:38.809456 Victor: No
ChatterBot Lima reevaluating
2024-10-15 04:39:38.825050 Delta: Mike, sending you 7
2024-10-15 04:39:38.825541 Victor: Kilo, sending you 2
2024-10-15 04:39:38.828650 Delta: Oscar, sending you 8
2024-10-15 04:39:38.828978 Sierra: Kilo, Uniform and Quebec, sending you 4
2024-10-15 04:39:38.829371 Oscar: Delta, sending you 4
2024-10-15 04:39:38.829690 Kilo: Sierra, Uniform, Tango and Quebec, sending you 4
2024-10-15 04:39:38.830131 Uniform: Sierra and Tango, sending you 3
2024-10-15 04:39:38.831264 Mike: Delta, sending you 2
2024-10-15 04:39:38.831590 Quebec: Same as last round
2024-10-15 04:39:38.831939 Tango: Sierra, sending you 5
2024-10-15 04:39:38.832293 Sierra: Victor, sending you 1
2024-10-15 04:39:38.832703 Oscar: Lima and Mike, sending you 3
2024-10-15 04:39:38.834110 Uniform: Kilo and Quebec, sending you 4
2024-10-15 04:39:38.834584 Mike: Oscar, sending you 4
2024-10-15 04:39:38.835322 Kilo: Victor, sending you 1
2024-10-15 04:39:38.836305 Tango: Kilo, Uniform and Quebec, sending you 4
2024-10-15 04:39:38.837582 Sierra: Tango, sending you 5
2024-10-15 04:39:38.838686 Uniform: Victor, sending you 2
2024-10-15 04:39:38.840050 Tango: Victor, sending you 1
2024-10-15 04:39:38.847656 Lima: Delta and Oscar, sending you 1
chatterbot Delta submitting transactions
chatterbot Mike submitting transactions
chatterbot Quebec submitting transactions
chatterbot Uniform submitting transactions
chatterbot Sierra submitting transactions
chatterbot Lima submitting transactions
chatterbot Oscar submitting transactions
chatterbot Victor submitting transactions
chatterbot Kilo submitting transactions
chatterbot Tango submitting transactions
ChatterBot Sierra round 9
ChatterBot Kilo round 9
ChatterBot Uniform round 9
ChatterBot Victor round 9
ChatterBot Delta round 9
ChatterBot Lima round 9
ChatterBot Mike round 9
ChatterBot Tango round 9
ChatterBot Quebec round 9
ChatterBot Oscar round 9
2024-10-15 04:39:39.951671 Tango: Sierra, sending you 5
2024-10-15 04:39:39.953721 Uniform: Sierra and Tango, sending you 3
2024-10-15 04:39:39.955591 Delta: Lima, sending you 4
2024-10-15 04:39:39.957464 Sierra: Kilo, Uniform and Quebec, sending you 4
2024-10-15 04:39:39.958828 Victor: Kilo, sending you 2
2024-10-15 04:39:39.960862 Tango: Kilo, Uniform and Quebec, sending you 4
2024-10-15 04:39:39.963324 Lima: Delta and Oscar, sending you 1
2024-10-15 04:39:39.964938 Uniform: Kilo and Quebec, sending you 4
2024-10-15 04:39:39.966639 Delta: Mike, sending you 6
2024-10-15 04:39:39.967988 Mike: Delta, sending you 2
2024-10-15 04:39:39.969718 Kilo: Sierra, Uniform, Tango and Quebec, sending you 4
2024-10-15 04:39:39.972084 Sierra: Victor, sending you 1
2024-10-15 04:39:39.973946 Quebec: Same as last round
2024-10-15 04:39:39.974975 Tango: Victor, sending you 1
2024-10-15 04:39:39.977307 Delta: Oscar, sending you 9
2024-10-15 04:39:39.979831 Uniform: Victor, sending you 2
2024-10-15 04:39:39.981387 Mike: Oscar, sending you 4
2024-10-15 04:39:39.982262 Kilo: Victor, sending you 1
2024-10-15 04:39:39.984242 Sierra: Tango, sending you 5
2024-10-15 04:39:39.985962 Oscar: Delta, sending you 4
2024-10-15 04:39:39.989823 Oscar: Lima and Mike, sending you 3
chatterbot Sierra submitting transactions
chatterbot Delta submitting transactions
chatterbot Kilo submitting transactions
chatterbot Lima submitting transactions
chatterbot Tango submitting transactions
chatterbot Victor submitting transactions
chatterbot Oscar submitting transactions
chatterbot Uniform submitting transactions
chatterbot Mike submitting transactions
chatterbot Quebec submitting transactions
ChatterBot Sierra round 10
ChatterBot Kilo round 10
ChatterBot Uniform round 10
ChatterBot Victor round 10
ChatterBot Delta round 10
ChatterBot Lima round 10
ChatterBot Mike round 10
ChatterBot Tango round 10
ChatterBot Quebec round 10
ChatterBot Oscar round 10
2024-10-15 04:39:41.088697 Mike: Delta, sending you 2
2024-10-15 04:39:41.089478 Quebec: Same as last round
2024-10-15 04:39:41.091073 Delta: Lima, sending you 4
2024-10-15 04:39:41.091779 Kilo: Sierra, Uniform, Tango and Quebec, sending you 4
2024-10-15 04:39:41.092693 Sierra: Kilo, Uniform and Quebec, sending you 4
2024-10-15 04:39:41.093483 Tango: Sierra and Quebec, sending you 5
2024-10-15 04:39:41.094309 Mike: Oscar, sending you 4
2024-10-15 04:39:41.097289 Delta: Mike, sending you 6
2024-10-15 04:39:41.097840 Kilo: Victor, sending you 1
2024-10-15 04:39:41.098477 Sierra: Victor, sending you 1
2024-10-15 04:39:41.099078 Tango: Kilo and Uniform, sending you 4
2024-10-15 04:39:41.099676 Uniform: Sierra and Tango, sending you 3
2024-10-15 04:39:41.100305 Oscar: Delta, sending you 4
2024-10-15 04:39:41.102911 Delta: Oscar, sending you 9
2024-10-15 04:39:41.103494 Sierra: Tango, sending you 5
2024-10-15 04:39:41.104169 Uniform: Kilo and Quebec, sending you 4
2024-10-15 04:39:41.104721 Oscar: Lima and Mike, sending you 3
2024-10-15 04:39:41.108672 Uniform: Victor, sending you 2
chatterbot Uniform submitting transactions
chatterbot Kilo submitting transactions
chatterbot Delta submitting transactions
chatterbot Oscar submitting transactions
chatterbot Sierra submitting transactions
chatterbot Tango submitting transactions
chatterbot Lima submitting transactions
chatterbot Quebec submitting transactions
chatterbot Victor submitting transactions
chatterbot Mike submitting transactions
ChatterBot Sierra round 11
ChatterBot Kilo round 11
ChatterBot Uniform round 11
ChatterBot Victor round 11
2024-10-15 04:39:42.309466 Uniform: We should replace Victor with Delta
ChatterBot Sierra reevaluating
ChatterBot Tango reevaluating
ChatterBot Quebec reevaluating
2024-10-15 04:39:42.328718 Sierra: No
2024-10-15 04:39:42.328962 Kilo: No
2024-10-15 04:39:42.329176 Tango: No
2024-10-15 04:39:42.329385 Quebec: No
ChatterBot Uniform reevaluating
ChatterBot Tango reevaluating
ChatterBot Quebec reevaluating
ChatterBot Sierra reevaluating
ChatterBot Uniform reevaluating
ChatterBot Tango reevaluating
ChatterBot Quebec reevaluating
ChatterBot Sierra reevaluating
ChatterBot Uniform reevaluating
ChatterBot Quebec reevaluating
ChatterBot Sierra reevaluating
ChatterBot Uniform reevaluating
ChatterBot Tango reevaluating
2024-10-15 04:39:42.399391 Tango: We should add Victor
ChatterBot Sierra reevaluating
ChatterBot Uniform reevaluating
ChatterBot Quebec reevaluating
2024-10-15 04:39:42.411523 Sierra: No
2024-10-15 04:39:42.411637 Kilo: Yes
2024-10-15 04:39:42.411736 Uniform: No
2024-10-15 04:39:42.411829 Quebec: Yes
ChatterBot Uniform reevaluating
ChatterBot Tango reevaluating
ChatterBot Quebec reevaluating
ChatterBot Sierra reevaluating
ChatterBot Uniform reevaluating
ChatterBot Tango reevaluating
ChatterBot Quebec reevaluating
ChatterBot Sierra reevaluating
ChatterBot Tango reevaluating
ChatterBot Quebec reevaluating
ChatterBot Sierra reevaluating
ChatterBot Uniform reevaluating
ChatterBot Tango reevaluating
ChatterBot Delta round 11
ChatterBot Lima round 11
ChatterBot Mike round 11
ChatterBot Tango round 11
ChatterBot Quebec round 11
ChatterBot Oscar round 11
2024-10-15 04:39:42.469377 Victor: Friends?
ChatterBot Delta reevaluating
ChatterBot Mike reevaluating
ChatterBot Lima reevaluating
2024-10-15 04:39:42.482209 Delta: Yes
2024-10-15 04:39:42.482337 Mike: Yes
2024-10-15 04:39:42.482459 Oscar: No
2024-10-15 04:39:42.482557 Lima: Yes
ChatterBot Mike reevaluating
ChatterBot Lima reevaluating
ChatterBot Delta reevaluating
ChatterBot Lima reevaluating
ChatterBot Delta reevaluating
ChatterBot Mike reevaluating
ChatterBot Lima reevaluating
ChatterBot Delta reevaluating
ChatterBot Mike reevaluating
2024-10-15 04:39:42.539670 Delta: We should add Victor
2024-10-15 04:39:42.540064 Lima: We should add Victor
ChatterBot Mike reevaluating
ChatterBot Lima reevaluating
2024-10-15 04:39:42.551100 Mike: Yes
ChatterBot Mike reevaluating
ChatterBot Delta reevaluating
2024-10-15 04:39:42.560909 Oscar: No
2024-10-15 04:39:42.563733 Lima: Yes
2024-10-15 04:39:42.563923 Mike: Yes
2024-10-15 04:39:42.564056 Delta: Yes
2024-10-15 04:39:42.564140 Oscar: No
ChatterBot Delta reevaluating
ChatterBot Lima reevaluating
ChatterBot Mike reevaluating
ChatterBot Delta reevaluating
ChatterBot Lima reevaluating
ChatterBot Mike reevaluating
ChatterBot Delta reevaluating
ChatterBot Delta reevaluating
ChatterBot Lima reevaluating
ChatterBot Mike reevaluating
ChatterBot Lima reevaluating
ChatterBot Mike reevaluating
ChatterBot Delta reevaluating
ChatterBot Lima reevaluating
2024-10-15 04:39:42.639693 Tango: We should add Oscar
ChatterBot Sierra reevaluating
ChatterBot Uniform reevaluating
ChatterBot Quebec reevaluating
2024-10-15 04:39:42.654164 Sierra: No
2024-10-15 04:39:42.654296 Kilo: No
2024-10-15 04:39:42.654422 Uniform: Yes
2024-10-15 04:39:42.654551 Quebec: Yes
ChatterBot Uniform reevaluating
ChatterBot Tango reevaluating
ChatterBot Quebec reevaluating
ChatterBot Sierra reevaluating
ChatterBot Uniform reevaluating
ChatterBot Tango reevaluating
ChatterBot Quebec reevaluating
ChatterBot Sierra reevaluating
ChatterBot Tango reevaluating
ChatterBot Quebec reevaluating
ChatterBot Sierra reevaluating
ChatterBot Uniform reevaluating
ChatterBot Tango reevaluating
2024-10-15 04:39:42.724232 Tango: We should add Mike
ChatterBot Uniform reevaluating
2024-10-15 04:39:42.736183 Sierra: No
2024-10-15 04:39:42.736320 Kilo: No
2024-10-15 04:39:42.736430 Uniform: Yes
2024-10-15 04:39:42.736533 Quebec: No
ChatterBot Uniform reevaluating
ChatterBot Tango reevaluating
ChatterBot Uniform reevaluating
ChatterBot Tango reevaluating
ChatterBot Sierra reevaluating
ChatterBot Tango reevaluating
ChatterBot Sierra reevaluating
ChatterBot Uniform reevaluating
ChatterBot Tango reevaluating
2024-10-15 04:39:42.792150 Mike: Victor we want you to join our group
2024-10-15 04:39:42.794995 Victor: Yes
ChatterBot Delta reevaluating
ChatterBot Oscar reevaluating
2024-10-15 04:39:42.807792 Lima: Victor we want you to join our group
2024-10-15 04:39:42.811351 Victor: Yes
ChatterBot Oscar reevaluating
2024-10-15 04:39:42.824205 Delta: Victor we want you to join our group
2024-10-15 04:39:42.827212 Victor: Yes
ChatterBot Oscar reevaluating
2024-10-15 04:39:42.840337 Kilo: Sierra, Tango and Quebec, sending you 2
2024-10-15 04:39:42.844670 Kilo: Uniform, sending you 3
2024-10-15 04:39:42.845766 Mike: Delta, sending you 2
2024-10-15 04:39:42.846669 Tango: Sierra, sending you 5
2024-10-15 04:39:42.848688 Sierra: Kilo, Uniform and Quebec, sending you 3
2024-10-15 04:39:42.849895 Oscar: Victor we want you to join our group
2024-10-15 04:39:42.855908 Victor: Yes
ChatterBot Oscar reevaluating
2024-10-15 04:39:42.875355 Mike: Oscar, sending you 4
2024-10-15 04:39:42.876192 Kilo: Victor, sending you 1
2024-10-15 04:39:42.877805 Tango: Kilo, Uniform and Quebec, sending you 4
2024-10-15 04:39:42.878243 Sierra: Tango, sending you 4
2024-10-15 04:39:42.880252 Lima: Delta and Oscar, sending you 1
2024-10-15 04:39:42.880835 Tango: Delta, sending you 1
2024-10-15 04:39:42.882911 Delta: Victor, sending you 1
2024-10-15 04:39:42.885666 Delta: Lima, sending you 3
chatterbot Kilo submitting transactions
2024-10-15 04:39:42.888657 Delta: Mike, sending you 6
2024-10-15 04:39:42.891678 Delta: Oscar, sending you 9
2024-10-15 04:39:42.916664 Oscar: Delta, sending you 4
2024-10-15 04:39:42.921683 Oscar: Lima and Mike, sending you 3
chatterbot Sierra submitting transactions
chatterbot Quebec submitting transactions
chatterbot Lima submitting transactions
chatterbot Victor submitting transactions
chatterbot Mike submitting transactions
chatterbot Delta submitting transactions
chatterbot Tango submitting transactions
chatterbot Uniform submitting transactions
chatterbot Oscar submitting transactions
ChatterBot Sierra round 12
ChatterBot Kilo round 12
ChatterBot Uniform round 12
ChatterBot Victor round 12
ChatterBot Delta round 12
ChatterBot Lima round 12
ChatterBot Mike round 12
ChatterBot Tango round 12
ChatterBot Quebec round 12
2024-10-15 04:39:44.143902 Uniform: We should replace Oscar with Delta
ChatterBot Sierra reevaluating
ChatterBot Tango reevaluating
2024-10-15 04:39:44.165033 Sierra: No
2024-10-15 04:39:44.165306 Kilo: No
2024-10-15 04:39:44.165500 Tango: No
2024-10-15 04:39:44.165676 Quebec: Yes
ChatterBot Tango reevaluating
ChatterBot Quebec reevaluating
ChatterBot Sierra reevaluating
ChatterBot Uniform reevaluating
ChatterBot Tango reevaluating
ChatterBot Quebec reevaluating
ChatterBot Sierra reevaluating
ChatterBot Uniform reevaluating
ChatterBot Quebec reevaluating
ChatterBot Sierra reevaluating
ChatterBot Uniform reevaluating
ChatterBot Tango reevaluating
ChatterBot Oscar round 12
2024-10-15 04:39:44.410378 Quebec: We should add Mike and Oscar
ChatterBot Tango reevaluating
ChatterBot Sierra reevaluating
ChatterBot Uniform reevaluating
2024-10-15 04:39:44.455678 Tango: No
2024-10-15 04:39:44.456016 Sierra: No
2024-10-15 04:39:44.456302 Kilo: No
2024-10-15 04:39:44.456653 Uniform: No
2024-10-15 04:39:44.457821 Delta: Yes
ChatterBot Sierra reevaluating
ChatterBot Uniform reevaluating
ChatterBot Quebec reevaluating
ChatterBot Tango reevaluating
ChatterBot Uniform reevaluating
ChatterBot Quebec reevaluating
ChatterBot Tango reevaluating
ChatterBot Sierra reevaluating
ChatterBot Uniform reevaluating
ChatterBot Quebec reevaluating
ChatterBot Tango reevaluating
ChatterBot Sierra reevaluating
ChatterBot Quebec reevaluating
ChatterBot Tango reevaluating
ChatterBot Sierra reevaluating
ChatterBot Uniform reevaluating
ChatterBot Quebec reevaluating
2024-10-15 04:39:44.576892 Victor: I was attacked by Sierra
ChatterBot Delta reevaluating
ChatterBot Mike reevaluating
ChatterBot Oscar reevaluating
ChatterBot Lima reevaluating
2024-10-15 04:39:44.602117 Victor: Ow
2024-10-15 04:39:44.604365 Uniform: Delta we want you to join our group
ChatterBot Delta reevaluating
2024-10-15 04:39:44.610800 Delta: No
ChatterBot Sierra reevaluating
ChatterBot Uniform reevaluating
2024-10-15 04:39:44.634699 Kilo: Sierra, sending you 4
2024-10-15 04:39:44.636422 Oscar: We should drop Victor
ChatterBot Mike reevaluating
ChatterBot Delta reevaluating
ChatterBot Lima reevaluating
2024-10-15 04:39:44.655662 Mike: No
2024-10-15 04:39:44.656225 Delta: No
2024-10-15 04:39:44.657413 Lima: No
ChatterBot Delta reevaluating
ChatterBot Oscar reevaluating
ChatterBot Lima reevaluating
ChatterBot Mike reevaluating
ChatterBot Oscar reevaluating
ChatterBot Lima reevaluating
ChatterBot Mike reevaluating
ChatterBot Delta reevaluating
ChatterBot Oscar reevaluating
2024-10-15 04:39:44.719285 Sierra: We should drop Victor
ChatterBot Uniform reevaluating
2024-10-15 04:39:44.748632 Kilo: No
2024-10-15 04:39:44.753840 Uniform: Yes
2024-10-15 04:39:44.754684 Tango: Yes
2024-10-15 04:39:44.755204 Quebec: Yes
ChatterBot Sierra reevaluating
ChatterBot Uniform reevaluating
ChatterBot Sierra reevaluating
ChatterBot Sierra reevaluating
ChatterBot Uniform reevaluating
ChatterBot Sierra reevaluating
ChatterBot Kilo reevaluating
ChatterBot Uniform reevaluating
2024-10-15 04:39:44.875624 Tango: Sierra, sending you 6
2024-10-15 04:39:44.882821 Tango: Kilo and Quebec, sending you 4
2024-10-15 04:39:44.888675 Tango: Uniform, sending you 3
2024-10-15 04:39:44.892166 Mike: Delta, sending you 2
2024-10-15 04:39:44.894196 Tango: Delta, sending you 1
2024-10-15 04:39:44.897678 Mike: Oscar, sending you 4
2024-10-15 04:39:44.901737 Sierra: Kilo, sending you 3
2024-10-15 04:39:44.906654 Sierra: Uniform and Quebec, sending you 2
2024-10-15 04:39:44.910675 Sierra: Tango, sending you 4
chatterbot Tango submitting transactions
chatterbot Kilo submitting transactions
chatterbot Delta submitting transactions
chatterbot Oscar submitting transactions
chatterbot Victor submitting transactions
chatterbot Lima submitting transactions
chatterbot Sierra submitting transactions
chatterbot Delta submitting transactions
chatterbot Kilo submitting transactions
chatterbot Quebec submitting transactions
chatterbot Mike submitting transactions
chatterbot Uniform submitting transactions
ChatterBot Sierra round 13
ChatterBot Kilo round 13
ChatterBot Uniform round 13
ChatterBot Victor round 13
ChatterBot Delta round 13
ChatterBot Lima round 13
ChatterBot Mike round 13
ChatterBot Tango round 13
ChatterBot Quebec round 13
ChatterBot Oscar round 13
2024-10-15 04:39:45.890465 Tango: We should replace Delta with Oscar
ChatterBot Kilo reevaluating
ChatterBot Quebec reevaluating
2024-10-15 04:39:45.907906 Sierra: No
2024-10-15 04:39:45.908043 Kilo: No
2024-10-15 04:39:45.908723 Uniform: No
2024-10-15 04:39:45.908843 Quebec: No
ChatterBot Kilo reevaluating
ChatterBot Uniform reevaluating
ChatterBot Quebec reevaluating
ChatterBot Uniform reevaluating
ChatterBot Quebec reevaluating
ChatterBot Kilo reevaluating
ChatterBot Tango reevaluating
ChatterBot Quebec reevaluating
ChatterBot Kilo reevaluating
ChatterBot Uniform reevaluating
ChatterBot Tango reevaluating
2024-10-15 04:39:45.987695 Victor: We should drop Delta and Lima
ChatterBot Oscar reevaluating
2024-10-15 04:39:45.995260 Mike: No
2024-10-15 04:39:45.995378 Oscar: No
ChatterBot Oscar reevaluating
2024-10-15 04:39:46.010541 Mike: We should drop Delta
ChatterBot Oscar reevaluating
2024-10-15 04:39:46.025252 Oscar: Yes
2024-10-15 04:39:46.025418 Victor: Yes
2024-10-15 04:39:46.025546 Lima: Yes
