ChatterBot Victor round 1
ChatterBot Mike round 1
ChatterBot Alpha round 1
ChatterBot Oscar round 1
ChatterBot Quebec round 1
ChatterBot Juliett round 1
ChatterBot Hotel round 1
ChatterBot Zulu round 1
ChatterBot Yankee round 1
ChatterBot India round 1
randomSelections Hotel: {Hotel, Alpha, Juliett} 
2024-10-15 04:39:27.270968 Hotel: Can we be friends?
ChatterBot Alpha reevaluating
ChatterBot Juliett reevaluating
2024-10-15 04:39:27.274673 Alpha: Yes
2024-10-15 04:39:27.274797 Juliett: Yes
ChatterBot Juliett reevaluating
ChatterBot Alpha reevaluating
randomSelections India: {India, Zulu, Juliett, Victor, Oscar, Alpha} 
2024-10-15 04:39:27.281596 India: Friends?
ChatterBot Zulu reevaluating
ChatterBot Juliett reevaluating
ChatterBot Victor reevaluating
ChatterBot Oscar reevaluating
ChatterBot Alpha reevaluating
2024-10-15 04:39:27.289718 Zulu: Yes
2024-10-15 04:39:27.289841 Juliett: No
2024-10-15 04:39:27.289987 Victor: Yes
2024-10-15 04:39:27.290076 Oscar: Yes
2024-10-15 04:39:27.290168 Alpha: No
ChatterBot Juliett reevaluating
ChatterBot Victor reevaluating
ChatterBot Oscar reevaluating
ChatterBot Alpha reevaluating
ChatterBot Zulu reevaluating
ChatterBot Victor reevaluating
ChatterBot Oscar reevaluating
ChatterBot Alpha reevaluating
ChatterBot Zulu reevaluating
ChatterBot Juliett reevaluating
ChatterBot Oscar reevaluating
ChatterBot Alpha reevaluating
ChatterBot Zulu reevaluating
ChatterBot Juliett reevaluating
ChatterBot Victor reevaluating
ChatterBot Alpha reevaluating
ChatterBot Zulu reevaluating
ChatterBot Juliett reevaluating
ChatterBot Victor reevaluating
ChatterBot Oscar reevaluating
randomSelections Mike: {Mike, Hotel, India, Juliett, Oscar} 
2024-10-15 04:39:27.325494 Mike: We would work well together
ChatterBot Juliett reevaluating
ChatterBot Oscar reevaluating
2024-10-15 04:39:27.338277 Hotel: No
2024-10-15 04:39:27.338463 India: No
2024-10-15 04:39:27.338572 Juliett: No
2024-10-15 04:39:27.338699 Oscar: No
ChatterBot Juliett reevaluating
ChatterBot Oscar reevaluating
ChatterBot Juliett reevaluating
ChatterBot Oscar reevaluating
ChatterBot Oscar reevaluating
ChatterBot Juliett reevaluating
randomSelections Quebec: {Quebec, Oscar, Alpha, India, Juliett, Victor} 
2024-10-15 04:39:27.500676 Quebec: Friends?
ChatterBot Oscar reevaluating
ChatterBot Alpha reevaluating
ChatterBot Juliett reevaluating
ChatterBot Victor reevaluating
2024-10-15 04:39:27.508382 Oscar: No
2024-10-15 04:39:27.509116 Alpha: No
2024-10-15 04:39:27.509382 India: No
2024-10-15 04:39:27.509555 Juliett: No
2024-10-15 04:39:27.509920 Victor: No
ChatterBot Alpha reevaluating
ChatterBot Juliett reevaluating
ChatterBot Victor reevaluating
ChatterBot Oscar reevaluating
ChatterBot Juliett reevaluating
ChatterBot Victor reevaluating
ChatterBot Oscar reevaluating
ChatterBot Alpha reevaluating
ChatterBot Juliett reevaluating
ChatterBot Victor reevaluating
ChatterBot Oscar reevaluating
ChatterBot Alpha reevaluating
ChatterBot Victor reevaluating
ChatterBot Oscar reevaluating
ChatterBot Alpha reevaluating
ChatterBot Juliett reevaluating
randomSelections Yankee: {Yankee, Oscar, Juliett, Quebec, Alpha, Zulu} 
2024-10-15 04:39:27.570404 Yankee: Friends?
ChatterBot Oscar reevaluating
ChatterBot Juliett reevaluating
ChatterBot Alpha reevaluating
ChatterBot Zulu reevaluating
2024-10-15 04:39:27.582171 Oscar: No
2024-10-15 04:39:27.583260 Juliett: No
2024-10-15 04:39:27.583577 Quebec: No
2024-10-15 04:39:27.584637 Alpha: No
2024-10-15 04:39:27.584864 Zulu: No
ChatterBot Juliett reevaluating
ChatterBot Alpha reevaluating
ChatterBot Zulu reevaluating
ChatterBot Oscar reevaluating
ChatterBot Alpha reevaluating
ChatterBot Zulu reevaluating
ChatterBot Oscar reevaluating
ChatterBot Juliett reevaluating
ChatterBot Alpha reevaluating
ChatterBot Zulu reevaluating
ChatterBot Oscar reevaluating
ChatterBot Juliett reevaluating
ChatterBot Zulu reevaluating
ChatterBot Oscar reevaluating
ChatterBot Juliett reevaluating
ChatterBot Alpha reevaluating
2024-10-15 04:39:27.676183 Mike: Oscar and Juliett, sending you 3
2024-10-15 04:39:27.676929 Victor: Alpha and Juliett, sending you 6
2024-10-15 04:39:27.678311 Hotel: Sending you each 4
2024-10-15 04:39:27.678825 Juliett: Alpha, sending you 6
2024-10-15 04:39:27.697399 Mike: Hotel, sending you 4
2024-10-15 04:39:27.698103 India: Victor and Zulu, sending you 3
2024-10-15 04:39:27.699507 Victor: Oscar and Zulu, sending you 2
2024-10-15 04:39:27.700547 Zulu: Victor, sending you 2
2024-10-15 04:39:27.701840 Oscar: Victor and Zulu, sending you 5
2024-10-15 04:39:27.702435 Juliett: Hotel, sending you 13
2024-10-15 04:39:27.704258 Quebec: Victor, Oscar and India, sending you 2
2024-10-15 04:39:27.706257 Yankee: Alpha, Quebec and Zulu, sending you 1
2024-10-15 04:39:27.707352 Alpha: Juliett, sending you 3
2024-10-15 04:39:27.708513 Mike: India, sending you 5
2024-10-15 04:39:27.709383 India: Alpha, sending you 1
2024-10-15 04:39:27.711113 Oscar: Alpha, sending you 4
2024-10-15 04:39:27.712720 Zulu: Alpha and Oscar, sending you 5
2024-10-15 04:39:27.713454 Quebec: Alpha, sending you 1
2024-10-15 04:39:27.714819 Yankee: Oscar, sending you 2
2024-10-15 04:39:27.715529 Alpha: Hotel, sending you 4
2024-10-15 04:39:27.716798 India: Oscar, sending you 4
2024-10-15 04:39:27.717725 Oscar: Juliett, sending you 2
2024-10-15 04:39:27.719270 Zulu: Juliett, sending you 4
2024-10-15 04:39:27.721049 Quebec: Juliett, sending you 3
2024-10-15 04:39:27.722096 Yankee: Juliett, sending you 6
2024-10-15 04:39:27.723422 India: Juliett, sending you 5
2024-10-15 04:39:27.725668 Zulu: India, sending you 3
chatterbot India submitting transactions
chatterbot Oscar submitting transactions
chatterbot Quebec submitting transactions
chatterbot Hotel submitting transactions
chatterbot Mike submitting transactions
chatterbot Juliett submitting transactions
chatterbot Victor submitting transactions
chatterbot Zulu submitting transactions
chatterbot Alpha submitting transactions
chatterbot Yankee submitting transactions
ChatterBot Victor round 2
ChatterBot Mike round 2
ChatterBot Alpha round 2
ChatterBot Oscar round 2
ChatterBot Quebec round 2
ChatterBot Juliett round 2
ChatterBot Hotel round 2
2024-10-15 04:39:28.799333 Oscar: We should group up
ChatterBot Victor reevaluating
ChatterBot Mike reevaluating
ChatterBot Zulu reevaluating
ChatterBot India reevaluating
ChatterBot Quebec reevaluating
2024-10-15 04:39:28.850642 Victor: Yes
2024-10-15 04:39:28.850895 Mike: No
2024-10-15 04:39:28.851064 Zulu: No
2024-10-15 04:39:28.851226 India: No
2024-10-15 04:39:28.852120 Quebec: No
ChatterBot Mike reevaluating
ChatterBot Zulu reevaluating
ChatterBot India reevaluating
ChatterBot Quebec reevaluating
ChatterBot Victor reevaluating
ChatterBot Zulu reevaluating
ChatterBot India reevaluating
ChatterBot Quebec reevaluating
ChatterBot Victor reevaluating
ChatterBot Mike reevaluating
ChatterBot India reevaluating
ChatterBot Quebec reevaluating
ChatterBot Victor reevaluating
ChatterBot Mike reevaluating
ChatterBot Zulu reevaluating
ChatterBot Quebec reevaluating
ChatterBot Victor reevaluating
ChatterBot Mike reevaluating
ChatterBot Zulu reevaluating
ChatterBot India reevaluating
ChatterBot Zulu round 2
ChatterBot Yankee round 2
ChatterBot India round 2
2024-10-15 04:39:29.091878 Juliett: Friends?
ChatterBot Alpha reevaluating
ChatterBot Hotel reevaluating
ChatterBot Victor reevaluating
ChatterBot Mike reevaluating
ChatterBot Zulu reevaluating
ChatterBot India reevaluating
2024-10-15 04:39:29.140291 Alpha: Yes
2024-10-15 04:39:29.140547 Hotel: No
2024-10-15 04:39:29.140756 Victor: No
2024-10-15 04:39:29.140920 Mike: No
2024-10-15 04:39:29.141654 Oscar: No
2024-10-15 04:39:29.141793 Zulu: No
2024-10-15 04:39:29.141917 India: Yes
ChatterBot Hotel reevaluating
ChatterBot Victor reevaluating
ChatterBot Mike reevaluating
ChatterBot Oscar reevaluating
ChatterBot Zulu reevaluating
ChatterBot India reevaluating
ChatterBot Alpha reevaluating
ChatterBot Victor reevaluating
ChatterBot Mike reevaluating
ChatterBot Oscar reevaluating
ChatterBot Zulu reevaluating
ChatterBot India reevaluating
ChatterBot Alpha reevaluating
ChatterBot Hotel reevaluating
ChatterBot Mike reevaluating
ChatterBot Oscar reevaluating
ChatterBot Zulu reevaluating
ChatterBot India reevaluating
ChatterBot Alpha reevaluating
ChatterBot Hotel reevaluating
ChatterBot Victor reevaluating
ChatterBot Oscar reevaluating
ChatterBot Zulu reevaluating
ChatterBot India reevaluating
ChatterBot Alpha reevaluating
ChatterBot Hotel reevaluating
ChatterBot Victor reevaluating
ChatterBot Mike reevaluating
ChatterBot Zulu reevaluating
ChatterBot India reevaluating
ChatterBot Alpha reevaluating
ChatterBot Hotel reevaluating
ChatterBot Victor reevaluating
ChatterBot Mike reevaluating
ChatterBot Oscar reevaluating
ChatterBot India reevaluating
ChatterBot Alpha reevaluating
ChatterBot Hotel reevaluating
ChatterBot Victor reevaluating
ChatterBot Mike reevaluating
ChatterBot Oscar reevaluating
ChatterBot Zulu reevaluating
2024-10-15 04:39:29.602553 India: We should add Mike and Hotel
2024-10-15 04:39:29.603563 Hotel: We should add Mike
ChatterBot Zulu reevaluating
ChatterBot Victor reevaluating
ChatterBot Oscar reevaluating
ChatterBot Alpha reevaluating
2024-10-15 04:39:29.651265 Zulu: No
2024-10-15 04:39:29.651459 Juliett: Yes
2024-10-15 04:39:29.651668 Victor: No
2024-10-15 04:39:29.651823 Oscar: Yes
2024-10-15 04:39:29.652006 Alpha: Yes
ChatterBot Alpha reevaluating
2024-10-15 04:39:29.670904 Alpha: Yes
2024-10-15 04:39:29.671100 Juliett: Yes
ChatterBot India reevaluating
ChatterBot Victor reevaluating
ChatterBot Oscar reevaluating
ChatterBot Alpha reevaluating
ChatterBot India reevaluating
ChatterBot Zulu reevaluating
ChatterBot Victor reevaluating
ChatterBot Oscar reevaluating
ChatterBot Alpha reevaluating
ChatterBot Hotel reevaluating
ChatterBot India reevaluating
ChatterBot Zulu reevaluating
ChatterBot Oscar reevaluating
ChatterBot Alpha reevaluating
ChatterBot Hotel reevaluating
ChatterBot India reevaluating
ChatterBot Zulu reevaluating
ChatterBot Victor reevaluating
ChatterBot Alpha reevaluating
ChatterBot India reevaluating
ChatterBot Zulu reevaluating
ChatterBot Victor reevaluating
ChatterBot Oscar reevaluating
ChatterBot Alpha reevaluating
2024-10-15 04:39:30.006146 Yankee: We should group up
2024-10-15 04:39:30.015938 Mike: No
ChatterBot Yankee reevaluating
2024-10-15 04:39:30.106315 Oscar: Mike and Hotel we want you to join our group
2024-10-15 04:39:30.197432 Hotel: No
2024-10-15 04:39:30.197790 Mike: No
2024-10-15 04:39:30.319632 India: Mike and Hotel we want you to join our group
2024-10-15 04:39:30.337363 Hotel: No
2024-10-15 04:39:30.337767 Mike: No
2024-10-15 04:39:30.459526 Hotel: Mike we want you to join our group
2024-10-15 04:39:30.469499 Mike: No
2024-10-15 04:39:30.495260 Juliett: Victor, Mike, Alpha, Hotel, Zulu and India, sending you 3
2024-10-15 04:39:30.610581 Victor: Mike, Quebec, Zulu and India, sending you 3
2024-10-15 04:39:30.611648 Mike: Sending you each 4
2024-10-15 04:39:30.611878 Quebec: Sending you 19
2024-10-15 04:39:30.612061 Alpha: Victor, Oscar, Hotel and Zulu, sending you 3
2024-10-15 04:39:30.612387 Juliett: Oscar, sending you 1
2024-10-15 04:39:30.613526 Zulu: Victor, sending you 4
chatterbot Victor submitting transactions
2024-10-15 04:39:30.724325 Alpha: Mike and India, sending you 2
2024-10-15 04:39:30.725525 Victor: Oscar, sending you 4
2024-10-15 04:39:30.725961 Zulu: Mike and Quebec, sending you 1
2024-10-15 04:39:30.727065 Hotel: Mike and Alpha, sending you 3
2024-10-15 04:39:30.727420 Oscar: Victor, sending you 2
2024-10-15 04:39:30.727880 India: Victor, Alpha, Oscar, Juliett and Hotel, sending you 1
chatterbot Mike submitting transactions
chatterbot Quebec submitting transactions
2024-10-15 04:39:30.766979 Alpha: Juliett, sending you 4
2024-10-15 04:39:30.767454 Zulu: Oscar, sending you 9
2024-10-15 04:39:30.767709 Hotel: Juliett, sending you 4
2024-10-15 04:39:30.768494 Oscar: Mike, sending you 3
2024-10-15 04:39:30.768836 India: Mike, sending you 9
chatterbot Hotel submitting transactions
2024-10-15 04:39:30.810596 Zulu: India, sending you 5
2024-10-15 04:39:30.811656 India: Zulu, sending you 6
2024-10-15 04:39:30.812201 Oscar: Alpha, Juliett and Hotel, sending you 1
2024-10-15 04:39:30.862414 Oscar: Zulu and India, sending you 4
chatterbot Zulu submitting transactions
chatterbot Juliett submitting transactions
chatterbot Oscar submitting transactions
chatterbot Alpha submitting transactions
chatterbot Yankee submitting transactions
chatterbot India submitting transactions
ChatterBot Victor round 3
ChatterBot Mike round 3
ChatterBot Alpha round 3
ChatterBot Oscar round 3
ChatterBot Quebec round 3
ChatterBot Juliett round 3
ChatterBot Hotel round 3
ChatterBot Zulu round 3
2024-10-15 04:39:31.635468 Mike: We should add Alpha and Juliett
ChatterBot Oscar reevaluating
ChatterBot Zulu reevaluating
2024-10-15 04:39:31.657558 Victor: Yes
2024-10-15 04:39:31.658197 Oscar: Yes
2024-10-15 04:39:31.658360 Zulu: Yes
2024-10-15 04:39:31.658550 India: Yes
ChatterBot Oscar reevaluating
ChatterBot Zulu reevaluating
ChatterBot Zulu reevaluating
ChatterBot Oscar reevaluating
ChatterBot Oscar reevaluating
ChatterBot Zulu reevaluating
ChatterBot Yankee round 3
ChatterBot India round 3
2024-10-15 04:39:31.773273 Mike: Alpha and Juliett we want you to join our group
2024-10-15 04:39:31.784304 Alpha: Yes
2024-10-15 04:39:31.784557 Juliett: Yes
ChatterBot Oscar reevaluating
ChatterBot Zulu reevaluating
ChatterBot India reevaluating
ChatterBot Oscar reevaluating
ChatterBot Zulu reevaluating
ChatterBot India reevaluating
2024-10-15 04:39:31.857523 Yankee: We would work well together
ChatterBot Quebec reevaluating
ChatterBot Hotel reevaluating
2024-10-15 04:39:31.880199 Quebec: No
2024-10-15 04:39:31.880381 Alpha: No
2024-10-15 04:39:31.880557 Juliett: No
2024-10-15 04:39:31.881483 Hotel: No
ChatterBot Yankee reevaluating
ChatterBot Hotel reevaluating
ChatterBot Yankee reevaluating
ChatterBot Quebec reevaluating
ChatterBot Hotel reevaluating
ChatterBot Yankee reevaluating
ChatterBot Quebec reevaluating
ChatterBot Hotel reevaluating
ChatterBot Yankee reevaluating
ChatterBot Quebec reevaluating
2024-10-15 04:39:31.972897 Oscar: We should drop Hotel
ChatterBot India reevaluating
2024-10-15 04:39:32.003476 Mike: Yes
2024-10-15 04:39:32.004298 Alpha: No
2024-10-15 04:39:32.004421 Juliett: No
2024-10-15 04:39:32.004530 Victor: No
2024-10-15 04:39:32.004667 Zulu: Yes
2024-10-15 04:39:32.004797 India: No
ChatterBot India reevaluating
ChatterBot India reevaluating
ChatterBot India reevaluating
ChatterBot India reevaluating
ChatterBot India reevaluating
2024-10-15 04:39:32.193210 Alpha: Victor, Oscar, Hotel and Zulu, sending you 3
2024-10-15 04:39:32.193749 Victor: Mike, Alpha, Juliett, Hotel and India, sending you 2
2024-10-15 04:39:32.278363 Victor: Oscar and Zulu, sending you 3
2024-10-15 04:39:32.279072 Alpha: Mike and India, sending you 2
2024-10-15 04:39:32.280013 Juliett: Victor, Alpha, Hotel, Zulu and India, sending you 3
2024-10-15 04:39:32.280466 Mike: Victor, Oscar and Juliett, sending you 3
chatterbot Victor submitting transactions
2024-10-15 04:39:32.361135 Zulu: Victor, Alpha and Juliett, sending you 3
2024-10-15 04:39:32.362276 Hotel: Victor, Mike, Oscar, Zulu and India, sending you 1
2024-10-15 04:39:32.362980 Yankee: Sending you 6
2024-10-15 04:39:32.363798 Alpha: Juliett, sending you 4
2024-10-15 04:39:32.364222 Juliett: Mike and Oscar, sending you 2
2024-10-15 04:39:32.364687 Mike: Alpha, sending you 2
2024-10-15 04:39:32.365721 Oscar: Victor and Mike, sending you 3
2024-10-15 04:39:32.366097 Zulu: Mike, sending you 2
2024-10-15 04:39:32.367006 Hotel: Alpha, sending you 2
2024-10-15 04:39:32.391856 Oscar: Alpha, Juliett and India, sending you 2
2024-10-15 04:39:32.392346 India: Victor and Alpha, sending you 2
2024-10-15 04:39:32.393428 Hotel: Juliett, sending you 3
2024-10-15 04:39:32.393883 Mike: Zulu, sending you 1
2024-10-15 04:39:32.394659 Zulu: Oscar, sending you 5
2024-10-15 04:39:32.450191 Oscar: Zulu, sending you 4
2024-10-15 04:39:32.451324 India: Mike, sending you 4
2024-10-15 04:39:32.451813 Zulu: India, sending you 4
2024-10-15 04:39:32.452759 Mike: India, sending you 5
2024-10-15 04:39:32.462530 India: Oscar and Juliett, sending you 3
2024-10-15 04:39:32.470291 India: Hotel, sending you 1
2024-10-15 04:39:32.479001 India: Zulu, sending you 5
chatterbot Oscar submitting transactions
chatterbot Yankee submitting transactions
chatterbot Hotel submitting transactions
chatterbot Quebec submitting transactions
chatterbot Juliett submitting transactions
chatterbot Alpha submitting transactions
chatterbot Zulu submitting transactions
chatterbot Mike submitting transactions
chatterbot India submitting transactions
ChatterBot Victor round 4
ChatterBot Mike round 4
ChatterBot Alpha round 4
ChatterBot Oscar round 4
ChatterBot Quebec round 4
ChatterBot Juliett round 4
ChatterBot Hotel round 4
ChatterBot Zulu round 4
ChatterBot Yankee round 4
ChatterBot India round 4
2024-10-15 04:39:33.240694 Victor: Mike, Alpha, Juliett, Hotel and India, sending you 2
2024-10-15 04:39:33.242188 Oscar: Victor, Mike, Alpha and India, sending you 3
2024-10-15 04:39:33.242833 Mike: Victor, Alpha and Zulu, sending you 2
2024-10-15 04:39:33.246263 Victor: Oscar and Zulu, sending you 3
2024-10-15 04:39:33.247229 Oscar: Zulu, sending you 4
2024-10-15 04:39:33.247900 Mike: Oscar and Juliett, sending you 3
2024-10-15 04:39:33.248991 Yankee: Sending you 7
2024-10-15 04:39:33.249276 Hotel: Victor, Mike, Oscar, Zulu and India, sending you 1
2024-10-15 04:39:33.252698 Mike: India, sending you 5
2024-10-15 04:39:33.253238 Hotel: Alpha, sending you 2
2024-10-15 04:39:33.253853 Quebec: Sending you 19
2024-10-15 04:39:33.254512 Juliett: Victor, Mike, Alpha, Hotel, Zulu and India, sending you 3
2024-10-15 04:39:33.255085 Alpha: Victor, Oscar, Juliett, Hotel, Zulu and India, sending you 3
2024-10-15 04:39:33.256249 Zulu: Victor, Alpha and Juliett, sending you 3
2024-10-15 04:39:33.256645 India: Victor and Alpha, sending you 2
2024-10-15 04:39:33.257701 Hotel: Juliett, sending you 3
2024-10-15 04:39:33.259681 Juliett: Oscar, sending you 1
2024-10-15 04:39:33.260853 Alpha: Mike, sending you 2
2024-10-15 04:39:33.261422 India: Mike, sending you 5
2024-10-15 04:39:33.261997 Zulu: Mike, sending you 2
2024-10-15 04:39:33.265683 India: Oscar and Juliett, sending you 3
2024-10-15 04:39:33.266734 Zulu: Oscar, sending you 4
2024-10-15 04:39:33.270671 India: Hotel, sending you 1
2024-10-15 04:39:33.271718 Zulu: India, sending you 5
2024-10-15 04:39:33.273687 India: Zulu, sending you 4
chatterbot Alpha submitting transactions
chatterbot Mike submitting transactions
chatterbot Zulu submitting transactions
chatterbot Oscar submitting transactions
chatterbot India submitting transactions
chatterbot Quebec submitting transactions
chatterbot Juliett submitting transactions
chatterbot Hotel submitting transactions
chatterbot Victor submitting transactions
chatterbot Yankee submitting transactions
ChatterBot Victor round 5
ChatterBot Mike round 5
ChatterBot Alpha round 5
ChatterBot Oscar round 5
ChatterBot Quebec round 5
ChatterBot Juliett round 5
ChatterBot Hotel round 5
ChatterBot Zulu round 5
ChatterBot Yankee round 5
ChatterBot India round 5
2024-10-15 04:39:34.357385 Yankee: We should add Hotel
2024-10-15 04:39:34.360452 Quebec: No
ChatterBot Yankee reevaluating
2024-10-15 04:39:34.371696 Oscar: Victor, Mike, Alpha and India, sending you 3
2024-10-15 04:39:34.373966 Mike: Victor, Alpha and Zulu, sending you 2
2024-10-15 04:39:34.374684 Victor: Mike, Alpha, Juliett, Hotel and India, sending you 2
2024-10-15 04:39:34.375413 Oscar: Juliett, sending you 1
2024-10-15 04:39:34.378692 Victor: Oscar and Zulu, sending you 3
2024-10-15 04:39:34.379675 Mike: Oscar and Juliett, sending you 3
2024-10-15 04:39:34.380744 Oscar: Zulu, sending you 4
2024-10-15 04:39:34.381661 Juliett: Victor, Mike, Alpha, Hotel, Zulu and India, sending you 3
2024-10-15 04:39:34.382669 Hotel: Victor, Mike, Oscar, Zulu and India, sending you 1
2024-10-15 04:39:34.383686 Alpha: Victor, Oscar, Juliett, Hotel, Zulu and India, sending you 3
2024-10-15 04:39:34.385025 Zulu: Victor, Alpha and Juliett, sending you 3
2024-10-15 04:39:34.385534 Juliett: Oscar, sending you 1
2024-10-15 04:39:34.386262 Mike: India, sending you 5
2024-10-15 04:39:34.386822 Hotel: Alpha, sending you 2
2024-10-15 04:39:34.388255 Zulu: Mike, sending you 2
2024-10-15 04:39:34.389072 Quebec: Same as last round
2024-10-15 04:39:34.389693 Alpha: Mike, sending you 2
2024-10-15 04:39:34.394626 Yankee: Sending you 6
2024-10-15 04:39:34.394961 Hotel: Juliett, sending you 3
2024-10-15 04:39:34.396387 Zulu: Oscar, sending you 5
2024-10-15 04:39:34.396941 India: Victor and Alpha, sending you 2
2024-10-15 04:39:34.399691 Zulu: India, sending you 4
2024-10-15 04:39:34.400672 India: Mike, sending you 5
2024-10-15 04:39:34.409346 India: Oscar and Juliett, sending you 3
2024-10-15 04:39:34.415674 India: Hotel, sending you 1
2024-10-15 04:39:34.421999 India: Zulu, sending you 4
chatterbot Yankee submitting transactions
chatterbot Alpha submitting transactions
chatterbot Quebec submitting transactions
chatterbot Zulu submitting transactions
chatterbot Mike submitting transactions
chatterbot Oscar submitting transactions
chatterbot Hotel submitting transactions
chatterbot Juliett submitting transactions
chatterbot Victor submitting transactions
chatterbot India submitting transactions
ChatterBot Victor round 6
ChatterBot Mike round 6
ChatterBot Alpha round 6
ChatterBot Oscar round 6
ChatterBot Quebec round 6
ChatterBot Juliett round 6
ChatterBot Hotel round 6
ChatterBot Zulu round 6
ChatterBot Yankee round 6
ChatterBot India round 6
2024-10-15 04:39:35.531915 Yankee: We should add Alpha
2024-10-15 04:39:35.536183 Quebec: No
ChatterBot Yankee reevaluating
2024-10-15 04:39:35.549384 Yankee: We should add Juliett
2024-10-15 04:39:35.552286 Quebec: No
ChatterBot Yankee reevaluating
2024-10-15 04:39:35.557552 Yankee: We should add Mike
2024-10-15 04:39:35.561067 Quebec: No
ChatterBot Yankee reevaluating
2024-10-15 04:39:35.565545 Oscar: Victor, Mike, Alpha and India, sending you 3
2024-10-15 04:39:35.566011 Alpha: Victor, Oscar, Juliett, Hotel, Zulu and India, sending you 3
2024-10-15 04:39:35.568653 Mike: Victor, Alpha and Zulu, sending you 2
2024-10-15 04:39:35.569667 Victor: Mike, Alpha, Juliett, Hotel and India, sending you 2
2024-10-15 04:39:35.570292 Alpha: Mike, sending you 2
2024-10-15 04:39:35.570901 Oscar: Juliett, sending you 1
2024-10-15 04:39:35.571887 Zulu: Victor, Alpha and Juliett, sending you 3
2024-10-15 04:39:35.572379 Quebec: Same as last round
2024-10-15 04:39:35.572625 Hotel: Victor, Mike, Oscar, Zulu and India, sending you 1
2024-10-15 04:39:35.573201 Juliett: Victor, Mike, Alpha, Hotel, Zulu and India, sending you 3
2024-10-15 04:39:35.573774 Mike: Oscar and Juliett, sending you 3
2024-10-15 04:39:35.574239 Victor: Oscar and Zulu, sending you 3
2024-10-15 04:39:35.575654 India: Victor, sending you 2
2024-10-15 04:39:35.576668 Oscar: Zulu, sending you 4
2024-10-15 04:39:35.577535 Zulu: Mike, sending you 2
2024-10-15 04:39:35.577994 Hotel: Alpha, sending you 2
2024-10-15 04:39:35.578550 Juliett: Oscar, sending you 1
2024-10-15 04:39:35.579115 Mike: India, sending you 5
2024-10-15 04:39:35.579705 India: Mike and Zulu, sending you 4
2024-10-15 04:39:35.582664 Zulu: Oscar, sending you 5
2024-10-15 04:39:35.583542 Hotel: Juliett, sending you 3
2024-10-15 04:39:35.584135 India: Alpha, Oscar and Juliett, sending you 3
2024-10-15 04:39:35.586679 Zulu: India, sending you 4
2024-10-15 04:39:35.588651 India: Hotel, sending you 1
2024-10-15 04:39:35.596657 Yankee: Sending you 5
chatterbot Juliett submitting transactions
chatterbot Hotel submitting transactions
chatterbot Mike submitting transactions
chatterbot Oscar submitting transactions
chatterbot Victor submitting transactions
chatterbot Zulu submitting transactions
chatterbot Yankee submitting transactions
chatterbot Quebec submitting transactions
chatterbot India submitting transactions
chatterbot Alpha submitting transactions
ChatterBot Victor round 7
ChatterBot Mike round 7
ChatterBot Alpha round 7
ChatterBot Oscar round 7
ChatterBot Quebec round 7
ChatterBot Juliett round 7
ChatterBot Hotel round 7
ChatterBot Zulu round 7
ChatterBot Yankee round 7
ChatterBot India round 7
2024-10-15 04:39:36.706664 Hotel: Victor, Mike, Oscar, Zulu and India, sending you 1
2024-10-15 04:39:36.707416 Oscar: Victor, Mike, Alpha and India, sending you 3
2024-10-15 04:39:36.708667 Juliett: Victor, Mike, Alpha, Hotel, Zulu and India, sending you 3
2024-10-15 04:39:36.711084 Hotel: Alpha, sending you 2
2024-10-15 04:39:36.711767 Mike: Victor, Oscar and Juliett, sending you 3
2024-10-15 04:39:36.712297 Oscar: Juliett, sending you 1
2024-10-15 04:39:36.712749 Juliett: Oscar, sending you 1
2024-10-15 04:39:36.713245 India: Victor, sending you 2
2024-10-15 04:39:36.713744 Alpha: Victor, Oscar, Juliett, Hotel, Zulu and India, sending you 3
2024-10-15 04:39:36.714235 Zulu: Victor, Alpha and Juliett, sending you 3
2024-10-15 04:39:36.714665 Yankee: Sending you 4
2024-10-15 04:39:36.714989 Hotel: Juliett, sending you 3
2024-10-15 04:39:36.715923 Mike: Alpha and Zulu, sending you 2
2024-10-15 04:39:36.716692 Oscar: Zulu, sending you 4
2024-10-15 04:39:36.717414 Quebec: Same as last round
2024-10-15 04:39:36.718269 India: Mike and Zulu, sending you 4
2024-10-15 04:39:36.719228 Zulu: Mike, sending you 2
2024-10-15 04:39:36.720008 Victor: Mike, Alpha, Juliett, Hotel and India, sending you 2
2024-10-15 04:39:36.720996 Alpha: Mike, sending you 2
2024-10-15 04:39:36.721981 Mike: India, sending you 5
2024-10-15 04:39:36.722772 Zulu: Oscar, sending you 5
2024-10-15 04:39:36.723671 India: Alpha, Oscar and Juliett, sending you 3
2024-10-15 04:39:36.724333 Victor: Oscar and Zulu, sending you 3
2024-10-15 04:39:36.725691 Zulu: India, sending you 4
2024-10-15 04:39:36.727657 India: Hotel, sending you 1
chatterbot Alpha submitting transactions
chatterbot Yankee submitting transactions
chatterbot Quebec submitting transactions
chatterbot Juliett submitting transactions
chatterbot Victor submitting transactions
chatterbot Zulu submitting transactions
chatterbot Oscar submitting transactions
chatterbot Mike submitting transactions
chatterbot Hotel submitting transactions
chatterbot India submitting transactions
ChatterBot Victor round 8
ChatterBot Mike round 8
ChatterBot Alpha round 8
ChatterBot Oscar round 8
ChatterBot Quebec round 8
ChatterBot Juliett round 8
ChatterBot Hotel round 8
ChatterBot Zulu round 8
ChatterBot Yankee round 8
ChatterBot India round 8
2024-10-15 04:39:37.862092 Yankee: We should add Zulu
2024-10-15 04:39:37.865058 Quebec: No
ChatterBot Yankee reevaluating
2024-10-15 04:39:37.872685 Victor: Mike, Alpha, Juliett, Hotel and India, sending you 2
2024-10-15 04:39:37.873625 Hotel: Victor, Mike, Oscar, Zulu and India, sending you 1
2024-10-15 04:39:37.875357 Yankee: We should add Oscar
2024-10-15 04:39:37.877783 Quebec: No
ChatterBot Yankee reevaluating
2024-10-15 04:39:37.881165 Oscar: Victor, Mike, Alpha and India, sending you 3
2024-10-15 04:39:37.882320 Victor: Oscar and Zulu, sending you 3
2024-10-15 04:39:37.883015 Hotel: Alpha, sending you 2
2024-10-15 04:39:37.884670 Oscar: Juliett, sending you 1
2024-10-15 04:39:37.885308 Juliett: Victor, Mike, Alpha, Hotel, Zulu and India, sending you 3
2024-10-15 04:39:37.886443 Mike: Victor, Oscar and Juliett, sending you 3
2024-10-15 04:39:37.887164 Yankee: We should add India
2024-10-15 04:39:37.890251 Quebec: No
ChatterBot Yankee reevaluating
2024-10-15 04:39:37.893570 Hotel: Juliett, sending you 3
2024-10-15 04:39:37.894415 Alpha: Victor, Oscar, Juliett, Hotel, Zulu and India, sending you 3
2024-10-15 04:39:37.895144 India: Victor, sending you 2
2024-10-15 04:39:37.895831 Oscar: Zulu, sending you 4
2024-10-15 04:39:37.896961 Juliett: Oscar, sending you 1
2024-10-15 04:39:37.897591 Mike: Alpha and Zulu, sending you 2
2024-10-15 04:39:37.898154 Quebec: Same as last round
2024-10-15 04:39:37.898401 Zulu: Victor, Alpha and Juliett, sending you 3
2024-10-15 04:39:37.898972 Alpha: Mike, sending you 2
2024-10-15 04:39:37.900658 India: Mike and Zulu, sending you 4
2024-10-15 04:39:37.901664 Zulu: Mike, sending you 2
2024-10-15 04:39:37.902697 Mike: India, sending you 5
2024-10-15 04:39:37.905686 India: Alpha, Oscar and Juliett, sending you 3
2024-10-15 04:39:37.906380 Zulu: Oscar, sending you 5
2024-10-15 04:39:37.907074 Yankee: Zulu we want you to join our group
2024-10-15 04:39:37.909777 Zulu: No
ChatterBot Yankee reevaluating
2024-10-15 04:39:37.915528 India: Hotel, sending you 1
2024-10-15 04:39:37.916290 Zulu: India, sending you 4
2024-10-15 04:39:37.944100 Yankee: Sending you 3
chatterbot Hotel submitting transactions
chatterbot Alpha submitting transactions
chatterbot Quebec submitting transactions
chatterbot Zulu submitting transactions
chatterbot Juliett submitting transactions
chatterbot India submitting transactions
chatterbot Victor submitting transactions
chatterbot Yankee submitting transactions
chatterbot Oscar submitting transactions
chatterbot Mike submitting transactions
ChatterBot Victor round 9
ChatterBot Mike round 9
ChatterBot Alpha round 9
ChatterBot Oscar round 9
ChatterBot Quebec round 9
ChatterBot Juliett round 9
ChatterBot Hotel round 9
ChatterBot Zulu round 9
ChatterBot Yankee round 9
ChatterBot India round 9
2024-10-15 04:39:38.991694 Oscar: Victor, Mike, Alpha and India, sending you 3
2024-10-15 04:39:38.993691 Victor: Mike, Alpha, Juliett, Hotel and India, sending you 2
2024-10-15 04:39:38.994511 Mike: Victor, Oscar and Juliett, sending you 3
2024-10-15 04:39:38.995737 Oscar: Juliett, sending you 1
2024-10-15 04:39:38.998165 Victor: Oscar and Zulu, sending you 3
2024-10-15 04:39:38.999201 Oscar: Zulu, sending you 4
2024-10-15 04:39:38.999995 Mike: Alpha and Zulu, sending you 2
2024-10-15 04:39:39.001167 Quebec: Same as last round
2024-10-15 04:39:39.001449 Hotel: Victor, Mike, Alpha, Juliett and India, sending you 2
2024-10-15 04:39:39.004687 Mike: India, sending you 5
2024-10-15 04:39:39.005711 Alpha: Victor, Oscar, Juliett, Hotel, Zulu and India, sending you 3
2024-10-15 04:39:39.008694 India: Victor, sending you 2
2024-10-15 04:39:39.009693 Zulu: Victor, Alpha and Juliett, sending you 3
2024-10-15 04:39:39.010637 Alpha: Mike, sending you 2
2024-10-15 04:39:39.011683 Juliett: Victor, Mike, Alpha, Hotel, Zulu and India, sending you 3
2024-10-15 04:39:39.012467 India: Mike and Zulu, sending you 4
2024-10-15 04:39:39.014696 Juliett: Oscar, sending you 1
2024-10-15 04:39:39.016026 Zulu: Mike, sending you 2
2024-10-15 04:39:39.017484 India: Alpha, Oscar and Juliett, sending you 3
2024-10-15 04:39:39.019659 Zulu: Oscar, sending you 5
2024-10-15 04:39:39.023681 India: Hotel, sending you 1
2024-10-15 04:39:39.025015 Zulu: India, sending you 4
chatterbot Victor submitting transactions
chatterbot Hotel submitting transactions
chatterbot Zulu submitting transactions
chatterbot Alpha submitting transactions
chatterbot Yankee submitting transactions
chatterbot Juliett submitting transactions
chatterbot Mike submitting transactions
chatterbot Oscar submitting transactions
chatterbot India submitting transactions
chatterbot Quebec submitting transactions
ChatterBot Victor round 10
ChatterBot Mike round 10
ChatterBot Alpha round 10
ChatterBot Oscar round 10
ChatterBot Quebec round 10
ChatterBot Juliett round 10
ChatterBot Hotel round 10
ChatterBot Zulu round 10
ChatterBot Yankee round 10
ChatterBot India round 10
2024-10-15 04:39:40.212689 Mike: Victor, Oscar, Juliett and Zulu, sending you 3
2024-10-15 04:39:40.214670 Alpha: Victor, Oscar, Juliett, Hotel, Zulu and India, sending you 3
2024-10-15 04:39:40.215777 Quebec: Same as last round
2024-10-15 04:39:40.216673 Oscar: Victor, Mike, Alpha and India, sending you 3
2024-10-15 04:39:40.219277 Mike: Alpha, sending you 2
2024-10-15 04:39:40.219881 Alpha: Mike, sending you 2
2024-10-15 04:39:40.220910 Oscar: Juliett, sending you 1
2024-10-15 04:39:40.222330 Victor: Mike, Alpha, Juliett, Hotel and India, sending you 2
2024-10-15 04:39:40.223190 Mike: India, sending you 4
2024-10-15 04:39:40.225669 Yankee: Sending you 2
2024-10-15 04:39:40.225956 Victor: Oscar and Zulu, sending you 3
2024-10-15 04:39:40.226938 Oscar: Zulu, sending you 4
2024-10-15 04:39:40.228226 Zulu: Victor, Alpha and Juliett, sending you 3
2024-10-15 04:39:40.230673 Juliett: Victor, Mike, Alpha, Hotel, Zulu and India, sending you 3
2024-10-15 04:39:40.231505 Hotel: Victor, Alpha, Juliett and India, sending you 2
2024-10-15 04:39:40.232804 India: Victor, sending you 2
2024-10-15 04:39:40.233489 Zulu: Mike, sending you 2
2024-10-15 04:39:40.234253 Juliett: Oscar, sending you 1
2024-10-15 04:39:40.236231 Hotel: Mike and Oscar, sending you 1
2024-10-15 04:39:40.237103 India: Mike and Zulu, sending you 4
2024-10-15 04:39:40.237932 Zulu: Oscar, sending you 5
2024-10-15 04:39:40.242667 India: Alpha, Oscar and Juliett, sending you 3
2024-10-15 04:39:40.243584 Zulu: India, sending you 4
2024-10-15 04:39:40.245676 India: Hotel, sending you 1
chatterbot Mike submitting transactions
chatterbot Victor submitting transactions
chatterbot Oscar submitting transactions
chatterbot Alpha submitting transactions
chatterbot Yankee submitting transactions
chatterbot Quebec submitting transactions
chatterbot Zulu submitting transactions
chatterbot Hotel submitting transactions
chatterbot Juliett submitting transactions
chatterbot India submitting transactions
ChatterBot Victor round 11
ChatterBot Mike round 11
ChatterBot Alpha round 11
ChatterBot Oscar round 11
ChatterBot Quebec round 11
ChatterBot Juliett round 11
ChatterBot Hotel round 11
ChatterBot Zulu round 11
ChatterBot Yankee round 11
ChatterBot India round 11
2024-10-15 04:39:41.595012 Hotel: Victor, Alpha, Juliett and India, sending you 2
2024-10-15 04:39:41.596405 Victor: Mike, Alpha, Juliett, Hotel and India, sending you 2
2024-10-15 04:39:41.598006 Mike: Victor, Oscar, Juliett and Zulu, sending you 3
2024-10-15 04:39:41.599783 Alpha: Victor, Mike, Oscar, Juliett, Zulu and India, sending you 3
2024-10-15 04:39:41.601129 Hotel: Mike and Oscar, sending you 1
2024-10-15 04:39:41.602564 Victor: Oscar and Zulu, sending you 3
2024-10-15 04:39:41.604723 Mike: Alpha, sending you 2
2024-10-15 04:39:41.606601 Alpha: Hotel, sending you 2
2024-10-15 04:39:41.609422 Juliett: Victor, Mike, Alpha, Hotel, Zulu and India, sending you 3
2024-10-15 04:39:41.611377 India: Victor, sending you 2
2024-10-15 04:39:41.613294 Zulu: Victor, Mike, Alpha and Juliett, sending you 3
2024-10-15 04:39:41.614341 Quebec: Hotel, sending you 7
2024-10-15 04:39:41.615357 Mike: India, sending you 4
2024-10-15 04:39:41.616509 Oscar: Victor, sending you 3
2024-10-15 04:39:41.618733 Juliett: Oscar, sending you 1
2024-10-15 04:39:41.621211 India: Mike and Zulu, sending you 4
2024-10-15 04:39:41.623244 Zulu: Oscar and India, sending you 4
2024-10-15 04:39:41.625158 Quebec: Yankee, sending you 12
2024-10-15 04:39:41.625773 Oscar: Mike and Alpha, sending you 2
2024-10-15 04:39:41.628101 India: Alpha, Oscar and Juliett, sending you 3
2024-10-15 04:39:41.633143 Oscar: Juliett, sending you 1
2024-10-15 04:39:41.636025 India: Hotel, sending you 1
2024-10-15 04:39:41.638813 Oscar: Zulu, sending you 4
chatterbot Juliett submitting transactions
chatterbot India submitting transactions
chatterbot Hotel submitting transactions
chatterbot Alpha submitting transactions
chatterbot Zulu submitting transactions
chatterbot Quebec submitting transactions
chatterbot Victor submitting transactions
chatterbot Mike submitting transactions
chatterbot Yankee submitting transactions
chatterbot Oscar submitting transactions
ChatterBot Victor round 12
ChatterBot Mike round 12
ChatterBot Alpha round 12
ChatterBot Oscar round 12
ChatterBot Quebec round 12
ChatterBot Juliett round 12
ChatterBot Hotel round 12
ChatterBot Zulu round 12
ChatterBot Yankee round 12
ChatterBot India round 12
2024-10-15 04:39:42.775651 Quebec: We should drop Hotel
ChatterBot Yankee reevaluating
2024-10-15 04:39:42.778829 Yankee: Yes
2024-10-15 04:39:42.785879 Oscar: Victor, sending you 3
2024-10-15 04:39:42.786814 Alpha: Victor, Mike, Oscar, Juliett, Zulu and India, sending you 3
2024-10-15 04:39:42.788871 Mike: Victor, Oscar, Juliett and Zulu, sending you 3
2024-10-15 04:39:42.789754 Oscar: Mike, Alpha and India, sending you 2
2024-10-15 04:39:42.790685 Alpha: Hotel, sending you 2
2024-10-15 04:39:42.792458 Victor: Mike, Alpha, Juliett, Hotel and India, sending you 2
2024-10-15 04:39:42.793270 Juliett: Victor, Mike, Alpha, Hotel, Zulu and India, sending you 3
2024-10-15 04:39:42.794068 India: Victor and Oscar, sending you 2
2024-10-15 04:39:42.795746 Mike: Alpha, sending you 2
2024-10-15 04:39:42.796711 Oscar: Juliett, sending you 1
2024-10-15 04:39:42.798098 Juliett: Oscar, sending you 1
2024-10-15 04:39:42.799310 Hotel: Victor, Alpha, Juliett and India, sending you 2
2024-10-15 04:39:42.801166 Victor: Oscar and Zulu, sending you 3
2024-10-15 04:39:42.802410 India: Mike and Zulu, sending you 4
2024-10-15 04:39:42.804131 Mike: India, sending you 4
2024-10-15 04:39:42.805728 Zulu: Victor, Mike, Alpha and Juliett, sending you 3
2024-10-15 04:39:42.806821 Oscar: Zulu, sending you 4
2024-10-15 04:39:42.808752 Yankee: Sending you 2
2024-10-15 04:39:42.809089 Hotel: Mike and Oscar, sending you 1
2024-10-15 04:39:42.810497 India: Alpha and Juliett, sending you 3
2024-10-15 04:39:42.812768 Quebec: Sending you 19
2024-10-15 04:39:42.813138 Zulu: Oscar and India, sending you 4
2024-10-15 04:39:42.816680 India: Hotel, sending you 1
2024-10-15 04:39:42.817883 India: I was attacked by Oscar
ChatterBot Juliett reevaluating
ChatterBot Alpha reevaluating
ChatterBot Hotel reevaluating
ChatterBot Victor reevaluating
ChatterBot Mike reevaluating
ChatterBot Oscar reevaluating
ChatterBot Zulu reevaluating
2024-10-15 04:39:42.843584 India: Ow
2024-10-15 04:39:42.854904 Victor: We should drop Hotel
ChatterBot Mike reevaluating
ChatterBot Alpha reevaluating
ChatterBot Juliett reevaluating
ChatterBot Oscar reevaluating
ChatterBot Zulu reevaluating
ChatterBot India reevaluating
2024-10-15 04:39:42.882014 Mike: Yes
2024-10-15 04:39:42.882161 Alpha: No
2024-10-15 04:39:42.882274 Juliett: No
2024-10-15 04:39:42.882389 Oscar: Yes
2024-10-15 04:39:42.883028 Zulu: Yes
2024-10-15 04:39:42.883174 India: Yes
ChatterBot Alpha reevaluating
ChatterBot Juliett reevaluating
ChatterBot Victor reevaluating
ChatterBot Oscar reevaluating
ChatterBot Zulu reevaluating
ChatterBot India reevaluating
ChatterBot Mike reevaluating
ChatterBot Juliett reevaluating
ChatterBot Victor reevaluating
ChatterBot Oscar reevaluating
ChatterBot Zulu reevaluating
ChatterBot India reevaluating
ChatterBot Mike reevaluating
ChatterBot Alpha reevaluating
ChatterBot Victor reevaluating
ChatterBot Oscar reevaluating
ChatterBot Zulu reevaluating
ChatterBot India reevaluating
ChatterBot Mike reevaluating
ChatterBot Alpha reevaluating
ChatterBot Juliett reevaluating
ChatterBot Victor reevaluating
ChatterBot Zulu reevaluating
ChatterBot India reevaluating
ChatterBot Mike reevaluating
ChatterBot Alpha reevaluating
ChatterBot Juliett reevaluating
ChatterBot Victor reevaluating
ChatterBot Oscar reevaluating
ChatterBot India reevaluating
ChatterBot Mike reevaluating
ChatterBot Alpha reevaluating
ChatterBot Juliett reevaluating
ChatterBot Victor reevaluating
ChatterBot Oscar reevaluating
ChatterBot Zulu reevaluating
2024-10-15 04:39:43.007665 India: Victor, Alpha, Oscar and Juliett, sending you 2
2024-10-15 04:39:43.011711 India: Mike and Zulu, sending you 3
2024-10-15 04:39:43.020084 Victor: Sorry, I'm actually sending you 0
2024-10-15 04:39:43.025686 Victor: Mike, Alpha, Oscar, Juliett and Zulu, sending you 3
2024-10-15 04:39:43.030678 Victor: India, sending you 1
chatterbot Victor submitting transactions
chatterbot Juliett submitting transactions
