ChatterBot Lima round 1
ChatterBot Uniform round 1
ChatterBot Alpha round 1
ChatterBot Victor round 1
ChatterBot Golf round 1
ChatterBot Papa round 1
ChatterBot Whiskey round 1
ChatterBot Charlie round 1
ChatterBot Kilo round 1
ChatterBot Delta round 1
randomSelections Lima: {Lima, Whiskey, Alpha, Victor, Charlie} 
2024-10-15 04:39:27.767111 Lima: Can we be friends?
ChatterBot Whiskey reevaluating
ChatterBot Alpha reevaluating
ChatterBot Victor reevaluating
ChatterBot Charlie reevaluating
2024-10-15 04:39:27.782022 Whiskey: Yes
2024-10-15 04:39:27.782170 Alpha: Yes
2024-10-15 04:39:27.782321 Victor: Yes
2024-10-15 04:39:27.782523 Charlie: Yes
ChatterBot Alpha reevaluating
ChatterBot Victor reevaluating
ChatterBot Charlie reevaluating
ChatterBot Whiskey reevaluating
ChatterBot Victor reevaluating
ChatterBot Charlie reevaluating
ChatterBot Whiskey reevaluating
ChatterBot Alpha reevaluating
ChatterBot Charlie reevaluating
ChatterBot Whiskey reevaluating
ChatterBot Alpha reevaluating
ChatterBot Victor reevaluating
randomSelections Delta: {Delta, Victor, Kilo, Alpha, Whiskey, Uniform} 
2024-10-15 04:39:27.835002 Delta: We would work well together
ChatterBot Victor reevaluating
ChatterBot Kilo reevaluating
ChatterBot Alpha reevaluating
ChatterBot Whiskey reevaluating
ChatterBot Uniform reevaluating
2024-10-15 04:39:27.843210 Victor: No
2024-10-15 04:39:27.843619 Kilo: Yes
2024-10-15 04:39:27.844398 Alpha: No
2024-10-15 04:39:27.844649 Whiskey: No
2024-10-15 04:39:27.844882 Uniform: Yes
ChatterBot Kilo reevaluating
ChatterBot Alpha reevaluating
ChatterBot Whiskey reevaluating
ChatterBot Uniform reevaluating
ChatterBot Victor reevaluating
ChatterBot Alpha reevaluating
ChatterBot Whiskey reevaluating
ChatterBot Uniform reevaluating
ChatterBot Victor reevaluating
ChatterBot Kilo reevaluating
ChatterBot Whiskey reevaluating
ChatterBot Uniform reevaluating
ChatterBot Victor reevaluating
ChatterBot Kilo reevaluating
ChatterBot Alpha reevaluating
ChatterBot Uniform reevaluating
ChatterBot Victor reevaluating
ChatterBot Kilo reevaluating
ChatterBot Alpha reevaluating
ChatterBot Whiskey reevaluating
randomSelections Papa: {Papa, Golf, Alpha, Charlie, Lima, Victor} 
2024-10-15 04:39:27.893561 Papa: Let's form a team
ChatterBot Golf reevaluating
ChatterBot Alpha reevaluating
ChatterBot Charlie reevaluating
ChatterBot Victor reevaluating
2024-10-15 04:39:27.903120 Golf: Yes
2024-10-15 04:39:27.903325 Alpha: No
2024-10-15 04:39:27.903592 Charlie: No
2024-10-15 04:39:27.904034 Lima: No
2024-10-15 04:39:27.904490 Victor: No
ChatterBot Alpha reevaluating
ChatterBot Charlie reevaluating
ChatterBot Victor reevaluating
ChatterBot Golf reevaluating
ChatterBot Charlie reevaluating
ChatterBot Victor reevaluating
ChatterBot Golf reevaluating
ChatterBot Alpha reevaluating
ChatterBot Victor reevaluating
ChatterBot Golf reevaluating
ChatterBot Alpha reevaluating
ChatterBot Charlie reevaluating
ChatterBot Victor reevaluating
ChatterBot Golf reevaluating
ChatterBot Alpha reevaluating
ChatterBot Charlie reevaluating
2024-10-15 04:39:27.976592 Charlie: Lima, Victor and Whiskey, sending you 3
2024-10-15 04:39:27.978212 Uniform: Alpha, sending you 3
2024-10-15 04:39:27.980747 Charlie: Alpha, sending you 6
2024-10-15 04:39:27.982710 Delta: Uniform, sending you 5
2024-10-15 04:39:27.983028 Lima: Alpha, sending you 4
2024-10-15 04:39:27.983265 Papa: Lima, sending you 5
2024-10-15 04:39:27.985676 Uniform: Victor and Kilo, sending you 2
2024-10-15 04:39:27.987300 Alpha: Lima, sending you 2
2024-10-15 04:39:27.987856 Victor: Lima, sending you 2
2024-10-15 04:39:27.988459 Golf: Lima and Victor, sending you 1
2024-10-15 04:39:27.989843 Kilo: Uniform, Victor, Whiskey and Delta, sending you 3
2024-10-15 04:39:27.990544 Lima: Victor, sending you 5
2024-10-15 04:39:27.991547 Papa: Alpha and Golf, sending you 2
2024-10-15 04:39:27.992086 Delta: Alpha, sending you 2
2024-10-15 04:39:27.992626 Uniform: Whiskey, sending you 6
2024-10-15 04:39:27.993744 Victor: Alpha, sending you 7
2024-10-15 04:39:27.994196 Alpha: Victor, sending you 6
2024-10-15 04:39:27.994591 Kilo: Alpha, sending you 6
2024-10-15 04:39:27.996018 Golf: Alpha and Charlie, sending you 3
2024-10-15 04:39:27.996412 Lima: Whiskey, sending you 9
2024-10-15 04:39:27.996980 Delta: Victor, sending you 3
2024-10-15 04:39:27.998337 Papa: Victor, sending you 3
2024-10-15 04:39:27.998877 Whiskey: Lima, sending you 5
2024-10-15 04:39:27.999395 Alpha: Whiskey, sending you 4
2024-10-15 04:39:28.000851 Uniform: Delta, sending you 7
2024-10-15 04:39:28.001293 Victor: Whiskey, sending you 5
2024-10-15 04:39:28.001686 Golf: Papa, sending you 4
2024-10-15 04:39:28.002925 Delta: Whiskey, sending you 1
2024-10-15 04:39:28.003396 Papa: Charlie, sending you 4
2024-10-15 04:39:28.003866 Whiskey: Alpha, sending you 2
2024-10-15 04:39:28.004864 Alpha: Charlie, sending you 5
2024-10-15 04:39:28.005704 Victor: Charlie, sending you 1
2024-10-15 04:39:28.007705 Delta: Kilo, sending you 4
2024-10-15 04:39:28.008910 Whiskey: Charlie, sending you 6
chatterbot Lima submitting transactions
chatterbot Golf submitting transactions
chatterbot Victor submitting transactions
chatterbot Whiskey submitting transactions
chatterbot Delta submitting transactions
chatterbot Kilo submitting transactions
chatterbot Papa submitting transactions
chatterbot Charlie submitting transactions
chatterbot Uniform submitting transactions
chatterbot Alpha submitting transactions
ChatterBot Lima round 2
ChatterBot Uniform round 2
ChatterBot Alpha round 2
ChatterBot Victor round 2
ChatterBot Golf round 2
2024-10-15 04:39:30.983004 Uniform: Let's form a team
ChatterBot Kilo reevaluating
ChatterBot Delta reevaluating
2024-10-15 04:39:31.026417 Kilo: No
2024-10-15 04:39:31.026694 Delta: No
ChatterBot Delta reevaluating
ChatterBot Kilo reevaluating
2024-10-15 04:39:31.069502 Delta: We should group up
ChatterBot Kilo reevaluating
2024-10-15 04:39:31.082974 Kilo: Yes
ChatterBot Delta reevaluating
ChatterBot Papa round 2
2024-10-15 04:39:31.110366 Lima: We should add Golf and Papa
ChatterBot Whiskey reevaluating
ChatterBot Alpha reevaluating
ChatterBot Victor reevaluating
ChatterBot Charlie reevaluating
2024-10-15 04:39:31.157768 Whiskey: No
2024-10-15 04:39:31.157992 Alpha: No
2024-10-15 04:39:31.158163 Victor: Yes
2024-10-15 04:39:31.158316 Charlie: No
ChatterBot Alpha reevaluating
ChatterBot Victor reevaluating
ChatterBot Charlie reevaluating
ChatterBot Whiskey reevaluating
ChatterBot Victor reevaluating
ChatterBot Charlie reevaluating
ChatterBot Whiskey reevaluating
ChatterBot Alpha reevaluating
ChatterBot Charlie reevaluating
ChatterBot Lima reevaluating
ChatterBot Whiskey reevaluating
ChatterBot Alpha reevaluating
ChatterBot Victor reevaluating
2024-10-15 04:39:31.301770 Alpha: Let's form a team
ChatterBot Victor reevaluating
ChatterBot Kilo reevaluating
ChatterBot Delta reevaluating
ChatterBot Whiskey reevaluating
ChatterBot Uniform reevaluating
2024-10-15 04:39:31.512128 Victor: Yes
ChatterBot Charlie reevaluating
ChatterBot Lima reevaluating
2024-10-15 04:39:31.532669 Kilo: No
2024-10-15 04:39:31.532874 Delta: No
2024-10-15 04:39:31.533080 Whiskey: No
2024-10-15 04:39:31.533797 Uniform: Yes
2024-10-15 04:39:31.534057 Charlie: No
2024-10-15 04:39:31.534293 Lima: No
ChatterBot Alpha reevaluating
ChatterBot Charlie reevaluating
ChatterBot Lima reevaluating
ChatterBot Whiskey reevaluating
ChatterBot Uniform reevaluating
ChatterBot Kilo reevaluating
ChatterBot Delta reevaluating
ChatterBot Alpha reevaluating
ChatterBot Victor reevaluating
ChatterBot Charlie reevaluating
ChatterBot Lima reevaluating
ChatterBot Whiskey reevaluating
ChatterBot Uniform reevaluating
ChatterBot Delta reevaluating
ChatterBot Alpha reevaluating
ChatterBot Victor reevaluating
ChatterBot Charlie reevaluating
ChatterBot Lima reevaluating
ChatterBot Whiskey reevaluating
ChatterBot Uniform reevaluating
ChatterBot Kilo reevaluating
ChatterBot Alpha reevaluating
ChatterBot Victor reevaluating
ChatterBot Charlie reevaluating
ChatterBot Lima reevaluating
ChatterBot Uniform reevaluating
ChatterBot Kilo reevaluating
ChatterBot Delta reevaluating
ChatterBot Alpha reevaluating
ChatterBot Victor reevaluating
ChatterBot Charlie reevaluating
ChatterBot Lima reevaluating
ChatterBot Whiskey reevaluating
ChatterBot Kilo reevaluating
ChatterBot Delta reevaluating
ChatterBot Alpha reevaluating
ChatterBot Victor reevaluating
ChatterBot Lima reevaluating
ChatterBot Whiskey reevaluating
ChatterBot Uniform reevaluating
ChatterBot Kilo reevaluating
ChatterBot Delta reevaluating
ChatterBot Alpha reevaluating
ChatterBot Victor reevaluating
ChatterBot Charlie reevaluating
ChatterBot Whiskey reevaluating
ChatterBot Uniform reevaluating
ChatterBot Kilo reevaluating
ChatterBot Delta reevaluating
ChatterBot Whiskey round 2
2024-10-15 04:39:32.008023 Golf: Friends?
ChatterBot Papa reevaluating
ChatterBot Uniform reevaluating
ChatterBot Kilo reevaluating
ChatterBot Delta reevaluating
2024-10-15 04:39:32.042794 Papa: No
2024-10-15 04:39:32.042963 Uniform: No
2024-10-15 04:39:32.043072 Kilo: No
2024-10-15 04:39:32.043175 Delta: No
ChatterBot Uniform reevaluating
ChatterBot Kilo reevaluating
ChatterBot Delta reevaluating
ChatterBot Papa reevaluating
ChatterBot Kilo reevaluating
ChatterBot Delta reevaluating
ChatterBot Papa reevaluating
ChatterBot Uniform reevaluating
ChatterBot Delta reevaluating
ChatterBot Golf reevaluating
ChatterBot Papa reevaluating
ChatterBot Uniform reevaluating
ChatterBot Kilo reevaluating
ChatterBot Charlie round 2
ChatterBot Kilo round 2
ChatterBot Delta round 2
2024-10-15 04:39:32.179239 Lima: We should add Papa
ChatterBot Whiskey reevaluating
ChatterBot Alpha reevaluating
ChatterBot Victor reevaluating
ChatterBot Charlie reevaluating
2024-10-15 04:39:32.203412 Whiskey: No
2024-10-15 04:39:32.203556 Alpha: No
2024-10-15 04:39:32.203686 Victor: No
2024-10-15 04:39:32.203809 Charlie: Yes
ChatterBot Lima reevaluating
ChatterBot Alpha reevaluating
ChatterBot Victor reevaluating
ChatterBot Charlie reevaluating
ChatterBot Lima reevaluating
ChatterBot Whiskey reevaluating
ChatterBot Victor reevaluating
ChatterBot Charlie reevaluating
ChatterBot Lima reevaluating
ChatterBot Whiskey reevaluating
ChatterBot Alpha reevaluating
ChatterBot Charlie reevaluating
ChatterBot Lima reevaluating
ChatterBot Whiskey reevaluating
ChatterBot Alpha reevaluating
ChatterBot Victor reevaluating
2024-10-15 04:39:32.302739 Charlie: We should add Golf and Papa
ChatterBot Lima reevaluating
ChatterBot Whiskey reevaluating
ChatterBot Alpha reevaluating
ChatterBot Victor reevaluating
2024-10-15 04:39:32.327330 Lima: No
2024-10-15 04:39:32.327461 Whiskey: No
2024-10-15 04:39:32.327604 Alpha: No
2024-10-15 04:39:32.327719 Victor: No
ChatterBot Whiskey reevaluating
ChatterBot Alpha reevaluating
ChatterBot Victor reevaluating
ChatterBot Charlie reevaluating
ChatterBot Lima reevaluating
ChatterBot Alpha reevaluating
ChatterBot Victor reevaluating
ChatterBot Charlie reevaluating
ChatterBot Lima reevaluating
ChatterBot Whiskey reevaluating
ChatterBot Victor reevaluating
ChatterBot Charlie reevaluating
ChatterBot Lima reevaluating
ChatterBot Whiskey reevaluating
ChatterBot Alpha reevaluating
ChatterBot Charlie reevaluating
2024-10-15 04:39:32.462435 Uniform: Charlie and Lima we want you to join our group
ChatterBot Lima reevaluating
2024-10-15 04:39:32.480497 Charlie: No
2024-10-15 04:39:32.480747 Lima: No
ChatterBot Lima reevaluating
ChatterBot Kilo reevaluating
ChatterBot Delta reevaluating
ChatterBot Kilo reevaluating
ChatterBot Delta reevaluating
2024-10-15 04:39:32.558337 Kilo: We should add Charlie and Lima
2024-10-15 04:39:32.558701 Delta: We should add Charlie and Lima
ChatterBot Delta reevaluating
2024-10-15 04:39:32.579180 Delta: Yes
2024-10-15 04:39:32.579406 Victor: Yes
ChatterBot Kilo reevaluating
2024-10-15 04:39:32.588218 Alpha: Yes
2024-10-15 04:39:32.592662 Whiskey: Yes
2024-10-15 04:39:32.596921 Uniform: Yes
2024-10-15 04:39:32.600405 Victor: Yes
2024-10-15 04:39:32.600548 Kilo: Yes
2024-10-15 04:39:32.600670 Alpha: Yes
2024-10-15 04:39:32.600778 Whiskey: Yes
2024-10-15 04:39:32.600870 Uniform: Yes
ChatterBot Kilo reevaluating
ChatterBot Delta reevaluating
ChatterBot Kilo reevaluating
ChatterBot Delta reevaluating
ChatterBot Kilo reevaluating
ChatterBot Delta reevaluating
ChatterBot Kilo reevaluating
ChatterBot Delta reevaluating
ChatterBot Kilo reevaluating
ChatterBot Whiskey reevaluating
ChatterBot Delta reevaluating
ChatterBot Kilo reevaluating
ChatterBot Whiskey reevaluating
ChatterBot Delta reevaluating
ChatterBot Whiskey reevaluating
ChatterBot Delta reevaluating
ChatterBot Kilo reevaluating
ChatterBot Whiskey reevaluating
ChatterBot Delta reevaluating
ChatterBot Kilo reevaluating
ChatterBot Delta reevaluating
ChatterBot Kilo reevaluating
ChatterBot Whiskey reevaluating
2024-10-15 04:39:33.005212 Golf: We should drop Lima
ChatterBot Charlie reevaluating
2024-10-15 04:39:33.022888 Papa: Yes
2024-10-15 04:39:33.023155 Alpha: No
2024-10-15 04:39:33.023422 Victor: No
2024-10-15 04:39:33.023639 Charlie: No
ChatterBot Golf reevaluating
ChatterBot Charlie reevaluating
ChatterBot Golf reevaluating
ChatterBot Papa reevaluating
ChatterBot Charlie reevaluating
ChatterBot Golf reevaluating
ChatterBot Papa reevaluating
ChatterBot Charlie reevaluating
ChatterBot Golf reevaluating
ChatterBot Papa reevaluating
2024-10-15 04:39:33.113847 Kilo: Charlie and Lima we want you to join our group
ChatterBot Lima reevaluating
2024-10-15 04:39:33.129146 Charlie: No
2024-10-15 04:39:33.129346 Lima: No
ChatterBot Lima reevaluating
ChatterBot Whiskey reevaluating
ChatterBot Delta reevaluating
ChatterBot Whiskey reevaluating
ChatterBot Delta reevaluating
2024-10-15 04:39:33.213695 Alpha: Lima, Uniform, Whiskey and Delta, sending you 2
2024-10-15 04:39:33.214690 Uniform: Lima, Alpha, Victor, Whiskey and Charlie, sending you 1
2024-10-15 04:39:33.215199 Victor: Lima, Alpha, Charlie, Kilo and Delta, sending you 3
2024-10-15 04:39:33.216236 Delta: Charlie and Lima we want you to join our group
2024-10-15 04:39:33.226042 Charlie: No
2024-10-15 04:39:33.226233 Lima: No
ChatterBot Whiskey reevaluating
ChatterBot Whiskey reevaluating
2024-10-15 04:39:33.294673 Lima: Papa we want you to join our group
ChatterBot Papa reevaluating
2024-10-15 04:39:33.298978 Papa: Yes
ChatterBot Charlie reevaluating
ChatterBot Whiskey reevaluating
2024-10-15 04:39:33.320953 Papa: We should add Whiskey
ChatterBot Golf reevaluating
ChatterBot Charlie reevaluating
2024-10-15 04:39:33.344025 Golf: No
2024-10-15 04:39:33.344166 Alpha: Yes
2024-10-15 04:39:33.344842 Charlie: Yes
2024-10-15 04:39:33.344936 Lima: Yes
2024-10-15 04:39:33.345025 Victor: Yes
ChatterBot Papa reevaluating
ChatterBot Charlie reevaluating
ChatterBot Papa reevaluating
ChatterBot Golf reevaluating
ChatterBot Charlie reevaluating
ChatterBot Papa reevaluating
ChatterBot Golf reevaluating
ChatterBot Papa reevaluating
ChatterBot Golf reevaluating
ChatterBot Charlie reevaluating
ChatterBot Papa reevaluating
ChatterBot Golf reevaluating
ChatterBot Charlie reevaluating
2024-10-15 04:39:33.462635 Alpha: Victor, Charlie and Kilo, sending you 3
2024-10-15 04:39:33.463385 Uniform: Kilo, sending you 6
2024-10-15 04:39:33.463782 Victor: Uniform and Whiskey, sending you 2
chatterbot Uniform submitting transactions
chatterbot Lima submitting transactions
2024-10-15 04:39:33.467689 Uniform: Delta, sending you 9
2024-10-15 04:39:33.469255 Kilo: Lima, Alpha, Victor and Charlie, sending you 1
2024-10-15 04:39:33.470120 Charlie: Papa we want you to join our group
ChatterBot Papa reevaluating
2024-10-15 04:39:33.479128 Papa: Yes
ChatterBot Charlie reevaluating
ChatterBot Whiskey reevaluating
2024-10-15 04:39:33.515602 Kilo: Uniform, sending you 5
2024-10-15 04:39:33.525915 Papa: Whiskey we want you to join our group
ChatterBot Whiskey reevaluating
2024-10-15 04:39:33.531839 Whiskey: No
ChatterBot Papa reevaluating
ChatterBot Golf reevaluating
ChatterBot Charlie reevaluating
2024-10-15 04:39:33.565359 Lima: Alpha, Victor and Charlie, sending you 3
2024-10-15 04:39:33.566327 Kilo: Delta, sending you 9
2024-10-15 04:39:33.566870 Delta: Lima, Alpha, Victor, Whiskey and Charlie, sending you 2
2024-10-15 04:39:33.614728 Lima: Papa, sending you 4
2024-10-15 04:39:33.615857 Delta: Uniform, sending you 6
chatterbot Lima submitting transactions
2024-10-15 04:39:33.623138 Delta: Kilo, sending you 3
2024-10-15 04:39:33.623757 Lima: Whiskey, sending you 5
2024-10-15 04:39:33.642919 Whiskey: Lima, sending you 5
2024-10-15 04:39:33.643453 Papa: Golf, sending you 5
chatterbot Alpha submitting transactions
2024-10-15 04:39:33.649329 Whiskey: Alpha and Victor, sending you 3
2024-10-15 04:39:33.650535 Charlie: Lima, sending you 1
2024-10-15 04:39:33.660020 Whiskey: Charlie, sending you 2
2024-10-15 04:39:33.660638 Charlie: Alpha, sending you 4
2024-10-15 04:39:33.690399 Charlie: Victor, sending you 2
2024-10-15 04:39:33.694092 Charlie: Papa, sending you 3
2024-10-15 04:39:33.700406 Charlie: Whiskey, sending you 5
chatterbot Victor submitting transactions
chatterbot Golf submitting transactions
chatterbot Kilo submitting transactions
chatterbot Delta submitting transactions
chatterbot Papa submitting transactions
chatterbot Whiskey submitting transactions
chatterbot Charlie submitting transactions
ChatterBot Lima round 3
ChatterBot Uniform round 3
ChatterBot Alpha round 3
ChatterBot Victor round 3
ChatterBot Golf round 3
ChatterBot Papa round 3
ChatterBot Whiskey round 3
ChatterBot Charlie round 3
ChatterBot Kilo round 3
ChatterBot Delta round 3
2024-10-15 04:39:34.802860 Lima: We should drop Papa
ChatterBot Whiskey reevaluating
ChatterBot Charlie reevaluating
2024-10-15 04:39:34.825542 Whiskey: Yes
2024-10-15 04:39:34.825993 Alpha: Yes
2024-10-15 04:39:34.826392 Victor: Yes
2024-10-15 04:39:34.826699 Charlie: Yes
ChatterBot Charlie reevaluating
ChatterBot Whiskey reevaluating
ChatterBot Charlie reevaluating
ChatterBot Whiskey reevaluating
ChatterBot Charlie reevaluating
ChatterBot Whiskey reevaluating
2024-10-15 04:39:34.966697 Uniform: Lima, Whiskey and Charlie, sending you 1
2024-10-15 04:39:34.968378 Alpha: Lima, Uniform, Whiskey, Kilo and Delta, sending you 2
2024-10-15 04:39:34.971696 Uniform: Alpha, sending you 3
2024-10-15 04:39:34.973751 Alpha: Victor, sending you 4
2024-10-15 04:39:34.974705 Uniform: Victor, sending you 2
2024-10-15 04:39:34.977146 Alpha: Charlie, sending you 3
2024-10-15 04:39:34.978714 Victor: Lima, Alpha, Whiskey, Charlie and Delta, sending you 3
2024-10-15 04:39:34.980627 Uniform: Kilo, sending you 5
2024-10-15 04:39:34.981715 Lima: Alpha, Victor and Charlie, sending you 4
2024-10-15 04:39:34.982151 Kilo: Lima, Whiskey and Charlie, sending you 1
2024-10-15 04:39:34.983441 Victor: Uniform and Kilo, sending you 2
2024-10-15 04:39:34.983966 Papa: Golf, sending you 4
2024-10-15 04:39:34.984281 Whiskey: Lima, sending you 4
2024-10-15 04:39:34.984630 Delta: Lima, Alpha, Whiskey and Charlie, sending you 2
2024-10-15 04:39:34.985153 Uniform: Delta, sending you 7
2024-10-15 04:39:34.985703 Kilo: Uniform, sending you 5
2024-10-15 04:39:34.987359 Charlie: Lima, sending you 2
2024-10-15 04:39:34.987800 Lima: Whiskey, sending you 6
2024-10-15 04:39:34.988189 Whiskey: Alpha, Victor and Charlie, sending you 3
2024-10-15 04:39:34.988680 Delta: Uniform and Kilo, sending you 4
2024-10-15 04:39:34.991703 Kilo: Alpha and Victor, sending you 3
2024-10-15 04:39:34.992386 Delta: Victor, sending you 3
2024-10-15 04:39:34.993605 Charlie: Alpha and Whiskey, sending you 5
2024-10-15 04:39:34.995681 Kilo: Delta, sending you 4
2024-10-15 04:39:34.997 Charlie: Victor, sending you 3
chatterbot Golf submitting transactions
chatterbot Victor submitting transactions
chatterbot Kilo submitting transactions
chatterbot Alpha submitting transactions
chatterbot Papa submitting transactions
chatterbot Delta submitting transactions
chatterbot Uniform submitting transactions
chatterbot Whiskey submitting transactions
chatterbot Lima submitting transactions
chatterbot Charlie submitting transactions
ChatterBot Lima round 4
ChatterBot Uniform round 4
ChatterBot Alpha round 4
ChatterBot Victor round 4
ChatterBot Golf round 4
ChatterBot Papa round 4
ChatterBot Whiskey round 4
ChatterBot Charlie round 4
ChatterBot Kilo round 4
2024-10-15 04:39:36.060699 Golf: Group up?
ChatterBot Papa reevaluating
2024-10-15 04:39:36.069178 Papa: No
2024-10-15 04:39:36.069321 Whiskey: No
ChatterBot Golf reevaluating
ChatterBot Golf reevaluating
ChatterBot Papa reevaluating
ChatterBot Delta round 4
2024-10-15 04:39:36.104762 Uniform: Lima, Whiskey and Charlie, sending you 1
2024-10-15 04:39:36.109678 Uniform: Alpha and Victor, sending you 3
2024-10-15 04:39:36.110630 Whiskey: Lima, sending you 4
2024-10-15 04:39:36.111310 Papa: Sending you 3
2024-10-15 04:39:36.115115 Uniform: Kilo, sending you 5
2024-10-15 04:39:36.115683 Whiskey: Alpha, Victor and Charlie, sending you 3
2024-10-15 04:39:36.116136 Victor: Lima, Alpha, Whiskey, Charlie, Kilo and Delta, sending you 3
2024-10-15 04:39:36.116704 Alpha: Lima, Victor and Charlie, sending you 3
2024-10-15 04:39:36.117297 Delta: Lima and Charlie, sending you 2
2024-10-15 04:39:36.117819 Charlie: Lima and Victor, sending you 3
2024-10-15 04:39:36.118305 Lima: Alpha, Victor and Charlie, sending you 4
2024-10-15 04:39:36.120681 Uniform: Delta, sending you 6
2024-10-15 04:39:36.122236 Delta: Uniform and Kilo, sending you 4
2024-10-15 04:39:36.122763 Charlie: Alpha, sending you 5
2024-10-15 04:39:36.123114 Victor: Uniform, sending you 1
2024-10-15 04:39:36.123548 Alpha: Uniform, Whiskey, Kilo and Delta, sending you 2
2024-10-15 04:39:36.124121 Kilo: Lima and Charlie, sending you 1
2024-10-15 04:39:36.124693 Lima: Whiskey, sending you 6
2024-10-15 04:39:36.127253 Charlie: Whiskey, sending you 4
2024-10-15 04:39:36.127924 Delta: Alpha and Victor, sending you 3
2024-10-15 04:39:36.128692 Kilo: Uniform and Delta, sending you 5
2024-10-15 04:39:36.130652 Delta: Whiskey, sending you 1
2024-10-15 04:39:36.132712 Kilo: Alpha and Victor, sending you 3
chatterbot Lima submitting transactions
chatterbot Delta submitting transactions
chatterbot Victor submitting transactions
chatterbot Papa submitting transactions
chatterbot Alpha submitting transactions
chatterbot Whiskey submitting transactions
chatterbot Uniform submitting transactions
chatterbot Kilo submitting transactions
chatterbot Golf submitting transactions
chatterbot Charlie submitting transactions
ChatterBot Lima round 5
ChatterBot Uniform round 5
ChatterBot Alpha round 5
ChatterBot Victor round 5
ChatterBot Golf round 5
ChatterBot Papa round 5
ChatterBot Whiskey round 5
ChatterBot Charlie round 5
ChatterBot Kilo round 5
ChatterBot Delta round 5
2024-10-15 04:39:37.280662 Lima: Alpha, Victor and Charlie, sending you 4
2024-10-15 04:39:37.282447 Alpha: Lima, Victor and Charlie, sending you 3
2024-10-15 04:39:37.284628 Whiskey: Lima, sending you 4
2024-10-15 04:39:37.285542 Papa: Sending you 2
2024-10-15 04:39:37.287318 Lima: Whiskey, sending you 6
2024-10-15 04:39:37.289238 Alpha: Uniform, Whiskey, Kilo and Delta, sending you 2
2024-10-15 04:39:37.292157 Charlie: Lima and Victor, sending you 3
2024-10-15 04:39:37.293702 Whiskey: Alpha, Victor and Charlie, sending you 3
2024-10-15 04:39:37.294869 Victor: Lima, Alpha, Whiskey, Charlie, Kilo and Delta, sending you 3
2024-10-15 04:39:37.296935 Uniform: Lima, Whiskey and Charlie, sending you 1
2024-10-15 04:39:37.298141 Kilo: Lima and Charlie, sending you 1
2024-10-15 04:39:37.300340 Charlie: Alpha, sending you 4
2024-10-15 04:39:37.301421 Delta: Uniform, sending you 6
2024-10-15 04:39:37.303708 Victor: Uniform, sending you 1
2024-10-15 04:39:37.304997 Uniform: Alpha and Victor, sending you 3
2024-10-15 04:39:37.306377 Kilo: Uniform and Delta, sending you 5
2024-10-15 04:39:37.307367 Charlie: Whiskey, sending you 5
2024-10-15 04:39:37.308664 Delta: Alpha and Victor, sending you 4
2024-10-15 04:39:37.310826 Kilo: Alpha and Victor, sending you 3
2024-10-15 04:39:37.311965 Uniform: Kilo, sending you 5
2024-10-15 04:39:37.314690 Delta: Kilo, sending you 5
2024-10-15 04:39:37.317225 Uniform: Delta, sending you 6
chatterbot Lima submitting transactions
chatterbot Golf submitting transactions
chatterbot Alpha submitting transactions
chatterbot Uniform submitting transactions
chatterbot Victor submitting transactions
chatterbot Charlie submitting transactions
chatterbot Kilo submitting transactions
chatterbot Papa submitting transactions
chatterbot Whiskey submitting transactions
chatterbot Delta submitting transactions
ChatterBot Lima round 6
ChatterBot Uniform round 6
ChatterBot Alpha round 6
ChatterBot Victor round 6
ChatterBot Golf round 6
ChatterBot Papa round 6
ChatterBot Whiskey round 6
ChatterBot Charlie round 6
ChatterBot Kilo round 6
ChatterBot Delta round 6
2024-10-15 04:39:38.531225 Charlie: Let's form a team
ChatterBot Whiskey reevaluating
2024-10-15 04:39:38.553964 Alpha: Yes
2024-10-15 04:39:38.554126 Victor: Yes
2024-10-15 04:39:38.554258 Lima: No
2024-10-15 04:39:38.554378 Whiskey: Yes
2024-10-15 04:39:38.554494 Uniform: Yes
2024-10-15 04:39:38.554626 Kilo: Yes
2024-10-15 04:39:38.554774 Delta: Yes
ChatterBot Charlie reevaluating
ChatterBot Whiskey reevaluating
ChatterBot Charlie reevaluating
ChatterBot Whiskey reevaluating
ChatterBot Charlie reevaluating
ChatterBot Whiskey reevaluating
ChatterBot Charlie reevaluating
ChatterBot Charlie reevaluating
ChatterBot Lima reevaluating
ChatterBot Whiskey reevaluating
ChatterBot Charlie reevaluating
ChatterBot Lima reevaluating
ChatterBot Whiskey reevaluating
ChatterBot Charlie reevaluating
ChatterBot Lima reevaluating
ChatterBot Whiskey reevaluating
2024-10-15 04:39:38.749982 Uniform: Lima and Charlie, sending you 1
2024-10-15 04:39:38.751034 Papa: Same as last round
2024-10-15 04:39:38.751674 Alpha: Lima, Victor, Whiskey and Charlie, sending you 3
2024-10-15 04:39:38.753751 Uniform: Alpha and Victor, sending you 3
2024-10-15 04:39:38.756671 Uniform: Kilo, sending you 5
2024-10-15 04:39:38.757703 Victor: Lima, Alpha, Whiskey, Charlie, Kilo and Delta, sending you 3
2024-10-15 04:39:38.760170 Alpha: Uniform, sending you 1
2024-10-15 04:39:38.762029 Charlie: Lima, Alpha, Victor and Whiskey, sending you 3
2024-10-15 04:39:38.764584 Uniform: Delta, sending you 7
2024-10-15 04:39:38.767226 Victor: Uniform, sending you 1
2024-10-15 04:39:38.769388 Alpha: Kilo and Delta, sending you 2
2024-10-15 04:39:38.770992 Charlie: Uniform, Kilo and Delta, sending you 1
2024-10-15 04:39:38.773213 Delta: Uniform, sending you 6
2024-10-15 04:39:38.775554 Kilo: Lima, sending you 1
2024-10-15 04:39:38.776417 Whiskey: Lima and Charlie, sending you 3
2024-10-15 04:39:38.780070 Delta: Alpha and Victor, sending you 4
2024-10-15 04:39:38.781344 Kilo: Uniform and Delta, sending you 5
2024-10-15 04:39:38.783390 Whiskey: Uniform, Kilo and Delta, sending you 1
2024-10-15 04:39:38.784311 Delta: Kilo, sending you 5
2024-10-15 04:39:38.787667 Kilo: Alpha, sending you 3
2024-10-15 04:39:38.788674 Whiskey: Alpha and Victor, sending you 2
2024-10-15 04:39:38.791663 Kilo: Victor, sending you 4
chatterbot Victor submitting transactions
chatterbot Papa submitting transactions
chatterbot Kilo submitting transactions
chatterbot Lima submitting transactions
chatterbot Golf submitting transactions
chatterbot Alpha submitting transactions
chatterbot Whiskey submitting transactions
chatterbot Uniform submitting transactions
chatterbot Charlie submitting transactions
chatterbot Delta submitting transactions
ChatterBot Lima round 7
ChatterBot Uniform round 7
ChatterBot Alpha round 7
ChatterBot Victor round 7
ChatterBot Golf round 7
ChatterBot Papa round 7
ChatterBot Whiskey round 7
ChatterBot Charlie round 7
ChatterBot Kilo round 7
ChatterBot Delta round 7
2024-10-15 04:39:39.568945 Lima: We should add Uniform and Kilo
2024-10-15 04:39:39.629030 Whiskey: Yes
2024-10-15 04:39:39.629248 Alpha: Yes
2024-10-15 04:39:39.629416 Victor: Yes
2024-10-15 04:39:39.629567 Charlie: Yes
ChatterBot Lima reevaluating
ChatterBot Lima reevaluating
ChatterBot Lima reevaluating
ChatterBot Lima reevaluating
2024-10-15 04:39:39.838422 Lima: We should add Kilo and Delta
2024-10-15 04:39:39.855007 Whiskey: Yes
2024-10-15 04:39:39.855241 Alpha: Yes
2024-10-15 04:39:39.855436 Victor: Yes
2024-10-15 04:39:39.855593 Charlie: Yes
ChatterBot Lima reevaluating
ChatterBot Lima reevaluating
ChatterBot Lima reevaluating
ChatterBot Lima reevaluating
2024-10-15 04:39:39.928691 Lima: We should add Uniform and Delta
2024-10-15 04:39:39.950725 Whiskey: Yes
2024-10-15 04:39:39.951217 Alpha: Yes
2024-10-15 04:39:39.951554 Victor: Yes
2024-10-15 04:39:39.951801 Charlie: Yes
ChatterBot Lima reevaluating
ChatterBot Lima reevaluating
ChatterBot Lima reevaluating
ChatterBot Lima reevaluating
2024-10-15 04:39:40.030189 Golf: We should drop Kilo and Delta
2024-10-15 04:39:40.043065 Papa: Yes
2024-10-15 04:39:40.043837 Uniform: No
ChatterBot Golf reevaluating
ChatterBot Golf reevaluating
2024-10-15 04:39:40.066379 Uniform: Lima and Charlie, sending you 1
2024-10-15 04:39:40.071688 Uniform: Alpha, sending you 3
2024-10-15 04:39:40.073639 Whiskey: Lima and Charlie, sending you 3
2024-10-15 04:39:40.074493 Alpha: Lima, Victor and Charlie, sending you 3
2024-10-15 04:39:40.076677 Charlie: Lima, Alpha, Victor and Whiskey, sending you 3
2024-10-15 04:39:40.077756 Uniform: Victor and Whiskey, sending you 2
2024-10-15 04:39:40.078806 Papa: Same as last round
2024-10-15 04:39:40.079603 Whiskey: Uniform, Kilo and Delta, sending you 1
2024-10-15 04:39:40.080997 Alpha: Uniform, Whiskey, Kilo and Delta, sending you 2
2024-10-15 04:39:40.082899 Victor: Lima, Alpha, Whiskey, Charlie, Kilo and Delta, sending you 3
2024-10-15 04:39:40.084207 Charlie: Uniform, Kilo and Delta, sending you 1
2024-10-15 04:39:40.085986 Uniform: Kilo, sending you 5
2024-10-15 04:39:40.087131 Whiskey: Alpha and Victor, sending you 2
2024-10-15 04:39:40.088622 Victor: Uniform, sending you 1
2024-10-15 04:39:40.089898 Lima: Uniform, Kilo and Delta, sending you 2
2024-10-15 04:39:40.091666 Delta: Lima, Whiskey and Charlie, sending you 2
2024-10-15 04:39:40.092701 Uniform: Delta, sending you 6
2024-10-15 04:39:40.093833 Kilo: Lima, Whiskey and Charlie, sending you 1
2024-10-15 04:39:40.095710 Lima: Alpha, Victor, Whiskey and Charlie, sending you 3
2024-10-15 04:39:40.097766 Delta: Uniform, sending you 4
2024-10-15 04:39:40.098828 Kilo: Uniform, sending you 4
2024-10-15 04:39:40.103112 Delta: Alpha, Victor and Kilo, sending you 3
2024-10-15 04:39:40.104156 Kilo: Alpha and Victor, sending you 3
2024-10-15 04:39:40.109658 Kilo: Delta, sending you 5
chatterbot Papa submitting transactions
chatterbot Uniform submitting transactions
chatterbot Kilo submitting transactions
chatterbot Alpha submitting transactions
chatterbot Victor submitting transactions
chatterbot Whiskey submitting transactions
chatterbot Golf submitting transactions
chatterbot Lima submitting transactions
chatterbot Charlie submitting transactions
chatterbot Delta submitting transactions
ChatterBot Lima round 8
ChatterBot Uniform round 8
ChatterBot Alpha round 8
ChatterBot Victor round 8
ChatterBot Golf round 8
ChatterBot Papa round 8
ChatterBot Whiskey round 8
ChatterBot Charlie round 8
ChatterBot Kilo round 8
ChatterBot Delta round 8
2024-10-15 04:39:41.143056 Lima: We should drop Uniform
2024-10-15 04:39:41.166499 Alpha: No
2024-10-15 04:39:41.166847 Victor: No
2024-10-15 04:39:41.167088 Whiskey: No
2024-10-15 04:39:41.167304 Charlie: No
2024-10-15 04:39:41.167453 Kilo: No
2024-10-15 04:39:41.168388 Delta: No
ChatterBot Lima reevaluating
ChatterBot Lima reevaluating
ChatterBot Lima reevaluating
ChatterBot Lima reevaluating
ChatterBot Lima reevaluating
ChatterBot Lima reevaluating
2024-10-15 04:39:41.334337 Lima: We should drop Delta
2024-10-15 04:39:41.374452 Alpha: No
2024-10-15 04:39:41.375587 Victor: No
2024-10-15 04:39:41.375830 Whiskey: No
2024-10-15 04:39:41.376059 Charlie: No
2024-10-15 04:39:41.376234 Uniform: No
2024-10-15 04:39:41.376411 Kilo: No
ChatterBot Lima reevaluating
ChatterBot Lima reevaluating
ChatterBot Lima reevaluating
ChatterBot Lima reevaluating
ChatterBot Lima reevaluating
ChatterBot Lima reevaluating
2024-10-15 04:39:41.606784 Alpha: Lima, Victor and Charlie, sending you 3
2024-10-15 04:39:41.609106 Uniform: Lima, Victor and Whiskey, sending you 2
2024-10-15 04:39:41.612855 Uniform: Alpha, sending you 3
2024-10-15 04:39:41.613917 Charlie: Lima, Alpha, Victor and Whiskey, sending you 3
2024-10-15 04:39:41.615415 Whiskey: Lima and Charlie, sending you 3
2024-10-15 04:39:41.616577 Kilo: Lima, sending you 2
2024-10-15 04:39:41.618408 Victor: Lima, Alpha, Whiskey, Charlie, Kilo and Delta, sending you 3
2024-10-15 04:39:41.620625 Alpha: Uniform, Whiskey, Kilo and Delta, sending you 2
2024-10-15 04:39:41.621719 Papa: Sending you 1
2024-10-15 04:39:41.622820 Uniform: Charlie, sending you 1
2024-10-15 04:39:41.623686 Charlie: Uniform, Kilo and Delta, sending you 1
2024-10-15 04:39:41.625280 Whiskey: Uniform, Kilo and Delta, sending you 1
2024-10-15 04:39:41.626739 Kilo: Uniform and Delta, sending you 4
2024-10-15 04:39:41.628787 Victor: Uniform, sending you 1
2024-10-15 04:39:41.629828 Uniform: Kilo and Delta, sending you 5
2024-10-15 04:39:41.631374 Whiskey: Alpha and Victor, sending you 2
2024-10-15 04:39:41.632315 Delta: Lima, Whiskey and Charlie, sending you 2
2024-10-15 04:39:41.634684 Kilo: Alpha and Victor, sending you 3
2024-10-15 04:39:41.637694 Delta: Uniform, sending you 4
2024-10-15 04:39:41.640857 Kilo: Whiskey and Charlie, sending you 1
2024-10-15 04:39:41.643660 Delta: Alpha, Victor and Kilo, sending you 3
2024-10-15 04:39:41.653682 Lima: Alpha, Victor, Charlie and Delta, sending you 3
2024-10-15 04:39:41.657676 Lima: Whiskey, sending you 4
2024-10-15 04:39:41.662139 Lima: Kilo, sending you 2
chatterbot Whiskey submitting transactions
chatterbot Papa submitting transactions
chatterbot Victor submitting transactions
chatterbot Kilo submitting transactions
chatterbot Delta submitting transactions
chatterbot Charlie submitting transactions
chatterbot Uniform submitting transactions
chatterbot Alpha submitting transactions
chatterbot Golf submitting transactions
chatterbot Lima submitting transactions
ChatterBot Lima round 9
ChatterBot Uniform round 9
ChatterBot Alpha round 9
ChatterBot Victor round 9
ChatterBot Golf round 9
ChatterBot Papa round 9
ChatterBot Whiskey round 9
ChatterBot Charlie round 9
ChatterBot Kilo round 9
ChatterBot Delta round 9
2024-10-15 04:39:42.685063 Lima: We should add Uniform
2024-10-15 04:39:42.707641 Alpha: Yes
2024-10-15 04:39:42.707915 Victor: Yes
2024-10-15 04:39:42.708055 Whiskey: Yes
2024-10-15 04:39:42.708194 Charlie: Yes
2024-10-15 04:39:42.708313 Kilo: Yes
2024-10-15 04:39:42.708430 Delta: Yes
ChatterBot Lima reevaluating
ChatterBot Lima reevaluating
ChatterBot Lima reevaluating
ChatterBot Lima reevaluating
ChatterBot Lima reevaluating
2024-10-15 04:39:42.878784 Golf: We should drop Kilo and Delta
2024-10-15 04:39:42.888598 Papa: Yes
2024-10-15 04:39:42.888887 Uniform: No
ChatterBot Golf reevaluating
ChatterBot Golf reevaluating
2024-10-15 04:39:42.909119 Lima: Uniform we want you to join our group
2024-10-15 04:39:42.916994 Uniform: Yes
ChatterBot Lima reevaluating
2024-10-15 04:39:42.948670 Lima: We should replace Kilo with Uniform
2024-10-15 04:39:42.971084 Alpha: No
2024-10-15 04:39:42.971237 Victor: No
2024-10-15 04:39:42.971349 Whiskey: No
2024-10-15 04:39:42.971475 Charlie: No
2024-10-15 04:39:42.971577 Delta: No
ChatterBot Lima reevaluating
ChatterBot Lima reevaluating
ChatterBot Lima reevaluating
ChatterBot Lima reevaluating
ChatterBot Lima reevaluating
2024-10-15 04:39:43.050055 Victor: Lima, Alpha, Whiskey, Charlie, Kilo and Delta, sending you 3
2024-10-15 04:39:43.051208 Papa: Same as last round
2024-10-15 04:39:43.051458 Uniform: Lima, sending you 1
2024-10-15 04:39:43.052217 Delta: Lima, Whiskey and Charlie, sending you 2
2024-10-15 04:39:43.052931 Charlie: Lima, Alpha, Victor and Whiskey, sending you 3
2024-10-15 04:39:43.054145 Kilo: Lima, sending you 2
2024-10-15 04:39:43.054854 Whiskey: Lima, sending you 4
2024-10-15 04:39:43.055518 Alpha: Lima, Victor and Charlie, sending you 3
2024-10-15 04:39:43.056262 Victor: Uniform, sending you 1
2024-10-15 04:39:43.057363 Uniform: Alpha, sending you 3
2024-10-15 04:39:43.058050 Delta: Uniform, sending you 4
2024-10-15 04:39:43.058822 Charlie: Uniform, sending you 1
2024-10-15 04:39:43.059517 Kilo: Uniform and Delta, sending you 4
2024-10-15 04:39:43.060293 Whiskey: Uniform, Kilo and Delta, sending you 1
2024-10-15 04:39:43.061424 Alpha: Uniform, Whiskey, Kilo and Delta, sending you 2
2024-10-15 04:39:43.062190 Uniform: Victor, Whiskey and Charlie, sending you 2
2024-10-15 04:39:43.062978 Delta: Alpha, Victor and Kilo, sending you 3
2024-10-15 04:39:43.064604 Charlie: Delta, sending you 2
2024-10-15 04:39:43.065860 Kilo: Alpha and Victor, sending you 3
2024-10-15 04:39:43.067051 Whiskey: Alpha, Victor and Charlie, sending you 2
2024-10-15 04:39:43.068844 Uniform: Kilo and Delta, sending you 5
2024-10-15 04:39:43.070651 Kilo: Whiskey and Charlie, sending you 1
2024-10-15 04:39:43.077353 Lima: Uniform, Kilo and Delta, sending you 2
2024-10-15 04:39:43.081677 Lima: Alpha, Victor, Whiskey and Charlie, sending you 3
chatterbot Kilo submitting transactions
chatterbot Delta submitting transactions
chatterbot Alpha submitting transactions
chatterbot Victor submitting transactions
chatterbot Uniform submitting transactions
chatterbot Golf submitting transactions
chatterbot Charlie submitting transactions
chatterbot Whiskey submitting transactions
chatterbot Papa submitting transactions
chatterbot Lima submitting transactions
ChatterBot Lima round 10
ChatterBot Uniform round 10
ChatterBot Alpha round 10
ChatterBot Victor round 10
ChatterBot Golf round 10
ChatterBot Papa round 10
ChatterBot Whiskey round 10
ChatterBot Charlie round 10
ChatterBot Kilo round 10
ChatterBot Delta round 10
2024-10-15 04:39:44.168258 Lima: We should drop Kilo
2024-10-15 04:39:44.196306 Alpha: No
2024-10-15 04:39:44.196512 Victor: No
2024-10-15 04:39:44.196674 Whiskey: No
2024-10-15 04:39:44.196823 Charlie: No
2024-10-15 04:39:44.196948 Uniform: No
2024-10-15 04:39:44.197075 Delta: No
ChatterBot Lima reevaluating
ChatterBot Lima reevaluating
ChatterBot Lima reevaluating
ChatterBot Lima reevaluating
ChatterBot Lima reevaluating
ChatterBot Lima reevaluating
2024-10-15 04:39:44.585697 Victor: Lima, Alpha, Whiskey, Charlie, Kilo and Delta, sending you 3
2024-10-15 04:39:44.588723 Uniform: Lima, Victor, Whiskey and Charlie, sending you 2
2024-10-15 04:39:44.593025 Alpha: Lima, Victor and Charlie, sending you 3
2024-10-15 04:39:44.597339 Victor: Uniform, sending you 1
2024-10-15 04:39:44.600257 Uniform: Alpha, sending you 3
2024-10-15 04:39:44.604657 Alpha: Uniform, Whiskey, Kilo and Delta, sending you 2
2024-10-15 04:39:44.609688 Papa: Same as last round
2024-10-15 04:39:44.610187 Delta: Lima, Whiskey and Charlie, sending you 2
2024-10-15 04:39:44.615092 Whiskey: Lima, sending you 4
2024-10-15 04:39:44.618042 Charlie: Lima, Alpha, Victor and Whiskey, sending you 3
2024-10-15 04:39:44.621592 Kilo: Lima and Whiskey, sending you 2
2024-10-15 04:39:44.624382 Uniform: Kilo, sending you 4
2024-10-15 04:39:44.628097 Delta: Uniform, sending you 4
2024-10-15 04:39:44.631016 Whiskey: Uniform, Kilo and Delta, sending you 1
2024-10-15 04:39:44.635125 Charlie: Uniform, sending you 1
2024-10-15 04:39:44.639510 Kilo: Uniform and Delta, sending you 4
2024-10-15 04:39:44.643979 Lima: Uniform, Kilo and Delta, sending you 2
2024-10-15 04:39:44.648676 Uniform: Delta, sending you 5
2024-10-15 04:39:44.651795 Delta: Alpha, Victor and Kilo, sending you 3
2024-10-15 04:39:44.656403 Whiskey: Alpha, Victor and Charlie, sending you 2
2024-10-15 04:39:44.660193 Charlie: Delta, sending you 2
2024-10-15 04:39:44.662603 Kilo: Alpha and Victor, sending you 3
