ChatterBot Whiskey round 1
ChatterBot Hotel round 1
ChatterBot Yankee round 1
ChatterBot Uniform round 1
ChatterBot India round 1
randomSelections Whiskey: {Whiskey, Hotel, November, X-ray, Oscar, Echo} 
2024-10-15 04:39:27.443335 Whiskey: We should group up
ChatterBot Hotel reevaluating
2024-10-15 04:39:27.465160 Hotel: Yes
ChatterBot Charlie round 1
ChatterBot November round 1
ChatterBot November reevaluating
ChatterBot November reevaluating
2024-10-15 04:39:27.492073 November: Yes
ChatterBot Hotel reevaluating
ChatterBot X-ray round 1
ChatterBot X-ray reevaluating
ChatterBot X-ray reevaluating
ChatterBot X-ray reevaluating
2024-10-15 04:39:27.510950 X-ray: Yes
ChatterBot Hotel reevaluating
ChatterBot November reevaluating
ChatterBot Oscar round 1
ChatterBot Oscar reevaluating
ChatterBot Oscar reevaluating
ChatterBot Oscar reevaluating
ChatterBot Oscar reevaluating
2024-10-15 04:39:27.528362 Oscar: Yes
ChatterBot Hotel reevaluating
ChatterBot November reevaluating
ChatterBot X-ray reevaluating
ChatterBot Echo round 1
ChatterBot Echo reevaluating
ChatterBot Echo reevaluating
ChatterBot Echo reevaluating
ChatterBot Echo reevaluating
ChatterBot Echo reevaluating
2024-10-15 04:39:27.551171 Echo: Yes
ChatterBot Hotel reevaluating
ChatterBot November reevaluating
ChatterBot X-ray reevaluating
ChatterBot Oscar reevaluating
randomSelections Yankee: {Yankee, November, Uniform, India, Charlie, Oscar} 
2024-10-15 04:39:27.565415 Yankee: Friends?
ChatterBot November reevaluating
ChatterBot Uniform reevaluating
ChatterBot India reevaluating
ChatterBot Charlie reevaluating
ChatterBot Oscar reevaluating
2024-10-15 04:39:27.578579 November: No
2024-10-15 04:39:27.579409 Uniform: Yes
2024-10-15 04:39:27.579641 India: Yes
2024-10-15 04:39:27.579851 Charlie: Yes
2024-10-15 04:39:27.580052 Oscar: No
ChatterBot Uniform reevaluating
ChatterBot India reevaluating
ChatterBot Charlie reevaluating
ChatterBot Oscar reevaluating
ChatterBot November reevaluating
ChatterBot India reevaluating
ChatterBot Charlie reevaluating
ChatterBot Oscar reevaluating
ChatterBot November reevaluating
ChatterBot Uniform reevaluating
ChatterBot Charlie reevaluating
ChatterBot Oscar reevaluating
ChatterBot November reevaluating
ChatterBot Uniform reevaluating
ChatterBot India reevaluating
ChatterBot Oscar reevaluating
ChatterBot November reevaluating
ChatterBot Uniform reevaluating
ChatterBot India reevaluating
ChatterBot Charlie reevaluating
2024-10-15 04:39:27.679976 Whiskey: Hotel, sending you 3
2024-10-15 04:39:27.682401 Yankee: Uniform and November, sending you 2
2024-10-15 04:39:27.683735 Hotel: Whiskey, X-ray and Echo, sending you 2
2024-10-15 04:39:27.685402 India: Yankee, sending you 2
2024-10-15 04:39:27.686201 November: Whiskey, Hotel and Echo, sending you 2
2024-10-15 04:39:27.688271 Uniform: Yankee, sending you 1
2024-10-15 04:39:27.690498 Whiskey: November, sending you 5
2024-10-15 04:39:27.691218 Yankee: India and Oscar, sending you 4
2024-10-15 04:39:27.692537 Hotel: November and Oscar, sending you 3
2024-10-15 04:39:27.693364 India: Uniform and Oscar, sending you 3
2024-10-15 04:39:27.694644 Echo: Whiskey, sending you 9
2024-10-15 04:39:27.695315 Oscar: Whiskey and Hotel, sending you 2
2024-10-15 04:39:27.695967 November: X-ray and Oscar, sending you 6
2024-10-15 04:39:27.697248 X-ray: Whiskey, sending you 2
2024-10-15 04:39:27.697872 Uniform: India and November, sending you 4
2024-10-15 04:39:27.699306 Charlie: Yankee, sending you 3
2024-10-15 04:39:27.699834 Whiskey: Oscar, sending you 2
2024-10-15 04:39:27.700574 Yankee: Charlie, sending you 3
2024-10-15 04:39:27.701867 India: Charlie, sending you 5
2024-10-15 04:39:27.702489 Echo: Hotel, sending you 6
2024-10-15 04:39:27.704091 Oscar: November, sending you 3
2024-10-15 04:39:27.705064 X-ray: Hotel, sending you 3
2024-10-15 04:39:27.706407 Uniform: Charlie, sending you 3
2024-10-15 04:39:27.706999 Charlie: Uniform and India, sending you 4
2024-10-15 04:39:27.708215 Whiskey: Echo, sending you 8
2024-10-15 04:39:27.708849 India: November, sending you 7
2024-10-15 04:39:27.709292 Echo: November and Oscar, sending you 2
2024-10-15 04:39:27.710875 Oscar: X-ray, sending you 4
2024-10-15 04:39:27.711475 Uniform: Oscar, sending you 5
2024-10-15 04:39:27.712824 X-ray: November, sending you 5
2024-10-15 04:39:27.713426 Charlie: Oscar, sending you 1
2024-10-15 04:39:27.715905 Oscar: Echo, sending you 1
2024-10-15 04:39:27.717491 Echo: X-ray, sending you 1
2024-10-15 04:39:27.719171 X-ray: Oscar, sending you 4
2024-10-15 04:39:27.722839 X-ray: Echo, sending you 6
chatterbot November submitting transactions
chatterbot Oscar submitting transactions
chatterbot Charlie submitting transactions
chatterbot Hotel submitting transactions
chatterbot X-ray submitting transactions
chatterbot Whiskey submitting transactions
chatterbot Echo submitting transactions
chatterbot Yankee submitting transactions
chatterbot India submitting transactions
chatterbot Uniform submitting transactions
ChatterBot Whiskey round 2
ChatterBot Hotel round 2
ChatterBot Yankee round 2
ChatterBot Uniform round 2
ChatterBot India round 2
ChatterBot Charlie round 2
ChatterBot November round 2
ChatterBot X-ray round 2
ChatterBot Oscar round 2
ChatterBot Echo round 2
2024-10-15 04:39:28.880992 Yankee: We should drop November
ChatterBot Charlie reevaluating
ChatterBot Oscar reevaluating
2024-10-15 04:39:28.902256 Uniform: Yes
2024-10-15 04:39:28.902948 India: Yes
2024-10-15 04:39:28.903117 Charlie: Yes
2024-10-15 04:39:28.903253 Oscar: No
ChatterBot Charlie reevaluating
ChatterBot Oscar reevaluating
ChatterBot Charlie reevaluating
ChatterBot Oscar reevaluating
ChatterBot Oscar reevaluating
ChatterBot Charlie reevaluating
2024-10-15 04:39:28.979637 November: We should add India
ChatterBot X-ray reevaluating
ChatterBot Oscar reevaluating
ChatterBot Echo reevaluating
2024-10-15 04:39:29.003979 Whiskey: No
2024-10-15 04:39:29.004171 Hotel: No
2024-10-15 04:39:29.004323 X-ray: No
2024-10-15 04:39:29.004444 Oscar: No
2024-10-15 04:39:29.005088 Echo: No
ChatterBot November reevaluating
ChatterBot X-ray reevaluating
ChatterBot Oscar reevaluating
ChatterBot Echo reevaluating
ChatterBot November reevaluating
ChatterBot X-ray reevaluating
ChatterBot Oscar reevaluating
ChatterBot Echo reevaluating
ChatterBot November reevaluating
ChatterBot Oscar reevaluating
ChatterBot Echo reevaluating
ChatterBot November reevaluating
ChatterBot X-ray reevaluating
ChatterBot Echo reevaluating
ChatterBot November reevaluating
ChatterBot X-ray reevaluating
ChatterBot Oscar reevaluating
2024-10-15 04:39:29.146292 Uniform: We should drop November and Oscar
ChatterBot Yankee reevaluating
ChatterBot Charlie reevaluating
2024-10-15 04:39:29.159694 Yankee: Yes
2024-10-15 04:39:29.160329 India: No
2024-10-15 04:39:29.160439 Charlie: Yes
ChatterBot India reevaluating
ChatterBot Charlie reevaluating
ChatterBot Yankee reevaluating
ChatterBot Charlie reevaluating
ChatterBot Yankee reevaluating
ChatterBot India reevaluating
2024-10-15 04:39:29.210515 India: We should group up
ChatterBot Yankee reevaluating
ChatterBot Charlie reevaluating
2024-10-15 04:39:29.240886 Yankee: Yes
2024-10-15 04:39:29.241087 Uniform: No
2024-10-15 04:39:29.241253 Charlie: No
2024-10-15 04:39:29.241457 Hotel: No
ChatterBot India reevaluating
ChatterBot Charlie reevaluating
ChatterBot India reevaluating
ChatterBot Yankee reevaluating
ChatterBot Charlie reevaluating
ChatterBot India reevaluating
ChatterBot Yankee reevaluating
ChatterBot India reevaluating
ChatterBot Yankee reevaluating
ChatterBot Charlie reevaluating
2024-10-15 04:39:29.651355 Whiskey: Hotel, November and X-ray, sending you 3
chatterbot Whiskey submitting transactions
2024-10-15 04:39:30.033896 Uniform: Yankee, sending you 5
2024-10-15 04:39:30.034255 Oscar: Whiskey, Hotel and Echo, sending you 3
2024-10-15 04:39:30.034609 Whiskey: Oscar, sending you 1
2024-10-15 04:39:30.035494 Hotel: Whiskey and X-ray, sending you 3
2024-10-15 04:39:30.035850 X-ray: Whiskey and Echo, sending you 3
chatterbot Oscar submitting transactions
chatterbot Hotel submitting transactions
chatterbot Charlie submitting transactions
2024-10-15 04:39:30.037590 Oscar: November, sending you 6
2024-10-15 04:39:30.037979 India: Hotel, sending you 4
2024-10-15 04:39:30.521002 Uniform: India, sending you 6
2024-10-15 04:39:30.521304 Whiskey: Echo, sending you 8
2024-10-15 04:39:30.522308 X-ray: Hotel and Oscar, sending you 4
2024-10-15 04:39:30.522740 Yankee: Uniform and India, sending you 4
2024-10-15 04:39:30.522987 Echo: Whiskey, sending you 7
2024-10-15 04:39:30.523307 Hotel: November and Oscar, sending you 2
2024-10-15 04:39:30.524355 Oscar: X-ray, sending you 4
2024-10-15 04:39:30.524699 India: Yankee, sending you 6
chatterbot Yankee submitting transactions
chatterbot Uniform submitting transactions
chatterbot Echo submitting transactions
chatterbot November submitting transactions
2024-10-15 04:39:30.526061 Uniform: Charlie, sending you 7
2024-10-15 04:39:30.526439 X-ray: November, sending you 6
2024-10-15 04:39:30.527426 Yankee: Charlie, sending you 5
2024-10-15 04:39:30.640971 Echo: Hotel and November, sending you 3
2024-10-15 04:39:30.642054 Charlie: Yankee and Uniform, sending you 5
2024-10-15 04:39:30.642384 Hotel: Echo, sending you 5
2024-10-15 04:39:30.643317 India: Uniform and Charlie, sending you 5
2024-10-15 04:39:30.643752 November: Whiskey, India and X-ray, sending you 3
chatterbot X-ray submitting transactions
chatterbot India submitting transactions
2024-10-15 04:39:30.659132 Echo: X-ray, sending you 6
2024-10-15 04:39:30.659501 Charlie: India, sending you 9
2024-10-15 04:39:30.659835 November: Hotel, Uniform and Oscar, sending you 2
2024-10-15 04:39:30.660850 Hotel: Echo did not give me 6 like they said
ChatterBot Whiskey reevaluating
ChatterBot November reevaluating
ChatterBot X-ray reevaluating
ChatterBot Oscar reevaluating
ChatterBot Echo reevaluating
ChatterBot Whiskey round 3
ChatterBot Hotel round 3
ChatterBot Yankee round 3
ChatterBot Uniform round 3
ChatterBot India round 3
ChatterBot Charlie round 3
ChatterBot November round 3
ChatterBot X-ray round 3
ChatterBot Oscar round 3
ChatterBot Echo round 3
2024-10-15 04:39:30.713431 India: We should replace Hotel with Whiskey
2024-10-15 04:39:30.722647 Uniform: No
2024-10-15 04:39:30.723419 Yankee: No
2024-10-15 04:39:30.723559 Charlie: No
ChatterBot India reevaluating
ChatterBot India reevaluating
ChatterBot India reevaluating
2024-10-15 04:39:30.856086 X-ray: Sending you each 4
2024-10-15 04:39:30.857122 Whiskey: Hotel, November, X-ray and Oscar, sending you 3
2024-10-15 04:39:30.857522 Charlie: Yankee, sending you 5
2024-10-15 04:39:30.857847 Uniform: Yankee, sending you 5
2024-10-15 04:39:30.858637 Echo: Whiskey, sending you 7
2024-10-15 04:39:30.858994 Oscar: Whiskey and Echo, sending you 2
2024-10-15 04:39:30.859390 Hotel: Whiskey, November and Oscar, sending you 3
2024-10-15 04:39:30.860387 November: Sorry, I'm actually sending you 0
2024-10-15 04:39:30.860672 November: Sorry, I'm actually sending you 0
2024-10-15 04:39:30.900458 Whiskey: Echo, sending you 6
2024-10-15 04:39:30.901577 Echo: Hotel and X-ray, sending you 4
2024-10-15 04:39:30.902263 Charlie: Uniform and India, sending you 7
2024-10-15 04:39:30.903283 Uniform: India, sending you 6
2024-10-15 04:39:30.903739 Oscar: Hotel, sending you 4
2024-10-15 04:39:30.904770 Hotel: X-ray and Echo, sending you 4
2024-10-15 04:39:30.905446 Yankee: Sending you each 4
2024-10-15 04:39:30.906397 India: Hotel, sending you 4
2024-10-15 04:39:30.906857 November: Whiskey and X-ray, sending you 4
2024-10-15 04:39:30.908050 Echo: November, sending you 2
2024-10-15 04:39:30.908697 Uniform: Charlie, sending you 7
2024-10-15 04:39:30.909713 Oscar: November, sending you 6
2024-10-15 04:39:30.916734 India: Yankee and Uniform, sending you 5
2024-10-15 04:39:30.917623 November: Hotel, sending you 2
2024-10-15 04:39:30.918005 Echo: Oscar, sending you 3
2024-10-15 04:39:30.918408 Oscar: X-ray, sending you 5
2024-10-15 04:39:30.923047 India: Charlie, sending you 6
2024-10-15 04:39:30.923361 November: Oscar, sending you 5
2024-10-15 04:39:30.928474 November: Echo, sending you 3
chatterbot Uniform submitting transactions
chatterbot Whiskey submitting transactions
chatterbot November submitting transactions
chatterbot India submitting transactions
chatterbot Echo submitting transactions
chatterbot Hotel submitting transactions
chatterbot X-ray submitting transactions
chatterbot Yankee submitting transactions
chatterbot Charlie submitting transactions
chatterbot Oscar submitting transactions
ChatterBot Whiskey round 4
ChatterBot Hotel round 4
ChatterBot Yankee round 4
ChatterBot Uniform round 4
ChatterBot India round 4
ChatterBot Charlie round 4
ChatterBot November round 4
ChatterBot X-ray round 4
ChatterBot Oscar round 4
ChatterBot Echo round 4
2024-10-15 04:39:32.289592 India: We should replace Hotel with X-ray
2024-10-15 04:39:32.298272 Uniform: No
2024-10-15 04:39:32.298521 Yankee: No
2024-10-15 04:39:32.299296 Charlie: No
ChatterBot India reevaluating
ChatterBot India reevaluating
ChatterBot India reevaluating
2024-10-15 04:39:32.336159 India: We should replace Hotel with Whiskey
2024-10-15 04:39:32.344546 Uniform: No
2024-10-15 04:39:32.344731 Yankee: No
2024-10-15 04:39:32.345446 Charlie: No
ChatterBot India reevaluating
ChatterBot India reevaluating
ChatterBot India reevaluating
2024-10-15 04:39:32.397144 November: Whiskey, Hotel and Echo, sending you 3
2024-10-15 04:39:32.398295 Hotel: Whiskey and November, sending you 3
2024-10-15 04:39:32.398832 Uniform: Yankee, sending you 5
2024-10-15 04:39:32.399258 Yankee: Same as last round
2024-10-15 04:39:32.400090 India: X-ray we want you to join our group
2024-10-15 04:39:32.403346 X-ray: No
ChatterBot India reevaluating
2024-10-15 04:39:32.418901 Whiskey: Hotel, November, X-ray and Oscar, sending you 3
2024-10-15 04:39:32.420142 Charlie: Yankee, sending you 5
2024-10-15 04:39:32.421289 November: X-ray, sending you 4
2024-10-15 04:39:32.421921 Hotel: X-ray, Oscar and Echo, sending you 4
2024-10-15 04:39:32.423118 Uniform: India, sending you 6
2024-10-15 04:39:32.423569 Whiskey: Echo, sending you 6
2024-10-15 04:39:32.424622 Charlie: Uniform and India, sending you 7
2024-10-15 04:39:32.425009 X-ray: Same as last round
2024-10-15 04:39:32.425707 Echo: Whiskey, sending you 6
2024-10-15 04:39:32.426851 Oscar: Whiskey, Hotel and Echo, sending you 3
2024-10-15 04:39:32.428087 November: Oscar, sending you 5
2024-10-15 04:39:32.428643 Uniform: Charlie, sending you 7
2024-10-15 04:39:32.454977 Echo: Hotel and X-ray, sending you 4
2024-10-15 04:39:32.456229 Oscar: November, sending you 6
2024-10-15 04:39:32.464524 Echo: November and Oscar, sending you 3
2024-10-15 04:39:32.465672 Oscar: X-ray, sending you 4
2024-10-15 04:39:32.482484 India: Yankee and Uniform, sending you 5
2024-10-15 04:39:32.489565 India: Charlie, sending you 6
2024-10-15 04:39:32.496506 India: X-ray, sending you 4
chatterbot Whiskey submitting transactions
chatterbot November submitting transactions
chatterbot India submitting transactions
chatterbot Echo submitting transactions
chatterbot X-ray submitting transactions
chatterbot Oscar submitting transactions
chatterbot Charlie submitting transactions
chatterbot Hotel submitting transactions
chatterbot Uniform submitting transactions
chatterbot Yankee submitting transactions
ChatterBot Whiskey round 5
ChatterBot Hotel round 5
ChatterBot Yankee round 5
ChatterBot Uniform round 5
ChatterBot India round 5
ChatterBot Charlie round 5
ChatterBot November round 5
ChatterBot X-ray round 5
ChatterBot Oscar round 5
ChatterBot Echo round 5
2024-10-15 04:39:33.557131 India: We should replace X-ray with Hotel
2024-10-15 04:39:33.566436 Uniform: No
2024-10-15 04:39:33.566611 Yankee: No
2024-10-15 04:39:33.566784 Charlie: No
ChatterBot India reevaluating
ChatterBot India reevaluating
2024-10-15 04:39:33.632981 India: Hotel we want you to join our group
2024-10-15 04:39:33.636628 Hotel: No
ChatterBot India reevaluating
2024-10-15 04:39:33.658052 Hotel: Whiskey, X-ray, Oscar and Echo, sending you 4
2024-10-15 04:39:33.671432 November: Whiskey, Hotel and Echo, sending you 3
2024-10-15 04:39:33.672659 Charlie: Yankee, sending you 5
2024-10-15 04:39:33.673107 Oscar: Whiskey and Echo, sending you 3
2024-10-15 04:39:33.674547 Yankee: Same as last round
2024-10-15 04:39:33.674938 Uniform: Yankee, sending you 5
2024-10-15 04:39:33.675343 X-ray: Same as last round
2024-10-15 04:39:33.676429 Echo: Whiskey, sending you 6
2024-10-15 04:39:33.677122 Hotel: November, sending you 3
2024-10-15 04:39:33.677686 Whiskey: Hotel, November, X-ray and Oscar, sending you 3
2024-10-15 04:39:33.679039 November: X-ray, sending you 4
2024-10-15 04:39:33.679913 Charlie: Uniform and India, sending you 7
2024-10-15 04:39:33.681513 Oscar: Hotel and X-ray, sending you 4
2024-10-15 04:39:33.682335 Uniform: India, sending you 6
2024-10-15 04:39:33.683395 Echo: Hotel and X-ray, sending you 4
2024-10-15 04:39:33.684256 Whiskey: Echo, sending you 6
2024-10-15 04:39:33.685608 November: Oscar, sending you 5
2024-10-15 04:39:33.686385 Oscar: November, sending you 5
2024-10-15 04:39:33.687965 Uniform: Charlie, sending you 7
2024-10-15 04:39:33.688600 Echo: November and Oscar, sending you 3
2024-10-15 04:39:33.701790 India: Hotel, sending you 4
2024-10-15 04:39:33.705091 India: Yankee and Uniform, sending you 5
2024-10-15 04:39:33.710290 India: Charlie, sending you 6
chatterbot November submitting transactions
chatterbot Charlie submitting transactions
chatterbot Yankee submitting transactions
chatterbot Hotel submitting transactions
chatterbot Echo submitting transactions
chatterbot Oscar submitting transactions
chatterbot X-ray submitting transactions
chatterbot Uniform submitting transactions
chatterbot Whiskey submitting transactions
chatterbot India submitting transactions
ChatterBot Whiskey round 6
ChatterBot Hotel round 6
ChatterBot Yankee round 6
ChatterBot Uniform round 6
ChatterBot India round 6
ChatterBot Charlie round 6
ChatterBot November round 6
ChatterBot X-ray round 6
ChatterBot Oscar round 6
ChatterBot Echo round 6
2024-10-15 04:39:34.938673 India: Hotel, sending you 4
2024-10-15 04:39:34.943704 India: Yankee and Uniform, sending you 5
2024-10-15 04:39:34.946929 Hotel: Whiskey and November, sending you 3
2024-10-15 04:39:34.950296 November: Whiskey, Hotel and Echo, sending you 3
2024-10-15 04:39:34.953753 India: Charlie, sending you 6
2024-10-15 04:39:34.955853 Uniform: Yankee, sending you 5
2024-10-15 04:39:34.957 Yankee: Same as last round
2024-10-15 04:39:34.960068 Hotel: X-ray and Oscar, sending you 4
2024-10-15 04:39:34.963094 Charlie: Yankee, sending you 5
2024-10-15 04:39:34.964112 November: X-ray, sending you 4
2024-10-15 04:39:34.965950 Echo: Whiskey, sending you 6
2024-10-15 04:39:34.967022 Oscar: Whiskey and Echo, sending you 3
2024-10-15 04:39:34.968144 Uniform: India, sending you 6
2024-10-15 04:39:34.968857 Whiskey: Hotel, November, X-ray and Oscar, sending you 3
2024-10-15 04:39:34.970932 Hotel: Echo, sending you 5
2024-10-15 04:39:34.971987 Charlie: Uniform and India, sending you 7
2024-10-15 04:39:34.972388 X-ray: Same as last round
2024-10-15 04:39:34.974106 November: Oscar, sending you 5
2024-10-15 04:39:34.974688 Echo: Hotel and X-ray, sending you 4
2024-10-15 04:39:34.975552 Oscar: Hotel and X-ray, sending you 4
2024-10-15 04:39:34.976261 Uniform: Charlie, sending you 7
2024-10-15 04:39:34.977462 Whiskey: Echo, sending you 6
2024-10-15 04:39:34.978394 Echo: November and Oscar, sending you 3
2024-10-15 04:39:34.980354 Oscar: November, sending you 5
chatterbot November submitting transactions
chatterbot Charlie submitting transactions
chatterbot India submitting transactions
chatterbot Oscar submitting transactions
chatterbot X-ray submitting transactions
chatterbot Echo submitting transactions
chatterbot Uniform submitting transactions
chatterbot Hotel submitting transactions
chatterbot Whiskey submitting transactions
chatterbot Yankee submitting transactions
ChatterBot Whiskey round 7
ChatterBot Hotel round 7
ChatterBot Yankee round 7
ChatterBot Uniform round 7
ChatterBot India round 7
ChatterBot Charlie round 7
ChatterBot November round 7
ChatterBot X-ray round 7
ChatterBot Oscar round 7
ChatterBot Echo round 7
2024-10-15 04:39:36.194677 India: We should replace Hotel with November
2024-10-15 04:39:36.207734 Uniform: No
2024-10-15 04:39:36.207958 Yankee: No
2024-10-15 04:39:36.208138 Charlie: No
ChatterBot India reevaluating
ChatterBot India reevaluating
ChatterBot India reevaluating
2024-10-15 04:39:36.245518 India: We should replace Hotel with Whiskey
2024-10-15 04:39:36.251296 Uniform: No
2024-10-15 04:39:36.251451 Yankee: No
2024-10-15 04:39:36.251571 Charlie: No
ChatterBot India reevaluating
ChatterBot India reevaluating
ChatterBot India reevaluating
2024-10-15 04:39:36.275669 Charlie: Yankee, sending you 5
2024-10-15 04:39:36.276090 Hotel: Whiskey and November, sending you 3
2024-10-15 04:39:36.276691 Yankee: Same as last round
2024-10-15 04:39:36.276997 Whiskey: Hotel, November, X-ray and Oscar, sending you 3
2024-10-15 04:39:36.277962 Uniform: Yankee, sending you 5
2024-10-15 04:39:36.278238 November: Whiskey, Hotel and Echo, sending you 3
2024-10-15 04:39:36.279655 Charlie: Uniform and India, sending you 7
2024-10-15 04:39:36.280085 Hotel: X-ray and Oscar, sending you 4
2024-10-15 04:39:36.281696 Whiskey: Echo, sending you 6
2024-10-15 04:39:36.282715 Uniform: India, sending you 6
2024-10-15 04:39:36.283299 Echo: Whiskey, sending you 6
2024-10-15 04:39:36.284152 November: X-ray, sending you 4
2024-10-15 04:39:36.284698 Hotel: Echo, sending you 5
2024-10-15 04:39:36.286687 Uniform: Charlie, sending you 7
2024-10-15 04:39:36.287048 Oscar: Whiskey and Echo, sending you 3
2024-10-15 04:39:36.288678 Echo: Hotel and X-ray, sending you 4
2024-10-15 04:39:36.289518 X-ray: Same as last round
2024-10-15 04:39:36.291038 November: Oscar, sending you 5
2024-10-15 04:39:36.291704 Oscar: Hotel and X-ray, sending you 4
2024-10-15 04:39:36.292495 Echo: November and Oscar, sending you 3
2024-10-15 04:39:36.296682 Oscar: November, sending you 5
2024-10-15 04:39:36.297693 India: Yankee, sending you 6
2024-10-15 04:39:36.300653 India: Uniform and Charlie, sending you 7
chatterbot Uniform submitting transactions
chatterbot Oscar submitting transactions
chatterbot X-ray submitting transactions
chatterbot Hotel submitting transactions
chatterbot Whiskey submitting transactions
chatterbot November submitting transactions
chatterbot Yankee submitting transactions
chatterbot India submitting transactions
chatterbot Echo submitting transactions
chatterbot Charlie submitting transactions
ChatterBot Whiskey round 8
ChatterBot Hotel round 8
ChatterBot Yankee round 8
ChatterBot Uniform round 8
ChatterBot India round 8
ChatterBot Charlie round 8
2024-10-15 04:39:37.369604 India: We should replace Hotel with Whiskey
2024-10-15 04:39:37.378207 Uniform: No
2024-10-15 04:39:37.378606 Yankee: No
2024-10-15 04:39:37.379458 Charlie: No
ChatterBot India reevaluating
ChatterBot India reevaluating
ChatterBot India reevaluating
ChatterBot November round 8
ChatterBot X-ray round 8
ChatterBot Oscar round 8
ChatterBot Echo round 8
2024-10-15 04:39:37.433050 India: Whiskey we want you to join our group
2024-10-15 04:39:37.436934 Whiskey: No
ChatterBot India reevaluating
2024-10-15 04:39:37.451799 Uniform: Yankee, sending you 5
2024-10-15 04:39:37.453827 Hotel: Whiskey and November, sending you 3
2024-10-15 04:39:37.457704 Yankee: Same as last round
2024-10-15 04:39:37.462389 Whiskey: Hotel, November and Oscar, sending you 3
2024-10-15 04:39:37.465434 Uniform: India, sending you 6
2024-10-15 04:39:37.467711 Hotel: X-ray and Oscar, sending you 4
2024-10-15 04:39:37.471450 X-ray: Same as last round
2024-10-15 04:39:37.476739 Whiskey: X-ray, sending you 4
2024-10-15 04:39:37.479412 Charlie: Yankee, sending you 5
2024-10-15 04:39:37.481300 Uniform: Charlie, sending you 7
2024-10-15 04:39:37.483279 India: Yankee, sending you 6
2024-10-15 04:39:37.484586 November: Whiskey, Hotel and Echo, sending you 3
2024-10-15 04:39:37.487061 Oscar: Whiskey and Echo, sending you 3
2024-10-15 04:39:37.492182 Hotel: Echo, sending you 5
2024-10-15 04:39:37.496217 Echo: Whiskey, sending you 6
2024-10-15 04:39:37.498779 Whiskey: Echo, sending you 5
2024-10-15 04:39:37.501609 Charlie: Uniform and India, sending you 7
2024-10-15 04:39:37.503634 India: Uniform and Charlie, sending you 7
2024-10-15 04:39:37.504660 November: X-ray, sending you 4
2024-10-15 04:39:37.507355 Oscar: Hotel and X-ray, sending you 4
2024-10-15 04:39:37.510189 Echo: Hotel and X-ray, sending you 4
2024-10-15 04:39:37.512552 November: Oscar, sending you 5
2024-10-15 04:39:37.514447 Oscar: November, sending you 5
2024-10-15 04:39:37.516676 Echo: November and Oscar, sending you 3
chatterbot Hotel submitting transactions
chatterbot India submitting transactions
chatterbot X-ray submitting transactions
chatterbot Echo submitting transactions
chatterbot Yankee submitting transactions
chatterbot Uniform submitting transactions
chatterbot Charlie submitting transactions
chatterbot Whiskey submitting transactions
chatterbot Oscar submitting transactions
chatterbot November submitting transactions
ChatterBot Whiskey round 9
ChatterBot Hotel round 9
ChatterBot Yankee round 9
ChatterBot Uniform round 9
ChatterBot India round 9
ChatterBot Charlie round 9
ChatterBot November round 9
ChatterBot X-ray round 9
ChatterBot Oscar round 9
ChatterBot Echo round 9
2024-10-15 04:39:38.635764 India: We should drop Hotel
2024-10-15 04:39:38.642995 Uniform: Yes
2024-10-15 04:39:38.643160 Yankee: Yes
2024-10-15 04:39:38.643686 Charlie: Yes
ChatterBot India reevaluating
ChatterBot India reevaluating
ChatterBot India reevaluating
2024-10-15 04:39:38.662548 Yankee: Same as last round
2024-10-15 04:39:38.665689 November: Whiskey, Hotel and Echo, sending you 3
2024-10-15 04:39:38.666981 Charlie: Yankee, sending you 2
2024-10-15 04:39:38.667407 Uniform: Yankee, sending you 5
2024-10-15 04:39:38.667871 Hotel: Whiskey and November, sending you 3
2024-10-15 04:39:38.669511 Whiskey: Hotel, November and Oscar, sending you 3
2024-10-15 04:39:38.670876 November: X-ray, sending you 4
2024-10-15 04:39:38.671654 Uniform: India, sending you 6
2024-10-15 04:39:38.672359 Charlie: Uniform and India, sending you 3
2024-10-15 04:39:38.673539 Hotel: X-ray and Oscar, sending you 4
2024-10-15 04:39:38.674677 Whiskey: X-ray, sending you 4
2024-10-15 04:39:38.675417 Uniform: Charlie, sending you 7
2024-10-15 04:39:38.676442 November: Oscar, sending you 5
2024-10-15 04:39:38.677677 Whiskey: Echo, sending you 5
2024-10-15 04:39:38.679064 Hotel: Echo, sending you 5
2024-10-15 04:39:38.682050 Oscar: Whiskey and Echo, sending you 3
2024-10-15 04:39:38.682772 X-ray: Same as last round
2024-10-15 04:39:38.685697 Echo: Whiskey, sending you 6
2024-10-15 04:39:38.687346 Oscar: Hotel and X-ray, sending you 4
2024-10-15 04:39:38.690692 Echo: Hotel and X-ray, sending you 4
2024-10-15 04:39:38.692709 Oscar: November, sending you 5
2024-10-15 04:39:38.696685 Echo: November and Oscar, sending you 3
chatterbot X-ray submitting transactions
chatterbot Hotel submitting transactions
chatterbot Echo submitting transactions
chatterbot India submitting transactions
chatterbot Uniform submitting transactions
chatterbot Whiskey submitting transactions
chatterbot Charlie submitting transactions
chatterbot Oscar submitting transactions
chatterbot Yankee submitting transactions
chatterbot November submitting transactions
ChatterBot Whiskey round 10
ChatterBot Hotel round 10
ChatterBot Yankee round 10
ChatterBot Uniform round 10
ChatterBot India round 10
ChatterBot Charlie round 10
ChatterBot November round 10
ChatterBot X-ray round 10
2024-10-15 04:39:39.890096 India: We should replace Hotel with Echo
ChatterBot Yankee reevaluating
2024-10-15 04:39:39.902981 Uniform: No
2024-10-15 04:39:39.903290 Yankee: No
2024-10-15 04:39:39.904028 Charlie: No
ChatterBot Yankee reevaluating
ChatterBot India reevaluating
ChatterBot Charlie reevaluating
ChatterBot India reevaluating
ChatterBot Charlie reevaluating
ChatterBot Yankee reevaluating
ChatterBot India reevaluating
ChatterBot Oscar round 10
ChatterBot Echo round 10
2024-10-15 04:39:39.961193 India: We should replace Hotel with Whiskey
ChatterBot Yankee reevaluating
ChatterBot Charlie reevaluating
2024-10-15 04:39:39.971465 Uniform: No
2024-10-15 04:39:39.971862 Yankee: No
2024-10-15 04:39:39.972225 Charlie: No
ChatterBot Yankee reevaluating
ChatterBot India reevaluating
ChatterBot Charlie reevaluating
ChatterBot India reevaluating
ChatterBot Charlie reevaluating
ChatterBot Yankee reevaluating
ChatterBot India reevaluating
2024-10-15 04:39:40.013725 Yankee: Whiskey we want you to join our group
2024-10-15 04:39:40.026701 Whiskey: No
ChatterBot India reevaluating
2024-10-15 04:39:40.045922 India: We should replace Hotel with November
2024-10-15 04:39:40.058830 Uniform: No
2024-10-15 04:39:40.059352 Yankee: No
2024-10-15 04:39:40.059601 Charlie: No
ChatterBot India reevaluating
ChatterBot India reevaluating
ChatterBot Charlie reevaluating
ChatterBot India reevaluating
2024-10-15 04:39:40.086339 India: We should replace Hotel with X-ray
ChatterBot Charlie reevaluating
2024-10-15 04:39:40.092948 Uniform: No
2024-10-15 04:39:40.093105 Yankee: No
2024-10-15 04:39:40.093268 Charlie: No
ChatterBot Yankee reevaluating
ChatterBot India reevaluating
ChatterBot Charlie reevaluating
ChatterBot India reevaluating
ChatterBot Charlie reevaluating
ChatterBot Yankee reevaluating
ChatterBot India reevaluating
2024-10-15 04:39:40.124075 Echo: I was attacked by Charlie
ChatterBot Whiskey reevaluating
ChatterBot Hotel reevaluating
ChatterBot November reevaluating
ChatterBot X-ray reevaluating
ChatterBot Oscar reevaluating
2024-10-15 04:39:40.145671 Echo: Ow
2024-10-15 04:39:40.146724 Whiskey: We should add Uniform
ChatterBot Hotel reevaluating
ChatterBot November reevaluating
ChatterBot X-ray reevaluating
ChatterBot Oscar reevaluating
2024-10-15 04:39:40.162446 Hotel: No
2024-10-15 04:39:40.162606 November: Yes
2024-10-15 04:39:40.162758 X-ray: No
2024-10-15 04:39:40.162881 Oscar: No
2024-10-15 04:39:40.162995 Echo: No
ChatterBot Whiskey reevaluating
ChatterBot November reevaluating
ChatterBot X-ray reevaluating
ChatterBot Oscar reevaluating
ChatterBot Whiskey reevaluating
ChatterBot Hotel reevaluating
ChatterBot X-ray reevaluating
ChatterBot Oscar reevaluating
ChatterBot Whiskey reevaluating
ChatterBot Hotel reevaluating
ChatterBot November reevaluating
ChatterBot Oscar reevaluating
ChatterBot Whiskey reevaluating
ChatterBot Hotel reevaluating
ChatterBot November reevaluating
ChatterBot X-ray reevaluating
ChatterBot Whiskey reevaluating
ChatterBot Hotel reevaluating
ChatterBot November reevaluating
ChatterBot X-ray reevaluating
ChatterBot Oscar reevaluating
2024-10-15 04:39:40.242964 Uniform: Yankee, sending you 5
2024-10-15 04:39:40.243453 India: X-ray we want you to join our group
ChatterBot X-ray reevaluating
2024-10-15 04:39:40.246396 X-ray: No
ChatterBot India reevaluating
ChatterBot Yankee reevaluating
ChatterBot Charlie reevaluating
2024-10-15 04:39:40.262319 Yankee: We should add November
ChatterBot India reevaluating
ChatterBot Charlie reevaluating
2024-10-15 04:39:40.269868 Uniform: No
2024-10-15 04:39:40.269991 India: No
2024-10-15 04:39:40.270127 Charlie: Yes
ChatterBot Yankee reevaluating
ChatterBot India reevaluating
ChatterBot Charlie reevaluating
ChatterBot Yankee reevaluating
ChatterBot Charlie reevaluating
ChatterBot Yankee reevaluating
ChatterBot India reevaluating
2024-10-15 04:39:40.293801 Uniform: India, sending you 6
2024-10-15 04:39:40.297732 Uniform: Charlie, sending you 7
2024-10-15 04:39:40.302682 India: Whiskey we want you to join our group
ChatterBot Whiskey reevaluating
2024-10-15 04:39:40.306172 Whiskey: No
ChatterBot India reevaluating
ChatterBot Yankee reevaluating
ChatterBot Charlie reevaluating
2024-10-15 04:39:40.316996 Charlie: We should add Whiskey
ChatterBot Yankee reevaluating
ChatterBot India reevaluating
2024-10-15 04:39:40.324373 Uniform: No
2024-10-15 04:39:40.324510 Yankee: Yes
2024-10-15 04:39:40.324655 India: No
ChatterBot Yankee reevaluating
ChatterBot India reevaluating
ChatterBot Charlie reevaluating
ChatterBot Uniform reevaluating
ChatterBot India reevaluating
ChatterBot Charlie reevaluating
ChatterBot Uniform reevaluating
ChatterBot Yankee reevaluating
ChatterBot Charlie reevaluating
2024-10-15 04:39:40.350833 Yankee: We should add X-ray
ChatterBot Uniform reevaluating
ChatterBot Charlie reevaluating
2024-10-15 04:39:40.358273 Uniform: Yes
2024-10-15 04:39:40.358409 India: Yes
2024-10-15 04:39:40.358523 Charlie: Yes
ChatterBot Yankee reevaluating
ChatterBot India reevaluating
ChatterBot Charlie reevaluating
ChatterBot Uniform reevaluating
ChatterBot Yankee reevaluating
ChatterBot Charlie reevaluating
ChatterBot Uniform reevaluating
ChatterBot Yankee reevaluating
ChatterBot India reevaluating
2024-10-15 04:39:40.392746 India: November we want you to join our group
2024-10-15 04:39:40.394880 November: No
ChatterBot India reevaluating
ChatterBot Uniform reevaluating
2024-10-15 04:39:40.407700 Charlie: Yankee, sending you 5
2024-10-15 04:39:40.411675 Charlie: Uniform and India, sending you 7
2024-10-15 04:39:40.435698 India: Yankee, sending you 6
2024-10-15 04:39:40.440920 India: Uniform and Charlie, sending you 7
chatterbot Oscar submitting transactions
chatterbot Whiskey submitting transactions
chatterbot Uniform submitting transactions
chatterbot India submitting transactions
chatterbot Yankee submitting transactions
chatterbot Echo submitting transactions
chatterbot X-ray submitting transactions
chatterbot Charlie submitting transactions
chatterbot Hotel submitting transactions
chatterbot November submitting transactions
chatterbot Uniform submitting transactions
ChatterBot Whiskey round 11
ChatterBot Hotel round 11
ChatterBot Yankee round 11
ChatterBot Uniform round 11
ChatterBot India round 11
ChatterBot Charlie round 11
ChatterBot November round 11
ChatterBot X-ray round 11
ChatterBot Oscar round 11
ChatterBot Echo round 11
2024-10-15 04:39:41.293490 India: We should replace Whiskey with November
2024-10-15 04:39:41.306591 Uniform: No
2024-10-15 04:39:41.306906 Yankee: No
2024-10-15 04:39:41.307080 Charlie: No
ChatterBot India reevaluating
ChatterBot Charlie reevaluating
ChatterBot Uniform reevaluating
ChatterBot India reevaluating
ChatterBot Charlie reevaluating
ChatterBot Uniform reevaluating
ChatterBot India reevaluating
2024-10-15 04:39:41.359977 Yankee: We should add X-ray
ChatterBot Uniform reevaluating
ChatterBot India reevaluating
ChatterBot Charlie reevaluating
2024-10-15 04:39:41.379606 Uniform: Yes
2024-10-15 04:39:41.379854 India: Yes
2024-10-15 04:39:41.381089 Charlie: Yes
ChatterBot India reevaluating
ChatterBot Charlie reevaluating
ChatterBot Uniform reevaluating
ChatterBot Charlie reevaluating
ChatterBot Uniform reevaluating
ChatterBot India reevaluating
2024-10-15 04:39:41.438991 Yankee: X-ray we want you to join our group
2024-10-15 04:39:41.442885 X-ray: No
ChatterBot India reevaluating
ChatterBot Uniform reevaluating
2024-10-15 04:39:41.461091 India: We should replace Whiskey with X-ray
ChatterBot Uniform reevaluating
2024-10-15 04:39:41.477736 Uniform: No
2024-10-15 04:39:41.478084 Yankee: Yes
2024-10-15 04:39:41.478271 Charlie: No
ChatterBot India reevaluating
ChatterBot Uniform reevaluating
ChatterBot India reevaluating
ChatterBot Charlie reevaluating
ChatterBot Uniform reevaluating
ChatterBot India reevaluating
2024-10-15 04:39:41.532678 India: November we want you to join our group
2024-10-15 04:39:41.537536 November: No
ChatterBot India reevaluating
ChatterBot Charlie reevaluating
2024-10-15 04:39:41.564380 Echo: Sending you each 1
2024-10-15 04:39:41.570744 X-ray: Same as last round
2024-10-15 04:39:41.571956 Yankee: Uniform, sending you 4
2024-10-15 04:39:41.574238 India: X-ray we want you to join our group
2024-10-15 04:39:41.578747 X-ray: No
ChatterBot India reevaluating
ChatterBot Uniform reevaluating
ChatterBot Charlie reevaluating
2024-10-15 04:39:41.599724 Yankee: India and Charlie, sending you 3
2024-10-15 04:39:41.604209 Yankee: X-ray, sending you 2
2024-10-15 04:39:41.608840 Uniform: X-ray we want you to join our group
2024-10-15 04:39:41.612092 X-ray: No
ChatterBot India reevaluating
ChatterBot Uniform reevaluating
ChatterBot Charlie reevaluating
2024-10-15 04:39:41.660666 India: Yankee, sending you 6
2024-10-15 04:39:41.662257 Uniform: Yankee and India, sending you 5
2024-10-15 04:39:41.664675 India: Uniform and Charlie, sending you 7
2024-10-15 04:39:41.665671 Uniform: Charlie, sending you 6
2024-10-15 04:39:41.669913 Uniform: X-ray, sending you 2
chatterbot Hotel submitting transactions
chatterbot Echo submitting transactions
chatterbot Uniform submitting transactions
chatterbot Charlie submitting transactions
chatterbot X-ray submitting transactions
chatterbot November submitting transactions
chatterbot Oscar submitting transactions
chatterbot Yankee submitting transactions
chatterbot Whiskey submitting transactions
chatterbot India submitting transactions
ChatterBot Whiskey round 12
ChatterBot Hotel round 12
ChatterBot Yankee round 12
ChatterBot Uniform round 12
ChatterBot India round 12
ChatterBot Charlie round 12
ChatterBot November round 12
ChatterBot X-ray round 12
2024-10-15 04:39:42.872468 India: We should replace X-ray with Echo
ChatterBot Uniform reevaluating
ChatterBot Yankee reevaluating
2024-10-15 04:39:42.883111 Uniform: No
2024-10-15 04:39:42.883280 Yankee: Yes
2024-10-15 04:39:42.883410 Charlie: No
ChatterBot Yankee reevaluating
ChatterBot India reevaluating
ChatterBot Uniform reevaluating
ChatterBot India reevaluating
ChatterBot Uniform reevaluating
ChatterBot Yankee reevaluating
ChatterBot India reevaluating
ChatterBot Oscar round 12
ChatterBot Echo round 12
2024-10-15 04:39:42.936410 Uniform: We should drop X-ray
ChatterBot Yankee reevaluating
ChatterBot India reevaluating
2024-10-15 04:39:42.945947 Yankee: Yes
2024-10-15 04:39:42.946094 India: Yes
2024-10-15 04:39:42.946209 Charlie: Yes
ChatterBot Uniform reevaluating
ChatterBot India reevaluating
ChatterBot Uniform reevaluating
ChatterBot Yankee reevaluating
ChatterBot Uniform reevaluating
ChatterBot Yankee reevaluating
ChatterBot India reevaluating
2024-10-15 04:39:42.975138 India: We should replace X-ray with November
ChatterBot Uniform reevaluating
ChatterBot Yankee reevaluating
2024-10-15 04:39:42.984584 Uniform: No
2024-10-15 04:39:42.984749 Yankee: No
2024-10-15 04:39:42.984879 Charlie: No
ChatterBot Yankee reevaluating
ChatterBot India reevaluating
ChatterBot Uniform reevaluating
ChatterBot India reevaluating
ChatterBot Uniform reevaluating
ChatterBot Yankee reevaluating
ChatterBot India reevaluating
2024-10-15 04:39:43.018838 Yankee: Echo we want you to join our group
2024-10-15 04:39:43.024430 Echo: No
ChatterBot Uniform reevaluating
ChatterBot India reevaluating
2024-10-15 04:39:43.045195 India: We should replace X-ray with Whiskey
ChatterBot Uniform reevaluating
2024-10-15 04:39:43.059572 Uniform: No
2024-10-15 04:39:43.059795 Yankee: No
2024-10-15 04:39:43.059955 Charlie: No
ChatterBot India reevaluating
ChatterBot Uniform reevaluating
ChatterBot India reevaluating
ChatterBot Uniform reevaluating
ChatterBot India reevaluating
2024-10-15 04:39:43.103702 Echo: Whiskey, sending you 3
2024-10-15 04:39:43.105672 X-ray: Same as last round
2024-10-15 04:39:43.107749 India: Whiskey we want you to join our group
ChatterBot Whiskey reevaluating
2024-10-15 04:39:43.111463 Whiskey: No
ChatterBot Uniform reevaluating
2024-10-15 04:39:43.125919 Echo: Hotel, November, X-ray and Oscar, sending you 2
2024-10-15 04:39:43.129671 Yankee: Uniform, sending you 4
2024-10-15 04:39:43.134678 Yankee: India, Charlie and Echo, sending you 3
2024-10-15 04:39:43.149681 India: Yankee and Charlie, sending you 6
