ChatterBot Victor round 1
ChatterBot Lima round 1
ChatterBot Tango round 1
ChatterBot Romeo round 1
ChatterBot Sierra round 1
ChatterBot Quebec round 1
ChatterBot Alpha round 1
ChatterBot Zulu round 1
ChatterBot Delta round 1
ChatterBot Kilo round 1
randomSelections Victor: {Victor, Zulu, Delta, Sierra, Kilo, Lima} 
2024-10-15 04:39:27.714853 Victor: Let's form a team
ChatterBot Zulu reevaluating
ChatterBot Delta reevaluating
ChatterBot Sierra reevaluating
ChatterBot Kilo reevaluating
ChatterBot Lima reevaluating
2024-10-15 04:39:27.727159 Zulu: Yes
2024-10-15 04:39:27.727374 Delta: Yes
2024-10-15 04:39:27.727586 Sierra: Yes
2024-10-15 04:39:27.727807 Kilo: Yes
2024-10-15 04:39:27.727979 Lima: Yes
ChatterBot Delta reevaluating
ChatterBot Sierra reevaluating
ChatterBot Kilo reevaluating
ChatterBot Lima reevaluating
ChatterBot Zulu reevaluating
ChatterBot Sierra reevaluating
ChatterBot Kilo reevaluating
ChatterBot Lima reevaluating
ChatterBot Zulu reevaluating
ChatterBot Delta reevaluating
ChatterBot Kilo reevaluating
ChatterBot Lima reevaluating
ChatterBot Zulu reevaluating
ChatterBot Delta reevaluating
ChatterBot Sierra reevaluating
ChatterBot Lima reevaluating
ChatterBot Zulu reevaluating
ChatterBot Delta reevaluating
ChatterBot Sierra reevaluating
ChatterBot Kilo reevaluating
randomSelections Tango: {Tango, Lima, Romeo, Zulu, Alpha} 
2024-10-15 04:39:27.806341 Tango: Friends?
ChatterBot Lima reevaluating
ChatterBot Romeo reevaluating
ChatterBot Zulu reevaluating
ChatterBot Alpha reevaluating
2024-10-15 04:39:27.818475 Lima: No
2024-10-15 04:39:27.818836 Romeo: Yes
2024-10-15 04:39:27.819073 Zulu: No
2024-10-15 04:39:27.820014 Alpha: Yes
ChatterBot Romeo reevaluating
ChatterBot Zulu reevaluating
ChatterBot Alpha reevaluating
ChatterBot Lima reevaluating
ChatterBot Zulu reevaluating
ChatterBot Alpha reevaluating
ChatterBot Lima reevaluating
ChatterBot Romeo reevaluating
ChatterBot Alpha reevaluating
ChatterBot Lima reevaluating
ChatterBot Romeo reevaluating
ChatterBot Zulu reevaluating
randomSelections Quebec: {Quebec, Kilo, Lima, Zulu, Delta, Romeo, Sierra} 
2024-10-15 04:39:27.867049 Quebec: Let's form a team
ChatterBot Kilo reevaluating
ChatterBot Lima reevaluating
ChatterBot Zulu reevaluating
ChatterBot Delta reevaluating
ChatterBot Romeo reevaluating
ChatterBot Sierra reevaluating
2024-10-15 04:39:27.881734 Kilo: No
2024-10-15 04:39:27.884368 Lima: No
2024-10-15 04:39:27.885378 Zulu: No
2024-10-15 04:39:27.886968 Delta: No
2024-10-15 04:39:27.887870 Romeo: No
2024-10-15 04:39:27.889478 Sierra: No
ChatterBot Lima reevaluating
ChatterBot Zulu reevaluating
ChatterBot Delta reevaluating
ChatterBot Romeo reevaluating
ChatterBot Sierra reevaluating
ChatterBot Kilo reevaluating
ChatterBot Zulu reevaluating
ChatterBot Delta reevaluating
ChatterBot Romeo reevaluating
ChatterBot Sierra reevaluating
ChatterBot Kilo reevaluating
ChatterBot Lima reevaluating
ChatterBot Delta reevaluating
ChatterBot Romeo reevaluating
ChatterBot Sierra reevaluating
ChatterBot Kilo reevaluating
ChatterBot Lima reevaluating
ChatterBot Zulu reevaluating
ChatterBot Romeo reevaluating
ChatterBot Sierra reevaluating
ChatterBot Kilo reevaluating
ChatterBot Lima reevaluating
ChatterBot Zulu reevaluating
ChatterBot Delta reevaluating
ChatterBot Sierra reevaluating
ChatterBot Kilo reevaluating
ChatterBot Lima reevaluating
ChatterBot Zulu reevaluating
ChatterBot Delta reevaluating
ChatterBot Romeo reevaluating
2024-10-15 04:39:27.999511 Quebec: Lima, sending you 5
2024-10-15 04:39:28.001157 Zulu: Victor and Delta, sending you 3
2024-10-15 04:39:28.004733 Quebec: Romeo, sending you 10
2024-10-15 04:39:28.005077 Sierra: Victor, sending you 4
2024-10-15 04:39:28.005770 Zulu: Lima and Sierra, sending you 4
2024-10-15 04:39:28.006737 Alpha: Lima and Tango, sending you 2
2024-10-15 04:39:28.007032 Victor: Lima, Delta and Kilo, sending you 3
2024-10-15 04:39:28.007718 Delta: Victor, sending you 5
2024-10-15 04:39:28.008971 Tango: Lima, sending you 8
2024-10-15 04:39:28.009216 Sierra: Lima and Delta, sending you 2
2024-10-15 04:39:28.009716 Lima: Victor and Sierra, sending you 3
2024-10-15 04:39:28.010221 Quebec: Sierra and Zulu, sending you 2
2024-10-15 04:39:28.011259 Alpha: Romeo, sending you 1
2024-10-15 04:39:28.011724 Kilo: Victor and Zulu, sending you 3
2024-10-15 04:39:28.012219 Zulu: Kilo, sending you 2
2024-10-15 04:39:28.012603 Victor: Sierra, sending you 1
2024-10-15 04:39:28.013726 Delta: Lima, Sierra and Kilo, sending you 4
2024-10-15 04:39:28.014153 Tango: Romeo, sending you 3
2024-10-15 04:39:28.014517 Sierra: Zulu and Kilo, sending you 1
2024-10-15 04:39:28.015595 Lima: Delta, sending you 5
2024-10-15 04:39:28.015984 Quebec: Kilo, sending you 1
2024-10-15 04:39:28.016330 Alpha: Zulu, sending you 5
2024-10-15 04:39:28.017269 Kilo: Lima, sending you 2
2024-10-15 04:39:28.017672 Victor: Zulu, sending you 5
2024-10-15 04:39:28.019019 Romeo: Lima, sending you 3
2024-10-15 04:39:28.019544 Delta: Zulu, sending you 3
2024-10-15 04:39:28.020014 Tango: Alpha, sending you 6
2024-10-15 04:39:28.021048 Lima: Kilo, sending you 4
2024-10-15 04:39:28.021693 Kilo: Sierra, sending you 4
2024-10-15 04:39:28.023652 Romeo: Tango, sending you 5
2024-10-15 04:39:28.025194 Tango: Zulu, sending you 2
2024-10-15 04:39:28.025591 Kilo: Delta, sending you 8
2024-10-15 04:39:28.029212 Romeo: Alpha, sending you 8
2024-10-15 04:39:28.032959 Romeo: Zulu, sending you 4
chatterbot Tango submitting transactions
chatterbot Zulu submitting transactions
chatterbot Quebec submitting transactions
chatterbot Sierra submitting transactions
chatterbot Delta submitting transactions
chatterbot Victor submitting transactions
chatterbot Lima submitting transactions
chatterbot Alpha submitting transactions
chatterbot Romeo submitting transactions
chatterbot Kilo submitting transactions
ChatterBot Victor round 2
ChatterBot Lima round 2
ChatterBot Tango round 2
2024-10-15 04:39:29.191127 Lima: We should add Quebec
ChatterBot Victor reevaluating
ChatterBot Zulu reevaluating
ChatterBot Delta reevaluating
ChatterBot Sierra reevaluating
ChatterBot Kilo reevaluating
2024-10-15 04:39:29.270694 Victor: No
2024-10-15 04:39:29.270901 Zulu: No
2024-10-15 04:39:29.271030 Delta: Yes
2024-10-15 04:39:29.271134 Sierra: Yes
2024-10-15 04:39:29.271237 Kilo: Yes
ChatterBot Zulu reevaluating
ChatterBot Delta reevaluating
ChatterBot Sierra reevaluating
ChatterBot Kilo reevaluating
ChatterBot Victor reevaluating
ChatterBot Delta reevaluating
ChatterBot Sierra reevaluating
ChatterBot Kilo reevaluating
ChatterBot Lima reevaluating
ChatterBot Victor reevaluating
ChatterBot Zulu reevaluating
ChatterBot Sierra reevaluating
ChatterBot Kilo reevaluating
ChatterBot Lima reevaluating
ChatterBot Victor reevaluating
ChatterBot Zulu reevaluating
ChatterBot Delta reevaluating
ChatterBot Kilo reevaluating
ChatterBot Lima reevaluating
ChatterBot Victor reevaluating
ChatterBot Zulu reevaluating
ChatterBot Delta reevaluating
ChatterBot Sierra reevaluating
ChatterBot Lima reevaluating
ChatterBot Romeo round 2
ChatterBot Sierra round 2
2024-10-15 04:39:29.521381 Tango: We would work well together
ChatterBot Romeo reevaluating
ChatterBot Quebec reevaluating
ChatterBot Alpha reevaluating
2024-10-15 04:39:29.552493 Romeo: Yes
2024-10-15 04:39:29.552658 Quebec: No
2024-10-15 04:39:29.552771 Alpha: No
ChatterBot Quebec reevaluating
ChatterBot Alpha reevaluating
ChatterBot Romeo reevaluating
ChatterBot Alpha reevaluating
ChatterBot Romeo reevaluating
ChatterBot Quebec reevaluating
2024-10-15 04:39:29.621204 Quebec: We should group up
2024-10-15 04:39:29.625444 Tango: Yes
ChatterBot Quebec reevaluating
ChatterBot Quebec round 2
ChatterBot Alpha round 2
ChatterBot Zulu round 2
ChatterBot Delta round 2
ChatterBot Kilo round 2
2024-10-15 04:39:29.666309 Kilo: We should add Quebec
ChatterBot Delta reevaluating
ChatterBot Sierra reevaluating
ChatterBot Lima reevaluating
2024-10-15 04:39:29.690031 Victor: No
2024-10-15 04:39:29.690251 Zulu: No
2024-10-15 04:39:29.690444 Delta: Yes
2024-10-15 04:39:29.690651 Sierra: Yes
2024-10-15 04:39:29.690871 Lima: Yes
ChatterBot Delta reevaluating
ChatterBot Sierra reevaluating
ChatterBot Lima reevaluating
ChatterBot Delta reevaluating
ChatterBot Sierra reevaluating
ChatterBot Lima reevaluating
ChatterBot Sierra reevaluating
ChatterBot Kilo reevaluating
ChatterBot Lima reevaluating
ChatterBot Delta reevaluating
ChatterBot Kilo reevaluating
ChatterBot Lima reevaluating
ChatterBot Delta reevaluating
ChatterBot Sierra reevaluating
ChatterBot Kilo reevaluating
2024-10-15 04:39:29.841680 Zulu: We should drop Sierra
ChatterBot Lima reevaluating
ChatterBot Delta reevaluating
2024-10-15 04:39:29.855788 Victor: No
2024-10-15 04:39:29.855942 Lima: No
2024-10-15 04:39:29.856059 Delta: No
2024-10-15 04:39:29.856164 Kilo: No
ChatterBot Lima reevaluating
ChatterBot Delta reevaluating
ChatterBot Delta reevaluating
ChatterBot Kilo reevaluating
ChatterBot Lima reevaluating
ChatterBot Kilo reevaluating
ChatterBot Lima reevaluating
ChatterBot Delta reevaluating
2024-10-15 04:39:29.914771 Tango: Romeo, sending you 11
2024-10-15 04:39:29.915102 Victor: Sending you each 3
2024-10-15 04:39:30.470115 Tango: Quebec, sending you 2
2024-10-15 04:39:30.470494 Quebec: Tango and Romeo, sending you 7
2024-10-15 04:39:30.471552 Lima: Quebec we want you to join our group
2024-10-15 04:39:30.475738 Quebec: No
ChatterBot Kilo reevaluating
2024-10-15 04:39:30.496235 Alpha: Tango and Romeo, sending you 5
2024-10-15 04:39:30.496743 Delta: Quebec we want you to join our group
2024-10-15 04:39:30.500983 Quebec: No
ChatterBot Delta reevaluating
ChatterBot Kilo reevaluating
2024-10-15 04:39:30.521407 Romeo: Tango, sending you 5
chatterbot Romeo submitting transactions
chatterbot Tango submitting transactions
2024-10-15 04:39:30.523264 Quebec: Alpha, sending you 6
2024-10-15 04:39:30.524276 Tango: Alpha, sending you 6
2024-10-15 04:39:30.524564 Alpha: Quebec, sending you 3
2024-10-15 04:39:30.524938 Zulu: Victor, Delta and Kilo, sending you 4
2024-10-15 04:39:30.525855 Sierra: Victor, sending you 3
2024-10-15 04:39:30.627306 Romeo: Quebec, sending you 11
2024-10-15 04:39:30.627625 Zulu: Lima, sending you 2
2024-10-15 04:39:30.628389 Kilo: Quebec we want you to join our group
2024-10-15 04:39:30.632070 Quebec: No
ChatterBot Delta reevaluating
ChatterBot Kilo reevaluating
2024-10-15 04:39:30.651356 Sierra: Lima, Zulu, Delta and Kilo, sending you 4
chatterbot Alpha submitting transactions
chatterbot Zulu submitting transactions
chatterbot Victor submitting transactions
2024-10-15 04:39:30.652624 Romeo: Alpha, sending you 4
2024-10-15 04:39:30.734508 Lima: Victor, Sierra, Quebec, Zulu and Delta, sending you 3
chatterbot Quebec submitting transactions
chatterbot Sierra submitting transactions
2024-10-15 04:39:30.778597 Lima: Kilo, sending you 2
2024-10-15 04:39:30.894923 Kilo: Victor and Delta, sending you 4
2024-10-15 04:39:30.896014 Delta: Victor and Zulu, sending you 3
2024-10-15 04:39:30.909938 Kilo: Lima, sending you 5
2024-10-15 04:39:30.910376 Delta: Lima, sending you 4
2024-10-15 04:39:30.918406 Kilo: Sierra and Quebec, sending you 2
2024-10-15 04:39:30.919537 Delta: Sierra, sending you 2
2024-10-15 04:39:30.924516 Kilo: Zulu, sending you 3
2024-10-15 04:39:30.924870 Delta: Quebec, sending you 1
2024-10-15 04:39:30.928388 Delta: Kilo, sending you 7
chatterbot Lima submitting transactions
chatterbot Kilo submitting transactions
chatterbot Delta submitting transactions
ChatterBot Victor round 3
ChatterBot Lima round 3
ChatterBot Tango round 3
ChatterBot Romeo round 3
ChatterBot Sierra round 3
ChatterBot Quebec round 3
ChatterBot Alpha round 3
ChatterBot Zulu round 3
ChatterBot Delta round 3
ChatterBot Kilo round 3
2024-10-15 04:39:32.290974 Zulu: We should replace Lima with Sierra
2024-10-15 04:39:32.300943 Victor: No
2024-10-15 04:39:32.301116 Delta: No
2024-10-15 04:39:32.301238 Kilo: No
ChatterBot Zulu reevaluating
ChatterBot Zulu reevaluating
2024-10-15 04:39:32.330774 Lima: We should drop Quebec
ChatterBot Zulu reevaluating
2024-10-15 04:39:32.347092 Victor: Yes
2024-10-15 04:39:32.347247 Zulu: Yes
2024-10-15 04:39:32.347388 Delta: Yes
2024-10-15 04:39:32.347517 Sierra: Yes
2024-10-15 04:39:32.347668 Kilo: Yes
ChatterBot Zulu reevaluating
ChatterBot Zulu reevaluating
ChatterBot Zulu reevaluating
ChatterBot Zulu reevaluating
2024-10-15 04:39:32.425385 Zulu: We should add Sierra
2024-10-15 04:39:32.436907 Victor: Yes
2024-10-15 04:39:32.437072 Lima: Yes
2024-10-15 04:39:32.437207 Delta: Yes
2024-10-15 04:39:32.437382 Kilo: Yes
ChatterBot Zulu reevaluating
ChatterBot Zulu reevaluating
ChatterBot Zulu reevaluating
ChatterBot Zulu reevaluating
2024-10-15 04:39:32.496151 Romeo: Tango, sending you 7
2024-10-15 04:39:32.496680 Victor: Same as last round
2024-10-15 04:39:32.497800 Alpha: Tango and Romeo, sending you 5
chatterbot Kilo submitting transactions
2024-10-15 04:39:32.498349 Tango: Romeo, sending you 8
2024-10-15 04:39:32.498715 Quebec: Tango, sending you 2
2024-10-15 04:39:32.499623 Sierra: Victor, Lima, Delta and Kilo, sending you 4
2024-10-15 04:39:32.500385 Zulu: Sierra we want you to join our group
2024-10-15 04:39:32.506433 Sierra: Yes
ChatterBot Zulu reevaluating
2024-10-15 04:39:32.529528 Romeo: Quebec, sending you 8
2024-10-15 04:39:32.529975 Alpha: Quebec, sending you 4
2024-10-15 04:39:32.531010 Tango: Quebec, sending you 5
2024-10-15 04:39:32.531404 Quebec: Romeo, sending you 14
2024-10-15 04:39:32.531933 Sierra: Zulu, sending you 3
2024-10-15 04:39:32.533676 Kilo: Victor, Lima and Zulu, sending you 4
2024-10-15 04:39:32.534464 Romeo: Alpha, sending you 5
2024-10-15 04:39:32.535842 Tango: Alpha, sending you 6
2024-10-15 04:39:32.536827 Quebec: Alpha, sending you 4
2024-10-15 04:39:32.537229 Lima: Victor, Sierra, Zulu and Kilo, sending you 3
2024-10-15 04:39:32.537978 Delta: Victor, sending you 3
2024-10-15 04:39:32.539510 Kilo: Sierra, sending you 3
2024-10-15 04:39:32.541031 Lima: Delta, sending you 5
2024-10-15 04:39:32.541727 Delta: Lima, Sierra and Zulu, sending you 4
2024-10-15 04:39:32.544784 Kilo: Delta, sending you 5
2024-10-15 04:39:32.547685 Delta: Kilo, sending you 5
2024-10-15 04:39:32.552750 Zulu: Sending you each 4
chatterbot Quebec submitting transactions
chatterbot Tango submitting transactions
chatterbot Victor submitting transactions
chatterbot Alpha submitting transactions
chatterbot Sierra submitting transactions
chatterbot Romeo submitting transactions
chatterbot Lima submitting transactions
chatterbot Zulu submitting transactions
chatterbot Delta submitting transactions
ChatterBot Victor round 4
ChatterBot Lima round 4
ChatterBot Tango round 4
ChatterBot Romeo round 4
ChatterBot Sierra round 4
ChatterBot Quebec round 4
ChatterBot Alpha round 4
ChatterBot Zulu round 4
ChatterBot Delta round 4
ChatterBot Kilo round 4
2024-10-15 04:39:33.538585 Zulu: We should add Lima
2024-10-15 04:39:33.559068 Victor: Yes
2024-10-15 04:39:33.559279 Sierra: Yes
2024-10-15 04:39:33.559439 Delta: Yes
2024-10-15 04:39:33.559623 Kilo: Yes
ChatterBot Zulu reevaluating
ChatterBot Zulu reevaluating
ChatterBot Zulu reevaluating
ChatterBot Zulu reevaluating
2024-10-15 04:39:33.648622 Zulu: Lima we want you to join our group
2024-10-15 04:39:33.652999 Lima: Yes
ChatterBot Zulu reevaluating
2024-10-15 04:39:33.669267 Lima: Victor, Sierra and Zulu, sending you 3
2024-10-15 04:39:33.670408 Quebec: Tango, sending you 4
2024-10-15 04:39:33.670787 Tango: Romeo, sending you 8
2024-10-15 04:39:33.688777 Victor: Same as last round
2024-10-15 04:39:33.690555 Lima: Delta and Kilo, sending you 4
2024-10-15 04:39:33.691454 Delta: Victor, sending you 2
2024-10-15 04:39:33.692672 Quebec: Romeo, sending you 11
2024-10-15 04:39:33.693177 Sierra: Victor, sending you 3
2024-10-15 04:39:33.694094 Alpha: Sending you each 5
2024-10-15 04:39:33.695423 Tango: Quebec, sending you 5
2024-10-15 04:39:33.695810 Romeo: Tango, sending you 7
2024-10-15 04:39:33.696207 Kilo: Victor, sending you 3
2024-10-15 04:39:33.697505 Delta: Lima and Kilo, sending you 5
2024-10-15 04:39:33.698029 Quebec: Alpha, sending you 5
2024-10-15 04:39:33.698337 Sierra: Lima, Zulu, Delta and Kilo, sending you 4
2024-10-15 04:39:33.699682 Tango: Alpha, sending you 6
2024-10-15 04:39:33.699980 Romeo: Quebec, sending you 8
2024-10-15 04:39:33.702504 Kilo: Lima, Sierra and Zulu, sending you 4
2024-10-15 04:39:33.704107 Delta: Sierra and Zulu, sending you 4
2024-10-15 04:39:33.705157 Romeo: Alpha, sending you 5
2024-10-15 04:39:33.708663 Kilo: Delta, sending you 5
2024-10-15 04:39:33.716675 Zulu: Victor, Sierra, Delta and Kilo, sending you 4
2024-10-15 04:39:33.721681 Zulu: Lima, sending you 3
chatterbot Kilo submitting transactions
chatterbot Quebec submitting transactions
chatterbot Zulu submitting transactions
chatterbot Lima submitting transactions
chatterbot Tango submitting transactions
chatterbot Victor submitting transactions
chatterbot Alpha submitting transactions
chatterbot Delta submitting transactions
chatterbot Romeo submitting transactions
chatterbot Sierra submitting transactions
ChatterBot Victor round 5
ChatterBot Lima round 5
ChatterBot Tango round 5
ChatterBot Romeo round 5
ChatterBot Sierra round 5
ChatterBot Quebec round 5
ChatterBot Alpha round 5
ChatterBot Zulu round 5
ChatterBot Delta round 5
ChatterBot Kilo round 5
2024-10-15 04:39:34.833683 Victor: Same as last round
2024-10-15 04:39:34.838668 Tango: Romeo, sending you 8
2024-10-15 04:39:34.839387 Alpha: Same as last round
2024-10-15 04:39:34.840675 Zulu: Victor, Sierra, Delta and Kilo, sending you 4
2024-10-15 04:39:34.843038 Romeo: Tango, sending you 7
2024-10-15 04:39:34.843760 Tango: Quebec, sending you 5
2024-10-15 04:39:34.844318 Quebec: Tango, sending you 4
2024-10-15 04:39:34.846719 Zulu: Lima, sending you 3
2024-10-15 04:39:34.848131 Romeo: Quebec, sending you 8
2024-10-15 04:39:34.849906 Kilo: Victor, sending you 3
2024-10-15 04:39:34.851103 Tango: Alpha, sending you 6
2024-10-15 04:39:34.852042 Quebec: Romeo, sending you 11
2024-10-15 04:39:34.853892 Sierra: Victor, sending you 3
2024-10-15 04:39:34.855595 Lima: Victor, Sierra, Zulu and Kilo, sending you 3
2024-10-15 04:39:34.857075 Romeo: Alpha, sending you 5
2024-10-15 04:39:34.858923 Kilo: Lima, Sierra and Zulu, sending you 4
2024-10-15 04:39:34.860111 Quebec: Alpha, sending you 5
2024-10-15 04:39:34.860965 Delta: Victor, sending you 3
2024-10-15 04:39:34.862966 Sierra: Lima, Zulu, Delta and Kilo, sending you 4
2024-10-15 04:39:34.864542 Lima: Delta, sending you 5
2024-10-15 04:39:34.867040 Kilo: Delta, sending you 5
2024-10-15 04:39:34.869158 Delta: Lima, Sierra and Zulu, sending you 4
2024-10-15 04:39:34.874671 Delta: Kilo, sending you 5
chatterbot Alpha submitting transactions
chatterbot Romeo submitting transactions
chatterbot Quebec submitting transactions
chatterbot Lima submitting transactions
chatterbot Kilo submitting transactions
chatterbot Tango submitting transactions
chatterbot Delta submitting transactions
chatterbot Victor submitting transactions
chatterbot Zulu submitting transactions
chatterbot Sierra submitting transactions
ChatterBot Victor round 6
ChatterBot Lima round 6
ChatterBot Tango round 6
ChatterBot Romeo round 6
ChatterBot Sierra round 6
ChatterBot Quebec round 6
ChatterBot Alpha round 6
ChatterBot Zulu round 6
ChatterBot Delta round 6
ChatterBot Kilo round 6
2024-10-15 04:39:35.950485 Zulu: We should drop Victor
2024-10-15 04:39:35.957826 Lima: No
2024-10-15 04:39:35.957951 Sierra: No
2024-10-15 04:39:35.958053 Delta: No
2024-10-15 04:39:35.958152 Kilo: No
ChatterBot Zulu reevaluating
ChatterBot Zulu reevaluating
2024-10-15 04:39:35.990052 Romeo: Tango, sending you 7
2024-10-15 04:39:35.992654 Victor: Same as last round
2024-10-15 04:39:35.993179 Sierra: Victor, sending you 3
2024-10-15 04:39:35.993651 Kilo: Victor, sending you 3
2024-10-15 04:39:35.994159 Lima: Victor, Sierra, Zulu and Kilo, sending you 3
2024-10-15 04:39:35.994635 Alpha: Tango and Quebec, sending you 5
2024-10-15 04:39:35.994934 Quebec: Tango, sending you 4
2024-10-15 04:39:35.995218 Romeo: Quebec, sending you 8
2024-10-15 04:39:35.995471 Tango: Romeo, sending you 8
2024-10-15 04:39:35.997660 Kilo: Lima, Sierra and Zulu, sending you 4
2024-10-15 04:39:35.998196 Lima: Delta, sending you 5
2024-10-15 04:39:35.998691 Alpha: Romeo, sending you 6
2024-10-15 04:39:35.998974 Romeo: Alpha, sending you 5
2024-10-15 04:39:35.999264 Sierra: Lima, Zulu, Delta and Kilo, sending you 4
2024-10-15 04:39:35.999775 Quebec: Romeo, sending you 11
2024-10-15 04:39:36.000600 Tango: Quebec, sending you 5
2024-10-15 04:39:36.002666 Kilo: Delta, sending you 5
2024-10-15 04:39:36.003194 Quebec: Alpha, sending you 5
2024-10-15 04:39:36.003670 Tango: Alpha, sending you 6
2024-10-15 04:39:36.008649 Delta: Victor, sending you 3
2024-10-15 04:39:36.013680 Delta: Lima, Sierra and Zulu, sending you 4
2024-10-15 04:39:36.015663 Zulu: Victor, Sierra, Delta and Kilo, sending you 4
2024-10-15 04:39:36.016678 Delta: Kilo, sending you 5
2024-10-15 04:39:36.020672 Zulu: Lima, sending you 3
chatterbot Romeo submitting transactions
chatterbot Zulu submitting transactions
chatterbot Lima submitting transactions
chatterbot Sierra submitting transactions
chatterbot Tango submitting transactions
chatterbot Quebec submitting transactions
chatterbot Delta submitting transactions
chatterbot Kilo submitting transactions
chatterbot Victor submitting transactions
chatterbot Alpha submitting transactions
ChatterBot Victor round 7
ChatterBot Lima round 7
ChatterBot Tango round 7
ChatterBot Romeo round 7
ChatterBot Sierra round 7
ChatterBot Quebec round 7
ChatterBot Alpha round 7
ChatterBot Zulu round 7
ChatterBot Delta round 7
ChatterBot Kilo round 7
2024-10-15 04:39:37.273670 Victor: Same as last round
2024-10-15 04:39:37.278898 Romeo: Tango, sending you 6
2024-10-15 04:39:37.281693 Zulu: Victor, Sierra, Delta and Kilo, sending you 4
2024-10-15 04:39:37.283663 Lima: Victor, Sierra, Zulu and Kilo, sending you 3
2024-10-15 04:39:37.285679 Delta: Victor, sending you 2
2024-10-15 04:39:37.288067 Alpha: Tango and Quebec, sending you 5
2024-10-15 04:39:37.290282 Romeo: Quebec, sending you 9
2024-10-15 04:39:37.291403 Tango: Romeo, sending you 8
2024-10-15 04:39:37.292483 Zulu: Lima, sending you 3
2024-10-15 04:39:37.294816 Lima: Delta, sending you 5
2024-10-15 04:39:37.296668 Delta: Lima and Kilo, sending you 5
2024-10-15 04:39:37.298144 Alpha: Romeo, sending you 6
2024-10-15 04:39:37.299677 Kilo: Victor, sending you 3
2024-10-15 04:39:37.300921 Quebec: Tango and Alpha, sending you 5
2024-10-15 04:39:37.301699 Tango: Quebec, sending you 5
2024-10-15 04:39:37.303174 Romeo: Alpha, sending you 5
2024-10-15 04:39:37.303907 Sierra: Victor, sending you 3
2024-10-15 04:39:37.305158 Delta: Sierra and Zulu, sending you 4
2024-10-15 04:39:37.307424 Quebec: Romeo, sending you 10
2024-10-15 04:39:37.308582 Kilo: Lima, Sierra and Zulu, sending you 4
2024-10-15 04:39:37.311056 Tango: Alpha, sending you 6
2024-10-15 04:39:37.312017 Sierra: Lima, Zulu, Delta and Kilo, sending you 4
2024-10-15 04:39:37.315681 Kilo: Delta, sending you 5
chatterbot Kilo submitting transactions
chatterbot Zulu submitting transactions
chatterbot Romeo submitting transactions
chatterbot Victor submitting transactions
chatterbot Tango submitting transactions
chatterbot Alpha submitting transactions
chatterbot Quebec submitting transactions
chatterbot Delta submitting transactions
chatterbot Lima submitting transactions
chatterbot Sierra submitting transactions
ChatterBot Victor round 8
ChatterBot Lima round 8
ChatterBot Tango round 8
ChatterBot Romeo round 8
ChatterBot Sierra round 8
ChatterBot Quebec round 8
ChatterBot Alpha round 8
ChatterBot Zulu round 8
ChatterBot Delta round 8
ChatterBot Kilo round 8
2024-10-15 04:39:38.549229 Zulu: We should drop Victor
2024-10-15 04:39:38.558065 Lima: No
2024-10-15 04:39:38.558209 Sierra: No
2024-10-15 04:39:38.558314 Delta: No
2024-10-15 04:39:38.558414 Kilo: No
ChatterBot Zulu reevaluating
ChatterBot Zulu reevaluating
ChatterBot Zulu reevaluating
ChatterBot Zulu reevaluating
2024-10-15 04:39:38.597670 Victor: Same as last round
2024-10-15 04:39:38.598679 Lima: Victor, Sierra, Zulu and Kilo, sending you 3
2024-10-15 04:39:38.604656 Lima: Delta, sending you 5
2024-10-15 04:39:38.609677 Tango: Romeo, sending you 8
2024-10-15 04:39:38.611705 Quebec: Tango and Alpha, sending you 5
2024-10-15 04:39:38.612703 Delta: Victor, sending you 2
2024-10-15 04:39:38.614671 Romeo: Tango and Alpha, sending you 6
2024-10-15 04:39:38.615040 Tango: Quebec, sending you 5
2024-10-15 04:39:38.615843 Zulu: Victor, Sierra, Delta and Kilo, sending you 4
2024-10-15 04:39:38.616464 Sierra: Victor, sending you 3
2024-10-15 04:39:38.616994 Quebec: Romeo, sending you 10
2024-10-15 04:39:38.617289 Kilo: Victor, sending you 3
2024-10-15 04:39:38.618437 Alpha: Tango and Romeo, sending you 6
2024-10-15 04:39:38.618742 Delta: Lima and Kilo, sending you 5
2024-10-15 04:39:38.619283 Romeo: Quebec, sending you 8
2024-10-15 04:39:38.619542 Tango: Alpha, sending you 6
2024-10-15 04:39:38.619801 Zulu: Lima, sending you 3
2024-10-15 04:39:38.620830 Sierra: Lima, Zulu, Delta and Kilo, sending you 4
2024-10-15 04:39:38.621326 Kilo: Lima, Sierra and Zulu, sending you 4
2024-10-15 04:39:38.621838 Alpha: Quebec, sending you 5
2024-10-15 04:39:38.623672 Delta: Sierra and Zulu, sending you 4
2024-10-15 04:39:38.625676 Kilo: Delta, sending you 5
chatterbot Alpha submitting transactions
chatterbot Delta submitting transactions
chatterbot Quebec submitting transactions
chatterbot Lima submitting transactions
chatterbot Victor submitting transactions
chatterbot Kilo submitting transactions
chatterbot Tango submitting transactions
chatterbot Sierra submitting transactions
chatterbot Zulu submitting transactions
chatterbot Romeo submitting transactions
ChatterBot Victor round 9
ChatterBot Lima round 9
ChatterBot Tango round 9
ChatterBot Romeo round 9
ChatterBot Sierra round 9
ChatterBot Quebec round 9
ChatterBot Alpha round 9
ChatterBot Zulu round 9
ChatterBot Delta round 9
ChatterBot Kilo round 9
2024-10-15 04:39:39.822851 Zulu: We should drop Victor
2024-10-15 04:39:39.841303 Lima: No
2024-10-15 04:39:39.841637 Sierra: No
2024-10-15 04:39:39.841910 Delta: No
2024-10-15 04:39:39.842169 Kilo: No
ChatterBot Zulu reevaluating
ChatterBot Zulu reevaluating
ChatterBot Zulu reevaluating
ChatterBot Zulu reevaluating
2024-10-15 04:39:39.904227 Victor: Same as last round
2024-10-15 04:39:39.907992 Lima: Victor, Sierra, Zulu and Kilo, sending you 3
2024-10-15 04:39:39.909068 Romeo: Tango and Alpha, sending you 6
2024-10-15 04:39:39.910457 Tango: Romeo, sending you 8
2024-10-15 04:39:39.911162 Sierra: Victor, sending you 3
2024-10-15 04:39:39.912705 Alpha: Tango and Romeo, sending you 6
2024-10-15 04:39:39.913532 Quebec: Tango and Alpha, sending you 5
2024-10-15 04:39:39.914687 Lima: Delta, sending you 5
2024-10-15 04:39:39.916432 Romeo: Quebec, sending you 8
2024-10-15 04:39:39.917188 Tango: Quebec, sending you 5
2024-10-15 04:39:39.917929 Sierra: Lima, Zulu, Delta and Kilo, sending you 4
2024-10-15 04:39:39.919587 Alpha: Quebec, sending you 5
2024-10-15 04:39:39.921336 Quebec: Romeo, sending you 10
2024-10-15 04:39:39.922971 Tango: Alpha, sending you 6
2024-10-15 04:39:39.925673 Delta: Victor, sending you 2
2024-10-15 04:39:39.927681 Zulu: Victor, Sierra, Delta and Kilo, sending you 4
2024-10-15 04:39:39.929742 Kilo: Victor, sending you 3
2024-10-15 04:39:39.931647 Delta: Lima and Kilo, sending you 5
2024-10-15 04:39:39.933669 Kilo: Lima, Sierra and Zulu, sending you 4
2024-10-15 04:39:39.934760 Zulu: Lima, sending you 3
2024-10-15 04:39:39.936628 Delta: Sierra and Zulu, sending you 4
2024-10-15 04:39:39.937953 Kilo: Delta, sending you 5
chatterbot Delta submitting transactions
chatterbot Sierra submitting transactions
chatterbot Kilo submitting transactions
chatterbot Romeo submitting transactions
chatterbot Tango submitting transactions
chatterbot Quebec submitting transactions
chatterbot Victor submitting transactions
chatterbot Alpha submitting transactions
chatterbot Lima submitting transactions
chatterbot Zulu submitting transactions
ChatterBot Victor round 10
ChatterBot Lima round 10
ChatterBot Tango round 10
ChatterBot Romeo round 10
ChatterBot Sierra round 10
ChatterBot Quebec round 10
ChatterBot Alpha round 10
ChatterBot Zulu round 10
ChatterBot Delta round 10
ChatterBot Kilo round 10
2024-10-15 04:39:41.102943 Victor: Same as last round
2024-10-15 04:39:41.105664 Sierra: Victor, sending you 3
2024-10-15 04:39:41.107564 Tango: Romeo, sending you 8
2024-10-15 04:39:41.108115 Zulu: Victor, sending you 3
2024-10-15 04:39:41.109689 Sierra: Lima, Zulu, Delta and Kilo, sending you 4
2024-10-15 04:39:41.112701 Tango: Quebec, sending you 5
2024-10-15 04:39:41.113437 Delta: Victor, sending you 3
2024-10-15 04:39:41.114126 Zulu: Lima, Sierra, Delta and Kilo, sending you 4
2024-10-15 04:39:41.114796 Alpha: Tango and Romeo, sending you 6
2024-10-15 04:39:41.115197 Lima: Victor, Sierra, Zulu and Kilo, sending you 3
2024-10-15 04:39:41.115850 Kilo: Victor, sending you 3
2024-10-15 04:39:41.116562 Romeo: Tango and Alpha, sending you 6
2024-10-15 04:39:41.117694 Tango: Alpha, sending you 6
2024-10-15 04:39:41.118084 Quebec: Tango and Alpha, sending you 5
2024-10-15 04:39:41.118664 Delta: Lima, sending you 5
2024-10-15 04:39:41.119439 Lima: Delta, sending you 5
2024-10-15 04:39:41.120312 Kilo: Lima, Sierra and Zulu, sending you 4
2024-10-15 04:39:41.121982 Alpha: Quebec, sending you 5
2024-10-15 04:39:41.122412 Romeo: Quebec, sending you 8
2024-10-15 04:39:41.122828 Quebec: Romeo, sending you 10
2024-10-15 04:39:41.123667 Delta: Sierra, Zulu and Kilo, sending you 4
2024-10-15 04:39:41.126923 Kilo: Delta, sending you 5
chatterbot Alpha submitting transactions
chatterbot Victor submitting transactions
chatterbot Sierra submitting transactions
chatterbot Delta submitting transactions
chatterbot Zulu submitting transactions
chatterbot Lima submitting transactions
chatterbot Kilo submitting transactions
chatterbot Romeo submitting transactions
chatterbot Quebec submitting transactions
chatterbot Tango submitting transactions
ChatterBot Victor round 11
ChatterBot Lima round 11
ChatterBot Tango round 11
ChatterBot Romeo round 11
ChatterBot Sierra round 11
ChatterBot Quebec round 11
ChatterBot Alpha round 11
ChatterBot Zulu round 11
ChatterBot Delta round 11
ChatterBot Kilo round 11
2024-10-15 04:39:42.092693 Victor: Same as last round
2024-10-15 04:39:42.097669 Tango: Romeo, sending you 8
2024-10-15 04:39:42.100083 Zulu: Victor, sending you 3
2024-10-15 04:39:42.102587 Lima: Victor, Sierra, Zulu and Kilo, sending you 3
2024-10-15 04:39:42.103964 Tango: Quebec, sending you 5
2024-10-15 04:39:42.104982 Zulu: Lima, Sierra, Delta and Kilo, sending you 4
2024-10-15 04:39:42.106693 Romeo: Tango and Alpha, sending you 6
2024-10-15 04:39:42.107516 Quebec: Tango and Alpha, sending you 5
2024-10-15 04:39:42.108349 Lima: Delta, sending you 5
2024-10-15 04:39:42.110073 Sierra: Victor, sending you 3
2024-10-15 04:39:42.111526 Delta: Victor, sending you 3
2024-10-15 04:39:42.112547 Tango: Alpha, sending you 6
2024-10-15 04:39:42.113169 Alpha: Tango and Romeo, sending you 6
2024-10-15 04:39:42.113836 Romeo: Quebec, sending you 8
2024-10-15 04:39:42.114463 Quebec: Romeo, sending you 10
2024-10-15 04:39:42.115549 Sierra: Lima, Zulu, Delta and Kilo, sending you 4
2024-10-15 04:39:42.117359 Delta: Lima, sending you 5
2024-10-15 04:39:42.118697 Alpha: Quebec, sending you 5
2024-10-15 04:39:42.121680 Kilo: Victor, sending you 3
2024-10-15 04:39:42.124035 Delta: Sierra, Zulu and Kilo, sending you 4
2024-10-15 04:39:42.127712 Kilo: Lima, Sierra and Zulu, sending you 4
2024-10-15 04:39:42.134689 Kilo: Delta, sending you 5
chatterbot Victor submitting transactions
chatterbot Quebec submitting transactions
chatterbot Romeo submitting transactions
chatterbot Delta submitting transactions
chatterbot Alpha submitting transactions
chatterbot Kilo submitting transactions
chatterbot Tango submitting transactions
chatterbot Lima submitting transactions
chatterbot Zulu submitting transactions
chatterbot Sierra submitting transactions
ChatterBot Victor round 12
ChatterBot Lima round 12
ChatterBot Tango round 12
ChatterBot Romeo round 12
ChatterBot Sierra round 12
ChatterBot Quebec round 12
ChatterBot Alpha round 12
ChatterBot Zulu round 12
ChatterBot Delta round 12
ChatterBot Kilo round 12
2024-10-15 04:39:43.297683 Tango: Romeo, sending you 8
2024-10-15 04:39:43.298228 Quebec: Tango and Alpha, sending you 5
2024-10-15 04:39:43.300684 Lima: Victor, Sierra, Zulu and Kilo, sending you 3
2024-10-15 04:39:43.302665 Alpha: Tango and Romeo, sending you 6
2024-10-15 04:39:43.303110 Delta: Victor, sending you 3
2024-10-15 04:39:43.303976 Tango: Quebec, sending you 5
2024-10-15 04:39:43.304449 Quebec: Romeo, sending you 10
2024-10-15 04:39:43.305241 Romeo: Tango, sending you 7
2024-10-15 04:39:43.305645 Zulu: Victor, sending you 3
2024-10-15 04:39:43.306385 Victor: Same as last round
2024-10-15 04:39:43.307150 Lima: Delta, sending you 5
2024-10-15 04:39:43.308308 Alpha: Quebec, sending you 5
2024-10-15 04:39:43.308718 Delta: Lima, sending you 5
2024-10-15 04:39:43.309525 Tango: Alpha, sending you 6
2024-10-15 04:39:43.309931 Romeo: Quebec, sending you 8
2024-10-15 04:39:43.311079 Zulu: Lima, Sierra, Delta and Kilo, sending you 4
2024-10-15 04:39:43.311982 Delta: Sierra, Zulu and Kilo, sending you 4
2024-10-15 04:39:43.313072 Sierra: Victor, sending you 3
2024-10-15 04:39:43.314694 Romeo: Alpha, sending you 5
2024-10-15 04:39:43.317664 Sierra: Lima, Zulu, Delta and Kilo, sending you 4
2024-10-15 04:39:43.318465 Kilo: Victor, sending you 3
2024-10-15 04:39:43.323664 Kilo: Lima, Sierra and Zulu, sending you 4
2024-10-15 04:39:43.328660 Kilo: Delta, sending you 5
chatterbot Sierra submitting transactions
chatterbot Zulu submitting transactions
chatterbot Tango submitting transactions
chatterbot Quebec submitting transactions
chatterbot Delta submitting transactions
chatterbot Romeo submitting transactions
chatterbot Victor submitting transactions
chatterbot Lima submitting transactions
chatterbot Alpha submitting transactions
chatterbot Kilo submitting transactions
ChatterBot Victor round 13
ChatterBot Lima round 13
ChatterBot Tango round 13
ChatterBot Romeo round 13
ChatterBot Sierra round 13
ChatterBot Quebec round 13
ChatterBot Alpha round 13
ChatterBot Zulu round 13
ChatterBot Delta round 13
ChatterBot Kilo round 13
2024-10-15 04:39:44.556684 Quebec: Tango and Alpha, sending you 5
2024-10-15 04:39:44.558685 Lima: Victor, Sierra, Zulu and Kilo, sending you 3
2024-10-15 04:39:44.562249 Delta: Victor, sending you 3
2024-10-15 04:39:44.564633 Romeo: Tango, sending you 7
2024-10-15 04:39:44.566504 Quebec: Romeo, sending you 10
2024-10-15 04:39:44.568235 Lima: Delta, sending you 5
2024-10-15 04:39:44.569904 Tango: Romeo, sending you 8
2024-10-15 04:39:44.571410 Kilo: Victor, sending you 3
2024-10-15 04:39:44.573481 Delta: Lima, sending you 5
2024-10-15 04:39:44.576156 Sierra: Victor, sending you 3
2024-10-15 04:39:44.578542 Romeo: Quebec, sending you 8
2024-10-15 04:39:44.579494 Alpha: Tango and Romeo, sending you 6
2024-10-15 04:39:44.581327 Victor: Same as last round
2024-10-15 04:39:44.584975 Zulu: Victor, sending you 3
2024-10-15 04:39:44.586457 Tango: Quebec, sending you 5
2024-10-15 04:39:44.588193 Kilo: Lima, Sierra and Zulu, sending you 4
2024-10-15 04:39:44.591944 Delta: Sierra, Zulu and Kilo, sending you 4
2024-10-15 04:39:44.594442 Sierra: Lima, Zulu, Delta and Kilo, sending you 4
2024-10-15 04:39:44.597157 Romeo: Alpha, sending you 5
2024-10-15 04:39:44.598189 Alpha: Quebec, sending you 5
2024-10-15 04:39:44.600034 Zulu: Lima, Sierra, Delta and Kilo, sending you 4
2024-10-15 04:39:44.602870 Tango: Alpha, sending you 6
2024-10-15 04:39:44.604580 Kilo: Delta, sending you 5
chatterbot Lima submitting transactions
chatterbot Quebec submitting transactions
chatterbot Delta submitting transactions
chatterbot Zulu submitting transactions
chatterbot Kilo submitting transactions
chatterbot Sierra submitting transactions
chatterbot Romeo submitting transactions
chatterbot Alpha submitting transactions
chatterbot Victor submitting transactions
chatterbot Tango submitting transactions
ChatterBot Victor round 14
ChatterBot Lima round 14
ChatterBot Tango round 14
ChatterBot Romeo round 14
ChatterBot Sierra round 14
ChatterBot Quebec round 14
ChatterBot Alpha round 14
ChatterBot Zulu round 14
ChatterBot Delta round 14
ChatterBot Kilo round 14
2024-10-15 04:39:45.825088 Zulu: We should drop Lima
2024-10-15 04:39:45.834849 Victor: No
2024-10-15 04:39:45.835017 Sierra: No
2024-10-15 04:39:45.835141 Delta: No
2024-10-15 04:39:45.835268 Kilo: No
ChatterBot Zulu reevaluating
ChatterBot Zulu reevaluating
ChatterBot Zulu reevaluating
ChatterBot Zulu reevaluating
2024-10-15 04:39:45.878776 Sierra: Victor, sending you 3
2024-10-15 04:39:45.880693 Victor: Same as last round
2024-10-15 04:39:45.882275 Romeo: Tango, sending you 7
2024-10-15 04:39:45.882848 Sierra: Lima, Zulu, Delta and Kilo, sending you 4
2024-10-15 04:39:45.883647 Lima: Victor, Sierra, Zulu and Kilo, sending you 3
2024-10-15 04:39:45.884414 Tango: Romeo, sending you 8
2024-10-15 04:39:45.885679 Romeo: Quebec, sending you 8
2024-10-15 04:39:45.888873 Lima: Delta, sending you 5
2024-10-15 04:39:45.889844 Tango: Quebec, sending you 5
2024-10-15 04:39:45.890259 Delta: Victor, sending you 3
2024-10-15 04:39:45.891183 Romeo: Alpha, sending you 5
2024-10-15 04:39:45.892666 Alpha: Tango and Romeo, sending you 6
2024-10-15 04:39:45.893677 Tango: Alpha, sending you 6
2024-10-15 04:39:45.894906 Delta: Lima, sending you 5
2024-10-15 04:39:45.895880 Zulu: Victor, sending you 3
2024-10-15 04:39:45.897664 Alpha: Quebec, sending you 5
2024-10-15 04:39:45.898674 Kilo: Victor, sending you 3
2024-10-15 04:39:45.899662 Zulu: Lima, Sierra, Delta and Kilo, sending you 4
2024-10-15 04:39:45.900479 Quebec: Tango and Alpha, sending you 5
2024-10-15 04:39:45.901520 Delta: Sierra, Zulu and Kilo, sending you 4
2024-10-15 04:39:45.902394 Kilo: Lima, Sierra and Zulu, sending you 4
2024-10-15 04:39:45.905683 Quebec: Romeo, sending you 10
2024-10-15 04:39:45.907675 Kilo: Delta, sending you 5
chatterbot Victor submitting transactions
chatterbot Delta submitting transactions
chatterbot Romeo submitting transactions
chatterbot Quebec submitting transactions
chatterbot Lima submitting transactions
chatterbot Zulu submitting transactions
chatterbot Kilo submitting transactions
chatterbot Alpha submitting transactions
chatterbot Sierra submitting transactions
chatterbot Tango submitting transactions
ChatterBot Victor round 15
ChatterBot Lima round 15
ChatterBot Tango round 15
ChatterBot Romeo round 15
ChatterBot Sierra round 15
ChatterBot Quebec round 15
ChatterBot Alpha round 15
ChatterBot Zulu round 15
ChatterBot Delta round 15
ChatterBot Kilo round 15
2024-10-15 04:39:47.037370 Tango: Romeo, sending you 8
2024-10-15 04:39:47.038968 Zulu: We should drop Victor
2024-10-15 04:39:47.057672 Lima: No
2024-10-15 04:39:47.057894 Sierra: No
2024-10-15 04:39:47.058131 Delta: No
2024-10-15 04:39:47.058312 Kilo: No
ChatterBot Zulu reevaluating
ChatterBot Zulu reevaluating
ChatterBot Zulu reevaluating
ChatterBot Zulu reevaluating
2024-10-15 04:39:47.147325 Victor: Same as last round
2024-10-15 04:39:47.150064 Tango: Quebec, sending you 5
2024-10-15 04:39:47.150930 Delta: Victor, sending you 3
2024-10-15 04:39:47.152907 Quebec: Tango and Alpha, sending you 5
2024-10-15 04:39:47.154031 Kilo: Victor, sending you 3
2024-10-15 04:39:47.155819 Lima: Victor, Sierra, Zulu and Kilo, sending you 3
2024-10-15 04:39:47.157740 Tango: Alpha, sending you 6
2024-10-15 04:39:47.159149 Romeo: Tango, sending you 7
2024-10-15 04:39:47.160107 Alpha: Tango and Romeo, sending you 6
2024-10-15 04:39:47.161673 Sierra: Victor, sending you 3
2024-10-15 04:39:47.164212 Delta: Lima, sending you 5
2024-10-15 04:39:47.166474 Quebec: Romeo, sending you 10
