ChatterBot Charlie round 1
ChatterBot Zulu round 1
ChatterBot Yankee round 1
ChatterBot Alpha round 1
ChatterBot Papa round 1
ChatterBot November round 1
ChatterBot Echo round 1
ChatterBot Juliett round 1
ChatterBot Whiskey round 1
ChatterBot Uniform round 1
randomSelections Yankee: {Yankee, Zulu, Charlie, Uniform, Echo, Papa} 
2024-10-14 21:10:36.964540 Yankee: Can we be friends?
ChatterBot Zulu reevaluating
ChatterBot Charlie reevaluating
ChatterBot Uniform reevaluating
ChatterBot Echo reevaluating
ChatterBot Papa reevaluating
2024-10-14 21:10:36.979479 Zulu: Yes
2024-10-14 21:10:36.980643 Charlie: Yes
2024-10-14 21:10:36.980987 Uniform: Yes
2024-10-14 21:10:36.981162 Echo: Yes
2024-10-14 21:10:36.981394 Papa: Yes
ChatterBot Charlie reevaluating
ChatterBot Uniform reevaluating
ChatterBot Echo reevaluating
ChatterBot Papa reevaluating
ChatterBot Zulu reevaluating
ChatterBot Uniform reevaluating
ChatterBot Echo reevaluating
ChatterBot Papa reevaluating
ChatterBot Zulu reevaluating
ChatterBot Charlie reevaluating
ChatterBot Echo reevaluating
ChatterBot Papa reevaluating
ChatterBot Zulu reevaluating
ChatterBot Charlie reevaluating
ChatterBot Uniform reevaluating
ChatterBot Papa reevaluating
ChatterBot Zulu reevaluating
ChatterBot Charlie reevaluating
ChatterBot Uniform reevaluating
ChatterBot Echo reevaluating
randomSelections Alpha: {Alpha, Yankee, Juliett, Whiskey, Echo, November} 
2024-10-14 21:10:37.053006 Alpha: Let's form a team
ChatterBot Juliett reevaluating
ChatterBot Whiskey reevaluating
ChatterBot Echo reevaluating
ChatterBot November reevaluating
2024-10-14 21:10:37.067302 Yankee: No
2024-10-14 21:10:37.067546 Juliett: Yes
2024-10-14 21:10:37.067706 Whiskey: Yes
2024-10-14 21:10:37.067858 Echo: No
2024-10-14 21:10:37.068018 November: Yes
ChatterBot Juliett reevaluating
ChatterBot Whiskey reevaluating
ChatterBot Echo reevaluating
ChatterBot November reevaluating
ChatterBot Whiskey reevaluating
ChatterBot Echo reevaluating
ChatterBot November reevaluating
ChatterBot Juliett reevaluating
ChatterBot Echo reevaluating
ChatterBot November reevaluating
ChatterBot Juliett reevaluating
ChatterBot Whiskey reevaluating
ChatterBot November reevaluating
ChatterBot Juliett reevaluating
ChatterBot Whiskey reevaluating
ChatterBot Echo reevaluating
chatterbot Yankee submitting transactions
2024-10-14 21:10:37.262605 Charlie: Zulu and Papa, sending you 2
2024-10-14 21:10:37.263697 Zulu: Charlie, sending you 4
2024-10-14 21:10:37.264233 Alpha: Yankee, sending you 3
2024-10-14 21:10:37.264812 Echo: Charlie and Papa, sending you 4
2024-10-14 21:10:37.266046 Yankee: Charlie and Uniform, sending you 3
2024-10-14 21:10:37.267262 Uniform: Zulu, Papa and Echo, sending you 1
2024-10-14 21:10:37.267885 Charlie: Yankee and Echo, sending you 3
2024-10-14 21:10:37.269055 Zulu: Yankee, sending you 1
2024-10-14 21:10:37.270221 Alpha: November and Juliett, sending you 2
2024-10-14 21:10:37.270838 Echo: Yankee, sending you 1
2024-10-14 21:10:37.272001 Yankee: Zulu, sending you 4
2024-10-14 21:10:37.272712 Uniform: Yankee, sending you 2
2024-10-14 21:10:37.274267 Zulu: Papa, sending you 2
2024-10-14 21:10:37.274774 Charlie: Uniform, sending you 6
2024-10-14 21:10:37.276059 Alpha: Echo, sending you 5
2024-10-14 21:10:37.276626 Echo: Uniform, sending you 2
2024-10-14 21:10:37.277962 Yankee: Papa, sending you 5
2024-10-14 21:10:37.279313 Juliett: Yankee, sending you 4
2024-10-14 21:10:37.283670 Zulu: Uniform, sending you 3
2024-10-14 21:10:37.284579 Whiskey: Yankee and Alpha, sending you 1
2024-10-14 21:10:37.285196 Yankee: Echo, sending you 2
2024-10-14 21:10:37.286136 Juliett: Alpha, sending you 5
2024-10-14 21:10:37.290788 Whiskey: November, sending you 2
2024-10-14 21:10:37.292827 Juliett: November and Echo, sending you 2
2024-10-14 21:10:37.296852 Whiskey: Juliett, sending you 3
chatterbot November submitting transactions
chatterbot Papa submitting transactions
chatterbot Zulu submitting transactions
chatterbot Charlie submitting transactions
chatterbot Alpha submitting transactions
chatterbot Echo submitting transactions
chatterbot Juliett submitting transactions
chatterbot Uniform submitting transactions
chatterbot Whiskey submitting transactions
ChatterBot Charlie round 2
ChatterBot Zulu round 2
ChatterBot Yankee round 2
ChatterBot Alpha round 2
ChatterBot Papa round 2
ChatterBot November round 2
ChatterBot Echo round 2
ChatterBot Juliett round 2
ChatterBot Whiskey round 2
ChatterBot Uniform round 2
2024-10-14 21:10:38.671236 Echo: Can we be friends?
ChatterBot Juliett reevaluating
2024-10-14 21:10:38.725806 Alpha: No
2024-10-14 21:10:38.726132 Juliett: Yes
2024-10-14 21:10:38.727566 Whiskey: No
ChatterBot Juliett reevaluating
ChatterBot Juliett reevaluating
2024-10-14 21:10:38.826340 Yankee: Group up?
ChatterBot Uniform reevaluating
ChatterBot Alpha reevaluating
ChatterBot Juliett reevaluating
2024-10-14 21:10:38.857152 Charlie: No
2024-10-14 21:10:38.857454 Zulu: No
2024-10-14 21:10:38.857639 Echo: No
2024-10-14 21:10:38.857874 Uniform: No
2024-10-14 21:10:38.858571 Alpha: Yes
2024-10-14 21:10:38.858802 Juliett: No
2024-10-14 21:10:38.859033 Whiskey: No
ChatterBot Uniform reevaluating
ChatterBot Alpha reevaluating
ChatterBot Juliett reevaluating
ChatterBot Uniform reevaluating
ChatterBot Alpha reevaluating
ChatterBot Juliett reevaluating
ChatterBot Whiskey reevaluating
ChatterBot Uniform reevaluating
ChatterBot Alpha reevaluating
ChatterBot Juliett reevaluating
ChatterBot Whiskey reevaluating
ChatterBot Alpha reevaluating
ChatterBot Juliett reevaluating
ChatterBot Whiskey reevaluating
ChatterBot Uniform reevaluating
ChatterBot Juliett reevaluating
ChatterBot Whiskey reevaluating
ChatterBot Uniform reevaluating
ChatterBot Alpha reevaluating
ChatterBot Whiskey reevaluating
ChatterBot Uniform reevaluating
ChatterBot Alpha reevaluating
ChatterBot Juliett reevaluating
2024-10-14 21:10:39.083880 Charlie: We should drop Papa
ChatterBot Uniform reevaluating
2024-10-14 21:10:39.102077 Zulu: No
2024-10-14 21:10:39.102225 Yankee: Yes
2024-10-14 21:10:39.102327 Echo: Yes
2024-10-14 21:10:39.102890 Uniform: Yes
ChatterBot Uniform reevaluating
ChatterBot Zulu reevaluating
ChatterBot Uniform reevaluating
ChatterBot Zulu reevaluating
ChatterBot Uniform reevaluating
ChatterBot Zulu reevaluating
2024-10-14 21:10:39.174446 November: We should drop Yankee and Echo
ChatterBot Alpha reevaluating
ChatterBot Juliett reevaluating
ChatterBot Whiskey reevaluating
2024-10-14 21:10:39.192152 Alpha: No
2024-10-14 21:10:39.192349 Juliett: No
2024-10-14 21:10:39.192514 Whiskey: Yes
ChatterBot Juliett reevaluating
ChatterBot Whiskey reevaluating
ChatterBot Alpha reevaluating
ChatterBot Whiskey reevaluating
ChatterBot Alpha reevaluating
ChatterBot Juliett reevaluating
2024-10-14 21:10:39.465138 Papa: Charlie, Zulu and Uniform, sending you 2
chatterbot Yankee submitting transactions
2024-10-14 21:10:40.246506 November: Alpha and Juliett, sending you 5
2024-10-14 21:10:40.246873 Papa: Yankee, sending you 5
2024-10-14 21:10:40.247733 Echo: Alpha, sending you 5
2024-10-14 21:10:40.248048 Charlie: Zulu, sending you 6
2024-10-14 21:10:40.248733 Yankee: Charlie and Alpha, sending you 3
chatterbot Uniform submitting transactions
chatterbot Papa submitting transactions
chatterbot Charlie submitting transactions
chatterbot November submitting transactions
chatterbot Echo submitting transactions
2024-10-14 21:10:40.734818 November: Whiskey, sending you 4
2024-10-14 21:10:40.735388 Papa: Echo, sending you 4
2024-10-14 21:10:40.736742 Echo: Juliett, sending you 3
2024-10-14 21:10:40.737121 Yankee: Zulu, Echo, Whiskey and Uniform, sending you 2
2024-10-14 21:10:40.738157 Charlie: Yankee, sending you 4
2024-10-14 21:10:40.738557 Uniform: Charlie, sending you 5
chatterbot Whiskey submitting transactions
chatterbot Zulu submitting transactions
chatterbot Juliett submitting transactions
2024-10-14 21:10:41.020773 Yankee: Juliett, sending you 4
2024-10-14 21:10:41.021561 Echo: Whiskey, sending you 1
2024-10-14 21:10:41.022033 Charlie: Echo, sending you 5
2024-10-14 21:10:41.022958 Uniform: Zulu, Yankee and Echo, sending you 4
2024-10-14 21:10:41.023457 Juliett: Alpha, sending you 6
2024-10-14 21:10:41.023918 Alpha: November, sending you 2
2024-10-14 21:10:41.074259 Juliett: November, sending you 5
2024-10-14 21:10:41.074534 Charlie: Uniform, sending you 2
2024-10-14 21:10:41.075307 Alpha: Juliett, sending you 7
2024-10-14 21:10:41.108655 Juliett: Whiskey, sending you 7
2024-10-14 21:10:41.109127 Alpha: Whiskey, sending you 3
chatterbot Alpha submitting transactions
ChatterBot Charlie round 3
ChatterBot Zulu round 3
ChatterBot Yankee round 3
ChatterBot Alpha round 3
ChatterBot Papa round 3
ChatterBot November round 3
ChatterBot Echo round 3
ChatterBot Juliett round 3
ChatterBot Whiskey round 3
2024-10-14 21:10:41.204816 Charlie: We should add Papa
ChatterBot Zulu reevaluating
ChatterBot Yankee reevaluating
ChatterBot Echo reevaluating
2024-10-14 21:10:41.218339 Zulu: Yes
2024-10-14 21:10:41.218496 Yankee: Yes
2024-10-14 21:10:41.218604 Echo: No
2024-10-14 21:10:41.218727 Uniform: No
ChatterBot Yankee reevaluating
ChatterBot Echo reevaluating
ChatterBot Zulu reevaluating
ChatterBot Echo reevaluating
ChatterBot Zulu reevaluating
ChatterBot Yankee reevaluating
ChatterBot Zulu reevaluating
ChatterBot Yankee reevaluating
ChatterBot Echo reevaluating
ChatterBot Uniform round 3
2024-10-14 21:10:41.382077 Juliett: We should add Yankee
ChatterBot Whiskey reevaluating
2024-10-14 21:10:41.399436 November: No
2024-10-14 21:10:41.399768 Alpha: No
2024-10-14 21:10:41.400181 Whiskey: No
ChatterBot Juliett reevaluating
ChatterBot Whiskey reevaluating
ChatterBot Juliett reevaluating
ChatterBot Whiskey reevaluating
ChatterBot Juliett reevaluating
2024-10-14 21:10:41.452658 Charlie: Papa we want you to join our group
2024-10-14 21:10:41.458431 Papa: Yes
ChatterBot Yankee reevaluating
ChatterBot Zulu reevaluating
ChatterBot Uniform reevaluating
ChatterBot Echo reevaluating
2024-10-14 21:10:41.485363 Uniform: We should add Papa
ChatterBot Zulu reevaluating
ChatterBot Yankee reevaluating
ChatterBot Echo reevaluating
2024-10-14 21:10:41.506889 Charlie: Yes
2024-10-14 21:10:41.507397 Zulu: Yes
2024-10-14 21:10:41.508289 Yankee: Yes
2024-10-14 21:10:41.508493 Echo: Yes
ChatterBot Zulu reevaluating
ChatterBot Yankee reevaluating
ChatterBot Echo reevaluating
ChatterBot Uniform reevaluating
ChatterBot Yankee reevaluating
ChatterBot Echo reevaluating
ChatterBot Uniform reevaluating
ChatterBot Zulu reevaluating
ChatterBot Echo reevaluating
ChatterBot Uniform reevaluating
ChatterBot Zulu reevaluating
ChatterBot Yankee reevaluating
ChatterBot Uniform reevaluating
2024-10-14 21:10:41.603469 Juliett: We should add Echo
ChatterBot Whiskey reevaluating
2024-10-14 21:10:41.618383 November: No
2024-10-14 21:10:41.618714 Alpha: No
2024-10-14 21:10:41.618983 Whiskey: Yes
ChatterBot Alpha reevaluating
ChatterBot Juliett reevaluating
ChatterBot Whiskey reevaluating
ChatterBot Juliett reevaluating
ChatterBot Whiskey reevaluating
ChatterBot Alpha reevaluating
ChatterBot Juliett reevaluating
2024-10-14 21:10:41.747241 Alpha: Echo we want you to join our group
2024-10-14 21:10:41.751876 Echo: No
ChatterBot Juliett reevaluating
2024-10-14 21:10:41.772354 Whiskey: We should drop Yankee and Echo
ChatterBot Alpha reevaluating
ChatterBot Juliett reevaluating
2024-10-14 21:10:41.787546 November: Yes
2024-10-14 21:10:41.787774 Alpha: Yes
2024-10-14 21:10:41.787922 Juliett: Yes
ChatterBot Alpha reevaluating
ChatterBot Juliett reevaluating
ChatterBot Juliett reevaluating
ChatterBot Alpha reevaluating
2024-10-14 21:10:41.833146 Papa: Charlie and Zulu, sending you 3
2024-10-14 21:10:41.834140 November: Alpha, sending you 5
2024-10-14 21:10:41.834509 Uniform: Papa we want you to join our group
2024-10-14 21:10:41.839215 Papa: Yes
ChatterBot Uniform reevaluating
2024-10-14 21:10:41.862554 Charlie: Zulu, Yankee and Uniform, sending you 4
2024-10-14 21:10:41.863572 Echo: Charlie, Papa and Uniform, sending you 3
2024-10-14 21:10:41.863934 Zulu: Charlie, sending you 6
2024-10-14 21:10:41.864857 Papa: Yankee, sending you 5
2024-10-14 21:10:41.865292 November: Juliett, sending you 8
2024-10-14 21:10:41.866200 Yankee: Charlie, Papa and Uniform, sending you 4
2024-10-14 21:10:41.880040 Charlie: Papa, sending you 2
2024-10-14 21:10:41.881017 Echo: Yankee, sending you 2
2024-10-14 21:10:41.881334 Papa: Echo, sending you 4
2024-10-14 21:10:41.882079 Zulu: Yankee and Uniform, sending you 5
2024-10-14 21:10:41.882503 November: Whiskey, sending you 4
2024-10-14 21:10:41.882917 Yankee: Zulu, sending you 5
2024-10-14 21:10:41.888675 Charlie: Echo, sending you 3
2024-10-14 21:10:41.889626 Papa: Uniform, sending you 2
2024-10-14 21:10:41.890098 Zulu: Papa, sending you 3
chatterbot Papa submitting transactions
2024-10-14 21:10:41.890653 Alpha: November, sending you 4
chatterbot Zulu submitting transactions
2024-10-14 21:10:41.891552 Yankee: Echo, sending you 2
2024-10-14 21:10:41.891962 Whiskey: Alpha and November, sending you 2
2024-10-14 21:10:41.902760 Zulu: Echo, sending you 1
2024-10-14 21:10:41.903782 Alpha: Juliett, sending you 5
2024-10-14 21:10:41.904115 Whiskey: Juliett, sending you 3
2024-10-14 21:10:41.954977 Alpha: Whiskey, sending you 3
2024-10-14 21:10:41.955317 Juliett: Sending you each 6
chatterbot Charlie submitting transactions
2024-10-14 21:10:41.972989 Uniform: Charlie, Zulu and Yankee, sending you 4
2024-10-14 21:10:41.991356 Uniform: Papa, sending you 3
2024-10-14 21:10:42.031078 Uniform: Echo, sending you 2
chatterbot Yankee submitting transactions
chatterbot November submitting transactions
chatterbot Uniform submitting transactions
chatterbot Juliett submitting transactions
chatterbot Whiskey submitting transactions
chatterbot Echo submitting transactions
chatterbot Alpha submitting transactions
ChatterBot Charlie round 4
ChatterBot Zulu round 4
ChatterBot Yankee round 4
ChatterBot Alpha round 4
ChatterBot Papa round 4
ChatterBot November round 4
ChatterBot Echo round 4
ChatterBot Juliett round 4
ChatterBot Whiskey round 4
ChatterBot Uniform round 4
2024-10-14 21:10:43.292667 Charlie: Zulu and Yankee, sending you 4
2024-10-14 21:10:43.299460 Charlie: Papa, Echo and Uniform, sending you 3
2024-10-14 21:10:43.300932 Echo: Charlie, Papa and Uniform, sending you 3
2024-10-14 21:10:43.301413 Zulu: Charlie, Yankee and Uniform, sending you 5
2024-10-14 21:10:43.302684 Whiskey: Alpha and November, sending you 2
2024-10-14 21:10:43.303138 Uniform: Charlie, Zulu and Yankee, sending you 4
2024-10-14 21:10:43.303679 Alpha: November, sending you 4
2024-10-14 21:10:43.304797 Papa: Charlie, sending you 2
2024-10-14 21:10:43.305243 Echo: Yankee, sending you 2
2024-10-14 21:10:43.305732 Zulu: Papa, sending you 3
2024-10-14 21:10:43.307789 Whiskey: Juliett, sending you 3
2024-10-14 21:10:43.309195 Uniform: Papa, sending you 2
2024-10-14 21:10:43.309899 Yankee: Charlie, Papa and Uniform, sending you 4
2024-10-14 21:10:43.310317 Papa: Zulu and Uniform, sending you 3
2024-10-14 21:10:43.311479 Alpha: Juliett, sending you 5
2024-10-14 21:10:43.311907 November: Alpha, sending you 6
2024-10-14 21:10:43.312192 Juliett: Same as last round
2024-10-14 21:10:43.312478 Zulu: Echo, sending you 2
2024-10-14 21:10:43.325352 Uniform: Echo, sending you 3
2024-10-14 21:10:43.327039 Yankee: Zulu, sending you 5
2024-10-14 21:10:43.327487 Papa: Yankee, sending you 5
2024-10-14 21:10:43.328667 Alpha: Whiskey, sending you 3
2024-10-14 21:10:43.329215 November: Juliett, sending you 8
2024-10-14 21:10:43.329759 Yankee: Echo, sending you 2
2024-10-14 21:10:43.335022 Papa: Echo, sending you 4
2024-10-14 21:10:43.335564 November: Whiskey, sending you 3
chatterbot Yankee submitting transactions
chatterbot November submitting transactions
chatterbot Echo submitting transactions
chatterbot Alpha submitting transactions
chatterbot Juliett submitting transactions
chatterbot Zulu submitting transactions
chatterbot Papa submitting transactions
chatterbot Charlie submitting transactions
chatterbot Whiskey submitting transactions
chatterbot Uniform submitting transactions
ChatterBot Charlie round 5
ChatterBot Zulu round 5
ChatterBot Yankee round 5
ChatterBot Alpha round 5
ChatterBot Papa round 5
ChatterBot November round 5
ChatterBot Echo round 5
ChatterBot Juliett round 5
ChatterBot Whiskey round 5
ChatterBot Uniform round 5
2024-10-14 21:10:44.988643 Charlie: Zulu, Yankee and Uniform, sending you 4
2024-10-14 21:10:44.997349 Yankee: Charlie, Zulu, Papa and Uniform, sending you 4
2024-10-14 21:10:44.998358 Echo: Charlie, Papa and Uniform, sending you 3
2024-10-14 21:10:44.999386 Alpha: November, sending you 4
2024-10-14 21:10:44.999824 Zulu: Charlie, Yankee and Uniform, sending you 5
2024-10-14 21:10:45.000482 Charlie: Papa, sending you 2
2024-10-14 21:10:45.031033 Yankee: Echo, sending you 3
2024-10-14 21:10:45.031755 Echo: Yankee, sending you 2
2024-10-14 21:10:45.032571 Zulu: Papa, sending you 3
2024-10-14 21:10:45.033135 Papa: Charlie, Zulu and Uniform, sending you 3
2024-10-14 21:10:45.034111 Juliett: Same as last round
2024-10-14 21:10:45.034528 Alpha: Juliett, sending you 5
2024-10-14 21:10:45.034898 Charlie: Echo, sending you 3
2024-10-14 21:10:45.036105 Whiskey: Alpha and November, sending you 2
2024-10-14 21:10:45.036576 Uniform: Charlie, Zulu and Yankee, sending you 4
2024-10-14 21:10:45.037857 Zulu: Echo, sending you 2
2024-10-14 21:10:45.038513 Papa: Yankee and Echo, sending you 4
2024-10-14 21:10:45.039708 Alpha: Whiskey, sending you 3
2024-10-14 21:10:45.040109 Whiskey: Juliett, sending you 3
2024-10-14 21:10:45.040993 Uniform: Papa, sending you 2
2024-10-14 21:10:45.045519 November: Alpha, sending you 6
2024-10-14 21:10:45.046724 Uniform: Echo, sending you 3
2024-10-14 21:10:45.054055 November: Juliett, sending you 7
2024-10-14 21:10:45.069112 November: Whiskey, sending you 4
chatterbot Juliett submitting transactions
chatterbot Whiskey submitting transactions
chatterbot Echo submitting transactions
chatterbot Charlie submitting transactions
chatterbot Alpha submitting transactions
chatterbot Zulu submitting transactions
chatterbot Yankee submitting transactions
chatterbot Papa submitting transactions
chatterbot November submitting transactions
chatterbot Uniform submitting transactions
ChatterBot Charlie round 6
ChatterBot Zulu round 6
ChatterBot Yankee round 6
ChatterBot Alpha round 6
ChatterBot Papa round 6
ChatterBot November round 6
ChatterBot Echo round 6
ChatterBot Juliett round 6
ChatterBot Whiskey round 6
ChatterBot Uniform round 6
2024-10-14 21:10:45.997705 Charlie: Zulu, Yankee and Uniform, sending you 4
2024-10-14 21:10:45.998833 Zulu: Charlie, Yankee and Uniform, sending you 5
2024-10-14 21:10:46.001680 Charlie: Papa, sending you 2
2024-10-14 21:10:46.002920 Alpha: November, sending you 4
2024-10-14 21:10:46.003467 Zulu: Papa, sending you 4
2024-10-14 21:10:46.005689 Echo: Charlie, Papa and Uniform, sending you 3
2024-10-14 21:10:46.006074 Charlie: Echo, sending you 3
2024-10-14 21:10:46.006552 Alpha: Juliett, sending you 5
2024-10-14 21:10:46.006963 Whiskey: Alpha and November, sending you 2
2024-10-14 21:10:46.007849 Zulu: Echo, sending you 1
2024-10-14 21:10:46.010236 Papa: Charlie, Zulu and Uniform, sending you 3
2024-10-14 21:10:46.010932 Echo: Yankee, sending you 2
2024-10-14 21:10:46.011342 Alpha: Whiskey, sending you 3
2024-10-14 21:10:46.011763 November: Alpha, sending you 6
2024-10-14 21:10:46.012673 Whiskey: Juliett, sending you 3
2024-10-14 21:10:46.014670 Papa: Yankee and Echo, sending you 4
2024-10-14 21:10:46.016349 Juliett: Same as last round
2024-10-14 21:10:46.016866 Yankee: Charlie, Zulu, Papa and Uniform, sending you 4
2024-10-14 21:10:46.017719 November: Juliett, sending you 7
2024-10-14 21:10:46.019686 Yankee: Echo, sending you 3
2024-10-14 21:10:46.022676 November: Whiskey, sending you 4
2024-10-14 21:10:46.023756 Uniform: Charlie, Zulu and Yankee, sending you 4
2024-10-14 21:10:46.028675 Uniform: Papa, sending you 2
2024-10-14 21:10:46.032646 Uniform: Echo, sending you 3
chatterbot Uniform submitting transactions
chatterbot November submitting transactions
chatterbot Juliett submitting transactions
chatterbot Yankee submitting transactions
chatterbot Papa submitting transactions
chatterbot Echo submitting transactions
chatterbot Alpha submitting transactions
chatterbot Zulu submitting transactions
chatterbot Whiskey submitting transactions
chatterbot Charlie submitting transactions
ChatterBot Charlie round 7
ChatterBot Zulu round 7
ChatterBot Yankee round 7
ChatterBot Alpha round 7
ChatterBot Papa round 7
ChatterBot November round 7
ChatterBot Echo round 7
ChatterBot Juliett round 7
ChatterBot Whiskey round 7
ChatterBot Uniform round 7
2024-10-14 21:10:47.252116 Yankee: Charlie, Zulu, Papa and Uniform, sending you 4
2024-10-14 21:10:47.255681 Yankee: Echo, sending you 3
2024-10-14 21:10:47.258661 Papa: Charlie, Zulu and Uniform, sending you 3
2024-10-14 21:10:47.261644 November: Alpha, sending you 6
2024-10-14 21:10:47.263692 Papa: Yankee and Echo, sending you 4
2024-10-14 21:10:47.264542 Zulu: Charlie and Uniform, sending you 5
2024-10-14 21:10:47.265809 Uniform: Charlie, Zulu and Yankee, sending you 4
2024-10-14 21:10:47.266421 Echo: Charlie, Papa and Uniform, sending you 3
2024-10-14 21:10:47.266838 November: Juliett, sending you 7
2024-10-14 21:10:47.268714 Alpha: November, sending you 4
2024-10-14 21:10:47.269349 Zulu: Yankee, sending you 6
2024-10-14 21:10:47.270418 Uniform: Papa, sending you 2
2024-10-14 21:10:47.270891 Juliett: Same as last round
2024-10-14 21:10:47.271276 Echo: Yankee, sending you 2
2024-10-14 21:10:47.271630 Charlie: Zulu, Yankee and Uniform, sending you 4
2024-10-14 21:10:47.272183 November: Whiskey, sending you 4
2024-10-14 21:10:47.272526 Whiskey: Alpha and November, sending you 2
2024-10-14 21:10:47.272896 Alpha: Juliett, sending you 5
2024-10-14 21:10:47.273220 Zulu: Papa, sending you 4
2024-10-14 21:10:47.275654 Uniform: Echo, sending you 3
2024-10-14 21:10:47.276650 Charlie: Papa, sending you 2
2024-10-14 21:10:47.277848 Whiskey: Juliett, sending you 3
2024-10-14 21:10:47.278269 Alpha: Whiskey, sending you 3
2024-10-14 21:10:47.280687 Charlie: Echo, sending you 3
chatterbot Charlie submitting transactions
chatterbot Zulu submitting transactions
chatterbot Alpha submitting transactions
chatterbot Whiskey submitting transactions
chatterbot Papa submitting transactions
chatterbot Yankee submitting transactions
chatterbot Uniform submitting transactions
chatterbot Juliett submitting transactions
chatterbot Echo submitting transactions
chatterbot November submitting transactions
ChatterBot Charlie round 8
ChatterBot Zulu round 8
ChatterBot Yankee round 8
ChatterBot Alpha round 8
ChatterBot Papa round 8
ChatterBot November round 8
ChatterBot Echo round 8
ChatterBot Juliett round 8
ChatterBot Whiskey round 8
ChatterBot Uniform round 8
2024-10-14 21:10:48.425684 Charlie: Zulu, Yankee and Uniform, sending you 4
2024-10-14 21:10:48.430677 Charlie: Papa, sending you 2
2024-10-14 21:10:48.432677 Whiskey: Alpha and November, sending you 2
2024-10-14 21:10:48.433667 Alpha: November, sending you 4
2024-10-14 21:10:48.434123 Echo: Charlie, Papa and Uniform, sending you 3
2024-10-14 21:10:48.434978 Yankee: Charlie, Zulu, Papa and Uniform, sending you 4
2024-10-14 21:10:48.435990 Charlie: Echo, sending you 3
2024-10-14 21:10:48.436822 Juliett: Same as last round
2024-10-14 21:10:48.437708 Whiskey: Juliett, sending you 3
2024-10-14 21:10:48.438197 Papa: Charlie, Zulu and Uniform, sending you 3
2024-10-14 21:10:48.438985 Zulu: Charlie and Uniform, sending you 5
2024-10-14 21:10:48.439990 Uniform: Charlie, Zulu and Yankee, sending you 4
2024-10-14 21:10:48.441365 Alpha: Juliett, sending you 5
2024-10-14 21:10:48.442069 Echo: Yankee, sending you 2
2024-10-14 21:10:48.442819 Yankee: Echo, sending you 3
2024-10-14 21:10:48.444224 Papa: Yankee and Echo, sending you 4
2024-10-14 21:10:48.445358 Zulu: Yankee, sending you 6
2024-10-14 21:10:48.446892 Uniform: Papa, sending you 2
2024-10-14 21:10:48.447943 Alpha: Whiskey, sending you 3
2024-10-14 21:10:48.449122 November: Alpha, sending you 6
2024-10-14 21:10:48.450683 Zulu: Papa, sending you 4
2024-10-14 21:10:48.451967 Uniform: Echo, sending you 3
2024-10-14 21:10:48.452668 November: Juliett, sending you 7
2024-10-14 21:10:48.456687 November: Whiskey, sending you 4
chatterbot Charlie submitting transactions
chatterbot November submitting transactions
chatterbot Echo submitting transactions
chatterbot Alpha submitting transactions
chatterbot Zulu submitting transactions
chatterbot Papa submitting transactions
chatterbot Uniform submitting transactions
chatterbot Whiskey submitting transactions
chatterbot Yankee submitting transactions
chatterbot Juliett submitting transactions
ChatterBot Charlie round 9
ChatterBot Zulu round 9
ChatterBot Yankee round 9
ChatterBot Alpha round 9
ChatterBot Papa round 9
ChatterBot November round 9
ChatterBot Echo round 9
ChatterBot Juliett round 9
ChatterBot Whiskey round 9
ChatterBot Uniform round 9
2024-10-14 21:10:49.407581 Echo: We should replace Charlie with Zulu
2024-10-14 21:10:49.414409 Yankee: No
2024-10-14 21:10:49.414547 Papa: No
2024-10-14 21:10:49.414673 Uniform: No
ChatterBot Echo reevaluating
ChatterBot Echo reevaluating
ChatterBot Echo reevaluating
2024-10-14 21:10:49.452679 Charlie: Zulu, Yankee and Uniform, sending you 4
2024-10-14 21:10:49.453871 Yankee: Charlie, Zulu, Papa and Uniform, sending you 4
2024-10-14 21:10:49.457678 Charlie: Papa, sending you 2
2024-10-14 21:10:49.458708 Yankee: Echo, sending you 3
2024-10-14 21:10:49.461666 November: Alpha, sending you 6
2024-10-14 21:10:49.462182 Charlie: Echo, sending you 3
2024-10-14 21:10:49.464681 November: Juliett, sending you 7
2024-10-14 21:10:49.466664 Zulu: Charlie and Uniform, sending you 5
2024-10-14 21:10:49.467699 Papa: Charlie, Zulu and Uniform, sending you 3
2024-10-14 21:10:49.469685 Whiskey: Alpha and November, sending you 2
2024-10-14 21:10:49.470146 November: Whiskey, sending you 4
2024-10-14 21:10:49.470559 Juliett: Same as last round
2024-10-14 21:10:49.471262 Zulu: Yankee, sending you 6
2024-10-14 21:10:49.472663 Uniform: Charlie, Zulu and Yankee, sending you 4
2024-10-14 21:10:49.474091 Papa: Yankee and Echo, sending you 4
2024-10-14 21:10:49.475109 Alpha: November, sending you 4
2024-10-14 21:10:49.475970 Echo: Charlie, Papa and Uniform, sending you 3
2024-10-14 21:10:49.476470 Whiskey: Juliett, sending you 3
2024-10-14 21:10:49.477092 Zulu: Papa, sending you 4
2024-10-14 21:10:49.478359 Uniform: Papa, sending you 2
2024-10-14 21:10:49.479994 Alpha: Juliett, sending you 5
2024-10-14 21:10:49.480685 Echo: Yankee, sending you 2
2024-10-14 21:10:49.482682 Uniform: Echo, sending you 3
2024-10-14 21:10:49.483661 Alpha: Whiskey, sending you 3
chatterbot Yankee submitting transactions
chatterbot Echo submitting transactions
chatterbot Zulu submitting transactions
chatterbot Uniform submitting transactions
chatterbot Alpha submitting transactions
chatterbot Whiskey submitting transactions
chatterbot Papa submitting transactions
chatterbot November submitting transactions
chatterbot Juliett submitting transactions
chatterbot Charlie submitting transactions
ChatterBot Charlie round 10
ChatterBot Zulu round 10
ChatterBot Yankee round 10
ChatterBot Alpha round 10
ChatterBot Papa round 10
ChatterBot November round 10
ChatterBot Echo round 10
ChatterBot Juliett round 10
ChatterBot Whiskey round 10
ChatterBot Uniform round 10
2024-10-14 21:10:50.538738 Alpha: November, sending you 4
2024-10-14 21:10:50.539946 Whiskey: Alpha and November, sending you 2
2024-10-14 21:10:50.541107 Papa: Charlie, sending you 3
2024-10-14 21:10:50.543543 Zulu: Charlie, sending you 6
2024-10-14 21:10:50.545929 Juliett: Same as last round
2024-10-14 21:10:50.546817 Charlie: Zulu, Yankee and Uniform, sending you 4
2024-10-14 21:10:50.548051 Alpha: Juliett, sending you 5
2024-10-14 21:10:50.549481 November: Alpha, sending you 6
2024-10-14 21:10:50.550094 Whiskey: Juliett, sending you 3
2024-10-14 21:10:50.550864 Echo: Charlie, Papa and Uniform, sending you 3
2024-10-14 21:10:50.551751 Papa: Zulu, Yankee and Echo, sending you 4
2024-10-14 21:10:50.553521 Uniform: Charlie, Zulu and Yankee, sending you 4
2024-10-14 21:10:50.554572 Zulu: Yankee and Uniform, sending you 5
2024-10-14 21:10:50.555454 Charlie: Papa, sending you 2
2024-10-14 21:10:50.557040 Yankee: Charlie, Zulu, Papa and Uniform, sending you 4
2024-10-14 21:10:50.557621 Alpha: Whiskey, sending you 3
2024-10-14 21:10:50.558195 November: Juliett, sending you 7
2024-10-14 21:10:50.558715 Echo: Yankee, sending you 2
2024-10-14 21:10:50.559531 Papa: Uniform, sending you 2
2024-10-14 21:10:50.561241 Zulu: Papa, sending you 4
2024-10-14 21:10:50.562190 Uniform: Papa, sending you 2
2024-10-14 21:10:50.563013 Charlie: Echo, sending you 3
2024-10-14 21:10:50.564490 Yankee: Echo, sending you 3
2024-10-14 21:10:50.565539 November: Whiskey, sending you 4
2024-10-14 21:10:50.566759 Uniform: Echo, sending you 3
chatterbot Echo submitting transactions
chatterbot Papa submitting transactions
chatterbot Uniform submitting transactions
chatterbot November submitting transactions
chatterbot Whiskey submitting transactions
chatterbot Yankee submitting transactions
chatterbot Charlie submitting transactions
chatterbot Zulu submitting transactions
chatterbot Alpha submitting transactions
chatterbot Juliett submitting transactions
ChatterBot Charlie round 11
ChatterBot Zulu round 11
ChatterBot Yankee round 11
ChatterBot Alpha round 11
ChatterBot Papa round 11
ChatterBot November round 11
ChatterBot Echo round 11
ChatterBot Juliett round 11
ChatterBot Whiskey round 11
ChatterBot Uniform round 11
2024-10-14 21:10:51.559677 Papa: Charlie, sending you 3
2024-10-14 21:10:51.562664 November: Alpha, sending you 6
2024-10-14 21:10:51.563694 Echo: Charlie, Papa and Uniform, sending you 3
2024-10-14 21:10:51.564383 Alpha: November, sending you 4
2024-10-14 21:10:51.565124 Papa: Zulu, Yankee and Echo, sending you 4
2024-10-14 21:10:51.566802 Charlie: Zulu, Yankee and Uniform, sending you 4
2024-10-14 21:10:51.568054 November: Juliett, sending you 7
2024-10-14 21:10:51.568758 Zulu: Charlie, sending you 6
2024-10-14 21:10:51.569934 Alpha: Juliett, sending you 5
2024-10-14 21:10:51.570651 Echo: Yankee, sending you 2
2024-10-14 21:10:51.571268 Papa: Uniform, sending you 2
2024-10-14 21:10:51.572712 Charlie: Papa, sending you 2
2024-10-14 21:10:51.573851 Yankee: Charlie, Zulu, Papa and Uniform, sending you 4
2024-10-14 21:10:51.574718 November: Whiskey, sending you 4
2024-10-14 21:10:51.575237 Alpha: Whiskey, sending you 3
2024-10-14 21:10:51.575707 Zulu: Yankee and Uniform, sending you 5
2024-10-14 21:10:51.577034 Whiskey: Alpha and November, sending you 2
2024-10-14 21:10:51.578661 Charlie: Echo, sending you 3
2024-10-14 21:10:51.579308 Juliett: Same as last round
2024-10-14 21:10:51.579689 Zulu: Papa, sending you 4
2024-10-14 21:10:51.580283 Yankee: Echo, sending you 3
2024-10-14 21:10:51.580854 Uniform: Charlie, Zulu and Yankee, sending you 4
2024-10-14 21:10:51.581424 Whiskey: Juliett, sending you 3
2024-10-14 21:10:51.584684 Uniform: Papa, sending you 2
2024-10-14 21:10:51.588671 Uniform: Echo, sending you 3
chatterbot Yankee submitting transactions
chatterbot Whiskey submitting transactions
chatterbot November submitting transactions
chatterbot Charlie submitting transactions
chatterbot Juliett submitting transactions
chatterbot Zulu submitting transactions
chatterbot Echo submitting transactions
chatterbot Papa submitting transactions
chatterbot Uniform submitting transactions
chatterbot Alpha submitting transactions
ChatterBot Charlie round 12
ChatterBot Zulu round 12
ChatterBot Yankee round 12
ChatterBot Alpha round 12
ChatterBot Papa round 12
ChatterBot November round 12
ChatterBot Echo round 12
ChatterBot Juliett round 12
ChatterBot Whiskey round 12
ChatterBot Uniform round 12
2024-10-14 21:10:52.841676 Echo: Charlie, Papa and Uniform, sending you 3
2024-10-14 21:10:52.844665 Zulu: Charlie, sending you 6
2024-10-14 21:10:52.846545 Echo: Yankee, sending you 2
2024-10-14 21:10:52.846959 Alpha: November, sending you 4
2024-10-14 21:10:52.848660 Charlie: Zulu, Yankee and Uniform, sending you 4
2024-10-14 21:10:52.849463 Zulu: Yankee and Uniform, sending you 5
2024-10-14 21:10:52.850685 Papa: Charlie, sending you 3
2024-10-14 21:10:52.851296 November: Alpha, sending you 6
2024-10-14 21:10:52.851679 Alpha: Juliett, sending you 5
2024-10-14 21:10:52.852670 Yankee: Charlie, Zulu, Papa and Uniform, sending you 4
2024-10-14 21:10:52.853310 Charlie: Papa, sending you 2
2024-10-14 21:10:52.853999 Papa: Zulu, Yankee and Echo, sending you 4
2024-10-14 21:10:52.855266 Zulu: Papa, sending you 4
2024-10-14 21:10:52.856013 November: Juliett, sending you 7
2024-10-14 21:10:52.856635 Alpha: Whiskey, sending you 3
2024-10-14 21:10:52.857284 Yankee: Echo, sending you 3
2024-10-14 21:10:52.858906 Charlie: Echo, sending you 3
2024-10-14 21:10:52.859957 Juliett: Same as last round
2024-10-14 21:10:52.860555 November: Whiskey, sending you 4
2024-10-14 21:10:52.861163 Papa: Uniform, sending you 2
2024-10-14 21:10:52.862742 Whiskey: Alpha and November, sending you 2
2024-10-14 21:10:52.866663 Whiskey: Juliett, sending you 3
2024-10-14 21:10:52.867684 Uniform: Charlie, Zulu and Yankee, sending you 4
2024-10-14 21:10:52.872681 Uniform: Papa, sending you 2
2024-10-14 21:10:52.877651 Uniform: Echo, sending you 3
chatterbot Charlie submitting transactions
chatterbot Echo submitting transactions
chatterbot Papa submitting transactions
chatterbot November submitting transactions
chatterbot Alpha submitting transactions
chatterbot Juliett submitting transactions
chatterbot Yankee submitting transactions
chatterbot Zulu submitting transactions
chatterbot Whiskey submitting transactions
chatterbot Uniform submitting transactions
ChatterBot Charlie round 13
ChatterBot Zulu round 13
ChatterBot Yankee round 13
ChatterBot Alpha round 13
ChatterBot Papa round 13
ChatterBot November round 13
ChatterBot Echo round 13
ChatterBot Juliett round 13
ChatterBot Whiskey round 13
ChatterBot Uniform round 13
2024-10-14 21:10:54.103691 Charlie: Zulu, Yankee and Uniform, sending you 4
2024-10-14 21:10:54.106693 Yankee: Charlie, Zulu, Papa and Uniform, sending you 4
2024-10-14 21:10:54.109687 Charlie: Papa, sending you 2
2024-10-14 21:10:54.110477 Zulu: Charlie, sending you 6
2024-10-14 21:10:54.111672 Uniform: Charlie, Zulu and Yankee, sending you 4
2024-10-14 21:10:54.113245 Yankee: Echo, sending you 3
2024-10-14 21:10:54.114672 Charlie: Echo, sending you 3
2024-10-14 21:10:54.116039 Zulu: Yankee and Uniform, sending you 5
2024-10-14 21:10:54.116648 Alpha: November, sending you 4
2024-10-14 21:10:54.117232 Uniform: Papa, sending you 2
2024-10-14 21:10:54.118378 November: Alpha, sending you 6
2024-10-14 21:10:54.118754 Echo: Charlie, Papa and Uniform, sending you 3
2024-10-14 21:10:54.119694 Zulu: Papa, sending you 4
2024-10-14 21:10:54.120713 Alpha: Juliett, sending you 5
2024-10-14 21:10:54.121575 Papa: Charlie, sending you 3
2024-10-14 21:10:54.122652 Uniform: Echo, sending you 3
2024-10-14 21:10:54.123574 November: Juliett, sending you 7
2024-10-14 21:10:54.126363 Echo: Yankee, sending you 2
2024-10-14 21:10:54.126946 Juliett: Same as last round
2024-10-14 21:10:54.128452 Alpha: Whiskey, sending you 3
2024-10-14 21:10:54.128999 Papa: Zulu, Yankee and Echo, sending you 4
2024-10-14 21:10:54.130849 Whiskey: Alpha and November, sending you 2
2024-10-14 21:10:54.131503 November: Whiskey, sending you 4
2024-10-14 21:10:54.133675 Papa: Uniform, sending you 2
2024-10-14 21:10:54.134797 Whiskey: Juliett, sending you 3
chatterbot Alpha submitting transactions
chatterbot November submitting transactions
chatterbot Juliett submitting transactions
chatterbot Yankee submitting transactions
chatterbot Charlie submitting transactions
chatterbot Uniform submitting transactions
chatterbot Whiskey submitting transactions
chatterbot Echo submitting transactions
chatterbot Zulu submitting transactions
chatterbot Papa submitting transactions
ChatterBot Charlie round 14
ChatterBot Zulu round 14
ChatterBot Yankee round 14
ChatterBot Alpha round 14
ChatterBot Papa round 14
ChatterBot November round 14
ChatterBot Echo round 14
ChatterBot Juliett round 14
ChatterBot Whiskey round 14
ChatterBot Uniform round 14
2024-10-14 21:10:55.285677 Charlie: Zulu, Yankee and Uniform, sending you 4
2024-10-14 21:10:55.290662 Yankee: Charlie, Zulu, Papa and Uniform, sending you 4
2024-10-14 21:10:55.292398 Charlie: Papa, sending you 2
2024-10-14 21:10:55.293889 Papa: Charlie, sending you 3
2024-10-14 21:10:55.296207 Yankee: Echo, sending you 3
2024-10-14 21:10:55.297289 Charlie: Echo, sending you 3
2024-10-14 21:10:55.299129 Alpha: November, sending you 4
2024-10-14 21:10:55.299697 Zulu: Charlie, sending you 6
2024-10-14 21:10:55.300457 November: Alpha, sending you 6
2024-10-14 21:10:55.301022 Papa: Zulu, Yankee and Echo, sending you 4
2024-10-14 21:10:55.302508 Whiskey: Alpha and November, sending you 2
2024-10-14 21:10:55.303702 Uniform: Charlie, Zulu and Yankee, sending you 4
2024-10-14 21:10:55.305103 Zulu: Yankee and Uniform, sending you 5
2024-10-14 21:10:55.305868 Alpha: Juliett, sending you 5
2024-10-14 21:10:55.306307 November: Juliett, sending you 7
2024-10-14 21:10:55.307329 Echo: Charlie, Papa and Uniform, sending you 3
2024-10-14 21:10:55.307908 Papa: Uniform, sending you 2
2024-10-14 21:10:55.308656 Whiskey: Juliett, sending you 3
2024-10-14 21:10:55.309127 Juliett: Same as last round
2024-10-14 21:10:55.310079 Zulu: Papa, sending you 4
2024-10-14 21:10:55.310843 Alpha: Whiskey, sending you 3
2024-10-14 21:10:55.311376 Uniform: Papa, sending you 2
2024-10-14 21:10:55.312183 November: Whiskey, sending you 4
2024-10-14 21:10:55.313204 Echo: Yankee, sending you 2
2024-10-14 21:10:55.314690 Uniform: Echo, sending you 3
chatterbot Charlie submitting transactions
chatterbot Uniform submitting transactions
chatterbot Zulu submitting transactions
chatterbot Echo submitting transactions
chatterbot Papa submitting transactions
chatterbot November submitting transactions
chatterbot Alpha submitting transactions
chatterbot Yankee submitting transactions
chatterbot Juliett submitting transactions
chatterbot Whiskey submitting transactions
ChatterBot Charlie round 15
ChatterBot Zulu round 15
ChatterBot Yankee round 15
ChatterBot Alpha round 15
ChatterBot Papa round 15
ChatterBot November round 15
ChatterBot Echo round 15
ChatterBot Juliett round 15
ChatterBot Whiskey round 15
ChatterBot Uniform round 15
2024-10-14 21:10:56.474678 Alpha: November, sending you 4
2024-10-14 21:10:56.475850 Echo: Charlie, Papa and Uniform, sending you 3
2024-10-14 21:10:56.478719 Charlie: Zulu, Yankee and Uniform, sending you 4
2024-10-14 21:10:56.479636 Papa: Charlie, sending you 3
2024-10-14 21:10:56.480331 Alpha: Juliett, sending you 5
2024-10-14 21:10:56.480721 Yankee: Charlie, Zulu, Papa and Uniform, sending you 4
2024-10-14 21:10:56.481783 Echo: Yankee, sending you 2
2024-10-14 21:10:56.483652 Charlie: Papa, sending you 2
2024-10-14 21:10:56.485059 Papa: Zulu, Yankee and Echo, sending you 4
2024-10-14 21:10:56.486127 Alpha: Whiskey, sending you 3
2024-10-14 21:10:56.486680 Yankee: Echo, sending you 3
2024-10-14 21:10:56.488052 Whiskey: Alpha and November, sending you 2
2024-10-14 21:10:56.488649 Zulu: Charlie, sending you 6
2024-10-14 21:10:56.489842 November: Alpha, sending you 6
2024-10-14 21:10:56.490348 Charlie: Echo, sending you 3
2024-10-14 21:10:56.491535 Papa: Uniform, sending you 2
2024-10-14 21:10:56.492447 Uniform: Charlie, Zulu and Yankee, sending you 4
2024-10-14 21:10:56.493274 Whiskey: Juliett, sending you 3
2024-10-14 21:10:56.493720 November: Juliett, sending you 7
2024-10-14 21:10:56.494635 Juliett: Same as last round
2024-10-14 21:10:56.495104 Zulu: Yankee and Uniform, sending you 5
2024-10-14 21:10:56.496660 Uniform: Papa, sending you 2
