ChatterBot Sierra round 1
ChatterBot Kilo round 1
ChatterBot Alpha round 1
ChatterBot Hotel round 1
ChatterBot Charlie round 1
ChatterBot Papa round 1
ChatterBot India round 1
ChatterBot Delta round 1
ChatterBot Echo round 1
ChatterBot November round 1
randomSelections Alpha: {Alpha, Hotel, November, Charlie, India, Delta} 
2024-10-14 21:10:37.006076 Alpha: Group up?
ChatterBot Hotel reevaluating
ChatterBot November reevaluating
ChatterBot Charlie reevaluating
ChatterBot India reevaluating
ChatterBot Delta reevaluating
2024-10-14 21:10:37.018046 Hotel: Yes
2024-10-14 21:10:37.018181 November: Yes
2024-10-14 21:10:37.018305 Charlie: Yes
2024-10-14 21:10:37.018396 India: Yes
2024-10-14 21:10:37.018484 Delta: Yes
ChatterBot November reevaluating
ChatterBot Charlie reevaluating
ChatterBot India reevaluating
ChatterBot Delta reevaluating
ChatterBot Hotel reevaluating
ChatterBot Charlie reevaluating
ChatterBot India reevaluating
ChatterBot Delta reevaluating
ChatterBot Hotel reevaluating
ChatterBot November reevaluating
ChatterBot India reevaluating
ChatterBot Delta reevaluating
ChatterBot Hotel reevaluating
ChatterBot November reevaluating
ChatterBot Charlie reevaluating
ChatterBot Delta reevaluating
ChatterBot Hotel reevaluating
ChatterBot November reevaluating
ChatterBot Charlie reevaluating
ChatterBot India reevaluating
randomSelections Sierra: {Sierra} 
randomSelections Kilo: {Kilo, Delta, Hotel, Sierra, Echo, Charlie, November} 
2024-10-14 21:10:37.079796 Kilo: Group up?
ChatterBot Delta reevaluating
ChatterBot Hotel reevaluating
ChatterBot Echo reevaluating
ChatterBot Charlie reevaluating
ChatterBot November reevaluating
2024-10-14 21:10:37.161823 Delta: No
2024-10-14 21:10:37.162677 Hotel: No
2024-10-14 21:10:37.162957 Sierra: No
2024-10-14 21:10:37.163088 Echo: Yes
2024-10-14 21:10:37.163190 Charlie: No
2024-10-14 21:10:37.164075 November: No
ChatterBot Hotel reevaluating
ChatterBot Echo reevaluating
ChatterBot Charlie reevaluating
ChatterBot November reevaluating
ChatterBot Delta reevaluating
ChatterBot Echo reevaluating
ChatterBot Charlie reevaluating
ChatterBot November reevaluating
ChatterBot Delta reevaluating
ChatterBot Hotel reevaluating
ChatterBot Echo reevaluating
ChatterBot Charlie reevaluating
ChatterBot November reevaluating
ChatterBot Delta reevaluating
ChatterBot Hotel reevaluating
ChatterBot Charlie reevaluating
ChatterBot November reevaluating
ChatterBot Delta reevaluating
ChatterBot Hotel reevaluating
ChatterBot Echo reevaluating
ChatterBot November reevaluating
ChatterBot Delta reevaluating
ChatterBot Hotel reevaluating
ChatterBot Echo reevaluating
ChatterBot Charlie reevaluating
randomSelections Papa: {Papa, Sierra, Alpha, Charlie, Echo, India, Delta} 
2024-10-14 21:10:37.224194 Papa: Let's form a team
ChatterBot Charlie reevaluating
ChatterBot Echo reevaluating
ChatterBot India reevaluating
ChatterBot Delta reevaluating
2024-10-14 21:10:37.232049 Sierra: No
2024-10-14 21:10:37.232251 Alpha: No
2024-10-14 21:10:37.232413 Charlie: No
2024-10-14 21:10:37.233198 Echo: No
2024-10-14 21:10:37.233466 India: No
2024-10-14 21:10:37.233830 Delta: No
ChatterBot Charlie reevaluating
ChatterBot Echo reevaluating
ChatterBot India reevaluating
ChatterBot Delta reevaluating
ChatterBot Charlie reevaluating
ChatterBot Echo reevaluating
ChatterBot India reevaluating
ChatterBot Delta reevaluating
ChatterBot Echo reevaluating
ChatterBot India reevaluating
ChatterBot Delta reevaluating
ChatterBot Charlie reevaluating
ChatterBot India reevaluating
ChatterBot Delta reevaluating
ChatterBot Charlie reevaluating
ChatterBot Echo reevaluating
ChatterBot Delta reevaluating
ChatterBot Charlie reevaluating
ChatterBot Echo reevaluating
ChatterBot India reevaluating
2024-10-14 21:10:37.302409 Hotel: Alpha and India, sending you 2
2024-10-14 21:10:37.307415 Charlie: Alpha and India, sending you 4
2024-10-14 21:10:37.309138 Kilo: Sierra, Hotel and Echo, sending you 2
2024-10-14 21:10:37.309903 India: Alpha and Delta, sending you 2
2024-10-14 21:10:37.311268 Hotel: Charlie, sending you 4
2024-10-14 21:10:37.311722 Papa: Sierra and Echo, sending you 1
2024-10-14 21:10:37.312380 Alpha: Hotel and Charlie, sending you 3
2024-10-14 21:10:37.313643 Charlie: Hotel, sending you 1
2024-10-14 21:10:37.314222 Kilo: Delta, sending you 4
2024-10-14 21:10:37.314748 India: Hotel and Charlie, sending you 4
2024-10-14 21:10:37.316116 Echo: Sierra, sending you 6
2024-10-14 21:10:37.316949 November: Alpha, sending you 2
2024-10-14 21:10:37.318935 Hotel: Delta, sending you 3
2024-10-14 21:10:37.320506 Papa: Alpha, sending you 2
2024-10-14 21:10:37.322051 Charlie: Delta, sending you 3
2024-10-14 21:10:37.322867 Alpha: India and Delta, sending you 4
2024-10-14 21:10:37.324278 Kilo: November, sending you 3
2024-10-14 21:10:37.325973 India: November, sending you 3
2024-10-14 21:10:37.327422 Delta: Hotel, sending you 1
2024-10-14 21:10:37.328153 Echo: Kilo and November, sending you 1
2024-10-14 21:10:37.329747 November: Hotel, sending you 4
2024-10-14 21:10:37.330234 Hotel: November, sending you 1
2024-10-14 21:10:37.330777 Alpha: November, sending you 2
2024-10-14 21:10:37.332148 Charlie: November, sending you 2
2024-10-14 21:10:37.332644 Delta: India, sending you 3
2024-10-14 21:10:37.334070 Echo: Hotel and Delta, sending you 4
2024-10-14 21:10:37.334440 November: Charlie and India, sending you 1
2024-10-14 21:10:37.336675 Echo: Charlie, sending you 2
2024-10-14 21:10:37.338770 Delta: November, sending you 4
2024-10-14 21:10:37.340762 November: Delta, sending you 3
chatterbot Alpha submitting transactions
chatterbot India submitting transactions
chatterbot November submitting transactions
chatterbot Charlie submitting transactions
chatterbot Kilo submitting transactions
chatterbot Papa submitting transactions
chatterbot Sierra submitting transactions
chatterbot Delta submitting transactions
chatterbot Hotel submitting transactions
chatterbot Echo submitting transactions
ChatterBot Sierra round 2
ChatterBot Kilo round 2
ChatterBot Alpha round 2
ChatterBot Hotel round 2
ChatterBot Charlie round 2
2024-10-14 21:10:41.440763 Kilo: Friends?
ChatterBot Sierra reevaluating
ChatterBot Echo reevaluating
2024-10-14 21:10:41.456811 Sierra: Yes
2024-10-14 21:10:41.457125 Echo: No
ChatterBot Kilo reevaluating
ChatterBot Echo reevaluating
ChatterBot Kilo reevaluating
ChatterBot Sierra reevaluating
2024-10-14 21:10:41.482404 Echo: Can we be friends?
ChatterBot Kilo reevaluating
2024-10-14 21:10:41.486880 Kilo: Yes
ChatterBot Echo reevaluating
ChatterBot Papa round 2
ChatterBot India round 2
ChatterBot Delta round 2
ChatterBot Echo round 2
2024-10-14 21:10:41.505184 Sierra: Can we be friends?
ChatterBot Kilo reevaluating
ChatterBot Echo reevaluating
ChatterBot Papa reevaluating
2024-10-14 21:10:41.517845 Kilo: Yes
2024-10-14 21:10:41.518496 Echo: Yes
2024-10-14 21:10:41.518666 Papa: Yes
ChatterBot Sierra reevaluating
ChatterBot Echo reevaluating
ChatterBot Papa reevaluating
ChatterBot Sierra reevaluating
ChatterBot Kilo reevaluating
ChatterBot Papa reevaluating
ChatterBot Sierra reevaluating
ChatterBot Kilo reevaluating
ChatterBot Echo reevaluating
ChatterBot November round 2
2024-10-14 21:10:41.566438 Alpha: We should add Papa
ChatterBot November reevaluating
ChatterBot Charlie reevaluating
ChatterBot India reevaluating
ChatterBot Delta reevaluating
2024-10-14 21:10:41.587626 Hotel: No
2024-10-14 21:10:41.587778 November: No
2024-10-14 21:10:41.588382 Charlie: Yes
2024-10-14 21:10:41.588488 India: No
2024-10-14 21:10:41.588620 Delta: No
ChatterBot November reevaluating
ChatterBot Charlie reevaluating
ChatterBot India reevaluating
ChatterBot Delta reevaluating
ChatterBot Charlie reevaluating
ChatterBot India reevaluating
ChatterBot Delta reevaluating
ChatterBot November reevaluating
ChatterBot India reevaluating
ChatterBot Delta reevaluating
ChatterBot November reevaluating
ChatterBot Charlie reevaluating
ChatterBot Delta reevaluating
ChatterBot November reevaluating
ChatterBot Charlie reevaluating
ChatterBot India reevaluating
2024-10-14 21:10:41.691814 Charlie: We should add Echo
ChatterBot November reevaluating
ChatterBot India reevaluating
ChatterBot Delta reevaluating
2024-10-14 21:10:41.712672 Alpha: No
2024-10-14 21:10:41.712812 Hotel: No
2024-10-14 21:10:41.713391 November: No
2024-10-14 21:10:41.713487 India: No
2024-10-14 21:10:41.713577 Delta: No
ChatterBot November reevaluating
ChatterBot Charlie reevaluating
ChatterBot India reevaluating
ChatterBot Delta reevaluating
ChatterBot November reevaluating
ChatterBot Charlie reevaluating
ChatterBot India reevaluating
ChatterBot Delta reevaluating
ChatterBot Charlie reevaluating
ChatterBot India reevaluating
ChatterBot Delta reevaluating
ChatterBot November reevaluating
ChatterBot Charlie reevaluating
ChatterBot Delta reevaluating
ChatterBot November reevaluating
ChatterBot Charlie reevaluating
ChatterBot India reevaluating
2024-10-14 21:10:41.843276 Alpha: Papa we want you to join our group
2024-10-14 21:10:41.848460 Papa: No
ChatterBot Charlie reevaluating
ChatterBot India reevaluating
ChatterBot Delta reevaluating
ChatterBot November reevaluating
2024-10-14 21:10:41.901845 Hotel: Alpha, Charlie and Delta, sending you 2
2024-10-14 21:10:41.902272 Kilo: Sierra, sending you 6
2024-10-14 21:10:41.902557 Sierra: Kilo and Papa, sending you 5
2024-10-14 21:10:41.903544 November: We should drop Hotel
ChatterBot Alpha reevaluating
ChatterBot Charlie reevaluating
2024-10-14 21:10:41.918449 Alpha: No
2024-10-14 21:10:41.918648 Charlie: No
2024-10-14 21:10:41.918775 India: No
2024-10-14 21:10:41.919340 Delta: No
ChatterBot Charlie reevaluating
ChatterBot November reevaluating
ChatterBot Alpha reevaluating
ChatterBot November reevaluating
ChatterBot Alpha reevaluating
ChatterBot Charlie reevaluating
ChatterBot November reevaluating
ChatterBot Alpha reevaluating
ChatterBot Charlie reevaluating
2024-10-14 21:10:41.983261 Kilo: Papa, sending you 5
2024-10-14 21:10:41.983624 Sierra: Echo, sending you 6
2024-10-14 21:10:41.984265 Hotel: India and November, sending you 3
2024-10-14 21:10:42.016382 Kilo: Echo, sending you 8
2024-10-14 21:10:42.016748 Papa: Sending you each 6
2024-10-14 21:10:42.016964 Echo: Sierra, sending you 4
2024-10-14 21:10:42.017652 India: Alpha and Charlie, sending you 4
2024-10-14 21:10:42.018169 Delta: Alpha, sending you 4
2024-10-14 21:10:42.034214 India: Hotel and Delta, sending you 3
2024-10-14 21:10:42.034818 Delta: Hotel, Charlie, India and November, sending you 3
2024-10-14 21:10:42.035732 Echo: Kilo, sending you 8
2024-10-14 21:10:42.172492 India: November, sending you 2
2024-10-14 21:10:42.173221 Charlie: Alpha, India, Delta and November, sending you 3
2024-10-14 21:10:42.174526 Echo: Papa, sending you 6
chatterbot Hotel submitting transactions
chatterbot Kilo submitting transactions
2024-10-14 21:10:42.373033 Charlie: Hotel, sending you 4
chatterbot India submitting transactions
chatterbot Papa submitting transactions
chatterbot Alpha submitting transactions
chatterbot Echo submitting transactions
chatterbot November submitting transactions
chatterbot Charlie submitting transactions
chatterbot Sierra submitting transactions
chatterbot Delta submitting transactions
chatterbot Alpha submitting transactions
ChatterBot Sierra round 3
ChatterBot Kilo round 3
ChatterBot Alpha round 3
ChatterBot Hotel round 3
ChatterBot Charlie round 3
ChatterBot Papa round 3
ChatterBot India round 3
ChatterBot Delta round 3
ChatterBot Echo round 3
ChatterBot November round 3
2024-10-14 21:10:43.062019 Alpha: We should drop Papa
ChatterBot November reevaluating
2024-10-14 21:10:43.076739 Hotel: Yes
2024-10-14 21:10:43.077548 November: Yes
2024-10-14 21:10:43.077786 Charlie: Yes
2024-10-14 21:10:43.078027 India: Yes
2024-10-14 21:10:43.078261 Delta: Yes
ChatterBot Alpha reevaluating
ChatterBot November reevaluating
ChatterBot Alpha reevaluating
ChatterBot Charlie reevaluating
ChatterBot Alpha reevaluating
ChatterBot November reevaluating
ChatterBot Alpha reevaluating
ChatterBot November reevaluating
ChatterBot Charlie reevaluating
ChatterBot Alpha reevaluating
ChatterBot November reevaluating
ChatterBot Charlie reevaluating
2024-10-14 21:10:43.153032 Charlie: We should add Kilo
ChatterBot Alpha reevaluating
ChatterBot November reevaluating
2024-10-14 21:10:43.167743 Alpha: No
2024-10-14 21:10:43.167935 Hotel: No
2024-10-14 21:10:43.168288 November: No
2024-10-14 21:10:43.168631 India: No
2024-10-14 21:10:43.169497 Delta: No
ChatterBot November reevaluating
ChatterBot Charlie reevaluating
ChatterBot Alpha reevaluating
ChatterBot November reevaluating
ChatterBot Charlie reevaluating
ChatterBot Alpha reevaluating
ChatterBot Charlie reevaluating
ChatterBot Alpha reevaluating
ChatterBot November reevaluating
ChatterBot Charlie reevaluating
ChatterBot Alpha reevaluating
ChatterBot November reevaluating
ChatterBot Charlie reevaluating
2024-10-14 21:10:43.292629 Kilo: Sierra and Papa, sending you 6
2024-10-14 21:10:43.293183 Sierra: Kilo and Echo, sending you 6
2024-10-14 21:10:43.294228 Delta: Alpha, Hotel, Charlie and India, sending you 3
2024-10-14 21:10:43.295407 India: Alpha, Hotel, Delta and November, sending you 3
2024-10-14 21:10:43.296700 Echo: Sending you each 6
2024-10-14 21:10:43.298192 November: We should drop Alpha
ChatterBot Charlie reevaluating
2024-10-14 21:10:43.310510 Hotel: No
2024-10-14 21:10:43.311391 Charlie: No
2024-10-14 21:10:43.311543 India: No
2024-10-14 21:10:43.311709 Delta: No
ChatterBot Charlie reevaluating
ChatterBot November reevaluating
ChatterBot November reevaluating
ChatterBot Charlie reevaluating
ChatterBot November reevaluating
ChatterBot Charlie reevaluating
chatterbot India submitting transactions
2024-10-14 21:10:43.364390 Kilo: Echo, sending you 7
2024-10-14 21:10:43.364732 Sierra: Papa, sending you 5
2024-10-14 21:10:43.365072 Delta: November, sending you 5
2024-10-14 21:10:43.366320 India: Charlie, sending you 4
2024-10-14 21:10:43.366769 Papa: Same as last round
2024-10-14 21:10:43.367163 Hotel: Alpha and India, sending you 3
2024-10-14 21:10:43.390019 Hotel: Charlie, Delta and November, sending you 2
2024-10-14 21:10:43.433603 Charlie: Alpha, Hotel, Delta and November, sending you 3
chatterbot Sierra submitting transactions
2024-10-14 21:10:43.459056 Charlie: India, sending you 4
chatterbot Echo submitting transactions
chatterbot Kilo submitting transactions
chatterbot Delta submitting transactions
chatterbot November submitting transactions
chatterbot Alpha submitting transactions
chatterbot Charlie submitting transactions
chatterbot Papa submitting transactions
chatterbot Hotel submitting transactions
ChatterBot Sierra round 4
ChatterBot Kilo round 4
ChatterBot Alpha round 4
ChatterBot Hotel round 4
ChatterBot Charlie round 4
ChatterBot Papa round 4
ChatterBot India round 4
ChatterBot Delta round 4
ChatterBot Echo round 4
ChatterBot November round 4
2024-10-14 21:10:44.334864 Alpha: We should drop Papa
ChatterBot November reevaluating
2024-10-14 21:10:44.351870 Hotel: Yes
2024-10-14 21:10:44.352113 November: Yes
2024-10-14 21:10:44.352314 Charlie: Yes
2024-10-14 21:10:44.353108 India: Yes
2024-10-14 21:10:44.353330 Delta: Yes
ChatterBot Alpha reevaluating
ChatterBot November reevaluating
ChatterBot Alpha reevaluating
ChatterBot Alpha reevaluating
ChatterBot November reevaluating
ChatterBot Alpha reevaluating
ChatterBot November reevaluating
ChatterBot Alpha reevaluating
ChatterBot November reevaluating
2024-10-14 21:10:44.488904 November: We should drop Hotel
ChatterBot Alpha reevaluating
2024-10-14 21:10:44.507503 Alpha: No
2024-10-14 21:10:44.507729 Charlie: No
2024-10-14 21:10:44.507932 India: No
2024-10-14 21:10:44.508136 Delta: No
ChatterBot Alpha reevaluating
ChatterBot Alpha reevaluating
ChatterBot Alpha reevaluating
2024-10-14 21:10:44.710385 Hotel: Alpha and India, sending you 3
2024-10-14 21:10:44.711981 Delta: Alpha, Hotel and November, sending you 3
2024-10-14 21:10:44.713300 Kilo: Sierra and Papa, sending you 6
2024-10-14 21:10:44.714082 Charlie: Alpha, Hotel, Delta and November, sending you 3
2024-10-14 21:10:44.715555 India: Alpha, Hotel, Delta and November, sending you 3
2024-10-14 21:10:44.716937 Echo: Same as last round
2024-10-14 21:10:44.717996 Papa: Same as last round
2024-10-14 21:10:44.718538 Sierra: Kilo, sending you 5
2024-10-14 21:10:44.719859 Hotel: Charlie, Delta and November, sending you 2
2024-10-14 21:10:44.721464 Delta: Charlie and India, sending you 4
2024-10-14 21:10:44.723108 Kilo: Echo, sending you 7
2024-10-14 21:10:44.723654 Charlie: India, sending you 4
2024-10-14 21:10:44.724968 India: Charlie, sending you 4
2024-10-14 21:10:44.726383 Sierra: Papa and Echo, sending you 6
2024-10-14 21:10:44.727140 November: Alpha and India, sending you 2
2024-10-14 21:10:44.806935 November: Charlie, sending you 3
2024-10-14 21:10:44.858076 November: Delta, sending you 4
chatterbot Hotel submitting transactions
chatterbot Sierra submitting transactions
chatterbot November submitting transactions
chatterbot Charlie submitting transactions
chatterbot Alpha submitting transactions
chatterbot India submitting transactions
chatterbot Papa submitting transactions
chatterbot Echo submitting transactions
chatterbot Kilo submitting transactions
chatterbot Delta submitting transactions
ChatterBot Sierra round 5
ChatterBot Kilo round 5
ChatterBot Alpha round 5
ChatterBot Hotel round 5
ChatterBot Charlie round 5
ChatterBot Papa round 5
ChatterBot India round 5
ChatterBot Delta round 5
ChatterBot Echo round 5
ChatterBot November round 5
2024-10-14 21:10:45.625913 Alpha: We should drop Papa
2024-10-14 21:10:45.636398 Hotel: Yes
2024-10-14 21:10:45.636570 November: Yes
2024-10-14 21:10:45.636713 Charlie: Yes
2024-10-14 21:10:45.636842 India: Yes
2024-10-14 21:10:45.636963 Delta: Yes
ChatterBot Alpha reevaluating
ChatterBot Charlie reevaluating
ChatterBot Alpha reevaluating
ChatterBot Charlie reevaluating
ChatterBot Alpha reevaluating
ChatterBot Alpha reevaluating
ChatterBot Charlie reevaluating
ChatterBot Alpha reevaluating
ChatterBot Charlie reevaluating
2024-10-14 21:10:45.692427 Charlie: We should drop November
ChatterBot Alpha reevaluating
2024-10-14 21:10:45.700262 Alpha: No
2024-10-14 21:10:45.700730 Hotel: No
2024-10-14 21:10:45.700861 India: No
2024-10-14 21:10:45.700979 Delta: No
ChatterBot Charlie reevaluating
ChatterBot Charlie reevaluating
ChatterBot Alpha reevaluating
ChatterBot Charlie reevaluating
ChatterBot Alpha reevaluating
ChatterBot Charlie reevaluating
ChatterBot Alpha reevaluating
2024-10-14 21:10:45.806561 Sierra: Kilo, sending you 5
2024-10-14 21:10:45.816193 Sierra: Papa and Echo, sending you 6
2024-10-14 21:10:45.816886 Kilo: Sierra and Papa, sending you 6
2024-10-14 21:10:45.818216 India: Alpha, Hotel, Delta and November, sending you 3
2024-10-14 21:10:45.819053 Hotel: Alpha and India, sending you 3
2024-10-14 21:10:45.819855 Papa: Same as last round
2024-10-14 21:10:45.820299 Delta: Alpha, Hotel and India, sending you 3
2024-10-14 21:10:45.821859 Kilo: Echo, sending you 7
2024-10-14 21:10:45.822262 India: Charlie, sending you 4
2024-10-14 21:10:45.823709 Hotel: Charlie, Delta and November, sending you 2
2024-10-14 21:10:45.825787 November: Alpha, sending you 2
2024-10-14 21:10:45.826684 Delta: Charlie and November, sending you 4
2024-10-14 21:10:45.828692 Echo: Same as last round
2024-10-14 21:10:45.831180 November: Charlie, India and Delta, sending you 3
2024-10-14 21:10:45.832110 Charlie: Alpha, Hotel, Delta and November, sending you 3
2024-10-14 21:10:45.838659 Charlie: India, sending you 4
chatterbot Echo submitting transactions
chatterbot Delta submitting transactions
chatterbot November submitting transactions
chatterbot Charlie submitting transactions
chatterbot Hotel submitting transactions
chatterbot India submitting transactions
chatterbot Sierra submitting transactions
chatterbot Kilo submitting transactions
chatterbot Papa submitting transactions
chatterbot Alpha submitting transactions
ChatterBot Sierra round 6
ChatterBot Kilo round 6
ChatterBot Alpha round 6
ChatterBot Hotel round 6
ChatterBot Charlie round 6
ChatterBot Papa round 6
ChatterBot India round 6
ChatterBot Delta round 6
ChatterBot Echo round 6
ChatterBot November round 6
2024-10-14 21:10:46.665685 Alpha: We should drop Papa
2024-10-14 21:10:46.678754 Hotel: Yes
2024-10-14 21:10:46.679009 November: Yes
2024-10-14 21:10:46.679178 Charlie: Yes
2024-10-14 21:10:46.679324 India: Yes
2024-10-14 21:10:46.679487 Delta: Yes
ChatterBot Alpha reevaluating
ChatterBot Alpha reevaluating
ChatterBot Alpha reevaluating
ChatterBot Alpha reevaluating
ChatterBot Alpha reevaluating
2024-10-14 21:10:46.726666 Sierra: Kilo, sending you 5
2024-10-14 21:10:46.727238 Charlie: Alpha, Hotel, Delta and November, sending you 3
2024-10-14 21:10:46.728474 Kilo: Sierra and Papa, sending you 6
2024-10-14 21:10:46.731677 Sierra: Papa and Echo, sending you 6
2024-10-14 21:10:46.732156 Charlie: India, sending you 4
2024-10-14 21:10:46.733651 Kilo: Echo, sending you 7
2024-10-14 21:10:46.735674 India: Alpha, Hotel, Delta and November, sending you 3
2024-10-14 21:10:46.736667 Papa: Same as last round
2024-10-14 21:10:46.737157 November: Alpha, sending you 2
2024-10-14 21:10:46.738679 Echo: Same as last round
2024-10-14 21:10:46.740045 India: Charlie, sending you 4
2024-10-14 21:10:46.740710 November: Charlie, India and Delta, sending you 3
2024-10-14 21:10:46.742681 Delta: Alpha, Hotel and India, sending you 3
2024-10-14 21:10:46.743680 Hotel: Alpha, Delta and November, sending you 2
2024-10-14 21:10:46.746669 Delta: Charlie and November, sending you 4
2024-10-14 21:10:46.747667 Hotel: Charlie and India, sending you 3
chatterbot Echo submitting transactions
chatterbot Alpha submitting transactions
chatterbot Papa submitting transactions
chatterbot India submitting transactions
chatterbot Sierra submitting transactions
chatterbot Hotel submitting transactions
chatterbot Delta submitting transactions
chatterbot Kilo submitting transactions
chatterbot Charlie submitting transactions
chatterbot November submitting transactions
ChatterBot Sierra round 7
ChatterBot Kilo round 7
ChatterBot Alpha round 7
ChatterBot Hotel round 7
ChatterBot Charlie round 7
ChatterBot Papa round 7
ChatterBot India round 7
ChatterBot Delta round 7
ChatterBot Echo round 7
ChatterBot November round 7
2024-10-14 21:10:47.862965 Alpha: We should drop Papa
2024-10-14 21:10:47.876757 Hotel: Yes
2024-10-14 21:10:47.877067 November: Yes
2024-10-14 21:10:47.877696 Charlie: Yes
2024-10-14 21:10:47.877896 India: Yes
2024-10-14 21:10:47.878049 Delta: Yes
ChatterBot Alpha reevaluating
ChatterBot Alpha reevaluating
ChatterBot Alpha reevaluating
ChatterBot Alpha reevaluating
ChatterBot Alpha reevaluating
2024-10-14 21:10:47.952689 Kilo: Sierra and Papa, sending you 6
2024-10-14 21:10:47.953673 Charlie: Alpha, Hotel, Delta and November, sending you 3
2024-10-14 21:10:47.955685 Kilo: Echo, sending you 7
2024-10-14 21:10:47.956994 Papa: Same as last round
2024-10-14 21:10:47.957652 India: Alpha, Hotel, Delta and November, sending you 3
2024-10-14 21:10:47.958244 Sierra: Kilo, sending you 5
2024-10-14 21:10:47.958688 Charlie: India, sending you 4
2024-10-14 21:10:47.960676 Echo: Same as last round
2024-10-14 21:10:47.961725 India: Charlie, sending you 4
2024-10-14 21:10:47.962541 Sierra: Papa and Echo, sending you 6
2024-10-14 21:10:47.964042 Hotel: Alpha, Delta and November, sending you 2
2024-10-14 21:10:47.967705 Hotel: Charlie and India, sending you 3
2024-10-14 21:10:47.971661 Delta: Alpha, Charlie, India and November, sending you 4
2024-10-14 21:10:47.972348 November: Alpha, sending you 2
2024-10-14 21:10:47.975667 Delta: Hotel, sending you 2
2024-10-14 21:10:47.976851 November: Charlie, India and Delta, sending you 3
chatterbot Charlie submitting transactions
chatterbot India submitting transactions
chatterbot November submitting transactions
chatterbot Hotel submitting transactions
chatterbot Papa submitting transactions
chatterbot Sierra submitting transactions
chatterbot Kilo submitting transactions
chatterbot Alpha submitting transactions
chatterbot Delta submitting transactions
chatterbot Echo submitting transactions
ChatterBot Sierra round 8
ChatterBot Kilo round 8
ChatterBot Alpha round 8
ChatterBot Hotel round 8
ChatterBot Charlie round 8
ChatterBot Papa round 8
ChatterBot India round 8
ChatterBot Delta round 8
ChatterBot Echo round 8
ChatterBot November round 8
2024-10-14 21:10:49.160812 Alpha: We should drop Papa
2024-10-14 21:10:49.172584 Hotel: Yes
2024-10-14 21:10:49.172853 November: Yes
2024-10-14 21:10:49.173008 Charlie: Yes
2024-10-14 21:10:49.173156 India: Yes
2024-10-14 21:10:49.173292 Delta: Yes
ChatterBot Alpha reevaluating
ChatterBot Alpha reevaluating
ChatterBot Alpha reevaluating
ChatterBot Alpha reevaluating
ChatterBot Alpha reevaluating
2024-10-14 21:10:49.230679 Sierra: Kilo, sending you 5
2024-10-14 21:10:49.231699 Kilo: Sierra and Papa, sending you 6
2024-10-14 21:10:49.232311 Hotel: Alpha, Delta and November, sending you 2
2024-10-14 21:10:49.236370 Sierra: Papa and Echo, sending you 6
2024-10-14 21:10:49.236901 Kilo: Echo, sending you 7
2024-10-14 21:10:49.238694 Hotel: Charlie and India, sending you 3
2024-10-14 21:10:49.239605 November: Alpha, sending you 2
2024-10-14 21:10:49.240030 Papa: Same as last round
2024-10-14 21:10:49.241102 Charlie: Alpha, Hotel, Delta and November, sending you 3
2024-10-14 21:10:49.242019 Delta: Alpha, Charlie, India and November, sending you 4
2024-10-14 21:10:49.242780 November: Charlie, India and Delta, sending you 3
2024-10-14 21:10:49.245668 Charlie: India, sending you 4
2024-10-14 21:10:49.246946 Delta: Hotel, sending you 2
2024-10-14 21:10:49.248667 Echo: Same as last round
2024-10-14 21:10:49.250677 India: Alpha, Hotel, Delta and November, sending you 3
2024-10-14 21:10:49.255684 India: Charlie, sending you 4
chatterbot November submitting transactions
chatterbot Hotel submitting transactions
chatterbot Sierra submitting transactions
chatterbot Delta submitting transactions
chatterbot Papa submitting transactions
chatterbot Alpha submitting transactions
chatterbot Echo submitting transactions
chatterbot Kilo submitting transactions
chatterbot India submitting transactions
chatterbot Charlie submitting transactions
ChatterBot Sierra round 9
ChatterBot Kilo round 9
ChatterBot Alpha round 9
ChatterBot Hotel round 9
ChatterBot Charlie round 9
ChatterBot Papa round 9
ChatterBot India round 9
ChatterBot Delta round 9
ChatterBot Echo round 9
ChatterBot November round 9
2024-10-14 21:10:50.452501 Alpha: We should drop Papa
2024-10-14 21:10:50.466635 Hotel: Yes
2024-10-14 21:10:50.466857 November: Yes
2024-10-14 21:10:50.467045 Charlie: Yes
2024-10-14 21:10:50.467292 India: Yes
2024-10-14 21:10:50.467479 Delta: Yes
ChatterBot Alpha reevaluating
ChatterBot November reevaluating
ChatterBot Alpha reevaluating
ChatterBot Alpha reevaluating
ChatterBot November reevaluating
ChatterBot Alpha reevaluating
ChatterBot November reevaluating
ChatterBot Alpha reevaluating
ChatterBot November reevaluating
2024-10-14 21:10:50.546682 Sierra: Kilo, sending you 5
2024-10-14 21:10:50.547244 Kilo: Sierra and Papa, sending you 6
2024-10-14 21:10:50.552590 Sierra: Papa and Echo, sending you 6
2024-10-14 21:10:50.553810 Kilo: Echo, sending you 7
2024-10-14 21:10:50.554895 Charlie: Alpha, Hotel, Delta and November, sending you 3
2024-10-14 21:10:50.557159 Echo: Same as last round
2024-10-14 21:10:50.557750 Delta: Alpha, Charlie, India and November, sending you 4
2024-10-14 21:10:50.559304 India: Alpha, Hotel, Delta and November, sending you 3
2024-10-14 21:10:50.561531 November: Alpha, sending you 2
2024-10-14 21:10:50.562398 Hotel: Alpha, Delta and November, sending you 2
2024-10-14 21:10:50.564432 Charlie: India, sending you 4
2024-10-14 21:10:50.566136 Delta: Hotel, sending you 2
2024-10-14 21:10:50.567857 India: Charlie, sending you 4
2024-10-14 21:10:50.569247 Papa: Same as last round
2024-10-14 21:10:50.570383 November: Charlie, India and Delta, sending you 3
2024-10-14 21:10:50.571141 Hotel: Charlie and India, sending you 3
chatterbot Hotel submitting transactions
chatterbot Delta submitting transactions
chatterbot Alpha submitting transactions
chatterbot Echo submitting transactions
chatterbot Charlie submitting transactions
chatterbot India submitting transactions
chatterbot Kilo submitting transactions
chatterbot Papa submitting transactions
chatterbot Sierra submitting transactions
chatterbot November submitting transactions
ChatterBot Sierra round 10
ChatterBot Kilo round 10
ChatterBot Alpha round 10
ChatterBot Hotel round 10
ChatterBot Charlie round 10
ChatterBot Papa round 10
ChatterBot India round 10
ChatterBot Delta round 10
ChatterBot Echo round 10
ChatterBot November round 10
2024-10-14 21:10:51.721590 Alpha: We should drop Papa
ChatterBot November reevaluating
2024-10-14 21:10:51.733182 Hotel: Yes
2024-10-14 21:10:51.733372 November: Yes
2024-10-14 21:10:51.733511 Charlie: Yes
2024-10-14 21:10:51.733654 India: Yes
2024-10-14 21:10:51.733798 Delta: Yes
ChatterBot Alpha reevaluating
ChatterBot November reevaluating
ChatterBot Alpha reevaluating
ChatterBot Alpha reevaluating
ChatterBot November reevaluating
ChatterBot Alpha reevaluating
ChatterBot November reevaluating
ChatterBot Alpha reevaluating
ChatterBot November reevaluating
2024-10-14 21:10:51.795676 Kilo: Sierra and Papa, sending you 6
2024-10-14 21:10:51.796666 Sierra: Kilo, sending you 5
2024-10-14 21:10:51.797044 Charlie: Alpha, Hotel, Delta and November, sending you 3
2024-10-14 21:10:51.799668 Papa: Same as last round
2024-10-14 21:10:51.800026 Sierra: Papa and Echo, sending you 6
2024-10-14 21:10:51.800663 Kilo: Echo, sending you 7
2024-10-14 21:10:51.801021 Charlie: India, sending you 4
2024-10-14 21:10:51.806716 Delta: Alpha, Charlie, India and November, sending you 4
2024-10-14 21:10:51.808690 India: Alpha, Hotel, Delta and November, sending you 3
2024-10-14 21:10:51.810666 Delta: Hotel, sending you 2
2024-10-14 21:10:51.811676 November: Alpha, sending you 2
2024-10-14 21:10:51.812051 India: Charlie, sending you 4
2024-10-14 21:10:51.814666 Hotel: Alpha, Delta and November, sending you 2
2024-10-14 21:10:51.815395 November: Charlie, India and Delta, sending you 3
2024-10-14 21:10:51.818660 Hotel: Charlie and India, sending you 3
2024-10-14 21:10:51.823663 Echo: Same as last round
chatterbot Charlie submitting transactions
chatterbot Sierra submitting transactions
chatterbot Echo submitting transactions
chatterbot Alpha submitting transactions
chatterbot Delta submitting transactions
chatterbot Papa submitting transactions
chatterbot November submitting transactions
chatterbot India submitting transactions
chatterbot Kilo submitting transactions
chatterbot Hotel submitting transactions
ChatterBot Sierra round 11
ChatterBot Kilo round 11
ChatterBot Alpha round 11
ChatterBot Hotel round 11
ChatterBot Charlie round 11
ChatterBot Papa round 11
ChatterBot India round 11
ChatterBot Delta round 11
ChatterBot Echo round 11
ChatterBot November round 11
2024-10-14 21:10:52.984220 Alpha: We should drop Papa
2024-10-14 21:10:52.996997 Hotel: Yes
2024-10-14 21:10:52.997248 November: Yes
2024-10-14 21:10:52.997458 Charlie: Yes
2024-10-14 21:10:52.998233 India: Yes
2024-10-14 21:10:52.998447 Delta: Yes
ChatterBot Alpha reevaluating
ChatterBot Alpha reevaluating
ChatterBot Alpha reevaluating
ChatterBot Alpha reevaluating
ChatterBot Alpha reevaluating
2024-10-14 21:10:53.076883 Charlie: Alpha, Hotel, Delta and November, sending you 3
2024-10-14 21:10:53.078387 Kilo: Sierra and Papa, sending you 6
2024-10-14 21:10:53.078965 Hotel: Alpha, Delta and November, sending you 2
2024-10-14 21:10:53.080115 Sierra: Kilo, sending you 5
2024-10-14 21:10:53.081665 Kilo: Echo, sending you 7
2024-10-14 21:10:53.082675 Charlie: India, sending you 4
2024-10-14 21:10:53.084016 Hotel: Charlie and India, sending you 3
2024-10-14 21:10:53.084760 Sierra: Papa and Echo, sending you 6
2024-10-14 21:10:53.085119 Echo: Same as last round
2024-10-14 21:10:53.087666 Papa: Same as last round
2024-10-14 21:10:53.089679 Delta: Alpha, Charlie, India and November, sending you 4
2024-10-14 21:10:53.093687 November: Alpha, sending you 2
2024-10-14 21:10:53.095646 Delta: Hotel, sending you 3
2024-10-14 21:10:53.097854 India: Alpha, Hotel, Delta and November, sending you 3
2024-10-14 21:10:53.098882 November: Charlie, India and Delta, sending you 3
2024-10-14 21:10:53.101675 India: Charlie, sending you 4
chatterbot Delta submitting transactions
chatterbot Alpha submitting transactions
chatterbot Charlie submitting transactions
chatterbot Papa submitting transactions
chatterbot Sierra submitting transactions
chatterbot India submitting transactions
chatterbot November submitting transactions
chatterbot Kilo submitting transactions
chatterbot Hotel submitting transactions
chatterbot Echo submitting transactions
ChatterBot Sierra round 12
ChatterBot Kilo round 12
ChatterBot Alpha round 12
ChatterBot Hotel round 12
ChatterBot Charlie round 12
ChatterBot Papa round 12
ChatterBot India round 12
ChatterBot Delta round 12
ChatterBot Echo round 12
ChatterBot November round 12
2024-10-14 21:10:54.267821 Alpha: We should drop Papa
2024-10-14 21:10:54.281342 Hotel: Yes
2024-10-14 21:10:54.281598 November: Yes
2024-10-14 21:10:54.281908 Charlie: Yes
2024-10-14 21:10:54.282076 India: Yes
2024-10-14 21:10:54.282404 Delta: Yes
ChatterBot Alpha reevaluating
ChatterBot Alpha reevaluating
ChatterBot Alpha reevaluating
ChatterBot Alpha reevaluating
ChatterBot Alpha reevaluating
2024-10-14 21:10:54.347667 Kilo: Sierra and Papa, sending you 6
2024-10-14 21:10:54.349081 Delta: Alpha, Charlie, India and November, sending you 4
2024-10-14 21:10:54.353709 Kilo: Echo, sending you 7
2024-10-14 21:10:54.355385 Delta: Hotel, sending you 3
2024-10-14 21:10:54.357323 November: Alpha, sending you 2
2024-10-14 21:10:54.358259 Charlie: Alpha, Hotel, Delta and November, sending you 3
2024-10-14 21:10:54.359960 India: Alpha, Hotel, Delta and November, sending you 3
2024-10-14 21:10:54.361679 November: Charlie, India and Delta, sending you 3
2024-10-14 21:10:54.363680 Echo: Same as last round
2024-10-14 21:10:54.364830 Charlie: India, sending you 4
2024-10-14 21:10:54.367355 Sierra: Kilo, sending you 5
2024-10-14 21:10:54.368161 India: Charlie, sending you 4
2024-10-14 21:10:54.370030 Papa: Same as last round
2024-10-14 21:10:54.371097 Hotel: Alpha, Delta and November, sending you 2
2024-10-14 21:10:54.373525 Sierra: Papa and Echo, sending you 6
2024-10-14 21:10:54.377001 Hotel: Charlie and India, sending you 3
chatterbot Hotel submitting transactions
chatterbot Echo submitting transactions
chatterbot Alpha submitting transactions
chatterbot Papa submitting transactions
chatterbot Sierra submitting transactions
chatterbot India submitting transactions
chatterbot November submitting transactions
chatterbot Delta submitting transactions
chatterbot Charlie submitting transactions
chatterbot Kilo submitting transactions
ChatterBot Sierra round 13
ChatterBot Kilo round 13
ChatterBot Alpha round 13
ChatterBot Hotel round 13
ChatterBot Charlie round 13
ChatterBot Papa round 13
ChatterBot India round 13
ChatterBot Delta round 13
ChatterBot Echo round 13
ChatterBot November round 13
2024-10-14 21:10:55.313873 Alpha: We should drop Papa
ChatterBot Hotel reevaluating
2024-10-14 21:10:55.327560 Hotel: Yes
2024-10-14 21:10:55.328190 November: Yes
2024-10-14 21:10:55.328373 Charlie: Yes
2024-10-14 21:10:55.328540 India: Yes
2024-10-14 21:10:55.328708 Delta: Yes
ChatterBot Alpha reevaluating
ChatterBot Alpha reevaluating
ChatterBot Hotel reevaluating
ChatterBot Alpha reevaluating
ChatterBot Hotel reevaluating
ChatterBot Alpha reevaluating
ChatterBot Hotel reevaluating
ChatterBot November reevaluating
ChatterBot Alpha reevaluating
ChatterBot Hotel reevaluating
ChatterBot November reevaluating
2024-10-14 21:10:55.402337 November: We should replace Alpha with Hotel
2024-10-14 21:10:55.408610 Charlie: No
2024-10-14 21:10:55.408828 India: No
2024-10-14 21:10:55.408960 Delta: No
ChatterBot November reevaluating
ChatterBot November reevaluating
ChatterBot November reevaluating
2024-10-14 21:10:55.431889 November: We should replace India with Hotel
ChatterBot Alpha reevaluating
2024-10-14 21:10:55.439229 Alpha: No
2024-10-14 21:10:55.439444 Charlie: No
2024-10-14 21:10:55.439592 Delta: No
ChatterBot November reevaluating
ChatterBot Alpha reevaluating
ChatterBot November reevaluating
ChatterBot Alpha reevaluating
2024-10-14 21:10:55.459887 Sierra: Kilo, sending you 5
2024-10-14 21:10:55.462685 Kilo: Sierra and Papa, sending you 6
2024-10-14 21:10:55.463763 Sierra: Papa and Echo, sending you 6
2024-10-14 21:10:55.464648 Hotel: Alpha, Delta and November, sending you 2
2024-10-14 21:10:55.465902 India: Alpha, Hotel, Delta and November, sending you 3
2024-10-14 21:10:55.466716 Delta: Alpha, Charlie, India and November, sending you 4
2024-10-14 21:10:55.467844 Papa: Same as last round
2024-10-14 21:10:55.468196 Echo: Same as last round
2024-10-14 21:10:55.468482 Charlie: India, Delta and November, sending you 1
2024-10-14 21:10:55.469152 Kilo: Echo, sending you 7
2024-10-14 21:10:55.469681 Hotel: Charlie and India, sending you 3
2024-10-14 21:10:55.471994 Delta: Hotel, sending you 3
2024-10-14 21:10:55.473301 India: Charlie, sending you 4
2024-10-14 21:10:55.478659 November: Alpha, sending you 2
2024-10-14 21:10:55.482680 November: Charlie, India and Delta, sending you 3
chatterbot Delta submitting transactions
chatterbot Charlie submitting transactions
chatterbot Sierra submitting transactions
chatterbot India submitting transactions
chatterbot Alpha submitting transactions
chatterbot Papa submitting transactions
chatterbot Kilo submitting transactions
chatterbot Echo submitting transactions
chatterbot Hotel submitting transactions
chatterbot November submitting transactions
ChatterBot Sierra round 14
ChatterBot Kilo round 14
ChatterBot Alpha round 14
ChatterBot Hotel round 14
ChatterBot Charlie round 14
ChatterBot Papa round 14
ChatterBot India round 14
ChatterBot Delta round 14
ChatterBot Echo round 14
ChatterBot November round 14
2024-10-14 21:10:56.711425 Alpha: We should drop Papa
ChatterBot Hotel reevaluating
ChatterBot November reevaluating
2024-10-14 21:10:56.725528 Hotel: Yes
2024-10-14 21:10:56.725743 November: Yes
2024-10-14 21:10:56.725898 Charlie: Yes
2024-10-14 21:10:56.726033 India: Yes
2024-10-14 21:10:56.726163 Delta: Yes
ChatterBot Alpha reevaluating
ChatterBot November reevaluating
ChatterBot Alpha reevaluating
ChatterBot Hotel reevaluating
ChatterBot Alpha reevaluating
ChatterBot Hotel reevaluating
ChatterBot November reevaluating
ChatterBot Alpha reevaluating
ChatterBot Hotel reevaluating
ChatterBot November reevaluating
ChatterBot Alpha reevaluating
ChatterBot Hotel reevaluating
ChatterBot November reevaluating
2024-10-14 21:10:56.796062 Hotel: We should drop November
ChatterBot Alpha reevaluating
2024-10-14 21:10:56.804242 Charlie: No
2024-10-14 21:10:56.804392 Alpha: No
2024-10-14 21:10:56.804500 India: No
2024-10-14 21:10:56.804597 Delta: No
ChatterBot Alpha reevaluating
ChatterBot Hotel reevaluating
ChatterBot Hotel reevaluating
ChatterBot Alpha reevaluating
ChatterBot Hotel reevaluating
ChatterBot Alpha reevaluating
ChatterBot Hotel reevaluating
2024-10-14 21:10:56.841114 November: Hotel we want you to join our group
ChatterBot Hotel reevaluating
2024-10-14 21:10:56.843752 Hotel: Yes
ChatterBot November reevaluating
ChatterBot Alpha reevaluating
2024-10-14 21:10:56.855160 Echo: I was attacked by Charlie
ChatterBot Sierra reevaluating
ChatterBot Kilo reevaluating
ChatterBot Papa reevaluating
2024-10-14 21:10:56.862563 Echo: I'm keeping this round to protect myself
2024-10-14 21:10:56.863252 Echo: Ow
2024-10-14 21:10:56.863582 Papa: We should add Alpha
ChatterBot Sierra reevaluating
ChatterBot Kilo reevaluating
ChatterBot Echo reevaluating
2024-10-14 21:10:56.870790 Sierra: No
2024-10-14 21:10:56.870915 Kilo: No
