ChatterBot Hotel round 1
ChatterBot Lima round 1
ChatterBot Charlie round 1
ChatterBot Tango round 1
ChatterBot Victor round 1
ChatterBot Foxtrot round 1
ChatterBot Golf round 1
ChatterBot Delta round 1
ChatterBot Juliett round 1
ChatterBot November round 1
randomSelections Lima: {Lima, Tango, Delta, Foxtrot, Golf, Juliett, Hotel} 
2024-10-15 05:37:29.417564 Lima: Group up?
ChatterBot Tango reevaluating
ChatterBot Delta reevaluating
ChatterBot Foxtrot reevaluating
ChatterBot Golf reevaluating
ChatterBot Juliett reevaluating
ChatterBot Hotel reevaluating
2024-10-15 05:37:29.437508 Tango: Yes
2024-10-15 05:37:29.437686 Delta: Yes
2024-10-15 05:37:29.437807 Foxtrot: Yes
2024-10-15 05:37:29.437937 Golf: Yes
2024-10-15 05:37:29.438068 Juliett: Yes
2024-10-15 05:37:29.438190 Hotel: Yes
ChatterBot Delta reevaluating
ChatterBot Foxtrot reevaluating
ChatterBot Golf reevaluating
ChatterBot Juliett reevaluating
ChatterBot Hotel reevaluating
ChatterBot Tango reevaluating
ChatterBot Foxtrot reevaluating
ChatterBot Golf reevaluating
ChatterBot Juliett reevaluating
ChatterBot Hotel reevaluating
ChatterBot Tango reevaluating
ChatterBot Delta reevaluating
ChatterBot Golf reevaluating
ChatterBot Juliett reevaluating
ChatterBot Hotel reevaluating
ChatterBot Tango reevaluating
ChatterBot Delta reevaluating
ChatterBot Foxtrot reevaluating
ChatterBot Juliett reevaluating
ChatterBot Hotel reevaluating
ChatterBot Tango reevaluating
ChatterBot Delta reevaluating
ChatterBot Foxtrot reevaluating
ChatterBot Golf reevaluating
ChatterBot Hotel reevaluating
ChatterBot Tango reevaluating
ChatterBot Delta reevaluating
ChatterBot Foxtrot reevaluating
ChatterBot Golf reevaluating
ChatterBot Juliett reevaluating
randomSelections Charlie: {Charlie, Delta, Lima, Tango, Juliett} 
2024-10-15 05:37:29.526609 Charlie: We would work well together
ChatterBot Delta reevaluating
ChatterBot Tango reevaluating
ChatterBot Juliett reevaluating
2024-10-15 05:37:29.531708 Delta: No
2024-10-15 05:37:29.531850 Lima: No
2024-10-15 05:37:29.532494 Tango: No
2024-10-15 05:37:29.532590 Juliett: No
ChatterBot Tango reevaluating
ChatterBot Juliett reevaluating
ChatterBot Delta reevaluating
ChatterBot Tango reevaluating
ChatterBot Juliett reevaluating
ChatterBot Delta reevaluating
ChatterBot Juliett reevaluating
ChatterBot Delta reevaluating
ChatterBot Tango reevaluating
randomSelections Victor: {Victor, Charlie, Lima, November} 
2024-10-15 05:37:29.554700 Victor: We would work well together
ChatterBot November reevaluating
2024-10-15 05:37:29.558214 Charlie: No
2024-10-15 05:37:29.558321 Lima: No
2024-10-15 05:37:29.558418 November: Yes
ChatterBot November reevaluating
ChatterBot November reevaluating
2024-10-15 05:37:29.579684 Hotel: Tango, Delta and Juliett, sending you 1
2024-10-15 05:37:29.583667 Hotel: Foxtrot, sending you 4
2024-10-15 05:37:29.584674 Foxtrot: Hotel and Lima, sending you 3
2024-10-15 05:37:29.585667 Victor: Lima, sending you 8
2024-10-15 05:37:29.586692 Charlie: Lima and Juliett, sending you 3
2024-10-15 05:37:29.587675 Lima: Hotel, Tango, Foxtrot, Golf, Delta and Juliett, sending you 2
2024-10-15 05:37:29.588667 Foxtrot: Tango, sending you 6
2024-10-15 05:37:29.588975 Victor: Charlie, sending you 5
2024-10-15 05:37:29.589703 Golf: Hotel and Delta, sending you 4
2024-10-15 05:37:29.591655 Charlie: Tango, sending you 2
2024-10-15 05:37:29.592678 Tango: Hotel, sending you 3
2024-10-15 05:37:29.596653 Foxtrot: Golf, sending you 2
2024-10-15 05:37:29.597236 Victor: November, sending you 3
2024-10-15 05:37:29.597556 Golf: Lima, Foxtrot and Juliett, sending you 1
2024-10-15 05:37:29.597917 November: Lima, Charlie and Victor, sending you 4
2024-10-15 05:37:29.598791 Delta: Hotel and Juliett, sending you 2
2024-10-15 05:37:29.599162 Juliett: Hotel and Foxtrot, sending you 1
2024-10-15 05:37:29.601365 Charlie: Delta, sending you 4
2024-10-15 05:37:29.601754 Tango: Lima, sending you 5
2024-10-15 05:37:29.602137 Foxtrot: Delta and Juliett, sending you 1
2024-10-15 05:37:29.602880 Golf: Tango, sending you 5
2024-10-15 05:37:29.603210 Delta: Lima, sending you 3
2024-10-15 05:37:29.604664 Juliett: Lima, sending you 4
2024-10-15 05:37:29.605064 Tango: Foxtrot, sending you 1
2024-10-15 05:37:29.605700 Delta: Tango, sending you 1
2024-10-15 05:37:29.608651 Juliett: Tango and Delta, sending you 2
2024-10-15 05:37:29.609677 Tango: Golf, sending you 4
2024-10-15 05:37:29.610670 Delta: Foxtrot, sending you 4
2024-10-15 05:37:29.613676 Juliett: Golf, sending you 6
2024-10-15 05:37:29.614033 Tango: Delta and Juliett, sending you 2
2024-10-15 05:37:29.614681 Delta: Golf, sending you 5
chatterbot Lima submitting transactions
chatterbot Foxtrot submitting transactions
chatterbot Juliett submitting transactions
chatterbot Golf submitting transactions
chatterbot Victor submitting transactions
chatterbot Delta submitting transactions
chatterbot Hotel submitting transactions
chatterbot Charlie submitting transactions
chatterbot Tango submitting transactions
chatterbot November submitting transactions
ChatterBot Hotel round 2
ChatterBot Lima round 2
ChatterBot Charlie round 2
ChatterBot Tango round 2
ChatterBot Victor round 2
ChatterBot Foxtrot round 2
ChatterBot Golf round 2
ChatterBot Delta round 2
ChatterBot Juliett round 2
ChatterBot November round 2
2024-10-15 05:37:31.526496 Charlie: Can we be friends?
ChatterBot Victor reevaluating
ChatterBot November reevaluating
2024-10-15 05:37:31.535737 Victor: Yes
2024-10-15 05:37:31.535909 November: Yes
ChatterBot November reevaluating
ChatterBot Victor reevaluating
2024-10-15 05:37:31.749442 Tango: We should drop Hotel
2024-10-15 05:37:31.769024 Lima: No
2024-10-15 05:37:31.769806 Foxtrot: No
2024-10-15 05:37:31.769984 Golf: No
2024-10-15 05:37:31.770160 Delta: No
2024-10-15 05:37:31.770326 Juliett: Yes
ChatterBot Foxtrot reevaluating
ChatterBot Lima reevaluating
ChatterBot Lima reevaluating
ChatterBot Foxtrot reevaluating
ChatterBot Lima reevaluating
ChatterBot Foxtrot reevaluating
ChatterBot Lima reevaluating
ChatterBot Foxtrot reevaluating
2024-10-15 05:37:32.224932 Hotel: Lima, Tango, Foxtrot and Delta, sending you 2
chatterbot Tango submitting transactions
chatterbot Charlie submitting transactions
2024-10-15 05:37:32.536746 Hotel: Golf, sending you 3
2024-10-15 05:37:32.537251 Tango: Lima and Juliett, sending you 3
2024-10-15 05:37:32.538106 Victor: Charlie, sending you 3
2024-10-15 05:37:32.538391 Delta: Hotel, sending you 2
2024-10-15 05:37:32.538835 Golf: Lima and Foxtrot, sending you 2
2024-10-15 05:37:32.539764 November: Charlie, sending you 2
2024-10-15 05:37:32.540035 Charlie: Victor, sending you 7
chatterbot Juliett submitting transactions
chatterbot Golf submitting transactions
chatterbot Victor submitting transactions
2024-10-15 05:37:32.541111 Tango: Foxtrot, sending you 5
2024-10-15 05:37:32.673983 Victor: November, sending you 8
2024-10-15 05:37:32.674373 Delta: Lima, Tango and Juliett, sending you 3
2024-10-15 05:37:32.675535 November: Victor, sending you 4
2024-10-15 05:37:32.675775 Charlie: November, sending you 6
2024-10-15 05:37:32.675978 Golf: Tango, sending you 3
2024-10-15 05:37:32.676326 Juliett: Lima, Tango and Delta, sending you 4
2024-10-15 05:37:32.676688 Tango: Golf, sending you 4
chatterbot Hotel submitting transactions
2024-10-15 05:37:32.711813 Golf: Delta, sending you 4
2024-10-15 05:37:32.712373 Delta: Foxtrot, sending you 1
2024-10-15 05:37:32.713432 Foxtrot: Lima, sending you 4
2024-10-15 05:37:32.713888 Juliett: Foxtrot and Golf, sending you 2
2024-10-15 05:37:32.714269 Tango: Delta, sending you 2
2024-10-15 05:37:32.715036 Lima: Tango, Foxtrot, Delta and Juliett, sending you 2
2024-10-15 05:37:32.735905 Golf: Juliett, sending you 5
2024-10-15 05:37:32.736865 Delta: Golf, sending you 5
2024-10-15 05:37:32.737316 Foxtrot: Tango and Golf, sending you 2
2024-10-15 05:37:32.737739 Lima: Golf, sending you 1
2024-10-15 05:37:32.754174 Foxtrot: Delta, sending you 7
chatterbot Delta submitting transactions
2024-10-15 05:37:32.773188 Foxtrot: Juliett, sending you 1
chatterbot Lima submitting transactions
chatterbot Foxtrot submitting transactions
chatterbot November submitting transactions
ChatterBot Hotel round 3
ChatterBot Lima round 3
ChatterBot Charlie round 3
ChatterBot Tango round 3
ChatterBot Victor round 3
ChatterBot Foxtrot round 3
ChatterBot Golf round 3
ChatterBot Delta round 3
ChatterBot Juliett round 3
ChatterBot November round 3
2024-10-15 05:37:33.289800 Foxtrot: We should replace Lima with Hotel
2024-10-15 05:37:33.312740 Tango: No
2024-10-15 05:37:33.313222 Golf: No
2024-10-15 05:37:33.313637 Delta: No
2024-10-15 05:37:33.314387 Juliett: No
ChatterBot Foxtrot reevaluating
ChatterBot Juliett reevaluating
ChatterBot Foxtrot reevaluating
ChatterBot Juliett reevaluating
ChatterBot Foxtrot reevaluating
ChatterBot Juliett reevaluating
ChatterBot Foxtrot reevaluating
ChatterBot Tango reevaluating
2024-10-15 05:37:33.405890 Hotel: We should drop Lima
ChatterBot Tango reevaluating
ChatterBot Foxtrot reevaluating
ChatterBot Juliett reevaluating
2024-10-15 05:37:33.424033 Tango: No
2024-10-15 05:37:33.424282 Foxtrot: No
2024-10-15 05:37:33.424530 Golf: No
2024-10-15 05:37:33.424758 Delta: No
2024-10-15 05:37:33.425466 Juliett: No
ChatterBot Hotel reevaluating
ChatterBot Foxtrot reevaluating
ChatterBot Juliett reevaluating
ChatterBot Hotel reevaluating
ChatterBot Tango reevaluating
ChatterBot Juliett reevaluating
ChatterBot Hotel reevaluating
ChatterBot Tango reevaluating
ChatterBot Foxtrot reevaluating
ChatterBot Juliett reevaluating
ChatterBot Hotel reevaluating
ChatterBot Tango reevaluating
ChatterBot Foxtrot reevaluating
ChatterBot Juliett reevaluating
ChatterBot Hotel reevaluating
ChatterBot Tango reevaluating
ChatterBot Foxtrot reevaluating
2024-10-15 05:37:33.532966 Lima: Tango, Foxtrot, Delta and Juliett, sending you 2
2024-10-15 05:37:33.545130 Victor: Charlie, sending you 8
2024-10-15 05:37:33.550076 November: Sending you each 4
2024-10-15 05:37:33.550827 Delta: Hotel, Lima and Tango, sending you 2
2024-10-15 05:37:33.554210 Golf: Hotel, Lima and Foxtrot, sending you 2
2024-10-15 05:37:33.556689 Lima: Golf, sending you 1
2024-10-15 05:37:33.560108 Victor: November, sending you 9
2024-10-15 05:37:33.562503 Charlie: Victor, sending you 7
2024-10-15 05:37:33.564110 Tango: Lima, Delta and Juliett, sending you 3
2024-10-15 05:37:33.566084 Delta: Foxtrot and Golf, sending you 4
2024-10-15 05:37:33.568079 Foxtrot: Lima and Delta, sending you 3
2024-10-15 05:37:33.570239 Golf: Tango and Juliett, sending you 3
2024-10-15 05:37:33.571332 Juliett: Lima, Tango and Delta, sending you 3
2024-10-15 05:37:33.572725 Charlie: November, sending you 6
2024-10-15 05:37:33.573464 Tango: Foxtrot and Golf, sending you 4
2024-10-15 05:37:33.575010 Delta: Juliett, sending you 3
2024-10-15 05:37:33.576630 Foxtrot: Tango, sending you 6
2024-10-15 05:37:33.578244 Golf: Delta, sending you 4
2024-10-15 05:37:33.580072 Juliett: Foxtrot, sending you 2
2024-10-15 05:37:33.580500 Hotel: Tango and Golf, sending you 4
2024-10-15 05:37:33.580943 Foxtrot: Golf and Juliett, sending you 2
2024-10-15 05:37:33.583910 Juliett: Golf, sending you 5
2024-10-15 05:37:33.602342 Hotel: Foxtrot, sending you 3
2024-10-15 05:37:33.613928 Hotel: Delta, sending you 5
2024-10-15 05:37:33.699352 Hotel: Juliett, sending you 2
chatterbot Charlie submitting transactions
chatterbot Victor submitting transactions
chatterbot Hotel submitting transactions
chatterbot Tango submitting transactions
chatterbot Delta submitting transactions
chatterbot Lima submitting transactions
chatterbot Golf submitting transactions
chatterbot November submitting transactions
chatterbot Foxtrot submitting transactions
chatterbot Juliett submitting transactions
ChatterBot Hotel round 4
ChatterBot Lima round 4
ChatterBot Charlie round 4
ChatterBot Tango round 4
ChatterBot Victor round 4
ChatterBot Foxtrot round 4
ChatterBot Golf round 4
ChatterBot Delta round 4
ChatterBot Juliett round 4
ChatterBot November round 4
2024-10-15 05:37:34.924035 Tango: Hotel, Delta and Juliett, sending you 3
2024-10-15 05:37:34.924472 Lima: Sending you each 2
2024-10-15 05:37:34.958144 Hotel: Tango and Foxtrot, sending you 3
2024-10-15 05:37:34.958504 Foxtrot: Lima, sending you 3
2024-10-15 05:37:34.959805 Tango: Foxtrot and Golf, sending you 4
2024-10-15 05:37:34.960300 Delta: Hotel, Foxtrot and Juliett, sending you 3
2024-10-15 05:37:34.960775 Charlie: Victor, sending you 7
2024-10-15 05:37:34.961762 Golf: Hotel, Lima and Foxtrot, sending you 2
2024-10-15 05:37:34.962318 Victor: Sending you each 8
2024-10-15 05:37:34.963256 Hotel: Golf, sending you 5
2024-10-15 05:37:34.963629 Foxtrot: Tango, sending you 5
2024-10-15 05:37:34.963959 Delta: Lima and Tango, sending you 2
2024-10-15 05:37:34.991224 November: Same as last round
2024-10-15 05:37:34.992247 Juliett: Lima and Tango, sending you 3
2024-10-15 05:37:34.992764 Hotel: Delta, sending you 6
2024-10-15 05:37:34.993097 Charlie: November, sending you 6
2024-10-15 05:37:34.993327 Golf: Tango and Juliett, sending you 3
2024-10-15 05:37:34.994315 Foxtrot: Golf and Juliett, sending you 2
2024-10-15 05:37:34.994660 Delta: Golf, sending you 4
2024-10-15 05:37:35.001890 Juliett: Foxtrot, sending you 2
2024-10-15 05:37:35.002360 Hotel: Juliett, sending you 1
2024-10-15 05:37:35.003385 Golf: Delta, sending you 4
2024-10-15 05:37:35.003901 Foxtrot: Delta, sending you 4
2024-10-15 05:37:35.048424 Juliett: Golf and Delta, sending you 4
chatterbot Juliett submitting transactions
chatterbot November submitting transactions
chatterbot Hotel submitting transactions
chatterbot Tango submitting transactions
chatterbot Victor submitting transactions
chatterbot Delta submitting transactions
chatterbot Foxtrot submitting transactions
chatterbot Lima submitting transactions
chatterbot Golf submitting transactions
chatterbot Charlie submitting transactions
ChatterBot Hotel round 5
ChatterBot Lima round 5
ChatterBot Charlie round 5
ChatterBot Tango round 5
ChatterBot Victor round 5
ChatterBot Foxtrot round 5
ChatterBot Golf round 5
ChatterBot Delta round 5
ChatterBot Juliett round 5
ChatterBot November round 5
2024-10-15 05:37:36.153191 Hotel: Tango, sending you 4
2024-10-15 05:37:36.154783 Charlie: Victor, sending you 7
2024-10-15 05:37:36.179309 Hotel: Foxtrot, sending you 2
2024-10-15 05:37:36.180487 Charlie: November, sending you 6
2024-10-15 05:37:36.180817 Victor: Same as last round
2024-10-15 05:37:36.181138 Golf: Hotel, Lima and Foxtrot, sending you 2
2024-10-15 05:37:36.182505 Tango: Hotel, Delta and Juliett, sending you 3
2024-10-15 05:37:36.183039 Lima: Same as last round
2024-10-15 05:37:36.184186 Juliett: Lima and Tango, sending you 3
2024-10-15 05:37:36.184793 Foxtrot: Hotel, sending you 3
2024-10-15 05:37:36.186076 Hotel: Golf, sending you 5
2024-10-15 05:37:36.186518 Golf: Tango and Juliett, sending you 3
2024-10-15 05:37:36.188166 Tango: Foxtrot and Golf, sending you 4
2024-10-15 05:37:36.196189 Juliett: Foxtrot, sending you 2
2024-10-15 05:37:36.197242 Foxtrot: Tango, sending you 5
2024-10-15 05:37:36.198769 Delta: Hotel, Foxtrot and Juliett, sending you 3
2024-10-15 05:37:36.200574 November: Charlie, sending you 4
2024-10-15 05:37:36.201091 Hotel: Delta, sending you 6
2024-10-15 05:37:36.202418 Golf: Delta, sending you 4
2024-10-15 05:37:36.203361 Juliett: Golf and Delta, sending you 4
2024-10-15 05:37:36.204931 Foxtrot: Golf and Juliett, sending you 2
2024-10-15 05:37:36.206202 Delta: Lima and Tango, sending you 2
2024-10-15 05:37:36.206816 November: Victor, sending you 3
2024-10-15 05:37:36.207284 Hotel: Juliett, sending you 1
2024-10-15 05:37:36.214196 Foxtrot: Delta, sending you 4
2024-10-15 05:37:36.215774 Delta: Golf, sending you 4
chatterbot Hotel submitting transactions
chatterbot Foxtrot submitting transactions
chatterbot Lima submitting transactions
chatterbot Tango submitting transactions
chatterbot Victor submitting transactions
chatterbot Charlie submitting transactions
chatterbot Juliett submitting transactions
chatterbot Delta submitting transactions
chatterbot Golf submitting transactions
chatterbot November submitting transactions
ChatterBot Hotel round 6
ChatterBot Lima round 6
ChatterBot Charlie round 6
ChatterBot Tango round 6
ChatterBot Victor round 6
ChatterBot Foxtrot round 6
ChatterBot Golf round 6
ChatterBot Delta round 6
ChatterBot Juliett round 6
ChatterBot November round 6
2024-10-15 05:37:37.444442 Lima: We should add Hotel
2024-10-15 05:37:37.463253 Tango: Yes
2024-10-15 05:37:37.463623 Foxtrot: Yes
2024-10-15 05:37:37.463919 Golf: Yes
2024-10-15 05:37:37.464167 Delta: Yes
2024-10-15 05:37:37.464355 Juliett: No
ChatterBot Juliett reevaluating
ChatterBot Juliett reevaluating
ChatterBot Juliett reevaluating
ChatterBot Juliett reevaluating
2024-10-15 05:37:37.594567 Lima: Hotel we want you to join our group
2024-10-15 05:37:37.600025 Hotel: No
ChatterBot Juliett reevaluating
2024-10-15 05:37:37.679199 Hotel: Tango and Golf, sending you 4
2024-10-15 05:37:37.712850 Charlie: Victor, sending you 7
2024-10-15 05:37:37.713449 Delta: Hotel, Foxtrot and Juliett, sending you 3
2024-10-15 05:37:37.715115 Tango: Hotel, Delta and Juliett, sending you 3
2024-10-15 05:37:37.715717 Hotel: Foxtrot, sending you 3
2024-10-15 05:37:37.717060 Lima: Tango, Foxtrot, Golf and Juliett, sending you 2
2024-10-15 05:37:37.718962 Victor: Charlie, sending you 9
2024-10-15 05:37:37.719370 Foxtrot: Hotel and Golf, sending you 3
2024-10-15 05:37:37.720782 November: Sending you each 3
2024-10-15 05:37:37.721133 Golf: Hotel, Lima and Foxtrot, sending you 2
2024-10-15 05:37:37.722572 Charlie: November, sending you 6
2024-10-15 05:37:37.723037 Tango: Foxtrot and Golf, sending you 4
2024-10-15 05:37:37.724225 Delta: Lima and Tango, sending you 2
2024-10-15 05:37:37.725241 Hotel: Delta, sending you 6
2024-10-15 05:37:37.726757 Lima: Delta, sending you 3
2024-10-15 05:37:37.728384 Victor: November, sending you 8
2024-10-15 05:37:37.728792 Foxtrot: Tango, sending you 5
2024-10-15 05:37:37.729972 Golf: Tango and Juliett, sending you 3
2024-10-15 05:37:37.730702 Juliett: Hotel, sending you 1
2024-10-15 05:37:37.732111 Delta: Golf, sending you 4
2024-10-15 05:37:37.732720 Hotel: Juliett, sending you 1
2024-10-15 05:37:37.733833 Foxtrot: Delta, sending you 4
2024-10-15 05:37:37.763638 Golf: Delta, sending you 4
2024-10-15 05:37:37.765204 Juliett: Tango and Delta, sending you 4
2024-10-15 05:37:37.765702 Foxtrot: Juliett, sending you 1
chatterbot Hotel submitting transactions
2024-10-15 05:37:37.803652 Juliett: Foxtrot, sending you 2
2024-10-15 05:37:37.828188 Juliett: Golf, sending you 5
chatterbot Golf submitting transactions
chatterbot Delta submitting transactions
chatterbot Lima submitting transactions
chatterbot Victor submitting transactions
chatterbot Juliett submitting transactions
chatterbot Tango submitting transactions
chatterbot Foxtrot submitting transactions
chatterbot November submitting transactions
chatterbot Charlie submitting transactions
ChatterBot Hotel round 7
ChatterBot Lima round 7
ChatterBot Charlie round 7
ChatterBot Tango round 7
ChatterBot Victor round 7
ChatterBot Foxtrot round 7
ChatterBot Golf round 7
ChatterBot Delta round 7
ChatterBot Juliett round 7
ChatterBot November round 7
2024-10-15 05:37:38.884098 Golf: Hotel, Lima and Foxtrot, sending you 2
2024-10-15 05:37:38.886103 Foxtrot: Hotel and Golf, sending you 3
2024-10-15 05:37:38.886991 Victor: Charlie, sending you 9
2024-10-15 05:37:38.887505 Lima: Delta, sending you 1
2024-10-15 05:37:38.890210 Golf: Tango and Juliett, sending you 3
2024-10-15 05:37:38.895476 Foxtrot: Tango, sending you 5
2024-10-15 05:37:38.896967 Victor: November, sending you 8
2024-10-15 05:37:38.897501 Juliett: Hotel, sending you 1
2024-10-15 05:37:38.898242 Charlie: Sending you each 6
2024-10-15 05:37:38.900235 Golf: Delta, sending you 4
2024-10-15 05:37:38.901527 Hotel: Tango and Golf, sending you 4
2024-10-15 05:37:38.905903 Foxtrot: Delta, sending you 4
2024-10-15 05:37:38.906665 Juliett: Tango and Delta, sending you 4
2024-10-15 05:37:38.909679 Delta: Hotel, Foxtrot and Juliett, sending you 3
2024-10-15 05:37:38.910752 Tango: Hotel, Delta and Juliett, sending you 3
2024-10-15 05:37:38.918085 Foxtrot: Juliett, sending you 1
2024-10-15 05:37:38.918916 Hotel: Foxtrot, sending you 3
2024-10-15 05:37:38.919719 Delta: Lima and Tango, sending you 2
2024-10-15 05:37:38.922782 Juliett: Foxtrot, sending you 2
2024-10-15 05:37:38.923717 Tango: Foxtrot and Golf, sending you 4
2024-10-15 05:37:38.930752 November: Same as last round
2024-10-15 05:37:38.931292 Hotel: Delta, sending you 6
2024-10-15 05:37:38.932164 Delta: Golf, sending you 4
2024-10-15 05:37:38.935249 Juliett: Golf, sending you 5
2024-10-15 05:37:39.325115 Hotel: Juliett, sending you 1
chatterbot Delta submitting transactions
chatterbot Tango submitting transactions
chatterbot Hotel submitting transactions
chatterbot Charlie submitting transactions
chatterbot Victor submitting transactions
chatterbot Foxtrot submitting transactions
chatterbot Juliett submitting transactions
chatterbot November submitting transactions
chatterbot Golf submitting transactions
chatterbot Lima submitting transactions
ChatterBot Hotel round 8
ChatterBot Lima round 8
ChatterBot Charlie round 8
ChatterBot Tango round 8
ChatterBot Victor round 8
ChatterBot Foxtrot round 8
ChatterBot Golf round 8
ChatterBot Delta round 8
ChatterBot Juliett round 8
ChatterBot November round 8
2024-10-15 05:37:40.336702 Tango: Hotel, Delta and Juliett, sending you 3
2024-10-15 05:37:40.340122 Delta: Hotel, Tango, Foxtrot and Juliett, sending you 3
2024-10-15 05:37:40.341970 Tango: Foxtrot and Golf, sending you 4
2024-10-15 05:37:40.342743 Foxtrot: Hotel and Golf, sending you 3
2024-10-15 05:37:40.343930 Juliett: Hotel, sending you 1
2024-10-15 05:37:40.344851 Lima: Delta, sending you 1
2024-10-15 05:37:40.346301 Delta: Lima, sending you 1
2024-10-15 05:37:40.347395 Charlie: Same as last round
2024-10-15 05:37:40.348508 Foxtrot: Tango, sending you 5
2024-10-15 05:37:40.349696 Juliett: Tango and Delta, sending you 4
2024-10-15 05:37:40.350907 Delta: Golf, sending you 4
2024-10-15 05:37:40.351558 Hotel: Tango, Foxtrot and Golf, sending you 4
2024-10-15 05:37:40.352713 Victor: Charlie, sending you 9
2024-10-15 05:37:40.352995 Golf: Hotel and Foxtrot, sending you 2
2024-10-15 05:37:40.353542 Foxtrot: Delta, sending you 4
2024-10-15 05:37:40.355697 Juliett: Foxtrot, sending you 2
2024-10-15 05:37:40.357121 Victor: November, sending you 8
2024-10-15 05:37:40.357364 Golf: Lima, sending you 1
2024-10-15 05:37:40.357840 Hotel: Delta, sending you 5
2024-10-15 05:37:40.358816 Foxtrot: Juliett, sending you 1
2024-10-15 05:37:40.359285 November: Same as last round
2024-10-15 05:37:40.359539 November: I was attacked by Lima
ChatterBot Charlie reevaluating
ChatterBot Victor reevaluating
2024-10-15 05:37:40.367117 November: Ow
2024-10-15 05:37:40.368058 Juliett: Golf, sending you 5
2024-10-15 05:37:40.368719 Golf: Tango and Juliett, sending you 3
2024-10-15 05:37:40.369962 Hotel: Juliett, sending you 1
2024-10-15 05:37:40.374711 Golf: Delta, sending you 5
chatterbot Charlie submitting transactions
chatterbot Delta submitting transactions
chatterbot Foxtrot submitting transactions
chatterbot Lima submitting transactions
chatterbot Hotel submitting transactions
chatterbot Golf submitting transactions
chatterbot November submitting transactions
chatterbot Victor submitting transactions
chatterbot Tango submitting transactions
chatterbot Juliett submitting transactions
ChatterBot Hotel round 9
ChatterBot Lima round 9
ChatterBot Charlie round 9
ChatterBot Tango round 9
ChatterBot Victor round 9
ChatterBot Foxtrot round 9
ChatterBot Golf round 9
ChatterBot Delta round 9
ChatterBot Juliett round 9
ChatterBot November round 9
2024-10-15 05:37:42.207940 Charlie: Same as last round
2024-10-15 05:37:42.210045 Hotel: Tango, Foxtrot and Golf, sending you 4
2024-10-15 05:37:42.210842 Delta: Hotel, Tango, Foxtrot and Juliett, sending you 3
2024-10-15 05:37:42.212236 Victor: Charlie, sending you 10
2024-10-15 05:37:42.214064 Hotel: Delta, sending you 5
2024-10-15 05:37:42.214971 Delta: Lima, sending you 1
2024-10-15 05:37:42.216645 Foxtrot: Hotel and Golf, sending you 3
2024-10-15 05:37:42.218587 Victor: November, sending you 8
2024-10-15 05:37:42.219111 Tango: Hotel, Golf, Delta and Juliett, sending you 3
2024-10-15 05:37:42.220489 Golf: Hotel and Foxtrot, sending you 2
2024-10-15 05:37:42.221272 Hotel: Juliett, sending you 1
2024-10-15 05:37:42.222569 Lima: Delta, sending you 1
2024-10-15 05:37:42.224218 Delta: Golf, sending you 4
2024-10-15 05:37:42.225069 Foxtrot: Tango, sending you 5
2024-10-15 05:37:42.226353 Tango: Foxtrot, sending you 5
2024-10-15 05:37:42.227089 Golf: Lima, sending you 1
2024-10-15 05:37:42.228889 November: Charlie, sending you 3
2024-10-15 05:37:42.230187 Juliett: Hotel, sending you 1
2024-10-15 05:37:42.232298 Foxtrot: Delta, sending you 4
2024-10-15 05:37:42.238356 Golf: Tango and Juliett, sending you 3
2024-10-15 05:37:42.241071 November: Victor, sending you 2
2024-10-15 05:37:42.242169 November: I was attacked by Lima
ChatterBot Charlie reevaluating
ChatterBot Victor reevaluating
2024-10-15 05:37:42.253575 November: Ow
2024-10-15 05:37:42.254424 Juliett: Tango and Delta, sending you 4
2024-10-15 05:37:42.257018 Foxtrot: Juliett, sending you 1
2024-10-15 05:37:42.257950 Golf: Delta, sending you 5
2024-10-15 05:37:43.024638 Juliett: Foxtrot, sending you 2
2024-10-15 05:37:43.034082 Juliett: Golf, sending you 5
chatterbot Charlie submitting transactions
chatterbot Tango submitting transactions
chatterbot Foxtrot submitting transactions
chatterbot November submitting transactions
chatterbot Delta submitting transactions
chatterbot Golf submitting transactions
chatterbot Hotel submitting transactions
chatterbot Juliett submitting transactions
chatterbot Lima submitting transactions
chatterbot Victor submitting transactions
ChatterBot Hotel round 10
ChatterBot Lima round 10
ChatterBot Charlie round 10
ChatterBot Tango round 10
ChatterBot Victor round 10
ChatterBot Foxtrot round 10
ChatterBot Golf round 10
ChatterBot Delta round 10
ChatterBot Juliett round 10
ChatterBot November round 10
2024-10-15 05:37:43.874492 November: We should add Lima
2024-10-15 05:37:43.878342 Charlie: No
2024-10-15 05:37:43.878482 Victor: No
ChatterBot November reevaluating
ChatterBot November reevaluating
2024-10-15 05:37:43.886343 Lima: We should drop Juliett
2024-10-15 05:37:43.895783 Hotel: No
2024-10-15 05:37:43.896405 Tango: No
2024-10-15 05:37:43.896542 Foxtrot: No
2024-10-15 05:37:43.896674 Golf: No
2024-10-15 05:37:43.896801 Delta: No
ChatterBot Lima reevaluating
ChatterBot Lima reevaluating
ChatterBot Lima reevaluating
ChatterBot Lima reevaluating
ChatterBot Lima reevaluating
2024-10-15 05:37:43.963704 Charlie: Same as last round
2024-10-15 05:37:43.964029 Foxtrot: Hotel and Golf, sending you 3
2024-10-15 05:37:43.964686 Tango: Hotel, Golf, Delta and Juliett, sending you 3
2024-10-15 05:37:43.965817 Hotel: Tango, Foxtrot and Golf, sending you 4
2024-10-15 05:37:43.968673 Foxtrot: Tango, sending you 5
2024-10-15 05:37:43.969466 Hotel: Delta, sending you 5
2024-10-15 05:37:43.970920 Tango: Foxtrot, sending you 5
2024-10-15 05:37:43.973103 Golf: Hotel and Foxtrot, sending you 2
2024-10-15 05:37:43.974206 Foxtrot: Delta, sending you 4
2024-10-15 05:37:43.975001 Hotel: Juliett, sending you 1
2024-10-15 05:37:43.976251 Lima: Delta, sending you 1
2024-10-15 05:37:43.977284 Victor: Charlie, sending you 10
2024-10-15 05:37:43.978310 Golf: Lima, sending you 1
2024-10-15 05:37:43.979279 Foxtrot: Juliett, sending you 1
2024-10-15 05:37:43.980978 Juliett: Hotel, sending you 1
2024-10-15 05:37:43.982011 Victor: November, sending you 8
2024-10-15 05:37:43.982697 Golf: Tango and Juliett, sending you 3
2024-10-15 05:37:43.984088 Delta: Hotel, Tango, Foxtrot and Juliett, sending you 3
2024-10-15 05:37:43.985676 Juliett: Tango and Delta, sending you 4
2024-10-15 05:37:43.987963 Golf: Delta, sending you 5
2024-10-15 05:37:43.988845 November: Charlie, sending you 3
2024-10-15 05:37:43.990405 Delta: Lima, sending you 1
2024-10-15 05:37:43.991375 Juliett: Foxtrot, sending you 2
2024-10-15 05:37:43.992153 November: Victor, sending you 2
2024-10-15 05:37:43.994677 Delta: Golf, sending you 4
2024-10-15 05:37:43.996194 Juliett: Golf, sending you 5
chatterbot Hotel submitting transactions
chatterbot Lima submitting transactions
chatterbot Juliett submitting transactions
chatterbot Foxtrot submitting transactions
chatterbot Golf submitting transactions
chatterbot Charlie submitting transactions
chatterbot November submitting transactions
chatterbot Victor submitting transactions
chatterbot Delta submitting transactions
chatterbot Tango submitting transactions
ChatterBot Hotel round 11
ChatterBot Lima round 11
ChatterBot Charlie round 11
ChatterBot Tango round 11
ChatterBot Victor round 11
ChatterBot Foxtrot round 11
ChatterBot Golf round 11
ChatterBot Delta round 11
ChatterBot Juliett round 11
ChatterBot November round 11
2024-10-15 05:37:44.986918 Juliett: We should replace Foxtrot with Lima
2024-10-15 05:37:45.003978 Hotel: No
2024-10-15 05:37:45.004196 Tango: No
2024-10-15 05:37:45.004368 Golf: No
2024-10-15 05:37:45.004560 Delta: No
ChatterBot Juliett reevaluating
ChatterBot Juliett reevaluating
ChatterBot Juliett reevaluating
ChatterBot Juliett reevaluating
2024-10-15 05:37:45.087718 November: We should add Hotel
2024-10-15 05:37:45.096815 Charlie: No
2024-10-15 05:37:45.097001 Victor: No
ChatterBot November reevaluating
ChatterBot November reevaluating
2024-10-15 05:37:45.116635 Lima: We should drop Hotel
ChatterBot Golf reevaluating
ChatterBot Juliett reevaluating
2024-10-15 05:37:45.142080 Tango: No
2024-10-15 05:37:45.142845 Foxtrot: No
2024-10-15 05:37:45.143043 Golf: No
2024-10-15 05:37:45.143234 Delta: No
2024-10-15 05:37:45.143430 Juliett: No
ChatterBot Lima reevaluating
ChatterBot Golf reevaluating
ChatterBot Juliett reevaluating
ChatterBot Lima reevaluating
ChatterBot Golf reevaluating
ChatterBot Juliett reevaluating
ChatterBot Lima reevaluating
ChatterBot Delta reevaluating
ChatterBot Juliett reevaluating
ChatterBot Lima reevaluating
ChatterBot Golf reevaluating
ChatterBot Juliett reevaluating
ChatterBot Lima reevaluating
ChatterBot Golf reevaluating
ChatterBot Delta reevaluating
2024-10-15 05:37:45.274320 Charlie: I was attacked by Lima
ChatterBot Victor reevaluating
ChatterBot November reevaluating
2024-10-15 05:37:45.285928 Charlie: I'm keeping this round to protect myself
2024-10-15 05:37:45.286771 Charlie: Ow
2024-10-15 05:37:45.356691 Hotel: Tango, Foxtrot and Golf, sending you 4
2024-10-15 05:37:45.406154 Tango: Hotel, Golf, Delta and Juliett, sending you 3
2024-10-15 05:37:45.408263 Golf: Hotel and Tango, sending you 3
2024-10-15 05:37:45.410089 Hotel: Delta, sending you 5
2024-10-15 05:37:45.411471 Foxtrot: Hotel and Golf, sending you 3
2024-10-15 05:37:45.412970 Delta: Hotel, Tango, Foxtrot and Juliett, sending you 3
2024-10-15 05:37:45.414290 Lima: Delta, sending you 1
2024-10-15 05:37:45.417634 Tango: Foxtrot, sending you 5
2024-10-15 05:37:45.419773 Golf: Foxtrot, sending you 2
2024-10-15 05:37:45.421297 Hotel: Juliett, sending you 1
2024-10-15 05:37:45.422530 Foxtrot: Tango, sending you 5
2024-10-15 05:37:45.423051 Delta: Lima, sending you 1
2024-10-15 05:37:45.424528 November: Charlie, sending you 3
2024-10-15 05:37:45.424936 Juliett: Hotel, sending you 1
2024-10-15 05:37:45.426244 Victor: Charlie, sending you 10
2024-10-15 05:37:45.426628 Golf: Delta and Juliett, sending you 4
2024-10-15 05:37:45.427942 Foxtrot: Delta, sending you 4
2024-10-15 05:37:45.428589 Delta: Golf, sending you 4
2024-10-15 05:37:45.429870 November: Victor, sending you 2
2024-10-15 05:37:45.430148 Juliett: Tango and Golf, sending you 4
2024-10-15 05:37:45.431360 Victor: November, sending you 8
2024-10-15 05:37:45.466877 Foxtrot: Juliett, sending you 1
2024-10-15 05:37:45.468476 Juliett: Foxtrot, sending you 2
2024-10-15 05:37:45.507961 Juliett: Delta, sending you 5
chatterbot Hotel submitting transactions
chatterbot Golf submitting transactions
chatterbot Tango submitting transactions
chatterbot Foxtrot submitting transactions
chatterbot Charlie submitting transactions
chatterbot Delta submitting transactions
chatterbot Lima submitting transactions
chatterbot Victor submitting transactions
chatterbot Juliett submitting transactions
chatterbot November submitting transactions
ChatterBot Hotel round 12
ChatterBot Lima round 12
ChatterBot Charlie round 12
ChatterBot Tango round 12
ChatterBot Victor round 12
ChatterBot Foxtrot round 12
ChatterBot Golf round 12
ChatterBot Delta round 12
ChatterBot Juliett round 12
ChatterBot November round 12
2024-10-15 05:37:46.226258 Charlie: I was attacked by Lima
ChatterBot Victor reevaluating
ChatterBot November reevaluating
2024-10-15 05:37:46.234717 Charlie: I'm keeping this round to protect myself
2024-10-15 05:37:46.235395 Charlie: Ow
2024-10-15 05:37:46.236891 Lima: Delta, sending you 1
2024-10-15 05:37:46.240259 Hotel: Tango, Foxtrot and Golf, sending you 4
2024-10-15 05:37:46.246691 Tango: Hotel, Golf, Delta and Juliett, sending you 3
2024-10-15 05:37:46.250332 Foxtrot: Hotel and Golf, sending you 3
2024-10-15 05:37:46.252432 Delta: Hotel, Tango, Foxtrot and Juliett, sending you 3
2024-10-15 05:37:46.255361 Hotel: Delta, sending you 5
2024-10-15 05:37:46.257083 Juliett: Hotel, sending you 1
2024-10-15 05:37:46.258172 Golf: Hotel, Tango, Foxtrot and Juliett, sending you 3
2024-10-15 05:37:46.259947 Tango: Foxtrot, sending you 5
2024-10-15 05:37:46.261731 Foxtrot: Tango, sending you 5
2024-10-15 05:37:46.263248 Delta: Lima, sending you 1
2024-10-15 05:37:46.264545 Hotel: Juliett, sending you 1
2024-10-15 05:37:46.266348 Juliett: Tango and Delta, sending you 4
2024-10-15 05:37:46.267806 Golf: Delta, sending you 4
2024-10-15 05:37:46.268824 November: Charlie, sending you 3
2024-10-15 05:37:46.270018 Foxtrot: Delta, sending you 4
2024-10-15 05:37:46.271796 Delta: Golf, sending you 4
2024-10-15 05:37:46.273122 Juliett: Foxtrot, sending you 2
2024-10-15 05:37:46.276542 November: Victor, sending you 2
2024-10-15 05:37:46.277312 Foxtrot: Juliett, sending you 1
2024-10-15 05:37:46.280663 Juliett: Golf, sending you 5
chatterbot Hotel submitting transactions
chatterbot Victor submitting transactions
chatterbot November submitting transactions
chatterbot Lima submitting transactions
chatterbot Tango submitting transactions
chatterbot Golf submitting transactions
chatterbot Delta submitting transactions
chatterbot Juliett submitting transactions
chatterbot Charlie submitting transactions
chatterbot Foxtrot submitting transactions
ChatterBot Hotel round 13
ChatterBot Lima round 13
ChatterBot Charlie round 13
ChatterBot Tango round 13
ChatterBot Victor round 13
ChatterBot Foxtrot round 13
ChatterBot Golf round 13
ChatterBot Delta round 13
ChatterBot Juliett round 13
ChatterBot November round 13
2024-10-15 05:37:47.397492 November: We should add Foxtrot
ChatterBot Victor reevaluating
2024-10-15 05:37:47.405339 Charlie: No
2024-10-15 05:37:47.405541 Victor: No
ChatterBot Victor reevaluating
ChatterBot November reevaluating
ChatterBot November reevaluating
2024-10-15 05:37:47.697576 Foxtrot: Hotel and Golf, sending you 3
2024-10-15 05:37:47.699728 Hotel: Tango, Foxtrot and Golf, sending you 4
2024-10-15 05:37:47.701456 Golf: Hotel, Tango, Foxtrot and Juliett, sending you 3
2024-10-15 05:37:47.703449 Lima: Delta, sending you 1
2024-10-15 05:37:47.705519 Delta: Hotel, Tango, Foxtrot and Juliett, sending you 3
2024-10-15 05:37:47.708565 Tango: Foxtrot and Golf, sending you 1
2024-10-15 05:37:47.709536 Juliett: Hotel, sending you 1
2024-10-15 05:37:47.711313 Foxtrot: Tango, sending you 5
2024-10-15 05:37:47.713201 Hotel: Delta, sending you 5
2024-10-15 05:37:47.714848 Golf: Delta, sending you 4
2024-10-15 05:37:47.716180 Delta: Lima, sending you 1
2024-10-15 05:37:47.717244 Juliett: Tango and Delta, sending you 4
2024-10-15 05:37:47.719164 November: Charlie, sending you 4
2024-10-15 05:37:47.719595 Foxtrot: Delta, sending you 4
2024-10-15 05:37:47.721290 Hotel: Juliett, sending you 1
2024-10-15 05:37:47.831194 Delta: Golf, sending you 4
2024-10-15 05:37:47.833578 Juliett: Foxtrot, sending you 2
2024-10-15 05:37:47.836767 November: Victor, sending you 2
chatterbot Delta submitting transactions
2024-10-15 05:37:47.838516 Foxtrot: Juliett, sending you 1
chatterbot Charlie submitting transactions
2024-10-15 05:37:47.842087 Juliett: Golf, sending you 5
chatterbot Juliett submitting transactions
chatterbot November submitting transactions
chatterbot Tango submitting transactions
chatterbot Golf submitting transactions
chatterbot Victor submitting transactions
chatterbot Hotel submitting transactions
chatterbot Lima submitting transactions
chatterbot Foxtrot submitting transactions
ChatterBot Hotel round 14
ChatterBot Lima round 14
ChatterBot Charlie round 14
ChatterBot Tango round 14
ChatterBot Victor round 14
ChatterBot Foxtrot round 14
ChatterBot Golf round 14
ChatterBot Delta round 14
2024-10-15 05:37:48.647708 Charlie: We should replace Victor with Foxtrot
ChatterBot November reevaluating
2024-10-15 05:37:48.651986 November: Yes
ChatterBot Charlie reevaluating
ChatterBot Juliett round 14
ChatterBot November round 14
2024-10-15 05:37:48.679406 Charlie: We should replace Victor with Lima
ChatterBot November reevaluating
2024-10-15 05:37:48.683237 November: No
ChatterBot Charlie reevaluating
2024-10-15 05:37:48.691829 Lima: We should drop Tango
2024-10-15 05:37:48.713226 Hotel: No
2024-10-15 05:37:48.713412 Foxtrot: No
2024-10-15 05:37:48.713564 Golf: No
2024-10-15 05:37:48.713732 Delta: No
2024-10-15 05:37:48.713869 Juliett: No
ChatterBot Lima reevaluating
ChatterBot Lima reevaluating
ChatterBot Lima reevaluating
ChatterBot Lima reevaluating
ChatterBot Lima reevaluating
2024-10-15 05:37:48.792247 Charlie: We should replace Victor with Hotel
ChatterBot November reevaluating
2024-10-15 05:37:48.796068 November: Yes
ChatterBot Charlie reevaluating
2024-10-15 05:37:48.801667 Hotel: Tango, sending you 3
2024-10-15 05:37:48.802852 Foxtrot: Hotel and Golf, sending you 3
2024-10-15 05:37:48.804214 Juliett: Hotel, sending you 1
2024-10-15 05:37:48.805407 Delta: Hotel and Juliett, sending you 3
2024-10-15 05:37:48.806931 Hotel: Foxtrot and Golf, sending you 4
2024-10-15 05:37:48.807898 Foxtrot: Tango and Delta, sending you 4
2024-10-15 05:37:48.808860 Juliett: Tango, sending you 3
2024-10-15 05:37:48.810755 Delta: Tango, sending you 2
2024-10-15 05:37:48.811558 Tango: Hotel, Golf, Delta and Juliett, sending you 3
2024-10-15 05:37:48.813071 Charlie: Foxtrot we want you to join our group
2024-10-15 05:37:48.816635 Foxtrot: No
ChatterBot Charlie reevaluating
ChatterBot November reevaluating
2024-10-15 05:37:48.824383 Foxtrot: Juliett, sending you 2
2024-10-15 05:37:48.825538 Golf: Hotel and Tango, sending you 3
2024-10-15 05:37:48.826176 Hotel: Delta, sending you 5
2024-10-15 05:37:48.826781 Delta: Foxtrot, sending you 4
2024-10-15 05:37:48.827994 Juliett: Foxtrot, sending you 2
2024-10-15 05:37:48.828817 Tango: Foxtrot, sending you 5
2024-10-15 05:37:48.829822 Lima: Tango and Foxtrot, sending you 1
2024-10-15 05:37:48.831056 Golf: Foxtrot, sending you 2
2024-10-15 05:37:48.832060 Delta: Golf, sending you 5
2024-10-15 05:37:48.833609 Hotel: Juliett, sending you 2
2024-10-15 05:37:48.835203 Charlie: Lima we want you to join our group
ChatterBot Lima reevaluating
2024-10-15 05:37:48.840575 Lima: No
ChatterBot Charlie reevaluating
ChatterBot November reevaluating
2024-10-15 05:37:48.853135 Juliett: Golf and Delta, sending you 5
2024-10-15 05:37:48.854252 Golf: Delta and Juliett, sending you 4
2024-10-15 05:37:48.858386 Lima: We should drop Foxtrot
2024-10-15 05:37:48.876417 Hotel: No
2024-10-15 05:37:48.876619 Tango: No
2024-10-15 05:37:48.876879 Golf: No
2024-10-15 05:37:48.877097 Delta: No
2024-10-15 05:37:48.877304 Juliett: No
