ChatterBot Hotel round 1
ChatterBot Uniform round 1
ChatterBot Delta round 1
ChatterBot Oscar round 1
ChatterBot Yankee round 1
ChatterBot Golf round 1
ChatterBot Kilo round 1
ChatterBot India round 1
ChatterBot Bravo round 1
ChatterBot Charlie round 1
randomSelections Delta: {Delta, Bravo, Oscar, Kilo, Hotel, Charlie, Yankee, India} 
2024-10-15 05:37:29.369817 Delta: Can we be friends?
ChatterBot Bravo reevaluating
ChatterBot Oscar reevaluating
ChatterBot Kilo reevaluating
ChatterBot Hotel reevaluating
ChatterBot Charlie reevaluating
ChatterBot Yankee reevaluating
ChatterBot India reevaluating
2024-10-15 05:37:29.386790 Bravo: Yes
2024-10-15 05:37:29.387897 Oscar: Yes
2024-10-15 05:37:29.388453 Kilo: Yes
2024-10-15 05:37:29.389183 Hotel: Yes
2024-10-15 05:37:29.389331 Charlie: Yes
2024-10-15 05:37:29.390584 Yankee: Yes
2024-10-15 05:37:29.390804 India: Yes
ChatterBot Oscar reevaluating
ChatterBot Kilo reevaluating
ChatterBot Hotel reevaluating
ChatterBot Charlie reevaluating
ChatterBot Yankee reevaluating
ChatterBot India reevaluating
ChatterBot Bravo reevaluating
ChatterBot Kilo reevaluating
ChatterBot Hotel reevaluating
ChatterBot Charlie reevaluating
ChatterBot Yankee reevaluating
ChatterBot India reevaluating
ChatterBot Bravo reevaluating
ChatterBot Oscar reevaluating
ChatterBot Hotel reevaluating
ChatterBot Charlie reevaluating
ChatterBot Yankee reevaluating
ChatterBot India reevaluating
ChatterBot Bravo reevaluating
ChatterBot Oscar reevaluating
ChatterBot Kilo reevaluating
ChatterBot Charlie reevaluating
ChatterBot Yankee reevaluating
ChatterBot India reevaluating
ChatterBot Bravo reevaluating
ChatterBot Oscar reevaluating
ChatterBot Kilo reevaluating
ChatterBot Hotel reevaluating
ChatterBot Yankee reevaluating
ChatterBot India reevaluating
ChatterBot Bravo reevaluating
ChatterBot Oscar reevaluating
ChatterBot Kilo reevaluating
ChatterBot Hotel reevaluating
ChatterBot Charlie reevaluating
ChatterBot India reevaluating
ChatterBot Bravo reevaluating
ChatterBot Oscar reevaluating
ChatterBot Kilo reevaluating
ChatterBot Hotel reevaluating
ChatterBot Charlie reevaluating
ChatterBot Yankee reevaluating
randomSelections Golf: {Golf, Oscar, Yankee, India, Uniform, Hotel, Kilo, Delta} 
2024-10-15 05:37:29.474436 Golf: Friends?
ChatterBot Oscar reevaluating
ChatterBot Yankee reevaluating
ChatterBot India reevaluating
ChatterBot Uniform reevaluating
ChatterBot Hotel reevaluating
ChatterBot Kilo reevaluating
2024-10-15 05:37:29.488842 Oscar: No
2024-10-15 05:37:29.489039 Yankee: No
2024-10-15 05:37:29.489652 India: No
2024-10-15 05:37:29.489805 Uniform: Yes
2024-10-15 05:37:29.489944 Hotel: No
2024-10-15 05:37:29.490084 Kilo: No
2024-10-15 05:37:29.490219 Delta: No
ChatterBot Yankee reevaluating
ChatterBot India reevaluating
ChatterBot Uniform reevaluating
ChatterBot Hotel reevaluating
ChatterBot Kilo reevaluating
ChatterBot Oscar reevaluating
ChatterBot India reevaluating
ChatterBot Uniform reevaluating
ChatterBot Hotel reevaluating
ChatterBot Kilo reevaluating
ChatterBot Oscar reevaluating
ChatterBot Yankee reevaluating
ChatterBot Uniform reevaluating
ChatterBot Hotel reevaluating
ChatterBot Kilo reevaluating
ChatterBot Oscar reevaluating
ChatterBot Yankee reevaluating
ChatterBot India reevaluating
ChatterBot Hotel reevaluating
ChatterBot Kilo reevaluating
ChatterBot Oscar reevaluating
ChatterBot Yankee reevaluating
ChatterBot India reevaluating
ChatterBot Uniform reevaluating
ChatterBot Kilo reevaluating
ChatterBot Oscar reevaluating
ChatterBot Yankee reevaluating
ChatterBot India reevaluating
ChatterBot Uniform reevaluating
ChatterBot Hotel reevaluating
ChatterBot Oscar reevaluating
ChatterBot Yankee reevaluating
ChatterBot India reevaluating
ChatterBot Uniform reevaluating
ChatterBot Hotel reevaluating
ChatterBot Kilo reevaluating
2024-10-15 05:37:29.634663 Hotel: Delta, Kilo and Charlie, sending you 2
2024-10-15 05:37:29.635688 Delta: Hotel, sending you 5
2024-10-15 05:37:29.639942 Delta: Oscar, sending you 1
2024-10-15 05:37:29.640322 Hotel: Oscar and Yankee, sending you 3
2024-10-15 05:37:29.642701 Bravo: Yankee, sending you 1
2024-10-15 05:37:29.643073 Charlie: Hotel and India, sending you 2
2024-10-15 05:37:29.643366 Uniform: Delta, Oscar and India, sending you 2
2024-10-15 05:37:29.643654 Delta: Yankee and Bravo, sending you 3
2024-10-15 05:37:29.644689 Hotel: India, sending you 4
2024-10-15 05:37:29.645099 Kilo: Hotel, sending you 3
2024-10-15 05:37:29.645674 Oscar: Hotel, Yankee, Bravo and Charlie, sending you 2
2024-10-15 05:37:29.646060 Golf: Hotel and Delta, sending you 4
2024-10-15 05:37:29.646695 India: Hotel, Yankee, Kilo and Charlie, sending you 2
2024-10-15 05:37:29.647087 Uniform: Kilo, sending you 3
2024-10-15 05:37:29.647656 Yankee: Hotel, sending you 3
2024-10-15 05:37:29.648006 Charlie: Delta, sending you 3
2024-10-15 05:37:29.648308 Delta: Kilo, India and Charlie, sending you 2
2024-10-15 05:37:29.649668 Kilo: Oscar, sending you 2
2024-10-15 05:37:29.650685 Oscar: Delta, Kilo and India, sending you 1
2024-10-15 05:37:29.651084 Golf: Uniform, Oscar and Yankee, sending you 3
2024-10-15 05:37:29.651677 Charlie: Oscar and Kilo, sending you 1
2024-10-15 05:37:29.652660 Yankee: Delta and India, sending you 2
2024-10-15 05:37:29.653086 Kilo: Yankee and India, sending you 4
2024-10-15 05:37:29.655657 Golf: Kilo, sending you 1
2024-10-15 05:37:29.655978 Yankee: Oscar and Bravo, sending you 1
2024-10-15 05:37:29.656333 Kilo: Bravo, sending you 5
2024-10-15 05:37:29.660697 Yankee: Kilo, sending you 4
2024-10-15 05:37:29.665681 Yankee: Charlie, sending you 5
chatterbot Golf submitting transactions
chatterbot Oscar submitting transactions
chatterbot Kilo submitting transactions
chatterbot India submitting transactions
chatterbot Hotel submitting transactions
chatterbot Bravo submitting transactions
chatterbot Delta submitting transactions
chatterbot Uniform submitting transactions
chatterbot Yankee submitting transactions
chatterbot Charlie submitting transactions
ChatterBot Hotel round 2
ChatterBot Uniform round 2
ChatterBot Delta round 2
ChatterBot Oscar round 2
ChatterBot Yankee round 2
ChatterBot Golf round 2
ChatterBot Kilo round 2
ChatterBot India round 2
ChatterBot Bravo round 2
ChatterBot Charlie round 2
2024-10-15 05:37:32.158841 Delta: We should replace Bravo with Golf
ChatterBot Hotel reevaluating
ChatterBot Oscar reevaluating
ChatterBot Yankee reevaluating
ChatterBot Kilo reevaluating
ChatterBot India reevaluating
ChatterBot Charlie reevaluating
2024-10-15 05:37:32.187544 Hotel: No
2024-10-15 05:37:32.188324 Oscar: Yes
2024-10-15 05:37:32.188438 Yankee: Yes
2024-10-15 05:37:32.188542 Kilo: No
2024-10-15 05:37:32.188651 India: Yes
2024-10-15 05:37:32.188756 Charlie: No
ChatterBot Oscar reevaluating
ChatterBot Yankee reevaluating
ChatterBot Kilo reevaluating
ChatterBot India reevaluating
ChatterBot Charlie reevaluating
ChatterBot Hotel reevaluating
ChatterBot Yankee reevaluating
ChatterBot Kilo reevaluating
ChatterBot India reevaluating
ChatterBot Charlie reevaluating
ChatterBot Hotel reevaluating
ChatterBot Oscar reevaluating
ChatterBot Kilo reevaluating
ChatterBot India reevaluating
ChatterBot Charlie reevaluating
ChatterBot Hotel reevaluating
ChatterBot Oscar reevaluating
ChatterBot Yankee reevaluating
ChatterBot India reevaluating
ChatterBot Charlie reevaluating
ChatterBot Hotel reevaluating
ChatterBot Oscar reevaluating
ChatterBot Yankee reevaluating
ChatterBot Kilo reevaluating
ChatterBot Charlie reevaluating
ChatterBot Hotel reevaluating
ChatterBot Oscar reevaluating
ChatterBot Yankee reevaluating
ChatterBot Kilo reevaluating
ChatterBot India reevaluating
2024-10-15 05:37:32.366475 Uniform: Can we be friends?
ChatterBot Golf reevaluating
2024-10-15 05:37:32.371477 Golf: Yes
2024-10-15 05:37:32.383996 Bravo: We should add Golf
ChatterBot Oscar reevaluating
ChatterBot Kilo reevaluating
ChatterBot Hotel reevaluating
ChatterBot Charlie reevaluating
ChatterBot Yankee reevaluating
ChatterBot India reevaluating
2024-10-15 05:37:32.412772 Delta: Yes
2024-10-15 05:37:32.412931 Oscar: Yes
2024-10-15 05:37:32.413679 Kilo: No
2024-10-15 05:37:32.413796 Hotel: No
2024-10-15 05:37:32.413909 Charlie: No
2024-10-15 05:37:32.414010 Yankee: Yes
2024-10-15 05:37:32.414136 India: Yes
ChatterBot Oscar reevaluating
ChatterBot Kilo reevaluating
ChatterBot Hotel reevaluating
ChatterBot Charlie reevaluating
ChatterBot Yankee reevaluating
ChatterBot India reevaluating
ChatterBot Kilo reevaluating
ChatterBot Hotel reevaluating
ChatterBot Charlie reevaluating
ChatterBot Yankee reevaluating
ChatterBot India reevaluating
ChatterBot Oscar reevaluating
ChatterBot Hotel reevaluating
ChatterBot Charlie reevaluating
ChatterBot Yankee reevaluating
ChatterBot India reevaluating
ChatterBot Oscar reevaluating
ChatterBot Kilo reevaluating
ChatterBot Charlie reevaluating
ChatterBot Yankee reevaluating
ChatterBot India reevaluating
ChatterBot Oscar reevaluating
ChatterBot Kilo reevaluating
ChatterBot Hotel reevaluating
ChatterBot Yankee reevaluating
ChatterBot India reevaluating
ChatterBot Oscar reevaluating
ChatterBot Kilo reevaluating
ChatterBot Hotel reevaluating
ChatterBot Charlie reevaluating
ChatterBot India reevaluating
ChatterBot Oscar reevaluating
ChatterBot Kilo reevaluating
ChatterBot Hotel reevaluating
ChatterBot Charlie reevaluating
ChatterBot Yankee reevaluating
2024-10-15 05:37:32.640282 Delta: Golf we want you to join our group
ChatterBot Golf reevaluating
2024-10-15 05:37:32.644666 Golf: No
ChatterBot Hotel reevaluating
ChatterBot Oscar reevaluating
ChatterBot Yankee reevaluating
ChatterBot Kilo reevaluating
ChatterBot India reevaluating
ChatterBot Charlie reevaluating
2024-10-15 05:37:32.677564 Bravo: Golf we want you to join our group
ChatterBot Golf reevaluating
2024-10-15 05:37:32.681874 Golf: No
ChatterBot Hotel reevaluating
ChatterBot Yankee reevaluating
ChatterBot India reevaluating
2024-10-15 05:37:32.713941 Golf: We should group up
2024-10-15 05:37:32.717789 Bravo: Yes
ChatterBot Golf reevaluating
2024-10-15 05:37:32.724078 Kilo: We should drop Bravo
ChatterBot Yankee reevaluating
ChatterBot India reevaluating
2024-10-15 05:37:32.746653 Delta: Yes
2024-10-15 05:37:32.746860 Hotel: Yes
2024-10-15 05:37:32.747007 Oscar: Yes
2024-10-15 05:37:32.747742 Yankee: Yes
2024-10-15 05:37:32.747954 India: Yes
2024-10-15 05:37:32.748080 Charlie: Yes
ChatterBot Yankee reevaluating
ChatterBot India reevaluating
ChatterBot Yankee reevaluating
ChatterBot India reevaluating
ChatterBot Yankee reevaluating
ChatterBot India reevaluating
ChatterBot India reevaluating
ChatterBot Yankee reevaluating
ChatterBot Yankee reevaluating
ChatterBot India reevaluating
2024-10-15 05:37:32.940958 Yankee: Golf we want you to join our group
ChatterBot Golf reevaluating
2024-10-15 05:37:32.948830 Golf: No
2024-10-15 05:37:33.041585 Uniform: Sending you 3
2024-10-15 05:37:33.042077 Delta: Hotel, Yankee, Golf and Charlie, sending you 3
2024-10-15 05:37:33.044582 Oscar: Hotel, sending you 3
2024-10-15 05:37:33.045108 India: Golf we want you to join our group
ChatterBot Golf reevaluating
2024-10-15 05:37:33.086737 Golf: No
chatterbot Bravo submitting transactions
2024-10-15 05:37:33.195218 Oscar: Uniform, Delta, Yankee, Golf and Kilo, sending you 2
2024-10-15 05:37:33.196115 Delta: Oscar, Kilo and India, sending you 2
chatterbot Delta submitting transactions
2024-10-15 05:37:33.197789 Kilo: Hotel, Delta and India, sending you 3
2024-10-15 05:37:33.199098 Bravo: Delta, sending you 2
2024-10-15 05:37:33.211872 Charlie: Sending you each 3
2024-10-15 05:37:33.213252 Oscar: Charlie, sending you 1
2024-10-15 05:37:33.214748 Kilo: Oscar and Charlie, sending you 2
2024-10-15 05:37:33.215571 Bravo: Oscar and Yankee, sending you 1
chatterbot Kilo submitting transactions
2024-10-15 05:37:33.227002 India: Hotel, sending you 4
2024-10-15 05:37:33.228295 Kilo: Yankee, sending you 5
2024-10-15 05:37:33.228877 Yankee: Hotel, Delta and Golf, sending you 3
2024-10-15 05:37:33.229348 Bravo: Kilo, sending you 4
2024-10-15 05:37:33.230601 Hotel: Delta, sending you 4
2024-10-15 05:37:33.231875 India: Delta, Oscar, Yankee and Charlie, sending you 2
2024-10-15 05:37:33.243811 Yankee: Oscar and India, sending you 2
2024-10-15 05:37:33.245095 Hotel: Oscar, India and Charlie, sending you 2
2024-10-15 05:37:33.245678 India: Golf, sending you 1
2024-10-15 05:37:33.246823 Golf: Sending you 5
2024-10-15 05:37:33.261745 Yankee: Kilo, sending you 5
2024-10-15 05:37:33.262981 India: Kilo, sending you 3
2024-10-15 05:37:33.263602 Hotel: Yankee and Kilo, sending you 3
chatterbot Yankee submitting transactions
chatterbot Uniform submitting transactions
chatterbot Golf submitting transactions
chatterbot Oscar submitting transactions
chatterbot Hotel submitting transactions
chatterbot Charlie submitting transactions
chatterbot India submitting transactions
ChatterBot Hotel round 3
ChatterBot Uniform round 3
ChatterBot Delta round 3
ChatterBot Oscar round 3
ChatterBot Yankee round 3
ChatterBot Golf round 3
ChatterBot Kilo round 3
ChatterBot India round 3
ChatterBot Bravo round 3
ChatterBot Charlie round 3
2024-10-15 05:37:34.017053 Uniform: We should add Oscar
ChatterBot Golf reevaluating
2024-10-15 05:37:34.021496 Golf: No
ChatterBot Uniform reevaluating
2024-10-15 05:37:34.062066 Uniform: We should add Yankee
ChatterBot Golf reevaluating
2024-10-15 05:37:34.066828 Golf: No
ChatterBot Uniform reevaluating
2024-10-15 05:37:34.071900 Oscar: We should drop Golf and Uniform
2024-10-15 05:37:34.094273 Delta: No
2024-10-15 05:37:34.094565 Hotel: Yes
2024-10-15 05:37:34.094760 Yankee: Yes
2024-10-15 05:37:34.094995 Kilo: Yes
2024-10-15 05:37:34.095203 India: Yes
2024-10-15 05:37:34.095509 Charlie: Yes
ChatterBot Oscar reevaluating
ChatterBot Oscar reevaluating
ChatterBot Delta reevaluating
ChatterBot Oscar reevaluating
ChatterBot Delta reevaluating
ChatterBot Oscar reevaluating
ChatterBot Delta reevaluating
ChatterBot Oscar reevaluating
ChatterBot Delta reevaluating
ChatterBot Oscar reevaluating
2024-10-15 05:37:34.324661 India: We should drop Golf
ChatterBot Delta reevaluating
ChatterBot Oscar reevaluating
2024-10-15 05:37:34.484567 Delta: Yes
2024-10-15 05:37:34.485393 Hotel: Yes
2024-10-15 05:37:34.485664 Oscar: Yes
2024-10-15 05:37:34.485897 Yankee: Yes
2024-10-15 05:37:34.486359 Kilo: Yes
2024-10-15 05:37:34.487304 Charlie: Yes
ChatterBot Oscar reevaluating
ChatterBot Delta reevaluating
ChatterBot Oscar reevaluating
ChatterBot Delta reevaluating
ChatterBot Delta reevaluating
ChatterBot Oscar reevaluating
ChatterBot Delta reevaluating
ChatterBot Oscar reevaluating
ChatterBot Delta reevaluating
ChatterBot Oscar reevaluating
2024-10-15 05:37:34.676666 Charlie: We should drop Oscar
ChatterBot Delta reevaluating
2024-10-15 05:37:34.699149 Hotel: No
2024-10-15 05:37:34.699605 Delta: No
2024-10-15 05:37:34.700482 Yankee: No
2024-10-15 05:37:34.700921 Kilo: Yes
2024-10-15 05:37:34.701240 India: No
ChatterBot Delta reevaluating
ChatterBot Delta reevaluating
ChatterBot Delta reevaluating
ChatterBot Delta reevaluating
2024-10-15 05:37:34.837539 Bravo: We should drop Golf
ChatterBot Delta reevaluating
ChatterBot Oscar reevaluating
2024-10-15 05:37:34.892266 Delta: Yes
2024-10-15 05:37:34.892966 Oscar: Yes
2024-10-15 05:37:34.893121 Kilo: Yes
2024-10-15 05:37:34.893258 Hotel: Yes
2024-10-15 05:37:34.893398 Charlie: Yes
2024-10-15 05:37:34.893546 Yankee: Yes
2024-10-15 05:37:34.893737 India: Yes
ChatterBot Oscar reevaluating
ChatterBot Delta reevaluating
ChatterBot Bravo reevaluating
ChatterBot Delta reevaluating
ChatterBot Bravo reevaluating
ChatterBot Oscar reevaluating
ChatterBot Delta reevaluating
ChatterBot Bravo reevaluating
ChatterBot Oscar reevaluating
ChatterBot Delta reevaluating
ChatterBot Bravo reevaluating
ChatterBot Oscar reevaluating
ChatterBot Delta reevaluating
ChatterBot Bravo reevaluating
ChatterBot Oscar reevaluating
ChatterBot Delta reevaluating
ChatterBot Bravo reevaluating
ChatterBot Oscar reevaluating
2024-10-15 05:37:35.224098 Uniform: We should add India
ChatterBot Golf reevaluating
2024-10-15 05:37:35.231743 Golf: No
ChatterBot Uniform reevaluating
2024-10-15 05:37:35.241573 Uniform: We should add Delta
ChatterBot Golf reevaluating
2024-10-15 05:37:35.248422 Golf: Yes
ChatterBot Uniform reevaluating
2024-10-15 05:37:35.256884 Hotel: Delta, Yankee, Kilo and India, sending you 3
2024-10-15 05:37:35.301586 Hotel: Oscar and Charlie, sending you 2
2024-10-15 05:37:35.302159 Kilo: Hotel, Delta and Charlie, sending you 3
2024-10-15 05:37:35.302990 Yankee: Hotel and Delta, sending you 3
2024-10-15 05:37:35.303432 Charlie: Hotel, Yankee and India, sending you 4
2024-10-15 05:37:35.303853 Uniform: Delta we want you to join our group
2024-10-15 05:37:35.308070 Delta: No
ChatterBot Uniform reevaluating
ChatterBot Golf reevaluating
2024-10-15 05:37:35.317893 India: Hotel and Kilo, sending you 4
2024-10-15 05:37:35.318996 Kilo: Yankee, sending you 5
2024-10-15 05:37:35.319265 Yankee: Oscar, India and Charlie, sending you 2
2024-10-15 05:37:35.319678 Charlie: Delta, sending you 3
2024-10-15 05:37:35.320805 Bravo: Hotel, sending you 1
2024-10-15 05:37:35.373705 India: Delta, Yankee and Charlie, sending you 3
2024-10-15 05:37:35.374912 Kilo: India, sending you 4
2024-10-15 05:37:35.375916 Yankee: Kilo, sending you 6
2024-10-15 05:37:35.376430 Bravo: Delta, sending you 4
2024-10-15 05:37:35.377476 Charlie: Kilo, sending you 2
2024-10-15 05:37:35.377870 Oscar: Hotel and Kilo, sending you 3
2024-10-15 05:37:35.379084 India: Oscar, sending you 1
2024-10-15 05:37:35.411975 Bravo: Oscar, sending you 3
2024-10-15 05:37:35.413454 Delta: Sending you each 3
2024-10-15 05:37:35.414324 Oscar: Delta, Yankee, India and Charlie, sending you 2
2024-10-15 05:37:35.415860 Bravo: Yankee, sending you 2
2024-10-15 05:37:35.449748 Golf: Sending you each 4
2024-10-15 05:37:35.450004 Bravo: Kilo, sending you 6
2024-10-15 05:37:35.472069 Uniform: Delta, sending you 4
2024-10-15 05:37:35.478548 Uniform: Golf, sending you 3
chatterbot Kilo submitting transactions
chatterbot Bravo submitting transactions
chatterbot Uniform submitting transactions
chatterbot Charlie submitting transactions
chatterbot Hotel submitting transactions
chatterbot Yankee submitting transactions
chatterbot India submitting transactions
chatterbot Delta submitting transactions
chatterbot Oscar submitting transactions
chatterbot Golf submitting transactions
ChatterBot Hotel round 4
ChatterBot Uniform round 4
ChatterBot Delta round 4
ChatterBot Oscar round 4
ChatterBot Yankee round 4
ChatterBot Golf round 4
ChatterBot Kilo round 4
ChatterBot India round 4
ChatterBot Bravo round 4
ChatterBot Charlie round 4
2024-10-15 05:37:36.586145 Kilo: We should add Oscar
ChatterBot Charlie reevaluating
2024-10-15 05:37:36.610941 Charlie: Yes
2024-10-15 05:37:36.611309 Hotel: Yes
2024-10-15 05:37:36.612183 Delta: Yes
2024-10-15 05:37:36.612412 Yankee: Yes
2024-10-15 05:37:36.612622 India: Yes
ChatterBot Charlie reevaluating
ChatterBot Charlie reevaluating
ChatterBot Charlie reevaluating
ChatterBot Charlie reevaluating
2024-10-15 05:37:36.726409 Kilo: Oscar we want you to join our group
2024-10-15 05:37:36.730506 Oscar: Yes
ChatterBot Charlie reevaluating
2024-10-15 05:37:36.757689 Bravo: Hotel, sending you 1
2024-10-15 05:37:36.759618 Oscar: Hotel, Delta and Yankee, sending you 3
2024-10-15 05:37:36.760845 Golf: Same as last round
2024-10-15 05:37:36.761926 India: Hotel, Delta, Yankee and Charlie, sending you 3
2024-10-15 05:37:36.762760 Hotel: Delta, Yankee, Kilo, India and Charlie, sending you 3
2024-10-15 05:37:36.763276 Uniform: Delta, sending you 4
2024-10-15 05:37:36.764389 Yankee: Hotel, Delta, India and Charlie, sending you 3
2024-10-15 05:37:36.765478 Charlie: Oscar we want you to join our group
2024-10-15 05:37:36.770945 Oscar: Yes
2024-10-15 05:37:36.798814 Bravo: Delta, sending you 4
2024-10-15 05:37:36.799700 Oscar: Kilo, India and Charlie, sending you 2
2024-10-15 05:37:36.801182 India: Oscar, sending you 2
2024-10-15 05:37:36.802020 Hotel: Oscar, sending you 1
2024-10-15 05:37:36.803683 Uniform: Golf, sending you 3
2024-10-15 05:37:36.804110 Yankee: Oscar, sending you 1
2024-10-15 05:37:36.804756 Bravo: Oscar, sending you 3
2024-10-15 05:37:36.805380 Delta: Same as last round
2024-10-15 05:37:36.806599 India: Kilo, sending you 4
2024-10-15 05:37:36.807665 Kilo: Hotel, Delta and India, sending you 3
2024-10-15 05:37:36.808978 Bravo: Yankee, sending you 2
2024-10-15 05:37:36.809633 Yankee: Kilo, sending you 5
2024-10-15 05:37:36.811703 Kilo: Oscar and Charlie, sending you 2
2024-10-15 05:37:36.813908 Bravo: Kilo, sending you 6
2024-10-15 05:37:36.817676 Kilo: Yankee, sending you 5
2024-10-15 05:37:36.828966 Charlie: Sending you each 3
chatterbot Kilo submitting transactions
chatterbot Bravo submitting transactions
chatterbot Yankee submitting transactions
chatterbot Hotel submitting transactions
chatterbot Golf submitting transactions
chatterbot Charlie submitting transactions
chatterbot Oscar submitting transactions
chatterbot Uniform submitting transactions
chatterbot India submitting transactions
chatterbot Delta submitting transactions
ChatterBot Hotel round 5
ChatterBot Uniform round 5
ChatterBot Delta round 5
ChatterBot Oscar round 5
ChatterBot Yankee round 5
ChatterBot Golf round 5
ChatterBot Kilo round 5
ChatterBot India round 5
ChatterBot Bravo round 5
ChatterBot Charlie round 5
2024-10-15 05:37:38.052887 Delta: Same as last round
2024-10-15 05:37:38.054669 Bravo: Hotel, sending you 1
2024-10-15 05:37:38.055623 Hotel: Delta, Yankee, Kilo and India, sending you 3
2024-10-15 05:37:38.057124 Yankee: Hotel, Delta, India and Charlie, sending you 3
2024-10-15 05:37:38.061339 Bravo: Delta, sending you 4
2024-10-15 05:37:38.071445 Hotel: Oscar and Charlie, sending you 2
2024-10-15 05:37:38.072882 Yankee: Oscar, sending you 1
2024-10-15 05:37:38.074478 Uniform: Delta, sending you 5
2024-10-15 05:37:38.074878 Oscar: Hotel, Delta, Yankee and Kilo, sending you 3
2024-10-15 05:37:38.075499 Charlie: Same as last round
2024-10-15 05:37:38.076530 Kilo: Hotel, Delta and India, sending you 3
2024-10-15 05:37:38.077172 India: Hotel, Delta, Yankee and Charlie, sending you 3
2024-10-15 05:37:38.078315 Bravo: Oscar, sending you 3
2024-10-15 05:37:38.079144 Yankee: Kilo, sending you 5
2024-10-15 05:37:38.080512 Uniform: Golf, sending you 3
2024-10-15 05:37:38.080821 Oscar: India and Charlie, sending you 2
2024-10-15 05:37:38.081966 Kilo: Oscar and Charlie, sending you 2
2024-10-15 05:37:38.085630 India: Oscar, sending you 2
2024-10-15 05:37:38.086305 Bravo: Yankee, sending you 2
2024-10-15 05:37:38.087387 Golf: Same as last round
2024-10-15 05:37:38.087669 Kilo: Yankee, sending you 5
2024-10-15 05:37:38.089146 India: Kilo, sending you 4
2024-10-15 05:37:38.091644 Bravo: Kilo, sending you 6
chatterbot Kilo submitting transactions
chatterbot Hotel submitting transactions
chatterbot Uniform submitting transactions
chatterbot Charlie submitting transactions
chatterbot India submitting transactions
chatterbot Golf submitting transactions
chatterbot Delta submitting transactions
chatterbot Yankee submitting transactions
chatterbot Oscar submitting transactions
chatterbot Bravo submitting transactions
ChatterBot Hotel round 6
ChatterBot Uniform round 6
ChatterBot Delta round 6
ChatterBot Oscar round 6
ChatterBot Yankee round 6
ChatterBot Golf round 6
2024-10-15 05:37:39.359442 Uniform: We should replace Delta with Bravo
2024-10-15 05:37:39.365377 Golf: No
ChatterBot Kilo round 6
ChatterBot India round 6
ChatterBot Bravo round 6
ChatterBot Charlie round 6
2024-10-15 05:37:39.406519 Uniform: Bravo we want you to join our group
2024-10-15 05:37:39.413764 Bravo: No
ChatterBot Uniform reevaluating
2024-10-15 05:37:39.426850 Uniform: We should replace Delta with Kilo
2024-10-15 05:37:39.432677 Golf: No
ChatterBot Uniform reevaluating
2024-10-15 05:37:39.497510 Hotel: Delta, Yankee, Kilo and India, sending you 3
2024-10-15 05:37:39.498254 Oscar: Hotel, Delta, Kilo and India, sending you 3
2024-10-15 05:37:39.499303 Charlie: Same as last round
2024-10-15 05:37:39.499956 Golf: Uniform, sending you 3
2024-10-15 05:37:39.500254 Kilo: Hotel, Delta and India, sending you 3
2024-10-15 05:37:39.501664 Yankee: Hotel, Delta and India, sending you 3
2024-10-15 05:37:39.502442 Delta: Same as last round
2024-10-15 05:37:39.503724 Bravo: Delta, sending you 4
2024-10-15 05:37:39.504373 Hotel: Oscar and Charlie, sending you 2
2024-10-15 05:37:39.506115 Oscar: Yankee and Charlie, sending you 2
2024-10-15 05:37:39.506801 Golf: Bravo, sending you 2
2024-10-15 05:37:39.507906 Yankee: Oscar and Charlie, sending you 2
2024-10-15 05:37:39.508589 Kilo: Oscar and Charlie, sending you 2
2024-10-15 05:37:39.509728 Bravo: Oscar, sending you 3
2024-10-15 05:37:39.516341 Uniform: Golf, sending you 3
2024-10-15 05:37:39.517359 Yankee: Kilo, sending you 5
2024-10-15 05:37:39.518149 Kilo: Yankee, sending you 5
2024-10-15 05:37:39.519464 Bravo: Yankee, sending you 2
2024-10-15 05:37:39.520657 India: Hotel, Delta, Yankee and Charlie, sending you 3
2024-10-15 05:37:39.534343 Bravo: Kilo, sending you 6
2024-10-15 05:37:39.535976 India: Oscar, sending you 2
2024-10-15 05:37:39.540518 India: Kilo, sending you 4
2024-10-15 05:37:39.549302 Bravo: India, sending you 1
chatterbot Yankee submitting transactions
chatterbot Kilo submitting transactions
chatterbot Delta submitting transactions
chatterbot Golf submitting transactions
chatterbot Charlie submitting transactions
chatterbot Uniform submitting transactions
chatterbot Oscar submitting transactions
chatterbot India submitting transactions
chatterbot Hotel submitting transactions
chatterbot Bravo submitting transactions
ChatterBot Hotel round 7
ChatterBot Uniform round 7
ChatterBot Delta round 7
ChatterBot Oscar round 7
ChatterBot Yankee round 7
ChatterBot Golf round 7
ChatterBot Kilo round 7
ChatterBot India round 7
ChatterBot Bravo round 7
2024-10-15 05:37:40.772526 Oscar: We should add Bravo
2024-10-15 05:37:40.792518 Delta: No
2024-10-15 05:37:40.792925 Hotel: No
2024-10-15 05:37:40.793691 Yankee: No
2024-10-15 05:37:40.793946 Kilo: No
2024-10-15 05:37:40.794151 India: No
2024-10-15 05:37:40.794441 Charlie: No
ChatterBot Oscar reevaluating
ChatterBot Oscar reevaluating
ChatterBot Oscar reevaluating
ChatterBot Oscar reevaluating
ChatterBot Oscar reevaluating
ChatterBot Oscar reevaluating
ChatterBot Charlie round 7
2024-10-15 05:37:40.934281 Uniform: We should replace Delta with Bravo
2024-10-15 05:37:40.937936 Golf: Yes
2024-10-15 05:37:40.956997 Uniform: Bravo we want you to join our group
2024-10-15 05:37:40.960759 Bravo: No
2024-10-15 05:37:41.010640 Hotel: Delta, Yankee, Kilo and India, sending you 3
2024-10-15 05:37:41.012931 Delta: Same as last round
2024-10-15 05:37:41.014697 Kilo: Hotel, Delta and India, sending you 3
2024-10-15 05:37:41.016120 Yankee: Hotel, Delta and India, sending you 3
2024-10-15 05:37:41.017 Hotel: Oscar and Charlie, sending you 2
2024-10-15 05:37:41.018765 Kilo: Oscar and Charlie, sending you 2
2024-10-15 05:37:41.020089 Golf: Uniform, sending you 4
2024-10-15 05:37:41.021503 India: Hotel, Delta, Yankee and Charlie, sending you 3
2024-10-15 05:37:41.022547 Uniform: Golf, sending you 3
2024-10-15 05:37:41.023481 Oscar: Hotel, Delta, Yankee, Kilo and India, sending you 3
2024-10-15 05:37:41.024426 Bravo: Delta, sending you 4
2024-10-15 05:37:41.025918 Charlie: Same as last round
2024-10-15 05:37:41.027356 Yankee: Oscar and Charlie, sending you 2
2024-10-15 05:37:41.028769 Golf: Bravo, sending you 2
2024-10-15 05:37:41.029305 Kilo: Yankee, sending you 5
2024-10-15 05:37:41.030638 India: Oscar, sending you 2
2024-10-15 05:37:41.031504 Uniform: Bravo, sending you 2
2024-10-15 05:37:41.032457 Oscar: Charlie, sending you 2
2024-10-15 05:37:41.034191 Bravo: Oscar, sending you 3
2024-10-15 05:37:41.035741 Yankee: Kilo, sending you 5
2024-10-15 05:37:41.036938 India: Kilo, sending you 4
2024-10-15 05:37:41.158572 Bravo: Yankee, sending you 2
2024-10-15 05:37:41.193167 Bravo: Kilo, sending you 6
2024-10-15 05:37:41.230418 Bravo: India, sending you 1
chatterbot Golf submitting transactions
chatterbot Yankee submitting transactions
chatterbot Charlie submitting transactions
chatterbot Delta submitting transactions
chatterbot Oscar submitting transactions
chatterbot Hotel submitting transactions
chatterbot Uniform submitting transactions
chatterbot Kilo submitting transactions
chatterbot India submitting transactions
chatterbot Bravo submitting transactions
ChatterBot Hotel round 8
ChatterBot Uniform round 8
ChatterBot Delta round 8
ChatterBot Oscar round 8
ChatterBot Yankee round 8
ChatterBot Golf round 8
ChatterBot Kilo round 8
ChatterBot India round 8
ChatterBot Bravo round 8
ChatterBot Charlie round 8
2024-10-15 05:37:42.316189 Uniform: We should replace Bravo with Delta
2024-10-15 05:37:42.321088 Golf: No
ChatterBot Uniform reevaluating
2024-10-15 05:37:42.662295 Yankee: Hotel, Delta and India, sending you 3
2024-10-15 05:37:42.664309 Charlie: Same as last round
2024-10-15 05:37:42.666520 Bravo: Uniform, sending you 5
2024-10-15 05:37:42.667102 Golf: Sending you 1
2024-10-15 05:37:42.668039 Delta: Same as last round
2024-10-15 05:37:42.670077 Oscar: Hotel, Delta, Yankee, Kilo and India, sending you 3
2024-10-15 05:37:42.672339 Hotel: Delta, Yankee, Kilo and India, sending you 3
2024-10-15 05:37:42.674471 Kilo: Hotel, Delta and India, sending you 3
chatterbot Yankee submitting transactions
2024-10-15 05:37:42.677562 Yankee: Oscar and Charlie, sending you 2
2024-10-15 05:37:42.679907 Bravo: Golf, sending you 11
2024-10-15 05:37:42.680526 Oscar: Charlie, sending you 2
2024-10-15 05:37:42.682573 Hotel: Oscar and Charlie, sending you 2
2024-10-15 05:37:42.685567 Kilo: Oscar and Charlie, sending you 2
2024-10-15 05:37:42.687695 India: Hotel, Delta, Yankee and Charlie, sending you 3
2024-10-15 05:37:42.689959 Uniform: Golf, sending you 3
chatterbot Kilo submitting transactions
2024-10-15 05:37:42.691271 Yankee: Kilo, sending you 5
2024-10-15 05:37:42.694780 Kilo: Yankee, sending you 5
2024-10-15 05:37:42.697375 India: Oscar, sending you 2
2024-10-15 05:37:42.699685 Uniform: Bravo, sending you 2
2024-10-15 05:37:42.781706 India: Kilo, sending you 4
chatterbot Oscar submitting transactions
chatterbot India submitting transactions
chatterbot Bravo submitting transactions
chatterbot Golf submitting transactions
chatterbot Charlie submitting transactions
chatterbot Delta submitting transactions
chatterbot Uniform submitting transactions
chatterbot Hotel submitting transactions
ChatterBot Hotel round 9
ChatterBot Uniform round 9
ChatterBot Delta round 9
2024-10-15 05:37:43.550496 Uniform: We should add Delta
2024-10-15 05:37:43.555503 Golf: No
2024-10-15 05:37:43.555674 Bravo: No
ChatterBot Uniform reevaluating
ChatterBot Uniform reevaluating
ChatterBot Oscar round 9
ChatterBot Yankee round 9
ChatterBot Golf round 9
ChatterBot Kilo round 9
ChatterBot India round 9
ChatterBot Bravo round 9
ChatterBot Charlie round 9
2024-10-15 05:37:43.576077 Uniform: We should add Kilo
2024-10-15 05:37:43.581396 Golf: No
2024-10-15 05:37:43.581555 Bravo: No
ChatterBot Uniform reevaluating
ChatterBot Uniform reevaluating
2024-10-15 05:37:43.591760 Uniform: We should add Hotel
2024-10-15 05:37:43.598367 Golf: No
2024-10-15 05:37:43.598525 Bravo: No
ChatterBot Uniform reevaluating
ChatterBot Uniform reevaluating
2024-10-15 05:37:43.610830 Uniform: We should add Charlie
2024-10-15 05:37:43.614877 Golf: No
2024-10-15 05:37:43.614984 Bravo: No
ChatterBot Uniform reevaluating
ChatterBot Uniform reevaluating
2024-10-15 05:37:43.623656 Uniform: We should add Yankee
2024-10-15 05:37:43.627941 Golf: No
2024-10-15 05:37:43.628046 Bravo: No
ChatterBot Uniform reevaluating
ChatterBot Uniform reevaluating
2024-10-15 05:37:43.636923 Uniform: We should add India
2024-10-15 05:37:43.640718 Golf: No
2024-10-15 05:37:43.640837 Bravo: No
ChatterBot Uniform reevaluating
ChatterBot Uniform reevaluating
2024-10-15 05:37:43.677983 Uniform: We should drop Bravo
2024-10-15 05:37:43.679811 Golf: Yes
ChatterBot Uniform reevaluating
2024-10-15 05:37:43.682605 Uniform: We should add Oscar
2024-10-15 05:37:43.686929 Golf: No
2024-10-15 05:37:43.687044 Bravo: No
ChatterBot Uniform reevaluating
ChatterBot Uniform reevaluating
2024-10-15 05:37:43.697539 Kilo: We should drop Charlie
2024-10-15 05:37:43.707485 Hotel: No
2024-10-15 05:37:43.707640 Delta: No
2024-10-15 05:37:43.708369 Oscar: No
2024-10-15 05:37:43.708481 Yankee: No
2024-10-15 05:37:43.708580 India: No
ChatterBot Kilo reevaluating
ChatterBot Kilo reevaluating
ChatterBot Kilo reevaluating
ChatterBot Kilo reevaluating
ChatterBot Kilo reevaluating
2024-10-15 05:37:43.761218 Charlie: We should drop Hotel
ChatterBot Kilo reevaluating
2024-10-15 05:37:43.770525 Delta: No
2024-10-15 05:37:43.770658 Oscar: No
2024-10-15 05:37:43.770755 Yankee: No
2024-10-15 05:37:43.770863 Kilo: Yes
2024-10-15 05:37:43.770953 India: No
ChatterBot Charlie reevaluating
ChatterBot Kilo reevaluating
ChatterBot Charlie reevaluating
ChatterBot Kilo reevaluating
ChatterBot Charlie reevaluating
ChatterBot Kilo reevaluating
ChatterBot Charlie reevaluating
ChatterBot Charlie reevaluating
ChatterBot Kilo reevaluating
2024-10-15 05:37:43.825645 Delta: Hotel, Yankee, Kilo, India and Charlie, sending you 3
2024-10-15 05:37:43.827176 Bravo: Sending you each 8
2024-10-15 05:37:43.827904 Hotel: Delta, Yankee, Kilo and India, sending you 3
2024-10-15 05:37:43.829063 Oscar: Hotel, Delta, Yankee, Kilo and India, sending you 3
2024-10-15 05:37:43.830183 Yankee: Hotel, Delta, India and Charlie, sending you 2
2024-10-15 05:37:43.832337 Delta: Oscar, sending you 1
2024-10-15 05:37:43.833477 Hotel: Oscar and Charlie, sending you 2
2024-10-15 05:37:43.835191 Charlie: We should drop Kilo
2024-10-15 05:37:43.850765 Hotel: No
2024-10-15 05:37:43.850916 Delta: No
2024-10-15 05:37:43.851047 Oscar: No
2024-10-15 05:37:43.851159 Yankee: No
2024-10-15 05:37:43.851270 India: No
ChatterBot Charlie reevaluating
ChatterBot Charlie reevaluating
ChatterBot Charlie reevaluating
ChatterBot Charlie reevaluating
ChatterBot Charlie reevaluating
2024-10-15 05:37:43.903201 Oscar: Charlie, sending you 2
2024-10-15 05:37:43.904713 India: Hotel, Delta, Yankee and Charlie, sending you 3
2024-10-15 05:37:43.906598 Yankee: Oscar, sending you 1
2024-10-15 05:37:43.909076 India: Oscar, sending you 2
2024-10-15 05:37:43.911773 Yankee: Kilo, sending you 4
2024-10-15 05:37:43.913156 Yankee: I was attacked by Golf
ChatterBot Delta reevaluating
ChatterBot Hotel reevaluating
ChatterBot Oscar reevaluating
ChatterBot Kilo reevaluating
ChatterBot India reevaluating
ChatterBot Charlie reevaluating
2024-10-15 05:37:43.942697 Yankee: Ow
2024-10-15 05:37:43.945209 Golf: Same as last round
chatterbot Delta submitting transactions
2024-10-15 05:37:43.949690 Uniform: Sending you 4
2024-10-15 05:37:43.951578 Charlie: We should drop Delta
ChatterBot Hotel reevaluating
ChatterBot Oscar reevaluating
ChatterBot Kilo reevaluating
ChatterBot India reevaluating
2024-10-15 05:37:43.964838 Hotel: No
2024-10-15 05:37:43.964985 Oscar: No
2024-10-15 05:37:43.965626 Yankee: No
2024-10-15 05:37:43.965733 Kilo: No
2024-10-15 05:37:43.965830 India: No
ChatterBot Charlie reevaluating
ChatterBot Oscar reevaluating
ChatterBot Kilo reevaluating
ChatterBot India reevaluating
ChatterBot Charlie reevaluating
ChatterBot Hotel reevaluating
ChatterBot Kilo reevaluating
ChatterBot India reevaluating
ChatterBot Charlie reevaluating
ChatterBot Hotel reevaluating
ChatterBot Oscar reevaluating
ChatterBot Kilo reevaluating
ChatterBot India reevaluating
ChatterBot Charlie reevaluating
ChatterBot Hotel reevaluating
ChatterBot Oscar reevaluating
ChatterBot India reevaluating
ChatterBot Charlie reevaluating
ChatterBot Hotel reevaluating
ChatterBot Oscar reevaluating
ChatterBot Kilo reevaluating
2024-10-15 05:37:44.084708 Delta: Hotel, Yankee, Kilo, India and Charlie, sending you 2
2024-10-15 05:37:44.096693 Charlie: Delta, Yankee, Kilo and India, sending you 4
2024-10-15 05:37:44.099696 Charlie: Oscar, sending you 2
2024-10-15 05:37:44.101965 Kilo: Hotel, Delta and Oscar, sending you 3
chatterbot Bravo submitting transactions
2024-10-15 05:37:44.107687 Kilo: Yankee, sending you 5
2024-10-15 05:37:44.112692 Kilo: India, sending you 4
chatterbot Delta submitting transactions
chatterbot Golf submitting transactions
chatterbot Kilo submitting transactions
chatterbot Oscar submitting transactions
chatterbot Hotel submitting transactions
chatterbot Hotel submitting transactions
chatterbot Uniform submitting transactions
chatterbot Yankee submitting transactions
chatterbot Oscar submitting transactions
chatterbot India submitting transactions
chatterbot Charlie submitting transactions
ChatterBot Hotel round 10
ChatterBot Uniform round 10
ChatterBot Delta round 10
ChatterBot Oscar round 10
ChatterBot Yankee round 10
ChatterBot Golf round 10
ChatterBot Kilo round 10
ChatterBot India round 10
ChatterBot Bravo round 10
ChatterBot Charlie round 10
2024-10-15 05:37:45.650263 Uniform: We should replace Golf with Bravo
2024-10-15 05:37:45.662655 Uniform: Bravo we want you to join our group
2024-10-15 05:37:45.666703 Bravo: Yes
2024-10-15 05:37:45.678286 Golf: I was attacked by Delta
ChatterBot Uniform reevaluating
2024-10-15 05:37:45.683187 Golf: I'm keeping this round to protect myself
2024-10-15 05:37:45.684315 Golf: Ow
2024-10-15 05:37:45.685965 Charlie: Delta, Yankee and India, sending you 4
2024-10-15 05:37:45.688228 Delta: I was attacked by Golf
ChatterBot Hotel reevaluating
ChatterBot Oscar reevaluating
ChatterBot Yankee reevaluating
ChatterBot Kilo reevaluating
ChatterBot India reevaluating
ChatterBot Charlie reevaluating
2024-10-15 05:37:45.711746 Delta: I'm keeping this round to protect myself
2024-10-15 05:37:45.716820 Delta: Ow
2024-10-15 05:37:45.717228 Charlie: We should replace Yankee with Hotel
ChatterBot Oscar reevaluating
ChatterBot Kilo reevaluating
ChatterBot India reevaluating
2024-10-15 05:37:45.836727 Oscar: No
2024-10-15 05:37:45.842954 Kilo: No
2024-10-15 05:37:45.843170 India: No
2024-10-15 05:37:45.843332 Delta: No
ChatterBot Charlie reevaluating
ChatterBot Kilo reevaluating
ChatterBot India reevaluating
ChatterBot Charlie reevaluating
ChatterBot Oscar reevaluating
ChatterBot India reevaluating
ChatterBot Charlie reevaluating
ChatterBot Oscar reevaluating
ChatterBot Kilo reevaluating
ChatterBot Charlie reevaluating
ChatterBot Oscar reevaluating
ChatterBot Kilo reevaluating
ChatterBot India reevaluating
2024-10-15 05:37:46.018663 Bravo: Uniform, sending you 7
2024-10-15 05:37:46.040569 Bravo: Golf, sending you 9
2024-10-15 05:37:46.049936 Yankee: Hotel, Delta and India, sending you 3
2024-10-15 05:37:46.054486 Oscar: Hotel, Delta, Kilo and India, sending you 3
2024-10-15 05:37:46.058375 Yankee: Oscar, sending you 1
2024-10-15 05:37:46.062108 Oscar: Yankee and Charlie, sending you 2
2024-10-15 05:37:46.064201 Kilo: Hotel, Delta and Oscar, sending you 3
2024-10-15 05:37:46.065908 Yankee: Kilo, sending you 5
2024-10-15 05:37:46.099179 Uniform: Sending you 1
2024-10-15 05:37:46.099867 Kilo: Yankee, sending you 5
2024-10-15 05:37:46.102741 Yankee: Charlie, sending you 2
2024-10-15 05:37:46.131433 Kilo: India, sending you 4
chatterbot Hotel submitting transactions
chatterbot Golf submitting transactions
chatterbot Yankee submitting transactions
chatterbot Kilo submitting transactions
chatterbot India submitting transactions
chatterbot Delta submitting transactions
chatterbot Bravo submitting transactions
chatterbot Uniform submitting transactions
chatterbot Charlie submitting transactions
chatterbot Oscar submitting transactions
ChatterBot Hotel round 11
ChatterBot Uniform round 11
ChatterBot Delta round 11
ChatterBot Oscar round 11
ChatterBot Yankee round 11
ChatterBot Golf round 11
ChatterBot Kilo round 11
ChatterBot India round 11
ChatterBot Bravo round 11
ChatterBot Charlie round 11
2024-10-15 05:37:48.310053 Kilo: We should replace Delta with Charlie
