ChatterBot Foxtrot round 1
ChatterBot Uniform round 1
ChatterBot Echo round 1
ChatterBot India round 1
ChatterBot Kilo round 1
ChatterBot Lima round 1
ChatterBot Bravo round 1
ChatterBot Quebec round 1
ChatterBot Yankee round 1
ChatterBot Juliett round 1
randomSelections Echo: {Echo, Kilo, Lima, Quebec, Uniform, India, Juliett} 
2024-10-14 17:57:58.411125 Echo: Group up?
ChatterBot Kilo reevaluating
ChatterBot Lima reevaluating
ChatterBot Quebec reevaluating
ChatterBot Uniform reevaluating
ChatterBot India reevaluating
ChatterBot Juliett reevaluating
2024-10-14 17:57:58.447979 Kilo: Yes
2024-10-14 17:57:58.448238 Lima: Yes
2024-10-14 17:57:58.448463 Quebec: Yes
2024-10-14 17:57:58.448702 Uniform: Yes
2024-10-14 17:57:58.450085 India: Yes
2024-10-14 17:57:58.450302 Juliett: Yes
ChatterBot Lima reevaluating
ChatterBot Quebec reevaluating
ChatterBot Uniform reevaluating
ChatterBot India reevaluating
ChatterBot Juliett reevaluating
ChatterBot Kilo reevaluating
ChatterBot Quebec reevaluating
ChatterBot Uniform reevaluating
ChatterBot India reevaluating
ChatterBot Juliett reevaluating
ChatterBot Kilo reevaluating
ChatterBot Lima reevaluating
ChatterBot Uniform reevaluating
ChatterBot India reevaluating
ChatterBot Juliett reevaluating
ChatterBot Kilo reevaluating
ChatterBot Lima reevaluating
ChatterBot Quebec reevaluating
ChatterBot India reevaluating
ChatterBot Juliett reevaluating
ChatterBot Kilo reevaluating
ChatterBot Lima reevaluating
ChatterBot Quebec reevaluating
ChatterBot Uniform reevaluating
ChatterBot Juliett reevaluating
ChatterBot Kilo reevaluating
ChatterBot Lima reevaluating
ChatterBot Quebec reevaluating
ChatterBot Uniform reevaluating
ChatterBot India reevaluating
randomSelections Foxtrot: {Foxtrot, Juliett, Quebec, Lima, Uniform, Kilo, India} 
2024-10-14 17:57:58.584029 Foxtrot: We should group up
ChatterBot Juliett reevaluating
ChatterBot Quebec reevaluating
ChatterBot Lima reevaluating
ChatterBot Uniform reevaluating
ChatterBot Kilo reevaluating
ChatterBot India reevaluating
2024-10-14 17:57:58.598876 Juliett: No
2024-10-14 17:57:58.599265 Quebec: No
2024-10-14 17:57:58.599605 Lima: No
2024-10-14 17:57:58.600413 Uniform: No
2024-10-14 17:57:58.600633 Kilo: No
2024-10-14 17:57:58.600958 India: No
ChatterBot Quebec reevaluating
ChatterBot Lima reevaluating
ChatterBot Uniform reevaluating
ChatterBot Kilo reevaluating
ChatterBot India reevaluating
ChatterBot Juliett reevaluating
ChatterBot Lima reevaluating
ChatterBot Uniform reevaluating
ChatterBot Kilo reevaluating
ChatterBot India reevaluating
ChatterBot Juliett reevaluating
ChatterBot Quebec reevaluating
ChatterBot Uniform reevaluating
ChatterBot Kilo reevaluating
ChatterBot India reevaluating
ChatterBot Juliett reevaluating
ChatterBot Quebec reevaluating
ChatterBot Lima reevaluating
ChatterBot Kilo reevaluating
ChatterBot India reevaluating
ChatterBot Juliett reevaluating
ChatterBot Quebec reevaluating
ChatterBot Lima reevaluating
ChatterBot Uniform reevaluating
ChatterBot India reevaluating
ChatterBot Juliett reevaluating
ChatterBot Quebec reevaluating
ChatterBot Lima reevaluating
ChatterBot Uniform reevaluating
ChatterBot Kilo reevaluating
randomSelections Bravo: {Bravo, Echo, Kilo, Lima, Foxtrot, Quebec} 
2024-10-14 17:57:58.707440 Bravo: We would work well together
ChatterBot Kilo reevaluating
ChatterBot Lima reevaluating
ChatterBot Quebec reevaluating
2024-10-14 17:57:58.716327 Echo: No
2024-10-14 17:57:58.717648 Kilo: No
2024-10-14 17:57:58.717889 Lima: No
2024-10-14 17:57:58.718170 Foxtrot: No
2024-10-14 17:57:58.718442 Quebec: No
ChatterBot Kilo reevaluating
ChatterBot Lima reevaluating
ChatterBot Quebec reevaluating
ChatterBot Lima reevaluating
ChatterBot Quebec reevaluating
ChatterBot Kilo reevaluating
ChatterBot Quebec reevaluating
ChatterBot Kilo reevaluating
ChatterBot Lima reevaluating
ChatterBot Quebec reevaluating
ChatterBot Kilo reevaluating
ChatterBot Lima reevaluating
randomSelections Yankee: {Yankee, Lima, India, Juliett} 
2024-10-14 17:57:58.848394 Yankee: Let's form a team
ChatterBot Lima reevaluating
ChatterBot India reevaluating
ChatterBot Juliett reevaluating
2024-10-14 17:57:58.853470 Lima: No
2024-10-14 17:57:58.854620 India: No
2024-10-14 17:57:58.854940 Juliett: No
ChatterBot India reevaluating
ChatterBot Juliett reevaluating
ChatterBot Lima reevaluating
ChatterBot Juliett reevaluating
ChatterBot Lima reevaluating
ChatterBot India reevaluating
2024-10-14 17:57:58.884321 Foxtrot: Uniform, India and Quebec, sending you 2
2024-10-14 17:57:58.894149 Echo: India, sending you 4
2024-10-14 17:57:58.894677 Foxtrot: Kilo, sending you 4
2024-10-14 17:57:58.895833 India: Uniform and Quebec, sending you 3
2024-10-14 17:57:58.897661 Lima: Uniform, sending you 3
2024-10-14 17:57:58.899144 Kilo: Uniform and India, sending you 1
2024-10-14 17:57:58.900664 Echo: Kilo, sending you 2
2024-10-14 17:57:58.901293 Bravo: Foxtrot, sending you 3
2024-10-14 17:57:58.902610 Yankee: India and Juliett, sending you 1
2024-10-14 17:57:58.903362 Foxtrot: Lima and Juliett, sending you 3
2024-10-14 17:57:58.904872 India: Echo and Juliett, sending you 2
2024-10-14 17:57:58.906338 Juliett: Uniform and Quebec, sending you 2
2024-10-14 17:57:58.907929 Quebec: Uniform and Kilo, sending you 3
2024-10-14 17:57:58.909391 Lima: Echo and Juliett, sending you 4
2024-10-14 17:57:58.911249 Kilo: Echo and Quebec, sending you 4
2024-10-14 17:57:58.912107 Uniform: Echo and India, sending you 1
2024-10-14 17:57:58.913517 Echo: Lima, sending you 1
2024-10-14 17:57:58.915354 Bravo: Kilo and Quebec, sending you 1
2024-10-14 17:57:58.916720 India: Kilo, sending you 5
2024-10-14 17:57:58.918241 Juliett: Echo and India, sending you 1
2024-10-14 17:57:58.918961 Quebec: Echo, sending you 4
2024-10-14 17:57:58.920291 Kilo: Lima, sending you 5
2024-10-14 17:57:58.921418 Lima: India, sending you 5
2024-10-14 17:57:58.922819 Uniform: Kilo and Juliett, sending you 2
2024-10-14 17:57:58.924352 Echo: Quebec, sending you 5
2024-10-14 17:57:58.925200 Bravo: Lima, sending you 4
2024-10-14 17:57:58.926471 India: Lima, sending you 1
2024-10-14 17:57:58.927143 Juliett: Kilo, sending you 3
2024-10-14 17:57:58.928192 Quebec: India, sending you 1
2024-10-14 17:57:58.928684 Kilo: Juliett, sending you 2
2024-10-14 17:57:58.929873 Lima: Quebec, sending you 2
2024-10-14 17:57:58.930482 Uniform: Lima and Quebec, sending you 3
2024-10-14 17:57:58.936435 Quebec: Lima and Juliett, sending you 2
chatterbot Lima submitting transactions
chatterbot Yankee submitting transactions
chatterbot Quebec submitting transactions
chatterbot India submitting transactions
chatterbot Uniform submitting transactions
chatterbot Bravo submitting transactions
chatterbot Echo submitting transactions
chatterbot Foxtrot submitting transactions
chatterbot Juliett submitting transactions
chatterbot Kilo submitting transactions
ChatterBot Foxtrot round 2
ChatterBot Uniform round 2
ChatterBot Echo round 2
ChatterBot India round 2
ChatterBot Kilo round 2
2024-10-14 17:58:00.026828 Uniform: We should add Foxtrot
ChatterBot Echo reevaluating
ChatterBot Kilo reevaluating
ChatterBot Lima reevaluating
ChatterBot Quebec reevaluating
ChatterBot India reevaluating
ChatterBot Juliett reevaluating
2024-10-14 17:58:00.152983 Echo: No
2024-10-14 17:58:00.153353 Kilo: Yes
2024-10-14 17:58:00.153736 Lima: No
2024-10-14 17:58:00.154534 Quebec: No
2024-10-14 17:58:00.154739 India: Yes
2024-10-14 17:58:00.154948 Juliett: No
ChatterBot Kilo reevaluating
ChatterBot Lima reevaluating
ChatterBot Quebec reevaluating
ChatterBot India reevaluating
ChatterBot Juliett reevaluating
ChatterBot Echo reevaluating
ChatterBot Lima reevaluating
ChatterBot Quebec reevaluating
ChatterBot India reevaluating
ChatterBot Juliett reevaluating
ChatterBot Echo reevaluating
ChatterBot Kilo reevaluating
ChatterBot Quebec reevaluating
ChatterBot India reevaluating
ChatterBot Juliett reevaluating
ChatterBot Echo reevaluating
ChatterBot Kilo reevaluating
ChatterBot Lima reevaluating
ChatterBot India reevaluating
ChatterBot Juliett reevaluating
ChatterBot Echo reevaluating
ChatterBot Kilo reevaluating
ChatterBot Lima reevaluating
ChatterBot Quebec reevaluating
ChatterBot Juliett reevaluating
ChatterBot Echo reevaluating
ChatterBot Kilo reevaluating
ChatterBot Lima reevaluating
ChatterBot Quebec reevaluating
ChatterBot India reevaluating
ChatterBot Lima round 2
ChatterBot Bravo round 2
2024-10-14 17:58:00.546898 Foxtrot: Can we be friends?
ChatterBot Bravo reevaluating
2024-10-14 17:58:00.552638 Bravo: Yes
2024-10-14 17:58:00.557844 Bravo: Let's form a team
2024-10-14 17:58:00.562511 Foxtrot: Yes
ChatterBot Bravo reevaluating
ChatterBot Quebec round 2
ChatterBot Yankee round 2
ChatterBot Juliett round 2
2024-10-14 17:58:00.582143 Uniform: Foxtrot we want you to join our group
2024-10-14 17:58:00.587905 Foxtrot: No
ChatterBot Echo reevaluating
ChatterBot India reevaluating
ChatterBot Kilo reevaluating
ChatterBot Lima reevaluating
ChatterBot Quebec reevaluating
ChatterBot Juliett reevaluating
2024-10-14 17:58:00.628393 Juliett: We should replace Echo with Foxtrot
ChatterBot India reevaluating
ChatterBot Kilo reevaluating
ChatterBot Lima reevaluating
ChatterBot Quebec reevaluating
2024-10-14 17:58:00.655402 Uniform: No
2024-10-14 17:58:00.655571 India: No
2024-10-14 17:58:00.656193 Kilo: No
2024-10-14 17:58:00.656372 Lima: No
2024-10-14 17:58:00.656539 Quebec: No
ChatterBot Juliett reevaluating
ChatterBot India reevaluating
ChatterBot Kilo reevaluating
ChatterBot Lima reevaluating
ChatterBot Quebec reevaluating
ChatterBot Juliett reevaluating
ChatterBot Kilo reevaluating
ChatterBot Lima reevaluating
ChatterBot Quebec reevaluating
ChatterBot Juliett reevaluating
ChatterBot India reevaluating
ChatterBot Lima reevaluating
ChatterBot Quebec reevaluating
ChatterBot Juliett reevaluating
ChatterBot India reevaluating
ChatterBot Kilo reevaluating
ChatterBot Quebec reevaluating
ChatterBot Juliett reevaluating
ChatterBot India reevaluating
ChatterBot Kilo reevaluating
ChatterBot Lima reevaluating
2024-10-14 17:58:00.794374 India: Foxtrot we want you to join our group
2024-10-14 17:58:00.798455 Foxtrot: No
2024-10-14 17:58:00.821893 Kilo: Foxtrot we want you to join our group
2024-10-14 17:58:00.825795 Foxtrot: No
2024-10-14 17:58:00.849065 Juliett: Foxtrot we want you to join our group
2024-10-14 17:58:00.853196 Foxtrot: No
2024-10-14 17:58:00.873941 Foxtrot: Sending you 5
2024-10-14 17:58:01.210115 Uniform: Foxtrot, India, Lima, Quebec and Juliett, sending you 2
2024-10-14 17:58:01.211140 Quebec: Uniform, India and Kilo, sending you 3
2024-10-14 17:58:01.211483 Echo: Uniform, sending you 1
2024-10-14 17:58:01.211822 Bravo: Sending you 10
2024-10-14 17:58:01.212025 Lima: Uniform, Echo, India, Quebec and Juliett, sending you 3
chatterbot Foxtrot submitting transactions
2024-10-14 17:58:01.388448 Quebec: Echo, sending you 4
2024-10-14 17:58:01.389191 Echo: India, sending you 2
2024-10-14 17:58:01.390274 Uniform: Echo and Kilo, sending you 1
2024-10-14 17:58:01.390783 India: Foxtrot, Uniform, Echo, Kilo, Quebec and Juliett, sending you 2
2024-10-14 17:58:01.391121 Kilo: Foxtrot, Quebec and Juliett, sending you 3
2024-10-14 17:58:01.391998 Lima: Kilo, sending you 4
2024-10-14 17:58:01.392378 Juliett: Foxtrot, Uniform, India, Kilo and Lima, sending you 2
2024-10-14 17:58:01.479340 Quebec: Lima, sending you 2
2024-10-14 17:58:01.480459 Echo: Kilo, Lima and Quebec, sending you 3
2024-10-14 17:58:01.481488 India: Lima, sending you 4
2024-10-14 17:58:01.481934 Kilo: Uniform and Echo, sending you 2
2024-10-14 17:58:01.482424 Juliett: Quebec, sending you 1
2024-10-14 17:58:01.483425 Quebec: Juliett, sending you 1
2024-10-14 17:58:01.507181 Kilo: India, sending you 4
chatterbot Lima submitting transactions
chatterbot Quebec submitting transactions
chatterbot Uniform submitting transactions
chatterbot Kilo submitting transactions
chatterbot Echo submitting transactions
chatterbot India submitting transactions
chatterbot Yankee submitting transactions
chatterbot Bravo submitting transactions
chatterbot Juliett submitting transactions
ChatterBot Foxtrot round 3
ChatterBot Uniform round 3
ChatterBot Echo round 3
ChatterBot India round 3
ChatterBot Kilo round 3
ChatterBot Lima round 3
ChatterBot Bravo round 3
2024-10-14 17:58:02.087742 Foxtrot: We should add Yankee
ChatterBot Bravo reevaluating
2024-10-14 17:58:02.094353 Bravo: Yes
ChatterBot Quebec round 3
ChatterBot Yankee round 3
ChatterBot Juliett round 3
2024-10-14 17:58:02.127339 Foxtrot: Yankee we want you to join our group
2024-10-14 17:58:02.131137 Yankee: No
ChatterBot Bravo reevaluating
2024-10-14 17:58:02.185557 Juliett: We should replace Foxtrot with Echo
2024-10-14 17:58:02.237488 Uniform: Yes
2024-10-14 17:58:02.238206 India: Yes
2024-10-14 17:58:02.238507 Kilo: Yes
2024-10-14 17:58:02.238788 Lima: Yes
2024-10-14 17:58:02.239127 Quebec: Yes
2024-10-14 17:58:02.335439 India: We should drop Foxtrot
ChatterBot Juliett reevaluating
2024-10-14 17:58:02.352048 Echo: Yes
2024-10-14 17:58:02.352209 Kilo: Yes
2024-10-14 17:58:02.352316 Lima: Yes
2024-10-14 17:58:02.352418 Quebec: Yes
2024-10-14 17:58:02.352519 Uniform: Yes
2024-10-14 17:58:02.352632 Juliett: Yes
ChatterBot Juliett reevaluating
ChatterBot Juliett reevaluating
ChatterBot Juliett reevaluating
ChatterBot Juliett reevaluating
ChatterBot Juliett reevaluating
2024-10-14 17:58:02.470720 Lima: Uniform, Echo, Kilo, Quebec and Juliett, sending you 3
2024-10-14 17:58:02.471700 Echo: Uniform and Juliett, sending you 1
2024-10-14 17:58:02.474694 Juliett: Echo we want you to join our group
2024-10-14 17:58:02.478382 Echo: Yes
ChatterBot Juliett reevaluating
2024-10-14 17:58:02.497047 Lima: India, sending you 4
2024-10-14 17:58:02.497511 Echo: India and Kilo, sending you 2
2024-10-14 17:58:02.497968 Foxtrot: Bravo, sending you 4
2024-10-14 17:58:02.501672 Echo: Lima and Quebec, sending you 3
2024-10-14 17:58:02.502386 Bravo: Foxtrot, sending you 7
2024-10-14 17:58:02.502967 India: Uniform, sending you 1
2024-10-14 17:58:02.503439 Foxtrot: Yankee, sending you 2
2024-10-14 17:58:02.503654 Uniform: Echo, sending you 1
2024-10-14 17:58:02.504172 Kilo: Uniform, sending you 1
2024-10-14 17:58:02.504600 Quebec: Uniform, India and Juliett, sending you 2
2024-10-14 17:58:02.507664 Bravo: Yankee, sending you 4
2024-10-14 17:58:02.507945 India: Echo, Kilo, Lima, Quebec and Juliett, sending you 3
2024-10-14 17:58:02.508496 Kilo: Echo, Lima, Quebec and Juliett, sending you 3
2024-10-14 17:58:02.509056 Uniform: India, Kilo, Lima and Juliett, sending you 2
2024-10-14 17:58:02.509438 Quebec: Echo, sending you 4
2024-10-14 17:58:02.512652 Kilo: India, sending you 4
2024-10-14 17:58:02.513845 Uniform: Quebec, sending you 3
2024-10-14 17:58:02.514658 Quebec: Kilo and Lima, sending you 3
2024-10-14 17:58:02.531659 Juliett: Uniform, India, Kilo and Quebec, sending you 2
2024-10-14 17:58:02.535109 Juliett: Lima, sending you 3
chatterbot Kilo submitting transactions
chatterbot Bravo submitting transactions
chatterbot India submitting transactions
chatterbot Yankee submitting transactions
chatterbot Lima submitting transactions
chatterbot Foxtrot submitting transactions
chatterbot Uniform submitting transactions
chatterbot Echo submitting transactions
chatterbot Quebec submitting transactions
chatterbot Juliett submitting transactions
ChatterBot Foxtrot round 4
ChatterBot Uniform round 4
ChatterBot Echo round 4
ChatterBot India round 4
ChatterBot Kilo round 4
ChatterBot Lima round 4
ChatterBot Bravo round 4
ChatterBot Quebec round 4
ChatterBot Yankee round 4
ChatterBot Juliett round 4
2024-10-14 17:58:03.544473 Echo: Uniform and Juliett, sending you 1
2024-10-14 17:58:03.546682 Kilo: Uniform, sending you 2
2024-10-14 17:58:03.547489 Quebec: Uniform, Echo, India, Kilo and Lima, sending you 3
2024-10-14 17:58:03.548823 Echo: India and Kilo, sending you 2
2024-10-14 17:58:03.549751 Uniform: Sending you each 2
2024-10-14 17:58:03.551675 Lima: Uniform, Echo, Kilo, Quebec and Juliett, sending you 3
2024-10-14 17:58:03.552893 Kilo: Echo, India, Lima, Quebec and Juliett, sending you 3
2024-10-14 17:58:03.553567 Quebec: Juliett, sending you 1
2024-10-14 17:58:03.554097 India: Uniform, sending you 1
2024-10-14 17:58:03.554554 Echo: Lima and Quebec, sending you 3
2024-10-14 17:58:03.555041 Yankee: Sending you each 1
2024-10-14 17:58:03.556676 Foxtrot: Bravo, sending you 3
2024-10-14 17:58:03.556919 Lima: India, sending you 4
2024-10-14 17:58:03.557686 India: Echo, Kilo, Lima, Quebec and Juliett, sending you 3
2024-10-14 17:58:03.560693 Bravo: Foxtrot, sending you 7
2024-10-14 17:58:03.560959 Foxtrot: Yankee, sending you 2
2024-10-14 17:58:03.564332 Bravo: Yankee, sending you 4
2024-10-14 17:58:03.564686 Juliett: Uniform, India, Kilo, Lima and Quebec, sending you 2
2024-10-14 17:58:03.569670 Juliett: Echo, sending you 1
chatterbot Quebec submitting transactions
chatterbot Bravo submitting transactions
chatterbot India submitting transactions
chatterbot Kilo submitting transactions
chatterbot Uniform submitting transactions
chatterbot Echo submitting transactions
chatterbot Lima submitting transactions
chatterbot Juliett submitting transactions
chatterbot Yankee submitting transactions
chatterbot Foxtrot submitting transactions
ChatterBot Foxtrot round 5
ChatterBot Uniform round 5
ChatterBot Echo round 5
ChatterBot India round 5
ChatterBot Kilo round 5
ChatterBot Lima round 5
ChatterBot Bravo round 5
ChatterBot Quebec round 5
ChatterBot Yankee round 5
ChatterBot Juliett round 5
2024-10-14 17:58:04.718702 Yankee: Same as last round
2024-10-14 17:58:04.720656 Foxtrot: Same as last round
2024-10-14 17:58:04.720967 Lima: Uniform, Echo, Kilo, Quebec and Juliett, sending you 3
2024-10-14 17:58:04.722666 Juliett: Uniform, India, Kilo, Lima and Quebec, sending you 2
2024-10-14 17:58:04.723445 Uniform: Same as last round
2024-10-14 17:58:04.724677 Bravo: Sending you 11
2024-10-14 17:58:04.724962 Lima: India, sending you 4
2024-10-14 17:58:04.726890 Juliett: Echo, sending you 1
2024-10-14 17:58:04.728707 Kilo: Uniform, sending you 2
2024-10-14 17:58:04.730694 Echo: Uniform and Juliett, sending you 1
2024-10-14 17:58:04.731283 India: Uniform, sending you 1
2024-10-14 17:58:04.733704 Echo: India, Kilo and Lima, sending you 2
2024-10-14 17:58:04.734673 Kilo: Echo, India, Lima, Quebec and Juliett, sending you 3
2024-10-14 17:58:04.735270 India: Echo, Kilo, Lima, Quebec and Juliett, sending you 3
2024-10-14 17:58:04.737671 Quebec: Uniform and Juliett, sending you 2
2024-10-14 17:58:04.738286 Echo: Quebec, sending you 4
2024-10-14 17:58:04.741659 Quebec: Echo, India, Kilo and Lima, sending you 3
chatterbot Juliett submitting transactions
chatterbot India submitting transactions
chatterbot Echo submitting transactions
chatterbot Quebec submitting transactions
chatterbot Bravo submitting transactions
chatterbot Foxtrot submitting transactions
chatterbot Yankee submitting transactions
chatterbot Uniform submitting transactions
chatterbot Lima submitting transactions
chatterbot Kilo submitting transactions
ChatterBot Foxtrot round 6
ChatterBot Uniform round 6
ChatterBot Echo round 6
ChatterBot India round 6
ChatterBot Kilo round 6
ChatterBot Lima round 6
ChatterBot Bravo round 6
ChatterBot Quebec round 6
ChatterBot Yankee round 6
ChatterBot Juliett round 6
2024-10-14 17:58:05.986669 Foxtrot: Same as last round
2024-10-14 17:58:05.995888 Yankee: Same as last round
2024-10-14 17:58:05.996686 Quebec: Uniform and Juliett, sending you 2
2024-10-14 17:58:05.998676 India: Uniform, sending you 1
2024-10-14 17:58:05.999658 Quebec: Echo, India, Kilo and Lima, sending you 3
2024-10-14 17:58:06.000702 Bravo: Foxtrot, sending you 7
2024-10-14 17:58:06.001853 Uniform: Same as last round
2024-10-14 17:58:06.003661 India: Echo, Kilo, Lima, Quebec and Juliett, sending you 3
2024-10-14 17:58:06.004267 Echo: Uniform and Juliett, sending you 1
2024-10-14 17:58:06.004848 Kilo: Uniform, sending you 2
2024-10-14 17:58:06.005661 Bravo: Yankee, sending you 4
2024-10-14 17:58:06.006682 Juliett: Uniform, India, Kilo, Lima and Quebec, sending you 2
2024-10-14 17:58:06.007660 Echo: India, Kilo and Lima, sending you 2
2024-10-14 17:58:06.008757 Lima: Uniform, Echo, Kilo, Quebec and Juliett, sending you 3
2024-10-14 17:58:06.009677 Kilo: Echo, India, Lima, Quebec and Juliett, sending you 3
2024-10-14 17:58:06.011656 Juliett: Echo, sending you 1
2024-10-14 17:58:06.012661 Echo: Quebec, sending you 4
2024-10-14 17:58:06.013155 Lima: India, sending you 4
chatterbot Foxtrot submitting transactions
chatterbot India submitting transactions
chatterbot Uniform submitting transactions
chatterbot Quebec submitting transactions
chatterbot Lima submitting transactions
chatterbot Kilo submitting transactions
chatterbot Bravo submitting transactions
chatterbot Juliett submitting transactions
chatterbot Yankee submitting transactions
chatterbot Echo submitting transactions
ChatterBot Foxtrot round 7
ChatterBot Uniform round 7
ChatterBot Echo round 7
ChatterBot India round 7
ChatterBot Kilo round 7
ChatterBot Lima round 7
ChatterBot Bravo round 7
ChatterBot Quebec round 7
ChatterBot Yankee round 7
ChatterBot Juliett round 7
2024-10-14 17:58:07.198917 Bravo: We should add Echo
2024-10-14 17:58:07.203916 Foxtrot: No
2024-10-14 17:58:07.204098 Yankee: No
ChatterBot Bravo reevaluating
ChatterBot Foxtrot reevaluating
ChatterBot Bravo reevaluating
2024-10-14 17:58:07.217241 Foxtrot: We should add Yankee
ChatterBot Bravo reevaluating
2024-10-14 17:58:07.220725 Bravo: Yes
ChatterBot Foxtrot reevaluating
2024-10-14 17:58:07.235945 Yankee: We should drop Foxtrot
ChatterBot Bravo reevaluating
2024-10-14 17:58:07.239461 Bravo: No
ChatterBot Yankee reevaluating
2024-10-14 17:58:07.242524 Foxtrot: Yankee we want you to join our group
ChatterBot Yankee reevaluating
2024-10-14 17:58:07.245089 Yankee: Yes
ChatterBot Foxtrot reevaluating
ChatterBot Bravo reevaluating
2024-10-14 17:58:07.251785 Lima: Uniform, Echo, Kilo, Quebec and Juliett, sending you 3
2024-10-14 17:58:07.252741 Echo: Uniform and Juliett, sending you 1
2024-10-14 17:58:07.256680 Echo: India, Kilo and Lima, sending you 2
2024-10-14 17:58:07.257974 Kilo: Uniform, sending you 2
2024-10-14 17:58:07.259206 Quebec: Uniform, sending you 2
2024-10-14 17:58:07.260705 Lima: India, sending you 4
2024-10-14 17:58:07.262073 Uniform: Same as last round
2024-10-14 17:58:07.263394 India: Uniform, sending you 1
2024-10-14 17:58:07.265588 Echo: Quebec, sending you 4
2024-10-14 17:58:07.266762 Kilo: Echo, India, Lima, Quebec and Juliett, sending you 3
2024-10-14 17:58:07.268093 Quebec: Echo, sending you 4
2024-10-14 17:58:07.269153 India: Echo, Kilo, Lima, Quebec and Juliett, sending you 3
2024-10-14 17:58:07.270315 Juliett: Uniform, India, Kilo, Lima and Quebec, sending you 2
2024-10-14 17:58:07.273667 Quebec: India, Kilo and Lima, sending you 3
2024-10-14 17:58:07.276661 Juliett: Echo, sending you 1
2024-10-14 17:58:07.277694 Quebec: Juliett, sending you 1
2024-10-14 17:58:07.286672 Bravo: Foxtrot, sending you 7
2024-10-14 17:58:07.287699 Yankee: Same as last round
2024-10-14 17:58:07.290663 Bravo: Yankee, sending you 4
2024-10-14 17:58:07.291002 Foxtrot: Sending you each 3
chatterbot Kilo submitting transactions
chatterbot Echo submitting transactions
chatterbot Quebec submitting transactions
chatterbot Juliett submitting transactions
chatterbot India submitting transactions
chatterbot Bravo submitting transactions
chatterbot Foxtrot submitting transactions
chatterbot Uniform submitting transactions
chatterbot Yankee submitting transactions
chatterbot Lima submitting transactions
ChatterBot Foxtrot round 8
ChatterBot Uniform round 8
ChatterBot Echo round 8
ChatterBot India round 8
ChatterBot Kilo round 8
ChatterBot Lima round 8
ChatterBot Bravo round 8
ChatterBot Quebec round 8
ChatterBot Yankee round 8
2024-10-14 17:58:08.314851 Bravo: We should add Uniform
2024-10-14 17:58:08.319389 Foxtrot: No
2024-10-14 17:58:08.319557 Yankee: No
ChatterBot Bravo reevaluating
ChatterBot Bravo reevaluating
ChatterBot Juliett round 8
2024-10-14 17:58:08.344666 India: Uniform, sending you 1
2024-10-14 17:58:08.345442 Foxtrot: Bravo, sending you 2
2024-10-14 17:58:08.349683 India: Echo, Kilo, Lima, Quebec and Juliett, sending you 3
2024-10-14 17:58:08.350437 Foxtrot: Yankee, sending you 3
2024-10-14 17:58:08.350726 Uniform: Same as last round
2024-10-14 17:58:08.351401 Lima: Uniform, Echo, India, Kilo and Juliett, sending you 3
2024-10-14 17:58:08.354672 Lima: Quebec, sending you 4
2024-10-14 17:58:08.357666 Kilo: Uniform, sending you 2
2024-10-14 17:58:08.358671 Echo: Uniform and Juliett, sending you 1
2024-10-14 17:58:08.361072 Kilo: Echo, India, Lima, Quebec and Juliett, sending you 3
2024-10-14 17:58:08.362070 Quebec: Uniform, sending you 1
2024-10-14 17:58:08.362922 Juliett: Uniform, India, Kilo, Lima and Quebec, sending you 2
2024-10-14 17:58:08.363640 Echo: India, Kilo and Lima, sending you 2
2024-10-14 17:58:08.365717 Yankee: Same as last round
2024-10-14 17:58:08.366697 Quebec: Echo, sending you 4
2024-10-14 17:58:08.368025 Juliett: Echo, sending you 1
2024-10-14 17:58:08.369129 Echo: Quebec, sending you 4
2024-10-14 17:58:08.370908 Bravo: Foxtrot, sending you 7
2024-10-14 17:58:08.371689 Quebec: India, Kilo and Lima, sending you 3
2024-10-14 17:58:08.373665 Bravo: Yankee, sending you 4
2024-10-14 17:58:08.376685 Quebec: Juliett, sending you 2
chatterbot India submitting transactions
chatterbot Echo submitting transactions
chatterbot Yankee submitting transactions
chatterbot Kilo submitting transactions
chatterbot Juliett submitting transactions
chatterbot Quebec submitting transactions
chatterbot Bravo submitting transactions
chatterbot Uniform submitting transactions
chatterbot Foxtrot submitting transactions
chatterbot Lima submitting transactions
ChatterBot Foxtrot round 9
ChatterBot Uniform round 9
ChatterBot Echo round 9
ChatterBot India round 9
ChatterBot Kilo round 9
ChatterBot Lima round 9
ChatterBot Bravo round 9
ChatterBot Quebec round 9
ChatterBot Yankee round 9
ChatterBot Juliett round 9
2024-10-14 17:58:09.525647 India: Uniform, sending you 1
2024-10-14 17:58:09.530664 India: Echo, Kilo, Lima, Quebec and Juliett, sending you 3
2024-10-14 17:58:09.534676 Kilo: Uniform, sending you 2
2024-10-14 17:58:09.536675 Uniform: Same as last round
2024-10-14 17:58:09.537376 Quebec: Uniform, sending you 1
2024-10-14 17:58:09.538688 Kilo: Echo, India, Lima, Quebec and Juliett, sending you 3
2024-10-14 17:58:09.539392 Echo: Uniform and Juliett, sending you 1
2024-10-14 17:58:09.540646 Bravo: Foxtrot, sending you 7
2024-10-14 17:58:09.541668 Lima: Uniform, Echo, India, Kilo and Juliett, sending you 3
2024-10-14 17:58:09.543093 Quebec: Echo, sending you 4
2024-10-14 17:58:09.543794 Foxtrot: Bravo, sending you 2
2024-10-14 17:58:09.544676 Echo: India, Kilo and Lima, sending you 2
2024-10-14 17:58:09.545683 Bravo: Yankee, sending you 4
2024-10-14 17:58:09.546690 Lima: Quebec, sending you 4
2024-10-14 17:58:09.547776 Yankee: Same as last round
2024-10-14 17:58:09.548189 Quebec: India, Kilo and Lima, sending you 3
2024-10-14 17:58:09.549178 Foxtrot: Yankee, sending you 3
2024-10-14 17:58:09.549530 Echo: Quebec, sending you 4
2024-10-14 17:58:09.550646 Juliett: Uniform, India, Kilo, Lima and Quebec, sending you 2
2024-10-14 17:58:09.552672 Quebec: Juliett, sending you 2
2024-10-14 17:58:09.554667 Juliett: Echo, sending you 1
chatterbot Echo submitting transactions
chatterbot Uniform submitting transactions
chatterbot Yankee submitting transactions
chatterbot India submitting transactions
chatterbot Lima submitting transactions
chatterbot Kilo submitting transactions
chatterbot Bravo submitting transactions
chatterbot Foxtrot submitting transactions
chatterbot Juliett submitting transactions
chatterbot Quebec submitting transactions
ChatterBot Foxtrot round 10
ChatterBot Uniform round 10
ChatterBot Echo round 10
ChatterBot India round 10
ChatterBot Kilo round 10
ChatterBot Lima round 10
ChatterBot Bravo round 10
ChatterBot Quebec round 10
ChatterBot Yankee round 10
ChatterBot Juliett round 10
2024-10-14 17:58:10.696667 Echo: Uniform and Juliett, sending you 1
2024-10-14 17:58:10.699674 Foxtrot: Bravo, sending you 2
2024-10-14 17:58:10.701671 Echo: India, Kilo and Lima, sending you 2
2024-10-14 17:58:10.702677 Lima: Uniform, Echo, India, Kilo and Juliett, sending you 3
2024-10-14 17:58:10.703980 Juliett: Uniform, India, Kilo, Lima and Quebec, sending you 2
2024-10-14 17:58:10.705276 Bravo: Foxtrot, sending you 6
2024-10-14 17:58:10.705684 Foxtrot: Yankee, sending you 4
2024-10-14 17:58:10.706043 Kilo: Uniform, sending you 2
2024-10-14 17:58:10.707229 Echo: Quebec, sending you 4
2024-10-14 17:58:10.708821 India: Uniform, sending you 1
2024-10-14 17:58:10.710046 Uniform: Same as last round
2024-10-14 17:58:10.711281 Lima: Quebec, sending you 4
2024-10-14 17:58:10.712522 Bravo: Yankee, sending you 5
2024-10-14 17:58:10.712931 Juliett: Echo, sending you 1
2024-10-14 17:58:10.714113 Kilo: Echo, India, Lima, Quebec and Juliett, sending you 3
2024-10-14 17:58:10.715356 Yankee: Same as last round
2024-10-14 17:58:10.715783 India: Echo, Kilo, Lima, Quebec and Juliett, sending you 3
2024-10-14 17:58:10.719695 Quebec: Uniform, sending you 1
2024-10-14 17:58:10.724664 Quebec: Echo, sending you 4
2024-10-14 17:58:10.727649 Quebec: India, Kilo and Lima, sending you 3
2024-10-14 17:58:10.733664 Quebec: Juliett, sending you 2
chatterbot India submitting transactions
chatterbot Uniform submitting transactions
chatterbot Echo submitting transactions
chatterbot Yankee submitting transactions
chatterbot Kilo submitting transactions
chatterbot Juliett submitting transactions
chatterbot Quebec submitting transactions
chatterbot Foxtrot submitting transactions
chatterbot Bravo submitting transactions
chatterbot Lima submitting transactions
ChatterBot Foxtrot round 11
ChatterBot Uniform round 11
ChatterBot Echo round 11
ChatterBot India round 11
ChatterBot Kilo round 11
ChatterBot Lima round 11
ChatterBot Bravo round 11
ChatterBot Quebec round 11
ChatterBot Yankee round 11
ChatterBot Juliett round 11
2024-10-14 17:58:11.926114 Uniform: Same as last round
2024-10-14 17:58:11.927516 Quebec: We should drop Uniform
ChatterBot Juliett reevaluating
2024-10-14 17:58:11.939416 Echo: No
2024-10-14 17:58:11.939590 India: No
2024-10-14 17:58:11.939770 Kilo: No
2024-10-14 17:58:11.939918 Lima: No
2024-10-14 17:58:11.940057 Juliett: Yes
ChatterBot Quebec reevaluating
ChatterBot Juliett reevaluating
ChatterBot Quebec reevaluating
ChatterBot Juliett reevaluating
ChatterBot Quebec reevaluating
ChatterBot Juliett reevaluating
ChatterBot Quebec reevaluating
ChatterBot Juliett reevaluating
ChatterBot Quebec reevaluating
2024-10-14 17:58:11.987522 Echo: Uniform and Juliett, sending you 1
2024-10-14 17:58:11.990677 Kilo: Uniform, sending you 1
2024-10-14 17:58:11.991460 Yankee: Foxtrot, sending you 1
2024-10-14 17:58:11.991815 Echo: India, Kilo and Lima, sending you 2
2024-10-14 17:58:11.992544 Lima: Uniform, Echo, India, Kilo and Juliett, sending you 3
2024-10-14 17:58:11.993283 India: Uniform, sending you 1
2024-10-14 17:58:11.994007 Foxtrot: Bravo, sending you 2
2024-10-14 17:58:11.994692 Kilo: Echo, India, Lima and Juliett, sending you 3
2024-10-14 17:58:11.995720 Echo: Quebec, sending you 4
2024-10-14 17:58:11.997675 Lima: Quebec, sending you 4
2024-10-14 17:58:11.998445 India: Echo, Kilo, Lima, Quebec and Juliett, sending you 3
2024-10-14 17:58:11.999496 Foxtrot: Yankee, sending you 4
2024-10-14 17:58:11.999795 Kilo: Quebec, sending you 4
2024-10-14 17:58:12.000940 Quebec: We should drop Juliett
ChatterBot Lima reevaluating
2024-10-14 17:58:12.011911 Uniform: No
2024-10-14 17:58:12.012061 Echo: No
2024-10-14 17:58:12.012184 India: No
2024-10-14 17:58:12.012291 Kilo: No
2024-10-14 17:58:12.012404 Lima: Yes
ChatterBot Quebec reevaluating
ChatterBot Lima reevaluating
ChatterBot Quebec reevaluating
ChatterBot Lima reevaluating
ChatterBot Quebec reevaluating
ChatterBot Lima reevaluating
ChatterBot Quebec reevaluating
ChatterBot Lima reevaluating
ChatterBot Quebec reevaluating
2024-10-14 17:58:12.072919 Juliett: Uniform, India, Kilo, Lima and Quebec, sending you 2
2024-10-14 17:58:12.075667 Bravo: Foxtrot, sending you 6
2024-10-14 17:58:12.078713 Juliett: Echo, sending you 1
2024-10-14 17:58:12.079703 Bravo: Yankee, sending you 5
2024-10-14 17:58:12.107686 Quebec: Uniform, sending you 2
2024-10-14 17:58:12.114440 Quebec: Echo, sending you 4
2024-10-14 17:58:12.118692 Quebec: India, Kilo and Lima, sending you 3
chatterbot Uniform submitting transactions
chatterbot Yankee submitting transactions
chatterbot Juliett submitting transactions
chatterbot Echo submitting transactions
chatterbot Foxtrot submitting transactions
chatterbot Lima submitting transactions
chatterbot Quebec submitting transactions
chatterbot Kilo submitting transactions
chatterbot Bravo submitting transactions
chatterbot India submitting transactions
ChatterBot Foxtrot round 12
ChatterBot Uniform round 12
ChatterBot Echo round 12
ChatterBot India round 12
ChatterBot Kilo round 12
ChatterBot Lima round 12
ChatterBot Bravo round 12
ChatterBot Quebec round 12
ChatterBot Yankee round 12
ChatterBot Juliett round 12
2024-10-14 17:58:13.133667 Foxtrot: Bravo, sending you 2
2024-10-14 17:58:13.134088 India: Uniform, sending you 1
2024-10-14 17:58:13.135245 Uniform: Same as last round
2024-10-14 17:58:13.137078 Lima: Uniform, Echo, India, Kilo and Juliett, sending you 3
2024-10-14 17:58:13.138025 Echo: Uniform and Juliett, sending you 1
2024-10-14 17:58:13.139157 Foxtrot: Yankee, sending you 4
2024-10-14 17:58:13.139689 India: Echo, Kilo, Lima, Quebec and Juliett, sending you 3
2024-10-14 17:58:13.140580 Quebec: Uniform, sending you 2
2024-10-14 17:58:13.141214 Kilo: Uniform, sending you 1
2024-10-14 17:58:13.142399 Juliett: Uniform, India, Kilo, Lima and Quebec, sending you 2
2024-10-14 17:58:13.143409 Lima: Quebec, sending you 4
2024-10-14 17:58:13.144157 Bravo: Foxtrot, sending you 7
2024-10-14 17:58:13.144434 Echo: India, Kilo and Lima, sending you 2
2024-10-14 17:58:13.145155 Quebec: Echo, sending you 4
2024-10-14 17:58:13.145451 Yankee: Foxtrot, sending you 1
2024-10-14 17:58:13.146174 Kilo: Echo, India, Lima and Juliett, sending you 3
2024-10-14 17:58:13.146967 Juliett: Echo, sending you 1
2024-10-14 17:58:13.147643 Bravo: Yankee, sending you 4
2024-10-14 17:58:13.147896 Echo: Quebec, sending you 4
2024-10-14 17:58:13.148679 Quebec: India, Kilo and Lima, sending you 3
2024-10-14 17:58:13.150665 Kilo: Quebec, sending you 4
chatterbot Uniform submitting transactions
chatterbot Bravo submitting transactions
chatterbot Foxtrot submitting transactions
chatterbot Quebec submitting transactions
chatterbot India submitting transactions
chatterbot Kilo submitting transactions
chatterbot Yankee submitting transactions
chatterbot Juliett submitting transactions
chatterbot Lima submitting transactions
chatterbot Echo submitting transactions
ChatterBot Foxtrot round 13
ChatterBot Uniform round 13
ChatterBot Echo round 13
ChatterBot India round 13
ChatterBot Kilo round 13
ChatterBot Lima round 13
ChatterBot Bravo round 13
ChatterBot Quebec round 13
ChatterBot Yankee round 13
ChatterBot Juliett round 13
2024-10-14 17:58:14.261659 Kilo: Uniform and Juliett, sending you 2
2024-10-14 17:58:14.264829 Juliett: We should drop Quebec
ChatterBot Lima reevaluating
2024-10-14 17:58:14.278313 Uniform: No
2024-10-14 17:58:14.278494 Echo: No
2024-10-14 17:58:14.278645 India: No
2024-10-14 17:58:14.278826 Kilo: No
2024-10-14 17:58:14.279013 Lima: No
ChatterBot Juliett reevaluating
ChatterBot Lima reevaluating
ChatterBot Juliett reevaluating
ChatterBot Lima reevaluating
ChatterBot Juliett reevaluating
ChatterBot Lima reevaluating
ChatterBot Juliett reevaluating
ChatterBot Lima reevaluating
ChatterBot Juliett reevaluating
2024-10-14 17:58:14.335170 Quebec: Uniform, sending you 2
2024-10-14 17:58:14.335582 India: Uniform, sending you 1
2024-10-14 17:58:14.336373 Yankee: Foxtrot, sending you 1
2024-10-14 17:58:14.336666 Bravo: Foxtrot, sending you 7
2024-10-14 17:58:14.336998 Foxtrot: Bravo, sending you 2
2024-10-14 17:58:14.337340 Kilo: Echo, India and Lima, sending you 3
2024-10-14 17:58:14.338154 Echo: Uniform and Juliett, sending you 1
2024-10-14 17:58:14.339364 India: Echo, Kilo, Lima, Quebec and Juliett, sending you 3
2024-10-14 17:58:14.340522 Lima: We should drop Juliett
2024-10-14 17:58:14.351008 Quebec: Yes
2024-10-14 17:58:14.351193 Uniform: No
2024-10-14 17:58:14.351363 Echo: No
2024-10-14 17:58:14.351505 India: No
2024-10-14 17:58:14.351668 Kilo: No
ChatterBot Lima reevaluating
ChatterBot Lima reevaluating
ChatterBot Lima reevaluating
ChatterBot Lima reevaluating
ChatterBot Lima reevaluating
2024-10-14 17:58:14.419840 Quebec: Echo, sending you 4
2024-10-14 17:58:14.420299 Bravo: Yankee, sending you 4
2024-10-14 17:58:14.421032 Foxtrot: Yankee, sending you 4
2024-10-14 17:58:14.421303 Kilo: Quebec, sending you 4
2024-10-14 17:58:14.422160 Echo: India, Kilo and Lima, sending you 2
2024-10-14 17:58:14.422890 Uniform: Same as last round
2024-10-14 17:58:14.423659 Quebec: India, Kilo and Lima, sending you 3
2024-10-14 17:58:14.425788 Juliett: Uniform, India, Kilo, Lima and Quebec, sending you 2
2024-10-14 17:58:14.426889 Echo: Quebec, sending you 4
2024-10-14 17:58:14.431667 Juliett: Echo, sending you 1
2024-10-14 17:58:14.458673 Lima: Uniform, sending you 3
2024-10-14 17:58:14.462656 Lima: Echo, India, Kilo and Quebec, sending you 4
chatterbot India submitting transactions
chatterbot Yankee submitting transactions
chatterbot Lima submitting transactions
chatterbot Bravo submitting transactions
chatterbot Foxtrot submitting transactions
chatterbot Uniform submitting transactions
chatterbot Quebec submitting transactions
chatterbot Echo submitting transactions
chatterbot Kilo submitting transactions
chatterbot Juliett submitting transactions
ChatterBot Foxtrot round 14
ChatterBot Uniform round 14
ChatterBot Echo round 14
ChatterBot India round 14
ChatterBot Kilo round 14
ChatterBot Lima round 14
ChatterBot Bravo round 14
ChatterBot Quebec round 14
ChatterBot Yankee round 14
ChatterBot Juliett round 14
2024-10-14 17:58:15.421664 Foxtrot: Bravo, sending you 2
2024-10-14 17:58:15.424666 Foxtrot: Yankee, sending you 5
2024-10-14 17:58:15.427669 Quebec: Uniform, sending you 2
2024-10-14 17:58:15.432669 Quebec: Echo, sending you 4
2024-10-14 17:58:15.433317 Kilo: Uniform and Juliett, sending you 2
2024-10-14 17:58:15.434723 Bravo: Foxtrot, sending you 7
2024-10-14 17:58:15.435556 Yankee: Foxtrot, sending you 1
2024-10-14 17:58:15.436042 Quebec: India, Kilo and Lima, sending you 3
2024-10-14 17:58:15.437402 India: Uniform, sending you 1
2024-10-14 17:58:15.439223 Juliett: Uniform, Echo, India, Kilo and Lima, sending you 2
2024-10-14 17:58:15.441253 Kilo: Echo, India and Lima, sending you 3
2024-10-14 17:58:15.443203 Echo: Uniform and Juliett, sending you 1
2024-10-14 17:58:15.444279 Bravo: Yankee, sending you 4
2024-10-14 17:58:15.444594 Uniform: Same as last round
2024-10-14 17:58:15.445657 India: Echo, Kilo, Lima, Quebec and Juliett, sending you 3
2024-10-14 17:58:15.447232 Juliett: Quebec, sending you 1
2024-10-14 17:58:15.449928 Lima: Uniform, sending you 3
2024-10-14 17:58:15.450695 Kilo: Quebec, sending you 4
2024-10-14 17:58:15.452281 Echo: India, Kilo and Lima, sending you 2
2024-10-14 17:58:15.454692 Lima: Echo, India, Kilo and Quebec, sending you 4
2024-10-14 17:58:15.456683 Echo: Quebec, sending you 4
chatterbot Foxtrot submitting transactions
chatterbot Quebec submitting transactions
chatterbot Echo submitting transactions
chatterbot India submitting transactions
chatterbot Kilo submitting transactions
chatterbot Lima submitting transactions
chatterbot Uniform submitting transactions
chatterbot Bravo submitting transactions
chatterbot Juliett submitting transactions
chatterbot Yankee submitting transactions
ChatterBot Foxtrot round 15
ChatterBot Uniform round 15
ChatterBot Echo round 15
