ChatterBot X-ray round 1
ChatterBot Yankee round 1
ChatterBot Papa round 1
ChatterBot Alpha round 1
ChatterBot Echo round 1
ChatterBot Tango round 1
ChatterBot Uniform round 1
ChatterBot November round 1
ChatterBot Golf round 1
randomSelections Alpha: {Alpha, Yankee, X-ray, Tango, Foxtrot, Uniform} 
2024-10-14 17:57:58.966818 Alpha: We would work well together
ChatterBot Yankee reevaluating
ChatterBot X-ray reevaluating
ChatterBot Tango reevaluating
ChatterBot Uniform reevaluating
2024-10-14 17:57:58.979379 Yankee: Yes
2024-10-14 17:57:58.979535 X-ray: Yes
2024-10-14 17:57:58.979709 Tango: Yes
2024-10-14 17:57:58.980580 Uniform: Yes
ChatterBot X-ray reevaluating
ChatterBot Tango reevaluating
ChatterBot Uniform reevaluating
ChatterBot Yankee reevaluating
ChatterBot Tango reevaluating
ChatterBot Uniform reevaluating
ChatterBot Yankee reevaluating
ChatterBot X-ray reevaluating
ChatterBot Uniform reevaluating
ChatterBot Yankee reevaluating
ChatterBot X-ray reevaluating
ChatterBot Tango reevaluating
ChatterBot Foxtrot round 1
ChatterBot Foxtrot reevaluating
ChatterBot Foxtrot reevaluating
ChatterBot Foxtrot reevaluating
ChatterBot Foxtrot reevaluating
ChatterBot Foxtrot reevaluating
2024-10-14 17:57:59.027086 Foxtrot: Yes
ChatterBot Yankee reevaluating
ChatterBot X-ray reevaluating
ChatterBot Tango reevaluating
ChatterBot Uniform reevaluating
randomSelections Golf: {Golf, Papa, Yankee, Foxtrot} 
2024-10-14 17:57:59.052457 Golf: Let's form a team
ChatterBot Papa reevaluating
ChatterBot Yankee reevaluating
ChatterBot Foxtrot reevaluating
2024-10-14 17:57:59.060003 Papa: Yes
2024-10-14 17:57:59.060174 Yankee: No
2024-10-14 17:57:59.060392 Foxtrot: No
ChatterBot Yankee reevaluating
ChatterBot Foxtrot reevaluating
ChatterBot Papa reevaluating
ChatterBot Foxtrot reevaluating
ChatterBot Papa reevaluating
ChatterBot Yankee reevaluating
randomSelections November: {November, Yankee, X-ray} 
2024-10-14 17:57:59.085290 November: We should group up
ChatterBot Yankee reevaluating
ChatterBot X-ray reevaluating
2024-10-14 17:57:59.090394 Yankee: No
2024-10-14 17:57:59.090565 X-ray: No
ChatterBot X-ray reevaluating
ChatterBot Yankee reevaluating
randomSelections Echo: {Echo, X-ray, Papa, Foxtrot, November, Golf} 
2024-10-14 17:57:59.103810 Echo: Group up?
ChatterBot X-ray reevaluating
ChatterBot Papa reevaluating
ChatterBot Foxtrot reevaluating
2024-10-14 17:57:59.113552 X-ray: No
2024-10-14 17:57:59.114373 Papa: No
2024-10-14 17:57:59.114638 Foxtrot: No
2024-10-14 17:57:59.114872 November: No
2024-10-14 17:57:59.115093 Golf: No
ChatterBot Papa reevaluating
ChatterBot Foxtrot reevaluating
ChatterBot X-ray reevaluating
ChatterBot Foxtrot reevaluating
ChatterBot X-ray reevaluating
ChatterBot Papa reevaluating
ChatterBot X-ray reevaluating
ChatterBot Papa reevaluating
ChatterBot Foxtrot reevaluating
ChatterBot X-ray reevaluating
ChatterBot Papa reevaluating
ChatterBot Foxtrot reevaluating
2024-10-14 17:57:59.176899 Uniform: X-ray and Alpha, sending you 3
2024-10-14 17:57:59.177721 Yankee: X-ray and Tango, sending you 4
2024-10-14 17:57:59.178604 November: X-ray, sending you 6
2024-10-14 17:57:59.179043 Alpha: X-ray, Yankee, Uniform and Foxtrot, sending you 2
2024-10-14 17:57:59.180023 Echo: X-ray, Papa and November, sending you 3
2024-10-14 17:57:59.180697 X-ray: Yankee, sending you 1
2024-10-14 17:57:59.181690 Golf: Yankee, Papa and Foxtrot, sending you 4
2024-10-14 17:57:59.181975 Uniform: Yankee, sending you 5
2024-10-14 17:57:59.182864 Yankee: Alpha and Foxtrot, sending you 5
2024-10-14 17:57:59.183207 Alpha: Tango, sending you 3
2024-10-14 17:57:59.183696 November: Yankee, sending you 5
2024-10-14 17:57:59.184350 Echo: Golf, sending you 7
2024-10-14 17:57:59.185769 Foxtrot: X-ray and Uniform, sending you 2
2024-10-14 17:57:59.186139 X-ray: Alpha and Tango, sending you 2
2024-10-14 17:57:59.186408 Uniform: Tango, sending you 4
2024-10-14 17:57:59.186691 Yankee: Uniform, sending you 1
2024-10-14 17:57:59.187686 Papa: Yankee, sending you 7
2024-10-14 17:57:59.189676 Tango: X-ray and Alpha, sending you 3
2024-10-14 17:57:59.190481 Foxtrot: Yankee, Alpha and Tango, sending you 1
2024-10-14 17:57:59.190834 Uniform: Foxtrot, sending you 2
2024-10-14 17:57:59.191151 X-ray: Uniform, sending you 5
2024-10-14 17:57:59.191861 Papa: Golf, sending you 4
2024-10-14 17:57:59.193661 Tango: Yankee, sending you 6
2024-10-14 17:57:59.195193 X-ray: Foxtrot, sending you 4
2024-10-14 17:57:59.195573 Papa: Foxtrot, sending you 5
2024-10-14 17:57:59.198671 Tango: Uniform, sending you 1
2024-10-14 17:57:59.203092 Tango: Foxtrot, sending you 4
chatterbot X-ray submitting transactions
chatterbot Yankee submitting transactions
chatterbot Echo submitting transactions
chatterbot Papa submitting transactions
chatterbot Tango submitting transactions
chatterbot Golf submitting transactions
chatterbot Alpha submitting transactions
chatterbot Uniform submitting transactions
chatterbot Foxtrot submitting transactions
chatterbot November submitting transactions
ChatterBot X-ray round 2
ChatterBot Yankee round 2
ChatterBot Papa round 2
ChatterBot Alpha round 2
ChatterBot Echo round 2
ChatterBot Tango round 2
ChatterBot Uniform round 2
ChatterBot November round 2
ChatterBot Golf round 2
ChatterBot Foxtrot round 2
2024-10-14 17:58:00.149559 Papa: We should replace Yankee with Echo
ChatterBot Golf reevaluating
ChatterBot Foxtrot reevaluating
2024-10-14 17:58:00.165788 Golf: Yes
2024-10-14 17:58:00.166628 Foxtrot: No
ChatterBot Papa reevaluating
ChatterBot Foxtrot reevaluating
ChatterBot Papa reevaluating
ChatterBot Golf reevaluating
2024-10-14 17:58:00.207349 X-ray: We should add November
ChatterBot Yankee reevaluating
ChatterBot Tango reevaluating
ChatterBot Foxtrot reevaluating
ChatterBot Uniform reevaluating
2024-10-14 17:58:00.234488 Alpha: No
2024-10-14 17:58:00.235547 Yankee: No
2024-10-14 17:58:00.235775 Tango: No
2024-10-14 17:58:00.235983 Foxtrot: No
2024-10-14 17:58:00.236190 Uniform: No
ChatterBot Yankee reevaluating
ChatterBot Tango reevaluating
ChatterBot Foxtrot reevaluating
ChatterBot Uniform reevaluating
ChatterBot Tango reevaluating
ChatterBot Foxtrot reevaluating
ChatterBot Uniform reevaluating
ChatterBot Yankee reevaluating
ChatterBot Foxtrot reevaluating
ChatterBot Uniform reevaluating
ChatterBot Yankee reevaluating
ChatterBot Tango reevaluating
ChatterBot Uniform reevaluating
ChatterBot Yankee reevaluating
ChatterBot Tango reevaluating
ChatterBot Foxtrot reevaluating
2024-10-14 17:58:00.424093 Echo: Let's form a team
ChatterBot Yankee reevaluating
ChatterBot Tango reevaluating
ChatterBot Uniform reevaluating
ChatterBot Foxtrot reevaluating
2024-10-14 17:58:00.447936 X-ray: No
2024-10-14 17:58:00.448092 Yankee: No
2024-10-14 17:58:00.448200 Alpha: No
2024-10-14 17:58:00.448319 Tango: No
2024-10-14 17:58:00.448998 Uniform: No
2024-10-14 17:58:00.449104 Foxtrot: No
ChatterBot Yankee reevaluating
ChatterBot Tango reevaluating
ChatterBot Uniform reevaluating
ChatterBot Foxtrot reevaluating
ChatterBot Tango reevaluating
ChatterBot Uniform reevaluating
ChatterBot Foxtrot reevaluating
ChatterBot Yankee reevaluating
ChatterBot Tango reevaluating
ChatterBot Uniform reevaluating
ChatterBot Foxtrot reevaluating
ChatterBot Yankee reevaluating
ChatterBot Uniform reevaluating
ChatterBot Foxtrot reevaluating
ChatterBot Yankee reevaluating
ChatterBot Tango reevaluating
ChatterBot Foxtrot reevaluating
ChatterBot Yankee reevaluating
ChatterBot Tango reevaluating
ChatterBot Uniform reevaluating
2024-10-14 17:58:00.582766 November: Can we be friends?
2024-10-14 17:58:00.586163 Echo: No
2024-10-14 17:58:00.589971 X-ray: November we want you to join our group
2024-10-14 17:58:00.593824 November: No
ChatterBot Yankee reevaluating
ChatterBot Tango reevaluating
ChatterBot Uniform reevaluating
2024-10-14 17:58:00.615114 Papa: Echo we want you to join our group
ChatterBot Echo reevaluating
2024-10-14 17:58:00.619460 Echo: Yes
ChatterBot Papa reevaluating
2024-10-14 17:58:00.630055 Papa: Can we be friends?
ChatterBot Echo reevaluating
2024-10-14 17:58:00.645285 Echo: No
2024-10-14 17:58:00.645465 Golf: No
2024-10-14 17:58:00.646091 November: No
ChatterBot Papa reevaluating
ChatterBot Papa reevaluating
ChatterBot Echo reevaluating
ChatterBot Papa reevaluating
ChatterBot Echo reevaluating
2024-10-14 17:58:00.908621 November: Sending you 5
2024-10-14 17:58:00.908945 Foxtrot: X-ray and Yankee, sending you 2
2024-10-14 17:58:00.909445 Golf: Sending you each 4
2024-10-14 17:58:00.910179 Alpha: X-ray, Tango and Uniform, sending you 2
chatterbot Alpha submitting transactions
2024-10-14 17:58:01.341232 Foxtrot: Alpha, Tango and Uniform, sending you 1
2024-10-14 17:58:01.341829 Alpha: Yankee, sending you 4
2024-10-14 17:58:01.342821 X-ray: Yankee, sending you 3
2024-10-14 17:58:01.343239 Tango: X-ray, sending you 3
2024-10-14 17:58:01.344140 Uniform: X-ray, sending you 6
2024-10-14 17:58:01.344587 Yankee: X-ray and Foxtrot, sending you 2
chatterbot November submitting transactions
chatterbot Yankee submitting transactions
chatterbot Tango submitting transactions
2024-10-14 17:58:01.410875 X-ray: Alpha, Tango, Uniform and Foxtrot, sending you 2
2024-10-14 17:58:01.411784 Tango: Yankee and Uniform, sending you 5
2024-10-14 17:58:01.412262 Uniform: Yankee, Alpha, Tango and Foxtrot, sending you 3
2024-10-14 17:58:01.413140 Alpha: Foxtrot, sending you 1
2024-10-14 17:58:01.413658 Papa: Echo, sending you 6
2024-10-14 17:58:01.414375 Echo: Papa, sending you 6
2024-10-14 17:58:01.414708 Yankee: Alpha, sending you 3
chatterbot Echo submitting transactions
chatterbot Papa submitting transactions
chatterbot Foxtrot submitting transactions
chatterbot Golf submitting transactions
chatterbot Uniform submitting transactions
2024-10-14 17:58:01.416089 Tango: Alpha, sending you 4
2024-10-14 17:58:01.416580 X-ray: November, sending you 4
2024-10-14 17:58:01.491687 Papa: November, sending you 1
2024-10-14 17:58:01.492474 Tango: Foxtrot, sending you 2
2024-10-14 17:58:01.493111 Echo: November and Golf, sending you 5
2024-10-14 17:58:01.493538 Yankee: Tango, sending you 6
2024-10-14 17:58:01.512650 Papa: Golf, sending you 9
2024-10-14 17:58:01.513738 Yankee: Uniform, sending you 5
chatterbot X-ray submitting transactions
ChatterBot X-ray round 3
ChatterBot Yankee round 3
ChatterBot Papa round 3
ChatterBot Alpha round 3
ChatterBot Echo round 3
ChatterBot Tango round 3
ChatterBot Uniform round 3
ChatterBot November round 3
ChatterBot Golf round 3
ChatterBot Foxtrot round 3
2024-10-14 17:58:01.664040 Papa: We should add Foxtrot
ChatterBot Echo reevaluating
ChatterBot November reevaluating
2024-10-14 17:58:01.677480 Echo: Yes
2024-10-14 17:58:01.677744 Golf: No
2024-10-14 17:58:01.678050 November: No
ChatterBot November reevaluating
ChatterBot Papa reevaluating
ChatterBot Echo reevaluating
ChatterBot November reevaluating
ChatterBot Papa reevaluating
ChatterBot Echo reevaluating
2024-10-14 17:58:01.764788 November: We should add Papa
ChatterBot Echo reevaluating
2024-10-14 17:58:01.771023 Echo: Yes
ChatterBot November reevaluating
2024-10-14 17:58:01.791223 Papa: We should add X-ray
ChatterBot Echo reevaluating
ChatterBot November reevaluating
2024-10-14 17:58:01.807369 Echo: Yes
2024-10-14 17:58:01.807565 Golf: Yes
2024-10-14 17:58:01.808145 November: Yes
ChatterBot Papa reevaluating
ChatterBot November reevaluating
ChatterBot Papa reevaluating
ChatterBot Echo reevaluating
ChatterBot November reevaluating
ChatterBot Papa reevaluating
ChatterBot Echo reevaluating
2024-10-14 17:58:01.858015 X-ray: We should drop November
2024-10-14 17:58:01.882177 Alpha: Yes
2024-10-14 17:58:01.882441 Yankee: Yes
2024-10-14 17:58:01.882649 Tango: Yes
2024-10-14 17:58:01.882829 Foxtrot: Yes
2024-10-14 17:58:01.883009 Uniform: Yes
ChatterBot X-ray reevaluating
ChatterBot X-ray reevaluating
ChatterBot X-ray reevaluating
ChatterBot X-ray reevaluating
2024-10-14 17:58:01.999973 Echo: X-ray we want you to join our group
ChatterBot X-ray reevaluating
2024-10-14 17:58:02.005404 X-ray: No
ChatterBot Echo reevaluating
ChatterBot Papa reevaluating
2024-10-14 17:58:02.025515 November: Papa we want you to join our group
ChatterBot Papa reevaluating
2024-10-14 17:58:02.030972 Papa: Yes
ChatterBot Echo reevaluating
2024-10-14 17:58:02.041400 Yankee: X-ray and Foxtrot, sending you 3
2024-10-14 17:58:02.042531 Alpha: X-ray, Tango and Uniform, sending you 2
2024-10-14 17:58:02.045685 Uniform: X-ray, Yankee and Tango, sending you 4
2024-10-14 17:58:02.046245 Golf: Same as last round
2024-10-14 17:58:02.046532 Tango: X-ray and Alpha, sending you 3
2024-10-14 17:58:02.047290 Foxtrot: X-ray and Yankee, sending you 2
2024-10-14 17:58:02.047675 Yankee: Alpha and Uniform, sending you 4
2024-10-14 17:58:02.048083 Papa: X-ray we want you to join our group
ChatterBot X-ray reevaluating
2024-10-14 17:58:02.055154 X-ray: No
ChatterBot Echo reevaluating
ChatterBot Papa reevaluating
ChatterBot Golf reevaluating
2024-10-14 17:58:02.077776 Golf: We should add November
ChatterBot Papa reevaluating
ChatterBot Echo reevaluating
2024-10-14 17:58:02.084110 Papa: Yes
2024-10-14 17:58:02.084550 Echo: Yes
ChatterBot Golf reevaluating
ChatterBot Echo reevaluating
ChatterBot Golf reevaluating
ChatterBot Papa reevaluating
2024-10-14 17:58:02.098352 Alpha: Yankee, sending you 4
2024-10-14 17:58:02.099329 Uniform: Alpha and Foxtrot, sending you 3
2024-10-14 17:58:02.099712 Tango: Yankee, sending you 7
2024-10-14 17:58:02.100043 Foxtrot: Alpha, Tango and Uniform, sending you 1
2024-10-14 17:58:02.100920 Yankee: Tango, sending you 5
2024-10-14 17:58:02.102675 Alpha: Foxtrot, sending you 1
2024-10-14 17:58:02.103870 Tango: Uniform, sending you 4
2024-10-14 17:58:02.105705 November: Sending you each 5
2024-10-14 17:58:02.106006 Golf: November we want you to join our group
2024-10-14 17:58:02.109667 November: No
ChatterBot Papa reevaluating
ChatterBot Golf reevaluating
chatterbot Yankee submitting transactions
2024-10-14 17:58:02.126146 Tango: Foxtrot, sending you 2
2024-10-14 17:58:02.136723 Echo: X-ray, sending you 3
2024-10-14 17:58:02.141705 Echo: Papa and November, sending you 5
2024-10-14 17:58:02.147433 Echo: Golf, sending you 4
2024-10-14 17:58:02.150676 X-ray: Yankee, Tango and Foxtrot, sending you 3
2024-10-14 17:58:02.158274 X-ray: Alpha, sending you 2
chatterbot Papa submitting transactions
2024-10-14 17:58:02.161671 Papa: X-ray and November, sending you 1
2024-10-14 17:58:02.162664 X-ray: Uniform, sending you 4
2024-10-14 17:58:02.165687 Papa: Echo and Golf, sending you 7
chatterbot Foxtrot submitting transactions
chatterbot Tango submitting transactions
chatterbot Uniform submitting transactions
chatterbot Alpha submitting transactions
chatterbot Golf submitting transactions
chatterbot Echo submitting transactions
chatterbot November submitting transactions
chatterbot X-ray submitting transactions
ChatterBot X-ray round 4
ChatterBot Yankee round 4
ChatterBot Papa round 4
ChatterBot Alpha round 4
ChatterBot Echo round 4
ChatterBot Tango round 4
ChatterBot Uniform round 4
ChatterBot November round 4
ChatterBot Golf round 4
ChatterBot Foxtrot round 4
2024-10-14 17:58:03.057626 Golf: We should add November
ChatterBot Echo reevaluating
2024-10-14 17:58:03.064895 Papa: Yes
2024-10-14 17:58:03.065076 Echo: Yes
ChatterBot Echo reevaluating
2024-10-14 17:58:03.078440 Echo: We should replace X-ray with Foxtrot
ChatterBot Papa reevaluating
2024-10-14 17:58:03.088281 Papa: No
2024-10-14 17:58:03.088443 Golf: No
2024-10-14 17:58:03.088579 November: No
ChatterBot Echo reevaluating
ChatterBot Papa reevaluating
ChatterBot Echo reevaluating
ChatterBot Papa reevaluating
ChatterBot Echo reevaluating
2024-10-14 17:58:03.111150 Golf: November we want you to join our group
2024-10-14 17:58:03.113418 November: No
ChatterBot Papa reevaluating
ChatterBot Echo reevaluating
2024-10-14 17:58:03.122687 Tango: X-ray and Alpha, sending you 3
2024-10-14 17:58:03.123992 November: Same as last round
2024-10-14 17:58:03.124677 Alpha: X-ray, Tango, Uniform and Foxtrot, sending you 2
2024-10-14 17:58:03.125243 Uniform: X-ray, Yankee and Tango, sending you 4
2024-10-14 17:58:03.125916 X-ray: Yankee, Tango and Foxtrot, sending you 3
2024-10-14 17:58:03.126892 Tango: Yankee, sending you 7
2024-10-14 17:58:03.127687 Alpha: Yankee, sending you 3
2024-10-14 17:58:03.129714 Foxtrot: X-ray and Yankee, sending you 2
2024-10-14 17:58:03.130679 Uniform: Alpha and Foxtrot, sending you 3
2024-10-14 17:58:03.131229 X-ray: Alpha, sending you 2
2024-10-14 17:58:03.132289 Tango: Uniform, sending you 4
2024-10-14 17:58:03.132774 Yankee: X-ray and Foxtrot, sending you 3
2024-10-14 17:58:03.133293 Echo: Papa, November and Golf, sending you 6
2024-10-14 17:58:03.134674 Foxtrot: Alpha, Tango and Uniform, sending you 1
2024-10-14 17:58:03.135707 X-ray: Uniform, sending you 4
2024-10-14 17:58:03.136237 Tango: Foxtrot, sending you 2
2024-10-14 17:58:03.136806 Golf: Papa and Echo, sending you 4
2024-10-14 17:58:03.137672 Yankee: Alpha and Uniform, sending you 4
2024-10-14 17:58:03.138670 Papa: X-ray, sending you 1
2024-10-14 17:58:03.140649 Golf: November, sending you 1
2024-10-14 17:58:03.143419 Yankee: Tango, sending you 5
2024-10-14 17:58:03.144322 Papa: Echo and Golf, sending you 6
2024-10-14 17:58:03.147685 Papa: November, sending you 3
chatterbot Papa submitting transactions
chatterbot Uniform submitting transactions
chatterbot Golf submitting transactions
chatterbot Echo submitting transactions
chatterbot Golf submitting transactions
chatterbot November submitting transactions
chatterbot Tango submitting transactions
chatterbot X-ray submitting transactions
chatterbot Papa submitting transactions
chatterbot Yankee submitting transactions
chatterbot Alpha submitting transactions
chatterbot Foxtrot submitting transactions
ChatterBot X-ray round 5
ChatterBot Yankee round 5
ChatterBot Papa round 5
ChatterBot Alpha round 5
ChatterBot Echo round 5
ChatterBot Tango round 5
ChatterBot Uniform round 5
ChatterBot November round 5
ChatterBot Golf round 5
ChatterBot Foxtrot round 5
2024-10-14 17:58:04.312864 Echo: We should replace X-ray with Alpha
ChatterBot Papa reevaluating
2024-10-14 17:58:04.320966 Papa: Yes
2024-10-14 17:58:04.321231 Golf: No
2024-10-14 17:58:04.321394 November: No
ChatterBot Papa reevaluating
ChatterBot Echo reevaluating
ChatterBot Papa reevaluating
ChatterBot Echo reevaluating
2024-10-14 17:58:04.428420 Echo: We should replace X-ray with Foxtrot
ChatterBot Papa reevaluating
2024-10-14 17:58:04.440183 Papa: No
2024-10-14 17:58:04.440518 Golf: No
2024-10-14 17:58:04.440809 November: No
ChatterBot Echo reevaluating
ChatterBot Papa reevaluating
ChatterBot Echo reevaluating
ChatterBot Papa reevaluating
ChatterBot Echo reevaluating
2024-10-14 17:58:04.464410 X-ray: Yankee, Tango and Foxtrot, sending you 3
2024-10-14 17:58:04.468674 Alpha: X-ray, Tango, Uniform and Foxtrot, sending you 2
2024-10-14 17:58:04.469796 Yankee: X-ray and Foxtrot, sending you 3
2024-10-14 17:58:04.471217 Papa: Alpha we want you to join our group
2024-10-14 17:58:04.476192 Alpha: No
ChatterBot Papa reevaluating
ChatterBot Echo reevaluating
2024-10-14 17:58:04.490667 X-ray: Alpha, sending you 2
2024-10-14 17:58:04.491560 Alpha: Yankee, sending you 3
2024-10-14 17:58:04.492795 Yankee: Alpha and Uniform, sending you 4
2024-10-14 17:58:04.494689 Uniform: X-ray, Yankee and Tango, sending you 4
2024-10-14 17:58:04.496738 X-ray: Uniform, sending you 4
2024-10-14 17:58:04.497683 November: Papa, sending you 6
2024-10-14 17:58:04.498144 Golf: Papa and Echo, sending you 4
2024-10-14 17:58:04.498594 Foxtrot: X-ray and Yankee, sending you 2
2024-10-14 17:58:04.499373 Yankee: Tango, sending you 5
2024-10-14 17:58:04.499964 Tango: X-ray and Uniform, sending you 4
2024-10-14 17:58:04.501473 Echo: Alpha we want you to join our group
2024-10-14 17:58:04.504670 Alpha: No
ChatterBot Papa reevaluating
ChatterBot Echo reevaluating
2024-10-14 17:58:04.518105 Golf: November, sending you 1
2024-10-14 17:58:04.518739 Uniform: Alpha and Foxtrot, sending you 3
2024-10-14 17:58:04.519703 November: Echo, sending you 5
2024-10-14 17:58:04.520217 Foxtrot: Alpha, Tango and Uniform, sending you 1
2024-10-14 17:58:04.522028 Tango: Yankee, sending you 6
2024-10-14 17:58:04.526008 Echo: Foxtrot we want you to join our group
2024-10-14 17:58:04.528620 Foxtrot: No
ChatterBot Echo reevaluating
ChatterBot Papa reevaluating
2024-10-14 17:58:04.542529 Tango: Alpha, sending you 3
2024-10-14 17:58:04.546663 Tango: Foxtrot, sending you 2
2024-10-14 17:58:04.569166 Echo: Papa, November and Golf, sending you 5
2024-10-14 17:58:04.570741 Papa: Alpha, sending you 1
2024-10-14 17:58:04.573674 Papa: Echo, sending you 6
2024-10-14 17:58:04.574665 Echo: Alpha, sending you 3
2024-10-14 17:58:04.578668 Papa: November, sending you 4
2024-10-14 17:58:04.582683 Papa: Golf, sending you 5
chatterbot Foxtrot submitting transactions
chatterbot Uniform submitting transactions
chatterbot X-ray submitting transactions
chatterbot Yankee submitting transactions
chatterbot Papa submitting transactions
chatterbot Alpha submitting transactions
chatterbot Tango submitting transactions
chatterbot Echo submitting transactions
chatterbot November submitting transactions
chatterbot Golf submitting transactions
ChatterBot X-ray round 6
ChatterBot Yankee round 6
ChatterBot Papa round 6
ChatterBot Alpha round 6
ChatterBot Echo round 6
ChatterBot Tango round 6
ChatterBot Uniform round 6
ChatterBot November round 6
ChatterBot Golf round 6
ChatterBot Foxtrot round 6
2024-10-14 17:58:05.601109 Echo: We should replace Alpha with Foxtrot
ChatterBot Papa reevaluating
ChatterBot November reevaluating
2024-10-14 17:58:05.612508 Papa: No
2024-10-14 17:58:05.612747 Golf: No
2024-10-14 17:58:05.612955 November: No
ChatterBot November reevaluating
ChatterBot Papa reevaluating
ChatterBot Echo reevaluating
ChatterBot November reevaluating
ChatterBot Papa reevaluating
ChatterBot Echo reevaluating
2024-10-14 17:58:05.646774 November: We should add Golf
ChatterBot Papa reevaluating
ChatterBot Echo reevaluating
2024-10-14 17:58:05.650207 Papa: Yes
2024-10-14 17:58:05.650308 Echo: Yes
ChatterBot November reevaluating
ChatterBot Echo reevaluating
ChatterBot November reevaluating
ChatterBot Papa reevaluating
2024-10-14 17:58:05.658052 Echo: We should replace Alpha with X-ray
ChatterBot Papa reevaluating
ChatterBot Golf reevaluating
ChatterBot November reevaluating
2024-10-14 17:58:05.663163 Papa: Yes
2024-10-14 17:58:05.663274 Golf: No
2024-10-14 17:58:05.663378 November: No
ChatterBot Echo reevaluating
ChatterBot Golf reevaluating
ChatterBot November reevaluating
ChatterBot Papa reevaluating
ChatterBot Echo reevaluating
ChatterBot November reevaluating
ChatterBot Papa reevaluating
ChatterBot Echo reevaluating
ChatterBot Golf reevaluating
2024-10-14 17:58:05.682679 Yankee: X-ray and Foxtrot, sending you 3
2024-10-14 17:58:05.684674 Alpha: X-ray, Tango, Uniform and Foxtrot, sending you 2
2024-10-14 17:58:05.685280 X-ray: Sending you each 3
2024-10-14 17:58:05.685887 Yankee: Alpha and Uniform, sending you 4
2024-10-14 17:58:05.687688 November: Golf we want you to join our group
2024-10-14 17:58:05.690030 Golf: Yes
ChatterBot Papa reevaluating
ChatterBot Echo reevaluating
2024-10-14 17:58:05.697481 Alpha: Yankee, sending you 3
2024-10-14 17:58:05.698172 Foxtrot: X-ray and Yankee, sending you 2
2024-10-14 17:58:05.698692 Yankee: Tango, sending you 5
2024-10-14 17:58:05.701665 Echo: Foxtrot we want you to join our group
2024-10-14 17:58:05.704257 Foxtrot: No
ChatterBot Papa reevaluating
2024-10-14 17:58:05.713686 Tango: X-ray and Uniform, sending you 4
2024-10-14 17:58:05.714326 Foxtrot: Alpha, Tango and Uniform, sending you 1
2024-10-14 17:58:05.714900 Uniform: X-ray, Yankee and Tango, sending you 4
2024-10-14 17:58:05.718111 Tango: Yankee, sending you 6
2024-10-14 17:58:05.718763 November: Sending you each 4
2024-10-14 17:58:05.719172 Uniform: Alpha and Foxtrot, sending you 3
2024-10-14 17:58:05.719899 Golf: Papa and Echo, sending you 4
2024-10-14 17:58:05.722670 Tango: Alpha, sending you 3
2024-10-14 17:58:05.723913 Papa: We should drop Alpha
2024-10-14 17:58:05.736873 Echo: Yes
2024-10-14 17:58:05.737140 Golf: Yes
2024-10-14 17:58:05.737362 November: Yes
ChatterBot Papa reevaluating
ChatterBot Papa reevaluating
ChatterBot Papa reevaluating
2024-10-14 17:58:05.760584 Tango: Foxtrot, sending you 2
2024-10-14 17:58:05.765701 Echo: Papa, November and Golf, sending you 5
2024-10-14 17:58:05.768698 Echo: Foxtrot, sending you 3
chatterbot Yankee submitting transactions
chatterbot X-ray submitting transactions
chatterbot Tango submitting transactions
chatterbot Golf submitting transactions
chatterbot Alpha submitting transactions
chatterbot Uniform submitting transactions
chatterbot Foxtrot submitting transactions
chatterbot Papa submitting transactions
chatterbot November submitting transactions
chatterbot Echo submitting transactions
ChatterBot X-ray round 7
ChatterBot Yankee round 7
ChatterBot Papa round 7
ChatterBot Alpha round 7
ChatterBot Echo round 7
2024-10-14 17:58:06.817540 Echo: We should replace Foxtrot with Uniform
ChatterBot Papa reevaluating
2024-10-14 17:58:06.830290 Papa: No
2024-10-14 17:58:06.830484 Golf: No
2024-10-14 17:58:06.830648 November: No
ChatterBot Echo reevaluating
ChatterBot Papa reevaluating
ChatterBot Echo reevaluating
ChatterBot Papa reevaluating
ChatterBot Echo reevaluating
ChatterBot Tango round 7
ChatterBot Uniform round 7
ChatterBot November round 7
ChatterBot Golf round 7
ChatterBot Foxtrot round 7
2024-10-14 17:58:06.864669 Papa: We should drop Alpha
ChatterBot Echo reevaluating
2024-10-14 17:58:06.872186 Echo: Yes
2024-10-14 17:58:06.872378 Golf: Yes
2024-10-14 17:58:06.872511 November: Yes
ChatterBot Papa reevaluating
ChatterBot Papa reevaluating
ChatterBot Echo reevaluating
ChatterBot Papa reevaluating
ChatterBot Echo reevaluating
2024-10-14 17:58:06.900231 Yankee: X-ray and Foxtrot, sending you 3
2024-10-14 17:58:06.904749 Yankee: Alpha and Uniform, sending you 4
2024-10-14 17:58:06.908677 X-ray: Same as last round
2024-10-14 17:58:06.910098 Yankee: Tango, sending you 5
2024-10-14 17:58:06.910903 Golf: Papa and Echo, sending you 4
2024-10-14 17:58:06.911676 Alpha: X-ray, Tango, Uniform and Foxtrot, sending you 2
2024-10-14 17:58:06.913669 Uniform: X-ray, Yankee and Tango, sending you 4
2024-10-14 17:58:06.914935 Tango: X-ray and Uniform, sending you 4
2024-10-14 17:58:06.915593 Golf: November, sending you 2
2024-10-14 17:58:06.916098 Alpha: Yankee, sending you 3
2024-10-14 17:58:06.916702 Uniform: Alpha and Foxtrot, sending you 3
2024-10-14 17:58:06.917677 Echo: Papa, sending you 6
2024-10-14 17:58:06.918110 Tango: Yankee, sending you 6
2024-10-14 17:58:06.918962 November: Same as last round
2024-10-14 17:58:06.919698 Foxtrot: X-ray and Yankee, sending you 2
2024-10-14 17:58:06.922938 Echo: November and Golf, sending you 5
2024-10-14 17:58:06.923311 Tango: Alpha, sending you 3
2024-10-14 17:58:06.924691 Foxtrot: Alpha, Tango and Uniform, sending you 1
2024-10-14 17:58:06.925810 Echo: Foxtrot, sending you 3
2024-10-14 17:58:06.928685 Tango: Foxtrot, sending you 2
chatterbot Uniform submitting transactions
chatterbot Tango submitting transactions
chatterbot Echo submitting transactions
chatterbot November submitting transactions
chatterbot Yankee submitting transactions
chatterbot X-ray submitting transactions
chatterbot Golf submitting transactions
chatterbot Alpha submitting transactions
chatterbot Foxtrot submitting transactions
chatterbot Papa submitting transactions
ChatterBot X-ray round 8
ChatterBot Yankee round 8
ChatterBot Papa round 8
ChatterBot Alpha round 8
ChatterBot Echo round 8
ChatterBot Tango round 8
ChatterBot Uniform round 8
ChatterBot November round 8
ChatterBot Golf round 8
ChatterBot Foxtrot round 8
2024-10-14 17:58:08.165255 Papa: We should drop Alpha
2024-10-14 17:58:08.173623 Echo: Yes
2024-10-14 17:58:08.174040 Golf: Yes
2024-10-14 17:58:08.174212 November: Yes
ChatterBot Papa reevaluating
ChatterBot Papa reevaluating
ChatterBot Echo reevaluating
ChatterBot Papa reevaluating
ChatterBot Echo reevaluating
2024-10-14 17:58:08.198668 Foxtrot: X-ray and Yankee, sending you 2
2024-10-14 17:58:08.199850 Tango: X-ray and Uniform, sending you 4
2024-10-14 17:58:08.200792 Yankee: X-ray and Foxtrot, sending you 3
2024-10-14 17:58:08.202916 Alpha: X-ray, Tango, Uniform and Foxtrot, sending you 2
2024-10-14 17:58:08.204513 X-ray: Same as last round
2024-10-14 17:58:08.206698 Foxtrot: Alpha, Tango and Uniform, sending you 1
2024-10-14 17:58:08.208002 Tango: Yankee, sending you 5
2024-10-14 17:58:08.210087 Yankee: Alpha and Uniform, sending you 4
2024-10-14 17:58:08.211431 Alpha: Yankee, sending you 3
2024-10-14 17:58:08.213704 Uniform: X-ray, Yankee and Tango, sending you 4
2024-10-14 17:58:08.215087 Golf: Papa, sending you 4
2024-10-14 17:58:08.216051 Tango: Alpha and Foxtrot, sending you 3
2024-10-14 17:58:08.218066 Yankee: Tango, sending you 5
2024-10-14 17:58:08.219270 November: Same as last round
2024-10-14 17:58:08.220206 Uniform: Alpha and Foxtrot, sending you 3
2024-10-14 17:58:08.221433 Golf: Echo, sending you 3
2024-10-14 17:58:08.225678 Echo: Papa, sending you 7
2024-10-14 17:58:08.226717 Golf: November, sending you 2
2024-10-14 17:58:08.230673 Echo: November and Golf, sending you 6
chatterbot X-ray submitting transactions
chatterbot Yankee submitting transactions
chatterbot Uniform submitting transactions
chatterbot November submitting transactions
chatterbot Alpha submitting transactions
chatterbot Foxtrot submitting transactions
chatterbot Tango submitting transactions
chatterbot Golf submitting transactions
chatterbot Echo submitting transactions
chatterbot Papa submitting transactions
ChatterBot X-ray round 9
ChatterBot Yankee round 9
ChatterBot Papa round 9
ChatterBot Alpha round 9
ChatterBot Echo round 9
ChatterBot Tango round 9
2024-10-14 17:58:09.379992 Papa: We should replace Alpha with Uniform
ChatterBot Echo reevaluating
2024-10-14 17:58:09.386131 Echo: Yes
2024-10-14 17:58:09.386298 Golf: No
2024-10-14 17:58:09.386429 November: No
ChatterBot Papa reevaluating
ChatterBot Papa reevaluating
ChatterBot Echo reevaluating
ChatterBot Papa reevaluating
ChatterBot Echo reevaluating
ChatterBot Uniform round 9
ChatterBot November round 9
ChatterBot Golf round 9
ChatterBot Foxtrot round 9
2024-10-14 17:58:09.417510 Echo: We should replace Foxtrot with X-ray
ChatterBot Papa reevaluating
2024-10-14 17:58:09.422873 Papa: Yes
2024-10-14 17:58:09.423020 Golf: No
2024-10-14 17:58:09.423127 November: No
ChatterBot Echo reevaluating
ChatterBot Papa reevaluating
ChatterBot Echo reevaluating
ChatterBot Papa reevaluating
ChatterBot Echo reevaluating
2024-10-14 17:58:09.445912 Echo: We should replace Foxtrot with Uniform
ChatterBot Papa reevaluating
2024-10-14 17:58:09.451066 Papa: Yes
2024-10-14 17:58:09.451197 Golf: No
2024-10-14 17:58:09.451293 November: No
ChatterBot Echo reevaluating
ChatterBot Papa reevaluating
ChatterBot Echo reevaluating
ChatterBot Papa reevaluating
ChatterBot Echo reevaluating
2024-10-14 17:58:09.471655 Yankee: X-ray, Alpha and Uniform, sending you 4
2024-10-14 17:58:09.474803 Papa: We should drop Alpha
ChatterBot Echo reevaluating
2024-10-14 17:58:09.481274 Echo: Yes
2024-10-14 17:58:09.481443 Golf: Yes
2024-10-14 17:58:09.481581 November: Yes
ChatterBot Papa reevaluating
ChatterBot Papa reevaluating
ChatterBot Echo reevaluating
ChatterBot Papa reevaluating
ChatterBot Echo reevaluating
2024-10-14 17:58:09.504203 Yankee: Tango, sending you 5
2024-10-14 17:58:09.507705 Foxtrot: X-ray and Yankee, sending you 2
2024-10-14 17:58:09.509956 Yankee: Foxtrot, sending you 2
2024-10-14 17:58:09.510811 Uniform: X-ray, Yankee and Tango, sending you 4
2024-10-14 17:58:09.511444 Alpha: X-ray, Tango, Uniform and Foxtrot, sending you 2
2024-10-14 17:58:09.512022 November: Same as last round
2024-10-14 17:58:09.512437 X-ray: Same as last round
2024-10-14 17:58:09.512937 Tango: X-ray and Uniform, sending you 4
2024-10-14 17:58:09.513464 Foxtrot: Alpha, Tango and Uniform, sending you 1
2024-10-14 17:58:09.514012 Uniform: Alpha and Foxtrot, sending you 3
2024-10-14 17:58:09.515557 Alpha: Yankee, sending you 3
2024-10-14 17:58:09.517648 Tango: Yankee, sending you 5
2024-10-14 17:58:09.521661 Tango: Alpha and Foxtrot, sending you 3
2024-10-14 17:58:09.527662 Golf: Papa, sending you 4
2024-10-14 17:58:09.530669 Golf: Echo, sending you 3
2024-10-14 17:58:09.534666 Golf: November, sending you 2
chatterbot Golf submitting transactions
chatterbot November submitting transactions
chatterbot Echo submitting transactions
chatterbot Yankee submitting transactions
chatterbot Tango submitting transactions
chatterbot Foxtrot submitting transactions
chatterbot X-ray submitting transactions
chatterbot Alpha submitting transactions
chatterbot Papa submitting transactions
chatterbot Uniform submitting transactions
ChatterBot X-ray round 10
ChatterBot Yankee round 10
ChatterBot Papa round 10
ChatterBot Alpha round 10
ChatterBot Echo round 10
2024-10-14 17:58:10.684538 Echo: We should replace Foxtrot with X-ray
ChatterBot Papa reevaluating
2024-10-14 17:58:10.690987 Papa: Yes
2024-10-14 17:58:10.691161 Golf: No
2024-10-14 17:58:10.691296 November: No
ChatterBot Echo reevaluating
ChatterBot Papa reevaluating
ChatterBot Echo reevaluating
ChatterBot Papa reevaluating
ChatterBot Echo reevaluating
ChatterBot Tango round 10
ChatterBot Uniform round 10
ChatterBot November round 10
ChatterBot Golf round 10
ChatterBot Foxtrot round 10
2024-10-14 17:58:10.725655 Echo: We should replace Foxtrot with Uniform
ChatterBot Papa reevaluating
2024-10-14 17:58:10.731166 Papa: Yes
2024-10-14 17:58:10.731317 Golf: No
2024-10-14 17:58:10.731428 November: No
ChatterBot Echo reevaluating
ChatterBot Papa reevaluating
ChatterBot Echo reevaluating
ChatterBot Papa reevaluating
ChatterBot Echo reevaluating
2024-10-14 17:58:10.754660 Papa: We should replace Alpha with X-ray
ChatterBot Echo reevaluating
2024-10-14 17:58:10.760133 Echo: No
2024-10-14 17:58:10.760268 Golf: No
2024-10-14 17:58:10.760365 November: No
ChatterBot Papa reevaluating
ChatterBot Papa reevaluating
ChatterBot Echo reevaluating
ChatterBot Papa reevaluating
ChatterBot Echo reevaluating
2024-10-14 17:58:10.788673 Papa: X-ray we want you to join our group
2024-10-14 17:58:10.792545 X-ray: No
ChatterBot Echo reevaluating
ChatterBot Papa reevaluating
2024-10-14 17:58:10.804338 Papa: We should replace Alpha with Uniform
ChatterBot Echo reevaluating
2024-10-14 17:58:10.810140 Echo: No
2024-10-14 17:58:10.810290 Golf: No
2024-10-14 17:58:10.810415 November: No
ChatterBot Papa reevaluating
ChatterBot Papa reevaluating
ChatterBot Echo reevaluating
ChatterBot Papa reevaluating
ChatterBot Echo reevaluating
2024-10-14 17:58:10.832653 Uniform: Yankee and Tango, sending you 1
2024-10-14 17:58:10.833440 Alpha: X-ray, Tango, Uniform and Foxtrot, sending you 2
2024-10-14 17:58:10.833998 X-ray: Same as last round
2024-10-14 17:58:10.834493 Echo: X-ray we want you to join our group
2024-10-14 17:58:10.837123 X-ray: No
ChatterBot Echo reevaluating
ChatterBot Papa reevaluating
2024-10-14 17:58:10.844767 Yankee: X-ray, Alpha and Uniform, sending you 4
2024-10-14 17:58:10.845344 November: Same as last round
2024-10-14 17:58:10.845715 Foxtrot: X-ray and Yankee, sending you 2
2024-10-14 17:58:10.846233 Tango: X-ray and Uniform, sending you 4
2024-10-14 17:58:10.846725 Golf: Papa, sending you 4
2024-10-14 17:58:10.847189 Alpha: Yankee, sending you 3
2024-10-14 17:58:10.848751 Echo: Uniform we want you to join our group
2024-10-14 17:58:10.851567 Uniform: No
ChatterBot Echo reevaluating
ChatterBot Papa reevaluating
2024-10-14 17:58:10.860679 Foxtrot: Alpha, Tango and Uniform, sending you 1
2024-10-14 17:58:10.861366 Yankee: Tango, sending you 5
2024-10-14 17:58:10.861973 Golf: Echo and November, sending you 3
2024-10-14 17:58:10.862482 Tango: Yankee, sending you 5
2024-10-14 17:58:10.866658 Yankee: Foxtrot, sending you 2
2024-10-14 17:58:10.867335 Tango: Alpha and Foxtrot, sending you 3
2024-10-14 17:58:10.892667 Echo: Papa, sending you 7
2024-10-14 17:58:10.897671 Echo: November and Golf, sending you 6
2024-10-14 17:58:10.900662 Papa: X-ray, sending you 1
2024-10-14 17:58:10.906732 Papa: Echo, sending you 6
2024-10-14 17:58:10.910908 Papa: November, sending you 4
2024-10-14 17:58:10.914682 Papa: Golf, sending you 5
chatterbot Echo submitting transactions
chatterbot X-ray submitting transactions
chatterbot Tango submitting transactions
chatterbot Yankee submitting transactions
chatterbot Alpha submitting transactions
chatterbot Foxtrot submitting transactions
chatterbot Golf submitting transactions
chatterbot November submitting transactions
chatterbot Papa submitting transactions
chatterbot Uniform submitting transactions
ChatterBot X-ray round 11
ChatterBot Yankee round 11
ChatterBot Papa round 11
ChatterBot Alpha round 11
ChatterBot Echo round 11
ChatterBot Tango round 11
ChatterBot Uniform round 11
ChatterBot November round 11
ChatterBot Golf round 11
ChatterBot Foxtrot round 11
2024-10-14 17:58:12.038608 Yankee: We should add Echo
ChatterBot X-ray reevaluating
ChatterBot Foxtrot reevaluating
ChatterBot Uniform reevaluating
2024-10-14 17:58:12.057521 Alpha: No
2024-10-14 17:58:12.057808 X-ray: Yes
2024-10-14 17:58:12.058041 Tango: No
2024-10-14 17:58:12.058248 Foxtrot: No
2024-10-14 17:58:12.058450 Uniform: No
ChatterBot Yankee reevaluating
ChatterBot X-ray reevaluating
ChatterBot Foxtrot reevaluating
ChatterBot Uniform reevaluating
ChatterBot Yankee reevaluating
ChatterBot Foxtrot reevaluating
ChatterBot Uniform reevaluating
ChatterBot Yankee reevaluating
ChatterBot X-ray reevaluating
ChatterBot Foxtrot reevaluating
ChatterBot Uniform reevaluating
ChatterBot Yankee reevaluating
ChatterBot X-ray reevaluating
ChatterBot Uniform reevaluating
ChatterBot Yankee reevaluating
ChatterBot X-ray reevaluating
ChatterBot Foxtrot reevaluating
2024-10-14 17:58:12.221391 X-ray: We should add Papa
ChatterBot Yankee reevaluating
ChatterBot Foxtrot reevaluating
ChatterBot Uniform reevaluating
2024-10-14 17:58:12.235644 Alpha: No
2024-10-14 17:58:12.235853 Yankee: No
2024-10-14 17:58:12.236048 Tango: No
2024-10-14 17:58:12.236267 Foxtrot: No
2024-10-14 17:58:12.236469 Uniform: No
ChatterBot Yankee reevaluating
ChatterBot X-ray reevaluating
ChatterBot Foxtrot reevaluating
ChatterBot Uniform reevaluating
ChatterBot X-ray reevaluating
ChatterBot Foxtrot reevaluating
ChatterBot Uniform reevaluating
ChatterBot Alpha reevaluating
ChatterBot Yankee reevaluating
ChatterBot X-ray reevaluating
ChatterBot Foxtrot reevaluating
ChatterBot Uniform reevaluating
ChatterBot Alpha reevaluating
ChatterBot Yankee reevaluating
ChatterBot X-ray reevaluating
ChatterBot Uniform reevaluating
ChatterBot Alpha reevaluating
ChatterBot Yankee reevaluating
ChatterBot X-ray reevaluating
ChatterBot Foxtrot reevaluating
2024-10-14 17:58:12.304504 Echo: We should replace Uniform with Tango
ChatterBot Papa reevaluating
2024-10-14 17:58:12.310902 Papa: Yes
2024-10-14 17:58:12.311063 Golf: No
2024-10-14 17:58:12.311179 November: No
ChatterBot Papa reevaluating
ChatterBot Echo reevaluating
ChatterBot Papa reevaluating
ChatterBot Echo reevaluating
2024-10-14 17:58:12.339098 Uniform: We should drop Foxtrot
ChatterBot Yankee reevaluating
2024-10-14 17:58:12.347147 X-ray: No
2024-10-14 17:58:12.347303 Yankee: No
2024-10-14 17:58:12.347409 Alpha: No
2024-10-14 17:58:12.347515 Tango: No
ChatterBot Yankee reevaluating
ChatterBot Uniform reevaluating
ChatterBot Yankee reevaluating
ChatterBot Uniform reevaluating
ChatterBot Yankee reevaluating
2024-10-14 17:58:12.387361 Echo: We should replace Uniform with X-ray
ChatterBot Papa reevaluating
2024-10-14 17:58:12.398400 Papa: No
2024-10-14 17:58:12.398636 Golf: No
2024-10-14 17:58:12.398823 November: No
ChatterBot Echo reevaluating
ChatterBot Papa reevaluating
ChatterBot Echo reevaluating
ChatterBot Papa reevaluating
ChatterBot Echo reevaluating
2024-10-14 17:58:12.422067 Foxtrot: We should drop Uniform
