ChatterBot Charlie round 1
ChatterBot Lima round 1
ChatterBot Sierra round 1
ChatterBot Echo round 1
randomSelections Lima: {Lima, Bravo, Zulu, Golf, Uniform, Mike} 
2024-10-14 17:57:58.466652 Lima: We would work well together
ChatterBot Mike round 1
ChatterBot Mike reevaluating
2024-10-14 17:57:58.471215 Mike: Yes
ChatterBot Golf round 1
ChatterBot Golf reevaluating
ChatterBot Golf reevaluating
2024-10-14 17:57:58.480676 Golf: Yes
ChatterBot Mike reevaluating
ChatterBot Zulu round 1
ChatterBot Zulu reevaluating
ChatterBot Zulu reevaluating
ChatterBot Zulu reevaluating
2024-10-14 17:57:58.496314 Zulu: Yes
ChatterBot Golf reevaluating
ChatterBot Mike reevaluating
ChatterBot Bravo round 1
ChatterBot Bravo reevaluating
ChatterBot Bravo reevaluating
ChatterBot Bravo reevaluating
ChatterBot Bravo reevaluating
2024-10-14 17:57:58.532165 Bravo: Yes
ChatterBot Zulu reevaluating
ChatterBot Golf reevaluating
ChatterBot Mike reevaluating
randomSelections Sierra: {Sierra, Golf, Charlie, Echo, Tango, Lima} 
2024-10-14 17:57:58.573441 Sierra: Let's form a team
ChatterBot Golf reevaluating
ChatterBot Charlie reevaluating
ChatterBot Echo reevaluating
2024-10-14 17:57:58.584854 Golf: No
2024-10-14 17:57:58.585241 Charlie: Yes
2024-10-14 17:57:58.585431 Echo: Yes
2024-10-14 17:57:58.585602 Lima: No
ChatterBot Charlie reevaluating
ChatterBot Echo reevaluating
ChatterBot Golf reevaluating
ChatterBot Echo reevaluating
ChatterBot Golf reevaluating
ChatterBot Charlie reevaluating
ChatterBot Golf reevaluating
ChatterBot Charlie reevaluating
ChatterBot Echo reevaluating
ChatterBot Tango round 1
ChatterBot Tango reevaluating
ChatterBot Tango reevaluating
ChatterBot Tango reevaluating
ChatterBot Tango reevaluating
ChatterBot Tango reevaluating
2024-10-14 17:57:58.623458 Tango: Yes
ChatterBot Golf reevaluating
ChatterBot Charlie reevaluating
ChatterBot Echo reevaluating
ChatterBot Uniform round 1
ChatterBot Uniform reevaluating
ChatterBot Uniform reevaluating
ChatterBot Uniform reevaluating
ChatterBot Uniform reevaluating
ChatterBot Uniform reevaluating
2024-10-14 17:57:58.640883 Uniform: Yes
ChatterBot Bravo reevaluating
ChatterBot Zulu reevaluating
ChatterBot Golf reevaluating
ChatterBot Mike reevaluating
2024-10-14 17:57:58.682495 Charlie: Lima, Sierra and Echo, sending you 2
2024-10-14 17:57:58.700227 Lima: Mike and Zulu, sending you 1
2024-10-14 17:57:58.701267 Golf: Lima and Mike, sending you 1
2024-10-14 17:57:58.702806 Charlie: Golf, sending you 4
2024-10-14 17:57:58.703482 Sierra: Charlie, sending you 4
2024-10-14 17:57:58.705171 Mike: Lima, sending you 2
2024-10-14 17:57:58.705811 Echo: Charlie, Lima, Sierra, Golf and Tango, sending you 1
2024-10-14 17:57:58.706324 Lima: Golf and Bravo, sending you 2
2024-10-14 17:57:58.707444 Golf: Zulu, sending you 7
2024-10-14 17:57:58.707977 Charlie: Tango, sending you 1
2024-10-14 17:57:58.709699 Sierra: Echo, sending you 3
2024-10-14 17:57:58.710123 Tango: Charlie, sending you 3
2024-10-14 17:57:58.710470 Uniform: Lima and Golf, sending you 3
2024-10-14 17:57:58.710875 Mike: Golf and Bravo, sending you 4
2024-10-14 17:57:58.712265 Zulu: Lima, sending you 1
2024-10-14 17:57:58.712729 Bravo: Lima, sending you 6
2024-10-14 17:57:58.713080 Lima: Uniform, sending you 3
2024-10-14 17:57:58.713457 Golf: Bravo, sending you 6
2024-10-14 17:57:58.715244 Sierra: Golf and Tango, sending you 1
2024-10-14 17:57:58.715530 Tango: Lima, Sierra and Golf, sending you 4
2024-10-14 17:57:58.715826 Uniform: Mike, sending you 4
2024-10-14 17:57:58.716169 Bravo: Golf, sending you 2
2024-10-14 17:57:58.717634 Mike: Zulu, sending you 1
2024-10-14 17:57:58.717942 Zulu: Mike, sending you 2
2024-10-14 17:57:58.718731 Bravo: Zulu, sending you 4
2024-10-14 17:57:58.720180 Golf: Uniform, sending you 2
2024-10-14 17:57:58.720787 Uniform: Zulu, sending you 5
2024-10-14 17:57:58.721307 Tango: Echo, sending you 1
2024-10-14 17:57:58.722765 Zulu: Golf, sending you 6
2024-10-14 17:57:58.723447 Mike: Uniform, sending you 5
2024-10-14 17:57:58.723958 Bravo: Uniform, sending you 5
2024-10-14 17:57:58.725731 Uniform: Bravo, sending you 1
2024-10-14 17:57:58.727947 Zulu: Uniform, sending you 3
chatterbot Uniform submitting transactions
chatterbot Tango submitting transactions
chatterbot Echo submitting transactions
chatterbot Mike submitting transactions
chatterbot Zulu submitting transactions
chatterbot Charlie submitting transactions
chatterbot Sierra submitting transactions
chatterbot Golf submitting transactions
chatterbot Lima submitting transactions
chatterbot Bravo submitting transactions
ChatterBot Charlie round 2
ChatterBot Lima round 2
ChatterBot Sierra round 2
ChatterBot Echo round 2
ChatterBot Mike round 2
ChatterBot Golf round 2
ChatterBot Zulu round 2
ChatterBot Bravo round 2
ChatterBot Tango round 2
ChatterBot Uniform round 2
2024-10-14 17:57:59.897428 Sierra: We should drop Golf and Lima
ChatterBot Echo reevaluating
ChatterBot Tango reevaluating
2024-10-14 17:57:59.912831 Charlie: Yes
2024-10-14 17:57:59.913049 Echo: Yes
2024-10-14 17:57:59.913240 Tango: Yes
ChatterBot Echo reevaluating
ChatterBot Tango reevaluating
ChatterBot Tango reevaluating
ChatterBot Echo reevaluating
2024-10-14 17:58:00.002771 Zulu: Lima and Mike, sending you 1
2024-10-14 17:58:00.003179 Charlie: Sierra, sending you 4
2024-10-14 17:58:00.003697 Tango: Charlie, sending you 6
2024-10-14 17:58:00.004704 Golf: Lima and Uniform, sending you 3
2024-10-14 17:58:00.005668 Lima: Mike, Golf, Zulu and Uniform, sending you 2
2024-10-14 17:58:00.006051 Charlie: Echo and Tango, sending you 3
2024-10-14 17:58:00.006892 Echo: Same as last round
2024-10-14 17:58:00.007268 Zulu: Golf, sending you 4
2024-10-14 17:58:00.007684 Sierra: Charlie and Echo, sending you 3
2024-10-14 17:58:00.008408 Tango: Sierra and Echo, sending you 5
2024-10-14 17:58:00.008759 Bravo: Lima and Uniform, sending you 3
2024-10-14 17:58:00.009339 Golf: Mike, sending you 4
2024-10-14 17:58:00.010229 Mike: Lima and Golf, sending you 2
2024-10-14 17:58:00.010609 Uniform: Lima, Golf, Zulu and Bravo, sending you 3
2024-10-14 17:58:00.011414 Lima: Bravo, sending you 3
2024-10-14 17:58:00.011884 Sierra: Tango, sending you 4
2024-10-14 17:58:00.012176 Bravo: Mike, sending you 4
2024-10-14 17:58:00.012827 Zulu: Bravo and Uniform, sending you 3
2024-10-14 17:58:00.013160 Golf: Zulu, sending you 5
2024-10-14 17:58:00.015499 Mike: Zulu, sending you 4
2024-10-14 17:58:00.015969 Uniform: Mike, sending you 4
2024-10-14 17:58:00.016697 Golf: Bravo, sending you 2
2024-10-14 17:58:00.017681 Bravo: Golf, sending you 6
2024-10-14 17:58:00.020668 Mike: Uniform, sending you 8
2024-10-14 17:58:00.021210 Bravo: Zulu, sending you 2
chatterbot Sierra submitting transactions
chatterbot Bravo submitting transactions
chatterbot Uniform submitting transactions
chatterbot Lima submitting transactions
chatterbot Golf submitting transactions
chatterbot Charlie submitting transactions
chatterbot Echo submitting transactions
chatterbot Mike submitting transactions
chatterbot Tango submitting transactions
chatterbot Zulu submitting transactions
ChatterBot Charlie round 3
ChatterBot Lima round 3
ChatterBot Sierra round 3
ChatterBot Echo round 3
ChatterBot Mike round 3
ChatterBot Golf round 3
ChatterBot Zulu round 3
ChatterBot Bravo round 3
ChatterBot Tango round 3
ChatterBot Uniform round 3
2024-10-14 17:58:01.546644 Charlie: Sierra, sending you 4
2024-10-14 17:58:01.953221 Zulu: Lima, sending you 1
2024-10-14 17:58:01.954377 Charlie: Echo and Tango, sending you 3
2024-10-14 17:58:01.954876 Sierra: Charlie and Tango, sending you 4
2024-10-14 17:58:01.955236 Golf: Lima, Mike and Uniform, sending you 3
2024-10-14 17:58:01.957707 Sierra: Echo, sending you 3
2024-10-14 17:58:01.963183 Zulu: Mike and Bravo, sending you 2
2024-10-14 17:58:01.964079 Mike: Lima and Zulu, sending you 2
2024-10-14 17:58:01.964474 Bravo: Lima, sending you 4
2024-10-14 17:58:01.964841 Golf: Zulu and Bravo, sending you 4
2024-10-14 17:58:01.965600 Lima: Mike, Golf, Zulu and Uniform, sending you 2
2024-10-14 17:58:01.965962 Uniform: Lima, Golf, Zulu and Bravo, sending you 3
2024-10-14 17:58:01.966301 Echo: Same as last round
2024-10-14 17:58:01.966553 Tango: Charlie and Sierra, sending you 6
2024-10-14 17:58:01.967491 Zulu: Golf, sending you 4
2024-10-14 17:58:01.967939 Mike: Golf, sending you 4
2024-10-14 17:58:01.968850 Lima: Bravo, sending you 3
2024-10-14 17:58:01.969236 Uniform: Mike, sending you 4
2024-10-14 17:58:01.971051 Bravo: Mike, Zulu and Uniform, sending you 3
2024-10-14 17:58:01.971830 Tango: Echo, sending you 4
2024-10-14 17:58:01.972094 Zulu: Uniform, sending you 3
2024-10-14 17:58:01.972435 Mike: Bravo, sending you 3
2024-10-14 17:58:01.976288 Mike: Uniform, sending you 5
2024-10-14 17:58:01.977525 Bravo: Golf, sending you 5
chatterbot Bravo submitting transactions
chatterbot Echo submitting transactions
chatterbot Zulu submitting transactions
chatterbot Golf submitting transactions
chatterbot Lima submitting transactions
chatterbot Mike submitting transactions
chatterbot Charlie submitting transactions
chatterbot Sierra submitting transactions
chatterbot Tango submitting transactions
chatterbot Uniform submitting transactions
ChatterBot Charlie round 4
ChatterBot Lima round 4
ChatterBot Sierra round 4
ChatterBot Echo round 4
ChatterBot Mike round 4
ChatterBot Golf round 4
ChatterBot Zulu round 4
ChatterBot Bravo round 4
ChatterBot Tango round 4
ChatterBot Uniform round 4
2024-10-14 17:58:02.843657 Golf: Lima, Mike and Uniform, sending you 3
2024-10-14 17:58:02.844696 Mike: Lima and Zulu, sending you 2
2024-10-14 17:58:02.846086 Sierra: Charlie and Tango, sending you 4
2024-10-14 17:58:02.847679 Golf: Zulu and Bravo, sending you 4
2024-10-14 17:58:02.848712 Echo: Same as last round
2024-10-14 17:58:02.849682 Mike: Golf, sending you 4
2024-10-14 17:58:02.850136 Sierra: Echo, sending you 3
2024-10-14 17:58:02.851066 Lima: Mike, Golf, Zulu and Uniform, sending you 2
2024-10-14 17:58:02.851824 Charlie: Sierra, sending you 4
2024-10-14 17:58:02.852121 Bravo: Lima, Golf and Uniform, sending you 4
2024-10-14 17:58:02.852531 Tango: Charlie and Sierra, sending you 6
2024-10-14 17:58:02.853956 Zulu: Lima, sending you 1
2024-10-14 17:58:02.854655 Mike: Bravo, sending you 3
2024-10-14 17:58:02.855108 Charlie: Echo and Tango, sending you 3
2024-10-14 17:58:02.855670 Bravo: Mike and Zulu, sending you 3
2024-10-14 17:58:02.856208 Tango: Echo, sending you 4
2024-10-14 17:58:02.856993 Lima: Bravo, sending you 3
2024-10-14 17:58:02.858731 Zulu: Mike and Bravo, sending you 2
2024-10-14 17:58:02.859710 Mike: Uniform, sending you 5
2024-10-14 17:58:02.863660 Zulu: Golf, sending you 4
2024-10-14 17:58:02.868735 Zulu: Uniform, sending you 3
2024-10-14 17:58:02.870681 Uniform: Lima, Golf, Zulu and Bravo, sending you 3
2024-10-14 17:58:02.873747 Uniform: Mike, sending you 4
chatterbot Charlie submitting transactions
chatterbot Uniform submitting transactions
chatterbot Bravo submitting transactions
chatterbot Zulu submitting transactions
chatterbot Tango submitting transactions
chatterbot Lima submitting transactions
chatterbot Sierra submitting transactions
chatterbot Mike submitting transactions
chatterbot Echo submitting transactions
chatterbot Golf submitting transactions
ChatterBot Charlie round 5
ChatterBot Lima round 5
ChatterBot Sierra round 5
ChatterBot Echo round 5
ChatterBot Mike round 5
ChatterBot Golf round 5
ChatterBot Zulu round 5
ChatterBot Bravo round 5
ChatterBot Tango round 5
ChatterBot Uniform round 5
2024-10-14 17:58:04.062660 Sierra: Charlie and Tango, sending you 4
2024-10-14 17:58:04.067658 Sierra: Echo, sending you 3
2024-10-14 17:58:04.069665 Tango: Charlie and Sierra, sending you 6
2024-10-14 17:58:04.073682 Tango: Echo, sending you 4
2024-10-14 17:58:04.074679 Charlie: Sierra, sending you 4
2024-10-14 17:58:04.076478 Lima: Mike, Golf, Zulu and Uniform, sending you 2
2024-10-14 17:58:04.077706 Echo: Same as last round
2024-10-14 17:58:04.078107 Charlie: Echo and Tango, sending you 3
2024-10-14 17:58:04.078673 Zulu: Lima, Mike and Bravo, sending you 2
2024-10-14 17:58:04.081027 Golf: Lima, Mike and Uniform, sending you 3
2024-10-14 17:58:04.081913 Mike: Lima and Zulu, sending you 2
2024-10-14 17:58:04.082720 Lima: Bravo, sending you 3
2024-10-14 17:58:04.083333 Uniform: Lima, Golf, Zulu and Bravo, sending you 3
2024-10-14 17:58:04.084268 Bravo: Lima, Golf and Uniform, sending you 4
2024-10-14 17:58:04.084691 Zulu: Golf and Uniform, sending you 3
2024-10-14 17:58:04.085129 Golf: Zulu and Bravo, sending you 4
2024-10-14 17:58:04.086656 Mike: Golf, sending you 4
2024-10-14 17:58:04.087855 Bravo: Mike and Zulu, sending you 3
2024-10-14 17:58:04.088705 Uniform: Mike, sending you 4
2024-10-14 17:58:04.091223 Mike: Bravo, sending you 3
2024-10-14 17:58:04.095677 Mike: Uniform, sending you 5
chatterbot Uniform submitting transactions
chatterbot Lima submitting transactions
chatterbot Zulu submitting transactions
chatterbot Bravo submitting transactions
chatterbot Tango submitting transactions
chatterbot Sierra submitting transactions
chatterbot Golf submitting transactions
chatterbot Echo submitting transactions
chatterbot Charlie submitting transactions
chatterbot Mike submitting transactions
ChatterBot Charlie round 6
ChatterBot Lima round 6
ChatterBot Sierra round 6
ChatterBot Echo round 6
ChatterBot Mike round 6
ChatterBot Golf round 6
ChatterBot Zulu round 6
ChatterBot Bravo round 6
ChatterBot Tango round 6
ChatterBot Uniform round 6
2024-10-14 17:58:05.230683 Charlie: Sierra, sending you 4
2024-10-14 17:58:05.231913 Sierra: Charlie and Tango, sending you 4
2024-10-14 17:58:05.233650 Echo: Same as last round
2024-10-14 17:58:05.235687 Charlie: Echo and Tango, sending you 3
2024-10-14 17:58:05.236684 Sierra: Echo, sending you 3
2024-10-14 17:58:05.238670 Zulu: Lima, Mike and Bravo, sending you 2
2024-10-14 17:58:05.240678 Uniform: Lima, Golf, Zulu and Bravo, sending you 3
2024-10-14 17:58:05.241226 Lima: Mike, Golf, Zulu and Uniform, sending you 2
2024-10-14 17:58:05.241791 Mike: Lima and Zulu, sending you 2
2024-10-14 17:58:05.242788 Zulu: Golf and Uniform, sending you 3
2024-10-14 17:58:05.244680 Bravo: Lima, Golf and Uniform, sending you 4
2024-10-14 17:58:05.246013 Lima: Bravo, sending you 3
2024-10-14 17:58:05.246460 Golf: Lima, Mike and Uniform, sending you 3
2024-10-14 17:58:05.246898 Uniform: Mike, sending you 4
2024-10-14 17:58:05.247283 Mike: Golf, sending you 4
2024-10-14 17:58:05.249667 Golf: Zulu and Bravo, sending you 4
2024-10-14 17:58:05.250669 Bravo: Mike and Zulu, sending you 3
2024-10-14 17:58:05.252674 Mike: Bravo, sending you 3
2024-10-14 17:58:05.253391 Tango: Charlie and Sierra, sending you 6
2024-10-14 17:58:05.255877 Mike: Uniform, sending you 5
2024-10-14 17:58:05.258674 Tango: Echo, sending you 4
chatterbot Golf submitting transactions
chatterbot Zulu submitting transactions
chatterbot Tango submitting transactions
chatterbot Echo submitting transactions
chatterbot Lima submitting transactions
chatterbot Charlie submitting transactions
chatterbot Mike submitting transactions
chatterbot Bravo submitting transactions
chatterbot Uniform submitting transactions
chatterbot Sierra submitting transactions
ChatterBot Charlie round 7
ChatterBot Lima round 7
ChatterBot Sierra round 7
ChatterBot Echo round 7
ChatterBot Mike round 7
ChatterBot Golf round 7
ChatterBot Zulu round 7
ChatterBot Bravo round 7
ChatterBot Tango round 7
ChatterBot Uniform round 7
2024-10-14 17:58:06.491670 Echo: Same as last round
2024-10-14 17:58:06.492672 Mike: Lima and Zulu, sending you 2
2024-10-14 17:58:06.495401 Lima: Mike, Golf, Zulu and Uniform, sending you 2
2024-10-14 17:58:06.497686 Mike: Golf, sending you 4
2024-10-14 17:58:06.499690 Charlie: Sierra, sending you 4
2024-10-14 17:58:06.500706 Lima: Bravo, sending you 3
2024-10-14 17:58:06.502669 Mike: Bravo, sending you 3
2024-10-14 17:58:06.504684 Sierra: Charlie and Tango, sending you 4
2024-10-14 17:58:06.505040 Charlie: Echo and Tango, sending you 3
2024-10-14 17:58:06.505678 Golf: Lima, Mike and Uniform, sending you 3
2024-10-14 17:58:06.506231 Mike: Uniform, sending you 5
2024-10-14 17:58:06.506787 Bravo: Lima, Golf and Uniform, sending you 4
2024-10-14 17:58:06.508657 Zulu: Lima, Mike and Bravo, sending you 2
2024-10-14 17:58:06.509709 Sierra: Echo, sending you 3
2024-10-14 17:58:06.510095 Tango: Charlie and Sierra, sending you 6
2024-10-14 17:58:06.511507 Golf: Zulu and Bravo, sending you 4
2024-10-14 17:58:06.512118 Bravo: Mike and Zulu, sending you 3
2024-10-14 17:58:06.512748 Zulu: Golf and Uniform, sending you 3
2024-10-14 17:58:06.513323 Tango: Echo, sending you 4
2024-10-14 17:58:06.516666 Uniform: Lima, Golf, Zulu and Bravo, sending you 3
2024-10-14 17:58:06.519683 Uniform: Mike, sending you 4
chatterbot Zulu submitting transactions
chatterbot Echo submitting transactions
chatterbot Tango submitting transactions
chatterbot Golf submitting transactions
chatterbot Charlie submitting transactions
chatterbot Sierra submitting transactions
chatterbot Mike submitting transactions
chatterbot Lima submitting transactions
chatterbot Uniform submitting transactions
chatterbot Bravo submitting transactions
ChatterBot Charlie round 8
ChatterBot Lima round 8
ChatterBot Sierra round 8
ChatterBot Echo round 8
ChatterBot Mike round 8
ChatterBot Golf round 8
ChatterBot Zulu round 8
ChatterBot Bravo round 8
ChatterBot Tango round 8
ChatterBot Uniform round 8
2024-10-14 17:58:07.681715 Lima: Mike, Golf, Zulu and Uniform, sending you 2
2024-10-14 17:58:07.685155 Charlie: Sierra and Echo, sending you 3
2024-10-14 17:58:07.685653 Lima: Bravo, sending you 3
2024-10-14 17:58:07.688735 Sierra: Charlie and Tango, sending you 4
2024-10-14 17:58:07.689788 Charlie: Tango, sending you 2
2024-10-14 17:58:07.690244 Tango: Charlie and Sierra, sending you 6
2024-10-14 17:58:07.694662 Sierra: Echo, sending you 3
2024-10-14 17:58:07.695120 Tango: Echo, sending you 4
2024-10-14 17:58:07.695468 Zulu: Lima, Mike and Bravo, sending you 2
2024-10-14 17:58:07.696696 Uniform: Lima, Golf, Zulu and Bravo, sending you 3
2024-10-14 17:58:07.698672 Mike: Lima and Zulu, sending you 2
2024-10-14 17:58:07.699689 Zulu: Golf and Uniform, sending you 3
2024-10-14 17:58:07.700742 Golf: Lima, sending you 2
2024-10-14 17:58:07.702176 Uniform: Mike, sending you 4
2024-10-14 17:58:07.703159 Echo: Charlie and Sierra, sending you 1
2024-10-14 17:58:07.703719 Bravo: Lima, Golf and Uniform, sending you 4
2024-10-14 17:58:07.704721 Mike: Golf and Bravo, sending you 3
2024-10-14 17:58:07.706668 Golf: Mike, Zulu and Bravo, sending you 4
2024-10-14 17:58:07.708695 Bravo: Mike and Zulu, sending you 3
2024-10-14 17:58:07.709669 Mike: Uniform, sending you 6
2024-10-14 17:58:07.710701 Golf: Uniform, sending you 3
chatterbot Tango submitting transactions
chatterbot Echo submitting transactions
chatterbot Charlie submitting transactions
chatterbot Golf submitting transactions
chatterbot Mike submitting transactions
chatterbot Zulu submitting transactions
chatterbot Bravo submitting transactions
chatterbot Uniform submitting transactions
chatterbot Lima submitting transactions
chatterbot Sierra submitting transactions
ChatterBot Charlie round 9
ChatterBot Lima round 9
ChatterBot Sierra round 9
ChatterBot Echo round 9
ChatterBot Mike round 9
ChatterBot Golf round 9
ChatterBot Zulu round 9
ChatterBot Bravo round 9
ChatterBot Tango round 9
ChatterBot Uniform round 9
2024-10-14 17:58:08.811660 Charlie: Sierra and Echo, sending you 3
2024-10-14 17:58:08.814688 Charlie: Tango, sending you 2
2024-10-14 17:58:08.817692 Lima: Mike, Golf, Zulu and Uniform, sending you 2
2024-10-14 17:58:08.818551 Golf: Lima, Mike and Uniform, sending you 3
2024-10-14 17:58:08.819260 Tango: Charlie, sending you 6
2024-10-14 17:58:08.819730 Sierra: Charlie and Tango, sending you 4
2024-10-14 17:58:08.820671 Lima: Bravo, sending you 3
2024-10-14 17:58:08.821673 Uniform: Lima, Golf, Zulu and Bravo, sending you 3
2024-10-14 17:58:08.822405 Golf: Zulu and Bravo, sending you 4
2024-10-14 17:58:08.823676 Tango: Sierra, sending you 7
2024-10-14 17:58:08.824038 Sierra: Echo, sending you 3
2024-10-14 17:58:08.824382 Mike: Lima and Zulu, sending you 2
2024-10-14 17:58:08.825103 Echo: Charlie and Sierra, sending you 1
2024-10-14 17:58:08.826673 Uniform: Mike, sending you 4
2024-10-14 17:58:08.828267 Tango: Echo, sending you 3
2024-10-14 17:58:08.828868 Zulu: Lima, Mike and Bravo, sending you 2
2024-10-14 17:58:08.830001 Mike: Golf, sending you 4
2024-10-14 17:58:08.832679 Zulu: Golf and Uniform, sending you 3
2024-10-14 17:58:08.834687 Bravo: Lima, Golf and Uniform, sending you 4
2024-10-14 17:58:08.835591 Mike: Bravo, sending you 3
2024-10-14 17:58:08.839219 Bravo: Mike and Zulu, sending you 3
2024-10-14 17:58:08.840699 Mike: Uniform, sending you 5
chatterbot Sierra submitting transactions
chatterbot Mike submitting transactions
chatterbot Golf submitting transactions
chatterbot Charlie submitting transactions
chatterbot Bravo submitting transactions
chatterbot Echo submitting transactions
chatterbot Tango submitting transactions
chatterbot Lima submitting transactions
chatterbot Zulu submitting transactions
chatterbot Uniform submitting transactions
ChatterBot Charlie round 10
ChatterBot Lima round 10
ChatterBot Sierra round 10
ChatterBot Echo round 10
ChatterBot Mike round 10
ChatterBot Golf round 10
ChatterBot Zulu round 10
ChatterBot Bravo round 10
ChatterBot Tango round 10
ChatterBot Uniform round 10
2024-10-14 17:58:10.062302 Lima: Mike, Golf, Zulu and Uniform, sending you 2
2024-10-14 17:58:10.067739 Lima: Bravo, sending you 3
2024-10-14 17:58:10.068704 Echo: Charlie and Sierra, sending you 1
2024-10-14 17:58:10.069201 Sierra: Charlie and Tango, sending you 4
2024-10-14 17:58:10.070690 Charlie: Sierra and Echo, sending you 3
2024-10-14 17:58:10.072670 Sierra: Echo, sending you 3
2024-10-14 17:58:10.073678 Uniform: Lima, Golf, Zulu and Bravo, sending you 3
2024-10-14 17:58:10.075658 Mike: Lima and Zulu, sending you 2
2024-10-14 17:58:10.076725 Charlie: Tango, sending you 2
2024-10-14 17:58:10.077143 Zulu: Lima, Mike and Bravo, sending you 2
2024-10-14 17:58:10.077993 Uniform: Mike, sending you 4
2024-10-14 17:58:10.079665 Mike: Golf, sending you 4
2024-10-14 17:58:10.080702 Zulu: Golf and Uniform, sending you 3
2024-10-14 17:58:10.082284 Golf: Lima, sending you 2
2024-10-14 17:58:10.082916 Bravo: Lima, Golf and Uniform, sending you 4
2024-10-14 17:58:10.083486 Tango: Charlie, sending you 6
2024-10-14 17:58:10.083801 Mike: Bravo, sending you 3
2024-10-14 17:58:10.086675 Golf: Mike, Zulu and Bravo, sending you 4
2024-10-14 17:58:10.087264 Bravo: Mike and Zulu, sending you 3
2024-10-14 17:58:10.087834 Tango: Sierra, sending you 7
2024-10-14 17:58:10.088147 Mike: Uniform, sending you 5
2024-10-14 17:58:10.089684 Golf: Uniform, sending you 3
2024-10-14 17:58:10.091669 Tango: Echo, sending you 3
chatterbot Mike submitting transactions
chatterbot Uniform submitting transactions
chatterbot Tango submitting transactions
chatterbot Charlie submitting transactions
chatterbot Sierra submitting transactions
chatterbot Echo submitting transactions
chatterbot Lima submitting transactions
chatterbot Zulu submitting transactions
chatterbot Bravo submitting transactions
chatterbot Golf submitting transactions
ChatterBot Charlie round 11
ChatterBot Lima round 11
ChatterBot Sierra round 11
ChatterBot Echo round 11
ChatterBot Mike round 11
ChatterBot Golf round 11
ChatterBot Zulu round 11
ChatterBot Bravo round 11
ChatterBot Tango round 11
ChatterBot Uniform round 11
2024-10-14 17:58:11.241665 Mike: Lima and Zulu, sending you 2
2024-10-14 17:58:11.244682 Mike: Golf, sending you 4
2024-10-14 17:58:11.249678 Mike: Bravo, sending you 3
2024-10-14 17:58:11.251668 Lima: Mike, Golf, Zulu and Uniform, sending you 2
2024-10-14 17:58:11.252802 Tango: Charlie, sending you 6
2024-10-14 17:58:11.253307 Mike: Uniform, sending you 5
2024-10-14 17:58:11.254657 Uniform: Lima, Golf, Zulu and Bravo, sending you 3
2024-10-14 17:58:11.255712 Echo: Charlie and Sierra, sending you 1
2024-10-14 17:58:11.256964 Zulu: Lima, Mike and Bravo, sending you 2
2024-10-14 17:58:11.258124 Lima: Bravo, sending you 3
2024-10-14 17:58:11.258774 Tango: Sierra, sending you 7
2024-10-14 17:58:11.259116 Charlie: Sierra and Echo, sending you 3
2024-10-14 17:58:11.259458 Sierra: Charlie and Tango, sending you 4
2024-10-14 17:58:11.259794 Uniform: Mike, sending you 4
2024-10-14 17:58:11.260677 Bravo: Lima, Golf and Uniform, sending you 4
2024-10-14 17:58:11.261399 Zulu: Golf and Uniform, sending you 3
2024-10-14 17:58:11.262194 Golf: Lima, sending you 2
2024-10-14 17:58:11.262888 Tango: Echo, sending you 3
2024-10-14 17:58:11.263675 Charlie: Tango, sending you 2
2024-10-14 17:58:11.264684 Sierra: Echo, sending you 3
2024-10-14 17:58:11.265690 Bravo: Mike and Zulu, sending you 3
2024-10-14 17:58:11.267327 Golf: Mike, Zulu and Bravo, sending you 4
2024-10-14 17:58:11.270670 Golf: Uniform, sending you 3
chatterbot Echo submitting transactions
chatterbot Golf submitting transactions
chatterbot Zulu submitting transactions
chatterbot Tango submitting transactions
chatterbot Uniform submitting transactions
chatterbot Bravo submitting transactions
chatterbot Sierra submitting transactions
chatterbot Mike submitting transactions
chatterbot Charlie submitting transactions
chatterbot Lima submitting transactions
ChatterBot Charlie round 12
ChatterBot Lima round 12
ChatterBot Sierra round 12
ChatterBot Echo round 12
ChatterBot Mike round 12
ChatterBot Golf round 12
ChatterBot Zulu round 12
ChatterBot Bravo round 12
ChatterBot Tango round 12
ChatterBot Uniform round 12
2024-10-14 17:58:12.410673 Mike: Lima and Zulu, sending you 2
2024-10-14 17:58:12.411701 Charlie: Sierra and Echo, sending you 3
2024-10-14 17:58:12.414709 Mike: Golf, sending you 4
2024-10-14 17:58:12.415837 Charlie: Tango, sending you 2
2024-10-14 17:58:12.418868 Mike: Bravo, sending you 3
2024-10-14 17:58:12.420691 Golf: Lima, sending you 2
2024-10-14 17:58:12.423671 Sierra: Charlie and Tango, sending you 4
2024-10-14 17:58:12.424701 Mike: Uniform, sending you 5
2024-10-14 17:58:12.426026 Zulu: Lima, Mike and Bravo, sending you 2
2024-10-14 17:58:12.428659 Lima: Mike, Golf, Zulu and Uniform, sending you 2
2024-10-14 17:58:12.430321 Golf: Mike, Zulu and Bravo, sending you 4
2024-10-14 17:58:12.433021 Tango: Charlie, sending you 6
2024-10-14 17:58:12.434015 Bravo: Lima, Golf and Uniform, sending you 4
2024-10-14 17:58:12.436904 Sierra: Echo, sending you 3
2024-10-14 17:58:12.437829 Zulu: Golf and Uniform, sending you 3
2024-10-14 17:58:12.440599 Lima: Bravo, sending you 3
2024-10-14 17:58:12.442536 Golf: Uniform, sending you 3
2024-10-14 17:58:12.444744 Echo: Charlie and Sierra, sending you 1
2024-10-14 17:58:12.445543 Tango: Sierra, sending you 7
2024-10-14 17:58:12.446535 Bravo: Mike and Zulu, sending you 3
2024-10-14 17:58:12.448570 Uniform: Lima, Golf, Zulu and Bravo, sending you 3
2024-10-14 17:58:12.450653 Tango: Echo, sending you 3
2024-10-14 17:58:12.454666 Uniform: Mike, sending you 4
chatterbot Tango submitting transactions
chatterbot Lima submitting transactions
chatterbot Zulu submitting transactions
chatterbot Bravo submitting transactions
chatterbot Sierra submitting transactions
chatterbot Uniform submitting transactions
chatterbot Mike submitting transactions
chatterbot Echo submitting transactions
chatterbot Golf submitting transactions
chatterbot Charlie submitting transactions
ChatterBot Charlie round 13
ChatterBot Lima round 13
ChatterBot Sierra round 13
ChatterBot Echo round 13
ChatterBot Mike round 13
ChatterBot Golf round 13
ChatterBot Zulu round 13
ChatterBot Bravo round 13
ChatterBot Tango round 13
ChatterBot Uniform round 13
2024-10-14 17:58:13.617833 Lima: Mike, Golf, Zulu and Uniform, sending you 2
2024-10-14 17:58:13.619820 Charlie: Sierra and Echo, sending you 3
2024-10-14 17:58:13.623137 Lima: Bravo, sending you 3
2024-10-14 17:58:13.624374 Golf: Lima, sending you 2
2024-10-14 17:58:13.625810 Zulu: Lima, Mike and Bravo, sending you 2
2024-10-14 17:58:13.627023 Charlie: Tango, sending you 2
2024-10-14 17:58:13.627565 Sierra: Charlie and Tango, sending you 4
2024-10-14 17:58:13.628695 Echo: Charlie and Sierra, sending you 1
2024-10-14 17:58:13.630695 Golf: Mike, Zulu and Bravo, sending you 4
2024-10-14 17:58:13.631953 Uniform: Lima, Golf, Zulu and Bravo, sending you 3
2024-10-14 17:58:13.632781 Zulu: Golf and Uniform, sending you 3
2024-10-14 17:58:13.633448 Bravo: Lima, Golf and Uniform, sending you 4
2024-10-14 17:58:13.634625 Sierra: Echo, sending you 3
2024-10-14 17:58:13.635131 Mike: Lima and Zulu, sending you 2
2024-10-14 17:58:13.635888 Tango: Charlie, sending you 6
2024-10-14 17:58:13.636306 Golf: Uniform, sending you 3
2024-10-14 17:58:13.637609 Uniform: Mike, sending you 4
2024-10-14 17:58:13.638369 Bravo: Mike and Zulu, sending you 3
2024-10-14 17:58:13.639138 Tango: Sierra, sending you 7
2024-10-14 17:58:13.639705 Mike: Golf, sending you 4
2024-10-14 17:58:13.642674 Tango: Echo, sending you 3
2024-10-14 17:58:13.645669 Mike: Bravo, sending you 3
2024-10-14 17:58:13.649671 Mike: Uniform, sending you 5
chatterbot Sierra submitting transactions
chatterbot Mike submitting transactions
chatterbot Echo submitting transactions
chatterbot Lima submitting transactions
chatterbot Zulu submitting transactions
chatterbot Uniform submitting transactions
chatterbot Tango submitting transactions
chatterbot Bravo submitting transactions
chatterbot Charlie submitting transactions
chatterbot Golf submitting transactions
ChatterBot Charlie round 14
ChatterBot Lima round 14
ChatterBot Sierra round 14
ChatterBot Echo round 14
ChatterBot Mike round 14
ChatterBot Golf round 14
ChatterBot Zulu round 14
ChatterBot Bravo round 14
ChatterBot Tango round 14
ChatterBot Uniform round 14
2024-10-14 17:58:14.800195 Sierra: Charlie and Tango, sending you 4
2024-10-14 17:58:14.800667 Echo: Charlie and Sierra, sending you 1
2024-10-14 17:58:14.801696 Lima: Mike, Golf, Zulu and Uniform, sending you 2
2024-10-14 17:58:14.804658 Sierra: Echo, sending you 3
2024-10-14 17:58:14.806675 Lima: Bravo, sending you 3
2024-10-14 17:58:14.808080 Charlie: Sierra and Echo, sending you 3
2024-10-14 17:58:14.809653 Mike: Lima and Zulu, sending you 2
2024-10-14 17:58:14.810661 Bravo: Lima, Golf and Uniform, sending you 4
2024-10-14 17:58:14.812061 Charlie: Tango, sending you 2
2024-10-14 17:58:14.814680 Mike: Golf, sending you 4
2024-10-14 17:58:14.816205 Uniform: Lima, Golf, Zulu and Bravo, sending you 3
2024-10-14 17:58:14.817493 Bravo: Mike and Zulu, sending you 3
2024-10-14 17:58:14.818718 Golf: Lima, Zulu and Uniform, sending you 3
2024-10-14 17:58:14.820402 Zulu: Lima, Mike and Bravo, sending you 2
2024-10-14 17:58:14.821745 Mike: Bravo, sending you 3
2024-10-14 17:58:14.822450 Uniform: Mike, sending you 4
2024-10-14 17:58:14.823197 Golf: Mike and Bravo, sending you 4
2024-10-14 17:58:14.824472 Tango: Charlie, sending you 6
2024-10-14 17:58:14.825159 Mike: Uniform, sending you 5
2024-10-14 17:58:14.826849 Zulu: Golf and Uniform, sending you 3
2024-10-14 17:58:14.829651 Tango: Sierra, sending you 7
2024-10-14 17:58:14.834667 Tango: Echo, sending you 3
chatterbot Charlie submitting transactions
chatterbot Zulu submitting transactions
chatterbot Golf submitting transactions
chatterbot Uniform submitting transactions
chatterbot Mike submitting transactions
chatterbot Tango submitting transactions
chatterbot Bravo submitting transactions
chatterbot Lima submitting transactions
chatterbot Sierra submitting transactions
chatterbot Echo submitting transactions
ChatterBot Charlie round 15
ChatterBot Lima round 15
ChatterBot Sierra round 15
ChatterBot Echo round 15
ChatterBot Mike round 15
ChatterBot Golf round 15
ChatterBot Zulu round 15
ChatterBot Bravo round 15
ChatterBot Tango round 15
ChatterBot Uniform round 15
2024-10-14 17:58:16.061684 Echo: Charlie and Sierra, sending you 1
2024-10-14 17:58:16.065675 Charlie: Sierra and Echo, sending you 3
2024-10-14 17:58:16.066650 Lima: Mike, Golf, Zulu and Uniform, sending you 2
2024-10-14 17:58:16.068682 Golf: Lima, Zulu and Uniform, sending you 3
2024-10-14 17:58:16.070752 Charlie: Tango, sending you 2
2024-10-14 17:58:16.071550 Lima: Bravo, sending you 3
2024-10-14 17:58:16.073684 Zulu: Lima, Mike and Bravo, sending you 2
2024-10-14 17:58:16.075742 Mike: Lima and Zulu, sending you 2
2024-10-14 17:58:16.077291 Golf: Mike and Bravo, sending you 4
2024-10-14 17:58:16.080318 Sierra: Charlie and Tango, sending you 4
2024-10-14 17:58:16.080995 Zulu: Golf and Uniform, sending you 3
2024-10-14 17:58:16.082342 Mike: Golf, sending you 4
2024-10-14 17:58:16.083673 Bravo: Lima, Golf and Uniform, sending you 4
2024-10-14 17:58:16.085870 Tango: Charlie, sending you 6
2024-10-14 17:58:16.086417 Sierra: Echo, sending you 3
2024-10-14 17:58:16.087004 Mike: Bravo, sending you 3
2024-10-14 17:58:16.089002 Uniform: Lima, Golf, Zulu and Bravo, sending you 3
2024-10-14 17:58:16.090211 Bravo: Mike and Zulu, sending you 3
2024-10-14 17:58:16.091656 Tango: Sierra, sending you 7
2024-10-14 17:58:16.092281 Mike: Uniform, sending you 5
2024-10-14 17:58:16.094696 Uniform: Mike, sending you 4
2024-10-14 17:58:16.095879 Tango: Echo, sending you 3
chatterbot Lima submitting transactions
chatterbot Zulu submitting transactions
chatterbot Bravo submitting transactions
chatterbot Echo submitting transactions
chatterbot Golf submitting transactions
chatterbot Tango submitting transactions
chatterbot Sierra submitting transactions
chatterbot Charlie submitting transactions
chatterbot Mike submitting transactions
chatterbot Uniform submitting transactions
ChatterBot Charlie round 16
ChatterBot Lima round 16
ChatterBot Sierra round 16
ChatterBot Echo round 16
ChatterBot Mike round 16
ChatterBot Golf round 16
ChatterBot Zulu round 16
ChatterBot Bravo round 16
ChatterBot Tango round 16
2024-10-14 17:58:17.312203 Sierra: We should add Zulu
2024-10-14 17:58:17.318413 Charlie: No
2024-10-14 17:58:17.318583 Echo: No
2024-10-14 17:58:17.318721 Tango: No
ChatterBot Sierra reevaluating
ChatterBot Sierra reevaluating
ChatterBot Sierra reevaluating
ChatterBot Uniform round 16
2024-10-14 17:58:17.365671 Lima: Mike, Golf, Zulu and Uniform, sending you 2
2024-10-14 17:58:17.371670 Lima: Bravo, sending you 3
2024-10-14 17:58:17.374668 Tango: Charlie, sending you 6
2024-10-14 17:58:17.375674 Mike: Lima and Zulu, sending you 2
2024-10-14 17:58:17.376646 Bravo: Lima, Golf and Uniform, sending you 4
2024-10-14 17:58:17.377975 Echo: Charlie and Sierra, sending you 1
2024-10-14 17:58:17.378696 Golf: Lima, Zulu and Uniform, sending you 3
2024-10-14 17:58:17.379916 Zulu: Lima, Mike and Bravo, sending you 2
2024-10-14 17:58:17.381327 Sierra: Charlie and Tango, sending you 4
2024-10-14 17:58:17.381843 Tango: Sierra, sending you 7
2024-10-14 17:58:17.382294 Mike: Golf, sending you 4
2024-10-14 17:58:17.383270 Charlie: Sierra and Echo, sending you 3
2024-10-14 17:58:17.383966 Bravo: Mike and Zulu, sending you 3
2024-10-14 17:58:17.385705 Golf: Mike and Bravo, sending you 4
2024-10-14 17:58:17.387157 Uniform: Lima, Golf, Zulu and Bravo, sending you 3
2024-10-14 17:58:17.388004 Zulu: Golf and Uniform, sending you 3
2024-10-14 17:58:17.388843 Sierra: Echo, sending you 3
2024-10-14 17:58:17.389229 Tango: Echo, sending you 3
2024-10-14 17:58:17.389651 Mike: Bravo, sending you 3
2024-10-14 17:58:17.390895 Charlie: Tango, sending you 2
2024-10-14 17:58:17.391462 Uniform: Mike, sending you 4
2024-10-14 17:58:17.393694 Mike: Uniform, sending you 5
chatterbot Sierra submitting transactions
chatterbot Zulu submitting transactions
chatterbot Uniform submitting transactions
chatterbot Bravo submitting transactions
chatterbot Tango submitting transactions
chatterbot Mike submitting transactions
chatterbot Charlie submitting transactions
chatterbot Echo submitting transactions
chatterbot Lima submitting transactions
chatterbot Golf submitting transactions
ChatterBot Charlie round 17
ChatterBot Lima round 17
ChatterBot Sierra round 17
ChatterBot Echo round 17
ChatterBot Mike round 17
ChatterBot Golf round 17
ChatterBot Zulu round 17
ChatterBot Bravo round 17
ChatterBot Tango round 17
ChatterBot Uniform round 17
2024-10-14 17:58:18.501675 Echo: Charlie and Sierra, sending you 1
2024-10-14 17:58:18.505682 Golf: Lima, Zulu and Uniform, sending you 3
2024-10-14 17:58:18.508655 Sierra: Charlie and Tango, sending you 4
2024-10-14 17:58:18.509667 Golf: Mike and Bravo, sending you 4
2024-10-14 17:58:18.510733 Lima: Mike, Golf, Zulu and Uniform, sending you 2
2024-10-14 17:58:18.511750 Zulu: Lima, Mike and Bravo, sending you 2
2024-10-14 17:58:18.513323 Sierra: Echo, sending you 3
2024-10-14 17:58:18.513923 Charlie: Sierra and Echo, sending you 3
2024-10-14 17:58:18.514656 Mike: Lima and Zulu, sending you 2
2024-10-14 17:58:18.515938 Lima: Bravo, sending you 3
2024-10-14 17:58:18.517231 Zulu: Golf and Uniform, sending you 3
2024-10-14 17:58:18.518262 Charlie: Tango, sending you 2
2024-10-14 17:58:18.519684 Mike: Golf, sending you 4
2024-10-14 17:58:18.523729 Bravo: Lima, Golf and Uniform, sending you 4
2024-10-14 17:58:18.525649 Mike: Bravo, sending you 3
2024-10-14 17:58:18.526602 Uniform: Lima, Golf, Zulu and Bravo, sending you 3
2024-10-14 17:58:18.527546 Tango: Charlie, sending you 6
2024-10-14 17:58:18.528006 Bravo: Mike and Zulu, sending you 3
2024-10-14 17:58:18.528880 Mike: Uniform, sending you 5
2024-10-14 17:58:18.530653 Uniform: Mike, sending you 4
2024-10-14 17:58:18.532652 Tango: Sierra, sending you 7
2024-10-14 17:58:18.535723 Tango: Echo, sending you 3
chatterbot Zulu submitting transactions
chatterbot Mike submitting transactions
chatterbot Uniform submitting transactions
chatterbot Tango submitting transactions
chatterbot Golf submitting transactions
chatterbot Charlie submitting transactions
chatterbot Lima submitting transactions
chatterbot Sierra submitting transactions
chatterbot Echo submitting transactions
chatterbot Bravo submitting transactions
ChatterBot Charlie round 18
ChatterBot Lima round 18
ChatterBot Sierra round 18
ChatterBot Echo round 18
ChatterBot Mike round 18
ChatterBot Golf round 18
ChatterBot Zulu round 18
ChatterBot Bravo round 18
ChatterBot Tango round 18
ChatterBot Uniform round 18
2024-10-14 17:58:19.834304 Sierra: We should drop Echo
ChatterBot Charlie reevaluating
ChatterBot Tango reevaluating
2024-10-14 17:58:19.841403 Charlie: Yes
2024-10-14 17:58:19.841805 Tango: Yes
ChatterBot Tango reevaluating
ChatterBot Charlie reevaluating
2024-10-14 17:58:19.857660 Echo: Charlie, sending you 1
2024-10-14 17:58:19.859011 Mike: Lima and Zulu, sending you 2
2024-10-14 17:58:19.863710 Mike: Golf, sending you 4
2024-10-14 17:58:19.867663 Bravo: Lima, Golf and Uniform, sending you 4
2024-10-14 17:58:19.870689 Mike: Bravo, sending you 3
2024-10-14 17:58:19.872962 Lima: Mike, Golf, Zulu and Uniform, sending you 2
2024-10-14 17:58:19.874497 Sierra: Charlie, sending you 5
2024-10-14 17:58:19.875189 Bravo: Mike and Zulu, sending you 3
2024-10-14 17:58:19.877754 Zulu: Lima, Mike and Bravo, sending you 2
2024-10-14 17:58:19.879744 Golf: Lima, Zulu and Uniform, sending you 3
2024-10-14 17:58:19.882423 Mike: Uniform, sending you 5
2024-10-14 17:58:19.884494 Uniform: Lima, Golf, Zulu and Bravo, sending you 3
2024-10-14 17:58:19.887186 Lima: Bravo, sending you 3
2024-10-14 17:58:19.889322 Sierra: Tango, sending you 6
2024-10-14 17:58:19.890602 Zulu: Golf and Uniform, sending you 3
2024-10-14 17:58:19.894480 Golf: Mike and Bravo, sending you 4
2024-10-14 17:58:19.896531 Uniform: Mike, sending you 4
2024-10-14 17:58:19.899197 Charlie: Sierra, sending you 3
2024-10-14 17:58:19.900060 Tango: Charlie, sending you 7
2024-10-14 17:58:19.903677 Charlie: Tango, sending you 2
2024-10-14 17:58:19.904652 Tango: Sierra, sending you 9
chatterbot Lima submitting transactions
chatterbot Sierra submitting transactions
chatterbot Tango submitting transactions
chatterbot Charlie submitting transactions
chatterbot Zulu submitting transactions
