ChatterBot Alpha round 1
ChatterBot Tango round 1
randomSelections Alpha: {Alpha, Bravo, Juliett, Delta} 
2024-10-14 17:57:58.740137 Alpha: We would work well together
ChatterBot November round 1
ChatterBot Bravo round 1
ChatterBot Bravo reevaluating
2024-10-14 17:57:58.745268 Bravo: Yes
ChatterBot Delta round 1
ChatterBot Delta reevaluating
ChatterBot Delta reevaluating
2024-10-14 17:57:58.756971 Delta: Yes
ChatterBot Bravo reevaluating
ChatterBot Juliett round 1
ChatterBot Juliett reevaluating
ChatterBot Juliett reevaluating
ChatterBot Juliett reevaluating
2024-10-14 17:57:58.796079 Juliett: Yes
ChatterBot Bravo reevaluating
ChatterBot Delta reevaluating
ChatterBot Charlie round 1
ChatterBot Mike round 1
ChatterBot Oscar round 1
ChatterBot Romeo round 1
randomSelections November: {November, Tango, Mike, Juliett, Oscar, Romeo} 
2024-10-14 17:57:58.842164 November: Group up?
ChatterBot Tango reevaluating
ChatterBot Mike reevaluating
ChatterBot Juliett reevaluating
ChatterBot Oscar reevaluating
ChatterBot Romeo reevaluating
2024-10-14 17:57:58.860053 Tango: Yes
2024-10-14 17:57:58.860314 Mike: Yes
2024-10-14 17:57:58.860434 Juliett: No
2024-10-14 17:57:58.860746 Oscar: Yes
2024-10-14 17:57:58.861398 Romeo: Yes
ChatterBot Mike reevaluating
ChatterBot Juliett reevaluating
ChatterBot Oscar reevaluating
ChatterBot Romeo reevaluating
ChatterBot Tango reevaluating
ChatterBot Juliett reevaluating
ChatterBot Oscar reevaluating
ChatterBot Romeo reevaluating
ChatterBot Tango reevaluating
ChatterBot Mike reevaluating
ChatterBot Oscar reevaluating
ChatterBot Romeo reevaluating
ChatterBot Tango reevaluating
ChatterBot Mike reevaluating
ChatterBot Juliett reevaluating
ChatterBot Romeo reevaluating
ChatterBot Tango reevaluating
ChatterBot Mike reevaluating
ChatterBot Juliett reevaluating
ChatterBot Oscar reevaluating
randomSelections Charlie: {Charlie, Romeo, Bravo, Tango, Alpha, Juliett} 
2024-10-14 17:57:58.938776 Charlie: We would work well together
ChatterBot Romeo reevaluating
ChatterBot Tango reevaluating
ChatterBot Juliett reevaluating
2024-10-14 17:57:58.950592 Romeo: No
2024-10-14 17:57:58.950966 Bravo: No
2024-10-14 17:57:58.951262 Tango: No
2024-10-14 17:57:58.952107 Alpha: No
2024-10-14 17:57:58.952382 Juliett: No
ChatterBot Tango reevaluating
ChatterBot Juliett reevaluating
ChatterBot Romeo reevaluating
ChatterBot Tango reevaluating
ChatterBot Juliett reevaluating
ChatterBot Romeo reevaluating
ChatterBot Juliett reevaluating
ChatterBot Romeo reevaluating
ChatterBot Tango reevaluating
ChatterBot Juliett reevaluating
ChatterBot Romeo reevaluating
ChatterBot Tango reevaluating
2024-10-14 17:57:59.024756 Alpha: Bravo, sending you 5
2024-10-14 17:57:59.031200 Alpha: Delta, sending you 4
2024-10-14 17:57:59.035578 Alpha: Juliett, sending you 3
2024-10-14 17:57:59.035973 Bravo: Alpha, sending you 6
2024-10-14 17:57:59.040471 Bravo: Delta, sending you 5
2024-10-14 17:57:59.040925 Juliett: Alpha and Delta, sending you 6
2024-10-14 17:57:59.042485 November: Tango and Oscar, sending you 3
2024-10-14 17:57:59.042948 Delta: Alpha, sending you 6
2024-10-14 17:57:59.045244 Tango: November and Juliett, sending you 4
2024-10-14 17:57:59.045644 Mike: Tango and Oscar, sending you 4
2024-10-14 17:57:59.046725 Bravo: Juliett, sending you 2
2024-10-14 17:57:59.047102 Juliett: Bravo, sending you 5
2024-10-14 17:57:59.047409 Charlie: Alpha, Bravo and Juliett, sending you 2
2024-10-14 17:57:59.048695 November: Juliett, sending you 2
2024-10-14 17:57:59.049220 Delta: Bravo and Juliett, sending you 4
2024-10-14 17:57:59.050748 Tango: Oscar and Romeo, sending you 3
2024-10-14 17:57:59.052165 Mike: November, Juliett and Romeo, sending you 3
2024-10-14 17:57:59.052536 Charlie: Tango, sending you 4
2024-10-14 17:57:59.052892 Romeo: Tango, sending you 2
2024-10-14 17:57:59.053196 November: Mike, sending you 4
2024-10-14 17:57:59.054608 Oscar: Tango and November, sending you 2
2024-10-14 17:57:59.056499 Charlie: Romeo, sending you 1
2024-10-14 17:57:59.057027 Romeo: November, Mike and Oscar, sending you 3
2024-10-14 17:57:59.058277 November: Romeo, sending you 6
2024-10-14 17:57:59.061152 Oscar: Mike, sending you 3
2024-10-14 17:57:59.063337 Romeo: Juliett, sending you 1
2024-10-14 17:57:59.064665 Oscar: Romeo, sending you 4
chatterbot Delta submitting transactions
chatterbot Bravo submitting transactions
chatterbot Juliett submitting transactions
chatterbot Mike submitting transactions
chatterbot November submitting transactions
chatterbot Oscar submitting transactions
chatterbot Charlie submitting transactions
chatterbot Alpha submitting transactions
chatterbot Romeo submitting transactions
chatterbot Tango submitting transactions
ChatterBot Alpha round 2
ChatterBot Tango round 2
ChatterBot November round 2
ChatterBot Bravo round 2
ChatterBot Delta round 2
ChatterBot Juliett round 2
ChatterBot Charlie round 2
ChatterBot Mike round 2
ChatterBot Oscar round 2
ChatterBot Romeo round 2
2024-10-14 17:58:00.436508 Bravo: We should add Charlie
ChatterBot Juliett reevaluating
ChatterBot Delta reevaluating
2024-10-14 17:58:00.447800 Alpha: No
2024-10-14 17:58:00.447958 Juliett: Yes
2024-10-14 17:58:00.448087 Delta: Yes
ChatterBot Juliett reevaluating
ChatterBot Delta reevaluating
ChatterBot Alpha reevaluating
ChatterBot Delta reevaluating
ChatterBot Alpha reevaluating
ChatterBot Juliett reevaluating
2024-10-14 17:58:00.491324 Charlie: We would work well together
2024-10-14 17:58:00.497624 Oscar: No
ChatterBot Charlie reevaluating
2024-10-14 17:58:00.517187 Tango: We should replace Juliett with Charlie
ChatterBot Romeo reevaluating
2024-10-14 17:58:00.539799 November: No
2024-10-14 17:58:00.540040 Mike: No
2024-10-14 17:58:00.540205 Oscar: No
2024-10-14 17:58:00.540335 Romeo: No
ChatterBot Romeo reevaluating
ChatterBot Romeo reevaluating
ChatterBot Romeo reevaluating
2024-10-14 17:58:00.643428 Mike: We should drop Juliett
ChatterBot Romeo reevaluating
2024-10-14 17:58:00.665964 Tango: Yes
2024-10-14 17:58:00.666128 November: Yes
2024-10-14 17:58:00.666262 Oscar: Yes
2024-10-14 17:58:00.666399 Romeo: Yes
ChatterBot Romeo reevaluating
ChatterBot Romeo reevaluating
ChatterBot Romeo reevaluating
2024-10-14 17:58:00.759145 Bravo: Charlie we want you to join our group
ChatterBot Charlie reevaluating
2024-10-14 17:58:00.765861 Charlie: No
ChatterBot Alpha reevaluating
ChatterBot Delta reevaluating
ChatterBot Juliett reevaluating
2024-10-14 17:58:00.792018 Tango: Charlie we want you to join our group
ChatterBot Charlie reevaluating
2024-10-14 17:58:00.798843 Charlie: No
ChatterBot Romeo reevaluating
2024-10-14 17:58:00.827635 Delta: Charlie we want you to join our group
ChatterBot Charlie reevaluating
2024-10-14 17:58:00.834332 Charlie: No
ChatterBot Alpha reevaluating
2024-10-14 17:58:00.858123 Juliett: Charlie we want you to join our group
ChatterBot Charlie reevaluating
2024-10-14 17:58:00.864832 Charlie: No
ChatterBot Alpha reevaluating
2024-10-14 17:58:01.242258 Bravo: Alpha and Juliett, sending you 4
2024-10-14 17:58:01.243100 Mike: Tango, sending you 1
2024-10-14 17:58:01.243457 Oscar: Tango, November and Romeo, sending you 4
2024-10-14 17:58:01.243778 Alpha: Charlie we want you to join our group
ChatterBot Charlie reevaluating
2024-10-14 17:58:01.249982 Charlie: No
ChatterBot Alpha reevaluating
chatterbot November submitting transactions
chatterbot Mike submitting transactions
chatterbot Oscar submitting transactions
chatterbot Bravo submitting transactions
2024-10-14 17:58:01.274653 Bravo: Delta, sending you 3
2024-10-14 17:58:01.275035 Mike: November, Oscar and Romeo, sending you 5
2024-10-14 17:58:01.275400 Oscar: Mike, sending you 6
2024-10-14 17:58:01.389041 November: Tango, sending you 6
2024-10-14 17:58:01.389355 Romeo: Tango, November and Oscar, sending you 5
2024-10-14 17:58:01.390176 Juliett: Alpha, sending you 5
2024-10-14 17:58:01.390459 Tango: November, sending you 3
2024-10-14 17:58:01.390762 Delta: Alpha and Bravo, sending you 4
2024-10-14 17:58:01.391026 Bravo: Charlie, sending you 2
2024-10-14 17:58:01.391889 November: Mike and Romeo, sending you 5
2024-10-14 17:58:01.476480 Romeo: Mike, sending you 4
2024-10-14 17:58:01.477297 Juliett: Bravo and Charlie, sending you 4
2024-10-14 17:58:01.477724 Delta: Juliett, sending you 5
2024-10-14 17:58:01.478510 Tango: Charlie and Mike, sending you 4
2024-10-14 17:58:01.478868 November: Oscar, sending you 2
2024-10-14 17:58:01.505662 Juliett: Delta, sending you 6
2024-10-14 17:58:01.506038 Delta: Charlie, sending you 2
2024-10-14 17:58:01.506772 Tango: Oscar and Romeo, sending you 2
2024-10-14 17:58:01.518481 Alpha: Bravo, sending you 4
chatterbot Delta submitting transactions
2024-10-14 17:58:01.525076 Alpha: Delta and Juliett, sending you 3
2024-10-14 17:58:01.531188 Alpha: Charlie, sending you 2
chatterbot Tango submitting transactions
chatterbot Romeo submitting transactions
chatterbot Alpha submitting transactions
chatterbot Charlie submitting transactions
chatterbot Juliett submitting transactions
ChatterBot Alpha round 3
ChatterBot Tango round 3
ChatterBot November round 3
ChatterBot Bravo round 3
ChatterBot Delta round 3
ChatterBot Juliett round 3
ChatterBot Charlie round 3
ChatterBot Mike round 3
2024-10-14 17:58:02.236843 Charlie: Let's form a team
ChatterBot Bravo reevaluating
2024-10-14 17:58:02.249400 Bravo: Yes
2024-10-14 17:58:02.249755 Alpha: Yes
2024-10-14 17:58:02.250022 Delta: Yes
2024-10-14 17:58:02.250363 Juliett: Yes
ChatterBot Bravo reevaluating
ChatterBot Bravo reevaluating
ChatterBot Bravo reevaluating
2024-10-14 17:58:02.294189 Bravo: We should add Tango
2024-10-14 17:58:02.304154 Alpha: No
2024-10-14 17:58:02.304693 Delta: No
2024-10-14 17:58:02.304885 Juliett: No
2024-10-14 17:58:02.305014 Charlie: No
ChatterBot Bravo reevaluating
ChatterBot Bravo reevaluating
ChatterBot Bravo reevaluating
ChatterBot Bravo reevaluating
ChatterBot Oscar round 3
ChatterBot Romeo round 3
2024-10-14 17:58:02.357887 Bravo: We should add Romeo
2024-10-14 17:58:02.369537 Alpha: No
2024-10-14 17:58:02.369747 Delta: No
2024-10-14 17:58:02.370261 Juliett: No
2024-10-14 17:58:02.370419 Charlie: No
ChatterBot Bravo reevaluating
ChatterBot Bravo reevaluating
ChatterBot Bravo reevaluating
ChatterBot Bravo reevaluating
2024-10-14 17:58:02.416196 Bravo: We should add Mike
2024-10-14 17:58:02.426959 Alpha: No
2024-10-14 17:58:02.427114 Delta: No
2024-10-14 17:58:02.427229 Juliett: No
2024-10-14 17:58:02.427339 Charlie: No
ChatterBot Bravo reevaluating
ChatterBot Bravo reevaluating
ChatterBot Bravo reevaluating
ChatterBot Bravo reevaluating
2024-10-14 17:58:02.474668 Alpha: Bravo and Delta, sending you 3
2024-10-14 17:58:02.475698 November: Tango and Oscar, sending you 4
2024-10-14 17:58:02.476678 Charlie: Alpha, sending you 5
2024-10-14 17:58:02.477067 Juliett: Alpha and Bravo, sending you 5
2024-10-14 17:58:02.477387 Tango: November and Romeo, sending you 4
2024-10-14 17:58:02.477693 Delta: Alpha and Bravo, sending you 4
2024-10-14 17:58:02.478898 Alpha: Juliett, sending you 4
2024-10-14 17:58:02.479282 November: Mike and Romeo, sending you 5
2024-10-14 17:58:02.481697 Charlie: Bravo and Delta, sending you 4
2024-10-14 17:58:02.482132 Juliett: Delta, sending you 6
2024-10-14 17:58:02.482449 Tango: Charlie and Mike, sending you 2
2024-10-14 17:58:02.482752 Delta: Juliett, sending you 5
2024-10-14 17:58:02.483034 Alpha: Charlie, sending you 1
2024-10-14 17:58:02.485682 Charlie: Juliett, sending you 6
2024-10-14 17:58:02.486054 Juliett: Charlie, sending you 3
2024-10-14 17:58:02.487662 Tango: Oscar, sending you 3
2024-10-14 17:58:02.488035 Delta: Charlie, sending you 2
2024-10-14 17:58:02.492668 Oscar: Tango and November, sending you 4
2024-10-14 17:58:02.493688 Mike: Tango, sending you 3
2024-10-14 17:58:02.495675 Romeo: Tango, sending you 4
2024-10-14 17:58:02.496912 Oscar: Mike, sending you 5
2024-10-14 17:58:02.497360 Mike: November and Oscar, sending you 5
2024-10-14 17:58:02.498657 Romeo: November, Mike and Oscar, sending you 5
2024-10-14 17:58:02.499688 Oscar: Romeo, sending you 6
2024-10-14 17:58:02.500668 Bravo: Alpha and Juliett, sending you 4
2024-10-14 17:58:02.501673 Mike: Romeo, sending you 4
2024-10-14 17:58:02.504671 Bravo: Delta, sending you 3
2024-10-14 17:58:02.509986 Bravo: Charlie, sending you 2
chatterbot Juliett submitting transactions
chatterbot Delta submitting transactions
chatterbot Mike submitting transactions
chatterbot Charlie submitting transactions
chatterbot Oscar submitting transactions
chatterbot Alpha submitting transactions
chatterbot November submitting transactions
chatterbot Tango submitting transactions
chatterbot Romeo submitting transactions
chatterbot Bravo submitting transactions
ChatterBot Alpha round 4
ChatterBot Tango round 4
ChatterBot November round 4
ChatterBot Bravo round 4
ChatterBot Delta round 4
ChatterBot Juliett round 4
ChatterBot Charlie round 4
ChatterBot Mike round 4
ChatterBot Oscar round 4
ChatterBot Romeo round 4
2024-10-14 17:58:03.610468 Bravo: We should add November
2024-10-14 17:58:03.620337 Alpha: No
2024-10-14 17:58:03.620528 Delta: No
2024-10-14 17:58:03.620673 Juliett: No
2024-10-14 17:58:03.621355 Charlie: No
ChatterBot Bravo reevaluating
ChatterBot Bravo reevaluating
ChatterBot Bravo reevaluating
ChatterBot Bravo reevaluating
2024-10-14 17:58:03.677666 Mike: Tango, sending you 2
2024-10-14 17:58:03.678688 Charlie: Alpha, sending you 3
2024-10-14 17:58:03.680662 Tango: November, Oscar and Romeo, sending you 4
2024-10-14 17:58:03.681067 Juliett: Alpha, Bravo and Delta, sending you 5
2024-10-14 17:58:03.681468 Mike: November, Oscar and Romeo, sending you 5
2024-10-14 17:58:03.684234 Charlie: Bravo and Delta, sending you 5
2024-10-14 17:58:03.684900 Tango: Mike, sending you 3
2024-10-14 17:58:03.685284 November: Tango and Oscar, sending you 4
2024-10-14 17:58:03.685672 Juliett: Charlie, sending you 4
2024-10-14 17:58:03.686096 Delta: Alpha and Bravo, sending you 4
2024-10-14 17:58:03.686673 Alpha: Bravo and Delta, sending you 3
2024-10-14 17:58:03.687669 November: Mike and Romeo, sending you 5
2024-10-14 17:58:03.688689 Charlie: Juliett, sending you 6
2024-10-14 17:58:03.689363 Delta: Juliett, sending you 5
2024-10-14 17:58:03.689811 Alpha: Juliett, sending you 4
2024-10-14 17:58:03.691019 Romeo: Tango, sending you 4
2024-10-14 17:58:03.691467 Oscar: Tango and November, sending you 4
2024-10-14 17:58:03.693923 Romeo: November, Mike and Oscar, sending you 5
2024-10-14 17:58:03.694673 Delta: Charlie, sending you 2
2024-10-14 17:58:03.695088 Oscar: Mike, sending you 6
2024-10-14 17:58:03.695681 Alpha: Charlie, sending you 2
2024-10-14 17:58:03.697659 Bravo: Alpha, Delta and Charlie, sending you 3
2024-10-14 17:58:03.698070 Oscar: Romeo, sending you 5
2024-10-14 17:58:03.701646 Bravo: Juliett, sending you 4
chatterbot Romeo submitting transactions
chatterbot Tango submitting transactions
chatterbot Mike submitting transactions
chatterbot Alpha submitting transactions
chatterbot Juliett submitting transactions
chatterbot Bravo submitting transactions
chatterbot November submitting transactions
chatterbot Charlie submitting transactions
chatterbot Oscar submitting transactions
chatterbot Delta submitting transactions
ChatterBot Alpha round 5
ChatterBot Tango round 5
ChatterBot November round 5
ChatterBot Bravo round 5
ChatterBot Delta round 5
ChatterBot Juliett round 5
2024-10-14 17:58:04.801464 Bravo: We should add Oscar
2024-10-14 17:58:04.814287 Alpha: No
2024-10-14 17:58:04.814534 Delta: No
2024-10-14 17:58:04.814739 Juliett: No
2024-10-14 17:58:04.814932 Charlie: No
ChatterBot Bravo reevaluating
ChatterBot Bravo reevaluating
ChatterBot Bravo reevaluating
ChatterBot Bravo reevaluating
ChatterBot Charlie round 5
ChatterBot Mike round 5
ChatterBot Oscar round 5
ChatterBot Romeo round 5
2024-10-14 17:58:04.900673 Tango: November, Oscar and Romeo, sending you 4
2024-10-14 17:58:04.903683 Tango: Mike, sending you 3
2024-10-14 17:58:04.907663 Charlie: Alpha and Delta, sending you 4
2024-10-14 17:58:04.909667 Delta: Alpha and Bravo, sending you 4
2024-10-14 17:58:04.910862 Bravo: Alpha, Delta and Charlie, sending you 3
2024-10-14 17:58:04.911183 November: Tango and Oscar, sending you 4
2024-10-14 17:58:04.911438 Juliett: Alpha, Bravo and Delta, sending you 5
2024-10-14 17:58:04.911782 Charlie: Bravo, sending you 5
2024-10-14 17:58:04.913647 Alpha: Bravo and Delta, sending you 3
2024-10-14 17:58:04.914057 Delta: Juliett, sending you 5
2024-10-14 17:58:04.914883 Bravo: Juliett, sending you 4
2024-10-14 17:58:04.915299 Charlie: Juliett, sending you 6
2024-10-14 17:58:04.915727 November: Mike and Romeo, sending you 5
2024-10-14 17:58:04.916025 Juliett: Charlie, sending you 4
2024-10-14 17:58:04.916364 Romeo: Tango, sending you 4
2024-10-14 17:58:04.917660 Delta: Charlie, sending you 2
2024-10-14 17:58:04.918684 Alpha: Juliett, sending you 4
2024-10-14 17:58:04.919105 Oscar: Tango and November, sending you 4
2024-10-14 17:58:04.921679 Romeo: November, Mike and Oscar, sending you 5
2024-10-14 17:58:04.922716 Oscar: Mike, sending you 5
2024-10-14 17:58:04.923202 Mike: Tango, sending you 2
2024-10-14 17:58:04.923743 Alpha: Charlie, sending you 2
2024-10-14 17:58:04.925673 Oscar: Romeo, sending you 6
2024-10-14 17:58:04.926660 Mike: November, Oscar and Romeo, sending you 5
chatterbot Delta submitting transactions
chatterbot November submitting transactions
chatterbot Juliett submitting transactions
chatterbot Tango submitting transactions
chatterbot Oscar submitting transactions
chatterbot Alpha submitting transactions
chatterbot Romeo submitting transactions
chatterbot Mike submitting transactions
chatterbot Bravo submitting transactions
chatterbot Charlie submitting transactions
ChatterBot Alpha round 6
ChatterBot Tango round 6
ChatterBot November round 6
ChatterBot Bravo round 6
ChatterBot Delta round 6
ChatterBot Juliett round 6
ChatterBot Charlie round 6
ChatterBot Mike round 6
ChatterBot Oscar round 6
ChatterBot Romeo round 6
2024-10-14 17:58:06.204728 Tango: November, Oscar and Romeo, sending you 4
2024-10-14 17:58:06.207741 Tango: Mike, sending you 3
2024-10-14 17:58:06.209681 Oscar: Tango, sending you 4
2024-10-14 17:58:06.212682 Charlie: Alpha and Delta, sending you 4
2024-10-14 17:58:06.213508 Bravo: Alpha, Delta and Charlie, sending you 3
2024-10-14 17:58:06.214331 Oscar: November, Mike and Romeo, sending you 5
2024-10-14 17:58:06.215031 November: Tango and Oscar, sending you 4
2024-10-14 17:58:06.217204 Alpha: Bravo and Delta, sending you 3
2024-10-14 17:58:06.217777 Bravo: Juliett, sending you 4
2024-10-14 17:58:06.218265 Delta: Alpha and Bravo, sending you 4
2024-10-14 17:58:06.218781 Charlie: Bravo, sending you 5
2024-10-14 17:58:06.219239 Juliett: Alpha, Delta and Charlie, sending you 5
2024-10-14 17:58:06.219753 November: Mike and Romeo, sending you 5
2024-10-14 17:58:06.220177 Romeo: Tango, sending you 4
2024-10-14 17:58:06.221689 Delta: Juliett, sending you 5
2024-10-14 17:58:06.222679 Alpha: Juliett, sending you 4
2024-10-14 17:58:06.223441 Juliett: Bravo, sending you 4
2024-10-14 17:58:06.224223 Charlie: Juliett, sending you 6
2024-10-14 17:58:06.225020 Romeo: November, Mike and Oscar, sending you 5
2024-10-14 17:58:06.225681 Delta: Charlie, sending you 2
2024-10-14 17:58:06.226666 Mike: Tango, sending you 2
2024-10-14 17:58:06.227673 Alpha: Charlie, sending you 2
2024-10-14 17:58:06.230689 Mike: November, Oscar and Romeo, sending you 5
chatterbot Bravo submitting transactions
chatterbot Charlie submitting transactions
chatterbot Alpha submitting transactions
chatterbot Juliett submitting transactions
chatterbot Delta submitting transactions
chatterbot Tango submitting transactions
chatterbot Oscar submitting transactions
chatterbot November submitting transactions
chatterbot Mike submitting transactions
chatterbot Romeo submitting transactions
ChatterBot Alpha round 7
ChatterBot Tango round 7
ChatterBot November round 7
ChatterBot Bravo round 7
ChatterBot Delta round 7
ChatterBot Juliett round 7
ChatterBot Charlie round 7
ChatterBot Mike round 7
ChatterBot Oscar round 7
ChatterBot Romeo round 7
2024-10-14 17:58:07.351686 November: Tango and Oscar, sending you 4
2024-10-14 17:58:07.354696 November: Mike and Romeo, sending you 5
2024-10-14 17:58:07.356677 Bravo: Alpha, Delta and Charlie, sending you 3
2024-10-14 17:58:07.358661 Tango: November and Oscar, sending you 4
2024-10-14 17:58:07.360677 Bravo: Juliett, sending you 4
2024-10-14 17:58:07.363674 Tango: Mike, sending you 2
2024-10-14 17:58:07.364650 Mike: Tango, sending you 2
2024-10-14 17:58:07.365049 Delta: Alpha and Bravo, sending you 4
2024-10-14 17:58:07.366696 Tango: Romeo, sending you 5
2024-10-14 17:58:07.367663 Mike: November, Oscar and Romeo, sending you 5
2024-10-14 17:58:07.368042 Delta: Juliett, sending you 5
2024-10-14 17:58:07.369651 Charlie: Alpha and Delta, sending you 4
2024-10-14 17:58:07.370102 Romeo: Tango, sending you 4
2024-10-14 17:58:07.370680 Alpha: Bravo and Delta, sending you 3
2024-10-14 17:58:07.371274 Juliett: Alpha, Delta and Charlie, sending you 5
2024-10-14 17:58:07.372707 Delta: Charlie, sending you 2
2024-10-14 17:58:07.373163 Romeo: November, Mike and Oscar, sending you 5
2024-10-14 17:58:07.373681 Charlie: Bravo, sending you 5
2024-10-14 17:58:07.374692 Alpha: Juliett, sending you 4
2024-10-14 17:58:07.376665 Juliett: Bravo, sending you 4
2024-10-14 17:58:07.377682 Charlie: Juliett, sending you 6
2024-10-14 17:58:07.378202 Oscar: Tango, sending you 4
2024-10-14 17:58:07.378704 Alpha: Charlie, sending you 2
2024-10-14 17:58:07.381705 Oscar: November, Mike and Romeo, sending you 5
chatterbot Romeo submitting transactions
chatterbot Delta submitting transactions
chatterbot Mike submitting transactions
chatterbot Bravo submitting transactions
chatterbot Oscar submitting transactions
chatterbot Charlie submitting transactions
chatterbot Tango submitting transactions
chatterbot Juliett submitting transactions
chatterbot November submitting transactions
chatterbot Alpha submitting transactions
ChatterBot Alpha round 8
ChatterBot Tango round 8
ChatterBot November round 8
ChatterBot Bravo round 8
ChatterBot Delta round 8
ChatterBot Juliett round 8
ChatterBot Charlie round 8
ChatterBot Mike round 8
ChatterBot Oscar round 8
ChatterBot Romeo round 8
2024-10-14 17:58:08.581667 Delta: Alpha and Bravo, sending you 4
2024-10-14 17:58:08.583116 Alpha: Bravo and Delta, sending you 3
2024-10-14 17:58:08.585678 Bravo: Alpha, Delta and Charlie, sending you 3
2024-10-14 17:58:08.586159 Charlie: Alpha and Delta, sending you 4
2024-10-14 17:58:08.586679 Delta: Juliett, sending you 5
2024-10-14 17:58:08.587670 Alpha: Juliett, sending you 4
2024-10-14 17:58:08.588689 November: Tango and Oscar, sending you 4
2024-10-14 17:58:08.589123 Bravo: Juliett, sending you 4
2024-10-14 17:58:08.589552 Charlie: Bravo, sending you 5
2024-10-14 17:58:08.590011 Tango: November and Romeo, sending you 5
2024-10-14 17:58:08.590670 Delta: Charlie, sending you 2
2024-10-14 17:58:08.591667 November: Mike and Romeo, sending you 5
2024-10-14 17:58:08.592684 Alpha: Charlie, sending you 2
2024-10-14 17:58:08.593211 Juliett: Alpha, Delta and Charlie, sending you 5
2024-10-14 17:58:08.594110 Tango: Mike, sending you 2
2024-10-14 17:58:08.594686 Charlie: Juliett, sending you 6
2024-10-14 17:58:08.595144 Oscar: Tango, sending you 4
2024-10-14 17:58:08.595689 Romeo: Tango, sending you 4
2024-10-14 17:58:08.596689 Mike: Tango, sending you 2
2024-10-14 17:58:08.597206 Juliett: Bravo, sending you 4
2024-10-14 17:58:08.597869 Oscar: November, Mike and Romeo, sending you 5
2024-10-14 17:58:08.598694 Tango: Oscar, sending you 4
2024-10-14 17:58:08.599678 Romeo: November, Mike and Oscar, sending you 5
2024-10-14 17:58:08.600585 Mike: November, Oscar and Romeo, sending you 5
chatterbot Charlie submitting transactions
chatterbot Romeo submitting transactions
chatterbot Bravo submitting transactions
chatterbot Tango submitting transactions
chatterbot Delta submitting transactions
chatterbot Alpha submitting transactions
chatterbot Mike submitting transactions
chatterbot Oscar submitting transactions
chatterbot Juliett submitting transactions
chatterbot November submitting transactions
ChatterBot Alpha round 9
ChatterBot Tango round 9
ChatterBot November round 9
ChatterBot Bravo round 9
ChatterBot Delta round 9
ChatterBot Juliett round 9
ChatterBot Charlie round 9
ChatterBot Mike round 9
ChatterBot Oscar round 9
ChatterBot Romeo round 9
2024-10-14 17:58:09.855660 November: Tango and Oscar, sending you 4
2024-10-14 17:58:09.856663 Romeo: Tango, sending you 4
2024-10-14 17:58:09.857668 Juliett: Alpha, Delta and Charlie, sending you 5
2024-10-14 17:58:09.858677 Delta: Alpha, Bravo and Juliett, sending you 4
2024-10-14 17:58:09.859162 Oscar: Tango, sending you 4
2024-10-14 17:58:09.860683 November: Mike and Romeo, sending you 5
2024-10-14 17:58:09.861087 Romeo: November, Mike and Oscar, sending you 5
2024-10-14 17:58:09.861672 Bravo: Alpha, Delta and Charlie, sending you 3
2024-10-14 17:58:09.862141 Delta: Charlie, sending you 3
2024-10-14 17:58:09.862659 Juliett: Bravo, sending you 4
2024-10-14 17:58:09.863723 Oscar: November, Mike and Romeo, sending you 5
2024-10-14 17:58:09.864484 Tango: November and Romeo, sending you 5
2024-10-14 17:58:09.865701 Mike: Tango, sending you 2
2024-10-14 17:58:09.866096 Bravo: Juliett, sending you 4
2024-10-14 17:58:09.867690 Tango: Mike, sending you 2
2024-10-14 17:58:09.868073 Charlie: Alpha and Delta, sending you 4
2024-10-14 17:58:09.868711 Alpha: Bravo and Delta, sending you 3
2024-10-14 17:58:09.869770 Mike: November, Oscar and Romeo, sending you 5
2024-10-14 17:58:09.872675 Tango: Oscar, sending you 4
2024-10-14 17:58:09.873092 Charlie: Bravo, sending you 5
2024-10-14 17:58:09.873656 Alpha: Juliett, sending you 4
2024-10-14 17:58:09.875649 Charlie: Juliett, sending you 6
2024-10-14 17:58:09.878664 Alpha: Charlie, sending you 2
chatterbot Oscar submitting transactions
chatterbot Delta submitting transactions
chatterbot Juliett submitting transactions
chatterbot Mike submitting transactions
chatterbot Bravo submitting transactions
chatterbot Tango submitting transactions
chatterbot Romeo submitting transactions
chatterbot November submitting transactions
chatterbot Alpha submitting transactions
chatterbot Charlie submitting transactions
ChatterBot Alpha round 10
ChatterBot Tango round 10
ChatterBot November round 10
ChatterBot Bravo round 10
ChatterBot Delta round 10
ChatterBot Juliett round 10
ChatterBot Charlie round 10
ChatterBot Mike round 10
ChatterBot Oscar round 10
ChatterBot Romeo round 10
2024-10-14 17:58:10.851669 November: Tango and Oscar, sending you 4
2024-10-14 17:58:10.852705 Tango: November and Romeo, sending you 5
2024-10-14 17:58:10.856655 November: Mike and Romeo, sending you 5
2024-10-14 17:58:10.858043 Delta: Alpha, Bravo and Juliett, sending you 4
2024-10-14 17:58:10.858625 Tango: Mike, sending you 2
2024-10-14 17:58:10.861681 Delta: Charlie, sending you 3
2024-10-14 17:58:10.862492 Tango: Oscar, sending you 4
2024-10-14 17:58:10.863153 Alpha: Bravo and Delta, sending you 3
2024-10-14 17:58:10.863953 Bravo: Alpha, Delta and Charlie, sending you 3
2024-10-14 17:58:10.865660 Charlie: Alpha and Delta, sending you 4
2024-10-14 17:58:10.866189 Romeo: Tango, sending you 4
2024-10-14 17:58:10.867668 Alpha: Juliett, sending you 4
2024-10-14 17:58:10.868230 Mike: Tango, sending you 2
2024-10-14 17:58:10.868666 Juliett: Sending you each 1
2024-10-14 17:58:10.869148 Bravo: Juliett, sending you 4
2024-10-14 17:58:10.869639 Romeo: November, Mike and Oscar, sending you 5
2024-10-14 17:58:10.870084 Charlie: Bravo, sending you 5
2024-10-14 17:58:10.870665 Alpha: Charlie, sending you 2
2024-10-14 17:58:10.871658 Oscar: Tango, sending you 4
2024-10-14 17:58:10.872705 Mike: November, Oscar and Romeo, sending you 5
2024-10-14 17:58:10.873681 Charlie: Juliett, sending you 6
2024-10-14 17:58:10.876660 Oscar: November, Mike and Romeo, sending you 5
chatterbot November submitting transactions
chatterbot Tango submitting transactions
chatterbot Oscar submitting transactions
chatterbot Delta submitting transactions
chatterbot Bravo submitting transactions
chatterbot Alpha submitting transactions
chatterbot Juliett submitting transactions
chatterbot Mike submitting transactions
chatterbot Romeo submitting transactions
chatterbot Charlie submitting transactions
ChatterBot Alpha round 11
ChatterBot Tango round 11
ChatterBot November round 11
ChatterBot Bravo round 11
ChatterBot Delta round 11
ChatterBot Juliett round 11
ChatterBot Charlie round 11
2024-10-14 17:58:12.093046 Bravo: We should add Tango
ChatterBot Delta reevaluating
2024-10-14 17:58:12.147156 Alpha: No
2024-10-14 17:58:12.147387 Delta: Yes
2024-10-14 17:58:12.147559 Juliett: No
2024-10-14 17:58:12.147725 Charlie: No
ChatterBot Bravo reevaluating
ChatterBot Delta reevaluating
ChatterBot Bravo reevaluating
ChatterBot Bravo reevaluating
ChatterBot Delta reevaluating
ChatterBot Bravo reevaluating
ChatterBot Delta reevaluating
ChatterBot Mike round 11
ChatterBot Oscar round 11
ChatterBot Romeo round 11
2024-10-14 17:58:12.252888 Delta: We should add Oscar
ChatterBot Bravo reevaluating
2024-10-14 17:58:12.263390 Bravo: Yes
2024-10-14 17:58:12.263597 Alpha: No
2024-10-14 17:58:12.263839 Juliett: No
2024-10-14 17:58:12.264132 Charlie: No
ChatterBot Delta reevaluating
ChatterBot Bravo reevaluating
ChatterBot Delta reevaluating
ChatterBot Bravo reevaluating
ChatterBot Delta reevaluating
ChatterBot Bravo reevaluating
ChatterBot Delta reevaluating
2024-10-14 17:58:12.323522 Bravo: We should add Mike
ChatterBot Delta reevaluating
2024-10-14 17:58:12.332575 Alpha: No
2024-10-14 17:58:12.332790 Delta: No
2024-10-14 17:58:12.332922 Juliett: No
2024-10-14 17:58:12.333039 Charlie: No
ChatterBot Bravo reevaluating
ChatterBot Delta reevaluating
ChatterBot Bravo reevaluating
ChatterBot Bravo reevaluating
ChatterBot Delta reevaluating
ChatterBot Bravo reevaluating
ChatterBot Delta reevaluating
2024-10-14 17:58:12.384563 Delta: We should add Romeo
ChatterBot Bravo reevaluating
2024-10-14 17:58:12.394568 Bravo: Yes
2024-10-14 17:58:12.394759 Alpha: No
2024-10-14 17:58:12.394890 Juliett: No
2024-10-14 17:58:12.395 Charlie: No
ChatterBot Delta reevaluating
ChatterBot Bravo reevaluating
ChatterBot Delta reevaluating
ChatterBot Bravo reevaluating
ChatterBot Delta reevaluating
ChatterBot Bravo reevaluating
ChatterBot Delta reevaluating
2024-10-14 17:58:12.445540 Delta: Tango we want you to join our group
2024-10-14 17:58:12.450140 Tango: No
ChatterBot Bravo reevaluating
2024-10-14 17:58:12.470490 Alpha: Sending you each 3
2024-10-14 17:58:12.471560 November: I was attacked by Juliett
ChatterBot Tango reevaluating
ChatterBot Mike reevaluating
ChatterBot Oscar reevaluating
ChatterBot Romeo reevaluating
2024-10-14 17:58:12.490675 November: Ow
2024-10-14 17:58:12.495677 Charlie: Alpha, sending you 4
2024-10-14 17:58:12.496749 Juliett: Alpha, Delta and Charlie, sending you 5
2024-10-14 17:58:12.500670 Juliett: Bravo, sending you 4
2024-10-14 17:58:12.502576 Charlie: Bravo, Delta and Juliett, sending you 5
2024-10-14 17:58:12.506137 Delta: Alpha, Bravo and Charlie, sending you 3
2024-10-14 17:58:12.506694 Mike: Tango, sending you 2
2024-10-14 17:58:12.510289 Delta: Tango, sending you 2
2024-10-14 17:58:12.510823 Mike: November, sending you 4
2024-10-14 17:58:12.511693 Bravo: Alpha, Juliett and Charlie, sending you 3
2024-10-14 17:58:12.512902 Oscar: Tango, sending you 4
2024-10-14 17:58:12.515061 Delta: Juliett, sending you 4
2024-10-14 17:58:12.516662 Mike: Oscar and Romeo, sending you 5
2024-10-14 17:58:12.517363 Oscar: November, Mike and Romeo, sending you 5
2024-10-14 17:58:12.518038 Bravo: Delta, sending you 4
2024-10-14 17:58:12.526672 Romeo: Tango, sending you 4
2024-10-14 17:58:12.531675 Romeo: November, Mike and Oscar, sending you 5
chatterbot Bravo submitting transactions
chatterbot Alpha submitting transactions
chatterbot November submitting transactions
chatterbot Romeo submitting transactions
chatterbot Juliett submitting transactions
chatterbot Delta submitting transactions
chatterbot Mike submitting transactions
chatterbot Charlie submitting transactions
chatterbot Oscar submitting transactions
chatterbot Tango submitting transactions
ChatterBot Alpha round 12
ChatterBot Tango round 12
ChatterBot November round 12
ChatterBot Bravo round 12
ChatterBot Delta round 12
ChatterBot Juliett round 12
ChatterBot Charlie round 12
ChatterBot Mike round 12
ChatterBot Oscar round 12
ChatterBot Romeo round 12
2024-10-14 17:58:13.571241 Bravo: We should add Tango
ChatterBot Delta reevaluating
2024-10-14 17:58:13.586105 Alpha: No
2024-10-14 17:58:13.586269 Delta: No
2024-10-14 17:58:13.586387 Juliett: No
2024-10-14 17:58:13.586501 Charlie: No
ChatterBot Bravo reevaluating
ChatterBot Delta reevaluating
ChatterBot Bravo reevaluating
ChatterBot Bravo reevaluating
ChatterBot Delta reevaluating
ChatterBot Bravo reevaluating
ChatterBot Delta reevaluating
2024-10-14 17:58:13.653780 Bravo: We should add Oscar
ChatterBot Delta reevaluating
2024-10-14 17:58:13.667771 Alpha: No
2024-10-14 17:58:13.668050 Delta: No
2024-10-14 17:58:13.668271 Juliett: No
2024-10-14 17:58:13.668444 Charlie: No
ChatterBot Bravo reevaluating
ChatterBot Delta reevaluating
ChatterBot Bravo reevaluating
ChatterBot Bravo reevaluating
ChatterBot Delta reevaluating
ChatterBot Bravo reevaluating
ChatterBot Delta reevaluating
2024-10-14 17:58:13.727559 Delta: We should replace Tango with Mike
ChatterBot Bravo reevaluating
2024-10-14 17:58:13.741906 Bravo: Yes
2024-10-14 17:58:13.742091 Alpha: No
2024-10-14 17:58:13.742242 Juliett: No
2024-10-14 17:58:13.742388 Charlie: No
ChatterBot Delta reevaluating
ChatterBot Bravo reevaluating
ChatterBot Delta reevaluating
ChatterBot Bravo reevaluating
ChatterBot Delta reevaluating
ChatterBot Bravo reevaluating
ChatterBot Delta reevaluating
2024-10-14 17:58:13.793726 Bravo: We should add Mike
2024-10-14 17:58:13.800311 Alpha: No
2024-10-14 17:58:13.800460 Delta: No
2024-10-14 17:58:13.800571 Juliett: No
2024-10-14 17:58:13.800686 Charlie: No
ChatterBot Bravo reevaluating
ChatterBot Delta reevaluating
ChatterBot Bravo reevaluating
ChatterBot Bravo reevaluating
ChatterBot Delta reevaluating
ChatterBot Bravo reevaluating
ChatterBot Delta reevaluating
2024-10-14 17:58:13.830859 Juliett: Alpha and Delta, sending you 3
2024-10-14 17:58:13.831433 November: Sending you each 1
2024-10-14 17:58:13.834665 Alpha: Bravo and Delta, sending you 3
2024-10-14 17:58:13.835327 Romeo: Tango, Mike and Oscar, sending you 4
2024-10-14 17:58:13.835777 Juliett: Bravo and Charlie, sending you 2
2024-10-14 17:58:13.836264 Juliett: I was attacked by November
ChatterBot Bravo reevaluating
ChatterBot Alpha reevaluating
ChatterBot Delta reevaluating
ChatterBot Charlie reevaluating
2024-10-14 17:58:13.845147 Juliett: Ow
2024-10-14 17:58:13.845888 Mike: Tango, sending you 3
2024-10-14 17:58:13.846319 Oscar: Tango, November and Mike, sending you 3
2024-10-14 17:58:13.846778 Romeo: November, sending you 3
2024-10-14 17:58:13.850651 Mike: November, sending you 4
2024-10-14 17:58:13.851139 Oscar: Romeo, sending you 4
2024-10-14 17:58:13.854850 Bravo: Romeo we want you to join our group
2024-10-14 17:58:13.859370 Romeo: No
ChatterBot Bravo reevaluating
ChatterBot Alpha reevaluating
ChatterBot Charlie reevaluating
2024-10-14 17:58:13.880825 Mike: Oscar and Romeo, sending you 5
2024-10-14 17:58:13.884674 Delta: Alpha, Bravo and Charlie, sending you 3
2024-10-14 17:58:13.889659 Delta: Tango, sending you 2
2024-10-14 17:58:13.892685 Delta: Juliett, sending you 4
2024-10-14 17:58:13.912644 Bravo: Alpha, Delta and Charlie, sending you 3
2024-10-14 17:58:13.916650 Bravo: Juliett, sending you 4
chatterbot Juliett submitting transactions
chatterbot Romeo submitting transactions
chatterbot Charlie submitting transactions
chatterbot Alpha submitting transactions
chatterbot November submitting transactions
chatterbot Delta submitting transactions
chatterbot Tango submitting transactions
chatterbot Oscar submitting transactions
chatterbot Mike submitting transactions
chatterbot Bravo submitting transactions
ChatterBot Alpha round 13
ChatterBot Tango round 13
ChatterBot November round 13
ChatterBot Bravo round 13
ChatterBot Delta round 13
ChatterBot Juliett round 13
ChatterBot Charlie round 13
ChatterBot Mike round 13
ChatterBot Oscar round 13
ChatterBot Romeo round 13
2024-10-14 17:58:14.995657 Bravo: We should add Romeo
ChatterBot Alpha reevaluating
ChatterBot Charlie reevaluating
2024-10-14 17:58:15.006313 Alpha: No
2024-10-14 17:58:15.006507 Delta: No
2024-10-14 17:58:15.006648 Juliett: No
2024-10-14 17:58:15.006786 Charlie: No
ChatterBot Bravo reevaluating
ChatterBot Charlie reevaluating
ChatterBot Bravo reevaluating
ChatterBot Alpha reevaluating
ChatterBot Charlie reevaluating
ChatterBot Bravo reevaluating
ChatterBot Alpha reevaluating
ChatterBot Delta reevaluating
ChatterBot Charlie reevaluating
ChatterBot Bravo reevaluating
ChatterBot Alpha reevaluating
ChatterBot Delta reevaluating
2024-10-14 17:58:15.047865 Delta: We should replace Tango with Mike
ChatterBot Bravo reevaluating
ChatterBot Alpha reevaluating
ChatterBot Charlie reevaluating
2024-10-14 17:58:15.056202 Bravo: No
2024-10-14 17:58:15.056366 Alpha: No
2024-10-14 17:58:15.057101 Juliett: No
2024-10-14 17:58:15.057225 Charlie: No
ChatterBot Alpha reevaluating
ChatterBot Delta reevaluating
ChatterBot Charlie reevaluating
ChatterBot Bravo reevaluating
ChatterBot Delta reevaluating
ChatterBot Charlie reevaluating
ChatterBot Bravo reevaluating
ChatterBot Alpha reevaluating
ChatterBot Delta reevaluating
ChatterBot Charlie reevaluating
ChatterBot Bravo reevaluating
ChatterBot Alpha reevaluating
ChatterBot Delta reevaluating
2024-10-14 17:58:15.103202 Bravo: We should add Mike
ChatterBot Alpha reevaluating
ChatterBot Delta reevaluating
ChatterBot Charlie reevaluating
2024-10-14 17:58:15.111198 Alpha: No
2024-10-14 17:58:15.111381 Delta: No
2024-10-14 17:58:15.111504 Juliett: No
2024-10-14 17:58:15.111623 Charlie: No
ChatterBot Bravo reevaluating
ChatterBot Delta reevaluating
ChatterBot Charlie reevaluating
ChatterBot Bravo reevaluating
ChatterBot Alpha reevaluating
ChatterBot Charlie reevaluating
ChatterBot Bravo reevaluating
ChatterBot Alpha reevaluating
ChatterBot Delta reevaluating
ChatterBot Charlie reevaluating
ChatterBot Bravo reevaluating
ChatterBot Alpha reevaluating
ChatterBot Delta reevaluating
2024-10-14 17:58:15.149697 November: Tango, sending you 3
2024-10-14 17:58:15.153389 November: Mike, Oscar and Romeo, sending you 4
2024-10-14 17:58:15.154310 Juliett: I was attacked by Oscar and Romeo
ChatterBot Bravo reevaluating
ChatterBot Alpha reevaluating
ChatterBot Delta reevaluating
ChatterBot Charlie reevaluating
2024-10-14 17:58:15.181635 Juliett: Ow
2024-10-14 17:58:15.183830 Mike: Tango, sending you 3
2024-10-14 17:58:15.187689 Oscar: Tango, November and Romeo, sending you 2
2024-10-14 17:58:15.188464 Romeo: Tango, November and Oscar, sending you 3
2024-10-14 17:58:15.189675 Mike: November, sending you 4
2024-10-14 17:58:15.190715 Oscar: Mike, sending you 3
2024-10-14 17:58:15.192687 Romeo: Mike, sending you 4
2024-10-14 17:58:15.195068 Mike: Oscar and Romeo, sending you 5
2024-10-14 17:58:15.202684 Bravo: Alpha, Delta and Juliett, sending you 3
2024-10-14 17:58:15.207772 Bravo: Charlie, sending you 4
2024-10-14 17:58:15.215682 Delta: Alpha, Bravo and Charlie, sending you 3
2024-10-14 17:58:15.218722 Delta: Tango, sending you 2
2024-10-14 17:58:15.224688 Delta: Juliett, sending you 4
chatterbot Delta submitting transactions
chatterbot Romeo submitting transactions
chatterbot Bravo submitting transactions
chatterbot Charlie submitting transactions
chatterbot Juliett submitting transactions
chatterbot Mike submitting transactions
chatterbot November submitting transactions
chatterbot Alpha submitting transactions
chatterbot Oscar submitting transactions
chatterbot Tango submitting transactions
ChatterBot Alpha round 14
ChatterBot Tango round 14
