ChatterBot Uniform round 1
ChatterBot Zulu round 1
ChatterBot Hotel round 1
ChatterBot Foxtrot round 1
ChatterBot November round 1
ChatterBot Delta round 1
ChatterBot Victor round 1
ChatterBot India round 1
ChatterBot Quebec round 1
ChatterBot Echo round 1
randomSelections Zulu: {Zulu, Quebec, Hotel, Foxtrot, November} 
2024-10-14 17:57:58.432494 Zulu: Group up?
ChatterBot Quebec reevaluating
ChatterBot Hotel reevaluating
ChatterBot Foxtrot reevaluating
ChatterBot November reevaluating
2024-10-14 17:57:58.461813 Quebec: Yes
2024-10-14 17:57:58.462019 Hotel: Yes
2024-10-14 17:57:58.462190 Foxtrot: Yes
2024-10-14 17:57:58.462339 November: Yes
ChatterBot Hotel reevaluating
ChatterBot Foxtrot reevaluating
ChatterBot November reevaluating
ChatterBot Quebec reevaluating
ChatterBot Foxtrot reevaluating
ChatterBot November reevaluating
ChatterBot Quebec reevaluating
ChatterBot Hotel reevaluating
ChatterBot November reevaluating
ChatterBot Quebec reevaluating
ChatterBot Hotel reevaluating
ChatterBot Foxtrot reevaluating
randomSelections Uniform: {Uniform, Quebec, Zulu, Foxtrot} 
2024-10-14 17:57:58.537873 Uniform: Group up?
ChatterBot Quebec reevaluating
ChatterBot Foxtrot reevaluating
2024-10-14 17:57:58.567410 Quebec: No
2024-10-14 17:57:58.567761 Zulu: No
2024-10-14 17:57:58.568490 Foxtrot: No
ChatterBot Foxtrot reevaluating
ChatterBot Quebec reevaluating
ChatterBot Foxtrot reevaluating
ChatterBot Quebec reevaluating
randomSelections Echo: {Echo, Quebec, Hotel} 
2024-10-14 17:57:58.586375 Echo: Group up?
ChatterBot Quebec reevaluating
ChatterBot Hotel reevaluating
2024-10-14 17:57:58.589634 Quebec: No
2024-10-14 17:57:58.589841 Hotel: No
ChatterBot Hotel reevaluating
ChatterBot Quebec reevaluating
randomSelections India: {India, Hotel, Victor, Echo, Foxtrot, Uniform} 
2024-10-14 17:57:58.597605 India: Let's form a team
ChatterBot Hotel reevaluating
ChatterBot Victor reevaluating
ChatterBot Foxtrot reevaluating
2024-10-14 17:57:58.605093 Hotel: No
2024-10-14 17:57:58.605345 Victor: Yes
2024-10-14 17:57:58.605504 Echo: No
2024-10-14 17:57:58.605673 Foxtrot: No
2024-10-14 17:57:58.606346 Uniform: No
ChatterBot Victor reevaluating
ChatterBot Foxtrot reevaluating
ChatterBot Hotel reevaluating
ChatterBot Foxtrot reevaluating
ChatterBot Hotel reevaluating
ChatterBot Victor reevaluating
ChatterBot Foxtrot reevaluating
ChatterBot Hotel reevaluating
ChatterBot Victor reevaluating
ChatterBot Hotel reevaluating
ChatterBot Victor reevaluating
ChatterBot Foxtrot reevaluating
randomSelections Delta: {Delta, Hotel, Victor, Foxtrot, November, Uniform, Echo} 
2024-10-14 17:57:58.652237 Delta: Can we be friends?
ChatterBot Hotel reevaluating
ChatterBot Victor reevaluating
ChatterBot Foxtrot reevaluating
ChatterBot November reevaluating
2024-10-14 17:57:58.662778 Hotel: No
2024-10-14 17:57:58.663079 Victor: No
2024-10-14 17:57:58.663242 Foxtrot: No
2024-10-14 17:57:58.663694 November: No
2024-10-14 17:57:58.664526 Uniform: No
2024-10-14 17:57:58.664845 Echo: No
ChatterBot Victor reevaluating
ChatterBot Foxtrot reevaluating
ChatterBot November reevaluating
ChatterBot Hotel reevaluating
ChatterBot Foxtrot reevaluating
ChatterBot November reevaluating
ChatterBot Hotel reevaluating
ChatterBot Victor reevaluating
ChatterBot November reevaluating
ChatterBot Hotel reevaluating
ChatterBot Victor reevaluating
ChatterBot Foxtrot reevaluating
ChatterBot Hotel reevaluating
ChatterBot Victor reevaluating
ChatterBot Foxtrot reevaluating
ChatterBot November reevaluating
ChatterBot Hotel reevaluating
ChatterBot Victor reevaluating
ChatterBot Foxtrot reevaluating
ChatterBot November reevaluating
2024-10-14 17:57:58.744721 Echo: Hotel, sending you 9
2024-10-14 17:57:58.746505 Zulu: Hotel and November, sending you 5
2024-10-14 17:57:58.749176 Echo: Quebec, sending you 5
2024-10-14 17:57:58.749845 Zulu: Foxtrot, sending you 6
2024-10-14 17:57:58.751692 November: Zulu and Foxtrot, sending you 4
2024-10-14 17:57:58.752888 Quebec: Hotel, sending you 1
2024-10-14 17:57:58.753257 Hotel: Zulu and November, sending you 2
2024-10-14 17:57:58.755167 Victor: Uniform and Foxtrot, sending you 2
2024-10-14 17:57:58.755805 Delta: Uniform, sending you 6
2024-10-14 17:57:58.757018 Uniform: Zulu and Quebec, sending you 6
2024-10-14 17:57:58.760928 November: Hotel, sending you 3
2024-10-14 17:57:58.761332 India: Uniform, Foxtrot and Echo, sending you 2
2024-10-14 17:57:58.761729 Hotel: Foxtrot, sending you 3
2024-10-14 17:57:58.762889 Victor: Hotel, sending you 3
2024-10-14 17:57:58.763207 Uniform: Foxtrot, sending you 5
2024-10-14 17:57:58.763546 Delta: Hotel and Echo, sending you 2
2024-10-14 17:57:58.765669 November: Quebec, sending you 5
2024-10-14 17:57:58.766646 India: Hotel, sending you 3
2024-10-14 17:57:58.767047 Hotel: Quebec, sending you 9
2024-10-14 17:57:58.767488 Victor: Echo, sending you 4
2024-10-14 17:57:58.769692 Foxtrot: Zulu, sending you 5
2024-10-14 17:57:58.770151 Delta: Foxtrot, sending you 4
2024-10-14 17:57:58.778963 India: Victor, sending you 1
2024-10-14 17:57:58.779490 Delta: November, sending you 3
2024-10-14 17:57:58.779909 Foxtrot: Hotel, sending you 6
2024-10-14 17:57:58.813264 Delta: Victor, sending you 1
2024-10-14 17:57:58.814592 Foxtrot: November, sending you 3
2024-10-14 17:57:58.842258 Foxtrot: Quebec, sending you 4
chatterbot Uniform submitting transactions
chatterbot Delta submitting transactions
chatterbot Echo submitting transactions
chatterbot Foxtrot submitting transactions
chatterbot Quebec submitting transactions
chatterbot Zulu submitting transactions
chatterbot November submitting transactions
chatterbot India submitting transactions
chatterbot Victor submitting transactions
chatterbot Hotel submitting transactions
ChatterBot Uniform round 2
ChatterBot Zulu round 2
ChatterBot Hotel round 2
ChatterBot Foxtrot round 2
ChatterBot November round 2
2024-10-14 17:57:59.924594 Foxtrot: We should add Uniform and Delta
ChatterBot Zulu reevaluating
ChatterBot Quebec reevaluating
ChatterBot Hotel reevaluating
ChatterBot November reevaluating
2024-10-14 17:57:59.968659 Zulu: Yes
2024-10-14 17:57:59.969447 Quebec: No
2024-10-14 17:57:59.969792 Hotel: No
2024-10-14 17:57:59.970214 November: Yes
ChatterBot Quebec reevaluating
ChatterBot Hotel reevaluating
ChatterBot November reevaluating
ChatterBot Zulu reevaluating
ChatterBot Hotel reevaluating
ChatterBot November reevaluating
ChatterBot Zulu reevaluating
ChatterBot Quebec reevaluating
ChatterBot November reevaluating
ChatterBot Zulu reevaluating
ChatterBot Quebec reevaluating
ChatterBot Hotel reevaluating
2024-10-14 17:58:00.133653 Quebec: We would work well together
ChatterBot Hotel reevaluating
2024-10-14 17:58:00.140452 Hotel: No
ChatterBot Quebec reevaluating
ChatterBot Delta round 2
2024-10-14 17:58:00.157602 Uniform: We would work well together
ChatterBot Victor reevaluating
ChatterBot India reevaluating
ChatterBot Echo reevaluating
2024-10-14 17:58:00.193363 Victor: No
2024-10-14 17:58:00.193655 India: No
2024-10-14 17:58:00.193829 Echo: No
ChatterBot Uniform reevaluating
ChatterBot India reevaluating
ChatterBot Echo reevaluating
ChatterBot Uniform reevaluating
ChatterBot Victor reevaluating
ChatterBot Echo reevaluating
ChatterBot Uniform reevaluating
ChatterBot Victor reevaluating
ChatterBot India reevaluating
2024-10-14 17:58:00.279275 India: Can we be friends?
ChatterBot Delta reevaluating
2024-10-14 17:58:00.285350 Delta: Yes
ChatterBot India reevaluating
2024-10-14 17:58:00.297296 Delta: Let's form a team
ChatterBot Uniform reevaluating
ChatterBot Quebec reevaluating
ChatterBot Victor reevaluating
ChatterBot India reevaluating
ChatterBot Echo reevaluating
2024-10-14 17:58:00.348240 Uniform: Yes
2024-10-14 17:58:00.348412 Quebec: No
2024-10-14 17:58:00.348531 Victor: No
2024-10-14 17:58:00.348647 India: No
2024-10-14 17:58:00.348768 Echo: No
ChatterBot Delta reevaluating
ChatterBot Quebec reevaluating
ChatterBot Victor reevaluating
ChatterBot India reevaluating
ChatterBot Echo reevaluating
ChatterBot Delta reevaluating
ChatterBot Uniform reevaluating
ChatterBot Victor reevaluating
ChatterBot India reevaluating
ChatterBot Echo reevaluating
ChatterBot Delta reevaluating
ChatterBot Uniform reevaluating
ChatterBot Quebec reevaluating
ChatterBot India reevaluating
ChatterBot Echo reevaluating
ChatterBot Delta reevaluating
ChatterBot Uniform reevaluating
ChatterBot Quebec reevaluating
ChatterBot Victor reevaluating
ChatterBot Echo reevaluating
ChatterBot Delta reevaluating
ChatterBot Uniform reevaluating
ChatterBot Quebec reevaluating
ChatterBot Victor reevaluating
ChatterBot India reevaluating
ChatterBot Victor round 2
ChatterBot India round 2
ChatterBot Quebec round 2
ChatterBot Echo round 2
2024-10-14 17:58:00.594151 Foxtrot: Uniform and Delta we want you to join our group
ChatterBot Uniform reevaluating
ChatterBot Delta reevaluating
2024-10-14 17:58:00.602936 Uniform: No
2024-10-14 17:58:00.603101 Delta: No
ChatterBot Foxtrot reevaluating
ChatterBot Zulu reevaluating
ChatterBot Hotel reevaluating
ChatterBot November reevaluating
ChatterBot Delta reevaluating
ChatterBot Quebec reevaluating
ChatterBot Foxtrot reevaluating
ChatterBot Zulu reevaluating
ChatterBot Hotel reevaluating
ChatterBot November reevaluating
ChatterBot Uniform reevaluating
ChatterBot Quebec reevaluating
2024-10-14 17:58:00.660471 Delta: We would work well together
ChatterBot Hotel reevaluating
ChatterBot Zulu reevaluating
ChatterBot Foxtrot reevaluating
ChatterBot November reevaluating
ChatterBot Uniform reevaluating
2024-10-14 17:58:00.683709 Quebec: We should add Uniform and Delta
2024-10-14 17:58:00.683919 Hotel: Yes
2024-10-14 17:58:00.684059 Zulu: Yes
2024-10-14 17:58:00.684170 Foxtrot: Yes
2024-10-14 17:58:00.684649 November: Yes
2024-10-14 17:58:00.684780 Uniform: No
ChatterBot Zulu reevaluating
ChatterBot Hotel reevaluating
ChatterBot Foxtrot reevaluating
ChatterBot November reevaluating
ChatterBot Uniform reevaluating
ChatterBot Delta reevaluating
2024-10-14 17:58:00.711777 Zulu: Yes
ChatterBot Zulu reevaluating
2024-10-14 17:58:00.716567 Hotel: Yes
2024-10-14 17:58:00.716753 Foxtrot: Yes
ChatterBot Foxtrot reevaluating
2024-10-14 17:58:00.721264 November: Yes
ChatterBot November reevaluating
ChatterBot Uniform reevaluating
ChatterBot Delta reevaluating
ChatterBot Hotel reevaluating
ChatterBot Foxtrot reevaluating
ChatterBot November reevaluating
ChatterBot Uniform reevaluating
ChatterBot Delta reevaluating
ChatterBot Quebec reevaluating
ChatterBot Zulu reevaluating
ChatterBot Hotel reevaluating
ChatterBot November reevaluating
ChatterBot Uniform reevaluating
ChatterBot Delta reevaluating
ChatterBot Quebec reevaluating
ChatterBot Zulu reevaluating
ChatterBot Hotel reevaluating
ChatterBot Foxtrot reevaluating
ChatterBot Delta reevaluating
ChatterBot Quebec reevaluating
ChatterBot Zulu reevaluating
ChatterBot Hotel reevaluating
ChatterBot Foxtrot reevaluating
ChatterBot November reevaluating
ChatterBot Quebec reevaluating
ChatterBot Hotel reevaluating
ChatterBot Foxtrot reevaluating
ChatterBot November reevaluating
ChatterBot Zulu reevaluating
ChatterBot Foxtrot reevaluating
ChatterBot November reevaluating
ChatterBot Zulu reevaluating
ChatterBot Hotel reevaluating
ChatterBot November reevaluating
ChatterBot Zulu reevaluating
ChatterBot Hotel reevaluating
ChatterBot Foxtrot reevaluating
2024-10-14 17:58:00.931037 Echo: We should group up
2024-10-14 17:58:00.937674 Victor: Yes
2024-10-14 17:58:00.937825 India: Yes
ChatterBot Echo reevaluating
ChatterBot Echo reevaluating
2024-10-14 17:58:00.981818 Zulu: Uniform and Delta we want you to join our group
2024-10-14 17:58:01.035312 Uniform: No
2024-10-14 17:58:01.035883 Delta: No
ChatterBot Zulu reevaluating
ChatterBot Hotel reevaluating
ChatterBot Zulu reevaluating
ChatterBot Hotel reevaluating
2024-10-14 17:58:01.088962 November: Uniform and Delta we want you to join our group
2024-10-14 17:58:01.098391 Uniform: No
2024-10-14 17:58:01.099100 Delta: No
ChatterBot Zulu reevaluating
ChatterBot Hotel reevaluating
ChatterBot Zulu reevaluating
ChatterBot Hotel reevaluating
2024-10-14 17:58:01.149440 Quebec: Uniform and Delta we want you to join our group
2024-10-14 17:58:01.160070 Uniform: No
2024-10-14 17:58:01.160518 Delta: No
ChatterBot Hotel reevaluating
ChatterBot Hotel reevaluating
2024-10-14 17:58:01.387700 India: Delta, sending you 3
2024-10-14 17:58:01.388510 Uniform: Zulu, Hotel and Foxtrot, sending you 2
2024-10-14 17:58:01.389169 Victor: Delta, sending you 4
2024-10-14 17:58:01.390142 Delta: Uniform, sending you 3
chatterbot Uniform submitting transactions
chatterbot Quebec submitting transactions
2024-10-14 17:58:01.472583 Uniform: November, sending you 1
2024-10-14 17:58:01.473081 India: Victor and Echo, sending you 4
2024-10-14 17:58:01.473482 Victor: India, sending you 5
2024-10-14 17:58:01.474160 Quebec: Uniform, Foxtrot and November, sending you 2
2024-10-14 17:58:01.474605 Delta: Zulu, Hotel, Foxtrot and November, sending you 4
2024-10-14 17:58:01.475464 November: Uniform and Quebec, sending you 2
2024-10-14 17:58:01.475872 Echo: Sending you each 8
chatterbot Victor submitting transactions
chatterbot Delta submitting transactions
2024-10-14 17:58:01.505421 Quebec: Zulu and Delta, sending you 1
2024-10-14 17:58:01.506078 Uniform: Delta, sending you 10
2024-10-14 17:58:01.506998 Victor: Echo, sending you 2
2024-10-14 17:58:01.507395 Zulu: Uniform, sending you 6
2024-10-14 17:58:01.508514 Hotel: Zulu, sending you 3
2024-10-14 17:58:01.509112 November: Zulu, Hotel, Foxtrot and Delta, sending you 3
2024-10-14 17:58:01.510145 Foxtrot: Uniform, sending you 4
2024-10-14 17:58:01.510955 Quebec: Hotel, sending you 3
2024-10-14 17:58:01.511970 Zulu: Hotel, sending you 2
2024-10-14 17:58:01.519847 Hotel: Foxtrot, sending you 4
2024-10-14 17:58:01.520245 Foxtrot: Zulu, sending you 6
2024-10-14 17:58:01.520822 Zulu: Foxtrot and November, sending you 4
2024-10-14 17:58:01.526234 Hotel: November, sending you 2
2024-10-14 17:58:01.526843 Foxtrot: Hotel, sending you 2
2024-10-14 17:58:01.530803 Hotel: Delta and Quebec, sending you 1
2024-10-14 17:58:01.531218 Foxtrot: November and Delta, sending you 3
2024-10-14 17:58:01.534187 Hotel: Echo, sending you 6
chatterbot India submitting transactions
chatterbot Echo submitting transactions
chatterbot Zulu submitting transactions
chatterbot November submitting transactions
chatterbot Foxtrot submitting transactions
chatterbot Hotel submitting transactions
ChatterBot Uniform round 3
ChatterBot Zulu round 3
ChatterBot Hotel round 3
ChatterBot Foxtrot round 3
ChatterBot November round 3
ChatterBot Delta round 3
ChatterBot Victor round 3
ChatterBot India round 3
ChatterBot Quebec round 3
ChatterBot Echo round 3
2024-10-14 17:58:02.322384 India: We should drop Delta
2024-10-14 17:58:02.330673 Echo: Yes
2024-10-14 17:58:02.330928 Victor: Yes
2024-10-14 17:58:02.351920 Hotel: We should drop Echo
2024-10-14 17:58:02.373969 Foxtrot: Yes
2024-10-14 17:58:02.374196 Zulu: Yes
2024-10-14 17:58:02.374961 November: Yes
2024-10-14 17:58:02.375139 Uniform: Yes
2024-10-14 17:58:02.375304 Delta: Yes
2024-10-14 17:58:02.375462 Quebec: Yes
2024-10-14 17:58:02.510683 Foxtrot: Uniform, November and Delta, sending you 3
2024-10-14 17:58:02.511166 Delta: Uniform, Hotel, Foxtrot and November, sending you 4
2024-10-14 17:58:02.511674 November: Uniform, sending you 1
2024-10-14 17:58:02.512669 Uniform: Zulu and Foxtrot, sending you 4
2024-10-14 17:58:02.513587 Zulu: Uniform, Hotel and November, sending you 3
2024-10-14 17:58:02.514175 Foxtrot: Zulu and Hotel, sending you 4
2024-10-14 17:58:02.515690 Delta: Zulu, sending you 3
2024-10-14 17:58:02.516743 November: Zulu, Hotel, Foxtrot, Delta and Quebec, sending you 3
2024-10-14 17:58:02.517271 Uniform: Hotel, sending you 1
2024-10-14 17:58:02.517680 Zulu: Foxtrot, sending you 5
2024-10-14 17:58:02.518696 Foxtrot: Quebec, sending you 1
2024-10-14 17:58:02.520673 Uniform: November, sending you 3
2024-10-14 17:58:02.521152 Zulu: Delta, sending you 2
2024-10-14 17:58:02.521763 Quebec: Uniform, Foxtrot and November, sending you 2
2024-10-14 17:58:02.522686 Hotel: Uniform, sending you 1
2024-10-14 17:58:02.523900 India: Same as last round
2024-10-14 17:58:02.524152 Uniform: Delta, sending you 5
2024-10-14 17:58:02.525692 Echo: Same as last round
2024-10-14 17:58:02.526111 Quebec: Zulu and Delta, sending you 1
2024-10-14 17:58:02.526628 Hotel: Zulu, November, Delta and Quebec, sending you 3
2024-10-14 17:58:02.528671 Quebec: Hotel, sending you 3
2024-10-14 17:58:02.530945 Hotel: Foxtrot, sending you 4
2024-10-14 17:58:02.540678 Victor: India, sending you 5
2024-10-14 17:58:02.543677 Victor: Echo, sending you 6
chatterbot Echo submitting transactions
chatterbot Uniform submitting transactions
chatterbot Victor submitting transactions
chatterbot Quebec submitting transactions
chatterbot Zulu submitting transactions
chatterbot November submitting transactions
chatterbot Delta submitting transactions
chatterbot Foxtrot submitting transactions
chatterbot India submitting transactions
chatterbot Hotel submitting transactions
ChatterBot Uniform round 4
ChatterBot Zulu round 4
ChatterBot Hotel round 4
ChatterBot Foxtrot round 4
ChatterBot November round 4
ChatterBot Delta round 4
ChatterBot Victor round 4
ChatterBot India round 4
ChatterBot Quebec round 4
ChatterBot Echo round 4
2024-10-14 17:58:03.600670 Foxtrot: Uniform, November and Delta, sending you 3
2024-10-14 17:58:03.601705 Uniform: Zulu, Foxtrot and Delta, sending you 4
2024-10-14 17:58:03.604678 Foxtrot: Zulu and Hotel, sending you 4
2024-10-14 17:58:03.605150 Victor: India, sending you 5
2024-10-14 17:58:03.605418 Uniform: Hotel, sending you 2
2024-10-14 17:58:03.608675 Foxtrot: Quebec, sending you 1
2024-10-14 17:58:03.609326 Victor: Echo, sending you 6
2024-10-14 17:58:03.609695 India: Sending you each 3
2024-10-14 17:58:03.609991 Uniform: November, sending you 3
2024-10-14 17:58:03.611656 Hotel: Uniform, sending you 1
2024-10-14 17:58:03.614696 Zulu: Uniform, Hotel and November, sending you 3
2024-10-14 17:58:03.616697 Hotel: Zulu, November, Delta and Quebec, sending you 3
2024-10-14 17:58:03.617661 November: Uniform, sending you 1
2024-10-14 17:58:03.618673 Delta: Uniform, Hotel, Foxtrot and November, sending you 4
2024-10-14 17:58:03.619046 Zulu: Foxtrot, sending you 4
2024-10-14 17:58:03.620677 Quebec: Uniform, Foxtrot and November, sending you 2
2024-10-14 17:58:03.621783 Hotel: Foxtrot, sending you 4
2024-10-14 17:58:03.622213 November: Zulu, Hotel, Foxtrot, Delta and Quebec, sending you 3
2024-10-14 17:58:03.622692 Delta: Zulu, sending you 3
2024-10-14 17:58:03.623018 Zulu: Delta, sending you 2
2024-10-14 17:58:03.623675 Echo: Same as last round
2024-10-14 17:58:03.625650 Quebec: Zulu and Delta, sending you 1
2024-10-14 17:58:03.626673 Zulu: Quebec, sending you 1
2024-10-14 17:58:03.630658 Quebec: Hotel, sending you 3
chatterbot Quebec submitting transactions
chatterbot Victor submitting transactions
chatterbot Echo submitting transactions
chatterbot Zulu submitting transactions
chatterbot Uniform submitting transactions
chatterbot India submitting transactions
chatterbot Delta submitting transactions
chatterbot Hotel submitting transactions
chatterbot Foxtrot submitting transactions
chatterbot November submitting transactions
ChatterBot Uniform round 5
ChatterBot Zulu round 5
ChatterBot Hotel round 5
ChatterBot Foxtrot round 5
ChatterBot November round 5
ChatterBot Delta round 5
ChatterBot Victor round 5
ChatterBot India round 5
ChatterBot Quebec round 5
ChatterBot Echo round 5
2024-10-14 17:58:04.702709 Zulu: Uniform, Hotel and November, sending you 3
2024-10-14 17:58:04.707678 Zulu: Foxtrot, sending you 4
2024-10-14 17:58:04.708699 Foxtrot: Uniform, November and Delta, sending you 3
2024-10-14 17:58:04.709685 India: Same as last round
2024-10-14 17:58:04.710675 Quebec: Uniform, Foxtrot and November, sending you 2
2024-10-14 17:58:04.712057 Foxtrot: Zulu and Hotel, sending you 4
2024-10-14 17:58:04.712668 Zulu: Delta, sending you 2
2024-10-14 17:58:04.713308 Hotel: Uniform, sending you 1
2024-10-14 17:58:04.714656 Echo: Same as last round
2024-10-14 17:58:04.715689 Quebec: Zulu and Delta, sending you 1
2024-10-14 17:58:04.716677 Foxtrot: Quebec, sending you 1
2024-10-14 17:58:04.717323 Zulu: Quebec, sending you 1
2024-10-14 17:58:04.717973 Hotel: Zulu, November, Delta and Quebec, sending you 3
2024-10-14 17:58:04.718545 Uniform: Zulu and Foxtrot, sending you 4
2024-10-14 17:58:04.719682 Quebec: Hotel, sending you 3
2024-10-14 17:58:04.720245 Victor: India, sending you 5
2024-10-14 17:58:04.721670 Delta: Uniform, Hotel, Foxtrot and November, sending you 4
2024-10-14 17:58:04.722668 November: Uniform, Zulu, Hotel, Foxtrot and Delta, sending you 3
2024-10-14 17:58:04.723261 Hotel: Foxtrot, sending you 4
2024-10-14 17:58:04.723819 Uniform: Hotel and November, sending you 2
2024-10-14 17:58:04.724176 Victor: Echo, sending you 6
2024-10-14 17:58:04.726908 Delta: Zulu, sending you 3
2024-10-14 17:58:04.727724 November: Quebec, sending you 1
2024-10-14 17:58:04.728504 Uniform: Delta, sending you 5
chatterbot Echo submitting transactions
chatterbot Delta submitting transactions
chatterbot Zulu submitting transactions
chatterbot India submitting transactions
chatterbot November submitting transactions
chatterbot Quebec submitting transactions
chatterbot Victor submitting transactions
chatterbot Uniform submitting transactions
chatterbot Hotel submitting transactions
chatterbot Foxtrot submitting transactions
ChatterBot Uniform round 6
ChatterBot Zulu round 6
ChatterBot Hotel round 6
ChatterBot Foxtrot round 6
ChatterBot November round 6
ChatterBot Delta round 6
ChatterBot Victor round 6
ChatterBot India round 6
ChatterBot Quebec round 6
ChatterBot Echo round 6
2024-10-14 17:58:05.967670 Victor: India, sending you 5
2024-10-14 17:58:05.972668 Victor: Echo, sending you 6
2024-10-14 17:58:05.972990 India: Same as last round
2024-10-14 17:58:05.973673 Foxtrot: Uniform, November and Delta, sending you 3
2024-10-14 17:58:05.975672 Hotel: Uniform, sending you 1
2024-10-14 17:58:05.976950 Delta: Uniform, Hotel, Foxtrot and November, sending you 4
2024-10-14 17:58:05.977359 Uniform: Zulu, Foxtrot and Delta, sending you 4
2024-10-14 17:58:05.977742 Foxtrot: Zulu and Hotel, sending you 4
2024-10-14 17:58:05.978210 Zulu: Uniform, Hotel and November, sending you 3
2024-10-14 17:58:05.978698 November: Uniform, Zulu, Hotel, Foxtrot and Delta, sending you 3
2024-10-14 17:58:05.981064 Hotel: Zulu, November, Delta and Quebec, sending you 3
2024-10-14 17:58:05.981779 Echo: Same as last round
2024-10-14 17:58:05.982244 Delta: Zulu, sending you 3
2024-10-14 17:58:05.982719 Uniform: Hotel, sending you 2
2024-10-14 17:58:05.983203 Foxtrot: Quebec, sending you 1
2024-10-14 17:58:05.983845 November: Quebec, sending you 1
2024-10-14 17:58:05.984540 Zulu: Foxtrot, sending you 4
2024-10-14 17:58:05.985187 Quebec: Uniform, Zulu and Delta, sending you 1
2024-10-14 17:58:05.985901 Hotel: Foxtrot, sending you 4
2024-10-14 17:58:05.986897 Uniform: November, sending you 3
2024-10-14 17:58:05.988643 Zulu: Delta, sending you 2
2024-10-14 17:58:05.990701 Quebec: Hotel, sending you 4
2024-10-14 17:58:05.992684 Zulu: Quebec, sending you 1
2024-10-14 17:58:05.994679 Quebec: Foxtrot and November, sending you 2
chatterbot Hotel submitting transactions
chatterbot November submitting transactions
chatterbot Echo submitting transactions
chatterbot Delta submitting transactions
chatterbot Victor submitting transactions
chatterbot Foxtrot submitting transactions
chatterbot Zulu submitting transactions
chatterbot Uniform submitting transactions
chatterbot India submitting transactions
chatterbot Quebec submitting transactions
ChatterBot Uniform round 7
ChatterBot Zulu round 7
ChatterBot Hotel round 7
ChatterBot Foxtrot round 7
ChatterBot November round 7
ChatterBot Delta round 7
ChatterBot Victor round 7
ChatterBot India round 7
ChatterBot Quebec round 7
ChatterBot Echo round 7
2024-10-14 17:58:07.250686 Uniform: Zulu, Foxtrot and Delta, sending you 4
2024-10-14 17:58:07.251687 Foxtrot: Uniform, November and Delta, sending you 3
2024-10-14 17:58:07.252716 Quebec: Uniform and Delta, sending you 1
2024-10-14 17:58:07.253714 Uniform: Hotel, sending you 2
2024-10-14 17:58:07.254700 Hotel: Uniform, sending you 1
2024-10-14 17:58:07.256222 November: Uniform, Zulu, Hotel, Foxtrot and Delta, sending you 3
2024-10-14 17:58:07.257354 Foxtrot: Zulu and Hotel, sending you 4
2024-10-14 17:58:07.258240 Uniform: November, sending you 3
2024-10-14 17:58:07.258912 Quebec: Zulu, Foxtrot and November, sending you 2
2024-10-14 17:58:07.259633 Delta: Uniform, Hotel, Foxtrot and November, sending you 4
2024-10-14 17:58:07.260329 India: Victor, sending you 3
2024-10-14 17:58:07.260644 Zulu: Uniform, Hotel and November, sending you 3
2024-10-14 17:58:07.261549 Hotel: Zulu, November, Delta and Quebec, sending you 3
2024-10-14 17:58:07.262214 November: Quebec, sending you 1
2024-10-14 17:58:07.263062 Foxtrot: Quebec, sending you 1
2024-10-14 17:58:07.264316 Quebec: Hotel, sending you 3
2024-10-14 17:58:07.265174 Delta: Zulu, sending you 3
2024-10-14 17:58:07.265648 India: Echo, sending you 2
2024-10-14 17:58:07.266050 Zulu: Foxtrot, sending you 4
2024-10-14 17:58:07.266745 Victor: India, sending you 5
2024-10-14 17:58:07.267086 Hotel: Foxtrot, sending you 4
2024-10-14 17:58:07.267895 Echo: Same as last round
2024-10-14 17:58:07.269681 Zulu: Delta, sending you 2
2024-10-14 17:58:07.271683 Victor: Echo, sending you 6
2024-10-14 17:58:07.274660 Zulu: Quebec, sending you 1
chatterbot November submitting transactions
chatterbot Zulu submitting transactions
chatterbot Victor submitting transactions
chatterbot Quebec submitting transactions
chatterbot Echo submitting transactions
chatterbot India submitting transactions
chatterbot Uniform submitting transactions
chatterbot Foxtrot submitting transactions
chatterbot Delta submitting transactions
chatterbot Hotel submitting transactions
ChatterBot Uniform round 8
ChatterBot Zulu round 8
ChatterBot Hotel round 8
ChatterBot Foxtrot round 8
ChatterBot November round 8
ChatterBot Delta round 8
ChatterBot Victor round 8
ChatterBot India round 8
ChatterBot Quebec round 8
ChatterBot Echo round 8
2024-10-14 17:58:08.474658 Delta: Uniform, Hotel, Foxtrot and November, sending you 4
2024-10-14 17:58:08.479665 Delta: Zulu, sending you 3
2024-10-14 17:58:08.481655 Victor: India, sending you 5
2024-10-14 17:58:08.482011 India: Victor, sending you 3
2024-10-14 17:58:08.482711 Foxtrot: Uniform, November and Delta, sending you 3
2024-10-14 17:58:08.484680 Quebec: Uniform and Delta, sending you 1
2024-10-14 17:58:08.485686 Victor: Echo, sending you 6
2024-10-14 17:58:08.486666 India: Echo, sending you 2
2024-10-14 17:58:08.487718 Zulu: Uniform, Hotel and November, sending you 3
2024-10-14 17:58:08.488483 November: Uniform, Zulu, Hotel, Foxtrot and Delta, sending you 3
2024-10-14 17:58:08.489671 Foxtrot: Zulu and Hotel, sending you 4
2024-10-14 17:58:08.490478 Quebec: Zulu, Foxtrot and November, sending you 2
2024-10-14 17:58:08.491287 Uniform: Zulu, Foxtrot and Delta, sending you 4
2024-10-14 17:58:08.491789 Zulu: Foxtrot, sending you 4
2024-10-14 17:58:08.492650 Hotel: Uniform, sending you 1
2024-10-14 17:58:08.493267 Foxtrot: Quebec, sending you 1
2024-10-14 17:58:08.493929 November: Quebec, sending you 1
2024-10-14 17:58:08.494951 Quebec: Hotel, sending you 3
2024-10-14 17:58:08.497280 Uniform: Hotel, sending you 2
2024-10-14 17:58:08.497837 Echo: Same as last round
2024-10-14 17:58:08.498185 Zulu: Delta, sending you 2
2024-10-14 17:58:08.499067 Hotel: Zulu, November, Delta and Quebec, sending you 3
2024-10-14 17:58:08.501682 Zulu: Quebec, sending you 1
2024-10-14 17:58:08.502689 Uniform: November, sending you 3
2024-10-14 17:58:08.504671 Hotel: Foxtrot, sending you 4
chatterbot Victor submitting transactions
chatterbot Hotel submitting transactions
chatterbot November submitting transactions
chatterbot Echo submitting transactions
chatterbot Foxtrot submitting transactions
chatterbot Quebec submitting transactions
chatterbot Delta submitting transactions
chatterbot Uniform submitting transactions
chatterbot India submitting transactions
chatterbot Zulu submitting transactions
ChatterBot Uniform round 9
ChatterBot Zulu round 9
ChatterBot Hotel round 9
ChatterBot Foxtrot round 9
ChatterBot November round 9
ChatterBot Delta round 9
ChatterBot Victor round 9
ChatterBot India round 9
ChatterBot Quebec round 9
ChatterBot Echo round 9
2024-10-14 17:58:09.748675 Hotel: Uniform and Quebec, sending you 2
2024-10-14 17:58:09.750663 November: Uniform, Zulu, Hotel, Foxtrot and Delta, sending you 3
2024-10-14 17:58:09.752700 Hotel: Zulu, November and Delta, sending you 3
2024-10-14 17:58:09.754959 Foxtrot: Uniform, November and Delta, sending you 3
2024-10-14 17:58:09.755844 Uniform: Zulu, Foxtrot and Delta, sending you 4
2024-10-14 17:58:09.756503 November: Quebec, sending you 1
2024-10-14 17:58:09.757344 Zulu: Uniform, Hotel and November, sending you 3
2024-10-14 17:58:09.758175 Hotel: Foxtrot, sending you 4
2024-10-14 17:58:09.759251 Quebec: Uniform and Delta, sending you 1
2024-10-14 17:58:09.760109 India: Victor, sending you 3
2024-10-14 17:58:09.760458 Foxtrot: Zulu and Hotel, sending you 4
2024-10-14 17:58:09.761245 Uniform: Hotel, sending you 2
2024-10-14 17:58:09.761743 Victor: India, sending you 5
2024-10-14 17:58:09.762080 Delta: Uniform, Hotel, Foxtrot and November, sending you 4
2024-10-14 17:58:09.762646 Zulu: Foxtrot, sending you 4
2024-10-14 17:58:09.764950 Quebec: Zulu, Foxtrot and November, sending you 2
2024-10-14 17:58:09.765755 India: Echo, sending you 2
2024-10-14 17:58:09.766057 Echo: Same as last round
2024-10-14 17:58:09.766312 Victor: Echo, sending you 6
2024-10-14 17:58:09.766588 Foxtrot: Quebec, sending you 1
2024-10-14 17:58:09.767260 Uniform: November, sending you 3
2024-10-14 17:58:09.767744 Delta: Zulu, sending you 3
2024-10-14 17:58:09.768209 Zulu: Delta, sending you 2
2024-10-14 17:58:09.770673 Quebec: Hotel, sending you 3
2024-10-14 17:58:09.771706 Zulu: Quebec, sending you 1
chatterbot Quebec submitting transactions
chatterbot Hotel submitting transactions
chatterbot Echo submitting transactions
chatterbot Delta submitting transactions
chatterbot India submitting transactions
chatterbot Uniform submitting transactions
chatterbot November submitting transactions
chatterbot Zulu submitting transactions
chatterbot Foxtrot submitting transactions
chatterbot Victor submitting transactions
ChatterBot Uniform round 10
ChatterBot Zulu round 10
ChatterBot Hotel round 10
ChatterBot Foxtrot round 10
ChatterBot November round 10
ChatterBot Delta round 10
ChatterBot Victor round 10
ChatterBot India round 10
ChatterBot Quebec round 10
ChatterBot Echo round 10
2024-10-14 17:58:10.576009 Uniform: Zulu, Foxtrot and Delta, sending you 4
2024-10-14 17:58:10.576809 Zulu: Uniform, Hotel and November, sending you 3
2024-10-14 17:58:10.580037 Victor: India, sending you 5
2024-10-14 17:58:10.580707 Zulu: Foxtrot, sending you 4
2024-10-14 17:58:10.582316 Foxtrot: Uniform, November and Delta, sending you 3
2024-10-14 17:58:10.583852 Uniform: Hotel, sending you 2
2024-10-14 17:58:10.585729 Hotel: Uniform and Quebec, sending you 2
2024-10-14 17:58:10.587126 Victor: Echo, sending you 6
2024-10-14 17:58:10.587669 November: Uniform, Zulu, Hotel, Foxtrot and Delta, sending you 3
2024-10-14 17:58:10.589152 Zulu: Delta, sending you 2
2024-10-14 17:58:10.591385 Foxtrot: Zulu and Hotel, sending you 4
2024-10-14 17:58:10.592565 Uniform: November, sending you 3
2024-10-14 17:58:10.593490 Hotel: Zulu, November and Delta, sending you 3
2024-10-14 17:58:10.594789 Quebec: Uniform and Delta, sending you 1
2024-10-14 17:58:10.596951 India: Victor, sending you 3
2024-10-14 17:58:10.597630 Delta: Uniform, Hotel, Foxtrot and November, sending you 4
2024-10-14 17:58:10.598893 November: Quebec, sending you 1
2024-10-14 17:58:10.600938 Zulu: Quebec, sending you 1
2024-10-14 17:58:10.602661 Echo: Same as last round
2024-10-14 17:58:10.603417 Foxtrot: Quebec, sending you 1
2024-10-14 17:58:10.606236 Hotel: Foxtrot, sending you 4
2024-10-14 17:58:10.608840 Quebec: Zulu, Foxtrot and November, sending you 2
2024-10-14 17:58:10.610398 India: Echo, sending you 2
2024-10-14 17:58:10.611018 Delta: Zulu, sending you 3
2024-10-14 17:58:10.614975 Quebec: Hotel, sending you 3
chatterbot Uniform submitting transactions
chatterbot India submitting transactions
chatterbot Delta submitting transactions
chatterbot Quebec submitting transactions
chatterbot Foxtrot submitting transactions
chatterbot November submitting transactions
chatterbot Zulu submitting transactions
chatterbot Victor submitting transactions
chatterbot Echo submitting transactions
chatterbot Hotel submitting transactions
ChatterBot Uniform round 11
ChatterBot Zulu round 11
ChatterBot Hotel round 11
ChatterBot Foxtrot round 11
ChatterBot November round 11
ChatterBot Delta round 11
ChatterBot Victor round 11
ChatterBot India round 11
ChatterBot Quebec round 11
ChatterBot Echo round 11
2024-10-14 17:58:11.773669 Hotel: Uniform and Quebec, sending you 2
2024-10-14 17:58:11.775393 Zulu: Uniform, Hotel and November, sending you 3
2024-10-14 17:58:11.777674 Hotel: Zulu, November and Delta, sending you 3
2024-10-14 17:58:11.780667 November: Uniform, Zulu, Hotel, Foxtrot and Delta, sending you 3
2024-10-14 17:58:11.781510 Quebec: Uniform, Zulu, Foxtrot and November, sending you 2
2024-10-14 17:58:11.782244 Hotel: Foxtrot, sending you 4
2024-10-14 17:58:11.783039 Zulu: Foxtrot, sending you 4
2024-10-14 17:58:11.785133 Delta: Uniform, Hotel, Foxtrot and November, sending you 4
2024-10-14 17:58:11.786224 Uniform: Zulu, Foxtrot and Delta, sending you 4
2024-10-14 17:58:11.787452 Victor: India, sending you 5
2024-10-14 17:58:11.787919 November: Quebec, sending you 1
2024-10-14 17:58:11.789873 Quebec: Hotel, sending you 3
2024-10-14 17:58:11.791317 Zulu: Delta, sending you 2
2024-10-14 17:58:11.792695 India: Sending you each 2
2024-10-14 17:58:11.793014 Delta: Zulu, sending you 3
2024-10-14 17:58:11.793508 Uniform: Hotel, sending you 2
2024-10-14 17:58:11.794787 Victor: Echo, sending you 6
2024-10-14 17:58:11.795128 Foxtrot: Uniform, November and Delta, sending you 3
2024-10-14 17:58:11.796323 Zulu: Quebec, sending you 1
2024-10-14 17:58:11.797673 Uniform: November, sending you 3
2024-10-14 17:58:11.798686 Echo: Same as last round
2024-10-14 17:58:11.799119 Foxtrot: Zulu and Hotel, sending you 4
2024-10-14 17:58:11.802667 Foxtrot: Quebec, sending you 1
chatterbot India submitting transactions
chatterbot Foxtrot submitting transactions
chatterbot Echo submitting transactions
chatterbot Uniform submitting transactions
chatterbot November submitting transactions
chatterbot Quebec submitting transactions
chatterbot Zulu submitting transactions
chatterbot Delta submitting transactions
chatterbot Hotel submitting transactions
chatterbot Victor submitting transactions
ChatterBot Uniform round 12
ChatterBot Zulu round 12
ChatterBot Hotel round 12
ChatterBot Foxtrot round 12
ChatterBot November round 12
ChatterBot Delta round 12
ChatterBot Victor round 12
ChatterBot India round 12
ChatterBot Quebec round 12
ChatterBot Echo round 12
2024-10-14 17:58:13.054694 Foxtrot: Uniform, November and Delta, sending you 3
2024-10-14 17:58:13.061678 Foxtrot: Zulu and Hotel, sending you 4
2024-10-14 17:58:13.064073 Victor: India, sending you 5
2024-10-14 17:58:13.066662 Foxtrot: Quebec, sending you 1
2024-10-14 17:58:13.067677 Victor: Echo, sending you 6
2024-10-14 17:58:13.068086 Hotel: Uniform and Quebec, sending you 2
2024-10-14 17:58:13.069634 Uniform: Zulu, Foxtrot and Delta, sending you 4
2024-10-14 17:58:13.070499 November: Uniform, Zulu, Hotel, Foxtrot and Delta, sending you 3
2024-10-14 17:58:13.071602 Delta: Uniform, Hotel, Foxtrot and November, sending you 4
2024-10-14 17:58:13.072266 Echo: Same as last round
2024-10-14 17:58:13.073526 Hotel: Zulu, November and Delta, sending you 3
2024-10-14 17:58:13.074548 Uniform: Hotel, sending you 2
2024-10-14 17:58:13.075159 Zulu: Uniform, Hotel and November, sending you 3
2024-10-14 17:58:13.075991 Quebec: Uniform, sending you 1
2024-10-14 17:58:13.076706 November: Quebec, sending you 1
2024-10-14 17:58:13.077429 India: Same as last round
2024-10-14 17:58:13.078223 Delta: Zulu, sending you 3
2024-10-14 17:58:13.079589 Hotel: Foxtrot, sending you 4
2024-10-14 17:58:13.081262 Zulu: Foxtrot, sending you 4
2024-10-14 17:58:13.082988 Uniform: November, sending you 3
2024-10-14 17:58:13.084414 Quebec: Zulu, Foxtrot and November, sending you 2
2024-10-14 17:58:13.086675 Zulu: Delta, sending you 2
2024-10-14 17:58:13.088665 Quebec: Hotel, sending you 4
2024-10-14 17:58:13.091205 Zulu: Quebec, sending you 1
chatterbot Hotel submitting transactions
chatterbot November submitting transactions
chatterbot Uniform submitting transactions
chatterbot Quebec submitting transactions
chatterbot India submitting transactions
chatterbot Echo submitting transactions
chatterbot Foxtrot submitting transactions
chatterbot Zulu submitting transactions
chatterbot Victor submitting transactions
chatterbot Delta submitting transactions
ChatterBot Uniform round 13
ChatterBot Zulu round 13
ChatterBot Hotel round 13
ChatterBot Foxtrot round 13
ChatterBot November round 13
ChatterBot Delta round 13
ChatterBot Victor round 13
ChatterBot India round 13
ChatterBot Quebec round 13
ChatterBot Echo round 13
2024-10-14 17:58:14.346195 Echo: We should add Quebec
2024-10-14 17:58:14.351904 Victor: No
2024-10-14 17:58:14.352096 India: No
ChatterBot Echo reevaluating
ChatterBot Echo reevaluating
2024-10-14 17:58:14.378669 Foxtrot: Uniform, November and Delta, sending you 3
2024-10-14 17:58:14.382667 Uniform: Zulu, Foxtrot and Delta, sending you 4
2024-10-14 17:58:14.383697 Foxtrot: Zulu and Hotel, sending you 4
2024-10-14 17:58:14.385546 Delta: Uniform, Hotel, Foxtrot and November, sending you 4
2024-10-14 17:58:14.387015 Uniform: Hotel, sending you 2
2024-10-14 17:58:14.388049 Zulu: Uniform, Hotel and November, sending you 3
2024-10-14 17:58:14.389091 Foxtrot: Quebec, sending you 1
2024-10-14 17:58:14.390652 India: Same as last round
2024-10-14 17:58:14.390978 Uniform: November, sending you 3
2024-10-14 17:58:14.391692 Delta: Zulu, sending you 3
2024-10-14 17:58:14.392948 Echo: Same as last round
2024-10-14 17:58:14.393464 Zulu: Foxtrot, sending you 4
2024-10-14 17:58:14.395429 Hotel: Uniform and Quebec, sending you 2
2024-10-14 17:58:14.396491 November: Uniform, Zulu, Hotel, Foxtrot and Delta, sending you 3
2024-10-14 17:58:14.397205 Victor: India, sending you 5
2024-10-14 17:58:14.398678 Zulu: Delta, sending you 2
2024-10-14 17:58:14.401055 Victor: Echo, sending you 6
2024-10-14 17:58:14.401534 Hotel: Zulu, November and Delta, sending you 3
2024-10-14 17:58:14.403247 November: Quebec, sending you 1
2024-10-14 17:58:14.405460 Quebec: Uniform, sending you 1
2024-10-14 17:58:14.406701 Zulu: Quebec, sending you 1
2024-10-14 17:58:14.408162 Hotel: Foxtrot, sending you 4
2024-10-14 17:58:14.411084 Quebec: Zulu, Foxtrot and November, sending you 2
2024-10-14 17:58:14.415658 Quebec: Hotel, sending you 4
chatterbot Echo submitting transactions
chatterbot Foxtrot submitting transactions
chatterbot India submitting transactions
chatterbot Zulu submitting transactions
chatterbot Hotel submitting transactions
chatterbot November submitting transactions
chatterbot Uniform submitting transactions
chatterbot Delta submitting transactions
chatterbot Victor submitting transactions
chatterbot Quebec submitting transactions
ChatterBot Uniform round 14
ChatterBot Zulu round 14
ChatterBot Hotel round 14
ChatterBot Foxtrot round 14
ChatterBot November round 14
ChatterBot Delta round 14
ChatterBot Victor round 14
ChatterBot India round 14
ChatterBot Quebec round 14
ChatterBot Echo round 14
2024-10-14 17:58:15.669811 November: Uniform, Zulu, Hotel, Foxtrot and Delta, sending you 3
