ChatterBot Tango round 1
ChatterBot November round 1
ChatterBot Lima round 1
ChatterBot X-ray round 1
ChatterBot Quebec round 1
ChatterBot Bravo round 1
ChatterBot Kilo round 1
ChatterBot Mike round 1
ChatterBot Oscar round 1
ChatterBot Delta round 1
randomSelections X-ray: {X-ray} 
randomSelections Tango: {Tango, Delta, Lima, Mike, Oscar, Kilo} 
2024-10-14 17:10:42.652155 Tango: Let's form a team
ChatterBot Delta reevaluating
ChatterBot Lima reevaluating
ChatterBot Mike reevaluating
ChatterBot Oscar reevaluating
ChatterBot Kilo reevaluating
2024-10-14 17:10:42.666145 Delta: Yes
2024-10-14 17:10:42.666342 Lima: Yes
2024-10-14 17:10:42.666475 Mike: Yes
2024-10-14 17:10:42.666593 Oscar: Yes
2024-10-14 17:10:42.667602 Kilo: Yes
ChatterBot Lima reevaluating
ChatterBot Mike reevaluating
ChatterBot Oscar reevaluating
ChatterBot Kilo reevaluating
ChatterBot Delta reevaluating
ChatterBot Mike reevaluating
ChatterBot Oscar reevaluating
ChatterBot Kilo reevaluating
ChatterBot Delta reevaluating
ChatterBot Lima reevaluating
ChatterBot Oscar reevaluating
ChatterBot Kilo reevaluating
ChatterBot Delta reevaluating
ChatterBot Lima reevaluating
ChatterBot Mike reevaluating
ChatterBot Kilo reevaluating
ChatterBot Delta reevaluating
ChatterBot Lima reevaluating
ChatterBot Mike reevaluating
ChatterBot Oscar reevaluating
randomSelections November: {November, Oscar, Kilo, Quebec, Lima, Bravo, X-ray} 
2024-10-14 17:10:42.724684 November: We would work well together
ChatterBot Oscar reevaluating
ChatterBot Kilo reevaluating
ChatterBot Quebec reevaluating
ChatterBot Lima reevaluating
ChatterBot Bravo reevaluating
2024-10-14 17:10:42.734778 Oscar: No
2024-10-14 17:10:42.734952 Kilo: No
2024-10-14 17:10:42.735087 Quebec: Yes
2024-10-14 17:10:42.735204 Lima: No
2024-10-14 17:10:42.735772 Bravo: Yes
2024-10-14 17:10:42.735876 X-ray: No
ChatterBot Kilo reevaluating
ChatterBot Quebec reevaluating
ChatterBot Lima reevaluating
ChatterBot Bravo reevaluating
ChatterBot Oscar reevaluating
ChatterBot Quebec reevaluating
ChatterBot Lima reevaluating
ChatterBot Bravo reevaluating
ChatterBot Oscar reevaluating
ChatterBot Kilo reevaluating
ChatterBot Lima reevaluating
ChatterBot Bravo reevaluating
ChatterBot Oscar reevaluating
ChatterBot Kilo reevaluating
ChatterBot Quebec reevaluating
ChatterBot Bravo reevaluating
ChatterBot Oscar reevaluating
ChatterBot Kilo reevaluating
ChatterBot Quebec reevaluating
ChatterBot Lima reevaluating
ChatterBot Oscar reevaluating
ChatterBot Kilo reevaluating
ChatterBot Quebec reevaluating
ChatterBot Lima reevaluating
ChatterBot Bravo reevaluating
2024-10-14 17:10:42.809842 November: Lima, X-ray and Oscar, sending you 2
2024-10-14 17:10:42.811696 Mike: Lima, sending you 2
2024-10-14 17:10:42.812763 November: Quebec, sending you 3
2024-10-14 17:10:42.814122 Tango: Lima, Kilo and Oscar, sending you 1
2024-10-14 17:10:42.814697 Kilo: Tango and Mike, sending you 1
2024-10-14 17:10:42.815058 Mike: Kilo, sending you 3
2024-10-14 17:10:42.815805 Oscar: Mike, sending you 1
2024-10-14 17:10:42.816125 November: Kilo, sending you 4
2024-10-14 17:10:42.817 Delta: Tango, Kilo and Mike, sending you 4
2024-10-14 17:10:42.817742 Lima: Tango and Delta, sending you 2
2024-10-14 17:10:42.818500 Kilo: Lima, sending you 3
2024-10-14 17:10:42.818862 Oscar: Delta, sending you 2
2024-10-14 17:10:42.819834 Mike: Oscar, sending you 7
2024-10-14 17:10:42.820155 Delta: Lima, sending you 1
2024-10-14 17:10:42.820712 Bravo: November, X-ray and Kilo, sending you 3
2024-10-14 17:10:42.821793 Quebec: Lima and Bravo, sending you 4
2024-10-14 17:10:42.822893 Lima: Kilo, sending you 1
2024-10-14 17:10:42.823158 Kilo: Oscar, sending you 2
2024-10-14 17:10:42.823682 Mike: Delta, sending you 1
2024-10-14 17:10:42.824681 Delta: Oscar, sending you 2
2024-10-14 17:10:42.825719 Bravo: Quebec, sending you 4
2024-10-14 17:10:42.826054 Quebec: X-ray and Kilo, sending you 1
2024-10-14 17:10:42.827667 Lima: Mike, sending you 4
2024-10-14 17:10:42.828115 Kilo: Delta, sending you 4
2024-10-14 17:10:42.830061 Bravo: Oscar, sending you 1
2024-10-14 17:10:42.830559 Quebec: Oscar, sending you 2
2024-10-14 17:10:42.832674 Lima: Oscar, sending you 3
chatterbot X-ray submitting transactions
chatterbot Tango submitting transactions
chatterbot Quebec submitting transactions
chatterbot Bravo submitting transactions
chatterbot Delta submitting transactions
chatterbot November submitting transactions
chatterbot Lima submitting transactions
chatterbot Kilo submitting transactions
chatterbot Oscar submitting transactions
chatterbot Mike submitting transactions
ChatterBot Tango round 2
ChatterBot November round 2
ChatterBot Lima round 2
ChatterBot X-ray round 2
ChatterBot Quebec round 2
ChatterBot Bravo round 2
ChatterBot Kilo round 2
ChatterBot Mike round 2
ChatterBot Oscar round 2
ChatterBot Delta round 2
2024-10-14 17:10:44.241676 November: Group up?
2024-10-14 17:10:44.248704 Quebec: Yes
2024-10-14 17:10:44.248898 Bravo: Yes
ChatterBot Quebec reevaluating
2024-10-14 17:10:44.284498 Bravo: We should drop Kilo and Lima
ChatterBot Quebec reevaluating
2024-10-14 17:10:44.298009 November: Yes
2024-10-14 17:10:44.298174 X-ray: Yes
2024-10-14 17:10:44.298355 Quebec: Yes
2024-10-14 17:10:44.299472 Oscar: No
ChatterBot X-ray reevaluating
ChatterBot Quebec reevaluating
ChatterBot Quebec reevaluating
ChatterBot Bravo reevaluating
ChatterBot X-ray reevaluating
ChatterBot Bravo reevaluating
ChatterBot X-ray reevaluating
ChatterBot Quebec reevaluating
2024-10-14 17:10:44.417675 Delta: We should drop Tango
ChatterBot Kilo reevaluating
ChatterBot Mike reevaluating
2024-10-14 17:10:44.434160 Lima: No
2024-10-14 17:10:44.434531 Kilo: Yes
2024-10-14 17:10:44.435203 Mike: Yes
2024-10-14 17:10:44.435590 Oscar: No
ChatterBot Kilo reevaluating
ChatterBot Mike reevaluating
ChatterBot Mike reevaluating
ChatterBot Oscar reevaluating
ChatterBot Kilo reevaluating
ChatterBot Oscar reevaluating
ChatterBot Kilo reevaluating
ChatterBot Mike reevaluating
2024-10-14 17:10:44.863913 November: Quebec, sending you 1
2024-10-14 17:10:44.864540 Tango: Lima, sending you 3
2024-10-14 17:10:45.108838 November: Bravo, sending you 12
2024-10-14 17:10:45.109179 Tango: Kilo, sending you 2
2024-10-14 17:10:45.110476 Lima: Tango and Delta, sending you 2
2024-10-14 17:10:45.111238 X-ray: Sending you each 4
2024-10-14 17:10:45.112310 Delta: Lima and Oscar, sending you 3
chatterbot Tango submitting transactions
chatterbot Lima submitting transactions
2024-10-14 17:10:45.113758 Tango: Delta, sending you 7
2024-10-14 17:10:45.114296 Lima: Kilo, sending you 4
2024-10-14 17:10:45.217086 Delta: Kilo, sending you 6
2024-10-14 17:10:45.217446 Bravo: November and X-ray, sending you 3
2024-10-14 17:10:45.217757 Quebec: November and Bravo, sending you 5
2024-10-14 17:10:45.218390 Lima: Mike, sending you 3
2024-10-14 17:10:45.279068 Delta: Mike, sending you 2
2024-10-14 17:10:45.279420 Bravo: Quebec, sending you 6
2024-10-14 17:10:45.280102 Oscar: Lima, sending you 3
2024-10-14 17:10:45.280352 Mike: Lima and Delta, sending you 5
2024-10-14 17:10:45.280596 Quebec: X-ray, sending you 1
2024-10-14 17:10:45.281236 Kilo: Lima, sending you 2
2024-10-14 17:10:45.309982 Bravo: Oscar, sending you 2
2024-10-14 17:10:45.310381 Oscar: Kilo and Delta, sending you 2
2024-10-14 17:10:45.311322 Mike: Kilo, sending you 2
2024-10-14 17:10:45.311550 Kilo: Mike and Delta, sending you 4
2024-10-14 17:10:45.350779 Oscar: Mike, sending you 7
2024-10-14 17:10:45.351507 Mike: Oscar, sending you 1
2024-10-14 17:10:45.351853 Kilo: Oscar, sending you 1
chatterbot November submitting transactions
chatterbot Quebec submitting transactions
chatterbot Kilo submitting transactions
chatterbot Bravo submitting transactions
chatterbot Oscar submitting transactions
chatterbot Mike submitting transactions
chatterbot X-ray submitting transactions
chatterbot Delta submitting transactions
ChatterBot Tango round 3
ChatterBot November round 3
ChatterBot Lima round 3
ChatterBot X-ray round 3
ChatterBot Quebec round 3
ChatterBot Bravo round 3
ChatterBot Kilo round 3
ChatterBot Mike round 3
ChatterBot Oscar round 3
ChatterBot Delta round 3
2024-10-14 17:10:45.721248 X-ray: We should replace Quebec with November
ChatterBot Bravo reevaluating
2024-10-14 17:10:45.724832 Bravo: No
2024-10-14 17:10:45.729234 Bravo: We should replace Oscar with Tango
ChatterBot Quebec reevaluating
2024-10-14 17:10:45.738677 November: No
2024-10-14 17:10:45.738833 X-ray: No
2024-10-14 17:10:45.738945 Quebec: Yes
ChatterBot Bravo reevaluating
ChatterBot Quebec reevaluating
ChatterBot Bravo reevaluating
ChatterBot Quebec reevaluating
ChatterBot Bravo reevaluating
ChatterBot X-ray reevaluating
2024-10-14 17:10:45.777189 Mike: We should add Tango
ChatterBot Delta reevaluating
ChatterBot Kilo reevaluating
ChatterBot Oscar reevaluating
2024-10-14 17:10:45.790837 Delta: Yes
2024-10-14 17:10:45.791026 Lima: Yes
2024-10-14 17:10:45.791188 Kilo: Yes
2024-10-14 17:10:45.791341 Oscar: Yes
ChatterBot Kilo reevaluating
ChatterBot Oscar reevaluating
ChatterBot Delta reevaluating
ChatterBot Kilo reevaluating
ChatterBot Oscar reevaluating
ChatterBot Delta reevaluating
ChatterBot Oscar reevaluating
ChatterBot Delta reevaluating
ChatterBot Kilo reevaluating
2024-10-14 17:10:45.847920 Kilo: We should replace Oscar with Tango
ChatterBot Delta reevaluating
2024-10-14 17:10:45.863093 Lima: No
2024-10-14 17:10:45.863288 Mike: No
2024-10-14 17:10:45.863444 Delta: No
ChatterBot Kilo reevaluating
ChatterBot Delta reevaluating
ChatterBot Kilo reevaluating
ChatterBot Delta reevaluating
ChatterBot Kilo reevaluating
2024-10-14 17:10:45.939018 Mike: Tango we want you to join our group
2024-10-14 17:10:45.967359 Tango: Yes
ChatterBot Delta reevaluating
ChatterBot Oscar reevaluating
ChatterBot Kilo reevaluating
2024-10-14 17:10:46.014785 Bravo: Tango we want you to join our group
2024-10-14 17:10:46.019899 Tango: No
ChatterBot Bravo reevaluating
ChatterBot X-ray reevaluating
ChatterBot Quebec reevaluating
2024-10-14 17:10:46.042907 Delta: Tango we want you to join our group
2024-10-14 17:10:46.048828 Tango: Yes
ChatterBot Kilo reevaluating
2024-10-14 17:10:46.075444 Oscar: Tango we want you to join our group
2024-10-14 17:10:46.083725 Tango: Yes
ChatterBot Kilo reevaluating
2024-10-14 17:10:46.111981 Lima: Tango, Kilo, Oscar and Delta, sending you 2
2024-10-14 17:10:46.113373 November: Quebec, sending you 6
2024-10-14 17:10:46.114218 Tango: Lima, sending you 6
2024-10-14 17:10:46.116292 Quebec: Tango we want you to join our group
2024-10-14 17:10:46.121426 Tango: No
ChatterBot X-ray reevaluating
2024-10-14 17:10:46.143379 Lima: Mike, sending you 3
2024-10-14 17:10:46.144399 November: Bravo, sending you 7
2024-10-14 17:10:46.144739 Tango: Kilo, sending you 1
2024-10-14 17:10:46.145285 Kilo: Tango we want you to join our group
2024-10-14 17:10:46.150623 Tango: Yes
ChatterBot Kilo reevaluating
2024-10-14 17:10:46.171649 Mike: Lima, Kilo and Delta, sending you 3
2024-10-14 17:10:46.172639 Tango: Delta, sending you 5
2024-10-14 17:10:46.173188 X-ray: November we want you to join our group
2024-10-14 17:10:46.178423 November: No
ChatterBot X-ray reevaluating
chatterbot Mike submitting transactions
2024-10-14 17:10:46.189802 Mike: Oscar, sending you 4
2024-10-14 17:10:46.203283 Bravo: Tango and X-ray, sending you 3
2024-10-14 17:10:46.203790 Delta: Tango and Kilo, sending you 4
2024-10-14 17:10:46.204803 Oscar: Tango, sending you 1
2024-10-14 17:10:46.205356 Quebec: Tango, sending you 1
2024-10-14 17:10:46.217289 Delta: Lima and Oscar, sending you 2
2024-10-14 17:10:46.218274 Bravo: November and Quebec, sending you 4
2024-10-14 17:10:46.218631 Oscar: Lima and Kilo, sending you 2
2024-10-14 17:10:46.219597 Quebec: November, sending you 2
2024-10-14 17:10:46.240331 Delta: Mike, sending you 3
2024-10-14 17:10:46.241162 Oscar: Mike, sending you 5
2024-10-14 17:10:46.241475 X-ray: Quebec, sending you 4
2024-10-14 17:10:46.241711 Quebec: X-ray, sending you 3
2024-10-14 17:10:46.273562 Oscar: Delta, sending you 4
2024-10-14 17:10:46.274347 Kilo: Tango, sending you 2
2024-10-14 17:10:46.275181 X-ray: Bravo, sending you 5
2024-10-14 17:10:46.275538 Quebec: Bravo, sending you 5
2024-10-14 17:10:46.286127 Kilo: Lima and Delta, sending you 4
2024-10-14 17:10:46.304007 Kilo: Mike, sending you 3
chatterbot November submitting transactions
chatterbot Lima submitting transactions
chatterbot Delta submitting transactions
chatterbot Tango submitting transactions
chatterbot Quebec submitting transactions
chatterbot Oscar submitting transactions
chatterbot Bravo submitting transactions
chatterbot X-ray submitting transactions
chatterbot Kilo submitting transactions
ChatterBot Tango round 4
ChatterBot November round 4
ChatterBot Lima round 4
ChatterBot X-ray round 4
ChatterBot Quebec round 4
ChatterBot Bravo round 4
ChatterBot Kilo round 4
ChatterBot Mike round 4
ChatterBot Oscar round 4
ChatterBot Delta round 4
2024-10-14 17:10:47.397968 Kilo: We should add Oscar
2024-10-14 17:10:47.413723 Tango: Yes
2024-10-14 17:10:47.413914 Lima: Yes
2024-10-14 17:10:47.414058 Mike: Yes
2024-10-14 17:10:47.414207 Delta: Yes
2024-10-14 17:10:47.488559 Kilo: Oscar we want you to join our group
2024-10-14 17:10:47.493211 Oscar: Yes
2024-10-14 17:10:47.513684 Tango: Lima, sending you 4
2024-10-14 17:10:47.514293 Lima: Tango, Kilo and Mike, sending you 3
2024-10-14 17:10:47.515041 Bravo: Tango and X-ray, sending you 3
2024-10-14 17:10:47.515663 November: Quebec, sending you 6
2024-10-14 17:10:47.515968 Quebec: Tango, sending you 1
2024-10-14 17:10:47.516667 X-ray: Sending you each 5
2024-10-14 17:10:47.516935 Tango: Kilo, sending you 2
2024-10-14 17:10:47.518679 Lima: Oscar, sending you 1
2024-10-14 17:10:47.519228 November: Bravo, sending you 7
2024-10-14 17:10:47.519838 Bravo: November and Quebec, sending you 4
2024-10-14 17:10:47.520163 Quebec: November and X-ray, sending you 3
2024-10-14 17:10:47.520696 Tango: Oscar, sending you 1
2024-10-14 17:10:47.522772 Lima: Delta, sending you 2
2024-10-14 17:10:47.523689 Tango: Delta, sending you 5
2024-10-14 17:10:47.524705 Quebec: Bravo, sending you 5
2024-10-14 17:10:47.526676 Delta: Tango and Kilo, sending you 4
2024-10-14 17:10:47.528679 Oscar: Lima, sending you 3
2024-10-14 17:10:47.530660 Mike: Lima, Kilo and Delta, sending you 3
2024-10-14 17:10:47.531362 Kilo: Tango and Oscar, sending you 2
2024-10-14 17:10:47.532101 Delta: Lima, sending you 1
2024-10-14 17:10:47.532575 Oscar: Kilo, sending you 1
2024-10-14 17:10:47.534689 Mike: Oscar, sending you 4
2024-10-14 17:10:47.535217 Kilo: Lima and Mike, sending you 3
2024-10-14 17:10:47.536038 Delta: Mike and Oscar, sending you 3
2024-10-14 17:10:47.536464 Oscar: Mike, sending you 6
2024-10-14 17:10:47.540655 Kilo: Delta, sending you 5
2024-10-14 17:10:47.541696 Oscar: Delta, sending you 4
chatterbot X-ray submitting transactions
chatterbot Oscar submitting transactions
chatterbot Mike submitting transactions
chatterbot Quebec submitting transactions
chatterbot Tango submitting transactions
chatterbot Lima submitting transactions
chatterbot Bravo submitting transactions
chatterbot Kilo submitting transactions
chatterbot Delta submitting transactions
chatterbot November submitting transactions
ChatterBot Tango round 5
ChatterBot November round 5
ChatterBot Lima round 5
ChatterBot X-ray round 5
ChatterBot Quebec round 5
ChatterBot Bravo round 5
ChatterBot Kilo round 5
ChatterBot Mike round 5
ChatterBot Oscar round 5
ChatterBot Delta round 5
2024-10-14 17:10:48.619048 X-ray: We should replace Bravo with November
2024-10-14 17:10:48.621515 Quebec: No
ChatterBot X-ray reevaluating
2024-10-14 17:10:48.646665 November: Quebec, sending you 6
2024-10-14 17:10:48.650649 Tango: Lima, sending you 4
2024-10-14 17:10:48.652133 November: Bravo, sending you 7
2024-10-14 17:10:48.655688 X-ray: Quebec, sending you 5
2024-10-14 17:10:48.656669 Tango: Kilo, sending you 2
2024-10-14 17:10:48.657684 Lima: Tango, Kilo and Mike, sending you 3
2024-10-14 17:10:48.658701 Kilo: Tango and Oscar, sending you 2
2024-10-14 17:10:48.659861 X-ray: Bravo, sending you 6
2024-10-14 17:10:48.660696 Lima: Oscar, sending you 2
2024-10-14 17:10:48.661789 Oscar: Tango, sending you 1
2024-10-14 17:10:48.662306 Tango: Oscar, sending you 1
2024-10-14 17:10:48.662728 Bravo: November and Quebec, sending you 5
2024-10-14 17:10:48.663146 Delta: Tango and Kilo, sending you 4
2024-10-14 17:10:48.663920 Kilo: Lima and Mike, sending you 3
2024-10-14 17:10:48.664683 Quebec: November, X-ray and Bravo, sending you 4
2024-10-14 17:10:48.665677 Lima: Delta, sending you 1
2024-10-14 17:10:48.666680 Oscar: Lima and Kilo, sending you 2
2024-10-14 17:10:48.667243 Tango: Delta, sending you 5
2024-10-14 17:10:48.667759 Bravo: X-ray, sending you 4
2024-10-14 17:10:48.668072 Kilo: Delta, sending you 5
2024-10-14 17:10:48.669107 Delta: Lima, sending you 1
2024-10-14 17:10:48.669665 Mike: Lima, Kilo and Delta, sending you 3
2024-10-14 17:10:48.670164 Oscar: Mike, sending you 5
2024-10-14 17:10:48.672728 Delta: Mike and Oscar, sending you 3
2024-10-14 17:10:48.673880 Mike: Oscar, sending you 4
2024-10-14 17:10:48.674469 Oscar: Delta, sending you 4
chatterbot Delta submitting transactions
chatterbot Tango submitting transactions
chatterbot November submitting transactions
chatterbot Kilo submitting transactions
chatterbot Oscar submitting transactions
chatterbot Quebec submitting transactions
chatterbot Lima submitting transactions
chatterbot X-ray submitting transactions
chatterbot Mike submitting transactions
chatterbot Bravo submitting transactions
ChatterBot Tango round 6
ChatterBot November round 6
ChatterBot Lima round 6
ChatterBot X-ray round 6
ChatterBot Quebec round 6
ChatterBot Bravo round 6
ChatterBot Kilo round 6
ChatterBot Mike round 6
ChatterBot Oscar round 6
ChatterBot Delta round 6
2024-10-14 17:10:49.837939 November: We should add X-ray
ChatterBot Quebec reevaluating
2024-10-14 17:10:49.843749 Quebec: Yes
2024-10-14 17:10:49.844336 Bravo: Yes
ChatterBot Bravo reevaluating
ChatterBot Quebec reevaluating
2024-10-14 17:10:49.875267 November: X-ray we want you to join our group
2024-10-14 17:10:49.877708 X-ray: No
ChatterBot Bravo reevaluating
ChatterBot Quebec reevaluating
2024-10-14 17:10:49.887662 Lima: Tango, Kilo and Mike, sending you 3
2024-10-14 17:10:49.892941 Bravo: We should drop Tango
ChatterBot November reevaluating
ChatterBot Quebec reevaluating
2024-10-14 17:10:49.910014 November: Yes
2024-10-14 17:10:49.910680 X-ray: Yes
2024-10-14 17:10:49.910892 Quebec: Yes
ChatterBot Bravo reevaluating
ChatterBot Quebec reevaluating
ChatterBot Bravo reevaluating
ChatterBot November reevaluating
ChatterBot Quebec reevaluating
ChatterBot Bravo reevaluating
ChatterBot November reevaluating
2024-10-14 17:10:49.959423 Lima: Oscar, sending you 2
2024-10-14 17:10:49.960396 X-ray: Sending you each 6
2024-10-14 17:10:49.963188 Delta: Tango and Kilo, sending you 4
2024-10-14 17:10:49.963931 Lima: Delta, sending you 1
2024-10-14 17:10:49.965027 Tango: Lima, sending you 4
2024-10-14 17:10:49.965710 Mike: Lima, Kilo and Delta, sending you 3
2024-10-14 17:10:49.966661 Kilo: Tango and Oscar, sending you 2
2024-10-14 17:10:49.967150 Oscar: Tango, sending you 1
2024-10-14 17:10:49.967646 Delta: Lima, sending you 1
2024-10-14 17:10:49.970228 Tango: Kilo, sending you 2
2024-10-14 17:10:49.970977 Mike: Oscar, sending you 4
2024-10-14 17:10:49.972422 Oscar: Lima and Kilo, sending you 2
2024-10-14 17:10:49.973744 Kilo: Lima and Mike, sending you 3
2024-10-14 17:10:49.974953 Delta: Mike and Oscar, sending you 3
2024-10-14 17:10:49.975643 Tango: Oscar, sending you 1
2024-10-14 17:10:49.977964 Oscar: Mike, sending you 5
2024-10-14 17:10:49.978666 Kilo: Delta, sending you 5
2024-10-14 17:10:49.979734 Tango: Delta, sending you 5
2024-10-14 17:10:49.983649 Oscar: Delta, sending you 4
chatterbot Delta submitting transactions
chatterbot Mike submitting transactions
chatterbot Lima submitting transactions
chatterbot November submitting transactions
chatterbot Kilo submitting transactions
chatterbot Oscar submitting transactions
chatterbot Tango submitting transactions
chatterbot Quebec submitting transactions
chatterbot X-ray submitting transactions
chatterbot Bravo submitting transactions
ChatterBot Tango round 7
ChatterBot November round 7
ChatterBot Lima round 7
ChatterBot X-ray round 7
ChatterBot Quebec round 7
ChatterBot Bravo round 7
ChatterBot Kilo round 7
2024-10-14 17:10:51.165353 November: We should add X-ray
ChatterBot Bravo reevaluating
2024-10-14 17:10:51.173073 Quebec: Yes
2024-10-14 17:10:51.173245 Bravo: Yes
ChatterBot November reevaluating
ChatterBot Bravo reevaluating
ChatterBot November reevaluating
ChatterBot Mike round 7
ChatterBot Oscar round 7
ChatterBot Delta round 7
2024-10-14 17:10:51.209958 Quebec: We should drop Tango
ChatterBot November reevaluating
2024-10-14 17:10:51.218846 Bravo: Yes
2024-10-14 17:10:51.219036 November: Yes
2024-10-14 17:10:51.219183 X-ray: Yes
ChatterBot November reevaluating
ChatterBot November reevaluating
ChatterBot Quebec reevaluating
2024-10-14 17:10:51.242227 Quebec: We should replace Tango with Delta
ChatterBot November reevaluating
2024-10-14 17:10:51.251006 Bravo: No
2024-10-14 17:10:51.251137 November: No
2024-10-14 17:10:51.251241 X-ray: No
ChatterBot November reevaluating
ChatterBot Quebec reevaluating
ChatterBot Quebec reevaluating
ChatterBot November reevaluating
ChatterBot Quebec reevaluating
2024-10-14 17:10:51.281674 X-ray: Same as last round
2024-10-14 17:10:51.286677 Kilo: Tango and Oscar, sending you 2
2024-10-14 17:10:51.289808 Bravo: November and Quebec, sending you 5
2024-10-14 17:10:51.291698 Kilo: Lima and Mike, sending you 3
2024-10-14 17:10:51.292720 Tango: Lima, sending you 4
2024-10-14 17:10:51.294686 Oscar: Tango, sending you 1
2024-10-14 17:10:51.296266 Bravo: X-ray, sending you 4
2024-10-14 17:10:51.296722 Kilo: Delta, sending you 5
2024-10-14 17:10:51.298102 Delta: Tango and Kilo, sending you 4
2024-10-14 17:10:51.298943 Tango: Kilo, sending you 2
2024-10-14 17:10:51.300079 Lima: Tango, Kilo and Mike, sending you 3
2024-10-14 17:10:51.300897 Oscar: Lima and Kilo, sending you 2
2024-10-14 17:10:51.302105 Mike: Lima, Kilo and Delta, sending you 3
2024-10-14 17:10:51.302955 Delta: Lima, sending you 1
2024-10-14 17:10:51.304213 Tango: Oscar, sending you 1
2024-10-14 17:10:51.305788 Lima: Oscar, sending you 2
2024-10-14 17:10:51.306520 Oscar: Mike, sending you 5
2024-10-14 17:10:51.307707 Mike: Oscar, sending you 4
2024-10-14 17:10:51.308269 Tango: Delta, sending you 5
2024-10-14 17:10:51.308918 Delta: Mike and Oscar, sending you 3
2024-10-14 17:10:51.310098 November: Quebec, sending you 6
2024-10-14 17:10:51.310441 Lima: Delta, sending you 1
2024-10-14 17:10:51.312711 Oscar: Delta, sending you 4
2024-10-14 17:10:51.313671 November: Bravo, sending you 7
2024-10-14 17:10:51.314671 Quebec: Same as last round
chatterbot X-ray submitting transactions
chatterbot Oscar submitting transactions
chatterbot Mike submitting transactions
chatterbot Tango submitting transactions
chatterbot Bravo submitting transactions
chatterbot Kilo submitting transactions
chatterbot November submitting transactions
chatterbot Lima submitting transactions
chatterbot Quebec submitting transactions
chatterbot Delta submitting transactions
ChatterBot Tango round 8
ChatterBot November round 8
ChatterBot Lima round 8
ChatterBot X-ray round 8
ChatterBot Quebec round 8
ChatterBot Bravo round 8
ChatterBot Kilo round 8
ChatterBot Mike round 8
ChatterBot Oscar round 8
ChatterBot Delta round 8
2024-10-14 17:10:52.575572 November: We should add X-ray
ChatterBot Bravo reevaluating
2024-10-14 17:10:52.583010 Quebec: Yes
2024-10-14 17:10:52.583438 Bravo: Yes
ChatterBot Bravo reevaluating
2024-10-14 17:10:52.619352 November: X-ray we want you to join our group
2024-10-14 17:10:52.622814 X-ray: No
ChatterBot Bravo reevaluating
2024-10-14 17:10:52.641702 Lima: Tango, Kilo and Mike, sending you 3
2024-10-14 17:10:52.643647 Mike: Lima, Kilo and Delta, sending you 3
2024-10-14 17:10:52.645256 Tango: Lima, sending you 4
2024-10-14 17:10:52.647568 Kilo: Tango and Oscar, sending you 2
2024-10-14 17:10:52.650257 Oscar: Tango, sending you 1
2024-10-14 17:10:52.652340 Lima: Oscar, sending you 2
2024-10-14 17:10:52.654323 Mike: Oscar, sending you 4
2024-10-14 17:10:52.656253 Tango: Kilo, sending you 2
2024-10-14 17:10:52.657823 Kilo: Lima and Mike, sending you 3
2024-10-14 17:10:52.659482 Oscar: Lima and Kilo, sending you 2
2024-10-14 17:10:52.661908 Quebec: Same as last round
2024-10-14 17:10:52.663471 November: Quebec, sending you 6
2024-10-14 17:10:52.664830 Lima: Delta, sending you 1
2024-10-14 17:10:52.666461 Delta: Tango and Kilo, sending you 4
2024-10-14 17:10:52.671656 X-ray: Same as last round
2024-10-14 17:10:52.678372 Kilo: Delta, sending you 5
2024-10-14 17:10:52.681542 Tango: Oscar, sending you 1
2024-10-14 17:10:52.685086 Bravo: November and X-ray, sending you 5
2024-10-14 17:10:52.685811 Oscar: Mike, sending you 5
2024-10-14 17:10:52.688187 November: Bravo, sending you 7
2024-10-14 17:10:52.690268 Delta: Lima, sending you 1
2024-10-14 17:10:52.693190 Bravo: Quebec, sending you 4
2024-10-14 17:10:52.693754 Tango: Delta, sending you 5
2024-10-14 17:10:52.696226 Oscar: Delta, sending you 4
2024-10-14 17:10:52.699384 Delta: Mike and Oscar, sending you 3
chatterbot Delta submitting transactions
chatterbot Lima submitting transactions
chatterbot Mike submitting transactions
chatterbot Bravo submitting transactions
chatterbot Tango submitting transactions
chatterbot November submitting transactions
chatterbot X-ray submitting transactions
chatterbot Oscar submitting transactions
chatterbot Quebec submitting transactions
chatterbot Kilo submitting transactions
ChatterBot Tango round 9
ChatterBot November round 9
ChatterBot Lima round 9
ChatterBot X-ray round 9
ChatterBot Quebec round 9
ChatterBot Bravo round 9
ChatterBot Kilo round 9
2024-10-14 17:10:53.629449 Quebec: We should add Mike
ChatterBot X-ray reevaluating
2024-10-14 17:10:53.638053 Bravo: No
2024-10-14 17:10:53.638202 November: No
2024-10-14 17:10:53.638321 X-ray: No
ChatterBot X-ray reevaluating
ChatterBot Quebec reevaluating
ChatterBot X-ray reevaluating
ChatterBot Quebec reevaluating
ChatterBot Quebec reevaluating
ChatterBot Mike round 9
ChatterBot Oscar round 9
ChatterBot Delta round 9
2024-10-14 17:10:53.684679 Tango: Lima, sending you 3
2024-10-14 17:10:53.686452 Lima: Tango, Kilo and Mike, sending you 3
2024-10-14 17:10:53.688680 Tango: Kilo, sending you 2
2024-10-14 17:10:53.690716 Kilo: Tango and Oscar, sending you 2
2024-10-14 17:10:53.692662 Lima: Oscar, sending you 2
2024-10-14 17:10:53.693685 Tango: Oscar, sending you 1
2024-10-14 17:10:53.697136 Kilo: Lima and Mike, sending you 3
2024-10-14 17:10:53.698126 X-ray: Same as last round
2024-10-14 17:10:53.698571 Mike: Lima, Kilo and Delta, sending you 3
2024-10-14 17:10:53.699879 Lima: Delta, sending you 1
2024-10-14 17:10:53.700622 November: Quebec, sending you 6
2024-10-14 17:10:53.700944 Tango: Delta, sending you 6
2024-10-14 17:10:53.701997 Oscar: Tango, sending you 1
2024-10-14 17:10:53.702638 Kilo: Delta, sending you 5
2024-10-14 17:10:53.703227 Delta: Tango and Kilo, sending you 4
2024-10-14 17:10:53.704573 Mike: Oscar, sending you 4
2024-10-14 17:10:53.705694 Bravo: November and X-ray, sending you 5
2024-10-14 17:10:53.706796 November: Bravo, sending you 7
2024-10-14 17:10:53.707430 Quebec: Same as last round
2024-10-14 17:10:53.708050 Oscar: Lima and Kilo, sending you 2
2024-10-14 17:10:53.709931 Delta: Lima, sending you 1
2024-10-14 17:10:53.710997 Bravo: Quebec, sending you 4
2024-10-14 17:10:53.713682 Delta: Mike and Oscar, sending you 3
2024-10-14 17:10:53.714685 Oscar: Mike, sending you 5
2024-10-14 17:10:53.718865 Oscar: Delta, sending you 4
chatterbot Quebec submitting transactions
chatterbot Mike submitting transactions
chatterbot Oscar submitting transactions
chatterbot Bravo submitting transactions
chatterbot November submitting transactions
chatterbot Tango submitting transactions
chatterbot Lima submitting transactions
chatterbot Delta submitting transactions
chatterbot Kilo submitting transactions
chatterbot X-ray submitting transactions
ChatterBot Tango round 10
ChatterBot November round 10
ChatterBot Lima round 10
ChatterBot X-ray round 10
ChatterBot Quebec round 10
ChatterBot Bravo round 10
2024-10-14 17:10:54.905081 X-ray: We should replace Quebec with November
2024-10-14 17:10:54.909084 Bravo: No
ChatterBot X-ray reevaluating
2024-10-14 17:10:54.917606 Bravo: We should add Oscar
ChatterBot X-ray reevaluating
ChatterBot Quebec reevaluating
2024-10-14 17:10:54.928884 November: No
2024-10-14 17:10:54.929046 X-ray: No
2024-10-14 17:10:54.929196 Quebec: Yes
ChatterBot Bravo reevaluating
ChatterBot X-ray reevaluating
ChatterBot Quebec reevaluating
ChatterBot Bravo reevaluating
ChatterBot Quebec reevaluating
ChatterBot Bravo reevaluating
ChatterBot November reevaluating
ChatterBot X-ray reevaluating
ChatterBot Kilo round 10
ChatterBot Mike round 10
ChatterBot Oscar round 10
ChatterBot Delta round 10
2024-10-14 17:10:55.005668 Lima: Tango, Kilo and Mike, sending you 3
2024-10-14 17:10:55.006712 Quebec: Same as last round
2024-10-14 17:10:55.011665 Lima: Oscar, sending you 2
2024-10-14 17:10:55.013172 Mike: Lima, Kilo and Delta, sending you 3
2024-10-14 17:10:55.015685 November: Quebec, sending you 6
2024-10-14 17:10:55.016135 Kilo: Tango and Oscar, sending you 2
2024-10-14 17:10:55.017468 Lima: Delta, sending you 1
2024-10-14 17:10:55.018198 Delta: Tango and Kilo, sending you 4
2024-10-14 17:10:55.019485 Mike: Oscar, sending you 4
2024-10-14 17:10:55.021160 Tango: Lima, sending you 3
2024-10-14 17:10:55.022701 Bravo: November and X-ray, sending you 5
2024-10-14 17:10:55.023203 November: Bravo, sending you 7
2024-10-14 17:10:55.023643 Kilo: Lima and Mike, sending you 3
2024-10-14 17:10:55.025218 X-ray: Same as last round
2024-10-14 17:10:55.025573 Delta: Lima, sending you 1
2024-10-14 17:10:55.026519 Oscar: Tango, sending you 1
2024-10-14 17:10:55.028294 Tango: Kilo, sending you 2
2024-10-14 17:10:55.029290 Bravo: Quebec, sending you 4
2024-10-14 17:10:55.029793 Kilo: Delta, sending you 5
2024-10-14 17:10:55.031437 Delta: Mike and Oscar, sending you 3
2024-10-14 17:10:55.032429 Oscar: Lima and Kilo, sending you 2
2024-10-14 17:10:55.033975 Tango: Oscar, sending you 1
2024-10-14 17:10:55.036687 Oscar: Mike, sending you 5
2024-10-14 17:10:55.039695 Tango: Delta, sending you 6
2024-10-14 17:10:55.041278 Oscar: Delta, sending you 4
chatterbot X-ray submitting transactions
chatterbot Delta submitting transactions
chatterbot Oscar submitting transactions
chatterbot Bravo submitting transactions
chatterbot Tango submitting transactions
chatterbot November submitting transactions
chatterbot Lima submitting transactions
chatterbot Mike submitting transactions
chatterbot Kilo submitting transactions
chatterbot Quebec submitting transactions
ChatterBot Tango round 11
ChatterBot November round 11
ChatterBot Lima round 11
ChatterBot X-ray round 11
ChatterBot Quebec round 11
ChatterBot Bravo round 11
ChatterBot Kilo round 11
ChatterBot Mike round 11
ChatterBot Oscar round 11
ChatterBot Delta round 11
2024-10-14 17:10:56.112972 Quebec: We should add Delta
ChatterBot November reevaluating
ChatterBot X-ray reevaluating
2024-10-14 17:10:56.119109 Bravo: No
2024-10-14 17:10:56.119264 November: No
2024-10-14 17:10:56.119388 X-ray: No
ChatterBot November reevaluating
ChatterBot X-ray reevaluating
ChatterBot Quebec reevaluating
ChatterBot X-ray reevaluating
ChatterBot Quebec reevaluating
ChatterBot November reevaluating
ChatterBot Quebec reevaluating
2024-10-14 17:10:56.148023 Tango: Lima, sending you 3
2024-10-14 17:10:56.153666 Tango: Kilo, sending you 2
2024-10-14 17:10:56.154698 Lima: Tango, Kilo and Mike, sending you 3
2024-10-14 17:10:56.157686 Tango: Oscar, sending you 1
2024-10-14 17:10:56.158786 Kilo: Tango and Oscar, sending you 2
2024-10-14 17:10:56.160315 Oscar: Tango, sending you 1
2024-10-14 17:10:56.161278 Lima: Oscar, sending you 2
2024-10-14 17:10:56.162179 November: Quebec, sending you 6
2024-10-14 17:10:56.162668 Tango: Delta, sending you 6
2024-10-14 17:10:56.163532 Bravo: November and X-ray, sending you 5
2024-10-14 17:10:56.163941 Kilo: Lima and Mike, sending you 3
2024-10-14 17:10:56.165331 Oscar: Lima and Kilo, sending you 2
2024-10-14 17:10:56.166395 Mike: Lima, Kilo and Delta, sending you 3
2024-10-14 17:10:56.167320 Lima: Delta, sending you 1
2024-10-14 17:10:56.168098 November: Bravo, sending you 7
2024-10-14 17:10:56.168567 Kilo: Delta, sending you 5
2024-10-14 17:10:56.169951 Bravo: Quebec, sending you 4
2024-10-14 17:10:56.170286 Oscar: Mike, sending you 5
2024-10-14 17:10:56.171039 Mike: Oscar, sending you 4
2024-10-14 17:10:56.173705 Oscar: Delta, sending you 4
2024-10-14 17:10:56.174665 Quebec: Same as last round
2024-10-14 17:10:56.175676 Delta: Tango and Kilo, sending you 4
2024-10-14 17:10:56.180686 Delta: Lima, sending you 1
2024-10-14 17:10:56.186675 Delta: Mike and Oscar, sending you 3
chatterbot Oscar submitting transactions
chatterbot Kilo submitting transactions
chatterbot November submitting transactions
chatterbot Tango submitting transactions
chatterbot Bravo submitting transactions
chatterbot X-ray submitting transactions
chatterbot Delta submitting transactions
chatterbot Quebec submitting transactions
chatterbot Lima submitting transactions
chatterbot Mike submitting transactions
ChatterBot Tango round 12
ChatterBot November round 12
ChatterBot Lima round 12
ChatterBot X-ray round 12
ChatterBot Quebec round 12
ChatterBot Bravo round 12
ChatterBot Kilo round 12
ChatterBot Mike round 12
ChatterBot Oscar round 12
ChatterBot Delta round 12
2024-10-14 17:10:57.434109 X-ray: We should replace Quebec with November
2024-10-14 17:10:57.438461 Bravo: No
ChatterBot X-ray reevaluating
2024-10-14 17:10:57.460144 Kilo: We should drop Lima
2024-10-14 17:10:57.472961 Tango: No
2024-10-14 17:10:57.473333 Mike: No
2024-10-14 17:10:57.474178 Oscar: No
2024-10-14 17:10:57.474392 Delta: No
ChatterBot Kilo reevaluating
ChatterBot Kilo reevaluating
ChatterBot Kilo reevaluating
ChatterBot Kilo reevaluating
2024-10-14 17:10:57.516674 Lima: Tango, Kilo and Mike, sending you 3
2024-10-14 17:10:57.519289 November: Quebec, sending you 6
2024-10-14 17:10:57.520938 Quebec: November, sending you 4
2024-10-14 17:10:57.522186 Tango: Lima, sending you 3
2024-10-14 17:10:57.525490 Lima: Oscar, sending you 2
2024-10-14 17:10:57.527844 November: Bravo, sending you 7
2024-10-14 17:10:57.529073 Quebec: X-ray, sending you 3
2024-10-14 17:10:57.531052 Tango: Kilo, sending you 2
2024-10-14 17:10:57.533708 Mike: Lima, Kilo and Delta, sending you 3
2024-10-14 17:10:57.537148 Lima: Delta, sending you 1
2024-10-14 17:10:57.538996 Quebec: Bravo, sending you 5
2024-10-14 17:10:57.540025 Tango: Oscar, sending you 1
2024-10-14 17:10:57.542608 Mike: Oscar, sending you 4
2024-10-14 17:10:57.544883 Bravo: November and X-ray, sending you 5
2024-10-14 17:10:57.546294 Delta: Tango and Kilo, sending you 4
2024-10-14 17:10:57.548524 Oscar: Tango, sending you 1
2024-10-14 17:10:57.551003 X-ray: Sending you each 6
2024-10-14 17:10:57.551590 Tango: Delta, sending you 6
2024-10-14 17:10:57.554282 Bravo: Quebec, sending you 4
2024-10-14 17:10:57.555669 Kilo: Tango and Oscar, sending you 2
2024-10-14 17:10:57.558231 Delta: Lima, sending you 1
2024-10-14 17:10:57.560663 Oscar: Lima and Kilo, sending you 2
2024-10-14 17:10:57.563139 Kilo: Lima and Mike, sending you 3
2024-10-14 17:10:57.565525 Delta: Mike and Oscar, sending you 3
2024-10-14 17:10:57.567337 Oscar: Mike, sending you 5
2024-10-14 17:10:57.568688 Kilo: Delta, sending you 5
2024-10-14 17:10:57.571685 Oscar: Delta, sending you 4
chatterbot Bravo submitting transactions
chatterbot Delta submitting transactions
chatterbot X-ray submitting transactions
chatterbot Kilo submitting transactions
chatterbot Quebec submitting transactions
chatterbot Oscar submitting transactions
chatterbot Tango submitting transactions
chatterbot November submitting transactions
chatterbot Lima submitting transactions
chatterbot Mike submitting transactions
ChatterBot Tango round 13
ChatterBot November round 13
ChatterBot Lima round 13
ChatterBot X-ray round 13
ChatterBot Quebec round 13
ChatterBot Bravo round 13
ChatterBot Kilo round 13
ChatterBot Mike round 13
ChatterBot Oscar round 13
ChatterBot Delta round 13
2024-10-14 17:10:58.665708 Bravo: November and X-ray, sending you 5
2024-10-14 17:10:58.667191 X-ray: Quebec, sending you 5
2024-10-14 17:10:58.670679 Lima: Tango, Kilo and Mike, sending you 3
2024-10-14 17:10:58.673140 Bravo: Quebec, sending you 4
2024-10-14 17:10:58.674312 X-ray: Bravo, sending you 6
2024-10-14 17:10:58.674771 Quebec: Sending you each 4
2024-10-14 17:10:58.675341 Oscar: Tango, sending you 1
2024-10-14 17:10:58.676809 Kilo: Tango and Oscar, sending you 2
2024-10-14 17:10:58.678211 Mike: Lima, Kilo and Delta, sending you 3
2024-10-14 17:10:58.679353 Lima: Oscar, sending you 2
2024-10-14 17:10:58.680567 November: X-ray, sending you 1
2024-10-14 17:10:58.681726 Oscar: Lima and Kilo, sending you 2
2024-10-14 17:10:58.683411 Kilo: Lima and Mike, sending you 3
2024-10-14 17:10:58.684983 Mike: Oscar, sending you 4
2024-10-14 17:10:58.686257 Tango: Lima, sending you 3
2024-10-14 17:10:58.687610 Lima: Delta, sending you 1
2024-10-14 17:10:58.688952 November: Quebec, sending you 5
2024-10-14 17:10:58.689389 Delta: Tango, Mike and Oscar, sending you 3
2024-10-14 17:10:58.690235 Oscar: Mike, sending you 5
2024-10-14 17:10:58.691551 Kilo: Delta, sending you 5
2024-10-14 17:10:58.693033 Tango: Kilo, sending you 2
2024-10-14 17:10:58.694745 November: Bravo, sending you 7
2024-10-14 17:10:58.695162 Delta: Lima, sending you 1
2024-10-14 17:10:58.696840 Oscar: Delta, sending you 4
2024-10-14 17:10:58.697803 Tango: Oscar, sending you 1
2024-10-14 17:10:58.699767 Delta: Kilo, sending you 4
2024-10-14 17:10:58.704672 Tango: Delta, sending you 6
chatterbot Bravo submitting transactions
chatterbot Kilo submitting transactions
chatterbot Lima submitting transactions
chatterbot November submitting transactions
chatterbot Quebec submitting transactions
chatterbot X-ray submitting transactions
chatterbot Tango submitting transactions
chatterbot Delta submitting transactions
chatterbot Oscar submitting transactions
chatterbot Mike submitting transactions
ChatterBot Tango round 14
ChatterBot November round 14
ChatterBot Lima round 14
ChatterBot X-ray round 14
ChatterBot Quebec round 14
ChatterBot Bravo round 14
ChatterBot Kilo round 14
ChatterBot Mike round 14
ChatterBot Oscar round 14
ChatterBot Delta round 14
2024-10-14 17:11:00.409691 Bravo: November and X-ray, sending you 5
2024-10-14 17:11:00.411152 Tango: Lima, sending you 3
2024-10-14 17:11:00.413444 Mike: Lima, Kilo and Delta, sending you 3
2024-10-14 17:11:00.416622 Bravo: Quebec, sending you 4
2024-10-14 17:11:00.417520 Kilo: Tango and Oscar, sending you 2
2024-10-14 17:11:00.419478 Tango: Kilo, sending you 2
2024-10-14 17:11:00.421227 Delta: Tango, Mike and Oscar, sending you 3
2024-10-14 17:11:00.422699 X-ray: Quebec, sending you 5
2024-10-14 17:11:00.423066 Mike: Oscar, sending you 4
2024-10-14 17:11:00.424714 Kilo: Lima and Mike, sending you 3
2024-10-14 17:11:00.425739 Tango: Oscar, sending you 1
2024-10-14 17:11:00.427168 Lima: Tango, Kilo and Mike, sending you 3
2024-10-14 17:11:00.428662 Quebec: Same as last round
2024-10-14 17:11:00.429228 Delta: Lima, sending you 1
2024-10-14 17:11:00.430526 X-ray: Bravo, sending you 6
2024-10-14 17:11:00.430835 November: X-ray, sending you 1
2024-10-14 17:11:00.431229 Kilo: Delta, sending you 5
2024-10-14 17:11:00.432676 Oscar: Tango, sending you 1
2024-10-14 17:11:00.433915 Tango: Delta, sending you 6
2024-10-14 17:11:00.435036 Lima: Oscar, sending you 2
2024-10-14 17:11:00.436371 Delta: Kilo, sending you 4
2024-10-14 17:11:00.437294 November: Quebec, sending you 5
