ChatterBot Romeo round 1
ChatterBot Papa round 1
ChatterBot Victor round 1
ChatterBot Quebec round 1
ChatterBot Bravo round 1
ChatterBot Kilo round 1
ChatterBot Whiskey round 1
ChatterBot Zulu round 1
ChatterBot India round 1
ChatterBot Mike round 1
randomSelections Kilo: {Kilo, Quebec, Bravo, Whiskey} 
2024-10-14 17:10:42.394072 Kilo: We would work well together
ChatterBot Quebec reevaluating
ChatterBot Bravo reevaluating
ChatterBot Whiskey reevaluating
2024-10-14 17:10:42.403583 Quebec: Yes
2024-10-14 17:10:42.403760 Bravo: Yes
2024-10-14 17:10:42.403883 Whiskey: Yes
ChatterBot Bravo reevaluating
ChatterBot Whiskey reevaluating
ChatterBot Quebec reevaluating
ChatterBot Whiskey reevaluating
ChatterBot Quebec reevaluating
ChatterBot Bravo reevaluating
randomSelections Victor: {Victor, Bravo, Mike, Zulu, Kilo, Papa, Whiskey} 
2024-10-14 17:10:42.422692 Victor: We would work well together
ChatterBot Bravo reevaluating
ChatterBot Mike reevaluating
ChatterBot Zulu reevaluating
ChatterBot Papa reevaluating
ChatterBot Whiskey reevaluating
2024-10-14 17:10:42.434015 Bravo: No
2024-10-14 17:10:42.434185 Mike: Yes
2024-10-14 17:10:42.434304 Zulu: Yes
2024-10-14 17:10:42.434424 Kilo: No
2024-10-14 17:10:42.434532 Papa: Yes
2024-10-14 17:10:42.435090 Whiskey: No
ChatterBot Mike reevaluating
ChatterBot Zulu reevaluating
ChatterBot Papa reevaluating
ChatterBot Whiskey reevaluating
ChatterBot Bravo reevaluating
ChatterBot Zulu reevaluating
ChatterBot Papa reevaluating
ChatterBot Whiskey reevaluating
ChatterBot Bravo reevaluating
ChatterBot Mike reevaluating
ChatterBot Papa reevaluating
ChatterBot Whiskey reevaluating
ChatterBot Bravo reevaluating
ChatterBot Mike reevaluating
ChatterBot Zulu reevaluating
ChatterBot Papa reevaluating
ChatterBot Whiskey reevaluating
ChatterBot Bravo reevaluating
ChatterBot Mike reevaluating
ChatterBot Zulu reevaluating
ChatterBot Whiskey reevaluating
ChatterBot Bravo reevaluating
ChatterBot Mike reevaluating
ChatterBot Zulu reevaluating
ChatterBot Papa reevaluating
randomSelections Romeo: {Romeo, Whiskey, Papa, Zulu, Victor, Bravo} 
2024-10-14 17:10:42.548396 Romeo: We should group up
ChatterBot Whiskey reevaluating
ChatterBot Papa reevaluating
ChatterBot Zulu reevaluating
ChatterBot Bravo reevaluating
2024-10-14 17:10:42.556261 Whiskey: No
2024-10-14 17:10:42.556534 Papa: No
2024-10-14 17:10:42.557342 Zulu: No
2024-10-14 17:10:42.557551 Victor: No
2024-10-14 17:10:42.558003 Bravo: No
ChatterBot Papa reevaluating
ChatterBot Zulu reevaluating
ChatterBot Bravo reevaluating
ChatterBot Whiskey reevaluating
ChatterBot Zulu reevaluating
ChatterBot Bravo reevaluating
ChatterBot Whiskey reevaluating
ChatterBot Papa reevaluating
ChatterBot Bravo reevaluating
ChatterBot Whiskey reevaluating
ChatterBot Papa reevaluating
ChatterBot Zulu reevaluating
ChatterBot Bravo reevaluating
ChatterBot Whiskey reevaluating
ChatterBot Papa reevaluating
ChatterBot Zulu reevaluating
randomSelections India: {India, Zulu, Quebec, Papa} 
2024-10-14 17:10:42.603827 India: We should group up
ChatterBot Zulu reevaluating
ChatterBot Quebec reevaluating
ChatterBot Papa reevaluating
2024-10-14 17:10:42.608625 Zulu: No
2024-10-14 17:10:42.609787 Quebec: No
2024-10-14 17:10:42.610006 Papa: No
ChatterBot Quebec reevaluating
ChatterBot Papa reevaluating
ChatterBot Zulu reevaluating
ChatterBot Papa reevaluating
ChatterBot Zulu reevaluating
ChatterBot Quebec reevaluating
2024-10-14 17:10:42.644862 Victor: Papa, Kilo and Zulu, sending you 1
2024-10-14 17:10:42.646188 Quebec: Bravo, sending you 1
2024-10-14 17:10:42.651557 Victor: Bravo, Whiskey and Mike, sending you 2
2024-10-14 17:10:42.652490 Zulu: Papa, Victor and Bravo, sending you 2
2024-10-14 17:10:42.653925 Whiskey: Quebec, sending you 4
2024-10-14 17:10:42.654276 Papa: Victor, Bravo and Zulu, sending you 1
2024-10-14 17:10:42.654704 India: Papa, sending you 4
2024-10-14 17:10:42.656138 Quebec: Kilo, sending you 5
2024-10-14 17:10:42.656512 Kilo: Quebec and Whiskey, sending you 5
2024-10-14 17:10:42.656848 Bravo: Quebec, sending you 2
2024-10-14 17:10:42.657213 Zulu: Whiskey, sending you 1
2024-10-14 17:10:42.657706 Whiskey: Bravo, sending you 1
2024-10-14 17:10:42.659084 Romeo: Papa, Bravo and Zulu, sending you 3
2024-10-14 17:10:42.659530 India: Quebec, sending you 2
2024-10-14 17:10:42.661601 Quebec: Whiskey, sending you 3
2024-10-14 17:10:42.662094 Kilo: Bravo, sending you 1
2024-10-14 17:10:42.663271 Zulu: Mike, sending you 4
2024-10-14 17:10:42.663877 Bravo: Kilo and Whiskey, sending you 4
2024-10-14 17:10:42.664462 Mike: Papa, Victor, Bravo and Whiskey, sending you 1
2024-10-14 17:10:42.665715 Whiskey: Kilo, sending you 2
2024-10-14 17:10:42.666162 Romeo: Victor and Whiskey, sending you 2
2024-10-14 17:10:42.666737 India: Zulu, sending you 1
2024-10-14 17:10:42.670668 Mike: Kilo, sending you 2
chatterbot Kilo submitting transactions
chatterbot Romeo submitting transactions
chatterbot Quebec submitting transactions
chatterbot India submitting transactions
chatterbot Papa submitting transactions
chatterbot Victor submitting transactions
chatterbot Mike submitting transactions
chatterbot Whiskey submitting transactions
chatterbot Bravo submitting transactions
chatterbot Zulu submitting transactions
ChatterBot Romeo round 2
ChatterBot Papa round 2
ChatterBot Victor round 2
ChatterBot Quebec round 2
ChatterBot Bravo round 2
ChatterBot Kilo round 2
ChatterBot Whiskey round 2
ChatterBot Zulu round 2
ChatterBot India round 2
ChatterBot Mike round 2
2024-10-14 17:10:45.560538 Papa: We should group up
ChatterBot Romeo reevaluating
ChatterBot Victor reevaluating
ChatterBot Zulu reevaluating
ChatterBot Mike reevaluating
ChatterBot India reevaluating
2024-10-14 17:10:45.596993 Romeo: No
2024-10-14 17:10:45.597258 Victor: No
2024-10-14 17:10:45.597695 Zulu: No
2024-10-14 17:10:45.598636 Mike: No
2024-10-14 17:10:45.600190 India: Yes
ChatterBot Victor reevaluating
ChatterBot Zulu reevaluating
ChatterBot Mike reevaluating
ChatterBot India reevaluating
ChatterBot Romeo reevaluating
ChatterBot Zulu reevaluating
ChatterBot Mike reevaluating
ChatterBot India reevaluating
ChatterBot Romeo reevaluating
ChatterBot Victor reevaluating
ChatterBot Mike reevaluating
ChatterBot India reevaluating
ChatterBot Romeo reevaluating
ChatterBot Victor reevaluating
ChatterBot Zulu reevaluating
ChatterBot India reevaluating
ChatterBot Romeo reevaluating
ChatterBot Victor reevaluating
ChatterBot Zulu reevaluating
ChatterBot Mike reevaluating
2024-10-14 17:10:45.830129 Quebec: We should add India
ChatterBot Bravo reevaluating
2024-10-14 17:10:45.840892 Kilo: No
2024-10-14 17:10:45.841040 Bravo: No
2024-10-14 17:10:45.841150 Whiskey: No
ChatterBot Quebec reevaluating
ChatterBot Bravo reevaluating
ChatterBot Quebec reevaluating
ChatterBot Quebec reevaluating
ChatterBot Bravo reevaluating
2024-10-14 17:10:45.870313 Bravo: We should group up
ChatterBot Victor reevaluating
ChatterBot Romeo reevaluating
ChatterBot Zulu reevaluating
ChatterBot Mike reevaluating
2024-10-14 17:10:45.911473 Victor: Yes
2024-10-14 17:10:45.911697 Romeo: No
2024-10-14 17:10:45.911851 Papa: No
2024-10-14 17:10:45.912012 Zulu: No
2024-10-14 17:10:45.912182 Mike: No
ChatterBot Romeo reevaluating
ChatterBot Zulu reevaluating
ChatterBot Mike reevaluating
ChatterBot Bravo reevaluating
ChatterBot Victor reevaluating
ChatterBot Zulu reevaluating
ChatterBot Mike reevaluating
ChatterBot Bravo reevaluating
ChatterBot Victor reevaluating
ChatterBot Romeo reevaluating
ChatterBot Zulu reevaluating
ChatterBot Mike reevaluating
ChatterBot Bravo reevaluating
ChatterBot Victor reevaluating
ChatterBot Romeo reevaluating
ChatterBot Mike reevaluating
ChatterBot Bravo reevaluating
ChatterBot Victor reevaluating
ChatterBot Romeo reevaluating
ChatterBot Zulu reevaluating
ChatterBot Bravo reevaluating
2024-10-14 17:10:46.145869 Quebec: We should add Romeo
ChatterBot Bravo reevaluating
2024-10-14 17:10:46.155297 Kilo: No
2024-10-14 17:10:46.155527 Bravo: Yes
2024-10-14 17:10:46.155662 Whiskey: No
ChatterBot Quebec reevaluating
ChatterBot Bravo reevaluating
ChatterBot Quebec reevaluating
ChatterBot Quebec reevaluating
ChatterBot Bravo reevaluating
2024-10-14 17:10:46.201499 Whiskey: Quebec, sending you 3
2024-10-14 17:10:46.201916 Kilo: Quebec, sending you 5
2024-10-14 17:10:46.202291 Papa: Romeo, sending you 3
2024-10-14 17:10:46.213634 Whiskey: Bravo and Kilo, sending you 4
2024-10-14 17:10:46.213988 Kilo: Bravo, sending you 4
2024-10-14 17:10:46.214305 Papa: Victor and Mike, sending you 1
2024-10-14 17:10:46.215101 Mike: Romeo, Papa, Victor and India, sending you 1
2024-10-14 17:10:46.215452 Zulu: Romeo, sending you 5
2024-10-14 17:10:46.215763 India: Romeo and Papa, sending you 2
2024-10-14 17:10:46.216548 Victor: Romeo, Papa, Bravo, Zulu and Mike, sending you 3
2024-10-14 17:10:46.238302 Kilo: Whiskey, sending you 2
2024-10-14 17:10:46.238610 Papa: Zulu, sending you 2
2024-10-14 17:10:46.239350 Mike: Zulu, sending you 2
2024-10-14 17:10:46.239573 Bravo: Romeo, Victor and Zulu, sending you 3
2024-10-14 17:10:46.239802 Zulu: Papa, Victor and India, sending you 2
2024-10-14 17:10:46.240043 India: Victor, Zulu and Mike, sending you 1
2024-10-14 17:10:46.269500 Papa: India, sending you 5
2024-10-14 17:10:46.270347 Bravo: Papa and Mike, sending you 1
2024-10-14 17:10:46.342125 Romeo: Sending you 3
chatterbot Romeo submitting transactions
chatterbot India submitting transactions
chatterbot Mike submitting transactions
chatterbot Whiskey submitting transactions
chatterbot Papa submitting transactions
chatterbot Zulu submitting transactions
chatterbot Bravo submitting transactions
chatterbot Kilo submitting transactions
chatterbot Victor submitting transactions
chatterbot Quebec submitting transactions
ChatterBot Romeo round 3
ChatterBot Papa round 3
ChatterBot Victor round 3
ChatterBot Quebec round 3
ChatterBot Bravo round 3
ChatterBot Kilo round 3
2024-10-14 17:10:47.289672 Romeo: We should replace India with Zulu
ChatterBot Whiskey round 3
ChatterBot Zulu round 3
ChatterBot India round 3
ChatterBot Mike round 3
2024-10-14 17:10:47.301099 Victor: We should add India
ChatterBot Romeo reevaluating
ChatterBot Zulu reevaluating
ChatterBot Mike reevaluating
ChatterBot Bravo reevaluating
2024-10-14 17:10:47.330550 Romeo: No
2024-10-14 17:10:47.330707 Papa: Yes
2024-10-14 17:10:47.330840 Zulu: Yes
2024-10-14 17:10:47.330954 Mike: Yes
2024-10-14 17:10:47.331073 Bravo: No
ChatterBot Zulu reevaluating
ChatterBot Mike reevaluating
ChatterBot Bravo reevaluating
ChatterBot Romeo reevaluating
ChatterBot Zulu reevaluating
ChatterBot Mike reevaluating
ChatterBot Bravo reevaluating
ChatterBot Romeo reevaluating
ChatterBot Mike reevaluating
ChatterBot Bravo reevaluating
ChatterBot Romeo reevaluating
ChatterBot Zulu reevaluating
ChatterBot Bravo reevaluating
ChatterBot Romeo reevaluating
ChatterBot Zulu reevaluating
ChatterBot Mike reevaluating
2024-10-14 17:10:47.462995 Zulu: We should add Bravo
ChatterBot Romeo reevaluating
ChatterBot Mike reevaluating
ChatterBot India reevaluating
2024-10-14 17:10:47.490731 Papa: No
2024-10-14 17:10:47.490868 Romeo: No
2024-10-14 17:10:47.490983 Victor: Yes
2024-10-14 17:10:47.491078 Mike: No
2024-10-14 17:10:47.491652 India: No
ChatterBot Romeo reevaluating
ChatterBot Zulu reevaluating
ChatterBot Mike reevaluating
ChatterBot India reevaluating
ChatterBot Zulu reevaluating
ChatterBot Mike reevaluating
ChatterBot India reevaluating
ChatterBot Romeo reevaluating
ChatterBot Zulu reevaluating
ChatterBot Mike reevaluating
ChatterBot India reevaluating
ChatterBot Romeo reevaluating
ChatterBot Zulu reevaluating
ChatterBot India reevaluating
ChatterBot Romeo reevaluating
ChatterBot Victor reevaluating
ChatterBot Zulu reevaluating
ChatterBot Mike reevaluating
2024-10-14 17:10:47.709343 Victor: Let's form a team
ChatterBot Romeo reevaluating
ChatterBot Zulu reevaluating
ChatterBot India reevaluating
ChatterBot Mike reevaluating
2024-10-14 17:10:47.738178 Romeo: No
2024-10-14 17:10:47.738500 Papa: No
2024-10-14 17:10:47.738678 Zulu: No
2024-10-14 17:10:47.738836 India: No
2024-10-14 17:10:47.739020 Mike: No
2024-10-14 17:10:47.739264 Whiskey: No
ChatterBot Victor reevaluating
ChatterBot Zulu reevaluating
ChatterBot India reevaluating
ChatterBot Mike reevaluating
ChatterBot Victor reevaluating
ChatterBot Romeo reevaluating
ChatterBot Zulu reevaluating
ChatterBot India reevaluating
ChatterBot Mike reevaluating
ChatterBot Victor reevaluating
ChatterBot Romeo reevaluating
ChatterBot India reevaluating
ChatterBot Mike reevaluating
ChatterBot Victor reevaluating
ChatterBot Romeo reevaluating
ChatterBot Zulu reevaluating
ChatterBot Mike reevaluating
ChatterBot Victor reevaluating
ChatterBot Romeo reevaluating
ChatterBot Zulu reevaluating
ChatterBot India reevaluating
ChatterBot Victor reevaluating
ChatterBot Romeo reevaluating
ChatterBot Zulu reevaluating
ChatterBot India reevaluating
ChatterBot Mike reevaluating
2024-10-14 17:10:47.908779 Quebec: We should add Mike
ChatterBot Bravo reevaluating
2024-10-14 17:10:47.916727 Kilo: No
2024-10-14 17:10:47.917297 Bravo: No
2024-10-14 17:10:47.917398 Whiskey: No
ChatterBot Quebec reevaluating
ChatterBot Bravo reevaluating
ChatterBot Quebec reevaluating
ChatterBot Quebec reevaluating
ChatterBot Bravo reevaluating
2024-10-14 17:10:47.948084 Romeo: We should replace India with Victor
2024-10-14 17:10:47.959752 Quebec: We should add Zulu
2024-10-14 17:10:47.966835 Kilo: No
2024-10-14 17:10:47.967005 Bravo: No
2024-10-14 17:10:47.967112 Whiskey: No
ChatterBot Quebec reevaluating
ChatterBot Quebec reevaluating
ChatterBot Quebec reevaluating
2024-10-14 17:10:47.990030 Romeo: Victor we want you to join our group
ChatterBot Victor reevaluating
2024-10-14 17:10:47.993110 Victor: Yes
ChatterBot Romeo reevaluating
2024-10-14 17:10:48.003687 Mike: We should drop Romeo
ChatterBot Victor reevaluating
2024-10-14 17:10:48.013904 Papa: No
2024-10-14 17:10:48.014050 Victor: No
2024-10-14 17:10:48.014190 Zulu: No
2024-10-14 17:10:48.014298 India: No
ChatterBot Victor reevaluating
ChatterBot Victor reevaluating
ChatterBot Victor reevaluating
2024-10-14 17:10:48.057536 India: We should drop Mike
ChatterBot Romeo reevaluating
ChatterBot Victor reevaluating
2024-10-14 17:10:48.073702 Romeo: Yes
2024-10-14 17:10:48.073817 Papa: No
2024-10-14 17:10:48.073906 Victor: No
2024-10-14 17:10:48.073985 Zulu: No
ChatterBot Victor reevaluating
ChatterBot Zulu reevaluating
ChatterBot Romeo reevaluating
ChatterBot Victor reevaluating
ChatterBot Zulu reevaluating
ChatterBot Romeo reevaluating
ChatterBot Zulu reevaluating
ChatterBot Romeo reevaluating
ChatterBot Victor reevaluating
2024-10-14 17:10:48.146679 Papa: Romeo, sending you 2
2024-10-14 17:10:48.147083 Bravo: Quebec and Kilo, sending you 3
2024-10-14 17:10:48.147375 Kilo: Quebec, sending you 5
2024-10-14 17:10:48.149055 Whiskey: Quebec and Kilo, sending you 4
2024-10-14 17:10:48.150914 Papa: Victor, Zulu and India, sending you 3
2024-10-14 17:10:48.151349 Bravo: Whiskey, sending you 4
2024-10-14 17:10:48.152110 Kilo: Bravo, sending you 2
2024-10-14 17:10:48.152688 Whiskey: Bravo, sending you 3
2024-10-14 17:10:48.154685 Mike: Papa and India, sending you 1
2024-10-14 17:10:48.155686 Papa: Mike, sending you 1
2024-10-14 17:10:48.156666 Kilo: Whiskey, sending you 4
2024-10-14 17:10:48.157683 Mike: Victor and Zulu, sending you 2
2024-10-14 17:10:48.158701 India: Romeo, Papa and Zulu, sending you 2
2024-10-14 17:10:48.162666 India: Victor, sending you 1
2024-10-14 17:10:48.170672 Victor: Romeo, Whiskey and India, sending you 2
2024-10-14 17:10:48.172659 Romeo: Sending you 3
2024-10-14 17:10:48.174697 Victor: Papa, Zulu and Mike, sending you 3
2024-10-14 17:10:48.177656 Zulu: Romeo and India, sending you 2
2024-10-14 17:10:48.182674 Zulu: Papa, sending you 3
2024-10-14 17:10:48.186786 Zulu: Victor, sending you 4
chatterbot Bravo submitting transactions
chatterbot Whiskey submitting transactions
chatterbot Victor submitting transactions
chatterbot Quebec submitting transactions
chatterbot Zulu submitting transactions
chatterbot Mike submitting transactions
chatterbot Papa submitting transactions
chatterbot Romeo submitting transactions
chatterbot India submitting transactions
chatterbot Kilo submitting transactions
ChatterBot Romeo round 4
ChatterBot Papa round 4
ChatterBot Victor round 4
ChatterBot Quebec round 4
ChatterBot Bravo round 4
ChatterBot Kilo round 4
ChatterBot Whiskey round 4
ChatterBot Zulu round 4
ChatterBot India round 4
ChatterBot Mike round 4
2024-10-14 17:10:49.174945 Quebec: We should add Victor
2024-10-14 17:10:49.188051 Kilo: No
2024-10-14 17:10:49.188308 Bravo: No
2024-10-14 17:10:49.188499 Whiskey: No
ChatterBot Quebec reevaluating
ChatterBot Quebec reevaluating
ChatterBot Quebec reevaluating
2024-10-14 17:10:49.234670 India: We should replace Romeo with Mike
ChatterBot Zulu reevaluating
2024-10-14 17:10:49.246354 Papa: No
2024-10-14 17:10:49.246532 Victor: No
2024-10-14 17:10:49.246695 Zulu: Yes
ChatterBot India reevaluating
ChatterBot Zulu reevaluating
ChatterBot India reevaluating
ChatterBot Zulu reevaluating
ChatterBot India reevaluating
ChatterBot Papa reevaluating
2024-10-14 17:10:49.305163 Quebec: We should add Romeo
2024-10-14 17:10:49.313023 Kilo: No
2024-10-14 17:10:49.313168 Bravo: No
2024-10-14 17:10:49.313283 Whiskey: No
ChatterBot Quebec reevaluating
ChatterBot Quebec reevaluating
ChatterBot Quebec reevaluating
2024-10-14 17:10:49.333911 Papa: We should drop Romeo
ChatterBot Zulu reevaluating
ChatterBot India reevaluating
2024-10-14 17:10:49.343028 Mike: Yes
2024-10-14 17:10:49.343179 Victor: No
2024-10-14 17:10:49.343668 Zulu: Yes
2024-10-14 17:10:49.343777 India: Yes
ChatterBot Papa reevaluating
ChatterBot Zulu reevaluating
ChatterBot India reevaluating
ChatterBot Papa reevaluating
ChatterBot Zulu reevaluating
ChatterBot India reevaluating
ChatterBot Papa reevaluating
ChatterBot Victor reevaluating
ChatterBot India reevaluating
ChatterBot Papa reevaluating
ChatterBot Victor reevaluating
ChatterBot Zulu reevaluating
2024-10-14 17:10:49.388695 Romeo: Same as last round
2024-10-14 17:10:49.390671 Zulu: Mike we want you to join our group
2024-10-14 17:10:49.394818 Mike: Yes
ChatterBot Papa reevaluating
ChatterBot Victor reevaluating
ChatterBot India reevaluating
2024-10-14 17:10:49.407651 Kilo: Quebec, sending you 5
2024-10-14 17:10:49.409887 Bravo: Quebec, sending you 3
2024-10-14 17:10:49.410289 Mike: Papa, Zulu and India, sending you 1
2024-10-14 17:10:49.410649 Whiskey: Sending you each 4
2024-10-14 17:10:49.412894 Kilo: Bravo, sending you 2
2024-10-14 17:10:49.413217 Bravo: Kilo and Whiskey, sending you 4
2024-10-14 17:10:49.414645 India: Mike we want you to join our group
2024-10-14 17:10:49.417451 Mike: Yes
ChatterBot Papa reevaluating
ChatterBot Victor reevaluating
2024-10-14 17:10:49.426991 Mike: Victor, sending you 3
2024-10-14 17:10:49.427256 Kilo: Whiskey, sending you 4
2024-10-14 17:10:49.429668 Zulu: Papa, sending you 3
2024-10-14 17:10:49.435027 Zulu: Victor, sending you 4
2024-10-14 17:10:49.436680 India: Papa, Victor and Zulu, sending you 2
2024-10-14 17:10:49.439670 Zulu: India and Mike, sending you 2
2024-10-14 17:10:49.441666 India: Mike, sending you 1
2024-10-14 17:10:49.452663 Victor: Romeo, Papa and Zulu, sending you 3
2024-10-14 17:10:49.458689 Victor: Whiskey, India and Mike, sending you 2
2024-10-14 17:10:49.467667 Papa: Victor and Zulu, sending you 3
2024-10-14 17:10:49.470675 Papa: India, sending you 4
2024-10-14 17:10:49.473691 Papa: Mike, sending you 2
chatterbot Kilo submitting transactions
chatterbot Bravo submitting transactions
chatterbot India submitting transactions
chatterbot Zulu submitting transactions
chatterbot Romeo submitting transactions
chatterbot Whiskey submitting transactions
chatterbot Victor submitting transactions
chatterbot Papa submitting transactions
chatterbot Mike submitting transactions
chatterbot Quebec submitting transactions
ChatterBot Romeo round 5
ChatterBot Papa round 5
ChatterBot Victor round 5
ChatterBot Quebec round 5
ChatterBot Bravo round 5
ChatterBot Kilo round 5
ChatterBot Whiskey round 5
ChatterBot Zulu round 5
ChatterBot India round 5
ChatterBot Mike round 5
2024-10-14 17:10:50.352907 Quebec: We should add Papa
2024-10-14 17:10:50.359879 Kilo: No
2024-10-14 17:10:50.360116 Bravo: No
2024-10-14 17:10:50.360340 Whiskey: No
ChatterBot Quebec reevaluating
ChatterBot Quebec reevaluating
ChatterBot Quebec reevaluating
2024-10-14 17:10:50.394585 Victor: We should drop Romeo and Whiskey
2024-10-14 17:10:50.403721 Mike: Yes
2024-10-14 17:10:50.404030 Papa: Yes
2024-10-14 17:10:50.404788 Zulu: Yes
2024-10-14 17:10:50.405125 India: Yes
2024-10-14 17:10:50.437558 Quebec: We should add India
2024-10-14 17:10:50.443449 Kilo: No
2024-10-14 17:10:50.444186 Bravo: No
2024-10-14 17:10:50.444305 Whiskey: No
ChatterBot Quebec reevaluating
ChatterBot Quebec reevaluating
ChatterBot Quebec reevaluating
2024-10-14 17:10:50.465668 Papa: Victor and Zulu, sending you 4
2024-10-14 17:10:50.466679 Romeo: Same as last round
2024-10-14 17:10:50.467671 Whiskey: Same as last round
2024-10-14 17:10:50.468930 Papa: India, sending you 3
2024-10-14 17:10:50.472736 India: Papa, Victor and Zulu, sending you 2
2024-10-14 17:10:50.473716 Papa: Mike, sending you 1
2024-10-14 17:10:50.476689 India: Mike, sending you 1
2024-10-14 17:10:50.477062 Kilo: Quebec and Whiskey, sending you 4
2024-10-14 17:10:50.480656 Kilo: Bravo, sending you 3
2024-10-14 17:10:50.481039 Mike: Papa, Zulu and India, sending you 1
2024-10-14 17:10:50.481913 Victor: Papa, Zulu and Mike, sending you 4
2024-10-14 17:10:50.482686 Zulu: Papa, sending you 4
2024-10-14 17:10:50.483697 Bravo: Quebec and Kilo, sending you 3
2024-10-14 17:10:50.484694 Mike: Victor, sending you 3
2024-10-14 17:10:50.485663 Victor: India, sending you 3
2024-10-14 17:10:50.487693 Zulu: Victor, sending you 3
2024-10-14 17:10:50.488206 Bravo: Whiskey, sending you 4
2024-10-14 17:10:50.490662 Zulu: India and Mike, sending you 2
chatterbot Romeo submitting transactions
chatterbot Victor submitting transactions
chatterbot Papa submitting transactions
chatterbot Bravo submitting transactions
chatterbot Mike submitting transactions
chatterbot Whiskey submitting transactions
chatterbot Kilo submitting transactions
chatterbot India submitting transactions
chatterbot Quebec submitting transactions
chatterbot Zulu submitting transactions
ChatterBot Romeo round 6
ChatterBot Papa round 6
ChatterBot Victor round 6
ChatterBot Quebec round 6
ChatterBot Bravo round 6
ChatterBot Kilo round 6
ChatterBot Whiskey round 6
2024-10-14 17:10:51.677319 Romeo: We should replace Victor with Papa
ChatterBot Zulu round 6
2024-10-14 17:10:51.683559 Papa: We should add Bravo
ChatterBot Victor reevaluating
2024-10-14 17:10:51.701229 Mike: No
2024-10-14 17:10:51.701433 Victor: Yes
2024-10-14 17:10:51.701610 Zulu: No
2024-10-14 17:10:51.701828 India: No
ChatterBot Victor reevaluating
ChatterBot Papa reevaluating
ChatterBot Victor reevaluating
ChatterBot Papa reevaluating
ChatterBot Victor reevaluating
ChatterBot India round 6
ChatterBot Mike round 6
2024-10-14 17:10:51.774644 Romeo: Papa we want you to join our group
ChatterBot Papa reevaluating
2024-10-14 17:10:51.777662 Papa: No
ChatterBot Romeo reevaluating
2024-10-14 17:10:51.791818 Victor: Bravo we want you to join our group
2024-10-14 17:10:51.794125 Bravo: No
ChatterBot Victor reevaluating
ChatterBot Papa reevaluating
2024-10-14 17:10:51.806981 Victor: We should add Kilo
ChatterBot Papa reevaluating
ChatterBot India reevaluating
2024-10-14 17:10:51.816309 Mike: No
2024-10-14 17:10:51.816470 Papa: No
2024-10-14 17:10:51.816570 Zulu: No
2024-10-14 17:10:51.816683 India: No
ChatterBot Papa reevaluating
ChatterBot Victor reevaluating
ChatterBot India reevaluating
ChatterBot Victor reevaluating
ChatterBot India reevaluating
ChatterBot Papa reevaluating
ChatterBot Victor reevaluating
ChatterBot India reevaluating
ChatterBot Papa reevaluating
ChatterBot Victor reevaluating
2024-10-14 17:10:51.867680 Bravo: Quebec, sending you 3
2024-10-14 17:10:51.870689 Papa: Bravo we want you to join our group
2024-10-14 17:10:51.874155 Bravo: No
ChatterBot Papa reevaluating
ChatterBot India reevaluating
2024-10-14 17:10:51.889268 Bravo: Kilo and Whiskey, sending you 4
2024-10-14 17:10:51.889712 Zulu: Papa and Victor, sending you 3
2024-10-14 17:10:51.892673 Quebec: Sending you each 5
2024-10-14 17:10:51.893701 Zulu: India, sending you 2
2024-10-14 17:10:51.894569 Romeo: Same as last round
2024-10-14 17:10:51.895071 Kilo: Quebec and Bravo, sending you 3
2024-10-14 17:10:51.896283 Whiskey: Same as last round
2024-10-14 17:10:51.898117 India: We should drop Zulu
ChatterBot Papa reevaluating
ChatterBot Victor reevaluating
2024-10-14 17:10:51.910096 Papa: No
2024-10-14 17:10:51.910297 Victor: No
2024-10-14 17:10:51.910454 Mike: No
ChatterBot India reevaluating
ChatterBot Victor reevaluating
ChatterBot India reevaluating
ChatterBot Papa reevaluating
ChatterBot India reevaluating
ChatterBot Papa reevaluating
ChatterBot Victor reevaluating
2024-10-14 17:10:51.950111 Kilo: Whiskey, sending you 5
2024-10-14 17:10:51.954884 Mike: Papa, Victor and Zulu, sending you 2
2024-10-14 17:10:51.958671 Mike: India, sending you 1
2024-10-14 17:10:51.969665 India: Papa, Victor and Zulu, sending you 2
2024-10-14 17:10:51.972667 India: Mike, sending you 1
2024-10-14 17:10:51.982028 Victor: Papa, Bravo, Zulu, India and Mike, sending you 3
chatterbot Zulu submitting transactions
chatterbot Papa submitting transactions
chatterbot Victor submitting transactions
chatterbot Romeo submitting transactions
chatterbot Kilo submitting transactions
chatterbot Quebec submitting transactions
chatterbot Bravo submitting transactions
chatterbot Whiskey submitting transactions
chatterbot India submitting transactions
chatterbot Mike submitting transactions
ChatterBot Romeo round 7
ChatterBot Papa round 7
ChatterBot Victor round 7
ChatterBot Quebec round 7
ChatterBot Bravo round 7
ChatterBot Kilo round 7
ChatterBot Whiskey round 7
2024-10-14 17:10:52.970347 Papa: We should add Bravo
ChatterBot Victor reevaluating
2024-10-14 17:10:52.991541 Mike: No
2024-10-14 17:10:52.991765 Victor: No
2024-10-14 17:10:52.991901 Zulu: No
2024-10-14 17:10:52.992018 India: No
ChatterBot Papa reevaluating
ChatterBot Victor reevaluating
ChatterBot Papa reevaluating
ChatterBot Papa reevaluating
ChatterBot Victor reevaluating
ChatterBot Papa reevaluating
ChatterBot Victor reevaluating
2024-10-14 17:10:53.070365 Victor: We should replace Bravo with Quebec
ChatterBot Papa reevaluating
2024-10-14 17:10:53.091840 Mike: No
2024-10-14 17:10:53.092059 Papa: No
2024-10-14 17:10:53.092222 Zulu: No
2024-10-14 17:10:53.092905 India: No
ChatterBot Papa reevaluating
ChatterBot Victor reevaluating
ChatterBot Victor reevaluating
ChatterBot Papa reevaluating
ChatterBot Victor reevaluating
ChatterBot Papa reevaluating
ChatterBot Victor reevaluating
ChatterBot Zulu round 7
ChatterBot India round 7
ChatterBot Mike round 7
2024-10-14 17:10:53.315012 Victor: Quebec we want you to join our group
ChatterBot Quebec reevaluating
2024-10-14 17:10:53.322168 Quebec: Yes
ChatterBot Papa reevaluating
2024-10-14 17:10:53.348279 Quebec: Group up?
2024-10-14 17:10:53.348901 Papa: We should add Quebec
ChatterBot Papa reevaluating
2024-10-14 17:10:53.373745 Victor: Yes
2024-10-14 17:10:53.374487 Papa: Yes
2024-10-14 17:10:53.374768 Zulu: No
2024-10-14 17:10:53.375100 India: No
2024-10-14 17:10:53.375355 Mike: No
2024-10-14 17:10:53.394621 Mike: No
2024-10-14 17:10:53.394967 Victor: Yes
2024-10-14 17:10:53.395180 Zulu: No
2024-10-14 17:10:53.395563 India: No
ChatterBot Papa reevaluating
ChatterBot Quebec reevaluating
ChatterBot Quebec reevaluating
ChatterBot Papa reevaluating
ChatterBot Quebec reevaluating
ChatterBot Papa reevaluating
ChatterBot Quebec reevaluating
ChatterBot Papa reevaluating
ChatterBot Quebec reevaluating
ChatterBot Papa reevaluating
ChatterBot Papa reevaluating
ChatterBot Papa reevaluating
ChatterBot Papa reevaluating
2024-10-14 17:10:53.566670 Romeo: Same as last round
2024-10-14 17:10:53.567689 Bravo: Quebec and Kilo, sending you 3
2024-10-14 17:10:53.568698 Whiskey: Same as last round
2024-10-14 17:10:53.569258 Papa: Quebec we want you to join our group
ChatterBot Quebec reevaluating
2024-10-14 17:10:53.573923 Quebec: Yes
2024-10-14 17:10:53.592915 Bravo: Whiskey, sending you 4
chatterbot Zulu submitting transactions
2024-10-14 17:10:53.595694 Zulu: Papa, India and Mike, sending you 1
2024-10-14 17:10:53.596672 Mike: Papa, Zulu and India, sending you 1
2024-10-14 17:10:53.597270 Victor: Papa, Quebec, Zulu, India and Mike, sending you 3
2024-10-14 17:10:53.598255 Kilo: Quebec and Whiskey, sending you 4
2024-10-14 17:10:53.598655 India: Papa, Victor and Zulu, sending you 2
2024-10-14 17:10:53.599678 Mike: Victor, sending you 3
2024-10-14 17:10:53.600700 Zulu: Victor, sending you 2
2024-10-14 17:10:53.601697 Kilo: Bravo, sending you 3
2024-10-14 17:10:53.603677 India: Mike, sending you 1
2024-10-14 17:10:53.613691 Papa: Victor and Zulu, sending you 4
2024-10-14 17:10:53.617677 Papa: India, sending you 3
2024-10-14 17:10:53.621689 Papa: Mike, sending you 1
chatterbot Kilo submitting transactions
chatterbot Romeo submitting transactions
chatterbot Bravo submitting transactions
chatterbot India submitting transactions
chatterbot Whiskey submitting transactions
chatterbot Victor submitting transactions
chatterbot Mike submitting transactions
chatterbot Quebec submitting transactions
chatterbot Papa submitting transactions
ChatterBot Romeo round 8
ChatterBot Papa round 8
ChatterBot Victor round 8
ChatterBot Quebec round 8
ChatterBot Bravo round 8
ChatterBot Kilo round 8
ChatterBot Whiskey round 8
ChatterBot Zulu round 8
ChatterBot India round 8
ChatterBot Mike round 8
2024-10-14 17:10:54.600681 Quebec: I was attacked by Zulu
ChatterBot Victor reevaluating
ChatterBot Papa reevaluating
ChatterBot Zulu reevaluating
ChatterBot India reevaluating
ChatterBot Mike reevaluating
2024-10-14 17:10:54.615264 Quebec: I'm keeping this round to protect myself
2024-10-14 17:10:54.616295 Quebec: Ow
2024-10-14 17:10:54.618680 Romeo: Same as last round
2024-10-14 17:10:54.619660 Kilo: Quebec, sending you 3
2024-10-14 17:10:54.620116 Whiskey: Quebec, sending you 3
2024-10-14 17:10:54.621140 Bravo: Quebec and Kilo, sending you 3
2024-10-14 17:10:54.621845 India: We should drop Zulu
ChatterBot Papa reevaluating
ChatterBot Victor reevaluating
ChatterBot Mike reevaluating
2024-10-14 17:10:54.635390 Papa: No
2024-10-14 17:10:54.635589 Victor: No
2024-10-14 17:10:54.635723 Mike: No
ChatterBot India reevaluating
ChatterBot Victor reevaluating
ChatterBot Mike reevaluating
ChatterBot India reevaluating
ChatterBot Papa reevaluating
ChatterBot Mike reevaluating
ChatterBot India reevaluating
ChatterBot Papa reevaluating
ChatterBot Victor reevaluating
2024-10-14 17:10:54.670355 Kilo: Bravo and Whiskey, sending you 4
2024-10-14 17:10:54.670882 Whiskey: Bravo and Kilo, sending you 4
2024-10-14 17:10:54.671745 Bravo: Whiskey, sending you 4
2024-10-14 17:10:54.691840 India: Papa, Victor and Zulu, sending you 2
2024-10-14 17:10:54.694697 India: Mike, sending you 1
2024-10-14 17:10:54.695690 Mike: Papa, Zulu and India, sending you 1
2024-10-14 17:10:54.697009 Papa: Victor, Zulu and India, sending you 2
2024-10-14 17:10:54.698754 Victor: Papa, Quebec, Zulu, India and Mike, sending you 3
2024-10-14 17:10:54.700725 Mike: Victor, sending you 3
2024-10-14 17:10:54.701673 Papa: Mike, sending you 1
chatterbot Victor submitting transactions
chatterbot Papa submitting transactions
chatterbot Bravo submitting transactions
chatterbot Mike submitting transactions
chatterbot Whiskey submitting transactions
chatterbot India submitting transactions
chatterbot Quebec submitting transactions
chatterbot Zulu submitting transactions
chatterbot Romeo submitting transactions
chatterbot Kilo submitting transactions
ChatterBot Romeo round 9
ChatterBot Papa round 9
ChatterBot Victor round 9
ChatterBot Quebec round 9
ChatterBot Bravo round 9
ChatterBot Kilo round 9
ChatterBot Whiskey round 9
ChatterBot Zulu round 9
2024-10-14 17:10:55.741055 Romeo: We should replace Victor with Papa
ChatterBot India round 9
ChatterBot Mike round 9
2024-10-14 17:10:55.760419 Romeo: Papa we want you to join our group
2024-10-14 17:10:55.764058 Papa: No
2024-10-14 17:10:55.775516 Quebec: I was attacked by Papa and Zulu
ChatterBot Victor reevaluating
ChatterBot Papa reevaluating
ChatterBot Zulu reevaluating
ChatterBot India reevaluating
ChatterBot Mike reevaluating
2024-10-14 17:10:55.791066 Quebec: I'm keeping this round to protect myself
2024-10-14 17:10:55.792838 Quebec: Ow
2024-10-14 17:10:55.796843 Bravo: Quebec and Kilo, sending you 3
2024-10-14 17:10:55.800660 Bravo: Whiskey, sending you 4
2024-10-14 17:10:55.804686 Whiskey: Quebec, sending you 3
2024-10-14 17:10:55.806699 Kilo: Quebec, sending you 2
2024-10-14 17:10:55.808856 Whiskey: Bravo and Kilo, sending you 4
2024-10-14 17:10:55.809705 Romeo: Sending you 3
2024-10-14 17:10:55.811296 Kilo: Bravo, sending you 4
2024-10-14 17:10:55.812672 India: Papa, Victor and Zulu, sending you 2
2024-10-14 17:10:55.814046 Papa: Victor, sending you 4
2024-10-14 17:10:55.814668 Kilo: Whiskey, sending you 5
2024-10-14 17:10:55.816670 India: Mike, sending you 1
2024-10-14 17:10:55.817363 Papa: Zulu and India, sending you 3
2024-10-14 17:10:55.821745 Papa: Mike, sending you 2
2024-10-14 17:10:55.826673 Zulu: Papa and India, sending you 3
2024-10-14 17:10:55.827344 Mike: Papa, Zulu and India, sending you 1
2024-10-14 17:10:55.830669 Zulu: Victor, sending you 4
2024-10-14 17:10:55.831796 Mike: Victor, sending you 3
2024-10-14 17:10:55.836651 Zulu: Mike, sending you 1
chatterbot Mike submitting transactions
chatterbot Bravo submitting transactions
chatterbot India submitting transactions
chatterbot Whiskey submitting transactions
chatterbot Romeo submitting transactions
chatterbot Kilo submitting transactions
chatterbot Victor submitting transactions
chatterbot Zulu submitting transactions
chatterbot Quebec submitting transactions
chatterbot Papa submitting transactions
ChatterBot Romeo round 10
ChatterBot Papa round 10
ChatterBot Victor round 10
ChatterBot Quebec round 10
ChatterBot Bravo round 10
ChatterBot Kilo round 10
ChatterBot Whiskey round 10
ChatterBot Zulu round 10
ChatterBot India round 10
ChatterBot Mike round 10
2024-10-14 17:10:57.066990 Victor: We should add Romeo
ChatterBot Papa reevaluating
ChatterBot Quebec reevaluating
2024-10-14 17:10:57.091881 Papa: Yes
2024-10-14 17:10:57.092076 Zulu: No
2024-10-14 17:10:57.092269 India: No
2024-10-14 17:10:57.092427 Mike: No
2024-10-14 17:10:57.093022 Quebec: Yes
ChatterBot Mike reevaluating
ChatterBot Quebec reevaluating
ChatterBot Papa reevaluating
ChatterBot Mike reevaluating
ChatterBot Quebec reevaluating
ChatterBot Papa reevaluating
ChatterBot Mike reevaluating
ChatterBot Quebec reevaluating
ChatterBot Papa reevaluating
ChatterBot Quebec reevaluating
ChatterBot Papa reevaluating
ChatterBot Mike reevaluating
2024-10-14 17:10:57.233194 Romeo: We should add Victor
ChatterBot Papa reevaluating
2024-10-14 17:10:57.236678 Papa: Yes
2024-10-14 17:10:57.246058 Papa: We should replace Quebec with Romeo
ChatterBot Mike reevaluating
2024-10-14 17:10:57.262541 Mike: Yes
2024-10-14 17:10:57.262780 Victor: No
2024-10-14 17:10:57.262979 Zulu: No
2024-10-14 17:10:57.263163 India: No
ChatterBot Papa reevaluating
ChatterBot Mike reevaluating
ChatterBot Papa reevaluating
ChatterBot Mike reevaluating
ChatterBot Papa reevaluating
ChatterBot Mike reevaluating
ChatterBot Papa reevaluating
2024-10-14 17:10:57.373574 Victor: Romeo we want you to join our group
2024-10-14 17:10:57.431769 Romeo: No
ChatterBot Papa reevaluating
ChatterBot Mike reevaluating
ChatterBot Quebec reevaluating
2024-10-14 17:10:57.451745 Romeo: Victor we want you to join our group
2024-10-14 17:10:57.455355 Victor: Yes
ChatterBot Papa reevaluating
2024-10-14 17:10:57.467932 Quebec: Romeo we want you to join our group
2024-10-14 17:10:57.479112 Romeo: No
ChatterBot Papa reevaluating
2024-10-14 17:10:57.496684 Bravo: Quebec, sending you 2
2024-10-14 17:10:57.498398 Victor: Romeo, Papa, Zulu and Mike, sending you 3
2024-10-14 17:10:57.499892 Mike: Papa, Zulu and India, sending you 1
2024-10-14 17:10:57.501991 Whiskey: Quebec, sending you 2
2024-10-14 17:10:57.503878 Zulu: Papa, Victor and India, sending you 3
2024-10-14 17:10:57.505396 India: Papa, Victor and Zulu, sending you 2
2024-10-14 17:10:57.512768 Kilo: Quebec, sending you 2
2024-10-14 17:10:57.516348 Bravo: Kilo, sending you 3
2024-10-14 17:10:57.518308 Papa: Romeo we want you to join our group
2024-10-14 17:10:57.537447 Romeo: No
2024-10-14 17:10:57.558713 Victor: Quebec, sending you 1
2024-10-14 17:10:57.560593 Mike: Victor, sending you 3
2024-10-14 17:10:57.562775 Whiskey: Bravo and Kilo, sending you 4
2024-10-14 17:10:57.563820 Zulu: Mike, sending you 2
2024-10-14 17:10:57.565642 India: Mike, sending you 1
2024-10-14 17:10:57.566561 Kilo: Bravo, sending you 4
2024-10-14 17:10:57.567464 Bravo: Whiskey, sending you 4
2024-10-14 17:10:57.567916 Quebec: Romeo, India and Mike, sending you 3
2024-10-14 17:10:57.568683 Victor: India, sending you 2
2024-10-14 17:10:57.569865 Romeo: Papa, sending you 3
2024-10-14 17:10:57.570269 Kilo: Whiskey, sending you 5
2024-10-14 17:10:57.570636 Kilo: I was attacked by Victor
ChatterBot Quebec reevaluating
ChatterBot Bravo reevaluating
ChatterBot Whiskey reevaluating
2024-10-14 17:10:57.579276 Kilo: Ow
2024-10-14 17:10:57.580195 Romeo: Victor, sending you 4
2024-10-14 17:10:57.583708 Papa: Romeo, sending you 1
2024-10-14 17:10:57.586695 Papa: Victor, Zulu and India, sending you 3
2024-10-14 17:10:57.590664 Papa: Mike, sending you 2
chatterbot Zulu submitting transactions
chatterbot Bravo submitting transactions
chatterbot Victor submitting transactions
chatterbot Whiskey submitting transactions
chatterbot Whiskey submitting transactions
chatterbot Kilo submitting transactions
chatterbot Papa submitting transactions
chatterbot Romeo submitting transactions
chatterbot India submitting transactions
chatterbot Quebec submitting transactions
chatterbot Bravo submitting transactions
chatterbot Mike submitting transactions
ChatterBot Romeo round 11
ChatterBot Papa round 11
ChatterBot Victor round 11
ChatterBot Quebec round 11
ChatterBot Bravo round 11
ChatterBot Kilo round 11
ChatterBot Whiskey round 11
ChatterBot Zulu round 11
ChatterBot India round 11
ChatterBot Mike round 11
2024-10-14 17:10:58.591874 Quebec: We should drop Romeo
2024-10-14 17:10:58.610253 Victor: Yes
2024-10-14 17:10:58.610468 Papa: No
2024-10-14 17:10:58.610582 Zulu: Yes
2024-10-14 17:10:58.610702 India: Yes
2024-10-14 17:10:58.610809 Mike: Yes
ChatterBot Papa reevaluating
ChatterBot India reevaluating
ChatterBot India reevaluating
ChatterBot Papa reevaluating
ChatterBot India reevaluating
ChatterBot Papa reevaluating
ChatterBot Papa reevaluating
ChatterBot India reevaluating
2024-10-14 17:10:58.700278 Bravo: We should drop Quebec
2024-10-14 17:10:58.706907 Kilo: No
2024-10-14 17:10:58.707034 Whiskey: No
ChatterBot Bravo reevaluating
ChatterBot Bravo reevaluating
2024-10-14 17:10:58.720771 Papa: We should replace Romeo with Quebec
2024-10-14 17:10:58.733534 Mike: No
2024-10-14 17:10:58.733718 Victor: Yes
2024-10-14 17:10:58.733837 Zulu: No
2024-10-14 17:10:58.733956 India: No
ChatterBot Papa reevaluating
ChatterBot India reevaluating
ChatterBot Papa reevaluating
ChatterBot India reevaluating
ChatterBot Papa reevaluating
ChatterBot India reevaluating
ChatterBot Papa reevaluating
2024-10-14 17:10:58.782743 Romeo: Papa, sending you 3
2024-10-14 17:10:58.785680 Romeo: Victor, sending you 4
2024-10-14 17:10:58.786165 Whiskey: Quebec, sending you 2
2024-10-14 17:10:58.786686 Zulu: Papa, Victor and India, sending you 3
2024-10-14 17:10:58.787759 Quebec: Victor, sending you 7
2024-10-14 17:10:58.788288 Kilo: Quebec, sending you 2
2024-10-14 17:10:58.788731 Mike: Sending you each 2
