ChatterBot Romeo round 1
ChatterBot Sierra round 1
ChatterBot Golf round 1
ChatterBot Zulu round 1
ChatterBot Bravo round 1
ChatterBot Delta round 1
ChatterBot Victor round 1
ChatterBot Kilo round 1
ChatterBot Papa round 1
ChatterBot Yankee round 1
randomSelections Golf: {Golf, Sierra, Yankee, Victor, Papa, Zulu} 
2024-10-14 17:10:42.803310 Golf: We would work well together
ChatterBot Sierra reevaluating
ChatterBot Yankee reevaluating
ChatterBot Victor reevaluating
ChatterBot Papa reevaluating
ChatterBot Zulu reevaluating
2024-10-14 17:10:42.811960 Sierra: Yes
2024-10-14 17:10:42.812073 Yankee: Yes
2024-10-14 17:10:42.812160 Victor: Yes
2024-10-14 17:10:42.812246 Papa: Yes
2024-10-14 17:10:42.812332 Zulu: Yes
ChatterBot Yankee reevaluating
ChatterBot Victor reevaluating
ChatterBot Papa reevaluating
ChatterBot Zulu reevaluating
ChatterBot Sierra reevaluating
ChatterBot Victor reevaluating
ChatterBot Papa reevaluating
ChatterBot Zulu reevaluating
ChatterBot Sierra reevaluating
ChatterBot Yankee reevaluating
ChatterBot Papa reevaluating
ChatterBot Zulu reevaluating
ChatterBot Sierra reevaluating
ChatterBot Yankee reevaluating
ChatterBot Victor reevaluating
ChatterBot Zulu reevaluating
ChatterBot Sierra reevaluating
ChatterBot Yankee reevaluating
ChatterBot Victor reevaluating
ChatterBot Papa reevaluating
randomSelections Bravo: {Bravo, Zulu, Golf, Delta, Victor, Romeo} 
2024-10-14 17:10:42.854602 Bravo: Friends?
ChatterBot Zulu reevaluating
ChatterBot Delta reevaluating
ChatterBot Victor reevaluating
ChatterBot Romeo reevaluating
2024-10-14 17:10:42.862043 Zulu: No
2024-10-14 17:10:42.862156 Golf: No
2024-10-14 17:10:42.862250 Delta: Yes
2024-10-14 17:10:42.862347 Victor: No
2024-10-14 17:10:42.862436 Romeo: Yes
ChatterBot Delta reevaluating
ChatterBot Victor reevaluating
ChatterBot Romeo reevaluating
ChatterBot Zulu reevaluating
ChatterBot Delta reevaluating
ChatterBot Victor reevaluating
ChatterBot Romeo reevaluating
ChatterBot Zulu reevaluating
ChatterBot Victor reevaluating
ChatterBot Romeo reevaluating
ChatterBot Zulu reevaluating
ChatterBot Delta reevaluating
ChatterBot Romeo reevaluating
ChatterBot Zulu reevaluating
ChatterBot Delta reevaluating
ChatterBot Victor reevaluating
randomSelections Kilo: {Kilo, Victor, Delta, Yankee, Bravo} 
2024-10-14 17:10:42.896132 Kilo: Friends?
ChatterBot Victor reevaluating
ChatterBot Delta reevaluating
ChatterBot Yankee reevaluating
2024-10-14 17:10:42.899919 Victor: No
2024-10-14 17:10:42.900053 Delta: No
2024-10-14 17:10:42.900156 Yankee: No
2024-10-14 17:10:42.900247 Bravo: No
ChatterBot Delta reevaluating
ChatterBot Yankee reevaluating
ChatterBot Victor reevaluating
ChatterBot Yankee reevaluating
ChatterBot Victor reevaluating
ChatterBot Delta reevaluating
ChatterBot Victor reevaluating
ChatterBot Delta reevaluating
ChatterBot Yankee reevaluating
2024-10-14 17:10:42.924671 Bravo: Romeo, sending you 2
2024-10-14 17:10:42.927655 Golf: Sierra, sending you 3
2024-10-14 17:10:42.927918 Bravo: Golf, sending you 1
2024-10-14 17:10:42.928681 Papa: Sierra and Golf, sending you 1
2024-10-14 17:10:42.930923 Bravo: Zulu, sending you 4
2024-10-14 17:10:42.932678 Golf: Victor, Papa and Yankee, sending you 2
2024-10-14 17:10:42.932949 Papa: Zulu, Victor and Yankee, sending you 3
2024-10-14 17:10:42.933677 Bravo: Delta, sending you 3
2024-10-14 17:10:42.934680 Victor: Sierra and Papa, sending you 2
2024-10-14 17:10:42.936659 Yankee: Sierra, sending you 1
2024-10-14 17:10:42.936979 Delta: Romeo and Bravo, sending you 1
2024-10-14 17:10:42.937673 Kilo: Bravo, sending you 1
2024-10-14 17:10:42.937931 Sierra: Zulu, sending you 2
2024-10-14 17:10:42.938157 Bravo: Victor, sending you 5
2024-10-14 17:10:42.938675 Romeo: Golf, sending you 3
2024-10-14 17:10:42.939976 Zulu: Victor, sending you 2
2024-10-14 17:10:42.940239 Victor: Golf, Zulu and Yankee, sending you 3
2024-10-14 17:10:42.940691 Yankee: Golf, sending you 4
2024-10-14 17:10:42.940946 Delta: Golf, sending you 3
2024-10-14 17:10:42.941661 Romeo: Zulu and Bravo, sending you 1
2024-10-14 17:10:42.942674 Kilo: Delta and Yankee, sending you 2
2024-10-14 17:10:42.942910 Sierra: Victor, sending you 3
2024-10-14 17:10:42.943142 Zulu: Papa, sending you 1
2024-10-14 17:10:42.943661 Yankee: Zulu, sending you 5
2024-10-14 17:10:42.945682 Delta: Zulu, sending you 2
2024-10-14 17:10:42.945958 Romeo: Delta, sending you 2
2024-10-14 17:10:42.946229 Kilo: Victor, sending you 4
2024-10-14 17:10:42.946447 Sierra: Yankee, sending you 1
2024-10-14 17:10:42.946704 Zulu: Yankee, sending you 3
2024-10-14 17:10:42.947656 Yankee: Victor, sending you 7
2024-10-14 17:10:42.948670 Delta: Victor, sending you 4
2024-10-14 17:10:42.950662 Romeo: Victor, sending you 5
2024-10-14 17:10:42.951009 Yankee: Papa, sending you 3
chatterbot Victor submitting transactions
chatterbot Golf submitting transactions
chatterbot Kilo submitting transactions
chatterbot Delta submitting transactions
chatterbot Sierra submitting transactions
chatterbot Papa submitting transactions
chatterbot Yankee submitting transactions
chatterbot Romeo submitting transactions
chatterbot Bravo submitting transactions
chatterbot Zulu submitting transactions
ChatterBot Romeo round 2
ChatterBot Sierra round 2
2024-10-14 17:10:45.681292 Romeo: We should group up
ChatterBot Bravo reevaluating
ChatterBot Delta reevaluating
2024-10-14 17:10:45.716512 Bravo: No
2024-10-14 17:10:45.716713 Delta: No
ChatterBot Delta reevaluating
ChatterBot Bravo reevaluating
2024-10-14 17:10:45.753701 Delta: We should group up
ChatterBot Bravo reevaluating
2024-10-14 17:10:45.767224 Bravo: No
ChatterBot Delta reevaluating
ChatterBot Golf round 2
ChatterBot Zulu round 2
ChatterBot Bravo round 2
ChatterBot Delta round 2
ChatterBot Victor round 2
ChatterBot Kilo round 2
ChatterBot Papa round 2
ChatterBot Yankee round 2
2024-10-14 17:10:45.807323 Golf: We would work well together
ChatterBot Zulu reevaluating
ChatterBot Victor reevaluating
ChatterBot Papa reevaluating
ChatterBot Yankee reevaluating
ChatterBot Romeo reevaluating
ChatterBot Bravo reevaluating
2024-10-14 17:10:45.846509 Sierra: No
2024-10-14 17:10:45.846776 Zulu: Yes
2024-10-14 17:10:45.846959 Victor: No
2024-10-14 17:10:45.847115 Papa: No
2024-10-14 17:10:45.847592 Yankee: No
2024-10-14 17:10:45.847761 Romeo: No
2024-10-14 17:10:45.847933 Bravo: No
2024-10-14 17:10:45.848135 Delta: No
ChatterBot Zulu reevaluating
ChatterBot Victor reevaluating
ChatterBot Papa reevaluating
ChatterBot Yankee reevaluating
ChatterBot Romeo reevaluating
ChatterBot Bravo reevaluating
ChatterBot Victor reevaluating
ChatterBot Papa reevaluating
ChatterBot Yankee reevaluating
ChatterBot Romeo reevaluating
ChatterBot Bravo reevaluating
ChatterBot Zulu reevaluating
ChatterBot Papa reevaluating
ChatterBot Yankee reevaluating
ChatterBot Romeo reevaluating
ChatterBot Bravo reevaluating
ChatterBot Zulu reevaluating
ChatterBot Victor reevaluating
ChatterBot Yankee reevaluating
ChatterBot Romeo reevaluating
ChatterBot Bravo reevaluating
ChatterBot Delta reevaluating
2024-10-14 17:10:46.049057 Zulu: Let's form a team
ChatterBot Zulu reevaluating
ChatterBot Victor reevaluating
ChatterBot Papa reevaluating
ChatterBot Romeo reevaluating
ChatterBot Bravo reevaluating
ChatterBot Delta reevaluating
ChatterBot Zulu reevaluating
ChatterBot Victor reevaluating
ChatterBot Papa reevaluating
ChatterBot Yankee reevaluating
ChatterBot Bravo reevaluating
ChatterBot Delta reevaluating
ChatterBot Zulu reevaluating
ChatterBot Victor reevaluating
ChatterBot Papa reevaluating
ChatterBot Yankee reevaluating
ChatterBot Romeo reevaluating
ChatterBot Delta reevaluating
ChatterBot Zulu reevaluating
ChatterBot Victor reevaluating
ChatterBot Papa reevaluating
ChatterBot Yankee reevaluating
ChatterBot Romeo reevaluating
ChatterBot Bravo reevaluating
ChatterBot Victor reevaluating
ChatterBot Papa reevaluating
ChatterBot Yankee reevaluating
ChatterBot Romeo reevaluating
ChatterBot Bravo reevaluating
ChatterBot Delta reevaluating
2024-10-14 17:10:46.206036 Golf: Yes
2024-10-14 17:10:46.206196 Sierra: No
2024-10-14 17:10:46.206774 Victor: Yes
2024-10-14 17:10:46.207035 Papa: No
2024-10-14 17:10:46.207735 Yankee: No
2024-10-14 17:10:46.207991 Romeo: No
2024-10-14 17:10:46.208131 Bravo: No
2024-10-14 17:10:46.208382 Delta: No
ChatterBot Zulu reevaluating
ChatterBot Victor reevaluating
ChatterBot Papa reevaluating
ChatterBot Yankee reevaluating
ChatterBot Romeo reevaluating
ChatterBot Bravo reevaluating
ChatterBot Delta reevaluating
ChatterBot Zulu reevaluating
ChatterBot Victor reevaluating
ChatterBot Papa reevaluating
ChatterBot Yankee reevaluating
ChatterBot Romeo reevaluating
ChatterBot Bravo reevaluating
ChatterBot Delta reevaluating
ChatterBot Zulu reevaluating
ChatterBot Papa reevaluating
ChatterBot Yankee reevaluating
ChatterBot Romeo reevaluating
ChatterBot Bravo reevaluating
ChatterBot Delta reevaluating
ChatterBot Zulu reevaluating
ChatterBot Victor reevaluating
ChatterBot Yankee reevaluating
ChatterBot Romeo reevaluating
ChatterBot Bravo reevaluating
ChatterBot Delta reevaluating
ChatterBot Zulu reevaluating
ChatterBot Victor reevaluating
ChatterBot Papa reevaluating
ChatterBot Romeo reevaluating
ChatterBot Bravo reevaluating
ChatterBot Delta reevaluating
ChatterBot Zulu reevaluating
ChatterBot Victor reevaluating
ChatterBot Papa reevaluating
ChatterBot Yankee reevaluating
ChatterBot Bravo reevaluating
ChatterBot Delta reevaluating
ChatterBot Zulu reevaluating
ChatterBot Victor reevaluating
ChatterBot Papa reevaluating
ChatterBot Yankee reevaluating
ChatterBot Romeo reevaluating
ChatterBot Delta reevaluating
ChatterBot Zulu reevaluating
ChatterBot Victor reevaluating
ChatterBot Papa reevaluating
ChatterBot Yankee reevaluating
ChatterBot Romeo reevaluating
ChatterBot Bravo reevaluating
2024-10-14 17:10:46.614963 Sierra: We should drop Zulu
ChatterBot Victor reevaluating
ChatterBot Papa reevaluating
ChatterBot Yankee reevaluating
2024-10-14 17:10:46.630297 Golf: No
2024-10-14 17:10:46.630868 Victor: No
2024-10-14 17:10:46.631033 Papa: No
2024-10-14 17:10:46.631162 Yankee: No
ChatterBot Victor reevaluating
ChatterBot Papa reevaluating
ChatterBot Yankee reevaluating
ChatterBot Papa reevaluating
ChatterBot Yankee reevaluating
ChatterBot Victor reevaluating
ChatterBot Yankee reevaluating
ChatterBot Victor reevaluating
ChatterBot Papa reevaluating
2024-10-14 17:10:46.717269 Yankee: Kilo we want you to join our group
2024-10-14 17:10:46.723495 Kilo: No
ChatterBot Victor reevaluating
2024-10-14 17:10:46.751503 Victor: We should add Bravo
2024-10-14 17:10:46.781056 Golf: Yes
2024-10-14 17:10:46.781307 Sierra: No
2024-10-14 17:10:46.781500 Yankee: No
2024-10-14 17:10:46.781689 Papa: No
2024-10-14 17:10:46.781851 Zulu: Yes
ChatterBot Victor reevaluating
ChatterBot Victor reevaluating
ChatterBot Victor reevaluating
ChatterBot Victor reevaluating
ChatterBot Zulu reevaluating
ChatterBot Victor reevaluating
2024-10-14 17:10:46.920959 Bravo: We should drop Golf and Victor
ChatterBot Zulu reevaluating
2024-10-14 17:10:46.938446 Romeo: No
2024-10-14 17:10:46.938658 Delta: Yes
2024-10-14 17:10:46.938857 Zulu: No
ChatterBot Zulu reevaluating
ChatterBot Bravo reevaluating
ChatterBot Romeo reevaluating
ChatterBot Zulu reevaluating
ChatterBot Bravo reevaluating
ChatterBot Romeo reevaluating
chatterbot Kilo submitting transactions
2024-10-14 17:10:47.265238 Sierra: Golf, sending you 5
2024-10-14 17:10:47.265757 Golf: Romeo, Bravo, Delta, Victor, Papa and Yankee, sending you 2
2024-10-14 17:10:47.318402 Golf: Sierra and Zulu, sending you 1
2024-10-14 17:10:47.319670 Sierra: Victor, sending you 3
2024-10-14 17:10:47.320043 Delta: Romeo and Kilo, sending you 3
2024-10-14 17:10:47.320335 Yankee: Sierra, sending you 2
2024-10-14 17:10:47.321114 Papa: Golf and Victor, sending you 3
2024-10-14 17:10:47.323990 Sierra: Papa and Yankee, sending you 2
2024-10-14 17:10:47.324426 Papa: Zulu, sending you 1
2024-10-14 17:10:47.324894 Zulu: Sierra, Victor and Papa, sending you 1
2024-10-14 17:10:47.325857 Delta: Bravo, sending you 5
2024-10-14 17:10:47.326218 Yankee: Golf and Kilo, sending you 3
2024-10-14 17:10:47.327049 Victor: Romeo, Bravo and Delta, sending you 2
2024-10-14 17:10:47.327489 Bravo: Sending you each 5
2024-10-14 17:10:47.357273 Papa: Yankee, sending you 4
2024-10-14 17:10:47.357760 Zulu: Yankee, sending you 3
2024-10-14 17:10:47.358278 Yankee: Zulu, Victor and Papa, sending you 4
2024-10-14 17:10:47.359091 Victor: Sierra, Golf, Zulu and Papa, sending you 1
chatterbot Sierra submitting transactions
chatterbot Bravo submitting transactions
2024-10-14 17:10:47.397925 Victor: Yankee, sending you 3
2024-10-14 17:10:47.398560 Romeo: Zulu, sending you 2
chatterbot Delta submitting transactions
2024-10-14 17:10:47.413839 Romeo: Bravo, sending you 5
2024-10-14 17:10:47.423298 Romeo: Delta, sending you 4
chatterbot Golf submitting transactions
chatterbot Yankee submitting transactions
chatterbot Papa submitting transactions
chatterbot Victor submitting transactions
chatterbot Zulu submitting transactions
chatterbot Romeo submitting transactions
ChatterBot Romeo round 3
ChatterBot Sierra round 3
ChatterBot Golf round 3
ChatterBot Zulu round 3
ChatterBot Bravo round 3
2024-10-14 17:10:48.197874 Golf: We should add Kilo
ChatterBot Victor reevaluating
ChatterBot Bravo reevaluating
ChatterBot Delta reevaluating
2024-10-14 17:10:48.217594 Sierra: No
2024-10-14 17:10:48.217741 Zulu: No
2024-10-14 17:10:48.217904 Victor: No
2024-10-14 17:10:48.218005 Papa: No
2024-10-14 17:10:48.218107 Yankee: Yes
2024-10-14 17:10:48.218208 Romeo: Yes
2024-10-14 17:10:48.218310 Bravo: Yes
2024-10-14 17:10:48.218414 Delta: No
ChatterBot Victor reevaluating
ChatterBot Bravo reevaluating
ChatterBot Delta reevaluating
ChatterBot Golf reevaluating
ChatterBot Victor reevaluating
ChatterBot Bravo reevaluating
ChatterBot Delta reevaluating
ChatterBot Golf reevaluating
ChatterBot Yankee reevaluating
ChatterBot Romeo reevaluating
ChatterBot Bravo reevaluating
ChatterBot Delta reevaluating
ChatterBot Golf reevaluating
ChatterBot Victor reevaluating
ChatterBot Yankee reevaluating
ChatterBot Romeo reevaluating
ChatterBot Bravo reevaluating
ChatterBot Delta reevaluating
ChatterBot Golf reevaluating
ChatterBot Victor reevaluating
ChatterBot Romeo reevaluating
ChatterBot Bravo reevaluating
ChatterBot Delta reevaluating
ChatterBot Golf reevaluating
ChatterBot Victor reevaluating
ChatterBot Yankee reevaluating
ChatterBot Bravo reevaluating
ChatterBot Delta reevaluating
ChatterBot Golf reevaluating
ChatterBot Victor reevaluating
ChatterBot Yankee reevaluating
ChatterBot Romeo reevaluating
ChatterBot Delta reevaluating
ChatterBot Golf reevaluating
ChatterBot Victor reevaluating
ChatterBot Yankee reevaluating
ChatterBot Romeo reevaluating
ChatterBot Bravo reevaluating
2024-10-14 17:10:48.440452 Bravo: We should add Victor
ChatterBot Delta reevaluating
ChatterBot Romeo reevaluating
ChatterBot Kilo reevaluating
2024-10-14 17:10:48.449999 Delta: Yes
2024-10-14 17:10:48.450122 Romeo: Yes
2024-10-14 17:10:48.450213 Kilo: No
ChatterBot Romeo reevaluating
ChatterBot Bravo reevaluating
ChatterBot Kilo reevaluating
ChatterBot Delta reevaluating
ChatterBot Bravo reevaluating
ChatterBot Kilo reevaluating
ChatterBot Delta reevaluating
ChatterBot Romeo reevaluating
ChatterBot Bravo reevaluating
ChatterBot Delta round 3
ChatterBot Victor round 3
ChatterBot Kilo round 3
ChatterBot Papa round 3
ChatterBot Yankee round 3
2024-10-14 17:10:48.540139 Yankee: We should drop Kilo
ChatterBot Golf reevaluating
2024-10-14 17:10:48.555307 Golf: No
2024-10-14 17:10:48.555523 Sierra: Yes
2024-10-14 17:10:48.556198 Victor: Yes
2024-10-14 17:10:48.556361 Papa: Yes
2024-10-14 17:10:48.556513 Zulu: Yes
ChatterBot Yankee reevaluating
ChatterBot Golf reevaluating
ChatterBot Yankee reevaluating
ChatterBot Golf reevaluating
ChatterBot Yankee reevaluating
ChatterBot Golf reevaluating
ChatterBot Yankee reevaluating
ChatterBot Golf reevaluating
ChatterBot Yankee reevaluating
2024-10-14 17:10:48.641435 Delta: We should add Golf
ChatterBot Bravo reevaluating
2024-10-14 17:10:48.649367 Romeo: Yes
2024-10-14 17:10:48.649515 Bravo: Yes
2024-10-14 17:10:48.649640 Kilo: No
ChatterBot Bravo reevaluating
ChatterBot Bravo reevaluating
2024-10-14 17:10:48.671783 Golf: We should drop Romeo and Delta
ChatterBot Yankee reevaluating
ChatterBot Bravo reevaluating
2024-10-14 17:10:48.685803 Sierra: Yes
2024-10-14 17:10:48.685944 Zulu: Yes
2024-10-14 17:10:48.686095 Victor: Yes
2024-10-14 17:10:48.686208 Papa: Yes
2024-10-14 17:10:48.686323 Yankee: Yes
2024-10-14 17:10:48.686418 Bravo: No
ChatterBot Golf reevaluating
ChatterBot Yankee reevaluating
ChatterBot Bravo reevaluating
ChatterBot Golf reevaluating
ChatterBot Yankee reevaluating
ChatterBot Bravo reevaluating
ChatterBot Golf reevaluating
ChatterBot Yankee reevaluating
ChatterBot Bravo reevaluating
ChatterBot Golf reevaluating
ChatterBot Yankee reevaluating
ChatterBot Bravo reevaluating
ChatterBot Golf reevaluating
ChatterBot Bravo reevaluating
ChatterBot Golf reevaluating
ChatterBot Yankee reevaluating
2024-10-14 17:10:48.772949 Delta: Golf we want you to join our group
ChatterBot Golf reevaluating
2024-10-14 17:10:48.775740 Golf: No
2024-10-14 17:10:48.784956 Sierra: Golf and Victor, sending you 4
2024-10-14 17:10:48.785309 Zulu: Sierra, Golf, Victor and Papa, sending you 1
chatterbot Zulu submitting transactions
2024-10-14 17:10:48.785893 Romeo: Sierra, Kilo and Papa, sending you 1
2024-10-14 17:10:48.787670 Sierra: Papa, sending you 1
2024-10-14 17:10:48.789677 Zulu: Yankee, sending you 2
2024-10-14 17:10:48.790203 Romeo: Golf, Delta and Victor, sending you 2
2024-10-14 17:10:48.790528 Papa: Sierra and Zulu, sending you 1
2024-10-14 17:10:48.790873 Kilo: Romeo, sending you 4
2024-10-14 17:10:48.792673 Sierra: Yankee, sending you 3
2024-10-14 17:10:48.793718 Papa: Golf and Victor, sending you 2
2024-10-14 17:10:48.795374 Victor: Sierra and Papa, sending you 3
2024-10-14 17:10:48.796040 Romeo: Bravo, sending you 3
2024-10-14 17:10:48.796629 Kilo: Bravo and Delta, sending you 5
2024-10-14 17:10:48.798153 Delta: Romeo, sending you 3
2024-10-14 17:10:48.798570 Papa: Yankee, sending you 5
2024-10-14 17:10:48.798971 Victor: Golf, sending you 2
2024-10-14 17:10:48.802696 Delta: Golf and Kilo, sending you 2
2024-10-14 17:10:48.803105 Victor: Zulu, sending you 1
2024-10-14 17:10:48.807687 Delta: Bravo, sending you 4
2024-10-14 17:10:48.808661 Victor: Yankee, sending you 4
2024-10-14 17:10:48.809096 Bravo: Romeo, sending you 5
2024-10-14 17:10:48.813684 Golf: Sierra and Yankee, sending you 3
2024-10-14 17:10:48.814171 Bravo: Delta, sending you 6
2024-10-14 17:10:48.814693 Yankee: Sierra and Golf, sending you 3
2024-10-14 17:10:48.816671 Golf: Zulu, Bravo, Victor and Papa, sending you 2
2024-10-14 17:10:48.817776 Bravo: Kilo, sending you 4
2024-10-14 17:10:48.818128 Yankee: Zulu, sending you 4
2024-10-14 17:10:48.821702 Yankee: Victor and Papa, sending you 5
chatterbot Kilo submitting transactions
chatterbot Golf submitting transactions
chatterbot Victor submitting transactions
chatterbot Romeo submitting transactions
chatterbot Yankee submitting transactions
chatterbot Sierra submitting transactions
chatterbot Bravo submitting transactions
chatterbot Papa submitting transactions
chatterbot Delta submitting transactions
ChatterBot Romeo round 4
ChatterBot Sierra round 4
ChatterBot Golf round 4
ChatterBot Zulu round 4
ChatterBot Bravo round 4
2024-10-14 17:10:49.865260 Bravo: We should add Golf
2024-10-14 17:10:49.877363 Delta: Yes
2024-10-14 17:10:49.877572 Romeo: Yes
2024-10-14 17:10:49.877744 Kilo: No
ChatterBot Romeo reevaluating
ChatterBot Bravo reevaluating
ChatterBot Bravo reevaluating
ChatterBot Romeo reevaluating
ChatterBot Bravo reevaluating
ChatterBot Delta round 4
ChatterBot Victor round 4
ChatterBot Kilo round 4
ChatterBot Papa round 4
ChatterBot Yankee round 4
2024-10-14 17:10:49.944825 Golf: We should replace Bravo with Romeo
2024-10-14 17:10:49.967517 Sierra: No
2024-10-14 17:10:49.967732 Yankee: No
2024-10-14 17:10:49.968345 Victor: No
2024-10-14 17:10:49.968505 Papa: No
2024-10-14 17:10:49.968686 Zulu: No
ChatterBot Golf reevaluating
ChatterBot Golf reevaluating
ChatterBot Golf reevaluating
ChatterBot Golf reevaluating
ChatterBot Golf reevaluating
2024-10-14 17:10:50.111854 Golf: Romeo we want you to join our group
2024-10-14 17:10:50.116901 Romeo: No
ChatterBot Golf reevaluating
2024-10-14 17:10:50.139380 Victor: Sierra, sending you 3
2024-10-14 17:10:50.139933 Delta: Romeo and Kilo, sending you 3
2024-10-14 17:10:50.140290 Romeo: Golf, sending you 2
2024-10-14 17:10:50.142662 Papa: Sierra and Zulu, sending you 1
2024-10-14 17:10:50.143703 Victor: Golf and Papa, sending you 2
2024-10-14 17:10:50.144310 Romeo: Bravo, sending you 4
2024-10-14 17:10:50.144620 Zulu: Golf, Victor and Papa, sending you 1
2024-10-14 17:10:50.145038 Delta: Golf, sending you 1
2024-10-14 17:10:50.145683 Kilo: Romeo, sending you 4
2024-10-14 17:10:50.145956 Sierra: Golf and Victor, sending you 4
2024-10-14 17:10:50.146329 Bravo: Sending you each 5
2024-10-14 17:10:50.146603 Yankee: Sierra, sending you 2
2024-10-14 17:10:50.146973 Romeo: Delta and Kilo, sending you 3
2024-10-14 17:10:50.147676 Papa: Golf, sending you 2
2024-10-14 17:10:50.148310 Victor: Zulu, sending you 1
2024-10-14 17:10:50.148722 Zulu: Yankee, sending you 3
2024-10-14 17:10:50.149757 Kilo: Bravo and Delta, sending you 5
2024-10-14 17:10:50.150676 Delta: Bravo, sending you 4
2024-10-14 17:10:50.151173 Sierra: Papa, sending you 1
2024-10-14 17:10:50.151885 Yankee: Golf and Zulu, sending you 4
2024-10-14 17:10:50.152693 Papa: Victor, sending you 3
2024-10-14 17:10:50.153796 Victor: Yankee, sending you 5
2024-10-14 17:10:50.154666 Yankee: Victor and Papa, sending you 5
2024-10-14 17:10:50.156684 Sierra: Yankee, sending you 3
2024-10-14 17:10:50.157112 Papa: Yankee, sending you 4
2024-10-14 17:10:50.161692 Golf: Sierra and Yankee, sending you 3
2024-10-14 17:10:50.165653 Golf: Zulu, Bravo, Victor and Papa, sending you 2
chatterbot Bravo submitting transactions
chatterbot Kilo submitting transactions
chatterbot Victor submitting transactions
chatterbot Sierra submitting transactions
chatterbot Romeo submitting transactions
chatterbot Yankee submitting transactions
chatterbot Zulu submitting transactions
chatterbot Papa submitting transactions
chatterbot Golf submitting transactions
chatterbot Delta submitting transactions
ChatterBot Romeo round 5
ChatterBot Sierra round 5
ChatterBot Golf round 5
ChatterBot Zulu round 5
ChatterBot Bravo round 5
ChatterBot Delta round 5
ChatterBot Victor round 5
ChatterBot Kilo round 5
ChatterBot Papa round 5
ChatterBot Yankee round 5
2024-10-14 17:10:51.430672 Romeo: Golf, sending you 2
2024-10-14 17:10:51.432754 Zulu: Golf, Victor and Papa, sending you 1
2024-10-14 17:10:51.436667 Romeo: Bravo, sending you 4
2024-10-14 17:10:51.438254 Zulu: Yankee, sending you 3
2024-10-14 17:10:51.439438 Golf: Romeo, Sierra, Delta, Victor, Papa and Yankee, sending you 2
2024-10-14 17:10:51.440981 Kilo: Romeo, sending you 4
2024-10-14 17:10:51.442642 Romeo: Delta and Kilo, sending you 3
2024-10-14 17:10:51.443645 Bravo: Same as last round
2024-10-14 17:10:51.444949 Sierra: Golf and Victor, sending you 4
2024-10-14 17:10:51.446107 Papa: Sierra and Zulu, sending you 1
2024-10-14 17:10:51.447848 Victor: Sierra, sending you 3
2024-10-14 17:10:51.449556 Golf: Zulu and Bravo, sending you 1
2024-10-14 17:10:51.451223 Kilo: Bravo and Delta, sending you 5
2024-10-14 17:10:51.451938 Delta: Romeo and Kilo, sending you 3
2024-10-14 17:10:51.452683 Yankee: Sierra, sending you 3
2024-10-14 17:10:51.454090 Sierra: Papa, sending you 1
2024-10-14 17:10:51.455147 Papa: Golf and Victor, sending you 2
2024-10-14 17:10:51.456137 Victor: Golf and Papa, sending you 2
2024-10-14 17:10:51.457427 Delta: Golf, sending you 1
2024-10-14 17:10:51.458659 Sierra: Yankee, sending you 3
2024-10-14 17:10:51.459336 Yankee: Golf, Zulu and Papa, sending you 4
2024-10-14 17:10:51.460724 Papa: Yankee, sending you 5
2024-10-14 17:10:51.461671 Victor: Zulu, sending you 1
2024-10-14 17:10:51.463247 Delta: Bravo, sending you 4
2024-10-14 17:10:51.464671 Yankee: Victor, sending you 5
2024-10-14 17:10:51.468167 Victor: Yankee, sending you 5
chatterbot Romeo submitting transactions
chatterbot Kilo submitting transactions
chatterbot Delta submitting transactions
chatterbot Zulu submitting transactions
chatterbot Papa submitting transactions
chatterbot Yankee submitting transactions
chatterbot Golf submitting transactions
chatterbot Victor submitting transactions
chatterbot Bravo submitting transactions
chatterbot Sierra submitting transactions
ChatterBot Romeo round 6
ChatterBot Sierra round 6
ChatterBot Golf round 6
ChatterBot Zulu round 6
ChatterBot Bravo round 6
ChatterBot Delta round 6
ChatterBot Victor round 6
ChatterBot Kilo round 6
ChatterBot Papa round 6
ChatterBot Yankee round 6
2024-10-14 17:10:52.612915 Bravo: We should add Golf
2024-10-14 17:10:52.623300 Delta: Yes
2024-10-14 17:10:52.623586 Romeo: Yes
2024-10-14 17:10:52.624749 Kilo: No
ChatterBot Bravo reevaluating
2024-10-14 17:10:52.680815 Sierra: Golf and Yankee, sending you 3
2024-10-14 17:10:52.681678 Zulu: Golf, Victor and Papa, sending you 1
2024-10-14 17:10:52.699268 Sierra: Victor, sending you 5
2024-10-14 17:10:52.701340 Zulu: Yankee, sending you 3
2024-10-14 17:10:52.703754 Victor: Sierra, sending you 3
2024-10-14 17:10:52.705970 Delta: Romeo and Kilo, sending you 3
2024-10-14 17:10:52.707647 Golf: Sierra and Yankee, sending you 3
2024-10-14 17:10:52.708841 Sierra: Papa, sending you 1
2024-10-14 17:10:52.710640 Romeo: Golf, sending you 2
2024-10-14 17:10:52.711948 Victor: Golf and Papa, sending you 2
2024-10-14 17:10:52.713501 Delta: Golf, sending you 1
2024-10-14 17:10:52.716517 Papa: Sierra and Zulu, sending you 1
2024-10-14 17:10:52.719006 Kilo: Romeo, sending you 4
2024-10-14 17:10:52.719933 Yankee: Sierra and Golf, sending you 3
2024-10-14 17:10:52.723357 Bravo: Same as last round
2024-10-14 17:10:52.724322 Golf: Zulu, Bravo, Victor and Papa, sending you 2
2024-10-14 17:10:52.725750 Romeo: Bravo, sending you 4
2024-10-14 17:10:52.726400 Victor: Zulu, sending you 1
2024-10-14 17:10:52.728039 Delta: Bravo, sending you 4
2024-10-14 17:10:52.728820 Kilo: Bravo and Delta, sending you 5
2024-10-14 17:10:52.730281 Papa: Golf and Victor, sending you 2
2024-10-14 17:10:52.731551 Yankee: Zulu, sending you 4
2024-10-14 17:10:52.733315 Romeo: Delta and Kilo, sending you 3
2024-10-14 17:10:52.734652 Victor: Yankee, sending you 5
2024-10-14 17:10:52.735737 Papa: Yankee, sending you 5
2024-10-14 17:10:52.737365 Yankee: Victor and Papa, sending you 5
chatterbot Zulu submitting transactions
chatterbot Kilo submitting transactions
chatterbot Victor submitting transactions
chatterbot Yankee submitting transactions
chatterbot Delta submitting transactions
chatterbot Romeo submitting transactions
chatterbot Papa submitting transactions
chatterbot Golf submitting transactions
chatterbot Bravo submitting transactions
chatterbot Sierra submitting transactions
ChatterBot Romeo round 7
ChatterBot Sierra round 7
ChatterBot Golf round 7
ChatterBot Zulu round 7
ChatterBot Bravo round 7
2024-10-14 17:10:53.704508 Golf: We should replace Bravo with Romeo
2024-10-14 17:10:53.716168 Sierra: No
2024-10-14 17:10:53.716332 Yankee: No
2024-10-14 17:10:53.716437 Victor: No
2024-10-14 17:10:53.716551 Papa: No
2024-10-14 17:10:53.717041 Zulu: No
ChatterBot Golf reevaluating
ChatterBot Golf reevaluating
ChatterBot Golf reevaluating
ChatterBot Delta round 7
ChatterBot Victor round 7
ChatterBot Kilo round 7
ChatterBot Papa round 7
ChatterBot Yankee round 7
2024-10-14 17:10:53.780634 Bravo: We should add Golf
2024-10-14 17:10:53.787178 Delta: Yes
2024-10-14 17:10:53.787342 Romeo: Yes
2024-10-14 17:10:53.787454 Kilo: No
ChatterBot Bravo reevaluating
ChatterBot Bravo reevaluating
ChatterBot Bravo reevaluating
2024-10-14 17:10:53.809939 Golf: We should replace Bravo with Delta
2024-10-14 17:10:53.821492 Sierra: No
2024-10-14 17:10:53.821667 Yankee: No
2024-10-14 17:10:53.821835 Victor: No
2024-10-14 17:10:53.821949 Papa: No
2024-10-14 17:10:53.822056 Zulu: No
ChatterBot Golf reevaluating
ChatterBot Golf reevaluating
ChatterBot Golf reevaluating
ChatterBot Golf reevaluating
ChatterBot Golf reevaluating
2024-10-14 17:10:53.905696 Papa: Sierra and Zulu, sending you 1
2024-10-14 17:10:53.907709 Romeo: Golf, sending you 2
2024-10-14 17:10:53.908627 Kilo: Romeo, sending you 4
2024-10-14 17:10:53.909073 Yankee: Sierra and Golf, sending you 3
2024-10-14 17:10:53.910723 Papa: Golf and Victor, sending you 2
2024-10-14 17:10:53.911387 Zulu: Golf, Victor and Papa, sending you 1
2024-10-14 17:10:53.912655 Delta: Romeo and Kilo, sending you 3
2024-10-14 17:10:53.913059 Bravo: Same as last round
2024-10-14 17:10:53.913380 Romeo: Bravo, sending you 4
2024-10-14 17:10:53.913743 Kilo: Bravo and Delta, sending you 5
2024-10-14 17:10:53.914309 Yankee: Zulu, sending you 4
2024-10-14 17:10:53.915439 Victor: Sierra, sending you 3
2024-10-14 17:10:53.916074 Sierra: Golf and Yankee, sending you 3
2024-10-14 17:10:53.916510 Papa: Yankee, sending you 5
2024-10-14 17:10:53.917073 Zulu: Yankee, sending you 3
2024-10-14 17:10:53.917691 Delta: Golf, sending you 1
2024-10-14 17:10:53.918607 Romeo: Delta and Kilo, sending you 3
2024-10-14 17:10:53.919048 Yankee: Victor and Papa, sending you 5
2024-10-14 17:10:53.919725 Golf: Sierra and Yankee, sending you 3
2024-10-14 17:10:53.920306 Sierra: Victor, sending you 5
2024-10-14 17:10:53.920695 Victor: Golf and Papa, sending you 2
2024-10-14 17:10:53.922649 Delta: Bravo, sending you 4
2024-10-14 17:10:53.923694 Golf: Zulu, Bravo, Victor and Papa, sending you 2
2024-10-14 17:10:53.925664 Sierra: Papa, sending you 1
2024-10-14 17:10:53.926648 Victor: Zulu, sending you 1
2024-10-14 17:10:53.930679 Victor: Yankee, sending you 5
chatterbot Romeo submitting transactions
chatterbot Zulu submitting transactions
chatterbot Sierra submitting transactions
chatterbot Yankee submitting transactions
chatterbot Bravo submitting transactions
chatterbot Victor submitting transactions
chatterbot Golf submitting transactions
chatterbot Delta submitting transactions
chatterbot Kilo submitting transactions
chatterbot Papa submitting transactions
ChatterBot Romeo round 8
ChatterBot Sierra round 8
ChatterBot Golf round 8
ChatterBot Zulu round 8
ChatterBot Bravo round 8
ChatterBot Delta round 8
ChatterBot Victor round 8
ChatterBot Kilo round 8
ChatterBot Papa round 8
ChatterBot Yankee round 8
2024-10-14 17:10:55.155241 Golf: We should replace Bravo with Romeo
2024-10-14 17:10:55.167629 Sierra: No
2024-10-14 17:10:55.167802 Yankee: No
2024-10-14 17:10:55.167939 Victor: No
2024-10-14 17:10:55.168070 Papa: No
2024-10-14 17:10:55.168200 Zulu: No
ChatterBot Golf reevaluating
ChatterBot Golf reevaluating
ChatterBot Golf reevaluating
ChatterBot Golf reevaluating
ChatterBot Golf reevaluating
2024-10-14 17:10:55.226664 Bravo: We should add Golf
2024-10-14 17:10:55.233151 Delta: Yes
2024-10-14 17:10:55.233284 Romeo: Yes
2024-10-14 17:10:55.233391 Kilo: No
ChatterBot Bravo reevaluating
ChatterBot Bravo reevaluating
ChatterBot Bravo reevaluating
2024-10-14 17:10:55.269670 Delta: Romeo and Kilo, sending you 3
2024-10-14 17:10:55.275939 Delta: Golf, sending you 1
2024-10-14 17:10:55.276704 Sierra: Golf and Yankee, sending you 3
2024-10-14 17:10:55.277311 Zulu: Golf, Victor and Papa, sending you 1
2024-10-14 17:10:55.280847 Delta: Bravo, sending you 4
2024-10-14 17:10:55.281555 Victor: Sierra, sending you 3
2024-10-14 17:10:55.282756 Sierra: Victor, sending you 5
2024-10-14 17:10:55.283730 Zulu: Yankee, sending you 3
2024-10-14 17:10:55.284642 Romeo: Golf, sending you 2
2024-10-14 17:10:55.285698 Yankee: Sierra and Golf, sending you 3
2024-10-14 17:10:55.287559 Victor: Golf and Papa, sending you 2
2024-10-14 17:10:55.288159 Papa: Sierra and Zulu, sending you 1
2024-10-14 17:10:55.288743 Sierra: Papa, sending you 1
2024-10-14 17:10:55.289680 Romeo: Bravo, sending you 4
2024-10-14 17:10:55.290186 Yankee: Zulu, sending you 4
2024-10-14 17:10:55.291687 Victor: Zulu, sending you 1
2024-10-14 17:10:55.293263 Kilo: Romeo, sending you 4
2024-10-14 17:10:55.293994 Romeo: Delta and Kilo, sending you 3
2024-10-14 17:10:55.294879 Papa: Golf and Victor, sending you 2
2024-10-14 17:10:55.296600 Yankee: Victor and Papa, sending you 5
2024-10-14 17:10:55.297678 Golf: Sierra and Yankee, sending you 3
2024-10-14 17:10:55.298424 Bravo: Same as last round
2024-10-14 17:10:55.299362 Victor: Yankee, sending you 5
2024-10-14 17:10:55.300395 Kilo: Bravo and Delta, sending you 5
2024-10-14 17:10:55.300950 Papa: Yankee, sending you 5
2024-10-14 17:10:55.302320 Golf: Zulu, Bravo, Victor and Papa, sending you 2
chatterbot Yankee submitting transactions
chatterbot Zulu submitting transactions
chatterbot Golf submitting transactions
chatterbot Kilo submitting transactions
chatterbot Sierra submitting transactions
chatterbot Papa submitting transactions
chatterbot Victor submitting transactions
chatterbot Romeo submitting transactions
chatterbot Bravo submitting transactions
chatterbot Delta submitting transactions
ChatterBot Romeo round 9
ChatterBot Sierra round 9
ChatterBot Golf round 9
ChatterBot Zulu round 9
ChatterBot Bravo round 9
ChatterBot Delta round 9
ChatterBot Victor round 9
ChatterBot Kilo round 9
ChatterBot Papa round 9
2024-10-14 17:10:56.408113 Golf: We should replace Bravo with Delta
2024-10-14 17:10:56.423689 Sierra: No
2024-10-14 17:10:56.423896 Yankee: No
2024-10-14 17:10:56.424062 Victor: No
2024-10-14 17:10:56.424221 Papa: No
2024-10-14 17:10:56.424379 Zulu: No
ChatterBot Golf reevaluating
ChatterBot Golf reevaluating
ChatterBot Golf reevaluating
ChatterBot Golf reevaluating
ChatterBot Golf reevaluating
ChatterBot Yankee round 9
2024-10-14 17:10:56.506805 Golf: We should replace Bravo with Romeo
2024-10-14 17:10:56.585710 Sierra: No
2024-10-14 17:10:56.588837 Yankee: No
2024-10-14 17:10:56.589110 Victor: No
2024-10-14 17:10:56.593573 Papa: No
2024-10-14 17:10:56.593810 Zulu: No
ChatterBot Golf reevaluating
ChatterBot Golf reevaluating
ChatterBot Sierra reevaluating
ChatterBot Golf reevaluating
ChatterBot Sierra reevaluating
ChatterBot Golf reevaluating
ChatterBot Sierra reevaluating
ChatterBot Golf reevaluating
ChatterBot Sierra reevaluating
2024-10-14 17:10:56.694666 Zulu: Golf, Victor and Papa, sending you 1
2024-10-14 17:10:56.700713 Zulu: Yankee, sending you 3
2024-10-14 17:10:56.702668 Bravo: Same as last round
2024-10-14 17:10:56.709015 Romeo: Golf, sending you 2
2024-10-14 17:10:56.710686 Yankee: Sierra and Golf, sending you 3
2024-10-14 17:10:56.712108 Victor: Sierra, sending you 3
2024-10-14 17:10:56.712947 Kilo: Romeo, sending you 4
2024-10-14 17:10:56.713950 Papa: Sierra and Zulu, sending you 1
2024-10-14 17:10:56.714811 Delta: Romeo and Kilo, sending you 3
2024-10-14 17:10:56.715232 Romeo: Bravo, sending you 4
2024-10-14 17:10:56.716730 Yankee: Zulu, sending you 4
2024-10-14 17:10:56.717880 Victor: Golf and Papa, sending you 2
2024-10-14 17:10:56.718794 Sierra: Golf and Yankee, sending you 3
2024-10-14 17:10:56.719761 Kilo: Bravo and Delta, sending you 5
2024-10-14 17:10:56.720425 Golf: Sierra and Yankee, sending you 3
2024-10-14 17:10:56.721034 Romeo: Delta and Kilo, sending you 3
2024-10-14 17:10:56.721596 Papa: Golf and Victor, sending you 2
2024-10-14 17:10:56.723095 Delta: Golf, sending you 1
2024-10-14 17:10:56.723652 Yankee: Victor and Papa, sending you 5
2024-10-14 17:10:56.725037 Victor: Zulu, sending you 1
2024-10-14 17:10:56.725944 Sierra: Victor, sending you 5
2024-10-14 17:10:56.726467 Golf: Zulu, Bravo, Victor and Papa, sending you 2
2024-10-14 17:10:56.727115 Papa: Yankee, sending you 5
2024-10-14 17:10:56.728539 Delta: Bravo, sending you 4
2024-10-14 17:10:56.729675 Victor: Yankee, sending you 5
2024-10-14 17:10:56.731522 Sierra: Papa, sending you 1
chatterbot Delta submitting transactions
chatterbot Golf submitting transactions
chatterbot Romeo submitting transactions
chatterbot Papa submitting transactions
chatterbot Sierra submitting transactions
chatterbot Bravo submitting transactions
chatterbot Victor submitting transactions
chatterbot Zulu submitting transactions
chatterbot Kilo submitting transactions
chatterbot Yankee submitting transactions
ChatterBot Romeo round 10
ChatterBot Sierra round 10
ChatterBot Golf round 10
ChatterBot Zulu round 10
ChatterBot Bravo round 10
ChatterBot Delta round 10
ChatterBot Victor round 10
ChatterBot Kilo round 10
ChatterBot Papa round 10
2024-10-14 17:10:57.807790 Bravo: We should add Golf
2024-10-14 17:10:57.816516 Delta: Yes
2024-10-14 17:10:57.816701 Romeo: Yes
2024-10-14 17:10:57.816843 Kilo: No
ChatterBot Bravo reevaluating
ChatterBot Bravo reevaluating
ChatterBot Bravo reevaluating
ChatterBot Yankee round 10
2024-10-14 17:10:57.864677 Bravo: Golf we want you to join our group
ChatterBot Golf reevaluating
2024-10-14 17:10:57.868958 Golf: No
ChatterBot Bravo reevaluating
2024-10-14 17:10:57.882010 Golf: We should replace Bravo with Romeo
2024-10-14 17:10:57.899983 Sierra: No
2024-10-14 17:10:57.900846 Yankee: No
2024-10-14 17:10:57.901088 Victor: No
2024-10-14 17:10:57.901298 Papa: No
2024-10-14 17:10:57.901500 Zulu: No
ChatterBot Golf reevaluating
ChatterBot Golf reevaluating
ChatterBot Golf reevaluating
ChatterBot Golf reevaluating
ChatterBot Golf reevaluating
2024-10-14 17:10:57.980668 Zulu: Golf, Victor and Papa, sending you 1
2024-10-14 17:10:57.981849 Victor: Sierra and Yankee, sending you 4
2024-10-14 17:10:57.983793 Romeo: Golf, sending you 2
2024-10-14 17:10:57.984580 Kilo: Romeo, sending you 4
2024-10-14 17:10:57.985588 Sierra: Golf and Yankee, sending you 3
2024-10-14 17:10:57.986294 Zulu: Yankee, sending you 3
2024-10-14 17:10:57.988524 Victor: Golf and Papa, sending you 2
2024-10-14 17:10:57.989889 Romeo: Bravo, sending you 4
2024-10-14 17:10:57.990359 Kilo: Bravo and Delta, sending you 5
2024-10-14 17:10:57.990693 Sierra: Victor, sending you 5
2024-10-14 17:10:57.991787 Victor: Zulu, sending you 1
2024-10-14 17:10:57.992680 Romeo: Delta and Kilo, sending you 3
2024-10-14 17:10:57.994681 Delta: Romeo and Kilo, sending you 3
2024-10-14 17:10:57.995850 Sierra: Papa, sending you 1
2024-10-14 17:10:57.996995 Yankee: Sierra and Golf, sending you 3
2024-10-14 17:10:57.999096 Delta: Golf, sending you 1
2024-10-14 17:10:58.000508 Papa: Sierra and Zulu, sending you 1
2024-10-14 17:10:58.002849 Yankee: Zulu, sending you 4
2024-10-14 17:10:58.004939 Golf: Romeo, Sierra, Victor, Papa and Yankee, sending you 2
2024-10-14 17:10:58.007017 Delta: Bravo, sending you 4
2024-10-14 17:10:58.008132 Papa: Golf and Victor, sending you 2
2024-10-14 17:10:58.009480 Yankee: Victor and Papa, sending you 5
2024-10-14 17:10:58.011969 Golf: Zulu, Bravo, Delta and Kilo, sending you 1
2024-10-14 17:10:58.013205 Papa: Yankee, sending you 5
2024-10-14 17:10:58.014474 Bravo: Romeo, Delta and Kilo, sending you 4
2024-10-14 17:10:58.017977 Bravo: Golf, sending you 3
chatterbot Yankee submitting transactions
chatterbot Romeo submitting transactions
chatterbot Kilo submitting transactions
chatterbot Bravo submitting transactions
chatterbot Zulu submitting transactions
chatterbot Delta submitting transactions
chatterbot Papa submitting transactions
chatterbot Sierra submitting transactions
chatterbot Golf submitting transactions
chatterbot Victor submitting transactions
ChatterBot Romeo round 11
ChatterBot Sierra round 11
ChatterBot Golf round 11
ChatterBot Zulu round 11
ChatterBot Bravo round 11
ChatterBot Delta round 11
ChatterBot Victor round 11
ChatterBot Kilo round 11
ChatterBot Papa round 11
ChatterBot Yankee round 11
2024-10-14 17:10:59.007450 Bravo: We should drop Golf
ChatterBot Delta reevaluating
ChatterBot Romeo reevaluating
2024-10-14 17:10:59.016040 Delta: Yes
2024-10-14 17:10:59.016202 Romeo: Yes
2024-10-14 17:10:59.016336 Kilo: Yes
ChatterBot Romeo reevaluating
ChatterBot Delta reevaluating
ChatterBot Delta reevaluating
