ChatterBot Papa round 1
ChatterBot Zulu round 1
ChatterBot Oscar round 1
ChatterBot Victor round 1
ChatterBot India round 1
ChatterBot X-ray round 1
ChatterBot Sierra round 1
ChatterBot Foxtrot round 1
ChatterBot Mike round 1
ChatterBot Kilo round 1
randomSelections Zulu: {Zulu, Foxtrot, Kilo, Mike} 
2024-10-14 17:10:42.035468 Zulu: We should group up
ChatterBot Foxtrot reevaluating
ChatterBot Kilo reevaluating
ChatterBot Mike reevaluating
2024-10-14 17:10:42.054107 Foxtrot: Yes
2024-10-14 17:10:42.054280 Kilo: Yes
2024-10-14 17:10:42.054413 Mike: Yes
ChatterBot Kilo reevaluating
ChatterBot Mike reevaluating
ChatterBot Foxtrot reevaluating
ChatterBot Mike reevaluating
ChatterBot Foxtrot reevaluating
ChatterBot Kilo reevaluating
randomSelections India: {India, Mike, Oscar, Victor, Foxtrot, Sierra} 
2024-10-14 17:10:42.085032 India: Friends?
ChatterBot Mike reevaluating
ChatterBot Oscar reevaluating
ChatterBot Victor reevaluating
ChatterBot Foxtrot reevaluating
ChatterBot Sierra reevaluating
2024-10-14 17:10:42.100763 Mike: No
2024-10-14 17:10:42.101511 Oscar: Yes
2024-10-14 17:10:42.101697 Victor: Yes
2024-10-14 17:10:42.101846 Foxtrot: No
2024-10-14 17:10:42.102032 Sierra: Yes
ChatterBot Oscar reevaluating
ChatterBot Victor reevaluating
ChatterBot Foxtrot reevaluating
ChatterBot Sierra reevaluating
ChatterBot Mike reevaluating
ChatterBot Victor reevaluating
ChatterBot Foxtrot reevaluating
ChatterBot Sierra reevaluating
ChatterBot Mike reevaluating
ChatterBot Oscar reevaluating
ChatterBot Foxtrot reevaluating
ChatterBot Sierra reevaluating
ChatterBot Mike reevaluating
ChatterBot Oscar reevaluating
ChatterBot Victor reevaluating
ChatterBot Sierra reevaluating
ChatterBot Mike reevaluating
ChatterBot Oscar reevaluating
ChatterBot Victor reevaluating
ChatterBot Foxtrot reevaluating
randomSelections Papa: {Papa, Victor, Foxtrot, Kilo, Oscar, X-ray} 
2024-10-14 17:10:42.212780 Papa: Group up?
ChatterBot Victor reevaluating
ChatterBot Foxtrot reevaluating
ChatterBot Kilo reevaluating
ChatterBot Oscar reevaluating
ChatterBot X-ray reevaluating
2024-10-14 17:10:42.225404 Victor: No
2024-10-14 17:10:42.225725 Foxtrot: No
2024-10-14 17:10:42.225950 Kilo: No
2024-10-14 17:10:42.226230 Oscar: No
2024-10-14 17:10:42.227128 X-ray: Yes
ChatterBot Foxtrot reevaluating
ChatterBot Kilo reevaluating
ChatterBot Oscar reevaluating
ChatterBot X-ray reevaluating
ChatterBot Victor reevaluating
ChatterBot Kilo reevaluating
ChatterBot Oscar reevaluating
ChatterBot X-ray reevaluating
ChatterBot Victor reevaluating
ChatterBot Foxtrot reevaluating
ChatterBot Oscar reevaluating
ChatterBot X-ray reevaluating
ChatterBot Victor reevaluating
ChatterBot Foxtrot reevaluating
ChatterBot Kilo reevaluating
ChatterBot X-ray reevaluating
ChatterBot Victor reevaluating
ChatterBot Foxtrot reevaluating
ChatterBot Kilo reevaluating
ChatterBot Oscar reevaluating
2024-10-14 17:10:42.316687 Zulu: Foxtrot, sending you 5
2024-10-14 17:10:42.318278 Papa: Oscar and Kilo, sending you 4
2024-10-14 17:10:42.320408 Zulu: Kilo, sending you 6
2024-10-14 17:10:42.322660 Papa: Victor, sending you 2
2024-10-14 17:10:42.325135 India: Oscar and Foxtrot, sending you 2
2024-10-14 17:10:42.325534 Oscar: Victor, India and Foxtrot, sending you 2
2024-10-14 17:10:42.325928 X-ray: Papa and Victor, sending you 3
2024-10-14 17:10:42.327239 Papa: X-ray, sending you 1
2024-10-14 17:10:42.329309 Sierra: Oscar, Foxtrot and Mike, sending you 3
2024-10-14 17:10:42.329679 India: Victor and Sierra, sending you 3
2024-10-14 17:10:42.330002 Foxtrot: Zulu, sending you 4
2024-10-14 17:10:42.330259 Kilo: Zulu and Foxtrot, sending you 3
2024-10-14 17:10:42.330602 X-ray: Oscar, sending you 1
2024-10-14 17:10:42.332110 Victor: Oscar and India, sending you 1
2024-10-14 17:10:42.332403 Mike: Zulu, sending you 5
2024-10-14 17:10:42.332814 Oscar: Sierra and Mike, sending you 4
2024-10-14 17:10:42.333192 Papa: Foxtrot, sending you 3
2024-10-14 17:10:42.334437 Foxtrot: Mike and Kilo, sending you 5
2024-10-14 17:10:42.334869 Sierra: Victor, sending you 5
2024-10-14 17:10:42.335224 India: Mike, sending you 4
2024-10-14 17:10:42.335598 Kilo: Mike, sending you 4
2024-10-14 17:10:42.336818 X-ray: Foxtrot, sending you 5
2024-10-14 17:10:42.337226 Victor: Sierra, sending you 4
2024-10-14 17:10:42.337946 Mike: Foxtrot, sending you 3
2024-10-14 17:10:42.339432 Sierra: India, sending you 1
2024-10-14 17:10:42.339895 Victor: Foxtrot, sending you 3
2024-10-14 17:10:42.341074 Mike: Kilo, sending you 6
2024-10-14 17:10:42.343152 X-ray: Kilo, sending you 2
2024-10-14 17:10:42.344939 Victor: Mike, sending you 5
chatterbot Victor submitting transactions
chatterbot X-ray submitting transactions
chatterbot Sierra submitting transactions
chatterbot Oscar submitting transactions
chatterbot Zulu submitting transactions
chatterbot Foxtrot submitting transactions
chatterbot Papa submitting transactions
chatterbot India submitting transactions
chatterbot Kilo submitting transactions
chatterbot Mike submitting transactions
ChatterBot Papa round 2
ChatterBot Zulu round 2
ChatterBot Oscar round 2
ChatterBot Victor round 2
2024-10-14 17:10:43.471457 Papa: Group up?
ChatterBot X-ray reevaluating
ChatterBot Oscar reevaluating
ChatterBot Victor reevaluating
ChatterBot India reevaluating
ChatterBot Sierra reevaluating
2024-10-14 17:10:43.579639 X-ray: No
2024-10-14 17:10:43.579860 Oscar: No
2024-10-14 17:10:43.580312 Victor: Yes
2024-10-14 17:10:43.580603 India: No
2024-10-14 17:10:43.581048 Sierra: No
ChatterBot Oscar reevaluating
ChatterBot Victor reevaluating
ChatterBot India reevaluating
ChatterBot Sierra reevaluating
ChatterBot X-ray reevaluating
ChatterBot Victor reevaluating
ChatterBot India reevaluating
ChatterBot Sierra reevaluating
ChatterBot X-ray reevaluating
ChatterBot Oscar reevaluating
ChatterBot India reevaluating
ChatterBot Sierra reevaluating
ChatterBot X-ray reevaluating
ChatterBot Oscar reevaluating
ChatterBot Victor reevaluating
ChatterBot Sierra reevaluating
ChatterBot X-ray reevaluating
ChatterBot Oscar reevaluating
ChatterBot Victor reevaluating
ChatterBot India reevaluating
ChatterBot India round 2
ChatterBot X-ray round 2
ChatterBot Sierra round 2
ChatterBot Foxtrot round 2
ChatterBot Mike round 2
ChatterBot Kilo round 2
2024-10-14 17:10:43.833341 India: Can we be friends?
ChatterBot X-ray reevaluating
2024-10-14 17:10:43.857109 Papa: Yes
2024-10-14 17:10:43.857318 X-ray: Yes
2024-10-14 17:10:43.857486 Oscar: No
2024-10-14 17:10:43.858025 Victor: Yes
2024-10-14 17:10:43.858198 Sierra: No
ChatterBot X-ray reevaluating
ChatterBot India reevaluating
ChatterBot India reevaluating
ChatterBot X-ray reevaluating
ChatterBot India reevaluating
ChatterBot X-ray reevaluating
ChatterBot India reevaluating
ChatterBot X-ray reevaluating
ChatterBot India reevaluating
2024-10-14 17:10:43.962987 Mike: We should add Papa and X-ray
ChatterBot Foxtrot reevaluating
ChatterBot Kilo reevaluating
2024-10-14 17:10:43.974703 Zulu: No
2024-10-14 17:10:43.974904 Foxtrot: Yes
2024-10-14 17:10:43.975043 Kilo: No
ChatterBot Foxtrot reevaluating
ChatterBot Kilo reevaluating
ChatterBot Mike reevaluating
ChatterBot Kilo reevaluating
ChatterBot Mike reevaluating
ChatterBot Foxtrot reevaluating
ChatterBot Mike reevaluating
2024-10-14 17:10:44.009769 Foxtrot: Can we be friends?
ChatterBot X-ray reevaluating
2024-10-14 17:10:44.017603 Papa: No
2024-10-14 17:10:44.018030 X-ray: No
ChatterBot Foxtrot reevaluating
ChatterBot X-ray reevaluating
ChatterBot Foxtrot reevaluating
2024-10-14 17:10:44.041797 Sierra: We should drop Mike and Foxtrot
2024-10-14 17:10:44.052044 Oscar: Yes
2024-10-14 17:10:44.052186 Victor: Yes
2024-10-14 17:10:44.052282 India: Yes
2024-10-14 17:10:44.083146 Mike: We should add X-ray
ChatterBot Foxtrot reevaluating
ChatterBot Kilo reevaluating
2024-10-14 17:10:44.094212 Zulu: Yes
2024-10-14 17:10:44.094369 Foxtrot: Yes
2024-10-14 17:10:44.094493 Kilo: Yes
ChatterBot Foxtrot reevaluating
ChatterBot Kilo reevaluating
ChatterBot Mike reevaluating
ChatterBot Kilo reevaluating
ChatterBot Mike reevaluating
ChatterBot Foxtrot reevaluating
ChatterBot Mike reevaluating
2024-10-14 17:10:44.129932 Papa: X-ray, sending you 14
2024-10-14 17:10:44.369790 Oscar: Sending you each 5
2024-10-14 17:10:44.371462 Victor: Papa and Oscar, sending you 2
2024-10-14 17:10:44.372758 India: Papa and X-ray, sending you 2
2024-10-14 17:10:44.374119 Zulu: Foxtrot and Mike, sending you 4
2024-10-14 17:10:44.374781 Mike: X-ray we want you to join our group
ChatterBot X-ray reevaluating
2024-10-14 17:10:44.381388 X-ray: No
ChatterBot Mike reevaluating
chatterbot Sierra submitting transactions
2024-10-14 17:10:44.401638 Victor: India and X-ray, sending you 3
2024-10-14 17:10:44.402593 India: Oscar, sending you 4
2024-10-14 17:10:44.403207 Zulu: Kilo, sending you 3
chatterbot Papa submitting transactions
2024-10-14 17:10:44.404540 Mike: Papa and X-ray we want you to join our group
ChatterBot X-ray reevaluating
2024-10-14 17:10:44.413011 Papa: No
2024-10-14 17:10:44.413235 X-ray: No
ChatterBot Mike reevaluating
ChatterBot X-ray reevaluating
ChatterBot Mike reevaluating
2024-10-14 17:10:44.452246 Sierra: Oscar and Victor, sending you 5
2024-10-14 17:10:44.453557 India: Victor and Sierra, sending you 3
2024-10-14 17:10:44.454521 Victor: Sierra, sending you 4
2024-10-14 17:10:44.455042 Foxtrot: Sending you each 4
2024-10-14 17:10:44.857725 Sierra: India, sending you 4
2024-10-14 17:10:44.858679 Kilo: Zulu and Mike, sending you 4
chatterbot Zulu submitting transactions
chatterbot Oscar submitting transactions
chatterbot Kilo submitting transactions
2024-10-14 17:10:45.078148 Kilo: Foxtrot, sending you 3
chatterbot X-ray submitting transactions
chatterbot Foxtrot submitting transactions
chatterbot Victor submitting transactions
2024-10-14 17:10:45.208855 X-ray: Papa, sending you 9
chatterbot Mike submitting transactions
2024-10-14 17:10:45.273272 X-ray: Oscar and Victor, sending you 1
2024-10-14 17:10:45.274208 Mike: Zulu and X-ray, sending you 1
chatterbot India submitting transactions
2024-10-14 17:10:45.290870 Mike: Foxtrot, sending you 6
ChatterBot Papa round 3
ChatterBot Zulu round 3
ChatterBot Oscar round 3
ChatterBot Victor round 3
ChatterBot India round 3
ChatterBot X-ray round 3
2024-10-14 17:10:45.314337 Mike: Kilo, sending you 5
ChatterBot Sierra round 3
ChatterBot Foxtrot round 3
ChatterBot Mike round 3
ChatterBot Kilo round 3
2024-10-14 17:10:45.326788 Oscar: Group up?
ChatterBot Victor reevaluating
ChatterBot India reevaluating
2024-10-14 17:10:45.344784 Papa: Yes
2024-10-14 17:10:45.344999 Victor: Yes
2024-10-14 17:10:45.345130 India: Yes
2024-10-14 17:10:45.345279 Sierra: No
ChatterBot Victor reevaluating
ChatterBot India reevaluating
ChatterBot India reevaluating
ChatterBot Victor reevaluating
ChatterBot Victor reevaluating
ChatterBot India reevaluating
2024-10-14 17:10:45.503929 Mike: We should add Papa
ChatterBot Foxtrot reevaluating
2024-10-14 17:10:45.519322 Zulu: No
2024-10-14 17:10:45.520165 Foxtrot: No
2024-10-14 17:10:45.520354 Kilo: No
2024-10-14 17:10:45.520598 X-ray: Yes
ChatterBot Foxtrot reevaluating
ChatterBot Foxtrot reevaluating
ChatterBot Foxtrot reevaluating
2024-10-14 17:10:45.594454 Mike: Papa we want you to join our group
2024-10-14 17:10:45.600661 Papa: No
ChatterBot Foxtrot reevaluating
2024-10-14 17:10:45.663677 Oscar: Papa, sending you 3
2024-10-14 17:10:45.664072 Zulu: Foxtrot, sending you 3
2024-10-14 17:10:45.664939 India: Papa and X-ray, sending you 2
2024-10-14 17:10:45.665385 Sierra: Oscar, sending you 3
2024-10-14 17:10:45.666253 X-ray: Papa, sending you 7
2024-10-14 17:10:45.666632 Papa: Oscar, sending you 4
2024-10-14 17:10:45.667057 Oscar: Victor, sending you 2
2024-10-14 17:10:45.682619 Zulu: Mike and Kilo, sending you 4
2024-10-14 17:10:45.683525 India: Oscar and Victor, sending you 3
2024-10-14 17:10:45.684065 X-ray: Oscar, sending you 3
2024-10-14 17:10:45.685103 Papa: Victor, sending you 2
2024-10-14 17:10:45.685586 Sierra: Victor, sending you 5
2024-10-14 17:10:45.686304 Victor: Papa, Oscar and X-ray, sending you 2
2024-10-14 17:10:45.686724 Mike: Papa and X-ray, sending you 1
2024-10-14 17:10:45.687120 Kilo: Zulu and Mike, sending you 4
2024-10-14 17:10:45.687990 Oscar: India, sending you 4
2024-10-14 17:10:45.688419 India: Sierra, sending you 4
2024-10-14 17:10:45.704084 X-ray: Victor, sending you 2
2024-10-14 17:10:45.705110 Papa: India, sending you 1
2024-10-14 17:10:45.705600 Sierra: India, sending you 4
2024-10-14 17:10:45.706429 Victor: India, sending you 3
2024-10-14 17:10:45.707075 Mike: Zulu and Foxtrot, sending you 3
2024-10-14 17:10:45.707974 Kilo: Foxtrot, sending you 2
2024-10-14 17:10:45.708427 Oscar: Sierra, sending you 5
2024-10-14 17:10:45.709263 Foxtrot: Zulu, sending you 4
2024-10-14 17:10:45.709647 X-ray: India and Sierra, sending you 1
2024-10-14 17:10:45.710170 Papa: X-ray, sending you 7
2024-10-14 17:10:45.711088 Victor: Sierra, sending you 4
2024-10-14 17:10:45.717940 Mike: Kilo, sending you 6
2024-10-14 17:10:45.718788 Foxtrot: Kilo, sending you 5
chatterbot Mike submitting transactions
chatterbot Foxtrot submitting transactions
chatterbot Sierra submitting transactions
chatterbot Zulu submitting transactions
chatterbot India submitting transactions
chatterbot X-ray submitting transactions
chatterbot Oscar submitting transactions
chatterbot Papa submitting transactions
chatterbot Victor submitting transactions
chatterbot Kilo submitting transactions
ChatterBot Papa round 4
ChatterBot Zulu round 4
ChatterBot Oscar round 4
ChatterBot Victor round 4
ChatterBot India round 4
ChatterBot X-ray round 4
ChatterBot Sierra round 4
ChatterBot Foxtrot round 4
ChatterBot Mike round 4
ChatterBot Kilo round 4
2024-10-14 17:10:46.938555 Oscar: We should replace Sierra with X-ray
2024-10-14 17:10:46.955742 Papa: No
2024-10-14 17:10:46.955907 Victor: No
2024-10-14 17:10:46.956020 India: No
ChatterBot Oscar reevaluating
2024-10-14 17:10:47.001408 Foxtrot: We should replace Kilo with Mike
2024-10-14 17:10:47.005051 Zulu: No
2024-10-14 17:10:47.031083 Foxtrot: Mike we want you to join our group
ChatterBot Mike reevaluating
2024-10-14 17:10:47.035733 Mike: Yes
2024-10-14 17:10:47.053604 X-ray: Papa, sending you 8
2024-10-14 17:10:47.054687 Kilo: Zulu and Foxtrot, sending you 3
2024-10-14 17:10:47.055075 Sierra: Oscar and Victor, sending you 5
2024-10-14 17:10:47.055389 India: Papa and X-ray, sending you 2
2024-10-14 17:10:47.056229 Papa: Oscar, sending you 3
2024-10-14 17:10:47.056695 Zulu: Foxtrot and Kilo, sending you 4
2024-10-14 17:10:47.057042 Victor: Papa and Oscar, sending you 2
2024-10-14 17:10:47.057909 X-ray: Oscar, Victor and India, sending you 2
2024-10-14 17:10:47.139705 Sierra: India, sending you 4
2024-10-14 17:10:47.140353 Kilo: Mike, sending you 4
2024-10-14 17:10:47.141503 India: Oscar and Victor, sending you 3
2024-10-14 17:10:47.142920 Papa: Victor and India, sending you 2
2024-10-14 17:10:47.143760 Victor: India and X-ray, sending you 3
2024-10-14 17:10:47.145374 Zulu: Mike, sending you 3
2024-10-14 17:10:47.145981 Foxtrot: Sending you each 4
2024-10-14 17:10:47.147032 Oscar: Papa, India and Sierra, sending you 4
2024-10-14 17:10:47.147498 India: Sierra, sending you 4
2024-10-14 17:10:47.148581 Papa: X-ray, sending you 7
2024-10-14 17:10:47.150132 Victor: Sierra, sending you 4
2024-10-14 17:10:47.151664 Mike: Papa and X-ray, sending you 1
2024-10-14 17:10:47.152606 Oscar: Victor, sending you 2
2024-10-14 17:10:47.157604 Mike: Zulu, sending you 4
2024-10-14 17:10:47.164986 Mike: Foxtrot, sending you 2
2024-10-14 17:10:47.171310 Mike: Kilo, sending you 6
chatterbot Papa submitting transactions
chatterbot Zulu submitting transactions
chatterbot X-ray submitting transactions
chatterbot Victor submitting transactions
chatterbot India submitting transactions
chatterbot Foxtrot submitting transactions
chatterbot Kilo submitting transactions
chatterbot Sierra submitting transactions
chatterbot Mike submitting transactions
chatterbot Oscar submitting transactions
ChatterBot Papa round 5
ChatterBot Zulu round 5
ChatterBot Oscar round 5
ChatterBot Victor round 5
ChatterBot India round 5
ChatterBot X-ray round 5
ChatterBot Sierra round 5
2024-10-14 17:10:48.265957 Oscar: We should replace Sierra with X-ray
2024-10-14 17:10:48.276195 Papa: No
2024-10-14 17:10:48.276377 Victor: No
2024-10-14 17:10:48.276509 India: No
ChatterBot Foxtrot round 5
ChatterBot Mike round 5
ChatterBot Kilo round 5
2024-10-14 17:10:48.331880 Oscar: X-ray we want you to join our group
2024-10-14 17:10:48.336995 X-ray: Yes
2024-10-14 17:10:48.367941 Victor: Papa, Oscar and X-ray, sending you 2
2024-10-14 17:10:48.372699 Victor: India, sending you 3
2024-10-14 17:10:48.373784 India: Papa and X-ray, sending you 2
2024-10-14 17:10:48.376944 Victor: Sierra, sending you 4
2024-10-14 17:10:48.377737 India: Oscar and Victor, sending you 3
2024-10-14 17:10:48.378691 Kilo: Zulu and Mike, sending you 4
2024-10-14 17:10:48.379661 Sierra: Oscar and Victor, sending you 5
2024-10-14 17:10:48.380189 Oscar: Papa and India, sending you 4
2024-10-14 17:10:48.380681 India: Sierra, sending you 4
2024-10-14 17:10:48.381959 Kilo: Foxtrot, sending you 2
2024-10-14 17:10:48.382722 X-ray: Papa, sending you 8
2024-10-14 17:10:48.383678 Sierra: India, sending you 4
2024-10-14 17:10:48.384028 Oscar: Victor and X-ray, sending you 3
2024-10-14 17:10:48.384679 Zulu: Foxtrot and Kilo, sending you 4
2024-10-14 17:10:48.385664 Papa: Oscar, sending you 3
2024-10-14 17:10:48.386127 Foxtrot: Same as last round
2024-10-14 17:10:48.386728 X-ray: Oscar, sending you 1
2024-10-14 17:10:48.388933 Mike: Zulu, sending you 4
2024-10-14 17:10:48.389713 Zulu: Mike, sending you 3
2024-10-14 17:10:48.390712 Papa: Victor and India, sending you 2
2024-10-14 17:10:48.392712 X-ray: Victor, sending you 3
2024-10-14 17:10:48.393688 Mike: India, sending you 2
2024-10-14 17:10:48.395703 Papa: X-ray, sending you 7
2024-10-14 17:10:48.396764 X-ray: India, sending you 2
2024-10-14 17:10:48.397704 Mike: Foxtrot, sending you 3
2024-10-14 17:10:48.401733 Mike: Kilo, sending you 5
chatterbot Kilo submitting transactions
chatterbot Sierra submitting transactions
chatterbot Victor submitting transactions
chatterbot X-ray submitting transactions
chatterbot Oscar submitting transactions
chatterbot Zulu submitting transactions
chatterbot Mike submitting transactions
chatterbot Foxtrot submitting transactions
chatterbot Papa submitting transactions
chatterbot India submitting transactions
ChatterBot Papa round 6
ChatterBot Zulu round 6
ChatterBot Oscar round 6
ChatterBot Victor round 6
ChatterBot India round 6
ChatterBot X-ray round 6
ChatterBot Sierra round 6
ChatterBot Foxtrot round 6
ChatterBot Mike round 6
ChatterBot Kilo round 6
2024-10-14 17:10:49.614234 Mike: We should replace India with Sierra
2024-10-14 17:10:49.623694 Zulu: No
2024-10-14 17:10:49.623975 Foxtrot: No
2024-10-14 17:10:49.624636 Kilo: No
2024-10-14 17:10:49.668290 Mike: Sierra we want you to join our group
2024-10-14 17:10:49.674266 Sierra: No
ChatterBot Mike reevaluating
ChatterBot Foxtrot reevaluating
2024-10-14 17:10:49.696102 Foxtrot: We should replace Zulu with Kilo
ChatterBot Mike reevaluating
2024-10-14 17:10:49.704095 Mike: No
ChatterBot Foxtrot reevaluating
2024-10-14 17:10:49.714664 X-ray: Papa, sending you 7
2024-10-14 17:10:49.715932 India: Papa and X-ray, sending you 2
2024-10-14 17:10:49.716514 Papa: Oscar, sending you 3
2024-10-14 17:10:49.717423 Sierra: Oscar, sending you 4
2024-10-14 17:10:49.717916 Victor: Papa and Oscar, sending you 2
2024-10-14 17:10:49.718385 Oscar: Papa and India, sending you 4
2024-10-14 17:10:49.719224 Zulu: Foxtrot and Kilo, sending you 4
2024-10-14 17:10:49.719681 X-ray: Oscar, Victor and India, sending you 2
2024-10-14 17:10:49.720144 India: Oscar and Victor, sending you 3
2024-10-14 17:10:49.721669 Papa: Victor and India, sending you 2
2024-10-14 17:10:49.722840 Sierra: Victor, sending you 6
2024-10-14 17:10:49.723413 Zulu: Mike, sending you 3
2024-10-14 17:10:49.723870 Victor: India and X-ray, sending you 3
2024-10-14 17:10:49.724825 Oscar: Victor and X-ray, sending you 3
2024-10-14 17:10:49.725160 India: Sierra, sending you 4
2024-10-14 17:10:49.726116 X-ray: Sierra, sending you 1
2024-10-14 17:10:49.726598 Sierra: India, sending you 5
2024-10-14 17:10:49.727237 Papa: X-ray, sending you 7
2024-10-14 17:10:49.728296 Victor: Sierra, sending you 4
2024-10-14 17:10:49.730656 Kilo: Zulu and Mike, sending you 4
2024-10-14 17:10:49.731763 Mike: Zulu and Foxtrot, sending you 4
2024-10-14 17:10:49.734685 Kilo: Foxtrot, sending you 2
2024-10-14 17:10:49.735955 Mike: India, sending you 1
2024-10-14 17:10:49.738681 Mike: Kilo, sending you 5
2024-10-14 17:10:49.743135 Foxtrot: Zulu, sending you 5
2024-10-14 17:10:49.745677 Foxtrot: Mike, sending you 4
chatterbot Papa submitting transactions
chatterbot Victor submitting transactions
chatterbot India submitting transactions
chatterbot Zulu submitting transactions
chatterbot Kilo submitting transactions
chatterbot Oscar submitting transactions
chatterbot X-ray submitting transactions
chatterbot Mike submitting transactions
chatterbot Sierra submitting transactions
chatterbot Foxtrot submitting transactions
ChatterBot Papa round 7
ChatterBot Zulu round 7
ChatterBot Oscar round 7
ChatterBot Victor round 7
ChatterBot India round 7
ChatterBot X-ray round 7
ChatterBot Sierra round 7
ChatterBot Foxtrot round 7
ChatterBot Mike round 7
ChatterBot Kilo round 7
2024-10-14 17:10:50.860278 Mike: We should replace India with Sierra
2024-10-14 17:10:50.869670 Zulu: No
2024-10-14 17:10:50.869839 Foxtrot: No
2024-10-14 17:10:50.869969 Kilo: No
2024-10-14 17:10:50.896460 Mike: Sierra we want you to join our group
ChatterBot Sierra reevaluating
2024-10-14 17:10:50.899867 Sierra: No
2024-10-14 17:10:50.908854 Oscar: Papa and India, sending you 4
2024-10-14 17:10:50.909183 Zulu: Foxtrot and Kilo, sending you 4
2024-10-14 17:10:50.912692 Oscar: Victor and X-ray, sending you 3
2024-10-14 17:10:50.913136 Zulu: Mike, sending you 3
2024-10-14 17:10:50.913541 Victor: Papa, sending you 1
2024-10-14 17:10:50.914717 India: Papa, Oscar, Victor and Sierra, sending you 3
2024-10-14 17:10:50.915919 Sierra: We should drop Papa and X-ray
2024-10-14 17:10:50.933917 Oscar: No
2024-10-14 17:10:50.934131 Victor: No
2024-10-14 17:10:50.934310 India: No
ChatterBot Sierra reevaluating
ChatterBot Sierra reevaluating
ChatterBot Sierra reevaluating
2024-10-14 17:10:50.980916 India: X-ray, sending you 2
2024-10-14 17:10:50.982151 Victor: Oscar, India and X-ray, sending you 3
2024-10-14 17:10:50.982837 X-ray: Papa, sending you 7
2024-10-14 17:10:50.983509 Papa: Oscar, sending you 3
2024-10-14 17:10:50.984762 Mike: Zulu and Foxtrot, sending you 4
2024-10-14 17:10:50.985678 Victor: Sierra, sending you 4
2024-10-14 17:10:50.987696 X-ray: Oscar and India, sending you 2
2024-10-14 17:10:50.988466 Papa: Victor and India, sending you 2
2024-10-14 17:10:50.989234 Kilo: Zulu and Mike, sending you 4
2024-10-14 17:10:50.990347 Mike: Sierra, sending you 1
2024-10-14 17:10:50.990834 Foxtrot: Zulu, sending you 5
2024-10-14 17:10:50.991687 X-ray: Victor, sending you 3
2024-10-14 17:10:50.992797 Papa: X-ray, sending you 7
2024-10-14 17:10:50.993666 Foxtrot: Mike, sending you 4
2024-10-14 17:10:50.994994 Kilo: Foxtrot, sending you 2
2024-10-14 17:10:50.995670 Mike: Kilo, sending you 5
2024-10-14 17:10:51.005665 Sierra: Oscar, sending you 3
2024-10-14 17:10:51.010677 Sierra: Victor, sending you 6
2024-10-14 17:10:51.014702 Sierra: India, sending you 5
2024-10-14 17:10:51.020764 Sierra: X-ray, sending you 1
chatterbot India submitting transactions
chatterbot Victor submitting transactions
chatterbot X-ray submitting transactions
chatterbot Oscar submitting transactions
chatterbot Kilo submitting transactions
chatterbot Mike submitting transactions
chatterbot Sierra submitting transactions
chatterbot Zulu submitting transactions
chatterbot Papa submitting transactions
chatterbot Foxtrot submitting transactions
ChatterBot Papa round 8
ChatterBot Zulu round 8
ChatterBot Oscar round 8
ChatterBot Victor round 8
ChatterBot India round 8
ChatterBot X-ray round 8
ChatterBot Sierra round 8
ChatterBot Foxtrot round 8
ChatterBot Mike round 8
ChatterBot Kilo round 8
2024-10-14 17:10:52.031897 India: Papa, Oscar, Victor and Sierra, sending you 3
2024-10-14 17:10:52.035667 Zulu: Foxtrot and Kilo, sending you 4
2024-10-14 17:10:52.036146 India: X-ray, sending you 2
2024-10-14 17:10:52.037059 Papa: Oscar, sending you 3
2024-10-14 17:10:52.038687 Zulu: Mike, sending you 3
2024-10-14 17:10:52.040652 Sierra: Oscar, sending you 2
2024-10-14 17:10:52.041665 Papa: Victor and India, sending you 2
2024-10-14 17:10:52.042234 Foxtrot: Zulu, sending you 5
2024-10-14 17:10:52.043671 Oscar: Papa and India, sending you 4
2024-10-14 17:10:52.044050 Victor: Papa, sending you 1
2024-10-14 17:10:52.044572 X-ray: Papa, sending you 7
2024-10-14 17:10:52.045333 Mike: Zulu and Foxtrot, sending you 4
2024-10-14 17:10:52.045697 Sierra: Victor, sending you 7
2024-10-14 17:10:52.046269 Kilo: Zulu and Mike, sending you 4
2024-10-14 17:10:52.046652 Foxtrot: Mike, sending you 4
2024-10-14 17:10:52.046963 Papa: X-ray, sending you 7
2024-10-14 17:10:52.047666 X-ray: Oscar and India, sending you 2
2024-10-14 17:10:52.048654 Oscar: Victor and X-ray, sending you 3
2024-10-14 17:10:52.048995 Victor: Oscar, India, X-ray and Sierra, sending you 3
2024-10-14 17:10:52.049494 Mike: Sierra, sending you 1
2024-10-14 17:10:52.049805 Kilo: Foxtrot, sending you 1
2024-10-14 17:10:52.050669 Sierra: India, sending you 6
2024-10-14 17:10:52.051304 X-ray: Victor, sending you 3
2024-10-14 17:10:52.052687 Mike: Kilo, sending you 5
chatterbot Oscar submitting transactions
chatterbot Victor submitting transactions
chatterbot India submitting transactions
chatterbot X-ray submitting transactions
chatterbot Sierra submitting transactions
chatterbot Zulu submitting transactions
chatterbot Foxtrot submitting transactions
chatterbot Mike submitting transactions
chatterbot Papa submitting transactions
chatterbot Kilo submitting transactions
ChatterBot Papa round 9
ChatterBot Zulu round 9
ChatterBot Oscar round 9
ChatterBot Victor round 9
ChatterBot India round 9
ChatterBot X-ray round 9
ChatterBot Sierra round 9
ChatterBot Foxtrot round 9
ChatterBot Mike round 9
ChatterBot Kilo round 9
2024-10-14 17:10:53.327019 Foxtrot: We should replace Zulu with Kilo
2024-10-14 17:10:53.332429 Mike: No
ChatterBot Foxtrot reevaluating
2024-10-14 17:10:53.357930 India: Papa, Oscar, Victor and Sierra, sending you 3
2024-10-14 17:10:53.360445 X-ray: Papa, sending you 6
2024-10-14 17:10:53.362688 Zulu: Foxtrot and Kilo, sending you 4
2024-10-14 17:10:53.365675 Mike: Zulu and Foxtrot, sending you 4
2024-10-14 17:10:53.369575 India: X-ray, sending you 2
2024-10-14 17:10:53.373736 Papa: Oscar, sending you 3
2024-10-14 17:10:53.375558 Victor: Papa, sending you 1
2024-10-14 17:10:53.377403 X-ray: Oscar and India, sending you 2
2024-10-14 17:10:53.379357 Zulu: Mike, sending you 3
2024-10-14 17:10:53.380177 Mike: Sierra, sending you 1
2024-10-14 17:10:53.381475 Oscar: Papa and India, sending you 4
2024-10-14 17:10:53.382327 Sierra: Oscar, sending you 2
2024-10-14 17:10:53.384088 Papa: Victor and India, sending you 2
2024-10-14 17:10:53.385398 Victor: Oscar, India, X-ray and Sierra, sending you 3
2024-10-14 17:10:53.387093 Foxtrot: Zulu, sending you 5
2024-10-14 17:10:53.387821 Kilo: Zulu, sending you 5
2024-10-14 17:10:53.388786 X-ray: Victor, sending you 3
2024-10-14 17:10:53.390727 Mike: Kilo, sending you 5
2024-10-14 17:10:53.392223 Oscar: Victor and X-ray, sending you 3
2024-10-14 17:10:53.393038 Sierra: Victor, sending you 7
2024-10-14 17:10:53.395109 Papa: X-ray, sending you 7
2024-10-14 17:10:53.397395 Foxtrot: Mike, sending you 4
2024-10-14 17:10:53.398165 Kilo: Foxtrot, sending you 1
2024-10-14 17:10:53.399796 X-ray: Sierra, sending you 1
2024-10-14 17:10:53.402232 Sierra: India, sending you 6
2024-10-14 17:10:53.404683 Kilo: Mike, sending you 4
chatterbot Sierra submitting transactions
chatterbot Oscar submitting transactions
chatterbot X-ray submitting transactions
chatterbot Zulu submitting transactions
chatterbot Papa submitting transactions
chatterbot India submitting transactions
chatterbot Kilo submitting transactions
chatterbot Victor submitting transactions
chatterbot Foxtrot submitting transactions
chatterbot Mike submitting transactions
ChatterBot Papa round 10
ChatterBot Zulu round 10
ChatterBot Oscar round 10
ChatterBot Victor round 10
ChatterBot India round 10
ChatterBot X-ray round 10
ChatterBot Sierra round 10
ChatterBot Foxtrot round 10
ChatterBot Mike round 10
ChatterBot Kilo round 10
2024-10-14 17:10:54.466672 Zulu: Foxtrot and Kilo, sending you 4
2024-10-14 17:10:54.467537 Mike: Zulu and Foxtrot, sending you 4
2024-10-14 17:10:54.468684 India: Papa, Oscar, Victor and Sierra, sending you 3
2024-10-14 17:10:54.471659 Zulu: Mike, sending you 3
2024-10-14 17:10:54.472683 Mike: Sierra, sending you 1
2024-10-14 17:10:54.472997 Kilo: Zulu, sending you 5
2024-10-14 17:10:54.473344 India: X-ray, sending you 2
2024-10-14 17:10:54.473919 Papa: Oscar, sending you 4
2024-10-14 17:10:54.474675 Sierra: Oscar and X-ray, sending you 1
2024-10-14 17:10:54.476405 Kilo: Foxtrot, sending you 1
2024-10-14 17:10:54.477244 Foxtrot: Zulu, sending you 5
2024-10-14 17:10:54.477532 Mike: Kilo, sending you 5
2024-10-14 17:10:54.477914 Oscar: Papa and India, sending you 4
2024-10-14 17:10:54.478704 Papa: Victor, sending you 1
2024-10-14 17:10:54.480027 X-ray: Papa, sending you 6
2024-10-14 17:10:54.480931 Victor: Papa, sending you 1
2024-10-14 17:10:54.481940 Sierra: Victor, sending you 7
2024-10-14 17:10:54.482540 Kilo: Mike, sending you 4
2024-10-14 17:10:54.483441 Foxtrot: Mike, sending you 4
2024-10-14 17:10:54.483790 Oscar: Victor and X-ray, sending you 3
2024-10-14 17:10:54.484224 Papa: India, sending you 2
2024-10-14 17:10:54.485682 X-ray: Oscar and India, sending you 2
2024-10-14 17:10:54.486768 Sierra: India, sending you 6
2024-10-14 17:10:54.487403 Victor: Oscar, India, X-ray and Sierra, sending you 3
2024-10-14 17:10:54.489674 Papa: X-ray, sending you 7
2024-10-14 17:10:54.491670 X-ray: Victor, sending you 3
2024-10-14 17:10:54.494663 X-ray: Sierra, sending you 1
chatterbot Sierra submitting transactions
chatterbot India submitting transactions
chatterbot Mike submitting transactions
chatterbot Oscar submitting transactions
chatterbot X-ray submitting transactions
chatterbot Foxtrot submitting transactions
chatterbot Victor submitting transactions
chatterbot Papa submitting transactions
chatterbot Kilo submitting transactions
chatterbot Zulu submitting transactions
ChatterBot Papa round 11
ChatterBot Zulu round 11
ChatterBot Oscar round 11
ChatterBot Victor round 11
ChatterBot India round 11
ChatterBot X-ray round 11
ChatterBot Sierra round 11
ChatterBot Foxtrot round 11
ChatterBot Mike round 11
ChatterBot Kilo round 11
2024-10-14 17:10:55.756693 Papa: Oscar and India, sending you 3
2024-10-14 17:10:55.758236 Sierra: Oscar and X-ray, sending you 1
2024-10-14 17:10:55.759849 Oscar: Papa and India, sending you 4
2024-10-14 17:10:55.760436 Foxtrot: Zulu, sending you 6
2024-10-14 17:10:55.760874 Papa: Victor, sending you 1
2024-10-14 17:10:55.762449 Victor: Papa, sending you 1
2024-10-14 17:10:55.764010 Sierra: Victor, sending you 7
2024-10-14 17:10:55.765005 Oscar: Victor and X-ray, sending you 3
2024-10-14 17:10:55.765751 Kilo: Zulu, sending you 5
2024-10-14 17:10:55.766345 Foxtrot: Mike, sending you 4
2024-10-14 17:10:55.766636 Zulu: Foxtrot and Kilo, sending you 4
2024-10-14 17:10:55.767470 Papa: X-ray, sending you 7
2024-10-14 17:10:55.768127 X-ray: Papa, sending you 6
2024-10-14 17:10:55.768785 Victor: Oscar, India, X-ray and Sierra, sending you 3
2024-10-14 17:10:55.769805 Kilo: Foxtrot, sending you 1
2024-10-14 17:10:55.770293 Sierra: India, sending you 6
2024-10-14 17:10:55.771261 India: Papa, sending you 2
2024-10-14 17:10:55.772019 Zulu: Mike, sending you 3
2024-10-14 17:10:55.772756 Kilo: Mike, sending you 4
2024-10-14 17:10:55.773713 X-ray: Oscar and India, sending you 2
2024-10-14 17:10:55.775256 India: Oscar, Victor, X-ray and Sierra, sending you 3
2024-10-14 17:10:55.777684 X-ray: Victor, sending you 3
2024-10-14 17:10:55.779056 Mike: Zulu and Kilo, sending you 4
2024-10-14 17:10:55.781711 Mike: Sierra, sending you 1
2024-10-14 17:10:55.782676 X-ray: Sierra, sending you 1
2024-10-14 17:10:55.785686 Mike: Foxtrot, sending you 5
chatterbot Victor submitting transactions
chatterbot Mike submitting transactions
chatterbot Kilo submitting transactions
chatterbot Papa submitting transactions
chatterbot X-ray submitting transactions
chatterbot India submitting transactions
chatterbot Foxtrot submitting transactions
chatterbot Zulu submitting transactions
chatterbot Oscar submitting transactions
chatterbot Sierra submitting transactions
ChatterBot Papa round 12
ChatterBot Zulu round 12
ChatterBot Oscar round 12
ChatterBot Victor round 12
ChatterBot India round 12
ChatterBot X-ray round 12
ChatterBot Sierra round 12
ChatterBot Foxtrot round 12
ChatterBot Mike round 12
ChatterBot Kilo round 12
2024-10-14 17:10:57.044521 India: Papa, Oscar, Victor and Sierra, sending you 3
2024-10-14 17:10:57.046554 X-ray: Papa, sending you 6
2024-10-14 17:10:57.048072 Victor: Papa, sending you 1
2024-10-14 17:10:57.049295 Foxtrot: Zulu, sending you 6
2024-10-14 17:10:57.050540 Zulu: Foxtrot and Kilo, sending you 4
2024-10-14 17:10:57.051352 Papa: Oscar, sending you 4
2024-10-14 17:10:57.053423 Oscar: Papa, Victor and India, sending you 4
2024-10-14 17:10:57.055062 Sierra: Oscar and X-ray, sending you 1
2024-10-14 17:10:57.056770 Mike: Zulu and Kilo, sending you 4
2024-10-14 17:10:57.058169 India: X-ray, sending you 2
2024-10-14 17:10:57.059879 X-ray: Oscar and India, sending you 2
2024-10-14 17:10:57.061761 Victor: Oscar, India, X-ray and Sierra, sending you 3
2024-10-14 17:10:57.064300 Foxtrot: Mike, sending you 4
2024-10-14 17:10:57.065444 Zulu: Mike, sending you 3
2024-10-14 17:10:57.066680 Papa: Victor, sending you 1
2024-10-14 17:10:57.068737 Oscar: X-ray, sending you 2
2024-10-14 17:10:57.069227 Sierra: Victor, sending you 7
2024-10-14 17:10:57.070388 Mike: Sierra, sending you 1
2024-10-14 17:10:57.070818 X-ray: Victor, sending you 3
2024-10-14 17:10:57.072116 Kilo: Zulu, sending you 5
2024-10-14 17:10:57.079203 Papa: India, sending you 2
2024-10-14 17:10:57.080730 Mike: Foxtrot, sending you 5
2024-10-14 17:10:57.081207 Sierra: India, sending you 6
2024-10-14 17:10:57.083166 X-ray: Sierra, sending you 1
2024-10-14 17:10:57.084459 Kilo: Foxtrot, sending you 1
2024-10-14 17:10:57.089329 Papa: X-ray, sending you 7
2024-10-14 17:10:57.091622 Kilo: Mike, sending you 4
chatterbot Zulu submitting transactions
chatterbot Victor submitting transactions
chatterbot India submitting transactions
chatterbot X-ray submitting transactions
chatterbot Sierra submitting transactions
chatterbot Papa submitting transactions
chatterbot Foxtrot submitting transactions
chatterbot Oscar submitting transactions
chatterbot Kilo submitting transactions
chatterbot Mike submitting transactions
ChatterBot Papa round 13
ChatterBot Zulu round 13
ChatterBot Oscar round 13
ChatterBot Victor round 13
ChatterBot India round 13
ChatterBot X-ray round 13
ChatterBot Sierra round 13
ChatterBot Foxtrot round 13
ChatterBot Mike round 13
ChatterBot Kilo round 13
2024-10-14 17:10:58.301551 Victor: We should drop Sierra
ChatterBot Papa reevaluating
ChatterBot X-ray reevaluating
ChatterBot India reevaluating
2024-10-14 17:10:58.339693 Oscar: Yes
2024-10-14 17:10:58.341027 Papa: Yes
2024-10-14 17:10:58.341287 X-ray: Yes
2024-10-14 17:10:58.341460 India: Yes
ChatterBot Papa reevaluating
ChatterBot X-ray reevaluating
ChatterBot India reevaluating
ChatterBot X-ray reevaluating
ChatterBot India reevaluating
ChatterBot Papa reevaluating
ChatterBot India reevaluating
ChatterBot Papa reevaluating
ChatterBot X-ray reevaluating
2024-10-14 17:10:58.460696 Victor: Papa, sending you 2
2024-10-14 17:10:58.463506 Foxtrot: Zulu, sending you 6
2024-10-14 17:10:58.464526 Zulu: Foxtrot and Kilo, sending you 4
2024-10-14 17:10:58.466180 Oscar: Papa, Victor and India, sending you 4
2024-10-14 17:10:58.468232 Victor: Oscar, India and X-ray, sending you 4
2024-10-14 17:10:58.470563 Foxtrot: Mike, sending you 4
2024-10-14 17:10:58.472231 Zulu: Mike, sending you 3
2024-10-14 17:10:58.474088 Kilo: Zulu, sending you 5
2024-10-14 17:10:58.475962 Sierra: Oscar, sending you 1
2024-10-14 17:10:58.479919 Oscar: X-ray, sending you 2
2024-10-14 17:10:58.482268 Kilo: Foxtrot, sending you 1
2024-10-14 17:10:58.488348 Sierra: Victor and India, sending you 6
2024-10-14 17:10:58.502392 India: Papa and X-ray, sending you 3
2024-10-14 17:10:58.505294 Mike: Zulu and Kilo, sending you 4
2024-10-14 17:10:58.506961 X-ray: Papa, sending you 7
2024-10-14 17:10:58.508304 Papa: Oscar, sending you 4
2024-10-14 17:10:58.510744 Kilo: Mike, sending you 4
2024-10-14 17:10:58.512840 Sierra: X-ray, sending you 2
2024-10-14 17:10:58.516418 India: Oscar and Victor, sending you 4
2024-10-14 17:10:58.519542 Mike: Sierra, sending you 1
2024-10-14 17:10:58.521632 X-ray: Oscar and India, sending you 2
2024-10-14 17:10:58.524459 Papa: Victor, sending you 1
2024-10-14 17:10:58.527225 Mike: Foxtrot, sending you 5
2024-10-14 17:10:58.532912 X-ray: Victor, sending you 3
2024-10-14 17:10:58.534116 Papa: India, sending you 3
2024-10-14 17:10:58.539698 Papa: X-ray, sending you 6
chatterbot Kilo submitting transactions
chatterbot Oscar submitting transactions
chatterbot Victor submitting transactions
chatterbot Foxtrot submitting transactions
chatterbot Mike submitting transactions
chatterbot India submitting transactions
chatterbot Zulu submitting transactions
chatterbot Sierra submitting transactions
chatterbot Papa submitting transactions
chatterbot X-ray submitting transactions
ChatterBot Papa round 14
ChatterBot Zulu round 14
ChatterBot Oscar round 14
ChatterBot Victor round 14
ChatterBot India round 14
ChatterBot X-ray round 14
ChatterBot Sierra round 14
ChatterBot Foxtrot round 14
ChatterBot Mike round 14
ChatterBot Kilo round 14
2024-10-14 17:10:59.799211 Zulu: Foxtrot and Kilo, sending you 4
2024-10-14 17:10:59.800028 Victor: Papa, sending you 2
2024-10-14 17:10:59.801191 Foxtrot: Zulu, sending you 6
2024-10-14 17:10:59.801600 Sierra: Oscar, sending you 1
2024-10-14 17:10:59.803158 Papa: Oscar and India, sending you 3
2024-10-14 17:10:59.803867 X-ray: Papa, sending you 7
2024-10-14 17:10:59.805009 India: Papa and X-ray, sending you 3
2024-10-14 17:10:59.806423 Mike: Zulu and Kilo, sending you 4
2024-10-14 17:10:59.807523 Oscar: Papa, Victor and India, sending you 4
2024-10-14 17:10:59.808897 Zulu: Mike, sending you 3
2024-10-14 17:10:59.810434 Victor: Oscar, India and X-ray, sending you 4
2024-10-14 17:10:59.811488 Foxtrot: Mike, sending you 4
2024-10-14 17:10:59.812500 Sierra: Victor and India, sending you 6
2024-10-14 17:10:59.814672 Papa: Victor, sending you 2
2024-10-14 17:10:59.816755 X-ray: Oscar and India, sending you 2
2024-10-14 17:10:59.818598 Kilo: Zulu, sending you 5
2024-10-14 17:10:59.819198 India: Oscar and Victor, sending you 4
2024-10-14 17:10:59.820571 Mike: Sierra, sending you 1
2024-10-14 17:10:59.821151 Oscar: X-ray, sending you 2
2024-10-14 17:10:59.822143 Sierra: X-ray, sending you 2
2024-10-14 17:10:59.823198 X-ray: Victor, sending you 3
2024-10-14 17:10:59.824409 Papa: X-ray, sending you 6
2024-10-14 17:10:59.825632 Kilo: Foxtrot, sending you 1
2024-10-14 17:10:59.826189 Mike: Foxtrot, sending you 5
2024-10-14 17:11:00.083170 Kilo: Mike, sending you 4
chatterbot Mike submitting transactions
chatterbot Papa submitting transactions
chatterbot Zulu submitting transactions
chatterbot Sierra submitting transactions
chatterbot India submitting transactions
chatterbot Foxtrot submitting transactions
chatterbot Oscar submitting transactions
chatterbot Kilo submitting transactions
