ChatterBot Lima round 1
ChatterBot Juliett round 1
ChatterBot Yankee round 1
ChatterBot Papa round 1
ChatterBot X-ray round 1
ChatterBot Charlie round 1
randomSelections Yankee: {Yankee, Juliett, Delta, Papa, X-ray, Lima} 
2024-10-14 17:10:42.709828 Yankee: Let's form a team
ChatterBot Juliett reevaluating
ChatterBot Papa reevaluating
ChatterBot X-ray reevaluating
ChatterBot Lima reevaluating
2024-10-14 17:10:42.726208 Juliett: Yes
2024-10-14 17:10:42.726390 Papa: Yes
2024-10-14 17:10:42.727142 X-ray: Yes
2024-10-14 17:10:42.727337 Lima: Yes
ChatterBot Papa reevaluating
ChatterBot X-ray reevaluating
ChatterBot Lima reevaluating
ChatterBot Juliett reevaluating
ChatterBot X-ray reevaluating
ChatterBot Lima reevaluating
ChatterBot Juliett reevaluating
ChatterBot Papa reevaluating
ChatterBot Lima reevaluating
ChatterBot Juliett reevaluating
ChatterBot Papa reevaluating
ChatterBot X-ray reevaluating
ChatterBot Delta round 1
ChatterBot Delta reevaluating
ChatterBot Delta reevaluating
ChatterBot Delta reevaluating
ChatterBot Delta reevaluating
ChatterBot Delta reevaluating
2024-10-14 17:10:42.780582 Delta: Yes
ChatterBot Juliett reevaluating
ChatterBot Papa reevaluating
ChatterBot X-ray reevaluating
ChatterBot Lima reevaluating
ChatterBot Whiskey round 1
ChatterBot Sierra round 1
ChatterBot Oscar round 1
randomSelections Charlie: {Charlie, Whiskey, X-ray, Lima, Yankee, Juliett} 
2024-10-14 17:10:42.791153 Charlie: Friends?
ChatterBot Whiskey reevaluating
ChatterBot X-ray reevaluating
ChatterBot Lima reevaluating
ChatterBot Juliett reevaluating
2024-10-14 17:10:42.799024 Whiskey: Yes
2024-10-14 17:10:42.799141 X-ray: No
2024-10-14 17:10:42.799859 Lima: No
2024-10-14 17:10:42.799959 Yankee: No
2024-10-14 17:10:42.800129 Juliett: No
ChatterBot X-ray reevaluating
ChatterBot Lima reevaluating
ChatterBot Juliett reevaluating
ChatterBot Whiskey reevaluating
ChatterBot Lima reevaluating
ChatterBot Juliett reevaluating
ChatterBot Whiskey reevaluating
ChatterBot X-ray reevaluating
ChatterBot Juliett reevaluating
ChatterBot Whiskey reevaluating
ChatterBot X-ray reevaluating
ChatterBot Lima reevaluating
ChatterBot Juliett reevaluating
ChatterBot Whiskey reevaluating
ChatterBot X-ray reevaluating
ChatterBot Lima reevaluating
randomSelections Sierra: {Sierra, Delta, Papa, Oscar, Lima, Whiskey} 
2024-10-14 17:10:42.842330 Sierra: Friends?
ChatterBot Oscar reevaluating
ChatterBot Whiskey reevaluating
2024-10-14 17:10:42.848556 Delta: No
2024-10-14 17:10:42.848724 Papa: No
2024-10-14 17:10:42.848839 Oscar: Yes
2024-10-14 17:10:42.848917 Lima: No
2024-10-14 17:10:42.849012 Whiskey: No
ChatterBot Oscar reevaluating
ChatterBot Whiskey reevaluating
ChatterBot Oscar reevaluating
ChatterBot Whiskey reevaluating
ChatterBot Whiskey reevaluating
ChatterBot Oscar reevaluating
ChatterBot Whiskey reevaluating
ChatterBot Oscar reevaluating
2024-10-14 17:10:42.882728 Yankee: Lima and X-ray, sending you 1
2024-10-14 17:10:42.886700 Yankee: Juliett, sending you 3
2024-10-14 17:10:42.890663 Juliett: Lima and X-ray, sending you 1
2024-10-14 17:10:42.891694 Yankee: Papa, sending you 2
2024-10-14 17:10:42.893164 Delta: Lima and Papa, sending you 1
2024-10-14 17:10:42.893677 Charlie: Lima, Yankee and X-ray, sending you 3
2024-10-14 17:10:42.894702 Yankee: Delta, sending you 4
2024-10-14 17:10:42.895870 Juliett: Yankee, sending you 3
2024-10-14 17:10:42.896241 Delta: Juliett and Yankee, sending you 2
2024-10-14 17:10:42.897685 Charlie: Juliett, sending you 2
2024-10-14 17:10:42.898867 Papa: Lima and Delta, sending you 2
2024-10-14 17:10:42.899332 Sierra: Lima and Oscar, sending you 4
2024-10-14 17:10:42.899571 Whiskey: Lima and Charlie, sending you 1
2024-10-14 17:10:42.899834 Delta: X-ray, sending you 5
2024-10-14 17:10:42.901665 Papa: Juliett, sending you 5
2024-10-14 17:10:42.902002 Sierra: Papa, sending you 1
2024-10-14 17:10:42.903117 X-ray: Lima, Juliett and Papa, sending you 2
2024-10-14 17:10:42.903464 Lima: Juliett and Yankee, sending you 5
2024-10-14 17:10:42.903672 Whiskey: X-ray, sending you 2
2024-10-14 17:10:42.904679 Papa: Yankee, sending you 4
2024-10-14 17:10:42.906721 Sierra: Delta and Whiskey, sending you 3
2024-10-14 17:10:42.907087 Oscar: Lima and Whiskey, sending you 2
2024-10-14 17:10:42.907326 X-ray: Delta, sending you 5
2024-10-14 17:10:42.908678 Lima: X-ray, sending you 2
2024-10-14 17:10:42.911687 Oscar: Papa, sending you 4
2024-10-14 17:10:42.912042 Lima: Delta, sending you 3
2024-10-14 17:10:42.916656 Oscar: Sierra, sending you 3
chatterbot Juliett submitting transactions
chatterbot Charlie submitting transactions
chatterbot Yankee submitting transactions
chatterbot X-ray submitting transactions
chatterbot Delta submitting transactions
chatterbot Whiskey submitting transactions
chatterbot Sierra submitting transactions
chatterbot Oscar submitting transactions
chatterbot Papa submitting transactions
chatterbot Lima submitting transactions
ChatterBot Lima round 2
ChatterBot Juliett round 2
ChatterBot Yankee round 2
ChatterBot Papa round 2
ChatterBot X-ray round 2
ChatterBot Charlie round 2
ChatterBot Delta round 2
ChatterBot Whiskey round 2
ChatterBot Sierra round 2
ChatterBot Oscar round 2
2024-10-14 17:10:44.550285 Sierra: Friends?
ChatterBot Whiskey reevaluating
ChatterBot Oscar reevaluating
ChatterBot Charlie reevaluating
2024-10-14 17:10:44.567336 Whiskey: No
2024-10-14 17:10:44.567590 Oscar: No
2024-10-14 17:10:44.567743 Charlie: Yes
ChatterBot Oscar reevaluating
ChatterBot Charlie reevaluating
ChatterBot Whiskey reevaluating
ChatterBot Charlie reevaluating
ChatterBot Whiskey reevaluating
ChatterBot Oscar reevaluating
2024-10-14 17:10:44.610264 Oscar: Friends?
ChatterBot Whiskey reevaluating
ChatterBot Charlie reevaluating
2024-10-14 17:10:44.625065 Sierra: Yes
2024-10-14 17:10:44.625187 Whiskey: Yes
2024-10-14 17:10:44.625278 Charlie: Yes
ChatterBot Whiskey reevaluating
ChatterBot Oscar reevaluating
ChatterBot Charlie reevaluating
ChatterBot Oscar reevaluating
ChatterBot Charlie reevaluating
ChatterBot Whiskey reevaluating
ChatterBot Oscar reevaluating
2024-10-14 17:10:45.168067 Papa: Lima and Juliett, sending you 1
2024-10-14 17:10:45.168945 Oscar: Sierra, sending you 11
2024-10-14 17:10:45.169231 Lima: Juliett, Yankee and Delta, sending you 2
2024-10-14 17:10:45.169520 X-ray: Lima, sending you 3
2024-10-14 17:10:45.170159 Yankee: Lima and Papa, sending you 4
2024-10-14 17:10:45.170406 Delta: Lima, Juliett, Yankee and Papa, sending you 2
2024-10-14 17:10:45.170679 Juliett: Sending you each 1
2024-10-14 17:10:45.170923 Sierra: Charlie, sending you 3
2024-10-14 17:10:45.171859 Charlie: Whiskey, sending you 8
chatterbot Juliett submitting transactions
2024-10-14 17:10:45.172201 Papa: Yankee and X-ray, sending you 4
2024-10-14 17:10:45.172441 Lima: Papa, sending you 5
2024-10-14 17:10:45.173237 Yankee: Juliett, sending you 3
chatterbot Lima submitting transactions
2024-10-14 17:10:45.260740 X-ray: Juliett and Yankee, sending you 2
2024-10-14 17:10:45.261106 Delta: X-ray, sending you 3
2024-10-14 17:10:45.261416 Sierra: Whiskey, sending you 4
2024-10-14 17:10:45.262080 Whiskey: Charlie, sending you 1
2024-10-14 17:10:45.262284 Lima: X-ray, sending you 4
2024-10-14 17:10:45.262546 Charlie: Sierra, sending you 2
2024-10-14 17:10:45.262757 Papa: Delta, sending you 3
2024-10-14 17:10:45.263471 Yankee: Delta, sending you 2
chatterbot Delta submitting transactions
2024-10-14 17:10:45.301793 Sierra: Oscar, sending you 8
2024-10-14 17:10:45.302087 Whiskey: Sierra and Oscar, sending you 2
2024-10-14 17:10:45.302357 X-ray: Delta, sending you 5
2024-10-14 17:10:45.303245 Charlie: Oscar, sending you 1
chatterbot Yankee submitting transactions
chatterbot Charlie submitting transactions
chatterbot Oscar submitting transactions
chatterbot Whiskey submitting transactions
chatterbot Papa submitting transactions
chatterbot Sierra submitting transactions
chatterbot X-ray submitting transactions
ChatterBot Lima round 3
ChatterBot Juliett round 3
ChatterBot Yankee round 3
ChatterBot Papa round 3
ChatterBot X-ray round 3
ChatterBot Charlie round 3
ChatterBot Delta round 3
ChatterBot Whiskey round 3
ChatterBot Sierra round 3
ChatterBot Oscar round 3
2024-10-14 17:10:46.093278 Whiskey: We should add Lima
ChatterBot Sierra reevaluating
ChatterBot Oscar reevaluating
2024-10-14 17:10:46.113304 Sierra: No
2024-10-14 17:10:46.113508 Oscar: No
2024-10-14 17:10:46.113862 Charlie: No
ChatterBot Whiskey reevaluating
ChatterBot Oscar reevaluating
ChatterBot Sierra reevaluating
ChatterBot Whiskey reevaluating
ChatterBot Sierra reevaluating
ChatterBot Whiskey reevaluating
ChatterBot Oscar reevaluating
2024-10-14 17:10:46.213891 Papa: We should drop Juliett
ChatterBot X-ray reevaluating
2024-10-14 17:10:46.238216 Lima: No
2024-10-14 17:10:46.238435 Yankee: No
2024-10-14 17:10:46.238622 X-ray: Yes
2024-10-14 17:10:46.239226 Delta: No
ChatterBot Papa reevaluating
ChatterBot X-ray reevaluating
ChatterBot Papa reevaluating
ChatterBot X-ray reevaluating
ChatterBot Papa reevaluating
ChatterBot Papa reevaluating
ChatterBot X-ray reevaluating
2024-10-14 17:10:46.352308 Whiskey: We should add Delta
ChatterBot Sierra reevaluating
ChatterBot Oscar reevaluating
2024-10-14 17:10:46.373045 Sierra: No
2024-10-14 17:10:46.373257 Oscar: No
2024-10-14 17:10:46.373407 Charlie: No
ChatterBot Whiskey reevaluating
ChatterBot Oscar reevaluating
ChatterBot Sierra reevaluating
ChatterBot Whiskey reevaluating
ChatterBot Sierra reevaluating
ChatterBot Whiskey reevaluating
ChatterBot Oscar reevaluating
2024-10-14 17:10:46.500808 Yankee: Lima, sending you 3
2024-10-14 17:10:46.501450 Lima: Juliett and Papa, sending you 2
2024-10-14 17:10:46.555482 Yankee: Juliett and Delta, sending you 2
2024-10-14 17:10:46.555984 Lima: Yankee and X-ray, sending you 4
2024-10-14 17:10:46.556470 Delta: Lima, Juliett, Yankee and Papa, sending you 2
2024-10-14 17:10:46.557811 Charlie: Whiskey, sending you 4
2024-10-14 17:10:46.558128 Juliett: Same as last round
2024-10-14 17:10:46.620564 Yankee: Papa, sending you 4
2024-10-14 17:10:46.621141 Lima: Delta, sending you 3
2024-10-14 17:10:46.622262 Charlie: Sierra, sending you 6
2024-10-14 17:10:46.622702 X-ray: Lima and Delta, sending you 4
2024-10-14 17:10:46.623542 Delta: X-ray, sending you 3
2024-10-14 17:10:46.624053 Papa: Lima and Yankee, sending you 4
2024-10-14 17:10:46.624760 Sierra: Charlie and Whiskey, sending you 4
2024-10-14 17:10:46.625063 Oscar: Charlie, sending you 1
chatterbot Delta submitting transactions
2024-10-14 17:10:46.625581 Yankee: X-ray, sending you 1
2024-10-14 17:10:46.626761 X-ray: Yankee, sending you 1
2024-10-14 17:10:46.627125 Charlie: Oscar, sending you 1
2024-10-14 17:10:46.683682 Sierra: Oscar, sending you 7
2024-10-14 17:10:46.684661 Papa: X-ray, sending you 2
2024-10-14 17:10:46.687884 Oscar: Whiskey, sending you 2
2024-10-14 17:10:46.690207 X-ray: Papa, sending you 3
2024-10-14 17:10:46.714022 Papa: Delta, sending you 3
2024-10-14 17:10:46.714428 Oscar: Sierra, sending you 8
chatterbot Whiskey submitting transactions
chatterbot Oscar submitting transactions
chatterbot Lima submitting transactions
chatterbot Juliett submitting transactions
chatterbot Papa submitting transactions
chatterbot Charlie submitting transactions
chatterbot Sierra submitting transactions
chatterbot X-ray submitting transactions
chatterbot Yankee submitting transactions
ChatterBot Lima round 4
ChatterBot Juliett round 4
ChatterBot Yankee round 4
ChatterBot Papa round 4
ChatterBot X-ray round 4
ChatterBot Charlie round 4
ChatterBot Delta round 4
ChatterBot Whiskey round 4
ChatterBot Sierra round 4
ChatterBot Oscar round 4
2024-10-14 17:10:47.511431 Whiskey: We should add Papa
2024-10-14 17:10:47.524738 Sierra: No
2024-10-14 17:10:47.525027 Oscar: No
2024-10-14 17:10:47.525202 Charlie: No
ChatterBot Whiskey reevaluating
ChatterBot Whiskey reevaluating
ChatterBot Whiskey reevaluating
2024-10-14 17:10:47.570682 Sierra: We should add Juliett
ChatterBot Whiskey reevaluating
2024-10-14 17:10:47.585255 Whiskey: Yes
2024-10-14 17:10:47.585472 Oscar: No
2024-10-14 17:10:47.585646 Charlie: No
ChatterBot Whiskey reevaluating
ChatterBot Sierra reevaluating
ChatterBot Whiskey reevaluating
2024-10-14 17:10:47.656213 Whiskey: We should add Yankee
ChatterBot Sierra reevaluating
2024-10-14 17:10:47.707685 Sierra: No
2024-10-14 17:10:47.708059 Oscar: No
2024-10-14 17:10:47.709334 Charlie: No
ChatterBot Whiskey reevaluating
ChatterBot Sierra reevaluating
ChatterBot Whiskey reevaluating
ChatterBot Sierra reevaluating
ChatterBot Whiskey reevaluating
2024-10-14 17:10:47.738158 X-ray: Lima and Delta, sending you 4
2024-10-14 17:10:47.740669 Lima: Juliett, sending you 1
2024-10-14 17:10:47.741674 Papa: Lima, X-ray and Delta, sending you 3
2024-10-14 17:10:47.743149 Delta: Lima, Juliett, Yankee and Papa, sending you 2
2024-10-14 17:10:47.744087 Juliett: Same as last round
2024-10-14 17:10:47.745415 X-ray: Yankee, sending you 1
2024-10-14 17:10:47.745937 Charlie: Whiskey, sending you 4
2024-10-14 17:10:47.746606 Yankee: Lima and Papa, sending you 4
2024-10-14 17:10:47.748046 Lima: Yankee and X-ray, sending you 4
2024-10-14 17:10:47.748866 Papa: Yankee, sending you 4
2024-10-14 17:10:47.749879 Delta: X-ray, sending you 3
2024-10-14 17:10:47.750600 X-ray: Papa, sending you 3
2024-10-14 17:10:47.751108 Charlie: Sierra, sending you 5
2024-10-14 17:10:47.752136 Yankee: Juliett and Delta, sending you 2
2024-10-14 17:10:47.752936 Lima: Papa and Delta, sending you 3
2024-10-14 17:10:47.753932 Charlie: Oscar, sending you 2
2024-10-14 17:10:47.755508 Oscar: Charlie, sending you 1
2024-10-14 17:10:47.757678 Yankee: X-ray, sending you 1
2024-10-14 17:10:47.758688 Sierra: Charlie, sending you 5
2024-10-14 17:10:47.759994 Oscar: Whiskey, sending you 2
2024-10-14 17:10:47.763882 Sierra: Whiskey, sending you 4
2024-10-14 17:10:47.764670 Oscar: Sierra, sending you 8
2024-10-14 17:10:47.767954 Sierra: Oscar, sending you 6
chatterbot Charlie submitting transactions
chatterbot Oscar submitting transactions
chatterbot Lima submitting transactions
chatterbot Whiskey submitting transactions
chatterbot Yankee submitting transactions
chatterbot Juliett submitting transactions
chatterbot Papa submitting transactions
chatterbot Delta submitting transactions
chatterbot X-ray submitting transactions
chatterbot Sierra submitting transactions
ChatterBot Lima round 5
ChatterBot Juliett round 5
ChatterBot Yankee round 5
ChatterBot Papa round 5
ChatterBot X-ray round 5
ChatterBot Charlie round 5
ChatterBot Delta round 5
ChatterBot Whiskey round 5
ChatterBot Sierra round 5
ChatterBot Oscar round 5
2024-10-14 17:10:48.783073 Whiskey: We should add X-ray
2024-10-14 17:10:48.792604 Sierra: Yes
2024-10-14 17:10:48.792775 Oscar: Yes
2024-10-14 17:10:48.792945 Charlie: Yes
ChatterBot Whiskey reevaluating
ChatterBot Whiskey reevaluating
ChatterBot Sierra reevaluating
ChatterBot Whiskey reevaluating
2024-10-14 17:10:48.820217 Sierra: We should add Juliett
ChatterBot Whiskey reevaluating
2024-10-14 17:10:48.828607 Whiskey: No
2024-10-14 17:10:48.828746 Oscar: No
2024-10-14 17:10:48.828921 Charlie: No
ChatterBot Sierra reevaluating
ChatterBot Sierra reevaluating
ChatterBot Whiskey reevaluating
ChatterBot Sierra reevaluating
ChatterBot Whiskey reevaluating
2024-10-14 17:10:48.862926 Lima: Juliett, sending you 1
2024-10-14 17:10:48.867668 Lima: Yankee and X-ray, sending you 4
2024-10-14 17:10:48.868784 Whiskey: X-ray we want you to join our group
2024-10-14 17:10:48.872259 X-ray: No
ChatterBot Whiskey reevaluating
ChatterBot Sierra reevaluating
2024-10-14 17:10:48.885868 X-ray: Lima and Delta, sending you 4
2024-10-14 17:10:48.886226 Lima: Papa and Delta, sending you 3
2024-10-14 17:10:48.889019 Yankee: Lima and Papa, sending you 4
2024-10-14 17:10:48.889679 Juliett: Same as last round
2024-10-14 17:10:48.890258 X-ray: Yankee, sending you 1
2024-10-14 17:10:48.890588 Charlie: Whiskey, sending you 4
2024-10-14 17:10:48.891057 Delta: Lima, Juliett, Yankee and Papa, sending you 2
2024-10-14 17:10:48.891712 Papa: Lima, X-ray and Delta, sending you 3
2024-10-14 17:10:48.892952 X-ray: Papa, sending you 3
2024-10-14 17:10:48.894672 Yankee: Juliett and Delta, sending you 2
2024-10-14 17:10:48.895106 Charlie: Sierra, sending you 5
2024-10-14 17:10:48.895670 Delta: X-ray, sending you 3
2024-10-14 17:10:48.896659 Papa: Yankee, sending you 4
2024-10-14 17:10:48.897689 Oscar: Charlie, sending you 1
2024-10-14 17:10:48.898172 Yankee: X-ray, sending you 1
2024-10-14 17:10:48.898643 Charlie: Oscar, sending you 2
2024-10-14 17:10:48.900670 Oscar: Whiskey, sending you 2
2024-10-14 17:10:48.903667 Sierra: Charlie, sending you 5
2024-10-14 17:10:48.904022 Oscar: Sierra, sending you 8
2024-10-14 17:10:48.907675 Sierra: Whiskey, sending you 4
2024-10-14 17:10:48.912667 Sierra: Oscar, sending you 6
2024-10-14 17:10:48.913689 Whiskey: Charlie and Sierra, sending you 2
2024-10-14 17:10:48.916674 Whiskey: Oscar, sending you 1
chatterbot X-ray submitting transactions
chatterbot Lima submitting transactions
chatterbot Yankee submitting transactions
chatterbot Papa submitting transactions
chatterbot Sierra submitting transactions
chatterbot Juliett submitting transactions
chatterbot Charlie submitting transactions
chatterbot Whiskey submitting transactions
chatterbot Delta submitting transactions
chatterbot Oscar submitting transactions
ChatterBot Lima round 6
ChatterBot Juliett round 6
ChatterBot Yankee round 6
ChatterBot Papa round 6
ChatterBot X-ray round 6
ChatterBot Charlie round 6
ChatterBot Delta round 6
ChatterBot Whiskey round 6
ChatterBot Sierra round 6
ChatterBot Oscar round 6
2024-10-14 17:10:50.168704 Papa: Lima, X-ray and Delta, sending you 3
2024-10-14 17:10:50.169711 Juliett: Same as last round
2024-10-14 17:10:50.172678 Papa: Yankee, sending you 4
2024-10-14 17:10:50.173649 Lima: Juliett, sending you 1
2024-10-14 17:10:50.177922 Lima: Yankee and X-ray, sending you 4
2024-10-14 17:10:50.180668 Lima: Papa and Delta, sending you 3
2024-10-14 17:10:50.184713 Charlie: Whiskey, sending you 3
2024-10-14 17:10:50.185647 Yankee: Lima and Papa, sending you 4
2024-10-14 17:10:50.186164 Whiskey: Charlie and Sierra, sending you 2
2024-10-14 17:10:50.187090 X-ray: Lima and Delta, sending you 1
2024-10-14 17:10:50.187454 Sierra: Charlie, sending you 5
2024-10-14 17:10:50.187857 Delta: Lima, Juliett, Yankee and Papa, sending you 2
2024-10-14 17:10:50.188517 Oscar: Charlie and Whiskey, sending you 2
2024-10-14 17:10:50.189456 Yankee: Juliett and Delta, sending you 2
2024-10-14 17:10:50.190058 Whiskey: Oscar, sending you 1
2024-10-14 17:10:50.190452 Charlie: Sierra, sending you 6
2024-10-14 17:10:50.191007 Sierra: Whiskey, sending you 4
2024-10-14 17:10:50.191931 Delta: X-ray, sending you 3
2024-10-14 17:10:50.192638 Oscar: Sierra, sending you 7
2024-10-14 17:10:50.194707 Yankee: X-ray, sending you 1
2024-10-14 17:10:50.195258 Charlie: Oscar, sending you 2
2024-10-14 17:10:50.195592 Sierra: Oscar, sending you 6
chatterbot Lima submitting transactions
chatterbot X-ray submitting transactions
chatterbot Yankee submitting transactions
chatterbot Delta submitting transactions
chatterbot Whiskey submitting transactions
chatterbot Juliett submitting transactions
chatterbot Sierra submitting transactions
chatterbot Oscar submitting transactions
chatterbot Papa submitting transactions
chatterbot Charlie submitting transactions
ChatterBot Lima round 7
ChatterBot Juliett round 7
ChatterBot Yankee round 7
ChatterBot Papa round 7
ChatterBot X-ray round 7
ChatterBot Charlie round 7
ChatterBot Delta round 7
ChatterBot Whiskey round 7
ChatterBot Sierra round 7
ChatterBot Oscar round 7
2024-10-14 17:10:51.177381 Juliett: We should drop X-ray
2024-10-14 17:10:51.196023 Lima: Yes
2024-10-14 17:10:51.196205 Yankee: Yes
2024-10-14 17:10:51.196393 Papa: Yes
2024-10-14 17:10:51.196578 Delta: Yes
ChatterBot Papa reevaluating
ChatterBot Papa reevaluating
ChatterBot Delta reevaluating
ChatterBot Yankee reevaluating
ChatterBot Delta reevaluating
ChatterBot Yankee reevaluating
ChatterBot Papa reevaluating
2024-10-14 17:10:51.285804 Whiskey: We should replace X-ray with Juliett
ChatterBot Sierra reevaluating
2024-10-14 17:10:51.300180 Sierra: Yes
2024-10-14 17:10:51.300401 Oscar: No
2024-10-14 17:10:51.300557 Charlie: No
ChatterBot Whiskey reevaluating
ChatterBot Sierra reevaluating
ChatterBot Whiskey reevaluating
ChatterBot Sierra reevaluating
ChatterBot Whiskey reevaluating
2024-10-14 17:10:51.426265 Sierra: We should add Juliett
ChatterBot Whiskey reevaluating
ChatterBot Charlie reevaluating
2024-10-14 17:10:51.443063 Whiskey: No
2024-10-14 17:10:51.443363 Oscar: No
2024-10-14 17:10:51.443579 Charlie: Yes
ChatterBot Sierra reevaluating
ChatterBot Charlie reevaluating
ChatterBot Sierra reevaluating
ChatterBot Whiskey reevaluating
ChatterBot Charlie reevaluating
ChatterBot Sierra reevaluating
ChatterBot Whiskey reevaluating
2024-10-14 17:10:51.489470 Papa: We should replace X-ray with Juliett
ChatterBot Yankee reevaluating
ChatterBot Delta reevaluating
2024-10-14 17:10:51.506493 Lima: No
2024-10-14 17:10:51.510330 Yankee: Yes
2024-10-14 17:10:51.510932 Delta: Yes
ChatterBot Papa reevaluating
ChatterBot Yankee reevaluating
ChatterBot Delta reevaluating
ChatterBot Papa reevaluating
ChatterBot Lima reevaluating
ChatterBot Delta reevaluating
ChatterBot Papa reevaluating
ChatterBot Lima reevaluating
ChatterBot Yankee reevaluating
2024-10-14 17:10:51.547678 X-ray: Lima and Delta, sending you 4
2024-10-14 17:10:51.548910 Juliett: Lima, sending you 1
2024-10-14 17:10:51.550422 Whiskey: Juliett we want you to join our group
2024-10-14 17:10:51.554224 Juliett: No
ChatterBot Whiskey reevaluating
ChatterBot Sierra reevaluating
2024-10-14 17:10:51.567894 X-ray: Yankee, sending you 1
2024-10-14 17:10:51.568509 Papa: Juliett we want you to join our group
2024-10-14 17:10:51.573018 Juliett: Yes
ChatterBot Lima reevaluating
2024-10-14 17:10:51.586608 Juliett: Yankee and Delta, sending you 2
2024-10-14 17:10:51.587204 X-ray: Papa, sending you 3
2024-10-14 17:10:51.587757 Sierra: Juliett we want you to join our group
2024-10-14 17:10:51.591205 Juliett: No
ChatterBot Whiskey reevaluating
ChatterBot Sierra reevaluating
2024-10-14 17:10:51.603416 Charlie: Whiskey, sending you 3
2024-10-14 17:10:51.604395 Oscar: Charlie and Whiskey, sending you 2
2024-10-14 17:10:51.607696 Oscar: Sierra, sending you 7
2024-10-14 17:10:51.608224 Yankee: Lima and Papa, sending you 4
2024-10-14 17:10:51.608711 Delta: Lima, Yankee and Papa, sending you 3
2024-10-14 17:10:51.609522 Charlie: Sierra, sending you 6
2024-10-14 17:10:51.611660 Yankee: Juliett, sending you 2
2024-10-14 17:10:51.612705 Delta: Juliett, sending you 2
2024-10-14 17:10:51.614962 Charlie: Oscar, sending you 2
2024-10-14 17:10:51.615527 Yankee: Delta, sending you 3
2024-10-14 17:10:51.623667 Papa: Lima and Yankee, sending you 4
2024-10-14 17:10:51.626692 Papa: Juliett, sending you 2
2024-10-14 17:10:51.629694 Papa: Delta, sending you 3
2024-10-14 17:10:51.631682 Whiskey: Charlie and Sierra, sending you 2
2024-10-14 17:10:51.635665 Whiskey: Oscar, sending you 1
chatterbot X-ray submitting transactions
chatterbot Charlie submitting transactions
chatterbot Papa submitting transactions
chatterbot Oscar submitting transactions
chatterbot Juliett submitting transactions
chatterbot Yankee submitting transactions
chatterbot Lima submitting transactions
chatterbot Delta submitting transactions
chatterbot Sierra submitting transactions
chatterbot Whiskey submitting transactions
ChatterBot Lima round 8
ChatterBot Juliett round 8
ChatterBot Yankee round 8
ChatterBot Papa round 8
ChatterBot X-ray round 8
ChatterBot Charlie round 8
ChatterBot Delta round 8
ChatterBot Whiskey round 8
ChatterBot Sierra round 8
ChatterBot Oscar round 8
2024-10-14 17:10:52.851814 Lima: We should drop X-ray
2024-10-14 17:10:52.868583 Juliett: Yes
2024-10-14 17:10:52.868797 Yankee: Yes
2024-10-14 17:10:52.868948 Papa: Yes
2024-10-14 17:10:52.869083 Delta: Yes
ChatterBot Lima reevaluating
ChatterBot Lima reevaluating
ChatterBot Lima reevaluating
ChatterBot Lima reevaluating
2024-10-14 17:10:52.946708 Juliett: Lima, Yankee and Papa, sending you 1
2024-10-14 17:10:52.948541 Papa: Lima and Yankee, sending you 4
2024-10-14 17:10:52.949353 X-ray: Lima and Delta, sending you 1
2024-10-14 17:10:52.952990 Juliett: Delta, sending you 2
2024-10-14 17:10:52.953797 Papa: Juliett, sending you 2
2024-10-14 17:10:52.954290 Yankee: Lima and Papa, sending you 4
2024-10-14 17:10:52.955725 Sierra: Juliett, sending you 2
2024-10-14 17:10:52.956745 Papa: Delta, sending you 3
2024-10-14 17:10:52.959702 Yankee: Juliett, sending you 2
2024-10-14 17:10:52.961311 Sierra: Charlie and Whiskey, sending you 3
2024-10-14 17:10:52.962384 Charlie: Whiskey and Sierra, sending you 4
2024-10-14 17:10:52.963720 Whiskey: Charlie and Sierra, sending you 2
2024-10-14 17:10:52.964727 Delta: Lima, Yankee and Papa, sending you 3
2024-10-14 17:10:52.966163 Yankee: Delta, sending you 3
2024-10-14 17:10:52.966781 Sierra: Oscar, sending you 4
2024-10-14 17:10:52.968036 Whiskey: Oscar, sending you 1
2024-10-14 17:10:52.968471 Oscar: Charlie and Whiskey, sending you 2
2024-10-14 17:10:52.969243 Charlie: Oscar, sending you 3
2024-10-14 17:10:52.970568 Delta: Juliett, sending you 2
2024-10-14 17:10:52.974717 Oscar: Sierra, sending you 7
chatterbot Papa submitting transactions
chatterbot Charlie submitting transactions
chatterbot Whiskey submitting transactions
chatterbot Oscar submitting transactions
chatterbot Lima submitting transactions
chatterbot Delta submitting transactions
chatterbot Juliett submitting transactions
chatterbot Yankee submitting transactions
chatterbot Sierra submitting transactions
chatterbot X-ray submitting transactions
ChatterBot Lima round 9
ChatterBot Juliett round 9
ChatterBot Yankee round 9
ChatterBot Papa round 9
ChatterBot X-ray round 9
ChatterBot Charlie round 9
ChatterBot Delta round 9
ChatterBot Whiskey round 9
ChatterBot Sierra round 9
ChatterBot Oscar round 9
2024-10-14 17:10:54.001241 Lima: We should drop X-ray
2024-10-14 17:10:54.012721 Juliett: Yes
2024-10-14 17:10:54.012892 Yankee: Yes
2024-10-14 17:10:54.013018 Papa: Yes
2024-10-14 17:10:54.013140 Delta: Yes
ChatterBot Lima reevaluating
ChatterBot Lima reevaluating
ChatterBot Lima reevaluating
ChatterBot Lima reevaluating
2024-10-14 17:10:54.070567 Whiskey: We should replace Juliett with X-ray
2024-10-14 17:10:54.077931 Sierra: No
2024-10-14 17:10:54.078581 Oscar: No
2024-10-14 17:10:54.078713 Charlie: No
ChatterBot Whiskey reevaluating
ChatterBot Whiskey reevaluating
ChatterBot Whiskey reevaluating
2024-10-14 17:10:54.108665 Yankee: Lima and Papa, sending you 4
2024-10-14 17:10:54.109474 Juliett: Lima, Yankee and Papa, sending you 1
2024-10-14 17:10:54.111896 Whiskey: X-ray we want you to join our group
2024-10-14 17:10:54.115570 X-ray: No
ChatterBot Whiskey reevaluating
2024-10-14 17:10:54.127638 Yankee: Juliett, sending you 2
2024-10-14 17:10:54.128085 Delta: Lima, Yankee and Papa, sending you 3
2024-10-14 17:10:54.128396 Juliett: Delta, sending you 2
2024-10-14 17:10:54.129150 Oscar: I was attacked by X-ray
ChatterBot Whiskey reevaluating
2024-10-14 17:10:54.136483 Oscar: I'm keeping this round to protect myself
2024-10-14 17:10:54.137206 Oscar: Ow
2024-10-14 17:10:54.137556 Charlie: Whiskey, sending you 4
2024-10-14 17:10:54.138100 Delta: Juliett, sending you 2
2024-10-14 17:10:54.138682 X-ray: Lima and Delta, sending you 1
2024-10-14 17:10:54.139532 Yankee: Delta, sending you 3
2024-10-14 17:10:54.139981 Papa: Lima and Yankee, sending you 4
2024-10-14 17:10:54.140435 Sierra: Juliett and Whiskey, sending you 3
2024-10-14 17:10:54.142666 Charlie: Sierra, sending you 5
2024-10-14 17:10:54.143301 Papa: Juliett, sending you 2
2024-10-14 17:10:54.145085 Sierra: Charlie, sending you 4
2024-10-14 17:10:54.146650 Charlie: Oscar, sending you 2
2024-10-14 17:10:54.148668 Papa: Delta, sending you 3
2024-10-14 17:10:54.149654 Sierra: Oscar, sending you 5
2024-10-14 17:10:54.160697 Whiskey: Charlie and Sierra, sending you 2
2024-10-14 17:10:54.163659 Whiskey: Oscar, sending you 1
chatterbot Charlie submitting transactions
chatterbot Sierra submitting transactions
chatterbot Whiskey submitting transactions
chatterbot Papa submitting transactions
chatterbot X-ray submitting transactions
chatterbot Yankee submitting transactions
chatterbot Oscar submitting transactions
chatterbot Juliett submitting transactions
chatterbot Lima submitting transactions
chatterbot Delta submitting transactions
ChatterBot Lima round 10
ChatterBot Juliett round 10
ChatterBot Yankee round 10
ChatterBot Papa round 10
ChatterBot X-ray round 10
ChatterBot Charlie round 10
ChatterBot Delta round 10
ChatterBot Whiskey round 10
ChatterBot Sierra round 10
ChatterBot Oscar round 10
2024-10-14 17:10:55.312143 Whiskey: We should replace Juliett with X-ray
2024-10-14 17:10:55.320387 Sierra: No
2024-10-14 17:10:55.320551 Oscar: No
2024-10-14 17:10:55.320693 Charlie: No
2024-10-14 17:10:55.346455 Lima: We should drop X-ray
2024-10-14 17:10:55.360186 Juliett: Yes
2024-10-14 17:10:55.360362 Yankee: Yes
2024-10-14 17:10:55.360483 Papa: Yes
2024-10-14 17:10:55.360597 Delta: Yes
ChatterBot Lima reevaluating
ChatterBot Lima reevaluating
ChatterBot Lima reevaluating
ChatterBot Lima reevaluating
2024-10-14 17:10:55.499583 Whiskey: X-ray we want you to join our group
2024-10-14 17:10:55.506382 X-ray: No
ChatterBot Whiskey reevaluating
2024-10-14 17:10:55.524694 Juliett: Lima, Yankee and Papa, sending you 1
2024-10-14 17:10:55.528722 Juliett: Delta, sending you 2
2024-10-14 17:10:55.533675 Charlie: Whiskey, sending you 4
2024-10-14 17:10:55.537918 Charlie: Sierra, sending you 5
2024-10-14 17:10:55.538818 X-ray: Lima and Delta, sending you 1
2024-10-14 17:10:55.540654 Sierra: Juliett, sending you 3
2024-10-14 17:10:55.541461 Yankee: Lima and Papa, sending you 4
2024-10-14 17:10:55.542751 Charlie: Oscar, sending you 2
2024-10-14 17:10:55.543454 Charlie: I was attacked by X-ray
ChatterBot Whiskey reevaluating
2024-10-14 17:10:55.560101 Charlie: Ow
2024-10-14 17:10:55.561493 Papa: Lima and Yankee, sending you 4
2024-10-14 17:10:55.562879 Sierra: Charlie, Whiskey and Oscar, sending you 4
2024-10-14 17:10:55.563969 Yankee: Juliett, sending you 2
2024-10-14 17:10:55.565646 Delta: Lima, Yankee and Papa, sending you 3
2024-10-14 17:10:55.567517 Papa: Juliett, sending you 2
2024-10-14 17:10:55.568685 Yankee: Delta, sending you 3
2024-10-14 17:10:55.570348 Delta: Juliett, sending you 2
2024-10-14 17:10:55.572668 Papa: Delta, sending you 3
2024-10-14 17:10:55.593676 Whiskey: Charlie and Sierra, sending you 2
2024-10-14 17:10:55.603713 Whiskey: Oscar, sending you 1
chatterbot Juliett submitting transactions
chatterbot Yankee submitting transactions
chatterbot Charlie submitting transactions
chatterbot Papa submitting transactions
chatterbot Delta submitting transactions
chatterbot Lima submitting transactions
chatterbot X-ray submitting transactions
chatterbot Whiskey submitting transactions
chatterbot Oscar submitting transactions
chatterbot Sierra submitting transactions
ChatterBot Lima round 11
ChatterBot Juliett round 11
ChatterBot Yankee round 11
ChatterBot Papa round 11
ChatterBot X-ray round 11
ChatterBot Charlie round 11
ChatterBot Delta round 11
ChatterBot Whiskey round 11
ChatterBot Sierra round 11
ChatterBot Oscar round 11
2024-10-14 17:10:56.503423 Whiskey: We should replace X-ray with Juliett
ChatterBot Oscar reevaluating
ChatterBot Charlie reevaluating
2024-10-14 17:10:56.560469 Sierra: Yes
2024-10-14 17:10:56.560764 Oscar: Yes
2024-10-14 17:10:56.560944 Charlie: Yes
ChatterBot Oscar reevaluating
ChatterBot Charlie reevaluating
ChatterBot Charlie reevaluating
ChatterBot Oscar reevaluating
2024-10-14 17:10:56.619562 Lima: We should drop X-ray
2024-10-14 17:10:56.630423 Juliett: Yes
2024-10-14 17:10:56.630685 Yankee: Yes
2024-10-14 17:10:56.631180 Papa: Yes
2024-10-14 17:10:56.631413 Delta: Yes
ChatterBot Lima reevaluating
ChatterBot Lima reevaluating
ChatterBot Lima reevaluating
ChatterBot Lima reevaluating
2024-10-14 17:10:56.671985 Whiskey: Juliett we want you to join our group
2024-10-14 17:10:56.675977 Juliett: No
ChatterBot Charlie reevaluating
ChatterBot Oscar reevaluating
2024-10-14 17:10:56.686965 Charlie: We should add Juliett
ChatterBot Oscar reevaluating
2024-10-14 17:10:56.694659 Sierra: Yes
2024-10-14 17:10:56.694871 Whiskey: Yes
2024-10-14 17:10:56.695110 Oscar: Yes
ChatterBot Oscar reevaluating
ChatterBot Charlie reevaluating
ChatterBot Oscar reevaluating
ChatterBot Charlie reevaluating
ChatterBot Charlie reevaluating
2024-10-14 17:10:56.718723 Juliett: Lima, Yankee and Papa, sending you 1
2024-10-14 17:10:56.719794 Sierra: I was attacked by X-ray
ChatterBot Oscar reevaluating
2024-10-14 17:10:56.729176 Sierra: I'm keeping this round to protect myself
2024-10-14 17:10:56.729632 Sierra: Ow
2024-10-14 17:10:56.730669 Yankee: Lima and Papa, sending you 4
2024-10-14 17:10:56.731451 Delta: Lima, Yankee and Papa, sending you 3
2024-10-14 17:10:56.731924 Juliett: Delta, sending you 2
2024-10-14 17:10:56.733652 Papa: Lima and Yankee, sending you 4
2024-10-14 17:10:56.734661 X-ray: Lima and Delta, sending you 1
2024-10-14 17:10:56.735667 Yankee: Juliett, sending you 2
2024-10-14 17:10:56.736820 Delta: Juliett, sending you 2
2024-10-14 17:10:56.737237 Papa: Juliett, sending you 2
2024-10-14 17:10:56.737663 Oscar: Juliett we want you to join our group
2024-10-14 17:10:56.740247 Juliett: No
ChatterBot Oscar reevaluating
2024-10-14 17:10:56.753306 Charlie: Juliett we want you to join our group
2024-10-14 17:10:56.756687 Juliett: No
ChatterBot Oscar reevaluating
2024-10-14 17:10:56.771095 Yankee: Delta, sending you 3
2024-10-14 17:10:56.771697 Whiskey: Charlie and Sierra, sending you 2
2024-10-14 17:10:56.772909 Papa: Delta, sending you 3
2024-10-14 17:10:56.776650 Whiskey: Oscar, sending you 1
2024-10-14 17:10:56.785667 Charlie: Juliett, sending you 1
2024-10-14 17:10:56.788660 Charlie: Whiskey, sending you 3
2024-10-14 17:10:56.793687 Charlie: Sierra, sending you 5
2024-10-14 17:10:56.798436 Charlie: Oscar, sending you 2
2024-10-14 17:10:56.802667 Oscar: Charlie and Whiskey, sending you 2
2024-10-14 17:10:56.807658 Oscar: Sierra, sending you 7
chatterbot X-ray submitting transactions
chatterbot Juliett submitting transactions
chatterbot Sierra submitting transactions
chatterbot Lima submitting transactions
chatterbot Oscar submitting transactions
chatterbot Whiskey submitting transactions
chatterbot Delta submitting transactions
chatterbot Yankee submitting transactions
chatterbot Papa submitting transactions
chatterbot Charlie submitting transactions
ChatterBot Lima round 12
ChatterBot Juliett round 12
ChatterBot Yankee round 12
ChatterBot Papa round 12
ChatterBot X-ray round 12
ChatterBot Charlie round 12
ChatterBot Delta round 12
ChatterBot Whiskey round 12
ChatterBot Sierra round 12
ChatterBot Oscar round 12
2024-10-14 17:10:58.003665 Lima: We should drop X-ray
2024-10-14 17:10:58.014172 Juliett: Yes
2024-10-14 17:10:58.014346 Yankee: Yes
2024-10-14 17:10:58.014473 Papa: Yes
2024-10-14 17:10:58.014625 Delta: Yes
ChatterBot Lima reevaluating
ChatterBot Lima reevaluating
ChatterBot Lima reevaluating
ChatterBot Lima reevaluating
2024-10-14 17:10:58.064677 Delta: Lima, Yankee and Papa, sending you 3
2024-10-14 17:10:58.066784 Oscar: I was attacked by X-ray
2024-10-14 17:10:58.074564 Oscar: I'm keeping this round to protect myself
2024-10-14 17:10:58.075697 Oscar: Ow
2024-10-14 17:10:58.075954 Charlie: Juliett, sending you 1
2024-10-14 17:10:58.076344 Yankee: Lima and Papa, sending you 4
2024-10-14 17:10:58.077243 Delta: Juliett, sending you 2
2024-10-14 17:10:58.077678 Papa: Lima and Yankee, sending you 4
2024-10-14 17:10:58.078679 Charlie: Whiskey and Sierra, sending you 4
2024-10-14 17:10:58.079667 X-ray: Lima and Delta, sending you 1
2024-10-14 17:10:58.080658 Papa: Juliett, sending you 2
2024-10-14 17:10:58.081883 Juliett: Lima, Yankee and Papa, sending you 1
2024-10-14 17:10:58.082543 Yankee: Juliett, sending you 2
2024-10-14 17:10:58.083466 Whiskey: Charlie and Sierra, sending you 2
2024-10-14 17:10:58.083889 Sierra: Charlie, Whiskey and Oscar, sending you 5
2024-10-14 17:10:58.084415 Charlie: Oscar, sending you 2
2024-10-14 17:10:58.085729 Juliett: Delta, sending you 2
2024-10-14 17:10:58.086257 Yankee: Delta, sending you 3
2024-10-14 17:10:58.086774 Papa: Delta, sending you 3
2024-10-14 17:10:58.087208 Whiskey: Oscar, sending you 1
chatterbot X-ray submitting transactions
chatterbot Papa submitting transactions
chatterbot Whiskey submitting transactions
chatterbot Delta submitting transactions
chatterbot Charlie submitting transactions
chatterbot Sierra submitting transactions
chatterbot Juliett submitting transactions
chatterbot Oscar submitting transactions
chatterbot Lima submitting transactions
chatterbot Yankee submitting transactions
ChatterBot Lima round 13
ChatterBot Juliett round 13
ChatterBot Yankee round 13
ChatterBot Papa round 13
ChatterBot X-ray round 13
ChatterBot Charlie round 13
ChatterBot Delta round 13
ChatterBot Whiskey round 13
ChatterBot Sierra round 13
ChatterBot Oscar round 13
2024-10-14 17:10:59.191971 Oscar: We should add Juliett
2024-10-14 17:10:59.200236 Sierra: Yes
2024-10-14 17:10:59.200421 Whiskey: Yes
2024-10-14 17:10:59.200584 Charlie: Yes
2024-10-14 17:10:59.229566 Lima: We should drop X-ray
2024-10-14 17:10:59.239316 Juliett: Yes
2024-10-14 17:10:59.239466 Yankee: Yes
2024-10-14 17:10:59.239583 Papa: Yes
2024-10-14 17:10:59.239707 Delta: Yes
ChatterBot Lima reevaluating
ChatterBot Lima reevaluating
ChatterBot Lima reevaluating
ChatterBot Lima reevaluating
2024-10-14 17:10:59.279127 Oscar: Juliett we want you to join our group
2024-10-14 17:10:59.281883 Juliett: No
2024-10-14 17:10:59.291653 Juliett: Lima, Yankee and Papa, sending you 1
2024-10-14 17:10:59.292409 Charlie: Juliett, sending you 1
2024-10-14 17:10:59.292871 Papa: Lima and Yankee, sending you 4
2024-10-14 17:10:59.296083 Juliett: Delta, sending you 2
2024-10-14 17:10:59.297141 X-ray: Lima and Delta, sending you 1
2024-10-14 17:10:59.297720 Charlie: Whiskey and Sierra, sending you 4
2024-10-14 17:10:59.298724 Sierra: Charlie, Whiskey and Oscar, sending you 5
2024-10-14 17:10:59.299217 Papa: Juliett, sending you 2
2024-10-14 17:10:59.299760 Yankee: Lima and Papa, sending you 4
2024-10-14 17:10:59.301009 Oscar: I was attacked by X-ray
2024-10-14 17:10:59.318844 Oscar: I'm keeping this round to protect myself
2024-10-14 17:10:59.319817 Oscar: Ow
2024-10-14 17:10:59.320156 Delta: Lima, Yankee and Papa, sending you 3
2024-10-14 17:10:59.321445 Charlie: Oscar, sending you 2
2024-10-14 17:10:59.322072 Yankee: Juliett, sending you 2
2024-10-14 17:10:59.323404 Papa: Delta, sending you 3
2024-10-14 17:10:59.325675 Delta: Juliett, sending you 2
2024-10-14 17:10:59.327674 Yankee: Delta, sending you 3
2024-10-14 17:10:59.329832 Whiskey: Charlie and Sierra, sending you 2
2024-10-14 17:10:59.333663 Whiskey: Oscar, sending you 1
chatterbot Juliett submitting transactions
chatterbot Papa submitting transactions
chatterbot Whiskey submitting transactions
chatterbot Delta submitting transactions
chatterbot Lima submitting transactions
chatterbot Charlie submitting transactions
chatterbot Yankee submitting transactions
chatterbot Oscar submitting transactions
chatterbot Sierra submitting transactions
chatterbot X-ray submitting transactions
ChatterBot Lima round 14
ChatterBot Juliett round 14
ChatterBot Yankee round 14
ChatterBot Papa round 14
ChatterBot X-ray round 14
ChatterBot Charlie round 14
ChatterBot Delta round 14
ChatterBot Whiskey round 14
ChatterBot Sierra round 14
ChatterBot Oscar round 14
2024-10-14 17:11:00.382600 X-ray: We should replace Papa with Juliett
ChatterBot Lima reevaluating
2024-10-14 17:11:00.398129 Lima: No
2024-10-14 17:11:00.398363 Yankee: No
2024-10-14 17:11:00.398569 Delta: No
ChatterBot X-ray reevaluating
ChatterBot Lima reevaluating
ChatterBot X-ray reevaluating
ChatterBot Lima reevaluating
