ChatterBot Golf round 1
ChatterBot Kilo round 1
ChatterBot Romeo round 1
ChatterBot November round 1
ChatterBot Victor round 1
ChatterBot Lima round 1
ChatterBot Zulu round 1
ChatterBot Oscar round 1
randomSelections Romeo: {Romeo, November, Victor, Zulu, Delta, Oscar, India} 
2024-10-14 21:53:50.977721 Romeo: Can we be friends?
ChatterBot November reevaluating
ChatterBot Victor reevaluating
ChatterBot Zulu reevaluating
ChatterBot Oscar reevaluating
2024-10-14 21:53:50.991532 November: Yes
2024-10-14 21:53:50.991768 Victor: Yes
2024-10-14 21:53:50.991982 Zulu: Yes
2024-10-14 21:53:50.992208 Oscar: Yes
ChatterBot Victor reevaluating
ChatterBot Zulu reevaluating
ChatterBot Oscar reevaluating
ChatterBot November reevaluating
ChatterBot Zulu reevaluating
ChatterBot Oscar reevaluating
ChatterBot November reevaluating
ChatterBot Victor reevaluating
ChatterBot Oscar reevaluating
ChatterBot November reevaluating
ChatterBot Victor reevaluating
ChatterBot Zulu reevaluating
ChatterBot Delta round 1
ChatterBot Delta reevaluating
ChatterBot Delta reevaluating
ChatterBot Delta reevaluating
ChatterBot Delta reevaluating
ChatterBot Delta reevaluating
2024-10-14 21:53:51.048045 Delta: Yes
ChatterBot November reevaluating
ChatterBot Victor reevaluating
ChatterBot Zulu reevaluating
ChatterBot Oscar reevaluating
ChatterBot India round 1
ChatterBot India reevaluating
ChatterBot India reevaluating
ChatterBot India reevaluating
ChatterBot India reevaluating
ChatterBot India reevaluating
ChatterBot India reevaluating
2024-10-14 21:53:51.067230 India: Yes
ChatterBot November reevaluating
ChatterBot Victor reevaluating
ChatterBot Zulu reevaluating
ChatterBot Delta reevaluating
ChatterBot Oscar reevaluating
randomSelections Golf: {Golf, Zulu, November} 
2024-10-14 21:53:51.078173 Golf: Group up?
ChatterBot Zulu reevaluating
ChatterBot November reevaluating
2024-10-14 21:53:51.081262 Zulu: No
2024-10-14 21:53:51.081433 November: No
ChatterBot November reevaluating
ChatterBot Zulu reevaluating
randomSelections Kilo: {Kilo, November, Zulu, Lima, Romeo, Victor, Golf} 
2024-10-14 21:53:51.090464 Kilo: Friends?
ChatterBot November reevaluating
ChatterBot Zulu reevaluating
ChatterBot Lima reevaluating
ChatterBot Victor reevaluating
2024-10-14 21:53:51.099273 November: No
2024-10-14 21:53:51.099514 Zulu: No
2024-10-14 21:53:51.099695 Lima: Yes
2024-10-14 21:53:51.100302 Romeo: No
2024-10-14 21:53:51.100440 Victor: No
2024-10-14 21:53:51.100576 Golf: No
ChatterBot Zulu reevaluating
ChatterBot Lima reevaluating
ChatterBot Victor reevaluating
ChatterBot November reevaluating
ChatterBot Lima reevaluating
ChatterBot Victor reevaluating
ChatterBot November reevaluating
ChatterBot Zulu reevaluating
ChatterBot Victor reevaluating
ChatterBot November reevaluating
ChatterBot Zulu reevaluating
ChatterBot Lima reevaluating
ChatterBot Victor reevaluating
ChatterBot November reevaluating
ChatterBot Zulu reevaluating
ChatterBot Lima reevaluating
ChatterBot November reevaluating
ChatterBot Zulu reevaluating
ChatterBot Lima reevaluating
ChatterBot Victor reevaluating
2024-10-14 21:53:51.201911 Romeo: November, Zulu and India, sending you 1
2024-10-14 21:53:51.202914 Kilo: Zulu, sending you 2
2024-10-14 21:53:51.203335 Golf: November, sending you 5
2024-10-14 21:53:51.204181 Oscar: Romeo, November, Victor and India, sending you 3
2024-10-14 21:53:51.208533 Romeo: Victor, Oscar and Delta, sending you 2
2024-10-14 21:53:51.208993 Oscar: Zulu and Delta, sending you 2
2024-10-14 21:53:51.209365 Golf: Zulu, sending you 7
2024-10-14 21:53:51.210131 India: Romeo and November, sending you 3
2024-10-14 21:53:51.210826 Zulu: Romeo and November, sending you 3
2024-10-14 21:53:51.216265 India: Victor and Zulu, sending you 2
2024-10-14 21:53:51.216797 November: Romeo, sending you 3
2024-10-14 21:53:51.217564 Zulu: Victor, sending you 4
2024-10-14 21:53:51.224352 Victor: November, Zulu and Oscar, sending you 2
2024-10-14 21:53:51.225330 India: Oscar, sending you 4
2024-10-14 21:53:51.225752 Delta: Romeo, November and Oscar, sending you 2
2024-10-14 21:53:51.226248 November: Victor, sending you 5
2024-10-14 21:53:51.227076 Zulu: Oscar, sending you 1
2024-10-14 21:53:51.231852 Victor: Delta and India, sending you 4
2024-10-14 21:53:51.232298 Delta: Victor, sending you 3
2024-10-14 21:53:51.232706 Zulu: Delta and India, sending you 2
2024-10-14 21:53:51.233604 November: Zulu, sending you 1
2024-10-14 21:53:51.240927 Delta: Zulu and India, sending you 4
2024-10-14 21:53:51.241305 November: Oscar and Delta, sending you 2
2024-10-14 21:53:51.244718 November: India, sending you 4
chatterbot Lima submitting transactions
chatterbot Romeo submitting transactions
chatterbot Victor submitting transactions
chatterbot Oscar submitting transactions
chatterbot Kilo submitting transactions
chatterbot Golf submitting transactions
chatterbot India submitting transactions
chatterbot Zulu submitting transactions
chatterbot November submitting transactions
chatterbot Delta submitting transactions
ChatterBot Golf round 2
ChatterBot Kilo round 2
ChatterBot Romeo round 2
ChatterBot November round 2
2024-10-14 21:53:52.266641 Golf: Group up?
ChatterBot Kilo reevaluating
2024-10-14 21:53:52.270081 Kilo: Yes
2024-10-14 21:53:52.273022 Kilo: We should group up
2024-10-14 21:53:52.275976 Golf: Yes
ChatterBot Kilo reevaluating
ChatterBot Victor round 2
ChatterBot Lima round 2
ChatterBot Zulu round 2
ChatterBot Oscar round 2
ChatterBot Delta round 2
ChatterBot India round 2
2024-10-14 21:53:52.290511 November: We should add Golf
ChatterBot Victor reevaluating
ChatterBot Zulu reevaluating
ChatterBot Delta reevaluating
ChatterBot Oscar reevaluating
ChatterBot India reevaluating
2024-10-14 21:53:52.309787 Romeo: No
2024-10-14 21:53:52.309943 Victor: No
2024-10-14 21:53:52.310050 Zulu: Yes
2024-10-14 21:53:52.310152 Delta: No
2024-10-14 21:53:52.310248 Oscar: No
2024-10-14 21:53:52.310341 India: No
ChatterBot Victor reevaluating
ChatterBot Zulu reevaluating
ChatterBot Delta reevaluating
ChatterBot Oscar reevaluating
ChatterBot India reevaluating
ChatterBot November reevaluating
ChatterBot Zulu reevaluating
ChatterBot Delta reevaluating
ChatterBot Oscar reevaluating
ChatterBot India reevaluating
ChatterBot November reevaluating
ChatterBot Victor reevaluating
ChatterBot Delta reevaluating
ChatterBot Oscar reevaluating
ChatterBot India reevaluating
ChatterBot November reevaluating
ChatterBot Victor reevaluating
ChatterBot Zulu reevaluating
ChatterBot Oscar reevaluating
ChatterBot India reevaluating
ChatterBot November reevaluating
ChatterBot Victor reevaluating
ChatterBot Zulu reevaluating
ChatterBot Delta reevaluating
ChatterBot India reevaluating
ChatterBot November reevaluating
ChatterBot Victor reevaluating
ChatterBot Zulu reevaluating
ChatterBot Delta reevaluating
ChatterBot Oscar reevaluating
2024-10-14 21:53:52.420119 Lima: We should group up
ChatterBot Kilo reevaluating
2024-10-14 21:53:52.423267 Kilo: No
2024-10-14 21:53:52.442597 Zulu: Golf we want you to join our group
2024-10-14 21:53:52.446519 Golf: No
ChatterBot November reevaluating
2024-10-14 21:53:52.466818 Golf: Sending you 16
2024-10-14 21:53:52.470699 Romeo: November, Zulu, Oscar and India, sending you 3
2024-10-14 21:53:52.471867 Kilo: Sending you 11
2024-10-14 21:53:52.472150 Lima: Sending you 4
2024-10-14 21:53:52.474723 Romeo: Delta, sending you 2
2024-10-14 21:53:52.479679 India: Romeo, sending you 2
2024-10-14 21:53:52.481707 Zulu: Golf, sending you 3
2024-10-14 21:53:52.483016 India: November, Victor, Zulu, Oscar and Delta, sending you 3
2024-10-14 21:53:52.484840 Oscar: Romeo, November, Victor and Delta, sending you 3
2024-10-14 21:53:52.485398 Zulu: Romeo, November, Victor, Oscar, Delta and India, sending you 2
2024-10-14 21:53:52.485893 Delta: Romeo, November, Zulu and Oscar, sending you 3
2024-10-14 21:53:52.487676 Victor: Romeo and India, sending you 2
2024-10-14 21:53:52.488635 Oscar: India, sending you 4
2024-10-14 21:53:52.491670 Delta: Victor, sending you 5
2024-10-14 21:53:52.492685 Victor: November, Zulu, Oscar and Delta, sending you 3
2024-10-14 21:53:52.499721 November: Romeo, sending you 2
2024-10-14 21:53:52.503712 November: Victor, Zulu, Oscar, Delta and India, sending you 3
chatterbot Victor submitting transactions
chatterbot India submitting transactions
chatterbot Lima submitting transactions
chatterbot Oscar submitting transactions
chatterbot Golf submitting transactions
chatterbot Romeo submitting transactions
chatterbot Kilo submitting transactions
chatterbot Delta submitting transactions
chatterbot November submitting transactions
chatterbot Zulu submitting transactions
ChatterBot Golf round 3
ChatterBot Kilo round 3
ChatterBot Romeo round 3
ChatterBot November round 3
ChatterBot Victor round 3
ChatterBot Lima round 3
ChatterBot Zulu round 3
ChatterBot Oscar round 3
ChatterBot Delta round 3
ChatterBot India round 3
2024-10-14 21:53:56.219824 Golf: We should add Lima
ChatterBot Kilo reevaluating
2024-10-14 21:53:56.223692 Kilo: Yes
2024-10-14 21:53:56.231798 Lima: We should add Golf
ChatterBot Kilo reevaluating
2024-10-14 21:53:56.235489 Kilo: Yes
2024-10-14 21:53:56.267564 Golf: Lima we want you to join our group
2024-10-14 21:53:56.271199 Lima: Yes
ChatterBot Kilo reevaluating
2024-10-14 21:53:56.278414 Lima: Golf we want you to join our group
2024-10-14 21:53:56.282038 Golf: Yes
ChatterBot Kilo reevaluating
2024-10-14 21:53:56.289311 Zulu: We should drop Golf
2024-10-14 21:53:56.307947 Romeo: Yes
2024-10-14 21:53:56.308162 November: Yes
2024-10-14 21:53:56.308300 Victor: Yes
2024-10-14 21:53:56.308421 Delta: Yes
2024-10-14 21:53:56.308540 Oscar: Yes
2024-10-14 21:53:56.308723 India: Yes
2024-10-14 21:53:56.419668 November: Romeo, sending you 2
2024-10-14 21:53:56.421121 Victor: Romeo, sending you 1
2024-10-14 21:53:56.422354 Oscar: Romeo, November, Victor, Delta and India, sending you 3
2024-10-14 21:53:56.423917 November: Victor, Zulu, Oscar, Delta and India, sending you 3
2024-10-14 21:53:56.425798 Victor: November, Zulu, Oscar, Delta and India, sending you 3
2024-10-14 21:53:56.426700 Oscar: Zulu, sending you 1
2024-10-14 21:53:56.428683 Romeo: November, Zulu, Oscar, Delta and India, sending you 3
2024-10-14 21:53:56.430676 Lima: I was attacked by Kilo
ChatterBot Golf reevaluating
ChatterBot Kilo reevaluating
2024-10-14 21:53:56.439025 Lima: I'm keeping this round to protect myself
2024-10-14 21:53:56.439458 Lima: Ow
2024-10-14 21:53:56.439695 India: Romeo, November, Victor, Zulu and Oscar, sending you 3
2024-10-14 21:53:56.440252 Romeo: Victor, sending you 1
2024-10-14 21:53:56.441115 Zulu: Romeo, November and Oscar, sending you 2
2024-10-14 21:53:56.441578 Delta: Romeo, November, Zulu and Oscar, sending you 3
2024-10-14 21:53:56.445168 India: Delta, sending you 2
2024-10-14 21:53:56.445724 Zulu: Victor, Delta and India, sending you 3
2024-10-14 21:53:56.446689 Delta: Victor, sending you 4
2024-10-14 21:53:56.450680 Delta: India, sending you 1
2024-10-14 21:53:56.454116 Kilo: Golf, sending you 10
2024-10-14 21:53:56.457663 Kilo: Lima, sending you 6
2024-10-14 21:53:56.466689 Golf: Kilo, sending you 12
2024-10-14 21:53:56.471810 Golf: Lima, sending you 5
chatterbot Zulu submitting transactions
chatterbot India submitting transactions
chatterbot Lima submitting transactions
chatterbot November submitting transactions
chatterbot Romeo submitting transactions
chatterbot Victor submitting transactions
chatterbot Delta submitting transactions
chatterbot Kilo submitting transactions
chatterbot Oscar submitting transactions
chatterbot Golf submitting transactions
ChatterBot Golf round 4
ChatterBot Kilo round 4
ChatterBot Romeo round 4
ChatterBot November round 4
ChatterBot Victor round 4
ChatterBot Lima round 4
ChatterBot Zulu round 4
ChatterBot Oscar round 4
ChatterBot Delta round 4
ChatterBot India round 4
2024-10-14 21:53:57.806104 Golf: Kilo, sending you 12
2024-10-14 21:53:57.814343 Golf: Lima, sending you 5
2024-10-14 21:53:57.814857 Victor: Romeo, sending you 1
2024-10-14 21:53:57.816372 Oscar: Romeo, November, Victor, Delta and India, sending you 3
2024-10-14 21:53:57.817842 November: Romeo, Victor, Oscar, Delta and India, sending you 3
2024-10-14 21:53:57.819248 Delta: Romeo, November, Victor, Zulu and Oscar, sending you 3
2024-10-14 21:53:57.820020 Romeo: November, Zulu, Delta and India, sending you 3
2024-10-14 21:53:57.821281 Kilo: Golf, sending you 10
2024-10-14 21:53:57.821673 India: Romeo, November, Victor, Zulu and Oscar, sending you 3
2024-10-14 21:53:57.823222 Zulu: Romeo, November, Victor, Delta and India, sending you 3
2024-10-14 21:53:57.824829 Victor: November, Zulu, Oscar, Delta and India, sending you 3
2024-10-14 21:53:57.826289 Oscar: Zulu, sending you 1
2024-10-14 21:53:57.827146 November: Zulu, sending you 2
2024-10-14 21:53:57.828608 Delta: India, sending you 2
2024-10-14 21:53:57.830135 Romeo: Victor, sending you 1
2024-10-14 21:53:57.830930 Kilo: Lima, sending you 6
2024-10-14 21:53:57.831895 India: Delta, sending you 2
2024-10-14 21:53:57.835324 Romeo: Oscar, sending you 4
chatterbot Golf submitting transactions
chatterbot Oscar submitting transactions
chatterbot India submitting transactions
chatterbot Kilo submitting transactions
chatterbot Zulu submitting transactions
chatterbot Lima submitting transactions
chatterbot November submitting transactions
chatterbot Victor submitting transactions
chatterbot Romeo submitting transactions
chatterbot Delta submitting transactions
ChatterBot Golf round 5
ChatterBot Kilo round 5
ChatterBot Romeo round 5
ChatterBot November round 5
ChatterBot Victor round 5
ChatterBot Lima round 5
ChatterBot Zulu round 5
ChatterBot Oscar round 5
ChatterBot Delta round 5
ChatterBot India round 5
2024-10-14 21:53:58.971013 Kilo: Golf, sending you 11
2024-10-14 21:53:58.973347 Golf: Kilo, sending you 16
2024-10-14 21:53:58.994109 Kilo: Lima, sending you 5
2024-10-14 21:53:58.994746 Lima: Sending you each 3
2024-10-14 21:53:58.999977 Oscar: Romeo, November, Victor, Delta and India, sending you 3
2024-10-14 21:53:59.002182 India: Romeo, November, Victor, Zulu and Oscar, sending you 3
2024-10-14 21:53:59.004407 Zulu: Romeo, Victor, Delta and India, sending you 3
2024-10-14 21:53:59.006117 Romeo: November, Zulu, Delta and India, sending you 3
2024-10-14 21:53:59.009600 Delta: Romeo, November, Victor, Zulu and Oscar, sending you 3
2024-10-14 21:53:59.011951 Victor: Romeo, sending you 1
2024-10-14 21:53:59.013545 November: Romeo, Victor, Oscar, Delta and India, sending you 3
2024-10-14 21:53:59.015068 Oscar: Zulu, sending you 1
2024-10-14 21:53:59.016138 India: Delta, sending you 2
2024-10-14 21:53:59.017643 Zulu: November, sending you 2
2024-10-14 21:53:59.019181 Romeo: Victor, sending you 1
2024-10-14 21:53:59.020715 Victor: November, Zulu, Oscar, Delta and India, sending you 3
2024-10-14 21:53:59.022137 Delta: India, sending you 2
2024-10-14 21:53:59.023148 November: Zulu, sending you 2
2024-10-14 21:53:59.024826 Zulu: Oscar, sending you 1
2024-10-14 21:53:59.026337 Romeo: Oscar, sending you 4
chatterbot Kilo submitting transactions
chatterbot Delta submitting transactions
chatterbot Zulu submitting transactions
chatterbot Victor submitting transactions
chatterbot Golf submitting transactions
chatterbot November submitting transactions
chatterbot India submitting transactions
chatterbot Lima submitting transactions
chatterbot Oscar submitting transactions
chatterbot Romeo submitting transactions
ChatterBot Golf round 6
ChatterBot Kilo round 6
ChatterBot Romeo round 6
ChatterBot November round 6
ChatterBot Victor round 6
ChatterBot Lima round 6
ChatterBot Zulu round 6
ChatterBot Oscar round 6
ChatterBot Delta round 6
ChatterBot India round 6
2024-10-14 21:54:00.224683 Golf: Kilo, sending you 11
2024-10-14 21:54:00.225656 Lima: Golf, sending you 3
2024-10-14 21:54:00.227040 Zulu: Romeo, Victor, Delta and India, sending you 3
2024-10-14 21:54:00.227946 November: Romeo, Victor, Oscar, Delta and India, sending you 3
2024-10-14 21:54:00.228683 Romeo: November, Zulu, Delta and India, sending you 3
2024-10-14 21:54:00.229658 Golf: Lima, sending you 6
2024-10-14 21:54:00.230464 Lima: Kilo, sending you 4
2024-10-14 21:54:00.230833 India: Romeo, November, Victor, Zulu and Oscar, sending you 3
2024-10-14 21:54:00.231842 Victor: Romeo, sending you 1
2024-10-14 21:54:00.232630 Zulu: November, sending you 2
2024-10-14 21:54:00.234035 November: Zulu, sending you 2
2024-10-14 21:54:00.234846 Romeo: Victor, sending you 1
2024-10-14 21:54:00.235711 Delta: Romeo, November, Victor, Zulu and Oscar, sending you 3
2024-10-14 21:54:00.236568 Victor: November, Zulu, Oscar, Delta and India, sending you 3
2024-10-14 21:54:00.237436 India: Delta, sending you 2
2024-10-14 21:54:00.238812 Zulu: Oscar, sending you 1
2024-10-14 21:54:00.239623 Kilo: Golf, sending you 10
2024-10-14 21:54:00.239975 Romeo: Oscar, sending you 4
2024-10-14 21:54:00.240802 Delta: India, sending you 2
2024-10-14 21:54:00.241664 Oscar: Romeo, November, Victor, Delta and India, sending you 3
2024-10-14 21:54:00.243682 Kilo: Lima, sending you 6
2024-10-14 21:54:00.247061 Oscar: Zulu, sending you 1
chatterbot Romeo submitting transactions
chatterbot Victor submitting transactions
chatterbot Oscar submitting transactions
chatterbot Zulu submitting transactions
chatterbot Kilo submitting transactions
chatterbot November submitting transactions
chatterbot India submitting transactions
chatterbot Lima submitting transactions
chatterbot Golf submitting transactions
chatterbot Delta submitting transactions
ChatterBot Golf round 7
ChatterBot Kilo round 7
ChatterBot Romeo round 7
ChatterBot November round 7
ChatterBot Victor round 7
ChatterBot Lima round 7
ChatterBot Zulu round 7
ChatterBot Oscar round 7
ChatterBot Delta round 7
ChatterBot India round 7
2024-10-14 21:54:01.517675 Kilo: Golf, sending you 10
2024-10-14 21:54:01.521701 Kilo: Lima, sending you 6
2024-10-14 21:54:01.523696 Victor: Romeo, sending you 1
2024-10-14 21:54:01.524877 Oscar: Romeo, November, Victor, Delta and India, sending you 3
2024-10-14 21:54:01.528677 Golf: Kilo, sending you 11
2024-10-14 21:54:01.529690 Victor: November, Zulu, Oscar, Delta and India, sending you 3
2024-10-14 21:54:01.531106 Oscar: Zulu, sending you 1
2024-10-14 21:54:01.531930 Lima: Golf, sending you 3
2024-10-14 21:54:01.532351 Golf: Lima, sending you 6
2024-10-14 21:54:01.534964 Romeo: November, Zulu, Delta and India, sending you 3
2024-10-14 21:54:01.536370 Lima: Kilo, sending you 4
2024-10-14 21:54:01.537317 November: Romeo, Victor, Oscar, Delta and India, sending you 3
2024-10-14 21:54:01.538642 Zulu: Romeo, Victor, Delta and India, sending you 3
2024-10-14 21:54:01.540527 Delta: Romeo, November, Victor, Zulu and Oscar, sending you 3
2024-10-14 21:54:01.542284 Romeo: Victor, sending you 1
2024-10-14 21:54:01.543655 November: Zulu, sending you 2
2024-10-14 21:54:01.545599 Zulu: November, sending you 2
2024-10-14 21:54:01.547332 Delta: India, sending you 2
2024-10-14 21:54:01.548719 Romeo: Oscar, sending you 4
2024-10-14 21:54:01.550839 India: Romeo, November, Victor, Zulu and Oscar, sending you 3
2024-10-14 21:54:01.552224 Zulu: Oscar, sending you 1
2024-10-14 21:54:01.554695 India: Delta, sending you 2
chatterbot Delta submitting transactions
chatterbot Oscar submitting transactions
chatterbot Lima submitting transactions
chatterbot India submitting transactions
chatterbot Zulu submitting transactions
chatterbot Golf submitting transactions
chatterbot November submitting transactions
chatterbot Victor submitting transactions
chatterbot Kilo submitting transactions
chatterbot Romeo submitting transactions
ChatterBot Golf round 8
ChatterBot Kilo round 8
ChatterBot Romeo round 8
ChatterBot November round 8
ChatterBot Victor round 8
ChatterBot Lima round 8
ChatterBot Zulu round 8
ChatterBot Oscar round 8
ChatterBot Delta round 8
ChatterBot India round 8
2024-10-14 21:54:02.717658 Zulu: Romeo, Victor, Delta and India, sending you 3
2024-10-14 21:54:02.722656 Zulu: November, sending you 2
2024-10-14 21:54:02.723854 Kilo: Golf, sending you 10
2024-10-14 21:54:02.724250 Golf: Kilo, sending you 11
2024-10-14 21:54:02.724553 Romeo: November, Zulu, Delta and India, sending you 3
2024-10-14 21:54:02.725184 Oscar: Romeo, November, Victor, Delta and India, sending you 3
2024-10-14 21:54:02.726658 Kilo: Lima, sending you 6
2024-10-14 21:54:02.726976 November: Romeo, Victor, Oscar, Delta and India, sending you 3
2024-10-14 21:54:02.728688 Zulu: Oscar, sending you 1
2024-10-14 21:54:02.729378 Golf: Lima, sending you 6
2024-10-14 21:54:02.729682 Romeo: Victor, sending you 1
2024-10-14 21:54:02.730431 Oscar: Zulu, sending you 1
2024-10-14 21:54:02.731091 November: Zulu, sending you 2
2024-10-14 21:54:02.731706 Lima: Sending you each 3
2024-10-14 21:54:02.732720 Victor: Romeo, sending you 1
2024-10-14 21:54:02.734862 Romeo: Oscar, sending you 4
2024-10-14 21:54:02.735672 Victor: November, Zulu, Oscar, Delta and India, sending you 3
2024-10-14 21:54:02.743660 Delta: Romeo, November, Victor, Zulu and Oscar, sending you 3
2024-10-14 21:54:02.747668 India: Romeo, November, Victor, Zulu and Oscar, sending you 3
2024-10-14 21:54:02.748663 Delta: India, sending you 2
2024-10-14 21:54:02.751677 India: Delta, sending you 2
chatterbot Zulu submitting transactions
chatterbot India submitting transactions
chatterbot Kilo submitting transactions
chatterbot Golf submitting transactions
chatterbot Lima submitting transactions
chatterbot Romeo submitting transactions
chatterbot November submitting transactions
chatterbot Victor submitting transactions
chatterbot Delta submitting transactions
chatterbot Oscar submitting transactions
ChatterBot Golf round 9
ChatterBot Kilo round 9
ChatterBot Romeo round 9
ChatterBot November round 9
ChatterBot Victor round 9
ChatterBot Lima round 9
ChatterBot Zulu round 9
ChatterBot Oscar round 9
ChatterBot Delta round 9
ChatterBot India round 9
2024-10-14 21:54:03.993654 Kilo: Golf, sending you 10
2024-10-14 21:54:03.996681 Kilo: Lima, sending you 6
2024-10-14 21:54:03.997696 Victor: Romeo, sending you 1
2024-10-14 21:54:04.001674 Romeo: November, Zulu, Delta and India, sending you 3
2024-10-14 21:54:04.003212 Lima: Same as last round
2024-10-14 21:54:04.003547 Golf: Kilo, sending you 11
2024-10-14 21:54:04.003957 Victor: November, Zulu, Oscar, Delta and India, sending you 3
2024-10-14 21:54:04.005162 November: Romeo, Victor, Oscar, Delta and India, sending you 3
2024-10-14 21:54:04.005957 Romeo: Victor, sending you 1
2024-10-14 21:54:04.007013 Oscar: Romeo, November, Victor, Delta and India, sending you 3
2024-10-14 21:54:04.008302 Golf: Lima, sending you 6
2024-10-14 21:54:04.008672 November: Zulu, sending you 2
2024-10-14 21:54:04.011287 Oscar: Zulu, sending you 1
2024-10-14 21:54:04.012369 Romeo: Oscar, sending you 4
2024-10-14 21:54:04.013922 Zulu: Romeo, Victor, Delta and India, sending you 3
2024-10-14 21:54:04.016664 Delta: Romeo, November, Victor, Zulu and Oscar, sending you 3
2024-10-14 21:54:04.018889 India: Romeo, November, Victor, Zulu and Oscar, sending you 3
2024-10-14 21:54:04.020345 Zulu: November, sending you 2
2024-10-14 21:54:04.022635 Delta: India, sending you 2
2024-10-14 21:54:04.024716 India: Delta, sending you 2
2024-10-14 21:54:04.026860 Zulu: Oscar, sending you 1
chatterbot Golf submitting transactions
chatterbot India submitting transactions
chatterbot Oscar submitting transactions
chatterbot November submitting transactions
chatterbot Kilo submitting transactions
chatterbot Romeo submitting transactions
chatterbot Zulu submitting transactions
chatterbot Delta submitting transactions
chatterbot Lima submitting transactions
chatterbot Victor submitting transactions
ChatterBot Golf round 10
ChatterBot Kilo round 10
ChatterBot Romeo round 10
ChatterBot November round 10
ChatterBot Victor round 10
ChatterBot Lima round 10
ChatterBot Zulu round 10
ChatterBot Oscar round 10
ChatterBot Delta round 10
ChatterBot India round 10
2024-10-14 21:54:05.257665 Romeo: November, Zulu, Delta and India, sending you 3
2024-10-14 21:54:05.258735 Golf: Kilo, sending you 10
2024-10-14 21:54:05.259118 Kilo: Golf, sending you 9
2024-10-14 21:54:05.261759 November: Romeo, Victor, Oscar, Delta and India, sending you 3
2024-10-14 21:54:05.262838 Golf: Lima, sending you 7
2024-10-14 21:54:05.263659 Romeo: Victor, sending you 1
2024-10-14 21:54:05.264490 Kilo: Lima, sending you 7
2024-10-14 21:54:05.266657 November: Zulu, sending you 2
2024-10-14 21:54:05.267687 Romeo: Oscar, sending you 4
2024-10-14 21:54:05.268677 Lima: Same as last round
2024-10-14 21:54:05.271663 Oscar: Romeo, November, Victor, Delta and India, sending you 3
2024-10-14 21:54:05.272658 Delta: Romeo, November, Victor, Zulu and Oscar, sending you 3
2024-10-14 21:54:05.275645 Oscar: Zulu, sending you 1
2024-10-14 21:54:05.277100 Delta: India, sending you 2
2024-10-14 21:54:05.278622 Victor: Romeo, sending you 1
2024-10-14 21:54:05.279865 Zulu: Romeo, Victor, Delta and India, sending you 3
2024-10-14 21:54:05.281669 India: Romeo, November, Victor, Zulu and Oscar, sending you 3
2024-10-14 21:54:05.282919 Victor: November, Zulu, Oscar, Delta and India, sending you 3
2024-10-14 21:54:05.284667 Zulu: November, sending you 2
2024-10-14 21:54:05.285913 India: Delta, sending you 2
2024-10-14 21:54:05.289697 Zulu: Oscar, sending you 1
chatterbot India submitting transactions
chatterbot November submitting transactions
chatterbot Golf submitting transactions
chatterbot Delta submitting transactions
chatterbot Victor submitting transactions
chatterbot Lima submitting transactions
chatterbot Kilo submitting transactions
chatterbot Oscar submitting transactions
chatterbot Zulu submitting transactions
chatterbot Romeo submitting transactions
ChatterBot Golf round 11
ChatterBot Kilo round 11
ChatterBot Romeo round 11
ChatterBot November round 11
ChatterBot Victor round 11
ChatterBot Lima round 11
ChatterBot Zulu round 11
ChatterBot Oscar round 11
ChatterBot Delta round 11
ChatterBot India round 11
2024-10-14 21:54:06.219655 Golf: Kilo, sending you 10
2024-10-14 21:54:06.221688 Romeo: November, Zulu, Delta and India, sending you 3
2024-10-14 21:54:06.222664 Golf: Lima, sending you 7
2024-10-14 21:54:06.224661 Romeo: Victor, sending you 1
2024-10-14 21:54:06.226679 Delta: Romeo, November, Victor, Zulu and Oscar, sending you 3
2024-10-14 21:54:06.227897 November: Romeo, Victor, Oscar, Delta and India, sending you 3
2024-10-14 21:54:06.228742 Kilo: Golf, sending you 9
2024-10-14 21:54:06.229074 Romeo: Oscar, sending you 4
2024-10-14 21:54:06.231686 Delta: India, sending you 2
2024-10-14 21:54:06.232662 Kilo: Lima, sending you 7
2024-10-14 21:54:06.233685 November: Zulu, sending you 2
2024-10-14 21:54:06.234743 India: Romeo, November, Victor, Zulu and Oscar, sending you 3
2024-10-14 21:54:06.235504 Lima: Same as last round
2024-10-14 21:54:06.235773 Victor: Romeo, sending you 1
2024-10-14 21:54:06.236487 Oscar: Romeo, November, Victor, Delta and India, sending you 3
2024-10-14 21:54:06.237663 India: Delta, sending you 2
2024-10-14 21:54:06.238969 Zulu: Romeo, Victor, Delta and India, sending you 3
2024-10-14 21:54:06.239968 Victor: November, Zulu, Oscar, Delta and India, sending you 3
2024-10-14 21:54:06.241688 Oscar: Zulu, sending you 1
2024-10-14 21:54:06.243695 Zulu: November, sending you 2
2024-10-14 21:54:06.248673 Zulu: Oscar, sending you 1
chatterbot Zulu submitting transactions
chatterbot Victor submitting transactions
chatterbot India submitting transactions
chatterbot Lima submitting transactions
chatterbot Kilo submitting transactions
chatterbot Delta submitting transactions
chatterbot Romeo submitting transactions
chatterbot November submitting transactions
chatterbot Golf submitting transactions
chatterbot Oscar submitting transactions
ChatterBot Golf round 12
ChatterBot Kilo round 12
ChatterBot Romeo round 12
ChatterBot November round 12
ChatterBot Victor round 12
ChatterBot Lima round 12
ChatterBot Zulu round 12
ChatterBot Oscar round 12
ChatterBot Delta round 12
ChatterBot India round 12
2024-10-14 21:54:07.425672 Lima: Same as last round
2024-10-14 21:54:07.426654 Victor: Romeo, sending you 1
2024-10-14 21:54:07.428673 Golf: Kilo, sending you 10
2024-10-14 21:54:07.432699 Victor: November, Zulu, Oscar, Delta and India, sending you 3
2024-10-14 21:54:07.434311 Golf: Lima, sending you 7
2024-10-14 21:54:07.434726 Romeo: November, Zulu, Delta and India, sending you 3
2024-10-14 21:54:07.436237 India: Romeo, November, Victor, Zulu and Oscar, sending you 3
2024-10-14 21:54:07.437399 Zulu: Romeo, Victor, Delta and India, sending you 3
2024-10-14 21:54:07.438963 Delta: Romeo, November, Victor, Zulu and Oscar, sending you 3
2024-10-14 21:54:07.440086 Oscar: Romeo, November, Victor, Delta and India, sending you 3
2024-10-14 21:54:07.441832 Romeo: Victor, sending you 1
2024-10-14 21:54:07.442927 November: Romeo, Victor, Oscar, Delta and India, sending you 3
2024-10-14 21:54:07.444650 India: Delta, sending you 2
2024-10-14 21:54:07.446186 Kilo: Golf, sending you 9
2024-10-14 21:54:07.446594 Zulu: November, sending you 2
2024-10-14 21:54:07.447718 Delta: India, sending you 2
2024-10-14 21:54:07.449857 Romeo: Oscar, sending you 4
2024-10-14 21:54:07.451339 Oscar: Zulu, sending you 1
2024-10-14 21:54:07.452467 November: Zulu, sending you 2
2024-10-14 21:54:07.453973 Kilo: Lima, sending you 7
2024-10-14 21:54:07.454393 Zulu: Oscar, sending you 1
chatterbot Kilo submitting transactions
chatterbot Lima submitting transactions
chatterbot Delta submitting transactions
chatterbot Oscar submitting transactions
chatterbot Zulu submitting transactions
chatterbot November submitting transactions
chatterbot Golf submitting transactions
chatterbot Victor submitting transactions
chatterbot India submitting transactions
chatterbot Romeo submitting transactions
ChatterBot Golf round 13
ChatterBot Kilo round 13
ChatterBot Romeo round 13
ChatterBot November round 13
ChatterBot Victor round 13
ChatterBot Lima round 13
ChatterBot Zulu round 13
ChatterBot Oscar round 13
ChatterBot Delta round 13
ChatterBot India round 13
2024-10-14 21:54:08.663694 Romeo: November, Zulu, Delta and India, sending you 3
2024-10-14 21:54:08.666423 Kilo: Golf, sending you 9
2024-10-14 21:54:08.668675 Romeo: Victor, sending you 1
2024-10-14 21:54:08.670757 Kilo: Lima, sending you 7
2024-10-14 21:54:08.671159 Victor: Romeo, sending you 1
2024-10-14 21:54:08.673029 Oscar: Romeo, November, Victor, Delta and India, sending you 3
2024-10-14 21:54:08.676140 Romeo: Oscar, sending you 4
2024-10-14 21:54:08.678125 Golf: Kilo, sending you 10
2024-10-14 21:54:08.679581 November: Romeo, Victor, Oscar, Delta and India, sending you 3
2024-10-14 21:54:08.682187 Victor: November, Zulu, Oscar, Delta and India, sending you 3
2024-10-14 21:54:08.684753 Delta: Romeo, November, Victor, Zulu and Oscar, sending you 3
2024-10-14 21:54:08.687418 Oscar: Zulu, sending you 1
2024-10-14 21:54:08.689046 Golf: Lima, sending you 7
2024-10-14 21:54:08.690327 Zulu: Romeo, Victor, Delta and India, sending you 3
2024-10-14 21:54:08.691875 November: Zulu, sending you 2
2024-10-14 21:54:08.694159 Lima: Same as last round
2024-10-14 21:54:08.695788 India: Romeo, November, Victor, Zulu and Oscar, sending you 3
2024-10-14 21:54:08.697384 Delta: India, sending you 2
2024-10-14 21:54:08.700318 Zulu: November, sending you 2
2024-10-14 21:54:08.702580 India: Delta, sending you 2
2024-10-14 21:54:08.705663 Zulu: Oscar, sending you 1
chatterbot Golf submitting transactions
chatterbot Zulu submitting transactions
chatterbot Oscar submitting transactions
chatterbot India submitting transactions
chatterbot Romeo submitting transactions
chatterbot Delta submitting transactions
chatterbot Lima submitting transactions
chatterbot Victor submitting transactions
chatterbot November submitting transactions
chatterbot Kilo submitting transactions
ChatterBot Golf round 14
ChatterBot Kilo round 14
ChatterBot Romeo round 14
ChatterBot November round 14
ChatterBot Victor round 14
ChatterBot Lima round 14
ChatterBot Zulu round 14
ChatterBot Oscar round 14
ChatterBot Delta round 14
ChatterBot India round 14
2024-10-14 21:54:09.948574 Romeo: November, Zulu, Delta and India, sending you 3
2024-10-14 21:54:09.952201 Victor: Romeo, sending you 1
2024-10-14 21:54:09.955713 Zulu: Romeo, Victor, Delta and India, sending you 3
2024-10-14 21:54:09.957558 Romeo: Victor, sending you 1
2024-10-14 21:54:09.960865 Golf: Kilo, sending you 10
2024-10-14 21:54:09.961576 Oscar: Romeo, November, Victor, Delta and India, sending you 3
2024-10-14 21:54:09.963212 Victor: November, Zulu, Oscar, Delta and India, sending you 3
2024-10-14 21:54:09.965838 Kilo: Golf, sending you 9
2024-10-14 21:54:09.966476 November: Romeo, Victor, Oscar, Delta and India, sending you 3
2024-10-14 21:54:09.969796 India: Romeo, November, Victor, Zulu and Oscar, sending you 3
2024-10-14 21:54:09.972576 Lima: Golf, sending you 2
2024-10-14 21:54:09.973068 Zulu: November, sending you 2
2024-10-14 21:54:09.974546 Golf: Lima, sending you 7
2024-10-14 21:54:09.975630 Romeo: Oscar, sending you 4
2024-10-14 21:54:09.977097 Delta: Romeo, November, Victor, Zulu and Oscar, sending you 3
2024-10-14 21:54:09.979321 Oscar: Zulu, sending you 1
2024-10-14 21:54:09.981046 Kilo: Lima, sending you 7
2024-10-14 21:54:09.983633 November: Zulu, sending you 2
2024-10-14 21:54:09.985634 India: Delta, sending you 2
2024-10-14 21:54:09.988642 Lima: Kilo, sending you 3
2024-10-14 21:54:09.990114 Zulu: Oscar, sending you 1
2024-10-14 21:54:09.991810 Delta: India, sending you 2
chatterbot Victor submitting transactions
chatterbot Kilo submitting transactions
chatterbot Golf submitting transactions
chatterbot November submitting transactions
chatterbot Zulu submitting transactions
chatterbot Oscar submitting transactions
chatterbot Lima submitting transactions
chatterbot Romeo submitting transactions
chatterbot India submitting transactions
chatterbot Delta submitting transactions
ChatterBot Golf round 15
ChatterBot Kilo round 15
ChatterBot Romeo round 15
ChatterBot November round 15
ChatterBot Victor round 15
ChatterBot Lima round 15
ChatterBot Zulu round 15
ChatterBot Oscar round 15
ChatterBot Delta round 15
ChatterBot India round 15
2024-10-14 21:54:11.057664 Romeo: November, Zulu, Delta and India, sending you 3
2024-10-14 21:54:11.064932 Romeo: Victor, sending you 1
2024-10-14 21:54:11.068706 Lima: Golf, sending you 2
2024-10-14 21:54:11.070694 Romeo: Oscar, sending you 4
2024-10-14 21:54:11.072680 Delta: Romeo, November, Victor, Zulu and Oscar, sending you 3
2024-10-14 21:54:11.074073 Lima: Kilo, sending you 3
2024-10-14 21:54:11.075448 November: Romeo, Victor, Oscar, Delta and India, sending you 3
2024-10-14 21:54:11.076850 Golf: Kilo, sending you 10
2024-10-14 21:54:11.077570 Victor: Romeo, sending you 1
2024-10-14 21:54:11.080509 Delta: India, sending you 2
2024-10-14 21:54:11.083715 Kilo: Golf, sending you 9
2024-10-14 21:54:11.084455 Zulu: Romeo, Victor, Delta and India, sending you 3
2024-10-14 21:54:11.086729 November: Zulu, sending you 2
2024-10-14 21:54:11.089365 Golf: Lima, sending you 7
2024-10-14 21:54:11.089906 Oscar: Romeo, November, Victor, Delta and India, sending you 3
2024-10-14 21:54:11.092410 Victor: November, Zulu, Oscar, Delta and India, sending you 3
2024-10-14 21:54:11.095578 India: Romeo, November, Victor, Zulu and Oscar, sending you 3
2024-10-14 21:54:11.097552 Kilo: Lima, sending you 7
2024-10-14 21:54:11.098765 Zulu: November, sending you 2
2024-10-14 21:54:11.100853 Oscar: Zulu, sending you 1
2024-10-14 21:54:11.103262 India: Delta, sending you 2
2024-10-14 21:54:11.105379 Zulu: Oscar, sending you 1
chatterbot Zulu submitting transactions
chatterbot Romeo submitting transactions
chatterbot November submitting transactions
chatterbot Victor submitting transactions
chatterbot India submitting transactions
chatterbot Kilo submitting transactions
chatterbot Golf submitting transactions
chatterbot Delta submitting transactions
chatterbot Lima submitting transactions
chatterbot Oscar submitting transactions
ChatterBot Golf round 16
ChatterBot Kilo round 16
ChatterBot Romeo round 16
ChatterBot November round 16
ChatterBot Victor round 16
ChatterBot Lima round 16
ChatterBot Zulu round 16
ChatterBot Oscar round 16
ChatterBot Delta round 16
ChatterBot India round 16
2024-10-14 21:54:12.286876 Lima: We should add Romeo
2024-10-14 21:54:12.293370 Golf: No
2024-10-14 21:54:12.293555 Kilo: No
ChatterBot Lima reevaluating
ChatterBot Lima reevaluating
2024-10-14 21:54:12.333829 Golf: Kilo, sending you 10
2024-10-14 21:54:12.337991 Romeo: November, Zulu, Delta and India, sending you 3
2024-10-14 21:54:12.347481 Golf: Lima, sending you 7
2024-10-14 21:54:12.348186 Victor: Romeo, sending you 1
2024-10-14 21:54:12.351983 Oscar: Romeo, November, Victor, Delta and India, sending you 3
2024-10-14 21:54:12.355117 Kilo: Golf, sending you 9
2024-10-14 21:54:12.356322 Romeo: Victor, sending you 1
2024-10-14 21:54:12.359495 November: Romeo, Victor, Oscar, Delta and India, sending you 3
2024-10-14 21:54:12.362490 Victor: November, Zulu, Oscar, Delta and India, sending you 3
2024-10-14 21:54:12.364697 Oscar: Zulu, sending you 1
2024-10-14 21:54:12.367065 Delta: Romeo, November, Victor, Zulu and Oscar, sending you 3
2024-10-14 21:54:12.370218 Kilo: Lima, sending you 7
2024-10-14 21:54:12.370994 Zulu: Romeo, Victor, Delta and India, sending you 3
2024-10-14 21:54:12.374554 Romeo: Oscar, sending you 4
2024-10-14 21:54:12.377990 India: Romeo, November, Victor, Zulu and Oscar, sending you 3
2024-10-14 21:54:12.380751 Lima: Sending you each 2
2024-10-14 21:54:12.382082 November: Zulu, sending you 2
2024-10-14 21:54:12.384948 Delta: India, sending you 2
2024-10-14 21:54:12.388308 Zulu: November, sending you 2
2024-10-14 21:54:12.391527 India: Delta, sending you 2
2024-10-14 21:54:12.394667 Zulu: Oscar, sending you 1
chatterbot India submitting transactions
chatterbot Golf submitting transactions
chatterbot Romeo submitting transactions
chatterbot Delta submitting transactions
chatterbot Lima submitting transactions
chatterbot Victor submitting transactions
chatterbot Kilo submitting transactions
chatterbot Oscar submitting transactions
chatterbot Zulu submitting transactions
chatterbot November submitting transactions
ChatterBot Golf round 17
ChatterBot Kilo round 17
ChatterBot Romeo round 17
ChatterBot November round 17
ChatterBot Victor round 17
ChatterBot Lima round 17
ChatterBot Zulu round 17
ChatterBot Oscar round 17
ChatterBot Delta round 17
ChatterBot India round 17
2024-10-14 21:54:13.602124 Golf: Kilo, sending you 10
2024-10-14 21:54:13.607718 Golf: Lima, sending you 7
2024-10-14 21:54:13.609721 Romeo: November, Zulu, Delta and India, sending you 3
2024-10-14 21:54:13.613847 Kilo: Golf, sending you 9
2024-10-14 21:54:13.614914 Zulu: Romeo, Victor, Delta and India, sending you 3
2024-10-14 21:54:13.618755 Delta: Romeo, November, Victor, Zulu and Oscar, sending you 3
2024-10-14 21:54:13.622656 Victor: Romeo, sending you 1
2024-10-14 21:54:13.626603 Kilo: Lima, sending you 7
2024-10-14 21:54:13.628447 Romeo: Victor, sending you 1
2024-10-14 21:54:13.633177 Oscar: Romeo, November, Victor, Delta and India, sending you 3
2024-10-14 21:54:13.636484 Zulu: November, sending you 2
2024-10-14 21:54:13.640592 Lima: Same as last round
2024-10-14 21:54:13.642302 Delta: India, sending you 2
2024-10-14 21:54:13.645678 India: Romeo, November, Victor, Zulu and Oscar, sending you 3
2024-10-14 21:54:13.649919 Victor: November, Zulu, Oscar, Delta and India, sending you 3
2024-10-14 21:54:13.654603 November: Romeo, Victor, Oscar, Delta and India, sending you 3
2024-10-14 21:54:13.658602 Romeo: Oscar, sending you 4
2024-10-14 21:54:13.662196 Oscar: Zulu, sending you 1
2024-10-14 21:54:13.665448 Zulu: Oscar, sending you 1
2024-10-14 21:54:13.669912 India: Delta, sending you 2
2024-10-14 21:54:13.673966 November: Zulu, sending you 2
chatterbot Romeo submitting transactions
chatterbot Golf submitting transactions
