ChatterBot Sierra round 1
ChatterBot Zulu round 1
ChatterBot Charlie round 1
ChatterBot Hotel round 1
ChatterBot Victor round 1
ChatterBot Lima round 1
ChatterBot Bravo round 1
ChatterBot Whiskey round 1
ChatterBot Mike round 1
ChatterBot Juliett round 1
randomSelections Lima: {Lima, Juliett, Zulu, Charlie, Hotel, Victor} 
2024-10-14 17:26:28.834081 Lima: Can we be friends?
ChatterBot Juliett reevaluating
ChatterBot Zulu reevaluating
ChatterBot Charlie reevaluating
ChatterBot Hotel reevaluating
ChatterBot Victor reevaluating
2024-10-14 17:26:28.848921 Juliett: Yes
2024-10-14 17:26:28.849143 Zulu: Yes
2024-10-14 17:26:28.849310 Charlie: Yes
2024-10-14 17:26:28.849867 Hotel: Yes
2024-10-14 17:26:28.849986 Victor: Yes
ChatterBot Zulu reevaluating
ChatterBot Charlie reevaluating
ChatterBot Hotel reevaluating
ChatterBot Victor reevaluating
ChatterBot Juliett reevaluating
ChatterBot Charlie reevaluating
ChatterBot Hotel reevaluating
ChatterBot Victor reevaluating
ChatterBot Juliett reevaluating
ChatterBot Zulu reevaluating
ChatterBot Hotel reevaluating
ChatterBot Victor reevaluating
ChatterBot Juliett reevaluating
ChatterBot Zulu reevaluating
ChatterBot Charlie reevaluating
ChatterBot Victor reevaluating
ChatterBot Juliett reevaluating
ChatterBot Zulu reevaluating
ChatterBot Charlie reevaluating
ChatterBot Hotel reevaluating
randomSelections Bravo: {Bravo, Hotel, Victor, Sierra, Zulu} 
2024-10-14 17:26:28.916249 Bravo: Friends?
ChatterBot Hotel reevaluating
ChatterBot Victor reevaluating
ChatterBot Sierra reevaluating
ChatterBot Zulu reevaluating
2024-10-14 17:26:28.925487 Hotel: No
2024-10-14 17:26:28.925703 Victor: No
2024-10-14 17:26:28.925891 Sierra: Yes
2024-10-14 17:26:28.926904 Zulu: No
ChatterBot Victor reevaluating
ChatterBot Sierra reevaluating
ChatterBot Zulu reevaluating
ChatterBot Hotel reevaluating
ChatterBot Sierra reevaluating
ChatterBot Zulu reevaluating
ChatterBot Hotel reevaluating
ChatterBot Victor reevaluating
ChatterBot Zulu reevaluating
ChatterBot Hotel reevaluating
ChatterBot Victor reevaluating
ChatterBot Sierra reevaluating
randomSelections Mike: {Mike, Zulu, Charlie, Sierra, Whiskey, Juliett} 
2024-10-14 17:26:28.976623 Mike: We should group up
ChatterBot Zulu reevaluating
ChatterBot Charlie reevaluating
ChatterBot Sierra reevaluating
ChatterBot Whiskey reevaluating
ChatterBot Juliett reevaluating
2024-10-14 17:26:28.992801 Zulu: No
2024-10-14 17:26:28.993051 Charlie: No
2024-10-14 17:26:28.993290 Sierra: No
2024-10-14 17:26:28.994202 Whiskey: Yes
2024-10-14 17:26:28.994373 Juliett: No
ChatterBot Charlie reevaluating
ChatterBot Sierra reevaluating
ChatterBot Whiskey reevaluating
ChatterBot Juliett reevaluating
ChatterBot Zulu reevaluating
ChatterBot Sierra reevaluating
ChatterBot Whiskey reevaluating
ChatterBot Juliett reevaluating
ChatterBot Zulu reevaluating
ChatterBot Charlie reevaluating
ChatterBot Whiskey reevaluating
ChatterBot Juliett reevaluating
ChatterBot Zulu reevaluating
ChatterBot Charlie reevaluating
ChatterBot Sierra reevaluating
ChatterBot Juliett reevaluating
ChatterBot Zulu reevaluating
ChatterBot Charlie reevaluating
ChatterBot Sierra reevaluating
ChatterBot Whiskey reevaluating
2024-10-14 17:26:29.080716 Zulu: Charlie and Hotel, sending you 4
2024-10-14 17:26:29.082670 Hotel: Zulu, sending you 6
2024-10-14 17:26:29.085678 Lima: Zulu, Victor and Juliett, sending you 2
2024-10-14 17:26:29.085972 Zulu: Victor, sending you 1
2024-10-14 17:26:29.086753 Sierra: Victor, sending you 3
2024-10-14 17:26:29.087055 Hotel: Charlie and Lima, sending you 1
2024-10-14 17:26:29.087294 Victor: Zulu, sending you 2
2024-10-14 17:26:29.087715 Juliett: Zulu and Victor, sending you 2
2024-10-14 17:26:29.088746 Mike: Sierra, sending you 5
2024-10-14 17:26:29.089034 Zulu: Juliett, sending you 2
2024-10-14 17:26:29.089668 Charlie: Zulu, Victor and Lima, sending you 3
2024-10-14 17:26:29.090707 Hotel: Juliett, sending you 2
2024-10-14 17:26:29.090949 Victor: Charlie, sending you 6
2024-10-14 17:26:29.091176 Whiskey: Sierra, sending you 1
2024-10-14 17:26:29.091436 Juliett: Charlie, sending you 1
2024-10-14 17:26:29.091749 Bravo: Sierra, sending you 4
2024-10-14 17:26:29.092977 Mike: Zulu, Charlie and Whiskey, sending you 2
2024-10-14 17:26:29.093674 Charlie: Hotel and Juliett, sending you 4
2024-10-14 17:26:29.095086 Victor: Lima, sending you 1
2024-10-14 17:26:29.095370 Juliett: Hotel, sending you 6
2024-10-14 17:26:29.095702 Whiskey: Zulu, sending you 2
2024-10-14 17:26:29.096077 Bravo: Zulu and Hotel, sending you 5
2024-10-14 17:26:29.097688 Victor: Juliett, sending you 5
2024-10-14 17:26:29.099680 Bravo: Victor, sending you 3
2024-10-14 17:26:29.100697 Whiskey: Charlie and Juliett, sending you 3
2024-10-14 17:26:29.105712 Whiskey: Mike, sending you 4
chatterbot Juliett submitting transactions
chatterbot Whiskey submitting transactions
chatterbot Charlie submitting transactions
chatterbot Bravo submitting transactions
chatterbot Lima submitting transactions
chatterbot Hotel submitting transactions
chatterbot Sierra submitting transactions
chatterbot Victor submitting transactions
chatterbot Zulu submitting transactions
chatterbot Mike submitting transactions
ChatterBot Sierra round 2
ChatterBot Zulu round 2
ChatterBot Charlie round 2
ChatterBot Hotel round 2
ChatterBot Victor round 2
ChatterBot Lima round 2
ChatterBot Bravo round 2
ChatterBot Whiskey round 2
ChatterBot Mike round 2
ChatterBot Juliett round 2
2024-10-14 17:26:30.812004 Sierra: Let's form a team
ChatterBot Whiskey reevaluating
ChatterBot Mike reevaluating
ChatterBot Bravo reevaluating
2024-10-14 17:26:30.824501 Whiskey: No
2024-10-14 17:26:30.824713 Mike: Yes
2024-10-14 17:26:30.825528 Bravo: Yes
ChatterBot Mike reevaluating
ChatterBot Bravo reevaluating
ChatterBot Whiskey reevaluating
ChatterBot Bravo reevaluating
ChatterBot Whiskey reevaluating
ChatterBot Mike reevaluating
2024-10-14 17:26:30.866795 Zulu: We should add Bravo
ChatterBot Lima reevaluating
ChatterBot Juliett reevaluating
ChatterBot Charlie reevaluating
ChatterBot Hotel reevaluating
ChatterBot Victor reevaluating
2024-10-14 17:26:30.889368 Lima: Yes
2024-10-14 17:26:30.889528 Juliett: Yes
2024-10-14 17:26:30.889879 Charlie: Yes
2024-10-14 17:26:30.889998 Hotel: Yes
2024-10-14 17:26:30.890691 Victor: No
ChatterBot Juliett reevaluating
ChatterBot Charlie reevaluating
ChatterBot Hotel reevaluating
ChatterBot Victor reevaluating
ChatterBot Lima reevaluating
ChatterBot Charlie reevaluating
ChatterBot Hotel reevaluating
ChatterBot Victor reevaluating
ChatterBot Lima reevaluating
ChatterBot Juliett reevaluating
ChatterBot Hotel reevaluating
ChatterBot Victor reevaluating
ChatterBot Lima reevaluating
ChatterBot Juliett reevaluating
ChatterBot Charlie reevaluating
ChatterBot Victor reevaluating
ChatterBot Lima reevaluating
ChatterBot Juliett reevaluating
ChatterBot Charlie reevaluating
ChatterBot Hotel reevaluating
2024-10-14 17:26:31.025288 Zulu: Bravo we want you to join our group
2024-10-14 17:26:31.029690 Bravo: No
ChatterBot Charlie reevaluating
ChatterBot Hotel reevaluating
ChatterBot Victor reevaluating
ChatterBot Juliett reevaluating
ChatterBot Lima reevaluating
2024-10-14 17:26:31.054332 Victor: We should replace Lima with Bravo
ChatterBot Hotel reevaluating
ChatterBot Zulu reevaluating
ChatterBot Charlie reevaluating
ChatterBot Juliett reevaluating
2024-10-14 17:26:31.070228 Hotel: Yes
2024-10-14 17:26:31.070357 Zulu: Yes
2024-10-14 17:26:31.070459 Charlie: No
2024-10-14 17:26:31.070573 Juliett: No
ChatterBot Zulu reevaluating
ChatterBot Charlie reevaluating
ChatterBot Juliett reevaluating
ChatterBot Hotel reevaluating
ChatterBot Charlie reevaluating
ChatterBot Juliett reevaluating
ChatterBot Hotel reevaluating
ChatterBot Zulu reevaluating
ChatterBot Juliett reevaluating
ChatterBot Hotel reevaluating
ChatterBot Zulu reevaluating
ChatterBot Charlie reevaluating
2024-10-14 17:26:31.136778 Lima: Bravo we want you to join our group
2024-10-14 17:26:31.140869 Bravo: No
ChatterBot Zulu reevaluating
ChatterBot Victor reevaluating
2024-10-14 17:26:31.163215 Charlie: Bravo we want you to join our group
2024-10-14 17:26:31.166976 Bravo: No
ChatterBot Victor reevaluating
2024-10-14 17:26:31.187724 Sierra: Bravo, sending you 1
2024-10-14 17:26:31.188076 Juliett: Bravo we want you to join our group
2024-10-14 17:26:31.192430 Bravo: No
ChatterBot Victor reevaluating
2024-10-14 17:26:31.214409 Hotel: Bravo we want you to join our group
2024-10-14 17:26:31.219098 Bravo: No
ChatterBot Victor reevaluating
2024-10-14 17:26:31.236470 Sierra: Mike, sending you 2
2024-10-14 17:26:31.239063 Whiskey: Sierra and Bravo, sending you 2
2024-10-14 17:26:31.239491 Mike: Sierra and Bravo, sending you 2
2024-10-14 17:26:31.289978 Bravo: Sierra and Whiskey, sending you 6
2024-10-14 17:26:31.290344 Victor: Bravo we want you to join our group
2024-10-14 17:26:31.314483 Bravo: No
ChatterBot Victor reevaluating
2024-10-14 17:26:31.334711 Whiskey: Mike, sending you 9
2024-10-14 17:26:31.335962 Mike: Whiskey, sending you 5
2024-10-14 17:26:31.337094 Bravo: Mike, sending you 5
chatterbot Sierra submitting transactions
2024-10-14 17:26:31.353897 Lima: Charlie, sending you 4
2024-10-14 17:26:31.355232 Charlie: Zulu, sending you 5
2024-10-14 17:26:31.355735 Juliett: Zulu and Hotel, sending you 2
2024-10-14 17:26:31.356331 Hotel: Zulu and Charlie, sending you 2
chatterbot Whiskey submitting transactions
2024-10-14 17:26:31.363704 Lima: Hotel and Victor, sending you 1
2024-10-14 17:26:31.364327 Zulu: Charlie, Victor, Bravo and Juliett, sending you 2
2024-10-14 17:26:31.365253 Charlie: Hotel and Juliett, sending you 2
2024-10-14 17:26:31.365851 Juliett: Charlie and Victor, sending you 3
2024-10-14 17:26:31.367133 Hotel: Bravo and Juliett, sending you 3
2024-10-14 17:26:31.368420 Zulu: Hotel, sending you 3
2024-10-14 17:26:31.375462 Charlie: Victor, sending you 7
2024-10-14 17:26:31.376487 Juliett: Lima, sending you 1
2024-10-14 17:26:31.528986 Victor: Zulu, sending you 2
2024-10-14 17:26:31.548146 Victor: Charlie, sending you 5
2024-10-14 17:26:31.568065 Victor: Bravo, sending you 4
2024-10-14 17:26:31.601365 Victor: Juliett, sending you 3
chatterbot Lima submitting transactions
chatterbot Juliett submitting transactions
chatterbot Charlie submitting transactions
chatterbot Mike submitting transactions
chatterbot Hotel submitting transactions
chatterbot Bravo submitting transactions
chatterbot Zulu submitting transactions
chatterbot Victor submitting transactions
ChatterBot Sierra round 3
ChatterBot Zulu round 3
ChatterBot Charlie round 3
ChatterBot Hotel round 3
ChatterBot Victor round 3
ChatterBot Lima round 3
ChatterBot Bravo round 3
ChatterBot Whiskey round 3
ChatterBot Mike round 3
2024-10-14 17:26:32.438704 Hotel: We should replace Bravo with Lima
ChatterBot Zulu reevaluating
ChatterBot Charlie reevaluating
ChatterBot Victor reevaluating
2024-10-14 17:26:32.460590 Zulu: Yes
2024-10-14 17:26:32.460900 Charlie: Yes
2024-10-14 17:26:32.461818 Victor: No
2024-10-14 17:26:32.462158 Juliett: No
ChatterBot Charlie reevaluating
ChatterBot Victor reevaluating
ChatterBot Hotel reevaluating
ChatterBot Zulu reevaluating
ChatterBot Victor reevaluating
ChatterBot Hotel reevaluating
ChatterBot Zulu reevaluating
ChatterBot Charlie reevaluating
ChatterBot Hotel reevaluating
ChatterBot Zulu reevaluating
ChatterBot Charlie reevaluating
ChatterBot Victor reevaluating
ChatterBot Juliett round 3
2024-10-14 17:26:32.547455 Mike: We should add Zulu
ChatterBot Bravo reevaluating
2024-10-14 17:26:32.558420 Sierra: No
2024-10-14 17:26:32.559095 Whiskey: No
2024-10-14 17:26:32.559428 Bravo: No
ChatterBot Mike reevaluating
ChatterBot Bravo reevaluating
ChatterBot Mike reevaluating
ChatterBot Bravo reevaluating
ChatterBot Mike reevaluating
2024-10-14 17:26:32.599544 Bravo: We should add Lima
ChatterBot Mike reevaluating
2024-10-14 17:26:32.613658 Sierra: No
2024-10-14 17:26:32.613816 Whiskey: No
2024-10-14 17:26:32.613947 Mike: Yes
ChatterBot Mike reevaluating
ChatterBot Bravo reevaluating
ChatterBot Mike reevaluating
ChatterBot Bravo reevaluating
ChatterBot Bravo reevaluating
2024-10-14 17:26:32.650372 Lima: We should drop Bravo
ChatterBot Zulu reevaluating
ChatterBot Hotel reevaluating
ChatterBot Victor reevaluating
2024-10-14 17:26:32.669467 Juliett: Yes
2024-10-14 17:26:32.669634 Zulu: Yes
2024-10-14 17:26:32.669807 Charlie: Yes
2024-10-14 17:26:32.669919 Hotel: Yes
2024-10-14 17:26:32.670029 Victor: Yes
ChatterBot Zulu reevaluating
ChatterBot Hotel reevaluating
ChatterBot Victor reevaluating
ChatterBot Hotel reevaluating
ChatterBot Victor reevaluating
ChatterBot Zulu reevaluating
ChatterBot Hotel reevaluating
ChatterBot Victor reevaluating
ChatterBot Zulu reevaluating
ChatterBot Victor reevaluating
ChatterBot Zulu reevaluating
ChatterBot Hotel reevaluating
2024-10-14 17:26:32.754962 Sierra: Sending you each 1
2024-10-14 17:26:32.757150 Victor: Lima we want you to join our group
2024-10-14 17:26:32.760285 Lima: Yes
ChatterBot Hotel reevaluating
2024-10-14 17:26:32.772875 Zulu: Lima we want you to join our group
2024-10-14 17:26:32.775993 Lima: Yes
ChatterBot Hotel reevaluating
2024-10-14 17:26:32.788819 Mike: Lima we want you to join our group
2024-10-14 17:26:32.791284 Lima: No
ChatterBot Mike reevaluating
ChatterBot Whiskey reevaluating
2024-10-14 17:26:32.801316 Mike: We should add Victor
ChatterBot Whiskey reevaluating
2024-10-14 17:26:32.808581 Sierra: No
2024-10-14 17:26:32.808744 Whiskey: No
2024-10-14 17:26:32.808916 Bravo: No
ChatterBot Whiskey reevaluating
ChatterBot Mike reevaluating
ChatterBot Mike reevaluating
ChatterBot Whiskey reevaluating
ChatterBot Mike reevaluating
2024-10-14 17:26:32.832336 Hotel: Lima we want you to join our group
2024-10-14 17:26:32.835104 Lima: Yes
2024-10-14 17:26:32.846796 Mike: We should add Hotel
ChatterBot Whiskey reevaluating
2024-10-14 17:26:32.853871 Sierra: No
2024-10-14 17:26:32.854030 Whiskey: No
2024-10-14 17:26:32.854134 Bravo: No
ChatterBot Whiskey reevaluating
ChatterBot Mike reevaluating
ChatterBot Mike reevaluating
ChatterBot Whiskey reevaluating
ChatterBot Mike reevaluating
2024-10-14 17:26:32.878488 Lima: Charlie, sending you 3
2024-10-14 17:26:32.878934 Charlie: Zulu, sending you 4
2024-10-14 17:26:32.879736 Juliett: Zulu, Charlie and Hotel, sending you 2
2024-10-14 17:26:32.882675 Charlie: Hotel, sending you 1
2024-10-14 17:26:32.883092 Juliett: Victor, sending you 4
2024-10-14 17:26:32.883436 Zulu: Charlie, sending you 3
2024-10-14 17:26:32.883832 Lima: Hotel, Victor and Juliett, sending you 1
2024-10-14 17:26:32.884226 Victor: Zulu and Lima, sending you 2
2024-10-14 17:26:32.884682 Bravo: Sierra, sending you 5
2024-10-14 17:26:32.886664 Charlie: Victor, sending you 6
2024-10-14 17:26:32.887678 Juliett: Lima, sending you 1
2024-10-14 17:26:32.888138 Victor: Charlie, sending you 7
2024-10-14 17:26:32.888966 Bravo: Whiskey and Mike, sending you 6
2024-10-14 17:26:32.889289 Zulu: Hotel, Victor, Lima and Juliett, sending you 2
2024-10-14 17:26:32.890658 Charlie: Lima and Juliett, sending you 3
2024-10-14 17:26:32.892667 Victor: Juliett, sending you 3
2024-10-14 17:26:32.901675 Hotel: Zulu, Charlie and Juliett, sending you 3
2024-10-14 17:26:32.906686 Hotel: Lima, sending you 1
chatterbot Charlie submitting transactions
chatterbot Juliett submitting transactions
chatterbot Bravo submitting transactions
chatterbot Lima submitting transactions
chatterbot Sierra submitting transactions
chatterbot Zulu submitting transactions
chatterbot Hotel submitting transactions
chatterbot Victor submitting transactions
chatterbot Whiskey submitting transactions
chatterbot Mike submitting transactions
ChatterBot Sierra round 4
ChatterBot Zulu round 4
ChatterBot Charlie round 4
ChatterBot Hotel round 4
ChatterBot Victor round 4
ChatterBot Lima round 4
ChatterBot Bravo round 4
ChatterBot Whiskey round 4
ChatterBot Mike round 4
ChatterBot Juliett round 4
2024-10-14 17:26:34.007117 Mike: We should add Juliett
2024-10-14 17:26:34.014925 Sierra: No
2024-10-14 17:26:34.015086 Whiskey: No
2024-10-14 17:26:34.015238 Bravo: No
ChatterBot Mike reevaluating
ChatterBot Mike reevaluating
ChatterBot Mike reevaluating
2024-10-14 17:26:34.060161 Mike: We should add Lima
2024-10-14 17:26:34.093182 Sierra: No
2024-10-14 17:26:34.093348 Whiskey: No
2024-10-14 17:26:34.093492 Bravo: No
ChatterBot Mike reevaluating
ChatterBot Mike reevaluating
ChatterBot Mike reevaluating
2024-10-14 17:26:34.129268 Hotel: Zulu, sending you 3
2024-10-14 17:26:34.130433 Sierra: Same as last round
2024-10-14 17:26:34.130745 Charlie: Zulu, sending you 4
2024-10-14 17:26:34.133657 Hotel: Charlie, sending you 2
2024-10-14 17:26:34.134385 Zulu: Charlie, sending you 3
2024-10-14 17:26:34.135554 Bravo: Sierra, sending you 5
2024-10-14 17:26:34.135944 Charlie: Hotel, Lima and Juliett, sending you 2
2024-10-14 17:26:34.136534 Lima: Zulu, Hotel, Victor and Juliett, sending you 1
2024-10-14 17:26:34.137269 Hotel: Lima, sending you 1
2024-10-14 17:26:34.138194 Zulu: Hotel, Victor, Lima and Juliett, sending you 2
2024-10-14 17:26:34.139131 Bravo: Whiskey and Mike, sending you 6
2024-10-14 17:26:34.139821 Lima: Charlie, sending you 2
2024-10-14 17:26:34.140679 Charlie: Victor, sending you 6
2024-10-14 17:26:34.142178 Hotel: Juliett, sending you 4
2024-10-14 17:26:34.143411 Juliett: Zulu, sending you 2
2024-10-14 17:26:34.144338 Victor: Zulu, sending you 2
2024-10-14 17:26:34.146681 Juliett: Charlie, Hotel and Victor, sending you 3
2024-10-14 17:26:34.148213 Victor: Charlie, sending you 7
2024-10-14 17:26:34.153336 Victor: Lima, sending you 1
2024-10-14 17:26:34.156686 Victor: Juliett, sending you 4
chatterbot Hotel submitting transactions
chatterbot Victor submitting transactions
chatterbot Juliett submitting transactions
chatterbot Whiskey submitting transactions
chatterbot Sierra submitting transactions
chatterbot Zulu submitting transactions
chatterbot Bravo submitting transactions
chatterbot Charlie submitting transactions
chatterbot Lima submitting transactions
chatterbot Mike submitting transactions
ChatterBot Sierra round 5
ChatterBot Zulu round 5
ChatterBot Charlie round 5
ChatterBot Hotel round 5
ChatterBot Victor round 5
ChatterBot Lima round 5
ChatterBot Bravo round 5
ChatterBot Whiskey round 5
ChatterBot Mike round 5
ChatterBot Juliett round 5
2024-10-14 17:26:35.379130 Mike: We should add Lima
2024-10-14 17:26:35.386883 Sierra: No
2024-10-14 17:26:35.387061 Whiskey: No
2024-10-14 17:26:35.387191 Bravo: No
ChatterBot Mike reevaluating
ChatterBot Mike reevaluating
ChatterBot Mike reevaluating
2024-10-14 17:26:35.415027 Mike: We should add Charlie
2024-10-14 17:26:35.421080 Sierra: No
2024-10-14 17:26:35.421217 Whiskey: No
2024-10-14 17:26:35.421321 Bravo: No
ChatterBot Whiskey reevaluating
ChatterBot Mike reevaluating
ChatterBot Mike reevaluating
ChatterBot Whiskey reevaluating
ChatterBot Mike reevaluating
2024-10-14 17:26:35.444663 Hotel: Zulu, sending you 3
2024-10-14 17:26:35.445214 Lima: Zulu, Hotel, Victor and Juliett, sending you 1
2024-10-14 17:26:35.446360 Zulu: Charlie, sending you 3
2024-10-14 17:26:35.446792 Sierra: Same as last round
2024-10-14 17:26:35.447082 Victor: Zulu, sending you 2
2024-10-14 17:26:35.447503 Charlie: Zulu and Juliett, sending you 3
2024-10-14 17:26:35.447904 Bravo: Sierra, sending you 5
2024-10-14 17:26:35.448667 Lima: Charlie, sending you 2
2024-10-14 17:26:35.449678 Hotel: Charlie, sending you 2
2024-10-14 17:26:35.450156 Zulu: Hotel, Victor, Lima and Juliett, sending you 2
2024-10-14 17:26:35.450687 Victor: Charlie, sending you 7
2024-10-14 17:26:35.451662 Bravo: Whiskey and Mike, sending you 6
2024-10-14 17:26:35.452669 Charlie: Hotel and Lima, sending you 2
2024-10-14 17:26:35.453670 Hotel: Lima, sending you 1
2024-10-14 17:26:35.454092 Victor: Lima, sending you 1
2024-10-14 17:26:35.455650 Charlie: Victor, sending you 6
2024-10-14 17:26:35.456747 Victor: Juliett, sending you 4
2024-10-14 17:26:35.458668 Hotel: Juliett, sending you 4
2024-10-14 17:26:35.462851 Juliett: Zulu and Charlie, sending you 2
2024-10-14 17:26:35.467677 Juliett: Hotel and Victor, sending you 3
2024-10-14 17:26:35.472666 Juliett: Lima, sending you 1
chatterbot Lima submitting transactions
chatterbot Hotel submitting transactions
chatterbot Victor submitting transactions
chatterbot Zulu submitting transactions
chatterbot Charlie submitting transactions
chatterbot Bravo submitting transactions
chatterbot Whiskey submitting transactions
chatterbot Sierra submitting transactions
chatterbot Juliett submitting transactions
chatterbot Mike submitting transactions
ChatterBot Sierra round 6
ChatterBot Zulu round 6
ChatterBot Charlie round 6
ChatterBot Hotel round 6
ChatterBot Victor round 6
ChatterBot Lima round 6
ChatterBot Bravo round 6
ChatterBot Whiskey round 6
ChatterBot Mike round 6
ChatterBot Juliett round 6
2024-10-14 17:26:36.736065 Mike: We should add Hotel
2024-10-14 17:26:36.743331 Sierra: No
2024-10-14 17:26:36.743518 Whiskey: No
2024-10-14 17:26:36.743653 Bravo: No
ChatterBot Mike reevaluating
ChatterBot Mike reevaluating
ChatterBot Mike reevaluating
2024-10-14 17:26:36.765565 Mike: We should add Zulu
2024-10-14 17:26:36.771432 Sierra: No
2024-10-14 17:26:36.771562 Whiskey: No
2024-10-14 17:26:36.771665 Bravo: No
ChatterBot Mike reevaluating
ChatterBot Mike reevaluating
ChatterBot Mike reevaluating
2024-10-14 17:26:36.791863 Zulu: Charlie, sending you 3
2024-10-14 17:26:36.792323 Sierra: Same as last round
2024-10-14 17:26:36.792581 Charlie: Zulu and Juliett, sending you 3
2024-10-14 17:26:36.795652 Zulu: Hotel, Victor, Lima and Juliett, sending you 2
2024-10-14 17:26:36.796163 Victor: Zulu, sending you 2
2024-10-14 17:26:36.796642 Juliett: Zulu and Charlie, sending you 2
2024-10-14 17:26:36.797790 Lima: Zulu and Charlie, sending you 2
2024-10-14 17:26:36.798251 Charlie: Hotel and Lima, sending you 2
2024-10-14 17:26:36.798681 Bravo: Sierra, sending you 5
2024-10-14 17:26:36.798978 Hotel: Zulu, sending you 3
2024-10-14 17:26:36.800668 Victor: Charlie, sending you 7
2024-10-14 17:26:36.801270 Lima: Hotel and Victor, sending you 1
2024-10-14 17:26:36.801808 Bravo: Whiskey and Mike, sending you 6
2024-10-14 17:26:36.802675 Juliett: Hotel and Victor, sending you 3
2024-10-14 17:26:36.803199 Charlie: Victor, sending you 6
2024-10-14 17:26:36.803686 Hotel: Charlie, sending you 2
2024-10-14 17:26:36.805656 Victor: Lima, sending you 1
2024-10-14 17:26:36.806850 Juliett: Lima, sending you 1
2024-10-14 17:26:36.807697 Hotel: Lima, sending you 1
2024-10-14 17:26:36.809668 Victor: Juliett, sending you 4
2024-10-14 17:26:36.810687 Hotel: Juliett, sending you 4
chatterbot Hotel submitting transactions
chatterbot Zulu submitting transactions
chatterbot Juliett submitting transactions
chatterbot Mike submitting transactions
chatterbot Sierra submitting transactions
chatterbot Lima submitting transactions
chatterbot Whiskey submitting transactions
chatterbot Charlie submitting transactions
chatterbot Victor submitting transactions
chatterbot Bravo submitting transactions
ChatterBot Sierra round 7
ChatterBot Zulu round 7
ChatterBot Charlie round 7
ChatterBot Hotel round 7
ChatterBot Victor round 7
ChatterBot Lima round 7
ChatterBot Bravo round 7
ChatterBot Whiskey round 7
ChatterBot Mike round 7
ChatterBot Juliett round 7
2024-10-14 17:26:37.962643 Mike: We should add Lima
2024-10-14 17:26:37.969302 Sierra: No
2024-10-14 17:26:37.969460 Whiskey: No
2024-10-14 17:26:37.969583 Bravo: No
ChatterBot Mike reevaluating
ChatterBot Mike reevaluating
ChatterBot Mike reevaluating
2024-10-14 17:26:37.991333 Mike: We should add Hotel
2024-10-14 17:26:37.996422 Sierra: No
2024-10-14 17:26:37.996555 Whiskey: No
2024-10-14 17:26:37.996664 Bravo: No
ChatterBot Mike reevaluating
ChatterBot Mike reevaluating
ChatterBot Mike reevaluating
2024-10-14 17:26:38.016242 Charlie: Zulu and Juliett, sending you 3
2024-10-14 17:26:38.016806 Zulu: Charlie, sending you 3
2024-10-14 17:26:38.017411 Hotel: Zulu, sending you 3
2024-10-14 17:26:38.021127 Charlie: Hotel and Lima, sending you 2
2024-10-14 17:26:38.021751 Zulu: Hotel, Victor, Lima and Juliett, sending you 2
2024-10-14 17:26:38.022277 Bravo: Sierra, sending you 5
2024-10-14 17:26:38.022678 Victor: Zulu, Charlie and Juliett, sending you 1
2024-10-14 17:26:38.023272 Hotel: Charlie, sending you 2
2024-10-14 17:26:38.023883 Lima: Zulu and Charlie, sending you 2
2024-10-14 17:26:38.024519 Sierra: Same as last round
2024-10-14 17:26:38.025744 Charlie: Victor, sending you 6
2024-10-14 17:26:38.026668 Bravo: Whiskey and Mike, sending you 6
2024-10-14 17:26:38.027255 Hotel: Lima, sending you 1
2024-10-14 17:26:38.028712 Lima: Hotel and Victor, sending you 1
2024-10-14 17:26:38.031776 Hotel: Juliett, sending you 4
2024-10-14 17:26:38.037661 Juliett: Zulu and Charlie, sending you 2
2024-10-14 17:26:38.040681 Juliett: Hotel and Victor, sending you 3
2024-10-14 17:26:38.045681 Juliett: Lima, sending you 1
chatterbot Whiskey submitting transactions
chatterbot Juliett submitting transactions
chatterbot Victor submitting transactions
chatterbot Zulu submitting transactions
chatterbot Mike submitting transactions
chatterbot Hotel submitting transactions
chatterbot Charlie submitting transactions
chatterbot Lima submitting transactions
chatterbot Bravo submitting transactions
chatterbot Sierra submitting transactions
ChatterBot Sierra round 8
ChatterBot Zulu round 8
ChatterBot Charlie round 8
ChatterBot Hotel round 8
ChatterBot Victor round 8
ChatterBot Lima round 8
ChatterBot Bravo round 8
ChatterBot Whiskey round 8
ChatterBot Mike round 8
ChatterBot Juliett round 8
2024-10-14 17:26:39.246201 Mike: We should add Charlie
2024-10-14 17:26:39.257253 Sierra: No
2024-10-14 17:26:39.257512 Whiskey: No
2024-10-14 17:26:39.257759 Bravo: No
ChatterBot Mike reevaluating
ChatterBot Mike reevaluating
ChatterBot Mike reevaluating
2024-10-14 17:26:39.293857 Victor: We should drop Hotel
ChatterBot Zulu reevaluating
ChatterBot Lima reevaluating
2024-10-14 17:26:39.302204 Zulu: No
2024-10-14 17:26:39.302335 Charlie: No
2024-10-14 17:26:39.302437 Lima: No
2024-10-14 17:26:39.302542 Juliett: No
ChatterBot Victor reevaluating
ChatterBot Lima reevaluating
ChatterBot Victor reevaluating
ChatterBot Zulu reevaluating
ChatterBot Lima reevaluating
ChatterBot Victor reevaluating
ChatterBot Zulu reevaluating
ChatterBot Victor reevaluating
ChatterBot Zulu reevaluating
ChatterBot Lima reevaluating
2024-10-14 17:26:39.348941 Mike: We should add Juliett
2024-10-14 17:26:39.355439 Sierra: No
2024-10-14 17:26:39.355582 Whiskey: No
2024-10-14 17:26:39.355697 Bravo: No
ChatterBot Mike reevaluating
ChatterBot Mike reevaluating
ChatterBot Bravo reevaluating
ChatterBot Mike reevaluating
2024-10-14 17:26:39.378164 Bravo: We should add Hotel
ChatterBot Mike reevaluating
2024-10-14 17:26:39.388302 Sierra: No
2024-10-14 17:26:39.388412 Whiskey: No
2024-10-14 17:26:39.388509 Mike: Yes
ChatterBot Mike reevaluating
ChatterBot Bravo reevaluating
ChatterBot Mike reevaluating
ChatterBot Bravo reevaluating
ChatterBot Bravo reevaluating
2024-10-14 17:26:39.416843 Zulu: We should drop Victor
ChatterBot Charlie reevaluating
ChatterBot Lima reevaluating
ChatterBot Juliett reevaluating
2024-10-14 17:26:39.426439 Charlie: Yes
2024-10-14 17:26:39.426568 Hotel: No
2024-10-14 17:26:39.426760 Lima: Yes
2024-10-14 17:26:39.426910 Juliett: Yes
ChatterBot Zulu reevaluating
ChatterBot Lima reevaluating
ChatterBot Juliett reevaluating
ChatterBot Zulu reevaluating
ChatterBot Charlie reevaluating
ChatterBot Lima reevaluating
ChatterBot Juliett reevaluating
ChatterBot Zulu reevaluating
ChatterBot Charlie reevaluating
ChatterBot Juliett reevaluating
ChatterBot Zulu reevaluating
ChatterBot Charlie reevaluating
ChatterBot Hotel reevaluating
ChatterBot Lima reevaluating
2024-10-14 17:26:39.473784 Victor: We should drop Charlie
ChatterBot Zulu reevaluating
ChatterBot Hotel reevaluating
ChatterBot Lima reevaluating
ChatterBot Juliett reevaluating
2024-10-14 17:26:39.490798 Zulu: No
2024-10-14 17:26:39.490913 Hotel: No
2024-10-14 17:26:39.491001 Lima: No
2024-10-14 17:26:39.491087 Juliett: No
ChatterBot Victor reevaluating
ChatterBot Hotel reevaluating
ChatterBot Lima reevaluating
ChatterBot Juliett reevaluating
ChatterBot Victor reevaluating
ChatterBot Zulu reevaluating
ChatterBot Lima reevaluating
ChatterBot Juliett reevaluating
ChatterBot Victor reevaluating
ChatterBot Zulu reevaluating
ChatterBot Hotel reevaluating
ChatterBot Juliett reevaluating
ChatterBot Victor reevaluating
ChatterBot Zulu reevaluating
ChatterBot Hotel reevaluating
ChatterBot Lima reevaluating
2024-10-14 17:26:39.535248 Sierra: Same as last round
2024-10-14 17:26:39.541019 Victor: We should drop Juliett
ChatterBot Zulu reevaluating
ChatterBot Charlie reevaluating
2024-10-14 17:26:39.559238 Zulu: No
2024-10-14 17:26:39.559919 Charlie: No
2024-10-14 17:26:39.560108 Hotel: No
2024-10-14 17:26:39.560276 Lima: No
ChatterBot Victor reevaluating
ChatterBot Charlie reevaluating
ChatterBot Victor reevaluating
ChatterBot Zulu reevaluating
ChatterBot Victor reevaluating
ChatterBot Zulu reevaluating
ChatterBot Charlie reevaluating
ChatterBot Victor reevaluating
ChatterBot Zulu reevaluating
ChatterBot Charlie reevaluating
2024-10-14 17:26:39.605682 Juliett: Zulu, sending you 3
2024-10-14 17:26:39.609066 Victor: We should drop Zulu
2024-10-14 17:26:39.617419 Charlie: No
2024-10-14 17:26:39.617559 Hotel: No
2024-10-14 17:26:39.617663 Lima: No
2024-10-14 17:26:39.617765 Juliett: No
ChatterBot Victor reevaluating
ChatterBot Victor reevaluating
ChatterBot Victor reevaluating
ChatterBot Victor reevaluating
2024-10-14 17:26:39.653258 Juliett: Charlie and Hotel, sending you 4
2024-10-14 17:26:39.655672 Hotel: Zulu, sending you 3
2024-10-14 17:26:39.656664 Bravo: Sierra and Mike, sending you 1
2024-10-14 17:26:39.657145 Lima: Zulu and Charlie, sending you 2
2024-10-14 17:26:39.658838 Charlie: Zulu, sending you 6
2024-10-14 17:26:39.660651 Hotel: Charlie, sending you 2
2024-10-14 17:26:39.660958 Bravo: Whiskey, sending you 2
2024-10-14 17:26:39.661667 Lima: Hotel and Juliett, sending you 1
2024-10-14 17:26:39.663665 Charlie: Hotel, sending you 3
2024-10-14 17:26:39.665735 Hotel: Lima, sending you 1
2024-10-14 17:26:39.666677 Charlie: Lima and Juliett, sending you 4
2024-10-14 17:26:39.670658 Hotel: Juliett, sending you 4
2024-10-14 17:26:39.677713 Victor: Zulu, sending you 2
2024-10-14 17:26:39.682673 Victor: Charlie, sending you 7
2024-10-14 17:26:39.687665 Victor: Lima, sending you 1
2024-10-14 17:26:39.692684 Victor: Juliett, sending you 4
chatterbot Mike submitting transactions
chatterbot Sierra submitting transactions
chatterbot Charlie submitting transactions
chatterbot Hotel submitting transactions
chatterbot Bravo submitting transactions
chatterbot Whiskey submitting transactions
chatterbot Lima submitting transactions
chatterbot Zulu submitting transactions
chatterbot Juliett submitting transactions
chatterbot Victor submitting transactions
ChatterBot Sierra round 9
ChatterBot Zulu round 9
ChatterBot Charlie round 9
ChatterBot Hotel round 9
ChatterBot Victor round 9
ChatterBot Lima round 9
ChatterBot Bravo round 9
ChatterBot Whiskey round 9
ChatterBot Mike round 9
ChatterBot Juliett round 9
2024-10-14 17:26:40.596562 Victor: We should replace Zulu with Hotel
2024-10-14 17:26:40.607818 Charlie: No
2024-10-14 17:26:40.607997 Lima: No
2024-10-14 17:26:40.608143 Juliett: No
ChatterBot Victor reevaluating
ChatterBot Victor reevaluating
2024-10-14 17:26:40.648944 Mike: We should add Hotel
2024-10-14 17:26:40.655632 Sierra: No
2024-10-14 17:26:40.655798 Whiskey: No
2024-10-14 17:26:40.655910 Bravo: No
ChatterBot Mike reevaluating
2024-10-14 17:26:40.680503 Victor: We should replace Lima with Hotel
2024-10-14 17:26:40.687335 Zulu: No
2024-10-14 17:26:40.687480 Charlie: No
2024-10-14 17:26:40.687582 Juliett: No
ChatterBot Victor reevaluating
ChatterBot Victor reevaluating
ChatterBot Victor reevaluating
2024-10-14 17:26:40.709483 Mike: We should add Zulu
2024-10-14 17:26:40.720480 Sierra: No
2024-10-14 17:26:40.720714 Whiskey: No
2024-10-14 17:26:40.721432 Bravo: No
ChatterBot Mike reevaluating
ChatterBot Mike reevaluating
ChatterBot Bravo reevaluating
ChatterBot Mike reevaluating
2024-10-14 17:26:40.742274 Charlie: I was attacked by Mike
ChatterBot Zulu reevaluating
ChatterBot Hotel reevaluating
ChatterBot Lima reevaluating
ChatterBot Juliett reevaluating
2024-10-14 17:26:40.753536 Charlie: I'm keeping this round to protect myself
2024-10-14 17:26:40.754411 Charlie: Ow
2024-10-14 17:26:40.755326 Mike: We should add Lima
ChatterBot Bravo reevaluating
2024-10-14 17:26:40.762828 Sierra: No
2024-10-14 17:26:40.762954 Whiskey: No
2024-10-14 17:26:40.763061 Bravo: No
ChatterBot Mike reevaluating
ChatterBot Bravo reevaluating
ChatterBot Mike reevaluating
ChatterBot Bravo reevaluating
ChatterBot Mike reevaluating
2024-10-14 17:26:40.785916 Sierra: Same as last round
2024-10-14 17:26:40.786262 Victor: Hotel we want you to join our group
ChatterBot Hotel reevaluating
2024-10-14 17:26:40.789196 Hotel: No
ChatterBot Zulu reevaluating
ChatterBot Victor reevaluating
ChatterBot Juliett reevaluating
2024-10-14 17:26:40.800140 Bravo: Hotel we want you to join our group
ChatterBot Hotel reevaluating
2024-10-14 17:26:40.803224 Hotel: No
ChatterBot Bravo reevaluating
ChatterBot Mike reevaluating
2024-10-14 17:26:40.814622 Mike: We should add Victor
ChatterBot Bravo reevaluating
2024-10-14 17:26:40.822619 Sierra: No
2024-10-14 17:26:40.822758 Whiskey: No
2024-10-14 17:26:40.822872 Bravo: No
ChatterBot Mike reevaluating
ChatterBot Bravo reevaluating
ChatterBot Mike reevaluating
ChatterBot Bravo reevaluating
ChatterBot Mike reevaluating
2024-10-14 17:26:40.861124 Mike: We should add Juliett
2024-10-14 17:26:40.872239 Sierra: No
2024-10-14 17:26:40.872441 Whiskey: No
2024-10-14 17:26:40.872620 Bravo: No
ChatterBot Mike reevaluating
ChatterBot Mike reevaluating
ChatterBot Mike reevaluating
2024-10-14 17:26:40.909125 Lima: Zulu and Hotel, sending you 1
2024-10-14 17:26:40.912658 Hotel: Zulu, sending you 2
2024-10-14 17:26:40.913672 Lima: Charlie, sending you 2
2024-10-14 17:26:40.914171 Zulu: Charlie, Hotel and Juliett, sending you 3
2024-10-14 17:26:40.915236 Juliett: Zulu, sending you 2
2024-10-14 17:26:40.917662 Hotel: Charlie, sending you 3
2024-10-14 17:26:40.918133 Zulu: Lima, sending you 2
2024-10-14 17:26:40.920698 Juliett: Charlie and Hotel, sending you 4
2024-10-14 17:26:40.921670 Hotel: Lima, sending you 1
2024-10-14 17:26:40.923720 Juliett: Lima, sending you 1
2024-10-14 17:26:40.925649 Hotel: Juliett, sending you 4
2024-10-14 17:26:40.926672 Bravo: Sending you each 3
chatterbot Lima submitting transactions
chatterbot Hotel submitting transactions
chatterbot Whiskey submitting transactions
chatterbot Bravo submitting transactions
chatterbot Mike submitting transactions
chatterbot Sierra submitting transactions
chatterbot Charlie submitting transactions
chatterbot Juliett submitting transactions
chatterbot Victor submitting transactions
chatterbot Zulu submitting transactions
ChatterBot Sierra round 10
ChatterBot Zulu round 10
ChatterBot Charlie round 10
ChatterBot Hotel round 10
ChatterBot Victor round 10
ChatterBot Lima round 10
ChatterBot Bravo round 10
ChatterBot Whiskey round 10
ChatterBot Mike round 10
ChatterBot Juliett round 10
2024-10-14 17:26:41.884290 Victor: We should replace Zulu with Lima
ChatterBot Juliett reevaluating
2024-10-14 17:26:41.897033 Charlie: No
2024-10-14 17:26:41.897209 Hotel: No
2024-10-14 17:26:41.897341 Juliett: No
ChatterBot Victor reevaluating
ChatterBot Juliett reevaluating
ChatterBot Victor reevaluating
ChatterBot Juliett reevaluating
ChatterBot Victor reevaluating
2024-10-14 17:26:41.938338 Mike: We should add Juliett
2024-10-14 17:26:41.952321 Sierra: No
2024-10-14 17:26:41.952540 Whiskey: No
2024-10-14 17:26:41.952725 Bravo: No
ChatterBot Mike reevaluating
ChatterBot Mike reevaluating
ChatterBot Mike reevaluating
2024-10-14 17:26:41.985800 Victor: We should replace Hotel with Lima
ChatterBot Juliett reevaluating
2024-10-14 17:26:41.997021 Zulu: No
2024-10-14 17:26:41.997168 Charlie: No
2024-10-14 17:26:41.997281 Juliett: No
ChatterBot Victor reevaluating
ChatterBot Juliett reevaluating
ChatterBot Victor reevaluating
ChatterBot Juliett reevaluating
ChatterBot Victor reevaluating
2024-10-14 17:26:42.033691 Mike: We should add Lima
2024-10-14 17:26:42.043624 Sierra: No
2024-10-14 17:26:42.043799 Whiskey: No
2024-10-14 17:26:42.043918 Bravo: No
ChatterBot Mike reevaluating
ChatterBot Mike reevaluating
ChatterBot Mike reevaluating
2024-10-14 17:26:42.073753 Sierra: Same as last round
2024-10-14 17:26:42.074407 Zulu: Charlie, Hotel and Juliett, sending you 3
2024-10-14 17:26:42.074870 Charlie: Zulu and Juliett, sending you 1
2024-10-14 17:26:42.076674 Lima: Zulu and Charlie, sending you 2
2024-10-14 17:26:42.077712 Bravo: Sending you each 1
2024-10-14 17:26:42.078789 Hotel: Zulu, sending you 3
2024-10-14 17:26:42.080308 Zulu: Lima, sending you 2
2024-10-14 17:26:42.080837 Lima: Hotel and Juliett, sending you 1
2024-10-14 17:26:42.082653 Victor: Lima we want you to join our group
2024-10-14 17:26:42.087134 Lima: No
ChatterBot Victor reevaluating
2024-10-14 17:26:42.102375 Hotel: Charlie, sending you 2
2024-10-14 17:26:42.105674 Hotel: Lima, sending you 1
2024-10-14 17:26:42.106691 Juliett: Zulu and Charlie, sending you 3
2024-10-14 17:26:42.108681 Hotel: Juliett, sending you 4
2024-10-14 17:26:42.111686 Juliett: Hotel, sending you 4
2024-10-14 17:26:42.116060 Juliett: Lima, sending you 1
chatterbot Sierra submitting transactions
chatterbot Whiskey submitting transactions
chatterbot Hotel submitting transactions
chatterbot Charlie submitting transactions
chatterbot Bravo submitting transactions
chatterbot Zulu submitting transactions
chatterbot Juliett submitting transactions
chatterbot Lima submitting transactions
chatterbot Mike submitting transactions
chatterbot Victor submitting transactions
ChatterBot Sierra round 11
ChatterBot Zulu round 11
ChatterBot Charlie round 11
ChatterBot Hotel round 11
ChatterBot Victor round 11
ChatterBot Lima round 11
ChatterBot Bravo round 11
ChatterBot Whiskey round 11
ChatterBot Mike round 11
ChatterBot Juliett round 11
2024-10-14 17:26:43.303134 Victor: We should replace Hotel with Zulu
ChatterBot Lima reevaluating
ChatterBot Juliett reevaluating
2024-10-14 17:26:43.321818 Charlie: No
2024-10-14 17:26:43.322052 Lima: No
2024-10-14 17:26:43.322251 Juliett: No
ChatterBot Victor reevaluating
ChatterBot Lima reevaluating
ChatterBot Juliett reevaluating
ChatterBot Victor reevaluating
ChatterBot Juliett reevaluating
ChatterBot Victor reevaluating
ChatterBot Lima reevaluating
2024-10-14 17:26:43.371494 Bravo: We should add Hotel
ChatterBot Mike reevaluating
2024-10-14 17:26:43.379771 Sierra: No
2024-10-14 17:26:43.379915 Whiskey: No
2024-10-14 17:26:43.380025 Mike: Yes
ChatterBot Mike reevaluating
ChatterBot Bravo reevaluating
ChatterBot Mike reevaluating
ChatterBot Bravo reevaluating
ChatterBot Bravo reevaluating
2024-10-14 17:26:43.414695 Charlie: Zulu and Juliett, sending you 5
2024-10-14 17:26:43.415953 Mike: Hotel we want you to join our group
2024-10-14 17:26:43.419022 Hotel: No
ChatterBot Bravo reevaluating
2024-10-14 17:26:43.432240 Charlie: Hotel and Lima, sending you 3
2024-10-14 17:26:43.433133 Victor: Zulu we want you to join our group
2024-10-14 17:26:43.437226 Zulu: No
ChatterBot Victor reevaluating
2024-10-14 17:26:43.451194 Sierra: Same as last round
2024-10-14 17:26:43.454648 Lima: Zulu and Charlie, sending you 2
2024-10-14 17:26:43.455546 Hotel: Zulu, sending you 3
2024-10-14 17:26:43.456006 Juliett: Zulu and Charlie, sending you 3
2024-10-14 17:26:43.456408 Zulu: Charlie, Hotel and Juliett, sending you 3
2024-10-14 17:26:43.458686 Lima: Hotel and Juliett, sending you 1
2024-10-14 17:26:43.459253 Juliett: Hotel, sending you 4
2024-10-14 17:26:43.459763 Zulu: Lima, sending you 2
2024-10-14 17:26:43.460704 Hotel: Charlie, sending you 2
2024-10-14 17:26:43.463655 Hotel: Lima, sending you 1
