ChatterBot Victor round 1
ChatterBot Tango round 1
ChatterBot Papa round 1
ChatterBot Hotel round 1
ChatterBot Bravo round 1
ChatterBot November round 1
ChatterBot Uniform round 1
ChatterBot Golf round 1
ChatterBot Sierra round 1
ChatterBot Lima round 1
randomSelections Victor: {Victor, Uniform, Bravo, Hotel, Lima, Tango, Sierra} 
2024-10-14 17:26:28.322312 Victor: Can we be friends?
ChatterBot Uniform reevaluating
ChatterBot Bravo reevaluating
ChatterBot Hotel reevaluating
ChatterBot Lima reevaluating
ChatterBot Tango reevaluating
ChatterBot Sierra reevaluating
2024-10-14 17:26:28.344363 Uniform: Yes
2024-10-14 17:26:28.345587 Bravo: Yes
2024-10-14 17:26:28.345833 Hotel: Yes
2024-10-14 17:26:28.346117 Lima: Yes
2024-10-14 17:26:28.346475 Tango: Yes
2024-10-14 17:26:28.346604 Sierra: Yes
ChatterBot Bravo reevaluating
ChatterBot Hotel reevaluating
ChatterBot Lima reevaluating
ChatterBot Tango reevaluating
ChatterBot Sierra reevaluating
ChatterBot Uniform reevaluating
ChatterBot Hotel reevaluating
ChatterBot Lima reevaluating
ChatterBot Tango reevaluating
ChatterBot Sierra reevaluating
ChatterBot Uniform reevaluating
ChatterBot Bravo reevaluating
ChatterBot Lima reevaluating
ChatterBot Tango reevaluating
ChatterBot Sierra reevaluating
ChatterBot Uniform reevaluating
ChatterBot Bravo reevaluating
ChatterBot Hotel reevaluating
ChatterBot Tango reevaluating
ChatterBot Sierra reevaluating
ChatterBot Uniform reevaluating
ChatterBot Bravo reevaluating
ChatterBot Hotel reevaluating
ChatterBot Lima reevaluating
ChatterBot Sierra reevaluating
ChatterBot Uniform reevaluating
ChatterBot Bravo reevaluating
ChatterBot Hotel reevaluating
ChatterBot Lima reevaluating
ChatterBot Tango reevaluating
randomSelections November: {November, Hotel, Sierra, Bravo, Golf, Uniform} 
2024-10-14 17:26:28.424929 November: We should group up
ChatterBot Hotel reevaluating
ChatterBot Sierra reevaluating
ChatterBot Bravo reevaluating
ChatterBot Golf reevaluating
ChatterBot Uniform reevaluating
2024-10-14 17:26:28.432765 Hotel: No
2024-10-14 17:26:28.433373 Sierra: No
2024-10-14 17:26:28.433482 Bravo: No
2024-10-14 17:26:28.433628 Golf: Yes
2024-10-14 17:26:28.433772 Uniform: No
ChatterBot Sierra reevaluating
ChatterBot Bravo reevaluating
ChatterBot Golf reevaluating
ChatterBot Uniform reevaluating
ChatterBot Hotel reevaluating
ChatterBot Bravo reevaluating
ChatterBot Golf reevaluating
ChatterBot Uniform reevaluating
ChatterBot Hotel reevaluating
ChatterBot Sierra reevaluating
ChatterBot Golf reevaluating
ChatterBot Uniform reevaluating
ChatterBot Hotel reevaluating
ChatterBot Sierra reevaluating
ChatterBot Bravo reevaluating
ChatterBot Uniform reevaluating
ChatterBot Hotel reevaluating
ChatterBot Sierra reevaluating
ChatterBot Bravo reevaluating
ChatterBot Golf reevaluating
randomSelections Papa: {Papa, Hotel, November, Golf, Uniform, Sierra} 
2024-10-14 17:26:28.479303 Papa: Can we be friends?
ChatterBot Hotel reevaluating
ChatterBot Golf reevaluating
ChatterBot Uniform reevaluating
ChatterBot Sierra reevaluating
2024-10-14 17:26:28.487461 Hotel: No
2024-10-14 17:26:28.487906 November: No
2024-10-14 17:26:28.488145 Golf: No
2024-10-14 17:26:28.488929 Uniform: No
2024-10-14 17:26:28.489185 Sierra: No
ChatterBot Golf reevaluating
ChatterBot Uniform reevaluating
ChatterBot Sierra reevaluating
ChatterBot Hotel reevaluating
ChatterBot Golf reevaluating
ChatterBot Uniform reevaluating
ChatterBot Sierra reevaluating
ChatterBot Hotel reevaluating
ChatterBot Uniform reevaluating
ChatterBot Sierra reevaluating
ChatterBot Hotel reevaluating
ChatterBot Golf reevaluating
ChatterBot Sierra reevaluating
ChatterBot Hotel reevaluating
ChatterBot Golf reevaluating
ChatterBot Uniform reevaluating
2024-10-14 17:26:28.542763 Victor: Hotel, sending you 5
2024-10-14 17:26:28.545476 November: Hotel, Bravo and Sierra, sending you 1
2024-10-14 17:26:28.546004 Tango: Victor, sending you 2
2024-10-14 17:26:28.548686 Victor: Bravo, sending you 4
2024-10-14 17:26:28.550284 Tango: Hotel and Bravo, sending you 1
2024-10-14 17:26:28.554389 November: Uniform and Golf, sending you 3
2024-10-14 17:26:28.555041 Bravo: Victor, sending you 5
2024-10-14 17:26:28.555513 Victor: Sierra and Lima, sending you 1
2024-10-14 17:26:28.556618 Papa: Hotel and Uniform, sending you 4
2024-10-14 17:26:28.557205 Lima: Victor and Tango, sending you 1
2024-10-14 17:26:28.557761 Bravo: Tango and Lima, sending you 1
2024-10-14 17:26:28.567151 Tango: Uniform, sending you 3
2024-10-14 17:26:28.567729 Hotel: Victor, sending you 3
2024-10-14 17:26:28.568215 Golf: Hotel and Bravo, sending you 2
2024-10-14 17:26:28.568585 Uniform: Victor and Tango, sending you 1
2024-10-14 17:26:28.574772 Papa: November, sending you 2
2024-10-14 17:26:28.575275 Sierra: Victor, sending you 1
2024-10-14 17:26:28.575900 Bravo: Hotel and Sierra, sending you 3
2024-10-14 17:26:28.578374 Lima: Bravo, sending you 3
2024-10-14 17:26:28.578938 Golf: November, sending you 4
2024-10-14 17:26:28.579441 Hotel: Tango, sending you 4
2024-10-14 17:26:28.580014 Uniform: Hotel, Bravo, Sierra and Lima, sending you 3
2024-10-14 17:26:28.582352 Sierra: Hotel and Uniform, sending you 3
2024-10-14 17:26:28.586353 Papa: Golf, sending you 1
2024-10-14 17:26:28.586817 Lima: Uniform and Sierra, sending you 2
2024-10-14 17:26:28.587369 Golf: Uniform, sending you 3
2024-10-14 17:26:28.589773 Hotel: Bravo and Lima, sending you 1
2024-10-14 17:26:28.590290 Sierra: Bravo and Lima, sending you 2
2024-10-14 17:26:28.598165 Golf: Sierra, sending you 1
2024-10-14 17:26:28.598662 Hotel: Uniform, sending you 2
chatterbot Uniform submitting transactions
chatterbot Tango submitting transactions
chatterbot Golf submitting transactions
chatterbot Bravo submitting transactions
chatterbot Victor submitting transactions
chatterbot Papa submitting transactions
chatterbot Sierra submitting transactions
chatterbot Lima submitting transactions
chatterbot November submitting transactions
chatterbot Hotel submitting transactions
ChatterBot Victor round 2
ChatterBot Tango round 2
ChatterBot Papa round 2
ChatterBot Hotel round 2
ChatterBot Bravo round 2
ChatterBot November round 2
ChatterBot Uniform round 2
ChatterBot Golf round 2
ChatterBot Sierra round 2
ChatterBot Lima round 2
2024-10-14 17:26:29.716329 Golf: Can we be friends?
ChatterBot November reevaluating
ChatterBot Papa reevaluating
2024-10-14 17:26:29.730166 November: Yes
2024-10-14 17:26:29.730348 Papa: Yes
ChatterBot Papa reevaluating
ChatterBot November reevaluating
2024-10-14 17:26:29.754547 Papa: Group up?
ChatterBot November reevaluating
2024-10-14 17:26:29.769324 Golf: Yes
2024-10-14 17:26:29.769523 November: Yes
ChatterBot November reevaluating
ChatterBot Papa reevaluating
ChatterBot Papa reevaluating
2024-10-14 17:26:29.891404 Sierra: We should drop Tango
ChatterBot Lima reevaluating
2024-10-14 17:26:29.927058 Victor: No
2024-10-14 17:26:29.927323 Hotel: No
2024-10-14 17:26:29.927502 Bravo: No
2024-10-14 17:26:29.927795 Uniform: No
2024-10-14 17:26:29.928034 Lima: Yes
ChatterBot Lima reevaluating
ChatterBot Lima reevaluating
ChatterBot Lima reevaluating
ChatterBot Lima reevaluating
2024-10-14 17:26:30.079018 Tango: Victor, Bravo, Uniform, Sierra and Lima, sending you 1
2024-10-14 17:26:30.166249 Victor: Tango and Hotel, sending you 2
2024-10-14 17:26:30.167184 Tango: Hotel, sending you 2
2024-10-14 17:26:30.167492 Papa: November, sending you 6
2024-10-14 17:26:30.167695 Golf: Papa, sending you 3
2024-10-14 17:26:30.167870 Hotel: Victor, Tango, Bravo, Uniform and Sierra, sending you 2
2024-10-14 17:26:30.168737 Bravo: Victor, sending you 3
2024-10-14 17:26:30.403277 Victor: Bravo, sending you 4
2024-10-14 17:26:30.404365 Golf: November, sending you 9
2024-10-14 17:26:30.404684 Papa: Golf, sending you 5
2024-10-14 17:26:30.405358 Uniform: Victor and Bravo, sending you 1
2024-10-14 17:26:30.405832 Bravo: Tango, Hotel, Uniform, Sierra and Lima, sending you 2
2024-10-14 17:26:30.406797 Sierra: Victor, Hotel, Uniform and Lima, sending you 2
2024-10-14 17:26:30.407187 Hotel: Lima, sending you 1
2024-10-14 17:26:30.407912 November: Papa, sending you 5
chatterbot Tango submitting transactions
chatterbot Sierra submitting transactions
chatterbot Bravo submitting transactions
2024-10-14 17:26:30.408644 Victor: Uniform, Sierra and Lima, sending you 1
2024-10-14 17:26:30.409676 Uniform: Tango, Hotel, Sierra and Lima, sending you 3
2024-10-14 17:26:30.768021 Sierra: Bravo, sending you 3
2024-10-14 17:26:30.768622 November: Golf, sending you 8
2024-10-14 17:26:30.769475 Lima: Victor, Tango, Hotel, Bravo and Sierra, sending you 2
chatterbot Victor submitting transactions
chatterbot Uniform submitting transactions
chatterbot Golf submitting transactions
2024-10-14 17:26:30.996678 Lima: Uniform, sending you 3
chatterbot November submitting transactions
chatterbot Hotel submitting transactions
chatterbot Lima submitting transactions
chatterbot Papa submitting transactions
ChatterBot Victor round 3
ChatterBot Tango round 3
ChatterBot Papa round 3
ChatterBot Hotel round 3
ChatterBot Bravo round 3
ChatterBot November round 3
ChatterBot Uniform round 3
ChatterBot Golf round 3
ChatterBot Sierra round 3
ChatterBot Lima round 3
2024-10-14 17:26:31.325461 November: We should add Tango
ChatterBot Golf reevaluating
2024-10-14 17:26:31.334739 Golf: No
2024-10-14 17:26:31.335758 Papa: No
ChatterBot Golf reevaluating
ChatterBot November reevaluating
2024-10-14 17:26:31.382474 November: We should add Lima
ChatterBot Golf reevaluating
2024-10-14 17:26:31.391538 Golf: No
2024-10-14 17:26:31.391880 Papa: No
ChatterBot November reevaluating
ChatterBot Golf reevaluating
ChatterBot November reevaluating
2024-10-14 17:26:31.413822 November: We should add Sierra
2024-10-14 17:26:31.427154 Golf: No
2024-10-14 17:26:31.427741 Papa: No
ChatterBot November reevaluating
ChatterBot November reevaluating
2024-10-14 17:26:31.452064 November: We should add Victor
2024-10-14 17:26:31.460509 Golf: No
2024-10-14 17:26:31.460827 Papa: No
ChatterBot November reevaluating
ChatterBot November reevaluating
2024-10-14 17:26:31.479330 Papa: November, sending you 7
2024-10-14 17:26:31.480092 Bravo: Victor, sending you 3
2024-10-14 17:26:31.485754 Tango: Victor, Bravo, Uniform, Sierra and Lima, sending you 1
2024-10-14 17:26:31.486284 Papa: Golf, sending you 4
2024-10-14 17:26:31.487145 Hotel: Victor, Tango, Bravo, Uniform and Sierra, sending you 2
2024-10-14 17:26:31.487654 Victor: Tango, Hotel, Bravo, Sierra and Lima, sending you 2
2024-10-14 17:26:31.488719 Lima: Victor, Tango, Hotel, Bravo and Sierra, sending you 2
2024-10-14 17:26:31.489110 Uniform: Victor, sending you 1
2024-10-14 17:26:31.489492 Bravo: Tango, Hotel, Uniform, Sierra and Lima, sending you 2
2024-10-14 17:26:31.490313 Sierra: Victor, Hotel, Bravo and Lima, sending you 2
2024-10-14 17:26:31.490674 Tango: Hotel, sending you 2
2024-10-14 17:26:31.491042 Hotel: Lima, sending you 1
2024-10-14 17:26:31.492305 Victor: Uniform, sending you 1
2024-10-14 17:26:31.492673 Lima: Uniform, sending you 3
2024-10-14 17:26:31.493029 Uniform: Tango and Bravo, sending you 2
2024-10-14 17:26:31.493857 Sierra: Uniform, sending you 3
2024-10-14 17:26:31.499134 Golf: Papa, sending you 4
2024-10-14 17:26:31.499855 Uniform: Hotel, Sierra and Lima, sending you 3
2024-10-14 17:26:31.501804 Golf: November, sending you 8
2024-10-14 17:26:31.530191 November: Papa, sending you 5
2024-10-14 17:26:31.535124 November: Golf, sending you 8
chatterbot Tango submitting transactions
chatterbot Papa submitting transactions
chatterbot Bravo submitting transactions
chatterbot Uniform submitting transactions
chatterbot Golf submitting transactions
chatterbot Victor submitting transactions
chatterbot November submitting transactions
chatterbot Sierra submitting transactions
chatterbot Lima submitting transactions
chatterbot Hotel submitting transactions
ChatterBot Victor round 4
ChatterBot Tango round 4
ChatterBot Papa round 4
ChatterBot Hotel round 4
ChatterBot Bravo round 4
ChatterBot November round 4
ChatterBot Uniform round 4
ChatterBot Golf round 4
ChatterBot Sierra round 4
ChatterBot Lima round 4
2024-10-14 17:26:32.961681 November: We should add Tango
2024-10-14 17:26:32.966378 Golf: No
2024-10-14 17:26:32.966544 Papa: No
ChatterBot November reevaluating
ChatterBot November reevaluating
2024-10-14 17:26:33.011014 Papa: November, sending you 6
2024-10-14 17:26:33.015080 Papa: Golf, sending you 5
2024-10-14 17:26:33.016906 Victor: Tango, Hotel, Bravo, Sierra and Lima, sending you 2
2024-10-14 17:26:33.017693 Uniform: Victor, sending you 1
2024-10-14 17:26:33.018998 Bravo: Victor, sending you 3
2024-10-14 17:26:33.019538 Lima: Victor, Tango, Hotel, Bravo and Sierra, sending you 2
2024-10-14 17:26:33.019991 Sierra: Victor, Hotel, Bravo and Lima, sending you 2
2024-10-14 17:26:33.020281 Victor: Uniform, sending you 1
2024-10-14 17:26:33.021330 Tango: Victor, Bravo, Uniform, Sierra and Lima, sending you 1
2024-10-14 17:26:33.021954 Golf: Papa, sending you 4
2024-10-14 17:26:33.022283 November: Papa, sending you 5
2024-10-14 17:26:33.023039 Hotel: Victor, Tango, Bravo, Uniform and Sierra, sending you 2
2024-10-14 17:26:33.023693 Uniform: Tango and Bravo, sending you 2
2024-10-14 17:26:33.024338 Bravo: Tango, Hotel, Uniform, Sierra and Lima, sending you 2
2024-10-14 17:26:33.025398 Lima: Uniform, sending you 3
2024-10-14 17:26:33.026033 Sierra: Uniform, sending you 3
2024-10-14 17:26:33.027045 Tango: Hotel, sending you 2
2024-10-14 17:26:33.027659 Golf: November, sending you 8
2024-10-14 17:26:33.028106 Uniform: Hotel, Sierra and Lima, sending you 3
2024-10-14 17:26:33.029265 November: Golf, sending you 8
2024-10-14 17:26:33.029630 Hotel: Lima, sending you 1
chatterbot Hotel submitting transactions
chatterbot November submitting transactions
chatterbot Lima submitting transactions
chatterbot Victor submitting transactions
chatterbot Tango submitting transactions
chatterbot Uniform submitting transactions
chatterbot Sierra submitting transactions
chatterbot Papa submitting transactions
chatterbot Golf submitting transactions
chatterbot Bravo submitting transactions
ChatterBot Victor round 5
ChatterBot Tango round 5
ChatterBot Papa round 5
ChatterBot Hotel round 5
ChatterBot Bravo round 5
ChatterBot November round 5
ChatterBot Uniform round 5
ChatterBot Golf round 5
ChatterBot Sierra round 5
ChatterBot Lima round 5
2024-10-14 17:26:34.292582 November: We should add Tango
2024-10-14 17:26:34.298955 Golf: No
2024-10-14 17:26:34.299147 Papa: No
ChatterBot November reevaluating
2024-10-14 17:26:34.318849 Papa: November, sending you 6
2024-10-14 17:26:34.319676 Victor: Tango, Hotel, Bravo, Sierra and Lima, sending you 2
2024-10-14 17:26:34.323675 Papa: Golf, sending you 5
2024-10-14 17:26:34.324253 Victor: Uniform, sending you 1
2024-10-14 17:26:34.328702 Uniform: Victor, Tango, Hotel and Bravo, sending you 2
2024-10-14 17:26:34.329436 Golf: Papa, sending you 4
2024-10-14 17:26:34.330668 Lima: Victor, Tango, Hotel, Bravo and Sierra, sending you 2
2024-10-14 17:26:34.331700 Sierra: Victor, Hotel, Bravo and Lima, sending you 2
2024-10-14 17:26:34.332171 Uniform: Sierra and Lima, sending you 3
2024-10-14 17:26:34.332753 Bravo: Victor, sending you 3
2024-10-14 17:26:34.333698 Lima: Uniform, sending you 3
2024-10-14 17:26:34.334678 Golf: November, sending you 8
2024-10-14 17:26:34.335677 Sierra: Uniform, sending you 3
2024-10-14 17:26:34.336144 Bravo: Tango, Hotel, Uniform, Sierra and Lima, sending you 2
2024-10-14 17:26:34.336867 Hotel: Victor, Tango, Bravo, Uniform and Sierra, sending you 2
2024-10-14 17:26:34.338478 November: Papa, sending you 5
2024-10-14 17:26:34.338887 Tango: Victor, Bravo, Uniform, Sierra and Lima, sending you 1
2024-10-14 17:26:34.340700 Hotel: Lima, sending you 1
2024-10-14 17:26:34.341729 November: Golf, sending you 8
2024-10-14 17:26:34.342679 Tango: Hotel, sending you 2
chatterbot Golf submitting transactions
chatterbot Hotel submitting transactions
chatterbot Uniform submitting transactions
chatterbot Sierra submitting transactions
chatterbot Victor submitting transactions
chatterbot Lima submitting transactions
chatterbot Tango submitting transactions
chatterbot Papa submitting transactions
chatterbot November submitting transactions
chatterbot Bravo submitting transactions
ChatterBot Victor round 6
ChatterBot Tango round 6
ChatterBot Papa round 6
ChatterBot Hotel round 6
ChatterBot Bravo round 6
ChatterBot November round 6
ChatterBot Uniform round 6
ChatterBot Golf round 6
ChatterBot Sierra round 6
2024-10-14 17:26:35.606487 November: We should add Tango
2024-10-14 17:26:35.615542 Golf: No
2024-10-14 17:26:35.615896 Papa: No
ChatterBot November reevaluating
ChatterBot November reevaluating
ChatterBot Lima round 6
2024-10-14 17:26:35.663302 Tango: Victor, Bravo, Uniform, Sierra and Lima, sending you 1
2024-10-14 17:26:35.667671 Tango: Hotel, sending you 2
2024-10-14 17:26:35.669953 Golf: Papa, sending you 4
2024-10-14 17:26:35.673674 Victor: Tango, sending you 1
2024-10-14 17:26:35.675730 Golf: November, sending you 8
2024-10-14 17:26:35.676492 Uniform: Victor, Tango, Hotel and Bravo, sending you 2
2024-10-14 17:26:35.678346 Lima: Victor, Tango, Hotel, Bravo and Sierra, sending you 2
2024-10-14 17:26:35.680062 Hotel: Victor, Tango, Bravo, Uniform and Sierra, sending you 2
2024-10-14 17:26:35.682241 Papa: November, sending you 6
2024-10-14 17:26:35.683121 Bravo: Victor, sending you 3
2024-10-14 17:26:35.685114 November: Papa, sending you 5
2024-10-14 17:26:35.685667 Victor: Hotel, Bravo, Uniform, Sierra and Lima, sending you 2
2024-10-14 17:26:35.687220 Uniform: Sierra and Lima, sending you 3
2024-10-14 17:26:35.688286 Lima: Uniform, sending you 3
2024-10-14 17:26:35.690095 Hotel: Lima, sending you 1
2024-10-14 17:26:35.690946 Papa: Golf, sending you 5
2024-10-14 17:26:35.691529 Bravo: Tango, Hotel, Uniform, Sierra and Lima, sending you 2
2024-10-14 17:26:35.693024 November: Golf, sending you 8
2024-10-14 17:26:35.693419 Sierra: Victor, Hotel, Bravo and Lima, sending you 2
2024-10-14 17:26:35.696706 Sierra: Uniform, sending you 3
chatterbot Lima submitting transactions
chatterbot Golf submitting transactions
chatterbot Bravo submitting transactions
chatterbot Papa submitting transactions
chatterbot November submitting transactions
chatterbot Sierra submitting transactions
chatterbot Victor submitting transactions
chatterbot Tango submitting transactions
chatterbot Hotel submitting transactions
chatterbot Uniform submitting transactions
ChatterBot Victor round 7
ChatterBot Tango round 7
ChatterBot Papa round 7
ChatterBot Hotel round 7
ChatterBot Bravo round 7
ChatterBot November round 7
ChatterBot Uniform round 7
ChatterBot Golf round 7
ChatterBot Sierra round 7
ChatterBot Lima round 7
2024-10-14 17:26:36.890653 Tango: Victor, Bravo, Uniform, Sierra and Lima, sending you 1
2024-10-14 17:26:36.895678 Tango: Hotel, sending you 2
2024-10-14 17:26:36.899664 Victor: Tango, sending you 1
2024-10-14 17:26:36.901679 Golf: Papa, sending you 4
2024-10-14 17:26:36.905727 Victor: Hotel, Bravo, Uniform, Sierra and Lima, sending you 2
2024-10-14 17:26:36.907527 Golf: November, sending you 8
2024-10-14 17:26:36.908034 Papa: November, sending you 6
2024-10-14 17:26:36.908449 Bravo: Victor, sending you 3
2024-10-14 17:26:36.909308 Hotel: Victor, Tango, Bravo, Uniform and Sierra, sending you 2
2024-10-14 17:26:36.910931 Uniform: Victor, Tango, Hotel and Bravo, sending you 2
2024-10-14 17:26:36.911780 Sierra: Victor, Hotel, Bravo and Lima, sending you 2
2024-10-14 17:26:36.912330 Papa: Golf, sending you 5
2024-10-14 17:26:36.913325 Bravo: Tango, Hotel, Uniform, Sierra and Lima, sending you 2
2024-10-14 17:26:36.914694 Sierra: Uniform, sending you 3
2024-10-14 17:26:36.916096 Hotel: Lima, sending you 1
2024-10-14 17:26:36.916861 November: Papa, sending you 5
2024-10-14 17:26:36.917238 Uniform: Sierra and Lima, sending you 3
2024-10-14 17:26:36.918036 Lima: Victor, Tango, Hotel, Bravo and Sierra, sending you 2
2024-10-14 17:26:36.920675 November: Golf, sending you 8
2024-10-14 17:26:36.923662 Lima: Uniform, sending you 3
chatterbot Tango submitting transactions
chatterbot Hotel submitting transactions
chatterbot Golf submitting transactions
chatterbot Sierra submitting transactions
chatterbot Bravo submitting transactions
chatterbot Lima submitting transactions
chatterbot Papa submitting transactions
chatterbot Victor submitting transactions
chatterbot Uniform submitting transactions
chatterbot November submitting transactions
ChatterBot Victor round 8
ChatterBot Tango round 8
ChatterBot Papa round 8
ChatterBot Hotel round 8
ChatterBot Bravo round 8
ChatterBot November round 8
ChatterBot Uniform round 8
ChatterBot Golf round 8
ChatterBot Sierra round 8
ChatterBot Lima round 8
2024-10-14 17:26:38.174058 November: Papa, sending you 5
2024-10-14 17:26:38.176661 Tango: Victor, Bravo, Uniform, Sierra and Lima, sending you 1
2024-10-14 17:26:38.177384 Uniform: Victor, Tango, Hotel and Bravo, sending you 2
2024-10-14 17:26:38.178080 Bravo: Victor, sending you 3
2024-10-14 17:26:38.179239 Papa: November, sending you 6
2024-10-14 17:26:38.179551 November: Golf, sending you 8
2024-10-14 17:26:38.179876 Sierra: Victor, Hotel, Bravo and Lima, sending you 2
2024-10-14 17:26:38.180270 Tango: Hotel, sending you 2
2024-10-14 17:26:38.181705 Uniform: Sierra and Lima, sending you 3
2024-10-14 17:26:38.183674 Bravo: Tango, Hotel, Uniform, Sierra and Lima, sending you 2
2024-10-14 17:26:38.184722 Papa: Golf, sending you 5
2024-10-14 17:26:38.185075 Lima: Victor, Tango, Hotel, Bravo and Sierra, sending you 2
2024-10-14 17:26:38.185805 Sierra: Uniform, sending you 3
2024-10-14 17:26:38.186199 Victor: Tango, sending you 1
2024-10-14 17:26:38.186835 Hotel: Victor, Tango, Bravo, Uniform and Sierra, sending you 2
2024-10-14 17:26:38.188668 Lima: Uniform, sending you 3
2024-10-14 17:26:38.189791 Victor: Hotel, Bravo, Uniform, Sierra and Lima, sending you 2
2024-10-14 17:26:38.191666 Hotel: Lima, sending you 1
2024-10-14 17:26:38.193673 Golf: Papa, sending you 4
2024-10-14 17:26:38.198700 Golf: November, sending you 8
chatterbot Papa submitting transactions
chatterbot Tango submitting transactions
chatterbot Uniform submitting transactions
chatterbot Victor submitting transactions
chatterbot Bravo submitting transactions
chatterbot Sierra submitting transactions
chatterbot November submitting transactions
chatterbot Hotel submitting transactions
chatterbot Lima submitting transactions
chatterbot Golf submitting transactions
ChatterBot Victor round 9
ChatterBot Tango round 9
ChatterBot Papa round 9
ChatterBot Hotel round 9
ChatterBot Bravo round 9
ChatterBot November round 9
ChatterBot Uniform round 9
ChatterBot Golf round 9
ChatterBot Sierra round 9
ChatterBot Lima round 9
2024-10-14 17:26:39.415691 Victor: Tango, sending you 1
2024-10-14 17:26:39.417667 Uniform: Victor, Tango, Hotel and Bravo, sending you 2
2024-10-14 17:26:39.420691 Victor: Hotel, Bravo, Uniform, Sierra and Lima, sending you 2
2024-10-14 17:26:39.421692 Uniform: Sierra and Lima, sending you 3
2024-10-14 17:26:39.422677 November: Papa, sending you 5
2024-10-14 17:26:39.423673 Lima: Victor, Tango, Hotel, Bravo and Sierra, sending you 2
2024-10-14 17:26:39.424812 Sierra: Victor, Hotel, Bravo and Lima, sending you 2
2024-10-14 17:26:39.425674 Tango: Victor, Bravo, Uniform, Sierra and Lima, sending you 1
2024-10-14 17:26:39.426513 Hotel: Victor, Tango, Bravo, Uniform and Sierra, sending you 2
2024-10-14 17:26:39.427344 November: Golf, sending you 8
2024-10-14 17:26:39.428280 Sierra: Uniform, sending you 3
2024-10-14 17:26:39.428747 Lima: Uniform, sending you 3
2024-10-14 17:26:39.429410 Papa: November, sending you 6
2024-10-14 17:26:39.430714 Tango: Hotel, sending you 2
2024-10-14 17:26:39.431910 Hotel: Lima, sending you 1
2024-10-14 17:26:39.432537 Bravo: Victor, sending you 3
2024-10-14 17:26:39.433145 Golf: Papa, sending you 4
2024-10-14 17:26:39.433678 Papa: Golf, sending you 5
2024-10-14 17:26:39.435667 Golf: November, sending you 8
2024-10-14 17:26:39.436699 Bravo: Tango, Hotel, Uniform, Sierra and Lima, sending you 2
chatterbot Sierra submitting transactions
chatterbot November submitting transactions
chatterbot Hotel submitting transactions
chatterbot Lima submitting transactions
chatterbot Victor submitting transactions
chatterbot Uniform submitting transactions
chatterbot Tango submitting transactions
chatterbot Golf submitting transactions
chatterbot Papa submitting transactions
chatterbot Bravo submitting transactions
ChatterBot Victor round 10
ChatterBot Tango round 10
ChatterBot Papa round 10
ChatterBot Hotel round 10
ChatterBot Bravo round 10
ChatterBot November round 10
ChatterBot Uniform round 10
ChatterBot Golf round 10
ChatterBot Sierra round 10
ChatterBot Lima round 10
2024-10-14 17:26:40.531591 November: We should add Bravo
2024-10-14 17:26:40.536865 Golf: No
2024-10-14 17:26:40.537063 Papa: No
ChatterBot November reevaluating
ChatterBot November reevaluating
2024-10-14 17:26:40.563698 Hotel: Victor, Tango, Bravo, Uniform and Sierra, sending you 2
2024-10-14 17:26:40.564773 Victor: Tango, sending you 1
2024-10-14 17:26:40.565668 Papa: November, sending you 6
2024-10-14 17:26:40.568714 Hotel: Lima, sending you 1
2024-10-14 17:26:40.571098 Victor: Hotel, Bravo, Uniform, Sierra and Lima, sending you 2
2024-10-14 17:26:40.573164 Uniform: Victor, Tango, Hotel and Bravo, sending you 2
2024-10-14 17:26:40.574241 Papa: Golf, sending you 5
2024-10-14 17:26:40.574912 Bravo: Victor, sending you 3
2024-10-14 17:26:40.577700 Tango: Victor, Bravo, Uniform, Sierra and Lima, sending you 1
2024-10-14 17:26:40.579646 Uniform: Sierra and Lima, sending you 3
2024-10-14 17:26:40.580389 Bravo: Tango, Hotel, Uniform, Sierra and Lima, sending you 2
2024-10-14 17:26:40.581100 Golf: Papa, sending you 4
2024-10-14 17:26:40.581680 Lima: Victor, Tango, Hotel, Bravo and Sierra, sending you 2
2024-10-14 17:26:40.584065 Tango: Hotel, sending you 2
2024-10-14 17:26:40.585220 Golf: November, sending you 8
2024-10-14 17:26:40.585819 Lima: Uniform, sending you 3
2024-10-14 17:26:40.588664 November: Papa, sending you 5
2024-10-14 17:26:40.590723 Sierra: Victor, Hotel, Bravo and Lima, sending you 2
2024-10-14 17:26:40.592666 November: Golf, sending you 8
2024-10-14 17:26:40.595663 Sierra: Uniform, sending you 3
chatterbot Papa submitting transactions
chatterbot November submitting transactions
chatterbot Tango submitting transactions
chatterbot Sierra submitting transactions
chatterbot Golf submitting transactions
chatterbot Lima submitting transactions
chatterbot Hotel submitting transactions
chatterbot Uniform submitting transactions
chatterbot Victor submitting transactions
chatterbot Bravo submitting transactions
ChatterBot Victor round 11
ChatterBot Tango round 11
ChatterBot Papa round 11
ChatterBot Hotel round 11
ChatterBot Bravo round 11
ChatterBot November round 11
ChatterBot Uniform round 11
ChatterBot Golf round 11
ChatterBot Sierra round 11
ChatterBot Lima round 11
2024-10-14 17:26:41.765217 November: We should add Tango
2024-10-14 17:26:41.770945 Golf: No
2024-10-14 17:26:41.771123 Papa: No
ChatterBot November reevaluating
ChatterBot November reevaluating
2024-10-14 17:26:41.798261 November: We should add Lima
2024-10-14 17:26:41.802275 Golf: No
2024-10-14 17:26:41.802430 Papa: No
ChatterBot November reevaluating
ChatterBot November reevaluating
2024-10-14 17:26:41.814683 Uniform: Victor, Tango, Hotel and Bravo, sending you 2
2024-10-14 17:26:41.815516 Papa: November, sending you 6
2024-10-14 17:26:41.816676 Victor: Tango, sending you 1
2024-10-14 17:26:41.817693 Uniform: Sierra and Lima, sending you 3
2024-10-14 17:26:41.819683 Papa: Golf, sending you 5
2024-10-14 17:26:41.821051 Hotel: Victor, Tango, Bravo, Uniform and Sierra, sending you 2
2024-10-14 17:26:41.822028 Victor: Hotel, Bravo, Uniform, Sierra and Lima, sending you 2
2024-10-14 17:26:41.824669 Hotel: Lima, sending you 1
2024-10-14 17:26:41.825835 Golf: Papa, sending you 4
2024-10-14 17:26:41.826695 Bravo: Victor, sending you 3
2024-10-14 17:26:41.828686 Tango: Victor, Bravo, Uniform and Lima, sending you 1
2024-10-14 17:26:41.829988 Sierra: Victor, Hotel, Bravo and Lima, sending you 2
2024-10-14 17:26:41.830889 Golf: November, sending you 8
2024-10-14 17:26:41.831330 Lima: Victor, Tango, Hotel, Bravo and Sierra, sending you 2
2024-10-14 17:26:41.832189 Bravo: Tango, Hotel, Uniform, Sierra and Lima, sending you 2
2024-10-14 17:26:41.834649 Tango: Hotel, sending you 3
2024-10-14 17:26:41.835649 Sierra: Uniform, sending you 3
2024-10-14 17:26:41.836652 Lima: Uniform, sending you 3
2024-10-14 17:26:41.837440 November: Papa, sending you 5
2024-10-14 17:26:41.841808 November: Golf, sending you 8
chatterbot Hotel submitting transactions
chatterbot Lima submitting transactions
chatterbot Papa submitting transactions
chatterbot Golf submitting transactions
chatterbot Victor submitting transactions
chatterbot Uniform submitting transactions
chatterbot Tango submitting transactions
chatterbot Sierra submitting transactions
chatterbot Bravo submitting transactions
chatterbot November submitting transactions
ChatterBot Victor round 12
ChatterBot Tango round 12
ChatterBot Papa round 12
ChatterBot Hotel round 12
ChatterBot Bravo round 12
ChatterBot November round 12
ChatterBot Uniform round 12
ChatterBot Golf round 12
ChatterBot Sierra round 12
ChatterBot Lima round 12
2024-10-14 17:26:42.936030 Lima: We should drop Tango
2024-10-14 17:26:42.949913 Sierra: Yes
2024-10-14 17:26:42.950091 Victor: No
2024-10-14 17:26:42.950228 Hotel: No
2024-10-14 17:26:42.950350 Bravo: No
2024-10-14 17:26:42.950466 Uniform: No
ChatterBot Victor reevaluating
ChatterBot Bravo reevaluating
ChatterBot Lima reevaluating
ChatterBot Bravo reevaluating
ChatterBot Lima reevaluating
ChatterBot Victor reevaluating
ChatterBot Bravo reevaluating
ChatterBot Lima reevaluating
ChatterBot Victor reevaluating
ChatterBot Lima reevaluating
ChatterBot Victor reevaluating
ChatterBot Bravo reevaluating
ChatterBot Lima reevaluating
2024-10-14 17:26:43.019603 Tango: Victor, Bravo, Uniform and Lima, sending you 1
2024-10-14 17:26:43.022685 Tango: Hotel, sending you 3
2024-10-14 17:26:43.023812 Papa: November, sending you 6
2024-10-14 17:26:43.024458 November: Papa, sending you 5
2024-10-14 17:26:43.025022 Hotel: Victor, Tango, Bravo, Uniform and Sierra, sending you 2
2024-10-14 17:26:43.026833 Papa: Golf, sending you 5
2024-10-14 17:26:43.028669 November: Golf, sending you 8
2024-10-14 17:26:43.029336 Hotel: Lima, sending you 1
2024-10-14 17:26:43.034993 Golf: Papa, sending you 4
2024-10-14 17:26:43.035675 Victor: Tango, sending you 1
2024-10-14 17:26:43.037656 Golf: November, sending you 8
2024-10-14 17:26:43.038786 Sierra: Victor, Hotel, Bravo and Lima, sending you 2
2024-10-14 17:26:43.039676 Uniform: Victor, Tango, Hotel and Bravo, sending you 2
2024-10-14 17:26:43.041686 Victor: Hotel, Bravo, Uniform, Sierra and Lima, sending you 2
2024-10-14 17:26:43.043139 Sierra: Uniform, sending you 3
2024-10-14 17:26:43.044668 Lima: Victor, Tango, Hotel, Bravo and Sierra, sending you 2
2024-10-14 17:26:43.045899 Uniform: Sierra and Lima, sending you 3
2024-10-14 17:26:43.046739 Bravo: Victor, Tango, Uniform, Sierra and Lima, sending you 2
2024-10-14 17:26:43.048669 Lima: Uniform, sending you 3
2024-10-14 17:26:43.050675 Bravo: Hotel, sending you 3
chatterbot Uniform submitting transactions
chatterbot Hotel submitting transactions
chatterbot Victor submitting transactions
chatterbot Golf submitting transactions
chatterbot Tango submitting transactions
chatterbot Lima submitting transactions
chatterbot Bravo submitting transactions
chatterbot Sierra submitting transactions
chatterbot November submitting transactions
chatterbot Papa submitting transactions
ChatterBot Victor round 13
ChatterBot Tango round 13
ChatterBot Papa round 13
ChatterBot Hotel round 13
ChatterBot Bravo round 13
ChatterBot November round 13
ChatterBot Uniform round 13
ChatterBot Golf round 13
ChatterBot Sierra round 13
ChatterBot Lima round 13
2024-10-14 17:26:44.174671 Tango: Victor, Bravo, Uniform and Lima, sending you 1
2024-10-14 17:26:44.180695 Tango: Hotel, sending you 3
2024-10-14 17:26:44.183679 Papa: November, sending you 6
2024-10-14 17:26:44.185693 Victor: Tango, sending you 1
2024-10-14 17:26:44.186822 Bravo: Victor, Tango, Uniform, Sierra and Lima, sending you 2
2024-10-14 17:26:44.192788 Sierra: Victor, Hotel, Bravo and Lima, sending you 2
2024-10-14 17:26:44.193449 November: Papa, sending you 5
2024-10-14 17:26:44.194875 Hotel: Victor, Tango, Bravo, Uniform and Sierra, sending you 2
2024-10-14 17:26:44.196183 Golf: Papa, sending you 4
2024-10-14 17:26:44.197984 Lima: Victor, Tango, Hotel, Bravo and Sierra, sending you 2
2024-10-14 17:26:44.199882 Papa: Golf, sending you 5
2024-10-14 17:26:44.200389 Victor: Hotel, Bravo, Uniform, Sierra and Lima, sending you 2
2024-10-14 17:26:44.207226 Bravo: Hotel, sending you 3
2024-10-14 17:26:44.209492 Sierra: Uniform, sending you 3
2024-10-14 17:26:44.210313 November: Golf, sending you 8
2024-10-14 17:26:44.210883 Hotel: Lima, sending you 1
2024-10-14 17:26:44.213347 Golf: November, sending you 8
2024-10-14 17:26:44.213918 Uniform: Victor, Tango, Hotel and Bravo, sending you 2
2024-10-14 17:26:44.218903 Lima: Uniform, sending you 3
2024-10-14 17:26:44.223670 Uniform: Sierra and Lima, sending you 3
chatterbot Hotel submitting transactions
chatterbot November submitting transactions
chatterbot Uniform submitting transactions
chatterbot Papa submitting transactions
chatterbot Lima submitting transactions
chatterbot Victor submitting transactions
chatterbot Golf submitting transactions
chatterbot Tango submitting transactions
chatterbot Bravo submitting transactions
chatterbot Sierra submitting transactions
ChatterBot Victor round 14
ChatterBot Tango round 14
ChatterBot Papa round 14
ChatterBot Hotel round 14
ChatterBot Bravo round 14
ChatterBot November round 14
ChatterBot Uniform round 14
ChatterBot Golf round 14
2024-10-14 17:26:45.033909 November: We should add Uniform
2024-10-14 17:26:45.039282 Golf: No
2024-10-14 17:26:45.039428 Papa: No
ChatterBot November reevaluating
ChatterBot November reevaluating
ChatterBot Sierra round 14
ChatterBot Lima round 14
2024-10-14 17:26:45.069637 Tango: Victor, Bravo, Uniform and Lima, sending you 1
2024-10-14 17:26:45.073431 Papa: November, sending you 6
2024-10-14 17:26:45.074678 Tango: Hotel, sending you 3
2024-10-14 17:26:45.078654 Papa: Golf, sending you 5
2024-10-14 17:26:45.079716 Golf: Papa, sending you 4
2024-10-14 17:26:45.080166 Hotel: Victor, Tango, Bravo, Uniform and Sierra, sending you 2
2024-10-14 17:26:45.081554 Victor: Tango, sending you 1
2024-10-14 17:26:45.083323 Golf: November, sending you 8
2024-10-14 17:26:45.084674 Hotel: Lima, sending you 1
2024-10-14 17:26:45.086692 Victor: Hotel, Bravo, Uniform, Sierra and Lima, sending you 2
2024-10-14 17:26:45.088327 Sierra: Victor, Hotel, Bravo and Lima, sending you 2
2024-10-14 17:26:45.089678 Uniform: Victor, Tango, Hotel and Bravo, sending you 2
2024-10-14 17:26:45.090848 Bravo: Victor, Tango, Uniform, Sierra and Lima, sending you 2
2024-10-14 17:26:45.093679 Sierra: Uniform, sending you 3
2024-10-14 17:26:45.094197 Uniform: Sierra and Lima, sending you 3
2024-10-14 17:26:45.095675 Lima: Victor, Tango, Hotel, Bravo and Sierra, sending you 2
2024-10-14 17:26:45.096698 Bravo: Hotel, sending you 3
2024-10-14 17:26:45.098164 November: Papa, sending you 5
2024-10-14 17:26:45.099696 Lima: Uniform, sending you 3
2024-10-14 17:26:45.101712 November: Golf, sending you 8
chatterbot Sierra submitting transactions
chatterbot Uniform submitting transactions
chatterbot November submitting transactions
chatterbot Lima submitting transactions
chatterbot Papa submitting transactions
chatterbot Golf submitting transactions
chatterbot Victor submitting transactions
chatterbot Hotel submitting transactions
chatterbot Tango submitting transactions
chatterbot Bravo submitting transactions
ChatterBot Victor round 15
ChatterBot Tango round 15
ChatterBot Papa round 15
ChatterBot Hotel round 15
ChatterBot Bravo round 15
ChatterBot November round 15
ChatterBot Uniform round 15
ChatterBot Golf round 15
ChatterBot Sierra round 15
ChatterBot Lima round 15
2024-10-14 17:26:46.322671 Hotel: Victor, Tango, Bravo, Uniform and Sierra, sending you 2
2024-10-14 17:26:46.324425 Papa: November, sending you 6
2024-10-14 17:26:46.324948 Tango: Victor, Bravo, Uniform and Lima, sending you 1
2024-10-14 17:26:46.326701 Hotel: Lima, sending you 1
2024-10-14 17:26:46.329834 Papa: Golf, sending you 5
2024-10-14 17:26:46.330428 Tango: Hotel, sending you 3
2024-10-14 17:26:46.331988 Golf: Papa, sending you 4
2024-10-14 17:26:46.334688 Golf: November, sending you 8
2024-10-14 17:26:46.335929 Lima: Victor, Tango, Hotel, Bravo and Sierra, sending you 2
2024-10-14 17:26:46.339696 Uniform: Victor, Tango, Hotel and Bravo, sending you 2
2024-10-14 17:26:46.341608 Bravo: Victor, Tango, Uniform, Sierra and Lima, sending you 2
2024-10-14 17:26:46.343601 Victor: Tango, sending you 1
2024-10-14 17:26:46.344934 Lima: Uniform, sending you 3
2024-10-14 17:26:46.346847 November: Papa, sending you 5
2024-10-14 17:26:46.347991 Sierra: Victor, Hotel, Bravo and Lima, sending you 2
2024-10-14 17:26:46.348837 Uniform: Sierra and Lima, sending you 3
2024-10-14 17:26:46.350728 Bravo: Hotel, sending you 3
2024-10-14 17:26:46.352586 Victor: Hotel, Bravo, Uniform, Sierra and Lima, sending you 2
2024-10-14 17:26:46.354819 November: Golf, sending you 8
2024-10-14 17:26:46.355436 Sierra: Uniform, sending you 3
chatterbot Victor submitting transactions
chatterbot Sierra submitting transactions
chatterbot November submitting transactions
chatterbot Papa submitting transactions
chatterbot Uniform submitting transactions
chatterbot Hotel submitting transactions
chatterbot Tango submitting transactions
chatterbot Bravo submitting transactions
chatterbot Golf submitting transactions
chatterbot Lima submitting transactions
ChatterBot Victor round 16
ChatterBot Tango round 16
ChatterBot Papa round 16
ChatterBot Hotel round 16
ChatterBot Bravo round 16
ChatterBot November round 16
ChatterBot Uniform round 16
ChatterBot Golf round 16
ChatterBot Sierra round 16
ChatterBot Lima round 16
2024-10-14 17:26:47.567674 Papa: November, sending you 6
2024-10-14 17:26:47.571704 Hotel: Victor, Tango, Bravo, Uniform and Sierra, sending you 2
2024-10-14 17:26:47.574160 Papa: Golf, sending you 5
2024-10-14 17:26:47.574754 November: Papa, sending you 5
2024-10-14 17:26:47.576017 Bravo: Victor, Tango, Uniform, Sierra and Lima, sending you 2
2024-10-14 17:26:47.577999 Hotel: Lima, sending you 1
2024-10-14 17:26:47.580821 Uniform: Victor, Tango, Hotel and Bravo, sending you 2
2024-10-14 17:26:47.583428 Lima: Victor, Tango, Hotel, Bravo and Sierra, sending you 2
2024-10-14 17:26:47.586117 Tango: Victor, Bravo, Uniform and Lima, sending you 1
2024-10-14 17:26:47.588684 Golf: Papa, sending you 4
2024-10-14 17:26:47.590145 November: Golf, sending you 8
2024-10-14 17:26:47.590827 Bravo: Hotel, sending you 3
2024-10-14 17:26:47.593551 Uniform: Sierra and Lima, sending you 3
2024-10-14 17:26:47.596094 Lima: Uniform, sending you 3
2024-10-14 17:26:47.598431 Tango: Hotel, sending you 3
2024-10-14 17:26:47.600748 Victor: Tango, sending you 1
2024-10-14 17:26:47.602311 Golf: November, sending you 8
2024-10-14 17:26:47.603630 Sierra: Victor, Hotel, Bravo and Lima, sending you 2
2024-10-14 17:26:47.604992 Victor: Hotel, Bravo, Uniform, Sierra and Lima, sending you 2
2024-10-14 17:26:47.608664 Sierra: Uniform, sending you 3
chatterbot Uniform submitting transactions
chatterbot Lima submitting transactions
chatterbot Bravo submitting transactions
chatterbot November submitting transactions
chatterbot Tango submitting transactions
chatterbot Hotel submitting transactions
chatterbot Papa submitting transactions
chatterbot Golf submitting transactions
chatterbot Victor submitting transactions
