ChatterBot Alpha round 1
ChatterBot Papa round 1
ChatterBot Golf round 1
ChatterBot Victor round 1
ChatterBot Kilo round 1
ChatterBot Quebec round 1
ChatterBot Juliett round 1
ChatterBot X-ray round 1
ChatterBot Mike round 1
ChatterBot Romeo round 1
randomSelections Alpha: {Alpha, Golf, Juliett, Quebec, Kilo, Victor} 
2024-10-14 17:26:28.692984 Alpha: Let's form a team
ChatterBot Golf reevaluating
ChatterBot Juliett reevaluating
ChatterBot Quebec reevaluating
ChatterBot Kilo reevaluating
ChatterBot Victor reevaluating
2024-10-14 17:26:28.708925 Golf: Yes
2024-10-14 17:26:28.709835 Juliett: Yes
2024-10-14 17:26:28.710764 Quebec: Yes
2024-10-14 17:26:28.711095 Kilo: Yes
2024-10-14 17:26:28.711573 Victor: Yes
ChatterBot Juliett reevaluating
ChatterBot Quebec reevaluating
ChatterBot Kilo reevaluating
ChatterBot Victor reevaluating
ChatterBot Golf reevaluating
ChatterBot Quebec reevaluating
ChatterBot Kilo reevaluating
ChatterBot Victor reevaluating
ChatterBot Golf reevaluating
ChatterBot Juliett reevaluating
ChatterBot Kilo reevaluating
ChatterBot Victor reevaluating
ChatterBot Golf reevaluating
ChatterBot Juliett reevaluating
ChatterBot Quebec reevaluating
ChatterBot Victor reevaluating
ChatterBot Golf reevaluating
ChatterBot Juliett reevaluating
ChatterBot Quebec reevaluating
ChatterBot Kilo reevaluating
randomSelections Papa: {Papa, X-ray, Kilo, Golf, Juliett, Alpha} 
2024-10-14 17:26:28.784015 Papa: Friends?
ChatterBot X-ray reevaluating
ChatterBot Kilo reevaluating
ChatterBot Golf reevaluating
ChatterBot Juliett reevaluating
2024-10-14 17:26:28.797363 X-ray: Yes
2024-10-14 17:26:28.797571 Kilo: No
2024-10-14 17:26:28.797736 Golf: No
2024-10-14 17:26:28.797876 Juliett: No
2024-10-14 17:26:28.798050 Alpha: No
ChatterBot Kilo reevaluating
ChatterBot Golf reevaluating
ChatterBot Juliett reevaluating
ChatterBot X-ray reevaluating
ChatterBot Golf reevaluating
ChatterBot Juliett reevaluating
ChatterBot X-ray reevaluating
ChatterBot Kilo reevaluating
ChatterBot Juliett reevaluating
ChatterBot X-ray reevaluating
ChatterBot Kilo reevaluating
ChatterBot Golf reevaluating
ChatterBot X-ray reevaluating
ChatterBot Kilo reevaluating
ChatterBot Golf reevaluating
ChatterBot Juliett reevaluating
randomSelections Mike: {Mike, Romeo, Golf, Alpha, Juliett} 
2024-10-14 17:26:28.859625 Mike: Friends?
ChatterBot Romeo reevaluating
ChatterBot Golf reevaluating
ChatterBot Juliett reevaluating
2024-10-14 17:26:28.869400 Romeo: Yes
2024-10-14 17:26:28.869546 Golf: No
2024-10-14 17:26:28.870689 Alpha: No
2024-10-14 17:26:28.870921 Juliett: No
ChatterBot Golf reevaluating
ChatterBot Juliett reevaluating
ChatterBot Romeo reevaluating
ChatterBot Juliett reevaluating
ChatterBot Romeo reevaluating
ChatterBot Golf reevaluating
ChatterBot Juliett reevaluating
ChatterBot Romeo reevaluating
ChatterBot Golf reevaluating
2024-10-14 17:26:28.933505 Alpha: Golf and Juliett, sending you 2
2024-10-14 17:26:28.939479 Juliett: Alpha, Golf and Kilo, sending you 2
2024-10-14 17:26:28.940012 Alpha: Victor, sending you 3
2024-10-14 17:26:28.940986 Kilo: Alpha and Quebec, sending you 1
2024-10-14 17:26:28.941427 Victor: Alpha, sending you 8
2024-10-14 17:26:28.941993 Golf: Alpha, Victor and Quebec, sending you 3
2024-10-14 17:26:28.942951 Mike: Alpha, sending you 2
2024-10-14 17:26:28.943392 Juliett: Victor and Quebec, sending you 4
2024-10-14 17:26:28.944421 Quebec: Alpha and Victor, sending you 3
2024-10-14 17:26:28.944881 Romeo: Alpha and Golf, sending you 1
2024-10-14 17:26:28.945230 Kilo: Golf and Juliett, sending you 2
2024-10-14 17:26:28.946372 X-ray: Alpha, sending you 1
2024-10-14 17:26:28.946820 Alpha: Kilo and Quebec, sending you 1
2024-10-14 17:26:28.947266 Victor: Kilo, sending you 1
2024-10-14 17:26:28.948250 Golf: Kilo and Juliett, sending you 2
2024-10-14 17:26:28.948607 Mike: Golf, sending you 5
2024-10-14 17:26:28.949371 Quebec: Golf and Juliett, sending you 2
2024-10-14 17:26:28.955928 Kilo: Victor, sending you 3
2024-10-14 17:26:28.956435 X-ray: Golf, sending you 4
2024-10-14 17:26:28.957256 Victor: Juliett, sending you 4
2024-10-14 17:26:28.957702 Mike: Juliett and Romeo, sending you 3
2024-10-14 17:26:28.958505 Quebec: Kilo, sending you 1
2024-10-14 17:26:28.976863 X-ray: Juliett, sending you 3
chatterbot Kilo submitting transactions
chatterbot Victor submitting transactions
chatterbot Quebec submitting transactions
chatterbot Alpha submitting transactions
chatterbot Mike submitting transactions
chatterbot Romeo submitting transactions
chatterbot X-ray submitting transactions
chatterbot Papa submitting transactions
chatterbot Juliett submitting transactions
chatterbot Golf submitting transactions
ChatterBot Alpha round 2
ChatterBot Papa round 2
ChatterBot Golf round 2
ChatterBot Victor round 2
ChatterBot Kilo round 2
ChatterBot Quebec round 2
ChatterBot Juliett round 2
ChatterBot X-ray round 2
ChatterBot Mike round 2
ChatterBot Romeo round 2
2024-10-14 17:26:30.281587 Papa: We should group up
ChatterBot X-ray reevaluating
2024-10-14 17:26:30.287394 X-ray: Yes
2024-10-14 17:26:30.291698 X-ray: Can we be friends?
2024-10-14 17:26:30.296597 Papa: Yes
ChatterBot X-ray reevaluating
2024-10-14 17:26:30.307398 Romeo: Can we be friends?
ChatterBot Mike reevaluating
2024-10-14 17:26:30.313438 Mike: Yes
2024-10-14 17:26:30.317777 Mike: Can we be friends?
2024-10-14 17:26:30.322810 Romeo: Yes
ChatterBot Mike reevaluating
2024-10-14 17:26:30.344258 Golf: We should add Mike
ChatterBot Alpha reevaluating
ChatterBot Juliett reevaluating
ChatterBot Quebec reevaluating
ChatterBot Kilo reevaluating
2024-10-14 17:26:30.372461 Alpha: No
2024-10-14 17:26:30.372736 Juliett: Yes
2024-10-14 17:26:30.372866 Quebec: No
2024-10-14 17:26:30.373312 Kilo: No
2024-10-14 17:26:30.373443 Victor: No
ChatterBot Golf reevaluating
ChatterBot Juliett reevaluating
ChatterBot Quebec reevaluating
ChatterBot Kilo reevaluating
ChatterBot Alpha reevaluating
ChatterBot Golf reevaluating
ChatterBot Quebec reevaluating
ChatterBot Kilo reevaluating
ChatterBot Alpha reevaluating
ChatterBot Golf reevaluating
ChatterBot Juliett reevaluating
ChatterBot Kilo reevaluating
ChatterBot Alpha reevaluating
ChatterBot Golf reevaluating
ChatterBot Juliett reevaluating
ChatterBot Quebec reevaluating
ChatterBot Alpha reevaluating
ChatterBot Golf reevaluating
ChatterBot Juliett reevaluating
ChatterBot Quebec reevaluating
ChatterBot Kilo reevaluating
2024-10-14 17:26:30.526753 Juliett: We should add X-ray
ChatterBot Alpha reevaluating
ChatterBot Golf reevaluating
ChatterBot Quebec reevaluating
ChatterBot Kilo reevaluating
2024-10-14 17:26:30.573259 Alpha: Yes
2024-10-14 17:26:30.573549 Golf: Yes
2024-10-14 17:26:30.573749 Quebec: Yes
2024-10-14 17:26:30.574253 Kilo: Yes
2024-10-14 17:26:30.574405 Victor: Yes
ChatterBot Golf reevaluating
ChatterBot Juliett reevaluating
ChatterBot Quebec reevaluating
ChatterBot Kilo reevaluating
ChatterBot Alpha reevaluating
ChatterBot Juliett reevaluating
ChatterBot Quebec reevaluating
ChatterBot Kilo reevaluating
ChatterBot Alpha reevaluating
ChatterBot Golf reevaluating
ChatterBot Juliett reevaluating
ChatterBot Kilo reevaluating
ChatterBot Alpha reevaluating
ChatterBot Golf reevaluating
ChatterBot Juliett reevaluating
ChatterBot Quebec reevaluating
ChatterBot Alpha reevaluating
ChatterBot Golf reevaluating
ChatterBot Juliett reevaluating
ChatterBot Quebec reevaluating
ChatterBot Kilo reevaluating
2024-10-14 17:26:30.866553 Juliett: X-ray we want you to join our group
2024-10-14 17:26:30.876651 X-ray: No
ChatterBot Alpha reevaluating
ChatterBot Golf reevaluating
2024-10-14 17:26:31.072367 Quebec: Alpha and Kilo, sending you 1
2024-10-14 17:26:31.073240 Kilo: Alpha and Victor, sending you 3
2024-10-14 17:26:31.073556 Romeo: Sending you 5
2024-10-14 17:26:31.073766 X-ray: Sending you 17
2024-10-14 17:26:31.074482 Victor: Alpha, Golf, Kilo and Juliett, sending you 3
2024-10-14 17:26:31.074779 Alpha: X-ray we want you to join our group
2024-10-14 17:26:31.080296 X-ray: No
2024-10-14 17:26:31.111137 Golf: X-ray we want you to join our group
2024-10-14 17:26:31.116204 X-ray: No
ChatterBot Kilo reevaluating
chatterbot Victor submitting transactions
chatterbot Papa submitting transactions
2024-10-14 17:26:31.148655 Quebec: Golf, sending you 4
2024-10-14 17:26:31.149609 Victor: Quebec, sending you 1
2024-10-14 17:26:31.193217 Juliett: Alpha, Golf, Kilo and Quebec, sending you 2
2024-10-14 17:26:31.194248 Mike: Sending you 13
2024-10-14 17:26:31.194629 Quebec: Juliett, sending you 5
2024-10-14 17:26:31.195082 Kilo: X-ray we want you to join our group
2024-10-14 17:26:31.200607 X-ray: No
ChatterBot Alpha reevaluating
ChatterBot Kilo reevaluating
2024-10-14 17:26:31.232535 Juliett: Victor and X-ray, sending you 3
chatterbot Golf submitting transactions
2024-10-14 17:26:31.258304 Kilo: We should drop X-ray
ChatterBot Alpha reevaluating
2024-10-14 17:26:31.352325 Alpha: Yes
2024-10-14 17:26:31.352745 Golf: Yes
2024-10-14 17:26:31.353766 Juliett: Yes
2024-10-14 17:26:31.354162 Quebec: Yes
2024-10-14 17:26:31.355145 Victor: Yes
ChatterBot Kilo reevaluating
ChatterBot Alpha reevaluating
ChatterBot Kilo reevaluating
ChatterBot Alpha reevaluating
ChatterBot Golf reevaluating
ChatterBot Kilo reevaluating
ChatterBot Alpha reevaluating
ChatterBot Golf reevaluating
ChatterBot Kilo reevaluating
ChatterBot Alpha reevaluating
ChatterBot Golf reevaluating
ChatterBot Juliett reevaluating
ChatterBot Kilo reevaluating
2024-10-14 17:26:31.598642 Juliett: We should replace X-ray with Mike
ChatterBot Alpha reevaluating
ChatterBot Golf reevaluating
ChatterBot Kilo reevaluating
2024-10-14 17:26:31.648550 Alpha: No
2024-10-14 17:26:31.648805 Golf: No
2024-10-14 17:26:31.648957 Quebec: No
2024-10-14 17:26:31.649098 Kilo: No
2024-10-14 17:26:31.649242 Victor: No
ChatterBot Golf reevaluating
ChatterBot Juliett reevaluating
ChatterBot Kilo reevaluating
ChatterBot Alpha reevaluating
ChatterBot Juliett reevaluating
ChatterBot Kilo reevaluating
ChatterBot Alpha reevaluating
ChatterBot Golf reevaluating
ChatterBot Juliett reevaluating
ChatterBot Kilo reevaluating
ChatterBot Alpha reevaluating
ChatterBot Golf reevaluating
ChatterBot Juliett reevaluating
ChatterBot Alpha reevaluating
ChatterBot Golf reevaluating
ChatterBot Juliett reevaluating
ChatterBot Kilo reevaluating
chatterbot Mike submitting transactions
chatterbot Alpha submitting transactions
chatterbot X-ray submitting transactions
chatterbot Romeo submitting transactions
2024-10-14 17:26:31.950336 Juliett: Mike we want you to join our group
ChatterBot Mike reevaluating
2024-10-14 17:26:31.956915 Mike: No
ChatterBot Juliett reevaluating
ChatterBot Alpha reevaluating
chatterbot Juliett submitting transactions
chatterbot Quebec submitting transactions
2024-10-14 17:26:32.017513 Mike: Sorry, I'm actually sending you 0
2024-10-14 17:26:32.024185 Alpha: Golf, Victor and Quebec, sending you 3
2024-10-14 17:26:32.029646 Alpha: Kilo, sending you 1
2024-10-14 17:26:32.033775 Juliett: Sorry, I'm actually sending you 0
2024-10-14 17:26:32.035674 Alpha: Juliett, sending you 2
2024-10-14 17:26:32.043992 Juliett: Victor and Mike, sending you 3
chatterbot Alpha submitting transactions
chatterbot Golf submitting transactions
chatterbot Juliett submitting transactions
chatterbot Mike submitting transactions
chatterbot Kilo submitting transactions
ChatterBot Alpha round 3
ChatterBot Papa round 3
ChatterBot Golf round 3
ChatterBot Victor round 3
ChatterBot Kilo round 3
ChatterBot Quebec round 3
ChatterBot Juliett round 3
ChatterBot X-ray round 3
ChatterBot Mike round 3
ChatterBot Romeo round 3
2024-10-14 17:26:32.887149 X-ray: We should add Mike
2024-10-14 17:26:32.889980 Papa: No
ChatterBot X-ray reevaluating
2024-10-14 17:26:32.902828 Juliett: We should replace Mike with X-ray
2024-10-14 17:26:32.915260 Alpha: No
2024-10-14 17:26:32.915477 Golf: No
2024-10-14 17:26:32.915608 Quebec: No
2024-10-14 17:26:32.915745 Kilo: No
2024-10-14 17:26:32.915868 Victor: No
ChatterBot Juliett reevaluating
ChatterBot Juliett reevaluating
ChatterBot Juliett reevaluating
2024-10-14 17:26:32.984343 X-ray: We should add Romeo
2024-10-14 17:26:32.987986 Papa: No
ChatterBot X-ray reevaluating
2024-10-14 17:26:32.993940 X-ray: Can we be friends?
ChatterBot Romeo reevaluating
2024-10-14 17:26:33.003022 Mike: No
2024-10-14 17:26:33.003199 Romeo: Yes
ChatterBot X-ray reevaluating
ChatterBot Romeo reevaluating
ChatterBot X-ray reevaluating
2024-10-14 17:26:33.016379 Romeo: We should add X-ray
2024-10-14 17:26:33.019765 Mike: Yes
ChatterBot Romeo reevaluating
2024-10-14 17:26:33.023835 Kilo: We should drop X-ray
ChatterBot Juliett reevaluating
2024-10-14 17:26:33.039556 Alpha: Yes
2024-10-14 17:26:33.041293 Golf: Yes
2024-10-14 17:26:33.041439 Juliett: Yes
2024-10-14 17:26:33.041603 Quebec: Yes
2024-10-14 17:26:33.041759 Victor: Yes
ChatterBot Juliett reevaluating
ChatterBot Juliett reevaluating
ChatterBot Juliett reevaluating
ChatterBot Juliett reevaluating
2024-10-14 17:26:33.205022 Alpha: Golf, Victor, Kilo and Juliett, sending you 3
2024-10-14 17:26:33.205661 Romeo: X-ray we want you to join our group
ChatterBot X-ray reevaluating
2024-10-14 17:26:33.209648 X-ray: Yes
2024-10-14 17:26:33.214723 Papa: Sending you 4
2024-10-14 17:26:33.215481 Alpha: Quebec, sending you 1
2024-10-14 17:26:33.215974 Victor: Alpha, Golf, Kilo and Juliett, sending you 3
2024-10-14 17:26:33.217727 Quebec: Alpha, Golf and Juliett, sending you 3
2024-10-14 17:26:33.219690 Victor: Quebec, sending you 1
2024-10-14 17:26:33.220772 Quebec: Victor and Kilo, sending you 1
2024-10-14 17:26:33.221867 Mike: Sending you 13
2024-10-14 17:26:33.226688 Romeo: X-ray, sending you 2
2024-10-14 17:26:33.229709 Romeo: Mike, sending you 8
2024-10-14 17:26:33.238703 Juliett: Alpha, Golf, Kilo and Mike, sending you 2
2024-10-14 17:26:33.243881 Juliett: Victor and Quebec, sending you 3
2024-10-14 17:26:33.244382 X-ray: Mike, sending you 9
2024-10-14 17:26:33.249659 X-ray: Romeo, sending you 8
chatterbot Papa submitting transactions
chatterbot Victor submitting transactions
chatterbot X-ray submitting transactions
chatterbot Golf submitting transactions
chatterbot Kilo submitting transactions
chatterbot Romeo submitting transactions
chatterbot Alpha submitting transactions
chatterbot Mike submitting transactions
chatterbot Quebec submitting transactions
chatterbot Juliett submitting transactions
ChatterBot Alpha round 4
ChatterBot Papa round 4
ChatterBot Golf round 4
ChatterBot Victor round 4
ChatterBot Kilo round 4
ChatterBot Quebec round 4
ChatterBot Juliett round 4
ChatterBot X-ray round 4
ChatterBot Mike round 4
ChatterBot Romeo round 4
2024-10-14 17:26:34.459730 Juliett: We should replace Mike with X-ray
2024-10-14 17:26:34.471679 Alpha: No
2024-10-14 17:26:34.471858 Golf: No
2024-10-14 17:26:34.471971 Quebec: No
2024-10-14 17:26:34.472096 Kilo: No
2024-10-14 17:26:34.472691 Victor: No
ChatterBot Juliett reevaluating
ChatterBot Juliett reevaluating
ChatterBot Juliett reevaluating
2024-10-14 17:26:34.534540 Mike: We should add X-ray
2024-10-14 17:26:34.536926 Romeo: Yes
2024-10-14 17:26:34.541894 Kilo: We should drop X-ray
ChatterBot Juliett reevaluating
2024-10-14 17:26:34.552215 Alpha: Yes
2024-10-14 17:26:34.552339 Golf: Yes
2024-10-14 17:26:34.552434 Juliett: Yes
2024-10-14 17:26:34.552521 Quebec: Yes
2024-10-14 17:26:34.552620 Victor: Yes
ChatterBot Juliett reevaluating
ChatterBot Juliett reevaluating
ChatterBot Juliett reevaluating
ChatterBot Juliett reevaluating
2024-10-14 17:26:34.603601 Mike: X-ray we want you to join our group
2024-10-14 17:26:34.606035 X-ray: Yes
2024-10-14 17:26:34.610272 Alpha: Golf, Victor, Quebec and Juliett, sending you 3
2024-10-14 17:26:34.612673 Juliett: X-ray we want you to join our group
2024-10-14 17:26:34.616049 X-ray: No
ChatterBot Juliett reevaluating
2024-10-14 17:26:34.632224 Juliett: We should replace Mike with Papa
2024-10-14 17:26:34.645258 Alpha: No
2024-10-14 17:26:34.645461 Golf: No
2024-10-14 17:26:34.646158 Quebec: No
2024-10-14 17:26:34.646320 Kilo: No
2024-10-14 17:26:34.646448 Victor: No
ChatterBot Juliett reevaluating
ChatterBot Juliett reevaluating
ChatterBot Juliett reevaluating
ChatterBot Juliett reevaluating
ChatterBot Juliett reevaluating
2024-10-14 17:26:34.701877 Papa: Sending you 6
2024-10-14 17:26:34.702140 Victor: Alpha, Kilo and Juliett, sending you 3
2024-10-14 17:26:34.702583 Alpha: Kilo, sending you 2
2024-10-14 17:26:34.705661 Quebec: Alpha and Kilo, sending you 2
2024-10-14 17:26:34.706200 Romeo: X-ray, sending you 5
2024-10-14 17:26:34.706665 Victor: Golf and Quebec, sending you 2
2024-10-14 17:26:34.707775 Mike: X-ray, sending you 6
2024-10-14 17:26:34.708159 X-ray: Mike, sending you 1
2024-10-14 17:26:34.708672 Quebec: Golf, sending you 3
2024-10-14 17:26:34.710692 Romeo: Mike, sending you 7
2024-10-14 17:26:34.711656 Mike: Romeo, sending you 7
2024-10-14 17:26:34.711928 X-ray: Romeo, sending you 16
2024-10-14 17:26:34.712158 Quebec: Juliett, sending you 4
2024-10-14 17:26:34.727686 Juliett: Alpha and Golf, sending you 2
2024-10-14 17:26:34.732691 Juliett: Victor, Kilo and Quebec, sending you 3
2024-10-14 17:26:34.735686 Juliett: X-ray, sending you 1
chatterbot Alpha submitting transactions
chatterbot Kilo submitting transactions
chatterbot Golf submitting transactions
chatterbot Romeo submitting transactions
chatterbot Quebec submitting transactions
chatterbot X-ray submitting transactions
chatterbot Victor submitting transactions
chatterbot Mike submitting transactions
chatterbot Papa submitting transactions
chatterbot Juliett submitting transactions
ChatterBot Alpha round 5
ChatterBot Papa round 5
ChatterBot Golf round 5
ChatterBot Victor round 5
ChatterBot Kilo round 5
2024-10-14 17:26:35.811238 Papa: We should add Mike and Romeo
ChatterBot X-ray reevaluating
2024-10-14 17:26:35.814932 X-ray: Yes
ChatterBot Quebec round 5
ChatterBot Juliett round 5
ChatterBot X-ray round 5
ChatterBot Mike round 5
ChatterBot Romeo round 5
2024-10-14 17:26:35.828542 Papa: Mike and Romeo we want you to join our group
ChatterBot Mike reevaluating
ChatterBot Romeo reevaluating
2024-10-14 17:26:35.834057 Mike: Yes
2024-10-14 17:26:35.834221 Romeo: No
ChatterBot X-ray reevaluating
ChatterBot Romeo reevaluating
ChatterBot X-ray reevaluating
ChatterBot Mike reevaluating
2024-10-14 17:26:35.851338 Juliett: We should replace X-ray with Papa
2024-10-14 17:26:35.861439 Alpha: No
2024-10-14 17:26:35.861590 Golf: No
2024-10-14 17:26:35.861763 Quebec: No
2024-10-14 17:26:35.861927 Kilo: No
2024-10-14 17:26:35.862091 Victor: No
2024-10-14 17:26:35.921725 Kilo: We should drop X-ray
2024-10-14 17:26:35.934267 Alpha: Yes
2024-10-14 17:26:35.934408 Golf: Yes
2024-10-14 17:26:35.934511 Juliett: Yes
2024-10-14 17:26:35.934602 Quebec: Yes
2024-10-14 17:26:35.934702 Victor: Yes
2024-10-14 17:26:36.016707 Juliett: Papa we want you to join our group
2024-10-14 17:26:36.020770 Papa: No
2024-10-14 17:26:36.036676 Alpha: Golf, sending you 4
2024-10-14 17:26:36.038680 Papa: X-ray, sending you 4
2024-10-14 17:26:36.040715 Victor: Alpha, Kilo and Juliett, sending you 3
2024-10-14 17:26:36.041666 Alpha: Victor, Kilo and Juliett, sending you 3
2024-10-14 17:26:36.043672 Papa: Mike and Romeo, sending you 1
2024-10-14 17:26:36.044677 Victor: Golf and Quebec, sending you 2
2024-10-14 17:26:36.045342 Alpha: Quebec, sending you 2
2024-10-14 17:26:36.046493 Romeo: Sending you each 7
2024-10-14 17:26:36.051127 Juliett: Alpha and Golf, sending you 2
2024-10-14 17:26:36.051718 X-ray: Mike, sending you 8
2024-10-14 17:26:36.052665 Quebec: Alpha, sending you 2
2024-10-14 17:26:36.053669 Mike: X-ray, sending you 5
2024-10-14 17:26:36.053913 Juliett: Papa, sending you 1
2024-10-14 17:26:36.054702 X-ray: Romeo, sending you 9
2024-10-14 17:26:36.056711 Mike: Romeo, sending you 8
2024-10-14 17:26:36.057714 Quebec: Golf, sending you 3
2024-10-14 17:26:36.058607 Juliett: Victor, Kilo and Quebec, sending you 3
2024-10-14 17:26:36.062738 Quebec: Victor and Kilo, sending you 1
2024-10-14 17:26:36.068708 Quebec: Juliett, sending you 4
chatterbot Juliett submitting transactions
chatterbot X-ray submitting transactions
chatterbot Mike submitting transactions
chatterbot Victor submitting transactions
chatterbot Golf submitting transactions
chatterbot Alpha submitting transactions
chatterbot Romeo submitting transactions
chatterbot Papa submitting transactions
chatterbot Quebec submitting transactions
chatterbot Kilo submitting transactions
ChatterBot Alpha round 6
ChatterBot Papa round 6
ChatterBot Golf round 6
ChatterBot Victor round 6
ChatterBot Kilo round 6
ChatterBot Quebec round 6
ChatterBot Juliett round 6
ChatterBot X-ray round 6
ChatterBot Mike round 6
ChatterBot Romeo round 6
2024-10-14 17:26:37.054287 Kilo: We should drop X-ray
2024-10-14 17:26:37.067540 Alpha: Yes
2024-10-14 17:26:37.067872 Golf: Yes
2024-10-14 17:26:37.068106 Juliett: Yes
2024-10-14 17:26:37.068283 Quebec: Yes
2024-10-14 17:26:37.069051 Victor: Yes
2024-10-14 17:26:37.166654 Quebec: Alpha, Golf and Victor, sending you 2
2024-10-14 17:26:37.169297 Papa: X-ray, sending you 4
2024-10-14 17:26:37.169702 Quebec: Kilo, sending you 1
2024-10-14 17:26:37.172664 Quebec: Juliett, sending you 4
2024-10-14 17:26:37.173673 Papa: Mike and Romeo, sending you 1
2024-10-14 17:26:37.173971 Victor: Alpha, Kilo and Juliett, sending you 3
2024-10-14 17:26:37.174631 Mike: Papa, sending you 3
2024-10-14 17:26:37.179068 Victor: Golf and Quebec, sending you 2
2024-10-14 17:26:37.179836 X-ray: Mike, sending you 7
2024-10-14 17:26:37.180126 Mike: X-ray, sending you 4
2024-10-14 17:26:37.180315 Alpha: Golf, sending you 4
2024-10-14 17:26:37.181685 Romeo: Same as last round
2024-10-14 17:26:37.182800 X-ray: Romeo, sending you 10
2024-10-14 17:26:37.183294 Mike: Romeo, sending you 6
2024-10-14 17:26:37.184697 Alpha: Victor, Kilo, Quebec and Juliett, sending you 3
2024-10-14 17:26:37.186703 Juliett: Alpha and Golf, sending you 2
2024-10-14 17:26:37.189669 Juliett: Papa, sending you 1
2024-10-14 17:26:37.194694 Juliett: Victor, Kilo and Quebec, sending you 3
chatterbot X-ray submitting transactions
chatterbot Juliett submitting transactions
chatterbot Papa submitting transactions
chatterbot Alpha submitting transactions
chatterbot Mike submitting transactions
chatterbot Golf submitting transactions
chatterbot Quebec submitting transactions
chatterbot Victor submitting transactions
chatterbot Romeo submitting transactions
chatterbot Kilo submitting transactions
ChatterBot Alpha round 7
ChatterBot Papa round 7
ChatterBot Golf round 7
ChatterBot Victor round 7
ChatterBot Kilo round 7
ChatterBot Quebec round 7
ChatterBot Juliett round 7
ChatterBot X-ray round 7
ChatterBot Mike round 7
ChatterBot Romeo round 7
2024-10-14 17:26:38.161284 Kilo: We should drop X-ray
2024-10-14 17:26:38.173477 Alpha: Yes
2024-10-14 17:26:38.174049 Golf: Yes
2024-10-14 17:26:38.174241 Juliett: Yes
2024-10-14 17:26:38.174363 Quebec: Yes
2024-10-14 17:26:38.174478 Victor: Yes
2024-10-14 17:26:38.226686 Alpha: Golf, sending you 4
2024-10-14 17:26:38.227981 Papa: X-ray, sending you 3
2024-10-14 17:26:38.228580 Juliett: Alpha, sending you 2
2024-10-14 17:26:38.229189 X-ray: Papa and Mike, sending you 5
2024-10-14 17:26:38.231654 Alpha: Victor, Kilo, Quebec and Juliett, sending you 3
2024-10-14 17:26:38.232679 Papa: Mike, sending you 2
2024-10-14 17:26:38.233695 Juliett: Golf, Victor, Kilo and Quebec, sending you 3
2024-10-14 17:26:38.234130 X-ray: Romeo, sending you 7
2024-10-14 17:26:38.237693 Romeo: Papa, sending you 2
2024-10-14 17:26:38.238132 Papa: Romeo, sending you 1
2024-10-14 17:26:38.239682 Mike: X-ray, sending you 6
2024-10-14 17:26:38.240662 Romeo: X-ray and Mike, sending you 6
2024-10-14 17:26:38.244678 Victor: Alpha, Kilo and Juliett, sending you 3
2024-10-14 17:26:38.245568 Mike: Romeo, sending you 7
2024-10-14 17:26:38.246001 Quebec: Alpha, Golf and Victor, sending you 2
2024-10-14 17:26:38.249659 Victor: Golf and Quebec, sending you 2
2024-10-14 17:26:38.251669 Quebec: Kilo, sending you 1
2024-10-14 17:26:38.255209 Quebec: Juliett, sending you 4
chatterbot Golf submitting transactions
chatterbot Juliett submitting transactions
chatterbot Romeo submitting transactions
chatterbot X-ray submitting transactions
chatterbot Papa submitting transactions
chatterbot Victor submitting transactions
chatterbot Alpha submitting transactions
chatterbot Kilo submitting transactions
chatterbot Mike submitting transactions
chatterbot Quebec submitting transactions
ChatterBot Alpha round 8
ChatterBot Papa round 8
ChatterBot Golf round 8
ChatterBot Victor round 8
ChatterBot Kilo round 8
ChatterBot Quebec round 8
ChatterBot Juliett round 8
ChatterBot X-ray round 8
ChatterBot Mike round 8
ChatterBot Romeo round 8
2024-10-14 17:26:39.436400 Kilo: We should drop X-ray
2024-10-14 17:26:39.451767 Alpha: Yes
2024-10-14 17:26:39.452003 Golf: Yes
2024-10-14 17:26:39.452164 Juliett: Yes
2024-10-14 17:26:39.452398 Quebec: Yes
2024-10-14 17:26:39.452652 Victor: Yes
2024-10-14 17:26:39.521667 Victor: Alpha, Kilo and Juliett, sending you 3
2024-10-14 17:26:39.523693 Papa: X-ray, sending you 3
2024-10-14 17:26:39.527697 Victor: Golf and Quebec, sending you 2
2024-10-14 17:26:39.529031 Papa: Mike, sending you 2
2024-10-14 17:26:39.529724 Quebec: Alpha, Golf and Victor, sending you 2
2024-10-14 17:26:39.531328 Alpha: Golf and Victor, sending you 4
2024-10-14 17:26:39.532697 Papa: Romeo, sending you 1
2024-10-14 17:26:39.532991 X-ray: Papa, sending you 4
2024-10-14 17:26:39.534701 Quebec: Kilo, sending you 1
2024-10-14 17:26:39.536679 Alpha: Kilo and Juliett, sending you 3
2024-10-14 17:26:39.537555 X-ray: Mike, sending you 5
2024-10-14 17:26:39.539679 Quebec: Juliett, sending you 4
2024-10-14 17:26:39.541432 Mike: Papa, sending you 3
2024-10-14 17:26:39.541897 Alpha: Quebec, sending you 2
2024-10-14 17:26:39.542971 X-ray: Romeo, sending you 8
2024-10-14 17:26:39.544001 Juliett: Alpha, sending you 2
2024-10-14 17:26:39.544593 Romeo: Papa, sending you 2
2024-10-14 17:26:39.545060 Mike: X-ray, sending you 4
2024-10-14 17:26:39.546690 Juliett: Golf, Victor, Kilo and Quebec, sending you 3
2024-10-14 17:26:39.547649 Romeo: X-ray and Mike, sending you 6
2024-10-14 17:26:39.547927 Mike: Romeo, sending you 6
chatterbot Golf submitting transactions
chatterbot Papa submitting transactions
chatterbot Romeo submitting transactions
chatterbot X-ray submitting transactions
chatterbot Kilo submitting transactions
chatterbot Juliett submitting transactions
chatterbot Victor submitting transactions
chatterbot Mike submitting transactions
chatterbot Quebec submitting transactions
chatterbot Alpha submitting transactions
ChatterBot Alpha round 9
ChatterBot Papa round 9
ChatterBot Golf round 9
ChatterBot Victor round 9
ChatterBot Kilo round 9
ChatterBot Quebec round 9
ChatterBot Juliett round 9
ChatterBot X-ray round 9
ChatterBot Mike round 9
ChatterBot Romeo round 9
2024-10-14 17:26:40.717884 Kilo: We should drop X-ray
2024-10-14 17:26:40.729496 Alpha: Yes
2024-10-14 17:26:40.729677 Golf: Yes
2024-10-14 17:26:40.729804 Juliett: Yes
2024-10-14 17:26:40.729915 Quebec: Yes
2024-10-14 17:26:40.730025 Victor: Yes
2024-10-14 17:26:40.790669 Victor: Alpha, Kilo and Juliett, sending you 3
2024-10-14 17:26:40.794671 Alpha: Golf, Kilo, Quebec and Juliett, sending you 3
2024-10-14 17:26:40.795855 Mike: Papa, sending you 3
2024-10-14 17:26:40.796208 X-ray: Papa, sending you 4
2024-10-14 17:26:40.796672 Victor: Golf and Quebec, sending you 2
2024-10-14 17:26:40.799694 Quebec: Alpha, Golf, Victor and Kilo, sending you 2
2024-10-14 17:26:40.801349 Romeo: Sending you each 7
2024-10-14 17:26:40.801822 Alpha: Victor, sending you 4
2024-10-14 17:26:40.803277 Mike: X-ray, sending you 4
2024-10-14 17:26:40.803670 X-ray: Mike, sending you 5
2024-10-14 17:26:40.804013 Juliett: Alpha, sending you 2
2024-10-14 17:26:40.804939 Quebec: Juliett, sending you 3
2024-10-14 17:26:40.806661 Mike: Romeo, sending you 6
2024-10-14 17:26:40.806995 X-ray: Romeo, sending you 8
2024-10-14 17:26:40.808097 Papa: Sending you each 2
2024-10-14 17:26:40.808695 Juliett: Golf, Victor, Kilo and Quebec, sending you 3
chatterbot Romeo submitting transactions
chatterbot X-ray submitting transactions
chatterbot Mike submitting transactions
chatterbot Juliett submitting transactions
chatterbot Kilo submitting transactions
chatterbot Quebec submitting transactions
chatterbot Papa submitting transactions
chatterbot Victor submitting transactions
chatterbot Golf submitting transactions
chatterbot Alpha submitting transactions
ChatterBot Alpha round 10
ChatterBot Papa round 10
ChatterBot Golf round 10
ChatterBot Victor round 10
ChatterBot Kilo round 10
ChatterBot Quebec round 10
ChatterBot Juliett round 10
ChatterBot X-ray round 10
ChatterBot Mike round 10
ChatterBot Romeo round 10
2024-10-14 17:26:41.928001 Kilo: We should drop X-ray
2024-10-14 17:26:41.941017 Alpha: Yes
2024-10-14 17:26:41.941231 Golf: Yes
2024-10-14 17:26:41.941382 Juliett: Yes
2024-10-14 17:26:41.941537 Quebec: Yes
2024-10-14 17:26:41.942195 Victor: Yes
2024-10-14 17:26:42.001683 Papa: Same as last round
2024-10-14 17:26:42.004008 Alpha: Golf, Kilo, Quebec and Juliett, sending you 3
2024-10-14 17:26:42.005336 Victor: Alpha, Kilo and Juliett, sending you 3
2024-10-14 17:26:42.008681 Alpha: Victor, sending you 4
2024-10-14 17:26:42.011394 Victor: Golf and Quebec, sending you 2
2024-10-14 17:26:42.013277 Quebec: Alpha, Golf, Victor and Kilo, sending you 2
2024-10-14 17:26:42.015745 X-ray: Papa, sending you 4
2024-10-14 17:26:42.018679 Quebec: Juliett, sending you 3
2024-10-14 17:26:42.019871 X-ray: Mike, sending you 5
2024-10-14 17:26:42.020928 Juliett: Alpha, sending you 2
2024-10-14 17:26:42.021517 Romeo: Papa, sending you 2
2024-10-14 17:26:42.024143 Mike: Papa, sending you 3
2024-10-14 17:26:42.024669 X-ray: Romeo, sending you 8
2024-10-14 17:26:42.025693 Juliett: Golf, Victor, Kilo and Quebec, sending you 3
2024-10-14 17:26:42.026345 Romeo: X-ray and Mike, sending you 6
2024-10-14 17:26:42.027820 Mike: X-ray, sending you 4
2024-10-14 17:26:42.031675 Mike: Romeo, sending you 6
chatterbot Victor submitting transactions
chatterbot Quebec submitting transactions
chatterbot X-ray submitting transactions
chatterbot Romeo submitting transactions
chatterbot Kilo submitting transactions
chatterbot Papa submitting transactions
chatterbot Alpha submitting transactions
chatterbot Golf submitting transactions
chatterbot Mike submitting transactions
chatterbot Juliett submitting transactions
ChatterBot Alpha round 11
ChatterBot Papa round 11
ChatterBot Golf round 11
ChatterBot Victor round 11
ChatterBot Kilo round 11
ChatterBot Quebec round 11
ChatterBot Juliett round 11
ChatterBot X-ray round 11
ChatterBot Mike round 11
ChatterBot Romeo round 11
2024-10-14 17:26:43.203290 Kilo: We should drop X-ray
2024-10-14 17:26:43.217924 Alpha: Yes
2024-10-14 17:26:43.218097 Golf: Yes
2024-10-14 17:26:43.218222 Juliett: Yes
2024-10-14 17:26:43.218342 Quebec: Yes
2024-10-14 17:26:43.218453 Victor: Yes
2024-10-14 17:26:43.277678 Papa: Same as last round
2024-10-14 17:26:43.278172 Alpha: Golf, Kilo, Quebec and Juliett, sending you 3
2024-10-14 17:26:43.279659 Victor: Alpha, Kilo and Juliett, sending you 3
2024-10-14 17:26:43.282934 Alpha: Victor, sending you 4
2024-10-14 17:26:43.284447 Victor: Golf and Quebec, sending you 2
2024-10-14 17:26:43.288702 Romeo: Papa, sending you 2
2024-10-14 17:26:43.290679 Juliett: Golf and Quebec, sending you 1
2024-10-14 17:26:43.291312 X-ray: Papa, sending you 3
2024-10-14 17:26:43.293995 Romeo: X-ray and Mike, sending you 6
2024-10-14 17:26:43.294786 Mike: Papa, sending you 3
2024-10-14 17:26:43.296663 X-ray: Mike, sending you 5
2024-10-14 17:26:43.297686 Quebec: Alpha, Golf, Victor and Kilo, sending you 2
2024-10-14 17:26:43.298904 Mike: X-ray, sending you 4
2024-10-14 17:26:43.301652 X-ray: Romeo, sending you 9
2024-10-14 17:26:43.301998 Mike: Romeo, sending you 6
2024-10-14 17:26:43.303659 Quebec: Juliett, sending you 3
chatterbot Juliett submitting transactions
chatterbot Papa submitting transactions
chatterbot X-ray submitting transactions
chatterbot Quebec submitting transactions
chatterbot Alpha submitting transactions
chatterbot Victor submitting transactions
chatterbot Kilo submitting transactions
chatterbot Romeo submitting transactions
chatterbot Mike submitting transactions
chatterbot Golf submitting transactions
ChatterBot Alpha round 12
ChatterBot Papa round 12
ChatterBot Golf round 12
ChatterBot Victor round 12
ChatterBot Kilo round 12
ChatterBot Quebec round 12
ChatterBot Juliett round 12
ChatterBot X-ray round 12
ChatterBot Mike round 12
ChatterBot Romeo round 12
2024-10-14 17:26:44.438395 Juliett: We should replace Papa with Mike
2024-10-14 17:26:44.460226 Alpha: No
2024-10-14 17:26:44.460485 Golf: No
2024-10-14 17:26:44.460707 Quebec: No
2024-10-14 17:26:44.461007 Kilo: No
2024-10-14 17:26:44.462143 Victor: No
ChatterBot Juliett reevaluating
ChatterBot Juliett reevaluating
ChatterBot Juliett reevaluating
ChatterBot Juliett reevaluating
ChatterBot Juliett reevaluating
2024-10-14 17:26:44.584171 Kilo: We should drop X-ray
ChatterBot Juliett reevaluating
2024-10-14 17:26:44.605227 Alpha: Yes
2024-10-14 17:26:44.605436 Golf: Yes
2024-10-14 17:26:44.605619 Juliett: Yes
2024-10-14 17:26:44.605789 Quebec: Yes
2024-10-14 17:26:44.605971 Victor: Yes
ChatterBot Juliett reevaluating
ChatterBot Juliett reevaluating
ChatterBot Juliett reevaluating
ChatterBot Juliett reevaluating
2024-10-14 17:26:44.670825 Juliett: We should replace Papa with Romeo
2024-10-14 17:26:44.681280 Alpha: No
2024-10-14 17:26:44.681449 Golf: No
2024-10-14 17:26:44.681580 Quebec: No
2024-10-14 17:26:44.681708 Kilo: No
2024-10-14 17:26:44.681847 Victor: No
ChatterBot Juliett reevaluating
ChatterBot Juliett reevaluating
ChatterBot Juliett reevaluating
ChatterBot Juliett reevaluating
ChatterBot Juliett reevaluating
2024-10-14 17:26:44.738286 Victor: Alpha, Kilo and Juliett, sending you 3
2024-10-14 17:26:44.739522 Quebec: Alpha, Golf, Victor and Kilo, sending you 2
2024-10-14 17:26:44.740236 X-ray: I was attacked by Juliett
ChatterBot Papa reevaluating
ChatterBot Mike reevaluating
ChatterBot Romeo reevaluating
2024-10-14 17:26:44.748752 X-ray: I'm keeping this round to protect myself
2024-10-14 17:26:44.749387 X-ray: Ow
2024-10-14 17:26:44.749671 Victor: Golf and Quebec, sending you 2
2024-10-14 17:26:44.751465 Quebec: Juliett, sending you 3
2024-10-14 17:26:44.752712 Alpha: Golf, Kilo and Quebec, sending you 3
2024-10-14 17:26:44.758698 Alpha: Victor, sending you 4
2024-10-14 17:26:44.761654 Alpha: Juliett, sending you 2
2024-10-14 17:26:44.767727 Mike: Papa, sending you 3
2024-10-14 17:26:44.768674 Romeo: Papa, sending you 3
2024-10-14 17:26:44.770684 Mike: X-ray, sending you 4
2024-10-14 17:26:44.771977 Juliett: Alpha, sending you 2
2024-10-14 17:26:44.772786 Papa: Same as last round
2024-10-14 17:26:44.773673 Romeo: X-ray, sending you 6
2024-10-14 17:26:44.775679 Juliett: Golf, Victor, Kilo and Quebec, sending you 3
2024-10-14 17:26:44.776688 Mike: Romeo, sending you 6
2024-10-14 17:26:44.777662 Romeo: Mike, sending you 5
chatterbot Golf submitting transactions
chatterbot Quebec submitting transactions
chatterbot Papa submitting transactions
chatterbot X-ray submitting transactions
chatterbot Victor submitting transactions
chatterbot Alpha submitting transactions
chatterbot Kilo submitting transactions
chatterbot Papa submitting transactions
chatterbot Mike submitting transactions
chatterbot Juliett submitting transactions
chatterbot Romeo submitting transactions
ChatterBot Alpha round 13
ChatterBot Papa round 13
ChatterBot Golf round 13
ChatterBot Victor round 13
ChatterBot Kilo round 13
ChatterBot Quebec round 13
ChatterBot Juliett round 13
ChatterBot X-ray round 13
ChatterBot Mike round 13
ChatterBot Romeo round 13
2024-10-14 17:26:46.010861 Kilo: We should drop X-ray
ChatterBot Juliett reevaluating
2024-10-14 17:26:46.028078 Alpha: Yes
2024-10-14 17:26:46.028330 Golf: Yes
2024-10-14 17:26:46.028511 Juliett: Yes
2024-10-14 17:26:46.028681 Quebec: Yes
2024-10-14 17:26:46.029552 Victor: Yes
ChatterBot Juliett reevaluating
ChatterBot Juliett reevaluating
ChatterBot Juliett reevaluating
ChatterBot Juliett reevaluating
2024-10-14 17:26:46.113686 Mike: Sending you each 1
2024-10-14 17:26:46.114718 Alpha: Golf, Kilo, Quebec and Juliett, sending you 3
2024-10-14 17:26:46.116819 Quebec: Alpha, Golf, Victor and Kilo, sending you 2
2024-10-14 17:26:46.117842 Victor: Alpha, Kilo and Juliett, sending you 3
2024-10-14 17:26:46.118709 Papa: Same as last round
2024-10-14 17:26:46.119698 Alpha: Victor, sending you 4
2024-10-14 17:26:46.121255 Juliett: We should replace Papa with Romeo
2024-10-14 17:26:46.136477 Alpha: No
2024-10-14 17:26:46.136713 Golf: No
2024-10-14 17:26:46.136955 Quebec: No
2024-10-14 17:26:46.137198 Kilo: No
2024-10-14 17:26:46.137371 Victor: No
ChatterBot Juliett reevaluating
ChatterBot Juliett reevaluating
ChatterBot Juliett reevaluating
ChatterBot Juliett reevaluating
ChatterBot Juliett reevaluating
2024-10-14 17:26:46.203972 Quebec: Juliett, sending you 3
2024-10-14 17:26:46.204853 Victor: Golf and Quebec, sending you 2
2024-10-14 17:26:46.206790 Romeo: Papa, sending you 3
2024-10-14 17:26:46.210687 Romeo: X-ray, sending you 5
2024-10-14 17:26:46.211789 Juliett: Romeo we want you to join our group
2024-10-14 17:26:46.216146 Romeo: No
ChatterBot Alpha reevaluating
2024-10-14 17:26:46.233828 Alpha: We should add Romeo
ChatterBot Quebec reevaluating
2024-10-14 17:26:46.251551 Golf: No
2024-10-14 17:26:46.251813 Juliett: Yes
2024-10-14 17:26:46.251951 Quebec: Yes
2024-10-14 17:26:46.252111 Kilo: No
2024-10-14 17:26:46.252282 Victor: No
ChatterBot Alpha reevaluating
ChatterBot Quebec reevaluating
ChatterBot Alpha reevaluating
ChatterBot Quebec reevaluating
ChatterBot Alpha reevaluating
ChatterBot Golf reevaluating
ChatterBot Alpha reevaluating
ChatterBot Golf reevaluating
ChatterBot Quebec reevaluating
ChatterBot Alpha reevaluating
ChatterBot Golf reevaluating
ChatterBot Juliett reevaluating
ChatterBot Quebec reevaluating
2024-10-14 17:26:46.334210 Juliett: We should replace Papa with Mike
ChatterBot Alpha reevaluating
ChatterBot Golf reevaluating
ChatterBot Quebec reevaluating
2024-10-14 17:26:46.348826 Alpha: No
2024-10-14 17:26:46.349030 Golf: No
2024-10-14 17:26:46.349495 Quebec: No
2024-10-14 17:26:46.349622 Kilo: No
2024-10-14 17:26:46.349753 Victor: No
ChatterBot Golf reevaluating
ChatterBot Juliett reevaluating
ChatterBot Quebec reevaluating
ChatterBot Alpha reevaluating
ChatterBot Juliett reevaluating
ChatterBot Quebec reevaluating
ChatterBot Alpha reevaluating
ChatterBot Golf reevaluating
ChatterBot Juliett reevaluating
ChatterBot Alpha reevaluating
ChatterBot Golf reevaluating
ChatterBot Juliett reevaluating
ChatterBot Quebec reevaluating
ChatterBot Alpha reevaluating
ChatterBot Golf reevaluating
ChatterBot Juliett reevaluating
ChatterBot Quebec reevaluating
2024-10-14 17:26:46.423878 Romeo: Mike, sending you 6
2024-10-14 17:26:46.449713 Juliett: Alpha, sending you 2
2024-10-14 17:26:46.452693 Juliett: Golf, Victor, Kilo and Quebec, sending you 3
chatterbot Victor submitting transactions
chatterbot Mike submitting transactions
chatterbot Juliett submitting transactions
chatterbot Papa submitting transactions
chatterbot Kilo submitting transactions
chatterbot X-ray submitting transactions
chatterbot Romeo submitting transactions
chatterbot Golf submitting transactions
chatterbot Quebec submitting transactions
chatterbot Alpha submitting transactions
ChatterBot Alpha round 14
ChatterBot Papa round 14
ChatterBot Golf round 14
ChatterBot Victor round 14
ChatterBot Kilo round 14
ChatterBot Quebec round 14
ChatterBot Juliett round 14
ChatterBot X-ray round 14
ChatterBot Mike round 14
ChatterBot Romeo round 14
2024-10-14 17:26:47.647559 Kilo: We should drop X-ray
2024-10-14 17:26:47.668451 Alpha: Yes
2024-10-14 17:26:47.668812 Golf: Yes
2024-10-14 17:26:47.669087 Juliett: Yes
2024-10-14 17:26:47.669330 Quebec: Yes
2024-10-14 17:26:47.670563 Victor: Yes
