ChatterBot Romeo round 1
ChatterBot X-ray round 1
ChatterBot Kilo round 1
ChatterBot Hotel round 1
ChatterBot November round 1
ChatterBot Delta round 1
ChatterBot Golf round 1
ChatterBot Whiskey round 1
ChatterBot Juliett round 1
ChatterBot Sierra round 1
randomSelections Romeo: {Romeo, X-ray, November, Kilo, Juliett, Golf} 
2024-10-14 17:26:28.528998 Romeo: We should group up
ChatterBot X-ray reevaluating
ChatterBot November reevaluating
ChatterBot Kilo reevaluating
ChatterBot Juliett reevaluating
ChatterBot Golf reevaluating
2024-10-14 17:26:28.554468 X-ray: Yes
2024-10-14 17:26:28.554649 November: Yes
2024-10-14 17:26:28.554787 Kilo: Yes
2024-10-14 17:26:28.554938 Juliett: Yes
2024-10-14 17:26:28.556031 Golf: Yes
ChatterBot November reevaluating
ChatterBot Kilo reevaluating
ChatterBot Juliett reevaluating
ChatterBot Golf reevaluating
ChatterBot X-ray reevaluating
ChatterBot Kilo reevaluating
ChatterBot Juliett reevaluating
ChatterBot Golf reevaluating
ChatterBot X-ray reevaluating
ChatterBot November reevaluating
ChatterBot Juliett reevaluating
ChatterBot Golf reevaluating
ChatterBot X-ray reevaluating
ChatterBot November reevaluating
ChatterBot Kilo reevaluating
ChatterBot Golf reevaluating
ChatterBot X-ray reevaluating
ChatterBot November reevaluating
ChatterBot Kilo reevaluating
ChatterBot Juliett reevaluating
randomSelections Hotel: {Hotel, Golf, Whiskey, Sierra, X-ray, Romeo} 
2024-10-14 17:26:28.674640 Hotel: Group up?
ChatterBot Golf reevaluating
ChatterBot Whiskey reevaluating
ChatterBot Sierra reevaluating
ChatterBot X-ray reevaluating
2024-10-14 17:26:28.687628 Golf: No
2024-10-14 17:26:28.688 Whiskey: Yes
2024-10-14 17:26:28.688219 Sierra: Yes
2024-10-14 17:26:28.688983 X-ray: No
2024-10-14 17:26:28.689264 Romeo: No
ChatterBot Whiskey reevaluating
ChatterBot Sierra reevaluating
ChatterBot X-ray reevaluating
ChatterBot Golf reevaluating
ChatterBot Sierra reevaluating
ChatterBot X-ray reevaluating
ChatterBot Golf reevaluating
ChatterBot Whiskey reevaluating
ChatterBot X-ray reevaluating
ChatterBot Golf reevaluating
ChatterBot Whiskey reevaluating
ChatterBot Sierra reevaluating
ChatterBot Golf reevaluating
ChatterBot Whiskey reevaluating
ChatterBot Sierra reevaluating
ChatterBot X-ray reevaluating
randomSelections Delta: {Delta, Whiskey, Juliett, Golf, Kilo} 
2024-10-14 17:26:28.766357 Delta: We should group up
ChatterBot Whiskey reevaluating
ChatterBot Juliett reevaluating
ChatterBot Golf reevaluating
ChatterBot Kilo reevaluating
2024-10-14 17:26:28.776914 Whiskey: No
2024-10-14 17:26:28.778052 Juliett: No
2024-10-14 17:26:28.778197 Golf: No
2024-10-14 17:26:28.778339 Kilo: No
ChatterBot Juliett reevaluating
ChatterBot Golf reevaluating
ChatterBot Kilo reevaluating
ChatterBot Whiskey reevaluating
ChatterBot Golf reevaluating
ChatterBot Kilo reevaluating
ChatterBot Whiskey reevaluating
ChatterBot Juliett reevaluating
ChatterBot Kilo reevaluating
ChatterBot Whiskey reevaluating
ChatterBot Juliett reevaluating
ChatterBot Golf reevaluating
2024-10-14 17:26:28.851952 Sierra: Romeo, X-ray and Golf, sending you 4
2024-10-14 17:26:28.852310 Romeo: Kilo, sending you 2
2024-10-14 17:26:28.853090 November: Romeo, sending you 1
2024-10-14 17:26:28.853350 X-ray: Romeo, Kilo, November and Juliett, sending you 1
2024-10-14 17:26:28.853642 Delta: Kilo and Juliett, sending you 1
2024-10-14 17:26:28.854718 Sierra: Whiskey, sending you 2
2024-10-14 17:26:28.856523 November: X-ray and Golf, sending you 2
2024-10-14 17:26:28.857990 Romeo: November, sending you 5
2024-10-14 17:26:28.858718 Kilo: Romeo and Golf, sending you 1
2024-10-14 17:26:28.860705 Romeo: Golf, sending you 1
2024-10-14 17:26:28.861910 November: Kilo and Juliett, sending you 4
2024-10-14 17:26:28.864072 Kilo: X-ray and Juliett, sending you 2
2024-10-14 17:26:28.864671 Whiskey: Romeo, sending you 2
2024-10-14 17:26:28.868410 Romeo: Juliett, sending you 3
2024-10-14 17:26:28.868993 Juliett: Romeo and Kilo, sending you 2
2024-10-14 17:26:28.869477 Kilo: November, sending you 5
2024-10-14 17:26:28.870819 Golf: Romeo, sending you 4
2024-10-14 17:26:28.871228 Whiskey: X-ray, sending you 3
2024-10-14 17:26:28.875413 Juliett: X-ray, November and Golf, sending you 1
2024-10-14 17:26:28.875802 Whiskey: Hotel, sending you 4
2024-10-14 17:26:28.876190 Golf: X-ray and November, sending you 3
2024-10-14 17:26:28.883079 Whiskey: Golf and Sierra, sending you 1
2024-10-14 17:26:28.884381 Golf: Kilo, sending you 2
chatterbot Sierra submitting transactions
chatterbot Romeo submitting transactions
chatterbot Hotel submitting transactions
chatterbot Delta submitting transactions
chatterbot Whiskey submitting transactions
chatterbot November submitting transactions
chatterbot Juliett submitting transactions
chatterbot X-ray submitting transactions
chatterbot Kilo submitting transactions
chatterbot Golf submitting transactions
ChatterBot Romeo round 2
ChatterBot X-ray round 2
ChatterBot Kilo round 2
ChatterBot Hotel round 2
ChatterBot November round 2
ChatterBot Delta round 2
ChatterBot Golf round 2
ChatterBot Whiskey round 2
2024-10-14 17:26:31.413424 Hotel: Can we be friends?
ChatterBot Whiskey reevaluating
2024-10-14 17:26:31.421151 Whiskey: Yes
ChatterBot Juliett round 2
ChatterBot Sierra round 2
2024-10-14 17:26:31.440954 X-ray: Friends?
ChatterBot Whiskey reevaluating
ChatterBot Sierra reevaluating
ChatterBot Golf reevaluating
2024-10-14 17:26:31.461204 Whiskey: No
2024-10-14 17:26:31.462033 Sierra: No
2024-10-14 17:26:31.462316 Golf: No
ChatterBot Sierra reevaluating
ChatterBot Golf reevaluating
ChatterBot Whiskey reevaluating
ChatterBot Golf reevaluating
ChatterBot Whiskey reevaluating
ChatterBot Sierra reevaluating
2024-10-14 17:26:31.512037 Sierra: Friends?
ChatterBot Whiskey reevaluating
2024-10-14 17:26:31.522111 X-ray: Yes
2024-10-14 17:26:31.522289 Whiskey: Yes
ChatterBot Sierra reevaluating
ChatterBot Whiskey reevaluating
ChatterBot Sierra reevaluating
2024-10-14 17:26:31.576074 Romeo: We should drop X-ray
ChatterBot Golf reevaluating
2024-10-14 17:26:31.595505 Kilo: Yes
2024-10-14 17:26:31.595676 November: Yes
2024-10-14 17:26:31.595818 Golf: Yes
2024-10-14 17:26:31.595927 Juliett: Yes
ChatterBot Golf reevaluating
ChatterBot Golf reevaluating
ChatterBot Golf reevaluating
2024-10-14 17:26:31.679031 Whiskey: We should drop Golf and Romeo
ChatterBot X-ray reevaluating
2024-10-14 17:26:31.692728 X-ray: Yes
2024-10-14 17:26:31.693407 Sierra: Yes
2024-10-14 17:26:31.693621 Hotel: Yes
ChatterBot Whiskey reevaluating
ChatterBot Whiskey reevaluating
ChatterBot X-ray reevaluating
ChatterBot Whiskey reevaluating
ChatterBot X-ray reevaluating
2024-10-14 17:26:31.757709 Kilo: Romeo, November, Golf and Juliett, sending you 3
2024-10-14 17:26:31.854870 Juliett: Romeo, sending you 2
2024-10-14 17:26:31.855405 Kilo: X-ray, sending you 1
2024-10-14 17:26:31.856414 Golf: Romeo and Kilo, sending you 3
2024-10-14 17:26:31.856796 Romeo: Kilo and November, sending you 1
2024-10-14 17:26:31.857414 Sierra: X-ray, sending you 5
2024-10-14 17:26:31.858475 November: Romeo and Kilo, sending you 5
2024-10-14 17:26:31.885348 Juliett: X-ray and Kilo, sending you 1
2024-10-14 17:26:31.886336 Golf: November, sending you 4
2024-10-14 17:26:31.886778 Romeo: Golf, sending you 6
2024-10-14 17:26:31.887677 Sierra: Whiskey, sending you 4
2024-10-14 17:26:31.888003 X-ray: Hotel, Whiskey and Sierra, sending you 1
2024-10-14 17:26:31.888376 November: Golf, sending you 3
2024-10-14 17:26:31.918657 Golf: Juliett, sending you 2
2024-10-14 17:26:31.919248 Juliett: November, sending you 3
2024-10-14 17:26:31.920136 Romeo: Juliett, sending you 3
chatterbot Delta submitting transactions
chatterbot Kilo submitting transactions
chatterbot Sierra submitting transactions
chatterbot Golf submitting transactions
chatterbot Whiskey submitting transactions
chatterbot X-ray submitting transactions
chatterbot Juliett submitting transactions
chatterbot Hotel submitting transactions
chatterbot Romeo submitting transactions
chatterbot November submitting transactions
ChatterBot Romeo round 3
ChatterBot X-ray round 3
ChatterBot Kilo round 3
ChatterBot Hotel round 3
ChatterBot November round 3
ChatterBot Delta round 3
ChatterBot Golf round 3
ChatterBot Whiskey round 3
ChatterBot Juliett round 3
ChatterBot Sierra round 3
2024-10-14 17:26:32.846418 Hotel: We should add X-ray and Sierra
2024-10-14 17:26:32.850146 Whiskey: Yes
2024-10-14 17:26:32.865085 Juliett: We should replace X-ray with Delta
2024-10-14 17:26:32.877520 Romeo: No
2024-10-14 17:26:32.877673 Kilo: No
2024-10-14 17:26:32.877780 November: No
2024-10-14 17:26:32.877876 Golf: No
2024-10-14 17:26:32.940176 Hotel: X-ray and Sierra we want you to join our group
2024-10-14 17:26:32.946812 X-ray: Yes
2024-10-14 17:26:32.946975 Sierra: No
2024-10-14 17:26:32.965674 Whiskey: We should drop Golf and Romeo
2024-10-14 17:26:32.975705 X-ray: Yes
2024-10-14 17:26:32.975811 Sierra: Yes
2024-10-14 17:26:32.975893 Hotel: Yes
2024-10-14 17:26:33.005708 Juliett: Delta we want you to join our group
2024-10-14 17:26:33.009447 Delta: No
2024-10-14 17:26:33.027390 Kilo: Romeo, Golf and Juliett, sending you 3
2024-10-14 17:26:33.030665 X-ray: Hotel, Whiskey and Sierra, sending you 1
2024-10-14 17:26:33.031503 Kilo: November, sending you 4
2024-10-14 17:26:33.031867 Romeo: Kilo and Juliett, sending you 2
2024-10-14 17:26:33.036682 Romeo: November, sending you 3
2024-10-14 17:26:33.037099 Golf: Romeo, sending you 4
2024-10-14 17:26:33.041298 Romeo: Golf, sending you 4
2024-10-14 17:26:33.041942 Golf: Kilo and November, sending you 3
2024-10-14 17:26:33.044687 Golf: Juliett, sending you 2
2024-10-14 17:26:33.045691 November: Romeo, sending you 3
2024-10-14 17:26:33.046708 Hotel: X-ray, sending you 1
2024-10-14 17:26:33.048667 Sierra: X-ray, sending you 5
2024-10-14 17:26:33.052232 November: Kilo and Golf, sending you 4
2024-10-14 17:26:33.052636 Hotel: Whiskey, sending you 2
2024-10-14 17:26:33.053476 Juliett: Romeo, sending you 3
2024-10-14 17:26:33.053838 Whiskey: X-ray and Sierra, sending you 5
2024-10-14 17:26:33.054673 Sierra: Whiskey, sending you 4
2024-10-14 17:26:33.055704 November: Juliett, sending you 2
2024-10-14 17:26:33.058688 Juliett: Kilo, sending you 2
2024-10-14 17:26:33.063751 Juliett: November and Golf, sending you 1
chatterbot Sierra submitting transactions
chatterbot Hotel submitting transactions
chatterbot November submitting transactions
chatterbot Delta submitting transactions
chatterbot Juliett submitting transactions
chatterbot Kilo submitting transactions
chatterbot Whiskey submitting transactions
chatterbot Romeo submitting transactions
chatterbot X-ray submitting transactions
chatterbot Golf submitting transactions
ChatterBot Romeo round 4
ChatterBot X-ray round 4
ChatterBot Kilo round 4
ChatterBot Hotel round 4
ChatterBot November round 4
ChatterBot Delta round 4
ChatterBot Golf round 4
ChatterBot Whiskey round 4
ChatterBot Juliett round 4
ChatterBot Sierra round 4
2024-10-14 17:26:33.993688 Romeo: Kilo and Juliett, sending you 2
2024-10-14 17:26:33.997664 Hotel: X-ray and Whiskey, sending you 2
2024-10-14 17:26:33.998681 Romeo: November, sending you 3
2024-10-14 17:26:33.999036 Whiskey: X-ray and Sierra, sending you 4
2024-10-14 17:26:34.000680 Hotel: Sierra, sending you 1
2024-10-14 17:26:34.001674 November: Romeo, sending you 3
2024-10-14 17:26:34.002106 Whiskey: Hotel, sending you 3
2024-10-14 17:26:34.002684 Romeo: Golf, sending you 4
2024-10-14 17:26:34.003138 Sierra: X-ray, sending you 6
2024-10-14 17:26:34.004661 November: Kilo and Golf, sending you 4
2024-10-14 17:26:34.007693 Sierra: Whiskey, sending you 4
2024-10-14 17:26:34.008686 November: Juliett, sending you 2
2024-10-14 17:26:34.010031 X-ray: Hotel, Whiskey and Sierra, sending you 1
2024-10-14 17:26:34.010360 Golf: Romeo, sending you 4
2024-10-14 17:26:34.011702 Juliett: Romeo, sending you 3
2024-10-14 17:26:34.013668 Kilo: Romeo, Golf and Juliett, sending you 3
2024-10-14 17:26:34.015680 Golf: Kilo and November, sending you 3
2024-10-14 17:26:34.016555 Juliett: Kilo, sending you 2
2024-10-14 17:26:34.017686 Kilo: November, sending you 4
2024-10-14 17:26:34.018657 Golf: Juliett, sending you 2
2024-10-14 17:26:34.021672 Juliett: November and Golf, sending you 1
chatterbot Golf submitting transactions
chatterbot Kilo submitting transactions
chatterbot X-ray submitting transactions
chatterbot Delta submitting transactions
chatterbot Romeo submitting transactions
chatterbot Whiskey submitting transactions
chatterbot Hotel submitting transactions
chatterbot Sierra submitting transactions
chatterbot November submitting transactions
chatterbot Juliett submitting transactions
ChatterBot Romeo round 5
ChatterBot X-ray round 5
ChatterBot Kilo round 5
ChatterBot Hotel round 5
ChatterBot November round 5
ChatterBot Delta round 5
ChatterBot Golf round 5
ChatterBot Whiskey round 5
ChatterBot Juliett round 5
ChatterBot Sierra round 5
2024-10-14 17:26:35.259670 X-ray: Same as last round
2024-10-14 17:26:35.266666 Golf: Romeo, sending you 4
2024-10-14 17:26:35.268711 Whiskey: X-ray, sending you 3
2024-10-14 17:26:35.269675 Golf: Kilo and November, sending you 3
2024-10-14 17:26:35.271657 Hotel: X-ray, sending you 2
2024-10-14 17:26:35.271897 Sierra: X-ray, sending you 6
2024-10-14 17:26:35.272066 Juliett: Romeo, sending you 2
2024-10-14 17:26:35.272283 Whiskey: Hotel and Sierra, sending you 4
2024-10-14 17:26:35.272965 Kilo: Romeo, November and Golf, sending you 3
2024-10-14 17:26:35.273197 November: Romeo, sending you 3
2024-10-14 17:26:35.273428 Golf: Juliett, sending you 2
2024-10-14 17:26:35.274682 Juliett: Kilo, sending you 3
2024-10-14 17:26:35.275668 Hotel: Whiskey, sending you 3
2024-10-14 17:26:35.275935 Kilo: Delta and Juliett, sending you 2
2024-10-14 17:26:35.276698 Sierra: Whiskey, sending you 4
2024-10-14 17:26:35.276977 November: Kilo and Golf, sending you 4
2024-10-14 17:26:35.277663 Romeo: Kilo and Juliett, sending you 2
2024-10-14 17:26:35.277959 Juliett: November and Golf, sending you 1
2024-10-14 17:26:35.279133 Hotel: Sierra, sending you 1
2024-10-14 17:26:35.280677 November: Juliett, sending you 2
2024-10-14 17:26:35.281670 Romeo: November, sending you 3
2024-10-14 17:26:35.286670 Romeo: Golf, sending you 4
chatterbot Golf submitting transactions
chatterbot Kilo submitting transactions
chatterbot Whiskey submitting transactions
chatterbot November submitting transactions
chatterbot Juliett submitting transactions
chatterbot Delta submitting transactions
chatterbot Romeo submitting transactions
chatterbot Sierra submitting transactions
chatterbot X-ray submitting transactions
chatterbot Hotel submitting transactions
ChatterBot Romeo round 6
ChatterBot X-ray round 6
ChatterBot Kilo round 6
ChatterBot Hotel round 6
ChatterBot November round 6
ChatterBot Delta round 6
ChatterBot Golf round 6
ChatterBot Whiskey round 6
ChatterBot Juliett round 6
ChatterBot Sierra round 6
2024-10-14 17:26:36.443697 Romeo: Kilo and Juliett, sending you 2
2024-10-14 17:26:36.448657 Romeo: November, sending you 3
2024-10-14 17:26:36.449097 Kilo: Romeo, November, Golf and Juliett, sending you 3
2024-10-14 17:26:36.449428 November: Romeo, Kilo and Golf, sending you 4
2024-10-14 17:26:36.450528 Hotel: X-ray, sending you 2
2024-10-14 17:26:36.450858 X-ray: Same as last round
2024-10-14 17:26:36.451199 Juliett: Romeo, Kilo and November, sending you 2
2024-10-14 17:26:36.451673 Kilo: Delta, sending you 1
2024-10-14 17:26:36.453865 Romeo: Golf, sending you 4
2024-10-14 17:26:36.454644 November: Juliett, sending you 1
2024-10-14 17:26:36.455020 Hotel: Whiskey, sending you 3
2024-10-14 17:26:36.455303 Juliett: Golf, sending you 1
2024-10-14 17:26:36.457919 Hotel: Sierra, sending you 1
2024-10-14 17:26:36.458691 Whiskey: X-ray, sending you 3
2024-10-14 17:26:36.462066 Sierra: X-ray, sending you 7
2024-10-14 17:26:36.462666 Whiskey: Hotel and Sierra, sending you 4
2024-10-14 17:26:36.463703 Golf: Romeo, sending you 4
2024-10-14 17:26:36.465701 Sierra: Whiskey, sending you 4
2024-10-14 17:26:36.466662 Golf: Kilo and November, sending you 3
2024-10-14 17:26:36.469658 Golf: Juliett, sending you 2
chatterbot November submitting transactions
chatterbot Whiskey submitting transactions
chatterbot X-ray submitting transactions
chatterbot Juliett submitting transactions
chatterbot Romeo submitting transactions
chatterbot Sierra submitting transactions
chatterbot Kilo submitting transactions
chatterbot Hotel submitting transactions
chatterbot Golf submitting transactions
chatterbot Delta submitting transactions
ChatterBot Romeo round 7
ChatterBot X-ray round 7
ChatterBot Kilo round 7
ChatterBot Hotel round 7
ChatterBot November round 7
ChatterBot Delta round 7
ChatterBot Golf round 7
ChatterBot Whiskey round 7
ChatterBot Juliett round 7
ChatterBot Sierra round 7
2024-10-14 17:26:37.731659 Hotel: X-ray, sending you 2
2024-10-14 17:26:37.732043 Kilo: Romeo, November, Golf and Juliett, sending you 3
2024-10-14 17:26:37.732685 Romeo: Kilo and Juliett, sending you 2
2024-10-14 17:26:37.734666 Kilo: Delta, sending you 1
2024-10-14 17:26:37.735663 Romeo: November, sending you 3
2024-10-14 17:26:37.736677 Hotel: Whiskey, sending you 3
2024-10-14 17:26:37.738681 Romeo: Golf, sending you 4
2024-10-14 17:26:37.739681 Hotel: Sierra, sending you 1
2024-10-14 17:26:37.741768 Golf: Romeo, sending you 4
2024-10-14 17:26:37.742373 November: Romeo, Kilo and Golf, sending you 4
2024-10-14 17:26:37.743715 Juliett: Romeo, sending you 2
2024-10-14 17:26:37.745677 Golf: Kilo and November, sending you 3
2024-10-14 17:26:37.746670 November: Juliett, sending you 1
2024-10-14 17:26:37.747168 X-ray: Same as last round
2024-10-14 17:26:37.747516 Juliett: Kilo, sending you 3
2024-10-14 17:26:37.748688 Whiskey: X-ray, sending you 3
2024-10-14 17:26:37.749683 Golf: Juliett, sending you 2
2024-10-14 17:26:37.750693 Juliett: November and Golf, sending you 1
2024-10-14 17:26:37.751688 Whiskey: Hotel and Sierra, sending you 4
2024-10-14 17:26:37.755667 Sierra: X-ray, sending you 8
2024-10-14 17:26:37.759683 Sierra: Whiskey, sending you 4
chatterbot Juliett submitting transactions
chatterbot Delta submitting transactions
chatterbot Romeo submitting transactions
chatterbot Golf submitting transactions
chatterbot November submitting transactions
chatterbot Whiskey submitting transactions
chatterbot Hotel submitting transactions
chatterbot Sierra submitting transactions
chatterbot X-ray submitting transactions
chatterbot Kilo submitting transactions
ChatterBot Romeo round 8
ChatterBot X-ray round 8
ChatterBot Kilo round 8
ChatterBot Hotel round 8
ChatterBot November round 8
ChatterBot Delta round 8
ChatterBot Golf round 8
ChatterBot Whiskey round 8
ChatterBot Juliett round 8
ChatterBot Sierra round 8
2024-10-14 17:26:38.994659 Kilo: Romeo, November, Golf and Juliett, sending you 3
2024-10-14 17:26:38.995696 Romeo: Kilo and Juliett, sending you 2
2024-10-14 17:26:38.997669 Kilo: Delta, sending you 1
2024-10-14 17:26:38.998686 Romeo: November, sending you 3
2024-10-14 17:26:39.000665 November: Romeo, Kilo and Golf, sending you 4
2024-10-14 17:26:39.001673 X-ray: Same as last round
2024-10-14 17:26:39.003668 Romeo: Golf, sending you 4
2024-10-14 17:26:39.004078 November: Juliett, sending you 1
2024-10-14 17:26:39.007803 Hotel: X-ray, sending you 2
2024-10-14 17:26:39.009668 Juliett: Romeo, Kilo and Golf, sending you 2
2024-10-14 17:26:39.010675 Sierra: X-ray, sending you 8
2024-10-14 17:26:39.010942 Whiskey: X-ray, sending you 3
2024-10-14 17:26:39.012650 Hotel: Whiskey, sending you 3
2024-10-14 17:26:39.013703 Juliett: November, sending you 1
2024-10-14 17:26:39.014669 Sierra: Whiskey, sending you 4
2024-10-14 17:26:39.015670 Whiskey: Hotel and Sierra, sending you 4
2024-10-14 17:26:39.016124 Hotel: Sierra, sending you 1
chatterbot November submitting transactions
chatterbot Kilo submitting transactions
chatterbot Golf submitting transactions
chatterbot X-ray submitting transactions
chatterbot Delta submitting transactions
chatterbot Juliett submitting transactions
chatterbot Romeo submitting transactions
chatterbot Whiskey submitting transactions
chatterbot Hotel submitting transactions
chatterbot Sierra submitting transactions
ChatterBot Romeo round 9
ChatterBot X-ray round 9
ChatterBot Kilo round 9
ChatterBot Hotel round 9
ChatterBot November round 9
ChatterBot Delta round 9
ChatterBot Golf round 9
ChatterBot Whiskey round 9
ChatterBot Juliett round 9
ChatterBot Sierra round 9
2024-10-14 17:26:40.309854 Hotel: We should drop X-ray
ChatterBot Whiskey reevaluating
2024-10-14 17:26:40.316397 Whiskey: Yes
2024-10-14 17:26:40.316540 Sierra: Yes
ChatterBot Sierra reevaluating
ChatterBot Whiskey reevaluating
2024-10-14 17:26:40.329709 Sierra: We should add Hotel
2024-10-14 17:26:40.329983 Whiskey: We should add Delta
ChatterBot Whiskey reevaluating
ChatterBot Sierra reevaluating
2024-10-14 17:26:40.341445 X-ray: Yes
2024-10-14 17:26:40.344230 Whiskey: Yes
2024-10-14 17:26:40.344392 Hotel: No
2024-10-14 17:26:40.344485 Sierra: No
2024-10-14 17:26:40.344577 X-ray: No
ChatterBot Sierra reevaluating
ChatterBot Whiskey reevaluating
ChatterBot Sierra reevaluating
ChatterBot Sierra reevaluating
ChatterBot Whiskey reevaluating
ChatterBot Whiskey reevaluating
ChatterBot Sierra reevaluating
ChatterBot Whiskey reevaluating
2024-10-14 17:26:40.386666 X-ray: Hotel and Whiskey, sending you 1
2024-10-14 17:26:40.387074 Kilo: Romeo, November, Golf and Juliett, sending you 3
2024-10-14 17:26:40.387658 Romeo: Kilo, November and Golf, sending you 3
2024-10-14 17:26:40.390973 Kilo: Delta, sending you 1
2024-10-14 17:26:40.391518 Romeo: Juliett, sending you 2
2024-10-14 17:26:40.392672 Juliett: Romeo, sending you 2
2024-10-14 17:26:40.393690 November: Romeo and Kilo, sending you 4
2024-10-14 17:26:40.396670 Juliett: Kilo, sending you 3
2024-10-14 17:26:40.397671 November: Golf, sending you 3
2024-10-14 17:26:40.399683 Hotel: Whiskey, sending you 4
2024-10-14 17:26:40.401687 Juliett: November and Golf, sending you 1
2024-10-14 17:26:40.402950 November: Juliett, sending you 2
2024-10-14 17:26:40.403400 Whiskey: X-ray and Sierra, sending you 3
2024-10-14 17:26:40.404655 Hotel: Sierra, sending you 2
2024-10-14 17:26:40.406673 Golf: Romeo, sending you 4
2024-10-14 17:26:40.407171 Whiskey: Hotel, sending you 4
2024-10-14 17:26:40.411679 Golf: Kilo and November, sending you 3
2024-10-14 17:26:40.416969 Golf: Juliett, sending you 2
chatterbot Hotel submitting transactions
chatterbot Kilo submitting transactions
chatterbot Sierra submitting transactions
chatterbot November submitting transactions
chatterbot Romeo submitting transactions
chatterbot Golf submitting transactions
chatterbot Delta submitting transactions
chatterbot X-ray submitting transactions
chatterbot Whiskey submitting transactions
chatterbot Juliett submitting transactions
ChatterBot Romeo round 10
ChatterBot X-ray round 10
ChatterBot Kilo round 10
ChatterBot Hotel round 10
ChatterBot November round 10
ChatterBot Delta round 10
ChatterBot Golf round 10
ChatterBot Whiskey round 10
ChatterBot Juliett round 10
ChatterBot Sierra round 10
2024-10-14 17:26:41.552051 Juliett: We should replace Delta with X-ray
ChatterBot Kilo reevaluating
2024-10-14 17:26:41.566989 Romeo: No
2024-10-14 17:26:41.567162 Kilo: Yes
2024-10-14 17:26:41.567297 November: No
2024-10-14 17:26:41.567421 Golf: No
ChatterBot Kilo reevaluating
ChatterBot November reevaluating
ChatterBot Juliett reevaluating
ChatterBot November reevaluating
ChatterBot Golf reevaluating
ChatterBot Juliett reevaluating
ChatterBot Kilo reevaluating
ChatterBot Golf reevaluating
ChatterBot Juliett reevaluating
ChatterBot Kilo reevaluating
ChatterBot November reevaluating
ChatterBot Juliett reevaluating
2024-10-14 17:26:41.634679 X-ray: Hotel and Whiskey, sending you 1
2024-10-14 17:26:41.644663 Hotel: Whiskey, sending you 4
2024-10-14 17:26:41.646892 Whiskey: X-ray, sending you 3
2024-10-14 17:26:41.647455 November: Romeo and Kilo, sending you 4
2024-10-14 17:26:41.648114 Hotel: Sierra, sending you 2
2024-10-14 17:26:41.648654 Romeo: Kilo, November and Golf, sending you 3
2024-10-14 17:26:41.651670 Golf: Romeo, sending you 4
2024-10-14 17:26:41.652901 Whiskey: Hotel and Sierra, sending you 4
2024-10-14 17:26:41.653511 November: Golf, sending you 3
2024-10-14 17:26:41.654063 Romeo: Juliett, sending you 2
2024-10-14 17:26:41.656684 Golf: Kilo and November, sending you 3
2024-10-14 17:26:41.657464 Kilo: Romeo, November, Golf and Juliett, sending you 3
2024-10-14 17:26:41.658657 November: Juliett, sending you 2
2024-10-14 17:26:41.659706 Juliett: Romeo, sending you 2
2024-10-14 17:26:41.661687 Golf: Juliett, sending you 2
2024-10-14 17:26:41.662972 Kilo: X-ray, sending you 1
2024-10-14 17:26:41.663420 Juliett: Kilo, sending you 3
2024-10-14 17:26:41.667983 Juliett: November and Golf, sending you 1
chatterbot Delta submitting transactions
chatterbot Hotel submitting transactions
chatterbot Sierra submitting transactions
chatterbot Kilo submitting transactions
chatterbot Romeo submitting transactions
chatterbot Whiskey submitting transactions
chatterbot Juliett submitting transactions
chatterbot November submitting transactions
chatterbot Golf submitting transactions
chatterbot X-ray submitting transactions
ChatterBot Romeo round 11
ChatterBot X-ray round 11
ChatterBot Kilo round 11
ChatterBot Hotel round 11
ChatterBot November round 11
ChatterBot Delta round 11
ChatterBot Golf round 11
ChatterBot Whiskey round 11
ChatterBot Juliett round 11
ChatterBot Sierra round 11
2024-10-14 17:26:42.657702 Romeo: Kilo, November and Golf, sending you 3
2024-10-14 17:26:42.661667 Whiskey: X-ray, sending you 3
2024-10-14 17:26:42.662105 Romeo: Juliett, sending you 2
2024-10-14 17:26:42.662583 X-ray: Hotel and Whiskey, sending you 1
2024-10-14 17:26:42.664658 Whiskey: Hotel and Sierra, sending you 4
2024-10-14 17:26:42.668658 Juliett: Romeo, Kilo and Golf, sending you 2
2024-10-14 17:26:42.672044 Hotel: Whiskey, sending you 4
2024-10-14 17:26:42.672702 Kilo: Romeo, November, Golf and Juliett, sending you 3
2024-10-14 17:26:42.673117 Juliett: November, sending you 1
2024-10-14 17:26:42.678221 Hotel: Sierra, sending you 2
2024-10-14 17:26:42.678562 Kilo: X-ray, sending you 1
2024-10-14 17:26:42.679085 November: Romeo, Kilo and Golf, sending you 4
2024-10-14 17:26:42.684661 November: Juliett, sending you 1
chatterbot Juliett submitting transactions
chatterbot Delta submitting transactions
chatterbot Kilo submitting transactions
chatterbot X-ray submitting transactions
chatterbot Sierra submitting transactions
chatterbot November submitting transactions
chatterbot Romeo submitting transactions
chatterbot Golf submitting transactions
chatterbot Hotel submitting transactions
chatterbot Whiskey submitting transactions
ChatterBot Romeo round 12
ChatterBot X-ray round 12
ChatterBot Kilo round 12
ChatterBot Hotel round 12
ChatterBot November round 12
2024-10-14 17:26:43.828185 Hotel: We should replace Sierra with X-ray
ChatterBot Whiskey reevaluating
2024-10-14 17:26:43.834547 Whiskey: Yes
ChatterBot Hotel reevaluating
ChatterBot Delta round 12
ChatterBot Golf round 12
ChatterBot Whiskey round 12
ChatterBot Juliett round 12
ChatterBot Sierra round 12
2024-10-14 17:26:43.864563 Hotel: We should add X-ray
ChatterBot Whiskey reevaluating
ChatterBot Sierra reevaluating
2024-10-14 17:26:43.872084 Whiskey: Yes
2024-10-14 17:26:43.872201 Sierra: Yes
ChatterBot Hotel reevaluating
ChatterBot Sierra reevaluating
ChatterBot Hotel reevaluating
ChatterBot Whiskey reevaluating
2024-10-14 17:26:43.890099 Whiskey: We should add Juliett
ChatterBot Sierra reevaluating
ChatterBot Hotel reevaluating
2024-10-14 17:26:43.900674 X-ray: No
2024-10-14 17:26:43.900823 Sierra: No
2024-10-14 17:26:43.900923 Hotel: No
ChatterBot Whiskey reevaluating
ChatterBot Sierra reevaluating
ChatterBot Hotel reevaluating
ChatterBot Whiskey reevaluating
ChatterBot Hotel reevaluating
ChatterBot Whiskey reevaluating
ChatterBot Sierra reevaluating
2024-10-14 17:26:43.936656 X-ray: Hotel and Sierra, sending you 1
2024-10-14 17:26:43.939649 Hotel: X-ray we want you to join our group
2024-10-14 17:26:43.942525 X-ray: Yes
ChatterBot Hotel reevaluating
2024-10-14 17:26:43.950710 Sierra: X-ray we want you to join our group
2024-10-14 17:26:43.953549 X-ray: Yes
ChatterBot Hotel reevaluating
2024-10-14 17:26:43.961476 Kilo: Romeo, November, Golf and Juliett, sending you 3
2024-10-14 17:26:43.965666 Kilo: X-ray, sending you 1
2024-10-14 17:26:43.966392 Golf: Romeo, sending you 4
2024-10-14 17:26:43.966961 Juliett: Romeo, sending you 2
2024-10-14 17:26:43.967382 November: Romeo and Kilo, sending you 4
2024-10-14 17:26:43.967886 Romeo: Kilo, November and Golf, sending you 3
2024-10-14 17:26:43.969702 Golf: Kilo and November, sending you 3
2024-10-14 17:26:43.971661 Juliett: Kilo, sending you 3
2024-10-14 17:26:43.972165 November: Golf, sending you 3
2024-10-14 17:26:43.972654 Romeo: Juliett, sending you 2
2024-10-14 17:26:43.973448 Golf: Juliett, sending you 2
2024-10-14 17:26:43.975691 Juliett: November and Golf, sending you 1
2024-10-14 17:26:43.977667 November: Juliett, sending you 2
2024-10-14 17:26:43.986670 Sierra: X-ray and Whiskey, sending you 3
2024-10-14 17:26:43.988686 Hotel: X-ray and Whiskey, sending you 3
2024-10-14 17:26:43.991670 Sierra: Hotel, sending you 4
chatterbot Hotel submitting transactions
chatterbot X-ray submitting transactions
chatterbot Juliett submitting transactions
chatterbot Delta submitting transactions
chatterbot Romeo submitting transactions
chatterbot Sierra submitting transactions
chatterbot November submitting transactions
chatterbot Kilo submitting transactions
chatterbot Whiskey submitting transactions
chatterbot Golf submitting transactions
ChatterBot Romeo round 13
ChatterBot X-ray round 13
ChatterBot Kilo round 13
ChatterBot Hotel round 13
ChatterBot November round 13
ChatterBot Delta round 13
ChatterBot Golf round 13
ChatterBot Whiskey round 13
ChatterBot Juliett round 13
ChatterBot Sierra round 13
2024-10-14 17:26:45.133673 Kilo: Romeo, November, Golf and Juliett, sending you 3
2024-10-14 17:26:45.136666 November: Romeo and Kilo, sending you 4
2024-10-14 17:26:45.138850 Delta: Sending you 6
2024-10-14 17:26:45.139237 Kilo: X-ray, sending you 1
2024-10-14 17:26:45.141650 X-ray: Hotel, sending you 1
2024-10-14 17:26:45.142153 November: Golf, sending you 3
2024-10-14 17:26:45.143281 Hotel: Sending you each 2
2024-10-14 17:26:45.143741 Juliett: Romeo, sending you 2
2024-10-14 17:26:45.147683 November: Juliett, sending you 2
2024-10-14 17:26:45.149041 Juliett: Kilo, sending you 3
2024-10-14 17:26:45.151693 Romeo: Kilo, November and Golf, sending you 3
2024-10-14 17:26:45.153695 Juliett: November and Golf, sending you 1
2024-10-14 17:26:45.156686 Romeo: Juliett, sending you 2
2024-10-14 17:26:45.159691 Sierra: X-ray and Hotel, sending you 4
2024-10-14 17:26:45.163689 Sierra: Whiskey, sending you 3
chatterbot Delta submitting transactions
chatterbot Kilo submitting transactions
chatterbot X-ray submitting transactions
chatterbot Golf submitting transactions
chatterbot Romeo submitting transactions
chatterbot November submitting transactions
chatterbot Whiskey submitting transactions
chatterbot Hotel submitting transactions
chatterbot Juliett submitting transactions
chatterbot Sierra submitting transactions
ChatterBot Romeo round 14
ChatterBot X-ray round 14
ChatterBot Kilo round 14
ChatterBot Hotel round 14
ChatterBot November round 14
ChatterBot Delta round 14
ChatterBot Golf round 14
ChatterBot Whiskey round 14
ChatterBot Juliett round 14
ChatterBot Sierra round 14
2024-10-14 17:26:46.240184 Delta: We should replace Golf with X-ray
2024-10-14 17:26:46.249468 Juliett: We should add Delta
ChatterBot Kilo reevaluating
ChatterBot Golf reevaluating
2024-10-14 17:26:46.265590 Romeo: No
2024-10-14 17:26:46.267093 Kilo: Yes
2024-10-14 17:26:46.267280 November: No
2024-10-14 17:26:46.267447 Golf: No
ChatterBot Kilo reevaluating
ChatterBot Golf reevaluating
ChatterBot Juliett reevaluating
ChatterBot Golf reevaluating
ChatterBot Juliett reevaluating
ChatterBot Kilo reevaluating
ChatterBot Golf reevaluating
ChatterBot Juliett reevaluating
ChatterBot Kilo reevaluating
ChatterBot Juliett reevaluating
2024-10-14 17:26:46.360160 Delta: X-ray we want you to join our group
2024-10-14 17:26:46.364759 X-ray: No
ChatterBot Delta reevaluating
2024-10-14 17:26:46.368833 X-ray: Hotel, sending you 1
2024-10-14 17:26:46.371737 Romeo: Kilo, November and Golf, sending you 3
2024-10-14 17:26:46.373720 November: Romeo and Kilo, sending you 4
2024-10-14 17:26:46.374258 Hotel: Same as last round
2024-10-14 17:26:46.374674 Romeo: Juliett, sending you 2
2024-10-14 17:26:46.378009 November: Golf, sending you 3
2024-10-14 17:26:46.381692 Whiskey: I was attacked by Golf
ChatterBot X-ray reevaluating
ChatterBot Sierra reevaluating
ChatterBot Hotel reevaluating
2024-10-14 17:26:46.393253 Whiskey: I'm keeping this round to protect myself
2024-10-14 17:26:46.394725 Whiskey: Ow
2024-10-14 17:26:46.395047 November: Juliett, sending you 2
2024-10-14 17:26:46.399670 Kilo: Romeo, November, Golf and Juliett, sending you 3
2024-10-14 17:26:46.400704 Golf: Romeo, sending you 4
2024-10-14 17:26:46.401868 Juliett: Romeo, sending you 2
2024-10-14 17:26:46.402702 Kilo: X-ray, sending you 1
2024-10-14 17:26:46.406677 Golf: Kilo and November, sending you 3
2024-10-14 17:26:46.407778 Juliett: Kilo, sending you 3
2024-10-14 17:26:46.410667 Golf: Juliett, sending you 2
2024-10-14 17:26:46.412683 Juliett: November and Golf, sending you 1
2024-10-14 17:26:46.420669 Sierra: X-ray, sending you 5
2024-10-14 17:26:46.423660 Sierra: Hotel, sending you 6
2024-10-14 17:26:46.429704 Sierra: Whiskey, sending you 3
chatterbot Whiskey submitting transactions
chatterbot Juliett submitting transactions
chatterbot Golf submitting transactions
chatterbot November submitting transactions
chatterbot Delta submitting transactions
chatterbot X-ray submitting transactions
chatterbot Romeo submitting transactions
chatterbot Hotel submitting transactions
chatterbot Sierra submitting transactions
chatterbot Kilo submitting transactions
ChatterBot Romeo round 15
ChatterBot X-ray round 15
ChatterBot Kilo round 15
ChatterBot Hotel round 15
ChatterBot November round 15
2024-10-14 17:26:47.607431 X-ray: We should add Delta
ChatterBot Hotel reevaluating
2024-10-14 17:26:47.624518 Whiskey: No
2024-10-14 17:26:47.624735 Sierra: No
2024-10-14 17:26:47.624939 Hotel: Yes
ChatterBot X-ray reevaluating
ChatterBot Hotel reevaluating
ChatterBot X-ray reevaluating
ChatterBot Hotel reevaluating
ChatterBot Whiskey reevaluating
ChatterBot X-ray reevaluating
ChatterBot Delta round 15
ChatterBot Golf round 15
ChatterBot Whiskey round 15
ChatterBot Juliett round 15
ChatterBot Sierra round 15
2024-10-14 17:26:47.705065 X-ray: We should add November
ChatterBot Whiskey reevaluating
ChatterBot Hotel reevaluating
2024-10-14 17:26:47.723282 Whiskey: No
2024-10-14 17:26:47.724216 Sierra: No
2024-10-14 17:26:47.724409 Hotel: No
ChatterBot X-ray reevaluating
ChatterBot Hotel reevaluating
ChatterBot Whiskey reevaluating
ChatterBot X-ray reevaluating
ChatterBot Hotel reevaluating
ChatterBot Whiskey reevaluating
ChatterBot X-ray reevaluating
2024-10-14 17:26:47.782358 Whiskey: We should add Delta
ChatterBot X-ray reevaluating
2024-10-14 17:26:47.797136 X-ray: No
2024-10-14 17:26:47.797351 Sierra: No
2024-10-14 17:26:47.797509 Hotel: No
ChatterBot Whiskey reevaluating
ChatterBot Whiskey reevaluating
ChatterBot X-ray reevaluating
ChatterBot Whiskey reevaluating
ChatterBot X-ray reevaluating
chatterbot Romeo submitting transactions
2024-10-14 17:26:47.863694 Romeo: Kilo, November and Golf, sending you 3
2024-10-14 17:26:47.866664 Romeo: Juliett, sending you 2
2024-10-14 17:26:47.868680 November: Romeo and Kilo, sending you 4
2024-10-14 17:26:47.871661 Kilo: Romeo, November, Golf and Juliett, sending you 3
2024-10-14 17:26:47.872690 November: Golf, sending you 3
2024-10-14 17:26:47.874316 Hotel: Same as last round
2024-10-14 17:26:47.875018 Kilo: X-ray, sending you 1
2024-10-14 17:26:47.876680 November: Juliett, sending you 2
2024-10-14 17:26:47.878685 Sierra: X-ray, sending you 5
2024-10-14 17:26:47.879715 Golf: Romeo, sending you 4
2024-10-14 17:26:47.881571 Whiskey: Sending you each 3
2024-10-14 17:26:47.882674 Sierra: Hotel, sending you 7
2024-10-14 17:26:47.883684 Golf: Kilo and November, sending you 3
2024-10-14 17:26:47.885608 Juliett: Romeo, sending you 2
2024-10-14 17:26:47.887683 Sierra: Whiskey, sending you 4
2024-10-14 17:26:47.889404 Juliett: Kilo, sending you 3
2024-10-14 17:26:47.890482 Golf: Juliett, sending you 2
2024-10-14 17:26:47.893688 Juliett: November and Golf, sending you 1
chatterbot Whiskey submitting transactions
chatterbot November submitting transactions
chatterbot Hotel submitting transactions
chatterbot Golf submitting transactions
chatterbot X-ray submitting transactions
chatterbot Kilo submitting transactions
chatterbot Delta submitting transactions
chatterbot Juliett submitting transactions
chatterbot Sierra submitting transactions
ChatterBot Romeo round 16
ChatterBot X-ray round 16
ChatterBot Kilo round 16
ChatterBot Hotel round 16
ChatterBot November round 16
ChatterBot Delta round 16
ChatterBot Golf round 16
ChatterBot Whiskey round 16
ChatterBot Juliett round 16
ChatterBot Sierra round 16
2024-10-14 17:26:49.133953 X-ray: We should add Kilo
ChatterBot Whiskey reevaluating
2024-10-14 17:26:49.145486 Whiskey: Yes
2024-10-14 17:26:49.145794 Sierra: No
2024-10-14 17:26:49.146183 Hotel: No
ChatterBot X-ray reevaluating
ChatterBot Whiskey reevaluating
ChatterBot X-ray reevaluating
ChatterBot Whiskey reevaluating
ChatterBot X-ray reevaluating
2024-10-14 17:26:49.210857 Hotel: Kilo we want you to join our group
2024-10-14 17:26:49.216219 Kilo: No
ChatterBot Hotel reevaluating
ChatterBot X-ray reevaluating
2024-10-14 17:26:49.234686 Romeo: Kilo, November and Golf, sending you 3
2024-10-14 17:26:49.236741 Kilo: Romeo, November, Golf and Juliett, sending you 3
2024-10-14 17:26:49.238033 Juliett: Romeo, Kilo and Golf, sending you 2
2024-10-14 17:26:49.241666 Romeo: Juliett, sending you 2
2024-10-14 17:26:49.242973 Kilo: X-ray, sending you 1
2024-10-14 17:26:49.244673 Juliett: November, sending you 1
2024-10-14 17:26:49.245356 Sierra: X-ray, sending you 5
2024-10-14 17:26:49.248656 Whiskey: X-ray, sending you 3
2024-10-14 17:26:49.249706 Hotel: Same as last round
2024-10-14 17:26:49.250666 Sierra: Hotel, sending you 7
2024-10-14 17:26:49.251262 Delta: Sending you 6
2024-10-14 17:26:49.252076 November: Romeo, Kilo and Golf, sending you 4
2024-10-14 17:26:49.253674 Whiskey: Hotel and Sierra, sending you 4
2024-10-14 17:26:49.255714 Sierra: Whiskey, sending you 4
2024-10-14 17:26:49.257256 November: Juliett, sending you 1
2024-10-14 17:26:49.258651 X-ray: Hotel, sending you 1
chatterbot Romeo submitting transactions
chatterbot Golf submitting transactions
chatterbot November submitting transactions
chatterbot Whiskey submitting transactions
chatterbot Hotel submitting transactions
chatterbot Sierra submitting transactions
chatterbot Juliett submitting transactions
chatterbot Kilo submitting transactions
chatterbot Delta submitting transactions
chatterbot X-ray submitting transactions
ChatterBot Romeo round 17
ChatterBot X-ray round 17
ChatterBot Kilo round 17
ChatterBot Hotel round 17
ChatterBot November round 17
ChatterBot Delta round 17
ChatterBot Golf round 17
ChatterBot Whiskey round 17
ChatterBot Juliett round 17
ChatterBot Sierra round 17
2024-10-14 17:26:50.543775 X-ray: We should drop Whiskey
ChatterBot Hotel reevaluating
2024-10-14 17:26:50.551891 Hotel: No
2024-10-14 17:26:50.552050 Sierra: No
ChatterBot Hotel reevaluating
2024-10-14 17:26:50.588979 Whiskey: I was attacked by Golf
ChatterBot X-ray reevaluating
ChatterBot Sierra reevaluating
ChatterBot Hotel reevaluating
2024-10-14 17:26:50.605725 Whiskey: I'm keeping this round to protect myself
2024-10-14 17:26:50.607690 Whiskey: Ow
