ChatterBot Tango round 1
ChatterBot Yankee round 1
ChatterBot Quebec round 1
ChatterBot Papa round 1
ChatterBot Foxtrot round 1
ChatterBot Sierra round 1
ChatterBot Oscar round 1
ChatterBot Delta round 1
ChatterBot Golf round 1
ChatterBot India round 1
randomSelections Quebec: {Quebec, Papa, Delta, Oscar, Foxtrot, Yankee} 
2024-10-14 17:26:28.516874 Quebec: Let's form a team
ChatterBot Papa reevaluating
ChatterBot Delta reevaluating
ChatterBot Oscar reevaluating
ChatterBot Foxtrot reevaluating
ChatterBot Yankee reevaluating
2024-10-14 17:26:28.530067 Papa: Yes
2024-10-14 17:26:28.530242 Delta: Yes
2024-10-14 17:26:28.530351 Oscar: Yes
2024-10-14 17:26:28.530467 Foxtrot: Yes
2024-10-14 17:26:28.530587 Yankee: Yes
ChatterBot Delta reevaluating
ChatterBot Oscar reevaluating
ChatterBot Foxtrot reevaluating
ChatterBot Yankee reevaluating
ChatterBot Papa reevaluating
ChatterBot Oscar reevaluating
ChatterBot Foxtrot reevaluating
ChatterBot Yankee reevaluating
ChatterBot Papa reevaluating
ChatterBot Delta reevaluating
ChatterBot Foxtrot reevaluating
ChatterBot Yankee reevaluating
ChatterBot Papa reevaluating
ChatterBot Delta reevaluating
ChatterBot Oscar reevaluating
ChatterBot Yankee reevaluating
ChatterBot Papa reevaluating
ChatterBot Delta reevaluating
ChatterBot Oscar reevaluating
ChatterBot Foxtrot reevaluating
randomSelections Golf: {Golf, Tango, Sierra} 
2024-10-14 17:26:28.633606 Golf: Group up?
ChatterBot Tango reevaluating
ChatterBot Sierra reevaluating
2024-10-14 17:26:28.638140 Tango: Yes
2024-10-14 17:26:28.638249 Sierra: Yes
ChatterBot Sierra reevaluating
ChatterBot Tango reevaluating
randomSelections India: {India, Oscar, Tango, Sierra, Foxtrot, Delta, Papa} 
2024-10-14 17:26:28.653551 India: Group up?
ChatterBot Oscar reevaluating
ChatterBot Tango reevaluating
ChatterBot Sierra reevaluating
ChatterBot Foxtrot reevaluating
ChatterBot Delta reevaluating
ChatterBot Papa reevaluating
2024-10-14 17:26:28.663257 Oscar: No
2024-10-14 17:26:28.663514 Tango: No
2024-10-14 17:26:28.663877 Sierra: No
2024-10-14 17:26:28.664546 Foxtrot: No
2024-10-14 17:26:28.664844 Delta: No
2024-10-14 17:26:28.665040 Papa: No
ChatterBot Tango reevaluating
ChatterBot Sierra reevaluating
ChatterBot Foxtrot reevaluating
ChatterBot Delta reevaluating
ChatterBot Papa reevaluating
ChatterBot Oscar reevaluating
ChatterBot Sierra reevaluating
ChatterBot Foxtrot reevaluating
ChatterBot Delta reevaluating
ChatterBot Papa reevaluating
ChatterBot Oscar reevaluating
ChatterBot Tango reevaluating
ChatterBot Foxtrot reevaluating
ChatterBot Delta reevaluating
ChatterBot Papa reevaluating
ChatterBot Oscar reevaluating
ChatterBot Tango reevaluating
ChatterBot Sierra reevaluating
ChatterBot Delta reevaluating
ChatterBot Papa reevaluating
ChatterBot Oscar reevaluating
ChatterBot Tango reevaluating
ChatterBot Sierra reevaluating
ChatterBot Foxtrot reevaluating
ChatterBot Papa reevaluating
ChatterBot Oscar reevaluating
ChatterBot Tango reevaluating
ChatterBot Sierra reevaluating
ChatterBot Foxtrot reevaluating
ChatterBot Delta reevaluating
2024-10-14 17:26:28.733696 Golf: Sending you each 2
2024-10-14 17:26:28.743533 Oscar: Yankee, sending you 3
2024-10-14 17:26:28.745487 Quebec: Yankee, sending you 1
2024-10-14 17:26:28.746281 Papa: Yankee, sending you 4
2024-10-14 17:26:28.747321 Tango: Sierra, sending you 7
2024-10-14 17:26:28.747660 Delta: Yankee and Foxtrot, sending you 1
2024-10-14 17:26:28.748948 Oscar: Quebec and Delta, sending you 2
2024-10-14 17:26:28.749661 Quebec: Papa, sending you 4
2024-10-14 17:26:28.749998 Papa: Quebec, sending you 2
2024-10-14 17:26:28.750922 India: Tango, sending you 3
2024-10-14 17:26:28.751707 Tango: Golf, sending you 4
2024-10-14 17:26:28.751997 Yankee: Quebec and Foxtrot, sending you 3
2024-10-14 17:26:28.752896 Delta: Quebec, sending you 3
2024-10-14 17:26:28.753304 Sierra: Tango, sending you 5
2024-10-14 17:26:28.753670 Oscar: Papa, sending you 1
2024-10-14 17:26:28.754895 Quebec: Foxtrot and Oscar, sending you 2
2024-10-14 17:26:28.755395 India: Papa and Oscar, sending you 2
2024-10-14 17:26:28.758371 Papa: Foxtrot, sending you 1
2024-10-14 17:26:28.758795 Foxtrot: Yankee, sending you 3
2024-10-14 17:26:28.759174 Delta: Papa, sending you 4
2024-10-14 17:26:28.760532 Yankee: Papa and Oscar, sending you 1
2024-10-14 17:26:28.760890 Sierra: Golf, sending you 3
2024-10-14 17:26:28.761167 Oscar: Foxtrot, sending you 5
2024-10-14 17:26:28.761577 Quebec: Delta, sending you 5
2024-10-14 17:26:28.762720 India: Delta, sending you 4
2024-10-14 17:26:28.763118 Foxtrot: Quebec and Delta, sending you 2
2024-10-14 17:26:28.765296 Papa: Oscar, sending you 3
2024-10-14 17:26:28.766530 Delta: Oscar, sending you 2
2024-10-14 17:26:28.766951 Yankee: Delta, sending you 2
chatterbot India submitting transactions
chatterbot Tango submitting transactions
chatterbot Quebec submitting transactions
chatterbot Yankee submitting transactions
chatterbot Golf submitting transactions
chatterbot Oscar submitting transactions
chatterbot Sierra submitting transactions
chatterbot Papa submitting transactions
chatterbot Foxtrot submitting transactions
chatterbot Delta submitting transactions
ChatterBot Tango round 2
ChatterBot Yankee round 2
ChatterBot Quebec round 2
ChatterBot Papa round 2
ChatterBot Foxtrot round 2
ChatterBot Sierra round 2
ChatterBot Oscar round 2
ChatterBot Delta round 2
ChatterBot Golf round 2
ChatterBot India round 2
2024-10-14 17:26:31.433650 India: Let's form a team
ChatterBot Tango reevaluating
ChatterBot Golf reevaluating
2024-10-14 17:26:31.446242 Tango: Yes
2024-10-14 17:26:31.446449 Sierra: No
2024-10-14 17:26:31.446817 Golf: Yes
ChatterBot Golf reevaluating
ChatterBot Tango reevaluating
ChatterBot Golf reevaluating
ChatterBot Tango reevaluating
2024-10-14 17:26:31.490448 Quebec: We should add India
ChatterBot Papa reevaluating
ChatterBot Delta reevaluating
ChatterBot Foxtrot reevaluating
ChatterBot Yankee reevaluating
2024-10-14 17:26:31.507367 Papa: Yes
2024-10-14 17:26:31.507546 Delta: Yes
2024-10-14 17:26:31.507694 Oscar: No
2024-10-14 17:26:31.507827 Foxtrot: No
2024-10-14 17:26:31.507947 Yankee: No
ChatterBot Delta reevaluating
ChatterBot Oscar reevaluating
ChatterBot Foxtrot reevaluating
ChatterBot Yankee reevaluating
ChatterBot Papa reevaluating
ChatterBot Oscar reevaluating
ChatterBot Foxtrot reevaluating
ChatterBot Yankee reevaluating
ChatterBot Papa reevaluating
ChatterBot Delta reevaluating
ChatterBot Foxtrot reevaluating
ChatterBot Yankee reevaluating
ChatterBot Papa reevaluating
ChatterBot Delta reevaluating
ChatterBot Oscar reevaluating
ChatterBot Yankee reevaluating
ChatterBot Papa reevaluating
ChatterBot Delta reevaluating
ChatterBot Oscar reevaluating
ChatterBot Foxtrot reevaluating
2024-10-14 17:26:31.614920 Quebec: India we want you to join our group
2024-10-14 17:26:31.620630 India: No
ChatterBot Yankee reevaluating
ChatterBot Papa reevaluating
ChatterBot Foxtrot reevaluating
ChatterBot Oscar reevaluating
ChatterBot Delta reevaluating
2024-10-14 17:26:31.643413 Tango: India we want you to join our group
2024-10-14 17:26:31.646360 India: Yes
ChatterBot Tango reevaluating
ChatterBot Sierra reevaluating
2024-10-14 17:26:31.656905 Sierra: We should replace Golf with India
ChatterBot Tango reevaluating
2024-10-14 17:26:31.662260 Tango: No
ChatterBot Sierra reevaluating
2024-10-14 17:26:31.668932 India: Tango and Sierra, sending you 4
2024-10-14 17:26:31.670157 Yankee: We should drop Foxtrot
ChatterBot Papa reevaluating
ChatterBot Delta reevaluating
2024-10-14 17:26:31.690530 Quebec: No
2024-10-14 17:26:31.690724 Papa: No
2024-10-14 17:26:31.690892 Oscar: No
2024-10-14 17:26:31.691043 Delta: No
ChatterBot Papa reevaluating
ChatterBot Delta reevaluating
ChatterBot Delta reevaluating
ChatterBot Papa reevaluating
ChatterBot Delta reevaluating
ChatterBot Papa reevaluating
2024-10-14 17:26:31.755273 Oscar: India we want you to join our group
2024-10-14 17:26:31.758621 India: No
ChatterBot Papa reevaluating
ChatterBot Oscar reevaluating
ChatterBot Delta reevaluating
2024-10-14 17:26:31.788817 India: Golf, sending you 3
2024-10-14 17:26:31.860287 Sierra: India we want you to join our group
2024-10-14 17:26:31.864957 India: Yes
ChatterBot Sierra reevaluating
2024-10-14 17:26:31.873070 Quebec: Yankee, sending you 4
2024-10-14 17:26:31.874154 Foxtrot: Yankee, Quebec, Papa and Delta, sending you 1
2024-10-14 17:26:31.889923 Papa: Yankee and Oscar, sending you 1
2024-10-14 17:26:31.890908 Quebec: Papa, Foxtrot and Oscar, sending you 2
2024-10-14 17:26:31.891564 Foxtrot: Oscar, sending you 3
2024-10-14 17:26:31.892532 Yankee: Quebec and Delta, sending you 2
2024-10-14 17:26:31.892964 Oscar: Yankee, sending you 2
2024-10-14 17:26:31.923778 Quebec: Delta, sending you 3
2024-10-14 17:26:31.924824 Papa: Quebec and Delta, sending you 4
2024-10-14 17:26:31.925399 Delta: Yankee, Papa, Foxtrot and Oscar, sending you 2
2024-10-14 17:26:31.926492 Yankee: Papa and Oscar, sending you 3
2024-10-14 17:26:31.927195 Oscar: Quebec and Delta, sending you 3
2024-10-14 17:26:31.940516 Quebec: India, sending you 1
2024-10-14 17:26:31.941446 Delta: Quebec, sending you 3
2024-10-14 17:26:31.941894 Tango: Sierra, sending you 6
2024-10-14 17:26:31.942252 Oscar: Papa, sending you 5
2024-10-14 17:26:31.952993 Tango: Golf, sending you 2
2024-10-14 17:26:31.963941 Tango: India, sending you 3
2024-10-14 17:26:31.965589 Sierra: Tango, sending you 16
2024-10-14 17:26:31.975224 Sierra: India, sending you 1
chatterbot Oscar submitting transactions
chatterbot India submitting transactions
chatterbot Yankee submitting transactions
chatterbot Quebec submitting transactions
chatterbot Tango submitting transactions
chatterbot Golf submitting transactions
chatterbot Delta submitting transactions
chatterbot Sierra submitting transactions
chatterbot Papa submitting transactions
chatterbot Foxtrot submitting transactions
ChatterBot Tango round 3
ChatterBot Yankee round 3
ChatterBot Quebec round 3
ChatterBot Papa round 3
ChatterBot Foxtrot round 3
ChatterBot Sierra round 3
ChatterBot Oscar round 3
ChatterBot Delta round 3
ChatterBot Golf round 3
ChatterBot India round 3
2024-10-14 17:26:32.903955 Golf: We should add India
2024-10-14 17:26:32.908653 Tango: Yes
2024-10-14 17:26:32.909147 Sierra: Yes
2024-10-14 17:26:32.922347 Golf: India we want you to join our group
2024-10-14 17:26:32.925097 India: Yes
2024-10-14 17:26:32.933679 Oscar: Yankee, Quebec, Papa and Delta, sending you 3
2024-10-14 17:26:32.934956 Tango: Sierra, sending you 6
2024-10-14 17:26:32.935743 Yankee: Quebec, Papa and Oscar, sending you 3
2024-10-14 17:26:32.936221 India: Tango, sending you 8
2024-10-14 17:26:32.937662 Tango: Golf and India, sending you 2
2024-10-14 17:26:32.938666 Oscar: Foxtrot, sending you 1
2024-10-14 17:26:32.939058 Foxtrot: Yankee, Papa and Delta, sending you 1
2024-10-14 17:26:32.940123 Delta: Yankee, Papa, Foxtrot and Oscar, sending you 2
2024-10-14 17:26:32.940672 Quebec: Yankee, Papa, Oscar and Delta, sending you 3
2024-10-14 17:26:32.941247 Yankee: Delta, sending you 1
2024-10-14 17:26:32.941514 India: Sierra, sending you 3
2024-10-14 17:26:32.942665 Foxtrot: Quebec and Oscar, sending you 2
2024-10-14 17:26:32.943677 Delta: Quebec, sending you 3
2024-10-14 17:26:32.944301 Quebec: Foxtrot, sending you 2
2024-10-14 17:26:32.945682 Papa: Yankee, Quebec and Delta, sending you 2
2024-10-14 17:26:32.948009 Sierra: Tango, sending you 12
2024-10-14 17:26:32.950799 Papa: Foxtrot, sending you 1
2024-10-14 17:26:32.951196 Golf: Tango, sending you 2
2024-10-14 17:26:32.952663 Sierra: India, sending you 5
2024-10-14 17:26:32.955670 Papa: Oscar, sending you 3
2024-10-14 17:26:32.956247 Golf: Sierra and India, sending you 1
chatterbot Foxtrot submitting transactions
chatterbot Sierra submitting transactions
chatterbot India submitting transactions
chatterbot Golf submitting transactions
chatterbot Yankee submitting transactions
chatterbot Delta submitting transactions
chatterbot Tango submitting transactions
chatterbot Oscar submitting transactions
chatterbot Papa submitting transactions
chatterbot Quebec submitting transactions
ChatterBot Tango round 4
ChatterBot Yankee round 4
ChatterBot Quebec round 4
2024-10-14 17:26:34.127496 Quebec: We should replace India with Golf
2024-10-14 17:26:34.137989 Papa: No
2024-10-14 17:26:34.138195 Delta: No
2024-10-14 17:26:34.138472 Oscar: No
2024-10-14 17:26:34.138794 Foxtrot: No
2024-10-14 17:26:34.139061 Yankee: No
ChatterBot Quebec reevaluating
ChatterBot Papa round 4
ChatterBot Foxtrot round 4
ChatterBot Sierra round 4
ChatterBot Oscar round 4
ChatterBot Delta round 4
ChatterBot Golf round 4
ChatterBot India round 4
2024-10-14 17:26:34.228670 Yankee: Quebec and Oscar, sending you 3
2024-10-14 17:26:34.229677 Tango: Sierra, sending you 5
2024-10-14 17:26:34.232658 Tango: Golf, sending you 1
2024-10-14 17:26:34.233674 Delta: Yankee, Papa, Foxtrot and Oscar, sending you 2
2024-10-14 17:26:34.234172 Yankee: Papa and Delta, sending you 2
2024-10-14 17:26:34.234694 Papa: Yankee, Quebec and Delta, sending you 2
2024-10-14 17:26:34.235147 India: Tango, sending you 4
2024-10-14 17:26:34.235720 Tango: India, sending you 3
2024-10-14 17:26:34.236693 Oscar: Yankee, Quebec and Papa, sending you 3
2024-10-14 17:26:34.237931 India: Sierra, sending you 6
2024-10-14 17:26:34.238675 Delta: Quebec, sending you 3
2024-10-14 17:26:34.239124 Sierra: Tango, sending you 12
2024-10-14 17:26:34.239340 Papa: Foxtrot, sending you 1
2024-10-14 17:26:34.239773 Quebec: Yankee, Papa, Oscar and Delta, sending you 3
2024-10-14 17:26:34.240663 Foxtrot: Yankee, Papa and Oscar, sending you 1
2024-10-14 17:26:34.241145 Golf: Tango, sending you 2
2024-10-14 17:26:34.241676 Oscar: Foxtrot and Delta, sending you 2
2024-10-14 17:26:34.242147 Sierra: India, sending you 5
2024-10-14 17:26:34.242663 India: Golf, sending you 1
2024-10-14 17:26:34.242969 Quebec: Foxtrot, sending you 2
2024-10-14 17:26:34.243692 Papa: Oscar, sending you 3
2024-10-14 17:26:34.245663 Foxtrot: Quebec and Delta, sending you 2
2024-10-14 17:26:34.246656 Golf: Sierra and India, sending you 1
chatterbot Yankee submitting transactions
chatterbot Sierra submitting transactions
chatterbot Quebec submitting transactions
chatterbot Golf submitting transactions
chatterbot Delta submitting transactions
chatterbot Tango submitting transactions
chatterbot India submitting transactions
chatterbot Oscar submitting transactions
chatterbot Foxtrot submitting transactions
chatterbot Papa submitting transactions
ChatterBot Tango round 5
ChatterBot Yankee round 5
ChatterBot Quebec round 5
ChatterBot Papa round 5
ChatterBot Foxtrot round 5
2024-10-14 17:26:35.472427 Quebec: We should replace India with Golf
2024-10-14 17:26:35.484568 Papa: No
2024-10-14 17:26:35.484744 Delta: No
2024-10-14 17:26:35.484879 Oscar: No
2024-10-14 17:26:35.485 Foxtrot: No
2024-10-14 17:26:35.485132 Yankee: No
ChatterBot Sierra round 5
ChatterBot Oscar round 5
ChatterBot Delta round 5
ChatterBot Golf round 5
ChatterBot India round 5
2024-10-14 17:26:35.616084 Quebec: Golf we want you to join our group
2024-10-14 17:26:35.619789 Golf: No
2024-10-14 17:26:35.661687 Papa: Yankee, Quebec and Delta, sending you 2
2024-10-14 17:26:35.664682 Golf: Tango, sending you 2
2024-10-14 17:26:35.665289 Delta: Yankee, Papa, Foxtrot and Oscar, sending you 2
2024-10-14 17:26:35.666835 Papa: Foxtrot, sending you 1
2024-10-14 17:26:35.667579 Quebec: Yankee, Papa, Oscar and Delta, sending you 3
2024-10-14 17:26:35.667990 Yankee: Quebec and Oscar, sending you 3
2024-10-14 17:26:35.669693 Golf: Sierra and India, sending you 1
2024-10-14 17:26:35.670246 Foxtrot: Yankee, Papa and Oscar, sending you 1
2024-10-14 17:26:35.671191 Papa: Oscar, sending you 3
2024-10-14 17:26:35.672623 Delta: Quebec, sending you 3
2024-10-14 17:26:35.673431 Quebec: Foxtrot, sending you 2
2024-10-14 17:26:35.674256 Yankee: Papa and Delta, sending you 2
2024-10-14 17:26:35.675988 Oscar: Yankee, Quebec and Papa, sending you 3
2024-10-14 17:26:35.677156 Tango: Sierra, sending you 5
2024-10-14 17:26:35.678306 Foxtrot: Quebec and Delta, sending you 2
2024-10-14 17:26:35.679392 Sierra: Tango, sending you 11
2024-10-14 17:26:35.680153 India: Tango, sending you 4
2024-10-14 17:26:35.681383 Oscar: Foxtrot and Delta, sending you 2
2024-10-14 17:26:35.682236 Tango: Golf, sending you 1
2024-10-14 17:26:35.684196 Sierra: India, sending you 6
2024-10-14 17:26:35.684953 India: Sierra, sending you 6
2024-10-14 17:26:35.685699 Tango: India, sending you 3
2024-10-14 17:26:35.687704 India: Golf, sending you 1
chatterbot Golf submitting transactions
chatterbot Sierra submitting transactions
chatterbot Delta submitting transactions
chatterbot Papa submitting transactions
chatterbot Oscar submitting transactions
chatterbot India submitting transactions
chatterbot Quebec submitting transactions
chatterbot Foxtrot submitting transactions
chatterbot Yankee submitting transactions
chatterbot Tango submitting transactions
ChatterBot Tango round 6
ChatterBot Yankee round 6
ChatterBot Quebec round 6
ChatterBot Papa round 6
ChatterBot Foxtrot round 6
ChatterBot Sierra round 6
ChatterBot Oscar round 6
ChatterBot Delta round 6
ChatterBot Golf round 6
ChatterBot India round 6
2024-10-14 17:26:36.882688 Tango: Sierra, sending you 4
2024-10-14 17:26:36.884048 Yankee: Quebec and Oscar, sending you 3
2024-10-14 17:26:36.887121 Sierra: Tango, sending you 11
2024-10-14 17:26:36.887461 Tango: Golf, sending you 1
2024-10-14 17:26:36.887833 Yankee: Papa and Delta, sending you 2
2024-10-14 17:26:36.890671 Tango: India, sending you 3
2024-10-14 17:26:36.891660 Sierra: India, sending you 6
2024-10-14 17:26:36.892672 Oscar: Yankee and Quebec, sending you 3
2024-10-14 17:26:36.893802 Golf: Tango, sending you 2
2024-10-14 17:26:36.894335 Foxtrot: Yankee, Papa and Oscar, sending you 1
2024-10-14 17:26:36.895719 Quebec: Yankee, Oscar and Delta, sending you 3
2024-10-14 17:26:36.896399 Delta: Yankee, Papa, Foxtrot and Oscar, sending you 2
2024-10-14 17:26:36.897115 Golf: Sierra and India, sending you 1
2024-10-14 17:26:36.898130 Oscar: Papa, sending you 4
2024-10-14 17:26:36.898632 Papa: Yankee and Delta, sending you 2
2024-10-14 17:26:36.899144 Foxtrot: Quebec and Delta, sending you 2
2024-10-14 17:26:36.900881 Quebec: Papa and Foxtrot, sending you 2
2024-10-14 17:26:36.901270 Delta: Quebec, sending you 3
2024-10-14 17:26:36.901749 Oscar: Foxtrot, sending you 1
2024-10-14 17:26:36.902303 Papa: Quebec and Oscar, sending you 3
2024-10-14 17:26:36.902815 India: Tango, sending you 4
2024-10-14 17:26:36.905711 Quebec: Golf, sending you 1
2024-10-14 17:26:36.906144 Oscar: Delta, sending you 2
2024-10-14 17:26:36.907647 India: Sierra, sending you 6
2024-10-14 17:26:36.911663 India: Golf, sending you 1
chatterbot India submitting transactions
chatterbot Tango submitting transactions
chatterbot Foxtrot submitting transactions
chatterbot Golf submitting transactions
chatterbot Sierra submitting transactions
chatterbot Quebec submitting transactions
chatterbot Papa submitting transactions
chatterbot Yankee submitting transactions
chatterbot Delta submitting transactions
chatterbot Oscar submitting transactions
ChatterBot Tango round 7
ChatterBot Yankee round 7
ChatterBot Quebec round 7
ChatterBot Papa round 7
ChatterBot Foxtrot round 7
ChatterBot Sierra round 7
ChatterBot Oscar round 7
ChatterBot Delta round 7
ChatterBot Golf round 7
ChatterBot India round 7
2024-10-14 17:26:38.076657 Yankee: Quebec and Oscar, sending you 3
2024-10-14 17:26:38.077200 Sierra: Tango, sending you 10
2024-10-14 17:26:38.078668 Delta: Yankee, Papa, Foxtrot and Oscar, sending you 2
2024-10-14 17:26:38.079733 Papa: Yankee, Quebec and Delta, sending you 2
2024-10-14 17:26:38.080710 Golf: Tango, sending you 3
2024-10-14 17:26:38.082243 Yankee: Papa and Delta, sending you 2
2024-10-14 17:26:38.082625 Sierra: India, sending you 7
2024-10-14 17:26:38.082947 Tango: Sierra, sending you 4
2024-10-14 17:26:38.083276 Delta: Quebec, sending you 3
2024-10-14 17:26:38.084682 Oscar: Yankee and Quebec, sending you 3
2024-10-14 17:26:38.085191 Papa: Foxtrot, sending you 1
2024-10-14 17:26:38.085718 Golf: India, sending you 1
2024-10-14 17:26:38.086192 Foxtrot: Yankee, Papa and Oscar, sending you 1
2024-10-14 17:26:38.086829 Tango: Golf, sending you 1
2024-10-14 17:26:38.087676 India: Tango, sending you 4
2024-10-14 17:26:38.088272 Quebec: Yankee and Delta, sending you 1
2024-10-14 17:26:38.088840 Oscar: Papa, sending you 4
2024-10-14 17:26:38.089656 Foxtrot: Quebec and Delta, sending you 2
2024-10-14 17:26:38.090685 Papa: Oscar, sending you 3
2024-10-14 17:26:38.091663 Tango: India, sending you 3
2024-10-14 17:26:38.092671 India: Sierra, sending you 6
2024-10-14 17:26:38.092990 Oscar: Foxtrot, sending you 1
2024-10-14 17:26:38.096672 India: Golf, sending you 1
2024-10-14 17:26:38.097565 Oscar: Delta, sending you 2
chatterbot Oscar submitting transactions
chatterbot Golf submitting transactions
chatterbot Sierra submitting transactions
chatterbot Quebec submitting transactions
chatterbot Foxtrot submitting transactions
chatterbot Delta submitting transactions
chatterbot Yankee submitting transactions
chatterbot Papa submitting transactions
chatterbot India submitting transactions
chatterbot Tango submitting transactions
ChatterBot Tango round 8
ChatterBot Yankee round 8
ChatterBot Quebec round 8
ChatterBot Papa round 8
ChatterBot Foxtrot round 8
ChatterBot Sierra round 8
ChatterBot Oscar round 8
ChatterBot Delta round 8
ChatterBot Golf round 8
ChatterBot India round 8
2024-10-14 17:26:39.297679 Foxtrot: Yankee, Papa and Oscar, sending you 1
2024-10-14 17:26:39.302997 Foxtrot: Quebec and Delta, sending you 2
2024-10-14 17:26:39.303673 Quebec: Yankee, Papa, Oscar and Delta, sending you 3
2024-10-14 17:26:39.306680 Papa: Yankee, Quebec and Delta, sending you 2
2024-10-14 17:26:39.307541 Quebec: Foxtrot, sending you 2
2024-10-14 17:26:39.308889 Tango: I was attacked by Quebec
ChatterBot India reevaluating
ChatterBot Sierra reevaluating
ChatterBot Golf reevaluating
2024-10-14 17:26:39.317510 Tango: I'm keeping this round to protect myself
2024-10-14 17:26:39.318239 Tango: Ow
2024-10-14 17:26:39.318517 Oscar: Yankee and Papa, sending you 4
2024-10-14 17:26:39.319092 Yankee: Quebec and Oscar, sending you 3
2024-10-14 17:26:39.319411 Papa: Foxtrot, sending you 1
2024-10-14 17:26:39.321854 Oscar: Quebec and Delta, sending you 2
2024-10-14 17:26:39.323662 Yankee: Papa and Delta, sending you 2
2024-10-14 17:26:39.323981 Papa: Oscar, sending you 3
2024-10-14 17:26:39.324471 Delta: Yankee, Papa, Foxtrot and Oscar, sending you 2
2024-10-14 17:26:39.325653 Oscar: Foxtrot, sending you 1
2024-10-14 17:26:39.328660 Delta: Quebec, sending you 3
2024-10-14 17:26:39.337670 Sierra: Tango, sending you 10
2024-10-14 17:26:39.338003 Golf: Tango, sending you 3
2024-10-14 17:26:39.340659 India: Tango, sending you 4
2024-10-14 17:26:39.341023 Sierra: India, sending you 7
2024-10-14 17:26:39.342658 Golf: India, sending you 1
2024-10-14 17:26:39.344688 India: Sierra, sending you 6
2024-10-14 17:26:39.347665 India: Golf, sending you 1
chatterbot Delta submitting transactions
chatterbot Quebec submitting transactions
chatterbot Yankee submitting transactions
chatterbot Golf submitting transactions
chatterbot Tango submitting transactions
chatterbot Foxtrot submitting transactions
chatterbot Oscar submitting transactions
chatterbot Papa submitting transactions
chatterbot Sierra submitting transactions
chatterbot India submitting transactions
ChatterBot Tango round 9
ChatterBot Yankee round 9
ChatterBot Quebec round 9
ChatterBot Papa round 9
ChatterBot Foxtrot round 9
ChatterBot Sierra round 9
ChatterBot Oscar round 9
ChatterBot Delta round 9
ChatterBot Golf round 9
ChatterBot India round 9
2024-10-14 17:26:40.332676 Quebec: Yankee, Oscar and Delta, sending you 3
2024-10-14 17:26:40.334697 Papa: Yankee, Quebec and Delta, sending you 2
2024-10-14 17:26:40.335697 Quebec: Papa and Foxtrot, sending you 2
2024-10-14 17:26:40.337668 Papa: Foxtrot, sending you 1
2024-10-14 17:26:40.339668 Tango: Sierra, sending you 2
2024-10-14 17:26:40.340636 Yankee: Quebec and Oscar, sending you 3
2024-10-14 17:26:40.341189 Oscar: Yankee and Quebec, sending you 3
2024-10-14 17:26:40.342012 Quebec: Golf, sending you 1
2024-10-14 17:26:40.342678 Papa: Oscar, sending you 3
2024-10-14 17:26:40.343850 Tango: India, sending you 1
2024-10-14 17:26:40.344686 Yankee: Papa and Delta, sending you 2
2024-10-14 17:26:40.345099 Oscar: Papa, sending you 4
2024-10-14 17:26:40.345718 India: Tango, sending you 4
2024-10-14 17:26:40.346667 Sierra: Tango, sending you 3
2024-10-14 17:26:40.347556 Delta: Yankee, Papa, Foxtrot and Oscar, sending you 2
2024-10-14 17:26:40.348205 Foxtrot: Yankee, Papa and Oscar, sending you 1
2024-10-14 17:26:40.348789 Golf: Tango, sending you 3
2024-10-14 17:26:40.349171 Oscar: Foxtrot, sending you 1
2024-10-14 17:26:40.349774 Sierra: India, sending you 2
2024-10-14 17:26:40.350705 India: Sierra, sending you 6
2024-10-14 17:26:40.351335 Delta: Quebec, sending you 3
2024-10-14 17:26:40.352666 Foxtrot: Quebec and Delta, sending you 2
2024-10-14 17:26:40.354098 Golf: India, sending you 1
2024-10-14 17:26:40.354709 Oscar: Delta, sending you 2
2024-10-14 17:26:40.355707 India: Golf, sending you 1
chatterbot Oscar submitting transactions
chatterbot Papa submitting transactions
chatterbot Delta submitting transactions
chatterbot Golf submitting transactions
chatterbot Quebec submitting transactions
chatterbot Yankee submitting transactions
chatterbot Tango submitting transactions
chatterbot India submitting transactions
chatterbot Sierra submitting transactions
chatterbot Foxtrot submitting transactions
ChatterBot Tango round 10
ChatterBot Yankee round 10
ChatterBot Quebec round 10
ChatterBot Papa round 10
ChatterBot Foxtrot round 10
ChatterBot Sierra round 10
ChatterBot Oscar round 10
ChatterBot Delta round 10
ChatterBot Golf round 10
ChatterBot India round 10
2024-10-14 17:26:41.258710 Delta: Yankee, Papa, Foxtrot and Oscar, sending you 2
2024-10-14 17:26:41.260316 Foxtrot: Yankee, Papa and Oscar, sending you 1
2024-10-14 17:26:41.262017 Golf: Tango and India, sending you 2
2024-10-14 17:26:41.262751 Golf: I was attacked by Sierra
ChatterBot India reevaluating
ChatterBot Tango reevaluating
ChatterBot Sierra reevaluating
2024-10-14 17:26:41.278821 Golf: Ow
2024-10-14 17:26:41.279971 Delta: Quebec, sending you 3
2024-10-14 17:26:41.282210 Yankee: Quebec and Oscar, sending you 3
2024-10-14 17:26:41.283002 Foxtrot: Quebec and Delta, sending you 2
2024-10-14 17:26:41.284626 Oscar: Yankee and Quebec, sending you 3
2024-10-14 17:26:41.285711 Quebec: Yankee, Oscar and Delta, sending you 3
2024-10-14 17:26:41.286366 Yankee: Papa and Delta, sending you 2
2024-10-14 17:26:41.287370 Papa: Yankee, Quebec and Delta, sending you 2
2024-10-14 17:26:41.288273 Oscar: Papa, sending you 4
2024-10-14 17:26:41.290090 Quebec: Papa and Foxtrot, sending you 2
2024-10-14 17:26:41.290972 Papa: Foxtrot, sending you 1
2024-10-14 17:26:41.293069 Oscar: Foxtrot, sending you 1
2024-10-14 17:26:41.294311 Quebec: Golf, sending you 1
2024-10-14 17:26:41.295729 Papa: Oscar, sending you 3
2024-10-14 17:26:41.298709 Oscar: Delta, sending you 2
2024-10-14 17:26:41.302707 Sierra: Tango, sending you 2
2024-10-14 17:26:41.303681 Tango: Sierra and India, sending you 3
2024-10-14 17:26:41.305687 Sierra: India, sending you 3
2024-10-14 17:26:41.307687 Tango: Golf, sending you 2
chatterbot Delta submitting transactions
chatterbot Foxtrot submitting transactions
chatterbot Yankee submitting transactions
chatterbot Golf submitting transactions
chatterbot Sierra submitting transactions
chatterbot Papa submitting transactions
chatterbot Oscar submitting transactions
chatterbot India submitting transactions
chatterbot Quebec submitting transactions
chatterbot Tango submitting transactions
ChatterBot Tango round 11
ChatterBot Yankee round 11
ChatterBot Quebec round 11
ChatterBot Papa round 11
ChatterBot Foxtrot round 11
ChatterBot Sierra round 11
ChatterBot Oscar round 11
ChatterBot Delta round 11
ChatterBot Golf round 11
ChatterBot India round 11
2024-10-14 17:26:42.510680 Tango: Sierra and India, sending you 3
2024-10-14 17:26:42.515675 Tango: Golf, sending you 2
2024-10-14 17:26:42.516964 Quebec: Yankee, Oscar and Delta, sending you 3
2024-10-14 17:26:42.518666 Foxtrot: Yankee, Papa and Oscar, sending you 1
2024-10-14 17:26:42.520697 Quebec: Papa and Foxtrot, sending you 2
2024-10-14 17:26:42.521682 Sierra: Tango, sending you 3
2024-10-14 17:26:42.523654 Foxtrot: Quebec and Delta, sending you 2
2024-10-14 17:26:42.525015 Yankee: Quebec and Oscar, sending you 3
2024-10-14 17:26:42.525692 Quebec: Golf, sending you 1
2024-10-14 17:26:42.526742 Oscar: Yankee and Quebec, sending you 3
2024-10-14 17:26:42.527973 Sierra: India, sending you 2
2024-10-14 17:26:42.528382 Yankee: Papa and Delta, sending you 2
2024-10-14 17:26:42.528936 Delta: Yankee, Papa, Foxtrot and Oscar, sending you 2
2024-10-14 17:26:42.529701 Golf: Tango, sending you 3
2024-10-14 17:26:42.531682 Papa: Yankee, Quebec and Delta, sending you 2
2024-10-14 17:26:42.533136 Oscar: Papa, sending you 4
2024-10-14 17:26:42.534328 Delta: Quebec, sending you 3
2024-10-14 17:26:42.535520 Golf: India, sending you 1
2024-10-14 17:26:42.536346 Golf: I was attacked by Sierra
ChatterBot India reevaluating
ChatterBot Tango reevaluating
ChatterBot Sierra reevaluating
2024-10-14 17:26:42.547243 Golf: Ow
2024-10-14 17:26:42.548269 Sierra: We should add Golf
ChatterBot Tango reevaluating
ChatterBot India reevaluating
2024-10-14 17:26:42.558165 Tango: Yes
2024-10-14 17:26:42.558361 India: Yes
ChatterBot Sierra reevaluating
ChatterBot India reevaluating
ChatterBot Sierra reevaluating
ChatterBot Tango reevaluating
2024-10-14 17:26:42.574274 Papa: Foxtrot, sending you 1
2024-10-14 17:26:42.574865 Oscar: Foxtrot, sending you 1
2024-10-14 17:26:42.578663 Oscar: Delta, sending you 2
2024-10-14 17:26:42.579703 Papa: Oscar, sending you 3
2024-10-14 17:26:42.585650 Sierra: Golf we want you to join our group
2024-10-14 17:26:42.588001 Golf: Yes
ChatterBot Tango reevaluating
ChatterBot Sierra reevaluating
2024-10-14 17:26:42.631658 Sierra: Tango and India, sending you 8
2024-10-14 17:26:42.635681 Sierra: Golf, sending you 1
chatterbot Oscar submitting transactions
chatterbot Delta submitting transactions
chatterbot Papa submitting transactions
chatterbot Sierra submitting transactions
chatterbot India submitting transactions
chatterbot Quebec submitting transactions
chatterbot Yankee submitting transactions
chatterbot Golf submitting transactions
chatterbot Tango submitting transactions
chatterbot Foxtrot submitting transactions
ChatterBot Tango round 12
ChatterBot Yankee round 12
ChatterBot Quebec round 12
ChatterBot Papa round 12
ChatterBot Foxtrot round 12
ChatterBot Sierra round 12
ChatterBot Oscar round 12
ChatterBot Delta round 12
ChatterBot Golf round 12
ChatterBot India round 12
2024-10-14 17:26:43.805724 Quebec: Yankee, Oscar and Delta, sending you 3
2024-10-14 17:26:43.810713 Foxtrot: Yankee, Papa and Oscar, sending you 1
2024-10-14 17:26:43.812711 Quebec: Papa and Foxtrot, sending you 2
2024-10-14 17:26:43.815486 Delta: Yankee, Papa, Foxtrot and Oscar, sending you 2
2024-10-14 17:26:43.816608 Papa: Yankee, Quebec and Delta, sending you 2
2024-10-14 17:26:43.817849 Foxtrot: Quebec and Delta, sending you 2
2024-10-14 17:26:43.819793 Quebec: Golf, sending you 1
2024-10-14 17:26:43.820470 Tango: Sierra and India, sending you 3
2024-10-14 17:26:43.821188 Sierra: Tango and India, sending you 8
2024-10-14 17:26:43.821788 Delta: Quebec, sending you 3
2024-10-14 17:26:43.823282 Oscar: Yankee and Quebec, sending you 3
2024-10-14 17:26:43.824369 Yankee: Quebec and Oscar, sending you 3
2024-10-14 17:26:43.825530 Papa: Foxtrot, sending you 1
2024-10-14 17:26:43.826666 Golf: Tango, sending you 3
2024-10-14 17:26:43.827323 Tango: Golf, sending you 2
2024-10-14 17:26:43.827947 Sierra: Golf, sending you 1
2024-10-14 17:26:43.828572 Oscar: Papa, sending you 4
2024-10-14 17:26:43.830102 Yankee: Papa and Delta, sending you 2
2024-10-14 17:26:43.831662 Papa: Oscar, sending you 3
2024-10-14 17:26:43.832445 Golf: India, sending you 1
2024-10-14 17:26:43.833762 Oscar: Foxtrot, sending you 1
2024-10-14 17:26:43.838670 Oscar: Delta, sending you 2
chatterbot Oscar submitting transactions
chatterbot Quebec submitting transactions
chatterbot Sierra submitting transactions
chatterbot Yankee submitting transactions
chatterbot India submitting transactions
chatterbot Tango submitting transactions
chatterbot Papa submitting transactions
chatterbot Foxtrot submitting transactions
chatterbot Delta submitting transactions
chatterbot Golf submitting transactions
ChatterBot Tango round 13
ChatterBot Yankee round 13
ChatterBot Quebec round 13
ChatterBot Papa round 13
ChatterBot Foxtrot round 13
ChatterBot Sierra round 13
ChatterBot Oscar round 13
2024-10-14 17:26:44.854723 Quebec: We should replace Golf with Sierra
2024-10-14 17:26:44.868147 Papa: No
2024-10-14 17:26:44.868332 Delta: No
2024-10-14 17:26:44.868470 Oscar: No
2024-10-14 17:26:44.868601 Foxtrot: No
2024-10-14 17:26:44.868748 Yankee: No
ChatterBot Quebec reevaluating
ChatterBot Quebec reevaluating
ChatterBot Quebec reevaluating
ChatterBot Quebec reevaluating
ChatterBot Quebec reevaluating
ChatterBot Delta round 13
ChatterBot Golf round 13
ChatterBot India round 13
2024-10-14 17:26:44.973473 Foxtrot: Yankee, Papa and Oscar, sending you 1
2024-10-14 17:26:44.978664 Foxtrot: Quebec and Delta, sending you 2
2024-10-14 17:26:44.980290 Tango: Sierra and India, sending you 3
2024-10-14 17:26:44.982244 Yankee: Quebec and Oscar, sending you 3
2024-10-14 17:26:44.982903 Quebec: Yankee and Delta, sending you 1
2024-10-14 17:26:44.984671 Tango: Golf, sending you 2
2024-10-14 17:26:44.985336 Oscar: Yankee and Quebec, sending you 3
2024-10-14 17:26:44.986454 Delta: Yankee, Papa, Foxtrot and Oscar, sending you 2
2024-10-14 17:26:44.988347 Papa: Yankee, Quebec and Delta, sending you 2
2024-10-14 17:26:44.989901 Yankee: Papa and Delta, sending you 2
2024-10-14 17:26:44.990518 Sierra: Tango and India, sending you 8
2024-10-14 17:26:44.991634 Oscar: Papa, sending you 4
2024-10-14 17:26:44.993485 Delta: Quebec, sending you 3
2024-10-14 17:26:44.994761 Papa: Foxtrot, sending you 1
2024-10-14 17:26:44.996321 Golf: Tango, sending you 3
2024-10-14 17:26:44.996995 Sierra: Golf, sending you 1
2024-10-14 17:26:44.998004 Oscar: Foxtrot, sending you 1
2024-10-14 17:26:45.000657 Papa: Oscar, sending you 3
2024-10-14 17:26:45.001565 Golf: India, sending you 1
2024-10-14 17:26:45.002448 Oscar: Delta, sending you 2
chatterbot Yankee submitting transactions
chatterbot Sierra submitting transactions
chatterbot Tango submitting transactions
chatterbot Foxtrot submitting transactions
chatterbot Golf submitting transactions
chatterbot India submitting transactions
chatterbot Delta submitting transactions
chatterbot Oscar submitting transactions
chatterbot Quebec submitting transactions
chatterbot Papa submitting transactions
ChatterBot Tango round 14
ChatterBot Yankee round 14
ChatterBot Quebec round 14
ChatterBot Papa round 14
2024-10-14 17:26:46.056909 Quebec: We should replace Golf with India
ChatterBot Yankee reevaluating
2024-10-14 17:26:46.078995 Papa: No
2024-10-14 17:26:46.079232 Delta: No
2024-10-14 17:26:46.079409 Oscar: No
2024-10-14 17:26:46.079975 Foxtrot: No
2024-10-14 17:26:46.080194 Yankee: No
ChatterBot Quebec reevaluating
ChatterBot Yankee reevaluating
ChatterBot Quebec reevaluating
ChatterBot Yankee reevaluating
ChatterBot Quebec reevaluating
ChatterBot Yankee reevaluating
ChatterBot Quebec reevaluating
ChatterBot Yankee reevaluating
ChatterBot Quebec reevaluating
ChatterBot Foxtrot round 14
ChatterBot Sierra round 14
ChatterBot Oscar round 14
ChatterBot Delta round 14
ChatterBot Golf round 14
ChatterBot India round 14
2024-10-14 17:26:46.173895 Quebec: We should replace Golf with Tango
ChatterBot Yankee reevaluating
2024-10-14 17:26:46.185754 Papa: No
2024-10-14 17:26:46.185912 Delta: No
2024-10-14 17:26:46.186032 Oscar: No
2024-10-14 17:26:46.186148 Foxtrot: No
2024-10-14 17:26:46.186259 Yankee: No
ChatterBot Quebec reevaluating
ChatterBot Yankee reevaluating
ChatterBot Quebec reevaluating
ChatterBot Yankee reevaluating
ChatterBot Quebec reevaluating
ChatterBot Yankee reevaluating
ChatterBot Quebec reevaluating
ChatterBot Yankee reevaluating
ChatterBot Quebec reevaluating
2024-10-14 17:26:46.306834 Quebec: Tango we want you to join our group
2024-10-14 17:26:46.311720 Tango: No
ChatterBot Quebec reevaluating
ChatterBot Yankee reevaluating
2024-10-14 17:26:46.334142 Yankee: We should replace Papa with Foxtrot
ChatterBot Quebec reevaluating
2024-10-14 17:26:46.344590 Quebec: No
2024-10-14 17:26:46.344776 Oscar: No
2024-10-14 17:26:46.344950 Delta: No
ChatterBot Yankee reevaluating
ChatterBot Yankee reevaluating
ChatterBot Quebec reevaluating
ChatterBot Delta reevaluating
ChatterBot Yankee reevaluating
ChatterBot Quebec reevaluating
2024-10-14 17:26:46.376046 Sierra: I was attacked by Quebec
ChatterBot India reevaluating
ChatterBot Tango reevaluating
ChatterBot Golf reevaluating
2024-10-14 17:26:46.384710 Sierra: I'm keeping this round to protect myself
2024-10-14 17:26:46.385435 Sierra: Ow
2024-10-14 17:26:46.386359 Yankee: We should replace Quebec with Foxtrot
ChatterBot Delta reevaluating
2024-10-14 17:26:46.394891 Papa: No
2024-10-14 17:26:46.395021 Oscar: No
2024-10-14 17:26:46.395169 Delta: No
ChatterBot Yankee reevaluating
ChatterBot Delta reevaluating
ChatterBot Yankee reevaluating
ChatterBot Delta reevaluating
ChatterBot Yankee reevaluating
2024-10-14 17:26:46.434123 Papa: Yankee, Quebec and Delta, sending you 2
2024-10-14 17:26:46.435910 Foxtrot: Yankee, Papa and Oscar, sending you 1
2024-10-14 17:26:46.436600 Oscar: Yankee and Papa, sending you 4
2024-10-14 17:26:46.438329 Golf: We should drop Sierra
ChatterBot Tango reevaluating
ChatterBot India reevaluating
2024-10-14 17:26:46.444795 Tango: No
2024-10-14 17:26:46.444929 India: No
ChatterBot Golf reevaluating
ChatterBot India reevaluating
ChatterBot Golf reevaluating
ChatterBot Tango reevaluating
2024-10-14 17:26:46.457100 Golf: We should add Sierra
ChatterBot Tango reevaluating
ChatterBot India reevaluating
2024-10-14 17:26:46.464109 Tango: Yes
2024-10-14 17:26:46.464254 India: Yes
ChatterBot Golf reevaluating
ChatterBot India reevaluating
ChatterBot Golf reevaluating
ChatterBot Tango reevaluating
2024-10-14 17:26:46.477418 Papa: Foxtrot, sending you 1
2024-10-14 17:26:46.478893 Foxtrot: Quebec and Delta, sending you 2
2024-10-14 17:26:46.480580 Oscar: Quebec and Delta, sending you 2
2024-10-14 17:26:46.483001 Delta: We should drop Yankee
ChatterBot Quebec reevaluating
ChatterBot Oscar reevaluating
2024-10-14 17:26:46.495478 Quebec: No
2024-10-14 17:26:46.495637 Papa: No
2024-10-14 17:26:46.496202 Foxtrot: No
2024-10-14 17:26:46.496314 Oscar: Yes
ChatterBot Delta reevaluating
ChatterBot Oscar reevaluating
ChatterBot Delta reevaluating
ChatterBot Quebec reevaluating
ChatterBot Oscar reevaluating
ChatterBot Delta reevaluating
ChatterBot Quebec reevaluating
ChatterBot Oscar reevaluating
ChatterBot Delta reevaluating
ChatterBot Quebec reevaluating
2024-10-14 17:26:46.545335 Yankee: Foxtrot we want you to join our group
2024-10-14 17:26:46.548287 Foxtrot: Yes
ChatterBot Yankee reevaluating
ChatterBot Oscar reevaluating
ChatterBot Delta reevaluating
2024-10-14 17:26:46.560177 Golf: Sierra we want you to join our group
2024-10-14 17:26:46.562603 Sierra: Yes
ChatterBot Tango reevaluating
ChatterBot Golf reevaluating
2024-10-14 17:26:46.571396 Papa: Oscar, sending you 3
chatterbot Papa submitting transactions
2024-10-14 17:26:46.586676 Tango: Sierra and Golf, sending you 2
2024-10-14 17:26:46.589670 Yankee: Quebec and Oscar, sending you 3
2024-10-14 17:26:46.591017 Delta: Quebec, Papa and Oscar, sending you 3
2024-10-14 17:26:46.591972 Tango: India, sending you 3
