ChatterBot Whiskey round 1
ChatterBot Yankee round 1
ChatterBot X-ray round 1
ChatterBot Echo round 1
ChatterBot Golf round 1
ChatterBot November round 1
ChatterBot Oscar round 1
randomSelections X-ray: {X-ray, Whiskey, Victor, Alpha, Golf, November} 
2024-10-14 17:26:28.947307 X-ray: Let's form a team
ChatterBot Whiskey reevaluating
ChatterBot Golf reevaluating
ChatterBot November reevaluating
2024-10-14 17:26:28.954716 Whiskey: Yes
2024-10-14 17:26:28.954881 Golf: Yes
2024-10-14 17:26:28.955495 November: Yes
ChatterBot Golf reevaluating
ChatterBot November reevaluating
ChatterBot Whiskey reevaluating
ChatterBot November reevaluating
ChatterBot Whiskey reevaluating
ChatterBot Golf reevaluating
ChatterBot Victor round 1
ChatterBot Victor reevaluating
ChatterBot Victor reevaluating
ChatterBot Victor reevaluating
ChatterBot Victor reevaluating
2024-10-14 17:26:28.980477 Victor: Yes
ChatterBot Whiskey reevaluating
ChatterBot Golf reevaluating
ChatterBot November reevaluating
ChatterBot India round 1
ChatterBot Alpha round 1
ChatterBot Alpha reevaluating
ChatterBot Alpha reevaluating
ChatterBot Alpha reevaluating
ChatterBot Alpha reevaluating
ChatterBot Alpha reevaluating
2024-10-14 17:26:29.009736 Alpha: Yes
ChatterBot Whiskey reevaluating
ChatterBot Victor reevaluating
ChatterBot Golf reevaluating
ChatterBot November reevaluating
randomSelections Echo: {Echo, November, X-ray, India, Golf, Oscar} 
2024-10-14 17:26:29.029408 Echo: Let's form a team
ChatterBot November reevaluating
ChatterBot India reevaluating
ChatterBot Golf reevaluating
ChatterBot Oscar reevaluating
2024-10-14 17:26:29.040861 November: No
2024-10-14 17:26:29.041042 X-ray: No
2024-10-14 17:26:29.041542 India: Yes
2024-10-14 17:26:29.041672 Golf: No
2024-10-14 17:26:29.041811 Oscar: Yes
ChatterBot India reevaluating
ChatterBot Golf reevaluating
ChatterBot Oscar reevaluating
ChatterBot November reevaluating
ChatterBot India reevaluating
ChatterBot Golf reevaluating
ChatterBot Oscar reevaluating
ChatterBot November reevaluating
ChatterBot Golf reevaluating
ChatterBot Oscar reevaluating
ChatterBot November reevaluating
ChatterBot India reevaluating
ChatterBot Oscar reevaluating
ChatterBot November reevaluating
ChatterBot India reevaluating
ChatterBot Golf reevaluating
randomSelections Yankee: {Yankee, Echo, Oscar, November, India, X-ray, Alpha} 
2024-10-14 17:26:29.097164 Yankee: Friends?
ChatterBot Oscar reevaluating
ChatterBot November reevaluating
ChatterBot India reevaluating
ChatterBot Alpha reevaluating
2024-10-14 17:26:29.107218 Echo: No
2024-10-14 17:26:29.107434 Oscar: No
2024-10-14 17:26:29.107594 November: No
2024-10-14 17:26:29.107758 India: No
2024-10-14 17:26:29.108450 X-ray: No
2024-10-14 17:26:29.108651 Alpha: No
ChatterBot Oscar reevaluating
ChatterBot November reevaluating
ChatterBot India reevaluating
ChatterBot Alpha reevaluating
ChatterBot November reevaluating
ChatterBot India reevaluating
ChatterBot Alpha reevaluating
ChatterBot Oscar reevaluating
ChatterBot India reevaluating
ChatterBot Alpha reevaluating
ChatterBot Oscar reevaluating
ChatterBot November reevaluating
ChatterBot Alpha reevaluating
ChatterBot Oscar reevaluating
ChatterBot November reevaluating
ChatterBot India reevaluating
ChatterBot Alpha reevaluating
ChatterBot Oscar reevaluating
ChatterBot November reevaluating
ChatterBot India reevaluating
2024-10-14 17:26:29.164708 X-ray: Whiskey and November, sending you 3
2024-10-14 17:26:29.168678 Yankee: X-ray, November and Oscar, sending you 1
2024-10-14 17:26:29.168997 X-ray: Golf and Victor, sending you 2
2024-10-14 17:26:29.172657 India: X-ray, Golf and Oscar, sending you 3
2024-10-14 17:26:29.173694 Yankee: Echo and India, sending you 3
2024-10-14 17:26:29.174721 Golf: Whiskey, sending you 7
2024-10-14 17:26:29.175213 November: X-ray, sending you 5
2024-10-14 17:26:29.176738 Victor: Whiskey, sending you 5
2024-10-14 17:26:29.177138 Yankee: Alpha, sending you 2
2024-10-14 17:26:29.177736 India: Echo and November, sending you 2
2024-10-14 17:26:29.178181 Echo: X-ray, sending you 4
2024-10-14 17:26:29.178697 Golf: November, sending you 4
2024-10-14 17:26:29.179668 November: Victor, sending you 4
2024-10-14 17:26:29.179978 Whiskey: X-ray and Golf, sending you 3
2024-10-14 17:26:29.180728 Victor: X-ray and Alpha, sending you 2
2024-10-14 17:26:29.181120 Echo: Golf, sending you 1
2024-10-14 17:26:29.181724 Oscar: X-ray, Golf and November, sending you 2
2024-10-14 17:26:29.182714 November: Alpha, sending you 2
2024-10-14 17:26:29.183162 Whiskey: November, sending you 1
2024-10-14 17:26:29.183687 Golf: Victor, sending you 1
2024-10-14 17:26:29.184698 Victor: Golf, sending you 3
2024-10-14 17:26:29.185172 Echo: November, sending you 2
2024-10-14 17:26:29.185688 Oscar: Echo, sending you 1
2024-10-14 17:26:29.186719 Alpha: Whiskey, sending you 6
2024-10-14 17:26:29.187699 Whiskey: Victor, sending you 2
2024-10-14 17:26:29.188128 Golf: Alpha, sending you 3
2024-10-14 17:26:29.190703 Whiskey: Alpha, sending you 4
2024-10-14 17:26:29.191703 Alpha: X-ray, sending you 5
2024-10-14 17:26:29.194704 Alpha: Golf, sending you 4
2024-10-14 17:26:29.199673 Alpha: November, sending you 1
2024-10-14 17:26:29.204701 Alpha: Victor, sending you 2
chatterbot Echo submitting transactions
chatterbot Yankee submitting transactions
chatterbot India submitting transactions
chatterbot Victor submitting transactions
chatterbot Oscar submitting transactions
chatterbot X-ray submitting transactions
chatterbot Golf submitting transactions
chatterbot Whiskey submitting transactions
chatterbot November submitting transactions
chatterbot Alpha submitting transactions
ChatterBot Whiskey round 2
ChatterBot Yankee round 2
ChatterBot X-ray round 2
ChatterBot Echo round 2
ChatterBot Golf round 2
ChatterBot November round 2
ChatterBot Oscar round 2
ChatterBot Victor round 2
ChatterBot India round 2
2024-10-14 17:26:31.603195 Yankee: We would work well together
ChatterBot November reevaluating
2024-10-14 17:26:31.614742 X-ray: No
2024-10-14 17:26:31.614889 November: No
ChatterBot November reevaluating
ChatterBot Alpha round 2
2024-10-14 17:26:31.642462 Echo: We would work well together
ChatterBot Yankee reevaluating
ChatterBot India reevaluating
ChatterBot Oscar reevaluating
2024-10-14 17:26:31.655648 Yankee: No
2024-10-14 17:26:31.655819 India: Yes
2024-10-14 17:26:31.656032 Oscar: Yes
ChatterBot India reevaluating
ChatterBot Oscar reevaluating
ChatterBot Yankee reevaluating
ChatterBot Oscar reevaluating
ChatterBot Yankee reevaluating
ChatterBot India reevaluating
2024-10-14 17:26:31.693440 India: We should group up
ChatterBot Yankee reevaluating
ChatterBot Oscar reevaluating
2024-10-14 17:26:31.706060 Echo: Yes
2024-10-14 17:26:31.706636 Yankee: Yes
2024-10-14 17:26:31.706795 Oscar: Yes
ChatterBot Yankee reevaluating
ChatterBot India reevaluating
ChatterBot Oscar reevaluating
ChatterBot India reevaluating
ChatterBot Oscar reevaluating
ChatterBot Yankee reevaluating
ChatterBot India reevaluating
2024-10-14 17:26:31.770968 Alpha: We should add Yankee
2024-10-14 17:26:31.860319 X-ray: No
2024-10-14 17:26:31.860569 Whiskey: No
2024-10-14 17:26:31.861801 Victor: No
2024-10-14 17:26:31.862104 Golf: No
2024-10-14 17:26:31.862321 November: No
ChatterBot Alpha reevaluating
ChatterBot Alpha reevaluating
ChatterBot Alpha reevaluating
ChatterBot Alpha reevaluating
2024-10-14 17:26:31.991138 Alpha: We should add India
2024-10-14 17:26:32.022048 X-ray: No
2024-10-14 17:26:32.022286 Whiskey: No
2024-10-14 17:26:32.022516 Victor: No
2024-10-14 17:26:32.022790 Golf: No
2024-10-14 17:26:32.022992 November: No
ChatterBot Alpha reevaluating
ChatterBot Alpha reevaluating
ChatterBot Alpha reevaluating
ChatterBot Alpha reevaluating
ChatterBot Alpha reevaluating
2024-10-14 17:26:32.135504 Whiskey: X-ray and November, sending you 2
2024-10-14 17:26:32.136234 X-ray: Whiskey, Golf, November, Victor and Alpha, sending you 2
2024-10-14 17:26:32.138651 Victor: Whiskey, X-ray and Alpha, sending you 2
2024-10-14 17:26:32.139968 November: Whiskey and Alpha, sending you 2
2024-10-14 17:26:32.140427 Oscar: Yankee, sending you 2
2024-10-14 17:26:32.140693 Echo: Yankee, sending you 4
2024-10-14 17:26:32.140963 Whiskey: Golf, Victor and Alpha, sending you 3
2024-10-14 17:26:32.141347 Yankee: Echo and India, sending you 4
2024-10-14 17:26:32.141982 India: Yankee, sending you 7
2024-10-14 17:26:32.142193 Golf: Whiskey and Victor, sending you 4
2024-10-14 17:26:32.142656 Victor: Golf, sending you 1
2024-10-14 17:26:32.143811 November: X-ray and Golf, sending you 3
2024-10-14 17:26:32.144229 Oscar: India, sending you 5
2024-10-14 17:26:32.144524 Echo: Oscar, sending you 1
2024-10-14 17:26:32.144834 Yankee: Oscar, sending you 3
2024-10-14 17:26:32.145104 India: Echo, sending you 6
2024-10-14 17:26:32.145752 Golf: X-ray, sending you 2
2024-10-14 17:26:32.146127 Victor: November, sending you 5
2024-10-14 17:26:32.148681 November: Victor, sending you 1
2024-10-14 17:26:32.149557 Echo: India, sending you 2
2024-10-14 17:26:32.150682 India: Oscar, sending you 5
2024-10-14 17:26:32.151321 Golf: Alpha, sending you 5
2024-10-14 17:26:32.156677 Alpha: Whiskey, sending you 7
2024-10-14 17:26:32.159667 Alpha: Golf, sending you 5
2024-10-14 17:26:32.163672 Alpha: November and Victor, sending you 3
chatterbot X-ray submitting transactions
chatterbot Golf submitting transactions
chatterbot Oscar submitting transactions
chatterbot India submitting transactions
chatterbot Whiskey submitting transactions
chatterbot November submitting transactions
chatterbot Echo submitting transactions
chatterbot Yankee submitting transactions
chatterbot Victor submitting transactions
chatterbot Alpha submitting transactions
ChatterBot Whiskey round 3
ChatterBot Yankee round 3
ChatterBot X-ray round 3
ChatterBot Echo round 3
ChatterBot Golf round 3
ChatterBot November round 3
ChatterBot Oscar round 3
ChatterBot Victor round 3
ChatterBot India round 3
ChatterBot Alpha round 3
2024-10-14 17:26:33.341651 Oscar: We should add X-ray
2024-10-14 17:26:33.348508 Echo: Yes
2024-10-14 17:26:33.348686 Yankee: Yes
2024-10-14 17:26:33.348837 India: Yes
2024-10-14 17:26:33.370019 Oscar: X-ray we want you to join our group
2024-10-14 17:26:33.372775 X-ray: No
2024-10-14 17:26:33.382064 Whiskey: X-ray and November, sending you 2
2024-10-14 17:26:33.382618 Yankee: Echo, sending you 4
2024-10-14 17:26:33.385677 Yankee: Oscar, sending you 1
2024-10-14 17:26:33.385973 India: Sending you each 6
2024-10-14 17:26:33.386707 Whiskey: Golf, Victor and Alpha, sending you 3
2024-10-14 17:26:33.387282 Alpha: Whiskey, sending you 5
2024-10-14 17:26:33.387675 Echo: Yankee and India, sending you 3
2024-10-14 17:26:33.388099 November: Whiskey, X-ray, Golf and Alpha, sending you 2
2024-10-14 17:26:33.388931 Golf: Whiskey, sending you 4
2024-10-14 17:26:33.389371 X-ray: Same as last round
2024-10-14 17:26:33.390656 Yankee: India, sending you 6
2024-10-14 17:26:33.390919 Alpha: X-ray, sending you 1
2024-10-14 17:26:33.391694 Victor: Whiskey and Golf, sending you 3
2024-10-14 17:26:33.393194 Echo: Oscar, sending you 1
2024-10-14 17:26:33.393688 November: Victor, sending you 3
2024-10-14 17:26:33.394261 Golf: X-ray, sending you 3
2024-10-14 17:26:33.395691 Alpha: Golf, sending you 6
2024-10-14 17:26:33.396220 Victor: X-ray, November and Alpha, sending you 2
2024-10-14 17:26:33.397719 Golf: November, sending you 1
2024-10-14 17:26:33.398708 Alpha: November and Victor, sending you 3
2024-10-14 17:26:33.402157 Oscar: Yankee, sending you 2
2024-10-14 17:26:33.402572 Golf: Victor, sending you 2
2024-10-14 17:26:33.405718 Oscar: Echo, sending you 1
2024-10-14 17:26:33.407666 Golf: Alpha, sending you 5
2024-10-14 17:26:33.410678 Oscar: India, sending you 4
chatterbot Golf submitting transactions
chatterbot X-ray submitting transactions
chatterbot Oscar submitting transactions
chatterbot Victor submitting transactions
chatterbot Echo submitting transactions
chatterbot Yankee submitting transactions
chatterbot Whiskey submitting transactions
chatterbot Alpha submitting transactions
chatterbot India submitting transactions
chatterbot November submitting transactions
ChatterBot Whiskey round 4
ChatterBot Yankee round 4
ChatterBot X-ray round 4
ChatterBot Echo round 4
ChatterBot Golf round 4
ChatterBot November round 4
ChatterBot Oscar round 4
ChatterBot Victor round 4
ChatterBot India round 4
ChatterBot Alpha round 4
2024-10-14 17:26:34.480674 Whiskey: X-ray and November, sending you 2
2024-10-14 17:26:34.482674 Yankee: Echo, sending you 3
2024-10-14 17:26:34.484033 Golf: Whiskey, sending you 3
2024-10-14 17:26:34.484671 Whiskey: Golf, Victor and Alpha, sending you 3
2024-10-14 17:26:34.486689 Yankee: Oscar, sending you 2
2024-10-14 17:26:34.487481 Golf: X-ray, November and Victor, sending you 2
2024-10-14 17:26:34.488020 Alpha: Whiskey, sending you 5
2024-10-14 17:26:34.491680 Echo: Yankee and India, sending you 3
2024-10-14 17:26:34.491987 Yankee: India, sending you 6
2024-10-14 17:26:34.492316 Golf: Alpha, sending you 6
2024-10-14 17:26:34.493294 Alpha: X-ray, sending you 1
2024-10-14 17:26:34.493832 X-ray: Same as last round
2024-10-14 17:26:34.494688 November: Whiskey, Golf, Victor and Alpha, sending you 2
2024-10-14 17:26:34.496083 India: Same as last round
2024-10-14 17:26:34.496346 Echo: Oscar, sending you 1
2024-10-14 17:26:34.496669 Alpha: Golf, sending you 6
2024-10-14 17:26:34.498667 Oscar: Yankee, sending you 2
2024-10-14 17:26:34.499672 November: X-ray, sending you 3
2024-10-14 17:26:34.501720 Alpha: November and Victor, sending you 3
2024-10-14 17:26:34.502834 Oscar: Echo, sending you 1
2024-10-14 17:26:34.505380 Victor: Whiskey, sending you 4
2024-10-14 17:26:34.506111 Oscar: India, sending you 4
2024-10-14 17:26:34.509714 Victor: X-ray, Golf, November and Alpha, sending you 2
chatterbot Alpha submitting transactions
chatterbot X-ray submitting transactions
chatterbot Echo submitting transactions
chatterbot India submitting transactions
chatterbot Whiskey submitting transactions
chatterbot Yankee submitting transactions
chatterbot November submitting transactions
chatterbot Victor submitting transactions
chatterbot Golf submitting transactions
chatterbot Oscar submitting transactions
ChatterBot Whiskey round 5
ChatterBot Yankee round 5
ChatterBot X-ray round 5
ChatterBot Echo round 5
ChatterBot Golf round 5
ChatterBot November round 5
ChatterBot Oscar round 5
ChatterBot Victor round 5
ChatterBot India round 5
ChatterBot Alpha round 5
2024-10-14 17:26:35.696912 Oscar: We should replace X-ray with November
2024-10-14 17:26:35.706010 Echo: No
2024-10-14 17:26:35.706196 Yankee: No
2024-10-14 17:26:35.706372 India: No
ChatterBot Oscar reevaluating
ChatterBot Oscar reevaluating
ChatterBot Oscar reevaluating
2024-10-14 17:26:35.747691 X-ray: Same as last round
2024-10-14 17:26:35.754702 Yankee: Echo, sending you 3
2024-10-14 17:26:35.755049 November: Whiskey, X-ray, Golf and Victor, sending you 2
2024-10-14 17:26:35.755531 Whiskey: X-ray and November, sending you 2
2024-10-14 17:26:35.757697 Yankee: Oscar, sending you 2
2024-10-14 17:26:35.758675 Whiskey: Golf, Victor and Alpha, sending you 3
2024-10-14 17:26:35.759706 Victor: Whiskey, sending you 4
2024-10-14 17:26:35.760370 Golf: Whiskey, sending you 3
2024-10-14 17:26:35.760910 India: Same as last round
2024-10-14 17:26:35.761696 Alpha: Whiskey, sending you 4
2024-10-14 17:26:35.762178 November: Alpha, sending you 3
2024-10-14 17:26:35.762845 Oscar: Yankee, sending you 2
2024-10-14 17:26:35.763228 Yankee: India, sending you 6
2024-10-14 17:26:35.763635 Victor: X-ray, Golf, November and Alpha, sending you 2
2024-10-14 17:26:35.764142 Echo: Yankee, sending you 3
2024-10-14 17:26:35.765174 Golf: X-ray, November and Victor, sending you 2
2024-10-14 17:26:35.765777 Alpha: X-ray, sending you 2
2024-10-14 17:26:35.766288 Oscar: Echo, sending you 1
2024-10-14 17:26:35.768925 Echo: India, sending you 4
2024-10-14 17:26:35.769247 Golf: Alpha, sending you 6
2024-10-14 17:26:35.769785 Alpha: Golf, sending you 6
2024-10-14 17:26:35.770487 Oscar: India, sending you 4
2024-10-14 17:26:35.773692 Alpha: November and Victor, sending you 3
chatterbot Oscar submitting transactions
chatterbot India submitting transactions
chatterbot Victor submitting transactions
chatterbot Alpha submitting transactions
chatterbot Yankee submitting transactions
chatterbot Echo submitting transactions
chatterbot November submitting transactions
chatterbot X-ray submitting transactions
chatterbot Whiskey submitting transactions
chatterbot Golf submitting transactions
ChatterBot Whiskey round 6
ChatterBot Yankee round 6
ChatterBot X-ray round 6
ChatterBot Echo round 6
ChatterBot Golf round 6
ChatterBot November round 6
ChatterBot Oscar round 6
ChatterBot Victor round 6
ChatterBot India round 6
ChatterBot Alpha round 6
2024-10-14 17:26:36.749659 Golf: Whiskey, sending you 3
2024-10-14 17:26:36.752642 Yankee: Echo, sending you 3
2024-10-14 17:26:36.753690 Golf: X-ray, November and Victor, sending you 2
2024-10-14 17:26:36.755667 India: Same as last round
2024-10-14 17:26:36.755996 Yankee: Oscar, sending you 2
2024-10-14 17:26:36.756665 Echo: Yankee, sending you 2
2024-10-14 17:26:36.756963 Golf: Alpha, sending you 6
2024-10-14 17:26:36.759684 Victor: Whiskey and Alpha, sending you 3
2024-10-14 17:26:36.761044 Yankee: India, sending you 6
2024-10-14 17:26:36.761675 Whiskey: X-ray and November, sending you 2
2024-10-14 17:26:36.762514 Echo: Oscar, sending you 1
2024-10-14 17:26:36.763692 X-ray: Same as last round
2024-10-14 17:26:36.764684 Whiskey: Golf, Victor and Alpha, sending you 3
2024-10-14 17:26:36.765676 Victor: X-ray, Golf and November, sending you 2
2024-10-14 17:26:36.767666 Echo: India, sending you 4
2024-10-14 17:26:36.768659 Alpha: Whiskey, sending you 4
2024-10-14 17:26:36.772670 Alpha: X-ray and Victor, sending you 2
2024-10-14 17:26:36.773691 Oscar: Yankee, sending you 2
2024-10-14 17:26:36.774273 November: Whiskey, X-ray, Golf and Victor, sending you 2
2024-10-14 17:26:36.777736 Alpha: Golf, sending you 7
2024-10-14 17:26:36.778548 Oscar: Echo, sending you 1
2024-10-14 17:26:36.779029 November: Alpha, sending you 3
2024-10-14 17:26:36.780711 Alpha: November, sending you 3
2024-10-14 17:26:36.783669 Oscar: India, sending you 4
chatterbot Yankee submitting transactions
chatterbot India submitting transactions
chatterbot Echo submitting transactions
chatterbot X-ray submitting transactions
chatterbot Alpha submitting transactions
chatterbot Golf submitting transactions
chatterbot Victor submitting transactions
chatterbot Whiskey submitting transactions
chatterbot November submitting transactions
chatterbot Oscar submitting transactions
ChatterBot Whiskey round 7
ChatterBot Yankee round 7
ChatterBot X-ray round 7
ChatterBot Echo round 7
ChatterBot Golf round 7
ChatterBot November round 7
ChatterBot Oscar round 7
ChatterBot Victor round 7
ChatterBot India round 7
ChatterBot Alpha round 7
2024-10-14 17:26:37.958668 Echo: Yankee, sending you 2
2024-10-14 17:26:37.962010 Whiskey: X-ray and November, sending you 2
2024-10-14 17:26:37.962749 Echo: Oscar, sending you 1
2024-10-14 17:26:37.965644 Victor: Whiskey, sending you 4
2024-10-14 17:26:37.966654 Whiskey: Golf, Victor and Alpha, sending you 3
2024-10-14 17:26:37.967175 Echo: India, sending you 4
2024-10-14 17:26:37.967686 Oscar: Yankee, sending you 2
2024-10-14 17:26:37.968003 India: Same as last round
2024-10-14 17:26:37.969685 Victor: X-ray, Golf, November and Alpha, sending you 2
2024-10-14 17:26:37.970672 Yankee: Echo, sending you 3
2024-10-14 17:26:37.971668 November: Whiskey, X-ray, Golf and Victor, sending you 2
2024-10-14 17:26:37.972684 Oscar: Echo, sending you 1
2024-10-14 17:26:37.973001 Alpha: Whiskey, sending you 4
2024-10-14 17:26:37.973680 X-ray: Same as last round
2024-10-14 17:26:37.975991 Yankee: Oscar, sending you 2
2024-10-14 17:26:37.976653 November: Alpha, sending you 3
2024-10-14 17:26:37.977693 Oscar: India, sending you 4
2024-10-14 17:26:37.978025 Alpha: X-ray, sending you 2
2024-10-14 17:26:37.978681 Golf: Whiskey, sending you 3
2024-10-14 17:26:37.979679 Yankee: India, sending you 6
2024-10-14 17:26:37.981675 Alpha: Golf, sending you 6
2024-10-14 17:26:37.982276 Golf: X-ray, November and Victor, sending you 2
2024-10-14 17:26:37.985645 Golf: Alpha, sending you 6
2024-10-14 17:26:37.986676 Alpha: November and Victor, sending you 3
chatterbot Echo submitting transactions
chatterbot Victor submitting transactions
chatterbot Oscar submitting transactions
chatterbot Alpha submitting transactions
chatterbot Golf submitting transactions
chatterbot Yankee submitting transactions
chatterbot Whiskey submitting transactions
chatterbot X-ray submitting transactions
chatterbot India submitting transactions
chatterbot November submitting transactions
ChatterBot Whiskey round 8
ChatterBot Yankee round 8
ChatterBot X-ray round 8
ChatterBot Echo round 8
ChatterBot Golf round 8
ChatterBot November round 8
ChatterBot Oscar round 8
ChatterBot Victor round 8
ChatterBot India round 8
ChatterBot Alpha round 8
2024-10-14 17:26:39.202702 X-ray: Same as last round
2024-10-14 17:26:39.207661 Victor: Whiskey and Alpha, sending you 3
2024-10-14 17:26:39.209664 Whiskey: X-ray and November, sending you 2
2024-10-14 17:26:39.210235 Yankee: Echo, sending you 3
2024-10-14 17:26:39.212668 Golf: Whiskey, sending you 3
2024-10-14 17:26:39.213185 Victor: X-ray, Golf and November, sending you 2
2024-10-14 17:26:39.213719 November: Whiskey, X-ray, Golf and Victor, sending you 2
2024-10-14 17:26:39.214323 India: Same as last round
2024-10-14 17:26:39.214645 Yankee: Oscar, sending you 2
2024-10-14 17:26:39.214946 Whiskey: Golf, Victor and Alpha, sending you 3
2024-10-14 17:26:39.215429 Echo: Yankee, sending you 2
2024-10-14 17:26:39.215734 Oscar: Yankee, sending you 2
2024-10-14 17:26:39.216024 Golf: X-ray, November and Victor, sending you 2
2024-10-14 17:26:39.216666 November: Alpha, sending you 3
2024-10-14 17:26:39.217664 Yankee: India, sending you 6
2024-10-14 17:26:39.219650 Echo: Oscar, sending you 1
2024-10-14 17:26:39.219954 Oscar: Echo, sending you 1
2024-10-14 17:26:39.220213 Golf: Alpha, sending you 6
2024-10-14 17:26:39.220734 Alpha: Whiskey, sending you 4
2024-10-14 17:26:39.222667 Echo: India, sending you 4
2024-10-14 17:26:39.223006 Oscar: India, sending you 4
2024-10-14 17:26:39.224679 Alpha: X-ray, sending you 2
2024-10-14 17:26:39.227674 Alpha: Golf, sending you 6
2024-10-14 17:26:39.230669 Alpha: November and Victor, sending you 3
chatterbot Yankee submitting transactions
chatterbot November submitting transactions
chatterbot Echo submitting transactions
chatterbot India submitting transactions
chatterbot Oscar submitting transactions
chatterbot X-ray submitting transactions
chatterbot Victor submitting transactions
chatterbot Alpha submitting transactions
chatterbot Golf submitting transactions
chatterbot Whiskey submitting transactions
ChatterBot Whiskey round 9
ChatterBot Yankee round 9
ChatterBot X-ray round 9
ChatterBot Echo round 9
ChatterBot Golf round 9
ChatterBot November round 9
ChatterBot Oscar round 9
ChatterBot Victor round 9
ChatterBot India round 9
ChatterBot Alpha round 9
2024-10-14 17:26:40.273688 X-ray: Same as last round
2024-10-14 17:26:40.275675 Yankee: Echo, sending you 3
2024-10-14 17:26:40.277121 Echo: Yankee, sending you 2
2024-10-14 17:26:40.277660 India: Same as last round
2024-10-14 17:26:40.278024 Whiskey: X-ray and November, sending you 2
2024-10-14 17:26:40.280691 Yankee: Oscar, sending you 2
2024-10-14 17:26:40.281210 Golf: Whiskey, sending you 3
2024-10-14 17:26:40.282579 Echo: Oscar, sending you 1
2024-10-14 17:26:40.282999 Oscar: Yankee, sending you 2
2024-10-14 17:26:40.283373 Whiskey: Golf, Victor and Alpha, sending you 3
2024-10-14 17:26:40.284688 Yankee: India, sending you 6
2024-10-14 17:26:40.285129 November: Whiskey, X-ray, Golf and Victor, sending you 2
2024-10-14 17:26:40.285970 Victor: Whiskey and Alpha, sending you 3
2024-10-14 17:26:40.287217 Echo: India, sending you 4
2024-10-14 17:26:40.287684 Golf: X-ray, November and Victor, sending you 2
2024-10-14 17:26:40.288545 Oscar: Echo, sending you 1
2024-10-14 17:26:40.289819 November: Alpha, sending you 3
2024-10-14 17:26:40.291664 Victor: X-ray, Golf and November, sending you 2
2024-10-14 17:26:40.292888 Golf: Alpha, sending you 6
2024-10-14 17:26:40.293497 Oscar: India, sending you 4
2024-10-14 17:26:40.293850 Alpha: Whiskey, sending you 4
2024-10-14 17:26:40.298675 Alpha: X-ray, sending you 2
2024-10-14 17:26:40.303674 Alpha: Golf, sending you 6
2024-10-14 17:26:40.306671 Alpha: November and Victor, sending you 3
chatterbot Alpha submitting transactions
chatterbot Yankee submitting transactions
chatterbot X-ray submitting transactions
chatterbot Oscar submitting transactions
chatterbot Whiskey submitting transactions
chatterbot Echo submitting transactions
chatterbot Victor submitting transactions
chatterbot Golf submitting transactions
chatterbot November submitting transactions
chatterbot India submitting transactions
ChatterBot Whiskey round 10
ChatterBot Yankee round 10
ChatterBot X-ray round 10
ChatterBot Echo round 10
ChatterBot Golf round 10
ChatterBot November round 10
ChatterBot Oscar round 10
ChatterBot Victor round 10
ChatterBot India round 10
ChatterBot Alpha round 10
2024-10-14 17:26:41.301705 Whiskey: X-ray and November, sending you 2
2024-10-14 17:26:41.302730 Yankee: Echo, sending you 3
2024-10-14 17:26:41.305685 X-ray: Same as last round
2024-10-14 17:26:41.306779 Whiskey: Golf, Victor and Alpha, sending you 3
2024-10-14 17:26:41.307704 Yankee: Oscar, sending you 2
2024-10-14 17:26:41.310693 Golf: Whiskey, sending you 3
2024-10-14 17:26:41.311883 Yankee: India, sending you 6
2024-10-14 17:26:41.315509 Victor: Whiskey and Alpha, sending you 3
2024-10-14 17:26:41.316531 Oscar: Yankee, sending you 2
2024-10-14 17:26:41.317940 Golf: X-ray, November and Victor, sending you 2
2024-10-14 17:26:41.318934 November: Whiskey, X-ray, Golf and Victor, sending you 2
2024-10-14 17:26:41.320597 Victor: X-ray, Golf and November, sending you 2
2024-10-14 17:26:41.321448 Oscar: Echo, sending you 1
2024-10-14 17:26:41.322770 India: Same as last round
2024-10-14 17:26:41.323267 Echo: Yankee, sending you 2
2024-10-14 17:26:41.323717 Golf: Alpha, sending you 6
2024-10-14 17:26:41.329334 November: Alpha, sending you 3
2024-10-14 17:26:41.330325 Alpha: Whiskey, sending you 4
2024-10-14 17:26:41.332211 Echo: Oscar, sending you 1
2024-10-14 17:26:41.332643 Oscar: India, sending you 4
2024-10-14 17:26:41.335678 Alpha: X-ray, sending you 2
2024-10-14 17:26:41.336685 Echo: India, sending you 4
2024-10-14 17:26:41.343191 Alpha: Golf, sending you 6
2024-10-14 17:26:41.347686 Alpha: November and Victor, sending you 3
chatterbot Whiskey submitting transactions
chatterbot Alpha submitting transactions
chatterbot Oscar submitting transactions
chatterbot X-ray submitting transactions
chatterbot Yankee submitting transactions
chatterbot November submitting transactions
chatterbot Golf submitting transactions
chatterbot India submitting transactions
chatterbot Victor submitting transactions
chatterbot Echo submitting transactions
ChatterBot Whiskey round 11
ChatterBot Yankee round 11
ChatterBot X-ray round 11
ChatterBot Echo round 11
ChatterBot Golf round 11
ChatterBot November round 11
ChatterBot Oscar round 11
ChatterBot Victor round 11
ChatterBot India round 11
ChatterBot Alpha round 11
2024-10-14 17:26:42.462768 X-ray: Same as last round
2024-10-14 17:26:42.466689 Echo: Yankee, sending you 2
2024-10-14 17:26:42.467709 Whiskey: X-ray and November, sending you 2
2024-10-14 17:26:42.470659 Yankee: Echo, sending you 3
2024-10-14 17:26:42.471388 Echo: Oscar, sending you 1
2024-10-14 17:26:42.471814 Whiskey: Golf, Victor and Alpha, sending you 3
2024-10-14 17:26:42.472762 Golf: Whiskey, sending you 3
2024-10-14 17:26:42.474658 Echo: India, sending you 4
2024-10-14 17:26:42.475674 Yankee: Oscar, sending you 2
2024-10-14 17:26:42.477656 Golf: X-ray, November and Victor, sending you 2
2024-10-14 17:26:42.478440 November: Whiskey, X-ray, Golf and Victor, sending you 2
2024-10-14 17:26:42.479773 India: Same as last round
2024-10-14 17:26:42.480188 Yankee: India, sending you 6
2024-10-14 17:26:42.480684 Victor: Whiskey and Alpha, sending you 3
2024-10-14 17:26:42.482011 Golf: Alpha, sending you 6
2024-10-14 17:26:42.482952 Oscar: Yankee, sending you 2
2024-10-14 17:26:42.484636 November: Alpha, sending you 3
2024-10-14 17:26:42.485678 Victor: X-ray, Golf and November, sending you 2
2024-10-14 17:26:42.487268 Oscar: Echo, sending you 1
2024-10-14 17:26:42.487777 Alpha: Whiskey, sending you 4
2024-10-14 17:26:42.492131 Alpha: X-ray, sending you 2
2024-10-14 17:26:42.493342 Oscar: India, sending you 4
2024-10-14 17:26:42.495656 Alpha: Golf, sending you 6
2024-10-14 17:26:42.500649 Alpha: November and Victor, sending you 3
chatterbot Oscar submitting transactions
chatterbot Victor submitting transactions
chatterbot Whiskey submitting transactions
chatterbot November submitting transactions
chatterbot India submitting transactions
chatterbot Golf submitting transactions
chatterbot Alpha submitting transactions
chatterbot Yankee submitting transactions
chatterbot Echo submitting transactions
chatterbot X-ray submitting transactions
ChatterBot Whiskey round 12
ChatterBot Yankee round 12
ChatterBot X-ray round 12
ChatterBot Echo round 12
ChatterBot Golf round 12
ChatterBot November round 12
ChatterBot Oscar round 12
ChatterBot Victor round 12
ChatterBot India round 12
ChatterBot Alpha round 12
2024-10-14 17:26:43.625459 Oscar: We should replace X-ray with November
2024-10-14 17:26:43.631887 Echo: No
2024-10-14 17:26:43.632044 Yankee: No
2024-10-14 17:26:43.632168 India: No
ChatterBot Oscar reevaluating
ChatterBot Oscar reevaluating
ChatterBot Oscar reevaluating
2024-10-14 17:26:43.665685 Whiskey: X-ray and November, sending you 2
2024-10-14 17:26:43.666707 X-ray: Same as last round
2024-10-14 17:26:43.667669 Golf: Whiskey, sending you 3
2024-10-14 17:26:43.669176 India: Same as last round
2024-10-14 17:26:43.669743 Whiskey: Golf, Victor and Alpha, sending you 3
2024-10-14 17:26:43.671687 Golf: X-ray, November and Victor, sending you 2
2024-10-14 17:26:43.673662 Echo: Yankee, sending you 2
2024-10-14 17:26:43.674680 Oscar: Yankee, sending you 2
2024-10-14 17:26:43.675099 Yankee: Echo, sending you 3
2024-10-14 17:26:43.675686 Golf: Alpha, sending you 6
2024-10-14 17:26:43.676949 November: Whiskey, X-ray, Golf and Victor, sending you 2
2024-10-14 17:26:43.677958 Alpha: Whiskey, sending you 4
2024-10-14 17:26:43.678761 Echo: Oscar, sending you 1
2024-10-14 17:26:43.679149 Yankee: Oscar, sending you 2
2024-10-14 17:26:43.679513 Victor: Whiskey and Alpha, sending you 3
2024-10-14 17:26:43.680534 Oscar: Echo, sending you 1
2024-10-14 17:26:43.681677 November: Alpha, sending you 3
2024-10-14 17:26:43.683024 Echo: India, sending you 4
2024-10-14 17:26:43.683482 Alpha: X-ray, sending you 2
2024-10-14 17:26:43.684309 Yankee: India, sending you 6
2024-10-14 17:26:43.684789 Victor: X-ray, Golf and November, sending you 2
2024-10-14 17:26:43.686014 Oscar: India, sending you 4
2024-10-14 17:26:43.687680 Alpha: Golf, sending you 6
2024-10-14 17:26:43.693891 Alpha: November and Victor, sending you 3
chatterbot Oscar submitting transactions
chatterbot Whiskey submitting transactions
chatterbot Yankee submitting transactions
chatterbot Golf submitting transactions
chatterbot Victor submitting transactions
chatterbot X-ray submitting transactions
chatterbot India submitting transactions
chatterbot Alpha submitting transactions
chatterbot Echo submitting transactions
chatterbot November submitting transactions
ChatterBot Whiskey round 13
ChatterBot Yankee round 13
ChatterBot X-ray round 13
ChatterBot Echo round 13
ChatterBot Golf round 13
ChatterBot November round 13
ChatterBot Oscar round 13
ChatterBot Victor round 13
ChatterBot India round 13
ChatterBot Alpha round 13
2024-10-14 17:26:44.801675 Whiskey: X-ray and November, sending you 2
2024-10-14 17:26:44.804225 Yankee: Echo, sending you 3
2024-10-14 17:26:44.806704 Whiskey: Golf, Victor and Alpha, sending you 3
2024-10-14 17:26:44.808692 X-ray: Whiskey, Golf and November, sending you 1
2024-10-14 17:26:44.809749 Golf: Whiskey, sending you 3
2024-10-14 17:26:44.811045 November: Whiskey, X-ray, Golf and Victor, sending you 2
2024-10-14 17:26:44.812069 Oscar: Yankee, sending you 2
2024-10-14 17:26:44.812590 Yankee: Oscar, sending you 2
2024-10-14 17:26:44.813691 Golf: X-ray, November and Victor, sending you 2
2024-10-14 17:26:44.815665 Oscar: Echo, sending you 1
2024-10-14 17:26:44.816658 November: Alpha, sending you 3
2024-10-14 17:26:44.818025 Yankee: India, sending you 6
2024-10-14 17:26:44.818476 India: Same as last round
2024-10-14 17:26:44.818934 Golf: Alpha, sending you 6
2024-10-14 17:26:44.819843 Echo: Yankee, sending you 2
2024-10-14 17:26:44.820585 Victor: Whiskey and Alpha, sending you 3
2024-10-14 17:26:44.821294 Oscar: India, sending you 4
2024-10-14 17:26:44.822682 Echo: Oscar, sending you 1
2024-10-14 17:26:44.824651 Victor: X-ray, Golf and November, sending you 2
2024-10-14 17:26:44.826006 Alpha: Whiskey, sending you 4
2024-10-14 17:26:44.827661 Echo: India, sending you 4
2024-10-14 17:26:44.831659 Alpha: X-ray, sending you 2
2024-10-14 17:26:44.835682 Alpha: Golf, sending you 6
2024-10-14 17:26:44.841675 Alpha: November and Victor, sending you 3
chatterbot Golf submitting transactions
chatterbot Yankee submitting transactions
chatterbot Victor submitting transactions
chatterbot Whiskey submitting transactions
chatterbot Oscar submitting transactions
chatterbot X-ray submitting transactions
chatterbot India submitting transactions
chatterbot November submitting transactions
chatterbot Alpha submitting transactions
chatterbot Echo submitting transactions
ChatterBot Whiskey round 14
ChatterBot Yankee round 14
ChatterBot X-ray round 14
ChatterBot Echo round 14
ChatterBot Golf round 14
ChatterBot November round 14
ChatterBot Oscar round 14
ChatterBot Victor round 14
ChatterBot India round 14
ChatterBot Alpha round 14
2024-10-14 17:26:46.080620 Oscar: We should replace X-ray with November
2024-10-14 17:26:46.093543 Echo: No
2024-10-14 17:26:46.093699 Yankee: No
2024-10-14 17:26:46.094356 India: No
ChatterBot Oscar reevaluating
ChatterBot Oscar reevaluating
2024-10-14 17:26:46.138657 Echo: Yankee, sending you 2
2024-10-14 17:26:46.139351 Oscar: November we want you to join our group
2024-10-14 17:26:46.142009 November: No
ChatterBot Oscar reevaluating
2024-10-14 17:26:46.150841 Golf: Whiskey, sending you 3
2024-10-14 17:26:46.151685 Echo: Oscar, sending you 1
2024-10-14 17:26:46.154692 Golf: X-ray, November and Victor, sending you 2
2024-10-14 17:26:46.156107 November: Whiskey, X-ray, Golf and Victor, sending you 2
2024-10-14 17:26:46.157520 Echo: India, sending you 4
2024-10-14 17:26:46.158084 X-ray: Sending you each 2
2024-10-14 17:26:46.158851 Victor: Whiskey and Alpha, sending you 3
2024-10-14 17:26:46.159650 Whiskey: X-ray and November, sending you 2
2024-10-14 17:26:46.160807 India: I was attacked by X-ray
ChatterBot Oscar reevaluating
2024-10-14 17:26:46.167094 India: I'm keeping this round to protect myself
2024-10-14 17:26:46.168100 India: Ow
2024-10-14 17:26:46.168395 Yankee: Echo, sending you 3
2024-10-14 17:26:46.168785 Golf: Alpha, sending you 6
2024-10-14 17:26:46.169471 November: Alpha, sending you 3
2024-10-14 17:26:46.170572 Victor: X-ray, Golf and November, sending you 2
2024-10-14 17:26:46.171370 Whiskey: Golf, Victor and Alpha, sending you 3
2024-10-14 17:26:46.172078 Alpha: Whiskey, sending you 4
2024-10-14 17:26:46.173184 Yankee: Oscar, sending you 2
2024-10-14 17:26:46.175677 Yankee: India, sending you 6
2024-10-14 17:26:46.177680 Alpha: X-ray, sending you 2
2024-10-14 17:26:46.183681 Alpha: Golf, sending you 6
2024-10-14 17:26:46.188669 Alpha: November and Victor, sending you 3
2024-10-14 17:26:46.200097 Oscar: Yankee, sending you 2
2024-10-14 17:26:46.205674 Oscar: Echo, sending you 1
2024-10-14 17:26:46.211670 Oscar: India, sending you 4
chatterbot Victor submitting transactions
chatterbot India submitting transactions
chatterbot Oscar submitting transactions
chatterbot Golf submitting transactions
chatterbot November submitting transactions
chatterbot X-ray submitting transactions
chatterbot Echo submitting transactions
chatterbot Yankee submitting transactions
chatterbot Alpha submitting transactions
chatterbot Whiskey submitting transactions
ChatterBot Whiskey round 15
ChatterBot Yankee round 15
ChatterBot X-ray round 15
ChatterBot Echo round 15
ChatterBot Golf round 15
ChatterBot November round 15
ChatterBot Oscar round 15
ChatterBot Victor round 15
ChatterBot India round 15
ChatterBot Alpha round 15
2024-10-14 17:26:47.160873 Oscar: We should replace X-ray with Golf
2024-10-14 17:26:47.167561 Echo: No
2024-10-14 17:26:47.167763 Yankee: No
2024-10-14 17:26:47.167943 India: No
ChatterBot Oscar reevaluating
ChatterBot Oscar reevaluating
ChatterBot Oscar reevaluating
2024-10-14 17:26:47.205006 Echo: Yankee and India, sending you 3
2024-10-14 17:26:47.208681 Echo: Oscar, sending you 1
2024-10-14 17:26:47.211661 Yankee: Echo and Oscar, sending you 3
2024-10-14 17:26:47.212175 Whiskey: X-ray and November, sending you 2
2024-10-14 17:26:47.213689 X-ray: Same as last round
2024-10-14 17:26:47.215159 Victor: Whiskey and Alpha, sending you 3
2024-10-14 17:26:47.215853 Yankee: India, sending you 5
2024-10-14 17:26:47.217654 Whiskey: Golf, Victor and Alpha, sending you 3
2024-10-14 17:26:47.219681 Victor: X-ray, Golf and November, sending you 2
2024-10-14 17:26:47.220825 Alpha: Whiskey, sending you 4
2024-10-14 17:26:47.221662 Golf: Whiskey, sending you 3
2024-10-14 17:26:47.224675 Golf: X-ray, November and Victor, sending you 2
2024-10-14 17:26:47.225807 Alpha: X-ray, sending you 2
2024-10-14 17:26:47.227092 November: Whiskey, X-ray, Golf and Victor, sending you 2
2024-10-14 17:26:47.228675 Golf: Alpha, sending you 6
2024-10-14 17:26:47.231686 Alpha: Golf, sending you 6
2024-10-14 17:26:47.233331 November: Alpha, sending you 3
2024-10-14 17:26:47.234175 Oscar: Yankee, sending you 2
2024-10-14 17:26:47.237685 Alpha: November and Victor, sending you 3
2024-10-14 17:26:47.238636 Oscar: Echo, sending you 1
2024-10-14 17:26:47.242648 Oscar: India, sending you 4
chatterbot Echo submitting transactions
chatterbot Yankee submitting transactions
chatterbot Victor submitting transactions
chatterbot X-ray submitting transactions
chatterbot India submitting transactions
chatterbot Golf submitting transactions
chatterbot Alpha submitting transactions
chatterbot November submitting transactions
chatterbot Oscar submitting transactions
chatterbot Whiskey submitting transactions
ChatterBot Whiskey round 16
ChatterBot Yankee round 16
ChatterBot X-ray round 16
ChatterBot Echo round 16
ChatterBot Golf round 16
ChatterBot November round 16
ChatterBot Oscar round 16
ChatterBot Victor round 16
ChatterBot India round 16
ChatterBot Alpha round 16
2024-10-14 17:26:48.402915 Yankee: Echo, sending you 4
2024-10-14 17:26:48.403802 India: Yankee, sending you 4
2024-10-14 17:26:48.405065 Whiskey: X-ray and November, sending you 2
2024-10-14 17:26:48.407152 India: Echo and Oscar, sending you 3
2024-10-14 17:26:48.408682 Yankee: Oscar, sending you 2
2024-10-14 17:26:48.409899 Whiskey: Golf, Victor and Alpha, sending you 3
2024-10-14 17:26:48.411925 Oscar: Yankee, sending you 2
2024-10-14 17:26:48.412694 Echo: Yankee and India, sending you 3
2024-10-14 17:26:48.413385 Golf: Whiskey, sending you 3
2024-10-14 17:26:48.415364 Yankee: India, sending you 5
2024-10-14 17:26:48.416642 Echo: Oscar, sending you 1
2024-10-14 17:26:48.417689 Oscar: Echo, sending you 1
2024-10-14 17:26:48.418288 Golf: X-ray, November and Victor, sending you 2
2024-10-14 17:26:48.419687 Victor: Whiskey and Alpha, sending you 3
2024-10-14 17:26:48.420839 November: Whiskey, X-ray, Golf and Victor, sending you 2
