ChatterBot Foxtrot round 1
ChatterBot Sierra round 1
ChatterBot Victor round 1
ChatterBot Delta round 1
ChatterBot Juliett round 1
ChatterBot Yankee round 1
ChatterBot November round 1
ChatterBot Uniform round 1
ChatterBot Bravo round 1
ChatterBot Mike round 1
randomSelections Foxtrot: {Foxtrot, November, Delta, Bravo, Mike, Juliett} 
2024-10-14 17:26:28.532140 Foxtrot: Group up?
ChatterBot November reevaluating
ChatterBot Delta reevaluating
ChatterBot Bravo reevaluating
ChatterBot Mike reevaluating
ChatterBot Juliett reevaluating
2024-10-14 17:26:28.541873 November: Yes
2024-10-14 17:26:28.542043 Delta: Yes
2024-10-14 17:26:28.542183 Bravo: Yes
2024-10-14 17:26:28.542306 Mike: Yes
2024-10-14 17:26:28.542452 Juliett: Yes
ChatterBot Delta reevaluating
ChatterBot Bravo reevaluating
ChatterBot Mike reevaluating
ChatterBot Juliett reevaluating
ChatterBot November reevaluating
ChatterBot Bravo reevaluating
ChatterBot Mike reevaluating
ChatterBot Juliett reevaluating
ChatterBot November reevaluating
ChatterBot Delta reevaluating
ChatterBot Mike reevaluating
ChatterBot Juliett reevaluating
ChatterBot November reevaluating
ChatterBot Delta reevaluating
ChatterBot Bravo reevaluating
ChatterBot Juliett reevaluating
ChatterBot November reevaluating
ChatterBot Delta reevaluating
ChatterBot Bravo reevaluating
ChatterBot Mike reevaluating
randomSelections Yankee: {Yankee, Victor, Bravo, Juliett, Delta} 
2024-10-14 17:26:28.643588 Yankee: Group up?
ChatterBot Victor reevaluating
ChatterBot Bravo reevaluating
ChatterBot Juliett reevaluating
ChatterBot Delta reevaluating
2024-10-14 17:26:28.650417 Victor: Yes
2024-10-14 17:26:28.650589 Bravo: No
2024-10-14 17:26:28.650728 Juliett: No
2024-10-14 17:26:28.651680 Delta: No
ChatterBot Bravo reevaluating
ChatterBot Juliett reevaluating
ChatterBot Delta reevaluating
ChatterBot Victor reevaluating
ChatterBot Juliett reevaluating
ChatterBot Delta reevaluating
ChatterBot Victor reevaluating
ChatterBot Bravo reevaluating
ChatterBot Delta reevaluating
ChatterBot Victor reevaluating
ChatterBot Bravo reevaluating
ChatterBot Juliett reevaluating
randomSelections Sierra: {Sierra, Yankee, Mike, Uniform, Victor, Delta, November} 
2024-10-14 17:26:28.678161 Sierra: We should group up
ChatterBot Mike reevaluating
ChatterBot Uniform reevaluating
ChatterBot Victor reevaluating
ChatterBot Delta reevaluating
ChatterBot November reevaluating
2024-10-14 17:26:28.687188 Yankee: No
2024-10-14 17:26:28.687433 Mike: No
2024-10-14 17:26:28.687664 Uniform: Yes
2024-10-14 17:26:28.687884 Victor: No
2024-10-14 17:26:28.688071 Delta: No
2024-10-14 17:26:28.688263 November: No
ChatterBot Mike reevaluating
ChatterBot Uniform reevaluating
ChatterBot Victor reevaluating
ChatterBot Delta reevaluating
ChatterBot November reevaluating
ChatterBot Uniform reevaluating
ChatterBot Victor reevaluating
ChatterBot Delta reevaluating
ChatterBot November reevaluating
ChatterBot Mike reevaluating
ChatterBot Victor reevaluating
ChatterBot Delta reevaluating
ChatterBot November reevaluating
ChatterBot Mike reevaluating
ChatterBot Uniform reevaluating
ChatterBot Delta reevaluating
ChatterBot November reevaluating
ChatterBot Mike reevaluating
ChatterBot Uniform reevaluating
ChatterBot Victor reevaluating
ChatterBot November reevaluating
ChatterBot Mike reevaluating
ChatterBot Uniform reevaluating
ChatterBot Victor reevaluating
ChatterBot Delta reevaluating
2024-10-14 17:26:28.789500 Bravo: Foxtrot, Delta and Juliett, sending you 3
2024-10-14 17:26:28.825693 Uniform: Sierra, Victor, Delta and Yankee, sending you 1
2024-10-14 17:26:28.826337 Foxtrot: Juliett, sending you 1
2024-10-14 17:26:28.827155 Bravo: November, sending you 2
2024-10-14 17:26:28.847728 Mike: Foxtrot, sending you 4
2024-10-14 17:26:28.848509 Delta: Foxtrot and Juliett, sending you 2
2024-10-14 17:26:28.848859 November: Foxtrot and Juliett, sending you 3
2024-10-14 17:26:28.849289 Foxtrot: November, sending you 2
2024-10-14 17:26:28.850033 Bravo: Mike, sending you 1
2024-10-14 17:26:28.850390 Juliett: Foxtrot and November, sending you 4
2024-10-14 17:26:28.850749 Victor: Yankee, sending you 3
2024-10-14 17:26:28.852099 November: Bravo and Mike, sending you 1
2024-10-14 17:26:28.853157 Mike: Delta and Bravo, sending you 3
2024-10-14 17:26:28.853507 Delta: November and Mike, sending you 1
2024-10-14 17:26:28.853838 Foxtrot: Mike, sending you 3
2024-10-14 17:26:28.855679 Juliett: Delta, sending you 5
2024-10-14 17:26:28.856466 Victor: Bravo, sending you 1
2024-10-14 17:26:28.856738 Mike: Juliett, sending you 6
2024-10-14 17:26:28.857075 Delta: Bravo, sending you 3
2024-10-14 17:26:28.859645 Mike: November, sending you 1
2024-10-14 17:26:28.860694 Juliett: Bravo, sending you 2
2024-10-14 17:26:28.864666 Juliett: Mike, sending you 3
chatterbot Victor submitting transactions
chatterbot Delta submitting transactions
chatterbot Uniform submitting transactions
chatterbot Mike submitting transactions
chatterbot Foxtrot submitting transactions
chatterbot November submitting transactions
chatterbot Yankee submitting transactions
chatterbot Sierra submitting transactions
chatterbot Bravo submitting transactions
chatterbot Juliett submitting transactions
ChatterBot Foxtrot round 2
ChatterBot Sierra round 2
ChatterBot Victor round 2
ChatterBot Delta round 2
ChatterBot Juliett round 2
ChatterBot Yankee round 2
ChatterBot November round 2
2024-10-14 17:26:29.939543 Sierra: We should group up
ChatterBot Uniform reevaluating
2024-10-14 17:26:29.959303 Uniform: Yes
2024-10-14 17:26:29.967073 Uniform: We should group up
2024-10-14 17:26:29.974669 Sierra: Yes
ChatterBot Uniform reevaluating
ChatterBot Uniform round 2
ChatterBot Bravo round 2
2024-10-14 17:26:30.006736 Victor: Let's form a team
ChatterBot Uniform reevaluating
2024-10-14 17:26:30.015536 Uniform: Yes
ChatterBot Mike round 2
2024-10-14 17:26:30.061314 Yankee: We would work well together
ChatterBot Uniform reevaluating
2024-10-14 17:26:30.070072 Victor: No
2024-10-14 17:26:30.070210 Uniform: Yes
ChatterBot Uniform reevaluating
2024-10-14 17:26:30.087585 Uniform: We should group up
2024-10-14 17:26:30.096225 Yankee: Yes
2024-10-14 17:26:30.096727 Victor: No
ChatterBot Uniform reevaluating
ChatterBot Uniform reevaluating
2024-10-14 17:26:30.515030 Delta: Juliett, sending you 7
2024-10-14 17:26:30.515778 November: Foxtrot, Juliett and Bravo, sending you 3
2024-10-14 17:26:30.516021 Foxtrot: Delta, November, Bravo and Mike, sending you 1
2024-10-14 17:26:30.516270 Sierra: Sending you 2
2024-10-14 17:26:30.516832 Victor: Sending you 4
2024-10-14 17:26:30.517029 Juliett: Foxtrot, sending you 1
2024-10-14 17:26:30.517260 Uniform: Sending you each 5
2024-10-14 17:26:30.517450 Bravo: Delta and Mike, sending you 4
2024-10-14 17:26:30.771542 Delta: Bravo and Mike, sending you 3
2024-10-14 17:26:30.772743 November: Delta and Mike, sending you 2
2024-10-14 17:26:30.773908 Foxtrot: Juliett, sending you 2
2024-10-14 17:26:30.774621 Juliett: Delta, sending you 3
2024-10-14 17:26:30.775848 Bravo: Juliett, sending you 3
2024-10-14 17:26:30.777038 Mike: Foxtrot and Juliett, sending you 4
chatterbot Juliett submitting transactions
chatterbot Sierra submitting transactions
2024-10-14 17:26:30.778770 Juliett: November and Bravo, sending you 4
2024-10-14 17:26:31.012687 Bravo: November, sending you 1
2024-10-14 17:26:31.013635 Mike: Delta, November and Bravo, sending you 3
2024-10-14 17:26:31.014503 Juliett: Mike, sending you 6
chatterbot Foxtrot submitting transactions
chatterbot Delta submitting transactions
chatterbot Uniform submitting transactions
chatterbot Yankee submitting transactions
chatterbot Bravo submitting transactions
chatterbot November submitting transactions
chatterbot Victor submitting transactions
chatterbot Mike submitting transactions
ChatterBot Foxtrot round 3
ChatterBot Sierra round 3
ChatterBot Victor round 3
ChatterBot Delta round 3
ChatterBot Juliett round 3
ChatterBot Yankee round 3
ChatterBot November round 3
ChatterBot Uniform round 3
ChatterBot Bravo round 3
ChatterBot Mike round 3
2024-10-14 17:26:31.482149 Uniform: We should replace Yankee with Sierra
ChatterBot Victor reevaluating
2024-10-14 17:26:31.487468 Victor: Yes
2024-10-14 17:26:31.492165 Victor: We should add Sierra
2024-10-14 17:26:31.495730 Uniform: Yes
ChatterBot Victor reevaluating
2024-10-14 17:26:31.517317 Sierra: We should add Victor and Yankee
2024-10-14 17:26:31.521030 Uniform: No
ChatterBot Sierra reevaluating
2024-10-14 17:26:31.539065 Yankee: We should add Sierra
ChatterBot Victor reevaluating
2024-10-14 17:26:31.547954 Victor: Yes
2024-10-14 17:26:31.548181 Uniform: Yes
ChatterBot Victor reevaluating
2024-10-14 17:26:31.589518 Uniform: Sierra we want you to join our group
ChatterBot Sierra reevaluating
2024-10-14 17:26:31.596715 Sierra: No
ChatterBot Uniform reevaluating
ChatterBot Victor reevaluating
2024-10-14 17:26:31.607302 Sierra: We would work well together
ChatterBot Delta reevaluating
ChatterBot Juliett reevaluating
2024-10-14 17:26:31.630556 Foxtrot: No
2024-10-14 17:26:31.630739 Delta: Yes
2024-10-14 17:26:31.630863 Juliett: Yes
2024-10-14 17:26:31.631402 November: No
2024-10-14 17:26:31.631517 Bravo: No
2024-10-14 17:26:31.631641 Mike: No
ChatterBot Sierra reevaluating
ChatterBot Delta reevaluating
ChatterBot Juliett reevaluating
ChatterBot Sierra reevaluating
ChatterBot Juliett reevaluating
ChatterBot Sierra reevaluating
ChatterBot Delta reevaluating
ChatterBot Sierra reevaluating
ChatterBot Delta reevaluating
ChatterBot Juliett reevaluating
ChatterBot Sierra reevaluating
ChatterBot Delta reevaluating
ChatterBot Juliett reevaluating
ChatterBot Sierra reevaluating
ChatterBot Delta reevaluating
ChatterBot Juliett reevaluating
2024-10-14 17:26:31.813186 Juliett: We should add Sierra
ChatterBot Delta reevaluating
2024-10-14 17:26:31.867912 Foxtrot: No
2024-10-14 17:26:31.868219 November: No
2024-10-14 17:26:31.868385 Delta: Yes
2024-10-14 17:26:31.868611 Bravo: No
2024-10-14 17:26:31.868799 Mike: No
ChatterBot Delta reevaluating
ChatterBot Juliett reevaluating
ChatterBot Delta reevaluating
ChatterBot Juliett reevaluating
ChatterBot Juliett reevaluating
ChatterBot Delta reevaluating
ChatterBot Juliett reevaluating
ChatterBot Delta reevaluating
ChatterBot Juliett reevaluating
2024-10-14 17:26:31.992952 Yankee: Sierra we want you to join our group
ChatterBot Sierra reevaluating
2024-10-14 17:26:31.999031 Sierra: No
ChatterBot Victor reevaluating
ChatterBot Uniform reevaluating
2024-10-14 17:26:32.013412 Juliett: Sierra we want you to join our group
ChatterBot Sierra reevaluating
2024-10-14 17:26:32.018761 Sierra: Yes
2024-10-14 17:26:32.040277 Foxtrot: Juliett and Bravo, sending you 1
2024-10-14 17:26:32.040702 Victor: Sierra we want you to join our group
ChatterBot Sierra reevaluating
2024-10-14 17:26:32.044749 Sierra: No
ChatterBot Uniform reevaluating
2024-10-14 17:26:32.052520 Bravo: Foxtrot, sending you 1
2024-10-14 17:26:32.052916 Mike: Foxtrot, Delta, November and Bravo, sending you 3
2024-10-14 17:26:32.053627 Foxtrot: November and Mike, sending you 2
2024-10-14 17:26:32.054964 Delta: Foxtrot and November, sending you 1
2024-10-14 17:26:32.055700 November: Foxtrot, Delta, Bravo and Mike, sending you 3
2024-10-14 17:26:32.056074 Bravo: Delta, Juliett and Mike, sending you 3
2024-10-14 17:26:32.056783 Mike: Juliett, sending you 5
2024-10-14 17:26:32.057684 Delta: Juliett and Bravo, sending you 4
2024-10-14 17:26:32.059880 November: Juliett, sending you 4
2024-10-14 17:26:32.060592 Bravo: November, sending you 2
chatterbot November submitting transactions
2024-10-14 17:26:32.063194 Delta: Mike, sending you 3
2024-10-14 17:26:32.064831 Juliett: Foxtrot, sending you 2
2024-10-14 17:26:32.067678 Juliett: Sierra, sending you 1
2024-10-14 17:26:32.072694 Juliett: Delta, sending you 5
2024-10-14 17:26:32.073307 Sierra: Foxtrot, Delta, Juliett, November and Bravo, sending you 2
2024-10-14 17:26:32.075675 Victor: Uniform, sending you 4
2024-10-14 17:26:32.076048 Juliett: November and Bravo, sending you 3
2024-10-14 17:26:32.078654 Sierra: Mike, sending you 1
2024-10-14 17:26:32.079672 Juliett: Mike, sending you 4
2024-10-14 17:26:32.088702 Uniform: Sending you each 5
chatterbot Yankee submitting transactions
chatterbot Delta submitting transactions
chatterbot Victor submitting transactions
chatterbot Sierra submitting transactions
chatterbot Bravo submitting transactions
chatterbot Mike submitting transactions
chatterbot Uniform submitting transactions
chatterbot Foxtrot submitting transactions
chatterbot Juliett submitting transactions
ChatterBot Foxtrot round 4
ChatterBot Sierra round 4
ChatterBot Victor round 4
ChatterBot Delta round 4
ChatterBot Juliett round 4
ChatterBot Yankee round 4
ChatterBot November round 4
ChatterBot Uniform round 4
ChatterBot Bravo round 4
ChatterBot Mike round 4
2024-10-14 17:26:33.130352 Delta: We should add Sierra
2024-10-14 17:26:33.159684 Foxtrot: No
2024-10-14 17:26:33.160585 November: No
2024-10-14 17:26:33.160922 Bravo: No
2024-10-14 17:26:33.161206 Mike: No
2024-10-14 17:26:33.161531 Juliett: Yes
ChatterBot Mike reevaluating
ChatterBot Mike reevaluating
ChatterBot Mike reevaluating
ChatterBot Delta reevaluating
ChatterBot Mike reevaluating
2024-10-14 17:26:33.329043 Mike: We should drop Foxtrot
ChatterBot Delta reevaluating
2024-10-14 17:26:33.339801 Delta: No
2024-10-14 17:26:33.339959 Juliett: No
2024-10-14 17:26:33.340077 November: No
2024-10-14 17:26:33.340198 Bravo: No
ChatterBot Mike reevaluating
ChatterBot Delta reevaluating
ChatterBot Mike reevaluating
ChatterBot Delta reevaluating
ChatterBot Mike reevaluating
ChatterBot Delta reevaluating
2024-10-14 17:26:33.387651 Victor: Uniform, sending you 4
2024-10-14 17:26:33.388125 Juliett: Foxtrot and Sierra, sending you 2
2024-10-14 17:26:33.389025 Sierra: Foxtrot, sending you 1
2024-10-14 17:26:33.389326 Uniform: Same as last round
2024-10-14 17:26:33.389712 Bravo: Foxtrot, sending you 1
2024-10-14 17:26:33.390279 Foxtrot: Juliett and Bravo, sending you 1
2024-10-14 17:26:33.390621 November: Foxtrot, Delta, Bravo and Mike, sending you 3
2024-10-14 17:26:33.391713 Sierra: Juliett, sending you 10
2024-10-14 17:26:33.393195 Delta: Sierra we want you to join our group
2024-10-14 17:26:33.396265 Sierra: Yes
ChatterBot Delta reevaluating
ChatterBot Mike reevaluating
2024-10-14 17:26:33.415571 Juliett: Delta and Mike, sending you 4
2024-10-14 17:26:33.416021 Bravo: Delta, Juliett and Mike, sending you 3
2024-10-14 17:26:33.416457 Foxtrot: November and Mike, sending you 2
2024-10-14 17:26:33.416925 November: Juliett, sending you 5
2024-10-14 17:26:33.419703 Juliett: November and Bravo, sending you 3
2024-10-14 17:26:33.420034 Bravo: November, sending you 2
2024-10-14 17:26:33.442728 Mike: Foxtrot, Delta, November and Bravo, sending you 3
2024-10-14 17:26:33.443684 Delta: Sierra, sending you 1
2024-10-14 17:26:33.445688 Mike: Juliett, sending you 5
2024-10-14 17:26:33.448680 Delta: Juliett, sending you 4
2024-10-14 17:26:33.451665 Delta: November, sending you 2
2024-10-14 17:26:33.454656 Delta: Bravo and Mike, sending you 3
chatterbot Victor submitting transactions
chatterbot Delta submitting transactions
chatterbot Sierra submitting transactions
chatterbot November submitting transactions
chatterbot Bravo submitting transactions
chatterbot Uniform submitting transactions
chatterbot Foxtrot submitting transactions
chatterbot Juliett submitting transactions
chatterbot Yankee submitting transactions
chatterbot Mike submitting transactions
ChatterBot Foxtrot round 5
ChatterBot Sierra round 5
ChatterBot Victor round 5
ChatterBot Delta round 5
ChatterBot Juliett round 5
ChatterBot Yankee round 5
ChatterBot November round 5
ChatterBot Uniform round 5
ChatterBot Bravo round 5
ChatterBot Mike round 5
2024-10-14 17:26:34.636236 Victor: We should drop Sierra
2024-10-14 17:26:34.638957 Uniform: No
2024-10-14 17:26:34.647681 Juliett: Foxtrot, sending you 1
2024-10-14 17:26:34.648699 Delta: Sierra, sending you 1
2024-10-14 17:26:34.652876 Mike: We should drop Foxtrot
ChatterBot November reevaluating
2024-10-14 17:26:34.675575 Delta: No
2024-10-14 17:26:34.675796 Juliett: No
2024-10-14 17:26:34.675959 November: No
2024-10-14 17:26:34.676106 Bravo: No
ChatterBot November reevaluating
ChatterBot November reevaluating
ChatterBot Mike reevaluating
ChatterBot Mike reevaluating
ChatterBot November reevaluating
2024-10-14 17:26:34.725735 Juliett: Sierra, November and Bravo, sending you 3
2024-10-14 17:26:34.726214 Delta: Juliett, sending you 4
2024-10-14 17:26:34.726516 Uniform: Sierra, sending you 5
2024-10-14 17:26:34.728673 Delta: November, sending you 2
2024-10-14 17:26:34.729660 Sierra: Delta, sending you 3
2024-10-14 17:26:34.730677 Juliett: Delta and Mike, sending you 4
2024-10-14 17:26:34.731141 Victor: Same as last round
2024-10-14 17:26:34.731391 Foxtrot: Juliett and Bravo, sending you 1
2024-10-14 17:26:34.731903 Bravo: Foxtrot, sending you 1
2024-10-14 17:26:34.732561 Uniform: Victor, sending you 6
2024-10-14 17:26:34.733706 Delta: Bravo and Mike, sending you 3
2024-10-14 17:26:34.734657 Sierra: Juliett, sending you 8
2024-10-14 17:26:34.735870 Foxtrot: November and Mike, sending you 2
2024-10-14 17:26:34.736413 Bravo: Delta, Juliett and Mike, sending you 3
2024-10-14 17:26:34.740668 Bravo: November, sending you 2
2024-10-14 17:26:34.743673 November: Sierra we want you to join our group
2024-10-14 17:26:34.747027 Sierra: Yes
ChatterBot Bravo reevaluating
ChatterBot Mike reevaluating
2024-10-14 17:26:34.763163 Bravo: We should add Sierra
ChatterBot Mike reevaluating
2024-10-14 17:26:34.776310 Foxtrot: No
2024-10-14 17:26:34.776454 November: Yes
2024-10-14 17:26:34.776555 Delta: Yes
2024-10-14 17:26:34.776672 Mike: No
2024-10-14 17:26:34.776791 Juliett: Yes
ChatterBot Bravo reevaluating
ChatterBot Mike reevaluating
ChatterBot Bravo reevaluating
ChatterBot Mike reevaluating
ChatterBot Bravo reevaluating
ChatterBot Mike reevaluating
ChatterBot Bravo reevaluating
ChatterBot Bravo reevaluating
ChatterBot Mike reevaluating
2024-10-14 17:26:34.858655 Bravo: Sierra we want you to join our group
2024-10-14 17:26:34.861538 Sierra: Yes
ChatterBot Bravo reevaluating
2024-10-14 17:26:34.877558 November: Foxtrot, Sierra, Delta, Juliett, Bravo and Mike, sending you 3
2024-10-14 17:26:34.879770 Mike: Foxtrot, Delta, November and Bravo, sending you 3
2024-10-14 17:26:34.882657 Mike: Juliett, sending you 5
2024-10-14 17:26:34.905685 Bravo: Foxtrot and Sierra, sending you 1
chatterbot Uniform submitting transactions
2024-10-14 17:26:34.914675 Bravo: November and Mike, sending you 2
chatterbot Delta submitting transactions
chatterbot Mike submitting transactions
chatterbot Sierra submitting transactions
chatterbot November submitting transactions
chatterbot Juliett submitting transactions
chatterbot Victor submitting transactions
chatterbot Bravo submitting transactions
chatterbot Foxtrot submitting transactions
chatterbot Yankee submitting transactions
ChatterBot Foxtrot round 6
ChatterBot Sierra round 6
ChatterBot Victor round 6
ChatterBot Delta round 6
ChatterBot Juliett round 6
ChatterBot Yankee round 6
ChatterBot November round 6
ChatterBot Uniform round 6
ChatterBot Bravo round 6
ChatterBot Mike round 6
2024-10-14 17:26:35.932839 Mike: We should drop Foxtrot
2024-10-14 17:26:35.944709 Delta: No
2024-10-14 17:26:35.944890 Juliett: No
2024-10-14 17:26:35.945014 November: No
2024-10-14 17:26:35.945133 Bravo: No
ChatterBot Mike reevaluating
ChatterBot Mike reevaluating
ChatterBot Mike reevaluating
ChatterBot Mike reevaluating
2024-10-14 17:26:35.988256 Foxtrot: Juliett and Bravo, sending you 1
2024-10-14 17:26:35.991693 November: Foxtrot, Sierra, Delta, Juliett, Bravo and Mike, sending you 3
2024-10-14 17:26:35.992186 Foxtrot: November and Mike, sending you 2
2024-10-14 17:26:35.992569 Victor: Same as last round
2024-10-14 17:26:35.992842 Uniform: Sending you each 6
2024-10-14 17:26:35.993117 Juliett: Foxtrot, sending you 2
2024-10-14 17:26:35.993505 Bravo: Foxtrot and Sierra, sending you 1
2024-10-14 17:26:35.993926 Sierra: Delta, sending you 2
2024-10-14 17:26:35.994312 Delta: Sierra, sending you 1
2024-10-14 17:26:35.997686 Juliett: Sierra, Delta, November and Bravo, sending you 3
2024-10-14 17:26:35.998338 Bravo: Delta and Juliett, sending you 3
2024-10-14 17:26:35.998853 Sierra: Juliett, sending you 5
2024-10-14 17:26:35.999351 Delta: Juliett, sending you 4
2024-10-14 17:26:36.001677 Juliett: Mike, sending you 4
2024-10-14 17:26:36.003391 Bravo: November and Mike, sending you 2
2024-10-14 17:26:36.004060 Delta: November, sending you 2
2024-10-14 17:26:36.004855 Sierra: November, sending you 3
2024-10-14 17:26:36.007822 Delta: Bravo and Mike, sending you 3
2024-10-14 17:26:36.009692 Sierra: Bravo, sending you 1
2024-10-14 17:26:36.013767 Mike: Foxtrot, Delta, November and Bravo, sending you 3
2024-10-14 17:26:36.018263 Mike: Juliett, sending you 5
chatterbot Delta submitting transactions
chatterbot Juliett submitting transactions
chatterbot Victor submitting transactions
chatterbot Mike submitting transactions
chatterbot Bravo submitting transactions
chatterbot Foxtrot submitting transactions
chatterbot Yankee submitting transactions
chatterbot Uniform submitting transactions
chatterbot Sierra submitting transactions
chatterbot November submitting transactions
ChatterBot Foxtrot round 7
ChatterBot Sierra round 7
ChatterBot Victor round 7
ChatterBot Delta round 7
ChatterBot Juliett round 7
ChatterBot Yankee round 7
ChatterBot November round 7
ChatterBot Uniform round 7
ChatterBot Bravo round 7
ChatterBot Mike round 7
2024-10-14 17:26:37.019704 Sierra: We should drop Foxtrot
ChatterBot Bravo reevaluating
ChatterBot Mike reevaluating
2024-10-14 17:26:37.036611 Delta: No
2024-10-14 17:26:37.037014 Juliett: No
2024-10-14 17:26:37.037204 November: No
2024-10-14 17:26:37.037392 Bravo: No
2024-10-14 17:26:37.037528 Mike: Yes
ChatterBot Bravo reevaluating
ChatterBot Mike reevaluating
ChatterBot Bravo reevaluating
ChatterBot Mike reevaluating
ChatterBot Bravo reevaluating
ChatterBot Mike reevaluating
ChatterBot Mike reevaluating
ChatterBot Bravo reevaluating
2024-10-14 17:26:37.151696 Juliett: Foxtrot, sending you 2
2024-10-14 17:26:37.152930 Delta: Sierra, sending you 1
2024-10-14 17:26:37.156705 Juliett: Sierra, Delta, November and Bravo, sending you 3
2024-10-14 17:26:37.157994 Delta: Juliett, sending you 4
2024-10-14 17:26:37.158712 November: Same as last round
2024-10-14 17:26:37.160669 Victor: Same as last round
2024-10-14 17:26:37.160942 Uniform: Same as last round
2024-10-14 17:26:37.161159 Juliett: Mike, sending you 4
2024-10-14 17:26:37.161844 Delta: November, sending you 2
2024-10-14 17:26:37.166182 Delta: Bravo and Mike, sending you 3
2024-10-14 17:26:37.166847 Foxtrot: Juliett and Bravo, sending you 1
2024-10-14 17:26:37.170684 Sierra: Delta, sending you 2
2024-10-14 17:26:37.171970 Foxtrot: November and Mike, sending you 2
2024-10-14 17:26:37.172675 Mike: Sierra, November and Bravo, sending you 3
2024-10-14 17:26:37.175683 Sierra: Juliett, sending you 5
2024-10-14 17:26:37.176074 Mike: Delta and Juliett, sending you 4
2024-10-14 17:26:37.179667 Sierra: November, sending you 3
2024-10-14 17:26:37.181679 Bravo: Foxtrot and Sierra, sending you 1
2024-10-14 17:26:37.184689 Sierra: Bravo, sending you 1
2024-10-14 17:26:37.186383 Bravo: Delta and Juliett, sending you 3
2024-10-14 17:26:37.192093 Bravo: November and Mike, sending you 2
chatterbot Bravo submitting transactions
chatterbot November submitting transactions
chatterbot Sierra submitting transactions
chatterbot Yankee submitting transactions
chatterbot Victor submitting transactions
chatterbot Foxtrot submitting transactions
chatterbot Delta submitting transactions
chatterbot Mike submitting transactions
chatterbot Juliett submitting transactions
chatterbot Uniform submitting transactions
ChatterBot Foxtrot round 8
ChatterBot Sierra round 8
ChatterBot Victor round 8
ChatterBot Delta round 8
ChatterBot Juliett round 8
ChatterBot Yankee round 8
ChatterBot November round 8
ChatterBot Uniform round 8
ChatterBot Bravo round 8
ChatterBot Mike round 8
2024-10-14 17:26:38.304670 Victor: Same as last round
2024-10-14 17:26:38.305004 Sierra: Delta, Bravo and Mike, sending you 1
2024-10-14 17:26:38.308691 Sierra: Juliett, sending you 5
2024-10-14 17:26:38.312704 Sierra: November, sending you 3
2024-10-14 17:26:38.314292 Bravo: Foxtrot and Sierra, sending you 1
2024-10-14 17:26:38.315636 Foxtrot: Juliett, November and Mike, sending you 2
2024-10-14 17:26:38.316360 November: Same as last round
2024-10-14 17:26:38.316898 Juliett: Foxtrot, sending you 2
2024-10-14 17:26:38.318751 Bravo: Delta and Juliett, sending you 3
2024-10-14 17:26:38.321149 Uniform: Same as last round
2024-10-14 17:26:38.321752 Juliett: Sierra, Delta, November and Bravo, sending you 3
2024-10-14 17:26:38.324312 Delta: Sierra, sending you 1
2024-10-14 17:26:38.325709 Bravo: November and Mike, sending you 2
2024-10-14 17:26:38.326294 Juliett: Mike, sending you 4
2024-10-14 17:26:38.328688 Mike: Sierra, November and Bravo, sending you 3
2024-10-14 17:26:38.330164 Delta: Juliett, sending you 4
2024-10-14 17:26:38.335527 Mike: Delta and Juliett, sending you 4
2024-10-14 17:26:38.336002 Delta: November, sending you 2
2024-10-14 17:26:38.338684 Delta: Bravo and Mike, sending you 3
chatterbot Delta submitting transactions
chatterbot Yankee submitting transactions
chatterbot Juliett submitting transactions
chatterbot Foxtrot submitting transactions
chatterbot Victor submitting transactions
chatterbot Mike submitting transactions
chatterbot Uniform submitting transactions
chatterbot Sierra submitting transactions
chatterbot Bravo submitting transactions
chatterbot November submitting transactions
ChatterBot Foxtrot round 9
ChatterBot Sierra round 9
ChatterBot Victor round 9
ChatterBot Delta round 9
ChatterBot Juliett round 9
ChatterBot Yankee round 9
ChatterBot November round 9
ChatterBot Uniform round 9
ChatterBot Bravo round 9
ChatterBot Mike round 9
2024-10-14 17:26:39.581697 Victor: Same as last round
2024-10-14 17:26:39.583674 Foxtrot: Juliett and November, sending you 2
2024-10-14 17:26:39.587672 Sierra: Delta and Bravo, sending you 1
2024-10-14 17:26:39.588132 Foxtrot: Bravo and Mike, sending you 1
2024-10-14 17:26:39.590663 Sierra: Juliett, sending you 4
2024-10-14 17:26:39.593665 Delta: Sierra, sending you 1
2024-10-14 17:26:39.594717 Sierra: November, sending you 3
2024-10-14 17:26:39.597678 Delta: Juliett, sending you 4
2024-10-14 17:26:39.598582 Uniform: Same as last round
2024-10-14 17:26:39.598906 Sierra: Mike, sending you 2
2024-10-14 17:26:39.599365 Bravo: Foxtrot and Sierra, sending you 1
2024-10-14 17:26:39.600387 Juliett: Foxtrot, sending you 2
2024-10-14 17:26:39.601018 November: Same as last round
2024-10-14 17:26:39.602665 Delta: November, sending you 2
2024-10-14 17:26:39.604695 Bravo: Delta and Juliett, sending you 3
2024-10-14 17:26:39.605687 Juliett: Sierra, November, Bravo and Mike, sending you 3
2024-10-14 17:26:39.607681 Delta: Bravo and Mike, sending you 3
2024-10-14 17:26:39.610078 Mike: Sierra, November and Bravo, sending you 3
2024-10-14 17:26:39.610680 Bravo: November and Mike, sending you 2
2024-10-14 17:26:39.611267 Juliett: Delta, sending you 4
2024-10-14 17:26:39.612676 Mike: Delta and Juliett, sending you 4
chatterbot Foxtrot submitting transactions
chatterbot November submitting transactions
chatterbot Victor submitting transactions
chatterbot Juliett submitting transactions
chatterbot Bravo submitting transactions
chatterbot Sierra submitting transactions
chatterbot Uniform submitting transactions
chatterbot Yankee submitting transactions
chatterbot Delta submitting transactions
chatterbot Mike submitting transactions
ChatterBot Foxtrot round 10
ChatterBot Sierra round 10
ChatterBot Victor round 10
ChatterBot Delta round 10
ChatterBot Juliett round 10
ChatterBot Yankee round 10
ChatterBot November round 10
ChatterBot Uniform round 10
ChatterBot Bravo round 10
ChatterBot Mike round 10
2024-10-14 17:26:40.849667 Foxtrot: Juliett and November, sending you 2
2024-10-14 17:26:40.854660 Foxtrot: Bravo and Mike, sending you 1
2024-10-14 17:26:40.858689 Sierra: Delta and Bravo, sending you 1
2024-10-14 17:26:40.860679 Victor: Same as last round
2024-10-14 17:26:40.861694 Bravo: Foxtrot and Sierra, sending you 1
2024-10-14 17:26:40.862869 Sierra: Juliett, sending you 4
2024-10-14 17:26:40.863826 Mike: Sierra, November and Bravo, sending you 3
2024-10-14 17:26:40.866672 November: Same as last round
2024-10-14 17:26:40.867679 Bravo: Delta and Juliett, sending you 3
2024-10-14 17:26:40.868298 Juliett: Foxtrot, sending you 2
2024-10-14 17:26:40.869448 Sierra: November, sending you 3
2024-10-14 17:26:40.869846 Mike: Delta and Juliett, sending you 4
2024-10-14 17:26:40.870238 Delta: Sierra, sending you 1
2024-10-14 17:26:40.870912 Uniform: Same as last round
2024-10-14 17:26:40.871672 Bravo: November and Mike, sending you 2
2024-10-14 17:26:40.874070 Juliett: Sierra, November, Bravo and Mike, sending you 3
2024-10-14 17:26:40.874911 Sierra: Mike, sending you 2
2024-10-14 17:26:40.875665 Delta: Juliett, sending you 4
2024-10-14 17:26:40.879659 Juliett: Delta, sending you 4
2024-10-14 17:26:40.880274 Delta: November, sending you 2
2024-10-14 17:26:40.883665 Delta: Bravo and Mike, sending you 3
chatterbot Sierra submitting transactions
chatterbot Victor submitting transactions
chatterbot November submitting transactions
chatterbot Mike submitting transactions
chatterbot Uniform submitting transactions
chatterbot Delta submitting transactions
chatterbot Juliett submitting transactions
chatterbot Foxtrot submitting transactions
chatterbot Yankee submitting transactions
chatterbot Bravo submitting transactions
ChatterBot Foxtrot round 11
ChatterBot Sierra round 11
ChatterBot Victor round 11
ChatterBot Delta round 11
ChatterBot Juliett round 11
ChatterBot Yankee round 11
ChatterBot November round 11
ChatterBot Uniform round 11
ChatterBot Bravo round 11
ChatterBot Mike round 11
2024-10-14 17:26:42.010815 Sierra: Delta and Bravo, sending you 1
2024-10-14 17:26:42.015660 Sierra: Juliett, sending you 4
2024-10-14 17:26:42.016659 Bravo: Foxtrot and Sierra, sending you 1
2024-10-14 17:26:42.017906 Uniform: Same as last round
2024-10-14 17:26:42.018681 Sierra: November, sending you 3
2024-10-14 17:26:42.021667 Bravo: Delta and Juliett, sending you 3
2024-10-14 17:26:42.022425 Sierra: Mike, sending you 2
2024-10-14 17:26:42.024144 Delta: Sierra, sending you 1
2024-10-14 17:26:42.024913 Bravo: November and Mike, sending you 2
2024-10-14 17:26:42.026746 November: Same as last round
2024-10-14 17:26:42.029692 Delta: Juliett, sending you 4
2024-10-14 17:26:42.030364 Victor: Same as last round
2024-10-14 17:26:42.030650 Foxtrot: Juliett and November, sending you 2
2024-10-14 17:26:42.031908 Juliett: Foxtrot, sending you 2
2024-10-14 17:26:42.033707 Delta: November, sending you 2
2024-10-14 17:26:42.035061 Mike: Sierra, November and Bravo, sending you 3
2024-10-14 17:26:42.035654 Foxtrot: Bravo and Mike, sending you 1
2024-10-14 17:26:42.036348 Juliett: Sierra, November, Bravo and Mike, sending you 3
2024-10-14 17:26:42.038745 Delta: Bravo and Mike, sending you 3
2024-10-14 17:26:42.039426 Mike: Delta and Juliett, sending you 4
2024-10-14 17:26:42.040665 Juliett: Delta, sending you 4
chatterbot Sierra submitting transactions
chatterbot Uniform submitting transactions
chatterbot Yankee submitting transactions
chatterbot Victor submitting transactions
chatterbot November submitting transactions
chatterbot Delta submitting transactions
chatterbot Foxtrot submitting transactions
chatterbot Bravo submitting transactions
chatterbot Mike submitting transactions
chatterbot Juliett submitting transactions
ChatterBot Foxtrot round 12
ChatterBot Sierra round 12
ChatterBot Victor round 12
ChatterBot Delta round 12
ChatterBot Juliett round 12
ChatterBot Yankee round 12
ChatterBot November round 12
ChatterBot Uniform round 12
ChatterBot Bravo round 12
ChatterBot Mike round 12
2024-10-14 17:26:43.161225 Sierra: Delta and Bravo, sending you 1
2024-10-14 17:26:43.165667 Sierra: Juliett, sending you 4
2024-10-14 17:26:43.166679 November: Same as last round
2024-10-14 17:26:43.170693 Sierra: November, sending you 3
2024-10-14 17:26:43.171728 Victor: Same as last round
2024-10-14 17:26:43.172878 Juliett: Foxtrot, sending you 2
2024-10-14 17:26:43.173934 Uniform: Same as last round
2024-10-14 17:26:43.174672 Bravo: Sierra, sending you 1
2024-10-14 17:26:43.175139 Sierra: Mike, sending you 2
2024-10-14 17:26:43.175689 Delta: Sierra, sending you 1
2024-10-14 17:26:43.176910 Juliett: Sierra, November, Bravo and Mike, sending you 3
2024-10-14 17:26:43.177722 Foxtrot: Juliett and November, sending you 2
2024-10-14 17:26:43.178719 Bravo: Delta, Juliett and Mike, sending you 3
2024-10-14 17:26:43.180682 Juliett: Delta, sending you 4
2024-10-14 17:26:43.181883 Delta: Juliett, sending you 4
2024-10-14 17:26:43.182606 Foxtrot: Bravo and Mike, sending you 1
2024-10-14 17:26:43.184155 Bravo: November, sending you 2
2024-10-14 17:26:43.184705 Delta: November, sending you 2
2024-10-14 17:26:43.188659 Mike: Sierra, November and Bravo, sending you 3
2024-10-14 17:26:43.189668 Delta: Bravo and Mike, sending you 3
2024-10-14 17:26:43.191669 Mike: Delta and Juliett, sending you 4
chatterbot Victor submitting transactions
chatterbot Yankee submitting transactions
chatterbot Delta submitting transactions
chatterbot Sierra submitting transactions
chatterbot Juliett submitting transactions
chatterbot Mike submitting transactions
chatterbot Uniform submitting transactions
chatterbot Foxtrot submitting transactions
chatterbot November submitting transactions
chatterbot Bravo submitting transactions
ChatterBot Foxtrot round 13
ChatterBot Sierra round 13
ChatterBot Victor round 13
ChatterBot Delta round 13
ChatterBot Juliett round 13
ChatterBot Yankee round 13
ChatterBot November round 13
ChatterBot Uniform round 13
ChatterBot Bravo round 13
ChatterBot Mike round 13
2024-10-14 17:26:44.313610 Bravo: We should add Foxtrot
2024-10-14 17:26:44.329919 Sierra: No
2024-10-14 17:26:44.330134 Delta: Yes
2024-10-14 17:26:44.330360 Juliett: Yes
2024-10-14 17:26:44.330589 November: Yes
2024-10-14 17:26:44.330814 Mike: No
ChatterBot Bravo reevaluating
ChatterBot Bravo reevaluating
ChatterBot Bravo reevaluating
ChatterBot Bravo reevaluating
ChatterBot Bravo reevaluating
2024-10-14 17:26:44.417272 Yankee: We should drop Uniform
2024-10-14 17:26:44.420105 Victor: No
ChatterBot Yankee reevaluating
2024-10-14 17:26:44.426664 Foxtrot: Juliett and November, sending you 2
2024-10-14 17:26:44.427656 Bravo: Foxtrot we want you to join our group
2024-10-14 17:26:44.432579 Foxtrot: No
ChatterBot Bravo reevaluating
2024-10-14 17:26:44.455744 Delta: Sierra, sending you 1
2024-10-14 17:26:44.457821 Foxtrot: Bravo and Mike, sending you 1
2024-10-14 17:26:44.460701 Delta: Juliett, sending you 4
2024-10-14 17:26:44.463161 Juliett: Foxtrot, sending you 2
2024-10-14 17:26:44.466055 November: Same as last round
2024-10-14 17:26:44.469062 Uniform: Same as last round
2024-10-14 17:26:44.469632 Mike: Sierra, November and Bravo, sending you 3
2024-10-14 17:26:44.470561 Victor: Same as last round
2024-10-14 17:26:44.470944 Sierra: Delta and Bravo, sending you 1
2024-10-14 17:26:44.472127 Delta: November, sending you 2
2024-10-14 17:26:44.473359 Juliett: Sierra, November, Bravo and Mike, sending you 3
2024-10-14 17:26:44.475102 Mike: Delta and Juliett, sending you 4
2024-10-14 17:26:44.475928 Sierra: Juliett, sending you 4
2024-10-14 17:26:44.477687 Delta: Bravo and Mike, sending you 3
2024-10-14 17:26:44.478663 Juliett: Delta, sending you 4
2024-10-14 17:26:44.480691 Sierra: November, sending you 3
2024-10-14 17:26:44.485668 Sierra: Mike, sending you 2
2024-10-14 17:26:44.495695 Bravo: Foxtrot and Sierra, sending you 1
2024-10-14 17:26:44.502453 Bravo: Delta and Juliett, sending you 3
2024-10-14 17:26:44.507683 Bravo: November and Mike, sending you 2
chatterbot Foxtrot submitting transactions
chatterbot Juliett submitting transactions
chatterbot November submitting transactions
chatterbot Sierra submitting transactions
chatterbot Mike submitting transactions
chatterbot Uniform submitting transactions
chatterbot Bravo submitting transactions
chatterbot Delta submitting transactions
chatterbot Victor submitting transactions
chatterbot Yankee submitting transactions
ChatterBot Foxtrot round 14
ChatterBot Sierra round 14
ChatterBot Victor round 14
ChatterBot Delta round 14
ChatterBot Juliett round 14
ChatterBot Yankee round 14
ChatterBot November round 14
ChatterBot Uniform round 14
ChatterBot Bravo round 14
2024-10-14 17:26:45.580237 Foxtrot: We should add Sierra
ChatterBot Bravo reevaluating
2024-10-14 17:26:45.598444 November: Yes
2024-10-14 17:26:45.598817 Delta: Yes
2024-10-14 17:26:45.599603 Bravo: Yes
2024-10-14 17:26:45.599829 Mike: Yes
2024-10-14 17:26:45.599963 Juliett: Yes
ChatterBot Bravo reevaluating
ChatterBot Bravo reevaluating
ChatterBot Bravo reevaluating
ChatterBot Bravo reevaluating
ChatterBot Mike round 14
2024-10-14 17:26:45.691075 Foxtrot: Sierra we want you to join our group
2024-10-14 17:26:45.695656 Sierra: No
ChatterBot Bravo reevaluating
2024-10-14 17:26:45.725680 Victor: Same as last round
2024-10-14 17:26:45.726154 November: Foxtrot, Sierra, Delta, Juliett, Bravo and Mike, sending you 3
2024-10-14 17:26:45.728131 Delta: Sierra, sending you 1
2024-10-14 17:26:45.729517 Juliett: Foxtrot, sending you 2
2024-10-14 17:26:45.732692 Delta: Juliett, sending you 4
2024-10-14 17:26:45.734322 Juliett: Sierra, November, Bravo and Mike, sending you 3
2024-10-14 17:26:45.735839 Uniform: Same as last round
2024-10-14 17:26:45.737700 Delta: November, sending you 2
2024-10-14 17:26:45.738941 Foxtrot: Juliett, sending you 2
2024-10-14 17:26:45.740814 Juliett: Delta, sending you 4
2024-10-14 17:26:45.742015 Bravo: Foxtrot and Sierra, sending you 1
2024-10-14 17:26:45.743500 Sierra: Delta and Bravo, sending you 1
2024-10-14 17:26:45.744227 Delta: Bravo and Mike, sending you 3
2024-10-14 17:26:45.745303 Foxtrot: November, sending you 3
2024-10-14 17:26:45.747056 Bravo: Delta and Juliett, sending you 3
2024-10-14 17:26:45.748362 Sierra: Juliett, November and Mike, sending you 3
2024-10-14 17:26:45.751681 Foxtrot: Bravo, sending you 1
2024-10-14 17:26:45.753771 Mike: Sierra, November and Bravo, sending you 3
2024-10-14 17:26:45.754904 Bravo: November and Mike, sending you 2
2024-10-14 17:26:45.757679 Mike: Delta and Juliett, sending you 4
chatterbot Victor submitting transactions
chatterbot Delta submitting transactions
chatterbot Foxtrot submitting transactions
chatterbot Yankee submitting transactions
chatterbot Juliett submitting transactions
chatterbot Sierra submitting transactions
chatterbot Uniform submitting transactions
chatterbot November submitting transactions
chatterbot Bravo submitting transactions
chatterbot Mike submitting transactions
ChatterBot Foxtrot round 15
ChatterBot Sierra round 15
ChatterBot Victor round 15
ChatterBot Delta round 15
ChatterBot Juliett round 15
ChatterBot Yankee round 15
ChatterBot November round 15
ChatterBot Uniform round 15
ChatterBot Bravo round 15
ChatterBot Mike round 15
2024-10-14 17:26:47.046955 Delta: Sierra, sending you 1
2024-10-14 17:26:47.049692 Uniform: Same as last round
2024-10-14 17:26:47.050678 Delta: Juliett, sending you 4
2024-10-14 17:26:47.052691 Foxtrot: Juliett, sending you 2
2024-10-14 17:26:47.055978 Juliett: Foxtrot, sending you 2
2024-10-14 17:26:47.058779 Bravo: Foxtrot and Sierra, sending you 1
2024-10-14 17:26:47.062267 Delta: November, sending you 2
2024-10-14 17:26:47.064646 Sierra: Delta and Bravo, sending you 1
2024-10-14 17:26:47.066705 Victor: Same as last round
2024-10-14 17:26:47.067131 Foxtrot: November, sending you 3
2024-10-14 17:26:47.069842 Juliett: Sierra, November, Bravo and Mike, sending you 3
2024-10-14 17:26:47.072501 Bravo: Delta and Juliett, sending you 3
