ChatterBot Mike round 1
ChatterBot November round 1
ChatterBot Papa round 1
ChatterBot Zulu round 1
ChatterBot Golf round 1
ChatterBot Bravo round 1
ChatterBot Hotel round 1
ChatterBot Quebec round 1
ChatterBot Sierra round 1
ChatterBot Yankee round 1
randomSelections Papa: {Papa, November, Golf, Yankee, Sierra, Hotel} 
2024-10-14 17:26:28.649940 Papa: Group up?
ChatterBot November reevaluating
ChatterBot Golf reevaluating
ChatterBot Yankee reevaluating
ChatterBot Sierra reevaluating
ChatterBot Hotel reevaluating
2024-10-14 17:26:28.660741 November: Yes
2024-10-14 17:26:28.661418 Golf: Yes
2024-10-14 17:26:28.661539 Yankee: Yes
2024-10-14 17:26:28.661671 Sierra: Yes
2024-10-14 17:26:28.661822 Hotel: Yes
ChatterBot Golf reevaluating
ChatterBot Yankee reevaluating
ChatterBot Sierra reevaluating
ChatterBot Hotel reevaluating
ChatterBot November reevaluating
ChatterBot Yankee reevaluating
ChatterBot Sierra reevaluating
ChatterBot Hotel reevaluating
ChatterBot November reevaluating
ChatterBot Golf reevaluating
ChatterBot Sierra reevaluating
ChatterBot Hotel reevaluating
ChatterBot November reevaluating
ChatterBot Golf reevaluating
ChatterBot Yankee reevaluating
ChatterBot Hotel reevaluating
ChatterBot November reevaluating
ChatterBot Golf reevaluating
ChatterBot Yankee reevaluating
ChatterBot Sierra reevaluating
randomSelections Mike: {Mike, Golf, Quebec, Yankee, Zulu, Papa} 
2024-10-14 17:26:28.712127 Mike: Let's form a team
ChatterBot Golf reevaluating
ChatterBot Quebec reevaluating
ChatterBot Yankee reevaluating
ChatterBot Zulu reevaluating
2024-10-14 17:26:28.725921 Golf: No
2024-10-14 17:26:28.727233 Quebec: Yes
2024-10-14 17:26:28.727625 Yankee: No
2024-10-14 17:26:28.728113 Zulu: Yes
2024-10-14 17:26:28.728387 Papa: No
ChatterBot Quebec reevaluating
ChatterBot Yankee reevaluating
ChatterBot Zulu reevaluating
ChatterBot Golf reevaluating
ChatterBot Yankee reevaluating
ChatterBot Zulu reevaluating
ChatterBot Golf reevaluating
ChatterBot Quebec reevaluating
ChatterBot Zulu reevaluating
ChatterBot Golf reevaluating
ChatterBot Quebec reevaluating
ChatterBot Yankee reevaluating
ChatterBot Golf reevaluating
ChatterBot Quebec reevaluating
ChatterBot Yankee reevaluating
ChatterBot Zulu reevaluating
randomSelections Bravo: {Bravo, Papa, Hotel, Golf, Sierra, Quebec} 
2024-10-14 17:26:28.809642 Bravo: Friends?
ChatterBot Hotel reevaluating
ChatterBot Golf reevaluating
ChatterBot Sierra reevaluating
ChatterBot Quebec reevaluating
2024-10-14 17:26:28.821035 Papa: No
2024-10-14 17:26:28.821263 Hotel: No
2024-10-14 17:26:28.821902 Golf: No
2024-10-14 17:26:28.822049 Sierra: No
2024-10-14 17:26:28.822192 Quebec: No
ChatterBot Hotel reevaluating
ChatterBot Golf reevaluating
ChatterBot Sierra reevaluating
ChatterBot Quebec reevaluating
ChatterBot Golf reevaluating
ChatterBot Sierra reevaluating
ChatterBot Quebec reevaluating
ChatterBot Hotel reevaluating
ChatterBot Sierra reevaluating
ChatterBot Quebec reevaluating
ChatterBot Hotel reevaluating
ChatterBot Golf reevaluating
ChatterBot Quebec reevaluating
ChatterBot Hotel reevaluating
ChatterBot Golf reevaluating
ChatterBot Sierra reevaluating
2024-10-14 17:26:28.901249 Papa: November and Sierra, sending you 4
2024-10-14 17:26:28.902158 Hotel: November, Papa, Golf and Yankee, sending you 1
2024-10-14 17:26:28.902502 Bravo: Papa and Golf, sending you 4
2024-10-14 17:26:28.902840 November: Papa and Sierra, sending you 2
2024-10-14 17:26:28.904686 Papa: Golf and Hotel, sending you 1
2024-10-14 17:26:28.905544 Hotel: Sierra, sending you 2
2024-10-14 17:26:28.905890 Bravo: Hotel and Quebec, sending you 2
2024-10-14 17:26:28.907174 Yankee: November, sending you 3
2024-10-14 17:26:28.907651 Quebec: Mike, sending you 2
2024-10-14 17:26:28.908094 November: Golf, Hotel and Yankee, sending you 3
2024-10-14 17:26:28.909200 Golf: Papa, sending you 3
2024-10-14 17:26:28.909588 Papa: Yankee, sending you 3
2024-10-14 17:26:28.909940 Mike: Papa and Golf, sending you 3
2024-10-14 17:26:28.911660 Yankee: Papa and Golf, sending you 4
2024-10-14 17:26:28.912182 Quebec: Papa, sending you 1
2024-10-14 17:26:28.913646 Golf: Hotel, sending you 2
2024-10-14 17:26:28.913976 Zulu: Mike, sending you 2
2024-10-14 17:26:28.915734 Sierra: November, Papa, Golf and Hotel, sending you 2
2024-10-14 17:26:28.916267 Mike: Zulu and Yankee, sending you 1
2024-10-14 17:26:28.916690 Yankee: Hotel, sending you 2
2024-10-14 17:26:28.917721 Golf: Sierra, sending you 1
2024-10-14 17:26:28.918178 Zulu: Papa, sending you 5
2024-10-14 17:26:28.919274 Quebec: Zulu, sending you 5
2024-10-14 17:26:28.919713 Sierra: Yankee, sending you 1
2024-10-14 17:26:28.920156 Mike: Quebec, sending you 2
2024-10-14 17:26:28.922972 Yankee: Sierra, sending you 5
2024-10-14 17:26:28.923540 Zulu: Quebec, sending you 3
2024-10-14 17:26:28.924003 Quebec: Golf and Yankee, sending you 3
chatterbot Yankee submitting transactions
chatterbot Golf submitting transactions
chatterbot Mike submitting transactions
chatterbot Bravo submitting transactions
chatterbot November submitting transactions
chatterbot Sierra submitting transactions
chatterbot Papa submitting transactions
chatterbot Zulu submitting transactions
chatterbot Hotel submitting transactions
chatterbot Quebec submitting transactions
ChatterBot Mike round 2
ChatterBot November round 2
ChatterBot Papa round 2
ChatterBot Zulu round 2
ChatterBot Golf round 2
ChatterBot Bravo round 2
ChatterBot Hotel round 2
ChatterBot Quebec round 2
ChatterBot Sierra round 2
ChatterBot Yankee round 2
2024-10-14 17:26:30.493877 Yankee: We should add Bravo
ChatterBot Papa reevaluating
ChatterBot November reevaluating
ChatterBot Golf reevaluating
ChatterBot Sierra reevaluating
2024-10-14 17:26:30.523082 Papa: Yes
2024-10-14 17:26:30.523771 November: No
2024-10-14 17:26:30.523903 Golf: No
2024-10-14 17:26:30.524024 Sierra: No
2024-10-14 17:26:30.524206 Hotel: No
ChatterBot November reevaluating
ChatterBot Golf reevaluating
ChatterBot Sierra reevaluating
ChatterBot Papa reevaluating
ChatterBot Golf reevaluating
ChatterBot Sierra reevaluating
ChatterBot Papa reevaluating
ChatterBot November reevaluating
ChatterBot Yankee reevaluating
ChatterBot Sierra reevaluating
ChatterBot Papa reevaluating
ChatterBot November reevaluating
ChatterBot Golf reevaluating
ChatterBot Yankee reevaluating
ChatterBot Papa reevaluating
ChatterBot November reevaluating
ChatterBot Golf reevaluating
ChatterBot Yankee reevaluating
ChatterBot Sierra reevaluating
2024-10-14 17:26:30.727173 Mike: We should group up
ChatterBot Zulu reevaluating
ChatterBot Quebec reevaluating
2024-10-14 17:26:30.742621 Zulu: Yes
2024-10-14 17:26:30.743004 Quebec: Yes
ChatterBot Quebec reevaluating
ChatterBot Zulu reevaluating
2024-10-14 17:26:30.765336 Quebec: We should group up
ChatterBot Zulu reevaluating
ChatterBot Bravo reevaluating
2024-10-14 17:26:30.784806 Mike: No
2024-10-14 17:26:30.785159 Zulu: No
2024-10-14 17:26:30.785945 Bravo: Yes
ChatterBot Quebec reevaluating
ChatterBot Zulu reevaluating
ChatterBot Bravo reevaluating
ChatterBot Quebec reevaluating
ChatterBot Bravo reevaluating
ChatterBot Quebec reevaluating
ChatterBot Zulu reevaluating
2024-10-14 17:26:30.835527 Zulu: Can we be friends?
ChatterBot Quebec reevaluating
ChatterBot Bravo reevaluating
2024-10-14 17:26:30.853405 Quebec: Yes
2024-10-14 17:26:30.854771 Mike: No
2024-10-14 17:26:30.855309 Bravo: Yes
ChatterBot Zulu reevaluating
ChatterBot Bravo reevaluating
ChatterBot Quebec reevaluating
ChatterBot Zulu reevaluating
ChatterBot Bravo reevaluating
ChatterBot Quebec reevaluating
ChatterBot Mike reevaluating
ChatterBot Zulu reevaluating
2024-10-14 17:26:30.929791 Hotel: We should drop Golf
ChatterBot November reevaluating
ChatterBot Papa reevaluating
ChatterBot Sierra reevaluating
ChatterBot Yankee reevaluating
2024-10-14 17:26:30.950656 November: No
2024-10-14 17:26:30.950848 Papa: No
2024-10-14 17:26:30.951008 Sierra: No
2024-10-14 17:26:30.951156 Yankee: No
ChatterBot Papa reevaluating
ChatterBot Sierra reevaluating
ChatterBot Yankee reevaluating
ChatterBot November reevaluating
ChatterBot Sierra reevaluating
ChatterBot Yankee reevaluating
ChatterBot November reevaluating
ChatterBot Papa reevaluating
ChatterBot Yankee reevaluating
ChatterBot November reevaluating
ChatterBot Papa reevaluating
ChatterBot Sierra reevaluating
2024-10-14 17:26:31.043776 Golf: We should drop Hotel
ChatterBot Papa reevaluating
ChatterBot Yankee reevaluating
2024-10-14 17:26:31.062824 November: No
2024-10-14 17:26:31.063058 Papa: No
2024-10-14 17:26:31.063572 Sierra: No
2024-10-14 17:26:31.063729 Yankee: No
ChatterBot Papa reevaluating
ChatterBot Sierra reevaluating
ChatterBot Yankee reevaluating
ChatterBot Sierra reevaluating
ChatterBot Yankee reevaluating
ChatterBot Papa reevaluating
ChatterBot Yankee reevaluating
ChatterBot Papa reevaluating
ChatterBot Sierra reevaluating
2024-10-14 17:26:31.200363 Mike: Zulu, sending you 4
2024-10-14 17:26:31.200689 Bravo: Sending you each 4
2024-10-14 17:26:31.201503 Zulu: Mike, sending you 2
2024-10-14 17:26:31.201964 Papa: Bravo we want you to join our group
2024-10-14 17:26:31.206223 Bravo: No
2024-10-14 17:26:31.234159 Mike: Bravo and Quebec, sending you 3
2024-10-14 17:26:31.234639 Zulu: Quebec, sending you 8
2024-10-14 17:26:31.277619 Quebec: Mike and Zulu, sending you 5
2024-10-14 17:26:31.278207 November: Papa, sending you 4
2024-10-14 17:26:31.278779 Golf: November, Sierra and Yankee, sending you 5
2024-10-14 17:26:31.280162 Hotel: November, sending you 5
2024-10-14 17:26:31.280587 Yankee: November and Papa, sending you 7
2024-10-14 17:26:31.345297 November: Golf, sending you 1
2024-10-14 17:26:31.346430 Quebec: Bravo, sending you 4
2024-10-14 17:26:31.346810 Golf: Papa, sending you 4
2024-10-14 17:26:31.347216 Hotel: Papa, Sierra and Yankee, sending you 4
2024-10-14 17:26:31.348203 Papa: November, Golf, Bravo, Hotel and Sierra, sending you 2
2024-10-14 17:26:31.348823 Sierra: November, Papa, Hotel and Yankee, sending you 2
2024-10-14 17:26:31.349993 Yankee: Hotel and Sierra, sending you 2
chatterbot Quebec submitting transactions
chatterbot Golf submitting transactions
2024-10-14 17:26:31.351489 November: Hotel, sending you 2
2024-10-14 17:26:31.357763 Papa: Yankee, sending you 3
2024-10-14 17:26:31.358818 Sierra: Golf, sending you 1
2024-10-14 17:26:31.359281 November: Sierra and Yankee, sending you 3
chatterbot Zulu submitting transactions
chatterbot Bravo submitting transactions
chatterbot Papa submitting transactions
chatterbot Sierra submitting transactions
chatterbot Yankee submitting transactions
chatterbot November submitting transactions
chatterbot Mike submitting transactions
chatterbot Hotel submitting transactions
ChatterBot Mike round 3
ChatterBot November round 3
ChatterBot Papa round 3
ChatterBot Zulu round 3
ChatterBot Golf round 3
ChatterBot Bravo round 3
ChatterBot Hotel round 3
ChatterBot Quebec round 3
ChatterBot Sierra round 3
ChatterBot Yankee round 3
2024-10-14 17:26:32.000917 Golf: We should replace Papa with Hotel
2024-10-14 17:26:32.009523 November: No
2024-10-14 17:26:32.010203 Sierra: No
2024-10-14 17:26:32.010412 Yankee: No
ChatterBot Golf reevaluating
ChatterBot Golf reevaluating
ChatterBot Golf reevaluating
2024-10-14 17:26:32.045026 Hotel: We should replace Papa with Golf
2024-10-14 17:26:32.052484 November: No
2024-10-14 17:26:32.052654 Sierra: No
2024-10-14 17:26:32.052796 Yankee: No
2024-10-14 17:26:32.077974 Papa: We should drop Bravo
ChatterBot Golf reevaluating
2024-10-14 17:26:32.088971 November: Yes
2024-10-14 17:26:32.089156 Golf: Yes
2024-10-14 17:26:32.089269 Yankee: Yes
2024-10-14 17:26:32.089743 Sierra: Yes
2024-10-14 17:26:32.089854 Hotel: Yes
ChatterBot Golf reevaluating
ChatterBot Golf reevaluating
ChatterBot Golf reevaluating
ChatterBot Golf reevaluating
2024-10-14 17:26:32.147483 Golf: We should replace Sierra with Hotel
2024-10-14 17:26:32.154061 November: No
2024-10-14 17:26:32.154206 Papa: No
2024-10-14 17:26:32.154379 Yankee: No
ChatterBot Golf reevaluating
ChatterBot Golf reevaluating
ChatterBot Golf reevaluating
2024-10-14 17:26:32.177436 Hotel: Golf we want you to join our group
ChatterBot Golf reevaluating
2024-10-14 17:26:32.180745 Golf: No
2024-10-14 17:26:32.195110 November: Papa, Golf, Hotel and Yankee, sending you 3
2024-10-14 17:26:32.195719 Zulu: Mike, sending you 3
2024-10-14 17:26:32.196194 Golf: Hotel we want you to join our group
2024-10-14 17:26:32.200026 Hotel: No
2024-10-14 17:26:32.213764 Mike: Zulu and Bravo, sending you 3
2024-10-14 17:26:32.214234 Bravo: Mike, sending you 5
2024-10-14 17:26:32.214817 Zulu: Bravo, sending you 2
2024-10-14 17:26:32.215121 November: Sierra, sending you 1
2024-10-14 17:26:32.218055 Mike: Quebec, sending you 4
2024-10-14 17:26:32.218377 Papa: November, Golf and Yankee, sending you 3
2024-10-14 17:26:32.218838 Sierra: November, sending you 1
2024-10-14 17:26:32.219236 Hotel: November, Sierra and Yankee, sending you 5
2024-10-14 17:26:32.219904 Bravo: Zulu, sending you 1
2024-10-14 17:26:32.220167 Zulu: Quebec, sending you 5
2024-10-14 17:26:32.220375 Quebec: Mike and Bravo, sending you 4
2024-10-14 17:26:32.220670 Yankee: November, Papa, Golf and Hotel, sending you 4
2024-10-14 17:26:32.221697 Papa: Hotel and Sierra, sending you 2
2024-10-14 17:26:32.222681 Quebec: Zulu, sending you 5
2024-10-14 17:26:32.223665 Sierra: Papa, Golf, Hotel and Yankee, sending you 2
2024-10-14 17:26:32.224195 Hotel: Golf, sending you 4
2024-10-14 17:26:32.224508 Bravo: Quebec, sending you 6
2024-10-14 17:26:32.225684 Yankee: Sierra, sending you 2
2024-10-14 17:26:32.234821 Golf: November, Papa and Yankee, sending you 5
2024-10-14 17:26:32.237686 Golf: Hotel, sending you 4
chatterbot Quebec submitting transactions
chatterbot November submitting transactions
chatterbot Mike submitting transactions
chatterbot Bravo submitting transactions
chatterbot Yankee submitting transactions
chatterbot Hotel submitting transactions
chatterbot Sierra submitting transactions
chatterbot Golf submitting transactions
chatterbot Zulu submitting transactions
chatterbot Papa submitting transactions
ChatterBot Mike round 4
ChatterBot November round 4
ChatterBot Papa round 4
ChatterBot Zulu round 4
ChatterBot Golf round 4
ChatterBot Bravo round 4
ChatterBot Hotel round 4
ChatterBot Quebec round 4
ChatterBot Sierra round 4
ChatterBot Yankee round 4
2024-10-14 17:26:33.273238 Golf: We should replace November with Sierra
2024-10-14 17:26:33.280948 Papa: No
2024-10-14 17:26:33.281150 Hotel: No
2024-10-14 17:26:33.281302 Yankee: No
ChatterBot Golf reevaluating
ChatterBot Hotel reevaluating
ChatterBot Golf reevaluating
ChatterBot Golf reevaluating
ChatterBot Hotel reevaluating
2024-10-14 17:26:33.328699 Mike: Zulu and Bravo, sending you 3
2024-10-14 17:26:33.329256 Hotel: Papa we want you to join our group
2024-10-14 17:26:33.333101 Papa: Yes
ChatterBot Hotel reevaluating
ChatterBot Golf reevaluating
2024-10-14 17:26:33.342227 Hotel: We should replace Golf with Papa
2024-10-14 17:26:33.347958 November: No
2024-10-14 17:26:33.348111 Sierra: No
2024-10-14 17:26:33.348227 Yankee: No
ChatterBot Hotel reevaluating
ChatterBot Hotel reevaluating
ChatterBot Hotel reevaluating
2024-10-14 17:26:33.366306 Mike: Quebec, sending you 4
2024-10-14 17:26:33.366684 Golf: Sierra we want you to join our group
2024-10-14 17:26:33.368732 Sierra: Yes
ChatterBot Hotel reevaluating
ChatterBot Golf reevaluating
2024-10-14 17:26:33.377917 Papa: November, Golf and Yankee, sending you 3
2024-10-14 17:26:33.378720 Bravo: Mike, sending you 4
2024-10-14 17:26:33.379005 Yankee: November, Papa, Golf and Hotel, sending you 4
2024-10-14 17:26:33.379360 November: Papa, Golf, Hotel and Yankee, sending you 3
2024-10-14 17:26:33.379707 Zulu: Mike, sending you 3
2024-10-14 17:26:33.381717 Papa: Hotel and Sierra, sending you 2
2024-10-14 17:26:33.382387 Bravo: Zulu, sending you 2
2024-10-14 17:26:33.382848 November: Sierra, sending you 1
2024-10-14 17:26:33.383684 Yankee: Sierra, sending you 2
2024-10-14 17:26:33.384663 Zulu: Bravo, sending you 2
2024-10-14 17:26:33.385013 Quebec: Mike and Bravo, sending you 4
2024-10-14 17:26:33.385386 Sierra: Sending you each 2
2024-10-14 17:26:33.387682 Bravo: Quebec, sending you 6
2024-10-14 17:26:33.388906 Zulu: Quebec, sending you 5
2024-10-14 17:26:33.389702 Quebec: Zulu, sending you 5
2024-10-14 17:26:33.407656 Golf: Papa, Sierra and Yankee, sending you 5
2024-10-14 17:26:33.408689 Hotel: Papa, sending you 4
2024-10-14 17:26:33.410692 Golf: Hotel, sending you 4
2024-10-14 17:26:33.411701 Hotel: Golf, Sierra and Yankee, sending you 5
chatterbot November submitting transactions
chatterbot Papa submitting transactions
chatterbot Yankee submitting transactions
chatterbot Mike submitting transactions
chatterbot Bravo submitting transactions
chatterbot Sierra submitting transactions
chatterbot Quebec submitting transactions
chatterbot Hotel submitting transactions
chatterbot Golf submitting transactions
chatterbot Zulu submitting transactions
ChatterBot Mike round 5
ChatterBot November round 5
ChatterBot Papa round 5
ChatterBot Zulu round 5
ChatterBot Golf round 5
ChatterBot Bravo round 5
ChatterBot Hotel round 5
ChatterBot Quebec round 5
ChatterBot Sierra round 5
2024-10-14 17:26:34.480938 Golf: We should replace Papa with November
ChatterBot Hotel reevaluating
2024-10-14 17:26:34.488020 Hotel: Yes
2024-10-14 17:26:34.488201 Sierra: No
2024-10-14 17:26:34.488328 Yankee: No
ChatterBot Golf reevaluating
ChatterBot Hotel reevaluating
ChatterBot Golf reevaluating
ChatterBot Hotel reevaluating
ChatterBot Golf reevaluating
ChatterBot Yankee round 5
2024-10-14 17:26:34.531680 Hotel: November we want you to join our group
2024-10-14 17:26:34.534832 November: Yes
ChatterBot Hotel reevaluating
ChatterBot Golf reevaluating
2024-10-14 17:26:34.550679 Papa: November, Golf and Yankee, sending you 3
2024-10-14 17:26:34.551167 Mike: Zulu and Bravo, sending you 3
2024-10-14 17:26:34.551468 Zulu: Mike, sending you 3
2024-10-14 17:26:34.551745 November: Papa, sending you 3
2024-10-14 17:26:34.552645 Quebec: Sending you each 4
2024-10-14 17:26:34.553677 Golf: November we want you to join our group
2024-10-14 17:26:34.555828 November: Yes
ChatterBot Hotel reevaluating
ChatterBot Golf reevaluating
2024-10-14 17:26:34.564561 Golf: We should replace Sierra with November
ChatterBot Hotel reevaluating
2024-10-14 17:26:34.571074 Papa: No
2024-10-14 17:26:34.571317 Hotel: No
2024-10-14 17:26:34.571444 Yankee: No
ChatterBot Golf reevaluating
ChatterBot Hotel reevaluating
ChatterBot Golf reevaluating
ChatterBot Golf reevaluating
ChatterBot Hotel reevaluating
2024-10-14 17:26:34.590358 Sierra: November and Hotel, sending you 1
2024-10-14 17:26:34.590910 Papa: Hotel and Sierra, sending you 2
2024-10-14 17:26:34.591267 Mike: Quebec, sending you 4
2024-10-14 17:26:34.591556 Zulu: Bravo, sending you 2
2024-10-14 17:26:34.591790 November: Golf, Hotel and Sierra, sending you 2
2024-10-14 17:26:34.593678 Sierra: Papa, Golf and Yankee, sending you 2
2024-10-14 17:26:34.594694 Yankee: November, Papa, Golf and Hotel, sending you 4
2024-10-14 17:26:34.595221 Zulu: Quebec, sending you 5
2024-10-14 17:26:34.595552 November: Yankee, sending you 4
2024-10-14 17:26:34.596672 Bravo: Mike, sending you 4
2024-10-14 17:26:34.598671 Yankee: Sierra, sending you 2
2024-10-14 17:26:34.600661 Bravo: Zulu, sending you 2
2024-10-14 17:26:34.604075 Bravo: Quebec, sending you 6
2024-10-14 17:26:34.620675 Golf: November, Papa and Yankee, sending you 5
2024-10-14 17:26:34.625663 Golf: Hotel, sending you 4
2024-10-14 17:26:34.626673 Hotel: November, Golf and Yankee, sending you 5
2024-10-14 17:26:34.630681 Hotel: Sierra, sending you 4
chatterbot Zulu submitting transactions
chatterbot Quebec submitting transactions
chatterbot Bravo submitting transactions
chatterbot Yankee submitting transactions
chatterbot Hotel submitting transactions
chatterbot Papa submitting transactions
chatterbot Sierra submitting transactions
chatterbot November submitting transactions
chatterbot Mike submitting transactions
chatterbot Golf submitting transactions
ChatterBot Mike round 6
ChatterBot November round 6
ChatterBot Papa round 6
ChatterBot Zulu round 6
ChatterBot Golf round 6
ChatterBot Bravo round 6
ChatterBot Hotel round 6
ChatterBot Quebec round 6
ChatterBot Sierra round 6
ChatterBot Yankee round 6
2024-10-14 17:26:35.797773 Golf: We should replace Papa with Sierra
2024-10-14 17:26:35.804062 November: No
2024-10-14 17:26:35.804225 Hotel: Yes
2024-10-14 17:26:35.804352 Yankee: No
ChatterBot Golf reevaluating
ChatterBot Golf reevaluating
2024-10-14 17:26:35.832748 Mike: Zulu and Bravo, sending you 3
2024-10-14 17:26:35.836670 Golf: Sierra we want you to join our group
2024-10-14 17:26:35.839850 Sierra: Yes
ChatterBot Golf reevaluating
2024-10-14 17:26:35.850489 Mike: Quebec, sending you 4
2024-10-14 17:26:35.851032 Hotel: November, Golf and Yankee, sending you 5
2024-10-14 17:26:35.854679 Hotel: Sierra, sending you 4
2024-10-14 17:26:35.855099 Papa: November, Golf and Yankee, sending you 3
2024-10-14 17:26:35.856152 Quebec: Same as last round
2024-10-14 17:26:35.856515 Zulu: Mike, sending you 3
2024-10-14 17:26:35.856873 November: Papa, Golf, Hotel and Yankee, sending you 3
2024-10-14 17:26:35.857306 Sierra: November, Papa, Golf and Yankee, sending you 2
2024-10-14 17:26:35.857736 Yankee: November, Papa, Golf and Hotel, sending you 4
2024-10-14 17:26:35.859954 Papa: Hotel and Sierra, sending you 2
2024-10-14 17:26:35.860692 Zulu: Bravo, sending you 2
2024-10-14 17:26:35.861669 November: Sierra, sending you 1
2024-10-14 17:26:35.862261 Yankee: Sierra, sending you 2
2024-10-14 17:26:35.862848 Sierra: Hotel, sending you 1
2024-10-14 17:26:35.864689 Zulu: Quebec, sending you 5
2024-10-14 17:26:35.886665 Golf: November, Hotel and Yankee, sending you 5
2024-10-14 17:26:35.891920 Golf: Sierra, sending you 4
chatterbot November submitting transactions
chatterbot Golf submitting transactions
chatterbot Hotel submitting transactions
chatterbot Papa submitting transactions
chatterbot Sierra submitting transactions
chatterbot Mike submitting transactions
chatterbot Bravo submitting transactions
chatterbot Quebec submitting transactions
chatterbot Yankee submitting transactions
chatterbot Zulu submitting transactions
ChatterBot Mike round 7
ChatterBot November round 7
ChatterBot Papa round 7
ChatterBot Zulu round 7
ChatterBot Golf round 7
ChatterBot Bravo round 7
ChatterBot Hotel round 7
2024-10-14 17:26:37.069139 Papa: We should add Mike
ChatterBot Golf reevaluating
2024-10-14 17:26:37.083909 November: No
2024-10-14 17:26:37.084160 Golf: No
2024-10-14 17:26:37.084414 Yankee: No
2024-10-14 17:26:37.084743 Sierra: No
2024-10-14 17:26:37.085448 Hotel: No
ChatterBot Papa reevaluating
ChatterBot Golf reevaluating
ChatterBot Papa reevaluating
ChatterBot Hotel reevaluating
ChatterBot Papa reevaluating
ChatterBot Golf reevaluating
ChatterBot Hotel reevaluating
ChatterBot Papa reevaluating
ChatterBot Golf reevaluating
ChatterBot Hotel reevaluating
ChatterBot Papa reevaluating
ChatterBot Golf reevaluating
ChatterBot Quebec round 7
ChatterBot Sierra round 7
ChatterBot Yankee round 7
2024-10-14 17:26:37.180662 Papa: We should add Zulu
ChatterBot Golf reevaluating
ChatterBot Hotel reevaluating
2024-10-14 17:26:37.192281 November: No
2024-10-14 17:26:37.192429 Golf: No
2024-10-14 17:26:37.192538 Yankee: No
2024-10-14 17:26:37.192656 Sierra: No
2024-10-14 17:26:37.192776 Hotel: No
ChatterBot Papa reevaluating
ChatterBot Golf reevaluating
ChatterBot Hotel reevaluating
ChatterBot Papa reevaluating
ChatterBot Hotel reevaluating
ChatterBot Papa reevaluating
ChatterBot Golf reevaluating
ChatterBot Hotel reevaluating
ChatterBot Papa reevaluating
ChatterBot Golf reevaluating
ChatterBot Hotel reevaluating
ChatterBot Papa reevaluating
ChatterBot Golf reevaluating
2024-10-14 17:26:37.243351 Papa: We should add Quebec
ChatterBot Golf reevaluating
ChatterBot Hotel reevaluating
2024-10-14 17:26:37.253040 November: No
2024-10-14 17:26:37.253168 Golf: No
2024-10-14 17:26:37.253304 Yankee: No
2024-10-14 17:26:37.253411 Sierra: No
2024-10-14 17:26:37.253506 Hotel: No
ChatterBot Papa reevaluating
ChatterBot Golf reevaluating
ChatterBot Hotel reevaluating
ChatterBot Papa reevaluating
ChatterBot Hotel reevaluating
ChatterBot Papa reevaluating
ChatterBot Golf reevaluating
ChatterBot Hotel reevaluating
ChatterBot Papa reevaluating
ChatterBot Golf reevaluating
ChatterBot Hotel reevaluating
ChatterBot Papa reevaluating
ChatterBot Golf reevaluating
2024-10-14 17:26:37.305600 Golf: We should replace Sierra with Papa
ChatterBot Hotel reevaluating
2024-10-14 17:26:37.310945 November: No
2024-10-14 17:26:37.311069 Hotel: Yes
2024-10-14 17:26:37.311165 Yankee: No
ChatterBot Golf reevaluating
ChatterBot Hotel reevaluating
ChatterBot Golf reevaluating
ChatterBot Golf reevaluating
ChatterBot Hotel reevaluating
2024-10-14 17:26:37.343732 Hotel: Papa we want you to join our group
ChatterBot Papa reevaluating
2024-10-14 17:26:37.347227 Papa: Yes
ChatterBot Golf reevaluating
2024-10-14 17:26:37.361137 Mike: Zulu and Bravo, sending you 3
2024-10-14 17:26:37.361582 Yankee: November, Papa, Golf and Hotel, sending you 4
2024-10-14 17:26:37.362210 Quebec: Mike and Bravo, sending you 2
2024-10-14 17:26:37.362545 November: Papa, Hotel and Sierra, sending you 2
2024-10-14 17:26:37.363086 Zulu: Mike, sending you 3
2024-10-14 17:26:37.363495 Golf: Papa we want you to join our group
ChatterBot Papa reevaluating
2024-10-14 17:26:37.366737 Papa: Yes
ChatterBot Golf reevaluating
2024-10-14 17:26:37.377195 Sierra: November and Hotel, sending you 1
2024-10-14 17:26:37.377882 Mike: Quebec, sending you 4
2024-10-14 17:26:37.378246 Quebec: Zulu, sending you 3
2024-10-14 17:26:37.378918 Yankee: Sierra, sending you 2
2024-10-14 17:26:37.379471 November: Golf and Yankee, sending you 3
2024-10-14 17:26:37.380020 Zulu: Bravo, sending you 2
2024-10-14 17:26:37.380677 Sierra: Papa, Golf and Yankee, sending you 2
2024-10-14 17:26:37.382708 Hotel: November, Golf and Yankee, sending you 5
2024-10-14 17:26:37.384685 Zulu: Quebec, sending you 5
2024-10-14 17:26:37.387691 Hotel: Papa, sending you 4
chatterbot Golf submitting transactions
chatterbot Yankee submitting transactions
chatterbot Zulu submitting transactions
chatterbot Quebec submitting transactions
chatterbot Papa submitting transactions
chatterbot Mike submitting transactions
chatterbot Sierra submitting transactions
chatterbot Bravo submitting transactions
chatterbot November submitting transactions
chatterbot Hotel submitting transactions
ChatterBot Mike round 8
ChatterBot November round 8
ChatterBot Papa round 8
ChatterBot Zulu round 8
ChatterBot Golf round 8
ChatterBot Bravo round 8
ChatterBot Hotel round 8
ChatterBot Quebec round 8
ChatterBot Sierra round 8
ChatterBot Yankee round 8
2024-10-14 17:26:38.501808 Golf: We should replace Sierra with Yankee
2024-10-14 17:26:38.510247 November: No
2024-10-14 17:26:38.511026 Papa: No
2024-10-14 17:26:38.511300 Hotel: Yes
ChatterBot Golf reevaluating
ChatterBot Hotel reevaluating
ChatterBot Golf reevaluating
ChatterBot Hotel reevaluating
ChatterBot Golf reevaluating
2024-10-14 17:26:38.563662 Golf: We should replace November with Yankee
ChatterBot Hotel reevaluating
2024-10-14 17:26:38.571549 Papa: No
2024-10-14 17:26:38.571771 Hotel: Yes
2024-10-14 17:26:38.571949 Sierra: No
ChatterBot Golf reevaluating
ChatterBot Hotel reevaluating
ChatterBot Golf reevaluating
ChatterBot Golf reevaluating
ChatterBot Hotel reevaluating
2024-10-14 17:26:38.601207 Golf: We should replace Papa with Yankee
2024-10-14 17:26:38.607842 November: No
2024-10-14 17:26:38.607994 Hotel: No
2024-10-14 17:26:38.608099 Sierra: No
ChatterBot Golf reevaluating
ChatterBot Hotel reevaluating
ChatterBot Golf reevaluating
ChatterBot Golf reevaluating
ChatterBot Hotel reevaluating
2024-10-14 17:26:38.630086 Hotel: We should replace Golf with Sierra
2024-10-14 17:26:38.637065 November: No
2024-10-14 17:26:38.637210 Papa: No
2024-10-14 17:26:38.637338 Yankee: No
ChatterBot Hotel reevaluating
ChatterBot Hotel reevaluating
ChatterBot Hotel reevaluating
2024-10-14 17:26:38.659420 Mike: Zulu and Bravo, sending you 3
2024-10-14 17:26:38.660350 Golf: Yankee we want you to join our group
2024-10-14 17:26:38.662836 Yankee: Yes
ChatterBot Golf reevaluating
2024-10-14 17:26:38.672571 November: Papa and Sierra, sending you 2
2024-10-14 17:26:38.673429 Sierra: November, Papa and Golf, sending you 2
2024-10-14 17:26:38.674042 Zulu: Mike, sending you 4
2024-10-14 17:26:38.674410 Mike: Quebec, sending you 4
2024-10-14 17:26:38.675465 Yankee: November and Golf, sending you 4
2024-10-14 17:26:38.676003 Bravo: Mike, sending you 4
2024-10-14 17:26:38.676320 Quebec: Sending you each 4
2024-10-14 17:26:38.676646 Hotel: Sierra we want you to join our group
2024-10-14 17:26:38.679201 Sierra: Yes
2024-10-14 17:26:38.689158 November: Golf, Hotel and Yankee, sending you 3
2024-10-14 17:26:38.689728 Sierra: Hotel and Yankee, sending you 1
2024-10-14 17:26:38.690363 Zulu: Bravo, sending you 1
2024-10-14 17:26:38.690717 Yankee: Papa, sending you 3
2024-10-14 17:26:38.691645 Bravo: Zulu, sending you 3
2024-10-14 17:26:38.693653 Zulu: Quebec, sending you 5
2024-10-14 17:26:38.694706 Yankee: Hotel, sending you 5
2024-10-14 17:26:38.695336 Bravo: Quebec, sending you 5
2024-10-14 17:26:38.695624 Bravo: I was attacked by November
ChatterBot Quebec reevaluating
ChatterBot Mike reevaluating
ChatterBot Zulu reevaluating
2024-10-14 17:26:38.702543 Bravo: Ow
2024-10-14 17:26:38.703253 Yankee: Sierra, sending you 2
2024-10-14 17:26:38.704415 Yankee: I was attacked by Quebec
ChatterBot Papa reevaluating
ChatterBot November reevaluating
ChatterBot Golf reevaluating
ChatterBot Sierra reevaluating
ChatterBot Hotel reevaluating
2024-10-14 17:26:38.719465 Yankee: Ow
chatterbot Sierra submitting transactions
chatterbot Yankee submitting transactions
chatterbot Mike submitting transactions
chatterbot Papa submitting transactions
chatterbot Golf submitting transactions
chatterbot Zulu submitting transactions
chatterbot Hotel submitting transactions
chatterbot November submitting transactions
chatterbot Quebec submitting transactions
chatterbot Bravo submitting transactions
ChatterBot Mike round 9
ChatterBot November round 9
ChatterBot Papa round 9
ChatterBot Zulu round 9
ChatterBot Golf round 9
ChatterBot Bravo round 9
ChatterBot Hotel round 9
ChatterBot Quebec round 9
ChatterBot Sierra round 9
ChatterBot Yankee round 9
2024-10-14 17:26:39.838444 Golf: We should replace Papa with Yankee
ChatterBot Hotel reevaluating
2024-10-14 17:26:39.846097 November: No
2024-10-14 17:26:39.846272 Hotel: Yes
2024-10-14 17:26:39.846410 Sierra: No
ChatterBot Golf reevaluating
ChatterBot Hotel reevaluating
ChatterBot Golf reevaluating
ChatterBot Golf reevaluating
ChatterBot Hotel reevaluating
2024-10-14 17:26:39.896668 Hotel: Golf we want you to join our group
ChatterBot Golf reevaluating
2024-10-14 17:26:39.901253 Golf: Yes
ChatterBot Hotel reevaluating
2024-10-14 17:26:39.916572 Mike: Zulu and Bravo, sending you 3
2024-10-14 17:26:39.918662 Quebec: Same as last round
2024-10-14 17:26:39.919007 Bravo: Mike, sending you 4
2024-10-14 17:26:39.919886 Mike: Quebec, sending you 4
2024-10-14 17:26:39.920672 Sierra: November, sending you 2
2024-10-14 17:26:39.922088 Zulu: Mike, sending you 3
2024-10-14 17:26:39.922603 November: Papa and Sierra, sending you 2
2024-10-14 17:26:39.923776 Golf: Yankee we want you to join our group
2024-10-14 17:26:39.929631 Yankee: Yes
ChatterBot Golf reevaluating
2024-10-14 17:26:40.001718 Bravo: Zulu, sending you 3
2024-10-14 17:26:40.002556 Sierra: Papa, Golf, Hotel and Yankee, sending you 1
2024-10-14 17:26:40.003505 Zulu: Bravo, sending you 2
2024-10-14 17:26:40.005009 November: Golf, Hotel and Yankee, sending you 3
2024-10-14 17:26:40.006679 Bravo: Quebec, sending you 5
2024-10-14 17:26:40.008685 Zulu: Quebec, sending you 5
2024-10-14 17:26:40.019145 Yankee: November and Golf, sending you 5
2024-10-14 17:26:40.024442 Yankee: Papa, sending you 3
2024-10-14 17:26:40.030677 Yankee: Hotel, sending you 4
2024-10-14 17:26:40.036687 Yankee: Sierra, sending you 1
2024-10-14 17:26:40.038822 Hotel: November, Golf and Yankee, sending you 5
2024-10-14 17:26:40.042691 Hotel: Sierra, sending you 4
chatterbot Papa submitting transactions
chatterbot Sierra submitting transactions
chatterbot Quebec submitting transactions
chatterbot November submitting transactions
chatterbot Bravo submitting transactions
chatterbot Mike submitting transactions
chatterbot Zulu submitting transactions
chatterbot Golf submitting transactions
chatterbot Yankee submitting transactions
chatterbot Hotel submitting transactions
ChatterBot Mike round 10
ChatterBot November round 10
ChatterBot Papa round 10
ChatterBot Zulu round 10
ChatterBot Golf round 10
ChatterBot Bravo round 10
ChatterBot Hotel round 10
ChatterBot Quebec round 10
ChatterBot Sierra round 10
ChatterBot Yankee round 10
2024-10-14 17:26:41.099439 Golf: We should replace Papa with Yankee
2024-10-14 17:26:41.109239 November: No
2024-10-14 17:26:41.109444 Hotel: Yes
2024-10-14 17:26:41.109603 Sierra: No
ChatterBot Golf reevaluating
ChatterBot Golf reevaluating
ChatterBot Golf reevaluating
2024-10-14 17:26:41.170657 Golf: Yankee we want you to join our group
2024-10-14 17:26:41.172859 Yankee: Yes
ChatterBot Golf reevaluating
2024-10-14 17:26:41.184035 Mike: Zulu and Bravo, sending you 3
2024-10-14 17:26:41.185112 Bravo: Mike, sending you 4
2024-10-14 17:26:41.187708 Zulu: Mike, sending you 3
2024-10-14 17:26:41.188678 Mike: Quebec, sending you 4
2024-10-14 17:26:41.189551 Bravo: Zulu, sending you 3
2024-10-14 17:26:41.190009 Papa: Sending you each 1
2024-10-14 17:26:41.190937 Sierra: November, sending you 2
2024-10-14 17:26:41.191849 November: Papa and Sierra, sending you 2
2024-10-14 17:26:41.192827 Quebec: Same as last round
2024-10-14 17:26:41.193871 Hotel: November, Golf and Yankee, sending you 5
2024-10-14 17:26:41.194371 Yankee: November and Hotel, sending you 4
2024-10-14 17:26:41.195066 Zulu: Bravo, sending you 2
2024-10-14 17:26:41.195499 Bravo: Quebec, sending you 5
2024-10-14 17:26:41.195929 November: Golf, Hotel and Yankee, sending you 3
2024-10-14 17:26:41.196726 Sierra: Papa, Golf, Hotel and Yankee, sending you 1
2024-10-14 17:26:41.197901 Hotel: Sierra, sending you 4
2024-10-14 17:26:41.199710 Yankee: Papa and Sierra, sending you 2
2024-10-14 17:26:41.200778 Zulu: Quebec, sending you 5
2024-10-14 17:26:41.205661 Yankee: Golf, sending you 6
chatterbot Sierra submitting transactions
chatterbot Yankee submitting transactions
chatterbot Mike submitting transactions
chatterbot Bravo submitting transactions
chatterbot Quebec submitting transactions
chatterbot Papa submitting transactions
chatterbot Zulu submitting transactions
chatterbot November submitting transactions
chatterbot Golf submitting transactions
chatterbot Hotel submitting transactions
ChatterBot Mike round 11
ChatterBot November round 11
ChatterBot Papa round 11
ChatterBot Zulu round 11
ChatterBot Golf round 11
ChatterBot Bravo round 11
ChatterBot Hotel round 11
ChatterBot Quebec round 11
ChatterBot Sierra round 11
ChatterBot Yankee round 11
2024-10-14 17:26:42.430608 Golf: We should replace Papa with Yankee
2024-10-14 17:26:42.438071 November: No
2024-10-14 17:26:42.438247 Hotel: Yes
2024-10-14 17:26:42.438732 Sierra: No
ChatterBot Golf reevaluating
ChatterBot Sierra reevaluating
ChatterBot Golf reevaluating
ChatterBot Sierra reevaluating
ChatterBot Golf reevaluating
2024-10-14 17:26:42.477134 November: Papa and Sierra, sending you 2
2024-10-14 17:26:42.478196 Golf: Yankee we want you to join our group
2024-10-14 17:26:42.481111 Yankee: Yes
ChatterBot Golf reevaluating
ChatterBot Sierra reevaluating
2024-10-14 17:26:42.493192 November: Golf, Hotel and Yankee, sending you 3
2024-10-14 17:26:42.496701 Bravo: Mike, sending you 4
2024-10-14 17:26:42.497835 Yankee: November, sending you 4
2024-10-14 17:26:42.498490 Papa: November, Golf, Sierra and Yankee, sending you 2
2024-10-14 17:26:42.499186 Mike: Zulu and Bravo, sending you 3
2024-10-14 17:26:42.499761 Quebec: Same as last round
2024-10-14 17:26:42.500912 Zulu: Mike, sending you 3
2024-10-14 17:26:42.501694 Hotel: November, Golf and Yankee, sending you 5
2024-10-14 17:26:42.502404 Bravo: Zulu, sending you 3
2024-10-14 17:26:42.503186 Sierra: We should drop Papa
ChatterBot Golf reevaluating
2024-10-14 17:26:42.516724 Hotel: Yes
2024-10-14 17:26:42.516891 November: No
2024-10-14 17:26:42.517026 Golf: Yes
2024-10-14 17:26:42.517177 Yankee: No
ChatterBot November reevaluating
ChatterBot Golf reevaluating
ChatterBot Sierra reevaluating
ChatterBot Golf reevaluating
ChatterBot Sierra reevaluating
ChatterBot November reevaluating
ChatterBot Sierra reevaluating
ChatterBot November reevaluating
ChatterBot Golf reevaluating
ChatterBot Sierra reevaluating
2024-10-14 17:26:42.556590 Yankee: Papa and Sierra, sending you 2
2024-10-14 17:26:42.557593 Papa: Hotel, sending you 1
2024-10-14 17:26:42.558176 Mike: Quebec, sending you 4
2024-10-14 17:26:42.558541 Zulu: Bravo, sending you 2
2024-10-14 17:26:42.558852 Hotel: Sierra, sending you 4
2024-10-14 17:26:42.559192 Bravo: Quebec, sending you 5
2024-10-14 17:26:42.559674 Yankee: Golf and Hotel, sending you 5
2024-10-14 17:26:42.563691 Zulu: Quebec, sending you 5
2024-10-14 17:26:42.574668 Sierra: November and Papa, sending you 2
2024-10-14 17:26:42.579667 Sierra: Golf, Hotel and Yankee, sending you 1
chatterbot Zulu submitting transactions
chatterbot Quebec submitting transactions
chatterbot Mike submitting transactions
chatterbot Papa submitting transactions
chatterbot Yankee submitting transactions
chatterbot Hotel submitting transactions
chatterbot Sierra submitting transactions
chatterbot November submitting transactions
chatterbot Golf submitting transactions
chatterbot Bravo submitting transactions
ChatterBot Mike round 12
ChatterBot November round 12
ChatterBot Papa round 12
ChatterBot Zulu round 12
ChatterBot Golf round 12
ChatterBot Bravo round 12
ChatterBot Hotel round 12
ChatterBot Quebec round 12
ChatterBot Sierra round 12
ChatterBot Yankee round 12
2024-10-14 17:26:43.716240 Golf: We should replace Papa with Yankee
2024-10-14 17:26:43.722492 November: No
2024-10-14 17:26:43.722670 Hotel: Yes
2024-10-14 17:26:43.722837 Sierra: No
2024-10-14 17:26:43.749022 Golf: Yankee we want you to join our group
2024-10-14 17:26:43.751732 Yankee: Yes
ChatterBot November reevaluating
2024-10-14 17:26:43.760174 Papa: We should drop Golf
ChatterBot November reevaluating
ChatterBot Sierra reevaluating
2024-10-14 17:26:43.777141 Hotel: No
2024-10-14 17:26:43.777393 November: No
2024-10-14 17:26:43.777605 Sierra: No
2024-10-14 17:26:43.777821 Yankee: No
ChatterBot November reevaluating
ChatterBot Papa reevaluating
ChatterBot Sierra reevaluating
ChatterBot Papa reevaluating
ChatterBot Sierra reevaluating
ChatterBot November reevaluating
ChatterBot Papa reevaluating
ChatterBot November reevaluating
ChatterBot Papa reevaluating
ChatterBot Sierra reevaluating
2024-10-14 17:26:43.841675 Hotel: November, Golf and Yankee, sending you 5
2024-10-14 17:26:43.844670 Zulu: Mike, sending you 3
2024-10-14 17:26:43.845255 Hotel: Sierra, sending you 4
2024-10-14 17:26:43.846115 Mike: Zulu and Bravo, sending you 3
2024-10-14 17:26:43.846809 November: We should drop Papa
ChatterBot Sierra reevaluating
2024-10-14 17:26:43.855370 Hotel: Yes
2024-10-14 17:26:43.855518 Golf: Yes
2024-10-14 17:26:43.855644 Sierra: Yes
2024-10-14 17:26:43.855780 Yankee: No
ChatterBot November reevaluating
ChatterBot Sierra reevaluating
ChatterBot November reevaluating
ChatterBot Sierra reevaluating
ChatterBot November reevaluating
ChatterBot November reevaluating
ChatterBot Sierra reevaluating
2024-10-14 17:26:43.891818 Quebec: Same as last round
2024-10-14 17:26:43.892374 Zulu: Bravo, sending you 2
2024-10-14 17:26:43.892729 Mike: Quebec, sending you 4
2024-10-14 17:26:43.894676 Yankee: November, sending you 4
