ChatterBot Whiskey round 1
ChatterBot Bravo round 1
ChatterBot Golf round 1
ChatterBot Juliett round 1
ChatterBot X-ray round 1
ChatterBot Echo round 1
ChatterBot Foxtrot round 1
ChatterBot Papa round 1
ChatterBot Alpha round 1
ChatterBot Uniform round 1
randomSelections Papa: {Papa, Bravo, Golf, Uniform, Echo} 
2024-10-14 17:26:28.728294 Papa: Let's form a team
ChatterBot Bravo reevaluating
ChatterBot Golf reevaluating
ChatterBot Uniform reevaluating
ChatterBot Echo reevaluating
2024-10-14 17:26:28.739865 Bravo: Yes
2024-10-14 17:26:28.740100 Golf: Yes
2024-10-14 17:26:28.740306 Uniform: Yes
2024-10-14 17:26:28.741380 Echo: Yes
ChatterBot Golf reevaluating
ChatterBot Uniform reevaluating
ChatterBot Echo reevaluating
ChatterBot Bravo reevaluating
ChatterBot Uniform reevaluating
ChatterBot Echo reevaluating
ChatterBot Bravo reevaluating
ChatterBot Golf reevaluating
ChatterBot Echo reevaluating
ChatterBot Bravo reevaluating
ChatterBot Golf reevaluating
ChatterBot Uniform reevaluating
randomSelections Alpha: {Alpha, Uniform, Golf, Foxtrot, Bravo, X-ray} 
2024-10-14 17:26:28.774829 Alpha: We should group up
ChatterBot Uniform reevaluating
ChatterBot Golf reevaluating
ChatterBot Foxtrot reevaluating
ChatterBot Bravo reevaluating
ChatterBot X-ray reevaluating
2024-10-14 17:26:28.787359 Uniform: No
2024-10-14 17:26:28.787569 Golf: No
2024-10-14 17:26:28.787725 Foxtrot: Yes
2024-10-14 17:26:28.787849 Bravo: No
2024-10-14 17:26:28.787975 X-ray: Yes
ChatterBot Golf reevaluating
ChatterBot Foxtrot reevaluating
ChatterBot Bravo reevaluating
ChatterBot X-ray reevaluating
ChatterBot Uniform reevaluating
ChatterBot Foxtrot reevaluating
ChatterBot Bravo reevaluating
ChatterBot X-ray reevaluating
ChatterBot Uniform reevaluating
ChatterBot Golf reevaluating
ChatterBot Bravo reevaluating
ChatterBot X-ray reevaluating
ChatterBot Uniform reevaluating
ChatterBot Golf reevaluating
ChatterBot Foxtrot reevaluating
ChatterBot X-ray reevaluating
ChatterBot Uniform reevaluating
ChatterBot Golf reevaluating
ChatterBot Foxtrot reevaluating
ChatterBot Bravo reevaluating
randomSelections Whiskey: {Whiskey, Echo, Foxtrot, Juliett, X-ray} 
2024-10-14 17:26:28.830162 Whiskey: We would work well together
ChatterBot Echo reevaluating
ChatterBot Foxtrot reevaluating
ChatterBot Juliett reevaluating
ChatterBot X-ray reevaluating
2024-10-14 17:26:28.840767 Echo: No
2024-10-14 17:26:28.841034 Foxtrot: No
2024-10-14 17:26:28.841692 Juliett: Yes
2024-10-14 17:26:28.841882 X-ray: No
ChatterBot Foxtrot reevaluating
ChatterBot Juliett reevaluating
ChatterBot X-ray reevaluating
ChatterBot Echo reevaluating
ChatterBot Juliett reevaluating
ChatterBot X-ray reevaluating
ChatterBot Echo reevaluating
ChatterBot Foxtrot reevaluating
ChatterBot X-ray reevaluating
ChatterBot Echo reevaluating
ChatterBot Foxtrot reevaluating
ChatterBot Juliett reevaluating
2024-10-14 17:26:28.913778 Uniform: Bravo, sending you 3
2024-10-14 17:26:28.916687 X-ray: Bravo, sending you 2
2024-10-14 17:26:28.917863 Whiskey: Juliett, sending you 2
2024-10-14 17:26:28.918418 Uniform: Golf and Echo, sending you 2
2024-10-14 17:26:28.921294 X-ray: Golf and Uniform, sending you 3
2024-10-14 17:26:28.921759 Whiskey: X-ray, sending you 4
2024-10-14 17:26:28.922091 Uniform: Papa, sending you 5
2024-10-14 17:26:28.923047 Golf: Bravo, sending you 3
2024-10-14 17:26:28.923418 Juliett: Whiskey, sending you 4
2024-10-14 17:26:28.923833 Papa: Golf, Echo and Uniform, sending you 1
2024-10-14 17:26:28.925014 Foxtrot: Bravo and Uniform, sending you 1
2024-10-14 17:26:28.925462 Whiskey: Echo, sending you 5
2024-10-14 17:26:28.926921 X-ray: Foxtrot, sending you 1
2024-10-14 17:26:28.927272 Alpha: Bravo, sending you 4
2024-10-14 17:26:28.929448 Golf: Echo, sending you 8
2024-10-14 17:26:28.929917 Juliett: X-ray, Echo and Foxtrot, sending you 1
2024-10-14 17:26:28.931324 Echo: Bravo, sending you 5
2024-10-14 17:26:28.931874 Foxtrot: Golf, sending you 2
2024-10-14 17:26:28.932382 Whiskey: Foxtrot, sending you 7
2024-10-14 17:26:28.933430 X-ray: Alpha, sending you 4
2024-10-14 17:26:28.933909 Alpha: Golf, Foxtrot and Uniform, sending you 3
2024-10-14 17:26:28.934388 Golf: Uniform, sending you 7
2024-10-14 17:26:28.935700 Echo: Golf, sending you 7
2024-10-14 17:26:28.936103 Foxtrot: X-ray, sending you 6
2024-10-14 17:26:28.939678 Alpha: X-ray, sending you 5
2024-10-14 17:26:28.940188 Echo: Papa, sending you 2
2024-10-14 17:26:28.949864 Echo: Uniform, sending you 4
chatterbot Whiskey submitting transactions
chatterbot Uniform submitting transactions
chatterbot Papa submitting transactions
chatterbot Alpha submitting transactions
chatterbot Echo submitting transactions
chatterbot Bravo submitting transactions
chatterbot Golf submitting transactions
chatterbot X-ray submitting transactions
chatterbot Juliett submitting transactions
chatterbot Foxtrot submitting transactions
ChatterBot Whiskey round 2
ChatterBot Bravo round 2
ChatterBot Golf round 2
ChatterBot Juliett round 2
2024-10-14 17:26:30.177926 Whiskey: Let's form a team
ChatterBot Juliett reevaluating
2024-10-14 17:26:30.187899 Juliett: Yes
ChatterBot X-ray round 2
ChatterBot Echo round 2
ChatterBot Foxtrot round 2
ChatterBot Papa round 2
ChatterBot Alpha round 2
ChatterBot Uniform round 2
2024-10-14 17:26:30.219178 Golf: Can we be friends?
ChatterBot Echo reevaluating
ChatterBot Uniform reevaluating
ChatterBot X-ray reevaluating
ChatterBot Foxtrot reevaluating
ChatterBot Alpha reevaluating
2024-10-14 17:26:30.272815 Bravo: No
2024-10-14 17:26:30.273080 Echo: No
2024-10-14 17:26:30.273296 Uniform: No
2024-10-14 17:26:30.273503 X-ray: No
2024-10-14 17:26:30.274112 Foxtrot: Yes
2024-10-14 17:26:30.274294 Alpha: Yes
ChatterBot Echo reevaluating
ChatterBot Uniform reevaluating
ChatterBot X-ray reevaluating
ChatterBot Foxtrot reevaluating
ChatterBot Alpha reevaluating
ChatterBot Uniform reevaluating
ChatterBot X-ray reevaluating
ChatterBot Foxtrot reevaluating
ChatterBot Alpha reevaluating
ChatterBot Echo reevaluating
ChatterBot X-ray reevaluating
ChatterBot Foxtrot reevaluating
ChatterBot Alpha reevaluating
ChatterBot Echo reevaluating
ChatterBot Uniform reevaluating
ChatterBot Foxtrot reevaluating
ChatterBot Alpha reevaluating
ChatterBot Echo reevaluating
ChatterBot Uniform reevaluating
ChatterBot X-ray reevaluating
ChatterBot Alpha reevaluating
ChatterBot Echo reevaluating
ChatterBot Uniform reevaluating
ChatterBot X-ray reevaluating
ChatterBot Foxtrot reevaluating
2024-10-14 17:26:30.603836 Alpha: We should add Echo
ChatterBot Uniform reevaluating
ChatterBot Foxtrot reevaluating
ChatterBot X-ray reevaluating
2024-10-14 17:26:30.646361 Uniform: Yes
2024-10-14 17:26:30.646602 Golf: Yes
2024-10-14 17:26:30.646791 Foxtrot: Yes
2024-10-14 17:26:30.647345 Bravo: Yes
2024-10-14 17:26:30.647502 X-ray: No
ChatterBot Alpha reevaluating
ChatterBot Foxtrot reevaluating
ChatterBot X-ray reevaluating
ChatterBot Alpha reevaluating
ChatterBot Uniform reevaluating
ChatterBot Foxtrot reevaluating
ChatterBot X-ray reevaluating
ChatterBot Alpha reevaluating
ChatterBot Uniform reevaluating
ChatterBot X-ray reevaluating
ChatterBot Alpha reevaluating
ChatterBot Uniform reevaluating
ChatterBot Foxtrot reevaluating
ChatterBot X-ray reevaluating
ChatterBot Alpha reevaluating
ChatterBot Uniform reevaluating
ChatterBot Foxtrot reevaluating
2024-10-14 17:26:31.016395 Alpha: Echo we want you to join our group
2024-10-14 17:26:31.024761 Echo: No
2024-10-14 17:26:31.070813 Whiskey: Sending you 18
2024-10-14 17:26:31.191720 Bravo: Golf and Uniform, sending you 1
2024-10-14 17:26:31.192510 X-ray: Foxtrot, sending you 7
2024-10-14 17:26:31.192839 Golf: X-ray and Alpha, sending you 3
2024-10-14 17:26:31.193266 Juliett: Sending you 7
2024-10-14 17:26:31.194049 Echo: Golf, sending you 8
2024-10-14 17:26:31.194374 Foxtrot: Whiskey and Alpha, sending you 2
2024-10-14 17:26:31.234649 Bravo: Echo, sending you 3
2024-10-14 17:26:31.235568 Echo: Papa, sending you 2
2024-10-14 17:26:31.235867 X-ray: Alpha, sending you 6
2024-10-14 17:26:31.236138 Golf: Echo, sending you 8
2024-10-14 17:26:31.238815 Uniform: Bravo, Echo and Papa, sending you 3
2024-10-14 17:26:31.239277 Alpha: X-ray, sending you 10
2024-10-14 17:26:31.239908 Foxtrot: Bravo, Golf, Juliett, X-ray, Echo and Uniform, sending you 1
2024-10-14 17:26:31.240490 Papa: Bravo, sending you 3
2024-10-14 17:26:31.242228 Echo: Uniform, sending you 3
2024-10-14 17:26:31.242734 Uniform: Golf, sending you 4
2024-10-14 17:26:31.331085 Golf: Foxtrot and Uniform, sending you 2
2024-10-14 17:26:31.332506 Papa: Golf, sending you 2
2024-10-14 17:26:31.352689 Papa: Echo, sending you 4
2024-10-14 17:26:31.369266 Papa: Uniform, sending you 6
chatterbot X-ray submitting transactions
chatterbot Papa submitting transactions
chatterbot Whiskey submitting transactions
chatterbot Bravo submitting transactions
chatterbot Juliett submitting transactions
chatterbot Echo submitting transactions
chatterbot Golf submitting transactions
chatterbot Foxtrot submitting transactions
chatterbot Alpha submitting transactions
chatterbot Uniform submitting transactions
ChatterBot Whiskey round 3
ChatterBot Bravo round 3
ChatterBot Golf round 3
ChatterBot Juliett round 3
ChatterBot X-ray round 3
ChatterBot Echo round 3
ChatterBot Foxtrot round 3
ChatterBot Papa round 3
ChatterBot Alpha round 3
ChatterBot Uniform round 3
2024-10-14 17:26:32.287258 Echo: Can we be friends?
ChatterBot Golf reevaluating
ChatterBot Papa reevaluating
ChatterBot Uniform reevaluating
ChatterBot Foxtrot reevaluating
ChatterBot Alpha reevaluating
2024-10-14 17:26:32.329696 Bravo: No
2024-10-14 17:26:32.329913 Golf: No
2024-10-14 17:26:32.330076 Papa: No
2024-10-14 17:26:32.330239 Uniform: No
2024-10-14 17:26:32.330434 X-ray: No
2024-10-14 17:26:32.331011 Foxtrot: Yes
2024-10-14 17:26:32.331227 Alpha: Yes
ChatterBot Golf reevaluating
ChatterBot Papa reevaluating
ChatterBot Uniform reevaluating
ChatterBot Foxtrot reevaluating
ChatterBot Alpha reevaluating
ChatterBot Papa reevaluating
ChatterBot Uniform reevaluating
ChatterBot Foxtrot reevaluating
ChatterBot Alpha reevaluating
ChatterBot Golf reevaluating
ChatterBot Uniform reevaluating
ChatterBot Foxtrot reevaluating
ChatterBot Alpha reevaluating
ChatterBot Golf reevaluating
ChatterBot Papa reevaluating
ChatterBot Foxtrot reevaluating
ChatterBot Alpha reevaluating
ChatterBot Golf reevaluating
ChatterBot Papa reevaluating
ChatterBot Uniform reevaluating
ChatterBot Foxtrot reevaluating
ChatterBot Alpha reevaluating
ChatterBot Golf reevaluating
ChatterBot Papa reevaluating
ChatterBot Uniform reevaluating
ChatterBot Alpha reevaluating
ChatterBot Golf reevaluating
ChatterBot Papa reevaluating
ChatterBot Uniform reevaluating
ChatterBot Foxtrot reevaluating
2024-10-14 17:26:32.664447 Alpha: We should add Papa
ChatterBot Golf reevaluating
ChatterBot Uniform reevaluating
ChatterBot Foxtrot reevaluating
2024-10-14 17:26:32.702418 Golf: Yes
2024-10-14 17:26:32.702603 Bravo: Yes
2024-10-14 17:26:32.702764 Echo: Yes
2024-10-14 17:26:32.702922 Uniform: Yes
2024-10-14 17:26:32.703071 X-ray: No
2024-10-14 17:26:32.703213 Foxtrot: Yes
ChatterBot Uniform reevaluating
ChatterBot Foxtrot reevaluating
ChatterBot Alpha reevaluating
ChatterBot Golf reevaluating
ChatterBot Uniform reevaluating
ChatterBot Foxtrot reevaluating
ChatterBot Alpha reevaluating
ChatterBot Golf reevaluating
ChatterBot Uniform reevaluating
ChatterBot Foxtrot reevaluating
ChatterBot Alpha reevaluating
ChatterBot Golf reevaluating
ChatterBot Foxtrot reevaluating
ChatterBot Alpha reevaluating
ChatterBot Golf reevaluating
ChatterBot Uniform reevaluating
ChatterBot Foxtrot reevaluating
ChatterBot Alpha reevaluating
ChatterBot Golf reevaluating
ChatterBot Uniform reevaluating
ChatterBot Alpha reevaluating
2024-10-14 17:26:32.888759 Whiskey: Same as last round
2024-10-14 17:26:32.889664 Alpha: Papa we want you to join our group
2024-10-14 17:26:32.893316 Papa: No
2024-10-14 17:26:32.915202 X-ray: Foxtrot, sending you 6
2024-10-14 17:26:32.917670 Bravo: Golf and Papa, sending you 1
2024-10-14 17:26:32.918107 Foxtrot: Bravo, Golf, Echo, Papa, Alpha and Uniform, sending you 1
2024-10-14 17:26:32.918994 Golf: Echo, sending you 10
2024-10-14 17:26:32.919339 Uniform: Bravo, Echo and Papa, sending you 3
2024-10-14 17:26:32.919658 Papa: Bravo, sending you 4
2024-10-14 17:26:32.920015 Juliett: Same as last round
2024-10-14 17:26:32.920248 X-ray: Alpha, sending you 7
2024-10-14 17:26:32.920477 Echo: Bravo, sending you 2
2024-10-14 17:26:32.920905 Bravo: Echo, sending you 2
2024-10-14 17:26:32.921557 Foxtrot: X-ray, sending you 4
2024-10-14 17:26:32.921892 Golf: Papa, sending you 3
2024-10-14 17:26:32.923948 Echo: Golf, sending you 7
2024-10-14 17:26:32.924307 Bravo: Uniform, sending you 3
2024-10-14 17:26:32.924640 Uniform: Golf, sending you 4
2024-10-14 17:26:32.924954 Papa: Echo, sending you 5
2024-10-14 17:26:32.925665 Golf: Uniform, sending you 5
2024-10-14 17:26:32.927688 Echo: Foxtrot, sending you 1
2024-10-14 17:26:32.929897 Papa: Uniform, sending you 6
2024-10-14 17:26:32.930689 Alpha: Golf, sending you 4
2024-10-14 17:26:32.931306 Echo: Papa and Uniform, sending you 3
2024-10-14 17:26:32.935719 Alpha: X-ray, sending you 9
2024-10-14 17:26:32.940134 Alpha: Foxtrot, sending you 3
chatterbot X-ray submitting transactions
chatterbot Bravo submitting transactions
chatterbot Alpha submitting transactions
chatterbot Juliett submitting transactions
chatterbot Echo submitting transactions
chatterbot Whiskey submitting transactions
chatterbot Golf submitting transactions
chatterbot Foxtrot submitting transactions
chatterbot Papa submitting transactions
chatterbot Uniform submitting transactions
ChatterBot Whiskey round 4
ChatterBot Bravo round 4
ChatterBot Golf round 4
ChatterBot Juliett round 4
ChatterBot X-ray round 4
ChatterBot Echo round 4
ChatterBot Foxtrot round 4
ChatterBot Papa round 4
ChatterBot Alpha round 4
ChatterBot Uniform round 4
2024-10-14 17:26:34.145052 Golf: We should add Bravo
2024-10-14 17:26:34.158160 Echo: Yes
2024-10-14 17:26:34.158375 Papa: Yes
2024-10-14 17:26:34.158605 Uniform: Yes
ChatterBot Golf reevaluating
ChatterBot Golf reevaluating
ChatterBot Golf reevaluating
2024-10-14 17:26:34.205699 Papa: Bravo and Golf, sending you 3
2024-10-14 17:26:34.208669 Bravo: Golf, sending you 1
2024-10-14 17:26:34.209324 Papa: Echo, sending you 4
2024-10-14 17:26:34.210678 Whiskey: Same as last round
2024-10-14 17:26:34.212689 Foxtrot: Golf, Echo and Alpha, sending you 2
2024-10-14 17:26:34.213227 Bravo: Echo, sending you 2
2024-10-14 17:26:34.214653 Papa: Uniform, sending you 5
2024-10-14 17:26:34.215195 Echo: Bravo, sending you 2
2024-10-14 17:26:34.216688 X-ray: Foxtrot, sending you 6
2024-10-14 17:26:34.217008 Juliett: Sending you 6
2024-10-14 17:26:34.217286 Foxtrot: X-ray, sending you 3
2024-10-14 17:26:34.217881 Bravo: Papa and Uniform, sending you 3
2024-10-14 17:26:34.220695 Echo: Golf, sending you 7
2024-10-14 17:26:34.221684 X-ray: Alpha, sending you 7
2024-10-14 17:26:34.222082 Foxtrot: Papa, sending you 1
2024-10-14 17:26:34.223670 Golf: Echo, sending you 11
2024-10-14 17:26:34.224047 Echo: Foxtrot, sending you 1
2024-10-14 17:26:34.224699 Alpha: Golf and Foxtrot, sending you 2
2024-10-14 17:26:34.226690 Uniform: Bravo, Echo and Papa, sending you 3
2024-10-14 17:26:34.227103 Golf: Papa, sending you 1
2024-10-14 17:26:34.227687 Echo: Papa and Uniform, sending you 3
2024-10-14 17:26:34.228708 Alpha: X-ray, sending you 10
2024-10-14 17:26:34.230682 Uniform: Golf, sending you 4
2024-10-14 17:26:34.231708 Golf: Uniform, sending you 6
chatterbot Echo submitting transactions
chatterbot Foxtrot submitting transactions
chatterbot Alpha submitting transactions
chatterbot Uniform submitting transactions
chatterbot Juliett submitting transactions
chatterbot X-ray submitting transactions
chatterbot Golf submitting transactions
chatterbot Papa submitting transactions
chatterbot Whiskey submitting transactions
chatterbot Bravo submitting transactions
ChatterBot Whiskey round 5
ChatterBot Bravo round 5
ChatterBot Golf round 5
ChatterBot Juliett round 5
ChatterBot X-ray round 5
ChatterBot Echo round 5
ChatterBot Foxtrot round 5
ChatterBot Papa round 5
ChatterBot Alpha round 5
ChatterBot Uniform round 5
2024-10-14 17:26:35.387108 Golf: We should add Bravo
ChatterBot Echo reevaluating
2024-10-14 17:26:35.394511 Echo: Yes
2024-10-14 17:26:35.394660 Papa: Yes
2024-10-14 17:26:35.394776 Uniform: Yes
ChatterBot Echo reevaluating
ChatterBot Echo reevaluating
2024-10-14 17:26:35.430723 Golf: Bravo we want you to join our group
2024-10-14 17:26:35.433549 Bravo: Yes
ChatterBot Echo reevaluating
2024-10-14 17:26:35.442867 Bravo: Echo and Papa, sending you 3
2024-10-14 17:26:35.446293 Bravo: Uniform, sending you 4
2024-10-14 17:26:35.446855 Whiskey: Same as last round
2024-10-14 17:26:35.448668 X-ray: Foxtrot, sending you 6
2024-10-14 17:26:35.451660 X-ray: Alpha, sending you 7
2024-10-14 17:26:35.453047 Echo: We should drop X-ray and Alpha
2024-10-14 17:26:35.468004 Bravo: Yes
2024-10-14 17:26:35.468220 Golf: Yes
2024-10-14 17:26:35.468367 Papa: Yes
2024-10-14 17:26:35.469221 Uniform: Yes
2024-10-14 17:26:35.469402 Foxtrot: No
ChatterBot Echo reevaluating
ChatterBot Echo reevaluating
ChatterBot Echo reevaluating
ChatterBot Echo reevaluating
ChatterBot Echo reevaluating
2024-10-14 17:26:35.637810 Papa: Bravo and Golf, sending you 3
2024-10-14 17:26:35.640691 Foxtrot: Golf, Echo and Alpha, sending you 2
2024-10-14 17:26:35.642598 Golf: Bravo and Papa, sending you 2
2024-10-14 17:26:35.643668 Juliett: Sending you 5
2024-10-14 17:26:35.644899 Papa: Echo, sending you 4
2024-10-14 17:26:35.646769 Alpha: Golf, sending you 2
2024-10-14 17:26:35.649066 Uniform: Bravo, Echo and Papa, sending you 3
chatterbot Whiskey submitting transactions
2024-10-14 17:26:35.650422 Foxtrot: X-ray, sending you 3
2024-10-14 17:26:35.652113 Golf: Echo, sending you 9
2024-10-14 17:26:35.653859 Papa: Uniform, sending you 5
2024-10-14 17:26:35.654859 Alpha: X-ray, sending you 10
2024-10-14 17:26:35.656410 Uniform: Golf, sending you 4
2024-10-14 17:26:35.657397 Echo: Bravo, sending you 2
2024-10-14 17:26:35.658756 Foxtrot: Papa, sending you 1
2024-10-14 17:26:35.659844 Golf: Uniform, sending you 5
2024-10-14 17:26:35.661493 Alpha: Foxtrot, sending you 3
2024-10-14 17:26:35.663680 Echo: Golf, sending you 7
2024-10-14 17:26:35.669400 Echo: Papa and Uniform, sending you 3
chatterbot Golf submitting transactions
chatterbot X-ray submitting transactions
chatterbot Alpha submitting transactions
chatterbot Bravo submitting transactions
chatterbot Foxtrot submitting transactions
chatterbot Juliett submitting transactions
chatterbot Papa submitting transactions
chatterbot Echo submitting transactions
chatterbot Uniform submitting transactions
ChatterBot Whiskey round 6
ChatterBot Bravo round 6
ChatterBot Golf round 6
ChatterBot Juliett round 6
ChatterBot X-ray round 6
ChatterBot Echo round 6
ChatterBot Foxtrot round 6
ChatterBot Papa round 6
ChatterBot Alpha round 6
ChatterBot Uniform round 6
2024-10-14 17:26:36.501332 Echo: We should add Foxtrot
2024-10-14 17:26:36.513095 Papa: No
2024-10-14 17:26:36.513307 Bravo: No
2024-10-14 17:26:36.513441 Golf: No
2024-10-14 17:26:36.513583 Uniform: No
ChatterBot Echo reevaluating
ChatterBot Echo reevaluating
ChatterBot Echo reevaluating
ChatterBot Echo reevaluating
2024-10-14 17:26:36.565476 Foxtrot: We would work well together
2024-10-14 17:26:36.575201 X-ray: No
2024-10-14 17:26:36.575598 Alpha: No
2024-10-14 17:26:36.575714 Whiskey: No
2024-10-14 17:26:36.575817 Juliett: No
ChatterBot Foxtrot reevaluating
ChatterBot Foxtrot reevaluating
ChatterBot Foxtrot reevaluating
ChatterBot Foxtrot reevaluating
2024-10-14 17:26:36.625676 Alpha: Golf, sending you 1
2024-10-14 17:26:36.627665 Bravo: Golf, sending you 1
2024-10-14 17:26:36.628655 Papa: Bravo, Echo and Uniform, sending you 4
2024-10-14 17:26:36.629690 Alpha: X-ray, sending you 10
2024-10-14 17:26:36.632673 Bravo: Echo and Papa, sending you 3
2024-10-14 17:26:36.633092 Golf: Bravo, sending you 1
2024-10-14 17:26:36.633536 Alpha: Foxtrot, sending you 3
2024-10-14 17:26:36.634119 Papa: Golf, sending you 3
2024-10-14 17:26:36.634663 X-ray: Foxtrot, sending you 6
2024-10-14 17:26:36.634911 Uniform: Bravo, Echo and Papa, sending you 3
2024-10-14 17:26:36.635668 Bravo: Uniform, sending you 4
2024-10-14 17:26:36.636143 Golf: Echo, sending you 10
2024-10-14 17:26:36.636696 Juliett: Same as last round
2024-10-14 17:26:36.636985 Foxtrot: Golf, Echo and Alpha, sending you 2
2024-10-14 17:26:36.637502 Whiskey: Same as last round
2024-10-14 17:26:36.638710 Uniform: Golf, sending you 4
2024-10-14 17:26:36.639656 X-ray: Alpha, sending you 7
2024-10-14 17:26:36.639943 Golf: Papa, sending you 2
2024-10-14 17:26:36.641748 Foxtrot: X-ray, sending you 4
2024-10-14 17:26:36.642702 Golf: Uniform, sending you 5
2024-10-14 17:26:36.644671 Echo: Bravo, Papa and Uniform, sending you 3
2024-10-14 17:26:36.649659 Echo: Golf, sending you 7
chatterbot X-ray submitting transactions
chatterbot Alpha submitting transactions
chatterbot Golf submitting transactions
chatterbot Echo submitting transactions
chatterbot Bravo submitting transactions
chatterbot Foxtrot submitting transactions
chatterbot Uniform submitting transactions
chatterbot Papa submitting transactions
chatterbot Juliett submitting transactions
chatterbot Whiskey submitting transactions
ChatterBot Whiskey round 7
ChatterBot Bravo round 7
ChatterBot Golf round 7
ChatterBot Juliett round 7
ChatterBot X-ray round 7
ChatterBot Echo round 7
ChatterBot Foxtrot round 7
ChatterBot Papa round 7
ChatterBot Alpha round 7
ChatterBot Uniform round 7
2024-10-14 17:26:37.694178 Whiskey: Same as last round
2024-10-14 17:26:37.696692 Bravo: Golf, sending you 1
2024-10-14 17:26:37.698298 X-ray: Foxtrot, sending you 6
2024-10-14 17:26:37.700684 Bravo: Echo and Papa, sending you 3
2024-10-14 17:26:37.701451 X-ray: Alpha, sending you 7
2024-10-14 17:26:37.703716 Papa: Bravo, Echo and Uniform, sending you 4
2024-10-14 17:26:37.704673 Golf: Bravo, sending you 1
2024-10-14 17:26:37.705677 Bravo: Uniform, sending you 4
2024-10-14 17:26:37.706174 Juliett: Sending you 4
2024-10-14 17:26:37.707251 Echo: Bravo, Papa and Uniform, sending you 3
2024-10-14 17:26:37.708663 Papa: Golf, sending you 3
2024-10-14 17:26:37.709167 Foxtrot: Golf, Echo and Alpha, sending you 2
2024-10-14 17:26:37.709753 Golf: Echo, sending you 9
2024-10-14 17:26:37.712666 Echo: Golf, sending you 7
2024-10-14 17:26:37.713141 Golf: Papa, sending you 3
2024-10-14 17:26:37.713723 Foxtrot: X-ray, sending you 4
2024-10-14 17:26:37.714367 Uniform: Bravo, Echo and Papa, sending you 3
2024-10-14 17:26:37.716661 Golf: Uniform, sending you 5
2024-10-14 17:26:37.717666 Uniform: Golf, sending you 4
2024-10-14 17:26:37.718281 Alpha: Golf, sending you 1
2024-10-14 17:26:37.723658 Alpha: X-ray, sending you 10
2024-10-14 17:26:37.726666 Alpha: Foxtrot, sending you 3
chatterbot Whiskey submitting transactions
chatterbot Juliett submitting transactions
chatterbot X-ray submitting transactions
chatterbot Echo submitting transactions
chatterbot Bravo submitting transactions
chatterbot Papa submitting transactions
chatterbot Uniform submitting transactions
chatterbot Alpha submitting transactions
chatterbot Foxtrot submitting transactions
chatterbot Golf submitting transactions
ChatterBot Whiskey round 8
ChatterBot Bravo round 8
ChatterBot Golf round 8
ChatterBot Juliett round 8
ChatterBot X-ray round 8
ChatterBot Echo round 8
ChatterBot Foxtrot round 8
ChatterBot Papa round 8
ChatterBot Alpha round 8
ChatterBot Uniform round 8
2024-10-14 17:26:38.924609 X-ray: We should add Whiskey
ChatterBot Foxtrot reevaluating
2024-10-14 17:26:38.929953 Foxtrot: No
2024-10-14 17:26:38.930090 Alpha: No
ChatterBot X-ray reevaluating
ChatterBot X-ray reevaluating
ChatterBot Foxtrot reevaluating
2024-10-14 17:26:38.955468 Foxtrot: We should drop X-ray and Alpha
2024-10-14 17:26:38.968415 Echo: Yes
2024-10-14 17:26:38.968565 Bravo: Yes
2024-10-14 17:26:38.969460 Golf: Yes
2024-10-14 17:26:38.969595 Papa: Yes
2024-10-14 17:26:38.969721 Uniform: Yes
ChatterBot Foxtrot reevaluating
ChatterBot Foxtrot reevaluating
ChatterBot Foxtrot reevaluating
ChatterBot Foxtrot reevaluating
ChatterBot Foxtrot reevaluating
2024-10-14 17:26:39.044654 Juliett: Same as last round
2024-10-14 17:26:39.046717 Golf: Bravo, sending you 1
2024-10-14 17:26:39.047397 Whiskey: Same as last round
2024-10-14 17:26:39.048033 Bravo: Golf, sending you 1
2024-10-14 17:26:39.051657 Golf: Echo, sending you 9
2024-10-14 17:26:39.052206 Alpha: Golf, sending you 1
2024-10-14 17:26:39.052775 Bravo: Echo and Papa, sending you 3
2024-10-14 17:26:39.053798 Uniform: Bravo, Echo and Papa, sending you 3
2024-10-14 17:26:39.054674 Papa: Bravo, Echo and Uniform, sending you 4
2024-10-14 17:26:39.055686 Golf: Papa, sending you 3
2024-10-14 17:26:39.056135 Bravo: Uniform, sending you 4
2024-10-14 17:26:39.057654 Alpha: X-ray, sending you 10
2024-10-14 17:26:39.058160 Uniform: Golf, sending you 4
2024-10-14 17:26:39.058682 Papa: Golf, sending you 3
2024-10-14 17:26:39.059161 Golf: Uniform, sending you 5
2024-10-14 17:26:39.059670 X-ray: Foxtrot, sending you 6
2024-10-14 17:26:39.061689 Alpha: Foxtrot, sending you 4
2024-10-14 17:26:39.063668 X-ray: Alpha, sending you 7
2024-10-14 17:26:39.065674 Echo: Bravo, Papa and Uniform, sending you 3
2024-10-14 17:26:39.066841 Foxtrot: Golf and Echo, sending you 2
2024-10-14 17:26:39.069662 Echo: Golf, sending you 7
2024-10-14 17:26:39.070124 Foxtrot: X-ray and Alpha, sending you 3
chatterbot Juliett submitting transactions
chatterbot X-ray submitting transactions
chatterbot Papa submitting transactions
chatterbot Foxtrot submitting transactions
chatterbot Uniform submitting transactions
chatterbot Bravo submitting transactions
chatterbot Whiskey submitting transactions
chatterbot Echo submitting transactions
chatterbot Golf submitting transactions
chatterbot Alpha submitting transactions
ChatterBot Whiskey round 9
ChatterBot Bravo round 9
ChatterBot Golf round 9
ChatterBot Juliett round 9
ChatterBot X-ray round 9
ChatterBot Echo round 9
ChatterBot Foxtrot round 9
ChatterBot Papa round 9
ChatterBot Alpha round 9
ChatterBot Uniform round 9
2024-10-14 17:26:40.134663 Whiskey: Same as last round
2024-10-14 17:26:40.135690 Bravo: Golf, sending you 1
2024-10-14 17:26:40.141145 Bravo: Echo and Papa, sending you 3
2024-10-14 17:26:40.143724 Golf: Bravo, sending you 1
2024-10-14 17:26:40.145145 Juliett: Sending you 3
2024-10-14 17:26:40.145734 Bravo: Uniform, sending you 4
2024-10-14 17:26:40.146787 X-ray: Foxtrot, sending you 6
2024-10-14 17:26:40.147343 Papa: Bravo, Echo and Uniform, sending you 4
2024-10-14 17:26:40.149379 Echo: Bravo, Papa and Uniform, sending you 3
2024-10-14 17:26:40.151313 Golf: Echo, sending you 9
2024-10-14 17:26:40.152653 X-ray: Alpha, sending you 7
2024-10-14 17:26:40.153689 Papa: Golf, sending you 3
2024-10-14 17:26:40.155186 Echo: Golf, sending you 7
2024-10-14 17:26:40.155998 Golf: Papa, sending you 3
2024-10-14 17:26:40.156811 Foxtrot: Whiskey and Juliett, sending you 2
2024-10-14 17:26:40.157241 Alpha: Golf, sending you 1
2024-10-14 17:26:40.158687 Uniform: Bravo, Echo and Papa, sending you 3
2024-10-14 17:26:40.159837 Foxtrot: X-ray and Alpha, sending you 3
2024-10-14 17:26:40.161690 Golf: Uniform, sending you 5
2024-10-14 17:26:40.163680 Alpha: X-ray, sending you 10
2024-10-14 17:26:40.165331 Uniform: Golf, sending you 4
2024-10-14 17:26:40.167932 Alpha: Foxtrot, sending you 4
chatterbot Papa submitting transactions
chatterbot X-ray submitting transactions
chatterbot Bravo submitting transactions
chatterbot Juliett submitting transactions
chatterbot Foxtrot submitting transactions
chatterbot Whiskey submitting transactions
chatterbot Echo submitting transactions
chatterbot Uniform submitting transactions
chatterbot Golf submitting transactions
chatterbot Alpha submitting transactions
ChatterBot Whiskey round 10
ChatterBot Bravo round 10
ChatterBot Golf round 10
ChatterBot Juliett round 10
ChatterBot X-ray round 10
ChatterBot Echo round 10
ChatterBot Foxtrot round 10
ChatterBot Papa round 10
ChatterBot Alpha round 10
ChatterBot Uniform round 10
2024-10-14 17:26:41.443678 Whiskey: Same as last round
2024-10-14 17:26:41.445583 Bravo: Golf, sending you 1
2024-10-14 17:26:41.446485 Juliett: Same as last round
2024-10-14 17:26:41.449668 Bravo: Echo and Papa, sending you 3
2024-10-14 17:26:41.453715 Bravo: Uniform, sending you 4
2024-10-14 17:26:41.456701 Papa: Bravo, Echo and Uniform, sending you 4
2024-10-14 17:26:41.458059 Foxtrot: Golf and Echo, sending you 5
2024-10-14 17:26:41.458716 Golf: Bravo, sending you 1
2024-10-14 17:26:41.460304 Echo: Bravo, Papa and Uniform, sending you 3
2024-10-14 17:26:41.461067 Alpha: Golf, sending you 1
2024-10-14 17:26:41.462684 Papa: Golf, sending you 3
2024-10-14 17:26:41.464464 X-ray: Foxtrot, sending you 6
2024-10-14 17:26:41.465002 Golf: Echo, sending you 9
2024-10-14 17:26:41.465672 Echo: Golf, sending you 7
2024-10-14 17:26:41.466801 Alpha: X-ray, sending you 10
2024-10-14 17:26:41.467559 Uniform: Bravo, Echo and Papa, sending you 3
2024-10-14 17:26:41.468655 X-ray: Alpha, sending you 7
2024-10-14 17:26:41.470725 Golf: Papa, sending you 3
2024-10-14 17:26:41.472753 Alpha: Foxtrot, sending you 4
2024-10-14 17:26:41.474213 Uniform: Golf, sending you 4
2024-10-14 17:26:41.476252 Golf: Uniform, sending you 5
chatterbot Alpha submitting transactions
chatterbot Echo submitting transactions
chatterbot Juliett submitting transactions
chatterbot Uniform submitting transactions
chatterbot Golf submitting transactions
chatterbot Papa submitting transactions
chatterbot Bravo submitting transactions
chatterbot Foxtrot submitting transactions
chatterbot Whiskey submitting transactions
chatterbot X-ray submitting transactions
ChatterBot Whiskey round 11
ChatterBot Bravo round 11
ChatterBot Golf round 11
ChatterBot Juliett round 11
ChatterBot X-ray round 11
ChatterBot Echo round 11
ChatterBot Foxtrot round 11
ChatterBot Papa round 11
ChatterBot Alpha round 11
2024-10-14 17:26:42.528684 X-ray: We should add Whiskey
ChatterBot Foxtrot reevaluating
2024-10-14 17:26:42.534733 Foxtrot: Yes
2024-10-14 17:26:42.534921 Alpha: No
ChatterBot Alpha reevaluating
ChatterBot Foxtrot reevaluating
2024-10-14 17:26:42.549920 Alpha: Let's form a team
ChatterBot Foxtrot reevaluating
ChatterBot Juliett reevaluating
2024-10-14 17:26:42.560191 Foxtrot: Yes
2024-10-14 17:26:42.560305 X-ray: No
2024-10-14 17:26:42.560395 Whiskey: No
2024-10-14 17:26:42.560872 Juliett: Yes
ChatterBot Alpha reevaluating
ChatterBot Juliett reevaluating
ChatterBot Foxtrot reevaluating
ChatterBot Alpha reevaluating
ChatterBot Juliett reevaluating
ChatterBot Foxtrot reevaluating
ChatterBot Alpha reevaluating
ChatterBot Juliett reevaluating
ChatterBot Foxtrot reevaluating
ChatterBot Alpha reevaluating
ChatterBot Uniform round 11
2024-10-14 17:26:42.615436 X-ray: Whiskey we want you to join our group
2024-10-14 17:26:42.617725 Whiskey: No
ChatterBot Foxtrot reevaluating
ChatterBot Alpha reevaluating
2024-10-14 17:26:42.637675 Golf: Bravo, sending you 1
2024-10-14 17:26:42.638348 Echo: Bravo, Papa and Uniform, sending you 3
2024-10-14 17:26:42.638894 Bravo: Golf, sending you 1
2024-10-14 17:26:42.639686 Whiskey: Same as last round
2024-10-14 17:26:42.642656 Golf: Echo, sending you 9
2024-10-14 17:26:42.643243 Bravo: Echo, sending you 4
2024-10-14 17:26:42.643788 Echo: Golf, sending you 7
2024-10-14 17:26:42.646139 Juliett: Whiskey, sending you 3
2024-10-14 17:26:42.646504 Golf: Papa, sending you 3
2024-10-14 17:26:42.647688 Bravo: Papa and Uniform, sending you 3
2024-10-14 17:26:42.650665 Juliett: Foxtrot and Alpha, sending you 2
2024-10-14 17:26:42.651578 Golf: Uniform, sending you 5
2024-10-14 17:26:42.652663 Papa: Bravo, Echo and Uniform, sending you 4
2024-10-14 17:26:42.653678 X-ray: Whiskey and Foxtrot, sending you 4
2024-10-14 17:26:42.654187 Foxtrot: Whiskey and Juliett, sending you 2
2024-10-14 17:26:42.655661 Papa: Golf, sending you 3
2024-10-14 17:26:42.656688 X-ray: Alpha, sending you 5
2024-10-14 17:26:42.657702 Uniform: Bravo, Echo and Papa, sending you 3
2024-10-14 17:26:42.659299 Foxtrot: X-ray and Alpha, sending you 3
2024-10-14 17:26:42.661668 Alpha: X-ray, sending you 10
2024-10-14 17:26:42.662660 Uniform: Golf, sending you 4
2024-10-14 17:26:42.665968 Alpha: Foxtrot, sending you 4
chatterbot Echo submitting transactions
chatterbot Alpha submitting transactions
chatterbot Bravo submitting transactions
chatterbot Uniform submitting transactions
chatterbot Foxtrot submitting transactions
chatterbot Whiskey submitting transactions
chatterbot Golf submitting transactions
chatterbot Juliett submitting transactions
chatterbot X-ray submitting transactions
chatterbot Papa submitting transactions
ChatterBot Whiskey round 12
ChatterBot Bravo round 12
ChatterBot Golf round 12
ChatterBot Juliett round 12
ChatterBot X-ray round 12
ChatterBot Echo round 12
ChatterBot Foxtrot round 12
ChatterBot Papa round 12
ChatterBot Alpha round 12
ChatterBot Uniform round 12
2024-10-14 17:26:43.772216 X-ray: We should replace Whiskey with Juliett
ChatterBot Foxtrot reevaluating
2024-10-14 17:26:43.779229 Foxtrot: Yes
2024-10-14 17:26:43.779397 Alpha: No
ChatterBot Foxtrot reevaluating
2024-10-14 17:26:43.814371 X-ray: Juliett we want you to join our group
2024-10-14 17:26:43.817680 Juliett: Yes
ChatterBot Foxtrot reevaluating
2024-10-14 17:26:43.830682 Whiskey: Juliett, sending you 13
2024-10-14 17:26:43.833756 Bravo: Golf, sending you 1
2024-10-14 17:26:43.834845 Whiskey: X-ray, sending you 3
2024-10-14 17:26:43.836667 Juliett: Whiskey, sending you 3
2024-10-14 17:26:43.838662 Bravo: Echo, sending you 4
2024-10-14 17:26:43.839558 Whiskey: Foxtrot, sending you 2
2024-10-14 17:26:43.840670 Alpha: Juliett, sending you 2
2024-10-14 17:26:43.841698 Juliett: Foxtrot and Alpha, sending you 2
2024-10-14 17:26:43.843666 Bravo: Papa and Uniform, sending you 3
2024-10-14 17:26:43.845011 Echo: Bravo, Papa and Uniform, sending you 3
2024-10-14 17:26:43.845518 Alpha: X-ray, sending you 10
2024-10-14 17:26:43.846002 Golf: Bravo, sending you 1
2024-10-14 17:26:43.847413 X-ray: Juliett and Foxtrot, sending you 4
2024-10-14 17:26:43.848075 Foxtrot: Juliett and Alpha, sending you 3
2024-10-14 17:26:43.849255 Uniform: Bravo, Echo and Papa, sending you 3
2024-10-14 17:26:43.850007 Echo: Golf, sending you 6
2024-10-14 17:26:43.850797 Alpha: Foxtrot, sending you 4
2024-10-14 17:26:43.851304 Papa: Bravo, sending you 3
2024-10-14 17:26:43.852666 Golf: Echo, sending you 9
2024-10-14 17:26:43.853577 X-ray: Alpha, sending you 5
2024-10-14 17:26:43.853985 Foxtrot: X-ray, sending you 4
2024-10-14 17:26:43.854964 Uniform: Golf, sending you 4
2024-10-14 17:26:43.858077 Papa: Golf, Echo and Uniform, sending you 4
2024-10-14 17:26:43.859359 Golf: Papa, sending you 3
2024-10-14 17:26:43.865679 Golf: Uniform, sending you 5
chatterbot Foxtrot submitting transactions
chatterbot Echo submitting transactions
chatterbot Papa submitting transactions
chatterbot X-ray submitting transactions
chatterbot Bravo submitting transactions
chatterbot Alpha submitting transactions
chatterbot Whiskey submitting transactions
chatterbot Juliett submitting transactions
chatterbot Golf submitting transactions
chatterbot Uniform submitting transactions
ChatterBot Whiskey round 13
ChatterBot Bravo round 13
ChatterBot Golf round 13
ChatterBot Juliett round 13
ChatterBot X-ray round 13
ChatterBot Echo round 13
ChatterBot Foxtrot round 13
ChatterBot Papa round 13
ChatterBot Alpha round 13
ChatterBot Uniform round 13
2024-10-14 17:26:44.980472 Foxtrot: We should add Whiskey
2024-10-14 17:26:44.996334 X-ray: No
2024-10-14 17:26:44.996513 Alpha: Yes
2024-10-14 17:26:44.996646 Juliett: Yes
ChatterBot Foxtrot reevaluating
ChatterBot Foxtrot reevaluating
ChatterBot Foxtrot reevaluating
2024-10-14 17:26:45.059655 Bravo: Golf, sending you 1
2024-10-14 17:26:45.063681 Bravo: Echo, sending you 4
2024-10-14 17:26:45.065417 Whiskey: Juliett, sending you 13
2024-10-14 17:26:45.067695 Golf: Bravo, sending you 1
2024-10-14 17:26:45.069251 Bravo: Papa and Uniform, sending you 3
2024-10-14 17:26:45.071052 X-ray: Juliett and Foxtrot, sending you 4
2024-10-14 17:26:45.071728 Whiskey: X-ray and Foxtrot, sending you 2
2024-10-14 17:26:45.072195 Juliett: Whiskey, X-ray and Foxtrot, sending you 2
2024-10-14 17:26:45.073465 Golf: Echo, sending you 9
2024-10-14 17:26:45.074437 Echo: Bravo, Papa and Uniform, sending you 3
2024-10-14 17:26:45.075834 Papa: Bravo, sending you 3
2024-10-14 17:26:45.076757 Alpha: Juliett, sending you 3
2024-10-14 17:26:45.077627 Uniform: Bravo, Echo and Papa, sending you 3
2024-10-14 17:26:45.078454 X-ray: Alpha, sending you 5
2024-10-14 17:26:45.078850 Whiskey: Alpha, sending you 1
2024-10-14 17:26:45.079882 Juliett: Alpha, sending you 1
2024-10-14 17:26:45.080339 Foxtrot: Juliett and Alpha, sending you 3
2024-10-14 17:26:45.080904 Golf: Papa, sending you 3
2024-10-14 17:26:45.082211 Echo: Golf, sending you 6
2024-10-14 17:26:45.083500 Papa: Golf, Echo and Uniform, sending you 4
2024-10-14 17:26:45.084411 Uniform: Golf, sending you 4
2024-10-14 17:26:45.085755 Alpha: X-ray, sending you 10
2024-10-14 17:26:45.086314 Foxtrot: X-ray, sending you 4
2024-10-14 17:26:45.086771 Golf: Uniform, sending you 5
2024-10-14 17:26:45.088701 Alpha: Foxtrot, sending you 4
chatterbot Alpha submitting transactions
chatterbot Whiskey submitting transactions
chatterbot Uniform submitting transactions
chatterbot Papa submitting transactions
chatterbot Foxtrot submitting transactions
chatterbot Juliett submitting transactions
chatterbot Golf submitting transactions
chatterbot Bravo submitting transactions
chatterbot X-ray submitting transactions
chatterbot Echo submitting transactions
ChatterBot Whiskey round 14
ChatterBot Bravo round 14
ChatterBot Golf round 14
ChatterBot Juliett round 14
ChatterBot X-ray round 14
ChatterBot Echo round 14
ChatterBot Foxtrot round 14
ChatterBot Papa round 14
ChatterBot Alpha round 14
ChatterBot Uniform round 14
2024-10-14 17:26:46.049001 Foxtrot: We should add Whiskey and Golf
ChatterBot Alpha reevaluating
2024-10-14 17:26:46.063008 X-ray: No
2024-10-14 17:26:46.063702 Alpha: No
2024-10-14 17:26:46.063859 Juliett: No
ChatterBot Foxtrot reevaluating
ChatterBot Alpha reevaluating
ChatterBot Foxtrot reevaluating
ChatterBot Foxtrot reevaluating
ChatterBot Alpha reevaluating
2024-10-14 17:26:46.131921 Alpha: We should drop Whiskey
ChatterBot Foxtrot reevaluating
2024-10-14 17:26:46.142351 X-ray: Yes
2024-10-14 17:26:46.142498 Foxtrot: Yes
2024-10-14 17:26:46.143002 Juliett: No
ChatterBot Foxtrot reevaluating
ChatterBot Alpha reevaluating
ChatterBot Foxtrot reevaluating
ChatterBot Alpha reevaluating
2024-10-14 17:26:46.169421 Alpha: We should add Bravo
ChatterBot Foxtrot reevaluating
2024-10-14 17:26:46.180529 Foxtrot: Yes
2024-10-14 17:26:46.180656 X-ray: No
2024-10-14 17:26:46.180760 Whiskey: No
2024-10-14 17:26:46.180870 Juliett: No
ChatterBot Alpha reevaluating
ChatterBot Juliett reevaluating
ChatterBot Foxtrot reevaluating
ChatterBot Alpha reevaluating
ChatterBot Juliett reevaluating
ChatterBot Foxtrot reevaluating
ChatterBot Alpha reevaluating
ChatterBot Juliett reevaluating
ChatterBot Foxtrot reevaluating
ChatterBot Alpha reevaluating
2024-10-14 17:26:46.235690 Echo: Bravo, Papa and Uniform, sending you 3
2024-10-14 17:26:46.237754 Golf: Bravo, sending you 1
2024-10-14 17:26:46.238529 Bravo: Golf, sending you 1
2024-10-14 17:26:46.239957 X-ray: Juliett and Foxtrot, sending you 4
2024-10-14 17:26:46.240403 Whiskey: Juliett, sending you 14
2024-10-14 17:26:46.240925 Papa: Bravo, sending you 3
2024-10-14 17:26:46.243777 Uniform: Bravo, Echo and Papa, sending you 3
2024-10-14 17:26:46.244922 Echo: Golf, sending you 6
2024-10-14 17:26:46.246183 Golf: Echo, sending you 9
2024-10-14 17:26:46.246857 Bravo: Echo, sending you 4
2024-10-14 17:26:46.247575 X-ray: Alpha, sending you 5
