ChatterBot Hotel round 1
ChatterBot Alpha round 1
ChatterBot Romeo round 1
ChatterBot Lima round 1
ChatterBot Foxtrot round 1
ChatterBot Kilo round 1
ChatterBot Victor round 1
ChatterBot Charlie round 1
ChatterBot India round 1
ChatterBot Echo round 1
randomSelections Hotel: {Hotel, India, Foxtrot, Charlie, Alpha, Kilo, Romeo} 
2024-10-14 17:26:28.578737 Hotel: Can we be friends?
ChatterBot India reevaluating
ChatterBot Foxtrot reevaluating
ChatterBot Charlie reevaluating
ChatterBot Alpha reevaluating
ChatterBot Kilo reevaluating
ChatterBot Romeo reevaluating
2024-10-14 17:26:28.615651 India: Yes
2024-10-14 17:26:28.615834 Foxtrot: Yes
2024-10-14 17:26:28.615976 Charlie: Yes
2024-10-14 17:26:28.616263 Alpha: Yes
2024-10-14 17:26:28.616603 Kilo: Yes
2024-10-14 17:26:28.617427 Romeo: Yes
ChatterBot Foxtrot reevaluating
ChatterBot Charlie reevaluating
ChatterBot Alpha reevaluating
ChatterBot Kilo reevaluating
ChatterBot Romeo reevaluating
ChatterBot India reevaluating
ChatterBot Charlie reevaluating
ChatterBot Alpha reevaluating
ChatterBot Kilo reevaluating
ChatterBot Romeo reevaluating
ChatterBot India reevaluating
ChatterBot Foxtrot reevaluating
ChatterBot Alpha reevaluating
ChatterBot Kilo reevaluating
ChatterBot Romeo reevaluating
ChatterBot India reevaluating
ChatterBot Foxtrot reevaluating
ChatterBot Charlie reevaluating
ChatterBot Kilo reevaluating
ChatterBot Romeo reevaluating
ChatterBot India reevaluating
ChatterBot Foxtrot reevaluating
ChatterBot Charlie reevaluating
ChatterBot Alpha reevaluating
ChatterBot Romeo reevaluating
ChatterBot India reevaluating
ChatterBot Foxtrot reevaluating
ChatterBot Charlie reevaluating
ChatterBot Alpha reevaluating
ChatterBot Kilo reevaluating
randomSelections Lima: {Lima, Charlie, Victor, Hotel, Foxtrot, India} 
2024-10-14 17:26:28.684600 Lima: We would work well together
ChatterBot Charlie reevaluating
ChatterBot Victor reevaluating
ChatterBot Foxtrot reevaluating
ChatterBot India reevaluating
2024-10-14 17:26:28.693224 Charlie: No
2024-10-14 17:26:28.693599 Victor: Yes
2024-10-14 17:26:28.693809 Hotel: No
2024-10-14 17:26:28.695147 Foxtrot: No
2024-10-14 17:26:28.695737 India: No
ChatterBot Victor reevaluating
ChatterBot Foxtrot reevaluating
ChatterBot India reevaluating
ChatterBot Charlie reevaluating
ChatterBot Foxtrot reevaluating
ChatterBot India reevaluating
ChatterBot Charlie reevaluating
ChatterBot Victor reevaluating
ChatterBot Foxtrot reevaluating
ChatterBot India reevaluating
ChatterBot Charlie reevaluating
ChatterBot Victor reevaluating
ChatterBot India reevaluating
ChatterBot Charlie reevaluating
ChatterBot Victor reevaluating
ChatterBot Foxtrot reevaluating
randomSelections Echo: {Echo, India, Charlie, Victor, Lima, Hotel, Kilo} 
2024-10-14 17:26:28.746323 Echo: Group up?
ChatterBot India reevaluating
ChatterBot Charlie reevaluating
ChatterBot Victor reevaluating
ChatterBot Kilo reevaluating
2024-10-14 17:26:28.757078 India: No
2024-10-14 17:26:28.757221 Charlie: No
2024-10-14 17:26:28.757340 Victor: No
2024-10-14 17:26:28.757462 Lima: No
2024-10-14 17:26:28.757578 Hotel: No
2024-10-14 17:26:28.758503 Kilo: No
ChatterBot Charlie reevaluating
ChatterBot Victor reevaluating
ChatterBot Kilo reevaluating
ChatterBot India reevaluating
ChatterBot Victor reevaluating
ChatterBot Kilo reevaluating
ChatterBot India reevaluating
ChatterBot Charlie reevaluating
ChatterBot Kilo reevaluating
ChatterBot India reevaluating
ChatterBot Charlie reevaluating
ChatterBot Victor reevaluating
ChatterBot Kilo reevaluating
ChatterBot India reevaluating
ChatterBot Charlie reevaluating
ChatterBot Victor reevaluating
ChatterBot Kilo reevaluating
ChatterBot India reevaluating
ChatterBot Charlie reevaluating
ChatterBot Victor reevaluating
2024-10-14 17:26:28.862689 Hotel: Alpha, Romeo and Foxtrot, sending you 1
2024-10-14 17:26:28.866698 Charlie: Hotel and Alpha, sending you 2
2024-10-14 17:26:28.867125 Romeo: Hotel, Kilo and Charlie, sending you 4
2024-10-14 17:26:28.868346 Hotel: Kilo, Charlie and India, sending you 2
2024-10-14 17:26:28.868758 Echo: Hotel and India, sending you 1
2024-10-14 17:26:28.870673 Romeo: Alpha and India, sending you 2
2024-10-14 17:26:28.871662 Kilo: Hotel, sending you 7
2024-10-14 17:26:28.873023 Charlie: Romeo, sending you 4
2024-10-14 17:26:28.873544 Echo: Lima, Kilo and Charlie, sending you 2
2024-10-14 17:26:28.873952 Victor: Hotel, sending you 2
2024-10-14 17:26:28.874296 Lima: Hotel, Victor and India, sending you 2
2024-10-14 17:26:28.875521 India: Hotel, Alpha and Charlie, sending you 3
2024-10-14 17:26:28.876012 Romeo: Foxtrot, sending you 1
2024-10-14 17:26:28.876398 Kilo: Alpha, sending you 4
2024-10-14 17:26:28.877796 Charlie: Foxtrot and India, sending you 1
2024-10-14 17:26:28.878177 Echo: Victor, sending you 3
2024-10-14 17:26:28.878503 Foxtrot: Hotel and Romeo, sending you 2
2024-10-14 17:26:28.879563 Victor: Foxtrot and India, sending you 1
2024-10-14 17:26:28.879846 Lima: Foxtrot, sending you 1
2024-10-14 17:26:28.880066 Kilo: Romeo and India, sending you 2
2024-10-14 17:26:28.884537 India: Romeo, sending you 1
2024-10-14 17:26:28.885039 Charlie: Kilo, sending you 3
2024-10-14 17:26:28.886193 Victor: Charlie, sending you 3
2024-10-14 17:26:28.886541 Kilo: Foxtrot, sending you 3
2024-10-14 17:26:28.887 Foxtrot: Alpha, Charlie and India, sending you 1
2024-10-14 17:26:28.888260 India: Foxtrot and Kilo, sending you 2
2024-10-14 17:26:28.890328 Kilo: Charlie, sending you 1
chatterbot Lima submitting transactions
chatterbot Kilo submitting transactions
chatterbot Hotel submitting transactions
chatterbot Foxtrot submitting transactions
chatterbot Victor submitting transactions
chatterbot Romeo submitting transactions
chatterbot Charlie submitting transactions
chatterbot Echo submitting transactions
chatterbot Alpha submitting transactions
chatterbot India submitting transactions
ChatterBot Hotel round 2
ChatterBot Alpha round 2
ChatterBot Romeo round 2
ChatterBot Lima round 2
ChatterBot Foxtrot round 2
ChatterBot Kilo round 2
ChatterBot Victor round 2
ChatterBot Charlie round 2
ChatterBot India round 2
ChatterBot Echo round 2
2024-10-14 17:26:30.355847 Lima: Group up?
ChatterBot Victor reevaluating
ChatterBot Echo reevaluating
2024-10-14 17:26:30.364594 Victor: Yes
2024-10-14 17:26:30.364771 Echo: Yes
ChatterBot Echo reevaluating
ChatterBot Victor reevaluating
2024-10-14 17:26:30.408757 Kilo: We should replace Alpha with Echo
2024-10-14 17:26:30.426755 Hotel: No
2024-10-14 17:26:30.427273 Romeo: No
2024-10-14 17:26:30.427386 Foxtrot: No
2024-10-14 17:26:30.427500 Charlie: No
2024-10-14 17:26:30.427659 India: No
ChatterBot Kilo reevaluating
ChatterBot Kilo reevaluating
ChatterBot Kilo reevaluating
ChatterBot Kilo reevaluating
ChatterBot Kilo reevaluating
ChatterBot Romeo reevaluating
2024-10-14 17:26:30.524002 Hotel: We should drop Alpha
ChatterBot Kilo reevaluating
ChatterBot Romeo reevaluating
2024-10-14 17:26:30.542080 Kilo: Yes
2024-10-14 17:26:30.542227 Romeo: Yes
2024-10-14 17:26:30.542325 Foxtrot: Yes
2024-10-14 17:26:30.542732 Charlie: Yes
2024-10-14 17:26:30.542845 India: Yes
ChatterBot Romeo reevaluating
ChatterBot Kilo reevaluating
ChatterBot Kilo reevaluating
ChatterBot Romeo reevaluating
ChatterBot Kilo reevaluating
ChatterBot Romeo reevaluating
ChatterBot Kilo reevaluating
ChatterBot Romeo reevaluating
2024-10-14 17:26:30.786835 Kilo: Echo we want you to join our group
2024-10-14 17:26:30.791764 Echo: No
ChatterBot Kilo reevaluating
ChatterBot Romeo reevaluating
chatterbot Lima submitting transactions
2024-10-14 17:26:30.815755 Alpha: Romeo, Kilo, Charlie and India, sending you 1
2024-10-14 17:26:31.026873 Echo: Lima, sending you 6
2024-10-14 17:26:31.027873 Victor: Lima, sending you 3
2024-10-14 17:26:31.028069 Lima: Victor, sending you 1
2024-10-14 17:26:31.028257 Hotel: Romeo, Foxtrot, Kilo and India, sending you 3
2024-10-14 17:26:31.028552 Foxtrot: Hotel, Romeo and Charlie, sending you 1
2024-10-14 17:26:31.028849 Charlie: Hotel, sending you 2
chatterbot India submitting transactions
chatterbot Charlie submitting transactions
2024-10-14 17:26:31.188272 Echo: Victor, sending you 5
2024-10-14 17:26:31.189035 Lima: Echo, sending you 6
2024-10-14 17:26:31.189301 Hotel: Charlie, sending you 1
2024-10-14 17:26:31.189719 India: Hotel, Foxtrot, Kilo and Charlie, sending you 3
2024-10-14 17:26:31.190089 Victor: Echo, sending you 4
2024-10-14 17:26:31.190920 Charlie: Romeo, sending you 6
2024-10-14 17:26:31.191344 Foxtrot: Kilo and India, sending you 2
2024-10-14 17:26:31.232865 Charlie: Foxtrot and Kilo, sending you 1
2024-10-14 17:26:31.233685 India: Romeo, sending you 2
2024-10-14 17:26:31.251750 Kilo: Hotel, Foxtrot, Charlie, India and Echo, sending you 3
2024-10-14 17:26:31.252349 Charlie: India, sending you 3
2024-10-14 17:26:31.252973 Romeo: Hotel and India, sending you 2
2024-10-14 17:26:31.342765 Kilo: Romeo, sending you 4
2024-10-14 17:26:31.344152 Romeo: Foxtrot and Kilo, sending you 3
2024-10-14 17:26:31.357238 Romeo: Charlie, sending you 7
chatterbot Alpha submitting transactions
chatterbot Echo submitting transactions
chatterbot Victor submitting transactions
chatterbot Hotel submitting transactions
chatterbot Kilo submitting transactions
chatterbot Foxtrot submitting transactions
chatterbot Romeo submitting transactions
ChatterBot Hotel round 3
ChatterBot Alpha round 3
ChatterBot Romeo round 3
ChatterBot Lima round 3
ChatterBot Foxtrot round 3
ChatterBot Kilo round 3
ChatterBot Victor round 3
ChatterBot Charlie round 3
ChatterBot India round 3
ChatterBot Echo round 3
2024-10-14 17:26:31.876889 Kilo: We should drop Echo
2024-10-14 17:26:31.895743 Hotel: Yes
2024-10-14 17:26:31.896075 Romeo: Yes
2024-10-14 17:26:31.896787 Foxtrot: Yes
2024-10-14 17:26:31.897064 Charlie: Yes
2024-10-14 17:26:31.897268 India: Yes
2024-10-14 17:26:32.000415 Hotel: Romeo, Kilo, Charlie and India, sending you 3
2024-10-14 17:26:32.000974 Lima: Victor, sending you 2
2024-10-14 17:26:32.001299 Alpha: Romeo, Charlie and India, sending you 1
2024-10-14 17:26:32.002347 Charlie: Hotel and Kilo, sending you 2
2024-10-14 17:26:32.002688 India: Hotel, Romeo and Charlie, sending you 3
2024-10-14 17:26:32.004711 Hotel: Foxtrot, sending you 1
2024-10-14 17:26:32.005605 Lima: Echo, sending you 5
2024-10-14 17:26:32.013423 Alpha: Kilo, sending you 2
2024-10-14 17:26:32.014161 Charlie: Romeo, sending you 5
2024-10-14 17:26:32.015343 India: Foxtrot and Kilo, sending you 2
2024-10-14 17:26:32.015983 Romeo: Hotel, sending you 3
2024-10-14 17:26:32.017016 Echo: Lima, sending you 6
2024-10-14 17:26:32.017408 Kilo: Hotel, Romeo, Charlie and India, sending you 4
2024-10-14 17:26:32.018709 Foxtrot: Hotel, Romeo, Charlie and India, sending you 1
2024-10-14 17:26:32.022345 Charlie: Foxtrot, sending you 1
2024-10-14 17:26:32.023093 Romeo: Foxtrot and India, sending you 2
2024-10-14 17:26:32.024294 Echo: Victor, sending you 5
2024-10-14 17:26:32.024763 Foxtrot: Kilo, sending you 3
2024-10-14 17:26:32.025918 Victor: Lima, sending you 3
2024-10-14 17:26:32.026302 Kilo: Foxtrot, sending you 3
2024-10-14 17:26:32.027434 Charlie: India, sending you 3
2024-10-14 17:26:32.028004 Romeo: Kilo, sending you 4
2024-10-14 17:26:32.030893 Victor: Echo, sending you 4
2024-10-14 17:26:32.032852 Romeo: Charlie, sending you 6
chatterbot Hotel submitting transactions
chatterbot Foxtrot submitting transactions
chatterbot Kilo submitting transactions
chatterbot Romeo submitting transactions
chatterbot Lima submitting transactions
chatterbot Echo submitting transactions
chatterbot Charlie submitting transactions
chatterbot Alpha submitting transactions
chatterbot India submitting transactions
chatterbot Victor submitting transactions
ChatterBot Hotel round 4
ChatterBot Alpha round 4
ChatterBot Romeo round 4
ChatterBot Lima round 4
ChatterBot Foxtrot round 4
ChatterBot Kilo round 4
ChatterBot Victor round 4
ChatterBot Charlie round 4
ChatterBot India round 4
ChatterBot Echo round 4
2024-10-14 17:26:33.154683 Hotel: Romeo, Kilo, Charlie and India, sending you 3
2024-10-14 17:26:33.156672 Kilo: Hotel, Romeo, Foxtrot and India, sending you 4
2024-10-14 17:26:33.158211 Alpha: Hotel, Romeo, Charlie and India, sending you 1
2024-10-14 17:26:33.159271 Hotel: Foxtrot, sending you 1
2024-10-14 17:26:33.160836 Foxtrot: Hotel, Romeo, Charlie and India, sending you 1
2024-10-14 17:26:33.161843 Romeo: Hotel and India, sending you 3
2024-10-14 17:26:33.163140 Kilo: Charlie, sending you 3
2024-10-14 17:26:33.163726 Victor: Lima, sending you 3
2024-10-14 17:26:33.165 Alpha: Kilo, sending you 2
2024-10-14 17:26:33.165705 Foxtrot: Kilo, sending you 3
2024-10-14 17:26:33.167371 Romeo: Foxtrot, sending you 1
2024-10-14 17:26:33.168264 Charlie: Hotel and Kilo, sending you 2
2024-10-14 17:26:33.169673 Lima: Victor, sending you 2
2024-10-14 17:26:33.171131 India: Hotel, Romeo, Foxtrot and Charlie, sending you 3
2024-10-14 17:26:33.172225 Victor: Echo, sending you 4
2024-10-14 17:26:33.173446 Echo: Lima, sending you 6
2024-10-14 17:26:33.174086 Romeo: Kilo, sending you 4
2024-10-14 17:26:33.175908 Charlie: Romeo, sending you 5
2024-10-14 17:26:33.177289 Lima: Echo, sending you 5
2024-10-14 17:26:33.177930 India: Kilo, sending you 2
2024-10-14 17:26:33.179462 Echo: Victor, sending you 5
2024-10-14 17:26:33.180225 Charlie: Foxtrot, sending you 1
2024-10-14 17:26:33.181936 Romeo: Charlie, sending you 6
2024-10-14 17:26:33.186691 Charlie: India, sending you 3
chatterbot Lima submitting transactions
chatterbot Alpha submitting transactions
chatterbot Hotel submitting transactions
chatterbot Echo submitting transactions
chatterbot Foxtrot submitting transactions
chatterbot Romeo submitting transactions
chatterbot Kilo submitting transactions
chatterbot Victor submitting transactions
chatterbot Charlie submitting transactions
chatterbot India submitting transactions
ChatterBot Hotel round 5
ChatterBot Alpha round 5
ChatterBot Romeo round 5
ChatterBot Lima round 5
ChatterBot Foxtrot round 5
ChatterBot Kilo round 5
ChatterBot Victor round 5
ChatterBot Charlie round 5
ChatterBot India round 5
ChatterBot Echo round 5
2024-10-14 17:26:34.433833 Lima: Victor, sending you 2
2024-10-14 17:26:34.434679 Alpha: Hotel, Romeo and Charlie, sending you 1
2024-10-14 17:26:34.437665 Lima: Echo, sending you 5
2024-10-14 17:26:34.438693 Alpha: Kilo and India, sending you 2
2024-10-14 17:26:34.439725 Romeo: Hotel and India, sending you 3
2024-10-14 17:26:34.442655 Foxtrot: Hotel, Romeo and Charlie, sending you 1
2024-10-14 17:26:34.443680 Hotel: Romeo, Kilo, Charlie and India, sending you 3
2024-10-14 17:26:34.444996 Romeo: Foxtrot, sending you 1
2024-10-14 17:26:34.446680 Foxtrot: Kilo and India, sending you 2
2024-10-14 17:26:34.447949 Kilo: Hotel, Romeo, Foxtrot and India, sending you 4
2024-10-14 17:26:34.448564 Hotel: Foxtrot, sending you 1
2024-10-14 17:26:34.449225 Romeo: Kilo, sending you 4
2024-10-14 17:26:34.450788 Victor: Lima, sending you 3
2024-10-14 17:26:34.451697 India: Hotel, Romeo and Charlie, sending you 3
2024-10-14 17:26:34.452700 Kilo: Charlie, sending you 3
2024-10-14 17:26:34.453795 Charlie: Hotel and Kilo, sending you 2
2024-10-14 17:26:34.454702 Romeo: Charlie, sending you 6
2024-10-14 17:26:34.455431 Echo: Lima, sending you 6
2024-10-14 17:26:34.455770 Victor: Echo, sending you 4
2024-10-14 17:26:34.456686 India: Foxtrot and Kilo, sending you 2
2024-10-14 17:26:34.458886 Charlie: Romeo, sending you 5
2024-10-14 17:26:34.459537 Echo: Victor, sending you 5
2024-10-14 17:26:34.462677 Charlie: Foxtrot, sending you 1
2024-10-14 17:26:34.466141 Charlie: India, sending you 3
chatterbot Victor submitting transactions
chatterbot Echo submitting transactions
chatterbot Charlie submitting transactions
chatterbot Hotel submitting transactions
chatterbot India submitting transactions
chatterbot Kilo submitting transactions
chatterbot Alpha submitting transactions
chatterbot Romeo submitting transactions
chatterbot Lima submitting transactions
chatterbot Foxtrot submitting transactions
ChatterBot Hotel round 6
ChatterBot Alpha round 6
ChatterBot Romeo round 6
ChatterBot Lima round 6
ChatterBot Foxtrot round 6
ChatterBot Kilo round 6
ChatterBot Victor round 6
ChatterBot Charlie round 6
ChatterBot India round 6
ChatterBot Echo round 6
2024-10-14 17:26:35.510036 Kilo: We should add Alpha
2024-10-14 17:26:35.553526 Hotel: No
2024-10-14 17:26:35.553812 Romeo: No
2024-10-14 17:26:35.553943 Foxtrot: No
2024-10-14 17:26:35.554084 Charlie: No
2024-10-14 17:26:35.554198 India: No
ChatterBot Kilo reevaluating
ChatterBot Kilo reevaluating
ChatterBot Kilo reevaluating
ChatterBot Kilo reevaluating
ChatterBot Kilo reevaluating
2024-10-14 17:26:35.667657 Alpha: Hotel, Romeo and Charlie, sending you 1
2024-10-14 17:26:35.673701 Alpha: Kilo and India, sending you 2
2024-10-14 17:26:35.675803 Foxtrot: Hotel, Romeo and Charlie, sending you 1
2024-10-14 17:26:35.677085 Hotel: Romeo, Kilo, Charlie and India, sending you 3
2024-10-14 17:26:35.678846 Lima: Victor, sending you 3
2024-10-14 17:26:35.679452 Charlie: Hotel and Kilo, sending you 2
2024-10-14 17:26:35.681538 Echo: Lima, sending you 6
2024-10-14 17:26:35.682062 Foxtrot: Kilo and India, sending you 2
2024-10-14 17:26:35.683187 Lima: Echo, sending you 4
2024-10-14 17:26:35.684787 Hotel: Foxtrot, sending you 1
2024-10-14 17:26:35.685568 Victor: Lima, sending you 3
2024-10-14 17:26:35.686333 Echo: Victor, sending you 5
2024-10-14 17:26:35.687582 Romeo: Hotel and India, sending you 3
2024-10-14 17:26:35.688801 Charlie: Romeo, sending you 5
2024-10-14 17:26:35.690525 India: Hotel and Charlie, sending you 3
2024-10-14 17:26:35.691594 Victor: Echo, sending you 4
2024-10-14 17:26:35.692685 Romeo: Foxtrot, sending you 1
2024-10-14 17:26:35.693792 Charlie: Foxtrot, sending you 1
2024-10-14 17:26:35.694586 Kilo: Hotel, Romeo, Foxtrot and Charlie, sending you 4
2024-10-14 17:26:35.696047 India: Romeo, Foxtrot and Kilo, sending you 2
2024-10-14 17:26:35.696980 Romeo: Kilo, sending you 4
2024-10-14 17:26:35.698964 Charlie: India, sending you 3
2024-10-14 17:26:35.700058 Kilo: India, sending you 3
2024-10-14 17:26:35.703655 Romeo: Charlie, sending you 6
chatterbot Romeo submitting transactions
chatterbot Echo submitting transactions
chatterbot Foxtrot submitting transactions
chatterbot Charlie submitting transactions
chatterbot Kilo submitting transactions
chatterbot Hotel submitting transactions
chatterbot Victor submitting transactions
chatterbot Alpha submitting transactions
chatterbot Lima submitting transactions
chatterbot India submitting transactions
ChatterBot Hotel round 7
ChatterBot Alpha round 7
ChatterBot Romeo round 7
ChatterBot Lima round 7
ChatterBot Foxtrot round 7
ChatterBot Kilo round 7
ChatterBot Victor round 7
ChatterBot Charlie round 7
ChatterBot India round 7
ChatterBot Echo round 7
2024-10-14 17:26:36.840682 Romeo: Hotel and India, sending you 3
2024-10-14 17:26:36.844687 Foxtrot: Hotel, Romeo and Charlie, sending you 1
2024-10-14 17:26:36.845607 Romeo: Foxtrot, sending you 1
2024-10-14 17:26:36.846424 Hotel: Romeo, Kilo, Charlie and India, sending you 3
2024-10-14 17:26:36.848677 Romeo: Kilo, sending you 4
2024-10-14 17:26:36.849663 Foxtrot: Kilo and India, sending you 2
2024-10-14 17:26:36.851677 Romeo: Charlie, sending you 6
2024-10-14 17:26:36.852653 Hotel: Foxtrot, sending you 1
2024-10-14 17:26:36.853800 Charlie: Hotel and Kilo, sending you 2
2024-10-14 17:26:36.856724 Lima: Victor, sending you 3
2024-10-14 17:26:36.857099 Alpha: Hotel, Romeo and Charlie, sending you 1
2024-10-14 17:26:36.857685 Charlie: Romeo, sending you 5
2024-10-14 17:26:36.858528 Kilo: Hotel, Romeo, Foxtrot and Charlie, sending you 4
2024-10-14 17:26:36.859344 Echo: Lima, sending you 6
2024-10-14 17:26:36.860673 Victor: Lima, sending you 3
2024-10-14 17:26:36.860926 Lima: Echo, sending you 4
2024-10-14 17:26:36.861662 Alpha: Kilo and India, sending you 2
2024-10-14 17:26:36.862097 Charlie: Foxtrot, sending you 1
2024-10-14 17:26:36.863203 Kilo: India, sending you 3
2024-10-14 17:26:36.863701 India: Hotel and Charlie, sending you 3
2024-10-14 17:26:36.864666 Echo: Victor, sending you 5
2024-10-14 17:26:36.864956 Victor: Echo, sending you 4
2024-10-14 17:26:36.867669 Charlie: India, sending you 3
2024-10-14 17:26:36.868884 India: Romeo, Foxtrot and Kilo, sending you 2
chatterbot Victor submitting transactions
chatterbot Kilo submitting transactions
chatterbot Alpha submitting transactions
chatterbot Hotel submitting transactions
chatterbot Romeo submitting transactions
chatterbot Foxtrot submitting transactions
chatterbot Echo submitting transactions
chatterbot India submitting transactions
chatterbot Lima submitting transactions
chatterbot Charlie submitting transactions
ChatterBot Hotel round 8
ChatterBot Alpha round 8
ChatterBot Romeo round 8
ChatterBot Lima round 8
ChatterBot Foxtrot round 8
ChatterBot Kilo round 8
ChatterBot Victor round 8
ChatterBot Charlie round 8
ChatterBot India round 8
ChatterBot Echo round 8
2024-10-14 17:26:38.055722 Romeo: Hotel and India, sending you 3
2024-10-14 17:26:38.056900 Alpha: Hotel, Romeo, Foxtrot and Charlie, sending you 1
2024-10-14 17:26:38.061575 Romeo: Foxtrot, sending you 1
2024-10-14 17:26:38.062380 Alpha: Kilo and India, sending you 2
2024-10-14 17:26:38.063704 Hotel: Romeo, Kilo, Charlie and India, sending you 3
2024-10-14 17:26:38.064943 Echo: Lima, sending you 6
2024-10-14 17:26:38.065391 Romeo: Kilo, sending you 4
2024-10-14 17:26:38.066371 Foxtrot: Hotel, Romeo and Charlie, sending you 1
2024-10-14 17:26:38.067552 Lima: Victor, sending you 3
2024-10-14 17:26:38.069 India: Hotel, Romeo, Foxtrot and Kilo, sending you 2
2024-10-14 17:26:38.070040 Echo: Victor, sending you 5
2024-10-14 17:26:38.070485 Romeo: Charlie, sending you 6
2024-10-14 17:26:38.071387 Hotel: Foxtrot, sending you 1
2024-10-14 17:26:38.072289 Charlie: Hotel and Kilo, sending you 2
2024-10-14 17:26:38.073194 Foxtrot: Kilo and India, sending you 2
2024-10-14 17:26:38.074087 Lima: Echo, sending you 4
2024-10-14 17:26:38.074471 Victor: Lima, sending you 3
2024-10-14 17:26:38.074929 Kilo: Hotel, Romeo, Foxtrot and Charlie, sending you 4
2024-10-14 17:26:38.076603 India: Charlie, sending you 3
2024-10-14 17:26:38.077596 Charlie: Romeo, sending you 5
2024-10-14 17:26:38.078181 Victor: Echo, sending you 4
2024-10-14 17:26:38.078671 Kilo: India, sending you 3
2024-10-14 17:26:38.082662 Charlie: Foxtrot, sending you 1
2024-10-14 17:26:38.085674 Charlie: India, sending you 3
chatterbot Victor submitting transactions
chatterbot Romeo submitting transactions
chatterbot Lima submitting transactions
chatterbot Foxtrot submitting transactions
chatterbot Kilo submitting transactions
chatterbot Alpha submitting transactions
chatterbot Hotel submitting transactions
chatterbot Echo submitting transactions
chatterbot India submitting transactions
chatterbot Charlie submitting transactions
ChatterBot Hotel round 9
ChatterBot Alpha round 9
ChatterBot Romeo round 9
ChatterBot Lima round 9
ChatterBot Foxtrot round 9
ChatterBot Kilo round 9
ChatterBot Victor round 9
ChatterBot Charlie round 9
ChatterBot India round 9
ChatterBot Echo round 9
2024-10-14 17:26:39.352681 Lima: Victor, sending you 3
2024-10-14 17:26:39.356671 Lima: Echo, sending you 4
2024-10-14 17:26:39.361677 Romeo: Hotel and India, sending you 3
2024-10-14 17:26:39.362465 India: Hotel, Romeo, Foxtrot and Kilo, sending you 2
2024-10-14 17:26:39.363492 Foxtrot: Hotel, Romeo and Charlie, sending you 1
2024-10-14 17:26:39.364123 Kilo: Hotel, Romeo, Charlie and India, sending you 4
2024-10-14 17:26:39.365675 Victor: Lima, sending you 3
2024-10-14 17:26:39.366684 Romeo: Foxtrot, sending you 1
2024-10-14 17:26:39.368179 India: Charlie, sending you 3
2024-10-14 17:26:39.368800 Charlie: Hotel, sending you 2
2024-10-14 17:26:39.369868 Foxtrot: Kilo and India, sending you 2
2024-10-14 17:26:39.371227 Hotel: Romeo, Kilo, Charlie and India, sending you 3
2024-10-14 17:26:39.372084 Victor: Echo, sending you 4
2024-10-14 17:26:39.372537 Kilo: Foxtrot, sending you 3
2024-10-14 17:26:39.373327 Romeo: Kilo, sending you 4
2024-10-14 17:26:39.374164 Charlie: Romeo, sending you 5
2024-10-14 17:26:39.375397 Alpha: Hotel, Romeo, Foxtrot and Charlie, sending you 1
2024-10-14 17:26:39.376203 Echo: Lima, sending you 6
2024-10-14 17:26:39.376674 Hotel: Foxtrot, sending you 1
2024-10-14 17:26:39.377454 Romeo: Charlie, sending you 6
2024-10-14 17:26:39.378664 Alpha: Kilo and India, sending you 2
2024-10-14 17:26:39.380184 Charlie: Kilo and India, sending you 3
2024-10-14 17:26:39.381159 Echo: Victor, sending you 5
chatterbot Lima submitting transactions
chatterbot Romeo submitting transactions
chatterbot India submitting transactions
chatterbot Kilo submitting transactions
chatterbot Hotel submitting transactions
chatterbot Foxtrot submitting transactions
chatterbot Charlie submitting transactions
chatterbot Echo submitting transactions
chatterbot Alpha submitting transactions
chatterbot Victor submitting transactions
ChatterBot Hotel round 10
ChatterBot Alpha round 10
ChatterBot Romeo round 10
ChatterBot Lima round 10
ChatterBot Foxtrot round 10
ChatterBot Kilo round 10
ChatterBot Victor round 10
ChatterBot Charlie round 10
ChatterBot India round 10
ChatterBot Echo round 10
2024-10-14 17:26:40.576676 Alpha: Hotel, Romeo, Foxtrot and Charlie, sending you 1
2024-10-14 17:26:40.578682 Lima: Victor, sending you 3
2024-10-14 17:26:40.580729 Alpha: Kilo and India, sending you 2
2024-10-14 17:26:40.584658 Lima: Echo, sending you 4
2024-10-14 17:26:40.585012 Romeo: Hotel and India, sending you 3
2024-10-14 17:26:40.588677 Charlie: Hotel, sending you 2
2024-10-14 17:26:40.589680 Romeo: Foxtrot, sending you 1
2024-10-14 17:26:40.590702 Hotel: Romeo, Kilo, Charlie and India, sending you 3
2024-10-14 17:26:40.592534 Kilo: Hotel, Romeo, Charlie and India, sending you 4
2024-10-14 17:26:40.593213 Foxtrot: Hotel, Romeo and Charlie, sending you 1
2024-10-14 17:26:40.593842 Romeo: Kilo, sending you 4
2024-10-14 17:26:40.594446 Charlie: Romeo, sending you 5
2024-10-14 17:26:40.595592 India: Hotel, Romeo, Foxtrot and Kilo, sending you 2
2024-10-14 17:26:40.596278 Hotel: Foxtrot, sending you 1
2024-10-14 17:26:40.596920 Victor: Lima, sending you 3
2024-10-14 17:26:40.597206 Kilo: Foxtrot, sending you 3
2024-10-14 17:26:40.597843 Foxtrot: Kilo and India, sending you 2
2024-10-14 17:26:40.598450 Romeo: Charlie, sending you 6
2024-10-14 17:26:40.599981 Charlie: Kilo and India, sending you 3
2024-10-14 17:26:40.600592 India: Charlie, sending you 3
2024-10-14 17:26:40.601223 Victor: Echo, sending you 4
2024-10-14 17:26:40.604657 Echo: Lima, sending you 6
2024-10-14 17:26:40.608672 Echo: Victor, sending you 5
chatterbot Alpha submitting transactions
chatterbot Echo submitting transactions
chatterbot Kilo submitting transactions
chatterbot Hotel submitting transactions
chatterbot Charlie submitting transactions
chatterbot Foxtrot submitting transactions
chatterbot India submitting transactions
chatterbot Romeo submitting transactions
chatterbot Victor submitting transactions
chatterbot Lima submitting transactions
ChatterBot Hotel round 11
ChatterBot Alpha round 11
ChatterBot Romeo round 11
ChatterBot Lima round 11
ChatterBot Foxtrot round 11
ChatterBot Kilo round 11
ChatterBot Victor round 11
ChatterBot Charlie round 11
ChatterBot India round 11
ChatterBot Echo round 11
2024-10-14 17:26:41.698664 Hotel: Romeo, Kilo, Charlie and India, sending you 3
2024-10-14 17:26:41.699794 Foxtrot: Hotel, Romeo and Charlie, sending you 1
2024-10-14 17:26:41.703699 Hotel: Foxtrot, sending you 1
2024-10-14 17:26:41.705597 Foxtrot: Kilo and India, sending you 2
2024-10-14 17:26:41.706687 Romeo: Hotel and India, sending you 3
2024-10-14 17:26:41.710894 Kilo: Hotel, Romeo, Charlie and India, sending you 4
2024-10-14 17:26:41.711875 Romeo: Foxtrot, sending you 1
2024-10-14 17:26:41.714668 Lima: Victor, sending you 3
2024-10-14 17:26:41.716681 Kilo: Foxtrot, sending you 3
2024-10-14 17:26:41.717438 Victor: Lima, sending you 3
2024-10-14 17:26:41.717767 Echo: Lima, sending you 6
2024-10-14 17:26:41.718104 Romeo: Kilo, sending you 4
2024-10-14 17:26:41.719141 Alpha: Hotel, Romeo, Foxtrot and Charlie, sending you 1
2024-10-14 17:26:41.719669 India: Hotel, Romeo, Foxtrot and Kilo, sending you 2
2024-10-14 17:26:41.720332 Lima: Echo, sending you 4
2024-10-14 17:26:41.721686 Charlie: Hotel, sending you 2
2024-10-14 17:26:41.722403 Victor: Echo, sending you 4
2024-10-14 17:26:41.722695 Echo: Victor, sending you 5
2024-10-14 17:26:41.722952 Alpha: Kilo and India, sending you 2
2024-10-14 17:26:41.723993 Romeo: Charlie, sending you 6
2024-10-14 17:26:41.724590 India: Charlie, sending you 3
2024-10-14 17:26:41.726675 Charlie: Romeo, sending you 5
2024-10-14 17:26:41.731685 Charlie: Kilo and India, sending you 3
chatterbot Alpha submitting transactions
chatterbot Charlie submitting transactions
chatterbot Kilo submitting transactions
chatterbot Lima submitting transactions
chatterbot Hotel submitting transactions
chatterbot India submitting transactions
chatterbot Foxtrot submitting transactions
chatterbot Victor submitting transactions
chatterbot Romeo submitting transactions
chatterbot Echo submitting transactions
ChatterBot Hotel round 12
ChatterBot Alpha round 12
ChatterBot Romeo round 12
ChatterBot Lima round 12
ChatterBot Foxtrot round 12
ChatterBot Kilo round 12
ChatterBot Victor round 12
ChatterBot Charlie round 12
ChatterBot India round 12
ChatterBot Echo round 12
2024-10-14 17:26:42.962652 Lima: Victor, sending you 3
2024-10-14 17:26:42.963675 Charlie: Hotel, sending you 2
2024-10-14 17:26:42.965128 Foxtrot: Hotel, Romeo and Charlie, sending you 1
2024-10-14 17:26:42.965803 Romeo: Hotel and India, sending you 3
2024-10-14 17:26:42.966503 Kilo: Hotel, Romeo, Charlie and India, sending you 4
2024-10-14 17:26:42.967234 India: Hotel, Romeo, Foxtrot and Kilo, sending you 2
2024-10-14 17:26:42.969037 Lima: Echo, sending you 4
2024-10-14 17:26:42.969472 Alpha: Hotel, Romeo, Foxtrot and Charlie, sending you 1
2024-10-14 17:26:42.970043 Charlie: Romeo, sending you 4
2024-10-14 17:26:42.970783 Foxtrot: Kilo and India, sending you 2
2024-10-14 17:26:42.972067 Romeo: Foxtrot, sending you 1
2024-10-14 17:26:42.972911 Victor: Lima, sending you 3
2024-10-14 17:26:42.973240 Hotel: Romeo, Kilo, Charlie and India, sending you 3
2024-10-14 17:26:42.974746 Kilo: Foxtrot, sending you 3
2024-10-14 17:26:42.975900 India: Charlie, sending you 3
2024-10-14 17:26:42.976703 Alpha: Kilo and India, sending you 2
2024-10-14 17:26:42.977750 Charlie: Foxtrot, sending you 1
2024-10-14 17:26:42.978522 Romeo: Kilo, sending you 4
2024-10-14 17:26:42.979252 Victor: Echo, sending you 4
2024-10-14 17:26:42.979649 Hotel: Foxtrot, sending you 1
2024-10-14 17:26:42.981458 Echo: Lima, sending you 6
2024-10-14 17:26:42.981914 Romeo: Charlie, sending you 6
2024-10-14 17:26:42.983706 Charlie: Kilo and India, sending you 3
2024-10-14 17:26:42.986678 Echo: Victor, sending you 5
chatterbot Kilo submitting transactions
chatterbot Alpha submitting transactions
chatterbot Victor submitting transactions
chatterbot India submitting transactions
chatterbot Hotel submitting transactions
chatterbot Romeo submitting transactions
chatterbot Charlie submitting transactions
chatterbot Echo submitting transactions
chatterbot Foxtrot submitting transactions
chatterbot Lima submitting transactions
ChatterBot Hotel round 13
ChatterBot Alpha round 13
ChatterBot Romeo round 13
ChatterBot Lima round 13
ChatterBot Foxtrot round 13
ChatterBot Kilo round 13
ChatterBot Victor round 13
ChatterBot Charlie round 13
ChatterBot India round 13
ChatterBot Echo round 13
2024-10-14 17:26:44.336718 Victor: Lima, sending you 3
2024-10-14 17:26:44.337992 India: Hotel, Romeo, Foxtrot and Kilo, sending you 2
2024-10-14 17:26:44.340227 Romeo: Hotel and India, sending you 3
2024-10-14 17:26:44.341490 Charlie: Hotel, sending you 2
2024-10-14 17:26:44.343343 Alpha: Hotel, Romeo, Foxtrot and Charlie, sending you 1
2024-10-14 17:26:44.344283 Hotel: Romeo, Kilo, Charlie and India, sending you 3
2024-10-14 17:26:44.345987 Victor: Echo, sending you 4
2024-10-14 17:26:44.346440 India: Charlie, sending you 3
2024-10-14 17:26:44.347923 Romeo: Foxtrot, sending you 1
2024-10-14 17:26:44.349650 Kilo: Hotel, Romeo, Charlie and India, sending you 4
2024-10-14 17:26:44.350933 Charlie: Romeo, sending you 4
2024-10-14 17:26:44.352701 Alpha: Kilo and India, sending you 2
2024-10-14 17:26:44.354271 Hotel: Foxtrot, sending you 1
2024-10-14 17:26:44.355437 Lima: Victor, sending you 3
2024-10-14 17:26:44.356364 Romeo: Kilo, sending you 4
2024-10-14 17:26:44.357737 Kilo: Foxtrot, sending you 3
2024-10-14 17:26:44.359294 Echo: Lima, sending you 6
2024-10-14 17:26:44.360048 Charlie: Foxtrot, sending you 1
2024-10-14 17:26:44.361533 Foxtrot: Hotel, Romeo and Charlie, sending you 1
2024-10-14 17:26:44.362520 Lima: Echo, sending you 4
2024-10-14 17:26:44.363401 Romeo: Charlie, sending you 6
2024-10-14 17:26:44.364672 Echo: Victor, sending you 5
2024-10-14 17:26:44.365659 Charlie: Kilo and India, sending you 3
2024-10-14 17:26:44.367185 Foxtrot: Kilo and India, sending you 2
chatterbot India submitting transactions
chatterbot Romeo submitting transactions
chatterbot Kilo submitting transactions
chatterbot Hotel submitting transactions
chatterbot Alpha submitting transactions
chatterbot Foxtrot submitting transactions
chatterbot Charlie submitting transactions
chatterbot Lima submitting transactions
chatterbot Victor submitting transactions
chatterbot Echo submitting transactions
ChatterBot Hotel round 14
ChatterBot Alpha round 14
ChatterBot Romeo round 14
ChatterBot Lima round 14
ChatterBot Foxtrot round 14
ChatterBot Kilo round 14
ChatterBot Victor round 14
ChatterBot Charlie round 14
ChatterBot India round 14
ChatterBot Echo round 14
2024-10-14 17:26:45.351698 Hotel: We should drop Foxtrot
2024-10-14 17:26:45.368805 Romeo: No
2024-10-14 17:26:45.368970 Kilo: No
2024-10-14 17:26:45.369089 Charlie: No
2024-10-14 17:26:45.369202 India: No
ChatterBot Hotel reevaluating
ChatterBot Hotel reevaluating
ChatterBot Hotel reevaluating
ChatterBot Hotel reevaluating
2024-10-14 17:26:45.417657 Lima: Victor, sending you 3
2024-10-14 17:26:45.418677 Alpha: Hotel, Romeo, Foxtrot and Charlie, sending you 1
2024-10-14 17:26:45.420678 Lima: Echo, sending you 4
2024-10-14 17:26:45.424665 Alpha: Kilo and India, sending you 2
2024-10-14 17:26:45.426728 Kilo: Hotel, Romeo, Charlie and India, sending you 4
2024-10-14 17:26:45.428272 India: Hotel, Romeo, Foxtrot and Kilo, sending you 2
2024-10-14 17:26:45.430039 Charlie: Hotel, sending you 2
2024-10-14 17:26:45.431442 Romeo: Hotel and India, sending you 3
2024-10-14 17:26:45.432909 Foxtrot: Hotel, Romeo and Charlie, sending you 1
2024-10-14 17:26:45.436386 Kilo: Foxtrot, sending you 3
2024-10-14 17:26:45.439108 India: Charlie, sending you 3
2024-10-14 17:26:45.440846 Charlie: Romeo, sending you 4
2024-10-14 17:26:45.443026 Echo: Lima, sending you 6
2024-10-14 17:26:45.443631 Romeo: Foxtrot, sending you 1
2024-10-14 17:26:45.450734 Foxtrot: Kilo and India, sending you 2
2024-10-14 17:26:45.452453 Hotel: Romeo, Kilo, Charlie and India, sending you 3
2024-10-14 17:26:45.454293 Victor: Lima, sending you 3
2024-10-14 17:26:45.455380 Charlie: Foxtrot, sending you 1
2024-10-14 17:26:45.456446 Echo: Victor, sending you 5
2024-10-14 17:26:45.457610 Romeo: Kilo, sending you 4
2024-10-14 17:26:45.458850 Hotel: Foxtrot, sending you 1
2024-10-14 17:26:45.463977 Victor: Echo, sending you 4
2024-10-14 17:26:45.464528 Charlie: Kilo and India, sending you 3
2024-10-14 17:26:45.466470 Romeo: Charlie, sending you 6
chatterbot Kilo submitting transactions
chatterbot Foxtrot submitting transactions
chatterbot Lima submitting transactions
chatterbot Victor submitting transactions
chatterbot Echo submitting transactions
chatterbot Alpha submitting transactions
chatterbot Charlie submitting transactions
chatterbot India submitting transactions
chatterbot Romeo submitting transactions
chatterbot Hotel submitting transactions
ChatterBot Hotel round 15
ChatterBot Alpha round 15
ChatterBot Romeo round 15
ChatterBot Lima round 15
ChatterBot Foxtrot round 15
ChatterBot Kilo round 15
ChatterBot Victor round 15
ChatterBot Charlie round 15
ChatterBot India round 15
ChatterBot Echo round 15
2024-10-14 17:26:46.666755 Hotel: Romeo, Kilo, Charlie and India, sending you 3
2024-10-14 17:26:46.669691 Alpha: Hotel, Romeo, Foxtrot and Charlie, sending you 1
2024-10-14 17:26:46.670773 Charlie: Hotel, sending you 2
2024-10-14 17:26:46.676678 Romeo: Hotel and India, sending you 3
2024-10-14 17:26:46.677946 Foxtrot: Hotel, Romeo and Charlie, sending you 1
2024-10-14 17:26:46.680571 Hotel: Foxtrot, sending you 1
2024-10-14 17:26:46.683426 Victor: Lima, sending you 3
2024-10-14 17:26:46.683975 Lima: Victor, sending you 3
2024-10-14 17:26:46.684406 Alpha: Kilo and India, sending you 2
2024-10-14 17:26:46.689854 Charlie: Romeo, sending you 4
2024-10-14 17:26:46.691983 Romeo: Foxtrot, sending you 1
2024-10-14 17:26:46.694640 Kilo: Hotel, Romeo, Charlie and India, sending you 4
2024-10-14 17:26:46.697146 Foxtrot: Kilo and India, sending you 2
2024-10-14 17:26:46.701861 Victor: Echo, sending you 4
2024-10-14 17:26:46.702277 India: Hotel, Romeo, Foxtrot and Kilo, sending you 2
2024-10-14 17:26:46.704314 Lima: Echo, sending you 4
2024-10-14 17:26:46.704785 Echo: Lima, sending you 6
2024-10-14 17:26:46.706370 Charlie: Foxtrot, sending you 1
2024-10-14 17:26:46.707628 Romeo: Kilo, sending you 4
2024-10-14 17:26:46.709918 Kilo: Foxtrot, sending you 3
2024-10-14 17:26:46.715870 India: Charlie, sending you 3
2024-10-14 17:26:46.718369 Echo: Victor, sending you 5
2024-10-14 17:26:46.718850 Charlie: Kilo and India, sending you 3
2024-10-14 17:26:46.721231 Romeo: Charlie, sending you 6
chatterbot Alpha submitting transactions
chatterbot Foxtrot submitting transactions
chatterbot Echo submitting transactions
chatterbot India submitting transactions
chatterbot Victor submitting transactions
chatterbot Hotel submitting transactions
chatterbot Lima submitting transactions
chatterbot Charlie submitting transactions
chatterbot Kilo submitting transactions
chatterbot Romeo submitting transactions
ChatterBot Hotel round 16
ChatterBot Alpha round 16
ChatterBot Romeo round 16
ChatterBot Lima round 16
ChatterBot Foxtrot round 16
ChatterBot Kilo round 16
ChatterBot Victor round 16
ChatterBot Charlie round 16
ChatterBot India round 16
ChatterBot Echo round 16
2024-10-14 17:26:47.879726 Hotel: Romeo, Kilo, Charlie and India, sending you 3
2024-10-14 17:26:47.882680 Romeo: Hotel and India, sending you 3
2024-10-14 17:26:47.885304 Lima: Victor, sending you 3
2024-10-14 17:26:47.886680 Hotel: Foxtrot, sending you 1
2024-10-14 17:26:47.887985 Alpha: Hotel, Romeo, Foxtrot and Charlie, sending you 1
2024-10-14 17:26:47.889661 Romeo: Foxtrot, sending you 1
2024-10-14 17:26:47.891032 Victor: Lima, sending you 3
2024-10-14 17:26:47.891521 Lima: Echo, sending you 4
2024-10-14 17:26:47.891969 Kilo: Hotel, Romeo, Charlie and India, sending you 4
2024-10-14 17:26:47.894048 Foxtrot: Hotel, Romeo and Charlie, sending you 1
2024-10-14 17:26:47.895298 Alpha: Kilo and India, sending you 2
2024-10-14 17:26:47.897048 Victor: Echo, sending you 4
2024-10-14 17:26:47.897686 Romeo: Kilo, sending you 4
2024-10-14 17:26:47.898766 Kilo: Foxtrot, sending you 3
2024-10-14 17:26:47.899736 Foxtrot: Kilo and India, sending you 2
2024-10-14 17:26:47.901503 Charlie: Hotel, sending you 2
2024-10-14 17:26:47.902853 Echo: Lima, sending you 6
2024-10-14 17:26:47.903535 India: Hotel, Romeo, Foxtrot and Kilo, sending you 2
2024-10-14 17:26:47.905647 Romeo: Charlie, sending you 6
2024-10-14 17:26:47.906878 Echo: Victor, sending you 5
2024-10-14 17:26:47.908155 Charlie: Romeo, sending you 4
2024-10-14 17:26:47.909662 India: Charlie, sending you 3
2024-10-14 17:26:47.912718 Charlie: Foxtrot, sending you 1
2024-10-14 17:26:47.917707 Charlie: Kilo and India, sending you 3
chatterbot Lima submitting transactions
