ChatterBot Golf round 1
ChatterBot Oscar round 1
ChatterBot Bravo round 1
ChatterBot Alpha round 1
ChatterBot Charlie round 1
ChatterBot X-ray round 1
ChatterBot Whiskey round 1
ChatterBot Papa round 1
ChatterBot Hotel round 1
ChatterBot Mike round 1
randomSelections Bravo: {Bravo, Mike, Whiskey, X-ray, Charlie, Golf} 
2024-10-14 17:26:28.804156 Bravo: Group up?
ChatterBot Mike reevaluating
ChatterBot Whiskey reevaluating
ChatterBot X-ray reevaluating
ChatterBot Charlie reevaluating
ChatterBot Golf reevaluating
2024-10-14 17:26:28.819318 Mike: Yes
2024-10-14 17:26:28.819446 Whiskey: Yes
2024-10-14 17:26:28.819574 X-ray: Yes
2024-10-14 17:26:28.819696 Charlie: Yes
2024-10-14 17:26:28.819808 Golf: Yes
ChatterBot Whiskey reevaluating
ChatterBot X-ray reevaluating
ChatterBot Charlie reevaluating
ChatterBot Golf reevaluating
ChatterBot Mike reevaluating
ChatterBot X-ray reevaluating
ChatterBot Charlie reevaluating
ChatterBot Golf reevaluating
ChatterBot Mike reevaluating
ChatterBot Whiskey reevaluating
ChatterBot Charlie reevaluating
ChatterBot Golf reevaluating
ChatterBot Mike reevaluating
ChatterBot Whiskey reevaluating
ChatterBot X-ray reevaluating
ChatterBot Golf reevaluating
ChatterBot Mike reevaluating
ChatterBot Whiskey reevaluating
ChatterBot X-ray reevaluating
ChatterBot Charlie reevaluating
randomSelections Hotel: {Hotel, Charlie, Whiskey, Mike, Bravo, Alpha} 
2024-10-14 17:26:28.884699 Hotel: We should group up
ChatterBot Charlie reevaluating
ChatterBot Whiskey reevaluating
ChatterBot Mike reevaluating
ChatterBot Alpha reevaluating
2024-10-14 17:26:28.898225 Charlie: No
2024-10-14 17:26:28.898475 Whiskey: No
2024-10-14 17:26:28.898713 Mike: No
2024-10-14 17:26:28.898925 Bravo: No
2024-10-14 17:26:28.899143 Alpha: Yes
ChatterBot Whiskey reevaluating
ChatterBot Mike reevaluating
ChatterBot Alpha reevaluating
ChatterBot Charlie reevaluating
ChatterBot Mike reevaluating
ChatterBot Alpha reevaluating
ChatterBot Charlie reevaluating
ChatterBot Whiskey reevaluating
ChatterBot Alpha reevaluating
ChatterBot Charlie reevaluating
ChatterBot Whiskey reevaluating
ChatterBot Mike reevaluating
ChatterBot Alpha reevaluating
ChatterBot Charlie reevaluating
ChatterBot Whiskey reevaluating
ChatterBot Mike reevaluating
randomSelections Papa: {Papa, Golf, Alpha, Mike, Bravo} 
2024-10-14 17:26:28.959275 Papa: We would work well together
ChatterBot Golf reevaluating
ChatterBot Alpha reevaluating
ChatterBot Mike reevaluating
2024-10-14 17:26:28.965935 Golf: No
2024-10-14 17:26:28.966450 Alpha: No
2024-10-14 17:26:28.966589 Mike: No
2024-10-14 17:26:28.966746 Bravo: No
ChatterBot Alpha reevaluating
ChatterBot Mike reevaluating
ChatterBot Golf reevaluating
ChatterBot Mike reevaluating
ChatterBot Golf reevaluating
ChatterBot Alpha reevaluating
ChatterBot Golf reevaluating
ChatterBot Alpha reevaluating
ChatterBot Mike reevaluating
randomSelections Oscar: {Oscar, Mike, Whiskey, Papa, Alpha} 
2024-10-14 17:26:28.995033 Oscar: Group up?
ChatterBot Mike reevaluating
ChatterBot Whiskey reevaluating
ChatterBot Alpha reevaluating
2024-10-14 17:26:29.002109 Mike: No
2024-10-14 17:26:29.002871 Whiskey: No
2024-10-14 17:26:29.003049 Papa: No
2024-10-14 17:26:29.003262 Alpha: No
ChatterBot Whiskey reevaluating
ChatterBot Alpha reevaluating
ChatterBot Mike reevaluating
ChatterBot Alpha reevaluating
ChatterBot Mike reevaluating
ChatterBot Whiskey reevaluating
ChatterBot Alpha reevaluating
ChatterBot Mike reevaluating
ChatterBot Whiskey reevaluating
2024-10-14 17:26:29.047688 Hotel: Bravo, Whiskey and Mike, sending you 3
2024-10-14 17:26:29.050697 Oscar: Alpha, sending you 4
2024-10-14 17:26:29.051330 Papa: Golf, sending you 1
2024-10-14 17:26:29.052759 Hotel: Alpha, sending you 2
2024-10-14 17:26:29.054668 Papa: Bravo, sending you 3
2024-10-14 17:26:29.055718 Golf: Bravo, Charlie and Whiskey, sending you 2
2024-10-14 17:26:29.056034 Oscar: Whiskey, sending you 1
2024-10-14 17:26:29.056238 Bravo: Golf, Whiskey and Mike, sending you 3
2024-10-14 17:26:29.057051 Charlie: Bravo and X-ray, sending you 1
2024-10-14 17:26:29.057346 Hotel: Charlie, sending you 4
2024-10-14 17:26:29.057563 X-ray: Golf, Bravo and Charlie, sending you 1
2024-10-14 17:26:29.058675 Papa: Alpha and Mike, sending you 4
2024-10-14 17:26:29.058931 Mike: Golf, Bravo, X-ray and Whiskey, sending you 2
2024-10-14 17:26:29.059846 Alpha: Bravo, sending you 3
2024-10-14 17:26:29.060150 Golf: X-ray, sending you 3
2024-10-14 17:26:29.060405 Charlie: Whiskey, sending you 2
2024-10-14 17:26:29.060685 Whiskey: Golf and Charlie, sending you 3
2024-10-14 17:26:29.061301 Oscar: Papa, sending you 3
2024-10-14 17:26:29.061549 Bravo: Charlie and X-ray, sending you 1
2024-10-14 17:26:29.061848 Mike: Charlie, sending you 1
2024-10-14 17:26:29.062694 Alpha: Charlie, sending you 5
2024-10-14 17:26:29.064657 Golf: Mike, sending you 4
2024-10-14 17:26:29.064929 Whiskey: Bravo, sending you 1
2024-10-14 17:26:29.065722 Oscar: Mike, sending you 7
2024-10-14 17:26:29.067030 Alpha: Hotel, sending you 1
2024-10-14 17:26:29.069730 Whiskey: X-ray and Mike, sending you 2
2024-10-14 17:26:29.070021 Alpha: Mike, sending you 4
chatterbot Oscar submitting transactions
chatterbot Whiskey submitting transactions
chatterbot Mike submitting transactions
chatterbot Golf submitting transactions
chatterbot X-ray submitting transactions
chatterbot Alpha submitting transactions
chatterbot Bravo submitting transactions
chatterbot Charlie submitting transactions
chatterbot Papa submitting transactions
chatterbot Hotel submitting transactions
ChatterBot Golf round 2
ChatterBot Oscar round 2
ChatterBot Bravo round 2
ChatterBot Alpha round 2
ChatterBot Charlie round 2
ChatterBot X-ray round 2
ChatterBot Whiskey round 2
ChatterBot Papa round 2
ChatterBot Hotel round 2
ChatterBot Mike round 2
2024-10-14 17:26:30.223884 Papa: Can we be friends?
ChatterBot Oscar reevaluating
2024-10-14 17:26:30.230040 Oscar: Yes
ChatterBot Papa reevaluating
2024-10-14 17:26:30.236082 Oscar: Group up?
ChatterBot Papa reevaluating
2024-10-14 17:26:30.241937 Papa: Yes
ChatterBot Oscar reevaluating
2024-10-14 17:26:30.255889 Mike: Let's form a team
ChatterBot Golf reevaluating
ChatterBot Bravo reevaluating
ChatterBot Whiskey reevaluating
ChatterBot Oscar reevaluating
ChatterBot Papa reevaluating
2024-10-14 17:26:30.301389 Golf: No
2024-10-14 17:26:30.301633 Bravo: No
2024-10-14 17:26:30.301800 Whiskey: No
2024-10-14 17:26:30.301957 Oscar: Yes
2024-10-14 17:26:30.302109 Papa: Yes
ChatterBot Bravo reevaluating
ChatterBot Whiskey reevaluating
ChatterBot Oscar reevaluating
ChatterBot Papa reevaluating
ChatterBot Golf reevaluating
ChatterBot Whiskey reevaluating
ChatterBot Oscar reevaluating
ChatterBot Papa reevaluating
ChatterBot Golf reevaluating
ChatterBot Bravo reevaluating
ChatterBot Oscar reevaluating
ChatterBot Papa reevaluating
ChatterBot Golf reevaluating
ChatterBot Bravo reevaluating
ChatterBot Whiskey reevaluating
ChatterBot Papa reevaluating
ChatterBot Golf reevaluating
ChatterBot Bravo reevaluating
ChatterBot Whiskey reevaluating
ChatterBot Oscar reevaluating
2024-10-14 17:26:30.480371 Alpha: We would work well together
ChatterBot Charlie reevaluating
ChatterBot Hotel reevaluating
ChatterBot Oscar reevaluating
ChatterBot Papa reevaluating
2024-10-14 17:26:30.503543 Charlie: No
2024-10-14 17:26:30.504115 Hotel: No
2024-10-14 17:26:30.504254 Oscar: No
2024-10-14 17:26:30.504348 Papa: No
ChatterBot Hotel reevaluating
ChatterBot Oscar reevaluating
ChatterBot Papa reevaluating
ChatterBot Charlie reevaluating
ChatterBot Oscar reevaluating
ChatterBot Papa reevaluating
ChatterBot Charlie reevaluating
ChatterBot Hotel reevaluating
ChatterBot Papa reevaluating
ChatterBot Charlie reevaluating
ChatterBot Hotel reevaluating
ChatterBot Oscar reevaluating
2024-10-14 17:26:30.747670 X-ray: We should drop Charlie
ChatterBot Golf reevaluating
ChatterBot Bravo reevaluating
ChatterBot Whiskey reevaluating
2024-10-14 17:26:30.781927 Golf: Yes
2024-10-14 17:26:30.782401 Bravo: No
2024-10-14 17:26:30.783169 Whiskey: Yes
2024-10-14 17:26:30.783425 Mike: Yes
ChatterBot Bravo reevaluating
ChatterBot Whiskey reevaluating
ChatterBot Golf reevaluating
ChatterBot Whiskey reevaluating
ChatterBot Golf reevaluating
ChatterBot Bravo reevaluating
ChatterBot Golf reevaluating
ChatterBot Bravo reevaluating
ChatterBot Whiskey reevaluating
chatterbot Alpha submitting transactions
2024-10-14 17:26:31.193051 Papa: Oscar, sending you 9
2024-10-14 17:26:31.193344 Mike: Golf, Oscar, Whiskey and Papa, sending you 1
2024-10-14 17:26:31.194268 Charlie: Golf, Bravo, Whiskey, Hotel and Mike, sending you 2
2024-10-14 17:26:31.194728 Alpha: Oscar and Papa, sending you 4
2024-10-14 17:26:31.195088 Hotel: Alpha, sending you 9
2024-10-14 17:26:31.195898 Oscar: Golf, Bravo, Whiskey, Papa and Mike, sending you 3
2024-10-14 17:26:31.196152 X-ray: Golf, Whiskey and Mike, sending you 4
chatterbot X-ray submitting transactions
chatterbot Hotel submitting transactions
2024-10-14 17:26:31.196556 Papa: Alpha, sending you 3
2024-10-14 17:26:31.235585 Mike: Bravo, sending you 2
2024-10-14 17:26:31.236203 Charlie: Alpha, sending you 3
2024-10-14 17:26:31.238959 Whiskey: Golf, Oscar, Papa and Mike, sending you 2
2024-10-14 17:26:31.239576 Alpha: Charlie, sending you 2
2024-10-14 17:26:31.240051 Bravo: Golf and Papa, sending you 3
2024-10-14 17:26:31.240571 Hotel: Charlie and Papa, sending you 3
2024-10-14 17:26:31.242566 X-ray: Bravo, sending you 3
2024-10-14 17:26:31.243031 Golf: Oscar and Papa, sending you 3
2024-10-14 17:26:31.243709 Whiskey: Bravo, sending you 3
2024-10-14 17:26:31.249267 Bravo: Oscar, sending you 1
2024-10-14 17:26:31.249846 Alpha: Hotel, sending you 3
2024-10-14 17:26:31.250359 Golf: Bravo, Whiskey and Mike, sending you 4
2024-10-14 17:26:31.338968 Bravo: Whiskey, sending you 2
chatterbot Charlie submitting transactions
2024-10-14 17:26:31.355791 Bravo: Mike, sending you 4
chatterbot Mike submitting transactions
chatterbot Golf submitting transactions
chatterbot Bravo submitting transactions
chatterbot Papa submitting transactions
chatterbot Oscar submitting transactions
chatterbot Whiskey submitting transactions
ChatterBot Golf round 3
ChatterBot Oscar round 3
ChatterBot Bravo round 3
ChatterBot Alpha round 3
ChatterBot Charlie round 3
ChatterBot X-ray round 3
ChatterBot Whiskey round 3
ChatterBot Papa round 3
2024-10-14 17:26:31.998940 Oscar: We should group up
ChatterBot Alpha reevaluating
ChatterBot Charlie reevaluating
ChatterBot Hotel reevaluating
ChatterBot Papa reevaluating
2024-10-14 17:26:32.017173 Alpha: Yes
2024-10-14 17:26:32.017392 Charlie: Yes
2024-10-14 17:26:32.017561 Hotel: Yes
2024-10-14 17:26:32.017764 Papa: Yes
ChatterBot Charlie reevaluating
ChatterBot Hotel reevaluating
ChatterBot Papa reevaluating
ChatterBot Alpha reevaluating
ChatterBot Hotel reevaluating
ChatterBot Papa reevaluating
ChatterBot Alpha reevaluating
ChatterBot Charlie reevaluating
ChatterBot Papa reevaluating
ChatterBot Alpha reevaluating
ChatterBot Charlie reevaluating
ChatterBot Hotel reevaluating
2024-10-14 17:26:32.072592 Charlie: We would work well together
ChatterBot Alpha reevaluating
ChatterBot Hotel reevaluating
ChatterBot Papa reevaluating
2024-10-14 17:26:32.087076 Alpha: Yes
2024-10-14 17:26:32.087218 Hotel: Yes
2024-10-14 17:26:32.087308 Oscar: Yes
2024-10-14 17:26:32.087421 Papa: Yes
2024-10-14 17:26:32.087654 Alpha: We should add Whiskey
2024-10-14 17:26:32.088137 Papa: We should add Charlie and Hotel
ChatterBot Charlie reevaluating
ChatterBot Hotel reevaluating
ChatterBot Papa reevaluating
ChatterBot Alpha reevaluating
ChatterBot Charlie reevaluating
ChatterBot Papa reevaluating
ChatterBot Alpha reevaluating
ChatterBot Charlie reevaluating
ChatterBot Hotel reevaluating
ChatterBot Papa reevaluating
ChatterBot Alpha reevaluating
ChatterBot Charlie reevaluating
ChatterBot Hotel reevaluating
ChatterBot Charlie reevaluating
ChatterBot Hotel reevaluating
ChatterBot Papa reevaluating
ChatterBot Alpha reevaluating
2024-10-14 17:26:32.151636 Charlie: No
2024-10-14 17:26:32.151883 Hotel: No
2024-10-14 17:26:32.151988 Oscar: No
2024-10-14 17:26:32.154204 Papa: No
2024-10-14 17:26:32.154501 Alpha: Yes
2024-10-14 17:26:32.154845 Oscar: Yes
ChatterBot Alpha reevaluating
ChatterBot Hotel reevaluating
ChatterBot Papa reevaluating
ChatterBot Alpha reevaluating
ChatterBot Charlie reevaluating
ChatterBot Papa reevaluating
ChatterBot Alpha reevaluating
ChatterBot Charlie reevaluating
ChatterBot Hotel reevaluating
ChatterBot Papa reevaluating
ChatterBot Alpha reevaluating
ChatterBot Charlie reevaluating
ChatterBot Hotel reevaluating
ChatterBot Papa reevaluating
ChatterBot Alpha reevaluating
ChatterBot Papa reevaluating
ChatterBot Hotel round 3
ChatterBot Mike round 3
2024-10-14 17:26:32.239279 Bravo: We should replace Papa with X-ray
ChatterBot Golf reevaluating
ChatterBot Whiskey reevaluating
ChatterBot Mike reevaluating
2024-10-14 17:26:32.250384 Golf: Yes
2024-10-14 17:26:32.250527 Whiskey: Yes
2024-10-14 17:26:32.250666 Mike: Yes
2024-10-14 17:26:32.250795 Oscar: No
ChatterBot Bravo reevaluating
ChatterBot Whiskey reevaluating
ChatterBot Mike reevaluating
ChatterBot Bravo reevaluating
ChatterBot Golf reevaluating
ChatterBot Mike reevaluating
ChatterBot Bravo reevaluating
ChatterBot Golf reevaluating
ChatterBot Whiskey reevaluating
ChatterBot Bravo reevaluating
ChatterBot Golf reevaluating
ChatterBot Whiskey reevaluating
ChatterBot Mike reevaluating
2024-10-14 17:26:32.320124 Alpha: We should add X-ray
ChatterBot Hotel reevaluating
2024-10-14 17:26:32.331049 Charlie: Yes
2024-10-14 17:26:32.331206 Hotel: Yes
2024-10-14 17:26:32.331325 Oscar: Yes
2024-10-14 17:26:32.331430 Papa: Yes
ChatterBot Alpha reevaluating
ChatterBot Hotel reevaluating
ChatterBot Alpha reevaluating
ChatterBot Alpha reevaluating
ChatterBot Hotel reevaluating
ChatterBot Alpha reevaluating
ChatterBot Hotel reevaluating
2024-10-14 17:26:32.455872 Hotel: We should add Oscar
ChatterBot Alpha reevaluating
2024-10-14 17:26:32.465744 Alpha: Yes
2024-10-14 17:26:32.466396 Charlie: Yes
2024-10-14 17:26:32.466552 Papa: Yes
ChatterBot Hotel reevaluating
ChatterBot Hotel reevaluating
ChatterBot Alpha reevaluating
ChatterBot Hotel reevaluating
ChatterBot Alpha reevaluating
2024-10-14 17:26:32.514792 Papa: Charlie and Hotel we want you to join our group
ChatterBot Hotel reevaluating
2024-10-14 17:26:32.527122 Charlie: Yes
2024-10-14 17:26:32.527521 Hotel: Yes
ChatterBot Hotel reevaluating
2024-10-14 17:26:32.569167 Hotel: We should add Oscar and X-ray
2024-10-14 17:26:32.584602 Alpha: Yes
2024-10-14 17:26:32.584848 Charlie: Yes
2024-10-14 17:26:32.585011 Papa: Yes
ChatterBot Hotel reevaluating
ChatterBot Hotel reevaluating
ChatterBot Hotel reevaluating
2024-10-14 17:26:32.632371 Oscar: Alpha, sending you 4
2024-10-14 17:26:32.633732 Mike: X-ray we want you to join our group
2024-10-14 17:26:32.639390 X-ray: No
ChatterBot Bravo reevaluating
2024-10-14 17:26:32.664931 Alpha: X-ray we want you to join our group
2024-10-14 17:26:32.670186 X-ray: No
ChatterBot Hotel reevaluating
2024-10-14 17:26:32.687024 Oscar: Charlie and Hotel, sending you 3
2024-10-14 17:26:32.687513 X-ray: Golf, Whiskey and Mike, sending you 4
2024-10-14 17:26:32.688026 Bravo: X-ray we want you to join our group
2024-10-14 17:26:32.694119 X-ray: No
ChatterBot Bravo reevaluating
ChatterBot Whiskey reevaluating
2024-10-14 17:26:32.711725 Hotel: Oscar we want you to join our group
2024-10-14 17:26:32.714557 Oscar: Yes
ChatterBot Hotel reevaluating
2024-10-14 17:26:32.726710 Golf: Bravo and X-ray, sending you 5
2024-10-14 17:26:32.727033 Charlie: Oscar, Papa and Hotel, sending you 3
2024-10-14 17:26:32.727774 Oscar: Papa, sending you 5
2024-10-14 17:26:32.728026 X-ray: Bravo, sending you 3
chatterbot Golf submitting transactions
2024-10-14 17:26:32.731097 Hotel: Oscar and X-ray we want you to join our group
2024-10-14 17:26:32.739700 Oscar: No
2024-10-14 17:26:32.740325 X-ray: No
ChatterBot Hotel reevaluating
ChatterBot Hotel reevaluating
2024-10-14 17:26:32.779639 Charlie: Alpha, sending you 4
2024-10-14 17:26:32.780138 Golf: Whiskey and Mike, sending you 4
2024-10-14 17:26:32.780497 Papa: Oscar and Alpha, sending you 4
2024-10-14 17:26:32.780919 Mike: Golf, Oscar, Bravo, X-ray and Whiskey, sending you 1
2024-10-14 17:26:32.781286 Alpha: Oscar, Charlie and X-ray, sending you 2
2024-10-14 17:26:32.784078 Papa: Charlie, sending you 1
2024-10-14 17:26:32.784683 Alpha: Papa, sending you 3
2024-10-14 17:26:32.786668 Papa: Hotel, sending you 3
2024-10-14 17:26:32.789688 Alpha: Hotel, sending you 4
2024-10-14 17:26:32.794863 Bravo: Golf, X-ray and Whiskey, sending you 3
2024-10-14 17:26:32.799676 Bravo: Oscar, sending you 2
2024-10-14 17:26:32.802692 Bravo: Mike, sending you 4
chatterbot Whiskey submitting transactions
2024-10-14 17:26:32.817672 Hotel: Oscar and Papa, sending you 2
2024-10-14 17:26:32.820666 Hotel: Alpha, sending you 6
2024-10-14 17:26:32.825650 Hotel: Charlie, sending you 5
chatterbot Mike submitting transactions
chatterbot Papa submitting transactions
chatterbot Whiskey submitting transactions
chatterbot X-ray submitting transactions
chatterbot Charlie submitting transactions
chatterbot Oscar submitting transactions
chatterbot Hotel submitting transactions
chatterbot Alpha submitting transactions
chatterbot Bravo submitting transactions
ChatterBot Golf round 4
ChatterBot Oscar round 4
ChatterBot Bravo round 4
ChatterBot Alpha round 4
ChatterBot Charlie round 4
ChatterBot X-ray round 4
ChatterBot Whiskey round 4
ChatterBot Papa round 4
ChatterBot Hotel round 4
ChatterBot Mike round 4
2024-10-14 17:26:33.669807 Bravo: We should drop Oscar
ChatterBot Whiskey reevaluating
2024-10-14 17:26:33.679117 X-ray: Yes
2024-10-14 17:26:33.679280 Golf: Yes
2024-10-14 17:26:33.679445 Whiskey: Yes
2024-10-14 17:26:33.679587 Mike: Yes
ChatterBot Whiskey reevaluating
ChatterBot Whiskey reevaluating
ChatterBot Whiskey reevaluating
2024-10-14 17:26:33.712832 Alpha: We should drop X-ray
ChatterBot Hotel reevaluating
2024-10-14 17:26:33.720451 Charlie: Yes
2024-10-14 17:26:33.720604 Hotel: Yes
2024-10-14 17:26:33.720718 Oscar: Yes
2024-10-14 17:26:33.720822 Papa: Yes
ChatterBot Hotel reevaluating
ChatterBot Hotel reevaluating
ChatterBot Hotel reevaluating
2024-10-14 17:26:33.750196 Hotel: We should add Mike
2024-10-14 17:26:33.756851 Alpha: No
2024-10-14 17:26:33.756972 Charlie: No
2024-10-14 17:26:33.757065 Oscar: No
2024-10-14 17:26:33.757165 Papa: No
ChatterBot Hotel reevaluating
ChatterBot Hotel reevaluating
ChatterBot Hotel reevaluating
ChatterBot Hotel reevaluating
2024-10-14 17:26:33.791659 Golf: Bravo, X-ray and Whiskey, sending you 5
2024-10-14 17:26:33.793655 Charlie: Oscar, Alpha and Papa, sending you 3
2024-10-14 17:26:33.795836 Whiskey: We should drop Charlie
2024-10-14 17:26:33.803309 X-ray: Yes
2024-10-14 17:26:33.803441 Golf: Yes
2024-10-14 17:26:33.803541 Bravo: Yes
2024-10-14 17:26:33.803646 Mike: Yes
ChatterBot Whiskey reevaluating
ChatterBot Whiskey reevaluating
ChatterBot Whiskey reevaluating
ChatterBot Bravo reevaluating
ChatterBot Whiskey reevaluating
2024-10-14 17:26:33.837072 Bravo: We should replace Oscar with Papa
ChatterBot Whiskey reevaluating
2024-10-14 17:26:33.845046 X-ray: No
2024-10-14 17:26:33.845176 Golf: No
2024-10-14 17:26:33.845281 Whiskey: No
2024-10-14 17:26:33.845386 Mike: No
ChatterBot Bravo reevaluating
ChatterBot Whiskey reevaluating
ChatterBot Bravo reevaluating
ChatterBot Whiskey reevaluating
ChatterBot Bravo reevaluating
ChatterBot Bravo reevaluating
ChatterBot Whiskey reevaluating
2024-10-14 17:26:33.884371 Golf: Mike, sending you 3
2024-10-14 17:26:33.884936 Charlie: Hotel, sending you 4
2024-10-14 17:26:33.885949 Alpha: Oscar, Charlie and Papa, sending you 3
2024-10-14 17:26:33.888717 Papa: Oscar, sending you 4
2024-10-14 17:26:33.889708 Alpha: Hotel, sending you 4
2024-10-14 17:26:33.890398 X-ray: Golf, Bravo and Whiskey, sending you 4
2024-10-14 17:26:33.890813 Oscar: Alpha, sending you 4
2024-10-14 17:26:33.893845 Papa: Alpha and Hotel, sending you 3
2024-10-14 17:26:33.894882 Hotel: Oscar and Papa, sending you 3
2024-10-14 17:26:33.895438 X-ray: Mike, sending you 3
2024-10-14 17:26:33.895979 Oscar: Charlie and Hotel, sending you 3
2024-10-14 17:26:33.898691 Hotel: Alpha, sending you 5
2024-10-14 17:26:33.900104 Papa: Charlie, sending you 2
2024-10-14 17:26:33.900736 Oscar: Papa, sending you 5
2024-10-14 17:26:33.902837 Hotel: Charlie, sending you 4
2024-10-14 17:26:33.903754 Mike: Same as last round
2024-10-14 17:26:33.913682 Bravo: Golf, X-ray and Mike, sending you 3
2024-10-14 17:26:33.918704 Bravo: Whiskey, sending you 4
chatterbot Whiskey submitting transactions
chatterbot Papa submitting transactions
chatterbot Mike submitting transactions
chatterbot Charlie submitting transactions
chatterbot Oscar submitting transactions
chatterbot Golf submitting transactions
chatterbot Hotel submitting transactions
chatterbot Alpha submitting transactions
chatterbot X-ray submitting transactions
chatterbot Bravo submitting transactions
ChatterBot Golf round 5
ChatterBot Oscar round 5
ChatterBot Bravo round 5
ChatterBot Alpha round 5
ChatterBot Charlie round 5
ChatterBot X-ray round 5
ChatterBot Whiskey round 5
ChatterBot Papa round 5
ChatterBot Hotel round 5
ChatterBot Mike round 5
2024-10-14 17:26:35.051344 Whiskey: We should drop Charlie
2024-10-14 17:26:35.058361 X-ray: Yes
2024-10-14 17:26:35.058505 Golf: Yes
2024-10-14 17:26:35.058628 Bravo: Yes
2024-10-14 17:26:35.058745 Mike: Yes
2024-10-14 17:26:35.102702 Oscar: Alpha, Charlie and Papa, sending you 4
2024-10-14 17:26:35.103349 Golf: Bravo, X-ray and Whiskey, sending you 5
2024-10-14 17:26:35.104271 Alpha: Oscar, Charlie and Papa, sending you 3
2024-10-14 17:26:35.105720 Papa: Oscar, sending you 4
2024-10-14 17:26:35.106462 Bravo: Golf, X-ray and Mike, sending you 3
2024-10-14 17:26:35.107198 Oscar: Hotel, sending you 3
2024-10-14 17:26:35.108537 Golf: Mike, sending you 3
2024-10-14 17:26:35.109202 Alpha: Hotel, sending you 4
2024-10-14 17:26:35.109975 X-ray: Golf, Bravo and Whiskey, sending you 4
2024-10-14 17:26:35.110508 Bravo: Whiskey, sending you 4
2024-10-14 17:26:35.111190 Mike: Same as last round
2024-10-14 17:26:35.112748 Papa: Alpha and Charlie, sending you 3
2024-10-14 17:26:35.113709 X-ray: Mike, sending you 3
2024-10-14 17:26:35.114670 Hotel: Oscar and Papa, sending you 3
2024-10-14 17:26:35.115697 Papa: Hotel, sending you 2
2024-10-14 17:26:35.116695 Charlie: Oscar, Alpha and Papa, sending you 3
2024-10-14 17:26:35.118659 Hotel: Alpha, sending you 5
2024-10-14 17:26:35.122033 Charlie: Hotel, sending you 4
2024-10-14 17:26:35.123079 Hotel: Charlie, sending you 4
chatterbot X-ray submitting transactions
chatterbot Charlie submitting transactions
chatterbot Bravo submitting transactions
chatterbot Alpha submitting transactions
chatterbot Hotel submitting transactions
chatterbot Papa submitting transactions
chatterbot Whiskey submitting transactions
chatterbot Oscar submitting transactions
chatterbot Golf submitting transactions
chatterbot Mike submitting transactions
ChatterBot Golf round 6
ChatterBot Oscar round 6
ChatterBot Bravo round 6
ChatterBot Alpha round 6
ChatterBot Charlie round 6
ChatterBot X-ray round 6
ChatterBot Whiskey round 6
ChatterBot Papa round 6
ChatterBot Hotel round 6
ChatterBot Mike round 6
2024-10-14 17:26:36.269296 Whiskey: We should drop Charlie
2024-10-14 17:26:36.277795 X-ray: Yes
2024-10-14 17:26:36.277958 Golf: Yes
2024-10-14 17:26:36.278085 Bravo: Yes
2024-10-14 17:26:36.278212 Mike: Yes
2024-10-14 17:26:36.309655 Alpha: Oscar, Charlie and Papa, sending you 3
2024-10-14 17:26:36.310160 Bravo: Golf, X-ray and Mike, sending you 3
2024-10-14 17:26:36.310695 Oscar: Alpha, Charlie and Papa, sending you 4
2024-10-14 17:26:36.311313 Golf: Bravo, X-ray and Whiskey, sending you 5
2024-10-14 17:26:36.311829 Papa: Oscar, sending you 4
2024-10-14 17:26:36.312670 Bravo: Whiskey, sending you 4
2024-10-14 17:26:36.313673 Alpha: Hotel, sending you 4
2024-10-14 17:26:36.314686 Oscar: Hotel, sending you 3
2024-10-14 17:26:36.316671 Golf: Mike, sending you 3
2024-10-14 17:26:36.317267 Papa: Alpha and Charlie, sending you 3
2024-10-14 17:26:36.322066 Papa: Hotel, sending you 2
2024-10-14 17:26:36.324672 Mike: Same as last round
2024-10-14 17:26:36.325667 Charlie: Oscar, Alpha and Papa, sending you 3
2024-10-14 17:26:36.327678 Hotel: Oscar and Papa, sending you 3
2024-10-14 17:26:36.328143 X-ray: Golf, Bravo and Whiskey, sending you 4
2024-10-14 17:26:36.328667 Charlie: Hotel, sending you 4
2024-10-14 17:26:36.331655 Hotel: Alpha, sending you 5
2024-10-14 17:26:36.332676 X-ray: Mike, sending you 3
2024-10-14 17:26:36.335654 Hotel: Charlie, sending you 4
chatterbot X-ray submitting transactions
chatterbot Oscar submitting transactions
chatterbot Alpha submitting transactions
chatterbot Charlie submitting transactions
chatterbot Bravo submitting transactions
chatterbot Hotel submitting transactions
chatterbot Papa submitting transactions
chatterbot Golf submitting transactions
chatterbot Whiskey submitting transactions
chatterbot Mike submitting transactions
ChatterBot Golf round 7
ChatterBot Oscar round 7
ChatterBot Bravo round 7
ChatterBot Alpha round 7
ChatterBot Charlie round 7
ChatterBot X-ray round 7
ChatterBot Whiskey round 7
ChatterBot Papa round 7
ChatterBot Hotel round 7
ChatterBot Mike round 7
2024-10-14 17:26:37.480813 Whiskey: We should drop Charlie
2024-10-14 17:26:37.489490 X-ray: Yes
2024-10-14 17:26:37.489700 Golf: Yes
2024-10-14 17:26:37.489888 Bravo: Yes
2024-10-14 17:26:37.490072 Mike: Yes
ChatterBot Whiskey reevaluating
2024-10-14 17:26:37.525669 Charlie: Oscar, Alpha and Papa, sending you 3
2024-10-14 17:26:37.527071 Whiskey: We should drop Mike and Charlie
ChatterBot Bravo reevaluating
2024-10-14 17:26:37.534267 Golf: No
2024-10-14 17:26:37.534425 Bravo: Yes
2024-10-14 17:26:37.534569 X-ray: No
ChatterBot Whiskey reevaluating
ChatterBot Bravo reevaluating
ChatterBot Whiskey reevaluating
ChatterBot X-ray reevaluating
ChatterBot Whiskey reevaluating
ChatterBot Bravo reevaluating
2024-10-14 17:26:37.564270 Golf: Bravo, X-ray and Whiskey, sending you 5
2024-10-14 17:26:37.564966 Oscar: Alpha, Charlie and Papa, sending you 4
2024-10-14 17:26:37.565737 Alpha: Oscar, Charlie and Papa, sending you 3
2024-10-14 17:26:37.566346 Charlie: Hotel, sending you 4
2024-10-14 17:26:37.567760 Golf: Mike, sending you 3
2024-10-14 17:26:37.569879 X-ray: We should drop Mike
ChatterBot Whiskey reevaluating
2024-10-14 17:26:37.579516 Whiskey: Yes
2024-10-14 17:26:37.579729 Golf: No
2024-10-14 17:26:37.579894 Bravo: No
ChatterBot Bravo reevaluating
ChatterBot X-ray reevaluating
ChatterBot Whiskey reevaluating
ChatterBot Bravo reevaluating
ChatterBot X-ray reevaluating
ChatterBot Whiskey reevaluating
ChatterBot X-ray reevaluating
2024-10-14 17:26:37.607594 Oscar: Hotel, sending you 3
2024-10-14 17:26:37.608861 Alpha: Hotel, sending you 4
2024-10-14 17:26:37.609422 Hotel: Oscar and Papa, sending you 3
2024-10-14 17:26:37.610064 Papa: Sending you each 3
2024-10-14 17:26:37.610686 Mike: Same as last round
2024-10-14 17:26:37.614676 Hotel: Alpha, sending you 5
2024-10-14 17:26:37.619760 Hotel: Charlie, sending you 4
chatterbot Charlie submitting transactions
chatterbot Mike submitting transactions
chatterbot Papa submitting transactions
chatterbot Alpha submitting transactions
chatterbot Golf submitting transactions
chatterbot Oscar submitting transactions
chatterbot X-ray submitting transactions
chatterbot Whiskey submitting transactions
chatterbot Hotel submitting transactions
chatterbot Bravo submitting transactions
ChatterBot Golf round 8
ChatterBot Oscar round 8
ChatterBot Bravo round 8
ChatterBot Alpha round 8
ChatterBot Charlie round 8
ChatterBot X-ray round 8
ChatterBot Whiskey round 8
ChatterBot Papa round 8
ChatterBot Hotel round 8
ChatterBot Mike round 8
2024-10-14 17:26:38.802903 X-ray: We should add Mike
ChatterBot Whiskey reevaluating
ChatterBot Bravo reevaluating
2024-10-14 17:26:38.810034 Whiskey: Yes
2024-10-14 17:26:38.810184 Golf: Yes
2024-10-14 17:26:38.810310 Bravo: Yes
ChatterBot Bravo reevaluating
ChatterBot X-ray reevaluating
ChatterBot Whiskey reevaluating
ChatterBot Bravo reevaluating
ChatterBot X-ray reevaluating
ChatterBot Whiskey reevaluating
ChatterBot X-ray reevaluating
2024-10-14 17:26:38.846789 Whiskey: We should drop Charlie
ChatterBot X-ray reevaluating
2024-10-14 17:26:38.855128 X-ray: Yes
2024-10-14 17:26:38.855279 Golf: Yes
2024-10-14 17:26:38.855395 Bravo: Yes
2024-10-14 17:26:38.855503 Mike: Yes
ChatterBot Whiskey reevaluating
ChatterBot X-ray reevaluating
ChatterBot Whiskey reevaluating
ChatterBot X-ray reevaluating
ChatterBot Whiskey reevaluating
ChatterBot X-ray reevaluating
ChatterBot Whiskey reevaluating
2024-10-14 17:26:38.895671 X-ray: Mike we want you to join our group
2024-10-14 17:26:38.897484 Mike: Yes
ChatterBot X-ray reevaluating
ChatterBot Whiskey reevaluating
2024-10-14 17:26:38.910283 Oscar: Alpha, Charlie and Papa, sending you 4
2024-10-14 17:26:38.910965 Alpha: Oscar, Charlie and Papa, sending you 3
2024-10-14 17:26:38.911551 Charlie: Oscar, Alpha and Papa, sending you 3
2024-10-14 17:26:38.913166 Golf: Bravo, X-ray and Whiskey, sending you 5
2024-10-14 17:26:38.913771 Hotel: Oscar and Papa, sending you 3
2024-10-14 17:26:38.914459 Alpha: Hotel, sending you 4
2024-10-14 17:26:38.915080 Oscar: Hotel, sending you 3
2024-10-14 17:26:38.916674 Charlie: Hotel, sending you 4
2024-10-14 17:26:38.917158 Mike: Same as last round
2024-10-14 17:26:38.918179 Golf: Mike, sending you 3
2024-10-14 17:26:38.918595 Hotel: Alpha, sending you 5
2024-10-14 17:26:38.923702 Hotel: Charlie, sending you 4
chatterbot Whiskey submitting transactions
chatterbot Golf submitting transactions
chatterbot Alpha submitting transactions
chatterbot X-ray submitting transactions
chatterbot Oscar submitting transactions
chatterbot Papa submitting transactions
chatterbot Charlie submitting transactions
chatterbot Mike submitting transactions
chatterbot Bravo submitting transactions
chatterbot Hotel submitting transactions
ChatterBot Golf round 9
ChatterBot Oscar round 9
ChatterBot Bravo round 9
ChatterBot Alpha round 9
ChatterBot Charlie round 9
ChatterBot X-ray round 9
ChatterBot Whiskey round 9
ChatterBot Papa round 9
ChatterBot Hotel round 9
2024-10-14 17:26:40.047310 Alpha: We should add Whiskey
ChatterBot Hotel reevaluating
2024-10-14 17:26:40.067701 Charlie: No
2024-10-14 17:26:40.067995 Hotel: No
2024-10-14 17:26:40.068214 Oscar: No
2024-10-14 17:26:40.068437 Papa: No
ChatterBot Alpha reevaluating
ChatterBot Hotel reevaluating
ChatterBot Alpha reevaluating
ChatterBot Alpha reevaluating
ChatterBot Hotel reevaluating
ChatterBot Alpha reevaluating
ChatterBot Hotel reevaluating
ChatterBot Mike round 9
2024-10-14 17:26:40.149188 X-ray: We should add Mike
ChatterBot Whiskey reevaluating
2024-10-14 17:26:40.156902 Whiskey: Yes
2024-10-14 17:26:40.157043 Golf: Yes
2024-10-14 17:26:40.157154 Bravo: Yes
ChatterBot X-ray reevaluating
ChatterBot Whiskey reevaluating
ChatterBot X-ray reevaluating
ChatterBot Whiskey reevaluating
ChatterBot X-ray reevaluating
2024-10-14 17:26:40.192381 Alpha: We should add Bravo
ChatterBot Hotel reevaluating
2024-10-14 17:26:40.201747 Charlie: No
2024-10-14 17:26:40.201908 Hotel: Yes
2024-10-14 17:26:40.202024 Oscar: No
2024-10-14 17:26:40.202142 Papa: No
ChatterBot Alpha reevaluating
ChatterBot Hotel reevaluating
ChatterBot Alpha reevaluating
ChatterBot Alpha reevaluating
ChatterBot Hotel reevaluating
ChatterBot Alpha reevaluating
ChatterBot Hotel reevaluating
2024-10-14 17:26:40.248319 Alpha: We should add Mike
ChatterBot Hotel reevaluating
2024-10-14 17:26:40.260145 Charlie: No
2024-10-14 17:26:40.260304 Hotel: Yes
2024-10-14 17:26:40.260418 Oscar: No
2024-10-14 17:26:40.260528 Papa: No
ChatterBot Alpha reevaluating
ChatterBot Hotel reevaluating
ChatterBot Alpha reevaluating
ChatterBot Alpha reevaluating
ChatterBot Hotel reevaluating
ChatterBot Alpha reevaluating
ChatterBot Hotel reevaluating
2024-10-14 17:26:40.322338 Hotel: We should add X-ray
ChatterBot Alpha reevaluating
2024-10-14 17:26:40.336593 Alpha: Yes
2024-10-14 17:26:40.337210 Charlie: Yes
2024-10-14 17:26:40.337371 Oscar: Yes
2024-10-14 17:26:40.337529 Papa: Yes
ChatterBot Hotel reevaluating
ChatterBot Alpha reevaluating
ChatterBot Hotel reevaluating
ChatterBot Alpha reevaluating
ChatterBot Hotel reevaluating
ChatterBot Alpha reevaluating
ChatterBot Hotel reevaluating
2024-10-14 17:26:40.392821 Whiskey: We should drop Charlie
ChatterBot X-ray reevaluating
2024-10-14 17:26:40.405208 X-ray: Yes
2024-10-14 17:26:40.405406 Golf: Yes
2024-10-14 17:26:40.405556 Bravo: Yes
2024-10-14 17:26:40.405692 Mike: Yes
ChatterBot Whiskey reevaluating
ChatterBot X-ray reevaluating
ChatterBot Whiskey reevaluating
ChatterBot X-ray reevaluating
ChatterBot Whiskey reevaluating
ChatterBot X-ray reevaluating
ChatterBot Whiskey reevaluating
2024-10-14 17:26:40.457566 Alpha: X-ray we want you to join our group
ChatterBot X-ray reevaluating
2024-10-14 17:26:40.460088 X-ray: No
ChatterBot Alpha reevaluating
2024-10-14 17:26:40.475450 Hotel: X-ray we want you to join our group
ChatterBot X-ray reevaluating
2024-10-14 17:26:40.478351 X-ray: No
ChatterBot Alpha reevaluating
2024-10-14 17:26:40.491106 Golf: I was attacked by Papa
ChatterBot X-ray reevaluating
ChatterBot Bravo reevaluating
ChatterBot Whiskey reevaluating
ChatterBot Mike reevaluating
2024-10-14 17:26:40.505248 Golf: Ow
2024-10-14 17:26:40.507422 Charlie: Oscar, Alpha and Papa, sending you 3
2024-10-14 17:26:40.508276 Oscar: Alpha, Charlie and Papa, sending you 4
2024-10-14 17:26:40.511662 Charlie: Hotel, sending you 4
2024-10-14 17:26:40.512404 Oscar: Hotel, sending you 3
2024-10-14 17:26:40.513012 X-ray: Mike we want you to join our group
ChatterBot Mike reevaluating
2024-10-14 17:26:40.517408 Mike: Yes
ChatterBot X-ray reevaluating
ChatterBot Bravo reevaluating
ChatterBot Whiskey reevaluating
2024-10-14 17:26:40.533688 Hotel: Oscar and Papa, sending you 3
2024-10-14 17:26:40.537718 Hotel: Alpha and Charlie, sending you 4
2024-10-14 17:26:40.542143 Alpha: Oscar, Charlie and Papa, sending you 3
2024-10-14 17:26:40.542728 Hotel: X-ray, sending you 1
2024-10-14 17:26:40.547675 Alpha: Hotel, sending you 4
2024-10-14 17:26:40.559695 Mike: Same as last round
chatterbot Bravo submitting transactions
chatterbot Whiskey submitting transactions
chatterbot X-ray submitting transactions
chatterbot Golf submitting transactions
chatterbot Alpha submitting transactions
chatterbot Oscar submitting transactions
chatterbot Hotel submitting transactions
chatterbot Papa submitting transactions
chatterbot Charlie submitting transactions
chatterbot Mike submitting transactions
ChatterBot Golf round 10
ChatterBot Oscar round 10
ChatterBot Bravo round 10
ChatterBot Alpha round 10
ChatterBot Charlie round 10
ChatterBot X-ray round 10
ChatterBot Whiskey round 10
ChatterBot Papa round 10
ChatterBot Hotel round 10
ChatterBot Mike round 10
2024-10-14 17:26:41.782094 Charlie: We should drop Papa
ChatterBot Alpha reevaluating
ChatterBot Hotel reevaluating
2024-10-14 17:26:41.791481 Oscar: No
2024-10-14 17:26:41.791694 Alpha: No
2024-10-14 17:26:41.791827 Hotel: No
ChatterBot Charlie reevaluating
ChatterBot Alpha reevaluating
ChatterBot Hotel reevaluating
ChatterBot Charlie reevaluating
ChatterBot Hotel reevaluating
ChatterBot Charlie reevaluating
ChatterBot Alpha reevaluating
2024-10-14 17:26:41.824792 X-ray: We should add Mike
ChatterBot Whiskey reevaluating
ChatterBot Bravo reevaluating
2024-10-14 17:26:41.832424 Whiskey: Yes
2024-10-14 17:26:41.832541 Golf: Yes
2024-10-14 17:26:41.832644 Bravo: Yes
ChatterBot Bravo reevaluating
ChatterBot X-ray reevaluating
ChatterBot Whiskey reevaluating
ChatterBot Bravo reevaluating
ChatterBot X-ray reevaluating
ChatterBot Whiskey reevaluating
ChatterBot X-ray reevaluating
2024-10-14 17:26:41.862504 Hotel: We should replace X-ray with Mike
ChatterBot Alpha reevaluating
ChatterBot Charlie reevaluating
2024-10-14 17:26:41.872089 Alpha: No
2024-10-14 17:26:41.872255 Charlie: No
2024-10-14 17:26:41.872372 Oscar: No
2024-10-14 17:26:41.872480 Papa: No
ChatterBot Charlie reevaluating
ChatterBot Hotel reevaluating
ChatterBot Alpha reevaluating
ChatterBot Hotel reevaluating
ChatterBot Alpha reevaluating
ChatterBot Charlie reevaluating
ChatterBot Hotel reevaluating
ChatterBot Alpha reevaluating
ChatterBot Charlie reevaluating
ChatterBot Hotel reevaluating
2024-10-14 17:26:41.911419 Hotel: We should replace X-ray with Bravo
ChatterBot Alpha reevaluating
ChatterBot Charlie reevaluating
2024-10-14 17:26:41.921441 Alpha: No
2024-10-14 17:26:41.921584 Charlie: No
2024-10-14 17:26:41.921706 Oscar: No
2024-10-14 17:26:41.921852 Papa: No
ChatterBot Charlie reevaluating
ChatterBot Hotel reevaluating
ChatterBot Alpha reevaluating
ChatterBot Hotel reevaluating
ChatterBot Alpha reevaluating
ChatterBot Charlie reevaluating
ChatterBot Hotel reevaluating
ChatterBot Alpha reevaluating
ChatterBot Charlie reevaluating
ChatterBot Hotel reevaluating
2024-10-14 17:26:41.965362 Whiskey: We should drop Charlie
ChatterBot X-ray reevaluating
2024-10-14 17:26:41.974964 X-ray: Yes
2024-10-14 17:26:41.975121 Golf: Yes
2024-10-14 17:26:41.975233 Bravo: Yes
2024-10-14 17:26:41.976102 Mike: Yes
ChatterBot Whiskey reevaluating
ChatterBot X-ray reevaluating
ChatterBot Whiskey reevaluating
ChatterBot X-ray reevaluating
ChatterBot Whiskey reevaluating
ChatterBot X-ray reevaluating
ChatterBot Whiskey reevaluating
2024-10-14 17:26:42.025775 Papa: I was attacked by Golf
ChatterBot Alpha reevaluating
ChatterBot Charlie reevaluating
ChatterBot Hotel reevaluating
ChatterBot Oscar reevaluating
2024-10-14 17:26:42.036657 Papa: Ow
2024-10-14 17:26:42.037859 X-ray: Mike we want you to join our group
2024-10-14 17:26:42.040755 Mike: Yes
ChatterBot X-ray reevaluating
ChatterBot Whiskey reevaluating
2024-10-14 17:26:42.051898 Mike: Same as last round
2024-10-14 17:26:42.052517 Hotel: Mike we want you to join our group
2024-10-14 17:26:42.055393 Mike: No
ChatterBot Hotel reevaluating
ChatterBot Oscar reevaluating
ChatterBot Alpha reevaluating
2024-10-14 17:26:42.070269 Hotel: We should replace X-ray with Whiskey
2024-10-14 17:26:42.070522 Alpha: We should replace X-ray with Whiskey
ChatterBot Alpha reevaluating
ChatterBot Oscar reevaluating
2024-10-14 17:26:42.080801 Alpha: Yes
2024-10-14 17:26:42.080966 Charlie: No
ChatterBot Hotel reevaluating
2024-10-14 17:26:42.085781 Oscar: No
ChatterBot Oscar reevaluating
2024-10-14 17:26:42.088624 Papa: No
2024-10-14 17:26:42.091070 Charlie: No
2024-10-14 17:26:42.091226 Hotel: No
2024-10-14 17:26:42.091383 Oscar: No
2024-10-14 17:26:42.091500 Papa: No
ChatterBot Hotel reevaluating
ChatterBot Oscar reevaluating
ChatterBot Alpha reevaluating
ChatterBot Hotel reevaluating
ChatterBot Oscar reevaluating
ChatterBot Alpha reevaluating
ChatterBot Hotel reevaluating
ChatterBot Alpha reevaluating
ChatterBot Hotel reevaluating
ChatterBot Oscar reevaluating
ChatterBot Alpha reevaluating
ChatterBot Hotel reevaluating
ChatterBot Oscar reevaluating
ChatterBot Alpha reevaluating
ChatterBot Oscar reevaluating
ChatterBot Alpha reevaluating
ChatterBot Hotel reevaluating
ChatterBot Alpha reevaluating
ChatterBot Hotel reevaluating
ChatterBot Oscar reevaluating
2024-10-14 17:26:42.183810 Hotel: Bravo we want you to join our group
2024-10-14 17:26:42.187454 Bravo: No
ChatterBot Hotel reevaluating
2024-10-14 17:26:42.202956 Alpha: Whiskey we want you to join our group
ChatterBot Whiskey reevaluating
2024-10-14 17:26:42.206683 Whiskey: No
ChatterBot Hotel reevaluating
2024-10-14 17:26:42.219702 Oscar: Alpha, Charlie and Papa, sending you 4
2024-10-14 17:26:42.221810 Charlie: Oscar, Alpha and Papa, sending you 3
2024-10-14 17:26:42.222676 Oscar: Hotel, sending you 3
2024-10-14 17:26:42.225669 Charlie: Hotel, sending you 4
2024-10-14 17:26:42.231679 Alpha: Oscar, Charlie and Hotel, sending you 3
2024-10-14 17:26:42.234674 Alpha: Whiskey and Papa, sending you 2
