ChatterBot Romeo round 1
ChatterBot Echo round 1
ChatterBot Golf round 1
ChatterBot Lima round 1
ChatterBot November round 1
ChatterBot X-ray round 1
ChatterBot India round 1
ChatterBot Kilo round 1
ChatterBot Juliett round 1
ChatterBot Papa round 1
randomSelections India: {India, Papa, Lima} 
2024-10-14 17:26:29.009481 India: Let's form a team
ChatterBot Papa reevaluating
ChatterBot Lima reevaluating
2024-10-14 17:26:29.014321 Papa: Yes
2024-10-14 17:26:29.014458 Lima: Yes
ChatterBot Lima reevaluating
ChatterBot Papa reevaluating
randomSelections November: {November, India, Echo, Lima, X-ray} 
2024-10-14 17:26:29.021885 November: We should group up
ChatterBot Echo reevaluating
ChatterBot Lima reevaluating
ChatterBot X-ray reevaluating
2024-10-14 17:26:29.027971 India: No
2024-10-14 17:26:29.028121 Echo: Yes
2024-10-14 17:26:29.028207 Lima: No
2024-10-14 17:26:29.028296 X-ray: Yes
ChatterBot Echo reevaluating
ChatterBot Lima reevaluating
ChatterBot X-ray reevaluating
ChatterBot Lima reevaluating
ChatterBot X-ray reevaluating
ChatterBot Echo reevaluating
ChatterBot X-ray reevaluating
ChatterBot Echo reevaluating
ChatterBot Lima reevaluating
randomSelections Kilo: {Kilo, Papa, Juliett, November, India, Echo} 
2024-10-14 17:26:29.053034 Kilo: Group up?
ChatterBot Papa reevaluating
ChatterBot Juliett reevaluating
ChatterBot Echo reevaluating
2024-10-14 17:26:29.061843 Papa: No
2024-10-14 17:26:29.062476 Juliett: Yes
2024-10-14 17:26:29.062650 November: No
2024-10-14 17:26:29.062859 India: No
2024-10-14 17:26:29.063034 Echo: No
ChatterBot Juliett reevaluating
ChatterBot Echo reevaluating
ChatterBot Papa reevaluating
ChatterBot Echo reevaluating
ChatterBot Papa reevaluating
ChatterBot Juliett reevaluating
ChatterBot Echo reevaluating
ChatterBot Papa reevaluating
ChatterBot Juliett reevaluating
ChatterBot Echo reevaluating
ChatterBot Papa reevaluating
ChatterBot Juliett reevaluating
randomSelections Romeo: {Romeo, Lima, Papa, November} 
2024-10-14 17:26:29.107645 Romeo: Group up?
ChatterBot Lima reevaluating
ChatterBot Papa reevaluating
2024-10-14 17:26:29.112322 Lima: No
2024-10-14 17:26:29.112471 Papa: No
2024-10-14 17:26:29.112634 November: No
ChatterBot Papa reevaluating
ChatterBot Lima reevaluating
ChatterBot Lima reevaluating
ChatterBot Papa reevaluating
randomSelections Golf: {Golf, India, Kilo, Lima} 
2024-10-14 17:26:29.127420 Golf: We should group up
ChatterBot Lima reevaluating
2024-10-14 17:26:29.131288 India: No
2024-10-14 17:26:29.131429 Kilo: No
2024-10-14 17:26:29.131542 Lima: No
ChatterBot Lima reevaluating
ChatterBot Lima reevaluating
2024-10-14 17:26:29.157697 Juliett: Echo and India, sending you 1
2024-10-14 17:26:29.158030 November: Echo and India, sending you 1
2024-10-14 17:26:29.158675 Romeo: Lima, sending you 5
2024-10-14 17:26:29.158981 Golf: Lima and India, sending you 3
2024-10-14 17:26:29.160656 Kilo: Echo, sending you 2
2024-10-14 17:26:29.160859 Juliett: November, sending you 2
2024-10-14 17:26:29.161697 Romeo: November, sending you 1
2024-10-14 17:26:29.162728 Golf: Kilo, sending you 4
2024-10-14 17:26:29.165696 Kilo: November, sending you 3
2024-10-14 17:26:29.165981 Romeo: Papa, sending you 2
2024-10-14 17:26:29.166179 India: Lima and Papa, sending you 5
2024-10-14 17:26:29.167696 Echo: Lima, sending you 5
2024-10-14 17:26:29.168692 Kilo: India, sending you 5
2024-10-14 17:26:29.169674 Papa: Lima, sending you 1
2024-10-14 17:26:29.170709 Lima: India, sending you 1
2024-10-14 17:26:29.171679 X-ray: Echo and Lima, sending you 2
2024-10-14 17:26:29.171973 Echo: November, sending you 7
2024-10-14 17:26:29.173691 Kilo: Juliett, sending you 1
2024-10-14 17:26:29.174135 Papa: India, sending you 2
2024-10-14 17:26:29.174707 Lima: Papa, sending you 5
2024-10-14 17:26:29.175107 Echo: X-ray, sending you 2
2024-10-14 17:26:29.176697 X-ray: November, sending you 3
2024-10-14 17:26:29.177710 Kilo: Papa, sending you 7
2024-10-14 17:26:29.178685 Echo: India, sending you 3
2024-10-14 17:26:29.181726 X-ray: India, sending you 4
chatterbot India submitting transactions
chatterbot November submitting transactions
chatterbot Kilo submitting transactions
chatterbot Golf submitting transactions
chatterbot X-ray submitting transactions
chatterbot Papa submitting transactions
chatterbot Lima submitting transactions
chatterbot Echo submitting transactions
chatterbot Romeo submitting transactions
chatterbot Juliett submitting transactions
ChatterBot Romeo round 2
ChatterBot Echo round 2
ChatterBot Golf round 2
ChatterBot Lima round 2
ChatterBot November round 2
ChatterBot X-ray round 2
ChatterBot India round 2
ChatterBot Kilo round 2
ChatterBot Juliett round 2
ChatterBot Papa round 2
2024-10-14 17:26:30.851929 Golf: Let's form a team
ChatterBot Juliett reevaluating
2024-10-14 17:26:30.857924 Juliett: Yes
2024-10-14 17:26:30.863824 Juliett: Can we be friends?
2024-10-14 17:26:30.873859 Golf: Yes
ChatterBot Juliett reevaluating
2024-10-14 17:26:30.891578 Papa: We should add Kilo
ChatterBot India reevaluating
ChatterBot Lima reevaluating
2024-10-14 17:26:30.908251 India: Yes
2024-10-14 17:26:30.908501 Lima: Yes
ChatterBot Lima reevaluating
ChatterBot India reevaluating
2024-10-14 17:26:30.942002 Lima: We should add Golf and Kilo
ChatterBot India reevaluating
2024-10-14 17:26:30.958786 India: Yes
2024-10-14 17:26:30.958947 Papa: No
ChatterBot Lima reevaluating
ChatterBot India reevaluating
ChatterBot Lima reevaluating
2024-10-14 17:26:31.003200 Lima: Group up?
ChatterBot Echo reevaluating
ChatterBot November reevaluating
ChatterBot X-ray reevaluating
2024-10-14 17:26:31.023713 Echo: Yes
2024-10-14 17:26:31.023850 November: No
2024-10-14 17:26:31.023967 X-ray: No
ChatterBot Lima reevaluating
ChatterBot November reevaluating
ChatterBot X-ray reevaluating
ChatterBot Lima reevaluating
ChatterBot Echo reevaluating
ChatterBot X-ray reevaluating
ChatterBot Lima reevaluating
ChatterBot Echo reevaluating
ChatterBot November reevaluating
2024-10-14 17:26:31.097004 November: Let's form a team
ChatterBot Echo reevaluating
ChatterBot X-ray reevaluating
ChatterBot Juliett reevaluating
2024-10-14 17:26:31.117499 Echo: Yes
2024-10-14 17:26:31.117624 X-ray: No
2024-10-14 17:26:31.118188 Juliett: No
ChatterBot November reevaluating
ChatterBot X-ray reevaluating
ChatterBot Juliett reevaluating
ChatterBot November reevaluating
ChatterBot Echo reevaluating
ChatterBot Juliett reevaluating
ChatterBot November reevaluating
ChatterBot Echo reevaluating
ChatterBot X-ray reevaluating
2024-10-14 17:26:31.183322 Romeo: Friends?
ChatterBot Juliett reevaluating
2024-10-14 17:26:31.187968 Juliett: No
ChatterBot Romeo reevaluating
2024-10-14 17:26:31.203021 Kilo: Group up?
ChatterBot Lima reevaluating
ChatterBot India reevaluating
ChatterBot Juliett reevaluating
2024-10-14 17:26:31.227922 Golf: No
2024-10-14 17:26:31.228145 Lima: No
2024-10-14 17:26:31.228256 India: No
2024-10-14 17:26:31.228362 Papa: No
2024-10-14 17:26:31.228504 Juliett: No
ChatterBot Lima reevaluating
ChatterBot India reevaluating
ChatterBot Juliett reevaluating
ChatterBot India reevaluating
ChatterBot Juliett reevaluating
ChatterBot Kilo reevaluating
ChatterBot Lima reevaluating
ChatterBot Juliett reevaluating
ChatterBot Kilo reevaluating
ChatterBot Lima reevaluating
ChatterBot India reevaluating
ChatterBot Juliett reevaluating
ChatterBot Kilo reevaluating
ChatterBot Lima reevaluating
ChatterBot India reevaluating
2024-10-14 17:26:31.418294 Papa: Kilo we want you to join our group
ChatterBot Kilo reevaluating
2024-10-14 17:26:31.423506 Kilo: Yes
ChatterBot Lima reevaluating
ChatterBot India reevaluating
2024-10-14 17:26:31.446756 Golf: Sending you 10
2024-10-14 17:26:31.449326 X-ray: We should drop India and Lima
2024-10-14 17:26:31.463624 Echo: Yes
2024-10-14 17:26:31.463869 November: Yes
2024-10-14 17:26:31.483861 India: Golf and Kilo we want you to join our group
ChatterBot Kilo reevaluating
2024-10-14 17:26:31.494496 Golf: No
2024-10-14 17:26:31.495219 Kilo: Yes
ChatterBot Kilo reevaluating
2024-10-14 17:26:31.532034 Lima: Golf and Kilo we want you to join our group
ChatterBot Kilo reevaluating
2024-10-14 17:26:31.542183 Golf: No
2024-10-14 17:26:31.542299 Kilo: Yes
ChatterBot Kilo reevaluating
2024-10-14 17:26:31.579349 Echo: November and Juliett, sending you 5
2024-10-14 17:26:31.581814 Juliett: Echo, sending you 2
2024-10-14 17:26:31.584769 Romeo: Sending you 17
2024-10-14 17:26:31.584941 November: Echo, sending you 4
2024-10-14 17:26:31.585151 Echo: X-ray, sending you 7
2024-10-14 17:26:31.585369 Papa: Sending you each 1
2024-10-14 17:26:32.006537 Juliett: November and X-ray, sending you 1
2024-10-14 17:26:32.007360 November: X-ray, sending you 3
2024-10-14 17:26:32.007634 X-ray: Echo, sending you 7
chatterbot X-ray submitting transactions
chatterbot Golf submitting transactions
chatterbot Romeo submitting transactions
2024-10-14 17:26:32.015359 November: Juliett, sending you 2
2024-10-14 17:26:32.015780 India: Golf and Papa, sending you 4
2024-10-14 17:26:32.016595 X-ray: November, sending you 1
2024-10-14 17:26:32.016858 Lima: Golf and India, sending you 2
2024-10-14 17:26:32.022445 India: Lima, sending you 2
2024-10-14 17:26:32.023681 Lima: Kilo and Papa, sending you 1
2024-10-14 17:26:32.029204 India: Kilo, sending you 3
2024-10-14 17:26:32.032349 Kilo: Golf, sending you 8
chatterbot Juliett submitting transactions
chatterbot November submitting transactions
chatterbot Echo submitting transactions
chatterbot Papa submitting transactions
chatterbot Lima submitting transactions
chatterbot India submitting transactions
chatterbot Kilo submitting transactions
ChatterBot Romeo round 3
ChatterBot Echo round 3
ChatterBot Golf round 3
ChatterBot Lima round 3
ChatterBot November round 3
ChatterBot X-ray round 3
ChatterBot India round 3
2024-10-14 17:26:32.917959 Romeo: We should add Kilo and India
ChatterBot Golf reevaluating
2024-10-14 17:26:32.922818 Golf: Yes
ChatterBot Kilo round 3
ChatterBot Juliett round 3
2024-10-14 17:26:32.932557 Lima: We should replace Papa with Romeo
ChatterBot Golf reevaluating
ChatterBot India reevaluating
ChatterBot Kilo reevaluating
2024-10-14 17:26:32.946866 Golf: Yes
2024-10-14 17:26:32.947023 India: No
2024-10-14 17:26:32.947179 Kilo: No
ChatterBot India reevaluating
ChatterBot Kilo reevaluating
ChatterBot Golf reevaluating
ChatterBot Kilo reevaluating
ChatterBot Golf reevaluating
ChatterBot India reevaluating
ChatterBot Papa round 3
2024-10-14 17:26:32.989693 Echo: We should add Kilo
ChatterBot X-ray reevaluating
ChatterBot Juliett reevaluating
2024-10-14 17:26:33.000352 November: No
2024-10-14 17:26:33.000579 X-ray: No
2024-10-14 17:26:33.000789 Juliett: No
ChatterBot X-ray reevaluating
ChatterBot Juliett reevaluating
ChatterBot Echo reevaluating
ChatterBot Juliett reevaluating
ChatterBot Echo reevaluating
ChatterBot X-ray reevaluating
2024-10-14 17:26:33.130988 Kilo: We should add Juliett
ChatterBot Golf reevaluating
ChatterBot India reevaluating
ChatterBot Papa reevaluating
2024-10-14 17:26:33.164152 Golf: No
2024-10-14 17:26:33.165058 Lima: No
2024-10-14 17:26:33.165319 India: No
2024-10-14 17:26:33.165478 Papa: No
2024-10-14 17:26:33.165633 Romeo: No
ChatterBot Kilo reevaluating
ChatterBot India reevaluating
ChatterBot Papa reevaluating
ChatterBot Kilo reevaluating
ChatterBot Golf reevaluating
ChatterBot India reevaluating
ChatterBot Papa reevaluating
ChatterBot Romeo reevaluating
ChatterBot Kilo reevaluating
ChatterBot Golf reevaluating
ChatterBot Papa reevaluating
ChatterBot Romeo reevaluating
ChatterBot Kilo reevaluating
ChatterBot Golf reevaluating
ChatterBot India reevaluating
ChatterBot Romeo reevaluating
ChatterBot Kilo reevaluating
ChatterBot Golf reevaluating
ChatterBot India reevaluating
ChatterBot Papa reevaluating
2024-10-14 17:26:33.291964 Romeo: We should add Kilo
ChatterBot Golf reevaluating
2024-10-14 17:26:33.296549 Golf: Yes
ChatterBot Romeo reevaluating
2024-10-14 17:26:33.304478 Lima: Romeo we want you to join our group
ChatterBot Romeo reevaluating
2024-10-14 17:26:33.308845 Romeo: No
ChatterBot Golf reevaluating
ChatterBot Kilo reevaluating
ChatterBot India reevaluating
2024-10-14 17:26:33.331077 India: Romeo we want you to join our group
ChatterBot Romeo reevaluating
2024-10-14 17:26:33.336147 Romeo: No
ChatterBot Lima reevaluating
ChatterBot India reevaluating
chatterbot November submitting transactions
2024-10-14 17:26:33.353233 X-ray: Juliett we want you to join our group
2024-10-14 17:26:33.356957 Juliett: Yes
ChatterBot Echo reevaluating
2024-10-14 17:26:33.367170 Romeo: Kilo we want you to join our group
2024-10-14 17:26:33.370855 Kilo: Yes
ChatterBot Romeo reevaluating
2024-10-14 17:26:33.378 Juliett: Echo, sending you 3
2024-10-14 17:26:33.378684 Golf: Romeo, sending you 4
2024-10-14 17:26:33.378958 November: Echo, sending you 4
2024-10-14 17:26:33.381706 Juliett: November, sending you 1
2024-10-14 17:26:33.382680 India: Golf, sending you 2
2024-10-14 17:26:33.383679 Golf: India and Kilo, sending you 3
2024-10-14 17:26:33.384427 November: X-ray, sending you 3
2024-10-14 17:26:33.384714 Kilo: Golf, sending you 6
2024-10-14 17:26:33.385065 Papa: Same as last round
2024-10-14 17:26:33.386673 India: Lima, Kilo and Papa, sending you 4
2024-10-14 17:26:33.387708 Kilo: Lima, sending you 2
2024-10-14 17:26:33.389687 November: Juliett, sending you 2
2024-10-14 17:26:33.391692 Lima: Golf, Kilo and Papa, sending you 1
2024-10-14 17:26:33.393198 Kilo: India, sending you 7
chatterbot Lima submitting transactions
2024-10-14 17:26:33.395829 Lima: India, sending you 3
2024-10-14 17:26:33.397673 Echo: November and X-ray, sending you 6
2024-10-14 17:26:33.398676 Kilo: Papa, sending you 3
2024-10-14 17:26:33.400683 X-ray: Echo, sending you 7
2024-10-14 17:26:33.401059 Echo: Juliett, sending you 5
2024-10-14 17:26:33.405693 X-ray: November, sending you 3
2024-10-14 17:26:33.410145 X-ray: Juliett, sending you 1
2024-10-14 17:26:33.412666 Romeo: Golf, sending you 9
chatterbot Echo submitting transactions
2024-10-14 17:26:33.417657 Romeo: Kilo, sending you 8
chatterbot Golf submitting transactions
chatterbot Romeo submitting transactions
chatterbot Papa submitting transactions
chatterbot X-ray submitting transactions
chatterbot Lima submitting transactions
chatterbot Juliett submitting transactions
chatterbot Kilo submitting transactions
chatterbot India submitting transactions
ChatterBot Romeo round 4
ChatterBot Echo round 4
ChatterBot Golf round 4
ChatterBot Lima round 4
ChatterBot November round 4
ChatterBot X-ray round 4
ChatterBot India round 4
2024-10-14 17:26:34.401266 Romeo: We should add Lima and India
ChatterBot Golf reevaluating
2024-10-14 17:26:34.418713 Golf: Yes
2024-10-14 17:26:34.418943 Kilo: Yes
ChatterBot Golf reevaluating
2024-10-14 17:26:34.442010 Golf: We should add Lima
ChatterBot India reevaluating
2024-10-14 17:26:34.456366 Romeo: Yes
2024-10-14 17:26:34.456542 Kilo: Yes
2024-10-14 17:26:34.456684 India: Yes
ChatterBot Golf reevaluating
ChatterBot India reevaluating
ChatterBot Golf reevaluating
ChatterBot India reevaluating
ChatterBot Golf reevaluating
ChatterBot Kilo round 4
2024-10-14 17:26:34.506666 Lima: We should replace Papa with Romeo
ChatterBot Golf reevaluating
ChatterBot India reevaluating
ChatterBot Kilo reevaluating
2024-10-14 17:26:34.520089 Golf: Yes
2024-10-14 17:26:34.520206 India: Yes
2024-10-14 17:26:34.520301 Kilo: No
ChatterBot India reevaluating
ChatterBot Kilo reevaluating
ChatterBot Golf reevaluating
ChatterBot Kilo reevaluating
ChatterBot Golf reevaluating
ChatterBot India reevaluating
ChatterBot Juliett round 4
ChatterBot Papa round 4
2024-10-14 17:26:34.562095 Romeo: Lima and India we want you to join our group
ChatterBot India reevaluating
2024-10-14 17:26:34.567654 Lima: Yes
2024-10-14 17:26:34.567770 India: Yes
ChatterBot Golf reevaluating
ChatterBot Kilo reevaluating
ChatterBot India reevaluating
ChatterBot Golf reevaluating
ChatterBot Kilo reevaluating
2024-10-14 17:26:34.589756 Lima: Romeo we want you to join our group
2024-10-14 17:26:34.591936 Romeo: Yes
ChatterBot Golf reevaluating
ChatterBot Kilo reevaluating
ChatterBot India reevaluating
chatterbot Echo submitting transactions
2024-10-14 17:26:34.607087 Papa: We should add Romeo
ChatterBot India reevaluating
2024-10-14 17:26:34.613878 Lima: Yes
2024-10-14 17:26:34.613989 India: Yes
2024-10-14 17:26:34.614581 Kilo: Yes
ChatterBot India reevaluating
ChatterBot India reevaluating
2024-10-14 17:26:34.635230 Golf: Lima we want you to join our group
2024-10-14 17:26:34.637787 Lima: Yes
ChatterBot Golf reevaluating
2024-10-14 17:26:34.647372 Echo: November and X-ray, sending you 6
2024-10-14 17:26:34.647756 Papa: Romeo we want you to join our group
2024-10-14 17:26:34.649970 Romeo: No
2024-10-14 17:26:34.659407 India: Romeo we want you to join our group
2024-10-14 17:26:34.661677 Romeo: Yes
ChatterBot Golf reevaluating
2024-10-14 17:26:34.671791 X-ray: Echo, sending you 6
2024-10-14 17:26:34.672048 Echo: Juliett, sending you 5
2024-10-14 17:26:34.672256 November: Echo, sending you 4
2024-10-14 17:26:34.672601 Kilo: Romeo, Golf and India, sending you 5
2024-10-14 17:26:34.672868 Romeo: Golf, sending you 15
2024-10-14 17:26:34.674998 X-ray: November, sending you 4
2024-10-14 17:26:34.675358 Juliett: Echo, sending you 3
2024-10-14 17:26:34.675731 November: X-ray, sending you 3
2024-10-14 17:26:34.676695 Lima: Romeo, Golf and Kilo, sending you 1
2024-10-14 17:26:34.677108 Kilo: Lima, sending you 1
2024-10-14 17:26:34.677454 Romeo: India and Kilo, sending you 1
2024-10-14 17:26:34.677844 X-ray: Juliett, sending you 1
2024-10-14 17:26:34.679681 Juliett: November, sending you 1
2024-10-14 17:26:34.679983 November: Juliett, sending you 2
2024-10-14 17:26:34.680685 Lima: India, sending you 3
2024-10-14 17:26:34.681663 Kilo: Papa, sending you 2
2024-10-14 17:26:34.681955 Papa: Lima, India and Kilo, sending you 1
2024-10-14 17:26:34.689679 India: Romeo, sending you 2
2024-10-14 17:26:34.693668 India: Golf, Lima and Kilo, sending you 4
2024-10-14 17:26:34.712661 Golf: Romeo and Kilo, sending you 3
2024-10-14 17:26:34.716667 Golf: Lima and India, sending you 2
chatterbot Echo submitting transactions
chatterbot Romeo submitting transactions
chatterbot Papa submitting transactions
chatterbot India submitting transactions
chatterbot November submitting transactions
chatterbot Lima submitting transactions
chatterbot Kilo submitting transactions
chatterbot Juliett submitting transactions
chatterbot X-ray submitting transactions
chatterbot Golf submitting transactions
ChatterBot Romeo round 5
ChatterBot Echo round 5
ChatterBot Golf round 5
ChatterBot Lima round 5
ChatterBot November round 5
ChatterBot X-ray round 5
ChatterBot India round 5
ChatterBot Kilo round 5
ChatterBot Juliett round 5
ChatterBot Papa round 5
2024-10-14 17:26:35.851028 Papa: We should add Golf
2024-10-14 17:26:35.862899 Romeo: Yes
2024-10-14 17:26:35.863646 Lima: Yes
2024-10-14 17:26:35.863756 India: Yes
2024-10-14 17:26:35.863856 Kilo: Yes
2024-10-14 17:26:35.929499 Golf: We should drop Lima
2024-10-14 17:26:35.941393 Romeo: Yes
2024-10-14 17:26:35.941555 Kilo: No
2024-10-14 17:26:35.941689 India: No
2024-10-14 17:26:35.971490 Papa: Golf we want you to join our group
2024-10-14 17:26:35.974142 Golf: No
2024-10-14 17:26:35.987594 Echo: November and X-ray, sending you 6
2024-10-14 17:26:35.988 Lima: Romeo, Golf and Kilo, sending you 1
2024-10-14 17:26:35.990750 Echo: Juliett, sending you 5
2024-10-14 17:26:35.991090 X-ray: Echo, sending you 6
2024-10-14 17:26:35.991371 Juliett: Echo, sending you 3
2024-10-14 17:26:35.991675 Lima: India, sending you 3
2024-10-14 17:26:35.994673 November: Echo, sending you 4
2024-10-14 17:26:35.995031 X-ray: November, sending you 4
2024-10-14 17:26:35.995713 Juliett: November, sending you 1
2024-10-14 17:26:35.996246 Kilo: Romeo, sending you 3
2024-10-14 17:26:35.997683 November: X-ray, sending you 3
2024-10-14 17:26:35.999680 X-ray: Juliett, sending you 1
2024-10-14 17:26:36.000705 Kilo: Golf, sending you 5
2024-10-14 17:26:36.001705 Papa: Lima, India and Kilo, sending you 1
2024-10-14 17:26:36.003383 November: Juliett, sending you 2
2024-10-14 17:26:36.003984 Kilo: Lima and Papa, sending you 2
2024-10-14 17:26:36.004870 India: Romeo, sending you 2
2024-10-14 17:26:36.005683 Golf: Romeo, sending you 4
2024-10-14 17:26:36.008716 Kilo: India, sending you 6
2024-10-14 17:26:36.009159 India: Golf, Lima and Kilo, sending you 4
2024-10-14 17:26:36.009724 Golf: India and Kilo, sending you 3
2024-10-14 17:26:36.013739 Romeo: Golf, sending you 9
2024-10-14 17:26:36.016717 Romeo: India, sending you 3
2024-10-14 17:26:36.022315 Romeo: Kilo, sending you 5
chatterbot November submitting transactions
chatterbot Romeo submitting transactions
chatterbot Papa submitting transactions
chatterbot Echo submitting transactions
chatterbot India submitting transactions
chatterbot Juliett submitting transactions
chatterbot Lima submitting transactions
chatterbot X-ray submitting transactions
chatterbot Kilo submitting transactions
chatterbot Golf submitting transactions
ChatterBot Romeo round 6
ChatterBot Echo round 6
ChatterBot Golf round 6
ChatterBot Lima round 6
ChatterBot November round 6
ChatterBot X-ray round 6
ChatterBot India round 6
ChatterBot Kilo round 6
ChatterBot Juliett round 6
ChatterBot Papa round 6
2024-10-14 17:26:37.103653 Echo: November and X-ray, sending you 6
2024-10-14 17:26:37.105230 Romeo: Golf, sending you 9
2024-10-14 17:26:37.107684 Echo: Juliett, sending you 5
2024-10-14 17:26:37.108683 Romeo: India, sending you 3
2024-10-14 17:26:37.110704 X-ray: Echo, sending you 6
2024-10-14 17:26:37.111717 Romeo: Kilo, sending you 5
2024-10-14 17:26:37.114674 X-ray: November, sending you 4
2024-10-14 17:26:37.116673 November: Echo, sending you 4
2024-10-14 17:26:37.118661 Juliett: Echo, sending you 2
2024-10-14 17:26:37.119024 Golf: Romeo, sending you 4
2024-10-14 17:26:37.119698 Lima: Romeo, Golf and Kilo, sending you 1
2024-10-14 17:26:37.120704 X-ray: Juliett, sending you 1
2024-10-14 17:26:37.121490 India: Romeo, sending you 2
2024-10-14 17:26:37.121894 November: X-ray, sending you 3
2024-10-14 17:26:37.122687 Juliett: November and X-ray, sending you 1
2024-10-14 17:26:37.123895 Golf: India and Kilo, sending you 3
2024-10-14 17:26:37.124277 Lima: India, sending you 3
2024-10-14 17:26:37.124706 November: Juliett, sending you 2
2024-10-14 17:26:37.125694 Papa: Lima, India and Kilo, sending you 1
2024-10-14 17:26:37.126792 India: Golf, Lima and Kilo, sending you 4
2024-10-14 17:26:37.127377 Kilo: Romeo, sending you 4
2024-10-14 17:26:37.132702 Kilo: Golf and India, sending you 5
2024-10-14 17:26:37.135658 Kilo: Lima and Papa, sending you 2
chatterbot November submitting transactions
chatterbot Kilo submitting transactions
chatterbot Papa submitting transactions
chatterbot India submitting transactions
chatterbot Romeo submitting transactions
chatterbot Lima submitting transactions
chatterbot Juliett submitting transactions
chatterbot Golf submitting transactions
chatterbot Echo submitting transactions
chatterbot X-ray submitting transactions
ChatterBot Romeo round 7
ChatterBot Echo round 7
ChatterBot Golf round 7
ChatterBot Lima round 7
ChatterBot November round 7
ChatterBot X-ray round 7
ChatterBot India round 7
ChatterBot Kilo round 7
ChatterBot Juliett round 7
ChatterBot Papa round 7
2024-10-14 17:26:38.290663 Golf: Romeo, sending you 4
2024-10-14 17:26:38.291080 Romeo: Golf and Kilo, sending you 2
2024-10-14 17:26:38.292085 Lima: Romeo, Golf and Kilo, sending you 1
2024-10-14 17:26:38.292672 X-ray: Echo, sending you 6
2024-10-14 17:26:38.294692 Romeo: India, sending you 1
2024-10-14 17:26:38.295707 Golf: India and Kilo, sending you 3
2024-10-14 17:26:38.296898 X-ray: November, sending you 4
2024-10-14 17:26:38.297626 Lima: India, sending you 3
2024-10-14 17:26:38.298634 Echo: November and X-ray, sending you 6
2024-10-14 17:26:38.299700 November: Echo, sending you 4
2024-10-14 17:26:38.301178 X-ray: Juliett, sending you 1
2024-10-14 17:26:38.301876 India: Romeo, sending you 2
2024-10-14 17:26:38.303694 Echo: Juliett, sending you 5
2024-10-14 17:26:38.304314 November: X-ray, sending you 3
2024-10-14 17:26:38.304947 India: Golf, Lima and Kilo, sending you 4
2024-10-14 17:26:38.305745 Juliett: Echo, sending you 2
2024-10-14 17:26:38.307865 Kilo: Romeo, sending you 4
2024-10-14 17:26:38.308329 November: Juliett, sending you 2
2024-10-14 17:26:38.310672 Juliett: November and X-ray, sending you 1
2024-10-14 17:26:38.311038 Kilo: Golf and India, sending you 5
2024-10-14 17:26:38.315685 Kilo: Lima and Papa, sending you 2
2024-10-14 17:26:38.316152 Papa: Lima, India and Kilo, sending you 1
chatterbot November submitting transactions
chatterbot Echo submitting transactions
chatterbot India submitting transactions
chatterbot Papa submitting transactions
chatterbot Kilo submitting transactions
chatterbot X-ray submitting transactions
chatterbot Romeo submitting transactions
chatterbot Lima submitting transactions
chatterbot Golf submitting transactions
chatterbot Juliett submitting transactions
ChatterBot Romeo round 8
ChatterBot Echo round 8
ChatterBot Golf round 8
ChatterBot Lima round 8
ChatterBot November round 8
ChatterBot X-ray round 8
ChatterBot India round 8
ChatterBot Kilo round 8
ChatterBot Juliett round 8
ChatterBot Papa round 8
2024-10-14 17:26:39.534694 X-ray: I was attacked by Romeo
ChatterBot November reevaluating
ChatterBot Echo reevaluating
ChatterBot Juliett reevaluating
2024-10-14 17:26:39.547891 X-ray: I'm keeping this round to protect myself
2024-10-14 17:26:39.548659 X-ray: Ow
2024-10-14 17:26:39.549011 India: Romeo, sending you 2
2024-10-14 17:26:39.552055 Golf: Romeo, sending you 4
2024-10-14 17:26:39.552460 Lima: Romeo, Golf and Kilo, sending you 1
2024-10-14 17:26:39.553658 India: Golf, Lima and Kilo, sending you 4
2024-10-14 17:26:39.554680 Romeo: Golf and Kilo, sending you 2
2024-10-14 17:26:39.555089 Kilo: Romeo, sending you 3
2024-10-14 17:26:39.556044 Papa: Lima, India and Kilo, sending you 1
2024-10-14 17:26:39.556396 Golf: India and Kilo, sending you 3
2024-10-14 17:26:39.556738 Lima: India, sending you 3
2024-10-14 17:26:39.559771 Romeo: India, sending you 1
2024-10-14 17:26:39.560690 Kilo: Golf, sending you 5
2024-10-14 17:26:39.564676 Kilo: Lima and Papa, sending you 2
2024-10-14 17:26:39.569675 Echo: November and Juliett, sending you 3
2024-10-14 17:26:39.570111 Kilo: India, sending you 6
2024-10-14 17:26:39.571657 November: Echo, sending you 3
2024-10-14 17:26:39.573695 Echo: X-ray, sending you 4
2024-10-14 17:26:39.574669 Juliett: Echo, sending you 2
2024-10-14 17:26:39.575698 November: X-ray and Juliett, sending you 2
2024-10-14 17:26:39.577683 Juliett: November and X-ray, sending you 1
chatterbot Papa submitting transactions
chatterbot Golf submitting transactions
chatterbot November submitting transactions
chatterbot Kilo submitting transactions
chatterbot Romeo submitting transactions
chatterbot India submitting transactions
chatterbot Echo submitting transactions
chatterbot Lima submitting transactions
chatterbot X-ray submitting transactions
chatterbot Juliett submitting transactions
ChatterBot Romeo round 9
ChatterBot Echo round 9
ChatterBot Golf round 9
ChatterBot Lima round 9
ChatterBot November round 9
ChatterBot X-ray round 9
ChatterBot India round 9
ChatterBot Kilo round 9
ChatterBot Juliett round 9
ChatterBot Papa round 9
2024-10-14 17:26:40.729398 Echo: We should add Papa
2024-10-14 17:26:40.740048 November: No
2024-10-14 17:26:40.740237 X-ray: No
2024-10-14 17:26:40.740370 Juliett: No
ChatterBot Echo reevaluating
ChatterBot Echo reevaluating
ChatterBot Echo reevaluating
2024-10-14 17:26:40.801065 Romeo: I was attacked by Echo
ChatterBot Golf reevaluating
ChatterBot Kilo reevaluating
ChatterBot India reevaluating
2024-10-14 17:26:40.817827 Romeo: Ow
2024-10-14 17:26:40.818976 November: I was attacked by Romeo
ChatterBot Echo reevaluating
ChatterBot X-ray reevaluating
ChatterBot Juliett reevaluating
2024-10-14 17:26:40.835291 November: I'm keeping this round to protect myself
2024-10-14 17:26:40.836444 November: Ow
2024-10-14 17:26:40.837109 Lima: Romeo, Golf and Kilo, sending you 1
2024-10-14 17:26:40.839671 Lima: India, sending you 2
2024-10-14 17:26:40.841020 Papa: Lima, India and Kilo, sending you 1
2024-10-14 17:26:40.847683 Golf: Romeo, sending you 3
2024-10-14 17:26:40.850667 Golf: India and Kilo, sending you 2
2024-10-14 17:26:40.852682 Juliett: Echo, sending you 3
2024-10-14 17:26:40.856678 India: Romeo, sending you 2
2024-10-14 17:26:40.857234 Juliett: November, sending you 1
2024-10-14 17:26:40.857803 Echo: November and X-ray, sending you 6
2024-10-14 17:26:40.860665 Kilo: Romeo, sending you 3
2024-10-14 17:26:40.861306 India: Golf and Lima, sending you 4
2024-10-14 17:26:40.861798 Echo: Juliett, sending you 5
2024-10-14 17:26:40.862665 X-ray: Echo, sending you 3
2024-10-14 17:26:40.864658 Kilo: Golf and India, sending you 6
2024-10-14 17:26:40.865072 India: Kilo, sending you 3
2024-10-14 17:26:40.865666 X-ray: November, sending you 2
2024-10-14 17:26:40.867654 Kilo: Lima, sending you 2
2024-10-14 17:26:40.870668 X-ray: Juliett, sending you 1
2024-10-14 17:26:40.872665 Kilo: Papa, sending you 1
chatterbot Juliett submitting transactions
chatterbot November submitting transactions
chatterbot Kilo submitting transactions
chatterbot Romeo submitting transactions
chatterbot India submitting transactions
chatterbot Golf submitting transactions
chatterbot Echo submitting transactions
chatterbot X-ray submitting transactions
chatterbot Papa submitting transactions
chatterbot Lima submitting transactions
ChatterBot Romeo round 10
ChatterBot Echo round 10
ChatterBot Golf round 10
ChatterBot Lima round 10
ChatterBot November round 10
ChatterBot X-ray round 10
ChatterBot India round 10
ChatterBot Kilo round 10
ChatterBot Juliett round 10
ChatterBot Papa round 10
2024-10-14 17:26:41.978774 Golf: Romeo and India, sending you 3
2024-10-14 17:26:41.983793 Golf: Kilo, sending you 4
2024-10-14 17:26:41.986680 India: Romeo, sending you 2
2024-10-14 17:26:41.987774 Echo: November and X-ray, sending you 5
2024-10-14 17:26:41.989685 Lima: Romeo, Golf and Kilo, sending you 1
2024-10-14 17:26:41.990382 India: Golf and Lima, sending you 4
2024-10-14 17:26:41.991021 Echo: Juliett, sending you 4
2024-10-14 17:26:41.991988 Echo: I was attacked by Romeo, Golf and Lima
ChatterBot November reevaluating
ChatterBot X-ray reevaluating
ChatterBot Juliett reevaluating
2024-10-14 17:26:42.008308 Echo: Ow
2024-10-14 17:26:42.009497 Papa: India, sending you 1
2024-10-14 17:26:42.010918 Lima: India, sending you 3
2024-10-14 17:26:42.011660 India: Kilo, sending you 3
2024-10-14 17:26:42.014671 Papa: Kilo, sending you 2
2024-10-14 17:26:42.015248 Kilo: Romeo, sending you 3
2024-10-14 17:26:42.019685 Kilo: Golf and India, sending you 6
2024-10-14 17:26:42.024669 Kilo: Lima, sending you 2
2024-10-14 17:26:42.027823 Kilo: Papa, sending you 1
2024-10-14 17:26:42.029687 Juliett: Echo, sending you 2
2024-10-14 17:26:42.033670 Juliett: November and X-ray, sending you 1
chatterbot Papa submitting transactions
chatterbot Golf submitting transactions
chatterbot India submitting transactions
chatterbot Kilo submitting transactions
chatterbot X-ray submitting transactions
chatterbot Romeo submitting transactions
chatterbot November submitting transactions
chatterbot Echo submitting transactions
chatterbot Lima submitting transactions
chatterbot Juliett submitting transactions
ChatterBot Romeo round 11
ChatterBot Echo round 11
ChatterBot Golf round 11
ChatterBot Lima round 11
ChatterBot November round 11
ChatterBot X-ray round 11
ChatterBot India round 11
ChatterBot Kilo round 11
ChatterBot Juliett round 11
ChatterBot Papa round 11
2024-10-14 17:26:43.265838 Romeo: I was attacked by Echo
ChatterBot Golf reevaluating
ChatterBot Kilo reevaluating
ChatterBot India reevaluating
2024-10-14 17:26:43.279170 Romeo: I'm keeping this round to protect myself
2024-10-14 17:26:43.280010 Romeo: Ow
2024-10-14 17:26:43.282927 Lima: Romeo, Golf and Kilo, sending you 1
2024-10-14 17:26:43.283912 November: Echo and X-ray, sending you 1
2024-10-14 17:26:43.286715 Lima: India, sending you 3
2024-10-14 17:26:43.288717 Echo: November and Juliett, sending you 2
2024-10-14 17:26:43.290687 Papa: India, sending you 1
2024-10-14 17:26:43.292656 Echo: X-ray, sending you 3
2024-10-14 17:26:43.294699 Golf: Romeo and India, sending you 3
2024-10-14 17:26:43.295691 Papa: Kilo, sending you 2
2024-10-14 17:26:43.297682 Golf: Kilo, sending you 4
2024-10-14 17:26:43.302665 Kilo: Romeo, Lima and Papa, sending you 2
2024-10-14 17:26:43.303721 India: Romeo, sending you 2
2024-10-14 17:26:43.306668 Kilo: Golf and India, sending you 6
2024-10-14 17:26:43.308680 India: Golf and Lima, sending you 4
2024-10-14 17:26:43.311673 India: Kilo, sending you 3
chatterbot X-ray submitting transactions
chatterbot Lima submitting transactions
chatterbot Golf submitting transactions
chatterbot Papa submitting transactions
chatterbot Echo submitting transactions
chatterbot Romeo submitting transactions
chatterbot November submitting transactions
chatterbot Juliett submitting transactions
chatterbot India submitting transactions
chatterbot Kilo submitting transactions
ChatterBot Romeo round 12
ChatterBot Echo round 12
ChatterBot Golf round 12
ChatterBot Lima round 12
ChatterBot November round 12
ChatterBot X-ray round 12
ChatterBot India round 12
ChatterBot Kilo round 12
ChatterBot Juliett round 12
ChatterBot Papa round 12
2024-10-14 17:26:44.347670 Romeo: I was attacked by Echo and Juliett
ChatterBot Golf reevaluating
ChatterBot Kilo reevaluating
ChatterBot India reevaluating
2024-10-14 17:26:44.359263 Romeo: Ow
2024-10-14 17:26:44.364665 November: Echo, sending you 2
2024-10-14 17:26:44.365769 Papa: India, sending you 1
2024-10-14 17:26:44.367047 Lima: Romeo, Golf and Kilo, sending you 1
2024-10-14 17:26:44.369041 Echo: November and Juliett, sending you 5
2024-10-14 17:26:44.370310 Juliett: Echo, sending you 2
2024-10-14 17:26:44.371902 November: X-ray and Juliett, sending you 1
2024-10-14 17:26:44.373644 Papa: Kilo, sending you 2
2024-10-14 17:26:44.374717 Lima: India, sending you 3
2024-10-14 17:26:44.375504 Echo: X-ray, sending you 7
2024-10-14 17:26:44.376127 Juliett: November and X-ray, sending you 1
2024-10-14 17:26:44.383704 Golf: Romeo and India, sending you 3
2024-10-14 17:26:44.386686 Golf: Kilo, sending you 4
2024-10-14 17:26:44.388667 India: Romeo, sending you 2
2024-10-14 17:26:44.389701 Kilo: Romeo and Papa, sending you 2
2024-10-14 17:26:44.392678 India: Golf and Lima, sending you 4
2024-10-14 17:26:44.395681 Kilo: Golf, sending you 7
2024-10-14 17:26:44.398688 India: Kilo, sending you 3
2024-10-14 17:26:44.401007 Kilo: Lima, sending you 1
2024-10-14 17:26:44.406401 Kilo: India, sending you 6
chatterbot Romeo submitting transactions
chatterbot Papa submitting transactions
chatterbot Juliett submitting transactions
chatterbot Golf submitting transactions
chatterbot November submitting transactions
chatterbot Echo submitting transactions
chatterbot Lima submitting transactions
chatterbot India submitting transactions
chatterbot Kilo submitting transactions
chatterbot X-ray submitting transactions
ChatterBot Romeo round 13
ChatterBot Echo round 13
ChatterBot Golf round 13
ChatterBot Lima round 13
ChatterBot November round 13
ChatterBot X-ray round 13
ChatterBot India round 13
ChatterBot Kilo round 13
ChatterBot Juliett round 13
ChatterBot Papa round 13
2024-10-14 17:26:45.633904 Romeo: We should replace Golf with Lima
2024-10-14 17:26:45.643017 India: No
2024-10-14 17:26:45.643217 Kilo: No
ChatterBot Romeo reevaluating
ChatterBot Romeo reevaluating
ChatterBot India reevaluating
2024-10-14 17:26:45.665992 Lima: We should drop Romeo
ChatterBot India reevaluating
2024-10-14 17:26:45.673853 Golf: No
2024-10-14 17:26:45.673985 India: Yes
2024-10-14 17:26:45.674098 Kilo: No
ChatterBot India reevaluating
ChatterBot Lima reevaluating
ChatterBot Lima reevaluating
ChatterBot India reevaluating
ChatterBot Lima reevaluating
2024-10-14 17:26:45.708252 November: I was attacked by Romeo
ChatterBot Echo reevaluating
ChatterBot X-ray reevaluating
ChatterBot Juliett reevaluating
2024-10-14 17:26:45.719494 November: I'm keeping this round to protect myself
2024-10-14 17:26:45.720315 November: Ow
2024-10-14 17:26:45.720625 Golf: Romeo and India, sending you 3
2024-10-14 17:26:45.724676 Golf: Kilo, sending you 4
2024-10-14 17:26:45.725676 Kilo: Romeo, Lima and Papa, sending you 2
2024-10-14 17:26:45.730709 Kilo: Golf, sending you 7
2024-10-14 17:26:45.731497 Papa: India, sending you 1
2024-10-14 17:26:45.734675 Papa: Kilo, sending you 2
2024-10-14 17:26:45.735685 Kilo: India, sending you 5
2024-10-14 17:26:45.737046 Romeo: Golf, sending you 7
2024-10-14 17:26:45.737533 Juliett: Echo, sending you 2
2024-10-14 17:26:45.740062 Romeo: India, sending you 3
2024-10-14 17:26:45.743114 Juliett: November and X-ray, sending you 1
2024-10-14 17:26:45.743720 India: Romeo, sending you 2
2024-10-14 17:26:45.745858 Romeo: Kilo, sending you 4
2024-10-14 17:26:45.747667 India: Golf and Lima, sending you 4
2024-10-14 17:26:45.753669 India: Kilo, sending you 3
chatterbot November submitting transactions
chatterbot Lima submitting transactions
chatterbot X-ray submitting transactions
chatterbot Romeo submitting transactions
chatterbot Echo submitting transactions
chatterbot India submitting transactions
chatterbot Papa submitting transactions
chatterbot Kilo submitting transactions
chatterbot Juliett submitting transactions
chatterbot Golf submitting transactions
ChatterBot Romeo round 14
ChatterBot Echo round 14
ChatterBot Golf round 14
ChatterBot Lima round 14
ChatterBot November round 14
ChatterBot X-ray round 14
ChatterBot India round 14
ChatterBot Kilo round 14
ChatterBot Juliett round 14
ChatterBot Papa round 14
2024-10-14 17:26:46.828549 Lima: We should drop Romeo
2024-10-14 17:26:46.839515 Golf: No
2024-10-14 17:26:46.840080 India: No
2024-10-14 17:26:46.841219 Kilo: No
ChatterBot Lima reevaluating
ChatterBot Lima reevaluating
ChatterBot Lima reevaluating
2024-10-14 17:26:46.884672 Golf: Romeo and India, sending you 3
2024-10-14 17:26:46.889675 India: Romeo, sending you 2
2024-10-14 17:26:46.892016 Golf: Kilo, sending you 4
2024-10-14 17:26:46.895664 India: Golf and Lima, sending you 4
2024-10-14 17:26:46.896691 Papa: India, sending you 1
2024-10-14 17:26:46.897914 Kilo: Romeo, sending you 3
2024-10-14 17:26:46.898598 Romeo: Golf, sending you 3
2024-10-14 17:26:46.899192 India: Kilo, sending you 3
2024-10-14 17:26:46.901674 Romeo: India and Kilo, sending you 1
2024-10-14 17:26:46.902682 Papa: Kilo, sending you 2
2024-10-14 17:26:46.903428 Kilo: Golf, sending you 6
2024-10-14 17:26:46.906873 Kilo: Lima and Papa, sending you 2
2024-10-14 17:26:46.908660 Lima: Romeo, Golf and Kilo, sending you 1
2024-10-14 17:26:46.909872 Kilo: India, sending you 5
2024-10-14 17:26:46.910676 Juliett: Echo, sending you 2
2024-10-14 17:26:46.912974 Lima: India, sending you 3
2024-10-14 17:26:46.914672 Juliett: November and X-ray, sending you 1
chatterbot X-ray submitting transactions
chatterbot Romeo submitting transactions
chatterbot Papa submitting transactions
chatterbot India submitting transactions
chatterbot Kilo submitting transactions
chatterbot Lima submitting transactions
chatterbot November submitting transactions
chatterbot Echo submitting transactions
chatterbot Golf submitting transactions
chatterbot Juliett submitting transactions
ChatterBot Romeo round 15
ChatterBot Echo round 15
ChatterBot Golf round 15
ChatterBot Lima round 15
ChatterBot November round 15
ChatterBot X-ray round 15
ChatterBot India round 15
ChatterBot Kilo round 15
ChatterBot Juliett round 15
ChatterBot Papa round 15
2024-10-14 17:26:48.061064 November: We should add Kilo
ChatterBot Echo reevaluating
ChatterBot X-ray reevaluating
ChatterBot Juliett reevaluating
2024-10-14 17:26:48.078372 Echo: Yes
2024-10-14 17:26:48.078774 X-ray: No
