ChatterBot Uniform round 1
ChatterBot Zulu round 1
ChatterBot Alpha round 1
randomSelections Uniform: {Uniform, Papa, India, November} 
2024-10-14 17:26:28.589550 Uniform: Can we be friends?
ChatterBot Whiskey round 1
ChatterBot Juliett round 1
ChatterBot Hotel round 1
ChatterBot Papa round 1
ChatterBot Papa reevaluating
2024-10-14 17:26:28.604435 Papa: Yes
ChatterBot Golf round 1
ChatterBot India round 1
ChatterBot India reevaluating
ChatterBot India reevaluating
2024-10-14 17:26:28.611938 India: Yes
ChatterBot Papa reevaluating
ChatterBot November round 1
ChatterBot November reevaluating
ChatterBot November reevaluating
ChatterBot November reevaluating
2024-10-14 17:26:28.625405 November: Yes
ChatterBot Papa reevaluating
ChatterBot India reevaluating
randomSelections Zulu: {Zulu, Papa, India, Golf, Uniform, Juliett} 
2024-10-14 17:26:28.634821 Zulu: Can we be friends?
ChatterBot Papa reevaluating
ChatterBot India reevaluating
ChatterBot Golf reevaluating
ChatterBot Juliett reevaluating
2024-10-14 17:26:28.643638 Papa: No
2024-10-14 17:26:28.643953 India: No
2024-10-14 17:26:28.644898 Golf: Yes
2024-10-14 17:26:28.645077 Uniform: No
2024-10-14 17:26:28.645361 Juliett: Yes
ChatterBot India reevaluating
ChatterBot Golf reevaluating
ChatterBot Juliett reevaluating
ChatterBot Papa reevaluating
ChatterBot Golf reevaluating
ChatterBot Juliett reevaluating
ChatterBot Papa reevaluating
ChatterBot India reevaluating
ChatterBot Juliett reevaluating
ChatterBot Papa reevaluating
ChatterBot India reevaluating
ChatterBot Golf reevaluating
ChatterBot Juliett reevaluating
ChatterBot Papa reevaluating
ChatterBot India reevaluating
ChatterBot Golf reevaluating
randomSelections Alpha: {Alpha, Whiskey, Hotel, Uniform, Zulu, Juliett} 
2024-10-14 17:26:28.705449 Alpha: Group up?
ChatterBot Whiskey reevaluating
ChatterBot Hotel reevaluating
ChatterBot Juliett reevaluating
2024-10-14 17:26:28.718356 Whiskey: Yes
2024-10-14 17:26:28.718626 Hotel: Yes
2024-10-14 17:26:28.718869 Uniform: No
2024-10-14 17:26:28.719921 Zulu: No
2024-10-14 17:26:28.720374 Juliett: No
ChatterBot Hotel reevaluating
ChatterBot Juliett reevaluating
ChatterBot Whiskey reevaluating
ChatterBot Juliett reevaluating
ChatterBot Whiskey reevaluating
ChatterBot Hotel reevaluating
ChatterBot Juliett reevaluating
ChatterBot Whiskey reevaluating
ChatterBot Hotel reevaluating
ChatterBot Juliett reevaluating
ChatterBot Whiskey reevaluating
ChatterBot Hotel reevaluating
2024-10-14 17:26:28.846141 Uniform: Papa and November, sending you 1
2024-10-14 17:26:28.851808 Alpha: Uniform and Whiskey, sending you 2
2024-10-14 17:26:28.852155 Papa: Uniform, sending you 2
2024-10-14 17:26:28.852991 Whiskey: Uniform, sending you 6
2024-10-14 17:26:28.853292 Juliett: Uniform, sending you 2
2024-10-14 17:26:28.853569 Hotel: Zulu, sending you 2
2024-10-14 17:26:28.854696 Alpha: Zulu, sending you 7
2024-10-14 17:26:28.857081 Whiskey: Zulu, sending you 4
2024-10-14 17:26:28.858011 Juliett: Zulu, Papa and Golf, sending you 3
2024-10-14 17:26:28.858398 Hotel: Alpha, sending you 3
2024-10-14 17:26:28.858748 Papa: India, sending you 4
2024-10-14 17:26:28.859804 Alpha: Juliett, sending you 1
2024-10-14 17:26:28.860701 Golf: Uniform, Zulu and Juliett, sending you 3
2024-10-14 17:26:28.861772 Whiskey: Alpha, sending you 2
2024-10-14 17:26:28.862106 Juliett: India, sending you 6
2024-10-14 17:26:28.862430 Hotel: Juliett, sending you 1
2024-10-14 17:26:28.862836 Alpha: Hotel, sending you 3
2024-10-14 17:26:28.864068 Papa: November, sending you 1
2024-10-14 17:26:28.864855 November: Sending you each 1
2024-10-14 17:26:28.866081 Whiskey: Juliett, sending you 1
2024-10-14 17:26:28.867152 Golf: Papa, sending you 2
2024-10-14 17:26:28.870895 Whiskey: Hotel, sending you 5
chatterbot Whiskey submitting transactions
chatterbot Hotel submitting transactions
chatterbot Uniform submitting transactions
chatterbot Zulu submitting transactions
chatterbot Golf submitting transactions
chatterbot Juliett submitting transactions
chatterbot November submitting transactions
chatterbot India submitting transactions
chatterbot Papa submitting transactions
chatterbot Alpha submitting transactions
ChatterBot Uniform round 2
ChatterBot Zulu round 2
ChatterBot Alpha round 2
ChatterBot Whiskey round 2
ChatterBot Juliett round 2
ChatterBot Hotel round 2
ChatterBot Papa round 2
ChatterBot Golf round 2
2024-10-14 17:26:29.920206 Alpha: Can we be friends?
ChatterBot Whiskey reevaluating
ChatterBot Hotel reevaluating
2024-10-14 17:26:29.935348 Whiskey: Yes
2024-10-14 17:26:29.935856 Hotel: Yes
ChatterBot Alpha reevaluating
ChatterBot Hotel reevaluating
ChatterBot Alpha reevaluating
ChatterBot Whiskey reevaluating
2024-10-14 17:26:29.973857 Zulu: Group up?
ChatterBot Alpha reevaluating
ChatterBot Whiskey reevaluating
ChatterBot Hotel reevaluating
2024-10-14 17:26:29.995918 Alpha: Yes
2024-10-14 17:26:29.996738 Whiskey: No
2024-10-14 17:26:29.997122 Hotel: Yes
ChatterBot Whiskey reevaluating
ChatterBot Hotel reevaluating
ChatterBot Alpha reevaluating
ChatterBot Hotel reevaluating
ChatterBot Alpha reevaluating
ChatterBot Whiskey reevaluating
ChatterBot India round 2
ChatterBot November round 2
2024-10-14 17:26:30.081881 Juliett: Group up?
ChatterBot Alpha reevaluating
ChatterBot Whiskey reevaluating
ChatterBot Hotel reevaluating
2024-10-14 17:26:30.108300 Zulu: No
2024-10-14 17:26:30.108920 Alpha: No
2024-10-14 17:26:30.109076 Whiskey: No
2024-10-14 17:26:30.109217 Hotel: No
ChatterBot Alpha reevaluating
ChatterBot Whiskey reevaluating
ChatterBot Hotel reevaluating
ChatterBot Whiskey reevaluating
ChatterBot Hotel reevaluating
ChatterBot Alpha reevaluating
ChatterBot Hotel reevaluating
ChatterBot Alpha reevaluating
ChatterBot Whiskey reevaluating
2024-10-14 17:26:30.210884 Uniform: We should drop India
ChatterBot Papa reevaluating
ChatterBot November reevaluating
2024-10-14 17:26:30.219764 Papa: No
2024-10-14 17:26:30.219909 November: Yes
ChatterBot Uniform reevaluating
ChatterBot November reevaluating
ChatterBot Uniform reevaluating
ChatterBot Papa reevaluating
2024-10-14 17:26:30.238876 Uniform: We should replace India with Golf
ChatterBot Papa reevaluating
ChatterBot November reevaluating
2024-10-14 17:26:30.247401 Papa: No
2024-10-14 17:26:30.247519 November: No
ChatterBot Uniform reevaluating
ChatterBot November reevaluating
ChatterBot Uniform reevaluating
ChatterBot Papa reevaluating
2024-10-14 17:26:30.265052 Papa: We should add Juliett and Golf
ChatterBot Uniform reevaluating
ChatterBot India reevaluating
ChatterBot November reevaluating
2024-10-14 17:26:30.277980 Uniform: No
2024-10-14 17:26:30.278106 India: Yes
2024-10-14 17:26:30.278221 November: No
ChatterBot Papa reevaluating
ChatterBot India reevaluating
ChatterBot November reevaluating
ChatterBot Uniform reevaluating
ChatterBot Papa reevaluating
ChatterBot November reevaluating
ChatterBot Uniform reevaluating
ChatterBot Papa reevaluating
ChatterBot India reevaluating
2024-10-14 17:26:30.315340 India: Let's form a team
ChatterBot Papa reevaluating
ChatterBot Golf reevaluating
2024-10-14 17:26:30.327938 Papa: Yes
2024-10-14 17:26:30.328068 Juliett: No
2024-10-14 17:26:30.328167 Golf: No
ChatterBot Juliett reevaluating
ChatterBot Golf reevaluating
ChatterBot India reevaluating
ChatterBot Papa reevaluating
ChatterBot Golf reevaluating
ChatterBot India reevaluating
ChatterBot Papa reevaluating
ChatterBot Juliett reevaluating
ChatterBot India reevaluating
2024-10-14 17:26:30.385002 Juliett: We should drop Zulu and Uniform
2024-10-14 17:26:30.396380 Papa: Yes
2024-10-14 17:26:30.396905 Golf: Yes
2024-10-14 17:26:30.397063 India: Yes
2024-10-14 17:26:30.431950 Hotel: We should drop Uniform
ChatterBot Whiskey reevaluating
2024-10-14 17:26:30.448738 Juliett: Yes
2024-10-14 17:26:30.448902 Zulu: Yes
2024-10-14 17:26:30.449024 Alpha: Yes
2024-10-14 17:26:30.449133 Whiskey: Yes
ChatterBot Whiskey reevaluating
ChatterBot Hotel reevaluating
ChatterBot Whiskey reevaluating
ChatterBot Hotel reevaluating
ChatterBot Whiskey reevaluating
ChatterBot Hotel reevaluating
ChatterBot Hotel reevaluating
2024-10-14 17:26:30.771195 Zulu: Sending you each 1
2024-10-14 17:26:30.772036 Papa: Juliett, sending you 4
2024-10-14 17:26:30.772482 Alpha: Zulu, sending you 4
chatterbot Zulu submitting transactions
2024-10-14 17:26:31.005538 Papa: Golf, sending you 3
2024-10-14 17:26:31.006478 November: Uniform, sending you 8
2024-10-14 17:26:31.006896 Juliett: Papa and India, sending you 4
2024-10-14 17:26:31.007647 Golf: Juliett, sending you 9
2024-10-14 17:26:31.007944 Alpha: Whiskey, sending you 5
2024-10-14 17:26:31.008279 Uniform: Sending you each 1
chatterbot Alpha submitting transactions
chatterbot Golf submitting transactions
2024-10-14 17:26:31.184366 November: Papa, sending you 7
2024-10-14 17:26:31.184636 Alpha: Hotel, sending you 6
2024-10-14 17:26:31.184887 Juliett: Golf, sending you 8
2024-10-14 17:26:31.185163 Golf: India, sending you 1
2024-10-14 17:26:31.185887 Whiskey: Zulu and Hotel, sending you 1
2024-10-14 17:26:31.186102 Hotel: Alpha, sending you 2
chatterbot Hotel submitting transactions
chatterbot Whiskey submitting transactions
2024-10-14 17:26:31.230745 Whiskey: Alpha, sending you 16
2024-10-14 17:26:31.231101 Hotel: Whiskey, sending you 4
chatterbot India submitting transactions
chatterbot Uniform submitting transactions
chatterbot Papa submitting transactions
chatterbot Juliett submitting transactions
chatterbot November submitting transactions
ChatterBot Uniform round 3
ChatterBot Zulu round 3
ChatterBot Alpha round 3
ChatterBot Whiskey round 3
ChatterBot Juliett round 3
ChatterBot Hotel round 3
ChatterBot Papa round 3
ChatterBot Golf round 3
ChatterBot India round 3
ChatterBot November round 3
2024-10-14 17:26:31.497436 Uniform: Friends?
ChatterBot November reevaluating
ChatterBot Juliett reevaluating
ChatterBot Papa reevaluating
ChatterBot Golf reevaluating
2024-10-14 17:26:31.531970 November: Yes
2024-10-14 17:26:31.532185 Juliett: No
2024-10-14 17:26:31.532365 Papa: No
2024-10-14 17:26:31.532563 Golf: No
ChatterBot Juliett reevaluating
ChatterBot Papa reevaluating
ChatterBot Golf reevaluating
ChatterBot November reevaluating
ChatterBot Papa reevaluating
ChatterBot Golf reevaluating
ChatterBot November reevaluating
ChatterBot Juliett reevaluating
ChatterBot Golf reevaluating
ChatterBot November reevaluating
ChatterBot Juliett reevaluating
ChatterBot Papa reevaluating
2024-10-14 17:26:31.626910 Juliett: We should group up
ChatterBot November reevaluating
ChatterBot Papa reevaluating
ChatterBot Golf reevaluating
2024-10-14 17:26:31.647671 Uniform: Yes
2024-10-14 17:26:31.647836 November: Yes
2024-10-14 17:26:31.648420 Papa: Yes
2024-10-14 17:26:31.648532 Golf: Yes
2024-10-14 17:26:31.648655 Papa: Group up?
ChatterBot November reevaluating
ChatterBot Juliett reevaluating
ChatterBot Papa reevaluating
ChatterBot Golf reevaluating
ChatterBot Juliett reevaluating
ChatterBot Papa reevaluating
ChatterBot Golf reevaluating
ChatterBot November reevaluating
ChatterBot Juliett reevaluating
ChatterBot Golf reevaluating
ChatterBot November reevaluating
ChatterBot Juliett reevaluating
ChatterBot Papa reevaluating
ChatterBot November reevaluating
ChatterBot Juliett reevaluating
ChatterBot Golf reevaluating
2024-10-14 17:26:31.747500 Uniform: Yes
2024-10-14 17:26:31.748197 November: Yes
2024-10-14 17:26:31.748484 Juliett: Yes
2024-10-14 17:26:31.748626 Golf: Yes
ChatterBot November reevaluating
ChatterBot Juliett reevaluating
ChatterBot Papa reevaluating
ChatterBot Golf reevaluating
ChatterBot Juliett reevaluating
ChatterBot Papa reevaluating
ChatterBot Golf reevaluating
ChatterBot November reevaluating
ChatterBot Papa reevaluating
ChatterBot Golf reevaluating
ChatterBot November reevaluating
ChatterBot Juliett reevaluating
ChatterBot Papa reevaluating
2024-10-14 17:26:31.968242 Uniform: Juliett, Papa, Golf and November, sending you 1
2024-10-14 17:26:31.971573 Alpha: Zulu, sending you 3
2024-10-14 17:26:31.973078 Hotel: Zulu, sending you 1
2024-10-14 17:26:31.976695 Juliett: Uniform and Papa, sending you 4
2024-10-14 17:26:31.977427 Golf: Uniform, sending you 1
2024-10-14 17:26:31.978645 Hotel: Alpha, sending you 3
2024-10-14 17:26:31.979280 Whiskey: Zulu, sending you 2
2024-10-14 17:26:31.981145 Zulu: Alpha and Whiskey, sending you 2
2024-10-14 17:26:31.982483 November: Uniform and Papa, sending you 5
2024-10-14 17:26:31.984634 Alpha: Whiskey, sending you 6
2024-10-14 17:26:31.986289 Juliett: Golf, sending you 6
2024-10-14 17:26:31.986866 Hotel: Whiskey, sending you 2
2024-10-14 17:26:31.987364 Golf: Juliett, sending you 8
2024-10-14 17:26:31.988871 Papa: Uniform and Golf, sending you 1
2024-10-14 17:26:31.990076 Whiskey: Alpha, sending you 10
2024-10-14 17:26:31.990526 Zulu: Hotel, sending you 1
2024-10-14 17:26:31.991092 November: Juliett, sending you 3
2024-10-14 17:26:31.992662 Alpha: Hotel, sending you 5
2024-10-14 17:26:31.993321 Juliett: November, sending you 3
2024-10-14 17:26:31.994430 Golf: Papa, sending you 2
2024-10-14 17:26:31.995398 Whiskey: Hotel, sending you 6
2024-10-14 17:26:31.996792 Papa: Juliett, sending you 2
2024-10-14 17:26:31.997378 November: Golf, sending you 2
2024-10-14 17:26:32.004324 Papa: November, sending you 3
chatterbot Hotel submitting transactions
chatterbot November submitting transactions
chatterbot Papa submitting transactions
chatterbot Golf submitting transactions
chatterbot Uniform submitting transactions
chatterbot India submitting transactions
chatterbot Zulu submitting transactions
chatterbot Juliett submitting transactions
chatterbot Alpha submitting transactions
chatterbot Whiskey submitting transactions
ChatterBot Uniform round 4
ChatterBot Zulu round 4
ChatterBot Alpha round 4
ChatterBot Whiskey round 4
ChatterBot Juliett round 4
ChatterBot Hotel round 4
ChatterBot Papa round 4
ChatterBot Golf round 4
ChatterBot India round 4
ChatterBot November round 4
2024-10-14 17:26:33.136321 India: We should add Uniform and November
ChatterBot Golf reevaluating
2024-10-14 17:26:33.148166 Papa: Yes
2024-10-14 17:26:33.148418 Juliett: Yes
2024-10-14 17:26:33.148637 Golf: Yes
ChatterBot Golf reevaluating
ChatterBot Golf reevaluating
2024-10-14 17:26:33.198882 India: Uniform and November we want you to join our group
ChatterBot Uniform reevaluating
2024-10-14 17:26:33.210194 Uniform: No
2024-10-14 17:26:33.210414 November: No
ChatterBot Golf reevaluating
ChatterBot Uniform reevaluating
ChatterBot Golf reevaluating
2024-10-14 17:26:33.264665 Golf: We should add India
ChatterBot Uniform reevaluating
2024-10-14 17:26:33.282762 Uniform: No
2024-10-14 17:26:33.282957 November: No
2024-10-14 17:26:33.283119 Juliett: No
2024-10-14 17:26:33.283310 Papa: No
ChatterBot Golf reevaluating
ChatterBot Uniform reevaluating
ChatterBot Golf reevaluating
ChatterBot Uniform reevaluating
ChatterBot Golf reevaluating
ChatterBot Uniform reevaluating
ChatterBot Golf reevaluating
2024-10-14 17:26:33.334433 Whiskey: Zulu, sending you 4
2024-10-14 17:26:33.336657 Alpha: Zulu, sending you 4
2024-10-14 17:26:33.337683 Hotel: Zulu, sending you 1
2024-10-14 17:26:33.338522 Juliett: Uniform, sending you 3
2024-10-14 17:26:33.338947 Papa: Uniform and Golf, sending you 1
2024-10-14 17:26:33.339297 Whiskey: Alpha, sending you 9
2024-10-14 17:26:33.339556 Zulu: Alpha, sending you 3
2024-10-14 17:26:33.340132 Uniform: We should drop Papa
2024-10-14 17:26:33.350115 Juliett: No
2024-10-14 17:26:33.350281 Golf: No
2024-10-14 17:26:33.350422 November: No
ChatterBot Uniform reevaluating
ChatterBot Uniform reevaluating
ChatterBot Uniform reevaluating
2024-10-14 17:26:33.381680 Alpha: Whiskey, sending you 6
2024-10-14 17:26:33.382020 Hotel: Alpha, sending you 3
2024-10-14 17:26:33.382292 Juliett: Papa and November, sending you 4
2024-10-14 17:26:33.382664 Whiskey: Hotel, sending you 5
2024-10-14 17:26:33.383033 Zulu: Whiskey, sending you 2
2024-10-14 17:26:33.383292 Papa: Juliett, sending you 2
2024-10-14 17:26:33.385679 November: Uniform and Juliett, sending you 4
2024-10-14 17:26:33.386048 Alpha: Hotel, sending you 5
2024-10-14 17:26:33.386287 Hotel: Whiskey, sending you 2
2024-10-14 17:26:33.386524 Zulu: Hotel, sending you 1
2024-10-14 17:26:33.386779 Juliett: Golf, sending you 6
2024-10-14 17:26:33.387712 Papa: November, sending you 3
2024-10-14 17:26:33.389678 November: Papa, sending you 5
2024-10-14 17:26:33.393178 November: Golf, sending you 2
2024-10-14 17:26:33.394671 Golf: Uniform and November, sending you 1
2024-10-14 17:26:33.397667 Golf: Juliett, sending you 7
2024-10-14 17:26:33.402674 Golf: Papa, sending you 2
chatterbot Zulu submitting transactions
chatterbot November submitting transactions
chatterbot Papa submitting transactions
chatterbot Whiskey submitting transactions
chatterbot Golf submitting transactions
chatterbot Juliett submitting transactions
chatterbot Alpha submitting transactions
chatterbot India submitting transactions
chatterbot Uniform submitting transactions
chatterbot Hotel submitting transactions
ChatterBot Uniform round 5
ChatterBot Zulu round 5
ChatterBot Alpha round 5
ChatterBot Whiskey round 5
ChatterBot Juliett round 5
ChatterBot Hotel round 5
ChatterBot Papa round 5
ChatterBot Golf round 5
ChatterBot India round 5
2024-10-14 17:26:34.425091 Hotel: We should add India
2024-10-14 17:26:34.440377 Zulu: No
2024-10-14 17:26:34.441348 Alpha: No
2024-10-14 17:26:34.441511 Whiskey: No
ChatterBot Hotel reevaluating
ChatterBot Hotel reevaluating
ChatterBot Hotel reevaluating
ChatterBot November round 5
2024-10-14 17:26:34.513555 Uniform: We should drop Papa
2024-10-14 17:26:34.522902 Juliett: No
2024-10-14 17:26:34.523298 Golf: No
2024-10-14 17:26:34.523404 November: No
ChatterBot Uniform reevaluating
ChatterBot Uniform reevaluating
ChatterBot Uniform reevaluating
2024-10-14 17:26:34.563665 Juliett: Uniform, sending you 3
2024-10-14 17:26:34.564669 Zulu: Sending you each 2
2024-10-14 17:26:34.565688 Golf: Uniform and Papa, sending you 2
2024-10-14 17:26:34.566483 November: Uniform and Golf, sending you 3
2024-10-14 17:26:34.566880 Juliett: Papa and November, sending you 4
2024-10-14 17:26:34.568657 Whiskey: Zulu, sending you 4
2024-10-14 17:26:34.571058 Golf: Juliett, sending you 6
2024-10-14 17:26:34.571579 November: Juliett, sending you 4
2024-10-14 17:26:34.571947 Juliett: Golf, sending you 6
2024-10-14 17:26:34.572349 Papa: Uniform and Golf, sending you 1
2024-10-14 17:26:34.573156 Alpha: Zulu, sending you 4
2024-10-14 17:26:34.573462 Whiskey: Alpha, sending you 9
2024-10-14 17:26:34.573795 Hotel: Zulu, sending you 1
2024-10-14 17:26:34.574067 Golf: November, sending you 1
2024-10-14 17:26:34.574668 November: Papa, sending you 5
2024-10-14 17:26:34.576657 Alpha: Whiskey, sending you 6
2024-10-14 17:26:34.577042 Hotel: Alpha, sending you 3
2024-10-14 17:26:34.577667 Papa: Juliett, sending you 2
2024-10-14 17:26:34.578678 Whiskey: Hotel, sending you 5
2024-10-14 17:26:34.579678 Hotel: Whiskey, sending you 2
2024-10-14 17:26:34.580670 Alpha: Hotel, sending you 5
2024-10-14 17:26:34.581675 Papa: November, sending you 3
chatterbot November submitting transactions
chatterbot Uniform submitting transactions
chatterbot Hotel submitting transactions
chatterbot India submitting transactions
chatterbot Juliett submitting transactions
chatterbot Whiskey submitting transactions
chatterbot Papa submitting transactions
chatterbot Zulu submitting transactions
chatterbot Alpha submitting transactions
chatterbot Golf submitting transactions
ChatterBot Uniform round 6
ChatterBot Zulu round 6
ChatterBot Alpha round 6
ChatterBot Whiskey round 6
ChatterBot Juliett round 6
ChatterBot Hotel round 6
ChatterBot Papa round 6
ChatterBot Golf round 6
ChatterBot India round 6
ChatterBot November round 6
2024-10-14 17:26:35.751258 Uniform: We should drop Papa
2024-10-14 17:26:35.762242 Juliett: No
2024-10-14 17:26:35.762421 Golf: No
2024-10-14 17:26:35.762552 November: No
ChatterBot Uniform reevaluating
ChatterBot Uniform reevaluating
ChatterBot Uniform reevaluating
2024-10-14 17:26:35.813036 Whiskey: Zulu, sending you 4
2024-10-14 17:26:35.813672 Alpha: Zulu, sending you 4
2024-10-14 17:26:35.817679 Whiskey: Alpha, sending you 9
2024-10-14 17:26:35.818723 Alpha: Whiskey, sending you 6
2024-10-14 17:26:35.823677 Whiskey: Hotel, sending you 5
2024-10-14 17:26:35.824151 Alpha: Hotel, sending you 5
2024-10-14 17:26:35.824672 Papa: Juliett and November, sending you 3
2024-10-14 17:26:35.825139 Hotel: Zulu, sending you 1
2024-10-14 17:26:35.825666 Zulu: Same as last round
2024-10-14 17:26:35.825957 November: Uniform and Golf, sending you 3
2024-10-14 17:26:35.827690 Juliett: Uniform, Papa and November, sending you 4
2024-10-14 17:26:35.828321 Hotel: Alpha, sending you 3
2024-10-14 17:26:35.828878 Golf: Uniform, sending you 1
2024-10-14 17:26:35.829423 Papa: Golf, sending you 1
2024-10-14 17:26:35.830674 November: Juliett, sending you 4
2024-10-14 17:26:35.831649 Hotel: Whiskey, sending you 2
2024-10-14 17:26:35.832769 Juliett: Golf, sending you 5
2024-10-14 17:26:35.833348 Golf: Juliett, sending you 6
2024-10-14 17:26:35.835663 November: Papa, sending you 5
2024-10-14 17:26:35.836726 Golf: Papa and November, sending you 2
chatterbot India submitting transactions
chatterbot Zulu submitting transactions
chatterbot Uniform submitting transactions
chatterbot Golf submitting transactions
chatterbot Alpha submitting transactions
chatterbot Hotel submitting transactions
chatterbot Papa submitting transactions
chatterbot Juliett submitting transactions
chatterbot November submitting transactions
chatterbot Whiskey submitting transactions
ChatterBot Uniform round 7
ChatterBot Zulu round 7
ChatterBot Alpha round 7
ChatterBot Whiskey round 7
ChatterBot Juliett round 7
ChatterBot Hotel round 7
ChatterBot Papa round 7
ChatterBot Golf round 7
ChatterBot India round 7
ChatterBot November round 7
2024-10-14 17:26:37.062056 Uniform: We should drop Papa
2024-10-14 17:26:37.082113 Juliett: No
2024-10-14 17:26:37.083151 Golf: No
2024-10-14 17:26:37.083718 November: No
ChatterBot Uniform reevaluating
ChatterBot Uniform reevaluating
ChatterBot Uniform reevaluating
2024-10-14 17:26:37.135692 Zulu: Same as last round
2024-10-14 17:26:37.139681 Papa: Juliett and November, sending you 3
2024-10-14 17:26:37.142669 Hotel: Zulu, sending you 1
2024-10-14 17:26:37.144666 Papa: Golf, sending you 1
2024-10-14 17:26:37.145692 Whiskey: Zulu and Hotel, sending you 4
2024-10-14 17:26:37.146287 Golf: Uniform, sending you 1
2024-10-14 17:26:37.147610 November: Uniform and Golf, sending you 3
2024-10-14 17:26:37.148328 Hotel: Alpha, sending you 3
2024-10-14 17:26:37.149020 Juliett: Uniform, Papa and November, sending you 4
2024-10-14 17:26:37.150178 Alpha: Zulu, sending you 4
2024-10-14 17:26:37.150822 Whiskey: Alpha, sending you 10
2024-10-14 17:26:37.151480 Golf: Juliett, sending you 6
2024-10-14 17:26:37.152173 November: Juliett, sending you 5
2024-10-14 17:26:37.153270 Hotel: Whiskey, sending you 2
2024-10-14 17:26:37.153836 Juliett: Golf, sending you 5
2024-10-14 17:26:37.154681 Golf: Papa and November, sending you 2
2024-10-14 17:26:37.155672 Alpha: Whiskey, sending you 6
2024-10-14 17:26:37.156680 November: Papa, sending you 4
2024-10-14 17:26:37.158688 Alpha: Hotel, sending you 5
chatterbot Uniform submitting transactions
chatterbot Hotel submitting transactions
chatterbot November submitting transactions
chatterbot Alpha submitting transactions
chatterbot Juliett submitting transactions
chatterbot Zulu submitting transactions
chatterbot Papa submitting transactions
chatterbot India submitting transactions
chatterbot Whiskey submitting transactions
chatterbot Golf submitting transactions
ChatterBot Uniform round 8
ChatterBot Zulu round 8
ChatterBot Alpha round 8
ChatterBot Whiskey round 8
ChatterBot Juliett round 8
ChatterBot Hotel round 8
ChatterBot Papa round 8
ChatterBot Golf round 8
ChatterBot India round 8
ChatterBot November round 8
2024-10-14 17:26:38.336450 Uniform: We should drop Papa
2024-10-14 17:26:38.350360 Juliett: No
2024-10-14 17:26:38.350601 Golf: No
2024-10-14 17:26:38.350811 November: No
ChatterBot Uniform reevaluating
ChatterBot Uniform reevaluating
ChatterBot Uniform reevaluating
2024-10-14 17:26:38.400680 Zulu: Same as last round
2024-10-14 17:26:38.404691 Golf: Uniform, Papa and November, sending you 2
2024-10-14 17:26:38.405674 Whiskey: Zulu and Hotel, sending you 4
2024-10-14 17:26:38.406683 November: Uniform and Golf, sending you 3
2024-10-14 17:26:38.407686 Golf: Juliett, sending you 5
2024-10-14 17:26:38.408684 Juliett: Uniform, Papa and November, sending you 4
2024-10-14 17:26:38.411138 Alpha: Zulu, sending you 4
2024-10-14 17:26:38.411774 Hotel: Zulu, sending you 1
2024-10-14 17:26:38.412323 Whiskey: Alpha, sending you 10
2024-10-14 17:26:38.413496 Papa: Juliett and November, sending you 3
2024-10-14 17:26:38.414321 November: Juliett, sending you 5
2024-10-14 17:26:38.414879 Juliett: Golf, sending you 5
2024-10-14 17:26:38.416012 Hotel: Alpha, sending you 3
2024-10-14 17:26:38.416695 Alpha: Whiskey, sending you 6
2024-10-14 17:26:38.418676 Papa: Golf, sending you 1
2024-10-14 17:26:38.419212 November: Papa, sending you 4
2024-10-14 17:26:38.419809 Hotel: Whiskey, sending you 2
2024-10-14 17:26:38.421692 Alpha: Hotel, sending you 5
chatterbot Hotel submitting transactions
chatterbot Whiskey submitting transactions
chatterbot Uniform submitting transactions
chatterbot Papa submitting transactions
chatterbot Juliett submitting transactions
chatterbot Golf submitting transactions
chatterbot Alpha submitting transactions
chatterbot November submitting transactions
chatterbot Zulu submitting transactions
chatterbot India submitting transactions
ChatterBot Uniform round 9
ChatterBot Zulu round 9
ChatterBot Alpha round 9
ChatterBot Whiskey round 9
ChatterBot Juliett round 9
ChatterBot Hotel round 9
ChatterBot Papa round 9
ChatterBot Golf round 9
ChatterBot India round 9
ChatterBot November round 9
2024-10-14 17:26:39.455236 Uniform: We should drop Papa
2024-10-14 17:26:39.465408 Juliett: No
2024-10-14 17:26:39.465646 Golf: No
2024-10-14 17:26:39.465783 November: No
ChatterBot Uniform reevaluating
ChatterBot Uniform reevaluating
ChatterBot Uniform reevaluating
2024-10-14 17:26:39.520730 Golf: Uniform, Papa and November, sending you 2
2024-10-14 17:26:39.522674 November: Uniform and Golf, sending you 3
2024-10-14 17:26:39.523697 Juliett: Uniform, Papa and November, sending you 4
2024-10-14 17:26:39.524423 Alpha: Zulu, sending you 4
2024-10-14 17:26:39.525032 Hotel: Zulu, sending you 1
2024-10-14 17:26:39.525665 Golf: Juliett, sending you 5
2024-10-14 17:26:39.527004 Papa: Juliett and November, sending you 3
2024-10-14 17:26:39.527493 November: Juliett, sending you 5
2024-10-14 17:26:39.527984 Juliett: Golf, sending you 5
2024-10-14 17:26:39.528394 Alpha: Whiskey, sending you 6
2024-10-14 17:26:39.529720 Hotel: Alpha, sending you 3
2024-10-14 17:26:39.530741 Papa: Golf, sending you 1
2024-10-14 17:26:39.531506 Whiskey: Zulu, sending you 4
2024-10-14 17:26:39.532075 Alpha: Hotel, sending you 5
2024-10-14 17:26:39.532712 November: Papa, sending you 4
2024-10-14 17:26:39.533688 Hotel: Whiskey, sending you 2
2024-10-14 17:26:39.535663 Whiskey: Alpha, sending you 9
2024-10-14 17:26:39.541674 Whiskey: Hotel, sending you 5
chatterbot Zulu submitting transactions
chatterbot November submitting transactions
chatterbot Juliett submitting transactions
chatterbot Alpha submitting transactions
chatterbot Uniform submitting transactions
chatterbot India submitting transactions
chatterbot Whiskey submitting transactions
chatterbot Golf submitting transactions
chatterbot Papa submitting transactions
chatterbot Hotel submitting transactions
ChatterBot Uniform round 10
ChatterBot Zulu round 10
ChatterBot Alpha round 10
ChatterBot Whiskey round 10
ChatterBot Juliett round 10
ChatterBot Hotel round 10
ChatterBot Papa round 10
ChatterBot Golf round 10
ChatterBot India round 10
ChatterBot November round 10
2024-10-14 17:26:40.753553 Zulu: We should drop Hotel
ChatterBot Alpha reevaluating
ChatterBot Whiskey reevaluating
2024-10-14 17:26:40.767138 Alpha: No
2024-10-14 17:26:40.767301 Whiskey: No
ChatterBot Zulu reevaluating
ChatterBot Whiskey reevaluating
ChatterBot Zulu reevaluating
ChatterBot Alpha reevaluating
2024-10-14 17:26:40.806523 Uniform: We should drop Golf
ChatterBot Papa reevaluating
ChatterBot November reevaluating
2024-10-14 17:26:40.816053 Juliett: No
2024-10-14 17:26:40.816176 Papa: No
2024-10-14 17:26:40.816286 November: No
ChatterBot Uniform reevaluating
ChatterBot Papa reevaluating
ChatterBot November reevaluating
ChatterBot Uniform reevaluating
ChatterBot November reevaluating
ChatterBot Uniform reevaluating
ChatterBot Papa reevaluating
2024-10-14 17:26:40.853472 Papa: We should drop Uniform
ChatterBot Juliett reevaluating
ChatterBot Golf reevaluating
2024-10-14 17:26:40.867958 Juliett: Yes
2024-10-14 17:26:40.868188 Golf: Yes
2024-10-14 17:26:40.868415 November: Yes
ChatterBot Golf reevaluating
ChatterBot Juliett reevaluating
ChatterBot Juliett reevaluating
ChatterBot Golf reevaluating
2024-10-14 17:26:40.909659 Hotel: Zulu, sending you 1
2024-10-14 17:26:40.911020 Whiskey: Zulu, sending you 3
2024-10-14 17:26:40.911672 Alpha: Zulu, sending you 4
2024-10-14 17:26:40.912679 Hotel: Alpha, sending you 3
2024-10-14 17:26:40.915659 Whiskey: Alpha, sending you 10
2024-10-14 17:26:40.916689 Alpha: Whiskey and Hotel, sending you 5
2024-10-14 17:26:40.917673 Hotel: Whiskey, sending you 2
2024-10-14 17:26:40.920664 Whiskey: Hotel, sending you 5
2024-10-14 17:26:40.921134 Papa: Juliett and November, sending you 3
2024-10-14 17:26:40.921677 November: Juliett, sending you 6
2024-10-14 17:26:40.925695 Papa: Golf, sending you 1
2024-10-14 17:26:40.926667 November: Papa, sending you 5
2024-10-14 17:26:40.931683 November: Golf, sending you 4
2024-10-14 17:26:40.938661 Golf: Juliett, sending you 6
2024-10-14 17:26:40.943693 Golf: Papa, sending you 2
2024-10-14 17:26:40.947687 Golf: November, sending you 3
chatterbot Papa submitting transactions
chatterbot Alpha submitting transactions
chatterbot India submitting transactions
chatterbot Hotel submitting transactions
chatterbot Zulu submitting transactions
chatterbot Golf submitting transactions
chatterbot November submitting transactions
chatterbot Juliett submitting transactions
chatterbot Whiskey submitting transactions
chatterbot Uniform submitting transactions
ChatterBot Uniform round 11
ChatterBot Zulu round 11
ChatterBot Alpha round 11
ChatterBot Whiskey round 11
ChatterBot Juliett round 11
ChatterBot Hotel round 11
ChatterBot Papa round 11
ChatterBot Golf round 11
ChatterBot India round 11
ChatterBot November round 11
2024-10-14 17:26:42.113244 Uniform: We should drop Papa
ChatterBot Juliett reevaluating
2024-10-14 17:26:42.123722 Juliett: No
2024-10-14 17:26:42.123859 Golf: No
2024-10-14 17:26:42.123965 November: No
ChatterBot Uniform reevaluating
ChatterBot Uniform reevaluating
ChatterBot Juliett reevaluating
ChatterBot Uniform reevaluating
ChatterBot Juliett reevaluating
2024-10-14 17:26:42.150821 Alpha: We should drop Zulu
2024-10-14 17:26:42.156717 Whiskey: No
2024-10-14 17:26:42.156918 Hotel: No
ChatterBot Alpha reevaluating
ChatterBot Hotel reevaluating
ChatterBot Alpha reevaluating
2024-10-14 17:26:42.168689 Hotel: We should add Papa
ChatterBot Alpha reevaluating
2024-10-14 17:26:42.177407 Zulu: No
2024-10-14 17:26:42.177541 Alpha: No
2024-10-14 17:26:42.177639 Whiskey: No
ChatterBot Alpha reevaluating
ChatterBot Hotel reevaluating
ChatterBot Hotel reevaluating
ChatterBot Alpha reevaluating
ChatterBot Hotel reevaluating
2024-10-14 17:26:42.205673 Zulu: Sending you each 1
2024-10-14 17:26:42.206179 Zulu: I was attacked by Juliett
ChatterBot Alpha reevaluating
ChatterBot Whiskey reevaluating
ChatterBot Hotel reevaluating
2024-10-14 17:26:42.216974 Zulu: Ow
2024-10-14 17:26:42.217728 Golf: Juliett, sending you 6
2024-10-14 17:26:42.218448 Juliett: We should drop Uniform
2024-10-14 17:26:42.228416 Papa: Yes
2024-10-14 17:26:42.228560 Golf: Yes
2024-10-14 17:26:42.228661 November: Yes
ChatterBot Juliett reevaluating
ChatterBot Juliett reevaluating
ChatterBot Juliett reevaluating
2024-10-14 17:26:42.254458 Golf: Papa, sending you 2
2024-10-14 17:26:42.256665 November: Sending you each 5
2024-10-14 17:26:42.258662 Papa: Juliett and November, sending you 3
2024-10-14 17:26:42.259013 Golf: November, sending you 3
2024-10-14 17:26:42.261653 Papa: Golf, sending you 1
2024-10-14 17:26:42.267665 Alpha: Zulu, sending you 4
2024-10-14 17:26:42.269683 Hotel: Zulu, sending you 1
2024-10-14 17:26:42.272672 Alpha: Whiskey and Hotel, sending you 5
2024-10-14 17:26:42.273140 Whiskey: Zulu, sending you 3
2024-10-14 17:26:42.274667 Hotel: Alpha, sending you 3
2024-10-14 17:26:42.276654 Whiskey: Alpha, sending you 10
2024-10-14 17:26:42.279679 Hotel: Whiskey, sending you 2
2024-10-14 17:26:42.280689 Whiskey: Hotel, sending you 5
chatterbot Zulu submitting transactions
chatterbot Alpha submitting transactions
chatterbot Papa submitting transactions
chatterbot Hotel submitting transactions
chatterbot Uniform submitting transactions
chatterbot Juliett submitting transactions
chatterbot Whiskey submitting transactions
chatterbot Golf submitting transactions
chatterbot India submitting transactions
chatterbot November submitting transactions
ChatterBot Uniform round 12
ChatterBot Zulu round 12
ChatterBot Alpha round 12
ChatterBot Whiskey round 12
ChatterBot Juliett round 12
ChatterBot Hotel round 12
ChatterBot Papa round 12
ChatterBot Golf round 12
ChatterBot India round 12
ChatterBot November round 12
2024-10-14 17:26:43.180340 Juliett: We should drop Uniform
2024-10-14 17:26:43.194713 Papa: Yes
2024-10-14 17:26:43.194943 Golf: Yes
2024-10-14 17:26:43.195095 November: Yes
ChatterBot Juliett reevaluating
ChatterBot Juliett reevaluating
ChatterBot Juliett reevaluating
2024-10-14 17:26:43.237511 Uniform: We should drop Papa
ChatterBot Juliett reevaluating
2024-10-14 17:26:43.252865 Juliett: No
2024-10-14 17:26:43.253060 Golf: No
2024-10-14 17:26:43.253218 November: No
ChatterBot Uniform reevaluating
ChatterBot Uniform reevaluating
ChatterBot Juliett reevaluating
ChatterBot Uniform reevaluating
ChatterBot Juliett reevaluating
2024-10-14 17:26:43.305081 Zulu: I was attacked by Juliett
ChatterBot Alpha reevaluating
ChatterBot Whiskey reevaluating
ChatterBot Hotel reevaluating
2024-10-14 17:26:43.318551 Zulu: I'm keeping this round to protect myself
2024-10-14 17:26:43.319233 Zulu: Ow
2024-10-14 17:26:43.324668 Golf: Juliett, sending you 5
2024-10-14 17:26:43.325938 Alpha: We should drop Zulu
ChatterBot Whiskey reevaluating
ChatterBot Hotel reevaluating
2024-10-14 17:26:43.341692 Whiskey: No
2024-10-14 17:26:43.341997 Hotel: No
ChatterBot Alpha reevaluating
ChatterBot Hotel reevaluating
ChatterBot Alpha reevaluating
ChatterBot Whiskey reevaluating
2024-10-14 17:26:43.369539 Golf: Papa, sending you 2
2024-10-14 17:26:43.372732 Golf: November, sending you 4
2024-10-14 17:26:43.373231 November: Same as last round
2024-10-14 17:26:43.374665 Papa: Juliett and Golf, sending you 2
2024-10-14 17:26:43.377668 Papa: November, sending you 3
2024-10-14 17:26:43.392650 Whiskey: Alpha, sending you 12
2024-10-14 17:26:43.392996 Alpha: Zulu, sending you 4
2024-10-14 17:26:43.396658 Whiskey: Hotel, sending you 6
2024-10-14 17:26:43.397661 Alpha: Whiskey and Hotel, sending you 5
2024-10-14 17:26:43.402678 Hotel: Zulu, sending you 1
2024-10-14 17:26:43.405662 Hotel: Alpha, sending you 3
2024-10-14 17:26:43.410663 Hotel: Whiskey, sending you 2
chatterbot Golf submitting transactions
chatterbot November submitting transactions
chatterbot Whiskey submitting transactions
chatterbot Uniform submitting transactions
chatterbot Juliett submitting transactions
chatterbot Hotel submitting transactions
chatterbot Papa submitting transactions
chatterbot Zulu submitting transactions
chatterbot Alpha submitting transactions
chatterbot India submitting transactions
ChatterBot Uniform round 13
ChatterBot Zulu round 13
ChatterBot Alpha round 13
ChatterBot Whiskey round 13
ChatterBot Juliett round 13
ChatterBot Hotel round 13
ChatterBot Papa round 13
ChatterBot Golf round 13
ChatterBot India round 13
ChatterBot November round 13
2024-10-14 17:26:44.536740 Hotel: We should add Golf
ChatterBot Zulu reevaluating
ChatterBot Whiskey reevaluating
2024-10-14 17:26:44.552867 Zulu: Yes
2024-10-14 17:26:44.553025 Alpha: No
2024-10-14 17:26:44.553178 Whiskey: No
ChatterBot Whiskey reevaluating
ChatterBot Hotel reevaluating
ChatterBot Zulu reevaluating
ChatterBot Whiskey reevaluating
ChatterBot Hotel reevaluating
ChatterBot Zulu reevaluating
ChatterBot Hotel reevaluating
2024-10-14 17:26:44.597051 Uniform: We should drop Papa
ChatterBot Juliett reevaluating
2024-10-14 17:26:44.607520 Juliett: No
2024-10-14 17:26:44.607671 Golf: No
2024-10-14 17:26:44.607821 November: No
ChatterBot Uniform reevaluating
ChatterBot Uniform reevaluating
ChatterBot Juliett reevaluating
ChatterBot Uniform reevaluating
ChatterBot Juliett reevaluating
2024-10-14 17:26:44.637898 Hotel: We should add November
ChatterBot Zulu reevaluating
ChatterBot Whiskey reevaluating
2024-10-14 17:26:44.646912 Zulu: No
2024-10-14 17:26:44.647056 Alpha: No
2024-10-14 17:26:44.647172 Whiskey: No
ChatterBot Whiskey reevaluating
ChatterBot Hotel reevaluating
ChatterBot Zulu reevaluating
ChatterBot Whiskey reevaluating
ChatterBot Hotel reevaluating
ChatterBot Zulu reevaluating
ChatterBot Hotel reevaluating
2024-10-14 17:26:44.673815 Juliett: We should drop Uniform
2024-10-14 17:26:44.681752 Papa: Yes
2024-10-14 17:26:44.681895 Golf: Yes
2024-10-14 17:26:44.682004 November: Yes
ChatterBot Juliett reevaluating
ChatterBot Juliett reevaluating
ChatterBot Juliett reevaluating
2024-10-14 17:26:44.707028 Alpha: Zulu and Whiskey, sending you 4
2024-10-14 17:26:44.709662 Golf: Juliett, sending you 5
2024-10-14 17:26:44.710155 Alpha: Hotel, sending you 5
2024-10-14 17:26:44.710668 Papa: Juliett and Golf, sending you 2
2024-10-14 17:26:44.711440 November: Same as last round
2024-10-14 17:26:44.714665 Golf: Papa, sending you 2
2024-10-14 17:26:44.715681 Papa: November, sending you 3
2024-10-14 17:26:44.716657 Zulu: Alpha, sending you 1
2024-10-14 17:26:44.719658 Golf: November, sending you 4
chatterbot Golf submitting transactions
chatterbot Papa submitting transactions
chatterbot Juliett submitting transactions
chatterbot Whiskey submitting transactions
chatterbot Uniform submitting transactions
chatterbot India submitting transactions
chatterbot Alpha submitting transactions
chatterbot November submitting transactions
chatterbot Zulu submitting transactions
chatterbot Hotel submitting transactions
ChatterBot Uniform round 14
ChatterBot Zulu round 14
ChatterBot Alpha round 14
ChatterBot Whiskey round 14
ChatterBot Juliett round 14
ChatterBot Hotel round 14
ChatterBot Papa round 14
ChatterBot Golf round 14
ChatterBot India round 14
ChatterBot November round 14
2024-10-14 17:26:45.929175 Hotel: We should add India
2024-10-14 17:26:45.938697 Zulu: No
2024-10-14 17:26:45.938865 Alpha: No
2024-10-14 17:26:45.939 Whiskey: No
ChatterBot Hotel reevaluating
ChatterBot Whiskey reevaluating
ChatterBot Hotel reevaluating
ChatterBot Alpha reevaluating
ChatterBot Hotel reevaluating
2024-10-14 17:26:45.974342 Uniform: We should drop Papa
ChatterBot Juliett reevaluating
2024-10-14 17:26:45.983550 Juliett: No
2024-10-14 17:26:45.983723 Golf: No
2024-10-14 17:26:45.983834 November: No
ChatterBot Uniform reevaluating
ChatterBot Uniform reevaluating
ChatterBot Juliett reevaluating
ChatterBot Uniform reevaluating
ChatterBot Juliett reevaluating
2024-10-14 17:26:46.025288 Alpha: We should drop Zulu
ChatterBot Whiskey reevaluating
ChatterBot Hotel reevaluating
2024-10-14 17:26:46.032901 Whiskey: Yes
2024-10-14 17:26:46.033026 Hotel: No
ChatterBot Alpha reevaluating
ChatterBot Hotel reevaluating
ChatterBot Alpha reevaluating
ChatterBot Whiskey reevaluating
2024-10-14 17:26:46.048765 Juliett: We should drop Uniform
