ChatterBot November round 1
ChatterBot Kilo round 1
ChatterBot Sierra round 1
ChatterBot Lima round 1
ChatterBot Quebec round 1
ChatterBot Delta round 1
ChatterBot Uniform round 1
ChatterBot Golf round 1
ChatterBot Oscar round 1
ChatterBot Bravo round 1
randomSelections November: {November, Lima, Uniform} 
2024-10-14 17:26:28.574526 November: We should group up
ChatterBot Lima reevaluating
ChatterBot Uniform reevaluating
2024-10-14 17:26:28.606484 Lima: Yes
2024-10-14 17:26:28.607558 Uniform: Yes
ChatterBot Uniform reevaluating
ChatterBot Lima reevaluating
randomSelections Sierra: {Sierra, Lima, Golf, Kilo, Delta, November} 
2024-10-14 17:26:28.624299 Sierra: Can we be friends?
ChatterBot Lima reevaluating
ChatterBot Golf reevaluating
ChatterBot Kilo reevaluating
ChatterBot Delta reevaluating
2024-10-14 17:26:28.641230 Lima: No
2024-10-14 17:26:28.641697 Golf: Yes
2024-10-14 17:26:28.641868 Kilo: Yes
2024-10-14 17:26:28.642097 Delta: Yes
2024-10-14 17:26:28.643002 November: No
ChatterBot Golf reevaluating
ChatterBot Kilo reevaluating
ChatterBot Delta reevaluating
ChatterBot Lima reevaluating
ChatterBot Kilo reevaluating
ChatterBot Delta reevaluating
ChatterBot Lima reevaluating
ChatterBot Golf reevaluating
ChatterBot Delta reevaluating
ChatterBot Lima reevaluating
ChatterBot Golf reevaluating
ChatterBot Kilo reevaluating
ChatterBot Lima reevaluating
ChatterBot Golf reevaluating
ChatterBot Kilo reevaluating
ChatterBot Delta reevaluating
randomSelections Quebec: {Quebec, Golf, Sierra, Lima, Kilo, Uniform} 
2024-10-14 17:26:28.713653 Quebec: Can we be friends?
ChatterBot Golf reevaluating
ChatterBot Lima reevaluating
ChatterBot Kilo reevaluating
ChatterBot Uniform reevaluating
2024-10-14 17:26:28.726124 Golf: No
2024-10-14 17:26:28.727261 Sierra: No
2024-10-14 17:26:28.727692 Lima: No
2024-10-14 17:26:28.728170 Kilo: No
2024-10-14 17:26:28.729542 Uniform: No
ChatterBot Lima reevaluating
ChatterBot Kilo reevaluating
ChatterBot Uniform reevaluating
ChatterBot Golf reevaluating
ChatterBot Lima reevaluating
ChatterBot Kilo reevaluating
ChatterBot Uniform reevaluating
ChatterBot Golf reevaluating
ChatterBot Kilo reevaluating
ChatterBot Uniform reevaluating
ChatterBot Golf reevaluating
ChatterBot Lima reevaluating
ChatterBot Uniform reevaluating
ChatterBot Golf reevaluating
ChatterBot Lima reevaluating
ChatterBot Kilo reevaluating
randomSelections Bravo: {Bravo, Oscar, Lima, November, Delta, Kilo} 
2024-10-14 17:26:28.798097 Bravo: We would work well together
ChatterBot Oscar reevaluating
ChatterBot Lima reevaluating
ChatterBot Delta reevaluating
ChatterBot Kilo reevaluating
2024-10-14 17:26:28.810644 Oscar: Yes
2024-10-14 17:26:28.810785 Lima: No
2024-10-14 17:26:28.810938 November: No
2024-10-14 17:26:28.811137 Delta: No
2024-10-14 17:26:28.811304 Kilo: No
ChatterBot Lima reevaluating
ChatterBot Delta reevaluating
ChatterBot Kilo reevaluating
ChatterBot Oscar reevaluating
ChatterBot Delta reevaluating
ChatterBot Kilo reevaluating
ChatterBot Oscar reevaluating
ChatterBot Lima reevaluating
ChatterBot Delta reevaluating
ChatterBot Kilo reevaluating
ChatterBot Oscar reevaluating
ChatterBot Lima reevaluating
ChatterBot Kilo reevaluating
ChatterBot Oscar reevaluating
ChatterBot Lima reevaluating
ChatterBot Delta reevaluating
2024-10-14 17:26:28.870962 Lima: November, sending you 3
2024-10-14 17:26:28.874011 Sierra: November, sending you 2
2024-10-14 17:26:28.875479 Lima: Uniform, sending you 4
2024-10-14 17:26:28.877942 Sierra: Kilo and Delta, sending you 1
2024-10-14 17:26:28.878674 November: Sending you each 4
2024-10-14 17:26:28.879679 Uniform: November, sending you 9
2024-10-14 17:26:28.879920 Kilo: November and Sierra, sending you 4
2024-10-14 17:26:28.880206 Golf: November, sending you 4
2024-10-14 17:26:28.884789 Quebec: Kilo, Sierra and Lima, sending you 2
2024-10-14 17:26:28.885100 Bravo: November and Kilo, sending you 3
2024-10-14 17:26:28.886118 Delta: Kilo, Sierra and Lima, sending you 2
2024-10-14 17:26:28.886412 Sierra: Lima and Golf, sending you 3
2024-10-14 17:26:28.886697 Golf: Kilo, sending you 1
2024-10-14 17:26:28.886977 Uniform: Lima, sending you 4
2024-10-14 17:26:28.887217 Kilo: Lima, sending you 2
2024-10-14 17:26:28.890216 Oscar: November, Lima and Bravo, sending you 3
2024-10-14 17:26:28.890516 Quebec: Uniform, sending you 3
2024-10-14 17:26:28.890806 Bravo: Lima, sending you 1
2024-10-14 17:26:28.891089 Delta: Golf, sending you 1
2024-10-14 17:26:28.891377 Golf: Sierra and Delta, sending you 2
2024-10-14 17:26:28.892268 Kilo: Delta, sending you 1
2024-10-14 17:26:28.894667 Quebec: Golf, sending you 4
2024-10-14 17:26:28.894955 Golf: Lima, sending you 5
chatterbot Uniform submitting transactions
chatterbot Golf submitting transactions
chatterbot Sierra submitting transactions
chatterbot Delta submitting transactions
chatterbot Oscar submitting transactions
chatterbot Bravo submitting transactions
chatterbot Lima submitting transactions
chatterbot Quebec submitting transactions
chatterbot November submitting transactions
chatterbot Kilo submitting transactions
ChatterBot November round 2
ChatterBot Kilo round 2
ChatterBot Sierra round 2
ChatterBot Lima round 2
ChatterBot Quebec round 2
ChatterBot Delta round 2
ChatterBot Uniform round 2
ChatterBot Golf round 2
ChatterBot Oscar round 2
ChatterBot Bravo round 2
2024-10-14 17:26:31.628861 Kilo: Group up?
ChatterBot Sierra reevaluating
ChatterBot Quebec reevaluating
ChatterBot Delta reevaluating
ChatterBot Golf reevaluating
ChatterBot Oscar reevaluating
ChatterBot Bravo reevaluating
2024-10-14 17:26:31.661285 Sierra: No
2024-10-14 17:26:31.661486 Quebec: No
2024-10-14 17:26:31.662034 Delta: No
2024-10-14 17:26:31.662176 Golf: No
2024-10-14 17:26:31.662314 Oscar: No
2024-10-14 17:26:31.662443 Bravo: No
ChatterBot Quebec reevaluating
ChatterBot Delta reevaluating
ChatterBot Golf reevaluating
ChatterBot Oscar reevaluating
ChatterBot Bravo reevaluating
ChatterBot Sierra reevaluating
ChatterBot Delta reevaluating
ChatterBot Golf reevaluating
ChatterBot Oscar reevaluating
ChatterBot Bravo reevaluating
ChatterBot Sierra reevaluating
ChatterBot Quebec reevaluating
ChatterBot Golf reevaluating
ChatterBot Oscar reevaluating
ChatterBot Bravo reevaluating
ChatterBot Sierra reevaluating
ChatterBot Quebec reevaluating
ChatterBot Delta reevaluating
ChatterBot Oscar reevaluating
ChatterBot Bravo reevaluating
ChatterBot Sierra reevaluating
ChatterBot Quebec reevaluating
ChatterBot Delta reevaluating
ChatterBot Golf reevaluating
ChatterBot Bravo reevaluating
ChatterBot Sierra reevaluating
ChatterBot Quebec reevaluating
ChatterBot Delta reevaluating
ChatterBot Golf reevaluating
ChatterBot Oscar reevaluating
2024-10-14 17:26:31.918709 Lima: We should add Oscar and Bravo
ChatterBot Uniform reevaluating
2024-10-14 17:26:31.929213 November: No
2024-10-14 17:26:31.929831 Uniform: No
ChatterBot Lima reevaluating
ChatterBot Uniform reevaluating
ChatterBot Lima reevaluating
2024-10-14 17:26:31.948455 Uniform: We should add Quebec
ChatterBot Lima reevaluating
2024-10-14 17:26:31.956348 November: No
2024-10-14 17:26:31.956715 Lima: Yes
ChatterBot Lima reevaluating
ChatterBot Uniform reevaluating
ChatterBot Uniform reevaluating
2024-10-14 17:26:31.989128 Bravo: We would work well together
ChatterBot Sierra reevaluating
ChatterBot Quebec reevaluating
ChatterBot Delta reevaluating
ChatterBot Golf reevaluating
ChatterBot Oscar reevaluating
2024-10-14 17:26:32.014097 Kilo: Yes
2024-10-14 17:26:32.014275 Sierra: No
2024-10-14 17:26:32.014990 Quebec: No
2024-10-14 17:26:32.015109 Delta: No
2024-10-14 17:26:32.015217 Golf: No
2024-10-14 17:26:32.015344 Oscar: No
ChatterBot Sierra reevaluating
ChatterBot Quebec reevaluating
ChatterBot Delta reevaluating
ChatterBot Golf reevaluating
ChatterBot Oscar reevaluating
ChatterBot Bravo reevaluating
ChatterBot Quebec reevaluating
ChatterBot Delta reevaluating
ChatterBot Golf reevaluating
ChatterBot Oscar reevaluating
ChatterBot Bravo reevaluating
ChatterBot Sierra reevaluating
ChatterBot Delta reevaluating
ChatterBot Golf reevaluating
ChatterBot Oscar reevaluating
ChatterBot Bravo reevaluating
ChatterBot Kilo reevaluating
ChatterBot Sierra reevaluating
ChatterBot Quebec reevaluating
ChatterBot Golf reevaluating
ChatterBot Oscar reevaluating
ChatterBot Bravo reevaluating
ChatterBot Kilo reevaluating
ChatterBot Sierra reevaluating
ChatterBot Quebec reevaluating
ChatterBot Delta reevaluating
ChatterBot Oscar reevaluating
ChatterBot Bravo reevaluating
ChatterBot Kilo reevaluating
ChatterBot Sierra reevaluating
ChatterBot Quebec reevaluating
ChatterBot Delta reevaluating
ChatterBot Golf reevaluating
ChatterBot Bravo reevaluating
2024-10-14 17:26:32.156793 Uniform: Quebec we want you to join our group
2024-10-14 17:26:32.161044 Quebec: No
ChatterBot Lima reevaluating
2024-10-14 17:26:32.173521 Delta: We should drop Lima and November
ChatterBot Kilo reevaluating
ChatterBot Sierra reevaluating
2024-10-14 17:26:32.186811 Kilo: Yes
2024-10-14 17:26:32.186987 Sierra: Yes
2024-10-14 17:26:32.187521 Golf: Yes
ChatterBot Sierra reevaluating
ChatterBot Delta reevaluating
ChatterBot Kilo reevaluating
ChatterBot Delta reevaluating
ChatterBot Kilo reevaluating
ChatterBot Sierra reevaluating
2024-10-14 17:26:32.220027 November: Lima, sending you 4
2024-10-14 17:26:32.222659 November: Uniform, sending you 3
2024-10-14 17:26:32.223008 Bravo: Kilo, Sierra, Quebec, Delta and Golf, sending you 1
2024-10-14 17:26:32.223913 Quebec: Kilo, Sierra, Delta and Golf, sending you 3
2024-10-14 17:26:32.224301 Oscar: Kilo and Bravo, sending you 4
2024-10-14 17:26:32.224544 Golf: Sierra, sending you 7
2024-10-14 17:26:32.226686 Quebec: Bravo, sending you 1
2024-10-14 17:26:32.227688 Bravo: Oscar, sending you 5
2024-10-14 17:26:32.229108 Golf: Quebec, sending you 9
2024-10-14 17:26:32.232796 Golf: Delta, sending you 2
2024-10-14 17:26:32.233655 Lima: November and Uniform, sending you 3
2024-10-14 17:26:32.238670 Lima: Quebec, sending you 1
2024-10-14 17:26:32.240677 Kilo: Sierra, Quebec, Delta, Golf and Bravo, sending you 2
2024-10-14 17:26:32.242678 Uniform: November, sending you 5
2024-10-14 17:26:32.243989 Kilo: Oscar, sending you 1
2024-10-14 17:26:32.246655 Uniform: Lima and Quebec, sending you 4
2024-10-14 17:26:32.247744 Delta: Kilo, Sierra and Golf, sending you 2
2024-10-14 17:26:32.252661 Delta: Quebec, sending you 1
chatterbot November submitting transactions
chatterbot Bravo submitting transactions
2024-10-14 17:26:32.408709 Sierra: Kilo, Quebec, Delta and Golf, sending you 2
2024-10-14 17:26:32.413219 Sierra: Oscar and Bravo, sending you 1
chatterbot Lima submitting transactions
chatterbot Uniform submitting transactions
chatterbot Delta submitting transactions
chatterbot Sierra submitting transactions
chatterbot Golf submitting transactions
chatterbot Quebec submitting transactions
chatterbot Kilo submitting transactions
chatterbot Oscar submitting transactions
ChatterBot November round 3
ChatterBot Kilo round 3
ChatterBot Sierra round 3
ChatterBot Lima round 3
ChatterBot Quebec round 3
ChatterBot Delta round 3
ChatterBot Uniform round 3
ChatterBot Golf round 3
ChatterBot Oscar round 3
ChatterBot Bravo round 3
2024-10-14 17:26:33.441213 Sierra: We should drop Oscar
2024-10-14 17:26:33.452380 Quebec: Yes
2024-10-14 17:26:33.452512 Kilo: No
2024-10-14 17:26:33.452624 Delta: Yes
2024-10-14 17:26:33.452737 Golf: Yes
2024-10-14 17:26:33.452831 Bravo: No
ChatterBot Sierra reevaluating
ChatterBot Sierra reevaluating
ChatterBot Bravo reevaluating
ChatterBot Sierra reevaluating
ChatterBot Bravo reevaluating
ChatterBot Kilo reevaluating
ChatterBot Sierra reevaluating
ChatterBot Bravo reevaluating
ChatterBot Kilo reevaluating
ChatterBot Sierra reevaluating
2024-10-14 17:26:33.514667 November: Lima, sending you 4
2024-10-14 17:26:33.515742 Golf: Kilo, sending you 2
2024-10-14 17:26:33.518681 November: Uniform, sending you 3
2024-10-14 17:26:33.519017 Golf: Sierra, sending you 5
2024-10-14 17:26:33.521701 Golf: Quebec, sending you 7
2024-10-14 17:26:33.522698 Delta: Kilo, Sierra and Golf, sending you 2
2024-10-14 17:26:33.525743 Uniform: November and Lima, sending you 4
2024-10-14 17:26:33.526671 Golf: Delta, sending you 3
2024-10-14 17:26:33.527723 Bravo: Kilo, sending you 4
2024-10-14 17:26:33.527993 Delta: Quebec, sending you 1
2024-10-14 17:26:33.528277 Oscar: Kilo and Bravo, sending you 4
2024-10-14 17:26:33.529657 Uniform: Oscar, sending you 3
2024-10-14 17:26:33.530669 Sierra: Kilo, Quebec, Delta and Golf, sending you 2
2024-10-14 17:26:33.531703 Golf: Bravo, sending you 1
2024-10-14 17:26:33.532163 Bravo: Oscar, sending you 6
2024-10-14 17:26:33.532662 Lima: November, sending you 4
2024-10-14 17:26:33.533671 Quebec: Kilo and Sierra, sending you 2
2024-10-14 17:26:33.533992 Sierra: Oscar and Bravo, sending you 1
2024-10-14 17:26:33.534686 Uniform: Bravo, sending you 2
2024-10-14 17:26:33.536665 Kilo: Sierra, Quebec, Delta, Oscar and Bravo, sending you 2
2024-10-14 17:26:33.537109 Lima: Uniform, sending you 3
2024-10-14 17:26:33.538998 Quebec: Delta and Bravo, sending you 1
2024-10-14 17:26:33.540667 Kilo: Golf, sending you 1
2024-10-14 17:26:33.543694 Quebec: Golf, sending you 7
chatterbot November submitting transactions
chatterbot Golf submitting transactions
chatterbot Kilo submitting transactions
chatterbot Sierra submitting transactions
chatterbot Uniform submitting transactions
chatterbot Quebec submitting transactions
chatterbot Delta submitting transactions
chatterbot Lima submitting transactions
chatterbot Oscar submitting transactions
chatterbot Bravo submitting transactions
ChatterBot November round 4
ChatterBot Kilo round 4
ChatterBot Sierra round 4
ChatterBot Lima round 4
ChatterBot Quebec round 4
ChatterBot Delta round 4
ChatterBot Uniform round 4
ChatterBot Golf round 4
ChatterBot Oscar round 4
ChatterBot Bravo round 4
2024-10-14 17:26:34.696973 Sierra: We should drop Oscar
ChatterBot Quebec reevaluating
ChatterBot Kilo reevaluating
ChatterBot Bravo reevaluating
2024-10-14 17:26:34.717769 Quebec: Yes
2024-10-14 17:26:34.717946 Kilo: Yes
2024-10-14 17:26:34.718107 Delta: Yes
2024-10-14 17:26:34.718265 Golf: Yes
2024-10-14 17:26:34.718410 Bravo: No
ChatterBot Kilo reevaluating
ChatterBot Bravo reevaluating
ChatterBot Quebec reevaluating
ChatterBot Bravo reevaluating
ChatterBot Quebec reevaluating
ChatterBot Kilo reevaluating
ChatterBot Bravo reevaluating
ChatterBot Quebec reevaluating
ChatterBot Kilo reevaluating
ChatterBot Bravo reevaluating
ChatterBot Quebec reevaluating
ChatterBot Kilo reevaluating
2024-10-14 17:26:34.795386 Uniform: We should drop Bravo
2024-10-14 17:26:34.802630 November: Yes
2024-10-14 17:26:34.802762 Lima: Yes
2024-10-14 17:26:34.802860 Oscar: No
ChatterBot Uniform reevaluating
ChatterBot Uniform reevaluating
ChatterBot Uniform reevaluating
2024-10-14 17:26:34.834975 November: Lima, sending you 4
2024-10-14 17:26:34.837659 Lima: November, sending you 4
2024-10-14 17:26:34.838677 November: Uniform, sending you 3
2024-10-14 17:26:34.839037 Delta: Kilo, Sierra and Golf, sending you 2
2024-10-14 17:26:34.840691 Lima: Uniform, sending you 3
2024-10-14 17:26:34.841690 Delta: Quebec, sending you 1
2024-10-14 17:26:34.846696 Sierra: Sending you each 2
2024-10-14 17:26:34.850690 Bravo: Kilo and Sierra, sending you 2
2024-10-14 17:26:34.851695 Golf: Kilo, sending you 2
2024-10-14 17:26:34.853686 Bravo: Quebec, Delta and Golf, sending you 1
2024-10-14 17:26:34.854697 Golf: Sierra, sending you 4
2024-10-14 17:26:34.855682 Oscar: Kilo, sending you 4
2024-10-14 17:26:34.857224 Kilo: Sierra, Quebec, Delta, Oscar and Bravo, sending you 2
2024-10-14 17:26:34.857733 Bravo: Oscar, sending you 3
2024-10-14 17:26:34.858701 Quebec: Kilo and Sierra, sending you 2
2024-10-14 17:26:34.859306 Golf: Quebec, sending you 8
2024-10-14 17:26:34.859712 Oscar: Bravo, sending you 3
2024-10-14 17:26:34.862674 Kilo: Golf, sending you 1
2024-10-14 17:26:34.863563 Golf: Delta, sending you 3
2024-10-14 17:26:34.863955 Quebec: Delta and Bravo, sending you 1
2024-10-14 17:26:34.866694 Golf: Bravo, sending you 1
2024-10-14 17:26:34.867142 Quebec: Golf, sending you 7
chatterbot November submitting transactions
chatterbot Quebec submitting transactions
chatterbot Delta submitting transactions
chatterbot Oscar submitting transactions
chatterbot Kilo submitting transactions
chatterbot Golf submitting transactions
chatterbot Sierra submitting transactions
chatterbot Lima submitting transactions
chatterbot Bravo submitting transactions
chatterbot Uniform submitting transactions
ChatterBot November round 5
ChatterBot Kilo round 5
ChatterBot Sierra round 5
ChatterBot Lima round 5
ChatterBot Quebec round 5
ChatterBot Delta round 5
ChatterBot Uniform round 5
ChatterBot Golf round 5
ChatterBot Oscar round 5
ChatterBot Bravo round 5
2024-10-14 17:26:36.023226 Kilo: We should drop Oscar
2024-10-14 17:26:36.037294 Quebec: Yes
2024-10-14 17:26:36.037470 Sierra: Yes
2024-10-14 17:26:36.037598 Delta: Yes
2024-10-14 17:26:36.037736 Golf: Yes
2024-10-14 17:26:36.037897 Bravo: No
ChatterBot Kilo reevaluating
ChatterBot Bravo reevaluating
ChatterBot Kilo reevaluating
ChatterBot Bravo reevaluating
ChatterBot Kilo reevaluating
ChatterBot Bravo reevaluating
ChatterBot Kilo reevaluating
ChatterBot Bravo reevaluating
ChatterBot Kilo reevaluating
2024-10-14 17:26:36.122502 Uniform: We should drop Bravo
2024-10-14 17:26:36.131502 November: Yes
2024-10-14 17:26:36.131651 Lima: Yes
2024-10-14 17:26:36.131883 Oscar: No
ChatterBot Uniform reevaluating
ChatterBot Uniform reevaluating
ChatterBot Uniform reevaluating
2024-10-14 17:26:36.157544 November: Lima, sending you 4
2024-10-14 17:26:36.157873 Lima: November, sending you 4
2024-10-14 17:26:36.158209 Sierra: Same as last round
2024-10-14 17:26:36.160666 November: Uniform, sending you 3
2024-10-14 17:26:36.162672 Lima: Uniform, sending you 3
2024-10-14 17:26:36.162970 Delta: Kilo, Sierra and Golf, sending you 2
2024-10-14 17:26:36.163304 Golf: Kilo, sending you 2
2024-10-14 17:26:36.164202 Quebec: Kilo and Sierra, sending you 2
2024-10-14 17:26:36.166683 Golf: Sierra, sending you 4
2024-10-14 17:26:36.167990 Delta: Quebec, sending you 1
2024-10-14 17:26:36.168417 Quebec: Delta and Bravo, sending you 1
2024-10-14 17:26:36.170685 Golf: Quebec, sending you 8
2024-10-14 17:26:36.171208 Oscar: Kilo, sending you 4
2024-10-14 17:26:36.172661 Quebec: Golf, sending you 7
2024-10-14 17:26:36.175686 Golf: Delta, sending you 3
2024-10-14 17:26:36.176662 Oscar: Bravo, sending you 3
2024-10-14 17:26:36.177690 Kilo: Sierra, Quebec, Delta, Oscar and Bravo, sending you 2
2024-10-14 17:26:36.178731 Golf: Bravo, sending you 1
2024-10-14 17:26:36.179672 Bravo: Kilo, Sierra and Quebec, sending you 2
2024-10-14 17:26:36.181773 Uniform: November and Lima, sending you 5
2024-10-14 17:26:36.182129 Kilo: Golf, sending you 1
2024-10-14 17:26:36.184050 Bravo: Golf, sending you 1
2024-10-14 17:26:36.187011 Uniform: Delta, sending you 3
2024-10-14 17:26:36.189965 Bravo: Oscar, sending you 3
chatterbot Lima submitting transactions
chatterbot Sierra submitting transactions
chatterbot Oscar submitting transactions
chatterbot Uniform submitting transactions
chatterbot Quebec submitting transactions
chatterbot Delta submitting transactions
chatterbot Bravo submitting transactions
chatterbot November submitting transactions
chatterbot Golf submitting transactions
chatterbot Kilo submitting transactions
ChatterBot November round 6
ChatterBot Kilo round 6
ChatterBot Sierra round 6
ChatterBot Lima round 6
ChatterBot Quebec round 6
ChatterBot Delta round 6
ChatterBot Uniform round 6
ChatterBot Golf round 6
ChatterBot Oscar round 6
ChatterBot Bravo round 6
2024-10-14 17:26:37.371282 Kilo: We should drop Oscar
ChatterBot Bravo reevaluating
2024-10-14 17:26:37.384011 Quebec: Yes
2024-10-14 17:26:37.384148 Sierra: Yes
2024-10-14 17:26:37.384259 Delta: Yes
2024-10-14 17:26:37.384385 Golf: Yes
2024-10-14 17:26:37.384497 Bravo: No
ChatterBot Delta reevaluating
ChatterBot Bravo reevaluating
ChatterBot Delta reevaluating
ChatterBot Bravo reevaluating
ChatterBot Bravo reevaluating
ChatterBot Delta reevaluating
ChatterBot Bravo reevaluating
ChatterBot Delta reevaluating
2024-10-14 17:26:37.464671 November: Lima, sending you 4
2024-10-14 17:26:37.467686 Lima: November, sending you 4
2024-10-14 17:26:37.468032 November: Uniform, sending you 3
2024-10-14 17:26:37.470688 Kilo: Sierra, Quebec, Delta and Golf, sending you 2
2024-10-14 17:26:37.472679 Lima: Uniform, sending you 3
2024-10-14 17:26:37.474685 Kilo: Bravo, sending you 3
2024-10-14 17:26:37.475729 Uniform: November and Lima, sending you 5
2024-10-14 17:26:37.478678 Quebec: Kilo and Sierra, sending you 2
2024-10-14 17:26:37.479687 Bravo: Kilo, Sierra and Quebec, sending you 2
2024-10-14 17:26:37.480275 Sierra: Same as last round
2024-10-14 17:26:37.480903 Golf: Kilo, sending you 2
2024-10-14 17:26:37.481314 Uniform: Delta, sending you 3
2024-10-14 17:26:37.481572 Delta: Kilo, Sierra and Golf, sending you 2
2024-10-14 17:26:37.482662 Quebec: Delta and Bravo, sending you 1
2024-10-14 17:26:37.484676 Bravo: Golf, sending you 1
2024-10-14 17:26:37.485876 Golf: Sierra and Delta, sending you 3
2024-10-14 17:26:37.486435 Quebec: Golf, sending you 7
2024-10-14 17:26:37.486906 Delta: Quebec, sending you 1
2024-10-14 17:26:37.489082 Oscar: Kilo, sending you 4
2024-10-14 17:26:37.489695 Bravo: Oscar, sending you 3
2024-10-14 17:26:37.490662 Golf: Quebec, sending you 9
2024-10-14 17:26:37.491971 Oscar: Bravo, sending you 3
2024-10-14 17:26:37.494664 Golf: Bravo, sending you 1
chatterbot Uniform submitting transactions
chatterbot Bravo submitting transactions
chatterbot Kilo submitting transactions
chatterbot Delta submitting transactions
chatterbot Quebec submitting transactions
chatterbot November submitting transactions
chatterbot Sierra submitting transactions
chatterbot Lima submitting transactions
chatterbot Oscar submitting transactions
chatterbot Golf submitting transactions
ChatterBot November round 7
ChatterBot Kilo round 7
ChatterBot Sierra round 7
ChatterBot Lima round 7
ChatterBot Quebec round 7
ChatterBot Delta round 7
ChatterBot Uniform round 7
ChatterBot Golf round 7
ChatterBot Oscar round 7
ChatterBot Bravo round 7
2024-10-14 17:26:38.648846 Uniform: We should replace Delta with Oscar
2024-10-14 17:26:38.659055 November: No
2024-10-14 17:26:38.659283 Lima: No
ChatterBot Uniform reevaluating
ChatterBot Uniform reevaluating
2024-10-14 17:26:38.677399 Delta: We should add Bravo
2024-10-14 17:26:38.689353 Quebec: Yes
2024-10-14 17:26:38.689498 Kilo: Yes
2024-10-14 17:26:38.689607 Sierra: Yes
2024-10-14 17:26:38.689723 Golf: Yes
ChatterBot Delta reevaluating
ChatterBot Delta reevaluating
ChatterBot Delta reevaluating
2024-10-14 17:26:38.742666 Kilo: Sierra, Quebec, Delta and Golf, sending you 2
2024-10-14 17:26:38.744048 November: Lima, sending you 4
2024-10-14 17:26:38.746695 Kilo: Bravo, sending you 3
2024-10-14 17:26:38.748392 Delta: Bravo we want you to join our group
2024-10-14 17:26:38.751622 Bravo: Yes
ChatterBot Delta reevaluating
2024-10-14 17:26:38.768142 November: Uniform, sending you 2
2024-10-14 17:26:38.770686 Golf: Kilo, sending you 2
2024-10-14 17:26:38.771254 Bravo: Kilo, Sierra, Quebec, Golf and Oscar, sending you 2
2024-10-14 17:26:38.772351 Oscar: Kilo, sending you 5
2024-10-14 17:26:38.772712 Sierra: Same as last round
2024-10-14 17:26:38.773197 Lima: November, sending you 4
2024-10-14 17:26:38.773477 Quebec: Kilo and Sierra, sending you 2
2024-10-14 17:26:38.773942 Uniform: November, sending you 7
2024-10-14 17:26:38.774266 Golf: Sierra and Delta, sending you 3
2024-10-14 17:26:38.775654 Oscar: Bravo, sending you 4
2024-10-14 17:26:38.777266 Quebec: Delta and Bravo, sending you 1
2024-10-14 17:26:38.777891 Lima: Uniform, sending you 3
2024-10-14 17:26:38.778669 Uniform: Lima, sending you 6
2024-10-14 17:26:38.779680 Golf: Quebec, sending you 9
2024-10-14 17:26:38.782684 Quebec: Golf, sending you 7
2024-10-14 17:26:38.785129 Golf: Bravo, sending you 1
2024-10-14 17:26:38.789679 Delta: Kilo, Sierra and Golf, sending you 2
2024-10-14 17:26:38.794661 Delta: Quebec, sending you 1
chatterbot Oscar submitting transactions
chatterbot Bravo submitting transactions
chatterbot Delta submitting transactions
chatterbot Sierra submitting transactions
chatterbot November submitting transactions
chatterbot Kilo submitting transactions
chatterbot Quebec submitting transactions
chatterbot Golf submitting transactions
chatterbot Lima submitting transactions
chatterbot Uniform submitting transactions
ChatterBot November round 8
ChatterBot Kilo round 8
ChatterBot Sierra round 8
ChatterBot Lima round 8
ChatterBot Quebec round 8
ChatterBot Delta round 8
ChatterBot Uniform round 8
ChatterBot Golf round 8
ChatterBot Oscar round 8
ChatterBot Bravo round 8
2024-10-14 17:26:39.836811 Bravo: We should drop Oscar
2024-10-14 17:26:39.854604 Quebec: Yes
2024-10-14 17:26:39.854869 Kilo: Yes
2024-10-14 17:26:39.855022 Sierra: Yes
2024-10-14 17:26:39.855155 Delta: Yes
2024-10-14 17:26:39.855275 Golf: Yes
ChatterBot Bravo reevaluating
ChatterBot Bravo reevaluating
ChatterBot Bravo reevaluating
2024-10-14 17:26:39.967815 November: Lima, sending you 4
2024-10-14 17:26:39.970704 Delta: Kilo, Sierra and Golf, sending you 2
2024-10-14 17:26:39.971701 Lima: November, sending you 4
2024-10-14 17:26:39.972109 Kilo: Sierra, Delta, Golf and Bravo, sending you 2
2024-10-14 17:26:39.975920 Golf: Kilo and Bravo, sending you 2
2024-10-14 17:26:39.976658 Uniform: November, sending you 6
2024-10-14 17:26:39.978073 Quebec: Kilo and Sierra, sending you 2
2024-10-14 17:26:39.978843 November: Uniform, sending you 2
2024-10-14 17:26:39.979240 Sierra: Same as last round
2024-10-14 17:26:39.980865 Oscar: Kilo, sending you 5
2024-10-14 17:26:39.981246 Delta: Quebec, sending you 1
2024-10-14 17:26:39.982918 Lima: Uniform, sending you 3
2024-10-14 17:26:39.983371 Kilo: Quebec, sending you 3
2024-10-14 17:26:39.987796 Golf: Sierra and Delta, sending you 3
2024-10-14 17:26:39.988485 Uniform: Lima, sending you 7
2024-10-14 17:26:39.988979 Quebec: Delta and Bravo, sending you 1
2024-10-14 17:26:39.990735 Oscar: Bravo, sending you 4
2024-10-14 17:26:39.991705 Golf: Quebec, sending you 8
2024-10-14 17:26:39.993703 Quebec: Golf, sending you 7
chatterbot Lima submitting transactions
chatterbot Sierra submitting transactions
chatterbot Delta submitting transactions
chatterbot Kilo submitting transactions
chatterbot Oscar submitting transactions
chatterbot Golf submitting transactions
chatterbot November submitting transactions
chatterbot Uniform submitting transactions
chatterbot Bravo submitting transactions
chatterbot Quebec submitting transactions
ChatterBot November round 9
ChatterBot Kilo round 9
ChatterBot Sierra round 9
ChatterBot Lima round 9
ChatterBot Quebec round 9
ChatterBot Delta round 9
ChatterBot Uniform round 9
ChatterBot Golf round 9
ChatterBot Oscar round 9
ChatterBot Bravo round 9
2024-10-14 17:26:41.087913 Oscar: Group up?
ChatterBot Sierra reevaluating
ChatterBot Bravo reevaluating
2024-10-14 17:26:41.103467 Kilo: No
2024-10-14 17:26:41.103625 Sierra: Yes
2024-10-14 17:26:41.103740 Quebec: No
2024-10-14 17:26:41.103844 Golf: No
2024-10-14 17:26:41.104329 Bravo: Yes
ChatterBot Sierra reevaluating
ChatterBot Bravo reevaluating
ChatterBot Kilo reevaluating
ChatterBot Quebec reevaluating
ChatterBot Bravo reevaluating
ChatterBot Kilo reevaluating
ChatterBot Sierra reevaluating
ChatterBot Golf reevaluating
ChatterBot Bravo reevaluating
ChatterBot Oscar reevaluating
ChatterBot Kilo reevaluating
ChatterBot Sierra reevaluating
ChatterBot Quebec reevaluating
ChatterBot Bravo reevaluating
ChatterBot Oscar reevaluating
ChatterBot Kilo reevaluating
ChatterBot Sierra reevaluating
ChatterBot Quebec reevaluating
ChatterBot Golf reevaluating
2024-10-14 17:26:41.182479 Uniform: We should drop Bravo
ChatterBot Oscar reevaluating
2024-10-14 17:26:41.192021 November: Yes
2024-10-14 17:26:41.192159 Lima: Yes
2024-10-14 17:26:41.192271 Oscar: No
ChatterBot Oscar reevaluating
ChatterBot Oscar reevaluating
2024-10-14 17:26:41.219677 Lima: November and Uniform, sending you 3
2024-10-14 17:26:41.220769 November: Lima, sending you 4
2024-10-14 17:26:41.223674 Lima: Oscar, sending you 1
2024-10-14 17:26:41.224077 November: Uniform, sending you 2
2024-10-14 17:26:41.226689 Delta: Kilo, Sierra and Golf, sending you 2
2024-10-14 17:26:41.229741 Golf: Kilo and Bravo, sending you 2
2024-10-14 17:26:41.230474 Delta: Quebec, sending you 1
2024-10-14 17:26:41.232699 Uniform: November, sending you 6
2024-10-14 17:26:41.233387 Golf: Sierra and Delta, sending you 3
2024-10-14 17:26:41.236703 Quebec: Kilo and Sierra, sending you 2
2024-10-14 17:26:41.237479 Uniform: Lima, sending you 7
2024-10-14 17:26:41.238236 Golf: Quebec, sending you 8
2024-10-14 17:26:41.239814 Kilo: Sierra, Quebec, Delta, Oscar and Bravo, sending you 2
2024-10-14 17:26:41.241333 Bravo: Kilo, Sierra, Quebec, Golf and Oscar, sending you 2
2024-10-14 17:26:41.241968 Oscar: Kilo, sending you 4
2024-10-14 17:26:41.242368 Quebec: Delta and Bravo, sending you 1
2024-10-14 17:26:41.245783 Oscar: Sierra and Quebec, sending you 1
2024-10-14 17:26:41.246317 Kilo: Golf, sending you 1
2024-10-14 17:26:41.247686 Quebec: Golf, sending you 7
2024-10-14 17:26:41.250697 Oscar: Bravo, sending you 5
chatterbot Quebec submitting transactions
chatterbot Uniform submitting transactions
chatterbot Kilo submitting transactions
chatterbot Oscar submitting transactions
chatterbot Bravo submitting transactions
chatterbot Delta submitting transactions
chatterbot Lima submitting transactions
chatterbot Golf submitting transactions
chatterbot November submitting transactions
chatterbot Sierra submitting transactions
ChatterBot November round 10
ChatterBot Kilo round 10
ChatterBot Sierra round 10
ChatterBot Lima round 10
ChatterBot Quebec round 10
ChatterBot Delta round 10
ChatterBot Uniform round 10
ChatterBot Golf round 10
ChatterBot Oscar round 10
ChatterBot Bravo round 10
2024-10-14 17:26:42.160993 Uniform: We should replace Oscar with Sierra
ChatterBot November reevaluating
ChatterBot Lima reevaluating
2024-10-14 17:26:42.168877 November: No
2024-10-14 17:26:42.169029 Lima: No
ChatterBot Lima reevaluating
ChatterBot Uniform reevaluating
ChatterBot November reevaluating
ChatterBot Uniform reevaluating
2024-10-14 17:26:42.194155 Oscar: We should replace Golf with Delta
ChatterBot Kilo reevaluating
ChatterBot Sierra reevaluating
2024-10-14 17:26:42.205383 Kilo: No
2024-10-14 17:26:42.205535 Sierra: No
2024-10-14 17:26:42.205666 Quebec: No
2024-10-14 17:26:42.205786 Bravo: No
ChatterBot Oscar reevaluating
ChatterBot Sierra reevaluating
ChatterBot Oscar reevaluating
ChatterBot Kilo reevaluating
ChatterBot Oscar reevaluating
ChatterBot Kilo reevaluating
ChatterBot Sierra reevaluating
ChatterBot Oscar reevaluating
ChatterBot Kilo reevaluating
ChatterBot Sierra reevaluating
2024-10-14 17:26:42.254401 Oscar: We should replace Quebec with Delta
ChatterBot Kilo reevaluating
ChatterBot Sierra reevaluating
ChatterBot Golf reevaluating
2024-10-14 17:26:42.264665 Kilo: No
2024-10-14 17:26:42.264792 Sierra: No
2024-10-14 17:26:42.264890 Golf: No
2024-10-14 17:26:42.264983 Bravo: No
ChatterBot Oscar reevaluating
ChatterBot Sierra reevaluating
ChatterBot Golf reevaluating
ChatterBot Oscar reevaluating
ChatterBot Kilo reevaluating
ChatterBot Golf reevaluating
ChatterBot Oscar reevaluating
ChatterBot Kilo reevaluating
ChatterBot Sierra reevaluating
ChatterBot Oscar reevaluating
ChatterBot Kilo reevaluating
ChatterBot Sierra reevaluating
ChatterBot Golf reevaluating
2024-10-14 17:26:42.310662 Quebec: Kilo, Sierra and Bravo, sending you 2
2024-10-14 17:26:42.311682 November: Lima, sending you 4
2024-10-14 17:26:42.312057 Lima: November, sending you 4
2024-10-14 17:26:42.312777 Sierra: Oscar and Uniform we want you to join our group
ChatterBot Oscar reevaluating
ChatterBot Uniform reevaluating
2024-10-14 17:26:42.319881 Oscar: No
2024-10-14 17:26:42.320038 Uniform: No
ChatterBot Kilo reevaluating
ChatterBot Golf reevaluating
ChatterBot Uniform reevaluating
ChatterBot Kilo reevaluating
ChatterBot Golf reevaluating
ChatterBot Oscar reevaluating
2024-10-14 17:26:42.365355 Quebec: Delta, sending you 1
2024-10-14 17:26:42.365834 November: Uniform, sending you 2
2024-10-14 17:26:42.366099 Lima: Uniform, sending you 3
2024-10-14 17:26:42.367677 Delta: Kilo, Sierra and Golf, sending you 2
2024-10-14 17:26:42.368670 Quebec: Golf, sending you 6
2024-10-14 17:26:42.369666 Bravo: Kilo, Sierra, Quebec, Golf and Oscar, sending you 2
2024-10-14 17:26:42.373541 Golf: We should drop Oscar
ChatterBot Kilo reevaluating
2024-10-14 17:26:42.397966 Quebec: No
2024-10-14 17:26:42.398151 Kilo: Yes
2024-10-14 17:26:42.398295 Sierra: No
2024-10-14 17:26:42.398427 Delta: Yes
2024-10-14 17:26:42.398566 Bravo: No
ChatterBot Kilo reevaluating
ChatterBot Sierra reevaluating
ChatterBot Golf reevaluating
ChatterBot Sierra reevaluating
ChatterBot Golf reevaluating
ChatterBot Kilo reevaluating
ChatterBot Golf reevaluating
ChatterBot Kilo reevaluating
ChatterBot Sierra reevaluating
ChatterBot Golf reevaluating
ChatterBot Kilo reevaluating
ChatterBot Sierra reevaluating
ChatterBot Delta reevaluating
ChatterBot Golf reevaluating
2024-10-14 17:26:42.492651 Uniform: November, sending you 6
2024-10-14 17:26:42.493687 Oscar: Kilo and Bravo, sending you 5
2024-10-14 17:26:42.496700 Uniform: Lima, sending you 7
2024-10-14 17:26:42.499664 Oscar: Sierra, sending you 2
2024-10-14 17:26:42.505679 Oscar: Quebec, sending you 1
2024-10-14 17:26:42.510669 Kilo: Sierra, Quebec, Delta, Oscar and Bravo, sending you 2
chatterbot Bravo submitting transactions
2024-10-14 17:26:42.511771 Delta: Kilo, Sierra, Quebec, Oscar and Bravo, sending you 1
2024-10-14 17:26:42.513659 Kilo: Golf, sending you 1
2024-10-14 17:26:42.517666 Golf: Kilo and Bravo, sending you 2
2024-10-14 17:26:42.520673 Golf: Sierra and Delta, sending you 3
2024-10-14 17:26:42.522682 Sierra: Kilo, Quebec, Delta and Golf, sending you 2
2024-10-14 17:26:42.525654 Golf: Quebec, sending you 8
2024-10-14 17:26:42.526651 Sierra: Oscar and Bravo, sending you 1
chatterbot Sierra submitting transactions
chatterbot Uniform submitting transactions
chatterbot Quebec submitting transactions
chatterbot Delta submitting transactions
chatterbot Kilo submitting transactions
chatterbot Lima submitting transactions
chatterbot Oscar submitting transactions
chatterbot November submitting transactions
chatterbot Golf submitting transactions
ChatterBot November round 11
ChatterBot Kilo round 11
ChatterBot Sierra round 11
ChatterBot Lima round 11
ChatterBot Quebec round 11
ChatterBot Delta round 11
ChatterBot Uniform round 11
ChatterBot Golf round 11
ChatterBot Oscar round 11
ChatterBot Bravo round 11
2024-10-14 17:26:43.527412 Kilo: We should drop Oscar
ChatterBot Delta reevaluating
2024-10-14 17:26:43.541806 Quebec: No
2024-10-14 17:26:43.541990 Sierra: No
2024-10-14 17:26:43.542129 Delta: Yes
2024-10-14 17:26:43.542262 Golf: No
2024-10-14 17:26:43.542387 Bravo: No
ChatterBot Sierra reevaluating
ChatterBot Delta reevaluating
ChatterBot Kilo reevaluating
ChatterBot Delta reevaluating
ChatterBot Kilo reevaluating
ChatterBot Sierra reevaluating
ChatterBot Kilo reevaluating
ChatterBot Sierra reevaluating
ChatterBot Delta reevaluating
ChatterBot Kilo reevaluating
ChatterBot Sierra reevaluating
ChatterBot Delta reevaluating
2024-10-14 17:26:43.615671 November: Lima, sending you 4
2024-10-14 17:26:43.616854 Quebec: Kilo, Sierra and Bravo, sending you 2
2024-10-14 17:26:43.617716 Uniform: November, sending you 6
2024-10-14 17:26:43.618104 Lima: November, sending you 4
2024-10-14 17:26:43.620142 November: Uniform, sending you 2
2024-10-14 17:26:43.620734 Quebec: Delta, sending you 1
2024-10-14 17:26:43.621691 Uniform: Lima, sending you 7
2024-10-14 17:26:43.622660 Lima: Uniform, sending you 3
2024-10-14 17:26:43.625702 Oscar: Kilo, sending you 6
2024-10-14 17:26:43.626431 Quebec: Golf, sending you 6
2024-10-14 17:26:43.627113 Golf: Kilo and Bravo, sending you 2
2024-10-14 17:26:43.628683 Bravo: Kilo, Sierra, Quebec, Golf and Oscar, sending you 2
2024-10-14 17:26:43.629244 Oscar: Sierra, sending you 3
2024-10-14 17:26:43.630690 Sierra: Kilo, Quebec and Golf, sending you 2
2024-10-14 17:26:43.631688 Golf: Sierra and Delta, sending you 3
2024-10-14 17:26:43.633652 Oscar: Bravo, sending you 5
2024-10-14 17:26:43.634680 Sierra: Delta, Uniform, Oscar and Bravo, sending you 1
2024-10-14 17:26:43.636654 Golf: Quebec, sending you 8
2024-10-14 17:26:43.640795 Delta: Kilo, Sierra, Quebec, Oscar and Bravo, sending you 1
2024-10-14 17:26:43.644674 Kilo: Sierra, Quebec, Delta, Oscar and Bravo, sending you 2
2024-10-14 17:26:43.645891 Delta: Golf, sending you 2
2024-10-14 17:26:43.648674 Kilo: Golf, sending you 1
chatterbot Kilo submitting transactions
chatterbot Quebec submitting transactions
chatterbot Golf submitting transactions
chatterbot Uniform submitting transactions
chatterbot Oscar submitting transactions
chatterbot November submitting transactions
chatterbot Lima submitting transactions
chatterbot Bravo submitting transactions
chatterbot Delta submitting transactions
chatterbot Sierra submitting transactions
ChatterBot November round 12
ChatterBot Kilo round 12
ChatterBot Sierra round 12
ChatterBot Lima round 12
ChatterBot Quebec round 12
ChatterBot Delta round 12
ChatterBot Uniform round 12
ChatterBot Golf round 12
ChatterBot Oscar round 12
ChatterBot Bravo round 12
2024-10-14 17:26:44.835979 Uniform: We should replace Oscar with Sierra
2024-10-14 17:26:44.841921 November: No
2024-10-14 17:26:44.842086 Lima: No
ChatterBot Uniform reevaluating
ChatterBot Uniform reevaluating
2024-10-14 17:26:44.873662 Lima: November, sending you 4
2024-10-14 17:26:44.876977 Lima: Uniform, sending you 3
2024-10-14 17:26:44.879664 Golf: Kilo and Bravo, sending you 2
2024-10-14 17:26:44.880684 Delta: Kilo and Golf, sending you 2
2024-10-14 17:26:44.882143 Kilo: Sierra, Quebec, Golf, Oscar and Bravo, sending you 2
2024-10-14 17:26:44.882907 November: Lima, sending you 4
2024-10-14 17:26:44.883290 Sierra: Kilo, Quebec, Delta, Golf and Bravo, sending you 2
2024-10-14 17:26:44.884321 Oscar: Kilo, sending you 5
2024-10-14 17:26:44.884976 Golf: Sierra and Delta, sending you 3
2024-10-14 17:26:44.885658 Quebec: Kilo, Sierra and Bravo, sending you 2
2024-10-14 17:26:44.886762 November: Uniform, sending you 2
2024-10-14 17:26:44.887129 Delta: Sierra, Quebec and Bravo, sending you 1
2024-10-14 17:26:44.887827 Bravo: Kilo, Sierra, Quebec, Golf and Oscar, sending you 2
2024-10-14 17:26:44.888501 Kilo: Delta, sending you 1
2024-10-14 17:26:44.889426 Uniform: November, sending you 6
2024-10-14 17:26:44.889837 Golf: Quebec, sending you 8
2024-10-14 17:26:44.890492 Oscar: Sierra, sending you 3
2024-10-14 17:26:44.891580 Quebec: Delta, sending you 1
2024-10-14 17:26:44.892676 Uniform: Lima, sending you 7
2024-10-14 17:26:44.893670 Oscar: Delta, sending you 2
2024-10-14 17:26:44.896685 Quebec: Golf, sending you 6
2024-10-14 17:26:44.899661 Oscar: Bravo, sending you 6
chatterbot Lima submitting transactions
chatterbot Delta submitting transactions
chatterbot Uniform submitting transactions
chatterbot November submitting transactions
chatterbot Golf submitting transactions
chatterbot Sierra submitting transactions
chatterbot Kilo submitting transactions
chatterbot Quebec submitting transactions
chatterbot Bravo submitting transactions
chatterbot Oscar submitting transactions
ChatterBot November round 13
ChatterBot Kilo round 13
ChatterBot Sierra round 13
ChatterBot Lima round 13
ChatterBot Quebec round 13
ChatterBot Delta round 13
ChatterBot Uniform round 13
ChatterBot Golf round 13
ChatterBot Oscar round 13
ChatterBot Bravo round 13
2024-10-14 17:26:46.118029 Oscar: We should drop Quebec
ChatterBot Sierra reevaluating
2024-10-14 17:26:46.131351 Kilo: No
2024-10-14 17:26:46.131562 Sierra: No
2024-10-14 17:26:46.131734 Delta: No
2024-10-14 17:26:46.131930 Golf: No
