ChatterBot November round 1
ChatterBot Golf round 1
ChatterBot Foxtrot round 1
randomSelections Golf: {Golf, Lima, Zulu, India, November} 
2024-10-14 17:26:28.219094 Golf: Friends?
ChatterBot November reevaluating
2024-10-14 17:26:28.221861 November: Yes
ChatterBot Bravo round 1
ChatterBot X-ray round 1
ChatterBot Victor round 1
ChatterBot India round 1
ChatterBot India reevaluating
ChatterBot India reevaluating
2024-10-14 17:26:28.282870 India: Yes
ChatterBot November reevaluating
ChatterBot Zulu round 1
ChatterBot Zulu reevaluating
ChatterBot Zulu reevaluating
ChatterBot Zulu reevaluating
2024-10-14 17:26:28.335017 Zulu: Yes
ChatterBot India reevaluating
ChatterBot November reevaluating
ChatterBot Alpha round 1
ChatterBot Lima round 1
ChatterBot Lima reevaluating
ChatterBot Lima reevaluating
ChatterBot Lima reevaluating
ChatterBot Lima reevaluating
2024-10-14 17:26:28.353826 Lima: Yes
ChatterBot Zulu reevaluating
ChatterBot India reevaluating
ChatterBot November reevaluating
randomSelections Foxtrot: {Foxtrot, November, Zulu, X-ray, Bravo, Lima} 
2024-10-14 17:26:28.363021 Foxtrot: Group up?
ChatterBot November reevaluating
ChatterBot Zulu reevaluating
ChatterBot X-ray reevaluating
ChatterBot Bravo reevaluating
ChatterBot Lima reevaluating
2024-10-14 17:26:28.373437 November: No
2024-10-14 17:26:28.373703 Zulu: No
2024-10-14 17:26:28.373877 X-ray: Yes
2024-10-14 17:26:28.374531 Bravo: Yes
2024-10-14 17:26:28.374678 Lima: No
ChatterBot Zulu reevaluating
ChatterBot X-ray reevaluating
ChatterBot Bravo reevaluating
ChatterBot Lima reevaluating
ChatterBot November reevaluating
ChatterBot X-ray reevaluating
ChatterBot Bravo reevaluating
ChatterBot Lima reevaluating
ChatterBot November reevaluating
ChatterBot Zulu reevaluating
ChatterBot Bravo reevaluating
ChatterBot Lima reevaluating
ChatterBot November reevaluating
ChatterBot Zulu reevaluating
ChatterBot X-ray reevaluating
ChatterBot Lima reevaluating
ChatterBot November reevaluating
ChatterBot Zulu reevaluating
ChatterBot X-ray reevaluating
ChatterBot Bravo reevaluating
randomSelections Victor: {Victor, India, Foxtrot, Alpha, X-ray, November, Lima} 
2024-10-14 17:26:28.423676 Victor: We would work well together
ChatterBot India reevaluating
ChatterBot Alpha reevaluating
ChatterBot X-ray reevaluating
ChatterBot November reevaluating
ChatterBot Lima reevaluating
2024-10-14 17:26:28.432731 India: No
2024-10-14 17:26:28.433362 Foxtrot: No
2024-10-14 17:26:28.433502 Alpha: Yes
2024-10-14 17:26:28.433638 X-ray: No
2024-10-14 17:26:28.433792 November: No
2024-10-14 17:26:28.433986 Lima: No
ChatterBot Alpha reevaluating
ChatterBot X-ray reevaluating
ChatterBot November reevaluating
ChatterBot Lima reevaluating
ChatterBot India reevaluating
ChatterBot Alpha reevaluating
ChatterBot X-ray reevaluating
ChatterBot November reevaluating
ChatterBot Lima reevaluating
ChatterBot India reevaluating
ChatterBot X-ray reevaluating
ChatterBot November reevaluating
ChatterBot Lima reevaluating
ChatterBot India reevaluating
ChatterBot Alpha reevaluating
ChatterBot November reevaluating
ChatterBot Lima reevaluating
ChatterBot India reevaluating
ChatterBot Alpha reevaluating
ChatterBot X-ray reevaluating
ChatterBot Lima reevaluating
ChatterBot India reevaluating
ChatterBot Alpha reevaluating
ChatterBot X-ray reevaluating
ChatterBot November reevaluating
2024-10-14 17:26:28.501098 Golf: November, sending you 7
2024-10-14 17:26:28.503675 Golf: India, sending you 3
2024-10-14 17:26:28.506674 X-ray: November, sending you 4
2024-10-14 17:26:28.507951 Golf: Zulu, sending you 2
2024-10-14 17:26:28.513285 India: Golf, sending you 2
2024-10-14 17:26:28.514970 November: Golf, sending you 2
2024-10-14 17:26:28.515337 Golf: Lima, sending you 6
2024-10-14 17:26:28.515738 Bravo: November, sending you 5
2024-10-14 17:26:28.516818 Alpha: November, X-ray and Victor, sending you 2
2024-10-14 17:26:28.517304 X-ray: Foxtrot, sending you 5
2024-10-14 17:26:28.517744 Foxtrot: November, Bravo, X-ray and Zulu, sending you 2
2024-10-14 17:26:28.519163 India: Zulu, sending you 1
2024-10-14 17:26:28.519590 November: India and Zulu, sending you 5
2024-10-14 17:26:28.520988 Alpha: Foxtrot and Lima, sending you 1
2024-10-14 17:26:28.521703 Bravo: Foxtrot, sending you 2
2024-10-14 17:26:28.521934 X-ray: Bravo and Zulu, sending you 2
2024-10-14 17:26:28.522946 Foxtrot: Lima, sending you 1
2024-10-14 17:26:28.523223 Victor: November and X-ray, sending you 2
2024-10-14 17:26:28.523536 Zulu: November, India and Lima, sending you 1
2024-10-14 17:26:28.523929 November: Lima, sending you 3
2024-10-14 17:26:28.524876 Lima: November and Golf, sending you 2
2024-10-14 17:26:28.525341 Alpha: India, sending you 3
2024-10-14 17:26:28.526280 Bravo: Zulu, sending you 1
2024-10-14 17:26:28.526661 X-ray: Lima, sending you 6
2024-10-14 17:26:28.527042 Zulu: Golf, sending you 3
2024-10-14 17:26:28.527900 Victor: Foxtrot and Lima, sending you 1
2024-10-14 17:26:28.530039 Lima: India, sending you 5
2024-10-14 17:26:28.530478 Bravo: Lima, sending you 4
2024-10-14 17:26:28.532674 Victor: Alpha, sending you 3
2024-10-14 17:26:28.533195 Lima: Zulu, sending you 1
chatterbot Victor submitting transactions
chatterbot Alpha submitting transactions
chatterbot November submitting transactions
chatterbot X-ray submitting transactions
chatterbot Golf submitting transactions
chatterbot Foxtrot submitting transactions
chatterbot Bravo submitting transactions
chatterbot India submitting transactions
chatterbot Lima submitting transactions
chatterbot Zulu submitting transactions
ChatterBot November round 2
ChatterBot Golf round 2
ChatterBot Foxtrot round 2
ChatterBot Bravo round 2
ChatterBot X-ray round 2
ChatterBot Victor round 2
ChatterBot India round 2
ChatterBot Zulu round 2
2024-10-14 17:26:29.550300 X-ray: Friends?
ChatterBot Foxtrot reevaluating
ChatterBot Bravo reevaluating
ChatterBot Victor reevaluating
ChatterBot Alpha reevaluating
2024-10-14 17:26:29.569039 Foxtrot: Yes
2024-10-14 17:26:29.569233 Bravo: No
2024-10-14 17:26:29.569388 Victor: Yes
2024-10-14 17:26:29.569532 Alpha: No
ChatterBot Bravo reevaluating
ChatterBot Victor reevaluating
ChatterBot Alpha reevaluating
ChatterBot Foxtrot reevaluating
ChatterBot Victor reevaluating
ChatterBot Alpha reevaluating
ChatterBot Foxtrot reevaluating
ChatterBot Bravo reevaluating
ChatterBot Alpha reevaluating
ChatterBot Foxtrot reevaluating
ChatterBot Bravo reevaluating
ChatterBot Victor reevaluating
2024-10-14 17:26:29.628568 Bravo: We would work well together
ChatterBot Foxtrot reevaluating
ChatterBot Alpha reevaluating
ChatterBot Victor reevaluating
2024-10-14 17:26:29.644567 X-ray: Yes
2024-10-14 17:26:29.644696 Foxtrot: Yes
2024-10-14 17:26:29.644840 Alpha: No
2024-10-14 17:26:29.645215 Victor: Yes
ChatterBot Foxtrot reevaluating
ChatterBot Bravo reevaluating
ChatterBot Victor reevaluating
ChatterBot Alpha reevaluating
ChatterBot Bravo reevaluating
ChatterBot Victor reevaluating
ChatterBot Alpha reevaluating
ChatterBot Foxtrot reevaluating
ChatterBot Bravo reevaluating
ChatterBot Victor reevaluating
ChatterBot Foxtrot reevaluating
ChatterBot Bravo reevaluating
ChatterBot Alpha reevaluating
ChatterBot Alpha round 2
ChatterBot Lima round 2
2024-10-14 17:26:29.733235 India: We should add Alpha
ChatterBot Lima reevaluating
ChatterBot Zulu reevaluating
2024-10-14 17:26:29.746977 Golf: No
2024-10-14 17:26:29.747183 Lima: No
2024-10-14 17:26:29.747314 Zulu: No
2024-10-14 17:26:29.747437 November: No
ChatterBot Lima reevaluating
ChatterBot Zulu reevaluating
ChatterBot Zulu reevaluating
ChatterBot India reevaluating
ChatterBot Lima reevaluating
ChatterBot India reevaluating
ChatterBot Lima reevaluating
ChatterBot Zulu reevaluating
ChatterBot India reevaluating
2024-10-14 17:26:29.823992 Alpha: Let's form a team
2024-10-14 17:26:29.875941 X-ray: Yes
2024-10-14 17:26:29.876896 Foxtrot: Yes
2024-10-14 17:26:29.877053 Bravo: Yes
2024-10-14 17:26:29.877304 Victor: Yes
2024-10-14 17:26:30.165033 X-ray: Foxtrot, Victor and Alpha, sending you 5
2024-10-14 17:26:30.166150 Victor: Foxtrot, Bravo and X-ray, sending you 3
2024-10-14 17:26:30.389152 November: Golf, sending you 7
2024-10-14 17:26:30.390219 Bravo: Foxtrot and X-ray, sending you 6
2024-10-14 17:26:30.390624 X-ray: Bravo, sending you 4
2024-10-14 17:26:30.390964 Alpha: Victor, sending you 7
2024-10-14 17:26:30.391758 Zulu: November, sending you 3
2024-10-14 17:26:30.392126 Victor: Alpha, sending you 4
2024-10-14 17:26:30.392891 Foxtrot: Sending you each 2
2024-10-14 17:26:30.393262 Golf: November, India and Lima, sending you 4
chatterbot Golf submitting transactions
chatterbot Foxtrot submitting transactions
chatterbot X-ray submitting transactions
2024-10-14 17:26:30.394444 November: Zulu, sending you 2
2024-10-14 17:26:30.764997 Zulu: Golf, India and Lima, sending you 1
2024-10-14 17:26:30.766456 Lima: Foxtrot and Bravo, sending you 3
2024-10-14 17:26:30.767158 Golf: Zulu, sending you 6
2024-10-14 17:26:30.768274 India: November, Golf and Lima, sending you 1
2024-10-14 17:26:30.769430 November: Lima, sending you 3
chatterbot Zulu submitting transactions
chatterbot Lima submitting transactions
2024-10-14 17:26:30.770935 Lima: X-ray, sending you 4
chatterbot Alpha submitting transactions
chatterbot India submitting transactions
chatterbot Bravo submitting transactions
chatterbot Victor submitting transactions
chatterbot November submitting transactions
ChatterBot November round 3
ChatterBot Golf round 3
ChatterBot Foxtrot round 3
ChatterBot Bravo round 3
ChatterBot X-ray round 3
ChatterBot Victor round 3
ChatterBot India round 3
2024-10-14 17:26:31.271011 Bravo: We should add Lima
ChatterBot X-ray reevaluating
ChatterBot Foxtrot reevaluating
ChatterBot Victor reevaluating
2024-10-14 17:26:31.327925 X-ray: Yes
2024-10-14 17:26:31.328193 Foxtrot: Yes
2024-10-14 17:26:31.328851 Victor: Yes
2024-10-14 17:26:31.329083 Alpha: No
ChatterBot Foxtrot reevaluating
ChatterBot Bravo reevaluating
ChatterBot Victor reevaluating
ChatterBot X-ray reevaluating
ChatterBot Bravo reevaluating
ChatterBot Victor reevaluating
ChatterBot X-ray reevaluating
ChatterBot Foxtrot reevaluating
ChatterBot Bravo reevaluating
ChatterBot X-ray reevaluating
ChatterBot Foxtrot reevaluating
ChatterBot Bravo reevaluating
ChatterBot Victor reevaluating
ChatterBot Zulu round 3
ChatterBot Alpha round 3
ChatterBot Lima round 3
2024-10-14 17:26:31.442244 Alpha: We should add Lima
ChatterBot X-ray reevaluating
ChatterBot Foxtrot reevaluating
ChatterBot Bravo reevaluating
2024-10-14 17:26:31.462203 X-ray: Yes
2024-10-14 17:26:31.462550 Foxtrot: No
2024-10-14 17:26:31.462919 Bravo: Yes
2024-10-14 17:26:31.463801 Victor: Yes
ChatterBot Foxtrot reevaluating
ChatterBot Bravo reevaluating
ChatterBot X-ray reevaluating
ChatterBot Bravo reevaluating
ChatterBot Alpha reevaluating
ChatterBot X-ray reevaluating
ChatterBot Foxtrot reevaluating
ChatterBot Alpha reevaluating
ChatterBot X-ray reevaluating
ChatterBot Foxtrot reevaluating
ChatterBot Bravo reevaluating
ChatterBot Alpha reevaluating
2024-10-14 17:26:31.550379 Bravo: Lima we want you to join our group
ChatterBot Lima reevaluating
2024-10-14 17:26:31.557651 Lima: No
ChatterBot Bravo reevaluating
ChatterBot Foxtrot reevaluating
ChatterBot Alpha reevaluating
2024-10-14 17:26:31.587973 Victor: Lima we want you to join our group
ChatterBot Lima reevaluating
2024-10-14 17:26:31.592669 Lima: No
ChatterBot Bravo reevaluating
ChatterBot Foxtrot reevaluating
ChatterBot Alpha reevaluating
2024-10-14 17:26:31.614951 X-ray: Lima we want you to join our group
ChatterBot Lima reevaluating
2024-10-14 17:26:31.619823 Lima: No
ChatterBot Foxtrot reevaluating
ChatterBot Alpha reevaluating
2024-10-14 17:26:31.643432 Zulu: November and Golf, sending you 2
2024-10-14 17:26:31.644206 November: Golf, sending you 7
2024-10-14 17:26:32.007881 India: November, Golf and Lima, sending you 1
2024-10-14 17:26:32.008866 Golf: November, sending you 9
2024-10-14 17:26:32.009310 Foxtrot: Lima we want you to join our group
ChatterBot Lima reevaluating
2024-10-14 17:26:32.017100 Lima: No
ChatterBot Foxtrot reevaluating
ChatterBot Alpha reevaluating
2024-10-14 17:26:32.050309 Zulu: India and Lima, sending you 1
2024-10-14 17:26:32.050822 November: India, sending you 1
2024-10-14 17:26:32.051840 Golf: India, sending you 3
2024-10-14 17:26:32.056680 November: Zulu, sending you 4
2024-10-14 17:26:32.057134 Victor: Foxtrot, X-ray and Alpha, sending you 3
2024-10-14 17:26:32.057499 X-ray: Foxtrot, Bravo, Victor and Lima, sending you 4
2024-10-14 17:26:32.058176 Golf: Zulu, sending you 4
2024-10-14 17:26:32.059850 November: Lima, sending you 2
2024-10-14 17:26:32.060676 Victor: Bravo and Lima, sending you 2
2024-10-14 17:26:32.061005 Golf: Lima, sending you 2
2024-10-14 17:26:32.063043 X-ray: Alpha, sending you 3
2024-10-14 17:26:32.072704 Alpha: Foxtrot, sending you 2
2024-10-14 17:26:32.075666 Bravo: Foxtrot and Lima, sending you 3
2024-10-14 17:26:32.076263 Lima: Foxtrot and Bravo, sending you 3
2024-10-14 17:26:32.076699 Alpha: X-ray, sending you 4
2024-10-14 17:26:32.077683 Foxtrot: Bravo, X-ray and Victor, sending you 2
2024-10-14 17:26:32.079651 Bravo: X-ray, sending you 4
2024-10-14 17:26:32.081671 Lima: X-ray, sending you 4
2024-10-14 17:26:32.081970 Alpha: Victor, sending you 5
2024-10-14 17:26:32.082777 Foxtrot: Alpha, sending you 1
2024-10-14 17:26:32.083187 Bravo: Victor, sending you 2
chatterbot Zulu submitting transactions
chatterbot Golf submitting transactions
chatterbot India submitting transactions
chatterbot Alpha submitting transactions
chatterbot Lima submitting transactions
chatterbot Foxtrot submitting transactions
chatterbot Bravo submitting transactions
chatterbot November submitting transactions
chatterbot Victor submitting transactions
chatterbot X-ray submitting transactions
ChatterBot November round 4
ChatterBot Golf round 4
ChatterBot Foxtrot round 4
ChatterBot Bravo round 4
ChatterBot X-ray round 4
ChatterBot Victor round 4
ChatterBot India round 4
ChatterBot Zulu round 4
ChatterBot Alpha round 4
2024-10-14 17:26:32.946278 Foxtrot: We should add Lima
ChatterBot X-ray reevaluating
ChatterBot Bravo reevaluating
ChatterBot Victor reevaluating
ChatterBot Alpha reevaluating
2024-10-14 17:26:32.958577 X-ray: Yes
2024-10-14 17:26:32.958771 Bravo: Yes
2024-10-14 17:26:32.958920 Victor: Yes
2024-10-14 17:26:32.959069 Alpha: Yes
ChatterBot Bravo reevaluating
ChatterBot Victor reevaluating
ChatterBot Alpha reevaluating
ChatterBot X-ray reevaluating
ChatterBot Victor reevaluating
ChatterBot Alpha reevaluating
ChatterBot X-ray reevaluating
ChatterBot Bravo reevaluating
ChatterBot Alpha reevaluating
ChatterBot X-ray reevaluating
ChatterBot Bravo reevaluating
ChatterBot Victor reevaluating
ChatterBot Lima round 4
2024-10-14 17:26:33.027266 November: We should drop Lima
2024-10-14 17:26:33.034200 Golf: Yes
2024-10-14 17:26:33.034376 India: No
2024-10-14 17:26:33.034521 Zulu: Yes
ChatterBot India reevaluating
ChatterBot India reevaluating
2024-10-14 17:26:33.128125 Foxtrot: Lima we want you to join our group
ChatterBot Lima reevaluating
2024-10-14 17:26:33.135534 Lima: No
ChatterBot Bravo reevaluating
ChatterBot X-ray reevaluating
ChatterBot Victor reevaluating
ChatterBot Alpha reevaluating
2024-10-14 17:26:33.171676 Alpha: Lima we want you to join our group
2024-10-14 17:26:33.176247 Lima: No
2024-10-14 17:26:33.190689 X-ray: Foxtrot, Bravo, Victor and Lima, sending you 4
2024-10-14 17:26:33.191948 November: Golf, sending you 7
2024-10-14 17:26:33.192684 Foxtrot: Bravo, X-ray, Victor and Lima, sending you 2
2024-10-14 17:26:33.193928 India: Sending you each 1
2024-10-14 17:26:33.194385 Victor: Foxtrot, Bravo, X-ray and Alpha, sending you 3
2024-10-14 17:26:33.194999 Bravo: Foxtrot and Lima, sending you 3
2024-10-14 17:26:33.196097 November: India, sending you 2
2024-10-14 17:26:33.196461 X-ray: Alpha, sending you 3
2024-10-14 17:26:33.197929 Foxtrot: Alpha, sending you 1
2024-10-14 17:26:33.198704 November: Zulu, sending you 4
2024-10-14 17:26:33.200296 Victor: Lima, sending you 1
2024-10-14 17:26:33.201136 Bravo: X-ray, sending you 4
2024-10-14 17:26:33.201844 Lima: November and Golf, sending you 3
2024-10-14 17:26:33.204679 Alpha: Foxtrot, sending you 2
2024-10-14 17:26:33.205702 Bravo: Victor, sending you 2
2024-10-14 17:26:33.206926 Zulu: November, sending you 3
2024-10-14 17:26:33.207375 Lima: India and Zulu, sending you 2
2024-10-14 17:26:33.208 Golf: November, sending you 11
2024-10-14 17:26:33.209687 Alpha: X-ray, sending you 4
2024-10-14 17:26:33.211056 Zulu: Golf, sending you 2
2024-10-14 17:26:33.211543 Golf: India, sending you 3
2024-10-14 17:26:33.213117 Alpha: Victor, sending you 5
2024-10-14 17:26:33.213658 Zulu: India, sending you 1
2024-10-14 17:26:33.217078 Golf: Zulu, sending you 4
chatterbot Golf submitting transactions
chatterbot Zulu submitting transactions
chatterbot Foxtrot submitting transactions
chatterbot Alpha submitting transactions
chatterbot X-ray submitting transactions
chatterbot Victor submitting transactions
chatterbot Bravo submitting transactions
chatterbot November submitting transactions
chatterbot Lima submitting transactions
chatterbot India submitting transactions
ChatterBot November round 5
ChatterBot Golf round 5
ChatterBot Foxtrot round 5
ChatterBot Bravo round 5
2024-10-14 17:26:34.316651 Golf: We should add Lima
ChatterBot November reevaluating
ChatterBot India reevaluating
2024-10-14 17:26:34.331312 November: Yes
2024-10-14 17:26:34.331625 India: Yes
2024-10-14 17:26:34.331926 Zulu: No
ChatterBot India reevaluating
ChatterBot Zulu reevaluating
ChatterBot November reevaluating
ChatterBot Zulu reevaluating
ChatterBot November reevaluating
ChatterBot Golf reevaluating
ChatterBot India reevaluating
ChatterBot X-ray round 5
ChatterBot Victor round 5
ChatterBot India round 5
ChatterBot Zulu round 5
ChatterBot Alpha round 5
ChatterBot Lima round 5
2024-10-14 17:26:34.432375 Lima: Let's form a team
2024-10-14 17:26:34.440061 Bravo: Yes
2024-10-14 17:26:34.440211 X-ray: Yes
2024-10-14 17:26:34.440327 Victor: Yes
2024-10-14 17:26:34.441183 Alpha: Yes
2024-10-14 17:26:34.475672 November: Golf, sending you 7
2024-10-14 17:26:34.479665 November: India and Lima, sending you 2
2024-10-14 17:26:34.484051 November: Zulu, sending you 3
2024-10-14 17:26:34.484684 Alpha: Foxtrot, sending you 2
2024-10-14 17:26:34.487661 Golf: November, sending you 11
2024-10-14 17:26:34.488661 Alpha: X-ray, sending you 4
2024-10-14 17:26:34.490669 X-ray: Foxtrot, Bravo, Victor and Alpha, sending you 4
2024-10-14 17:26:34.491198 Foxtrot: Sending you each 2
2024-10-14 17:26:34.491740 Alpha: Victor, sending you 5
2024-10-14 17:26:34.493074 Golf: India, sending you 3
2024-10-14 17:26:34.493446 Lima: Bravo and X-ray, sending you 3
2024-10-14 17:26:34.494010 X-ray: Lima, sending you 3
2024-10-14 17:26:34.494676 India: November, Golf and Lima, sending you 1
2024-10-14 17:26:34.495065 Zulu: November and Golf, sending you 2
2024-10-14 17:26:34.496078 Victor: Foxtrot, Bravo and X-ray, sending you 3
2024-10-14 17:26:34.496518 Bravo: Foxtrot and Victor, sending you 3
2024-10-14 17:26:34.497101 Golf: Zulu, sending you 4
2024-10-14 17:26:34.497358 Lima: Victor and Alpha, sending you 2
2024-10-14 17:26:34.497680 Zulu: India and Lima, sending you 1
2024-10-14 17:26:34.500686 Victor: Alpha, sending you 4
2024-10-14 17:26:34.502149 Bravo: X-ray, sending you 4
2024-10-14 17:26:34.505697 Bravo: Lima, sending you 2
chatterbot Bravo submitting transactions
chatterbot Lima submitting transactions
chatterbot X-ray submitting transactions
chatterbot Zulu submitting transactions
chatterbot Alpha submitting transactions
chatterbot India submitting transactions
chatterbot Golf submitting transactions
chatterbot November submitting transactions
chatterbot Victor submitting transactions
chatterbot Foxtrot submitting transactions
ChatterBot November round 6
ChatterBot Golf round 6
ChatterBot Foxtrot round 6
ChatterBot Bravo round 6
ChatterBot X-ray round 6
ChatterBot Victor round 6
ChatterBot India round 6
ChatterBot Zulu round 6
ChatterBot Alpha round 6
ChatterBot Lima round 6
2024-10-14 17:26:35.656234 November: We should drop Lima
ChatterBot India reevaluating
ChatterBot Zulu reevaluating
2024-10-14 17:26:35.666913 Golf: Yes
2024-10-14 17:26:35.667116 India: Yes
2024-10-14 17:26:35.667323 Zulu: Yes
ChatterBot India reevaluating
ChatterBot Zulu reevaluating
ChatterBot Zulu reevaluating
ChatterBot India reevaluating
2024-10-14 17:26:35.717678 November: Golf, sending you 7
2024-10-14 17:26:35.718688 X-ray: Foxtrot, sending you 3
2024-10-14 17:26:35.722685 November: India, sending you 1
2024-10-14 17:26:35.724698 X-ray: Bravo, Victor, Alpha and Lima, sending you 4
2024-10-14 17:26:35.725542 Golf: November, sending you 11
2024-10-14 17:26:35.726022 Foxtrot: Same as last round
2024-10-14 17:26:35.726908 November: Zulu, sending you 4
2024-10-14 17:26:35.727507 Bravo: Foxtrot and Victor, sending you 3
2024-10-14 17:26:35.728114 India: Sending you each 1
2024-10-14 17:26:35.729290 Alpha: Foxtrot, sending you 2
2024-10-14 17:26:35.729805 Lima: Bravo and X-ray, sending you 3
2024-10-14 17:26:35.730204 Golf: India, sending you 3
2024-10-14 17:26:35.730486 Victor: Foxtrot, Bravo, X-ray and Alpha, sending you 3
2024-10-14 17:26:35.730968 Bravo: X-ray, sending you 4
2024-10-14 17:26:35.731689 Zulu: November, sending you 3
2024-10-14 17:26:35.732692 Alpha: X-ray and Victor, sending you 4
2024-10-14 17:26:35.733094 Golf: Zulu, sending you 4
2024-10-14 17:26:35.733689 Lima: Victor and Alpha, sending you 2
2024-10-14 17:26:35.735373 Zulu: Golf, sending you 2
2024-10-14 17:26:35.735922 Victor: Lima, sending you 1
2024-10-14 17:26:35.736473 Bravo: Lima, sending you 2
2024-10-14 17:26:35.736964 Alpha: Lima, sending you 1
2024-10-14 17:26:35.739680 Zulu: India, sending you 1
chatterbot Bravo submitting transactions
chatterbot Golf submitting transactions
chatterbot X-ray submitting transactions
chatterbot Victor submitting transactions
chatterbot November submitting transactions
chatterbot Alpha submitting transactions
chatterbot India submitting transactions
chatterbot Foxtrot submitting transactions
chatterbot Lima submitting transactions
chatterbot Zulu submitting transactions
ChatterBot November round 7
ChatterBot Golf round 7
ChatterBot Foxtrot round 7
ChatterBot Bravo round 7
ChatterBot X-ray round 7
ChatterBot Victor round 7
ChatterBot India round 7
ChatterBot Zulu round 7
ChatterBot Alpha round 7
ChatterBot Lima round 7
2024-10-14 17:26:36.957750 Golf: We should drop India
2024-10-14 17:26:36.983340 November: No
2024-10-14 17:26:36.983545 Zulu: No
2024-10-14 17:26:37.006705 Bravo: Foxtrot, sending you 2
2024-10-14 17:26:37.009072 November: Golf, sending you 7
2024-10-14 17:26:37.010424 India: Same as last round
2024-10-14 17:26:37.011272 Victor: Foxtrot, Bravo, X-ray and Alpha, sending you 3
2024-10-14 17:26:37.012282 Foxtrot: Bravo, X-ray, Victor and Alpha, sending you 2
2024-10-14 17:26:37.013675 X-ray: Foxtrot, sending you 3
2024-10-14 17:26:37.014439 Bravo: X-ray, sending you 4
2024-10-14 17:26:37.015873 November: India, sending you 2
2024-10-14 17:26:37.016331 Victor: Lima, sending you 1
2024-10-14 17:26:37.017708 Foxtrot: Lima, sending you 1
2024-10-14 17:26:37.019567 X-ray: Bravo, Victor, Alpha and Lima, sending you 4
2024-10-14 17:26:37.020533 November: Zulu, sending you 4
2024-10-14 17:26:37.021842 Bravo: Victor and Lima, sending you 3
2024-10-14 17:26:37.022911 Zulu: November, sending you 3
2024-10-14 17:26:37.023476 Golf: November, sending you 13
2024-10-14 17:26:37.025691 Lima: Bravo and X-ray, sending you 3
2024-10-14 17:26:37.027670 Zulu: Golf, sending you 2
2024-10-14 17:26:37.028696 Golf: Zulu, sending you 5
2024-10-14 17:26:37.029746 Alpha: Foxtrot, sending you 2
2024-10-14 17:26:37.030679 Lima: Victor and Alpha, sending you 2
2024-10-14 17:26:37.032077 Zulu: India, sending you 1
2024-10-14 17:26:37.035667 Alpha: X-ray, sending you 3
2024-10-14 17:26:37.038716 Alpha: Victor, sending you 5
2024-10-14 17:26:37.044547 Alpha: Lima, sending you 1
chatterbot Golf submitting transactions
chatterbot Lima submitting transactions
chatterbot Zulu submitting transactions
chatterbot Bravo submitting transactions
chatterbot X-ray submitting transactions
chatterbot November submitting transactions
chatterbot India submitting transactions
chatterbot Victor submitting transactions
chatterbot Foxtrot submitting transactions
chatterbot Alpha submitting transactions
ChatterBot November round 8
ChatterBot Golf round 8
ChatterBot Foxtrot round 8
ChatterBot Bravo round 8
ChatterBot X-ray round 8
ChatterBot Victor round 8
ChatterBot India round 8
ChatterBot Zulu round 8
ChatterBot Alpha round 8
ChatterBot Lima round 8
2024-10-14 17:26:38.198721 November: Golf, sending you 6
2024-10-14 17:26:38.201673 November: India, sending you 2
2024-10-14 17:26:38.206674 November: Zulu, sending you 4
2024-10-14 17:26:38.208682 Bravo: Foxtrot, sending you 2
2024-10-14 17:26:38.211136 Foxtrot: Bravo, X-ray, Victor and Alpha, sending you 2
2024-10-14 17:26:38.211752 Golf: November, sending you 11
2024-10-14 17:26:38.212697 Victor: Foxtrot, Bravo, X-ray and Alpha, sending you 3
2024-10-14 17:26:38.213520 Bravo: X-ray, sending you 4
2024-10-14 17:26:38.214399 Zulu: Sending you each 2
2024-10-14 17:26:38.215705 India: Same as last round
2024-10-14 17:26:38.216696 Foxtrot: Lima, sending you 1
2024-10-14 17:26:38.217533 Golf: India, sending you 3
2024-10-14 17:26:38.217967 Victor: Lima, sending you 1
2024-10-14 17:26:38.218603 Lima: Bravo and X-ray, sending you 3
2024-10-14 17:26:38.219972 Bravo: Victor and Lima, sending you 3
2024-10-14 17:26:38.220703 X-ray: Foxtrot, sending you 3
2024-10-14 17:26:38.221444 Alpha: Foxtrot and Lima, sending you 2
2024-10-14 17:26:38.222681 Golf: Zulu, sending you 4
2024-10-14 17:26:38.223100 Lima: Victor and Alpha, sending you 2
2024-10-14 17:26:38.223721 X-ray: Bravo, Victor, Alpha and Lima, sending you 4
2024-10-14 17:26:38.226700 Alpha: X-ray, sending you 4
2024-10-14 17:26:38.231707 Alpha: Victor, sending you 3
chatterbot Victor submitting transactions
chatterbot Alpha submitting transactions
chatterbot India submitting transactions
chatterbot Bravo submitting transactions
chatterbot November submitting transactions
chatterbot Lima submitting transactions
chatterbot Golf submitting transactions
chatterbot X-ray submitting transactions
chatterbot Zulu submitting transactions
chatterbot Foxtrot submitting transactions
ChatterBot November round 9
ChatterBot Golf round 9
ChatterBot Foxtrot round 9
ChatterBot Bravo round 9
ChatterBot X-ray round 9
ChatterBot Victor round 9
ChatterBot India round 9
ChatterBot Zulu round 9
ChatterBot Alpha round 9
ChatterBot Lima round 9
2024-10-14 17:26:39.420656 November: Golf, sending you 6
2024-10-14 17:26:39.421668 Foxtrot: Bravo, X-ray, Victor and Alpha, sending you 2
2024-10-14 17:26:39.422677 Golf: November, sending you 11
2024-10-14 17:26:39.423837 November: India, sending you 1
2024-10-14 17:26:39.424667 Foxtrot: Lima, sending you 1
2024-10-14 17:26:39.426677 Golf: India, sending you 3
2024-10-14 17:26:39.428662 November: Zulu, sending you 4
2024-10-14 17:26:39.429675 Golf: Zulu, sending you 4
2024-10-14 17:26:39.434670 Bravo: Foxtrot, sending you 2
2024-10-14 17:26:39.436687 X-ray: Foxtrot, sending you 3
2024-10-14 17:26:39.437274 Alpha: Foxtrot and Lima, sending you 2
2024-10-14 17:26:39.439093 Victor: Foxtrot, Bravo, X-ray and Alpha, sending you 3
2024-10-14 17:26:39.439649 Zulu: Same as last round
2024-10-14 17:26:39.439998 Bravo: X-ray, sending you 4
2024-10-14 17:26:39.440459 India: Same as last round
2024-10-14 17:26:39.441670 Lima: Bravo and X-ray, sending you 3
2024-10-14 17:26:39.442380 X-ray: Bravo, Victor, Alpha and Lima, sending you 4
2024-10-14 17:26:39.442923 Alpha: X-ray, sending you 4
2024-10-14 17:26:39.443676 Bravo: Victor and Lima, sending you 3
2024-10-14 17:26:39.445433 Victor: Lima, sending you 1
2024-10-14 17:26:39.446312 Lima: Victor and Alpha, sending you 2
2024-10-14 17:26:39.447656 Alpha: Victor, sending you 3
chatterbot Bravo submitting transactions
chatterbot Foxtrot submitting transactions
chatterbot Zulu submitting transactions
chatterbot Golf submitting transactions
chatterbot November submitting transactions
chatterbot Alpha submitting transactions
chatterbot X-ray submitting transactions
chatterbot Lima submitting transactions
chatterbot India submitting transactions
chatterbot Victor submitting transactions
ChatterBot November round 10
ChatterBot Golf round 10
ChatterBot Foxtrot round 10
ChatterBot Bravo round 10
ChatterBot X-ray round 10
ChatterBot Victor round 10
ChatterBot India round 10
ChatterBot Zulu round 10
ChatterBot Alpha round 10
ChatterBot Lima round 10
2024-10-14 17:26:40.456667 Golf: November, sending you 11
2024-10-14 17:26:40.459680 Golf: India, sending you 3
2024-10-14 17:26:40.462670 November: Golf, sending you 6
2024-10-14 17:26:40.463052 Bravo: Foxtrot, sending you 2
2024-10-14 17:26:40.464694 Golf: Zulu, sending you 4
2024-10-14 17:26:40.465061 Foxtrot: Bravo, X-ray, Victor and Alpha, sending you 2
2024-10-14 17:26:40.466655 Bravo: X-ray, sending you 4
2024-10-14 17:26:40.467956 November: India, sending you 1
2024-10-14 17:26:40.468530 X-ray: Foxtrot, sending you 3
2024-10-14 17:26:40.469379 Foxtrot: Lima, sending you 1
2024-10-14 17:26:40.470121 India: Same as last round
2024-10-14 17:26:40.471124 Bravo: Victor and Lima, sending you 3
2024-10-14 17:26:40.471893 Zulu: Same as last round
2024-10-14 17:26:40.472723 November: Zulu, sending you 4
2024-10-14 17:26:40.473099 X-ray: Bravo, Victor, Alpha and Lima, sending you 4
2024-10-14 17:26:40.474160 Victor: Foxtrot, Bravo, X-ray and Alpha, sending you 3
2024-10-14 17:26:40.474750 Lima: Bravo and X-ray, sending you 3
2024-10-14 17:26:40.477691 Alpha: Foxtrot and Lima, sending you 2
2024-10-14 17:26:40.478796 Victor: Lima, sending you 1
2024-10-14 17:26:40.479436 Lima: Victor and Alpha, sending you 2
2024-10-14 17:26:40.481685 Alpha: X-ray, sending you 4
2024-10-14 17:26:40.485688 Alpha: Victor, sending you 3
chatterbot India submitting transactions
chatterbot X-ray submitting transactions
chatterbot Zulu submitting transactions
chatterbot Bravo submitting transactions
chatterbot Foxtrot submitting transactions
chatterbot Golf submitting transactions
chatterbot Lima submitting transactions
chatterbot November submitting transactions
chatterbot Victor submitting transactions
chatterbot Alpha submitting transactions
ChatterBot November round 11
ChatterBot Golf round 11
ChatterBot Foxtrot round 11
ChatterBot Bravo round 11
ChatterBot X-ray round 11
ChatterBot Victor round 11
ChatterBot India round 11
ChatterBot Zulu round 11
ChatterBot Alpha round 11
ChatterBot Lima round 11
2024-10-14 17:26:41.744697 November: Golf, sending you 6
2024-10-14 17:26:41.745683 Victor: Foxtrot, Bravo, X-ray and Alpha, sending you 3
2024-10-14 17:26:41.747712 India: Same as last round
2024-10-14 17:26:41.748277 Zulu: Same as last round
2024-10-14 17:26:41.748802 Foxtrot: Bravo, X-ray, Victor and Alpha, sending you 2
2024-10-14 17:26:41.750108 Golf: November, sending you 11
2024-10-14 17:26:41.750510 November: India, sending you 1
2024-10-14 17:26:41.750893 Alpha: Foxtrot and Lima, sending you 2
2024-10-14 17:26:41.751526 X-ray: Foxtrot, sending you 3
2024-10-14 17:26:41.752712 Victor: Lima, sending you 1
2024-10-14 17:26:41.753300 Bravo: Foxtrot, sending you 2
2024-10-14 17:26:41.753970 Lima: Bravo and X-ray, sending you 3
2024-10-14 17:26:41.754365 Foxtrot: Lima, sending you 1
2024-10-14 17:26:41.755866 Golf: India, sending you 3
2024-10-14 17:26:41.756307 Alpha: X-ray, sending you 4
2024-10-14 17:26:41.756912 November: Zulu, sending you 4
2024-10-14 17:26:41.757713 X-ray: Bravo, Victor, Alpha and Lima, sending you 4
2024-10-14 17:26:41.759126 Bravo: X-ray, sending you 4
2024-10-14 17:26:41.759963 Lima: Victor and Alpha, sending you 2
2024-10-14 17:26:41.760696 Golf: Zulu, sending you 4
2024-10-14 17:26:41.761840 Alpha: Victor, sending you 3
2024-10-14 17:26:41.762887 Bravo: Victor and Lima, sending you 3
chatterbot Bravo submitting transactions
chatterbot Foxtrot submitting transactions
chatterbot India submitting transactions
chatterbot Victor submitting transactions
chatterbot November submitting transactions
chatterbot Golf submitting transactions
chatterbot X-ray submitting transactions
chatterbot Lima submitting transactions
chatterbot Zulu submitting transactions
chatterbot Alpha submitting transactions
ChatterBot November round 12
ChatterBot Golf round 12
ChatterBot Foxtrot round 12
ChatterBot Bravo round 12
ChatterBot X-ray round 12
ChatterBot Victor round 12
ChatterBot India round 12
ChatterBot Zulu round 12
ChatterBot Alpha round 12
ChatterBot Lima round 12
2024-10-14 17:26:43.013162 November: Golf, sending you 6
2024-10-14 17:26:43.013982 Bravo: Foxtrot, sending you 2
2024-10-14 17:26:43.018667 November: India, sending you 1
2024-10-14 17:26:43.019671 Bravo: X-ray, sending you 4
2024-10-14 17:26:43.020515 Foxtrot: Bravo, X-ray, Victor and Alpha, sending you 2
2024-10-14 17:26:43.021189 Golf: November, sending you 11
2024-10-14 17:26:43.023659 November: Zulu, sending you 4
2024-10-14 17:26:43.024322 Bravo: Victor and Lima, sending you 3
2024-10-14 17:26:43.025674 Foxtrot: Lima, sending you 1
2024-10-14 17:26:43.027013 X-ray: Foxtrot, sending you 3
2024-10-14 17:26:43.027778 Golf: India, sending you 3
2024-10-14 17:26:43.028717 Lima: Bravo and X-ray, sending you 3
2024-10-14 17:26:43.031115 Zulu: Same as last round
2024-10-14 17:26:43.032007 Victor: Foxtrot, Bravo, X-ray and Alpha, sending you 3
2024-10-14 17:26:43.032717 X-ray: Bravo, Victor, Alpha and Lima, sending you 4
2024-10-14 17:26:43.033725 Golf: Zulu, sending you 4
2024-10-14 17:26:43.034146 Lima: Victor and Alpha, sending you 2
2024-10-14 17:26:43.034975 Alpha: Foxtrot and Lima, sending you 2
2024-10-14 17:26:43.036664 Victor: Lima, sending you 1
2024-10-14 17:26:43.037318 India: Same as last round
2024-10-14 17:26:43.040670 Alpha: X-ray, sending you 4
2024-10-14 17:26:43.044654 Alpha: Victor, sending you 3
chatterbot Bravo submitting transactions
chatterbot November submitting transactions
chatterbot Golf submitting transactions
chatterbot India submitting transactions
chatterbot Alpha submitting transactions
chatterbot Foxtrot submitting transactions
chatterbot Lima submitting transactions
chatterbot X-ray submitting transactions
chatterbot Zulu submitting transactions
chatterbot Victor submitting transactions
ChatterBot November round 13
ChatterBot Golf round 13
ChatterBot Foxtrot round 13
ChatterBot Bravo round 13
ChatterBot X-ray round 13
ChatterBot Victor round 13
ChatterBot India round 13
ChatterBot Zulu round 13
ChatterBot Alpha round 13
ChatterBot Lima round 13
2024-10-14 17:26:44.287702 November: Golf, sending you 6
2024-10-14 17:26:44.292666 November: India, sending you 1
2024-10-14 17:26:44.294744 Victor: Foxtrot, Bravo, X-ray and Alpha, sending you 3
2024-10-14 17:26:44.297035 X-ray: Foxtrot, sending you 3
2024-10-14 17:26:44.299244 November: Zulu, sending you 4
2024-10-14 17:26:44.300789 Zulu: Same as last round
2024-10-14 17:26:44.301708 Bravo: Foxtrot, sending you 2
2024-10-14 17:26:44.303256 Foxtrot: Bravo, X-ray, Victor and Alpha, sending you 2
2024-10-14 17:26:44.304788 Victor: Lima, sending you 1
2024-10-14 17:26:44.305823 X-ray: Bravo, Victor, Alpha and Lima, sending you 4
2024-10-14 17:26:44.307398 Lima: Bravo and X-ray, sending you 3
2024-10-14 17:26:44.308070 Bravo: X-ray, sending you 4
2024-10-14 17:26:44.309577 Foxtrot: Lima, sending you 1
2024-10-14 17:26:44.311168 Golf: November, sending you 11
2024-10-14 17:26:44.311990 Lima: Victor and Alpha, sending you 2
2024-10-14 17:26:44.313349 Alpha: Foxtrot and Lima, sending you 2
2024-10-14 17:26:44.315605 Bravo: Victor and Lima, sending you 3
2024-10-14 17:26:44.317398 Golf: India, sending you 3
2024-10-14 17:26:44.318048 India: Same as last round
2024-10-14 17:26:44.319252 Alpha: X-ray, sending you 4
2024-10-14 17:26:44.322678 Golf: Zulu, sending you 4
2024-10-14 17:26:44.324689 Alpha: Victor, sending you 3
chatterbot Bravo submitting transactions
chatterbot Lima submitting transactions
chatterbot Victor submitting transactions
chatterbot November submitting transactions
chatterbot Alpha submitting transactions
chatterbot Zulu submitting transactions
chatterbot X-ray submitting transactions
chatterbot Foxtrot submitting transactions
chatterbot Golf submitting transactions
chatterbot India submitting transactions
ChatterBot November round 14
ChatterBot Golf round 14
ChatterBot Foxtrot round 14
ChatterBot Bravo round 14
ChatterBot X-ray round 14
ChatterBot Victor round 14
ChatterBot India round 14
ChatterBot Zulu round 14
ChatterBot Alpha round 14
ChatterBot Lima round 14
2024-10-14 17:26:45.400696 Victor: Foxtrot, Bravo, X-ray and Alpha, sending you 3
2024-10-14 17:26:45.402710 Foxtrot: Bravo, X-ray, Victor and Alpha, sending you 2
2024-10-14 17:26:45.404096 Alpha: Foxtrot and Lima, sending you 2
2024-10-14 17:26:45.405668 November: Golf, sending you 6
2024-10-14 17:26:45.406723 India: Same as last round
2024-10-14 17:26:45.407184 Victor: Lima, sending you 1
2024-10-14 17:26:45.407930 Foxtrot: Lima, sending you 1
2024-10-14 17:26:45.409313 Alpha: X-ray, sending you 4
2024-10-14 17:26:45.410835 Bravo: Foxtrot, sending you 2
2024-10-14 17:26:45.411688 November: India, sending you 2
2024-10-14 17:26:45.412109 Zulu: Same as last round
2024-10-14 17:26:45.413245 Golf: November, sending you 11
2024-10-14 17:26:45.414689 Alpha: Victor, sending you 3
2024-10-14 17:26:45.416117 November: Zulu, sending you 4
2024-10-14 17:26:45.416731 Bravo: X-ray, sending you 4
2024-10-14 17:26:45.418057 X-ray: Foxtrot, sending you 3
2024-10-14 17:26:45.418907 Golf: India, sending you 3
2024-10-14 17:26:45.420671 Bravo: Victor and Lima, sending you 3
2024-10-14 17:26:45.421756 Lima: Bravo and X-ray, sending you 3
2024-10-14 17:26:45.423692 X-ray: Bravo, Victor, Alpha and Lima, sending you 4
2024-10-14 17:26:45.424827 Golf: Zulu, sending you 4
2024-10-14 17:26:45.425779 Lima: Victor and Alpha, sending you 2
chatterbot Lima submitting transactions
chatterbot X-ray submitting transactions
chatterbot November submitting transactions
chatterbot Alpha submitting transactions
chatterbot Foxtrot submitting transactions
chatterbot India submitting transactions
chatterbot Golf submitting transactions
chatterbot Bravo submitting transactions
chatterbot Victor submitting transactions
chatterbot Zulu submitting transactions
ChatterBot November round 15
ChatterBot Golf round 15
ChatterBot Foxtrot round 15
ChatterBot Bravo round 15
ChatterBot X-ray round 15
ChatterBot Victor round 15
ChatterBot India round 15
ChatterBot Zulu round 15
ChatterBot Alpha round 15
ChatterBot Lima round 15
2024-10-14 17:26:46.568666 November: Golf, sending you 6
2024-10-14 17:26:46.571690 November: India, sending you 2
2024-10-14 17:26:46.572663 Bravo: Foxtrot, sending you 2
2024-10-14 17:26:46.575690 Victor: Foxtrot, Bravo, X-ray and Alpha, sending you 3
2024-10-14 17:26:46.577262 November: Zulu, sending you 4
2024-10-14 17:26:46.577886 Bravo: X-ray, sending you 4
2024-10-14 17:26:46.579599 X-ray: Foxtrot, sending you 3
2024-10-14 17:26:46.581514 Golf: November, sending you 11
2024-10-14 17:26:46.582588 Victor: Lima, sending you 1
2024-10-14 17:26:46.583586 Zulu: Same as last round
2024-10-14 17:26:46.584337 Bravo: Victor and Lima, sending you 3
2024-10-14 17:26:46.585314 X-ray: Bravo, Victor, Alpha and Lima, sending you 4
2024-10-14 17:26:46.586777 Foxtrot: Bravo, X-ray, Victor and Alpha, sending you 2
2024-10-14 17:26:46.587823 India: Same as last round
2024-10-14 17:26:46.588376 Golf: India, sending you 3
2024-10-14 17:26:46.589749 Alpha: Foxtrot and Lima, sending you 2
2024-10-14 17:26:46.591889 Foxtrot: Lima, sending you 1
2024-10-14 17:26:46.594590 Golf: Zulu, sending you 4
2024-10-14 17:26:46.596251 Lima: Bravo and X-ray, sending you 3
2024-10-14 17:26:46.597778 Alpha: X-ray, sending you 4
