ChatterBot Oscar round 1
ChatterBot Foxtrot round 1
ChatterBot Golf round 1
ChatterBot Quebec round 1
randomSelections Golf: {Golf, Lima, Romeo, Oscar, Delta, Whiskey, Foxtrot} 
2024-10-14 17:26:28.252997 Golf: Group up?
ChatterBot Oscar reevaluating
ChatterBot Foxtrot reevaluating
2024-10-14 17:26:28.302468 Oscar: Yes
2024-10-14 17:26:28.302770 Foxtrot: Yes
ChatterBot Foxtrot reevaluating
ChatterBot Oscar reevaluating
ChatterBot Delta round 1
ChatterBot Delta reevaluating
ChatterBot Delta reevaluating
ChatterBot Delta reevaluating
2024-10-14 17:26:28.345649 Delta: Yes
ChatterBot Oscar reevaluating
ChatterBot Foxtrot reevaluating
ChatterBot Romeo round 1
ChatterBot Romeo reevaluating
ChatterBot Romeo reevaluating
ChatterBot Romeo reevaluating
ChatterBot Romeo reevaluating
2024-10-14 17:26:28.365160 Romeo: Yes
ChatterBot Oscar reevaluating
ChatterBot Delta reevaluating
ChatterBot Foxtrot reevaluating
ChatterBot Hotel round 1
ChatterBot Lima round 1
ChatterBot Lima reevaluating
ChatterBot Lima reevaluating
ChatterBot Lima reevaluating
ChatterBot Lima reevaluating
ChatterBot Lima reevaluating
2024-10-14 17:26:28.381525 Lima: Yes
ChatterBot Romeo reevaluating
ChatterBot Oscar reevaluating
ChatterBot Delta reevaluating
ChatterBot Foxtrot reevaluating
ChatterBot Whiskey round 1
ChatterBot Whiskey reevaluating
ChatterBot Whiskey reevaluating
ChatterBot Whiskey reevaluating
ChatterBot Whiskey reevaluating
ChatterBot Whiskey reevaluating
ChatterBot Whiskey reevaluating
2024-10-14 17:26:28.400421 Whiskey: Yes
ChatterBot Lima reevaluating
ChatterBot Romeo reevaluating
ChatterBot Oscar reevaluating
ChatterBot Delta reevaluating
ChatterBot Foxtrot reevaluating
ChatterBot Kilo round 1
randomSelections Quebec: {Quebec, Delta, Oscar, Lima, Whiskey, Hotel, Kilo, Golf} 
2024-10-14 17:26:28.415290 Quebec: Group up?
ChatterBot Delta reevaluating
ChatterBot Oscar reevaluating
ChatterBot Lima reevaluating
ChatterBot Whiskey reevaluating
ChatterBot Hotel reevaluating
ChatterBot Kilo reevaluating
2024-10-14 17:26:28.426423 Delta: No
2024-10-14 17:26:28.426585 Oscar: No
2024-10-14 17:26:28.426730 Lima: No
2024-10-14 17:26:28.426879 Whiskey: No
2024-10-14 17:26:28.427505 Hotel: Yes
2024-10-14 17:26:28.427632 Kilo: Yes
2024-10-14 17:26:28.427746 Golf: No
ChatterBot Oscar reevaluating
ChatterBot Lima reevaluating
ChatterBot Whiskey reevaluating
ChatterBot Hotel reevaluating
ChatterBot Kilo reevaluating
ChatterBot Delta reevaluating
ChatterBot Lima reevaluating
ChatterBot Whiskey reevaluating
ChatterBot Hotel reevaluating
ChatterBot Kilo reevaluating
ChatterBot Delta reevaluating
ChatterBot Oscar reevaluating
ChatterBot Whiskey reevaluating
ChatterBot Hotel reevaluating
ChatterBot Kilo reevaluating
ChatterBot Delta reevaluating
ChatterBot Oscar reevaluating
ChatterBot Lima reevaluating
ChatterBot Hotel reevaluating
ChatterBot Kilo reevaluating
ChatterBot Delta reevaluating
ChatterBot Oscar reevaluating
ChatterBot Lima reevaluating
ChatterBot Whiskey reevaluating
ChatterBot Kilo reevaluating
ChatterBot Delta reevaluating
ChatterBot Oscar reevaluating
ChatterBot Lima reevaluating
ChatterBot Whiskey reevaluating
ChatterBot Hotel reevaluating
ChatterBot Delta reevaluating
ChatterBot Oscar reevaluating
ChatterBot Lima reevaluating
ChatterBot Whiskey reevaluating
ChatterBot Hotel reevaluating
ChatterBot Kilo reevaluating
2024-10-14 17:26:28.549697 Golf: Oscar, Foxtrot, Delta, Romeo, Lima and Whiskey, sending you 2
2024-10-14 17:26:28.558269 Foxtrot: Oscar, Romeo and Whiskey, sending you 3
2024-10-14 17:26:28.558734 Romeo: Oscar, sending you 4
2024-10-14 17:26:28.559120 Oscar: Foxtrot, sending you 2
2024-10-14 17:26:28.559458 Whiskey: Oscar and Delta, sending you 2
2024-10-14 17:26:28.564100 Hotel: Oscar and Lima, sending you 1
2024-10-14 17:26:28.564523 Romeo: Foxtrot and Whiskey, sending you 1
2024-10-14 17:26:28.564910 Oscar: Golf, Delta, Romeo and Whiskey, sending you 3
2024-10-14 17:26:28.566640 Foxtrot: Delta and Lima, sending you 1
2024-10-14 17:26:28.567143 Lima: Oscar, sending you 2
2024-10-14 17:26:28.568037 Delta: Oscar and Golf, sending you 3
2024-10-14 17:26:28.568703 Whiskey: Foxtrot, Golf and Romeo, sending you 1
2024-10-14 17:26:28.569229 Quebec: Golf and Kilo, sending you 1
2024-10-14 17:26:28.569676 Hotel: Golf, sending you 5
2024-10-14 17:26:28.570131 Romeo: Golf and Lima, sending you 2
2024-10-14 17:26:28.574948 Oscar: Lima, sending you 1
2024-10-14 17:26:28.575405 Kilo: Oscar, Quebec and Hotel, sending you 1
2024-10-14 17:26:28.575935 Delta: Foxtrot, sending you 2
2024-10-14 17:26:28.578540 Lima: Foxtrot, sending you 4
2024-10-14 17:26:28.578954 Hotel: Quebec, sending you 3
2024-10-14 17:26:28.579431 Quebec: Delta, sending you 6
2024-10-14 17:26:28.581718 Romeo: Delta, sending you 3
2024-10-14 17:26:28.582187 Kilo: Delta and Lima, sending you 2
2024-10-14 17:26:28.586117 Delta: Romeo, sending you 1
2024-10-14 17:26:28.587209 Hotel: Whiskey and Kilo, sending you 2
2024-10-14 17:26:28.587724 Lima: Golf and Whiskey, sending you 3
2024-10-14 17:26:28.588180 Quebec: Lima, sending you 2
2024-10-14 17:26:28.590628 Delta: Lima, sending you 5
2024-10-14 17:26:28.591110 Quebec: Whiskey, sending you 5
2024-10-14 17:26:28.593300 Lima: Delta and Romeo, sending you 1
chatterbot Quebec submitting transactions
chatterbot Oscar submitting transactions
chatterbot Foxtrot submitting transactions
chatterbot Lima submitting transactions
chatterbot Kilo submitting transactions
chatterbot Golf submitting transactions
chatterbot Hotel submitting transactions
chatterbot Whiskey submitting transactions
chatterbot Romeo submitting transactions
chatterbot Delta submitting transactions
ChatterBot Oscar round 2
ChatterBot Foxtrot round 2
ChatterBot Golf round 2
ChatterBot Quebec round 2
ChatterBot Delta round 2
ChatterBot Romeo round 2
ChatterBot Hotel round 2
ChatterBot Lima round 2
2024-10-14 17:26:29.692287 Quebec: We should group up
ChatterBot Hotel reevaluating
ChatterBot Kilo reevaluating
2024-10-14 17:26:29.711494 Hotel: Yes
2024-10-14 17:26:29.712187 Kilo: No
ChatterBot Kilo reevaluating
ChatterBot Hotel reevaluating
ChatterBot Whiskey round 2
ChatterBot Kilo round 2
2024-10-14 17:26:29.749013 Golf: We should add Hotel
ChatterBot Lima reevaluating
ChatterBot Delta reevaluating
ChatterBot Whiskey reevaluating
2024-10-14 17:26:29.766579 Lima: No
2024-10-14 17:26:29.766779 Romeo: No
2024-10-14 17:26:29.766933 Oscar: No
2024-10-14 17:26:29.767074 Delta: No
2024-10-14 17:26:29.767531 Whiskey: No
2024-10-14 17:26:29.767667 Foxtrot: No
ChatterBot Golf reevaluating
ChatterBot Delta reevaluating
ChatterBot Whiskey reevaluating
ChatterBot Golf reevaluating
ChatterBot Lima reevaluating
ChatterBot Delta reevaluating
ChatterBot Whiskey reevaluating
ChatterBot Golf reevaluating
ChatterBot Lima reevaluating
ChatterBot Delta reevaluating
ChatterBot Whiskey reevaluating
ChatterBot Golf reevaluating
ChatterBot Lima reevaluating
ChatterBot Whiskey reevaluating
ChatterBot Golf reevaluating
ChatterBot Lima reevaluating
ChatterBot Delta reevaluating
ChatterBot Golf reevaluating
ChatterBot Lima reevaluating
ChatterBot Delta reevaluating
ChatterBot Whiskey reevaluating
2024-10-14 17:26:29.959609 Delta: We should add Quebec
ChatterBot Golf reevaluating
ChatterBot Lima reevaluating
ChatterBot Whiskey reevaluating
2024-10-14 17:26:29.991691 Golf: No
2024-10-14 17:26:29.992387 Lima: Yes
2024-10-14 17:26:29.992702 Romeo: No
2024-10-14 17:26:29.992996 Oscar: No
2024-10-14 17:26:29.993762 Whiskey: No
2024-10-14 17:26:29.994010 Foxtrot: No
ChatterBot Lima reevaluating
ChatterBot Delta reevaluating
ChatterBot Whiskey reevaluating
ChatterBot Golf reevaluating
ChatterBot Delta reevaluating
ChatterBot Whiskey reevaluating
ChatterBot Golf reevaluating
ChatterBot Lima reevaluating
ChatterBot Delta reevaluating
ChatterBot Whiskey reevaluating
ChatterBot Golf reevaluating
ChatterBot Lima reevaluating
ChatterBot Delta reevaluating
ChatterBot Whiskey reevaluating
ChatterBot Golf reevaluating
ChatterBot Lima reevaluating
ChatterBot Delta reevaluating
ChatterBot Golf reevaluating
ChatterBot Lima reevaluating
ChatterBot Delta reevaluating
ChatterBot Whiskey reevaluating
2024-10-14 17:26:30.588525 Foxtrot: Oscar, Golf and Delta, sending you 2
2024-10-14 17:26:30.589144 Lima: Quebec we want you to join our group
2024-10-14 17:26:30.592377 Quebec: No
ChatterBot Golf reevaluating
2024-10-14 17:26:30.612452 Delta: We should drop Whiskey
ChatterBot Golf reevaluating
2024-10-14 17:26:30.626415 Oscar: No
2024-10-14 17:26:30.626622 Foxtrot: No
2024-10-14 17:26:30.626774 Golf: No
2024-10-14 17:26:30.626929 Romeo: No
2024-10-14 17:26:30.627109 Lima: No
ChatterBot Golf reevaluating
ChatterBot Delta reevaluating
ChatterBot Golf reevaluating
ChatterBot Lima reevaluating
ChatterBot Delta reevaluating
ChatterBot Lima reevaluating
ChatterBot Delta reevaluating
ChatterBot Golf reevaluating
ChatterBot Lima reevaluating
ChatterBot Delta reevaluating
ChatterBot Golf reevaluating
chatterbot Oscar submitting transactions
chatterbot Foxtrot submitting transactions
chatterbot Romeo submitting transactions
2024-10-14 17:26:30.775172 Oscar: Foxtrot, Golf, Delta, Lima and Whiskey, sending you 3
2024-10-14 17:26:30.775998 Foxtrot: Romeo and Whiskey, sending you 1
2024-10-14 17:26:30.777135 Romeo: Oscar and Foxtrot, sending you 3
2024-10-14 17:26:30.778278 Quebec: Hotel, sending you 9
chatterbot Quebec submitting transactions
2024-10-14 17:26:30.778968 Hotel: Quebec and Kilo, sending you 5
2024-10-14 17:26:30.779999 Oscar: Romeo, sending you 2
2024-10-14 17:26:30.780523 Foxtrot: Lima, sending you 3
2024-10-14 17:26:31.015300 Romeo: Golf, Delta and Lima, sending you 2
2024-10-14 17:26:31.016437 Whiskey: Oscar, sending you 2
2024-10-14 17:26:31.017502 Quebec: Kilo, sending you 4
2024-10-14 17:26:31.017810 Kilo: Quebec, sending you 3
2024-10-14 17:26:31.018831 Hotel: Whiskey, sending you 4
chatterbot Kilo submitting transactions
chatterbot Hotel submitting transactions
2024-10-14 17:26:31.184889 Whiskey: Foxtrot, Golf, Delta, Romeo and Lima, sending you 1
2024-10-14 17:26:31.186094 Romeo: Whiskey, sending you 1
2024-10-14 17:26:31.186731 Kilo: Hotel, sending you 4
chatterbot Whiskey submitting transactions
chatterbot Delta submitting transactions
2024-10-14 17:26:31.231404 Golf: Oscar, Delta, Romeo and Lima, sending you 2
2024-10-14 17:26:31.253751 Golf: Whiskey, sending you 1
2024-10-14 17:26:31.257268 Delta: Oscar, Foxtrot, Golf and Romeo, sending you 3
2024-10-14 17:26:31.343840 Delta: Lima, sending you 2
chatterbot Lima submitting transactions
chatterbot Golf submitting transactions
ChatterBot Oscar round 3
ChatterBot Foxtrot round 3
ChatterBot Golf round 3
ChatterBot Quebec round 3
ChatterBot Delta round 3
ChatterBot Romeo round 3
ChatterBot Hotel round 3
ChatterBot Lima round 3
ChatterBot Whiskey round 3
ChatterBot Kilo round 3
2024-10-14 17:26:31.994317 Oscar: Foxtrot, Golf, Delta, Lima and Whiskey, sending you 3
2024-10-14 17:26:31.996769 Romeo: Oscar, sending you 3
2024-10-14 17:26:31.998767 Hotel: Quebec and Kilo, sending you 5
2024-10-14 17:26:31.999642 Quebec: Hotel, sending you 9
2024-10-14 17:26:32.000582 Whiskey: Oscar, sending you 2
2024-10-14 17:26:32.001193 Kilo: Quebec, sending you 3
2024-10-14 17:26:32.002122 Delta: Oscar, Golf, Romeo and Lima, sending you 3
2024-10-14 17:26:32.002649 Oscar: Romeo, sending you 2
2024-10-14 17:26:32.004016 Romeo: Foxtrot, Golf, Delta, Lima and Whiskey, sending you 2
2024-10-14 17:26:32.004819 Golf: Oscar, Delta, Romeo and Lima, sending you 2
2024-10-14 17:26:32.006086 Quebec: Kilo, sending you 6
2024-10-14 17:26:32.006465 Foxtrot: Oscar, Romeo and Lima, sending you 2
2024-10-14 17:26:32.007628 Lima: Oscar, sending you 3
2024-10-14 17:26:32.008688 Whiskey: Foxtrot, Golf, Delta, Romeo and Lima, sending you 1
2024-10-14 17:26:32.009330 Kilo: Hotel, sending you 4
2024-10-14 17:26:32.010182 Delta: Foxtrot, sending you 2
2024-10-14 17:26:32.010645 Golf: Foxtrot and Whiskey, sending you 1
2024-10-14 17:26:32.011708 Foxtrot: Golf and Whiskey, sending you 1
2024-10-14 17:26:32.016782 Lima: Foxtrot, Golf and Romeo, sending you 2
2024-10-14 17:26:32.017497 Foxtrot: Delta, sending you 3
2024-10-14 17:26:32.022281 Lima: Delta, sending you 4
2024-10-14 17:26:32.029190 Lima: Whiskey, sending you 1
chatterbot Oscar submitting transactions
chatterbot Romeo submitting transactions
chatterbot Foxtrot submitting transactions
chatterbot Delta submitting transactions
chatterbot Golf submitting transactions
chatterbot Lima submitting transactions
chatterbot Whiskey submitting transactions
chatterbot Quebec submitting transactions
chatterbot Kilo submitting transactions
chatterbot Hotel submitting transactions
ChatterBot Oscar round 4
ChatterBot Foxtrot round 4
ChatterBot Golf round 4
ChatterBot Quebec round 4
ChatterBot Delta round 4
ChatterBot Romeo round 4
ChatterBot Hotel round 4
ChatterBot Lima round 4
ChatterBot Whiskey round 4
ChatterBot Kilo round 4
2024-10-14 17:26:33.186663 Golf: Oscar, Delta, Romeo and Lima, sending you 2
2024-10-14 17:26:33.188311 Foxtrot: Oscar, sending you 3
2024-10-14 17:26:33.192663 Golf: Foxtrot and Whiskey, sending you 1
2024-10-14 17:26:33.194267 Foxtrot: Golf and Whiskey, sending you 1
2024-10-14 17:26:33.195760 Oscar: Foxtrot, Golf, Delta, Lima and Whiskey, sending you 3
2024-10-14 17:26:33.196665 Delta: Oscar, Foxtrot, Romeo and Lima, sending you 3
2024-10-14 17:26:33.198065 Lima: Oscar and Delta, sending you 3
2024-10-14 17:26:33.200229 Foxtrot: Delta, Romeo and Lima, sending you 2
2024-10-14 17:26:33.201256 Hotel: Quebec, sending you 4
2024-10-14 17:26:33.201870 Oscar: Romeo, sending you 2
2024-10-14 17:26:33.203299 Delta: Golf, sending you 2
2024-10-14 17:26:33.203820 Lima: Foxtrot, Golf, Romeo and Whiskey, sending you 2
2024-10-14 17:26:33.205045 Romeo: Oscar, Foxtrot, Golf, Lima and Whiskey, sending you 2
2024-10-14 17:26:33.205942 Whiskey: Oscar, sending you 2
2024-10-14 17:26:33.207349 Quebec: Hotel, sending you 9
2024-10-14 17:26:33.207908 Hotel: Kilo, sending you 5
2024-10-14 17:26:33.209709 Whiskey: Foxtrot, Golf, Delta, Romeo and Lima, sending you 1
2024-10-14 17:26:33.211270 Romeo: Delta, sending you 3
2024-10-14 17:26:33.213106 Quebec: Kilo, sending you 6
2024-10-14 17:26:33.214660 Kilo: Quebec, sending you 3
2024-10-14 17:26:33.219661 Kilo: Hotel, sending you 4
chatterbot Whiskey submitting transactions
chatterbot Romeo submitting transactions
chatterbot Foxtrot submitting transactions
chatterbot Oscar submitting transactions
chatterbot Quebec submitting transactions
chatterbot Golf submitting transactions
chatterbot Lima submitting transactions
chatterbot Hotel submitting transactions
chatterbot Kilo submitting transactions
chatterbot Delta submitting transactions
ChatterBot Oscar round 5
ChatterBot Foxtrot round 5
ChatterBot Golf round 5
ChatterBot Quebec round 5
ChatterBot Delta round 5
ChatterBot Romeo round 5
ChatterBot Hotel round 5
2024-10-14 17:26:34.313481 Hotel: We should replace Whiskey with Romeo
2024-10-14 17:26:34.320340 Quebec: No
2024-10-14 17:26:34.320575 Kilo: No
ChatterBot Hotel reevaluating
ChatterBot Hotel reevaluating
ChatterBot Lima round 5
ChatterBot Whiskey round 5
ChatterBot Kilo round 5
2024-10-14 17:26:34.373690 Oscar: Sending you each 3
2024-10-14 17:26:34.384639 Hotel: Quebec, sending you 4
2024-10-14 17:26:34.385134 Golf: Oscar, Delta, Romeo and Lima, sending you 2
2024-10-14 17:26:34.387928 Hotel: Kilo, sending you 5
2024-10-14 17:26:34.388686 Foxtrot: Oscar, sending you 3
2024-10-14 17:26:34.389581 Golf: Foxtrot and Whiskey, sending you 1
2024-10-14 17:26:34.391005 Romeo: Oscar, Foxtrot, Golf, Lima and Whiskey, sending you 2
2024-10-14 17:26:34.392251 Whiskey: Oscar, sending you 2
2024-10-14 17:26:34.394176 Delta: Oscar, Golf, Romeo and Lima, sending you 3
2024-10-14 17:26:34.394947 Kilo: Quebec, sending you 3
2024-10-14 17:26:34.395473 Foxtrot: Golf and Whiskey, sending you 1
2024-10-14 17:26:34.397355 Quebec: Hotel, sending you 9
2024-10-14 17:26:34.397873 Lima: Oscar and Delta, sending you 3
2024-10-14 17:26:34.399101 Romeo: Delta, sending you 3
2024-10-14 17:26:34.400889 Kilo: Hotel, sending you 4
2024-10-14 17:26:34.401308 Whiskey: Foxtrot, Golf, Delta, Romeo and Lima, sending you 1
2024-10-14 17:26:34.402895 Delta: Foxtrot, sending you 2
2024-10-14 17:26:34.403641 Foxtrot: Delta, Romeo and Lima, sending you 2
2024-10-14 17:26:34.405003 Quebec: Kilo, sending you 6
2024-10-14 17:26:34.405569 Lima: Foxtrot, Golf, Romeo and Whiskey, sending you 2
chatterbot Kilo submitting transactions
chatterbot Quebec submitting transactions
chatterbot Oscar submitting transactions
chatterbot Whiskey submitting transactions
chatterbot Romeo submitting transactions
chatterbot Hotel submitting transactions
chatterbot Foxtrot submitting transactions
chatterbot Lima submitting transactions
chatterbot Delta submitting transactions
chatterbot Golf submitting transactions
ChatterBot Oscar round 6
ChatterBot Foxtrot round 6
ChatterBot Golf round 6
ChatterBot Quebec round 6
ChatterBot Delta round 6
ChatterBot Romeo round 6
ChatterBot Hotel round 6
ChatterBot Lima round 6
ChatterBot Whiskey round 6
ChatterBot Kilo round 6
2024-10-14 17:26:35.653147 Foxtrot: Oscar, sending you 3
2024-10-14 17:26:35.658673 Foxtrot: Golf and Whiskey, sending you 1
2024-10-14 17:26:35.659913 Kilo: Quebec, sending you 3
2024-10-14 17:26:35.661135 Golf: Oscar, Delta, Romeo and Lima, sending you 2
2024-10-14 17:26:35.662296 Oscar: Same as last round
2024-10-14 17:26:35.664269 Hotel: Quebec, sending you 4
2024-10-14 17:26:35.664801 Delta: Oscar, Golf, Romeo and Lima, sending you 3
2024-10-14 17:26:35.665374 Romeo: Oscar, Foxtrot, Golf, Lima and Whiskey, sending you 2
2024-10-14 17:26:35.667220 Foxtrot: Delta, Romeo and Lima, sending you 2
2024-10-14 17:26:35.668164 Kilo: Hotel, sending you 4
2024-10-14 17:26:35.669677 Golf: Foxtrot and Whiskey, sending you 1
2024-10-14 17:26:35.670429 Hotel: Kilo, sending you 5
2024-10-14 17:26:35.670738 Delta: Foxtrot, sending you 2
2024-10-14 17:26:35.671278 Quebec: Hotel, sending you 9
2024-10-14 17:26:35.672380 Romeo: Delta, sending you 3
2024-10-14 17:26:35.673298 Lima: Oscar and Delta, sending you 3
2024-10-14 17:26:35.675712 Whiskey: Oscar, sending you 2
2024-10-14 17:26:35.677323 Quebec: Kilo, sending you 6
2024-10-14 17:26:35.678693 Lima: Foxtrot, Golf, Romeo and Whiskey, sending you 2
2024-10-14 17:26:35.681703 Whiskey: Foxtrot, Golf, Delta, Romeo and Lima, sending you 1
chatterbot Hotel submitting transactions
chatterbot Kilo submitting transactions
chatterbot Delta submitting transactions
chatterbot Golf submitting transactions
chatterbot Quebec submitting transactions
chatterbot Foxtrot submitting transactions
chatterbot Romeo submitting transactions
chatterbot Lima submitting transactions
chatterbot Oscar submitting transactions
chatterbot Whiskey submitting transactions
ChatterBot Oscar round 7
ChatterBot Foxtrot round 7
ChatterBot Golf round 7
ChatterBot Quebec round 7
ChatterBot Delta round 7
ChatterBot Romeo round 7
ChatterBot Hotel round 7
2024-10-14 17:26:36.802204 Hotel: We should replace Whiskey with Delta
2024-10-14 17:26:36.808329 Quebec: No
2024-10-14 17:26:36.808554 Kilo: No
ChatterBot Hotel reevaluating
ChatterBot Hotel reevaluating
ChatterBot Lima round 7
ChatterBot Whiskey round 7
ChatterBot Kilo round 7
2024-10-14 17:26:36.844829 Lima: We should add Kilo
2024-10-14 17:26:36.863758 Golf: No
2024-10-14 17:26:36.863968 Romeo: No
2024-10-14 17:26:36.864141 Oscar: No
2024-10-14 17:26:36.864307 Delta: No
2024-10-14 17:26:36.864488 Whiskey: No
2024-10-14 17:26:36.864654 Foxtrot: No
ChatterBot Lima reevaluating
ChatterBot Lima reevaluating
ChatterBot Lima reevaluating
ChatterBot Lima reevaluating
ChatterBot Lima reevaluating
ChatterBot Lima reevaluating
2024-10-14 17:26:37.041677 Whiskey: Oscar, sending you 2
2024-10-14 17:26:37.042919 Oscar: Same as last round
2024-10-14 17:26:37.044882 Hotel: Quebec, sending you 3
2024-10-14 17:26:37.045594 Romeo: Oscar, Foxtrot, Golf, Lima and Whiskey, sending you 2
2024-10-14 17:26:37.047602 Delta: Oscar, Golf, Romeo and Lima, sending you 3
2024-10-14 17:26:37.048623 Whiskey: Foxtrot, Golf, Delta, Romeo and Lima, sending you 1
2024-10-14 17:26:37.050905 Golf: Oscar, Delta, Romeo and Lima, sending you 2
2024-10-14 17:26:37.052959 Hotel: Kilo, sending you 5
2024-10-14 17:26:37.053953 Foxtrot: Oscar, sending you 3
2024-10-14 17:26:37.056308 Romeo: Delta, sending you 3
2024-10-14 17:26:37.058926 Quebec: Hotel, sending you 9
2024-10-14 17:26:37.059853 Delta: Foxtrot, sending you 2
2024-10-14 17:26:37.061519 Kilo: Quebec, sending you 3
2024-10-14 17:26:37.062160 Golf: Foxtrot and Whiskey, sending you 1
2024-10-14 17:26:37.064740 Foxtrot: Golf and Whiskey, sending you 1
2024-10-14 17:26:37.066646 Lima: Oscar and Delta, sending you 3
2024-10-14 17:26:37.067926 Quebec: Kilo, sending you 6
2024-10-14 17:26:37.069046 Kilo: Hotel, sending you 4
2024-10-14 17:26:37.070673 Foxtrot: Delta, Romeo and Lima, sending you 2
2024-10-14 17:26:37.072714 Lima: Foxtrot, Golf, Romeo and Whiskey, sending you 2
chatterbot Delta submitting transactions
chatterbot Oscar submitting transactions
chatterbot Lima submitting transactions
chatterbot Quebec submitting transactions
chatterbot Golf submitting transactions
chatterbot Whiskey submitting transactions
chatterbot Hotel submitting transactions
chatterbot Romeo submitting transactions
chatterbot Foxtrot submitting transactions
chatterbot Kilo submitting transactions
ChatterBot Oscar round 8
ChatterBot Foxtrot round 8
ChatterBot Golf round 8
ChatterBot Quebec round 8
ChatterBot Delta round 8
ChatterBot Romeo round 8
ChatterBot Hotel round 8
ChatterBot Lima round 8
ChatterBot Whiskey round 8
ChatterBot Kilo round 8
2024-10-14 17:26:38.091670 Golf: Oscar, Delta, Romeo and Lima, sending you 2
2024-10-14 17:26:38.093673 Oscar: Same as last round
2024-10-14 17:26:38.094694 Foxtrot: Oscar, sending you 3
2024-10-14 17:26:38.096668 Golf: Foxtrot and Whiskey, sending you 1
2024-10-14 17:26:38.099708 Foxtrot: Golf and Whiskey, sending you 1
2024-10-14 17:26:38.104690 Foxtrot: Delta, Romeo and Lima, sending you 2
2024-10-14 17:26:38.105703 Delta: Oscar, Golf, Romeo and Lima, sending you 3
2024-10-14 17:26:38.106670 Whiskey: Oscar, sending you 2
2024-10-14 17:26:38.108658 Hotel: Quebec, sending you 3
2024-10-14 17:26:38.108961 Delta: Foxtrot, sending you 2
2024-10-14 17:26:38.110873 Quebec: Hotel, sending you 8
2024-10-14 17:26:38.111178 Romeo: Oscar, Foxtrot, Golf, Lima and Whiskey, sending you 2
2024-10-14 17:26:38.111976 Whiskey: Foxtrot, Golf, Delta, Romeo and Lima, sending you 1
2024-10-14 17:26:38.112691 Kilo: Quebec, sending you 3
2024-10-14 17:26:38.112981 Hotel: Kilo, sending you 5
2024-10-14 17:26:38.114707 Quebec: Kilo, sending you 7
2024-10-14 17:26:38.117244 Romeo: Delta, sending you 3
2024-10-14 17:26:38.118334 Kilo: Hotel, sending you 4
2024-10-14 17:26:38.118814 Lima: Oscar and Delta, sending you 3
2024-10-14 17:26:38.122653 Lima: Foxtrot, Golf, Romeo and Whiskey, sending you 2
chatterbot Hotel submitting transactions
chatterbot Romeo submitting transactions
chatterbot Quebec submitting transactions
chatterbot Whiskey submitting transactions
chatterbot Lima submitting transactions
chatterbot Kilo submitting transactions
chatterbot Oscar submitting transactions
chatterbot Golf submitting transactions
chatterbot Foxtrot submitting transactions
chatterbot Delta submitting transactions
ChatterBot Oscar round 9
ChatterBot Foxtrot round 9
ChatterBot Golf round 9
ChatterBot Quebec round 9
ChatterBot Delta round 9
ChatterBot Romeo round 9
ChatterBot Hotel round 9
ChatterBot Lima round 9
ChatterBot Whiskey round 9
ChatterBot Kilo round 9
2024-10-14 17:26:38.954089 Oscar: Same as last round
2024-10-14 17:26:38.965669 Romeo: Oscar, Foxtrot, Golf, Lima and Whiskey, sending you 2
2024-10-14 17:26:38.966705 Golf: Oscar, Delta, Romeo and Lima, sending you 2
2024-10-14 17:26:38.969380 Quebec: Hotel, sending you 8
2024-10-14 17:26:38.969765 Hotel: Quebec, sending you 3
2024-10-14 17:26:38.970105 Lima: Oscar and Delta, sending you 3
2024-10-14 17:26:38.970914 Romeo: Delta, sending you 3
2024-10-14 17:26:38.972014 Golf: Foxtrot and Whiskey, sending you 1
2024-10-14 17:26:38.973130 Quebec: Kilo, sending you 7
2024-10-14 17:26:38.973683 Delta: Oscar, Golf, Romeo and Lima, sending you 3
2024-10-14 17:26:38.974078 Lima: Foxtrot, Golf, Romeo and Whiskey, sending you 2
2024-10-14 17:26:38.975492 Hotel: Kilo, sending you 5
2024-10-14 17:26:38.975908 Foxtrot: Oscar, sending you 3
2024-10-14 17:26:38.976669 Whiskey: Oscar, sending you 2
2024-10-14 17:26:38.979315 Delta: Foxtrot, sending you 2
2024-10-14 17:26:38.979779 Foxtrot: Golf and Whiskey, sending you 1
2024-10-14 17:26:38.980435 Whiskey: Foxtrot, Golf, Delta, Romeo and Lima, sending you 1
2024-10-14 17:26:38.981680 Kilo: Quebec, sending you 3
2024-10-14 17:26:38.982683 Foxtrot: Delta, Romeo and Lima, sending you 2
2024-10-14 17:26:38.986669 Kilo: Hotel, sending you 4
chatterbot Quebec submitting transactions
chatterbot Hotel submitting transactions
chatterbot Whiskey submitting transactions
chatterbot Lima submitting transactions
chatterbot Delta submitting transactions
chatterbot Golf submitting transactions
chatterbot Oscar submitting transactions
chatterbot Foxtrot submitting transactions
chatterbot Romeo submitting transactions
chatterbot Kilo submitting transactions
ChatterBot Oscar round 10
ChatterBot Foxtrot round 10
ChatterBot Golf round 10
ChatterBot Quebec round 10
ChatterBot Delta round 10
ChatterBot Romeo round 10
ChatterBot Hotel round 10
ChatterBot Lima round 10
ChatterBot Whiskey round 10
2024-10-14 17:26:40.180423 Hotel: We should replace Whiskey with Lima
2024-10-14 17:26:40.184087 Quebec: No
2024-10-14 17:26:40.184257 Kilo: No
ChatterBot Hotel reevaluating
ChatterBot Hotel reevaluating
ChatterBot Kilo round 10
2024-10-14 17:26:40.208318 Hotel: We should replace Whiskey with Foxtrot
2024-10-14 17:26:40.215770 Quebec: No
2024-10-14 17:26:40.215983 Kilo: No
ChatterBot Hotel reevaluating
ChatterBot Hotel reevaluating
2024-10-14 17:26:40.232694 Oscar: Same as last round
2024-10-14 17:26:40.234222 Delta: Oscar, Golf, Romeo and Lima, sending you 3
2024-10-14 17:26:40.237690 Delta: Foxtrot, sending you 2
2024-10-14 17:26:40.240719 Golf: Oscar, Delta, Romeo and Lima, sending you 2
2024-10-14 17:26:40.243756 Whiskey: Oscar, sending you 2
2024-10-14 17:26:40.244843 Golf: Foxtrot and Whiskey, sending you 1
2024-10-14 17:26:40.246456 Quebec: Hotel, sending you 8
2024-10-14 17:26:40.247682 Lima: Oscar and Delta, sending you 1
2024-10-14 17:26:40.249696 Whiskey: Foxtrot, Golf, Delta, Romeo and Lima, sending you 1
2024-10-14 17:26:40.250735 Quebec: Kilo, sending you 7
2024-10-14 17:26:40.252675 Romeo: Oscar, Foxtrot, Golf, Lima and Whiskey, sending you 2
2024-10-14 17:26:40.254015 Foxtrot: Oscar, sending you 3
2024-10-14 17:26:40.254768 Kilo: Quebec, sending you 3
2024-10-14 17:26:40.256669 Hotel: Quebec, sending you 3
2024-10-14 17:26:40.257668 Romeo: Delta, sending you 3
2024-10-14 17:26:40.259150 Foxtrot: Golf and Whiskey, sending you 1
2024-10-14 17:26:40.259888 Kilo: Hotel, sending you 4
2024-10-14 17:26:40.260176 Hotel: Kilo, sending you 5
2024-10-14 17:26:40.264090 Foxtrot: Delta, Romeo and Lima, sending you 2
chatterbot Kilo submitting transactions
chatterbot Golf submitting transactions
chatterbot Foxtrot submitting transactions
chatterbot Oscar submitting transactions
chatterbot Quebec submitting transactions
chatterbot Lima submitting transactions
chatterbot Delta submitting transactions
chatterbot Romeo submitting transactions
chatterbot Whiskey submitting transactions
chatterbot Hotel submitting transactions
ChatterBot Oscar round 11
ChatterBot Foxtrot round 11
ChatterBot Golf round 11
ChatterBot Quebec round 11
ChatterBot Delta round 11
ChatterBot Romeo round 11
ChatterBot Hotel round 11
ChatterBot Lima round 11
ChatterBot Whiskey round 11
ChatterBot Kilo round 11
2024-10-14 17:26:41.534957 Lima: We should add Hotel
2024-10-14 17:26:41.554159 Golf: No
2024-10-14 17:26:41.554386 Romeo: No
2024-10-14 17:26:41.554557 Oscar: No
2024-10-14 17:26:41.554689 Delta: No
2024-10-14 17:26:41.554819 Whiskey: No
2024-10-14 17:26:41.554937 Foxtrot: No
ChatterBot Lima reevaluating
ChatterBot Lima reevaluating
ChatterBot Lima reevaluating
ChatterBot Lima reevaluating
ChatterBot Lima reevaluating
ChatterBot Lima reevaluating
2024-10-14 17:26:41.659463 Hotel: We should replace Whiskey with Foxtrot
2024-10-14 17:26:41.664117 Quebec: No
2024-10-14 17:26:41.664274 Kilo: No
2024-10-14 17:26:41.673985 Lima: We should add Kilo
2024-10-14 17:26:41.688225 Golf: No
2024-10-14 17:26:41.688432 Romeo: No
2024-10-14 17:26:41.688560 Oscar: No
2024-10-14 17:26:41.688717 Delta: No
2024-10-14 17:26:41.688842 Whiskey: No
2024-10-14 17:26:41.688964 Foxtrot: No
ChatterBot Lima reevaluating
ChatterBot Lima reevaluating
ChatterBot Lima reevaluating
ChatterBot Lima reevaluating
ChatterBot Lima reevaluating
ChatterBot Lima reevaluating
2024-10-14 17:26:41.780904 Hotel: Foxtrot we want you to join our group
2024-10-14 17:26:41.783382 Foxtrot: No
ChatterBot Quebec reevaluating
ChatterBot Kilo reevaluating
2024-10-14 17:26:41.791492 Delta: Oscar, Golf, Romeo and Lima, sending you 3
2024-10-14 17:26:41.792105 Oscar: Same as last round
2024-10-14 17:26:41.794679 Romeo: Oscar, Foxtrot, Golf, Lima and Whiskey, sending you 2
2024-10-14 17:26:41.796094 Foxtrot: Oscar, sending you 3
2024-10-14 17:26:41.797453 Delta: Foxtrot, sending you 2
2024-10-14 17:26:41.797909 Golf: Oscar, Delta, Romeo and Lima, sending you 2
2024-10-14 17:26:41.798679 Whiskey: Oscar, sending you 2
2024-10-14 17:26:41.799749 Romeo: Delta, sending you 3
2024-10-14 17:26:41.801352 Foxtrot: Golf and Whiskey, sending you 1
2024-10-14 17:26:41.802665 Whiskey: Foxtrot, Golf, Delta, Romeo and Lima, sending you 1
2024-10-14 17:26:41.803714 Golf: Foxtrot and Whiskey, sending you 1
2024-10-14 17:26:41.805675 Foxtrot: Delta, Romeo and Lima, sending you 2
2024-10-14 17:26:41.812685 Lima: Oscar and Delta, sending you 3
2024-10-14 17:26:41.815678 Hotel: Foxtrot, sending you 4
2024-10-14 17:26:41.817671 Lima: Foxtrot, Golf, Romeo and Whiskey, sending you 2
2024-10-14 17:26:41.819403 Kilo: Foxtrot, sending you 1
2024-10-14 17:26:41.819809 Hotel: Quebec, sending you 2
2024-10-14 17:26:41.822670 Kilo: Quebec and Hotel, sending you 3
2024-10-14 17:26:41.822978 Hotel: Kilo, sending you 5
chatterbot Romeo submitting transactions
chatterbot Delta submitting transactions
chatterbot Lima submitting transactions
chatterbot Hotel submitting transactions
chatterbot Kilo submitting transactions
chatterbot Foxtrot submitting transactions
chatterbot Oscar submitting transactions
chatterbot Quebec submitting transactions
chatterbot Whiskey submitting transactions
chatterbot Golf submitting transactions
ChatterBot Oscar round 12
ChatterBot Foxtrot round 12
ChatterBot Golf round 12
ChatterBot Quebec round 12
ChatterBot Delta round 12
ChatterBot Romeo round 12
ChatterBot Hotel round 12
ChatterBot Lima round 12
ChatterBot Whiskey round 12
2024-10-14 17:26:42.800321 Hotel: We should replace Foxtrot with Oscar
ChatterBot Quebec reevaluating
ChatterBot Kilo reevaluating
2024-10-14 17:26:42.808574 Quebec: No
2024-10-14 17:26:42.808797 Kilo: No
ChatterBot Hotel reevaluating
ChatterBot Kilo reevaluating
ChatterBot Quebec reevaluating
ChatterBot Hotel reevaluating
ChatterBot Kilo round 12
2024-10-14 17:26:42.842753 Quebec: We should drop Foxtrot
ChatterBot Hotel reevaluating
2024-10-14 17:26:42.848425 Hotel: Yes
2024-10-14 17:26:42.848686 Kilo: Yes
ChatterBot Quebec reevaluating
ChatterBot Quebec reevaluating
ChatterBot Hotel reevaluating
2024-10-14 17:26:42.860122 Hotel: We should replace Foxtrot with Whiskey
ChatterBot Quebec reevaluating
2024-10-14 17:26:42.866849 Quebec: No
2024-10-14 17:26:42.867109 Kilo: No
ChatterBot Hotel reevaluating
ChatterBot Quebec reevaluating
ChatterBot Hotel reevaluating
2024-10-14 17:26:42.884262 Lima: Oscar and Delta, sending you 3
2024-10-14 17:26:42.887869 Lima: Foxtrot, Golf, Romeo and Whiskey, sending you 2
2024-10-14 17:26:42.889113 Foxtrot: Oscar, sending you 3
2024-10-14 17:26:42.891110 Oscar: Same as last round
2024-10-14 17:26:42.892200 Golf: Oscar, Delta, Romeo and Lima, sending you 2
2024-10-14 17:26:42.893856 Delta: Oscar, Golf, Romeo and Lima, sending you 3
2024-10-14 17:26:42.894330 Romeo: Oscar, Foxtrot, Golf, Lima and Whiskey, sending you 2
2024-10-14 17:26:42.895386 Hotel: Oscar we want you to join our group
2024-10-14 17:26:42.899379 Oscar: No
ChatterBot Hotel reevaluating
ChatterBot Quebec reevaluating
ChatterBot Kilo reevaluating
2024-10-14 17:26:42.910703 Foxtrot: Golf and Whiskey, sending you 1
2024-10-14 17:26:42.912653 Golf: Foxtrot and Whiskey, sending you 1
2024-10-14 17:26:42.913755 Delta: Foxtrot, sending you 2
2024-10-14 17:26:42.914214 Romeo: Delta, sending you 3
2024-10-14 17:26:42.916716 Whiskey: Oscar, sending you 2
2024-10-14 17:26:42.918882 Foxtrot: Delta, Romeo and Lima, sending you 2
2024-10-14 17:26:42.922675 Whiskey: Foxtrot, Golf, Delta, Romeo and Lima, sending you 1
2024-10-14 17:26:42.930789 Kilo: Quebec, sending you 2
2024-10-14 17:26:42.935664 Kilo: Romeo, sending you 1
2024-10-14 17:26:42.938657 Kilo: Hotel, sending you 4
2024-10-14 17:26:42.943795 Hotel: Oscar, sending you 4
2024-10-14 17:26:42.946655 Hotel: Quebec, sending you 2
2024-10-14 17:26:42.950659 Hotel: Kilo, sending you 5
chatterbot Romeo submitting transactions
chatterbot Whiskey submitting transactions
chatterbot Golf submitting transactions
chatterbot Foxtrot submitting transactions
chatterbot Kilo submitting transactions
chatterbot Hotel submitting transactions
chatterbot Lima submitting transactions
chatterbot Oscar submitting transactions
chatterbot Delta submitting transactions
chatterbot Quebec submitting transactions
ChatterBot Oscar round 13
ChatterBot Foxtrot round 13
ChatterBot Golf round 13
ChatterBot Quebec round 13
ChatterBot Delta round 13
ChatterBot Romeo round 13
ChatterBot Hotel round 13
ChatterBot Lima round 13
ChatterBot Whiskey round 13
ChatterBot Kilo round 13
2024-10-14 17:26:43.811681 Quebec: We should drop Foxtrot
2024-10-14 17:26:43.827298 Hotel: Yes
2024-10-14 17:26:43.827680 Kilo: Yes
ChatterBot Quebec reevaluating
ChatterBot Quebec reevaluating
2024-10-14 17:26:43.845670 Golf: Oscar, Delta, Romeo and Lima, sending you 2
2024-10-14 17:26:43.847451 Delta: Oscar, Golf, Romeo and Lima, sending you 3
2024-10-14 17:26:43.848134 Foxtrot: Oscar, sending you 3
2024-10-14 17:26:43.849880 Oscar: Same as last round
2024-10-14 17:26:43.850904 Golf: Foxtrot and Whiskey, sending you 1
2024-10-14 17:26:43.852983 Delta: Foxtrot, sending you 2
2024-10-14 17:26:43.853748 Foxtrot: Golf and Whiskey, sending you 1
2024-10-14 17:26:43.856693 Whiskey: Oscar, sending you 2
2024-10-14 17:26:43.858184 Romeo: Oscar, Foxtrot, Golf, Lima and Whiskey, sending you 2
2024-10-14 17:26:43.860375 Foxtrot: Delta, Romeo and Lima, sending you 2
2024-10-14 17:26:43.862658 Hotel: Oscar, sending you 4
2024-10-14 17:26:43.863354 Whiskey: Foxtrot, Golf, Delta, Romeo and Lima, sending you 1
2024-10-14 17:26:43.865539 Kilo: Quebec, sending you 3
2024-10-14 17:26:43.866147 Romeo: Delta, sending you 3
2024-10-14 17:26:43.867601 Hotel: Quebec, sending you 2
2024-10-14 17:26:43.868032 Lima: Oscar and Delta, sending you 3
2024-10-14 17:26:43.869696 Kilo: Hotel, sending you 4
2024-10-14 17:26:43.871683 Lima: Foxtrot, Golf, Romeo and Whiskey, sending you 2
2024-10-14 17:26:43.873236 Hotel: Kilo, sending you 5
chatterbot Oscar submitting transactions
chatterbot Quebec submitting transactions
chatterbot Hotel submitting transactions
chatterbot Whiskey submitting transactions
chatterbot Lima submitting transactions
chatterbot Delta submitting transactions
chatterbot Foxtrot submitting transactions
chatterbot Romeo submitting transactions
chatterbot Golf submitting transactions
chatterbot Kilo submitting transactions
ChatterBot Oscar round 14
ChatterBot Foxtrot round 14
ChatterBot Golf round 14
ChatterBot Quebec round 14
ChatterBot Delta round 14
ChatterBot Romeo round 14
ChatterBot Hotel round 14
ChatterBot Lima round 14
ChatterBot Whiskey round 14
ChatterBot Kilo round 14
2024-10-14 17:26:45.011114 Golf: We should drop Whiskey
ChatterBot Foxtrot reevaluating
2024-10-14 17:26:45.034157 Delta: Yes
2024-10-14 17:26:45.034370 Oscar: No
2024-10-14 17:26:45.034536 Foxtrot: Yes
2024-10-14 17:26:45.034717 Romeo: No
2024-10-14 17:26:45.034934 Lima: No
ChatterBot Foxtrot reevaluating
ChatterBot Golf reevaluating
ChatterBot Romeo reevaluating
ChatterBot Foxtrot reevaluating
ChatterBot Golf reevaluating
ChatterBot Romeo reevaluating
ChatterBot Oscar reevaluating
ChatterBot Golf reevaluating
ChatterBot Romeo reevaluating
ChatterBot Oscar reevaluating
ChatterBot Foxtrot reevaluating
ChatterBot Golf reevaluating
ChatterBot Oscar reevaluating
ChatterBot Foxtrot reevaluating
ChatterBot Golf reevaluating
ChatterBot Romeo reevaluating
2024-10-14 17:26:45.124759 Quebec: We should drop Foxtrot
ChatterBot Hotel reevaluating
2024-10-14 17:26:45.132263 Hotel: Yes
2024-10-14 17:26:45.132457 Kilo: Yes
ChatterBot Quebec reevaluating
ChatterBot Quebec reevaluating
ChatterBot Hotel reevaluating
2024-10-14 17:26:45.150297 Hotel: We should replace Oscar with Golf
ChatterBot Quebec reevaluating
2024-10-14 17:26:45.155372 Quebec: No
2024-10-14 17:26:45.155502 Kilo: No
ChatterBot Hotel reevaluating
ChatterBot Quebec reevaluating
ChatterBot Hotel reevaluating
2024-10-14 17:26:45.166700 Hotel: We should replace Oscar with Delta
ChatterBot Quebec reevaluating
2024-10-14 17:26:45.171355 Quebec: No
2024-10-14 17:26:45.171519 Kilo: No
ChatterBot Hotel reevaluating
ChatterBot Quebec reevaluating
ChatterBot Hotel reevaluating
2024-10-14 17:26:45.185666 Lima: Oscar and Delta, sending you 3
2024-10-14 17:26:45.187102 Delta: Oscar, Golf, Romeo and Lima, sending you 3
2024-10-14 17:26:45.187762 Whiskey: Oscar, sending you 2
2024-10-14 17:26:45.189341 Kilo: Quebec, sending you 3
2024-10-14 17:26:45.190024 Foxtrot: Oscar, sending you 3
2024-10-14 17:26:45.191478 Hotel: Golf we want you to join our group
ChatterBot Golf reevaluating
2024-10-14 17:26:45.196380 Golf: No
ChatterBot Hotel reevaluating
ChatterBot Quebec reevaluating
2024-10-14 17:26:45.209107 Hotel: We should replace Oscar with Romeo
ChatterBot Quebec reevaluating
2024-10-14 17:26:45.216810 Quebec: No
2024-10-14 17:26:45.217010 Kilo: No
ChatterBot Hotel reevaluating
ChatterBot Quebec reevaluating
ChatterBot Hotel reevaluating
2024-10-14 17:26:45.230435 Lima: Foxtrot, Golf, Romeo and Whiskey, sending you 2
2024-10-14 17:26:45.232033 Delta: Foxtrot, sending you 2
2024-10-14 17:26:45.232600 Whiskey: Foxtrot, Golf, Delta, Romeo and Lima, sending you 1
2024-10-14 17:26:45.233497 Foxtrot: Golf and Whiskey, sending you 1
2024-10-14 17:26:45.234992 Kilo: Hotel, sending you 4
2024-10-14 17:26:45.235583 Hotel: We should replace Oscar with Whiskey
ChatterBot Quebec reevaluating
2024-10-14 17:26:45.240806 Quebec: No
2024-10-14 17:26:45.240949 Kilo: No
ChatterBot Hotel reevaluating
ChatterBot Quebec reevaluating
ChatterBot Hotel reevaluating
2024-10-14 17:26:45.252317 Romeo: Oscar, Golf and Delta, sending you 3
2024-10-14 17:26:45.253327 Foxtrot: Delta, Romeo and Lima, sending you 2
2024-10-14 17:26:45.256679 Romeo: Foxtrot and Lima, sending you 2
2024-10-14 17:26:45.257706 Golf: Oscar, Delta, Romeo and Lima, sending you 2
2024-10-14 17:26:45.263993 Golf: Foxtrot and Whiskey, sending you 1
2024-10-14 17:26:45.290676 Hotel: Quebec, sending you 3
2024-10-14 17:26:45.293687 Hotel: Kilo, sending you 6
chatterbot Oscar submitting transactions
chatterbot Kilo submitting transactions
chatterbot Whiskey submitting transactions
chatterbot Lima submitting transactions
chatterbot Delta submitting transactions
chatterbot Hotel submitting transactions
chatterbot Golf submitting transactions
chatterbot Foxtrot submitting transactions
chatterbot Romeo submitting transactions
chatterbot Quebec submitting transactions
