ChatterBot Oscar round 1
ChatterBot Mike round 1
ChatterBot X-ray round 1
ChatterBot Juliett round 1
ChatterBot Echo round 1
ChatterBot Golf round 1
ChatterBot Delta round 1
ChatterBot Alpha round 1
ChatterBot Charlie round 1
ChatterBot Kilo round 1
randomSelections Oscar: {Oscar, Golf, Mike, X-ray, Echo, Delta, Juliett, Kilo} 
2024-10-14 17:26:28.242604 Oscar: Friends?
ChatterBot Golf reevaluating
ChatterBot Mike reevaluating
ChatterBot X-ray reevaluating
ChatterBot Echo reevaluating
ChatterBot Delta reevaluating
ChatterBot Juliett reevaluating
ChatterBot Kilo reevaluating
2024-10-14 17:26:28.338704 Golf: Yes
2024-10-14 17:26:28.338942 Mike: Yes
2024-10-14 17:26:28.339097 X-ray: Yes
2024-10-14 17:26:28.340424 Echo: Yes
2024-10-14 17:26:28.340599 Delta: Yes
2024-10-14 17:26:28.340917 Juliett: Yes
2024-10-14 17:26:28.341093 Kilo: Yes
ChatterBot Mike reevaluating
ChatterBot X-ray reevaluating
ChatterBot Echo reevaluating
ChatterBot Delta reevaluating
ChatterBot Juliett reevaluating
ChatterBot Kilo reevaluating
ChatterBot Golf reevaluating
ChatterBot X-ray reevaluating
ChatterBot Echo reevaluating
ChatterBot Delta reevaluating
ChatterBot Juliett reevaluating
ChatterBot Kilo reevaluating
ChatterBot Golf reevaluating
ChatterBot Mike reevaluating
ChatterBot Echo reevaluating
ChatterBot Delta reevaluating
ChatterBot Juliett reevaluating
ChatterBot Kilo reevaluating
ChatterBot Golf reevaluating
ChatterBot Mike reevaluating
ChatterBot X-ray reevaluating
ChatterBot Delta reevaluating
ChatterBot Juliett reevaluating
ChatterBot Kilo reevaluating
ChatterBot Golf reevaluating
ChatterBot Mike reevaluating
ChatterBot X-ray reevaluating
ChatterBot Echo reevaluating
ChatterBot Juliett reevaluating
ChatterBot Kilo reevaluating
ChatterBot Golf reevaluating
ChatterBot Mike reevaluating
ChatterBot X-ray reevaluating
ChatterBot Echo reevaluating
ChatterBot Delta reevaluating
ChatterBot Kilo reevaluating
ChatterBot Golf reevaluating
ChatterBot Mike reevaluating
ChatterBot X-ray reevaluating
ChatterBot Echo reevaluating
ChatterBot Delta reevaluating
ChatterBot Juliett reevaluating
randomSelections Alpha: {Alpha, Charlie, Kilo, X-ray, Delta, Golf} 
2024-10-14 17:26:28.436837 Alpha: We should group up
ChatterBot Charlie reevaluating
ChatterBot Kilo reevaluating
ChatterBot X-ray reevaluating
ChatterBot Delta reevaluating
ChatterBot Golf reevaluating
2024-10-14 17:26:28.444927 Charlie: Yes
2024-10-14 17:26:28.445104 Kilo: No
2024-10-14 17:26:28.445828 X-ray: No
2024-10-14 17:26:28.446021 Delta: No
2024-10-14 17:26:28.446206 Golf: No
ChatterBot Kilo reevaluating
ChatterBot X-ray reevaluating
ChatterBot Delta reevaluating
ChatterBot Golf reevaluating
ChatterBot Charlie reevaluating
ChatterBot X-ray reevaluating
ChatterBot Delta reevaluating
ChatterBot Golf reevaluating
ChatterBot Charlie reevaluating
ChatterBot Kilo reevaluating
ChatterBot Delta reevaluating
ChatterBot Golf reevaluating
ChatterBot Charlie reevaluating
ChatterBot Kilo reevaluating
ChatterBot X-ray reevaluating
ChatterBot Golf reevaluating
ChatterBot Charlie reevaluating
ChatterBot Kilo reevaluating
ChatterBot X-ray reevaluating
ChatterBot Delta reevaluating
2024-10-14 17:26:28.502975 Oscar: Mike, X-ray and Golf, sending you 2
2024-10-14 17:26:28.504074 Juliett: Oscar and Kilo, sending you 1
2024-10-14 17:26:28.505706 Golf: X-ray, sending you 3
2024-10-14 17:26:28.506682 Oscar: Juliett, sending you 4
2024-10-14 17:26:28.508376 X-ray: Echo, sending you 2
2024-10-14 17:26:28.508811 Alpha: X-ray and Golf, sending you 2
2024-10-14 17:26:28.510110 Juliett: Mike, sending you 3
2024-10-14 17:26:28.510624 Echo: Oscar, X-ray and Delta, sending you 3
2024-10-14 17:26:28.511173 Kilo: Oscar, Mike and Echo, sending you 2
2024-10-14 17:26:28.512580 Golf: Juliett and Delta, sending you 1
2024-10-14 17:26:28.513021 Oscar: Delta, sending you 1
2024-10-14 17:26:28.514701 Charlie: X-ray, Golf and Alpha, sending you 1
2024-10-14 17:26:28.515021 X-ray: Kilo, sending you 1
2024-10-14 17:26:28.515497 Juliett: Echo, Golf and Delta, sending you 2
2024-10-14 17:26:28.516037 Alpha: Delta, sending you 1
2024-10-14 17:26:28.517043 Delta: Oscar and Echo, sending you 3
2024-10-14 17:26:28.517484 Echo: Mike, sending you 2
2024-10-14 17:26:28.517831 Kilo: X-ray and Golf, sending you 1
2024-10-14 17:26:28.518954 Golf: Kilo, sending you 2
2024-10-14 17:26:28.519271 Charlie: Delta, sending you 3
2024-10-14 17:26:28.520924 Echo: Juliett and Kilo, sending you 4
2024-10-14 17:26:28.523384 Alpha: Charlie and Kilo, sending you 3
2024-10-14 17:26:28.523809 Delta: Mike, sending you 4
2024-10-14 17:26:28.524945 Charlie: Kilo, sending you 2
2024-10-14 17:26:28.525434 Kilo: Juliett and Delta, sending you 3
2024-10-14 17:26:28.526444 Mike: X-ray, Juliett and Golf, sending you 2
2024-10-14 17:26:28.528561 Delta: X-ray, sending you 2
2024-10-14 17:26:28.531115 Mike: Kilo, sending you 1
2024-10-14 17:26:28.534568 Delta: Juliett, sending you 1
2024-10-14 17:26:28.538666 Delta: Golf, sending you 5
chatterbot Oscar submitting transactions
chatterbot Charlie submitting transactions
chatterbot Kilo submitting transactions
chatterbot Delta submitting transactions
chatterbot Alpha submitting transactions
chatterbot Golf submitting transactions
chatterbot Mike submitting transactions
chatterbot X-ray submitting transactions
chatterbot Juliett submitting transactions
chatterbot Echo submitting transactions
ChatterBot Oscar round 2
ChatterBot Mike round 2
ChatterBot X-ray round 2
ChatterBot Juliett round 2
ChatterBot Echo round 2
ChatterBot Golf round 2
ChatterBot Delta round 2
ChatterBot Alpha round 2
ChatterBot Charlie round 2
ChatterBot Kilo round 2
2024-10-14 17:26:29.722270 Mike: We should drop X-ray
ChatterBot Oscar reevaluating
ChatterBot Juliett reevaluating
ChatterBot Golf reevaluating
ChatterBot Delta reevaluating
ChatterBot Kilo reevaluating
2024-10-14 17:26:29.747686 Oscar: Yes
2024-10-14 17:26:29.747849 Juliett: Yes
2024-10-14 17:26:29.747978 Echo: Yes
2024-10-14 17:26:29.748494 Golf: Yes
2024-10-14 17:26:29.748701 Delta: Yes
2024-10-14 17:26:29.748846 Kilo: Yes
ChatterBot Juliett reevaluating
ChatterBot Golf reevaluating
ChatterBot Delta reevaluating
ChatterBot Kilo reevaluating
ChatterBot Oscar reevaluating
ChatterBot Golf reevaluating
ChatterBot Delta reevaluating
ChatterBot Kilo reevaluating
ChatterBot Oscar reevaluating
ChatterBot Juliett reevaluating
ChatterBot Golf reevaluating
ChatterBot Delta reevaluating
ChatterBot Kilo reevaluating
ChatterBot Oscar reevaluating
ChatterBot Juliett reevaluating
ChatterBot Delta reevaluating
ChatterBot Kilo reevaluating
ChatterBot Oscar reevaluating
ChatterBot Juliett reevaluating
ChatterBot Golf reevaluating
ChatterBot Kilo reevaluating
ChatterBot Oscar reevaluating
ChatterBot Juliett reevaluating
ChatterBot Golf reevaluating
ChatterBot Delta reevaluating
2024-10-14 17:26:29.970078 Echo: We should drop Golf and X-ray
ChatterBot Oscar reevaluating
ChatterBot Juliett reevaluating
ChatterBot Delta reevaluating
ChatterBot Kilo reevaluating
2024-10-14 17:26:30.002739 Oscar: No
2024-10-14 17:26:30.003025 Mike: No
2024-10-14 17:26:30.003372 Juliett: No
2024-10-14 17:26:30.004246 Delta: No
2024-10-14 17:26:30.004719 Kilo: Yes
ChatterBot Juliett reevaluating
ChatterBot Delta reevaluating
ChatterBot Kilo reevaluating
ChatterBot Oscar reevaluating
ChatterBot Juliett reevaluating
ChatterBot Delta reevaluating
ChatterBot Kilo reevaluating
ChatterBot Oscar reevaluating
ChatterBot Delta reevaluating
ChatterBot Kilo reevaluating
ChatterBot Oscar reevaluating
ChatterBot Juliett reevaluating
ChatterBot Kilo reevaluating
ChatterBot Oscar reevaluating
ChatterBot Juliett reevaluating
ChatterBot Delta reevaluating
2024-10-14 17:26:30.165646 Alpha: We would work well together
ChatterBot Charlie reevaluating
2024-10-14 17:26:30.172412 Charlie: Yes
chatterbot X-ray submitting transactions
chatterbot Echo submitting transactions
chatterbot Alpha submitting transactions
2024-10-14 17:26:30.774637 Alpha: Sending you 7
2024-10-14 17:26:30.775484 Mike: Oscar, Juliett, Echo, Golf and Kilo, sending you 1
2024-10-14 17:26:30.776134 X-ray: Echo, sending you 2
2024-10-14 17:26:30.777419 Echo: Oscar, sending you 2
chatterbot Oscar submitting transactions
chatterbot Mike submitting transactions
chatterbot Charlie submitting transactions
2024-10-14 17:26:31.009283 Mike: Delta, sending you 2
2024-10-14 17:26:31.009748 X-ray: Golf, sending you 1
2024-10-14 17:26:31.010677 Echo: Mike, sending you 1
2024-10-14 17:26:31.011118 Charlie: Sending you 8
2024-10-14 17:26:31.011844 Golf: Oscar, Mike, Juliett, Echo and Kilo, sending you 1
chatterbot Juliett submitting transactions
chatterbot Kilo submitting transactions
2024-10-14 17:26:31.184431 Echo: Juliett and Kilo, sending you 5
2024-10-14 17:26:31.184811 Delta: Oscar and Golf, sending you 2
2024-10-14 17:26:31.185118 Kilo: Mike and Juliett, sending you 2
2024-10-14 17:26:31.185911 Golf: Delta, sending you 2
2024-10-14 17:26:31.186209 Oscar: Juliett, sending you 1
2024-10-14 17:26:31.186674 Juliett: Oscar, Mike, Echo, Golf and Kilo, sending you 2
2024-10-14 17:26:31.225180 Delta: Juliett, sending you 4
2024-10-14 17:26:31.225679 Echo: Delta, sending you 6
2024-10-14 17:26:31.226035 Kilo: Echo, sending you 10
2024-10-14 17:26:31.226746 Juliett: Delta, sending you 1
2024-10-14 17:26:31.227067 Oscar: Echo and Delta, sending you 4
2024-10-14 17:26:31.244518 Delta: Echo and Kilo, sending you 5
2024-10-14 17:26:31.248801 Oscar: Kilo, sending you 2
chatterbot Golf submitting transactions
chatterbot Delta submitting transactions
ChatterBot Oscar round 3
ChatterBot Mike round 3
ChatterBot X-ray round 3
ChatterBot Juliett round 3
ChatterBot Echo round 3
ChatterBot Golf round 3
ChatterBot Delta round 3
ChatterBot Alpha round 3
ChatterBot Charlie round 3
ChatterBot Kilo round 3
2024-10-14 17:26:31.444527 Juliett: Oscar, Mike, Echo, Delta and Kilo, sending you 2
2024-10-14 17:26:31.455670 Golf: Oscar, Mike, Juliett, Echo and Kilo, sending you 1
2024-10-14 17:26:31.457463 Echo: Oscar and Juliett, sending you 3
2024-10-14 17:26:31.458844 X-ray: Echo, sending you 1
2024-10-14 17:26:31.460251 Charlie: Same as last round
2024-10-14 17:26:31.460796 Juliett: Golf, sending you 1
2024-10-14 17:26:31.462307 Mike: Oscar, Echo, Golf, Delta and Kilo, sending you 1
2024-10-14 17:26:31.463856 Kilo: Oscar, Mike and Juliett, sending you 2
2024-10-14 17:26:31.465310 Delta: Oscar, sending you 4
2024-10-14 17:26:31.466217 Alpha: Same as last round
2024-10-14 17:26:31.467309 Oscar: Mike, Golf and Kilo, sending you 1
2024-10-14 17:26:31.468023 Golf: Delta, sending you 2
2024-10-14 17:26:31.469038 Echo: Mike, sending you 2
2024-10-14 17:26:31.469455 X-ray: Golf, sending you 2
2024-10-14 17:26:31.470476 Mike: Juliett, sending you 2
2024-10-14 17:26:31.471010 Kilo: Echo, sending you 5
2024-10-14 17:26:31.471951 Delta: Mike, Juliett, Golf and Kilo, sending you 2
2024-10-14 17:26:31.472474 Oscar: Juliett, sending you 2
2024-10-14 17:26:31.473621 Echo: Delta, sending you 4
2024-10-14 17:26:31.482422 Kilo: Delta, sending you 3
2024-10-14 17:26:31.483453 Delta: Echo, sending you 6
2024-10-14 17:26:31.483892 Oscar: Echo and Delta, sending you 3
2024-10-14 17:26:31.485289 Echo: Kilo, sending you 7
chatterbot Echo submitting transactions
chatterbot Juliett submitting transactions
chatterbot Kilo submitting transactions
chatterbot X-ray submitting transactions
chatterbot Mike submitting transactions
chatterbot Oscar submitting transactions
chatterbot Delta submitting transactions
chatterbot Charlie submitting transactions
chatterbot Alpha submitting transactions
chatterbot Golf submitting transactions
ChatterBot Oscar round 4
ChatterBot Mike round 4
ChatterBot X-ray round 4
ChatterBot Juliett round 4
ChatterBot Echo round 4
ChatterBot Golf round 4
ChatterBot Delta round 4
ChatterBot Alpha round 4
ChatterBot Charlie round 4
ChatterBot Kilo round 4
2024-10-14 17:26:32.656420 Golf: Oscar, Mike, Juliett, Echo and Kilo, sending you 1
2024-10-14 17:26:32.664415 Alpha: Same as last round
2024-10-14 17:26:32.664757 Juliett: Oscar, Mike, Echo, Delta and Kilo, sending you 2
2024-10-14 17:26:32.665384 Golf: Delta, sending you 2
2024-10-14 17:26:32.666264 Echo: Oscar, Mike and Juliett, sending you 3
2024-10-14 17:26:32.671450 Charlie: Same as last round
2024-10-14 17:26:32.671838 Mike: Oscar, Echo, Golf, Delta and Kilo, sending you 1
2024-10-14 17:26:32.673125 Juliett: Golf, sending you 1
2024-10-14 17:26:32.673714 Oscar: Juliett and Kilo, sending you 2
2024-10-14 17:26:32.674659 Echo: Delta and Kilo, sending you 5
2024-10-14 17:26:32.675124 X-ray: Echo, sending you 1
2024-10-14 17:26:32.676366 Delta: Oscar and Kilo, sending you 3
2024-10-14 17:26:32.677028 Mike: Juliett, sending you 2
2024-10-14 17:26:32.680556 Oscar: Echo and Delta, sending you 3
2024-10-14 17:26:32.681564 X-ray: Golf, sending you 2
2024-10-14 17:26:32.682102 Delta: Mike, Juliett and Golf, sending you 2
2024-10-14 17:26:32.683188 Kilo: Oscar and Mike, sending you 1
2024-10-14 17:26:32.685764 Oscar: Golf, sending you 1
2024-10-14 17:26:32.686741 Delta: Echo, sending you 6
2024-10-14 17:26:32.687319 Kilo: Juliett, sending you 2
2024-10-14 17:26:32.696158 Kilo: Echo, sending you 7
2024-10-14 17:26:32.701706 Kilo: Delta, sending you 3
chatterbot Delta submitting transactions
chatterbot X-ray submitting transactions
chatterbot Oscar submitting transactions
chatterbot Echo submitting transactions
chatterbot Juliett submitting transactions
chatterbot Alpha submitting transactions
chatterbot Charlie submitting transactions
chatterbot Kilo submitting transactions
chatterbot Golf submitting transactions
chatterbot Mike submitting transactions
ChatterBot Oscar round 5
ChatterBot Mike round 5
ChatterBot X-ray round 5
ChatterBot Juliett round 5
ChatterBot Echo round 5
ChatterBot Golf round 5
ChatterBot Delta round 5
ChatterBot Alpha round 5
ChatterBot Charlie round 5
ChatterBot Kilo round 5
2024-10-14 17:26:33.896467 Mike: We should drop Golf
2024-10-14 17:26:33.912265 Echo: Yes
2024-10-14 17:26:33.912439 Oscar: No
2024-10-14 17:26:33.912571 Juliett: No
2024-10-14 17:26:33.912712 Delta: No
2024-10-14 17:26:33.912876 Kilo: Yes
ChatterBot Mike reevaluating
ChatterBot Mike reevaluating
ChatterBot Mike reevaluating
ChatterBot Mike reevaluating
ChatterBot Mike reevaluating
2024-10-14 17:26:34.014660 Oscar: Mike, Golf and Kilo, sending you 1
2024-10-14 17:26:34.015277 Delta: Oscar and Kilo, sending you 3
2024-10-14 17:26:34.016688 Echo: Oscar, Mike and Juliett, sending you 3
2024-10-14 17:26:34.017680 Juliett: Oscar, Mike, Echo, Delta and Kilo, sending you 2
2024-10-14 17:26:34.018450 Oscar: Juliett, sending you 2
2024-10-14 17:26:34.019316 Delta: Mike, Juliett and Golf, sending you 2
2024-10-14 17:26:34.020671 X-ray: Echo, sending you 2
2024-10-14 17:26:34.021153 Mike: Oscar, Echo, Golf, Delta and Kilo, sending you 1
2024-10-14 17:26:34.021599 Echo: Delta and Kilo, sending you 5
2024-10-14 17:26:34.022620 Juliett: Golf, sending you 1
2024-10-14 17:26:34.023076 Oscar: Echo and Delta, sending you 3
2024-10-14 17:26:34.023488 Charlie: Same as last round
2024-10-14 17:26:34.023819 X-ray: Golf, sending you 1
2024-10-14 17:26:34.024699 Delta: Echo, sending you 6
2024-10-14 17:26:34.025194 Mike: Juliett, sending you 2
2024-10-14 17:26:34.026143 Golf: Oscar, Mike, Juliett, Echo and Kilo, sending you 1
2024-10-14 17:26:34.027674 Kilo: Oscar and Juliett, sending you 2
2024-10-14 17:26:34.029683 Alpha: Sending you 6
2024-10-14 17:26:34.030719 Golf: Delta, sending you 2
2024-10-14 17:26:34.031418 Kilo: Mike, sending you 1
2024-10-14 17:26:34.034687 Kilo: Echo, sending you 6
2024-10-14 17:26:34.039670 Kilo: Delta, sending you 3
chatterbot Golf submitting transactions
chatterbot X-ray submitting transactions
chatterbot Juliett submitting transactions
chatterbot Mike submitting transactions
chatterbot Echo submitting transactions
chatterbot Delta submitting transactions
chatterbot Kilo submitting transactions
chatterbot Charlie submitting transactions
chatterbot Oscar submitting transactions
chatterbot Alpha submitting transactions
ChatterBot Oscar round 6
ChatterBot Mike round 6
ChatterBot X-ray round 6
ChatterBot Juliett round 6
ChatterBot Echo round 6
ChatterBot Golf round 6
ChatterBot Delta round 6
ChatterBot Alpha round 6
ChatterBot Charlie round 6
ChatterBot Kilo round 6
2024-10-14 17:26:35.218360 Mike: We should drop Golf
2024-10-14 17:26:35.234976 Echo: Yes
2024-10-14 17:26:35.235171 Oscar: No
2024-10-14 17:26:35.235354 Juliett: No
2024-10-14 17:26:35.235486 Delta: No
2024-10-14 17:26:35.235627 Kilo: Yes
ChatterBot Mike reevaluating
ChatterBot Delta reevaluating
ChatterBot Mike reevaluating
ChatterBot Delta reevaluating
ChatterBot Kilo reevaluating
ChatterBot Mike reevaluating
ChatterBot Delta reevaluating
ChatterBot Kilo reevaluating
ChatterBot Mike reevaluating
ChatterBot Kilo reevaluating
ChatterBot Mike reevaluating
ChatterBot Delta reevaluating
2024-10-14 17:26:35.304664 Oscar: Mike, sending you 1
2024-10-14 17:26:35.309667 Oscar: Juliett and Kilo, sending you 2
2024-10-14 17:26:35.310261 Charlie: Same as last round
2024-10-14 17:26:35.313687 Oscar: Echo and Delta, sending you 3
2024-10-14 17:26:35.314665 Alpha: Same as last round
2024-10-14 17:26:35.316664 X-ray: Echo, sending you 2
2024-10-14 17:26:35.317189 Juliett: Oscar, Mike, Echo, Delta and Kilo, sending you 2
2024-10-14 17:26:35.321669 X-ray: Golf, sending you 1
2024-10-14 17:26:35.322132 Juliett: Golf, sending you 1
2024-10-14 17:26:35.322554 Echo: Oscar, Mike and Juliett, sending you 3
2024-10-14 17:26:35.322938 Delta: Oscar, sending you 4
2024-10-14 17:26:35.323391 Golf: Oscar, Mike, Juliett, Echo and Kilo, sending you 1
2024-10-14 17:26:35.326679 Echo: Delta and Kilo, sending you 5
2024-10-14 17:26:35.327096 Delta: Mike, sending you 1
2024-10-14 17:26:35.327662 Golf: Delta, sending you 2
2024-10-14 17:26:35.330064 Delta: Juliett and Golf, sending you 2
2024-10-14 17:26:35.330683 Mike: Oscar, Delta and Kilo, sending you 1
2024-10-14 17:26:35.334656 Delta: Echo, sending you 6
2024-10-14 17:26:35.335155 Mike: Juliett and Echo, sending you 2
2024-10-14 17:26:35.337665 Delta: Kilo, sending you 3
chatterbot Echo submitting transactions
chatterbot Charlie submitting transactions
chatterbot Oscar submitting transactions
chatterbot Delta submitting transactions
chatterbot X-ray submitting transactions
chatterbot Juliett submitting transactions
chatterbot Golf submitting transactions
chatterbot Alpha submitting transactions
chatterbot Mike submitting transactions
chatterbot Kilo submitting transactions
ChatterBot Oscar round 7
ChatterBot Mike round 7
ChatterBot X-ray round 7
ChatterBot Juliett round 7
ChatterBot Echo round 7
ChatterBot Golf round 7
ChatterBot Delta round 7
ChatterBot Alpha round 7
ChatterBot Charlie round 7
ChatterBot Kilo round 7
2024-10-14 17:26:36.488491 Kilo: We should replace Mike with Golf
ChatterBot Echo reevaluating
2024-10-14 17:26:36.500786 Oscar: No
2024-10-14 17:26:36.500952 Juliett: No
2024-10-14 17:26:36.501067 Echo: Yes
2024-10-14 17:26:36.501184 Delta: Yes
ChatterBot Kilo reevaluating
ChatterBot Echo reevaluating
ChatterBot Delta reevaluating
ChatterBot Kilo reevaluating
ChatterBot Echo reevaluating
ChatterBot Delta reevaluating
ChatterBot Kilo reevaluating
ChatterBot Delta reevaluating
ChatterBot Kilo reevaluating
ChatterBot Echo reevaluating
2024-10-14 17:26:36.556203 Oscar: Mike, sending you 1
2024-10-14 17:26:36.556770 Mike: Oscar, Delta and Kilo, sending you 1
2024-10-14 17:26:36.557249 Kilo: Golf we want you to join our group
2024-10-14 17:26:36.560048 Golf: Yes
ChatterBot Kilo reevaluating
ChatterBot Echo reevaluating
ChatterBot Delta reevaluating
2024-10-14 17:26:36.573609 Oscar: Juliett and Kilo, sending you 2
2024-10-14 17:26:36.574035 Mike: Juliett and Echo, sending you 2
2024-10-14 17:26:36.575669 Golf: Oscar, Mike, Juliett, Echo and Kilo, sending you 1
2024-10-14 17:26:36.576678 Echo: Golf we want you to join our group
2024-10-14 17:26:36.579719 Golf: Yes
ChatterBot Kilo reevaluating
ChatterBot Delta reevaluating
2024-10-14 17:26:36.592392 Oscar: Echo and Delta, sending you 3
2024-10-14 17:26:36.592834 Alpha: Same as last round
2024-10-14 17:26:36.593032 X-ray: Echo, sending you 2
2024-10-14 17:26:36.593393 Juliett: Oscar, Mike, Echo, Delta and Kilo, sending you 2
2024-10-14 17:26:36.593809 Charlie: Same as last round
2024-10-14 17:26:36.593978 Golf: Delta, sending you 2
2024-10-14 17:26:36.597679 X-ray: Golf, sending you 1
2024-10-14 17:26:36.598664 Juliett: Golf, sending you 1
2024-10-14 17:26:36.614798 Echo: Oscar, Juliett and Golf, sending you 3
2024-10-14 17:26:36.617669 Delta: Oscar and Kilo, sending you 3
2024-10-14 17:26:36.618330 Echo: Delta and Kilo, sending you 5
2024-10-14 17:26:36.622680 Delta: Mike, sending you 1
2024-10-14 17:26:36.627656 Delta: Juliett and Golf, sending you 2
2024-10-14 17:26:36.628735 Kilo: Oscar and Juliett, sending you 2
2024-10-14 17:26:36.631680 Delta: Echo, sending you 7
2024-10-14 17:26:36.633683 Kilo: Echo, sending you 6
2024-10-14 17:26:36.638676 Kilo: Golf, sending you 1
2024-10-14 17:26:36.643680 Kilo: Delta, sending you 3
chatterbot X-ray submitting transactions
chatterbot Golf submitting transactions
chatterbot Mike submitting transactions
chatterbot Juliett submitting transactions
chatterbot Oscar submitting transactions
chatterbot Echo submitting transactions
chatterbot Kilo submitting transactions
chatterbot Alpha submitting transactions
chatterbot Delta submitting transactions
chatterbot Charlie submitting transactions
ChatterBot Oscar round 8
ChatterBot Mike round 8
ChatterBot X-ray round 8
ChatterBot Juliett round 8
ChatterBot Echo round 8
ChatterBot Golf round 8
2024-10-14 17:26:37.724943 Mike: We should add Golf
2024-10-14 17:26:37.743215 Echo: Yes
2024-10-14 17:26:37.743419 Oscar: Yes
2024-10-14 17:26:37.743578 Juliett: Yes
2024-10-14 17:26:37.743761 Delta: Yes
2024-10-14 17:26:37.743955 Kilo: Yes
ChatterBot Delta reevaluating
ChatterBot Delta round 8
ChatterBot Alpha round 8
ChatterBot Charlie round 8
ChatterBot Kilo round 8
2024-10-14 17:26:37.820875 Mike: Golf we want you to join our group
2024-10-14 17:26:37.823692 Golf: Yes
ChatterBot Delta reevaluating
2024-10-14 17:26:37.851665 Oscar: Mike, sending you 1
2024-10-14 17:26:37.855691 Oscar: Juliett and Kilo, sending you 2
2024-10-14 17:26:37.857662 X-ray: Echo, sending you 2
2024-10-14 17:26:37.859670 Mike: Oscar, Echo, Golf, Delta and Kilo, sending you 1
2024-10-14 17:26:37.860400 Kilo: Oscar and Juliett, sending you 2
2024-10-14 17:26:37.860796 Echo: Oscar, Juliett and Golf, sending you 3
2024-10-14 17:26:37.861452 Golf: Oscar, Mike, Juliett, Echo and Kilo, sending you 1
2024-10-14 17:26:37.861979 X-ray: Golf, sending you 1
2024-10-14 17:26:37.862474 Oscar: Echo and Delta, sending you 3
2024-10-14 17:26:37.863664 Juliett: Oscar, Mike, Echo, Delta and Kilo, sending you 2
2024-10-14 17:26:37.864671 Mike: Juliett, sending you 2
2024-10-14 17:26:37.865313 Echo: Delta and Kilo, sending you 5
2024-10-14 17:26:37.865790 Kilo: Echo, sending you 6
2024-10-14 17:26:37.866119 Golf: Delta, sending you 2
2024-10-14 17:26:37.866660 Juliett: Golf, sending you 1
2024-10-14 17:26:37.867716 Alpha: Same as last round
2024-10-14 17:26:37.870960 Kilo: Golf, sending you 1
2024-10-14 17:26:37.874692 Kilo: Delta, sending you 3
2024-10-14 17:26:37.875676 Delta: Oscar and Kilo, sending you 3
2024-10-14 17:26:37.878682 Delta: Mike, sending you 1
2024-10-14 17:26:37.879876 Charlie: Same as last round
2024-10-14 17:26:37.883669 Delta: Juliett and Golf, sending you 2
2024-10-14 17:26:37.887654 Delta: Echo, sending you 7
chatterbot Oscar submitting transactions
chatterbot Juliett submitting transactions
chatterbot Delta submitting transactions
chatterbot X-ray submitting transactions
chatterbot Golf submitting transactions
chatterbot Kilo submitting transactions
chatterbot Echo submitting transactions
chatterbot Mike submitting transactions
chatterbot Charlie submitting transactions
chatterbot Alpha submitting transactions
ChatterBot Oscar round 9
ChatterBot Mike round 9
ChatterBot X-ray round 9
ChatterBot Juliett round 9
ChatterBot Echo round 9
ChatterBot Golf round 9
ChatterBot Delta round 9
ChatterBot Alpha round 9
ChatterBot Charlie round 9
ChatterBot Kilo round 9
2024-10-14 17:26:39.020666 Juliett: Oscar, Mike, Echo, Delta and Kilo, sending you 2
2024-10-14 17:26:39.022655 Mike: Oscar, Echo, Golf, Delta and Kilo, sending you 1
2024-10-14 17:26:39.023755 Juliett: Golf, sending you 1
2024-10-14 17:26:39.027686 Mike: Juliett, sending you 2
2024-10-14 17:26:39.030680 Echo: Oscar, Juliett and Golf, sending you 3
2024-10-14 17:26:39.031673 Oscar: Mike, sending you 1
2024-10-14 17:26:39.032286 X-ray: Echo, sending you 2
2024-10-14 17:26:39.034129 Echo: Delta and Kilo, sending you 5
2024-10-14 17:26:39.036677 Oscar: Juliett and Kilo, sending you 2
2024-10-14 17:26:39.037297 X-ray: Golf, sending you 1
2024-10-14 17:26:39.039706 Oscar: Echo and Delta, sending you 3
2024-10-14 17:26:39.040650 Charlie: Same as last round
2024-10-14 17:26:39.041671 Alpha: Same as last round
2024-10-14 17:26:39.042672 Delta: Oscar and Kilo, sending you 3
2024-10-14 17:26:39.043654 Golf: Oscar, Mike, Juliett, Echo and Kilo, sending you 1
2024-10-14 17:26:39.046688 Kilo: Oscar and Juliett, sending you 2
2024-10-14 17:26:39.047881 Golf: Delta, sending you 2
2024-10-14 17:26:39.048711 Delta: Mike, sending you 1
2024-10-14 17:26:39.051646 Kilo: Echo, sending you 6
2024-10-14 17:26:39.052057 Delta: Juliett and Golf, sending you 2
2024-10-14 17:26:39.056662 Kilo: Golf, sending you 1
2024-10-14 17:26:39.057031 Delta: Echo, sending you 7
2024-10-14 17:26:39.061661 Kilo: Delta, sending you 3
chatterbot Golf submitting transactions
chatterbot Echo submitting transactions
chatterbot Oscar submitting transactions
chatterbot Alpha submitting transactions
chatterbot Delta submitting transactions
chatterbot Juliett submitting transactions
chatterbot X-ray submitting transactions
chatterbot Mike submitting transactions
chatterbot Kilo submitting transactions
chatterbot Charlie submitting transactions
ChatterBot Oscar round 10
ChatterBot Mike round 10
ChatterBot X-ray round 10
ChatterBot Juliett round 10
ChatterBot Echo round 10
ChatterBot Golf round 10
ChatterBot Delta round 10
ChatterBot Alpha round 10
ChatterBot Charlie round 10
ChatterBot Kilo round 10
2024-10-14 17:26:40.331678 X-ray: Echo, sending you 2
2024-10-14 17:26:40.335674 Delta: Oscar and Kilo, sending you 3
2024-10-14 17:26:40.336553 Charlie: Same as last round
2024-10-14 17:26:40.337266 X-ray: Golf, sending you 1
2024-10-14 17:26:40.338672 Delta: Mike, sending you 1
2024-10-14 17:26:40.339685 Mike: Oscar, Echo, Golf, Delta and Kilo, sending you 1
2024-10-14 17:26:40.342700 Delta: Juliett and Golf, sending you 2
2024-10-14 17:26:40.344065 Mike: Juliett, sending you 2
2024-10-14 17:26:40.344797 Oscar: Mike, sending you 1
2024-10-14 17:26:40.346665 Golf: Mike, Juliett and Kilo, sending you 1
2024-10-14 17:26:40.347988 Juliett: Oscar, Mike, Echo, Delta and Kilo, sending you 2
2024-10-14 17:26:40.348658 Echo: Oscar, Juliett and Golf, sending you 3
2024-10-14 17:26:40.349137 Delta: Echo, sending you 7
2024-10-14 17:26:40.350429 Oscar: Juliett and Kilo, sending you 2
2024-10-14 17:26:40.351186 Alpha: Same as last round
2024-10-14 17:26:40.351687 Juliett: Golf, sending you 1
2024-10-14 17:26:40.352830 Echo: Delta and Kilo, sending you 5
2024-10-14 17:26:40.354235 Kilo: Oscar and Juliett, sending you 2
2024-10-14 17:26:40.355193 Golf: Echo and Delta, sending you 2
2024-10-14 17:26:40.356459 Oscar: Echo and Delta, sending you 3
2024-10-14 17:26:40.358684 Kilo: Echo, sending you 6
2024-10-14 17:26:40.362675 Kilo: Golf, sending you 1
2024-10-14 17:26:40.368686 Kilo: Delta, sending you 3
chatterbot Delta submitting transactions
chatterbot Kilo submitting transactions
chatterbot Mike submitting transactions
chatterbot X-ray submitting transactions
chatterbot Charlie submitting transactions
chatterbot Oscar submitting transactions
chatterbot Juliett submitting transactions
chatterbot Echo submitting transactions
chatterbot Alpha submitting transactions
chatterbot Golf submitting transactions
ChatterBot Oscar round 11
ChatterBot Mike round 11
ChatterBot X-ray round 11
ChatterBot Juliett round 11
ChatterBot Echo round 11
ChatterBot Golf round 11
ChatterBot Delta round 11
ChatterBot Alpha round 11
ChatterBot Charlie round 11
ChatterBot Kilo round 11
2024-10-14 17:26:41.469803 X-ray: Let's form a team
ChatterBot Alpha reevaluating
ChatterBot Charlie reevaluating
2024-10-14 17:26:41.478508 Alpha: Yes
2024-10-14 17:26:41.478725 Charlie: Yes
ChatterBot Charlie reevaluating
ChatterBot Alpha reevaluating
2024-10-14 17:26:41.492956 Alpha: We should add X-ray
ChatterBot Charlie reevaluating
2024-10-14 17:26:41.498372 Charlie: Yes
ChatterBot Alpha reevaluating
2024-10-14 17:26:41.518016 Alpha: X-ray we want you to join our group
2024-10-14 17:26:41.521685 X-ray: Yes
ChatterBot Alpha reevaluating
ChatterBot Charlie reevaluating
2024-10-14 17:26:41.532663 Oscar: Mike, sending you 1
2024-10-14 17:26:41.534292 Echo: Oscar, Juliett and Golf, sending you 3
2024-10-14 17:26:41.536043 X-ray: Alpha, sending you 2
2024-10-14 17:26:41.536495 Mike: Oscar, Echo, Golf, Delta and Kilo, sending you 1
2024-10-14 17:26:41.538359 Charlie: X-ray we want you to join our group
2024-10-14 17:26:41.541395 X-ray: Yes
ChatterBot Alpha reevaluating
2024-10-14 17:26:41.549515 Oscar: Juliett and Kilo, sending you 2
2024-10-14 17:26:41.551020 Echo: Delta and Kilo, sending you 5
2024-10-14 17:26:41.551523 X-ray: Charlie, sending you 1
2024-10-14 17:26:41.551787 Delta: Oscar and Kilo, sending you 3
2024-10-14 17:26:41.552462 Mike: Juliett, sending you 2
2024-10-14 17:26:41.553572 Juliett: Oscar, Mike, Echo, Delta and Kilo, sending you 2
2024-10-14 17:26:41.554334 Golf: Oscar, Mike, Juliett, Delta and Kilo, sending you 1
2024-10-14 17:26:41.555073 Oscar: Echo and Delta, sending you 3
2024-10-14 17:26:41.556347 Delta: Mike, sending you 1
2024-10-14 17:26:41.557638 Kilo: Oscar and Juliett, sending you 2
2024-10-14 17:26:41.558294 Juliett: Golf, sending you 1
2024-10-14 17:26:41.559713 Golf: Echo, sending you 2
2024-10-14 17:26:41.560691 Delta: Juliett and Golf, sending you 2
2024-10-14 17:26:41.562660 Kilo: Echo, sending you 6
2024-10-14 17:26:41.566662 Delta: Echo, sending you 7
2024-10-14 17:26:41.567466 Kilo: Golf, sending you 1
2024-10-14 17:26:41.571652 Kilo: Delta, sending you 3
2024-10-14 17:26:41.577676 Charlie: X-ray, sending you 1
2024-10-14 17:26:41.579971 Alpha: Charlie, sending you 5
2024-10-14 17:26:41.580662 Charlie: Alpha, sending you 7
chatterbot Oscar submitting transactions
chatterbot Kilo submitting transactions
chatterbot Mike submitting transactions
chatterbot X-ray submitting transactions
chatterbot Delta submitting transactions
chatterbot Juliett submitting transactions
chatterbot Golf submitting transactions
chatterbot Echo submitting transactions
chatterbot Alpha submitting transactions
chatterbot Charlie submitting transactions
ChatterBot Oscar round 12
ChatterBot Mike round 12
ChatterBot X-ray round 12
ChatterBot Juliett round 12
ChatterBot Echo round 12
ChatterBot Golf round 12
ChatterBot Delta round 12
ChatterBot Alpha round 12
ChatterBot Charlie round 12
ChatterBot Kilo round 12
2024-10-14 17:26:42.637691 Juliett: Oscar, Mike, Echo, Delta and Kilo, sending you 2
2024-10-14 17:26:42.641668 Juliett: Golf, sending you 1
2024-10-14 17:26:42.646151 Golf: Oscar, Mike, Juliett, Delta and Kilo, sending you 1
2024-10-14 17:26:42.647035 X-ray: Alpha, sending you 1
2024-10-14 17:26:42.647328 Echo: Oscar, Juliett and Golf, sending you 3
2024-10-14 17:26:42.647831 Oscar: Mike, sending you 1
2024-10-14 17:26:42.648783 Mike: Oscar, Echo, Golf, Delta and Kilo, sending you 1
2024-10-14 17:26:42.650666 Golf: Echo, sending you 2
2024-10-14 17:26:42.652 X-ray: Charlie, sending you 2
2024-10-14 17:26:42.652322 Oscar: Juliett and Kilo, sending you 2
2024-10-14 17:26:42.653439 Echo: Delta and Kilo, sending you 5
2024-10-14 17:26:42.654687 Mike: Juliett, sending you 2
2024-10-14 17:26:42.656017 Delta: Oscar and Kilo, sending you 3
2024-10-14 17:26:42.656983 Alpha: X-ray, sending you 1
2024-10-14 17:26:42.657305 Kilo: Oscar and Juliett, sending you 2
2024-10-14 17:26:42.657885 Charlie: X-ray, sending you 1
2024-10-14 17:26:42.658243 Oscar: Echo and Delta, sending you 3
2024-10-14 17:26:42.660029 Alpha: Charlie, sending you 5
2024-10-14 17:26:42.661713 Delta: Mike, sending you 1
2024-10-14 17:26:42.662495 Charlie: Alpha, sending you 7
2024-10-14 17:26:42.662788 Kilo: Echo, sending you 6
2024-10-14 17:26:42.666657 Delta: Juliett and Golf, sending you 2
2024-10-14 17:26:42.667665 Kilo: Golf, sending you 1
2024-10-14 17:26:42.672042 Delta: Echo, sending you 7
2024-10-14 17:26:42.672823 Kilo: Delta, sending you 3
chatterbot Mike submitting transactions
chatterbot X-ray submitting transactions
chatterbot Golf submitting transactions
chatterbot Delta submitting transactions
chatterbot Alpha submitting transactions
chatterbot Charlie submitting transactions
chatterbot Echo submitting transactions
chatterbot Kilo submitting transactions
chatterbot Juliett submitting transactions
chatterbot Oscar submitting transactions
ChatterBot Oscar round 13
ChatterBot Mike round 13
ChatterBot X-ray round 13
ChatterBot Juliett round 13
ChatterBot Echo round 13
ChatterBot Golf round 13
ChatterBot Delta round 13
ChatterBot Alpha round 13
ChatterBot Charlie round 13
ChatterBot Kilo round 13
2024-10-14 17:26:43.923688 Mike: Oscar, Echo, Golf, Delta and Kilo, sending you 1
2024-10-14 17:26:43.925167 Juliett: Oscar, Mike, Echo, Delta and Kilo, sending you 2
2024-10-14 17:26:43.926699 Alpha: X-ray, sending you 1
2024-10-14 17:26:43.928651 Mike: Juliett, sending you 2
2024-10-14 17:26:43.929711 Golf: Oscar, Mike, Juliett, Delta and Kilo, sending you 1
2024-10-14 17:26:43.931274 Alpha: Charlie, sending you 5
2024-10-14 17:26:43.931645 Juliett: Golf, sending you 1
2024-10-14 17:26:43.932661 Delta: Oscar and Kilo, sending you 3
2024-10-14 17:26:43.933881 Kilo: Oscar and Juliett, sending you 2
2024-10-14 17:26:43.934895 Oscar: Mike, sending you 1
2024-10-14 17:26:43.935946 X-ray: Alpha, sending you 1
2024-10-14 17:26:43.936690 Charlie: X-ray, sending you 1
2024-10-14 17:26:43.937122 Echo: Oscar, Juliett and Golf, sending you 3
2024-10-14 17:26:43.937822 Golf: Echo, sending you 2
2024-10-14 17:26:43.939067 Delta: Mike, sending you 1
2024-10-14 17:26:43.940065 Kilo: Echo, sending you 6
2024-10-14 17:26:43.940826 Oscar: Juliett and Kilo, sending you 2
2024-10-14 17:26:43.941980 Charlie: Alpha, sending you 7
2024-10-14 17:26:43.942287 X-ray: Charlie, sending you 2
2024-10-14 17:26:43.942669 Echo: Delta and Kilo, sending you 5
2024-10-14 17:26:43.943677 Delta: Juliett and Golf, sending you 2
2024-10-14 17:26:43.944522 Kilo: Golf, sending you 1
2024-10-14 17:26:43.945671 Oscar: Echo and Delta, sending you 3
2024-10-14 17:26:43.946666 Delta: Echo, sending you 7
2024-10-14 17:26:43.948084 Kilo: Delta, sending you 3
chatterbot Echo submitting transactions
chatterbot Alpha submitting transactions
chatterbot Delta submitting transactions
chatterbot Golf submitting transactions
chatterbot X-ray submitting transactions
chatterbot Mike submitting transactions
chatterbot Charlie submitting transactions
chatterbot Kilo submitting transactions
chatterbot Juliett submitting transactions
chatterbot Oscar submitting transactions
ChatterBot Oscar round 14
ChatterBot Mike round 14
ChatterBot X-ray round 14
ChatterBot Juliett round 14
ChatterBot Echo round 14
ChatterBot Golf round 14
ChatterBot Delta round 14
ChatterBot Alpha round 14
ChatterBot Charlie round 14
ChatterBot Kilo round 14
2024-10-14 17:26:45.040860 X-ray: Alpha, sending you 1
2024-10-14 17:26:45.041679 Oscar: Juliett and Kilo, sending you 2
2024-10-14 17:26:45.043885 Alpha: X-ray, sending you 1
2024-10-14 17:26:45.044111 Delta: Oscar and Kilo, sending you 3
2024-10-14 17:26:45.044843 Golf: Oscar, Mike, Juliett, Delta and Kilo, sending you 1
2024-10-14 17:26:45.046347 Juliett: Oscar, Mike, Echo, Delta and Kilo, sending you 2
2024-10-14 17:26:45.047849 X-ray: Charlie, sending you 2
2024-10-14 17:26:45.048128 Mike: Oscar, Echo, Golf, Delta and Kilo, sending you 1
2024-10-14 17:26:45.049214 Oscar: Echo and Delta, sending you 3
2024-10-14 17:26:45.050821 Delta: Mike, sending you 1
2024-10-14 17:26:45.051753 Alpha: Charlie, sending you 5
2024-10-14 17:26:45.052038 Golf: Echo, sending you 2
2024-10-14 17:26:45.053482 Juliett: Golf, sending you 1
2024-10-14 17:26:45.054248 Mike: Juliett, sending you 2
2024-10-14 17:26:45.055565 Oscar: Golf, sending you 1
2024-10-14 17:26:45.056969 Delta: Juliett and Golf, sending you 2
2024-10-14 17:26:45.058388 Echo: Oscar, Juliett and Golf, sending you 3
2024-10-14 17:26:45.059466 Kilo: Oscar and Juliett, sending you 2
2024-10-14 17:26:45.060170 Charlie: X-ray, sending you 1
2024-10-14 17:26:45.061697 Delta: Echo, sending you 7
2024-10-14 17:26:45.063185 Echo: Delta and Kilo, sending you 5
2024-10-14 17:26:45.063761 Kilo: Echo, sending you 6
2024-10-14 17:26:45.065366 Charlie: Alpha, sending you 7
2024-10-14 17:26:45.067721 Kilo: Golf, sending you 1
2024-10-14 17:26:45.073673 Kilo: Delta, sending you 3
chatterbot Mike submitting transactions
chatterbot Juliett submitting transactions
chatterbot Kilo submitting transactions
chatterbot Oscar submitting transactions
chatterbot X-ray submitting transactions
chatterbot Alpha submitting transactions
chatterbot Charlie submitting transactions
chatterbot Echo submitting transactions
chatterbot Golf submitting transactions
chatterbot Delta submitting transactions
ChatterBot Oscar round 15
ChatterBot Mike round 15
ChatterBot X-ray round 15
ChatterBot Juliett round 15
ChatterBot Echo round 15
ChatterBot Golf round 15
ChatterBot Delta round 15
ChatterBot Alpha round 15
ChatterBot Charlie round 15
ChatterBot Kilo round 15
2024-10-14 17:26:46.298588 Golf: We should drop Mike
ChatterBot Oscar reevaluating
ChatterBot Juliett reevaluating
ChatterBot Delta reevaluating
2024-10-14 17:26:46.316146 Kilo: Yes
2024-10-14 17:26:46.316370 Oscar: Yes
2024-10-14 17:26:46.316557 Juliett: Yes
2024-10-14 17:26:46.317092 Echo: Yes
2024-10-14 17:26:46.317247 Delta: Yes
ChatterBot Oscar reevaluating
ChatterBot Juliett reevaluating
ChatterBot Delta reevaluating
ChatterBot Juliett reevaluating
ChatterBot Delta reevaluating
ChatterBot Oscar reevaluating
ChatterBot Delta reevaluating
ChatterBot Oscar reevaluating
ChatterBot Juliett reevaluating
ChatterBot Delta reevaluating
ChatterBot Oscar reevaluating
ChatterBot Juliett reevaluating
2024-10-14 17:26:46.398678 Alpha: X-ray, sending you 1
2024-10-14 17:26:46.399678 X-ray: Alpha, sending you 2
2024-10-14 17:26:46.400715 Mike: Oscar, Echo, Golf, Delta and Kilo, sending you 1
2024-10-14 17:26:46.402546 Echo: Oscar, Juliett and Golf, sending you 3
2024-10-14 17:26:46.404371 Alpha: Charlie, sending you 5
2024-10-14 17:26:46.405036 X-ray: Charlie, sending you 1
2024-10-14 17:26:46.406703 Mike: Juliett, sending you 2
2024-10-14 17:26:46.409833 Echo: Delta and Kilo, sending you 5
2024-10-14 17:26:46.411941 Kilo: Oscar and Juliett, sending you 2
2024-10-14 17:26:46.417683 Kilo: Echo, sending you 6
2024-10-14 17:26:46.419168 Golf: Oscar, Juliett and Kilo, sending you 1
2024-10-14 17:26:46.421062 Charlie: X-ray, sending you 1
2024-10-14 17:26:46.421657 Kilo: Golf, sending you 1
2024-10-14 17:26:46.423674 Charlie: Alpha, sending you 7
2024-10-14 17:26:46.424220 Delta: Oscar and Kilo, sending you 3
2024-10-14 17:26:46.427830 Golf: Echo and Delta, sending you 2
2024-10-14 17:26:46.429595 Kilo: Delta, sending you 3
2024-10-14 17:26:46.431568 Delta: Mike, sending you 1
2024-10-14 17:26:46.434033 Juliett: Oscar, Golf, Delta and Kilo, sending you 2
2024-10-14 17:26:46.436702 Oscar: Juliett and Kilo, sending you 2
2024-10-14 17:26:46.438666 Delta: Juliett and Golf, sending you 2
2024-10-14 17:26:46.440052 Juliett: Echo, sending you 3
