ChatterBot Charlie round 1
ChatterBot Whiskey round 1
ChatterBot Lima round 1
ChatterBot Delta round 1
ChatterBot X-ray round 1
ChatterBot Tango round 1
ChatterBot Oscar round 1
ChatterBot Romeo round 1
ChatterBot Kilo round 1
ChatterBot Sierra round 1
randomSelections Charlie: {Charlie, Kilo, Whiskey, Romeo, Sierra, Tango} 
2024-10-14 17:26:28.593676 Charlie: Friends?
ChatterBot Kilo reevaluating
ChatterBot Whiskey reevaluating
ChatterBot Romeo reevaluating
ChatterBot Sierra reevaluating
ChatterBot Tango reevaluating
2024-10-14 17:26:28.621543 Kilo: Yes
2024-10-14 17:26:28.621746 Whiskey: Yes
2024-10-14 17:26:28.621970 Romeo: Yes
2024-10-14 17:26:28.622115 Sierra: Yes
2024-10-14 17:26:28.622277 Tango: Yes
ChatterBot Whiskey reevaluating
ChatterBot Romeo reevaluating
ChatterBot Sierra reevaluating
ChatterBot Tango reevaluating
ChatterBot Kilo reevaluating
ChatterBot Romeo reevaluating
ChatterBot Sierra reevaluating
ChatterBot Tango reevaluating
ChatterBot Kilo reevaluating
ChatterBot Whiskey reevaluating
ChatterBot Sierra reevaluating
ChatterBot Tango reevaluating
ChatterBot Kilo reevaluating
ChatterBot Whiskey reevaluating
ChatterBot Romeo reevaluating
ChatterBot Tango reevaluating
ChatterBot Kilo reevaluating
ChatterBot Whiskey reevaluating
ChatterBot Romeo reevaluating
ChatterBot Sierra reevaluating
randomSelections Lima: {Lima, Tango, Whiskey, Sierra, Romeo, Oscar} 
2024-10-14 17:26:28.695002 Lima: Group up?
ChatterBot Tango reevaluating
ChatterBot Whiskey reevaluating
ChatterBot Sierra reevaluating
ChatterBot Romeo reevaluating
ChatterBot Oscar reevaluating
2024-10-14 17:26:28.707317 Tango: No
2024-10-14 17:26:28.707681 Whiskey: No
2024-10-14 17:26:28.708068 Sierra: No
2024-10-14 17:26:28.709999 Romeo: No
2024-10-14 17:26:28.711113 Oscar: Yes
ChatterBot Whiskey reevaluating
ChatterBot Sierra reevaluating
ChatterBot Romeo reevaluating
ChatterBot Oscar reevaluating
ChatterBot Tango reevaluating
ChatterBot Sierra reevaluating
ChatterBot Romeo reevaluating
ChatterBot Oscar reevaluating
ChatterBot Tango reevaluating
ChatterBot Whiskey reevaluating
ChatterBot Romeo reevaluating
ChatterBot Oscar reevaluating
ChatterBot Tango reevaluating
ChatterBot Whiskey reevaluating
ChatterBot Sierra reevaluating
ChatterBot Oscar reevaluating
ChatterBot Tango reevaluating
ChatterBot Whiskey reevaluating
ChatterBot Sierra reevaluating
ChatterBot Romeo reevaluating
randomSelections X-ray: {X-ray, Whiskey, Kilo, Charlie, Tango} 
2024-10-14 17:26:28.772363 X-ray: Can we be friends?
ChatterBot Whiskey reevaluating
ChatterBot Kilo reevaluating
ChatterBot Tango reevaluating
2024-10-14 17:26:28.778926 Whiskey: No
2024-10-14 17:26:28.779069 Kilo: No
2024-10-14 17:26:28.779189 Charlie: No
2024-10-14 17:26:28.780115 Tango: No
ChatterBot Kilo reevaluating
ChatterBot Tango reevaluating
ChatterBot Whiskey reevaluating
ChatterBot Tango reevaluating
ChatterBot Whiskey reevaluating
ChatterBot Kilo reevaluating
ChatterBot Tango reevaluating
ChatterBot Whiskey reevaluating
ChatterBot Kilo reevaluating
randomSelections Delta: {Delta, Charlie, Tango, Lima, Kilo, X-ray} 
2024-10-14 17:26:28.805289 Delta: Let's form a team
ChatterBot Tango reevaluating
ChatterBot Kilo reevaluating
2024-10-14 17:26:28.811455 Charlie: No
2024-10-14 17:26:28.812015 Tango: No
2024-10-14 17:26:28.812127 Lima: No
2024-10-14 17:26:28.812220 Kilo: No
2024-10-14 17:26:28.812321 X-ray: No
ChatterBot Tango reevaluating
ChatterBot Kilo reevaluating
ChatterBot Kilo reevaluating
ChatterBot Tango reevaluating
ChatterBot Kilo reevaluating
ChatterBot Tango reevaluating
ChatterBot Tango reevaluating
ChatterBot Kilo reevaluating
2024-10-14 17:26:28.856778 Delta: Lima and Tango, sending you 2
2024-10-14 17:26:28.857132 Lima: Whiskey and Oscar, sending you 1
2024-10-14 17:26:28.858666 Charlie: Whiskey and Kilo, sending you 2
2024-10-14 17:26:28.859737 Whiskey: Charlie, sending you 3
2024-10-14 17:26:28.860122 Delta: Kilo, sending you 3
2024-10-14 17:26:28.861812 X-ray: Charlie, sending you 4
2024-10-14 17:26:28.862118 Lima: Tango, sending you 2
2024-10-14 17:26:28.862452 Tango: Charlie and Sierra, sending you 2
2024-10-14 17:26:28.862843 Whiskey: Tango, sending you 5
2024-10-14 17:26:28.863990 Charlie: Tango, Romeo and Sierra, sending you 3
2024-10-14 17:26:28.864723 Lima: Romeo and Sierra, sending you 3
2024-10-14 17:26:28.866139 X-ray: Whiskey, sending you 6
2024-10-14 17:26:28.866539 Tango: Whiskey, Romeo and Kilo, sending you 1
2024-10-14 17:26:28.866954 Oscar: Whiskey and Romeo, sending you 1
2024-10-14 17:26:28.868314 Whiskey: Romeo, sending you 4
2024-10-14 17:26:28.868717 Kilo: Charlie and Tango, sending you 5
2024-10-14 17:26:28.869106 X-ray: Tango, sending you 2
2024-10-14 17:26:28.870521 Romeo: Charlie, sending you 3
2024-10-14 17:26:28.873133 Oscar: Lima, sending you 3
2024-10-14 17:26:28.873524 Whiskey: Kilo, sending you 2
2024-10-14 17:26:28.873889 Sierra: Charlie, Whiskey, Tango and Kilo, sending you 1
2024-10-14 17:26:28.874248 Kilo: Whiskey, sending you 2
2024-10-14 17:26:28.875545 X-ray: Kilo, sending you 3
2024-10-14 17:26:28.875989 Romeo: Whiskey and Kilo, sending you 4
2024-10-14 17:26:28.877424 Oscar: Sierra, sending you 2
2024-10-14 17:26:28.877921 Sierra: Romeo, sending you 3
2024-10-14 17:26:28.882342 Kilo: Romeo, sending you 1
2024-10-14 17:26:28.882699 Romeo: Tango, sending you 5
2024-10-14 17:26:28.888862 Kilo: Sierra, sending you 6
2024-10-14 17:26:28.889269 Romeo: Sierra, sending you 2
chatterbot Charlie submitting transactions
chatterbot Lima submitting transactions
chatterbot X-ray submitting transactions
chatterbot Romeo submitting transactions
chatterbot Whiskey submitting transactions
chatterbot Sierra submitting transactions
chatterbot Oscar submitting transactions
chatterbot Tango submitting transactions
chatterbot Kilo submitting transactions
chatterbot Delta submitting transactions
ChatterBot Charlie round 2
ChatterBot Whiskey round 2
ChatterBot Lima round 2
ChatterBot Delta round 2
ChatterBot X-ray round 2
ChatterBot Tango round 2
ChatterBot Oscar round 2
2024-10-14 17:26:31.535563 Lima: We should group up
ChatterBot Oscar reevaluating
ChatterBot Delta reevaluating
2024-10-14 17:26:31.546715 Oscar: Yes
2024-10-14 17:26:31.547402 Delta: Yes
ChatterBot Delta reevaluating
ChatterBot Oscar reevaluating
2024-10-14 17:26:31.563448 Delta: Group up?
ChatterBot Oscar reevaluating
2024-10-14 17:26:31.570191 Lima: Yes
2024-10-14 17:26:31.570324 Oscar: Yes
ChatterBot Oscar reevaluating
ChatterBot Delta reevaluating
ChatterBot Delta reevaluating
ChatterBot Romeo round 2
2024-10-14 17:26:31.592968 Charlie: We should add X-ray
ChatterBot Kilo reevaluating
ChatterBot Whiskey reevaluating
ChatterBot Romeo reevaluating
ChatterBot Sierra reevaluating
2024-10-14 17:26:31.630059 Kilo: Yes
2024-10-14 17:26:31.630249 Whiskey: Yes
2024-10-14 17:26:31.630356 Romeo: Yes
2024-10-14 17:26:31.630460 Sierra: Yes
2024-10-14 17:26:31.630562 Tango: Yes
ChatterBot Whiskey reevaluating
ChatterBot Romeo reevaluating
ChatterBot Sierra reevaluating
ChatterBot Kilo reevaluating
ChatterBot Romeo reevaluating
ChatterBot Sierra reevaluating
ChatterBot Tango reevaluating
ChatterBot Kilo reevaluating
ChatterBot Whiskey reevaluating
ChatterBot Sierra reevaluating
ChatterBot Tango reevaluating
ChatterBot Kilo reevaluating
ChatterBot Whiskey reevaluating
ChatterBot Romeo reevaluating
ChatterBot Tango reevaluating
ChatterBot Kilo reevaluating
ChatterBot Whiskey reevaluating
ChatterBot Romeo reevaluating
ChatterBot Sierra reevaluating
ChatterBot Kilo round 2
2024-10-14 17:26:31.876006 X-ray: We would work well together
ChatterBot Delta reevaluating
2024-10-14 17:26:31.882702 Delta: No
ChatterBot Sierra round 2
2024-10-14 17:26:31.901444 Charlie: X-ray we want you to join our group
2024-10-14 17:26:31.907097 X-ray: No
ChatterBot Whiskey reevaluating
ChatterBot Tango reevaluating
ChatterBot Romeo reevaluating
ChatterBot Kilo reevaluating
ChatterBot Sierra reevaluating
2024-10-14 17:26:31.941499 Sierra: We should add X-ray
ChatterBot Kilo reevaluating
ChatterBot Whiskey reevaluating
ChatterBot Romeo reevaluating
ChatterBot Tango reevaluating
2024-10-14 17:26:31.970148 Charlie: Yes
2024-10-14 17:26:31.971419 Kilo: Yes
2024-10-14 17:26:31.971835 Whiskey: Yes
2024-10-14 17:26:31.972307 Romeo: Yes
2024-10-14 17:26:31.973033 Tango: Yes
ChatterBot Kilo reevaluating
ChatterBot Whiskey reevaluating
ChatterBot Romeo reevaluating
ChatterBot Sierra reevaluating
ChatterBot Tango reevaluating
ChatterBot Whiskey reevaluating
ChatterBot Romeo reevaluating
ChatterBot Sierra reevaluating
ChatterBot Tango reevaluating
ChatterBot Kilo reevaluating
ChatterBot Romeo reevaluating
ChatterBot Sierra reevaluating
ChatterBot Tango reevaluating
ChatterBot Kilo reevaluating
ChatterBot Whiskey reevaluating
ChatterBot Sierra reevaluating
ChatterBot Tango reevaluating
ChatterBot Kilo reevaluating
ChatterBot Whiskey reevaluating
ChatterBot Romeo reevaluating
ChatterBot Sierra reevaluating
2024-10-14 17:26:32.077438 Whiskey: X-ray we want you to join our group
2024-10-14 17:26:32.080171 X-ray: No
ChatterBot Tango reevaluating
ChatterBot Kilo reevaluating
2024-10-14 17:26:32.095804 Romeo: X-ray we want you to join our group
2024-10-14 17:26:32.099020 X-ray: No
ChatterBot Tango reevaluating
ChatterBot Kilo reevaluating
2024-10-14 17:26:32.114858 Lima: Delta and Oscar, sending you 3
2024-10-14 17:26:32.115345 Sierra: X-ray we want you to join our group
2024-10-14 17:26:32.118293 X-ray: No
ChatterBot Kilo reevaluating
2024-10-14 17:26:32.133371 X-ray: Sending you 15
2024-10-14 17:26:32.133607 Oscar: Lima, sending you 5
2024-10-14 17:26:32.133840 Tango: X-ray we want you to join our group
2024-10-14 17:26:32.136790 X-ray: No
ChatterBot Kilo reevaluating
2024-10-14 17:26:32.151762 Charlie: Whiskey, X-ray, Tango, Romeo and Sierra, sending you 2
2024-10-14 17:26:32.152111 Delta: Lima, sending you 4
2024-10-14 17:26:32.152303 Oscar: Delta, sending you 2
2024-10-14 17:26:32.154651 Romeo: Charlie and Sierra, sending you 4
2024-10-14 17:26:32.155886 Charlie: Kilo, sending you 3
2024-10-14 17:26:32.156678 Delta: Oscar, sending you 3
2024-10-14 17:26:32.156890 Whiskey: Charlie, Tango, Kilo and Sierra, sending you 2
2024-10-14 17:26:32.159665 Romeo: Whiskey, sending you 6
2024-10-14 17:26:32.160675 Whiskey: X-ray and Romeo, sending you 3
2024-10-14 17:26:32.164665 Romeo: Tango and Kilo, sending you 2
2024-10-14 17:26:32.165063 Tango: Charlie, sending you 1
2024-10-14 17:26:32.166678 Sierra: Charlie, Whiskey, X-ray, Tango and Romeo, sending you 1
2024-10-14 17:26:32.170267 Tango: Whiskey, Romeo and Kilo, sending you 2
2024-10-14 17:26:32.170817 Sierra: Kilo, sending you 2
chatterbot Charlie submitting transactions
2024-10-14 17:26:32.253702 Kilo: We should add X-ray and Delta
ChatterBot Romeo reevaluating
2024-10-14 17:26:32.272700 Charlie: No
2024-10-14 17:26:32.272887 Whiskey: No
2024-10-14 17:26:32.273022 Romeo: No
2024-10-14 17:26:32.273558 Sierra: No
2024-10-14 17:26:32.273720 Tango: No
ChatterBot Kilo reevaluating
ChatterBot Romeo reevaluating
ChatterBot Kilo reevaluating
ChatterBot Romeo reevaluating
ChatterBot Sierra reevaluating
ChatterBot Kilo reevaluating
ChatterBot Sierra reevaluating
ChatterBot Tango reevaluating
ChatterBot Kilo reevaluating
ChatterBot Romeo reevaluating
ChatterBot Tango reevaluating
ChatterBot Kilo reevaluating
ChatterBot Romeo reevaluating
ChatterBot Sierra reevaluating
2024-10-14 17:26:32.365937 Tango: We should drop X-ray
ChatterBot Romeo reevaluating
ChatterBot Sierra reevaluating
2024-10-14 17:26:32.447788 Charlie: Yes
2024-10-14 17:26:32.448016 Kilo: Yes
2024-10-14 17:26:32.448279 Whiskey: Yes
2024-10-14 17:26:32.448600 Romeo: Yes
2024-10-14 17:26:32.448825 Sierra: Yes
ChatterBot Romeo reevaluating
ChatterBot Sierra reevaluating
ChatterBot Tango reevaluating
ChatterBot Romeo reevaluating
ChatterBot Sierra reevaluating
ChatterBot Tango reevaluating
ChatterBot Romeo reevaluating
ChatterBot Sierra reevaluating
ChatterBot Tango reevaluating
ChatterBot Sierra reevaluating
ChatterBot Tango reevaluating
ChatterBot Romeo reevaluating
ChatterBot Tango reevaluating
2024-10-14 17:26:32.540051 Kilo: X-ray and Delta we want you to join our group
2024-10-14 17:26:32.546749 X-ray: No
2024-10-14 17:26:32.547605 Delta: No
ChatterBot Tango reevaluating
ChatterBot Sierra reevaluating
ChatterBot Tango reevaluating
ChatterBot Sierra reevaluating
chatterbot Whiskey submitting transactions
chatterbot X-ray submitting transactions
chatterbot Oscar submitting transactions
2024-10-14 17:26:32.627787 Kilo: Charlie and Whiskey, sending you 2
2024-10-14 17:26:32.634273 Kilo: Delta and X-ray, sending you 4
2024-10-14 17:26:32.643261 Kilo: Tango and Sierra, sending you 1
2024-10-14 17:26:32.644110 Sierra: Sorry, I'm actually sending you 0
2024-10-14 17:26:32.647745 Kilo: Romeo, sending you 5
2024-10-14 17:26:32.657448 Sierra: Kilo, sending you 3
chatterbot Delta submitting transactions
chatterbot Lima submitting transactions
chatterbot Romeo submitting transactions
chatterbot Tango submitting transactions
chatterbot Sierra submitting transactions
chatterbot Kilo submitting transactions
ChatterBot Charlie round 3
ChatterBot Whiskey round 3
ChatterBot Lima round 3
ChatterBot Delta round 3
ChatterBot X-ray round 3
ChatterBot Tango round 3
ChatterBot Oscar round 3
ChatterBot Romeo round 3
ChatterBot Kilo round 3
ChatterBot Sierra round 3
2024-10-14 17:26:33.650271 Romeo: We should add X-ray
2024-10-14 17:26:33.661260 Charlie: Yes
2024-10-14 17:26:33.661421 Kilo: Yes
2024-10-14 17:26:33.661535 Whiskey: Yes
2024-10-14 17:26:33.661649 Sierra: Yes
2024-10-14 17:26:33.661754 Tango: Yes
ChatterBot Romeo reevaluating
ChatterBot Romeo reevaluating
ChatterBot Tango reevaluating
ChatterBot Romeo reevaluating
ChatterBot Tango reevaluating
ChatterBot Romeo reevaluating
ChatterBot Tango reevaluating
ChatterBot Romeo reevaluating
ChatterBot Sierra reevaluating
2024-10-14 17:26:33.724669 Sierra: X-ray we want you to join our group
ChatterBot X-ray reevaluating
2024-10-14 17:26:33.728968 X-ray: Yes
ChatterBot Tango reevaluating
ChatterBot Romeo reevaluating
ChatterBot Sierra reevaluating
2024-10-14 17:26:33.747782 X-ray: Group up?
ChatterBot Tango reevaluating
ChatterBot Romeo reevaluating
ChatterBot Sierra reevaluating
ChatterBot Delta reevaluating
2024-10-14 17:26:33.770116 Kilo: Yes
2024-10-14 17:26:33.770309 Charlie: No
2024-10-14 17:26:33.770475 Whiskey: No
2024-10-14 17:26:33.770631 Tango: No
2024-10-14 17:26:33.770786 Romeo: No
2024-10-14 17:26:33.770924 Sierra: No
2024-10-14 17:26:33.771043 Delta: No
ChatterBot X-ray reevaluating
ChatterBot Tango reevaluating
ChatterBot Romeo reevaluating
ChatterBot Sierra reevaluating
ChatterBot Delta reevaluating
ChatterBot X-ray reevaluating
ChatterBot Tango reevaluating
ChatterBot Romeo reevaluating
ChatterBot Sierra reevaluating
ChatterBot Delta reevaluating
ChatterBot X-ray reevaluating
ChatterBot Tango reevaluating
ChatterBot Romeo reevaluating
ChatterBot Sierra reevaluating
ChatterBot Delta reevaluating
ChatterBot X-ray reevaluating
ChatterBot Romeo reevaluating
ChatterBot Sierra reevaluating
ChatterBot Delta reevaluating
ChatterBot X-ray reevaluating
ChatterBot Tango reevaluating
ChatterBot Sierra reevaluating
ChatterBot Delta reevaluating
ChatterBot X-ray reevaluating
ChatterBot Tango reevaluating
ChatterBot Romeo reevaluating
ChatterBot Delta reevaluating
ChatterBot X-ray reevaluating
ChatterBot Tango reevaluating
ChatterBot Romeo reevaluating
ChatterBot Sierra reevaluating
2024-10-14 17:26:33.916092 Delta: We should add X-ray
2024-10-14 17:26:33.920403 Lima: Yes
2024-10-14 17:26:33.921107 Oscar: Yes
ChatterBot Delta reevaluating
ChatterBot Delta reevaluating
2024-10-14 17:26:33.931313 Charlie: Whiskey, X-ray, Tango, Kilo and Sierra, sending you 2
2024-10-14 17:26:33.934692 Charlie: Romeo, sending you 3
2024-10-14 17:26:33.935196 Kilo: Charlie, Whiskey and Sierra, sending you 3
2024-10-14 17:26:33.935757 Whiskey: Charlie, Tango, Kilo and Sierra, sending you 2
2024-10-14 17:26:33.936338 Lima: Delta, sending you 4
2024-10-14 17:26:33.936670 Oscar: Lima, sending you 4
2024-10-14 17:26:33.938691 Kilo: Delta, X-ray and Tango, sending you 2
2024-10-14 17:26:33.939129 Lima: Oscar, sending you 3
2024-10-14 17:26:33.939676 Tango: X-ray we want you to join our group
ChatterBot X-ray reevaluating
2024-10-14 17:26:33.943577 X-ray: Yes
ChatterBot Tango reevaluating
ChatterBot Sierra reevaluating
2024-10-14 17:26:33.968459 Whiskey: X-ray and Romeo, sending you 3
2024-10-14 17:26:33.968942 Delta: X-ray we want you to join our group
ChatterBot X-ray reevaluating
2024-10-14 17:26:33.972105 X-ray: No
2024-10-14 17:26:33.978544 Oscar: Delta, sending you 3
2024-10-14 17:26:33.978789 Romeo: X-ray we want you to join our group
ChatterBot X-ray reevaluating
2024-10-14 17:26:33.981334 X-ray: Yes
2024-10-14 17:26:33.993046 Kilo: Romeo, sending you 4
2024-10-14 17:26:34.012672 Delta: Lima, sending you 2
2024-10-14 17:26:34.013400 Romeo: Charlie, Tango and Sierra, sending you 3
2024-10-14 17:26:34.016660 Tango: Charlie, Kilo and Sierra, sending you 1
2024-10-14 17:26:34.017688 Sierra: Charlie, Whiskey, X-ray, Tango and Romeo, sending you 1
2024-10-14 17:26:34.018471 Delta: X-ray, sending you 4
2024-10-14 17:26:34.018836 Romeo: Whiskey, sending you 5
2024-10-14 17:26:34.021663 Tango: Whiskey and Romeo, sending you 2
2024-10-14 17:26:34.022777 Sierra: Kilo, sending you 2
2024-10-14 17:26:34.023279 X-ray: Charlie, sending you 3
2024-10-14 17:26:34.023804 Delta: Oscar, sending you 1
2024-10-14 17:26:34.024686 Romeo: Kilo, sending you 4
2024-10-14 17:26:34.026679 X-ray: Whiskey and Kilo, sending you 4
2024-10-14 17:26:34.030655 X-ray: Romeo and Sierra, sending you 2
chatterbot Kilo submitting transactions
chatterbot X-ray submitting transactions
chatterbot Whiskey submitting transactions
chatterbot Lima submitting transactions
chatterbot Sierra submitting transactions
chatterbot Charlie submitting transactions
chatterbot Oscar submitting transactions
chatterbot Romeo submitting transactions
chatterbot Tango submitting transactions
chatterbot Delta submitting transactions
ChatterBot Charlie round 4
ChatterBot Whiskey round 4
ChatterBot Lima round 4
ChatterBot Delta round 4
ChatterBot X-ray round 4
ChatterBot Tango round 4
ChatterBot Oscar round 4
ChatterBot Romeo round 4
ChatterBot Kilo round 4
ChatterBot Sierra round 4
2024-10-14 17:26:35.194690 Delta: We should drop X-ray
2024-10-14 17:26:35.198825 Lima: Yes
2024-10-14 17:26:35.198959 Oscar: Yes
2024-10-14 17:26:35.208675 X-ray: Charlie, sending you 3
2024-10-14 17:26:35.210700 Lima: Delta, sending you 4
2024-10-14 17:26:35.211394 Charlie: Whiskey, X-ray, Tango, Kilo and Sierra, sending you 2
2024-10-14 17:26:35.211935 Whiskey: Charlie, Tango, Kilo and Sierra, sending you 2
2024-10-14 17:26:35.212690 X-ray: Whiskey and Kilo, sending you 4
2024-10-14 17:26:35.215659 Lima: Oscar, sending you 3
2024-10-14 17:26:35.215940 Whiskey: X-ray and Romeo, sending you 3
2024-10-14 17:26:35.216327 Delta: Lima, sending you 4
2024-10-14 17:26:35.216691 Charlie: Romeo, sending you 3
2024-10-14 17:26:35.217710 X-ray: Romeo and Sierra, sending you 2
2024-10-14 17:26:35.218926 Delta: Oscar, sending you 3
2024-10-14 17:26:35.223683 Kilo: Charlie, Whiskey, X-ray and Sierra, sending you 3
2024-10-14 17:26:35.224681 Tango: Charlie, Kilo and Sierra, sending you 1
2024-10-14 17:26:35.226698 Romeo: Charlie and Tango, sending you 3
2024-10-14 17:26:35.227396 Kilo: Delta, sending you 1
2024-10-14 17:26:35.228492 Sierra: Charlie, Whiskey, X-ray, Tango and Kilo, sending you 1
2024-10-14 17:26:35.229662 Oscar: Lima, sending you 4
2024-10-14 17:26:35.230688 Tango: Whiskey and Romeo, sending you 2
2024-10-14 17:26:35.231483 Romeo: Whiskey, sending you 4
2024-10-14 17:26:35.231898 Kilo: Tango, sending you 2
2024-10-14 17:26:35.232667 Sierra: Romeo, sending you 2
2024-10-14 17:26:35.234683 Oscar: Delta, sending you 3
2024-10-14 17:26:35.235078 Romeo: X-ray, sending you 1
2024-10-14 17:26:35.235776 Kilo: Romeo, sending you 4
2024-10-14 17:26:35.240668 Romeo: Kilo, sending you 5
2024-10-14 17:26:35.243672 Romeo: Sierra, sending you 2
chatterbot Oscar submitting transactions
chatterbot Lima submitting transactions
chatterbot Romeo submitting transactions
chatterbot Kilo submitting transactions
chatterbot Charlie submitting transactions
chatterbot Tango submitting transactions
chatterbot Delta submitting transactions
chatterbot X-ray submitting transactions
chatterbot Whiskey submitting transactions
chatterbot Sierra submitting transactions
ChatterBot Charlie round 5
ChatterBot Whiskey round 5
ChatterBot Lima round 5
ChatterBot Delta round 5
ChatterBot X-ray round 5
ChatterBot Tango round 5
ChatterBot Oscar round 5
ChatterBot Romeo round 5
ChatterBot Kilo round 5
ChatterBot Sierra round 5
2024-10-14 17:26:36.455649 Lima: Delta, sending you 4
2024-10-14 17:26:36.455949 Whiskey: Charlie, Tango, Kilo and Sierra, sending you 2
2024-10-14 17:26:36.458675 Lima: Oscar, sending you 3
2024-10-14 17:26:36.459657 Whiskey: X-ray and Romeo, sending you 3
2024-10-14 17:26:36.463685 Delta: Lima, sending you 4
2024-10-14 17:26:36.464095 Charlie: Whiskey, X-ray, Tango, Kilo and Sierra, sending you 2
2024-10-14 17:26:36.464740 Kilo: Charlie, Whiskey, X-ray and Sierra, sending you 3
2024-10-14 17:26:36.467659 Oscar: Lima, sending you 4
2024-10-14 17:26:36.467942 Charlie: Romeo, sending you 3
2024-10-14 17:26:36.469132 Delta: Oscar, sending you 3
2024-10-14 17:26:36.469342 Tango: Charlie, Kilo and Sierra, sending you 1
2024-10-14 17:26:36.469761 Kilo: Tango, sending you 2
2024-10-14 17:26:36.470668 X-ray: Charlie, sending you 3
2024-10-14 17:26:36.473072 Oscar: Delta, sending you 3
2024-10-14 17:26:36.473678 Tango: Whiskey and Romeo, sending you 2
2024-10-14 17:26:36.474694 Kilo: Romeo, sending you 5
2024-10-14 17:26:36.475239 X-ray: Whiskey and Kilo, sending you 4
2024-10-14 17:26:36.475904 Romeo: Charlie and Tango, sending you 3
2024-10-14 17:26:36.477669 Sierra: Charlie, Whiskey, X-ray, Tango and Romeo, sending you 1
2024-10-14 17:26:36.478678 X-ray: Romeo and Sierra, sending you 2
2024-10-14 17:26:36.479159 Romeo: Whiskey, sending you 4
2024-10-14 17:26:36.482656 Sierra: Kilo, sending you 2
2024-10-14 17:26:36.483195 Romeo: X-ray, sending you 1
2024-10-14 17:26:36.487691 Romeo: Kilo, sending you 5
2024-10-14 17:26:36.491681 Romeo: Sierra, sending you 2
chatterbot Oscar submitting transactions
chatterbot Lima submitting transactions
chatterbot X-ray submitting transactions
chatterbot Romeo submitting transactions
chatterbot Tango submitting transactions
chatterbot Charlie submitting transactions
chatterbot Whiskey submitting transactions
chatterbot Delta submitting transactions
chatterbot Sierra submitting transactions
chatterbot Kilo submitting transactions
ChatterBot Charlie round 6
ChatterBot Whiskey round 6
ChatterBot Lima round 6
ChatterBot Delta round 6
ChatterBot X-ray round 6
ChatterBot Tango round 6
ChatterBot Oscar round 6
ChatterBot Romeo round 6
ChatterBot Kilo round 6
ChatterBot Sierra round 6
2024-10-14 17:26:37.735163 X-ray: We should drop Tango
2024-10-14 17:26:37.745138 Charlie: No
2024-10-14 17:26:37.745312 Whiskey: No
2024-10-14 17:26:37.745436 Romeo: No
2024-10-14 17:26:37.745548 Kilo: No
2024-10-14 17:26:37.745668 Sierra: No
ChatterBot Kilo reevaluating
ChatterBot X-ray reevaluating
ChatterBot Kilo reevaluating
ChatterBot X-ray reevaluating
ChatterBot Kilo reevaluating
ChatterBot X-ray reevaluating
ChatterBot X-ray reevaluating
ChatterBot Kilo reevaluating
2024-10-14 17:26:37.795183 Sierra: Charlie, Whiskey, X-ray, Tango and Romeo, sending you 1
2024-10-14 17:26:37.798675 Oscar: Lima, sending you 4
2024-10-14 17:26:37.798991 Whiskey: Charlie, Tango, Kilo and Sierra, sending you 2
2024-10-14 17:26:37.799581 Lima: Delta, sending you 4
2024-10-14 17:26:37.799870 Charlie: Whiskey, X-ray, Tango, Kilo and Sierra, sending you 2
2024-10-14 17:26:37.800358 Delta: Lima, sending you 4
2024-10-14 17:26:37.801052 Sierra: Kilo, sending you 2
2024-10-14 17:26:37.801724 Romeo: Charlie and Tango, sending you 3
2024-10-14 17:26:37.802246 Tango: Charlie, Kilo and Sierra, sending you 1
2024-10-14 17:26:37.802761 Whiskey: X-ray and Romeo, sending you 3
2024-10-14 17:26:37.803308 Oscar: Delta, sending you 3
2024-10-14 17:26:37.803645 Charlie: Romeo, sending you 3
2024-10-14 17:26:37.804608 Lima: Oscar, sending you 3
2024-10-14 17:26:37.804945 Delta: Oscar, sending you 3
2024-10-14 17:26:37.806696 Romeo: Whiskey and Kilo, sending you 4
2024-10-14 17:26:37.807712 Tango: Whiskey and Romeo, sending you 2
2024-10-14 17:26:37.808830 Kilo: We should drop Delta
ChatterBot X-ray reevaluating
2024-10-14 17:26:37.822001 Charlie: Yes
2024-10-14 17:26:37.822161 Whiskey: Yes
2024-10-14 17:26:37.822563 X-ray: Yes
2024-10-14 17:26:37.822700 Tango: Yes
2024-10-14 17:26:37.822824 Romeo: Yes
2024-10-14 17:26:37.822942 Sierra: Yes
ChatterBot X-ray reevaluating
ChatterBot Kilo reevaluating
ChatterBot X-ray reevaluating
ChatterBot Kilo reevaluating
ChatterBot Kilo reevaluating
ChatterBot X-ray reevaluating
ChatterBot Kilo reevaluating
ChatterBot X-ray reevaluating
ChatterBot Kilo reevaluating
ChatterBot X-ray reevaluating
ChatterBot Kilo reevaluating
2024-10-14 17:26:37.892222 Romeo: X-ray and Sierra, sending you 2
2024-10-14 17:26:37.896831 Kilo: We should replace Delta with Oscar
2024-10-14 17:26:37.908886 Charlie: No
2024-10-14 17:26:37.909060 Whiskey: No
2024-10-14 17:26:37.909198 X-ray: No
2024-10-14 17:26:37.909330 Tango: No
2024-10-14 17:26:37.909450 Romeo: No
2024-10-14 17:26:37.909560 Sierra: No
ChatterBot Kilo reevaluating
ChatterBot Kilo reevaluating
ChatterBot Kilo reevaluating
ChatterBot Kilo reevaluating
ChatterBot Kilo reevaluating
ChatterBot Kilo reevaluating
chatterbot Tango submitting transactions
2024-10-14 17:26:37.996684 X-ray: Charlie, sending you 3
2024-10-14 17:26:38.001672 X-ray: Whiskey and Kilo, sending you 4
2024-10-14 17:26:38.008300 X-ray: Romeo and Sierra, sending you 2
2024-10-14 17:26:38.012674 Kilo: Charlie, Whiskey, X-ray and Sierra, sending you 3
2024-10-14 17:26:38.016675 Kilo: Tango, sending you 2
2024-10-14 17:26:38.019664 Kilo: Romeo, sending you 5
chatterbot Charlie submitting transactions
chatterbot Whiskey submitting transactions
chatterbot X-ray submitting transactions
chatterbot Sierra submitting transactions
chatterbot Oscar submitting transactions
chatterbot Delta submitting transactions
chatterbot Lima submitting transactions
chatterbot Romeo submitting transactions
chatterbot Kilo submitting transactions
ChatterBot Charlie round 7
ChatterBot Whiskey round 7
ChatterBot Lima round 7
ChatterBot Delta round 7
ChatterBot X-ray round 7
ChatterBot Tango round 7
ChatterBot Oscar round 7
ChatterBot Romeo round 7
ChatterBot Kilo round 7
ChatterBot Sierra round 7
2024-10-14 17:26:39.250281 Charlie: Whiskey, X-ray, Tango, Kilo and Sierra, sending you 2
2024-10-14 17:26:39.252707 X-ray: Charlie and Kilo, sending you 3
2024-10-14 17:26:39.254258 Lima: Delta, sending you 4
2024-10-14 17:26:39.254704 Whiskey: Charlie, Tango, Kilo and Sierra, sending you 2
2024-10-14 17:26:39.256570 Charlie: Romeo, sending you 3
2024-10-14 17:26:39.257532 X-ray: Whiskey, sending you 5
2024-10-14 17:26:39.258563 Lima: Oscar, sending you 3
2024-10-14 17:26:39.259686 Whiskey: X-ray and Romeo, sending you 3
2024-10-14 17:26:39.260624 Delta: Lima, sending you 4
2024-10-14 17:26:39.262742 X-ray: Romeo and Sierra, sending you 2
2024-10-14 17:26:39.264938 Romeo: Charlie and Tango, sending you 3
2024-10-14 17:26:39.266303 Delta: Oscar, sending you 3
2024-10-14 17:26:39.267701 Oscar: Lima, sending you 4
2024-10-14 17:26:39.268698 Romeo: Whiskey and Kilo, sending you 4
2024-10-14 17:26:39.272273 Sierra: Charlie, Whiskey, X-ray, Tango and Romeo, sending you 1
2024-10-14 17:26:39.273431 Tango: Charlie, Kilo and Sierra, sending you 1
2024-10-14 17:26:39.274402 Kilo: Charlie, Whiskey and Sierra, sending you 3
2024-10-14 17:26:39.275309 Oscar: Delta, sending you 3
2024-10-14 17:26:39.275788 Romeo: X-ray and Sierra, sending you 2
2024-10-14 17:26:39.276751 Sierra: Kilo, sending you 2
2024-10-14 17:26:39.278683 Tango: Whiskey and Romeo, sending you 2
2024-10-14 17:26:39.279683 Kilo: X-ray, sending you 4
2024-10-14 17:26:39.283873 Kilo: Tango, sending you 1
2024-10-14 17:26:39.287705 Kilo: Romeo, sending you 5
chatterbot Whiskey submitting transactions
chatterbot Romeo submitting transactions
chatterbot Lima submitting transactions
chatterbot Oscar submitting transactions
chatterbot Charlie submitting transactions
chatterbot Tango submitting transactions
chatterbot Sierra submitting transactions
chatterbot Kilo submitting transactions
chatterbot X-ray submitting transactions
chatterbot Delta submitting transactions
ChatterBot Charlie round 8
ChatterBot Whiskey round 8
ChatterBot Lima round 8
ChatterBot Delta round 8
ChatterBot X-ray round 8
ChatterBot Tango round 8
ChatterBot Oscar round 8
ChatterBot Romeo round 8
ChatterBot Kilo round 8
ChatterBot Sierra round 8
2024-10-14 17:26:40.529676 Whiskey: Charlie, Tango, Kilo and Sierra, sending you 2
2024-10-14 17:26:40.530667 Delta: Lima, sending you 4
2024-10-14 17:26:40.531018 Oscar: Lima, sending you 4
2024-10-14 17:26:40.532958 Tango: Charlie, Kilo and Sierra, sending you 1
2024-10-14 17:26:40.533759 Oscar: Delta, sending you 3
2024-10-14 17:26:40.534688 Whiskey: X-ray and Romeo, sending you 3
2024-10-14 17:26:40.535631 Charlie: Whiskey, X-ray, Tango, Kilo and Sierra, sending you 2
2024-10-14 17:26:40.536581 Delta: Oscar, sending you 3
2024-10-14 17:26:40.536951 Tango: Whiskey and Romeo, sending you 2
2024-10-14 17:26:40.538311 Kilo: Charlie, Whiskey, X-ray and Sierra, sending you 3
2024-10-14 17:26:40.539253 Lima: Delta, sending you 4
2024-10-14 17:26:40.540734 Charlie: Romeo, sending you 3
2024-10-14 17:26:40.541547 X-ray: Charlie, sending you 3
2024-10-14 17:26:40.542909 Lima: Oscar, sending you 3
2024-10-14 17:26:40.543339 Kilo: Tango, sending you 2
2024-10-14 17:26:40.544683 Romeo: Charlie and Tango, sending you 3
2024-10-14 17:26:40.546184 Sierra: Charlie, Whiskey, X-ray, Tango and Romeo, sending you 1
2024-10-14 17:26:40.547709 X-ray: Whiskey and Kilo, sending you 4
2024-10-14 17:26:40.548698 Kilo: Romeo, sending you 5
2024-10-14 17:26:40.550133 Romeo: Whiskey, sending you 4
2024-10-14 17:26:40.550840 Sierra: Kilo, sending you 2
2024-10-14 17:26:40.551710 X-ray: Romeo and Sierra, sending you 2
2024-10-14 17:26:40.554713 Romeo: X-ray, sending you 1
2024-10-14 17:26:40.557745 Romeo: Kilo, sending you 5
2024-10-14 17:26:40.562854 Romeo: Sierra, sending you 2
chatterbot Tango submitting transactions
chatterbot Romeo submitting transactions
chatterbot Sierra submitting transactions
chatterbot Lima submitting transactions
chatterbot Charlie submitting transactions
chatterbot Delta submitting transactions
chatterbot Oscar submitting transactions
chatterbot Whiskey submitting transactions
chatterbot Kilo submitting transactions
chatterbot X-ray submitting transactions
ChatterBot Charlie round 9
ChatterBot Whiskey round 9
ChatterBot Lima round 9
ChatterBot Delta round 9
ChatterBot X-ray round 9
ChatterBot Tango round 9
ChatterBot Oscar round 9
ChatterBot Romeo round 9
ChatterBot Kilo round 9
ChatterBot Sierra round 9
2024-10-14 17:26:41.627821 Kilo: We should add Oscar
ChatterBot X-ray reevaluating
2024-10-14 17:26:41.643868 Charlie: No
2024-10-14 17:26:41.644071 Whiskey: No
2024-10-14 17:26:41.644596 X-ray: No
2024-10-14 17:26:41.644769 Tango: No
2024-10-14 17:26:41.644943 Romeo: No
2024-10-14 17:26:41.645083 Sierra: No
ChatterBot X-ray reevaluating
ChatterBot Kilo reevaluating
ChatterBot X-ray reevaluating
ChatterBot Kilo reevaluating
ChatterBot Kilo reevaluating
ChatterBot X-ray reevaluating
ChatterBot Kilo reevaluating
ChatterBot X-ray reevaluating
ChatterBot Kilo reevaluating
ChatterBot X-ray reevaluating
ChatterBot Kilo reevaluating
2024-10-14 17:26:41.743282 Lima: Delta, sending you 4
2024-10-14 17:26:41.744165 X-ray: We should drop Tango
ChatterBot Kilo reevaluating
2024-10-14 17:26:41.766499 Charlie: No
2024-10-14 17:26:41.766704 Whiskey: No
2024-10-14 17:26:41.766901 Romeo: No
2024-10-14 17:26:41.767675 Kilo: No
2024-10-14 17:26:41.767843 Sierra: No
ChatterBot X-ray reevaluating
ChatterBot Kilo reevaluating
ChatterBot X-ray reevaluating
ChatterBot Kilo reevaluating
ChatterBot X-ray reevaluating
ChatterBot Kilo reevaluating
ChatterBot X-ray reevaluating
ChatterBot X-ray reevaluating
ChatterBot Kilo reevaluating
2024-10-14 17:26:41.829044 Lima: Oscar, sending you 3
2024-10-14 17:26:41.831666 Whiskey: Charlie, Tango, Kilo and Sierra, sending you 2
2024-10-14 17:26:41.832677 Charlie: Whiskey, X-ray, Tango, Kilo and Sierra, sending you 2
2024-10-14 17:26:41.833672 Tango: Charlie, Kilo and Sierra, sending you 1
2024-10-14 17:26:41.834472 Delta: Lima, sending you 4
2024-10-14 17:26:41.834804 Romeo: Charlie and Tango, sending you 3
2024-10-14 17:26:41.835603 Oscar: Lima, sending you 4
2024-10-14 17:26:41.835914 Charlie: Romeo, sending you 3
2024-10-14 17:26:41.836866 Whiskey: X-ray and Romeo, sending you 3
2024-10-14 17:26:41.837988 Romeo: Whiskey, sending you 4
2024-10-14 17:26:41.838871 Tango: Whiskey and Romeo, sending you 2
2024-10-14 17:26:41.840214 Delta: Oscar, sending you 3
2024-10-14 17:26:41.840689 Oscar: Delta, sending you 3
2024-10-14 17:26:41.841824 Romeo: X-ray, sending you 1
2024-10-14 17:26:41.846674 Romeo: Kilo, sending you 5
2024-10-14 17:26:41.850209 Sierra: Charlie, Whiskey, X-ray, Tango and Romeo, sending you 1
2024-10-14 17:26:41.851322 Romeo: Sierra, sending you 2
2024-10-14 17:26:41.852685 Kilo: Charlie, Whiskey, X-ray and Sierra, sending you 3
2024-10-14 17:26:41.854660 X-ray: Charlie and Kilo, sending you 3
2024-10-14 17:26:41.856534 Sierra: Kilo, sending you 2
2024-10-14 17:26:41.857667 Kilo: Tango, sending you 2
2024-10-14 17:26:41.860014 X-ray: Whiskey, sending you 5
2024-10-14 17:26:41.862683 Kilo: Romeo, sending you 5
2024-10-14 17:26:41.864091 X-ray: Romeo and Sierra, sending you 2
chatterbot Tango submitting transactions
chatterbot Oscar submitting transactions
chatterbot Whiskey submitting transactions
chatterbot Lima submitting transactions
chatterbot X-ray submitting transactions
chatterbot Sierra submitting transactions
chatterbot Charlie submitting transactions
chatterbot Romeo submitting transactions
chatterbot Delta submitting transactions
chatterbot Kilo submitting transactions
ChatterBot Charlie round 10
ChatterBot Whiskey round 10
ChatterBot Lima round 10
ChatterBot Delta round 10
ChatterBot X-ray round 10
ChatterBot Tango round 10
ChatterBot Oscar round 10
ChatterBot Romeo round 10
ChatterBot Kilo round 10
ChatterBot Sierra round 10
2024-10-14 17:26:43.092916 Kilo: We should add Lima
2024-10-14 17:26:43.105006 Charlie: No
2024-10-14 17:26:43.105191 Whiskey: No
2024-10-14 17:26:43.105325 X-ray: No
2024-10-14 17:26:43.105456 Tango: No
2024-10-14 17:26:43.105581 Romeo: No
2024-10-14 17:26:43.105740 Sierra: No
ChatterBot X-ray reevaluating
ChatterBot X-ray reevaluating
ChatterBot Kilo reevaluating
ChatterBot Kilo reevaluating
ChatterBot X-ray reevaluating
ChatterBot Kilo reevaluating
ChatterBot X-ray reevaluating
ChatterBot Kilo reevaluating
ChatterBot X-ray reevaluating
ChatterBot Kilo reevaluating
2024-10-14 17:26:43.217681 Lima: Sending you each 3
2024-10-14 17:26:43.226697 Whiskey: Charlie, Tango, Kilo and Sierra, sending you 2
2024-10-14 17:26:43.228101 Sierra: Charlie, Whiskey, X-ray, Tango and Romeo, sending you 1
2024-10-14 17:26:43.229314 Kilo: Charlie, Whiskey, X-ray and Sierra, sending you 3
2024-10-14 17:26:43.231099 Tango: Charlie, Kilo and Sierra, sending you 1
2024-10-14 17:26:43.232466 Whiskey: X-ray and Romeo, sending you 3
2024-10-14 17:26:43.234241 Oscar: Lima, sending you 4
2024-10-14 17:26:43.234754 X-ray: Charlie and Kilo, sending you 3
2024-10-14 17:26:43.236089 Sierra: Kilo, sending you 2
2024-10-14 17:26:43.237587 Kilo: Tango, sending you 2
2024-10-14 17:26:43.238358 Charlie: Whiskey, X-ray, Tango, Kilo and Sierra, sending you 2
2024-10-14 17:26:43.239186 Tango: Whiskey and Romeo, sending you 2
2024-10-14 17:26:43.240281 Oscar: Delta, sending you 3
2024-10-14 17:26:43.240572 Delta: Lima, sending you 4
2024-10-14 17:26:43.240868 Romeo: Charlie and Tango, sending you 3
2024-10-14 17:26:43.241603 X-ray: Whiskey, sending you 5
2024-10-14 17:26:43.242418 Kilo: Romeo, sending you 5
2024-10-14 17:26:43.244149 Charlie: Romeo, sending you 3
2024-10-14 17:26:43.245115 Delta: Oscar, sending you 3
2024-10-14 17:26:43.245706 Romeo: Whiskey, sending you 4
2024-10-14 17:26:43.246562 X-ray: Romeo and Sierra, sending you 2
2024-10-14 17:26:43.248709 Romeo: X-ray, sending you 2
2024-10-14 17:26:43.253701 Romeo: Kilo, sending you 5
2024-10-14 17:26:43.258681 Romeo: Sierra, sending you 1
chatterbot Lima submitting transactions
chatterbot Whiskey submitting transactions
chatterbot Tango submitting transactions
chatterbot Delta submitting transactions
chatterbot Kilo submitting transactions
chatterbot Charlie submitting transactions
chatterbot Oscar submitting transactions
chatterbot Sierra submitting transactions
chatterbot X-ray submitting transactions
chatterbot Romeo submitting transactions
ChatterBot Charlie round 11
ChatterBot Whiskey round 11
ChatterBot Lima round 11
ChatterBot Delta round 11
ChatterBot X-ray round 11
ChatterBot Tango round 11
ChatterBot Oscar round 11
ChatterBot Romeo round 11
ChatterBot Kilo round 11
ChatterBot Sierra round 11
2024-10-14 17:26:44.423727 Kilo: We should add Delta
2024-10-14 17:26:44.449838 Charlie: No
2024-10-14 17:26:44.450102 Whiskey: No
2024-10-14 17:26:44.450297 X-ray: No
2024-10-14 17:26:44.450476 Tango: No
2024-10-14 17:26:44.450660 Romeo: No
2024-10-14 17:26:44.450842 Sierra: No
ChatterBot X-ray reevaluating
ChatterBot Kilo reevaluating
ChatterBot X-ray reevaluating
ChatterBot Kilo reevaluating
ChatterBot Kilo reevaluating
ChatterBot X-ray reevaluating
ChatterBot Kilo reevaluating
ChatterBot X-ray reevaluating
ChatterBot Kilo reevaluating
ChatterBot X-ray reevaluating
ChatterBot Kilo reevaluating
2024-10-14 17:26:44.628820 Whiskey: Charlie, Tango, Kilo and Sierra, sending you 2
2024-10-14 17:26:44.632678 Charlie: Whiskey, X-ray, Tango, Kilo and Sierra, sending you 2
2024-10-14 17:26:44.634037 Whiskey: X-ray and Romeo, sending you 3
2024-10-14 17:26:44.635853 Lima: Same as last round
2024-10-14 17:26:44.636238 Delta: Lima, sending you 4
2024-10-14 17:26:44.636669 Charlie: Romeo, sending you 3
2024-10-14 17:26:44.637663 Oscar: Lima, sending you 4
2024-10-14 17:26:44.637970 Romeo: Charlie and Tango, sending you 3
2024-10-14 17:26:44.639674 Tango: Charlie, Kilo and Sierra, sending you 1
2024-10-14 17:26:44.640664 Sierra: Charlie, Whiskey, X-ray, Tango and Romeo, sending you 1
2024-10-14 17:26:44.641604 Delta: Oscar, sending you 3
2024-10-14 17:26:44.641937 X-ray: Charlie, Romeo and Kilo, sending you 3
2024-10-14 17:26:44.643255 Oscar: Delta, sending you 3
2024-10-14 17:26:44.643591 Kilo: Charlie, Whiskey, X-ray and Sierra, sending you 3
2024-10-14 17:26:44.644442 Romeo: Whiskey, sending you 4
2024-10-14 17:26:44.645184 Sierra: Kilo, sending you 2
2024-10-14 17:26:44.646261 Tango: Whiskey and Romeo, sending you 2
2024-10-14 17:26:44.647102 X-ray: Whiskey, sending you 4
2024-10-14 17:26:44.648677 Kilo: Tango, sending you 2
2024-10-14 17:26:44.650405 Romeo: X-ray, sending you 2
2024-10-14 17:26:44.651446 X-ray: Sierra, sending you 2
2024-10-14 17:26:44.652888 Kilo: Romeo, sending you 5
2024-10-14 17:26:44.654123 Romeo: Kilo, sending you 5
2024-10-14 17:26:44.659681 Romeo: Sierra, sending you 1
chatterbot Delta submitting transactions
chatterbot Romeo submitting transactions
chatterbot Whiskey submitting transactions
chatterbot Tango submitting transactions
chatterbot Kilo submitting transactions
chatterbot Sierra submitting transactions
chatterbot Lima submitting transactions
chatterbot Charlie submitting transactions
chatterbot Oscar submitting transactions
chatterbot X-ray submitting transactions
ChatterBot Charlie round 12
