ChatterBot Alpha round 1
ChatterBot Quebec round 1
ChatterBot Juliett round 1
ChatterBot Tango round 1
ChatterBot Hotel round 1
ChatterBot Foxtrot round 1
ChatterBot Oscar round 1
ChatterBot Charlie round 1
ChatterBot Kilo round 1
ChatterBot Victor round 1
randomSelections Alpha: {Alpha, Quebec, Foxtrot, Victor, Hotel, Kilo} 
2024-10-14 17:26:28.469271 Alpha: We would work well together
ChatterBot Quebec reevaluating
ChatterBot Foxtrot reevaluating
ChatterBot Victor reevaluating
ChatterBot Hotel reevaluating
ChatterBot Kilo reevaluating
2024-10-14 17:26:28.480913 Quebec: Yes
2024-10-14 17:26:28.481162 Foxtrot: Yes
2024-10-14 17:26:28.481368 Victor: Yes
2024-10-14 17:26:28.481666 Hotel: Yes
2024-10-14 17:26:28.482321 Kilo: Yes
ChatterBot Foxtrot reevaluating
ChatterBot Victor reevaluating
ChatterBot Hotel reevaluating
ChatterBot Kilo reevaluating
ChatterBot Quebec reevaluating
ChatterBot Victor reevaluating
ChatterBot Hotel reevaluating
ChatterBot Kilo reevaluating
ChatterBot Quebec reevaluating
ChatterBot Foxtrot reevaluating
ChatterBot Hotel reevaluating
ChatterBot Kilo reevaluating
ChatterBot Quebec reevaluating
ChatterBot Foxtrot reevaluating
ChatterBot Victor reevaluating
ChatterBot Kilo reevaluating
ChatterBot Quebec reevaluating
ChatterBot Foxtrot reevaluating
ChatterBot Victor reevaluating
ChatterBot Hotel reevaluating
randomSelections Tango: {Tango, Foxtrot, Kilo, Alpha, Charlie} 
2024-10-14 17:26:28.540277 Tango: We would work well together
ChatterBot Foxtrot reevaluating
ChatterBot Kilo reevaluating
ChatterBot Charlie reevaluating
2024-10-14 17:26:28.565939 Foxtrot: No
2024-10-14 17:26:28.566128 Kilo: No
2024-10-14 17:26:28.566280 Alpha: No
2024-10-14 17:26:28.566441 Charlie: Yes
ChatterBot Kilo reevaluating
ChatterBot Charlie reevaluating
ChatterBot Foxtrot reevaluating
ChatterBot Charlie reevaluating
ChatterBot Foxtrot reevaluating
ChatterBot Kilo reevaluating
ChatterBot Charlie reevaluating
ChatterBot Foxtrot reevaluating
ChatterBot Kilo reevaluating
randomSelections Juliett: {Juliett, Charlie, Kilo, Quebec, Hotel, Foxtrot} 
2024-10-14 17:26:28.632707 Juliett: We should group up
ChatterBot Charlie reevaluating
ChatterBot Kilo reevaluating
ChatterBot Quebec reevaluating
ChatterBot Hotel reevaluating
ChatterBot Foxtrot reevaluating
2024-10-14 17:26:28.641076 Charlie: No
2024-10-14 17:26:28.641292 Kilo: No
2024-10-14 17:26:28.641499 Quebec: No
2024-10-14 17:26:28.641819 Hotel: No
2024-10-14 17:26:28.642895 Foxtrot: No
ChatterBot Kilo reevaluating
ChatterBot Quebec reevaluating
ChatterBot Hotel reevaluating
ChatterBot Foxtrot reevaluating
ChatterBot Charlie reevaluating
ChatterBot Quebec reevaluating
ChatterBot Hotel reevaluating
ChatterBot Foxtrot reevaluating
ChatterBot Charlie reevaluating
ChatterBot Kilo reevaluating
ChatterBot Hotel reevaluating
ChatterBot Foxtrot reevaluating
ChatterBot Charlie reevaluating
ChatterBot Kilo reevaluating
ChatterBot Quebec reevaluating
ChatterBot Foxtrot reevaluating
ChatterBot Charlie reevaluating
ChatterBot Kilo reevaluating
ChatterBot Quebec reevaluating
ChatterBot Hotel reevaluating
randomSelections Oscar: {Oscar, Alpha, Hotel, Quebec} 
2024-10-14 17:26:28.687290 Oscar: Let's form a team
ChatterBot Hotel reevaluating
ChatterBot Quebec reevaluating
2024-10-14 17:26:28.693390 Alpha: No
2024-10-14 17:26:28.693703 Hotel: No
2024-10-14 17:26:28.695033 Quebec: No
ChatterBot Hotel reevaluating
ChatterBot Quebec reevaluating
ChatterBot Quebec reevaluating
ChatterBot Hotel reevaluating
2024-10-14 17:26:28.741319 Quebec: Alpha, Foxtrot and Victor, sending you 2
2024-10-14 17:26:28.747753 Oscar: Alpha, sending you 2
2024-10-14 17:26:28.748139 Foxtrot: Quebec, sending you 4
2024-10-14 17:26:28.749010 Quebec: Hotel and Kilo, sending you 1
2024-10-14 17:26:28.749463 Charlie: Alpha, sending you 2
2024-10-14 17:26:28.752845 Alpha: Hotel, sending you 2
2024-10-14 17:26:28.753215 Oscar: Quebec, sending you 4
2024-10-14 17:26:28.753459 Charlie: Tango, sending you 6
2024-10-14 17:26:28.753721 Tango: Foxtrot, sending you 2
2024-10-14 17:26:28.754830 Foxtrot: Hotel and Kilo, sending you 1
2024-10-14 17:26:28.755143 Juliett: Quebec, Hotel and Kilo, sending you 2
2024-10-14 17:26:28.755484 Hotel: Alpha, sending you 4
2024-10-14 17:26:28.756636 Kilo: Quebec and Victor, sending you 2
2024-10-14 17:26:28.756991 Alpha: Foxtrot and Victor, sending you 3
2024-10-14 17:26:28.757273 Oscar: Hotel, sending you 1
2024-10-14 17:26:28.759331 Charlie: Foxtrot and Kilo, sending you 1
2024-10-14 17:26:28.760611 Tango: Charlie, sending you 3
2024-10-14 17:26:28.761017 Juliett: Charlie, sending you 1
2024-10-14 17:26:28.761430 Hotel: Quebec, sending you 1
2024-10-14 17:26:28.762648 Victor: Alpha, sending you 3
2024-10-14 17:26:28.763119 Kilo: Hotel, sending you 3
2024-10-14 17:26:28.763610 Alpha: Kilo, sending you 5
2024-10-14 17:26:28.764834 Tango: Kilo, sending you 1
2024-10-14 17:26:28.766718 Victor: Quebec and Foxtrot, sending you 1
2024-10-14 17:26:28.767191 Kilo: Foxtrot, sending you 5
2024-10-14 17:26:28.768409 Hotel: Foxtrot, sending you 3
2024-10-14 17:26:28.770794 Victor: Hotel and Kilo, sending you 4
2024-10-14 17:26:28.772663 Hotel: Kilo and Victor, sending you 5
chatterbot Oscar submitting transactions
chatterbot Quebec submitting transactions
chatterbot Charlie submitting transactions
chatterbot Victor submitting transactions
chatterbot Tango submitting transactions
chatterbot Foxtrot submitting transactions
chatterbot Juliett submitting transactions
chatterbot Alpha submitting transactions
chatterbot Kilo submitting transactions
chatterbot Hotel submitting transactions
ChatterBot Alpha round 2
ChatterBot Quebec round 2
ChatterBot Juliett round 2
ChatterBot Tango round 2
ChatterBot Hotel round 2
ChatterBot Foxtrot round 2
ChatterBot Oscar round 2
ChatterBot Charlie round 2
ChatterBot Kilo round 2
2024-10-14 17:26:29.687138 Juliett: We should group up
ChatterBot Foxtrot reevaluating
2024-10-14 17:26:29.701800 Quebec: No
2024-10-14 17:26:29.701960 Foxtrot: No
ChatterBot Juliett reevaluating
ChatterBot Foxtrot reevaluating
ChatterBot Juliett reevaluating
ChatterBot Victor round 2
2024-10-14 17:26:29.748447 Hotel: We should add Juliett
ChatterBot Foxtrot reevaluating
ChatterBot Victor reevaluating
ChatterBot Kilo reevaluating
2024-10-14 17:26:29.798846 Alpha: No
2024-10-14 17:26:29.799079 Quebec: No
2024-10-14 17:26:29.799272 Foxtrot: No
2024-10-14 17:26:29.799860 Victor: No
2024-10-14 17:26:29.800059 Kilo: No
ChatterBot Foxtrot reevaluating
ChatterBot Victor reevaluating
ChatterBot Kilo reevaluating
ChatterBot Foxtrot reevaluating
ChatterBot Victor reevaluating
ChatterBot Hotel reevaluating
ChatterBot Kilo reevaluating
ChatterBot Victor reevaluating
ChatterBot Hotel reevaluating
ChatterBot Kilo reevaluating
ChatterBot Foxtrot reevaluating
ChatterBot Hotel reevaluating
ChatterBot Kilo reevaluating
ChatterBot Foxtrot reevaluating
ChatterBot Victor reevaluating
ChatterBot Hotel reevaluating
2024-10-14 17:26:30.067091 Charlie: We should group up
ChatterBot Tango reevaluating
ChatterBot Juliett reevaluating
2024-10-14 17:26:30.077734 Tango: Yes
2024-10-14 17:26:30.077914 Juliett: Yes
ChatterBot Juliett reevaluating
ChatterBot Tango reevaluating
2024-10-14 17:26:30.098152 Juliett: We should group up
ChatterBot Tango reevaluating
2024-10-14 17:26:30.108234 Charlie: Yes
2024-10-14 17:26:30.108778 Tango: Yes
ChatterBot Tango reevaluating
ChatterBot Juliett reevaluating
ChatterBot Juliett reevaluating
2024-10-14 17:26:30.136032 Hotel: We should add Oscar
ChatterBot Victor reevaluating
ChatterBot Kilo reevaluating
2024-10-14 17:26:30.168727 Alpha: No
2024-10-14 17:26:30.168924 Quebec: No
2024-10-14 17:26:30.169043 Foxtrot: No
2024-10-14 17:26:30.169174 Victor: No
2024-10-14 17:26:30.169293 Kilo: No
ChatterBot Victor reevaluating
ChatterBot Hotel reevaluating
ChatterBot Kilo reevaluating
ChatterBot Victor reevaluating
ChatterBot Hotel reevaluating
ChatterBot Kilo reevaluating
ChatterBot Victor reevaluating
ChatterBot Hotel reevaluating
ChatterBot Kilo reevaluating
ChatterBot Hotel reevaluating
ChatterBot Kilo reevaluating
ChatterBot Victor reevaluating
ChatterBot Hotel reevaluating
2024-10-14 17:26:30.340307 Foxtrot: We should drop Quebec
ChatterBot Hotel reevaluating
2024-10-14 17:26:30.367592 Alpha: No
2024-10-14 17:26:30.367816 Hotel: No
2024-10-14 17:26:30.368406 Kilo: No
2024-10-14 17:26:30.368568 Victor: No
ChatterBot Hotel reevaluating
ChatterBot Hotel reevaluating
ChatterBot Hotel reevaluating
2024-10-14 17:26:30.479921 Quebec: Hotel and Victor, sending you 1
2024-10-14 17:26:30.770887 Alpha: Quebec, sending you 3
2024-10-14 17:26:30.771566 Juliett: Tango, sending you 4
2024-10-14 17:26:30.772311 Charlie: Juliett and Tango, sending you 5
2024-10-14 17:26:30.772668 Quebec: Foxtrot, sending you 4
2024-10-14 17:26:30.773652 Tango: Charlie, sending you 6
chatterbot Foxtrot submitting transactions
chatterbot Juliett submitting transactions
chatterbot Oscar submitting transactions
2024-10-14 17:26:31.000004 Alpha: Hotel, sending you 6
2024-10-14 17:26:31.001050 Juliett: Charlie, sending you 3
2024-10-14 17:26:31.001384 Quebec: Kilo, sending you 2
2024-10-14 17:26:31.002317 Victor: Alpha, sending you 3
2024-10-14 17:26:31.002757 Foxtrot: Alpha, Hotel and Kilo, sending you 5
2024-10-14 17:26:31.003487 Kilo: Alpha and Hotel, sending you 4
chatterbot Tango submitting transactions
chatterbot Quebec submitting transactions
chatterbot Charlie submitting transactions
chatterbot Alpha submitting transactions
2024-10-14 17:26:31.004968 Alpha: Victor, sending you 4
2024-10-14 17:26:31.181998 Foxtrot: Victor, sending you 4
2024-10-14 17:26:31.182798 Hotel: Alpha, sending you 3
2024-10-14 17:26:31.183120 Victor: Quebec, Foxtrot and Kilo, sending you 2
2024-10-14 17:26:31.183458 Kilo: Quebec, sending you 1
chatterbot Kilo submitting transactions
2024-10-14 17:26:31.220921 Victor: Hotel, sending you 4
2024-10-14 17:26:31.221384 Hotel: Quebec and Foxtrot, sending you 2
2024-10-14 17:26:31.222324 Kilo: Victor, sending you 3
2024-10-14 17:26:31.243643 Hotel: Kilo, sending you 5
2024-10-14 17:26:31.337778 Hotel: Victor, sending you 6
chatterbot Hotel submitting transactions
chatterbot Victor submitting transactions
ChatterBot Alpha round 3
ChatterBot Quebec round 3
ChatterBot Juliett round 3
ChatterBot Tango round 3
ChatterBot Hotel round 3
ChatterBot Foxtrot round 3
ChatterBot Oscar round 3
ChatterBot Charlie round 3
2024-10-14 17:26:31.625375 Foxtrot: We should replace Alpha with Quebec
ChatterBot Hotel reevaluating
2024-10-14 17:26:31.655651 Hotel: No
2024-10-14 17:26:31.655894 Kilo: No
2024-10-14 17:26:31.656122 Victor: No
ChatterBot Hotel reevaluating
ChatterBot Hotel reevaluating
ChatterBot Kilo round 3
ChatterBot Victor round 3
2024-10-14 17:26:31.769177 Foxtrot: Quebec we want you to join our group
2024-10-14 17:26:31.778881 Quebec: Yes
ChatterBot Foxtrot reevaluating
ChatterBot Hotel reevaluating
ChatterBot Kilo reevaluating
ChatterBot Victor reevaluating
2024-10-14 17:26:31.870006 Foxtrot: We should replace Kilo with Quebec
ChatterBot Hotel reevaluating
ChatterBot Victor reevaluating
2024-10-14 17:26:31.892455 Alpha: No
2024-10-14 17:26:31.892859 Hotel: No
2024-10-14 17:26:31.893710 Victor: No
ChatterBot Foxtrot reevaluating
ChatterBot Hotel reevaluating
ChatterBot Victor reevaluating
ChatterBot Foxtrot reevaluating
ChatterBot Victor reevaluating
ChatterBot Foxtrot reevaluating
ChatterBot Hotel reevaluating
2024-10-14 17:26:31.981024 Juliett: Tango, sending you 1
2024-10-14 17:26:31.981673 Alpha: Quebec, sending you 1
2024-10-14 17:26:31.991359 Juliett: Charlie, sending you 6
2024-10-14 17:26:31.992848 Alpha: Hotel, Foxtrot, Kilo and Victor, sending you 3
2024-10-14 17:26:31.993597 Charlie: Same as last round
2024-10-14 17:26:31.994951 Victor: Alpha, sending you 3
2024-10-14 17:26:31.996763 Quebec: Alpha, Foxtrot, Kilo and Victor, sending you 2
2024-10-14 17:26:31.997636 Hotel: Alpha, Foxtrot, Kilo and Victor, sending you 4
2024-10-14 17:26:32.004687 Tango: Juliett, sending you 2
2024-10-14 17:26:32.005756 Victor: Quebec, Foxtrot and Kilo, sending you 2
2024-10-14 17:26:32.007120 Hotel: Quebec, sending you 2
2024-10-14 17:26:32.014177 Foxtrot: Quebec, Hotel and Kilo, sending you 5
2024-10-14 17:26:32.015285 Tango: Charlie, sending you 4
2024-10-14 17:26:32.015668 Kilo: Alpha and Victor, sending you 2
2024-10-14 17:26:32.016802 Victor: Hotel, sending you 4
2024-10-14 17:26:32.020780 Foxtrot: Victor, sending you 4
2024-10-14 17:26:32.021169 Kilo: Quebec, sending you 1
2024-10-14 17:26:32.027947 Kilo: Hotel, sending you 4
2024-10-14 17:26:32.031980 Kilo: Foxtrot, sending you 3
chatterbot Juliett submitting transactions
chatterbot Tango submitting transactions
chatterbot Charlie submitting transactions
chatterbot Oscar submitting transactions
chatterbot Hotel submitting transactions
chatterbot Victor submitting transactions
chatterbot Foxtrot submitting transactions
chatterbot Alpha submitting transactions
chatterbot Quebec submitting transactions
chatterbot Kilo submitting transactions
ChatterBot Alpha round 4
ChatterBot Quebec round 4
ChatterBot Juliett round 4
ChatterBot Tango round 4
ChatterBot Hotel round 4
ChatterBot Foxtrot round 4
ChatterBot Oscar round 4
ChatterBot Charlie round 4
ChatterBot Kilo round 4
ChatterBot Victor round 4
2024-10-14 17:26:33.180487 Foxtrot: We should replace Kilo with Alpha
2024-10-14 17:26:33.197085 Quebec: No
2024-10-14 17:26:33.197896 Hotel: No
2024-10-14 17:26:33.198241 Victor: No
ChatterBot Foxtrot reevaluating
ChatterBot Foxtrot reevaluating
ChatterBot Foxtrot reevaluating
2024-10-14 17:26:33.259669 Quebec: Alpha and Kilo, sending you 1
2024-10-14 17:26:33.264365 Foxtrot: Alpha we want you to join our group
2024-10-14 17:26:33.267635 Alpha: Yes
ChatterBot Foxtrot reevaluating
2024-10-14 17:26:33.279956 Foxtrot: We should replace Victor with Alpha
2024-10-14 17:26:33.289580 Quebec: No
2024-10-14 17:26:33.289781 Hotel: No
2024-10-14 17:26:33.289926 Kilo: No
ChatterBot Foxtrot reevaluating
ChatterBot Foxtrot reevaluating
ChatterBot Foxtrot reevaluating
2024-10-14 17:26:33.319258 Quebec: Hotel, Foxtrot and Victor, sending you 2
2024-10-14 17:26:33.320112 Alpha: Quebec, sending you 1
2024-10-14 17:26:33.320522 Hotel: Alpha, Foxtrot, Kilo and Victor, sending you 4
2024-10-14 17:26:33.323655 Charlie: Same as last round
2024-10-14 17:26:33.324720 Victor: Alpha, Hotel and Foxtrot, sending you 3
2024-10-14 17:26:33.325996 Alpha: Hotel, sending you 4
2024-10-14 17:26:33.326501 Hotel: Quebec, sending you 2
2024-10-14 17:26:33.327040 Kilo: Alpha, Quebec and Victor, sending you 2
2024-10-14 17:26:33.327627 Juliett: Tango, sending you 2
2024-10-14 17:26:33.328025 Tango: Juliett, sending you 2
2024-10-14 17:26:33.331066 Victor: Quebec and Kilo, sending you 2
2024-10-14 17:26:33.331822 Alpha: Foxtrot, sending you 2
2024-10-14 17:26:33.332359 Kilo: Hotel and Foxtrot, sending you 3
2024-10-14 17:26:33.333257 Juliett: Charlie, sending you 5
2024-10-14 17:26:33.333539 Tango: Charlie, sending you 4
2024-10-14 17:26:33.336666 Alpha: Kilo and Victor, sending you 3
2024-10-14 17:26:33.359694 Foxtrot: Alpha, Quebec and Hotel, sending you 5
2024-10-14 17:26:33.363702 Foxtrot: Victor, sending you 4
chatterbot Tango submitting transactions
chatterbot Foxtrot submitting transactions
chatterbot Victor submitting transactions
chatterbot Juliett submitting transactions
chatterbot Hotel submitting transactions
chatterbot Alpha submitting transactions
chatterbot Quebec submitting transactions
chatterbot Oscar submitting transactions
chatterbot Charlie submitting transactions
chatterbot Kilo submitting transactions
ChatterBot Alpha round 5
ChatterBot Quebec round 5
ChatterBot Juliett round 5
ChatterBot Tango round 5
ChatterBot Hotel round 5
ChatterBot Foxtrot round 5
ChatterBot Oscar round 5
ChatterBot Charlie round 5
ChatterBot Kilo round 5
ChatterBot Victor round 5
2024-10-14 17:26:34.530247 Charlie: We should add Oscar
ChatterBot Tango reevaluating
2024-10-14 17:26:34.535693 Tango: Yes
2024-10-14 17:26:34.535867 Juliett: No
ChatterBot Charlie reevaluating
ChatterBot Tango reevaluating
2024-10-14 17:26:34.553655 Alpha: Quebec, sending you 1
2024-10-14 17:26:34.556681 Quebec: Alpha, Hotel and Kilo, sending you 1
2024-10-14 17:26:34.557759 Alpha: Hotel, sending you 4
2024-10-14 17:26:34.562003 Alpha: Foxtrot and Victor, sending you 3
2024-10-14 17:26:34.562579 Foxtrot: Alpha, sending you 4
2024-10-14 17:26:34.563042 Quebec: Foxtrot, sending you 3
2024-10-14 17:26:34.563677 Hotel: Alpha, Foxtrot, Kilo and Victor, sending you 4
2024-10-14 17:26:34.564696 Alpha: Kilo, sending you 2
2024-10-14 17:26:34.565678 Tango: Juliett, sending you 2
2024-10-14 17:26:34.566652 Juliett: Tango, sending you 2
2024-10-14 17:26:34.567026 Foxtrot: Quebec, Hotel and Victor, sending you 5
2024-10-14 17:26:34.567513 Quebec: Victor, sending you 2
2024-10-14 17:26:34.568143 Hotel: Quebec, sending you 2
2024-10-14 17:26:34.568557 Kilo: Alpha, Quebec, Foxtrot and Victor, sending you 2
2024-10-14 17:26:34.569058 Tango: Charlie, sending you 4
2024-10-14 17:26:34.571047 Juliett: Charlie, sending you 5
2024-10-14 17:26:34.572669 Kilo: Hotel, sending you 4
2024-10-14 17:26:34.573244 Victor: Alpha, Hotel and Foxtrot, sending you 3
2024-10-14 17:26:34.577672 Victor: Quebec and Kilo, sending you 2
2024-10-14 17:26:34.581665 Charlie: Same as last round
chatterbot Foxtrot submitting transactions
chatterbot Juliett submitting transactions
chatterbot Quebec submitting transactions
chatterbot Victor submitting transactions
chatterbot Kilo submitting transactions
chatterbot Oscar submitting transactions
chatterbot Hotel submitting transactions
chatterbot Tango submitting transactions
chatterbot Charlie submitting transactions
chatterbot Alpha submitting transactions
ChatterBot Alpha round 6
ChatterBot Quebec round 6
ChatterBot Juliett round 6
ChatterBot Tango round 6
ChatterBot Hotel round 6
ChatterBot Foxtrot round 6
ChatterBot Oscar round 6
ChatterBot Charlie round 6
ChatterBot Kilo round 6
2024-10-14 17:26:35.636890 Foxtrot: We should replace Victor with Kilo
2024-10-14 17:26:35.647302 Alpha: No
2024-10-14 17:26:35.647576 Quebec: No
2024-10-14 17:26:35.647838 Hotel: No
ChatterBot Foxtrot reevaluating
ChatterBot Foxtrot reevaluating
ChatterBot Foxtrot reevaluating
ChatterBot Victor round 6
2024-10-14 17:26:35.690801 Juliett: We should add Oscar
ChatterBot Charlie reevaluating
ChatterBot Tango reevaluating
2024-10-14 17:26:35.697720 Charlie: Yes
2024-10-14 17:26:35.697979 Tango: Yes
ChatterBot Tango reevaluating
ChatterBot Charlie reevaluating
2024-10-14 17:26:35.736477 Juliett: Oscar we want you to join our group
2024-10-14 17:26:35.740239 Oscar: No
ChatterBot Tango reevaluating
ChatterBot Charlie reevaluating
2024-10-14 17:26:35.752765 Alpha: Quebec, sending you 1
2024-10-14 17:26:35.753693 Charlie: Oscar we want you to join our group
2024-10-14 17:26:35.756426 Oscar: No
2024-10-14 17:26:35.765496 Quebec: Alpha, Hotel and Kilo, sending you 1
2024-10-14 17:26:35.766138 Hotel: Alpha, Foxtrot, Kilo and Victor, sending you 4
2024-10-14 17:26:35.766730 Tango: Oscar we want you to join our group
2024-10-14 17:26:35.769904 Oscar: No
2024-10-14 17:26:35.777706 Alpha: Hotel, sending you 4
2024-10-14 17:26:35.778199 Quebec: Foxtrot, sending you 3
2024-10-14 17:26:35.778581 Hotel: Quebec, sending you 2
2024-10-14 17:26:35.781045 Kilo: Alpha, Quebec, Foxtrot and Victor, sending you 2
2024-10-14 17:26:35.781676 Victor: Alpha, Hotel and Foxtrot, sending you 3
2024-10-14 17:26:35.782257 Juliett: Tango, sending you 2
2024-10-14 17:26:35.782511 Quebec: Victor, sending you 2
2024-10-14 17:26:35.783053 Foxtrot: Alpha, sending you 4
2024-10-14 17:26:35.783393 Alpha: Foxtrot and Victor, sending you 3
2024-10-14 17:26:35.786047 Kilo: Hotel, sending you 4
2024-10-14 17:26:35.786618 Victor: Quebec and Kilo, sending you 2
2024-10-14 17:26:35.787174 Juliett: Charlie, sending you 5
2024-10-14 17:26:35.787440 Foxtrot: Quebec, Hotel and Victor, sending you 5
2024-10-14 17:26:35.787762 Alpha: Kilo, sending you 2
2024-10-14 17:26:35.791665 Charlie: Juliett and Oscar, sending you 3
2024-10-14 17:26:35.796672 Charlie: Tango, sending you 4
2024-10-14 17:26:35.800665 Tango: Juliett, sending you 2
2024-10-14 17:26:35.803651 Tango: Charlie, sending you 4
chatterbot Charlie submitting transactions
chatterbot Alpha submitting transactions
chatterbot Victor submitting transactions
chatterbot Hotel submitting transactions
chatterbot Tango submitting transactions
chatterbot Foxtrot submitting transactions
chatterbot Quebec submitting transactions
chatterbot Juliett submitting transactions
chatterbot Kilo submitting transactions
chatterbot Oscar submitting transactions
ChatterBot Alpha round 7
ChatterBot Quebec round 7
ChatterBot Juliett round 7
ChatterBot Tango round 7
ChatterBot Hotel round 7
ChatterBot Foxtrot round 7
ChatterBot Oscar round 7
ChatterBot Charlie round 7
ChatterBot Kilo round 7
ChatterBot Victor round 7
2024-10-14 17:26:36.860076 Juliett: We should drop Oscar
ChatterBot Charlie reevaluating
ChatterBot Tango reevaluating
2024-10-14 17:26:36.869654 Charlie: Yes
2024-10-14 17:26:36.869855 Tango: Yes
ChatterBot Tango reevaluating
ChatterBot Charlie reevaluating
2024-10-14 17:26:36.901027 Foxtrot: We should replace Victor with Kilo
2024-10-14 17:26:36.913885 Alpha: No
2024-10-14 17:26:36.914074 Quebec: No
2024-10-14 17:26:36.914239 Hotel: No
ChatterBot Foxtrot reevaluating
ChatterBot Foxtrot reevaluating
ChatterBot Foxtrot reevaluating
2024-10-14 17:26:37.018977 Hotel: Alpha, Foxtrot, Kilo and Victor, sending you 4
2024-10-14 17:26:37.020879 Foxtrot: Kilo we want you to join our group
2024-10-14 17:26:37.025577 Kilo: Yes
ChatterBot Foxtrot reevaluating
2024-10-14 17:26:37.040454 Foxtrot: We should replace Quebec with Kilo
2024-10-14 17:26:37.053187 Alpha: No
2024-10-14 17:26:37.053463 Hotel: No
2024-10-14 17:26:37.053658 Victor: No
ChatterBot Foxtrot reevaluating
ChatterBot Foxtrot reevaluating
ChatterBot Foxtrot reevaluating
2024-10-14 17:26:37.084188 Hotel: Quebec, sending you 2
2024-10-14 17:26:37.086685 Juliett: Tango, sending you 2
2024-10-14 17:26:37.088679 Quebec: Alpha, Hotel and Kilo, sending you 1
2024-10-14 17:26:37.091081 Alpha: Quebec, sending you 1
2024-10-14 17:26:37.092076 Tango: Juliett, sending you 2
2024-10-14 17:26:37.093437 Victor: Alpha, Hotel and Foxtrot, sending you 3
2024-10-14 17:26:37.094520 Kilo: Alpha, Quebec and Victor, sending you 2
2024-10-14 17:26:37.096541 Juliett: Charlie, sending you 5
2024-10-14 17:26:37.097672 Quebec: Foxtrot, sending you 3
2024-10-14 17:26:37.098865 Tango: Charlie, sending you 4
2024-10-14 17:26:37.100236 Alpha: Hotel, sending you 4
2024-10-14 17:26:37.101446 Charlie: Sending you each 5
2024-10-14 17:26:37.102581 Victor: Quebec and Kilo, sending you 2
2024-10-14 17:26:37.103714 Kilo: Hotel, sending you 5
2024-10-14 17:26:37.105823 Quebec: Victor, sending you 2
2024-10-14 17:26:37.107536 Alpha: Foxtrot and Victor, sending you 3
2024-10-14 17:26:37.110070 Kilo: Foxtrot, sending you 1
2024-10-14 17:26:37.113695 Alpha: Kilo, sending you 2
2024-10-14 17:26:37.117692 Foxtrot: Alpha, Quebec and Hotel, sending you 5
2024-10-14 17:26:37.122667 Foxtrot: Kilo, sending you 4
chatterbot Charlie submitting transactions
chatterbot Alpha submitting transactions
chatterbot Tango submitting transactions
chatterbot Foxtrot submitting transactions
chatterbot Juliett submitting transactions
chatterbot Kilo submitting transactions
chatterbot Quebec submitting transactions
chatterbot Hotel submitting transactions
chatterbot Victor submitting transactions
chatterbot Oscar submitting transactions
ChatterBot Alpha round 8
ChatterBot Quebec round 8
ChatterBot Juliett round 8
ChatterBot Tango round 8
ChatterBot Hotel round 8
ChatterBot Foxtrot round 8
ChatterBot Oscar round 8
ChatterBot Charlie round 8
ChatterBot Kilo round 8
ChatterBot Victor round 8
2024-10-14 17:26:38.303262 Foxtrot: We should replace Quebec with Victor
2024-10-14 17:26:38.316444 Alpha: No
2024-10-14 17:26:38.316708 Hotel: No
2024-10-14 17:26:38.316919 Kilo: No
ChatterBot Foxtrot reevaluating
ChatterBot Foxtrot reevaluating
2024-10-14 17:26:38.367654 Juliett: Tango, sending you 2
2024-10-14 17:26:38.369671 Quebec: Alpha, Hotel and Kilo, sending you 1
2024-10-14 17:26:38.371648 Juliett: Charlie, sending you 5
2024-10-14 17:26:38.373683 Quebec: Foxtrot, sending you 3
2024-10-14 17:26:38.377685 Quebec: Victor, sending you 2
2024-10-14 17:26:38.378661 Hotel: Alpha, Foxtrot, Kilo and Victor, sending you 4
2024-10-14 17:26:38.381670 Alpha: Quebec, sending you 1
2024-10-14 17:26:38.382385 Hotel: Quebec, sending you 2
2024-10-14 17:26:38.384645 Kilo: Alpha, Foxtrot and Victor, sending you 2
2024-10-14 17:26:38.385704 Alpha: Hotel, sending you 4
2024-10-14 17:26:38.386755 Charlie: Same as last round
2024-10-14 17:26:38.387668 Tango: Juliett, sending you 2
2024-10-14 17:26:38.389907 Kilo: Quebec, sending you 1
2024-10-14 17:26:38.390680 Tango: Charlie, sending you 4
2024-10-14 17:26:38.391693 Alpha: Foxtrot and Victor, sending you 3
2024-10-14 17:26:38.393791 Kilo: Hotel, sending you 5
2024-10-14 17:26:38.394679 Foxtrot: Alpha, Quebec and Hotel, sending you 5
2024-10-14 17:26:38.395666 Alpha: Kilo, sending you 2
2024-10-14 17:26:38.396227 Victor: Alpha, Hotel and Foxtrot, sending you 3
2024-10-14 17:26:38.398684 Foxtrot: Kilo, sending you 4
2024-10-14 17:26:38.399674 Victor: Quebec and Kilo, sending you 2
chatterbot Tango submitting transactions
chatterbot Alpha submitting transactions
chatterbot Juliett submitting transactions
chatterbot Foxtrot submitting transactions
chatterbot Oscar submitting transactions
chatterbot Hotel submitting transactions
chatterbot Kilo submitting transactions
chatterbot Quebec submitting transactions
chatterbot Victor submitting transactions
chatterbot Charlie submitting transactions
ChatterBot Alpha round 9
ChatterBot Quebec round 9
ChatterBot Juliett round 9
ChatterBot Tango round 9
ChatterBot Hotel round 9
ChatterBot Foxtrot round 9
ChatterBot Oscar round 9
ChatterBot Charlie round 9
ChatterBot Kilo round 9
ChatterBot Victor round 9
2024-10-14 17:26:39.573178 Foxtrot: We should replace Quebec with Victor
2024-10-14 17:26:39.582068 Alpha: No
2024-10-14 17:26:39.582235 Hotel: No
2024-10-14 17:26:39.582362 Kilo: No
ChatterBot Foxtrot reevaluating
ChatterBot Foxtrot reevaluating
2024-10-14 17:26:39.617674 Juliett: Tango, sending you 2
2024-10-14 17:26:39.618673 Tango: Juliett, sending you 2
2024-10-14 17:26:39.621672 Juliett: Charlie, sending you 5
2024-10-14 17:26:39.622122 Tango: Charlie, sending you 4
2024-10-14 17:26:39.623253 Alpha: Quebec, sending you 1
2024-10-14 17:26:39.628148 Hotel: Alpha, Foxtrot, Kilo and Victor, sending you 4
2024-10-14 17:26:39.629170 Alpha: Hotel, sending you 4
2024-10-14 17:26:39.630684 Victor: Alpha, sending you 3
2024-10-14 17:26:39.631700 Hotel: Quebec, sending you 2
2024-10-14 17:26:39.633671 Alpha: Foxtrot and Victor, sending you 3
2024-10-14 17:26:39.635704 Quebec: Alpha, Hotel and Kilo, sending you 1
2024-10-14 17:26:39.636747 Victor: Quebec, Foxtrot and Kilo, sending you 2
2024-10-14 17:26:39.638300 Charlie: Same as last round
2024-10-14 17:26:39.638807 Alpha: Kilo, sending you 2
2024-10-14 17:26:39.639969 Kilo: Alpha, Foxtrot and Victor, sending you 2
2024-10-14 17:26:39.641069 Quebec: Foxtrot, sending you 3
2024-10-14 17:26:39.642652 Victor: Hotel, sending you 4
2024-10-14 17:26:39.643692 Foxtrot: Alpha, Quebec and Hotel, sending you 5
2024-10-14 17:26:39.646062 Kilo: Quebec, sending you 1
2024-10-14 17:26:39.646743 Quebec: Victor, sending you 2
2024-10-14 17:26:39.647411 Foxtrot: Kilo, sending you 4
2024-10-14 17:26:39.650051 Kilo: Hotel, sending you 5
chatterbot Charlie submitting transactions
chatterbot Alpha submitting transactions
chatterbot Victor submitting transactions
chatterbot Kilo submitting transactions
chatterbot Oscar submitting transactions
chatterbot Tango submitting transactions
chatterbot Quebec submitting transactions
chatterbot Foxtrot submitting transactions
chatterbot Hotel submitting transactions
chatterbot Juliett submitting transactions
ChatterBot Alpha round 10
ChatterBot Quebec round 10
ChatterBot Juliett round 10
ChatterBot Tango round 10
ChatterBot Hotel round 10
ChatterBot Foxtrot round 10
ChatterBot Oscar round 10
ChatterBot Charlie round 10
ChatterBot Kilo round 10
ChatterBot Victor round 10
2024-10-14 17:26:40.811209 Tango: Juliett, sending you 2
2024-10-14 17:26:40.812670 Kilo: Alpha and Victor, sending you 2
2024-10-14 17:26:40.815669 Tango: Charlie, sending you 4
2024-10-14 17:26:40.817785 Alpha: Quebec, sending you 1
2024-10-14 17:26:40.818661 Kilo: Quebec, sending you 1
2024-10-14 17:26:40.819218 Foxtrot: Alpha, Quebec and Hotel, sending you 5
2024-10-14 17:26:40.819654 Quebec: Alpha, Hotel and Kilo, sending you 1
2024-10-14 17:26:40.821003 Hotel: Alpha, Foxtrot, Kilo and Victor, sending you 4
2024-10-14 17:26:40.821672 Charlie: Same as last round
2024-10-14 17:26:40.821996 Victor: Alpha, sending you 3
2024-10-14 17:26:40.823924 Alpha: Hotel, sending you 4
2024-10-14 17:26:40.824664 Kilo: Hotel, sending you 4
2024-10-14 17:26:40.825247 Foxtrot: Kilo, sending you 4
2024-10-14 17:26:40.825534 Juliett: Tango, sending you 2
2024-10-14 17:26:40.825776 Quebec: Foxtrot, sending you 3
2024-10-14 17:26:40.827070 Hotel: Quebec, sending you 2
2024-10-14 17:26:40.827844 Victor: Quebec, Foxtrot and Kilo, sending you 2
2024-10-14 17:26:40.828668 Quebec: Victor, sending you 2
2024-10-14 17:26:40.829651 Alpha: Foxtrot and Victor, sending you 3
2024-10-14 17:26:40.830846 Kilo: Foxtrot, sending you 3
2024-10-14 17:26:40.831416 Juliett: Charlie, sending you 5
2024-10-14 17:26:40.831678 Victor: Hotel, sending you 4
2024-10-14 17:26:40.834659 Alpha: Kilo, sending you 2
chatterbot Oscar submitting transactions
chatterbot Kilo submitting transactions
chatterbot Charlie submitting transactions
chatterbot Quebec submitting transactions
chatterbot Alpha submitting transactions
chatterbot Hotel submitting transactions
chatterbot Tango submitting transactions
chatterbot Juliett submitting transactions
chatterbot Victor submitting transactions
chatterbot Foxtrot submitting transactions
ChatterBot Alpha round 11
ChatterBot Quebec round 11
ChatterBot Juliett round 11
ChatterBot Tango round 11
ChatterBot Hotel round 11
ChatterBot Foxtrot round 11
ChatterBot Oscar round 11
ChatterBot Charlie round 11
ChatterBot Kilo round 11
ChatterBot Victor round 11
2024-10-14 17:26:41.974830 Foxtrot: We should replace Hotel with Victor
2024-10-14 17:26:41.984126 Alpha: No
2024-10-14 17:26:41.984319 Quebec: No
2024-10-14 17:26:41.984458 Kilo: No
ChatterBot Foxtrot reevaluating
ChatterBot Foxtrot reevaluating
ChatterBot Foxtrot reevaluating
2024-10-14 17:26:42.022778 Foxtrot: We should replace Alpha with Victor
2024-10-14 17:26:42.031423 Quebec: No
2024-10-14 17:26:42.031570 Hotel: No
2024-10-14 17:26:42.031692 Kilo: No
ChatterBot Foxtrot reevaluating
ChatterBot Foxtrot reevaluating
ChatterBot Foxtrot reevaluating
2024-10-14 17:26:42.060415 Tango: Juliett, sending you 2
2024-10-14 17:26:42.060838 Hotel: Alpha, Foxtrot, Kilo and Victor, sending you 4
2024-10-14 17:26:42.061695 Alpha: Quebec, sending you 1
2024-10-14 17:26:42.062402 Quebec: Hotel and Victor, sending you 2
2024-10-14 17:26:42.064135 Juliett: Tango, sending you 2
2024-10-14 17:26:42.064558 Tango: Charlie, sending you 4
2024-10-14 17:26:42.065662 Hotel: Quebec, sending you 2
2024-10-14 17:26:42.066877 Alpha: Hotel, sending you 4
2024-10-14 17:26:42.067590 Juliett: Charlie, sending you 5
2024-10-14 17:26:42.067911 Quebec: Foxtrot, sending you 3
2024-10-14 17:26:42.070670 Alpha: Foxtrot and Victor, sending you 3
2024-10-14 17:26:42.073230 Quebec: Kilo, sending you 1
2024-10-14 17:26:42.074710 Alpha: Kilo, sending you 2
2024-10-14 17:26:42.077663 Kilo: Alpha and Victor, sending you 2
2024-10-14 17:26:42.079672 Charlie: Same as last round
2024-10-14 17:26:42.081709 Victor: Alpha, sending you 3
2024-10-14 17:26:42.083794 Kilo: Quebec, sending you 1
2024-10-14 17:26:42.084790 Foxtrot: Alpha, Quebec and Hotel, sending you 5
2024-10-14 17:26:42.085705 Victor: Quebec, Foxtrot and Kilo, sending you 2
2024-10-14 17:26:42.089100 Kilo: Hotel, sending you 4
2024-10-14 17:26:42.090252 Foxtrot: Kilo, sending you 4
2024-10-14 17:26:42.092166 Victor: Hotel, sending you 4
2024-10-14 17:26:42.094671 Kilo: Foxtrot, sending you 3
chatterbot Juliett submitting transactions
chatterbot Alpha submitting transactions
chatterbot Kilo submitting transactions
chatterbot Victor submitting transactions
chatterbot Charlie submitting transactions
chatterbot Tango submitting transactions
chatterbot Foxtrot submitting transactions
chatterbot Quebec submitting transactions
chatterbot Hotel submitting transactions
chatterbot Oscar submitting transactions
ChatterBot Alpha round 12
ChatterBot Quebec round 12
ChatterBot Juliett round 12
ChatterBot Tango round 12
ChatterBot Hotel round 12
ChatterBot Foxtrot round 12
ChatterBot Oscar round 12
ChatterBot Charlie round 12
ChatterBot Kilo round 12
ChatterBot Victor round 12
2024-10-14 17:26:43.277861 Foxtrot: We should replace Hotel with Victor
2024-10-14 17:26:43.287380 Alpha: No
2024-10-14 17:26:43.287527 Quebec: No
2024-10-14 17:26:43.287652 Kilo: No
ChatterBot Foxtrot reevaluating
ChatterBot Foxtrot reevaluating
ChatterBot Foxtrot reevaluating
2024-10-14 17:26:43.317097 Foxtrot: We should replace Quebec with Victor
2024-10-14 17:26:43.324246 Alpha: No
2024-10-14 17:26:43.324411 Hotel: No
2024-10-14 17:26:43.324534 Kilo: No
ChatterBot Foxtrot reevaluating
ChatterBot Foxtrot reevaluating
ChatterBot Foxtrot reevaluating
2024-10-14 17:26:43.346710 Alpha: Hotel and Foxtrot, sending you 4
2024-10-14 17:26:43.347393 Juliett: Tango, sending you 2
2024-10-14 17:26:43.350666 Alpha: Kilo, sending you 2
2024-10-14 17:26:43.351433 Kilo: Alpha and Victor, sending you 2
2024-10-14 17:26:43.352223 Hotel: Alpha, Foxtrot, Kilo and Victor, sending you 4
2024-10-14 17:26:43.353275 Quebec: Hotel and Victor, sending you 2
2024-10-14 17:26:43.354007 Juliett: Charlie, sending you 5
2024-10-14 17:26:43.354304 Foxtrot: Victor we want you to join our group
2024-10-14 17:26:43.358016 Victor: Yes
ChatterBot Foxtrot reevaluating
2024-10-14 17:26:43.369829 Victor: Alpha, sending you 3
2024-10-14 17:26:43.370735 Tango: Juliett, sending you 2
2024-10-14 17:26:43.371104 Alpha: Victor, sending you 3
2024-10-14 17:26:43.372420 Kilo: Quebec, sending you 1
2024-10-14 17:26:43.373289 Hotel: Quebec, sending you 2
2024-10-14 17:26:43.374105 Quebec: Foxtrot, sending you 3
2024-10-14 17:26:43.375081 Tango: Charlie, sending you 4
2024-10-14 17:26:43.375439 Charlie: Same as last round
2024-10-14 17:26:43.375773 Victor: Quebec, Foxtrot and Kilo, sending you 2
2024-10-14 17:26:43.376508 Kilo: Hotel, sending you 4
2024-10-14 17:26:43.377786 Quebec: Kilo, sending you 1
2024-10-14 17:26:43.380701 Victor: Hotel, sending you 4
2024-10-14 17:26:43.382666 Kilo: Foxtrot, sending you 3
2024-10-14 17:26:43.409683 Foxtrot: Alpha, Hotel and Kilo, sending you 5
2024-10-14 17:26:43.414668 Foxtrot: Victor, sending you 4
chatterbot Foxtrot submitting transactions
chatterbot Kilo submitting transactions
chatterbot Quebec submitting transactions
chatterbot Juliett submitting transactions
chatterbot Alpha submitting transactions
chatterbot Victor submitting transactions
chatterbot Hotel submitting transactions
chatterbot Charlie submitting transactions
chatterbot Tango submitting transactions
chatterbot Oscar submitting transactions
ChatterBot Alpha round 13
ChatterBot Quebec round 13
ChatterBot Juliett round 13
ChatterBot Tango round 13
ChatterBot Hotel round 13
ChatterBot Foxtrot round 13
ChatterBot Oscar round 13
ChatterBot Charlie round 13
ChatterBot Kilo round 13
ChatterBot Victor round 13
2024-10-14 17:26:44.467208 Foxtrot: We should replace Alpha with Quebec
2024-10-14 17:26:44.482565 Hotel: No
2024-10-14 17:26:44.482769 Kilo: No
2024-10-14 17:26:44.482927 Victor: No
ChatterBot Foxtrot reevaluating
ChatterBot Foxtrot reevaluating
ChatterBot Foxtrot reevaluating
2024-10-14 17:26:44.567676 Charlie: Same as last round
2024-10-14 17:26:44.568687 Kilo: Alpha and Victor, sending you 2
2024-10-14 17:26:44.570237 Hotel: Alpha, Foxtrot, Kilo and Victor, sending you 4
2024-10-14 17:26:44.573659 Alpha: Hotel and Foxtrot, sending you 4
2024-10-14 17:26:44.575139 Hotel: Quebec, sending you 2
2024-10-14 17:26:44.575897 Kilo: Quebec, sending you 1
2024-10-14 17:26:44.579666 Alpha: Kilo, sending you 2
2024-10-14 17:26:44.580599 Kilo: Hotel, sending you 4
2024-10-14 17:26:44.582203 Quebec: Hotel and Victor, sending you 2
2024-10-14 17:26:44.583510 Victor: Alpha, sending you 3
2024-10-14 17:26:44.584945 Juliett: Tango, sending you 2
2024-10-14 17:26:44.585364 Alpha: Victor, sending you 3
2024-10-14 17:26:44.587108 Kilo: Foxtrot, sending you 3
2024-10-14 17:26:44.588289 Quebec: Foxtrot, sending you 3
2024-10-14 17:26:44.590513 Foxtrot: Alpha, Hotel and Kilo, sending you 5
2024-10-14 17:26:44.591610 Juliett: Charlie, sending you 5
2024-10-14 17:26:44.591997 Victor: Quebec, Foxtrot and Kilo, sending you 2
2024-10-14 17:26:44.593232 Tango: Juliett, sending you 2
2024-10-14 17:26:44.593737 Foxtrot: Victor, sending you 4
2024-10-14 17:26:44.595365 Quebec: Kilo, sending you 1
2024-10-14 17:26:44.597086 Victor: Hotel, sending you 4
2024-10-14 17:26:44.598804 Tango: Charlie, sending you 4
chatterbot Charlie submitting transactions
chatterbot Oscar submitting transactions
chatterbot Kilo submitting transactions
chatterbot Alpha submitting transactions
chatterbot Victor submitting transactions
chatterbot Hotel submitting transactions
chatterbot Quebec submitting transactions
chatterbot Tango submitting transactions
chatterbot Foxtrot submitting transactions
chatterbot Juliett submitting transactions
ChatterBot Alpha round 14
ChatterBot Quebec round 14
ChatterBot Juliett round 14
ChatterBot Tango round 14
ChatterBot Hotel round 14
ChatterBot Foxtrot round 14
ChatterBot Oscar round 14
ChatterBot Charlie round 14
ChatterBot Kilo round 14
ChatterBot Victor round 14
2024-10-14 17:26:45.824410 Foxtrot: We should replace Hotel with Quebec
2024-10-14 17:26:45.834653 Alpha: No
2024-10-14 17:26:45.835219 Kilo: No
2024-10-14 17:26:45.835364 Victor: No
ChatterBot Foxtrot reevaluating
ChatterBot Foxtrot reevaluating
ChatterBot Foxtrot reevaluating
2024-10-14 17:26:45.877792 Foxtrot: We should replace Kilo with Quebec
2024-10-14 17:26:45.885957 Alpha: No
2024-10-14 17:26:45.886107 Hotel: No
2024-10-14 17:26:45.886225 Victor: No
ChatterBot Foxtrot reevaluating
ChatterBot Foxtrot reevaluating
ChatterBot Foxtrot reevaluating
2024-10-14 17:26:45.913676 Tango: Juliett, sending you 2
2024-10-14 17:26:45.914084 Alpha: Hotel and Foxtrot, sending you 4
2024-10-14 17:26:45.915671 Quebec: Alpha and Kilo, sending you 1
2024-10-14 17:26:45.918660 Tango: Charlie, sending you 4
2024-10-14 17:26:45.919075 Alpha: Kilo, sending you 2
2024-10-14 17:26:45.920087 Quebec: Hotel, Foxtrot and Victor, sending you 2
2024-10-14 17:26:45.922655 Charlie: Same as last round
2024-10-14 17:26:45.923665 Alpha: Victor, sending you 3
2024-10-14 17:26:45.925658 Hotel: Alpha, Foxtrot, Kilo and Victor, sending you 4
2024-10-14 17:26:45.926740 Victor: Alpha, sending you 3
2024-10-14 17:26:45.928691 Juliett: Tango, sending you 2
2024-10-14 17:26:45.929683 Hotel: Quebec, sending you 2
2024-10-14 17:26:45.930866 Victor: Quebec, Foxtrot and Kilo, sending you 2
2024-10-14 17:26:45.932660 Juliett: Charlie, sending you 5
2024-10-14 17:26:45.933681 Kilo: Alpha and Victor, sending you 2
2024-10-14 17:26:45.934788 Victor: Hotel, sending you 4
2024-10-14 17:26:45.935683 Foxtrot: Alpha, Hotel and Kilo, sending you 5
2024-10-14 17:26:45.939829 Kilo: Quebec, sending you 1
2024-10-14 17:26:45.940946 Foxtrot: Victor, sending you 4
2024-10-14 17:26:45.945676 Kilo: Hotel, sending you 4
2024-10-14 17:26:45.950657 Kilo: Foxtrot, sending you 3
chatterbot Quebec submitting transactions
chatterbot Oscar submitting transactions
