ChatterBot Mike round 1
ChatterBot November round 1
ChatterBot Uniform round 1
ChatterBot Bravo round 1
ChatterBot Foxtrot round 1
ChatterBot Echo round 1
ChatterBot Romeo round 1
ChatterBot Delta round 1
ChatterBot X-ray round 1
ChatterBot Golf round 1
randomSelections November: {November, Mike, Golf, Echo} 
2024-10-14 17:26:28.783905 November: We should group up
ChatterBot Mike reevaluating
ChatterBot Golf reevaluating
ChatterBot Echo reevaluating
2024-10-14 17:26:28.794423 Mike: Yes
2024-10-14 17:26:28.794574 Golf: Yes
2024-10-14 17:26:28.794691 Echo: Yes
ChatterBot Golf reevaluating
ChatterBot Echo reevaluating
ChatterBot Mike reevaluating
ChatterBot Echo reevaluating
ChatterBot Mike reevaluating
ChatterBot Golf reevaluating
randomSelections Bravo: {Bravo, Foxtrot, Mike, November, Delta} 
2024-10-14 17:26:28.811427 Bravo: Group up?
ChatterBot Foxtrot reevaluating
ChatterBot Mike reevaluating
ChatterBot Delta reevaluating
2024-10-14 17:26:28.818999 Foxtrot: Yes
2024-10-14 17:26:28.819129 Mike: No
2024-10-14 17:26:28.819240 November: No
2024-10-14 17:26:28.819344 Delta: Yes
ChatterBot Mike reevaluating
ChatterBot Delta reevaluating
ChatterBot Foxtrot reevaluating
ChatterBot Delta reevaluating
ChatterBot Foxtrot reevaluating
ChatterBot Mike reevaluating
ChatterBot Delta reevaluating
ChatterBot Foxtrot reevaluating
ChatterBot Mike reevaluating
randomSelections X-ray: {X-ray, Bravo, November, Delta, Echo, Mike} 
2024-10-14 17:26:28.845895 X-ray: Friends?
ChatterBot Delta reevaluating
ChatterBot Echo reevaluating
ChatterBot Mike reevaluating
2024-10-14 17:26:28.852081 Bravo: No
2024-10-14 17:26:28.852227 November: No
2024-10-14 17:26:28.852835 Delta: No
2024-10-14 17:26:28.852957 Echo: No
2024-10-14 17:26:28.853069 Mike: No
ChatterBot Delta reevaluating
ChatterBot Echo reevaluating
ChatterBot Mike reevaluating
ChatterBot Delta reevaluating
ChatterBot Echo reevaluating
ChatterBot Mike reevaluating
ChatterBot Echo reevaluating
ChatterBot Mike reevaluating
ChatterBot Delta reevaluating
ChatterBot Mike reevaluating
ChatterBot Delta reevaluating
ChatterBot Echo reevaluating
randomSelections Uniform: {Uniform, Bravo, Delta, Romeo, Foxtrot, X-ray, Mike} 
2024-10-14 17:26:28.896943 Uniform: Let's form a team
ChatterBot Delta reevaluating
ChatterBot Romeo reevaluating
ChatterBot Foxtrot reevaluating
ChatterBot Mike reevaluating
2024-10-14 17:26:28.907486 Bravo: No
2024-10-14 17:26:28.907672 Delta: No
2024-10-14 17:26:28.907856 Romeo: Yes
2024-10-14 17:26:28.907978 Foxtrot: No
2024-10-14 17:26:28.908106 X-ray: No
2024-10-14 17:26:28.908274 Mike: No
ChatterBot Delta reevaluating
ChatterBot Romeo reevaluating
ChatterBot Foxtrot reevaluating
ChatterBot Mike reevaluating
ChatterBot Romeo reevaluating
ChatterBot Foxtrot reevaluating
ChatterBot Mike reevaluating
ChatterBot Delta reevaluating
ChatterBot Foxtrot reevaluating
ChatterBot Mike reevaluating
ChatterBot Delta reevaluating
ChatterBot Romeo reevaluating
ChatterBot Mike reevaluating
ChatterBot Delta reevaluating
ChatterBot Romeo reevaluating
ChatterBot Foxtrot reevaluating
ChatterBot Mike reevaluating
ChatterBot Delta reevaluating
ChatterBot Romeo reevaluating
ChatterBot Foxtrot reevaluating
2024-10-14 17:26:28.985695 Mike: November and Golf, sending you 4
2024-10-14 17:26:28.988684 Mike: Echo, sending you 5
2024-10-14 17:26:28.990742 Uniform: Mike, Delta and X-ray, sending you 2
2024-10-14 17:26:28.994693 Bravo: November, sending you 3
2024-10-14 17:26:28.996056 X-ray: Mike and Delta, sending you 2
2024-10-14 17:26:28.996392 Uniform: Bravo, sending you 1
2024-10-14 17:26:28.997845 Golf: Mike, sending you 8
2024-10-14 17:26:28.998225 Romeo: Mike, sending you 3
2024-10-14 17:26:28.998670 Echo: Mike and Golf, sending you 1
2024-10-14 17:26:28.999699 November: Mike, sending you 3
2024-10-14 17:26:29.000027 X-ray: November, sending you 6
2024-10-14 17:26:29.000316 Bravo: Foxtrot and Delta, sending you 4
2024-10-14 17:26:29.000590 Delta: Mike, sending you 2
2024-10-14 17:26:29.001492 Uniform: Foxtrot, sending you 5
2024-10-14 17:26:29.002077 Foxtrot: November, sending you 5
2024-10-14 17:26:29.003001 Romeo: Uniform and Bravo, sending you 2
2024-10-14 17:26:29.003447 Golf: November, sending you 6
2024-10-14 17:26:29.004371 X-ray: Echo, sending you 1
2024-10-14 17:26:29.004792 November: Echo, sending you 4
2024-10-14 17:26:29.005131 Uniform: Romeo, sending you 3
2024-10-14 17:26:29.006160 Delta: November, sending you 3
2024-10-14 17:26:29.009879 Foxtrot: Bravo, sending you 1
2024-10-14 17:26:29.010982 Romeo: Foxtrot, sending you 4
2024-10-14 17:26:29.011307 Golf: Echo, sending you 5
2024-10-14 17:26:29.011594 Delta: Bravo, sending you 6
2024-10-14 17:26:29.015935 Foxtrot: Delta, sending you 2
2024-10-14 17:26:29.016786 Romeo: Delta and X-ray, sending you 1
2024-10-14 17:26:29.017268 Delta: Foxtrot, sending you 1
chatterbot Mike submitting transactions
chatterbot November submitting transactions
chatterbot Echo submitting transactions
chatterbot X-ray submitting transactions
chatterbot Romeo submitting transactions
chatterbot Golf submitting transactions
chatterbot Uniform submitting transactions
chatterbot Delta submitting transactions
chatterbot Bravo submitting transactions
chatterbot Foxtrot submitting transactions
ChatterBot Mike round 2
ChatterBot November round 2
ChatterBot Uniform round 2
ChatterBot Bravo round 2
ChatterBot Foxtrot round 2
2024-10-14 17:26:30.417663 Mike: We should group up
ChatterBot November reevaluating
ChatterBot Echo reevaluating
ChatterBot Golf reevaluating
ChatterBot Uniform reevaluating
ChatterBot Romeo reevaluating
ChatterBot X-ray reevaluating
2024-10-14 17:26:30.476966 November: No
2024-10-14 17:26:30.477171 Echo: No
2024-10-14 17:26:30.477300 Golf: No
2024-10-14 17:26:30.477416 Uniform: No
2024-10-14 17:26:30.477533 Romeo: No
2024-10-14 17:26:30.477657 X-ray: No
ChatterBot Echo reevaluating
ChatterBot Golf reevaluating
ChatterBot Uniform reevaluating
ChatterBot Romeo reevaluating
ChatterBot X-ray reevaluating
ChatterBot November reevaluating
ChatterBot Golf reevaluating
ChatterBot Uniform reevaluating
ChatterBot Romeo reevaluating
ChatterBot X-ray reevaluating
ChatterBot November reevaluating
ChatterBot Echo reevaluating
ChatterBot Uniform reevaluating
ChatterBot Romeo reevaluating
ChatterBot X-ray reevaluating
ChatterBot November reevaluating
ChatterBot Echo reevaluating
ChatterBot Golf reevaluating
ChatterBot Romeo reevaluating
ChatterBot X-ray reevaluating
ChatterBot November reevaluating
ChatterBot Echo reevaluating
ChatterBot Golf reevaluating
ChatterBot Uniform reevaluating
ChatterBot X-ray reevaluating
ChatterBot November reevaluating
ChatterBot Echo reevaluating
ChatterBot Golf reevaluating
ChatterBot Uniform reevaluating
ChatterBot Romeo reevaluating
ChatterBot Echo round 2
ChatterBot Romeo round 2
ChatterBot Delta round 2
ChatterBot X-ray round 2
ChatterBot Golf round 2
2024-10-14 17:26:30.888434 Bravo: Can we be friends?
ChatterBot Delta reevaluating
ChatterBot Uniform reevaluating
ChatterBot Romeo reevaluating
ChatterBot X-ray reevaluating
2024-10-14 17:26:30.906465 Foxtrot: No
2024-10-14 17:26:30.906630 Delta: Yes
2024-10-14 17:26:30.906757 Uniform: Yes
2024-10-14 17:26:30.906852 Romeo: Yes
2024-10-14 17:26:30.906940 X-ray: Yes
ChatterBot Delta reevaluating
ChatterBot Uniform reevaluating
ChatterBot Romeo reevaluating
ChatterBot X-ray reevaluating
ChatterBot Uniform reevaluating
ChatterBot Romeo reevaluating
ChatterBot X-ray reevaluating
ChatterBot Delta reevaluating
ChatterBot Romeo reevaluating
ChatterBot X-ray reevaluating
ChatterBot Delta reevaluating
ChatterBot Uniform reevaluating
ChatterBot X-ray reevaluating
ChatterBot Delta reevaluating
ChatterBot Uniform reevaluating
ChatterBot Romeo reevaluating
2024-10-14 17:26:31.014530 Echo: We should drop Mike and Golf
ChatterBot November reevaluating
2024-10-14 17:26:31.018038 November: No
ChatterBot Echo reevaluating
2024-10-14 17:26:31.034416 Foxtrot: We should drop Mike and November
ChatterBot Delta reevaluating
2024-10-14 17:26:31.041094 Bravo: Yes
2024-10-14 17:26:31.041261 Delta: Yes
ChatterBot Delta reevaluating
2024-10-14 17:26:31.055558 November: X-ray we want you to join our group
2024-10-14 17:26:31.058807 X-ray: No
2024-10-14 17:26:31.071503 Mike: November, Uniform, Romeo and X-ray, sending you 2
2024-10-14 17:26:31.072215 Romeo: We should drop Mike
2024-10-14 17:26:31.088875 Bravo: Yes
2024-10-14 17:26:31.089076 Foxtrot: Yes
2024-10-14 17:26:31.089218 Delta: Yes
2024-10-14 17:26:31.089373 Uniform: Yes
2024-10-14 17:26:31.089497 X-ray: Yes
2024-10-14 17:26:31.167678 Golf: Mike, sending you 10
2024-10-14 17:26:31.168475 Mike: Echo, sending you 1
2024-10-14 17:26:31.168792 Echo: Sending you each 3
2024-10-14 17:26:31.207021 Golf: November, sending you 4
2024-10-14 17:26:31.207456 Mike: Golf, sending you 4
2024-10-14 17:26:31.208379 X-ray: Uniform, sending you 8
2024-10-14 17:26:31.208859 Bravo: Uniform, Foxtrot, Romeo and X-ray, sending you 2
2024-10-14 17:26:31.209647 Foxtrot: Bravo, sending you 12
2024-10-14 17:26:31.209984 Golf: Echo, sending you 5
2024-10-14 17:26:31.239892 X-ray: Romeo, sending you 3
2024-10-14 17:26:31.240682 Bravo: Delta, sending you 3
2024-10-14 17:26:31.241128 Foxtrot: Delta, sending you 4
2024-10-14 17:26:31.241389 Delta: Uniform, Foxtrot, Romeo and X-ray, sending you 2
2024-10-14 17:26:31.241742 November: Mike, X-ray and Golf, sending you 2
2024-10-14 17:26:31.243056 Romeo: Uniform, sending you 6
2024-10-14 17:26:31.333807 Delta: Bravo, sending you 4
2024-10-14 17:26:31.334452 November: Echo, sending you 1
2024-10-14 17:26:31.335725 Romeo: Bravo, Foxtrot, Delta and X-ray, sending you 3
2024-10-14 17:26:31.336336 Uniform: Bravo, Foxtrot, Romeo, Delta and X-ray, sending you 3
chatterbot Uniform submitting transactions
chatterbot Mike submitting transactions
chatterbot November submitting transactions
chatterbot Golf submitting transactions
chatterbot X-ray submitting transactions
chatterbot Romeo submitting transactions
chatterbot Echo submitting transactions
chatterbot Delta submitting transactions
chatterbot Bravo submitting transactions
chatterbot Foxtrot submitting transactions
ChatterBot Mike round 3
ChatterBot November round 3
ChatterBot Uniform round 3
ChatterBot Bravo round 3
ChatterBot Foxtrot round 3
ChatterBot Echo round 3
ChatterBot Romeo round 3
ChatterBot Delta round 3
ChatterBot X-ray round 3
ChatterBot Golf round 3
2024-10-14 17:26:32.194260 Foxtrot: We should add Uniform and Romeo
2024-10-14 17:26:32.205321 Bravo: Yes
2024-10-14 17:26:32.205514 Delta: Yes
2024-10-14 17:26:32.261006 Mike: We should drop Uniform and Romeo
2024-10-14 17:26:32.276203 November: Yes
2024-10-14 17:26:32.276717 Echo: Yes
2024-10-14 17:26:32.276897 Golf: Yes
2024-10-14 17:26:32.277043 X-ray: No
ChatterBot X-ray reevaluating
2024-10-14 17:26:32.332336 Foxtrot: Uniform and Romeo we want you to join our group
ChatterBot Uniform reevaluating
2024-10-14 17:26:32.340434 Uniform: Yes
2024-10-14 17:26:32.340579 Romeo: Yes
ChatterBot Bravo reevaluating
ChatterBot Bravo reevaluating
ChatterBot Uniform reevaluating
2024-10-14 17:26:32.457248 Bravo: We should drop X-ray
ChatterBot Uniform reevaluating
2024-10-14 17:26:32.485525 Foxtrot: Yes
2024-10-14 17:26:32.485937 Delta: Yes
2024-10-14 17:26:32.487035 Uniform: Yes
2024-10-14 17:26:32.487453 Romeo: Yes
ChatterBot Bravo reevaluating
ChatterBot Uniform reevaluating
ChatterBot Bravo reevaluating
ChatterBot Uniform reevaluating
ChatterBot Bravo reevaluating
ChatterBot Bravo reevaluating
ChatterBot Uniform reevaluating
2024-10-14 17:26:32.576836 Golf: Mike, sending you 8
2024-10-14 17:26:32.577359 November: Mike, X-ray and Golf, sending you 2
2024-10-14 17:26:32.578195 Echo: Same as last round
2024-10-14 17:26:32.603805 Romeo: Uniform, Bravo, Delta and X-ray, sending you 4
2024-10-14 17:26:32.604754 Golf: November, sending you 5
2024-10-14 17:26:32.605065 November: Echo, sending you 1
2024-10-14 17:26:32.605341 Foxtrot: Uniform and Romeo, sending you 5
2024-10-14 17:26:32.605642 Mike: November, Echo and Golf, sending you 3
2024-10-14 17:26:32.606360 Delta: Uniform, Romeo and X-ray, sending you 2
2024-10-14 17:26:32.611010 Romeo: Foxtrot, sending you 2
2024-10-14 17:26:32.611424 Golf: Echo, sending you 6
2024-10-14 17:26:32.612289 Foxtrot: Bravo, sending you 4
2024-10-14 17:26:32.612557 X-ray: Uniform, sending you 4
2024-10-14 17:26:32.612929 Mike: X-ray, sending you 2
2024-10-14 17:26:32.613623 Delta: Bravo and Foxtrot, sending you 3
2024-10-14 17:26:32.632485 Foxtrot: Delta, sending you 3
2024-10-14 17:26:32.632969 X-ray: Bravo and Delta, sending you 2
chatterbot Delta submitting transactions
2024-10-14 17:26:32.642193 X-ray: Romeo, sending you 3
2024-10-14 17:26:32.642568 Uniform: Bravo, sending you 3
2024-10-14 17:26:32.647311 Uniform: Romeo, Delta and X-ray, sending you 4
2024-10-14 17:26:32.656243 Bravo: Uniform, sending you 2
2024-10-14 17:26:32.666732 Bravo: Foxtrot, Romeo and Delta, sending you 3
chatterbot Golf submitting transactions
chatterbot Foxtrot submitting transactions
chatterbot Mike submitting transactions
chatterbot November submitting transactions
chatterbot Echo submitting transactions
chatterbot X-ray submitting transactions
chatterbot Romeo submitting transactions
chatterbot Uniform submitting transactions
chatterbot Bravo submitting transactions
ChatterBot Mike round 4
ChatterBot November round 4
ChatterBot Uniform round 4
ChatterBot Bravo round 4
ChatterBot Foxtrot round 4
ChatterBot Echo round 4
ChatterBot Romeo round 4
ChatterBot Delta round 4
ChatterBot X-ray round 4
ChatterBot Golf round 4
2024-10-14 17:26:33.863989 Mike: November, Echo and Golf, sending you 3
2024-10-14 17:26:33.868042 Mike: X-ray, sending you 2
2024-10-14 17:26:33.871681 Uniform: Sending you each 3
2024-10-14 17:26:33.875702 November: Mike, Echo and Golf, sending you 2
2024-10-14 17:26:33.876673 Bravo: Uniform, sending you 2
2024-10-14 17:26:33.877707 X-ray: Uniform, sending you 5
2024-10-14 17:26:33.880707 November: X-ray, sending you 1
2024-10-14 17:26:33.881041 Bravo: Foxtrot, Romeo and Delta, sending you 3
2024-10-14 17:26:33.881659 Echo: Same as last round
2024-10-14 17:26:33.881975 Delta: Uniform, Bravo, Foxtrot and Romeo, sending you 3
2024-10-14 17:26:33.883136 X-ray: Bravo, sending you 1
2024-10-14 17:26:33.883609 Romeo: Uniform, Bravo, Foxtrot and X-ray, sending you 4
2024-10-14 17:26:33.884136 Foxtrot: Uniform, Romeo and Delta, sending you 4
2024-10-14 17:26:33.885671 Delta: X-ray, sending you 1
2024-10-14 17:26:33.887659 Golf: Mike, sending you 8
2024-10-14 17:26:33.888005 X-ray: Romeo, sending you 3
2024-10-14 17:26:33.889008 Foxtrot: Bravo, sending you 5
2024-10-14 17:26:33.889503 Romeo: Delta, sending you 2
2024-10-14 17:26:33.892676 Golf: November, sending you 5
2024-10-14 17:26:33.893675 X-ray: Delta, sending you 2
2024-10-14 17:26:33.895661 Golf: Echo, sending you 6
chatterbot Bravo submitting transactions
chatterbot Delta submitting transactions
chatterbot Golf submitting transactions
chatterbot Foxtrot submitting transactions
chatterbot Mike submitting transactions
chatterbot Romeo submitting transactions
chatterbot Uniform submitting transactions
chatterbot November submitting transactions
chatterbot Echo submitting transactions
chatterbot X-ray submitting transactions
ChatterBot Mike round 5
ChatterBot November round 5
ChatterBot Uniform round 5
ChatterBot Bravo round 5
ChatterBot Foxtrot round 5
ChatterBot Echo round 5
ChatterBot Romeo round 5
ChatterBot Delta round 5
ChatterBot X-ray round 5
ChatterBot Golf round 5
2024-10-14 17:26:34.865315 November: We should drop X-ray
2024-10-14 17:26:34.873630 Mike: Yes
2024-10-14 17:26:34.873861 Golf: Yes
2024-10-14 17:26:34.874020 Echo: Yes
2024-10-14 17:26:34.907719 Uniform: Same as last round
2024-10-14 17:26:34.909693 Foxtrot: Uniform, Romeo and Delta, sending you 4
2024-10-14 17:26:34.912677 Echo: Same as last round
2024-10-14 17:26:34.914673 Foxtrot: Bravo, sending you 5
2024-10-14 17:26:34.915651 November: Mike and Echo, sending you 2
2024-10-14 17:26:34.916673 Bravo: Uniform, sending you 2
2024-10-14 17:26:34.919680 Delta: Uniform, Bravo and Foxtrot, sending you 3
2024-10-14 17:26:34.920669 November: Golf, sending you 3
2024-10-14 17:26:34.921664 Bravo: Foxtrot, Romeo and Delta, sending you 3
2024-10-14 17:26:34.922060 Golf: Mike, sending you 7
2024-10-14 17:26:34.922697 Delta: Romeo and X-ray, sending you 2
2024-10-14 17:26:34.923715 X-ray: Uniform and Romeo, sending you 4
2024-10-14 17:26:34.924254 Mike: November, Echo and Golf, sending you 3
2024-10-14 17:26:34.925673 Romeo: Uniform, Bravo, Foxtrot and X-ray, sending you 4
2024-10-14 17:26:34.926704 Golf: November and Echo, sending you 6
2024-10-14 17:26:34.928696 X-ray: Bravo, sending you 1
2024-10-14 17:26:34.929193 Mike: X-ray, sending you 2
2024-10-14 17:26:34.930704 Romeo: Delta, sending you 2
2024-10-14 17:26:34.932706 X-ray: Delta, sending you 2
chatterbot Mike submitting transactions
chatterbot November submitting transactions
chatterbot X-ray submitting transactions
chatterbot Delta submitting transactions
chatterbot Echo submitting transactions
chatterbot Romeo submitting transactions
chatterbot Golf submitting transactions
chatterbot Foxtrot submitting transactions
chatterbot Bravo submitting transactions
chatterbot Uniform submitting transactions
ChatterBot Mike round 6
ChatterBot November round 6
ChatterBot Uniform round 6
ChatterBot Bravo round 6
ChatterBot Foxtrot round 6
ChatterBot Echo round 6
ChatterBot Romeo round 6
ChatterBot Delta round 6
2024-10-14 17:26:35.940759 Mike: We should replace X-ray with Bravo
2024-10-14 17:26:35.951710 November: No
2024-10-14 17:26:35.951925 Golf: No
2024-10-14 17:26:35.952093 Echo: No
ChatterBot Mike reevaluating
ChatterBot Mike reevaluating
ChatterBot X-ray round 6
ChatterBot Golf round 6
2024-10-14 17:26:36.028691 Uniform: Same as last round
2024-10-14 17:26:36.029229 November: Mike and Echo, sending you 2
2024-10-14 17:26:36.030676 Echo: Same as last round
2024-10-14 17:26:36.031675 November: Golf, sending you 3
2024-10-14 17:26:36.037686 Romeo: Uniform, Bravo, Foxtrot and X-ray, sending you 4
2024-10-14 17:26:36.038176 X-ray: Uniform and Romeo, sending you 4
2024-10-14 17:26:36.038696 Golf: Mike, sending you 7
2024-10-14 17:26:36.040702 Foxtrot: Uniform, Romeo and Delta, sending you 4
2024-10-14 17:26:36.041070 Delta: Uniform, Bravo and Foxtrot, sending you 3
2024-10-14 17:26:36.041453 Romeo: Delta, sending you 2
2024-10-14 17:26:36.041855 Bravo: Uniform, sending you 2
2024-10-14 17:26:36.042150 Golf: November and Echo, sending you 6
2024-10-14 17:26:36.042695 X-ray: Bravo, sending you 1
2024-10-14 17:26:36.043682 Delta: Romeo and X-ray, sending you 2
2024-10-14 17:26:36.044735 Foxtrot: Bravo, sending you 5
2024-10-14 17:26:36.045896 Bravo: Foxtrot, Romeo and Delta, sending you 3
2024-10-14 17:26:36.046516 Mike: November and Golf, sending you 3
2024-10-14 17:26:36.047684 X-ray: Delta, sending you 2
2024-10-14 17:26:36.051674 Mike: Echo, sending you 4
2024-10-14 17:26:36.054689 Mike: X-ray, sending you 1
chatterbot Uniform submitting transactions
chatterbot Bravo submitting transactions
chatterbot Delta submitting transactions
chatterbot Romeo submitting transactions
chatterbot Mike submitting transactions
chatterbot X-ray submitting transactions
chatterbot Foxtrot submitting transactions
chatterbot Golf submitting transactions
chatterbot November submitting transactions
chatterbot Echo submitting transactions
ChatterBot Mike round 7
ChatterBot November round 7
ChatterBot Uniform round 7
ChatterBot Bravo round 7
ChatterBot Foxtrot round 7
ChatterBot Echo round 7
ChatterBot Romeo round 7
ChatterBot Delta round 7
ChatterBot X-ray round 7
ChatterBot Golf round 7
2024-10-14 17:26:37.180680 Bravo: Uniform, sending you 2
2024-10-14 17:26:37.181687 November: Mike and Echo, sending you 2
2024-10-14 17:26:37.184714 Mike: Echo and Golf, sending you 1
2024-10-14 17:26:37.186377 Bravo: Foxtrot, Romeo and Delta, sending you 3
2024-10-14 17:26:37.187660 November: Golf, sending you 3
2024-10-14 17:26:37.188701 Uniform: Same as last round
2024-10-14 17:26:37.196146 Romeo: Uniform, Bravo, Foxtrot and X-ray, sending you 4
2024-10-14 17:26:37.196965 Foxtrot: Uniform, Romeo and Delta, sending you 1
2024-10-14 17:26:37.200303 Echo: Same as last round
2024-10-14 17:26:37.200965 Foxtrot: Bravo, sending you 2
2024-10-14 17:26:37.201364 X-ray: Uniform and Romeo, sending you 4
2024-10-14 17:26:37.201909 Romeo: Delta, sending you 2
2024-10-14 17:26:37.202424 Delta: Uniform, Bravo and Foxtrot, sending you 3
2024-10-14 17:26:37.203322 Golf: Mike, sending you 7
2024-10-14 17:26:37.205700 X-ray: Bravo, sending you 1
2024-10-14 17:26:37.207700 Delta: Romeo and X-ray, sending you 2
2024-10-14 17:26:37.208677 Golf: November and Echo, sending you 6
2024-10-14 17:26:37.209712 X-ray: Delta, sending you 2
chatterbot Mike submitting transactions
chatterbot Romeo submitting transactions
chatterbot Golf submitting transactions
chatterbot Foxtrot submitting transactions
chatterbot Echo submitting transactions
chatterbot Uniform submitting transactions
chatterbot X-ray submitting transactions
chatterbot Delta submitting transactions
chatterbot Bravo submitting transactions
chatterbot November submitting transactions
ChatterBot Mike round 8
ChatterBot November round 8
ChatterBot Uniform round 8
2024-10-14 17:26:38.337942 Mike: We should replace X-ray with Bravo
2024-10-14 17:26:38.346031 November: No
2024-10-14 17:26:38.346199 Golf: No
2024-10-14 17:26:38.346324 Echo: No
ChatterBot November reevaluating
ChatterBot November reevaluating
ChatterBot Bravo round 8
2024-10-14 17:26:38.371582 November: We should add Bravo
2024-10-14 17:26:38.377982 Mike: Yes
2024-10-14 17:26:38.378108 Golf: No
2024-10-14 17:26:38.378215 Echo: No
ChatterBot November reevaluating
ChatterBot November reevaluating
ChatterBot November reevaluating
ChatterBot Mike reevaluating
ChatterBot Foxtrot round 8
ChatterBot Echo round 8
ChatterBot Romeo round 8
ChatterBot Delta round 8
ChatterBot X-ray round 8
ChatterBot Golf round 8
2024-10-14 17:26:38.482161 Delta: We should drop X-ray
2024-10-14 17:26:38.505122 Foxtrot: Yes
2024-10-14 17:26:38.505352 Bravo: Yes
2024-10-14 17:26:38.505482 Uniform: Yes
2024-10-14 17:26:38.505630 Romeo: Yes
ChatterBot Uniform reevaluating
ChatterBot Uniform reevaluating
2024-10-14 17:26:38.552682 November: Mike and Echo, sending you 2
2024-10-14 17:26:38.554135 Bravo: Uniform, sending you 2
2024-10-14 17:26:38.554844 Foxtrot: Uniform, Romeo and Delta, sending you 1
2024-10-14 17:26:38.555436 Romeo: Uniform, Bravo, Foxtrot and X-ray, sending you 4
2024-10-14 17:26:38.556208 Echo: Same as last round
2024-10-14 17:26:38.557364 November: Golf, sending you 3
2024-10-14 17:26:38.558159 Bravo: Foxtrot, Romeo and Delta, sending you 3
2024-10-14 17:26:38.559061 Foxtrot: Bravo, sending you 2
2024-10-14 17:26:38.560076 Romeo: Delta, sending you 2
2024-10-14 17:26:38.563662 Golf: Mike and Echo, sending you 6
2024-10-14 17:26:38.566716 X-ray: Uniform and Romeo, sending you 4
2024-10-14 17:26:38.568708 Delta: Uniform, Foxtrot and Romeo, sending you 3
2024-10-14 17:26:38.569429 Golf: November, sending you 7
2024-10-14 17:26:38.572677 X-ray: Bravo, sending you 1
2024-10-14 17:26:38.573694 Delta: Bravo, sending you 4
2024-10-14 17:26:38.574351 Delta: I was attacked by Mike
ChatterBot Foxtrot reevaluating
ChatterBot Bravo reevaluating
ChatterBot Uniform reevaluating
ChatterBot Romeo reevaluating
2024-10-14 17:26:38.593856 Delta: Ow
2024-10-14 17:26:38.594837 X-ray: Delta, sending you 2
2024-10-14 17:26:38.621659 Romeo: Sorry, I'm actually sending you 0
2024-10-14 17:26:38.624683 Romeo: Uniform and Bravo, sending you 2
2024-10-14 17:26:38.628681 Uniform: Bravo, sending you 3
2024-10-14 17:26:38.629681 Romeo: Foxtrot and Delta, sending you 1
2024-10-14 17:26:38.634229 Uniform: Foxtrot, Romeo and Delta, sending you 4
chatterbot Uniform submitting transactions
chatterbot Foxtrot submitting transactions
chatterbot Echo submitting transactions
chatterbot November submitting transactions
chatterbot Mike submitting transactions
chatterbot Romeo submitting transactions
chatterbot Bravo submitting transactions
chatterbot X-ray submitting transactions
chatterbot Delta submitting transactions
chatterbot Golf submitting transactions
ChatterBot Mike round 9
ChatterBot November round 9
ChatterBot Uniform round 9
ChatterBot Bravo round 9
ChatterBot Foxtrot round 9
ChatterBot Echo round 9
ChatterBot Romeo round 9
ChatterBot Delta round 9
ChatterBot X-ray round 9
ChatterBot Golf round 9
2024-10-14 17:26:39.628723 Mike: We should replace X-ray with Bravo
2024-10-14 17:26:39.634642 November: No
2024-10-14 17:26:39.634785 Golf: No
2024-10-14 17:26:39.634897 Echo: No
ChatterBot Mike reevaluating
ChatterBot Mike reevaluating
ChatterBot Mike reevaluating
2024-10-14 17:26:39.684692 Echo: I was attacked by Foxtrot
ChatterBot November reevaluating
ChatterBot Mike reevaluating
ChatterBot Golf reevaluating
2024-10-14 17:26:39.700188 Echo: I'm keeping this round to protect myself
2024-10-14 17:26:39.701354 Echo: Ow
2024-10-14 17:26:39.701924 Golf: We should add Bravo
ChatterBot November reevaluating
ChatterBot Mike reevaluating
2024-10-14 17:26:39.715216 November: No
2024-10-14 17:26:39.715374 Mike: Yes
2024-10-14 17:26:39.715497 Echo: No
ChatterBot Mike reevaluating
ChatterBot Golf reevaluating
ChatterBot November reevaluating
ChatterBot Golf reevaluating
ChatterBot November reevaluating
ChatterBot Mike reevaluating
ChatterBot Golf reevaluating
2024-10-14 17:26:39.738779 Uniform: Bravo, Romeo and Delta, sending you 4
2024-10-14 17:26:39.741658 Foxtrot: Uniform, Romeo and Delta, sending you 1
2024-10-14 17:26:39.742693 X-ray: Uniform and Romeo, sending you 4
2024-10-14 17:26:39.743208 Romeo: Uniform and Bravo, sending you 5
2024-10-14 17:26:39.743681 Bravo: Uniform, sending you 2
2024-10-14 17:26:39.744005 Uniform: Foxtrot, sending you 3
2024-10-14 17:26:39.745644 Foxtrot: Bravo, sending you 2
2024-10-14 17:26:39.745963 X-ray: Bravo, sending you 1
2024-10-14 17:26:39.746379 Romeo: Foxtrot and Delta, sending you 4
2024-10-14 17:26:39.747827 Bravo: Foxtrot, Romeo and Delta, sending you 3
2024-10-14 17:26:39.749673 X-ray: Delta, sending you 2
2024-10-14 17:26:39.754676 Golf: Mike, sending you 5
2024-10-14 17:26:39.756681 November: Mike and Echo, sending you 2
2024-10-14 17:26:39.757836 Mike: Bravo we want you to join our group
2024-10-14 17:26:39.760377 Bravo: No
ChatterBot Mike reevaluating
ChatterBot November reevaluating
ChatterBot Golf reevaluating
2024-10-14 17:26:39.774366 Delta: Uniform and Bravo, sending you 4
2024-10-14 17:26:39.777712 Delta: Foxtrot, sending you 3
2024-10-14 17:26:39.778682 November: Bravo we want you to join our group
2024-10-14 17:26:39.782114 Bravo: No
ChatterBot Mike reevaluating
ChatterBot November reevaluating
ChatterBot Golf reevaluating
2024-10-14 17:26:39.797334 Delta: Romeo, sending you 2
2024-10-14 17:26:39.802814 November: We should drop Bravo
ChatterBot Mike reevaluating
ChatterBot Golf reevaluating
2024-10-14 17:26:39.814415 Mike: Yes
2024-10-14 17:26:39.814674 Golf: Yes
2024-10-14 17:26:39.814897 Echo: Yes
ChatterBot November reevaluating
ChatterBot Golf reevaluating
ChatterBot November reevaluating
ChatterBot Mike reevaluating
ChatterBot November reevaluating
ChatterBot Mike reevaluating
ChatterBot Golf reevaluating
chatterbot Romeo submitting transactions
chatterbot X-ray submitting transactions
chatterbot Echo submitting transactions
chatterbot November submitting transactions
chatterbot Uniform submitting transactions
chatterbot Mike submitting transactions
chatterbot Bravo submitting transactions
chatterbot Foxtrot submitting transactions
chatterbot Delta submitting transactions
chatterbot Golf submitting transactions
ChatterBot Mike round 10
ChatterBot November round 10
ChatterBot Uniform round 10
ChatterBot Bravo round 10
ChatterBot Foxtrot round 10
ChatterBot Echo round 10
ChatterBot Romeo round 10
ChatterBot Delta round 10
ChatterBot X-ray round 10
ChatterBot Golf round 10
2024-10-14 17:26:41.078588 November: We should drop Bravo
2024-10-14 17:26:41.092533 Mike: Yes
2024-10-14 17:26:41.092801 Golf: Yes
2024-10-14 17:26:41.093005 Echo: Yes
ChatterBot November reevaluating
ChatterBot November reevaluating
ChatterBot Mike reevaluating
ChatterBot November reevaluating
ChatterBot Mike reevaluating
2024-10-14 17:26:41.146681 Echo: I was attacked by Foxtrot
ChatterBot November reevaluating
ChatterBot Mike reevaluating
ChatterBot Golf reevaluating
2024-10-14 17:26:41.156448 Echo: I'm keeping this round to protect myself
2024-10-14 17:26:41.157179 Echo: Ow
2024-10-14 17:26:41.157556 Romeo: Uniform and Bravo, sending you 5
2024-10-14 17:26:41.158333 Uniform: Bravo, Romeo and Delta, sending you 4
2024-10-14 17:26:41.159659 Foxtrot: Uniform, Romeo and Delta, sending you 4
2024-10-14 17:26:41.160672 Delta: Uniform and Bravo, sending you 4
2024-10-14 17:26:41.161242 Romeo: Foxtrot and Delta, sending you 4
2024-10-14 17:26:41.161699 Bravo: Uniform, Romeo and Delta, sending you 3
2024-10-14 17:26:41.162549 X-ray: Uniform and Romeo, sending you 4
2024-10-14 17:26:41.163241 Foxtrot: Bravo, sending you 5
2024-10-14 17:26:41.163772 Uniform: Foxtrot, sending you 3
2024-10-14 17:26:41.164245 Delta: Foxtrot, sending you 2
2024-10-14 17:26:41.165127 November: We should drop Echo and Bravo
ChatterBot Mike reevaluating
ChatterBot Golf reevaluating
2024-10-14 17:26:41.172838 Mike: No
2024-10-14 17:26:41.173007 Golf: No
ChatterBot November reevaluating
ChatterBot Golf reevaluating
ChatterBot November reevaluating
ChatterBot Mike reevaluating
2024-10-14 17:26:41.190603 Bravo: Foxtrot, sending you 2
2024-10-14 17:26:41.191640 X-ray: Bravo, sending you 1
2024-10-14 17:26:41.192604 Delta: Romeo, sending you 3
2024-10-14 17:26:41.196710 X-ray: Delta, sending you 2
2024-10-14 17:26:41.210685 Golf: Mike, sending you 5
2024-10-14 17:26:41.212685 November: Mike and Echo, sending you 2
2024-10-14 17:26:41.215676 Golf: November, sending you 8
2024-10-14 17:26:41.216214 Mike: November and Golf, sending you 1
2024-10-14 17:26:41.217661 November: Golf, sending you 3
2024-10-14 17:26:41.218667 Golf: Echo, sending you 6
chatterbot Echo submitting transactions
chatterbot Uniform submitting transactions
chatterbot Bravo submitting transactions
chatterbot X-ray submitting transactions
chatterbot Delta submitting transactions
chatterbot Mike submitting transactions
chatterbot November submitting transactions
chatterbot Romeo submitting transactions
chatterbot Foxtrot submitting transactions
chatterbot Golf submitting transactions
ChatterBot Mike round 11
ChatterBot November round 11
ChatterBot Uniform round 11
ChatterBot Bravo round 11
ChatterBot Foxtrot round 11
ChatterBot Echo round 11
ChatterBot Romeo round 11
ChatterBot Delta round 11
ChatterBot X-ray round 11
ChatterBot Golf round 11
2024-10-14 17:26:42.383971 Mike: We should replace X-ray with Delta
2024-10-14 17:26:42.392856 November: No
2024-10-14 17:26:42.393079 Golf: No
2024-10-14 17:26:42.393240 Echo: No
ChatterBot Mike reevaluating
ChatterBot Mike reevaluating
ChatterBot Mike reevaluating
2024-10-14 17:26:42.427041 November: We should add Bravo
ChatterBot Mike reevaluating
2024-10-14 17:26:42.434387 Mike: Yes
2024-10-14 17:26:42.434548 Golf: No
2024-10-14 17:26:42.434693 Echo: No
ChatterBot November reevaluating
ChatterBot Mike reevaluating
ChatterBot November reevaluating
ChatterBot Mike reevaluating
2024-10-14 17:26:42.469975 Golf: We should add Delta
ChatterBot November reevaluating
ChatterBot Mike reevaluating
2024-10-14 17:26:42.477897 November: No
2024-10-14 17:26:42.478019 Mike: Yes
2024-10-14 17:26:42.478113 Echo: No
ChatterBot Mike reevaluating
ChatterBot Golf reevaluating
ChatterBot November reevaluating
ChatterBot Golf reevaluating
ChatterBot November reevaluating
ChatterBot Mike reevaluating
ChatterBot Golf reevaluating
2024-10-14 17:26:42.506513 Mike: We should replace X-ray with Bravo
ChatterBot November reevaluating
ChatterBot Golf reevaluating
2024-10-14 17:26:42.514164 November: No
2024-10-14 17:26:42.514311 Golf: No
2024-10-14 17:26:42.514420 Echo: No
ChatterBot Mike reevaluating
ChatterBot Golf reevaluating
ChatterBot November reevaluating
ChatterBot Mike reevaluating
ChatterBot November reevaluating
ChatterBot Mike reevaluating
ChatterBot Golf reevaluating
2024-10-14 17:26:42.540320 Foxtrot: I was attacked by Mike
ChatterBot Bravo reevaluating
ChatterBot Delta reevaluating
ChatterBot Uniform reevaluating
ChatterBot Romeo reevaluating
2024-10-14 17:26:42.551056 Foxtrot: Ow
2024-10-14 17:26:42.552358 Mike: Delta we want you to join our group
ChatterBot Delta reevaluating
2024-10-14 17:26:42.556114 Delta: No
ChatterBot Mike reevaluating
ChatterBot November reevaluating
ChatterBot Golf reevaluating
2024-10-14 17:26:42.572693 X-ray: Uniform and Romeo, sending you 4
2024-10-14 17:26:42.574671 Mike: Bravo we want you to join our group
ChatterBot Bravo reevaluating
2024-10-14 17:26:42.578384 Bravo: No
ChatterBot Mike reevaluating
ChatterBot November reevaluating
2024-10-14 17:26:42.594231 X-ray: Bravo, sending you 1
2024-10-14 17:26:42.597659 Romeo: Uniform and Bravo, sending you 5
2024-10-14 17:26:42.598131 Delta: Uniform and Bravo, sending you 4
2024-10-14 17:26:42.598677 X-ray: Delta, sending you 2
2024-10-14 17:26:42.600656 Romeo: Foxtrot and Delta, sending you 4
2024-10-14 17:26:42.601677 Delta: Foxtrot, sending you 2
2024-10-14 17:26:42.606704 Delta: Romeo, sending you 3
2024-10-14 17:26:42.609660 Golf: Mike, sending you 5
2024-10-14 17:26:42.614680 Golf: November, sending you 8
2024-10-14 17:26:42.615678 November: Mike and Echo, sending you 2
2024-10-14 17:26:42.619007 Golf: Echo, sending you 6
2024-10-14 17:26:42.620657 November: Golf, sending you 3
2024-10-14 17:26:42.632683 Mike: November, sending you 4
2024-10-14 17:26:42.638661 Mike: Echo, sending you 3
2024-10-14 17:26:42.643704 Mike: Delta and Golf, sending you 2
chatterbot Echo submitting transactions
chatterbot Delta submitting transactions
chatterbot Foxtrot submitting transactions
chatterbot Mike submitting transactions
chatterbot Romeo submitting transactions
chatterbot Golf submitting transactions
chatterbot Uniform submitting transactions
chatterbot Bravo submitting transactions
chatterbot X-ray submitting transactions
chatterbot November submitting transactions
ChatterBot Mike round 12
ChatterBot November round 12
ChatterBot Uniform round 12
ChatterBot Bravo round 12
ChatterBot Foxtrot round 12
ChatterBot Echo round 12
ChatterBot Romeo round 12
2024-10-14 17:26:43.818377 Mike: We should replace Delta with Bravo
2024-10-14 17:26:43.831030 November: No
2024-10-14 17:26:43.831311 Golf: No
2024-10-14 17:26:43.831516 Echo: No
ChatterBot Mike reevaluating
ChatterBot Mike reevaluating
ChatterBot Mike reevaluating
ChatterBot Delta round 12
ChatterBot X-ray round 12
ChatterBot Golf round 12
2024-10-14 17:26:43.886305 Uniform: We should add X-ray
ChatterBot Bravo reevaluating
2024-10-14 17:26:43.895563 Foxtrot: Yes
2024-10-14 17:26:43.895730 Bravo: Yes
2024-10-14 17:26:43.895873 Delta: Yes
2024-10-14 17:26:43.896374 Romeo: Yes
ChatterBot Bravo reevaluating
ChatterBot Uniform reevaluating
ChatterBot Romeo reevaluating
ChatterBot Delta reevaluating
ChatterBot Uniform reevaluating
ChatterBot Romeo reevaluating
ChatterBot Foxtrot reevaluating
ChatterBot Bravo reevaluating
ChatterBot Uniform reevaluating
ChatterBot Romeo reevaluating
ChatterBot Foxtrot reevaluating
ChatterBot Bravo reevaluating
ChatterBot Delta reevaluating
ChatterBot Uniform reevaluating
2024-10-14 17:26:43.933998 Foxtrot: We should replace Bravo with X-ray
ChatterBot Uniform reevaluating
ChatterBot Romeo reevaluating
ChatterBot Delta reevaluating
2024-10-14 17:26:43.941074 Uniform: No
2024-10-14 17:26:43.941175 Romeo: No
2024-10-14 17:26:43.941267 Delta: No
ChatterBot Foxtrot reevaluating
ChatterBot Romeo reevaluating
ChatterBot Delta reevaluating
ChatterBot Foxtrot reevaluating
ChatterBot Uniform reevaluating
ChatterBot Delta reevaluating
ChatterBot Foxtrot reevaluating
ChatterBot Uniform reevaluating
ChatterBot Romeo reevaluating
2024-10-14 17:26:43.969681 Mike: Bravo we want you to join our group
2024-10-14 17:26:43.972291 Bravo: No
ChatterBot Mike reevaluating
2024-10-14 17:26:43.982986 Uniform: X-ray we want you to join our group
2024-10-14 17:26:43.985798 X-ray: Yes
ChatterBot Bravo reevaluating
ChatterBot Foxtrot reevaluating
ChatterBot Delta reevaluating
ChatterBot Uniform reevaluating
2024-10-14 17:26:44.002564 Romeo: X-ray we want you to join our group
2024-10-14 17:26:44.005311 X-ray: Yes
ChatterBot Bravo reevaluating
ChatterBot Foxtrot reevaluating
ChatterBot Uniform reevaluating
2024-10-14 17:26:44.017761 November: I was attacked by Foxtrot
ChatterBot Mike reevaluating
ChatterBot Golf reevaluating
ChatterBot Echo reevaluating
2024-10-14 17:26:44.024575 November: I'm keeping this round to protect myself
2024-10-14 17:26:44.025364 November: Ow
2024-10-14 17:26:44.025698 Mike: We should replace Delta with X-ray
ChatterBot Golf reevaluating
ChatterBot Echo reevaluating
2024-10-14 17:26:44.032236 November: No
2024-10-14 17:26:44.032355 Golf: Yes
2024-10-14 17:26:44.032479 Echo: Yes
ChatterBot Mike reevaluating
ChatterBot Golf reevaluating
ChatterBot Echo reevaluating
ChatterBot Mike reevaluating
ChatterBot Echo reevaluating
ChatterBot Mike reevaluating
ChatterBot Golf reevaluating
2024-10-14 17:26:44.053369 Delta: X-ray we want you to join our group
ChatterBot X-ray reevaluating
2024-10-14 17:26:44.056331 X-ray: No
ChatterBot Bravo reevaluating
ChatterBot Foxtrot reevaluating
ChatterBot Uniform reevaluating
2024-10-14 17:26:44.070229 Golf: X-ray we want you to join our group
ChatterBot X-ray reevaluating
2024-10-14 17:26:44.073319 X-ray: No
ChatterBot Mike reevaluating
ChatterBot Echo reevaluating
ChatterBot Golf reevaluating
2024-10-14 17:26:44.083382 Echo: We should add X-ray
ChatterBot Mike reevaluating
ChatterBot Golf reevaluating
2024-10-14 17:26:44.090401 November: Yes
2024-10-14 17:26:44.090534 Mike: Yes
2024-10-14 17:26:44.090671 Golf: Yes
ChatterBot Mike reevaluating
ChatterBot Golf reevaluating
ChatterBot Echo reevaluating
ChatterBot Golf reevaluating
ChatterBot Echo reevaluating
ChatterBot November reevaluating
ChatterBot Mike reevaluating
ChatterBot Echo reevaluating
2024-10-14 17:26:44.112551 Foxtrot: X-ray we want you to join our group
ChatterBot X-ray reevaluating
2024-10-14 17:26:44.115283 X-ray: Yes
ChatterBot Foxtrot reevaluating
ChatterBot Uniform reevaluating
2024-10-14 17:26:44.124072 X-ray: We should add Foxtrot
ChatterBot Uniform reevaluating
ChatterBot Bravo reevaluating
2024-10-14 17:26:44.133262 Uniform: Yes
2024-10-14 17:26:44.133402 Bravo: Yes
2024-10-14 17:26:44.133505 Romeo: Yes
2024-10-14 17:26:44.133602 Delta: Yes
ChatterBot X-ray reevaluating
ChatterBot Bravo reevaluating
ChatterBot X-ray reevaluating
ChatterBot Uniform reevaluating
ChatterBot X-ray reevaluating
ChatterBot Uniform reevaluating
ChatterBot Bravo reevaluating
ChatterBot X-ray reevaluating
ChatterBot Uniform reevaluating
ChatterBot Bravo reevaluating
2024-10-14 17:26:44.173019 November: X-ray we want you to join our group
ChatterBot X-ray reevaluating
2024-10-14 17:26:44.177645 X-ray: No
ChatterBot November reevaluating
ChatterBot Mike reevaluating
2024-10-14 17:26:44.260094 Romeo: Uniform, Bravo, Delta and X-ray, sending you 4
2024-10-14 17:26:44.261277 Bravo: X-ray we want you to join our group
ChatterBot X-ray reevaluating
2024-10-14 17:26:44.280468 X-ray: Yes
ChatterBot Bravo reevaluating
ChatterBot Foxtrot reevaluating
ChatterBot Uniform reevaluating
2024-10-14 17:26:44.298894 Echo: X-ray we want you to join our group
ChatterBot X-ray reevaluating
2024-10-14 17:26:44.303717 X-ray: No
ChatterBot November reevaluating
ChatterBot Mike reevaluating
2024-10-14 17:26:44.322561 Delta: Uniform, Bravo and Romeo, sending you 3
2024-10-14 17:26:44.324074 Romeo: Foxtrot, sending you 2
2024-10-14 17:26:44.326663 Mike: X-ray we want you to join our group
