ChatterBot Hotel round 1
ChatterBot X-ray round 1
ChatterBot Victor round 1
ChatterBot Alpha round 1
ChatterBot Foxtrot round 1
ChatterBot Charlie round 1
ChatterBot Uniform round 1
ChatterBot Echo round 1
ChatterBot Lima round 1
ChatterBot Zulu round 1
randomSelections X-ray: {X-ray, Echo, Zulu, Uniform, Charlie, Lima} 
2024-10-14 17:26:28.947310 X-ray: Friends?
ChatterBot Echo reevaluating
ChatterBot Zulu reevaluating
ChatterBot Uniform reevaluating
ChatterBot Charlie reevaluating
ChatterBot Lima reevaluating
2024-10-14 17:26:28.958901 Echo: Yes
2024-10-14 17:26:28.959069 Zulu: Yes
2024-10-14 17:26:28.959252 Uniform: Yes
2024-10-14 17:26:28.959435 Charlie: Yes
2024-10-14 17:26:28.960094 Lima: Yes
ChatterBot Zulu reevaluating
ChatterBot Uniform reevaluating
ChatterBot Charlie reevaluating
ChatterBot Lima reevaluating
ChatterBot Echo reevaluating
ChatterBot Uniform reevaluating
ChatterBot Charlie reevaluating
ChatterBot Lima reevaluating
ChatterBot Echo reevaluating
ChatterBot Zulu reevaluating
ChatterBot Charlie reevaluating
ChatterBot Lima reevaluating
ChatterBot Echo reevaluating
ChatterBot Zulu reevaluating
ChatterBot Uniform reevaluating
ChatterBot Lima reevaluating
ChatterBot Echo reevaluating
ChatterBot Zulu reevaluating
ChatterBot Uniform reevaluating
ChatterBot Charlie reevaluating
randomSelections Alpha: {Alpha, Echo, X-ray, Victor} 
2024-10-14 17:26:29.011608 Alpha: We should group up
ChatterBot Echo reevaluating
ChatterBot Victor reevaluating
2024-10-14 17:26:29.016847 Echo: No
2024-10-14 17:26:29.017038 X-ray: No
2024-10-14 17:26:29.017200 Victor: Yes
ChatterBot Victor reevaluating
ChatterBot Echo reevaluating
ChatterBot Victor reevaluating
ChatterBot Echo reevaluating
randomSelections Hotel: {Hotel, Charlie, Echo, Lima, Alpha, Foxtrot} 
2024-10-14 17:26:29.032029 Hotel: Let's form a team
ChatterBot Charlie reevaluating
ChatterBot Echo reevaluating
ChatterBot Lima reevaluating
ChatterBot Foxtrot reevaluating
2024-10-14 17:26:29.038974 Charlie: No
2024-10-14 17:26:29.039112 Echo: No
2024-10-14 17:26:29.039211 Lima: No
2024-10-14 17:26:29.039304 Alpha: No
2024-10-14 17:26:29.039397 Foxtrot: Yes
ChatterBot Echo reevaluating
ChatterBot Lima reevaluating
ChatterBot Foxtrot reevaluating
ChatterBot Charlie reevaluating
ChatterBot Lima reevaluating
ChatterBot Foxtrot reevaluating
ChatterBot Charlie reevaluating
ChatterBot Echo reevaluating
ChatterBot Foxtrot reevaluating
ChatterBot Charlie reevaluating
ChatterBot Echo reevaluating
ChatterBot Lima reevaluating
ChatterBot Foxtrot reevaluating
ChatterBot Charlie reevaluating
ChatterBot Echo reevaluating
ChatterBot Lima reevaluating
2024-10-14 17:26:29.088772 X-ray: Charlie, sending you 1
2024-10-14 17:26:29.091681 X-ray: Uniform, sending you 4
2024-10-14 17:26:29.092966 Lima: Charlie, sending you 5
2024-10-14 17:26:29.095075 Uniform: X-ray and Echo, sending you 1
2024-10-14 17:26:29.095670 Victor: X-ray, sending you 4
2024-10-14 17:26:29.097114 X-ray: Echo, sending you 2
2024-10-14 17:26:29.097472 Alpha: X-ray, sending you 4
2024-10-14 17:26:29.097764 Lima: Uniform, sending you 1
2024-10-14 17:26:29.098670 Foxtrot: Hotel, Charlie and Lima, sending you 1
2024-10-14 17:26:29.099399 Uniform: Charlie, sending you 5
2024-10-14 17:26:29.099725 Charlie: X-ray and Echo, sending you 3
2024-10-14 17:26:29.100702 Victor: Alpha, sending you 3
2024-10-14 17:26:29.101523 Alpha: Victor, sending you 2
2024-10-14 17:26:29.101859 Echo: X-ray, sending you 2
2024-10-14 17:26:29.102219 Lima: Echo, sending you 2
2024-10-14 17:26:29.102676 Uniform: Lima, sending you 4
2024-10-14 17:26:29.103689 Foxtrot: Alpha and Echo, sending you 2
2024-10-14 17:26:29.104700 Charlie: Uniform, sending you 2
2024-10-14 17:26:29.105191 Victor: Echo, sending you 5
2024-10-14 17:26:29.105798 Alpha: Echo, sending you 1
2024-10-14 17:26:29.106166 Lima: Zulu, sending you 3
2024-10-14 17:26:29.106524 Echo: Charlie, sending you 3
2024-10-14 17:26:29.107733 Charlie: Zulu, sending you 6
2024-10-14 17:26:29.109719 Echo: Uniform, sending you 5
2024-10-14 17:26:29.111671 Zulu: X-ray, Charlie, Uniform and Echo, sending you 1
2024-10-14 17:26:29.114682 Echo: Lima, sending you 4
2024-10-14 17:26:29.116670 Zulu: Lima, sending you 3
chatterbot X-ray submitting transactions
chatterbot Uniform submitting transactions
chatterbot Alpha submitting transactions
chatterbot Charlie submitting transactions
chatterbot Victor submitting transactions
chatterbot Echo submitting transactions
chatterbot Foxtrot submitting transactions
chatterbot Lima submitting transactions
chatterbot Zulu submitting transactions
chatterbot Hotel submitting transactions
ChatterBot Hotel round 2
ChatterBot X-ray round 2
ChatterBot Victor round 2
ChatterBot Alpha round 2
2024-10-14 17:26:30.228161 Hotel: Can we be friends?
ChatterBot Foxtrot reevaluating
2024-10-14 17:26:30.249823 Foxtrot: Yes
2024-10-14 17:26:30.257759 Foxtrot: Can we be friends?
2024-10-14 17:26:30.265190 Hotel: Yes
ChatterBot Foxtrot reevaluating
ChatterBot Foxtrot round 2
ChatterBot Charlie round 2
ChatterBot Uniform round 2
2024-10-14 17:26:30.306121 Alpha: We should group up
ChatterBot Victor reevaluating
ChatterBot Foxtrot reevaluating
2024-10-14 17:26:30.323868 Victor: No
2024-10-14 17:26:30.324098 Foxtrot: Yes
ChatterBot Foxtrot reevaluating
ChatterBot Victor reevaluating
2024-10-14 17:26:30.354140 Foxtrot: We should group up
ChatterBot Victor reevaluating
2024-10-14 17:26:30.365281 Alpha: Yes
2024-10-14 17:26:30.365787 Victor: Yes
ChatterBot Victor reevaluating
ChatterBot Foxtrot reevaluating
ChatterBot Foxtrot reevaluating
ChatterBot Echo round 2
ChatterBot Lima round 2
ChatterBot Zulu round 2
2024-10-14 17:26:30.420427 Echo: We should add Victor
ChatterBot Zulu reevaluating
ChatterBot Lima reevaluating
2024-10-14 17:26:30.454893 X-ray: No
2024-10-14 17:26:30.455061 Zulu: No
2024-10-14 17:26:30.455182 Uniform: No
2024-10-14 17:26:30.455297 Charlie: No
2024-10-14 17:26:30.455410 Lima: No
ChatterBot Zulu reevaluating
ChatterBot Lima reevaluating
ChatterBot Echo reevaluating
ChatterBot Lima reevaluating
ChatterBot Echo reevaluating
ChatterBot Zulu reevaluating
ChatterBot Lima reevaluating
ChatterBot Echo reevaluating
ChatterBot Zulu reevaluating
ChatterBot Lima reevaluating
ChatterBot Echo reevaluating
ChatterBot Zulu reevaluating
2024-10-14 17:26:30.803445 Alpha: Victor, sending you 4
chatterbot Hotel submitting transactions
2024-10-14 17:26:31.023758 Alpha: Foxtrot, sending you 3
2024-10-14 17:26:31.024004 Uniform: X-ray, sending you 3
2024-10-14 17:26:31.024839 Lima: Uniform and Echo, sending you 4
2024-10-14 17:26:31.025149 X-ray: Charlie, sending you 3
2024-10-14 17:26:31.025413 Charlie: X-ray and Zulu, sending you 1
2024-10-14 17:26:31.026395 Foxtrot: Victor, sending you 4
2024-10-14 17:26:31.026595 Victor: Alpha, sending you 8
2024-10-14 17:26:31.187529 X-ray: Uniform and Zulu, sending you 1
2024-10-14 17:26:31.187914 Uniform: Charlie, sending you 2
2024-10-14 17:26:31.188302 Lima: Zulu, sending you 3
2024-10-14 17:26:31.189154 Echo: X-ray, Charlie, Uniform and Lima, sending you 3
2024-10-14 17:26:31.189527 Charlie: Uniform and Lima, sending you 6
2024-10-14 17:26:31.189930 Foxtrot: Alpha, sending you 3
2024-10-14 17:26:31.190808 Victor: Foxtrot, sending you 5
2024-10-14 17:26:31.191108 Zulu: X-ray and Uniform, sending you 1
chatterbot Victor submitting transactions
2024-10-14 17:26:31.191626 Uniform: Echo, sending you 4
2024-10-14 17:26:31.232605 X-ray: Echo, sending you 2
2024-10-14 17:26:31.233089 Echo: Zulu, sending you 2
2024-10-14 17:26:31.233872 Charlie: Echo, sending you 4
2024-10-14 17:26:31.234225 Zulu: Charlie, sending you 3
2024-10-14 17:26:31.234623 Uniform: Lima and Zulu, sending you 1
chatterbot Alpha submitting transactions
chatterbot Echo submitting transactions
2024-10-14 17:26:31.281309 Zulu: Lima, sending you 2
chatterbot Charlie submitting transactions
chatterbot Zulu submitting transactions
chatterbot X-ray submitting transactions
chatterbot Foxtrot submitting transactions
chatterbot Lima submitting transactions
chatterbot Uniform submitting transactions
ChatterBot Hotel round 3
ChatterBot X-ray round 3
ChatterBot Victor round 3
ChatterBot Alpha round 3
ChatterBot Foxtrot round 3
ChatterBot Charlie round 3
ChatterBot Uniform round 3
ChatterBot Echo round 3
ChatterBot Lima round 3
ChatterBot Zulu round 3
2024-10-14 17:26:31.971659 X-ray: Charlie, Uniform and Echo, sending you 2
2024-10-14 17:26:31.977746 Foxtrot: Victor, sending you 4
2024-10-14 17:26:31.979245 Lima: Charlie, sending you 3
2024-10-14 17:26:31.981251 Alpha: Victor, sending you 4
2024-10-14 17:26:31.982773 Victor: Alpha, sending you 7
2024-10-14 17:26:31.983378 Echo: X-ray, Charlie, Uniform and Lima, sending you 3
2024-10-14 17:26:31.985136 X-ray: Zulu, sending you 1
2024-10-14 17:26:31.986734 Charlie: X-ray, Lima and Zulu, sending you 3
2024-10-14 17:26:31.988264 Foxtrot: Alpha, sending you 3
2024-10-14 17:26:31.988915 Lima: Uniform and Zulu, sending you 2
2024-10-14 17:26:31.990394 Alpha: Foxtrot, sending you 3
2024-10-14 17:26:31.990953 Victor: Foxtrot, sending you 6
2024-10-14 17:26:31.992363 Zulu: X-ray, Uniform and Echo, sending you 1
2024-10-14 17:26:31.993349 Echo: Zulu, sending you 2
2024-10-14 17:26:31.995434 Uniform: X-ray and Lima, sending you 2
2024-10-14 17:26:31.997559 Charlie: Uniform, sending you 5
2024-10-14 17:26:32.000378 Lima: Echo, sending you 4
2024-10-14 17:26:32.001185 Zulu: Charlie and Lima, sending you 2
2024-10-14 17:26:32.002490 Uniform: Charlie and Echo, sending you 3
2024-10-14 17:26:32.003898 Charlie: Echo, sending you 4
2024-10-14 17:26:32.012335 Uniform: Zulu, sending you 1
chatterbot Foxtrot submitting transactions
chatterbot Zulu submitting transactions
chatterbot Uniform submitting transactions
chatterbot Victor submitting transactions
chatterbot Alpha submitting transactions
chatterbot X-ray submitting transactions
chatterbot Hotel submitting transactions
chatterbot Echo submitting transactions
chatterbot Lima submitting transactions
chatterbot Charlie submitting transactions
ChatterBot Hotel round 4
ChatterBot X-ray round 4
ChatterBot Victor round 4
ChatterBot Alpha round 4
ChatterBot Foxtrot round 4
ChatterBot Charlie round 4
ChatterBot Uniform round 4
ChatterBot Echo round 4
ChatterBot Lima round 4
ChatterBot Zulu round 4
2024-10-14 17:26:33.209094 Foxtrot: We should add Hotel
2024-10-14 17:26:33.215867 Alpha: No
2024-10-14 17:26:33.216080 Victor: No
ChatterBot Foxtrot reevaluating
ChatterBot Foxtrot reevaluating
2024-10-14 17:26:33.256676 Echo: X-ray, Charlie, Uniform and Lima, sending you 3
2024-10-14 17:26:33.257674 Uniform: X-ray and Lima, sending you 2
2024-10-14 17:26:33.259686 X-ray: Charlie, Uniform and Echo, sending you 2
2024-10-14 17:26:33.260282 Alpha: Victor, sending you 4
2024-10-14 17:26:33.260574 Echo: Zulu, sending you 2
2024-10-14 17:26:33.262677 Uniform: Charlie and Echo, sending you 3
2024-10-14 17:26:33.264259 Foxtrot: Victor, sending you 4
2024-10-14 17:26:33.264548 X-ray: Zulu, sending you 1
2024-10-14 17:26:33.265011 Alpha: Foxtrot, sending you 3
2024-10-14 17:26:33.266673 Victor: Alpha, sending you 7
2024-10-14 17:26:33.267028 Charlie: X-ray, Lima and Zulu, sending you 3
2024-10-14 17:26:33.267696 Lima: Charlie, sending you 3
2024-10-14 17:26:33.268773 Uniform: Zulu, sending you 1
2024-10-14 17:26:33.269354 Zulu: X-ray, Uniform and Echo, sending you 1
2024-10-14 17:26:33.269996 Foxtrot: Alpha, sending you 3
2024-10-14 17:26:33.270772 Victor: Foxtrot, sending you 6
2024-10-14 17:26:33.272661 Charlie: Uniform, sending you 5
2024-10-14 17:26:33.273152 Lima: Uniform and Zulu, sending you 2
2024-10-14 17:26:33.274658 Zulu: Charlie and Lima, sending you 2
2024-10-14 17:26:33.276679 Charlie: Echo, sending you 4
2024-10-14 17:26:33.277207 Lima: Echo, sending you 4
chatterbot Victor submitting transactions
chatterbot Foxtrot submitting transactions
chatterbot Echo submitting transactions
chatterbot Hotel submitting transactions
chatterbot Charlie submitting transactions
chatterbot Alpha submitting transactions
chatterbot Uniform submitting transactions
chatterbot X-ray submitting transactions
chatterbot Lima submitting transactions
chatterbot Zulu submitting transactions
ChatterBot Hotel round 5
ChatterBot X-ray round 5
ChatterBot Victor round 5
ChatterBot Alpha round 5
ChatterBot Foxtrot round 5
ChatterBot Charlie round 5
ChatterBot Uniform round 5
ChatterBot Echo round 5
ChatterBot Lima round 5
ChatterBot Zulu round 5
2024-10-14 17:26:34.551677 X-ray: Charlie, Uniform and Echo, sending you 2
2024-10-14 17:26:34.557667 X-ray: Zulu, sending you 1
2024-10-14 17:26:34.558161 Echo: X-ray, Charlie, Uniform and Lima, sending you 3
2024-10-14 17:26:34.559672 Victor: Alpha, sending you 7
2024-10-14 17:26:34.559954 Alpha: Victor, sending you 4
2024-10-14 17:26:34.560182 Foxtrot: Victor, sending you 4
2024-10-14 17:26:34.562653 Echo: Zulu, sending you 2
2024-10-14 17:26:34.563662 Uniform: X-ray and Lima, sending you 2
2024-10-14 17:26:34.564252 Victor: Foxtrot, sending you 6
2024-10-14 17:26:34.564686 Alpha: Foxtrot, sending you 3
2024-10-14 17:26:34.565078 Foxtrot: Alpha, sending you 3
2024-10-14 17:26:34.565354 Charlie: X-ray and Zulu, sending you 3
2024-10-14 17:26:34.565922 Lima: Charlie, sending you 3
2024-10-14 17:26:34.566821 Uniform: Charlie and Echo, sending you 3
2024-10-14 17:26:34.568659 Charlie: Uniform, Echo and Lima, sending you 4
2024-10-14 17:26:34.571057 Zulu: X-ray, Uniform and Echo, sending you 1
2024-10-14 17:26:34.571772 Lima: Uniform and Zulu, sending you 2
2024-10-14 17:26:34.572396 Uniform: Zulu, sending you 1
2024-10-14 17:26:34.574671 Zulu: Charlie and Lima, sending you 2
2024-10-14 17:26:34.575725 Lima: Echo, sending you 4
chatterbot Victor submitting transactions
chatterbot Charlie submitting transactions
chatterbot Lima submitting transactions
chatterbot Echo submitting transactions
chatterbot Hotel submitting transactions
chatterbot Alpha submitting transactions
chatterbot Foxtrot submitting transactions
chatterbot Uniform submitting transactions
chatterbot Zulu submitting transactions
chatterbot X-ray submitting transactions
ChatterBot Hotel round 6
ChatterBot X-ray round 6
ChatterBot Victor round 6
ChatterBot Alpha round 6
ChatterBot Foxtrot round 6
ChatterBot Charlie round 6
ChatterBot Uniform round 6
ChatterBot Echo round 6
ChatterBot Lima round 6
ChatterBot Zulu round 6
2024-10-14 17:26:35.791672 Foxtrot: Victor, sending you 4
2024-10-14 17:26:35.794672 Victor: Alpha, sending you 7
2024-10-14 17:26:35.796139 Foxtrot: Alpha, sending you 3
2024-10-14 17:26:35.796467 Lima: Charlie, sending you 3
2024-10-14 17:26:35.799667 Victor: Foxtrot, sending you 6
2024-10-14 17:26:35.800687 Lima: Uniform and Zulu, sending you 2
2024-10-14 17:26:35.801723 Uniform: X-ray and Lima, sending you 2
2024-10-14 17:26:35.804650 Lima: Echo, sending you 4
2024-10-14 17:26:35.805671 Uniform: Charlie and Echo, sending you 3
2024-10-14 17:26:35.806174 Alpha: Victor, sending you 4
2024-10-14 17:26:35.806423 Charlie: X-ray and Zulu, sending you 3
2024-10-14 17:26:35.809681 Alpha: Foxtrot, sending you 3
2024-10-14 17:26:35.810678 Uniform: Zulu, sending you 1
2024-10-14 17:26:35.811692 Charlie: Uniform, Echo and Lima, sending you 4
2024-10-14 17:26:35.813046 X-ray: Charlie, Uniform and Echo, sending you 2
2024-10-14 17:26:35.814672 Zulu: X-ray, Uniform and Echo, sending you 1
2024-10-14 17:26:35.816658 Echo: X-ray, Charlie, Uniform and Lima, sending you 3
2024-10-14 17:26:35.817712 Zulu: Charlie and Lima, sending you 2
2024-10-14 17:26:35.819075 X-ray: Zulu, sending you 1
2024-10-14 17:26:35.820690 Echo: Zulu, sending you 2
chatterbot Foxtrot submitting transactions
chatterbot Hotel submitting transactions
chatterbot Echo submitting transactions
chatterbot Charlie submitting transactions
chatterbot Uniform submitting transactions
chatterbot Victor submitting transactions
chatterbot Alpha submitting transactions
chatterbot Zulu submitting transactions
chatterbot Lima submitting transactions
chatterbot X-ray submitting transactions
ChatterBot Hotel round 7
ChatterBot X-ray round 7
ChatterBot Victor round 7
ChatterBot Alpha round 7
ChatterBot Foxtrot round 7
ChatterBot Charlie round 7
ChatterBot Uniform round 7
ChatterBot Echo round 7
ChatterBot Lima round 7
ChatterBot Zulu round 7
2024-10-14 17:26:37.025693 Victor: Alpha, sending you 7
2024-10-14 17:26:37.027244 X-ray: Charlie, Uniform and Echo, sending you 2
2024-10-14 17:26:37.028703 Victor: Foxtrot, sending you 6
2024-10-14 17:26:37.032105 X-ray: Zulu, sending you 1
2024-10-14 17:26:37.033127 Lima: Charlie, sending you 4
2024-10-14 17:26:37.034162 Foxtrot: Victor, sending you 4
2024-10-14 17:26:37.035714 Uniform: X-ray and Lima, sending you 2
2024-10-14 17:26:37.036673 Lima: Uniform and Zulu, sending you 2
2024-10-14 17:26:37.037669 Foxtrot: Alpha, sending you 3
2024-10-14 17:26:37.039683 Echo: X-ray, Charlie, Uniform and Lima, sending you 3
2024-10-14 17:26:37.041625 Uniform: Charlie and Echo, sending you 3
2024-10-14 17:26:37.042300 Alpha: Victor, sending you 4
2024-10-14 17:26:37.042722 Lima: Echo, sending you 3
2024-10-14 17:26:37.043329 Charlie: X-ray and Zulu, sending you 3
2024-10-14 17:26:37.044905 Echo: Zulu, sending you 2
2024-10-14 17:26:37.046419 Uniform: Zulu, sending you 1
2024-10-14 17:26:37.047915 Alpha: Foxtrot, sending you 3
2024-10-14 17:26:37.048410 Charlie: Uniform, Echo and Lima, sending you 4
2024-10-14 17:26:37.049375 Zulu: X-ray, Uniform and Echo, sending you 1
2024-10-14 17:26:37.055271 Zulu: Charlie and Lima, sending you 2
chatterbot Echo submitting transactions
chatterbot Victor submitting transactions
chatterbot Lima submitting transactions
chatterbot Charlie submitting transactions
chatterbot Uniform submitting transactions
chatterbot Foxtrot submitting transactions
chatterbot Hotel submitting transactions
chatterbot X-ray submitting transactions
chatterbot Zulu submitting transactions
chatterbot Alpha submitting transactions
ChatterBot Hotel round 8
ChatterBot X-ray round 8
ChatterBot Victor round 8
ChatterBot Alpha round 8
ChatterBot Foxtrot round 8
ChatterBot Charlie round 8
ChatterBot Uniform round 8
ChatterBot Echo round 8
ChatterBot Lima round 8
ChatterBot Zulu round 8
2024-10-14 17:26:38.202706 Victor: Alpha, sending you 7
2024-10-14 17:26:38.204665 Charlie: X-ray and Zulu, sending you 3
2024-10-14 17:26:38.205701 Foxtrot: Victor, sending you 4
2024-10-14 17:26:38.206157 Victor: Foxtrot, sending you 6
2024-10-14 17:26:38.206673 Alpha: Victor, sending you 4
2024-10-14 17:26:38.207679 Charlie: Uniform, Echo and Lima, sending you 4
2024-10-14 17:26:38.208687 Lima: Charlie, sending you 4
2024-10-14 17:26:38.209628 X-ray: Charlie, Uniform and Echo, sending you 2
2024-10-14 17:26:38.210330 Foxtrot: Alpha, sending you 3
2024-10-14 17:26:38.211145 Echo: X-ray, Charlie, Uniform and Lima, sending you 3
2024-10-14 17:26:38.211899 Alpha: Foxtrot, sending you 3
2024-10-14 17:26:38.212251 Zulu: X-ray, Uniform and Echo, sending you 1
2024-10-14 17:26:38.212993 Uniform: X-ray and Lima, sending you 2
2024-10-14 17:26:38.213620 X-ray: Zulu, sending you 1
2024-10-14 17:26:38.214348 Lima: Uniform and Zulu, sending you 2
2024-10-14 17:26:38.215686 Zulu: Charlie and Lima, sending you 2
2024-10-14 17:26:38.216661 Uniform: Charlie and Echo, sending you 3
2024-10-14 17:26:38.217641 Echo: Zulu, sending you 2
2024-10-14 17:26:38.219357 Lima: Echo, sending you 3
2024-10-14 17:26:38.220687 Uniform: Zulu, sending you 1
chatterbot Foxtrot submitting transactions
chatterbot Hotel submitting transactions
chatterbot X-ray submitting transactions
chatterbot Alpha submitting transactions
chatterbot Charlie submitting transactions
chatterbot Lima submitting transactions
chatterbot Uniform submitting transactions
chatterbot Victor submitting transactions
chatterbot Echo submitting transactions
chatterbot Zulu submitting transactions
ChatterBot Hotel round 9
ChatterBot X-ray round 9
ChatterBot Victor round 9
ChatterBot Alpha round 9
ChatterBot Foxtrot round 9
ChatterBot Charlie round 9
ChatterBot Uniform round 9
ChatterBot Echo round 9
ChatterBot Lima round 9
ChatterBot Zulu round 9
2024-10-14 17:26:39.492685 X-ray: Charlie, Uniform and Echo, sending you 2
2024-10-14 17:26:39.497682 X-ray: Zulu, sending you 1
2024-10-14 17:26:39.498460 Foxtrot: Victor, sending you 4
2024-10-14 17:26:39.498890 Alpha: Victor, sending you 4
2024-10-14 17:26:39.499231 Victor: Alpha, sending you 7
2024-10-14 17:26:39.499944 Zulu: X-ray, Uniform and Echo, sending you 1
2024-10-14 17:26:39.502673 Alpha: Foxtrot, sending you 3
2024-10-14 17:26:39.503127 Victor: Foxtrot, sending you 6
2024-10-14 17:26:39.503664 Foxtrot: Alpha, sending you 3
2024-10-14 17:26:39.504052 Lima: Charlie, sending you 4
2024-10-14 17:26:39.505269 Zulu: Charlie and Lima, sending you 2
2024-10-14 17:26:39.505821 Uniform: X-ray and Lima, sending you 2
2024-10-14 17:26:39.506350 Charlie: X-ray and Zulu, sending you 3
2024-10-14 17:26:39.508676 Lima: Uniform and Zulu, sending you 2
2024-10-14 17:26:39.509437 Uniform: Charlie and Echo, sending you 3
2024-10-14 17:26:39.510528 Charlie: Uniform, Echo and Lima, sending you 4
2024-10-14 17:26:39.511663 Lima: Echo, sending you 3
2024-10-14 17:26:39.512686 Uniform: Zulu, sending you 1
2024-10-14 17:26:39.514647 Echo: X-ray, Charlie, Uniform and Lima, sending you 3
2024-10-14 17:26:39.518674 Echo: Zulu, sending you 2
chatterbot Charlie submitting transactions
chatterbot Uniform submitting transactions
chatterbot Victor submitting transactions
chatterbot X-ray submitting transactions
chatterbot Lima submitting transactions
chatterbot Hotel submitting transactions
chatterbot Foxtrot submitting transactions
chatterbot Zulu submitting transactions
chatterbot Echo submitting transactions
chatterbot Alpha submitting transactions
ChatterBot Hotel round 10
ChatterBot X-ray round 10
ChatterBot Victor round 10
ChatterBot Alpha round 10
ChatterBot Foxtrot round 10
ChatterBot Charlie round 10
ChatterBot Uniform round 10
ChatterBot Echo round 10
ChatterBot Lima round 10
ChatterBot Zulu round 10
2024-10-14 17:26:40.505679 Foxtrot: Victor, sending you 4
2024-10-14 17:26:40.509662 X-ray: Charlie, Uniform and Echo, sending you 2
2024-10-14 17:26:40.511265 Foxtrot: Alpha, sending you 3
2024-10-14 17:26:40.511739 Uniform: X-ray and Lima, sending you 2
2024-10-14 17:26:40.515008 X-ray: Zulu, sending you 1
2024-10-14 17:26:40.516019 Echo: X-ray, Charlie, Uniform and Lima, sending you 3
2024-10-14 17:26:40.517031 Charlie: X-ray and Zulu, sending you 3
2024-10-14 17:26:40.518718 Uniform: Charlie and Echo, sending you 3
2024-10-14 17:26:40.519695 Victor: Alpha, sending you 7
2024-10-14 17:26:40.520167 Lima: Charlie, sending you 4
2024-10-14 17:26:40.521170 Echo: Zulu, sending you 2
2024-10-14 17:26:40.522760 Charlie: Uniform, Echo and Lima, sending you 4
2024-10-14 17:26:40.523800 Zulu: X-ray, Uniform, Echo and Lima, sending you 1
2024-10-14 17:26:40.524945 Uniform: Zulu, sending you 1
2024-10-14 17:26:40.526025 Victor: Foxtrot, sending you 6
2024-10-14 17:26:40.526334 Alpha: Victor, sending you 4
2024-10-14 17:26:40.526628 Lima: Uniform and Zulu, sending you 2
2024-10-14 17:26:40.528690 Zulu: Charlie, sending you 3
2024-10-14 17:26:40.530354 Alpha: Foxtrot, sending you 3
2024-10-14 17:26:40.530957 Lima: Echo, sending you 3
chatterbot Alpha submitting transactions
chatterbot Uniform submitting transactions
chatterbot Charlie submitting transactions
chatterbot Echo submitting transactions
chatterbot Victor submitting transactions
chatterbot Foxtrot submitting transactions
chatterbot Lima submitting transactions
chatterbot X-ray submitting transactions
chatterbot Hotel submitting transactions
chatterbot Zulu submitting transactions
ChatterBot Hotel round 11
ChatterBot X-ray round 11
ChatterBot Victor round 11
ChatterBot Alpha round 11
ChatterBot Foxtrot round 11
ChatterBot Charlie round 11
ChatterBot Uniform round 11
ChatterBot Echo round 11
ChatterBot Lima round 11
ChatterBot Zulu round 11
2024-10-14 17:26:41.631679 Alpha: Victor, sending you 4
2024-10-14 17:26:41.632780 Victor: Alpha, sending you 7
2024-10-14 17:26:41.633705 X-ray: Charlie, Uniform and Echo, sending you 2
2024-10-14 17:26:41.635681 Victor: Foxtrot, sending you 6
2024-10-14 17:26:41.636691 Alpha: Foxtrot, sending you 3
2024-10-14 17:26:41.637426 Echo: X-ray, Charlie, Uniform and Lima, sending you 3
2024-10-14 17:26:41.638366 X-ray: Zulu, sending you 1
2024-10-14 17:26:41.640687 Charlie: X-ray and Zulu, sending you 3
2024-10-14 17:26:41.641995 Uniform: X-ray and Lima, sending you 2
2024-10-14 17:26:41.642739 Echo: Zulu, sending you 2
2024-10-14 17:26:41.643691 Lima: Charlie, sending you 4
2024-10-14 17:26:41.645292 Charlie: Uniform, Echo and Lima, sending you 4
2024-10-14 17:26:41.646280 Zulu: X-ray, Uniform, Echo and Lima, sending you 1
2024-10-14 17:26:41.647670 Uniform: Charlie and Echo, sending you 3
2024-10-14 17:26:41.648586 Foxtrot: Victor, sending you 4
2024-10-14 17:26:41.648898 Lima: Uniform and Zulu, sending you 2
2024-10-14 17:26:41.651663 Zulu: Charlie, sending you 3
2024-10-14 17:26:41.653378 Uniform: Zulu, sending you 1
2024-10-14 17:26:41.654333 Foxtrot: Alpha, sending you 3
2024-10-14 17:26:41.654785 Lima: Echo, sending you 3
chatterbot Uniform submitting transactions
chatterbot Alpha submitting transactions
chatterbot Victor submitting transactions
chatterbot Echo submitting transactions
chatterbot Hotel submitting transactions
chatterbot Lima submitting transactions
chatterbot X-ray submitting transactions
chatterbot Zulu submitting transactions
chatterbot Charlie submitting transactions
chatterbot Foxtrot submitting transactions
ChatterBot Hotel round 12
ChatterBot X-ray round 12
ChatterBot Victor round 12
ChatterBot Alpha round 12
ChatterBot Foxtrot round 12
ChatterBot Charlie round 12
ChatterBot Uniform round 12
ChatterBot Echo round 12
ChatterBot Lima round 12
ChatterBot Zulu round 12
2024-10-14 17:26:42.832686 Alpha: Victor, sending you 4
2024-10-14 17:26:42.836693 Alpha: Foxtrot, sending you 3
2024-10-14 17:26:42.838349 X-ray: Charlie, Uniform and Echo, sending you 2
2024-10-14 17:26:42.839583 Zulu: X-ray, Uniform, Echo and Lima, sending you 1
2024-10-14 17:26:42.841373 Charlie: X-ray and Zulu, sending you 3
2024-10-14 17:26:42.842813 Uniform: X-ray and Lima, sending you 2
2024-10-14 17:26:42.843857 Foxtrot: Victor, sending you 4
2024-10-14 17:26:42.844335 X-ray: Zulu, sending you 1
2024-10-14 17:26:42.845963 Zulu: Charlie, sending you 3
2024-10-14 17:26:42.847055 Charlie: Uniform, Echo and Lima, sending you 4
2024-10-14 17:26:42.849218 Victor: Alpha, sending you 7
2024-10-14 17:26:42.850095 Uniform: Charlie and Echo, sending you 3
2024-10-14 17:26:42.852024 Foxtrot: Alpha, sending you 3
2024-10-14 17:26:42.852773 Echo: X-ray, Charlie, Uniform and Lima, sending you 3
2024-10-14 17:26:42.854744 Victor: Foxtrot, sending you 6
2024-10-14 17:26:42.856695 Uniform: Zulu, sending you 1
2024-10-14 17:26:42.858106 Echo: Zulu, sending you 2
2024-10-14 17:26:42.859757 Lima: Charlie, sending you 4
2024-10-14 17:26:42.865671 Lima: Uniform and Zulu, sending you 2
2024-10-14 17:26:42.872090 Lima: Echo, sending you 3
chatterbot Victor submitting transactions
chatterbot Alpha submitting transactions
chatterbot Hotel submitting transactions
chatterbot Uniform submitting transactions
chatterbot X-ray submitting transactions
chatterbot Zulu submitting transactions
chatterbot Lima submitting transactions
chatterbot Foxtrot submitting transactions
chatterbot Echo submitting transactions
chatterbot Charlie submitting transactions
ChatterBot Hotel round 13
ChatterBot X-ray round 13
ChatterBot Victor round 13
ChatterBot Alpha round 13
ChatterBot Foxtrot round 13
ChatterBot Charlie round 13
ChatterBot Uniform round 13
ChatterBot Echo round 13
ChatterBot Lima round 13
ChatterBot Zulu round 13
2024-10-14 17:26:43.929670 X-ray: Charlie, Uniform and Echo, sending you 2
2024-10-14 17:26:43.934675 Echo: X-ray, Charlie, Uniform and Lima, sending you 3
2024-10-14 17:26:43.935683 X-ray: Zulu, sending you 1
2024-10-14 17:26:43.937171 Uniform: X-ray and Lima, sending you 2
2024-10-14 17:26:43.938017 Foxtrot: Victor, sending you 4
2024-10-14 17:26:43.938667 Echo: Zulu, sending you 2
2024-10-14 17:26:43.939452 Charlie: X-ray and Zulu, sending you 3
2024-10-14 17:26:43.940210 Victor: Alpha, sending you 7
2024-10-14 17:26:43.940744 Lima: Charlie, sending you 4
2024-10-14 17:26:43.941663 Foxtrot: Alpha, sending you 3
2024-10-14 17:26:43.942658 Uniform: Charlie and Echo, sending you 3
2024-10-14 17:26:43.943877 Charlie: Uniform, Echo and Lima, sending you 4
2024-10-14 17:26:43.944688 Victor: Foxtrot, sending you 6
2024-10-14 17:26:43.945678 Zulu: X-ray, Uniform, Echo and Lima, sending you 1
2024-10-14 17:26:43.946703 Alpha: Victor, sending you 4
2024-10-14 17:26:43.947030 Lima: Uniform and Zulu, sending you 2
2024-10-14 17:26:43.948135 Uniform: Zulu, sending you 1
2024-10-14 17:26:43.950685 Lima: Echo, sending you 3
2024-10-14 17:26:43.951715 Zulu: Charlie, sending you 3
2024-10-14 17:26:43.952895 Alpha: Foxtrot, sending you 3
chatterbot Charlie submitting transactions
chatterbot Foxtrot submitting transactions
chatterbot Uniform submitting transactions
chatterbot Hotel submitting transactions
chatterbot Alpha submitting transactions
chatterbot Echo submitting transactions
chatterbot Zulu submitting transactions
chatterbot Lima submitting transactions
chatterbot Victor submitting transactions
chatterbot X-ray submitting transactions
ChatterBot Hotel round 14
ChatterBot X-ray round 14
ChatterBot Victor round 14
ChatterBot Alpha round 14
ChatterBot Foxtrot round 14
ChatterBot Charlie round 14
ChatterBot Uniform round 14
ChatterBot Echo round 14
ChatterBot Lima round 14
ChatterBot Zulu round 14
2024-10-14 17:26:45.194706 Victor: Alpha, sending you 7
2024-10-14 17:26:45.198984 Foxtrot: Victor, sending you 4
2024-10-14 17:26:45.199387 Victor: Foxtrot, sending you 6
2024-10-14 17:26:45.200700 Echo: X-ray, Charlie, Uniform and Lima, sending you 3
2024-10-14 17:26:45.202721 Foxtrot: Alpha, sending you 3
2024-10-14 17:26:45.203680 Lima: Charlie, sending you 4
2024-10-14 17:26:45.204605 Uniform: X-ray and Lima, sending you 2
2024-10-14 17:26:45.205565 Zulu: X-ray, Uniform, Echo and Lima, sending you 1
2024-10-14 17:26:45.206671 Echo: Zulu, sending you 2
2024-10-14 17:26:45.207469 Alpha: Victor, sending you 4
2024-10-14 17:26:45.207807 Lima: Uniform and Zulu, sending you 2
2024-10-14 17:26:45.208809 Uniform: Charlie and Echo, sending you 3
2024-10-14 17:26:45.209715 Charlie: X-ray and Zulu, sending you 3
2024-10-14 17:26:45.211458 X-ray: Charlie, Uniform and Echo, sending you 2
2024-10-14 17:26:45.212859 Zulu: Charlie, sending you 3
2024-10-14 17:26:45.214144 Alpha: Foxtrot, sending you 3
2024-10-14 17:26:45.214914 Lima: Echo, sending you 3
2024-10-14 17:26:45.215812 Uniform: Zulu, sending you 1
2024-10-14 17:26:45.216661 Charlie: Uniform, Echo and Lima, sending you 4
2024-10-14 17:26:45.218252 X-ray: Zulu, sending you 1
chatterbot Alpha submitting transactions
chatterbot Zulu submitting transactions
chatterbot Victor submitting transactions
chatterbot Lima submitting transactions
chatterbot Foxtrot submitting transactions
chatterbot X-ray submitting transactions
chatterbot Uniform submitting transactions
chatterbot Echo submitting transactions
chatterbot Hotel submitting transactions
chatterbot Charlie submitting transactions
ChatterBot Hotel round 15
ChatterBot X-ray round 15
ChatterBot Victor round 15
ChatterBot Alpha round 15
ChatterBot Foxtrot round 15
ChatterBot Charlie round 15
ChatterBot Uniform round 15
ChatterBot Echo round 15
ChatterBot Lima round 15
ChatterBot Zulu round 15
2024-10-14 17:26:46.485933 Charlie: X-ray and Zulu, sending you 3
2024-10-14 17:26:46.488025 Victor: Alpha, sending you 7
2024-10-14 17:26:46.489897 Charlie: Uniform, Echo and Lima, sending you 4
2024-10-14 17:26:46.491028 Alpha: Victor, sending you 4
2024-10-14 17:26:46.492194 Victor: Foxtrot, sending you 6
2024-10-14 17:26:46.492684 Echo: X-ray, Charlie, Uniform and Lima, sending you 3
2024-10-14 17:26:46.494156 Foxtrot: Victor, sending you 4
2024-10-14 17:26:46.496655 Alpha: Foxtrot, sending you 3
2024-10-14 17:26:46.497074 Foxtrot: Alpha, sending you 3
2024-10-14 17:26:46.497415 Zulu: X-ray, Uniform, Echo and Lima, sending you 1
2024-10-14 17:26:46.498791 Echo: Zulu, sending you 2
2024-10-14 17:26:46.499636 X-ray: Charlie, Uniform and Echo, sending you 2
2024-10-14 17:26:46.500893 Lima: Charlie, sending you 4
2024-10-14 17:26:46.502034 Uniform: X-ray and Lima, sending you 2
2024-10-14 17:26:46.503676 Zulu: Charlie, sending you 3
2024-10-14 17:26:46.505162 X-ray: Zulu, sending you 1
2024-10-14 17:26:46.506186 Lima: Uniform and Zulu, sending you 2
2024-10-14 17:26:46.507509 Uniform: Charlie and Echo, sending you 3
2024-10-14 17:26:46.509677 Lima: Echo, sending you 3
2024-10-14 17:26:46.511779 Uniform: Zulu, sending you 1
chatterbot Alpha submitting transactions
chatterbot Lima submitting transactions
chatterbot Echo submitting transactions
chatterbot Hotel submitting transactions
chatterbot Zulu submitting transactions
chatterbot Victor submitting transactions
chatterbot Charlie submitting transactions
chatterbot X-ray submitting transactions
chatterbot Uniform submitting transactions
chatterbot Foxtrot submitting transactions
ChatterBot Hotel round 16
ChatterBot X-ray round 16
ChatterBot Victor round 16
ChatterBot Alpha round 16
ChatterBot Foxtrot round 16
ChatterBot Charlie round 16
ChatterBot Uniform round 16
ChatterBot Echo round 16
ChatterBot Lima round 16
ChatterBot Zulu round 16
2024-10-14 17:26:47.792164 Victor: Alpha, sending you 7
2024-10-14 17:26:47.792790 Alpha: Victor, sending you 4
2024-10-14 17:26:47.794670 Foxtrot: Victor, sending you 4
2024-10-14 17:26:47.795695 Victor: Foxtrot, sending you 6
2024-10-14 17:26:47.796701 Echo: X-ray, Charlie, Uniform and Lima, sending you 3
2024-10-14 17:26:47.797867 Alpha: Foxtrot, sending you 3
2024-10-14 17:26:47.799006 Foxtrot: Alpha, sending you 3
2024-10-14 17:26:47.800676 Echo: Zulu, sending you 2
2024-10-14 17:26:47.802401 Uniform: X-ray and Lima, sending you 2
2024-10-14 17:26:47.803576 Lima: Charlie, sending you 4
2024-10-14 17:26:47.806672 Lima: Uniform and Zulu, sending you 2
2024-10-14 17:26:47.807973 Uniform: Charlie and Echo, sending you 3
2024-10-14 17:26:47.809251 X-ray: Charlie, Uniform and Echo, sending you 2
2024-10-14 17:26:47.810106 Charlie: X-ray, sending you 2
2024-10-14 17:26:47.810889 Lima: Echo, sending you 3
2024-10-14 17:26:47.812113 Zulu: X-ray, Uniform, Echo and Lima, sending you 1
2024-10-14 17:26:47.812879 Uniform: Zulu, sending you 1
2024-10-14 17:26:47.815303 X-ray: Zulu, sending you 1
2024-10-14 17:26:47.816130 Charlie: Uniform, Echo, Lima and Zulu, sending you 4
2024-10-14 17:26:47.817685 Zulu: Charlie, sending you 3
chatterbot Zulu submitting transactions
chatterbot X-ray submitting transactions
chatterbot Charlie submitting transactions
chatterbot Lima submitting transactions
chatterbot Alpha submitting transactions
chatterbot Echo submitting transactions
chatterbot Hotel submitting transactions
chatterbot Foxtrot submitting transactions
chatterbot Victor submitting transactions
chatterbot Uniform submitting transactions
ChatterBot Hotel round 17
ChatterBot X-ray round 17
ChatterBot Victor round 17
ChatterBot Alpha round 17
ChatterBot Foxtrot round 17
ChatterBot Charlie round 17
ChatterBot Uniform round 17
ChatterBot Echo round 17
ChatterBot Lima round 17
ChatterBot Zulu round 17
2024-10-14 17:26:49.127696 Alpha: Victor, sending you 4
2024-10-14 17:26:49.132710 Alpha: Foxtrot, sending you 3
2024-10-14 17:26:49.135693 Uniform: X-ray and Lima, sending you 2
2024-10-14 17:26:49.140682 Zulu: X-ray, Uniform, Echo and Lima, sending you 1
2024-10-14 17:26:49.142522 Lima: Charlie, sending you 5
2024-10-14 17:26:49.145558 X-ray: Charlie, Uniform and Echo, sending you 2
2024-10-14 17:26:49.148067 Uniform: Charlie and Echo, sending you 3
2024-10-14 17:26:49.150186 Foxtrot: Victor, sending you 4
2024-10-14 17:26:49.151702 Echo: X-ray, Charlie, Uniform and Lima, sending you 3
2024-10-14 17:26:49.154515 Zulu: Charlie, sending you 3
2024-10-14 17:26:49.157661 Victor: Alpha, sending you 7
2024-10-14 17:26:49.158408 Lima: Uniform, sending you 2
2024-10-14 17:26:49.160933 Charlie: X-ray, sending you 2
2024-10-14 17:26:49.162451 X-ray: Zulu, sending you 1
2024-10-14 17:26:49.163865 Uniform: Zulu, sending you 1
2024-10-14 17:26:49.165477 Foxtrot: Alpha, sending you 3
2024-10-14 17:26:49.165966 Echo: Zulu, sending you 2
2024-10-14 17:26:49.167874 Victor: Foxtrot, sending you 6
2024-10-14 17:26:49.168568 Lima: Echo, sending you 3
2024-10-14 17:26:49.170849 Charlie: Uniform, Echo, Lima and Zulu, sending you 4
2024-10-14 17:26:49.173690 Lima: Zulu, sending you 1
chatterbot Hotel submitting transactions
chatterbot Victor submitting transactions
chatterbot X-ray submitting transactions
chatterbot Lima submitting transactions
chatterbot Alpha submitting transactions
chatterbot Charlie submitting transactions
chatterbot Uniform submitting transactions
chatterbot Echo submitting transactions
chatterbot Zulu submitting transactions
chatterbot Foxtrot submitting transactions
ChatterBot Hotel round 18
ChatterBot X-ray round 18
ChatterBot Victor round 18
ChatterBot Alpha round 18
ChatterBot Foxtrot round 18
ChatterBot Charlie round 18
ChatterBot Uniform round 18
ChatterBot Echo round 18
ChatterBot Lima round 18
ChatterBot Zulu round 18
2024-10-14 17:26:50.558619 X-ray: Charlie, Uniform and Echo, sending you 2
2024-10-14 17:26:50.561405 Victor: Alpha, sending you 7
2024-10-14 17:26:50.563202 Alpha: Victor, sending you 4
2024-10-14 17:26:50.564012 Uniform: X-ray and Lima, sending you 2
2024-10-14 17:26:50.566888 Charlie: X-ray, sending you 2
2024-10-14 17:26:50.570949 X-ray: Zulu, sending you 1
2024-10-14 17:26:50.574189 Victor: Foxtrot, sending you 6
2024-10-14 17:26:50.575671 Alpha: Foxtrot, sending you 3
2024-10-14 17:26:50.576303 Uniform: Charlie and Echo, sending you 3
2024-10-14 17:26:50.579217 Zulu: X-ray, Uniform, Echo and Lima, sending you 1
2024-10-14 17:26:50.581988 Charlie: Uniform, Echo, Lima and Zulu, sending you 4
2024-10-14 17:26:50.586317 Lima: Charlie, sending you 5
2024-10-14 17:26:50.588953 Foxtrot: Victor, sending you 4
2024-10-14 17:26:50.590365 Echo: X-ray, Charlie, Uniform and Lima, sending you 3
2024-10-14 17:26:50.592634 Uniform: Zulu, sending you 1
2024-10-14 17:26:50.594437 Zulu: Charlie, sending you 3
2024-10-14 17:26:50.597089 Foxtrot: Alpha, sending you 3
2024-10-14 17:26:50.598927 Lima: Uniform, sending you 2
2024-10-14 17:26:50.601891 Echo: Zulu, sending you 2
2024-10-14 17:26:50.607913 Lima: Echo, sending you 3
2024-10-14 17:26:50.613900 Lima: Zulu, sending you 1
chatterbot Victor submitting transactions
chatterbot X-ray submitting transactions
chatterbot Uniform submitting transactions
chatterbot Alpha submitting transactions
chatterbot Lima submitting transactions
chatterbot Foxtrot submitting transactions
chatterbot Hotel submitting transactions
chatterbot Charlie submitting transactions
chatterbot Echo submitting transactions
chatterbot Zulu submitting transactions
ChatterBot Hotel round 19
ChatterBot X-ray round 19
ChatterBot Victor round 19
ChatterBot Alpha round 19
ChatterBot Foxtrot round 19
ChatterBot Charlie round 19
ChatterBot Uniform round 19
ChatterBot Echo round 19
ChatterBot Lima round 19
ChatterBot Zulu round 19
2024-10-14 17:26:51.386980 X-ray: Charlie, Uniform and Echo, sending you 2
2024-10-14 17:26:51.392676 X-ray: Zulu, sending you 1
2024-10-14 17:26:51.395754 Uniform: X-ray and Lima, sending you 2
2024-10-14 17:26:51.397144 Victor: Alpha, sending you 7
2024-10-14 17:26:51.398678 Foxtrot: Victor, sending you 4
2024-10-14 17:26:51.399137 Charlie: X-ray, sending you 2
2024-10-14 17:26:51.400132 Lima: Charlie, sending you 5
2024-10-14 17:26:51.401820 Uniform: Charlie and Echo, sending you 3
2024-10-14 17:26:51.402812 Victor: Foxtrot, sending you 6
2024-10-14 17:26:51.403649 Foxtrot: Alpha, sending you 3
