ChatterBot Hotel round 1
ChatterBot Yankee round 1
ChatterBot Foxtrot round 1
ChatterBot Tango round 1
ChatterBot Mike round 1
ChatterBot Alpha round 1
ChatterBot Zulu round 1
ChatterBot X-ray round 1
ChatterBot India round 1
ChatterBot Kilo round 1
randomSelections Tango: {Tango, Alpha, X-ray, Foxtrot, Mike, Kilo} 
2024-10-15 04:38:23.145720 Tango: Group up?
ChatterBot Alpha reevaluating
ChatterBot X-ray reevaluating
ChatterBot Foxtrot reevaluating
ChatterBot Mike reevaluating
ChatterBot Kilo reevaluating
2024-10-15 04:38:23.156429 Alpha: Yes
2024-10-15 04:38:23.156541 X-ray: Yes
2024-10-15 04:38:23.156672 Foxtrot: Yes
2024-10-15 04:38:23.156792 Mike: Yes
2024-10-15 04:38:23.156912 Kilo: Yes
ChatterBot X-ray reevaluating
ChatterBot Foxtrot reevaluating
ChatterBot Mike reevaluating
ChatterBot Kilo reevaluating
ChatterBot Alpha reevaluating
ChatterBot Foxtrot reevaluating
ChatterBot Mike reevaluating
ChatterBot Kilo reevaluating
ChatterBot Alpha reevaluating
ChatterBot X-ray reevaluating
ChatterBot Mike reevaluating
ChatterBot Kilo reevaluating
ChatterBot Alpha reevaluating
ChatterBot X-ray reevaluating
ChatterBot Foxtrot reevaluating
ChatterBot Kilo reevaluating
ChatterBot Alpha reevaluating
ChatterBot X-ray reevaluating
ChatterBot Foxtrot reevaluating
ChatterBot Mike reevaluating
randomSelections Hotel: {Hotel, India, Kilo, X-ray, Yankee, Tango} 
2024-10-15 04:38:23.358508 Hotel: We should group up
ChatterBot India reevaluating
ChatterBot Kilo reevaluating
ChatterBot X-ray reevaluating
ChatterBot Yankee reevaluating
2024-10-15 04:38:23.372167 India: Yes
2024-10-15 04:38:23.372402 Kilo: No
2024-10-15 04:38:23.372720 X-ray: No
2024-10-15 04:38:23.373643 Yankee: Yes
2024-10-15 04:38:23.373869 Tango: No
ChatterBot Kilo reevaluating
ChatterBot X-ray reevaluating
ChatterBot Yankee reevaluating
ChatterBot India reevaluating
ChatterBot X-ray reevaluating
ChatterBot Yankee reevaluating
ChatterBot India reevaluating
ChatterBot Kilo reevaluating
ChatterBot Yankee reevaluating
ChatterBot India reevaluating
ChatterBot Kilo reevaluating
ChatterBot X-ray reevaluating
ChatterBot India reevaluating
ChatterBot Kilo reevaluating
ChatterBot X-ray reevaluating
ChatterBot Yankee reevaluating
randomSelections Zulu: {Zulu, Yankee, India, Alpha, Tango, Kilo} 
2024-10-15 04:38:23.438053 Zulu: Group up?
ChatterBot Yankee reevaluating
ChatterBot India reevaluating
ChatterBot Alpha reevaluating
ChatterBot Kilo reevaluating
2024-10-15 04:38:23.447490 Yankee: No
2024-10-15 04:38:23.447741 India: No
2024-10-15 04:38:23.449120 Alpha: No
2024-10-15 04:38:23.449436 Tango: No
2024-10-15 04:38:23.449823 Kilo: No
ChatterBot India reevaluating
ChatterBot Alpha reevaluating
ChatterBot Kilo reevaluating
ChatterBot Yankee reevaluating
ChatterBot Alpha reevaluating
ChatterBot Kilo reevaluating
ChatterBot Yankee reevaluating
ChatterBot India reevaluating
ChatterBot Kilo reevaluating
ChatterBot Yankee reevaluating
ChatterBot India reevaluating
ChatterBot Alpha reevaluating
ChatterBot Kilo reevaluating
ChatterBot Yankee reevaluating
ChatterBot India reevaluating
ChatterBot Alpha reevaluating
2024-10-15 04:38:23.528247 X-ray: Foxtrot, sending you 5
2024-10-15 04:38:23.529362 Tango: Foxtrot and Alpha, sending you 5
2024-10-15 04:38:23.529976 Yankee: Hotel, sending you 7
2024-10-15 04:38:23.531153 Mike: Foxtrot, X-ray and Kilo, sending you 5
2024-10-15 04:38:23.531644 Foxtrot: Tango, Mike and X-ray, sending you 2
2024-10-15 04:38:23.532954 Hotel: Yankee and Kilo, sending you 2
2024-10-15 04:38:23.533415 Zulu: Yankee, sending you 6
2024-10-15 04:38:23.534585 X-ray: Tango and Alpha, sending you 2
2024-10-15 04:38:23.535196 Tango: Mike, sending you 4
2024-10-15 04:38:23.536223 Alpha: Foxtrot and Tango, sending you 5
2024-10-15 04:38:23.536766 Yankee: Tango, sending you 1
2024-10-15 04:38:23.537244 Mike: Tango, sending you 3
2024-10-15 04:38:23.538224 Hotel: Tango, sending you 3
2024-10-15 04:38:23.538833 Zulu: Tango and India, sending you 3
2024-10-15 04:38:23.540184 Foxtrot: Alpha, sending you 7
2024-10-15 04:38:23.541706 X-ray: Mike and Kilo, sending you 4
2024-10-15 04:38:23.542595 Kilo: Foxtrot and Tango, sending you 3
2024-10-15 04:38:23.543058 India: Hotel, sending you 1
2024-10-15 04:38:23.544260 Yankee: X-ray, sending you 4
2024-10-15 04:38:23.544951 Tango: X-ray, sending you 1
2024-10-15 04:38:23.546306 Alpha: Mike, X-ray and Kilo, sending you 3
2024-10-15 04:38:23.546968 Mike: Alpha, sending you 2
2024-10-15 04:38:23.548270 Hotel: X-ray and India, sending you 4
2024-10-15 04:38:23.548831 Zulu: Alpha, sending you 2
2024-10-15 04:38:23.550132 Foxtrot: Kilo, sending you 6
2024-10-15 04:38:23.550738 Kilo: Mike and Alpha, sending you 4
2024-10-15 04:38:23.552691 Yankee: India and Kilo, sending you 3
2024-10-15 04:38:23.553415 India: Yankee, sending you 2
2024-10-15 04:38:23.553990 Tango: Kilo, sending you 2
2024-10-15 04:38:23.555757 Zulu: Kilo, sending you 4
2024-10-15 04:38:23.557696 Kilo: X-ray, sending you 6
2024-10-15 04:38:23.558745 India: Tango, sending you 4
2024-10-15 04:38:23.565106 India: X-ray and Kilo, sending you 3
chatterbot Tango submitting transactions
chatterbot Alpha submitting transactions
chatterbot Yankee submitting transactions
chatterbot Hotel submitting transactions
chatterbot Mike submitting transactions
chatterbot India submitting transactions
chatterbot Kilo submitting transactions
chatterbot Foxtrot submitting transactions
chatterbot Zulu submitting transactions
chatterbot X-ray submitting transactions
ChatterBot Hotel round 2
ChatterBot Yankee round 2
ChatterBot Foxtrot round 2
ChatterBot Tango round 2
ChatterBot Mike round 2
ChatterBot Alpha round 2
ChatterBot Zulu round 2
ChatterBot X-ray round 2
ChatterBot India round 2
ChatterBot Kilo round 2
2024-10-15 04:38:29.022176 Hotel: We should group up
ChatterBot Yankee reevaluating
ChatterBot India reevaluating
2024-10-15 04:38:29.035491 Yankee: Yes
2024-10-15 04:38:29.035908 India: Yes
ChatterBot India reevaluating
ChatterBot Hotel reevaluating
ChatterBot Yankee reevaluating
2024-10-15 04:38:29.059495 India: Group up?
ChatterBot Yankee reevaluating
ChatterBot Hotel reevaluating
ChatterBot Zulu reevaluating
2024-10-15 04:38:29.078026 Yankee: Yes
2024-10-15 04:38:29.078292 Hotel: Yes
2024-10-15 04:38:29.079064 Zulu: Yes
ChatterBot Hotel reevaluating
ChatterBot Zulu reevaluating
ChatterBot India reevaluating
ChatterBot Yankee reevaluating
ChatterBot Zulu reevaluating
ChatterBot India reevaluating
ChatterBot Yankee reevaluating
ChatterBot Hotel reevaluating
ChatterBot India reevaluating
2024-10-15 04:38:29.138936 Mike: We should add Zulu
ChatterBot Tango reevaluating
ChatterBot Alpha reevaluating
ChatterBot X-ray reevaluating
ChatterBot Foxtrot reevaluating
ChatterBot Kilo reevaluating
2024-10-15 04:38:29.166585 Tango: Yes
2024-10-15 04:38:29.167750 Alpha: No
2024-10-15 04:38:29.168011 X-ray: No
2024-10-15 04:38:29.168420 Foxtrot: Yes
2024-10-15 04:38:29.169354 Kilo: Yes
ChatterBot Alpha reevaluating
ChatterBot X-ray reevaluating
ChatterBot Foxtrot reevaluating
ChatterBot Kilo reevaluating
ChatterBot Tango reevaluating
ChatterBot X-ray reevaluating
ChatterBot Foxtrot reevaluating
ChatterBot Kilo reevaluating
ChatterBot Tango reevaluating
ChatterBot Alpha reevaluating
ChatterBot Foxtrot reevaluating
ChatterBot Kilo reevaluating
ChatterBot Tango reevaluating
ChatterBot Alpha reevaluating
ChatterBot X-ray reevaluating
ChatterBot Kilo reevaluating
ChatterBot Tango reevaluating
ChatterBot Alpha reevaluating
ChatterBot X-ray reevaluating
ChatterBot Foxtrot reevaluating
2024-10-15 04:38:29.337590 Mike: Zulu we want you to join our group
2024-10-15 04:38:29.341229 Zulu: No
ChatterBot Foxtrot reevaluating
ChatterBot Tango reevaluating
ChatterBot Alpha reevaluating
ChatterBot X-ray reevaluating
ChatterBot Kilo reevaluating
2024-10-15 04:38:29.365993 Hotel: Yankee, sending you 4
2024-10-15 04:38:29.366677 Kilo: Zulu we want you to join our group
2024-10-15 04:38:29.370185 Zulu: No
ChatterBot Tango reevaluating
2024-10-15 04:38:29.391071 Alpha: Zulu we want you to join our group
ChatterBot Zulu reevaluating
2024-10-15 04:38:29.395303 Zulu: No
ChatterBot Tango reevaluating
ChatterBot Alpha reevaluating
2024-10-15 04:38:29.415100 Foxtrot: Zulu we want you to join our group
ChatterBot Zulu reevaluating
2024-10-15 04:38:29.419639 Zulu: No
ChatterBot Tango reevaluating
ChatterBot Alpha reevaluating
2024-10-15 04:38:29.438482 Hotel: Zulu, sending you 2
2024-10-15 04:38:29.438858 Yankee: Hotel, sending you 5
2024-10-15 04:38:29.442445 X-ray: Foxtrot, sending you 3
2024-10-15 04:38:29.443648 Mike: Foxtrot and Alpha, sending you 3
2024-10-15 04:38:29.444118 Hotel: India, sending you 3
2024-10-15 04:38:29.444375 Yankee: Zulu, sending you 7
2024-10-15 04:38:29.445200 India: Hotel, sending you 6
2024-10-15 04:38:29.464833 X-ray: Tango, sending you 1
2024-10-15 04:38:29.465361 Tango: Zulu we want you to join our group
ChatterBot Zulu reevaluating
2024-10-15 04:38:29.469351 Zulu: No
ChatterBot Alpha reevaluating
2024-10-15 04:38:29.491497 Mike: Tango, X-ray and Kilo, sending you 4
2024-10-15 04:38:29.491947 Yankee: India, sending you 4
2024-10-15 04:38:29.492336 India: Yankee and Zulu, sending you 4
2024-10-15 04:38:29.493185 X-ray: Mike, sending you 5
2024-10-15 04:38:29.493683 Foxtrot: Tango, sending you 4
2024-10-15 04:38:29.495701 Kilo: Foxtrot, sending you 5
2024-10-15 04:38:29.496592 X-ray: Alpha, sending you 4
2024-10-15 04:38:29.496950 Mike: Zulu, sending you 2
2024-10-15 04:38:29.497256 Foxtrot: Mike, Alpha, Zulu, X-ray and Kilo, sending you 3
2024-10-15 04:38:29.500701 Kilo: Tango, sending you 2
2024-10-15 04:38:29.501655 X-ray: Kilo, sending you 6
2024-10-15 04:38:29.505693 Kilo: Mike, sending you 4
2024-10-15 04:38:29.508932 Tango: Foxtrot, Mike, Zulu, X-ray and Kilo, sending you 3
2024-10-15 04:38:29.526335 Kilo: Alpha, Zulu and X-ray, sending you 3
2024-10-15 04:38:29.527818 Tango: Alpha, sending you 4
2024-10-15 04:38:29.528672 Alpha: Foxtrot and Tango, sending you 5
2024-10-15 04:38:29.534178 Zulu: Hotel, Yankee and India, sending you 5
2024-10-15 04:38:29.539339 Alpha: Mike and X-ray, sending you 2
chatterbot Mike submitting transactions
2024-10-15 04:38:29.541396 Zulu: Tango, sending you 3
2024-10-15 04:38:29.543752 Alpha: Kilo, sending you 4
chatterbot Hotel submitting transactions
chatterbot Kilo submitting transactions
chatterbot Foxtrot submitting transactions
chatterbot Alpha submitting transactions
chatterbot Zulu submitting transactions
chatterbot Tango submitting transactions
chatterbot X-ray submitting transactions
chatterbot India submitting transactions
chatterbot Yankee submitting transactions
ChatterBot Hotel round 3
ChatterBot Yankee round 3
ChatterBot Foxtrot round 3
ChatterBot Tango round 3
ChatterBot Mike round 3
ChatterBot Alpha round 3
ChatterBot Zulu round 3
ChatterBot X-ray round 3
ChatterBot India round 3
ChatterBot Kilo round 3
2024-10-15 04:38:30.626842 Mike: We should drop Zulu
ChatterBot Kilo reevaluating
2024-10-15 04:38:30.650994 Tango: Yes
2024-10-15 04:38:30.651198 Alpha: Yes
2024-10-15 04:38:30.651382 X-ray: Yes
2024-10-15 04:38:30.651544 Foxtrot: Yes
2024-10-15 04:38:30.651716 Kilo: Yes
ChatterBot Kilo reevaluating
ChatterBot Kilo reevaluating
ChatterBot Kilo reevaluating
ChatterBot Kilo reevaluating
2024-10-15 04:38:30.773274 Yankee: Hotel, sending you 5
2024-10-15 04:38:30.777731 Yankee: Zulu, sending you 7
2024-10-15 04:38:30.784288 Yankee: India, sending you 6
2024-10-15 04:38:30.784701 Tango: Foxtrot, Mike, Alpha and Kilo, sending you 4
2024-10-15 04:38:30.785069 Hotel: Sending you each 3
2024-10-15 04:38:30.788732 Tango: X-ray, sending you 3
2024-10-15 04:38:30.790178 India: Hotel, sending you 4
2024-10-15 04:38:30.790681 Zulu: Hotel, sending you 3
2024-10-15 04:38:30.791136 Alpha: Foxtrot and Tango, sending you 5
2024-10-15 04:38:30.792360 Foxtrot: Tango, Alpha, X-ray and Kilo, sending you 4
2024-10-15 04:38:30.793003 Mike: Sending you each 4
2024-10-15 04:38:30.794113 India: Yankee and Zulu, sending you 5
2024-10-15 04:38:30.794553 Zulu: Yankee, sending you 7
2024-10-15 04:38:30.795589 X-ray: Foxtrot, Tango and Alpha, sending you 3
2024-10-15 04:38:30.796378 Alpha: Mike, sending you 2
2024-10-15 04:38:30.797013 Foxtrot: Mike, sending you 3
2024-10-15 04:38:30.798714 Zulu: Tango and India, sending you 4
2024-10-15 04:38:30.799698 X-ray: Mike and Kilo, sending you 5
2024-10-15 04:38:30.801779 Alpha: X-ray and Kilo, sending you 4
2024-10-15 04:38:30.805275 Kilo: Foxtrot, Mike and Alpha, sending you 4
2024-10-15 04:38:30.808662 Kilo: Tango, sending you 3
2024-10-15 04:38:30.814658 Kilo: X-ray, sending you 5
chatterbot Zulu submitting transactions
chatterbot Yankee submitting transactions
chatterbot Tango submitting transactions
chatterbot Mike submitting transactions
chatterbot Kilo submitting transactions
chatterbot Alpha submitting transactions
chatterbot Hotel submitting transactions
chatterbot Foxtrot submitting transactions
chatterbot X-ray submitting transactions
chatterbot India submitting transactions
ChatterBot Hotel round 4
ChatterBot Yankee round 4
ChatterBot Foxtrot round 4
ChatterBot Tango round 4
ChatterBot Mike round 4
ChatterBot Alpha round 4
ChatterBot Zulu round 4
ChatterBot X-ray round 4
ChatterBot India round 4
ChatterBot Kilo round 4
2024-10-15 04:38:31.978435 Zulu: We should replace Tango with Mike
2024-10-15 04:38:31.992627 Yankee: No
2024-10-15 04:38:31.992881 Hotel: No
2024-10-15 04:38:31.993081 India: No
ChatterBot Zulu reevaluating
ChatterBot Zulu reevaluating
2024-10-15 04:38:32.048684 Hotel: Same as last round
2024-10-15 04:38:32.054224 Zulu: Mike we want you to join our group
2024-10-15 04:38:32.058262 Mike: No
ChatterBot Zulu reevaluating
2024-10-15 04:38:32.073467 Foxtrot: Tango, Mike, Alpha and Kilo, sending you 4
2024-10-15 04:38:32.074598 Yankee: Hotel, sending you 5
2024-10-15 04:38:32.074998 Tango: Foxtrot, Mike, Alpha and Kilo, sending you 4
2024-10-15 04:38:32.077680 Alpha: Foxtrot and Tango, sending you 5
2024-10-15 04:38:32.078995 Tango: X-ray, sending you 3
2024-10-15 04:38:32.079728 India: Sending you each 5
2024-10-15 04:38:32.080388 X-ray: Foxtrot and Mike, sending you 4
2024-10-15 04:38:32.081886 Foxtrot: X-ray, sending you 3
2024-10-15 04:38:32.082569 Yankee: Zulu, sending you 7
2024-10-15 04:38:32.083050 Mike: Same as last round
2024-10-15 04:38:32.084406 Kilo: Foxtrot, Mike and Alpha, sending you 4
2024-10-15 04:38:32.085191 Alpha: Mike and X-ray, sending you 3
2024-10-15 04:38:32.086296 X-ray: Tango and Alpha, sending you 3
2024-10-15 04:38:32.086935 Yankee: India, sending you 6
2024-10-15 04:38:32.088696 Kilo: Tango, sending you 3
2024-10-15 04:38:32.089658 Alpha: Kilo, sending you 4
2024-10-15 04:38:32.091698 X-ray: Kilo, sending you 5
2024-10-15 04:38:32.093676 Kilo: X-ray, sending you 5
2024-10-15 04:38:32.103065 Zulu: Hotel, sending you 4
2024-10-15 04:38:32.105659 Zulu: Yankee, sending you 6
2024-10-15 04:38:32.109977 Zulu: Tango, sending you 3
2024-10-15 04:38:32.114876 Zulu: India, sending you 5
chatterbot Yankee submitting transactions
chatterbot Hotel submitting transactions
chatterbot Tango submitting transactions
chatterbot Zulu submitting transactions
chatterbot Mike submitting transactions
chatterbot Foxtrot submitting transactions
chatterbot Alpha submitting transactions
chatterbot Kilo submitting transactions
chatterbot X-ray submitting transactions
chatterbot India submitting transactions
ChatterBot Hotel round 5
ChatterBot Yankee round 5
ChatterBot Foxtrot round 5
ChatterBot Tango round 5
ChatterBot Mike round 5
ChatterBot Alpha round 5
ChatterBot Zulu round 5
ChatterBot X-ray round 5
ChatterBot India round 5
ChatterBot Kilo round 5
2024-10-15 04:38:33.258502 Zulu: We should drop Tango
2024-10-15 04:38:33.268881 Yankee: Yes
2024-10-15 04:38:33.269044 Hotel: Yes
2024-10-15 04:38:33.269178 India: Yes
ChatterBot Zulu reevaluating
ChatterBot Zulu reevaluating
ChatterBot Zulu reevaluating
2024-10-15 04:38:33.311662 Yankee: Hotel, sending you 5
2024-10-15 04:38:33.312075 Mike: Same as last round
2024-10-15 04:38:33.312708 Tango: Foxtrot, Mike, Alpha and Kilo, sending you 4
2024-10-15 04:38:33.314212 Hotel: Same as last round
2024-10-15 04:38:33.316707 Yankee: Zulu, sending you 7
2024-10-15 04:38:33.317452 Tango: X-ray, sending you 3
2024-10-15 04:38:33.319165 Foxtrot: Tango, Alpha, X-ray and Kilo, sending you 4
2024-10-15 04:38:33.320040 X-ray: Foxtrot and Mike, sending you 4
2024-10-15 04:38:33.321377 Alpha: Foxtrot and Tango, sending you 5
2024-10-15 04:38:33.322138 Yankee: India, sending you 6
2024-10-15 04:38:33.324693 Foxtrot: Mike, sending you 3
2024-10-15 04:38:33.325407 X-ray: Tango and Alpha, sending you 3
2024-10-15 04:38:33.326446 Alpha: Mike and X-ray, sending you 3
2024-10-15 04:38:33.328692 Kilo: Foxtrot, Mike and Alpha, sending you 4
2024-10-15 04:38:33.329711 Alpha: Kilo, sending you 4
2024-10-15 04:38:33.330954 X-ray: Kilo, sending you 5
2024-10-15 04:38:33.331684 India: Hotel, sending you 4
2024-10-15 04:38:33.333677 Kilo: Tango, sending you 3
2024-10-15 04:38:33.335652 India: Yankee, sending you 6
2024-10-15 04:38:33.336701 Kilo: X-ray, sending you 5
2024-10-15 04:38:33.340699 India: Zulu, sending you 5
chatterbot Tango submitting transactions
chatterbot Hotel submitting transactions
chatterbot X-ray submitting transactions
chatterbot Kilo submitting transactions
chatterbot Mike submitting transactions
chatterbot Alpha submitting transactions
chatterbot Yankee submitting transactions
chatterbot Foxtrot submitting transactions
chatterbot India submitting transactions
chatterbot Zulu submitting transactions
ChatterBot Hotel round 6
ChatterBot Yankee round 6
ChatterBot Foxtrot round 6
ChatterBot Tango round 6
ChatterBot Mike round 6
ChatterBot Alpha round 6
ChatterBot Zulu round 6
ChatterBot X-ray round 6
ChatterBot India round 6
ChatterBot Kilo round 6
2024-10-15 04:38:34.595829 Zulu: We should replace Tango with Mike
2024-10-15 04:38:34.609390 Yankee: No
2024-10-15 04:38:34.609653 Hotel: No
2024-10-15 04:38:34.609851 India: No
ChatterBot Zulu reevaluating
ChatterBot Zulu reevaluating
ChatterBot Zulu reevaluating
2024-10-15 04:38:34.653672 Zulu: We should replace Tango with Alpha
2024-10-15 04:38:34.660906 Yankee: No
2024-10-15 04:38:34.661051 Hotel: No
2024-10-15 04:38:34.661153 India: No
ChatterBot Zulu reevaluating
ChatterBot Zulu reevaluating
ChatterBot Zulu reevaluating
2024-10-15 04:38:34.684808 Hotel: Same as last round
2024-10-15 04:38:34.685943 Zulu: We should replace Tango with Kilo
2024-10-15 04:38:34.693034 Yankee: No
2024-10-15 04:38:34.693165 Hotel: No
2024-10-15 04:38:34.693270 India: No
ChatterBot Zulu reevaluating
ChatterBot Zulu reevaluating
ChatterBot Zulu reevaluating
2024-10-15 04:38:34.719969 Zulu: We should replace Tango with X-ray
2024-10-15 04:38:34.727978 Yankee: No
2024-10-15 04:38:34.728153 Hotel: No
2024-10-15 04:38:34.728250 India: No
ChatterBot Zulu reevaluating
ChatterBot Zulu reevaluating
ChatterBot Zulu reevaluating
2024-10-15 04:38:34.762999 Yankee: Hotel, sending you 5
2024-10-15 04:38:34.763586 Foxtrot: Tango, Alpha, X-ray and Kilo, sending you 4
2024-10-15 04:38:34.765695 X-ray: Foxtrot and Mike, sending you 4
2024-10-15 04:38:34.766707 Mike: Same as last round
2024-10-15 04:38:34.768438 Tango: Foxtrot, Mike, Alpha and Kilo, sending you 4
2024-10-15 04:38:34.769220 India: Hotel, sending you 4
2024-10-15 04:38:34.769687 Alpha: Foxtrot, Mike and Kilo, sending you 4
2024-10-15 04:38:34.771078 Kilo: Foxtrot, Tango and Mike, sending you 4
2024-10-15 04:38:34.771728 Yankee: Zulu, sending you 7
2024-10-15 04:38:34.773022 Foxtrot: Mike, sending you 3
2024-10-15 04:38:34.773731 X-ray: Tango and Alpha, sending you 3
2024-10-15 04:38:34.774356 Zulu: Mike we want you to join our group
2024-10-15 04:38:34.778577 Mike: No
ChatterBot Zulu reevaluating
2024-10-15 04:38:34.794302 Tango: X-ray, sending you 3
2024-10-15 04:38:34.795017 India: Yankee, sending you 6
2024-10-15 04:38:34.795454 Alpha: Tango, sending you 5
2024-10-15 04:38:34.796574 Kilo: Alpha, sending you 3
2024-10-15 04:38:34.797101 Yankee: India, sending you 6
2024-10-15 04:38:34.797505 X-ray: Kilo, sending you 5
2024-10-15 04:38:34.799678 India: Zulu, sending you 5
2024-10-15 04:38:34.800666 Alpha: X-ray, sending you 3
2024-10-15 04:38:34.801204 Kilo: X-ray, sending you 5
2024-10-15 04:38:34.815675 Zulu: Hotel, sending you 4
2024-10-15 04:38:34.820687 Zulu: Yankee, sending you 7
2024-10-15 04:38:34.825679 Zulu: Mike, sending you 2
2024-10-15 04:38:34.829700 Zulu: India, sending you 5
chatterbot Hotel submitting transactions
chatterbot Mike submitting transactions
chatterbot Yankee submitting transactions
chatterbot Foxtrot submitting transactions
chatterbot Tango submitting transactions
chatterbot Kilo submitting transactions
chatterbot Alpha submitting transactions
chatterbot Zulu submitting transactions
chatterbot India submitting transactions
chatterbot X-ray submitting transactions
ChatterBot Hotel round 7
ChatterBot Yankee round 7
ChatterBot Foxtrot round 7
ChatterBot Tango round 7
ChatterBot Mike round 7
ChatterBot Alpha round 7
ChatterBot Zulu round 7
ChatterBot X-ray round 7
ChatterBot India round 7
ChatterBot Kilo round 7
2024-10-15 04:38:35.862916 Zulu: We should replace Mike with X-ray
2024-10-15 04:38:35.871219 Yankee: No
2024-10-15 04:38:35.871991 Hotel: No
2024-10-15 04:38:35.872262 India: No
ChatterBot Zulu reevaluating
ChatterBot Zulu reevaluating
2024-10-15 04:38:35.925673 Mike: Same as last round
2024-10-15 04:38:35.926314 Foxtrot: Tango, Alpha, X-ray and Kilo, sending you 4
2024-10-15 04:38:35.932458 Foxtrot: Mike, sending you 3
2024-10-15 04:38:35.933524 Tango: Foxtrot, Mike, Alpha and Kilo, sending you 4
2024-10-15 04:38:35.934253 Yankee: Hotel, sending you 5
2024-10-15 04:38:35.935714 Alpha: Foxtrot, sending you 5
2024-10-15 04:38:35.936702 Tango: X-ray, sending you 3
2024-10-15 04:38:35.939340 X-ray: Foxtrot and Mike, sending you 4
2024-10-15 04:38:35.940004 Alpha: Tango, Mike and Kilo, sending you 4
2024-10-15 04:38:35.940446 Yankee: Zulu, sending you 7
2024-10-15 04:38:35.942414 India: Hotel and Zulu, sending you 5
2024-10-15 04:38:35.942991 Hotel: Same as last round
2024-10-15 04:38:35.943653 Yankee: India, sending you 6
2024-10-15 04:38:35.944710 X-ray: Tango and Alpha, sending you 3
2024-10-15 04:38:35.946362 Alpha: X-ray, sending you 3
2024-10-15 04:38:35.946921 Kilo: Foxtrot, Tango and Mike, sending you 4
2024-10-15 04:38:35.947681 India: Yankee, sending you 6
2024-10-15 04:38:35.949021 Zulu: Hotel, sending you 4
2024-10-15 04:38:35.949735 X-ray: Kilo, sending you 5
2024-10-15 04:38:35.952050 Kilo: Alpha, sending you 3
2024-10-15 04:38:35.953733 Zulu: Yankee, sending you 7
2024-10-15 04:38:35.955665 Kilo: X-ray, sending you 5
2024-10-15 04:38:35.956768 Zulu: Mike, sending you 2
2024-10-15 04:38:35.960677 Zulu: India, sending you 5
chatterbot Zulu submitting transactions
chatterbot Yankee submitting transactions
chatterbot X-ray submitting transactions
chatterbot India submitting transactions
chatterbot Kilo submitting transactions
chatterbot Tango submitting transactions
chatterbot Foxtrot submitting transactions
chatterbot Hotel submitting transactions
chatterbot Mike submitting transactions
chatterbot Alpha submitting transactions
ChatterBot Hotel round 8
ChatterBot Yankee round 8
ChatterBot Foxtrot round 8
ChatterBot Tango round 8
ChatterBot Mike round 8
ChatterBot Alpha round 8
ChatterBot Zulu round 8
ChatterBot X-ray round 8
ChatterBot India round 8
ChatterBot Kilo round 8
2024-10-15 04:38:37.178343 Zulu: We should replace Mike with Alpha
2024-10-15 04:38:37.187949 Yankee: No
2024-10-15 04:38:37.188626 Hotel: No
2024-10-15 04:38:37.188825 India: No
ChatterBot Zulu reevaluating
ChatterBot Zulu reevaluating
ChatterBot Zulu reevaluating
2024-10-15 04:38:37.227588 Zulu: We should replace Mike with X-ray
2024-10-15 04:38:37.234625 Yankee: No
2024-10-15 04:38:37.234816 Hotel: No
2024-10-15 04:38:37.234937 India: No
ChatterBot Zulu reevaluating
ChatterBot Zulu reevaluating
ChatterBot Zulu reevaluating
2024-10-15 04:38:37.258735 Zulu: We should replace Mike with Foxtrot
2024-10-15 04:38:37.267063 Yankee: No
2024-10-15 04:38:37.267216 Hotel: No
2024-10-15 04:38:37.267318 India: No
ChatterBot Zulu reevaluating
ChatterBot Zulu reevaluating
ChatterBot Zulu reevaluating
2024-10-15 04:38:37.290889 Hotel: Same as last round
2024-10-15 04:38:37.291325 Tango: Foxtrot, Mike, Alpha and Kilo, sending you 4
2024-10-15 04:38:37.293663 Foxtrot: Tango, Alpha, X-ray and Kilo, sending you 4
2024-10-15 04:38:37.295053 Yankee: Hotel, sending you 5
2024-10-15 04:38:37.295926 Alpha: Foxtrot and Tango, sending you 5
2024-10-15 04:38:37.297284 India: Hotel and Zulu, sending you 5
2024-10-15 04:38:37.297891 Mike: Same as last round
2024-10-15 04:38:37.298824 Tango: X-ray, sending you 3
2024-10-15 04:38:37.300218 X-ray: Foxtrot and Mike, sending you 4
2024-10-15 04:38:37.301151 Foxtrot: Mike, sending you 3
2024-10-15 04:38:37.302531 Zulu: X-ray we want you to join our group
2024-10-15 04:38:37.306190 X-ray: No
ChatterBot Zulu reevaluating
2024-10-15 04:38:37.318710 Yankee: Zulu, sending you 7
2024-10-15 04:38:37.319185 India: Yankee, sending you 6
2024-10-15 04:38:37.319709 Alpha: Mike and Kilo, sending you 4
2024-10-15 04:38:37.320358 X-ray: Tango and Alpha, sending you 3
2024-10-15 04:38:37.322657 Yankee: India, sending you 6
2024-10-15 04:38:37.323171 Alpha: X-ray, sending you 2
2024-10-15 04:38:37.323890 Kilo: Foxtrot, Tango and Mike, sending you 4
2024-10-15 04:38:37.325689 X-ray: Kilo, sending you 6
2024-10-15 04:38:37.326841 Zulu: Foxtrot we want you to join our group
2024-10-15 04:38:37.330330 Foxtrot: No
ChatterBot Zulu reevaluating
2024-10-15 04:38:37.340996 Kilo: Alpha, sending you 3
2024-10-15 04:38:37.344664 Kilo: X-ray, sending you 5
2024-10-15 04:38:37.363695 Zulu: Hotel, sending you 4
2024-10-15 04:38:37.367679 Zulu: Yankee, sending you 7
2024-10-15 04:38:37.371689 Zulu: Mike, sending you 2
2024-10-15 04:38:37.377669 Zulu: India, sending you 5
chatterbot Mike submitting transactions
chatterbot Zulu submitting transactions
chatterbot Yankee submitting transactions
chatterbot India submitting transactions
chatterbot X-ray submitting transactions
chatterbot Hotel submitting transactions
chatterbot Tango submitting transactions
chatterbot Kilo submitting transactions
chatterbot Alpha submitting transactions
chatterbot Foxtrot submitting transactions
ChatterBot Hotel round 9
ChatterBot Yankee round 9
ChatterBot Foxtrot round 9
ChatterBot Tango round 9
ChatterBot Mike round 9
ChatterBot Alpha round 9
ChatterBot Zulu round 9
ChatterBot X-ray round 9
ChatterBot India round 9
ChatterBot Kilo round 9
2024-10-15 04:38:38.448662 Yankee: Hotel, sending you 5
2024-10-15 04:38:38.450671 Hotel: Same as last round
2024-10-15 04:38:38.453670 Yankee: Zulu, sending you 7
2024-10-15 04:38:38.457682 Mike: Same as last round
2024-10-15 04:38:38.458721 X-ray: Foxtrot and Mike, sending you 4
2024-10-15 04:38:38.460397 Yankee: India, sending you 6
2024-10-15 04:38:38.463675 X-ray: Tango and Alpha, sending you 3
2024-10-15 04:38:38.466020 Foxtrot: Tango, Alpha, X-ray and Kilo, sending you 4
2024-10-15 04:38:38.467148 India: Hotel and Zulu, sending you 5
2024-10-15 04:38:38.467949 Zulu: Hotel, sending you 4
2024-10-15 04:38:38.469644 Tango: Foxtrot, Mike, Alpha and Kilo, sending you 4
2024-10-15 04:38:38.470341 X-ray: Kilo, sending you 6
2024-10-15 04:38:38.471 Foxtrot: Mike, sending you 3
2024-10-15 04:38:38.471599 Alpha: Foxtrot, sending you 5
2024-10-15 04:38:38.473484 India: Yankee, sending you 6
2024-10-15 04:38:38.474254 Zulu: Yankee, sending you 7
2024-10-15 04:38:38.474837 Tango: X-ray, sending you 3
2024-10-15 04:38:38.477677 Alpha: Tango, Mike and Kilo, sending you 4
2024-10-15 04:38:38.478701 Kilo: Foxtrot, Tango and Mike, sending you 4
2024-10-15 04:38:38.479689 Zulu: Mike, sending you 2
2024-10-15 04:38:38.482682 Alpha: X-ray, sending you 3
2024-10-15 04:38:38.485419 Kilo: Alpha, sending you 3
2024-10-15 04:38:38.486430 Zulu: India, sending you 5
2024-10-15 04:38:38.489748 Kilo: X-ray, sending you 5
chatterbot Foxtrot submitting transactions
chatterbot Mike submitting transactions
chatterbot Alpha submitting transactions
chatterbot Kilo submitting transactions
chatterbot Yankee submitting transactions
chatterbot Hotel submitting transactions
chatterbot India submitting transactions
chatterbot Zulu submitting transactions
chatterbot Tango submitting transactions
chatterbot X-ray submitting transactions
ChatterBot Hotel round 10
ChatterBot Yankee round 10
ChatterBot Foxtrot round 10
ChatterBot Tango round 10
ChatterBot Mike round 10
ChatterBot Alpha round 10
ChatterBot Zulu round 10
ChatterBot X-ray round 10
ChatterBot India round 10
ChatterBot Kilo round 10
2024-10-15 04:38:39.583849 Zulu: We should replace Mike with Foxtrot
2024-10-15 04:38:39.598273 Yankee: No
2024-10-15 04:38:39.598466 Hotel: No
2024-10-15 04:38:39.598633 India: No
ChatterBot Zulu reevaluating
ChatterBot Zulu reevaluating
ChatterBot Zulu reevaluating
2024-10-15 04:38:39.658706 Tango: Foxtrot, Mike, Alpha and Kilo, sending you 4
2024-10-15 04:38:39.660739 Hotel: Same as last round
2024-10-15 04:38:39.665892 Tango: X-ray, sending you 3
2024-10-15 04:38:39.668046 Mike: Same as last round
2024-10-15 04:38:39.670230 Kilo: Foxtrot, Tango and Mike, sending you 4
2024-10-15 04:38:39.672589 Yankee: Hotel, sending you 5
2024-10-15 04:38:39.675668 X-ray: Foxtrot and Mike, sending you 4
2024-10-15 04:38:39.677792 Kilo: Alpha, sending you 3
2024-10-15 04:38:39.679722 Yankee: Zulu, sending you 7
2024-10-15 04:38:39.680497 Zulu: Hotel, sending you 4
2024-10-15 04:38:39.681980 Foxtrot: Tango, Mike, Alpha and Kilo, sending you 4
2024-10-15 04:38:39.683726 Alpha: Foxtrot, sending you 5
2024-10-15 04:38:39.685529 X-ray: Tango and Alpha, sending you 3
2024-10-15 04:38:39.687154 Yankee: India, sending you 6
2024-10-15 04:38:39.688821 Kilo: X-ray, sending you 5
2024-10-15 04:38:39.690777 Zulu: Yankee, sending you 7
2024-10-15 04:38:39.691527 Foxtrot: X-ray, sending you 3
2024-10-15 04:38:39.693516 Alpha: Tango, Mike and Kilo, sending you 4
2024-10-15 04:38:39.695395 India: Hotel and Zulu, sending you 5
2024-10-15 04:38:39.696188 X-ray: Kilo, sending you 6
2024-10-15 04:38:39.697959 Zulu: Mike, sending you 2
2024-10-15 04:38:39.699064 Alpha: X-ray, sending you 3
2024-10-15 04:38:39.700272 India: Yankee, sending you 6
2024-10-15 04:38:39.701686 Zulu: India, sending you 5
chatterbot Mike submitting transactions
chatterbot India submitting transactions
chatterbot Zulu submitting transactions
chatterbot Alpha submitting transactions
chatterbot Kilo submitting transactions
chatterbot Hotel submitting transactions
chatterbot X-ray submitting transactions
chatterbot Tango submitting transactions
chatterbot Yankee submitting transactions
chatterbot Foxtrot submitting transactions
ChatterBot Hotel round 11
ChatterBot Yankee round 11
ChatterBot Foxtrot round 11
ChatterBot Tango round 11
ChatterBot Mike round 11
ChatterBot Alpha round 11
ChatterBot Zulu round 11
ChatterBot X-ray round 11
2024-10-15 04:38:40.739902 Zulu: We should replace Mike with Alpha
2024-10-15 04:38:40.751158 Yankee: No
2024-10-15 04:38:40.751350 Hotel: No
2024-10-15 04:38:40.751496 India: No
ChatterBot Zulu reevaluating
ChatterBot Zulu reevaluating
ChatterBot Zulu reevaluating
ChatterBot India round 11
ChatterBot Kilo round 11
2024-10-15 04:38:40.797272 Zulu: We should replace Mike with Foxtrot
2024-10-15 04:38:40.806300 Yankee: No
2024-10-15 04:38:40.806485 Hotel: No
2024-10-15 04:38:40.806605 India: No
ChatterBot Zulu reevaluating
ChatterBot Zulu reevaluating
ChatterBot Zulu reevaluating
2024-10-15 04:38:40.844692 Mike: Same as last round
2024-10-15 04:38:40.846861 Hotel: Same as last round
2024-10-15 04:38:40.848316 Alpha: Foxtrot, sending you 3
2024-10-15 04:38:40.848997 Yankee: Hotel, sending you 5
2024-10-15 04:38:40.849422 Zulu: Foxtrot we want you to join our group
2024-10-15 04:38:40.853104 Foxtrot: No
ChatterBot Zulu reevaluating
2024-10-15 04:38:40.865586 Alpha: Tango, Mike, X-ray and Kilo, sending you 2
2024-10-15 04:38:40.866357 Yankee: Zulu, sending you 7
2024-10-15 04:38:40.869888 Zulu: Alpha we want you to join our group
2024-10-15 04:38:40.874386 Alpha: No
ChatterBot Zulu reevaluating
2024-10-15 04:38:40.889467 Zulu: We should replace Mike with X-ray
2024-10-15 04:38:40.901974 Yankee: No
2024-10-15 04:38:40.902178 Hotel: No
2024-10-15 04:38:40.902346 India: No
ChatterBot Zulu reevaluating
ChatterBot Zulu reevaluating
ChatterBot Zulu reevaluating
2024-10-15 04:38:40.935071 Yankee: India, sending you 6
2024-10-15 04:38:40.935933 Tango: Foxtrot, Mike, Alpha and Kilo, sending you 4
2024-10-15 04:38:40.938072 X-ray: Foxtrot and Mike, sending you 4
2024-10-15 04:38:40.939821 Kilo: Foxtrot, Tango and Mike, sending you 4
2024-10-15 04:38:40.941595 Foxtrot: Tango, Mike, Alpha and Kilo, sending you 4
2024-10-15 04:38:40.943295 India: Hotel, sending you 5
2024-10-15 04:38:40.944077 Tango: X-ray, sending you 3
2024-10-15 04:38:40.945067 X-ray: Tango and Alpha, sending you 3
2024-10-15 04:38:40.946262 Kilo: Alpha, sending you 3
2024-10-15 04:38:40.948074 Foxtrot: X-ray, sending you 3
2024-10-15 04:38:40.949368 India: Yankee and Zulu, sending you 6
2024-10-15 04:38:40.950792 Zulu: X-ray we want you to join our group
2024-10-15 04:38:40.954818 X-ray: No
ChatterBot Zulu reevaluating
2024-10-15 04:38:40.970178 Zulu: We should replace Mike with Kilo
2024-10-15 04:38:40.982264 Yankee: No
2024-10-15 04:38:40.982507 Hotel: No
2024-10-15 04:38:40.982749 India: No
ChatterBot Zulu reevaluating
ChatterBot Zulu reevaluating
ChatterBot Zulu reevaluating
2024-10-15 04:38:41.011027 X-ray: Kilo, sending you 6
2024-10-15 04:38:41.012876 Kilo: X-ray, sending you 5
2024-10-15 04:38:41.018861 Zulu: Kilo we want you to join our group
2024-10-15 04:38:41.025330 Kilo: No
ChatterBot Zulu reevaluating
2024-10-15 04:38:41.078705 Zulu: Hotel, sending you 4
2024-10-15 04:38:41.082733 Zulu: Yankee, sending you 7
2024-10-15 04:38:41.087695 Zulu: Foxtrot, sending you 2
2024-10-15 04:38:41.092713 Zulu: India, sending you 5
chatterbot Tango submitting transactions
chatterbot Hotel submitting transactions
chatterbot India submitting transactions
chatterbot X-ray submitting transactions
chatterbot Kilo submitting transactions
chatterbot Mike submitting transactions
chatterbot Foxtrot submitting transactions
chatterbot Yankee submitting transactions
chatterbot Alpha submitting transactions
chatterbot Zulu submitting transactions
ChatterBot Hotel round 12
ChatterBot Yankee round 12
ChatterBot Foxtrot round 12
ChatterBot Tango round 12
ChatterBot Mike round 12
ChatterBot Alpha round 12
ChatterBot Zulu round 12
ChatterBot X-ray round 12
ChatterBot India round 12
ChatterBot Kilo round 12
2024-10-15 04:38:42.104585 Yankee: We should add Kilo
ChatterBot Hotel reevaluating
ChatterBot India reevaluating
2024-10-15 04:38:42.122066 Hotel: Yes
2024-10-15 04:38:42.122343 Zulu: No
2024-10-15 04:38:42.123346 India: Yes
ChatterBot Zulu reevaluating
ChatterBot India reevaluating
ChatterBot Yankee reevaluating
ChatterBot Hotel reevaluating
ChatterBot India reevaluating
ChatterBot Yankee reevaluating
ChatterBot Hotel reevaluating
ChatterBot Zulu reevaluating
2024-10-15 04:38:42.202899 India: We should add X-ray
ChatterBot Yankee reevaluating
ChatterBot Hotel reevaluating
ChatterBot Zulu reevaluating
2024-10-15 04:38:42.218742 Yankee: Yes
2024-10-15 04:38:42.218872 Hotel: Yes
2024-10-15 04:38:42.218982 Zulu: Yes
ChatterBot Hotel reevaluating
ChatterBot Zulu reevaluating
ChatterBot India reevaluating
ChatterBot Yankee reevaluating
ChatterBot Zulu reevaluating
ChatterBot India reevaluating
ChatterBot Yankee reevaluating
ChatterBot Hotel reevaluating
ChatterBot India reevaluating
2024-10-15 04:38:42.261700 Yankee: X-ray we want you to join our group
2024-10-15 04:38:42.265827 X-ray: No
ChatterBot Zulu reevaluating
ChatterBot Yankee reevaluating
2024-10-15 04:38:42.278082 India: X-ray we want you to join our group
2024-10-15 04:38:42.281929 X-ray: No
ChatterBot Yankee reevaluating
2024-10-15 04:38:42.294034 Zulu: Kilo we want you to join our group
2024-10-15 04:38:42.297686 Kilo: No
ChatterBot Yankee reevaluating
2024-10-15 04:38:42.308879 Foxtrot: Tango, Mike, Alpha and Kilo, sending you 4
2024-10-15 04:38:42.310225 Alpha: Foxtrot, sending you 5
2024-10-15 04:38:42.310919 Mike: Same as last round
2024-10-15 04:38:42.312557 Kilo: Foxtrot, Tango and Mike, sending you 4
2024-10-15 04:38:42.313150 X-ray: Foxtrot, Tango and Mike, sending you 4
2024-10-15 04:38:42.313927 Tango: Foxtrot, Mike, Alpha and Kilo, sending you 4
2024-10-15 04:38:42.315732 Hotel: Yankee and India, sending you 3
2024-10-15 04:38:42.316495 Foxtrot: X-ray, sending you 3
2024-10-15 04:38:42.317624 Alpha: Tango, Mike and Kilo, sending you 4
2024-10-15 04:38:42.318390 Kilo: Alpha, sending you 3
2024-10-15 04:38:42.318942 X-ray: Alpha, sending you 3
2024-10-15 04:38:42.320150 Tango: X-ray, sending you 3
2024-10-15 04:38:42.321018 Hotel: Zulu, sending you 2
2024-10-15 04:38:42.321724 Alpha: X-ray, sending you 3
2024-10-15 04:38:42.323150 Kilo: X-ray, sending you 5
2024-10-15 04:38:42.324322 X-ray: Kilo, sending you 5
2024-10-15 04:38:42.326063 India: Hotel, sending you 4
2024-10-15 04:38:42.329672 India: Yankee, sending you 7
2024-10-15 04:38:42.330910 Yankee: Hotel, sending you 5
2024-10-15 04:38:42.333671 India: Zulu, sending you 5
2024-10-15 04:38:42.334153 Yankee: Zulu and India, sending you 6
2024-10-15 04:38:42.335215 Zulu: Hotel, sending you 4
2024-10-15 04:38:42.337692 India: X-ray, sending you 1
2024-10-15 04:38:42.338517 Zulu: Yankee, sending you 7
2024-10-15 04:38:42.342685 Zulu: India, sending you 5
2024-10-15 04:38:42.347675 Zulu: Kilo, sending you 2
chatterbot Alpha submitting transactions
chatterbot Mike submitting transactions
chatterbot Foxtrot submitting transactions
chatterbot Yankee submitting transactions
chatterbot Hotel submitting transactions
chatterbot Kilo submitting transactions
chatterbot Tango submitting transactions
chatterbot India submitting transactions
chatterbot X-ray submitting transactions
chatterbot Zulu submitting transactions
ChatterBot Hotel round 13
ChatterBot Yankee round 13
ChatterBot Foxtrot round 13
ChatterBot Tango round 13
ChatterBot Mike round 13
ChatterBot Alpha round 13
ChatterBot Zulu round 13
ChatterBot X-ray round 13
ChatterBot India round 13
ChatterBot Kilo round 13
2024-10-15 04:38:43.667102 Hotel: We should add X-ray
2024-10-15 04:38:43.687992 Yankee: Yes
2024-10-15 04:38:43.688376 Zulu: Yes
2024-10-15 04:38:43.688921 India: Yes
ChatterBot Hotel reevaluating
ChatterBot Hotel reevaluating
ChatterBot Hotel reevaluating
ChatterBot Zulu reevaluating
2024-10-15 04:38:43.744254 Zulu: We should replace Kilo with X-ray
ChatterBot Hotel reevaluating
2024-10-15 04:38:43.761988 Yankee: Yes
2024-10-15 04:38:43.762456 Hotel: Yes
2024-10-15 04:38:43.763957 India: Yes
ChatterBot Hotel reevaluating
ChatterBot Zulu reevaluating
ChatterBot Zulu reevaluating
ChatterBot Hotel reevaluating
ChatterBot Zulu reevaluating
2024-10-15 04:38:43.856694 India: Hotel and Zulu, sending you 5
2024-10-15 04:38:43.859746 Foxtrot: Tango, Mike, Alpha and Kilo, sending you 4
2024-10-15 04:38:43.862897 India: Yankee, sending you 6
2024-10-15 04:38:43.864910 Kilo: Foxtrot, Tango and Mike, sending you 4
2024-10-15 04:38:43.867548 Tango: Foxtrot, Mike, Alpha and Kilo, sending you 4
2024-10-15 04:38:43.870232 Mike: Same as last round
2024-10-15 04:38:43.872447 Zulu: Hotel, sending you 4
2024-10-15 04:38:43.874384 Foxtrot: X-ray, sending you 3
2024-10-15 04:38:43.876421 Yankee: Hotel, sending you 5
2024-10-15 04:38:43.877681 India: X-ray, sending you 1
2024-10-15 04:38:43.879475 Kilo: Alpha, sending you 3
2024-10-15 04:38:43.882218 Tango: X-ray, sending you 3
2024-10-15 04:38:43.884569 Alpha: Foxtrot, sending you 5
2024-10-15 04:38:43.887579 Hotel: Yankee and India, sending you 3
2024-10-15 04:38:43.888516 Zulu: Yankee, sending you 7
