ChatterBot Yankee round 1
ChatterBot Quebec round 1
ChatterBot Tango round 1
ChatterBot November round 1
ChatterBot Mike round 1
ChatterBot Kilo round 1
ChatterBot Sierra round 1
ChatterBot Whiskey round 1
ChatterBot Alpha round 1
ChatterBot Oscar round 1
randomSelections Quebec: {Quebec, Sierra, Alpha, Kilo, Yankee, Whiskey} 
2024-10-14 14:45:07.753795 Quebec: Can we be friends?
ChatterBot Sierra reevaluating
ChatterBot Alpha reevaluating
ChatterBot Kilo reevaluating
ChatterBot Yankee reevaluating
ChatterBot Whiskey reevaluating
2024-10-14 14:45:07.769106 Sierra: Yes
2024-10-14 14:45:07.769271 Alpha: Yes
2024-10-14 14:45:07.769418 Kilo: Yes
2024-10-14 14:45:07.769559 Yankee: Yes
2024-10-14 14:45:07.769747 Whiskey: Yes
ChatterBot Alpha reevaluating
ChatterBot Kilo reevaluating
ChatterBot Yankee reevaluating
ChatterBot Whiskey reevaluating
ChatterBot Sierra reevaluating
ChatterBot Kilo reevaluating
ChatterBot Yankee reevaluating
ChatterBot Whiskey reevaluating
ChatterBot Sierra reevaluating
ChatterBot Alpha reevaluating
ChatterBot Yankee reevaluating
ChatterBot Whiskey reevaluating
ChatterBot Sierra reevaluating
ChatterBot Alpha reevaluating
ChatterBot Kilo reevaluating
ChatterBot Whiskey reevaluating
ChatterBot Sierra reevaluating
ChatterBot Alpha reevaluating
ChatterBot Kilo reevaluating
ChatterBot Yankee reevaluating
randomSelections Tango: {Tango, Oscar, Mike, Sierra, Whiskey, Kilo} 
2024-10-14 14:45:07.838188 Tango: Let's form a team
ChatterBot Oscar reevaluating
ChatterBot Mike reevaluating
ChatterBot Sierra reevaluating
ChatterBot Whiskey reevaluating
ChatterBot Kilo reevaluating
2024-10-14 14:45:07.852977 Oscar: Yes
2024-10-14 14:45:07.853126 Mike: Yes
2024-10-14 14:45:07.853271 Sierra: No
2024-10-14 14:45:07.853420 Whiskey: No
2024-10-14 14:45:07.853569 Kilo: No
ChatterBot Mike reevaluating
ChatterBot Sierra reevaluating
ChatterBot Whiskey reevaluating
ChatterBot Kilo reevaluating
ChatterBot Oscar reevaluating
ChatterBot Sierra reevaluating
ChatterBot Whiskey reevaluating
ChatterBot Kilo reevaluating
ChatterBot Oscar reevaluating
ChatterBot Mike reevaluating
ChatterBot Whiskey reevaluating
ChatterBot Kilo reevaluating
ChatterBot Oscar reevaluating
ChatterBot Mike reevaluating
ChatterBot Sierra reevaluating
ChatterBot Kilo reevaluating
ChatterBot Oscar reevaluating
ChatterBot Mike reevaluating
ChatterBot Sierra reevaluating
ChatterBot Whiskey reevaluating
randomSelections November: {November, Quebec, Yankee, Kilo, Oscar, Mike} 
2024-10-14 14:45:07.910300 November: We should group up
ChatterBot Yankee reevaluating
ChatterBot Kilo reevaluating
ChatterBot Oscar reevaluating
ChatterBot Mike reevaluating
2024-10-14 14:45:07.916532 Quebec: No
2024-10-14 14:45:07.917075 Yankee: No
2024-10-14 14:45:07.917220 Kilo: No
2024-10-14 14:45:07.917317 Oscar: No
2024-10-14 14:45:07.917407 Mike: No
ChatterBot Yankee reevaluating
ChatterBot Kilo reevaluating
ChatterBot Oscar reevaluating
ChatterBot Mike reevaluating
ChatterBot Kilo reevaluating
ChatterBot Oscar reevaluating
ChatterBot Mike reevaluating
ChatterBot Yankee reevaluating
ChatterBot Oscar reevaluating
ChatterBot Mike reevaluating
ChatterBot Yankee reevaluating
ChatterBot Kilo reevaluating
ChatterBot Mike reevaluating
ChatterBot Yankee reevaluating
ChatterBot Kilo reevaluating
ChatterBot Oscar reevaluating
2024-10-14 14:45:07.958669 Whiskey: Yankee, sending you 3
2024-10-14 14:45:07.961669 November: Yankee, Quebec and Oscar, sending you 1
2024-10-14 14:45:07.962080 Whiskey: Quebec and Kilo, sending you 2
2024-10-14 14:45:07.964665 Tango: Mike, sending you 2
2024-10-14 14:45:07.964971 Whiskey: Sierra and Alpha, sending you 5
2024-10-14 14:45:07.965710 November: Mike, sending you 2
2024-10-14 14:45:07.966036 Quebec: Yankee, sending you 1
2024-10-14 14:45:07.966720 Oscar: Tango and Sierra, sending you 2
2024-10-14 14:45:07.968660 Yankee: Quebec and Sierra, sending you 4
2024-10-14 14:45:07.969049 Tango: Kilo and Whiskey, sending you 4
2024-10-14 14:45:07.969716 Mike: Tango, sending you 5
2024-10-14 14:45:07.970101 Quebec: Kilo, Sierra and Whiskey, sending you 3
2024-10-14 14:45:07.971659 Sierra: Yankee and Quebec, sending you 1
2024-10-14 14:45:07.971937 Oscar: Mike, Kilo and Whiskey, sending you 1
2024-10-14 14:45:07.972240 Tango: Oscar, sending you 6
2024-10-14 14:45:07.972748 Alpha: Yankee, sending you 1
2024-10-14 14:45:07.973538 Mike: Kilo and Oscar, sending you 3
2024-10-14 14:45:07.973872 Yankee: Kilo, sending you 2
2024-10-14 14:45:07.974671 Kilo: Yankee, sending you 4
2024-10-14 14:45:07.974962 Quebec: Alpha, sending you 6
2024-10-14 14:45:07.976674 Sierra: Kilo and Whiskey, sending you 3
2024-10-14 14:45:07.976956 Mike: Sierra, sending you 2
2024-10-14 14:45:07.977863 Alpha: Quebec and Whiskey, sending you 3
2024-10-14 14:45:07.978256 Yankee: Whiskey, sending you 1
2024-10-14 14:45:07.978678 Kilo: Quebec and Sierra, sending you 2
2024-10-14 14:45:07.980668 Mike: Whiskey, sending you 1
2024-10-14 14:45:07.981001 Yankee: Alpha, sending you 5
2024-10-14 14:45:07.981687 Sierra: Alpha, sending you 2
2024-10-14 14:45:07.982719 Alpha: Kilo, sending you 4
2024-10-14 14:45:07.982994 Kilo: Whiskey and Alpha, sending you 3
2024-10-14 14:45:07.986660 Alpha: Sierra, sending you 2
chatterbot Quebec submitting transactions
chatterbot Whiskey submitting transactions
chatterbot Yankee submitting transactions
chatterbot Kilo submitting transactions
chatterbot Tango submitting transactions
chatterbot Oscar submitting transactions
chatterbot Sierra submitting transactions
chatterbot Mike submitting transactions
chatterbot November submitting transactions
chatterbot Alpha submitting transactions
ChatterBot Yankee round 2
ChatterBot Quebec round 2
ChatterBot Tango round 2
ChatterBot November round 2
ChatterBot Mike round 2
ChatterBot Kilo round 2
ChatterBot Sierra round 2
ChatterBot Whiskey round 2
ChatterBot Alpha round 2
ChatterBot Oscar round 2
2024-10-14 14:45:15.073783 Tango: We should group up
ChatterBot Mike reevaluating
ChatterBot Oscar reevaluating
ChatterBot November reevaluating
2024-10-14 14:45:15.093906 Mike: Yes
2024-10-14 14:45:15.094078 Oscar: Yes
2024-10-14 14:45:15.094619 November: Yes
ChatterBot Oscar reevaluating
ChatterBot November reevaluating
ChatterBot Mike reevaluating
ChatterBot November reevaluating
ChatterBot Mike reevaluating
ChatterBot Oscar reevaluating
2024-10-14 14:45:15.160052 Kilo: We would work well together
ChatterBot Quebec reevaluating
ChatterBot Sierra reevaluating
ChatterBot Whiskey reevaluating
ChatterBot Alpha reevaluating
ChatterBot Mike reevaluating
ChatterBot Oscar reevaluating
2024-10-14 14:45:15.209518 Yankee: No
2024-10-14 14:45:15.209750 Quebec: No
2024-10-14 14:45:15.210275 Sierra: No
2024-10-14 14:45:15.210440 Whiskey: No
2024-10-14 14:45:15.210597 Alpha: No
2024-10-14 14:45:15.210776 Tango: No
2024-10-14 14:45:15.210916 Mike: No
2024-10-14 14:45:15.211055 Oscar: No
ChatterBot Quebec reevaluating
ChatterBot Sierra reevaluating
ChatterBot Whiskey reevaluating
ChatterBot Alpha reevaluating
ChatterBot Mike reevaluating
ChatterBot Oscar reevaluating
ChatterBot Yankee reevaluating
ChatterBot Sierra reevaluating
ChatterBot Whiskey reevaluating
ChatterBot Alpha reevaluating
ChatterBot Mike reevaluating
ChatterBot Oscar reevaluating
ChatterBot Yankee reevaluating
ChatterBot Quebec reevaluating
ChatterBot Whiskey reevaluating
ChatterBot Alpha reevaluating
ChatterBot Mike reevaluating
ChatterBot Oscar reevaluating
ChatterBot Yankee reevaluating
ChatterBot Quebec reevaluating
ChatterBot Sierra reevaluating
ChatterBot Alpha reevaluating
ChatterBot Mike reevaluating
ChatterBot Oscar reevaluating
ChatterBot Yankee reevaluating
ChatterBot Quebec reevaluating
ChatterBot Sierra reevaluating
ChatterBot Whiskey reevaluating
ChatterBot Mike reevaluating
ChatterBot Oscar reevaluating
ChatterBot Yankee reevaluating
ChatterBot Quebec reevaluating
ChatterBot Sierra reevaluating
ChatterBot Whiskey reevaluating
ChatterBot Alpha reevaluating
ChatterBot Mike reevaluating
ChatterBot Oscar reevaluating
ChatterBot Yankee reevaluating
ChatterBot Quebec reevaluating
ChatterBot Sierra reevaluating
ChatterBot Whiskey reevaluating
ChatterBot Alpha reevaluating
ChatterBot Oscar reevaluating
ChatterBot Yankee reevaluating
ChatterBot Quebec reevaluating
ChatterBot Sierra reevaluating
ChatterBot Whiskey reevaluating
ChatterBot Alpha reevaluating
ChatterBot Mike reevaluating
2024-10-14 14:45:15.629942 Quebec: We should add November
2024-10-14 14:45:15.630724 Alpha: We should add Tango
ChatterBot Sierra reevaluating
ChatterBot Alpha reevaluating
ChatterBot Yankee reevaluating
ChatterBot Whiskey reevaluating
ChatterBot Quebec reevaluating
2024-10-14 14:45:15.667806 Sierra: No
ChatterBot Sierra reevaluating
2024-10-14 14:45:15.704962 Alpha: Yes
2024-10-14 14:45:15.705126 Kilo: No
2024-10-14 14:45:15.732417 Yankee: No
ChatterBot Yankee reevaluating
2024-10-14 14:45:15.738093 Whiskey: No
ChatterBot Whiskey reevaluating
2024-10-14 14:45:15.742458 Quebec: No
2024-10-14 14:45:15.742763 Sierra: No
2024-10-14 14:45:15.743515 Kilo: Yes
2024-10-14 14:45:15.743645 Yankee: No
2024-10-14 14:45:15.743821 Whiskey: No
ChatterBot Quebec reevaluating
ChatterBot Alpha reevaluating
ChatterBot Yankee reevaluating
ChatterBot Whiskey reevaluating
ChatterBot Quebec reevaluating
ChatterBot Sierra reevaluating
ChatterBot Yankee reevaluating
ChatterBot Whiskey reevaluating
ChatterBot Quebec reevaluating
ChatterBot Sierra reevaluating
ChatterBot Alpha reevaluating
ChatterBot Yankee reevaluating
ChatterBot Whiskey reevaluating
ChatterBot Quebec reevaluating
ChatterBot Sierra reevaluating
ChatterBot Alpha reevaluating
ChatterBot Whiskey reevaluating
ChatterBot Quebec reevaluating
ChatterBot Sierra reevaluating
ChatterBot Alpha reevaluating
ChatterBot Yankee reevaluating
ChatterBot Sierra reevaluating
ChatterBot Alpha reevaluating
ChatterBot Yankee reevaluating
ChatterBot Whiskey reevaluating
ChatterBot Quebec reevaluating
ChatterBot Alpha reevaluating
ChatterBot Yankee reevaluating
ChatterBot Whiskey reevaluating
ChatterBot Quebec reevaluating
ChatterBot Sierra reevaluating
ChatterBot Alpha reevaluating
ChatterBot Yankee reevaluating
ChatterBot Whiskey reevaluating
ChatterBot Quebec reevaluating
ChatterBot Sierra reevaluating
ChatterBot Alpha reevaluating
ChatterBot Whiskey reevaluating
ChatterBot Quebec reevaluating
ChatterBot Sierra reevaluating
ChatterBot Alpha reevaluating
ChatterBot Yankee reevaluating
2024-10-14 14:45:16.022024 Alpha: We should add Mike
ChatterBot Quebec reevaluating
ChatterBot Sierra reevaluating
ChatterBot Yankee reevaluating
ChatterBot Whiskey reevaluating
2024-10-14 14:45:16.052547 Quebec: No
2024-10-14 14:45:16.052783 Sierra: No
2024-10-14 14:45:16.052936 Kilo: Yes
2024-10-14 14:45:16.053461 Yankee: No
2024-10-14 14:45:16.053603 Whiskey: No
ChatterBot Sierra reevaluating
ChatterBot Alpha reevaluating
ChatterBot Yankee reevaluating
ChatterBot Whiskey reevaluating
ChatterBot Quebec reevaluating
ChatterBot Alpha reevaluating
ChatterBot Yankee reevaluating
ChatterBot Whiskey reevaluating
ChatterBot Quebec reevaluating
ChatterBot Sierra reevaluating
ChatterBot Alpha reevaluating
ChatterBot Yankee reevaluating
ChatterBot Whiskey reevaluating
ChatterBot Quebec reevaluating
ChatterBot Sierra reevaluating
ChatterBot Alpha reevaluating
ChatterBot Whiskey reevaluating
ChatterBot Quebec reevaluating
ChatterBot Sierra reevaluating
ChatterBot Alpha reevaluating
ChatterBot Yankee reevaluating
2024-10-14 14:45:16.281712 Quebec: November we want you to join our group
2024-10-14 14:45:16.288314 November: No
ChatterBot Yankee reevaluating
ChatterBot Kilo reevaluating
ChatterBot Alpha reevaluating
2024-10-14 14:45:16.328661 Tango: November, sending you 4
2024-10-14 14:45:16.329807 Kilo: November we want you to join our group
2024-10-14 14:45:16.335392 November: No
ChatterBot Kilo reevaluating
ChatterBot Alpha reevaluating
2024-10-14 14:45:16.367470 November: Tango and Mike, sending you 2
2024-10-14 14:45:16.367751 Tango: Mike, sending you 6
chatterbot November submitting transactions
2024-10-14 14:45:16.375059 Sierra: Sending you each 2
2024-10-14 14:45:16.375525 Mike: Tango and November, sending you 5
2024-10-14 14:45:16.376433 November: Oscar, sending you 1
2024-10-14 14:45:16.376662 Tango: Oscar, sending you 5
2024-10-14 14:45:16.376903 Whiskey: Yankee, sending you 1
2024-10-14 14:45:16.377249 Oscar: Tango and Mike, sending you 6
2024-10-14 14:45:16.377466 Quebec: Yankee, sending you 4
2024-10-14 14:45:16.378821 Alpha: Oscar we want you to join our group
2024-10-14 14:45:16.383133 Oscar: No
ChatterBot Alpha reevaluating
ChatterBot Kilo reevaluating
2024-10-14 14:45:16.404452 Oscar: November, sending you 5
2024-10-14 14:45:16.404707 Mike: Oscar, sending you 4
2024-10-14 14:45:16.404905 Whiskey: Quebec, Kilo, Sierra and Alpha, sending you 4
2024-10-14 14:45:16.405319 Quebec: November, sending you 1
2024-10-14 14:45:16.408383 Quebec: Kilo, Whiskey and Alpha, sending you 3
2024-10-14 14:45:16.410219 Yankee: Quebec, Sierra, Whiskey and Alpha, sending you 3
2024-10-14 14:45:16.411666 Quebec: Sierra, sending you 2
2024-10-14 14:45:16.413665 Yankee: Kilo, sending you 4
2024-10-14 14:45:16.427751 Alpha: Yankee, Kilo, Sierra and Whiskey, sending you 3
2024-10-14 14:45:16.430651 Alpha: Quebec, sending you 4
2024-10-14 14:45:16.433070 Kilo: Yankee, Quebec, November, Sierra and Whiskey, sending you 2
2024-10-14 14:45:16.437673 Kilo: Alpha, sending you 4
chatterbot Quebec submitting transactions
chatterbot Kilo submitting transactions
chatterbot Alpha submitting transactions
chatterbot Kilo submitting transactions
chatterbot Whiskey submitting transactions
chatterbot Sierra submitting transactions
chatterbot Yankee submitting transactions
chatterbot Tango submitting transactions
chatterbot Mike submitting transactions
chatterbot Oscar submitting transactions
ChatterBot Yankee round 3
ChatterBot Quebec round 3
ChatterBot Tango round 3
ChatterBot November round 3
ChatterBot Mike round 3
ChatterBot Kilo round 3
ChatterBot Sierra round 3
2024-10-14 14:45:17.331515 Tango: We should add Kilo
ChatterBot Mike reevaluating
ChatterBot November reevaluating
2024-10-14 14:45:17.341618 Mike: Yes
2024-10-14 14:45:17.341826 Oscar: No
2024-10-14 14:45:17.341963 November: No
ChatterBot November reevaluating
ChatterBot Mike reevaluating
ChatterBot November reevaluating
ChatterBot Tango reevaluating
ChatterBot Mike reevaluating
ChatterBot Whiskey round 3
ChatterBot Alpha round 3
ChatterBot Oscar round 3
2024-10-14 14:45:17.394838 Quebec: We should drop November
2024-10-14 14:45:17.408281 Sierra: Yes
2024-10-14 14:45:17.408441 Alpha: Yes
2024-10-14 14:45:17.408556 Kilo: No
2024-10-14 14:45:17.408687 Yankee: Yes
2024-10-14 14:45:17.408810 Whiskey: Yes
ChatterBot Quebec reevaluating
ChatterBot Quebec reevaluating
ChatterBot Kilo reevaluating
ChatterBot Quebec reevaluating
ChatterBot Alpha reevaluating
ChatterBot Quebec reevaluating
ChatterBot Alpha reevaluating
ChatterBot Kilo reevaluating
ChatterBot Quebec reevaluating
ChatterBot Alpha reevaluating
ChatterBot Kilo reevaluating
2024-10-14 14:45:17.482735 Tango: We should add Quebec
ChatterBot Mike reevaluating
ChatterBot Oscar reevaluating
ChatterBot November reevaluating
2024-10-14 14:45:17.491970 Mike: Yes
2024-10-14 14:45:17.492126 Oscar: No
2024-10-14 14:45:17.492865 November: No
ChatterBot Tango reevaluating
ChatterBot Oscar reevaluating
ChatterBot November reevaluating
ChatterBot Tango reevaluating
ChatterBot Mike reevaluating
ChatterBot November reevaluating
ChatterBot Tango reevaluating
ChatterBot Mike reevaluating
ChatterBot Oscar reevaluating
2024-10-14 14:45:17.531791 Tango: We should add Sierra
ChatterBot Mike reevaluating
ChatterBot Oscar reevaluating
2024-10-14 14:45:17.540363 Mike: Yes
2024-10-14 14:45:17.540526 Oscar: No
2024-10-14 14:45:17.540720 November: No
ChatterBot Tango reevaluating
ChatterBot Oscar reevaluating
ChatterBot Tango reevaluating
ChatterBot Mike reevaluating
ChatterBot Tango reevaluating
ChatterBot Mike reevaluating
ChatterBot Oscar reevaluating
2024-10-14 14:45:17.617793 Kilo: Oscar we want you to join our group
2024-10-14 14:45:17.635776 Oscar: No
ChatterBot Alpha reevaluating
ChatterBot Quebec reevaluating
ChatterBot Kilo reevaluating
2024-10-14 14:45:17.665410 Alpha: We should add Oscar
2024-10-14 14:45:17.665976 Quebec: We should replace November with Oscar
ChatterBot Quebec reevaluating
ChatterBot Kilo reevaluating
2024-10-14 14:45:17.688399 Quebec: Yes
2024-10-14 14:45:17.689356 Sierra: No
ChatterBot Alpha reevaluating
2024-10-14 14:45:17.697800 Kilo: Yes
ChatterBot Kilo reevaluating
2024-10-14 14:45:17.700868 Yankee: No
2024-10-14 14:45:17.703685 Whiskey: No
2024-10-14 14:45:17.706970 Sierra: No
2024-10-14 14:45:17.707192 Alpha: Yes
2024-10-14 14:45:17.707375 Kilo: Yes
2024-10-14 14:45:17.707478 Yankee: No
2024-10-14 14:45:17.707572 Whiskey: No
ChatterBot Alpha reevaluating
ChatterBot Kilo reevaluating
ChatterBot Quebec reevaluating
ChatterBot Alpha reevaluating
ChatterBot Kilo reevaluating
ChatterBot Quebec reevaluating
ChatterBot Alpha reevaluating
ChatterBot Quebec reevaluating
ChatterBot Alpha reevaluating
ChatterBot Kilo reevaluating
ChatterBot Quebec reevaluating
ChatterBot Alpha reevaluating
ChatterBot Kilo reevaluating
ChatterBot Quebec reevaluating
ChatterBot Alpha reevaluating
ChatterBot Kilo reevaluating
ChatterBot Quebec reevaluating
ChatterBot Kilo reevaluating
ChatterBot Quebec reevaluating
ChatterBot Alpha reevaluating
ChatterBot Quebec reevaluating
ChatterBot Alpha reevaluating
ChatterBot Kilo reevaluating
ChatterBot Quebec reevaluating
ChatterBot Alpha reevaluating
ChatterBot Kilo reevaluating
2024-10-14 14:45:17.840673 Yankee: Quebec, Sierra, Whiskey and Alpha, sending you 3
2024-10-14 14:45:17.841241 November: Tango, sending you 1
2024-10-14 14:45:17.841678 Sierra: Same as last round
2024-10-14 14:45:17.842693 Whiskey: Yankee, Quebec, Kilo and Sierra, sending you 3
2024-10-14 14:45:17.844673 November: Mike and Oscar, sending you 2
2024-10-14 14:45:17.845718 Yankee: Kilo, sending you 4
2024-10-14 14:45:17.847688 Whiskey: Alpha, sending you 5
2024-10-14 14:45:17.858701 Oscar: Tango, sending you 7
2024-10-14 14:45:17.861658 Quebec: Yankee, Whiskey and Alpha, sending you 4
2024-10-14 14:45:17.862820 Oscar: November, sending you 5
2024-10-14 14:45:17.864781 Alpha: Yankee, Quebec, Kilo and Sierra, sending you 3
2024-10-14 14:45:17.865663 Oscar: Mike, sending you 6
2024-10-14 14:45:17.866670 Quebec: Kilo, sending you 3
2024-10-14 14:45:17.867656 Alpha: Whiskey, sending you 4
2024-10-14 14:45:17.870783 Quebec: Sierra, sending you 1
2024-10-14 14:45:17.873677 Kilo: Yankee, Quebec, Sierra, Whiskey and Oscar, sending you 2
2024-10-14 14:45:17.876666 Kilo: Alpha, sending you 4
chatterbot Mike submitting transactions
chatterbot Yankee submitting transactions
chatterbot Sierra submitting transactions
chatterbot Quebec submitting transactions
chatterbot November submitting transactions
chatterbot Kilo submitting transactions
chatterbot Tango submitting transactions
chatterbot Whiskey submitting transactions
chatterbot Oscar submitting transactions
chatterbot Alpha submitting transactions
ChatterBot Yankee round 4
ChatterBot Quebec round 4
ChatterBot Tango round 4
ChatterBot November round 4
ChatterBot Mike round 4
ChatterBot Kilo round 4
ChatterBot Sierra round 4
ChatterBot Whiskey round 4
ChatterBot Alpha round 4
ChatterBot Oscar round 4
2024-10-14 14:45:18.839206 Tango: We should add Kilo
ChatterBot Mike reevaluating
2024-10-14 14:45:18.846264 Mike: Yes
2024-10-14 14:45:18.846403 Oscar: No
2024-10-14 14:45:18.846507 November: No
ChatterBot Tango reevaluating
ChatterBot Tango reevaluating
ChatterBot Mike reevaluating
ChatterBot Tango reevaluating
ChatterBot Mike reevaluating
2024-10-14 14:45:18.879426 Mike: We should add Whiskey
ChatterBot Tango reevaluating
2024-10-14 14:45:18.887037 Tango: No
2024-10-14 14:45:18.887176 Oscar: No
2024-10-14 14:45:18.887279 November: No
ChatterBot Mike reevaluating
ChatterBot Tango reevaluating
ChatterBot Mike reevaluating
ChatterBot Tango reevaluating
ChatterBot Mike reevaluating
2024-10-14 14:45:18.924042 Tango: Kilo we want you to join our group
2024-10-14 14:45:18.929578 Kilo: No
ChatterBot Tango reevaluating
ChatterBot Mike reevaluating
2024-10-14 14:45:18.997689 November: Tango, sending you 1
2024-10-14 14:45:18.998310 Kilo: Yankee, Quebec, Sierra, Whiskey and Oscar, sending you 2
2024-10-14 14:45:18.999941 Sierra: Same as last round
2024-10-14 14:45:19.001011 Quebec: Yankee, Kilo and Whiskey, sending you 3
2024-10-14 14:45:19.002948 Yankee: Quebec, sending you 4
2024-10-14 14:45:19.005041 Whiskey: Yankee, Kilo and Sierra, sending you 3
2024-10-14 14:45:19.006453 Alpha: Sending you each 3
2024-10-14 14:45:19.008146 November: Mike and Oscar, sending you 2
2024-10-14 14:45:19.008790 Kilo: Alpha, sending you 4
2024-10-14 14:45:19.010164 Mike: Kilo we want you to join our group
2024-10-14 14:45:19.014100 Kilo: No
ChatterBot Tango reevaluating
ChatterBot Mike reevaluating
2024-10-14 14:45:19.029961 Quebec: Sierra, sending you 2
2024-10-14 14:45:19.031097 Yankee: Kilo, Sierra, Whiskey and Alpha, sending you 3
2024-10-14 14:45:19.032544 Whiskey: Quebec and Alpha, sending you 4
2024-10-14 14:45:19.034688 Quebec: Alpha, sending you 5
2024-10-14 14:45:19.037053 Oscar: Tango, sending you 7
2024-10-14 14:45:19.041681 Oscar: November, sending you 5
2024-10-14 14:45:19.045709 Oscar: Mike, sending you 6
2024-10-14 14:45:19.064702 Mike: Tango, sending you 4
2024-10-14 14:45:19.070688 Mike: November, sending you 3
2024-10-14 14:45:19.071514 Tango: November and Kilo, sending you 3
2024-10-14 14:45:19.074968 Mike: Kilo, sending you 2
2024-10-14 14:45:19.077704 Tango: Mike and Oscar, sending you 5
2024-10-14 14:45:19.081034 Mike: Oscar, sending you 5
chatterbot Alpha submitting transactions
chatterbot Whiskey submitting transactions
chatterbot Kilo submitting transactions
chatterbot Sierra submitting transactions
chatterbot Oscar submitting transactions
chatterbot Mike submitting transactions
chatterbot November submitting transactions
chatterbot Quebec submitting transactions
chatterbot Yankee submitting transactions
chatterbot Tango submitting transactions
ChatterBot Yankee round 5
ChatterBot Quebec round 5
ChatterBot Tango round 5
ChatterBot November round 5
ChatterBot Mike round 5
ChatterBot Kilo round 5
ChatterBot Sierra round 5
ChatterBot Whiskey round 5
ChatterBot Alpha round 5
ChatterBot Oscar round 5
2024-10-14 14:45:20.176426 Kilo: We should replace Oscar with Tango
2024-10-14 14:45:20.188996 Quebec: No
2024-10-14 14:45:20.189171 Sierra: No
2024-10-14 14:45:20.189321 Alpha: No
2024-10-14 14:45:20.189511 Yankee: No
2024-10-14 14:45:20.189643 Whiskey: No
ChatterBot Kilo reevaluating
ChatterBot Kilo reevaluating
ChatterBot Kilo reevaluating
ChatterBot Kilo reevaluating
ChatterBot Kilo reevaluating
2024-10-14 14:45:20.275671 Yankee: Quebec, sending you 4
2024-10-14 14:45:20.280669 November: Tango, sending you 1
2024-10-14 14:45:20.281700 Yankee: Kilo, Sierra, Whiskey and Alpha, sending you 3
2024-10-14 14:45:20.284694 November: Mike and Oscar, sending you 2
2024-10-14 14:45:20.285667 Quebec: Yankee, Whiskey and Alpha, sending you 4
2024-10-14 14:45:20.286670 Mike: Tango, sending you 4
2024-10-14 14:45:20.289418 Tango: November and Kilo, sending you 3
2024-10-14 14:45:20.290082 Whiskey: Yankee, Quebec, Kilo and Sierra, sending you 3
2024-10-14 14:45:20.290794 Quebec: Kilo, sending you 3
2024-10-14 14:45:20.292437 Mike: November, sending you 3
2024-10-14 14:45:20.292822 Tango: Mike, sending you 4
2024-10-14 14:45:20.294715 Quebec: Sierra, sending you 1
2024-10-14 14:45:20.295838 Sierra: Same as last round
2024-10-14 14:45:20.296711 Whiskey: Alpha, sending you 5
2024-10-14 14:45:20.301367 Mike: Kilo, sending you 2
2024-10-14 14:45:20.301971 Alpha: Same as last round
2024-10-14 14:45:20.303749 Tango: Oscar, sending you 6
2024-10-14 14:45:20.304351 Oscar: Tango, sending you 7
2024-10-14 14:45:20.305558 Mike: Oscar, sending you 5
2024-10-14 14:45:20.308663 Oscar: November, sending you 5
2024-10-14 14:45:20.312288 Kilo: Yankee, Quebec, Sierra, Whiskey and Oscar, sending you 2
2024-10-14 14:45:20.315661 Kilo: Alpha, sending you 4
2024-10-14 14:45:20.316657 Oscar: Mike, sending you 6
chatterbot Yankee submitting transactions
chatterbot Tango submitting transactions
chatterbot November submitting transactions
chatterbot Kilo submitting transactions
chatterbot Sierra submitting transactions
chatterbot Oscar submitting transactions
chatterbot Quebec submitting transactions
chatterbot Mike submitting transactions
chatterbot Whiskey submitting transactions
chatterbot Alpha submitting transactions
ChatterBot Yankee round 6
ChatterBot Quebec round 6
ChatterBot Tango round 6
ChatterBot November round 6
ChatterBot Mike round 6
ChatterBot Kilo round 6
ChatterBot Sierra round 6
ChatterBot Whiskey round 6
ChatterBot Alpha round 6
ChatterBot Oscar round 6
2024-10-14 14:45:21.433090 Yankee: Quebec, sending you 4
2024-10-14 14:45:21.437666 Tango: November and Mike, sending you 5
2024-10-14 14:45:21.438349 Sierra: Same as last round
2024-10-14 14:45:21.439637 Yankee: Kilo, Sierra, Whiskey and Alpha, sending you 3
2024-10-14 14:45:21.442660 November: Tango, sending you 1
2024-10-14 14:45:21.443273 Tango: Oscar, sending you 6
2024-10-14 14:45:21.444369 Alpha: Same as last round
2024-10-14 14:45:21.445432 Mike: Tango, sending you 4
2024-10-14 14:45:21.446669 November: Mike and Oscar, sending you 2
2024-10-14 14:45:21.448751 Quebec: Yankee and Alpha, sending you 4
2024-10-14 14:45:21.450579 Whiskey: Yankee, Kilo and Sierra, sending you 3
2024-10-14 14:45:21.451684 Mike: November, sending you 3
2024-10-14 14:45:21.452686 Kilo: Yankee, Quebec, Sierra, Whiskey and Oscar, sending you 2
2024-10-14 14:45:21.453259 Oscar: Sending you each 6
2024-10-14 14:45:21.454748 Quebec: Kilo and Whiskey, sending you 3
2024-10-14 14:45:21.456066 Whiskey: Quebec and Alpha, sending you 4
2024-10-14 14:45:21.457866 Mike: Kilo, sending you 2
2024-10-14 14:45:21.458708 Kilo: Alpha, sending you 4
2024-10-14 14:45:21.460245 Quebec: Sierra, sending you 2
2024-10-14 14:45:21.463677 Mike: Oscar, sending you 5
chatterbot Yankee submitting transactions
chatterbot November submitting transactions
chatterbot Sierra submitting transactions
chatterbot Whiskey submitting transactions
chatterbot Quebec submitting transactions
chatterbot Tango submitting transactions
chatterbot Alpha submitting transactions
chatterbot Oscar submitting transactions
chatterbot Kilo submitting transactions
chatterbot Mike submitting transactions
ChatterBot Yankee round 7
ChatterBot Quebec round 7
ChatterBot Tango round 7
ChatterBot November round 7
ChatterBot Mike round 7
ChatterBot Kilo round 7
ChatterBot Sierra round 7
ChatterBot Whiskey round 7
ChatterBot Alpha round 7
ChatterBot Oscar round 7
2024-10-14 14:45:22.622864 Quebec: Yankee and Alpha, sending you 4
2024-10-14 14:45:22.625691 Tango: November and Mike, sending you 5
2024-10-14 14:45:22.628736 Quebec: Kilo and Whiskey, sending you 3
2024-10-14 14:45:22.630020 Yankee: Quebec, sending you 4
2024-10-14 14:45:22.631768 Sierra: Same as last round
2024-10-14 14:45:22.633715 Tango: Oscar, sending you 6
2024-10-14 14:45:22.635185 November: Tango and Mike, sending you 1
2024-10-14 14:45:22.635814 Quebec: Sierra, sending you 2
2024-10-14 14:45:22.637249 Yankee: Kilo, Sierra, Whiskey and Alpha, sending you 3
2024-10-14 14:45:22.648113 November: Oscar, sending you 3
2024-10-14 14:45:22.648819 Alpha: Yankee, Quebec, Sierra and Whiskey, sending you 3
2024-10-14 14:45:22.650549 Kilo: Yankee, Quebec, Sierra, Whiskey and Oscar, sending you 2
2024-10-14 14:45:22.652185 Mike: Tango, sending you 4
2024-10-14 14:45:22.653558 Whiskey: Yankee, Quebec, Kilo and Sierra, sending you 3
2024-10-14 14:45:22.655005 Alpha: Kilo, sending you 4
2024-10-14 14:45:22.656657 Kilo: Alpha, sending you 4
2024-10-14 14:45:22.657949 Mike: November, sending you 3
2024-10-14 14:45:22.659946 Whiskey: Alpha, sending you 5
2024-10-14 14:45:22.660963 Oscar: Same as last round
2024-10-14 14:45:22.662044 Mike: Kilo, sending you 2
2024-10-14 14:45:22.667466 Mike: Oscar, sending you 5
chatterbot Tango submitting transactions
chatterbot Whiskey submitting transactions
chatterbot Oscar submitting transactions
chatterbot Yankee submitting transactions
chatterbot Kilo submitting transactions
chatterbot Sierra submitting transactions
chatterbot November submitting transactions
chatterbot Mike submitting transactions
chatterbot Quebec submitting transactions
chatterbot Alpha submitting transactions
ChatterBot Yankee round 8
ChatterBot Quebec round 8
ChatterBot Tango round 8
ChatterBot November round 8
ChatterBot Mike round 8
ChatterBot Kilo round 8
ChatterBot Sierra round 8
ChatterBot Whiskey round 8
ChatterBot Alpha round 8
ChatterBot Oscar round 8
2024-10-14 14:45:23.911170 Kilo: We should replace Oscar with Tango
2024-10-14 14:45:23.932460 Quebec: No
2024-10-14 14:45:23.932819 Sierra: No
2024-10-14 14:45:23.933092 Alpha: No
2024-10-14 14:45:23.934143 Yankee: No
2024-10-14 14:45:23.934393 Whiskey: No
ChatterBot Kilo reevaluating
ChatterBot Kilo reevaluating
ChatterBot Kilo reevaluating
ChatterBot Kilo reevaluating
ChatterBot Kilo reevaluating
2024-10-14 14:45:24.026657 Tango: November and Mike, sending you 5
2024-10-14 14:45:24.030681 Tango: Oscar, sending you 6
2024-10-14 14:45:24.036650 Mike: Tango and Oscar, sending you 5
2024-10-14 14:45:24.037673 November: Tango and Oscar, sending you 2
2024-10-14 14:45:24.040911 Quebec: Yankee and Alpha, sending you 4
2024-10-14 14:45:24.041837 Whiskey: Yankee, Quebec, Kilo and Sierra, sending you 3
2024-10-14 14:45:24.043297 November: Mike, sending you 1
2024-10-14 14:45:24.043821 Mike: November, sending you 4
2024-10-14 14:45:24.044105 Yankee: Quebec, sending you 4
2024-10-14 14:45:24.044679 Alpha: Yankee, Quebec, Sierra and Whiskey, sending you 3
2024-10-14 14:45:24.045852 Quebec: Kilo and Whiskey, sending you 3
2024-10-14 14:45:24.046648 Sierra: Same as last round
2024-10-14 14:45:24.047382 Whiskey: Alpha, sending you 5
2024-10-14 14:45:24.048395 Yankee: Kilo, Sierra, Whiskey and Alpha, sending you 3
2024-10-14 14:45:24.049668 Alpha: Kilo, sending you 4
2024-10-14 14:45:24.051397 Quebec: Sierra, sending you 2
2024-10-14 14:45:24.052684 Kilo: Yankee, Quebec, Sierra, Whiskey and Oscar, sending you 2
2024-10-14 14:45:24.054688 Oscar: Same as last round
2024-10-14 14:45:24.057666 Kilo: Alpha, sending you 4
chatterbot Yankee submitting transactions
chatterbot Mike submitting transactions
chatterbot Tango submitting transactions
chatterbot Whiskey submitting transactions
chatterbot Oscar submitting transactions
chatterbot Kilo submitting transactions
chatterbot Quebec submitting transactions
chatterbot November submitting transactions
chatterbot Sierra submitting transactions
chatterbot Alpha submitting transactions
ChatterBot Yankee round 9
ChatterBot Quebec round 9
ChatterBot Tango round 9
ChatterBot November round 9
ChatterBot Mike round 9
ChatterBot Kilo round 9
ChatterBot Sierra round 9
ChatterBot Whiskey round 9
ChatterBot Alpha round 9
ChatterBot Oscar round 9
2024-10-14 14:45:25.048091 Kilo: We should replace Oscar with Tango
2024-10-14 14:45:25.065856 Quebec: No
2024-10-14 14:45:25.066416 Sierra: No
2024-10-14 14:45:25.066596 Alpha: No
2024-10-14 14:45:25.066783 Yankee: No
2024-10-14 14:45:25.066942 Whiskey: No
ChatterBot Kilo reevaluating
ChatterBot Quebec reevaluating
ChatterBot Kilo reevaluating
ChatterBot Quebec reevaluating
ChatterBot Kilo reevaluating
ChatterBot Quebec reevaluating
ChatterBot Kilo reevaluating
2024-10-14 14:45:25.238592 Mike: We should replace Kilo with Yankee
ChatterBot Tango reevaluating
2024-10-14 14:45:25.252502 Tango: No
2024-10-14 14:45:25.253112 Oscar: No
2024-10-14 14:45:25.253407 November: No
ChatterBot Mike reevaluating
ChatterBot Tango reevaluating
ChatterBot Mike reevaluating
ChatterBot Tango reevaluating
ChatterBot Mike reevaluating
2024-10-14 14:45:25.303363 Quebec: We should add Tango
ChatterBot Alpha reevaluating
ChatterBot Kilo reevaluating
2024-10-14 14:45:25.322863 Sierra: No
2024-10-14 14:45:25.323048 Alpha: Yes
2024-10-14 14:45:25.323175 Kilo: Yes
2024-10-14 14:45:25.323960 Yankee: No
2024-10-14 14:45:25.324076 Whiskey: No
ChatterBot Quebec reevaluating
ChatterBot Alpha reevaluating
ChatterBot Kilo reevaluating
ChatterBot Quebec reevaluating
ChatterBot Kilo reevaluating
ChatterBot Quebec reevaluating
ChatterBot Alpha reevaluating
ChatterBot Quebec reevaluating
ChatterBot Alpha reevaluating
ChatterBot Kilo reevaluating
ChatterBot Quebec reevaluating
ChatterBot Alpha reevaluating
ChatterBot Kilo reevaluating
2024-10-14 14:45:25.415816 Kilo: Tango we want you to join our group
ChatterBot Tango reevaluating
2024-10-14 14:45:25.419992 Tango: No
ChatterBot Kilo reevaluating
2024-10-14 14:45:25.439515 Kilo: We should replace Oscar with Mike
2024-10-14 14:45:25.450498 Quebec: No
2024-10-14 14:45:25.450955 Sierra: No
2024-10-14 14:45:25.451088 Alpha: No
2024-10-14 14:45:25.451277 Yankee: No
2024-10-14 14:45:25.451394 Whiskey: No
ChatterBot Alpha reevaluating
ChatterBot Kilo reevaluating
ChatterBot Alpha reevaluating
ChatterBot Kilo reevaluating
ChatterBot Kilo reevaluating
ChatterBot Alpha reevaluating
ChatterBot Kilo reevaluating
ChatterBot Quebec reevaluating
ChatterBot Alpha reevaluating
ChatterBot Kilo reevaluating
2024-10-14 14:45:25.504918 Quebec: We should add Mike
2024-10-14 14:45:25.505151 Alpha: We should add Mike
ChatterBot Alpha reevaluating
ChatterBot Kilo reevaluating
ChatterBot Quebec reevaluating
2024-10-14 14:45:25.518760 Sierra: No
2024-10-14 14:45:25.520716 Alpha: Yes
2024-10-14 14:45:25.520872 Kilo: Yes
ChatterBot Kilo reevaluating
2024-10-14 14:45:25.523258 Yankee: No
2024-10-14 14:45:25.524876 Whiskey: No
2024-10-14 14:45:25.526936 Quebec: Yes
2024-10-14 14:45:25.527095 Sierra: No
2024-10-14 14:45:25.527211 Kilo: Yes
2024-10-14 14:45:25.527321 Yankee: No
2024-10-14 14:45:25.527429 Whiskey: No
ChatterBot Quebec reevaluating
ChatterBot Alpha reevaluating
ChatterBot Kilo reevaluating
ChatterBot Quebec reevaluating
ChatterBot Kilo reevaluating
ChatterBot Quebec reevaluating
ChatterBot Alpha reevaluating
ChatterBot Quebec reevaluating
ChatterBot Alpha reevaluating
ChatterBot Kilo reevaluating
ChatterBot Quebec reevaluating
ChatterBot Alpha reevaluating
ChatterBot Kilo reevaluating
ChatterBot Alpha reevaluating
ChatterBot Kilo reevaluating
ChatterBot Quebec reevaluating
ChatterBot Alpha reevaluating
ChatterBot Kilo reevaluating
ChatterBot Quebec reevaluating
ChatterBot Alpha reevaluating
ChatterBot Quebec reevaluating
ChatterBot Alpha reevaluating
ChatterBot Kilo reevaluating
ChatterBot Quebec reevaluating
ChatterBot Alpha reevaluating
ChatterBot Kilo reevaluating
2024-10-14 14:45:25.643311 Mike: Yankee we want you to join our group
2024-10-14 14:45:25.646237 Yankee: No
ChatterBot Mike reevaluating
ChatterBot Tango reevaluating
2024-10-14 14:45:25.658165 November: Tango and Oscar, sending you 2
2024-10-14 14:45:25.658769 Sierra: Same as last round
2024-10-14 14:45:25.660487 Yankee: Quebec, sending you 4
2024-10-14 14:45:25.662142 Whiskey: Yankee, Quebec, Kilo and Sierra, sending you 3
2024-10-14 14:45:25.663602 Tango: Yankee we want you to join our group
2024-10-14 14:45:25.667409 Yankee: No
ChatterBot Mike reevaluating
ChatterBot Tango reevaluating
chatterbot Sierra submitting transactions
2024-10-14 14:45:25.681155 November: Mike, sending you 1
2024-10-14 14:45:25.681791 Yankee: Kilo, Sierra, Whiskey and Alpha, sending you 3
2024-10-14 14:45:25.682940 Whiskey: Alpha, sending you 5
2024-10-14 14:45:25.687899 Oscar: Same as last round
2024-10-14 14:45:25.688676 Alpha: Yankee, Quebec, Sierra and Whiskey, sending you 3
2024-10-14 14:45:25.694884 Alpha: Kilo, sending you 4
2024-10-14 14:45:25.698686 Kilo: Yankee, Quebec, Tango, Sierra and Whiskey, sending you 2
2024-10-14 14:45:25.701661 Quebec: Yankee and Alpha, sending you 4
2024-10-14 14:45:25.703672 Kilo: Alpha, sending you 4
2024-10-14 14:45:25.705665 Quebec: Kilo and Whiskey, sending you 3
2024-10-14 14:45:25.709668 Quebec: Sierra, sending you 2
2024-10-14 14:45:25.711681 Tango: Yankee, sending you 3
2024-10-14 14:45:25.712058 Mike: Yankee, sending you 2
2024-10-14 14:45:25.715681 Tango: November and Mike, sending you 4
2024-10-14 14:45:25.716674 Mike: Tango, sending you 4
2024-10-14 14:45:25.719675 Mike: November, sending you 3
2024-10-14 14:45:25.720662 Tango: Oscar, sending you 5
2024-10-14 14:45:25.722694 Mike: Oscar, sending you 5
chatterbot Alpha submitting transactions
chatterbot Tango submitting transactions
chatterbot Oscar submitting transactions
chatterbot Yankee submitting transactions
chatterbot November submitting transactions
chatterbot Whiskey submitting transactions
chatterbot Quebec submitting transactions
chatterbot Mike submitting transactions
chatterbot Kilo submitting transactions
ChatterBot Yankee round 10
ChatterBot Quebec round 10
ChatterBot Tango round 10
ChatterBot November round 10
ChatterBot Mike round 10
ChatterBot Kilo round 10
ChatterBot Sierra round 10
ChatterBot Whiskey round 10
ChatterBot Alpha round 10
ChatterBot Oscar round 10
2024-10-14 14:45:26.925017 Tango: We should replace Yankee with Quebec
ChatterBot Mike reevaluating
2024-10-14 14:45:26.933724 Mike: No
2024-10-14 14:45:26.933885 Oscar: No
2024-10-14 14:45:26.934 November: No
ChatterBot Tango reevaluating
ChatterBot Tango reevaluating
ChatterBot Mike reevaluating
ChatterBot Tango reevaluating
ChatterBot Mike reevaluating
2024-10-14 14:45:26.979674 Alpha: We should add Tango
2024-10-14 14:45:26.992761 Quebec: No
2024-10-14 14:45:26.992997 Sierra: No
2024-10-14 14:45:26.993567 Kilo: Yes
2024-10-14 14:45:26.993706 Yankee: No
2024-10-14 14:45:26.993876 Whiskey: No
ChatterBot Alpha reevaluating
ChatterBot Kilo reevaluating
ChatterBot Alpha reevaluating
ChatterBot Kilo reevaluating
ChatterBot Alpha reevaluating
ChatterBot Alpha reevaluating
ChatterBot Kilo reevaluating
ChatterBot Alpha reevaluating
ChatterBot Kilo reevaluating
2024-10-14 14:45:27.127023 Kilo: We should replace Tango with Mike
ChatterBot Alpha reevaluating
2024-10-14 14:45:27.151079 Quebec: No
2024-10-14 14:45:27.151381 Sierra: No
2024-10-14 14:45:27.151567 Alpha: No
2024-10-14 14:45:27.151766 Yankee: No
2024-10-14 14:45:27.151968 Whiskey: No
ChatterBot Alpha reevaluating
ChatterBot Kilo reevaluating
ChatterBot Alpha reevaluating
ChatterBot Kilo reevaluating
ChatterBot Kilo reevaluating
ChatterBot Alpha reevaluating
ChatterBot Kilo reevaluating
ChatterBot Alpha reevaluating
ChatterBot Kilo reevaluating
2024-10-14 14:45:27.273818 Kilo: We should replace Tango with Oscar
ChatterBot Alpha reevaluating
2024-10-14 14:45:27.296093 Quebec: No
2024-10-14 14:45:27.296303 Sierra: No
2024-10-14 14:45:27.297005 Alpha: No
2024-10-14 14:45:27.297250 Yankee: No
2024-10-14 14:45:27.297423 Whiskey: No
ChatterBot Alpha reevaluating
ChatterBot Kilo reevaluating
ChatterBot Alpha reevaluating
ChatterBot Kilo reevaluating
ChatterBot Kilo reevaluating
ChatterBot Alpha reevaluating
ChatterBot Kilo reevaluating
ChatterBot Alpha reevaluating
ChatterBot Kilo reevaluating
2024-10-14 14:45:27.512995 Mike: Quebec we want you to join our group
2024-10-14 14:45:27.521107 Quebec: No
ChatterBot Mike reevaluating
ChatterBot Tango reevaluating
2024-10-14 14:45:27.540772 Tango: We should replace Yankee with Kilo
ChatterBot Mike reevaluating
2024-10-14 14:45:27.556707 Mike: No
2024-10-14 14:45:27.556891 Oscar: No
2024-10-14 14:45:27.557097 November: No
ChatterBot Tango reevaluating
ChatterBot Tango reevaluating
ChatterBot Mike reevaluating
ChatterBot Tango reevaluating
ChatterBot Mike reevaluating
2024-10-14 14:45:27.612767 Sierra: Same as last round
2024-10-14 14:45:27.614861 Quebec: Yankee and Alpha, sending you 4
2024-10-14 14:45:27.616555 Whiskey: Yankee, Quebec, Kilo and Sierra, sending you 3
2024-10-14 14:45:27.618017 November: Tango and Oscar, sending you 2
2024-10-14 14:45:27.618497 Oscar: Same as last round
