ChatterBot India round 1
ChatterBot Golf round 1
ChatterBot X-ray round 1
ChatterBot November round 1
ChatterBot Tango round 1
ChatterBot Lima round 1
randomSelections Golf: {Golf, Bravo, Papa, Tango, Hotel, Lima} 
2024-10-14 14:45:07.091465 Golf: Let's form a team
ChatterBot Tango reevaluating
ChatterBot Lima reevaluating
2024-10-14 14:45:07.108605 Tango: Yes
2024-10-14 14:45:07.108820 Lima: Yes
ChatterBot Lima reevaluating
ChatterBot Tango reevaluating
ChatterBot Papa round 1
ChatterBot Papa reevaluating
ChatterBot Papa reevaluating
ChatterBot Papa reevaluating
2024-10-14 14:45:07.198676 Papa: Yes
ChatterBot Tango reevaluating
ChatterBot Lima reevaluating
ChatterBot Bravo round 1
ChatterBot Bravo reevaluating
ChatterBot Bravo reevaluating
ChatterBot Bravo reevaluating
ChatterBot Bravo reevaluating
2024-10-14 14:45:07.228438 Bravo: Yes
ChatterBot Papa reevaluating
ChatterBot Tango reevaluating
ChatterBot Lima reevaluating
ChatterBot Mike round 1
ChatterBot Hotel round 1
ChatterBot Hotel reevaluating
ChatterBot Hotel reevaluating
ChatterBot Hotel reevaluating
ChatterBot Hotel reevaluating
ChatterBot Hotel reevaluating
2024-10-14 14:45:07.259372 Hotel: Yes
ChatterBot Bravo reevaluating
ChatterBot Papa reevaluating
ChatterBot Tango reevaluating
ChatterBot Lima reevaluating
randomSelections India: {India, Bravo, Hotel, Papa, November, Lima} 
2024-10-14 14:45:07.276414 India: Can we be friends?
ChatterBot Bravo reevaluating
ChatterBot Hotel reevaluating
ChatterBot Papa reevaluating
ChatterBot November reevaluating
ChatterBot Lima reevaluating
2024-10-14 14:45:07.288142 Bravo: No
2024-10-14 14:45:07.288814 Hotel: No
2024-10-14 14:45:07.288962 Papa: No
2024-10-14 14:45:07.289125 November: Yes
2024-10-14 14:45:07.289258 Lima: No
ChatterBot Hotel reevaluating
ChatterBot Papa reevaluating
ChatterBot November reevaluating
ChatterBot Lima reevaluating
ChatterBot Bravo reevaluating
ChatterBot Papa reevaluating
ChatterBot November reevaluating
ChatterBot Lima reevaluating
ChatterBot Bravo reevaluating
ChatterBot Hotel reevaluating
ChatterBot November reevaluating
ChatterBot Lima reevaluating
ChatterBot Bravo reevaluating
ChatterBot Hotel reevaluating
ChatterBot Papa reevaluating
ChatterBot Lima reevaluating
ChatterBot Bravo reevaluating
ChatterBot Hotel reevaluating
ChatterBot Papa reevaluating
ChatterBot November reevaluating
randomSelections X-ray: {X-ray, November, Hotel, Golf, Papa, India} 
2024-10-14 14:45:07.385634 X-ray: Friends?
ChatterBot November reevaluating
ChatterBot Hotel reevaluating
ChatterBot Papa reevaluating
2024-10-14 14:45:07.398268 November: No
2024-10-14 14:45:07.399 Hotel: No
2024-10-14 14:45:07.399226 Golf: No
2024-10-14 14:45:07.399470 Papa: No
2024-10-14 14:45:07.399708 India: No
ChatterBot Hotel reevaluating
ChatterBot Papa reevaluating
ChatterBot November reevaluating
ChatterBot Papa reevaluating
ChatterBot November reevaluating
ChatterBot Hotel reevaluating
ChatterBot Papa reevaluating
ChatterBot November reevaluating
ChatterBot Hotel reevaluating
ChatterBot November reevaluating
ChatterBot Hotel reevaluating
ChatterBot Papa reevaluating
randomSelections Mike: {Mike, November, Golf, X-ray, Lima, Papa} 
2024-10-14 14:45:07.475075 Mike: Let's form a team
ChatterBot November reevaluating
2024-10-14 14:45:07.485223 November: No
2024-10-14 14:45:07.485424 Golf: No
2024-10-14 14:45:07.486076 X-ray: No
2024-10-14 14:45:07.486309 Lima: No
2024-10-14 14:45:07.486542 Papa: No
ChatterBot November reevaluating
ChatterBot November reevaluating
ChatterBot November reevaluating
ChatterBot November reevaluating
2024-10-14 14:45:07.543185 Golf: Tango, sending you 4
2024-10-14 14:45:07.553511 Golf: Papa, sending you 2
2024-10-14 14:45:07.553984 Hotel: Golf, Tango and Bravo, sending you 3
2024-10-14 14:45:07.554959 Mike: Golf and Papa, sending you 3
2024-10-14 14:45:07.555723 November: India, sending you 1
2024-10-14 14:45:07.612990 Golf: Bravo and Hotel, sending you 3
2024-10-14 14:45:07.613572 Lima: Golf, sending you 1
2024-10-14 14:45:07.614423 Hotel: Lima, sending you 4
2024-10-14 14:45:07.614775 Papa: Golf, sending you 4
2024-10-14 14:45:07.615147 Tango: Golf and Hotel, sending you 2
2024-10-14 14:45:07.615856 X-ray: India and Papa, sending you 2
2024-10-14 14:45:07.616301 Bravo: Golf and Hotel, sending you 1
2024-10-14 14:45:07.616973 Mike: X-ray, sending you 1
2024-10-14 14:45:07.617321 India: November, Papa and Hotel, sending you 3
2024-10-14 14:45:07.618059 November: Lima and Papa, sending you 2
chatterbot India submitting transactions
2024-10-14 14:45:07.618652 Lima: Tango, sending you 2
2024-10-14 14:45:07.618995 Hotel: Papa, sending you 2
2024-10-14 14:45:07.620063 Papa: Tango and Bravo, sending you 2
2024-10-14 14:45:07.620533 Tango: Papa, sending you 3
2024-10-14 14:45:07.620932 X-ray: Golf, sending you 3
2024-10-14 14:45:07.621999 Bravo: Tango, sending you 3
2024-10-14 14:45:07.623217 India: Lima, sending you 2
2024-10-14 14:45:07.623567 November: Bravo, sending you 5
2024-10-14 14:45:07.623905 Lima: Papa, sending you 3
2024-10-14 14:45:07.625335 Papa: Lima and Hotel, sending you 3
2024-10-14 14:45:07.625856 Tango: Bravo, sending you 7
2024-10-14 14:45:07.626848 X-ray: November, sending you 5
2024-10-14 14:45:07.627194 Bravo: Lima, sending you 6
2024-10-14 14:45:07.627669 India: Bravo, sending you 1
2024-10-14 14:45:07.628678 November: Hotel, sending you 4
2024-10-14 14:45:07.629052 Lima: Bravo, sending you 5
2024-10-14 14:45:07.632059 X-ray: Hotel, sending you 7
2024-10-14 14:45:07.632411 Bravo: Papa, sending you 4
chatterbot Bravo submitting transactions
chatterbot X-ray submitting transactions
chatterbot Golf submitting transactions
chatterbot Lima submitting transactions
chatterbot Mike submitting transactions
chatterbot November submitting transactions
chatterbot Papa submitting transactions
chatterbot Tango submitting transactions
chatterbot Hotel submitting transactions
ChatterBot India round 2
ChatterBot Golf round 2
ChatterBot X-ray round 2
ChatterBot November round 2
ChatterBot Tango round 2
ChatterBot Lima round 2
ChatterBot Papa round 2
2024-10-14 14:45:14.696461 X-ray: We would work well together
ChatterBot India reevaluating
ChatterBot November reevaluating
ChatterBot Mike reevaluating
2024-10-14 14:45:14.728764 India: No
2024-10-14 14:45:14.728982 November: Yes
2024-10-14 14:45:14.729477 Mike: No
ChatterBot November reevaluating
ChatterBot Mike reevaluating
ChatterBot India reevaluating
ChatterBot Mike reevaluating
ChatterBot India reevaluating
ChatterBot November reevaluating
2024-10-14 14:45:14.851065 November: Group up?
ChatterBot India reevaluating
ChatterBot Mike reevaluating
2024-10-14 14:45:14.895042 India: No
2024-10-14 14:45:14.895298 Mike: No
2024-10-14 14:45:14.896135 X-ray: Yes
ChatterBot November reevaluating
ChatterBot Mike reevaluating
ChatterBot India reevaluating
ChatterBot November reevaluating
ChatterBot India reevaluating
ChatterBot November reevaluating
ChatterBot Mike reevaluating
ChatterBot Bravo round 2
ChatterBot Mike round 2
ChatterBot Hotel round 2
2024-10-14 14:45:14.973957 Papa: Let's form a team
ChatterBot India reevaluating
ChatterBot November reevaluating
ChatterBot Bravo reevaluating
ChatterBot Hotel reevaluating
2024-10-14 14:45:15.005841 India: Yes
2024-10-14 14:45:15.005983 X-ray: No
2024-10-14 14:45:15.006087 November: Yes
2024-10-14 14:45:15.006184 Golf: No
2024-10-14 14:45:15.006722 Tango: No
2024-10-14 14:45:15.006844 Lima: No
2024-10-14 14:45:15.006949 Bravo: No
2024-10-14 14:45:15.007059 Hotel: Yes
ChatterBot X-ray reevaluating
ChatterBot November reevaluating
ChatterBot Bravo reevaluating
ChatterBot Hotel reevaluating
ChatterBot India reevaluating
ChatterBot November reevaluating
ChatterBot Bravo reevaluating
ChatterBot Hotel reevaluating
ChatterBot India reevaluating
ChatterBot X-ray reevaluating
ChatterBot Golf reevaluating
ChatterBot Lima reevaluating
ChatterBot Bravo reevaluating
ChatterBot Hotel reevaluating
ChatterBot India reevaluating
ChatterBot X-ray reevaluating
ChatterBot November reevaluating
ChatterBot Lima reevaluating
ChatterBot Bravo reevaluating
ChatterBot Hotel reevaluating
ChatterBot India reevaluating
ChatterBot X-ray reevaluating
ChatterBot November reevaluating
ChatterBot Golf reevaluating
ChatterBot Lima reevaluating
ChatterBot Bravo reevaluating
ChatterBot Hotel reevaluating
ChatterBot India reevaluating
ChatterBot X-ray reevaluating
ChatterBot November reevaluating
ChatterBot Golf reevaluating
ChatterBot Bravo reevaluating
ChatterBot Hotel reevaluating
ChatterBot India reevaluating
ChatterBot X-ray reevaluating
ChatterBot November reevaluating
2024-10-14 14:45:15.236828 Golf: We should group up
ChatterBot Golf reevaluating
ChatterBot Lima reevaluating
ChatterBot Hotel reevaluating
ChatterBot India reevaluating
ChatterBot X-ray reevaluating
ChatterBot November reevaluating
ChatterBot Golf reevaluating
ChatterBot Lima reevaluating
ChatterBot Bravo reevaluating
ChatterBot India reevaluating
ChatterBot X-ray reevaluating
ChatterBot November reevaluating
ChatterBot Lima reevaluating
ChatterBot Bravo reevaluating
ChatterBot Hotel reevaluating
2024-10-14 14:45:15.380348 India: Yes
2024-10-14 14:45:15.380668 X-ray: Yes
2024-10-14 14:45:15.380946 November: Yes
2024-10-14 14:45:15.381496 Tango: No
2024-10-14 14:45:15.382322 Lima: Yes
2024-10-14 14:45:15.382534 Papa: Yes
2024-10-14 14:45:15.382683 Bravo: Yes
2024-10-14 14:45:15.382881 Hotel: Yes
ChatterBot X-ray reevaluating
ChatterBot November reevaluating
ChatterBot Golf reevaluating
ChatterBot Lima reevaluating
ChatterBot Bravo reevaluating
ChatterBot Hotel reevaluating
ChatterBot India reevaluating
ChatterBot November reevaluating
ChatterBot Golf reevaluating
ChatterBot Lima reevaluating
ChatterBot Bravo reevaluating
ChatterBot Hotel reevaluating
ChatterBot India reevaluating
ChatterBot X-ray reevaluating
ChatterBot Golf reevaluating
ChatterBot Lima reevaluating
ChatterBot Bravo reevaluating
ChatterBot Hotel reevaluating
ChatterBot India reevaluating
ChatterBot X-ray reevaluating
ChatterBot November reevaluating
ChatterBot Golf reevaluating
ChatterBot Lima reevaluating
ChatterBot Bravo reevaluating
ChatterBot Hotel reevaluating
ChatterBot India reevaluating
ChatterBot X-ray reevaluating
ChatterBot November reevaluating
ChatterBot Golf reevaluating
ChatterBot Bravo reevaluating
ChatterBot Hotel reevaluating
ChatterBot India reevaluating
ChatterBot X-ray reevaluating
ChatterBot November reevaluating
ChatterBot Golf reevaluating
ChatterBot Lima reevaluating
ChatterBot Bravo reevaluating
ChatterBot Hotel reevaluating
ChatterBot India reevaluating
ChatterBot X-ray reevaluating
ChatterBot November reevaluating
ChatterBot Golf reevaluating
ChatterBot Lima reevaluating
ChatterBot Hotel reevaluating
ChatterBot India reevaluating
ChatterBot X-ray reevaluating
ChatterBot November reevaluating
ChatterBot Golf reevaluating
ChatterBot Lima reevaluating
ChatterBot Bravo reevaluating
2024-10-14 14:45:15.773593 Bravo: India, Golf, X-ray, November, Lima, Papa and Hotel, sending you 2
2024-10-14 14:45:15.774987 Tango: Golf, Lima, Bravo and Hotel, sending you 3
2024-10-14 14:45:15.775845 Golf: India and November, sending you 1
2024-10-14 14:45:15.780626 Mike: Sending you each 3
2024-10-14 14:45:15.781301 X-ray: India, Golf and November, sending you 3
2024-10-14 14:45:15.782644 Bravo: Tango, sending you 3
2024-10-14 14:45:15.783756 Tango: Papa, sending you 2
2024-10-14 14:45:15.785443 Lima: India, Golf, X-ray, November, Tango and Papa, sending you 1
2024-10-14 14:45:15.786680 Golf: X-ray, Tango, Lima, Papa, Bravo and Hotel, sending you 2
2024-10-14 14:45:15.789174 India: Golf, Tango, Lima, Papa, Bravo and Hotel, sending you 1
2024-10-14 14:45:15.791124 Papa: India, Golf, X-ray, November, Tango, Lima and Hotel, sending you 2
2024-10-14 14:45:15.793364 November: India, sending you 4
2024-10-14 14:45:15.795096 X-ray: Tango, Lima, Papa, Bravo and Hotel, sending you 2
2024-10-14 14:45:15.795980 Hotel: India, Golf, Tango and Papa, sending you 2
2024-10-14 14:45:15.797525 Lima: Bravo, sending you 3
2024-10-14 14:45:15.798347 India: X-ray, sending you 4
2024-10-14 14:45:15.800504 Papa: Bravo, sending you 3
2024-10-14 14:45:15.802430 November: Golf, Tango and Lima, sending you 1
2024-10-14 14:45:15.804420 Hotel: X-ray, sending you 4
2024-10-14 14:45:15.805292 Lima: Hotel, sending you 2
2024-10-14 14:45:15.807160 India: November, sending you 2
2024-10-14 14:45:15.808721 Hotel: November, sending you 3
2024-10-14 14:45:15.810326 November: X-ray, sending you 5
2024-10-14 14:45:15.818012 Hotel: Lima and Bravo, sending you 1
chatterbot Papa submitting transactions
chatterbot X-ray submitting transactions
chatterbot November submitting transactions
chatterbot Bravo submitting transactions
chatterbot Lima submitting transactions
chatterbot India submitting transactions
chatterbot Tango submitting transactions
chatterbot Hotel submitting transactions
chatterbot Golf submitting transactions
chatterbot Mike submitting transactions
ChatterBot India round 3
ChatterBot Golf round 3
ChatterBot X-ray round 3
ChatterBot November round 3
ChatterBot Tango round 3
ChatterBot Lima round 3
ChatterBot Papa round 3
ChatterBot Bravo round 3
ChatterBot Mike round 3
ChatterBot Hotel round 3
2024-10-14 14:45:17.002561 Papa: We should add Mike
ChatterBot India reevaluating
ChatterBot Golf reevaluating
ChatterBot Tango reevaluating
ChatterBot Hotel reevaluating
2024-10-14 14:45:17.057266 India: Yes
2024-10-14 14:45:17.057496 X-ray: No
2024-10-14 14:45:17.057699 November: No
2024-10-14 14:45:17.058364 Golf: No
2024-10-14 14:45:17.058543 Tango: No
2024-10-14 14:45:17.058739 Lima: No
2024-10-14 14:45:17.058937 Bravo: No
2024-10-14 14:45:17.059119 Hotel: No
ChatterBot Golf reevaluating
ChatterBot Tango reevaluating
ChatterBot Hotel reevaluating
ChatterBot India reevaluating
ChatterBot Golf reevaluating
ChatterBot Tango reevaluating
ChatterBot Hotel reevaluating
ChatterBot India reevaluating
ChatterBot Golf reevaluating
ChatterBot Tango reevaluating
ChatterBot Hotel reevaluating
ChatterBot India reevaluating
ChatterBot Tango reevaluating
ChatterBot Hotel reevaluating
ChatterBot India reevaluating
ChatterBot Golf reevaluating
ChatterBot Hotel reevaluating
ChatterBot India reevaluating
ChatterBot Golf reevaluating
ChatterBot Tango reevaluating
ChatterBot Papa reevaluating
ChatterBot Hotel reevaluating
ChatterBot India reevaluating
ChatterBot Golf reevaluating
ChatterBot Tango reevaluating
ChatterBot Papa reevaluating
ChatterBot Hotel reevaluating
ChatterBot India reevaluating
ChatterBot Golf reevaluating
ChatterBot Tango reevaluating
ChatterBot Papa reevaluating
2024-10-14 14:45:17.514835 Tango: X-ray and November we want you to join our group
2024-10-14 14:45:17.524265 X-ray: Yes
2024-10-14 14:45:17.524439 November: Yes
ChatterBot Papa reevaluating
ChatterBot Papa reevaluating
2024-10-14 14:45:17.645875 Mike: Same as last round
2024-10-14 14:45:17.646961 X-ray: India, November and Hotel, sending you 3
2024-10-14 14:45:17.649366 November: India, Papa, Bravo and Hotel, sending you 2
2024-10-14 14:45:17.651112 Golf: X-ray, November, Tango, Lima, Papa, Bravo and Hotel, sending you 2
2024-10-14 14:45:17.652315 India: Golf and Lima, sending you 1
2024-10-14 14:45:17.653562 Bravo: India, Golf, X-ray, November, Lima, Papa and Hotel, sending you 2
2024-10-14 14:45:17.654315 Lima: India, Golf, X-ray, November, Tango and Hotel, sending you 1
2024-10-14 14:45:17.655534 X-ray: Golf, Tango, Lima, Papa and Bravo, sending you 2
2024-10-14 14:45:17.656402 November: Golf, Tango and Lima, sending you 1
2024-10-14 14:45:17.657723 India: X-ray, November, Papa, Bravo and Hotel, sending you 2
2024-10-14 14:45:17.658605 Bravo: Tango, sending you 3
2024-10-14 14:45:17.659817 Lima: Papa, sending you 2
2024-10-14 14:45:17.660647 Hotel: India, November and Bravo, sending you 2
2024-10-14 14:45:17.662476 November: X-ray, sending you 3
2024-10-14 14:45:17.664788 Lima: Bravo, sending you 3
2024-10-14 14:45:17.665953 Tango: Golf, X-ray, November, Lima, Papa, Bravo and Hotel, sending you 2
2024-10-14 14:45:17.667245 Hotel: Golf, X-ray, Tango and Papa, sending you 3
2024-10-14 14:45:17.668160 Papa: India, Golf, X-ray, November, Tango, Lima and Hotel, sending you 2
2024-10-14 14:45:17.670681 Hotel: Lima, sending you 1
2024-10-14 14:45:17.672696 Papa: Bravo, sending you 3
chatterbot Tango submitting transactions
chatterbot November submitting transactions
chatterbot Lima submitting transactions
chatterbot Golf submitting transactions
chatterbot Bravo submitting transactions
chatterbot Hotel submitting transactions
chatterbot India submitting transactions
chatterbot Mike submitting transactions
chatterbot X-ray submitting transactions
chatterbot Papa submitting transactions
ChatterBot India round 4
ChatterBot Golf round 4
ChatterBot X-ray round 4
ChatterBot November round 4
ChatterBot Tango round 4
ChatterBot Lima round 4
ChatterBot Papa round 4
ChatterBot Bravo round 4
ChatterBot Mike round 4
ChatterBot Hotel round 4
2024-10-14 14:45:18.695296 Mike: We should drop India and November
2024-10-14 14:45:18.699178 X-ray: No
2024-10-14 14:45:18.703700 Lima: India, Golf, X-ray, November, Tango and Hotel, sending you 1
2024-10-14 14:45:18.711042 India: Golf and Lima, sending you 1
2024-10-14 14:45:18.712576 November: India, Papa, Bravo and Hotel, sending you 2
2024-10-14 14:45:18.713693 Bravo: India, Golf, X-ray, November, Tango, Papa and Hotel, sending you 2
2024-10-14 14:45:18.714337 X-ray: India, Golf, Tango, Lima, Papa and Bravo, sending you 2
2024-10-14 14:45:18.715471 Lima: Papa, sending you 2
2024-10-14 14:45:18.716253 Golf: X-ray, November, Tango, Lima, Papa, Bravo and Hotel, sending you 2
2024-10-14 14:45:18.717234 Papa: India, Golf, X-ray, November, Tango, Lima and Hotel, sending you 2
2024-10-14 14:45:18.718010 Tango: Same as last round
2024-10-14 14:45:18.718744 India: X-ray, November, Papa, Bravo and Hotel, sending you 2
2024-10-14 14:45:18.719470 November: Golf, Tango and Lima, sending you 1
2024-10-14 14:45:18.720736 Bravo: Lima, sending you 3
2024-10-14 14:45:18.721455 X-ray: November, sending you 4
2024-10-14 14:45:18.722697 Lima: Bravo, sending you 3
2024-10-14 14:45:18.723543 Papa: Bravo, sending you 3
2024-10-14 14:45:18.737813 November: X-ray, sending you 3
2024-10-14 14:45:18.740109 X-ray: Hotel, sending you 3
2024-10-14 14:45:18.742417 Hotel: India, November and Bravo, sending you 2
2024-10-14 14:45:18.744602 Mike: Sending you 4
2024-10-14 14:45:18.749507 Hotel: Golf, X-ray, Tango and Papa, sending you 3
2024-10-14 14:45:18.754354 Hotel: Lima, sending you 1
chatterbot X-ray submitting transactions
chatterbot Lima submitting transactions
chatterbot Bravo submitting transactions
chatterbot Golf submitting transactions
chatterbot Tango submitting transactions
chatterbot Papa submitting transactions
chatterbot Mike submitting transactions
chatterbot November submitting transactions
chatterbot India submitting transactions
chatterbot Hotel submitting transactions
ChatterBot India round 5
ChatterBot Golf round 5
ChatterBot X-ray round 5
ChatterBot November round 5
ChatterBot Tango round 5
ChatterBot Lima round 5
ChatterBot Papa round 5
ChatterBot Bravo round 5
ChatterBot Mike round 5
ChatterBot Hotel round 5
2024-10-14 14:45:19.895710 India: Golf and Lima, sending you 1
2024-10-14 14:45:19.897436 Golf: X-ray, November, Tango, Lima, Papa, Bravo and Hotel, sending you 2
2024-10-14 14:45:19.898654 Tango: Same as last round
2024-10-14 14:45:19.899924 X-ray: India, Golf, Tango, Lima, Papa and Bravo, sending you 2
2024-10-14 14:45:19.901695 India: X-ray, November, Papa, Bravo and Hotel, sending you 2
2024-10-14 14:45:19.903708 Bravo: India, Golf, X-ray, November, Tango, Papa and Hotel, sending you 2
2024-10-14 14:45:19.906234 X-ray: November, sending you 4
2024-10-14 14:45:19.907022 November: India, Golf, Papa, Bravo and Hotel, sending you 2
2024-10-14 14:45:19.908391 Lima: India, Golf, X-ray, November, Tango and Hotel, sending you 1
2024-10-14 14:45:19.909140 Hotel: India, Golf, November, Tango, Lima and Bravo, sending you 2
2024-10-14 14:45:19.910760 Bravo: Lima, sending you 3
2024-10-14 14:45:19.912260 Papa: India, Golf, X-ray, November, Tango, Lima and Bravo, sending you 2
2024-10-14 14:45:19.913217 November: X-ray, sending you 3
2024-10-14 14:45:19.914652 X-ray: Hotel, sending you 3
2024-10-14 14:45:19.916262 Mike: Sending you 5
2024-10-14 14:45:19.916550 Lima: Papa, sending you 2
2024-10-14 14:45:19.917460 Hotel: X-ray, sending you 4
2024-10-14 14:45:19.919086 Papa: Hotel, sending you 3
2024-10-14 14:45:19.921308 November: Tango, sending you 1
2024-10-14 14:45:19.923123 Lima: Bravo, sending you 3
2024-10-14 14:45:19.924037 Hotel: Papa, sending you 3
chatterbot India submitting transactions
chatterbot X-ray submitting transactions
chatterbot Lima submitting transactions
chatterbot Papa submitting transactions
chatterbot Golf submitting transactions
chatterbot Hotel submitting transactions
chatterbot November submitting transactions
chatterbot Bravo submitting transactions
chatterbot Mike submitting transactions
chatterbot Tango submitting transactions
ChatterBot India round 6
ChatterBot Golf round 6
ChatterBot X-ray round 6
ChatterBot November round 6
ChatterBot Tango round 6
ChatterBot Lima round 6
ChatterBot Papa round 6
ChatterBot Bravo round 6
ChatterBot Mike round 6
ChatterBot Hotel round 6
2024-10-14 14:45:21.148314 Mike: We should replace X-ray with Lima
2024-10-14 14:45:21.160708 Mike: Lima we want you to join our group
2024-10-14 14:45:21.165810 Lima: No
ChatterBot Mike reevaluating
2024-10-14 14:45:21.173334 Mike: We should replace X-ray with November
2024-10-14 14:45:21.173730 Golf: X-ray, November, Tango, Lima, Papa, Bravo and Hotel, sending you 2
2024-10-14 14:45:21.189557 Bravo: India, Golf, X-ray, November, Tango, Papa and Hotel, sending you 2
2024-10-14 14:45:21.191324 India: Golf and Lima, sending you 1
2024-10-14 14:45:21.192455 X-ray: India, Golf, Tango, Lima, Papa and Bravo, sending you 2
2024-10-14 14:45:21.194288 Tango: Same as last round
2024-10-14 14:45:21.195759 Papa: India, Golf, X-ray, November, Tango, Lima and Bravo, sending you 2
2024-10-14 14:45:21.196978 Mike: November we want you to join our group
2024-10-14 14:45:21.200799 November: No
ChatterBot Mike reevaluating
2024-10-14 14:45:21.205129 Mike: Can we be friends?
2024-10-14 14:45:21.234482 India: No
2024-10-14 14:45:21.236239 Golf: No
2024-10-14 14:45:21.236456 X-ray: No
2024-10-14 14:45:21.236873 November: No
2024-10-14 14:45:21.237117 Tango: No
2024-10-14 14:45:21.237391 Lima: No
2024-10-14 14:45:21.237804 Papa: No
2024-10-14 14:45:21.237937 Bravo: No
2024-10-14 14:45:21.239054 Hotel: No
ChatterBot Mike reevaluating
ChatterBot Papa reevaluating
ChatterBot Mike reevaluating
ChatterBot Papa reevaluating
ChatterBot Mike reevaluating
ChatterBot Papa reevaluating
ChatterBot Mike reevaluating
ChatterBot Tango reevaluating
ChatterBot Papa reevaluating
ChatterBot Mike reevaluating
ChatterBot Papa reevaluating
ChatterBot Mike reevaluating
ChatterBot Tango reevaluating
ChatterBot Papa reevaluating
ChatterBot Mike reevaluating
ChatterBot India reevaluating
ChatterBot Tango reevaluating
ChatterBot Mike reevaluating
ChatterBot India reevaluating
ChatterBot Tango reevaluating
ChatterBot Papa reevaluating
ChatterBot Mike reevaluating
ChatterBot India reevaluating
ChatterBot Tango reevaluating
ChatterBot Papa reevaluating
2024-10-14 14:45:21.535556 November: India, Golf, Papa, Bravo and Hotel, sending you 2
2024-10-14 14:45:21.537097 Bravo: Lima, sending you 3
2024-10-14 14:45:21.538476 Hotel: India, Golf, November, Tango, Lima and Bravo, sending you 2
2024-10-14 14:45:21.539855 X-ray: November, sending you 3
2024-10-14 14:45:21.541682 November: X-ray, sending you 3
2024-10-14 14:45:21.542863 Hotel: X-ray, sending you 4
2024-10-14 14:45:21.544799 Lima: India, Golf, X-ray, November, Tango and Hotel, sending you 1
2024-10-14 14:45:21.545725 X-ray: Hotel, sending you 4
2024-10-14 14:45:21.547110 November: Tango, sending you 1
2024-10-14 14:45:21.548457 Hotel: Papa, sending you 3
2024-10-14 14:45:21.549770 Lima: Papa, sending you 2
2024-10-14 14:45:21.553694 Lima: Bravo, sending you 3
2024-10-14 14:45:21.559703 Mike: India, Golf, November, Lima, Papa, Bravo and Hotel, sending you 1
2024-10-14 14:45:21.564678 Mike: Tango, sending you 2
2024-10-14 14:45:21.571687 Papa: India, Golf, X-ray, November, Tango, Lima, Bravo and Hotel, sending you 2
2024-10-14 14:45:21.576968 Papa: Mike, sending you 1
chatterbot November submitting transactions
chatterbot Bravo submitting transactions
chatterbot Lima submitting transactions
chatterbot India submitting transactions
chatterbot Golf submitting transactions
chatterbot Hotel submitting transactions
chatterbot Mike submitting transactions
chatterbot Tango submitting transactions
chatterbot X-ray submitting transactions
chatterbot Papa submitting transactions
ChatterBot India round 7
ChatterBot Golf round 7
ChatterBot X-ray round 7
ChatterBot November round 7
ChatterBot Tango round 7
ChatterBot Lima round 7
ChatterBot Papa round 7
ChatterBot Bravo round 7
2024-10-14 14:45:22.572620 India: We should add Mike
ChatterBot Tango reevaluating
2024-10-14 14:45:22.614595 X-ray: No
2024-10-14 14:45:22.615227 November: No
2024-10-14 14:45:22.615437 Golf: No
2024-10-14 14:45:22.615643 Tango: No
2024-10-14 14:45:22.615882 Lima: No
2024-10-14 14:45:22.616076 Papa: Yes
2024-10-14 14:45:22.616343 Bravo: No
2024-10-14 14:45:22.616538 Hotel: No
ChatterBot India reevaluating
ChatterBot Tango reevaluating
ChatterBot India reevaluating
ChatterBot Tango reevaluating
ChatterBot India reevaluating
ChatterBot Tango reevaluating
ChatterBot Papa reevaluating
ChatterBot India reevaluating
ChatterBot Papa reevaluating
ChatterBot India reevaluating
ChatterBot Tango reevaluating
ChatterBot Papa reevaluating
ChatterBot India reevaluating
ChatterBot Tango reevaluating
ChatterBot India reevaluating
ChatterBot Tango reevaluating
ChatterBot Papa reevaluating
ChatterBot India reevaluating
ChatterBot Tango reevaluating
ChatterBot Papa reevaluating
ChatterBot Mike round 7
ChatterBot Hotel round 7
2024-10-14 14:45:22.851925 Papa: We should drop Mike
ChatterBot India reevaluating
ChatterBot Tango reevaluating
2024-10-14 14:45:22.874792 India: Yes
2024-10-14 14:45:22.874971 X-ray: Yes
2024-10-14 14:45:22.875113 November: Yes
2024-10-14 14:45:22.875240 Golf: Yes
2024-10-14 14:45:22.875369 Tango: Yes
2024-10-14 14:45:22.875486 Lima: Yes
2024-10-14 14:45:22.876309 Bravo: Yes
2024-10-14 14:45:22.876462 Hotel: Yes
ChatterBot Tango reevaluating
ChatterBot India reevaluating
ChatterBot Tango reevaluating
ChatterBot India reevaluating
ChatterBot Tango reevaluating
ChatterBot India reevaluating
ChatterBot Tango reevaluating
ChatterBot India reevaluating
ChatterBot India reevaluating
ChatterBot Tango reevaluating
ChatterBot India reevaluating
ChatterBot Tango reevaluating
ChatterBot India reevaluating
ChatterBot Tango reevaluating
2024-10-14 14:45:23.143458 X-ray: India, Golf, Tango, Lima, Papa and Bravo, sending you 2
2024-10-14 14:45:23.147487 Lima: India, Golf, X-ray, November, Tango and Hotel, sending you 1
2024-10-14 14:45:23.151214 Golf: X-ray, November, Tango, Lima, Papa, Bravo and Hotel, sending you 2
2024-10-14 14:45:23.153602 November: India, Golf, Papa, Bravo and Hotel, sending you 2
chatterbot November submitting transactions
2024-10-14 14:45:23.156267 X-ray: November, sending you 3
2024-10-14 14:45:23.159517 Lima: Papa, sending you 2
2024-10-14 14:45:23.162378 Hotel: India, Golf, November, Tango, Lima and Bravo, sending you 2
2024-10-14 14:45:23.165740 Bravo: India, Golf, X-ray, November, Tango, Papa and Hotel, sending you 2
2024-10-14 14:45:23.168818 Mike: Sending you 7
2024-10-14 14:45:23.169709 Papa: India, Golf, X-ray, November, Tango, Lima and Bravo, sending you 2
2024-10-14 14:45:23.173908 November: X-ray, sending you 3
2024-10-14 14:45:23.177342 X-ray: Hotel, sending you 4
2024-10-14 14:45:23.179997 Lima: Bravo, sending you 3
2024-10-14 14:45:23.183185 Hotel: X-ray, sending you 4
2024-10-14 14:45:23.185687 Bravo: Lima, sending you 3
2024-10-14 14:45:23.188726 Papa: Hotel, sending you 3
2024-10-14 14:45:23.190608 November: Tango, sending you 1
chatterbot Hotel submitting transactions
2024-10-14 14:45:23.192511 Tango: Same as last round
2024-10-14 14:45:23.193490 Hotel: Papa, sending you 3
2024-10-14 14:45:23.195318 India: Golf and Lima, sending you 1
2024-10-14 14:45:23.209257 India: X-ray, November, Papa, Bravo and Hotel, sending you 2
chatterbot X-ray submitting transactions
chatterbot India submitting transactions
chatterbot Golf submitting transactions
chatterbot Papa submitting transactions
chatterbot Mike submitting transactions
chatterbot Bravo submitting transactions
chatterbot Lima submitting transactions
chatterbot Tango submitting transactions
ChatterBot India round 8
ChatterBot Golf round 8
ChatterBot X-ray round 8
ChatterBot November round 8
ChatterBot Tango round 8
ChatterBot Lima round 8
ChatterBot Papa round 8
ChatterBot Bravo round 8
2024-10-14 14:45:24.191325 Tango: We should replace Lima with India
2024-10-14 14:45:24.217132 Golf: No
2024-10-14 14:45:24.217369 X-ray: No
2024-10-14 14:45:24.217555 November: No
2024-10-14 14:45:24.218185 Papa: No
2024-10-14 14:45:24.218344 Bravo: No
2024-10-14 14:45:24.218497 Hotel: No
ChatterBot Tango reevaluating
ChatterBot Tango reevaluating
ChatterBot Tango reevaluating
ChatterBot Tango reevaluating
ChatterBot Tango reevaluating
ChatterBot Tango reevaluating
ChatterBot Mike round 8
ChatterBot Hotel round 8
2024-10-14 14:45:24.414858 Mike: We should replace Golf with X-ray
2024-10-14 14:45:24.431821 X-ray: India, Golf, Tango, Lima, Papa and Bravo, sending you 2
2024-10-14 14:45:24.434035 Mike: X-ray we want you to join our group
2024-10-14 14:45:24.438050 X-ray: No
ChatterBot Mike reevaluating
2024-10-14 14:45:24.442891 X-ray: November, sending you 3
2024-10-14 14:45:24.456785 Bravo: India, Golf, X-ray, November, Tango, Papa and Hotel, sending you 2
2024-10-14 14:45:24.458936 Papa: India, Golf, X-ray, November, Tango, Lima and Bravo, sending you 2
2024-10-14 14:45:24.461595 Golf: X-ray, November, Tango, Lima, Papa, Bravo and Hotel, sending you 2
2024-10-14 14:45:24.463392 India: Golf and Lima, sending you 1
2024-10-14 14:45:24.464784 November: India, Golf, Papa, Bravo and Hotel, sending you 2
2024-10-14 14:45:24.466059 Lima: India, Golf, X-ray, November, Tango and Hotel, sending you 1
2024-10-14 14:45:24.466973 Tango: Same as last round
2024-10-14 14:45:24.468132 X-ray: Hotel, sending you 4
2024-10-14 14:45:24.469015 Hotel: India, Golf, November, Tango, Lima and Bravo, sending you 2
2024-10-14 14:45:24.471912 Bravo: Lima, sending you 3
2024-10-14 14:45:24.473146 Papa: Hotel, sending you 3
2024-10-14 14:45:24.474466 India: X-ray, November, Papa, Bravo and Hotel, sending you 2
2024-10-14 14:45:24.476021 November: X-ray, sending you 3
2024-10-14 14:45:24.477206 Lima: Papa, sending you 2
2024-10-14 14:45:24.478486 Hotel: X-ray, sending you 4
2024-10-14 14:45:24.479352 Mike: Golf, Tango, Bravo and Hotel, sending you 1
2024-10-14 14:45:24.957285 November: Tango, sending you 1
2024-10-14 14:45:24.961299 Lima: Bravo, sending you 3
2024-10-14 14:45:24.965258 Hotel: Papa, sending you 3
2024-10-14 14:45:24.968626 Mike: Papa, sending you 5
chatterbot X-ray submitting transactions
chatterbot Papa submitting transactions
chatterbot Golf submitting transactions
chatterbot Hotel submitting transactions
chatterbot November submitting transactions
chatterbot Tango submitting transactions
chatterbot Bravo submitting transactions
chatterbot India submitting transactions
chatterbot Lima submitting transactions
chatterbot Mike submitting transactions
ChatterBot India round 9
ChatterBot Golf round 9
ChatterBot X-ray round 9
ChatterBot November round 9
ChatterBot Tango round 9
ChatterBot Lima round 9
ChatterBot Papa round 9
ChatterBot Bravo round 9
ChatterBot Mike round 9
2024-10-14 14:45:25.925255 Tango: We should replace Lima with India
ChatterBot Hotel reevaluating
2024-10-14 14:45:25.942001 Golf: No
2024-10-14 14:45:25.942180 X-ray: No
2024-10-14 14:45:25.942331 November: No
2024-10-14 14:45:25.942457 Papa: No
2024-10-14 14:45:25.942580 Bravo: No
2024-10-14 14:45:25.942731 Hotel: Yes
ChatterBot Hotel reevaluating
ChatterBot Tango reevaluating
ChatterBot Hotel reevaluating
ChatterBot Tango reevaluating
ChatterBot Hotel reevaluating
ChatterBot Tango reevaluating
ChatterBot Hotel reevaluating
ChatterBot Tango reevaluating
ChatterBot Hotel reevaluating
ChatterBot Tango reevaluating
ChatterBot Hotel round 9
2024-10-14 14:45:26.151340 Tango: India we want you to join our group
2024-10-14 14:45:26.157313 India: Yes
ChatterBot Tango reevaluating
2024-10-14 14:45:26.188104 India: Golf and Lima, sending you 1
2024-10-14 14:45:26.193301 Bravo: India, Golf, X-ray, November, Tango, Papa and Hotel, sending you 2
2024-10-14 14:45:26.196642 X-ray: India, Golf, Tango, Lima, Papa and Bravo, sending you 2
2024-10-14 14:45:26.201297 Papa: India, Golf, X-ray, November, Tango, Lima and Bravo, sending you 2
2024-10-14 14:45:26.204991 Lima: India, Golf, X-ray, November, Tango and Hotel, sending you 1
2024-10-14 14:45:26.208168 Golf: X-ray, November, Tango, Lima, Papa, Bravo and Hotel, sending you 2
2024-10-14 14:45:26.212348 November: India, Golf, Papa, Bravo and Hotel, sending you 2
2024-10-14 14:45:26.215749 India: X-ray, November, Papa, Bravo and Hotel, sending you 2
2024-10-14 14:45:26.218973 Bravo: Lima, sending you 3
2024-10-14 14:45:26.221965 X-ray: November, sending you 3
2024-10-14 14:45:26.225693 Papa: Hotel, sending you 3
2024-10-14 14:45:26.229070 Lima: Papa, sending you 2
2024-10-14 14:45:26.233044 November: X-ray, sending you 3
2024-10-14 14:45:26.236770 Mike: Tango, Lima, Bravo and Hotel, sending you 1
2024-10-14 14:45:26.238509 Hotel: India, Golf, November, Tango, Lima and Bravo, sending you 2
2024-10-14 14:45:26.241852 X-ray: Hotel, sending you 4
2024-10-14 14:45:26.245487 Lima: Bravo, sending you 3
2024-10-14 14:45:26.248861 November: Tango, sending you 1
2024-10-14 14:45:26.253442 Mike: Papa, sending you 5
2024-10-14 14:45:26.256590 Hotel: X-ray, sending you 4
2024-10-14 14:45:26.266388 Hotel: Papa, sending you 3
2024-10-14 14:45:26.270297 Tango: Sending you each 2
chatterbot Lima submitting transactions
chatterbot Papa submitting transactions
chatterbot Tango submitting transactions
chatterbot Bravo submitting transactions
chatterbot India submitting transactions
chatterbot November submitting transactions
chatterbot Golf submitting transactions
chatterbot Mike submitting transactions
chatterbot Hotel submitting transactions
chatterbot X-ray submitting transactions
ChatterBot India round 10
ChatterBot Golf round 10
ChatterBot X-ray round 10
ChatterBot November round 10
ChatterBot Tango round 10
ChatterBot Lima round 10
ChatterBot Papa round 10
ChatterBot Bravo round 10
ChatterBot Mike round 10
ChatterBot Hotel round 10
2024-10-14 14:45:27.292930 Hotel: We should drop Lima
2024-10-14 14:45:27.312332 Tango: Yes
2024-10-14 14:45:27.312540 India: No
2024-10-14 14:45:27.312693 Golf: No
2024-10-14 14:45:27.312821 X-ray: No
2024-10-14 14:45:27.312929 November: No
2024-10-14 14:45:27.313042 Papa: No
2024-10-14 14:45:27.313194 Bravo: No
ChatterBot Hotel reevaluating
ChatterBot Hotel reevaluating
ChatterBot Hotel reevaluating
ChatterBot Hotel reevaluating
ChatterBot Hotel reevaluating
ChatterBot Hotel reevaluating
2024-10-14 14:45:27.604323 Golf: X-ray, November, Tango, Lima, Papa, Bravo and Hotel, sending you 2
2024-10-14 14:45:27.607574 India: X-ray, November, Papa, Bravo and Hotel, sending you 2
2024-10-14 14:45:27.610535 X-ray: India, Golf, Tango, Lima, Papa and Bravo, sending you 2
2024-10-14 14:45:27.613638 Tango: Same as last round
2024-10-14 14:45:27.615389 Mike: Sending you 9
2024-10-14 14:45:27.616348 Bravo: India, Golf, X-ray, November, Tango, Papa and Hotel, sending you 2
2024-10-14 14:45:27.619317 Lima: India, Golf, X-ray, November, Tango and Hotel, sending you 1
2024-10-14 14:45:27.622409 India: Tango and Lima, sending you 1
2024-10-14 14:45:27.624872 X-ray: November, sending you 3
2024-10-14 14:45:27.627877 Bravo: Lima, sending you 3
2024-10-14 14:45:27.630235 November: India, Golf, X-ray, Tango, Papa, Bravo and Hotel, sending you 2
2024-10-14 14:45:27.632618 Lima: Papa, sending you 2
2024-10-14 14:45:27.635736 Papa: India, Golf, X-ray, November, Tango, Lima and Bravo, sending you 2
2024-10-14 14:45:27.639275 Hotel: India, Golf, November, Tango, Lima and Bravo, sending you 2
2024-10-14 14:45:27.641846 X-ray: Hotel, sending you 4
2024-10-14 14:45:27.646244 Lima: Bravo, sending you 3
2024-10-14 14:45:27.650108 Papa: Hotel, sending you 3
2024-10-14 14:45:27.654298 Hotel: X-ray, sending you 4
2024-10-14 14:45:27.661695 Hotel: Papa, sending you 3
chatterbot November submitting transactions
chatterbot Lima submitting transactions
chatterbot Mike submitting transactions
chatterbot Tango submitting transactions
chatterbot Golf submitting transactions
chatterbot India submitting transactions
chatterbot Bravo submitting transactions
chatterbot Papa submitting transactions
chatterbot X-ray submitting transactions
chatterbot Hotel submitting transactions
ChatterBot India round 11
ChatterBot Golf round 11
ChatterBot X-ray round 11
ChatterBot November round 11
ChatterBot Tango round 11
ChatterBot Lima round 11
ChatterBot Papa round 11
ChatterBot Bravo round 11
ChatterBot Mike round 11
ChatterBot Hotel round 11
2024-10-14 14:45:29.244882 Hotel: We should drop Tango
2024-10-14 14:45:29.263805 India: No
2024-10-14 14:45:29.263965 Golf: No
2024-10-14 14:45:29.264105 X-ray: No
2024-10-14 14:45:29.264228 November: No
2024-10-14 14:45:29.264350 Lima: No
2024-10-14 14:45:29.264469 Papa: No
2024-10-14 14:45:29.264588 Bravo: No
ChatterBot Hotel reevaluating
ChatterBot Hotel reevaluating
ChatterBot Hotel reevaluating
ChatterBot Hotel reevaluating
ChatterBot Hotel reevaluating
ChatterBot Hotel reevaluating
ChatterBot Hotel reevaluating
2024-10-14 14:45:29.377692 Bravo: India, Golf, X-ray, November, Tango, Papa and Hotel, sending you 2
2024-10-14 14:45:29.379500 Golf: X-ray, November, Tango, Lima, Papa, Bravo and Hotel, sending you 2
2024-10-14 14:45:29.380582 X-ray: India, Golf, Tango, Lima, Papa and Bravo, sending you 2
2024-10-14 14:45:29.381787 November: India, Golf, X-ray, Tango, Papa, Bravo and Hotel, sending you 2
2024-10-14 14:45:29.382885 Tango: Same as last round
2024-10-14 14:45:29.383303 Mike: Tango, Bravo and Hotel, sending you 1
2024-10-14 14:45:29.383859 India: X-ray, November, Papa, Bravo and Hotel, sending you 2
2024-10-14 14:45:29.385206 Bravo: Lima, sending you 3
2024-10-14 14:45:29.386676 X-ray: November, sending you 3
2024-10-14 14:45:29.388570 India: Tango and Lima, sending you 1
2024-10-14 14:45:29.389976 Mike: Papa, sending you 6
2024-10-14 14:45:29.391148 Papa: India, Golf, X-ray, November, Tango, Lima and Bravo, sending you 2
2024-10-14 14:45:29.392307 X-ray: Hotel, sending you 4
2024-10-14 14:45:29.394685 Lima: India, Golf, X-ray, November, Tango and Hotel, sending you 1
2024-10-14 14:45:29.396319 Papa: Hotel, sending you 3
2024-10-14 14:45:29.399674 Lima: Papa, sending you 2
2024-10-14 14:45:29.405659 Lima: Bravo, sending you 3
2024-10-14 14:45:29.407745 Hotel: India, Golf, November, Tango, Lima and Bravo, sending you 2
2024-10-14 14:45:29.412677 Hotel: X-ray, sending you 4
2024-10-14 14:45:29.420687 Hotel: Papa, sending you 3
chatterbot Tango submitting transactions
chatterbot Bravo submitting transactions
chatterbot Golf submitting transactions
chatterbot November submitting transactions
chatterbot Mike submitting transactions
chatterbot Lima submitting transactions
chatterbot Hotel submitting transactions
chatterbot India submitting transactions
chatterbot X-ray submitting transactions
chatterbot Papa submitting transactions
ChatterBot India round 12
ChatterBot Golf round 12
ChatterBot X-ray round 12
ChatterBot November round 12
ChatterBot Tango round 12
