ChatterBot Victor round 1
ChatterBot Foxtrot round 1
ChatterBot Juliett round 1
ChatterBot Quebec round 1
ChatterBot Romeo round 1
ChatterBot India round 1
ChatterBot Whiskey round 1
ChatterBot X-ray round 1
ChatterBot Delta round 1
ChatterBot Bravo round 1
randomSelections Foxtrot: {Foxtrot, Victor, Quebec, India, Whiskey, Bravo} 
2024-10-14 14:45:07.857026 Foxtrot: Friends?
ChatterBot Victor reevaluating
ChatterBot Quebec reevaluating
ChatterBot India reevaluating
ChatterBot Whiskey reevaluating
ChatterBot Bravo reevaluating
2024-10-14 14:45:07.867451 Victor: Yes
2024-10-14 14:45:07.867601 Quebec: Yes
2024-10-14 14:45:07.867757 India: Yes
2024-10-14 14:45:07.867867 Whiskey: Yes
2024-10-14 14:45:07.868374 Bravo: Yes
ChatterBot Quebec reevaluating
ChatterBot India reevaluating
ChatterBot Whiskey reevaluating
ChatterBot Bravo reevaluating
ChatterBot Victor reevaluating
ChatterBot India reevaluating
ChatterBot Whiskey reevaluating
ChatterBot Bravo reevaluating
ChatterBot Victor reevaluating
ChatterBot Quebec reevaluating
ChatterBot Whiskey reevaluating
ChatterBot Bravo reevaluating
ChatterBot Victor reevaluating
ChatterBot Quebec reevaluating
ChatterBot India reevaluating
ChatterBot Bravo reevaluating
ChatterBot Victor reevaluating
ChatterBot Quebec reevaluating
ChatterBot India reevaluating
ChatterBot Whiskey reevaluating
randomSelections Romeo: {Romeo, Foxtrot, Whiskey, Juliett, Delta, Victor} 
2024-10-14 14:45:07.923593 Romeo: Let's form a team
ChatterBot Whiskey reevaluating
ChatterBot Juliett reevaluating
ChatterBot Delta reevaluating
ChatterBot Victor reevaluating
2024-10-14 14:45:07.930212 Foxtrot: No
2024-10-14 14:45:07.930744 Whiskey: No
2024-10-14 14:45:07.930881 Juliett: Yes
2024-10-14 14:45:07.930984 Delta: Yes
2024-10-14 14:45:07.931060 Victor: No
ChatterBot Whiskey reevaluating
ChatterBot Juliett reevaluating
ChatterBot Delta reevaluating
ChatterBot Victor reevaluating
ChatterBot Juliett reevaluating
ChatterBot Delta reevaluating
ChatterBot Victor reevaluating
ChatterBot Whiskey reevaluating
ChatterBot Delta reevaluating
ChatterBot Victor reevaluating
ChatterBot Whiskey reevaluating
ChatterBot Juliett reevaluating
ChatterBot Victor reevaluating
ChatterBot Whiskey reevaluating
ChatterBot Juliett reevaluating
ChatterBot Delta reevaluating
randomSelections X-ray: {X-ray, Juliett, Whiskey, Victor, Romeo, Delta} 
2024-10-14 14:45:07.963772 X-ray: Group up?
ChatterBot Juliett reevaluating
ChatterBot Whiskey reevaluating
ChatterBot Victor reevaluating
ChatterBot Delta reevaluating
2024-10-14 14:45:07.968945 Juliett: No
2024-10-14 14:45:07.969062 Whiskey: No
2024-10-14 14:45:07.969160 Victor: No
2024-10-14 14:45:07.969256 Romeo: No
2024-10-14 14:45:07.969335 Delta: No
ChatterBot Whiskey reevaluating
ChatterBot Victor reevaluating
ChatterBot Delta reevaluating
ChatterBot Juliett reevaluating
ChatterBot Victor reevaluating
ChatterBot Delta reevaluating
ChatterBot Juliett reevaluating
ChatterBot Whiskey reevaluating
ChatterBot Delta reevaluating
ChatterBot Juliett reevaluating
ChatterBot Whiskey reevaluating
ChatterBot Victor reevaluating
ChatterBot Delta reevaluating
ChatterBot Juliett reevaluating
ChatterBot Whiskey reevaluating
ChatterBot Victor reevaluating
2024-10-14 14:45:08.005664 Romeo: Foxtrot and Whiskey, sending you 2
2024-10-14 14:45:08.008660 Romeo: Juliett, sending you 1
2024-10-14 14:45:08.010655 Bravo: Victor, sending you 2
2024-10-14 14:45:08.012693 Quebec: Victor, sending you 7
2024-10-14 14:45:08.013021 Romeo: Delta, sending you 3
2024-10-14 14:45:08.013693 X-ray: Victor, Juliett and Whiskey, sending you 2
2024-10-14 14:45:08.015669 Bravo: Quebec and India, sending you 5
2024-10-14 14:45:08.016002 India: Victor and Quebec, sending you 1
2024-10-14 14:45:08.016232 Quebec: Foxtrot, sending you 4
2024-10-14 14:45:08.016688 Foxtrot: Victor, sending you 4
2024-10-14 14:45:08.017679 X-ray: Romeo, sending you 1
2024-10-14 14:45:08.017961 Delta: Victor, sending you 3
2024-10-14 14:45:08.018679 Juliett: Victor and Delta, sending you 4
2024-10-14 14:45:08.018951 Bravo: Whiskey, sending you 3
2024-10-14 14:45:08.019198 India: Whiskey and Bravo, sending you 3
2024-10-14 14:45:08.019457 Quebec: India and Bravo, sending you 3
2024-10-14 14:45:08.020015 Victor: Foxtrot and Quebec, sending you 3
2024-10-14 14:45:08.020681 Foxtrot: Quebec, sending you 1
2024-10-14 14:45:08.021031 Whiskey: Victor and Quebec, sending you 2
2024-10-14 14:45:08.021684 Delta: Foxtrot, sending you 5
2024-10-14 14:45:08.022674 X-ray: Delta, sending you 3
2024-10-14 14:45:08.023040 Juliett: Romeo, sending you 2
2024-10-14 14:45:08.023368 Quebec: Whiskey, sending you 2
2024-10-14 14:45:08.023750 Victor: India and Whiskey, sending you 2
2024-10-14 14:45:08.024647 Foxtrot: India, sending you 3
2024-10-14 14:45:08.024932 Whiskey: Foxtrot and India, sending you 4
2024-10-14 14:45:08.026682 Delta: Juliett and Romeo, sending you 1
2024-10-14 14:45:08.027091 Victor: Bravo, sending you 1
2024-10-14 14:45:08.027688 Foxtrot: Whiskey, sending you 6
2024-10-14 14:45:08.028044 Whiskey: Bravo, sending you 3
2024-10-14 14:45:08.029657 Delta: Whiskey, sending you 7
2024-10-14 14:45:08.030849 Foxtrot: Bravo, sending you 2
chatterbot Foxtrot submitting transactions
chatterbot Delta submitting transactions
chatterbot Juliett submitting transactions
chatterbot Whiskey submitting transactions
chatterbot India submitting transactions
chatterbot Victor submitting transactions
chatterbot Bravo submitting transactions
chatterbot Romeo submitting transactions
chatterbot Quebec submitting transactions
chatterbot X-ray submitting transactions
ChatterBot Victor round 2
ChatterBot Foxtrot round 2
ChatterBot Juliett round 2
2024-10-14 14:45:14.541708 Victor: We should add Delta
ChatterBot Foxtrot reevaluating
ChatterBot Quebec reevaluating
ChatterBot India reevaluating
ChatterBot Whiskey reevaluating
ChatterBot Bravo reevaluating
2024-10-14 14:45:14.623200 Foxtrot: Yes
2024-10-14 14:45:14.623392 Quebec: No
2024-10-14 14:45:14.624050 India: No
2024-10-14 14:45:14.624226 Whiskey: No
2024-10-14 14:45:14.624383 Bravo: No
ChatterBot Quebec reevaluating
ChatterBot India reevaluating
ChatterBot Whiskey reevaluating
ChatterBot Bravo reevaluating
ChatterBot Foxtrot reevaluating
ChatterBot Victor reevaluating
ChatterBot India reevaluating
ChatterBot Whiskey reevaluating
ChatterBot Bravo reevaluating
ChatterBot Foxtrot reevaluating
ChatterBot Victor reevaluating
ChatterBot Quebec reevaluating
ChatterBot Whiskey reevaluating
ChatterBot Bravo reevaluating
ChatterBot Foxtrot reevaluating
ChatterBot Victor reevaluating
ChatterBot Quebec reevaluating
ChatterBot India reevaluating
ChatterBot Bravo reevaluating
ChatterBot Foxtrot reevaluating
ChatterBot Victor reevaluating
ChatterBot Quebec reevaluating
ChatterBot India reevaluating
ChatterBot Whiskey reevaluating
ChatterBot Quebec round 2
ChatterBot Romeo round 2
ChatterBot India round 2
ChatterBot Whiskey round 2
ChatterBot X-ray round 2
ChatterBot Delta round 2
ChatterBot Bravo round 2
2024-10-14 14:45:14.960107 Juliett: We should group up
ChatterBot Romeo reevaluating
ChatterBot X-ray reevaluating
ChatterBot Delta reevaluating
2024-10-14 14:45:14.972907 Romeo: Yes
2024-10-14 14:45:14.973085 X-ray: Yes
2024-10-14 14:45:14.973229 Delta: Yes
ChatterBot X-ray reevaluating
ChatterBot Delta reevaluating
ChatterBot Romeo reevaluating
ChatterBot Delta reevaluating
ChatterBot Juliett reevaluating
ChatterBot Romeo reevaluating
ChatterBot X-ray reevaluating
2024-10-14 14:45:15.022857 India: We should add X-ray
ChatterBot Foxtrot reevaluating
ChatterBot Victor reevaluating
ChatterBot Whiskey reevaluating
ChatterBot Bravo reevaluating
2024-10-14 14:45:15.050341 Foxtrot: Yes
2024-10-14 14:45:15.050574 Victor: Yes
2024-10-14 14:45:15.051323 Quebec: Yes
2024-10-14 14:45:15.051490 Whiskey: Yes
2024-10-14 14:45:15.051660 Bravo: Yes
ChatterBot Victor reevaluating
ChatterBot Whiskey reevaluating
ChatterBot Bravo reevaluating
ChatterBot Foxtrot reevaluating
ChatterBot Whiskey reevaluating
ChatterBot Bravo reevaluating
ChatterBot Foxtrot reevaluating
ChatterBot Victor reevaluating
ChatterBot Whiskey reevaluating
ChatterBot Bravo reevaluating
ChatterBot Foxtrot reevaluating
ChatterBot Victor reevaluating
ChatterBot Quebec reevaluating
ChatterBot Bravo reevaluating
ChatterBot Foxtrot reevaluating
ChatterBot Victor reevaluating
ChatterBot Quebec reevaluating
ChatterBot Whiskey reevaluating
2024-10-14 14:45:15.157899 Bravo: We should add Juliett
ChatterBot Foxtrot reevaluating
ChatterBot Victor reevaluating
ChatterBot Quebec reevaluating
ChatterBot Whiskey reevaluating
2024-10-14 14:45:15.175648 Foxtrot: Yes
2024-10-14 14:45:15.175784 Victor: No
2024-10-14 14:45:15.175879 Quebec: No
2024-10-14 14:45:15.175964 India: No
2024-10-14 14:45:15.176059 Whiskey: Yes
ChatterBot Victor reevaluating
ChatterBot Quebec reevaluating
ChatterBot Whiskey reevaluating
ChatterBot Bravo reevaluating
ChatterBot Foxtrot reevaluating
ChatterBot Quebec reevaluating
ChatterBot Whiskey reevaluating
ChatterBot Bravo reevaluating
ChatterBot Foxtrot reevaluating
ChatterBot Victor reevaluating
ChatterBot Whiskey reevaluating
ChatterBot Bravo reevaluating
ChatterBot Foxtrot reevaluating
ChatterBot Victor reevaluating
ChatterBot Quebec reevaluating
ChatterBot Whiskey reevaluating
ChatterBot Bravo reevaluating
ChatterBot Foxtrot reevaluating
ChatterBot Victor reevaluating
ChatterBot Quebec reevaluating
ChatterBot Bravo reevaluating
2024-10-14 14:45:15.364160 India: X-ray we want you to join our group
2024-10-14 14:45:15.368774 X-ray: No
ChatterBot Victor reevaluating
ChatterBot Foxtrot reevaluating
ChatterBot Quebec reevaluating
ChatterBot Whiskey reevaluating
ChatterBot Bravo reevaluating
2024-10-14 14:45:15.404078 Whiskey: Delta we want you to join our group
2024-10-14 14:45:15.407508 Delta: No
ChatterBot Victor reevaluating
ChatterBot Foxtrot reevaluating
ChatterBot Quebec reevaluating
ChatterBot Bravo reevaluating
2024-10-14 14:45:15.430678 Bravo: We should add Romeo
ChatterBot Foxtrot reevaluating
ChatterBot Victor reevaluating
ChatterBot Quebec reevaluating
ChatterBot Whiskey reevaluating
2024-10-14 14:45:15.451233 Foxtrot: Yes
2024-10-14 14:45:15.451796 Victor: No
2024-10-14 14:45:15.451925 Quebec: No
2024-10-14 14:45:15.452039 India: No
2024-10-14 14:45:15.452147 Whiskey: Yes
ChatterBot Victor reevaluating
ChatterBot Quebec reevaluating
ChatterBot Whiskey reevaluating
ChatterBot Bravo reevaluating
ChatterBot Foxtrot reevaluating
ChatterBot Quebec reevaluating
ChatterBot Whiskey reevaluating
ChatterBot Bravo reevaluating
ChatterBot Foxtrot reevaluating
ChatterBot Victor reevaluating
ChatterBot Whiskey reevaluating
ChatterBot Bravo reevaluating
ChatterBot Foxtrot reevaluating
ChatterBot Victor reevaluating
ChatterBot Quebec reevaluating
ChatterBot Whiskey reevaluating
ChatterBot Bravo reevaluating
ChatterBot Foxtrot reevaluating
ChatterBot Victor reevaluating
ChatterBot Quebec reevaluating
ChatterBot Bravo reevaluating
2024-10-14 14:45:15.593067 Juliett: Sending you each 5
2024-10-14 14:45:15.604165 X-ray: Juliett, sending you 4
2024-10-14 14:45:15.604541 Quebec: X-ray we want you to join our group
2024-10-14 14:45:15.610210 X-ray: No
ChatterBot Victor reevaluating
2024-10-14 14:45:15.640610 Delta: Juliett and Romeo, sending you 6
2024-10-14 14:45:15.641496 India: Victor, sending you 1
2024-10-14 14:45:15.641944 Bravo: X-ray we want you to join our group
2024-10-14 14:45:15.647563 X-ray: No
ChatterBot Victor reevaluating
2024-10-14 14:45:15.723187 Romeo: Juliett, Quebec, X-ray and Delta, sending you 3
2024-10-14 14:45:15.730908 X-ray: Romeo and Delta, sending you 3
2024-10-14 14:45:15.732457 Delta: X-ray, sending you 5
2024-10-14 14:45:15.733196 India: Foxtrot, Quebec, Whiskey and Bravo, sending you 2
chatterbot X-ray submitting transactions
2024-10-14 14:45:15.734876 Foxtrot: Victor and Romeo, sending you 2
2024-10-14 14:45:15.755991 Foxtrot: Juliett, India and Bravo, sending you 1
2024-10-14 14:45:15.763209 Victor: Foxtrot, India, Whiskey and Bravo, sending you 2
2024-10-14 14:45:15.764053 Whiskey: Victor, sending you 2
2024-10-14 14:45:15.765089 Foxtrot: Quebec, Whiskey and Delta, sending you 3
2024-10-14 14:45:15.765768 Quebec: Victor, sending you 4
2024-10-14 14:45:15.766300 Bravo: Victor, sending you 2
2024-10-14 14:45:15.769465 Victor: Quebec, sending you 3
2024-10-14 14:45:15.770316 Whiskey: Foxtrot and Delta, sending you 4
2024-10-14 14:45:15.771795 Quebec: Foxtrot and India, sending you 2
2024-10-14 14:45:15.772946 Bravo: Foxtrot, sending you 3
2024-10-14 14:45:15.777338 Quebec: Whiskey, sending you 3
2024-10-14 14:45:15.778402 Bravo: Quebec, sending you 5
2024-10-14 14:45:15.779360 Whiskey: Quebec, sending you 1
2024-10-14 14:45:15.789457 Quebec: X-ray, sending you 1
2024-10-14 14:45:15.790416 Bravo: India and Whiskey, sending you 4
2024-10-14 14:45:15.792178 Whiskey: India and Bravo, sending you 3
2024-10-14 14:45:15.793827 Quebec: Bravo, sending you 7
2024-10-14 14:45:15.799553 Bravo: X-ray, sending you 1
chatterbot Juliett submitting transactions
chatterbot Romeo submitting transactions
chatterbot Victor submitting transactions
chatterbot India submitting transactions
chatterbot Delta submitting transactions
chatterbot Whiskey submitting transactions
chatterbot Foxtrot submitting transactions
chatterbot Quebec submitting transactions
chatterbot Bravo submitting transactions
ChatterBot Victor round 3
ChatterBot Foxtrot round 3
ChatterBot Juliett round 3
ChatterBot Quebec round 3
ChatterBot Romeo round 3
ChatterBot India round 3
ChatterBot Whiskey round 3
ChatterBot X-ray round 3
ChatterBot Delta round 3
ChatterBot Bravo round 3
2024-10-14 14:45:16.796938 Juliett: We should add X-ray
ChatterBot Romeo reevaluating
2024-10-14 14:45:16.809196 Romeo: Yes
2024-10-14 14:45:16.809897 Delta: Yes
ChatterBot Romeo reevaluating
2024-10-14 14:45:16.834320 Romeo: We should replace Quebec with Bravo
2024-10-14 14:45:16.847656 Juliett: No
2024-10-14 14:45:16.847790 X-ray: No
2024-10-14 14:45:16.848425 Delta: No
ChatterBot Romeo reevaluating
ChatterBot Romeo reevaluating
ChatterBot Romeo reevaluating
2024-10-14 14:45:16.900837 Juliett: X-ray we want you to join our group
2024-10-14 14:45:16.905988 X-ray: Yes
ChatterBot Romeo reevaluating
2024-10-14 14:45:16.920080 Romeo: We should replace Quebec with Foxtrot
2024-10-14 14:45:16.932434 Juliett: No
2024-10-14 14:45:16.932634 X-ray: No
2024-10-14 14:45:16.932786 Delta: No
ChatterBot Romeo reevaluating
ChatterBot Romeo reevaluating
ChatterBot Romeo reevaluating
2024-10-14 14:45:16.974460 Quebec: We should drop X-ray
ChatterBot Bravo reevaluating
2024-10-14 14:45:16.997518 Foxtrot: Yes
2024-10-14 14:45:16.997754 Victor: Yes
2024-10-14 14:45:16.997936 India: Yes
2024-10-14 14:45:16.998104 Whiskey: Yes
2024-10-14 14:45:16.998666 Bravo: Yes
ChatterBot Whiskey reevaluating
ChatterBot Bravo reevaluating
ChatterBot Whiskey reevaluating
ChatterBot Bravo reevaluating
ChatterBot Whiskey reevaluating
ChatterBot Bravo reevaluating
ChatterBot India reevaluating
ChatterBot Bravo reevaluating
ChatterBot Foxtrot reevaluating
ChatterBot India reevaluating
ChatterBot Whiskey reevaluating
2024-10-14 14:45:17.165794 India: We should replace X-ray with Romeo
ChatterBot Foxtrot reevaluating
ChatterBot Whiskey reevaluating
ChatterBot Bravo reevaluating
2024-10-14 14:45:17.182516 Foxtrot: Yes
2024-10-14 14:45:17.182735 Victor: No
2024-10-14 14:45:17.182845 Quebec: No
2024-10-14 14:45:17.183528 Whiskey: No
2024-10-14 14:45:17.183684 Bravo: No
ChatterBot India reevaluating
ChatterBot Whiskey reevaluating
ChatterBot Bravo reevaluating
ChatterBot Foxtrot reevaluating
ChatterBot India reevaluating
ChatterBot Whiskey reevaluating
ChatterBot Bravo reevaluating
ChatterBot Foxtrot reevaluating
ChatterBot India reevaluating
ChatterBot Whiskey reevaluating
ChatterBot Bravo reevaluating
ChatterBot Foxtrot reevaluating
ChatterBot India reevaluating
ChatterBot Bravo reevaluating
ChatterBot Foxtrot reevaluating
ChatterBot India reevaluating
ChatterBot Whiskey reevaluating
2024-10-14 14:45:17.267592 Romeo: Foxtrot we want you to join our group
ChatterBot Foxtrot reevaluating
2024-10-14 14:45:17.271506 Foxtrot: Yes
ChatterBot Delta reevaluating
2024-10-14 14:45:17.283563 Victor: Foxtrot, India, Whiskey and Bravo, sending you 2
2024-10-14 14:45:17.285008 Whiskey: We should drop Delta
ChatterBot Foxtrot reevaluating
ChatterBot India reevaluating
ChatterBot Bravo reevaluating
2024-10-14 14:45:17.299876 Foxtrot: Yes
2024-10-14 14:45:17.300071 Victor: Yes
2024-10-14 14:45:17.300176 Quebec: Yes
2024-10-14 14:45:17.300290 India: Yes
2024-10-14 14:45:17.300402 Bravo: Yes
ChatterBot India reevaluating
ChatterBot Bravo reevaluating
ChatterBot Foxtrot reevaluating
ChatterBot India reevaluating
ChatterBot Bravo reevaluating
ChatterBot Foxtrot reevaluating
ChatterBot India reevaluating
ChatterBot Bravo reevaluating
ChatterBot Foxtrot reevaluating
ChatterBot Bravo reevaluating
ChatterBot Foxtrot reevaluating
ChatterBot India reevaluating
2024-10-14 14:45:17.377855 X-ray: Juliett and Romeo, sending you 3
2024-10-14 14:45:17.378398 India: We should replace X-ray with Juliett
ChatterBot Foxtrot reevaluating
ChatterBot Whiskey reevaluating
ChatterBot Bravo reevaluating
2024-10-14 14:45:17.395292 Foxtrot: No
2024-10-14 14:45:17.395437 Victor: No
2024-10-14 14:45:17.395567 Quebec: No
2024-10-14 14:45:17.396171 Whiskey: No
2024-10-14 14:45:17.396304 Bravo: Yes
ChatterBot India reevaluating
ChatterBot Whiskey reevaluating
ChatterBot Bravo reevaluating
ChatterBot Foxtrot reevaluating
ChatterBot India reevaluating
ChatterBot Whiskey reevaluating
ChatterBot Bravo reevaluating
ChatterBot Foxtrot reevaluating
ChatterBot India reevaluating
ChatterBot Whiskey reevaluating
ChatterBot Bravo reevaluating
ChatterBot Foxtrot reevaluating
ChatterBot India reevaluating
ChatterBot Bravo reevaluating
ChatterBot Foxtrot reevaluating
ChatterBot India reevaluating
ChatterBot Whiskey reevaluating
2024-10-14 14:45:17.477760 Victor: Quebec, sending you 3
2024-10-14 14:45:17.478959 Juliett: Romeo and X-ray, sending you 3
2024-10-14 14:45:17.479361 X-ray: Delta, sending you 4
2024-10-14 14:45:17.480876 Bravo: Juliett we want you to join our group
2024-10-14 14:45:17.486231 Juliett: No
ChatterBot Bravo reevaluating
ChatterBot Foxtrot reevaluating
ChatterBot India reevaluating
ChatterBot Whiskey reevaluating
2024-10-14 14:45:17.514206 Quebec: Victor, sending you 5
2024-10-14 14:45:17.514998 Juliett: Delta, sending you 4
2024-10-14 14:45:17.515943 Romeo: Foxtrot, Juliett, X-ray and Delta, sending you 3
2024-10-14 14:45:17.516597 Delta: Foxtrot, Romeo and X-ray, sending you 4
2024-10-14 14:45:17.518665 India: Juliett we want you to join our group
2024-10-14 14:45:17.522748 Juliett: No
ChatterBot Foxtrot reevaluating
ChatterBot India reevaluating
2024-10-14 14:45:17.542730 Quebec: Foxtrot and India, sending you 3
2024-10-14 14:45:17.544048 Delta: Juliett, sending you 5
2024-10-14 14:45:17.546665 Quebec: Whiskey, sending you 2
2024-10-14 14:45:17.550680 Quebec: Bravo, sending you 6
2024-10-14 14:45:17.552035 India: Romeo we want you to join our group
2024-10-14 14:45:17.557138 Romeo: No
ChatterBot India reevaluating
ChatterBot Foxtrot reevaluating
ChatterBot Bravo reevaluating
2024-10-14 14:45:17.639718 Whiskey: Victor, Quebec and India, sending you 3
2024-10-14 14:45:17.646671 Whiskey: Foxtrot and Bravo, sending you 4
2024-10-14 14:45:17.662094 Bravo: Victor and India, sending you 3
2024-10-14 14:45:17.663040 Foxtrot: Victor, Quebec, India, Delta and Bravo, sending you 2
2024-10-14 14:45:17.667680 Bravo: Foxtrot, sending you 2
2024-10-14 14:45:17.669235 Foxtrot: Juliett, Romeo and X-ray, sending you 1
2024-10-14 14:45:17.670689 India: Victor, Foxtrot, Juliett and Quebec, sending you 1
2024-10-14 14:45:17.672676 Bravo: Juliett, sending you 1
2024-10-14 14:45:17.674337 Foxtrot: Whiskey, sending you 3
2024-10-14 14:45:17.676338 India: Whiskey, sending you 2
2024-10-14 14:45:17.677123 Bravo: Quebec, sending you 6
2024-10-14 14:45:17.679693 India: Bravo, sending you 3
2024-10-14 14:45:17.681668 Bravo: Whiskey, sending you 4
chatterbot Romeo submitting transactions
chatterbot Delta submitting transactions
chatterbot X-ray submitting transactions
chatterbot Foxtrot submitting transactions
chatterbot Victor submitting transactions
chatterbot Quebec submitting transactions
chatterbot Juliett submitting transactions
chatterbot Bravo submitting transactions
chatterbot India submitting transactions
chatterbot Whiskey submitting transactions
ChatterBot Victor round 4
ChatterBot Foxtrot round 4
ChatterBot Juliett round 4
ChatterBot Quebec round 4
ChatterBot Romeo round 4
ChatterBot India round 4
ChatterBot Whiskey round 4
ChatterBot X-ray round 4
ChatterBot Delta round 4
ChatterBot Bravo round 4
2024-10-14 14:45:18.723482 Whiskey: Victor, Quebec and India, sending you 3
2024-10-14 14:45:18.725602 Foxtrot: Victor and Quebec, sending you 3
2024-10-14 14:45:18.726588 India: Victor, Foxtrot and Juliett, sending you 1
2024-10-14 14:45:18.728174 Delta: Foxtrot, Romeo and X-ray, sending you 4
2024-10-14 14:45:18.729264 Romeo: Foxtrot, sending you 4
2024-10-14 14:45:18.730010 Victor: Foxtrot, India, Whiskey and Bravo, sending you 2
2024-10-14 14:45:18.731609 Quebec: Victor, sending you 4
2024-10-14 14:45:18.733316 Whiskey: Foxtrot and Bravo, sending you 4
2024-10-14 14:45:18.735070 Foxtrot: Romeo, India and Bravo, sending you 2
2024-10-14 14:45:18.735960 India: Quebec, Whiskey and Bravo, sending you 2
2024-10-14 14:45:18.737272 Romeo: Juliett, X-ray and Delta, sending you 3
2024-10-14 14:45:18.737927 Delta: Juliett, sending you 5
2024-10-14 14:45:18.739154 Juliett: Romeo and X-ray, sending you 3
2024-10-14 14:45:18.739759 X-ray: Foxtrot and Juliett, sending you 2
2024-10-14 14:45:18.740345 Bravo: Victor and India, sending you 3
2024-10-14 14:45:18.742059 Victor: Quebec, sending you 3
2024-10-14 14:45:18.742980 Quebec: Foxtrot and Whiskey, sending you 3
2024-10-14 14:45:18.744838 Foxtrot: Whiskey, sending you 4
2024-10-14 14:45:18.745625 Juliett: Delta, sending you 4
2024-10-14 14:45:18.746671 X-ray: Romeo and Delta, sending you 3
2024-10-14 14:45:18.747201 Bravo: Foxtrot, sending you 2
2024-10-14 14:45:18.749684 Quebec: India, sending you 2
2024-10-14 14:45:18.751677 Bravo: Juliett, sending you 1
2024-10-14 14:45:18.757087 Quebec: Bravo, sending you 7
2024-10-14 14:45:18.760417 Bravo: Quebec, sending you 6
2024-10-14 14:45:18.764666 Bravo: Whiskey, sending you 4
chatterbot Whiskey submitting transactions
chatterbot X-ray submitting transactions
chatterbot Victor submitting transactions
chatterbot Romeo submitting transactions
chatterbot Quebec submitting transactions
chatterbot Foxtrot submitting transactions
chatterbot Delta submitting transactions
chatterbot Bravo submitting transactions
chatterbot Juliett submitting transactions
chatterbot India submitting transactions
ChatterBot Victor round 5
ChatterBot Foxtrot round 5
ChatterBot Juliett round 5
ChatterBot Quebec round 5
ChatterBot Romeo round 5
ChatterBot India round 5
ChatterBot Whiskey round 5
ChatterBot X-ray round 5
ChatterBot Delta round 5
ChatterBot Bravo round 5
2024-10-14 14:45:19.829493 India: We should replace Juliett with Romeo
ChatterBot Bravo reevaluating
2024-10-14 14:45:19.844647 Foxtrot: Yes
2024-10-14 14:45:19.844807 Victor: No
2024-10-14 14:45:19.844926 Quebec: No
2024-10-14 14:45:19.845052 Whiskey: No
2024-10-14 14:45:19.845165 Bravo: Yes
ChatterBot Bravo reevaluating
ChatterBot Bravo reevaluating
ChatterBot Bravo reevaluating
ChatterBot Bravo reevaluating
2024-10-14 14:45:19.919442 India: Romeo we want you to join our group
2024-10-14 14:45:19.923738 Romeo: No
ChatterBot India reevaluating
ChatterBot Bravo reevaluating
2024-10-14 14:45:19.943020 Victor: Foxtrot, India, Whiskey and Bravo, sending you 2
2024-10-14 14:45:19.945660 Victor: Quebec, sending you 3
2024-10-14 14:45:19.946988 Bravo: Romeo we want you to join our group
2024-10-14 14:45:19.950263 Romeo: No
ChatterBot India reevaluating
ChatterBot Bravo reevaluating
2024-10-14 14:45:19.968211 Quebec: Victor, sending you 4
2024-10-14 14:45:19.968773 Foxtrot: Victor, Quebec and Romeo, sending you 3
2024-10-14 14:45:19.969584 Whiskey: Victor, Quebec and India, sending you 3
2024-10-14 14:45:19.970748 Romeo: Foxtrot, sending you 4
2024-10-14 14:45:19.971123 Juliett: Romeo and X-ray, sending you 3
2024-10-14 14:45:19.971675 Quebec: Foxtrot and Whiskey, sending you 3
2024-10-14 14:45:19.972699 Whiskey: Foxtrot and Bravo, sending you 4
2024-10-14 14:45:19.974022 Foxtrot: India, sending you 1
2024-10-14 14:45:19.974763 X-ray: Foxtrot and Juliett, sending you 2
2024-10-14 14:45:19.975522 Bravo: We should drop Juliett
ChatterBot India reevaluating
2024-10-14 14:45:19.995519 Foxtrot: Yes
2024-10-14 14:45:19.995728 Victor: Yes
2024-10-14 14:45:19.995966 Quebec: Yes
2024-10-14 14:45:19.996125 India: Yes
2024-10-14 14:45:19.996283 Whiskey: Yes
ChatterBot India reevaluating
ChatterBot Bravo reevaluating
ChatterBot India reevaluating
ChatterBot Bravo reevaluating
ChatterBot India reevaluating
ChatterBot Bravo reevaluating
ChatterBot Bravo reevaluating
ChatterBot India reevaluating
ChatterBot Bravo reevaluating
2024-10-14 14:45:20.064945 Delta: Juliett and X-ray, sending you 6
2024-10-14 14:45:20.065443 Romeo: Juliett, X-ray and Delta, sending you 3
2024-10-14 14:45:20.065929 Juliett: Delta, sending you 4
2024-10-14 14:45:20.066701 Quebec: India, sending you 2
2024-10-14 14:45:20.067551 Foxtrot: Whiskey, sending you 4
2024-10-14 14:45:20.068300 X-ray: Romeo and Delta, sending you 3
2024-10-14 14:45:20.069429 Delta: Romeo, sending you 5
2024-10-14 14:45:20.070844 Quebec: Bravo, sending you 7
2024-10-14 14:45:20.072379 Foxtrot: Bravo, sending you 2
2024-10-14 14:45:20.090671 Bravo: Victor, Foxtrot and India, sending you 3
chatterbot Whiskey submitting transactions
2024-10-14 14:45:20.095788 Bravo: Quebec, sending you 6
2024-10-14 14:45:20.099941 Bravo: Whiskey, sending you 4
2024-10-14 14:45:20.100656 India: Victor, Quebec, Whiskey and Bravo, sending you 2
2024-10-14 14:45:20.105673 India: Foxtrot, sending you 1
chatterbot Foxtrot submitting transactions
chatterbot Romeo submitting transactions
chatterbot Quebec submitting transactions
chatterbot Bravo submitting transactions
chatterbot India submitting transactions
chatterbot Juliett submitting transactions
chatterbot Victor submitting transactions
chatterbot X-ray submitting transactions
chatterbot Delta submitting transactions
ChatterBot Victor round 6
ChatterBot Foxtrot round 6
ChatterBot Juliett round 6
ChatterBot Quebec round 6
ChatterBot Romeo round 6
ChatterBot India round 6
ChatterBot Whiskey round 6
ChatterBot X-ray round 6
ChatterBot Delta round 6
ChatterBot Bravo round 6
2024-10-14 14:45:20.984669 Quebec: Victor, sending you 4
2024-10-14 14:45:20.988659 Quebec: Foxtrot, India and Whiskey, sending you 3
2024-10-14 14:45:20.991041 Foxtrot: Victor, Quebec, Romeo and Whiskey, sending you 3
2024-10-14 14:45:20.992128 Juliett: Romeo and X-ray, sending you 3
2024-10-14 14:45:20.992708 Quebec: Bravo, sending you 6
2024-10-14 14:45:20.994051 India: Victor, Quebec, Whiskey and Bravo, sending you 2
2024-10-14 14:45:20.994932 Romeo: Foxtrot, sending you 4
2024-10-14 14:45:20.996910 Foxtrot: India and Bravo, sending you 2
2024-10-14 14:45:20.997468 Juliett: Delta, sending you 4
2024-10-14 14:45:20.998662 Victor: Foxtrot, India, Whiskey and Bravo, sending you 2
2024-10-14 14:45:20.999680 Romeo: Juliett, X-ray and Delta, sending you 3
2024-10-14 14:45:21.000065 India: Foxtrot, sending you 1
2024-10-14 14:45:21.000495 Bravo: Victor, Foxtrot and India, sending you 3
2024-10-14 14:45:21.001138 Delta: Foxtrot, Romeo and X-ray, sending you 4
2024-10-14 14:45:21.001723 X-ray: Foxtrot, sending you 1
2024-10-14 14:45:21.002699 Whiskey: Victor, Quebec and India, sending you 3
2024-10-14 14:45:21.004858 Victor: Quebec, sending you 3
2024-10-14 14:45:21.005740 Bravo: Quebec, sending you 6
2024-10-14 14:45:21.006540 X-ray: Juliett, Romeo and Delta, sending you 3
2024-10-14 14:45:21.006973 Whiskey: Foxtrot and Bravo, sending you 4
2024-10-14 14:45:21.008156 Delta: Juliett, sending you 5
2024-10-14 14:45:21.010053 Bravo: Whiskey, sending you 4
chatterbot Romeo submitting transactions
chatterbot Whiskey submitting transactions
chatterbot Victor submitting transactions
chatterbot Delta submitting transactions
chatterbot Foxtrot submitting transactions
chatterbot Quebec submitting transactions
chatterbot Juliett submitting transactions
chatterbot X-ray submitting transactions
chatterbot Bravo submitting transactions
chatterbot India submitting transactions
ChatterBot Victor round 7
ChatterBot Foxtrot round 7
ChatterBot Juliett round 7
ChatterBot Quebec round 7
ChatterBot Romeo round 7
ChatterBot India round 7
ChatterBot Whiskey round 7
ChatterBot X-ray round 7
ChatterBot Delta round 7
ChatterBot Bravo round 7
2024-10-14 14:45:22.257421 Bravo: We should add Romeo
2024-10-14 14:45:22.279502 Foxtrot: Yes
2024-10-14 14:45:22.279714 Victor: No
2024-10-14 14:45:22.279885 Quebec: No
2024-10-14 14:45:22.280058 India: Yes
2024-10-14 14:45:22.280242 Whiskey: No
ChatterBot Bravo reevaluating
ChatterBot Bravo reevaluating
ChatterBot Bravo reevaluating
2024-10-14 14:45:22.379680 Foxtrot: Victor, Quebec, Romeo, Whiskey and Bravo, sending you 3
2024-10-14 14:45:22.381438 India: Victor, Quebec, Whiskey and Bravo, sending you 2
2024-10-14 14:45:22.383682 Foxtrot: India, sending you 1
2024-10-14 14:45:22.385716 X-ray: Juliett and Romeo, sending you 3
2024-10-14 14:45:22.386679 India: Foxtrot, sending you 1
2024-10-14 14:45:22.388682 Victor: Foxtrot, India, Whiskey and Bravo, sending you 2
2024-10-14 14:45:22.390495 Juliett: Romeo and X-ray, sending you 3
2024-10-14 14:45:22.391129 X-ray: Delta, sending you 4
2024-10-14 14:45:22.392274 Delta: Juliett and Romeo, sending you 6
2024-10-14 14:45:22.394684 Victor: Quebec, sending you 3
2024-10-14 14:45:22.395697 Juliett: Delta, sending you 4
2024-10-14 14:45:22.396800 Bravo: Victor, Foxtrot and India, sending you 3
2024-10-14 14:45:22.397500 Romeo: Foxtrot, sending you 4
2024-10-14 14:45:22.397780 Delta: X-ray, sending you 5
2024-10-14 14:45:22.398055 Whiskey: Victor, Quebec and India, sending you 3
2024-10-14 14:45:22.400659 Bravo: Quebec, sending you 6
2024-10-14 14:45:22.401666 Quebec: Victor, sending you 4
2024-10-14 14:45:22.402671 Romeo: Juliett, X-ray and Delta, sending you 3
2024-10-14 14:45:22.402995 Whiskey: Foxtrot and Bravo, sending you 4
2024-10-14 14:45:22.404677 Bravo: Whiskey, sending you 4
2024-10-14 14:45:22.405670 Quebec: Foxtrot, India and Whiskey, sending you 3
2024-10-14 14:45:22.411675 Quebec: Bravo, sending you 6
chatterbot Whiskey submitting transactions
chatterbot Delta submitting transactions
chatterbot Victor submitting transactions
chatterbot Foxtrot submitting transactions
chatterbot Juliett submitting transactions
chatterbot Bravo submitting transactions
chatterbot India submitting transactions
chatterbot Romeo submitting transactions
chatterbot X-ray submitting transactions
chatterbot Quebec submitting transactions
ChatterBot Victor round 8
ChatterBot Foxtrot round 8
ChatterBot Juliett round 8
ChatterBot Quebec round 8
ChatterBot Romeo round 8
ChatterBot India round 8
ChatterBot Whiskey round 8
ChatterBot X-ray round 8
ChatterBot Delta round 8
ChatterBot Bravo round 8
2024-10-14 14:45:23.362727 Foxtrot: Victor, Quebec, Romeo, Whiskey and Bravo, sending you 3
2024-10-14 14:45:23.364017 X-ray: Juliett and Romeo, sending you 3
2024-10-14 14:45:23.364685 Juliett: Romeo and X-ray, sending you 3
2024-10-14 14:45:23.366685 Romeo: Foxtrot, sending you 4
2024-10-14 14:45:23.368022 Foxtrot: India, sending you 1
2024-10-14 14:45:23.368769 X-ray: Delta, sending you 4
2024-10-14 14:45:23.369577 Delta: Juliett and X-ray, sending you 6
2024-10-14 14:45:23.369987 Victor: Foxtrot, India, Whiskey and Bravo, sending you 2
2024-10-14 14:45:23.371697 Juliett: Delta, sending you 4
2024-10-14 14:45:23.372672 Romeo: Juliett and X-ray, sending you 3
2024-10-14 14:45:23.373548 Delta: Romeo, sending you 5
2024-10-14 14:45:23.374689 Victor: Quebec, sending you 3
2024-10-14 14:45:23.376309 Bravo: Victor, Foxtrot and India, sending you 3
2024-10-14 14:45:23.377842 Quebec: Victor and Foxtrot, sending you 4
2024-10-14 14:45:23.379185 India: Victor, Quebec, Whiskey and Bravo, sending you 2
2024-10-14 14:45:23.379804 Romeo: Delta, sending you 2
2024-10-14 14:45:23.381676 Bravo: Quebec, sending you 6
2024-10-14 14:45:23.383871 Quebec: India, sending you 2
2024-10-14 14:45:23.385846 India: Foxtrot, sending you 1
2024-10-14 14:45:23.387913 Whiskey: Victor, Quebec and India, sending you 3
2024-10-14 14:45:23.390054 Bravo: Whiskey, sending you 4
2024-10-14 14:45:23.392298 Quebec: Whiskey, sending you 3
2024-10-14 14:45:23.394003 Whiskey: Foxtrot and Bravo, sending you 4
2024-10-14 14:45:23.398155 Quebec: Bravo, sending you 6
chatterbot Juliett submitting transactions
chatterbot Victor submitting transactions
chatterbot Foxtrot submitting transactions
chatterbot X-ray submitting transactions
chatterbot Whiskey submitting transactions
chatterbot Romeo submitting transactions
chatterbot India submitting transactions
chatterbot Delta submitting transactions
chatterbot Bravo submitting transactions
chatterbot Quebec submitting transactions
ChatterBot Victor round 9
ChatterBot Foxtrot round 9
ChatterBot Juliett round 9
ChatterBot Quebec round 9
ChatterBot Romeo round 9
ChatterBot India round 9
ChatterBot Whiskey round 9
ChatterBot X-ray round 9
ChatterBot Delta round 9
ChatterBot Bravo round 9
2024-10-14 14:45:24.619296 Bravo: We should add Romeo
2024-10-14 14:45:24.637875 Foxtrot: Yes
2024-10-14 14:45:24.638073 Victor: No
2024-10-14 14:45:24.639030 Quebec: No
2024-10-14 14:45:24.639318 India: Yes
2024-10-14 14:45:24.639697 Whiskey: No
ChatterBot Bravo reevaluating
ChatterBot Bravo reevaluating
ChatterBot Bravo reevaluating
ChatterBot Bravo reevaluating
ChatterBot Bravo reevaluating
2024-10-14 14:45:24.758766 Juliett: Romeo and X-ray, sending you 3
2024-10-14 14:45:24.759665 Foxtrot: Victor and India, sending you 2
2024-10-14 14:45:24.762835 India: Victor, Quebec, Whiskey and Bravo, sending you 2
2024-10-14 14:45:24.764134 Delta: Juliett and X-ray, sending you 6
2024-10-14 14:45:24.765495 X-ray: Foxtrot, sending you 1
2024-10-14 14:45:24.767027 Victor: Foxtrot, India, Whiskey and Bravo, sending you 2
2024-10-14 14:45:24.769314 Juliett: Delta, sending you 4
2024-10-14 14:45:24.770011 Foxtrot: Quebec, Romeo, Whiskey and Bravo, sending you 3
2024-10-14 14:45:24.772765 India: Foxtrot, sending you 1
2024-10-14 14:45:24.775698 Quebec: Victor and Foxtrot, sending you 4
2024-10-14 14:45:24.777487 Whiskey: Victor, Quebec and India, sending you 3
2024-10-14 14:45:24.780298 Romeo: Foxtrot, sending you 4
2024-10-14 14:45:24.782509 Bravo: Victor, Foxtrot and India, sending you 3
2024-10-14 14:45:24.785196 Delta: Romeo, sending you 5
2024-10-14 14:45:24.786790 X-ray: Juliett, Romeo and Delta, sending you 3
2024-10-14 14:45:24.788091 Victor: Quebec, sending you 3
2024-10-14 14:45:24.790430 Quebec: India, sending you 2
2024-10-14 14:45:24.792928 Whiskey: Foxtrot and Bravo, sending you 4
2024-10-14 14:45:24.796433 Romeo: Juliett and X-ray, sending you 3
2024-10-14 14:45:24.797716 Bravo: Quebec, sending you 6
2024-10-14 14:45:24.800679 Quebec: Whiskey, sending you 3
2024-10-14 14:45:24.804152 Romeo: Delta, sending you 2
2024-10-14 14:45:24.805892 Bravo: Whiskey, sending you 4
2024-10-14 14:45:24.808997 Quebec: Bravo, sending you 6
chatterbot Romeo submitting transactions
chatterbot Whiskey submitting transactions
chatterbot Foxtrot submitting transactions
chatterbot X-ray submitting transactions
chatterbot Delta submitting transactions
chatterbot India submitting transactions
chatterbot Victor submitting transactions
chatterbot Quebec submitting transactions
chatterbot Juliett submitting transactions
chatterbot Bravo submitting transactions
ChatterBot Victor round 10
ChatterBot Foxtrot round 10
ChatterBot Juliett round 10
ChatterBot Quebec round 10
ChatterBot Romeo round 10
ChatterBot India round 10
ChatterBot Whiskey round 10
ChatterBot X-ray round 10
ChatterBot Delta round 10
ChatterBot Bravo round 10
2024-10-14 14:45:25.853328 India: We should replace Romeo with X-ray
ChatterBot Foxtrot reevaluating
2024-10-14 14:45:25.863008 Foxtrot: Yes
2024-10-14 14:45:25.863155 Victor: No
2024-10-14 14:45:25.863270 Quebec: No
2024-10-14 14:45:25.863398 Whiskey: No
2024-10-14 14:45:25.863514 Bravo: No
ChatterBot Foxtrot reevaluating
ChatterBot India reevaluating
ChatterBot Foxtrot reevaluating
ChatterBot India reevaluating
ChatterBot Bravo reevaluating
ChatterBot Foxtrot reevaluating
ChatterBot India reevaluating
ChatterBot Bravo reevaluating
ChatterBot Foxtrot reevaluating
ChatterBot India reevaluating
2024-10-14 14:45:25.933692 Victor: Foxtrot, India, Whiskey and Bravo, sending you 2
2024-10-14 14:45:25.937721 Foxtrot: X-ray we want you to join our group
2024-10-14 14:45:25.942103 X-ray: No
ChatterBot India reevaluating
ChatterBot Foxtrot reevaluating
ChatterBot Bravo reevaluating
2024-10-14 14:45:25.963004 Bravo: We should add X-ray
ChatterBot Foxtrot reevaluating
ChatterBot India reevaluating
2024-10-14 14:45:25.979074 Foxtrot: Yes
2024-10-14 14:45:25.979267 Victor: Yes
2024-10-14 14:45:25.979426 Quebec: Yes
2024-10-14 14:45:25.979962 India: Yes
2024-10-14 14:45:25.980140 Whiskey: Yes
ChatterBot India reevaluating
ChatterBot Bravo reevaluating
ChatterBot Foxtrot reevaluating
ChatterBot India reevaluating
ChatterBot Whiskey reevaluating
ChatterBot Bravo reevaluating
ChatterBot Foxtrot reevaluating
ChatterBot India reevaluating
ChatterBot Whiskey reevaluating
ChatterBot Bravo reevaluating
ChatterBot Foxtrot reevaluating
ChatterBot Whiskey reevaluating
ChatterBot Bravo reevaluating
ChatterBot Foxtrot reevaluating
ChatterBot India reevaluating
ChatterBot Bravo reevaluating
2024-10-14 14:45:26.137282 Victor: Quebec, sending you 3
2024-10-14 14:45:26.139951 Romeo: Foxtrot, sending you 4
2024-10-14 14:45:26.142846 Delta: Juliett and X-ray, sending you 6
2024-10-14 14:45:26.149004 Romeo: Juliett and X-ray, sending you 3
2024-10-14 14:45:26.150395 X-ray: Juliett and Romeo, sending you 3
2024-10-14 14:45:26.151924 Juliett: Romeo and X-ray, sending you 3
2024-10-14 14:45:26.152629 Quebec: Victor and Foxtrot, sending you 4
2024-10-14 14:45:26.154460 Bravo: X-ray we want you to join our group
ChatterBot X-ray reevaluating
2024-10-14 14:45:26.160269 X-ray: No
ChatterBot India reevaluating
ChatterBot Foxtrot reevaluating
ChatterBot Whiskey reevaluating
ChatterBot Bravo reevaluating
2024-10-14 14:45:26.179840 Delta: Romeo, sending you 5
2024-10-14 14:45:26.181694 Romeo: Delta, sending you 2
2024-10-14 14:45:26.184250 Juliett: Delta, sending you 4
2024-10-14 14:45:26.185555 Quebec: India, sending you 2
2024-10-14 14:45:26.189749 India: X-ray we want you to join our group
ChatterBot X-ray reevaluating
2024-10-14 14:45:26.196276 X-ray: No
ChatterBot Foxtrot reevaluating
ChatterBot Whiskey reevaluating
ChatterBot Bravo reevaluating
2024-10-14 14:45:26.218737 Quebec: Whiskey, sending you 3
2024-10-14 14:45:26.363682 Whiskey: We should drop X-ray
ChatterBot Foxtrot reevaluating
ChatterBot Bravo reevaluating
2024-10-14 14:45:26.386200 Foxtrot: Yes
2024-10-14 14:45:26.386378 Victor: Yes
2024-10-14 14:45:26.386574 Quebec: Yes
2024-10-14 14:45:26.387122 India: Yes
2024-10-14 14:45:26.387240 Bravo: Yes
ChatterBot Whiskey reevaluating
ChatterBot Bravo reevaluating
ChatterBot Foxtrot reevaluating
ChatterBot India reevaluating
ChatterBot Whiskey reevaluating
ChatterBot Bravo reevaluating
ChatterBot Foxtrot reevaluating
ChatterBot India reevaluating
ChatterBot Whiskey reevaluating
ChatterBot Bravo reevaluating
ChatterBot Foxtrot reevaluating
ChatterBot Whiskey reevaluating
ChatterBot Bravo reevaluating
ChatterBot Foxtrot reevaluating
ChatterBot India reevaluating
ChatterBot Whiskey reevaluating
2024-10-14 14:45:26.480020 Quebec: Bravo, sending you 6
