ChatterBot Lima round 1
ChatterBot India round 1
ChatterBot Echo round 1
ChatterBot Delta round 1
ChatterBot X-ray round 1
ChatterBot Juliett round 1
ChatterBot Yankee round 1
ChatterBot Foxtrot round 1
ChatterBot Sierra round 1
ChatterBot November round 1
randomSelections Lima: {Lima, Foxtrot, X-ray, Echo, November, Delta, Juliett, Sierra} 
2024-10-15 05:31:34.968658 Lima: Friends?
ChatterBot Foxtrot reevaluating
ChatterBot X-ray reevaluating
ChatterBot Echo reevaluating
ChatterBot November reevaluating
ChatterBot Delta reevaluating
ChatterBot Juliett reevaluating
ChatterBot Sierra reevaluating
2024-10-15 05:31:34.985944 Foxtrot: Yes
2024-10-15 05:31:34.986147 X-ray: Yes
2024-10-15 05:31:34.986412 Echo: Yes
2024-10-15 05:31:34.986547 November: Yes
2024-10-15 05:31:34.986718 Delta: Yes
2024-10-15 05:31:34.987534 Juliett: Yes
2024-10-15 05:31:34.987815 Sierra: Yes
ChatterBot X-ray reevaluating
ChatterBot Echo reevaluating
ChatterBot November reevaluating
ChatterBot Delta reevaluating
ChatterBot Juliett reevaluating
ChatterBot Sierra reevaluating
ChatterBot Foxtrot reevaluating
ChatterBot Echo reevaluating
ChatterBot November reevaluating
ChatterBot Delta reevaluating
ChatterBot Juliett reevaluating
ChatterBot Sierra reevaluating
ChatterBot Foxtrot reevaluating
ChatterBot X-ray reevaluating
ChatterBot November reevaluating
ChatterBot Delta reevaluating
ChatterBot Juliett reevaluating
ChatterBot Sierra reevaluating
ChatterBot Foxtrot reevaluating
ChatterBot X-ray reevaluating
ChatterBot Echo reevaluating
ChatterBot Delta reevaluating
ChatterBot Juliett reevaluating
ChatterBot Sierra reevaluating
ChatterBot Foxtrot reevaluating
ChatterBot X-ray reevaluating
ChatterBot Echo reevaluating
ChatterBot November reevaluating
ChatterBot Juliett reevaluating
ChatterBot Sierra reevaluating
ChatterBot Foxtrot reevaluating
ChatterBot X-ray reevaluating
ChatterBot Echo reevaluating
ChatterBot November reevaluating
ChatterBot Delta reevaluating
ChatterBot Sierra reevaluating
ChatterBot Foxtrot reevaluating
ChatterBot X-ray reevaluating
ChatterBot Echo reevaluating
ChatterBot November reevaluating
ChatterBot Delta reevaluating
ChatterBot Juliett reevaluating
randomSelections Yankee: {Yankee, Sierra, X-ray, Foxtrot, November, Juliett} 
2024-10-15 05:31:35.087578 Yankee: Group up?
ChatterBot Sierra reevaluating
ChatterBot X-ray reevaluating
ChatterBot Foxtrot reevaluating
ChatterBot November reevaluating
ChatterBot Juliett reevaluating
2024-10-15 05:31:35.095361 Sierra: No
2024-10-15 05:31:35.095588 X-ray: No
2024-10-15 05:31:35.095969 Foxtrot: No
2024-10-15 05:31:35.096182 November: No
2024-10-15 05:31:35.096401 Juliett: No
ChatterBot X-ray reevaluating
ChatterBot Foxtrot reevaluating
ChatterBot November reevaluating
ChatterBot Juliett reevaluating
ChatterBot Sierra reevaluating
ChatterBot Foxtrot reevaluating
ChatterBot November reevaluating
ChatterBot Juliett reevaluating
ChatterBot Sierra reevaluating
ChatterBot X-ray reevaluating
ChatterBot November reevaluating
ChatterBot Juliett reevaluating
ChatterBot Sierra reevaluating
ChatterBot X-ray reevaluating
ChatterBot Foxtrot reevaluating
ChatterBot Juliett reevaluating
ChatterBot Sierra reevaluating
ChatterBot X-ray reevaluating
ChatterBot Foxtrot reevaluating
ChatterBot November reevaluating
randomSelections India: {India, Echo, Lima, Juliett, Yankee, X-ray, November, Sierra} 
2024-10-15 05:31:35.131160 India: We should group up
ChatterBot Echo reevaluating
ChatterBot Juliett reevaluating
ChatterBot X-ray reevaluating
ChatterBot November reevaluating
ChatterBot Sierra reevaluating
2024-10-15 05:31:35.140417 Echo: No
2024-10-15 05:31:35.140669 Lima: No
2024-10-15 05:31:35.141505 Juliett: No
2024-10-15 05:31:35.141876 Yankee: No
2024-10-15 05:31:35.142082 X-ray: No
2024-10-15 05:31:35.142408 November: No
2024-10-15 05:31:35.142640 Sierra: No
ChatterBot Juliett reevaluating
ChatterBot X-ray reevaluating
ChatterBot November reevaluating
ChatterBot Sierra reevaluating
ChatterBot Echo reevaluating
ChatterBot Juliett reevaluating
ChatterBot X-ray reevaluating
ChatterBot November reevaluating
ChatterBot Sierra reevaluating
ChatterBot Echo reevaluating
ChatterBot X-ray reevaluating
ChatterBot November reevaluating
ChatterBot Sierra reevaluating
ChatterBot Echo reevaluating
ChatterBot Juliett reevaluating
ChatterBot X-ray reevaluating
ChatterBot November reevaluating
ChatterBot Sierra reevaluating
ChatterBot Echo reevaluating
ChatterBot Juliett reevaluating
ChatterBot November reevaluating
ChatterBot Sierra reevaluating
ChatterBot Echo reevaluating
ChatterBot Juliett reevaluating
ChatterBot X-ray reevaluating
ChatterBot Sierra reevaluating
ChatterBot Echo reevaluating
ChatterBot Juliett reevaluating
ChatterBot X-ray reevaluating
ChatterBot November reevaluating
2024-10-15 05:31:35.205667 Yankee: X-ray and Foxtrot, sending you 1
2024-10-15 05:31:35.207379 India: Lima, sending you 2
2024-10-15 05:31:35.207969 Lima: Echo, X-ray and Sierra, sending you 1
2024-10-15 05:31:35.210680 Yankee: Juliett, sending you 2
2024-10-15 05:31:35.210997 Delta: Lima and Foxtrot, sending you 1
2024-10-15 05:31:35.211726 November: Lima and Echo, sending you 1
2024-10-15 05:31:35.212029 Sierra: Lima and November, sending you 3
2024-10-15 05:31:35.212682 India: Echo and Yankee, sending you 1
2024-10-15 05:31:35.212981 Lima: Delta, sending you 4
2024-10-15 05:31:35.214663 November: Delta, sending you 5
2024-10-15 05:31:35.215678 Yankee: Sierra, sending you 3
2024-10-15 05:31:35.215962 Delta: X-ray, sending you 4
2024-10-15 05:31:35.216663 Sierra: Echo, Juliett and Foxtrot, sending you 2
2024-10-15 05:31:35.217043 India: X-ray, sending you 5
2024-10-15 05:31:35.217350 Lima: Juliett and November, sending you 2
2024-10-15 05:31:35.218672 Foxtrot: Lima, X-ray and November, sending you 1
2024-10-15 05:31:35.219076 November: X-ray, sending you 3
2024-10-15 05:31:35.219419 Yankee: November, sending you 6
2024-10-15 05:31:35.219693 Delta: Juliett and Sierra, sending you 5
2024-10-15 05:31:35.220655 Sierra: Delta, sending you 1
2024-10-15 05:31:35.221660 India: Juliett and November, sending you 3
2024-10-15 05:31:35.221984 November: Juliett, sending you 2
2024-10-15 05:31:35.222674 Lima: Foxtrot, sending you 7
2024-10-15 05:31:35.223141 X-ray: Lima, Echo, Foxtrot and November, sending you 3
2024-10-15 05:31:35.223499 Foxtrot: Echo and Delta, sending you 4
2024-10-15 05:31:35.223981 Sierra: X-ray, sending you 4
2024-10-15 05:31:35.224661 Delta: November, sending you 3
2024-10-15 05:31:35.226653 November: Sierra, sending you 4
2024-10-15 05:31:35.227041 X-ray: Juliett, sending you 1
2024-10-15 05:31:35.227667 Foxtrot: Juliett and Sierra, sending you 3
2024-10-15 05:31:35.230657 X-ray: Sierra, sending you 5
chatterbot Lima submitting transactions
chatterbot Foxtrot submitting transactions
chatterbot Delta submitting transactions
chatterbot Echo submitting transactions
chatterbot Juliett submitting transactions
chatterbot Sierra submitting transactions
chatterbot Yankee submitting transactions
chatterbot November submitting transactions
chatterbot India submitting transactions
chatterbot X-ray submitting transactions
ChatterBot Lima round 2
ChatterBot India round 2
ChatterBot Echo round 2
ChatterBot Delta round 2
ChatterBot X-ray round 2
2024-10-15 05:31:37.258434 Lima: We should group up
ChatterBot India reevaluating
ChatterBot Delta reevaluating
ChatterBot X-ray reevaluating
ChatterBot Foxtrot reevaluating
ChatterBot Sierra reevaluating
ChatterBot November reevaluating
2024-10-15 05:31:37.315555 India: Yes
2024-10-15 05:31:37.315728 Delta: Yes
2024-10-15 05:31:37.316447 X-ray: Yes
2024-10-15 05:31:37.316583 Foxtrot: No
2024-10-15 05:31:37.316716 Sierra: No
2024-10-15 05:31:37.316838 November: No
ChatterBot Delta reevaluating
ChatterBot X-ray reevaluating
ChatterBot Foxtrot reevaluating
ChatterBot Sierra reevaluating
ChatterBot November reevaluating
ChatterBot India reevaluating
ChatterBot X-ray reevaluating
ChatterBot Foxtrot reevaluating
ChatterBot Sierra reevaluating
ChatterBot November reevaluating
ChatterBot India reevaluating
ChatterBot Delta reevaluating
ChatterBot Foxtrot reevaluating
ChatterBot Sierra reevaluating
ChatterBot November reevaluating
ChatterBot India reevaluating
ChatterBot Delta reevaluating
ChatterBot X-ray reevaluating
ChatterBot Sierra reevaluating
ChatterBot November reevaluating
ChatterBot India reevaluating
ChatterBot Delta reevaluating
ChatterBot X-ray reevaluating
ChatterBot Foxtrot reevaluating
ChatterBot November reevaluating
ChatterBot India reevaluating
ChatterBot Delta reevaluating
ChatterBot X-ray reevaluating
ChatterBot Foxtrot reevaluating
ChatterBot Sierra reevaluating
ChatterBot Juliett round 2
ChatterBot Yankee round 2
ChatterBot Foxtrot round 2
ChatterBot Sierra round 2
ChatterBot November round 2
2024-10-15 05:31:37.623795 Echo: Friends?
ChatterBot India reevaluating
ChatterBot Delta reevaluating
ChatterBot X-ray reevaluating
ChatterBot Yankee reevaluating
ChatterBot Foxtrot reevaluating
ChatterBot Sierra reevaluating
ChatterBot November reevaluating
2024-10-15 05:31:37.665534 Lima: No
2024-10-15 05:31:37.666132 India: No
2024-10-15 05:31:37.666230 Delta: No
2024-10-15 05:31:37.666321 X-ray: No
2024-10-15 05:31:37.666411 Yankee: Yes
2024-10-15 05:31:37.666542 Foxtrot: No
2024-10-15 05:31:37.666644 Sierra: No
2024-10-15 05:31:37.666744 November: No
ChatterBot India reevaluating
ChatterBot Delta reevaluating
ChatterBot X-ray reevaluating
ChatterBot Yankee reevaluating
ChatterBot Foxtrot reevaluating
ChatterBot Sierra reevaluating
ChatterBot November reevaluating
ChatterBot Delta reevaluating
ChatterBot X-ray reevaluating
ChatterBot Yankee reevaluating
ChatterBot Foxtrot reevaluating
ChatterBot Sierra reevaluating
ChatterBot November reevaluating
ChatterBot India reevaluating
ChatterBot X-ray reevaluating
ChatterBot Yankee reevaluating
ChatterBot Foxtrot reevaluating
ChatterBot Sierra reevaluating
ChatterBot November reevaluating
ChatterBot India reevaluating
ChatterBot Delta reevaluating
ChatterBot Yankee reevaluating
ChatterBot Foxtrot reevaluating
ChatterBot Sierra reevaluating
ChatterBot November reevaluating
ChatterBot India reevaluating
ChatterBot Delta reevaluating
ChatterBot X-ray reevaluating
ChatterBot Foxtrot reevaluating
ChatterBot Sierra reevaluating
ChatterBot November reevaluating
ChatterBot India reevaluating
ChatterBot Delta reevaluating
ChatterBot X-ray reevaluating
ChatterBot Yankee reevaluating
ChatterBot Sierra reevaluating
ChatterBot November reevaluating
ChatterBot India reevaluating
ChatterBot Delta reevaluating
ChatterBot X-ray reevaluating
ChatterBot Yankee reevaluating
ChatterBot Foxtrot reevaluating
ChatterBot November reevaluating
ChatterBot India reevaluating
ChatterBot Delta reevaluating
ChatterBot X-ray reevaluating
ChatterBot Yankee reevaluating
ChatterBot Foxtrot reevaluating
ChatterBot Sierra reevaluating
2024-10-15 05:31:38.023104 Juliett: Group up?
ChatterBot Yankee reevaluating
2024-10-15 05:31:38.061823 Lima: No
2024-10-15 05:31:38.062525 India: No
2024-10-15 05:31:38.062651 Delta: No
2024-10-15 05:31:38.062765 X-ray: No
2024-10-15 05:31:38.062868 Yankee: Yes
2024-10-15 05:31:38.062966 Foxtrot: No
2024-10-15 05:31:38.063075 Sierra: No
2024-10-15 05:31:38.063183 November: No
ChatterBot Delta reevaluating
ChatterBot Yankee reevaluating
ChatterBot Delta reevaluating
ChatterBot X-ray reevaluating
ChatterBot Yankee reevaluating
ChatterBot X-ray reevaluating
ChatterBot Yankee reevaluating
ChatterBot Delta reevaluating
ChatterBot Yankee reevaluating
ChatterBot Delta reevaluating
ChatterBot X-ray reevaluating
ChatterBot Delta reevaluating
ChatterBot X-ray reevaluating
ChatterBot Yankee reevaluating
ChatterBot Delta reevaluating
ChatterBot X-ray reevaluating
ChatterBot Yankee reevaluating
ChatterBot Delta reevaluating
ChatterBot X-ray reevaluating
ChatterBot Yankee reevaluating
chatterbot Lima submitting transactions
2024-10-15 05:31:38.701833 Lima: India, sending you 3
2024-10-15 05:31:38.723186 India: Lima, sending you 3
2024-10-15 05:31:38.723923 Juliett: India and Foxtrot, sending you 1
2024-10-15 05:31:38.725134 Delta: Lima and Foxtrot, sending you 5
2024-10-15 05:31:38.725606 Foxtrot: Lima and X-ray, sending you 3
2024-10-15 05:31:38.726520 Echo: Foxtrot, sending you 2
2024-10-15 05:31:38.726998 Lima: Delta, Foxtrot and November, sending you 2
2024-10-15 05:31:38.728170 Sierra: Delta, Yankee, Foxtrot and November, sending you 3
2024-10-15 05:31:38.728655 X-ray: Lima, Yankee and Foxtrot, sending you 2
2024-10-15 05:31:38.729746 Yankee: Lima, sending you 1
2024-10-15 05:31:38.730461 India: Delta, X-ray, Yankee, Foxtrot, Sierra and November, sending you 2
2024-10-15 05:31:38.731686 Juliett: Delta, sending you 2
2024-10-15 05:31:38.732414 Delta: India, sending you 1
2024-10-15 05:31:38.733367 Foxtrot: India, Delta, Yankee and November, sending you 1
2024-10-15 05:31:38.733935 Lima: X-ray, sending you 5
2024-10-15 05:31:38.734930 Sierra: X-ray, sending you 4
2024-10-15 05:31:38.735639 X-ray: India, sending you 4
2024-10-15 05:31:38.736681 Yankee: India, sending you 6
2024-10-15 05:31:38.737401 November: Lima, India, Delta, X-ray and Sierra, sending you 2
2024-10-15 05:31:38.738536 Delta: Sierra, sending you 2
2024-10-15 05:31:38.739861 Foxtrot: Sierra, sending you 2
2024-10-15 05:31:38.740593 Lima: Sierra, sending you 4
2024-10-15 05:31:38.773075 X-ray: Delta, Sierra and November, sending you 3
2024-10-15 05:31:38.773707 November: Yankee, sending you 5
2024-10-15 05:31:38.774766 Delta: November, sending you 6
chatterbot India submitting transactions
2024-10-15 05:31:38.835045 November: Foxtrot, sending you 1
chatterbot Juliett submitting transactions
chatterbot Echo submitting transactions
chatterbot Delta submitting transactions
chatterbot Sierra submitting transactions
chatterbot X-ray submitting transactions
chatterbot Yankee submitting transactions
chatterbot Foxtrot submitting transactions
chatterbot November submitting transactions
ChatterBot Lima round 3
ChatterBot India round 3
ChatterBot Echo round 3
ChatterBot Delta round 3
ChatterBot X-ray round 3
ChatterBot Juliett round 3
ChatterBot Yankee round 3
ChatterBot Foxtrot round 3
ChatterBot Sierra round 3
ChatterBot November round 3
2024-10-15 05:31:40.249303 Lima: We should add Yankee
ChatterBot Sierra reevaluating
2024-10-15 05:31:40.294712 India: Yes
2024-10-15 05:31:40.294958 Delta: Yes
2024-10-15 05:31:40.295775 X-ray: Yes
2024-10-15 05:31:40.295953 Foxtrot: Yes
2024-10-15 05:31:40.296124 Sierra: Yes
2024-10-15 05:31:40.296302 November: Yes
ChatterBot Sierra reevaluating
ChatterBot Sierra reevaluating
ChatterBot Sierra reevaluating
ChatterBot Sierra reevaluating
ChatterBot Sierra reevaluating
2024-10-15 05:31:40.621860 Lima: Yankee we want you to join our group
2024-10-15 05:31:40.630160 Yankee: Yes
ChatterBot Sierra reevaluating
2024-10-15 05:31:40.716945 India: Lima, sending you 3
2024-10-15 05:31:40.717686 Echo: X-ray and Foxtrot, sending you 2
2024-10-15 05:31:40.718793 Sierra: India we want you to join our group
2024-10-15 05:31:40.723856 India: Yes
2024-10-15 05:31:40.754417 Delta: Lima and November, sending you 4
2024-10-15 05:31:40.754939 India: Delta and Foxtrot, sending you 1
2024-10-15 05:31:40.755260 Echo: Sierra, sending you 1
2024-10-15 05:31:40.773268 Lima: India, Delta, X-ray and Foxtrot, sending you 3
2024-10-15 05:31:40.774544 X-ray: Lima, India, Delta, Foxtrot, Sierra and November, sending you 3
2024-10-15 05:31:40.775380 Foxtrot: Lima, Delta, X-ray and Sierra, sending you 3
2024-10-15 05:31:40.776519 November: Lima, India and Yankee, sending you 2
2024-10-15 05:31:40.777711 India: X-ray and Yankee, sending you 4
2024-10-15 05:31:40.778394 Delta: India, sending you 2
2024-10-15 05:31:40.779598 Yankee: India and X-ray, sending you 2
2024-10-15 05:31:40.780163 Juliett: Lima, India, Delta, Foxtrot, Sierra and November, sending you 1
2024-10-15 05:31:40.781655 Lima: Yankee, Sierra and November, sending you 2
2024-10-15 05:31:40.783016 X-ray: Yankee, sending you 1
2024-10-15 05:31:40.783792 Foxtrot: India, Yankee and November, sending you 1
2024-10-15 05:31:40.785047 November: Delta, sending you 4
2024-10-15 05:31:40.786451 India: November, sending you 2
2024-10-15 05:31:40.787485 Delta: X-ray, Foxtrot and Sierra, sending you 3
2024-10-15 05:31:40.789037 Yankee: Foxtrot, sending you 1
2024-10-15 05:31:40.790453 Sierra: Lima and Foxtrot, sending you 2
2024-10-15 05:31:40.791940 November: X-ray and Sierra, sending you 3
2024-10-15 05:31:40.793781 Yankee: Sierra, sending you 4
2024-10-15 05:31:40.798007 Sierra: India and Yankee, sending you 1
2024-10-15 05:31:40.799673 Yankee: November, sending you 6
2024-10-15 05:31:40.806851 Sierra: Delta and November, sending you 3
2024-10-15 05:31:40.812055 Sierra: X-ray, sending you 4
chatterbot X-ray submitting transactions
chatterbot Echo submitting transactions
chatterbot Juliett submitting transactions
chatterbot Sierra submitting transactions
chatterbot Foxtrot submitting transactions
chatterbot Yankee submitting transactions
chatterbot India submitting transactions
chatterbot Delta submitting transactions
chatterbot Lima submitting transactions
chatterbot November submitting transactions
ChatterBot Lima round 4
ChatterBot India round 4
ChatterBot Echo round 4
ChatterBot Delta round 4
ChatterBot X-ray round 4
ChatterBot Juliett round 4
ChatterBot Yankee round 4
ChatterBot Foxtrot round 4
ChatterBot Sierra round 4
ChatterBot November round 4
2024-10-15 05:31:41.757837 Sierra: Lima and Yankee, sending you 2
2024-10-15 05:31:41.759389 Juliett: Lima, India, Foxtrot, Sierra and November, sending you 1
2024-10-15 05:31:41.760518 India: Lima, X-ray and Yankee, sending you 3
2024-10-15 05:31:41.761239 Echo: Lima, X-ray, Sierra and November, sending you 1
2024-10-15 05:31:41.762544 Delta: Lima, X-ray, Foxtrot and Sierra, sending you 3
2024-10-15 05:31:41.763793 Sierra: India, sending you 1
2024-10-15 05:31:41.764438 Lima: India, X-ray and Foxtrot, sending you 3
2024-10-15 05:31:41.765503 Juliett: Delta, sending you 2
2024-10-15 05:31:41.766058 India: Delta and November, sending you 2
2024-10-15 05:31:41.767387 Echo: Foxtrot, sending you 2
2024-10-15 05:31:41.768195 Delta: India and Yankee, sending you 1
2024-10-15 05:31:41.769641 X-ray: Lima, India, Delta, Foxtrot, Sierra and November, sending you 3
2024-10-15 05:31:41.771124 Yankee: Lima and Foxtrot, sending you 1
2024-10-15 05:31:41.772423 Foxtrot: Lima, Delta, X-ray and Sierra, sending you 3
2024-10-15 05:31:41.773485 November: Lima, India and X-ray, sending you 2
2024-10-15 05:31:41.774851 Sierra: Delta, X-ray, Foxtrot and November, sending you 3
2024-10-15 05:31:41.776268 Lima: Delta, sending you 4
2024-10-15 05:31:41.777601 India: Foxtrot and Sierra, sending you 1
2024-10-15 05:31:41.779258 Delta: November, sending you 5
2024-10-15 05:31:41.780675 Yankee: India, sending you 4
2024-10-15 05:31:41.781638 X-ray: Yankee, sending you 1
2024-10-15 05:31:41.783259 Foxtrot: India, Yankee and November, sending you 1
2024-10-15 05:31:41.784622 November: Delta, Yankee and Sierra, sending you 3
2024-10-15 05:31:41.786206 Lima: Yankee, sending you 1
2024-10-15 05:31:41.787750 Yankee: X-ray and Sierra, sending you 2
2024-10-15 05:31:41.812964 November: Foxtrot, sending you 1
2024-10-15 05:31:41.814608 Lima: Sierra and November, sending you 2
2024-10-15 05:31:41.815537 Yankee: November, sending you 5
chatterbot Yankee submitting transactions
chatterbot X-ray submitting transactions
chatterbot November submitting transactions
chatterbot Lima submitting transactions
chatterbot Foxtrot submitting transactions
chatterbot Delta submitting transactions
chatterbot India submitting transactions
chatterbot Sierra submitting transactions
chatterbot Juliett submitting transactions
chatterbot Echo submitting transactions
ChatterBot Lima round 5
ChatterBot India round 5
ChatterBot Echo round 5
ChatterBot Delta round 5
ChatterBot X-ray round 5
ChatterBot Juliett round 5
ChatterBot Yankee round 5
ChatterBot Foxtrot round 5
ChatterBot Sierra round 5
ChatterBot November round 5
2024-10-15 05:31:43.027655 Lima: India, Delta, X-ray and Foxtrot, sending you 3
2024-10-15 05:31:43.029634 X-ray: Lima, India, Delta, Foxtrot, Sierra and November, sending you 3
2024-10-15 05:31:43.030484 Yankee: Lima, Delta and Foxtrot, sending you 1
2024-10-15 05:31:43.032717 Lima: Yankee, Sierra and November, sending you 2
2024-10-15 05:31:43.035175 X-ray: Yankee, sending you 1
2024-10-15 05:31:43.036146 Yankee: India, sending you 3
2024-10-15 05:31:43.037599 Echo: Lima, Sierra and November, sending you 1
2024-10-15 05:31:43.039047 India: Lima and Yankee, sending you 3
2024-10-15 05:31:43.040602 Yankee: X-ray and Sierra, sending you 2
2024-10-15 05:31:43.041720 Sierra: Lima and Yankee, sending you 2
2024-10-15 05:31:43.043412 Echo: X-ray and Foxtrot, sending you 2
2024-10-15 05:31:43.044640 India: Delta, Foxtrot and Sierra, sending you 1
2024-10-15 05:31:43.045336 Juliett: Lima, India, Yankee, Foxtrot, Sierra and November, sending you 1
2024-10-15 05:31:43.046625 Delta: Lima, X-ray, Foxtrot and Sierra, sending you 3
2024-10-15 05:31:43.047678 Yankee: November, sending you 5
2024-10-15 05:31:43.048679 Sierra: India, sending you 1
2024-10-15 05:31:43.049166 India: X-ray, sending you 4
2024-10-15 05:31:43.050089 Foxtrot: Lima, Delta, X-ray and Sierra, sending you 3
2024-10-15 05:31:43.050682 Juliett: Delta, sending you 2
2024-10-15 05:31:43.051990 November: Lima, India and X-ray, sending you 2
2024-10-15 05:31:43.052880 Delta: India, sending you 2
2024-10-15 05:31:43.054515 Sierra: Delta, X-ray, Foxtrot and November, sending you 3
2024-10-15 05:31:43.055817 India: November, sending you 2
2024-10-15 05:31:43.057179 Foxtrot: India, Yankee and November, sending you 1
2024-10-15 05:31:43.058314 November: Delta, Yankee and Sierra, sending you 3
2024-10-15 05:31:43.059427 Delta: Yankee, sending you 1
2024-10-15 05:31:43.064142 November: Foxtrot, sending you 1
2024-10-15 05:31:43.065167 Delta: November, sending you 4
chatterbot Yankee submitting transactions
chatterbot Foxtrot submitting transactions
chatterbot Lima submitting transactions
chatterbot Echo submitting transactions
chatterbot Delta submitting transactions
chatterbot India submitting transactions
chatterbot November submitting transactions
chatterbot X-ray submitting transactions
chatterbot Juliett submitting transactions
chatterbot Sierra submitting transactions
ChatterBot Lima round 6
ChatterBot India round 6
ChatterBot Echo round 6
ChatterBot Delta round 6
ChatterBot X-ray round 6
ChatterBot Juliett round 6
ChatterBot Yankee round 6
ChatterBot Foxtrot round 6
ChatterBot Sierra round 6
ChatterBot November round 6
2024-10-15 05:31:44.230440 Yankee: We should replace Juliett with Echo
2024-10-15 05:31:44.269283 X-ray: No
2024-10-15 05:31:44.269645 Lima: No
2024-10-15 05:31:44.269928 India: No
2024-10-15 05:31:44.270250 Delta: No
2024-10-15 05:31:44.271229 Foxtrot: No
2024-10-15 05:31:44.271857 Sierra: No
2024-10-15 05:31:44.272215 November: No
ChatterBot Yankee reevaluating
ChatterBot Yankee reevaluating
ChatterBot X-ray reevaluating
ChatterBot Yankee reevaluating
ChatterBot X-ray reevaluating
ChatterBot Yankee reevaluating
ChatterBot X-ray reevaluating
ChatterBot Yankee reevaluating
ChatterBot X-ray reevaluating
ChatterBot Yankee reevaluating
ChatterBot X-ray reevaluating
ChatterBot Yankee reevaluating
2024-10-15 05:31:44.634470 Echo: Lima, India, Sierra and November, sending you 1
2024-10-15 05:31:44.641267 Echo: X-ray and Foxtrot, sending you 2
2024-10-15 05:31:44.642954 Delta: Lima, X-ray, Foxtrot and Sierra, sending you 3
2024-10-15 05:31:44.645386 Sierra: Lima and Yankee, sending you 2
2024-10-15 05:31:44.646963 Juliett: Lima, India, Yankee, Foxtrot, Sierra and November, sending you 1
2024-10-15 05:31:44.647736 November: Lima and India, sending you 2
2024-10-15 05:31:44.649203 X-ray: Lima, India, Delta, Foxtrot, Sierra and November, sending you 3
2024-10-15 05:31:44.650740 India: Lima, X-ray and Yankee, sending you 3
2024-10-15 05:31:44.651706 Lima: India, Delta, X-ray and Foxtrot, sending you 3
2024-10-15 05:31:44.653180 Foxtrot: Lima, Delta and Sierra, sending you 3
2024-10-15 05:31:44.655043 Delta: India, sending you 2
2024-10-15 05:31:44.656818 Sierra: India, sending you 1
2024-10-15 05:31:44.658547 Juliett: Delta, sending you 2
2024-10-15 05:31:44.659955 Yankee: Lima and Sierra, sending you 2
2024-10-15 05:31:44.660788 November: Delta, X-ray, Yankee and Sierra, sending you 3
2024-10-15 05:31:44.662414 India: Delta and November, sending you 2
2024-10-15 05:31:44.664147 X-ray: Yankee, sending you 1
2024-10-15 05:31:44.665657 Lima: Yankee, Sierra and November, sending you 2
2024-10-15 05:31:44.667276 Foxtrot: India, Yankee and November, sending you 1
2024-10-15 05:31:44.668913 Delta: Yankee, sending you 1
2024-10-15 05:31:44.670831 Sierra: Delta, X-ray, Foxtrot and November, sending you 3
2024-10-15 05:31:44.672538 Yankee: India, sending you 3
2024-10-15 05:31:44.674026 India: Foxtrot and Sierra, sending you 1
2024-10-15 05:31:44.675781 Foxtrot: X-ray, sending you 4
2024-10-15 05:31:44.677488 Delta: November, sending you 4
2024-10-15 05:31:44.679041 Yankee: Delta, X-ray, Juliett and Foxtrot, sending you 1
2024-10-15 05:31:44.689932 Yankee: November, sending you 4
chatterbot Juliett submitting transactions
chatterbot Yankee submitting transactions
chatterbot Echo submitting transactions
chatterbot November submitting transactions
chatterbot India submitting transactions
chatterbot Sierra submitting transactions
chatterbot Lima submitting transactions
chatterbot X-ray submitting transactions
chatterbot Delta submitting transactions
chatterbot Foxtrot submitting transactions
ChatterBot Lima round 7
ChatterBot India round 7
ChatterBot Echo round 7
ChatterBot Delta round 7
ChatterBot X-ray round 7
ChatterBot Juliett round 7
ChatterBot Yankee round 7
2024-10-15 05:31:45.504542 X-ray: We should add Echo
ChatterBot Yankee reevaluating
2024-10-15 05:31:45.530636 Lima: No
2024-10-15 05:31:45.530840 India: No
2024-10-15 05:31:45.530985 Delta: No
2024-10-15 05:31:45.531117 Yankee: Yes
2024-10-15 05:31:45.531245 Foxtrot: No
2024-10-15 05:31:45.531385 Sierra: No
2024-10-15 05:31:45.531514 November: No
ChatterBot X-ray reevaluating
ChatterBot Yankee reevaluating
ChatterBot X-ray reevaluating
ChatterBot Yankee reevaluating
ChatterBot X-ray reevaluating
ChatterBot Yankee reevaluating
ChatterBot X-ray reevaluating
ChatterBot X-ray reevaluating
ChatterBot Yankee reevaluating
ChatterBot X-ray reevaluating
ChatterBot Yankee reevaluating
ChatterBot X-ray reevaluating
ChatterBot Yankee reevaluating
ChatterBot Foxtrot round 7
ChatterBot Sierra round 7
ChatterBot November round 7
2024-10-15 05:31:45.937664 India: Lima, X-ray and Yankee, sending you 3
2024-10-15 05:31:45.940961 Lima: India, Delta, X-ray and Foxtrot, sending you 3
2024-10-15 05:31:45.946252 India: Delta and November, sending you 2
2024-10-15 05:31:45.949748 Yankee: Lima and Sierra, sending you 2
2024-10-15 05:31:45.952605 Echo: Lima, India, Sierra and November, sending you 1
2024-10-15 05:31:45.955189 Juliett: Lima, India, Foxtrot, Sierra and November, sending you 1
2024-10-15 05:31:45.958359 X-ray: Lima, India, Delta, Foxtrot, Sierra and November, sending you 3
2024-10-15 05:31:45.961475 Lima: Yankee, Sierra and November, sending you 2
2024-10-15 05:31:45.964245 Sierra: Lima and Yankee, sending you 2
2024-10-15 05:31:45.967580 November: Lima and India, sending you 2
2024-10-15 05:31:45.970604 India: Foxtrot and Sierra, sending you 1
2024-10-15 05:31:45.973796 Delta: Lima, X-ray, Foxtrot and Sierra, sending you 3
2024-10-15 05:31:45.977078 Yankee: India, sending you 3
2024-10-15 05:31:45.979949 Echo: X-ray and Foxtrot, sending you 2
2024-10-15 05:31:45.982180 Juliett: Delta and Yankee, sending you 2
2024-10-15 05:31:45.983905 X-ray: Yankee, sending you 1
2024-10-15 05:31:45.986659 Sierra: India, sending you 1
2024-10-15 05:31:45.989032 November: Delta, X-ray, Yankee and Sierra, sending you 3
2024-10-15 05:31:45.991672 Delta: India, sending you 2
2024-10-15 05:31:45.995104 Foxtrot: Lima, Delta and Sierra, sending you 3
2024-10-15 05:31:45.997680 Yankee: Delta, X-ray, Juliett and Foxtrot, sending you 1
2024-10-15 05:31:46.000254 Sierra: Delta, X-ray, Foxtrot and November, sending you 3
2024-10-15 05:31:46.002907 Delta: Yankee, sending you 1
2024-10-15 05:31:46.005316 Foxtrot: India, Yankee and November, sending you 1
2024-10-15 05:31:46.008263 Yankee: November, sending you 4
2024-10-15 05:31:46.010600 Delta: November, sending you 4
2024-10-15 05:31:46.013884 Foxtrot: X-ray, sending you 4
chatterbot Yankee submitting transactions
chatterbot Echo submitting transactions
chatterbot Sierra submitting transactions
chatterbot Lima submitting transactions
chatterbot November submitting transactions
chatterbot India submitting transactions
chatterbot X-ray submitting transactions
chatterbot Foxtrot submitting transactions
chatterbot Delta submitting transactions
chatterbot Juliett submitting transactions
ChatterBot Lima round 8
ChatterBot India round 8
ChatterBot Echo round 8
ChatterBot Delta round 8
ChatterBot X-ray round 8
ChatterBot Juliett round 8
ChatterBot Yankee round 8
ChatterBot Foxtrot round 8
ChatterBot Sierra round 8
ChatterBot November round 8
2024-10-15 05:31:47.215041 Foxtrot: Lima and X-ray, sending you 4
2024-10-15 05:31:47.217311 Delta: Lima, X-ray, Foxtrot and Sierra, sending you 3
2024-10-15 05:31:47.219640 X-ray: Lima, India, Delta, Foxtrot, Sierra and November, sending you 3
2024-10-15 05:31:47.221922 Yankee: Lima and Sierra, sending you 2
2024-10-15 05:31:47.223820 Echo: Lima, India, Sierra and November, sending you 1
2024-10-15 05:31:47.225176 Foxtrot: India, Yankee and November, sending you 1
2024-10-15 05:31:47.227362 Delta: India, sending you 2
2024-10-15 05:31:47.229057 Lima: India, Delta, X-ray and Foxtrot, sending you 3
2024-10-15 05:31:47.231076 India: Lima, X-ray and Yankee, sending you 3
2024-10-15 05:31:47.232981 X-ray: Yankee, sending you 1
2024-10-15 05:31:47.234452 Sierra: Lima and Yankee, sending you 2
2024-10-15 05:31:47.236293 Yankee: India, sending you 3
2024-10-15 05:31:47.237905 Echo: X-ray, sending you 2
2024-10-15 05:31:47.238763 Juliett: Lima, India, Foxtrot, Sierra and November, sending you 1
2024-10-15 05:31:47.240297 November: Lima and India, sending you 2
2024-10-15 05:31:47.241930 Foxtrot: Delta and Sierra, sending you 3
2024-10-15 05:31:47.243137 Delta: Yankee, sending you 1
2024-10-15 05:31:47.244575 Lima: Yankee, Sierra and November, sending you 2
2024-10-15 05:31:47.246243 India: Delta and November, sending you 2
2024-10-15 05:31:47.247425 Sierra: India, sending you 1
2024-10-15 05:31:47.249118 Yankee: Delta, X-ray, Juliett and Foxtrot, sending you 1
2024-10-15 05:31:47.249883 Echo: Foxtrot, sending you 3
2024-10-15 05:31:47.251065 Juliett: Delta, sending you 2
2024-10-15 05:31:47.251751 November: Delta, X-ray, Yankee and Sierra, sending you 3
2024-10-15 05:31:47.253413 Delta: November, sending you 4
2024-10-15 05:31:47.254746 India: Foxtrot and Sierra, sending you 1
2024-10-15 05:31:47.255684 Sierra: Delta, X-ray, Foxtrot and November, sending you 3
2024-10-15 05:31:47.257922 Yankee: November, sending you 4
2024-10-15 05:31:47.260088 Juliett: Yankee, sending you 3
chatterbot India submitting transactions
chatterbot Yankee submitting transactions
chatterbot Lima submitting transactions
chatterbot November submitting transactions
chatterbot Sierra submitting transactions
chatterbot Delta submitting transactions
chatterbot Echo submitting transactions
chatterbot Foxtrot submitting transactions
chatterbot Juliett submitting transactions
chatterbot X-ray submitting transactions
ChatterBot Lima round 9
ChatterBot India round 9
ChatterBot Echo round 9
ChatterBot Delta round 9
ChatterBot X-ray round 9
ChatterBot Juliett round 9
ChatterBot Yankee round 9
ChatterBot Foxtrot round 9
ChatterBot Sierra round 9
ChatterBot November round 9
2024-10-15 05:31:48.539556 X-ray: Lima, India, Delta, Foxtrot, Sierra and November, sending you 3
2024-10-15 05:31:48.542695 Echo: Lima, India, Sierra and November, sending you 1
2024-10-15 05:31:48.545018 Foxtrot: Lima and X-ray, sending you 4
2024-10-15 05:31:48.548083 Lima: India, Delta, X-ray and Foxtrot, sending you 3
2024-10-15 05:31:48.550664 India: Lima, X-ray and Yankee, sending you 3
2024-10-15 05:31:48.553722 Delta: Lima, X-ray, Foxtrot and Sierra, sending you 3
2024-10-15 05:31:48.556053 Juliett: Lima, India, Delta, Foxtrot, Sierra and November, sending you 1
2024-10-15 05:31:48.559075 X-ray: Yankee, sending you 1
2024-10-15 05:31:48.561523 Echo: X-ray, sending you 2
2024-10-15 05:31:48.563633 Yankee: Lima and Sierra, sending you 2
2024-10-15 05:31:48.565392 Foxtrot: India, Yankee and November, sending you 1
2024-10-15 05:31:48.568070 Lima: Yankee, Sierra and November, sending you 2
2024-10-15 05:31:48.570624 India: Delta and November, sending you 2
2024-10-15 05:31:48.572691 Delta: India, sending you 2
2024-10-15 05:31:48.575251 November: Lima and India, sending you 2
2024-10-15 05:31:48.577187 Juliett: Yankee, sending you 4
2024-10-15 05:31:48.578971 Sierra: Lima and Yankee, sending you 2
2024-10-15 05:31:48.580880 Echo: Foxtrot, sending you 3
2024-10-15 05:31:48.582995 Yankee: India, sending you 3
2024-10-15 05:31:48.585484 Foxtrot: Delta and Sierra, sending you 3
2024-10-15 05:31:48.588258 India: Foxtrot and Sierra, sending you 1
2024-10-15 05:31:48.591379 Delta: Yankee, sending you 1
2024-10-15 05:31:48.593137 November: Delta, X-ray, Yankee and Sierra, sending you 3
2024-10-15 05:31:48.594555 Sierra: India, sending you 1
2024-10-15 05:31:48.597305 Yankee: Delta, X-ray, Juliett and Foxtrot, sending you 1
2024-10-15 05:31:48.599363 Delta: November, sending you 4
2024-10-15 05:31:48.601974 Sierra: Delta, X-ray, Foxtrot and November, sending you 3
2024-10-15 05:31:48.603593 Yankee: November, sending you 4
chatterbot Echo submitting transactions
chatterbot Sierra submitting transactions
chatterbot Juliett submitting transactions
chatterbot Delta submitting transactions
chatterbot Foxtrot submitting transactions
chatterbot November submitting transactions
chatterbot Yankee submitting transactions
chatterbot Lima submitting transactions
chatterbot India submitting transactions
chatterbot X-ray submitting transactions
ChatterBot Lima round 10
ChatterBot India round 10
ChatterBot Echo round 10
ChatterBot Delta round 10
ChatterBot X-ray round 10
ChatterBot Juliett round 10
ChatterBot Yankee round 10
ChatterBot Foxtrot round 10
ChatterBot Sierra round 10
ChatterBot November round 10
2024-10-15 05:31:49.488673 Lima: We should add Juliett
ChatterBot India reevaluating
ChatterBot Delta reevaluating
2024-10-15 05:31:49.534283 X-ray: No
2024-10-15 05:31:49.534525 India: Yes
2024-10-15 05:31:49.535280 Delta: Yes
2024-10-15 05:31:49.535535 Yankee: Yes
2024-10-15 05:31:49.535723 Foxtrot: No
2024-10-15 05:31:49.535904 Sierra: No
2024-10-15 05:31:49.536075 November: No
ChatterBot Lima reevaluating
ChatterBot India reevaluating
ChatterBot Delta reevaluating
ChatterBot Lima reevaluating
ChatterBot Delta reevaluating
ChatterBot Lima reevaluating
ChatterBot India reevaluating
ChatterBot Lima reevaluating
ChatterBot India reevaluating
ChatterBot Delta reevaluating
ChatterBot Foxtrot reevaluating
ChatterBot Lima reevaluating
ChatterBot India reevaluating
ChatterBot Delta reevaluating
ChatterBot Lima reevaluating
ChatterBot India reevaluating
ChatterBot Delta reevaluating
ChatterBot Foxtrot reevaluating
ChatterBot Lima reevaluating
ChatterBot India reevaluating
ChatterBot Delta reevaluating
ChatterBot Foxtrot reevaluating
2024-10-15 05:31:49.807693 Echo: Lima, India, Sierra and November, sending you 1
2024-10-15 05:31:49.811156 Delta: Lima, X-ray, Foxtrot and Sierra, sending you 3
2024-10-15 05:31:49.812391 November: Lima and India, sending you 2
2024-10-15 05:31:49.814147 Sierra: Lima and Yankee, sending you 2
2024-10-15 05:31:49.815223 Echo: X-ray, sending you 2
2024-10-15 05:31:49.815882 Juliett: Lima, India, Delta, Foxtrot, Sierra and November, sending you 1
2024-10-15 05:31:49.817151 Yankee: Lima and Sierra, sending you 2
2024-10-15 05:31:49.818078 Delta: India, sending you 2
2024-10-15 05:31:49.819609 November: Delta, X-ray, Yankee and Sierra, sending you 3
2024-10-15 05:31:49.820718 India: Lima, X-ray and Yankee, sending you 3
2024-10-15 05:31:49.822520 Sierra: India, sending you 1
2024-10-15 05:31:49.823807 Echo: Foxtrot, sending you 3
2024-10-15 05:31:49.824409 X-ray: Lima, India, Delta, Foxtrot, Sierra and November, sending you 3
2024-10-15 05:31:49.826399 Lima: India, Delta, X-ray and Foxtrot, sending you 3
2024-10-15 05:31:49.828019 Foxtrot: Lima and X-ray, sending you 4
2024-10-15 05:31:49.829059 Yankee: India, sending you 3
2024-10-15 05:31:49.830576 Juliett: Yankee, sending you 5
2024-10-15 05:31:49.831300 Delta: Yankee, sending you 1
2024-10-15 05:31:49.832359 India: Delta and November, sending you 2
2024-10-15 05:31:49.834144 Sierra: Delta, X-ray, Foxtrot and November, sending you 3
2024-10-15 05:31:49.835188 X-ray: Yankee, sending you 1
2024-10-15 05:31:49.836669 Lima: Yankee, Sierra and November, sending you 2
2024-10-15 05:31:49.838357 Foxtrot: India, Yankee and November, sending you 1
2024-10-15 05:31:49.839784 Yankee: Delta, X-ray, Juliett and Foxtrot, sending you 1
2024-10-15 05:31:49.840921 Delta: November, sending you 4
2024-10-15 05:31:49.842092 India: Foxtrot and Sierra, sending you 1
2024-10-15 05:31:49.843609 Foxtrot: Delta and Sierra, sending you 3
2024-10-15 05:31:49.845657 Yankee: November, sending you 4
chatterbot X-ray submitting transactions
chatterbot India submitting transactions
chatterbot Sierra submitting transactions
chatterbot Juliett submitting transactions
chatterbot Foxtrot submitting transactions
chatterbot Delta submitting transactions
chatterbot Lima submitting transactions
chatterbot November submitting transactions
chatterbot Echo submitting transactions
chatterbot Yankee submitting transactions
ChatterBot Lima round 11
ChatterBot India round 11
ChatterBot Echo round 11
ChatterBot Delta round 11
ChatterBot X-ray round 11
ChatterBot Juliett round 11
ChatterBot Yankee round 11
ChatterBot Foxtrot round 11
ChatterBot Sierra round 11
ChatterBot November round 11
2024-10-15 05:31:51.208824 November: Lima and India, sending you 2
2024-10-15 05:31:51.213697 Echo: Lima, India and November, sending you 1
2024-10-15 05:31:51.216556 X-ray: Lima, India, Delta, Foxtrot, Sierra and November, sending you 3
2024-10-15 05:31:51.220426 Juliett: India, Delta, Foxtrot, Sierra and November, sending you 1
2024-10-15 05:31:51.222965 Foxtrot: Lima and X-ray, sending you 4
2024-10-15 05:31:51.226727 November: Delta, X-ray, Yankee and Sierra, sending you 3
2024-10-15 05:31:51.230898 India: Lima, X-ray and Yankee, sending you 3
2024-10-15 05:31:51.234646 Echo: X-ray and Sierra, sending you 2
2024-10-15 05:31:51.237757 Lima: India, Delta, X-ray and Foxtrot, sending you 3
2024-10-15 05:31:51.241401 Sierra: Lima and Yankee, sending you 2
2024-10-15 05:31:51.244318 X-ray: Yankee, sending you 1
2024-10-15 05:31:51.248206 Juliett: Yankee, sending you 6
2024-10-15 05:31:51.252040 Yankee: Lima and Sierra, sending you 2
2024-10-15 05:31:51.255858 Foxtrot: India, Yankee and November, sending you 1
2024-10-15 05:31:51.260212 India: Delta and November, sending you 2
2024-10-15 05:31:51.264250 Echo: Foxtrot, sending you 3
2024-10-15 05:31:51.266445 Lima: Yankee, Sierra and November, sending you 2
2024-10-15 05:31:51.270684 Delta: Lima, X-ray, Foxtrot and Sierra, sending you 3
2024-10-15 05:31:51.274391 Sierra: India, sending you 1
2024-10-15 05:31:51.277485 Yankee: India, sending you 3
2024-10-15 05:31:51.279337 Foxtrot: Delta and Sierra, sending you 3
2024-10-15 05:31:51.281957 India: Foxtrot and Sierra, sending you 1
2024-10-15 05:31:51.285162 Delta: India, sending you 2
2024-10-15 05:31:51.289040 Sierra: Delta, X-ray, Foxtrot and November, sending you 3
