ChatterBot Bravo round 1
ChatterBot Alpha round 1
ChatterBot Yankee round 1
ChatterBot Hotel round 1
ChatterBot Foxtrot round 1
ChatterBot Quebec round 1
ChatterBot India round 1
ChatterBot November round 1
ChatterBot Uniform round 1
ChatterBot Sierra round 1
randomSelections Hotel: {Hotel, Uniform, Foxtrot, Bravo, India, Sierra, Yankee} 
2024-10-15 05:31:34.693935 Hotel: Friends?
ChatterBot Uniform reevaluating
ChatterBot Foxtrot reevaluating
ChatterBot Bravo reevaluating
ChatterBot India reevaluating
ChatterBot Sierra reevaluating
ChatterBot Yankee reevaluating
2024-10-15 05:31:34.716661 Uniform: Yes
2024-10-15 05:31:34.716864 Foxtrot: Yes
2024-10-15 05:31:34.716994 Bravo: Yes
2024-10-15 05:31:34.717120 India: Yes
2024-10-15 05:31:34.717278 Sierra: Yes
2024-10-15 05:31:34.717454 Yankee: Yes
ChatterBot Foxtrot reevaluating
ChatterBot Bravo reevaluating
ChatterBot India reevaluating
ChatterBot Sierra reevaluating
ChatterBot Yankee reevaluating
ChatterBot Uniform reevaluating
ChatterBot Bravo reevaluating
ChatterBot India reevaluating
ChatterBot Sierra reevaluating
ChatterBot Yankee reevaluating
ChatterBot Uniform reevaluating
ChatterBot Foxtrot reevaluating
ChatterBot India reevaluating
ChatterBot Sierra reevaluating
ChatterBot Yankee reevaluating
ChatterBot Uniform reevaluating
ChatterBot Foxtrot reevaluating
ChatterBot Bravo reevaluating
ChatterBot Sierra reevaluating
ChatterBot Yankee reevaluating
ChatterBot Uniform reevaluating
ChatterBot Foxtrot reevaluating
ChatterBot Bravo reevaluating
ChatterBot India reevaluating
ChatterBot Yankee reevaluating
ChatterBot Uniform reevaluating
ChatterBot Foxtrot reevaluating
ChatterBot Bravo reevaluating
ChatterBot India reevaluating
ChatterBot Sierra reevaluating
randomSelections Quebec: {Quebec, India, Sierra, Foxtrot, Alpha, Yankee} 
2024-10-15 05:31:34.947964 Quebec: Can we be friends?
ChatterBot India reevaluating
ChatterBot Sierra reevaluating
ChatterBot Foxtrot reevaluating
ChatterBot Alpha reevaluating
ChatterBot Yankee reevaluating
2024-10-15 05:31:34.961371 India: No
2024-10-15 05:31:34.962688 Sierra: No
2024-10-15 05:31:34.963073 Foxtrot: No
2024-10-15 05:31:34.963535 Alpha: Yes
2024-10-15 05:31:34.964315 Yankee: No
ChatterBot Sierra reevaluating
ChatterBot Foxtrot reevaluating
ChatterBot Alpha reevaluating
ChatterBot Yankee reevaluating
ChatterBot India reevaluating
ChatterBot Foxtrot reevaluating
ChatterBot Alpha reevaluating
ChatterBot Yankee reevaluating
ChatterBot India reevaluating
ChatterBot Sierra reevaluating
ChatterBot Alpha reevaluating
ChatterBot Yankee reevaluating
ChatterBot India reevaluating
ChatterBot Sierra reevaluating
ChatterBot Foxtrot reevaluating
ChatterBot Yankee reevaluating
ChatterBot India reevaluating
ChatterBot Sierra reevaluating
ChatterBot Foxtrot reevaluating
ChatterBot Alpha reevaluating
randomSelections November: {November, Yankee, Sierra, Hotel, Quebec, Uniform} 
2024-10-15 05:31:35.031002 November: Can we be friends?
ChatterBot Yankee reevaluating
ChatterBot Sierra reevaluating
ChatterBot Uniform reevaluating
2024-10-15 05:31:35.038876 Yankee: No
2024-10-15 05:31:35.039117 Sierra: No
2024-10-15 05:31:35.039294 Hotel: No
2024-10-15 05:31:35.039667 Quebec: No
2024-10-15 05:31:35.039835 Uniform: No
ChatterBot Sierra reevaluating
ChatterBot Uniform reevaluating
ChatterBot Yankee reevaluating
ChatterBot Uniform reevaluating
ChatterBot Yankee reevaluating
ChatterBot Sierra reevaluating
ChatterBot Uniform reevaluating
ChatterBot Yankee reevaluating
ChatterBot Sierra reevaluating
ChatterBot Uniform reevaluating
ChatterBot Yankee reevaluating
ChatterBot Sierra reevaluating
2024-10-15 05:31:35.089680 Quebec: Alpha, sending you 4
2024-10-15 05:31:35.093673 Quebec: Yankee, sending you 2
2024-10-15 05:31:35.096686 November: Yankee and Uniform, sending you 5
2024-10-15 05:31:35.097247 Bravo: Yankee and Foxtrot, sending you 1
2024-10-15 05:31:35.098608 Quebec: Foxtrot and Sierra, sending you 3
2024-10-15 05:31:35.099109 Uniform: Yankee, Hotel and Foxtrot, sending you 1
2024-10-15 05:31:35.100238 India: Bravo and Sierra, sending you 3
2024-10-15 05:31:35.100817 November: Hotel, sending you 1
2024-10-15 05:31:35.101680 Foxtrot: Bravo, Hotel and Uniform, sending you 1
2024-10-15 05:31:35.102829 Bravo: Hotel, India and Uniform, sending you 4
2024-10-15 05:31:35.103348 Alpha: Yankee, sending you 2
2024-10-15 05:31:35.103855 Uniform: Sierra, sending you 5
2024-10-15 05:31:35.104827 Quebec: India, sending you 5
2024-10-15 05:31:35.105328 Yankee: Bravo and Foxtrot, sending you 3
2024-10-15 05:31:35.105791 Hotel: Bravo and Uniform, sending you 3
2024-10-15 05:31:35.106696 India: Hotel, Foxtrot and Uniform, sending you 2
2024-10-15 05:31:35.107343 November: Quebec and Sierra, sending you 3
2024-10-15 05:31:35.107762 Sierra: Bravo, sending you 2
2024-10-15 05:31:35.108645 Foxtrot: Yankee and India, sending you 2
2024-10-15 05:31:35.109145 Bravo: Sierra, sending you 3
2024-10-15 05:31:35.109564 Alpha: Quebec, India and Sierra, sending you 1
2024-10-15 05:31:35.110500 Hotel: Yankee, Foxtrot and India, sending you 4
2024-10-15 05:31:35.111164 Yankee: Hotel, sending you 4
2024-10-15 05:31:35.112684 Sierra: Yankee, sending you 1
2024-10-15 05:31:35.113432 Foxtrot: Sierra, sending you 4
2024-10-15 05:31:35.115666 Hotel: Sierra, sending you 2
2024-10-15 05:31:35.116916 Yankee: India and Sierra, sending you 2
2024-10-15 05:31:35.117697 Sierra: Hotel and India, sending you 4
2024-10-15 05:31:35.121675 Yankee: Uniform, sending you 5
2024-10-15 05:31:35.122677 Sierra: Foxtrot and Uniform, sending you 3
chatterbot Hotel submitting transactions
chatterbot India submitting transactions
chatterbot Foxtrot submitting transactions
chatterbot Bravo submitting transactions
chatterbot Alpha submitting transactions
chatterbot Quebec submitting transactions
chatterbot Sierra submitting transactions
chatterbot Uniform submitting transactions
chatterbot November submitting transactions
chatterbot Yankee submitting transactions
ChatterBot Bravo round 2
ChatterBot Alpha round 2
ChatterBot Yankee round 2
ChatterBot Hotel round 2
ChatterBot Foxtrot round 2
ChatterBot Quebec round 2
ChatterBot India round 2
ChatterBot November round 2
ChatterBot Uniform round 2
ChatterBot Sierra round 2
2024-10-15 05:31:37.324365 November: Group up?
ChatterBot Bravo reevaluating
ChatterBot Yankee reevaluating
ChatterBot Hotel reevaluating
ChatterBot Foxtrot reevaluating
ChatterBot Uniform reevaluating
ChatterBot Sierra reevaluating
2024-10-15 05:31:37.349472 Bravo: Yes
2024-10-15 05:31:37.349673 Yankee: Yes
2024-10-15 05:31:37.349785 Hotel: No
2024-10-15 05:31:37.349886 Foxtrot: Yes
2024-10-15 05:31:37.349990 Uniform: Yes
2024-10-15 05:31:37.350697 Sierra: Yes
ChatterBot November reevaluating
ChatterBot Yankee reevaluating
ChatterBot Hotel reevaluating
ChatterBot Foxtrot reevaluating
ChatterBot Uniform reevaluating
ChatterBot Sierra reevaluating
ChatterBot November reevaluating
ChatterBot Bravo reevaluating
ChatterBot Hotel reevaluating
ChatterBot Foxtrot reevaluating
ChatterBot Uniform reevaluating
ChatterBot Sierra reevaluating
ChatterBot November reevaluating
ChatterBot Bravo reevaluating
ChatterBot Yankee reevaluating
ChatterBot Foxtrot reevaluating
ChatterBot Uniform reevaluating
ChatterBot Sierra reevaluating
ChatterBot November reevaluating
ChatterBot Bravo reevaluating
ChatterBot Yankee reevaluating
ChatterBot Hotel reevaluating
ChatterBot Uniform reevaluating
ChatterBot Sierra reevaluating
ChatterBot November reevaluating
ChatterBot Bravo reevaluating
ChatterBot Yankee reevaluating
ChatterBot Hotel reevaluating
ChatterBot Foxtrot reevaluating
ChatterBot Sierra reevaluating
ChatterBot November reevaluating
ChatterBot Bravo reevaluating
ChatterBot Yankee reevaluating
ChatterBot Hotel reevaluating
ChatterBot Foxtrot reevaluating
ChatterBot Uniform reevaluating
2024-10-15 05:31:37.505302 Yankee: We should add November and Quebec
2024-10-15 05:31:37.506172 Hotel: We should add November
2024-10-15 05:31:37.506515 Uniform: We should add November
2024-10-15 05:31:37.506753 Sierra: We should add November
ChatterBot Hotel reevaluating
ChatterBot Uniform reevaluating
ChatterBot Foxtrot reevaluating
ChatterBot Bravo reevaluating
ChatterBot India reevaluating
ChatterBot Sierra reevaluating
2024-10-15 05:31:37.532802 Hotel: No
2024-10-15 05:31:37.532928 Uniform: No
ChatterBot Uniform reevaluating
2024-10-15 05:31:37.537272 Foxtrot: No
ChatterBot Foxtrot reevaluating
2024-10-15 05:31:37.541091 Bravo: No
ChatterBot Bravo reevaluating
2024-10-15 05:31:37.545495 India: No
ChatterBot India reevaluating
2024-10-15 05:31:37.550016 Sierra: No
ChatterBot Sierra reevaluating
ChatterBot Yankee reevaluating
ChatterBot Hotel reevaluating
2024-10-15 05:31:37.562877 Uniform: Yes
2024-10-15 05:31:37.563087 Foxtrot: Yes
ChatterBot Foxtrot reevaluating
2024-10-15 05:31:37.567738 Bravo: Yes
ChatterBot Bravo reevaluating
2024-10-15 05:31:37.572336 India: No
ChatterBot India reevaluating
2024-10-15 05:31:37.576821 Sierra: Yes
ChatterBot Sierra reevaluating
2024-10-15 05:31:37.580691 Yankee: Yes
ChatterBot Yankee reevaluating
2024-10-15 05:31:37.585077 Hotel: Yes
ChatterBot Hotel reevaluating
ChatterBot Uniform reevaluating
2024-10-15 05:31:37.593791 Foxtrot: Yes
ChatterBot Foxtrot reevaluating
2024-10-15 05:31:37.598325 Bravo: Yes
ChatterBot Bravo reevaluating
2024-10-15 05:31:37.602031 India: No
ChatterBot India reevaluating
2024-10-15 05:31:37.606693 Sierra: Yes
2024-10-15 05:31:37.607475 Yankee: Yes
ChatterBot Yankee reevaluating
2024-10-15 05:31:37.611374 Hotel: Yes
2024-10-15 05:31:37.612023 Uniform: Yes
ChatterBot Uniform reevaluating
2024-10-15 05:31:37.616712 Foxtrot: Yes
ChatterBot Foxtrot reevaluating
2024-10-15 05:31:37.621825 Bravo: Yes
ChatterBot Bravo reevaluating
2024-10-15 05:31:37.627010 India: No
ChatterBot India reevaluating
ChatterBot Sierra reevaluating
2024-10-15 05:31:37.642445 Yankee: Yes
ChatterBot Yankee reevaluating
ChatterBot Hotel reevaluating
ChatterBot Foxtrot reevaluating
ChatterBot Bravo reevaluating
ChatterBot India reevaluating
ChatterBot Sierra reevaluating
ChatterBot Yankee reevaluating
ChatterBot Hotel reevaluating
ChatterBot Uniform reevaluating
ChatterBot Bravo reevaluating
ChatterBot India reevaluating
ChatterBot Sierra reevaluating
ChatterBot Yankee reevaluating
ChatterBot Hotel reevaluating
ChatterBot Uniform reevaluating
ChatterBot Foxtrot reevaluating
ChatterBot India reevaluating
ChatterBot Sierra reevaluating
ChatterBot Yankee reevaluating
ChatterBot Hotel reevaluating
ChatterBot Uniform reevaluating
ChatterBot Foxtrot reevaluating
ChatterBot Bravo reevaluating
ChatterBot Sierra reevaluating
ChatterBot Yankee reevaluating
ChatterBot Hotel reevaluating
ChatterBot Uniform reevaluating
ChatterBot Foxtrot reevaluating
ChatterBot Bravo reevaluating
ChatterBot India reevaluating
ChatterBot Yankee reevaluating
ChatterBot Hotel reevaluating
ChatterBot Foxtrot reevaluating
ChatterBot Bravo reevaluating
ChatterBot India reevaluating
ChatterBot Sierra reevaluating
ChatterBot Yankee reevaluating
ChatterBot Hotel reevaluating
ChatterBot Uniform reevaluating
ChatterBot Bravo reevaluating
ChatterBot India reevaluating
ChatterBot Sierra reevaluating
ChatterBot Yankee reevaluating
ChatterBot Hotel reevaluating
ChatterBot Uniform reevaluating
ChatterBot Foxtrot reevaluating
ChatterBot India reevaluating
ChatterBot Sierra reevaluating
ChatterBot Yankee reevaluating
ChatterBot Hotel reevaluating
ChatterBot Uniform reevaluating
ChatterBot Foxtrot reevaluating
ChatterBot Bravo reevaluating
ChatterBot Sierra reevaluating
ChatterBot Yankee reevaluating
ChatterBot Hotel reevaluating
ChatterBot Uniform reevaluating
ChatterBot Foxtrot reevaluating
ChatterBot Bravo reevaluating
ChatterBot India reevaluating
ChatterBot Yankee reevaluating
ChatterBot Hotel reevaluating
ChatterBot Uniform reevaluating
ChatterBot Foxtrot reevaluating
ChatterBot Bravo reevaluating
ChatterBot India reevaluating
ChatterBot Sierra reevaluating
ChatterBot Uniform reevaluating
ChatterBot Foxtrot reevaluating
ChatterBot Bravo reevaluating
ChatterBot India reevaluating
ChatterBot Sierra reevaluating
ChatterBot Yankee reevaluating
ChatterBot Hotel reevaluating
ChatterBot Uniform reevaluating
ChatterBot Bravo reevaluating
ChatterBot India reevaluating
ChatterBot Sierra reevaluating
ChatterBot Yankee reevaluating
ChatterBot Hotel reevaluating
ChatterBot Uniform reevaluating
ChatterBot Foxtrot reevaluating
ChatterBot India reevaluating
ChatterBot Sierra reevaluating
ChatterBot Yankee reevaluating
ChatterBot Hotel reevaluating
ChatterBot Uniform reevaluating
ChatterBot Foxtrot reevaluating
ChatterBot Bravo reevaluating
ChatterBot Sierra reevaluating
ChatterBot Yankee reevaluating
ChatterBot Hotel reevaluating
ChatterBot Uniform reevaluating
ChatterBot Foxtrot reevaluating
ChatterBot Bravo reevaluating
ChatterBot India reevaluating
ChatterBot Yankee reevaluating
ChatterBot Hotel reevaluating
ChatterBot Uniform reevaluating
ChatterBot Foxtrot reevaluating
ChatterBot Bravo reevaluating
ChatterBot India reevaluating
ChatterBot Sierra reevaluating
ChatterBot Uniform reevaluating
ChatterBot Foxtrot reevaluating
ChatterBot Bravo reevaluating
ChatterBot India reevaluating
ChatterBot Sierra reevaluating
ChatterBot Yankee reevaluating
ChatterBot Hotel reevaluating
ChatterBot Foxtrot reevaluating
ChatterBot Bravo reevaluating
ChatterBot India reevaluating
ChatterBot Sierra reevaluating
ChatterBot Yankee reevaluating
ChatterBot Hotel reevaluating
ChatterBot Uniform reevaluating
ChatterBot Bravo reevaluating
ChatterBot India reevaluating
ChatterBot Sierra reevaluating
ChatterBot Yankee reevaluating
ChatterBot Hotel reevaluating
ChatterBot Uniform reevaluating
ChatterBot Foxtrot reevaluating
ChatterBot India reevaluating
ChatterBot Sierra reevaluating
ChatterBot Yankee reevaluating
ChatterBot Hotel reevaluating
ChatterBot Uniform reevaluating
ChatterBot Foxtrot reevaluating
ChatterBot Bravo reevaluating
ChatterBot Sierra reevaluating
ChatterBot Yankee reevaluating
ChatterBot Hotel reevaluating
ChatterBot Uniform reevaluating
ChatterBot Foxtrot reevaluating
ChatterBot Bravo reevaluating
ChatterBot India reevaluating
ChatterBot Sierra reevaluating
2024-10-15 05:31:38.669537 Quebec: We would work well together
ChatterBot Alpha reevaluating
ChatterBot November reevaluating
2024-10-15 05:31:38.685196 Alpha: Yes
2024-10-15 05:31:38.686240 November: No
ChatterBot November reevaluating
ChatterBot Alpha reevaluating
2024-10-15 05:31:38.776897 Bravo: November we want you to join our group
2024-10-15 05:31:38.782298 November: Yes
ChatterBot Bravo reevaluating
2024-10-15 05:31:38.810157 Yankee: November we want you to join our group
2024-10-15 05:31:38.814956 November: Yes
ChatterBot Bravo reevaluating
2024-10-15 05:31:38.841546 Sierra: November we want you to join our group
2024-10-15 05:31:38.845468 November: Yes
ChatterBot Bravo reevaluating
2024-10-15 05:31:38.870598 Hotel: November we want you to join our group
2024-10-15 05:31:38.874447 November: Yes
ChatterBot Bravo reevaluating
ChatterBot Yankee reevaluating
2024-10-15 05:31:38.900125 Uniform: November we want you to join our group
2024-10-15 05:31:38.904476 November: Yes
ChatterBot Bravo reevaluating
ChatterBot Yankee reevaluating
2024-10-15 05:31:38.929812 Foxtrot: November we want you to join our group
2024-10-15 05:31:38.933500 November: Yes
ChatterBot Bravo reevaluating
ChatterBot Yankee reevaluating
2024-10-15 05:31:38.960734 India: November we want you to join our group
2024-10-15 05:31:38.964780 November: Yes
ChatterBot Yankee reevaluating
2024-10-15 05:31:39.023315 Quebec: Alpha, sending you 8
2024-10-15 05:31:39.023708 Alpha: Quebec, sending you 4
2024-10-15 05:31:39.024535 November: Bravo, Yankee and Hotel, sending you 3
2024-10-15 05:31:39.025327 Yankee: November and Quebec we want you to join our group
2024-10-15 05:31:39.038311 November: No
2024-10-15 05:31:39.038515 Quebec: No
ChatterBot Yankee reevaluating
ChatterBot Yankee reevaluating
chatterbot Quebec submitting transactions
2024-10-15 05:31:39.141631 Quebec: November, sending you 9
2024-10-15 05:31:39.142026 Alpha: November, sending you 1
2024-10-15 05:31:39.142887 Foxtrot: Bravo and Uniform, sending you 1
2024-10-15 05:31:39.143392 India: Bravo, Hotel and Sierra, sending you 3
2024-10-15 05:31:39.143991 Uniform: Bravo, Hotel, India and Sierra, sending you 1
2024-10-15 05:31:39.145150 November: Foxtrot, India, Uniform and Sierra, sending you 2
2024-10-15 05:31:39.145732 Hotel: Bravo, Yankee, Foxtrot, India, November and Sierra, sending you 3
chatterbot Uniform submitting transactions
chatterbot Hotel submitting transactions
2024-10-15 05:31:39.147268 Sierra: Bravo, Yankee, Hotel, India and November, sending you 2
2024-10-15 05:31:39.147905 Foxtrot: Yankee, India and Sierra, sending you 2
2024-10-15 05:31:39.149103 India: Yankee, sending you 2
2024-10-15 05:31:39.155857 Uniform: Yankee and November, sending you 2
2024-10-15 05:31:39.156238 Hotel: Uniform, sending you 2
2024-10-15 05:31:39.156565 Foxtrot: Hotel, sending you 3
2024-10-15 05:31:39.157411 Sierra: Foxtrot, sending you 3
2024-10-15 05:31:39.157736 India: Foxtrot, sending you 1
2024-10-15 05:31:39.162561 Bravo: Yankee, Hotel and India, sending you 3
2024-10-15 05:31:39.163207 Sierra: Uniform, sending you 4
2024-10-15 05:31:39.165975 Bravo: Foxtrot, November, Uniform and Sierra, sending you 2
2024-10-15 05:31:39.188758 Yankee: Bravo and Uniform, sending you 2
2024-10-15 05:31:39.201457 Yankee: Hotel, sending you 5
2024-10-15 05:31:39.212698 Yankee: Foxtrot, sending you 3
2024-10-15 05:31:39.219521 Yankee: November, sending you 6
2024-10-15 05:31:39.225298 Yankee: Sierra, sending you 1
chatterbot Foxtrot submitting transactions
chatterbot Alpha submitting transactions
chatterbot Yankee submitting transactions
chatterbot November submitting transactions
chatterbot India submitting transactions
chatterbot Sierra submitting transactions
chatterbot Bravo submitting transactions
ChatterBot Bravo round 3
ChatterBot Alpha round 3
ChatterBot Yankee round 3
ChatterBot Hotel round 3
ChatterBot Foxtrot round 3
ChatterBot Quebec round 3
ChatterBot India round 3
ChatterBot November round 3
ChatterBot Uniform round 3
ChatterBot Sierra round 3
2024-10-15 05:31:40.274641 November: We should add Quebec
2024-10-15 05:31:40.313892 Bravo: No
2024-10-15 05:31:40.314140 Yankee: No
2024-10-15 05:31:40.314328 Hotel: No
2024-10-15 05:31:40.314507 Foxtrot: No
2024-10-15 05:31:40.314680 India: No
2024-10-15 05:31:40.315406 Uniform: No
2024-10-15 05:31:40.315582 Sierra: No
2024-10-15 05:31:40.606960 November: Quebec we want you to join our group
2024-10-15 05:31:40.613559 Quebec: No
2024-10-15 05:31:40.658940 Alpha: We should drop November
2024-10-15 05:31:40.665044 Quebec: No
ChatterBot Alpha reevaluating
2024-10-15 05:31:40.701675 India: Bravo and Hotel, sending you 3
2024-10-15 05:31:40.703257 Bravo: Yankee, Foxtrot, November, Uniform and Sierra, sending you 2
2024-10-15 05:31:40.704787 Quebec: Alpha, sending you 9
2024-10-15 05:31:40.705157 Foxtrot: Bravo, India, November and Uniform, sending you 1
2024-10-15 05:31:40.706545 Hotel: Bravo, Yankee, Foxtrot, India, November and Sierra, sending you 3
2024-10-15 05:31:40.707371 Sierra: Bravo, Yankee, Hotel and November, sending you 2
2024-10-15 05:31:40.708829 Yankee: Bravo, India, Uniform and Sierra, sending you 2
2024-10-15 05:31:40.710328 India: Yankee and November, sending you 1
2024-10-15 05:31:40.711739 Bravo: Hotel, sending you 3
2024-10-15 05:31:40.712474 Foxtrot: Yankee and Sierra, sending you 2
2024-10-15 05:31:40.713890 Quebec: November, sending you 8
2024-10-15 05:31:40.714305 Hotel: Uniform, sending you 2
2024-10-15 05:31:40.715696 Yankee: Hotel and November, sending you 4
2024-10-15 05:31:40.716910 Uniform: Bravo, Yankee, Hotel, Foxtrot, India and November, sending you 1
2024-10-15 05:31:40.718383 November: Bravo, Hotel, Uniform and Sierra, sending you 2
2024-10-15 05:31:40.719 Sierra: Foxtrot, India and Uniform, sending you 3
2024-10-15 05:31:40.720297 India: Foxtrot and Sierra, sending you 2
2024-10-15 05:31:40.720984 Bravo: India, sending you 4
2024-10-15 05:31:40.722156 Foxtrot: Hotel, sending you 3
2024-10-15 05:31:40.723450 Yankee: Foxtrot, sending you 3
2024-10-15 05:31:40.724686 November: Yankee, sending you 4
2024-10-15 05:31:40.725222 Uniform: Sierra, sending you 2
2024-10-15 05:31:40.760275 November: Quebec, sending you 5
2024-10-15 05:31:40.761281 Alpha: Quebec, sending you 4
2024-10-15 05:31:40.780178 Alpha: November, sending you 1
chatterbot Uniform submitting transactions
chatterbot Yankee submitting transactions
chatterbot India submitting transactions
chatterbot Foxtrot submitting transactions
chatterbot Sierra submitting transactions
chatterbot Hotel submitting transactions
chatterbot November submitting transactions
chatterbot Quebec submitting transactions
chatterbot Bravo submitting transactions
chatterbot Alpha submitting transactions
ChatterBot Bravo round 4
ChatterBot Alpha round 4
ChatterBot Yankee round 4
ChatterBot Hotel round 4
ChatterBot Foxtrot round 4
ChatterBot Quebec round 4
ChatterBot India round 4
ChatterBot November round 4
ChatterBot Uniform round 4
ChatterBot Sierra round 4
2024-10-15 05:31:41.830545 Alpha: We should drop November
2024-10-15 05:31:41.833990 Quebec: No
2024-10-15 05:31:41.864690 Yankee: Bravo, India, Uniform and Sierra, sending you 2
2024-10-15 05:31:41.866186 Bravo: Yankee, Foxtrot, November, Uniform and Sierra, sending you 2
2024-10-15 05:31:41.867660 Foxtrot: Bravo, India, November and Uniform, sending you 1
2024-10-15 05:31:41.868884 Uniform: Bravo, Yankee, Hotel, Foxtrot and November, sending you 1
2024-10-15 05:31:41.870687 Yankee: Hotel and November, sending you 4
2024-10-15 05:31:41.871966 Bravo: Hotel, sending you 3
2024-10-15 05:31:41.872606 Uniform: Sierra, sending you 3
2024-10-15 05:31:41.873785 Foxtrot: Yankee and Sierra, sending you 2
2024-10-15 05:31:41.874444 Alpha: Sending you 5
2024-10-15 05:31:41.875191 November: Bravo, Hotel, Uniform and Sierra, sending you 2
2024-10-15 05:31:41.875607 Hotel: Bravo, Yankee, Foxtrot, India, November and Sierra, sending you 3
2024-10-15 05:31:41.876836 Sierra: Bravo and November, sending you 2
2024-10-15 05:31:41.877535 Yankee: Foxtrot, sending you 3
2024-10-15 05:31:41.878789 Bravo: India, sending you 4
2024-10-15 05:31:41.879414 November: Yankee, sending you 3
2024-10-15 05:31:41.880381 Quebec: Alpha, sending you 9
2024-10-15 05:31:41.880633 India: Bravo and Hotel, sending you 3
2024-10-15 05:31:41.881998 Foxtrot: Hotel, sending you 3
2024-10-15 05:31:41.882760 Hotel: Uniform, sending you 2
2024-10-15 05:31:41.883929 Sierra: Yankee, sending you 1
2024-10-15 05:31:41.885328 Quebec: November, sending you 8
2024-10-15 05:31:41.885730 November: Foxtrot and India, sending you 1
2024-10-15 05:31:41.887016 India: Yankee, Foxtrot, November and Uniform, sending you 1
2024-10-15 05:31:41.888708 Sierra: Hotel, Foxtrot, India and Uniform, sending you 3
2024-10-15 05:31:41.891754 November: Quebec, sending you 4
2024-10-15 05:31:41.892473 India: Sierra, sending you 2
chatterbot Sierra submitting transactions
chatterbot Quebec submitting transactions
chatterbot Uniform submitting transactions
chatterbot November submitting transactions
chatterbot Yankee submitting transactions
chatterbot Bravo submitting transactions
chatterbot India submitting transactions
chatterbot Hotel submitting transactions
chatterbot Alpha submitting transactions
chatterbot Foxtrot submitting transactions
ChatterBot Bravo round 5
ChatterBot Alpha round 5
ChatterBot Yankee round 5
ChatterBot Hotel round 5
ChatterBot Foxtrot round 5
ChatterBot Quebec round 5
ChatterBot India round 5
ChatterBot November round 5
ChatterBot Uniform round 5
ChatterBot Sierra round 5
2024-10-15 05:31:43.138680 Alpha: Same as last round
2024-10-15 05:31:43.156462 India: Bravo, sending you 3
2024-10-15 05:31:43.158497 Foxtrot: Bravo, India, November and Uniform, sending you 1
2024-10-15 05:31:43.159964 Yankee: Bravo, India, Uniform and Sierra, sending you 2
2024-10-15 05:31:43.160817 November: Bravo, Uniform and Sierra, sending you 2
2024-10-15 05:31:43.162495 Quebec: Alpha, sending you 9
2024-10-15 05:31:43.162935 India: Yankee, Foxtrot, November and Uniform, sending you 1
2024-10-15 05:31:43.164361 Foxtrot: Yankee and Sierra, sending you 2
2024-10-15 05:31:43.165660 Yankee: Hotel and November, sending you 4
2024-10-15 05:31:43.166252 November: Yankee, sending you 6
2024-10-15 05:31:43.167399 Hotel: Bravo, Yankee, Foxtrot, India, November and Sierra, sending you 3
2024-10-15 05:31:43.168083 Quebec: November, sending you 8
2024-10-15 05:31:43.169011 Uniform: Bravo, Yankee, Hotel, Foxtrot, India and November, sending you 1
2024-10-15 05:31:43.169650 Sierra: Bravo and November, sending you 2
2024-10-15 05:31:43.170860 India: Hotel and Sierra, sending you 2
2024-10-15 05:31:43.172050 Bravo: Yankee, Foxtrot, November, Uniform and Sierra, sending you 2
2024-10-15 05:31:43.173015 Foxtrot: Hotel, sending you 3
2024-10-15 05:31:43.174743 Yankee: Foxtrot, sending you 3
2024-10-15 05:31:43.175998 November: Hotel, sending you 3
2024-10-15 05:31:43.177386 Hotel: Uniform, sending you 2
2024-10-15 05:31:43.178146 Uniform: Sierra, sending you 2
2024-10-15 05:31:43.179944 Sierra: Yankee, sending you 1
2024-10-15 05:31:43.181291 Bravo: Hotel, sending you 3
2024-10-15 05:31:43.183027 November: Foxtrot and India, sending you 1
2024-10-15 05:31:43.189076 Sierra: Hotel, Foxtrot, India and Uniform, sending you 3
2024-10-15 05:31:43.190662 Bravo: India, sending you 4
chatterbot Yankee submitting transactions
chatterbot Bravo submitting transactions
chatterbot Quebec submitting transactions
chatterbot November submitting transactions
chatterbot Foxtrot submitting transactions
chatterbot Hotel submitting transactions
chatterbot Alpha submitting transactions
chatterbot India submitting transactions
chatterbot Sierra submitting transactions
chatterbot Uniform submitting transactions
ChatterBot Bravo round 6
ChatterBot Alpha round 6
ChatterBot Yankee round 6
ChatterBot Hotel round 6
ChatterBot Foxtrot round 6
ChatterBot Quebec round 6
ChatterBot India round 6
ChatterBot November round 6
ChatterBot Uniform round 6
ChatterBot Sierra round 6
2024-10-15 05:31:44.361403 Bravo: Yankee, Foxtrot, November, Uniform and Sierra, sending you 2
2024-10-15 05:31:44.363740 Alpha: Sending you 4
2024-10-15 05:31:44.372559 Sierra: Bravo, Yankee, Foxtrot and November, sending you 2
2024-10-15 05:31:44.373622 Bravo: Hotel, sending you 3
2024-10-15 05:31:44.375194 India: Bravo, sending you 3
2024-10-15 05:31:44.377038 Yankee: Bravo, Uniform and Sierra, sending you 2
2024-10-15 05:31:44.379165 Sierra: Hotel, India and Uniform, sending you 3
2024-10-15 05:31:44.380852 Bravo: India, sending you 4
2024-10-15 05:31:44.382467 Hotel: Bravo, Yankee, Foxtrot, India, November and Sierra, sending you 3
2024-10-15 05:31:44.384217 Quebec: Alpha, sending you 9
2024-10-15 05:31:44.385216 Foxtrot: Bravo, India, November and Uniform, sending you 1
2024-10-15 05:31:44.387173 India: Yankee, Foxtrot, November and Uniform, sending you 1
2024-10-15 05:31:44.388050 Yankee: Hotel, sending you 4
2024-10-15 05:31:44.389523 Hotel: Uniform, sending you 2
2024-10-15 05:31:44.391176 Quebec: November, sending you 8
2024-10-15 05:31:44.391664 November: Bravo, Uniform and Sierra, sending you 2
2024-10-15 05:31:44.393190 Uniform: Bravo, Yankee, Hotel, Foxtrot, India and November, sending you 1
2024-10-15 05:31:44.394635 Foxtrot: Yankee and Sierra, sending you 2
2024-10-15 05:31:44.396040 India: Hotel and Sierra, sending you 2
2024-10-15 05:31:44.397405 Yankee: Foxtrot, sending you 3
2024-10-15 05:31:44.399087 November: Yankee, sending you 5
2024-10-15 05:31:44.399934 Uniform: Sierra, sending you 2
2024-10-15 05:31:44.401189 Foxtrot: Hotel, sending you 3
2024-10-15 05:31:44.402724 Yankee: India, sending you 1
2024-10-15 05:31:44.403657 November: Hotel, sending you 4
2024-10-15 05:31:44.408078 Yankee: November, sending you 5
2024-10-15 05:31:44.410241 November: Foxtrot and India, sending you 1
chatterbot India submitting transactions
chatterbot November submitting transactions
chatterbot Foxtrot submitting transactions
chatterbot Hotel submitting transactions
chatterbot Sierra submitting transactions
chatterbot Alpha submitting transactions
chatterbot Yankee submitting transactions
chatterbot Quebec submitting transactions
chatterbot Bravo submitting transactions
chatterbot Uniform submitting transactions
ChatterBot Bravo round 7
ChatterBot Alpha round 7
ChatterBot Yankee round 7
ChatterBot Hotel round 7
ChatterBot Foxtrot round 7
ChatterBot Quebec round 7
ChatterBot India round 7
ChatterBot November round 7
ChatterBot Uniform round 7
ChatterBot Sierra round 7
2024-10-15 05:31:45.805165 Quebec: We should group up
ChatterBot November reevaluating
2024-10-15 05:31:45.851001 Alpha: No
2024-10-15 05:31:45.851205 Bravo: No
2024-10-15 05:31:45.851447 Yankee: No
2024-10-15 05:31:45.852231 Hotel: No
2024-10-15 05:31:45.852417 Foxtrot: No
2024-10-15 05:31:45.852632 India: No
2024-10-15 05:31:45.852895 November: No
2024-10-15 05:31:45.853206 Uniform: No
2024-10-15 05:31:45.854241 Sierra: No
ChatterBot Quebec reevaluating
ChatterBot November reevaluating
ChatterBot Quebec reevaluating
ChatterBot November reevaluating
ChatterBot Quebec reevaluating
ChatterBot November reevaluating
ChatterBot Quebec reevaluating
ChatterBot November reevaluating
ChatterBot Quebec reevaluating
ChatterBot November reevaluating
ChatterBot Quebec reevaluating
ChatterBot November reevaluating
ChatterBot Quebec reevaluating
ChatterBot Quebec reevaluating
ChatterBot November reevaluating
ChatterBot Quebec reevaluating
ChatterBot November reevaluating
2024-10-15 05:31:46.172914 November: We should add Quebec
2024-10-15 05:31:46.195142 Bravo: No
2024-10-15 05:31:46.195300 Yankee: No
2024-10-15 05:31:46.195441 Hotel: No
2024-10-15 05:31:46.195561 Foxtrot: No
2024-10-15 05:31:46.195678 India: No
2024-10-15 05:31:46.195788 Uniform: No
2024-10-15 05:31:46.195887 Sierra: No
ChatterBot November reevaluating
ChatterBot Hotel reevaluating
ChatterBot November reevaluating
ChatterBot November reevaluating
ChatterBot Hotel reevaluating
ChatterBot November reevaluating
ChatterBot Hotel reevaluating
ChatterBot November reevaluating
ChatterBot Hotel reevaluating
ChatterBot November reevaluating
ChatterBot Hotel reevaluating
ChatterBot November reevaluating
2024-10-15 05:31:46.420570 November: Quebec we want you to join our group
ChatterBot Quebec reevaluating
2024-10-15 05:31:46.428574 Quebec: No
ChatterBot Hotel reevaluating
2024-10-15 05:31:46.477138 Yankee: Bravo, Uniform and Sierra, sending you 2
2024-10-15 05:31:46.479644 Alpha: Same as last round
2024-10-15 05:31:46.480595 Bravo: Yankee, Foxtrot, November, Uniform and Sierra, sending you 2
2024-10-15 05:31:46.482708 Yankee: Hotel, sending you 4
2024-10-15 05:31:46.484717 Bravo: Hotel, sending you 3
2024-10-15 05:31:46.486721 Foxtrot: Bravo, India, November and Uniform, sending you 1
2024-10-15 05:31:46.488292 Yankee: Foxtrot, sending you 3
2024-10-15 05:31:46.490680 Bravo: India, sending you 4
2024-10-15 05:31:46.492203 Sierra: Bravo, Yankee, Foxtrot, India and November, sending you 2
2024-10-15 05:31:46.493884 Foxtrot: Yankee and Sierra, sending you 2
2024-10-15 05:31:46.496205 Yankee: India, sending you 1
2024-10-15 05:31:46.498834 India: Bravo, sending you 3
2024-10-15 05:31:46.501097 November: Bravo and Sierra, sending you 2
2024-10-15 05:31:46.503379 Quebec: Alpha, sending you 9
2024-10-15 05:31:46.503812 Uniform: Bravo, Yankee, Hotel, Foxtrot, India and November, sending you 1
2024-10-15 05:31:46.506375 Sierra: Hotel, sending you 4
2024-10-15 05:31:46.509301 Foxtrot: Hotel, sending you 3
2024-10-15 05:31:46.511739 Yankee: November, sending you 5
2024-10-15 05:31:46.513853 India: Yankee, Foxtrot, November and Uniform, sending you 1
2024-10-15 05:31:46.515917 Hotel: Bravo, Yankee, Foxtrot, India, November and Sierra, sending you 3
2024-10-15 05:31:46.518036 November: Yankee and Hotel, sending you 3
2024-10-15 05:31:46.519564 Quebec: November, sending you 8
2024-10-15 05:31:46.520028 Uniform: Sierra, sending you 2
2024-10-15 05:31:46.522746 Sierra: Uniform, sending you 3
2024-10-15 05:31:46.524874 India: Hotel and Sierra, sending you 2
2024-10-15 05:31:46.526860 Hotel: Uniform, sending you 2
2024-10-15 05:31:46.528983 November: Foxtrot, India and Uniform, sending you 1
2024-10-15 05:31:46.534865 November: Quebec, sending you 4
chatterbot Uniform submitting transactions
chatterbot Quebec submitting transactions
chatterbot Alpha submitting transactions
chatterbot Quebec submitting transactions
chatterbot Foxtrot submitting transactions
chatterbot Hotel submitting transactions
chatterbot Yankee submitting transactions
chatterbot India submitting transactions
chatterbot November submitting transactions
chatterbot Bravo submitting transactions
chatterbot Sierra submitting transactions
ChatterBot Bravo round 8
ChatterBot Alpha round 8
ChatterBot Yankee round 8
ChatterBot Hotel round 8
ChatterBot Foxtrot round 8
ChatterBot Quebec round 8
ChatterBot India round 8
ChatterBot November round 8
ChatterBot Uniform round 8
ChatterBot Sierra round 8
2024-10-15 05:31:47.560673 India: Bravo, sending you 3
2024-10-15 05:31:47.563146 Bravo: Yankee, Foxtrot, November, Uniform and Sierra, sending you 2
2024-10-15 05:31:47.566184 Hotel: Bravo, Yankee, Foxtrot, India, November and Sierra, sending you 3
2024-10-15 05:31:47.568469 Yankee: Bravo, Uniform and Sierra, sending you 2
2024-10-15 05:31:47.571325 Sierra: Bravo, Yankee, Foxtrot, India and November, sending you 2
2024-10-15 05:31:47.574861 November: Bravo and Sierra, sending you 2
2024-10-15 05:31:47.577330 Quebec: Bravo, Yankee, Hotel, Foxtrot and Uniform, sending you 2
2024-10-15 05:31:47.580321 India: Yankee, Foxtrot, November and Uniform, sending you 1
2024-10-15 05:31:47.583768 Alpha: Same as last round
2024-10-15 05:31:47.584356 Bravo: Hotel, sending you 3
2024-10-15 05:31:47.587893 Hotel: Uniform, sending you 2
2024-10-15 05:31:47.590921 Yankee: Hotel, sending you 4
2024-10-15 05:31:47.594972 Sierra: Hotel, sending you 4
2024-10-15 05:31:47.599348 Foxtrot: Bravo, India, November and Uniform, sending you 1
2024-10-15 05:31:47.603860 November: Yankee and Hotel, sending you 3
2024-10-15 05:31:47.606686 Quebec: Alpha and November, sending you 3
2024-10-15 05:31:47.609825 India: Hotel and Sierra, sending you 2
2024-10-15 05:31:47.613001 Bravo: India, sending you 4
2024-10-15 05:31:47.615897 Uniform: Bravo, Yankee, Hotel, Foxtrot, India and November, sending you 1
2024-10-15 05:31:47.618859 Yankee: Foxtrot, sending you 3
2024-10-15 05:31:47.621888 Sierra: Uniform, sending you 3
2024-10-15 05:31:47.625831 Foxtrot: Yankee and Sierra, sending you 2
2024-10-15 05:31:47.627755 November: Foxtrot, India and Uniform, sending you 1
2024-10-15 05:31:47.629678 Quebec: Sierra, sending you 1
2024-10-15 05:31:47.631457 Uniform: Sierra, sending you 2
2024-10-15 05:31:47.633724 Yankee: India, sending you 1
2024-10-15 05:31:47.635809 Foxtrot: Hotel, sending you 3
2024-10-15 05:31:47.638680 November: Quebec, sending you 4
2024-10-15 05:31:47.640352 Yankee: November, sending you 5
chatterbot Uniform submitting transactions
chatterbot Hotel submitting transactions
chatterbot Yankee submitting transactions
chatterbot India submitting transactions
chatterbot Foxtrot submitting transactions
chatterbot Quebec submitting transactions
chatterbot Sierra submitting transactions
chatterbot Bravo submitting transactions
chatterbot Alpha submitting transactions
chatterbot November submitting transactions
ChatterBot Bravo round 9
ChatterBot Alpha round 9
ChatterBot Yankee round 9
ChatterBot Hotel round 9
ChatterBot Foxtrot round 9
ChatterBot Quebec round 9
ChatterBot India round 9
ChatterBot November round 9
ChatterBot Uniform round 9
ChatterBot Sierra round 9
2024-10-15 05:31:48.981759 Bravo: Yankee, Foxtrot, November, Uniform and Sierra, sending you 2
2024-10-15 05:31:49.004541 Yankee: Bravo, Uniform and Sierra, sending you 2
2024-10-15 05:31:49.008386 Hotel: Bravo, Yankee, Foxtrot, India, November and Sierra, sending you 3
2024-10-15 05:31:49.011636 Uniform: Bravo, Yankee, Hotel, Foxtrot, India and November, sending you 1
2024-10-15 05:31:49.015182 Alpha: Same as last round
2024-10-15 05:31:49.015760 November: Bravo and Sierra, sending you 2
2024-10-15 05:31:49.019090 Bravo: Hotel, sending you 3
2024-10-15 05:31:49.021730 Foxtrot: Bravo, India, November and Uniform, sending you 1
2024-10-15 05:31:49.024751 Quebec: Alpha, sending you 9
2024-10-15 05:31:49.026262 Yankee: Hotel, sending you 4
2024-10-15 05:31:49.029139 Hotel: Uniform, sending you 2
2024-10-15 05:31:49.032371 Uniform: Sierra, sending you 2
2024-10-15 05:31:49.034783 November: Yankee, sending you 4
2024-10-15 05:31:49.037821 Bravo: India, sending you 4
2024-10-15 05:31:49.040359 Foxtrot: Yankee and Sierra, sending you 2
2024-10-15 05:31:49.043598 Quebec: November, sending you 8
2024-10-15 05:31:49.044219 Sierra: Bravo, Yankee, Foxtrot, India and November, sending you 2
2024-10-15 05:31:49.047541 Yankee: Foxtrot, sending you 3
2024-10-15 05:31:49.050620 November: Hotel and Quebec, sending you 3
2024-10-15 05:31:49.052514 Foxtrot: Hotel, sending you 3
2024-10-15 05:31:49.055361 Sierra: Hotel, sending you 4
chatterbot Bravo submitting transactions
2024-10-15 05:31:49.058997 Yankee: India, sending you 1
2024-10-15 05:31:49.063052 November: Foxtrot, India and Uniform, sending you 1
2024-10-15 05:31:49.065804 Sierra: Uniform, sending you 3
2024-10-15 05:31:49.069427 Yankee: November, sending you 5
chatterbot Foxtrot submitting transactions
chatterbot India submitting transactions
chatterbot Quebec submitting transactions
chatterbot Hotel submitting transactions
chatterbot Yankee submitting transactions
chatterbot Sierra submitting transactions
chatterbot November submitting transactions
chatterbot Alpha submitting transactions
chatterbot Uniform submitting transactions
ChatterBot Bravo round 10
ChatterBot Alpha round 10
ChatterBot Yankee round 10
ChatterBot Hotel round 10
ChatterBot Foxtrot round 10
ChatterBot Quebec round 10
ChatterBot India round 10
ChatterBot November round 10
ChatterBot Uniform round 10
ChatterBot Sierra round 10
2024-10-15 05:31:50.059455 Hotel: We should drop India
ChatterBot Foxtrot reevaluating
2024-10-15 05:31:50.073751 November: Yes
2024-10-15 05:31:50.073893 Bravo: No
2024-10-15 05:31:50.074001 Yankee: No
2024-10-15 05:31:50.074107 Foxtrot: Yes
2024-10-15 05:31:50.074209 Uniform: No
2024-10-15 05:31:50.074307 Sierra: No
ChatterBot Foxtrot reevaluating
ChatterBot Hotel reevaluating
ChatterBot Foxtrot reevaluating
ChatterBot November reevaluating
ChatterBot Hotel reevaluating
ChatterBot Foxtrot reevaluating
ChatterBot November reevaluating
ChatterBot Hotel reevaluating
ChatterBot Sierra reevaluating
ChatterBot November reevaluating
ChatterBot Hotel reevaluating
ChatterBot Foxtrot reevaluating
ChatterBot Sierra reevaluating
ChatterBot November reevaluating
ChatterBot Hotel reevaluating
ChatterBot Foxtrot reevaluating
2024-10-15 05:31:50.175689 Bravo: Yankee, Foxtrot, November, Uniform and Sierra, sending you 2
2024-10-15 05:31:50.179709 Bravo: Hotel, sending you 4
2024-10-15 05:31:50.181478 Alpha: Sending you 2
2024-10-15 05:31:50.181867 Yankee: Bravo, Uniform and Sierra, sending you 2
2024-10-15 05:31:50.184618 Bravo: India, sending you 3
2024-10-15 05:31:50.187902 Yankee: Hotel, sending you 4
2024-10-15 05:31:50.189776 Foxtrot: Bravo, Yankee, Hotel and Sierra, sending you 2
2024-10-15 05:31:50.192728 Quebec: I was attacked by India
2024-10-15 05:31:50.193018 Quebec: I'm keeping this round to protect myself
2024-10-15 05:31:50.193249 Quebec: Ow
2024-10-15 05:31:50.193597 Yankee: Foxtrot, sending you 3
2024-10-15 05:31:50.196052 India: Bravo and Sierra, sending you 2
2024-10-15 05:31:50.199307 Uniform: Bravo, Yankee, Hotel, Foxtrot, India and November, sending you 1
