ChatterBot Delta round 1
ChatterBot Uniform round 1
ChatterBot Romeo round 1
ChatterBot November round 1
ChatterBot Alpha round 1
ChatterBot Victor round 1
ChatterBot Whiskey round 1
randomSelections November: {November, Alpha, Uniform, Victor, Romeo, Whiskey, Delta, Kilo} 
2024-10-15 05:31:33.927847 November: Group up?
ChatterBot Alpha reevaluating
ChatterBot Uniform reevaluating
ChatterBot Victor reevaluating
ChatterBot Romeo reevaluating
ChatterBot Whiskey reevaluating
ChatterBot Delta reevaluating
2024-10-15 05:31:33.957743 Alpha: Yes
2024-10-15 05:31:33.958588 Uniform: Yes
2024-10-15 05:31:33.958734 Victor: Yes
2024-10-15 05:31:33.958866 Romeo: Yes
2024-10-15 05:31:33.958987 Whiskey: Yes
2024-10-15 05:31:33.959111 Delta: Yes
ChatterBot Uniform reevaluating
ChatterBot Victor reevaluating
ChatterBot Romeo reevaluating
ChatterBot Whiskey reevaluating
ChatterBot Delta reevaluating
ChatterBot Alpha reevaluating
ChatterBot Victor reevaluating
ChatterBot Romeo reevaluating
ChatterBot Whiskey reevaluating
ChatterBot Delta reevaluating
ChatterBot Alpha reevaluating
ChatterBot Uniform reevaluating
ChatterBot Romeo reevaluating
ChatterBot Whiskey reevaluating
ChatterBot Delta reevaluating
ChatterBot Alpha reevaluating
ChatterBot Uniform reevaluating
ChatterBot Victor reevaluating
ChatterBot Whiskey reevaluating
ChatterBot Delta reevaluating
ChatterBot Alpha reevaluating
ChatterBot Uniform reevaluating
ChatterBot Victor reevaluating
ChatterBot Romeo reevaluating
ChatterBot Delta reevaluating
ChatterBot Alpha reevaluating
ChatterBot Uniform reevaluating
ChatterBot Victor reevaluating
ChatterBot Romeo reevaluating
ChatterBot Whiskey reevaluating
ChatterBot Tango round 1
ChatterBot X-ray round 1
ChatterBot Kilo round 1
ChatterBot Kilo reevaluating
ChatterBot Kilo reevaluating
ChatterBot Kilo reevaluating
ChatterBot Kilo reevaluating
ChatterBot Kilo reevaluating
ChatterBot Kilo reevaluating
ChatterBot Kilo reevaluating
2024-10-15 05:31:34.217276 Kilo: Yes
ChatterBot Alpha reevaluating
ChatterBot Uniform reevaluating
ChatterBot Victor reevaluating
ChatterBot Romeo reevaluating
ChatterBot Whiskey reevaluating
ChatterBot Delta reevaluating
randomSelections X-ray: {X-ray, Delta, Alpha} 
2024-10-15 05:31:34.259797 X-ray: We should group up
ChatterBot Alpha reevaluating
2024-10-15 05:31:34.265599 Delta: No
2024-10-15 05:31:34.265966 Alpha: No
ChatterBot Alpha reevaluating
randomSelections Tango: {Tango, Delta, Victor, Kilo, X-ray, November, Whiskey} 
2024-10-15 05:31:34.279769 Tango: Let's form a team
ChatterBot Kilo reevaluating
2024-10-15 05:31:34.294118 Delta: No
2024-10-15 05:31:34.294852 Victor: No
2024-10-15 05:31:34.295783 Kilo: No
2024-10-15 05:31:34.296172 X-ray: No
2024-10-15 05:31:34.296979 November: No
2024-10-15 05:31:34.298429 Whiskey: No
ChatterBot Kilo reevaluating
ChatterBot Kilo reevaluating
ChatterBot Kilo reevaluating
ChatterBot Kilo reevaluating
ChatterBot Kilo reevaluating
2024-10-15 05:31:34.387679 November: Delta, sending you 6
2024-10-15 05:31:34.400867 November: Romeo and Whiskey, sending you 2
2024-10-15 05:31:34.402704 Romeo: Delta, sending you 3
2024-10-15 05:31:34.403691 X-ray: Delta, sending you 9
2024-10-15 05:31:34.419714 Uniform: Delta, sending you 4
2024-10-15 05:31:34.421245 Romeo: Uniform and Whiskey, sending you 2
2024-10-15 05:31:34.423117 November: Alpha and Victor, sending you 1
2024-10-15 05:31:34.424706 Whiskey: Uniform, sending you 1
2024-10-15 05:31:34.425569 Delta: Uniform and Kilo, sending you 1
2024-10-15 05:31:34.427062 Alpha: Delta, sending you 3
2024-10-15 05:31:34.428971 Tango: November, sending you 2
2024-10-15 05:31:34.430621 X-ray: Alpha, sending you 4
2024-10-15 05:31:34.431450 Kilo: Delta, November and Victor, sending you 1
2024-10-15 05:31:34.432867 Victor: Delta and Alpha, sending you 3
2024-10-15 05:31:34.434247 Uniform: Romeo, sending you 5
2024-10-15 05:31:34.435165 Romeo: November and Kilo, sending you 1
2024-10-15 05:31:34.436639 Whiskey: Romeo and Alpha, sending you 2
2024-10-15 05:31:34.438727 November: Kilo, sending you 4
2024-10-15 05:31:34.439373 Delta: Romeo, sending you 5
2024-10-15 05:31:34.440688 Alpha: Uniform, sending you 2
2024-10-15 05:31:34.441289 Tango: Victor, sending you 1
2024-10-15 05:31:34.442722 Kilo: Uniform and Alpha, sending you 2
2024-10-15 05:31:34.444023 Uniform: November and Victor, sending you 3
2024-10-15 05:31:34.444781 Victor: Romeo and Whiskey, sending you 5
2024-10-15 05:31:34.446153 Romeo: Alpha, sending you 4
2024-10-15 05:31:34.446788 Alpha: Romeo and Whiskey, sending you 4
2024-10-15 05:31:34.447981 Delta: November, sending you 3
2024-10-15 05:31:34.448626 Kilo: Romeo, sending you 4
2024-10-15 05:31:34.450155 Uniform: Alpha and Whiskey, sending you 2
2024-10-15 05:31:34.450855 Victor: Kilo, sending you 1
2024-10-15 05:31:34.452444 Romeo: Victor, sending you 6
2024-10-15 05:31:34.453848 Alpha: November, sending you 1
2024-10-15 05:31:34.454925 Delta: Victor, sending you 4
2024-10-15 05:31:34.456280 Uniform: Kilo, sending you 1
2024-10-15 05:31:34.460019 Alpha: Victor, sending you 6
chatterbot Delta submitting transactions
chatterbot Whiskey submitting transactions
chatterbot X-ray submitting transactions
chatterbot Uniform submitting transactions
chatterbot Alpha submitting transactions
chatterbot November submitting transactions
chatterbot Victor submitting transactions
chatterbot Kilo submitting transactions
chatterbot Tango submitting transactions
chatterbot Romeo submitting transactions
ChatterBot Delta round 2
2024-10-15 05:31:35.438105 Delta: We should replace Whiskey with X-ray
ChatterBot November reevaluating
ChatterBot Kilo reevaluating
ChatterBot Uniform reevaluating
ChatterBot Romeo reevaluating
ChatterBot Alpha reevaluating
ChatterBot Victor reevaluating
2024-10-15 05:31:35.503527 November: No
2024-10-15 05:31:35.503712 Kilo: No
2024-10-15 05:31:35.503848 Uniform: No
2024-10-15 05:31:35.503960 Romeo: No
2024-10-15 05:31:35.504065 Alpha: No
2024-10-15 05:31:35.504163 Victor: No
ChatterBot Kilo reevaluating
ChatterBot Uniform reevaluating
ChatterBot Romeo reevaluating
ChatterBot Alpha reevaluating
ChatterBot Victor reevaluating
ChatterBot Delta reevaluating
ChatterBot November reevaluating
ChatterBot Uniform reevaluating
ChatterBot Romeo reevaluating
ChatterBot Alpha reevaluating
ChatterBot Victor reevaluating
ChatterBot Delta reevaluating
ChatterBot November reevaluating
ChatterBot Kilo reevaluating
ChatterBot Romeo reevaluating
ChatterBot Alpha reevaluating
ChatterBot Victor reevaluating
ChatterBot Delta reevaluating
ChatterBot November reevaluating
ChatterBot Kilo reevaluating
ChatterBot Uniform reevaluating
ChatterBot Alpha reevaluating
ChatterBot Victor reevaluating
ChatterBot Delta reevaluating
ChatterBot November reevaluating
ChatterBot Kilo reevaluating
ChatterBot Uniform reevaluating
ChatterBot Romeo reevaluating
ChatterBot Victor reevaluating
ChatterBot Delta reevaluating
ChatterBot November reevaluating
ChatterBot Kilo reevaluating
ChatterBot Uniform reevaluating
ChatterBot Romeo reevaluating
ChatterBot Alpha reevaluating
ChatterBot Uniform round 2
ChatterBot Romeo round 2
ChatterBot November round 2
ChatterBot Alpha round 2
ChatterBot Victor round 2
ChatterBot Whiskey round 2
ChatterBot Tango round 2
ChatterBot X-ray round 2
ChatterBot Kilo round 2
2024-10-15 05:31:36.159564 Tango: We should group up
ChatterBot Alpha reevaluating
2024-10-15 05:31:36.165306 Alpha: No
ChatterBot Tango reevaluating
2024-10-15 05:31:36.170606 Alpha: We should add X-ray
ChatterBot November reevaluating
ChatterBot Uniform reevaluating
ChatterBot Delta reevaluating
ChatterBot Kilo reevaluating
2024-10-15 05:31:36.230228 November: Yes
2024-10-15 05:31:36.230991 Uniform: Yes
2024-10-15 05:31:36.231168 Victor: Yes
2024-10-15 05:31:36.231337 Romeo: Yes
2024-10-15 05:31:36.231496 Whiskey: Yes
2024-10-15 05:31:36.231675 Delta: Yes
2024-10-15 05:31:36.232512 Kilo: Yes
ChatterBot Alpha reevaluating
ChatterBot Uniform reevaluating
ChatterBot Delta reevaluating
ChatterBot Kilo reevaluating
ChatterBot November reevaluating
ChatterBot Alpha reevaluating
ChatterBot Delta reevaluating
ChatterBot Kilo reevaluating
ChatterBot November reevaluating
ChatterBot Alpha reevaluating
ChatterBot Uniform reevaluating
ChatterBot Delta reevaluating
ChatterBot Kilo reevaluating
ChatterBot November reevaluating
ChatterBot Alpha reevaluating
ChatterBot Uniform reevaluating
ChatterBot Delta reevaluating
ChatterBot Kilo reevaluating
ChatterBot November reevaluating
ChatterBot Alpha reevaluating
ChatterBot Uniform reevaluating
ChatterBot Delta reevaluating
ChatterBot Kilo reevaluating
ChatterBot November reevaluating
ChatterBot Alpha reevaluating
ChatterBot Uniform reevaluating
ChatterBot Kilo reevaluating
ChatterBot November reevaluating
ChatterBot Alpha reevaluating
ChatterBot Uniform reevaluating
ChatterBot Victor reevaluating
ChatterBot Delta reevaluating
2024-10-15 05:31:36.659699 Victor: We should replace Whiskey with X-ray
ChatterBot Delta reevaluating
ChatterBot November reevaluating
ChatterBot Kilo reevaluating
ChatterBot Uniform reevaluating
ChatterBot Alpha reevaluating
2024-10-15 05:31:36.692434 Delta: Yes
2024-10-15 05:31:36.692562 November: No
2024-10-15 05:31:36.692681 Kilo: No
2024-10-15 05:31:36.692779 Uniform: No
2024-10-15 05:31:36.693431 Romeo: No
2024-10-15 05:31:36.693526 Alpha: No
ChatterBot November reevaluating
ChatterBot Kilo reevaluating
ChatterBot Uniform reevaluating
ChatterBot Alpha reevaluating
ChatterBot Victor reevaluating
ChatterBot Delta reevaluating
ChatterBot Kilo reevaluating
ChatterBot Uniform reevaluating
ChatterBot Alpha reevaluating
ChatterBot Victor reevaluating
ChatterBot Delta reevaluating
ChatterBot November reevaluating
ChatterBot Uniform reevaluating
ChatterBot Alpha reevaluating
ChatterBot Victor reevaluating
ChatterBot Delta reevaluating
ChatterBot November reevaluating
ChatterBot Kilo reevaluating
ChatterBot Alpha reevaluating
ChatterBot Victor reevaluating
ChatterBot Delta reevaluating
ChatterBot November reevaluating
ChatterBot Kilo reevaluating
ChatterBot Uniform reevaluating
ChatterBot Alpha reevaluating
ChatterBot Victor reevaluating
ChatterBot Delta reevaluating
ChatterBot November reevaluating
ChatterBot Kilo reevaluating
ChatterBot Uniform reevaluating
ChatterBot Victor reevaluating
2024-10-15 05:31:37.059569 X-ray: Can we be friends?
ChatterBot Tango reevaluating
2024-10-15 05:31:37.065431 Tango: Yes
2024-10-15 05:31:37.092793 Delta: X-ray we want you to join our group
2024-10-15 05:31:37.098593 X-ray: No
ChatterBot Delta reevaluating
ChatterBot November reevaluating
ChatterBot Alpha reevaluating
chatterbot Romeo submitting transactions
2024-10-15 05:31:37.511507 Whiskey: Uniform, Romeo, November, Alpha and Victor, sending you 1
2024-10-15 05:31:37.512002 Tango: Sending you 2
2024-10-15 05:31:37.512184 Uniform: Delta, Romeo, Alpha and Whiskey, sending you 3
2024-10-15 05:31:37.513309 X-ray: Sending you 13
2024-10-15 05:31:37.513510 Romeo: Delta, Uniform, Alpha, Victor and Kilo, sending you 3
2024-10-15 05:31:37.514008 Alpha: X-ray we want you to join our group
2024-10-15 05:31:37.519579 X-ray: No
2024-10-15 05:31:37.554589 Uniform: November and Victor, sending you 2
2024-10-15 05:31:37.555128 Romeo: November and Whiskey, sending you 2
2024-10-15 05:31:37.998295 Victor: Delta, sending you 3
2024-10-15 05:31:37.998824 Kilo: Delta and Uniform, sending you 2
2024-10-15 05:31:37.999703 Uniform: Kilo, sending you 4
chatterbot November submitting transactions
chatterbot Uniform submitting transactions
chatterbot Whiskey submitting transactions
chatterbot Alpha submitting transactions
chatterbot Kilo submitting transactions
2024-10-15 05:31:38.085740 Victor: Uniform, sending you 2
2024-10-15 05:31:38.086998 Kilo: Romeo and Victor, sending you 1
2024-10-15 05:31:38.087449 November: Delta and Uniform, sending you 5
2024-10-15 05:31:38.088388 Alpha: Delta, sending you 1
chatterbot Delta submitting transactions
2024-10-15 05:31:38.167553 Kilo: November, sending you 5
2024-10-15 05:31:38.168187 Victor: Romeo and Alpha, sending you 5
2024-10-15 05:31:38.169255 Delta: Uniform, Romeo and Alpha, sending you 2
2024-10-15 05:31:38.169702 November: Romeo, Alpha and Kilo, sending you 2
2024-10-15 05:31:38.170792 Alpha: Uniform, November, Whiskey and Kilo, sending you 2
chatterbot Victor submitting transactions
2024-10-15 05:31:38.451862 Victor: November and Kilo, sending you 1
2024-10-15 05:31:38.453898 Delta: November, sending you 3
2024-10-15 05:31:38.454707 Alpha: Romeo and X-ray, sending you 4
chatterbot Tango submitting transactions
chatterbot X-ray submitting transactions
2024-10-15 05:31:38.475177 Delta: Victor, sending you 1
2024-10-15 05:31:38.475800 Alpha: Victor, sending you 3
ChatterBot Delta round 3
ChatterBot Uniform round 3
ChatterBot Romeo round 3
ChatterBot November round 3
ChatterBot Alpha round 3
ChatterBot Victor round 3
ChatterBot Whiskey round 3
2024-10-15 05:31:38.484261 Delta: X-ray, sending you 4
ChatterBot Tango round 3
ChatterBot X-ray round 3
ChatterBot Kilo round 3
2024-10-15 05:31:38.512430 Romeo: We should drop Whiskey
ChatterBot Kilo reevaluating
ChatterBot Uniform reevaluating
2024-10-15 05:31:38.535265 Delta: Yes
2024-10-15 05:31:38.535696 November: Yes
2024-10-15 05:31:38.536707 Kilo: Yes
2024-10-15 05:31:38.536981 Uniform: Yes
2024-10-15 05:31:38.537288 Alpha: Yes
2024-10-15 05:31:38.537583 Victor: No
ChatterBot Kilo reevaluating
ChatterBot Uniform reevaluating
ChatterBot Kilo reevaluating
ChatterBot Uniform reevaluating
ChatterBot Uniform reevaluating
ChatterBot Kilo reevaluating
ChatterBot Victor reevaluating
ChatterBot Kilo reevaluating
ChatterBot Uniform reevaluating
ChatterBot Victor reevaluating
ChatterBot Kilo reevaluating
ChatterBot Uniform reevaluating
2024-10-15 05:31:38.671041 X-ray: We should add Kilo
ChatterBot Tango reevaluating
2024-10-15 05:31:38.675956 Tango: Yes
2024-10-15 05:31:38.689594 Delta: We should drop X-ray
ChatterBot Kilo reevaluating
ChatterBot Uniform reevaluating
ChatterBot Victor reevaluating
2024-10-15 05:31:38.711052 November: Yes
2024-10-15 05:31:38.711279 Kilo: Yes
2024-10-15 05:31:38.711447 Uniform: Yes
2024-10-15 05:31:38.711575 Romeo: Yes
2024-10-15 05:31:38.712321 Alpha: Yes
2024-10-15 05:31:38.712457 Victor: Yes
ChatterBot Kilo reevaluating
ChatterBot Uniform reevaluating
ChatterBot Victor reevaluating
ChatterBot Uniform reevaluating
ChatterBot Victor reevaluating
ChatterBot Kilo reevaluating
ChatterBot Victor reevaluating
ChatterBot Kilo reevaluating
ChatterBot Uniform reevaluating
ChatterBot Victor reevaluating
ChatterBot Kilo reevaluating
ChatterBot Uniform reevaluating
ChatterBot Victor reevaluating
ChatterBot Kilo reevaluating
ChatterBot Uniform reevaluating
2024-10-15 05:31:38.825805 Alpha: We should drop X-ray and Whiskey
ChatterBot Kilo reevaluating
ChatterBot Uniform reevaluating
ChatterBot Victor reevaluating
2024-10-15 05:31:38.843747 Delta: Yes
2024-10-15 05:31:38.843911 November: Yes
2024-10-15 05:31:38.844518 Kilo: Yes
2024-10-15 05:31:38.844634 Uniform: Yes
2024-10-15 05:31:38.844731 Romeo: Yes
2024-10-15 05:31:38.844817 Victor: Yes
ChatterBot Kilo reevaluating
ChatterBot Uniform reevaluating
ChatterBot Victor reevaluating
ChatterBot Kilo reevaluating
ChatterBot Uniform reevaluating
ChatterBot Victor reevaluating
ChatterBot Uniform reevaluating
ChatterBot Victor reevaluating
ChatterBot Kilo reevaluating
ChatterBot Victor reevaluating
ChatterBot Kilo reevaluating
ChatterBot Uniform reevaluating
ChatterBot Victor reevaluating
ChatterBot Kilo reevaluating
ChatterBot Uniform reevaluating
2024-10-15 05:31:38.952771 X-ray: Kilo we want you to join our group
2024-10-15 05:31:38.955734 Kilo: No
ChatterBot X-ray reevaluating
ChatterBot Tango reevaluating
2024-10-15 05:31:38.963391 X-ray: We should add Whiskey
ChatterBot Tango reevaluating
2024-10-15 05:31:38.966810 Tango: Yes
ChatterBot X-ray reevaluating
2024-10-15 05:31:38.990392 Whiskey: Uniform, Romeo, November, Alpha and Victor, sending you 1
2024-10-15 05:31:38.990979 Romeo: Delta, Uniform, Alpha and Kilo, sending you 3
2024-10-15 05:31:38.992217 Tango: Whiskey we want you to join our group
2024-10-15 05:31:38.995545 Whiskey: No
ChatterBot X-ray reevaluating
2024-10-15 05:31:39.002701 Delta: Sorry, I'm actually sending you 0
2024-10-15 05:31:39.003553 Romeo: November, sending you 2
2024-10-15 05:31:39.029866 November: Delta and Kilo, sending you 4
2024-10-15 05:31:39.030370 Delta: Uniform, Romeo, Alpha and Victor, sending you 2
2024-10-15 05:31:39.031245 Alpha: Delta, Uniform and November, sending you 3
2024-10-15 05:31:39.031661 Romeo: Victor, sending you 5
chatterbot Romeo submitting transactions
2024-10-15 05:31:39.032849 November: Uniform, sending you 3
2024-10-15 05:31:39.033199 Kilo: Delta, Alpha and Victor, sending you 1
2024-10-15 05:31:39.067173 Victor: Delta and Uniform, sending you 3
2024-10-15 05:31:39.068370 Delta: November, sending you 5
2024-10-15 05:31:39.069482 Uniform: Delta, Alpha, Victor and Kilo, sending you 3
2024-10-15 05:31:39.070127 Kilo: Uniform and Romeo, sending you 2
2024-10-15 05:31:39.071254 Alpha: Romeo, sending you 4
2024-10-15 05:31:39.071811 Tango: Whiskey and X-ray, sending you 2
2024-10-15 05:31:39.072170 November: Romeo and Alpha, sending you 2
2024-10-15 05:31:39.073367 Victor: Romeo and Alpha, sending you 5
2024-10-15 05:31:39.092608 Delta: Kilo, sending you 1
2024-10-15 05:31:39.094139 Uniform: Romeo and November, sending you 4
2024-10-15 05:31:39.094838 Kilo: November, sending you 4
2024-10-15 05:31:39.096055 Alpha: Victor, sending you 5
2024-10-15 05:31:39.096720 November: Victor, sending you 1
2024-10-15 05:31:39.097952 Victor: Kilo, sending you 1
2024-10-15 05:31:39.110597 Alpha: Kilo, sending you 2
2024-10-15 05:31:39.111169 X-ray: Tango, sending you 11
2024-10-15 05:31:39.113817 X-ray: Kilo, sending you 2
chatterbot Uniform submitting transactions
chatterbot Tango submitting transactions
chatterbot Delta submitting transactions
chatterbot November submitting transactions
chatterbot Kilo submitting transactions
chatterbot Victor submitting transactions
chatterbot Whiskey submitting transactions
chatterbot Alpha submitting transactions
chatterbot X-ray submitting transactions
ChatterBot Delta round 4
ChatterBot Uniform round 4
ChatterBot Romeo round 4
ChatterBot November round 4
ChatterBot Alpha round 4
ChatterBot Victor round 4
ChatterBot Whiskey round 4
ChatterBot Tango round 4
ChatterBot X-ray round 4
ChatterBot Kilo round 4
2024-10-15 05:31:40.465006 Delta: We should drop Kilo
2024-10-15 05:31:40.492942 Uniform: No
2024-10-15 05:31:40.493866 Romeo: No
2024-10-15 05:31:40.494038 November: No
2024-10-15 05:31:40.494218 Alpha: No
2024-10-15 05:31:40.494409 Victor: No
2024-10-15 05:31:40.669708 X-ray: We should replace Kilo with Delta
ChatterBot Tango reevaluating
2024-10-15 05:31:40.676089 Tango: No
ChatterBot X-ray reevaluating
2024-10-15 05:31:40.696916 X-ray: We should replace Kilo with Whiskey
ChatterBot Tango reevaluating
2024-10-15 05:31:40.703531 Tango: No
ChatterBot X-ray reevaluating
2024-10-15 05:31:40.745150 Uniform: Delta, Alpha, Victor and Kilo, sending you 3
2024-10-15 05:31:40.746812 Alpha: Delta, Uniform and November, sending you 3
2024-10-15 05:31:40.748447 X-ray: Whiskey we want you to join our group
2024-10-15 05:31:40.751880 Whiskey: No
ChatterBot Tango reevaluating
ChatterBot X-ray reevaluating
2024-10-15 05:31:40.760079 Delta: Uniform, Romeo and Victor, sending you 3
2024-10-15 05:31:40.761253 November: Delta, sending you 5
2024-10-15 05:31:40.761897 Victor: Delta and Uniform, sending you 3
2024-10-15 05:31:40.763319 Uniform: Romeo and November, sending you 4
2024-10-15 05:31:40.764465 Alpha: Romeo, sending you 4
2024-10-15 05:31:40.765378 Delta: November, sending you 4
2024-10-15 05:31:40.766426 Romeo: Delta, Uniform, November, Alpha and Kilo, sending you 3
2024-10-15 05:31:40.767056 November: Uniform and Kilo, sending you 3
2024-10-15 05:31:40.768335 Whiskey: Uniform, Romeo, November, Alpha and Victor, sending you 1
2024-10-15 05:31:40.769684 Kilo: Delta, Alpha and Victor, sending you 1
2024-10-15 05:31:40.771031 Tango: We should drop Whiskey
ChatterBot X-ray reevaluating
2024-10-15 05:31:40.774831 X-ray: Yes
2024-10-15 05:31:40.778081 X-ray: We should replace Kilo with Alpha
2024-10-15 05:31:40.781392 Tango: No
ChatterBot X-ray reevaluating
2024-10-15 05:31:40.785199 Victor: Romeo, sending you 5
2024-10-15 05:31:40.786773 Alpha: Victor, sending you 5
2024-10-15 05:31:40.788252 Delta: Alpha, sending you 1
2024-10-15 05:31:40.788881 Romeo: Victor, sending you 4
2024-10-15 05:31:40.790356 November: Romeo and Alpha, sending you 2
2024-10-15 05:31:40.791191 Kilo: Uniform and Romeo, sending you 2
2024-10-15 05:31:40.792562 Alpha: Kilo, sending you 2
2024-10-15 05:31:40.794 Victor: November and Kilo, sending you 1
2024-10-15 05:31:40.795691 November: Victor, sending you 1
2024-10-15 05:31:40.798143 Kilo: November, sending you 4
2024-10-15 05:31:40.803654 Victor: Alpha, sending you 4
2024-10-15 05:31:40.805373 X-ray: Delta we want you to join our group
2024-10-15 05:31:40.811655 Delta: No
ChatterBot X-ray reevaluating
ChatterBot Tango reevaluating
2024-10-15 05:31:40.826586 Tango: We should replace Whiskey with Alpha
ChatterBot X-ray reevaluating
2024-10-15 05:31:40.833625 X-ray: Yes
ChatterBot Tango reevaluating
2024-10-15 05:31:40.854500 X-ray: Alpha we want you to join our group
2024-10-15 05:31:40.861235 Alpha: No
ChatterBot X-ray reevaluating
ChatterBot Tango reevaluating
2024-10-15 05:31:40.881847 Tango: We should add Delta
ChatterBot X-ray reevaluating
2024-10-15 05:31:40.917102 X-ray: No
ChatterBot Tango reevaluating
chatterbot Uniform submitting transactions
chatterbot Victor submitting transactions
chatterbot Delta submitting transactions
chatterbot Alpha submitting transactions
chatterbot Kilo submitting transactions
2024-10-15 05:31:41.504140 X-ray: Alpha, sending you 6
2024-10-15 05:31:41.515187 X-ray: Tango, sending you 7
chatterbot Whiskey submitting transactions
chatterbot X-ray submitting transactions
chatterbot Romeo submitting transactions
chatterbot November submitting transactions
chatterbot Tango submitting transactions
ChatterBot Delta round 5
ChatterBot Uniform round 5
ChatterBot Romeo round 5
ChatterBot November round 5
ChatterBot Alpha round 5
ChatterBot Victor round 5
ChatterBot Whiskey round 5
ChatterBot Tango round 5
ChatterBot X-ray round 5
ChatterBot Kilo round 5
2024-10-15 05:31:42.203561 X-ray: We should replace Alpha with Delta
2024-10-15 05:31:42.209037 Tango: No
ChatterBot X-ray reevaluating
2024-10-15 05:31:42.217816 X-ray: We should replace Alpha with Kilo
2024-10-15 05:31:42.220497 Tango: No
ChatterBot X-ray reevaluating
2024-10-15 05:31:42.224162 Victor: Delta and Uniform, sending you 3
2024-10-15 05:31:42.225593 Delta: Uniform, Romeo and Victor, sending you 3
2024-10-15 05:31:42.226151 Uniform: Delta, Alpha, Victor and Kilo, sending you 3
2024-10-15 05:31:42.230040 Victor: Romeo, sending you 5
2024-10-15 05:31:42.230810 Romeo: Delta, Uniform, November, Alpha and Kilo, sending you 3
2024-10-15 05:31:42.231442 Delta: November, sending you 4
2024-10-15 05:31:42.232448 Uniform: Romeo and November, sending you 4
2024-10-15 05:31:42.233271 Tango: Sending you 1
2024-10-15 05:31:42.233543 November: Delta, sending you 5
2024-10-15 05:31:42.234721 Whiskey: Uniform, Romeo, November, Alpha and Victor, sending you 1
2024-10-15 05:31:42.235356 Victor: November and Kilo, sending you 1
2024-10-15 05:31:42.235924 Delta: Alpha, sending you 1
2024-10-15 05:31:42.236922 Romeo: Victor, sending you 4
2024-10-15 05:31:42.237696 Alpha: Delta, Uniform and November, sending you 3
2024-10-15 05:31:42.238902 Kilo: Delta and Victor, sending you 1
2024-10-15 05:31:42.239467 November: Uniform and Kilo, sending you 3
2024-10-15 05:31:42.240097 Victor: Alpha, sending you 4
2024-10-15 05:31:42.243700 Alpha: Romeo, sending you 4
2024-10-15 05:31:42.244763 Kilo: Uniform, Romeo and Alpha, sending you 2
2024-10-15 05:31:42.246070 November: Romeo and Alpha, sending you 2
2024-10-15 05:31:42.248072 X-ray: Alpha, sending you 5
2024-10-15 05:31:42.248628 Alpha: Victor, sending you 5
2024-10-15 05:31:42.250669 Kilo: November, sending you 3
2024-10-15 05:31:42.251656 November: Victor, sending you 1
2024-10-15 05:31:42.253278 X-ray: Tango, sending you 8
2024-10-15 05:31:42.253652 Alpha: Kilo, sending you 2
chatterbot Tango submitting transactions
chatterbot Kilo submitting transactions
chatterbot Romeo submitting transactions
chatterbot Uniform submitting transactions
chatterbot November submitting transactions
chatterbot Alpha submitting transactions
chatterbot Victor submitting transactions
chatterbot Whiskey submitting transactions
chatterbot X-ray submitting transactions
chatterbot Delta submitting transactions
ChatterBot Delta round 6
ChatterBot Uniform round 6
ChatterBot Romeo round 6
ChatterBot November round 6
ChatterBot Alpha round 6
ChatterBot Victor round 6
ChatterBot Whiskey round 6
ChatterBot Tango round 6
ChatterBot X-ray round 6
ChatterBot Kilo round 6
2024-10-15 05:31:43.410255 X-ray: We should replace Alpha with Kilo
2024-10-15 05:31:43.413676 Tango: No
ChatterBot X-ray reevaluating
2024-10-15 05:31:43.424425 Tango: We should add Delta
ChatterBot X-ray reevaluating
2024-10-15 05:31:43.428858 X-ray: Yes
ChatterBot Tango reevaluating
2024-10-15 05:31:43.433585 X-ray: We should replace Alpha with Delta
ChatterBot Tango reevaluating
2024-10-15 05:31:43.437232 Tango: No
ChatterBot X-ray reevaluating
2024-10-15 05:31:43.441096 Uniform: Delta, Alpha, Victor and Kilo, sending you 3
2024-10-15 05:31:43.442152 Tango: We should add Kilo
ChatterBot X-ray reevaluating
2024-10-15 05:31:43.445109 X-ray: No
ChatterBot Tango reevaluating
2024-10-15 05:31:43.449863 Romeo: Delta, Uniform, November, Alpha and Kilo, sending you 3
2024-10-15 05:31:43.450605 Delta: Uniform and Alpha, sending you 2
2024-10-15 05:31:43.450942 November: Delta, sending you 4
2024-10-15 05:31:43.451444 Uniform: Romeo and November, sending you 4
2024-10-15 05:31:43.452803 Romeo: Victor, sending you 4
2024-10-15 05:31:43.453693 Alpha: Delta, Uniform and November, sending you 3
2024-10-15 05:31:43.455666 Delta: Romeo and Victor, sending you 3
2024-10-15 05:31:43.456196 November: Uniform, Romeo and Kilo, sending you 3
2024-10-15 05:31:43.456952 Kilo: Uniform and Alpha, sending you 2
2024-10-15 05:31:43.458425 Victor: Delta and Uniform, sending you 3
2024-10-15 05:31:43.459559 Whiskey: Uniform, Romeo, November, Alpha and Victor, sending you 1
2024-10-15 05:31:43.460379 November: Alpha, sending you 2
2024-10-15 05:31:43.462075 Kilo: Romeo and November, sending you 3
2024-10-15 05:31:43.463032 Alpha: Romeo, sending you 4
2024-10-15 05:31:43.464334 Delta: November, sending you 4
2024-10-15 05:31:43.464834 Victor: Romeo, sending you 4
2024-10-15 05:31:43.467072 November: Victor, sending you 1
2024-10-15 05:31:43.467855 Kilo: Victor, sending you 1
2024-10-15 05:31:43.468677 Alpha: Victor, sending you 5
2024-10-15 05:31:43.470011 Victor: November and Kilo, sending you 1
2024-10-15 05:31:43.473677 Alpha: Kilo, sending you 2
2024-10-15 05:31:43.474540 Victor: Alpha, sending you 5
2024-10-15 05:31:43.476067 X-ray: Alpha, sending you 4
2024-10-15 05:31:43.478679 X-ray: Tango, sending you 9
2024-10-15 05:31:43.481670 Tango: Same as last round
chatterbot November submitting transactions
chatterbot Whiskey submitting transactions
chatterbot Tango submitting transactions
chatterbot Kilo submitting transactions
chatterbot Alpha submitting transactions
chatterbot X-ray submitting transactions
chatterbot Victor submitting transactions
chatterbot Delta submitting transactions
chatterbot Uniform submitting transactions
chatterbot Romeo submitting transactions
ChatterBot Delta round 7
ChatterBot Uniform round 7
ChatterBot Romeo round 7
ChatterBot November round 7
ChatterBot Alpha round 7
ChatterBot Victor round 7
ChatterBot Whiskey round 7
ChatterBot Tango round 7
ChatterBot X-ray round 7
ChatterBot Kilo round 7
2024-10-15 05:31:44.666538 X-ray: We should replace Alpha with Kilo
2024-10-15 05:31:44.671840 Tango: No
ChatterBot X-ray reevaluating
2024-10-15 05:31:44.710947 X-ray: We should replace Alpha with Delta
2024-10-15 05:31:44.716834 Tango: No
ChatterBot X-ray reevaluating
2024-10-15 05:31:44.728034 Romeo: Delta, Uniform, November, Alpha and Kilo, sending you 3
2024-10-15 05:31:44.730050 X-ray: Kilo we want you to join our group
2024-10-15 05:31:44.734846 Kilo: No
ChatterBot X-ray reevaluating
2024-10-15 05:31:44.744068 Delta: Uniform and Alpha, sending you 2
2024-10-15 05:31:44.744877 Tango: Same as last round
2024-10-15 05:31:44.745811 Romeo: Victor, sending you 4
2024-10-15 05:31:44.750067 Alpha: Delta, Uniform and November, sending you 3
2024-10-15 05:31:44.751682 Delta: Romeo and Victor, sending you 3
2024-10-15 05:31:44.752331 Whiskey: Uniform, Romeo, November, Alpha and Victor, sending you 1
2024-10-15 05:31:44.753900 Kilo: Uniform and Alpha, sending you 2
2024-10-15 05:31:44.755463 November: Delta, sending you 4
2024-10-15 05:31:44.756893 Victor: Delta and Uniform, sending you 3
2024-10-15 05:31:44.758649 Uniform: Delta, Alpha, Victor and Kilo, sending you 3
2024-10-15 05:31:44.759704 Alpha: Romeo, sending you 4
2024-10-15 05:31:44.761409 Delta: November, sending you 4
2024-10-15 05:31:44.762607 Kilo: Romeo and November, sending you 3
2024-10-15 05:31:44.764547 November: Uniform, Romeo and Kilo, sending you 3
2024-10-15 05:31:44.765472 Uniform: Romeo and November, sending you 4
2024-10-15 05:31:44.767652 Victor: Romeo, sending you 4
2024-10-15 05:31:44.769321 Alpha: Victor, sending you 5
2024-10-15 05:31:44.770985 Kilo: Victor, sending you 1
2024-10-15 05:31:44.772695 November: Alpha, sending you 2
2024-10-15 05:31:44.774455 Victor: November and Kilo, sending you 1
2024-10-15 05:31:44.776192 Alpha: Kilo, sending you 2
2024-10-15 05:31:44.777684 November: Victor, sending you 1
2024-10-15 05:31:44.798742 Victor: Alpha, sending you 5
2024-10-15 05:31:44.807220 X-ray: Tango, sending you 11
2024-10-15 05:31:44.812678 X-ray: Kilo, sending you 2
chatterbot Romeo submitting transactions
chatterbot Alpha submitting transactions
chatterbot Victor submitting transactions
chatterbot Tango submitting transactions
chatterbot Delta submitting transactions
chatterbot November submitting transactions
chatterbot Uniform submitting transactions
chatterbot Kilo submitting transactions
chatterbot X-ray submitting transactions
chatterbot Whiskey submitting transactions
ChatterBot Delta round 8
ChatterBot Uniform round 8
ChatterBot Romeo round 8
ChatterBot November round 8
ChatterBot Alpha round 8
ChatterBot Victor round 8
ChatterBot Whiskey round 8
ChatterBot Tango round 8
ChatterBot X-ray round 8
ChatterBot Kilo round 8
2024-10-15 05:31:45.977664 Delta: Uniform and Alpha, sending you 2
2024-10-15 05:31:45.983674 Delta: Romeo and Victor, sending you 3
2024-10-15 05:31:45.986250 November: Delta, sending you 4
2024-10-15 05:31:45.988529 Alpha: Delta, Uniform and November, sending you 3
2024-10-15 05:31:45.990992 Delta: November, sending you 4
2024-10-15 05:31:45.992177 Uniform: Delta, Alpha, Victor and Kilo, sending you 3
2024-10-15 05:31:45.995142 November: Uniform, Romeo, Alpha and Kilo, sending you 3
2024-10-15 05:31:45.997417 Whiskey: Uniform, Romeo, November, Alpha and Victor, sending you 1
2024-10-15 05:31:45.999847 Alpha: Romeo, sending you 4
2024-10-15 05:31:46.002334 Tango: Same as last round
2024-10-15 05:31:46.002808 X-ray: Tango, sending you 11
2024-10-15 05:31:46.003340 Victor: Delta and Uniform, sending you 3
2024-10-15 05:31:46.005630 Romeo: Delta, Uniform, November, Alpha and Kilo, sending you 3
2024-10-15 05:31:46.008102 Uniform: Romeo and November, sending you 4
2024-10-15 05:31:46.010226 Kilo: Uniform and Alpha, sending you 2
2024-10-15 05:31:46.012056 Alpha: Victor, sending you 5
2024-10-15 05:31:46.013974 X-ray: Kilo, sending you 2
2024-10-15 05:31:46.014571 Victor: Romeo, sending you 4
2024-10-15 05:31:46.016709 Romeo: Victor, sending you 4
2024-10-15 05:31:46.018567 Kilo: Romeo and November, sending you 3
2024-10-15 05:31:46.020141 Alpha: Kilo, sending you 2
2024-10-15 05:31:46.022204 Victor: November and Kilo, sending you 1
2024-10-15 05:31:46.024938 Kilo: Victor, sending you 1
2024-10-15 05:31:46.028732 Victor: Alpha, sending you 5
chatterbot Victor submitting transactions
chatterbot Kilo submitting transactions
chatterbot Tango submitting transactions
chatterbot Alpha submitting transactions
chatterbot Romeo submitting transactions
chatterbot November submitting transactions
chatterbot Whiskey submitting transactions
chatterbot Uniform submitting transactions
chatterbot X-ray submitting transactions
chatterbot Delta submitting transactions
ChatterBot Delta round 9
ChatterBot Uniform round 9
ChatterBot Romeo round 9
ChatterBot November round 9
ChatterBot Alpha round 9
ChatterBot Victor round 9
ChatterBot Whiskey round 9
ChatterBot Tango round 9
ChatterBot X-ray round 9
ChatterBot Kilo round 9
2024-10-15 05:31:46.970685 Delta: Uniform and Alpha, sending you 2
2024-10-15 05:31:46.974671 Whiskey: Uniform, Romeo, November, Alpha and Victor, sending you 1
2024-10-15 05:31:46.975721 November: Delta, sending you 4
2024-10-15 05:31:46.976851 X-ray: Tango, sending you 13
2024-10-15 05:31:46.977885 Delta: Romeo and Victor, sending you 3
2024-10-15 05:31:46.978668 Uniform: Delta, Alpha, Victor and Kilo, sending you 3
2024-10-15 05:31:46.980364 Tango: Same as last round
2024-10-15 05:31:46.980836 Delta: November, sending you 4
2024-10-15 05:31:46.981701 November: Uniform, Romeo, Alpha and Kilo, sending you 3
2024-10-15 05:31:46.983724 Alpha: Delta, Uniform and November, sending you 3
2024-10-15 05:31:46.985770 Romeo: Delta, Uniform, November, Alpha and Kilo, sending you 3
2024-10-15 05:31:46.986937 Uniform: Romeo and November, sending you 4
2024-10-15 05:31:46.990668 Alpha: Romeo, sending you 4
2024-10-15 05:31:46.991912 Victor: Delta and Uniform, sending you 3
2024-10-15 05:31:46.993568 Kilo: Uniform and Alpha, sending you 2
2024-10-15 05:31:46.994554 Romeo: Victor, sending you 4
2024-10-15 05:31:46.996666 Alpha: Victor, sending you 5
2024-10-15 05:31:46.997620 Victor: Romeo, sending you 4
2024-10-15 05:31:46.999451 Kilo: Romeo and November, sending you 3
2024-10-15 05:31:47.000452 Alpha: Kilo, sending you 2
2024-10-15 05:31:47.002678 Victor: November and Kilo, sending you 1
2024-10-15 05:31:47.004675 Kilo: Victor, sending you 1
2024-10-15 05:31:47.005956 Victor: Alpha, sending you 5
chatterbot Uniform submitting transactions
chatterbot Whiskey submitting transactions
chatterbot Victor submitting transactions
chatterbot Romeo submitting transactions
chatterbot Tango submitting transactions
chatterbot Kilo submitting transactions
chatterbot X-ray submitting transactions
chatterbot Alpha submitting transactions
chatterbot Delta submitting transactions
chatterbot November submitting transactions
ChatterBot Delta round 10
ChatterBot Uniform round 10
ChatterBot Romeo round 10
ChatterBot November round 10
ChatterBot Alpha round 10
ChatterBot Victor round 10
ChatterBot Whiskey round 10
ChatterBot Tango round 10
ChatterBot X-ray round 10
ChatterBot Kilo round 10
2024-10-15 05:31:48.248349 Victor: Delta and Uniform, sending you 3
2024-10-15 05:31:48.251887 X-ray: Tango, sending you 13
2024-10-15 05:31:48.253159 Whiskey: Uniform, Romeo, November, Alpha and Victor, sending you 1
2024-10-15 05:31:48.255631 November: Delta, sending you 4
2024-10-15 05:31:48.257971 Alpha: Delta, Uniform and November, sending you 3
2024-10-15 05:31:48.260981 Kilo: Uniform and Alpha, sending you 2
2024-10-15 05:31:48.263332 Uniform: Delta, Alpha, Victor and Kilo, sending you 3
2024-10-15 05:31:48.265394 Romeo: Delta, Uniform, November, Alpha and Kilo, sending you 3
2024-10-15 05:31:48.268184 Tango: Same as last round
2024-10-15 05:31:48.268621 Delta: Uniform and Alpha, sending you 2
2024-10-15 05:31:48.270636 Victor: Romeo, sending you 4
2024-10-15 05:31:48.273664 November: Uniform, Romeo, Alpha and Kilo, sending you 3
2024-10-15 05:31:48.276067 Alpha: Romeo, sending you 4
2024-10-15 05:31:48.278645 Kilo: Romeo and November, sending you 3
2024-10-15 05:31:48.281083 Uniform: Romeo and November, sending you 4
2024-10-15 05:31:48.283374 Romeo: Victor, sending you 4
2024-10-15 05:31:48.286566 Delta: Romeo and Victor, sending you 3
2024-10-15 05:31:48.288315 Victor: November and Kilo, sending you 1
2024-10-15 05:31:48.290689 Alpha: Victor, sending you 5
2024-10-15 05:31:48.293017 Kilo: Victor, sending you 1
2024-10-15 05:31:48.295289 Delta: November, sending you 4
2024-10-15 05:31:48.297208 Victor: Alpha, sending you 5
2024-10-15 05:31:48.299756 Alpha: Kilo, sending you 2
chatterbot Victor submitting transactions
chatterbot Alpha submitting transactions
chatterbot Tango submitting transactions
chatterbot Delta submitting transactions
chatterbot November submitting transactions
chatterbot X-ray submitting transactions
chatterbot Kilo submitting transactions
chatterbot Whiskey submitting transactions
chatterbot Uniform submitting transactions
chatterbot Romeo submitting transactions
ChatterBot Delta round 11
ChatterBot Uniform round 11
ChatterBot Romeo round 11
ChatterBot November round 11
ChatterBot Alpha round 11
ChatterBot Victor round 11
ChatterBot Whiskey round 11
ChatterBot Tango round 11
ChatterBot X-ray round 11
ChatterBot Kilo round 11
2024-10-15 05:31:49.502691 X-ray: We should replace Kilo with Alpha
2024-10-15 05:31:49.510276 Tango: No
2024-10-15 05:31:49.524499 X-ray: Alpha we want you to join our group
2024-10-15 05:31:49.531742 Alpha: No
ChatterBot X-ray reevaluating
2024-10-15 05:31:49.545111 X-ray: We should replace Kilo with Delta
2024-10-15 05:31:49.548597 Tango: No
ChatterBot X-ray reevaluating
2024-10-15 05:31:49.555680 Whiskey: Uniform, Romeo, November, Alpha and Victor, sending you 1
2024-10-15 05:31:49.557987 Victor: Delta and Uniform, sending you 3
2024-10-15 05:31:49.560601 November: Delta, sending you 4
2024-10-15 05:31:49.562636 Delta: Uniform and Alpha, sending you 2
2024-10-15 05:31:49.563678 Romeo: Delta, Uniform, November, Alpha and Kilo, sending you 3
2024-10-15 05:31:49.566482 Uniform: Delta, Alpha, Victor and Kilo, sending you 3
2024-10-15 05:31:49.568201 Tango: Same as last round
2024-10-15 05:31:49.568602 Alpha: Delta, Uniform and November, sending you 3
2024-10-15 05:31:49.570639 Victor: Romeo, sending you 4
2024-10-15 05:31:49.572794 X-ray: Delta we want you to join our group
2024-10-15 05:31:49.577251 Delta: No
ChatterBot X-ray reevaluating
ChatterBot Tango reevaluating
2024-10-15 05:31:49.589669 X-ray: We should replace Kilo with Whiskey
2024-10-15 05:31:49.590003 Tango: We should add Alpha
ChatterBot Tango reevaluating
ChatterBot X-ray reevaluating
2024-10-15 05:31:49.598504 Tango: Yes
2024-10-15 05:31:49.598679 X-ray: No
ChatterBot X-ray reevaluating
ChatterBot Tango reevaluating
2024-10-15 05:31:49.607025 November: Uniform, Romeo, Alpha and Kilo, sending you 3
2024-10-15 05:31:49.608868 Delta: Romeo and Victor, sending you 3
2024-10-15 05:31:49.610063 Romeo: Victor, sending you 4
2024-10-15 05:31:49.611635 Uniform: Romeo and November, sending you 4
2024-10-15 05:31:49.613366 Kilo: Uniform and Alpha, sending you 2
2024-10-15 05:31:49.615042 Alpha: Romeo, sending you 4
2024-10-15 05:31:49.617058 Victor: November and Kilo, sending you 1
2024-10-15 05:31:49.618683 X-ray: We should replace Kilo with Uniform
ChatterBot Tango reevaluating
2024-10-15 05:31:49.622705 Tango: No
ChatterBot X-ray reevaluating
2024-10-15 05:31:49.627282 Tango: We should add Whiskey
ChatterBot X-ray reevaluating
2024-10-15 05:31:49.630858 X-ray: Yes
ChatterBot Tango reevaluating
2024-10-15 05:31:49.635686 Delta: November, sending you 4
2024-10-15 05:31:49.637001 Kilo: Romeo and November, sending you 3
2024-10-15 05:31:49.638815 Victor: Alpha, sending you 5
2024-10-15 05:31:49.640841 Alpha: Victor, sending you 5
2024-10-15 05:31:49.643413 Tango: Whiskey we want you to join our group
