ChatterBot Romeo round 1
ChatterBot Alpha round 1
ChatterBot November round 1
ChatterBot Quebec round 1
ChatterBot Echo round 1
ChatterBot X-ray round 1
ChatterBot Golf round 1
ChatterBot Sierra round 1
ChatterBot Mike round 1
ChatterBot Charlie round 1
randomSelections Golf: {Golf, Charlie, Quebec, Mike, Alpha, November, X-ray, Romeo} 
2024-10-15 05:31:33.911637 Golf: Friends?
ChatterBot Charlie reevaluating
ChatterBot Quebec reevaluating
ChatterBot Mike reevaluating
ChatterBot Alpha reevaluating
ChatterBot November reevaluating
ChatterBot X-ray reevaluating
ChatterBot Romeo reevaluating
2024-10-15 05:31:33.937851 Charlie: Yes
2024-10-15 05:31:33.938032 Quebec: Yes
2024-10-15 05:31:33.938174 Mike: Yes
2024-10-15 05:31:33.938300 Alpha: Yes
2024-10-15 05:31:33.938425 November: Yes
2024-10-15 05:31:33.938566 X-ray: Yes
2024-10-15 05:31:33.940713 Romeo: Yes
ChatterBot Quebec reevaluating
ChatterBot Mike reevaluating
ChatterBot Alpha reevaluating
ChatterBot November reevaluating
ChatterBot X-ray reevaluating
ChatterBot Romeo reevaluating
ChatterBot Charlie reevaluating
ChatterBot Mike reevaluating
ChatterBot Alpha reevaluating
ChatterBot November reevaluating
ChatterBot X-ray reevaluating
ChatterBot Romeo reevaluating
ChatterBot Charlie reevaluating
ChatterBot Quebec reevaluating
ChatterBot Alpha reevaluating
ChatterBot November reevaluating
ChatterBot X-ray reevaluating
ChatterBot Romeo reevaluating
ChatterBot Charlie reevaluating
ChatterBot Quebec reevaluating
ChatterBot Mike reevaluating
ChatterBot November reevaluating
ChatterBot X-ray reevaluating
ChatterBot Romeo reevaluating
ChatterBot Charlie reevaluating
ChatterBot Quebec reevaluating
ChatterBot Mike reevaluating
ChatterBot Alpha reevaluating
ChatterBot X-ray reevaluating
ChatterBot Romeo reevaluating
ChatterBot Charlie reevaluating
ChatterBot Quebec reevaluating
ChatterBot Mike reevaluating
ChatterBot Alpha reevaluating
ChatterBot November reevaluating
ChatterBot Romeo reevaluating
ChatterBot Charlie reevaluating
ChatterBot Quebec reevaluating
ChatterBot Mike reevaluating
ChatterBot Alpha reevaluating
ChatterBot November reevaluating
ChatterBot X-ray reevaluating
randomSelections Sierra: {Sierra, X-ray, Echo, Mike} 
2024-10-15 05:31:34.177407 Sierra: We would work well together
ChatterBot X-ray reevaluating
ChatterBot Echo reevaluating
ChatterBot Mike reevaluating
2024-10-15 05:31:34.183134 X-ray: No
2024-10-15 05:31:34.183953 Echo: Yes
2024-10-15 05:31:34.184164 Mike: No
ChatterBot Echo reevaluating
ChatterBot Mike reevaluating
ChatterBot X-ray reevaluating
ChatterBot Mike reevaluating
ChatterBot X-ray reevaluating
ChatterBot Echo reevaluating
2024-10-15 05:31:34.276167 Alpha: Romeo, sending you 5
2024-10-15 05:31:34.277388 Mike: Romeo and Golf, sending you 4
2024-10-15 05:31:34.277848 Quebec: Romeo, Alpha and Charlie, sending you 3
2024-10-15 05:31:34.279150 Golf: Romeo, Alpha, November and X-ray, sending you 3
2024-10-15 05:31:34.279715 Echo: X-ray, Sierra and Mike, sending you 4
2024-10-15 05:31:34.280833 Alpha: November, X-ray and Mike, sending you 2
2024-10-15 05:31:34.281414 Mike: Alpha, Quebec and X-ray, sending you 1
2024-10-15 05:31:34.286092 Quebec: November, sending you 4
2024-10-15 05:31:34.286988 Golf: Quebec, sending you 1
2024-10-15 05:31:34.288209 Alpha: Quebec, sending you 3
2024-10-15 05:31:34.289629 X-ray: Romeo, Alpha and Mike, sending you 3
2024-10-15 05:31:34.290213 November: Romeo and X-ray, sending you 1
2024-10-15 05:31:34.291732 Charlie: Romeo and Alpha, sending you 3
2024-10-15 05:31:34.292295 Mike: November and Charlie, sending you 2
2024-10-15 05:31:34.293532 Quebec: X-ray, sending you 1
2024-10-15 05:31:34.294347 Golf: Mike and Charlie, sending you 2
2024-10-15 05:31:34.295960 Alpha: Golf and Charlie, sending you 1
2024-10-15 05:31:34.297281 X-ray: Quebec, sending you 2
2024-10-15 05:31:34.299051 November: Alpha and Mike, sending you 2
2024-10-15 05:31:34.300423 Charlie: X-ray, sending you 2
2024-10-15 05:31:34.301072 Quebec: Golf and Mike, sending you 2
2024-10-15 05:31:34.304540 X-ray: Golf, sending you 4
2024-10-15 05:31:34.305481 November: Quebec, sending you 4
2024-10-15 05:31:34.306957 Charlie: Golf, sending you 4
2024-10-15 05:31:34.311220 X-ray: Charlie, sending you 1
2024-10-15 05:31:34.313207 November: Golf and Charlie, sending you 3
chatterbot November submitting transactions
chatterbot Echo submitting transactions
chatterbot Golf submitting transactions
chatterbot Charlie submitting transactions
chatterbot Sierra submitting transactions
chatterbot Mike submitting transactions
chatterbot Alpha submitting transactions
chatterbot Romeo submitting transactions
chatterbot X-ray submitting transactions
chatterbot Quebec submitting transactions
ChatterBot Romeo round 2
ChatterBot Alpha round 2
ChatterBot November round 2
ChatterBot Quebec round 2
ChatterBot Echo round 2
ChatterBot X-ray round 2
ChatterBot Golf round 2
ChatterBot Sierra round 2
ChatterBot Mike round 2
ChatterBot Charlie round 2
2024-10-15 05:31:35.476319 X-ray: We should replace Romeo with Echo
ChatterBot Mike reevaluating
ChatterBot Charlie reevaluating
2024-10-15 05:31:35.501260 Alpha: No
2024-10-15 05:31:35.501467 November: No
2024-10-15 05:31:35.501601 Quebec: No
2024-10-15 05:31:35.501751 Golf: No
2024-10-15 05:31:35.501883 Mike: No
2024-10-15 05:31:35.502021 Charlie: No
ChatterBot X-ray reevaluating
ChatterBot Mike reevaluating
ChatterBot Charlie reevaluating
ChatterBot X-ray reevaluating
ChatterBot Mike reevaluating
ChatterBot Charlie reevaluating
ChatterBot X-ray reevaluating
ChatterBot Mike reevaluating
ChatterBot Charlie reevaluating
ChatterBot X-ray reevaluating
ChatterBot Mike reevaluating
ChatterBot Charlie reevaluating
ChatterBot X-ray reevaluating
ChatterBot Charlie reevaluating
ChatterBot X-ray reevaluating
ChatterBot Mike reevaluating
2024-10-15 05:31:35.689879 November: We should drop Charlie and Romeo
ChatterBot X-ray reevaluating
ChatterBot Mike reevaluating
2024-10-15 05:31:35.715482 Alpha: No
2024-10-15 05:31:35.716434 Quebec: No
2024-10-15 05:31:35.716573 X-ray: No
2024-10-15 05:31:35.716781 Golf: No
2024-10-15 05:31:35.716980 Mike: No
ChatterBot November reevaluating
ChatterBot X-ray reevaluating
ChatterBot Mike reevaluating
ChatterBot November reevaluating
ChatterBot X-ray reevaluating
ChatterBot Mike reevaluating
ChatterBot November reevaluating
ChatterBot Mike reevaluating
ChatterBot November reevaluating
ChatterBot X-ray reevaluating
ChatterBot Mike reevaluating
ChatterBot November reevaluating
ChatterBot X-ray reevaluating
2024-10-15 05:31:35.850338 Quebec: We should drop Romeo
ChatterBot X-ray reevaluating
ChatterBot November reevaluating
ChatterBot Mike reevaluating
ChatterBot Charlie reevaluating
2024-10-15 05:31:35.880762 X-ray: Yes
2024-10-15 05:31:35.880964 Alpha: Yes
2024-10-15 05:31:35.881078 November: Yes
2024-10-15 05:31:35.881183 Golf: Yes
2024-10-15 05:31:35.881286 Mike: Yes
2024-10-15 05:31:35.881378 Charlie: Yes
ChatterBot November reevaluating
ChatterBot Mike reevaluating
ChatterBot Charlie reevaluating
ChatterBot X-ray reevaluating
ChatterBot November reevaluating
ChatterBot Mike reevaluating
ChatterBot Charlie reevaluating
ChatterBot X-ray reevaluating
ChatterBot Mike reevaluating
ChatterBot Charlie reevaluating
ChatterBot X-ray reevaluating
ChatterBot November reevaluating
ChatterBot Mike reevaluating
ChatterBot Charlie reevaluating
ChatterBot X-ray reevaluating
ChatterBot November reevaluating
ChatterBot Charlie reevaluating
ChatterBot X-ray reevaluating
ChatterBot November reevaluating
ChatterBot Mike reevaluating
2024-10-15 05:31:36.070319 Echo: We should drop X-ray and Mike
2024-10-15 05:31:36.074916 Sierra: Yes
ChatterBot Echo reevaluating
2024-10-15 05:31:36.080739 Echo: We would work well together
ChatterBot November reevaluating
2024-10-15 05:31:36.090704 Sierra: No
2024-10-15 05:31:36.090855 November: No
ChatterBot Echo reevaluating
ChatterBot November reevaluating
ChatterBot Echo reevaluating
chatterbot Alpha submitting transactions
2024-10-15 05:31:36.468519 Romeo: Alpha, sending you 3
2024-10-15 05:31:36.469859 X-ray: Echo we want you to join our group
ChatterBot Echo reevaluating
2024-10-15 05:31:36.475849 Echo: No
ChatterBot X-ray reevaluating
chatterbot Golf submitting transactions
chatterbot Sierra submitting transactions
2024-10-15 05:31:36.511847 Romeo: Quebec, X-ray, Golf and Mike, sending you 2
2024-10-15 05:31:37.263085 Alpha: Sending you each 3
2024-10-15 05:31:37.263596 Quebec: Alpha, X-ray, Golf, Mike and Charlie, sending you 3
2024-10-15 05:31:37.264772 Romeo: Charlie, sending you 1
2024-10-15 05:31:37.265201 Sierra: Sending you 10
chatterbot November submitting transactions
chatterbot Charlie submitting transactions
chatterbot Romeo submitting transactions
chatterbot Quebec submitting transactions
chatterbot Mike submitting transactions
2024-10-15 05:31:37.813881 Quebec: November, sending you 4
2024-10-15 05:31:37.814917 Golf: November, sending you 3
2024-10-15 05:31:37.815230 November: Alpha and Mike, sending you 3
2024-10-15 05:31:38.033183 Golf: Quebec, sending you 2
2024-10-15 05:31:38.033738 November: Quebec, sending you 5
2024-10-15 05:31:38.034119 Mike: Alpha, November, Quebec, X-ray and Golf, sending you 3
2024-10-15 05:31:38.035094 Charlie: Alpha and X-ray, sending you 1
chatterbot X-ray submitting transactions
2024-10-15 05:31:38.147636 November: X-ray, sending you 1
2024-10-15 05:31:38.148065 Golf: X-ray, Mike and Charlie, sending you 4
2024-10-15 05:31:38.149087 Charlie: November and Quebec, sending you 3
2024-10-15 05:31:38.149686 X-ray: Alpha and Charlie, sending you 2
2024-10-15 05:31:38.412684 November: Golf, sending you 4
2024-10-15 05:31:38.413747 X-ray: November, Quebec and Mike, sending you 1
2024-10-15 05:31:38.414460 Charlie: Golf and Mike, sending you 2
chatterbot Echo submitting transactions
2024-10-15 05:31:38.429987 X-ray: Echo, sending you 5
ChatterBot Romeo round 3
ChatterBot Alpha round 3
ChatterBot November round 3
ChatterBot Quebec round 3
ChatterBot Echo round 3
ChatterBot X-ray round 3
2024-10-15 05:31:38.468495 X-ray: Golf, sending you 4
ChatterBot Golf round 3
ChatterBot Sierra round 3
ChatterBot Mike round 3
ChatterBot Charlie round 3
2024-10-15 05:31:38.492714 Alpha: We should add Romeo
ChatterBot X-ray reevaluating
ChatterBot November reevaluating
ChatterBot Mike reevaluating
2024-10-15 05:31:38.516268 X-ray: Yes
2024-10-15 05:31:38.516559 November: No
2024-10-15 05:31:38.516796 Quebec: No
2024-10-15 05:31:38.517454 Golf: No
2024-10-15 05:31:38.517640 Mike: Yes
2024-10-15 05:31:38.517820 Charlie: No
ChatterBot November reevaluating
ChatterBot Quebec reevaluating
ChatterBot Mike reevaluating
ChatterBot X-ray reevaluating
ChatterBot Quebec reevaluating
ChatterBot Mike reevaluating
ChatterBot X-ray reevaluating
ChatterBot November reevaluating
ChatterBot Mike reevaluating
ChatterBot X-ray reevaluating
ChatterBot November reevaluating
ChatterBot Quebec reevaluating
ChatterBot Mike reevaluating
ChatterBot X-ray reevaluating
ChatterBot November reevaluating
ChatterBot Quebec reevaluating
ChatterBot X-ray reevaluating
ChatterBot November reevaluating
ChatterBot Quebec reevaluating
ChatterBot Mike reevaluating
2024-10-15 05:31:38.674846 X-ray: We should replace Echo with Romeo
ChatterBot November reevaluating
ChatterBot Quebec reevaluating
ChatterBot Mike reevaluating
2024-10-15 05:31:38.697833 Alpha: Yes
2024-10-15 05:31:38.698089 November: No
2024-10-15 05:31:38.698245 Quebec: Yes
2024-10-15 05:31:38.699051 Golf: No
2024-10-15 05:31:38.699236 Mike: Yes
2024-10-15 05:31:38.699454 Charlie: No
ChatterBot X-ray reevaluating
ChatterBot November reevaluating
ChatterBot Quebec reevaluating
ChatterBot Mike reevaluating
ChatterBot X-ray reevaluating
ChatterBot Quebec reevaluating
ChatterBot Mike reevaluating
ChatterBot X-ray reevaluating
ChatterBot November reevaluating
ChatterBot Golf reevaluating
ChatterBot Mike reevaluating
ChatterBot X-ray reevaluating
ChatterBot November reevaluating
ChatterBot Quebec reevaluating
ChatterBot Mike reevaluating
ChatterBot X-ray reevaluating
ChatterBot November reevaluating
ChatterBot Quebec reevaluating
ChatterBot Golf reevaluating
ChatterBot X-ray reevaluating
ChatterBot November reevaluating
ChatterBot Quebec reevaluating
ChatterBot Golf reevaluating
ChatterBot Mike reevaluating
2024-10-15 05:31:38.843565 Alpha: Romeo we want you to join our group
2024-10-15 05:31:38.847902 Romeo: Yes
ChatterBot Golf reevaluating
ChatterBot Quebec reevaluating
ChatterBot Mike reevaluating
ChatterBot November reevaluating
ChatterBot X-ray reevaluating
2024-10-15 05:31:38.893278 November: Charlie we want you to join our group
2024-10-15 05:31:38.897359 Charlie: Yes
ChatterBot X-ray reevaluating
ChatterBot Golf reevaluating
2024-10-15 05:31:38.918270 Romeo: Alpha, sending you 4
2024-10-15 05:31:38.918798 Mike: Romeo we want you to join our group
2024-10-15 05:31:38.922115 Romeo: Yes
ChatterBot Golf reevaluating
ChatterBot X-ray reevaluating
2024-10-15 05:31:38.945619 Quebec: Romeo we want you to join our group
2024-10-15 05:31:38.949423 Romeo: Yes
ChatterBot Golf reevaluating
ChatterBot X-ray reevaluating
2024-10-15 05:31:38.972935 Romeo: November, sending you 1
2024-10-15 05:31:38.990826 Charlie: Alpha and X-ray, sending you 2
2024-10-15 05:31:38.991985 Sierra: Sending you 14
2024-10-15 05:31:38.992264 Alpha: Romeo, November, Quebec, X-ray, Mike and Charlie, sending you 3
2024-10-15 05:31:38.992798 Echo: Sending you 3
2024-10-15 05:31:38.993672 Romeo: Quebec, X-ray, Golf and Charlie, sending you 2
2024-10-15 05:31:38.994049 X-ray: Romeo we want you to join our group
2024-10-15 05:31:38.997505 Romeo: Yes
ChatterBot Golf reevaluating
ChatterBot X-ray reevaluating
2024-10-15 05:31:39.023410 Charlie: November and Mike, sending you 1
2024-10-15 05:31:39.024418 Romeo: Mike, sending you 3
chatterbot Romeo submitting transactions
2024-10-15 05:31:39.054743 Mike: Romeo, Alpha, November, Quebec, X-ray and Charlie, sending you 2
2024-10-15 05:31:39.055777 Quebec: Romeo, sending you 1
2024-10-15 05:31:39.056912 November: Alpha, Golf and Mike, sending you 3
2024-10-15 05:31:39.057413 Charlie: Quebec and Golf, sending you 3
2024-10-15 05:31:39.058477 Golf: Romeo we want you to join our group
2024-10-15 05:31:39.062017 Romeo: Yes
ChatterBot Golf reevaluating
ChatterBot X-ray reevaluating
2024-10-15 05:31:39.087768 Mike: Golf, sending you 3
2024-10-15 05:31:39.088283 Quebec: Alpha, November, X-ray, Golf, Mike and Charlie, sending you 3
2024-10-15 05:31:39.089372 November: Quebec, sending you 4
2024-10-15 05:31:39.099247 November: X-ray, sending you 1
2024-10-15 05:31:39.111189 November: Charlie, sending you 2
chatterbot Echo submitting transactions
2024-10-15 05:31:39.143824 Golf: Alpha and Quebec, sending you 2
2024-10-15 05:31:39.144988 X-ray: Romeo, Quebec, Mike and Charlie, sending you 2
2024-10-15 05:31:39.152344 Golf: November, Mike and Charlie, sending you 3
2024-10-15 05:31:39.152882 X-ray: Alpha, sending you 3
2024-10-15 05:31:39.160519 Golf: X-ray, sending you 4
2024-10-15 05:31:39.161216 X-ray: November, sending you 1
chatterbot Charlie submitting transactions
chatterbot Golf submitting transactions
chatterbot X-ray submitting transactions
chatterbot November submitting transactions
chatterbot Quebec submitting transactions
chatterbot Alpha submitting transactions
chatterbot Sierra submitting transactions
chatterbot Mike submitting transactions
ChatterBot Romeo round 4
ChatterBot Alpha round 4
ChatterBot November round 4
ChatterBot Quebec round 4
ChatterBot Echo round 4
ChatterBot X-ray round 4
ChatterBot Golf round 4
ChatterBot Sierra round 4
ChatterBot Mike round 4
ChatterBot Charlie round 4
2024-10-15 05:31:40.290954 Golf: We should add Romeo
ChatterBot Charlie reevaluating
2024-10-15 05:31:40.311103 X-ray: Yes
2024-10-15 05:31:40.311315 Alpha: Yes
2024-10-15 05:31:40.311461 November: No
2024-10-15 05:31:40.312112 Quebec: Yes
2024-10-15 05:31:40.312258 Mike: Yes
2024-10-15 05:31:40.312378 Charlie: Yes
ChatterBot Charlie reevaluating
ChatterBot Charlie reevaluating
ChatterBot Charlie reevaluating
ChatterBot Charlie reevaluating
ChatterBot November reevaluating
ChatterBot Charlie reevaluating
ChatterBot November reevaluating
2024-10-15 05:31:40.477012 Golf: Romeo we want you to join our group
2024-10-15 05:31:40.481644 Romeo: Yes
ChatterBot Charlie reevaluating
ChatterBot November reevaluating
2024-10-15 05:31:40.509787 November: We should replace Charlie with Romeo
2024-10-15 05:31:40.529104 Alpha: No
2024-10-15 05:31:40.529336 Quebec: No
2024-10-15 05:31:40.529499 X-ray: No
2024-10-15 05:31:40.529678 Golf: No
2024-10-15 05:31:40.530325 Mike: No
ChatterBot November reevaluating
ChatterBot November reevaluating
ChatterBot November reevaluating
ChatterBot November reevaluating
ChatterBot November reevaluating
2024-10-15 05:31:40.634260 November: We should replace X-ray with Romeo
2024-10-15 05:31:40.654565 Alpha: No
2024-10-15 05:31:40.655416 Quebec: No
2024-10-15 05:31:40.655684 Golf: No
2024-10-15 05:31:40.655910 Mike: No
2024-10-15 05:31:40.656110 Charlie: No
ChatterBot November reevaluating
ChatterBot November reevaluating
ChatterBot November reevaluating
ChatterBot November reevaluating
ChatterBot November reevaluating
2024-10-15 05:31:40.743324 Romeo: Alpha, sending you 5
2024-10-15 05:31:40.744830 Charlie: Romeo we want you to join our group
2024-10-15 05:31:40.748951 Romeo: Yes
ChatterBot November reevaluating
2024-10-15 05:31:40.772730 Echo: Sending you 2
2024-10-15 05:31:40.773027 Alpha: Romeo, November, Quebec, X-ray, Mike and Charlie, sending you 3
chatterbot Echo submitting transactions
2024-10-15 05:31:40.774471 Romeo: Quebec, Golf and Charlie, sending you 2
2024-10-15 05:31:40.792399 November: Romeo we want you to join our group
2024-10-15 05:31:40.799724 Romeo: Yes
ChatterBot November reevaluating
2024-10-15 05:31:40.835695 Sierra: Sending you 17
2024-10-15 05:31:40.836097 Quebec: Romeo, sending you 1
2024-10-15 05:31:40.837548 X-ray: Romeo, Quebec, Mike and Charlie, sending you 2
2024-10-15 05:31:40.838845 Golf: Romeo and Quebec, sending you 2
2024-10-15 05:31:40.839544 Mike: Romeo, Alpha, November, Quebec, X-ray and Charlie, sending you 2
2024-10-15 05:31:40.842055 Romeo: X-ray, sending you 3
chatterbot Mike submitting transactions
2024-10-15 05:31:40.844052 Quebec: Alpha, November, X-ray, Golf, Mike and Charlie, sending you 3
2024-10-15 05:31:40.846110 X-ray: Alpha, sending you 3
2024-10-15 05:31:40.847735 Golf: Alpha, sending you 1
2024-10-15 05:31:40.849451 Mike: Golf, sending you 3
2024-10-15 05:31:40.851063 Romeo: Mike, sending you 4
2024-10-15 05:31:40.852535 Charlie: Romeo, November, X-ray and Mike, sending you 1
2024-10-15 05:31:40.854152 X-ray: November, sending you 1
2024-10-15 05:31:40.855571 Golf: November, X-ray, Mike and Charlie, sending you 3
2024-10-15 05:31:40.867809 Charlie: Alpha and Quebec, sending you 2
2024-10-15 05:31:40.869022 X-ray: Golf, sending you 4
2024-10-15 05:31:40.880419 Charlie: Golf, sending you 4
2024-10-15 05:31:40.881259 November: Romeo, sending you 1
2024-10-15 05:31:41.258513 November: Alpha, Golf and Mike, sending you 3
chatterbot Quebec submitting transactions
chatterbot Sierra submitting transactions
chatterbot Alpha submitting transactions
2024-10-15 05:31:41.262472 November: Quebec, sending you 4
2024-10-15 05:31:41.487541 November: Charlie, sending you 2
chatterbot Charlie submitting transactions
chatterbot Golf submitting transactions
chatterbot X-ray submitting transactions
chatterbot November submitting transactions
chatterbot Romeo submitting transactions
ChatterBot Romeo round 5
ChatterBot Alpha round 5
ChatterBot November round 5
ChatterBot Quebec round 5
ChatterBot Echo round 5
ChatterBot X-ray round 5
ChatterBot Golf round 5
ChatterBot Sierra round 5
ChatterBot Mike round 5
ChatterBot Charlie round 5
2024-10-15 05:31:41.777517 Golf: Romeo and Quebec, sending you 2
2024-10-15 05:31:41.779623 X-ray: Romeo, Mike and Charlie, sending you 2
2024-10-15 05:31:41.781374 Sierra: Sending you 18
2024-10-15 05:31:41.781720 November: Romeo, sending you 1
2024-10-15 05:31:41.783166 Romeo: Alpha, sending you 5
2024-10-15 05:31:41.784658 Alpha: Romeo, November, Quebec, X-ray, Mike and Charlie, sending you 3
2024-10-15 05:31:41.786426 Quebec: Romeo, sending you 1
2024-10-15 05:31:41.787977 Mike: Romeo, Alpha, November, Quebec, X-ray and Charlie, sending you 2
2024-10-15 05:31:41.789714 Echo: Same as last round
2024-10-15 05:31:41.790635 Golf: Alpha, sending you 1
2024-10-15 05:31:41.791561 X-ray: Alpha and Quebec, sending you 3
2024-10-15 05:31:41.793175 November: Alpha, Golf and Mike, sending you 3
2024-10-15 05:31:41.794252 Romeo: November, sending you 1
2024-10-15 05:31:41.795870 Quebec: Alpha, November, X-ray, Golf, Mike and Charlie, sending you 3
2024-10-15 05:31:41.797586 Mike: Golf, sending you 3
2024-10-15 05:31:41.799424 Charlie: Romeo, November, X-ray and Mike, sending you 1
2024-10-15 05:31:41.800873 Golf: November, X-ray, Mike and Charlie, sending you 3
2024-10-15 05:31:41.802346 X-ray: Golf, sending you 4
2024-10-15 05:31:41.803770 November: Quebec, sending you 4
2024-10-15 05:31:41.804211 Romeo: Quebec, Golf and Charlie, sending you 2
2024-10-15 05:31:41.805694 Charlie: Alpha, sending you 2
2024-10-15 05:31:41.807219 November: Charlie, sending you 2
2024-10-15 05:31:41.808201 Romeo: X-ray and Mike, sending you 3
2024-10-15 05:31:41.815589 Charlie: Quebec and Golf, sending you 3
chatterbot Echo submitting transactions
chatterbot X-ray submitting transactions
chatterbot Sierra submitting transactions
chatterbot November submitting transactions
chatterbot Charlie submitting transactions
chatterbot Alpha submitting transactions
chatterbot Mike submitting transactions
chatterbot Golf submitting transactions
chatterbot Quebec submitting transactions
chatterbot Romeo submitting transactions
ChatterBot Romeo round 6
ChatterBot Alpha round 6
ChatterBot November round 6
ChatterBot Quebec round 6
ChatterBot Echo round 6
ChatterBot X-ray round 6
ChatterBot Golf round 6
ChatterBot Sierra round 6
ChatterBot Mike round 6
ChatterBot Charlie round 6
2024-10-15 05:31:43.005781 November: We should replace Charlie with X-ray
2024-10-15 05:31:43.024210 Romeo: No
2024-10-15 05:31:43.024432 Alpha: No
2024-10-15 05:31:43.024546 Quebec: No
2024-10-15 05:31:43.024668 Golf: No
2024-10-15 05:31:43.024779 Mike: No
ChatterBot November reevaluating
ChatterBot November reevaluating
ChatterBot November reevaluating
ChatterBot November reevaluating
2024-10-15 05:31:43.180089 Alpha: Romeo, November, Quebec, X-ray, Mike and Charlie, sending you 3
2024-10-15 05:31:43.183066 Golf: Romeo and Quebec, sending you 2
2024-10-15 05:31:43.185129 Romeo: Alpha, sending you 4
2024-10-15 05:31:43.186376 Sierra: Same as last round
2024-10-15 05:31:43.187344 Mike: Romeo, Alpha, November, Quebec, X-ray and Charlie, sending you 2
2024-10-15 05:31:43.189003 Quebec: Romeo, sending you 1
2024-10-15 05:31:43.190596 X-ray: Romeo, Mike and Charlie, sending you 2
2024-10-15 05:31:43.192398 Echo: Sending you 1
2024-10-15 05:31:43.192855 Golf: Alpha, sending you 1
2024-10-15 05:31:43.194579 Romeo: November, sending you 1
2024-10-15 05:31:43.196449 Mike: Golf, sending you 3
2024-10-15 05:31:43.198192 Quebec: Alpha, November, X-ray, Golf, Mike and Charlie, sending you 3
2024-10-15 05:31:43.200015 X-ray: Alpha, Quebec and Golf, sending you 3
2024-10-15 05:31:43.201234 Charlie: Romeo, November, X-ray and Mike, sending you 1
2024-10-15 05:31:43.203119 Golf: November, X-ray, Mike and Charlie, sending you 3
2024-10-15 05:31:43.204967 November: Romeo, sending you 1
2024-10-15 05:31:43.206345 Romeo: Quebec and Charlie, sending you 2
2024-10-15 05:31:43.208409 X-ray: November, sending you 1
2024-10-15 05:31:43.210185 Charlie: Alpha, sending you 2
2024-10-15 05:31:43.211755 November: Alpha, Quebec and Mike, sending you 3
2024-10-15 05:31:43.216274 Romeo: X-ray, Golf and Mike, sending you 3
2024-10-15 05:31:43.219394 Charlie: Quebec and Golf, sending you 3
2024-10-15 05:31:43.221498 November: Golf, sending you 4
2024-10-15 05:31:43.227767 November: Charlie, sending you 2
chatterbot X-ray submitting transactions
chatterbot Echo submitting transactions
chatterbot Golf submitting transactions
chatterbot Romeo submitting transactions
chatterbot Alpha submitting transactions
chatterbot Mike submitting transactions
chatterbot Charlie submitting transactions
chatterbot Sierra submitting transactions
chatterbot November submitting transactions
chatterbot Quebec submitting transactions
ChatterBot Romeo round 7
ChatterBot Alpha round 7
ChatterBot November round 7
ChatterBot Quebec round 7
ChatterBot Echo round 7
ChatterBot X-ray round 7
ChatterBot Golf round 7
ChatterBot Sierra round 7
ChatterBot Mike round 7
ChatterBot Charlie round 7
2024-10-15 05:31:44.262562 November: We should replace Charlie with X-ray
2024-10-15 05:31:44.279628 Romeo: No
2024-10-15 05:31:44.280563 Alpha: No
2024-10-15 05:31:44.280846 Quebec: No
2024-10-15 05:31:44.281223 Golf: No
2024-10-15 05:31:44.281481 Mike: No
ChatterBot November reevaluating
ChatterBot November reevaluating
ChatterBot November reevaluating
ChatterBot November reevaluating
ChatterBot November reevaluating
2024-10-15 05:31:44.415405 Romeo: Alpha, sending you 4
2024-10-15 05:31:44.421311 Alpha: Romeo, November, Quebec, X-ray, Mike and Charlie, sending you 3
2024-10-15 05:31:44.423399 Sierra: Same as last round
2024-10-15 05:31:44.423836 Echo: Same as last round
2024-10-15 05:31:44.424910 Romeo: November, sending you 1
2024-10-15 05:31:44.427204 Golf: Romeo, sending you 2
2024-10-15 05:31:44.428930 Quebec: Romeo, sending you 1
2024-10-15 05:31:44.431413 X-ray: Romeo, Mike and Charlie, sending you 2
2024-10-15 05:31:44.433536 Romeo: Quebec and Charlie, sending you 2
2024-10-15 05:31:44.436169 Golf: November, Quebec, X-ray, Mike and Charlie, sending you 3
2024-10-15 05:31:44.438400 Quebec: Alpha, November, X-ray, Golf, Mike and Charlie, sending you 3
2024-10-15 05:31:44.441254 Charlie: Romeo, November, X-ray and Mike, sending you 1
2024-10-15 05:31:44.443215 X-ray: Alpha, Quebec and Golf, sending you 3
2024-10-15 05:31:44.445363 November: Romeo, sending you 1
2024-10-15 05:31:44.447080 Romeo: X-ray, Golf and Mike, sending you 3
2024-10-15 05:31:44.449206 Charlie: Alpha, sending you 2
2024-10-15 05:31:44.452594 Mike: Romeo, Alpha, November, Quebec, X-ray and Charlie, sending you 2
2024-10-15 05:31:44.455522 X-ray: November, sending you 1
2024-10-15 05:31:44.457427 November: Alpha, Quebec and Mike, sending you 3
2024-10-15 05:31:44.458849 Charlie: Quebec and Golf, sending you 3
2024-10-15 05:31:44.461709 Mike: Golf, sending you 3
2024-10-15 05:31:44.463963 November: Golf, sending you 4
2024-10-15 05:31:44.478572 November: Charlie, sending you 2
chatterbot Sierra submitting transactions
chatterbot Mike submitting transactions
chatterbot Alpha submitting transactions
chatterbot November submitting transactions
chatterbot Romeo submitting transactions
chatterbot Echo submitting transactions
chatterbot Charlie submitting transactions
chatterbot X-ray submitting transactions
chatterbot Quebec submitting transactions
chatterbot Golf submitting transactions
ChatterBot Romeo round 8
ChatterBot Alpha round 8
ChatterBot November round 8
ChatterBot Quebec round 8
ChatterBot Echo round 8
ChatterBot X-ray round 8
ChatterBot Golf round 8
ChatterBot Sierra round 8
ChatterBot Mike round 8
ChatterBot Charlie round 8
2024-10-15 05:31:45.553689 Romeo: Alpha, sending you 4
2024-10-15 05:31:45.557698 Romeo: November, sending you 1
2024-10-15 05:31:45.561683 X-ray: Romeo, Mike and Charlie, sending you 2
2024-10-15 05:31:45.563444 Quebec: Romeo, sending you 1
2024-10-15 05:31:45.564376 Echo: Same as last round
2024-10-15 05:31:45.564668 Romeo: Quebec and Charlie, sending you 2
2024-10-15 05:31:45.566671 X-ray: Alpha, Quebec and Golf, sending you 3
2024-10-15 05:31:45.568337 Quebec: Alpha, November, X-ray, Golf, Mike and Charlie, sending you 3
2024-10-15 05:31:45.569298 Alpha: Romeo, November, Quebec, X-ray, Mike and Charlie, sending you 3
2024-10-15 05:31:45.571048 Romeo: X-ray, Golf and Mike, sending you 3
2024-10-15 05:31:45.572711 Golf: Romeo, sending you 2
2024-10-15 05:31:45.573815 X-ray: November, sending you 1
2024-10-15 05:31:45.575433 Mike: Romeo, Alpha, November, Quebec, X-ray and Charlie, sending you 2
2024-10-15 05:31:45.577115 November: Romeo, sending you 1
2024-10-15 05:31:45.577701 Charlie: Romeo, November and X-ray, sending you 1
2024-10-15 05:31:45.579376 Golf: November, Quebec, X-ray, Mike and Charlie, sending you 3
2024-10-15 05:31:45.581069 Mike: Golf, sending you 3
2024-10-15 05:31:45.582220 November: Alpha, Quebec and Mike, sending you 3
2024-10-15 05:31:45.583228 Charlie: Alpha, Quebec and Mike, sending you 2
2024-10-15 05:31:45.584307 Sierra: Same as last round
2024-10-15 05:31:45.587705 November: Golf, sending you 4
2024-10-15 05:31:45.588256 Charlie: Golf, sending you 3
2024-10-15 05:31:45.594353 November: Charlie, sending you 2
chatterbot Sierra submitting transactions
chatterbot X-ray submitting transactions
chatterbot Mike submitting transactions
chatterbot November submitting transactions
chatterbot Charlie submitting transactions
chatterbot Golf submitting transactions
chatterbot Alpha submitting transactions
chatterbot Echo submitting transactions
chatterbot Quebec submitting transactions
chatterbot Romeo submitting transactions
ChatterBot Romeo round 9
ChatterBot Alpha round 9
ChatterBot November round 9
ChatterBot Quebec round 9
ChatterBot Echo round 9
ChatterBot X-ray round 9
ChatterBot Golf round 9
ChatterBot Sierra round 9
ChatterBot Mike round 9
ChatterBot Charlie round 9
2024-10-15 05:31:46.724162 November: We should replace Charlie with X-ray
2024-10-15 05:31:46.736241 Romeo: No
2024-10-15 05:31:46.736424 Alpha: No
2024-10-15 05:31:46.736557 Quebec: No
2024-10-15 05:31:46.736697 Golf: No
2024-10-15 05:31:46.736831 Mike: No
ChatterBot November reevaluating
ChatterBot November reevaluating
ChatterBot November reevaluating
ChatterBot November reevaluating
ChatterBot November reevaluating
2024-10-15 05:31:46.810670 Alpha: Romeo, November, Quebec, X-ray, Mike and Charlie, sending you 3
2024-10-15 05:31:46.812694 Echo: Same as last round
2024-10-15 05:31:46.816852 November: X-ray we want you to join our group
2024-10-15 05:31:46.822831 X-ray: Yes
ChatterBot November reevaluating
2024-10-15 05:31:46.844901 Quebec: Romeo, sending you 1
2024-10-15 05:31:46.845840 Romeo: Alpha, sending you 4
2024-10-15 05:31:46.847551 X-ray: Golf, sending you 1
2024-10-15 05:31:46.848301 Charlie: Romeo, November and X-ray, sending you 1
2024-10-15 05:31:46.849546 Sierra: Same as last round
2024-10-15 05:31:46.849834 Quebec: Alpha, November, X-ray, Golf, Mike and Charlie, sending you 3
2024-10-15 05:31:46.850665 Romeo: November, sending you 1
2024-10-15 05:31:46.852040 Charlie: Alpha, Quebec and Mike, sending you 2
2024-10-15 05:31:46.852998 Golf: Romeo, sending you 2
2024-10-15 05:31:46.854367 Mike: Romeo, Alpha, November, Quebec, X-ray and Charlie, sending you 2
2024-10-15 05:31:46.855188 Romeo: Quebec and Charlie, sending you 2
2024-10-15 05:31:46.856655 Charlie: Golf, sending you 3
2024-10-15 05:31:46.859050 Golf: November, Quebec, X-ray, Mike and Charlie, sending you 3
2024-10-15 05:31:46.860544 Mike: Golf, sending you 3
2024-10-15 05:31:46.862420 Romeo: X-ray, Golf and Mike, sending you 3
2024-10-15 05:31:46.876887 November: Romeo, sending you 1
2024-10-15 05:31:46.881692 November: Alpha, Quebec and Mike, sending you 3
2024-10-15 05:31:46.886669 November: X-ray, sending you 2
2024-10-15 05:31:46.889668 November: Golf, sending you 4
chatterbot Alpha submitting transactions
chatterbot November submitting transactions
chatterbot X-ray submitting transactions
chatterbot Golf submitting transactions
chatterbot Quebec submitting transactions
chatterbot Echo submitting transactions
chatterbot Romeo submitting transactions
chatterbot Mike submitting transactions
chatterbot Sierra submitting transactions
chatterbot Charlie submitting transactions
ChatterBot Romeo round 10
ChatterBot Alpha round 10
ChatterBot November round 10
ChatterBot Quebec round 10
ChatterBot Echo round 10
ChatterBot X-ray round 10
ChatterBot Golf round 10
ChatterBot Sierra round 10
ChatterBot Mike round 10
ChatterBot Charlie round 10
2024-10-15 05:31:48.124697 Echo: We should replace Sierra with Alpha
2024-10-15 05:31:48.145509 X-ray: We should drop November
2024-10-15 05:31:48.176623 Romeo: No
2024-10-15 05:31:48.176913 Alpha: No
2024-10-15 05:31:48.177623 Quebec: No
2024-10-15 05:31:48.177787 Golf: No
2024-10-15 05:31:48.177921 Mike: No
2024-10-15 05:31:48.178078 Charlie: No
ChatterBot X-ray reevaluating
ChatterBot X-ray reevaluating
ChatterBot X-ray reevaluating
ChatterBot X-ray reevaluating
ChatterBot X-ray reevaluating
2024-10-15 05:31:48.325175 Echo: Alpha we want you to join our group
2024-10-15 05:31:48.329379 Alpha: No
2024-10-15 05:31:48.335189 Charlie: We should drop X-ray
ChatterBot November reevaluating
2024-10-15 05:31:48.359562 November: Yes
2024-10-15 05:31:48.359815 Romeo: Yes
2024-10-15 05:31:48.359951 Alpha: Yes
2024-10-15 05:31:48.360060 Quebec: Yes
2024-10-15 05:31:48.360173 Golf: Yes
2024-10-15 05:31:48.360270 Mike: Yes
ChatterBot November reevaluating
ChatterBot November reevaluating
ChatterBot Mike reevaluating
ChatterBot November reevaluating
ChatterBot Mike reevaluating
ChatterBot November reevaluating
ChatterBot Mike reevaluating
ChatterBot November reevaluating
2024-10-15 05:31:48.518308 Sierra: I was attacked by X-ray
2024-10-15 05:31:48.518491 Sierra: I'm keeping this round to protect myself
2024-10-15 05:31:48.518659 Sierra: Ow
2024-10-15 05:31:48.519153 November: We should replace X-ray with Charlie
ChatterBot Mike reevaluating
2024-10-15 05:31:48.538121 Romeo: No
2024-10-15 05:31:48.538262 Alpha: No
2024-10-15 05:31:48.538394 Quebec: No
2024-10-15 05:31:48.539078 Golf: No
2024-10-15 05:31:48.539200 Mike: Yes
ChatterBot November reevaluating
ChatterBot Mike reevaluating
ChatterBot November reevaluating
ChatterBot Mike reevaluating
ChatterBot November reevaluating
ChatterBot Mike reevaluating
ChatterBot November reevaluating
ChatterBot Mike reevaluating
ChatterBot November reevaluating
2024-10-15 05:31:48.642524 Quebec: Romeo, sending you 1
2024-10-15 05:31:48.645252 Alpha: Romeo, November, Quebec, X-ray, Mike and Charlie, sending you 3
2024-10-15 05:31:48.649669 Quebec: Alpha, November, X-ray, Golf, Mike and Charlie, sending you 3
2024-10-15 05:31:48.652683 X-ray: Romeo, Mike and Charlie, sending you 2
2024-10-15 05:31:48.654648 Golf: Romeo and X-ray, sending you 2
2024-10-15 05:31:48.656537 Romeo: Alpha, sending you 5
2024-10-15 05:31:48.658881 November: Charlie we want you to join our group
2024-10-15 05:31:48.663081 Charlie: Yes
ChatterBot November reevaluating
2024-10-15 05:31:48.688489 Charlie: Romeo and November, sending you 1
2024-10-15 05:31:48.689987 Echo: Sending you 3
2024-10-15 05:31:48.690628 X-ray: Alpha, Quebec and Golf, sending you 3
2024-10-15 05:31:48.693597 Golf: Alpha, sending you 1
2024-10-15 05:31:48.697315 Romeo: November, sending you 1
2024-10-15 05:31:48.699749 Charlie: Alpha, Quebec and Mike, sending you 2
2024-10-15 05:31:48.702102 X-ray: November, sending you 1
2024-10-15 05:31:48.705017 Golf: November, Quebec, Mike and Charlie, sending you 3
2024-10-15 05:31:48.707491 Romeo: Quebec, X-ray and Charlie, sending you 2
2024-10-15 05:31:48.710734 Charlie: Golf, sending you 3
2024-10-15 05:31:48.715661 Romeo: Golf and Mike, sending you 3
2024-10-15 05:31:48.721568 Mike: Romeo, sending you 2
2024-10-15 05:31:48.726692 Mike: Alpha, November, Quebec and Golf, sending you 3
2024-10-15 05:31:48.733266 November: Romeo, sending you 1
2024-10-15 05:31:48.735713 Mike: Charlie, sending you 1
2024-10-15 05:31:48.736975 November: Alpha, Quebec and Mike, sending you 3
2024-10-15 05:31:48.743721 November: Golf, sending you 4
2024-10-15 05:31:48.749707 November: Charlie, sending you 2
chatterbot Sierra submitting transactions
chatterbot Quebec submitting transactions
chatterbot Romeo submitting transactions
chatterbot November submitting transactions
chatterbot Charlie submitting transactions
chatterbot Golf submitting transactions
chatterbot X-ray submitting transactions
chatterbot Alpha submitting transactions
chatterbot Echo submitting transactions
chatterbot Mike submitting transactions
ChatterBot Romeo round 11
ChatterBot Alpha round 11
ChatterBot November round 11
ChatterBot Quebec round 11
ChatterBot Echo round 11
ChatterBot X-ray round 11
ChatterBot Golf round 11
ChatterBot Sierra round 11
ChatterBot Mike round 11
ChatterBot Charlie round 11
2024-10-15 05:31:49.799790 X-ray: We should drop Charlie
2024-10-15 05:31:49.816406 November: No
2024-10-15 05:31:49.816581 Romeo: No
2024-10-15 05:31:49.816716 Alpha: No
2024-10-15 05:31:49.816846 Quebec: No
2024-10-15 05:31:49.816972 Golf: No
2024-10-15 05:31:49.817093 Mike: No
ChatterBot X-ray reevaluating
ChatterBot X-ray reevaluating
ChatterBot X-ray reevaluating
ChatterBot X-ray reevaluating
ChatterBot X-ray reevaluating
2024-10-15 05:31:49.911807 Alpha: Romeo, November, Quebec, X-ray, Mike and Charlie, sending you 3
2024-10-15 05:31:49.913569 Romeo: Alpha, sending you 4
2024-10-15 05:31:49.915708 Quebec: Romeo, sending you 1
2024-10-15 05:31:49.917155 Charlie: Romeo and November, sending you 1
2024-10-15 05:31:49.919667 Romeo: November, sending you 1
2024-10-15 05:31:49.921423 Quebec: Alpha, November, X-ray, Golf, Mike and Charlie, sending you 3
2024-10-15 05:31:49.924724 Charlie: Alpha, Quebec and Mike, sending you 2
2024-10-15 05:31:49.926847 November: Romeo, sending you 1
2024-10-15 05:31:49.928182 Golf: Romeo, sending you 2
2024-10-15 05:31:49.931417 Romeo: Quebec and Charlie, sending you 2
2024-10-15 05:31:49.934684 Charlie: Golf, sending you 3
2024-10-15 05:31:49.936046 November: Alpha, Quebec and Mike, sending you 3
2024-10-15 05:31:49.938304 Mike: Romeo, sending you 2
2024-10-15 05:31:49.939844 Golf: November, Quebec, X-ray, Mike and Charlie, sending you 3
2024-10-15 05:31:49.943180 Romeo: X-ray, Golf and Mike, sending you 3
2024-10-15 05:31:49.946428 November: Golf, sending you 4
2024-10-15 05:31:49.947853 Mike: Alpha, November, Quebec and Golf, sending you 3
2024-10-15 05:31:49.949883 X-ray: Romeo and Mike, sending you 2
2024-10-15 05:31:49.953499 November: Charlie, sending you 2
2024-10-15 05:31:49.955510 Mike: Charlie, sending you 1
2024-10-15 05:31:49.956675 X-ray: Alpha and Quebec, sending you 3
2024-10-15 05:31:49.960732 X-ray: November and Charlie, sending you 1
2024-10-15 05:31:49.966672 X-ray: Golf, sending you 4
chatterbot X-ray submitting transactions
chatterbot Echo submitting transactions
chatterbot Alpha submitting transactions
chatterbot Sierra submitting transactions
chatterbot Quebec submitting transactions
chatterbot Charlie submitting transactions
chatterbot Mike submitting transactions
chatterbot Romeo submitting transactions
chatterbot November submitting transactions
chatterbot Golf submitting transactions
ChatterBot Romeo round 12
ChatterBot Alpha round 12
ChatterBot November round 12
ChatterBot Quebec round 12
ChatterBot Echo round 12
ChatterBot X-ray round 12
ChatterBot Golf round 12
ChatterBot Sierra round 12
ChatterBot Mike round 12
ChatterBot Charlie round 12
2024-10-15 05:31:51.166312 X-ray: We should drop Mike
2024-10-15 05:31:51.197346 Romeo: No
2024-10-15 05:31:51.197650 Alpha: No
2024-10-15 05:31:51.198746 November: No
2024-10-15 05:31:51.198976 Quebec: No
2024-10-15 05:31:51.199162 Golf: No
2024-10-15 05:31:51.199348 Charlie: No
ChatterBot X-ray reevaluating
ChatterBot X-ray reevaluating
ChatterBot X-ray reevaluating
ChatterBot Alpha reevaluating
ChatterBot X-ray reevaluating
ChatterBot Alpha reevaluating
ChatterBot X-ray reevaluating
ChatterBot Alpha reevaluating
ChatterBot X-ray reevaluating
ChatterBot Alpha reevaluating
2024-10-15 05:31:51.667921 Quebec: Romeo, sending you 1
2024-10-15 05:31:51.674335 November: Romeo, sending you 1
