ChatterBot Bravo round 1
ChatterBot Yankee round 1
ChatterBot Sierra round 1
ChatterBot Tango round 1
ChatterBot Charlie round 1
ChatterBot November round 1
ChatterBot Juliett round 1
ChatterBot Zulu round 1
ChatterBot Victor round 1
ChatterBot Oscar round 1
randomSelections Yankee: {Yankee, Zulu, Tango, Charlie, Bravo, Victor} 
2024-10-15 05:31:34.676026 Yankee: Can we be friends?
ChatterBot Zulu reevaluating
ChatterBot Tango reevaluating
ChatterBot Charlie reevaluating
ChatterBot Bravo reevaluating
ChatterBot Victor reevaluating
2024-10-15 05:31:34.694122 Zulu: Yes
2024-10-15 05:31:34.694241 Tango: Yes
2024-10-15 05:31:34.694349 Charlie: Yes
2024-10-15 05:31:34.694460 Bravo: Yes
2024-10-15 05:31:34.694554 Victor: Yes
ChatterBot Tango reevaluating
ChatterBot Charlie reevaluating
ChatterBot Bravo reevaluating
ChatterBot Victor reevaluating
ChatterBot Zulu reevaluating
ChatterBot Charlie reevaluating
ChatterBot Bravo reevaluating
ChatterBot Victor reevaluating
ChatterBot Zulu reevaluating
ChatterBot Tango reevaluating
ChatterBot Bravo reevaluating
ChatterBot Victor reevaluating
ChatterBot Zulu reevaluating
ChatterBot Tango reevaluating
ChatterBot Charlie reevaluating
ChatterBot Victor reevaluating
ChatterBot Zulu reevaluating
ChatterBot Tango reevaluating
ChatterBot Charlie reevaluating
ChatterBot Bravo reevaluating
randomSelections November: {November, Yankee, Victor, Charlie, Bravo, Sierra} 
2024-10-15 05:31:34.846344 November: Friends?
ChatterBot Victor reevaluating
ChatterBot Charlie reevaluating
ChatterBot Bravo reevaluating
ChatterBot Sierra reevaluating
2024-10-15 05:31:34.901521 Yankee: No
2024-10-15 05:31:34.901857 Victor: No
2024-10-15 05:31:34.902016 Charlie: No
2024-10-15 05:31:34.902135 Bravo: No
2024-10-15 05:31:34.902360 Sierra: Yes
ChatterBot Victor reevaluating
ChatterBot Charlie reevaluating
ChatterBot Bravo reevaluating
ChatterBot Sierra reevaluating
ChatterBot Charlie reevaluating
ChatterBot Bravo reevaluating
ChatterBot Sierra reevaluating
ChatterBot Victor reevaluating
ChatterBot Bravo reevaluating
ChatterBot Sierra reevaluating
ChatterBot Victor reevaluating
ChatterBot Charlie reevaluating
ChatterBot Sierra reevaluating
ChatterBot Victor reevaluating
ChatterBot Charlie reevaluating
ChatterBot Bravo reevaluating
randomSelections Oscar: {Oscar, Sierra, Yankee, Zulu, Bravo, Juliett, Charlie, November} 
2024-10-15 05:31:34.950462 Oscar: We would work well together
ChatterBot Sierra reevaluating
ChatterBot Zulu reevaluating
ChatterBot Bravo reevaluating
ChatterBot Juliett reevaluating
ChatterBot Charlie reevaluating
2024-10-15 05:31:34.960935 Sierra: No
2024-10-15 05:31:34.961216 Yankee: No
2024-10-15 05:31:34.961346 Zulu: No
2024-10-15 05:31:34.962215 Bravo: No
2024-10-15 05:31:34.962626 Juliett: Yes
2024-10-15 05:31:34.962751 Charlie: No
2024-10-15 05:31:34.963011 November: No
ChatterBot Zulu reevaluating
ChatterBot Bravo reevaluating
ChatterBot Juliett reevaluating
ChatterBot Charlie reevaluating
ChatterBot Sierra reevaluating
ChatterBot Zulu reevaluating
ChatterBot Bravo reevaluating
ChatterBot Juliett reevaluating
ChatterBot Charlie reevaluating
ChatterBot Sierra reevaluating
ChatterBot Bravo reevaluating
ChatterBot Juliett reevaluating
ChatterBot Charlie reevaluating
ChatterBot Sierra reevaluating
ChatterBot Zulu reevaluating
ChatterBot Juliett reevaluating
ChatterBot Charlie reevaluating
ChatterBot Sierra reevaluating
ChatterBot Zulu reevaluating
ChatterBot Bravo reevaluating
ChatterBot Charlie reevaluating
ChatterBot Sierra reevaluating
ChatterBot Zulu reevaluating
ChatterBot Bravo reevaluating
ChatterBot Juliett reevaluating
ChatterBot Sierra reevaluating
ChatterBot Zulu reevaluating
ChatterBot Bravo reevaluating
ChatterBot Juliett reevaluating
ChatterBot Charlie reevaluating
2024-10-15 05:31:35.103673 Zulu: Bravo and Charlie, sending you 1
2024-10-15 05:31:35.106670 Charlie: Bravo, sending you 3
2024-10-15 05:31:35.107482 Yankee: Bravo and Tango, sending you 3
2024-10-15 05:31:35.108688 Victor: Bravo, sending you 4
2024-10-15 05:31:35.109696 Zulu: Yankee and Tango, sending you 3
2024-10-15 05:31:35.110984 Charlie: Yankee and Zulu, sending you 4
2024-10-15 05:31:35.111841 Yankee: Charlie, Zulu and Victor, sending you 2
2024-10-15 05:31:35.112983 Oscar: Bravo, Sierra and November, sending you 2
2024-10-15 05:31:35.113607 Victor: Yankee, sending you 5
2024-10-15 05:31:35.114767 Sierra: Bravo and Victor, sending you 2
2024-10-15 05:31:35.115258 Zulu: Victor, sending you 5
2024-10-15 05:31:35.115636 Charlie: Tango, sending you 1
2024-10-15 05:31:35.116956 Oscar: Yankee and Zulu, sending you 1
2024-10-15 05:31:35.119081 Victor: Tango, sending you 1
2024-10-15 05:31:35.119907 Juliett: Bravo, sending you 5
2024-10-15 05:31:35.120553 Sierra: Yankee and Charlie, sending you 5
2024-10-15 05:31:35.121709 November: Bravo, sending you 5
2024-10-15 05:31:35.122305 Bravo: Yankee and Charlie, sending you 6
2024-10-15 05:31:35.122887 Charlie: Victor, sending you 5
2024-10-15 05:31:35.123986 Tango: Bravo, sending you 3
2024-10-15 05:31:35.124580 Oscar: Charlie and Juliett, sending you 5
2024-10-15 05:31:35.125271 Juliett: Yankee, Sierra and Oscar, sending you 2
2024-10-15 05:31:35.126564 Victor: Charlie, sending you 6
2024-10-15 05:31:35.127370 November: Sierra, sending you 6
2024-10-15 05:31:35.127830 Sierra: November, sending you 1
2024-10-15 05:31:35.129011 Bravo: Tango, sending you 1
2024-10-15 05:31:35.129566 Tango: Yankee, sending you 5
2024-10-15 05:31:35.130393 Juliett: Charlie and Zulu, sending you 1
2024-10-15 05:31:35.131501 Victor: Zulu, sending you 3
2024-10-15 05:31:35.132319 Bravo: Zulu, sending you 2
2024-10-15 05:31:35.133019 November: Victor, sending you 4
2024-10-15 05:31:35.134453 Tango: Charlie and Zulu, sending you 4
2024-10-15 05:31:35.135137 Juliett: November, sending you 3
2024-10-15 05:31:35.136837 Bravo: Victor, sending you 4
2024-10-15 05:31:35.139691 Tango: Victor, sending you 2
chatterbot November submitting transactions
chatterbot Oscar submitting transactions
chatterbot Yankee submitting transactions
chatterbot Victor submitting transactions
chatterbot Juliett submitting transactions
chatterbot Tango submitting transactions
chatterbot Bravo submitting transactions
chatterbot Charlie submitting transactions
chatterbot Zulu submitting transactions
chatterbot Sierra submitting transactions
ChatterBot Bravo round 2
ChatterBot Yankee round 2
ChatterBot Sierra round 2
ChatterBot Tango round 2
ChatterBot Charlie round 2
ChatterBot November round 2
ChatterBot Juliett round 2
ChatterBot Zulu round 2
ChatterBot Victor round 2
ChatterBot Oscar round 2
2024-10-15 05:31:37.295468 Bravo: Group up?
ChatterBot Yankee reevaluating
ChatterBot Tango reevaluating
ChatterBot Charlie reevaluating
ChatterBot Zulu reevaluating
ChatterBot Victor reevaluating
ChatterBot Sierra reevaluating
ChatterBot November reevaluating
ChatterBot Juliett reevaluating
ChatterBot Oscar reevaluating
2024-10-15 05:31:37.334636 Yankee: No
2024-10-15 05:31:37.334826 Tango: No
2024-10-15 05:31:37.334937 Charlie: Yes
2024-10-15 05:31:37.335042 Zulu: No
2024-10-15 05:31:37.335143 Victor: No
2024-10-15 05:31:37.335714 Sierra: No
2024-10-15 05:31:37.335816 November: No
2024-10-15 05:31:37.335913 Juliett: No
2024-10-15 05:31:37.336013 Oscar: No
ChatterBot Tango reevaluating
ChatterBot Charlie reevaluating
ChatterBot Zulu reevaluating
ChatterBot Victor reevaluating
ChatterBot Sierra reevaluating
ChatterBot November reevaluating
ChatterBot Juliett reevaluating
ChatterBot Oscar reevaluating
ChatterBot Yankee reevaluating
ChatterBot Charlie reevaluating
ChatterBot Zulu reevaluating
ChatterBot Victor reevaluating
ChatterBot Sierra reevaluating
ChatterBot November reevaluating
ChatterBot Juliett reevaluating
ChatterBot Oscar reevaluating
ChatterBot Yankee reevaluating
ChatterBot Tango reevaluating
ChatterBot Zulu reevaluating
ChatterBot Victor reevaluating
ChatterBot Sierra reevaluating
ChatterBot November reevaluating
ChatterBot Juliett reevaluating
ChatterBot Oscar reevaluating
ChatterBot Yankee reevaluating
ChatterBot Tango reevaluating
ChatterBot Charlie reevaluating
ChatterBot Victor reevaluating
ChatterBot Sierra reevaluating
ChatterBot November reevaluating
ChatterBot Juliett reevaluating
ChatterBot Oscar reevaluating
ChatterBot Yankee reevaluating
ChatterBot Tango reevaluating
ChatterBot Charlie reevaluating
ChatterBot Zulu reevaluating
ChatterBot Sierra reevaluating
ChatterBot November reevaluating
ChatterBot Juliett reevaluating
ChatterBot Oscar reevaluating
ChatterBot Yankee reevaluating
ChatterBot Tango reevaluating
ChatterBot Charlie reevaluating
ChatterBot Zulu reevaluating
ChatterBot Victor reevaluating
ChatterBot November reevaluating
ChatterBot Juliett reevaluating
ChatterBot Oscar reevaluating
ChatterBot Yankee reevaluating
ChatterBot Tango reevaluating
ChatterBot Charlie reevaluating
ChatterBot Zulu reevaluating
ChatterBot Victor reevaluating
ChatterBot Sierra reevaluating
ChatterBot Juliett reevaluating
ChatterBot Oscar reevaluating
ChatterBot Yankee reevaluating
ChatterBot Tango reevaluating
ChatterBot Charlie reevaluating
ChatterBot Zulu reevaluating
ChatterBot Victor reevaluating
ChatterBot Sierra reevaluating
ChatterBot November reevaluating
ChatterBot Oscar reevaluating
ChatterBot Yankee reevaluating
ChatterBot Tango reevaluating
ChatterBot Charlie reevaluating
ChatterBot Zulu reevaluating
ChatterBot Victor reevaluating
ChatterBot Sierra reevaluating
ChatterBot November reevaluating
ChatterBot Juliett reevaluating
2024-10-15 05:31:37.778289 Victor: We should add Sierra and November
ChatterBot Yankee reevaluating
ChatterBot Zulu reevaluating
ChatterBot Tango reevaluating
ChatterBot Charlie reevaluating
2024-10-15 05:31:37.809941 Yankee: Yes
2024-10-15 05:31:37.810207 Zulu: No
2024-10-15 05:31:37.810352 Tango: No
2024-10-15 05:31:37.810491 Charlie: Yes
2024-10-15 05:31:37.811196 Bravo: Yes
ChatterBot Zulu reevaluating
ChatterBot Tango reevaluating
ChatterBot Charlie reevaluating
ChatterBot Victor reevaluating
ChatterBot Yankee reevaluating
ChatterBot Tango reevaluating
ChatterBot Charlie reevaluating
ChatterBot Victor reevaluating
ChatterBot Yankee reevaluating
ChatterBot Zulu reevaluating
ChatterBot Charlie reevaluating
ChatterBot Victor reevaluating
ChatterBot Yankee reevaluating
ChatterBot Zulu reevaluating
ChatterBot Tango reevaluating
ChatterBot Victor reevaluating
ChatterBot Yankee reevaluating
ChatterBot Zulu reevaluating
ChatterBot Tango reevaluating
ChatterBot Charlie reevaluating
ChatterBot Victor reevaluating
2024-10-15 05:31:38.051034 Victor: Sierra and November we want you to join our group
2024-10-15 05:31:38.066063 Sierra: No
2024-10-15 05:31:38.066292 November: No
2024-10-15 05:31:38.136856 Zulu: We should drop Yankee
2024-10-15 05:31:38.151187 Bravo: No
2024-10-15 05:31:38.151455 Tango: No
2024-10-15 05:31:38.152131 Charlie: No
2024-10-15 05:31:38.152250 Victor: No
2024-10-15 05:31:38.388490 Charlie: Bravo, Yankee, Sierra, Tango, Juliett, Zulu, Victor and Oscar, sending you 2
2024-10-15 05:31:38.392207 Tango: Bravo, Charlie and Victor, sending you 2
2024-10-15 05:31:38.394807 Sierra: Sending you each 5
2024-10-15 05:31:38.396829 Juliett: Bravo, Yankee, Tango and Charlie, sending you 1
2024-10-15 05:31:38.398859 Yankee: Bravo, Tango and Victor, sending you 3
2024-10-15 05:31:38.400842 Oscar: Bravo, sending you 1
2024-10-15 05:31:38.402274 Bravo: Yankee, Tango and Charlie, sending you 2
2024-10-15 05:31:38.403861 November: Bravo, sending you 1
2024-10-15 05:31:38.404582 Charlie: November, sending you 1
2024-10-15 05:31:38.406414 Tango: Yankee and Zulu, sending you 6
2024-10-15 05:31:38.408244 Juliett: Oscar, sending you 6
2024-10-15 05:31:38.409372 Yankee: Charlie, sending you 2
2024-10-15 05:31:38.410687 Oscar: Juliett, sending you 13
2024-10-15 05:31:38.411213 Bravo: Sierra, Zulu and Oscar, sending you 1
2024-10-15 05:31:38.412480 November: Sierra, sending you 3
2024-10-15 05:31:38.413062 Zulu: Bravo, sending you 2
2024-10-15 05:31:38.414183 Victor: Bravo, Yankee, Tango, Charlie, November and Zulu, sending you 3
chatterbot Victor submitting transactions
2024-10-15 05:31:38.415977 Yankee: Zulu, sending you 1
2024-10-15 05:31:38.416631 Bravo: November, sending you 4
2024-10-15 05:31:38.418120 November: Juliett and Oscar, sending you 6
2024-10-15 05:31:38.419453 Victor: Sierra, sending you 1
2024-10-15 05:31:38.420234 Zulu: Tango and Charlie, sending you 4
2024-10-15 05:31:38.462286 Bravo: Juliett and Victor, sending you 3
2024-10-15 05:31:38.463729 Zulu: Victor, sending you 3
chatterbot Sierra submitting transactions
chatterbot Yankee submitting transactions
chatterbot Bravo submitting transactions
chatterbot Juliett submitting transactions
chatterbot Charlie submitting transactions
chatterbot Oscar submitting transactions
chatterbot Zulu submitting transactions
chatterbot November submitting transactions
chatterbot Tango submitting transactions
ChatterBot Bravo round 3
ChatterBot Yankee round 3
ChatterBot Sierra round 3
ChatterBot Tango round 3
ChatterBot Charlie round 3
ChatterBot November round 3
ChatterBot Juliett round 3
ChatterBot Zulu round 3
ChatterBot Victor round 3
ChatterBot Oscar round 3
2024-10-15 05:31:39.421933 Juliett: We should add Sierra and November
ChatterBot Oscar reevaluating
ChatterBot Zulu reevaluating
2024-10-15 05:31:39.449097 Oscar: Yes
2024-10-15 05:31:39.449314 Bravo: Yes
2024-10-15 05:31:39.449465 Yankee: No
2024-10-15 05:31:39.449604 Tango: No
2024-10-15 05:31:39.449751 Charlie: Yes
2024-10-15 05:31:39.450403 Zulu: No
2024-10-15 05:31:39.450528 Victor: Yes
ChatterBot Zulu reevaluating
ChatterBot Oscar reevaluating
ChatterBot Zulu reevaluating
ChatterBot Oscar reevaluating
ChatterBot Charlie reevaluating
ChatterBot Zulu reevaluating
ChatterBot Victor reevaluating
ChatterBot Juliett reevaluating
ChatterBot Oscar reevaluating
ChatterBot Charlie reevaluating
ChatterBot Zulu reevaluating
ChatterBot Victor reevaluating
ChatterBot Juliett reevaluating
ChatterBot Oscar reevaluating
ChatterBot Zulu reevaluating
ChatterBot Victor reevaluating
ChatterBot Juliett reevaluating
ChatterBot Oscar reevaluating
ChatterBot Charlie reevaluating
ChatterBot Victor reevaluating
ChatterBot Juliett reevaluating
ChatterBot Oscar reevaluating
ChatterBot Charlie reevaluating
ChatterBot Zulu reevaluating
2024-10-15 05:31:39.819991 Charlie: We should drop Sierra and November
ChatterBot Juliett reevaluating
ChatterBot Oscar reevaluating
ChatterBot Victor reevaluating
2024-10-15 05:31:39.847299 Juliett: Yes
2024-10-15 05:31:39.848357 Oscar: No
2024-10-15 05:31:39.848655 Bravo: No
2024-10-15 05:31:39.849038 Yankee: Yes
2024-10-15 05:31:39.849949 Tango: Yes
2024-10-15 05:31:39.850223 Zulu: Yes
2024-10-15 05:31:39.850440 Victor: Yes
ChatterBot Oscar reevaluating
ChatterBot Charlie reevaluating
ChatterBot Victor reevaluating
ChatterBot Juliett reevaluating
ChatterBot Charlie reevaluating
ChatterBot Victor reevaluating
ChatterBot Juliett reevaluating
ChatterBot Oscar reevaluating
ChatterBot Charlie reevaluating
ChatterBot Victor reevaluating
ChatterBot Juliett reevaluating
ChatterBot Oscar reevaluating
ChatterBot Charlie reevaluating
ChatterBot Zulu reevaluating
ChatterBot Victor reevaluating
ChatterBot Juliett reevaluating
ChatterBot Oscar reevaluating
ChatterBot Charlie reevaluating
ChatterBot Zulu reevaluating
ChatterBot Victor reevaluating
ChatterBot Juliett reevaluating
ChatterBot Oscar reevaluating
ChatterBot Charlie reevaluating
ChatterBot Victor reevaluating
ChatterBot Juliett reevaluating
ChatterBot Oscar reevaluating
ChatterBot Charlie reevaluating
ChatterBot Zulu reevaluating
chatterbot November submitting transactions
chatterbot Sierra submitting transactions
chatterbot Yankee submitting transactions
2024-10-15 05:31:40.199999 Bravo: Yankee, sending you 3
2024-10-15 05:31:40.201204 Tango: Bravo, sending you 2
2024-10-15 05:31:40.201610 Yankee: Bravo, Tango and Victor, sending you 3
2024-10-15 05:31:40.202542 Sierra: November and Juliett, sending you 6
2024-10-15 05:31:40.202774 November: Bravo and Sierra, sending you 6
2024-10-15 05:31:40.203599 Victor: We should drop Sierra
ChatterBot Charlie reevaluating
ChatterBot Zulu reevaluating
2024-10-15 05:31:40.225407 Bravo: No
2024-10-15 05:31:40.225541 Yankee: Yes
2024-10-15 05:31:40.226182 Tango: Yes
2024-10-15 05:31:40.226285 Charlie: Yes
2024-10-15 05:31:40.226407 Zulu: Yes
2024-10-15 05:31:40.226521 November: No
ChatterBot Victor reevaluating
ChatterBot Charlie reevaluating
ChatterBot Zulu reevaluating
ChatterBot Victor reevaluating
ChatterBot Bravo reevaluating
ChatterBot Charlie reevaluating
ChatterBot Zulu reevaluating
ChatterBot Victor reevaluating
ChatterBot Bravo reevaluating
ChatterBot Charlie reevaluating
ChatterBot Zulu reevaluating
ChatterBot Victor reevaluating
ChatterBot Bravo reevaluating
ChatterBot Zulu reevaluating
ChatterBot Victor reevaluating
ChatterBot Bravo reevaluating
ChatterBot Charlie reevaluating
ChatterBot Victor reevaluating
ChatterBot Bravo reevaluating
ChatterBot Charlie reevaluating
ChatterBot Zulu reevaluating
2024-10-15 05:31:40.365201 Yankee: Charlie, sending you 2
2024-10-15 05:31:40.366356 Tango: Yankee and Zulu, sending you 5
2024-10-15 05:31:40.366739 November: Juliett, sending you 3
2024-10-15 05:31:40.367026 Sierra: Oscar, sending you 5
chatterbot Bravo submitting transactions
2024-10-15 05:31:40.494159 Oscar: Bravo, sending you 1
2024-10-15 05:31:40.494597 Tango: Charlie and Victor, sending you 3
2024-10-15 05:31:40.495603 Juliett: Bravo, sending you 3
2024-10-15 05:31:40.496302 Yankee: Zulu, sending you 1
2024-10-15 05:31:40.497219 November: Oscar, sending you 2
2024-10-15 05:31:40.497593 Zulu: Yankee we want you to join our group
2024-10-15 05:31:40.502095 Yankee: Yes
ChatterBot Zulu reevaluating
ChatterBot Victor reevaluating
2024-10-15 05:31:40.517841 Oscar: Sierra and November, sending you 5
2024-10-15 05:31:40.518354 Juliett: Tango and Victor, sending you 1
2024-10-15 05:31:40.597873 Oscar: Juliett, sending you 7
2024-10-15 05:31:40.598325 Juliett: Charlie, sending you 2
2024-10-15 05:31:40.685578 Juliett: Oscar, sending you 5
2024-10-15 05:31:40.687226 Charlie: Bravo, sending you 3
chatterbot Tango submitting transactions
2024-10-15 05:31:40.728771 Charlie: Yankee, Tango, Juliett, Zulu and Oscar, sending you 2
chatterbot Oscar submitting transactions
2024-10-15 05:31:40.763556 Charlie: Victor, sending you 4
2024-10-15 05:31:40.765100 Zulu: Yankee, sending you 2
2024-10-15 05:31:40.766065 Victor: Bravo, Yankee, Tango, Charlie and November, sending you 3
2024-10-15 05:31:40.785232 Zulu: Tango, sending you 5
2024-10-15 05:31:40.786404 Victor: Zulu, sending you 4
2024-10-15 05:31:40.796672 Zulu: Charlie and Victor, sending you 3
chatterbot Charlie submitting transactions
chatterbot Victor submitting transactions
chatterbot Zulu submitting transactions
chatterbot Juliett submitting transactions
ChatterBot Bravo round 4
ChatterBot Yankee round 4
chatterbot Bravo submitting transactions
ChatterBot Sierra round 4
ChatterBot Tango round 4
ChatterBot Charlie round 4
ChatterBot November round 4
ChatterBot Juliett round 4
ChatterBot Zulu round 4
ChatterBot Victor round 4
ChatterBot Oscar round 4
2024-10-15 05:31:41.387847 Juliett: Friends?
ChatterBot Bravo reevaluating
2024-10-15 05:31:41.407491 November: Yes
2024-10-15 05:31:41.408345 Sierra: No
2024-10-15 05:31:41.408582 Oscar: Yes
2024-10-15 05:31:41.408787 Bravo: Yes
ChatterBot Bravo reevaluating
ChatterBot Oscar reevaluating
ChatterBot Bravo reevaluating
ChatterBot Bravo reevaluating
ChatterBot Oscar reevaluating
2024-10-15 05:31:41.502038 Zulu: We should replace Yankee with Bravo
ChatterBot Victor reevaluating
2024-10-15 05:31:41.515178 Tango: No
2024-10-15 05:31:41.515362 Charlie: No
2024-10-15 05:31:41.515522 Victor: No
ChatterBot Zulu reevaluating
ChatterBot Victor reevaluating
ChatterBot Zulu reevaluating
ChatterBot Victor reevaluating
ChatterBot Zulu reevaluating
2024-10-15 05:31:41.578608 Charlie: We should drop Juliett and Oscar
ChatterBot Zulu reevaluating
ChatterBot Victor reevaluating
2024-10-15 05:31:41.608768 Yankee: Yes
2024-10-15 05:31:41.609002 Zulu: Yes
2024-10-15 05:31:41.609197 Tango: Yes
2024-10-15 05:31:41.609346 Bravo: No
2024-10-15 05:31:41.609501 Victor: Yes
ChatterBot Zulu reevaluating
ChatterBot Bravo reevaluating
ChatterBot Victor reevaluating
ChatterBot Bravo reevaluating
ChatterBot Victor reevaluating
ChatterBot Zulu reevaluating
ChatterBot Bravo reevaluating
ChatterBot Victor reevaluating
ChatterBot Zulu reevaluating
ChatterBot Victor reevaluating
ChatterBot Zulu reevaluating
ChatterBot Bravo reevaluating
2024-10-15 05:31:41.811564 November: Bravo, sending you 3
2024-10-15 05:31:41.812149 Sierra: November and Oscar, sending you 6
2024-10-15 05:31:41.813010 Juliett: Bravo, sending you 2
2024-10-15 05:31:41.813580 Tango: Bravo and Victor, sending you 3
2024-10-15 05:31:41.815079 Yankee: Bravo and Tango, sending you 3
2024-10-15 05:31:41.816467 Victor: We should drop November
ChatterBot Zulu reevaluating
2024-10-15 05:31:41.838904 Yankee: Yes
2024-10-15 05:31:41.839086 Zulu: Yes
2024-10-15 05:31:41.839290 Tango: Yes
2024-10-15 05:31:41.839888 Charlie: Yes
2024-10-15 05:31:41.840033 Bravo: Yes
ChatterBot Zulu reevaluating
ChatterBot Zulu reevaluating
ChatterBot Zulu reevaluating
ChatterBot Zulu reevaluating
2024-10-15 05:31:41.974472 Sierra: Juliett, sending you 5
2024-10-15 05:31:41.974804 November: Sierra, sending you 6
2024-10-15 05:31:41.975088 Juliett: Sierra, sending you 4
2024-10-15 05:31:41.975392 Oscar: Bravo, sending you 1
2024-10-15 05:31:41.976380 Tango: Yankee, sending you 4
2024-10-15 05:31:41.976880 Yankee: Charlie, Zulu and Victor, sending you 2
chatterbot November submitting transactions
chatterbot Juliett submitting transactions
2024-10-15 05:31:41.978231 Charlie: Bravo and Victor, sending you 4
2024-10-15 05:31:41.978739 Juliett: November, sending you 3
2024-10-15 05:31:41.979815 November: Juliett, sending you 2
2024-10-15 05:31:41.980195 Oscar: Sierra, sending you 5
2024-10-15 05:31:41.980686 Tango: Charlie, sending you 2
2024-10-15 05:31:41.983182 Charlie: Yankee, Tango and Zulu, sending you 3
2024-10-15 05:31:41.983829 Juliett: Oscar, sending you 5
2024-10-15 05:31:41.984281 November: Oscar, sending you 5
2024-10-15 05:31:41.985188 Oscar: November, sending you 4
2024-10-15 05:31:41.985665 Tango: Zulu, sending you 6
2024-10-15 05:31:41.986954 Zulu: Bravo we want you to join our group
2024-10-15 05:31:41.993487 Bravo: Yes
ChatterBot Zulu reevaluating
2024-10-15 05:31:42.020274 Oscar: Juliett, sending you 8
2024-10-15 05:31:42.021586 Victor: Bravo, Yankee, Charlie and Zulu, sending you 4
2024-10-15 05:31:42.028076 Victor: Tango, sending you 3
2024-10-15 05:31:42.054596 Zulu: Yankee, sending you 2
2024-10-15 05:31:42.057691 Zulu: Tango and Victor, sending you 4
2024-10-15 05:31:42.061661 Zulu: Charlie, sending you 3
chatterbot Sierra submitting transactions
chatterbot Bravo submitting transactions
chatterbot Yankee submitting transactions
chatterbot Oscar submitting transactions
chatterbot Charlie submitting transactions
chatterbot Tango submitting transactions
chatterbot Victor submitting transactions
chatterbot Zulu submitting transactions
ChatterBot Bravo round 5
ChatterBot Yankee round 5
ChatterBot Sierra round 5
ChatterBot Tango round 5
ChatterBot Charlie round 5
ChatterBot November round 5
ChatterBot Juliett round 5
ChatterBot Zulu round 5
ChatterBot Victor round 5
ChatterBot Oscar round 5
2024-10-15 05:31:43.184122 Yankee: Bravo and Tango, sending you 3
2024-10-15 05:31:43.185410 Tango: Bravo, Charlie and Victor, sending you 3
2024-10-15 05:31:43.186141 Oscar: We should drop Bravo
2024-10-15 05:31:43.196790 Sierra: Yes
2024-10-15 05:31:43.196979 November: No
2024-10-15 05:31:43.197110 Juliett: No
2024-10-15 05:31:43.229698 Yankee: Charlie, Zulu and Victor, sending you 2
2024-10-15 05:31:43.231406 Tango: Yankee, sending you 4
2024-10-15 05:31:43.232701 Juliett: Bravo, sending you 2
2024-10-15 05:31:43.233800 Victor: Bravo, Yankee, Charlie and Zulu, sending you 4
2024-10-15 05:31:43.234454 Charlie: Bravo and Victor, sending you 4
2024-10-15 05:31:43.235430 Sierra: Sending you each 6
2024-10-15 05:31:43.235747 Tango: Zulu, sending you 5
2024-10-15 05:31:43.237186 November: Bravo, sending you 2
2024-10-15 05:31:43.237582 Zulu: Yankee, sending you 2
2024-10-15 05:31:43.238386 Victor: Tango, sending you 3
2024-10-15 05:31:43.239835 Charlie: Yankee, Tango and Zulu, sending you 3
2024-10-15 05:31:43.240622 Juliett: Sierra, sending you 4
2024-10-15 05:31:43.242104 November: Sierra, sending you 6
2024-10-15 05:31:43.242539 Zulu: Tango and Victor, sending you 4
2024-10-15 05:31:43.245666 Juliett: November, sending you 3
2024-10-15 05:31:43.246700 Zulu: Charlie, sending you 3
2024-10-15 05:31:43.247167 November: Juliett, sending you 4
2024-10-15 05:31:43.249674 Oscar: Sierra, sending you 6
2024-10-15 05:31:43.251668 Juliett: Oscar, sending you 5
2024-10-15 05:31:43.252880 November: Oscar, sending you 5
2024-10-15 05:31:43.253667 Oscar: November, sending you 4
2024-10-15 05:31:43.256892 Oscar: Juliett, sending you 8
chatterbot Tango submitting transactions
chatterbot Oscar submitting transactions
chatterbot November submitting transactions
chatterbot Yankee submitting transactions
chatterbot Juliett submitting transactions
chatterbot Bravo submitting transactions
chatterbot Sierra submitting transactions
chatterbot Zulu submitting transactions
chatterbot Victor submitting transactions
chatterbot Charlie submitting transactions
ChatterBot Bravo round 6
ChatterBot Yankee round 6
ChatterBot Sierra round 6
ChatterBot Tango round 6
ChatterBot Charlie round 6
ChatterBot November round 6
ChatterBot Juliett round 6
ChatterBot Zulu round 6
ChatterBot Victor round 6
ChatterBot Oscar round 6
2024-10-15 05:31:44.378755 Zulu: We should replace Yankee with Bravo
2024-10-15 05:31:44.389480 Tango: No
2024-10-15 05:31:44.389780 Charlie: No
2024-10-15 05:31:44.390019 Victor: No
ChatterBot Zulu reevaluating
ChatterBot Zulu reevaluating
ChatterBot Zulu reevaluating
2024-10-15 05:31:44.459899 Zulu: Bravo we want you to join our group
2024-10-15 05:31:44.463969 Bravo: Yes
ChatterBot Zulu reevaluating
2024-10-15 05:31:44.502101 Yankee: Bravo, Tango and Victor, sending you 3
2024-10-15 05:31:44.504331 Tango: Bravo, Charlie and Victor, sending you 3
2024-10-15 05:31:44.505981 Juliett: Bravo, sending you 1
2024-10-15 05:31:44.506655 Charlie: Bravo and Victor, sending you 4
2024-10-15 05:31:44.508291 Sierra: November, sending you 5
2024-10-15 05:31:44.509416 Oscar: Sierra, sending you 6
2024-10-15 05:31:44.510236 November: Bravo, sending you 2
2024-10-15 05:31:44.511379 Victor: Bravo, Yankee, Charlie and Zulu, sending you 4
2024-10-15 05:31:44.513008 Yankee: Charlie, sending you 2
2024-10-15 05:31:44.514653 Tango: Yankee, sending you 4
2024-10-15 05:31:44.515549 Juliett: Sierra, sending you 4
2024-10-15 05:31:44.516764 Charlie: Yankee, Tango and Zulu, sending you 3
2024-10-15 05:31:44.518127 Sierra: Juliett and Oscar, sending you 6
2024-10-15 05:31:44.518893 November: Sierra, sending you 6
2024-10-15 05:31:44.520078 Oscar: November, sending you 5
2024-10-15 05:31:44.520850 Victor: Tango, sending you 3
2024-10-15 05:31:44.522577 Yankee: Zulu, sending you 1
2024-10-15 05:31:44.524017 Tango: Zulu, sending you 5
2024-10-15 05:31:44.525414 Juliett: November, sending you 3
2024-10-15 05:31:44.526240 November: Juliett, sending you 4
2024-10-15 05:31:44.527719 Oscar: Juliett, sending you 7
2024-10-15 05:31:44.544352 Juliett: Oscar, sending you 5
2024-10-15 05:31:44.546030 November: Oscar, sending you 5
2024-10-15 05:31:44.554299 Zulu: Bravo, sending you 2
2024-10-15 05:31:44.707651 Zulu: Tango and Victor, sending you 4
2024-10-15 05:31:44.724977 Zulu: Charlie, sending you 3
chatterbot Charlie submitting transactions
chatterbot November submitting transactions
chatterbot Bravo submitting transactions
chatterbot Juliett submitting transactions
chatterbot Zulu submitting transactions
chatterbot Oscar submitting transactions
chatterbot Victor submitting transactions
chatterbot Tango submitting transactions
chatterbot Sierra submitting transactions
chatterbot Yankee submitting transactions
ChatterBot Bravo round 7
ChatterBot Yankee round 7
ChatterBot Sierra round 7
ChatterBot Tango round 7
ChatterBot Charlie round 7
ChatterBot November round 7
ChatterBot Juliett round 7
ChatterBot Zulu round 7
ChatterBot Victor round 7
ChatterBot Oscar round 7
2024-10-15 05:31:45.852433 Yankee: Bravo, Tango and Victor, sending you 3
2024-10-15 05:31:45.854435 Tango: Bravo, Charlie and Victor, sending you 3
2024-10-15 05:31:45.855494 Juliett: Bravo, sending you 1
2024-10-15 05:31:45.857211 Sierra: November, sending you 5
2024-10-15 05:31:45.858171 Victor: Bravo, Yankee, Charlie and Zulu, sending you 4
2024-10-15 05:31:45.859001 November: Bravo, sending you 2
2024-10-15 05:31:45.860289 Oscar: Sierra, sending you 6
2024-10-15 05:31:45.860881 Yankee: Charlie, sending you 2
2024-10-15 05:31:45.862465 Tango: Yankee, sending you 4
2024-10-15 05:31:45.864017 Juliett: Sierra and Oscar, sending you 5
2024-10-15 05:31:45.864683 Charlie: Bravo and Victor, sending you 4
2024-10-15 05:31:45.866202 Victor: Tango, sending you 3
2024-10-15 05:31:45.866918 Sierra: Juliett and Oscar, sending you 6
2024-10-15 05:31:45.867480 November: Sierra, sending you 7
2024-10-15 05:31:45.868764 Zulu: Bravo, sending you 2
2024-10-15 05:31:45.869410 Oscar: November, sending you 5
2024-10-15 05:31:45.870853 Yankee: Zulu, sending you 1
2024-10-15 05:31:45.871628 Tango: Zulu, sending you 5
2024-10-15 05:31:45.873100 Juliett: November, sending you 3
2024-10-15 05:31:45.873800 Charlie: Yankee, Tango and Zulu, sending you 3
2024-10-15 05:31:45.875405 November: Juliett, sending you 4
2024-10-15 05:31:45.876119 Zulu: Tango and Victor, sending you 4
2024-10-15 05:31:45.877736 Oscar: Juliett, sending you 7
2024-10-15 05:31:45.879194 November: Oscar, sending you 5
2024-10-15 05:31:45.900923 Zulu: Charlie, sending you 3
chatterbot Sierra submitting transactions
chatterbot Yankee submitting transactions
chatterbot Zulu submitting transactions
chatterbot Victor submitting transactions
chatterbot Charlie submitting transactions
chatterbot November submitting transactions
chatterbot Oscar submitting transactions
chatterbot Tango submitting transactions
chatterbot Bravo submitting transactions
chatterbot Juliett submitting transactions
ChatterBot Bravo round 8
ChatterBot Yankee round 8
ChatterBot Sierra round 8
ChatterBot Tango round 8
ChatterBot Charlie round 8
ChatterBot November round 8
ChatterBot Juliett round 8
ChatterBot Zulu round 8
ChatterBot Victor round 8
ChatterBot Oscar round 8
2024-10-15 05:31:47.115315 November: We should replace Bravo with Charlie
ChatterBot Juliett reevaluating
2024-10-15 05:31:47.126710 Sierra: No
2024-10-15 05:31:47.126949 Juliett: Yes
2024-10-15 05:31:47.127147 Oscar: No
ChatterBot Juliett reevaluating
ChatterBot November reevaluating
ChatterBot November reevaluating
ChatterBot Juliett reevaluating
2024-10-15 05:31:47.169653 Yankee: Bravo, Tango and Victor, sending you 3
2024-10-15 05:31:47.171047 November: Charlie we want you to join our group
2024-10-15 05:31:47.175945 Charlie: No
ChatterBot November reevaluating
ChatterBot Juliett reevaluating
2024-10-15 05:31:47.192293 Yankee: Charlie, sending you 2
2024-10-15 05:31:47.194984 Sierra: November and Oscar, sending you 5
2024-10-15 05:31:47.196819 Yankee: Zulu, sending you 1
2024-10-15 05:31:47.197812 Tango: Bravo, Charlie and Victor, sending you 3
2024-10-15 05:31:47.199273 Charlie: Bravo and Victor, sending you 4
2024-10-15 05:31:47.200268 Victor: Bravo, Yankee, Charlie and Zulu, sending you 4
2024-10-15 05:31:47.201646 Oscar: Sierra, sending you 6
2024-10-15 05:31:47.202110 Zulu: Bravo, sending you 2
2024-10-15 05:31:47.203242 Sierra: Juliett, sending you 6
2024-10-15 05:31:47.203740 Tango: Yankee, sending you 4
2024-10-15 05:31:47.204653 Charlie: Yankee, Tango and Zulu, sending you 3
2024-10-15 05:31:47.206978 Victor: Tango, sending you 3
2024-10-15 05:31:47.207759 Oscar: November, sending you 5
2024-10-15 05:31:47.208214 Zulu: Tango and Victor, sending you 4
2024-10-15 05:31:47.209133 Tango: Zulu, sending you 5
2024-10-15 05:31:47.212857 Oscar: Juliett, sending you 7
2024-10-15 05:31:47.213373 Juliett: Sierra and Oscar, sending you 5
2024-10-15 05:31:47.213932 Zulu: Charlie, sending you 3
2024-10-15 05:31:47.218915 Juliett: Charlie, sending you 1
2024-10-15 05:31:47.224672 Juliett: November, sending you 3
2024-10-15 05:31:47.225237 November: Sierra, sending you 7
2024-10-15 05:31:47.229677 November: Juliett, sending you 5
2024-10-15 05:31:47.235666 November: Oscar, sending you 6
chatterbot Tango submitting transactions
chatterbot Sierra submitting transactions
chatterbot Bravo submitting transactions
chatterbot Zulu submitting transactions
chatterbot Charlie submitting transactions
chatterbot Oscar submitting transactions
chatterbot Yankee submitting transactions
chatterbot November submitting transactions
chatterbot Victor submitting transactions
chatterbot Juliett submitting transactions
ChatterBot Bravo round 9
ChatterBot Yankee round 9
ChatterBot Sierra round 9
ChatterBot Tango round 9
ChatterBot Charlie round 9
ChatterBot November round 9
ChatterBot Juliett round 9
ChatterBot Zulu round 9
ChatterBot Victor round 9
ChatterBot Oscar round 9
2024-10-15 05:31:48.467225 Juliett: We should replace Charlie with Zulu
ChatterBot November reevaluating
2024-10-15 05:31:48.476625 Sierra: No
2024-10-15 05:31:48.476818 November: Yes
2024-10-15 05:31:48.476997 Oscar: No
ChatterBot November reevaluating
ChatterBot Juliett reevaluating
ChatterBot Juliett reevaluating
ChatterBot November reevaluating
ChatterBot Juliett reevaluating
2024-10-15 05:31:48.553898 Zulu: Bravo, sending you 2
2024-10-15 05:31:48.555833 Yankee: Bravo, Tango and Victor, sending you 3
2024-10-15 05:31:48.558001 Juliett: Sierra and Oscar, sending you 5
2024-10-15 05:31:48.559350 Tango: Bravo, Charlie and Victor, sending you 3
2024-10-15 05:31:48.560959 Sierra: November and Oscar, sending you 5
2024-10-15 05:31:48.561537 Oscar: Sierra, sending you 6
2024-10-15 05:31:48.562991 Charlie: Bravo and Victor, sending you 4
2024-10-15 05:31:48.565022 Victor: Bravo, Yankee, Charlie and Zulu, sending you 4
2024-10-15 05:31:48.566598 Zulu: Tango and Victor, sending you 4
2024-10-15 05:31:48.568232 Yankee: Charlie, sending you 2
2024-10-15 05:31:48.570448 Juliett: Charlie, sending you 1
2024-10-15 05:31:48.571842 Sierra: Juliett, sending you 6
2024-10-15 05:31:48.572769 Tango: Yankee, sending you 4
2024-10-15 05:31:48.575326 November: Sierra, sending you 1
2024-10-15 05:31:48.575937 Oscar: November, sending you 5
2024-10-15 05:31:48.577164 Victor: Tango, sending you 3
2024-10-15 05:31:48.579194 Charlie: Yankee, Tango and Zulu, sending you 3
2024-10-15 05:31:48.581018 Zulu: Charlie, sending you 3
2024-10-15 05:31:48.582858 Yankee: Zulu, sending you 1
2024-10-15 05:31:48.585526 Juliett: November, sending you 4
2024-10-15 05:31:48.586674 Tango: Zulu, sending you 5
2024-10-15 05:31:48.588721 Oscar: Juliett, sending you 7
chatterbot Juliett submitting transactions
chatterbot Yankee submitting transactions
chatterbot Charlie submitting transactions
chatterbot Bravo submitting transactions
chatterbot Sierra submitting transactions
chatterbot Zulu submitting transactions
chatterbot Tango submitting transactions
chatterbot Oscar submitting transactions
chatterbot November submitting transactions
chatterbot Victor submitting transactions
ChatterBot Bravo round 10
ChatterBot Yankee round 10
ChatterBot Sierra round 10
ChatterBot Tango round 10
ChatterBot Charlie round 10
ChatterBot November round 10
ChatterBot Juliett round 10
ChatterBot Zulu round 10
ChatterBot Victor round 10
ChatterBot Oscar round 10
2024-10-15 05:31:49.939920 November: We should replace Charlie with Bravo
ChatterBot Juliett reevaluating
ChatterBot Oscar reevaluating
2024-10-15 05:31:49.952427 Sierra: No
2024-10-15 05:31:49.952677 Juliett: Yes
2024-10-15 05:31:49.952874 Oscar: Yes
ChatterBot November reevaluating
ChatterBot Juliett reevaluating
ChatterBot Oscar reevaluating
ChatterBot November reevaluating
ChatterBot Oscar reevaluating
ChatterBot November reevaluating
ChatterBot Juliett reevaluating
2024-10-15 05:31:50.009675 Tango: Bravo, Yankee, Charlie and Victor, sending you 3
2024-10-15 05:31:50.010693 November: Bravo we want you to join our group
2024-10-15 05:31:50.014108 Bravo: No
ChatterBot November reevaluating
2024-10-15 05:31:50.025361 Sierra: November and Juliett, sending you 6
2024-10-15 05:31:50.025904 Victor: I was attacked by November
ChatterBot Yankee reevaluating
ChatterBot Zulu reevaluating
ChatterBot Tango reevaluating
ChatterBot Charlie reevaluating
ChatterBot Bravo reevaluating
2024-10-15 05:31:50.042565 Victor: Ow
2024-10-15 05:31:50.043776 Sierra: Oscar, sending you 5
2024-10-15 05:31:50.044648 Oscar: Sierra, sending you 6
2024-10-15 05:31:50.047683 Juliett: Bravo, sending you 1
2024-10-15 05:31:50.048899 Oscar: November, sending you 4
2024-10-15 05:31:50.051665 Oscar: Juliett, sending you 8
2024-10-15 05:31:50.052677 Juliett: Sierra and Oscar, sending you 5
2024-10-15 05:31:50.055674 Juliett: November, sending you 3
2024-10-15 05:31:50.057067 November: Sierra, sending you 6
2024-10-15 05:31:50.059664 November: Charlie, sending you 1
2024-10-15 05:31:50.063664 November: Juliett and Oscar, sending you 5
2024-10-15 05:31:50.069667 Zulu: Bravo, sending you 2
2024-10-15 05:31:50.074667 Zulu: Tango and Victor, sending you 4
2024-10-15 05:31:50.075686 Charlie: Bravo and Victor, sending you 4
2024-10-15 05:31:50.078677 Tango: Yankee, sending you 4
2024-10-15 05:31:50.079864 Zulu: Charlie, sending you 3
2024-10-15 05:31:50.080367 Charlie: Yankee, Tango and Zulu, sending you 3
2024-10-15 05:31:50.083688 Tango: Zulu, sending you 5
chatterbot Sierra submitting transactions
chatterbot Charlie submitting transactions
chatterbot Victor submitting transactions
chatterbot Juliett submitting transactions
chatterbot Bravo submitting transactions
chatterbot Oscar submitting transactions
chatterbot Yankee submitting transactions
chatterbot Tango submitting transactions
chatterbot Zulu submitting transactions
chatterbot November submitting transactions
ChatterBot Bravo round 11
ChatterBot Yankee round 11
ChatterBot Sierra round 11
ChatterBot Tango round 11
ChatterBot Charlie round 11
ChatterBot November round 11
ChatterBot Juliett round 11
ChatterBot Zulu round 11
ChatterBot Victor round 11
ChatterBot Oscar round 11
2024-10-15 05:31:51.389860 Zulu: We should drop Charlie and Victor
ChatterBot Bravo reevaluating
ChatterBot Tango reevaluating
2024-10-15 05:31:51.404953 Bravo: No
2024-10-15 05:31:51.405152 Tango: No
ChatterBot Tango reevaluating
ChatterBot Zulu reevaluating
ChatterBot Bravo reevaluating
2024-10-15 05:31:51.470663 Juliett: Bravo, sending you 1
2024-10-15 05:31:51.472673 November: I was attacked by Yankee and Victor
ChatterBot Oscar reevaluating
ChatterBot Sierra reevaluating
ChatterBot Juliett reevaluating
ChatterBot Charlie reevaluating
2024-10-15 05:31:51.490564 November: Ow
2024-10-15 05:31:51.493438 Zulu: We should drop Victor
ChatterBot Bravo reevaluating
ChatterBot Charlie reevaluating
2024-10-15 05:31:51.508174 Bravo: No
2024-10-15 05:31:51.508372 Tango: No
2024-10-15 05:31:51.508542 Charlie: No
ChatterBot Zulu reevaluating
ChatterBot Charlie reevaluating
ChatterBot Zulu reevaluating
ChatterBot Bravo reevaluating
ChatterBot Charlie reevaluating
ChatterBot Zulu reevaluating
ChatterBot Bravo reevaluating
2024-10-15 05:31:51.596105 Oscar: Sierra, sending you 6
2024-10-15 05:31:51.597961 Charlie: Bravo, sending you 5
2024-10-15 05:31:51.601055 Tango: Bravo and Charlie, sending you 3
2024-10-15 05:31:51.604726 Sierra: November and Oscar, sending you 5
2024-10-15 05:31:51.606714 Oscar: November, sending you 5
2024-10-15 05:31:51.607740 Charlie: Yankee, Tango, Zulu and Victor, sending you 3
