ChatterBot Whiskey round 1
ChatterBot Bravo round 1
ChatterBot Zulu round 1
ChatterBot Juliett round 1
ChatterBot Tango round 1
ChatterBot Sierra round 1
ChatterBot November round 1
ChatterBot Golf round 1
ChatterBot Hotel round 1
ChatterBot Oscar round 1
randomSelections November: {November, Oscar, Golf, Juliett} 
2024-10-15 02:39:29.517741 November: Let's form a team
ChatterBot Oscar reevaluating
ChatterBot Golf reevaluating
ChatterBot Juliett reevaluating
2024-10-15 02:39:29.527333 Oscar: Yes
2024-10-15 02:39:29.527531 Golf: Yes
2024-10-15 02:39:29.527708 Juliett: Yes
ChatterBot Golf reevaluating
ChatterBot Juliett reevaluating
ChatterBot Oscar reevaluating
ChatterBot Juliett reevaluating
ChatterBot Oscar reevaluating
ChatterBot Golf reevaluating
randomSelections Hotel: {Hotel, Whiskey, Zulu, November, Tango, Golf} 
2024-10-15 02:39:29.550814 Hotel: We would work well together
ChatterBot Whiskey reevaluating
ChatterBot Zulu reevaluating
ChatterBot Tango reevaluating
ChatterBot Golf reevaluating
2024-10-15 02:39:29.561640 Whiskey: Yes
2024-10-15 02:39:29.561781 Zulu: Yes
2024-10-15 02:39:29.561910 November: No
2024-10-15 02:39:29.562097 Tango: Yes
2024-10-15 02:39:29.562303 Golf: No
ChatterBot Zulu reevaluating
ChatterBot Tango reevaluating
ChatterBot Golf reevaluating
ChatterBot Whiskey reevaluating
ChatterBot Tango reevaluating
ChatterBot Golf reevaluating
ChatterBot Whiskey reevaluating
ChatterBot Zulu reevaluating
ChatterBot Tango reevaluating
ChatterBot Golf reevaluating
ChatterBot Whiskey reevaluating
ChatterBot Zulu reevaluating
ChatterBot Golf reevaluating
ChatterBot Whiskey reevaluating
ChatterBot Zulu reevaluating
ChatterBot Tango reevaluating
randomSelections Bravo: {Bravo, Golf, Hotel, Oscar, Tango, Whiskey} 
2024-10-15 02:39:29.614037 Bravo: Friends?
ChatterBot Golf reevaluating
ChatterBot Oscar reevaluating
ChatterBot Tango reevaluating
ChatterBot Whiskey reevaluating
2024-10-15 02:39:29.622595 Golf: No
2024-10-15 02:39:29.622786 Hotel: No
2024-10-15 02:39:29.623019 Oscar: No
2024-10-15 02:39:29.623155 Tango: No
2024-10-15 02:39:29.623274 Whiskey: No
ChatterBot Oscar reevaluating
ChatterBot Tango reevaluating
ChatterBot Whiskey reevaluating
ChatterBot Golf reevaluating
ChatterBot Oscar reevaluating
ChatterBot Tango reevaluating
ChatterBot Whiskey reevaluating
ChatterBot Golf reevaluating
ChatterBot Tango reevaluating
ChatterBot Whiskey reevaluating
ChatterBot Golf reevaluating
ChatterBot Oscar reevaluating
ChatterBot Whiskey reevaluating
ChatterBot Golf reevaluating
ChatterBot Oscar reevaluating
ChatterBot Tango reevaluating
randomSelections Sierra: {Sierra, Zulu, Oscar, Golf, Tango, Juliett, Bravo, Hotel} 
2024-10-15 02:39:29.758349 Sierra: We should group up
ChatterBot Zulu reevaluating
ChatterBot Oscar reevaluating
ChatterBot Golf reevaluating
ChatterBot Tango reevaluating
ChatterBot Juliett reevaluating
2024-10-15 02:39:29.814119 Zulu: No
2024-10-15 02:39:29.814370 Oscar: No
2024-10-15 02:39:29.815490 Golf: No
2024-10-15 02:39:29.815649 Tango: No
2024-10-15 02:39:29.815894 Juliett: No
2024-10-15 02:39:29.816134 Bravo: No
2024-10-15 02:39:29.816254 Hotel: No
ChatterBot Oscar reevaluating
ChatterBot Golf reevaluating
ChatterBot Tango reevaluating
ChatterBot Juliett reevaluating
ChatterBot Zulu reevaluating
ChatterBot Golf reevaluating
ChatterBot Tango reevaluating
ChatterBot Juliett reevaluating
ChatterBot Zulu reevaluating
ChatterBot Oscar reevaluating
ChatterBot Tango reevaluating
ChatterBot Juliett reevaluating
ChatterBot Zulu reevaluating
ChatterBot Oscar reevaluating
ChatterBot Golf reevaluating
ChatterBot Juliett reevaluating
ChatterBot Zulu reevaluating
ChatterBot Oscar reevaluating
ChatterBot Golf reevaluating
ChatterBot Tango reevaluating
ChatterBot Zulu reevaluating
ChatterBot Oscar reevaluating
ChatterBot Golf reevaluating
ChatterBot Tango reevaluating
ChatterBot Juliett reevaluating
ChatterBot Zulu reevaluating
ChatterBot Oscar reevaluating
ChatterBot Golf reevaluating
ChatterBot Tango reevaluating
ChatterBot Juliett reevaluating
2024-10-15 02:39:29.894682 Bravo: Whiskey, sending you 3
2024-10-15 02:39:29.897689 Hotel: Zulu, sending you 2
2024-10-15 02:39:29.898682 Bravo: Tango and Hotel, sending you 2
2024-10-15 02:39:29.901001 Hotel: Tango and November, sending you 3
2024-10-15 02:39:29.902685 Sierra: Bravo, Zulu, Juliett, Golf and Hotel, sending you 1
2024-10-15 02:39:29.903945 Bravo: Golf and Oscar, sending you 1
2024-10-15 02:39:29.904776 Juliett: November and Oscar, sending you 3
2024-10-15 02:39:29.905381 November: Juliett, sending you 2
2024-10-15 02:39:29.905845 Hotel: Golf, sending you 1
2024-10-15 02:39:29.906231 Sierra: Oscar, sending you 3
2024-10-15 02:39:29.907382 Oscar: Juliett, sending you 2
2024-10-15 02:39:29.908658 Whiskey: Zulu, November and Golf, sending you 2
2024-10-15 02:39:29.909044 Juliett: Golf, sending you 5
2024-10-15 02:39:29.909332 November: Golf, sending you 3
2024-10-15 02:39:29.909790 Tango: Whiskey, sending you 5
2024-10-15 02:39:29.910937 Zulu: Whiskey, sending you 3
2024-10-15 02:39:29.911727 Oscar: November, sending you 5
2024-10-15 02:39:29.912677 Whiskey: Hotel, sending you 1
2024-10-15 02:39:29.913683 Zulu: Tango and Golf, sending you 2
2024-10-15 02:39:29.914871 Oscar: Golf, sending you 7
2024-10-15 02:39:29.915684 Tango: Zulu, sending you 3
2024-10-15 02:39:29.916681 Zulu: November and Hotel, sending you 1
chatterbot Whiskey submitting transactions
2024-10-15 02:39:29.920695 Tango: November and Hotel, sending you 2
2024-10-15 02:39:29.925657 Tango: Golf, sending you 1
chatterbot Oscar submitting transactions
chatterbot November submitting transactions
chatterbot Hotel submitting transactions
chatterbot Zulu submitting transactions
chatterbot Juliett submitting transactions
chatterbot Sierra submitting transactions
chatterbot Bravo submitting transactions
chatterbot Tango submitting transactions
chatterbot Golf submitting transactions
ChatterBot Whiskey round 2
ChatterBot Bravo round 2
ChatterBot Zulu round 2
ChatterBot Juliett round 2
ChatterBot Tango round 2
ChatterBot Sierra round 2
ChatterBot November round 2
2024-10-15 02:39:31.557932 Whiskey: Group up?
ChatterBot Zulu reevaluating
ChatterBot Tango reevaluating
ChatterBot Hotel reevaluating
ChatterBot Bravo reevaluating
2024-10-15 02:39:31.593020 Zulu: No
2024-10-15 02:39:31.593688 Tango: Yes
2024-10-15 02:39:31.593854 Hotel: No
2024-10-15 02:39:31.594007 Bravo: No
ChatterBot Tango reevaluating
ChatterBot Hotel reevaluating
ChatterBot Bravo reevaluating
ChatterBot Zulu reevaluating
ChatterBot Hotel reevaluating
ChatterBot Bravo reevaluating
ChatterBot Zulu reevaluating
ChatterBot Tango reevaluating
ChatterBot Bravo reevaluating
ChatterBot Zulu reevaluating
ChatterBot Tango reevaluating
ChatterBot Hotel reevaluating
ChatterBot Golf round 2
ChatterBot Hotel round 2
ChatterBot Oscar round 2
2024-10-15 02:39:31.833588 Juliett: We should add Bravo and Sierra
ChatterBot November reevaluating
ChatterBot Oscar reevaluating
ChatterBot Golf reevaluating
2024-10-15 02:39:31.865002 November: No
2024-10-15 02:39:31.865231 Oscar: No
2024-10-15 02:39:31.865466 Golf: No
ChatterBot Oscar reevaluating
ChatterBot Golf reevaluating
ChatterBot Juliett reevaluating
ChatterBot November reevaluating
ChatterBot Golf reevaluating
ChatterBot Juliett reevaluating
ChatterBot November reevaluating
ChatterBot Oscar reevaluating
ChatterBot Juliett reevaluating
2024-10-15 02:39:31.930513 Oscar: We should add Sierra
2024-10-15 02:39:31.931596 Golf: We should add Sierra
ChatterBot November reevaluating
ChatterBot Golf reevaluating
ChatterBot Juliett reevaluating
2024-10-15 02:39:31.952481 November: No
ChatterBot November reevaluating
ChatterBot Oscar reevaluating
2024-10-15 02:39:31.966999 Golf: Yes
2024-10-15 02:39:31.967881 Juliett: Yes
ChatterBot Juliett reevaluating
2024-10-15 02:39:31.975974 November: No
2024-10-15 02:39:31.976283 Oscar: Yes
2024-10-15 02:39:31.977008 Juliett: Yes
ChatterBot Oscar reevaluating
ChatterBot Golf reevaluating
ChatterBot Juliett reevaluating
ChatterBot November reevaluating
ChatterBot Oscar reevaluating
ChatterBot Juliett reevaluating
ChatterBot November reevaluating
ChatterBot Oscar reevaluating
ChatterBot Golf reevaluating
ChatterBot Oscar reevaluating
ChatterBot Golf reevaluating
ChatterBot Juliett reevaluating
ChatterBot November reevaluating
ChatterBot Golf reevaluating
ChatterBot Juliett reevaluating
ChatterBot November reevaluating
ChatterBot Oscar reevaluating
ChatterBot Golf reevaluating
2024-10-15 02:39:32.120847 Sierra: Let's form a team
ChatterBot Bravo reevaluating
ChatterBot Golf reevaluating
2024-10-15 02:39:32.137413 Bravo: No
2024-10-15 02:39:32.137920 Golf: No
ChatterBot Sierra reevaluating
ChatterBot Golf reevaluating
ChatterBot Sierra reevaluating
ChatterBot Bravo reevaluating
2024-10-15 02:39:32.208588 Hotel: Group up?
ChatterBot Zulu reevaluating
ChatterBot Bravo reevaluating
ChatterBot Sierra reevaluating
2024-10-15 02:39:32.242857 Zulu: Yes
2024-10-15 02:39:32.243099 Whiskey: No
2024-10-15 02:39:32.243287 Tango: No
2024-10-15 02:39:32.243464 Bravo: No
2024-10-15 02:39:32.244196 Sierra: No
ChatterBot Bravo reevaluating
ChatterBot Sierra reevaluating
ChatterBot Zulu reevaluating
ChatterBot Bravo reevaluating
ChatterBot Sierra reevaluating
ChatterBot Zulu reevaluating
ChatterBot Bravo reevaluating
ChatterBot Sierra reevaluating
ChatterBot Zulu reevaluating
ChatterBot Sierra reevaluating
ChatterBot Zulu reevaluating
ChatterBot Hotel reevaluating
ChatterBot Bravo reevaluating
2024-10-15 02:39:32.346372 Golf: Sierra we want you to join our group
ChatterBot Sierra reevaluating
2024-10-15 02:39:32.350919 Sierra: No
ChatterBot Juliett reevaluating
2024-10-15 02:39:32.372263 Oscar: Sierra we want you to join our group
2024-10-15 02:39:32.378764 Sierra: No
ChatterBot Juliett reevaluating
2024-10-15 02:39:32.405307 Whiskey: Bravo, Zulu and Tango, sending you 2
2024-10-15 02:39:32.438076 Whiskey: Hotel, sending you 1
2024-10-15 02:39:32.438411 Juliett: Sierra we want you to join our group
2024-10-15 02:39:32.442722 Sierra: No
2024-10-15 02:39:32.457977 Tango: Whiskey, Bravo and Zulu, sending you 3
2024-10-15 02:39:32.458334 November: Whiskey, Zulu and Tango, sending you 1
2024-10-15 02:39:32.505809 Tango: Hotel, sending you 4
2024-10-15 02:39:32.506857 Oscar: Juliett and Sierra, sending you 5
2024-10-15 02:39:32.507192 November: Hotel, sending you 2
2024-10-15 02:39:32.507455 Golf: Juliett, sending you 3
2024-10-15 02:39:32.508233 Bravo: Whiskey, Zulu, Tango, Sierra and Hotel, sending you 2
2024-10-15 02:39:32.508547 Zulu: Whiskey and Hotel, sending you 2
2024-10-15 02:39:32.508820 Sierra: Sending you each 2
2024-10-15 02:39:32.509691 Hotel: Whiskey and Zulu, sending you 2
2024-10-15 02:39:32.524484 Oscar: November and Golf, sending you 2
2024-10-15 02:39:32.524900 Golf: Sierra, sending you 1
2024-10-15 02:39:32.525294 Juliett: Sierra, November and Oscar, sending you 3
2024-10-15 02:39:32.526092 Zulu: Tango, sending you 4
2024-10-15 02:39:32.526422 Hotel: Bravo and Tango, sending you 3
2024-10-15 02:39:32.531585 Zulu: Sierra, sending you 1
2024-10-15 02:39:32.531953 Golf: November, sending you 2
2024-10-15 02:39:32.532756 Juliett: Golf, sending you 2
2024-10-15 02:39:32.540376 Golf: Oscar, sending you 4
chatterbot November submitting transactions
chatterbot Golf submitting transactions
chatterbot Bravo submitting transactions
chatterbot Sierra submitting transactions
chatterbot Oscar submitting transactions
chatterbot Zulu submitting transactions
chatterbot Whiskey submitting transactions
chatterbot Tango submitting transactions
chatterbot Hotel submitting transactions
chatterbot Juliett submitting transactions
ChatterBot Whiskey round 3
ChatterBot Bravo round 3
ChatterBot Zulu round 3
ChatterBot Juliett round 3
ChatterBot Tango round 3
ChatterBot Sierra round 3
ChatterBot November round 3
ChatterBot Golf round 3
ChatterBot Hotel round 3
ChatterBot Oscar round 3
2024-10-15 02:39:33.647923 Sierra: We should add Bravo
ChatterBot Whiskey reevaluating
ChatterBot Zulu reevaluating
ChatterBot Tango reevaluating
ChatterBot Hotel reevaluating
2024-10-15 02:39:33.671310 Whiskey: Yes
2024-10-15 02:39:33.671524 Zulu: Yes
2024-10-15 02:39:33.671762 Tango: Yes
2024-10-15 02:39:33.672 Hotel: Yes
ChatterBot Zulu reevaluating
ChatterBot Tango reevaluating
ChatterBot Hotel reevaluating
ChatterBot Whiskey reevaluating
ChatterBot Tango reevaluating
ChatterBot Hotel reevaluating
ChatterBot Whiskey reevaluating
ChatterBot Zulu reevaluating
ChatterBot Hotel reevaluating
ChatterBot Whiskey reevaluating
ChatterBot Zulu reevaluating
ChatterBot Tango reevaluating
2024-10-15 02:39:33.765465 Hotel: We should add Sierra
ChatterBot Whiskey reevaluating
ChatterBot Zulu reevaluating
ChatterBot Tango reevaluating
ChatterBot Bravo reevaluating
2024-10-15 02:39:33.778874 Whiskey: No
2024-10-15 02:39:33.779539 Zulu: Yes
2024-10-15 02:39:33.779698 Tango: No
2024-10-15 02:39:33.779852 Bravo: Yes
ChatterBot Zulu reevaluating
ChatterBot Tango reevaluating
ChatterBot Hotel reevaluating
ChatterBot Bravo reevaluating
ChatterBot Whiskey reevaluating
ChatterBot Tango reevaluating
ChatterBot Hotel reevaluating
ChatterBot Bravo reevaluating
ChatterBot Whiskey reevaluating
ChatterBot Zulu reevaluating
ChatterBot Hotel reevaluating
ChatterBot Bravo reevaluating
ChatterBot Whiskey reevaluating
ChatterBot Zulu reevaluating
ChatterBot Tango reevaluating
ChatterBot Hotel reevaluating
2024-10-15 02:39:33.864703 Juliett: We should add Zulu
ChatterBot Golf reevaluating
ChatterBot Oscar reevaluating
2024-10-15 02:39:33.877516 Golf: No
2024-10-15 02:39:33.877693 November: No
2024-10-15 02:39:33.878213 Oscar: No
2024-10-15 02:39:33.878324 Sierra: Yes
ChatterBot Juliett reevaluating
ChatterBot Oscar reevaluating
ChatterBot Golf reevaluating
ChatterBot Juliett reevaluating
ChatterBot Oscar reevaluating
ChatterBot Golf reevaluating
ChatterBot Juliett reevaluating
ChatterBot Golf reevaluating
ChatterBot Juliett reevaluating
ChatterBot Oscar reevaluating
2024-10-15 02:39:33.954144 Sierra: Bravo we want you to join our group
ChatterBot Bravo reevaluating
2024-10-15 02:39:33.958578 Bravo: Yes
ChatterBot Zulu reevaluating
ChatterBot Whiskey reevaluating
ChatterBot Tango reevaluating
ChatterBot Hotel reevaluating
2024-10-15 02:39:33.979024 Juliett: We should add Hotel
ChatterBot Golf reevaluating
ChatterBot Oscar reevaluating
2024-10-15 02:39:33.992299 Golf: No
2024-10-15 02:39:33.992989 November: No
2024-10-15 02:39:33.993123 Oscar: No
2024-10-15 02:39:33.993244 Sierra: Yes
ChatterBot Juliett reevaluating
ChatterBot Oscar reevaluating
ChatterBot Golf reevaluating
ChatterBot Juliett reevaluating
ChatterBot Oscar reevaluating
ChatterBot Golf reevaluating
ChatterBot Juliett reevaluating
ChatterBot Golf reevaluating
ChatterBot Juliett reevaluating
ChatterBot Oscar reevaluating
2024-10-15 02:39:34.048084 Juliett: We should add Tango
ChatterBot Golf reevaluating
ChatterBot Oscar reevaluating
2024-10-15 02:39:34.061146 Golf: No
2024-10-15 02:39:34.061298 November: No
2024-10-15 02:39:34.061413 Oscar: No
2024-10-15 02:39:34.062036 Sierra: Yes
ChatterBot Juliett reevaluating
ChatterBot Oscar reevaluating
ChatterBot Golf reevaluating
ChatterBot Juliett reevaluating
ChatterBot Oscar reevaluating
ChatterBot Golf reevaluating
ChatterBot Juliett reevaluating
ChatterBot Golf reevaluating
ChatterBot Juliett reevaluating
ChatterBot Oscar reevaluating
2024-10-15 02:39:34.116176 Zulu: Bravo we want you to join our group
2024-10-15 02:39:34.120348 Bravo: Yes
2024-10-15 02:39:34.135125 Hotel: Sierra we want you to join our group
2024-10-15 02:39:34.138968 Sierra: Yes
ChatterBot Whiskey reevaluating
2024-10-15 02:39:34.154831 Juliett: We should add Whiskey
2024-10-15 02:39:34.200082 Golf: No
2024-10-15 02:39:34.200282 November: No
2024-10-15 02:39:34.200444 Oscar: No
2024-10-15 02:39:34.200586 Sierra: Yes
ChatterBot Juliett reevaluating
ChatterBot Juliett reevaluating
ChatterBot Juliett reevaluating
ChatterBot Juliett reevaluating
2024-10-15 02:39:34.360023 Juliett: We should add Bravo
2024-10-15 02:39:34.373052 Golf: No
2024-10-15 02:39:34.373244 November: No
2024-10-15 02:39:34.373494 Oscar: No
2024-10-15 02:39:34.373648 Sierra: Yes
ChatterBot Juliett reevaluating
ChatterBot Juliett reevaluating
ChatterBot Juliett reevaluating
ChatterBot Juliett reevaluating
2024-10-15 02:39:34.427777 November: Juliett and Oscar, sending you 2
2024-10-15 02:39:34.428247 Whiskey: Sierra we want you to join our group
2024-10-15 02:39:34.432486 Sierra: Yes
ChatterBot Whiskey reevaluating
2024-10-15 02:39:34.448774 November: Golf, sending you 1
2024-10-15 02:39:34.449794 Sierra: Whiskey, Bravo, Zulu and Tango, sending you 2
2024-10-15 02:39:34.450388 Bravo: Whiskey, Zulu, Tango, Sierra and Hotel, sending you 2
2024-10-15 02:39:34.451594 Juliett: Bravo we want you to join our group
2024-10-15 02:39:34.455196 Bravo: No
ChatterBot Juliett reevaluating
2024-10-15 02:39:34.471677 Tango: Whiskey, Bravo and Hotel, sending you 3
2024-10-15 02:39:34.472985 Hotel: Sending you each 2
2024-10-15 02:39:34.533416 Golf: Juliett, sending you 3
2024-10-15 02:39:34.534577 Oscar: Juliett and Golf, sending you 5
2024-10-15 02:39:34.535053 Zulu: Whiskey and Hotel, sending you 2
2024-10-15 02:39:34.536067 Tango: Zulu, sending you 4
chatterbot Golf submitting transactions
2024-10-15 02:39:34.691314 Golf: Sierra, sending you 1
2024-10-15 02:39:34.693220 Oscar: Sierra, sending you 4
2024-10-15 02:39:34.694043 Zulu: Bravo and Sierra, sending you 1
2024-10-15 02:39:34.798671 Golf: November, sending you 2
2024-10-15 02:39:34.799994 Zulu: Tango, sending you 3
2024-10-15 02:39:34.800532 Whiskey: Bravo, Zulu and Tango, sending you 2
2024-10-15 02:39:34.872202 Whiskey: Sierra and Hotel, sending you 1
2024-10-15 02:39:34.872678 Golf: Oscar, sending you 4
2024-10-15 02:39:34.873572 Juliett: Bravo, Sierra, November and Golf, sending you 2
chatterbot Tango submitting transactions
2024-10-15 02:39:34.907138 Juliett: Oscar, sending you 3
chatterbot November submitting transactions
chatterbot Zulu submitting transactions
chatterbot Hotel submitting transactions
chatterbot Sierra submitting transactions
chatterbot Bravo submitting transactions
chatterbot Oscar submitting transactions
chatterbot Juliett submitting transactions
chatterbot Whiskey submitting transactions
ChatterBot Whiskey round 4
ChatterBot Bravo round 4
ChatterBot Zulu round 4
ChatterBot Juliett round 4
ChatterBot Tango round 4
ChatterBot Sierra round 4
2024-10-15 02:39:35.382109 Bravo: We should add Juliett
ChatterBot Zulu reevaluating
ChatterBot Whiskey reevaluating
ChatterBot Sierra reevaluating
2024-10-15 02:39:35.403778 Zulu: No
2024-10-15 02:39:35.403943 Whiskey: No
2024-10-15 02:39:35.404060 Tango: No
2024-10-15 02:39:35.404161 Hotel: No
2024-10-15 02:39:35.404260 Sierra: No
ChatterBot Whiskey reevaluating
ChatterBot Sierra reevaluating
ChatterBot Zulu reevaluating
ChatterBot Bravo reevaluating
ChatterBot Sierra reevaluating
ChatterBot Zulu reevaluating
ChatterBot Whiskey reevaluating
ChatterBot Bravo reevaluating
ChatterBot Sierra reevaluating
ChatterBot Zulu reevaluating
ChatterBot Whiskey reevaluating
ChatterBot Bravo reevaluating
ChatterBot Sierra reevaluating
ChatterBot Zulu reevaluating
ChatterBot Whiskey reevaluating
ChatterBot Bravo reevaluating
2024-10-15 02:39:35.608042 Zulu: We should add November
ChatterBot Whiskey reevaluating
ChatterBot Bravo reevaluating
ChatterBot Sierra reevaluating
2024-10-15 02:39:35.626999 Whiskey: No
2024-10-15 02:39:35.627374 Tango: No
2024-10-15 02:39:35.627759 Hotel: No
2024-10-15 02:39:35.627999 Bravo: No
2024-10-15 02:39:35.628240 Sierra: No
ChatterBot Zulu reevaluating
ChatterBot Bravo reevaluating
ChatterBot Sierra reevaluating
ChatterBot Zulu reevaluating
ChatterBot Whiskey reevaluating
ChatterBot Bravo reevaluating
ChatterBot Sierra reevaluating
ChatterBot Zulu reevaluating
ChatterBot Whiskey reevaluating
ChatterBot Bravo reevaluating
ChatterBot Sierra reevaluating
ChatterBot Zulu reevaluating
ChatterBot Whiskey reevaluating
ChatterBot Sierra reevaluating
ChatterBot Zulu reevaluating
ChatterBot Whiskey reevaluating
ChatterBot Bravo reevaluating
ChatterBot November round 4
ChatterBot Golf round 4
ChatterBot Hotel round 4
ChatterBot Oscar round 4
2024-10-15 02:39:35.774372 Bravo: We should add Oscar
ChatterBot Zulu reevaluating
ChatterBot Whiskey reevaluating
ChatterBot Hotel reevaluating
ChatterBot Sierra reevaluating
2024-10-15 02:39:35.797896 Zulu: No
2024-10-15 02:39:35.798264 Whiskey: No
2024-10-15 02:39:35.798537 Tango: No
2024-10-15 02:39:35.798829 Hotel: No
2024-10-15 02:39:35.799087 Sierra: No
ChatterBot Whiskey reevaluating
ChatterBot Hotel reevaluating
ChatterBot Bravo reevaluating
ChatterBot Sierra reevaluating
ChatterBot Zulu reevaluating
ChatterBot Hotel reevaluating
ChatterBot Bravo reevaluating
ChatterBot Sierra reevaluating
ChatterBot Zulu reevaluating
ChatterBot Whiskey reevaluating
ChatterBot Hotel reevaluating
ChatterBot Bravo reevaluating
ChatterBot Sierra reevaluating
ChatterBot Zulu reevaluating
ChatterBot Whiskey reevaluating
ChatterBot Bravo reevaluating
ChatterBot Sierra reevaluating
ChatterBot Zulu reevaluating
ChatterBot Whiskey reevaluating
ChatterBot Hotel reevaluating
ChatterBot Bravo reevaluating
2024-10-15 02:39:35.952634 Juliett: We should drop Bravo
2024-10-15 02:39:35.972012 Golf: Yes
2024-10-15 02:39:35.974424 November: Yes
2024-10-15 02:39:35.974784 Oscar: Yes
2024-10-15 02:39:35.975196 Sierra: No
2024-10-15 02:39:36.204426 Bravo: Same as last round
2024-10-15 02:39:36.206771 Oscar: Juliett, sending you 4
2024-10-15 02:39:36.207687 Hotel: Same as last round
2024-10-15 02:39:36.209407 Juliett: Sierra, sending you 2
2024-10-15 02:39:36.210741 Tango: Whiskey, Bravo and Hotel, sending you 3
2024-10-15 02:39:36.211289 Whiskey: Bravo, Zulu and Tango, sending you 2
2024-10-15 02:39:36.211905 November: Juliett and Oscar, sending you 2
2024-10-15 02:39:36.212903 Sierra: Whiskey, Bravo, Zulu and Hotel, sending you 2
2024-10-15 02:39:36.213731 Zulu: Whiskey and Hotel, sending you 2
2024-10-15 02:39:36.214833 Golf: Juliett, sending you 3
2024-10-15 02:39:36.215503 Oscar: Sierra, sending you 2
2024-10-15 02:39:36.216610 Juliett: November, Golf and Oscar, sending you 3
2024-10-15 02:39:36.217169 Tango: Zulu, sending you 4
2024-10-15 02:39:36.218525 Whiskey: Sierra and Hotel, sending you 1
2024-10-15 02:39:36.219967 November: Golf, sending you 1
chatterbot Bravo submitting transactions
2024-10-15 02:39:36.220644 Oscar: November, sending you 3
2024-10-15 02:39:36.221746 Zulu: Bravo and Sierra, sending you 1
2024-10-15 02:39:36.222329 Golf: Sierra, sending you 1
2024-10-15 02:39:36.286482 Zulu: Tango, sending you 3
2024-10-15 02:39:36.287900 Oscar: Golf, sending you 5
2024-10-15 02:39:36.288602 Golf: November, sending you 2
2024-10-15 02:39:36.338215 Golf: Oscar, sending you 4
chatterbot Oscar submitting transactions
chatterbot Whiskey submitting transactions
chatterbot Sierra submitting transactions
chatterbot Hotel submitting transactions
chatterbot Golf submitting transactions
chatterbot Tango submitting transactions
chatterbot Juliett submitting transactions
chatterbot Zulu submitting transactions
chatterbot November submitting transactions
ChatterBot Whiskey round 5
ChatterBot Bravo round 5
ChatterBot Zulu round 5
ChatterBot Juliett round 5
ChatterBot Tango round 5
ChatterBot Sierra round 5
ChatterBot November round 5
ChatterBot Golf round 5
ChatterBot Hotel round 5
ChatterBot Oscar round 5
2024-10-15 02:39:37.110692 Whiskey: Bravo, Zulu and Tango, sending you 2
2024-10-15 02:39:37.111670 Tango: Whiskey, Bravo and Hotel, sending you 3
2024-10-15 02:39:37.115682 Whiskey: Sierra and Hotel, sending you 1
2024-10-15 02:39:37.116137 Tango: Zulu, sending you 4
2024-10-15 02:39:37.121672 Zulu: Whiskey, Sierra and Hotel, sending you 2
2024-10-15 02:39:37.123716 Hotel: Same as last round
2024-10-15 02:39:37.124682 Sierra: Whiskey, Bravo, Zulu and Hotel, sending you 2
2024-10-15 02:39:37.125682 Juliett: Sierra, sending you 2
2024-10-15 02:39:37.126135 Golf: Juliett, sending you 3
2024-10-15 02:39:37.126650 Zulu: Tango, sending you 3
2024-10-15 02:39:37.127670 Bravo: Same as last round
2024-10-15 02:39:37.128670 Juliett: November, Golf and Oscar, sending you 3
2024-10-15 02:39:37.129674 Golf: Sierra, sending you 1
2024-10-15 02:39:37.133553 November: Juliett and Oscar, sending you 2
2024-10-15 02:39:37.133966 Golf: November, sending you 2
2024-10-15 02:39:37.136684 Golf: Oscar, sending you 4
2024-10-15 02:39:37.138727 November: Golf, sending you 1
2024-10-15 02:39:37.139235 Oscar: Juliett, sending you 4
2024-10-15 02:39:37.143691 Oscar: Sierra, sending you 2
2024-10-15 02:39:37.151670 Oscar: November, sending you 3
2024-10-15 02:39:37.161120 Oscar: Golf, sending you 5
chatterbot Sierra submitting transactions
chatterbot Hotel submitting transactions
chatterbot Golf submitting transactions
chatterbot Bravo submitting transactions
chatterbot Whiskey submitting transactions
chatterbot Oscar submitting transactions
chatterbot Tango submitting transactions
chatterbot Zulu submitting transactions
chatterbot November submitting transactions
chatterbot Juliett submitting transactions
ChatterBot Whiskey round 6
ChatterBot Bravo round 6
ChatterBot Zulu round 6
ChatterBot Juliett round 6
ChatterBot Tango round 6
ChatterBot Sierra round 6
ChatterBot November round 6
ChatterBot Golf round 6
ChatterBot Hotel round 6
ChatterBot Oscar round 6
2024-10-15 02:39:38.365771 Whiskey: Bravo, Zulu, Tango and Sierra, sending you 2
2024-10-15 02:39:38.370681 Whiskey: Hotel, sending you 1
2024-10-15 02:39:38.371176 Bravo: Same as last round
2024-10-15 02:39:38.373679 Juliett: Sierra, sending you 2
2024-10-15 02:39:38.374268 Tango: Whiskey, Bravo and Hotel, sending you 3
2024-10-15 02:39:38.375119 Zulu: Whiskey, Sierra and Hotel, sending you 2
2024-10-15 02:39:38.377998 Juliett: November, Golf and Oscar, sending you 3
2024-10-15 02:39:38.378474 Tango: Zulu, sending you 4
2024-10-15 02:39:38.378804 Golf: Juliett, sending you 3
2024-10-15 02:39:38.379679 Zulu: Tango, sending you 3
2024-10-15 02:39:38.380415 Sierra: Whiskey, Bravo, Zulu and Hotel, sending you 2
2024-10-15 02:39:38.381684 November: Juliett and Oscar, sending you 2
2024-10-15 02:39:38.382670 Hotel: Same as last round
2024-10-15 02:39:38.383660 Golf: Sierra, sending you 1
2024-10-15 02:39:38.384681 November: Golf, sending you 1
2024-10-15 02:39:38.387803 Oscar: Juliett, sending you 4
2024-10-15 02:39:38.388682 Golf: November, sending you 2
2024-10-15 02:39:38.392679 Oscar: Sierra, sending you 2
2024-10-15 02:39:38.394184 Golf: Oscar, sending you 4
2024-10-15 02:39:38.395682 Oscar: November, sending you 3
2024-10-15 02:39:38.400645 Oscar: Golf, sending you 5
chatterbot November submitting transactions
chatterbot Tango submitting transactions
chatterbot Hotel submitting transactions
chatterbot Golf submitting transactions
chatterbot Zulu submitting transactions
chatterbot Juliett submitting transactions
chatterbot Oscar submitting transactions
chatterbot Bravo submitting transactions
chatterbot Whiskey submitting transactions
chatterbot Sierra submitting transactions
ChatterBot Whiskey round 7
ChatterBot Bravo round 7
ChatterBot Zulu round 7
ChatterBot Juliett round 7
ChatterBot Tango round 7
ChatterBot Sierra round 7
ChatterBot November round 7
ChatterBot Golf round 7
ChatterBot Hotel round 7
ChatterBot Oscar round 7
2024-10-15 02:39:39.663701 Whiskey: Bravo, Zulu, Tango and Sierra, sending you 2
2024-10-15 02:39:39.666668 Zulu: Whiskey, Sierra and Hotel, sending you 2
2024-10-15 02:39:39.667677 Whiskey: Hotel, sending you 1
2024-10-15 02:39:39.668883 Juliett: Sierra, sending you 2
2024-10-15 02:39:39.669635 Bravo: Same as last round
2024-10-15 02:39:39.670255 Zulu: Tango, sending you 3
2024-10-15 02:39:39.671675 Tango: Whiskey, Bravo and Hotel, sending you 3
2024-10-15 02:39:39.672687 Juliett: November, Golf and Oscar, sending you 3
2024-10-15 02:39:39.674689 Sierra: Whiskey, Bravo, Zulu and Hotel, sending you 2
2024-10-15 02:39:39.675931 Tango: Zulu, sending you 4
2024-10-15 02:39:39.680004 Golf: Juliett, sending you 3
2024-10-15 02:39:39.680654 Hotel: Same as last round
2024-10-15 02:39:39.681256 Oscar: Juliett, sending you 4
2024-10-15 02:39:39.682686 November: Juliett and Oscar, sending you 2
2024-10-15 02:39:39.683676 Golf: Sierra, sending you 1
2024-10-15 02:39:39.685658 Oscar: Sierra, sending you 2
2024-10-15 02:39:39.687040 November: Golf, sending you 1
2024-10-15 02:39:39.688666 Golf: November, sending you 2
2024-10-15 02:39:39.690126 Oscar: November, sending you 3
2024-10-15 02:39:39.694673 Golf: Oscar, sending you 4
2024-10-15 02:39:39.696068 Oscar: Golf, sending you 5
chatterbot Whiskey submitting transactions
chatterbot Zulu submitting transactions
chatterbot Sierra submitting transactions
chatterbot Hotel submitting transactions
chatterbot Golf submitting transactions
chatterbot Juliett submitting transactions
chatterbot Oscar submitting transactions
chatterbot November submitting transactions
chatterbot Tango submitting transactions
chatterbot Bravo submitting transactions
ChatterBot Whiskey round 8
ChatterBot Bravo round 8
ChatterBot Zulu round 8
ChatterBot Juliett round 8
ChatterBot Tango round 8
ChatterBot Sierra round 8
ChatterBot November round 8
ChatterBot Golf round 8
ChatterBot Hotel round 8
ChatterBot Oscar round 8
2024-10-15 02:39:40.929937 Juliett: Sierra, sending you 2
2024-10-15 02:39:40.933682 Oscar: Juliett, sending you 4
2024-10-15 02:39:40.934440 Juliett: November, Golf and Oscar, sending you 3
2024-10-15 02:39:40.935629 Sierra: Whiskey, Bravo, Zulu and Hotel, sending you 2
2024-10-15 02:39:40.937251 Oscar: Sierra, sending you 2
2024-10-15 02:39:40.941237 Bravo: Same as last round
2024-10-15 02:39:40.942019 November: Juliett and Oscar, sending you 2
2024-10-15 02:39:40.942463 Oscar: November, sending you 3
2024-10-15 02:39:40.943640 Zulu: Whiskey, Sierra and Hotel, sending you 2
2024-10-15 02:39:40.944302 Tango: Whiskey, Bravo and Hotel, sending you 3
2024-10-15 02:39:40.945333 Whiskey: Bravo, Zulu and Sierra, sending you 2
2024-10-15 02:39:40.946020 Hotel: Same as last round
2024-10-15 02:39:40.947232 November: Golf, sending you 1
2024-10-15 02:39:40.947871 Oscar: Golf, sending you 5
2024-10-15 02:39:40.949082 Zulu: Tango, sending you 3
2024-10-15 02:39:40.949801 Tango: Zulu, sending you 4
2024-10-15 02:39:40.950320 Golf: Juliett, sending you 3
2024-10-15 02:39:40.951588 Whiskey: Tango and Hotel, sending you 1
2024-10-15 02:39:40.954689 Golf: Sierra, sending you 1
2024-10-15 02:39:40.959685 Golf: November, sending you 2
2024-10-15 02:39:40.965702 Golf: Oscar, sending you 4
chatterbot Hotel submitting transactions
chatterbot Oscar submitting transactions
chatterbot Bravo submitting transactions
chatterbot November submitting transactions
chatterbot Sierra submitting transactions
chatterbot Tango submitting transactions
chatterbot Whiskey submitting transactions
chatterbot Golf submitting transactions
chatterbot Juliett submitting transactions
chatterbot Zulu submitting transactions
ChatterBot Whiskey round 9
ChatterBot Bravo round 9
ChatterBot Zulu round 9
ChatterBot Juliett round 9
ChatterBot Tango round 9
ChatterBot Sierra round 9
ChatterBot November round 9
ChatterBot Golf round 9
ChatterBot Hotel round 9
ChatterBot Oscar round 9
2024-10-15 02:39:42.079608 Golf: We should drop Sierra
ChatterBot Oscar reevaluating
2024-10-15 02:39:42.155974 November: Yes
2024-10-15 02:39:42.156437 Oscar: Yes
2024-10-15 02:39:42.156719 Juliett: No
ChatterBot Oscar reevaluating
ChatterBot Juliett reevaluating
ChatterBot Oscar reevaluating
2024-10-15 02:39:42.202549 Juliett: We should replace Sierra with Zulu
ChatterBot Oscar reevaluating
2024-10-15 02:39:42.217623 November: No
2024-10-15 02:39:42.217908 Oscar: No
2024-10-15 02:39:42.218257 Golf: No
ChatterBot Oscar reevaluating
ChatterBot Juliett reevaluating
ChatterBot Juliett reevaluating
ChatterBot Oscar reevaluating
ChatterBot Juliett reevaluating
2024-10-15 02:39:42.263340 Juliett: We should replace Sierra with Tango
2024-10-15 02:39:42.277249 November: No
2024-10-15 02:39:42.277721 Oscar: No
2024-10-15 02:39:42.278092 Golf: No
ChatterBot Juliett reevaluating
ChatterBot Golf reevaluating
ChatterBot Juliett reevaluating
ChatterBot Juliett reevaluating
2024-10-15 02:39:42.323565 Whiskey: Bravo, Zulu and Sierra, sending you 2
2024-10-15 02:39:42.325570 Bravo: Same as last round
2024-10-15 02:39:42.327274 Juliett: We should replace Sierra with Whiskey
ChatterBot Golf reevaluating
2024-10-15 02:39:42.342062 November: No
2024-10-15 02:39:42.342327 Oscar: No
2024-10-15 02:39:42.343017 Golf: No
ChatterBot Golf reevaluating
ChatterBot Juliett reevaluating
ChatterBot Golf reevaluating
ChatterBot Juliett reevaluating
ChatterBot Juliett reevaluating
2024-10-15 02:39:42.391704 Whiskey: Tango and Hotel, sending you 1
2024-10-15 02:39:42.394233 Hotel: Same as last round
chatterbot November submitting transactions
2024-10-15 02:39:42.396454 November: Juliett and Oscar, sending you 2
2024-10-15 02:39:42.397506 Tango: Whiskey, Bravo and Hotel, sending you 3
2024-10-15 02:39:42.399136 Zulu: Whiskey, Sierra and Hotel, sending you 2
2024-10-15 02:39:42.401265 Sierra: Whiskey, Bravo, Zulu and Hotel, sending you 2
2024-10-15 02:39:42.403351 Juliett: Zulu we want you to join our group
2024-10-15 02:39:42.408960 Zulu: No
ChatterBot Juliett reevaluating
ChatterBot Golf reevaluating
2024-10-15 02:39:42.430363 Juliett: We should replace Sierra with Hotel
ChatterBot Golf reevaluating
2024-10-15 02:39:42.445051 November: No
2024-10-15 02:39:42.445364 Oscar: No
2024-10-15 02:39:42.445605 Golf: No
ChatterBot Golf reevaluating
ChatterBot Juliett reevaluating
ChatterBot Golf reevaluating
ChatterBot Juliett reevaluating
ChatterBot Juliett reevaluating
2024-10-15 02:39:42.500529 November: Golf, sending you 1
2024-10-15 02:39:42.504410 Tango: Zulu, sending you 4
2024-10-15 02:39:42.508342 Zulu: Tango, sending you 3
chatterbot Whiskey submitting transactions
chatterbot Hotel submitting transactions
2024-10-15 02:39:42.519363 Oscar: Juliett and Golf, sending you 5
2024-10-15 02:39:42.526600 Juliett: Hotel we want you to join our group
2024-10-15 02:39:42.532162 Hotel: No
ChatterBot Juliett reevaluating
2024-10-15 02:39:42.546139 Juliett: We should replace Sierra with Bravo
2024-10-15 02:39:42.554876 November: No
2024-10-15 02:39:42.555129 Oscar: No
2024-10-15 02:39:42.555314 Golf: No
ChatterBot Juliett reevaluating
ChatterBot Golf reevaluating
ChatterBot Juliett reevaluating
ChatterBot Juliett reevaluating
chatterbot Sierra submitting transactions
2024-10-15 02:39:42.591539 Oscar: November, sending you 4
2024-10-15 02:39:42.608778 Golf: Tango we want you to join our group
2024-10-15 02:39:42.613567 Tango: No
ChatterBot Golf reevaluating
ChatterBot Juliett reevaluating
2024-10-15 02:39:42.650667 Juliett: Sierra, sending you 2
2024-10-15 02:39:42.658471 Juliett: November, Golf and Oscar, sending you 3
2024-10-15 02:39:42.668964 Golf: Juliett, sending you 3
2024-10-15 02:39:42.675969 Golf: November, sending you 2
2024-10-15 02:39:42.681664 Golf: Oscar, sending you 5
chatterbot Zulu submitting transactions
chatterbot Oscar submitting transactions
chatterbot Bravo submitting transactions
chatterbot Tango submitting transactions
chatterbot Golf submitting transactions
chatterbot Juliett submitting transactions
ChatterBot Whiskey round 10
ChatterBot Bravo round 10
ChatterBot Zulu round 10
ChatterBot Juliett round 10
ChatterBot Tango round 10
ChatterBot Sierra round 10
ChatterBot November round 10
ChatterBot Golf round 10
ChatterBot Hotel round 10
ChatterBot Oscar round 10
2024-10-15 02:39:44.005692 Bravo: Same as last round
2024-10-15 02:39:44.007976 Sierra: Whiskey, Bravo, Zulu and Hotel, sending you 2
2024-10-15 02:39:44.010131 Golf: Juliett, sending you 3
2024-10-15 02:39:44.011002 Oscar: Juliett and November, sending you 4
2024-10-15 02:39:44.012859 Tango: Whiskey, Bravo and Hotel, sending you 3
2024-10-15 02:39:44.014806 Hotel: Same as last round
2024-10-15 02:39:44.015803 Golf: November, sending you 2
2024-10-15 02:39:44.017183 November: Juliett and Oscar, sending you 2
2024-10-15 02:39:44.017917 Oscar: Golf, sending you 6
2024-10-15 02:39:44.019281 Juliett: Sierra, sending you 2
2024-10-15 02:39:44.020188 Tango: Zulu, sending you 4
2024-10-15 02:39:44.021773 Zulu: Whiskey, Tango, Sierra and Hotel, sending you 2
2024-10-15 02:39:44.022672 Whiskey: Bravo and Tango, sending you 1
2024-10-15 02:39:44.024431 Golf: Oscar, sending you 5
2024-10-15 02:39:44.025031 November: Golf, sending you 1
2024-10-15 02:39:44.025568 Juliett: November, Golf and Oscar, sending you 3
2024-10-15 02:39:44.026958 Zulu: Bravo, sending you 1
2024-10-15 02:39:44.028883 Whiskey: Zulu, Sierra and Hotel, sending you 2
chatterbot Whiskey submitting transactions
chatterbot Sierra submitting transactions
chatterbot Zulu submitting transactions
chatterbot Hotel submitting transactions
chatterbot Bravo submitting transactions
chatterbot Golf submitting transactions
chatterbot Juliett submitting transactions
chatterbot Tango submitting transactions
chatterbot Oscar submitting transactions
chatterbot November submitting transactions
ChatterBot Whiskey round 11
ChatterBot Bravo round 11
ChatterBot Zulu round 11
ChatterBot Juliett round 11
ChatterBot Tango round 11
ChatterBot Sierra round 11
ChatterBot November round 11
ChatterBot Golf round 11
ChatterBot Hotel round 11
ChatterBot Oscar round 11
2024-10-15 02:39:45.198333 Juliett: We should replace Sierra with Tango
2024-10-15 02:39:45.204021 November: No
2024-10-15 02:39:45.204171 Oscar: No
2024-10-15 02:39:45.204277 Golf: No
ChatterBot Juliett reevaluating
ChatterBot Juliett reevaluating
ChatterBot Oscar reevaluating
ChatterBot Juliett reevaluating
2024-10-15 02:39:45.223479 Oscar: We should add Bravo
ChatterBot Golf reevaluating
ChatterBot Juliett reevaluating
2024-10-15 02:39:45.229563 November: No
2024-10-15 02:39:45.229696 Golf: Yes
2024-10-15 02:39:45.229797 Juliett: Yes
ChatterBot Oscar reevaluating
ChatterBot Golf reevaluating
ChatterBot Juliett reevaluating
ChatterBot Oscar reevaluating
ChatterBot Juliett reevaluating
ChatterBot Oscar reevaluating
ChatterBot Golf reevaluating
2024-10-15 02:39:45.263769 Juliett: We should replace Sierra with Bravo
ChatterBot Oscar reevaluating
ChatterBot Golf reevaluating
2024-10-15 02:39:45.270331 November: No
2024-10-15 02:39:45.270460 Oscar: Yes
2024-10-15 02:39:45.270572 Golf: Yes
ChatterBot Oscar reevaluating
ChatterBot Golf reevaluating
ChatterBot Juliett reevaluating
ChatterBot Golf reevaluating
ChatterBot Juliett reevaluating
ChatterBot Oscar reevaluating
ChatterBot Juliett reevaluating
2024-10-15 02:39:45.294669 Zulu: Whiskey, Tango, Sierra and Hotel, sending you 2
2024-10-15 02:39:45.295680 Whiskey: Bravo and Tango, sending you 1
2024-10-15 02:39:45.297736 Zulu: Bravo, sending you 1
2024-10-15 02:39:45.299792 Oscar: Bravo we want you to join our group
2024-10-15 02:39:45.303923 Bravo: No
ChatterBot Oscar reevaluating
ChatterBot Golf reevaluating
2024-10-15 02:39:45.318809 Whiskey: Zulu, Sierra and Hotel, sending you 2
2024-10-15 02:39:45.319479 Juliett: Bravo we want you to join our group
2024-10-15 02:39:45.322630 Bravo: No
ChatterBot Oscar reevaluating
2024-10-15 02:39:45.337695 Hotel: Same as last round
2024-10-15 02:39:45.338317 Bravo: Same as last round
2024-10-15 02:39:45.338908 Tango: Whiskey, Bravo and Hotel, sending you 3
2024-10-15 02:39:45.340142 November: Juliett and Oscar, sending you 2
2024-10-15 02:39:45.341264 Sierra: Whiskey, Bravo, Zulu and Hotel, sending you 2
2024-10-15 02:39:45.342689 Tango: Zulu, sending you 4
2024-10-15 02:39:45.345675 November: Golf, sending you 1
2024-10-15 02:39:45.346742 Juliett: Bravo, sending you 2
2024-10-15 02:39:45.351703 Juliett: November, Golf and Oscar, sending you 3
2024-10-15 02:39:45.357679 Golf: Juliett, sending you 3
2024-10-15 02:39:45.360679 Golf: November, sending you 2
