ChatterBot Mike round 1
ChatterBot Lima round 1
ChatterBot Juliett round 1
ChatterBot Tango round 1
ChatterBot Yankee round 1
ChatterBot Romeo round 1
ChatterBot Uniform round 1
ChatterBot X-ray round 1
ChatterBot Kilo round 1
ChatterBot Oscar round 1
randomSelections Mike: {Mike, Juliett, Lima, Tango} 
2024-10-15 02:39:29.607572 Mike: We would work well together
ChatterBot Juliett reevaluating
ChatterBot Lima reevaluating
ChatterBot Tango reevaluating
2024-10-15 02:39:29.617556 Juliett: Yes
2024-10-15 02:39:29.617735 Lima: Yes
2024-10-15 02:39:29.617886 Tango: Yes
ChatterBot Lima reevaluating
ChatterBot Tango reevaluating
ChatterBot Juliett reevaluating
ChatterBot Tango reevaluating
ChatterBot Juliett reevaluating
ChatterBot Lima reevaluating
randomSelections Yankee: {Yankee, Kilo, Lima, Romeo, Uniform, Mike, X-ray} 
2024-10-15 02:39:29.640951 Yankee: Let's form a team
ChatterBot Kilo reevaluating
ChatterBot Lima reevaluating
ChatterBot Romeo reevaluating
ChatterBot Uniform reevaluating
ChatterBot X-ray reevaluating
2024-10-15 02:39:29.652035 Kilo: Yes
2024-10-15 02:39:29.652143 Lima: No
2024-10-15 02:39:29.652254 Romeo: Yes
2024-10-15 02:39:29.652360 Uniform: Yes
2024-10-15 02:39:29.653050 Mike: No
2024-10-15 02:39:29.653156 X-ray: Yes
ChatterBot Lima reevaluating
ChatterBot Romeo reevaluating
ChatterBot Uniform reevaluating
ChatterBot X-ray reevaluating
ChatterBot Kilo reevaluating
ChatterBot Romeo reevaluating
ChatterBot Uniform reevaluating
ChatterBot X-ray reevaluating
ChatterBot Kilo reevaluating
ChatterBot Lima reevaluating
ChatterBot Uniform reevaluating
ChatterBot X-ray reevaluating
ChatterBot Kilo reevaluating
ChatterBot Lima reevaluating
ChatterBot Romeo reevaluating
ChatterBot X-ray reevaluating
ChatterBot Kilo reevaluating
ChatterBot Lima reevaluating
ChatterBot Romeo reevaluating
ChatterBot Uniform reevaluating
ChatterBot X-ray reevaluating
ChatterBot Kilo reevaluating
ChatterBot Lima reevaluating
ChatterBot Romeo reevaluating
ChatterBot Uniform reevaluating
randomSelections Oscar: {Oscar, Lima, Uniform, Juliett, Yankee, Romeo} 
2024-10-15 02:39:29.858678 Oscar: We would work well together
ChatterBot Lima reevaluating
ChatterBot Uniform reevaluating
ChatterBot Juliett reevaluating
ChatterBot Romeo reevaluating
2024-10-15 02:39:29.868225 Lima: No
2024-10-15 02:39:29.869650 Uniform: No
2024-10-15 02:39:29.870594 Juliett: No
2024-10-15 02:39:29.871922 Yankee: No
2024-10-15 02:39:29.872699 Romeo: No
ChatterBot Uniform reevaluating
ChatterBot Juliett reevaluating
ChatterBot Romeo reevaluating
ChatterBot Lima reevaluating
ChatterBot Juliett reevaluating
ChatterBot Romeo reevaluating
ChatterBot Lima reevaluating
ChatterBot Uniform reevaluating
ChatterBot Romeo reevaluating
ChatterBot Lima reevaluating
ChatterBot Uniform reevaluating
ChatterBot Juliett reevaluating
ChatterBot Romeo reevaluating
ChatterBot Lima reevaluating
ChatterBot Uniform reevaluating
ChatterBot Juliett reevaluating
2024-10-15 02:39:29.920666 Mike: Lima and Juliett, sending you 1
2024-10-15 02:39:29.921522 Tango: Mike, sending you 4
2024-10-15 02:39:29.924114 Oscar: Lima, sending you 1
2024-10-15 02:39:29.924650 Mike: Tango, sending you 3
chatterbot Yankee submitting transactions
2024-10-15 02:39:29.926656 Tango: Lima, sending you 6
2024-10-15 02:39:29.930081 Oscar: Juliett and Uniform, sending you 3
2024-10-15 02:39:29.930753 Tango: Juliett, sending you 3
2024-10-15 02:39:29.932682 Romeo: Mike, Lima and Yankee, sending you 1
2024-10-15 02:39:29.936066 Oscar: Yankee, sending you 7
2024-10-15 02:39:29.936621 Lima: Mike, sending you 4
2024-10-15 02:39:29.937034 X-ray: Mike, Yankee and Uniform, sending you 3
2024-10-15 02:39:29.937690 Romeo: Uniform, sending you 3
2024-10-15 02:39:29.938153 Uniform: Mike, sending you 3
2024-10-15 02:39:29.938611 Juliett: Mike, sending you 7
2024-10-15 02:39:29.938995 Kilo: Mike, sending you 3
2024-10-15 02:39:29.939701 Lima: Juliett, sending you 6
2024-10-15 02:39:29.940687 Oscar: Romeo, sending you 2
2024-10-15 02:39:29.941562 Uniform: Lima, Romeo and X-ray, sending you 1
2024-10-15 02:39:29.941976 Romeo: X-ray and Kilo, sending you 4
2024-10-15 02:39:29.942583 Juliett: Lima and Tango, sending you 2
2024-10-15 02:39:29.942942 X-ray: Lima, sending you 2
2024-10-15 02:39:29.943371 Kilo: Lima, sending you 2
2024-10-15 02:39:29.944600 Lima: Tango, sending you 1
2024-10-15 02:39:29.945700 X-ray: Romeo and Kilo, sending you 1
2024-10-15 02:39:29.946667 Uniform: Yankee and Kilo, sending you 2
2024-10-15 02:39:29.947670 Kilo: Yankee and Romeo, sending you 1
2024-10-15 02:39:29.950646 Kilo: Uniform, sending you 4
chatterbot Mike submitting transactions
chatterbot X-ray submitting transactions
chatterbot Uniform submitting transactions
chatterbot Romeo submitting transactions
chatterbot Kilo submitting transactions
chatterbot Tango submitting transactions
chatterbot Lima submitting transactions
chatterbot Oscar submitting transactions
chatterbot Juliett submitting transactions
ChatterBot Mike round 2
ChatterBot Lima round 2
ChatterBot Juliett round 2
ChatterBot Tango round 2
ChatterBot Yankee round 2
ChatterBot Romeo round 2
ChatterBot Uniform round 2
ChatterBot X-ray round 2
ChatterBot Kilo round 2
ChatterBot Oscar round 2
2024-10-15 02:39:31.681360 Lima: Let's form a team
ChatterBot Romeo reevaluating
ChatterBot Uniform reevaluating
ChatterBot X-ray reevaluating
ChatterBot Kilo reevaluating
2024-10-15 02:39:31.796675 Romeo: No
2024-10-15 02:39:31.797002 Uniform: No
2024-10-15 02:39:31.799428 X-ray: No
2024-10-15 02:39:31.799695 Kilo: No
ChatterBot Uniform reevaluating
ChatterBot X-ray reevaluating
ChatterBot Kilo reevaluating
ChatterBot Romeo reevaluating
ChatterBot X-ray reevaluating
ChatterBot Kilo reevaluating
ChatterBot Romeo reevaluating
ChatterBot Uniform reevaluating
ChatterBot Kilo reevaluating
ChatterBot Romeo reevaluating
ChatterBot Uniform reevaluating
ChatterBot X-ray reevaluating
2024-10-15 02:39:31.904142 Uniform: Group up?
ChatterBot Kilo reevaluating
ChatterBot Yankee reevaluating
ChatterBot Oscar reevaluating
ChatterBot Romeo reevaluating
ChatterBot X-ray reevaluating
2024-10-15 02:39:31.926415 Kilo: No
2024-10-15 02:39:31.926648 Yankee: Yes
2024-10-15 02:39:31.926906 Oscar: No
2024-10-15 02:39:31.927174 Romeo: Yes
2024-10-15 02:39:31.927960 X-ray: No
ChatterBot Romeo reevaluating
ChatterBot Uniform reevaluating
ChatterBot X-ray reevaluating
ChatterBot Yankee reevaluating
ChatterBot Oscar reevaluating
ChatterBot Romeo reevaluating
ChatterBot Uniform reevaluating
ChatterBot X-ray reevaluating
ChatterBot Kilo reevaluating
ChatterBot Oscar reevaluating
ChatterBot Romeo reevaluating
ChatterBot Uniform reevaluating
ChatterBot X-ray reevaluating
ChatterBot Kilo reevaluating
ChatterBot Yankee reevaluating
ChatterBot Uniform reevaluating
ChatterBot X-ray reevaluating
ChatterBot Kilo reevaluating
ChatterBot Yankee reevaluating
ChatterBot Oscar reevaluating
ChatterBot Romeo reevaluating
ChatterBot Uniform reevaluating
ChatterBot Kilo reevaluating
2024-10-15 02:39:32.023591 Yankee: Friends?
ChatterBot Yankee reevaluating
ChatterBot Oscar reevaluating
ChatterBot Romeo reevaluating
ChatterBot Uniform reevaluating
ChatterBot Kilo reevaluating
ChatterBot X-ray reevaluating
ChatterBot Oscar reevaluating
2024-10-15 02:39:32.054649 Romeo: Yes
2024-10-15 02:39:32.054949 Uniform: No
2024-10-15 02:39:32.055143 Kilo: Yes
2024-10-15 02:39:32.055480 X-ray: No
2024-10-15 02:39:32.056291 Oscar: No
ChatterBot Uniform reevaluating
ChatterBot X-ray reevaluating
ChatterBot Kilo reevaluating
ChatterBot Yankee reevaluating
ChatterBot Oscar reevaluating
ChatterBot Romeo reevaluating
ChatterBot X-ray reevaluating
ChatterBot Kilo reevaluating
ChatterBot Yankee reevaluating
ChatterBot Oscar reevaluating
ChatterBot Romeo reevaluating
ChatterBot Uniform reevaluating
ChatterBot X-ray reevaluating
ChatterBot Yankee reevaluating
ChatterBot Oscar reevaluating
ChatterBot Romeo reevaluating
ChatterBot Uniform reevaluating
ChatterBot Kilo reevaluating
ChatterBot Yankee reevaluating
ChatterBot Oscar reevaluating
ChatterBot Romeo reevaluating
ChatterBot Uniform reevaluating
ChatterBot X-ray reevaluating
ChatterBot Kilo reevaluating
ChatterBot Yankee reevaluating
2024-10-15 02:39:32.182534 Juliett: We should add Oscar
ChatterBot Mike reevaluating
ChatterBot Lima reevaluating
ChatterBot Tango reevaluating
2024-10-15 02:39:32.196365 Mike: No
2024-10-15 02:39:32.196548 Lima: Yes
2024-10-15 02:39:32.196666 Tango: No
ChatterBot Lima reevaluating
ChatterBot Tango reevaluating
ChatterBot Mike reevaluating
ChatterBot Tango reevaluating
ChatterBot Mike reevaluating
ChatterBot Lima reevaluating
2024-10-15 02:39:32.259219 Juliett: Oscar we want you to join our group
2024-10-15 02:39:32.263666 Oscar: No
ChatterBot Mike reevaluating
ChatterBot Lima reevaluating
ChatterBot Tango reevaluating
2024-10-15 02:39:32.313247 Romeo: Yankee, sending you 2
2024-10-15 02:39:32.313543 Yankee: Romeo, Uniform, X-ray and Oscar, sending you 2
2024-10-15 02:39:32.314606 Tango: We should drop Lima
2024-10-15 02:39:32.321502 Mike: No
2024-10-15 02:39:32.322164 Juliett: No
2024-10-15 02:39:32.336656 Romeo: Uniform, X-ray, Kilo and Oscar, sending you 3
2024-10-15 02:39:32.412274 Uniform: Romeo, X-ray and Oscar, sending you 2
2024-10-15 02:39:32.412689 Juliett: Mike, sending you 2
2024-10-15 02:39:32.413653 Oscar: Sending you each 4
2024-10-15 02:39:32.413975 Lima: Romeo, X-ray and Kilo, sending you 3
2024-10-15 02:39:32.414338 X-ray: Romeo, sending you 3
2024-10-15 02:39:32.415124 Kilo: Romeo, sending you 6
2024-10-15 02:39:32.415485 Mike: Lima and Juliett, sending you 2
2024-10-15 02:39:32.416113 Uniform: Kilo, sending you 3
2024-10-15 02:39:32.451901 Juliett: Lima, Tango and Oscar, sending you 3
2024-10-15 02:39:32.452343 Lima: Uniform, sending you 2
2024-10-15 02:39:32.452679 Kilo: Uniform, sending you 3
2024-10-15 02:39:32.453508 X-ray: Uniform, sending you 4
2024-10-15 02:39:32.453778 Mike: Tango, sending you 1
2024-10-15 02:39:32.454069 Tango: Mike, sending you 7
2024-10-15 02:39:32.505054 Kilo: X-ray, sending you 2
2024-10-15 02:39:32.505449 Tango: Juliett, sending you 6
chatterbot Uniform submitting transactions
chatterbot Yankee submitting transactions
chatterbot Oscar submitting transactions
chatterbot Romeo submitting transactions
chatterbot X-ray submitting transactions
chatterbot Kilo submitting transactions
chatterbot Tango submitting transactions
chatterbot Juliett submitting transactions
chatterbot Mike submitting transactions
chatterbot Lima submitting transactions
ChatterBot Mike round 3
ChatterBot Lima round 3
ChatterBot Juliett round 3
ChatterBot Tango round 3
ChatterBot Yankee round 3
ChatterBot Romeo round 3
ChatterBot Uniform round 3
ChatterBot X-ray round 3
ChatterBot Kilo round 3
ChatterBot Oscar round 3
2024-10-15 02:39:33.524287 Uniform: We should add Yankee and Lima
ChatterBot Romeo reevaluating
ChatterBot X-ray reevaluating
ChatterBot Kilo reevaluating
ChatterBot Oscar reevaluating
2024-10-15 02:39:33.538313 Romeo: Yes
2024-10-15 02:39:33.538535 X-ray: No
2024-10-15 02:39:33.539082 Kilo: Yes
2024-10-15 02:39:33.539212 Oscar: No
ChatterBot X-ray reevaluating
ChatterBot Kilo reevaluating
ChatterBot Oscar reevaluating
ChatterBot Romeo reevaluating
ChatterBot Kilo reevaluating
ChatterBot Oscar reevaluating
ChatterBot Romeo reevaluating
ChatterBot X-ray reevaluating
ChatterBot Oscar reevaluating
ChatterBot Romeo reevaluating
ChatterBot X-ray reevaluating
ChatterBot Kilo reevaluating
2024-10-15 02:39:33.595829 Romeo: We should add Lima
2024-10-15 02:39:33.596299 Kilo: We should add Lima
2024-10-15 02:39:33.597218 Oscar: We should add Yankee
ChatterBot X-ray reevaluating
ChatterBot Kilo reevaluating
ChatterBot Yankee reevaluating
ChatterBot Oscar reevaluating
ChatterBot Romeo reevaluating
2024-10-15 02:39:33.618429 Uniform: Yes
2024-10-15 02:39:33.621403 X-ray: No
ChatterBot X-ray reevaluating
2024-10-15 02:39:33.624924 Kilo: Yes
2024-10-15 02:39:33.625077 Yankee: No
ChatterBot Yankee reevaluating
2024-10-15 02:39:33.629192 Oscar: No
ChatterBot Oscar reevaluating
2024-10-15 02:39:33.632926 Romeo: Yes
ChatterBot Romeo reevaluating
2024-10-15 02:39:33.636316 Uniform: Yes
2024-10-15 02:39:33.639648 X-ray: No
ChatterBot X-ray reevaluating
ChatterBot Kilo reevaluating
2024-10-15 02:39:33.646608 Yankee: No
2024-10-15 02:39:33.646841 Oscar: No
2024-10-15 02:39:33.647381 Romeo: Yes
ChatterBot Romeo reevaluating
ChatterBot Yankee reevaluating
2024-10-15 02:39:33.655708 Uniform: Yes
2024-10-15 02:39:33.655984 X-ray: Yes
ChatterBot X-ray reevaluating
2024-10-15 02:39:33.660838 Kilo: Yes
ChatterBot Kilo reevaluating
ChatterBot Oscar reevaluating
ChatterBot Romeo reevaluating
ChatterBot Yankee reevaluating
ChatterBot Kilo reevaluating
ChatterBot Oscar reevaluating
ChatterBot Romeo reevaluating
ChatterBot Yankee reevaluating
ChatterBot X-ray reevaluating
ChatterBot Oscar reevaluating
ChatterBot Romeo reevaluating
ChatterBot X-ray reevaluating
ChatterBot Kilo reevaluating
ChatterBot Oscar reevaluating
ChatterBot Romeo reevaluating
ChatterBot Yankee reevaluating
ChatterBot X-ray reevaluating
ChatterBot Kilo reevaluating
ChatterBot Yankee reevaluating
ChatterBot X-ray reevaluating
ChatterBot Kilo reevaluating
ChatterBot Oscar reevaluating
ChatterBot Romeo reevaluating
ChatterBot Yankee reevaluating
ChatterBot X-ray reevaluating
ChatterBot Kilo reevaluating
ChatterBot Oscar reevaluating
ChatterBot Romeo reevaluating
ChatterBot Yankee reevaluating
ChatterBot Kilo reevaluating
ChatterBot Oscar reevaluating
ChatterBot Romeo reevaluating
ChatterBot X-ray reevaluating
ChatterBot Kilo reevaluating
ChatterBot Oscar reevaluating
ChatterBot Romeo reevaluating
ChatterBot Yankee reevaluating
ChatterBot X-ray reevaluating
ChatterBot Kilo reevaluating
ChatterBot X-ray reevaluating
ChatterBot Kilo reevaluating
ChatterBot Oscar reevaluating
ChatterBot Romeo reevaluating
ChatterBot X-ray reevaluating
ChatterBot Kilo reevaluating
ChatterBot Oscar reevaluating
ChatterBot Romeo reevaluating
ChatterBot Kilo reevaluating
ChatterBot Oscar reevaluating
ChatterBot Romeo reevaluating
ChatterBot X-ray reevaluating
ChatterBot Oscar reevaluating
2024-10-15 02:39:33.983737 Lima: We should add Yankee and Oscar
ChatterBot Romeo reevaluating
ChatterBot X-ray reevaluating
ChatterBot Kilo reevaluating
2024-10-15 02:39:34.009014 Romeo: Yes
2024-10-15 02:39:34.009240 Uniform: Yes
2024-10-15 02:39:34.009409 X-ray: Yes
2024-10-15 02:39:34.009568 Kilo: Yes
ChatterBot X-ray reevaluating
ChatterBot Kilo reevaluating
ChatterBot Romeo reevaluating
ChatterBot X-ray reevaluating
ChatterBot Kilo reevaluating
ChatterBot Romeo reevaluating
ChatterBot Kilo reevaluating
ChatterBot Romeo reevaluating
ChatterBot X-ray reevaluating
2024-10-15 02:39:34.098097 Uniform: Yankee and Lima we want you to join our group
ChatterBot Yankee reevaluating
2024-10-15 02:39:34.105451 Yankee: No
2024-10-15 02:39:34.106108 Lima: Yes
ChatterBot Romeo reevaluating
ChatterBot X-ray reevaluating
ChatterBot Kilo reevaluating
ChatterBot Oscar reevaluating
ChatterBot Yankee reevaluating
ChatterBot Romeo reevaluating
ChatterBot X-ray reevaluating
ChatterBot Kilo reevaluating
ChatterBot Oscar reevaluating
2024-10-15 02:39:34.171400 Lima: Yankee and Oscar we want you to join our group
2024-10-15 02:39:34.225443 Yankee: No
2024-10-15 02:39:34.225777 Oscar: Yes
ChatterBot Romeo reevaluating
ChatterBot X-ray reevaluating
ChatterBot Romeo reevaluating
ChatterBot X-ray reevaluating
2024-10-15 02:39:34.370045 Oscar: Yankee and Lima we want you to join our group
2024-10-15 02:39:34.380844 Yankee: No
2024-10-15 02:39:34.381084 Lima: Yes
ChatterBot X-ray reevaluating
ChatterBot X-ray reevaluating
ChatterBot Oscar reevaluating
2024-10-15 02:39:34.441590 Kilo: Lima we want you to join our group
2024-10-15 02:39:34.447900 Lima: Yes
ChatterBot X-ray reevaluating
2024-10-15 02:39:34.483540 X-ray: We should add Kilo and Oscar
2024-10-15 02:39:34.494080 Romeo: Yes
2024-10-15 02:39:34.494557 Uniform: Yes
ChatterBot X-ray reevaluating
ChatterBot X-ray reevaluating
2024-10-15 02:39:34.517498 Tango: Mike, sending you 6
2024-10-15 02:39:34.517951 Mike: Lima, sending you 1
2024-10-15 02:39:34.519023 Romeo: Lima we want you to join our group
2024-10-15 02:39:34.524310 Lima: Yes
ChatterBot X-ray reevaluating
ChatterBot Oscar reevaluating
2024-10-15 02:39:34.555223 Juliett: Mike, Lima and Tango, sending you 3
2024-10-15 02:39:34.557205 Tango: Juliett, sending you 7
2024-10-15 02:39:34.558443 Mike: Juliett and Tango, sending you 2
2024-10-15 02:39:34.559089 Yankee: Romeo, Uniform, X-ray and Oscar, sending you 2
2024-10-15 02:39:34.699921 Juliett: Oscar, sending you 2
2024-10-15 02:39:34.700535 Uniform: Yankee, Romeo, X-ray, Kilo and Oscar, sending you 2
2024-10-15 02:39:34.701690 Lima: Yankee, sending you 1
2024-10-15 02:39:34.702243 X-ray: Kilo and Oscar we want you to join our group
ChatterBot Oscar reevaluating
2024-10-15 02:39:34.714593 Kilo: Yes
2024-10-15 02:39:34.714807 Oscar: Yes
ChatterBot Oscar reevaluating
chatterbot Mike submitting transactions
2024-10-15 02:39:34.759495 Lima: Romeo, Uniform, X-ray, Kilo and Oscar, sending you 2
2024-10-15 02:39:34.836871 Kilo: Lima and Oscar, sending you 2
2024-10-15 02:39:34.837534 Oscar: Yankee we want you to join our group
2024-10-15 02:39:34.841768 Yankee: Yes
ChatterBot Oscar reevaluating
2024-10-15 02:39:34.858045 Romeo: Lima, Yankee, Uniform and X-ray, sending you 2
chatterbot Uniform submitting transactions
2024-10-15 02:39:34.858787 Kilo: Romeo and Uniform, sending you 3
2024-10-15 02:39:34.901816 Romeo: Kilo and Oscar, sending you 3
2024-10-15 02:39:34.903125 X-ray: Romeo and Oscar, sending you 3
2024-10-15 02:39:34.903528 Kilo: X-ray, sending you 1
2024-10-15 02:39:34.952709 X-ray: Uniform, sending you 4
chatterbot Romeo submitting transactions
2024-10-15 02:39:34.969113 X-ray: Kilo, sending you 2
2024-10-15 02:39:34.984532 Oscar: Lima, X-ray and Kilo, sending you 1
2024-10-15 02:39:34.994946 Oscar: Yankee and Uniform, sending you 4
chatterbot Tango submitting transactions
2024-10-15 02:39:35.019229 Oscar: Romeo, sending you 5
chatterbot Juliett submitting transactions
chatterbot Yankee submitting transactions
chatterbot X-ray submitting transactions
chatterbot Oscar submitting transactions
chatterbot Lima submitting transactions
chatterbot Kilo submitting transactions
ChatterBot Mike round 4
ChatterBot Lima round 4
ChatterBot Juliett round 4
ChatterBot Tango round 4
ChatterBot Yankee round 4
ChatterBot Romeo round 4
ChatterBot Uniform round 4
ChatterBot X-ray round 4
ChatterBot Kilo round 4
ChatterBot Oscar round 4
2024-10-15 02:39:35.601435 Yankee: We should add Lima
ChatterBot Oscar reevaluating
2024-10-15 02:39:35.626495 Romeo: Yes
2024-10-15 02:39:35.626810 Uniform: Yes
2024-10-15 02:39:35.627166 X-ray: No
2024-10-15 02:39:35.627363 Kilo: Yes
2024-10-15 02:39:35.627574 Oscar: No
ChatterBot Oscar reevaluating
ChatterBot X-ray reevaluating
ChatterBot Oscar reevaluating
ChatterBot Oscar reevaluating
ChatterBot X-ray reevaluating
ChatterBot Oscar reevaluating
ChatterBot X-ray reevaluating
2024-10-15 02:39:35.721102 Yankee: Lima we want you to join our group
2024-10-15 02:39:35.728603 Lima: Yes
ChatterBot X-ray reevaluating
ChatterBot Oscar reevaluating
2024-10-15 02:39:35.756679 Juliett: Mike, Lima and Tango, sending you 3
2024-10-15 02:39:35.759053 Uniform: Yankee, Romeo, X-ray, Kilo and Oscar, sending you 2
2024-10-15 02:39:35.760540 Tango: Mike, sending you 6
2024-10-15 02:39:35.761862 Mike: Lima, sending you 1
2024-10-15 02:39:35.762595 Romeo: Lima, Yankee, Uniform and X-ray, sending you 2
2024-10-15 02:39:35.764634 Lima: Yankee, sending you 1
2024-10-15 02:39:35.766534 Juliett: Oscar, sending you 2
2024-10-15 02:39:35.767427 Mike: Juliett and Tango, sending you 2
2024-10-15 02:39:35.768278 Tango: Juliett, sending you 7
2024-10-15 02:39:35.769341 Romeo: Kilo and Oscar, sending you 3
2024-10-15 02:39:35.770343 X-ray: Romeo, Kilo and Oscar, sending you 3
2024-10-15 02:39:35.771734 Lima: Romeo, Uniform, X-ray, Kilo and Oscar, sending you 2
2024-10-15 02:39:35.772692 Kilo: Lima and Oscar, sending you 2
2024-10-15 02:39:35.776194 X-ray: Uniform, sending you 4
2024-10-15 02:39:35.776914 Oscar: Lima, sending you 2
2024-10-15 02:39:35.777733 Yankee: Lima, Uniform, X-ray and Kilo, sending you 1
2024-10-15 02:39:35.779457 Kilo: Romeo and Uniform, sending you 3
2024-10-15 02:39:35.780713 Oscar: Yankee, Uniform and X-ray, sending you 3
2024-10-15 02:39:35.782736 Yankee: Romeo and Oscar, sending you 2
2024-10-15 02:39:35.784683 Kilo: X-ray, sending you 1
2024-10-15 02:39:35.785824 Oscar: Romeo, sending you 4
2024-10-15 02:39:35.791702 Oscar: Kilo, sending you 1
chatterbot Lima submitting transactions
chatterbot Uniform submitting transactions
chatterbot Romeo submitting transactions
chatterbot Mike submitting transactions
chatterbot Tango submitting transactions
chatterbot Kilo submitting transactions
chatterbot Juliett submitting transactions
chatterbot Oscar submitting transactions
chatterbot Yankee submitting transactions
chatterbot X-ray submitting transactions
ChatterBot Mike round 5
ChatterBot Lima round 5
ChatterBot Juliett round 5
ChatterBot Tango round 5
ChatterBot Yankee round 5
ChatterBot Romeo round 5
ChatterBot Uniform round 5
ChatterBot X-ray round 5
ChatterBot Kilo round 5
ChatterBot Oscar round 5
2024-10-15 02:39:37.421446 X-ray: We should add Lima
ChatterBot Kilo reevaluating
ChatterBot Oscar reevaluating
2024-10-15 02:39:37.437502 Uniform: Yes
2024-10-15 02:39:37.437880 Romeo: Yes
2024-10-15 02:39:37.438484 Kilo: Yes
2024-10-15 02:39:37.439334 Oscar: Yes
ChatterBot Kilo reevaluating
ChatterBot Oscar reevaluating
ChatterBot Kilo reevaluating
ChatterBot Oscar reevaluating
ChatterBot Oscar reevaluating
ChatterBot Kilo reevaluating
2024-10-15 02:39:37.524262 Lima: We should drop Yankee
ChatterBot Kilo reevaluating
ChatterBot Oscar reevaluating
2024-10-15 02:39:37.550591 Romeo: No
2024-10-15 02:39:37.550744 Uniform: No
2024-10-15 02:39:37.551885 X-ray: Yes
2024-10-15 02:39:37.552034 Kilo: No
2024-10-15 02:39:37.552280 Oscar: No
ChatterBot Kilo reevaluating
ChatterBot Oscar reevaluating
ChatterBot Kilo reevaluating
ChatterBot Oscar reevaluating
ChatterBot Kilo reevaluating
ChatterBot Oscar reevaluating
ChatterBot Oscar reevaluating
ChatterBot Kilo reevaluating
2024-10-15 02:39:37.656628 Tango: We should drop Mike
2024-10-15 02:39:37.660294 Juliett: No
ChatterBot Tango reevaluating
2024-10-15 02:39:37.665265 Juliett: We should drop Oscar
ChatterBot Tango reevaluating
2024-10-15 02:39:37.675884 Mike: Yes
2024-10-15 02:39:37.676020 Lima: No
2024-10-15 02:39:37.676146 Tango: Yes
ChatterBot Tango reevaluating
ChatterBot Tango reevaluating
2024-10-15 02:39:37.708583 X-ray: Lima we want you to join our group
2024-10-15 02:39:37.712635 Lima: Yes
ChatterBot Kilo reevaluating
ChatterBot Oscar reevaluating
2024-10-15 02:39:37.730979 Mike: Lima, sending you 1
2024-10-15 02:39:37.822390 Uniform: Lima, Romeo, X-ray, Kilo and Oscar, sending you 2
2024-10-15 02:39:37.823958 Yankee: Lima, Uniform, X-ray and Kilo, sending you 1
2024-10-15 02:39:37.825002 Mike: Juliett and Tango, sending you 2
2024-10-15 02:39:37.825321 Romeo: Lima, Yankee, Uniform and X-ray, sending you 2
2024-10-15 02:39:37.834234 Yankee: Romeo and Oscar, sending you 2
2024-10-15 02:39:37.835687 Lima: Romeo, Uniform, X-ray and Oscar, sending you 2
2024-10-15 02:39:37.836830 Juliett: Mike and Tango, sending you 4
2024-10-15 02:39:37.837256 Romeo: Kilo and Oscar, sending you 3
2024-10-15 02:39:37.838531 X-ray: Lima, Romeo and Oscar, sending you 3
2024-10-15 02:39:37.839859 Lima: Kilo, sending you 3
2024-10-15 02:39:37.840276 Juliett: Lima, sending you 3
2024-10-15 02:39:37.843780 X-ray: Uniform, sending you 4
2024-10-15 02:39:37.848597 Kilo: Lima, Uniform and X-ray, sending you 2
2024-10-15 02:39:37.849114 Oscar: Lima, sending you 1
2024-10-15 02:39:37.849605 X-ray: Kilo, sending you 2
2024-10-15 02:39:37.887650 Kilo: Yankee and Oscar, sending you 1
2024-10-15 02:39:37.888354 Oscar: Yankee, Uniform and X-ray, sending you 3
2024-10-15 02:39:37.893807 Kilo: Romeo, sending you 3
2024-10-15 02:39:37.895326 Oscar: Romeo, sending you 4
2024-10-15 02:39:37.896442 Tango: Sending you 13
2024-10-15 02:39:37.905306 Oscar: Kilo, sending you 2
chatterbot Mike submitting transactions
chatterbot Lima submitting transactions
chatterbot Uniform submitting transactions
chatterbot Juliett submitting transactions
chatterbot Yankee submitting transactions
chatterbot X-ray submitting transactions
chatterbot Oscar submitting transactions
chatterbot Romeo submitting transactions
chatterbot Tango submitting transactions
chatterbot Kilo submitting transactions
ChatterBot Mike round 6
ChatterBot Lima round 6
ChatterBot Juliett round 6
ChatterBot Tango round 6
ChatterBot Yankee round 6
ChatterBot Romeo round 6
ChatterBot Uniform round 6
ChatterBot X-ray round 6
ChatterBot Kilo round 6
ChatterBot Oscar round 6
2024-10-15 02:39:38.865708 Romeo: Lima, Yankee, Uniform and X-ray, sending you 2
2024-10-15 02:39:38.870706 Mike: Lima, sending you 1
2024-10-15 02:39:38.872716 Romeo: Kilo and Oscar, sending you 3
2024-10-15 02:39:38.874462 Lima: Romeo, Uniform, X-ray and Oscar, sending you 2
2024-10-15 02:39:38.875687 Uniform: Lima, Romeo, X-ray, Kilo and Oscar, sending you 2
2024-10-15 02:39:38.877529 Juliett: Mike and Tango, sending you 4
2024-10-15 02:39:38.878163 Mike: Juliett and Tango, sending you 2
2024-10-15 02:39:38.879319 Yankee: Lima, Uniform, X-ray and Kilo, sending you 1
2024-10-15 02:39:38.881048 Lima: Kilo, sending you 3
2024-10-15 02:39:38.881828 Tango: Same as last round
2024-10-15 02:39:38.882969 Juliett: Lima, sending you 3
2024-10-15 02:39:38.884882 Yankee: Romeo and Oscar, sending you 2
2024-10-15 02:39:38.886718 X-ray: Lima and Oscar, sending you 3
2024-10-15 02:39:38.887841 Oscar: Lima, sending you 2
2024-10-15 02:39:38.890715 Kilo: Lima, Uniform and X-ray, sending you 2
2024-10-15 02:39:38.893737 Oscar: Yankee, Uniform and X-ray, sending you 3
2024-10-15 02:39:38.895735 X-ray: Romeo and Uniform, sending you 4
2024-10-15 02:39:38.897681 Kilo: Yankee and Oscar, sending you 1
2024-10-15 02:39:38.901081 Oscar: Romeo, sending you 4
2024-10-15 02:39:38.902640 X-ray: Kilo, sending you 2
2024-10-15 02:39:38.904246 Kilo: Romeo, sending you 3
2024-10-15 02:39:38.906706 Oscar: Kilo, sending you 1
chatterbot Romeo submitting transactions
chatterbot Lima submitting transactions
chatterbot Uniform submitting transactions
chatterbot Tango submitting transactions
chatterbot X-ray submitting transactions
chatterbot Juliett submitting transactions
chatterbot Mike submitting transactions
chatterbot Yankee submitting transactions
chatterbot Oscar submitting transactions
chatterbot Kilo submitting transactions
ChatterBot Mike round 7
ChatterBot Lima round 7
ChatterBot Juliett round 7
ChatterBot Tango round 7
ChatterBot Yankee round 7
ChatterBot Romeo round 7
ChatterBot Uniform round 7
ChatterBot X-ray round 7
ChatterBot Kilo round 7
ChatterBot Oscar round 7
2024-10-15 02:39:40.124935 Mike: We should drop Lima
ChatterBot Tango reevaluating
ChatterBot Juliett reevaluating
2024-10-15 02:39:40.133808 Tango: Yes
2024-10-15 02:39:40.134025 Juliett: No
ChatterBot Mike reevaluating
ChatterBot Juliett reevaluating
ChatterBot Tango reevaluating
ChatterBot Mike reevaluating
2024-10-15 02:39:40.151705 Juliett: We would work well together
2024-10-15 02:39:40.175523 Lima: No
2024-10-15 02:39:40.175784 Yankee: No
2024-10-15 02:39:40.175973 Romeo: No
2024-10-15 02:39:40.176148 Uniform: No
2024-10-15 02:39:40.176319 X-ray: No
2024-10-15 02:39:40.176488 Kilo: No
2024-10-15 02:39:40.176668 Oscar: No
ChatterBot Juliett reevaluating
ChatterBot Juliett reevaluating
ChatterBot Juliett reevaluating
ChatterBot Juliett reevaluating
ChatterBot Juliett reevaluating
ChatterBot Juliett reevaluating
ChatterBot Juliett reevaluating
2024-10-15 02:39:40.286872 Lima: Romeo, sending you 3
2024-10-15 02:39:40.287908 Romeo: Lima, Yankee, Uniform and X-ray, sending you 2
2024-10-15 02:39:40.290700 Lima: Uniform, X-ray, Kilo and Oscar, sending you 2
2024-10-15 02:39:40.292673 Tango: Same as last round
2024-10-15 02:39:40.293696 Romeo: Kilo and Oscar, sending you 3
2024-10-15 02:39:40.294588 Yankee: Lima, Uniform, X-ray and Kilo, sending you 1
2024-10-15 02:39:40.300802 Oscar: Lima, Yankee and Kilo, sending you 2
2024-10-15 02:39:40.305695 Yankee: Romeo and Oscar, sending you 2
2024-10-15 02:39:40.306716 Juliett: Lima, Yankee, Romeo, Uniform and Oscar, sending you 2
2024-10-15 02:39:40.311099 Oscar: Romeo, sending you 4
2024-10-15 02:39:40.312423 Kilo: Lima, Uniform and X-ray, sending you 2
2024-10-15 02:39:40.313332 Uniform: Lima, Romeo, X-ray, Kilo and Oscar, sending you 2
2024-10-15 02:39:40.315452 X-ray: Lima and Oscar, sending you 3
2024-10-15 02:39:40.316120 Mike: Lima, sending you 1
2024-10-15 02:39:40.317639 Juliett: X-ray, sending you 1
2024-10-15 02:39:40.318438 Oscar: Uniform and X-ray, sending you 3
2024-10-15 02:39:40.322711 Kilo: Yankee and Oscar, sending you 1
2024-10-15 02:39:40.323763 X-ray: Romeo and Uniform, sending you 4
2024-10-15 02:39:40.325888 Mike: Juliett and Tango, sending you 2
2024-10-15 02:39:40.328689 Kilo: Romeo, sending you 3
2024-10-15 02:39:40.333858 X-ray: Kilo, sending you 2
chatterbot Romeo submitting transactions
chatterbot X-ray submitting transactions
chatterbot Uniform submitting transactions
chatterbot Yankee submitting transactions
chatterbot Lima submitting transactions
chatterbot Kilo submitting transactions
chatterbot Mike submitting transactions
chatterbot Oscar submitting transactions
chatterbot Tango submitting transactions
chatterbot Juliett submitting transactions
ChatterBot Mike round 8
ChatterBot Lima round 8
ChatterBot Juliett round 8
ChatterBot Tango round 8
ChatterBot Yankee round 8
ChatterBot Romeo round 8
ChatterBot Uniform round 8
ChatterBot X-ray round 8
ChatterBot Kilo round 8
ChatterBot Oscar round 8
2024-10-15 02:39:41.479383 Tango: We should replace Juliett with Mike
2024-10-15 02:39:41.493696 Tango: Mike we want you to join our group
2024-10-15 02:39:41.495981 Mike: Yes
2024-10-15 02:39:41.502674 Mike: Lima, sending you 1
2024-10-15 02:39:41.505677 Lima: Romeo, sending you 3
2024-10-15 02:39:41.507661 Mike: Juliett and Tango, sending you 2
2024-10-15 02:39:41.508030 Yankee: Lima, Uniform, X-ray and Kilo, sending you 1
2024-10-15 02:39:41.508722 Lima: Uniform, X-ray, Kilo and Oscar, sending you 2
2024-10-15 02:39:41.509780 Oscar: Lima, Yankee and Kilo, sending you 2
2024-10-15 02:39:41.510689 Yankee: Romeo and Oscar, sending you 2
2024-10-15 02:39:41.513810 Kilo: Lima, Uniform and X-ray, sending you 2
2024-10-15 02:39:41.514415 Romeo: Lima, Yankee, Uniform and Kilo, sending you 2
2024-10-15 02:39:41.515006 Uniform: Lima, Romeo, X-ray, Kilo and Oscar, sending you 2
2024-10-15 02:39:41.515593 Oscar: Romeo, sending you 4
2024-10-15 02:39:41.516693 Kilo: Yankee and Oscar, sending you 1
2024-10-15 02:39:41.517671 Juliett: Lima, Yankee, Romeo, Uniform and Oscar, sending you 2
2024-10-15 02:39:41.518659 Oscar: Uniform and X-ray, sending you 3
2024-10-15 02:39:41.519675 Romeo: X-ray and Oscar, sending you 3
2024-10-15 02:39:41.520432 Tango: Sending you 13
2024-10-15 02:39:41.521674 Kilo: Romeo, sending you 3
2024-10-15 02:39:41.522663 Juliett: X-ray, sending you 1
2024-10-15 02:39:41.523106 X-ray: Lima and Oscar, sending you 3
2024-10-15 02:39:41.527687 X-ray: Romeo and Uniform, sending you 4
2024-10-15 02:39:41.532681 X-ray: Kilo, sending you 2
chatterbot Romeo submitting transactions
chatterbot Uniform submitting transactions
chatterbot Kilo submitting transactions
chatterbot Tango submitting transactions
chatterbot Juliett submitting transactions
chatterbot Yankee submitting transactions
chatterbot Lima submitting transactions
chatterbot Mike submitting transactions
chatterbot Oscar submitting transactions
chatterbot X-ray submitting transactions
ChatterBot Mike round 9
ChatterBot Lima round 9
ChatterBot Juliett round 9
ChatterBot Tango round 9
ChatterBot Yankee round 9
ChatterBot Romeo round 9
ChatterBot Uniform round 9
ChatterBot X-ray round 9
ChatterBot Kilo round 9
ChatterBot Oscar round 9
2024-10-15 02:39:42.777687 Uniform: Lima, Romeo, X-ray, Kilo and Oscar, sending you 2
2024-10-15 02:39:42.779364 Yankee: Lima, Uniform, X-ray and Kilo, sending you 1
2024-10-15 02:39:42.781690 Juliett: Lima, Yankee, Romeo, Uniform and Oscar, sending you 2
2024-10-15 02:39:42.782541 Mike: Lima, sending you 1
2024-10-15 02:39:42.786586 Yankee: Romeo and Oscar, sending you 2
2024-10-15 02:39:42.787967 X-ray: Lima and Oscar, sending you 3
2024-10-15 02:39:42.789309 Juliett: X-ray, sending you 1
2024-10-15 02:39:42.789934 Mike: Juliett and Tango, sending you 2
2024-10-15 02:39:42.791219 Kilo: Lima, Uniform and X-ray, sending you 2
2024-10-15 02:39:42.792095 Romeo: Lima, Yankee, Uniform and Kilo, sending you 2
2024-10-15 02:39:42.793314 Tango: Same as last round
2024-10-15 02:39:42.793690 Lima: Romeo, Uniform, Kilo and Oscar, sending you 2
2024-10-15 02:39:42.794239 Oscar: Lima, Yankee and Kilo, sending you 2
2024-10-15 02:39:42.796147 X-ray: Romeo and Uniform, sending you 4
2024-10-15 02:39:42.797077 Kilo: Yankee and Oscar, sending you 1
2024-10-15 02:39:42.798461 Lima: X-ray, sending you 3
2024-10-15 02:39:42.799377 Romeo: X-ray and Oscar, sending you 3
2024-10-15 02:39:42.801020 Oscar: Romeo, sending you 4
2024-10-15 02:39:42.802017 X-ray: Kilo, sending you 2
2024-10-15 02:39:42.803174 Kilo: Romeo, sending you 3
2024-10-15 02:39:42.806692 Oscar: Uniform and X-ray, sending you 3
chatterbot Juliett submitting transactions
chatterbot Tango submitting transactions
chatterbot Lima submitting transactions
chatterbot Mike submitting transactions
chatterbot Yankee submitting transactions
chatterbot Kilo submitting transactions
chatterbot Uniform submitting transactions
chatterbot Oscar submitting transactions
chatterbot Romeo submitting transactions
chatterbot X-ray submitting transactions
ChatterBot Mike round 10
ChatterBot Lima round 10
ChatterBot Juliett round 10
ChatterBot Tango round 10
ChatterBot Yankee round 10
ChatterBot Romeo round 10
ChatterBot Uniform round 10
ChatterBot X-ray round 10
ChatterBot Kilo round 10
ChatterBot Oscar round 10
2024-10-15 02:39:44.010708 Uniform: Lima, Romeo, X-ray, Kilo and Oscar, sending you 2
2024-10-15 02:39:44.014358 Tango: Same as last round
2024-10-15 02:39:44.015046 Romeo: Lima, Yankee, Uniform and Kilo, sending you 2
2024-10-15 02:39:44.017383 X-ray: Lima, Uniform, Kilo and Oscar, sending you 3
2024-10-15 02:39:44.019014 Lima: Romeo, Uniform, Kilo and Oscar, sending you 2
2024-10-15 02:39:44.021463 Juliett: Lima, Kilo and Oscar, sending you 3
2024-10-15 02:39:44.022760 Romeo: X-ray and Oscar, sending you 3
2024-10-15 02:39:44.024877 Mike: Lima, sending you 1
2024-10-15 02:39:44.025360 X-ray: Romeo, sending you 4
2024-10-15 02:39:44.026909 Yankee: Lima, Uniform, X-ray and Kilo, sending you 1
2024-10-15 02:39:44.029069 Lima: X-ray, sending you 3
2024-10-15 02:39:44.029971 Kilo: Lima, Uniform, X-ray and Oscar, sending you 2
2024-10-15 02:39:44.032020 Juliett: X-ray, sending you 2
2024-10-15 02:39:44.032835 Mike: Juliett and Tango, sending you 2
2024-10-15 02:39:44.034299 Yankee: Romeo and Oscar, sending you 2
2024-10-15 02:39:44.036947 Kilo: Romeo, sending you 3
2024-10-15 02:39:44.038216 Oscar: Lima, Uniform and X-ray, sending you 3
2024-10-15 02:39:44.042722 Oscar: Yankee, sending you 2
2024-10-15 02:39:44.047685 Oscar: Romeo, sending you 4
2024-10-15 02:39:44.052090 Oscar: Kilo, sending you 1
chatterbot Tango submitting transactions
chatterbot Oscar submitting transactions
chatterbot X-ray submitting transactions
chatterbot Kilo submitting transactions
chatterbot Lima submitting transactions
chatterbot Uniform submitting transactions
chatterbot Yankee submitting transactions
chatterbot Juliett submitting transactions
chatterbot Mike submitting transactions
chatterbot Romeo submitting transactions
ChatterBot Mike round 11
ChatterBot Lima round 11
ChatterBot Juliett round 11
ChatterBot Tango round 11
ChatterBot Yankee round 11
ChatterBot Romeo round 11
ChatterBot Uniform round 11
ChatterBot X-ray round 11
ChatterBot Kilo round 11
ChatterBot Oscar round 11
2024-10-15 02:39:45.180286 Uniform: We should add Juliett
ChatterBot Kilo reevaluating
2024-10-15 02:39:45.198391 Yankee: No
2024-10-15 02:39:45.198604 Romeo: No
2024-10-15 02:39:45.198803 X-ray: No
2024-10-15 02:39:45.198934 Kilo: Yes
2024-10-15 02:39:45.199055 Oscar: No
2024-10-15 02:39:45.199183 Lima: No
ChatterBot Kilo reevaluating
ChatterBot Uniform reevaluating
ChatterBot Kilo reevaluating
ChatterBot Uniform reevaluating
ChatterBot Kilo reevaluating
ChatterBot Oscar reevaluating
ChatterBot Uniform reevaluating
ChatterBot Oscar reevaluating
ChatterBot Uniform reevaluating
ChatterBot Yankee reevaluating
ChatterBot Kilo reevaluating
ChatterBot Uniform reevaluating
ChatterBot Yankee reevaluating
ChatterBot Kilo reevaluating
ChatterBot Oscar reevaluating
2024-10-15 02:39:45.302331 Yankee: Lima, Uniform, X-ray and Kilo, sending you 1
2024-10-15 02:39:45.306233 Tango: Same as last round
2024-10-15 02:39:45.306695 Yankee: Romeo and Oscar, sending you 2
2024-10-15 02:39:45.308059 Mike: Lima, sending you 1
2024-10-15 02:39:45.308592 Juliett: Lima and Oscar, sending you 4
2024-10-15 02:39:45.309683 X-ray: Lima and Romeo, sending you 4
2024-10-15 02:39:45.312690 Mike: Juliett and Tango, sending you 2
2024-10-15 02:39:45.313137 Oscar: Lima, Uniform and X-ray, sending you 3
2024-10-15 02:39:45.314045 Juliett: Kilo, sending you 3
2024-10-15 02:39:45.315112 X-ray: Uniform, Kilo and Oscar, sending you 3
2024-10-15 02:39:45.316677 Uniform: Lima, Romeo, X-ray, Kilo and Oscar, sending you 2
2024-10-15 02:39:45.318507 Oscar: Yankee, sending you 2
2024-10-15 02:39:45.319832 Romeo: Lima, Yankee, Uniform and Kilo, sending you 2
2024-10-15 02:39:45.321699 Lima: Romeo, Uniform, Kilo and Oscar, sending you 2
2024-10-15 02:39:45.322587 Kilo: Lima, Uniform and X-ray, sending you 2
2024-10-15 02:39:45.324837 Oscar: Romeo, sending you 4
2024-10-15 02:39:45.326226 Lima: X-ray, sending you 3
2024-10-15 02:39:45.327290 Romeo: X-ray and Oscar, sending you 3
2024-10-15 02:39:45.329297 Kilo: Yankee and Oscar, sending you 1
2024-10-15 02:39:45.330664 Oscar: Kilo, sending you 1
2024-10-15 02:39:45.334686 Kilo: Romeo, sending you 3
chatterbot Uniform submitting transactions
chatterbot Yankee submitting transactions
chatterbot Tango submitting transactions
chatterbot Juliett submitting transactions
chatterbot Oscar submitting transactions
chatterbot Kilo submitting transactions
chatterbot Romeo submitting transactions
chatterbot Lima submitting transactions
chatterbot Mike submitting transactions
chatterbot X-ray submitting transactions
ChatterBot Mike round 12
ChatterBot Lima round 12
ChatterBot Juliett round 12
ChatterBot Tango round 12
ChatterBot Yankee round 12
ChatterBot Romeo round 12
ChatterBot Uniform round 12
ChatterBot X-ray round 12
ChatterBot Kilo round 12
ChatterBot Oscar round 12
2024-10-15 02:39:46.567799 Mike: Lima, sending you 1
2024-10-15 02:39:46.570683 Mike: Juliett and Tango, sending you 2
2024-10-15 02:39:46.573694 Uniform: Lima, Romeo, X-ray, Kilo and Oscar, sending you 2
2024-10-15 02:39:46.575055 Tango: Same as last round
2024-10-15 02:39:46.575335 Kilo: Lima, Uniform and X-ray, sending you 2
2024-10-15 02:39:46.579701 Kilo: Yankee and Oscar, sending you 1
2024-10-15 02:39:46.582678 Yankee: Lima, Uniform, X-ray and Kilo, sending you 1
2024-10-15 02:39:46.584702 Juliett: Lima, sending you 6
2024-10-15 02:39:46.585497 Kilo: Romeo, sending you 3
2024-10-15 02:39:46.586634 Lima: Romeo, Uniform, Kilo and Oscar, sending you 2
2024-10-15 02:39:46.587821 X-ray: Lima and Romeo, sending you 4
2024-10-15 02:39:46.588683 Romeo: Lima, Yankee, Uniform and Kilo, sending you 2
2024-10-15 02:39:46.589752 Juliett: Oscar, sending you 5
2024-10-15 02:39:46.591208 Yankee: Romeo and Oscar, sending you 2
