ChatterBot Quebec round 1
ChatterBot Lima round 1
ChatterBot Charlie round 1
ChatterBot Tango round 1
ChatterBot Yankee round 1
ChatterBot India round 1
ChatterBot Foxtrot round 1
ChatterBot Echo round 1
ChatterBot Alpha round 1
ChatterBot Delta round 1
randomSelections Tango: {Tango, Quebec, Yankee, Charlie, India, Lima, Echo} 
2024-10-15 02:39:29.527579 Tango: Friends?
ChatterBot Quebec reevaluating
ChatterBot Yankee reevaluating
ChatterBot Charlie reevaluating
ChatterBot India reevaluating
ChatterBot Lima reevaluating
ChatterBot Echo reevaluating
2024-10-15 02:39:29.542188 Quebec: Yes
2024-10-15 02:39:29.543133 Yankee: Yes
2024-10-15 02:39:29.543264 Charlie: Yes
2024-10-15 02:39:29.543405 India: Yes
2024-10-15 02:39:29.543588 Lima: Yes
2024-10-15 02:39:29.543757 Echo: Yes
ChatterBot Yankee reevaluating
ChatterBot Charlie reevaluating
ChatterBot India reevaluating
ChatterBot Lima reevaluating
ChatterBot Echo reevaluating
ChatterBot Quebec reevaluating
ChatterBot Charlie reevaluating
ChatterBot India reevaluating
ChatterBot Lima reevaluating
ChatterBot Echo reevaluating
ChatterBot Quebec reevaluating
ChatterBot Yankee reevaluating
ChatterBot India reevaluating
ChatterBot Lima reevaluating
ChatterBot Echo reevaluating
ChatterBot Quebec reevaluating
ChatterBot Yankee reevaluating
ChatterBot Charlie reevaluating
ChatterBot Lima reevaluating
ChatterBot Echo reevaluating
ChatterBot Quebec reevaluating
ChatterBot Yankee reevaluating
ChatterBot Charlie reevaluating
ChatterBot India reevaluating
ChatterBot Echo reevaluating
ChatterBot Quebec reevaluating
ChatterBot Yankee reevaluating
ChatterBot Charlie reevaluating
ChatterBot India reevaluating
ChatterBot Lima reevaluating
randomSelections Foxtrot: {Foxtrot, Echo, Tango, Yankee, Alpha, Delta} 
2024-10-15 02:39:29.655875 Foxtrot: Friends?
ChatterBot Echo reevaluating
ChatterBot Yankee reevaluating
ChatterBot Alpha reevaluating
ChatterBot Delta reevaluating
2024-10-15 02:39:29.689175 Echo: No
2024-10-15 02:39:29.689401 Tango: No
2024-10-15 02:39:29.694100 Yankee: No
2024-10-15 02:39:29.694333 Alpha: Yes
2024-10-15 02:39:29.694486 Delta: Yes
ChatterBot Yankee reevaluating
ChatterBot Alpha reevaluating
ChatterBot Delta reevaluating
ChatterBot Echo reevaluating
ChatterBot Yankee reevaluating
ChatterBot Alpha reevaluating
ChatterBot Delta reevaluating
ChatterBot Echo reevaluating
ChatterBot Alpha reevaluating
ChatterBot Delta reevaluating
ChatterBot Echo reevaluating
ChatterBot Yankee reevaluating
ChatterBot Delta reevaluating
ChatterBot Echo reevaluating
ChatterBot Yankee reevaluating
ChatterBot Alpha reevaluating
2024-10-15 02:39:29.866721 Tango: Lima and India, sending you 2
2024-10-15 02:39:29.867686 Lima: Quebec, Yankee and Echo, sending you 3
2024-10-15 02:39:29.869067 Yankee: Quebec, sending you 3
2024-10-15 02:39:29.870655 Tango: Echo, sending you 4
2024-10-15 02:39:29.871993 Lima: Charlie and India, sending you 1
2024-10-15 02:39:29.873051 Delta: Yankee, sending you 6
2024-10-15 02:39:29.874658 Yankee: Lima, sending you 7
2024-10-15 02:39:29.875442 India: Quebec, Tango and Yankee, sending you 1
2024-10-15 02:39:29.877514 Foxtrot: Yankee, sending you 4
2024-10-15 02:39:29.878347 Quebec: Lima, sending you 2
2024-10-15 02:39:29.879583 Delta: Foxtrot and Alpha, sending you 1
2024-10-15 02:39:29.880391 Alpha: Tango, Echo and Delta, sending you 1
2024-10-15 02:39:29.881725 Yankee: Charlie, sending you 2
2024-10-15 02:39:29.882364 India: Lima and Echo, sending you 2
2024-10-15 02:39:29.883379 Echo: Quebec, sending you 2
2024-10-15 02:39:29.884528 Foxtrot: Delta, sending you 3
2024-10-15 02:39:29.885195 Delta: Echo, sending you 2
2024-10-15 02:39:29.885814 Quebec: Tango, Yankee and Echo, sending you 1
2024-10-15 02:39:29.887293 Alpha: Yankee, sending you 4
2024-10-15 02:39:29.887891 Yankee: India, sending you 4
2024-10-15 02:39:29.888450 India: Charlie, sending you 3
2024-10-15 02:39:29.889578 Echo: Charlie, Yankee and India, sending you 1
2024-10-15 02:39:29.892001 Alpha: Foxtrot, sending you 2
chatterbot Quebec submitting transactions
chatterbot Tango submitting transactions
chatterbot Lima submitting transactions
chatterbot Charlie submitting transactions
chatterbot India submitting transactions
chatterbot Alpha submitting transactions
chatterbot Delta submitting transactions
chatterbot Foxtrot submitting transactions
chatterbot Echo submitting transactions
chatterbot Yankee submitting transactions
ChatterBot Quebec round 2
ChatterBot Lima round 2
ChatterBot Charlie round 2
ChatterBot Tango round 2
ChatterBot Yankee round 2
ChatterBot India round 2
ChatterBot Foxtrot round 2
ChatterBot Echo round 2
ChatterBot Alpha round 2
ChatterBot Delta round 2
2024-10-15 02:39:31.231544 Charlie: Group up?
ChatterBot Tango reevaluating
ChatterBot India reevaluating
ChatterBot Echo reevaluating
2024-10-15 02:39:31.247290 Tango: No
2024-10-15 02:39:31.247445 India: No
2024-10-15 02:39:31.248026 Echo: No
ChatterBot India reevaluating
ChatterBot Echo reevaluating
ChatterBot Tango reevaluating
ChatterBot Echo reevaluating
ChatterBot Tango reevaluating
ChatterBot India reevaluating
2024-10-15 02:39:31.330873 Alpha: Can we be friends?
ChatterBot Delta reevaluating
2024-10-15 02:39:31.336638 Delta: Yes
ChatterBot Alpha reevaluating
2024-10-15 02:39:31.357369 Foxtrot: Friends?
ChatterBot Alpha reevaluating
ChatterBot Delta reevaluating
2024-10-15 02:39:31.376701 Alpha: No
2024-10-15 02:39:31.376851 Delta: Yes
ChatterBot Delta reevaluating
ChatterBot Alpha reevaluating
2024-10-15 02:39:31.411395 Yankee: Group up?
ChatterBot Foxtrot reevaluating
ChatterBot Alpha reevaluating
ChatterBot Delta reevaluating
2024-10-15 02:39:31.437268 Foxtrot: Yes
2024-10-15 02:39:31.437419 Alpha: No
2024-10-15 02:39:31.437549 Delta: Yes
ChatterBot Alpha reevaluating
ChatterBot Delta reevaluating
ChatterBot Foxtrot reevaluating
ChatterBot Delta reevaluating
ChatterBot Foxtrot reevaluating
ChatterBot Alpha reevaluating
2024-10-15 02:39:31.512106 Echo: We should drop Charlie
ChatterBot Tango reevaluating
2024-10-15 02:39:31.536186 Tango: Yes
2024-10-15 02:39:31.536346 India: Yes
2024-10-15 02:39:31.536466 Quebec: Yes
2024-10-15 02:39:31.536584 Lima: Yes
2024-10-15 02:39:31.536714 Yankee: Yes
ChatterBot Tango reevaluating
ChatterBot Tango reevaluating
ChatterBot Tango reevaluating
ChatterBot Tango reevaluating
2024-10-15 02:39:31.787075 Charlie: India, sending you 5
2024-10-15 02:39:31.788092 Delta: We should drop Echo and Tango
ChatterBot Foxtrot reevaluating
2024-10-15 02:39:31.879851 Yankee: Yes
2024-10-15 02:39:31.880153 Foxtrot: Yes
2024-10-15 02:39:31.880387 Alpha: Yes
ChatterBot Foxtrot reevaluating
ChatterBot Foxtrot reevaluating
chatterbot Echo submitting transactions
chatterbot India submitting transactions
2024-10-15 02:39:31.986121 Charlie: Echo, sending you 2
chatterbot Quebec submitting transactions
2024-10-15 02:39:32.007254 Yankee: Foxtrot and Alpha, sending you 5
2024-10-15 02:39:32.007836 Alpha: Sending you 4
2024-10-15 02:39:32.043389 Yankee: Delta, sending you 6
2024-10-15 02:39:32.044426 Tango: Quebec, Lima, India and Echo, sending you 2
2024-10-15 02:39:32.045004 India: Quebec, sending you 1
2024-10-15 02:39:32.045904 Quebec: Lima, Tango, Yankee, India and Echo, sending you 1
2024-10-15 02:39:32.046387 Delta: Yankee and Alpha, sending you 3
2024-10-15 02:39:32.046757 Lima: Quebec, Tango, Yankee, India and Echo, sending you 3
2024-10-15 02:39:32.058231 India: Lima, Tango and Echo, sending you 2
2024-10-15 02:39:32.058637 Delta: Foxtrot, sending you 4
2024-10-15 02:39:32.078997 India: Yankee, sending you 3
2024-10-15 02:39:32.096705 Foxtrot: Alpha, sending you 4
2024-10-15 02:39:32.173406 Foxtrot: Delta, sending you 2
chatterbot Tango submitting transactions
chatterbot Charlie submitting transactions
chatterbot Yankee submitting transactions
chatterbot Lima submitting transactions
chatterbot Delta submitting transactions
chatterbot Foxtrot submitting transactions
chatterbot Alpha submitting transactions
ChatterBot Quebec round 3
ChatterBot Lima round 3
ChatterBot Charlie round 3
ChatterBot Tango round 3
ChatterBot Yankee round 3
ChatterBot India round 3
ChatterBot Foxtrot round 3
ChatterBot Echo round 3
ChatterBot Alpha round 3
ChatterBot Delta round 3
2024-10-15 02:39:33.127737 Delta: We should add Lima
ChatterBot Yankee reevaluating
2024-10-15 02:39:33.153430 Yankee: No
2024-10-15 02:39:33.154138 Foxtrot: No
2024-10-15 02:39:33.154380 Alpha: No
ChatterBot Delta reevaluating
ChatterBot Yankee reevaluating
ChatterBot Delta reevaluating
ChatterBot Yankee reevaluating
ChatterBot Delta reevaluating
2024-10-15 02:39:33.257516 Tango: We should drop Echo
ChatterBot Yankee reevaluating
2024-10-15 02:39:33.277997 Quebec: Yes
2024-10-15 02:39:33.278273 Lima: Yes
2024-10-15 02:39:33.278641 India: Yes
2024-10-15 02:39:33.278880 Yankee: Yes
ChatterBot Yankee reevaluating
ChatterBot Yankee reevaluating
ChatterBot Yankee reevaluating
2024-10-15 02:39:33.361364 Echo: We should drop Yankee
2024-10-15 02:39:33.382199 Quebec: No
2024-10-15 02:39:33.382409 Lima: No
2024-10-15 02:39:33.382565 Tango: No
2024-10-15 02:39:33.382746 India: No
2024-10-15 02:39:33.462252 Delta: We should add India
ChatterBot Yankee reevaluating
2024-10-15 02:39:33.486994 Yankee: No
2024-10-15 02:39:33.487173 Foxtrot: No
2024-10-15 02:39:33.487298 Alpha: No
ChatterBot Delta reevaluating
ChatterBot Yankee reevaluating
ChatterBot Delta reevaluating
ChatterBot Yankee reevaluating
ChatterBot Delta reevaluating
2024-10-15 02:39:33.573785 Foxtrot: Yankee and Delta, sending you 3
2024-10-15 02:39:33.594085 Echo: Quebec, Tango and India, sending you 1
2024-10-15 02:39:33.594516 Tango: Quebec, Lima, Yankee and India, sending you 2
2024-10-15 02:39:33.595472 Foxtrot: Alpha, sending you 1
2024-10-15 02:39:33.595859 Quebec: Lima, sending you 2
2024-10-15 02:39:33.596367 Charlie: Lima, sending you 2
2024-10-15 02:39:33.597377 Alpha: Same as last round
2024-10-15 02:39:33.597835 Echo: Lima, sending you 2
2024-10-15 02:39:33.604300 Quebec: Tango, Yankee and India, sending you 1
2024-10-15 02:39:33.604723 Charlie: India, sending you 6
2024-10-15 02:39:33.605052 Lima: Quebec, sending you 4
2024-10-15 02:39:33.605973 Delta: Yankee, sending you 4
2024-10-15 02:39:33.606338 India: Quebec, sending you 1
2024-10-15 02:39:33.610 Lima: Tango, Yankee and India, sending you 3
2024-10-15 02:39:33.627586 Delta: Foxtrot and Alpha, sending you 3
2024-10-15 02:39:33.627941 India: Lima, Tango and Yankee, sending you 3
chatterbot Lima submitting transactions
chatterbot Tango submitting transactions
chatterbot India submitting transactions
chatterbot Quebec submitting transactions
chatterbot Charlie submitting transactions
chatterbot Echo submitting transactions
chatterbot Delta submitting transactions
chatterbot Yankee submitting transactions
chatterbot Alpha submitting transactions
chatterbot Foxtrot submitting transactions
ChatterBot Quebec round 4
ChatterBot Lima round 4
ChatterBot Charlie round 4
ChatterBot Tango round 4
ChatterBot Yankee round 4
ChatterBot India round 4
2024-10-15 02:39:35.040694 Charlie: We should add Echo
ChatterBot Quebec reevaluating
ChatterBot Tango reevaluating
ChatterBot India reevaluating
2024-10-15 02:39:35.069513 Quebec: No
2024-10-15 02:39:35.069757 Lima: Yes
2024-10-15 02:39:35.070005 Tango: No
2024-10-15 02:39:35.070843 India: Yes
ChatterBot Tango reevaluating
ChatterBot India reevaluating
ChatterBot Quebec reevaluating
ChatterBot Tango reevaluating
ChatterBot India reevaluating
ChatterBot Quebec reevaluating
ChatterBot India reevaluating
ChatterBot Quebec reevaluating
ChatterBot Tango reevaluating
ChatterBot Foxtrot round 4
ChatterBot Echo round 4
ChatterBot Alpha round 4
ChatterBot Delta round 4
2024-10-15 02:39:35.178448 Charlie: Echo we want you to join our group
ChatterBot Echo reevaluating
2024-10-15 02:39:35.182472 Echo: No
ChatterBot Quebec reevaluating
ChatterBot Tango reevaluating
ChatterBot India reevaluating
2024-10-15 02:39:35.200355 Echo: We should add Yankee
ChatterBot Quebec reevaluating
ChatterBot Tango reevaluating
ChatterBot India reevaluating
2024-10-15 02:39:35.215109 Quebec: No
2024-10-15 02:39:35.215240 Lima: No
2024-10-15 02:39:35.215349 Tango: No
2024-10-15 02:39:35.215466 India: Yes
ChatterBot Echo reevaluating
ChatterBot Tango reevaluating
ChatterBot India reevaluating
ChatterBot Echo reevaluating
ChatterBot Quebec reevaluating
ChatterBot Tango reevaluating
ChatterBot India reevaluating
ChatterBot Echo reevaluating
ChatterBot Quebec reevaluating
ChatterBot India reevaluating
ChatterBot Echo reevaluating
ChatterBot Quebec reevaluating
ChatterBot Tango reevaluating
2024-10-15 02:39:35.283013 Tango: We should replace Yankee with Echo
ChatterBot Quebec reevaluating
ChatterBot India reevaluating
2024-10-15 02:39:35.292704 Quebec: Yes
2024-10-15 02:39:35.292803 Lima: Yes
2024-10-15 02:39:35.292889 India: Yes
ChatterBot Tango reevaluating
ChatterBot India reevaluating
ChatterBot Tango reevaluating
ChatterBot Quebec reevaluating
ChatterBot India reevaluating
ChatterBot Tango reevaluating
ChatterBot Quebec reevaluating
2024-10-15 02:39:35.334521 Alpha: We should replace Delta with Foxtrot
2024-10-15 02:39:35.338355 Echo: We should add Charlie
ChatterBot Quebec reevaluating
ChatterBot Tango reevaluating
2024-10-15 02:39:35.356871 Quebec: No
2024-10-15 02:39:35.357016 Lima: Yes
2024-10-15 02:39:35.357119 Tango: No
2024-10-15 02:39:35.357234 India: Yes
ChatterBot Echo reevaluating
ChatterBot Tango reevaluating
ChatterBot Echo reevaluating
ChatterBot Quebec reevaluating
ChatterBot Tango reevaluating
ChatterBot Echo reevaluating
ChatterBot Quebec reevaluating
ChatterBot Echo reevaluating
ChatterBot Quebec reevaluating
ChatterBot Tango reevaluating
2024-10-15 02:39:35.411352 Alpha: Foxtrot we want you to join our group
2024-10-15 02:39:35.414349 Foxtrot: Yes
2024-10-15 02:39:35.426177 Lima: Quebec, Charlie, Tango and Echo, sending you 3
2024-10-15 02:39:35.426683 Echo: Charlie we want you to join our group
2024-10-15 02:39:35.430197 Charlie: Yes
ChatterBot Quebec reevaluating
2024-10-15 02:39:35.456595 Charlie: Lima and Echo, sending you 2
2024-10-15 02:39:35.456971 Lima: India, sending you 4
chatterbot Lima submitting transactions
2024-10-15 02:39:35.459665 Tango: Quebec, Lima, India and Echo, sending you 2
2024-10-15 02:39:35.460068 Delta: Yankee and Foxtrot, sending you 3
2024-10-15 02:39:35.460420 India: Quebec, sending you 1
2024-10-15 02:39:35.460824 Foxtrot: Yankee, sending you 2
2024-10-15 02:39:35.461380 Charlie: India, sending you 5
2024-10-15 02:39:35.467124 Delta: Alpha, sending you 4
2024-10-15 02:39:35.467854 India: Lima, Tango and Echo, sending you 2
2024-10-15 02:39:35.468401 Foxtrot: Alpha, sending you 1
2024-10-15 02:39:35.470674 India: Charlie, sending you 3
2024-10-15 02:39:35.471063 Quebec: Lima, sending you 2
2024-10-15 02:39:35.472663 Foxtrot: Delta, sending you 4
2024-10-15 02:39:35.474725 Echo: Quebec, Lima, Charlie, Tango and India, sending you 1
2024-10-15 02:39:35.478066 Quebec: Tango, India and Echo, sending you 1
2024-10-15 02:39:35.478759 Alpha: Sending you 4
chatterbot Charlie submitting transactions
chatterbot Echo submitting transactions
chatterbot Delta submitting transactions
chatterbot Foxtrot submitting transactions
chatterbot Quebec submitting transactions
chatterbot Tango submitting transactions
chatterbot India submitting transactions
chatterbot Yankee submitting transactions
chatterbot Alpha submitting transactions
ChatterBot Quebec round 5
ChatterBot Lima round 5
ChatterBot Charlie round 5
ChatterBot Tango round 5
ChatterBot Yankee round 5
ChatterBot India round 5
ChatterBot Foxtrot round 5
ChatterBot Echo round 5
ChatterBot Alpha round 5
ChatterBot Delta round 5
2024-10-15 02:39:36.615340 Delta: We should add Charlie
2024-10-15 02:39:36.633168 Yankee: No
2024-10-15 02:39:36.633318 Foxtrot: No
2024-10-15 02:39:36.633430 Alpha: No
ChatterBot Delta reevaluating
ChatterBot Delta reevaluating
ChatterBot Delta reevaluating
2024-10-15 02:39:36.672301 Quebec: We should drop Echo
ChatterBot Tango reevaluating
2024-10-15 02:39:36.682188 Charlie: No
2024-10-15 02:39:36.682382 Lima: No
2024-10-15 02:39:36.682502 Tango: No
2024-10-15 02:39:36.682609 India: No
ChatterBot Tango reevaluating
ChatterBot Quebec reevaluating
ChatterBot Tango reevaluating
ChatterBot Quebec reevaluating
ChatterBot Quebec reevaluating
ChatterBot Tango reevaluating
2024-10-15 02:39:36.724692 India: Quebec, sending you 1
2024-10-15 02:39:36.725142 Charlie: Lima, sending you 3
2024-10-15 02:39:36.725868 Echo: Same as last round
2024-10-15 02:39:36.726243 Lima: Quebec, Charlie, Tango and Echo, sending you 3
2024-10-15 02:39:36.728701 India: Lima, Tango and Echo, sending you 2
2024-10-15 02:39:36.729689 Charlie: India, sending you 4
2024-10-15 02:39:36.730037 Lima: India, sending you 4
2024-10-15 02:39:36.731674 India: Charlie, sending you 3
2024-10-15 02:39:36.732673 Alpha: Same as last round
2024-10-15 02:39:36.734682 Charlie: Echo, sending you 2
2024-10-15 02:39:36.737690 Tango: Quebec, Lima, India and Echo, sending you 2
2024-10-15 02:39:36.741684 Foxtrot: Yankee and Alpha, sending you 2
2024-10-15 02:39:36.744651 Foxtrot: Delta, sending you 3
2024-10-15 02:39:36.751662 Delta: Yankee and Alpha, sending you 3
2024-10-15 02:39:36.754670 Delta: Foxtrot, sending you 4
chatterbot Yankee submitting transactions
chatterbot Delta submitting transactions
chatterbot India submitting transactions
chatterbot Alpha submitting transactions
chatterbot Charlie submitting transactions
chatterbot Echo submitting transactions
chatterbot Tango submitting transactions
chatterbot Foxtrot submitting transactions
chatterbot Lima submitting transactions
chatterbot Quebec submitting transactions
ChatterBot Quebec round 6
ChatterBot Lima round 6
ChatterBot Charlie round 6
ChatterBot Tango round 6
ChatterBot Yankee round 6
ChatterBot India round 6
ChatterBot Foxtrot round 6
ChatterBot Echo round 6
ChatterBot Alpha round 6
2024-10-15 02:39:37.946161 Lima: We should add Foxtrot
ChatterBot Quebec reevaluating
2024-10-15 02:39:37.969837 Charlie: No
2024-10-15 02:39:37.970007 Quebec: No
2024-10-15 02:39:37.970633 Tango: No
2024-10-15 02:39:37.970756 India: No
2024-10-15 02:39:37.970883 Echo: No
ChatterBot Quebec reevaluating
ChatterBot Lima reevaluating
ChatterBot Lima reevaluating
ChatterBot Quebec reevaluating
ChatterBot Lima reevaluating
ChatterBot Charlie reevaluating
ChatterBot Quebec reevaluating
ChatterBot Lima reevaluating
ChatterBot Charlie reevaluating
ChatterBot Quebec reevaluating
ChatterBot Lima reevaluating
ChatterBot Delta round 6
2024-10-15 02:39:38.093621 Echo: We should add Alpha
ChatterBot Charlie reevaluating
ChatterBot Quebec reevaluating
ChatterBot Lima reevaluating
2024-10-15 02:39:38.117010 Charlie: No
2024-10-15 02:39:38.117558 Quebec: No
2024-10-15 02:39:38.117695 Lima: No
2024-10-15 02:39:38.117793 Tango: No
2024-10-15 02:39:38.117970 India: No
ChatterBot Quebec reevaluating
ChatterBot Lima reevaluating
ChatterBot Echo reevaluating
ChatterBot Charlie reevaluating
ChatterBot Lima reevaluating
ChatterBot Tango reevaluating
ChatterBot Echo reevaluating
ChatterBot Charlie reevaluating
ChatterBot Quebec reevaluating
ChatterBot Tango reevaluating
ChatterBot Echo reevaluating
ChatterBot Charlie reevaluating
ChatterBot Quebec reevaluating
ChatterBot Lima reevaluating
ChatterBot Echo reevaluating
ChatterBot Charlie reevaluating
ChatterBot Quebec reevaluating
ChatterBot Lima reevaluating
ChatterBot Tango reevaluating
ChatterBot Echo reevaluating
2024-10-15 02:39:38.240989 Quebec: We should drop Tango
ChatterBot Lima reevaluating
ChatterBot Charlie reevaluating
ChatterBot Echo reevaluating
2024-10-15 02:39:38.251864 Lima: No
2024-10-15 02:39:38.251978 Charlie: No
2024-10-15 02:39:38.252082 India: No
2024-10-15 02:39:38.252182 Echo: No
ChatterBot Quebec reevaluating
ChatterBot Charlie reevaluating
ChatterBot Echo reevaluating
ChatterBot Quebec reevaluating
ChatterBot Lima reevaluating
ChatterBot Echo reevaluating
ChatterBot Quebec reevaluating
ChatterBot Lima reevaluating
ChatterBot Charlie reevaluating
ChatterBot Echo reevaluating
ChatterBot Quebec reevaluating
ChatterBot Lima reevaluating
ChatterBot Charlie reevaluating
2024-10-15 02:39:38.296670 India: Quebec, sending you 1
2024-10-15 02:39:38.297685 Tango: Quebec, Lima, India and Echo, sending you 2
2024-10-15 02:39:38.298113 Yankee: Sending you each 1
2024-10-15 02:39:38.298447 Alpha: Same as last round
2024-10-15 02:39:38.299135 Foxtrot: Yankee, sending you 1
2024-10-15 02:39:38.299801 Quebec: We should drop Charlie
2024-10-15 02:39:38.310119 Echo: No
2024-10-15 02:39:38.310264 Lima: No
2024-10-15 02:39:38.310380 Tango: No
2024-10-15 02:39:38.310495 India: No
ChatterBot Quebec reevaluating
ChatterBot Quebec reevaluating
ChatterBot Quebec reevaluating
ChatterBot Quebec reevaluating
ChatterBot Lima reevaluating
2024-10-15 02:39:38.355250 Lima: We should add Delta
ChatterBot Quebec reevaluating
2024-10-15 02:39:38.366636 Charlie: No
2024-10-15 02:39:38.366771 Quebec: No
2024-10-15 02:39:38.366862 Tango: No
2024-10-15 02:39:38.366949 India: No
2024-10-15 02:39:38.367032 Echo: No
ChatterBot Quebec reevaluating
ChatterBot Lima reevaluating
ChatterBot Charlie reevaluating
ChatterBot Lima reevaluating
ChatterBot Charlie reevaluating
ChatterBot Quebec reevaluating
ChatterBot Lima reevaluating
ChatterBot Charlie reevaluating
ChatterBot Quebec reevaluating
ChatterBot Lima reevaluating
ChatterBot Charlie reevaluating
ChatterBot Quebec reevaluating
ChatterBot Lima reevaluating
2024-10-15 02:39:38.427343 India: Lima, Tango and Echo, sending you 2
2024-10-15 02:39:38.427762 Foxtrot: Alpha and Delta, sending you 3
2024-10-15 02:39:38.431697 Delta: Yankee and Alpha, sending you 3
2024-10-15 02:39:38.432667 India: Charlie, sending you 3
2024-10-15 02:39:38.433160 Echo: Same as last round
2024-10-15 02:39:38.435692 Delta: Foxtrot, sending you 4
2024-10-15 02:39:38.436829 Quebec: We should drop Echo
ChatterBot Charlie reevaluating
ChatterBot Lima reevaluating
2024-10-15 02:39:38.448113 Charlie: No
2024-10-15 02:39:38.448262 Lima: No
2024-10-15 02:39:38.448378 Tango: No
2024-10-15 02:39:38.448493 India: No
ChatterBot Quebec reevaluating
ChatterBot Lima reevaluating
ChatterBot Charlie reevaluating
ChatterBot Quebec reevaluating
ChatterBot Tango reevaluating
ChatterBot Charlie reevaluating
ChatterBot Quebec reevaluating
ChatterBot Lima reevaluating
ChatterBot Charlie reevaluating
ChatterBot Quebec reevaluating
ChatterBot Lima reevaluating
ChatterBot Tango reevaluating
2024-10-15 02:39:38.494008 Quebec: We should drop India
ChatterBot Lima reevaluating
ChatterBot Charlie reevaluating
ChatterBot Tango reevaluating
2024-10-15 02:39:38.509340 Lima: No
2024-10-15 02:39:38.509541 Charlie: No
2024-10-15 02:39:38.509710 Tango: No
2024-10-15 02:39:38.509867 Echo: No
ChatterBot Quebec reevaluating
ChatterBot Charlie reevaluating
ChatterBot Tango reevaluating
ChatterBot Echo reevaluating
ChatterBot Quebec reevaluating
ChatterBot Lima reevaluating
ChatterBot Tango reevaluating
ChatterBot Echo reevaluating
ChatterBot Quebec reevaluating
ChatterBot Lima reevaluating
ChatterBot Charlie reevaluating
ChatterBot Echo reevaluating
ChatterBot Quebec reevaluating
ChatterBot Lima reevaluating
ChatterBot Charlie reevaluating
ChatterBot Tango reevaluating
chatterbot Alpha submitting transactions
2024-10-15 02:39:38.595115 Echo: We should drop Quebec
ChatterBot Lima reevaluating
2024-10-15 02:39:38.607624 Lima: No
2024-10-15 02:39:38.607789 Charlie: Yes
2024-10-15 02:39:38.607910 Tango: Yes
2024-10-15 02:39:38.608025 India: No
ChatterBot Lima reevaluating
ChatterBot India reevaluating
ChatterBot Lima reevaluating
ChatterBot India reevaluating
ChatterBot Lima reevaluating
2024-10-15 02:39:38.722984 Quebec: Lima, sending you 2
2024-10-15 02:39:38.726793 Echo: Sorry, I'm actually sending you 0
2024-10-15 02:39:38.727230 Quebec: Charlie, Tango and India, sending you 1
2024-10-15 02:39:38.729706 Lima: Quebec, Charlie, Tango and Echo, sending you 3
2024-10-15 02:39:38.730671 Echo: Lima, sending you 2
2024-10-15 02:39:38.735570 Lima: India, sending you 4
2024-10-15 02:39:38.738797 Tango: Sorry, I'm actually sending you 0
2024-10-15 02:39:38.739266 Charlie: Lima, sending you 3
2024-10-15 02:39:38.740772 India: Sorry, I'm actually sending you 0
2024-10-15 02:39:38.741705 Tango: Sending you each 2
2024-10-15 02:39:38.743700 Charlie: India, sending you 4
2024-10-15 02:39:38.747970 India: Lima and Charlie, sending you 3
2024-10-15 02:39:38.750691 Charlie: Echo, sending you 2
chatterbot Quebec submitting transactions
chatterbot Delta submitting transactions
chatterbot Yankee submitting transactions
chatterbot Lima submitting transactions
chatterbot India submitting transactions
chatterbot Tango submitting transactions
chatterbot Foxtrot submitting transactions
chatterbot Echo submitting transactions
chatterbot India submitting transactions
chatterbot Charlie submitting transactions
ChatterBot Quebec round 7
ChatterBot Lima round 7
ChatterBot Charlie round 7
ChatterBot Tango round 7
ChatterBot Yankee round 7
ChatterBot India round 7
ChatterBot Foxtrot round 7
ChatterBot Echo round 7
ChatterBot Alpha round 7
ChatterBot Delta round 7
2024-10-15 02:39:39.867520 Delta: We should add Quebec
ChatterBot Alpha reevaluating
2024-10-15 02:39:39.886573 Yankee: No
2024-10-15 02:39:39.886782 Foxtrot: No
2024-10-15 02:39:39.887335 Alpha: No
ChatterBot Alpha reevaluating
ChatterBot Delta reevaluating
ChatterBot Alpha reevaluating
ChatterBot Delta reevaluating
ChatterBot Delta reevaluating
2024-10-15 02:39:39.930652 Yankee: Foxtrot, sending you 3
2024-10-15 02:39:39.931679 Lima: Quebec, Charlie, Tango and Echo, sending you 3
2024-10-15 02:39:39.932288 India: Lima and Charlie, sending you 3
2024-10-15 02:39:39.934687 Lima: India, sending you 4
2024-10-15 02:39:39.935663 Yankee: Alpha, sending you 2
2024-10-15 02:39:39.935982 India: Tango and Echo, sending you 2
2024-10-15 02:39:39.940678 Yankee: Delta, sending you 5
2024-10-15 02:39:39.941672 Foxtrot: Yankee, sending you 1
2024-10-15 02:39:39.943646 Quebec: Lima, sending you 2
2024-10-15 02:39:39.944682 Tango: Same as last round
2024-10-15 02:39:39.945027 Foxtrot: Alpha and Delta, sending you 3
2024-10-15 02:39:39.946679 Charlie: Lima, sending you 3
2024-10-15 02:39:39.947670 Quebec: Charlie, Tango and India, sending you 1
2024-10-15 02:39:39.949653 Echo: Lima, sending you 2
2024-10-15 02:39:39.949973 Charlie: India, sending you 4
2024-10-15 02:39:39.952667 Echo: Charlie, Tango and India, sending you 1
2024-10-15 02:39:39.953001 Charlie: Echo, sending you 2
2024-10-15 02:39:39.953714 Alpha: Same as last round
2024-10-15 02:39:39.958710 Delta: Yankee and Alpha, sending you 3
2024-10-15 02:39:39.963658 Delta: Foxtrot, sending you 4
chatterbot Quebec submitting transactions
chatterbot India submitting transactions
chatterbot Tango submitting transactions
chatterbot Charlie submitting transactions
chatterbot Foxtrot submitting transactions
chatterbot Delta submitting transactions
chatterbot Echo submitting transactions
chatterbot Lima submitting transactions
chatterbot Yankee submitting transactions
chatterbot Alpha submitting transactions
ChatterBot Quebec round 8
ChatterBot Lima round 8
ChatterBot Charlie round 8
ChatterBot Tango round 8
ChatterBot Yankee round 8
ChatterBot India round 8
ChatterBot Foxtrot round 8
ChatterBot Echo round 8
ChatterBot Alpha round 8
ChatterBot Delta round 8
2024-10-15 02:39:41.234667 Charlie: Lima and India, sending you 3
2024-10-15 02:39:41.236691 Lima: Quebec, Charlie, Tango and Echo, sending you 3
2024-10-15 02:39:41.239674 Charlie: Tango, sending you 1
2024-10-15 02:39:41.240475 India: Lima and Charlie, sending you 3
2024-10-15 02:39:41.242718 Lima: India, sending you 4
2024-10-15 02:39:41.244675 Tango: Same as last round
2024-10-15 02:39:41.245055 Charlie: Echo, sending you 2
2024-10-15 02:39:41.245380 India: Tango and Echo, sending you 2
2024-10-15 02:39:41.245798 Alpha: Same as last round
2024-10-15 02:39:41.246886 Foxtrot: Yankee, sending you 1
2024-10-15 02:39:41.247654 Yankee: Foxtrot, sending you 5
2024-10-15 02:39:41.250038 Quebec: Lima, sending you 3
2024-10-15 02:39:41.250391 Foxtrot: Alpha and Delta, sending you 3
2024-10-15 02:39:41.250764 Yankee: Alpha, sending you 3
2024-10-15 02:39:41.252958 Echo: Lima, sending you 2
2024-10-15 02:39:41.253692 Delta: Yankee and Alpha, sending you 3
2024-10-15 02:39:41.254112 Quebec: Tango and India, sending you 1
2024-10-15 02:39:41.256061 Yankee: Delta, sending you 6
2024-10-15 02:39:41.256472 Echo: Charlie, Tango and India, sending you 1
2024-10-15 02:39:41.257019 Delta: Foxtrot, sending you 4
chatterbot Delta submitting transactions
chatterbot Lima submitting transactions
chatterbot India submitting transactions
chatterbot Quebec submitting transactions
chatterbot Charlie submitting transactions
chatterbot Tango submitting transactions
chatterbot Echo submitting transactions
chatterbot Alpha submitting transactions
chatterbot Yankee submitting transactions
chatterbot Foxtrot submitting transactions
ChatterBot Quebec round 9
ChatterBot Lima round 9
ChatterBot Charlie round 9
ChatterBot Tango round 9
ChatterBot Yankee round 9
ChatterBot India round 9
ChatterBot Foxtrot round 9
ChatterBot Echo round 9
ChatterBot Alpha round 9
ChatterBot Delta round 9
2024-10-15 02:39:42.528585 Charlie: We should add Quebec
2024-10-15 02:39:42.553054 Echo: No
2024-10-15 02:39:42.553307 Lima: Yes
2024-10-15 02:39:42.553507 Tango: No
2024-10-15 02:39:42.554327 India: No
ChatterBot Charlie reevaluating
ChatterBot Lima reevaluating
ChatterBot Charlie reevaluating
2024-10-15 02:39:42.697256 Alpha: We should replace Foxtrot with Delta
2024-10-15 02:39:42.705378 Lima: We should drop Quebec
ChatterBot Charlie reevaluating
2024-10-15 02:39:42.729665 Echo: Yes
2024-10-15 02:39:42.729905 Charlie: Yes
2024-10-15 02:39:42.730114 Tango: Yes
2024-10-15 02:39:42.730339 India: Yes
ChatterBot Lima reevaluating
ChatterBot Charlie reevaluating
ChatterBot Lima reevaluating
ChatterBot Lima reevaluating
ChatterBot Charlie reevaluating
ChatterBot Lima reevaluating
ChatterBot Charlie reevaluating
2024-10-15 02:39:42.822991 Alpha: Delta we want you to join our group
2024-10-15 02:39:42.828416 Delta: Yes
2024-10-15 02:39:42.854767 Tango: Same as last round
2024-10-15 02:39:42.858690 Quebec: Lima, sending you 3
2024-10-15 02:39:42.859824 Foxtrot: Yankee and Delta, sending you 2
2024-10-15 02:39:42.860381 Echo: Lima, sending you 2
2024-10-15 02:39:42.861070 India: Lima and Charlie, sending you 3
2024-10-15 02:39:42.861685 Yankee: Foxtrot, sending you 5
2024-10-15 02:39:42.862741 Foxtrot: Alpha, sending you 3
2024-10-15 02:39:42.863695 Echo: Charlie, Tango and India, sending you 1
2024-10-15 02:39:42.865396 Quebec: Tango and India, sending you 1
2024-10-15 02:39:42.866067 India: Tango and Echo, sending you 2
2024-10-15 02:39:42.867074 Yankee: Alpha, sending you 4
2024-10-15 02:39:42.870952 Yankee: Delta, sending you 7
2024-10-15 02:39:42.871748 Charlie: Lima and India, sending you 3
2024-10-15 02:39:42.876691 Alpha: Sending you 3
2024-10-15 02:39:42.877702 Charlie: Tango, sending you 2
2024-10-15 02:39:42.879359 Delta: Yankee, sending you 4
2024-10-15 02:39:42.879955 Lima: Charlie and Tango, sending you 3
2024-10-15 02:39:42.882950 Charlie: Echo, sending you 1
2024-10-15 02:39:42.883574 Delta: Foxtrot and Alpha, sending you 3
2024-10-15 02:39:42.885693 Lima: India and Echo, sending you 4
chatterbot Yankee submitting transactions
chatterbot Echo submitting transactions
chatterbot Quebec submitting transactions
chatterbot Delta submitting transactions
chatterbot India submitting transactions
chatterbot Tango submitting transactions
chatterbot Charlie submitting transactions
chatterbot Foxtrot submitting transactions
chatterbot Alpha submitting transactions
chatterbot Lima submitting transactions
ChatterBot Quebec round 10
ChatterBot Lima round 10
ChatterBot Charlie round 10
ChatterBot Tango round 10
ChatterBot Yankee round 10
ChatterBot India round 10
2024-10-15 02:39:44.019994 Quebec: We should add Echo
ChatterBot Lima reevaluating
2024-10-15 02:39:44.041414 Charlie: Yes
2024-10-15 02:39:44.042209 Lima: Yes
2024-10-15 02:39:44.042528 Tango: Yes
2024-10-15 02:39:44.042991 India: Yes
ChatterBot Lima reevaluating
ChatterBot Lima reevaluating
ChatterBot Lima reevaluating
ChatterBot Foxtrot round 10
ChatterBot Echo round 10
ChatterBot Alpha round 10
ChatterBot Delta round 10
2024-10-15 02:39:44.144148 Quebec: Echo we want you to join our group
2024-10-15 02:39:44.148657 Echo: No
ChatterBot Lima reevaluating
2024-10-15 02:39:44.189997 Lima: Quebec we want you to join our group
2024-10-15 02:39:44.194024 Quebec: Yes
ChatterBot Charlie reevaluating
ChatterBot Tango reevaluating
ChatterBot India reevaluating
ChatterBot Echo reevaluating
2024-10-15 02:39:44.213830 Charlie: We should add Quebec
2024-10-15 02:39:44.214792 Tango: We should add Quebec
2024-10-15 02:39:44.215219 India: We should add Quebec
2024-10-15 02:39:44.215582 Echo: We should add Quebec
ChatterBot Echo reevaluating
ChatterBot Tango reevaluating
ChatterBot India reevaluating
2024-10-15 02:39:44.235081 Echo: Yes
ChatterBot Echo reevaluating
2024-10-15 02:39:44.241116 Lima: Yes
ChatterBot Charlie reevaluating
2024-10-15 02:39:44.250856 Tango: Yes
2024-10-15 02:39:44.252789 India: Yes
ChatterBot India reevaluating
2024-10-15 02:39:44.257599 Echo: Yes
ChatterBot Echo reevaluating
2024-10-15 02:39:44.263222 Lima: Yes
2024-10-15 02:39:44.268170 Charlie: Yes
ChatterBot Charlie reevaluating
ChatterBot Tango reevaluating
2024-10-15 02:39:44.276892 India: Yes
2024-10-15 02:39:44.278028 Echo: Yes
2024-10-15 02:39:44.278703 Lima: Yes
2024-10-15 02:39:44.282217 Charlie: Yes
ChatterBot Charlie reevaluating
2024-10-15 02:39:44.286313 Tango: Yes
ChatterBot Tango reevaluating
ChatterBot India reevaluating
2024-10-15 02:39:44.294881 Lima: Yes
2024-10-15 02:39:44.298677 Charlie: Yes
ChatterBot Charlie reevaluating
2024-10-15 02:39:44.302503 Tango: Yes
ChatterBot Tango reevaluating
2024-10-15 02:39:44.307817 India: Yes
ChatterBot India reevaluating
ChatterBot Echo reevaluating
ChatterBot Charlie reevaluating
ChatterBot Tango reevaluating
ChatterBot India reevaluating
ChatterBot Echo reevaluating
ChatterBot Charlie reevaluating
ChatterBot India reevaluating
ChatterBot Echo reevaluating
ChatterBot Charlie reevaluating
ChatterBot Tango reevaluating
ChatterBot Charlie reevaluating
ChatterBot Tango reevaluating
ChatterBot India reevaluating
ChatterBot Echo reevaluating
ChatterBot Charlie reevaluating
ChatterBot Tango reevaluating
ChatterBot India reevaluating
ChatterBot Echo reevaluating
ChatterBot Tango reevaluating
ChatterBot India reevaluating
ChatterBot Echo reevaluating
ChatterBot Charlie reevaluating
ChatterBot Tango reevaluating
ChatterBot Charlie reevaluating
ChatterBot Tango reevaluating
ChatterBot India reevaluating
ChatterBot Echo reevaluating
ChatterBot Charlie reevaluating
ChatterBot Tango reevaluating
ChatterBot India reevaluating
ChatterBot Echo reevaluating
ChatterBot Tango reevaluating
ChatterBot India reevaluating
ChatterBot Echo reevaluating
ChatterBot Charlie reevaluating
ChatterBot India reevaluating
ChatterBot Echo reevaluating
ChatterBot Charlie reevaluating
ChatterBot Tango reevaluating
ChatterBot India reevaluating
ChatterBot Echo reevaluating
ChatterBot Tango reevaluating
ChatterBot India reevaluating
ChatterBot Echo reevaluating
ChatterBot Charlie reevaluating
ChatterBot India reevaluating
ChatterBot Echo reevaluating
ChatterBot Charlie reevaluating
ChatterBot Tango reevaluating
2024-10-15 02:39:44.633686 Yankee: Foxtrot, sending you 5
2024-10-15 02:39:44.635159 Quebec: Lima, sending you 2
2024-10-15 02:39:44.638062 Charlie: Quebec we want you to join our group
2024-10-15 02:39:44.641206 Quebec: Yes
ChatterBot Echo reevaluating
2024-10-15 02:39:44.654726 Foxtrot: Yankee and Alpha, sending you 2
2024-10-15 02:39:44.655846 India: Quebec we want you to join our group
2024-10-15 02:39:44.658853 Quebec: Yes
ChatterBot Echo reevaluating
2024-10-15 02:39:44.672804 Tango: Quebec we want you to join our group
2024-10-15 02:39:44.676446 Quebec: Yes
ChatterBot Echo reevaluating
2024-10-15 02:39:44.689066 Quebec: Tango, India and Echo, sending you 1
2024-10-15 02:39:44.689648 Yankee: Alpha, sending you 4
2024-10-15 02:39:44.690083 Foxtrot: Delta, sending you 3
2024-10-15 02:39:44.693663 Delta: Yankee, sending you 4
2024-10-15 02:39:44.694543 Lima: Quebec, Charlie, Tango and Echo, sending you 3
2024-10-15 02:39:44.695170 Yankee: Delta, sending you 7
2024-10-15 02:39:44.695544 Alpha: Same as last round
2024-10-15 02:39:44.697669 Echo: Quebec we want you to join our group
2024-10-15 02:39:44.701135 Quebec: Yes
ChatterBot Echo reevaluating
2024-10-15 02:39:44.717188 Delta: Foxtrot and Alpha, sending you 3
2024-10-15 02:39:44.717662 Lima: India, sending you 4
2024-10-15 02:39:44.720671 Charlie: Quebec, Tango and Echo, sending you 1
2024-10-15 02:39:44.721583 India: Quebec, Lima, Charlie, Tango and Echo, sending you 2
2024-10-15 02:39:44.722952 Tango: Quebec, Lima, India and Echo, sending you 2
2024-10-15 02:39:44.725673 Charlie: Lima, sending you 2
2024-10-15 02:39:44.730693 Charlie: India, sending you 4
2024-10-15 02:39:44.745547 Echo: Quebec, Lima, Charlie, Tango and India, sending you 1
chatterbot Yankee submitting transactions
chatterbot Foxtrot submitting transactions
chatterbot Alpha submitting transactions
chatterbot Tango submitting transactions
chatterbot Charlie submitting transactions
chatterbot Echo submitting transactions
chatterbot Delta submitting transactions
chatterbot Quebec submitting transactions
chatterbot India submitting transactions
chatterbot Lima submitting transactions
ChatterBot Quebec round 11
ChatterBot Lima round 11
ChatterBot Charlie round 11
ChatterBot Tango round 11
ChatterBot Yankee round 11
ChatterBot India round 11
ChatterBot Foxtrot round 11
ChatterBot Echo round 11
ChatterBot Alpha round 11
ChatterBot Delta round 11
2024-10-15 02:39:45.551278 Quebec: We should drop Echo
ChatterBot India reevaluating
2024-10-15 02:39:45.562936 Charlie: No
2024-10-15 02:39:45.563089 Lima: No
2024-10-15 02:39:45.563214 Tango: No
2024-10-15 02:39:45.563347 India: No
ChatterBot India reevaluating
ChatterBot India reevaluating
ChatterBot India reevaluating
ChatterBot Charlie reevaluating
2024-10-15 02:39:45.632693 Alpha: We should replace Delta with Foxtrot
2024-10-15 02:39:45.636699 Tango: Quebec, Lima, India and Echo, sending you 2
2024-10-15 02:39:45.642687 Alpha: Foxtrot we want you to join our group
2024-10-15 02:39:45.647427 Foxtrot: Yes
ChatterBot Alpha reevaluating
2024-10-15 02:39:45.788597 Echo: Same as last round
2024-10-15 02:39:45.791666 Lima: Quebec, Charlie, Tango and Echo, sending you 3
2024-10-15 02:39:45.793691 Foxtrot: Yankee and Delta, sending you 3
2024-10-15 02:39:45.794675 Yankee: Foxtrot, sending you 6
2024-10-15 02:39:45.795698 Delta: Yankee, sending you 4
2024-10-15 02:39:45.796339 Quebec: Lima, sending you 2
2024-10-15 02:39:45.800516 India: Same as last round
2024-10-15 02:39:45.801558 Charlie: Lima, sending you 3
2024-10-15 02:39:45.804257 Lima: India, sending you 4
2024-10-15 02:39:45.805408 Foxtrot: Alpha, sending you 1
2024-10-15 02:39:45.808357 Yankee: Alpha, sending you 3
2024-10-15 02:39:45.808920 Delta: Foxtrot and Alpha, sending you 3
2024-10-15 02:39:45.814422 Quebec: Charlie, Tango and India, sending you 1
2024-10-15 02:39:45.815367 Charlie: Tango, sending you 2
2024-10-15 02:39:45.818253 Yankee: Delta, sending you 7
2024-10-15 02:39:45.828180 Charlie: India, sending you 4
2024-10-15 02:39:45.832632 Alpha: Same as last round
chatterbot Charlie submitting transactions
chatterbot Quebec submitting transactions
chatterbot Foxtrot submitting transactions
chatterbot Alpha submitting transactions
chatterbot Delta submitting transactions
chatterbot India submitting transactions
chatterbot Yankee submitting transactions
chatterbot Tango submitting transactions
chatterbot Lima submitting transactions
