ChatterBot Bravo round 1
ChatterBot Tango round 1
ChatterBot Mike round 1
ChatterBot Quebec round 1
ChatterBot Oscar round 1
ChatterBot Uniform round 1
ChatterBot Yankee round 1
ChatterBot Foxtrot round 1
ChatterBot Victor round 1
ChatterBot Zulu round 1
randomSelections Tango: {Tango, Foxtrot, Mike, Quebec, Bravo, Yankee, Zulu} 
2024-10-14 22:38:08.022264 Tango: We would work well together
ChatterBot Foxtrot reevaluating
ChatterBot Mike reevaluating
ChatterBot Quebec reevaluating
ChatterBot Bravo reevaluating
ChatterBot Yankee reevaluating
ChatterBot Zulu reevaluating
2024-10-14 22:38:08.036432 Foxtrot: Yes
2024-10-14 22:38:08.036593 Mike: Yes
2024-10-14 22:38:08.036720 Quebec: Yes
2024-10-14 22:38:08.036832 Bravo: Yes
2024-10-14 22:38:08.037521 Yankee: Yes
2024-10-14 22:38:08.037631 Zulu: Yes
ChatterBot Mike reevaluating
ChatterBot Quebec reevaluating
ChatterBot Bravo reevaluating
ChatterBot Yankee reevaluating
ChatterBot Zulu reevaluating
ChatterBot Foxtrot reevaluating
ChatterBot Quebec reevaluating
ChatterBot Bravo reevaluating
ChatterBot Yankee reevaluating
ChatterBot Zulu reevaluating
ChatterBot Foxtrot reevaluating
ChatterBot Mike reevaluating
ChatterBot Bravo reevaluating
ChatterBot Yankee reevaluating
ChatterBot Zulu reevaluating
ChatterBot Foxtrot reevaluating
ChatterBot Mike reevaluating
ChatterBot Quebec reevaluating
ChatterBot Yankee reevaluating
ChatterBot Zulu reevaluating
ChatterBot Foxtrot reevaluating
ChatterBot Mike reevaluating
ChatterBot Quebec reevaluating
ChatterBot Bravo reevaluating
ChatterBot Zulu reevaluating
ChatterBot Foxtrot reevaluating
ChatterBot Mike reevaluating
ChatterBot Quebec reevaluating
ChatterBot Bravo reevaluating
ChatterBot Yankee reevaluating
randomSelections Oscar: {Oscar, Mike, Tango, Uniform, Quebec, Victor} 
2024-10-14 22:38:08.102701 Oscar: Can we be friends?
ChatterBot Mike reevaluating
ChatterBot Uniform reevaluating
ChatterBot Quebec reevaluating
ChatterBot Victor reevaluating
2024-10-14 22:38:08.114572 Mike: No
2024-10-14 22:38:08.114774 Tango: No
2024-10-14 22:38:08.115672 Uniform: Yes
2024-10-14 22:38:08.115805 Quebec: No
2024-10-14 22:38:08.115948 Victor: Yes
ChatterBot Uniform reevaluating
ChatterBot Quebec reevaluating
ChatterBot Victor reevaluating
ChatterBot Mike reevaluating
ChatterBot Uniform reevaluating
ChatterBot Quebec reevaluating
ChatterBot Victor reevaluating
ChatterBot Mike reevaluating
ChatterBot Quebec reevaluating
ChatterBot Victor reevaluating
ChatterBot Mike reevaluating
ChatterBot Uniform reevaluating
ChatterBot Victor reevaluating
ChatterBot Mike reevaluating
ChatterBot Uniform reevaluating
ChatterBot Quebec reevaluating
2024-10-14 22:38:08.175125 Tango: Bravo and Zulu, sending you 2
2024-10-14 22:38:08.179681 Uniform: Mike, sending you 2
2024-10-14 22:38:08.180479 Tango: Mike, sending you 3
2024-10-14 22:38:08.183662 Victor: Tango and Mike, sending you 2
2024-10-14 22:38:08.184190 Uniform: Quebec, sending you 1
2024-10-14 22:38:08.184489 Tango: Quebec and Yankee, sending you 1
2024-10-14 22:38:08.184757 Oscar: Tango and Victor, sending you 4
2024-10-14 22:38:08.185129 Yankee: Tango and Mike, sending you 2
2024-10-14 22:38:08.186700 Victor: Quebec and Uniform, sending you 3
2024-10-14 22:38:08.187697 Bravo: Tango and Mike, sending you 1
2024-10-14 22:38:08.188055 Yankee: Quebec, sending you 5
2024-10-14 22:38:08.189158 Zulu: Tango and Mike, sending you 2
2024-10-14 22:38:08.189532 Uniform: Oscar, sending you 4
2024-10-14 22:38:08.189822 Oscar: Mike, sending you 5
2024-10-14 22:38:08.190069 Tango: Foxtrot, sending you 6
2024-10-14 22:38:08.190327 Victor: Oscar, sending you 6
2024-10-14 22:38:08.190661 Bravo: Quebec, Yankee, Foxtrot and Zulu, sending you 3
2024-10-14 22:38:08.191270 Yankee: Foxtrot, sending you 3
2024-10-14 22:38:08.192403 Zulu: Quebec, sending you 3
2024-10-14 22:38:08.193039 Oscar: Quebec, sending you 2
2024-10-14 22:38:08.195232 Uniform: Victor, sending you 9
2024-10-14 22:38:08.195688 Yankee: Zulu, sending you 1
2024-10-14 22:38:08.196206 Oscar: Uniform, sending you 1
2024-10-14 22:38:08.197875 Zulu: Yankee, sending you 4
2024-10-14 22:38:08.201164 Zulu: Foxtrot, sending you 5
chatterbot Tango submitting transactions
chatterbot Uniform submitting transactions
chatterbot Foxtrot submitting transactions
chatterbot Yankee submitting transactions
chatterbot Bravo submitting transactions
chatterbot Quebec submitting transactions
chatterbot Oscar submitting transactions
chatterbot Mike submitting transactions
chatterbot Zulu submitting transactions
chatterbot Victor submitting transactions
ChatterBot Bravo round 2
ChatterBot Tango round 2
ChatterBot Mike round 2
ChatterBot Quebec round 2
ChatterBot Oscar round 2
ChatterBot Uniform round 2
2024-10-14 22:38:11.726714 Oscar: We should group up
ChatterBot Uniform reevaluating
ChatterBot Victor reevaluating
2024-10-14 22:38:11.758033 Uniform: Yes
2024-10-14 22:38:11.758487 Victor: No
ChatterBot Victor reevaluating
ChatterBot Uniform reevaluating
2024-10-14 22:38:11.808318 Victor: Let's form a team
2024-10-14 22:38:11.817090 Oscar: Yes
ChatterBot Victor reevaluating
ChatterBot Yankee round 2
ChatterBot Foxtrot round 2
2024-10-14 22:38:11.856340 Mike: Group up?
ChatterBot Uniform reevaluating
ChatterBot Victor reevaluating
2024-10-14 22:38:11.893367 Oscar: No
2024-10-14 22:38:11.894041 Uniform: Yes
2024-10-14 22:38:11.894209 Victor: No
ChatterBot Uniform reevaluating
ChatterBot Victor reevaluating
ChatterBot Oscar reevaluating
ChatterBot Victor reevaluating
ChatterBot Mike reevaluating
ChatterBot Oscar reevaluating
ChatterBot Uniform reevaluating
ChatterBot Victor round 2
ChatterBot Zulu round 2
2024-10-14 22:38:12.003362 Bravo: We would work well together
ChatterBot Yankee reevaluating
ChatterBot Zulu reevaluating
2024-10-14 22:38:12.026228 Tango: Yes
2024-10-14 22:38:12.027084 Yankee: Yes
2024-10-14 22:38:12.027319 Zulu: Yes
ChatterBot Yankee reevaluating
ChatterBot Zulu reevaluating
ChatterBot Zulu reevaluating
ChatterBot Yankee reevaluating
2024-10-14 22:38:12.099435 Tango: We should drop Mike and Quebec
ChatterBot Yankee reevaluating
ChatterBot Foxtrot reevaluating
ChatterBot Zulu reevaluating
2024-10-14 22:38:12.136806 Bravo: Yes
2024-10-14 22:38:12.137076 Yankee: No
2024-10-14 22:38:12.137282 Foxtrot: Yes
2024-10-14 22:38:12.138094 Zulu: Yes
ChatterBot Yankee reevaluating
ChatterBot Foxtrot reevaluating
ChatterBot Zulu reevaluating
ChatterBot Bravo reevaluating
ChatterBot Foxtrot reevaluating
ChatterBot Zulu reevaluating
ChatterBot Bravo reevaluating
ChatterBot Yankee reevaluating
ChatterBot Zulu reevaluating
ChatterBot Bravo reevaluating
ChatterBot Yankee reevaluating
ChatterBot Foxtrot reevaluating
2024-10-14 22:38:12.278465 Quebec: We should drop Mike
ChatterBot Bravo reevaluating
ChatterBot Yankee reevaluating
ChatterBot Foxtrot reevaluating
ChatterBot Zulu reevaluating
2024-10-14 22:38:12.328662 Bravo: Yes
2024-10-14 22:38:12.328918 Tango: Yes
2024-10-14 22:38:12.329073 Yankee: No
2024-10-14 22:38:12.329235 Foxtrot: Yes
2024-10-14 22:38:12.329385 Zulu: Yes
ChatterBot Yankee reevaluating
ChatterBot Foxtrot reevaluating
ChatterBot Zulu reevaluating
ChatterBot Bravo reevaluating
ChatterBot Yankee reevaluating
ChatterBot Foxtrot reevaluating
ChatterBot Zulu reevaluating
ChatterBot Bravo reevaluating
ChatterBot Foxtrot reevaluating
ChatterBot Zulu reevaluating
ChatterBot Bravo reevaluating
ChatterBot Yankee reevaluating
ChatterBot Zulu reevaluating
ChatterBot Bravo reevaluating
ChatterBot Yankee reevaluating
ChatterBot Foxtrot reevaluating
2024-10-14 22:38:12.624406 Mike: We should drop Quebec
ChatterBot Bravo reevaluating
ChatterBot Yankee reevaluating
ChatterBot Foxtrot reevaluating
ChatterBot Zulu reevaluating
2024-10-14 22:38:12.651333 Bravo: Yes
2024-10-14 22:38:12.651972 Tango: Yes
2024-10-14 22:38:12.652134 Yankee: No
2024-10-14 22:38:12.652340 Foxtrot: Yes
2024-10-14 22:38:12.652485 Zulu: Yes
ChatterBot Mike reevaluating
ChatterBot Yankee reevaluating
ChatterBot Foxtrot reevaluating
ChatterBot Zulu reevaluating
ChatterBot Mike reevaluating
ChatterBot Bravo reevaluating
ChatterBot Yankee reevaluating
ChatterBot Foxtrot reevaluating
ChatterBot Zulu reevaluating
ChatterBot Mike reevaluating
ChatterBot Bravo reevaluating
ChatterBot Foxtrot reevaluating
ChatterBot Zulu reevaluating
ChatterBot Mike reevaluating
ChatterBot Bravo reevaluating
ChatterBot Yankee reevaluating
ChatterBot Zulu reevaluating
ChatterBot Mike reevaluating
ChatterBot Bravo reevaluating
ChatterBot Yankee reevaluating
ChatterBot Foxtrot reevaluating
2024-10-14 22:38:12.825314 Uniform: We should drop Tango and Quebec
ChatterBot Mike reevaluating
ChatterBot Oscar reevaluating
2024-10-14 22:38:12.843891 Mike: Yes
2024-10-14 22:38:12.844461 Oscar: Yes
2024-10-14 22:38:12.844657 Victor: Yes
ChatterBot Oscar reevaluating
ChatterBot Uniform reevaluating
ChatterBot Mike reevaluating
ChatterBot Uniform reevaluating
ChatterBot Mike reevaluating
ChatterBot Oscar reevaluating
ChatterBot Uniform reevaluating
2024-10-14 22:38:12.987354 Tango: Bravo, sending you 3
2024-10-14 22:38:13.052247 Tango: Yankee and Zulu, sending you 6
2024-10-14 22:38:13.053030 Bravo: Tango, sending you 3
2024-10-14 22:38:13.053282 Quebec: Bravo, Yankee and Zulu, sending you 4
2024-10-14 22:38:13.079919 Yankee: Bravo and Tango, sending you 4
2024-10-14 22:38:13.080261 Zulu: Bravo, sending you 6
2024-10-14 22:38:13.081016 Quebec: Tango, sending you 2
2024-10-14 22:38:13.081297 Foxtrot: Bravo and Yankee, sending you 4
2024-10-14 22:38:13.081519 Victor: Mike, sending you 2
2024-10-14 22:38:13.081765 Mike: Oscar, sending you 7
2024-10-14 22:38:13.082461 Oscar: Sending you each 6
2024-10-14 22:38:13.082682 Bravo: Yankee and Zulu, sending you 2
2024-10-14 22:38:13.121264 Yankee: Quebec and Foxtrot, sending you 3
2024-10-14 22:38:13.122203 Zulu: Tango, sending you 5
2024-10-14 22:38:13.122453 Foxtrot: Tango and Zulu, sending you 5
2024-10-14 22:38:13.122706 Quebec: Foxtrot, sending you 1
2024-10-14 22:38:13.122968 Victor: Oscar, sending you 5
2024-10-14 22:38:13.123579 Mike: Uniform and Victor, sending you 4
2024-10-14 22:38:13.138844 Yankee: Zulu, sending you 5
2024-10-14 22:38:13.139618 Zulu: Yankee, sending you 3
2024-10-14 22:38:13.140063 Victor: Uniform, sending you 8
2024-10-14 22:38:13.143115 Zulu: Foxtrot, sending you 2
chatterbot Quebec submitting transactions
chatterbot Tango submitting transactions
chatterbot Victor submitting transactions
chatterbot Zulu submitting transactions
chatterbot Foxtrot submitting transactions
chatterbot Oscar submitting transactions
chatterbot Uniform submitting transactions
chatterbot Mike submitting transactions
chatterbot Yankee submitting transactions
chatterbot Bravo submitting transactions
chatterbot Oscar submitting transactions
ChatterBot Bravo round 3
ChatterBot Tango round 3
ChatterBot Mike round 3
ChatterBot Quebec round 3
ChatterBot Oscar round 3
ChatterBot Uniform round 3
ChatterBot Yankee round 3
2024-10-14 22:38:14.809963 Bravo: We should add Quebec and Foxtrot
ChatterBot Tango reevaluating
ChatterBot Yankee reevaluating
ChatterBot Zulu reevaluating
2024-10-14 22:38:14.822462 Tango: Yes
2024-10-14 22:38:14.822598 Yankee: Yes
2024-10-14 22:38:14.822745 Zulu: Yes
ChatterBot Yankee reevaluating
ChatterBot Zulu reevaluating
ChatterBot Tango reevaluating
ChatterBot Zulu reevaluating
ChatterBot Tango reevaluating
ChatterBot Yankee reevaluating
2024-10-14 22:38:14.859333 Tango: We should add Quebec
ChatterBot Yankee reevaluating
ChatterBot Zulu reevaluating
2024-10-14 22:38:14.874764 Bravo: Yes
2024-10-14 22:38:14.874934 Yankee: Yes
2024-10-14 22:38:14.875034 Foxtrot: No
2024-10-14 22:38:14.875168 Zulu: Yes
ChatterBot Tango reevaluating
ChatterBot Yankee reevaluating
ChatterBot Foxtrot reevaluating
ChatterBot Zulu reevaluating
ChatterBot Tango reevaluating
ChatterBot Foxtrot reevaluating
ChatterBot Zulu reevaluating
ChatterBot Tango reevaluating
ChatterBot Yankee reevaluating
ChatterBot Zulu reevaluating
ChatterBot Tango reevaluating
ChatterBot Yankee reevaluating
ChatterBot Foxtrot reevaluating
ChatterBot Foxtrot round 3
ChatterBot Victor round 3
ChatterBot Zulu round 3
2024-10-14 22:38:14.954263 Bravo: Quebec and Foxtrot we want you to join our group
ChatterBot Foxtrot reevaluating
2024-10-14 22:38:14.961244 Quebec: Yes
2024-10-14 22:38:14.961437 Foxtrot: Yes
ChatterBot Tango reevaluating
ChatterBot Yankee reevaluating
ChatterBot Foxtrot reevaluating
ChatterBot Zulu reevaluating
ChatterBot Tango reevaluating
ChatterBot Yankee reevaluating
ChatterBot Zulu reevaluating
2024-10-14 22:38:14.995499 Foxtrot: We should add Quebec
ChatterBot Tango reevaluating
2024-10-14 22:38:15.007837 Tango: Yes
2024-10-14 22:38:15.007995 Bravo: Yes
2024-10-14 22:38:15.008110 Yankee: Yes
2024-10-14 22:38:15.008216 Zulu: Yes
ChatterBot Foxtrot reevaluating
ChatterBot Tango reevaluating
ChatterBot Foxtrot reevaluating
ChatterBot Tango reevaluating
ChatterBot Foxtrot reevaluating
ChatterBot Tango reevaluating
ChatterBot Foxtrot reevaluating
2024-10-14 22:38:15.095831 Tango: Quebec we want you to join our group
2024-10-14 22:38:15.119297 Quebec: Yes
ChatterBot Tango reevaluating
2024-10-14 22:38:15.205954 Oscar: Mike and Uniform, sending you 5
2024-10-14 22:38:15.207038 Foxtrot: Quebec we want you to join our group
2024-10-14 22:38:15.210571 Quebec: Yes
ChatterBot Tango reevaluating
2024-10-14 22:38:15.225234 Zulu: Quebec we want you to join our group
2024-10-14 22:38:15.229137 Quebec: Yes
ChatterBot Tango reevaluating
chatterbot Bravo submitting transactions
2024-10-14 22:38:15.242806 Mike: Oscar, sending you 6
2024-10-14 22:38:15.243481 Quebec: Bravo and Zulu, sending you 3
2024-10-14 22:38:15.244506 Oscar: Victor, sending you 6
2024-10-14 22:38:15.245212 Bravo: Tango, Quebec, Foxtrot and Zulu, sending you 3
2024-10-14 22:38:15.246271 Yankee: Bravo, sending you 3
2024-10-14 22:38:15.247215 Uniform: Mike, sending you 4
2024-10-14 22:38:15.248136 Mike: Uniform and Victor, sending you 5
2024-10-14 22:38:15.248742 Quebec: Tango, sending you 2
2024-10-14 22:38:15.249667 Victor: Mike, sending you 4
2024-10-14 22:38:15.250733 Bravo: Yankee, sending you 2
2024-10-14 22:38:15.251426 Yankee: Tango, Quebec, Foxtrot and Zulu, sending you 4
2024-10-14 22:38:15.252723 Uniform: Oscar, sending you 5
2024-10-14 22:38:15.253688 Quebec: Yankee, sending you 5
2024-10-14 22:38:15.255669 Victor: Oscar, sending you 5
2024-10-14 22:38:15.257676 Foxtrot: Bravo, sending you 3
2024-10-14 22:38:15.259449 Uniform: Victor, sending you 7
2024-10-14 22:38:15.260025 Quebec: Foxtrot, sending you 1
2024-10-14 22:38:15.261462 Victor: Uniform, sending you 7
2024-10-14 22:38:15.263059 Foxtrot: Tango and Yankee, sending you 4
2024-10-14 22:38:15.266692 Tango: Bravo and Quebec, sending you 2
2024-10-14 22:38:15.268688 Foxtrot: Quebec, sending you 2
2024-10-14 22:38:15.270185 Zulu: Bravo, Quebec, Yankee and Foxtrot, sending you 3
2024-10-14 22:38:15.272678 Tango: Yankee, sending you 3
2024-10-14 22:38:15.273924 Foxtrot: Zulu, sending you 5
2024-10-14 22:38:15.274772 Zulu: Tango, sending you 4
2024-10-14 22:38:15.277905 Tango: Foxtrot and Zulu, sending you 4
chatterbot Yankee submitting transactions
chatterbot Zulu submitting transactions
chatterbot Victor submitting transactions
chatterbot Foxtrot submitting transactions
chatterbot Mike submitting transactions
chatterbot Tango submitting transactions
chatterbot Quebec submitting transactions
chatterbot Oscar submitting transactions
chatterbot Uniform submitting transactions
ChatterBot Bravo round 4
ChatterBot Tango round 4
ChatterBot Mike round 4
ChatterBot Quebec round 4
ChatterBot Oscar round 4
ChatterBot Uniform round 4
ChatterBot Yankee round 4
ChatterBot Foxtrot round 4
ChatterBot Victor round 4
ChatterBot Zulu round 4
2024-10-14 22:38:16.372166 Oscar: Mike and Uniform, sending you 5
2024-10-14 22:38:16.375019 Quebec: Bravo and Zulu, sending you 3
2024-10-14 22:38:16.377661 Tango: Bravo and Yankee, sending you 3
2024-10-14 22:38:16.381287 Oscar: Victor, sending you 6
2024-10-14 22:38:16.383033 Quebec: Tango and Foxtrot, sending you 2
2024-10-14 22:38:16.385344 Tango: Quebec, sending you 1
2024-10-14 22:38:16.387491 Foxtrot: Bravo, sending you 3
2024-10-14 22:38:16.389703 Victor: Mike, sending you 4
2024-10-14 22:38:16.391415 Mike: Oscar, sending you 6
2024-10-14 22:38:16.393022 Yankee: Bravo, sending you 3
2024-10-14 22:38:16.394790 Uniform: Mike, sending you 4
2024-10-14 22:38:16.396335 Bravo: Tango, Quebec and Zulu, sending you 3
2024-10-14 22:38:16.398711 Quebec: Yankee, sending you 5
2024-10-14 22:38:16.401075 Tango: Foxtrot and Zulu, sending you 4
2024-10-14 22:38:16.403411 Foxtrot: Tango and Zulu, sending you 4
2024-10-14 22:38:16.405575 Victor: Oscar, sending you 5
2024-10-14 22:38:16.407204 Mike: Uniform and Victor, sending you 5
2024-10-14 22:38:16.408070 Yankee: Tango, Quebec, Foxtrot and Zulu, sending you 4
2024-10-14 22:38:16.411195 Uniform: Oscar, sending you 5
2024-10-14 22:38:16.412041 Bravo: Yankee and Foxtrot, sending you 2
2024-10-14 22:38:16.413547 Foxtrot: Quebec, sending you 2
2024-10-14 22:38:16.414820 Victor: Uniform, sending you 7
2024-10-14 22:38:16.415332 Zulu: Bravo, Quebec, Yankee and Foxtrot, sending you 3
2024-10-14 22:38:16.415932 Uniform: Victor, sending you 7
2024-10-14 22:38:16.418208 Foxtrot: Yankee, sending you 5
2024-10-14 22:38:16.420700 Zulu: Tango, sending you 4
chatterbot Yankee submitting transactions
chatterbot Tango submitting transactions
chatterbot Victor submitting transactions
chatterbot Quebec submitting transactions
chatterbot Uniform submitting transactions
chatterbot Foxtrot submitting transactions
chatterbot Zulu submitting transactions
chatterbot Mike submitting transactions
chatterbot Bravo submitting transactions
chatterbot Oscar submitting transactions
ChatterBot Bravo round 5
ChatterBot Tango round 5
ChatterBot Mike round 5
ChatterBot Quebec round 5
ChatterBot Oscar round 5
ChatterBot Uniform round 5
ChatterBot Yankee round 5
ChatterBot Foxtrot round 5
ChatterBot Victor round 5
ChatterBot Zulu round 5
2024-10-14 22:38:17.356681 Uniform: Mike and Oscar, sending you 5
2024-10-14 22:38:17.358787 Tango: Bravo, Yankee and Foxtrot, sending you 3
2024-10-14 22:38:17.359347 Oscar: Mike and Uniform, sending you 5
2024-10-14 22:38:17.360952 Uniform: Victor, sending you 6
2024-10-14 22:38:17.361363 Bravo: Tango and Zulu, sending you 3
2024-10-14 22:38:17.362686 Tango: Quebec, sending you 2
2024-10-14 22:38:17.363709 Victor: Mike, sending you 4
2024-10-14 22:38:17.364095 Quebec: Bravo and Zulu, sending you 3
2024-10-14 22:38:17.364686 Oscar: Victor, sending you 6
2024-10-14 22:38:17.365503 Bravo: Quebec, Yankee and Foxtrot, sending you 2
2024-10-14 22:38:17.366682 Quebec: Tango and Foxtrot, sending you 2
2024-10-14 22:38:17.367813 Tango: Zulu, sending you 4
2024-10-14 22:38:17.368664 Victor: Oscar, sending you 5
2024-10-14 22:38:17.368989 Yankee: Bravo, sending you 3
2024-10-14 22:38:17.371672 Quebec: Yankee, sending you 5
2024-10-14 22:38:17.372659 Victor: Uniform, sending you 7
2024-10-14 22:38:17.373083 Yankee: Tango, Quebec, Foxtrot and Zulu, sending you 4
2024-10-14 22:38:17.373627 Zulu: Bravo, Quebec, Yankee and Foxtrot, sending you 3
2024-10-14 22:38:17.374110 Mike: Oscar, sending you 6
2024-10-14 22:38:17.378666 Zulu: Tango, sending you 4
2024-10-14 22:38:17.379237 Mike: Uniform and Victor, sending you 5
2024-10-14 22:38:17.380142 Foxtrot: Bravo, Tango, Yankee and Zulu, sending you 2
2024-10-14 22:38:17.384822 Foxtrot: Quebec, sending you 1
chatterbot Quebec submitting transactions
chatterbot Tango submitting transactions
chatterbot Foxtrot submitting transactions
chatterbot Zulu submitting transactions
chatterbot Uniform submitting transactions
chatterbot Bravo submitting transactions
chatterbot Oscar submitting transactions
chatterbot Victor submitting transactions
chatterbot Yankee submitting transactions
chatterbot Mike submitting transactions
ChatterBot Bravo round 6
ChatterBot Tango round 6
ChatterBot Mike round 6
ChatterBot Quebec round 6
ChatterBot Oscar round 6
ChatterBot Uniform round 6
ChatterBot Yankee round 6
ChatterBot Foxtrot round 6
ChatterBot Victor round 6
ChatterBot Zulu round 6
2024-10-14 22:38:18.453437 Mike: We should add Bravo
ChatterBot Uniform reevaluating
2024-10-14 22:38:18.465335 Oscar: No
2024-10-14 22:38:18.465493 Uniform: Yes
2024-10-14 22:38:18.465607 Victor: No
ChatterBot Mike reevaluating
ChatterBot Uniform reevaluating
ChatterBot Mike reevaluating
ChatterBot Mike reevaluating
ChatterBot Uniform reevaluating
2024-10-14 22:38:18.509074 Mike: We should add Yankee
ChatterBot Uniform reevaluating
2024-10-14 22:38:18.516247 Oscar: No
2024-10-14 22:38:18.516408 Uniform: No
2024-10-14 22:38:18.516537 Victor: No
ChatterBot Mike reevaluating
ChatterBot Uniform reevaluating
ChatterBot Mike reevaluating
ChatterBot Mike reevaluating
ChatterBot Uniform reevaluating
2024-10-14 22:38:18.549666 Oscar: Sending you each 4
2024-10-14 22:38:18.550673 Quebec: Bravo, sending you 3
2024-10-14 22:38:18.551336 Tango: Bravo and Foxtrot, sending you 3
2024-10-14 22:38:18.552610 Bravo: Tango and Zulu, sending you 3
2024-10-14 22:38:18.553739 Quebec: Tango and Foxtrot, sending you 2
2024-10-14 22:38:18.556680 Tango: Quebec, sending you 1
2024-10-14 22:38:18.558299 Quebec: Yankee, sending you 5
2024-10-14 22:38:18.559280 Bravo: Quebec, Yankee and Foxtrot, sending you 2
2024-10-14 22:38:18.559939 Zulu: Bravo, Quebec, Yankee and Foxtrot, sending you 3
2024-10-14 22:38:18.561660 Tango: Yankee and Zulu, sending you 4
2024-10-14 22:38:18.562173 Foxtrot: Bravo, Tango, Yankee and Zulu, sending you 2
2024-10-14 22:38:18.563501 Quebec: Zulu, sending you 4
2024-10-14 22:38:18.564683 Victor: I was attacked by Foxtrot
ChatterBot Mike reevaluating
ChatterBot Oscar reevaluating
ChatterBot Uniform reevaluating
2024-10-14 22:38:18.576919 Victor: I'm keeping this round to protect myself
2024-10-14 22:38:18.577684 Victor: Ow
2024-10-14 22:38:18.578050 Mike: We should add Zulu
ChatterBot Oscar reevaluating
ChatterBot Uniform reevaluating
2024-10-14 22:38:18.588772 Oscar: No
2024-10-14 22:38:18.589309 Uniform: Yes
2024-10-14 22:38:18.589445 Victor: No
ChatterBot Mike reevaluating
ChatterBot Uniform reevaluating
ChatterBot Mike reevaluating
ChatterBot Oscar reevaluating
ChatterBot Mike reevaluating
ChatterBot Oscar reevaluating
ChatterBot Uniform reevaluating
2024-10-14 22:38:18.619282 Zulu: Tango, sending you 4
2024-10-14 22:38:18.620202 Foxtrot: Quebec, sending you 1
2024-10-14 22:38:18.621207 Yankee: Bravo, sending you 3
2024-10-14 22:38:18.623685 Yankee: Tango, Quebec, Foxtrot and Zulu, sending you 4
2024-10-14 22:38:18.632205 Mike: Bravo we want you to join our group
2024-10-14 22:38:18.638196 Bravo: No
ChatterBot Mike reevaluating
ChatterBot Oscar reevaluating
2024-10-14 22:38:18.663690 Uniform: Mike and Oscar, sending you 5
2024-10-14 22:38:18.669680 Uniform: Victor, sending you 6
2024-10-14 22:38:18.683663 Oscar: Mike and Uniform, sending you 5
2024-10-14 22:38:18.686654 Oscar: Victor, sending you 6
2024-10-14 22:38:18.692709 Mike: Bravo, sending you 1
2024-10-14 22:38:18.698161 Mike: Oscar, Uniform and Victor, sending you 5
chatterbot Bravo submitting transactions
chatterbot Foxtrot submitting transactions
chatterbot Mike submitting transactions
chatterbot Quebec submitting transactions
chatterbot Uniform submitting transactions
chatterbot Tango submitting transactions
chatterbot Yankee submitting transactions
chatterbot Victor submitting transactions
chatterbot Oscar submitting transactions
chatterbot Zulu submitting transactions
ChatterBot Bravo round 7
ChatterBot Tango round 7
ChatterBot Mike round 7
ChatterBot Quebec round 7
ChatterBot Oscar round 7
ChatterBot Uniform round 7
ChatterBot Yankee round 7
ChatterBot Foxtrot round 7
ChatterBot Victor round 7
ChatterBot Zulu round 7
2024-10-14 22:38:19.663689 Oscar: I was attacked by Foxtrot
ChatterBot Mike reevaluating
ChatterBot Uniform reevaluating
ChatterBot Victor reevaluating
2024-10-14 22:38:19.673411 Oscar: Ow
2024-10-14 22:38:19.677671 Tango: Bravo and Foxtrot, sending you 3
2024-10-14 22:38:19.678662 Bravo: Tango and Zulu, sending you 3
2024-10-14 22:38:19.679248 Yankee: Bravo, sending you 3
2024-10-14 22:38:19.679776 Quebec: Bravo, sending you 3
2024-10-14 22:38:19.681661 Tango: Quebec, sending you 1
2024-10-14 22:38:19.682173 Bravo: Quebec, Yankee and Foxtrot, sending you 2
2024-10-14 22:38:19.682699 Yankee: Tango, Quebec, Foxtrot and Zulu, sending you 4
2024-10-14 22:38:19.684679 Zulu: Bravo, Quebec, Yankee and Foxtrot, sending you 3
2024-10-14 22:38:19.685473 Foxtrot: Bravo and Quebec, sending you 3
2024-10-14 22:38:19.686143 Quebec: Tango and Foxtrot, sending you 2
2024-10-14 22:38:19.686818 Tango: Yankee and Zulu, sending you 4
2024-10-14 22:38:19.688663 Zulu: Tango, sending you 4
2024-10-14 22:38:19.689224 Foxtrot: Tango, Yankee and Zulu, sending you 4
2024-10-14 22:38:19.689848 Quebec: Yankee, sending you 5
2024-10-14 22:38:19.694672 Victor: Mike, sending you 4
2024-10-14 22:38:19.695216 Quebec: Zulu, sending you 4
2024-10-14 22:38:19.697678 Victor: Oscar, sending you 5
2024-10-14 22:38:19.699659 Mike: Bravo, sending you 1
2024-10-14 22:38:19.701665 Victor: Uniform, sending you 6
2024-10-14 22:38:19.703668 Uniform: Mike and Oscar, sending you 5
2024-10-14 22:38:19.704541 Mike: Oscar, sending you 6
2024-10-14 22:38:19.708662 Uniform: Victor, sending you 6
2024-10-14 22:38:19.709667 Mike: Uniform, sending you 5
2024-10-14 22:38:19.712664 Mike: Victor, sending you 4
chatterbot Foxtrot submitting transactions
chatterbot Quebec submitting transactions
chatterbot Zulu submitting transactions
chatterbot Bravo submitting transactions
chatterbot Oscar submitting transactions
chatterbot Tango submitting transactions
chatterbot Victor submitting transactions
chatterbot Uniform submitting transactions
chatterbot Yankee submitting transactions
chatterbot Mike submitting transactions
ChatterBot Bravo round 8
ChatterBot Tango round 8
ChatterBot Mike round 8
ChatterBot Quebec round 8
ChatterBot Oscar round 8
ChatterBot Uniform round 8
ChatterBot Yankee round 8
ChatterBot Foxtrot round 8
ChatterBot Victor round 8
ChatterBot Zulu round 8
2024-10-14 22:38:20.880664 Quebec: Bravo and Foxtrot, sending you 3
2024-10-14 22:38:20.883690 Quebec: Tango, sending you 2
2024-10-14 22:38:20.888128 Foxtrot: I was attacked by Oscar
ChatterBot Quebec reevaluating
ChatterBot Bravo reevaluating
ChatterBot Tango reevaluating
ChatterBot Yankee reevaluating
ChatterBot Zulu reevaluating
2024-10-14 22:38:20.902435 Foxtrot: I'm keeping this round to protect myself
2024-10-14 22:38:20.904341 Foxtrot: Ow
2024-10-14 22:38:20.904719 Victor: Mike, sending you 5
2024-10-14 22:38:20.905143 Uniform: Mike, sending you 5
2024-10-14 22:38:20.908070 Victor: Oscar, sending you 4
2024-10-14 22:38:20.908658 Mike: Bravo, sending you 1
2024-10-14 22:38:20.909680 Uniform: Oscar, sending you 4
2024-10-14 22:38:20.910686 Victor: Uniform, sending you 7
2024-10-14 22:38:20.911708 Mike: Oscar, sending you 4
2024-10-14 22:38:20.913676 Uniform: Victor, sending you 6
2024-10-14 22:38:20.914658 Mike: Uniform, sending you 6
2024-10-14 22:38:20.917703 Mike: Victor, sending you 5
2024-10-14 22:38:20.924699 Zulu: Bravo, Quebec, Yankee and Foxtrot, sending you 3
2024-10-14 22:38:20.927683 Zulu: Tango, sending you 4
2024-10-14 22:38:20.928687 Tango: Bravo, Yankee and Foxtrot, sending you 3
2024-10-14 22:38:20.931664 Yankee: Bravo, sending you 3
2024-10-14 22:38:20.932217 Tango: Quebec, sending you 2
2024-10-14 22:38:20.934672 Yankee: Tango, Quebec, Foxtrot and Zulu, sending you 4
2024-10-14 22:38:20.935949 Tango: Zulu, sending you 4
chatterbot Foxtrot submitting transactions
chatterbot Zulu submitting transactions
chatterbot Bravo submitting transactions
chatterbot Quebec submitting transactions
chatterbot Yankee submitting transactions
chatterbot Tango submitting transactions
chatterbot Oscar submitting transactions
chatterbot Victor submitting transactions
chatterbot Uniform submitting transactions
chatterbot Mike submitting transactions
ChatterBot Bravo round 9
ChatterBot Tango round 9
ChatterBot Mike round 9
ChatterBot Quebec round 9
ChatterBot Oscar round 9
ChatterBot Uniform round 9
ChatterBot Yankee round 9
ChatterBot Foxtrot round 9
ChatterBot Victor round 9
ChatterBot Zulu round 9
2024-10-14 22:38:22.005686 Mike: Bravo, sending you 1
2024-10-14 22:38:22.008685 Uniform: Mike, sending you 5
2024-10-14 22:38:22.010090 Mike: Oscar, sending you 4
2024-10-14 22:38:22.012682 Uniform: Oscar, sending you 3
2024-10-14 22:38:22.014095 Tango: Bravo, sending you 3
2024-10-14 22:38:22.015155 Yankee: Bravo, sending you 3
2024-10-14 22:38:22.016492 Mike: Uniform, sending you 6
2024-10-14 22:38:22.017951 Quebec: Bravo, sending you 3
2024-10-14 22:38:22.019150 Uniform: Victor, sending you 6
2024-10-14 22:38:22.019795 Tango: Quebec and Foxtrot, sending you 2
2024-10-14 22:38:22.021413 Yankee: Tango, Quebec, Foxtrot and Zulu, sending you 4
2024-10-14 22:38:22.022655 Mike: Victor, sending you 5
2024-10-14 22:38:22.023059 Foxtrot: I was attacked by Oscar and Uniform
ChatterBot Quebec reevaluating
ChatterBot Bravo reevaluating
ChatterBot Tango reevaluating
ChatterBot Yankee reevaluating
ChatterBot Zulu reevaluating
2024-10-14 22:38:22.040283 Foxtrot: I'm keeping this round to protect myself
2024-10-14 22:38:22.042168 Foxtrot: Ow
2024-10-14 22:38:22.042689 Victor: Mike, sending you 5
2024-10-14 22:38:22.046875 Victor: Oscar, sending you 4
2024-10-14 22:38:22.049660 Victor: Uniform, sending you 7
chatterbot Mike submitting transactions
chatterbot Victor submitting transactions
chatterbot Foxtrot submitting transactions
chatterbot Bravo submitting transactions
chatterbot Yankee submitting transactions
chatterbot Zulu submitting transactions
chatterbot Tango submitting transactions
chatterbot Quebec submitting transactions
chatterbot Uniform submitting transactions
chatterbot Oscar submitting transactions
ChatterBot Bravo round 10
ChatterBot Tango round 10
ChatterBot Mike round 10
ChatterBot Quebec round 10
ChatterBot Oscar round 10
ChatterBot Uniform round 10
ChatterBot Yankee round 10
ChatterBot Foxtrot round 10
ChatterBot Victor round 10
ChatterBot Zulu round 10
2024-10-14 22:38:23.202693 Tango: Bravo, sending you 3
2024-10-14 22:38:23.209746 Tango: Quebec and Foxtrot, sending you 2
2024-10-14 22:38:23.211684 Yankee: Bravo, Tango, Quebec and Zulu, sending you 4
2024-10-14 22:38:23.213046 Uniform: Mike, sending you 6
2024-10-14 22:38:23.214880 Tango: Yankee and Zulu, sending you 4
2024-10-14 22:38:23.215931 Uniform: Oscar, sending you 3
2024-10-14 22:38:23.216936 Yankee: Foxtrot, sending you 3
2024-10-14 22:38:23.217523 Mike: Bravo, sending you 1
2024-10-14 22:38:23.218728 Victor: Mike, sending you 5
2024-10-14 22:38:23.219699 Foxtrot: I was attacked by Uniform
ChatterBot Quebec reevaluating
ChatterBot Bravo reevaluating
ChatterBot Tango reevaluating
ChatterBot Yankee reevaluating
ChatterBot Zulu reevaluating
2024-10-14 22:38:23.237814 Foxtrot: I'm keeping this round to protect myself
2024-10-14 22:38:23.239884 Foxtrot: Ow
2024-10-14 22:38:23.240561 Uniform: Victor, sending you 7
2024-10-14 22:38:23.241171 Victor: Oscar, sending you 4
2024-10-14 22:38:23.242055 Mike: Oscar, sending you 3
2024-10-14 22:38:23.244679 Victor: Uniform, sending you 7
2024-10-14 22:38:23.245688 Mike: Uniform, sending you 7
2024-10-14 22:38:23.248809 Bravo: We should drop Foxtrot
ChatterBot Tango reevaluating
ChatterBot Quebec reevaluating
ChatterBot Yankee reevaluating
ChatterBot Zulu reevaluating
2024-10-14 22:38:23.267732 Tango: No
2024-10-14 22:38:23.267925 Quebec: No
2024-10-14 22:38:23.268086 Yankee: No
2024-10-14 22:38:23.268234 Zulu: No
ChatterBot Bravo reevaluating
ChatterBot Quebec reevaluating
ChatterBot Yankee reevaluating
ChatterBot Zulu reevaluating
ChatterBot Bravo reevaluating
ChatterBot Tango reevaluating
ChatterBot Yankee reevaluating
ChatterBot Zulu reevaluating
ChatterBot Bravo reevaluating
ChatterBot Tango reevaluating
ChatterBot Quebec reevaluating
ChatterBot Zulu reevaluating
ChatterBot Bravo reevaluating
ChatterBot Tango reevaluating
ChatterBot Quebec reevaluating
ChatterBot Yankee reevaluating
2024-10-14 22:38:23.345477 Mike: Victor, sending you 5
chatterbot Uniform submitting transactions
chatterbot Victor submitting transactions
chatterbot Quebec submitting transactions
chatterbot Mike submitting transactions
chatterbot Bravo submitting transactions
chatterbot Tango submitting transactions
chatterbot Zulu submitting transactions
chatterbot Foxtrot submitting transactions
chatterbot Oscar submitting transactions
chatterbot Yankee submitting transactions
ChatterBot Bravo round 11
ChatterBot Tango round 11
ChatterBot Mike round 11
ChatterBot Quebec round 11
ChatterBot Oscar round 11
ChatterBot Uniform round 11
ChatterBot Yankee round 11
ChatterBot Foxtrot round 11
ChatterBot Victor round 11
ChatterBot Zulu round 11
2024-10-14 22:38:24.521520 Mike: We should replace Bravo with Zulu
2024-10-14 22:38:24.531237 Oscar: No
2024-10-14 22:38:24.531586 Uniform: No
2024-10-14 22:38:24.531901 Victor: No
ChatterBot Mike reevaluating
ChatterBot Mike reevaluating
ChatterBot Mike reevaluating
2024-10-14 22:38:24.578349 Uniform: We should add Foxtrot
ChatterBot Mike reevaluating
2024-10-14 22:38:24.590771 Mike: No
2024-10-14 22:38:24.591826 Oscar: No
2024-10-14 22:38:24.592114 Victor: No
ChatterBot Uniform reevaluating
ChatterBot Mike reevaluating
ChatterBot Uniform reevaluating
ChatterBot Mike reevaluating
ChatterBot Uniform reevaluating
2024-10-14 22:38:24.630692 Bravo: We should drop Foxtrot
2024-10-14 22:38:24.642473 Tango: No
2024-10-14 22:38:24.642749 Quebec: No
2024-10-14 22:38:24.648795 Yankee: No
2024-10-14 22:38:24.651397 Zulu: No
ChatterBot Bravo reevaluating
ChatterBot Bravo reevaluating
ChatterBot Bravo reevaluating
ChatterBot Bravo reevaluating
2024-10-14 22:38:24.714692 Tango: Bravo, sending you 3
2024-10-14 22:38:24.720722 Tango: Quebec, sending you 2
2024-10-14 22:38:24.722699 Victor: Mike, sending you 5
2024-10-14 22:38:24.724445 Oscar: Mike and Victor, sending you 2
2024-10-14 22:38:24.725504 Tango: Yankee, sending you 4
2024-10-14 22:38:24.727693 Victor: Oscar, sending you 4
2024-10-14 22:38:24.728379 Oscar: Uniform, sending you 1
2024-10-14 22:38:24.729658 Mike: Bravo, sending you 1
2024-10-14 22:38:24.730657 Tango: Foxtrot, sending you 1
2024-10-14 22:38:24.732449 Victor: Uniform, sending you 7
2024-10-14 22:38:24.733424 Mike: Oscar, sending you 3
2024-10-14 22:38:24.734421 Yankee: Bravo, Tango, Quebec and Zulu, sending you 4
2024-10-14 22:38:24.735283 Tango: Zulu, sending you 5
2024-10-14 22:38:24.736685 Uniform: Mike, sending you 6
2024-10-14 22:38:24.737698 Mike: Uniform and Victor, sending you 6
2024-10-14 22:38:24.739722 Yankee: Foxtrot, sending you 3
2024-10-14 22:38:24.741679 Uniform: Oscar, sending you 3
2024-10-14 22:38:24.745674 Uniform: Victor, sending you 7
chatterbot Oscar submitting transactions
chatterbot Mike submitting transactions
chatterbot Bravo submitting transactions
chatterbot Uniform submitting transactions
chatterbot Victor submitting transactions
chatterbot Tango submitting transactions
chatterbot Quebec submitting transactions
chatterbot Zulu submitting transactions
chatterbot Yankee submitting transactions
chatterbot Foxtrot submitting transactions
ChatterBot Bravo round 12
ChatterBot Tango round 12
ChatterBot Mike round 12
ChatterBot Quebec round 12
ChatterBot Oscar round 12
ChatterBot Uniform round 12
ChatterBot Yankee round 12
ChatterBot Foxtrot round 12
ChatterBot Victor round 12
ChatterBot Zulu round 12
2024-10-14 22:38:25.911813 Bravo: We should drop Foxtrot
2024-10-14 22:38:25.922793 Tango: No
2024-10-14 22:38:25.922965 Quebec: No
2024-10-14 22:38:25.923090 Yankee: No
2024-10-14 22:38:25.923209 Zulu: No
ChatterBot Bravo reevaluating
ChatterBot Bravo reevaluating
ChatterBot Bravo reevaluating
ChatterBot Bravo reevaluating
2024-10-14 22:38:25.968672 Tango: Bravo, sending you 3
2024-10-14 22:38:25.969496 Uniform: Mike, sending you 6
2024-10-14 22:38:25.972650 Tango: Quebec, sending you 2
2024-10-14 22:38:25.973709 Uniform: Oscar, sending you 3
2024-10-14 22:38:25.975683 Yankee: Bravo, Tango, Quebec and Zulu, sending you 4
2024-10-14 22:38:25.976647 Tango: Yankee, sending you 4
2024-10-14 22:38:25.977701 Uniform: Victor, sending you 7
2024-10-14 22:38:25.980833 Yankee: Foxtrot, sending you 3
2024-10-14 22:38:25.981756 Tango: Foxtrot, sending you 1
2024-10-14 22:38:25.983855 Oscar: Mike, sending you 3
2024-10-14 22:38:25.984373 Victor: Mike, sending you 5
2024-10-14 22:38:25.985666 Mike: Bravo, sending you 1
2024-10-14 22:38:25.986776 Tango: Zulu, sending you 5
2024-10-14 22:38:25.987666 Victor: Oscar, sending you 4
2024-10-14 22:38:25.988700 Oscar: Uniform and Victor, sending you 4
2024-10-14 22:38:25.990694 Mike: Oscar, sending you 3
2024-10-14 22:38:25.991687 Victor: Uniform, sending you 7
2024-10-14 22:38:25.993692 Mike: Uniform, sending you 7
2024-10-14 22:38:25.996677 Mike: Victor, sending you 5
chatterbot Yankee submitting transactions
chatterbot Zulu submitting transactions
chatterbot Bravo submitting transactions
chatterbot Mike submitting transactions
chatterbot Quebec submitting transactions
chatterbot Uniform submitting transactions
chatterbot Foxtrot submitting transactions
chatterbot Oscar submitting transactions
chatterbot Tango submitting transactions
chatterbot Victor submitting transactions
ChatterBot Bravo round 13
ChatterBot Tango round 13
ChatterBot Mike round 13
ChatterBot Quebec round 13
ChatterBot Oscar round 13
ChatterBot Uniform round 13
ChatterBot Yankee round 13
ChatterBot Foxtrot round 13
ChatterBot Victor round 13
ChatterBot Zulu round 13
2024-10-14 22:38:27.196386 Mike: We should replace Bravo with Tango
2024-10-14 22:38:27.203343 Oscar: No
2024-10-14 22:38:27.203873 Uniform: No
2024-10-14 22:38:27.204037 Victor: No
ChatterBot Mike reevaluating
ChatterBot Mike reevaluating
2024-10-14 22:38:27.232013 Bravo: We should drop Foxtrot
2024-10-14 22:38:27.241293 Tango: No
2024-10-14 22:38:27.242192 Quebec: No
2024-10-14 22:38:27.242384 Yankee: No
2024-10-14 22:38:27.242502 Zulu: No
ChatterBot Bravo reevaluating
ChatterBot Bravo reevaluating
ChatterBot Bravo reevaluating
ChatterBot Bravo reevaluating
2024-10-14 22:38:27.289694 Yankee: Bravo, Tango, Quebec and Zulu, sending you 4
2024-10-14 22:38:27.293940 Uniform: Mike, sending you 6
2024-10-14 22:38:27.294884 Victor: Mike, sending you 5
2024-10-14 22:38:27.295670 Yankee: Foxtrot, sending you 3
2024-10-14 22:38:27.297998 Uniform: Oscar, sending you 3
2024-10-14 22:38:27.299667 Victor: Oscar, sending you 4
2024-10-14 22:38:27.300659 Oscar: Mike, sending you 4
2024-10-14 22:38:27.301674 Tango: Bravo, sending you 3
2024-10-14 22:38:27.302606 Uniform: Victor, sending you 7
2024-10-14 22:38:27.303101 Victor: Uniform, sending you 7
2024-10-14 22:38:27.303694 Oscar: Uniform and Victor, sending you 5
2024-10-14 22:38:27.304892 Mike: Bravo, sending you 1
2024-10-14 22:38:27.305317 Tango: Quebec, sending you 2
2024-10-14 22:38:27.308675 Mike: Oscar, sending you 4
2024-10-14 22:38:27.309184 Tango: Yankee, sending you 4
2024-10-14 22:38:27.313095 Tango: Foxtrot, sending you 1
2024-10-14 22:38:27.313775 Mike: Uniform, sending you 6
2024-10-14 22:38:27.317665 Mike: Victor, sending you 5
2024-10-14 22:38:27.318977 Tango: Zulu, sending you 5
chatterbot Uniform submitting transactions
chatterbot Bravo submitting transactions
chatterbot Victor submitting transactions
chatterbot Yankee submitting transactions
chatterbot Quebec submitting transactions
chatterbot Tango submitting transactions
chatterbot Mike submitting transactions
chatterbot Oscar submitting transactions
chatterbot Zulu submitting transactions
chatterbot Foxtrot submitting transactions
ChatterBot Bravo round 14
ChatterBot Tango round 14
ChatterBot Mike round 14
ChatterBot Quebec round 14
ChatterBot Oscar round 14
ChatterBot Uniform round 14
ChatterBot Yankee round 14
ChatterBot Foxtrot round 14
ChatterBot Victor round 14
