ChatterBot Tango round 1
ChatterBot Golf round 1
ChatterBot Sierra round 1
ChatterBot Papa round 1
ChatterBot Whiskey round 1
ChatterBot Juliett round 1
ChatterBot India round 1
ChatterBot Uniform round 1
ChatterBot Hotel round 1
ChatterBot Kilo round 1
randomSelections Juliett: {Juliett, Golf, Hotel, Tango, Uniform, Papa, Whiskey, Sierra} 
2024-10-14 22:38:07.524902 Juliett: Group up?
ChatterBot Golf reevaluating
ChatterBot Hotel reevaluating
ChatterBot Tango reevaluating
ChatterBot Uniform reevaluating
ChatterBot Papa reevaluating
ChatterBot Whiskey reevaluating
ChatterBot Sierra reevaluating
2024-10-14 22:38:07.545995 Golf: Yes
2024-10-14 22:38:07.546805 Hotel: Yes
2024-10-14 22:38:07.546944 Tango: Yes
2024-10-14 22:38:07.547059 Uniform: Yes
2024-10-14 22:38:07.547170 Papa: Yes
2024-10-14 22:38:07.547282 Whiskey: Yes
2024-10-14 22:38:07.547383 Sierra: Yes
ChatterBot Hotel reevaluating
ChatterBot Tango reevaluating
ChatterBot Uniform reevaluating
ChatterBot Papa reevaluating
ChatterBot Whiskey reevaluating
ChatterBot Sierra reevaluating
ChatterBot Golf reevaluating
ChatterBot Tango reevaluating
ChatterBot Uniform reevaluating
ChatterBot Papa reevaluating
ChatterBot Whiskey reevaluating
ChatterBot Sierra reevaluating
ChatterBot Golf reevaluating
ChatterBot Hotel reevaluating
ChatterBot Uniform reevaluating
ChatterBot Papa reevaluating
ChatterBot Whiskey reevaluating
ChatterBot Sierra reevaluating
ChatterBot Golf reevaluating
ChatterBot Hotel reevaluating
ChatterBot Tango reevaluating
ChatterBot Papa reevaluating
ChatterBot Whiskey reevaluating
ChatterBot Sierra reevaluating
ChatterBot Golf reevaluating
ChatterBot Hotel reevaluating
ChatterBot Tango reevaluating
ChatterBot Uniform reevaluating
ChatterBot Whiskey reevaluating
ChatterBot Sierra reevaluating
ChatterBot Golf reevaluating
ChatterBot Hotel reevaluating
ChatterBot Tango reevaluating
ChatterBot Uniform reevaluating
ChatterBot Papa reevaluating
ChatterBot Sierra reevaluating
ChatterBot Golf reevaluating
ChatterBot Hotel reevaluating
ChatterBot Tango reevaluating
ChatterBot Uniform reevaluating
ChatterBot Papa reevaluating
ChatterBot Whiskey reevaluating
randomSelections Kilo: {Kilo, India, Sierra, Uniform, Hotel, Whiskey, Golf} 
2024-10-14 22:38:07.754338 Kilo: We would work well together
ChatterBot India reevaluating
ChatterBot Sierra reevaluating
ChatterBot Uniform reevaluating
ChatterBot Hotel reevaluating
ChatterBot Whiskey reevaluating
ChatterBot Golf reevaluating
2024-10-14 22:38:07.769048 India: Yes
2024-10-14 22:38:07.769835 Sierra: No
2024-10-14 22:38:07.770031 Uniform: No
2024-10-14 22:38:07.770171 Hotel: No
2024-10-14 22:38:07.770331 Whiskey: No
2024-10-14 22:38:07.770528 Golf: No
ChatterBot Sierra reevaluating
ChatterBot Uniform reevaluating
ChatterBot Hotel reevaluating
ChatterBot Whiskey reevaluating
ChatterBot Golf reevaluating
ChatterBot India reevaluating
ChatterBot Uniform reevaluating
ChatterBot Hotel reevaluating
ChatterBot Whiskey reevaluating
ChatterBot Golf reevaluating
ChatterBot India reevaluating
ChatterBot Sierra reevaluating
ChatterBot Hotel reevaluating
ChatterBot Whiskey reevaluating
ChatterBot Golf reevaluating
ChatterBot India reevaluating
ChatterBot Sierra reevaluating
ChatterBot Uniform reevaluating
ChatterBot Whiskey reevaluating
ChatterBot Golf reevaluating
ChatterBot India reevaluating
ChatterBot Sierra reevaluating
ChatterBot Uniform reevaluating
ChatterBot Hotel reevaluating
ChatterBot Golf reevaluating
ChatterBot India reevaluating
ChatterBot Sierra reevaluating
ChatterBot Uniform reevaluating
ChatterBot Hotel reevaluating
ChatterBot Whiskey reevaluating
2024-10-14 22:38:07.887790 Kilo: Golf, sending you 2
2024-10-14 22:38:07.890593 Golf: Tango, sending you 4
2024-10-14 22:38:07.892574 Papa: Tango, Sierra and Whiskey, sending you 2
2024-10-14 22:38:07.894703 Kilo: Sierra and Hotel, sending you 3
2024-10-14 22:38:07.896531 Golf: Sierra, sending you 5
2024-10-14 22:38:07.897465 India: Sierra, sending you 3
2024-10-14 22:38:07.899382 Hotel: Tango and Juliett, sending you 1
2024-10-14 22:38:07.901219 Tango: Golf, sending you 3
2024-10-14 22:38:07.902023 Papa: Golf, sending you 3
2024-10-14 22:38:07.903472 Juliett: Tango, sending you 2
2024-10-14 22:38:07.905067 Kilo: Whiskey, sending you 6
2024-10-14 22:38:07.906172 Golf: Papa, Juliett and Hotel, sending you 1
2024-10-14 22:38:07.907736 Sierra: Tango, Golf and Hotel, sending you 3
2024-10-14 22:38:07.908654 India: Whiskey and Hotel, sending you 4
2024-10-14 22:38:07.910387 Uniform: Golf, sending you 5
2024-10-14 22:38:07.911240 Hotel: Golf, Sierra, Papa and Uniform, sending you 3
2024-10-14 22:38:07.913244 Tango: Sierra, sending you 2
2024-10-14 22:38:07.915036 Papa: Juliett, sending you 5
2024-10-14 22:38:07.915932 Juliett: Papa and Whiskey, sending you 1
2024-10-14 22:38:07.917856 Kilo: Uniform, sending you 1
2024-10-14 22:38:07.919647 Sierra: Papa and Juliett, sending you 1
2024-10-14 22:38:07.920337 Golf: Uniform, sending you 2
2024-10-14 22:38:07.922338 India: Uniform and Kilo, sending you 2
2024-10-14 22:38:07.924265 Uniform: Sierra and Papa, sending you 3
2024-10-14 22:38:07.925 Hotel: Whiskey, sending you 2
2024-10-14 22:38:07.926760 Tango: Papa, Whiskey and Juliett, sending you 1
2024-10-14 22:38:07.928330 Papa: Uniform and Hotel, sending you 1
2024-10-14 22:38:07.929163 Sierra: Whiskey, sending you 4
2024-10-14 22:38:07.930843 Uniform: Whiskey and Hotel, sending you 1
2024-10-14 22:38:07.932693 Tango: Uniform, sending you 5
2024-10-14 22:38:07.937161 Tango: Hotel, sending you 4
2024-10-14 22:38:07.938730 Uniform: Juliett, sending you 4
chatterbot Papa submitting transactions
chatterbot Juliett submitting transactions
chatterbot Tango submitting transactions
chatterbot Whiskey submitting transactions
chatterbot India submitting transactions
chatterbot Hotel submitting transactions
chatterbot Golf submitting transactions
chatterbot Uniform submitting transactions
chatterbot Sierra submitting transactions
chatterbot Kilo submitting transactions
ChatterBot Tango round 2
ChatterBot Golf round 2
ChatterBot Sierra round 2
ChatterBot Papa round 2
ChatterBot Whiskey round 2
ChatterBot Juliett round 2
ChatterBot India round 2
ChatterBot Uniform round 2
ChatterBot Hotel round 2
ChatterBot Kilo round 2
2024-10-14 22:38:10.381364 Whiskey: Friends?
ChatterBot India reevaluating
ChatterBot Kilo reevaluating
ChatterBot Uniform reevaluating
ChatterBot Hotel reevaluating
2024-10-14 22:38:10.413533 India: No
2024-10-14 22:38:10.413778 Kilo: No
2024-10-14 22:38:10.413897 Tango: No
2024-10-14 22:38:10.414014 Golf: No
2024-10-14 22:38:10.414144 Sierra: No
2024-10-14 22:38:10.414674 Papa: No
2024-10-14 22:38:10.414785 Uniform: No
2024-10-14 22:38:10.414899 Hotel: No
ChatterBot Kilo reevaluating
ChatterBot Uniform reevaluating
ChatterBot Hotel reevaluating
ChatterBot India reevaluating
ChatterBot Uniform reevaluating
ChatterBot Hotel reevaluating
ChatterBot India reevaluating
ChatterBot Kilo reevaluating
ChatterBot Uniform reevaluating
ChatterBot Hotel reevaluating
ChatterBot India reevaluating
ChatterBot Kilo reevaluating
ChatterBot Uniform reevaluating
ChatterBot Hotel reevaluating
ChatterBot India reevaluating
ChatterBot Kilo reevaluating
ChatterBot Uniform reevaluating
ChatterBot Hotel reevaluating
ChatterBot India reevaluating
ChatterBot Kilo reevaluating
ChatterBot Uniform reevaluating
ChatterBot Hotel reevaluating
ChatterBot India reevaluating
ChatterBot Kilo reevaluating
ChatterBot Hotel reevaluating
ChatterBot India reevaluating
ChatterBot Kilo reevaluating
ChatterBot Uniform reevaluating
2024-10-14 22:38:10.784890 Golf: We should drop Whiskey
ChatterBot Uniform reevaluating
ChatterBot Hotel reevaluating
2024-10-14 22:38:10.811121 Tango: Yes
2024-10-14 22:38:10.811412 Sierra: Yes
2024-10-14 22:38:10.811574 Papa: Yes
2024-10-14 22:38:10.811778 Uniform: Yes
2024-10-14 22:38:10.811910 Hotel: Yes
2024-10-14 22:38:10.812527 Juliett: Yes
ChatterBot Uniform reevaluating
ChatterBot Hotel reevaluating
ChatterBot Uniform reevaluating
ChatterBot Hotel reevaluating
ChatterBot Uniform reevaluating
ChatterBot Hotel reevaluating
ChatterBot Hotel reevaluating
ChatterBot Uniform reevaluating
ChatterBot Uniform reevaluating
ChatterBot Hotel reevaluating
chatterbot Papa submitting transactions
2024-10-14 22:38:11.257889 Whiskey: Tango and Uniform, sending you 1
2024-10-14 22:38:11.258318 Golf: Tango, Sierra and Papa, sending you 3
2024-10-14 22:38:11.260276 Sierra: Tango and Papa, sending you 2
2024-10-14 22:38:11.332686 Whiskey: Sierra, India and Kilo, sending you 3
2024-10-14 22:38:11.333107 Golf: Uniform, sending you 4
2024-10-14 22:38:11.333454 Juliett: Papa and Uniform, sending you 2
2024-10-14 22:38:11.334281 Tango: Golf, sending you 5
2024-10-14 22:38:11.334735 Papa: Tango, Golf, Sierra and Juliett, sending you 2
2024-10-14 22:38:11.335053 Kilo: Whiskey and Juliett, sending you 2
2024-10-14 22:38:11.335781 Hotel: Tango and India, sending you 4
2024-10-14 22:38:11.336062 Sierra: Golf, sending you 4
chatterbot Sierra submitting transactions
2024-10-14 22:38:11.337260 Whiskey: Papa and Hotel, sending you 2
2024-10-14 22:38:11.337662 Golf: Hotel, sending you 2
2024-10-14 22:38:11.379630 Papa: Uniform and Hotel, sending you 4
2024-10-14 22:38:11.380673 Kilo: India, sending you 8
2024-10-14 22:38:11.381120 Sierra: Juliett, sending you 1
2024-10-14 22:38:11.382078 Uniform: Tango, sending you 4
2024-10-14 22:38:11.382694 Tango: Sierra, sending you 4
2024-10-14 22:38:11.383746 Hotel: Golf and Papa, sending you 2
2024-10-14 22:38:11.420547 Uniform: Golf, Papa and Hotel, sending you 3
2024-10-14 22:38:11.421343 Sierra: Uniform and Hotel, sending you 3
2024-10-14 22:38:11.421830 Tango: Papa and Juliett, sending you 3
2024-10-14 22:38:11.422348 India: Tango, Golf, Sierra, Papa, Whiskey, Uniform and Kilo, sending you 2
2024-10-14 22:38:11.424280 Hotel: Sierra, sending you 3
2024-10-14 22:38:11.424786 Uniform: Sierra and Juliett, sending you 2
2024-10-14 22:38:11.451473 Tango: Hotel, sending you 2
2024-10-14 22:38:11.452044 India: Hotel, sending you 1
2024-10-14 22:38:11.453288 Hotel: Uniform, sending you 1
chatterbot Golf submitting transactions
chatterbot Uniform submitting transactions
chatterbot Whiskey submitting transactions
chatterbot Tango submitting transactions
chatterbot Kilo submitting transactions
chatterbot Juliett submitting transactions
chatterbot India submitting transactions
chatterbot Hotel submitting transactions
ChatterBot Tango round 3
ChatterBot Golf round 3
ChatterBot Sierra round 3
ChatterBot Papa round 3
ChatterBot Whiskey round 3
ChatterBot Juliett round 3
ChatterBot India round 3
ChatterBot Uniform round 3
ChatterBot Hotel round 3
ChatterBot Kilo round 3
2024-10-14 22:38:12.482626 Tango: We should drop Juliett
2024-10-14 22:38:12.499743 Golf: No
2024-10-14 22:38:12.500102 Sierra: No
2024-10-14 22:38:12.500979 Papa: No
2024-10-14 22:38:12.501358 Uniform: No
2024-10-14 22:38:12.501609 Hotel: Yes
2024-10-14 22:38:12.584854 Hotel: We should drop India
2024-10-14 22:38:12.601584 Tango: Yes
2024-10-14 22:38:12.602223 Golf: Yes
2024-10-14 22:38:12.602429 Sierra: Yes
2024-10-14 22:38:12.602600 Papa: Yes
2024-10-14 22:38:12.602759 Uniform: Yes
ChatterBot Sierra reevaluating
2024-10-14 22:38:12.686286 Kilo: We should drop Juliett
2024-10-14 22:38:12.694157 Whiskey: Yes
2024-10-14 22:38:12.695262 India: Yes
2024-10-14 22:38:12.862363 Whiskey: Tango and Uniform, sending you 1
2024-10-14 22:38:12.863292 Papa: Tango, Golf, Uniform and Hotel, sending you 3
2024-10-14 22:38:12.863665 Golf: Tango, sending you 4
2024-10-14 22:38:12.864550 Uniform: Tango, Golf, Sierra, Papa and Hotel, sending you 3
2024-10-14 22:38:12.865052 Juliett: Tango, Sierra, Papa and Uniform, sending you 1
2024-10-14 22:38:12.866107 India: Tango, Golf, Papa and Uniform, sending you 1
chatterbot Tango submitting transactions
chatterbot Golf submitting transactions
2024-10-14 22:38:12.867577 Golf: Sierra and Uniform, sending you 3
2024-10-14 22:38:12.868030 Whiskey: Sierra and India, sending you 3
2024-10-14 22:38:12.868881 Papa: Sierra and Juliett, sending you 2
2024-10-14 22:38:12.869234 Uniform: Juliett, sending you 2
2024-10-14 22:38:12.944450 Kilo: Whiskey, sending you 8
2024-10-14 22:38:12.944820 Tango: Golf, sending you 5
2024-10-14 22:38:12.945656 Sierra: Tango, Uniform and Hotel, sending you 3
2024-10-14 22:38:12.945964 India: Whiskey and Hotel, sending you 3
2024-10-14 22:38:12.946847 Hotel: Tango, Golf, Papa and Uniform, sending you 3
2024-10-14 22:38:12.947112 Golf: Papa and Hotel, sending you 2
2024-10-14 22:38:12.947434 Whiskey: Papa and Hotel, sending you 2
chatterbot Kilo submitting transactions
chatterbot Papa submitting transactions
2024-10-14 22:38:13.028848 Kilo: India, sending you 7
2024-10-14 22:38:13.029221 Tango: Sierra and Hotel, sending you 4
2024-10-14 22:38:13.030210 Sierra: Golf, sending you 4
2024-10-14 22:38:13.031043 India: Kilo, sending you 5
2024-10-14 22:38:13.031649 Whiskey: Kilo, sending you 4
2024-10-14 22:38:13.032631 Hotel: Sierra, sending you 4
2024-10-14 22:38:13.033063 Golf: Juliett, sending you 1
2024-10-14 22:38:13.034100 Sierra: Papa, sending you 2
2024-10-14 22:38:13.066102 Tango: Papa, sending you 2
2024-10-14 22:38:13.109063 Tango: Uniform, sending you 3
chatterbot Juliett submitting transactions
chatterbot Sierra submitting transactions
chatterbot Whiskey submitting transactions
chatterbot India submitting transactions
chatterbot Uniform submitting transactions
chatterbot Hotel submitting transactions
ChatterBot Tango round 4
ChatterBot Golf round 4
ChatterBot Sierra round 4
ChatterBot Papa round 4
ChatterBot Whiskey round 4
ChatterBot Juliett round 4
ChatterBot India round 4
2024-10-14 22:38:13.869114 Sierra: We should add Juliett
ChatterBot Papa reevaluating
2024-10-14 22:38:13.886478 Tango: No
2024-10-14 22:38:13.886730 Golf: Yes
2024-10-14 22:38:13.887423 Papa: No
2024-10-14 22:38:13.887557 Uniform: Yes
2024-10-14 22:38:13.887712 Hotel: No
ChatterBot Papa reevaluating
ChatterBot Papa reevaluating
ChatterBot Sierra reevaluating
ChatterBot Sierra reevaluating
ChatterBot Papa reevaluating
ChatterBot Sierra reevaluating
ChatterBot Papa reevaluating
ChatterBot Uniform round 4
ChatterBot Hotel round 4
2024-10-14 22:38:14.010267 Whiskey: Can we be friends?
2024-10-14 22:38:14.022069 Kilo: Yes
2024-10-14 22:38:14.022298 India: Yes
ChatterBot Kilo round 4
2024-10-14 22:38:14.095133 Papa: Tango and Golf, sending you 3
2024-10-14 22:38:14.122985 Whiskey: Sending you each 4
2024-10-14 22:38:14.123786 Papa: Sierra, sending you 2
2024-10-14 22:38:14.124255 Hotel: Tango and Sierra, sending you 4
2024-10-14 22:38:14.280723 India: Tango, Golf and Papa, sending you 1
2024-10-14 22:38:14.281416 Papa: Uniform and Hotel, sending you 4
2024-10-14 22:38:14.282345 Sierra: Tango, Uniform and Hotel, sending you 3
2024-10-14 22:38:14.283507 Hotel: Golf, sending you 2
2024-10-14 22:38:14.284076 Tango: Golf, sending you 5
2024-10-14 22:38:14.285053 Golf: Tango, sending you 4
2024-10-14 22:38:14.285649 Juliett: Tango and Uniform, sending you 1
2024-10-14 22:38:14.286700 Kilo: Whiskey, sending you 8
2024-10-14 22:38:14.287198 Uniform: Tango, Golf, Sierra, Papa and Hotel, sending you 3
2024-10-14 22:38:14.288315 India: Whiskey, sending you 4
2024-10-14 22:38:14.289535 Sierra: Golf, sending you 4
2024-10-14 22:38:14.290209 Tango: Sierra and Hotel, sending you 4
2024-10-14 22:38:14.291453 Hotel: Papa and Uniform, sending you 3
2024-10-14 22:38:14.292721 Golf: Sierra and Uniform, sending you 3
2024-10-14 22:38:14.293931 Kilo: India, sending you 7
2024-10-14 22:38:14.294402 Uniform: Juliett, sending you 2
2024-10-14 22:38:14.295724 Juliett: Papa, sending you 2
2024-10-14 22:38:14.297054 India: Hotel, sending you 2
2024-10-14 22:38:14.298303 Sierra: Papa, sending you 2
2024-10-14 22:38:14.299108 Tango: Papa, sending you 2
2024-10-14 22:38:14.300463 Golf: Papa and Hotel, sending you 2
2024-10-14 22:38:14.364383 India: Kilo, sending you 6
2024-10-14 22:38:14.366410 Tango: Uniform, sending you 3
2024-10-14 22:38:14.368013 Golf: Juliett, sending you 1
chatterbot Tango submitting transactions
chatterbot Whiskey submitting transactions
chatterbot Golf submitting transactions
chatterbot India submitting transactions
chatterbot Papa submitting transactions
chatterbot Juliett submitting transactions
chatterbot Hotel submitting transactions
chatterbot Uniform submitting transactions
chatterbot Sierra submitting transactions
chatterbot Kilo submitting transactions
ChatterBot Tango round 5
ChatterBot Golf round 5
ChatterBot Sierra round 5
ChatterBot Papa round 5
ChatterBot Whiskey round 5
ChatterBot Juliett round 5
ChatterBot India round 5
ChatterBot Uniform round 5
ChatterBot Hotel round 5
ChatterBot Kilo round 5
2024-10-14 22:38:15.241805 Uniform: Tango, Golf, Sierra, Papa and Hotel, sending you 3
2024-10-14 22:38:15.244680 Golf: Tango, sending you 4
2024-10-14 22:38:15.246232 Juliett: Tango, Golf, Papa and Uniform, sending you 1
2024-10-14 22:38:15.248393 Tango: Golf, sending you 5
2024-10-14 22:38:15.249556 Papa: Tango, sending you 2
2024-10-14 22:38:15.251029 Uniform: Juliett, sending you 2
2024-10-14 22:38:15.252880 Whiskey: Same as last round
2024-10-14 22:38:15.253479 India: Whiskey, sending you 6
2024-10-14 22:38:15.253873 Golf: Sierra, Papa and Uniform, sending you 3
2024-10-14 22:38:15.254872 Tango: Sierra and Hotel, sending you 4
2024-10-14 22:38:15.255731 Papa: Golf and Sierra, sending you 3
2024-10-14 22:38:15.257226 Sierra: Tango, Golf and Uniform, sending you 3
2024-10-14 22:38:15.258669 Hotel: Tango, sending you 4
2024-10-14 22:38:15.259991 India: Kilo, sending you 9
2024-10-14 22:38:15.261024 Golf: Hotel, sending you 2
2024-10-14 22:38:15.261870 Kilo: Whiskey, sending you 7
2024-10-14 22:38:15.262341 Tango: Papa, sending you 2
2024-10-14 22:38:15.263450 Papa: Uniform and Hotel, sending you 4
2024-10-14 22:38:15.264079 Sierra: Papa, sending you 2
2024-10-14 22:38:15.265340 Hotel: Golf, Sierra, Papa and Uniform, sending you 3
2024-10-14 22:38:15.265913 Tango: Uniform, sending you 3
2024-10-14 22:38:15.266676 Kilo: India, sending you 8
2024-10-14 22:38:15.268676 Sierra: Hotel, sending you 4
chatterbot India submitting transactions
chatterbot Whiskey submitting transactions
chatterbot Golf submitting transactions
chatterbot Tango submitting transactions
chatterbot Hotel submitting transactions
chatterbot Uniform submitting transactions
chatterbot Juliett submitting transactions
chatterbot Kilo submitting transactions
chatterbot Sierra submitting transactions
chatterbot Papa submitting transactions
ChatterBot Tango round 6
ChatterBot Golf round 6
ChatterBot Sierra round 6
ChatterBot Papa round 6
ChatterBot Whiskey round 6
ChatterBot Juliett round 6
ChatterBot India round 6
ChatterBot Uniform round 6
ChatterBot Hotel round 6
ChatterBot Kilo round 6
2024-10-14 22:38:16.523687 Whiskey: Same as last round
2024-10-14 22:38:16.526794 Hotel: Tango and Sierra, sending you 4
2024-10-14 22:38:16.528693 Tango: Golf, sending you 5
2024-10-14 22:38:16.530696 Hotel: Golf, sending you 2
2024-10-14 22:38:16.532051 Juliett: Tango, Golf, Papa and Uniform, sending you 1
2024-10-14 22:38:16.532578 Sierra: Tango, sending you 4
2024-10-14 22:38:16.533727 Papa: Tango, sending you 2
2024-10-14 22:38:16.534272 Tango: Sierra and Hotel, sending you 4
2024-10-14 22:38:16.535216 Hotel: Papa and Uniform, sending you 3
2024-10-14 22:38:16.535822 India: Whiskey, sending you 6
2024-10-14 22:38:16.536184 Uniform: Tango, Golf, Sierra, Papa and Hotel, sending you 3
2024-10-14 22:38:16.537688 Sierra: Golf, Uniform and Hotel, sending you 3
2024-10-14 22:38:16.538971 Golf: Tango, sending you 4
2024-10-14 22:38:16.539557 Papa: Golf and Sierra, sending you 3
2024-10-14 22:38:16.540912 Tango: Papa, sending you 2
2024-10-14 22:38:16.541754 Uniform: Juliett, sending you 2
2024-10-14 22:38:16.542925 India: Kilo, sending you 9
2024-10-14 22:38:16.543335 Kilo: Whiskey, sending you 7
2024-10-14 22:38:16.543669 Golf: Sierra, Papa and Uniform, sending you 3
2024-10-14 22:38:16.544990 Sierra: Papa, sending you 2
2024-10-14 22:38:16.546139 Papa: Uniform and Hotel, sending you 4
2024-10-14 22:38:16.546781 Tango: Uniform, sending you 3
2024-10-14 22:38:16.547412 Kilo: India, sending you 8
2024-10-14 22:38:16.548697 Golf: Hotel, sending you 2
chatterbot India submitting transactions
chatterbot Juliett submitting transactions
chatterbot Uniform submitting transactions
chatterbot Whiskey submitting transactions
chatterbot Sierra submitting transactions
chatterbot Papa submitting transactions
chatterbot Kilo submitting transactions
chatterbot Tango submitting transactions
chatterbot Hotel submitting transactions
chatterbot Golf submitting transactions
ChatterBot Tango round 7
ChatterBot Golf round 7
ChatterBot Sierra round 7
ChatterBot Papa round 7
ChatterBot Whiskey round 7
ChatterBot Juliett round 7
ChatterBot India round 7
ChatterBot Uniform round 7
ChatterBot Hotel round 7
ChatterBot Kilo round 7
2024-10-14 22:38:17.791136 India: We should add Juliett
ChatterBot Kilo reevaluating
2024-10-14 22:38:17.796445 Kilo: Yes
2024-10-14 22:38:17.796585 Whiskey: No
ChatterBot Whiskey reevaluating
ChatterBot Kilo reevaluating
2024-10-14 22:38:17.809509 India: Juliett we want you to join our group
2024-10-14 22:38:17.812379 Juliett: No
ChatterBot Whiskey reevaluating
ChatterBot Kilo reevaluating
2024-10-14 22:38:17.821338 Sierra: Tango, sending you 4
2024-10-14 22:38:17.822226 Papa: Tango, sending you 2
2024-10-14 22:38:17.823346 Tango: Golf, sending you 5
2024-10-14 22:38:17.824654 Whiskey: Juliett we want you to join our group
2024-10-14 22:38:17.828237 Juliett: No
2024-10-14 22:38:17.837917 Sierra: Golf, Uniform and Hotel, sending you 3
2024-10-14 22:38:17.838514 Uniform: Tango, Golf, Sierra, Papa and Hotel, sending you 3
2024-10-14 22:38:17.839091 Juliett: Golf and Papa, sending you 1
2024-10-14 22:38:17.839571 Papa: Golf and Sierra, sending you 3
2024-10-14 22:38:17.840512 Tango: Sierra and Hotel, sending you 4
2024-10-14 22:38:17.841116 Golf: Tango, sending you 4
2024-10-14 22:38:17.841668 Juliett: Uniform, sending you 2
2024-10-14 22:38:17.842145 Hotel: Tango, sending you 4
2024-10-14 22:38:17.842722 Sierra: Papa, sending you 2
2024-10-14 22:38:17.844320 Uniform: Juliett, sending you 2
2024-10-14 22:38:17.845068 Papa: Uniform and Hotel, sending you 4
2024-10-14 22:38:17.846431 Tango: Papa, sending you 2
2024-10-14 22:38:17.846985 Golf: Sierra, Papa and Uniform, sending you 3
2024-10-14 22:38:17.847741 India: Whiskey, sending you 6
2024-10-14 22:38:17.848042 Hotel: Golf, Sierra, Papa and Uniform, sending you 3
2024-10-14 22:38:17.850694 Tango: Uniform, sending you 3
2024-10-14 22:38:17.852059 Golf: Hotel, sending you 2
2024-10-14 22:38:17.852735 India: Juliett, sending you 1
2024-10-14 22:38:17.855685 Whiskey: Juliett, sending you 2
2024-10-14 22:38:17.857672 India: Kilo, sending you 8
2024-10-14 22:38:17.858667 Kilo: Whiskey, sending you 7
2024-10-14 22:38:17.859671 Whiskey: India and Kilo, sending you 4
2024-10-14 22:38:17.862119 Kilo: India, sending you 8
chatterbot Hotel submitting transactions
chatterbot Papa submitting transactions
chatterbot Whiskey submitting transactions
chatterbot Kilo submitting transactions
chatterbot Juliett submitting transactions
chatterbot Golf submitting transactions
chatterbot India submitting transactions
chatterbot Uniform submitting transactions
chatterbot Sierra submitting transactions
chatterbot Tango submitting transactions
ChatterBot Tango round 8
ChatterBot Golf round 8
ChatterBot Sierra round 8
ChatterBot Papa round 8
ChatterBot Whiskey round 8
ChatterBot Juliett round 8
ChatterBot India round 8
ChatterBot Uniform round 8
ChatterBot Hotel round 8
ChatterBot Kilo round 8
2024-10-14 22:38:19.019674 Golf: Tango, sending you 4
2024-10-14 22:38:19.025429 Tango: Golf, sending you 5
2024-10-14 22:38:19.026811 Golf: Sierra, Papa and Uniform, sending you 3
2024-10-14 22:38:19.028165 Sierra: Sending you each 3
2024-10-14 22:38:19.031624 Tango: Sierra and Hotel, sending you 4
2024-10-14 22:38:19.033129 Golf: Hotel, sending you 2
2024-10-14 22:38:19.035042 Juliett: Papa, sending you 1
2024-10-14 22:38:19.036420 India: Whiskey, sending you 6
2024-10-14 22:38:19.037839 Tango: Papa, sending you 2
2024-10-14 22:38:19.038778 Juliett: Uniform, sending you 3
2024-10-14 22:38:19.039968 Papa: Tango, Golf, Sierra and Uniform, sending you 3
2024-10-14 22:38:19.041838 Uniform: Tango, Sierra and Hotel, sending you 3
2024-10-14 22:38:19.043249 Hotel: Tango, sending you 4
2024-10-14 22:38:19.045243 India: Juliett, sending you 1
2024-10-14 22:38:19.045777 Whiskey: Juliett, sending you 2
2024-10-14 22:38:19.046437 Tango: Uniform, sending you 3
2024-10-14 22:38:19.048718 Papa: Hotel, sending you 4
2024-10-14 22:38:19.051530 Uniform: Golf and Papa, sending you 4
2024-10-14 22:38:19.053661 Hotel: Golf, Sierra, Papa and Uniform, sending you 3
2024-10-14 22:38:19.056714 India: Kilo, sending you 8
2024-10-14 22:38:19.058196 Whiskey: India and Kilo, sending you 4
2024-10-14 22:38:19.059041 Kilo: Whiskey, sending you 7
2024-10-14 22:38:19.064696 Kilo: India, sending you 8
chatterbot Whiskey submitting transactions
chatterbot India submitting transactions
chatterbot Kilo submitting transactions
chatterbot Tango submitting transactions
chatterbot Hotel submitting transactions
chatterbot Golf submitting transactions
chatterbot Papa submitting transactions
chatterbot Juliett submitting transactions
chatterbot Sierra submitting transactions
chatterbot Uniform submitting transactions
ChatterBot Tango round 9
ChatterBot Golf round 9
ChatterBot Sierra round 9
ChatterBot Papa round 9
ChatterBot Whiskey round 9
ChatterBot Juliett round 9
2024-10-14 22:38:20.185075 Juliett: Let's form a team
ChatterBot Kilo reevaluating
2024-10-14 22:38:20.196941 India: Yes
2024-10-14 22:38:20.197127 Whiskey: Yes
2024-10-14 22:38:20.197271 Kilo: Yes
ChatterBot Kilo reevaluating
ChatterBot Juliett reevaluating
ChatterBot Kilo reevaluating
ChatterBot Juliett reevaluating
ChatterBot Juliett reevaluating
ChatterBot India round 9
ChatterBot Uniform round 9
ChatterBot Hotel round 9
ChatterBot Kilo round 9
2024-10-14 22:38:20.248935 Kilo: We should add Juliett
2024-10-14 22:38:20.254155 Whiskey: Yes
2024-10-14 22:38:20.254309 India: Yes
2024-10-14 22:38:20.267953 Kilo: Juliett we want you to join our group
ChatterBot Juliett reevaluating
2024-10-14 22:38:20.271014 Juliett: Yes
2024-10-14 22:38:20.281675 Golf: Tango, sending you 4
2024-10-14 22:38:20.283661 India: Whiskey, sending you 6
2024-10-14 22:38:20.284 Sierra: Same as last round
2024-10-14 22:38:20.286135 Whiskey: Juliett, sending you 2
2024-10-14 22:38:20.286792 Golf: Sierra, Uniform and Hotel, sending you 3
2024-10-14 22:38:20.288973 India: Juliett, sending you 1
2024-10-14 22:38:20.290702 Papa: Tango, Golf, Sierra and Hotel, sending you 3
2024-10-14 22:38:20.292568 Whiskey: India and Kilo, sending you 4
2024-10-14 22:38:20.293195 India: Kilo, sending you 8
2024-10-14 22:38:20.293634 Golf: Papa, sending you 2
2024-10-14 22:38:20.294897 Tango: Golf, sending you 5
2024-10-14 22:38:20.295691 Uniform: Tango, Golf, Sierra, Papa and Hotel, sending you 3
2024-10-14 22:38:20.297097 Papa: Uniform, sending you 4
2024-10-14 22:38:20.299175 Tango: Sierra and Hotel, sending you 4
2024-10-14 22:38:20.301701 Uniform: Juliett, sending you 2
2024-10-14 22:38:20.302597 Hotel: Tango, sending you 4
2024-10-14 22:38:20.304447 Kilo: Whiskey, sending you 6
2024-10-14 22:38:20.305 Tango: Papa, sending you 2
2024-10-14 22:38:20.308734 Hotel: Golf, Sierra, Papa and Uniform, sending you 3
2024-10-14 22:38:20.309833 Tango: Uniform, sending you 3
2024-10-14 22:38:20.312061 Kilo: Juliett, sending you 2
2024-10-14 22:38:20.316687 Kilo: India, sending you 7
chatterbot Kilo submitting transactions
chatterbot Uniform submitting transactions
chatterbot Golf submitting transactions
chatterbot Tango submitting transactions
chatterbot Whiskey submitting transactions
chatterbot Hotel submitting transactions
chatterbot India submitting transactions
chatterbot Juliett submitting transactions
chatterbot Sierra submitting transactions
chatterbot Papa submitting transactions
ChatterBot Tango round 10
ChatterBot Golf round 10
ChatterBot Sierra round 10
ChatterBot Papa round 10
ChatterBot Whiskey round 10
ChatterBot Juliett round 10
ChatterBot India round 10
ChatterBot Uniform round 10
ChatterBot Hotel round 10
ChatterBot Kilo round 10
2024-10-14 22:38:21.470676 Sierra: Same as last round
2024-10-14 22:38:21.471611 Tango: Golf, sending you 5
2024-10-14 22:38:21.475680 Papa: Tango, Golf, Sierra and Hotel, sending you 3
2024-10-14 22:38:21.476704 Tango: Sierra and Hotel, sending you 4
2024-10-14 22:38:21.478900 Golf: Tango, sending you 4
2024-10-14 22:38:21.479958 India: Whiskey, sending you 6
2024-10-14 22:38:21.480385 Papa: Uniform, sending you 4
2024-10-14 22:38:21.482671 Tango: Papa, sending you 2
2024-10-14 22:38:21.483448 Golf: Sierra, Uniform and Hotel, sending you 3
2024-10-14 22:38:21.484664 India: Juliett, sending you 1
2024-10-14 22:38:21.485770 Kilo: Whiskey, sending you 6
2024-10-14 22:38:21.486652 Tango: Uniform, sending you 3
2024-10-14 22:38:21.487607 Golf: Papa, sending you 2
2024-10-14 22:38:21.488403 Whiskey: Juliett, sending you 2
2024-10-14 22:38:21.488983 Hotel: Tango, sending you 4
2024-10-14 22:38:21.490197 India: Kilo, sending you 8
2024-10-14 22:38:21.490679 Kilo: Juliett, sending you 2
2024-10-14 22:38:21.491081 Uniform: Tango, Golf, Sierra, Papa and Hotel, sending you 3
2024-10-14 22:38:21.492866 Whiskey: India and Kilo, sending you 4
2024-10-14 22:38:21.493179 Hotel: Golf, Sierra, Papa and Uniform, sending you 3
2024-10-14 22:38:21.494660 Kilo: India, sending you 7
2024-10-14 22:38:21.496122 Uniform: Juliett, sending you 2
chatterbot Tango submitting transactions
chatterbot Hotel submitting transactions
chatterbot Golf submitting transactions
chatterbot India submitting transactions
chatterbot Whiskey submitting transactions
chatterbot Kilo submitting transactions
chatterbot Sierra submitting transactions
chatterbot Uniform submitting transactions
chatterbot Juliett submitting transactions
chatterbot Papa submitting transactions
ChatterBot Tango round 11
ChatterBot Golf round 11
ChatterBot Sierra round 11
ChatterBot Papa round 11
ChatterBot Whiskey round 11
ChatterBot Juliett round 11
ChatterBot India round 11
ChatterBot Uniform round 11
ChatterBot Hotel round 11
ChatterBot Kilo round 11
2024-10-14 22:38:22.714664 Golf: Tango, sending you 4
2024-10-14 22:38:22.716693 Whiskey: Juliett, sending you 3
2024-10-14 22:38:22.719667 Whiskey: India and Kilo, sending you 4
2024-10-14 22:38:22.720674 Golf: Sierra, Uniform and Hotel, sending you 3
2024-10-14 22:38:22.723703 Sierra: Same as last round
2024-10-14 22:38:22.724786 Uniform: Tango, Sierra and Hotel, sending you 3
2024-10-14 22:38:22.726496 Golf: Papa, sending you 2
2024-10-14 22:38:22.727693 Hotel: Tango, sending you 4
2024-10-14 22:38:22.728809 Uniform: Golf and Papa, sending you 4
2024-10-14 22:38:22.730248 Papa: Tango, Golf, Sierra and Hotel, sending you 3
2024-10-14 22:38:22.730990 India: Whiskey, sending you 6
2024-10-14 22:38:22.731686 Tango: Golf, sending you 5
2024-10-14 22:38:22.732334 Kilo: Whiskey, sending you 5
2024-10-14 22:38:22.733329 Hotel: Golf, Sierra, Papa and Uniform, sending you 3
2024-10-14 22:38:22.734 Papa: Uniform, sending you 4
2024-10-14 22:38:22.734674 India: Juliett, sending you 2
2024-10-14 22:38:22.736671 Tango: Sierra and Hotel, sending you 4
2024-10-14 22:38:22.738115 Kilo: Juliett, sending you 3
2024-10-14 22:38:22.739681 India: Kilo, sending you 7
2024-10-14 22:38:22.742696 Tango: Papa, sending you 2
2024-10-14 22:38:22.743799 Kilo: India, sending you 7
2024-10-14 22:38:22.748678 Tango: Uniform, sending you 3
chatterbot Kilo submitting transactions
chatterbot India submitting transactions
chatterbot Golf submitting transactions
chatterbot Papa submitting transactions
chatterbot Uniform submitting transactions
chatterbot Hotel submitting transactions
chatterbot Sierra submitting transactions
chatterbot Tango submitting transactions
chatterbot Whiskey submitting transactions
chatterbot Juliett submitting transactions
ChatterBot Tango round 12
ChatterBot Golf round 12
ChatterBot Sierra round 12
ChatterBot Papa round 12
ChatterBot Whiskey round 12
ChatterBot Juliett round 12
ChatterBot India round 12
ChatterBot Uniform round 12
ChatterBot Hotel round 12
ChatterBot Kilo round 12
2024-10-14 22:38:23.980684 Whiskey: Juliett, sending you 3
2024-10-14 22:38:23.981692 Tango: Golf, sending you 5
2024-10-14 22:38:23.983068 Sierra: Same as last round
2024-10-14 22:38:23.985701 Whiskey: India and Kilo, sending you 4
2024-10-14 22:38:23.986675 Golf: Tango, sending you 4
2024-10-14 22:38:23.989572 Tango: Sierra, Papa and Uniform, sending you 3
2024-10-14 22:38:23.991530 Papa: Tango, Golf, Sierra and Hotel, sending you 3
2024-10-14 22:38:23.993323 Kilo: Whiskey, sending you 5
2024-10-14 22:38:23.994192 Golf: Sierra, Uniform and Hotel, sending you 3
2024-10-14 22:38:23.996850 Tango: Hotel, sending you 4
2024-10-14 22:38:23.998399 Hotel: Tango, sending you 4
2024-10-14 22:38:24.000888 Uniform: Tango, Golf, Sierra, Papa and Hotel, sending you 3
2024-10-14 22:38:24.002248 Papa: Uniform, sending you 4
2024-10-14 22:38:24.003967 India: Whiskey, sending you 6
2024-10-14 22:38:24.005494 Kilo: Juliett, sending you 3
2024-10-14 22:38:24.006277 Golf: Papa, sending you 2
2024-10-14 22:38:24.008902 Hotel: Golf, Sierra, Papa and Uniform, sending you 3
2024-10-14 22:38:24.010651 Uniform: Juliett, sending you 2
2024-10-14 22:38:24.011662 India: Juliett, sending you 2
2024-10-14 22:38:24.012206 Kilo: India, sending you 7
2024-10-14 22:38:24.015682 India: Kilo, sending you 7
chatterbot Juliett submitting transactions
chatterbot Sierra submitting transactions
chatterbot Golf submitting transactions
chatterbot India submitting transactions
chatterbot Tango submitting transactions
chatterbot Uniform submitting transactions
chatterbot Kilo submitting transactions
chatterbot Hotel submitting transactions
chatterbot Whiskey submitting transactions
chatterbot Papa submitting transactions
ChatterBot Tango round 13
ChatterBot Golf round 13
ChatterBot Sierra round 13
ChatterBot Papa round 13
ChatterBot Whiskey round 13
ChatterBot Juliett round 13
ChatterBot India round 13
ChatterBot Uniform round 13
ChatterBot Hotel round 13
ChatterBot Kilo round 13
2024-10-14 22:38:25.160694 Papa: Tango, Golf, Sierra and Hotel, sending you 3
2024-10-14 22:38:25.162667 Sierra: Same as last round
2024-10-14 22:38:25.163668 Golf: Tango, sending you 4
2024-10-14 22:38:25.165371 Papa: Uniform, sending you 4
2024-10-14 22:38:25.166375 India: Whiskey, sending you 6
2024-10-14 22:38:25.168675 Golf: Sierra, Uniform and Hotel, sending you 3
2024-10-14 22:38:25.169403 Uniform: Tango, Sierra and Hotel, sending you 3
2024-10-14 22:38:25.170165 India: Juliett, sending you 2
2024-10-14 22:38:25.170585 Whiskey: Juliett, sending you 3
2024-10-14 22:38:25.171929 Golf: Papa, sending you 2
2024-10-14 22:38:25.172781 Uniform: Golf and Papa, sending you 4
2024-10-14 22:38:25.173460 India: Kilo, sending you 7
2024-10-14 22:38:25.173884 Tango: Golf, sending you 5
2024-10-14 22:38:25.175751 Kilo: Whiskey, sending you 5
2024-10-14 22:38:25.176427 Whiskey: India and Kilo, sending you 4
2024-10-14 22:38:25.176933 Hotel: Tango, sending you 4
2024-10-14 22:38:25.179692 Kilo: Juliett, sending you 3
2024-10-14 22:38:25.180679 Tango: Sierra, Papa and Uniform, sending you 3
2024-10-14 22:38:25.182664 Hotel: Golf, Sierra, Papa and Uniform, sending you 3
2024-10-14 22:38:25.183746 Kilo: India, sending you 7
2024-10-14 22:38:25.185674 Tango: Hotel, sending you 4
chatterbot Uniform submitting transactions
chatterbot Tango submitting transactions
chatterbot Hotel submitting transactions
chatterbot Kilo submitting transactions
chatterbot Sierra submitting transactions
chatterbot Juliett submitting transactions
chatterbot Golf submitting transactions
chatterbot Papa submitting transactions
chatterbot Whiskey submitting transactions
chatterbot India submitting transactions
ChatterBot Tango round 14
ChatterBot Golf round 14
ChatterBot Sierra round 14
ChatterBot Papa round 14
ChatterBot Whiskey round 14
ChatterBot Juliett round 14
ChatterBot India round 14
ChatterBot Uniform round 14
ChatterBot Hotel round 14
ChatterBot Kilo round 14
2024-10-14 22:38:26.462745 Tango: Golf, sending you 5
2024-10-14 22:38:26.467696 India: Whiskey, sending you 6
2024-10-14 22:38:26.468839 Papa: Tango, Golf, Sierra and Hotel, sending you 3
2024-10-14 22:38:26.471498 Golf: Tango, sending you 4
2024-10-14 22:38:26.474063 Tango: Sierra, Papa and Uniform, sending you 3
2024-10-14 22:38:26.475743 India: Juliett, sending you 2
2024-10-14 22:38:26.477071 Uniform: Tango, Sierra and Hotel, sending you 3
2024-10-14 22:38:26.478689 Papa: Uniform, sending you 4
2024-10-14 22:38:26.480604 Golf: Sierra, Uniform and Hotel, sending you 3
2024-10-14 22:38:26.481913 Tango: Hotel, sending you 4
2024-10-14 22:38:26.483558 Sierra: Same as last round
2024-10-14 22:38:26.485155 Hotel: Tango, sending you 4
2024-10-14 22:38:26.486696 India: Kilo, sending you 7
2024-10-14 22:38:26.488238 Uniform: Golf and Papa, sending you 4
2024-10-14 22:38:26.490450 Whiskey: Juliett, sending you 3
2024-10-14 22:38:26.492430 Golf: Papa, sending you 2
2024-10-14 22:38:26.494433 Kilo: Whiskey, sending you 5
2024-10-14 22:38:26.495556 Hotel: Golf, Sierra, Papa and Uniform, sending you 3
2024-10-14 22:38:26.497905 Whiskey: India and Kilo, sending you 4
2024-10-14 22:38:26.498648 Kilo: Juliett, sending you 3
2024-10-14 22:38:26.505665 Kilo: India, sending you 7
chatterbot Juliett submitting transactions
chatterbot Tango submitting transactions
chatterbot Golf submitting transactions
chatterbot Kilo submitting transactions
chatterbot Hotel submitting transactions
chatterbot Papa submitting transactions
chatterbot Whiskey submitting transactions
chatterbot Sierra submitting transactions
chatterbot Uniform submitting transactions
chatterbot India submitting transactions
ChatterBot Tango round 15
ChatterBot Golf round 15
ChatterBot Sierra round 15
ChatterBot Papa round 15
ChatterBot Whiskey round 15
ChatterBot Juliett round 15
ChatterBot India round 15
ChatterBot Uniform round 15
ChatterBot Hotel round 15
ChatterBot Kilo round 15
2024-10-14 22:38:27.704667 Tango: Golf, sending you 5
2024-10-14 22:38:27.708678 Tango: Sierra, Papa and Uniform, sending you 3
2024-10-14 22:38:27.712673 Tango: Hotel, sending you 4
2024-10-14 22:38:27.714033 Sierra: Same as last round
2024-10-14 22:38:27.716080 Whiskey: Sending you each 4
2024-10-14 22:38:27.716676 India: Whiskey, sending you 6
2024-10-14 22:38:27.719663 Kilo: Whiskey, sending you 5
2024-10-14 22:38:27.720684 Uniform: Tango, Sierra and Hotel, sending you 3
2024-10-14 22:38:27.722281 Papa: Tango, Golf, Sierra and Hotel, sending you 3
2024-10-14 22:38:27.723484 Hotel: Tango, sending you 4
2024-10-14 22:38:27.725948 India: Juliett, sending you 2
2024-10-14 22:38:27.726576 Golf: Tango, sending you 4
2024-10-14 22:38:27.727347 Kilo: Juliett, sending you 3
2024-10-14 22:38:27.727735 Uniform: Golf and Papa, sending you 4
2024-10-14 22:38:27.728873 Papa: Uniform, sending you 4
2024-10-14 22:38:27.729798 India: Kilo, sending you 7
2024-10-14 22:38:27.730682 Hotel: Golf, Sierra, Papa and Uniform, sending you 3
2024-10-14 22:38:27.732316 Golf: Sierra, Uniform and Hotel, sending you 3
2024-10-14 22:38:27.733380 Kilo: India, sending you 7
2024-10-14 22:38:27.736674 Golf: Papa, sending you 2
chatterbot Tango submitting transactions
chatterbot Uniform submitting transactions
chatterbot Sierra submitting transactions
chatterbot Whiskey submitting transactions
chatterbot Hotel submitting transactions
chatterbot Juliett submitting transactions
chatterbot Golf submitting transactions
chatterbot Kilo submitting transactions
chatterbot Papa submitting transactions
chatterbot India submitting transactions
