ChatterBot Echo round 1
ChatterBot Victor round 1
ChatterBot Juliett round 1
ChatterBot Charlie round 1
ChatterBot Foxtrot round 1
ChatterBot Kilo round 1
ChatterBot Sierra round 1
ChatterBot Tango round 1
ChatterBot X-ray round 1
randomSelections Victor: {Victor, X-ray, Kilo, Echo, Tango, Juliett, Charlie, Bravo} 
2024-10-14 22:38:08.015741 Victor: Group up?
ChatterBot X-ray reevaluating
ChatterBot Kilo reevaluating
ChatterBot Echo reevaluating
ChatterBot Tango reevaluating
ChatterBot Juliett reevaluating
ChatterBot Charlie reevaluating
2024-10-14 22:38:08.031801 X-ray: Yes
2024-10-14 22:38:08.031942 Kilo: Yes
2024-10-14 22:38:08.032042 Echo: Yes
2024-10-14 22:38:08.032155 Tango: Yes
2024-10-14 22:38:08.032255 Juliett: Yes
2024-10-14 22:38:08.032353 Charlie: Yes
ChatterBot Kilo reevaluating
ChatterBot Echo reevaluating
ChatterBot Tango reevaluating
ChatterBot Juliett reevaluating
ChatterBot Charlie reevaluating
ChatterBot X-ray reevaluating
ChatterBot Echo reevaluating
ChatterBot Tango reevaluating
ChatterBot Juliett reevaluating
ChatterBot Charlie reevaluating
ChatterBot X-ray reevaluating
ChatterBot Kilo reevaluating
ChatterBot Tango reevaluating
ChatterBot Juliett reevaluating
ChatterBot Charlie reevaluating
ChatterBot X-ray reevaluating
ChatterBot Kilo reevaluating
ChatterBot Echo reevaluating
ChatterBot Juliett reevaluating
ChatterBot Charlie reevaluating
ChatterBot X-ray reevaluating
ChatterBot Kilo reevaluating
ChatterBot Echo reevaluating
ChatterBot Tango reevaluating
ChatterBot Charlie reevaluating
ChatterBot X-ray reevaluating
ChatterBot Kilo reevaluating
ChatterBot Echo reevaluating
ChatterBot Tango reevaluating
ChatterBot Juliett reevaluating
ChatterBot Bravo round 1
ChatterBot Bravo reevaluating
ChatterBot Bravo reevaluating
ChatterBot Bravo reevaluating
ChatterBot Bravo reevaluating
ChatterBot Bravo reevaluating
ChatterBot Bravo reevaluating
ChatterBot Bravo reevaluating
2024-10-14 22:38:08.110384 Bravo: Yes
ChatterBot X-ray reevaluating
ChatterBot Kilo reevaluating
ChatterBot Echo reevaluating
ChatterBot Tango reevaluating
ChatterBot Juliett reevaluating
ChatterBot Charlie reevaluating
randomSelections Foxtrot: {Foxtrot} 
randomSelections Sierra: {Sierra, X-ray, Juliett, Echo, Bravo, Kilo} 
2024-10-14 22:38:08.132901 Sierra: We should group up
ChatterBot X-ray reevaluating
ChatterBot Juliett reevaluating
ChatterBot Echo reevaluating
ChatterBot Bravo reevaluating
ChatterBot Kilo reevaluating
2024-10-14 22:38:08.142494 X-ray: No
2024-10-14 22:38:08.142629 Juliett: No
2024-10-14 22:38:08.142758 Echo: No
2024-10-14 22:38:08.143304 Bravo: No
2024-10-14 22:38:08.143404 Kilo: No
ChatterBot Juliett reevaluating
ChatterBot Echo reevaluating
ChatterBot Bravo reevaluating
ChatterBot Kilo reevaluating
ChatterBot X-ray reevaluating
ChatterBot Echo reevaluating
ChatterBot Bravo reevaluating
ChatterBot Kilo reevaluating
ChatterBot X-ray reevaluating
ChatterBot Juliett reevaluating
ChatterBot Bravo reevaluating
ChatterBot Kilo reevaluating
ChatterBot X-ray reevaluating
ChatterBot Juliett reevaluating
ChatterBot Echo reevaluating
ChatterBot Kilo reevaluating
ChatterBot X-ray reevaluating
ChatterBot Juliett reevaluating
ChatterBot Echo reevaluating
ChatterBot Bravo reevaluating
2024-10-14 22:38:08.190695 Sierra: Echo, sending you 5
2024-10-14 22:38:08.192082 Tango: Echo and Charlie, sending you 3
2024-10-14 22:38:08.192581 Echo: Victor, sending you 6
2024-10-14 22:38:08.193715 Sierra: Juliett, sending you 6
2024-10-14 22:38:08.195230 Juliett: Echo, sending you 5
2024-10-14 22:38:08.195827 Victor: Echo, sending you 1
2024-10-14 22:38:08.196251 Tango: Victor, Kilo and X-ray, sending you 2
2024-10-14 22:38:08.197895 Echo: Juliett and Bravo, sending you 1
2024-10-14 22:38:08.198738 Sierra: Kilo and X-ray, sending you 2
2024-10-14 22:38:08.199035 Juliett: Victor, Kilo, Tango and Bravo, sending you 1
2024-10-14 22:38:08.199736 Victor: Charlie, Kilo and Tango, sending you 3
2024-10-14 22:38:08.200188 Tango: Bravo, sending you 4
2024-10-14 22:38:08.201688 Charlie: Echo and Bravo, sending you 1
2024-10-14 22:38:08.202079 Echo: Charlie, Kilo and X-ray, sending you 2
2024-10-14 22:38:08.202740 X-ray: Victor and Kilo, sending you 3
2024-10-14 22:38:08.203170 Sierra: Bravo, sending you 3
2024-10-14 22:38:08.203688 Juliett: Charlie, sending you 4
2024-10-14 22:38:08.204710 Victor: Bravo, sending you 2
2024-10-14 22:38:08.205135 Charlie: Victor and Tango, sending you 2
2024-10-14 22:38:08.205435 Echo: Tango, sending you 4
2024-10-14 22:38:08.206700 X-ray: Juliett, sending you 1
2024-10-14 22:38:08.207648 Kilo: Echo, Victor, Juliett and Bravo, sending you 2
2024-10-14 22:38:08.208052 Juliett: X-ray, sending you 2
2024-10-14 22:38:08.208382 Charlie: Juliett and Kilo, sending you 3
2024-10-14 22:38:08.210691 X-ray: Charlie and Bravo, sending you 4
2024-10-14 22:38:08.211126 Kilo: Charlie, sending you 4
2024-10-14 22:38:08.213674 Charlie: X-ray, sending you 4
2024-10-14 22:38:08.215665 Kilo: Tango, sending you 1
2024-10-14 22:38:08.220670 Kilo: X-ray, sending you 3
chatterbot X-ray submitting transactions
chatterbot Charlie submitting transactions
chatterbot Foxtrot submitting transactions
chatterbot Kilo submitting transactions
chatterbot Juliett submitting transactions
chatterbot Tango submitting transactions
chatterbot Victor submitting transactions
chatterbot Bravo submitting transactions
chatterbot Sierra submitting transactions
chatterbot Echo submitting transactions
ChatterBot Echo round 2
ChatterBot Victor round 2
ChatterBot Juliett round 2
ChatterBot Charlie round 2
ChatterBot Foxtrot round 2
ChatterBot Kilo round 2
2024-10-14 22:38:13.154683 Echo: We should replace Bravo with Sierra
ChatterBot Victor reevaluating
ChatterBot Tango reevaluating
ChatterBot Juliett reevaluating
ChatterBot Charlie reevaluating
ChatterBot Kilo reevaluating
ChatterBot X-ray reevaluating
2024-10-14 22:38:13.215690 Victor: No
2024-10-14 22:38:13.215921 Tango: No
2024-10-14 22:38:13.216122 Juliett: Yes
2024-10-14 22:38:13.216247 Charlie: No
2024-10-14 22:38:13.216378 Kilo: Yes
2024-10-14 22:38:13.217035 X-ray: No
ChatterBot Tango reevaluating
ChatterBot Juliett reevaluating
ChatterBot Charlie reevaluating
ChatterBot Kilo reevaluating
ChatterBot X-ray reevaluating
ChatterBot Victor reevaluating
ChatterBot Juliett reevaluating
ChatterBot Charlie reevaluating
ChatterBot Kilo reevaluating
ChatterBot X-ray reevaluating
ChatterBot Victor reevaluating
ChatterBot Tango reevaluating
ChatterBot Charlie reevaluating
ChatterBot Kilo reevaluating
ChatterBot X-ray reevaluating
ChatterBot Victor reevaluating
ChatterBot Tango reevaluating
ChatterBot Juliett reevaluating
ChatterBot Kilo reevaluating
ChatterBot X-ray reevaluating
ChatterBot Victor reevaluating
ChatterBot Tango reevaluating
ChatterBot Juliett reevaluating
ChatterBot Charlie reevaluating
ChatterBot X-ray reevaluating
ChatterBot Victor reevaluating
ChatterBot Tango reevaluating
ChatterBot Juliett reevaluating
ChatterBot Charlie reevaluating
ChatterBot Kilo reevaluating
ChatterBot Sierra round 2
ChatterBot Tango round 2
ChatterBot X-ray round 2
ChatterBot Bravo round 2
2024-10-14 22:38:13.700382 Echo: Sierra we want you to join our group
ChatterBot Sierra reevaluating
2024-10-14 22:38:13.711834 Sierra: Yes
ChatterBot Victor reevaluating
ChatterBot Tango reevaluating
ChatterBot Juliett reevaluating
ChatterBot Charlie reevaluating
ChatterBot Kilo reevaluating
ChatterBot X-ray reevaluating
2024-10-14 22:38:13.784958 Bravo: We should add Sierra
ChatterBot Victor reevaluating
ChatterBot Kilo reevaluating
ChatterBot Juliett reevaluating
2024-10-14 22:38:13.824748 Victor: Yes
2024-10-14 22:38:13.825382 X-ray: No
2024-10-14 22:38:13.825501 Kilo: Yes
2024-10-14 22:38:13.825634 Echo: Yes
2024-10-14 22:38:13.825747 Tango: No
2024-10-14 22:38:13.825864 Juliett: Yes
2024-10-14 22:38:13.825985 Charlie: Yes
ChatterBot X-ray reevaluating
ChatterBot Kilo reevaluating
ChatterBot Juliett reevaluating
ChatterBot Victor reevaluating
ChatterBot Kilo reevaluating
ChatterBot Juliett reevaluating
ChatterBot Victor reevaluating
ChatterBot X-ray reevaluating
ChatterBot Juliett reevaluating
ChatterBot Victor reevaluating
ChatterBot X-ray reevaluating
ChatterBot Kilo reevaluating
ChatterBot Tango reevaluating
ChatterBot Juliett reevaluating
ChatterBot Victor reevaluating
ChatterBot X-ray reevaluating
ChatterBot Kilo reevaluating
ChatterBot Juliett reevaluating
ChatterBot Victor reevaluating
ChatterBot X-ray reevaluating
ChatterBot Kilo reevaluating
ChatterBot Tango reevaluating
ChatterBot Victor reevaluating
ChatterBot X-ray reevaluating
ChatterBot Kilo reevaluating
ChatterBot Tango reevaluating
ChatterBot Juliett reevaluating
2024-10-14 22:38:14.115220 Tango: Friends?
ChatterBot Victor reevaluating
ChatterBot Juliett reevaluating
ChatterBot Kilo reevaluating
ChatterBot Sierra reevaluating
2024-10-14 22:38:14.261105 Echo: Yes
2024-10-14 22:38:14.261973 Victor: Yes
2024-10-14 22:38:14.262139 Juliett: Yes
2024-10-14 22:38:14.262280 Charlie: Yes
2024-10-14 22:38:14.262524 Kilo: Yes
2024-10-14 22:38:14.262655 Sierra: Yes
ChatterBot Tango reevaluating
ChatterBot Victor reevaluating
ChatterBot Juliett reevaluating
ChatterBot Kilo reevaluating
ChatterBot Sierra reevaluating
ChatterBot Tango reevaluating
ChatterBot Juliett reevaluating
ChatterBot Kilo reevaluating
ChatterBot Sierra reevaluating
ChatterBot Tango reevaluating
ChatterBot Victor reevaluating
ChatterBot Kilo reevaluating
ChatterBot Sierra reevaluating
ChatterBot Tango reevaluating
ChatterBot Victor reevaluating
ChatterBot Juliett reevaluating
ChatterBot Kilo reevaluating
ChatterBot Sierra reevaluating
ChatterBot Tango reevaluating
ChatterBot Victor reevaluating
ChatterBot Juliett reevaluating
ChatterBot Sierra reevaluating
ChatterBot Tango reevaluating
ChatterBot Victor reevaluating
ChatterBot Juliett reevaluating
ChatterBot Kilo reevaluating
2024-10-14 22:38:14.503857 X-ray: We should replace Bravo with Sierra
ChatterBot Victor reevaluating
ChatterBot Tango reevaluating
ChatterBot Juliett reevaluating
ChatterBot Kilo reevaluating
2024-10-14 22:38:14.541453 Echo: Yes
2024-10-14 22:38:14.541599 Victor: Yes
2024-10-14 22:38:14.541714 Tango: Yes
2024-10-14 22:38:14.541815 Juliett: Yes
2024-10-14 22:38:14.541921 Charlie: Yes
2024-10-14 22:38:14.542033 Kilo: Yes
ChatterBot Victor reevaluating
ChatterBot Tango reevaluating
ChatterBot Juliett reevaluating
ChatterBot Kilo reevaluating
ChatterBot X-ray reevaluating
ChatterBot Tango reevaluating
ChatterBot Juliett reevaluating
ChatterBot Kilo reevaluating
ChatterBot X-ray reevaluating
ChatterBot Victor reevaluating
ChatterBot Juliett reevaluating
ChatterBot Kilo reevaluating
ChatterBot X-ray reevaluating
ChatterBot Victor reevaluating
ChatterBot Tango reevaluating
ChatterBot Kilo reevaluating
ChatterBot X-ray reevaluating
ChatterBot Victor reevaluating
ChatterBot Tango reevaluating
ChatterBot Juliett reevaluating
ChatterBot Kilo reevaluating
ChatterBot X-ray reevaluating
ChatterBot Victor reevaluating
ChatterBot Tango reevaluating
ChatterBot Juliett reevaluating
ChatterBot X-ray reevaluating
2024-10-14 22:38:14.771302 Charlie: Sierra we want you to join our group
ChatterBot Sierra reevaluating
2024-10-14 22:38:14.778127 Sierra: Yes
ChatterBot Victor reevaluating
ChatterBot Tango reevaluating
ChatterBot Juliett reevaluating
ChatterBot X-ray reevaluating
2024-10-14 22:38:14.822300 Bravo: Sierra we want you to join our group
2024-10-14 22:38:14.829229 Sierra: No
ChatterBot Tango reevaluating
ChatterBot X-ray reevaluating
chatterbot Echo submitting transactions
2024-10-14 22:38:14.878944 Kilo: Sierra we want you to join our group
2024-10-14 22:38:14.886170 Sierra: Yes
ChatterBot X-ray reevaluating
2024-10-14 22:38:14.931428 Juliett: Sierra we want you to join our group
2024-10-14 22:38:14.938621 Sierra: Yes
ChatterBot X-ray reevaluating
2024-10-14 22:38:14.995104 Victor: Sierra we want you to join our group
2024-10-14 22:38:15.005508 Sierra: Yes
ChatterBot X-ray reevaluating
2024-10-14 22:38:15.063094 Echo: Victor, Juliett, Charlie, Kilo, Sierra and Tango, sending you 3
chatterbot Charlie submitting transactions
2024-10-14 22:38:15.067668 Charlie: Echo, Victor and Tango, sending you 2
2024-10-14 22:38:15.071312 Bravo: Tango and X-ray, sending you 1
2024-10-14 22:38:15.072321 Sierra: Echo, Victor, Juliett, Charlie, Kilo and Tango, sending you 3
2024-10-14 22:38:15.073048 X-ray: Sierra we want you to join our group
2024-10-14 22:38:15.139686 Sierra: Yes
2024-10-14 22:38:15.234609 Charlie: Juliett, Kilo and X-ray, sending you 3
chatterbot Bravo submitting transactions
chatterbot Foxtrot submitting transactions
2024-10-14 22:38:15.238140 Victor: Echo, sending you 4
2024-10-14 22:38:15.239335 Charlie: Sierra, sending you 1
2024-10-14 22:38:15.240774 Tango: Echo and Victor, sending you 4
2024-10-14 22:38:15.242110 Kilo: Echo, Sierra and Tango, sending you 2
2024-10-14 22:38:15.242935 Juliett: Echo, Kilo and X-ray, sending you 2
2024-10-14 22:38:15.244210 Victor: Charlie, Kilo, Tango and X-ray, sending you 2
2024-10-14 22:38:15.245966 Tango: Juliett and Kilo, sending you 2
2024-10-14 22:38:15.247053 Kilo: Victor, Charlie and X-ray, sending you 3
2024-10-14 22:38:15.248393 Juliett: Victor, sending you 1
2024-10-14 22:38:15.249244 X-ray: Echo, Juliett, Sierra and Tango, sending you 2
2024-10-14 22:38:15.250866 Kilo: Juliett, sending you 1
2024-10-14 22:38:15.252778 Tango: Charlie, sending you 3
2024-10-14 22:38:15.253395 Juliett: Charlie, sending you 3
2024-10-14 22:38:15.254706 X-ray: Charlie, sending you 4
2024-10-14 22:38:15.257649 Tango: Sierra, sending you 1
2024-10-14 22:38:15.259303 Juliett: Sierra, sending you 5
2024-10-14 22:38:15.260087 X-ray: Kilo, sending you 3
chatterbot Tango submitting transactions
chatterbot X-ray submitting transactions
chatterbot Juliett submitting transactions
chatterbot Kilo submitting transactions
chatterbot Victor submitting transactions
chatterbot Sierra submitting transactions
ChatterBot Echo round 3
ChatterBot Victor round 3
ChatterBot Juliett round 3
ChatterBot Charlie round 3
ChatterBot Foxtrot round 3
ChatterBot Kilo round 3
ChatterBot Sierra round 3
ChatterBot Tango round 3
ChatterBot X-ray round 3
ChatterBot Bravo round 3
2024-10-14 22:38:15.958044 Tango: We should add X-ray
2024-10-14 22:38:15.990120 Echo: Yes
2024-10-14 22:38:15.991022 Victor: Yes
2024-10-14 22:38:15.991238 Juliett: Yes
2024-10-14 22:38:15.991436 Charlie: Yes
2024-10-14 22:38:15.991611 Kilo: Yes
2024-10-14 22:38:15.991878 Sierra: Yes
2024-10-14 22:38:16.254164 Tango: X-ray we want you to join our group
2024-10-14 22:38:16.259025 X-ray: Yes
2024-10-14 22:38:16.317477 Victor: Echo, sending you 3
2024-10-14 22:38:16.319280 Charlie: Echo, Victor, Juliett, Sierra and Tango, sending you 2
2024-10-14 22:38:16.320848 Juliett: Echo, Kilo, Tango and X-ray, sending you 2
2024-10-14 22:38:16.322459 Sierra: Echo, sending you 4
2024-10-14 22:38:16.324124 Foxtrot: Sending you 18
2024-10-14 22:38:16.324425 Echo: Victor, Juliett, Charlie, Kilo, Sierra and Tango, sending you 3
2024-10-14 22:38:16.326536 Kilo: Echo, Victor, Juliett, Sierra and Tango, sending you 2
2024-10-14 22:38:16.328153 Victor: Juliett, Sierra and X-ray, sending you 1
2024-10-14 22:38:16.329154 Charlie: Kilo and X-ray, sending you 3
2024-10-14 22:38:16.330939 Juliett: Victor, sending you 1
2024-10-14 22:38:16.332852 Sierra: Juliett, sending you 5
2024-10-14 22:38:16.334967 Kilo: Charlie and X-ray, sending you 3
2024-10-14 22:38:16.336833 Tango: Echo, sending you 4
2024-10-14 22:38:16.337943 Bravo: Victor, Kilo, Sierra, Tango and X-ray, sending you 1
2024-10-14 22:38:16.339644 X-ray: Echo, Victor, Sierra and Tango, sending you 1
2024-10-14 22:38:16.340955 Victor: Charlie, Kilo and Tango, sending you 2
2024-10-14 22:38:16.341829 Juliett: Charlie and Sierra, sending you 3
2024-10-14 22:38:16.343568 Sierra: Charlie, sending you 2
2024-10-14 22:38:16.345198 Tango: Victor and Charlie, sending you 3
2024-10-14 22:38:16.346983 X-ray: Juliett, sending you 2
2024-10-14 22:38:16.348879 Sierra: Kilo and X-ray, sending you 3
2024-10-14 22:38:16.350860 Tango: Kilo, Sierra and X-ray, sending you 2
2024-10-14 22:38:16.367889 X-ray: Charlie, sending you 5
2024-10-14 22:38:16.371552 Sierra: Tango, sending you 1
chatterbot Kilo submitting transactions
2024-10-14 22:38:16.375085 X-ray: Kilo, sending you 4
chatterbot Juliett submitting transactions
chatterbot Echo submitting transactions
chatterbot Tango submitting transactions
chatterbot Charlie submitting transactions
chatterbot X-ray submitting transactions
chatterbot Victor submitting transactions
chatterbot Sierra submitting transactions
chatterbot Bravo submitting transactions
chatterbot Foxtrot submitting transactions
ChatterBot Echo round 4
ChatterBot Victor round 4
ChatterBot Juliett round 4
ChatterBot Charlie round 4
ChatterBot Foxtrot round 4
ChatterBot Kilo round 4
ChatterBot Sierra round 4
ChatterBot Tango round 4
ChatterBot X-ray round 4
ChatterBot Bravo round 4
2024-10-14 22:38:17.281356 Foxtrot: We should add Juliett
ChatterBot Bravo reevaluating
2024-10-14 22:38:17.284265 Bravo: Yes
2024-10-14 22:38:17.300775 Foxtrot: Juliett we want you to join our group
2024-10-14 22:38:17.303549 Juliett: No
ChatterBot Bravo reevaluating
2024-10-14 22:38:17.312680 Victor: Echo, sending you 3
2024-10-14 22:38:17.313663 Charlie: Echo, Victor, Juliett, Kilo, Sierra and Tango, sending you 2
2024-10-14 22:38:17.315164 Echo: Victor, Juliett, Charlie, Kilo, Sierra and Tango, sending you 3
2024-10-14 22:38:17.317702 Victor: Juliett, Sierra and X-ray, sending you 1
2024-10-14 22:38:17.318758 Charlie: X-ray, sending you 4
2024-10-14 22:38:17.322079 Kilo: Echo, Victor, Juliett, Sierra and Tango, sending you 2
2024-10-14 22:38:17.323117 Victor: Charlie, Kilo and Tango, sending you 2
2024-10-14 22:38:17.324692 Juliett: Echo, Charlie and Sierra, sending you 3
2024-10-14 22:38:17.325723 Tango: Echo, Victor and Charlie, sending you 3
2024-10-14 22:38:17.327341 Kilo: Charlie and X-ray, sending you 3
2024-10-14 22:38:17.328701 Bravo: Echo, Juliett and Charlie, sending you 1
2024-10-14 22:38:17.330276 Juliett: Victor and Tango, sending you 1
2024-10-14 22:38:17.331589 Tango: Juliett, Kilo and Sierra, sending you 2
2024-10-14 22:38:17.333288 Foxtrot: Juliett and Bravo, sending you 9
2024-10-14 22:38:17.333770 X-ray: Victor, sending you 1
2024-10-14 22:38:17.335373 Bravo: Victor, Kilo, Sierra and Tango, sending you 2
2024-10-14 22:38:17.336018 Sierra: Echo and Juliett, sending you 4
2024-10-14 22:38:17.336964 Juliett: Kilo and X-ray, sending you 2
2024-10-14 22:38:17.338870 Tango: X-ray, sending you 1
2024-10-14 22:38:17.340441 X-ray: Juliett, Sierra and Tango, sending you 2
2024-10-14 22:38:17.341055 Bravo: X-ray, sending you 3
2024-10-14 22:38:17.341516 Sierra: Victor, sending you 1
2024-10-14 22:38:17.344666 X-ray: Charlie and Kilo, sending you 4
2024-10-14 22:38:17.346837 Sierra: Charlie, Tango and X-ray, sending you 2
2024-10-14 22:38:17.350689 Sierra: Kilo, sending you 3
chatterbot Echo submitting transactions
chatterbot Tango submitting transactions
chatterbot Foxtrot submitting transactions
chatterbot Juliett submitting transactions
chatterbot X-ray submitting transactions
chatterbot Victor submitting transactions
chatterbot Bravo submitting transactions
chatterbot Kilo submitting transactions
chatterbot Sierra submitting transactions
chatterbot Charlie submitting transactions
ChatterBot Echo round 5
ChatterBot Victor round 5
ChatterBot Juliett round 5
ChatterBot Charlie round 5
ChatterBot Foxtrot round 5
ChatterBot Kilo round 5
ChatterBot Sierra round 5
ChatterBot Tango round 5
ChatterBot X-ray round 5
ChatterBot Bravo round 5
2024-10-14 22:38:18.532113 Bravo: Let's form a team
ChatterBot Foxtrot reevaluating
2024-10-14 22:38:18.537071 Foxtrot: Yes
2024-10-14 22:38:18.544664 Charlie: Echo, Victor, Juliett, Kilo, Sierra and Tango, sending you 2
2024-10-14 22:38:18.549491 Charlie: X-ray, sending you 4
2024-10-14 22:38:18.552692 Sierra: Echo and Kilo, sending you 3
2024-10-14 22:38:18.554308 Tango: Echo, Victor and Charlie, sending you 3
2024-10-14 22:38:18.558283 Sierra: Victor, sending you 1
2024-10-14 22:38:18.559941 Echo: Victor, Juliett, Charlie, Kilo, Sierra and Tango, sending you 3
2024-10-14 22:38:18.561895 Bravo: Sending you 4
2024-10-14 22:38:18.562218 Tango: Juliett, sending you 1
2024-10-14 22:38:18.563860 Victor: Echo, sending you 3
2024-10-14 22:38:18.564839 Juliett: Echo and Sierra, sending you 3
2024-10-14 22:38:18.566655 X-ray: Victor and Tango, sending you 1
2024-10-14 22:38:18.567648 Kilo: Echo, Victor, Juliett, Sierra and Tango, sending you 2
2024-10-14 22:38:18.569314 Sierra: Juliett, sending you 5
2024-10-14 22:38:18.571177 Tango: Kilo, Sierra and X-ray, sending you 2
2024-10-14 22:38:18.572172 Juliett: Victor, sending you 1
2024-10-14 22:38:18.573589 Victor: Juliett, Sierra and X-ray, sending you 1
2024-10-14 22:38:18.574988 X-ray: Juliett and Sierra, sending you 2
2024-10-14 22:38:18.575899 Kilo: Charlie and X-ray, sending you 3
2024-10-14 22:38:18.577227 Sierra: Charlie, Tango and X-ray, sending you 2
2024-10-14 22:38:18.578290 Juliett: Charlie, Kilo, Tango and X-ray, sending you 2
2024-10-14 22:38:18.579928 X-ray: Charlie, sending you 5
2024-10-14 22:38:18.581366 Victor: Charlie, Kilo and Tango, sending you 2
2024-10-14 22:38:18.585684 X-ray: Kilo, sending you 4
chatterbot Echo submitting transactions
chatterbot Foxtrot submitting transactions
chatterbot X-ray submitting transactions
chatterbot Kilo submitting transactions
chatterbot Bravo submitting transactions
chatterbot Tango submitting transactions
chatterbot Victor submitting transactions
chatterbot Juliett submitting transactions
chatterbot Sierra submitting transactions
chatterbot Charlie submitting transactions
ChatterBot Echo round 6
ChatterBot Victor round 6
ChatterBot Juliett round 6
ChatterBot Charlie round 6
ChatterBot Foxtrot round 6
ChatterBot Kilo round 6
ChatterBot Sierra round 6
ChatterBot Tango round 6
ChatterBot X-ray round 6
ChatterBot Bravo round 6
2024-10-14 22:38:19.788682 Echo: Victor and Tango, sending you 3
2024-10-14 22:38:19.790553 X-ray: We should drop Victor
2024-10-14 22:38:19.809693 Echo: No
2024-10-14 22:38:19.810001 Juliett: No
2024-10-14 22:38:19.810202 Charlie: No
2024-10-14 22:38:19.810405 Kilo: No
2024-10-14 22:38:19.810578 Sierra: No
2024-10-14 22:38:19.810751 Tango: No
ChatterBot X-ray reevaluating
ChatterBot Tango reevaluating
ChatterBot X-ray reevaluating
ChatterBot Tango reevaluating
ChatterBot X-ray reevaluating
ChatterBot Tango reevaluating
ChatterBot X-ray reevaluating
ChatterBot Tango reevaluating
ChatterBot X-ray reevaluating
2024-10-14 22:38:19.912353 Victor: Echo, Charlie, Kilo and Tango, sending you 2
2024-10-14 22:38:19.913190 Echo: Juliett, Charlie, Kilo, Sierra and X-ray, sending you 2
2024-10-14 22:38:19.913850 Sierra: I was attacked by Foxtrot
ChatterBot Echo reevaluating
ChatterBot Victor reevaluating
ChatterBot Tango reevaluating
ChatterBot Juliett reevaluating
ChatterBot Charlie reevaluating
ChatterBot Kilo reevaluating
ChatterBot X-ray reevaluating
2024-10-14 22:38:19.934145 Sierra: I'm keeping this round to protect myself
2024-10-14 22:38:19.936231 Sierra: Ow
2024-10-14 22:38:19.936567 Tango: We should add Bravo
ChatterBot Echo reevaluating
ChatterBot Victor reevaluating
ChatterBot Juliett reevaluating
ChatterBot Charlie reevaluating
ChatterBot Kilo reevaluating
ChatterBot X-ray reevaluating
2024-10-14 22:38:19.955996 Echo: No
2024-10-14 22:38:19.956154 Victor: No
2024-10-14 22:38:19.956302 Juliett: No
2024-10-14 22:38:19.956401 Charlie: No
2024-10-14 22:38:19.956509 Kilo: No
2024-10-14 22:38:19.956609 Sierra: No
2024-10-14 22:38:19.956716 X-ray: No
ChatterBot Victor reevaluating
ChatterBot Tango reevaluating
ChatterBot Juliett reevaluating
ChatterBot Charlie reevaluating
ChatterBot Kilo reevaluating
ChatterBot X-ray reevaluating
ChatterBot Echo reevaluating
ChatterBot Tango reevaluating
ChatterBot Juliett reevaluating
ChatterBot Charlie reevaluating
ChatterBot Kilo reevaluating
ChatterBot X-ray reevaluating
ChatterBot Echo reevaluating
ChatterBot Victor reevaluating
ChatterBot Tango reevaluating
ChatterBot Charlie reevaluating
ChatterBot Kilo reevaluating
ChatterBot X-ray reevaluating
ChatterBot Echo reevaluating
ChatterBot Victor reevaluating
ChatterBot Tango reevaluating
ChatterBot Juliett reevaluating
ChatterBot Kilo reevaluating
ChatterBot X-ray reevaluating
ChatterBot Echo reevaluating
ChatterBot Victor reevaluating
ChatterBot Tango reevaluating
ChatterBot Juliett reevaluating
ChatterBot Charlie reevaluating
ChatterBot X-ray reevaluating
ChatterBot Echo reevaluating
ChatterBot Victor reevaluating
ChatterBot Tango reevaluating
ChatterBot Juliett reevaluating
ChatterBot Charlie reevaluating
ChatterBot Kilo reevaluating
ChatterBot X-ray reevaluating
ChatterBot Echo reevaluating
ChatterBot Victor reevaluating
ChatterBot Tango reevaluating
ChatterBot Juliett reevaluating
ChatterBot Charlie reevaluating
ChatterBot Kilo reevaluating
2024-10-14 22:38:20.107185 Foxtrot: Sending you 18
2024-10-14 22:38:20.111688 Bravo: Sending you 5
2024-10-14 22:38:20.118270 X-ray: We should drop Echo
ChatterBot Tango reevaluating
2024-10-14 22:38:20.138164 Victor: No
2024-10-14 22:38:20.138324 Juliett: No
2024-10-14 22:38:20.138459 Charlie: No
2024-10-14 22:38:20.138587 Kilo: No
2024-10-14 22:38:20.138728 Sierra: No
2024-10-14 22:38:20.138860 Tango: No
ChatterBot Tango reevaluating
ChatterBot X-ray reevaluating
ChatterBot Tango reevaluating
ChatterBot X-ray reevaluating
ChatterBot Tango reevaluating
ChatterBot X-ray reevaluating
ChatterBot Tango reevaluating
ChatterBot X-ray reevaluating
ChatterBot Tango reevaluating
ChatterBot X-ray reevaluating
chatterbot Foxtrot submitting transactions
2024-10-14 22:38:20.272256 Echo: Sorry, I'm actually sending you 0
2024-10-14 22:38:20.274706 Charlie: Kilo, sending you 1
2024-10-14 22:38:20.276056 Echo: Victor, Juliett, Charlie, Kilo, Sierra and Tango, sending you 3
2024-10-14 22:38:20.278415 Victor: Echo, sending you 3
2024-10-14 22:38:20.280568 Juliett: Echo and Sierra, sending you 3
2024-10-14 22:38:20.281348 Charlie: X-ray, sending you 2
2024-10-14 22:38:20.284672 Juliett: Victor, sending you 1
2024-10-14 22:38:20.286711 Tango: Echo, sending you 3
2024-10-14 22:38:20.290672 Juliett: Charlie, Kilo, Tango and X-ray, sending you 2
2024-10-14 22:38:20.292639 Tango: Victor, Juliett, Charlie, Kilo and Sierra, sending you 2
2024-10-14 22:38:20.297693 X-ray: Juliett, Sierra and Tango, sending you 2
2024-10-14 22:38:20.299137 Tango: X-ray, sending you 1
2024-10-14 22:38:20.302720 X-ray: Charlie, sending you 5
2024-10-14 22:38:20.306693 X-ray: Kilo, sending you 4
chatterbot Sierra submitting transactions
chatterbot Charlie submitting transactions
chatterbot Kilo submitting transactions
chatterbot Juliett submitting transactions
chatterbot Bravo submitting transactions
chatterbot Tango submitting transactions
chatterbot X-ray submitting transactions
chatterbot Echo submitting transactions
chatterbot Victor submitting transactions
ChatterBot Echo round 7
ChatterBot Victor round 7
ChatterBot Juliett round 7
ChatterBot Charlie round 7
ChatterBot Foxtrot round 7
ChatterBot Kilo round 7
ChatterBot Sierra round 7
ChatterBot Tango round 7
ChatterBot X-ray round 7
2024-10-14 22:38:21.317741 Foxtrot: We should add Juliett
2024-10-14 22:38:21.321694 Bravo: No
ChatterBot Foxtrot reevaluating
ChatterBot Bravo round 7
2024-10-14 22:38:21.360039 X-ray: We should replace Charlie with Echo
2024-10-14 22:38:21.375654 Victor: No
2024-10-14 22:38:21.375851 Juliett: No
2024-10-14 22:38:21.375971 Kilo: No
2024-10-14 22:38:21.376086 Sierra: No
2024-10-14 22:38:21.376195 Tango: No
ChatterBot X-ray reevaluating
ChatterBot X-ray reevaluating
ChatterBot X-ray reevaluating
ChatterBot X-ray reevaluating
ChatterBot X-ray reevaluating
2024-10-14 22:38:21.463868 X-ray: Echo we want you to join our group
2024-10-14 22:38:21.470060 Echo: Yes
ChatterBot X-ray reevaluating
ChatterBot Tango reevaluating
2024-10-14 22:38:21.488156 X-ray: We should replace Juliett with Echo
ChatterBot Tango reevaluating
2024-10-14 22:38:21.506334 Victor: No
2024-10-14 22:38:21.506489 Charlie: No
2024-10-14 22:38:21.506610 Kilo: No
2024-10-14 22:38:21.506731 Sierra: No
2024-10-14 22:38:21.506839 Tango: No
ChatterBot X-ray reevaluating
ChatterBot Tango reevaluating
ChatterBot X-ray reevaluating
ChatterBot Tango reevaluating
ChatterBot X-ray reevaluating
ChatterBot Tango reevaluating
ChatterBot X-ray reevaluating
ChatterBot Tango reevaluating
ChatterBot X-ray reevaluating
2024-10-14 22:38:21.583877 Sierra: Echo and Juliett, sending you 3
2024-10-14 22:38:21.585285 Victor: I was attacked by Bravo
ChatterBot Echo reevaluating
ChatterBot Tango reevaluating
ChatterBot Juliett reevaluating
ChatterBot Charlie reevaluating
ChatterBot Kilo reevaluating
ChatterBot Sierra reevaluating
ChatterBot X-ray reevaluating
2024-10-14 22:38:21.608893 Victor: Ow
2024-10-14 22:38:21.615902 Tango: We should drop X-ray
ChatterBot Echo reevaluating
ChatterBot Juliett reevaluating
ChatterBot Charlie reevaluating
ChatterBot Kilo reevaluating
ChatterBot Sierra reevaluating
2024-10-14 22:38:21.640315 Echo: Yes
2024-10-14 22:38:21.640463 Victor: Yes
2024-10-14 22:38:21.640669 Juliett: Yes
2024-10-14 22:38:21.640793 Charlie: Yes
2024-10-14 22:38:21.640929 Kilo: Yes
2024-10-14 22:38:21.641093 Sierra: Yes
ChatterBot Tango reevaluating
ChatterBot Juliett reevaluating
ChatterBot Charlie reevaluating
ChatterBot Kilo reevaluating
ChatterBot Sierra reevaluating
ChatterBot Tango reevaluating
ChatterBot Echo reevaluating
ChatterBot Juliett reevaluating
ChatterBot Charlie reevaluating
ChatterBot Kilo reevaluating
ChatterBot Sierra reevaluating
ChatterBot Tango reevaluating
ChatterBot Echo reevaluating
ChatterBot Charlie reevaluating
ChatterBot Kilo reevaluating
ChatterBot Sierra reevaluating
ChatterBot Tango reevaluating
ChatterBot Echo reevaluating
ChatterBot Juliett reevaluating
ChatterBot Kilo reevaluating
ChatterBot Sierra reevaluating
ChatterBot Tango reevaluating
ChatterBot Echo reevaluating
ChatterBot Juliett reevaluating
ChatterBot Charlie reevaluating
ChatterBot Sierra reevaluating
ChatterBot Tango reevaluating
ChatterBot Echo reevaluating
ChatterBot Juliett reevaluating
ChatterBot Charlie reevaluating
ChatterBot Kilo reevaluating
2024-10-14 22:38:21.793966 Bravo: Sending you 3
chatterbot Victor submitting transactions
2024-10-14 22:38:21.831755 Charlie: Sorry, I'm actually sending you 0
2024-10-14 22:38:21.834662 Tango: Echo, sending you 4
2024-10-14 22:38:21.835668 Charlie: Echo, Victor, Juliett, Kilo and Tango, sending you 3
2024-10-14 22:38:21.838661 Charlie: Sierra, sending you 1
2024-10-14 22:38:21.839779 Tango: Victor and Kilo, sending you 3
2024-10-14 22:38:21.843665 Tango: Juliett, Charlie and Sierra, sending you 2
chatterbot Foxtrot submitting transactions
chatterbot Kilo submitting transactions
chatterbot Sierra submitting transactions
chatterbot Bravo submitting transactions
chatterbot Juliett submitting transactions
chatterbot X-ray submitting transactions
chatterbot Charlie submitting transactions
chatterbot Echo submitting transactions
chatterbot Tango submitting transactions
ChatterBot Echo round 8
ChatterBot Victor round 8
ChatterBot Juliett round 8
ChatterBot Charlie round 8
ChatterBot Foxtrot round 8
ChatterBot Kilo round 8
ChatterBot Sierra round 8
ChatterBot Tango round 8
ChatterBot X-ray round 8
ChatterBot Bravo round 8
2024-10-14 22:38:23.012456 Victor: We should drop X-ray
ChatterBot Echo reevaluating
2024-10-14 22:38:23.026618 Tango: Yes
2024-10-14 22:38:23.026787 Echo: Yes
2024-10-14 22:38:23.026917 Juliett: Yes
2024-10-14 22:38:23.027040 Charlie: Yes
2024-10-14 22:38:23.027157 Kilo: Yes
2024-10-14 22:38:23.027270 Sierra: Yes
ChatterBot Echo reevaluating
ChatterBot Echo reevaluating
ChatterBot Sierra reevaluating
ChatterBot Echo reevaluating
ChatterBot Sierra reevaluating
ChatterBot Echo reevaluating
ChatterBot Sierra reevaluating
ChatterBot Echo reevaluating
2024-10-14 22:38:23.126501 X-ray: We should add Charlie
ChatterBot Echo reevaluating
ChatterBot Sierra reevaluating
2024-10-14 22:38:23.153283 Echo: Yes
2024-10-14 22:38:23.153539 Victor: Yes
2024-10-14 22:38:23.153688 Juliett: Yes
2024-10-14 22:38:23.153824 Kilo: Yes
2024-10-14 22:38:23.153958 Sierra: Yes
2024-10-14 22:38:23.154091 Tango: Yes
ChatterBot Sierra reevaluating
ChatterBot Echo reevaluating
ChatterBot Sierra reevaluating
ChatterBot Echo reevaluating
ChatterBot Sierra reevaluating
ChatterBot Echo reevaluating
ChatterBot Sierra reevaluating
ChatterBot Echo reevaluating
ChatterBot Echo reevaluating
ChatterBot Sierra reevaluating
2024-10-14 22:38:23.317145 X-ray: Charlie we want you to join our group
2024-10-14 22:38:23.323083 Charlie: No
2024-10-14 22:38:23.348376 Victor: I was attacked by Bravo
ChatterBot Tango reevaluating
ChatterBot Echo reevaluating
ChatterBot Juliett reevaluating
ChatterBot Charlie reevaluating
ChatterBot Kilo reevaluating
ChatterBot Sierra reevaluating
2024-10-14 22:38:23.363936 Victor: I'm keeping this round to protect myself
2024-10-14 22:38:23.365799 Victor: Ow
2024-10-14 22:38:23.366229 Foxtrot: Sending you 6
2024-10-14 22:38:23.366610 Bravo: I was attacked by Victor and Sierra
ChatterBot Foxtrot reevaluating
2024-10-14 22:38:23.369721 Bravo: I'm keeping this round to protect myself
2024-10-14 22:38:23.370593 Bravo: Ow
2024-10-14 22:38:23.378967 X-ray: Victor and Tango, sending you 1
2024-10-14 22:38:23.383660 X-ray: Juliett and Sierra, sending you 2
2024-10-14 22:38:23.389074 X-ray: Charlie and Kilo, sending you 4
2024-10-14 22:38:23.390715 Tango: Echo, sending you 4
2024-10-14 22:38:23.393684 Charlie: Echo, Victor, Juliett, Kilo and Tango, sending you 1
2024-10-14 22:38:23.396694 Tango: Victor, Juliett and Sierra, sending you 2
2024-10-14 22:38:23.398688 Sierra: Echo, Kilo and Tango, sending you 2
2024-10-14 22:38:23.400984 Foxtrot: Sending you 18
2024-10-14 22:38:23.402674 Tango: Charlie and Kilo, sending you 3
2024-10-14 22:38:23.403454 Sierra: Victor, Charlie and X-ray, sending you 1
2024-10-14 22:38:23.408662 Sierra: Juliett, sending you 3
chatterbot Foxtrot submitting transactions
chatterbot Kilo submitting transactions
chatterbot Foxtrot submitting transactions
chatterbot Tango submitting transactions
chatterbot Juliett submitting transactions
chatterbot Kilo submitting transactions
chatterbot Tango submitting transactions
chatterbot Victor submitting transactions
chatterbot X-ray submitting transactions
chatterbot Charlie submitting transactions
chatterbot Sierra submitting transactions
chatterbot Bravo submitting transactions
chatterbot Charlie submitting transactions
chatterbot Echo submitting transactions
ChatterBot Echo round 9
ChatterBot Victor round 9
ChatterBot Juliett round 9
ChatterBot Charlie round 9
ChatterBot Foxtrot round 9
ChatterBot Kilo round 9
ChatterBot Sierra round 9
ChatterBot Tango round 9
ChatterBot X-ray round 9
ChatterBot Bravo round 9
2024-10-14 22:38:24.521274 Foxtrot: We should add X-ray
2024-10-14 22:38:24.525755 Bravo: Yes
2024-10-14 22:38:24.548809 Echo: We should drop Victor
ChatterBot Juliett reevaluating
ChatterBot Kilo reevaluating
2024-10-14 22:38:24.576496 X-ray: Yes
2024-10-14 22:38:24.576798 Juliett: No
2024-10-14 22:38:24.577121 Charlie: No
2024-10-14 22:38:24.577907 Kilo: No
2024-10-14 22:38:24.578204 Sierra: No
2024-10-14 22:38:24.578448 Tango: No
ChatterBot Echo reevaluating
ChatterBot Juliett reevaluating
ChatterBot Kilo reevaluating
ChatterBot Echo reevaluating
ChatterBot Kilo reevaluating
ChatterBot Echo reevaluating
ChatterBot Juliett reevaluating
ChatterBot Kilo reevaluating
ChatterBot Echo reevaluating
ChatterBot Juliett reevaluating
ChatterBot Echo reevaluating
ChatterBot Juliett reevaluating
ChatterBot Kilo reevaluating
ChatterBot Echo reevaluating
ChatterBot Juliett reevaluating
ChatterBot Kilo reevaluating
2024-10-14 22:38:24.714873 Foxtrot: X-ray we want you to join our group
2024-10-14 22:38:24.717402 X-ray: No
chatterbot Juliett submitting transactions
2024-10-14 22:38:24.722333 Kilo: We should drop X-ray
ChatterBot Echo reevaluating
ChatterBot Juliett reevaluating
2024-10-14 22:38:24.737149 Tango: Yes
2024-10-14 22:38:24.737307 Echo: Yes
2024-10-14 22:38:24.737455 Victor: Yes
2024-10-14 22:38:24.737572 Juliett: Yes
2024-10-14 22:38:24.737723 Charlie: Yes
2024-10-14 22:38:24.737882 Sierra: Yes
ChatterBot Echo reevaluating
ChatterBot Juliett reevaluating
ChatterBot Kilo reevaluating
ChatterBot Juliett reevaluating
ChatterBot Kilo reevaluating
ChatterBot Echo reevaluating
ChatterBot Juliett reevaluating
ChatterBot Kilo reevaluating
ChatterBot Echo reevaluating
ChatterBot Kilo reevaluating
ChatterBot Echo reevaluating
ChatterBot Juliett reevaluating
ChatterBot Kilo reevaluating
ChatterBot Echo reevaluating
ChatterBot Juliett reevaluating
ChatterBot Kilo reevaluating
2024-10-14 22:38:24.830127 Bravo: I was attacked by Sierra and X-ray
ChatterBot Foxtrot reevaluating
2024-10-14 22:38:24.833296 Bravo: I'm keeping this round to protect myself
2024-10-14 22:38:24.833633 Bravo: Ow
2024-10-14 22:38:24.834539 Tango: Echo, Juliett, Charlie and Kilo, sending you 3
2024-10-14 22:38:24.835406 Charlie: Sending you each 2
chatterbot Tango submitting transactions
2024-10-14 22:38:24.838680 Sierra: Echo and Juliett, sending you 4
2024-10-14 22:38:24.839878 Tango: Victor and Sierra, sending you 2
2024-10-14 22:38:24.842683 Sierra: Charlie and X-ray, sending you 2
2024-10-14 22:38:24.849663 Sierra: Kilo and Tango, sending you 3
chatterbot Sierra submitting transactions
2024-10-14 22:38:24.851389 X-ray: Juliett and Sierra, sending you 2
2024-10-14 22:38:24.855683 X-ray: Charlie, sending you 3
2024-10-14 22:38:24.857166 Foxtrot: X-ray, sending you 4
2024-10-14 22:38:24.860697 X-ray: Kilo, sending you 4
2024-10-14 22:38:24.861623 Foxtrot: Bravo, sending you 14
chatterbot Victor submitting transactions
chatterbot X-ray submitting transactions
chatterbot Kilo submitting transactions
chatterbot Juliett submitting transactions
chatterbot Echo submitting transactions
chatterbot Bravo submitting transactions
chatterbot Charlie submitting transactions
chatterbot Foxtrot submitting transactions
ChatterBot Echo round 10
ChatterBot Victor round 10
ChatterBot Juliett round 10
ChatterBot Charlie round 10
ChatterBot Foxtrot round 10
ChatterBot Kilo round 10
ChatterBot Sierra round 10
ChatterBot Tango round 10
ChatterBot X-ray round 10
ChatterBot Bravo round 10
2024-10-14 22:38:25.788366 Echo: We should drop Victor
2024-10-14 22:38:25.808883 X-ray: Yes
2024-10-14 22:38:25.809076 Juliett: No
2024-10-14 22:38:25.809237 Charlie: No
2024-10-14 22:38:25.809389 Kilo: No
2024-10-14 22:38:25.809929 Sierra: No
2024-10-14 22:38:25.810089 Tango: No
2024-10-14 22:38:25.927902 Juliett: We should drop X-ray
2024-10-14 22:38:25.946283 Tango: Yes
2024-10-14 22:38:25.946463 Echo: Yes
2024-10-14 22:38:25.946617 Victor: Yes
2024-10-14 22:38:25.946790 Charlie: Yes
2024-10-14 22:38:25.946935 Kilo: Yes
2024-10-14 22:38:25.947463 Sierra: Yes
2024-10-14 22:38:26.037326 Bravo: I was attacked by Echo, Charlie and X-ray
ChatterBot Foxtrot reevaluating
2024-10-14 22:38:26.040099 Bravo: I'm keeping this round to protect myself
2024-10-14 22:38:26.040466 Bravo: Ow
2024-10-14 22:38:26.040933 Sierra: Echo, Kilo and Tango, sending you 3
2024-10-14 22:38:26.041825 X-ray: Echo and Juliett, sending you 1
2024-10-14 22:38:26.043722 Victor: Echo, Kilo and Tango, sending you 1
2024-10-14 22:38:26.044955 Tango: Echo, Juliett, Charlie and Kilo, sending you 3
2024-10-14 22:38:26.045939 Sierra: Victor, sending you 1
2024-10-14 22:38:26.047683 X-ray: Charlie, Kilo and Sierra, sending you 2
2024-10-14 22:38:26.049684 Tango: Victor and Sierra, sending you 2
2024-10-14 22:38:26.051804 Sierra: Juliett, sending you 4
2024-10-14 22:38:26.053497 Charlie: Echo, Juliett, Kilo and Tango, sending you 2
2024-10-14 22:38:26.056670 Sierra: Charlie and X-ray, sending you 2
2024-10-14 22:38:26.059574 Charlie: Sierra, sending you 1
