ChatterBot Golf round 1
ChatterBot Alpha round 1
ChatterBot Delta round 1
ChatterBot Charlie round 1
ChatterBot Romeo round 1
ChatterBot Mike round 1
ChatterBot Papa round 1
ChatterBot Victor round 1
ChatterBot Whiskey round 1
randomSelections Charlie: {Charlie, Delta, Whiskey, Yankee} 
2024-10-14 22:38:07.514982 Charlie: Group up?
ChatterBot Delta reevaluating
ChatterBot Whiskey reevaluating
2024-10-14 22:38:07.523197 Delta: Yes
2024-10-14 22:38:07.524141 Whiskey: Yes
ChatterBot Whiskey reevaluating
ChatterBot Delta reevaluating
ChatterBot Yankee round 1
ChatterBot Yankee reevaluating
ChatterBot Yankee reevaluating
ChatterBot Yankee reevaluating
2024-10-14 22:38:07.547071 Yankee: Yes
ChatterBot Delta reevaluating
ChatterBot Whiskey reevaluating
randomSelections Alpha: {Alpha, Romeo, Papa, Charlie, Yankee, Whiskey, Victor} 
2024-10-14 22:38:07.559312 Alpha: We should group up
ChatterBot Romeo reevaluating
ChatterBot Papa reevaluating
ChatterBot Yankee reevaluating
ChatterBot Whiskey reevaluating
ChatterBot Victor reevaluating
2024-10-14 22:38:07.576308 Romeo: Yes
2024-10-14 22:38:07.576480 Papa: Yes
2024-10-14 22:38:07.576633 Charlie: No
2024-10-14 22:38:07.576835 Yankee: No
2024-10-14 22:38:07.577013 Whiskey: No
2024-10-14 22:38:07.577622 Victor: Yes
ChatterBot Papa reevaluating
ChatterBot Yankee reevaluating
ChatterBot Whiskey reevaluating
ChatterBot Victor reevaluating
ChatterBot Romeo reevaluating
ChatterBot Yankee reevaluating
ChatterBot Whiskey reevaluating
ChatterBot Victor reevaluating
ChatterBot Romeo reevaluating
ChatterBot Papa reevaluating
ChatterBot Yankee reevaluating
ChatterBot Whiskey reevaluating
ChatterBot Victor reevaluating
ChatterBot Romeo reevaluating
ChatterBot Papa reevaluating
ChatterBot Whiskey reevaluating
ChatterBot Victor reevaluating
ChatterBot Romeo reevaluating
ChatterBot Papa reevaluating
ChatterBot Yankee reevaluating
ChatterBot Victor reevaluating
ChatterBot Romeo reevaluating
ChatterBot Papa reevaluating
ChatterBot Yankee reevaluating
ChatterBot Whiskey reevaluating
randomSelections Mike: {Mike, Yankee, Whiskey, Papa, Charlie, Alpha, Delta, Golf} 
2024-10-14 22:38:07.762509 Mike: Can we be friends?
ChatterBot Yankee reevaluating
ChatterBot Whiskey reevaluating
ChatterBot Papa reevaluating
ChatterBot Delta reevaluating
ChatterBot Golf reevaluating
2024-10-14 22:38:07.773521 Yankee: No
2024-10-14 22:38:07.773764 Whiskey: No
2024-10-14 22:38:07.774538 Papa: No
2024-10-14 22:38:07.774891 Charlie: No
2024-10-14 22:38:07.775228 Alpha: No
2024-10-14 22:38:07.775948 Delta: No
2024-10-14 22:38:07.776106 Golf: Yes
ChatterBot Whiskey reevaluating
ChatterBot Papa reevaluating
ChatterBot Delta reevaluating
ChatterBot Golf reevaluating
ChatterBot Yankee reevaluating
ChatterBot Papa reevaluating
ChatterBot Delta reevaluating
ChatterBot Golf reevaluating
ChatterBot Yankee reevaluating
ChatterBot Whiskey reevaluating
ChatterBot Delta reevaluating
ChatterBot Golf reevaluating
ChatterBot Yankee reevaluating
ChatterBot Whiskey reevaluating
ChatterBot Papa reevaluating
ChatterBot Delta reevaluating
ChatterBot Golf reevaluating
ChatterBot Yankee reevaluating
ChatterBot Whiskey reevaluating
ChatterBot Papa reevaluating
ChatterBot Delta reevaluating
ChatterBot Golf reevaluating
ChatterBot Yankee reevaluating
ChatterBot Whiskey reevaluating
ChatterBot Papa reevaluating
ChatterBot Golf reevaluating
ChatterBot Yankee reevaluating
ChatterBot Whiskey reevaluating
ChatterBot Papa reevaluating
ChatterBot Delta reevaluating
2024-10-14 22:38:07.875142 Mike: Alpha, Delta and Charlie, sending you 1
2024-10-14 22:38:07.879669 Romeo: Alpha, sending you 3
2024-10-14 22:38:07.880734 Mike: Papa and Yankee, sending you 4
2024-10-14 22:38:07.882560 Delta: Charlie, sending you 5
2024-10-14 22:38:07.883387 Charlie: Sending you each 5
2024-10-14 22:38:07.885076 Romeo: Charlie, sending you 5
2024-10-14 22:38:07.886803 Papa: Alpha, sending you 6
2024-10-14 22:38:07.887854 Golf: Delta, sending you 4
2024-10-14 22:38:07.890305 Alpha: Charlie and Romeo, sending you 2
2024-10-14 22:38:07.892395 Mike: Whiskey, sending you 2
2024-10-14 22:38:07.894223 Victor: Alpha and Yankee, sending you 4
2024-10-14 22:38:07.895028 Delta: Whiskey, sending you 7
2024-10-14 22:38:07.896634 Romeo: Papa and Victor, sending you 1
2024-10-14 22:38:07.897736 Whiskey: Delta, sending you 5
2024-10-14 22:38:07.899402 Papa: Charlie and Romeo, sending you 2
2024-10-14 22:38:07.901247 Golf: Charlie and Papa, sending you 3
2024-10-14 22:38:07.902274 Alpha: Papa and Whiskey, sending you 3
2024-10-14 22:38:07.903857 Victor: Charlie, sending you 2
2024-10-14 22:38:07.905538 Yankee: Delta, sending you 2
2024-10-14 22:38:07.906463 Delta: Yankee, sending you 3
2024-10-14 22:38:07.908153 Romeo: Whiskey, sending you 2
2024-10-14 22:38:07.910110 Whiskey: Charlie, sending you 4
2024-10-14 22:38:07.910691 Papa: Victor and Yankee, sending you 3
2024-10-14 22:38:07.912849 Golf: Whiskey, sending you 6
2024-10-14 22:38:07.914687 Alpha: Victor, sending you 5
2024-10-14 22:38:07.915738 Victor: Papa, sending you 1
2024-10-14 22:38:07.917311 Yankee: Charlie, sending you 6
2024-10-14 22:38:07.917849 Romeo: Yankee, sending you 4
2024-10-14 22:38:07.919871 Whiskey: Yankee, sending you 6
2024-10-14 22:38:07.921441 Papa: Whiskey, sending you 1
2024-10-14 22:38:07.922567 Golf: Yankee, sending you 2
2024-10-14 22:38:07.924505 Alpha: Yankee, sending you 1
2024-10-14 22:38:07.926131 Victor: Whiskey, sending you 3
2024-10-14 22:38:07.927315 Yankee: Whiskey, sending you 8
chatterbot Alpha submitting transactions
chatterbot Victor submitting transactions
chatterbot Romeo submitting transactions
chatterbot Charlie submitting transactions
chatterbot Papa submitting transactions
chatterbot Yankee submitting transactions
chatterbot Delta submitting transactions
chatterbot Golf submitting transactions
chatterbot Mike submitting transactions
chatterbot Whiskey submitting transactions
ChatterBot Golf round 2
ChatterBot Alpha round 2
ChatterBot Delta round 2
ChatterBot Charlie round 2
ChatterBot Romeo round 2
ChatterBot Mike round 2
ChatterBot Papa round 2
2024-10-14 22:38:09.545857 Delta: We should add Golf and Mike
ChatterBot Charlie reevaluating
ChatterBot Whiskey reevaluating
ChatterBot Yankee reevaluating
2024-10-14 22:38:09.573396 Charlie: Yes
2024-10-14 22:38:09.573599 Whiskey: No
2024-10-14 22:38:09.574130 Yankee: No
ChatterBot Whiskey reevaluating
ChatterBot Yankee reevaluating
ChatterBot Charlie reevaluating
ChatterBot Yankee reevaluating
ChatterBot Charlie reevaluating
ChatterBot Whiskey reevaluating
2024-10-14 22:38:09.638216 Whiskey: Friends?
ChatterBot Papa reevaluating
2024-10-14 22:38:09.644210 Papa: No
ChatterBot Whiskey reevaluating
2024-10-14 22:38:09.664162 Papa: Can we be friends?
ChatterBot Alpha reevaluating
ChatterBot Romeo reevaluating
ChatterBot Victor reevaluating
ChatterBot Mike reevaluating
2024-10-14 22:38:09.701489 Alpha: Yes
2024-10-14 22:38:09.701775 Romeo: No
2024-10-14 22:38:09.701961 Victor: No
2024-10-14 22:38:09.702126 Mike: Yes
ChatterBot Papa reevaluating
ChatterBot Romeo reevaluating
ChatterBot Victor reevaluating
ChatterBot Mike reevaluating
ChatterBot Papa reevaluating
ChatterBot Alpha reevaluating
ChatterBot Victor reevaluating
ChatterBot Mike reevaluating
ChatterBot Papa reevaluating
ChatterBot Alpha reevaluating
ChatterBot Romeo reevaluating
ChatterBot Mike reevaluating
ChatterBot Papa reevaluating
ChatterBot Alpha reevaluating
ChatterBot Romeo reevaluating
ChatterBot Victor reevaluating
2024-10-14 22:38:09.797864 Romeo: Group up?
ChatterBot Alpha reevaluating
ChatterBot Papa reevaluating
ChatterBot Victor reevaluating
2024-10-14 22:38:09.817297 Alpha: Yes
2024-10-14 22:38:09.817419 Papa: Yes
2024-10-14 22:38:09.817912 Victor: No
ChatterBot Romeo reevaluating
ChatterBot Papa reevaluating
ChatterBot Victor reevaluating
ChatterBot Romeo reevaluating
ChatterBot Alpha reevaluating
ChatterBot Victor reevaluating
ChatterBot Romeo reevaluating
ChatterBot Alpha reevaluating
ChatterBot Papa reevaluating
ChatterBot Victor round 2
ChatterBot Whiskey round 2
ChatterBot Yankee round 2
2024-10-14 22:38:09.887324 Delta: Golf and Mike we want you to join our group
ChatterBot Mike reevaluating
2024-10-14 22:38:09.893540 Golf: Yes
2024-10-14 22:38:09.893673 Mike: Yes
ChatterBot Charlie reevaluating
ChatterBot Whiskey reevaluating
ChatterBot Yankee reevaluating
ChatterBot Mike reevaluating
ChatterBot Charlie reevaluating
ChatterBot Whiskey reevaluating
ChatterBot Yankee reevaluating
2024-10-14 22:38:09.927125 Whiskey: We should add Golf and Mike
ChatterBot Charlie reevaluating
ChatterBot Yankee reevaluating
2024-10-14 22:38:09.937281 Charlie: Yes
2024-10-14 22:38:09.937418 Delta: Yes
2024-10-14 22:38:09.937511 Yankee: No
ChatterBot Whiskey reevaluating
ChatterBot Yankee reevaluating
ChatterBot Charlie reevaluating
ChatterBot Whiskey reevaluating
ChatterBot Yankee reevaluating
ChatterBot Charlie reevaluating
ChatterBot Whiskey reevaluating
2024-10-14 22:38:09.971195 Victor: We would work well together
2024-10-14 22:38:09.982574 Papa: Yes
2024-10-14 22:38:09.982740 Alpha: Yes
2024-10-14 22:38:09.983291 Romeo: Yes
2024-10-14 22:38:09.983410 Mike: No
ChatterBot Mike reevaluating
ChatterBot Mike reevaluating
2024-10-14 22:38:10.033207 Golf: We should drop Papa and Alpha
ChatterBot Mike reevaluating
2024-10-14 22:38:10.047741 Delta: Yes
2024-10-14 22:38:10.047846 Charlie: Yes
2024-10-14 22:38:10.047946 Whiskey: Yes
2024-10-14 22:38:10.048031 Yankee: Yes
2024-10-14 22:38:10.048135 Mike: No
ChatterBot Mike reevaluating
ChatterBot Mike reevaluating
ChatterBot Mike reevaluating
ChatterBot Mike reevaluating
2024-10-14 22:38:10.124811 Whiskey: Golf and Mike we want you to join our group
2024-10-14 22:38:10.130746 Golf: Yes
2024-10-14 22:38:10.130887 Mike: No
2024-10-14 22:38:11.071214 Alpha: Romeo and Victor, sending you 4
2024-10-14 22:38:11.071542 Victor: Alpha, sending you 7
2024-10-14 22:38:11.071810 Romeo: Alpha and Papa, sending you 6
2024-10-14 22:38:11.072438 Delta: Golf, sending you 3
2024-10-14 22:38:11.072730 Papa: Alpha, sending you 5
chatterbot Alpha submitting transactions
chatterbot Romeo submitting transactions
chatterbot Papa submitting transactions
chatterbot Delta submitting transactions
chatterbot Golf submitting transactions
2024-10-14 22:38:11.169396 Alpha: Mike, sending you 2
2024-10-14 22:38:11.170147 Victor: Romeo, sending you 2
2024-10-14 22:38:11.170399 Romeo: Mike and Victor, sending you 2
2024-10-14 22:38:11.170651 Delta: Charlie and Whiskey, sending you 4
2024-10-14 22:38:11.171350 Whiskey: Golf, Charlie and Mike, sending you 3
2024-10-14 22:38:11.171576 Mike: Alpha, Romeo and Papa, sending you 5
2024-10-14 22:38:11.171845 Papa: Romeo, sending you 3
2024-10-14 22:38:11.172077 Golf: Delta, Charlie, Whiskey and Yankee, sending you 4
2024-10-14 22:38:11.172998 Yankee: Delta, sending you 4
chatterbot Yankee submitting transactions
2024-10-14 22:38:11.173505 Alpha: Papa, sending you 6
2024-10-14 22:38:11.296501 Whiskey: Delta and Yankee, sending you 4
2024-10-14 22:38:11.296884 Victor: Mike, sending you 1
2024-10-14 22:38:11.297592 Delta: Mike and Yankee, sending you 2
2024-10-14 22:38:11.297938 Papa: Mike, sending you 7
2024-10-14 22:38:11.298227 Mike: Victor, sending you 3
2024-10-14 22:38:11.299047 Golf: Mike, sending you 2
2024-10-14 22:38:11.299344 Yankee: Charlie and Whiskey, sending you 6
chatterbot Mike submitting transactions
chatterbot Charlie submitting transactions
2024-10-14 22:38:11.342539 Victor: Papa, sending you 5
2024-10-14 22:38:11.343419 Papa: Victor, sending you 2
chatterbot Victor submitting transactions
chatterbot Whiskey submitting transactions
ChatterBot Golf round 3
ChatterBot Alpha round 3
ChatterBot Delta round 3
ChatterBot Charlie round 3
ChatterBot Romeo round 3
ChatterBot Mike round 3
ChatterBot Papa round 3
ChatterBot Victor round 3
ChatterBot Whiskey round 3
ChatterBot Yankee round 3
2024-10-14 22:38:12.276270 Charlie: We should add Golf
2024-10-14 22:38:12.297179 Delta: Yes
2024-10-14 22:38:12.297519 Whiskey: Yes
2024-10-14 22:38:12.298840 Yankee: No
2024-10-14 22:38:12.389071 Yankee: We should replace Charlie with Golf
2024-10-14 22:38:12.442023 Delta: No
2024-10-14 22:38:12.442285 Whiskey: No
ChatterBot Yankee reevaluating
2024-10-14 22:38:12.495409 Charlie: Golf we want you to join our group
2024-10-14 22:38:12.500130 Golf: Yes
ChatterBot Yankee reevaluating
2024-10-14 22:38:12.757881 Golf: Delta and Charlie, sending you 5
2024-10-14 22:38:12.758842 Romeo: Alpha, sending you 5
2024-10-14 22:38:12.759170 Alpha: Romeo and Papa, sending you 4
2024-10-14 22:38:12.759541 Papa: Alpha, sending you 5
2024-10-14 22:38:12.760247 Mike: Alpha, sending you 4
2024-10-14 22:38:12.760511 Delta: Golf and Yankee, sending you 3
2024-10-14 22:38:12.760930 Yankee: Golf we want you to join our group
2024-10-14 22:38:12.764645 Golf: Yes
ChatterBot Yankee reevaluating
chatterbot Alpha submitting transactions
chatterbot Golf submitting transactions
2024-10-14 22:38:12.774961 Romeo: Mike and Papa, sending you 4
2024-10-14 22:38:12.775260 Alpha: Mike, sending you 3
2024-10-14 22:38:12.776007 Papa: Romeo, Mike and Victor, sending you 4
2024-10-14 22:38:12.776313 Golf: Mike and Yankee, sending you 1
2024-10-14 22:38:12.776596 Mike: Romeo, sending you 3
2024-10-14 22:38:12.776866 Delta: Charlie and Whiskey, sending you 4
2024-10-14 22:38:12.777648 Whiskey: Golf, Charlie and Mike, sending you 3
2024-10-14 22:38:12.777926 Charlie: Golf and Whiskey, sending you 3
2024-10-14 22:38:12.778170 Victor: Alpha, sending you 6
2024-10-14 22:38:12.778982 Alpha: Victor, sending you 5
2024-10-14 22:38:12.779349 Romeo: Victor, sending you 3
2024-10-14 22:38:12.909213 Golf: Whiskey, sending you 6
2024-10-14 22:38:12.910133 Charlie: Delta, sending you 4
2024-10-14 22:38:12.910396 Mike: Papa, sending you 6
2024-10-14 22:38:12.910741 Delta: Mike, sending you 1
2024-10-14 22:38:12.911548 Victor: Romeo, sending you 2
2024-10-14 22:38:12.911843 Whiskey: Delta and Yankee, sending you 4
chatterbot Papa submitting transactions
2024-10-14 22:38:12.984725 Charlie: Yankee, sending you 5
2024-10-14 22:38:12.985159 Mike: Victor, sending you 2
2024-10-14 22:38:12.986092 Victor: Mike, sending you 3
2024-10-14 22:38:12.986420 Yankee: Delta, sending you 4
chatterbot Delta submitting transactions
2024-10-14 22:38:13.051582 Yankee: Charlie and Whiskey, sending you 6
2024-10-14 22:38:13.051989 Victor: Papa, sending you 4
chatterbot Romeo submitting transactions
chatterbot Mike submitting transactions
chatterbot Victor submitting transactions
chatterbot Charlie submitting transactions
chatterbot Whiskey submitting transactions
chatterbot Yankee submitting transactions
ChatterBot Golf round 4
ChatterBot Alpha round 4
ChatterBot Delta round 4
ChatterBot Charlie round 4
ChatterBot Romeo round 4
ChatterBot Mike round 4
ChatterBot Papa round 4
ChatterBot Victor round 4
ChatterBot Whiskey round 4
ChatterBot Yankee round 4
2024-10-14 22:38:14.874666 Yankee: We should replace Delta with Golf
2024-10-14 22:38:14.881646 Charlie: No
2024-10-14 22:38:14.881843 Whiskey: No
ChatterBot Yankee reevaluating
ChatterBot Yankee reevaluating
2024-10-14 22:38:14.896369 Delta: We should drop Mike
ChatterBot Whiskey reevaluating
ChatterBot Yankee reevaluating
2024-10-14 22:38:14.908713 Charlie: Yes
2024-10-14 22:38:14.909320 Golf: No
2024-10-14 22:38:14.909482 Whiskey: Yes
2024-10-14 22:38:14.909600 Yankee: Yes
ChatterBot Whiskey reevaluating
ChatterBot Yankee reevaluating
ChatterBot Whiskey reevaluating
ChatterBot Yankee reevaluating
ChatterBot Golf reevaluating
ChatterBot Yankee reevaluating
ChatterBot Golf reevaluating
ChatterBot Whiskey reevaluating
2024-10-14 22:38:14.958151 Yankee: We should replace Charlie with Golf
ChatterBot Whiskey reevaluating
2024-10-14 22:38:14.964100 Delta: No
2024-10-14 22:38:14.964223 Whiskey: No
ChatterBot Yankee reevaluating
ChatterBot Whiskey reevaluating
ChatterBot Yankee reevaluating
2024-10-14 22:38:14.983035 Victor: Alpha, sending you 6
2024-10-14 22:38:14.984071 Mike: Alpha and Romeo, sending you 4
2024-10-14 22:38:14.984362 Romeo: Alpha, sending you 5
2024-10-14 22:38:14.984661 Alpha: Romeo and Papa, sending you 4
2024-10-14 22:38:14.984932 Papa: Alpha and Mike, sending you 5
2024-10-14 22:38:14.985738 Charlie: Golf and Whiskey, sending you 3
2024-10-14 22:38:14.986087 Yankee: Golf we want you to join our group
ChatterBot Golf reevaluating
2024-10-14 22:38:14.989436 Golf: Yes
ChatterBot Yankee reevaluating
2024-10-14 22:38:14.998751 Mike: Papa, sending you 5
2024-10-14 22:38:14.999164 Victor: Romeo, sending you 3
2024-10-14 22:38:14.999984 Charlie: Delta, sending you 4
2024-10-14 22:38:15.000278 Romeo: Mike and Papa, sending you 4
2024-10-14 22:38:15.000563 Alpha: Mike, sending you 3
2024-10-14 22:38:15.000883 Delta: Golf, sending you 3
2024-10-14 22:38:15.001715 Papa: Romeo, sending you 4
2024-10-14 22:38:15.014403 Mike: Victor, sending you 3
2024-10-14 22:38:15.014934 Romeo: Victor, sending you 3
2024-10-14 22:38:15.015321 Victor: Mike, sending you 2
2024-10-14 22:38:15.016017 Charlie: Yankee, sending you 5
2024-10-14 22:38:15.016371 Alpha: Victor, sending you 5
2024-10-14 22:38:15.016718 Delta: Charlie, Whiskey and Yankee, sending you 4
2024-10-14 22:38:15.017418 Papa: Victor, sending you 3
2024-10-14 22:38:15.029589 Victor: Papa, sending you 4
2024-10-14 22:38:15.040813 Whiskey: Golf, Delta and Charlie, sending you 4
2024-10-14 22:38:15.052289 Golf: Delta, sending you 5
2024-10-14 22:38:15.053456 Whiskey: Yankee, sending you 5
2024-10-14 22:38:15.053965 Yankee: Golf, sending you 3
2024-10-14 22:38:15.061550 Golf: Charlie and Whiskey, sending you 6
2024-10-14 22:38:15.062067 Yankee: Delta, sending you 5
2024-10-14 22:38:15.072657 Golf: Yankee, sending you 1
2024-10-14 22:38:15.073499 Yankee: Whiskey, sending you 8
chatterbot Papa submitting transactions
chatterbot Romeo submitting transactions
chatterbot Yankee submitting transactions
chatterbot Victor submitting transactions
chatterbot Charlie submitting transactions
chatterbot Mike submitting transactions
chatterbot Alpha submitting transactions
chatterbot Golf submitting transactions
chatterbot Delta submitting transactions
chatterbot Whiskey submitting transactions
ChatterBot Golf round 5
ChatterBot Alpha round 5
ChatterBot Delta round 5
ChatterBot Charlie round 5
ChatterBot Romeo round 5
ChatterBot Mike round 5
ChatterBot Papa round 5
ChatterBot Victor round 5
ChatterBot Whiskey round 5
ChatterBot Yankee round 5
2024-10-14 22:38:16.331113 Delta: Golf, sending you 3
2024-10-14 22:38:16.353422 Alpha: Romeo and Papa, sending you 4
2024-10-14 22:38:16.355046 Delta: Charlie, Whiskey and Yankee, sending you 4
2024-10-14 22:38:16.355930 Victor: Alpha, sending you 5
2024-10-14 22:38:16.356991 Papa: Alpha and Mike, sending you 5
2024-10-14 22:38:16.357783 Charlie: Golf, sending you 3
2024-10-14 22:38:16.359018 Romeo: Alpha, sending you 5
2024-10-14 22:38:16.360454 Golf: Delta and Charlie, sending you 5
2024-10-14 22:38:16.361370 Mike: Alpha and Romeo, sending you 4
2024-10-14 22:38:16.363879 Alpha: Mike, sending you 3
2024-10-14 22:38:16.365917 Victor: Romeo and Mike, sending you 3
2024-10-14 22:38:16.367818 Papa: Romeo, sending you 3
2024-10-14 22:38:16.369935 Charlie: Delta, Whiskey and Yankee, sending you 4
2024-10-14 22:38:16.371894 Romeo: Mike and Papa, sending you 4
2024-10-14 22:38:16.373937 Golf: Whiskey, sending you 6
2024-10-14 22:38:16.375744 Yankee: Golf, sending you 3
2024-10-14 22:38:16.377223 Whiskey: Golf, Delta and Charlie, sending you 4
2024-10-14 22:38:16.379312 Mike: Papa, sending you 5
2024-10-14 22:38:16.381896 Alpha: Victor, sending you 5
2024-10-14 22:38:16.383459 Victor: Papa, sending you 4
2024-10-14 22:38:16.385349 Papa: Victor, sending you 4
2024-10-14 22:38:16.387306 Romeo: Victor, sending you 3
2024-10-14 22:38:16.388711 Golf: Yankee, sending you 2
2024-10-14 22:38:16.390754 Yankee: Delta, sending you 5
2024-10-14 22:38:16.391734 Whiskey: Yankee, sending you 5
2024-10-14 22:38:16.393345 Mike: Victor, sending you 3
2024-10-14 22:38:16.395385 Yankee: Whiskey, sending you 8
chatterbot Delta submitting transactions
chatterbot Mike submitting transactions
chatterbot Papa submitting transactions
chatterbot Whiskey submitting transactions
chatterbot Victor submitting transactions
chatterbot Yankee submitting transactions
chatterbot Charlie submitting transactions
chatterbot Golf submitting transactions
chatterbot Romeo submitting transactions
chatterbot Alpha submitting transactions
ChatterBot Golf round 6
ChatterBot Alpha round 6
ChatterBot Delta round 6
ChatterBot Charlie round 6
ChatterBot Romeo round 6
ChatterBot Mike round 6
ChatterBot Papa round 6
ChatterBot Victor round 6
ChatterBot Whiskey round 6
ChatterBot Yankee round 6
2024-10-14 22:38:17.563673 Charlie: Golf, Delta and Whiskey, sending you 4
2024-10-14 22:38:17.566677 Charlie: Yankee, sending you 3
2024-10-14 22:38:17.567694 Alpha: Sending you each 4
2024-10-14 22:38:17.569833 Delta: Golf, sending you 3
2024-10-14 22:38:17.570691 Mike: Alpha and Romeo, sending you 4
2024-10-14 22:38:17.571213 Golf: Delta, sending you 4
2024-10-14 22:38:17.572106 Romeo: Alpha, sending you 5
2024-10-14 22:38:17.572834 Delta: Charlie, Whiskey and Yankee, sending you 4
2024-10-14 22:38:17.574694 Papa: Alpha and Mike, sending you 5
2024-10-14 22:38:17.575657 Mike: Papa, sending you 5
2024-10-14 22:38:17.576075 Golf: Charlie, sending you 5
2024-10-14 22:38:17.576914 Yankee: Golf, sending you 3
2024-10-14 22:38:17.577277 Romeo: Mike and Papa, sending you 4
2024-10-14 22:38:17.577851 Papa: Romeo, sending you 3
2024-10-14 22:38:17.579696 Golf: Whiskey, sending you 6
2024-10-14 22:38:17.580221 Yankee: Delta, sending you 5
2024-10-14 22:38:17.580661 Mike: Victor, sending you 3
2024-10-14 22:38:17.581668 Papa: Victor, sending you 4
2024-10-14 22:38:17.582792 Romeo: Victor, sending you 3
2024-10-14 22:38:17.583297 Victor: Alpha, sending you 5
2024-10-14 22:38:17.584712 Golf: Yankee, sending you 3
2024-10-14 22:38:17.585296 Yankee: Whiskey, sending you 8
2024-10-14 22:38:17.585599 Whiskey: Golf, Delta and Charlie, sending you 4
2024-10-14 22:38:17.586660 Victor: Romeo and Mike, sending you 3
2024-10-14 22:38:17.589706 Whiskey: Yankee, sending you 5
2024-10-14 22:38:17.593139 Victor: Papa, sending you 4
chatterbot Delta submitting transactions
chatterbot Golf submitting transactions
chatterbot Papa submitting transactions
chatterbot Romeo submitting transactions
chatterbot Charlie submitting transactions
chatterbot Whiskey submitting transactions
chatterbot Alpha submitting transactions
chatterbot Victor submitting transactions
chatterbot Yankee submitting transactions
chatterbot Mike submitting transactions
ChatterBot Golf round 7
ChatterBot Alpha round 7
ChatterBot Delta round 7
ChatterBot Charlie round 7
ChatterBot Romeo round 7
ChatterBot Mike round 7
ChatterBot Papa round 7
ChatterBot Victor round 7
ChatterBot Whiskey round 7
ChatterBot Yankee round 7
2024-10-14 22:38:18.743666 Papa: Alpha and Mike, sending you 5
2024-10-14 22:38:18.746799 Romeo: Alpha, sending you 5
2024-10-14 22:38:18.747677 Delta: Golf, sending you 3
2024-10-14 22:38:18.749705 Victor: Alpha, sending you 5
2024-10-14 22:38:18.750375 Mike: Alpha and Romeo, sending you 4
2024-10-14 22:38:18.750957 Romeo: Mike and Papa, sending you 4
2024-10-14 22:38:18.752387 Papa: Romeo, sending you 3
2024-10-14 22:38:18.752957 Delta: Charlie, Whiskey and Yankee, sending you 4
2024-10-14 22:38:18.753506 Victor: Romeo and Mike, sending you 3
2024-10-14 22:38:18.757003 Mike: Papa, sending you 5
2024-10-14 22:38:18.757508 Alpha: Same as last round
2024-10-14 22:38:18.759050 Romeo: Victor, sending you 3
2024-10-14 22:38:18.759693 Papa: Victor, sending you 4
2024-10-14 22:38:18.761284 Charlie: Golf, Delta and Whiskey, sending you 4
2024-10-14 22:38:18.762112 Golf: Delta, sending you 4
2024-10-14 22:38:18.762645 Yankee: Golf, sending you 3
2024-10-14 22:38:18.767905 Mike: Victor, sending you 3
2024-10-14 22:38:18.768806 Victor: Papa, sending you 4
2024-10-14 22:38:18.769778 Whiskey: Golf, Delta and Charlie, sending you 4
2024-10-14 22:38:18.771950 Charlie: Yankee, sending you 3
2024-10-14 22:38:18.772556 Golf: Charlie, sending you 5
2024-10-14 22:38:18.774887 Yankee: Delta, sending you 5
2024-10-14 22:38:18.778522 Whiskey: Yankee, sending you 5
2024-10-14 22:38:18.779195 Golf: Whiskey, sending you 6
2024-10-14 22:38:18.779717 Yankee: Whiskey, sending you 8
2024-10-14 22:38:18.783695 Golf: Yankee, sending you 3
chatterbot Alpha submitting transactions
chatterbot Whiskey submitting transactions
chatterbot Golf submitting transactions
chatterbot Victor submitting transactions
chatterbot Charlie submitting transactions
chatterbot Papa submitting transactions
chatterbot Romeo submitting transactions
chatterbot Delta submitting transactions
chatterbot Yankee submitting transactions
chatterbot Mike submitting transactions
ChatterBot Golf round 8
ChatterBot Alpha round 8
ChatterBot Delta round 8
ChatterBot Charlie round 8
ChatterBot Romeo round 8
ChatterBot Mike round 8
ChatterBot Papa round 8
ChatterBot Victor round 8
ChatterBot Whiskey round 8
ChatterBot Yankee round 8
2024-10-14 22:38:19.859754 Yankee: We should replace Whiskey with Charlie
2024-10-14 22:38:19.864223 Golf: No
2024-10-14 22:38:19.864373 Delta: No
ChatterBot Yankee reevaluating
ChatterBot Yankee reevaluating
2024-10-14 22:38:19.881663 Alpha: Same as last round
2024-10-14 22:38:19.888671 Romeo: Alpha, sending you 5
2024-10-14 22:38:19.890693 Charlie: Golf and Delta, sending you 4
2024-10-14 22:38:19.892661 Mike: Alpha and Papa, sending you 5
2024-10-14 22:38:19.893698 Romeo: Mike and Papa, sending you 4
2024-10-14 22:38:19.894210 Delta: Golf, sending you 3
2024-10-14 22:38:19.894819 Golf: Delta and Yankee, sending you 4
2024-10-14 22:38:19.895660 Charlie: Whiskey, sending you 5
2024-10-14 22:38:19.897667 Mike: Romeo, sending you 4
2024-10-14 22:38:19.898130 Romeo: Victor, sending you 3
2024-10-14 22:38:19.898681 Delta: Charlie, Whiskey and Yankee, sending you 4
2024-10-14 22:38:19.899109 Golf: Charlie and Whiskey, sending you 5
2024-10-14 22:38:19.900069 Papa: Alpha and Mike, sending you 5
2024-10-14 22:38:19.901057 Charlie: Yankee, sending you 2
2024-10-14 22:38:19.901676 Whiskey: Golf, Delta and Charlie, sending you 4
2024-10-14 22:38:19.902663 Mike: Victor, sending you 3
2024-10-14 22:38:19.903773 Victor: Alpha, sending you 5
2024-10-14 22:38:19.904298 Papa: Romeo, sending you 3
2024-10-14 22:38:19.905672 Whiskey: Yankee, sending you 5
2024-10-14 22:38:19.906662 Victor: Romeo and Mike, sending you 3
2024-10-14 22:38:19.909644 Papa: Victor, sending you 4
2024-10-14 22:38:19.910152 Yankee: Golf, sending you 3
2024-10-14 22:38:19.911667 Victor: Papa, sending you 4
2024-10-14 22:38:19.913689 Yankee: Delta, sending you 5
2024-10-14 22:38:19.917674 Yankee: Whiskey, sending you 8
chatterbot Golf submitting transactions
chatterbot Alpha submitting transactions
chatterbot Romeo submitting transactions
chatterbot Papa submitting transactions
chatterbot Victor submitting transactions
chatterbot Mike submitting transactions
chatterbot Charlie submitting transactions
chatterbot Whiskey submitting transactions
chatterbot Yankee submitting transactions
chatterbot Delta submitting transactions
ChatterBot Golf round 9
ChatterBot Alpha round 9
ChatterBot Delta round 9
ChatterBot Charlie round 9
ChatterBot Romeo round 9
ChatterBot Mike round 9
ChatterBot Papa round 9
ChatterBot Victor round 9
ChatterBot Whiskey round 9
ChatterBot Yankee round 9
2024-10-14 22:38:21.062771 Yankee: We should replace Delta with Charlie
2024-10-14 22:38:21.069413 Golf: No
2024-10-14 22:38:21.069591 Whiskey: No
ChatterBot Yankee reevaluating
ChatterBot Yankee reevaluating
2024-10-14 22:38:21.086681 Golf: Delta and Yankee, sending you 4
2024-10-14 22:38:21.090661 Papa: Alpha and Mike, sending you 5
2024-10-14 22:38:21.091270 Victor: Alpha, sending you 5
2024-10-14 22:38:21.091806 Golf: Charlie and Whiskey, sending you 5
2024-10-14 22:38:21.092687 Delta: Golf, sending you 3
2024-10-14 22:38:21.093255 Charlie: Golf and Delta, sending you 4
2024-10-14 22:38:21.094674 Papa: Romeo, sending you 3
2024-10-14 22:38:21.095317 Victor: Romeo and Mike, sending you 3
2024-10-14 22:38:21.096678 Alpha: Same as last round
2024-10-14 22:38:21.097679 Mike: Alpha and Papa, sending you 5
2024-10-14 22:38:21.098203 Delta: Charlie, Whiskey and Yankee, sending you 4
2024-10-14 22:38:21.098712 Charlie: Whiskey, sending you 5
2024-10-14 22:38:21.099158 Papa: Victor, sending you 4
2024-10-14 22:38:21.099636 Victor: Papa, sending you 4
2024-10-14 22:38:21.100120 Whiskey: Golf, Delta and Charlie, sending you 4
2024-10-14 22:38:21.101670 Romeo: Alpha, sending you 5
2024-10-14 22:38:21.102680 Mike: Romeo, sending you 4
2024-10-14 22:38:21.103674 Charlie: Yankee, sending you 2
2024-10-14 22:38:21.104667 Whiskey: Yankee, sending you 5
2024-10-14 22:38:21.106675 Romeo: Mike and Papa, sending you 4
2024-10-14 22:38:21.107655 Yankee: Golf, sending you 4
2024-10-14 22:38:21.108004 Mike: Victor, sending you 3
2024-10-14 22:38:21.109664 Romeo: Victor, sending you 3
2024-10-14 22:38:21.110665 Yankee: Delta, sending you 5
2024-10-14 22:38:21.113664 Yankee: Whiskey, sending you 7
chatterbot Victor submitting transactions
chatterbot Delta submitting transactions
chatterbot Romeo submitting transactions
chatterbot Papa submitting transactions
chatterbot Alpha submitting transactions
chatterbot Yankee submitting transactions
chatterbot Charlie submitting transactions
chatterbot Golf submitting transactions
chatterbot Whiskey submitting transactions
chatterbot Mike submitting transactions
ChatterBot Golf round 10
ChatterBot Alpha round 10
ChatterBot Delta round 10
ChatterBot Charlie round 10
ChatterBot Romeo round 10
ChatterBot Mike round 10
ChatterBot Papa round 10
ChatterBot Victor round 10
ChatterBot Whiskey round 10
ChatterBot Yankee round 10
2024-10-14 22:38:22.283427 Yankee: We should replace Delta with Charlie
2024-10-14 22:38:22.288995 Golf: No
2024-10-14 22:38:22.289171 Whiskey: No
2024-10-14 22:38:22.304375 Yankee: Charlie we want you to join our group
2024-10-14 22:38:22.306133 Charlie: Yes
2024-10-14 22:38:22.310688 Golf: Delta, Charlie and Yankee, sending you 4
2024-10-14 22:38:22.314648 Golf: Whiskey, sending you 6
2024-10-14 22:38:22.316662 Delta: Golf, sending you 3
2024-10-14 22:38:22.318669 Alpha: Same as last round
2024-10-14 22:38:22.319676 Papa: Alpha and Mike, sending you 5
2024-10-14 22:38:22.320200 Delta: Charlie, Whiskey and Yankee, sending you 4
2024-10-14 22:38:22.323664 Papa: Romeo, sending you 3
2024-10-14 22:38:22.324680 Mike: Alpha and Papa, sending you 5
2024-10-14 22:38:22.325843 Romeo: Alpha, sending you 5
2024-10-14 22:38:22.326658 Charlie: Golf and Delta, sending you 4
2024-10-14 22:38:22.327680 Papa: Victor, sending you 4
2024-10-14 22:38:22.328686 Whiskey: Golf, Delta and Charlie, sending you 4
2024-10-14 22:38:22.329649 Victor: Alpha, sending you 5
2024-10-14 22:38:22.330163 Mike: Romeo and Victor, sending you 4
2024-10-14 22:38:22.330647 Romeo: Mike and Papa, sending you 4
2024-10-14 22:38:22.331140 Charlie: Whiskey, sending you 5
2024-10-14 22:38:22.333688 Whiskey: Yankee, sending you 5
2024-10-14 22:38:22.334279 Victor: Romeo and Mike, sending you 3
2024-10-14 22:38:22.335661 Romeo: Victor, sending you 3
2024-10-14 22:38:22.336224 Charlie: Yankee, sending you 2
2024-10-14 22:38:22.336882 Yankee: Golf and Charlie, sending you 4
2024-10-14 22:38:22.337654 Victor: Papa, sending you 4
2024-10-14 22:38:22.341659 Yankee: Whiskey, sending you 8
chatterbot Yankee submitting transactions
chatterbot Delta submitting transactions
chatterbot Victor submitting transactions
chatterbot Whiskey submitting transactions
chatterbot Charlie submitting transactions
chatterbot Mike submitting transactions
chatterbot Alpha submitting transactions
chatterbot Golf submitting transactions
chatterbot Romeo submitting transactions
chatterbot Papa submitting transactions
ChatterBot Golf round 11
ChatterBot Alpha round 11
ChatterBot Delta round 11
ChatterBot Charlie round 11
ChatterBot Romeo round 11
ChatterBot Mike round 11
ChatterBot Papa round 11
ChatterBot Victor round 11
ChatterBot Whiskey round 11
ChatterBot Yankee round 11
2024-10-14 22:38:23.490671 Alpha: Same as last round
2024-10-14 22:38:23.493655 Mike: Alpha and Papa, sending you 5
2024-10-14 22:38:23.495687 Charlie: Golf and Delta, sending you 4
2024-10-14 22:38:23.496674 Mike: Romeo and Victor, sending you 4
2024-10-14 22:38:23.498687 Charlie: Whiskey, sending you 5
2024-10-14 22:38:23.501690 Golf: Delta, Charlie and Yankee, sending you 4
2024-10-14 22:38:23.503276 Whiskey: Golf, Delta and Charlie, sending you 4
2024-10-14 22:38:23.504232 Romeo: Alpha, sending you 5
2024-10-14 22:38:23.505180 Yankee: Golf and Charlie, sending you 4
2024-10-14 22:38:23.505849 Charlie: Yankee, sending you 2
2024-10-14 22:38:23.507171 Delta: Golf, sending you 3
2024-10-14 22:38:23.508081 Golf: Whiskey, sending you 6
2024-10-14 22:38:23.509135 Whiskey: Yankee, sending you 5
2024-10-14 22:38:23.510076 Yankee: Whiskey, sending you 8
2024-10-14 22:38:23.510858 Romeo: Mike and Papa, sending you 4
2024-10-14 22:38:23.512035 Victor: Alpha, sending you 5
2024-10-14 22:38:23.513656 Delta: Charlie, Whiskey and Yankee, sending you 4
2024-10-14 22:38:23.514863 Papa: Alpha and Mike, sending you 5
2024-10-14 22:38:23.516654 Romeo: Victor, sending you 3
2024-10-14 22:38:23.517249 Victor: Romeo and Mike, sending you 3
2024-10-14 22:38:23.519656 Papa: Romeo, sending you 3
2024-10-14 22:38:23.520678 Victor: Papa, sending you 4
2024-10-14 22:38:23.523683 Papa: Victor, sending you 4
chatterbot Alpha submitting transactions
chatterbot Delta submitting transactions
chatterbot Romeo submitting transactions
chatterbot Victor submitting transactions
chatterbot Charlie submitting transactions
chatterbot Whiskey submitting transactions
chatterbot Yankee submitting transactions
chatterbot Mike submitting transactions
chatterbot Golf submitting transactions
chatterbot Papa submitting transactions
ChatterBot Golf round 12
ChatterBot Alpha round 12
ChatterBot Delta round 12
ChatterBot Charlie round 12
ChatterBot Romeo round 12
ChatterBot Mike round 12
ChatterBot Papa round 12
ChatterBot Victor round 12
ChatterBot Whiskey round 12
ChatterBot Yankee round 12
2024-10-14 22:38:24.700673 Golf: Delta, Charlie and Yankee, sending you 4
2024-10-14 22:38:24.703217 Delta: Golf, Charlie and Whiskey, sending you 4
2024-10-14 22:38:24.705669 Golf: Whiskey, sending you 6
2024-10-14 22:38:24.709753 Delta: Yankee, sending you 3
2024-10-14 22:38:24.711192 Mike: Alpha and Papa, sending you 5
2024-10-14 22:38:24.712046 Alpha: Same as last round
2024-10-14 22:38:24.713459 Charlie: Golf, Delta and Whiskey, sending you 4
2024-10-14 22:38:24.714155 Romeo: Alpha, sending you 5
2024-10-14 22:38:24.715089 Papa: Alpha and Mike, sending you 5
2024-10-14 22:38:24.716976 Mike: Romeo and Victor, sending you 4
2024-10-14 22:38:24.718497 Charlie: Yankee, sending you 3
2024-10-14 22:38:24.719167 Whiskey: Golf, Delta and Charlie, sending you 4
2024-10-14 22:38:24.720030 Romeo: Mike and Papa, sending you 4
2024-10-14 22:38:24.721535 Papa: Romeo, sending you 3
2024-10-14 22:38:24.722607 Yankee: Golf and Charlie, sending you 4
2024-10-14 22:38:24.724111 Victor: Alpha, sending you 5
2024-10-14 22:38:24.725383 Romeo: Victor, sending you 3
2024-10-14 22:38:24.727172 Whiskey: Yankee, sending you 5
2024-10-14 22:38:24.728370 Papa: Victor, sending you 4
2024-10-14 22:38:24.730238 Yankee: Whiskey, sending you 8
2024-10-14 22:38:24.731725 Victor: Romeo and Mike, sending you 3
2024-10-14 22:38:24.736672 Victor: Papa, sending you 4
chatterbot Papa submitting transactions
chatterbot Delta submitting transactions
chatterbot Yankee submitting transactions
chatterbot Whiskey submitting transactions
chatterbot Victor submitting transactions
chatterbot Alpha submitting transactions
chatterbot Romeo submitting transactions
chatterbot Golf submitting transactions
chatterbot Charlie submitting transactions
chatterbot Mike submitting transactions
ChatterBot Golf round 13
ChatterBot Alpha round 13
ChatterBot Delta round 13
ChatterBot Charlie round 13
ChatterBot Romeo round 13
ChatterBot Mike round 13
ChatterBot Papa round 13
ChatterBot Victor round 13
ChatterBot Whiskey round 13
ChatterBot Yankee round 13
2024-10-14 22:38:25.884686 Golf: Delta, Charlie and Yankee, sending you 4
2024-10-14 22:38:25.886758 Charlie: Golf, Delta and Whiskey, sending you 4
2024-10-14 22:38:25.888007 Alpha: Same as last round
2024-10-14 22:38:25.889212 Golf: Whiskey, sending you 6
2024-10-14 22:38:25.890402 Yankee: Golf and Charlie, sending you 4
2024-10-14 22:38:25.890912 Victor: Alpha, Mike and Papa, sending you 4
2024-10-14 22:38:25.892727 Charlie: Yankee, sending you 3
2024-10-14 22:38:25.894674 Yankee: Whiskey, sending you 8
2024-10-14 22:38:25.895060 Victor: Romeo, sending you 3
2024-10-14 22:38:25.896114 Papa: Alpha and Mike, sending you 5
2024-10-14 22:38:25.896585 Delta: Golf and Charlie, sending you 4
2024-10-14 22:38:25.897006 Whiskey: Golf, Delta and Charlie, sending you 4
2024-10-14 22:38:25.897397 Mike: Alpha and Papa, sending you 5
2024-10-14 22:38:25.900684 Papa: Romeo, sending you 3
2024-10-14 22:38:25.901826 Delta: Whiskey, sending you 5
2024-10-14 22:38:25.903118 Whiskey: Yankee, sending you 5
2024-10-14 22:38:25.904072 Mike: Romeo and Victor, sending you 4
2024-10-14 22:38:25.905662 Romeo: Alpha, sending you 5
2024-10-14 22:38:25.906667 Papa: Victor, sending you 4
2024-10-14 22:38:25.907472 Delta: Yankee, sending you 2
2024-10-14 22:38:25.908661 Romeo: Mike and Papa, sending you 4
2024-10-14 22:38:25.912680 Romeo: Victor, sending you 3
chatterbot Delta submitting transactions
chatterbot Romeo submitting transactions
chatterbot Whiskey submitting transactions
chatterbot Papa submitting transactions
chatterbot Mike submitting transactions
chatterbot Yankee submitting transactions
chatterbot Charlie submitting transactions
chatterbot Alpha submitting transactions
chatterbot Victor submitting transactions
chatterbot Golf submitting transactions
ChatterBot Golf round 14
ChatterBot Alpha round 14
ChatterBot Delta round 14
ChatterBot Charlie round 14
ChatterBot Romeo round 14
ChatterBot Mike round 14
ChatterBot Papa round 14
ChatterBot Victor round 14
ChatterBot Whiskey round 14
ChatterBot Yankee round 14
2024-10-14 22:38:27.121537 Whiskey: Golf, Delta and Charlie, sending you 4
2024-10-14 22:38:27.124132 Victor: Alpha, Mike and Papa, sending you 4
2024-10-14 22:38:27.126581 Charlie: Golf, Delta and Whiskey, sending you 4
2024-10-14 22:38:27.129439 Romeo: Alpha, sending you 5
2024-10-14 22:38:27.131445 Mike: Alpha and Papa, sending you 5
2024-10-14 22:38:27.133748 Papa: Alpha and Mike, sending you 5
2024-10-14 22:38:27.135954 Delta: Golf and Charlie, sending you 4
2024-10-14 22:38:27.138346 Whiskey: Yankee, sending you 5
2024-10-14 22:38:27.140689 Victor: Romeo, sending you 3
2024-10-14 22:38:27.143005 Charlie: Yankee, sending you 3
2024-10-14 22:38:27.145275 Romeo: Mike and Papa, sending you 4
2024-10-14 22:38:27.147532 Golf: Delta, Charlie and Yankee, sending you 4
2024-10-14 22:38:27.149738 Mike: Romeo and Victor, sending you 4
2024-10-14 22:38:27.152040 Alpha: Same as last round
2024-10-14 22:38:27.154999 Papa: Romeo, sending you 3
2024-10-14 22:38:27.157054 Delta: Whiskey, sending you 5
2024-10-14 22:38:27.159570 Yankee: Golf, sending you 5
2024-10-14 22:38:27.161408 Romeo: Victor, sending you 3
2024-10-14 22:38:27.162899 Golf: Whiskey, sending you 6
2024-10-14 22:38:27.165228 Papa: Victor, sending you 4
2024-10-14 22:38:27.167492 Delta: Yankee, sending you 2
2024-10-14 22:38:27.170241 Yankee: Charlie, sending you 4
2024-10-14 22:38:27.175670 Yankee: Whiskey, sending you 7
chatterbot Papa submitting transactions
chatterbot Golf submitting transactions
chatterbot Mike submitting transactions
chatterbot Whiskey submitting transactions
chatterbot Charlie submitting transactions
