ChatterBot Juliett round 1
ChatterBot Delta round 1
ChatterBot Bravo round 1
ChatterBot Papa round 1
ChatterBot Uniform round 1
ChatterBot Yankee round 1
ChatterBot November round 1
ChatterBot Mike round 1
ChatterBot Kilo round 1
ChatterBot Alpha round 1
randomSelections Papa: {Papa, November, Alpha, Delta, Juliett, Yankee} 
2024-10-14 22:38:07.022899 Papa: We should group up
ChatterBot November reevaluating
ChatterBot Alpha reevaluating
ChatterBot Delta reevaluating
ChatterBot Juliett reevaluating
ChatterBot Yankee reevaluating
2024-10-14 22:38:07.058425 November: Yes
2024-10-14 22:38:07.058714 Alpha: Yes
2024-10-14 22:38:07.058973 Delta: Yes
2024-10-14 22:38:07.061947 Juliett: Yes
2024-10-14 22:38:07.062193 Yankee: Yes
ChatterBot Alpha reevaluating
ChatterBot Delta reevaluating
ChatterBot Juliett reevaluating
ChatterBot Yankee reevaluating
ChatterBot November reevaluating
ChatterBot Delta reevaluating
ChatterBot Juliett reevaluating
ChatterBot Yankee reevaluating
ChatterBot November reevaluating
ChatterBot Alpha reevaluating
ChatterBot Juliett reevaluating
ChatterBot Yankee reevaluating
ChatterBot November reevaluating
ChatterBot Alpha reevaluating
ChatterBot Delta reevaluating
ChatterBot Yankee reevaluating
ChatterBot November reevaluating
ChatterBot Alpha reevaluating
ChatterBot Delta reevaluating
ChatterBot Juliett reevaluating
randomSelections Bravo: {Bravo, Yankee, November, Juliett, Papa, Alpha, Kilo} 
2024-10-14 22:38:07.138180 Bravo: Can we be friends?
ChatterBot Yankee reevaluating
ChatterBot November reevaluating
ChatterBot Juliett reevaluating
ChatterBot Alpha reevaluating
ChatterBot Kilo reevaluating
2024-10-14 22:38:07.223966 Yankee: No
2024-10-14 22:38:07.224266 November: No
2024-10-14 22:38:07.225306 Juliett: No
2024-10-14 22:38:07.225715 Papa: No
2024-10-14 22:38:07.226018 Alpha: No
2024-10-14 22:38:07.226275 Kilo: Yes
ChatterBot November reevaluating
ChatterBot Juliett reevaluating
ChatterBot Alpha reevaluating
ChatterBot Kilo reevaluating
ChatterBot Yankee reevaluating
ChatterBot Juliett reevaluating
ChatterBot Alpha reevaluating
ChatterBot Kilo reevaluating
ChatterBot Yankee reevaluating
ChatterBot November reevaluating
ChatterBot Alpha reevaluating
ChatterBot Kilo reevaluating
ChatterBot Yankee reevaluating
ChatterBot November reevaluating
ChatterBot Juliett reevaluating
ChatterBot Alpha reevaluating
ChatterBot Kilo reevaluating
ChatterBot Yankee reevaluating
ChatterBot November reevaluating
ChatterBot Juliett reevaluating
ChatterBot Kilo reevaluating
ChatterBot Yankee reevaluating
ChatterBot November reevaluating
ChatterBot Juliett reevaluating
ChatterBot Alpha reevaluating
randomSelections Uniform: {Uniform, Kilo, Yankee, Bravo} 
2024-10-14 22:38:07.330035 Uniform: We should group up
ChatterBot Kilo reevaluating
ChatterBot Yankee reevaluating
2024-10-14 22:38:07.337453 Kilo: No
2024-10-14 22:38:07.338134 Yankee: No
2024-10-14 22:38:07.338426 Bravo: No
ChatterBot Yankee reevaluating
ChatterBot Kilo reevaluating
ChatterBot Kilo reevaluating
ChatterBot Yankee reevaluating
randomSelections Mike: {Mike, Alpha, November, Papa, Bravo, Delta, Uniform, Yankee} 
2024-10-14 22:38:07.366980 Mike: We should group up
ChatterBot Alpha reevaluating
ChatterBot November reevaluating
ChatterBot Delta reevaluating
ChatterBot Yankee reevaluating
2024-10-14 22:38:07.381998 Alpha: No
2024-10-14 22:38:07.382340 November: No
2024-10-14 22:38:07.383139 Papa: No
2024-10-14 22:38:07.383545 Bravo: No
2024-10-14 22:38:07.383824 Delta: No
2024-10-14 22:38:07.384936 Uniform: No
2024-10-14 22:38:07.385238 Yankee: No
ChatterBot November reevaluating
ChatterBot Delta reevaluating
ChatterBot Yankee reevaluating
ChatterBot Alpha reevaluating
ChatterBot Delta reevaluating
ChatterBot Yankee reevaluating
ChatterBot Alpha reevaluating
ChatterBot November reevaluating
ChatterBot Delta reevaluating
ChatterBot Yankee reevaluating
ChatterBot Alpha reevaluating
ChatterBot November reevaluating
ChatterBot Delta reevaluating
ChatterBot Yankee reevaluating
ChatterBot Alpha reevaluating
ChatterBot November reevaluating
ChatterBot Yankee reevaluating
ChatterBot Alpha reevaluating
ChatterBot November reevaluating
ChatterBot Delta reevaluating
ChatterBot Yankee reevaluating
ChatterBot Alpha reevaluating
ChatterBot November reevaluating
ChatterBot Delta reevaluating
2024-10-14 22:38:07.506324 Papa: Juliett, sending you 3
2024-10-14 22:38:07.508928 Mike: Bravo and November, sending you 2
2024-10-14 22:38:07.511338 November: Juliett and Yankee, sending you 1
2024-10-14 22:38:07.511714 Papa: Delta, sending you 2
2024-10-14 22:38:07.512918 Juliett: Delta, sending you 3
2024-10-14 22:38:07.513216 Uniform: Bravo, sending you 5
2024-10-14 22:38:07.513487 Mike: Papa, sending you 5
2024-10-14 22:38:07.520939 November: Delta, Papa and Alpha, sending you 4
2024-10-14 22:38:07.521331 Papa: Yankee, sending you 5
2024-10-14 22:38:07.522243 Alpha: Juliett, sending you 3
2024-10-14 22:38:07.522552 Mike: Uniform and Yankee, sending you 1
2024-10-14 22:38:07.522810 Juliett: Papa, sending you 1
2024-10-14 22:38:07.523078 Uniform: Yankee, sending you 4
2024-10-14 22:38:07.548409 Bravo: Juliett, sending you 3
2024-10-14 22:38:07.548950 Juliett: Yankee, sending you 6
2024-10-14 22:38:07.550001 Uniform: Kilo, sending you 6
2024-10-14 22:38:07.550388 Delta: Juliett, sending you 5
2024-10-14 22:38:07.550804 Papa: November, sending you 4
2024-10-14 22:38:07.551661 Alpha: Delta and Yankee, sending you 2
2024-10-14 22:38:07.552095 Mike: Alpha, sending you 4
2024-10-14 22:38:07.553080 Yankee: Juliett, sending you 1
2024-10-14 22:38:07.553505 Kilo: Juliett, Bravo and Papa, sending you 3
2024-10-14 22:38:07.554010 Juliett: November and Alpha, sending you 2
2024-10-14 22:38:07.555025 Bravo: Yankee and Alpha, sending you 5
2024-10-14 22:38:07.555389 Papa: Alpha, sending you 1
2024-10-14 22:38:07.556305 Delta: Papa and Yankee, sending you 4
2024-10-14 22:38:07.573559 Alpha: Papa, sending you 4
2024-10-14 22:38:07.574559 Yankee: Delta and November, sending you 3
2024-10-14 22:38:07.575127 Kilo: Yankee, sending you 2
2024-10-14 22:38:07.576159 Bravo: November, sending you 2
2024-10-14 22:38:07.576692 Delta: November, sending you 1
2024-10-14 22:38:07.577749 Alpha: November, sending you 5
2024-10-14 22:38:07.578183 Yankee: Papa, sending you 5
2024-10-14 22:38:07.579237 Kilo: Alpha, sending you 5
2024-10-14 22:38:07.580469 Bravo: Kilo, sending you 1
2024-10-14 22:38:07.595535 Delta: Alpha, sending you 2
2024-10-14 22:38:07.596124 Yankee: Alpha, sending you 4
chatterbot Kilo submitting transactions
chatterbot November submitting transactions
chatterbot Alpha submitting transactions
chatterbot Bravo submitting transactions
chatterbot Yankee submitting transactions
chatterbot Delta submitting transactions
chatterbot Mike submitting transactions
chatterbot Papa submitting transactions
chatterbot Juliett submitting transactions
chatterbot Uniform submitting transactions
ChatterBot Juliett round 2
ChatterBot Delta round 2
ChatterBot Bravo round 2
ChatterBot Papa round 2
ChatterBot Uniform round 2
2024-10-14 22:38:08.599846 Uniform: We should replace Yankee with Mike
ChatterBot Bravo reevaluating
ChatterBot Kilo reevaluating
2024-10-14 22:38:08.621279 Bravo: Yes
2024-10-14 22:38:08.621953 Kilo: No
ChatterBot Kilo reevaluating
ChatterBot Bravo reevaluating
2024-10-14 22:38:08.659254 Papa: We should add Mike
ChatterBot November reevaluating
ChatterBot Alpha reevaluating
ChatterBot Delta reevaluating
ChatterBot Juliett reevaluating
ChatterBot Yankee reevaluating
2024-10-14 22:38:08.721101 November: No
2024-10-14 22:38:08.721330 Alpha: No
2024-10-14 22:38:08.721508 Delta: No
2024-10-14 22:38:08.721683 Juliett: No
2024-10-14 22:38:08.721845 Yankee: No
ChatterBot Alpha reevaluating
ChatterBot Delta reevaluating
ChatterBot Juliett reevaluating
ChatterBot Yankee reevaluating
ChatterBot November reevaluating
ChatterBot Delta reevaluating
ChatterBot Juliett reevaluating
ChatterBot Yankee reevaluating
ChatterBot Papa reevaluating
ChatterBot November reevaluating
ChatterBot Alpha reevaluating
ChatterBot Juliett reevaluating
ChatterBot Yankee reevaluating
ChatterBot Papa reevaluating
ChatterBot November reevaluating
ChatterBot Alpha reevaluating
ChatterBot Delta reevaluating
ChatterBot Yankee reevaluating
ChatterBot Papa reevaluating
ChatterBot November reevaluating
ChatterBot Alpha reevaluating
ChatterBot Delta reevaluating
ChatterBot Juliett reevaluating
ChatterBot Yankee round 2
ChatterBot November round 2
ChatterBot Mike round 2
ChatterBot Kilo round 2
ChatterBot Alpha round 2
2024-10-14 22:38:09.062513 Uniform: Mike we want you to join our group
ChatterBot Mike reevaluating
2024-10-14 22:38:09.069687 Mike: Yes
ChatterBot Bravo reevaluating
ChatterBot Kilo reevaluating
2024-10-14 22:38:09.120005 Alpha: Friends?
ChatterBot Papa reevaluating
ChatterBot November reevaluating
ChatterBot Mike reevaluating
2024-10-14 22:38:09.173129 Juliett: No
2024-10-14 22:38:09.173391 Delta: No
2024-10-14 22:38:09.173569 Papa: No
2024-10-14 22:38:09.173741 Yankee: No
2024-10-14 22:38:09.173905 November: No
2024-10-14 22:38:09.174511 Mike: No
2024-10-14 22:38:09.174681 Bravo: No
2024-10-14 22:38:09.174854 Uniform: No
2024-10-14 22:38:09.174990 Kilo: No
ChatterBot Papa reevaluating
ChatterBot November reevaluating
ChatterBot Mike reevaluating
ChatterBot Papa reevaluating
ChatterBot November reevaluating
ChatterBot Mike reevaluating
ChatterBot November reevaluating
ChatterBot Mike reevaluating
ChatterBot Papa reevaluating
ChatterBot November reevaluating
ChatterBot Mike reevaluating
ChatterBot Papa reevaluating
ChatterBot Mike reevaluating
ChatterBot Papa reevaluating
ChatterBot November reevaluating
ChatterBot Papa reevaluating
ChatterBot November reevaluating
ChatterBot Mike reevaluating
ChatterBot Papa reevaluating
ChatterBot November reevaluating
ChatterBot Mike reevaluating
ChatterBot Papa reevaluating
ChatterBot November reevaluating
ChatterBot Mike reevaluating
2024-10-14 22:38:09.751027 November: We should add Mike
ChatterBot Papa reevaluating
2024-10-14 22:38:09.778498 Papa: Yes
2024-10-14 22:38:09.778759 Alpha: Yes
2024-10-14 22:38:09.778932 Delta: No
2024-10-14 22:38:09.779557 Juliett: No
2024-10-14 22:38:09.779733 Yankee: No
ChatterBot November reevaluating
ChatterBot Papa reevaluating
ChatterBot November reevaluating
ChatterBot Papa reevaluating
ChatterBot November reevaluating
ChatterBot Papa reevaluating
ChatterBot November reevaluating
ChatterBot Papa reevaluating
ChatterBot November reevaluating
2024-10-14 22:38:09.914802 Juliett: Delta, sending you 4
chatterbot Alpha submitting transactions
chatterbot Uniform submitting transactions
2024-10-14 22:38:11.001225 Alpha: Juliett, Delta, Yankee, November and Mike, sending you 2
2024-10-14 22:38:11.002345 Papa: Mike we want you to join our group
2024-10-14 22:38:11.008970 Mike: Yes
2024-10-14 22:38:11.043022 November: Mike we want you to join our group
2024-10-14 22:38:11.049731 Mike: Yes
2024-10-14 22:38:11.084490 Juliett: Papa and Alpha, sending you 3
2024-10-14 22:38:11.085697 Uniform: Bravo, sending you 2
2024-10-14 22:38:11.086051 Bravo: Uniform, sending you 7
2024-10-14 22:38:11.086778 Yankee: Juliett, sending you 5
2024-10-14 22:38:11.087265 Delta: Juliett and Yankee, sending you 3
2024-10-14 22:38:11.088351 Kilo: Bravo, sending you 4
chatterbot Yankee submitting transactions
chatterbot Delta submitting transactions
chatterbot Bravo submitting transactions
chatterbot Kilo submitting transactions
chatterbot Juliett submitting transactions
2024-10-14 22:38:11.089962 Alpha: Bravo and Kilo, sending you 3
2024-10-14 22:38:11.091107 Juliett: Yankee and November, sending you 2
2024-10-14 22:38:11.091711 Uniform: Mike, sending you 12
2024-10-14 22:38:11.092543 Yankee: Delta and Papa, sending you 4
2024-10-14 22:38:11.093048 Bravo: Mike, sending you 4
2024-10-14 22:38:11.093755 Mike: Sending you each 3
2024-10-14 22:38:11.094157 Delta: Papa and Alpha, sending you 2
2024-10-14 22:38:11.095133 Kilo: Uniform, sending you 8
2024-10-14 22:38:11.095446 Alpha: Papa, sending you 1
2024-10-14 22:38:11.095997 Yankee: November, sending you 1
2024-10-14 22:38:11.187815 Uniform: Kilo, sending you 1
2024-10-14 22:38:11.188731 Delta: November, sending you 6
2024-10-14 22:38:11.189330 Bravo: Kilo, sending you 5
2024-10-14 22:38:11.190095 Kilo: Mike, sending you 2
2024-10-14 22:38:11.190471 Yankee: Alpha, sending you 2
chatterbot November submitting transactions
2024-10-14 22:38:11.307135 November: Juliett, Delta and Mike, sending you 2
2024-10-14 22:38:11.307986 Papa: Delta, Yankee, November, Mike and Alpha, sending you 3
2024-10-14 22:38:11.354831 November: Papa and Yankee, sending you 3
2024-10-14 22:38:11.390357 November: Alpha, sending you 5
chatterbot Papa submitting transactions
chatterbot Mike submitting transactions
ChatterBot Juliett round 3
ChatterBot Delta round 3
ChatterBot Bravo round 3
ChatterBot Papa round 3
ChatterBot Uniform round 3
ChatterBot Yankee round 3
ChatterBot November round 3
ChatterBot Mike round 3
ChatterBot Kilo round 3
ChatterBot Alpha round 3
2024-10-14 22:38:12.528687 Delta: We should add Mike
ChatterBot Alpha reevaluating
ChatterBot Juliett reevaluating
ChatterBot Yankee reevaluating
2024-10-14 22:38:12.560160 Papa: Yes
2024-10-14 22:38:12.560482 November: Yes
2024-10-14 22:38:12.561369 Alpha: Yes
2024-10-14 22:38:12.562081 Juliett: Yes
2024-10-14 22:38:12.563123 Yankee: Yes
ChatterBot Alpha reevaluating
ChatterBot Juliett reevaluating
ChatterBot Yankee reevaluating
ChatterBot Alpha reevaluating
ChatterBot Juliett reevaluating
ChatterBot Yankee reevaluating
ChatterBot Juliett reevaluating
ChatterBot Yankee reevaluating
ChatterBot Alpha reevaluating
ChatterBot Yankee reevaluating
ChatterBot Alpha reevaluating
ChatterBot Juliett reevaluating
2024-10-14 22:38:12.752504 Delta: Mike we want you to join our group
2024-10-14 22:38:12.756561 Mike: No
ChatterBot Juliett reevaluating
ChatterBot Yankee reevaluating
ChatterBot Alpha reevaluating
2024-10-14 22:38:12.912737 Papa: Juliett, Delta and Alpha, sending you 2
2024-10-14 22:38:12.913416 Juliett: Mike we want you to join our group
2024-10-14 22:38:12.919753 Mike: No
ChatterBot Juliett reevaluating
2024-10-14 22:38:12.953912 Yankee: Mike we want you to join our group
2024-10-14 22:38:12.959951 Mike: No
ChatterBot Juliett reevaluating
2024-10-14 22:38:12.993556 Papa: Yankee, November and Mike, sending you 3
2024-10-14 22:38:13.054075 Delta: Juliett, Papa and November, sending you 3
2024-10-14 22:38:13.054565 Mike: Bravo and Uniform, sending you 5
2024-10-14 22:38:13.054831 November: Juliett, Yankee and Mike, sending you 2
2024-10-14 22:38:13.055595 Kilo: Bravo, sending you 8
2024-10-14 22:38:13.055917 Uniform: Bravo, sending you 6
2024-10-14 22:38:13.056149 Bravo: Uniform, sending you 6
2024-10-14 22:38:13.056370 Alpha: Juliett, Papa, Yankee and Mike, sending you 3
chatterbot Mike submitting transactions
chatterbot Papa submitting transactions
2024-10-14 22:38:13.057435 Delta: Yankee, sending you 4
2024-10-14 22:38:13.084054 Mike: Kilo, sending you 3
2024-10-14 22:38:13.084410 November: Delta and Papa, sending you 4
2024-10-14 22:38:13.085276 Kilo: Uniform, sending you 7
2024-10-14 22:38:13.085543 Uniform: Mike, sending you 2
2024-10-14 22:38:13.085767 Bravo: Mike, sending you 3
2024-10-14 22:38:13.086001 Alpha: Delta, sending you 1
2024-10-14 22:38:13.086833 Yankee: Juliett and Delta, sending you 3
2024-10-14 22:38:13.087233 Delta: Mike, sending you 1
2024-10-14 22:38:13.088092 November: Alpha, sending you 3
2024-10-14 22:38:13.088471 Kilo: Mike, sending you 2
2024-10-14 22:38:13.123876 Bravo: Kilo, sending you 7
2024-10-14 22:38:13.124193 Uniform: Kilo, sending you 7
2024-10-14 22:38:13.124461 Yankee: Papa, sending you 4
2024-10-14 22:38:13.125411 Alpha: November, sending you 4
2024-10-14 22:38:13.125797 Delta: Alpha, sending you 2
2024-10-14 22:38:13.140487 Yankee: November, Mike and Alpha, sending you 2
2024-10-14 22:38:13.141751 Juliett: Delta and Yankee, sending you 3
2024-10-14 22:38:13.210287 Juliett: Papa, November, Mike and Alpha, sending you 2
chatterbot Delta submitting transactions
chatterbot Bravo submitting transactions
chatterbot Kilo submitting transactions
chatterbot Uniform submitting transactions
chatterbot November submitting transactions
chatterbot Alpha submitting transactions
chatterbot Yankee submitting transactions
chatterbot Juliett submitting transactions
ChatterBot Juliett round 4
ChatterBot Delta round 4
ChatterBot Bravo round 4
ChatterBot Papa round 4
ChatterBot Uniform round 4
ChatterBot Yankee round 4
ChatterBot November round 4
ChatterBot Mike round 4
ChatterBot Kilo round 4
ChatterBot Alpha round 4
2024-10-14 22:38:14.413660 Bravo: We should add Alpha
ChatterBot Uniform reevaluating
ChatterBot Kilo reevaluating
ChatterBot Mike reevaluating
2024-10-14 22:38:14.426728 Uniform: No
2024-10-14 22:38:14.427032 Kilo: Yes
2024-10-14 22:38:14.427266 Mike: No
ChatterBot Kilo reevaluating
ChatterBot Mike reevaluating
ChatterBot Uniform reevaluating
ChatterBot Mike reevaluating
ChatterBot Uniform reevaluating
ChatterBot Kilo reevaluating
2024-10-14 22:38:14.491401 Bravo: Alpha we want you to join our group
2024-10-14 22:38:14.495487 Alpha: No
ChatterBot Uniform reevaluating
ChatterBot Mike reevaluating
ChatterBot Kilo reevaluating
2024-10-14 22:38:14.511608 Juliett: We should drop Mike
ChatterBot Delta reevaluating
2024-10-14 22:38:14.528766 Papa: No
2024-10-14 22:38:14.528939 November: No
2024-10-14 22:38:14.529073 Alpha: No
2024-10-14 22:38:14.529201 Delta: Yes
2024-10-14 22:38:14.529371 Yankee: No
ChatterBot Delta reevaluating
ChatterBot Yankee reevaluating
ChatterBot Delta reevaluating
ChatterBot Yankee reevaluating
ChatterBot Delta reevaluating
ChatterBot Yankee reevaluating
ChatterBot Yankee reevaluating
ChatterBot Delta reevaluating
2024-10-14 22:38:14.644280 Kilo: Bravo and Uniform, sending you 7
2024-10-14 22:38:14.644749 Bravo: Uniform and Kilo, sending you 5
2024-10-14 22:38:14.645196 Uniform: Bravo, sending you 5
2024-10-14 22:38:14.693054 Kilo: Mike, sending you 3
2024-10-14 22:38:14.693570 Delta: Juliett, Yankee and November, sending you 4
2024-10-14 22:38:14.694814 Papa: Juliett, Delta, Mike and Alpha, sending you 2
2024-10-14 22:38:14.695461 November: Juliett, Yankee and Mike, sending you 2
2024-10-14 22:38:14.696516 Uniform: Mike, sending you 4
2024-10-14 22:38:14.696913 Bravo: Mike, sending you 4
2024-10-14 22:38:14.697294 Alpha: Juliett, Papa and Yankee, sending you 3
2024-10-14 22:38:14.698299 Mike: Juliett, Delta and Yankee, sending you 2
2024-10-14 22:38:14.698837 Juliett: Delta and Alpha, sending you 3
2024-10-14 22:38:14.700066 Delta: Papa, sending you 3
2024-10-14 22:38:14.700598 Papa: Yankee, sending you 4
2024-10-14 22:38:14.701767 November: Delta and Papa, sending you 3
2024-10-14 22:38:14.703111 Uniform: Kilo, sending you 6
2024-10-14 22:38:14.703501 Bravo: Alpha, sending you 2
2024-10-14 22:38:14.703875 Alpha: Delta and Mike, sending you 2
2024-10-14 22:38:14.705279 Mike: Papa, sending you 5
2024-10-14 22:38:14.705960 Yankee: Juliett, Delta and Papa, sending you 4
2024-10-14 22:38:14.707120 Juliett: Papa and November, sending you 2
2024-10-14 22:38:14.707662 Delta: Alpha, sending you 1
2024-10-14 22:38:14.708677 Papa: November, sending you 3
2024-10-14 22:38:14.709315 November: Alpha, sending you 5
2024-10-14 22:38:14.710510 Alpha: November, sending you 4
2024-10-14 22:38:14.711648 Mike: November, sending you 3
2024-10-14 22:38:14.712196 Yankee: November, sending you 1
2024-10-14 22:38:14.713208 Juliett: Yankee, sending you 4
2024-10-14 22:38:14.746455 Yankee: Alpha, sending you 3
2024-10-14 22:38:14.747716 Mike: Alpha, sending you 4
chatterbot Alpha submitting transactions
chatterbot Papa submitting transactions
chatterbot Bravo submitting transactions
chatterbot November submitting transactions
chatterbot Juliett submitting transactions
chatterbot Yankee submitting transactions
chatterbot Delta submitting transactions
chatterbot Kilo submitting transactions
chatterbot Mike submitting transactions
chatterbot Uniform submitting transactions
ChatterBot Juliett round 5
ChatterBot Delta round 5
ChatterBot Bravo round 5
ChatterBot Papa round 5
ChatterBot Uniform round 5
ChatterBot Yankee round 5
ChatterBot November round 5
ChatterBot Mike round 5
ChatterBot Kilo round 5
ChatterBot Alpha round 5
2024-10-14 22:38:15.585432 Juliett: We should add Mike
ChatterBot Papa reevaluating
ChatterBot November reevaluating
ChatterBot Alpha reevaluating
ChatterBot Yankee reevaluating
2024-10-14 22:38:15.604808 Papa: Yes
2024-10-14 22:38:15.605043 November: Yes
2024-10-14 22:38:15.605194 Alpha: Yes
2024-10-14 22:38:15.605918 Delta: Yes
2024-10-14 22:38:15.606095 Yankee: Yes
ChatterBot November reevaluating
ChatterBot Alpha reevaluating
ChatterBot Yankee reevaluating
ChatterBot Papa reevaluating
ChatterBot Alpha reevaluating
ChatterBot Yankee reevaluating
ChatterBot Papa reevaluating
ChatterBot November reevaluating
ChatterBot Yankee reevaluating
ChatterBot Papa reevaluating
ChatterBot November reevaluating
ChatterBot Alpha reevaluating
ChatterBot Yankee reevaluating
ChatterBot Papa reevaluating
ChatterBot November reevaluating
ChatterBot Alpha reevaluating
2024-10-14 22:38:15.721888 Juliett: Mike we want you to join our group
2024-10-14 22:38:15.724807 Mike: Yes
ChatterBot Papa reevaluating
ChatterBot Yankee reevaluating
ChatterBot November reevaluating
ChatterBot Alpha reevaluating
2024-10-14 22:38:15.746152 Bravo: We should drop Alpha
2024-10-14 22:38:15.754540 Uniform: Yes
2024-10-14 22:38:15.754707 Kilo: Yes
2024-10-14 22:38:15.754842 Mike: No
2024-10-14 22:38:15.780981 Yankee: Mike we want you to join our group
2024-10-14 22:38:15.786274 Mike: Yes
2024-10-14 22:38:15.811671 Delta: Juliett and November, sending you 3
2024-10-14 22:38:15.815689 Mike: Juliett and Yankee, sending you 2
2024-10-14 22:38:15.816948 Delta: Papa and Alpha, sending you 2
2024-10-14 22:38:15.817598 Juliett: Delta, Yankee and Alpha, sending you 3
2024-10-14 22:38:15.818556 Kilo: Bravo and Uniform, sending you 7
2024-10-14 22:38:15.819001 Uniform: Bravo and Kilo, sending you 6
2024-10-14 22:38:15.820678 Delta: Yankee, sending you 5
2024-10-14 22:38:15.822026 Mike: Delta, sending you 1
2024-10-14 22:38:15.822602 Juliett: Papa and November, sending you 2
2024-10-14 22:38:15.823525 Kilo: Mike, sending you 3
2024-10-14 22:38:15.824085 Yankee: Juliett and Delta, sending you 3
2024-10-14 22:38:15.825714 Uniform: Mike, sending you 3
2024-10-14 22:38:15.826799 Alpha: Juliett, Papa, Yankee and Mike, sending you 3
2024-10-14 22:38:15.827461 Mike: Papa, sending you 5
2024-10-14 22:38:15.828518 Delta: Mike, sending you 1
2024-10-14 22:38:15.829203 Juliett: Mike, sending you 1
2024-10-14 22:38:15.830335 Bravo: Uniform, sending you 6
2024-10-14 22:38:15.830778 Yankee: Papa, sending you 5
2024-10-14 22:38:15.832257 November: Juliett, Yankee and Mike, sending you 2
2024-10-14 22:38:15.834039 Alpha: Delta, sending you 1
2024-10-14 22:38:15.834949 Mike: November and Alpha, sending you 4
2024-10-14 22:38:15.836448 Papa: Juliett, Delta, Mike and Alpha, sending you 2
2024-10-14 22:38:15.837807 Bravo: Mike, sending you 3
2024-10-14 22:38:15.838326 Yankee: November and Alpha, sending you 2
2024-10-14 22:38:15.839623 November: Delta and Alpha, sending you 4
2024-10-14 22:38:15.840864 Alpha: November, sending you 4
2024-10-14 22:38:15.842163 Papa: Yankee, sending you 4
2024-10-14 22:38:15.843441 Bravo: Kilo, sending you 7
2024-10-14 22:38:15.844068 Yankee: Mike, sending you 1
2024-10-14 22:38:15.845685 November: Papa, sending you 3
2024-10-14 22:38:15.846996 Papa: November, sending you 3
chatterbot Kilo submitting transactions
chatterbot Juliett submitting transactions
chatterbot Uniform submitting transactions
chatterbot Mike submitting transactions
chatterbot Yankee submitting transactions
chatterbot November submitting transactions
chatterbot Papa submitting transactions
chatterbot Delta submitting transactions
chatterbot Bravo submitting transactions
chatterbot Alpha submitting transactions
ChatterBot Juliett round 6
ChatterBot Delta round 6
ChatterBot Bravo round 6
ChatterBot Papa round 6
ChatterBot Uniform round 6
ChatterBot Yankee round 6
ChatterBot November round 6
ChatterBot Mike round 6
ChatterBot Kilo round 6
ChatterBot Alpha round 6
2024-10-14 22:38:16.871698 Delta: Juliett, sending you 3
2024-10-14 22:38:16.873530 Juliett: Delta, Yankee and Alpha, sending you 3
2024-10-14 22:38:16.875866 Papa: Juliett, Delta and Alpha, sending you 2
2024-10-14 22:38:16.876992 Uniform: Bravo, sending you 6
2024-10-14 22:38:16.878141 Yankee: Juliett and Alpha, sending you 3
2024-10-14 22:38:16.878996 Delta: Papa and Alpha, sending you 2
2024-10-14 22:38:16.880408 Juliett: Papa and November, sending you 2
2024-10-14 22:38:16.881430 Mike: Juliett, Delta and Yankee, sending you 2
2024-10-14 22:38:16.883323 Papa: Yankee, November and Mike, sending you 3
2024-10-14 22:38:16.884715 Uniform: Mike, sending you 2
2024-10-14 22:38:16.885202 Yankee: Delta and Papa, sending you 4
2024-10-14 22:38:16.886165 Delta: Yankee and November, sending you 4
2024-10-14 22:38:16.888159 Juliett: Mike, sending you 1
2024-10-14 22:38:16.889748 Mike: Papa, November and Alpha, sending you 4
2024-10-14 22:38:16.891220 Bravo: Uniform, sending you 6
2024-10-14 22:38:16.891822 Uniform: Kilo, sending you 7
2024-10-14 22:38:16.892479 Yankee: November, sending you 2
2024-10-14 22:38:16.894442 Kilo: Bravo and Uniform, sending you 7
2024-10-14 22:38:16.895812 Delta: Mike, sending you 1
2024-10-14 22:38:16.896880 November: Juliett and Yankee, sending you 2
2024-10-14 22:38:16.898532 Alpha: Juliett, Papa, Yankee and Mike, sending you 3
2024-10-14 22:38:16.900304 Bravo: Mike, sending you 3
2024-10-14 22:38:16.900881 Kilo: Mike, sending you 3
2024-10-14 22:38:16.901514 November: Delta, Papa and Mike, sending you 3
2024-10-14 22:38:16.903674 Alpha: Delta, sending you 1
2024-10-14 22:38:16.905161 Bravo: Kilo, sending you 7
2024-10-14 22:38:16.906803 November: Alpha, sending you 4
2024-10-14 22:38:16.907827 Alpha: November, sending you 4
chatterbot Kilo submitting transactions
chatterbot Alpha submitting transactions
chatterbot Delta submitting transactions
chatterbot Papa submitting transactions
chatterbot Bravo submitting transactions
chatterbot November submitting transactions
chatterbot Uniform submitting transactions
chatterbot Mike submitting transactions
chatterbot Yankee submitting transactions
chatterbot Juliett submitting transactions
ChatterBot Juliett round 7
ChatterBot Delta round 7
ChatterBot Bravo round 7
ChatterBot Papa round 7
ChatterBot Uniform round 7
ChatterBot Yankee round 7
ChatterBot November round 7
ChatterBot Mike round 7
ChatterBot Kilo round 7
ChatterBot Alpha round 7
2024-10-14 22:38:17.779658 Delta: Juliett, sending you 3
2024-10-14 22:38:17.780954 Juliett: Delta, Yankee and Alpha, sending you 3
2024-10-14 22:38:17.782660 Uniform: Bravo, sending you 6
2024-10-14 22:38:17.783690 Yankee: Juliett and Alpha, sending you 3
2024-10-14 22:38:17.784889 Kilo: Bravo and Uniform, sending you 7
2024-10-14 22:38:17.785307 Delta: Papa, sending you 2
2024-10-14 22:38:17.786670 Juliett: Papa and November, sending you 2
2024-10-14 22:38:17.788226 Uniform: Mike, sending you 2
2024-10-14 22:38:17.788678 Yankee: Delta and Papa, sending you 4
2024-10-14 22:38:17.789691 Kilo: Mike, sending you 3
2024-10-14 22:38:17.790737 Delta: Yankee, sending you 5
2024-10-14 22:38:17.791667 Papa: Juliett, Delta and Alpha, sending you 2
2024-10-14 22:38:17.792351 Juliett: Mike, sending you 1
2024-10-14 22:38:17.793510 Mike: Juliett, Delta and Yankee, sending you 2
2024-10-14 22:38:17.794358 Uniform: Kilo, sending you 7
2024-10-14 22:38:17.794794 November: Juliett and Yankee, sending you 2
2024-10-14 22:38:17.796284 Yankee: November, sending you 2
2024-10-14 22:38:17.797328 Bravo: Uniform, sending you 6
2024-10-14 22:38:17.797683 Delta: November, sending you 4
2024-10-14 22:38:17.798416 Papa: Yankee, November and Mike, sending you 3
2024-10-14 22:38:17.799511 Mike: Papa, November and Alpha, sending you 4
2024-10-14 22:38:17.800696 November: Delta, Papa and Mike, sending you 3
2024-10-14 22:38:17.801542 Bravo: Mike, sending you 3
2024-10-14 22:38:17.802377 Delta: Mike and Alpha, sending you 1
2024-10-14 22:38:17.803004 Alpha: Juliett, Papa, Yankee and Mike, sending you 3
2024-10-14 22:38:17.803675 November: Alpha, sending you 4
2024-10-14 22:38:17.805689 Alpha: Delta, sending you 1
2024-10-14 22:38:17.806686 Bravo: Kilo, sending you 7
2024-10-14 22:38:17.808668 Alpha: November, sending you 4
chatterbot Delta submitting transactions
chatterbot Kilo submitting transactions
chatterbot Mike submitting transactions
chatterbot Bravo submitting transactions
chatterbot November submitting transactions
chatterbot Uniform submitting transactions
chatterbot Alpha submitting transactions
chatterbot Yankee submitting transactions
chatterbot Papa submitting transactions
chatterbot Juliett submitting transactions
ChatterBot Juliett round 8
ChatterBot Delta round 8
ChatterBot Bravo round 8
ChatterBot Papa round 8
ChatterBot Uniform round 8
ChatterBot Yankee round 8
ChatterBot November round 8
ChatterBot Mike round 8
ChatterBot Kilo round 8
ChatterBot Alpha round 8
2024-10-14 22:38:19.031682 Uniform: Bravo, sending you 6
2024-10-14 22:38:19.035665 Uniform: Mike, sending you 2
2024-10-14 22:38:19.037806 November: Juliett and Yankee, sending you 2
2024-10-14 22:38:19.041694 Uniform: Kilo, sending you 7
2024-10-14 22:38:19.042665 Papa: Juliett, Delta and Alpha, sending you 2
2024-10-14 22:38:19.045128 November: Delta, Papa and Mike, sending you 3
2024-10-14 22:38:19.046453 Bravo: Uniform, sending you 6
2024-10-14 22:38:19.048029 Delta: Juliett and November, sending you 3
2024-10-14 22:38:19.050049 Yankee: Juliett, Papa and Alpha, sending you 3
2024-10-14 22:38:19.052911 Kilo: Bravo and Uniform, sending you 7
2024-10-14 22:38:19.055175 Juliett: Delta, Yankee and Alpha, sending you 3
2024-10-14 22:38:19.057116 Mike: Juliett and Delta, sending you 2
2024-10-14 22:38:19.059936 Papa: Yankee, November and Mike, sending you 3
2024-10-14 22:38:19.061875 November: Alpha, sending you 4
2024-10-14 22:38:19.063917 Bravo: Mike, sending you 3
2024-10-14 22:38:19.064663 Delta: Papa and Mike, sending you 2
2024-10-14 22:38:19.066973 Yankee: Delta, sending you 4
2024-10-14 22:38:19.068131 Kilo: Mike, sending you 3
2024-10-14 22:38:19.069130 Juliett: Papa and November, sending you 2
2024-10-14 22:38:19.069940 Mike: Papa, sending you 5
2024-10-14 22:38:19.070926 Alpha: Juliett, Papa, Yankee and Mike, sending you 3
2024-10-14 22:38:19.071710 Bravo: Kilo, sending you 7
2024-10-14 22:38:19.072920 Delta: Yankee, sending you 5
2024-10-14 22:38:19.073733 Yankee: November, sending you 2
2024-10-14 22:38:19.074529 Juliett: Mike, sending you 1
2024-10-14 22:38:19.076087 Alpha: Delta, sending you 1
2024-10-14 22:38:19.076920 Mike: Yankee, sending you 1
2024-10-14 22:38:19.077649 Delta: Alpha, sending you 1
2024-10-14 22:38:19.079326 Yankee: Mike, sending you 1
2024-10-14 22:38:19.080928 Alpha: November, sending you 4
2024-10-14 22:38:19.082495 Mike: November and Alpha, sending you 4
chatterbot Uniform submitting transactions
chatterbot Alpha submitting transactions
chatterbot Juliett submitting transactions
chatterbot Delta submitting transactions
chatterbot Kilo submitting transactions
chatterbot Bravo submitting transactions
chatterbot November submitting transactions
chatterbot Papa submitting transactions
chatterbot Mike submitting transactions
chatterbot Yankee submitting transactions
ChatterBot Juliett round 9
ChatterBot Delta round 9
ChatterBot Bravo round 9
ChatterBot Papa round 9
ChatterBot Uniform round 9
ChatterBot Yankee round 9
ChatterBot November round 9
ChatterBot Mike round 9
ChatterBot Kilo round 9
ChatterBot Alpha round 9
2024-10-14 22:38:20.309712 Juliett: Delta, Yankee and Alpha, sending you 3
2024-10-14 22:38:20.312341 November: Juliett and Yankee, sending you 2
2024-10-14 22:38:20.315726 Juliett: Papa and November, sending you 2
2024-10-14 22:38:20.317299 November: Delta, Papa and Mike, sending you 3
2024-10-14 22:38:20.319139 Yankee: Juliett, Papa and Alpha, sending you 3
2024-10-14 22:38:20.321457 Delta: Juliett and November, sending you 3
2024-10-14 22:38:20.322820 Papa: Juliett, Delta and Alpha, sending you 2
2024-10-14 22:38:20.325095 Juliett: Mike, sending you 1
2024-10-14 22:38:20.326251 November: Alpha, sending you 4
2024-10-14 22:38:20.327948 Yankee: Delta, sending you 4
2024-10-14 22:38:20.329649 Delta: Papa and Mike, sending you 2
2024-10-14 22:38:20.330563 Papa: Yankee, November and Mike, sending you 3
2024-10-14 22:38:20.332741 Bravo: Uniform, sending you 6
2024-10-14 22:38:20.333506 Uniform: Bravo, sending you 6
2024-10-14 22:38:20.334863 Kilo: Bravo and Uniform, sending you 7
2024-10-14 22:38:20.335690 Yankee: November, sending you 2
2024-10-14 22:38:20.337900 Delta: Yankee, sending you 5
2024-10-14 22:38:20.338879 Mike: Juliett, Delta and Yankee, sending you 2
2024-10-14 22:38:20.340173 Alpha: Juliett, Papa, Yankee and Mike, sending you 3
2024-10-14 22:38:20.340899 Bravo: Mike, sending you 3
2024-10-14 22:38:20.341226 Uniform: Mike, sending you 2
2024-10-14 22:38:20.341543 Kilo: Mike, sending you 3
2024-10-14 22:38:20.342578 Yankee: Mike, sending you 1
2024-10-14 22:38:20.343826 Delta: Alpha, sending you 1
2024-10-14 22:38:20.345314 Mike: Papa, November and Alpha, sending you 4
2024-10-14 22:38:20.346114 Uniform: Kilo, sending you 7
2024-10-14 22:38:20.346523 Bravo: Kilo, sending you 7
2024-10-14 22:38:20.347421 Alpha: Delta, sending you 1
2024-10-14 22:38:20.350748 Alpha: November, sending you 4
chatterbot Delta submitting transactions
chatterbot November submitting transactions
chatterbot Yankee submitting transactions
chatterbot Bravo submitting transactions
chatterbot Uniform submitting transactions
chatterbot Papa submitting transactions
chatterbot Kilo submitting transactions
chatterbot Mike submitting transactions
chatterbot Alpha submitting transactions
chatterbot Juliett submitting transactions
ChatterBot Juliett round 10
ChatterBot Delta round 10
ChatterBot Bravo round 10
ChatterBot Papa round 10
ChatterBot Uniform round 10
ChatterBot Yankee round 10
ChatterBot November round 10
ChatterBot Mike round 10
ChatterBot Kilo round 10
ChatterBot Alpha round 10
2024-10-14 22:38:21.583825 November: Juliett and Yankee, sending you 2
2024-10-14 22:38:21.589684 November: Delta, Papa and Mike, sending you 3
2024-10-14 22:38:21.591908 Papa: Juliett, Delta and Alpha, sending you 2
2024-10-14 22:38:21.594665 Juliett: Delta, Yankee and Alpha, sending you 3
2024-10-14 22:38:21.595726 Mike: Juliett, Delta and Yankee, sending you 2
2024-10-14 22:38:21.597164 November: Alpha, sending you 4
2024-10-14 22:38:21.598741 Papa: Yankee, November and Mike, sending you 3
2024-10-14 22:38:21.600044 Delta: Juliett and November, sending you 3
2024-10-14 22:38:21.601433 Kilo: Bravo and Uniform, sending you 7
2024-10-14 22:38:21.601978 Bravo: Uniform, sending you 6
2024-10-14 22:38:21.602543 Juliett: Papa and November, sending you 2
2024-10-14 22:38:21.603713 Mike: Papa, November and Alpha, sending you 4
2024-10-14 22:38:21.604953 Yankee: Juliett, Papa and Alpha, sending you 3
2024-10-14 22:38:21.606930 Delta: Papa and Mike, sending you 2
2024-10-14 22:38:21.608376 Kilo: Mike, sending you 3
2024-10-14 22:38:21.609170 Uniform: Bravo, sending you 6
2024-10-14 22:38:21.610797 Bravo: Mike, sending you 3
2024-10-14 22:38:21.611495 Juliett: Mike, sending you 1
2024-10-14 22:38:21.612893 Yankee: Delta, sending you 4
2024-10-14 22:38:21.615076 Delta: Yankee, sending you 5
2024-10-14 22:38:21.616373 Alpha: Juliett, Yankee and Mike, sending you 3
2024-10-14 22:38:21.618239 Uniform: Mike, sending you 2
2024-10-14 22:38:21.619033 Bravo: Kilo, sending you 7
2024-10-14 22:38:21.619695 Yankee: November, sending you 2
2024-10-14 22:38:21.622109 Delta: Alpha, sending you 1
2024-10-14 22:38:21.625057 Alpha: Delta and Papa, sending you 2
2024-10-14 22:38:21.627768 Uniform: Kilo, sending you 7
2024-10-14 22:38:21.629647 Yankee: Mike, sending you 1
2024-10-14 22:38:21.632681 Alpha: November, sending you 4
chatterbot Mike submitting transactions
chatterbot Bravo submitting transactions
chatterbot Alpha submitting transactions
chatterbot Papa submitting transactions
chatterbot Yankee submitting transactions
chatterbot Uniform submitting transactions
chatterbot Kilo submitting transactions
chatterbot Delta submitting transactions
chatterbot November submitting transactions
chatterbot Juliett submitting transactions
ChatterBot Juliett round 11
ChatterBot Delta round 11
ChatterBot Bravo round 11
ChatterBot Papa round 11
ChatterBot Uniform round 11
ChatterBot Yankee round 11
ChatterBot November round 11
ChatterBot Mike round 11
ChatterBot Kilo round 11
ChatterBot Alpha round 11
2024-10-14 22:38:22.836456 Uniform: We should drop Mike
ChatterBot Bravo reevaluating
2024-10-14 22:38:22.842891 Bravo: Yes
2024-10-14 22:38:22.843090 Kilo: No
ChatterBot Kilo reevaluating
ChatterBot Uniform reevaluating
ChatterBot Bravo reevaluating
2024-10-14 22:38:22.859808 Juliett: Delta, Yankee and Alpha, sending you 3
2024-10-14 22:38:22.861182 Delta: Juliett and November, sending you 3
2024-10-14 22:38:22.862760 Papa: Juliett, Delta and Alpha, sending you 2
2024-10-14 22:38:22.863756 Juliett: Papa and November, sending you 2
2024-10-14 22:38:22.867281 Delta: Papa and Mike, sending you 2
2024-10-14 22:38:22.870468 Papa: Yankee, November and Mike, sending you 3
2024-10-14 22:38:22.872318 Mike: Juliett, Delta and Yankee, sending you 2
2024-10-14 22:38:22.874055 Alpha: Juliett, Yankee and Mike, sending you 3
2024-10-14 22:38:22.875819 Juliett: Mike, sending you 1
2024-10-14 22:38:22.878678 Yankee: Juliett, Papa and Alpha, sending you 3
2024-10-14 22:38:22.881442 Delta: Yankee, sending you 5
2024-10-14 22:38:22.883609 Bravo: Uniform, sending you 6
2024-10-14 22:38:22.884096 November: Juliett and Yankee, sending you 2
2024-10-14 22:38:22.886392 Mike: Papa, November and Alpha, sending you 4
2024-10-14 22:38:22.888409 Alpha: Delta and Papa, sending you 2
2024-10-14 22:38:22.891649 Uniform: Bravo, sending you 6
2024-10-14 22:38:22.892741 Yankee: Delta, sending you 4
2024-10-14 22:38:22.896087 Delta: Alpha, sending you 1
2024-10-14 22:38:22.899320 Bravo: Mike, sending you 2
2024-10-14 22:38:22.900308 November: Delta, Papa and Mike, sending you 3
2024-10-14 22:38:22.903583 Alpha: November, sending you 4
2024-10-14 22:38:22.906680 Uniform: Mike, sending you 2
2024-10-14 22:38:22.907684 Yankee: November, sending you 2
2024-10-14 22:38:22.910161 Bravo: Kilo, sending you 8
2024-10-14 22:38:22.910666 November: Alpha, sending you 4
2024-10-14 22:38:22.911682 Kilo: Bravo, sending you 8
2024-10-14 22:38:22.912668 Uniform: Kilo, sending you 7
2024-10-14 22:38:22.913239 Yankee: Mike, sending you 1
2024-10-14 22:38:22.917943 Kilo: Uniform, sending you 9
chatterbot Papa submitting transactions
chatterbot November submitting transactions
chatterbot Bravo submitting transactions
chatterbot Mike submitting transactions
chatterbot Juliett submitting transactions
chatterbot Alpha submitting transactions
chatterbot Kilo submitting transactions
chatterbot Yankee submitting transactions
chatterbot Uniform submitting transactions
chatterbot Delta submitting transactions
ChatterBot Juliett round 12
ChatterBot Delta round 12
ChatterBot Bravo round 12
ChatterBot Papa round 12
ChatterBot Uniform round 12
ChatterBot Yankee round 12
ChatterBot November round 12
ChatterBot Mike round 12
ChatterBot Kilo round 12
ChatterBot Alpha round 12
2024-10-14 22:38:24.113747 Uniform: We should drop Mike
2024-10-14 22:38:24.117784 Bravo: No
2024-10-14 22:38:24.117917 Kilo: Yes
ChatterBot Uniform reevaluating
ChatterBot Kilo reevaluating
ChatterBot Uniform reevaluating
ChatterBot Bravo reevaluating
2024-10-14 22:38:24.131690 Papa: Juliett, Delta and Alpha, sending you 2
