ChatterBot Tango round 1
ChatterBot Charlie round 1
ChatterBot Alpha round 1
ChatterBot Zulu round 1
ChatterBot India round 1
ChatterBot Delta round 1
ChatterBot Lima round 1
ChatterBot Juliett round 1
ChatterBot Papa round 1
ChatterBot Echo round 1
randomSelections Charlie: {Charlie, Juliett, India, Delta, Tango, Zulu, Papa, Lima} 
2024-10-14 22:38:07.910487 Charlie: Friends?
ChatterBot Juliett reevaluating
ChatterBot India reevaluating
ChatterBot Delta reevaluating
ChatterBot Tango reevaluating
ChatterBot Zulu reevaluating
ChatterBot Papa reevaluating
ChatterBot Lima reevaluating
2024-10-14 22:38:07.928704 Juliett: Yes
2024-10-14 22:38:07.929058 India: Yes
2024-10-14 22:38:07.929191 Delta: Yes
2024-10-14 22:38:07.930417 Tango: Yes
2024-10-14 22:38:07.930557 Zulu: Yes
2024-10-14 22:38:07.930795 Papa: Yes
2024-10-14 22:38:07.931167 Lima: Yes
ChatterBot India reevaluating
ChatterBot Delta reevaluating
ChatterBot Tango reevaluating
ChatterBot Zulu reevaluating
ChatterBot Papa reevaluating
ChatterBot Lima reevaluating
ChatterBot Juliett reevaluating
ChatterBot Delta reevaluating
ChatterBot Tango reevaluating
ChatterBot Zulu reevaluating
ChatterBot Papa reevaluating
ChatterBot Lima reevaluating
ChatterBot Juliett reevaluating
ChatterBot India reevaluating
ChatterBot Tango reevaluating
ChatterBot Zulu reevaluating
ChatterBot Papa reevaluating
ChatterBot Lima reevaluating
ChatterBot Juliett reevaluating
ChatterBot India reevaluating
ChatterBot Delta reevaluating
ChatterBot Zulu reevaluating
ChatterBot Papa reevaluating
ChatterBot Lima reevaluating
ChatterBot Juliett reevaluating
ChatterBot India reevaluating
ChatterBot Delta reevaluating
ChatterBot Tango reevaluating
ChatterBot Papa reevaluating
ChatterBot Lima reevaluating
ChatterBot Juliett reevaluating
ChatterBot India reevaluating
ChatterBot Delta reevaluating
ChatterBot Tango reevaluating
ChatterBot Zulu reevaluating
ChatterBot Lima reevaluating
ChatterBot Juliett reevaluating
ChatterBot India reevaluating
ChatterBot Delta reevaluating
ChatterBot Tango reevaluating
ChatterBot Zulu reevaluating
ChatterBot Papa reevaluating
randomSelections Alpha: {Alpha, Zulu, Tango, Lima} 
2024-10-14 22:38:08.037604 Alpha: Group up?
ChatterBot Zulu reevaluating
ChatterBot Tango reevaluating
ChatterBot Lima reevaluating
2024-10-14 22:38:08.042056 Zulu: No
2024-10-14 22:38:08.042264 Tango: No
2024-10-14 22:38:08.042379 Lima: No
ChatterBot Tango reevaluating
ChatterBot Lima reevaluating
ChatterBot Zulu reevaluating
ChatterBot Lima reevaluating
ChatterBot Zulu reevaluating
ChatterBot Tango reevaluating
randomSelections Echo: {Echo, Papa, Lima, Delta, India, Alpha, Tango, Charlie} 
2024-10-14 22:38:08.068745 Echo: Can we be friends?
ChatterBot Papa reevaluating
ChatterBot Lima reevaluating
ChatterBot Delta reevaluating
ChatterBot India reevaluating
ChatterBot Tango reevaluating
2024-10-14 22:38:08.078794 Papa: No
2024-10-14 22:38:08.078922 Lima: No
2024-10-14 22:38:08.079563 Delta: No
2024-10-14 22:38:08.079668 India: No
2024-10-14 22:38:08.079760 Alpha: No
2024-10-14 22:38:08.079848 Tango: No
2024-10-14 22:38:08.079943 Charlie: No
ChatterBot Lima reevaluating
ChatterBot Delta reevaluating
ChatterBot India reevaluating
ChatterBot Tango reevaluating
ChatterBot Papa reevaluating
ChatterBot Delta reevaluating
ChatterBot India reevaluating
ChatterBot Tango reevaluating
ChatterBot Papa reevaluating
ChatterBot Lima reevaluating
ChatterBot India reevaluating
ChatterBot Tango reevaluating
ChatterBot Papa reevaluating
ChatterBot Lima reevaluating
ChatterBot Delta reevaluating
ChatterBot Tango reevaluating
ChatterBot Papa reevaluating
ChatterBot Lima reevaluating
ChatterBot Delta reevaluating
ChatterBot India reevaluating
ChatterBot Tango reevaluating
ChatterBot Papa reevaluating
ChatterBot Lima reevaluating
ChatterBot Delta reevaluating
ChatterBot India reevaluating
ChatterBot Papa reevaluating
ChatterBot Lima reevaluating
ChatterBot Delta reevaluating
ChatterBot India reevaluating
ChatterBot Tango reevaluating
2024-10-14 22:38:08.164663 Charlie: Tango, Delta and Lima, sending you 3
2024-10-14 22:38:08.166689 Lima: Tango, sending you 2
2024-10-14 22:38:08.167681 Charlie: Zulu, India and Papa, sending you 2
2024-10-14 22:38:08.169699 Echo: Tango, India, Delta and Papa, sending you 2
2024-10-14 22:38:08.170839 Papa: Charlie, Zulu and India, sending you 3
2024-10-14 22:38:08.171254 Lima: Zulu and Juliett, sending you 3
2024-10-14 22:38:08.171512 India: Tango, sending you 5
2024-10-14 22:38:08.171790 Delta: Tango, Zulu and Papa, sending you 3
2024-10-14 22:38:08.172042 Charlie: Juliett, sending you 4
2024-10-14 22:38:08.172880 Juliett: Charlie and Papa, sending you 4
2024-10-14 22:38:08.173230 Tango: Charlie and Papa, sending you 2
2024-10-14 22:38:08.173492 Echo: Charlie, sending you 4
2024-10-14 22:38:08.173735 Papa: Lima, sending you 5
2024-10-14 22:38:08.175137 Zulu: Tango and Papa, sending you 1
2024-10-14 22:38:08.175501 Alpha: Tango, sending you 7
2024-10-14 22:38:08.175733 Lima: India and Papa, sending you 1
2024-10-14 22:38:08.176029 Delta: Charlie, sending you 2
2024-10-14 22:38:08.176344 India: Charlie, sending you 2
2024-10-14 22:38:08.176578 Tango: India, sending you 5
2024-10-14 22:38:08.176822 Echo: Alpha, sending you 5
2024-10-14 22:38:08.177040 Papa: Juliett, sending you 2
2024-10-14 22:38:08.177855 Juliett: India, sending you 3
2024-10-14 22:38:08.178693 Alpha: Zulu, sending you 5
2024-10-14 22:38:08.179735 Zulu: Charlie and Juliett, sending you 2
2024-10-14 22:38:08.180671 Lima: Delta, sending you 4
2024-10-14 22:38:08.181107 India: Zulu, Delta, Lima and Papa, sending you 1
2024-10-14 22:38:08.181457 Delta: India, sending you 1
2024-10-14 22:38:08.181794 Tango: Delta, sending you 4
2024-10-14 22:38:08.182191 Juliett: Delta and Lima, sending you 2
2024-10-14 22:38:08.182667 Alpha: Lima, sending you 3
2024-10-14 22:38:08.183698 Zulu: India and Delta, sending you 4
2024-10-14 22:38:08.184145 India: Juliett, sending you 3
2024-10-14 22:38:08.186174 Tango: Juliett, sending you 3
2024-10-14 22:38:08.186741 Delta: Juliett, sending you 4
2024-10-14 22:38:08.187382 Zulu: Lima, sending you 3
chatterbot Charlie submitting transactions
chatterbot Zulu submitting transactions
chatterbot Delta submitting transactions
chatterbot Lima submitting transactions
chatterbot Alpha submitting transactions
chatterbot Echo submitting transactions
chatterbot India submitting transactions
chatterbot Juliett submitting transactions
chatterbot Tango submitting transactions
chatterbot Papa submitting transactions
ChatterBot Tango round 2
ChatterBot Charlie round 2
ChatterBot Alpha round 2
ChatterBot Zulu round 2
ChatterBot India round 2
ChatterBot Delta round 2
ChatterBot Lima round 2
2024-10-14 22:38:10.040588 Alpha: Group up?
ChatterBot Echo reevaluating
2024-10-14 22:38:10.059785 Echo: Yes
2024-10-14 22:38:10.065858 Echo: Group up?
2024-10-14 22:38:10.072364 Alpha: Yes
ChatterBot Echo reevaluating
2024-10-14 22:38:10.099926 Tango: We should add Alpha and Echo
ChatterBot Charlie reevaluating
ChatterBot Juliett reevaluating
ChatterBot India reevaluating
ChatterBot Delta reevaluating
ChatterBot Zulu reevaluating
ChatterBot Papa reevaluating
ChatterBot Lima reevaluating
2024-10-14 22:38:10.164438 Charlie: No
2024-10-14 22:38:10.164670 Juliett: No
2024-10-14 22:38:10.164812 India: No
2024-10-14 22:38:10.165345 Delta: No
2024-10-14 22:38:10.165467 Zulu: No
2024-10-14 22:38:10.165577 Papa: No
2024-10-14 22:38:10.165696 Lima: No
ChatterBot Juliett reevaluating
ChatterBot India reevaluating
ChatterBot Delta reevaluating
ChatterBot Tango reevaluating
ChatterBot Zulu reevaluating
ChatterBot Papa reevaluating
ChatterBot Lima reevaluating
ChatterBot Charlie reevaluating
ChatterBot India reevaluating
ChatterBot Delta reevaluating
ChatterBot Tango reevaluating
ChatterBot Zulu reevaluating
ChatterBot Papa reevaluating
ChatterBot Lima reevaluating
ChatterBot Charlie reevaluating
ChatterBot Juliett reevaluating
ChatterBot Delta reevaluating
ChatterBot Tango reevaluating
ChatterBot Zulu reevaluating
ChatterBot Papa reevaluating
ChatterBot Lima reevaluating
ChatterBot Charlie reevaluating
ChatterBot Juliett reevaluating
ChatterBot India reevaluating
ChatterBot Tango reevaluating
ChatterBot Zulu reevaluating
ChatterBot Papa reevaluating
ChatterBot Lima reevaluating
ChatterBot Charlie reevaluating
ChatterBot Juliett reevaluating
ChatterBot India reevaluating
ChatterBot Delta reevaluating
ChatterBot Tango reevaluating
ChatterBot Papa reevaluating
ChatterBot Lima reevaluating
ChatterBot Charlie reevaluating
ChatterBot Juliett reevaluating
ChatterBot India reevaluating
ChatterBot Delta reevaluating
ChatterBot Tango reevaluating
ChatterBot Zulu reevaluating
ChatterBot Lima reevaluating
ChatterBot Charlie reevaluating
ChatterBot Juliett reevaluating
ChatterBot India reevaluating
ChatterBot Delta reevaluating
ChatterBot Tango reevaluating
ChatterBot Zulu reevaluating
ChatterBot Papa reevaluating
ChatterBot Juliett round 2
ChatterBot Papa round 2
ChatterBot Echo round 2
2024-10-14 22:38:10.611482 Tango: We should add Alpha
ChatterBot Charlie reevaluating
ChatterBot Juliett reevaluating
ChatterBot India reevaluating
ChatterBot Delta reevaluating
ChatterBot Zulu reevaluating
ChatterBot Papa reevaluating
ChatterBot Lima reevaluating
2024-10-14 22:38:10.648383 Charlie: No
2024-10-14 22:38:10.648715 Juliett: No
2024-10-14 22:38:10.648923 India: No
2024-10-14 22:38:10.649132 Delta: No
2024-10-14 22:38:10.649805 Zulu: No
2024-10-14 22:38:10.650027 Papa: No
2024-10-14 22:38:10.650238 Lima: No
ChatterBot Juliett reevaluating
ChatterBot India reevaluating
ChatterBot Delta reevaluating
ChatterBot Tango reevaluating
ChatterBot Zulu reevaluating
ChatterBot Papa reevaluating
ChatterBot Lima reevaluating
ChatterBot Charlie reevaluating
ChatterBot India reevaluating
ChatterBot Delta reevaluating
ChatterBot Tango reevaluating
ChatterBot Zulu reevaluating
ChatterBot Papa reevaluating
ChatterBot Lima reevaluating
ChatterBot Charlie reevaluating
ChatterBot Juliett reevaluating
ChatterBot Delta reevaluating
ChatterBot Tango reevaluating
ChatterBot Zulu reevaluating
ChatterBot Papa reevaluating
ChatterBot Lima reevaluating
ChatterBot Charlie reevaluating
ChatterBot Juliett reevaluating
ChatterBot India reevaluating
ChatterBot Tango reevaluating
ChatterBot Zulu reevaluating
ChatterBot Papa reevaluating
ChatterBot Lima reevaluating
ChatterBot Charlie reevaluating
ChatterBot Juliett reevaluating
ChatterBot India reevaluating
ChatterBot Delta reevaluating
ChatterBot Tango reevaluating
ChatterBot Papa reevaluating
ChatterBot Lima reevaluating
ChatterBot Charlie reevaluating
ChatterBot Juliett reevaluating
ChatterBot India reevaluating
ChatterBot Delta reevaluating
ChatterBot Tango reevaluating
ChatterBot Zulu reevaluating
ChatterBot Lima reevaluating
ChatterBot Charlie reevaluating
ChatterBot Juliett reevaluating
ChatterBot India reevaluating
ChatterBot Delta reevaluating
ChatterBot Tango reevaluating
ChatterBot Zulu reevaluating
ChatterBot Papa reevaluating
2024-10-14 22:38:11.118589 Alpha: Sending you 12
2024-10-14 22:38:11.245969 Juliett: Tango, Zulu, India, Delta, Lima and Papa, sending you 2
2024-10-14 22:38:11.246998 Papa: Tango, Charlie, Zulu, India and Lima, sending you 2
2024-10-14 22:38:11.247402 Charlie: Tango, Zulu, India, Delta, Juliett and Papa, sending you 3
2024-10-14 22:38:11.248213 Zulu: Charlie, sending you 3
2024-10-14 22:38:11.248629 Lima: Tango and Delta, sending you 1
2024-10-14 22:38:11.249434 Delta: Tango, Zulu and Lima, sending you 3
2024-10-14 22:38:11.249818 India: Tango and Zulu, sending you 4
2024-10-14 22:38:11.321735 Juliett: Charlie, sending you 3
2024-10-14 22:38:11.322596 Papa: Delta and Juliett, sending you 3
2024-10-14 22:38:11.323018 Charlie: Lima, sending you 1
2024-10-14 22:38:11.323439 Zulu: India, sending you 1
2024-10-14 22:38:11.324302 Delta: Charlie, India and Juliett, sending you 2
2024-10-14 22:38:11.324747 Tango: Charlie and Delta, sending you 4
2024-10-14 22:38:11.325605 Lima: Charlie and Zulu, sending you 3
2024-10-14 22:38:11.326054 India: Charlie, Juliett and Papa, sending you 2
2024-10-14 22:38:11.326897 Echo: Same as last round
chatterbot Alpha submitting transactions
2024-10-14 22:38:11.369913 Zulu: Delta, Lima and Papa, sending you 4
2024-10-14 22:38:11.370894 Delta: Papa, sending you 1
2024-10-14 22:38:11.371451 Tango: Zulu, sending you 1
2024-10-14 22:38:11.372408 Lima: India and Juliett, sending you 2
2024-10-14 22:38:11.373134 India: Delta and Lima, sending you 1
2024-10-14 22:38:11.401619 Tango: India, sending you 5
2024-10-14 22:38:11.402462 Lima: Papa, sending you 5
chatterbot Lima submitting transactions
2024-10-14 22:38:11.444399 Tango: Lima, sending you 3
chatterbot India submitting transactions
chatterbot Papa submitting transactions
chatterbot Zulu submitting transactions
chatterbot Juliett submitting transactions
chatterbot Charlie submitting transactions
chatterbot Echo submitting transactions
chatterbot Tango submitting transactions
chatterbot Echo submitting transactions
chatterbot Delta submitting transactions
ChatterBot Tango round 3
ChatterBot Charlie round 3
ChatterBot Alpha round 3
ChatterBot Zulu round 3
ChatterBot India round 3
ChatterBot Delta round 3
ChatterBot Lima round 3
ChatterBot Juliett round 3
ChatterBot Papa round 3
ChatterBot Echo round 3
2024-10-14 22:38:12.729401 Zulu: Tango and Juliett, sending you 1
2024-10-14 22:38:12.731599 Alpha: Sending you 14
2024-10-14 22:38:12.893815 Zulu: Charlie, India, Delta, Lima and Papa, sending you 3
2024-10-14 22:38:12.894512 Charlie: Tango, Zulu, India, Delta, Juliett and Papa, sending you 3
2024-10-14 22:38:12.895605 Tango: Charlie and Delta, sending you 4
2024-10-14 22:38:12.896697 Delta: Tango and Zulu, sending you 3
2024-10-14 22:38:12.897238 Lima: Tango, Charlie, India, Delta and Juliett, sending you 2
2024-10-14 22:38:12.898322 Juliett: Tango, Zulu, India, Delta, Lima and Papa, sending you 2
2024-10-14 22:38:12.899265 India: Tango, sending you 4
chatterbot Delta submitting transactions
2024-10-14 22:38:12.899976 Charlie: Lima, sending you 1
2024-10-14 22:38:12.900848 Tango: Zulu, Juliett and Papa, sending you 1
2024-10-14 22:38:12.901877 Lima: Zulu, sending you 4
2024-10-14 22:38:12.902444 Delta: Charlie, India, Lima, Juliett and Papa, sending you 2
2024-10-14 22:38:12.975710 India: Charlie, Zulu, Delta, Lima, Juliett and Papa, sending you 2
2024-10-14 22:38:12.976425 Echo: Sending you 5
2024-10-14 22:38:12.977218 Papa: Tango, Charlie, Zulu, India and Delta, sending you 2
2024-10-14 22:38:12.977810 Juliett: Charlie, sending you 3
2024-10-14 22:38:12.978886 Tango: India, sending you 5
2024-10-14 22:38:12.979854 Lima: Papa, sending you 3
chatterbot Lima submitting transactions
2024-10-14 22:38:13.049285 Papa: Lima and Juliett, sending you 3
2024-10-14 22:38:13.050458 Tango: Lima, sending you 2
chatterbot Echo submitting transactions
chatterbot India submitting transactions
chatterbot Alpha submitting transactions
chatterbot Juliett submitting transactions
chatterbot Papa submitting transactions
chatterbot Zulu submitting transactions
chatterbot Tango submitting transactions
chatterbot Charlie submitting transactions
ChatterBot Tango round 4
ChatterBot Charlie round 4
ChatterBot Alpha round 4
ChatterBot Zulu round 4
ChatterBot India round 4
ChatterBot Delta round 4
ChatterBot Lima round 4
ChatterBot Juliett round 4
ChatterBot Papa round 4
ChatterBot Echo round 4
2024-10-14 22:38:14.557979 Zulu: Charlie, India and Delta, sending you 3
2024-10-14 22:38:14.559174 India: Tango, sending you 4
2024-10-14 22:38:14.559699 Tango: Charlie and Delta, sending you 3
2024-10-14 22:38:14.560670 Alpha: Sending you 15
2024-10-14 22:38:14.595936 Zulu: Lima, sending you 4
2024-10-14 22:38:14.597345 Lima: Tango, Charlie, India, Delta and Juliett, sending you 2
2024-10-14 22:38:14.598136 Delta: Tango and Zulu, sending you 3
2024-10-14 22:38:14.599363 India: Charlie, Zulu, Delta, Lima, Juliett and Papa, sending you 2
2024-10-14 22:38:14.600681 Charlie: Tango, Zulu, India, Delta, Juliett and Papa, sending you 3
2024-10-14 22:38:14.601442 Papa: Tango, Charlie, Zulu, India, Delta and Juliett, sending you 2
2024-10-14 22:38:14.602642 Juliett: Tango, Zulu, India, Delta, Lima and Papa, sending you 2
2024-10-14 22:38:14.603345 Tango: Zulu, sending you 1
2024-10-14 22:38:14.604632 Zulu: Juliett and Papa, sending you 2
2024-10-14 22:38:14.605951 Lima: Zulu, sending you 4
2024-10-14 22:38:14.607211 Delta: Charlie, India, Lima, Juliett and Papa, sending you 2
2024-10-14 22:38:14.608117 Charlie: Lima, sending you 1
2024-10-14 22:38:14.609510 Papa: Lima, sending you 4
2024-10-14 22:38:14.610709 Juliett: Charlie, sending you 3
2024-10-14 22:38:14.611698 Tango: India, sending you 5
2024-10-14 22:38:14.612853 Echo: Sending you 4
2024-10-14 22:38:14.613192 Lima: Papa, sending you 3
2024-10-14 22:38:14.618476 Tango: Lima, Juliett and Papa, sending you 2
chatterbot Alpha submitting transactions
chatterbot India submitting transactions
chatterbot Papa submitting transactions
chatterbot Charlie submitting transactions
chatterbot Echo submitting transactions
chatterbot Zulu submitting transactions
chatterbot Lima submitting transactions
chatterbot Delta submitting transactions
chatterbot Tango submitting transactions
chatterbot Juliett submitting transactions
ChatterBot Tango round 5
ChatterBot Charlie round 5
ChatterBot Alpha round 5
ChatterBot Zulu round 5
ChatterBot India round 5
ChatterBot Delta round 5
ChatterBot Lima round 5
ChatterBot Juliett round 5
ChatterBot Papa round 5
ChatterBot Echo round 5
2024-10-14 22:38:15.423691 Tango: Charlie and Delta, sending you 3
2024-10-14 22:38:15.426325 Charlie: Tango, Zulu, India, Delta, Juliett and Papa, sending you 3
2024-10-14 22:38:15.428697 Tango: Zulu, sending you 1
2024-10-14 22:38:15.431692 Charlie: Lima, sending you 1
2024-10-14 22:38:15.433204 Delta: Tango, Charlie and Zulu, sending you 3
2024-10-14 22:38:15.434306 Tango: India, sending you 5
2024-10-14 22:38:15.435467 Zulu: Tango, sending you 1
2024-10-14 22:38:15.436132 Juliett: Tango, Zulu, India, Delta, Lima and Papa, sending you 2
2024-10-14 22:38:15.436701 Delta: India, sending you 1
2024-10-14 22:38:15.437891 Alpha: Same as last round
2024-10-14 22:38:15.438656 Zulu: Charlie and Delta, sending you 3
2024-10-14 22:38:15.440039 Tango: Lima, Juliett and Papa, sending you 2
2024-10-14 22:38:15.440971 India: Tango, sending you 4
2024-10-14 22:38:15.442516 Papa: Tango, Charlie, Zulu, India, Delta and Juliett, sending you 2
2024-10-14 22:38:15.443577 Delta: Lima, Juliett and Papa, sending you 2
2024-10-14 22:38:15.445055 Juliett: Charlie, sending you 3
2024-10-14 22:38:15.446786 Lima: Tango, Charlie, India, Delta and Juliett, sending you 2
2024-10-14 22:38:15.447995 Zulu: India, Juliett and Papa, sending you 2
2024-10-14 22:38:15.449731 India: Charlie, Zulu, Delta, Lima, Juliett and Papa, sending you 2
2024-10-14 22:38:15.451670 Papa: Lima, sending you 4
2024-10-14 22:38:15.452847 Lima: Zulu, sending you 4
2024-10-14 22:38:15.454820 Zulu: Lima, sending you 4
2024-10-14 22:38:15.456458 Echo: Sending you 3
2024-10-14 22:38:15.458155 Lima: Papa, sending you 3
chatterbot Zulu submitting transactions
chatterbot Lima submitting transactions
chatterbot Echo submitting transactions
chatterbot Tango submitting transactions
chatterbot Charlie submitting transactions
chatterbot Juliett submitting transactions
chatterbot Alpha submitting transactions
chatterbot Papa submitting transactions
chatterbot India submitting transactions
chatterbot Delta submitting transactions
ChatterBot Tango round 6
ChatterBot Charlie round 6
ChatterBot Alpha round 6
ChatterBot Zulu round 6
ChatterBot India round 6
ChatterBot Delta round 6
ChatterBot Lima round 6
ChatterBot Juliett round 6
ChatterBot Papa round 6
ChatterBot Echo round 6
2024-10-14 22:38:16.609821 Tango: Charlie and Delta, sending you 3
2024-10-14 22:38:16.612274 Alpha: Same as last round
2024-10-14 22:38:16.613679 Tango: Zulu, sending you 1
2024-10-14 22:38:16.618872 Charlie: Tango, Zulu, India, Delta, Juliett and Papa, sending you 3
2024-10-14 22:38:16.620027 Zulu: Tango, sending you 1
2024-10-14 22:38:16.621155 Lima: Tango, Charlie, India, Delta and Juliett, sending you 2
2024-10-14 22:38:16.621900 Tango: India, sending you 5
2024-10-14 22:38:16.623680 Papa: Tango, Charlie, Zulu, India, Delta and Juliett, sending you 2
2024-10-14 22:38:16.625300 Charlie: Lima, sending you 1
2024-10-14 22:38:16.626154 India: Tango, sending you 4
2024-10-14 22:38:16.627520 Zulu: Charlie and Delta, sending you 3
2024-10-14 22:38:16.628364 Delta: Tango, Charlie and Zulu, sending you 3
2024-10-14 22:38:16.629769 Lima: Zulu, sending you 4
2024-10-14 22:38:16.630540 Tango: Lima, Juliett and Papa, sending you 2
2024-10-14 22:38:16.631836 Juliett: Tango, Zulu, India, Delta, Lima and Papa, sending you 2
2024-10-14 22:38:16.633642 Papa: Lima, sending you 4
2024-10-14 22:38:16.635438 India: Charlie, Zulu, Delta, Lima, Juliett and Papa, sending you 2
2024-10-14 22:38:16.636863 Zulu: India, Juliett and Papa, sending you 2
2024-10-14 22:38:16.638622 Delta: India, sending you 1
2024-10-14 22:38:16.640442 Lima: Papa, sending you 3
2024-10-14 22:38:16.642086 Juliett: Charlie, sending you 3
2024-10-14 22:38:16.642975 Echo: Same as last round
2024-10-14 22:38:16.643256 Zulu: Lima, sending you 4
2024-10-14 22:38:16.645503 Delta: Lima, Juliett and Papa, sending you 2
chatterbot Tango submitting transactions
chatterbot Charlie submitting transactions
chatterbot Papa submitting transactions
chatterbot Delta submitting transactions
chatterbot India submitting transactions
chatterbot Lima submitting transactions
chatterbot Echo submitting transactions
chatterbot Zulu submitting transactions
chatterbot Juliett submitting transactions
chatterbot Alpha submitting transactions
ChatterBot Tango round 7
ChatterBot Charlie round 7
ChatterBot Alpha round 7
ChatterBot Zulu round 7
ChatterBot India round 7
ChatterBot Delta round 7
ChatterBot Lima round 7
ChatterBot Juliett round 7
ChatterBot Papa round 7
ChatterBot Echo round 7
2024-10-14 22:38:17.872673 Delta: Tango, Charlie and Zulu, sending you 3
2024-10-14 22:38:17.874695 Tango: Charlie and Delta, sending you 3
2024-10-14 22:38:17.875654 India: Tango, sending you 4
2024-10-14 22:38:17.878678 Delta: India, Lima and Juliett, sending you 2
2024-10-14 22:38:17.879672 India: Charlie, Zulu, Delta, Lima, Juliett and Papa, sending you 2
2024-10-14 22:38:17.881001 Alpha: Same as last round
2024-10-14 22:38:17.881275 Tango: Zulu, sending you 1
2024-10-14 22:38:17.882063 Zulu: Tango, sending you 1
2024-10-14 22:38:17.883138 Lima: Tango, Charlie, India, Delta and Juliett, sending you 2
2024-10-14 22:38:17.883924 Delta: Papa, sending you 1
2024-10-14 22:38:17.885665 Tango: India, sending you 5
2024-10-14 22:38:17.886814 Zulu: Charlie and Delta, sending you 3
2024-10-14 22:38:17.887701 Lima: Zulu, sending you 4
2024-10-14 22:38:17.889381 Papa: Tango, Zulu, India, Delta and Juliett, sending you 2
2024-10-14 22:38:17.890971 Charlie: Tango, Zulu, India, Delta, Juliett and Papa, sending you 3
2024-10-14 22:38:17.892618 Zulu: India, Juliett and Papa, sending you 2
2024-10-14 22:38:17.893718 Tango: Lima, Juliett and Papa, sending you 2
2024-10-14 22:38:17.894559 Lima: Papa, sending you 3
2024-10-14 22:38:17.895985 Juliett: Tango, Zulu, India, Delta, Lima and Papa, sending you 2
2024-10-14 22:38:17.897115 Papa: Charlie and Lima, sending you 3
2024-10-14 22:38:17.898806 Charlie: Lima, sending you 1
2024-10-14 22:38:17.900151 Echo: Sending you 2
2024-10-14 22:38:17.900501 Zulu: Lima, sending you 4
2024-10-14 22:38:17.902038 Juliett: Charlie, sending you 3
chatterbot Charlie submitting transactions
chatterbot Juliett submitting transactions
chatterbot India submitting transactions
chatterbot Lima submitting transactions
chatterbot Papa submitting transactions
chatterbot Alpha submitting transactions
chatterbot Echo submitting transactions
chatterbot Tango submitting transactions
chatterbot Zulu submitting transactions
chatterbot Delta submitting transactions
ChatterBot Tango round 8
ChatterBot Charlie round 8
ChatterBot Alpha round 8
ChatterBot Zulu round 8
ChatterBot India round 8
ChatterBot Delta round 8
ChatterBot Lima round 8
ChatterBot Juliett round 8
ChatterBot Papa round 8
ChatterBot Echo round 8
2024-10-14 22:38:19.116659 Alpha: Same as last round
2024-10-14 22:38:19.122656 Lima: Tango, Charlie, India, Delta and Juliett, sending you 2
2024-10-14 22:38:19.125664 India: Tango, sending you 4
2024-10-14 22:38:19.126768 Delta: Tango, Charlie and Zulu, sending you 3
2024-10-14 22:38:19.127695 Lima: Zulu, sending you 4
2024-10-14 22:38:19.129163 Tango: Charlie and Delta, sending you 3
2024-10-14 22:38:19.130680 Charlie: Tango, Zulu, India, Delta, Juliett and Papa, sending you 3
2024-10-14 22:38:19.132107 India: Charlie, Zulu, Delta, Lima, Juliett and Papa, sending you 2
2024-10-14 22:38:19.133975 Delta: India, Lima and Juliett, sending you 2
2024-10-14 22:38:19.135262 Lima: Papa, sending you 3
2024-10-14 22:38:19.136307 Papa: Tango, Zulu, India, Delta and Juliett, sending you 2
2024-10-14 22:38:19.138032 Zulu: Tango, sending you 1
2024-10-14 22:38:19.139518 Tango: Zulu, sending you 1
2024-10-14 22:38:19.140465 Charlie: Lima, sending you 1
2024-10-14 22:38:19.141853 Echo: Same as last round
2024-10-14 22:38:19.142162 Delta: Papa, sending you 1
2024-10-14 22:38:19.143549 Juliett: Tango, Zulu, India, Delta, Lima and Papa, sending you 2
2024-10-14 22:38:19.144551 Papa: Charlie and Lima, sending you 3
2024-10-14 22:38:19.145989 Tango: India, sending you 5
2024-10-14 22:38:19.147244 Zulu: Charlie and Delta, sending you 3
2024-10-14 22:38:19.148659 Juliett: Charlie, sending you 3
2024-10-14 22:38:19.150671 Tango: Lima, Juliett and Papa, sending you 2
2024-10-14 22:38:19.152682 Zulu: India, Juliett and Papa, sending you 2
2024-10-14 22:38:19.156650 Zulu: Lima, sending you 4
chatterbot Echo submitting transactions
chatterbot Alpha submitting transactions
chatterbot India submitting transactions
chatterbot Charlie submitting transactions
chatterbot Lima submitting transactions
chatterbot Zulu submitting transactions
chatterbot Juliett submitting transactions
chatterbot Delta submitting transactions
chatterbot Papa submitting transactions
chatterbot Tango submitting transactions
ChatterBot Tango round 9
ChatterBot Charlie round 9
ChatterBot Alpha round 9
ChatterBot Zulu round 9
ChatterBot India round 9
ChatterBot Delta round 9
ChatterBot Lima round 9
ChatterBot Juliett round 9
ChatterBot Papa round 9
ChatterBot Echo round 9
2024-10-14 22:38:20.392246 India: Tango, sending you 4
2024-10-14 22:38:20.395895 Zulu: Tango, sending you 1
2024-10-14 22:38:20.399052 India: Charlie, Zulu, Delta, Lima, Juliett and Papa, sending you 2
2024-10-14 22:38:20.400714 Charlie: Tango, Zulu, India, Delta, Juliett and Papa, sending you 3
2024-10-14 22:38:20.403213 Lima: Tango, Charlie, India, Delta and Juliett, sending you 2
2024-10-14 22:38:20.405413 Tango: Charlie and Delta, sending you 3
2024-10-14 22:38:20.406729 Zulu: Charlie and Delta, sending you 3
2024-10-14 22:38:20.408746 Juliett: Tango, Zulu, India, Delta, Lima and Papa, sending you 2
2024-10-14 22:38:20.410421 Alpha: Same as last round
2024-10-14 22:38:20.410794 Charlie: Lima, sending you 1
2024-10-14 22:38:20.412836 Lima: Zulu, sending you 4
2024-10-14 22:38:20.414770 Delta: Tango, Charlie and Zulu, sending you 3
2024-10-14 22:38:20.416406 Tango: Zulu, sending you 1
2024-10-14 22:38:20.418961 Zulu: India, Juliett and Papa, sending you 2
2024-10-14 22:38:20.421853 Juliett: Charlie, sending you 3
2024-10-14 22:38:20.424650 Echo: Same as last round
2024-10-14 22:38:20.425102 Lima: Papa, sending you 3
2024-10-14 22:38:20.428101 Delta: India, Lima and Juliett, sending you 2
2024-10-14 22:38:20.430625 Papa: Tango, Zulu, India, Delta and Juliett, sending you 2
2024-10-14 22:38:20.433734 Tango: India, sending you 5
2024-10-14 22:38:20.436312 Zulu: Lima, sending you 4
2024-10-14 22:38:20.439019 Delta: Papa, sending you 1
2024-10-14 22:38:20.441412 Papa: Charlie and Lima, sending you 3
2024-10-14 22:38:20.444525 Tango: Lima, Juliett and Papa, sending you 2
chatterbot Delta submitting transactions
chatterbot Tango submitting transactions
chatterbot Zulu submitting transactions
chatterbot Echo submitting transactions
chatterbot Alpha submitting transactions
chatterbot Juliett submitting transactions
chatterbot Papa submitting transactions
chatterbot Lima submitting transactions
chatterbot India submitting transactions
chatterbot Charlie submitting transactions
ChatterBot Tango round 10
ChatterBot Charlie round 10
ChatterBot Alpha round 10
ChatterBot Zulu round 10
ChatterBot India round 10
ChatterBot Delta round 10
ChatterBot Lima round 10
ChatterBot Juliett round 10
ChatterBot Papa round 10
ChatterBot Echo round 10
2024-10-14 22:38:21.563701 Tango: Charlie and Delta, sending you 3
2024-10-14 22:38:21.568673 Alpha: Same as last round
2024-10-14 22:38:21.569724 Delta: Tango, Charlie and Zulu, sending you 3
2024-10-14 22:38:21.572300 Tango: Zulu, sending you 1
2024-10-14 22:38:21.574505 Charlie: Tango, Zulu, India, Delta, Juliett and Papa, sending you 3
2024-10-14 22:38:21.576720 Delta: India, Lima and Juliett, sending you 2
2024-10-14 22:38:21.578698 Tango: India, sending you 5
2024-10-14 22:38:21.579954 Juliett: Tango, Zulu, India, Delta, Lima and Papa, sending you 2
2024-10-14 22:38:21.581919 Charlie: Lima, sending you 1
2024-10-14 22:38:21.584037 Zulu: Tango, sending you 1
2024-10-14 22:38:21.585543 Echo: Same as last round
2024-10-14 22:38:21.585852 Lima: Tango, Charlie, India, Delta and Juliett, sending you 2
2024-10-14 22:38:21.587429 Delta: Papa, sending you 1
2024-10-14 22:38:21.588419 India: Tango, sending you 4
2024-10-14 22:38:21.589976 Tango: Lima, Juliett and Papa, sending you 2
2024-10-14 22:38:21.591070 Juliett: Charlie, sending you 3
2024-10-14 22:38:21.592557 Papa: Tango, Zulu, India, Delta and Juliett, sending you 2
2024-10-14 22:38:21.594163 Zulu: Charlie and Delta, sending you 3
2024-10-14 22:38:21.595203 Lima: Zulu, sending you 4
2024-10-14 22:38:21.596807 India: Charlie, sending you 3
2024-10-14 22:38:21.598306 Papa: Charlie and Lima, sending you 3
2024-10-14 22:38:21.600171 Zulu: India, Juliett and Papa, sending you 2
2024-10-14 22:38:21.601952 Lima: Papa, sending you 3
2024-10-14 22:38:21.603773 India: Zulu, Lima, Juliett and Papa, sending you 2
2024-10-14 22:38:21.607095 Zulu: Lima, sending you 4
2024-10-14 22:38:21.610857 India: Delta, sending you 1
chatterbot Tango submitting transactions
chatterbot Echo submitting transactions
chatterbot Zulu submitting transactions
chatterbot Alpha submitting transactions
chatterbot Lima submitting transactions
chatterbot Juliett submitting transactions
chatterbot Charlie submitting transactions
chatterbot Papa submitting transactions
chatterbot Delta submitting transactions
chatterbot India submitting transactions
ChatterBot Tango round 11
ChatterBot Charlie round 11
ChatterBot Alpha round 11
ChatterBot Zulu round 11
ChatterBot India round 11
ChatterBot Delta round 11
ChatterBot Lima round 11
ChatterBot Juliett round 11
ChatterBot Papa round 11
ChatterBot Echo round 11
2024-10-14 22:38:22.760699 Tango: Charlie and Delta, sending you 3
2024-10-14 22:38:22.762665 Charlie: Tango, Zulu, India, Delta, Juliett and Papa, sending you 3
2024-10-14 22:38:22.764383 Alpha: Same as last round
2024-10-14 22:38:22.764668 Tango: Zulu, sending you 1
2024-10-14 22:38:22.765767 Zulu: Tango, sending you 1
2024-10-14 22:38:22.767153 India: Tango, sending you 4
2024-10-14 22:38:22.768049 Juliett: Tango, Zulu, India, Delta, Lima and Papa, sending you 2
2024-10-14 22:38:22.769329 Charlie: Lima, sending you 1
2024-10-14 22:38:22.770349 Tango: India, sending you 5
2024-10-14 22:38:22.771777 Delta: Tango, Charlie and Zulu, sending you 3
2024-10-14 22:38:22.772846 Zulu: Charlie and Delta, sending you 3
2024-10-14 22:38:22.773858 India: Charlie, sending you 3
2024-10-14 22:38:22.775272 Juliett: Charlie, sending you 3
2024-10-14 22:38:22.776396 Papa: Tango, Zulu, India, Delta and Juliett, sending you 2
2024-10-14 22:38:22.777466 Tango: Lima, Juliett and Papa, sending you 2
2024-10-14 22:38:22.778537 Delta: India, sending you 1
2024-10-14 22:38:22.780438 Zulu: India, Juliett and Papa, sending you 2
2024-10-14 22:38:22.781504 India: Zulu, Lima, Juliett and Papa, sending you 2
2024-10-14 22:38:22.783001 Lima: Tango, Charlie, India, Delta and Juliett, sending you 2
2024-10-14 22:38:22.784882 Papa: Charlie and Lima, sending you 3
2024-10-14 22:38:22.787316 Delta: Lima, Juliett and Papa, sending you 2
2024-10-14 22:38:22.789628 Zulu: Lima, sending you 4
2024-10-14 22:38:22.791702 India: Delta, sending you 1
2024-10-14 22:38:22.794575 Echo: Sending you 1
2024-10-14 22:38:22.795006 Lima: Zulu, sending you 4
2024-10-14 22:38:22.800670 Lima: Papa, sending you 3
chatterbot Charlie submitting transactions
chatterbot Tango submitting transactions
chatterbot Lima submitting transactions
chatterbot Juliett submitting transactions
chatterbot Papa submitting transactions
chatterbot Alpha submitting transactions
chatterbot Delta submitting transactions
chatterbot Echo submitting transactions
chatterbot Zulu submitting transactions
chatterbot India submitting transactions
ChatterBot Tango round 12
ChatterBot Charlie round 12
ChatterBot Alpha round 12
ChatterBot Zulu round 12
ChatterBot India round 12
ChatterBot Delta round 12
ChatterBot Lima round 12
ChatterBot Juliett round 12
ChatterBot Papa round 12
ChatterBot Echo round 12
2024-10-14 22:38:24.018693 Tango: Charlie and Delta, sending you 3
2024-10-14 22:38:24.020942 Charlie: Tango, Zulu, India, Delta, Juliett and Papa, sending you 3
2024-10-14 22:38:24.022887 India: Tango, sending you 4
2024-10-14 22:38:24.025589 Zulu: Tango, sending you 1
2024-10-14 22:38:24.027461 Tango: Zulu, sending you 1
2024-10-14 22:38:24.029919 Charlie: Lima, sending you 1
2024-10-14 22:38:24.031752 India: Charlie, sending you 3
2024-10-14 22:38:24.034253 Zulu: Charlie and Delta, sending you 3
2024-10-14 22:38:24.036114 Tango: India, sending you 5
2024-10-14 22:38:24.038531 Lima: Tango, Charlie, India, Delta and Juliett, sending you 2
2024-10-14 22:38:24.040585 India: Zulu, Lima, Juliett and Papa, sending you 2
2024-10-14 22:38:24.043001 Papa: Tango, Zulu, India, Delta and Juliett, sending you 2
2024-10-14 22:38:24.044822 Delta: Tango, Charlie and Zulu, sending you 3
2024-10-14 22:38:24.046688 Juliett: Tango, Zulu, India, Delta, Lima and Papa, sending you 2
2024-10-14 22:38:24.049259 Zulu: India, Juliett and Papa, sending you 2
2024-10-14 22:38:24.051067 Alpha: Same as last round
2024-10-14 22:38:24.051454 Tango: Lima, Juliett and Papa, sending you 2
2024-10-14 22:38:24.053349 Lima: Zulu, sending you 4
2024-10-14 22:38:24.056041 Echo: Same as last round
2024-10-14 22:38:24.056469 India: Delta, sending you 1
2024-10-14 22:38:24.058329 Papa: Charlie and Lima, sending you 3
2024-10-14 22:38:24.063108 Delta: India, sending you 1
2024-10-14 22:38:24.067531 Juliett: Charlie, sending you 3
2024-10-14 22:38:24.070558 Zulu: Lima, sending you 4
2024-10-14 22:38:24.072505 Lima: Papa, sending you 3
2024-10-14 22:38:24.073882 Delta: Lima, Juliett and Papa, sending you 2
chatterbot Delta submitting transactions
chatterbot Lima submitting transactions
chatterbot India submitting transactions
chatterbot Papa submitting transactions
chatterbot Charlie submitting transactions
chatterbot Zulu submitting transactions
chatterbot Echo submitting transactions
chatterbot Alpha submitting transactions
chatterbot Tango submitting transactions
chatterbot Juliett submitting transactions
ChatterBot Tango round 13
ChatterBot Charlie round 13
ChatterBot Alpha round 13
ChatterBot Zulu round 13
ChatterBot India round 13
ChatterBot Delta round 13
ChatterBot Lima round 13
ChatterBot Juliett round 13
ChatterBot Papa round 13
ChatterBot Echo round 13
2024-10-14 22:38:25.211693 Tango: Charlie and Delta, sending you 3
2024-10-14 22:38:25.214298 Alpha: Same as last round
2024-10-14 22:38:25.215713 Echo: Same as last round
2024-10-14 22:38:25.216001 Lima: Tango, Charlie, India, Delta and Juliett, sending you 2
2024-10-14 22:38:25.218133 India: Tango, sending you 4
2024-10-14 22:38:25.219187 Zulu: Tango, sending you 1
2024-10-14 22:38:25.220219 Tango: Zulu, sending you 1
2024-10-14 22:38:25.222094 Papa: Tango, Zulu, India, Delta and Juliett, sending you 2
2024-10-14 22:38:25.223208 Delta: Tango, Charlie and Zulu, sending you 3
2024-10-14 22:38:25.225277 Charlie: Tango, Zulu, India, Delta, Juliett and Papa, sending you 3
2024-10-14 22:38:25.226464 Lima: Zulu, sending you 4
2024-10-14 22:38:25.227458 India: Charlie, sending you 3
2024-10-14 22:38:25.228910 Zulu: Charlie and Delta, sending you 3
2024-10-14 22:38:25.229895 Tango: India, sending you 5
2024-10-14 22:38:25.231458 Papa: Charlie and Lima, sending you 3
2024-10-14 22:38:25.232569 Delta: India, sending you 1
2024-10-14 22:38:25.233592 Juliett: Tango, Zulu, India, Delta, Lima and Papa, sending you 2
2024-10-14 22:38:25.235017 Charlie: Lima, sending you 1
2024-10-14 22:38:25.236106 Lima: Papa, sending you 3
2024-10-14 22:38:25.238436 India: Zulu, Lima, Juliett and Papa, sending you 2
2024-10-14 22:38:25.241064 Zulu: India, Juliett and Papa, sending you 2
2024-10-14 22:38:25.243408 Tango: Lima, Juliett and Papa, sending you 2
2024-10-14 22:38:25.245901 Delta: Lima, Juliett and Papa, sending you 2
2024-10-14 22:38:25.248374 Juliett: Charlie, sending you 3
2024-10-14 22:38:25.251160 India: Delta, sending you 1
2024-10-14 22:38:25.253649 Zulu: Lima, sending you 4
chatterbot Echo submitting transactions
chatterbot Papa submitting transactions
chatterbot Alpha submitting transactions
chatterbot Zulu submitting transactions
chatterbot Juliett submitting transactions
chatterbot Delta submitting transactions
chatterbot Lima submitting transactions
chatterbot India submitting transactions
chatterbot Charlie submitting transactions
chatterbot Tango submitting transactions
ChatterBot Tango round 14
ChatterBot Charlie round 14
ChatterBot Alpha round 14
ChatterBot Zulu round 14
ChatterBot India round 14
ChatterBot Delta round 14
ChatterBot Lima round 14
ChatterBot Juliett round 14
ChatterBot Papa round 14
ChatterBot Echo round 14
2024-10-14 22:38:26.445702 Tango: Charlie and Delta, sending you 3
2024-10-14 22:38:26.450768 Charlie: Tango, Zulu, India, Delta, Juliett and Papa, sending you 3
2024-10-14 22:38:26.455733 Tango: Zulu, sending you 1
2024-10-14 22:38:26.459247 Zulu: Tango, sending you 1
2024-10-14 22:38:26.462499 Charlie: Lima, sending you 1
2024-10-14 22:38:26.465095 Papa: Tango, Zulu, India, Delta and Juliett, sending you 2
2024-10-14 22:38:26.468111 Alpha: Same as last round
2024-10-14 22:38:26.468599 Delta: Tango, Charlie and Zulu, sending you 3
2024-10-14 22:38:26.473083 Juliett: Tango, Zulu, India, Delta, Lima and Papa, sending you 2
2024-10-14 22:38:26.476333 Tango: India, sending you 5
2024-10-14 22:38:26.480063 India: Tango, sending you 4
2024-10-14 22:38:26.482407 Zulu: Charlie and Delta, sending you 3
2024-10-14 22:38:26.485555 Lima: Tango, Charlie, India, Delta and Juliett, sending you 2
2024-10-14 22:38:26.489708 Papa: Charlie and Lima, sending you 3
2024-10-14 22:38:26.493911 Delta: India, sending you 1
2024-10-14 22:38:26.498298 Juliett: Charlie, sending you 3
2024-10-14 22:38:26.502567 Tango: Lima, Juliett and Papa, sending you 2
2024-10-14 22:38:26.507425 India: Charlie, sending you 3
2024-10-14 22:38:26.511701 Zulu: India, Juliett and Papa, sending you 2
2024-10-14 22:38:26.515672 Lima: Zulu, sending you 4
2024-10-14 22:38:26.519837 Echo: Same as last round
2024-10-14 22:38:26.520471 Delta: Lima, Juliett and Papa, sending you 2
2024-10-14 22:38:26.525170 India: Zulu, Lima, Juliett and Papa, sending you 2
2024-10-14 22:38:26.528765 Zulu: Lima, sending you 4
2024-10-14 22:38:26.532454 Lima: Papa, sending you 3
2024-10-14 22:38:26.537501 India: Delta, sending you 1
