ChatterBot India round 1
ChatterBot Delta round 1
randomSelections Delta: {Delta, Tango, India, Yankee, Sierra, Oscar} 
2024-10-14 13:24:35.510001 Delta: Friends?
ChatterBot India reevaluating
2024-10-14 13:24:35.515091 India: Yes
ChatterBot Hotel round 1
ChatterBot Oscar round 1
ChatterBot Oscar reevaluating
ChatterBot Oscar reevaluating
2024-10-14 13:24:35.521970 Oscar: Yes
ChatterBot India reevaluating
ChatterBot Tango round 1
ChatterBot Tango reevaluating
ChatterBot Tango reevaluating
ChatterBot Tango reevaluating
2024-10-14 13:24:35.534176 Tango: Yes
ChatterBot India reevaluating
ChatterBot Oscar reevaluating
ChatterBot Yankee round 1
ChatterBot Yankee reevaluating
ChatterBot Yankee reevaluating
ChatterBot Yankee reevaluating
ChatterBot Yankee reevaluating
2024-10-14 13:24:35.574106 Yankee: Yes
ChatterBot Tango reevaluating
ChatterBot India reevaluating
ChatterBot Oscar reevaluating
ChatterBot Alpha round 1
ChatterBot Juliett round 1
ChatterBot Golf round 1
ChatterBot Sierra round 1
ChatterBot Sierra reevaluating
ChatterBot Sierra reevaluating
ChatterBot Sierra reevaluating
ChatterBot Sierra reevaluating
ChatterBot Sierra reevaluating
2024-10-14 13:24:35.595699 Sierra: Yes
ChatterBot Tango reevaluating
ChatterBot India reevaluating
ChatterBot Yankee reevaluating
ChatterBot Oscar reevaluating
randomSelections Hotel: {Hotel, Sierra, Juliett, Alpha, Tango, Delta, Yankee, Oscar} 
2024-10-14 13:24:35.609704 Hotel: Can we be friends?
ChatterBot Sierra reevaluating
ChatterBot Juliett reevaluating
ChatterBot Alpha reevaluating
ChatterBot Tango reevaluating
ChatterBot Yankee reevaluating
ChatterBot Oscar reevaluating
2024-10-14 13:24:35.619632 Sierra: No
2024-10-14 13:24:35.619773 Juliett: Yes
2024-10-14 13:24:35.619888 Alpha: Yes
2024-10-14 13:24:35.619970 Tango: No
2024-10-14 13:24:35.620076 Delta: No
2024-10-14 13:24:35.620189 Yankee: No
2024-10-14 13:24:35.620317 Oscar: No
ChatterBot Juliett reevaluating
ChatterBot Alpha reevaluating
ChatterBot Tango reevaluating
ChatterBot Yankee reevaluating
ChatterBot Oscar reevaluating
ChatterBot Sierra reevaluating
ChatterBot Alpha reevaluating
ChatterBot Tango reevaluating
ChatterBot Yankee reevaluating
ChatterBot Oscar reevaluating
ChatterBot Sierra reevaluating
ChatterBot Juliett reevaluating
ChatterBot Tango reevaluating
ChatterBot Yankee reevaluating
ChatterBot Oscar reevaluating
ChatterBot Sierra reevaluating
ChatterBot Juliett reevaluating
ChatterBot Alpha reevaluating
ChatterBot Yankee reevaluating
ChatterBot Oscar reevaluating
ChatterBot Sierra reevaluating
ChatterBot Juliett reevaluating
ChatterBot Alpha reevaluating
ChatterBot Tango reevaluating
ChatterBot Yankee reevaluating
ChatterBot Oscar reevaluating
ChatterBot Sierra reevaluating
ChatterBot Juliett reevaluating
ChatterBot Alpha reevaluating
ChatterBot Tango reevaluating
ChatterBot Oscar reevaluating
ChatterBot Sierra reevaluating
ChatterBot Juliett reevaluating
ChatterBot Alpha reevaluating
ChatterBot Tango reevaluating
ChatterBot Yankee reevaluating
randomSelections Golf: {Golf, Alpha, India, Yankee, Delta, Juliett} 
2024-10-14 13:24:35.694810 Golf: We would work well together
ChatterBot Alpha reevaluating
ChatterBot India reevaluating
ChatterBot Juliett reevaluating
2024-10-14 13:24:35.701217 Alpha: No
2024-10-14 13:24:35.701337 India: No
2024-10-14 13:24:35.701448 Yankee: No
2024-10-14 13:24:35.701548 Delta: No
2024-10-14 13:24:35.701659 Juliett: No
ChatterBot India reevaluating
ChatterBot Juliett reevaluating
ChatterBot Alpha reevaluating
ChatterBot Juliett reevaluating
ChatterBot Alpha reevaluating
ChatterBot India reevaluating
ChatterBot Juliett reevaluating
ChatterBot Alpha reevaluating
ChatterBot India reevaluating
ChatterBot Juliett reevaluating
ChatterBot Alpha reevaluating
ChatterBot India reevaluating
2024-10-14 13:24:35.739210 Delta: India, Tango and Sierra, sending you 2
2024-10-14 13:24:35.741833 Delta: Oscar, sending you 5
2024-10-14 13:24:35.747056 Golf: Delta, sending you 1
2024-10-14 13:24:35.747382 Delta: Yankee, sending you 3
2024-10-14 13:24:35.749636 Sierra: India, sending you 3
2024-10-14 13:24:35.750749 Golf: Yankee and Alpha, sending you 3
2024-10-14 13:24:35.755491 Tango: India, Delta, Oscar and Sierra, sending you 2
2024-10-14 13:24:35.755844 Sierra: Delta and Oscar, sending you 4
2024-10-14 13:24:35.756123 India: Oscar, Tango and Yankee, sending you 1
2024-10-14 13:24:35.756373 Golf: Juliett, sending you 2
2024-10-14 13:24:35.757874 Oscar: India, sending you 5
2024-10-14 13:24:35.758979 Tango: Yankee, sending you 1
2024-10-14 13:24:35.759974 Yankee: India and Tango, sending you 1
2024-10-14 13:24:35.760393 Juliett: Delta and Hotel, sending you 3
2024-10-14 13:24:35.762535 Sierra: Yankee, sending you 1
2024-10-14 13:24:35.763571 Oscar: Tango and Sierra, sending you 4
2024-10-14 13:24:35.763880 Alpha: Delta, Juliett and Sierra, sending you 2
2024-10-14 13:24:35.764230 Juliett: Oscar and Yankee, sending you 1
2024-10-14 13:24:35.765745 Yankee: Delta and Sierra, sending you 2
2024-10-14 13:24:35.767355 Alpha: Tango and Yankee, sending you 1
2024-10-14 13:24:35.768280 Oscar: Yankee, sending you 1
2024-10-14 13:24:35.769392 Juliett: Tango and Alpha, sending you 2
chatterbot Oscar submitting transactions
chatterbot Delta submitting transactions
chatterbot Juliett submitting transactions
chatterbot Hotel submitting transactions
chatterbot India submitting transactions
chatterbot Yankee submitting transactions
chatterbot Tango submitting transactions
chatterbot Sierra submitting transactions
chatterbot Alpha submitting transactions
chatterbot Golf submitting transactions
ChatterBot India round 2
ChatterBot Delta round 2
ChatterBot Hotel round 2
ChatterBot Oscar round 2
ChatterBot Tango round 2
ChatterBot Yankee round 2
2024-10-14 13:24:37.000593 Yankee: We should add Alpha
ChatterBot Delta reevaluating
ChatterBot Tango reevaluating
ChatterBot India reevaluating
ChatterBot Sierra reevaluating
2024-10-14 13:24:37.046585 Delta: Yes
2024-10-14 13:24:37.047513 Tango: No
2024-10-14 13:24:37.047709 India: No
2024-10-14 13:24:37.048652 Sierra: No
2024-10-14 13:24:37.048845 Oscar: No
ChatterBot Tango reevaluating
ChatterBot India reevaluating
ChatterBot Yankee reevaluating
ChatterBot Sierra reevaluating
ChatterBot Delta reevaluating
ChatterBot India reevaluating
ChatterBot Yankee reevaluating
ChatterBot Sierra reevaluating
ChatterBot Delta reevaluating
ChatterBot Tango reevaluating
ChatterBot Yankee reevaluating
ChatterBot Sierra reevaluating
ChatterBot Delta reevaluating
ChatterBot Tango reevaluating
ChatterBot India reevaluating
ChatterBot Yankee reevaluating
ChatterBot Delta reevaluating
ChatterBot Tango reevaluating
ChatterBot India reevaluating
ChatterBot Yankee reevaluating
ChatterBot Sierra reevaluating
ChatterBot Alpha round 2
ChatterBot Juliett round 2
ChatterBot Golf round 2
ChatterBot Sierra round 2
2024-10-14 13:24:37.266412 Hotel: We should group up
ChatterBot Alpha reevaluating
ChatterBot Juliett reevaluating
2024-10-14 13:24:37.278210 Alpha: Yes
2024-10-14 13:24:37.278825 Juliett: Yes
ChatterBot Juliett reevaluating
ChatterBot Alpha reevaluating
2024-10-14 13:24:37.300318 Juliett: Can we be friends?
ChatterBot Alpha reevaluating
ChatterBot Golf reevaluating
2024-10-14 13:24:37.317272 Alpha: Yes
2024-10-14 13:24:37.317444 Hotel: No
2024-10-14 13:24:37.317600 Golf: Yes
ChatterBot Hotel reevaluating
ChatterBot Juliett reevaluating
ChatterBot Golf reevaluating
ChatterBot Alpha reevaluating
ChatterBot Juliett reevaluating
ChatterBot Golf reevaluating
ChatterBot Alpha reevaluating
ChatterBot Hotel reevaluating
ChatterBot Juliett reevaluating
2024-10-14 13:24:37.368848 India: We should add Juliett
ChatterBot Delta reevaluating
ChatterBot Tango reevaluating
ChatterBot Yankee reevaluating
ChatterBot Sierra reevaluating
2024-10-14 13:24:37.390173 Delta: Yes
2024-10-14 13:24:37.390334 Tango: Yes
2024-10-14 13:24:37.390430 Yankee: Yes
2024-10-14 13:24:37.390520 Sierra: No
2024-10-14 13:24:37.390607 Oscar: No
ChatterBot Tango reevaluating
ChatterBot India reevaluating
ChatterBot Yankee reevaluating
ChatterBot Sierra reevaluating
ChatterBot Delta reevaluating
ChatterBot India reevaluating
ChatterBot Yankee reevaluating
ChatterBot Sierra reevaluating
ChatterBot Delta reevaluating
ChatterBot Tango reevaluating
ChatterBot India reevaluating
ChatterBot Sierra reevaluating
ChatterBot Delta reevaluating
ChatterBot Tango reevaluating
ChatterBot India reevaluating
ChatterBot Yankee reevaluating
ChatterBot Delta reevaluating
ChatterBot Tango reevaluating
ChatterBot India reevaluating
ChatterBot Yankee reevaluating
ChatterBot Sierra reevaluating
2024-10-14 13:24:37.484785 India: We should add Golf
ChatterBot Delta reevaluating
ChatterBot Yankee reevaluating
2024-10-14 13:24:37.505997 Delta: No
2024-10-14 13:24:37.506222 Tango: No
2024-10-14 13:24:37.506353 Yankee: Yes
2024-10-14 13:24:37.506464 Sierra: No
2024-10-14 13:24:37.506906 Oscar: No
ChatterBot Yankee reevaluating
ChatterBot Delta reevaluating
ChatterBot Yankee reevaluating
ChatterBot Delta reevaluating
ChatterBot Delta reevaluating
ChatterBot Yankee reevaluating
ChatterBot Delta reevaluating
ChatterBot Tango reevaluating
ChatterBot India reevaluating
ChatterBot Yankee reevaluating
2024-10-14 13:24:37.679921 Tango: Juliett we want you to join our group
2024-10-14 13:24:37.685480 Juliett: No
ChatterBot Delta reevaluating
2024-10-14 13:24:37.717815 Yankee: Juliett we want you to join our group
2024-10-14 13:24:37.723430 Juliett: No
ChatterBot Tango reevaluating
ChatterBot India reevaluating
ChatterBot Delta reevaluating
2024-10-14 13:24:37.757722 Oscar: India and Tango, sending you 2
2024-10-14 13:24:37.762831 Oscar: Delta, sending you 5
2024-10-14 13:24:37.915394 India: Golf we want you to join our group
2024-10-14 13:24:37.920754 Golf: No
ChatterBot India reevaluating
ChatterBot Delta reevaluating
ChatterBot Tango reevaluating
2024-10-14 13:24:37.993569 Oscar: Yankee, sending you 1
chatterbot Oscar submitting transactions
2024-10-14 13:24:37.997813 Sierra: Delta, Tango and Yankee, sending you 2
2024-10-14 13:24:38.704339 Golf: Sending you each 3
2024-10-14 13:24:38.704630 Juliett: Alpha and Golf, sending you 6
2024-10-14 13:24:38.705158 Oscar: Sierra, sending you 4
2024-10-14 13:24:38.705517 Alpha: Hotel, sending you 1
2024-10-14 13:24:38.705731 Yankee: India, Oscar, Tango, Juliett and Sierra, sending you 1
2024-10-14 13:24:38.706032 Sierra: Oscar, sending you 6
chatterbot Hotel submitting transactions
chatterbot Alpha submitting transactions
2024-10-14 13:24:39.087655 Alpha: Juliett, sending you 3
2024-10-14 13:24:39.087925 Yankee: Delta, sending you 2
2024-10-14 13:24:39.088512 Delta: India and Oscar, sending you 1
chatterbot Golf submitting transactions
chatterbot Sierra submitting transactions
chatterbot Yankee submitting transactions
chatterbot Juliett submitting transactions
chatterbot Tango submitting transactions
2024-10-14 13:24:39.250881 Alpha: Golf, sending you 4
2024-10-14 13:24:39.251559 Delta: Tango, Yankee and Alpha, sending you 2
2024-10-14 13:24:39.285945 Delta: Juliett and Sierra, sending you 3
2024-10-14 13:24:39.286560 Tango: India, Yankee and Sierra, sending you 1
2024-10-14 13:24:39.287414 India: Delta, Oscar, Tango, Yankee, Golf and Sierra, sending you 1
2024-10-14 13:24:39.322247 Tango: Delta, Oscar and Juliett, sending you 2
chatterbot Delta submitting transactions
chatterbot India submitting transactions
ChatterBot India round 3
ChatterBot Delta round 3
ChatterBot Hotel round 3
ChatterBot Oscar round 3
ChatterBot Tango round 3
ChatterBot Yankee round 3
ChatterBot Alpha round 3
ChatterBot Juliett round 3
ChatterBot Golf round 3
ChatterBot Sierra round 3
2024-10-14 13:24:40.017325 Yankee: We should replace Juliett with Hotel
2024-10-14 13:24:40.035687 Delta: No
2024-10-14 13:24:40.035935 Tango: No
2024-10-14 13:24:40.036075 India: No
2024-10-14 13:24:40.036199 Sierra: No
2024-10-14 13:24:40.036327 Oscar: No
ChatterBot Yankee reevaluating
ChatterBot India reevaluating
ChatterBot Yankee reevaluating
ChatterBot Yankee reevaluating
ChatterBot India reevaluating
ChatterBot Yankee reevaluating
ChatterBot India reevaluating
ChatterBot Yankee reevaluating
2024-10-14 13:24:40.148246 Tango: We should drop Juliett
ChatterBot India reevaluating
ChatterBot Yankee reevaluating
2024-10-14 13:24:40.169703 Delta: Yes
2024-10-14 13:24:40.171195 India: Yes
2024-10-14 13:24:40.171329 Yankee: No
2024-10-14 13:24:40.171489 Sierra: Yes
2024-10-14 13:24:40.171641 Oscar: Yes
ChatterBot India reevaluating
ChatterBot Yankee reevaluating
ChatterBot Yankee reevaluating
ChatterBot India reevaluating
ChatterBot India reevaluating
ChatterBot Yankee reevaluating
ChatterBot India reevaluating
ChatterBot Yankee reevaluating
2024-10-14 13:24:40.345040 Juliett: We should drop Hotel
ChatterBot Alpha reevaluating
2024-10-14 13:24:40.353588 Alpha: Yes
2024-10-14 13:24:40.353805 Golf: Yes
ChatterBot Alpha reevaluating
2024-10-14 13:24:40.370785 Alpha: We should replace Hotel with India
2024-10-14 13:24:40.378234 Juliett: No
2024-10-14 13:24:40.378389 Golf: No
ChatterBot Alpha reevaluating
ChatterBot Alpha reevaluating
2024-10-14 13:24:40.394816 India: We should drop Golf
ChatterBot Yankee reevaluating
2024-10-14 13:24:40.413351 Delta: Yes
2024-10-14 13:24:40.413536 Tango: Yes
2024-10-14 13:24:40.413696 Yankee: Yes
2024-10-14 13:24:40.413823 Sierra: Yes
2024-10-14 13:24:40.413947 Oscar: Yes
ChatterBot India reevaluating
ChatterBot Yankee reevaluating
ChatterBot India reevaluating
ChatterBot Yankee reevaluating
ChatterBot India reevaluating
ChatterBot India reevaluating
ChatterBot Yankee reevaluating
ChatterBot India reevaluating
ChatterBot Yankee reevaluating
2024-10-14 13:24:40.567517 Oscar: India, sending you 2
2024-10-14 13:24:40.569798 Delta: India, sending you 2
chatterbot Hotel submitting transactions
2024-10-14 13:24:40.572494 Yankee: Hotel we want you to join our group
2024-10-14 13:24:40.577931 Hotel: No
ChatterBot Yankee reevaluating
2024-10-14 13:24:40.615975 Alpha: India we want you to join our group
2024-10-14 13:24:40.622510 India: No
ChatterBot Alpha reevaluating
2024-10-14 13:24:40.642348 Oscar: Delta and Tango, sending you 3
2024-10-14 13:24:40.643541 Delta: Oscar, Tango, Yankee and Sierra, sending you 3
2024-10-14 13:24:40.644158 Sierra: India, sending you 1
2024-10-14 13:24:40.645060 Tango: India, Delta, Oscar and Sierra, sending you 2
chatterbot Tango submitting transactions
2024-10-14 13:24:40.780084 Oscar: Yankee, sending you 1
2024-10-14 13:24:40.780980 Sierra: Delta, sending you 3
2024-10-14 13:24:40.781423 Tango: Yankee, sending you 1
2024-10-14 13:24:40.781818 Golf: Same as last round
2024-10-14 13:24:40.782653 Juliett: Same as last round
2024-10-14 13:24:40.966794 Sierra: Oscar, sending you 4
2024-10-14 13:24:40.967839 Oscar: Sierra, sending you 5
2024-10-14 13:24:40.968301 India: Same as last round
chatterbot Delta submitting transactions
2024-10-14 13:24:41.089366 Yankee: India, Oscar and Tango, sending you 1
2024-10-14 13:24:41.090548 Alpha: India, sending you 1
2024-10-14 13:24:41.090864 Sierra: Tango and Yankee, sending you 2
chatterbot Oscar submitting transactions
2024-10-14 13:24:41.144856 Yankee: Delta and Sierra, sending you 2
2024-10-14 13:24:41.145664 Alpha: Juliett, sending you 4
chatterbot Sierra submitting transactions
2024-10-14 13:24:41.252076 Alpha: Golf, sending you 3
chatterbot Golf submitting transactions
chatterbot Juliett submitting transactions
chatterbot Alpha submitting transactions
chatterbot Yankee submitting transactions
chatterbot India submitting transactions
ChatterBot India round 4
2024-10-14 13:24:42.004573 India: We should add Hotel
2024-10-14 13:24:42.032935 Delta: No
2024-10-14 13:24:42.033317 Tango: No
2024-10-14 13:24:42.034062 Yankee: Yes
2024-10-14 13:24:42.034329 Sierra: No
2024-10-14 13:24:42.034573 Oscar: No
ChatterBot India reevaluating
ChatterBot India reevaluating
ChatterBot India reevaluating
ChatterBot India reevaluating
ChatterBot Delta round 4
ChatterBot Hotel round 4
ChatterBot Oscar round 4
ChatterBot Tango round 4
ChatterBot Yankee round 4
ChatterBot Alpha round 4
ChatterBot Juliett round 4
ChatterBot Golf round 4
ChatterBot Sierra round 4
2024-10-14 13:24:42.162715 Alpha: India, sending you 1
2024-10-14 13:24:42.164780 India: Same as last round
2024-10-14 13:24:42.167701 Alpha: Juliett, sending you 4
2024-10-14 13:24:42.168723 Tango: India, Delta, Oscar and Sierra, sending you 2
2024-10-14 13:24:42.169432 Sierra: India, sending you 1
2024-10-14 13:24:42.170120 Yankee: India, Oscar and Tango, sending you 1
2024-10-14 13:24:42.171239 Juliett: Alpha, sending you 7
2024-10-14 13:24:42.171578 Golf: Same as last round
2024-10-14 13:24:42.171922 Oscar: India, sending you 2
2024-10-14 13:24:42.173695 Alpha: Golf, sending you 3
2024-10-14 13:24:42.174582 Tango: Yankee, sending you 1
2024-10-14 13:24:42.175290 Sierra: Delta, sending you 3
2024-10-14 13:24:42.176424 Yankee: Delta and Sierra, sending you 2
2024-10-14 13:24:42.176864 Delta: India, sending you 2
2024-10-14 13:24:42.177301 Juliett: Golf, sending you 5
2024-10-14 13:24:42.177539 Oscar: Delta and Tango, sending you 3
2024-10-14 13:24:42.180655 Sierra: Oscar, sending you 4
2024-10-14 13:24:42.181728 Delta: Oscar, Tango, Yankee and Sierra, sending you 3
2024-10-14 13:24:42.182252 Oscar: Yankee, sending you 1
2024-10-14 13:24:42.185688 Sierra: Tango and Yankee, sending you 2
2024-10-14 13:24:42.187665 Oscar: Sierra, sending you 5
chatterbot Alpha submitting transactions
chatterbot India submitting transactions
chatterbot Yankee submitting transactions
chatterbot Delta submitting transactions
chatterbot Tango submitting transactions
chatterbot Sierra submitting transactions
chatterbot Golf submitting transactions
chatterbot Oscar submitting transactions
chatterbot Juliett submitting transactions
chatterbot Hotel submitting transactions
ChatterBot India round 5
ChatterBot Delta round 5
ChatterBot Hotel round 5
ChatterBot Oscar round 5
ChatterBot Tango round 5
ChatterBot Yankee round 5
ChatterBot Alpha round 5
ChatterBot Juliett round 5
ChatterBot Golf round 5
2024-10-14 13:24:43.508232 Alpha: We should replace India with Delta
2024-10-14 13:24:43.518399 Juliett: No
2024-10-14 13:24:43.518826 Golf: No
ChatterBot Alpha reevaluating
ChatterBot Sierra round 5
2024-10-14 13:24:43.566682 Juliett: Alpha, sending you 7
2024-10-14 13:24:43.570676 Juliett: Golf, sending you 5
2024-10-14 13:24:43.572690 India: Same as last round
2024-10-14 13:24:43.574814 Tango: India, Delta, Oscar and Sierra, sending you 2
2024-10-14 13:24:43.575700 Oscar: India, sending you 2
2024-10-14 13:24:43.577088 Alpha: India, sending you 1
2024-10-14 13:24:43.577711 Delta: India, sending you 2
2024-10-14 13:24:43.578674 Yankee: India, Oscar and Tango, sending you 1
2024-10-14 13:24:43.579508 Oscar: Delta and Tango, sending you 3
2024-10-14 13:24:43.580097 Tango: Yankee, sending you 1
2024-10-14 13:24:43.580644 Sierra: India, sending you 1
2024-10-14 13:24:43.581569 Alpha: Juliett, sending you 4
2024-10-14 13:24:43.581852 Golf: Same as last round
2024-10-14 13:24:43.582674 Delta: Oscar, Tango, Yankee and Sierra, sending you 3
2024-10-14 13:24:43.583551 Oscar: Yankee, sending you 1
2024-10-14 13:24:43.584097 Yankee: Delta and Sierra, sending you 2
2024-10-14 13:24:43.584458 Sierra: Delta, sending you 3
2024-10-14 13:24:43.585011 Alpha: Golf, sending you 3
2024-10-14 13:24:43.587677 Oscar: Sierra, sending you 5
2024-10-14 13:24:43.588661 Sierra: Oscar, sending you 4
2024-10-14 13:24:43.591670 Sierra: Tango and Yankee, sending you 2
chatterbot Hotel submitting transactions
chatterbot Delta submitting transactions
chatterbot Sierra submitting transactions
chatterbot Juliett submitting transactions
chatterbot India submitting transactions
chatterbot Oscar submitting transactions
chatterbot Alpha submitting transactions
chatterbot Yankee submitting transactions
chatterbot Tango submitting transactions
chatterbot Golf submitting transactions
ChatterBot India round 6
ChatterBot Delta round 6
ChatterBot Hotel round 6
ChatterBot Oscar round 6
ChatterBot Tango round 6
ChatterBot Yankee round 6
ChatterBot Alpha round 6
2024-10-14 13:24:44.798181 India: We should add Hotel
2024-10-14 13:24:44.827068 Delta: No
2024-10-14 13:24:44.827634 Tango: No
2024-10-14 13:24:44.827812 Yankee: Yes
2024-10-14 13:24:44.827969 Sierra: No
2024-10-14 13:24:44.828124 Oscar: No
ChatterBot India reevaluating
ChatterBot India reevaluating
ChatterBot India reevaluating
ChatterBot India reevaluating
ChatterBot Juliett round 6
ChatterBot Golf round 6
ChatterBot Sierra round 6
2024-10-14 13:24:45.053985 Alpha: We should replace India with Delta
2024-10-14 13:24:45.065847 Juliett: No
2024-10-14 13:24:45.066038 Golf: No
2024-10-14 13:24:45.100514 Alpha: Delta we want you to join our group
2024-10-14 13:24:45.104456 Delta: No
2024-10-14 13:24:45.124343 Tango: India, Delta, Oscar and Sierra, sending you 2
2024-10-14 13:24:45.135153 Oscar: India, sending you 2
2024-10-14 13:24:45.136436 Delta: India, sending you 2
2024-10-14 13:24:45.137385 Yankee: India, Oscar and Tango, sending you 1
2024-10-14 13:24:45.137734 Golf: Alpha, sending you 3
2024-10-14 13:24:45.137989 Tango: Yankee, sending you 1
2024-10-14 13:24:45.138889 Sierra: India, sending you 1
2024-10-14 13:24:45.139400 India: Same as last round
2024-10-14 13:24:45.158357 Alpha: Delta, sending you 1
2024-10-14 13:24:45.158733 Oscar: Delta and Tango, sending you 3
2024-10-14 13:24:45.159649 Juliett: Alpha, sending you 7
2024-10-14 13:24:45.159909 Golf: Juliett, sending you 2
2024-10-14 13:24:45.160128 Delta: Oscar, Tango, Yankee and Sierra, sending you 3
2024-10-14 13:24:45.161119 Yankee: Delta and Sierra, sending you 2
2024-10-14 13:24:45.161532 Sierra: Delta, sending you 3
2024-10-14 13:24:45.162718 Alpha: Juliett, sending you 4
2024-10-14 13:24:45.167816 Oscar: Yankee, sending you 1
2024-10-14 13:24:45.168392 Juliett: Golf, sending you 5
2024-10-14 13:24:45.169366 Sierra: Oscar, sending you 4
2024-10-14 13:24:45.170004 Alpha: Golf, sending you 3
2024-10-14 13:24:45.172649 Oscar: Sierra, sending you 5
2024-10-14 13:24:45.174739 Sierra: Tango and Yankee, sending you 2
chatterbot India submitting transactions
chatterbot Oscar submitting transactions
chatterbot Golf submitting transactions
chatterbot Delta submitting transactions
chatterbot Yankee submitting transactions
chatterbot Sierra submitting transactions
chatterbot Hotel submitting transactions
chatterbot Tango submitting transactions
chatterbot Alpha submitting transactions
chatterbot Juliett submitting transactions
ChatterBot India round 7
ChatterBot Delta round 7
ChatterBot Hotel round 7
ChatterBot Oscar round 7
ChatterBot Tango round 7
ChatterBot Yankee round 7
ChatterBot Alpha round 7
ChatterBot Juliett round 7
ChatterBot Golf round 7
ChatterBot Sierra round 7
2024-10-14 13:24:46.378236 India: Same as last round
2024-10-14 13:24:46.380684 Hotel: Golf, sending you 1
2024-10-14 13:24:46.382657 Delta: India, sending you 2
2024-10-14 13:24:46.383286 Tango: India, Delta, Oscar and Sierra, sending you 2
2024-10-14 13:24:46.384297 Juliett: Alpha, sending you 7
2024-10-14 13:24:46.384876 Alpha: Delta, sending you 1
2024-10-14 13:24:46.386735 Tango: Yankee, sending you 1
2024-10-14 13:24:46.388238 Yankee: India, Oscar and Tango, sending you 1
2024-10-14 13:24:46.388704 Delta: Oscar, Tango, Yankee and Sierra, sending you 3
2024-10-14 13:24:46.389743 Juliett: Golf, sending you 5
2024-10-14 13:24:46.390705 Alpha: Juliett, sending you 4
2024-10-14 13:24:46.391680 Sierra: India, sending you 1
2024-10-14 13:24:46.392692 Yankee: Delta and Sierra, sending you 2
2024-10-14 13:24:46.393721 Oscar: India, sending you 2
2024-10-14 13:24:46.394690 Alpha: Golf, sending you 3
2024-10-14 13:24:46.395735 Golf: Alpha, sending you 3
2024-10-14 13:24:46.396702 Sierra: Delta, sending you 3
2024-10-14 13:24:46.397407 Oscar: Delta and Tango, sending you 3
2024-10-14 13:24:46.398684 Golf: Juliett, sending you 2
2024-10-14 13:24:46.401703 Sierra: Oscar, sending you 4
2024-10-14 13:24:46.402954 Oscar: Yankee, sending you 1
2024-10-14 13:24:46.407656 Sierra: Tango and Yankee, sending you 2
2024-10-14 13:24:46.408575 Oscar: Sierra, sending you 5
chatterbot Golf submitting transactions
chatterbot India submitting transactions
chatterbot Yankee submitting transactions
chatterbot Alpha submitting transactions
chatterbot Delta submitting transactions
chatterbot Hotel submitting transactions
chatterbot Sierra submitting transactions
chatterbot Oscar submitting transactions
chatterbot Juliett submitting transactions
chatterbot Tango submitting transactions
ChatterBot India round 8
ChatterBot Delta round 8
ChatterBot Hotel round 8
ChatterBot Oscar round 8
ChatterBot Tango round 8
ChatterBot Yankee round 8
ChatterBot Alpha round 8
ChatterBot Juliett round 8
ChatterBot Golf round 8
ChatterBot Sierra round 8
2024-10-14 13:24:47.704442 India: We should add Hotel
2024-10-14 13:24:47.732745 Delta: No
2024-10-14 13:24:47.732952 Tango: No
2024-10-14 13:24:47.733113 Yankee: Yes
2024-10-14 13:24:47.733280 Sierra: No
2024-10-14 13:24:47.733430 Oscar: No
ChatterBot India reevaluating
ChatterBot India reevaluating
ChatterBot India reevaluating
2024-10-14 13:24:47.869701 India: Hotel we want you to join our group
2024-10-14 13:24:47.876140 Hotel: No
ChatterBot India reevaluating
2024-10-14 13:24:47.904468 Hotel: Juliett and Golf, sending you 1
2024-10-14 13:24:47.904885 Delta: India, sending you 2
2024-10-14 13:24:47.908104 Oscar: India, sending you 2
2024-10-14 13:24:47.909297 Tango: India, Delta, Oscar and Sierra, sending you 2
2024-10-14 13:24:47.910626 Yankee: India, Oscar and Tango, sending you 1
2024-10-14 13:24:47.911694 Golf: Alpha, sending you 3
2024-10-14 13:24:47.911951 Alpha: Delta, sending you 1
2024-10-14 13:24:47.912194 Sierra: India, sending you 1
2024-10-14 13:24:47.913219 Delta: Oscar, Tango, Yankee and Sierra, sending you 3
2024-10-14 13:24:47.913750 Juliett: Alpha, sending you 7
2024-10-14 13:24:47.914011 Tango: Yankee, sending you 1
2024-10-14 13:24:47.914965 Oscar: Delta and Tango, sending you 3
2024-10-14 13:24:47.915733 Yankee: Delta and Sierra, sending you 2
2024-10-14 13:24:47.916884 Golf: Juliett, sending you 2
2024-10-14 13:24:47.917198 Alpha: Juliett, sending you 4
2024-10-14 13:24:47.917475 Sierra: Delta, sending you 3
2024-10-14 13:24:47.918653 Juliett: Golf, sending you 5
2024-10-14 13:24:47.918997 Oscar: Yankee, sending you 1
2024-10-14 13:24:47.920169 India: Same as last round
2024-10-14 13:24:47.921768 Alpha: Golf, sending you 3
2024-10-14 13:24:47.922162 Sierra: Oscar, sending you 4
2024-10-14 13:24:47.923842 Oscar: Sierra, sending you 5
2024-10-14 13:24:47.926720 Sierra: Tango and Yankee, sending you 2
chatterbot Juliett submitting transactions
chatterbot Delta submitting transactions
chatterbot Sierra submitting transactions
chatterbot Hotel submitting transactions
chatterbot Golf submitting transactions
chatterbot Yankee submitting transactions
chatterbot Oscar submitting transactions
chatterbot Alpha submitting transactions
chatterbot India submitting transactions
chatterbot Tango submitting transactions
ChatterBot India round 9
ChatterBot Delta round 9
ChatterBot Hotel round 9
ChatterBot Oscar round 9
ChatterBot Tango round 9
ChatterBot Yankee round 9
ChatterBot Alpha round 9
ChatterBot Juliett round 9
2024-10-14 13:24:48.866855 India: We should add Hotel
2024-10-14 13:24:48.894912 Delta: No
2024-10-14 13:24:48.895101 Tango: No
2024-10-14 13:24:48.895236 Yankee: Yes
2024-10-14 13:24:48.895354 Sierra: No
2024-10-14 13:24:48.895468 Oscar: No
ChatterBot India reevaluating
ChatterBot India reevaluating
ChatterBot India reevaluating
ChatterBot India reevaluating
ChatterBot India reevaluating
ChatterBot Golf round 9
ChatterBot Sierra round 9
2024-10-14 13:24:49.118819 Hotel: We should drop Alpha and Golf
2024-10-14 13:24:49.124633 Juliett: No
2024-10-14 13:24:49.133723 Delta: India, sending you 2
2024-10-14 13:24:49.138661 Delta: Oscar, Tango, Yankee and Sierra, sending you 3
2024-10-14 13:24:49.140695 Alpha: Delta, sending you 1
2024-10-14 13:24:49.144115 Golf: Alpha, sending you 3
2024-10-14 13:24:49.144862 Alpha: Juliett, sending you 4
2024-10-14 13:24:49.146943 Oscar: India, sending you 2
2024-10-14 13:24:49.148999 Sierra: India, sending you 1
2024-10-14 13:24:49.150819 Hotel: Sending you 3
2024-10-14 13:24:49.151988 Tango: India, Delta, Oscar and Sierra, sending you 2
2024-10-14 13:24:49.153060 India: Same as last round
2024-10-14 13:24:49.154607 Golf: Juliett, sending you 2
2024-10-14 13:24:49.155452 Alpha: Golf, sending you 3
2024-10-14 13:24:49.155885 Juliett: Alpha, sending you 7
2024-10-14 13:24:49.156245 Yankee: India, Oscar and Tango, sending you 1
2024-10-14 13:24:49.157366 Oscar: Delta and Tango, sending you 3
2024-10-14 13:24:49.158872 Sierra: Delta, sending you 3
2024-10-14 13:24:49.160278 Tango: Yankee, sending you 1
2024-10-14 13:24:49.161685 Yankee: Delta and Sierra, sending you 2
2024-10-14 13:24:49.162419 Juliett: Golf, sending you 5
2024-10-14 13:24:49.163149 Oscar: Yankee, sending you 1
2024-10-14 13:24:49.164790 Sierra: Oscar, sending you 4
2024-10-14 13:24:49.166675 Oscar: Sierra, sending you 5
2024-10-14 13:24:49.169668 Sierra: Tango and Yankee, sending you 2
chatterbot Delta submitting transactions
chatterbot Hotel submitting transactions
chatterbot India submitting transactions
chatterbot Juliett submitting transactions
chatterbot Golf submitting transactions
chatterbot Tango submitting transactions
chatterbot Oscar submitting transactions
chatterbot Yankee submitting transactions
chatterbot Sierra submitting transactions
chatterbot Alpha submitting transactions
ChatterBot India round 10
ChatterBot Delta round 10
ChatterBot Hotel round 10
ChatterBot Oscar round 10
ChatterBot Tango round 10
ChatterBot Yankee round 10
ChatterBot Alpha round 10
ChatterBot Juliett round 10
ChatterBot Golf round 10
ChatterBot Sierra round 10
2024-10-14 13:24:50.327257 Alpha: We should replace Delta with Yankee
ChatterBot Juliett reevaluating
2024-10-14 13:24:50.339408 Juliett: No
2024-10-14 13:24:50.339597 Golf: No
ChatterBot Alpha reevaluating
ChatterBot Juliett reevaluating
ChatterBot Alpha reevaluating
2024-10-14 13:24:50.377667 Delta: India, sending you 2
2024-10-14 13:24:50.380035 Yankee: India, Oscar and Tango, sending you 1
2024-10-14 13:24:50.382718 Hotel: Same as last round
2024-10-14 13:24:50.384739 Delta: Oscar, Tango, Yankee and Sierra, sending you 3
2024-10-14 13:24:50.386155 Yankee: Delta and Sierra, sending you 2
2024-10-14 13:24:50.394080 Golf: Alpha, sending you 3
2024-10-14 13:24:50.395723 Juliett: Alpha, sending you 8
2024-10-14 13:24:50.396676 India: Same as last round
2024-10-14 13:24:50.398439 Tango: India, Delta, Oscar and Sierra, sending you 2
2024-10-14 13:24:50.400557 Golf: Juliett, sending you 2
2024-10-14 13:24:50.401788 Oscar: India, sending you 2
2024-10-14 13:24:50.403667 Juliett: Golf, sending you 4
2024-10-14 13:24:50.404105 Tango: Yankee, sending you 1
2024-10-14 13:24:50.405825 Sierra: India, sending you 1
2024-10-14 13:24:50.408731 Oscar: Delta and Tango, sending you 3
2024-10-14 13:24:50.410670 Sierra: Delta, sending you 3
2024-10-14 13:24:50.414664 Oscar: Yankee, sending you 1
2024-10-14 13:24:50.416204 Sierra: Oscar, sending you 4
2024-10-14 13:24:50.419722 Oscar: Sierra, sending you 5
2024-10-14 13:24:50.420825 Sierra: Tango and Yankee, sending you 2
chatterbot Alpha submitting transactions
chatterbot India submitting transactions
chatterbot Hotel submitting transactions
chatterbot Sierra submitting transactions
chatterbot Delta submitting transactions
chatterbot Oscar submitting transactions
chatterbot Tango submitting transactions
chatterbot Yankee submitting transactions
chatterbot Golf submitting transactions
chatterbot Juliett submitting transactions
ChatterBot India round 11
ChatterBot Delta round 11
ChatterBot Hotel round 11
ChatterBot Oscar round 11
ChatterBot Tango round 11
ChatterBot Yankee round 11
ChatterBot Alpha round 11
2024-10-14 13:24:51.439474 Hotel: We should add Alpha and Golf
ChatterBot Juliett reevaluating
2024-10-14 13:24:51.466534 Juliett: Yes
ChatterBot Hotel reevaluating
2024-10-14 13:24:51.478577 Juliett: We should add Hotel
ChatterBot Alpha reevaluating
2024-10-14 13:24:51.488248 Alpha: Yes
2024-10-14 13:24:51.489188 Golf: No
ChatterBot Juliett reevaluating
ChatterBot Golf reevaluating
ChatterBot Juliett reevaluating
ChatterBot Alpha reevaluating
ChatterBot Juliett round 11
ChatterBot Golf round 11
ChatterBot Sierra round 11
2024-10-14 13:24:51.529560 Oscar: We should add Hotel
ChatterBot Tango reevaluating
ChatterBot India reevaluating
2024-10-14 13:24:51.557725 Delta: No
2024-10-14 13:24:51.558378 Tango: Yes
2024-10-14 13:24:51.558523 India: Yes
2024-10-14 13:24:51.558659 Yankee: Yes
2024-10-14 13:24:51.558797 Sierra: No
ChatterBot Tango reevaluating
ChatterBot India reevaluating
ChatterBot Yankee reevaluating
ChatterBot Oscar reevaluating
ChatterBot Delta reevaluating
ChatterBot India reevaluating
ChatterBot Yankee reevaluating
ChatterBot Sierra reevaluating
ChatterBot Oscar reevaluating
ChatterBot Delta reevaluating
ChatterBot Tango reevaluating
ChatterBot Yankee reevaluating
ChatterBot Sierra reevaluating
ChatterBot Oscar reevaluating
ChatterBot Delta reevaluating
ChatterBot Tango reevaluating
ChatterBot India reevaluating
ChatterBot Sierra reevaluating
ChatterBot Oscar reevaluating
ChatterBot Delta reevaluating
ChatterBot Tango reevaluating
ChatterBot India reevaluating
ChatterBot Yankee reevaluating
ChatterBot Oscar reevaluating
2024-10-14 13:24:51.718404 India: We should add Golf
ChatterBot Delta reevaluating
ChatterBot Tango reevaluating
ChatterBot Yankee reevaluating
ChatterBot Sierra reevaluating
ChatterBot Oscar reevaluating
2024-10-14 13:24:51.757050 Delta: No
2024-10-14 13:24:51.757279 Tango: No
2024-10-14 13:24:51.757465 Yankee: No
2024-10-14 13:24:51.757672 Sierra: No
2024-10-14 13:24:51.757850 Oscar: No
ChatterBot Tango reevaluating
ChatterBot India reevaluating
ChatterBot Yankee reevaluating
ChatterBot Sierra reevaluating
ChatterBot Oscar reevaluating
ChatterBot Delta reevaluating
ChatterBot India reevaluating
ChatterBot Yankee reevaluating
ChatterBot Sierra reevaluating
ChatterBot Oscar reevaluating
ChatterBot Delta reevaluating
ChatterBot Tango reevaluating
ChatterBot India reevaluating
ChatterBot Sierra reevaluating
ChatterBot Oscar reevaluating
ChatterBot Delta reevaluating
ChatterBot Tango reevaluating
ChatterBot India reevaluating
ChatterBot Yankee reevaluating
ChatterBot Oscar reevaluating
ChatterBot Delta reevaluating
ChatterBot Tango reevaluating
ChatterBot India reevaluating
ChatterBot Yankee reevaluating
ChatterBot Sierra reevaluating
2024-10-14 13:24:52.026160 Juliett: We should add Hotel
ChatterBot Alpha reevaluating
ChatterBot Golf reevaluating
2024-10-14 13:24:52.035919 Alpha: No
2024-10-14 13:24:52.036100 Golf: Yes
ChatterBot Juliett reevaluating
ChatterBot Golf reevaluating
ChatterBot Juliett reevaluating
ChatterBot Alpha reevaluating
2024-10-14 13:24:52.057235 Alpha: We should replace Delta with Hotel
ChatterBot Juliett reevaluating
ChatterBot Golf reevaluating
2024-10-14 13:24:52.067019 Juliett: Yes
2024-10-14 13:24:52.067142 Golf: Yes
ChatterBot Alpha reevaluating
ChatterBot Golf reevaluating
ChatterBot Juliett reevaluating
ChatterBot Alpha reevaluating
2024-10-14 13:24:52.101017 Juliett: Hotel we want you to join our group
ChatterBot Hotel reevaluating
2024-10-14 13:24:52.106397 Hotel: No
ChatterBot Juliett reevaluating
2024-10-14 13:24:52.118540 Golf: Hotel we want you to join our group
ChatterBot Hotel reevaluating
2024-10-14 13:24:52.123431 Hotel: No
ChatterBot Juliett reevaluating
2024-10-14 13:24:52.136727 Oscar: Hotel we want you to join our group
ChatterBot Hotel reevaluating
2024-10-14 13:24:52.142815 Hotel: No
ChatterBot India reevaluating
ChatterBot Delta reevaluating
ChatterBot Sierra reevaluating
2024-10-14 13:24:52.169355 Alpha: Hotel we want you to join our group
ChatterBot Hotel reevaluating
2024-10-14 13:24:52.175246 Hotel: No
ChatterBot Juliett reevaluating
2024-10-14 13:24:52.193481 India: Golf we want you to join our group
2024-10-14 13:24:52.200877 Golf: No
ChatterBot Delta reevaluating
ChatterBot Sierra reevaluating
2024-10-14 13:24:52.242403 Tango: India, Delta, Oscar and Sierra, sending you 2
2024-10-14 13:24:52.244530 Yankee: India, Oscar and Tango, sending you 1
2024-10-14 13:24:52.247010 Delta: Hotel we want you to join our group
ChatterBot Hotel reevaluating
2024-10-14 13:24:52.255990 Hotel: No
ChatterBot Delta reevaluating
ChatterBot Sierra reevaluating
2024-10-14 13:24:52.297424 Tango: Yankee, sending you 1
2024-10-14 13:24:52.300147 Yankee: Delta and Sierra, sending you 2
2024-10-14 13:24:52.302478 Oscar: India, sending you 2
2024-10-14 13:24:52.304920 Golf: Hotel, sending you 1
2024-10-14 13:24:52.308680 Oscar: Delta and Tango, sending you 3
2024-10-14 13:24:52.310405 Golf: Alpha, sending you 3
2024-10-14 13:24:52.311014 Alpha: Juliett, sending you 5
2024-10-14 13:24:52.312756 India: Delta, Oscar, Tango, Yankee, Golf and Sierra, sending you 1
2024-10-14 13:24:52.314008 Sierra: Hotel we want you to join our group
ChatterBot Hotel reevaluating
2024-10-14 13:24:52.321782 Hotel: No
ChatterBot Delta reevaluating
ChatterBot Sierra reevaluating
2024-10-14 13:24:52.360548 Oscar: Yankee, sending you 1
2024-10-14 13:24:52.361486 Golf: Juliett, sending you 2
2024-10-14 13:24:52.362412 Alpha: Golf, sending you 3
2024-10-14 13:24:52.363709 Oscar: Sierra, sending you 5
2024-10-14 13:24:52.366696 Juliett: Hotel, sending you 2
2024-10-14 13:24:52.371666 Juliett: Alpha, sending you 6
2024-10-14 13:24:52.376659 Juliett: Golf, sending you 4
2024-10-14 13:24:52.380676 Hotel: Sending you 4
chatterbot Yankee submitting transactions
2024-10-14 13:24:52.387676 Delta: India, Tango and Yankee, sending you 2
2024-10-14 13:24:52.393785 Delta: Hotel, sending you 1
2024-10-14 13:24:52.398953 Delta: Oscar, sending you 3
2024-10-14 13:24:52.402716 Delta: Sierra, sending you 4
chatterbot Oscar submitting transactions
chatterbot Hotel submitting transactions
chatterbot India submitting transactions
chatterbot Delta submitting transactions
chatterbot Tango submitting transactions
chatterbot Golf submitting transactions
chatterbot Sierra submitting transactions
chatterbot Juliett submitting transactions
chatterbot Alpha submitting transactions
ChatterBot India round 12
ChatterBot Delta round 12
ChatterBot Hotel round 12
ChatterBot Oscar round 12
ChatterBot Tango round 12
ChatterBot Yankee round 12
ChatterBot Alpha round 12
ChatterBot Juliett round 12
ChatterBot Golf round 12
ChatterBot Sierra round 12
chatterbot Hotel submitting transactions
2024-10-14 13:24:54.316269 Golf: Hotel, sending you 1
2024-10-14 13:24:54.317601 Alpha: Juliett and Golf, sending you 4
2024-10-14 13:24:54.318370 Oscar: India, sending you 2
2024-10-14 13:24:54.321391 Tango: India, Delta, Oscar and Sierra, sending you 2
2024-10-14 13:24:54.323751 Juliett: Hotel, sending you 2
2024-10-14 13:24:54.324561 Delta: India, sending you 2
2024-10-14 13:24:54.327118 India: Delta, Oscar, Tango, Yankee, Golf and Sierra, sending you 1
2024-10-14 13:24:54.329535 Yankee: India, Oscar and Tango, sending you 1
2024-10-14 13:24:54.331646 Golf: Alpha, sending you 3
2024-10-14 13:24:54.332524 Oscar: Delta and Sierra, sending you 4
2024-10-14 13:24:54.334808 Tango: Yankee, sending you 1
2024-10-14 13:24:54.338034 Juliett: Alpha, sending you 6
2024-10-14 13:24:54.338713 Delta: Oscar, Tango, Yankee and Sierra, sending you 3
2024-10-14 13:24:54.340405 Yankee: Delta and Sierra, sending you 2
2024-10-14 13:24:54.341634 Golf: Juliett, sending you 2
chatterbot Oscar submitting transactions
chatterbot Hotel submitting transactions
2024-10-14 13:24:54.342400 Oscar: Tango, sending you 3
2024-10-14 13:24:54.344135 Juliett: Golf, sending you 4
2024-10-14 13:24:54.354680 Oscar: Yankee, sending you 1
chatterbot Juliett submitting transactions
chatterbot Sierra submitting transactions
