ChatterBot Kilo round 1
ChatterBot Victor round 1
ChatterBot Lima round 1
ChatterBot Hotel round 1
ChatterBot Whiskey round 1
ChatterBot Bravo round 1
ChatterBot Oscar round 1
ChatterBot Golf round 1
randomSelections Golf: {Golf, Victor, Whiskey, Alpha, Hotel, Kilo} 
2024-10-14 13:24:35.481375 Golf: Group up?
ChatterBot Victor reevaluating
ChatterBot Whiskey reevaluating
ChatterBot Hotel reevaluating
ChatterBot Kilo reevaluating
2024-10-14 13:24:35.507733 Victor: Yes
2024-10-14 13:24:35.508889 Whiskey: Yes
2024-10-14 13:24:35.509194 Hotel: Yes
2024-10-14 13:24:35.509564 Kilo: Yes
ChatterBot Whiskey reevaluating
ChatterBot Hotel reevaluating
ChatterBot Kilo reevaluating
ChatterBot Victor reevaluating
ChatterBot Hotel reevaluating
ChatterBot Kilo reevaluating
ChatterBot Victor reevaluating
ChatterBot Whiskey reevaluating
ChatterBot Kilo reevaluating
ChatterBot Victor reevaluating
ChatterBot Whiskey reevaluating
ChatterBot Hotel reevaluating
randomSelections Bravo: {Bravo, Oscar, Lima, Hotel, Whiskey, Kilo, Golf, X-ray} 
2024-10-14 13:24:35.599745 Bravo: We would work well together
ChatterBot Oscar reevaluating
ChatterBot Lima reevaluating
ChatterBot Hotel reevaluating
ChatterBot Whiskey reevaluating
ChatterBot Kilo reevaluating
2024-10-14 13:24:35.610919 Oscar: Yes
2024-10-14 13:24:35.611085 Lima: Yes
2024-10-14 13:24:35.611244 Hotel: No
2024-10-14 13:24:35.611384 Whiskey: No
2024-10-14 13:24:35.611495 Kilo: No
2024-10-14 13:24:35.612128 Golf: No
ChatterBot Lima reevaluating
ChatterBot Hotel reevaluating
ChatterBot Whiskey reevaluating
ChatterBot Kilo reevaluating
ChatterBot Oscar reevaluating
ChatterBot Hotel reevaluating
ChatterBot Whiskey reevaluating
ChatterBot Kilo reevaluating
ChatterBot Oscar reevaluating
ChatterBot Lima reevaluating
ChatterBot Whiskey reevaluating
ChatterBot Kilo reevaluating
ChatterBot Oscar reevaluating
ChatterBot Lima reevaluating
ChatterBot Hotel reevaluating
ChatterBot Kilo reevaluating
ChatterBot Oscar reevaluating
ChatterBot Lima reevaluating
ChatterBot Hotel reevaluating
ChatterBot Whiskey reevaluating
ChatterBot Oscar reevaluating
ChatterBot Lima reevaluating
ChatterBot Hotel reevaluating
ChatterBot Whiskey reevaluating
ChatterBot Kilo reevaluating
ChatterBot Alpha round 1
ChatterBot Alpha reevaluating
ChatterBot Alpha reevaluating
ChatterBot Alpha reevaluating
ChatterBot Alpha reevaluating
ChatterBot Alpha reevaluating
2024-10-14 13:24:35.672017 Alpha: Yes
ChatterBot Victor reevaluating
ChatterBot Whiskey reevaluating
ChatterBot Hotel reevaluating
ChatterBot Kilo reevaluating
ChatterBot X-ray round 1
ChatterBot X-ray reevaluating
ChatterBot X-ray reevaluating
ChatterBot X-ray reevaluating
ChatterBot X-ray reevaluating
ChatterBot X-ray reevaluating
ChatterBot X-ray reevaluating
ChatterBot X-ray reevaluating
2024-10-14 13:24:35.687955 X-ray: Yes
ChatterBot Oscar reevaluating
ChatterBot Lima reevaluating
ChatterBot Hotel reevaluating
ChatterBot Whiskey reevaluating
ChatterBot Kilo reevaluating
2024-10-14 13:24:35.718725 Golf: Kilo, sending you 2
2024-10-14 13:24:35.722680 Hotel: Kilo and Golf, sending you 1
2024-10-14 13:24:35.723390 Bravo: Lima, Oscar and X-ray, sending you 1
2024-10-14 13:24:35.723865 Golf: Victor, Hotel and Alpha, sending you 1
2024-10-14 13:24:35.726858 Oscar: Kilo, sending you 1
2024-10-14 13:24:35.727353 Hotel: Victor, sending you 5
2024-10-14 13:24:35.728975 Golf: Whiskey, sending you 3
2024-10-14 13:24:35.731776 Oscar: Lima, Hotel and Golf, sending you 2
2024-10-14 13:24:35.733122 Hotel: Whiskey and Alpha, sending you 2
2024-10-14 13:24:35.733465 Lima: Bravo, Golf and X-ray, sending you 1
2024-10-14 13:24:35.733935 Kilo: Victor, Hotel, Whiskey, Golf and Alpha, sending you 1
2024-10-14 13:24:35.737857 Alpha: Kilo, sending you 1
2024-10-14 13:24:35.739689 X-ray: Kilo, Hotel and Oscar, sending you 1
2024-10-14 13:24:35.742652 Alpha: Victor, Hotel and Golf, sending you 3
2024-10-14 13:24:35.746652 Alpha: Whiskey, sending you 2
chatterbot Golf submitting transactions
chatterbot Bravo submitting transactions
chatterbot Oscar submitting transactions
chatterbot X-ray submitting transactions
chatterbot Hotel submitting transactions
chatterbot Victor submitting transactions
chatterbot Lima submitting transactions
chatterbot Whiskey submitting transactions
chatterbot Kilo submitting transactions
chatterbot Alpha submitting transactions
ChatterBot Kilo round 2
ChatterBot Victor round 2
ChatterBot Lima round 2
ChatterBot Hotel round 2
ChatterBot Whiskey round 2
2024-10-14 13:24:36.933165 Hotel: We would work well together
ChatterBot Kilo reevaluating
ChatterBot Golf reevaluating
ChatterBot Alpha reevaluating
ChatterBot Oscar reevaluating
2024-10-14 13:24:37.033166 Kilo: No
2024-10-14 13:24:37.033553 Golf: No
2024-10-14 13:24:37.033854 Alpha: No
2024-10-14 13:24:37.034162 Oscar: No
ChatterBot Golf reevaluating
ChatterBot Alpha reevaluating
ChatterBot Oscar reevaluating
ChatterBot Kilo reevaluating
ChatterBot Alpha reevaluating
ChatterBot Oscar reevaluating
ChatterBot Kilo reevaluating
ChatterBot Golf reevaluating
ChatterBot Oscar reevaluating
ChatterBot Kilo reevaluating
ChatterBot Golf reevaluating
ChatterBot Alpha reevaluating
2024-10-14 13:24:37.282187 Golf: Can we be friends?
ChatterBot Oscar reevaluating
2024-10-14 13:24:37.302736 Oscar: No
ChatterBot Golf reevaluating
ChatterBot Bravo round 2
2024-10-14 13:24:37.333437 Lima: Group up?
ChatterBot Bravo reevaluating
ChatterBot Oscar reevaluating
2024-10-14 13:24:37.363445 Bravo: Yes
2024-10-14 13:24:37.363676 Oscar: No
ChatterBot Oscar reevaluating
ChatterBot Bravo reevaluating
ChatterBot Oscar round 2
ChatterBot Golf round 2
ChatterBot Alpha round 2
ChatterBot X-ray round 2
2024-10-14 13:24:37.427984 Victor: We should drop Whiskey
ChatterBot Kilo reevaluating
ChatterBot Golf reevaluating
ChatterBot Alpha reevaluating
2024-10-14 13:24:37.474216 Kilo: Yes
2024-10-14 13:24:37.474385 Hotel: Yes
2024-10-14 13:24:37.474859 Golf: Yes
2024-10-14 13:24:37.474998 Alpha: Yes
ChatterBot Golf reevaluating
ChatterBot Alpha reevaluating
ChatterBot Kilo reevaluating
ChatterBot Golf reevaluating
ChatterBot Alpha reevaluating
ChatterBot Kilo reevaluating
ChatterBot Alpha reevaluating
ChatterBot Kilo reevaluating
ChatterBot Golf reevaluating
2024-10-14 13:24:37.706153 X-ray: Can we be friends?
ChatterBot Bravo reevaluating
2024-10-14 13:24:37.719414 Lima: No
2024-10-14 13:24:37.719560 Bravo: No
ChatterBot Bravo reevaluating
2024-10-14 13:24:37.751374 Whiskey: We should drop Victor
ChatterBot Kilo reevaluating
2024-10-14 13:24:37.777867 Kilo: No
2024-10-14 13:24:37.778080 Hotel: Yes
2024-10-14 13:24:37.778195 Golf: Yes
2024-10-14 13:24:37.778313 Alpha: No
ChatterBot Kilo reevaluating
ChatterBot Alpha reevaluating
ChatterBot Kilo reevaluating
ChatterBot Alpha reevaluating
ChatterBot Kilo reevaluating
2024-10-14 13:24:38.278219 Lima: Bravo, sending you 1
2024-10-14 13:24:38.278893 Alpha: We should drop Victor and Whiskey
ChatterBot Kilo reevaluating
2024-10-14 13:24:38.301526 Kilo: Yes
2024-10-14 13:24:38.301771 Hotel: Yes
2024-10-14 13:24:38.301894 Golf: Yes
ChatterBot Kilo reevaluating
ChatterBot Kilo reevaluating
2024-10-14 13:24:38.436934 Hotel: Kilo and Golf, sending you 2
chatterbot Lima submitting transactions
chatterbot Hotel submitting transactions
2024-10-14 13:24:38.437701 Lima: Oscar, sending you 2
2024-10-14 13:24:39.011904 Golf: Kilo and Oscar, sending you 2
2024-10-14 13:24:39.012554 Whiskey: Kilo, sending you 2
2024-10-14 13:24:39.012782 Bravo: Same as last round
2024-10-14 13:24:39.012978 X-ray: Lima, sending you 2
2024-10-14 13:24:39.013171 Victor: Kilo and Golf, sending you 1
2024-10-14 13:24:39.013804 Oscar: Lima, sending you 3
2024-10-14 13:24:39.013970 Hotel: Oscar, sending you 3
chatterbot Golf submitting transactions
chatterbot X-ray submitting transactions
chatterbot Victor submitting transactions
chatterbot Whiskey submitting transactions
chatterbot Oscar submitting transactions
2024-10-14 13:24:39.015084 Golf: Hotel, sending you 1
2024-10-14 13:24:39.234881 X-ray: Bravo, sending you 1
2024-10-14 13:24:39.235598 Victor: Hotel, sending you 3
2024-10-14 13:24:39.235880 Whiskey: Hotel, Golf and Alpha, sending you 3
2024-10-14 13:24:39.236099 Oscar: Bravo, sending you 6
2024-10-14 13:24:39.236298 Hotel: Alpha, sending you 4
2024-10-14 13:24:39.236907 Alpha: Kilo and Golf, sending you 3
2024-10-14 13:24:39.237108 Golf: Alpha, sending you 3
chatterbot Kilo submitting transactions
2024-10-14 13:24:39.270117 Kilo: Hotel, Oscar, Golf and Alpha, sending you 1
2024-10-14 13:24:39.270957 Victor: Alpha, sending you 2
2024-10-14 13:24:39.271280 Alpha: Hotel, sending you 6
chatterbot Alpha submitting transactions
chatterbot Bravo submitting transactions
ChatterBot Kilo round 3
ChatterBot Victor round 3
ChatterBot Lima round 3
ChatterBot Hotel round 3
2024-10-14 13:24:39.351822 Kilo: We should replace Oscar with Victor
ChatterBot Alpha reevaluating
ChatterBot Hotel reevaluating
2024-10-14 13:24:39.385227 Alpha: Yes
2024-10-14 13:24:39.385886 Hotel: Yes
2024-10-14 13:24:39.386044 Golf: No
ChatterBot Kilo reevaluating
ChatterBot Hotel reevaluating
ChatterBot Alpha reevaluating
ChatterBot Kilo reevaluating
ChatterBot Alpha reevaluating
ChatterBot Kilo reevaluating
ChatterBot Hotel reevaluating
ChatterBot Whiskey round 3
ChatterBot Bravo round 3
ChatterBot Oscar round 3
ChatterBot Golf round 3
ChatterBot Alpha round 3
ChatterBot X-ray round 3
2024-10-14 13:24:39.523171 Lima: We should add X-ray
ChatterBot Bravo reevaluating
ChatterBot Oscar reevaluating
2024-10-14 13:24:39.537903 Bravo: Yes
2024-10-14 13:24:39.538127 Oscar: Yes
ChatterBot Oscar reevaluating
ChatterBot Bravo reevaluating
2024-10-14 13:24:39.577949 Kilo: We should replace Oscar with Whiskey
ChatterBot Alpha reevaluating
ChatterBot Hotel reevaluating
ChatterBot Golf reevaluating
2024-10-14 13:24:39.594904 Alpha: Yes
2024-10-14 13:24:39.595064 Hotel: Yes
2024-10-14 13:24:39.595193 Golf: No
ChatterBot Kilo reevaluating
ChatterBot Hotel reevaluating
ChatterBot Golf reevaluating
ChatterBot Alpha reevaluating
ChatterBot Kilo reevaluating
ChatterBot Golf reevaluating
ChatterBot Alpha reevaluating
ChatterBot Kilo reevaluating
ChatterBot Hotel reevaluating
2024-10-14 13:24:39.638197 Whiskey: We should add Victor and X-ray
ChatterBot Kilo reevaluating
ChatterBot Hotel reevaluating
ChatterBot Golf reevaluating
ChatterBot Alpha reevaluating
2024-10-14 13:24:39.654901 Kilo: Yes
2024-10-14 13:24:39.655430 Hotel: Yes
2024-10-14 13:24:39.655527 Golf: Yes
2024-10-14 13:24:39.655611 Alpha: Yes
ChatterBot Whiskey reevaluating
ChatterBot Hotel reevaluating
ChatterBot Golf reevaluating
ChatterBot Alpha reevaluating
ChatterBot Whiskey reevaluating
ChatterBot Kilo reevaluating
ChatterBot Golf reevaluating
ChatterBot Alpha reevaluating
ChatterBot Whiskey reevaluating
ChatterBot Kilo reevaluating
ChatterBot Hotel reevaluating
ChatterBot Alpha reevaluating
ChatterBot Whiskey reevaluating
ChatterBot Kilo reevaluating
ChatterBot Hotel reevaluating
ChatterBot Golf reevaluating
2024-10-14 13:24:39.723001 Alpha: We should add Victor and Whiskey
ChatterBot Kilo reevaluating
ChatterBot Hotel reevaluating
ChatterBot Golf reevaluating
2024-10-14 13:24:39.735112 Kilo: Yes
2024-10-14 13:24:39.735246 Hotel: Yes
2024-10-14 13:24:39.735336 Golf: Yes
ChatterBot Alpha reevaluating
ChatterBot Hotel reevaluating
ChatterBot Golf reevaluating
ChatterBot Alpha reevaluating
ChatterBot Kilo reevaluating
ChatterBot Golf reevaluating
ChatterBot Alpha reevaluating
ChatterBot Kilo reevaluating
ChatterBot Hotel reevaluating
2024-10-14 13:24:39.791260 X-ray: We should add Oscar
ChatterBot Bravo reevaluating
2024-10-14 13:24:39.798877 Lima: Yes
2024-10-14 13:24:39.798999 Bravo: Yes
ChatterBot Bravo reevaluating
2024-10-14 13:24:39.860943 Lima: X-ray we want you to join our group
2024-10-14 13:24:39.867595 X-ray: Yes
ChatterBot Bravo reevaluating
ChatterBot Oscar reevaluating
2024-10-14 13:24:39.882465 X-ray: Oscar we want you to join our group
2024-10-14 13:24:39.886995 Oscar: Yes
ChatterBot Bravo reevaluating
2024-10-14 13:24:39.901231 Whiskey: Victor and X-ray we want you to join our group
2024-10-14 13:24:39.909719 Victor: No
2024-10-14 13:24:39.910448 X-ray: No
ChatterBot Whiskey reevaluating
ChatterBot Kilo reevaluating
ChatterBot Whiskey reevaluating
ChatterBot Kilo reevaluating
ChatterBot Golf reevaluating
2024-10-14 13:24:39.958333 Oscar: X-ray we want you to join our group
2024-10-14 13:24:39.962886 X-ray: Yes
2024-10-14 13:24:39.973966 Alpha: Victor and Whiskey we want you to join our group
ChatterBot Victor reevaluating
ChatterBot Whiskey reevaluating
2024-10-14 13:24:39.983285 Victor: No
2024-10-14 13:24:39.983447 Whiskey: Yes
ChatterBot Golf reevaluating
ChatterBot Whiskey reevaluating
ChatterBot Kilo reevaluating
ChatterBot Golf reevaluating
ChatterBot Victor reevaluating
ChatterBot Kilo reevaluating
2024-10-14 13:24:40.024781 Victor: We should replace Kilo with Whiskey
ChatterBot Golf reevaluating
2024-10-14 13:24:40.037342 Hotel: No
2024-10-14 13:24:40.037503 Golf: No
2024-10-14 13:24:40.037626 Alpha: No
ChatterBot Victor reevaluating
ChatterBot Golf reevaluating
ChatterBot Victor reevaluating
ChatterBot Victor reevaluating
ChatterBot Golf reevaluating
2024-10-14 13:24:40.073907 Bravo: X-ray we want you to join our group
2024-10-14 13:24:40.078251 X-ray: Yes
2024-10-14 13:24:40.089304 Kilo: Victor and Whiskey we want you to join our group
ChatterBot Victor reevaluating
ChatterBot Whiskey reevaluating
2024-10-14 13:24:40.098077 Victor: No
2024-10-14 13:24:40.098580 Whiskey: No
ChatterBot Kilo reevaluating
ChatterBot Whiskey reevaluating
ChatterBot Golf reevaluating
ChatterBot Kilo reevaluating
ChatterBot Victor reevaluating
ChatterBot Golf reevaluating
2024-10-14 13:24:40.147070 Hotel: Kilo, Victor, Whiskey and Golf, sending you 2
2024-10-14 13:24:40.147505 Lima: Sending you each 1
2024-10-14 13:24:40.275592 Hotel: Alpha, sending you 3
2024-10-14 13:24:40.275952 X-ray: Lima, sending you 2
2024-10-14 13:24:40.276200 Golf: Victor and Whiskey we want you to join our group
ChatterBot Victor reevaluating
2024-10-14 13:24:40.284161 Victor: No
2024-10-14 13:24:40.284346 Whiskey: No
ChatterBot Kilo reevaluating
ChatterBot Kilo reevaluating
ChatterBot Victor reevaluating
2024-10-14 13:24:40.328544 Oscar: Sending you each 3
2024-10-14 13:24:40.328899 Alpha: Kilo, sending you 1
chatterbot Lima submitting transactions
chatterbot Victor submitting transactions
2024-10-14 13:24:40.330030 X-ray: Bravo, sending you 1
chatterbot Bravo submitting transactions
2024-10-14 13:24:40.469488 Alpha: Victor and Whiskey, sending you 2
2024-10-14 13:24:40.470412 Bravo: Sending you each 1
2024-10-14 13:24:40.713748 Alpha: Hotel, sending you 4
2024-10-14 13:24:40.714263 Golf: Kilo, Victor, Hotel, Whiskey and Oscar, sending you 1
2024-10-14 13:24:40.926313 Golf: Alpha, sending you 3
2024-10-14 13:24:40.927969 Alpha: Golf, sending you 3
2024-10-14 13:24:40.928435 Kilo: Sending you each 1
2024-10-14 13:24:40.928924 Whiskey: Kilo, sending you 2
chatterbot Oscar submitting transactions
chatterbot Hotel submitting transactions
chatterbot X-ray submitting transactions
2024-10-14 13:24:41.081576 Whiskey: Victor and X-ray, sending you 1
chatterbot Alpha submitting transactions
2024-10-14 13:24:41.120432 Whiskey: Hotel and Alpha, sending you 3
2024-10-14 13:24:41.178571 Whiskey: Golf, sending you 4
chatterbot Victor submitting transactions
chatterbot Golf submitting transactions
chatterbot Whiskey submitting transactions
chatterbot Kilo submitting transactions
ChatterBot Kilo round 4
ChatterBot Victor round 4
ChatterBot Lima round 4
ChatterBot Hotel round 4
ChatterBot Whiskey round 4
ChatterBot Bravo round 4
ChatterBot Oscar round 4
ChatterBot Golf round 4
ChatterBot Alpha round 4
2024-10-14 13:24:41.591803 Kilo: We should add X-ray
ChatterBot Golf reevaluating
ChatterBot Victor reevaluating
ChatterBot Whiskey reevaluating
2024-10-14 13:24:41.620059 Golf: Yes
2024-10-14 13:24:41.620851 Victor: Yes
2024-10-14 13:24:41.621047 Whiskey: Yes
2024-10-14 13:24:41.621508 Alpha: Yes
2024-10-14 13:24:41.622325 Hotel: Yes
ChatterBot Victor reevaluating
ChatterBot Whiskey reevaluating
ChatterBot Golf reevaluating
ChatterBot Whiskey reevaluating
ChatterBot Golf reevaluating
ChatterBot Victor reevaluating
ChatterBot Golf reevaluating
ChatterBot Victor reevaluating
ChatterBot Whiskey reevaluating
ChatterBot Golf reevaluating
ChatterBot Victor reevaluating
ChatterBot Whiskey reevaluating
2024-10-14 13:24:41.759133 Lima: We should add Kilo
ChatterBot Bravo reevaluating
2024-10-14 13:24:41.774459 Bravo: No
2024-10-14 13:24:41.775075 Oscar: No
2024-10-14 13:24:41.775243 X-ray: No
ChatterBot Lima reevaluating
ChatterBot Lima reevaluating
ChatterBot Bravo reevaluating
ChatterBot Lima reevaluating
ChatterBot Bravo reevaluating
ChatterBot X-ray round 4
2024-10-14 13:24:41.830077 Bravo: We should add Whiskey
ChatterBot Lima reevaluating
ChatterBot X-ray reevaluating
2024-10-14 13:24:41.844173 Lima: Yes
2024-10-14 13:24:41.844320 Oscar: No
2024-10-14 13:24:41.844473 X-ray: Yes
ChatterBot Bravo reevaluating
ChatterBot X-ray reevaluating
ChatterBot Lima reevaluating
ChatterBot Bravo reevaluating
ChatterBot X-ray reevaluating
ChatterBot Lima reevaluating
ChatterBot Bravo reevaluating
2024-10-14 13:24:41.886117 Kilo: X-ray we want you to join our group
ChatterBot X-ray reevaluating
2024-10-14 13:24:41.889344 X-ray: No
ChatterBot Whiskey reevaluating
ChatterBot Victor reevaluating
ChatterBot Golf reevaluating
2024-10-14 13:24:41.905308 Golf: We should replace Oscar with X-ray
2024-10-14 13:24:41.916227 Victor: No
2024-10-14 13:24:41.916389 Whiskey: Yes
2024-10-14 13:24:41.916496 Alpha: No
2024-10-14 13:24:41.916592 Hotel: No
2024-10-14 13:24:41.916694 Kilo: Yes
ChatterBot Golf reevaluating
ChatterBot Golf reevaluating
ChatterBot Golf reevaluating
ChatterBot Golf reevaluating
ChatterBot Golf reevaluating
2024-10-14 13:24:42.020817 Lima: We should add Golf
ChatterBot Bravo reevaluating
ChatterBot X-ray reevaluating
2024-10-14 13:24:42.035475 Bravo: No
2024-10-14 13:24:42.036367 Oscar: No
2024-10-14 13:24:42.036585 X-ray: No
ChatterBot Lima reevaluating
ChatterBot X-ray reevaluating
ChatterBot Lima reevaluating
ChatterBot Bravo reevaluating
ChatterBot X-ray reevaluating
ChatterBot Lima reevaluating
ChatterBot Bravo reevaluating
2024-10-14 13:24:42.079887 Golf: X-ray we want you to join our group
2024-10-14 13:24:42.082859 X-ray: No
ChatterBot Golf reevaluating
2024-10-14 13:24:42.099219 Hotel: Kilo and Whiskey, sending you 2
2024-10-14 13:24:42.101697 Oscar: Same as last round
2024-10-14 13:24:42.102684 Hotel: Victor and Alpha, sending you 3
2024-10-14 13:24:42.104696 Kilo: Sending you each 1
2024-10-14 13:24:42.105190 Alpha: Kilo, sending you 1
2024-10-14 13:24:42.105992 Whiskey: Kilo and Victor, sending you 2
2024-10-14 13:24:42.106438 Hotel: Golf, sending you 1
2024-10-14 13:24:42.108667 Whiskey: Hotel, Golf and Alpha, sending you 3
2024-10-14 13:24:42.111135 Alpha: Victor and Whiskey, sending you 2
2024-10-14 13:24:42.111775 Lima: Bravo, Oscar and X-ray, sending you 1
2024-10-14 13:24:42.113687 Whiskey: X-ray, sending you 1
2024-10-14 13:24:42.114605 Alpha: Hotel, sending you 4
2024-10-14 13:24:42.118048 Bravo: Same as last round
2024-10-14 13:24:42.118665 Alpha: Golf, sending you 3
2024-10-14 13:24:42.121877 X-ray: Lima, Bravo and Oscar, sending you 1
2024-10-14 13:24:42.133669 Golf: Kilo, Victor, Hotel and X-ray, sending you 1
2024-10-14 13:24:42.138697 Golf: Whiskey and Alpha, sending you 2
chatterbot Kilo submitting transactions
chatterbot Victor submitting transactions
chatterbot Golf submitting transactions
chatterbot Whiskey submitting transactions
chatterbot Bravo submitting transactions
chatterbot Alpha submitting transactions
chatterbot Oscar submitting transactions
chatterbot Hotel submitting transactions
chatterbot Lima submitting transactions
chatterbot X-ray submitting transactions
ChatterBot Kilo round 5
ChatterBot Victor round 5
ChatterBot Lima round 5
ChatterBot Hotel round 5
ChatterBot Whiskey round 5
ChatterBot Bravo round 5
ChatterBot Oscar round 5
ChatterBot Golf round 5
ChatterBot Alpha round 5
ChatterBot X-ray round 5
2024-10-14 13:24:43.263449 Bravo: We should add Whiskey
ChatterBot Lima reevaluating
2024-10-14 13:24:43.276793 Lima: No
2024-10-14 13:24:43.277047 Oscar: No
2024-10-14 13:24:43.277218 X-ray: Yes
ChatterBot Bravo reevaluating
ChatterBot X-ray reevaluating
ChatterBot Lima reevaluating
ChatterBot Bravo reevaluating
ChatterBot X-ray reevaluating
ChatterBot Lima reevaluating
ChatterBot Bravo reevaluating
2024-10-14 13:24:43.347487 X-ray: We should replace Whiskey with Victor
ChatterBot Lima reevaluating
ChatterBot Bravo reevaluating
2024-10-14 13:24:43.359267 Lima: Yes
2024-10-14 13:24:43.359385 Bravo: No
2024-10-14 13:24:43.359482 Oscar: No
ChatterBot Bravo reevaluating
ChatterBot X-ray reevaluating
ChatterBot Lima reevaluating
ChatterBot X-ray reevaluating
ChatterBot Lima reevaluating
ChatterBot Bravo reevaluating
ChatterBot X-ray reevaluating
2024-10-14 13:24:43.404720 X-ray: Victor we want you to join our group
2024-10-14 13:24:43.409538 Victor: No
ChatterBot X-ray reevaluating
ChatterBot Lima reevaluating
ChatterBot Bravo reevaluating
2024-10-14 13:24:43.429682 Lima: We should replace Whiskey with Hotel
ChatterBot Bravo reevaluating
ChatterBot X-ray reevaluating
2024-10-14 13:24:43.482028 Bravo: No
2024-10-14 13:24:43.482254 Oscar: No
2024-10-14 13:24:43.482573 X-ray: No
ChatterBot Lima reevaluating
ChatterBot X-ray reevaluating
ChatterBot Lima reevaluating
ChatterBot Bravo reevaluating
ChatterBot X-ray reevaluating
ChatterBot Lima reevaluating
ChatterBot Bravo reevaluating
2024-10-14 13:24:43.534782 Golf: Kilo, Victor, Hotel and X-ray, sending you 1
2024-10-14 13:24:43.536315 Hotel: Kilo and Whiskey, sending you 2
2024-10-14 13:24:43.537077 Whiskey: Kilo and Victor, sending you 2
2024-10-14 13:24:43.537801 Alpha: Kilo, sending you 1
2024-10-14 13:24:43.539171 Kilo: Same as last round
2024-10-14 13:24:43.540636 Oscar: Same as last round
2024-10-14 13:24:43.541532 Golf: Whiskey and Alpha, sending you 2
2024-10-14 13:24:43.542866 Whiskey: Hotel, Golf and Alpha, sending you 3
2024-10-14 13:24:43.543604 Hotel: Victor and Alpha, sending you 3
2024-10-14 13:24:43.544901 Alpha: Victor and Whiskey, sending you 2
2024-10-14 13:24:43.546209 Whiskey: X-ray, sending you 1
2024-10-14 13:24:43.548057 Hotel: Golf, sending you 1
2024-10-14 13:24:43.550089 Alpha: Hotel, sending you 4
chatterbot Golf submitting transactions
2024-10-14 13:24:43.552715 Bravo: Same as last round
2024-10-14 13:24:43.553680 Alpha: Golf, sending you 3
2024-10-14 13:24:43.554456 Lima: Bravo, Oscar and X-ray, sending you 1
chatterbot Victor submitting transactions
chatterbot Lima submitting transactions
chatterbot Oscar submitting transactions
chatterbot Bravo submitting transactions
chatterbot Hotel submitting transactions
chatterbot X-ray submitting transactions
chatterbot Whiskey submitting transactions
chatterbot Kilo submitting transactions
chatterbot Alpha submitting transactions
ChatterBot Kilo round 6
ChatterBot Victor round 6
ChatterBot Lima round 6
ChatterBot Hotel round 6
ChatterBot Whiskey round 6
ChatterBot Bravo round 6
ChatterBot Oscar round 6
ChatterBot Golf round 6
ChatterBot Alpha round 6
ChatterBot X-ray round 6
2024-10-14 13:24:44.660678 Hotel: Kilo, sending you 1
2024-10-14 13:24:44.662684 Whiskey: Kilo and Victor, sending you 2
2024-10-14 13:24:44.665718 Hotel: Victor and Alpha, sending you 3
2024-10-14 13:24:44.666874 Whiskey: Hotel, Golf and Alpha, sending you 3
2024-10-14 13:24:44.668310 Kilo: Same as last round
2024-10-14 13:24:44.669125 Oscar: Same as last round
2024-10-14 13:24:44.670121 X-ray: Lima, Bravo and Oscar, sending you 1
2024-10-14 13:24:44.670491 Bravo: Same as last round
2024-10-14 13:24:44.670941 Alpha: Kilo, sending you 1
2024-10-14 13:24:44.672182 Lima: Bravo, Oscar and X-ray, sending you 1
2024-10-14 13:24:44.672533 Whiskey: X-ray, sending you 1
2024-10-14 13:24:44.673014 Hotel: Whiskey and Golf, sending you 2
2024-10-14 13:24:44.674854 Alpha: Victor and Whiskey, sending you 2
2024-10-14 13:24:44.678365 Golf: Kilo, Victor and Hotel, sending you 1
2024-10-14 13:24:44.679656 Alpha: Hotel, sending you 4
2024-10-14 13:24:44.681943 Golf: Whiskey, sending you 2
2024-10-14 13:24:44.684661 Alpha: Golf, sending you 3
2024-10-14 13:24:44.687670 Golf: Alpha, sending you 3
chatterbot Bravo submitting transactions
chatterbot Hotel submitting transactions
chatterbot Whiskey submitting transactions
chatterbot Victor submitting transactions
chatterbot Oscar submitting transactions
chatterbot Golf submitting transactions
chatterbot X-ray submitting transactions
chatterbot Alpha submitting transactions
chatterbot Lima submitting transactions
chatterbot Kilo submitting transactions
ChatterBot Kilo round 7
ChatterBot Victor round 7
ChatterBot Lima round 7
ChatterBot Hotel round 7
ChatterBot Whiskey round 7
ChatterBot Bravo round 7
ChatterBot Oscar round 7
ChatterBot Golf round 7
ChatterBot Alpha round 7
ChatterBot X-ray round 7
2024-10-14 13:24:45.900544 Whiskey: We should replace X-ray with Bravo
ChatterBot Golf reevaluating
2024-10-14 13:24:45.915484 Golf: No
2024-10-14 13:24:45.915687 Victor: No
2024-10-14 13:24:45.915831 Alpha: No
2024-10-14 13:24:45.915948 Hotel: No
2024-10-14 13:24:45.916055 Kilo: No
ChatterBot Whiskey reevaluating
ChatterBot Golf reevaluating
ChatterBot Whiskey reevaluating
ChatterBot Golf reevaluating
ChatterBot Whiskey reevaluating
ChatterBot Golf reevaluating
ChatterBot Whiskey reevaluating
ChatterBot Kilo reevaluating
ChatterBot Golf reevaluating
ChatterBot Whiskey reevaluating
2024-10-14 13:24:46.030659 Golf: We should replace X-ray with Oscar
ChatterBot Whiskey reevaluating
ChatterBot Kilo reevaluating
2024-10-14 13:24:46.045778 Victor: No
2024-10-14 13:24:46.045969 Whiskey: Yes
2024-10-14 13:24:46.046109 Alpha: No
2024-10-14 13:24:46.046227 Hotel: No
2024-10-14 13:24:46.046334 Kilo: No
ChatterBot Golf reevaluating
ChatterBot Whiskey reevaluating
ChatterBot Kilo reevaluating
ChatterBot Golf reevaluating
ChatterBot Kilo reevaluating
ChatterBot Golf reevaluating
ChatterBot Whiskey reevaluating
ChatterBot Kilo reevaluating
ChatterBot Golf reevaluating
ChatterBot Whiskey reevaluating
ChatterBot Kilo reevaluating
ChatterBot Golf reevaluating
ChatterBot Whiskey reevaluating
2024-10-14 13:24:46.148743 Alpha: Kilo, sending you 1
2024-10-14 13:24:46.152990 Kilo: Oscar we want you to join our group
2024-10-14 13:24:46.156498 Oscar: No
ChatterBot Kilo reevaluating
ChatterBot Golf reevaluating
2024-10-14 13:24:46.176950 Alpha: Victor and Whiskey, sending you 2
2024-10-14 13:24:46.178290 Hotel: Kilo, sending you 1
2024-10-14 13:24:46.180842 Kilo: We should drop X-ray
ChatterBot Golf reevaluating
2024-10-14 13:24:46.196505 Golf: Yes
2024-10-14 13:24:46.196683 Victor: Yes
2024-10-14 13:24:46.196835 Whiskey: Yes
2024-10-14 13:24:46.196972 Alpha: Yes
2024-10-14 13:24:46.197088 Hotel: Yes
ChatterBot Kilo reevaluating
ChatterBot Golf reevaluating
ChatterBot Kilo reevaluating
ChatterBot Golf reevaluating
ChatterBot Kilo reevaluating
ChatterBot Golf reevaluating
ChatterBot Kilo reevaluating
ChatterBot Golf reevaluating
ChatterBot Whiskey reevaluating
ChatterBot Kilo reevaluating
2024-10-14 13:24:46.309581 Bravo: Same as last round
2024-10-14 13:24:46.310920 Alpha: Hotel, sending you 4
2024-10-14 13:24:46.312287 X-ray: Lima, Bravo and Oscar, sending you 1
2024-10-14 13:24:46.313202 Lima: Bravo, Oscar and X-ray, sending you 1
2024-10-14 13:24:46.313650 Hotel: Victor and Alpha, sending you 3
2024-10-14 13:24:46.314318 Oscar: Same as last round
2024-10-14 13:24:46.315658 Whiskey: Bravo we want you to join our group
ChatterBot Bravo reevaluating
2024-10-14 13:24:46.320662 Bravo: No
ChatterBot Whiskey reevaluating
ChatterBot Kilo reevaluating
ChatterBot Golf reevaluating
2024-10-14 13:24:46.348207 Golf: We should replace X-ray with Lima
ChatterBot Whiskey reevaluating
ChatterBot Kilo reevaluating
2024-10-14 13:24:46.369256 Victor: No
2024-10-14 13:24:46.369426 Whiskey: No
2024-10-14 13:24:46.369547 Alpha: No
2024-10-14 13:24:46.369670 Hotel: No
2024-10-14 13:24:46.369806 Kilo: No
ChatterBot Golf reevaluating
ChatterBot Whiskey reevaluating
ChatterBot Kilo reevaluating
ChatterBot Golf reevaluating
ChatterBot Kilo reevaluating
ChatterBot Golf reevaluating
ChatterBot Whiskey reevaluating
ChatterBot Kilo reevaluating
ChatterBot Golf reevaluating
ChatterBot Whiskey reevaluating
ChatterBot Kilo reevaluating
ChatterBot Golf reevaluating
ChatterBot Whiskey reevaluating
2024-10-14 13:24:46.450569 Alpha: Golf, sending you 3
2024-10-14 13:24:46.452172 Hotel: Whiskey and Golf, sending you 2
chatterbot Oscar submitting transactions
2024-10-14 13:24:46.459672 Golf: Bravo we want you to join our group
ChatterBot Bravo reevaluating
2024-10-14 13:24:46.465294 Bravo: No
ChatterBot Kilo reevaluating
ChatterBot Golf reevaluating
2024-10-14 13:24:46.494721 Whiskey: Kilo, sending you 2
2024-10-14 13:24:46.498702 Whiskey: Victor, Hotel, Golf and Alpha, sending you 3
2024-10-14 13:24:46.513682 Golf: Kilo, Victor, Hotel and Bravo, sending you 1
2024-10-14 13:24:46.516680 Golf: Whiskey and Alpha, sending you 2
2024-10-14 13:24:46.517676 Bravo: Victor, Lima, Oscar and X-ray, sending you 1
2024-10-14 13:24:46.526704 Kilo: Victor, Hotel, Whiskey, Oscar, Golf and Alpha, sending you 1
chatterbot Lima submitting transactions
chatterbot Alpha submitting transactions
chatterbot Victor submitting transactions
chatterbot X-ray submitting transactions
chatterbot Hotel submitting transactions
chatterbot Whiskey submitting transactions
chatterbot Bravo submitting transactions
chatterbot Bravo submitting transactions
chatterbot Kilo submitting transactions
chatterbot Golf submitting transactions
ChatterBot Kilo round 8
ChatterBot Victor round 8
ChatterBot Lima round 8
ChatterBot Hotel round 8
ChatterBot Whiskey round 8
ChatterBot Bravo round 8
ChatterBot Oscar round 8
ChatterBot Golf round 8
ChatterBot Alpha round 8
ChatterBot X-ray round 8
2024-10-14 13:24:47.688252 Lima: We should replace Victor with Kilo
ChatterBot Bravo reevaluating
ChatterBot Oscar reevaluating
2024-10-14 13:24:47.701073 Bravo: No
2024-10-14 13:24:47.701360 Oscar: No
2024-10-14 13:24:47.701626 X-ray: Yes
ChatterBot Oscar reevaluating
ChatterBot Lima reevaluating
ChatterBot Bravo reevaluating
ChatterBot Lima reevaluating
ChatterBot Bravo reevaluating
ChatterBot Oscar reevaluating
2024-10-14 13:24:47.733344 Kilo: We should drop Oscar
2024-10-14 13:24:47.749031 Golf: Yes
2024-10-14 13:24:47.749230 Victor: Yes
2024-10-14 13:24:47.749371 Whiskey: No
2024-10-14 13:24:47.749490 Alpha: Yes
2024-10-14 13:24:47.749598 Hotel: Yes
ChatterBot Whiskey reevaluating
ChatterBot Whiskey reevaluating
ChatterBot Whiskey reevaluating
ChatterBot Golf reevaluating
ChatterBot Whiskey reevaluating
2024-10-14 13:24:47.827693 Golf: We should replace Bravo with Lima
ChatterBot Whiskey reevaluating
2024-10-14 13:24:47.842245 Victor: No
2024-10-14 13:24:47.842412 Whiskey: Yes
2024-10-14 13:24:47.842516 Alpha: No
2024-10-14 13:24:47.842642 Hotel: No
2024-10-14 13:24:47.842762 Kilo: No
ChatterBot Golf reevaluating
ChatterBot Whiskey reevaluating
ChatterBot Golf reevaluating
ChatterBot Golf reevaluating
ChatterBot Whiskey reevaluating
ChatterBot Golf reevaluating
ChatterBot Whiskey reevaluating
ChatterBot Golf reevaluating
ChatterBot Whiskey reevaluating
2024-10-14 13:24:47.947049 Lima: We should replace Victor with Hotel
ChatterBot Bravo reevaluating
ChatterBot Oscar reevaluating
2024-10-14 13:24:47.963380 Bravo: No
2024-10-14 13:24:47.963650 Oscar: No
2024-10-14 13:24:47.963832 X-ray: No
ChatterBot Lima reevaluating
ChatterBot Oscar reevaluating
ChatterBot Lima reevaluating
ChatterBot Bravo reevaluating
ChatterBot Lima reevaluating
ChatterBot Bravo reevaluating
ChatterBot Oscar reevaluating
2024-10-14 13:24:48.008835 Whiskey: We should replace Oscar with Lima
ChatterBot Golf reevaluating
2024-10-14 13:24:48.029199 Golf: Yes
2024-10-14 13:24:48.029403 Victor: No
2024-10-14 13:24:48.029571 Alpha: No
2024-10-14 13:24:48.029734 Hotel: No
2024-10-14 13:24:48.029905 Kilo: No
ChatterBot Whiskey reevaluating
ChatterBot Golf reevaluating
ChatterBot Whiskey reevaluating
ChatterBot Golf reevaluating
ChatterBot Whiskey reevaluating
ChatterBot Golf reevaluating
ChatterBot Whiskey reevaluating
ChatterBot Golf reevaluating
ChatterBot Whiskey reevaluating
2024-10-14 13:24:48.167960 Whiskey: Lima we want you to join our group
ChatterBot Lima reevaluating
2024-10-14 13:24:48.175689 Lima: No
ChatterBot Kilo reevaluating
ChatterBot Golf reevaluating
2024-10-14 13:24:48.206849 Hotel: Kilo, sending you 1
2024-10-14 13:24:48.209802 Lima: Hotel we want you to join our group
2024-10-14 13:24:48.215503 Hotel: No
ChatterBot Lima reevaluating
ChatterBot Bravo reevaluating
2024-10-14 13:24:48.236742 Oscar: Same as last round
2024-10-14 13:24:48.237783 Hotel: Victor and Alpha, sending you 3
2024-10-14 13:24:48.239530 Golf: Lima we want you to join our group
ChatterBot Lima reevaluating
2024-10-14 13:24:48.245410 Lima: No
ChatterBot Kilo reevaluating
ChatterBot Golf reevaluating
2024-10-14 13:24:48.273493 X-ray: Lima, Bravo and Oscar, sending you 1
2024-10-14 13:24:48.274124 Alpha: Kilo, sending you 1
2024-10-14 13:24:48.275863 Hotel: Whiskey and Golf, sending you 2
2024-10-14 13:24:48.277642 Bravo: We should drop Victor
ChatterBot Lima reevaluating
2024-10-14 13:24:48.290856 Lima: Yes
2024-10-14 13:24:48.291414 Oscar: Yes
2024-10-14 13:24:48.291581 X-ray: Yes
ChatterBot Bravo reevaluating
ChatterBot Lima reevaluating
ChatterBot Bravo reevaluating
ChatterBot Lima reevaluating
ChatterBot Bravo reevaluating
2024-10-14 13:24:48.337245 Alpha: Victor, Hotel and Golf, sending you 3
2024-10-14 13:24:48.339140 Whiskey: Kilo, sending you 2
2024-10-14 13:24:48.341675 Alpha: Whiskey, sending you 2
2024-10-14 13:24:48.343068 Whiskey: Victor, Hotel, Golf and Alpha, sending you 3
chatterbot X-ray submitting transactions
2024-10-14 13:24:48.352895 Bravo: Sorry, I'm actually sending you 0
2024-10-14 13:24:48.369695 Golf: Kilo, Victor, Lima and Hotel, sending you 1
2024-10-14 13:24:48.373692 Golf: Whiskey and Alpha, sending you 2
chatterbot Kilo submitting transactions
chatterbot Victor submitting transactions
chatterbot Hotel submitting transactions
chatterbot Lima submitting transactions
chatterbot Oscar submitting transactions
chatterbot Bravo submitting transactions
chatterbot Golf submitting transactions
chatterbot Alpha submitting transactions
chatterbot Whiskey submitting transactions
ChatterBot Kilo round 9
ChatterBot Victor round 9
ChatterBot Lima round 9
ChatterBot Hotel round 9
ChatterBot Whiskey round 9
ChatterBot Bravo round 9
ChatterBot Oscar round 9
ChatterBot Golf round 9
ChatterBot Alpha round 9
ChatterBot X-ray round 9
2024-10-14 13:24:49.323161 Whiskey: We should replace Lima with Bravo
ChatterBot Golf reevaluating
ChatterBot Kilo reevaluating
2024-10-14 13:24:49.336856 Golf: Yes
2024-10-14 13:24:49.337332 Victor: No
2024-10-14 13:24:49.337449 Alpha: No
2024-10-14 13:24:49.337554 Hotel: No
2024-10-14 13:24:49.337665 Kilo: No
ChatterBot Whiskey reevaluating
ChatterBot Kilo reevaluating
ChatterBot Golf reevaluating
ChatterBot Whiskey reevaluating
ChatterBot Kilo reevaluating
ChatterBot Golf reevaluating
ChatterBot Whiskey reevaluating
ChatterBot Kilo reevaluating
ChatterBot Golf reevaluating
ChatterBot Victor reevaluating
ChatterBot Whiskey reevaluating
ChatterBot Kilo reevaluating
ChatterBot Golf reevaluating
ChatterBot Victor reevaluating
ChatterBot Whiskey reevaluating
2024-10-14 13:24:49.428390 Kilo: We should drop Lima
ChatterBot Golf reevaluating
ChatterBot Victor reevaluating
ChatterBot Whiskey reevaluating
2024-10-14 13:24:49.443809 Golf: Yes
2024-10-14 13:24:49.443968 Victor: Yes
2024-10-14 13:24:49.444090 Whiskey: Yes
2024-10-14 13:24:49.444199 Alpha: Yes
2024-10-14 13:24:49.444313 Hotel: Yes
ChatterBot Victor reevaluating
ChatterBot Whiskey reevaluating
ChatterBot Golf reevaluating
ChatterBot Whiskey reevaluating
ChatterBot Golf reevaluating
ChatterBot Victor reevaluating
ChatterBot Golf reevaluating
ChatterBot Victor reevaluating
ChatterBot Whiskey reevaluating
ChatterBot Golf reevaluating
ChatterBot Victor reevaluating
ChatterBot Whiskey reevaluating
2024-10-14 13:24:49.548442 Bravo: I was attacked by Kilo
ChatterBot Lima reevaluating
ChatterBot Oscar reevaluating
ChatterBot X-ray reevaluating
2024-10-14 13:24:49.560506 Bravo: I'm keeping this round to protect myself
2024-10-14 13:24:49.563047 Bravo: Ow
2024-10-14 13:24:49.563416 Lima: We should replace Victor with Kilo
ChatterBot Bravo reevaluating
ChatterBot Oscar reevaluating
ChatterBot X-ray reevaluating
2024-10-14 13:24:49.623341 Bravo: Yes
2024-10-14 13:24:49.623883 Oscar: No
2024-10-14 13:24:49.624664 X-ray: Yes
ChatterBot Lima reevaluating
ChatterBot Oscar reevaluating
ChatterBot X-ray reevaluating
ChatterBot Lima reevaluating
ChatterBot Bravo reevaluating
ChatterBot X-ray reevaluating
ChatterBot Lima reevaluating
ChatterBot Bravo reevaluating
ChatterBot Oscar reevaluating
chatterbot Kilo submitting transactions
2024-10-14 13:24:49.670603 Lima: We should replace Victor with Hotel
ChatterBot Bravo reevaluating
ChatterBot Oscar reevaluating
ChatterBot X-ray reevaluating
2024-10-14 13:24:49.682098 Bravo: No
2024-10-14 13:24:49.682242 Oscar: No
2024-10-14 13:24:49.682835 X-ray: No
ChatterBot Lima reevaluating
ChatterBot Oscar reevaluating
ChatterBot X-ray reevaluating
ChatterBot Lima reevaluating
ChatterBot Bravo reevaluating
ChatterBot X-ray reevaluating
ChatterBot Lima reevaluating
ChatterBot Bravo reevaluating
ChatterBot Oscar reevaluating
2024-10-14 13:24:49.719143 Alpha: Kilo, sending you 1
2024-10-14 13:24:49.719897 Hotel: Kilo, sending you 1
2024-10-14 13:24:49.721423 Golf: Bravo we want you to join our group
ChatterBot Bravo reevaluating
2024-10-14 13:24:49.724371 Bravo: No
ChatterBot Whiskey reevaluating
ChatterBot Golf reevaluating
2024-10-14 13:24:49.750309 Alpha: Victor, Hotel and Golf, sending you 3
2024-10-14 13:24:49.751552 Hotel: Victor and Alpha, sending you 3
2024-10-14 13:24:49.753234 Lima: Hotel we want you to join our group
2024-10-14 13:24:49.757531 Hotel: No
ChatterBot Lima reevaluating
ChatterBot Bravo reevaluating
ChatterBot X-ray reevaluating
2024-10-14 13:24:49.775623 Kilo: Sending you each 1
2024-10-14 13:24:49.777106 Alpha: Whiskey, sending you 2
2024-10-14 13:24:49.778378 Hotel: Whiskey and Golf, sending you 2
2024-10-14 13:24:49.782894 Oscar: Same as last round
2024-10-14 13:24:49.783715 Lima: Kilo we want you to join our group
2024-10-14 13:24:49.786599 Kilo: No
ChatterBot X-ray reevaluating
ChatterBot Lima reevaluating
ChatterBot Bravo reevaluating
2024-10-14 13:24:49.798566 Lima: We should replace Victor with Golf
ChatterBot Bravo reevaluating
ChatterBot X-ray reevaluating
2024-10-14 13:24:49.806463 Bravo: No
2024-10-14 13:24:49.806665 Oscar: No
2024-10-14 13:24:49.806841 X-ray: Yes
ChatterBot Lima reevaluating
ChatterBot X-ray reevaluating
ChatterBot Lima reevaluating
ChatterBot Bravo reevaluating
ChatterBot X-ray reevaluating
ChatterBot Lima reevaluating
ChatterBot Bravo reevaluating
2024-10-14 13:24:49.846689 Whiskey: Kilo, sending you 2
2024-10-14 13:24:49.850684 Whiskey: Victor, Hotel, Golf and Alpha, sending you 3
2024-10-14 13:24:49.853694 Golf: Kilo, Victor, Hotel and Bravo, sending you 1
2024-10-14 13:24:49.857775 Golf: Whiskey and Alpha, sending you 2
2024-10-14 13:24:49.862688 X-ray: Lima, Bravo and Oscar, sending you 1
2024-10-14 13:24:49.865695 Lima: Bravo, Oscar and X-ray, sending you 1
chatterbot Victor submitting transactions
chatterbot Kilo submitting transactions
chatterbot Bravo submitting transactions
chatterbot Alpha submitting transactions
chatterbot Lima submitting transactions
chatterbot Oscar submitting transactions
chatterbot Hotel submitting transactions
chatterbot Golf submitting transactions
chatterbot Whiskey submitting transactions
