ChatterBot Romeo round 1
ChatterBot Charlie round 1
ChatterBot Foxtrot round 1
ChatterBot Victor round 1
ChatterBot November round 1
ChatterBot Whiskey round 1
ChatterBot Yankee round 1
ChatterBot Alpha round 1
ChatterBot Golf round 1
ChatterBot Oscar round 1
randomSelections Foxtrot: {Foxtrot, Charlie, Whiskey, Romeo, Golf} 
2024-10-14 13:24:35.429848 Foxtrot: Friends?
ChatterBot Charlie reevaluating
ChatterBot Whiskey reevaluating
ChatterBot Romeo reevaluating
ChatterBot Golf reevaluating
2024-10-14 13:24:35.482242 Charlie: Yes
2024-10-14 13:24:35.482979 Whiskey: Yes
2024-10-14 13:24:35.486835 Romeo: Yes
2024-10-14 13:24:35.487202 Golf: Yes
ChatterBot Whiskey reevaluating
ChatterBot Romeo reevaluating
ChatterBot Golf reevaluating
ChatterBot Charlie reevaluating
ChatterBot Romeo reevaluating
ChatterBot Golf reevaluating
ChatterBot Charlie reevaluating
ChatterBot Whiskey reevaluating
ChatterBot Golf reevaluating
ChatterBot Charlie reevaluating
ChatterBot Whiskey reevaluating
ChatterBot Romeo reevaluating
randomSelections November: {November, Whiskey, Golf, Oscar, Foxtrot, Yankee, Alpha} 
2024-10-14 13:24:35.551567 November: Group up?
ChatterBot Whiskey reevaluating
ChatterBot Golf reevaluating
ChatterBot Oscar reevaluating
ChatterBot Yankee reevaluating
ChatterBot Alpha reevaluating
2024-10-14 13:24:35.594115 Whiskey: No
2024-10-14 13:24:35.594609 Golf: No
2024-10-14 13:24:35.594842 Oscar: Yes
2024-10-14 13:24:35.595925 Foxtrot: No
2024-10-14 13:24:35.596706 Yankee: Yes
2024-10-14 13:24:35.596889 Alpha: Yes
ChatterBot Golf reevaluating
ChatterBot Oscar reevaluating
ChatterBot Yankee reevaluating
ChatterBot Alpha reevaluating
ChatterBot Whiskey reevaluating
ChatterBot Oscar reevaluating
ChatterBot Yankee reevaluating
ChatterBot Alpha reevaluating
ChatterBot Whiskey reevaluating
ChatterBot Golf reevaluating
ChatterBot Yankee reevaluating
ChatterBot Alpha reevaluating
ChatterBot Whiskey reevaluating
ChatterBot Golf reevaluating
ChatterBot Oscar reevaluating
ChatterBot Yankee reevaluating
ChatterBot Alpha reevaluating
ChatterBot Whiskey reevaluating
ChatterBot Golf reevaluating
ChatterBot Oscar reevaluating
ChatterBot Alpha reevaluating
ChatterBot Whiskey reevaluating
ChatterBot Golf reevaluating
ChatterBot Oscar reevaluating
ChatterBot Yankee reevaluating
randomSelections Victor: {Victor, Whiskey, Alpha, Romeo, Charlie, Oscar} 
2024-10-14 13:24:35.676354 Victor: Group up?
ChatterBot Whiskey reevaluating
ChatterBot Alpha reevaluating
ChatterBot Romeo reevaluating
ChatterBot Charlie reevaluating
ChatterBot Oscar reevaluating
2024-10-14 13:24:35.685917 Whiskey: No
2024-10-14 13:24:35.686069 Alpha: No
2024-10-14 13:24:35.686178 Romeo: No
2024-10-14 13:24:35.686261 Charlie: No
2024-10-14 13:24:35.686340 Oscar: No
ChatterBot Alpha reevaluating
ChatterBot Romeo reevaluating
ChatterBot Charlie reevaluating
ChatterBot Oscar reevaluating
ChatterBot Whiskey reevaluating
ChatterBot Romeo reevaluating
ChatterBot Charlie reevaluating
ChatterBot Oscar reevaluating
ChatterBot Whiskey reevaluating
ChatterBot Alpha reevaluating
ChatterBot Charlie reevaluating
ChatterBot Oscar reevaluating
ChatterBot Whiskey reevaluating
ChatterBot Alpha reevaluating
ChatterBot Romeo reevaluating
ChatterBot Oscar reevaluating
ChatterBot Whiskey reevaluating
ChatterBot Alpha reevaluating
ChatterBot Romeo reevaluating
ChatterBot Charlie reevaluating
2024-10-14 13:24:35.737288 Yankee: Foxtrot and Oscar, sending you 1
2024-10-14 13:24:35.739676 Golf: Romeo and Foxtrot, sending you 3
2024-10-14 13:24:35.741334 Yankee: November and Whiskey, sending you 3
2024-10-14 13:24:35.742120 Victor: Romeo, sending you 3
2024-10-14 13:24:35.743882 Alpha: Foxtrot, Golf and Oscar, sending you 2
2024-10-14 13:24:35.744232 Romeo: Whiskey, sending you 3
2024-10-14 13:24:35.744501 Charlie: Romeo, Foxtrot and Whiskey, sending you 3
2024-10-14 13:24:35.744791 Golf: Charlie, sending you 1
2024-10-14 13:24:35.747256 Yankee: Alpha, sending you 6
2024-10-14 13:24:35.748429 November: Foxtrot, sending you 2
2024-10-14 13:24:35.748827 Victor: Charlie and Alpha, sending you 1
2024-10-14 13:24:35.749210 Foxtrot: Romeo, Charlie, Whiskey and Golf, sending you 1
2024-10-14 13:24:35.749599 Alpha: November, sending you 3
2024-10-14 13:24:35.750755 Charlie: Golf, sending you 2
2024-10-14 13:24:35.751065 Romeo: Golf, sending you 4
2024-10-14 13:24:35.751409 Whiskey: Romeo and Golf, sending you 1
2024-10-14 13:24:35.751772 Golf: Whiskey, sending you 4
2024-10-14 13:24:35.753146 Yankee: Golf, sending you 2
2024-10-14 13:24:35.755489 November: Whiskey, sending you 4
2024-10-14 13:24:35.755928 Victor: Whiskey, sending you 2
2024-10-14 13:24:35.756301 Oscar: Foxtrot, November and Golf, sending you 4
2024-10-14 13:24:35.756726 Alpha: Whiskey and Yankee, sending you 1
2024-10-14 13:24:35.757979 Whiskey: Charlie, sending you 3
2024-10-14 13:24:35.759749 November: Yankee, Alpha and Oscar, sending you 1
2024-10-14 13:24:35.760118 Victor: Oscar, sending you 4
2024-10-14 13:24:35.760682 Oscar: Whiskey and Yankee, sending you 2
chatterbot November submitting transactions
chatterbot Romeo submitting transactions
chatterbot Alpha submitting transactions
chatterbot Foxtrot submitting transactions
chatterbot Yankee submitting transactions
chatterbot Victor submitting transactions
chatterbot Oscar submitting transactions
chatterbot Charlie submitting transactions
chatterbot Whiskey submitting transactions
chatterbot Golf submitting transactions
ChatterBot Romeo round 2
ChatterBot Charlie round 2
ChatterBot Foxtrot round 2
ChatterBot Victor round 2
ChatterBot November round 2
ChatterBot Whiskey round 2
ChatterBot Yankee round 2
2024-10-14 13:24:36.999307 Foxtrot: Friends?
ChatterBot November reevaluating
ChatterBot Yankee reevaluating
ChatterBot Alpha reevaluating
ChatterBot Oscar reevaluating
2024-10-14 13:24:37.057949 November: No
2024-10-14 13:24:37.058204 Yankee: Yes
2024-10-14 13:24:37.058369 Alpha: No
2024-10-14 13:24:37.058541 Oscar: No
ChatterBot Yankee reevaluating
ChatterBot Alpha reevaluating
ChatterBot Oscar reevaluating
ChatterBot November reevaluating
ChatterBot Alpha reevaluating
ChatterBot Oscar reevaluating
ChatterBot November reevaluating
ChatterBot Yankee reevaluating
ChatterBot Oscar reevaluating
ChatterBot November reevaluating
ChatterBot Yankee reevaluating
ChatterBot Alpha reevaluating
ChatterBot Alpha round 2
ChatterBot Golf round 2
ChatterBot Oscar round 2
2024-10-14 13:24:37.261205 Victor: We should group up
2024-10-14 13:24:37.268920 Foxtrot: No
2024-10-14 13:24:37.286247 Whiskey: We should group up
ChatterBot Golf reevaluating
ChatterBot November reevaluating
ChatterBot Yankee reevaluating
ChatterBot Alpha reevaluating
ChatterBot Oscar reevaluating
2024-10-14 13:24:37.351210 Charlie: No
2024-10-14 13:24:37.351449 Romeo: No
2024-10-14 13:24:37.351647 Golf: No
2024-10-14 13:24:37.352173 November: No
2024-10-14 13:24:37.352319 Yankee: No
2024-10-14 13:24:37.352462 Alpha: No
2024-10-14 13:24:37.352598 Oscar: No
ChatterBot Golf reevaluating
ChatterBot November reevaluating
ChatterBot Yankee reevaluating
ChatterBot Alpha reevaluating
ChatterBot Oscar reevaluating
ChatterBot Golf reevaluating
ChatterBot November reevaluating
ChatterBot Yankee reevaluating
ChatterBot Alpha reevaluating
ChatterBot Oscar reevaluating
ChatterBot November reevaluating
ChatterBot Yankee reevaluating
ChatterBot Alpha reevaluating
ChatterBot Oscar reevaluating
ChatterBot Golf reevaluating
ChatterBot Yankee reevaluating
ChatterBot Alpha reevaluating
ChatterBot Oscar reevaluating
ChatterBot Golf reevaluating
ChatterBot November reevaluating
ChatterBot Alpha reevaluating
ChatterBot Oscar reevaluating
ChatterBot Golf reevaluating
ChatterBot November reevaluating
ChatterBot Yankee reevaluating
ChatterBot Oscar reevaluating
ChatterBot Golf reevaluating
ChatterBot November reevaluating
ChatterBot Yankee reevaluating
ChatterBot Alpha reevaluating
2024-10-14 13:24:37.817715 Yankee: We should drop Whiskey and Golf
2024-10-14 13:24:37.837988 Foxtrot: Yes
2024-10-14 13:24:37.838162 November: Yes
2024-10-14 13:24:37.838271 Alpha: Yes
2024-10-14 13:24:37.838370 Oscar: Yes
ChatterBot Alpha reevaluating
ChatterBot November reevaluating
ChatterBot November reevaluating
ChatterBot Alpha reevaluating
2024-10-14 13:24:37.923428 Romeo: Charlie and Golf, sending you 3
chatterbot Charlie submitting transactions
2024-10-14 13:24:38.590407 Charlie: Romeo, sending you 1
2024-10-14 13:24:38.590812 Foxtrot: Sending you each 1
2024-10-14 13:24:38.591489 Whiskey: Romeo, Charlie, November, Yankee, Golf and Oscar, sending you 2
2024-10-14 13:24:38.591929 Romeo: Whiskey, sending you 1
2024-10-14 13:24:38.592239 Victor: Sending you 11
chatterbot Victor submitting transactions
chatterbot Foxtrot submitting transactions
chatterbot Romeo submitting transactions
chatterbot Whiskey submitting transactions
2024-10-14 13:24:38.594075 Charlie: Foxtrot and Golf, sending you 3
2024-10-14 13:24:39.070042 Yankee: November and Alpha, sending you 4
2024-10-14 13:24:39.070376 Charlie: Whiskey, sending you 4
2024-10-14 13:24:39.071006 Oscar: Victor, sending you 6
2024-10-14 13:24:39.071221 Golf: Romeo, sending you 4
chatterbot Oscar submitting transactions
chatterbot November submitting transactions
2024-10-14 13:24:39.245460 Yankee: Oscar, sending you 6
2024-10-14 13:24:39.246158 Golf: Charlie, Foxtrot and Whiskey, sending you 3
2024-10-14 13:24:39.246441 November: Yankee, sending you 3
2024-10-14 13:24:39.246672 Alpha: Victor, November and Oscar, sending you 2
2024-10-14 13:24:39.246890 Oscar: November and Yankee, sending you 3
2024-10-14 13:24:39.282019 November: Alpha, sending you 2
2024-10-14 13:24:39.282903 Alpha: Yankee, sending you 4
2024-10-14 13:24:39.283161 Oscar: Alpha, sending you 4
chatterbot Alpha submitting transactions
2024-10-14 13:24:39.316517 November: Oscar, sending you 4
chatterbot Yankee submitting transactions
chatterbot Golf submitting transactions
ChatterBot Romeo round 3
ChatterBot Charlie round 3
ChatterBot Foxtrot round 3
ChatterBot Victor round 3
ChatterBot November round 3
ChatterBot Whiskey round 3
ChatterBot Yankee round 3
ChatterBot Alpha round 3
ChatterBot Golf round 3
ChatterBot Oscar round 3
2024-10-14 13:24:39.482911 Charlie: We should add Victor
ChatterBot Foxtrot reevaluating
2024-10-14 13:24:39.508949 Foxtrot: Yes
2024-10-14 13:24:39.509318 Whiskey: No
2024-10-14 13:24:39.509783 Romeo: No
2024-10-14 13:24:39.510503 Golf: No
ChatterBot Foxtrot reevaluating
ChatterBot Foxtrot reevaluating
ChatterBot Foxtrot reevaluating
2024-10-14 13:24:39.600236 Victor: Can we be friends?
ChatterBot Alpha reevaluating
ChatterBot November reevaluating
ChatterBot Yankee reevaluating
2024-10-14 13:24:39.616851 Alpha: Yes
2024-10-14 13:24:39.617310 November: No
2024-10-14 13:24:39.617418 Yankee: Yes
2024-10-14 13:24:39.617526 Oscar: Yes
ChatterBot November reevaluating
ChatterBot Yankee reevaluating
ChatterBot Alpha reevaluating
ChatterBot Yankee reevaluating
ChatterBot Alpha reevaluating
ChatterBot November reevaluating
ChatterBot Alpha reevaluating
ChatterBot November reevaluating
ChatterBot Yankee reevaluating
2024-10-14 13:24:39.682875 Alpha: We should add Foxtrot
ChatterBot November reevaluating
ChatterBot Yankee reevaluating
2024-10-14 13:24:39.701218 November: No
2024-10-14 13:24:39.701398 Yankee: Yes
2024-10-14 13:24:39.701492 Oscar: No
2024-10-14 13:24:39.701578 Victor: No
ChatterBot Alpha reevaluating
ChatterBot Yankee reevaluating
ChatterBot Alpha reevaluating
ChatterBot November reevaluating
ChatterBot Alpha reevaluating
ChatterBot November reevaluating
ChatterBot Yankee reevaluating
ChatterBot Alpha reevaluating
ChatterBot November reevaluating
ChatterBot Yankee reevaluating
2024-10-14 13:24:39.814884 Romeo: We should drop Foxtrot
2024-10-14 13:24:39.866055 Charlie: No
2024-10-14 13:24:39.866294 Whiskey: Yes
2024-10-14 13:24:39.866542 Golf: No
ChatterBot Charlie reevaluating
ChatterBot Charlie reevaluating
2024-10-14 13:24:39.940217 Yankee: We should replace Foxtrot with Victor
ChatterBot November reevaluating
ChatterBot Alpha reevaluating
2024-10-14 13:24:39.961882 November: Yes
2024-10-14 13:24:39.962111 Alpha: Yes
2024-10-14 13:24:39.962698 Oscar: Yes
ChatterBot Yankee reevaluating
ChatterBot Alpha reevaluating
ChatterBot November reevaluating
ChatterBot Yankee reevaluating
ChatterBot November reevaluating
ChatterBot Yankee reevaluating
ChatterBot Alpha reevaluating
2024-10-14 13:24:40.030898 Charlie: Victor we want you to join our group
2024-10-14 13:24:40.038204 Victor: No
ChatterBot Charlie reevaluating
ChatterBot Foxtrot reevaluating
2024-10-14 13:24:40.072403 Charlie: Group up?
ChatterBot November reevaluating
ChatterBot Yankee reevaluating
ChatterBot Alpha reevaluating
2024-10-14 13:24:40.119788 Whiskey: Yes
2024-10-14 13:24:40.120339 Romeo: No
2024-10-14 13:24:40.120519 Golf: No
2024-10-14 13:24:40.120699 November: No
2024-10-14 13:24:40.120872 Yankee: No
2024-10-14 13:24:40.121041 Alpha: No
2024-10-14 13:24:40.121201 Oscar: No
ChatterBot Charlie reevaluating
ChatterBot November reevaluating
ChatterBot Yankee reevaluating
ChatterBot Alpha reevaluating
ChatterBot Charlie reevaluating
ChatterBot Golf reevaluating
ChatterBot November reevaluating
ChatterBot Yankee reevaluating
ChatterBot Alpha reevaluating
ChatterBot Charlie reevaluating
ChatterBot November reevaluating
ChatterBot Yankee reevaluating
ChatterBot Alpha reevaluating
ChatterBot Charlie reevaluating
ChatterBot Golf reevaluating
ChatterBot Yankee reevaluating
ChatterBot Alpha reevaluating
ChatterBot Charlie reevaluating
ChatterBot Golf reevaluating
ChatterBot November reevaluating
ChatterBot Alpha reevaluating
ChatterBot Charlie reevaluating
2024-10-14 13:24:40.432550 Golf: Group up?
ChatterBot Golf reevaluating
ChatterBot November reevaluating
ChatterBot Yankee reevaluating
ChatterBot Charlie reevaluating
ChatterBot Golf reevaluating
ChatterBot November reevaluating
ChatterBot Yankee reevaluating
ChatterBot Alpha reevaluating
ChatterBot Charlie reevaluating
ChatterBot November reevaluating
ChatterBot Yankee reevaluating
ChatterBot Alpha reevaluating
2024-10-14 13:24:40.600789 Whiskey: Yes
2024-10-14 13:24:40.601580 Charlie: Yes
2024-10-14 13:24:40.601742 Romeo: No
2024-10-14 13:24:40.603257 November: No
2024-10-14 13:24:40.603610 Yankee: No
2024-10-14 13:24:40.603775 Alpha: No
2024-10-14 13:24:40.603900 Oscar: No
ChatterBot Charlie reevaluating
ChatterBot Golf reevaluating
ChatterBot November reevaluating
ChatterBot Yankee reevaluating
ChatterBot Alpha reevaluating
ChatterBot Golf reevaluating
ChatterBot November reevaluating
ChatterBot Yankee reevaluating
ChatterBot Alpha reevaluating
ChatterBot Charlie reevaluating
ChatterBot Golf reevaluating
ChatterBot November reevaluating
ChatterBot Yankee reevaluating
ChatterBot Alpha reevaluating
ChatterBot Charlie reevaluating
ChatterBot Golf reevaluating
ChatterBot Yankee reevaluating
ChatterBot Alpha reevaluating
ChatterBot Charlie reevaluating
ChatterBot Golf reevaluating
ChatterBot November reevaluating
ChatterBot Alpha reevaluating
ChatterBot Charlie reevaluating
ChatterBot Golf reevaluating
ChatterBot November reevaluating
ChatterBot Yankee reevaluating
ChatterBot Charlie reevaluating
ChatterBot Golf reevaluating
ChatterBot November reevaluating
ChatterBot Yankee reevaluating
ChatterBot Alpha reevaluating
2024-10-14 13:24:40.994728 Whiskey: Romeo, Charlie, November, Yankee, Golf and Oscar, sending you 2
2024-10-14 13:24:40.996244 Foxtrot: Victor we want you to join our group
2024-10-14 13:24:41.002820 Victor: No
ChatterBot Foxtrot reevaluating
ChatterBot November reevaluating
chatterbot Whiskey submitting transactions
chatterbot Oscar submitting transactions
chatterbot Foxtrot submitting transactions
chatterbot Golf submitting transactions
chatterbot Romeo submitting transactions
2024-10-14 13:24:41.039086 Yankee: Victor we want you to join our group
2024-10-14 13:24:41.046046 Victor: Yes
ChatterBot Alpha reevaluating
2024-10-14 13:24:41.073789 Victor: November and Yankee, sending you 1
2024-10-14 13:24:41.074196 Oscar: Victor, sending you 3
2024-10-14 13:24:41.075030 Romeo: Charlie and Whiskey, sending you 2
chatterbot Victor submitting transactions
2024-10-14 13:24:41.112389 Victor: Alpha, sending you 3
2024-10-14 13:24:41.112848 Oscar: November and Alpha, sending you 4
2024-10-14 13:24:41.113660 Romeo: Golf, sending you 3
2024-10-14 13:24:41.166946 Victor: Oscar, sending you 6
2024-10-14 13:24:41.167325 Foxtrot: November, Alpha and Oscar, sending you 1
2024-10-14 13:24:41.167630 Charlie: Romeo and Golf, sending you 2
2024-10-14 13:24:41.168463 Oscar: Yankee, sending you 5
2024-10-14 13:24:41.168739 Yankee: November, sending you 5
2024-10-14 13:24:41.169014 Golf: Romeo and Whiskey, sending you 4
2024-10-14 13:24:41.169728 November: Yankee, sending you 3
2024-10-14 13:24:41.260964 Charlie: November, Yankee, Alpha and Oscar, sending you 1
2024-10-14 13:24:41.263033 Golf: Charlie, sending you 3
2024-10-14 13:24:41.264607 Yankee: Alpha and Oscar, sending you 6
2024-10-14 13:24:41.265993 November: Alpha, sending you 2
2024-10-14 13:24:41.267775 Alpha: Victor, sending you 2
2024-10-14 13:24:41.269109 Charlie: Whiskey, sending you 3
2024-10-14 13:24:41.271583 Golf: Foxtrot, sending you 2
2024-10-14 13:24:41.273104 November: Oscar, sending you 4
2024-10-14 13:24:41.294783 Alpha: November, Yankee and Oscar, sending you 3
chatterbot Foxtrot submitting transactions
chatterbot Golf submitting transactions
chatterbot Alpha submitting transactions
chatterbot November submitting transactions
chatterbot Yankee submitting transactions
chatterbot Charlie submitting transactions
ChatterBot Romeo round 4
ChatterBot Charlie round 4
ChatterBot Foxtrot round 4
ChatterBot Victor round 4
ChatterBot November round 4
ChatterBot Whiskey round 4
2024-10-14 13:24:42.182360 Whiskey: We should add Victor
ChatterBot Charlie reevaluating
ChatterBot Romeo reevaluating
ChatterBot Golf reevaluating
ChatterBot November reevaluating
ChatterBot Alpha reevaluating
2024-10-14 13:24:42.225285 Charlie: Yes
2024-10-14 13:24:42.225528 Romeo: No
2024-10-14 13:24:42.226274 Golf: No
2024-10-14 13:24:42.226458 November: Yes
2024-10-14 13:24:42.226633 Yankee: Yes
2024-10-14 13:24:42.226822 Alpha: Yes
2024-10-14 13:24:42.227008 Oscar: Yes
ChatterBot Romeo reevaluating
ChatterBot Golf reevaluating
ChatterBot November reevaluating
ChatterBot Alpha reevaluating
ChatterBot Charlie reevaluating
ChatterBot Golf reevaluating
ChatterBot November reevaluating
ChatterBot Alpha reevaluating
ChatterBot Charlie reevaluating
ChatterBot Romeo reevaluating
ChatterBot November reevaluating
ChatterBot Alpha reevaluating
ChatterBot Charlie reevaluating
ChatterBot Romeo reevaluating
ChatterBot Golf reevaluating
ChatterBot Alpha reevaluating
ChatterBot Charlie reevaluating
ChatterBot Romeo reevaluating
ChatterBot Golf reevaluating
ChatterBot November reevaluating
ChatterBot Alpha reevaluating
ChatterBot Charlie reevaluating
ChatterBot Romeo reevaluating
ChatterBot Golf reevaluating
ChatterBot November reevaluating
ChatterBot Charlie reevaluating
ChatterBot Romeo reevaluating
ChatterBot Golf reevaluating
ChatterBot November reevaluating
ChatterBot Alpha reevaluating
ChatterBot Yankee round 4
ChatterBot Alpha round 4
ChatterBot Golf round 4
ChatterBot Oscar round 4
2024-10-14 13:24:42.524741 Victor: We should add Foxtrot
ChatterBot Alpha reevaluating
ChatterBot November reevaluating
ChatterBot Yankee reevaluating
ChatterBot Oscar reevaluating
2024-10-14 13:24:42.540388 Alpha: Yes
2024-10-14 13:24:42.540505 November: No
2024-10-14 13:24:42.540594 Yankee: No
2024-10-14 13:24:42.540692 Oscar: No
ChatterBot November reevaluating
ChatterBot Yankee reevaluating
ChatterBot Oscar reevaluating
ChatterBot Alpha reevaluating
ChatterBot Yankee reevaluating
ChatterBot Oscar reevaluating
ChatterBot Victor reevaluating
ChatterBot Alpha reevaluating
ChatterBot November reevaluating
ChatterBot Oscar reevaluating
ChatterBot Victor reevaluating
ChatterBot Alpha reevaluating
ChatterBot November reevaluating
ChatterBot Yankee reevaluating
ChatterBot Victor reevaluating
2024-10-14 13:24:42.606765 Whiskey: Victor we want you to join our group
ChatterBot Victor reevaluating
2024-10-14 13:24:42.610988 Victor: No
ChatterBot Romeo reevaluating
ChatterBot Charlie reevaluating
ChatterBot Golf reevaluating
ChatterBot November reevaluating
ChatterBot Yankee reevaluating
ChatterBot Alpha reevaluating
ChatterBot Oscar reevaluating
2024-10-14 13:24:42.658891 Charlie: Victor we want you to join our group
ChatterBot Victor reevaluating
2024-10-14 13:24:42.663137 Victor: No
2024-10-14 13:24:42.746657 Alpha: Foxtrot we want you to join our group
2024-10-14 13:24:42.753202 Foxtrot: No
ChatterBot Victor reevaluating
2024-10-14 13:24:42.781005 Foxtrot: Charlie and Golf, sending you 1
2024-10-14 13:24:42.830049 Yankee: Victor, sending you 1
2024-10-14 13:24:42.830602 November: Yankee and Oscar, sending you 3
2024-10-14 13:24:42.831558 Whiskey: Romeo and Charlie, sending you 2
2024-10-14 13:24:42.832128 Golf: Romeo and Whiskey, sending you 4
2024-10-14 13:24:42.833164 Romeo: Charlie and Whiskey, sending you 2
2024-10-14 13:24:42.833558 Oscar: Victor and November, sending you 4
2024-10-14 13:24:42.888453 Yankee: November and Alpha, sending you 5
2024-10-14 13:24:42.889045 Whiskey: Victor, November, Yankee, Alpha and Oscar, sending you 1
2024-10-14 13:24:42.890096 November: Alpha, sending you 2
2024-10-14 13:24:42.890516 Oscar: Yankee, sending you 5
2024-10-14 13:24:42.891377 Alpha: Foxtrot, Victor, November and Oscar, sending you 2
2024-10-14 13:24:42.891834 Golf: Charlie, sending you 3
2024-10-14 13:24:42.892340 Romeo: Golf, sending you 3
2024-10-14 13:24:42.893069 Charlie: Romeo, Whiskey and Golf, sending you 2
2024-10-14 13:24:42.893745 Yankee: Oscar, sending you 6
2024-10-14 13:24:42.894562 Whiskey: Golf, sending you 3
2024-10-14 13:24:42.895064 Oscar: Alpha, sending you 3
2024-10-14 13:24:42.895877 Alpha: Yankee, sending you 3
2024-10-14 13:24:42.974899 Golf: Foxtrot, sending you 2
2024-10-14 13:24:42.975680 Victor: November and Yankee, sending you 1
2024-10-14 13:24:42.976830 Charlie: Victor, November, Yankee, Alpha and Oscar, sending you 1
2024-10-14 13:24:43.046553 Victor: Alpha, sending you 3
chatterbot Alpha submitting transactions
2024-10-14 13:24:43.129084 Victor: Oscar, sending you 6
chatterbot Romeo submitting transactions
chatterbot Yankee submitting transactions
chatterbot November submitting transactions
chatterbot Whiskey submitting transactions
chatterbot Charlie submitting transactions
chatterbot Foxtrot submitting transactions
chatterbot Oscar submitting transactions
chatterbot Victor submitting transactions
chatterbot Golf submitting transactions
ChatterBot Romeo round 5
ChatterBot Charlie round 5
ChatterBot Foxtrot round 5
ChatterBot Victor round 5
ChatterBot November round 5
ChatterBot Whiskey round 5
ChatterBot Yankee round 5
2024-10-14 13:24:43.894072 Romeo: We should add Foxtrot
2024-10-14 13:24:43.909071 Charlie: No
2024-10-14 13:24:43.909274 Whiskey: No
2024-10-14 13:24:43.909450 Golf: Yes
ChatterBot Romeo reevaluating
ChatterBot Romeo reevaluating
ChatterBot Romeo reevaluating
ChatterBot Alpha round 5
ChatterBot Golf round 5
ChatterBot Oscar round 5
2024-10-14 13:24:44.033941 Charlie: Romeo, Whiskey and Golf, sending you 2
2024-10-14 13:24:44.034675 Victor: November, sending you 1
2024-10-14 13:24:44.035905 Alpha: We should drop Foxtrot
2024-10-14 13:24:44.054925 November: Yes
2024-10-14 13:24:44.055130 Yankee: Yes
2024-10-14 13:24:44.055287 Oscar: Yes
2024-10-14 13:24:44.055437 Victor: Yes
ChatterBot Alpha reevaluating
ChatterBot Alpha reevaluating
ChatterBot Alpha reevaluating
2024-10-14 13:24:44.118493 Charlie: Victor, November, Yankee, Alpha and Oscar, sending you 1
2024-10-14 13:24:44.119 Victor: Yankee, sending you 2
2024-10-14 13:24:44.121682 Victor: Alpha, sending you 3
2024-10-14 13:24:44.122606 Yankee: November and Alpha, sending you 5
2024-10-14 13:24:44.123124 Romeo: Charlie and Whiskey, sending you 2
2024-10-14 13:24:44.123517 Foxtrot: Charlie and Golf, sending you 1
2024-10-14 13:24:44.123928 Golf: Romeo and Whiskey, sending you 4
2024-10-14 13:24:44.124609 November: Victor, sending you 1
2024-10-14 13:24:44.125136 Whiskey: Romeo and Charlie, sending you 2
2024-10-14 13:24:44.125656 Victor: Oscar, sending you 5
2024-10-14 13:24:44.126152 Romeo: Golf, sending you 3
2024-10-14 13:24:44.126820 Golf: Charlie, sending you 3
2024-10-14 13:24:44.127664 Yankee: Oscar, sending you 7
2024-10-14 13:24:44.128135 November: Yankee and Oscar, sending you 3
2024-10-14 13:24:44.129097 Whiskey: Victor, November, Yankee, Alpha and Oscar, sending you 1
2024-10-14 13:24:44.130662 Golf: Foxtrot, sending you 2
2024-10-14 13:24:44.131671 November: Alpha, sending you 2
2024-10-14 13:24:44.132683 Whiskey: Golf, sending you 3
2024-10-14 13:24:44.135655 Oscar: Victor and November, sending you 4
2024-10-14 13:24:44.138657 Oscar: Yankee, sending you 5
2024-10-14 13:24:44.143889 Oscar: Alpha, sending you 3
chatterbot Whiskey submitting transactions
chatterbot Oscar submitting transactions
chatterbot Golf submitting transactions
chatterbot November submitting transactions
chatterbot Alpha submitting transactions
chatterbot Victor submitting transactions
chatterbot Yankee submitting transactions
chatterbot Charlie submitting transactions
chatterbot Foxtrot submitting transactions
chatterbot Romeo submitting transactions
ChatterBot Romeo round 6
ChatterBot Charlie round 6
ChatterBot Foxtrot round 6
ChatterBot Victor round 6
ChatterBot November round 6
ChatterBot Whiskey round 6
ChatterBot Yankee round 6
ChatterBot Alpha round 6
ChatterBot Golf round 6
ChatterBot Oscar round 6
2024-10-14 13:24:45.335448 Alpha: We should drop Foxtrot
2024-10-14 13:24:45.383471 November: Yes
2024-10-14 13:24:45.384257 Yankee: Yes
2024-10-14 13:24:45.384493 Oscar: Yes
2024-10-14 13:24:45.384708 Victor: Yes
ChatterBot Alpha reevaluating
ChatterBot Alpha reevaluating
ChatterBot Alpha reevaluating
ChatterBot Alpha reevaluating
2024-10-14 13:24:45.474751 Charlie: Romeo, Whiskey and Golf, sending you 2
2024-10-14 13:24:45.475441 Yankee: Victor, sending you 1
2024-10-14 13:24:45.475908 Foxtrot: Charlie and Golf, sending you 1
2024-10-14 13:24:45.476814 Golf: Romeo and Whiskey, sending you 4
2024-10-14 13:24:45.477110 Oscar: Victor and November, sending you 4
2024-10-14 13:24:45.477467 Whiskey: Romeo and Charlie, sending you 2
2024-10-14 13:24:45.478720 Romeo: Charlie and Whiskey, sending you 2
2024-10-14 13:24:45.493659 Charlie: Victor, November, Yankee, Alpha and Oscar, sending you 1
2024-10-14 13:24:45.495233 Golf: Charlie and Foxtrot, sending you 3
2024-10-14 13:24:45.496360 Yankee: November, sending you 5
2024-10-14 13:24:45.496997 Oscar: Yankee, sending you 5
2024-10-14 13:24:45.498169 Romeo: Golf, sending you 3
2024-10-14 13:24:45.498563 Victor: November, sending you 2
2024-10-14 13:24:45.499803 November: Victor, sending you 1
2024-10-14 13:24:45.500456 Whiskey: Victor, November, Yankee, Alpha and Oscar, sending you 1
2024-10-14 13:24:45.502043 Yankee: Alpha, sending you 4
2024-10-14 13:24:45.502704 Oscar: Alpha, sending you 3
2024-10-14 13:24:45.503828 November: Yankee and Oscar, sending you 3
2024-10-14 13:24:45.504441 Victor: Yankee, sending you 1
2024-10-14 13:24:45.505600 Whiskey: Golf, sending you 3
2024-10-14 13:24:45.506728 Alpha: Foxtrot, Victor, November and Oscar, sending you 2
2024-10-14 13:24:45.553471 Yankee: Oscar, sending you 7
2024-10-14 13:24:45.554085 November: Alpha, sending you 2
2024-10-14 13:24:45.555057 Victor: Alpha, sending you 3
2024-10-14 13:24:45.555586 Alpha: Yankee, sending you 3
2024-10-14 13:24:45.581886 Victor: Oscar, sending you 5
chatterbot Yankee submitting transactions
chatterbot Alpha submitting transactions
chatterbot Victor submitting transactions
chatterbot Charlie submitting transactions
chatterbot Whiskey submitting transactions
chatterbot Foxtrot submitting transactions
chatterbot Romeo submitting transactions
chatterbot November submitting transactions
chatterbot Golf submitting transactions
chatterbot Oscar submitting transactions
ChatterBot Romeo round 7
ChatterBot Charlie round 7
ChatterBot Foxtrot round 7
ChatterBot Victor round 7
ChatterBot November round 7
ChatterBot Whiskey round 7
ChatterBot Yankee round 7
ChatterBot Alpha round 7
ChatterBot Golf round 7
ChatterBot Oscar round 7
2024-10-14 13:24:46.280849 Alpha: We should drop Foxtrot
2024-10-14 13:24:46.294347 November: Yes
2024-10-14 13:24:46.294660 Yankee: Yes
2024-10-14 13:24:46.294954 Oscar: Yes
2024-10-14 13:24:46.295250 Victor: Yes
ChatterBot Alpha reevaluating
ChatterBot Alpha reevaluating
ChatterBot Alpha reevaluating
ChatterBot Alpha reevaluating
2024-10-14 13:24:46.346996 Romeo: Charlie and Whiskey, sending you 2
2024-10-14 13:24:46.350708 Romeo: Golf, sending you 3
2024-10-14 13:24:46.351074 Victor: November, sending you 2
2024-10-14 13:24:46.351797 Whiskey: Romeo and Charlie, sending you 2
2024-10-14 13:24:46.353605 November: Victor, sending you 1
2024-10-14 13:24:46.354433 Yankee: Victor, sending you 1
2024-10-14 13:24:46.355937 Foxtrot: Charlie and Golf, sending you 1
2024-10-14 13:24:46.356488 Charlie: Romeo and Whiskey, sending you 2
2024-10-14 13:24:46.357843 Victor: Yankee, sending you 1
2024-10-14 13:24:46.358664 Whiskey: Victor, November, Yankee, Alpha and Oscar, sending you 1
2024-10-14 13:24:46.360139 November: Yankee and Oscar, sending you 3
2024-10-14 13:24:46.360939 Yankee: November, sending you 5
2024-10-14 13:24:46.362670 Charlie: Victor, November, Yankee and Alpha, sending you 1
2024-10-14 13:24:46.364094 Victor: Alpha, sending you 3
2024-10-14 13:24:46.364653 Oscar: Victor and November, sending you 4
2024-10-14 13:24:46.365131 Whiskey: Golf, sending you 3
2024-10-14 13:24:46.365526 November: Alpha, sending you 2
2024-10-14 13:24:46.366780 Golf: Romeo, Charlie and Whiskey, sending you 4
2024-10-14 13:24:46.367291 Charlie: Golf, sending you 3
2024-10-14 13:24:46.368090 Yankee: Alpha, sending you 4
2024-10-14 13:24:46.369618 Victor: Oscar, sending you 5
2024-10-14 13:24:46.370427 Oscar: Yankee, sending you 5
2024-10-14 13:24:46.371573 Golf: Foxtrot, sending you 2
2024-10-14 13:24:46.371941 Yankee: Oscar, sending you 7
2024-10-14 13:24:46.375734 Oscar: Alpha, sending you 3
2024-10-14 13:24:46.380056 Alpha: Victor, sending you 2
2024-10-14 13:24:46.384679 Alpha: November, Yankee and Oscar, sending you 3
chatterbot Whiskey submitting transactions
chatterbot Golf submitting transactions
chatterbot Oscar submitting transactions
chatterbot Yankee submitting transactions
chatterbot Romeo submitting transactions
chatterbot Charlie submitting transactions
chatterbot November submitting transactions
chatterbot Victor submitting transactions
chatterbot Foxtrot submitting transactions
chatterbot Alpha submitting transactions
ChatterBot Romeo round 8
ChatterBot Charlie round 8
ChatterBot Foxtrot round 8
ChatterBot Victor round 8
ChatterBot November round 8
ChatterBot Whiskey round 8
ChatterBot Yankee round 8
2024-10-14 13:24:47.496209 Romeo: We should add Foxtrot
ChatterBot Charlie reevaluating
2024-10-14 13:24:47.508095 Charlie: Yes
2024-10-14 13:24:47.508251 Whiskey: No
2024-10-14 13:24:47.508366 Golf: Yes
ChatterBot Whiskey reevaluating
ChatterBot Charlie reevaluating
ChatterBot Charlie reevaluating
ChatterBot Whiskey reevaluating
ChatterBot Alpha round 8
ChatterBot Golf round 8
ChatterBot Oscar round 8
2024-10-14 13:24:47.572118 Romeo: Foxtrot we want you to join our group
2024-10-14 13:24:47.577032 Foxtrot: Yes
ChatterBot Charlie reevaluating
ChatterBot Whiskey reevaluating
2024-10-14 13:24:47.681928 Yankee: Victor, sending you 1
2024-10-14 13:24:47.695767 Yankee: November, sending you 5
2024-10-14 13:24:47.698140 Whiskey: Romeo, Charlie, Foxtrot and Golf, sending you 3
2024-10-14 13:24:47.699685 November: Victor, sending you 1
2024-10-14 13:24:47.701537 Victor: November, sending you 2
2024-10-14 13:24:47.703375 Golf: Romeo, Charlie and Whiskey, sending you 4
2024-10-14 13:24:47.705279 Foxtrot: Charlie and Golf, sending you 1
2024-10-14 13:24:47.706816 Charlie: Romeo, Whiskey and Golf, sending you 3
2024-10-14 13:24:47.708572 Romeo: Charlie and Whiskey, sending you 2
2024-10-14 13:24:47.710072 Yankee: Alpha, sending you 4
2024-10-14 13:24:47.712207 November: Yankee and Oscar, sending you 3
2024-10-14 13:24:47.713897 Victor: Yankee, sending you 1
2024-10-14 13:24:47.715754 Golf: Foxtrot, sending you 3
2024-10-14 13:24:47.717425 Charlie: Foxtrot, sending you 2
2024-10-14 13:24:47.718310 Romeo: Golf, sending you 3
2024-10-14 13:24:47.719500 Alpha: Victor, sending you 2
2024-10-14 13:24:47.720642 Oscar: Victor and November, sending you 4
2024-10-14 13:24:47.722134 Yankee: Oscar, sending you 7
2024-10-14 13:24:47.723398 November: Alpha, sending you 2
2024-10-14 13:24:47.724045 Victor: Alpha, sending you 3
2024-10-14 13:24:47.725091 Alpha: November, Yankee and Oscar, sending you 3
2024-10-14 13:24:47.725691 Oscar: Yankee, sending you 5
2024-10-14 13:24:47.728215 Victor: Oscar, sending you 5
2024-10-14 13:24:47.729716 Oscar: Alpha, sending you 3
chatterbot Romeo submitting transactions
chatterbot Whiskey submitting transactions
chatterbot Charlie submitting transactions
chatterbot Golf submitting transactions
chatterbot Foxtrot submitting transactions
chatterbot Yankee submitting transactions
chatterbot November submitting transactions
chatterbot Oscar submitting transactions
chatterbot Victor submitting transactions
chatterbot Alpha submitting transactions
ChatterBot Romeo round 9
ChatterBot Charlie round 9
ChatterBot Foxtrot round 9
ChatterBot Victor round 9
ChatterBot November round 9
ChatterBot Whiskey round 9
ChatterBot Yankee round 9
ChatterBot Alpha round 9
ChatterBot Golf round 9
ChatterBot Oscar round 9
2024-10-14 13:24:48.936985 Alpha: Victor, sending you 2
2024-10-14 13:24:48.939389 Victor: November, sending you 2
2024-10-14 13:24:48.940172 Foxtrot: Charlie, Whiskey and Golf, sending you 1
2024-10-14 13:24:48.941408 Charlie: Romeo, Whiskey and Golf, sending you 3
2024-10-14 13:24:48.941970 November: Victor, sending you 1
2024-10-14 13:24:48.943314 Whiskey: Romeo, Charlie, Foxtrot and Golf, sending you 3
2024-10-14 13:24:48.944064 Romeo: Charlie and Whiskey, sending you 2
2024-10-14 13:24:48.944973 Yankee: Victor, sending you 1
2024-10-14 13:24:48.946511 Victor: Yankee, sending you 1
2024-10-14 13:24:48.947264 Alpha: November, Yankee and Oscar, sending you 3
2024-10-14 13:24:48.948501 Charlie: Foxtrot, sending you 2
2024-10-14 13:24:48.949077 November: Yankee and Oscar, sending you 3
2024-10-14 13:24:48.950673 Romeo: Golf, sending you 3
2024-10-14 13:24:48.951680 Yankee: November, sending you 5
2024-10-14 13:24:48.952676 Victor: Alpha, sending you 3
2024-10-14 13:24:48.954146 November: Alpha, sending you 2
2024-10-14 13:24:48.967283 Golf: Romeo, sending you 5
2024-10-14 13:24:48.968327 Yankee: Alpha, sending you 4
2024-10-14 13:24:48.969860 Oscar: Victor and November, sending you 4
2024-10-14 13:24:48.970759 Victor: Oscar, sending you 5
2024-10-14 13:24:48.972247 Golf: Charlie and Whiskey, sending you 4
2024-10-14 13:24:48.973909 Yankee: Oscar, sending you 7
2024-10-14 13:24:48.979226 Oscar: Yankee, sending you 5
2024-10-14 13:24:48.980987 Golf: Foxtrot, sending you 3
2024-10-14 13:24:48.983733 Oscar: Alpha, sending you 3
chatterbot Whiskey submitting transactions
chatterbot Oscar submitting transactions
chatterbot November submitting transactions
chatterbot Alpha submitting transactions
chatterbot Victor submitting transactions
chatterbot Yankee submitting transactions
chatterbot Foxtrot submitting transactions
chatterbot Romeo submitting transactions
chatterbot Charlie submitting transactions
chatterbot Golf submitting transactions
ChatterBot Romeo round 10
ChatterBot Charlie round 10
ChatterBot Foxtrot round 10
ChatterBot Victor round 10
ChatterBot November round 10
ChatterBot Whiskey round 10
ChatterBot Yankee round 10
ChatterBot Alpha round 10
ChatterBot Golf round 10
ChatterBot Oscar round 10
2024-10-14 13:24:50.180499 Charlie: We should add Yankee
ChatterBot Foxtrot reevaluating
ChatterBot Whiskey reevaluating
ChatterBot Golf reevaluating
2024-10-14 13:24:50.197894 Foxtrot: No
2024-10-14 13:24:50.198076 Whiskey: Yes
2024-10-14 13:24:50.198653 Romeo: No
2024-10-14 13:24:50.198830 Golf: No
ChatterBot Charlie reevaluating
ChatterBot Whiskey reevaluating
ChatterBot Golf reevaluating
ChatterBot Foxtrot reevaluating
ChatterBot Charlie reevaluating
ChatterBot Golf reevaluating
ChatterBot Foxtrot reevaluating
ChatterBot Charlie reevaluating
ChatterBot Whiskey reevaluating
ChatterBot Golf reevaluating
ChatterBot Foxtrot reevaluating
ChatterBot Charlie reevaluating
ChatterBot Whiskey reevaluating
2024-10-14 13:24:50.337245 Whiskey: We should add Alpha
2024-10-14 13:24:50.337747 Golf: We should add Victor
ChatterBot Foxtrot reevaluating
ChatterBot Charlie reevaluating
ChatterBot Golf reevaluating
2024-10-14 13:24:50.360455 Foxtrot: No
ChatterBot Foxtrot reevaluating
2024-10-14 13:24:50.366440 Charlie: Yes
ChatterBot Charlie reevaluating
ChatterBot Whiskey reevaluating
2024-10-14 13:24:50.377639 Romeo: No
2024-10-14 13:24:50.381841 Golf: No
2024-10-14 13:24:50.382703 Foxtrot: No
2024-10-14 13:24:50.382878 Charlie: Yes
2024-10-14 13:24:50.383011 Whiskey: Yes
2024-10-14 13:24:50.383161 Romeo: No
ChatterBot Charlie reevaluating
ChatterBot Whiskey reevaluating
ChatterBot Golf reevaluating
ChatterBot Foxtrot reevaluating
ChatterBot Whiskey reevaluating
ChatterBot Golf reevaluating
ChatterBot Foxtrot reevaluating
ChatterBot Charlie reevaluating
ChatterBot Whiskey reevaluating
ChatterBot Golf reevaluating
ChatterBot Foxtrot reevaluating
ChatterBot Charlie reevaluating
ChatterBot Whiskey reevaluating
ChatterBot Charlie reevaluating
ChatterBot Whiskey reevaluating
ChatterBot Golf reevaluating
ChatterBot Foxtrot reevaluating
ChatterBot Whiskey reevaluating
ChatterBot Golf reevaluating
ChatterBot Foxtrot reevaluating
ChatterBot Charlie reevaluating
ChatterBot Golf reevaluating
ChatterBot Foxtrot reevaluating
ChatterBot Charlie reevaluating
ChatterBot Whiskey reevaluating
ChatterBot Golf reevaluating
2024-10-14 13:24:50.508290 Whiskey: We should add Oscar
ChatterBot Foxtrot reevaluating
ChatterBot Charlie reevaluating
ChatterBot Golf reevaluating
2024-10-14 13:24:50.523855 Foxtrot: No
2024-10-14 13:24:50.524043 Charlie: No
2024-10-14 13:24:50.524183 Romeo: No
2024-10-14 13:24:50.524601 Golf: No
ChatterBot Charlie reevaluating
ChatterBot Whiskey reevaluating
ChatterBot Golf reevaluating
ChatterBot Foxtrot reevaluating
ChatterBot Whiskey reevaluating
ChatterBot Golf reevaluating
ChatterBot Foxtrot reevaluating
ChatterBot Charlie reevaluating
ChatterBot Whiskey reevaluating
ChatterBot Golf reevaluating
ChatterBot Foxtrot reevaluating
ChatterBot Charlie reevaluating
ChatterBot Whiskey reevaluating
2024-10-14 13:24:50.608455 Alpha: We should add Foxtrot
2024-10-14 13:24:50.622684 November: No
2024-10-14 13:24:50.622933 Yankee: No
2024-10-14 13:24:50.623093 Oscar: No
2024-10-14 13:24:50.623228 Victor: No
ChatterBot Alpha reevaluating
ChatterBot Alpha reevaluating
ChatterBot Alpha reevaluating
ChatterBot Alpha reevaluating
2024-10-14 13:24:50.692546 Charlie: We should add November
ChatterBot Foxtrot reevaluating
ChatterBot Whiskey reevaluating
ChatterBot Golf reevaluating
2024-10-14 13:24:50.706186 Foxtrot: No
2024-10-14 13:24:50.706367 Whiskey: Yes
2024-10-14 13:24:50.706932 Romeo: No
2024-10-14 13:24:50.707078 Golf: No
ChatterBot Charlie reevaluating
ChatterBot Whiskey reevaluating
ChatterBot Golf reevaluating
ChatterBot Foxtrot reevaluating
ChatterBot Charlie reevaluating
ChatterBot Golf reevaluating
ChatterBot Foxtrot reevaluating
ChatterBot Charlie reevaluating
ChatterBot Whiskey reevaluating
ChatterBot Golf reevaluating
ChatterBot Foxtrot reevaluating
ChatterBot Charlie reevaluating
ChatterBot Whiskey reevaluating
2024-10-14 13:24:50.769685 Victor: November, sending you 2
2024-10-14 13:24:50.770504 Romeo: Charlie and Whiskey, sending you 2
