ChatterBot Golf round 1
ChatterBot Delta round 1
ChatterBot India round 1
randomSelections Delta: {Delta, Tango, Whiskey, Bravo} 
2024-10-14 13:24:35.481886 Delta: Friends?
ChatterBot Lima round 1
randomSelections Golf: {Golf, Echo, Lima, Delta, Bravo, India} 
2024-10-14 13:24:35.490598 Golf: We should group up
ChatterBot Lima reevaluating
ChatterBot India reevaluating
2024-10-14 13:24:35.508825 Lima: Yes
2024-10-14 13:24:35.509036 Delta: No
2024-10-14 13:24:35.509349 India: Yes
ChatterBot India reevaluating
ChatterBot Lima reevaluating
ChatterBot India reevaluating
ChatterBot Lima reevaluating
ChatterBot Bravo round 1
ChatterBot Bravo reevaluating
ChatterBot Bravo reevaluating
ChatterBot Bravo reevaluating
ChatterBot Bravo reevaluating
ChatterBot Bravo reevaluating
2024-10-14 13:24:35.583359 Bravo: Yes
2024-10-14 13:24:35.583661 Bravo: No
ChatterBot Lima reevaluating
ChatterBot India reevaluating
ChatterBot Whiskey round 1
ChatterBot Whiskey reevaluating
ChatterBot Whiskey reevaluating
2024-10-14 13:24:35.610628 Whiskey: Yes
ChatterBot Bravo reevaluating
ChatterBot Echo round 1
ChatterBot Echo reevaluating
ChatterBot Echo reevaluating
ChatterBot Echo reevaluating
ChatterBot Echo reevaluating
ChatterBot Echo reevaluating
2024-10-14 13:24:35.628763 Echo: Yes
ChatterBot Lima reevaluating
ChatterBot Bravo reevaluating
ChatterBot India reevaluating
ChatterBot Tango round 1
ChatterBot Tango reevaluating
ChatterBot Tango reevaluating
ChatterBot Tango reevaluating
2024-10-14 13:24:35.647813 Tango: Yes
ChatterBot Whiskey reevaluating
ChatterBot Bravo reevaluating
ChatterBot X-ray round 1
ChatterBot Yankee round 1
randomSelections Yankee: {Yankee, X-ray, Delta, Lima, Bravo, Echo} 
2024-10-14 13:24:35.669031 Yankee: Group up?
ChatterBot X-ray reevaluating
2024-10-14 13:24:35.679111 X-ray: Yes
2024-10-14 13:24:35.679737 Delta: No
2024-10-14 13:24:35.679889 Lima: No
2024-10-14 13:24:35.680024 Bravo: No
2024-10-14 13:24:35.680155 Echo: No
ChatterBot X-ray reevaluating
ChatterBot X-ray reevaluating
ChatterBot X-ray reevaluating
ChatterBot X-ray reevaluating
2024-10-14 13:24:35.737246 Golf: Delta and Echo, sending you 1
2024-10-14 13:24:35.737721 Delta: Bravo, Whiskey and Tango, sending you 1
2024-10-14 13:24:35.738012 India: Golf, sending you 4
2024-10-14 13:24:35.741743 Bravo: Delta and Whiskey, sending you 1
2024-10-14 13:24:35.743593 Golf: India, Lima and Bravo, sending you 4
2024-10-14 13:24:35.744083 India: Delta and Lima, sending you 2
2024-10-14 13:24:35.746677 Bravo: Tango, sending you 3
2024-10-14 13:24:35.748678 India: Bravo, sending you 5
2024-10-14 13:24:35.751056 Lima: Golf and India, sending you 3
2024-10-14 13:24:35.751328 Echo: Golf and Bravo, sending you 3
2024-10-14 13:24:35.754357 India: Echo, sending you 3
2024-10-14 13:24:35.755752 Tango: Delta, Bravo and Whiskey, sending you 1
2024-10-14 13:24:35.756152 Echo: Delta, sending you 2
2024-10-14 13:24:35.756516 Lima: Delta and Echo, sending you 5
2024-10-14 13:24:35.757729 Yankee: Delta and Echo, sending you 2
2024-10-14 13:24:35.758658 Whiskey: Delta, sending you 5
2024-10-14 13:24:35.759838 X-ray: Delta, sending you 3
2024-10-14 13:24:35.760755 Echo: India, sending you 1
2024-10-14 13:24:35.761756 Lima: Bravo, sending you 1
2024-10-14 13:24:35.762055 Yankee: Lima and X-ray, sending you 3
2024-10-14 13:24:35.762291 Whiskey: Bravo, sending you 4
2024-10-14 13:24:35.765313 X-ray: Lima, sending you 1
2024-10-14 13:24:35.767338 Echo: Lima, sending you 5
2024-10-14 13:24:35.767879 Yankee: Bravo, sending you 1
2024-10-14 13:24:35.768155 Whiskey: Tango, sending you 2
2024-10-14 13:24:35.769348 X-ray: Bravo and Echo, sending you 2
2024-10-14 13:24:35.773656 X-ray: Yankee, sending you 4
chatterbot Whiskey submitting transactions
chatterbot Tango submitting transactions
chatterbot Golf submitting transactions
chatterbot Echo submitting transactions
chatterbot Delta submitting transactions
chatterbot X-ray submitting transactions
chatterbot Bravo submitting transactions
chatterbot India submitting transactions
chatterbot Yankee submitting transactions
chatterbot Lima submitting transactions
ChatterBot Golf round 2
ChatterBot Delta round 2
ChatterBot India round 2
ChatterBot Lima round 2
ChatterBot Bravo round 2
ChatterBot Whiskey round 2
ChatterBot Echo round 2
2024-10-14 13:24:36.831415 Echo: Friends?
ChatterBot Golf reevaluating
ChatterBot India reevaluating
ChatterBot Lima reevaluating
ChatterBot X-ray reevaluating
ChatterBot Yankee reevaluating
2024-10-14 13:24:36.862989 Golf: Yes
2024-10-14 13:24:36.863146 India: Yes
2024-10-14 13:24:36.863255 Lima: Yes
2024-10-14 13:24:36.863361 X-ray: No
2024-10-14 13:24:36.863460 Yankee: No
ChatterBot India reevaluating
ChatterBot Lima reevaluating
ChatterBot X-ray reevaluating
ChatterBot Yankee reevaluating
ChatterBot Golf reevaluating
ChatterBot Lima reevaluating
ChatterBot X-ray reevaluating
ChatterBot Yankee reevaluating
ChatterBot Golf reevaluating
ChatterBot India reevaluating
ChatterBot X-ray reevaluating
ChatterBot Yankee reevaluating
ChatterBot Golf reevaluating
ChatterBot India reevaluating
ChatterBot Lima reevaluating
ChatterBot Yankee reevaluating
ChatterBot Golf reevaluating
2024-10-14 13:24:37.098824 India: Let's form a team
ChatterBot India reevaluating
ChatterBot Lima reevaluating
ChatterBot X-ray reevaluating
ChatterBot Golf reevaluating
ChatterBot Lima reevaluating
ChatterBot X-ray reevaluating
2024-10-14 13:24:37.175472 Echo: Yes
2024-10-14 13:24:37.175643 Golf: Yes
2024-10-14 13:24:37.175798 Lima: Yes
2024-10-14 13:24:37.176078 X-ray: No
ChatterBot Yankee reevaluating
2024-10-14 13:24:37.194019 Yankee: No
ChatterBot Golf reevaluating
ChatterBot India reevaluating
ChatterBot Lima reevaluating
ChatterBot X-ray reevaluating
ChatterBot Yankee reevaluating
ChatterBot India reevaluating
ChatterBot Lima reevaluating
ChatterBot X-ray reevaluating
ChatterBot Yankee reevaluating
ChatterBot Golf reevaluating
ChatterBot India reevaluating
ChatterBot X-ray reevaluating
ChatterBot Yankee reevaluating
ChatterBot Golf reevaluating
ChatterBot India reevaluating
ChatterBot Lima reevaluating
ChatterBot Yankee reevaluating
ChatterBot Golf reevaluating
ChatterBot India reevaluating
ChatterBot Lima reevaluating
ChatterBot X-ray reevaluating
ChatterBot Tango round 2
ChatterBot X-ray round 2
2024-10-14 13:24:37.427070 Delta: We should group up
ChatterBot Lima reevaluating
2024-10-14 13:24:37.436610 Lima: No
2024-10-14 13:24:37.436775 Echo: No
ChatterBot Delta reevaluating
ChatterBot Delta reevaluating
ChatterBot Lima reevaluating
ChatterBot Yankee round 2
2024-10-14 13:24:37.470528 Bravo: Group up?
ChatterBot Golf reevaluating
ChatterBot India reevaluating
ChatterBot Lima reevaluating
2024-10-14 13:24:37.488840 Golf: No
2024-10-14 13:24:37.488977 India: No
2024-10-14 13:24:37.489076 Lima: No
2024-10-14 13:24:37.489164 Echo: No
ChatterBot India reevaluating
ChatterBot Lima reevaluating
ChatterBot Golf reevaluating
ChatterBot Lima reevaluating
ChatterBot Golf reevaluating
ChatterBot India reevaluating
ChatterBot Golf reevaluating
ChatterBot India reevaluating
ChatterBot Lima reevaluating
2024-10-14 13:24:37.601713 Whiskey: We should add X-ray
ChatterBot Delta reevaluating
ChatterBot Tango reevaluating
2024-10-14 13:24:37.623344 Delta: Yes
2024-10-14 13:24:37.624195 Tango: Yes
2024-10-14 13:24:37.624556 Bravo: Yes
ChatterBot Tango reevaluating
ChatterBot Whiskey reevaluating
ChatterBot Delta reevaluating
ChatterBot Whiskey reevaluating
ChatterBot Delta reevaluating
ChatterBot Tango reevaluating
ChatterBot Whiskey reevaluating
2024-10-14 13:24:37.679544 X-ray: We should group up
ChatterBot Golf reevaluating
ChatterBot Yankee reevaluating
2024-10-14 13:24:37.700677 Echo: Yes
2024-10-14 13:24:37.700838 Golf: Yes
2024-10-14 13:24:37.700946 India: Yes
2024-10-14 13:24:37.701045 Lima: Yes
2024-10-14 13:24:37.701487 Yankee: Yes
ChatterBot Golf reevaluating
ChatterBot Yankee reevaluating
ChatterBot Yankee reevaluating
ChatterBot Golf reevaluating
ChatterBot Yankee reevaluating
ChatterBot Golf reevaluating
ChatterBot Yankee reevaluating
ChatterBot Golf reevaluating
2024-10-14 13:24:37.931389 Echo: Golf, sending you 1
2024-10-14 13:24:37.931958 Whiskey: X-ray we want you to join our group
2024-10-14 13:24:37.960400 X-ray: No
ChatterBot Whiskey reevaluating
ChatterBot Delta reevaluating
2024-10-14 13:24:37.990607 Echo: India, sending you 4
2024-10-14 13:24:38.701336 Bravo: Golf, India and Echo, sending you 2
2024-10-14 13:24:38.701723 Tango: Delta and Bravo, sending you 2
2024-10-14 13:24:38.702260 India: Golf, sending you 5
2024-10-14 13:24:38.702495 X-ray: Yankee, sending you 10
2024-10-14 13:24:38.702734 Lima: Golf, sending you 5
2024-10-14 13:24:38.702980 Echo: Lima, sending you 6
2024-10-14 13:24:38.703234 Yankee: Golf, India, Lima and Echo, sending you 2
2024-10-14 13:24:38.703783 Golf: India, sending you 3
chatterbot Echo submitting transactions
chatterbot Bravo submitting transactions
chatterbot X-ray submitting transactions
2024-10-14 13:24:39.084076 India: Lima, sending you 4
2024-10-14 13:24:39.084383 Bravo: Lima, sending you 1
2024-10-14 13:24:39.084906 Tango: Whiskey, sending you 1
2024-10-14 13:24:39.085139 Golf: Lima and Echo, sending you 4
2024-10-14 13:24:39.085394 Lima: India, sending you 2
2024-10-14 13:24:39.085655 Echo: X-ray and Yankee, sending you 3
2024-10-14 13:24:39.086269 Yankee: X-ray, sending you 3
chatterbot Tango submitting transactions
chatterbot Lima submitting transactions
chatterbot India submitting transactions
chatterbot Golf submitting transactions
chatterbot Delta submitting transactions
chatterbot Whiskey submitting transactions
2024-10-14 13:24:39.087337 India: Echo, sending you 3
2024-10-14 13:24:39.250527 Lima: Echo, sending you 6
2024-10-14 13:24:39.250956 Golf: X-ray and Yankee, sending you 2
2024-10-14 13:24:39.251789 Delta: Sending you each 1
2024-10-14 13:24:39.252091 India: X-ray and Yankee, sending you 2
2024-10-14 13:24:39.286475 Lima: X-ray, sending you 1
2024-10-14 13:24:39.287548 Whiskey: Delta, Bravo and Tango, sending you 3
2024-10-14 13:24:39.321717 Lima: Yankee, sending you 3
2024-10-14 13:24:39.322110 Whiskey: X-ray, sending you 2
chatterbot Yankee submitting transactions
ChatterBot Golf round 3
ChatterBot Delta round 3
ChatterBot India round 3
ChatterBot Lima round 3
ChatterBot Bravo round 3
ChatterBot Whiskey round 3
2024-10-14 13:24:39.548045 Golf: We should add Bravo
ChatterBot India reevaluating
ChatterBot Lima reevaluating
2024-10-14 13:24:39.583997 Echo: No
2024-10-14 13:24:39.584596 India: No
2024-10-14 13:24:39.584769 Lima: Yes
2024-10-14 13:24:39.584919 X-ray: No
2024-10-14 13:24:39.585074 Yankee: No
ChatterBot Golf reevaluating
ChatterBot India reevaluating
ChatterBot Lima reevaluating
ChatterBot Golf reevaluating
ChatterBot Lima reevaluating
ChatterBot Golf reevaluating
ChatterBot India reevaluating
ChatterBot Golf reevaluating
ChatterBot India reevaluating
ChatterBot Lima reevaluating
ChatterBot Golf reevaluating
ChatterBot India reevaluating
ChatterBot Lima reevaluating
ChatterBot Echo round 3
ChatterBot Tango round 3
ChatterBot X-ray round 3
ChatterBot Yankee round 3
2024-10-14 13:24:39.887411 Whiskey: We should drop X-ray
2024-10-14 13:24:39.909028 Delta: Yes
2024-10-14 13:24:39.909272 Tango: Yes
2024-10-14 13:24:39.909575 Bravo: Yes
ChatterBot Bravo reevaluating
ChatterBot Bravo reevaluating
2024-10-14 13:24:39.966870 Delta: Sending you each 1
2024-10-14 13:24:40.123231 Golf: India, Echo and Yankee, sending you 3
2024-10-14 13:24:40.123664 Lima: Golf, sending you 4
2024-10-14 13:24:40.123983 India: Golf, Lima and Echo, sending you 4
2024-10-14 13:24:40.247082 Golf: Lima, sending you 4
2024-10-14 13:24:40.248860 Tango: Delta and Whiskey, sending you 1
2024-10-14 13:24:40.249806 Lima: India and Yankee, sending you 3
2024-10-14 13:24:40.251236 Echo: Golf and India, sending you 3
2024-10-14 13:24:40.252778 X-ray: Golf and India, sending you 2
2024-10-14 13:24:40.253729 India: X-ray, sending you 1
2024-10-14 13:24:40.254810 Yankee: Golf, India and Lima, sending you 2
2024-10-14 13:24:40.255673 Whiskey: Delta and Bravo, sending you 3
chatterbot Tango submitting transactions
chatterbot Whiskey submitting transactions
chatterbot Golf submitting transactions
2024-10-14 13:24:40.257313 Golf: X-ray, sending you 2
chatterbot Echo submitting transactions
2024-10-14 13:24:40.259507 Tango: Bravo, sending you 2
2024-10-14 13:24:40.260024 Lima: Echo, sending you 6
2024-10-14 13:24:40.261222 Echo: Lima, sending you 7
2024-10-14 13:24:40.262583 X-ray: Lima, sending you 1
2024-10-14 13:24:40.263947 India: Yankee, sending you 3
2024-10-14 13:24:40.264559 Whiskey: Tango, sending you 5
2024-10-14 13:24:40.264979 Yankee: Echo and X-ray, sending you 3
2024-10-14 13:24:40.266063 Bravo: Golf, India and Echo, sending you 2
2024-10-14 13:24:40.266628 Echo: X-ray, sending you 1
2024-10-14 13:24:40.267735 X-ray: Echo, sending you 3
2024-10-14 13:24:40.311224 Bravo: Lima, sending you 1
2024-10-14 13:24:40.311644 Echo: Yankee, sending you 2
2024-10-14 13:24:40.312476 X-ray: Yankee, sending you 4
chatterbot India submitting transactions
chatterbot X-ray submitting transactions
chatterbot Bravo submitting transactions
chatterbot Delta submitting transactions
chatterbot Lima submitting transactions
chatterbot Yankee submitting transactions
ChatterBot Golf round 4
ChatterBot Delta round 4
ChatterBot India round 4
ChatterBot Lima round 4
ChatterBot Bravo round 4
ChatterBot Whiskey round 4
ChatterBot Echo round 4
ChatterBot Tango round 4
ChatterBot X-ray round 4
ChatterBot Yankee round 4
2024-10-14 13:24:41.132557 India: We should add Bravo
ChatterBot Golf reevaluating
2024-10-14 13:24:41.146276 Echo: No
2024-10-14 13:24:41.146812 Golf: Yes
2024-10-14 13:24:41.146927 Lima: No
2024-10-14 13:24:41.147032 X-ray: No
2024-10-14 13:24:41.147133 Yankee: No
ChatterBot Golf reevaluating
ChatterBot India reevaluating
ChatterBot Echo reevaluating
ChatterBot India reevaluating
ChatterBot Echo reevaluating
ChatterBot Golf reevaluating
ChatterBot India reevaluating
ChatterBot Echo reevaluating
ChatterBot Golf reevaluating
ChatterBot India reevaluating
ChatterBot Echo reevaluating
ChatterBot Golf reevaluating
ChatterBot India reevaluating
2024-10-14 13:24:41.300780 Whiskey: We should add Echo
ChatterBot Tango reevaluating
ChatterBot Bravo reevaluating
2024-10-14 13:24:41.311676 Delta: No
2024-10-14 13:24:41.311817 Tango: No
2024-10-14 13:24:41.311923 Bravo: Yes
ChatterBot Tango reevaluating
ChatterBot Whiskey reevaluating
ChatterBot Bravo reevaluating
ChatterBot Whiskey reevaluating
ChatterBot Bravo reevaluating
ChatterBot Tango reevaluating
ChatterBot Whiskey reevaluating
2024-10-14 13:24:41.359990 Bravo: We should add X-ray and Yankee
ChatterBot Golf reevaluating
ChatterBot India reevaluating
ChatterBot Echo reevaluating
2024-10-14 13:24:41.383184 Golf: Yes
2024-10-14 13:24:41.383933 India: Yes
2024-10-14 13:24:41.384091 Lima: Yes
2024-10-14 13:24:41.384231 Echo: Yes
ChatterBot Bravo reevaluating
ChatterBot India reevaluating
ChatterBot Echo reevaluating
ChatterBot Bravo reevaluating
ChatterBot Golf reevaluating
ChatterBot Echo reevaluating
ChatterBot Bravo reevaluating
ChatterBot Golf reevaluating
ChatterBot India reevaluating
ChatterBot Echo reevaluating
ChatterBot Bravo reevaluating
ChatterBot Golf reevaluating
ChatterBot India reevaluating
2024-10-14 13:24:41.487422 Whiskey: We should add Golf
ChatterBot Tango reevaluating
ChatterBot Bravo reevaluating
2024-10-14 13:24:41.502996 Delta: No
2024-10-14 13:24:41.503661 Tango: No
2024-10-14 13:24:41.503819 Bravo: Yes
ChatterBot Tango reevaluating
ChatterBot Whiskey reevaluating
ChatterBot Bravo reevaluating
ChatterBot Whiskey reevaluating
ChatterBot Bravo reevaluating
ChatterBot Tango reevaluating
ChatterBot Whiskey reevaluating
2024-10-14 13:24:41.601374 Golf: Bravo we want you to join our group
2024-10-14 13:24:41.608312 Bravo: Yes
ChatterBot India reevaluating
ChatterBot Echo reevaluating
2024-10-14 13:24:41.641497 Bravo: X-ray and Yankee we want you to join our group
2024-10-14 13:24:41.650657 X-ray: No
2024-10-14 13:24:41.651179 Yankee: No
ChatterBot Lima reevaluating
ChatterBot Lima reevaluating
2024-10-14 13:24:41.705374 Yankee: Golf, India, Echo and X-ray, sending you 2
2024-10-14 13:24:41.705858 X-ray: Golf, India and Echo, sending you 2
2024-10-14 13:24:41.706548 Echo: Bravo we want you to join our group
2024-10-14 13:24:41.709332 Bravo: Yes
ChatterBot Lima reevaluating
2024-10-14 13:24:41.726902 India: Bravo we want you to join our group
2024-10-14 13:24:41.730290 Bravo: Yes
ChatterBot Lima reevaluating
2024-10-14 13:24:41.747961 Delta: Same as last round
2024-10-14 13:24:41.748590 X-ray: Lima, sending you 1
2024-10-14 13:24:41.749035 Yankee: Lima, sending you 3
2024-10-14 13:24:41.752662 Tango: Delta and Bravo, sending you 2
2024-10-14 13:24:41.753697 X-ray: Yankee, sending you 5
2024-10-14 13:24:41.755056 Golf: India, Bravo and Echo, sending you 3
2024-10-14 13:24:41.756663 Tango: Whiskey, sending you 1
2024-10-14 13:24:41.758691 Golf: Lima, sending you 4
2024-10-14 13:24:41.759678 Bravo: Golf, Lima, Echo, X-ray and Yankee, sending you 1
2024-10-14 13:24:41.760658 India: Golf, sending you 4
2024-10-14 13:24:41.762 Golf: X-ray, sending you 1
2024-10-14 13:24:41.763665 Lima: Golf, sending you 4
2024-10-14 13:24:41.764152 India: Lima and Echo, sending you 3
2024-10-14 13:24:41.764851 Bravo: India, sending you 2
2024-10-14 13:24:41.765134 Echo: Golf and India, sending you 3
2024-10-14 13:24:41.765417 Golf: Yankee, sending you 2
2024-10-14 13:24:41.769095 Lima: India, sending you 3
2024-10-14 13:24:41.769510 India: Bravo, X-ray and Yankee, sending you 2
2024-10-14 13:24:41.769908 Echo: Lima, sending you 6
2024-10-14 13:24:41.772704 Lima: Echo, sending you 6
2024-10-14 13:24:41.775007 Echo: Bravo and Yankee, sending you 2
2024-10-14 13:24:41.778054 Echo: X-ray, sending you 1
2024-10-14 13:24:41.778783 Lima: X-ray, sending you 1
2024-10-14 13:24:41.782679 Lima: Yankee, sending you 2
chatterbot X-ray submitting transactions
chatterbot India submitting transactions
chatterbot Bravo submitting transactions
chatterbot Yankee submitting transactions
chatterbot Golf submitting transactions
chatterbot Delta submitting transactions
chatterbot Whiskey submitting transactions
chatterbot Lima submitting transactions
chatterbot Tango submitting transactions
chatterbot Echo submitting transactions
ChatterBot Golf round 5
ChatterBot Delta round 5
ChatterBot India round 5
ChatterBot Lima round 5
ChatterBot Bravo round 5
ChatterBot Whiskey round 5
ChatterBot Echo round 5
ChatterBot Tango round 5
ChatterBot X-ray round 5
ChatterBot Yankee round 5
2024-10-14 13:24:42.845406 Whiskey: We should add India
2024-10-14 13:24:42.856221 Delta: No
2024-10-14 13:24:42.856405 Tango: No
2024-10-14 13:24:42.856524 Bravo: Yes
ChatterBot Whiskey reevaluating
ChatterBot Whiskey reevaluating
ChatterBot Whiskey reevaluating
2024-10-14 13:24:42.891861 Lima: We should add Bravo
ChatterBot X-ray reevaluating
2024-10-14 13:24:42.908727 Echo: Yes
2024-10-14 13:24:42.909360 Golf: Yes
2024-10-14 13:24:42.909484 India: Yes
2024-10-14 13:24:42.909589 X-ray: Yes
2024-10-14 13:24:42.909702 Yankee: No
ChatterBot X-ray reevaluating
ChatterBot X-ray reevaluating
ChatterBot X-ray reevaluating
ChatterBot X-ray reevaluating
2024-10-14 13:24:43.009965 Whiskey: We should add Yankee
2024-10-14 13:24:43.019388 Delta: No
2024-10-14 13:24:43.019874 Tango: No
2024-10-14 13:24:43.019982 Bravo: Yes
ChatterBot Whiskey reevaluating
ChatterBot Whiskey reevaluating
ChatterBot Whiskey reevaluating
2024-10-14 13:24:43.050556 Lima: Bravo we want you to join our group
2024-10-14 13:24:43.081120 Bravo: Yes
ChatterBot X-ray reevaluating
2024-10-14 13:24:43.178660 Bravo: Golf, sending you 2
2024-10-14 13:24:43.181487 Golf: India and Echo, sending you 3
2024-10-14 13:24:43.183876 India: Golf, sending you 4
2024-10-14 13:24:43.186561 Delta: Same as last round
2024-10-14 13:24:43.189110 Bravo: India, Lima, Echo, X-ray and Yankee, sending you 1
2024-10-14 13:24:43.191824 Golf: Lima, sending you 4
2024-10-14 13:24:43.194053 India: Lima and Echo, sending you 3
2024-10-14 13:24:43.196250 Tango: Delta, sending you 2
2024-10-14 13:24:43.197670 Yankee: Golf, Lima and Echo, sending you 3
2024-10-14 13:24:43.199799 Lima: Golf, sending you 4
2024-10-14 13:24:43.201535 Echo: Golf and India, sending you 3
2024-10-14 13:24:43.204451 Golf: Bravo, X-ray and Yankee, sending you 2
2024-10-14 13:24:43.205634 India: Bravo, X-ray and Yankee, sending you 2
2024-10-14 13:24:43.208643 Tango: Bravo and Whiskey, sending you 1
2024-10-14 13:24:43.211111 Yankee: India, sending you 1
2024-10-14 13:24:43.211943 Lima: India, sending you 3
2024-10-14 13:24:43.213369 Echo: Lima, sending you 6
2024-10-14 13:24:43.221087 Yankee: X-ray, sending you 2
2024-10-14 13:24:43.222258 Lima: Bravo and X-ray, sending you 1
2024-10-14 13:24:43.222883 X-ray: Golf, India and Echo, sending you 2
2024-10-14 13:24:43.223868 Echo: Bravo, sending you 1
2024-10-14 13:24:43.230887 Lima: Echo, sending you 6
2024-10-14 13:24:43.232375 X-ray: Lima and Bravo, sending you 1
2024-10-14 13:24:43.233942 Echo: X-ray and Yankee, sending you 2
2024-10-14 13:24:43.237251 Lima: Yankee, sending you 2
2024-10-14 13:24:43.240139 X-ray: Yankee, sending you 4
chatterbot India submitting transactions
chatterbot Lima submitting transactions
chatterbot Delta submitting transactions
chatterbot Bravo submitting transactions
chatterbot Whiskey submitting transactions
chatterbot X-ray submitting transactions
chatterbot Echo submitting transactions
chatterbot Golf submitting transactions
chatterbot Tango submitting transactions
chatterbot Yankee submitting transactions
ChatterBot Golf round 6
ChatterBot Delta round 6
ChatterBot India round 6
ChatterBot Lima round 6
ChatterBot Bravo round 6
ChatterBot Whiskey round 6
ChatterBot Echo round 6
ChatterBot Tango round 6
ChatterBot X-ray round 6
ChatterBot Yankee round 6
2024-10-14 13:24:44.382696 Golf: India, Echo and Yankee, sending you 3
2024-10-14 13:24:44.385757 Echo: Golf and India, sending you 3
2024-10-14 13:24:44.387696 India: Golf, sending you 4
2024-10-14 13:24:44.388900 Golf: Lima, sending you 4
2024-10-14 13:24:44.390677 Echo: Lima, sending you 6
2024-10-14 13:24:44.392815 Golf: Bravo and X-ray, sending you 2
2024-10-14 13:24:44.393654 India: Lima and Echo, sending you 3
2024-10-14 13:24:44.394192 Delta: Bravo, Whiskey and Tango, sending you 1
2024-10-14 13:24:44.394542 Whiskey: Delta, sending you 5
2024-10-14 13:24:44.395676 Echo: Bravo, sending you 1
2024-10-14 13:24:44.396661 Yankee: Golf, Lima and Echo, sending you 3
2024-10-14 13:24:44.397835 Tango: Delta, sending you 2
2024-10-14 13:24:44.398228 Bravo: Golf, sending you 2
2024-10-14 13:24:44.398784 Lima: Golf, sending you 4
2024-10-14 13:24:44.399425 India: Bravo, X-ray and Yankee, sending you 2
2024-10-14 13:24:44.400449 X-ray: Golf, India and Echo, sending you 2
2024-10-14 13:24:44.401206 Echo: X-ray and Yankee, sending you 2
2024-10-14 13:24:44.401815 Whiskey: Bravo, sending you 2
2024-10-14 13:24:44.402582 Yankee: India, sending you 1
2024-10-14 13:24:44.403170 Bravo: India, Lima, Echo, X-ray and Yankee, sending you 1
2024-10-14 13:24:44.403794 Tango: Bravo and Whiskey, sending you 1
2024-10-14 13:24:44.404656 Lima: India and Yankee, sending you 3
2024-10-14 13:24:44.405669 X-ray: Lima and Bravo, sending you 1
2024-10-14 13:24:44.406950 Whiskey: Tango, sending you 4
2024-10-14 13:24:44.407518 Yankee: X-ray, sending you 2
2024-10-14 13:24:44.408341 Lima: Bravo, sending you 1
2024-10-14 13:24:44.409666 X-ray: Yankee, sending you 4
2024-10-14 13:24:44.413776 Lima: Echo, sending you 6
chatterbot Yankee submitting transactions
chatterbot Echo submitting transactions
chatterbot Whiskey submitting transactions
chatterbot Tango submitting transactions
chatterbot Bravo submitting transactions
chatterbot Delta submitting transactions
chatterbot Lima submitting transactions
chatterbot X-ray submitting transactions
chatterbot India submitting transactions
chatterbot Golf submitting transactions
ChatterBot Golf round 7
ChatterBot Delta round 7
ChatterBot India round 7
ChatterBot Lima round 7
ChatterBot Bravo round 7
ChatterBot Whiskey round 7
ChatterBot Echo round 7
ChatterBot Tango round 7
ChatterBot X-ray round 7
ChatterBot Yankee round 7
2024-10-14 13:24:45.593061 Bravo: Golf, sending you 2
2024-10-14 13:24:45.594040 Lima: Golf, sending you 4
2024-10-14 13:24:45.595088 Golf: India, Echo and Yankee, sending you 3
2024-10-14 13:24:45.595594 Delta: Bravo, Whiskey and Tango, sending you 1
2024-10-14 13:24:45.596029 India: Golf and Lima, sending you 3
2024-10-14 13:24:45.602100 Golf: Lima, sending you 4
2024-10-14 13:24:45.602709 Bravo: India, Lima, Echo, X-ray and Yankee, sending you 1
2024-10-14 13:24:45.603686 Lima: India and Yankee, sending you 3
2024-10-14 13:24:45.604272 Tango: Delta, sending you 2
2024-10-14 13:24:45.605110 India: Bravo, X-ray and Yankee, sending you 2
2024-10-14 13:24:45.605661 X-ray: Golf, India and Echo, sending you 2
2024-10-14 13:24:45.606645 Golf: Bravo and X-ray, sending you 2
2024-10-14 13:24:45.610492 Whiskey: Delta, sending you 5
2024-10-14 13:24:45.611286 Echo: Golf, India and Yankee, sending you 3
2024-10-14 13:24:45.611749 Lima: Bravo, sending you 1
2024-10-14 13:24:45.612810 Tango: Bravo and Whiskey, sending you 1
2024-10-14 13:24:45.613166 India: Echo, sending you 4
2024-10-14 13:24:45.613814 Yankee: Golf, Lima and Echo, sending you 3
2024-10-14 13:24:45.614716 X-ray: Lima and Bravo, sending you 1
2024-10-14 13:24:45.616064 Whiskey: Bravo, sending you 2
2024-10-14 13:24:45.616493 Echo: Lima, sending you 6
2024-10-14 13:24:45.617733 Lima: Echo, sending you 6
2024-10-14 13:24:45.624924 Yankee: India, sending you 1
2024-10-14 13:24:45.625946 X-ray: Yankee, sending you 4
2024-10-14 13:24:45.626609 Whiskey: Tango, sending you 4
2024-10-14 13:24:45.626982 Echo: X-ray, sending you 2
2024-10-14 13:24:45.638620 Yankee: X-ray, sending you 2
chatterbot Yankee submitting transactions
chatterbot Delta submitting transactions
chatterbot Lima submitting transactions
chatterbot Bravo submitting transactions
chatterbot Echo submitting transactions
chatterbot Whiskey submitting transactions
chatterbot Golf submitting transactions
chatterbot India submitting transactions
chatterbot X-ray submitting transactions
chatterbot Tango submitting transactions
ChatterBot Golf round 8
ChatterBot Delta round 8
ChatterBot India round 8
ChatterBot Lima round 8
ChatterBot Bravo round 8
ChatterBot Whiskey round 8
ChatterBot Echo round 8
ChatterBot Tango round 8
ChatterBot X-ray round 8
ChatterBot Yankee round 8
2024-10-14 13:24:46.590355 India: We should add Whiskey
ChatterBot Yankee reevaluating
2024-10-14 13:24:46.611602 Golf: No
2024-10-14 13:24:46.611869 Lima: No
2024-10-14 13:24:46.612007 Echo: No
2024-10-14 13:24:46.612114 X-ray: No
2024-10-14 13:24:46.612241 Yankee: No
2024-10-14 13:24:46.612784 Bravo: No
ChatterBot Yankee reevaluating
ChatterBot India reevaluating
ChatterBot Yankee reevaluating
ChatterBot India reevaluating
ChatterBot Yankee reevaluating
ChatterBot India reevaluating
ChatterBot Yankee reevaluating
ChatterBot India reevaluating
ChatterBot India reevaluating
ChatterBot Yankee reevaluating
2024-10-14 13:24:46.807661 Yankee: We should replace India with Bravo
2024-10-14 13:24:46.822390 Golf: No
2024-10-14 13:24:46.822593 Lima: No
2024-10-14 13:24:46.823647 Echo: No
2024-10-14 13:24:46.823788 X-ray: No
ChatterBot Yankee reevaluating
ChatterBot Yankee reevaluating
ChatterBot Yankee reevaluating
ChatterBot Yankee reevaluating
2024-10-14 13:24:46.879735 Lima: Golf, sending you 4
2024-10-14 13:24:46.882191 Delta: Bravo, Whiskey and Tango, sending you 1
2024-10-14 13:24:46.883232 Golf: India, Echo and Yankee, sending you 3
2024-10-14 13:24:46.884338 Lima: India and Yankee, sending you 3
2024-10-14 13:24:46.885849 Yankee: Bravo we want you to join our group
2024-10-14 13:24:46.891007 Bravo: Yes
2024-10-14 13:24:46.913256 Golf: Lima, sending you 4
2024-10-14 13:24:46.914964 X-ray: Golf, India and Echo, sending you 2
2024-10-14 13:24:46.915913 Bravo: Golf, sending you 2
2024-10-14 13:24:46.917055 Lima: Bravo, sending you 1
chatterbot Golf submitting transactions
2024-10-14 13:24:46.918562 Echo: Golf, India and Yankee, sending you 3
2024-10-14 13:24:46.919457 Golf: Bravo and X-ray, sending you 2
2024-10-14 13:24:46.920809 X-ray: Lima and Bravo, sending you 1
2024-10-14 13:24:46.922342 Tango: Delta, sending you 2
2024-10-14 13:24:46.922840 Lima: Echo, sending you 6
2024-10-14 13:24:46.924291 Bravo: India, Lima, Echo, X-ray and Yankee, sending you 1
2024-10-14 13:24:46.925623 Echo: Lima, sending you 6
2024-10-14 13:24:46.927324 Whiskey: Delta, sending you 5
2024-10-14 13:24:46.928406 India: Golf and Lima, sending you 3
2024-10-14 13:24:46.929539 X-ray: Yankee, sending you 4
2024-10-14 13:24:46.931049 Tango: Bravo and Whiskey, sending you 1
2024-10-14 13:24:46.931601 Echo: X-ray, sending you 2
2024-10-14 13:24:46.932929 Whiskey: Bravo, sending you 2
2024-10-14 13:24:46.933424 India: Bravo, X-ray and Yankee, sending you 2
2024-10-14 13:24:46.936667 Whiskey: Tango, sending you 4
2024-10-14 13:24:46.938027 India: Echo, sending you 4
2024-10-14 13:24:46.938976 Yankee: Golf, Lima and Echo, sending you 3
2024-10-14 13:24:46.944685 Yankee: Bravo, sending you 1
2024-10-14 13:24:46.947682 Yankee: X-ray, sending you 2
chatterbot Lima submitting transactions
chatterbot India submitting transactions
chatterbot Echo submitting transactions
chatterbot Delta submitting transactions
chatterbot Bravo submitting transactions
chatterbot X-ray submitting transactions
chatterbot Yankee submitting transactions
chatterbot Whiskey submitting transactions
chatterbot Tango submitting transactions
ChatterBot Golf round 9
ChatterBot Delta round 9
ChatterBot India round 9
ChatterBot Lima round 9
ChatterBot Bravo round 9
ChatterBot Whiskey round 9
ChatterBot Echo round 9
ChatterBot Tango round 9
ChatterBot X-ray round 9
ChatterBot Yankee round 9
2024-10-14 13:24:48.142480 Whiskey: We should group up
2024-10-14 13:24:48.176446 Golf: No
2024-10-14 13:24:48.176832 India: No
2024-10-14 13:24:48.177142 Lima: No
2024-10-14 13:24:48.177565 Bravo: No
2024-10-14 13:24:48.178385 Echo: No
2024-10-14 13:24:48.178585 X-ray: No
2024-10-14 13:24:48.178915 Yankee: No
ChatterBot Whiskey reevaluating
ChatterBot Whiskey reevaluating
ChatterBot Whiskey reevaluating
ChatterBot Whiskey reevaluating
ChatterBot India reevaluating
ChatterBot Whiskey reevaluating
ChatterBot India reevaluating
ChatterBot Whiskey reevaluating
ChatterBot India reevaluating
ChatterBot Bravo reevaluating
ChatterBot Whiskey reevaluating
ChatterBot India reevaluating
ChatterBot Bravo reevaluating
2024-10-14 13:24:48.367060 Lima: Golf, sending you 4
2024-10-14 13:24:48.370844 Lima: India and Yankee, sending you 3
2024-10-14 13:24:48.372691 Golf: India, Echo and Yankee, sending you 3
2024-10-14 13:24:48.373735 India: Golf and Lima, sending you 3
2024-10-14 13:24:48.375670 Bravo: Golf, sending you 2
2024-10-14 13:24:48.376902 Lima: Bravo, sending you 1
2024-10-14 13:24:48.377663 Golf: Lima, sending you 4
2024-10-14 13:24:48.378659 Echo: Golf, India and Yankee, sending you 3
2024-10-14 13:24:48.379292 Tango: Delta, sending you 2
2024-10-14 13:24:48.379667 Delta: Bravo and Tango, sending you 1
2024-10-14 13:24:48.380298 X-ray: Golf and India, sending you 2
2024-10-14 13:24:48.381136 India: Bravo, X-ray and Yankee, sending you 2
2024-10-14 13:24:48.382307 Whiskey: Delta, sending you 5
2024-10-14 13:24:48.382656 Yankee: Golf, Lima and Echo, sending you 3
2024-10-14 13:24:48.383066 Bravo: India, Lima, Echo, X-ray and Yankee, sending you 1
2024-10-14 13:24:48.384280 Golf: Bravo and X-ray, sending you 2
2024-10-14 13:24:48.385013 Lima: Echo, sending you 6
2024-10-14 13:24:48.386153 Echo: Lima, sending you 6
2024-10-14 13:24:48.386811 Tango: Whiskey, sending you 1
2024-10-14 13:24:48.387251 X-ray: Lima and Bravo, sending you 1
2024-10-14 13:24:48.388388 India: Echo, sending you 4
2024-10-14 13:24:48.389049 Yankee: Bravo, sending you 1
2024-10-14 13:24:48.389418 Whiskey: Bravo, sending you 2
2024-10-14 13:24:48.391995 Echo: Bravo and X-ray, sending you 1
2024-10-14 13:24:48.393079 X-ray: Echo and Yankee, sending you 3
2024-10-14 13:24:48.394238 Yankee: X-ray, sending you 2
2024-10-14 13:24:48.394634 Whiskey: Tango, sending you 4
chatterbot Whiskey submitting transactions
chatterbot Golf submitting transactions
chatterbot Tango submitting transactions
chatterbot Bravo submitting transactions
chatterbot Yankee submitting transactions
chatterbot India submitting transactions
chatterbot Delta submitting transactions
chatterbot Echo submitting transactions
chatterbot Lima submitting transactions
chatterbot X-ray submitting transactions
ChatterBot Golf round 10
ChatterBot Delta round 10
ChatterBot India round 10
ChatterBot Lima round 10
ChatterBot Bravo round 10
ChatterBot Whiskey round 10
ChatterBot Echo round 10
ChatterBot Tango round 10
ChatterBot X-ray round 10
ChatterBot Yankee round 10
2024-10-14 13:24:49.699270 Tango: Delta, sending you 2
2024-10-14 13:24:49.699777 Echo: Golf, India and Yankee, sending you 3
2024-10-14 13:24:49.701036 Golf: India, Echo and Yankee, sending you 3
2024-10-14 13:24:49.702669 Delta: Bravo and Tango, sending you 1
2024-10-14 13:24:49.703305 India: Golf and Lima, sending you 3
2024-10-14 13:24:49.704589 Tango: Whiskey, sending you 1
2024-10-14 13:24:49.705300 Echo: Lima, sending you 6
2024-10-14 13:24:49.706693 Bravo: Golf, sending you 2
2024-10-14 13:24:49.707938 India: Bravo, X-ray and Yankee, sending you 2
2024-10-14 13:24:49.709372 Whiskey: Delta, sending you 4
2024-10-14 13:24:49.709904 Golf: Lima, sending you 4
2024-10-14 13:24:49.711444 Echo: X-ray, sending you 2
2024-10-14 13:24:49.712649 Yankee: Golf, Lima and Echo, sending you 3
2024-10-14 13:24:49.713852 Bravo: India, Lima, Echo, X-ray and Yankee, sending you 1
2024-10-14 13:24:49.715218 Lima: Golf, sending you 4
2024-10-14 13:24:49.716696 India: Echo, sending you 4
2024-10-14 13:24:49.717678 Whiskey: Bravo, sending you 2
2024-10-14 13:24:49.718667 X-ray: Golf, sending you 3
2024-10-14 13:24:49.719836 Golf: Bravo and X-ray, sending you 2
2024-10-14 13:24:49.721736 Yankee: Bravo, sending you 1
2024-10-14 13:24:49.722299 Lima: India and Yankee, sending you 3
2024-10-14 13:24:49.723789 Whiskey: Tango, sending you 5
2024-10-14 13:24:49.724841 X-ray: India and Echo, sending you 2
2024-10-14 13:24:49.726459 Yankee: X-ray, sending you 2
2024-10-14 13:24:49.727891 Lima: Bravo, sending you 1
2024-10-14 13:24:49.729134 X-ray: Bravo, sending you 1
2024-10-14 13:24:49.731679 Lima: Echo, sending you 6
2024-10-14 13:24:49.733281 X-ray: Yankee, sending you 4
chatterbot Delta submitting transactions
chatterbot Whiskey submitting transactions
chatterbot Yankee submitting transactions
chatterbot Bravo submitting transactions
chatterbot India submitting transactions
chatterbot X-ray submitting transactions
chatterbot Echo submitting transactions
chatterbot Golf submitting transactions
chatterbot Tango submitting transactions
chatterbot Lima submitting transactions
ChatterBot Golf round 11
ChatterBot Delta round 11
ChatterBot India round 11
ChatterBot Lima round 11
ChatterBot Bravo round 11
ChatterBot Whiskey round 11
ChatterBot Echo round 11
ChatterBot Tango round 11
ChatterBot X-ray round 11
ChatterBot Yankee round 11
2024-10-14 13:24:50.905140 Delta: We should replace Bravo with India
ChatterBot Whiskey reevaluating
2024-10-14 13:24:50.921519 Whiskey: No
2024-10-14 13:24:50.921989 Tango: No
ChatterBot Delta reevaluating
ChatterBot Delta reevaluating
ChatterBot Whiskey reevaluating
2024-10-14 13:24:50.968140 Whiskey: We should replace Bravo with Lima
ChatterBot Delta reevaluating
ChatterBot Tango reevaluating
2024-10-14 13:24:50.979468 Delta: Yes
2024-10-14 13:24:50.979631 Tango: No
ChatterBot Whiskey reevaluating
ChatterBot Tango reevaluating
ChatterBot Delta reevaluating
ChatterBot Whiskey reevaluating
2024-10-14 13:24:51.003724 Tango: We should replace Bravo with X-ray
ChatterBot Delta reevaluating
ChatterBot Whiskey reevaluating
2024-10-14 13:24:51.012119 Delta: Yes
2024-10-14 13:24:51.012235 Whiskey: No
ChatterBot Whiskey reevaluating
ChatterBot Tango reevaluating
ChatterBot Delta reevaluating
ChatterBot Tango reevaluating
2024-10-14 13:24:51.051709 Echo: Golf, India and Yankee, sending you 3
2024-10-14 13:24:51.057087 Echo: Lima, sending you 6
2024-10-14 13:24:51.059705 India: Golf and Lima, sending you 3
2024-10-14 13:24:51.062489 Golf: India, Echo and Yankee, sending you 3
2024-10-14 13:24:51.065048 Bravo: Golf, sending you 2
2024-10-14 13:24:51.068192 Echo: X-ray, sending you 2
2024-10-14 13:24:51.071270 India: Bravo, X-ray and Yankee, sending you 2
2024-10-14 13:24:51.073896 X-ray: Golf, sending you 3
2024-10-14 13:24:51.076467 Golf: Lima, sending you 4
2024-10-14 13:24:51.079898 Lima: Golf, sending you 4
2024-10-14 13:24:51.082558 Whiskey: Golf, India, Lima, Echo, X-ray and Yankee, sending you 1
2024-10-14 13:24:51.084710 Bravo: India, Lima, Echo, X-ray and Yankee, sending you 1
2024-10-14 13:24:51.087432 India: Echo, sending you 4
2024-10-14 13:24:51.089036 X-ray: India and Echo, sending you 2
2024-10-14 13:24:51.089882 Tango: Delta, sending you 2
2024-10-14 13:24:51.090329 Yankee: Golf, Lima and Echo, sending you 3
2024-10-14 13:24:51.091594 Golf: Bravo and X-ray, sending you 2
2024-10-14 13:24:51.092449 Lima: India, sending you 2
2024-10-14 13:24:51.094693 Delta: Tango and X-ray, sending you 1
2024-10-14 13:24:51.095147 Whiskey: Bravo, sending you 5
2024-10-14 13:24:51.096235 X-ray: Bravo, sending you 1
2024-10-14 13:24:51.097199 Tango: Bravo and Whiskey, sending you 1
2024-10-14 13:24:51.097691 Yankee: Bravo, sending you 1
2024-10-14 13:24:51.098680 Lima: Bravo and X-ray, sending you 1
2024-10-14 13:24:51.101685 X-ray: Yankee, sending you 4
2024-10-14 13:24:51.103611 Lima: Echo, sending you 6
2024-10-14 13:24:51.104937 Yankee: X-ray, sending you 2
2024-10-14 13:24:51.108659 Lima: Yankee, sending you 3
chatterbot Whiskey submitting transactions
chatterbot India submitting transactions
chatterbot Golf submitting transactions
chatterbot Yankee submitting transactions
chatterbot Echo submitting transactions
chatterbot Delta submitting transactions
chatterbot Tango submitting transactions
chatterbot X-ray submitting transactions
chatterbot Bravo submitting transactions
chatterbot Lima submitting transactions
ChatterBot Golf round 12
ChatterBot Delta round 12
ChatterBot India round 12
ChatterBot Lima round 12
ChatterBot Bravo round 12
ChatterBot Whiskey round 12
ChatterBot Echo round 12
ChatterBot Tango round 12
ChatterBot X-ray round 12
ChatterBot Yankee round 12
2024-10-14 13:24:52.263758 Tango: Delta, sending you 2
2024-10-14 13:24:52.265408 Whiskey: Golf, India, Lima, Echo, X-ray and Yankee, sending you 1
2024-10-14 13:24:52.266267 Lima: Golf, sending you 4
2024-10-14 13:24:52.267801 Bravo: Golf, sending you 2
2024-10-14 13:24:52.270197 Delta: Lima and Tango, sending you 1
2024-10-14 13:24:52.271451 Tango: Whiskey, sending you 1
2024-10-14 13:24:52.272659 Whiskey: Bravo, sending you 5
2024-10-14 13:24:52.275409 Lima: India, sending you 2
2024-10-14 13:24:52.279649 Bravo: India, Lima, Echo, X-ray and Yankee, sending you 1
2024-10-14 13:24:52.282019 Yankee: Golf, Lima and Echo, sending you 3
2024-10-14 13:24:52.284075 India: Golf and Lima, sending you 3
2024-10-14 13:24:52.286717 Golf: India, Echo and Yankee, sending you 3
2024-10-14 13:24:52.288981 Echo: Golf, India and Yankee, sending you 3
2024-10-14 13:24:52.292067 X-ray: Golf, Echo and Yankee, sending you 3
2024-10-14 13:24:52.294063 Lima: Bravo, sending you 1
2024-10-14 13:24:52.296417 Yankee: Bravo, sending you 1
2024-10-14 13:24:52.298905 India: Bravo, X-ray and Yankee, sending you 2
2024-10-14 13:24:52.302278 Golf: Lima, sending you 4
2024-10-14 13:24:52.306110 Echo: Lima, sending you 6
2024-10-14 13:24:52.308754 X-ray: India, sending you 2
