ChatterBot Sierra round 1
ChatterBot Kilo round 1
ChatterBot Quebec round 1
ChatterBot Tango round 1
ChatterBot Zulu round 1
ChatterBot Bravo round 1
ChatterBot Uniform round 1
ChatterBot Alpha round 1
ChatterBot Victor round 1
ChatterBot Yankee round 1
randomSelections Quebec: {Quebec, Zulu, Uniform, Bravo, Kilo, Yankee, Sierra} 
2024-10-14 21:17:31.645767 Quebec: Friends?
ChatterBot Zulu reevaluating
ChatterBot Uniform reevaluating
ChatterBot Bravo reevaluating
ChatterBot Kilo reevaluating
ChatterBot Yankee reevaluating
ChatterBot Sierra reevaluating
2024-10-14 21:17:31.663430 Zulu: Yes
2024-10-14 21:17:31.663550 Uniform: Yes
2024-10-14 21:17:31.663653 Bravo: Yes
2024-10-14 21:17:31.663757 Kilo: Yes
2024-10-14 21:17:31.663855 Yankee: Yes
2024-10-14 21:17:31.663969 Sierra: Yes
ChatterBot Uniform reevaluating
ChatterBot Bravo reevaluating
ChatterBot Kilo reevaluating
ChatterBot Yankee reevaluating
ChatterBot Sierra reevaluating
ChatterBot Zulu reevaluating
ChatterBot Bravo reevaluating
ChatterBot Kilo reevaluating
ChatterBot Yankee reevaluating
ChatterBot Sierra reevaluating
ChatterBot Zulu reevaluating
ChatterBot Uniform reevaluating
ChatterBot Kilo reevaluating
ChatterBot Yankee reevaluating
ChatterBot Sierra reevaluating
ChatterBot Zulu reevaluating
ChatterBot Uniform reevaluating
ChatterBot Bravo reevaluating
ChatterBot Yankee reevaluating
ChatterBot Sierra reevaluating
ChatterBot Zulu reevaluating
ChatterBot Uniform reevaluating
ChatterBot Bravo reevaluating
ChatterBot Kilo reevaluating
ChatterBot Sierra reevaluating
ChatterBot Zulu reevaluating
ChatterBot Uniform reevaluating
ChatterBot Bravo reevaluating
ChatterBot Kilo reevaluating
ChatterBot Yankee reevaluating
randomSelections Tango: {Tango, Kilo, Alpha, Yankee, Zulu, Victor, Sierra} 
2024-10-14 21:17:31.827666 Tango: Friends?
ChatterBot Kilo reevaluating
ChatterBot Alpha reevaluating
ChatterBot Yankee reevaluating
ChatterBot Zulu reevaluating
ChatterBot Victor reevaluating
ChatterBot Sierra reevaluating
2024-10-14 21:17:31.839098 Kilo: No
2024-10-14 21:17:31.839459 Alpha: Yes
2024-10-14 21:17:31.839705 Yankee: No
2024-10-14 21:17:31.839947 Zulu: No
2024-10-14 21:17:31.840211 Victor: Yes
2024-10-14 21:17:31.841174 Sierra: No
ChatterBot Alpha reevaluating
ChatterBot Yankee reevaluating
ChatterBot Zulu reevaluating
ChatterBot Victor reevaluating
ChatterBot Sierra reevaluating
ChatterBot Kilo reevaluating
ChatterBot Yankee reevaluating
ChatterBot Zulu reevaluating
ChatterBot Victor reevaluating
ChatterBot Sierra reevaluating
ChatterBot Kilo reevaluating
ChatterBot Alpha reevaluating
ChatterBot Zulu reevaluating
ChatterBot Victor reevaluating
ChatterBot Sierra reevaluating
ChatterBot Kilo reevaluating
ChatterBot Alpha reevaluating
ChatterBot Yankee reevaluating
ChatterBot Victor reevaluating
ChatterBot Sierra reevaluating
ChatterBot Kilo reevaluating
ChatterBot Alpha reevaluating
ChatterBot Yankee reevaluating
ChatterBot Zulu reevaluating
ChatterBot Sierra reevaluating
ChatterBot Kilo reevaluating
ChatterBot Alpha reevaluating
ChatterBot Yankee reevaluating
ChatterBot Zulu reevaluating
ChatterBot Victor reevaluating
chatterbot Quebec submitting transactions
2024-10-14 21:17:31.975866 Yankee: Sierra, Quebec and Zulu, sending you 3
2024-10-14 21:17:31.977184 Tango: Sierra, sending you 4
2024-10-14 21:17:31.977830 Alpha: Sierra, sending you 2
2024-10-14 21:17:31.979624 Kilo: Sierra and Quebec, sending you 4
2024-10-14 21:17:31.980439 Bravo: Sierra and Uniform, sending you 2
2024-10-14 21:17:31.982032 Quebec: Sierra, sending you 2
2024-10-14 21:17:31.982801 Yankee: Kilo, Bravo and Uniform, sending you 2
2024-10-14 21:17:31.984503 Tango: Kilo and Alpha, sending you 2
2024-10-14 21:17:31.985177 Victor: Sierra and Kilo, sending you 1
2024-10-14 21:17:31.987178 Uniform: Sierra, Kilo, Quebec, Bravo and Yankee, sending you 1
2024-10-14 21:17:31.988016 Alpha: Tango and Zulu, sending you 1
2024-10-14 21:17:31.989888 Kilo: Zulu, sending you 2
2024-10-14 21:17:31.991620 Bravo: Kilo, sending you 5
2024-10-14 21:17:31.992507 Quebec: Kilo and Bravo, sending you 3
2024-10-14 21:17:31.994200 Tango: Zulu and Victor, sending you 3
2024-10-14 21:17:31.995092 Victor: Tango, sending you 5
2024-10-14 21:17:31.996748 Zulu: Sierra and Yankee, sending you 1
2024-10-14 21:17:31.997396 Kilo: Bravo and Yankee, sending you 3
2024-10-14 21:17:31.998878 Bravo: Quebec and Yankee, sending you 3
2024-10-14 21:17:32.000029 Quebec: Zulu, sending you 4
2024-10-14 21:17:32.001738 Tango: Yankee, sending you 1
2024-10-14 21:17:32.002819 Zulu: Bravo, sending you 2
2024-10-14 21:17:32.005083 Victor: Zulu, sending you 3
2024-10-14 21:17:32.005773 Bravo: Zulu, sending you 4
2024-10-14 21:17:32.008035 Kilo: Uniform, sending you 1
2024-10-14 21:17:32.008776 Quebec: Uniform, sending you 5
2024-10-14 21:17:32.011243 Victor: Alpha, sending you 4
chatterbot Bravo submitting transactions
chatterbot Sierra submitting transactions
chatterbot Alpha submitting transactions
chatterbot Uniform submitting transactions
chatterbot Yankee submitting transactions
chatterbot Victor submitting transactions
chatterbot Kilo submitting transactions
chatterbot Tango submitting transactions
chatterbot Zulu submitting transactions
ChatterBot Sierra round 2
ChatterBot Kilo round 2
ChatterBot Quebec round 2
ChatterBot Tango round 2
ChatterBot Zulu round 2
ChatterBot Bravo round 2
ChatterBot Uniform round 2
ChatterBot Alpha round 2
ChatterBot Victor round 2
ChatterBot Yankee round 2
2024-10-14 21:17:35.648055 Tango: Let's form a team
ChatterBot Alpha reevaluating
ChatterBot Victor reevaluating
2024-10-14 21:17:35.663718 Alpha: Yes
2024-10-14 21:17:35.665778 Victor: Yes
ChatterBot Tango reevaluating
ChatterBot Victor reevaluating
ChatterBot Tango reevaluating
ChatterBot Alpha reevaluating
2024-10-14 21:17:35.686217 Victor: We should group up
ChatterBot Tango reevaluating
ChatterBot Alpha reevaluating
2024-10-14 21:17:35.697295 Tango: No
2024-10-14 21:17:35.697442 Alpha: No
2024-10-14 21:17:35.697558 Sierra: No
ChatterBot Victor reevaluating
ChatterBot Alpha reevaluating
ChatterBot Victor reevaluating
ChatterBot Tango reevaluating
ChatterBot Victor reevaluating
ChatterBot Tango reevaluating
ChatterBot Alpha reevaluating
2024-10-14 21:17:35.745304 Quebec: We should drop Sierra
ChatterBot Bravo reevaluating
ChatterBot Yankee reevaluating
2024-10-14 21:17:35.767817 Kilo: Yes
2024-10-14 21:17:35.767991 Zulu: Yes
2024-10-14 21:17:35.768106 Bravo: Yes
2024-10-14 21:17:35.768213 Uniform: Yes
2024-10-14 21:17:35.768313 Yankee: Yes
ChatterBot Bravo reevaluating
ChatterBot Yankee reevaluating
ChatterBot Bravo reevaluating
ChatterBot Yankee reevaluating
ChatterBot Yankee reevaluating
ChatterBot Bravo reevaluating
ChatterBot Yankee reevaluating
ChatterBot Bravo reevaluating
2024-10-14 21:17:35.895133 Uniform: We should drop Zulu and Sierra
ChatterBot Bravo reevaluating
ChatterBot Yankee reevaluating
2024-10-14 21:17:35.917419 Kilo: No
2024-10-14 21:17:35.917607 Quebec: No
2024-10-14 21:17:35.918197 Bravo: No
2024-10-14 21:17:35.918345 Yankee: Yes
ChatterBot Bravo reevaluating
ChatterBot Yankee reevaluating
ChatterBot Uniform reevaluating
ChatterBot Bravo reevaluating
ChatterBot Yankee reevaluating
ChatterBot Uniform reevaluating
ChatterBot Yankee reevaluating
ChatterBot Uniform reevaluating
ChatterBot Quebec reevaluating
ChatterBot Bravo reevaluating
2024-10-14 21:17:36.021962 Tango: Sending you 4
2024-10-14 21:17:36.053493 Victor: Tango, sending you 8
chatterbot Zulu submitting transactions
2024-10-14 21:17:36.067081 Zulu: Kilo, sending you 3
2024-10-14 21:17:36.067826 Kilo: Quebec, sending you 4
2024-10-14 21:17:36.068166 Victor: Zulu and Alpha, sending you 4
2024-10-14 21:17:36.068548 Alpha: Sending you each 10
2024-10-14 21:17:36.073626 Zulu: Quebec and Bravo, sending you 6
2024-10-14 21:17:36.073953 Kilo: Zulu, sending you 2
2024-10-14 21:17:36.074760 Yankee: Kilo and Uniform, sending you 4
2024-10-14 21:17:36.075042 Bravo: Kilo, Quebec, Zulu and Yankee, sending you 4
2024-10-14 21:17:36.080430 Zulu: Yankee, sending you 4
2024-10-14 21:17:36.080854 Yankee: Quebec and Bravo, sending you 3
2024-10-14 21:17:36.081563 Quebec: Kilo, sending you 6
2024-10-14 21:17:36.081881 Bravo: Uniform, sending you 3
2024-10-14 21:17:36.082223 Kilo: Bravo, sending you 5
2024-10-14 21:17:36.086930 Quebec: Bravo and Yankee, sending you 4
2024-10-14 21:17:36.088278 Kilo: Uniform and Yankee, sending you 3
2024-10-14 21:17:36.089752 Quebec: Uniform, sending you 3
chatterbot Kilo submitting transactions
chatterbot Tango submitting transactions
chatterbot Quebec submitting transactions
chatterbot Sierra submitting transactions
chatterbot Bravo submitting transactions
chatterbot Victor submitting transactions
chatterbot Alpha submitting transactions
chatterbot Uniform submitting transactions
chatterbot Yankee submitting transactions
ChatterBot Sierra round 3
ChatterBot Kilo round 3
ChatterBot Quebec round 3
ChatterBot Tango round 3
2024-10-14 21:17:37.218827 Tango: We should add Alpha
ChatterBot Victor reevaluating
2024-10-14 21:17:37.224767 Victor: Yes
2024-10-14 21:17:37.230912 Victor: We should replace Zulu with Sierra
2024-10-14 21:17:37.240895 Tango: No
2024-10-14 21:17:37.241758 Alpha: No
ChatterBot Victor reevaluating
ChatterBot Victor reevaluating
ChatterBot Zulu round 3
ChatterBot Bravo round 3
2024-10-14 21:17:37.270686 Quebec: We should add Zulu
ChatterBot Uniform reevaluating
ChatterBot Yankee reevaluating
2024-10-14 21:17:37.293125 Uniform: No
2024-10-14 21:17:37.293981 Kilo: Yes
2024-10-14 21:17:37.294273 Bravo: Yes
2024-10-14 21:17:37.294497 Yankee: Yes
ChatterBot Yankee reevaluating
ChatterBot Uniform reevaluating
ChatterBot Yankee reevaluating
ChatterBot Uniform reevaluating
ChatterBot Yankee reevaluating
ChatterBot Uniform reevaluating
ChatterBot Uniform round 3
ChatterBot Alpha round 3
ChatterBot Victor round 3
ChatterBot Yankee round 3
2024-10-14 21:17:37.398298 Tango: Alpha we want you to join our group
2024-10-14 21:17:37.402055 Alpha: Yes
ChatterBot Victor reevaluating
2024-10-14 21:17:37.412463 Victor: We should replace Zulu with Sierra
2024-10-14 21:17:37.424560 Tango: No
2024-10-14 21:17:37.424756 Alpha: No
ChatterBot Victor reevaluating
ChatterBot Victor reevaluating
2024-10-14 21:17:37.464155 Quebec: Zulu we want you to join our group
2024-10-14 21:17:37.470570 Zulu: Yes
ChatterBot Uniform reevaluating
ChatterBot Yankee reevaluating
2024-10-14 21:17:37.492563 Yankee: We should add Zulu
ChatterBot Uniform reevaluating
2024-10-14 21:17:37.506632 Uniform: Yes
2024-10-14 21:17:37.507308 Kilo: Yes
2024-10-14 21:17:37.507461 Quebec: Yes
2024-10-14 21:17:37.507581 Bravo: Yes
ChatterBot Yankee reevaluating
ChatterBot Uniform reevaluating
ChatterBot Yankee reevaluating
ChatterBot Uniform reevaluating
ChatterBot Yankee reevaluating
ChatterBot Uniform reevaluating
ChatterBot Yankee reevaluating
2024-10-14 21:17:37.589206 Uniform: We should drop Sierra
2024-10-14 21:17:37.616394 Quebec: Yes
2024-10-14 21:17:37.616704 Kilo: Yes
2024-10-14 21:17:37.616911 Zulu: Yes
2024-10-14 21:17:37.617776 Bravo: Yes
2024-10-14 21:17:37.617949 Yankee: Yes
ChatterBot Uniform reevaluating
ChatterBot Uniform reevaluating
ChatterBot Uniform reevaluating
ChatterBot Uniform reevaluating
ChatterBot Uniform reevaluating
2024-10-14 21:17:37.728934 Victor: Sierra we want you to join our group
2024-10-14 21:17:37.735215 Sierra: No
ChatterBot Victor reevaluating
2024-10-14 21:17:37.751774 Yankee: Zulu we want you to join our group
2024-10-14 21:17:37.755895 Zulu: Yes
ChatterBot Uniform reevaluating
2024-10-14 21:17:37.774141 Kilo: Quebec, sending you 5
2024-10-14 21:17:37.776668 Quebec: Kilo, Zulu and Bravo, sending you 4
2024-10-14 21:17:37.778095 Zulu: Kilo and Quebec, sending you 4
2024-10-14 21:17:37.778547 Bravo: Kilo and Quebec, sending you 4
2024-10-14 21:17:37.779006 Alpha: Tango, sending you 9
2024-10-14 21:17:37.779342 Kilo: Zulu and Yankee, sending you 3
2024-10-14 21:17:37.780197 Tango: Sending you each 3
2024-10-14 21:17:37.780789 Quebec: Uniform, sending you 2
2024-10-14 21:17:37.781745 Zulu: Bravo, sending you 7
2024-10-14 21:17:37.782712 Bravo: Zulu, sending you 5
2024-10-14 21:17:37.783648 Kilo: Bravo, sending you 4
2024-10-14 21:17:37.784271 Alpha: Victor, sending you 11
2024-10-14 21:17:37.785121 Quebec: Yankee, sending you 3
2024-10-14 21:17:37.785525 Zulu: Yankee, sending you 3
2024-10-14 21:17:37.787690 Bravo: Uniform and Yankee, sending you 3
2024-10-14 21:17:37.788695 Kilo: Uniform, sending you 2
2024-10-14 21:17:37.795666 Yankee: Kilo, Quebec and Bravo, sending you 3
2024-10-14 21:17:37.800781 Yankee: Zulu, sending you 4
2024-10-14 21:17:37.802669 Uniform: Sending you each 1
2024-10-14 21:17:37.804664 Yankee: Uniform, sending you 2
2024-10-14 21:17:37.805664 Victor: Sierra, sending you 4
2024-10-14 21:17:37.808697 Victor: Tango, sending you 5
2024-10-14 21:17:37.812664 Victor: Alpha, sending you 7
chatterbot Tango submitting transactions
chatterbot Quebec submitting transactions
chatterbot Zulu submitting transactions
chatterbot Bravo submitting transactions
chatterbot Yankee submitting transactions
chatterbot Alpha submitting transactions
chatterbot Victor submitting transactions
chatterbot Kilo submitting transactions
chatterbot Uniform submitting transactions
chatterbot Sierra submitting transactions
ChatterBot Sierra round 4
ChatterBot Kilo round 4
ChatterBot Quebec round 4
ChatterBot Tango round 4
ChatterBot Zulu round 4
ChatterBot Bravo round 4
ChatterBot Uniform round 4
ChatterBot Alpha round 4
ChatterBot Victor round 4
ChatterBot Yankee round 4
2024-10-14 21:17:38.709697 Tango: Same as last round
2024-10-14 21:17:38.711715 Zulu: Kilo, Quebec and Yankee, sending you 4
2024-10-14 21:17:38.712671 Quebec: Kilo, Zulu and Bravo, sending you 4
2024-10-14 21:17:38.715116 Bravo: Kilo and Quebec, sending you 4
2024-10-14 21:17:38.715603 Kilo: Quebec, sending you 5
2024-10-14 21:17:38.716186 Alpha: Tango, sending you 9
2024-10-14 21:17:38.717024 Zulu: Bravo, sending you 6
2024-10-14 21:17:38.717905 Bravo: Zulu, sending you 5
2024-10-14 21:17:38.719052 Quebec: Uniform, sending you 2
2024-10-14 21:17:38.719572 Kilo: Zulu and Yankee, sending you 3
2024-10-14 21:17:38.720133 Uniform: Same as last round
2024-10-14 21:17:38.720704 Alpha: Victor, sending you 11
2024-10-14 21:17:38.722706 Zulu: Uniform, sending you 1
2024-10-14 21:17:38.723914 Bravo: Uniform and Yankee, sending you 3
2024-10-14 21:17:38.724359 Quebec: Yankee, sending you 3
2024-10-14 21:17:38.724925 Kilo: Bravo, sending you 4
2024-10-14 21:17:38.727812 Yankee: Kilo, Quebec, Zulu and Bravo, sending you 4
2024-10-14 21:17:38.728368 Victor: Sierra, sending you 4
2024-10-14 21:17:38.729899 Kilo: Uniform, sending you 2
2024-10-14 21:17:38.731700 Yankee: Uniform, sending you 2
2024-10-14 21:17:38.732930 Victor: Tango, sending you 5
2024-10-14 21:17:38.737665 Victor: Alpha, sending you 7
chatterbot Quebec submitting transactions
chatterbot Tango submitting transactions
chatterbot Uniform submitting transactions
chatterbot Kilo submitting transactions
chatterbot Victor submitting transactions
chatterbot Sierra submitting transactions
chatterbot Yankee submitting transactions
chatterbot Zulu submitting transactions
chatterbot Alpha submitting transactions
chatterbot Bravo submitting transactions
ChatterBot Sierra round 5
ChatterBot Kilo round 5
ChatterBot Quebec round 5
ChatterBot Tango round 5
ChatterBot Zulu round 5
ChatterBot Bravo round 5
ChatterBot Uniform round 5
ChatterBot Alpha round 5
ChatterBot Victor round 5
ChatterBot Yankee round 5
2024-10-14 21:17:39.931678 Uniform: Kilo, Quebec, Zulu and Bravo, sending you 1
2024-10-14 21:17:39.932689 Zulu: Kilo, Quebec and Yankee, sending you 4
2024-10-14 21:17:39.933681 Bravo: Kilo, Quebec and Yankee, sending you 4
2024-10-14 21:17:39.934851 Victor: Tango, sending you 7
2024-10-14 21:17:39.935669 Zulu: Bravo, sending you 6
2024-10-14 21:17:39.936655 Kilo: Quebec, sending you 5
2024-10-14 21:17:39.937603 Bravo: Zulu, sending you 5
2024-10-14 21:17:39.938056 Tango: Alpha, sending you 2
2024-10-14 21:17:39.938665 Victor: Alpha, sending you 8
2024-10-14 21:17:39.938924 Zulu: Uniform, sending you 1
2024-10-14 21:17:39.940676 Kilo: Zulu and Yankee, sending you 3
2024-10-14 21:17:39.941126 Tango: Victor, sending you 3
2024-10-14 21:17:39.942675 Bravo: Uniform, sending you 2
2024-10-14 21:17:39.943565 Alpha: Sending you each 10
2024-10-14 21:17:39.944344 Yankee: Kilo, Quebec, Zulu and Bravo, sending you 4
2024-10-14 21:17:39.944881 Kilo: Bravo, sending you 4
2024-10-14 21:17:39.945657 Quebec: Kilo, Zulu and Bravo, sending you 4
2024-10-14 21:17:39.948661 Kilo: Uniform, sending you 2
2024-10-14 21:17:39.949655 Yankee: Uniform, sending you 2
2024-10-14 21:17:39.950679 Quebec: Uniform, sending you 2
2024-10-14 21:17:39.955701 Quebec: Yankee, sending you 3
chatterbot Bravo submitting transactions
chatterbot Zulu submitting transactions
chatterbot Victor submitting transactions
chatterbot Tango submitting transactions
chatterbot Alpha submitting transactions
chatterbot Uniform submitting transactions
chatterbot Kilo submitting transactions
chatterbot Sierra submitting transactions
chatterbot Yankee submitting transactions
chatterbot Quebec submitting transactions
ChatterBot Sierra round 6
ChatterBot Kilo round 6
ChatterBot Quebec round 6
ChatterBot Tango round 6
ChatterBot Zulu round 6
ChatterBot Bravo round 6
ChatterBot Uniform round 6
ChatterBot Alpha round 6
ChatterBot Victor round 6
ChatterBot Yankee round 6
2024-10-14 21:17:41.146703 Kilo: Quebec, Zulu and Bravo, sending you 4
2024-10-14 21:17:41.149706 Kilo: Uniform, sending you 2
2024-10-14 21:17:41.150685 Tango: Alpha, sending you 2
2024-10-14 21:17:41.151155 Alpha: Same as last round
2024-10-14 21:17:41.151663 Quebec: Kilo, Zulu and Bravo, sending you 4
2024-10-14 21:17:41.153680 Tango: Victor, sending you 3
2024-10-14 21:17:41.154668 Bravo: Kilo, Quebec and Yankee, sending you 4
2024-10-14 21:17:41.155147 Kilo: Yankee, sending you 3
2024-10-14 21:17:41.155569 Zulu: Kilo, Quebec and Yankee, sending you 4
2024-10-14 21:17:41.156367 Quebec: Uniform, sending you 2
2024-10-14 21:17:41.156783 Yankee: Kilo, Quebec, Zulu and Bravo, sending you 4
2024-10-14 21:17:41.157257 Uniform: Kilo, Quebec, Zulu and Bravo, sending you 1
2024-10-14 21:17:41.158671 Victor: Tango, sending you 7
2024-10-14 21:17:41.159886 Bravo: Zulu, sending you 5
2024-10-14 21:17:41.160427 Zulu: Bravo, sending you 6
2024-10-14 21:17:41.160909 Yankee: Uniform, sending you 2
2024-10-14 21:17:41.161357 Quebec: Yankee, sending you 3
2024-10-14 21:17:41.162669 Victor: Alpha, sending you 8
2024-10-14 21:17:41.162973 Bravo: Uniform, sending you 2
2024-10-14 21:17:41.165677 Zulu: Uniform, sending you 1
chatterbot Alpha submitting transactions
chatterbot Uniform submitting transactions
chatterbot Quebec submitting transactions
chatterbot Tango submitting transactions
chatterbot Sierra submitting transactions
chatterbot Yankee submitting transactions
chatterbot Bravo submitting transactions
chatterbot Zulu submitting transactions
chatterbot Kilo submitting transactions
chatterbot Victor submitting transactions
ChatterBot Sierra round 7
ChatterBot Kilo round 7
ChatterBot Quebec round 7
ChatterBot Tango round 7
ChatterBot Zulu round 7
ChatterBot Bravo round 7
ChatterBot Uniform round 7
ChatterBot Alpha round 7
ChatterBot Victor round 7
ChatterBot Yankee round 7
2024-10-14 21:17:42.245406 Victor: We should replace Sierra with Uniform
2024-10-14 21:17:42.251365 Tango: No
2024-10-14 21:17:42.251518 Alpha: No
ChatterBot Victor reevaluating
ChatterBot Victor reevaluating
2024-10-14 21:17:42.273998 Tango: Alpha, sending you 2
2024-10-14 21:17:42.274710 Zulu: Kilo, Quebec and Yankee, sending you 4
2024-10-14 21:17:42.276682 Tango: Victor, sending you 3
2024-10-14 21:17:42.278447 Victor: Uniform we want you to join our group
2024-10-14 21:17:42.285112 Uniform: No
ChatterBot Victor reevaluating
2024-10-14 21:17:42.301405 Kilo: Quebec, Zulu and Bravo, sending you 4
2024-10-14 21:17:42.302794 Quebec: Kilo, Zulu and Bravo, sending you 4
2024-10-14 21:17:42.303866 Zulu: Bravo, sending you 6
2024-10-14 21:17:42.307716 Kilo: Uniform, sending you 2
2024-10-14 21:17:42.309080 Quebec: Uniform, sending you 2
2024-10-14 21:17:42.311048 Zulu: Uniform, sending you 1
2024-10-14 21:17:42.312845 Uniform: Kilo, Quebec, Zulu and Bravo, sending you 1
2024-10-14 21:17:42.314838 Bravo: Kilo, Quebec and Yankee, sending you 4
2024-10-14 21:17:42.316039 Yankee: Kilo, Quebec, Zulu and Bravo, sending you 4
2024-10-14 21:17:42.317765 Alpha: Same as last round
2024-10-14 21:17:42.318467 Kilo: Yankee, sending you 3
2024-10-14 21:17:42.320286 Quebec: Yankee, sending you 3
2024-10-14 21:17:42.322138 Bravo: Zulu, sending you 5
2024-10-14 21:17:42.324024 Yankee: Uniform, sending you 2
2024-10-14 21:17:42.328682 Bravo: Uniform, sending you 2
2024-10-14 21:17:42.339135 Victor: Tango, sending you 5
2024-10-14 21:17:42.342672 Victor: Alpha, sending you 6
chatterbot Victor submitting transactions
chatterbot Uniform submitting transactions
chatterbot Kilo submitting transactions
chatterbot Tango submitting transactions
chatterbot Zulu submitting transactions
chatterbot Bravo submitting transactions
chatterbot Yankee submitting transactions
chatterbot Sierra submitting transactions
chatterbot Alpha submitting transactions
chatterbot Quebec submitting transactions
ChatterBot Sierra round 8
ChatterBot Kilo round 8
ChatterBot Quebec round 8
ChatterBot Tango round 8
ChatterBot Zulu round 8
ChatterBot Bravo round 8
ChatterBot Uniform round 8
ChatterBot Alpha round 8
ChatterBot Victor round 8
ChatterBot Yankee round 8
2024-10-14 21:17:43.295752 Victor: We should replace Sierra with Kilo
2024-10-14 21:17:43.303540 Tango: No
2024-10-14 21:17:43.303802 Alpha: No
ChatterBot Victor reevaluating
ChatterBot Victor reevaluating
2024-10-14 21:17:43.318963 Victor: We should replace Sierra with Uniform
2024-10-14 21:17:43.324 Tango: No
2024-10-14 21:17:43.324270 Alpha: No
ChatterBot Victor reevaluating
ChatterBot Victor reevaluating
2024-10-14 21:17:43.340465 Victor: We should replace Sierra with Yankee
2024-10-14 21:17:43.349723 Tango: No
2024-10-14 21:17:43.349946 Alpha: No
ChatterBot Victor reevaluating
ChatterBot Victor reevaluating
2024-10-14 21:17:43.363411 Yankee: We should drop Uniform
ChatterBot Quebec reevaluating
2024-10-14 21:17:43.379566 Kilo: No
2024-10-14 21:17:43.379893 Quebec: Yes
2024-10-14 21:17:43.380110 Zulu: No
2024-10-14 21:17:43.380286 Bravo: No
ChatterBot Yankee reevaluating
ChatterBot Quebec reevaluating
ChatterBot Yankee reevaluating
ChatterBot Kilo reevaluating
ChatterBot Yankee reevaluating
ChatterBot Kilo reevaluating
ChatterBot Quebec reevaluating
ChatterBot Yankee reevaluating
ChatterBot Kilo reevaluating
ChatterBot Quebec reevaluating
2024-10-14 21:17:43.450647 Alpha: Same as last round
2024-10-14 21:17:43.451066 Tango: Sending you each 2
2024-10-14 21:17:43.451415 Sierra: Uniform, sending you 1
2024-10-14 21:17:43.452496 Uniform: Kilo, Quebec, Zulu and Bravo, sending you 1
2024-10-14 21:17:43.453366 Bravo: Kilo, Quebec and Yankee, sending you 4
2024-10-14 21:17:43.454861 Zulu: Kilo, Quebec and Yankee, sending you 4
2024-10-14 21:17:43.457094 Victor: Uniform we want you to join our group
2024-10-14 21:17:43.460432 Uniform: No
ChatterBot Victor reevaluating
2024-10-14 21:17:43.470447 Bravo: Zulu, sending you 5
2024-10-14 21:17:43.471766 Zulu: Bravo, sending you 6
2024-10-14 21:17:43.475670 Bravo: Uniform, sending you 2
2024-10-14 21:17:43.476399 Zulu: Uniform, sending you 1
2024-10-14 21:17:43.482829 Yankee: Same as last round
2024-10-14 21:17:43.484678 Kilo: Quebec and Bravo, sending you 4
2024-10-14 21:17:43.490662 Kilo: Zulu and Yankee, sending you 3
2024-10-14 21:17:43.493668 Kilo: Uniform, sending you 2
2024-10-14 21:17:43.503357 Victor: Tango and Alpha, sending you 4
2024-10-14 21:17:43.506649 Victor: Uniform, sending you 3
chatterbot Bravo submitting transactions
chatterbot Sierra submitting transactions
chatterbot Yankee submitting transactions
chatterbot Uniform submitting transactions
chatterbot Alpha submitting transactions
chatterbot Tango submitting transactions
chatterbot Kilo submitting transactions
chatterbot Zulu submitting transactions
chatterbot Quebec submitting transactions
chatterbot Victor submitting transactions
ChatterBot Sierra round 9
ChatterBot Kilo round 9
ChatterBot Quebec round 9
ChatterBot Tango round 9
ChatterBot Zulu round 9
ChatterBot Bravo round 9
ChatterBot Uniform round 9
ChatterBot Alpha round 9
ChatterBot Victor round 9
ChatterBot Yankee round 9
2024-10-14 21:17:44.848769 Victor: We should replace Uniform with Sierra
2024-10-14 21:17:44.856059 Tango: No
2024-10-14 21:17:44.856841 Alpha: No
2024-10-14 21:17:44.874549 Victor: Sierra we want you to join our group
ChatterBot Sierra reevaluating
2024-10-14 21:17:44.879258 Sierra: Yes
2024-10-14 21:17:44.889054 Sierra: Let's form a team
ChatterBot Alpha reevaluating
2024-10-14 21:17:44.898547 Victor: Yes
2024-10-14 21:17:44.898942 Tango: No
2024-10-14 21:17:44.899264 Alpha: Yes
ChatterBot Alpha reevaluating
ChatterBot Sierra reevaluating
ChatterBot Alpha reevaluating
ChatterBot Sierra reevaluating
ChatterBot Sierra reevaluating
2024-10-14 21:17:44.927230 Zulu: I was attacked by Victor
ChatterBot Quebec reevaluating
ChatterBot Kilo reevaluating
ChatterBot Bravo reevaluating
ChatterBot Uniform reevaluating
ChatterBot Yankee reevaluating
2024-10-14 21:17:44.943288 Zulu: I'm keeping this round to protect myself
2024-10-14 21:17:44.944732 Zulu: Ow
2024-10-14 21:17:44.949679 Tango: Same as last round
2024-10-14 21:17:44.954824 Sierra: Sorry, I'm actually sending you 0
2024-10-14 21:17:44.955500 Sierra: Sorry, I'm actually sending you 0
2024-10-14 21:17:44.959653 Sierra: Tango, sending you 1
2024-10-14 21:17:44.962683 Victor: I was attacked by Kilo
ChatterBot Tango reevaluating
ChatterBot Alpha reevaluating
ChatterBot Sierra reevaluating
2024-10-14 21:17:44.972272 Victor: I'm keeping this round to protect myself
2024-10-14 21:17:44.972978 Victor: Ow
2024-10-14 21:17:44.977668 Yankee: Same as last round
2024-10-14 21:17:44.978275 Uniform: Quebec, sending you 1
2024-10-14 21:17:44.979317 Bravo: Kilo and Zulu, sending you 3
2024-10-14 21:17:44.983658 Bravo: Quebec, Uniform and Yankee, sending you 2
chatterbot Victor submitting transactions
chatterbot Uniform submitting transactions
chatterbot Alpha submitting transactions
chatterbot Bravo submitting transactions
chatterbot Yankee submitting transactions
chatterbot Sierra submitting transactions
chatterbot Zulu submitting transactions
chatterbot Tango submitting transactions
chatterbot Quebec submitting transactions
chatterbot Kilo submitting transactions
ChatterBot Sierra round 10
ChatterBot Kilo round 10
ChatterBot Quebec round 10
ChatterBot Tango round 10
ChatterBot Zulu round 10
ChatterBot Bravo round 10
ChatterBot Uniform round 10
ChatterBot Alpha round 10
ChatterBot Victor round 10
ChatterBot Yankee round 10
2024-10-14 21:17:46.027578 Kilo: We should drop Uniform
ChatterBot Quebec reevaluating
ChatterBot Zulu reevaluating
ChatterBot Bravo reevaluating
2024-10-14 21:17:46.045746 Yankee: Yes
2024-10-14 21:17:46.045877 Quebec: Yes
2024-10-14 21:17:46.045983 Zulu: Yes
2024-10-14 21:17:46.046087 Bravo: Yes
ChatterBot Kilo reevaluating
ChatterBot Quebec reevaluating
ChatterBot Zulu reevaluating
ChatterBot Bravo reevaluating
ChatterBot Kilo reevaluating
ChatterBot Zulu reevaluating
ChatterBot Bravo reevaluating
ChatterBot Kilo reevaluating
ChatterBot Quebec reevaluating
ChatterBot Bravo reevaluating
ChatterBot Kilo reevaluating
ChatterBot Quebec reevaluating
ChatterBot Zulu reevaluating
2024-10-14 21:17:46.126369 Sierra: Tango, sending you 1
2024-10-14 21:17:46.130655 Victor: I was attacked by Bravo
ChatterBot Tango reevaluating
ChatterBot Alpha reevaluating
ChatterBot Sierra reevaluating
2024-10-14 21:17:46.147212 Victor: I'm keeping this round to protect myself
2024-10-14 21:17:46.148586 Victor: Ow
2024-10-14 21:17:46.151681 Bravo: Kilo, Zulu and Yankee, sending you 5
2024-10-14 21:17:46.152848 Yankee: Same as last round
2024-10-14 21:17:46.153684 Uniform: Quebec and Zulu, sending you 1
2024-10-14 21:17:46.155571 Bravo: Quebec, sending you 4
2024-10-14 21:17:46.171008 Tango: Alpha, sending you 1
2024-10-14 21:17:46.171697 Zulu: Kilo and Yankee, sending you 5
2024-10-14 21:17:46.172336 Quebec: Kilo, sending you 5
2024-10-14 21:17:46.174681 Zulu: Quebec, sending you 3
2024-10-14 21:17:46.175746 Tango: Victor, sending you 3
2024-10-14 21:17:46.176670 Quebec: Zulu, Bravo and Yankee, sending you 4
2024-10-14 21:17:46.180672 Zulu: Bravo, sending you 6
chatterbot Uniform submitting transactions
chatterbot Sierra submitting transactions
chatterbot Kilo submitting transactions
chatterbot Victor submitting transactions
chatterbot Alpha submitting transactions
chatterbot Quebec submitting transactions
chatterbot Tango submitting transactions
chatterbot Yankee submitting transactions
chatterbot Zulu submitting transactions
chatterbot Bravo submitting transactions
ChatterBot Sierra round 11
ChatterBot Kilo round 11
ChatterBot Quebec round 11
ChatterBot Tango round 11
ChatterBot Zulu round 11
ChatterBot Bravo round 11
ChatterBot Uniform round 11
ChatterBot Alpha round 11
ChatterBot Victor round 11
ChatterBot Yankee round 11
2024-10-14 21:17:47.411422 Kilo: We should drop Uniform
2024-10-14 21:17:47.444279 Yankee: Yes
2024-10-14 21:17:47.444465 Quebec: Yes
2024-10-14 21:17:47.444601 Zulu: Yes
2024-10-14 21:17:47.444737 Bravo: Yes
ChatterBot Kilo reevaluating
ChatterBot Kilo reevaluating
ChatterBot Kilo reevaluating
ChatterBot Kilo reevaluating
2024-10-14 21:17:47.525681 Zulu: Kilo, sending you 5
2024-10-14 21:17:47.527020 Quebec: Kilo, sending you 1
2024-10-14 21:17:47.528074 Sierra: Tango, sending you 1
2024-10-14 21:17:47.528700 Tango: Alpha, sending you 1
2024-10-14 21:17:47.529256 Bravo: Kilo, sending you 5
2024-10-14 21:17:47.530762 Zulu: Quebec and Yankee, sending you 4
2024-10-14 21:17:47.531700 Tango: Victor, sending you 3
2024-10-14 21:17:47.533691 Bravo: Quebec and Yankee, sending you 4
2024-10-14 21:17:47.534941 Uniform: Quebec and Zulu, sending you 1
2024-10-14 21:17:47.536398 Zulu: Bravo, sending you 6
2024-10-14 21:17:47.538096 Bravo: Zulu, sending you 6
2024-10-14 21:17:47.540681 Yankee: Same as last round
chatterbot Yankee submitting transactions
chatterbot Tango submitting transactions
chatterbot Victor submitting transactions
chatterbot Bravo submitting transactions
chatterbot Kilo submitting transactions
chatterbot Quebec submitting transactions
chatterbot Uniform submitting transactions
chatterbot Zulu submitting transactions
chatterbot Sierra submitting transactions
chatterbot Alpha submitting transactions
ChatterBot Sierra round 12
ChatterBot Kilo round 12
ChatterBot Quebec round 12
ChatterBot Tango round 12
ChatterBot Zulu round 12
ChatterBot Bravo round 12
2024-10-14 21:17:48.662970 Kilo: We would work well together
ChatterBot Zulu reevaluating
ChatterBot Bravo reevaluating
2024-10-14 21:17:48.695805 Zulu: No
2024-10-14 21:17:48.696034 Bravo: No
2024-10-14 21:17:48.696192 Yankee: No
2024-10-14 21:17:48.696335 Alpha: No
ChatterBot Kilo reevaluating
ChatterBot Bravo reevaluating
ChatterBot Kilo reevaluating
ChatterBot Zulu reevaluating
ChatterBot Kilo reevaluating
ChatterBot Zulu reevaluating
ChatterBot Bravo reevaluating
ChatterBot Kilo reevaluating
ChatterBot Zulu reevaluating
ChatterBot Bravo reevaluating
ChatterBot Uniform round 12
ChatterBot Alpha round 12
ChatterBot Victor round 12
ChatterBot Yankee round 12
2024-10-14 21:17:48.816904 Kilo: We should drop Quebec and Uniform
ChatterBot Zulu reevaluating
ChatterBot Yankee reevaluating
2024-10-14 21:17:48.835387 Zulu: Yes
2024-10-14 21:17:48.835551 Bravo: Yes
2024-10-14 21:17:48.836547 Yankee: Yes
ChatterBot Kilo reevaluating
ChatterBot Yankee reevaluating
ChatterBot Kilo reevaluating
ChatterBot Zulu reevaluating
ChatterBot Yankee reevaluating
ChatterBot Kilo reevaluating
ChatterBot Zulu reevaluating
2024-10-14 21:17:48.916722 Bravo: We should drop Quebec
ChatterBot Kilo reevaluating
ChatterBot Zulu reevaluating
ChatterBot Yankee reevaluating
2024-10-14 21:17:48.935877 Kilo: Yes
2024-10-14 21:17:48.936018 Zulu: Yes
2024-10-14 21:17:48.936112 Yankee: Yes
ChatterBot Zulu reevaluating
ChatterBot Yankee reevaluating
ChatterBot Kilo reevaluating
ChatterBot Yankee reevaluating
ChatterBot Kilo reevaluating
ChatterBot Zulu reevaluating
2024-10-14 21:17:48.997594 Uniform: We should drop Quebec
ChatterBot Kilo reevaluating
ChatterBot Zulu reevaluating
ChatterBot Yankee reevaluating
2024-10-14 21:17:49.017483 Kilo: Yes
2024-10-14 21:17:49.017594 Zulu: Yes
2024-10-14 21:17:49.017695 Bravo: Yes
2024-10-14 21:17:49.017797 Yankee: Yes
ChatterBot Zulu reevaluating
ChatterBot Yankee reevaluating
ChatterBot Kilo reevaluating
ChatterBot Yankee reevaluating
ChatterBot Kilo reevaluating
ChatterBot Zulu reevaluating
ChatterBot Yankee reevaluating
ChatterBot Kilo reevaluating
ChatterBot Zulu reevaluating
2024-10-14 21:17:49.101361 Tango: Alpha, sending you 1
2024-10-14 21:17:49.105068 Tango: Victor, sending you 3
2024-10-14 21:17:49.105453 Sierra: Tango, sending you 1
2024-10-14 21:17:49.105837 Quebec: Kilo, sending you 5
chatterbot Quebec submitting transactions
2024-10-14 21:17:49.109697 Quebec: Zulu, Bravo and Yankee, sending you 4
2024-10-14 21:17:49.113694 Bravo: I was attacked by Quebec
ChatterBot Kilo reevaluating
ChatterBot Zulu reevaluating
ChatterBot Yankee reevaluating
2024-10-14 21:17:49.132863 Bravo: I'm keeping this round to protect myself
2024-10-14 21:17:49.133770 Bravo: Ow
2024-10-14 21:17:49.134492 Victor: Tango and Alpha, sending you 3
2024-10-14 21:17:49.136659 Uniform: Kilo and Zulu, sending you 1
2024-10-14 21:17:49.161700 Zulu: Kilo, sending you 6
2024-10-14 21:17:49.163662 Yankee: Kilo and Zulu, sending you 4
2024-10-14 21:17:49.165690 Zulu: Bravo and Yankee, sending you 5
2024-10-14 21:17:49.168671 Yankee: Bravo, sending you 3
chatterbot Uniform submitting transactions
chatterbot Victor submitting transactions
chatterbot Tango submitting transactions
chatterbot Bravo submitting transactions
chatterbot Sierra submitting transactions
chatterbot Kilo submitting transactions
chatterbot Alpha submitting transactions
chatterbot Zulu submitting transactions
chatterbot Yankee submitting transactions
ChatterBot Sierra round 13
ChatterBot Kilo round 13
ChatterBot Quebec round 13
ChatterBot Tango round 13
ChatterBot Zulu round 13
ChatterBot Bravo round 13
ChatterBot Uniform round 13
ChatterBot Alpha round 13
ChatterBot Victor round 13
ChatterBot Yankee round 13
2024-10-14 21:17:50.254226 Uniform: We should replace Bravo with Quebec
ChatterBot Kilo reevaluating
ChatterBot Zulu reevaluating
ChatterBot Yankee reevaluating
2024-10-14 21:17:50.269005 Kilo: Yes
2024-10-14 21:17:50.269179 Zulu: No
2024-10-14 21:17:50.269302 Yankee: No
ChatterBot Zulu reevaluating
ChatterBot Yankee reevaluating
ChatterBot Kilo reevaluating
ChatterBot Yankee reevaluating
ChatterBot Kilo reevaluating
ChatterBot Zulu reevaluating
2024-10-14 21:17:50.360683 Sierra: We should add Bravo
2024-10-14 21:17:50.383530 Victor: No
2024-10-14 21:17:50.383793 Tango: No
2024-10-14 21:17:50.383992 Alpha: No
ChatterBot Sierra reevaluating
2024-10-14 21:17:50.460116 Quebec: We should drop Bravo
ChatterBot Kilo reevaluating
ChatterBot Zulu reevaluating
ChatterBot Yankee reevaluating
2024-10-14 21:17:50.478088 Kilo: Yes
2024-10-14 21:17:50.478226 Zulu: Yes
2024-10-14 21:17:50.478327 Yankee: Yes
ChatterBot Zulu reevaluating
ChatterBot Yankee reevaluating
ChatterBot Kilo reevaluating
ChatterBot Yankee reevaluating
ChatterBot Kilo reevaluating
ChatterBot Zulu reevaluating
2024-10-14 21:17:50.542287 Uniform: Quebec we want you to join our group
2024-10-14 21:17:50.550550 Quebec: No
ChatterBot Uniform reevaluating
ChatterBot Kilo reevaluating
ChatterBot Zulu reevaluating
ChatterBot Yankee reevaluating
2024-10-14 21:17:50.582032 Uniform: Can we be friends?
2024-10-14 21:17:50.590731 Bravo: No
ChatterBot Uniform reevaluating
2024-10-14 21:17:50.602703 Bravo: Kilo and Yankee, sending you 3
2024-10-14 21:17:50.604295 Tango: Alpha, sending you 2
2024-10-14 21:17:50.606883 Zulu: We should drop Bravo and Alpha
2024-10-14 21:17:50.617308 Yankee: Yes
2024-10-14 21:17:50.617491 Kilo: Yes
2024-10-14 21:17:50.640136 Bravo: Zulu, sending you 4
2024-10-14 21:17:50.640729 Tango: Victor, sending you 3
2024-10-14 21:17:50.642678 Victor: Tango, sending you 8
2024-10-14 21:17:50.644689 Quebec: Kilo and Yankee, sending you 1
2024-10-14 21:17:50.647775 Sierra: Sending you each 1
2024-10-14 21:17:50.648674 Victor: Alpha, sending you 5
2024-10-14 21:17:50.654696 Zulu: Sending you each 7
2024-10-14 21:17:50.656104 Yankee: Same as last round
2024-10-14 21:17:50.664679 Uniform: Sending you each 1
chatterbot Victor submitting transactions
chatterbot Tango submitting transactions
chatterbot Quebec submitting transactions
chatterbot Yankee submitting transactions
chatterbot Kilo submitting transactions
chatterbot Bravo submitting transactions
chatterbot Uniform submitting transactions
chatterbot Sierra submitting transactions
chatterbot Zulu submitting transactions
chatterbot Alpha submitting transactions
ChatterBot Sierra round 14
ChatterBot Kilo round 14
ChatterBot Quebec round 14
ChatterBot Tango round 14
ChatterBot Zulu round 14
ChatterBot Bravo round 14
ChatterBot Uniform round 14
ChatterBot Alpha round 14
ChatterBot Victor round 14
ChatterBot Yankee round 14
2024-10-14 21:17:51.639061 Quebec: We should add Bravo
ChatterBot Kilo reevaluating
ChatterBot Zulu reevaluating
ChatterBot Yankee reevaluating
2024-10-14 21:17:51.663959 Kilo: Yes
2024-10-14 21:17:51.664202 Zulu: Yes
2024-10-14 21:17:51.664318 Yankee: Yes
ChatterBot Zulu reevaluating
ChatterBot Yankee reevaluating
ChatterBot Kilo reevaluating
ChatterBot Yankee reevaluating
ChatterBot Kilo reevaluating
ChatterBot Zulu reevaluating
2024-10-14 21:17:51.737068 Uniform: We should add Bravo
ChatterBot Kilo reevaluating
ChatterBot Zulu reevaluating
ChatterBot Yankee reevaluating
2024-10-14 21:17:51.762028 Kilo: Yes
2024-10-14 21:17:51.762326 Quebec: Yes
2024-10-14 21:17:51.762624 Zulu: Yes
2024-10-14 21:17:51.763726 Yankee: Yes
ChatterBot Zulu reevaluating
ChatterBot Yankee reevaluating
ChatterBot Kilo reevaluating
ChatterBot Zulu reevaluating
ChatterBot Yankee reevaluating
ChatterBot Kilo reevaluating
ChatterBot Yankee reevaluating
ChatterBot Kilo reevaluating
ChatterBot Zulu reevaluating
2024-10-14 21:17:51.883019 Quebec: Bravo we want you to join our group
2024-10-14 21:17:51.887622 Bravo: No
ChatterBot Yankee reevaluating
ChatterBot Kilo reevaluating
ChatterBot Zulu reevaluating
2024-10-14 21:17:51.929707 Uniform: Bravo we want you to join our group
2024-10-14 21:17:51.936889 Bravo: No
ChatterBot Kilo reevaluating
2024-10-14 21:17:51.986692 Bravo: Kilo and Zulu, sending you 5
2024-10-14 21:17:51.987462 Tango: Alpha, sending you 1
2024-10-14 21:17:52.005855 Bravo: Yankee, sending you 4
2024-10-14 21:17:52.007175 Tango: Victor, sending you 3
2024-10-14 21:17:52.008428 Alpha: I was attacked by Quebec
ChatterBot Tango reevaluating
ChatterBot Victor reevaluating
2024-10-14 21:17:52.021574 Alpha: I'm keeping this round to protect myself
2024-10-14 21:17:52.023054 Alpha: Ow
2024-10-14 21:17:52.023563 Yankee: Kilo and Zulu, sending you 3
2024-10-14 21:17:52.025234 Uniform: Sending you each 1
2024-10-14 21:17:52.026109 Quebec: Kilo and Yankee, sending you 1
2024-10-14 21:17:52.027527 Sierra: Tango, sending you 1
2024-10-14 21:17:52.028283 Zulu: Kilo, sending you 7
2024-10-14 21:17:52.028713 Yankee: Bravo, sending you 2
2024-10-14 21:17:52.033983 Zulu: Bravo and Yankee, sending you 6
2024-10-14 21:17:52.045660 Victor: Tango, sending you 9
2024-10-14 21:17:52.050603 Victor: Alpha, sending you 4
chatterbot Uniform submitting transactions
chatterbot Bravo submitting transactions
chatterbot Zulu submitting transactions
chatterbot Tango submitting transactions
