ChatterBot Whiskey round 1
ChatterBot Zulu round 1
ChatterBot Tango round 1
ChatterBot Bravo round 1
ChatterBot Oscar round 1
ChatterBot Alpha round 1
ChatterBot November round 1
ChatterBot Hotel round 1
ChatterBot Quebec round 1
ChatterBot Foxtrot round 1
randomSelections Tango: {Tango, Quebec, Alpha, Bravo, November, Zulu} 
2024-10-14 21:17:31.660226 Tango: We should group up
ChatterBot Quebec reevaluating
ChatterBot Alpha reevaluating
ChatterBot Bravo reevaluating
ChatterBot November reevaluating
ChatterBot Zulu reevaluating
2024-10-14 21:17:31.672498 Quebec: Yes
2024-10-14 21:17:31.672653 Alpha: Yes
2024-10-14 21:17:31.672768 Bravo: Yes
2024-10-14 21:17:31.673469 November: Yes
2024-10-14 21:17:31.673549 Zulu: Yes
ChatterBot Alpha reevaluating
ChatterBot Bravo reevaluating
ChatterBot November reevaluating
ChatterBot Zulu reevaluating
ChatterBot Quebec reevaluating
ChatterBot Bravo reevaluating
ChatterBot November reevaluating
ChatterBot Zulu reevaluating
ChatterBot Quebec reevaluating
ChatterBot Alpha reevaluating
ChatterBot November reevaluating
ChatterBot Zulu reevaluating
ChatterBot Quebec reevaluating
ChatterBot Alpha reevaluating
ChatterBot Bravo reevaluating
ChatterBot Zulu reevaluating
ChatterBot Quebec reevaluating
ChatterBot Alpha reevaluating
ChatterBot Bravo reevaluating
ChatterBot November reevaluating
randomSelections Foxtrot: {Foxtrot, Quebec, November, Hotel, Zulu, Tango} 
2024-10-14 21:17:31.818594 Foxtrot: We would work well together
ChatterBot Quebec reevaluating
ChatterBot November reevaluating
ChatterBot Hotel reevaluating
ChatterBot Zulu reevaluating
2024-10-14 21:17:31.834111 Quebec: No
2024-10-14 21:17:31.834429 November: No
2024-10-14 21:17:31.834793 Hotel: Yes
2024-10-14 21:17:31.835808 Zulu: No
2024-10-14 21:17:31.836084 Tango: No
ChatterBot November reevaluating
ChatterBot Hotel reevaluating
ChatterBot Zulu reevaluating
ChatterBot Quebec reevaluating
ChatterBot Hotel reevaluating
ChatterBot Zulu reevaluating
ChatterBot Quebec reevaluating
ChatterBot November reevaluating
ChatterBot Zulu reevaluating
ChatterBot Quebec reevaluating
ChatterBot November reevaluating
ChatterBot Hotel reevaluating
ChatterBot Quebec reevaluating
ChatterBot November reevaluating
ChatterBot Hotel reevaluating
ChatterBot Zulu reevaluating
randomSelections Whiskey: {Whiskey, Alpha, Bravo, Zulu, Tango, Foxtrot, Oscar} 
2024-10-14 21:17:31.902435 Whiskey: Let's form a team
ChatterBot Alpha reevaluating
ChatterBot Bravo reevaluating
ChatterBot Zulu reevaluating
ChatterBot Oscar reevaluating
2024-10-14 21:17:31.912158 Alpha: No
2024-10-14 21:17:31.912468 Bravo: No
2024-10-14 21:17:31.913245 Zulu: No
2024-10-14 21:17:31.913514 Tango: No
2024-10-14 21:17:31.913884 Foxtrot: No
2024-10-14 21:17:31.914156 Oscar: Yes
ChatterBot Bravo reevaluating
ChatterBot Zulu reevaluating
ChatterBot Oscar reevaluating
ChatterBot Alpha reevaluating
ChatterBot Zulu reevaluating
ChatterBot Oscar reevaluating
ChatterBot Alpha reevaluating
ChatterBot Bravo reevaluating
ChatterBot Oscar reevaluating
ChatterBot Alpha reevaluating
ChatterBot Bravo reevaluating
ChatterBot Zulu reevaluating
ChatterBot Oscar reevaluating
ChatterBot Alpha reevaluating
ChatterBot Bravo reevaluating
ChatterBot Zulu reevaluating
ChatterBot Oscar reevaluating
ChatterBot Alpha reevaluating
ChatterBot Bravo reevaluating
ChatterBot Zulu reevaluating
2024-10-14 21:17:31.992150 Bravo: Zulu, Alpha and Quebec, sending you 4
2024-10-14 21:17:31.992929 Foxtrot: Zulu and Tango, sending you 1
2024-10-14 21:17:31.996939 Bravo: Tango and November, sending you 2
2024-10-14 21:17:31.997722 Tango: Zulu, sending you 4
2024-10-14 21:17:31.999873 Foxtrot: November, sending you 2
2024-10-14 21:17:32.001676 Hotel: Zulu and Quebec, sending you 3
2024-10-14 21:17:32.002810 Whiskey: Zulu, sending you 4
2024-10-14 21:17:32.005435 Alpha: Zulu, sending you 6
2024-10-14 21:17:32.006422 Zulu: Tango, sending you 4
2024-10-14 21:17:32.008556 Quebec: Zulu, Tango and Bravo, sending you 2
2024-10-14 21:17:32.010717 Tango: Bravo, sending you 1
2024-10-14 21:17:32.011542 Hotel: Tango, sending you 4
2024-10-14 21:17:32.013257 Oscar: Whiskey, sending you 2
2024-10-14 21:17:32.014209 Whiskey: Tango and Foxtrot, sending you 1
2024-10-14 21:17:32.016041 Alpha: Tango, sending you 1
2024-10-14 21:17:32.016694 Zulu: Bravo, sending you 3
2024-10-14 21:17:32.017314 Quebec: Alpha, sending you 5
2024-10-14 21:17:32.018844 November: Zulu, sending you 2
2024-10-14 21:17:32.019480 Tango: Alpha, sending you 2
2024-10-14 21:17:32.021300 Hotel: November, sending you 5
2024-10-14 21:17:32.021902 Oscar: Zulu and Bravo, sending you 4
2024-10-14 21:17:32.024829 Whiskey: Bravo and Alpha, sending you 2
2024-10-14 21:17:32.027188 Zulu: Alpha, sending you 1
2024-10-14 21:17:32.028111 Alpha: Bravo, November and Quebec, sending you 3
2024-10-14 21:17:32.028687 Quebec: November, sending you 6
2024-10-14 21:17:32.030195 November: Tango, sending you 3
2024-10-14 21:17:32.030847 Tango: November and Quebec, sending you 3
2024-10-14 21:17:32.032739 Hotel: Foxtrot, sending you 1
2024-10-14 21:17:32.033452 Oscar: Tango, sending you 1
2024-10-14 21:17:32.034239 Whiskey: Oscar, sending you 8
2024-10-14 21:17:32.035697 Zulu: November and Quebec, sending you 2
2024-10-14 21:17:32.036391 November: Alpha, sending you 4
2024-10-14 21:17:32.037771 Oscar: Alpha and Foxtrot, sending you 3
2024-10-14 21:17:32.040851 November: Quebec, sending you 7
chatterbot Bravo submitting transactions
chatterbot Tango submitting transactions
chatterbot Oscar submitting transactions
chatterbot Zulu submitting transactions
chatterbot Quebec submitting transactions
chatterbot Foxtrot submitting transactions
chatterbot November submitting transactions
chatterbot Whiskey submitting transactions
chatterbot Hotel submitting transactions
chatterbot Alpha submitting transactions
ChatterBot Whiskey round 2
ChatterBot Zulu round 2
ChatterBot Tango round 2
ChatterBot Bravo round 2
ChatterBot Oscar round 2
ChatterBot Alpha round 2
ChatterBot November round 2
ChatterBot Hotel round 2
ChatterBot Quebec round 2
ChatterBot Foxtrot round 2
2024-10-14 21:17:34.656525 Whiskey: We should group up
ChatterBot Oscar reevaluating
2024-10-14 21:17:34.663430 Oscar: Yes
2024-10-14 21:17:34.674770 Tango: We should add Hotel
ChatterBot Quebec reevaluating
ChatterBot Alpha reevaluating
ChatterBot Bravo reevaluating
ChatterBot November reevaluating
ChatterBot Zulu reevaluating
2024-10-14 21:17:34.712794 Quebec: No
2024-10-14 21:17:34.713388 Alpha: No
2024-10-14 21:17:34.714582 Bravo: No
2024-10-14 21:17:34.714920 November: Yes
2024-10-14 21:17:34.715230 Zulu: Yes
ChatterBot Alpha reevaluating
ChatterBot Bravo reevaluating
ChatterBot November reevaluating
ChatterBot Zulu reevaluating
ChatterBot Quebec reevaluating
ChatterBot Bravo reevaluating
ChatterBot November reevaluating
ChatterBot Zulu reevaluating
ChatterBot Quebec reevaluating
ChatterBot Alpha reevaluating
ChatterBot November reevaluating
ChatterBot Zulu reevaluating
ChatterBot Quebec reevaluating
ChatterBot Alpha reevaluating
ChatterBot Bravo reevaluating
ChatterBot Zulu reevaluating
ChatterBot Quebec reevaluating
ChatterBot Alpha reevaluating
ChatterBot Bravo reevaluating
ChatterBot November reevaluating
2024-10-14 21:17:34.897791 Foxtrot: Let's form a team
ChatterBot Whiskey reevaluating
ChatterBot Oscar reevaluating
ChatterBot Hotel reevaluating
2024-10-14 21:17:34.914702 Whiskey: No
2024-10-14 21:17:34.914865 Oscar: No
2024-10-14 21:17:34.915007 Hotel: No
ChatterBot Foxtrot reevaluating
ChatterBot Oscar reevaluating
ChatterBot Hotel reevaluating
ChatterBot Foxtrot reevaluating
ChatterBot Whiskey reevaluating
ChatterBot Hotel reevaluating
ChatterBot Foxtrot reevaluating
ChatterBot Whiskey reevaluating
ChatterBot Oscar reevaluating
2024-10-14 21:17:34.961643 Oscar: Group up?
ChatterBot Whiskey reevaluating
ChatterBot Foxtrot reevaluating
2024-10-14 21:17:34.970748 Whiskey: No
2024-10-14 21:17:34.971020 Foxtrot: Yes
ChatterBot Oscar reevaluating
ChatterBot Foxtrot reevaluating
ChatterBot Oscar reevaluating
ChatterBot Whiskey reevaluating
2024-10-14 21:17:34.993997 Tango: Hotel we want you to join our group
ChatterBot Hotel reevaluating
2024-10-14 21:17:34.997775 Hotel: Yes
ChatterBot Zulu reevaluating
ChatterBot Bravo reevaluating
ChatterBot Alpha reevaluating
ChatterBot November reevaluating
ChatterBot Quebec reevaluating
2024-10-14 21:17:35.019583 Hotel: We would work well together
2024-10-14 21:17:35.019777 Bravo: We should group up
ChatterBot Zulu reevaluating
ChatterBot Alpha reevaluating
ChatterBot November reevaluating
ChatterBot Quebec reevaluating
ChatterBot Bravo reevaluating
ChatterBot Whiskey reevaluating
ChatterBot Oscar reevaluating
ChatterBot Foxtrot reevaluating
2024-10-14 21:17:35.051598 Tango: Yes
2024-10-14 21:17:35.051776 Zulu: Yes
2024-10-14 21:17:35.051974 Alpha: Yes
2024-10-14 21:17:35.052157 November: Yes
2024-10-14 21:17:35.052279 Quebec: No
2024-10-14 21:17:35.052799 Bravo: No
2024-10-14 21:17:35.052905 Whiskey: No
2024-10-14 21:17:35.053011 Oscar: No
2024-10-14 21:17:35.053116 Foxtrot: No
ChatterBot Zulu reevaluating
ChatterBot Bravo reevaluating
ChatterBot Alpha reevaluating
ChatterBot November reevaluating
ChatterBot Hotel reevaluating
ChatterBot Quebec reevaluating
ChatterBot Oscar reevaluating
ChatterBot Foxtrot reevaluating
ChatterBot Bravo reevaluating
ChatterBot Alpha reevaluating
ChatterBot November reevaluating
ChatterBot Hotel reevaluating
ChatterBot Quebec reevaluating
ChatterBot Whiskey reevaluating
ChatterBot Foxtrot reevaluating
ChatterBot Zulu reevaluating
ChatterBot Bravo reevaluating
ChatterBot November reevaluating
ChatterBot Hotel reevaluating
ChatterBot Quebec reevaluating
ChatterBot Whiskey reevaluating
ChatterBot Oscar reevaluating
ChatterBot Zulu reevaluating
ChatterBot Bravo reevaluating
ChatterBot Alpha reevaluating
ChatterBot Hotel reevaluating
ChatterBot Quebec reevaluating
ChatterBot Zulu reevaluating
ChatterBot Bravo reevaluating
ChatterBot Alpha reevaluating
ChatterBot November reevaluating
ChatterBot Hotel reevaluating
ChatterBot Zulu reevaluating
ChatterBot Alpha reevaluating
ChatterBot November reevaluating
ChatterBot Hotel reevaluating
ChatterBot Quebec reevaluating
ChatterBot Bravo reevaluating
ChatterBot Bravo reevaluating
ChatterBot Bravo reevaluating
2024-10-14 21:17:35.319076 November: Hotel we want you to join our group
2024-10-14 21:17:35.324222 Hotel: Yes
2024-10-14 21:17:35.351772 Zulu: Hotel we want you to join our group
2024-10-14 21:17:35.357252 Hotel: Yes
ChatterBot Bravo reevaluating
2024-10-14 21:17:35.475238 Quebec: Hotel we want you to join our group
2024-10-14 21:17:35.483133 Hotel: Yes
ChatterBot Bravo reevaluating
chatterbot Tango submitting transactions
2024-10-14 21:17:35.525017 Foxtrot: Whiskey and Hotel, sending you 6
2024-10-14 21:17:35.526557 Whiskey: Oscar, sending you 8
2024-10-14 21:17:35.527008 Hotel: Sending you each 3
2024-10-14 21:17:35.528477 Oscar: Sending you 5
2024-10-14 21:17:35.529295 Alpha: Zulu, sending you 1
2024-10-14 21:17:35.530267 Tango: Zulu and Hotel, sending you 3
2024-10-14 21:17:35.531893 Foxtrot: Oscar, sending you 8
2024-10-14 21:17:35.532580 Whiskey: Hotel and Foxtrot, sending you 3
2024-10-14 21:17:35.541475 Alpha: Tango, sending you 3
2024-10-14 21:17:35.542381 Zulu: Sending you each 2
2024-10-14 21:17:35.543854 Quebec: Zulu, sending you 1
2024-10-14 21:17:35.544924 Tango: Bravo, November and Quebec, sending you 2
2024-10-14 21:17:35.546537 November: Zulu, sending you 2
2024-10-14 21:17:35.547425 Alpha: Bravo, November and Quebec, sending you 4
2024-10-14 21:17:35.550121 Quebec: Tango, Bravo, Alpha and Hotel, sending you 3
2024-10-14 21:17:35.551876 Tango: Alpha, sending you 1
2024-10-14 21:17:35.553359 November: Tango and Alpha, sending you 3
2024-10-14 21:17:35.558108 Quebec: November, sending you 4
2024-10-14 21:17:35.559391 Bravo: Whiskey, sending you 5
2024-10-14 21:17:35.559963 November: Bravo, sending you 1
2024-10-14 21:17:35.705509 Bravo: Oscar, sending you 8
2024-10-14 21:17:35.705901 November: Hotel and Quebec, sending you 4
2024-10-14 21:17:35.889114 Bravo: Foxtrot, sending you 3
chatterbot November submitting transactions
chatterbot Hotel submitting transactions
chatterbot Zulu submitting transactions
chatterbot Foxtrot submitting transactions
chatterbot Quebec submitting transactions
chatterbot Alpha submitting transactions
chatterbot Bravo submitting transactions
chatterbot Oscar submitting transactions
chatterbot Whiskey submitting transactions
ChatterBot Whiskey round 3
ChatterBot Zulu round 3
2024-10-14 21:17:36.540399 Whiskey: We should replace Hotel with Bravo
ChatterBot Oscar reevaluating
ChatterBot Foxtrot reevaluating
2024-10-14 21:17:36.547435 Oscar: No
2024-10-14 21:17:36.548039 Foxtrot: No
ChatterBot Foxtrot reevaluating
ChatterBot Oscar reevaluating
ChatterBot Tango round 3
ChatterBot Bravo round 3
ChatterBot Oscar round 3
ChatterBot Alpha round 3
ChatterBot November round 3
ChatterBot Hotel round 3
ChatterBot Quebec round 3
ChatterBot Foxtrot round 3
2024-10-14 21:17:36.568038 Whiskey: Bravo we want you to join our group
ChatterBot Bravo reevaluating
2024-10-14 21:17:36.572605 Bravo: No
ChatterBot Oscar reevaluating
ChatterBot Foxtrot reevaluating
2024-10-14 21:17:36.583268 Oscar: We should add Foxtrot and Bravo
2024-10-14 21:17:36.583635 Foxtrot: We should replace Hotel with Bravo
2024-10-14 21:17:36.587363 Whiskey: Yes
ChatterBot Oscar reevaluating
2024-10-14 21:17:36.594203 Whiskey: Yes
2024-10-14 21:17:36.594360 Oscar: Yes
ChatterBot Oscar reevaluating
ChatterBot Oscar reevaluating
ChatterBot Foxtrot reevaluating
ChatterBot Foxtrot reevaluating
2024-10-14 21:17:36.632395 Alpha: We should add Hotel
ChatterBot Bravo reevaluating
2024-10-14 21:17:36.655112 Tango: Yes
2024-10-14 21:17:36.655379 Quebec: Yes
2024-10-14 21:17:36.655582 Bravo: No
2024-10-14 21:17:36.655739 November: Yes
2024-10-14 21:17:36.655923 Zulu: Yes
ChatterBot Bravo reevaluating
ChatterBot Bravo reevaluating
ChatterBot Bravo reevaluating
ChatterBot Bravo reevaluating
2024-10-14 21:17:36.768537 Alpha: Hotel we want you to join our group
2024-10-14 21:17:36.772156 Hotel: Yes
ChatterBot Bravo reevaluating
2024-10-14 21:17:36.790780 Oscar: Foxtrot and Bravo we want you to join our group
ChatterBot Bravo reevaluating
2024-10-14 21:17:36.797349 Bravo: No
2024-10-14 21:17:36.797578 Foxtrot: Yes
ChatterBot Oscar reevaluating
ChatterBot Bravo reevaluating
ChatterBot Oscar reevaluating
2024-10-14 21:17:36.817801 Foxtrot: Bravo we want you to join our group
ChatterBot Bravo reevaluating
2024-10-14 21:17:36.821878 Bravo: No
2024-10-14 21:17:36.835884 Hotel: Zulu, sending you 3
2024-10-14 21:17:36.836557 Whiskey: Bravo, Oscar and Foxtrot, sending you 6
2024-10-14 21:17:36.837608 November: Zulu and Bravo, sending you 2
2024-10-14 21:17:36.838422 Zulu: Same as last round
2024-10-14 21:17:36.839425 Quebec: Zulu and Bravo, sending you 2
2024-10-14 21:17:36.840033 Tango: Zulu, sending you 4
2024-10-14 21:17:36.841201 Hotel: Tango, November and Quebec, sending you 4
2024-10-14 21:17:36.841759 November: Tango, Alpha and Hotel, sending you 3
2024-10-14 21:17:36.845090 Quebec: Tango, Alpha and Hotel, sending you 3
2024-10-14 21:17:36.847902 Tango: Bravo, sending you 1
2024-10-14 21:17:36.848961 Hotel: Bravo, sending you 2
2024-10-14 21:17:36.849439 November: Quebec, sending you 4
2024-10-14 21:17:36.849829 Quebec: November, sending you 4
2024-10-14 21:17:36.850943 Foxtrot: Whiskey and Bravo, sending you 7
2024-10-14 21:17:36.852489 Tango: Alpha, November, Hotel and Quebec, sending you 2
2024-10-14 21:17:36.854085 Hotel: Alpha, sending you 1
2024-10-14 21:17:36.854879 Alpha: Zulu, Tango, Bravo and Hotel, sending you 2
2024-10-14 21:17:36.855977 Foxtrot: Oscar, sending you 6
2024-10-14 21:17:36.859725 Alpha: November, sending you 3
2024-10-14 21:17:36.860714 Bravo: Zulu and Alpha, sending you 4
2024-10-14 21:17:36.861668 Oscar: Whiskey and Foxtrot, sending you 4
2024-10-14 21:17:36.863367 Alpha: Quebec, sending you 5
2024-10-14 21:17:36.865682 Bravo: Tango and Quebec, sending you 3
2024-10-14 21:17:36.866155 Oscar: Bravo, sending you 5
2024-10-14 21:17:36.871016 Bravo: November, sending you 2
chatterbot Whiskey submitting transactions
chatterbot Alpha submitting transactions
chatterbot Hotel submitting transactions
chatterbot Quebec submitting transactions
chatterbot November submitting transactions
chatterbot Foxtrot submitting transactions
chatterbot Tango submitting transactions
chatterbot Zulu submitting transactions
chatterbot Bravo submitting transactions
chatterbot Oscar submitting transactions
ChatterBot Whiskey round 4
ChatterBot Zulu round 4
ChatterBot Tango round 4
ChatterBot Bravo round 4
ChatterBot Oscar round 4
ChatterBot Alpha round 4
ChatterBot November round 4
ChatterBot Hotel round 4
ChatterBot Quebec round 4
ChatterBot Foxtrot round 4
2024-10-14 21:17:38.232177 Tango: Zulu, Bravo, Alpha, November and Quebec, sending you 2
2024-10-14 21:17:38.233974 Bravo: Whiskey and Foxtrot, sending you 5
2024-10-14 21:17:38.235738 Tango: Hotel, sending you 3
2024-10-14 21:17:38.237709 Bravo: Oscar, sending you 6
2024-10-14 21:17:38.241449 Hotel: Zulu and Tango, sending you 3
2024-10-14 21:17:38.241931 Foxtrot: Whiskey and Oscar, sending you 7
2024-10-14 21:17:38.242227 November: Zulu, Tango and Bravo, sending you 2
2024-10-14 21:17:38.243230 Whiskey: Bravo, sending you 4
2024-10-14 21:17:38.243569 Oscar: Whiskey, Bravo and Foxtrot, sending you 4
2024-10-14 21:17:38.243965 Alpha: Zulu, Tango and Hotel, sending you 2
2024-10-14 21:17:38.244876 Quebec: Zulu, Tango and Bravo, sending you 2
2024-10-14 21:17:38.245829 Zulu: Same as last round
2024-10-14 21:17:38.246909 Hotel: Bravo and Alpha, sending you 2
2024-10-14 21:17:38.247530 Foxtrot: Bravo, sending you 6
2024-10-14 21:17:38.248475 November: Alpha and Hotel, sending you 3
2024-10-14 21:17:38.249102 Whiskey: Oscar and Foxtrot, sending you 7
2024-10-14 21:17:38.250053 Alpha: Bravo and November, sending you 3
2024-10-14 21:17:38.250679 Quebec: Alpha and Hotel, sending you 3
2024-10-14 21:17:38.251182 Hotel: November and Quebec, sending you 4
2024-10-14 21:17:38.252118 November: Quebec, sending you 5
2024-10-14 21:17:38.254699 Alpha: Quebec, sending you 4
2024-10-14 21:17:38.255312 Quebec: November, sending you 5
chatterbot Tango submitting transactions
chatterbot Alpha submitting transactions
chatterbot Whiskey submitting transactions
chatterbot Foxtrot submitting transactions
chatterbot Hotel submitting transactions
chatterbot Quebec submitting transactions
chatterbot Zulu submitting transactions
chatterbot Oscar submitting transactions
chatterbot Bravo submitting transactions
chatterbot November submitting transactions
ChatterBot Whiskey round 5
ChatterBot Zulu round 5
ChatterBot Tango round 5
ChatterBot Bravo round 5
ChatterBot Oscar round 5
ChatterBot Alpha round 5
ChatterBot November round 5
ChatterBot Hotel round 5
ChatterBot Quebec round 5
ChatterBot Foxtrot round 5
2024-10-14 21:17:39.355895 Tango: We should drop Bravo
ChatterBot Zulu reevaluating
ChatterBot Quebec reevaluating
2024-10-14 21:17:39.368293 Zulu: Yes
2024-10-14 21:17:39.368427 Alpha: No
2024-10-14 21:17:39.368541 November: Yes
2024-10-14 21:17:39.368660 Hotel: Yes
2024-10-14 21:17:39.368790 Quebec: Yes
ChatterBot Alpha reevaluating
ChatterBot Quebec reevaluating
ChatterBot Zulu reevaluating
ChatterBot Quebec reevaluating
ChatterBot Zulu reevaluating
ChatterBot Alpha reevaluating
ChatterBot Quebec reevaluating
ChatterBot Zulu reevaluating
ChatterBot Alpha reevaluating
ChatterBot Quebec reevaluating
ChatterBot Zulu reevaluating
ChatterBot Alpha reevaluating
2024-10-14 21:17:39.440476 Bravo: We should drop Oscar
2024-10-14 21:17:39.444803 Whiskey: No
2024-10-14 21:17:39.444942 Foxtrot: No
2024-10-14 21:17:39.458693 Whiskey: Sending you each 6
2024-10-14 21:17:39.467673 Tango: Zulu, November, Hotel and Quebec, sending you 3
2024-10-14 21:17:39.470679 Tango: Alpha, sending you 1
2024-10-14 21:17:39.471673 Oscar: Whiskey and Foxtrot, sending you 4
2024-10-14 21:17:39.472166 Zulu: Tango and Hotel, sending you 3
2024-10-14 21:17:39.472722 Foxtrot: Whiskey and Oscar, sending you 7
2024-10-14 21:17:39.475679 Bravo: Sending you each 8
2024-10-14 21:17:39.476039 Oscar: Bravo, sending you 5
2024-10-14 21:17:39.476668 Zulu: Alpha, November and Quebec, sending you 2
2024-10-14 21:17:39.478078 Foxtrot: Bravo, sending you 6
2024-10-14 21:17:39.478656 Quebec: Zulu, Tango and Hotel, sending you 3
2024-10-14 21:17:39.482690 Quebec: Alpha and November, sending you 4
2024-10-14 21:17:39.484674 Hotel: Zulu and Alpha, sending you 3
2024-10-14 21:17:39.485079 Alpha: Zulu and Tango, sending you 3
2024-10-14 21:17:39.489662 Hotel: Tango, November and Quebec, sending you 4
2024-10-14 21:17:39.491004 Alpha: November and Quebec, sending you 4
2024-10-14 21:17:39.494701 Alpha: Hotel, sending you 2
chatterbot Oscar submitting transactions
chatterbot Tango submitting transactions
chatterbot Foxtrot submitting transactions
chatterbot Hotel submitting transactions
chatterbot Alpha submitting transactions
chatterbot Bravo submitting transactions
chatterbot Whiskey submitting transactions
chatterbot Quebec submitting transactions
chatterbot Zulu submitting transactions
chatterbot November submitting transactions
ChatterBot Whiskey round 6
ChatterBot Zulu round 6
ChatterBot Tango round 6
ChatterBot Bravo round 6
ChatterBot Oscar round 6
ChatterBot Alpha round 6
ChatterBot November round 6
ChatterBot Hotel round 6
ChatterBot Quebec round 6
ChatterBot Foxtrot round 6
2024-10-14 21:17:40.552068 Zulu: Tango and Hotel, sending you 3
2024-10-14 21:17:40.556681 Zulu: Alpha, November and Quebec, sending you 2
2024-10-14 21:17:40.559778 Alpha: Zulu, Tango, November and Hotel, sending you 3
2024-10-14 21:17:40.562663 November: Zulu, Tango, Alpha and Hotel, sending you 3
2024-10-14 21:17:40.563241 Whiskey: Same as last round
2024-10-14 21:17:40.563768 Bravo: Same as last round
2024-10-14 21:17:40.564495 Bravo: I was attacked by November
ChatterBot Whiskey reevaluating
ChatterBot Foxtrot reevaluating
2024-10-14 21:17:40.576228 Bravo: Ow
2024-10-14 21:17:40.576843 Alpha: Quebec, sending you 4
2024-10-14 21:17:40.577296 November: Quebec, sending you 5
2024-10-14 21:17:40.579652 Quebec: Zulu, Tango and Hotel, sending you 3
2024-10-14 21:17:40.580686 Hotel: Zulu, Tango and Quebec, sending you 4
2024-10-14 21:17:40.581663 Tango: Zulu, Hotel and Quebec, sending you 3
2024-10-14 21:17:40.582688 Oscar: Whiskey and Foxtrot, sending you 4
2024-10-14 21:17:40.583053 Quebec: Alpha and November, sending you 4
2024-10-14 21:17:40.584888 Hotel: Alpha and November, sending you 3
2024-10-14 21:17:40.585679 Tango: Alpha and November, sending you 2
2024-10-14 21:17:40.587656 Oscar: Bravo, sending you 5
2024-10-14 21:17:40.602658 Foxtrot: Whiskey and Bravo, sending you 7
2024-10-14 21:17:40.607651 Foxtrot: Oscar, sending you 6
chatterbot Alpha submitting transactions
chatterbot Quebec submitting transactions
chatterbot Oscar submitting transactions
chatterbot Hotel submitting transactions
chatterbot Tango submitting transactions
chatterbot Zulu submitting transactions
chatterbot Bravo submitting transactions
chatterbot Foxtrot submitting transactions
chatterbot Whiskey submitting transactions
chatterbot November submitting transactions
ChatterBot Whiskey round 7
ChatterBot Zulu round 7
ChatterBot Tango round 7
ChatterBot Bravo round 7
ChatterBot Oscar round 7
ChatterBot Alpha round 7
ChatterBot November round 7
ChatterBot Hotel round 7
ChatterBot Quebec round 7
ChatterBot Foxtrot round 7
2024-10-14 21:17:41.833684 Whiskey: Same as last round
2024-10-14 21:17:41.834702 Zulu: Tango and Hotel, sending you 3
2024-10-14 21:17:41.840694 Zulu: Alpha, November and Quebec, sending you 2
2024-10-14 21:17:41.841287 Bravo: Same as last round
2024-10-14 21:17:41.842129 Tango: Zulu, Hotel and Quebec, sending you 3
2024-10-14 21:17:41.845722 Tango: Alpha and November, sending you 2
2024-10-14 21:17:41.847717 November: Zulu, Tango, Alpha and Hotel, sending you 3
2024-10-14 21:17:41.848786 Alpha: Zulu, Tango, November and Hotel, sending you 3
2024-10-14 21:17:41.849701 Oscar: Whiskey and Bravo, sending you 5
2024-10-14 21:17:41.851673 November: Quebec, sending you 5
2024-10-14 21:17:41.852130 Alpha: Quebec, sending you 4
2024-10-14 21:17:41.852999 Hotel: Zulu, Tango, November and Quebec, sending you 4
2024-10-14 21:17:41.853540 Oscar: Foxtrot, sending you 4
2024-10-14 21:17:41.853980 Foxtrot: Whiskey and Bravo, sending you 7
2024-10-14 21:17:41.856693 Hotel: Alpha, sending you 2
2024-10-14 21:17:41.858681 Foxtrot: Oscar, sending you 6
2024-10-14 21:17:41.862695 Quebec: Zulu, Tango and Hotel, sending you 3
2024-10-14 21:17:41.867660 Quebec: Alpha and November, sending you 4
chatterbot Zulu submitting transactions
chatterbot Quebec submitting transactions
chatterbot Tango submitting transactions
chatterbot Oscar submitting transactions
chatterbot Alpha submitting transactions
chatterbot November submitting transactions
chatterbot Bravo submitting transactions
chatterbot Hotel submitting transactions
chatterbot Whiskey submitting transactions
chatterbot Foxtrot submitting transactions
ChatterBot Whiskey round 8
ChatterBot Zulu round 8
ChatterBot Tango round 8
ChatterBot Bravo round 8
ChatterBot Oscar round 8
ChatterBot Alpha round 8
ChatterBot November round 8
ChatterBot Hotel round 8
ChatterBot Quebec round 8
ChatterBot Foxtrot round 8
2024-10-14 21:17:43.110580 Bravo: We should replace Whiskey with Oscar
2024-10-14 21:17:43.113478 Foxtrot: No
2024-10-14 21:17:43.132079 Bravo: Oscar we want you to join our group
2024-10-14 21:17:43.135230 Oscar: Yes
2024-10-14 21:17:43.145686 Alpha: Zulu, Tango, November and Hotel, sending you 3
2024-10-14 21:17:43.146815 Zulu: Tango and Hotel, sending you 3
2024-10-14 21:17:43.147483 Whiskey: Bravo, sending you 7
2024-10-14 21:17:43.148655 Tango: Zulu, November, Hotel and Quebec, sending you 3
2024-10-14 21:17:43.150676 Alpha: Quebec, sending you 4
2024-10-14 21:17:43.151698 Zulu: Alpha, November and Quebec, sending you 2
2024-10-14 21:17:43.155488 Whiskey: Oscar, sending you 5
2024-10-14 21:17:43.156335 Oscar: Whiskey and Foxtrot, sending you 5
2024-10-14 21:17:43.156963 Bravo: Sending you each 8
2024-10-14 21:17:43.158604 Tango: Alpha, sending you 1
2024-10-14 21:17:43.159382 Foxtrot: Whiskey and Bravo, sending you 7
2024-10-14 21:17:43.159979 Whiskey: Foxtrot, sending you 6
2024-10-14 21:17:43.161699 Oscar: Bravo, sending you 4
2024-10-14 21:17:43.162720 November: Zulu, Tango and Alpha, sending you 3
2024-10-14 21:17:43.163345 Hotel: Zulu, Tango, November and Quebec, sending you 4
2024-10-14 21:17:43.164694 Foxtrot: Oscar, sending you 6
2024-10-14 21:17:43.169911 Quebec: Zulu, Tango and Hotel, sending you 3
2024-10-14 21:17:43.170826 November: Hotel and Quebec, sending you 4
2024-10-14 21:17:43.171725 Hotel: Alpha, sending you 2
2024-10-14 21:17:43.174686 Quebec: Alpha and November, sending you 4
chatterbot Whiskey submitting transactions
chatterbot November submitting transactions
chatterbot Tango submitting transactions
chatterbot Alpha submitting transactions
chatterbot Bravo submitting transactions
chatterbot Hotel submitting transactions
chatterbot Quebec submitting transactions
chatterbot Oscar submitting transactions
chatterbot Zulu submitting transactions
chatterbot Foxtrot submitting transactions
ChatterBot Whiskey round 9
ChatterBot Zulu round 9
ChatterBot Tango round 9
ChatterBot Bravo round 9
ChatterBot Oscar round 9
ChatterBot Alpha round 9
ChatterBot November round 9
ChatterBot Hotel round 9
ChatterBot Quebec round 9
ChatterBot Foxtrot round 9
2024-10-14 21:17:44.085698 Alpha: Zulu and Hotel, sending you 3
2024-10-14 21:17:44.086720 Quebec: Zulu, Tango and Hotel, sending you 3
2024-10-14 21:17:44.088697 Tango: Zulu, November, Hotel and Quebec, sending you 3
2024-10-14 21:17:44.089754 Alpha: Tango, sending you 2
2024-10-14 21:17:44.090318 November: Zulu, Tango and Alpha, sending you 3
2024-10-14 21:17:44.091017 Quebec: Alpha and November, sending you 4
2024-10-14 21:17:44.091975 Zulu: Tango and Hotel, sending you 3
2024-10-14 21:17:44.092670 Bravo: Same as last round
2024-10-14 21:17:44.093896 Tango: Alpha, sending you 1
2024-10-14 21:17:44.094515 Alpha: November and Quebec, sending you 4
2024-10-14 21:17:44.095271 November: Hotel and Quebec, sending you 4
2024-10-14 21:17:44.096442 Whiskey: Sending you each 6
2024-10-14 21:17:44.096863 Zulu: Alpha, November and Quebec, sending you 2
2024-10-14 21:17:44.097295 Hotel: Zulu, Tango, November and Quebec, sending you 4
2024-10-14 21:17:44.098048 Oscar: Sending you each 5
2024-10-14 21:17:44.099683 Foxtrot: Whiskey and Bravo, sending you 7
2024-10-14 21:17:44.102682 Hotel: Alpha, sending you 2
2024-10-14 21:17:44.104130 Foxtrot: Oscar, sending you 6
chatterbot Oscar submitting transactions
chatterbot Bravo submitting transactions
chatterbot Alpha submitting transactions
chatterbot Tango submitting transactions
chatterbot Hotel submitting transactions
chatterbot Zulu submitting transactions
chatterbot Quebec submitting transactions
chatterbot Foxtrot submitting transactions
chatterbot Whiskey submitting transactions
chatterbot November submitting transactions
ChatterBot Whiskey round 10
ChatterBot Zulu round 10
ChatterBot Tango round 10
ChatterBot Bravo round 10
ChatterBot Oscar round 10
ChatterBot Alpha round 10
ChatterBot November round 10
ChatterBot Hotel round 10
2024-10-14 21:17:45.313768 Bravo: We should replace Oscar with Whiskey
2024-10-14 21:17:45.316638 Foxtrot: No
ChatterBot Quebec round 10
ChatterBot Foxtrot round 10
2024-10-14 21:17:45.338143 Bravo: Whiskey we want you to join our group
2024-10-14 21:17:45.341984 Whiskey: Yes
2024-10-14 21:17:45.356702 Whiskey: Bravo, sending you 5
2024-10-14 21:17:45.357812 Zulu: Tango and Hotel, sending you 3
2024-10-14 21:17:45.360296 Tango: Zulu, November, Hotel and Quebec, sending you 3
2024-10-14 21:17:45.361068 Oscar: Whiskey, sending you 4
2024-10-14 21:17:45.361467 Whiskey: Oscar, sending you 6
2024-10-14 21:17:45.361812 Zulu: Alpha, November and Quebec, sending you 2
2024-10-14 21:17:45.363730 Hotel: Zulu, Tango, November and Quebec, sending you 4
2024-10-14 21:17:45.364834 Tango: Alpha, sending you 1
2024-10-14 21:17:45.365704 Oscar: Bravo and Foxtrot, sending you 5
2024-10-14 21:17:45.366602 Whiskey: Foxtrot, sending you 7
2024-10-14 21:17:45.367687 Bravo: Sending you each 8
2024-10-14 21:17:45.368075 November: Zulu, Tango and Alpha, sending you 3
2024-10-14 21:17:45.369685 Hotel: Alpha, sending you 2
2024-10-14 21:17:45.371136 Foxtrot: Whiskey and Bravo, sending you 7
2024-10-14 21:17:45.373259 November: Hotel and Quebec, sending you 4
2024-10-14 21:17:45.374704 Alpha: Zulu and Hotel, sending you 3
2024-10-14 21:17:45.376026 Foxtrot: Oscar, sending you 6
2024-10-14 21:17:45.378680 Alpha: Tango, sending you 2
2024-10-14 21:17:45.382688 Alpha: November and Quebec, sending you 4
2024-10-14 21:17:45.383734 Quebec: Zulu, Tango and Hotel, sending you 3
2024-10-14 21:17:45.388114 Quebec: Alpha and November, sending you 4
chatterbot Hotel submitting transactions
chatterbot Foxtrot submitting transactions
chatterbot Bravo submitting transactions
chatterbot Alpha submitting transactions
chatterbot Oscar submitting transactions
chatterbot Zulu submitting transactions
chatterbot Quebec submitting transactions
chatterbot Tango submitting transactions
chatterbot Whiskey submitting transactions
chatterbot November submitting transactions
ChatterBot Whiskey round 11
ChatterBot Zulu round 11
ChatterBot Tango round 11
ChatterBot Bravo round 11
ChatterBot Oscar round 11
ChatterBot Alpha round 11
ChatterBot November round 11
ChatterBot Hotel round 11
ChatterBot Quebec round 11
ChatterBot Foxtrot round 11
2024-10-14 21:17:46.610951 Zulu: We should add Foxtrot
2024-10-14 21:17:46.623975 Tango: No
2024-10-14 21:17:46.624338 Alpha: No
2024-10-14 21:17:46.624601 November: No
2024-10-14 21:17:46.624904 Hotel: No
2024-10-14 21:17:46.625794 Quebec: No
ChatterBot Zulu reevaluating
ChatterBot Zulu reevaluating
ChatterBot Zulu reevaluating
ChatterBot Zulu reevaluating
ChatterBot Zulu reevaluating
2024-10-14 21:17:46.706775 Alpha: Zulu and Hotel, sending you 3
2024-10-14 21:17:46.711685 Tango: Zulu, November, Hotel and Quebec, sending you 2
2024-10-14 21:17:46.714157 Alpha: Tango, sending you 2
2024-10-14 21:17:46.715909 November: Zulu, Tango and Alpha, sending you 3
2024-10-14 21:17:46.718219 Whiskey: Sending you each 6
2024-10-14 21:17:46.719528 Oscar: Sending you each 5
2024-10-14 21:17:46.721442 Hotel: Zulu, Tango, November and Quebec, sending you 4
2024-10-14 21:17:46.723067 Alpha: November and Quebec, sending you 4
2024-10-14 21:17:46.723943 November: Hotel and Quebec, sending you 4
2024-10-14 21:17:46.725251 Bravo: Same as last round
2024-10-14 21:17:46.726680 Foxtrot: Whiskey and Bravo, sending you 7
2024-10-14 21:17:46.728153 Hotel: Alpha, sending you 2
2024-10-14 21:17:46.728811 Zulu: Tango and Hotel, sending you 3
2024-10-14 21:17:46.729419 Quebec: Zulu, Tango and Hotel, sending you 3
2024-10-14 21:17:46.732046 Foxtrot: Oscar, sending you 6
2024-10-14 21:17:46.732481 Zulu: Alpha, November and Quebec, sending you 2
2024-10-14 21:17:46.733116 Quebec: Alpha and November, sending you 4
chatterbot Tango submitting transactions
chatterbot Zulu submitting transactions
chatterbot Bravo submitting transactions
chatterbot Oscar submitting transactions
chatterbot Alpha submitting transactions
chatterbot Whiskey submitting transactions
chatterbot Quebec submitting transactions
chatterbot Foxtrot submitting transactions
chatterbot Hotel submitting transactions
chatterbot November submitting transactions
ChatterBot Whiskey round 12
ChatterBot Zulu round 12
ChatterBot Tango round 12
ChatterBot Bravo round 12
ChatterBot Oscar round 12
ChatterBot Alpha round 12
ChatterBot November round 12
ChatterBot Hotel round 12
ChatterBot Quebec round 12
ChatterBot Foxtrot round 12
2024-10-14 21:17:47.965635 Whiskey: I was attacked by Tango
ChatterBot Bravo reevaluating
ChatterBot Oscar reevaluating
ChatterBot Foxtrot reevaluating
2024-10-14 21:17:47.976264 Whiskey: I'm keeping this round to protect myself
2024-10-14 21:17:47.977588 Whiskey: Ow
2024-10-14 21:17:47.980669 Zulu: Tango and Hotel, sending you 3
2024-10-14 21:17:47.981688 November: Zulu, Tango and Alpha, sending you 3
2024-10-14 21:17:47.985673 Zulu: Alpha, November and Quebec, sending you 2
2024-10-14 21:17:47.986276 November: Hotel and Quebec, sending you 4
2024-10-14 21:17:47.990686 Tango: Zulu, November, Hotel and Quebec, sending you 3
2024-10-14 21:17:47.991669 Quebec: Zulu, sending you 2
2024-10-14 21:17:47.993690 Foxtrot: Whiskey and Bravo, sending you 7
2024-10-14 21:17:47.995668 Tango: Alpha, sending you 1
2024-10-14 21:17:47.996676 Quebec: Tango, sending you 3
2024-10-14 21:17:47.998695 Bravo: Same as last round
2024-10-14 21:17:47.999127 Foxtrot: Oscar, sending you 6
2024-10-14 21:17:48.000720 Quebec: Alpha, November and Hotel, sending you 4
2024-10-14 21:17:48.001590 Hotel: Zulu, Tango, November and Quebec, sending you 4
2024-10-14 21:17:48.002796 Alpha: Zulu and Hotel, sending you 3
2024-10-14 21:17:48.003389 Oscar: Same as last round
2024-10-14 21:17:48.005661 Hotel: Alpha, sending you 2
2024-10-14 21:17:48.007666 Alpha: Tango, sending you 2
2024-10-14 21:17:48.011670 Alpha: November and Quebec, sending you 4
chatterbot Foxtrot submitting transactions
chatterbot Quebec submitting transactions
chatterbot Zulu submitting transactions
chatterbot Tango submitting transactions
chatterbot Whiskey submitting transactions
chatterbot Bravo submitting transactions
chatterbot Oscar submitting transactions
chatterbot November submitting transactions
chatterbot Hotel submitting transactions
chatterbot Alpha submitting transactions
ChatterBot Whiskey round 13
ChatterBot Zulu round 13
ChatterBot Tango round 13
ChatterBot Bravo round 13
ChatterBot Oscar round 13
ChatterBot Alpha round 13
ChatterBot November round 13
ChatterBot Hotel round 13
ChatterBot Quebec round 13
ChatterBot Foxtrot round 13
2024-10-14 21:17:49.233419 Bravo: We should replace Whiskey with Oscar
2024-10-14 21:17:49.236502 Foxtrot: No
2024-10-14 21:17:49.253358 Bravo: Oscar we want you to join our group
2024-10-14 21:17:49.256532 Oscar: Yes
2024-10-14 21:17:49.265658 Zulu: Tango and Hotel, sending you 3
2024-10-14 21:17:49.266483 Hotel: Zulu, Tango, November and Quebec, sending you 4
2024-10-14 21:17:49.268667 Zulu: Alpha, November and Quebec, sending you 2
2024-10-14 21:17:49.270690 Bravo: Oscar, sending you 7
2024-10-14 21:17:49.271683 Hotel: Alpha, sending you 2
2024-10-14 21:17:49.273087 Tango: Zulu, November, Hotel and Quebec, sending you 2
2024-10-14 21:17:49.273893 Quebec: Zulu, Tango and Alpha, sending you 3
2024-10-14 21:17:49.274646 Bravo: Foxtrot, sending you 9
2024-10-14 21:17:49.275104 Oscar: Whiskey and Foxtrot, sending you 6
2024-10-14 21:17:49.276666 Quebec: November and Hotel, sending you 4
2024-10-14 21:17:49.280762 Oscar: Bravo, sending you 4
2024-10-14 21:17:49.281432 Foxtrot: Whiskey, sending you 6
2024-10-14 21:17:49.285663 Alpha: Zulu and Hotel, sending you 3
2024-10-14 21:17:49.286665 Foxtrot: Bravo and Oscar, sending you 7
2024-10-14 21:17:49.288660 Alpha: Tango, sending you 2
2024-10-14 21:17:49.292667 Alpha: November and Quebec, sending you 4
chatterbot Whiskey submitting transactions
chatterbot Zulu submitting transactions
chatterbot Oscar submitting transactions
chatterbot Hotel submitting transactions
chatterbot Quebec submitting transactions
chatterbot Foxtrot submitting transactions
chatterbot Tango submitting transactions
chatterbot November submitting transactions
chatterbot Alpha submitting transactions
chatterbot Bravo submitting transactions
ChatterBot Whiskey round 14
ChatterBot Zulu round 14
ChatterBot Tango round 14
ChatterBot Bravo round 14
ChatterBot Oscar round 14
ChatterBot Alpha round 14
2024-10-14 21:17:50.501700 Zulu: We should add Oscar
2024-10-14 21:17:50.522269 Tango: No
2024-10-14 21:17:50.522948 Alpha: No
2024-10-14 21:17:50.523149 November: No
2024-10-14 21:17:50.523321 Hotel: No
2024-10-14 21:17:50.523500 Quebec: No
ChatterBot Zulu reevaluating
ChatterBot Zulu reevaluating
ChatterBot Zulu reevaluating
ChatterBot Zulu reevaluating
ChatterBot Zulu reevaluating
ChatterBot November round 14
ChatterBot Hotel round 14
ChatterBot Quebec round 14
ChatterBot Foxtrot round 14
2024-10-14 21:17:50.649953 Whiskey: I was attacked by November
ChatterBot Bravo reevaluating
ChatterBot Oscar reevaluating
ChatterBot Foxtrot reevaluating
2024-10-14 21:17:50.663940 Whiskey: I'm keeping this round to protect myself
2024-10-14 21:17:50.665186 Whiskey: Ow
2024-10-14 21:17:50.669685 Zulu: Tango and Hotel, sending you 3
2024-10-14 21:17:50.670689 Tango: Zulu, Hotel and Quebec, sending you 3
2024-10-14 21:17:50.671887 Alpha: Zulu, November and Hotel, sending you 3
2024-10-14 21:17:50.674697 Zulu: Alpha, November and Quebec, sending you 2
2024-10-14 21:17:50.675336 Tango: Alpha and November, sending you 2
2024-10-14 21:17:50.676553 Hotel: Zulu, Tango, November and Quebec, sending you 4
2024-10-14 21:17:50.678125 Alpha: Tango, sending you 2
2024-10-14 21:17:50.680700 Hotel: Alpha, sending you 2
2024-10-14 21:17:50.682687 Alpha: Quebec, sending you 5
2024-10-14 21:17:50.689823 Quebec: Zulu, Tango and November, sending you 3
2024-10-14 21:17:50.692642 Oscar: Sending you each 5
2024-10-14 21:17:50.694675 Quebec: Alpha and Hotel, sending you 4
chatterbot Whiskey submitting transactions
chatterbot Alpha submitting transactions
chatterbot Quebec submitting transactions
chatterbot Zulu submitting transactions
chatterbot Tango submitting transactions
chatterbot Hotel submitting transactions
chatterbot November submitting transactions
chatterbot Oscar submitting transactions
chatterbot Bravo submitting transactions
chatterbot Foxtrot submitting transactions
ChatterBot Whiskey round 15
ChatterBot Zulu round 15
ChatterBot Tango round 15
ChatterBot Bravo round 15
