ChatterBot Quebec round 1
ChatterBot Tango round 1
ChatterBot India round 1
ChatterBot Echo round 1
ChatterBot Kilo round 1
ChatterBot Lima round 1
ChatterBot Golf round 1
ChatterBot Oscar round 1
ChatterBot Uniform round 1
ChatterBot Sierra round 1
randomSelections Tango: {Tango, Quebec, Uniform, Kilo, Golf, Lima} 
2024-10-14 21:17:32.063960 Tango: Friends?
ChatterBot Quebec reevaluating
ChatterBot Uniform reevaluating
ChatterBot Kilo reevaluating
ChatterBot Golf reevaluating
ChatterBot Lima reevaluating
2024-10-14 21:17:32.077972 Quebec: Yes
2024-10-14 21:17:32.078172 Uniform: Yes
2024-10-14 21:17:32.078376 Kilo: Yes
2024-10-14 21:17:32.079654 Golf: Yes
2024-10-14 21:17:32.079841 Lima: Yes
ChatterBot Uniform reevaluating
ChatterBot Kilo reevaluating
ChatterBot Golf reevaluating
ChatterBot Lima reevaluating
ChatterBot Quebec reevaluating
ChatterBot Kilo reevaluating
ChatterBot Golf reevaluating
ChatterBot Lima reevaluating
ChatterBot Quebec reevaluating
ChatterBot Uniform reevaluating
ChatterBot Golf reevaluating
ChatterBot Lima reevaluating
ChatterBot Quebec reevaluating
ChatterBot Uniform reevaluating
ChatterBot Kilo reevaluating
ChatterBot Lima reevaluating
ChatterBot Quebec reevaluating
ChatterBot Uniform reevaluating
ChatterBot Kilo reevaluating
ChatterBot Golf reevaluating
randomSelections Echo: {Echo, Golf, Kilo, Oscar, India, Tango, Uniform} 
2024-10-14 21:17:32.129563 Echo: Friends?
ChatterBot Golf reevaluating
ChatterBot Kilo reevaluating
ChatterBot Oscar reevaluating
ChatterBot India reevaluating
ChatterBot Uniform reevaluating
2024-10-14 21:17:32.139484 Golf: No
2024-10-14 21:17:32.139667 Kilo: No
2024-10-14 21:17:32.139794 Oscar: Yes
2024-10-14 21:17:32.139890 India: Yes
2024-10-14 21:17:32.139980 Tango: No
2024-10-14 21:17:32.140125 Uniform: No
ChatterBot Kilo reevaluating
ChatterBot Oscar reevaluating
ChatterBot India reevaluating
ChatterBot Uniform reevaluating
ChatterBot Golf reevaluating
ChatterBot Oscar reevaluating
ChatterBot India reevaluating
ChatterBot Uniform reevaluating
ChatterBot Golf reevaluating
ChatterBot Kilo reevaluating
ChatterBot India reevaluating
ChatterBot Uniform reevaluating
ChatterBot Golf reevaluating
ChatterBot Kilo reevaluating
ChatterBot Oscar reevaluating
ChatterBot Uniform reevaluating
ChatterBot Golf reevaluating
ChatterBot Kilo reevaluating
ChatterBot Oscar reevaluating
ChatterBot India reevaluating
ChatterBot Uniform reevaluating
ChatterBot Golf reevaluating
ChatterBot Kilo reevaluating
ChatterBot Oscar reevaluating
ChatterBot India reevaluating
randomSelections Sierra: {Sierra, Kilo, Uniform, Echo, Tango, Oscar} 
2024-10-14 21:17:32.198466 Sierra: Group up?
ChatterBot Kilo reevaluating
ChatterBot Uniform reevaluating
ChatterBot Oscar reevaluating
2024-10-14 21:17:32.204076 Kilo: No
2024-10-14 21:17:32.204208 Uniform: No
2024-10-14 21:17:32.204727 Echo: No
2024-10-14 21:17:32.204883 Tango: No
2024-10-14 21:17:32.205034 Oscar: No
ChatterBot Uniform reevaluating
ChatterBot Oscar reevaluating
ChatterBot Kilo reevaluating
ChatterBot Oscar reevaluating
ChatterBot Kilo reevaluating
ChatterBot Uniform reevaluating
ChatterBot Oscar reevaluating
ChatterBot Kilo reevaluating
ChatterBot Uniform reevaluating
ChatterBot Oscar reevaluating
ChatterBot Kilo reevaluating
ChatterBot Uniform reevaluating
2024-10-14 21:17:32.250719 Lima: Quebec and Golf, sending you 2
2024-10-14 21:17:32.252675 Sierra: Tango, sending you 3
2024-10-14 21:17:32.253674 Tango: Quebec and Golf, sending you 1
2024-10-14 21:17:32.254658 Lima: Uniform, sending you 5
2024-10-14 21:17:32.256647 Tango: Kilo, sending you 4
2024-10-14 21:17:32.257687 Golf: Quebec, Kilo and Uniform, sending you 4
2024-10-14 21:17:32.257970 Sierra: Echo, sending you 1
2024-10-14 21:17:32.259672 Tango: Lima, sending you 6
2024-10-14 21:17:32.261728 India: Tango, sending you 5
2024-10-14 21:17:32.262114 Golf: Tango and Lima, sending you 3
2024-10-14 21:17:32.262375 Sierra: Kilo and Oscar, sending you 2
2024-10-14 21:17:32.262679 Uniform: Quebec, sending you 3
2024-10-14 21:17:32.263464 Oscar: India and Golf, sending you 1
2024-10-14 21:17:32.263722 Quebec: Tango, sending you 4
2024-10-14 21:17:32.263955 Tango: Uniform, sending you 2
2024-10-14 21:17:32.264681 Kilo: Quebec, Lima and Golf, sending you 3
2024-10-14 21:17:32.265107 India: Echo, sending you 3
2024-10-14 21:17:32.265711 Uniform: Tango, Kilo and Golf, sending you 5
2024-10-14 21:17:32.266705 Sierra: Uniform, sending you 4
2024-10-14 21:17:32.267669 Quebec: Kilo, sending you 6
2024-10-14 21:17:32.267941 Kilo: Tango and Uniform, sending you 2
2024-10-14 21:17:32.268703 Oscar: Echo and Kilo, sending you 2
2024-10-14 21:17:32.268986 India: Kilo, Oscar and Uniform, sending you 2
2024-10-14 21:17:32.271671 Quebec: Lima and Golf, sending you 2
2024-10-14 21:17:32.273659 Oscar: Uniform, sending you 6
2024-10-14 21:17:32.274719 India: Golf, sending you 1
2024-10-14 21:17:32.275108 Quebec: Uniform, sending you 5
chatterbot Quebec submitting transactions
chatterbot Tango submitting transactions
chatterbot Oscar submitting transactions
chatterbot Kilo submitting transactions
chatterbot Golf submitting transactions
chatterbot Echo submitting transactions
chatterbot Uniform submitting transactions
chatterbot India submitting transactions
chatterbot Lima submitting transactions
chatterbot Sierra submitting transactions
ChatterBot Quebec round 2
ChatterBot Tango round 2
ChatterBot India round 2
ChatterBot Echo round 2
ChatterBot Kilo round 2
ChatterBot Lima round 2
ChatterBot Golf round 2
ChatterBot Oscar round 2
ChatterBot Uniform round 2
ChatterBot Sierra round 2
2024-10-14 21:17:34.811063 India: Friends?
ChatterBot Echo reevaluating
ChatterBot Oscar reevaluating
ChatterBot Tango reevaluating
2024-10-14 21:17:34.827974 Echo: No
2024-10-14 21:17:34.828213 Oscar: No
2024-10-14 21:17:34.828402 Tango: No
ChatterBot India reevaluating
ChatterBot Oscar reevaluating
ChatterBot Tango reevaluating
ChatterBot India reevaluating
ChatterBot Echo reevaluating
ChatterBot Tango reevaluating
ChatterBot India reevaluating
ChatterBot Echo reevaluating
ChatterBot Oscar reevaluating
2024-10-14 21:17:34.879303 Oscar: Group up?
ChatterBot Echo reevaluating
ChatterBot India reevaluating
ChatterBot Sierra reevaluating
2024-10-14 21:17:34.897223 Echo: Yes
2024-10-14 21:17:34.897490 India: No
2024-10-14 21:17:34.897692 Sierra: No
ChatterBot India reevaluating
ChatterBot Oscar reevaluating
ChatterBot Sierra reevaluating
ChatterBot Echo reevaluating
ChatterBot Oscar reevaluating
ChatterBot Sierra reevaluating
ChatterBot Echo reevaluating
ChatterBot India reevaluating
ChatterBot Oscar reevaluating
2024-10-14 21:17:35.318426 Tango: Quebec, Kilo, Golf and Uniform, sending you 3
2024-10-14 21:17:35.318946 India: Echo, sending you 7
2024-10-14 21:17:35.319241 Lima: Quebec, Tango, Kilo and Golf, sending you 2
2024-10-14 21:17:35.320077 Kilo: Quebec, Tango, Golf and Uniform, sending you 3
2024-10-14 21:17:35.320459 Quebec: Tango and Lima, sending you 3
2024-10-14 21:17:35.320768 Echo: India and Oscar, sending you 7
2024-10-14 21:17:35.321017 Golf: Quebec, Kilo, Lima and Uniform, sending you 4
2024-10-14 21:17:35.321829 Uniform: Quebec, sending you 5
2024-10-14 21:17:35.425620 Tango: Lima, sending you 2
2024-10-14 21:17:35.426901 India: Oscar, sending you 10
2024-10-14 21:17:35.430663 Kilo: Lima, sending you 2
2024-10-14 21:17:35.431245 Echo: Sierra, sending you 6
2024-10-14 21:17:35.431646 Lima: Uniform, sending you 1
2024-10-14 21:17:35.433869 Quebec: Kilo and Uniform, sending you 4
2024-10-14 21:17:35.434336 Golf: Tango, sending you 2
2024-10-14 21:17:35.434834 Uniform: Tango and Kilo, sending you 3
2024-10-14 21:17:35.436926 Oscar: India and Sierra, sending you 5
2024-10-14 21:17:35.441600 Quebec: Golf, sending you 5
2024-10-14 21:17:35.442291 Oscar: Echo, sending you 2
2024-10-14 21:17:35.442649 Uniform: Lima and Golf, sending you 4
chatterbot India submitting transactions
chatterbot Lima submitting transactions
chatterbot Golf submitting transactions
chatterbot Sierra submitting transactions
chatterbot Echo submitting transactions
chatterbot Quebec submitting transactions
chatterbot Uniform submitting transactions
chatterbot Kilo submitting transactions
chatterbot Oscar submitting transactions
chatterbot Tango submitting transactions
ChatterBot Quebec round 3
ChatterBot Tango round 3
ChatterBot India round 3
ChatterBot Echo round 3
ChatterBot Kilo round 3
ChatterBot Lima round 3
ChatterBot Golf round 3
ChatterBot Oscar round 3
ChatterBot Uniform round 3
2024-10-14 21:17:36.392460 India: We should add Sierra
2024-10-14 21:17:36.401050 Echo: Yes
2024-10-14 21:17:36.401758 Oscar: Yes
ChatterBot India reevaluating
ChatterBot India reevaluating
ChatterBot Sierra round 3
2024-10-14 21:17:36.430845 Tango: We should drop Lima
2024-10-14 21:17:36.440385 Quebec: No
2024-10-14 21:17:36.440715 Kilo: No
2024-10-14 21:17:36.440960 Golf: No
2024-10-14 21:17:36.441201 Uniform: No
ChatterBot Tango reevaluating
ChatterBot Tango reevaluating
ChatterBot Tango reevaluating
2024-10-14 21:17:36.504667 Sierra: Can we be friends?
ChatterBot India reevaluating
2024-10-14 21:17:36.518738 Echo: Yes
2024-10-14 21:17:36.519611 India: Yes
2024-10-14 21:17:36.519799 Oscar: Yes
ChatterBot India reevaluating
ChatterBot India reevaluating
2024-10-14 21:17:36.600819 India: Sierra we want you to join our group
2024-10-14 21:17:36.603543 Sierra: Yes
ChatterBot India reevaluating
2024-10-14 21:17:36.658605 Quebec: Tango and Lima, sending you 3
2024-10-14 21:17:36.659167 Uniform: Quebec, Kilo, Lima and Golf, sending you 4
2024-10-14 21:17:36.659941 Sierra: India, sending you 3
2024-10-14 21:17:36.660285 Kilo: Quebec, Tango, Golf and Uniform, sending you 3
2024-10-14 21:17:36.660777 Golf: Quebec, Tango, Kilo and Uniform, sending you 4
2024-10-14 21:17:36.661122 Tango: Quebec, Kilo, Golf and Uniform, sending you 3
2024-10-14 21:17:36.662166 Echo: India and Oscar, sending you 7
2024-10-14 21:17:36.662407 Lima: Quebec, sending you 1
2024-10-14 21:17:36.662694 Oscar: India and Echo, sending you 5
2024-10-14 21:17:36.663461 Quebec: Kilo and Golf, sending you 4
2024-10-14 21:17:36.667501 Kilo: Lima, sending you 2
2024-10-14 21:17:36.667987 Uniform: Tango, sending you 3
2024-10-14 21:17:36.668548 Sierra: Echo, sending you 5
2024-10-14 21:17:36.669320 Golf: Lima, sending you 2
2024-10-14 21:17:36.669756 Echo: Sierra, sending you 6
2024-10-14 21:17:36.670038 Tango: Lima, sending you 2
2024-10-14 21:17:36.670891 Lima: Tango, Kilo, Golf and Uniform, sending you 2
2024-10-14 21:17:36.671257 Oscar: Sierra, sending you 3
2024-10-14 21:17:36.671506 Quebec: Uniform, sending you 5
2024-10-14 21:17:36.671897 Sierra: Oscar, sending you 4
2024-10-14 21:17:36.704102 India: Echo, sending you 7
chatterbot Echo submitting transactions
2024-10-14 21:17:36.798581 India: Oscar, sending you 6
2024-10-14 21:17:36.812480 India: Sierra, sending you 4
chatterbot India submitting transactions
chatterbot Oscar submitting transactions
chatterbot Lima submitting transactions
chatterbot Golf submitting transactions
chatterbot Uniform submitting transactions
chatterbot Quebec submitting transactions
chatterbot Kilo submitting transactions
chatterbot Sierra submitting transactions
chatterbot Tango submitting transactions
ChatterBot Quebec round 4
ChatterBot Tango round 4
ChatterBot India round 4
ChatterBot Echo round 4
ChatterBot Kilo round 4
ChatterBot Lima round 4
ChatterBot Golf round 4
ChatterBot Oscar round 4
ChatterBot Uniform round 4
ChatterBot Sierra round 4
2024-10-14 21:17:37.799264 Tango: We should drop Lima
2024-10-14 21:17:37.817905 Quebec: No
2024-10-14 21:17:37.818133 Kilo: No
2024-10-14 21:17:37.818747 Golf: No
2024-10-14 21:17:37.818947 Uniform: No
ChatterBot Tango reevaluating
ChatterBot Tango reevaluating
ChatterBot Tango reevaluating
ChatterBot Tango reevaluating
2024-10-14 21:17:38.012250 Kilo: Quebec, Tango, Golf and Uniform, sending you 3
2024-10-14 21:17:38.013751 Echo: India and Oscar, sending you 7
2024-10-14 21:17:38.015232 Quebec: Tango and Lima, sending you 3
2024-10-14 21:17:38.016031 Lima: Quebec, Tango, Golf and Uniform, sending you 2
2024-10-14 21:17:38.017206 India: Echo and Oscar, sending you 6
2024-10-14 21:17:38.018248 Golf: Quebec, Tango, Kilo and Uniform, sending you 4
2024-10-14 21:17:38.018916 Uniform: Quebec, Tango, Kilo and Golf, sending you 4
2024-10-14 21:17:38.020300 Kilo: Lima, sending you 2
2024-10-14 21:17:38.021083 Echo: Sierra, sending you 6
2024-10-14 21:17:38.022336 Quebec: Kilo and Golf, sending you 4
2024-10-14 21:17:38.023885 Lima: Kilo, sending you 1
2024-10-14 21:17:38.025505 Golf: Lima, sending you 2
2024-10-14 21:17:38.026396 India: Sierra, sending you 5
2024-10-14 21:17:38.027652 Uniform: Lima, sending you 3
2024-10-14 21:17:38.028499 Tango: Quebec, Kilo and Golf, sending you 3
2024-10-14 21:17:38.029815 Oscar: India and Echo, sending you 5
2024-10-14 21:17:38.030990 Sierra: India, sending you 3
2024-10-14 21:17:38.031857 Quebec: Uniform, sending you 5
2024-10-14 21:17:38.033714 Tango: Uniform, sending you 5
2024-10-14 21:17:38.034973 Oscar: Sierra, sending you 3
2024-10-14 21:17:38.035795 Sierra: Echo, sending you 5
2024-10-14 21:17:38.041786 Sierra: Oscar, sending you 4
chatterbot Kilo submitting transactions
chatterbot Lima submitting transactions
chatterbot Golf submitting transactions
chatterbot India submitting transactions
chatterbot Echo submitting transactions
chatterbot Quebec submitting transactions
chatterbot Uniform submitting transactions
chatterbot Tango submitting transactions
chatterbot Oscar submitting transactions
chatterbot Sierra submitting transactions
ChatterBot Quebec round 5
ChatterBot Tango round 5
ChatterBot India round 5
ChatterBot Echo round 5
ChatterBot Kilo round 5
ChatterBot Lima round 5
ChatterBot Golf round 5
ChatterBot Oscar round 5
ChatterBot Uniform round 5
ChatterBot Sierra round 5
2024-10-14 21:17:39.203679 Quebec: Tango, Kilo, Golf and Uniform, sending you 4
2024-10-14 21:17:39.204179 India: Echo and Oscar, sending you 6
2024-10-14 21:17:39.205109 Tango: Quebec, Kilo and Golf, sending you 3
2024-10-14 21:17:39.206704 Quebec: Lima, sending you 3
2024-10-14 21:17:39.207350 India: Sierra, sending you 5
2024-10-14 21:17:39.207785 Echo: India and Oscar, sending you 7
2024-10-14 21:17:39.208685 Lima: Quebec, Kilo, Golf and Uniform, sending you 2
2024-10-14 21:17:39.209161 Tango: Uniform, sending you 5
2024-10-14 21:17:39.212195 Lima: Tango, sending you 1
2024-10-14 21:17:39.212786 Golf: Quebec, Tango, Kilo and Uniform, sending you 4
2024-10-14 21:17:39.213369 Uniform: Quebec, Tango, Kilo and Golf, sending you 4
2024-10-14 21:17:39.213980 Echo: Sierra, sending you 6
2024-10-14 21:17:39.216662 Uniform: Lima, sending you 3
2024-10-14 21:17:39.217694 Golf: Lima, sending you 2
2024-10-14 21:17:39.218797 Sierra: Sending you each 4
2024-10-14 21:17:39.219207 Oscar: India and Echo, sending you 5
2024-10-14 21:17:39.222688 Kilo: Quebec, Tango, Golf and Uniform, sending you 3
2024-10-14 21:17:39.223326 Oscar: Sierra, sending you 3
2024-10-14 21:17:39.226657 Kilo: Lima, sending you 2
chatterbot Tango submitting transactions
chatterbot Echo submitting transactions
chatterbot Lima submitting transactions
chatterbot Golf submitting transactions
chatterbot Quebec submitting transactions
chatterbot Kilo submitting transactions
chatterbot Sierra submitting transactions
chatterbot Uniform submitting transactions
chatterbot Oscar submitting transactions
chatterbot India submitting transactions
ChatterBot Quebec round 6
ChatterBot Tango round 6
ChatterBot India round 6
ChatterBot Echo round 6
ChatterBot Kilo round 6
ChatterBot Lima round 6
ChatterBot Golf round 6
2024-10-14 21:17:40.411295 Tango: We should add Lima
2024-10-14 21:17:40.424464 Quebec: Yes
2024-10-14 21:17:40.424694 Kilo: Yes
2024-10-14 21:17:40.424874 Golf: Yes
2024-10-14 21:17:40.425024 Uniform: Yes
ChatterBot Oscar round 6
ChatterBot Uniform round 6
ChatterBot Sierra round 6
2024-10-14 21:17:40.475231 Tango: Lima we want you to join our group
2024-10-14 21:17:40.477485 Lima: Yes
2024-10-14 21:17:40.501675 Quebec: Tango, Kilo, Golf and Uniform, sending you 4
2024-10-14 21:17:40.502665 Lima: Quebec, Kilo, Golf and Uniform, sending you 2
2024-10-14 21:17:40.505683 Quebec: Lima, sending you 3
2024-10-14 21:17:40.507665 Lima: Tango, sending you 1
2024-10-14 21:17:40.508969 Echo: India and Oscar, sending you 7
2024-10-14 21:17:40.509674 Uniform: Quebec, Tango, Kilo and Golf, sending you 4
2024-10-14 21:17:40.511675 Golf: Quebec, Tango, Kilo and Uniform, sending you 4
2024-10-14 21:17:40.514080 Echo: Sierra, sending you 6
2024-10-14 21:17:40.514696 Uniform: Lima, sending you 3
2024-10-14 21:17:40.516772 Tango: Quebec, Kilo, Golf and Uniform, sending you 3
2024-10-14 21:17:40.517326 Golf: Lima, sending you 2
2024-10-14 21:17:40.517889 Kilo: Quebec, Tango, Golf and Uniform, sending you 3
2024-10-14 21:17:40.518682 Sierra: Same as last round
2024-10-14 21:17:40.520656 India: Echo and Oscar, sending you 6
2024-10-14 21:17:40.521745 Tango: Lima, sending you 2
2024-10-14 21:17:40.522709 Oscar: India and Echo, sending you 5
2024-10-14 21:17:40.523857 Kilo: Lima, sending you 2
2024-10-14 21:17:40.525659 India: Sierra, sending you 5
2024-10-14 21:17:40.527675 Oscar: Sierra, sending you 3
chatterbot Echo submitting transactions
chatterbot Sierra submitting transactions
chatterbot Kilo submitting transactions
chatterbot Golf submitting transactions
chatterbot Uniform submitting transactions
chatterbot Lima submitting transactions
chatterbot India submitting transactions
chatterbot Quebec submitting transactions
chatterbot Tango submitting transactions
chatterbot Oscar submitting transactions
ChatterBot Quebec round 7
ChatterBot Tango round 7
ChatterBot India round 7
ChatterBot Echo round 7
ChatterBot Kilo round 7
ChatterBot Lima round 7
ChatterBot Golf round 7
ChatterBot Oscar round 7
ChatterBot Uniform round 7
ChatterBot Sierra round 7
2024-10-14 21:17:41.749674 India: Echo and Oscar, sending you 6
2024-10-14 21:17:41.753696 India: Sierra, sending you 5
2024-10-14 21:17:41.754697 Tango: Quebec, Kilo, Golf and Uniform, sending you 3
2024-10-14 21:17:41.756144 Lima: Quebec, Kilo, Golf and Uniform, sending you 2
2024-10-14 21:17:41.757171 Quebec: Tango, Kilo, Golf and Uniform, sending you 4
2024-10-14 21:17:41.758684 Oscar: India, sending you 5
2024-10-14 21:17:41.759695 Lima: Tango, sending you 1
2024-10-14 21:17:41.760919 Tango: Lima, sending you 2
2024-10-14 21:17:41.761833 Quebec: Lima, sending you 3
2024-10-14 21:17:41.762647 Golf: Quebec, Tango, Kilo and Uniform, sending you 4
2024-10-14 21:17:41.764 Oscar: Echo, sending you 4
2024-10-14 21:17:41.764653 Echo: India and Oscar, sending you 7
2024-10-14 21:17:41.766118 Kilo: Quebec, Tango, Golf and Uniform, sending you 3
2024-10-14 21:17:41.767063 Golf: Lima, sending you 2
2024-10-14 21:17:41.767895 Oscar: Sierra, sending you 3
2024-10-14 21:17:41.769308 Sierra: Same as last round
2024-10-14 21:17:41.769948 Echo: Sierra, sending you 6
2024-10-14 21:17:41.771673 Kilo: Lima, sending you 2
2024-10-14 21:17:41.773830 Uniform: Quebec, Tango, Kilo and Golf, sending you 4
2024-10-14 21:17:41.778714 Uniform: Lima, sending you 3
chatterbot Golf submitting transactions
chatterbot Lima submitting transactions
chatterbot Uniform submitting transactions
chatterbot Echo submitting transactions
chatterbot Oscar submitting transactions
chatterbot India submitting transactions
chatterbot Quebec submitting transactions
chatterbot Sierra submitting transactions
chatterbot Tango submitting transactions
chatterbot Kilo submitting transactions
ChatterBot Quebec round 8
ChatterBot Tango round 8
ChatterBot India round 8
ChatterBot Echo round 8
ChatterBot Kilo round 8
ChatterBot Lima round 8
ChatterBot Golf round 8
ChatterBot Oscar round 8
ChatterBot Uniform round 8
ChatterBot Sierra round 8
2024-10-14 21:17:43.002649 India: Echo and Oscar, sending you 6
2024-10-14 21:17:43.005675 India: Sierra, sending you 5
2024-10-14 21:17:43.008303 Echo: India and Oscar, sending you 7
2024-10-14 21:17:43.010662 Golf: Quebec, Tango, Kilo and Uniform, sending you 4
2024-10-14 21:17:43.013196 Tango: Quebec, Kilo, Golf and Uniform, sending you 3
2024-10-14 21:17:43.013786 Echo: Sierra, sending you 6
2024-10-14 21:17:43.014672 Lima: Quebec, Kilo, Golf and Uniform, sending you 2
2024-10-14 21:17:43.015238 Golf: Lima, sending you 2
2024-10-14 21:17:43.016680 Tango: Lima, sending you 2
2024-10-14 21:17:43.018112 Kilo: Quebec, Tango, Golf and Uniform, sending you 3
2024-10-14 21:17:43.018683 Uniform: Quebec, Tango, Kilo and Golf, sending you 4
2024-10-14 21:17:43.019687 Lima: Tango, sending you 1
2024-10-14 21:17:43.020307 Oscar: India, sending you 5
2024-10-14 21:17:43.020743 Quebec: Tango, Kilo, Golf and Uniform, sending you 4
2024-10-14 21:17:43.023058 Uniform: Lima, sending you 3
2024-10-14 21:17:43.023749 Kilo: Lima, sending you 2
2024-10-14 21:17:43.025661 Oscar: Echo, sending you 4
2024-10-14 21:17:43.026063 Quebec: Lima, sending you 3
2024-10-14 21:17:43.026729 Sierra: Same as last round
2024-10-14 21:17:43.028667 Oscar: Sierra, sending you 3
chatterbot Echo submitting transactions
chatterbot Kilo submitting transactions
chatterbot Lima submitting transactions
chatterbot Uniform submitting transactions
chatterbot Tango submitting transactions
chatterbot India submitting transactions
chatterbot Quebec submitting transactions
chatterbot Golf submitting transactions
chatterbot Sierra submitting transactions
chatterbot Oscar submitting transactions
ChatterBot Quebec round 9
ChatterBot Tango round 9
ChatterBot India round 9
ChatterBot Echo round 9
ChatterBot Kilo round 9
ChatterBot Lima round 9
ChatterBot Golf round 9
ChatterBot Oscar round 9
ChatterBot Uniform round 9
ChatterBot Sierra round 9
2024-10-14 21:17:44.304703 Quebec: Tango, Kilo, Golf and Uniform, sending you 4
2024-10-14 21:17:44.306685 India: Echo and Oscar, sending you 6
2024-10-14 21:17:44.307291 Golf: Quebec, Tango, Kilo and Uniform, sending you 4
2024-10-14 21:17:44.307920 Tango: Quebec, Kilo, Golf and Uniform, sending you 3
2024-10-14 21:17:44.308686 Quebec: Lima, sending you 3
2024-10-14 21:17:44.310651 Tango: Lima, sending you 2
2024-10-14 21:17:44.311711 India: Sierra, sending you 5
2024-10-14 21:17:44.312286 Golf: Lima, sending you 2
2024-10-14 21:17:44.314696 Sierra: Same as last round
2024-10-14 21:17:44.315666 Echo: India and Oscar, sending you 7
2024-10-14 21:17:44.317667 Oscar: India, sending you 5
2024-10-14 21:17:44.318034 Uniform: Quebec, Tango, Kilo and Golf, sending you 4
2024-10-14 21:17:44.319306 Kilo: Quebec, Tango, Golf and Uniform, sending you 3
2024-10-14 21:17:44.320298 Lima: Quebec, Kilo, Golf and Uniform, sending you 2
2024-10-14 21:17:44.321164 Echo: Sierra, sending you 6
2024-10-14 21:17:44.321678 Oscar: Echo, sending you 4
2024-10-14 21:17:44.322673 Kilo: Lima, sending you 2
2024-10-14 21:17:44.323677 Uniform: Lima, sending you 3
2024-10-14 21:17:44.324273 Lima: Tango, sending you 1
2024-10-14 21:17:44.324883 Oscar: Sierra, sending you 3
chatterbot Golf submitting transactions
chatterbot Echo submitting transactions
chatterbot Sierra submitting transactions
chatterbot Quebec submitting transactions
chatterbot Uniform submitting transactions
chatterbot Lima submitting transactions
chatterbot Kilo submitting transactions
chatterbot India submitting transactions
chatterbot Tango submitting transactions
chatterbot Oscar submitting transactions
ChatterBot Quebec round 10
ChatterBot Tango round 10
ChatterBot India round 10
ChatterBot Echo round 10
ChatterBot Kilo round 10
ChatterBot Lima round 10
ChatterBot Golf round 10
ChatterBot Oscar round 10
ChatterBot Uniform round 10
ChatterBot Sierra round 10
2024-10-14 21:17:45.371699 Quebec: Tango, Kilo, Golf and Uniform, sending you 4
2024-10-14 21:17:45.376692 India: Echo and Oscar, sending you 6
2024-10-14 21:17:45.377598 Tango: Quebec, Kilo, Golf and Uniform, sending you 3
2024-10-14 21:17:45.378298 Quebec: Lima, sending you 3
2024-10-14 21:17:45.378898 Echo: India and Oscar, sending you 7
2024-10-14 21:17:45.379300 Oscar: India, sending you 5
2024-10-14 21:17:45.380100 India: Sierra, sending you 5
2024-10-14 21:17:45.381672 Echo: Sierra, sending you 6
2024-10-14 21:17:45.382785 Tango: Lima, sending you 2
2024-10-14 21:17:45.383818 Golf: Quebec, Tango, Kilo and Uniform, sending you 4
2024-10-14 21:17:45.384511 Lima: Quebec, Kilo, Golf and Uniform, sending you 2
2024-10-14 21:17:45.385754 Oscar: Echo, sending you 4
2024-10-14 21:17:45.386686 Golf: Lima, sending you 2
2024-10-14 21:17:45.388672 Lima: Tango, sending you 1
2024-10-14 21:17:45.389525 Kilo: Quebec, Tango, Golf and Uniform, sending you 3
2024-10-14 21:17:45.390836 Oscar: Sierra, sending you 3
2024-10-14 21:17:45.391148 Sierra: Same as last round
2024-10-14 21:17:45.394676 Uniform: Quebec, Tango, Kilo and Golf, sending you 4
2024-10-14 21:17:45.396301 Kilo: Lima, sending you 2
2024-10-14 21:17:45.398662 Uniform: Lima, sending you 3
chatterbot Quebec submitting transactions
chatterbot India submitting transactions
chatterbot Tango submitting transactions
chatterbot Kilo submitting transactions
chatterbot Echo submitting transactions
chatterbot Uniform submitting transactions
chatterbot Sierra submitting transactions
chatterbot Golf submitting transactions
chatterbot Lima submitting transactions
chatterbot Oscar submitting transactions
ChatterBot Quebec round 11
ChatterBot Tango round 11
ChatterBot India round 11
ChatterBot Echo round 11
ChatterBot Kilo round 11
ChatterBot Lima round 11
ChatterBot Golf round 11
ChatterBot Oscar round 11
ChatterBot Uniform round 11
ChatterBot Sierra round 11
2024-10-14 21:17:46.654676 India: Echo and Oscar, sending you 6
2024-10-14 21:17:46.658668 India: Sierra, sending you 5
2024-10-14 21:17:46.660681 Quebec: Tango, Kilo, Golf and Uniform, sending you 4
2024-10-14 21:17:46.663493 Echo: India and Oscar, sending you 7
2024-10-14 21:17:46.664704 Quebec: Lima, sending you 3
2024-10-14 21:17:46.667518 Kilo: Quebec, Tango, Golf and Uniform, sending you 3
2024-10-14 21:17:46.669385 Golf: Quebec, Tango, Kilo and Uniform, sending you 4
2024-10-14 21:17:46.671760 Echo: Sierra, sending you 6
2024-10-14 21:17:46.672925 Tango: Quebec, Kilo, Golf and Uniform, sending you 3
2024-10-14 21:17:46.675756 Kilo: Lima, sending you 2
2024-10-14 21:17:46.677260 Golf: Lima, sending you 2
2024-10-14 21:17:46.679610 Tango: Lima, sending you 2
2024-10-14 21:17:46.681672 Oscar: India, sending you 5
2024-10-14 21:17:46.682671 Sierra: Same as last round
2024-10-14 21:17:46.683565 Uniform: Quebec, Tango, Kilo and Golf, sending you 4
2024-10-14 21:17:46.685794 Lima: Quebec, Tango, Kilo and Uniform, sending you 2
2024-10-14 21:17:46.687161 Oscar: Echo, sending you 4
2024-10-14 21:17:46.689655 Lima: Golf, sending you 1
2024-10-14 21:17:46.696866 Uniform: Lima, sending you 3
2024-10-14 21:17:46.702024 Oscar: Sierra, sending you 3
chatterbot Echo submitting transactions
chatterbot Kilo submitting transactions
chatterbot Golf submitting transactions
chatterbot Sierra submitting transactions
chatterbot Tango submitting transactions
chatterbot Quebec submitting transactions
chatterbot Lima submitting transactions
chatterbot India submitting transactions
chatterbot Uniform submitting transactions
chatterbot Oscar submitting transactions
ChatterBot Quebec round 12
ChatterBot Tango round 12
ChatterBot India round 12
ChatterBot Echo round 12
ChatterBot Kilo round 12
ChatterBot Lima round 12
ChatterBot Golf round 12
ChatterBot Oscar round 12
ChatterBot Uniform round 12
ChatterBot Sierra round 12
2024-10-14 21:17:47.784712 Lima: Quebec, Tango, Kilo and Uniform, sending you 2
2024-10-14 21:17:47.785670 India: Echo and Oscar, sending you 6
2024-10-14 21:17:47.787666 Kilo: Quebec, Tango, Golf and Uniform, sending you 3
2024-10-14 21:17:47.788680 Tango: Quebec, Kilo, Golf and Uniform, sending you 3
2024-10-14 21:17:47.789872 India: Sierra, sending you 5
2024-10-14 21:17:47.790361 Echo: India and Oscar, sending you 7
2024-10-14 21:17:47.790802 Lima: Golf, sending you 1
2024-10-14 21:17:47.791670 Quebec: Tango, Kilo, Golf and Uniform, sending you 4
2024-10-14 21:17:47.793215 Golf: Quebec, Tango, Kilo and Uniform, sending you 4
2024-10-14 21:17:47.794250 Kilo: Lima, sending you 2
2024-10-14 21:17:47.795458 Tango: Lima, sending you 2
2024-10-14 21:17:47.796840 Echo: Sierra, sending you 6
2024-10-14 21:17:47.797453 Uniform: Quebec, Tango, Kilo and Golf, sending you 4
2024-10-14 21:17:47.798452 Oscar: India and Echo, sending you 4
2024-10-14 21:17:47.799391 Quebec: Lima, sending you 3
2024-10-14 21:17:47.800380 Golf: Lima, sending you 2
2024-10-14 21:17:47.801442 Sierra: Same as last round
2024-10-14 21:17:47.802488 Uniform: Lima, sending you 3
2024-10-14 21:17:47.803531 Oscar: Sierra, sending you 3
chatterbot Quebec submitting transactions
chatterbot Golf submitting transactions
chatterbot Echo submitting transactions
chatterbot Kilo submitting transactions
chatterbot Lima submitting transactions
chatterbot Oscar submitting transactions
chatterbot India submitting transactions
chatterbot Uniform submitting transactions
chatterbot Sierra submitting transactions
chatterbot Tango submitting transactions
ChatterBot Quebec round 13
ChatterBot Tango round 13
ChatterBot India round 13
ChatterBot Echo round 13
ChatterBot Kilo round 13
ChatterBot Lima round 13
ChatterBot Golf round 13
ChatterBot Oscar round 13
ChatterBot Uniform round 13
ChatterBot Sierra round 13
2024-10-14 21:17:48.946397 Tango: We should drop Lima
2024-10-14 21:17:48.959053 Quebec: No
2024-10-14 21:17:48.959275 Kilo: No
2024-10-14 21:17:48.959451 Golf: No
2024-10-14 21:17:48.959633 Uniform: No
ChatterBot Tango reevaluating
ChatterBot Tango reevaluating
ChatterBot Tango reevaluating
ChatterBot Tango reevaluating
2024-10-14 21:17:49.006686 Kilo: Quebec, Tango, Golf and Uniform, sending you 3
2024-10-14 21:17:49.008692 Quebec: Tango, Kilo, Golf and Uniform, sending you 4
2024-10-14 21:17:49.009813 Echo: India and Oscar, sending you 7
2024-10-14 21:17:49.010705 Kilo: Lima, sending you 2
2024-10-14 21:17:49.013681 Quebec: Lima, sending you 3
2024-10-14 21:17:49.015116 Echo: Sierra, sending you 6
2024-10-14 21:17:49.020696 Uniform: Quebec, Tango, Kilo and Golf, sending you 4
2024-10-14 21:17:49.023679 Oscar: India and Echo, sending you 4
2024-10-14 21:17:49.024280 Uniform: Lima, sending you 3
2024-10-14 21:17:49.025431 India: Echo and Oscar, sending you 6
2024-10-14 21:17:49.025823 Lima: Quebec, Tango, Kilo and Uniform, sending you 2
2024-10-14 21:17:49.026458 Golf: Quebec, Tango, Kilo and Uniform, sending you 4
2024-10-14 21:17:49.027105 Oscar: Sierra, sending you 3
2024-10-14 21:17:49.027686 Tango: Quebec, Kilo, Golf and Uniform, sending you 3
2024-10-14 21:17:49.029691 Lima: Golf, sending you 1
2024-10-14 21:17:49.030461 Golf: Lima, sending you 2
2024-10-14 21:17:49.031209 India: Sierra, sending you 5
2024-10-14 21:17:49.032229 Sierra: Same as last round
2024-10-14 21:17:49.032774 Tango: Lima, sending you 2
chatterbot Tango submitting transactions
chatterbot India submitting transactions
chatterbot Oscar submitting transactions
chatterbot Quebec submitting transactions
chatterbot Lima submitting transactions
chatterbot Echo submitting transactions
chatterbot Kilo submitting transactions
chatterbot Sierra submitting transactions
chatterbot Uniform submitting transactions
chatterbot Golf submitting transactions
ChatterBot Quebec round 14
ChatterBot Tango round 14
ChatterBot India round 14
ChatterBot Echo round 14
ChatterBot Kilo round 14
ChatterBot Lima round 14
ChatterBot Golf round 14
ChatterBot Oscar round 14
ChatterBot Uniform round 14
ChatterBot Sierra round 14
2024-10-14 21:17:50.263736 Golf: Quebec, Tango, Kilo and Uniform, sending you 4
2024-10-14 21:17:50.264990 Uniform: Quebec, Tango, Kilo and Golf, sending you 4
2024-10-14 21:17:50.266653 Sierra: Same as last round
2024-10-14 21:17:50.268673 Golf: Lima, sending you 2
2024-10-14 21:17:50.270725 India: Echo and Oscar, sending you 6
2024-10-14 21:17:50.271176 Uniform: Lima, sending you 3
2024-10-14 21:17:50.271957 Quebec: Tango, Kilo, Golf and Uniform, sending you 4
2024-10-14 21:17:50.274395 Lima: Quebec, Tango, Kilo and Uniform, sending you 2
2024-10-14 21:17:50.276243 India: Sierra, sending you 5
2024-10-14 21:17:50.276942 Oscar: India and Echo, sending you 4
2024-10-14 21:17:50.278118 Quebec: Lima, sending you 3
2024-10-14 21:17:50.278996 Lima: Golf, sending you 1
2024-10-14 21:17:50.280353 Kilo: Quebec, Tango, Golf and Uniform, sending you 3
2024-10-14 21:17:50.281624 Echo: India and Oscar, sending you 7
2024-10-14 21:17:50.282189 Tango: Quebec, Kilo, Golf and Uniform, sending you 3
2024-10-14 21:17:50.283967 Oscar: Sierra, sending you 3
2024-10-14 21:17:50.284548 Kilo: Lima, sending you 2
2024-10-14 21:17:50.286065 Echo: Sierra, sending you 6
2024-10-14 21:17:50.287657 Tango: Lima, sending you 2
chatterbot Golf submitting transactions
chatterbot Lima submitting transactions
chatterbot Kilo submitting transactions
chatterbot Quebec submitting transactions
chatterbot India submitting transactions
chatterbot Echo submitting transactions
chatterbot Sierra submitting transactions
chatterbot Uniform submitting transactions
chatterbot Tango submitting transactions
chatterbot Oscar submitting transactions
ChatterBot Quebec round 15
ChatterBot Tango round 15
ChatterBot India round 15
ChatterBot Echo round 15
ChatterBot Kilo round 15
ChatterBot Lima round 15
ChatterBot Golf round 15
ChatterBot Oscar round 15
ChatterBot Uniform round 15
ChatterBot Sierra round 15
2024-10-14 21:17:51.364015 Tango: We should drop Kilo
2024-10-14 21:17:51.375007 Quebec: No
2024-10-14 21:17:51.375190 Lima: No
2024-10-14 21:17:51.375348 Golf: No
2024-10-14 21:17:51.375499 Uniform: No
ChatterBot Tango reevaluating
ChatterBot Tango reevaluating
ChatterBot Tango reevaluating
ChatterBot Tango reevaluating
2024-10-14 21:17:51.442682 Kilo: Quebec, Tango, Golf and Uniform, sending you 3
2024-10-14 21:17:51.444665 Sierra: Same as last round
2024-10-14 21:17:51.446664 India: Echo and Oscar, sending you 6
2024-10-14 21:17:51.447186 Kilo: Lima, sending you 2
2024-10-14 21:17:51.448611 Uniform: Quebec, Tango, Kilo and Golf, sending you 4
2024-10-14 21:17:51.449786 India: Sierra, sending you 5
2024-10-14 21:17:51.451675 Golf: Quebec, Tango, Kilo and Uniform, sending you 4
2024-10-14 21:17:51.452728 Uniform: Lima, sending you 3
2024-10-14 21:17:51.454021 Tango: Quebec, Kilo, Golf and Uniform, sending you 3
2024-10-14 21:17:51.455345 Echo: India and Oscar, sending you 7
2024-10-14 21:17:51.455935 Quebec: Tango, Kilo, Golf and Uniform, sending you 4
2024-10-14 21:17:51.462392 Lima: Quebec, Tango, Kilo and Uniform, sending you 2
2024-10-14 21:17:51.463531 Golf: Lima, sending you 2
2024-10-14 21:17:51.465221 Tango: Lima, sending you 2
2024-10-14 21:17:51.467020 Echo: Sierra, sending you 6
2024-10-14 21:17:51.467685 Quebec: Lima, sending you 3
2024-10-14 21:17:51.469529 Lima: Golf, sending you 1
2024-10-14 21:17:51.470608 Oscar: India and Echo, sending you 4
2024-10-14 21:17:51.474674 Oscar: Sierra, sending you 3
chatterbot Tango submitting transactions
chatterbot Kilo submitting transactions
chatterbot India submitting transactions
chatterbot Uniform submitting transactions
chatterbot Oscar submitting transactions
chatterbot Echo submitting transactions
chatterbot Lima submitting transactions
chatterbot Quebec submitting transactions
chatterbot Sierra submitting transactions
chatterbot Golf submitting transactions
ChatterBot Quebec round 16
ChatterBot Tango round 16
ChatterBot India round 16
ChatterBot Echo round 16
ChatterBot Kilo round 16
ChatterBot Lima round 16
ChatterBot Golf round 16
ChatterBot Oscar round 16
ChatterBot Uniform round 16
ChatterBot Sierra round 16
2024-10-14 21:17:52.653679 Echo: India and Oscar, sending you 7
2024-10-14 21:17:52.654685 Golf: Quebec, Tango, Kilo and Uniform, sending you 4
2024-10-14 21:17:52.656284 India: Echo and Oscar, sending you 6
2024-10-14 21:17:52.657071 Tango: Quebec, Kilo, Golf and Uniform, sending you 3
2024-10-14 21:17:52.657853 Echo: Sierra, sending you 6
2024-10-14 21:17:52.658404 Sierra: Same as last round
2024-10-14 21:17:52.658926 Quebec: Tango, Kilo, Golf and Uniform, sending you 4
2024-10-14 21:17:52.660356 Golf: Lima, sending you 2
2024-10-14 21:17:52.661675 India: Sierra, sending you 5
2024-10-14 21:17:52.662479 Kilo: Quebec, Tango, Golf and Uniform, sending you 3
2024-10-14 21:17:52.664236 Tango: Lima, sending you 2
2024-10-14 21:17:52.665526 Lima: Quebec, Tango, Kilo and Uniform, sending you 2
2024-10-14 21:17:52.666757 Quebec: Lima, sending you 3
2024-10-14 21:17:52.668285 Oscar: India and Echo, sending you 4
2024-10-14 21:17:52.669212 Kilo: Lima, sending you 2
2024-10-14 21:17:52.670601 Uniform: Quebec, Tango, Kilo and Golf, sending you 4
2024-10-14 21:17:52.672400 Lima: Golf, sending you 1
2024-10-14 21:17:52.673546 Oscar: Sierra, sending you 3
2024-10-14 21:17:52.676647 Uniform: Lima, sending you 3
chatterbot Sierra submitting transactions
chatterbot Uniform submitting transactions
chatterbot Quebec submitting transactions
chatterbot Tango submitting transactions
chatterbot India submitting transactions
chatterbot Echo submitting transactions
chatterbot Lima submitting transactions
chatterbot Oscar submitting transactions
chatterbot Golf submitting transactions
chatterbot Kilo submitting transactions
ChatterBot Quebec round 17
ChatterBot Tango round 17
ChatterBot India round 17
ChatterBot Echo round 17
ChatterBot Kilo round 17
ChatterBot Lima round 17
ChatterBot Golf round 17
ChatterBot Oscar round 17
ChatterBot Uniform round 17
ChatterBot Sierra round 17
2024-10-14 21:17:53.925672 Echo: India and Oscar, sending you 7
2024-10-14 21:17:53.927661 Uniform: Quebec, Tango, Kilo and Golf, sending you 4
2024-10-14 21:17:53.929684 Lima: Quebec, Tango, Kilo and Uniform, sending you 2
2024-10-14 21:17:53.931785 Quebec: Tango, Kilo, Golf and Uniform, sending you 4
2024-10-14 21:17:53.933962 Echo: Sierra, sending you 6
2024-10-14 21:17:53.935184 India: Echo and Oscar, sending you 6
2024-10-14 21:17:53.936074 Uniform: Lima, sending you 3
2024-10-14 21:17:53.938104 Sierra: Same as last round
2024-10-14 21:17:53.939208 Lima: Golf, sending you 1
2024-10-14 21:17:53.941605 Oscar: India and Echo, sending you 4
2024-10-14 21:17:53.943115 Tango: Quebec, Kilo, Golf and Uniform, sending you 3
2024-10-14 21:17:53.945558 Quebec: Lima, sending you 3
2024-10-14 21:17:53.947462 Kilo: Quebec, Tango, Golf and Uniform, sending you 3
2024-10-14 21:17:53.949987 India: Sierra, sending you 5
2024-10-14 21:17:53.951423 Golf: Quebec, Tango, Kilo and Uniform, sending you 4
2024-10-14 21:17:53.953886 Oscar: Sierra, sending you 3
2024-10-14 21:17:53.955401 Tango: Lima, sending you 2
2024-10-14 21:17:53.958105 Kilo: Lima, sending you 2
2024-10-14 21:17:53.960571 Golf: Lima, sending you 2
chatterbot Golf submitting transactions
chatterbot Sierra submitting transactions
chatterbot Tango submitting transactions
chatterbot Quebec submitting transactions
chatterbot Kilo submitting transactions
chatterbot Lima submitting transactions
chatterbot India submitting transactions
chatterbot Echo submitting transactions
chatterbot Uniform submitting transactions
chatterbot Oscar submitting transactions
ChatterBot Quebec round 18
ChatterBot Tango round 18
ChatterBot India round 18
ChatterBot Echo round 18
ChatterBot Kilo round 18
ChatterBot Lima round 18
ChatterBot Golf round 18
ChatterBot Oscar round 18
ChatterBot Uniform round 18
ChatterBot Sierra round 18
2024-10-14 21:17:55.180671 Tango: Quebec, Kilo, Golf and Uniform, sending you 3
2024-10-14 21:17:55.186703 Tango: Lima, sending you 2
2024-10-14 21:17:55.189406 Echo: India and Oscar, sending you 7
2024-10-14 21:17:55.190269 Golf: Quebec, Tango, Kilo and Uniform, sending you 4
2024-10-14 21:17:55.192083 Quebec: Tango, Kilo, Golf and Uniform, sending you 4
2024-10-14 21:17:55.193524 Uniform: Quebec, Tango, Kilo and Golf, sending you 4
