ChatterBot Yankee round 1
ChatterBot Echo round 1
ChatterBot Lima round 1
ChatterBot Alpha round 1
ChatterBot Papa round 1
ChatterBot Sierra round 1
ChatterBot Foxtrot round 1
ChatterBot Romeo round 1
ChatterBot X-ray round 1
ChatterBot Tango round 1
randomSelections Yankee: {Yankee} 
randomSelections Echo: {Echo, Yankee, Romeo, X-ray, Alpha, Tango, Lima} 
2024-10-14 21:17:31.595083 Echo: We should group up
ChatterBot Romeo reevaluating
ChatterBot X-ray reevaluating
ChatterBot Alpha reevaluating
ChatterBot Tango reevaluating
ChatterBot Lima reevaluating
2024-10-14 21:17:31.612513 Yankee: No
2024-10-14 21:17:31.614146 Romeo: Yes
2024-10-14 21:17:31.614518 X-ray: Yes
2024-10-14 21:17:31.614744 Alpha: Yes
2024-10-14 21:17:31.615367 Tango: Yes
2024-10-14 21:17:31.615487 Lima: Yes
ChatterBot Romeo reevaluating
ChatterBot X-ray reevaluating
ChatterBot Alpha reevaluating
ChatterBot Tango reevaluating
ChatterBot Lima reevaluating
ChatterBot X-ray reevaluating
ChatterBot Alpha reevaluating
ChatterBot Tango reevaluating
ChatterBot Lima reevaluating
ChatterBot Romeo reevaluating
ChatterBot Alpha reevaluating
ChatterBot Tango reevaluating
ChatterBot Lima reevaluating
ChatterBot Romeo reevaluating
ChatterBot X-ray reevaluating
ChatterBot Tango reevaluating
ChatterBot Lima reevaluating
ChatterBot Romeo reevaluating
ChatterBot X-ray reevaluating
ChatterBot Alpha reevaluating
ChatterBot Lima reevaluating
ChatterBot Romeo reevaluating
ChatterBot X-ray reevaluating
ChatterBot Alpha reevaluating
ChatterBot Tango reevaluating
randomSelections Sierra: {Sierra, Lima, Romeo, Papa, Echo, Foxtrot} 
2024-10-14 21:17:31.715062 Sierra: Friends?
ChatterBot Lima reevaluating
ChatterBot Romeo reevaluating
ChatterBot Papa reevaluating
ChatterBot Foxtrot reevaluating
2024-10-14 21:17:31.738838 Lima: No
2024-10-14 21:17:31.741047 Romeo: No
2024-10-14 21:17:31.741253 Papa: Yes
2024-10-14 21:17:31.741421 Echo: No
2024-10-14 21:17:31.741585 Foxtrot: Yes
ChatterBot Romeo reevaluating
ChatterBot Papa reevaluating
ChatterBot Foxtrot reevaluating
ChatterBot Lima reevaluating
ChatterBot Papa reevaluating
ChatterBot Foxtrot reevaluating
ChatterBot Lima reevaluating
ChatterBot Romeo reevaluating
ChatterBot Foxtrot reevaluating
ChatterBot Lima reevaluating
ChatterBot Romeo reevaluating
ChatterBot Papa reevaluating
ChatterBot Foxtrot reevaluating
ChatterBot Lima reevaluating
ChatterBot Romeo reevaluating
ChatterBot Papa reevaluating
2024-10-14 21:17:31.922662 Echo: Yankee and Lima, sending you 1
2024-10-14 21:17:31.933994 Lima: Yankee and Alpha, sending you 2
2024-10-14 21:17:31.934773 Foxtrot: Echo and Papa, sending you 5
2024-10-14 21:17:31.936026 Tango: Echo, sending you 1
2024-10-14 21:17:31.937206 Papa: Lima and Sierra, sending you 3
2024-10-14 21:17:31.937833 Sierra: Echo, Lima and Foxtrot, sending you 2
2024-10-14 21:17:31.939205 Echo: Alpha, X-ray and Tango, sending you 3
2024-10-14 21:17:31.940702 Lima: Romeo, sending you 4
2024-10-14 21:17:31.942148 Foxtrot: Lima, sending you 1
2024-10-14 21:17:31.943191 Tango: Lima, sending you 5
2024-10-14 21:17:31.944601 Papa: Foxtrot, sending you 7
2024-10-14 21:17:31.946103 Sierra: Romeo, sending you 3
2024-10-14 21:17:31.947483 Echo: Romeo, sending you 5
2024-10-14 21:17:31.948373 Romeo: Yankee, Echo, Lima and Tango, sending you 2
2024-10-14 21:17:31.949943 Alpha: Romeo, sending you 2
2024-10-14 21:17:31.951499 Lima: X-ray, sending you 3
2024-10-14 21:17:31.952460 X-ray: Echo, sending you 4
2024-10-14 21:17:31.953863 Tango: Romeo, sending you 3
2024-10-14 21:17:31.955417 Foxtrot: Sierra, sending you 3
2024-10-14 21:17:31.956159 Papa: Romeo, sending you 2
2024-10-14 21:17:31.958021 Romeo: Alpha, sending you 4
2024-10-14 21:17:31.959527 Alpha: Tango, sending you 1
2024-10-14 21:17:31.960228 Lima: Tango, sending you 5
2024-10-14 21:17:31.961541 X-ray: Lima and Tango, sending you 3
2024-10-14 21:17:31.963186 Foxtrot: Romeo, sending you 2
2024-10-14 21:17:31.964299 Tango: X-ray, sending you 2
2024-10-14 21:17:31.966048 Romeo: X-ray, sending you 1
2024-10-14 21:17:31.968106 X-ray: Alpha, sending you 2
2024-10-14 21:17:31.975027 X-ray: Romeo, sending you 1
chatterbot Echo submitting transactions
chatterbot X-ray submitting transactions
chatterbot Alpha submitting transactions
chatterbot Sierra submitting transactions
chatterbot Papa submitting transactions
chatterbot Yankee submitting transactions
chatterbot Romeo submitting transactions
chatterbot Tango submitting transactions
chatterbot Lima submitting transactions
chatterbot Foxtrot submitting transactions
ChatterBot Yankee round 2
ChatterBot Echo round 2
ChatterBot Lima round 2
ChatterBot Alpha round 2
ChatterBot Papa round 2
ChatterBot Sierra round 2
ChatterBot Foxtrot round 2
2024-10-14 21:17:35.607062 Yankee: Friends?
ChatterBot Lima reevaluating
ChatterBot Romeo reevaluating
ChatterBot X-ray reevaluating
ChatterBot Tango reevaluating
2024-10-14 21:17:35.674710 Echo: No
2024-10-14 21:17:35.675191 Lima: No
2024-10-14 21:17:35.676204 Romeo: No
2024-10-14 21:17:35.676509 X-ray: No
2024-10-14 21:17:35.676783 Tango: No
ChatterBot Lima reevaluating
ChatterBot Romeo reevaluating
ChatterBot X-ray reevaluating
ChatterBot Tango reevaluating
ChatterBot Romeo reevaluating
ChatterBot X-ray reevaluating
ChatterBot Tango reevaluating
ChatterBot Lima reevaluating
ChatterBot X-ray reevaluating
ChatterBot Tango reevaluating
ChatterBot Lima reevaluating
ChatterBot Romeo reevaluating
ChatterBot Tango reevaluating
ChatterBot Lima reevaluating
ChatterBot Romeo reevaluating
ChatterBot X-ray reevaluating
2024-10-14 21:17:36.024944 Papa: We would work well together
ChatterBot Sierra reevaluating
ChatterBot Foxtrot reevaluating
2024-10-14 21:17:36.041430 Sierra: Yes
2024-10-14 21:17:36.041654 Foxtrot: Yes
ChatterBot Foxtrot reevaluating
ChatterBot Sierra reevaluating
2024-10-14 21:17:36.072023 Foxtrot: We should group up
ChatterBot Sierra reevaluating
2024-10-14 21:17:36.093084 Papa: No
2024-10-14 21:17:36.093268 Sierra: No
2024-10-14 21:17:36.093439 Yankee: No
ChatterBot Foxtrot reevaluating
ChatterBot Sierra reevaluating
ChatterBot Foxtrot reevaluating
ChatterBot Foxtrot reevaluating
ChatterBot Sierra reevaluating
ChatterBot Romeo round 2
ChatterBot X-ray round 2
ChatterBot Tango round 2
2024-10-14 21:17:36.235759 Echo: We should drop Yankee and Alpha
ChatterBot Lima reevaluating
ChatterBot Romeo reevaluating
ChatterBot X-ray reevaluating
ChatterBot Tango reevaluating
2024-10-14 21:17:36.313678 Lima: No
2024-10-14 21:17:36.314042 Romeo: No
2024-10-14 21:17:36.314309 X-ray: No
2024-10-14 21:17:36.315041 Tango: No
ChatterBot Romeo reevaluating
ChatterBot X-ray reevaluating
ChatterBot Tango reevaluating
ChatterBot Lima reevaluating
ChatterBot X-ray reevaluating
ChatterBot Tango reevaluating
ChatterBot Lima reevaluating
ChatterBot Romeo reevaluating
ChatterBot Tango reevaluating
ChatterBot Lima reevaluating
ChatterBot Romeo reevaluating
ChatterBot X-ray reevaluating
2024-10-14 21:17:36.468835 Alpha: We should drop Yankee
2024-10-14 21:17:36.514662 Echo: Yes
2024-10-14 21:17:36.514869 Lima: Yes
2024-10-14 21:17:36.515039 Romeo: Yes
2024-10-14 21:17:36.515201 X-ray: Yes
2024-10-14 21:17:36.515364 Tango: Yes
2024-10-14 21:17:36.700730 Papa: Sierra, sending you 6
2024-10-14 21:17:36.701845 Yankee: Echo, Lima, X-ray and Tango, sending you 3
2024-10-14 21:17:36.707212 Yankee: Romeo, sending you 4
2024-10-14 21:17:36.707535 Papa: Foxtrot, sending you 9
2024-10-14 21:17:36.708860 Foxtrot: Alpha, sending you 3
2024-10-14 21:17:36.711951 Echo: Lima, sending you 2
2024-10-14 21:17:36.712416 Sierra: Papa, sending you 5
2024-10-14 21:17:36.712786 Alpha: Echo, Lima and Romeo, sending you 1
2024-10-14 21:17:36.713910 Foxtrot: Papa, sending you 5
2024-10-14 21:17:36.744653 Echo: Romeo and X-ray, sending you 5
2024-10-14 21:17:36.745117 Sierra: Foxtrot, sending you 4
2024-10-14 21:17:36.745397 Foxtrot: Sierra, sending you 4
2024-10-14 21:17:36.746020 Romeo: Echo, sending you 6
2024-10-14 21:17:36.775524 Romeo: Lima, sending you 5
2024-10-14 21:17:36.775898 Echo: Tango, sending you 4
2024-10-14 21:17:36.776194 Tango: Echo, Alpha, Romeo and X-ray, sending you 2
2024-10-14 21:17:36.776881 Lima: Echo and Alpha, sending you 2
2024-10-14 21:17:36.777129 X-ray: Echo, sending you 4
2024-10-14 21:17:36.793589 Romeo: Alpha, sending you 3
2024-10-14 21:17:36.794161 Tango: Lima, sending you 3
2024-10-14 21:17:36.795134 X-ray: Lima and Tango, sending you 3
2024-10-14 21:17:36.795521 Lima: Romeo, sending you 3
2024-10-14 21:17:36.798429 Romeo: X-ray, sending you 1
2024-10-14 21:17:36.806851 X-ray: Alpha, sending you 1
2024-10-14 21:17:36.807390 Lima: X-ray, sending you 4
2024-10-14 21:17:36.808480 Romeo: Tango, sending you 4
2024-10-14 21:17:36.822074 X-ray: Romeo, sending you 2
2024-10-14 21:17:36.823187 Lima: Tango, sending you 5
chatterbot Papa submitting transactions
chatterbot Yankee submitting transactions
chatterbot Romeo submitting transactions
chatterbot Lima submitting transactions
chatterbot Echo submitting transactions
chatterbot Foxtrot submitting transactions
chatterbot Alpha submitting transactions
chatterbot Tango submitting transactions
chatterbot Sierra submitting transactions
chatterbot X-ray submitting transactions
ChatterBot Yankee round 3
ChatterBot Echo round 3
ChatterBot Lima round 3
ChatterBot Alpha round 3
ChatterBot Papa round 3
ChatterBot Sierra round 3
ChatterBot Foxtrot round 3
2024-10-14 21:17:37.740292 Lima: We should add Yankee
ChatterBot Echo reevaluating
2024-10-14 21:17:37.762091 Alpha: No
2024-10-14 21:17:37.762748 Echo: Yes
2024-10-14 21:17:37.762918 Romeo: No
2024-10-14 21:17:37.763045 X-ray: No
2024-10-14 21:17:37.763214 Tango: No
ChatterBot Echo reevaluating
ChatterBot Echo reevaluating
ChatterBot Echo reevaluating
ChatterBot Echo reevaluating
2024-10-14 21:17:37.893566 Echo: We should add Alpha
2024-10-14 21:17:37.971899 Lima: Yes
2024-10-14 21:17:37.972376 Romeo: Yes
2024-10-14 21:17:37.972678 X-ray: Yes
2024-10-14 21:17:37.972932 Tango: Yes
ChatterBot Echo reevaluating
ChatterBot Echo reevaluating
ChatterBot Echo reevaluating
ChatterBot Echo reevaluating
ChatterBot Romeo round 3
ChatterBot X-ray round 3
ChatterBot Tango round 3
2024-10-14 21:17:38.083540 Foxtrot: We should replace Alpha with Yankee
2024-10-14 21:17:38.092099 Papa: No
2024-10-14 21:17:38.092571 Sierra: No
2024-10-14 21:17:38.108263 Lima: Yankee we want you to join our group
2024-10-14 21:17:38.114647 Yankee: No
ChatterBot Echo reevaluating
ChatterBot Romeo reevaluating
ChatterBot X-ray reevaluating
ChatterBot Tango reevaluating
2024-10-14 21:17:38.142486 Romeo: We should add Yankee
2024-10-14 21:17:38.143595 Tango: We should add Yankee
ChatterBot Echo reevaluating
ChatterBot X-ray reevaluating
ChatterBot Tango reevaluating
2024-10-14 21:17:38.167375 Alpha: No
2024-10-14 21:17:38.171512 Echo: Yes
ChatterBot Echo reevaluating
2024-10-14 21:17:38.176904 Lima: Yes
ChatterBot Romeo reevaluating
2024-10-14 21:17:38.186324 X-ray: Yes
ChatterBot X-ray reevaluating
2024-10-14 21:17:38.191294 Tango: Yes
2024-10-14 21:17:38.191624 Alpha: No
2024-10-14 21:17:38.192323 Echo: Yes
2024-10-14 21:17:38.192464 Lima: Yes
2024-10-14 21:17:38.192596 Romeo: Yes
2024-10-14 21:17:38.192750 X-ray: Yes
ChatterBot Echo reevaluating
ChatterBot Romeo reevaluating
ChatterBot X-ray reevaluating
ChatterBot Tango reevaluating
ChatterBot Romeo reevaluating
ChatterBot X-ray reevaluating
ChatterBot Tango reevaluating
ChatterBot Echo reevaluating
ChatterBot Romeo reevaluating
ChatterBot X-ray reevaluating
ChatterBot Tango reevaluating
ChatterBot Echo reevaluating
ChatterBot Romeo reevaluating
ChatterBot Tango reevaluating
ChatterBot Echo reevaluating
ChatterBot Romeo reevaluating
ChatterBot X-ray reevaluating
ChatterBot Echo reevaluating
ChatterBot Romeo reevaluating
ChatterBot X-ray reevaluating
ChatterBot Tango reevaluating
ChatterBot Romeo reevaluating
ChatterBot X-ray reevaluating
ChatterBot Tango reevaluating
ChatterBot Echo reevaluating
ChatterBot Romeo reevaluating
ChatterBot X-ray reevaluating
ChatterBot Tango reevaluating
ChatterBot Echo reevaluating
ChatterBot X-ray reevaluating
ChatterBot Tango reevaluating
ChatterBot Echo reevaluating
ChatterBot Romeo reevaluating
ChatterBot Tango reevaluating
2024-10-14 21:17:38.414655 Foxtrot: Yankee we want you to join our group
2024-10-14 21:17:38.418342 Yankee: No
2024-10-14 21:17:38.429458 Yankee: Echo, X-ray and Tango, sending you 3
2024-10-14 21:17:38.430464 Alpha: Lima, Romeo and X-ray, sending you 1
2024-10-14 21:17:38.433814 Papa: Sierra, sending you 7
2024-10-14 21:17:38.434133 Sierra: Papa, sending you 5
2024-10-14 21:17:38.434699 Yankee: Lima and Romeo, sending you 4
2024-10-14 21:17:38.435830 Romeo: Yankee we want you to join our group
2024-10-14 21:17:38.440085 Yankee: No
ChatterBot Romeo reevaluating
2024-10-14 21:17:38.464938 Sierra: Foxtrot, sending you 4
2024-10-14 21:17:38.465354 Papa: Foxtrot, sending you 8
2024-10-14 21:17:38.466328 Echo: Yankee, Lima and Tango, sending you 3
2024-10-14 21:17:38.470067 Foxtrot: Yankee, sending you 3
2024-10-14 21:17:38.470711 Lima: Yankee, Echo and Alpha, sending you 2
2024-10-14 21:17:38.471302 Tango: Yankee, Echo, Romeo and X-ray, sending you 2
2024-10-14 21:17:38.472099 Echo: Romeo, sending you 5
2024-10-14 21:17:38.472515 X-ray: Yankee, Romeo and Tango, sending you 2
2024-10-14 21:17:38.474681 Foxtrot: Papa and Sierra, sending you 5
2024-10-14 21:17:38.475772 Lima: Romeo, sending you 4
2024-10-14 21:17:38.476510 Tango: Lima, sending you 3
2024-10-14 21:17:38.477147 Echo: X-ray, sending you 4
2024-10-14 21:17:38.478249 X-ray: Echo, sending you 4
2024-10-14 21:17:38.479794 Lima: X-ray and Tango, sending you 3
2024-10-14 21:17:38.481672 X-ray: Lima, sending you 3
2024-10-14 21:17:38.485101 Romeo: Yankee and Tango, sending you 3
2024-10-14 21:17:38.487698 Romeo: Echo, sending you 7
2024-10-14 21:17:38.492071 Romeo: Lima, sending you 4
2024-10-14 21:17:38.495820 Romeo: X-ray, sending you 2
chatterbot Foxtrot submitting transactions
chatterbot Papa submitting transactions
chatterbot Alpha submitting transactions
chatterbot X-ray submitting transactions
chatterbot Lima submitting transactions
chatterbot Sierra submitting transactions
chatterbot Romeo submitting transactions
chatterbot Tango submitting transactions
chatterbot Yankee submitting transactions
chatterbot Echo submitting transactions
ChatterBot Yankee round 4
ChatterBot Echo round 4
ChatterBot Lima round 4
ChatterBot Alpha round 4
ChatterBot Papa round 4
ChatterBot Sierra round 4
ChatterBot Foxtrot round 4
ChatterBot Romeo round 4
ChatterBot X-ray round 4
2024-10-14 21:17:39.361175 Foxtrot: We should replace Yankee with Alpha
2024-10-14 21:17:39.367264 Papa: No
2024-10-14 21:17:39.367421 Sierra: No
ChatterBot Tango round 4
2024-10-14 21:17:39.387173 Alpha: We should add Yankee
ChatterBot Romeo reevaluating
ChatterBot Tango reevaluating
2024-10-14 21:17:39.404485 Echo: Yes
2024-10-14 21:17:39.404633 Lima: Yes
2024-10-14 21:17:39.404769 Romeo: Yes
2024-10-14 21:17:39.404880 X-ray: Yes
2024-10-14 21:17:39.404987 Tango: Yes
ChatterBot Romeo reevaluating
ChatterBot Tango reevaluating
ChatterBot Romeo reevaluating
ChatterBot Tango reevaluating
ChatterBot Tango reevaluating
ChatterBot Romeo reevaluating
ChatterBot Tango reevaluating
ChatterBot Romeo reevaluating
2024-10-14 21:17:39.467557 Tango: We should add Alpha
2024-10-14 21:17:39.467840 Romeo: We should add Alpha
ChatterBot Romeo reevaluating
2024-10-14 21:17:39.479422 Yankee: No
2024-10-14 21:17:39.479562 Echo: No
2024-10-14 21:17:39.479667 Lima: Yes
2024-10-14 21:17:39.479762 Romeo: Yes
2024-10-14 21:17:39.479848 X-ray: No
ChatterBot Tango reevaluating
2024-10-14 21:17:39.492097 Yankee: No
2024-10-14 21:17:39.492205 Echo: No
2024-10-14 21:17:39.492294 Lima: Yes
2024-10-14 21:17:39.492378 X-ray: No
2024-10-14 21:17:39.492461 Tango: Yes
ChatterBot Romeo reevaluating
ChatterBot Tango reevaluating
ChatterBot Romeo reevaluating
ChatterBot Tango reevaluating
ChatterBot Romeo reevaluating
ChatterBot Tango reevaluating
ChatterBot Tango reevaluating
ChatterBot Romeo reevaluating
ChatterBot Tango reevaluating
ChatterBot Romeo reevaluating
ChatterBot Tango reevaluating
ChatterBot Romeo reevaluating
ChatterBot Tango reevaluating
ChatterBot Romeo reevaluating
ChatterBot Tango reevaluating
ChatterBot Romeo reevaluating
ChatterBot Tango reevaluating
ChatterBot Romeo reevaluating
2024-10-14 21:17:39.630246 Foxtrot: Alpha we want you to join our group
2024-10-14 21:17:39.632574 Alpha: No
ChatterBot Foxtrot reevaluating
2024-10-14 21:17:39.642476 Alpha: Yankee we want you to join our group
2024-10-14 21:17:39.645187 Yankee: No
ChatterBot Romeo reevaluating
ChatterBot Tango reevaluating
2024-10-14 21:17:39.662676 Echo: Yankee, Lima and Tango, sending you 3
2024-10-14 21:17:39.663621 Lima: Yankee, Echo and Alpha, sending you 2
2024-10-14 21:17:39.664683 Yankee: Echo, Lima and Romeo, sending you 4
2024-10-14 21:17:39.666695 Echo: Romeo, sending you 5
2024-10-14 21:17:39.668086 Lima: Romeo, sending you 4
2024-10-14 21:17:39.669696 Yankee: X-ray and Tango, sending you 3
2024-10-14 21:17:39.670756 Foxtrot: Same as last round
2024-10-14 21:17:39.671203 Echo: X-ray, sending you 4
2024-10-14 21:17:39.671717 Lima: X-ray and Tango, sending you 3
2024-10-14 21:17:39.672311 X-ray: Yankee, Romeo and Tango, sending you 2
2024-10-14 21:17:39.676671 X-ray: Echo, sending you 4
2024-10-14 21:17:39.677687 Papa: Sierra, sending you 7
2024-10-14 21:17:39.678666 Tango: Yankee, Echo, Romeo and X-ray, sending you 2
2024-10-14 21:17:39.681666 X-ray: Lima, sending you 3
2024-10-14 21:17:39.682274 Sierra: Papa, sending you 5
2024-10-14 21:17:39.682956 Alpha: Lima, sending you 1
2024-10-14 21:17:39.683552 Papa: Foxtrot, sending you 8
2024-10-14 21:17:39.683911 Tango: Lima, sending you 3
2024-10-14 21:17:39.685671 Alpha: Romeo, sending you 2
2024-10-14 21:17:39.686687 Sierra: Foxtrot, sending you 4
2024-10-14 21:17:39.690678 Romeo: Yankee and Tango, sending you 3
2024-10-14 21:17:39.695925 Romeo: Echo, sending you 6
2024-10-14 21:17:39.700664 Romeo: Lima, sending you 5
2024-10-14 21:17:39.705665 Romeo: X-ray, sending you 2
chatterbot Alpha submitting transactions
chatterbot Sierra submitting transactions
chatterbot Yankee submitting transactions
chatterbot Foxtrot submitting transactions
chatterbot Lima submitting transactions
chatterbot Tango submitting transactions
chatterbot Echo submitting transactions
chatterbot Papa submitting transactions
chatterbot X-ray submitting transactions
chatterbot Romeo submitting transactions
ChatterBot Yankee round 5
ChatterBot Echo round 5
ChatterBot Lima round 5
ChatterBot Alpha round 5
ChatterBot Papa round 5
ChatterBot Sierra round 5
ChatterBot Foxtrot round 5
ChatterBot Romeo round 5
ChatterBot X-ray round 5
ChatterBot Tango round 5
2024-10-14 21:17:40.864680 Yankee: Echo, Lima and Romeo, sending you 4
2024-10-14 21:17:40.868679 Yankee: X-ray and Tango, sending you 3
2024-10-14 21:17:40.869795 X-ray: Yankee, Romeo and Tango, sending you 2
2024-10-14 21:17:40.870373 Foxtrot: Papa, sending you 4
2024-10-14 21:17:40.871972 Romeo: Yankee and Tango, sending you 3
2024-10-14 21:17:40.872695 Papa: Sierra, sending you 7
2024-10-14 21:17:40.872936 Lima: Yankee, Echo, Romeo, X-ray and Tango, sending you 3
2024-10-14 21:17:40.874679 X-ray: Echo, sending you 4
2024-10-14 21:17:40.875687 Foxtrot: Sierra, sending you 5
2024-10-14 21:17:40.876404 Romeo: Echo, sending you 6
2024-10-14 21:17:40.877142 Echo: Yankee, Lima and Tango, sending you 3
2024-10-14 21:17:40.877716 Papa: Foxtrot, sending you 8
2024-10-14 21:17:40.878481 Sierra: Papa, sending you 5
2024-10-14 21:17:40.878796 Lima: Alpha, sending you 1
2024-10-14 21:17:40.879367 X-ray: Lima, sending you 3
2024-10-14 21:17:40.880689 Romeo: Lima, sending you 5
2024-10-14 21:17:40.881200 Echo: Romeo, sending you 5
2024-10-14 21:17:40.881738 Alpha: Lima, sending you 2
2024-10-14 21:17:40.882706 Sierra: Foxtrot, sending you 4
2024-10-14 21:17:40.883688 Tango: Yankee, Echo, Romeo and X-ray, sending you 2
2024-10-14 21:17:40.884740 Echo: X-ray, sending you 4
2024-10-14 21:17:40.885679 Romeo: X-ray, sending you 2
2024-10-14 21:17:40.886674 Alpha: Romeo, sending you 1
2024-10-14 21:17:40.887677 Tango: Lima, sending you 3
chatterbot Echo submitting transactions
chatterbot Lima submitting transactions
chatterbot Sierra submitting transactions
chatterbot Foxtrot submitting transactions
chatterbot Alpha submitting transactions
chatterbot Romeo submitting transactions
chatterbot Tango submitting transactions
chatterbot Yankee submitting transactions
chatterbot Papa submitting transactions
chatterbot X-ray submitting transactions
ChatterBot Yankee round 6
ChatterBot Echo round 6
ChatterBot Lima round 6
ChatterBot Alpha round 6
ChatterBot Papa round 6
ChatterBot Sierra round 6
ChatterBot Foxtrot round 6
ChatterBot Romeo round 6
ChatterBot X-ray round 6
ChatterBot Tango round 6
2024-10-14 21:17:42.154384 Foxtrot: We should add Alpha
2024-10-14 21:17:42.160826 Papa: No
2024-10-14 21:17:42.161035 Sierra: No
ChatterBot Foxtrot reevaluating
ChatterBot Foxtrot reevaluating
2024-10-14 21:17:42.194700 Yankee: Echo, Lima and Romeo, sending you 4
2024-10-14 21:17:42.197702 Papa: Sierra, sending you 7
2024-10-14 21:17:42.198715 Yankee: X-ray and Tango, sending you 3
2024-10-14 21:17:42.199735 Echo: Yankee, Lima and Tango, sending you 3
2024-10-14 21:17:42.201113 Lima: Yankee, Echo, Romeo, X-ray and Tango, sending you 3
2024-10-14 21:17:42.202682 Papa: Foxtrot, sending you 8
2024-10-14 21:17:42.204662 Alpha: Lima, sending you 2
2024-10-14 21:17:42.205708 Echo: Romeo, sending you 5
2024-10-14 21:17:42.206390 X-ray: Yankee, Romeo and Tango, sending you 2
2024-10-14 21:17:42.207035 Lima: Alpha, sending you 1
2024-10-14 21:17:42.208154 Romeo: Yankee and Tango, sending you 3
2024-10-14 21:17:42.208753 Foxtrot: Papa, sending you 4
2024-10-14 21:17:42.209683 Alpha: Romeo, sending you 1
2024-10-14 21:17:42.211296 X-ray: Echo, sending you 4
2024-10-14 21:17:42.211951 Echo: X-ray, sending you 4
2024-10-14 21:17:42.213258 Tango: Yankee, Echo, Romeo and X-ray, sending you 2
2024-10-14 21:17:42.213830 Romeo: Echo, sending you 7
2024-10-14 21:17:42.214441 Foxtrot: Sierra, sending you 5
2024-10-14 21:17:42.215415 Sierra: Sending you each 4
2024-10-14 21:17:42.216658 X-ray: Lima, sending you 3
2024-10-14 21:17:42.217800 Tango: Lima, sending you 3
2024-10-14 21:17:42.218373 Romeo: Lima, sending you 4
2024-10-14 21:17:42.224157 Romeo: X-ray, sending you 2
chatterbot Lima submitting transactions
chatterbot Papa submitting transactions
chatterbot Alpha submitting transactions
chatterbot Tango submitting transactions
chatterbot X-ray submitting transactions
chatterbot Echo submitting transactions
chatterbot Foxtrot submitting transactions
chatterbot Sierra submitting transactions
chatterbot Yankee submitting transactions
chatterbot Romeo submitting transactions
ChatterBot Yankee round 7
ChatterBot Echo round 7
ChatterBot Lima round 7
ChatterBot Alpha round 7
ChatterBot Papa round 7
ChatterBot Sierra round 7
ChatterBot Foxtrot round 7
ChatterBot Romeo round 7
ChatterBot X-ray round 7
ChatterBot Tango round 7
2024-10-14 21:17:43.456412 Foxtrot: We should add Alpha
2024-10-14 21:17:43.465795 Papa: No
2024-10-14 21:17:43.466024 Sierra: No
2024-10-14 21:17:43.493353 Foxtrot: Alpha we want you to join our group
2024-10-14 21:17:43.497641 Alpha: No
2024-10-14 21:17:43.510357 Yankee: Echo, Lima and Romeo, sending you 4
2024-10-14 21:17:43.511959 Lima: Yankee, Echo, Romeo, X-ray and Tango, sending you 3
2024-10-14 21:17:43.514715 Papa: Sierra, sending you 8
2024-10-14 21:17:43.515725 Alpha: Lima, sending you 2
2024-10-14 21:17:43.516676 Yankee: X-ray and Tango, sending you 3
2024-10-14 21:17:43.517771 Lima: Alpha, sending you 1
2024-10-14 21:17:43.518312 Romeo: Yankee and Lima, sending you 4
2024-10-14 21:17:43.518940 Echo: Yankee, Lima and Tango, sending you 3
2024-10-14 21:17:43.519454 Sierra: Same as last round
2024-10-14 21:17:43.520093 Papa: Foxtrot, sending you 7
2024-10-14 21:17:43.520671 Alpha: Romeo, sending you 1
2024-10-14 21:17:43.522708 Romeo: Echo, sending you 6
2024-10-14 21:17:43.523407 Echo: Romeo, sending you 5
2024-10-14 21:17:43.523931 X-ray: Yankee, Romeo and Tango, sending you 2
2024-10-14 21:17:43.525657 Foxtrot: Papa, sending you 4
2024-10-14 21:17:43.526253 Romeo: X-ray, sending you 2
2024-10-14 21:17:43.527196 X-ray: Echo, sending you 4
2024-10-14 21:17:43.528732 Echo: X-ray, sending you 4
2024-10-14 21:17:43.530673 Foxtrot: Sierra, sending you 5
2024-10-14 21:17:43.531456 X-ray: Lima, sending you 3
2024-10-14 21:17:43.532239 Romeo: Tango, sending you 3
2024-10-14 21:17:43.532915 Tango: Yankee, Echo, Romeo and X-ray, sending you 2
2024-10-14 21:17:43.536711 Tango: Lima, sending you 3
chatterbot X-ray submitting transactions
chatterbot Foxtrot submitting transactions
chatterbot Sierra submitting transactions
chatterbot Romeo submitting transactions
chatterbot Echo submitting transactions
chatterbot Tango submitting transactions
chatterbot Yankee submitting transactions
chatterbot Papa submitting transactions
chatterbot Lima submitting transactions
chatterbot Alpha submitting transactions
ChatterBot Yankee round 8
ChatterBot Echo round 8
ChatterBot Lima round 8
ChatterBot Alpha round 8
ChatterBot Papa round 8
ChatterBot Sierra round 8
ChatterBot Foxtrot round 8
ChatterBot Romeo round 8
ChatterBot X-ray round 8
ChatterBot Tango round 8
2024-10-14 21:17:44.649679 Echo: Yankee, Lima and Tango, sending you 3
2024-10-14 21:17:44.651059 Sierra: Same as last round
2024-10-14 21:17:44.654659 Yankee: Echo, Lima and Romeo, sending you 4
2024-10-14 21:17:44.655672 Echo: Romeo and X-ray, sending you 4
2024-10-14 21:17:44.657682 Papa: Sierra, sending you 8
2024-10-14 21:17:44.657978 Lima: Yankee, Echo, Romeo, X-ray and Tango, sending you 3
2024-10-14 21:17:44.658514 Yankee: X-ray and Tango, sending you 3
2024-10-14 21:17:44.660682 Lima: Alpha, sending you 1
2024-10-14 21:17:44.661758 X-ray: Yankee, Romeo and Tango, sending you 2
2024-10-14 21:17:44.662671 Papa: Foxtrot, sending you 7
2024-10-14 21:17:44.664794 X-ray: Echo, sending you 4
2024-10-14 21:17:44.665822 Romeo: Yankee and Lima, sending you 4
2024-10-14 21:17:44.666886 Alpha: Lima, sending you 2
2024-10-14 21:17:44.667416 Foxtrot: Papa, sending you 4
2024-10-14 21:17:44.668694 Tango: Yankee, Echo, Romeo and X-ray, sending you 2
2024-10-14 21:17:44.669892 X-ray: Lima, sending you 3
2024-10-14 21:17:44.671891 Romeo: Echo, sending you 6
2024-10-14 21:17:44.672716 Alpha: Romeo, sending you 1
2024-10-14 21:17:44.673392 Foxtrot: Sierra, sending you 6
2024-10-14 21:17:44.674667 Tango: Lima, sending you 3
2024-10-14 21:17:44.675815 Romeo: X-ray, sending you 2
2024-10-14 21:17:44.678665 Romeo: Tango, sending you 3
chatterbot Papa submitting transactions
chatterbot Tango submitting transactions
chatterbot X-ray submitting transactions
chatterbot Foxtrot submitting transactions
chatterbot Romeo submitting transactions
chatterbot Sierra submitting transactions
chatterbot Yankee submitting transactions
chatterbot Lima submitting transactions
chatterbot Echo submitting transactions
chatterbot Alpha submitting transactions
ChatterBot Yankee round 9
ChatterBot Echo round 9
ChatterBot Lima round 9
ChatterBot Alpha round 9
ChatterBot Papa round 9
ChatterBot Sierra round 9
ChatterBot Foxtrot round 9
ChatterBot Romeo round 9
ChatterBot X-ray round 9
ChatterBot Tango round 9
2024-10-14 21:17:45.780663 Echo: Yankee, Lima and Tango, sending you 3
2024-10-14 21:17:45.781476 Alpha: Lima, sending you 2
2024-10-14 21:17:45.782667 Tango: Yankee, Echo, Romeo and X-ray, sending you 2
2024-10-14 21:17:45.783936 Romeo: Yankee and Lima, sending you 4
2024-10-14 21:17:45.785343 Lima: Yankee, Echo, Romeo, X-ray and Tango, sending you 3
2024-10-14 21:17:45.786119 Echo: Romeo and X-ray, sending you 4
2024-10-14 21:17:45.787218 Alpha: Romeo, sending you 1
2024-10-14 21:17:45.787948 Sierra: Same as last round
2024-10-14 21:17:45.788344 Papa: Sierra, sending you 8
2024-10-14 21:17:45.789017 Tango: Lima, sending you 3
2024-10-14 21:17:45.789584 Romeo: Echo, sending you 6
2024-10-14 21:17:45.790291 Yankee: Echo, Lima and Romeo, sending you 4
2024-10-14 21:17:45.791345 Lima: Alpha, sending you 1
2024-10-14 21:17:45.791943 Papa: Foxtrot, sending you 7
2024-10-14 21:17:45.793062 Foxtrot: Papa, sending you 4
2024-10-14 21:17:45.793681 Romeo: X-ray, sending you 2
2024-10-14 21:17:45.795667 Yankee: X-ray and Tango, sending you 3
2024-10-14 21:17:45.796601 X-ray: Yankee, Romeo and Tango, sending you 2
2024-10-14 21:17:45.797860 Foxtrot: Sierra, sending you 6
2024-10-14 21:17:45.798203 Romeo: Tango, sending you 3
2024-10-14 21:17:45.802659 X-ray: Echo, sending you 4
2024-10-14 21:17:45.806007 X-ray: Lima, sending you 3
chatterbot Sierra submitting transactions
chatterbot X-ray submitting transactions
chatterbot Echo submitting transactions
chatterbot Tango submitting transactions
chatterbot Lima submitting transactions
chatterbot Romeo submitting transactions
chatterbot Alpha submitting transactions
chatterbot Papa submitting transactions
chatterbot Yankee submitting transactions
chatterbot Foxtrot submitting transactions
ChatterBot Yankee round 10
ChatterBot Echo round 10
ChatterBot Lima round 10
ChatterBot Alpha round 10
ChatterBot Papa round 10
ChatterBot Sierra round 10
ChatterBot Foxtrot round 10
ChatterBot Romeo round 10
ChatterBot X-ray round 10
ChatterBot Tango round 10
2024-10-14 21:17:47.061670 Echo: Yankee, Lima and Tango, sending you 3
2024-10-14 21:17:47.063881 Yankee: Echo, Lima and Romeo, sending you 4
2024-10-14 21:17:47.065661 Echo: Romeo and X-ray, sending you 4
2024-10-14 21:17:47.067668 Yankee: X-ray and Tango, sending you 3
2024-10-14 21:17:47.068886 Papa: Sierra, sending you 8
2024-10-14 21:17:47.069211 Sierra: Papa, sending you 3
2024-10-14 21:17:47.069656 Lima: Yankee, Echo, Romeo, X-ray and Tango, sending you 3
2024-10-14 21:17:47.070686 Alpha: Lima, sending you 2
2024-10-14 21:17:47.072148 Foxtrot: Papa, sending you 4
2024-10-14 21:17:47.072680 Papa: Foxtrot, sending you 7
2024-10-14 21:17:47.072992 Lima: Alpha, sending you 1
2024-10-14 21:17:47.073665 Sierra: Foxtrot, sending you 4
2024-10-14 21:17:47.075696 Alpha: Romeo, sending you 1
2024-10-14 21:17:47.076691 Foxtrot: Sierra, sending you 6
2024-10-14 21:17:47.081668 X-ray: Yankee, Romeo and Tango, sending you 2
2024-10-14 21:17:47.083070 Romeo: Yankee and Lima, sending you 4
2024-10-14 21:17:47.085683 Tango: Yankee, Echo, Romeo and X-ray, sending you 2
2024-10-14 21:17:47.086415 X-ray: Echo, sending you 4
2024-10-14 21:17:47.087655 Romeo: Echo, sending you 6
2024-10-14 21:17:47.089670 X-ray: Lima, sending you 3
2024-10-14 21:17:47.090831 Tango: Lima, sending you 3
2024-10-14 21:17:47.092675 Romeo: X-ray, sending you 2
2024-10-14 21:17:47.096713 Romeo: Tango, sending you 3
chatterbot X-ray submitting transactions
chatterbot Alpha submitting transactions
chatterbot Tango submitting transactions
chatterbot Romeo submitting transactions
chatterbot Foxtrot submitting transactions
chatterbot Echo submitting transactions
chatterbot Sierra submitting transactions
chatterbot Lima submitting transactions
chatterbot Yankee submitting transactions
chatterbot Papa submitting transactions
ChatterBot Yankee round 11
ChatterBot Echo round 11
ChatterBot Lima round 11
ChatterBot Alpha round 11
ChatterBot Papa round 11
ChatterBot Sierra round 11
ChatterBot Foxtrot round 11
ChatterBot Romeo round 11
ChatterBot X-ray round 11
ChatterBot Tango round 11
2024-10-14 21:17:48.334662 Papa: Sierra, sending you 8
2024-10-14 21:17:48.336721 Sierra: Papa, sending you 3
2024-10-14 21:17:48.338668 Papa: Foxtrot, sending you 7
2024-10-14 21:17:48.340660 Sierra: Foxtrot, sending you 4
2024-10-14 21:17:48.342352 Echo: Yankee, Lima and Tango, sending you 3
2024-10-14 21:17:48.345604 Romeo: Yankee and Lima, sending you 4
2024-10-14 21:17:48.348928 Alpha: Lima, sending you 2
2024-10-14 21:17:48.351256 Yankee: Echo, Lima and Romeo, sending you 4
2024-10-14 21:17:48.353276 Echo: Romeo and X-ray, sending you 4
2024-10-14 21:17:48.354889 Romeo: Echo, sending you 6
2024-10-14 21:17:48.356743 Foxtrot: Papa, sending you 4
2024-10-14 21:17:48.357929 Alpha: Romeo, sending you 1
2024-10-14 21:17:48.359214 Yankee: X-ray and Tango, sending you 3
2024-10-14 21:17:48.360924 Tango: Yankee, Echo, Romeo and X-ray, sending you 2
2024-10-14 21:17:48.362608 X-ray: Yankee, Romeo and Tango, sending you 2
2024-10-14 21:17:48.363640 Lima: Yankee, Echo, Romeo, X-ray and Tango, sending you 3
2024-10-14 21:17:48.365138 Romeo: X-ray, sending you 2
2024-10-14 21:17:48.366183 Foxtrot: Sierra, sending you 6
2024-10-14 21:17:48.367238 Tango: Lima, sending you 3
2024-10-14 21:17:48.369296 X-ray: Echo, sending you 4
2024-10-14 21:17:48.370450 Romeo: Tango, sending you 3
2024-10-14 21:17:48.372210 Lima: Alpha, sending you 1
2024-10-14 21:17:48.373923 X-ray: Lima, sending you 3
chatterbot Sierra submitting transactions
chatterbot Echo submitting transactions
chatterbot Alpha submitting transactions
chatterbot Yankee submitting transactions
chatterbot Foxtrot submitting transactions
chatterbot Romeo submitting transactions
chatterbot Tango submitting transactions
chatterbot Papa submitting transactions
chatterbot X-ray submitting transactions
chatterbot Lima submitting transactions
ChatterBot Yankee round 12
ChatterBot Echo round 12
ChatterBot Lima round 12
ChatterBot Alpha round 12
ChatterBot Papa round 12
ChatterBot Sierra round 12
ChatterBot Foxtrot round 12
ChatterBot Romeo round 12
ChatterBot X-ray round 12
ChatterBot Tango round 12
2024-10-14 21:17:49.487983 Lima: Yankee, Echo, Romeo, X-ray and Tango, sending you 3
2024-10-14 21:17:49.493675 Lima: Alpha, sending you 1
2024-10-14 21:17:49.499712 Yankee: Echo, Lima and Romeo, sending you 4
2024-10-14 21:17:49.501686 Echo: Yankee, Lima and Tango, sending you 3
2024-10-14 21:17:49.502822 Sierra: Papa, sending you 3
2024-10-14 21:17:49.503291 X-ray: Yankee, Romeo and Tango, sending you 2
2024-10-14 21:17:49.504938 Yankee: X-ray and Tango, sending you 3
2024-10-14 21:17:49.506044 Papa: Sierra, sending you 8
2024-10-14 21:17:49.506477 Romeo: Yankee and Lima, sending you 4
2024-10-14 21:17:49.507365 Tango: Yankee, Echo, Romeo and X-ray, sending you 2
2024-10-14 21:17:49.508653 Echo: Romeo and X-ray, sending you 4
2024-10-14 21:17:49.509699 Sierra: Foxtrot, sending you 5
2024-10-14 21:17:49.510137 X-ray: Echo, sending you 4
2024-10-14 21:17:49.512195 Alpha: Lima, sending you 2
2024-10-14 21:17:49.513109 Papa: Foxtrot, sending you 7
2024-10-14 21:17:49.513530 Romeo: Echo, sending you 6
2024-10-14 21:17:49.514571 Tango: Lima, sending you 3
2024-10-14 21:17:49.516483 Foxtrot: Papa, sending you 3
2024-10-14 21:17:49.516988 X-ray: Lima, sending you 3
2024-10-14 21:17:49.518090 Alpha: Romeo, sending you 1
2024-10-14 21:17:49.519702 Romeo: X-ray, sending you 2
2024-10-14 21:17:49.521679 Foxtrot: Sierra, sending you 6
2024-10-14 21:17:49.523661 Romeo: Tango, sending you 3
chatterbot Yankee submitting transactions
chatterbot Foxtrot submitting transactions
chatterbot X-ray submitting transactions
chatterbot Alpha submitting transactions
chatterbot Lima submitting transactions
chatterbot Sierra submitting transactions
chatterbot Echo submitting transactions
chatterbot Romeo submitting transactions
chatterbot Papa submitting transactions
chatterbot Tango submitting transactions
ChatterBot Yankee round 13
ChatterBot Echo round 13
ChatterBot Lima round 13
ChatterBot Alpha round 13
ChatterBot Papa round 13
ChatterBot Sierra round 13
ChatterBot Foxtrot round 13
ChatterBot Romeo round 13
ChatterBot X-ray round 13
ChatterBot Tango round 13
2024-10-14 21:17:50.786667 Alpha: Lima, sending you 2
2024-10-14 21:17:50.790687 Alpha: Romeo, sending you 1
2024-10-14 21:17:50.793674 Romeo: Yankee and Lima, sending you 4
2024-10-14 21:17:50.795563 Sierra: Papa, sending you 3
2024-10-14 21:17:50.795988 Papa: Sierra, sending you 8
2024-10-14 21:17:50.796314 X-ray: Yankee, Romeo and Tango, sending you 2
2024-10-14 21:17:50.797928 Lima: Yankee, Echo, Romeo, X-ray and Tango, sending you 3
2024-10-14 21:17:50.798881 Echo: Yankee, Lima and Tango, sending you 3
2024-10-14 21:17:50.800318 Papa: Foxtrot, sending you 7
2024-10-14 21:17:50.800693 Romeo: Echo, sending you 5
2024-10-14 21:17:50.801333 Sierra: Foxtrot, sending you 5
2024-10-14 21:17:50.801607 X-ray: Echo, sending you 4
2024-10-14 21:17:50.802832 Yankee: Echo, Lima and Romeo, sending you 4
2024-10-14 21:17:50.803622 Lima: Alpha, sending you 1
2024-10-14 21:17:50.804203 Tango: Yankee, Echo, Romeo and X-ray, sending you 2
2024-10-14 21:17:50.805348 Romeo: X-ray and Tango, sending you 3
2024-10-14 21:17:50.806071 Echo: Romeo and X-ray, sending you 4
2024-10-14 21:17:50.806784 X-ray: Lima, sending you 3
2024-10-14 21:17:50.808 Yankee: X-ray and Tango, sending you 3
2024-10-14 21:17:50.809267 Foxtrot: Papa, sending you 3
2024-10-14 21:17:50.810133 Tango: Lima, sending you 3
2024-10-14 21:17:50.813656 Foxtrot: Sierra, sending you 6
chatterbot Lima submitting transactions
chatterbot X-ray submitting transactions
chatterbot Alpha submitting transactions
chatterbot Sierra submitting transactions
chatterbot Yankee submitting transactions
chatterbot Papa submitting transactions
chatterbot Romeo submitting transactions
chatterbot Tango submitting transactions
chatterbot Echo submitting transactions
chatterbot Foxtrot submitting transactions
ChatterBot Yankee round 14
ChatterBot Echo round 14
ChatterBot Lima round 14
ChatterBot Alpha round 14
ChatterBot Papa round 14
ChatterBot Sierra round 14
ChatterBot Foxtrot round 14
ChatterBot Romeo round 14
ChatterBot X-ray round 14
ChatterBot Tango round 14
2024-10-14 21:17:51.982569 Yankee: Echo, Lima and Romeo, sending you 4
2024-10-14 21:17:51.998490 Yankee: X-ray and Tango, sending you 3
2024-10-14 21:17:52.001740 Foxtrot: Papa, sending you 3
2024-10-14 21:17:52.002453 Romeo: Yankee and Lima, sending you 4
2024-10-14 21:17:52.006050 Echo: Yankee, Lima and Tango, sending you 3
2024-10-14 21:17:52.008984 Lima: Yankee, Echo, Romeo, X-ray and Tango, sending you 3
2024-10-14 21:17:52.011762 Papa: Sierra, sending you 8
2024-10-14 21:17:52.013124 Sierra: Papa, sending you 3
2024-10-14 21:17:52.013853 Foxtrot: Sierra, sending you 6
2024-10-14 21:17:52.015447 Romeo: Echo, sending you 5
2024-10-14 21:17:52.018181 X-ray: Yankee, Romeo and Tango, sending you 2
2024-10-14 21:17:52.020462 Echo: Romeo and X-ray, sending you 4
2024-10-14 21:17:52.022925 Alpha: Lima, sending you 2
2024-10-14 21:17:52.025727 Lima: Alpha, sending you 1
2024-10-14 21:17:52.027818 Papa: Foxtrot, sending you 7
2024-10-14 21:17:52.028418 Tango: Yankee, Echo, Romeo and X-ray, sending you 2
2024-10-14 21:17:52.030526 Sierra: Foxtrot, sending you 5
2024-10-14 21:17:52.031161 Romeo: X-ray and Tango, sending you 3
2024-10-14 21:17:52.033512 X-ray: Echo, sending you 4
2024-10-14 21:17:52.036204 Alpha: Romeo, sending you 1
2024-10-14 21:17:52.037832 Tango: Lima, sending you 3
2024-10-14 21:17:52.041251 X-ray: Lima, sending you 3
chatterbot Alpha submitting transactions
chatterbot Papa submitting transactions
chatterbot Lima submitting transactions
chatterbot Tango submitting transactions
chatterbot X-ray submitting transactions
chatterbot Romeo submitting transactions
chatterbot Echo submitting transactions
chatterbot Yankee submitting transactions
chatterbot Foxtrot submitting transactions
chatterbot Sierra submitting transactions
ChatterBot Yankee round 15
ChatterBot Echo round 15
ChatterBot Lima round 15
ChatterBot Alpha round 15
ChatterBot Papa round 15
ChatterBot Sierra round 15
ChatterBot Foxtrot round 15
ChatterBot Romeo round 15
ChatterBot X-ray round 15
ChatterBot Tango round 15
2024-10-14 21:17:53.275596 Tango: Yankee, Echo, Romeo and X-ray, sending you 2
2024-10-14 21:17:53.278176 Sierra: Papa, sending you 3
2024-10-14 21:17:53.279326 Alpha: Lima, sending you 2
2024-10-14 21:17:53.281583 Echo: Yankee, Lima and Tango, sending you 3
