ChatterBot November round 1
ChatterBot Charlie round 1
ChatterBot Hotel round 1
ChatterBot Golf round 1
ChatterBot India round 1
ChatterBot Quebec round 1
ChatterBot Lima round 1
ChatterBot Oscar round 1
ChatterBot Romeo round 1
ChatterBot Uniform round 1
randomSelections Lima: {Lima, India, Quebec, Uniform, Charlie, Oscar, Hotel} 
2024-10-14 21:17:31.657958 Lima: Can we be friends?
ChatterBot India reevaluating
ChatterBot Quebec reevaluating
ChatterBot Uniform reevaluating
ChatterBot Charlie reevaluating
ChatterBot Oscar reevaluating
ChatterBot Hotel reevaluating
2024-10-14 21:17:31.672141 India: Yes
2024-10-14 21:17:31.672286 Quebec: Yes
2024-10-14 21:17:31.672398 Uniform: Yes
2024-10-14 21:17:31.672500 Charlie: Yes
2024-10-14 21:17:31.672638 Oscar: Yes
2024-10-14 21:17:31.672747 Hotel: Yes
ChatterBot Quebec reevaluating
ChatterBot Uniform reevaluating
ChatterBot Charlie reevaluating
ChatterBot Oscar reevaluating
ChatterBot Hotel reevaluating
ChatterBot India reevaluating
ChatterBot Uniform reevaluating
ChatterBot Charlie reevaluating
ChatterBot Oscar reevaluating
ChatterBot Hotel reevaluating
ChatterBot India reevaluating
ChatterBot Quebec reevaluating
ChatterBot Charlie reevaluating
ChatterBot Oscar reevaluating
ChatterBot Hotel reevaluating
ChatterBot India reevaluating
ChatterBot Quebec reevaluating
ChatterBot Uniform reevaluating
ChatterBot Oscar reevaluating
ChatterBot Hotel reevaluating
ChatterBot India reevaluating
ChatterBot Quebec reevaluating
ChatterBot Uniform reevaluating
ChatterBot Charlie reevaluating
ChatterBot Hotel reevaluating
ChatterBot India reevaluating
ChatterBot Quebec reevaluating
ChatterBot Uniform reevaluating
ChatterBot Charlie reevaluating
ChatterBot Oscar reevaluating
randomSelections Romeo: {Romeo, Hotel, Lima, Uniform, Quebec, Charlie} 
2024-10-14 21:17:31.826074 Romeo: We would work well together
ChatterBot Hotel reevaluating
ChatterBot Uniform reevaluating
ChatterBot Quebec reevaluating
ChatterBot Charlie reevaluating
2024-10-14 21:17:31.839843 Hotel: No
2024-10-14 21:17:31.840146 Lima: No
2024-10-14 21:17:31.841272 Uniform: No
2024-10-14 21:17:31.841641 Quebec: No
2024-10-14 21:17:31.842149 Charlie: No
ChatterBot Uniform reevaluating
ChatterBot Quebec reevaluating
ChatterBot Charlie reevaluating
ChatterBot Hotel reevaluating
ChatterBot Uniform reevaluating
ChatterBot Quebec reevaluating
ChatterBot Charlie reevaluating
ChatterBot Hotel reevaluating
ChatterBot Quebec reevaluating
ChatterBot Charlie reevaluating
ChatterBot Hotel reevaluating
ChatterBot Uniform reevaluating
ChatterBot Charlie reevaluating
ChatterBot Hotel reevaluating
ChatterBot Uniform reevaluating
ChatterBot Quebec reevaluating
randomSelections November: {November, India, Oscar, Romeo, Charlie, Lima, Quebec, Uniform} 
2024-10-14 21:17:31.923610 November: Can we be friends?
ChatterBot India reevaluating
ChatterBot Oscar reevaluating
ChatterBot Charlie reevaluating
ChatterBot Quebec reevaluating
ChatterBot Uniform reevaluating
2024-10-14 21:17:31.940897 India: No
2024-10-14 21:17:31.941385 Oscar: No
2024-10-14 21:17:31.942164 Romeo: No
2024-10-14 21:17:31.942698 Charlie: No
2024-10-14 21:17:31.943933 Lima: No
2024-10-14 21:17:31.944392 Quebec: No
2024-10-14 21:17:31.944666 Uniform: No
ChatterBot Oscar reevaluating
ChatterBot Charlie reevaluating
ChatterBot Quebec reevaluating
ChatterBot Uniform reevaluating
ChatterBot India reevaluating
ChatterBot Charlie reevaluating
ChatterBot Quebec reevaluating
ChatterBot Uniform reevaluating
ChatterBot India reevaluating
ChatterBot Oscar reevaluating
ChatterBot Charlie reevaluating
ChatterBot Quebec reevaluating
ChatterBot Uniform reevaluating
ChatterBot India reevaluating
ChatterBot Oscar reevaluating
ChatterBot Quebec reevaluating
ChatterBot Uniform reevaluating
ChatterBot India reevaluating
ChatterBot Oscar reevaluating
ChatterBot Charlie reevaluating
ChatterBot Quebec reevaluating
ChatterBot Uniform reevaluating
ChatterBot India reevaluating
ChatterBot Oscar reevaluating
ChatterBot Charlie reevaluating
ChatterBot Uniform reevaluating
ChatterBot India reevaluating
ChatterBot Oscar reevaluating
ChatterBot Charlie reevaluating
ChatterBot Quebec reevaluating
randomSelections Golf: {Golf, Uniform, Lima, India, Quebec, Hotel} 
2024-10-14 21:17:32.069774 Golf: We should group up
ChatterBot Uniform reevaluating
ChatterBot India reevaluating
ChatterBot Quebec reevaluating
ChatterBot Hotel reevaluating
2024-10-14 21:17:32.079540 Uniform: No
2024-10-14 21:17:32.079721 Lima: No
2024-10-14 21:17:32.079843 India: No
2024-10-14 21:17:32.079937 Quebec: No
2024-10-14 21:17:32.080041 Hotel: No
ChatterBot India reevaluating
ChatterBot Quebec reevaluating
ChatterBot Hotel reevaluating
ChatterBot Uniform reevaluating
ChatterBot India reevaluating
ChatterBot Quebec reevaluating
ChatterBot Hotel reevaluating
ChatterBot Uniform reevaluating
ChatterBot Quebec reevaluating
ChatterBot Hotel reevaluating
ChatterBot Uniform reevaluating
ChatterBot India reevaluating
ChatterBot Hotel reevaluating
ChatterBot Uniform reevaluating
ChatterBot India reevaluating
ChatterBot Quebec reevaluating
2024-10-14 21:17:32.157171 Oscar: Charlie and India, sending you 4
2024-10-14 21:17:32.158280 Charlie: Hotel, India and Quebec, sending you 2
2024-10-14 21:17:32.158729 Golf: Hotel, Lima and Uniform, sending you 3
2024-10-14 21:17:32.161715 Oscar: Hotel and Lima, sending you 3
2024-10-14 21:17:32.162758 Charlie: Oscar, sending you 3
2024-10-14 21:17:32.163320 November: India, Oscar, Romeo and Uniform, sending you 1
2024-10-14 21:17:32.164273 India: Charlie, Lima and Uniform, sending you 2
2024-10-14 21:17:32.164752 Golf: India, sending you 4
2024-10-14 21:17:32.165693 Romeo: Charlie, Hotel and Lima, sending you 2
2024-10-14 21:17:32.166105 Quebec: Charlie, sending you 4
2024-10-14 21:17:32.166605 Oscar: Quebec and Uniform, sending you 2
2024-10-14 21:17:32.167703 Uniform: Charlie, Quebec and Lima, sending you 3
2024-10-14 21:17:32.168947 India: Hotel, sending you 4
2024-10-14 21:17:32.169457 Romeo: Quebec, sending you 5
2024-10-14 21:17:32.170286 Lima: Charlie, sending you 5
2024-10-14 21:17:32.170726 Quebec: Hotel and Uniform, sending you 1
2024-10-14 21:17:32.171648 Golf: Quebec, sending you 5
2024-10-14 21:17:32.172038 Hotel: Charlie, Quebec and Uniform, sending you 2
2024-10-14 21:17:32.173005 Uniform: Hotel and Oscar, sending you 1
2024-10-14 21:17:32.173436 India: Quebec, sending you 1
2024-10-14 21:17:32.173909 Romeo: Uniform, sending you 1
2024-10-14 21:17:32.174723 Lima: Hotel and Uniform, sending you 1
2024-10-14 21:17:32.175175 Quebec: Lima, sending you 6
2024-10-14 21:17:32.176038 Hotel: India and Lima, sending you 4
2024-10-14 21:17:32.176450 Uniform: India, sending you 5
2024-10-14 21:17:32.178821 India: Oscar, sending you 3
2024-10-14 21:17:32.179667 Lima: India, sending you 2
2024-10-14 21:17:32.180525 Quebec: Oscar, sending you 3
chatterbot India submitting transactions
chatterbot Lima submitting transactions
chatterbot Quebec submitting transactions
chatterbot Romeo submitting transactions
chatterbot Hotel submitting transactions
chatterbot Oscar submitting transactions
chatterbot November submitting transactions
chatterbot Golf submitting transactions
chatterbot Charlie submitting transactions
chatterbot Uniform submitting transactions
ChatterBot November round 2
ChatterBot Charlie round 2
ChatterBot Hotel round 2
ChatterBot Golf round 2
ChatterBot India round 2
ChatterBot Quebec round 2
ChatterBot Lima round 2
ChatterBot Oscar round 2
ChatterBot Romeo round 2
ChatterBot Uniform round 2
2024-10-14 21:17:34.946283 Charlie: We should add Golf
ChatterBot Lima reevaluating
ChatterBot India reevaluating
ChatterBot Quebec reevaluating
ChatterBot Uniform reevaluating
ChatterBot Oscar reevaluating
ChatterBot Hotel reevaluating
2024-10-14 21:17:34.991506 Lima: Yes
2024-10-14 21:17:34.991705 India: Yes
2024-10-14 21:17:34.991867 Quebec: Yes
2024-10-14 21:17:34.992032 Uniform: Yes
2024-10-14 21:17:34.992648 Oscar: Yes
2024-10-14 21:17:34.992805 Hotel: Yes
ChatterBot India reevaluating
ChatterBot Quebec reevaluating
ChatterBot Uniform reevaluating
ChatterBot Oscar reevaluating
ChatterBot Hotel reevaluating
ChatterBot Lima reevaluating
ChatterBot Quebec reevaluating
ChatterBot Uniform reevaluating
ChatterBot Oscar reevaluating
ChatterBot Hotel reevaluating
ChatterBot Lima reevaluating
ChatterBot India reevaluating
ChatterBot Uniform reevaluating
ChatterBot Oscar reevaluating
ChatterBot Hotel reevaluating
ChatterBot Lima reevaluating
ChatterBot India reevaluating
ChatterBot Quebec reevaluating
ChatterBot Oscar reevaluating
ChatterBot Hotel reevaluating
ChatterBot Lima reevaluating
ChatterBot India reevaluating
ChatterBot Quebec reevaluating
ChatterBot Uniform reevaluating
ChatterBot Hotel reevaluating
ChatterBot Lima reevaluating
ChatterBot India reevaluating
ChatterBot Quebec reevaluating
ChatterBot Uniform reevaluating
ChatterBot Oscar reevaluating
2024-10-14 21:17:35.254451 Quebec: We should add Golf and Romeo
ChatterBot Lima reevaluating
ChatterBot India reevaluating
ChatterBot Uniform reevaluating
ChatterBot Oscar reevaluating
ChatterBot Hotel reevaluating
2024-10-14 21:17:35.299575 Lima: No
2024-10-14 21:17:35.299787 India: No
2024-10-14 21:17:35.299940 Uniform: No
2024-10-14 21:17:35.300088 Charlie: No
2024-10-14 21:17:35.300227 Oscar: No
2024-10-14 21:17:35.300373 Hotel: Yes
ChatterBot India reevaluating
ChatterBot Quebec reevaluating
ChatterBot Uniform reevaluating
ChatterBot Oscar reevaluating
ChatterBot Hotel reevaluating
ChatterBot Lima reevaluating
ChatterBot Quebec reevaluating
ChatterBot Uniform reevaluating
ChatterBot Oscar reevaluating
ChatterBot Hotel reevaluating
ChatterBot Lima reevaluating
ChatterBot India reevaluating
ChatterBot Quebec reevaluating
ChatterBot Oscar reevaluating
ChatterBot Hotel reevaluating
ChatterBot Lima reevaluating
ChatterBot India reevaluating
ChatterBot Quebec reevaluating
ChatterBot Uniform reevaluating
ChatterBot Oscar reevaluating
ChatterBot Hotel reevaluating
ChatterBot Lima reevaluating
ChatterBot India reevaluating
ChatterBot Quebec reevaluating
ChatterBot Uniform reevaluating
ChatterBot Hotel reevaluating
ChatterBot Lima reevaluating
ChatterBot India reevaluating
ChatterBot Quebec reevaluating
ChatterBot Uniform reevaluating
ChatterBot Oscar reevaluating
2024-10-14 21:17:35.654041 Golf: We should group up
ChatterBot Oscar reevaluating
2024-10-14 21:17:35.665317 Oscar: Yes
2024-10-14 21:17:35.732358 Romeo: We would work well together
ChatterBot November reevaluating
2024-10-14 21:17:35.738645 November: Yes
2024-10-14 21:17:35.745064 November: Friends?
2024-10-14 21:17:35.751763 Romeo: Yes
ChatterBot November reevaluating
2024-10-14 21:17:35.759100 Charlie: Golf we want you to join our group
ChatterBot Golf reevaluating
2024-10-14 21:17:35.782240 Golf: No
ChatterBot Hotel reevaluating
ChatterBot India reevaluating
ChatterBot Lima reevaluating
ChatterBot Uniform reevaluating
ChatterBot Quebec reevaluating
ChatterBot Oscar reevaluating
2024-10-14 21:17:35.851350 Uniform: Golf we want you to join our group
ChatterBot Golf reevaluating
2024-10-14 21:17:35.874858 Golf: No
ChatterBot Lima reevaluating
2024-10-14 21:17:35.920422 India: Golf we want you to join our group
ChatterBot Golf reevaluating
2024-10-14 21:17:35.943530 Golf: No
ChatterBot Lima reevaluating
2024-10-14 21:17:35.989541 Quebec: Golf and Romeo we want you to join our group
ChatterBot Golf reevaluating
2024-10-14 21:17:36.018753 Golf: No
2024-10-14 21:17:36.019007 Romeo: No
ChatterBot Golf reevaluating
2024-10-14 21:17:36.135979 Hotel: Golf we want you to join our group
ChatterBot Golf reevaluating
2024-10-14 21:17:36.159079 Golf: No
2024-10-14 21:17:36.288790 Oscar: Golf we want you to join our group
ChatterBot Golf reevaluating
2024-10-14 21:17:36.315331 Golf: No
chatterbot Charlie submitting transactions
2024-10-14 21:17:36.362196 Lima: Golf we want you to join our group
ChatterBot Golf reevaluating
2024-10-14 21:17:36.387260 Golf: No
2024-10-14 21:17:36.432578 Charlie: Hotel, Golf, India, Quebec, Oscar and Uniform, sending you 1
2024-10-14 21:17:36.433886 November: Sending you 7
2024-10-14 21:17:36.434398 Romeo: Sending you 11
2024-10-14 21:17:36.442489 Hotel: Charlie, Golf, India and Oscar, sending you 3
2024-10-14 21:17:36.443803 India: Charlie, Hotel, Golf, Quebec, Lima and Oscar, sending you 2
2024-10-14 21:17:36.444631 Charlie: Lima, sending you 3
2024-10-14 21:17:36.445921 Quebec: Charlie, Hotel, Golf, India, Oscar, Romeo and Uniform, sending you 2
2024-10-14 21:17:36.447379 Uniform: Hotel, India and Oscar, sending you 3
2024-10-14 21:17:36.455989 Hotel: Quebec, Lima and Uniform, sending you 2
2024-10-14 21:17:36.457331 India: Uniform, sending you 4
2024-10-14 21:17:36.458942 Oscar: Charlie, India, Quebec and Uniform, sending you 3
2024-10-14 21:17:36.459703 Quebec: Lima, sending you 1
2024-10-14 21:17:36.460783 Uniform: Golf, sending you 4
2024-10-14 21:17:36.461376 Lima: Charlie, Hotel, Golf, India, Oscar and Uniform, sending you 1
2024-10-14 21:17:36.464512 Oscar: Hotel, Golf and Lima, sending you 2
2024-10-14 21:17:36.497443 Uniform: Quebec and Lima, sending you 2
2024-10-14 21:17:36.499505 Golf: Sending you 10
2024-10-14 21:17:36.500878 Lima: Quebec, sending you 3
chatterbot November submitting transactions
chatterbot Romeo submitting transactions
chatterbot Hotel submitting transactions
chatterbot Quebec submitting transactions
chatterbot Lima submitting transactions
chatterbot India submitting transactions
chatterbot Oscar submitting transactions
chatterbot Uniform submitting transactions
chatterbot Golf submitting transactions
ChatterBot November round 3
ChatterBot Charlie round 3
ChatterBot Hotel round 3
ChatterBot Golf round 3
ChatterBot India round 3
ChatterBot Quebec round 3
2024-10-14 21:17:37.286018 Golf: We should replace Romeo with Uniform
ChatterBot Lima round 3
ChatterBot Oscar round 3
ChatterBot Romeo round 3
ChatterBot Uniform round 3
2024-10-14 21:17:37.297233 Charlie: We should drop Golf
ChatterBot Lima reevaluating
ChatterBot Quebec reevaluating
ChatterBot Uniform reevaluating
ChatterBot Oscar reevaluating
2024-10-14 21:17:37.325289 Lima: No
2024-10-14 21:17:37.325647 India: Yes
2024-10-14 21:17:37.326034 Quebec: Yes
2024-10-14 21:17:37.326168 Uniform: No
2024-10-14 21:17:37.326915 Oscar: No
2024-10-14 21:17:37.327213 Hotel: No
ChatterBot Quebec reevaluating
ChatterBot Uniform reevaluating
ChatterBot Oscar reevaluating
ChatterBot Lima reevaluating
ChatterBot Quebec reevaluating
ChatterBot Uniform reevaluating
ChatterBot Oscar reevaluating
ChatterBot Lima reevaluating
ChatterBot Uniform reevaluating
ChatterBot Oscar reevaluating
ChatterBot Lima reevaluating
ChatterBot Quebec reevaluating
ChatterBot Oscar reevaluating
ChatterBot Lima reevaluating
ChatterBot Quebec reevaluating
ChatterBot Uniform reevaluating
ChatterBot Charlie reevaluating
ChatterBot Lima reevaluating
ChatterBot Quebec reevaluating
ChatterBot Uniform reevaluating
ChatterBot Charlie reevaluating
ChatterBot Oscar reevaluating
2024-10-14 21:17:37.462939 Golf: Uniform we want you to join our group
ChatterBot Uniform reevaluating
2024-10-14 21:17:37.466866 Uniform: Yes
2024-10-14 21:17:37.482831 Romeo: We should add Golf
2024-10-14 21:17:37.486164 November: No
2024-10-14 21:17:37.499739 Quebec: We should drop Romeo
ChatterBot Charlie reevaluating
2024-10-14 21:17:37.528315 Charlie: Yes
2024-10-14 21:17:37.528493 Hotel: Yes
2024-10-14 21:17:37.528625 Golf: Yes
2024-10-14 21:17:37.528742 India: Yes
2024-10-14 21:17:37.529258 Lima: Yes
2024-10-14 21:17:37.529365 Uniform: Yes
2024-10-14 21:17:37.529556 Oscar: Yes
ChatterBot Charlie reevaluating
ChatterBot Charlie reevaluating
ChatterBot Charlie reevaluating
ChatterBot Charlie reevaluating
ChatterBot Oscar reevaluating
ChatterBot Charlie reevaluating
ChatterBot Oscar reevaluating
ChatterBot Charlie reevaluating
2024-10-14 21:17:37.727026 Romeo: Golf we want you to join our group
2024-10-14 21:17:37.740725 Golf: No
2024-10-14 21:17:37.747522 Hotel: Charlie, Golf, Quebec and Lima, sending you 2
2024-10-14 21:17:37.750918 Hotel: India, sending you 4
2024-10-14 21:17:37.752802 November: Same as last round
2024-10-14 21:17:37.753169 Golf: Sending you 10
2024-10-14 21:17:37.756720 Hotel: Oscar and Uniform, sending you 3
2024-10-14 21:17:37.759173 Lima: Charlie, Hotel, Golf, India, Oscar and Uniform, sending you 1
2024-10-14 21:17:37.759925 Quebec: Charlie, Hotel, Golf, India, Lima and Uniform, sending you 2
2024-10-14 21:17:37.761094 Charlie: Hotel, Golf, India, Quebec, Lima and Uniform, sending you 1
2024-10-14 21:17:37.761720 India: Charlie, Quebec and Lima, sending you 2
2024-10-14 21:17:37.762196 Uniform: Charlie, sending you 1
2024-10-14 21:17:37.764682 Lima: Quebec, sending you 3
2024-10-14 21:17:37.765406 Quebec: Oscar, sending you 3
2024-10-14 21:17:37.766426 Charlie: Oscar, sending you 3
2024-10-14 21:17:37.766846 India: Hotel and Oscar, sending you 3
2024-10-14 21:17:37.767216 Romeo: Sending you each 6
2024-10-14 21:17:37.768113 Uniform: Hotel and Oscar, sending you 3
2024-10-14 21:17:37.768516 Oscar: Charlie, Hotel, India, Quebec, Lima and Uniform, sending you 3
2024-10-14 21:17:37.769668 India: Uniform, sending you 4
2024-10-14 21:17:37.771720 Uniform: Golf, Quebec and Lima, sending you 2
2024-10-14 21:17:37.774809 Uniform: India, sending you 4
chatterbot November submitting transactions
chatterbot Uniform submitting transactions
chatterbot Hotel submitting transactions
chatterbot Romeo submitting transactions
chatterbot Golf submitting transactions
chatterbot Lima submitting transactions
chatterbot India submitting transactions
chatterbot Quebec submitting transactions
chatterbot Oscar submitting transactions
chatterbot Charlie submitting transactions
ChatterBot November round 4
ChatterBot Charlie round 4
ChatterBot Hotel round 4
ChatterBot Golf round 4
2024-10-14 21:17:38.904686 November: We should add Golf
2024-10-14 21:17:38.909607 Romeo: Yes
ChatterBot India round 4
ChatterBot Quebec round 4
ChatterBot Lima round 4
ChatterBot Oscar round 4
ChatterBot Romeo round 4
ChatterBot Uniform round 4
2024-10-14 21:17:38.937485 Golf: We should replace Uniform with Romeo
2024-10-14 21:17:38.938 November: Golf we want you to join our group
2024-10-14 21:17:38.951437 Golf: No
2024-10-14 21:17:38.983420 Charlie: We should drop Golf
ChatterBot Oscar reevaluating
2024-10-14 21:17:39.004821 Lima: No
2024-10-14 21:17:39.005224 India: Yes
2024-10-14 21:17:39.005531 Quebec: No
2024-10-14 21:17:39.005842 Uniform: No
2024-10-14 21:17:39.006631 Oscar: Yes
2024-10-14 21:17:39.006895 Hotel: No
ChatterBot Oscar reevaluating
ChatterBot Oscar reevaluating
ChatterBot Oscar reevaluating
ChatterBot Charlie reevaluating
ChatterBot Oscar reevaluating
ChatterBot Charlie reevaluating
ChatterBot Charlie reevaluating
ChatterBot Oscar reevaluating
2024-10-14 21:17:39.123859 Golf: Romeo we want you to join our group
2024-10-14 21:17:39.126607 Romeo: Yes
2024-10-14 21:17:39.138681 Hotel: Charlie, Golf and Lima, sending you 2
2024-10-14 21:17:39.143665 Hotel: India, Quebec, Oscar and Uniform, sending you 3
2024-10-14 21:17:39.147693 November: Golf, sending you 1
2024-10-14 21:17:39.148670 Romeo: November, sending you 7
2024-10-14 21:17:39.148933 Golf: Sending you 9
2024-10-14 21:17:39.151680 Quebec: Charlie, Hotel, Golf, India, Oscar and Uniform, sending you 2
2024-10-14 21:17:39.152479 November: Romeo, sending you 7
2024-10-14 21:17:39.153216 Uniform: Charlie, sending you 1
2024-10-14 21:17:39.153816 Lima: Charlie, Golf, India, Oscar and Uniform, sending you 1
2024-10-14 21:17:39.154378 Romeo: Golf, sending you 5
2024-10-14 21:17:39.154657 India: Charlie, Quebec and Lima, sending you 2
2024-10-14 21:17:39.155567 Oscar: Charlie, Hotel, India, Quebec, Lima and Uniform, sending you 3
2024-10-14 21:17:39.156098 Quebec: Lima, sending you 3
2024-10-14 21:17:39.158688 Uniform: Hotel, Quebec, Lima and Oscar, sending you 2
2024-10-14 21:17:39.159374 Lima: Hotel and Quebec, sending you 2
2024-10-14 21:17:39.160634 India: Hotel and Oscar, sending you 3
2024-10-14 21:17:39.161695 Uniform: Golf, sending you 5
2024-10-14 21:17:39.165664 India: Uniform, sending you 4
2024-10-14 21:17:39.167655 Uniform: India, sending you 3
chatterbot Hotel submitting transactions
chatterbot November submitting transactions
chatterbot Charlie submitting transactions
chatterbot Golf submitting transactions
chatterbot Romeo submitting transactions
chatterbot Uniform submitting transactions
chatterbot Quebec submitting transactions
chatterbot India submitting transactions
chatterbot Lima submitting transactions
chatterbot Oscar submitting transactions
ChatterBot November round 5
ChatterBot Charlie round 5
ChatterBot Hotel round 5
ChatterBot Golf round 5
ChatterBot India round 5
ChatterBot Quebec round 5
ChatterBot Lima round 5
ChatterBot Oscar round 5
ChatterBot Romeo round 5
ChatterBot Uniform round 5
2024-10-14 21:17:40.332548 Charlie: We should drop Golf
ChatterBot Uniform reevaluating
2024-10-14 21:17:40.344139 Lima: Yes
2024-10-14 21:17:40.344287 India: Yes
2024-10-14 21:17:40.344397 Quebec: Yes
2024-10-14 21:17:40.344499 Uniform: No
2024-10-14 21:17:40.344609 Oscar: Yes
2024-10-14 21:17:40.344743 Hotel: No
ChatterBot Uniform reevaluating
ChatterBot Charlie reevaluating
ChatterBot Hotel reevaluating
ChatterBot Uniform reevaluating
ChatterBot Charlie reevaluating
ChatterBot Hotel reevaluating
ChatterBot Uniform reevaluating
ChatterBot Charlie reevaluating
ChatterBot Hotel reevaluating
ChatterBot Charlie reevaluating
ChatterBot Hotel reevaluating
ChatterBot Uniform reevaluating
ChatterBot Charlie reevaluating
ChatterBot Hotel reevaluating
ChatterBot Uniform reevaluating
ChatterBot Charlie reevaluating
2024-10-14 21:17:40.439689 India: Charlie, Quebec and Lima, sending you 2
2024-10-14 21:17:40.442955 India: Hotel and Oscar, sending you 3
2024-10-14 21:17:40.445700 November: Golf, sending you 1
2024-10-14 21:17:40.446686 India: Uniform, sending you 4
2024-10-14 21:17:40.448676 Romeo: Sending you each 6
2024-10-14 21:17:40.449649 November: Romeo, sending you 8
2024-10-14 21:17:40.456732 Golf: Same as last round
2024-10-14 21:17:40.457655 Charlie: Hotel, India, Quebec and Oscar, sending you 2
2024-10-14 21:17:40.458694 Hotel: Charlie, Golf and Lima, sending you 2
2024-10-14 21:17:40.459880 Lima: Charlie, Hotel, India and Uniform, sending you 1
2024-10-14 21:17:40.460687 Quebec: Charlie, sending you 1
2024-10-14 21:17:40.461754 Charlie: Lima, sending you 1
2024-10-14 21:17:40.464348 Hotel: India, Quebec, Oscar and Uniform, sending you 3
2024-10-14 21:17:40.465442 Lima: Quebec, sending you 3
2024-10-14 21:17:40.466014 Oscar: Same as last round
2024-10-14 21:17:40.467464 Quebec: Hotel, Lima, Oscar and Uniform, sending you 3
2024-10-14 21:17:40.468458 Uniform: Charlie and Lima, sending you 2
2024-10-14 21:17:40.469816 Lima: Oscar, sending you 2
2024-10-14 21:17:40.470662 Quebec: India, sending you 2
2024-10-14 21:17:40.474654 Uniform: Hotel, Quebec and Oscar, sending you 3
2024-10-14 21:17:40.479710 Uniform: India, sending you 4
chatterbot India submitting transactions
chatterbot Quebec submitting transactions
chatterbot November submitting transactions
chatterbot Charlie submitting transactions
chatterbot Oscar submitting transactions
chatterbot Lima submitting transactions
chatterbot Hotel submitting transactions
chatterbot Uniform submitting transactions
chatterbot Romeo submitting transactions
chatterbot Golf submitting transactions
ChatterBot November round 6
ChatterBot Charlie round 6
ChatterBot Hotel round 6
ChatterBot Golf round 6
ChatterBot India round 6
ChatterBot Quebec round 6
ChatterBot Lima round 6
ChatterBot Oscar round 6
ChatterBot Romeo round 6
ChatterBot Uniform round 6
2024-10-14 21:17:41.669201 Hotel: We should drop Golf
2024-10-14 21:17:41.690304 Lima: Yes
2024-10-14 21:17:41.690728 India: Yes
2024-10-14 21:17:41.691127 Quebec: Yes
2024-10-14 21:17:41.691403 Uniform: Yes
2024-10-14 21:17:41.691683 Charlie: Yes
2024-10-14 21:17:41.692645 Oscar: Yes
2024-10-14 21:17:41.813673 Quebec: Charlie, sending you 1
2024-10-14 21:17:41.815837 November: Golf, sending you 1
2024-10-14 21:17:41.816381 Charlie: Hotel, India and Oscar, sending you 2
2024-10-14 21:17:41.818851 Quebec: Hotel, Lima, Oscar and Uniform, sending you 3
2024-10-14 21:17:41.820153 November: Romeo, sending you 9
2024-10-14 21:17:41.821116 Charlie: Quebec, Lima and Uniform, sending you 1
2024-10-14 21:17:41.822325 Romeo: Same as last round
2024-10-14 21:17:41.822874 Hotel: Sending you each 3
2024-10-14 21:17:41.824745 Quebec: India, sending you 2
2024-10-14 21:17:41.826702 Golf: Same as last round
2024-10-14 21:17:41.827056 Lima: Charlie, Hotel, India and Uniform, sending you 1
2024-10-14 21:17:41.829694 Oscar: Same as last round
2024-10-14 21:17:41.831060 India: Charlie and Lima, sending you 2
2024-10-14 21:17:41.831733 Lima: Quebec, sending you 3
2024-10-14 21:17:41.834682 India: Hotel, Quebec, Oscar and Uniform, sending you 3
2024-10-14 21:17:41.837681 Lima: Oscar, sending you 2
chatterbot Quebec submitting transactions
chatterbot Charlie submitting transactions
chatterbot Lima submitting transactions
chatterbot Hotel submitting transactions
chatterbot Uniform submitting transactions
chatterbot Golf submitting transactions
chatterbot November submitting transactions
chatterbot India submitting transactions
chatterbot Romeo submitting transactions
chatterbot Oscar submitting transactions
ChatterBot November round 7
ChatterBot Charlie round 7
ChatterBot Hotel round 7
ChatterBot Golf round 7
ChatterBot India round 7
ChatterBot Quebec round 7
ChatterBot Lima round 7
ChatterBot Oscar round 7
ChatterBot Romeo round 7
ChatterBot Uniform round 7
2024-10-14 21:17:42.949679 Golf: I was attacked by Uniform
ChatterBot Romeo reevaluating
2024-10-14 21:17:42.953089 Golf: I'm keeping this round to protect myself
2024-10-14 21:17:42.953454 Golf: Ow
2024-10-14 21:17:42.956691 November: Golf, sending you 1
2024-10-14 21:17:42.957682 Oscar: Same as last round
2024-10-14 21:17:42.959455 Uniform: Charlie and Lima, sending you 2
2024-10-14 21:17:42.960206 November: Romeo, sending you 10
2024-10-14 21:17:42.960715 Charlie: Hotel, India and Oscar, sending you 2
2024-10-14 21:17:42.962673 Uniform: Hotel, Quebec and Oscar, sending you 3
2024-10-14 21:17:42.965687 India: Charlie, Hotel, Quebec, Oscar and Uniform, sending you 3
2024-10-14 21:17:42.966672 Charlie: Quebec, Lima and Uniform, sending you 1
2024-10-14 21:17:42.968216 Uniform: India, sending you 4
2024-10-14 21:17:42.969517 Romeo: Same as last round
2024-10-14 21:17:42.970008 Hotel: Same as last round
2024-10-14 21:17:42.971761 Lima: Charlie, India and Uniform, sending you 1
2024-10-14 21:17:42.972918 India: Lima, sending you 1
2024-10-14 21:17:42.976672 Lima: Hotel, Quebec and Oscar, sending you 2
chatterbot Hotel submitting transactions
chatterbot Quebec submitting transactions
chatterbot Oscar submitting transactions
chatterbot India submitting transactions
chatterbot Lima submitting transactions
chatterbot Charlie submitting transactions
chatterbot Golf submitting transactions
chatterbot Romeo submitting transactions
chatterbot Uniform submitting transactions
chatterbot November submitting transactions
ChatterBot November round 8
ChatterBot Charlie round 8
ChatterBot Hotel round 8
ChatterBot Golf round 8
ChatterBot India round 8
ChatterBot Quebec round 8
ChatterBot Lima round 8
ChatterBot Oscar round 8
ChatterBot Romeo round 8
2024-10-14 21:17:44.075285 Golf: Group up?
ChatterBot Quebec reevaluating
2024-10-14 21:17:44.081169 Quebec: No
2024-10-14 21:17:44.081330 November: No
ChatterBot Golf reevaluating
ChatterBot Golf reevaluating
ChatterBot Quebec reevaluating
ChatterBot Uniform round 8
2024-10-14 21:17:44.135689 Hotel: Same as last round
2024-10-14 21:17:44.138858 Golf: Sending you each 3
2024-10-14 21:17:44.141669 Lima: Charlie, India and Uniform, sending you 1
2024-10-14 21:17:44.143648 Charlie: Hotel, India and Oscar, sending you 2
2024-10-14 21:17:44.144604 India: Charlie, Hotel, Oscar and Uniform, sending you 3
2024-10-14 21:17:44.146642 November: Golf, sending you 1
2024-10-14 21:17:44.148664 Romeo: I was attacked by Quebec
ChatterBot November reevaluating
ChatterBot Golf reevaluating
2024-10-14 21:17:44.161148 Romeo: I'm keeping this round to protect myself
2024-10-14 21:17:44.161601 Romeo: Ow
2024-10-14 21:17:44.162633 Golf: We should replace Oscar with November
2024-10-14 21:17:44.165937 Quebec: No
ChatterBot Golf reevaluating
2024-10-14 21:17:44.176467 Lima: Hotel, Quebec and Oscar, sending you 2
2024-10-14 21:17:44.177642 Charlie: Quebec, Lima and Uniform, sending you 1
2024-10-14 21:17:44.178271 Oscar: Same as last round
2024-10-14 21:17:44.178946 India: Quebec and Lima, sending you 2
2024-10-14 21:17:44.179469 Quebec: Charlie, sending you 1
2024-10-14 21:17:44.182675 Uniform: Charlie and Lima, sending you 2
2024-10-14 21:17:44.185076 Quebec: Hotel, India, Lima and Oscar, sending you 3
2024-10-14 21:17:44.187657 Golf: November we want you to join our group
ChatterBot November reevaluating
2024-10-14 21:17:44.191120 November: No
ChatterBot Golf reevaluating
2024-10-14 21:17:44.206722 Golf: We should replace Oscar with Lima
2024-10-14 21:17:44.210317 Quebec: No
ChatterBot Golf reevaluating
2024-10-14 21:17:44.225090 Uniform: Hotel, Quebec and Oscar, sending you 3
2024-10-14 21:17:44.226592 Quebec: Uniform, sending you 2
2024-10-14 21:17:44.229672 Uniform: India, sending you 4
2024-10-14 21:17:44.237808 Golf: Lima we want you to join our group
2024-10-14 21:17:44.240691 Lima: No
ChatterBot Golf reevaluating
2024-10-14 21:17:44.257633 Golf: We should replace Oscar with Charlie
2024-10-14 21:17:44.261683 Quebec: No
ChatterBot Golf reevaluating
2024-10-14 21:17:44.306669 Golf: Sorry, I'm actually sending you 0
2024-10-14 21:17:44.311679 Golf: November, sending you 8
2024-10-14 21:17:44.316680 Golf: Quebec, sending you 9
chatterbot India submitting transactions
chatterbot Charlie submitting transactions
chatterbot Oscar submitting transactions
chatterbot Golf submitting transactions
chatterbot Romeo submitting transactions
chatterbot Quebec submitting transactions
chatterbot Hotel submitting transactions
chatterbot Lima submitting transactions
chatterbot Uniform submitting transactions
chatterbot November submitting transactions
ChatterBot November round 9
ChatterBot Charlie round 9
ChatterBot Hotel round 9
ChatterBot Golf round 9
ChatterBot India round 9
ChatterBot Quebec round 9
ChatterBot Lima round 9
ChatterBot Oscar round 9
ChatterBot Romeo round 9
ChatterBot Uniform round 9
2024-10-14 21:17:45.279607 Golf: We should replace November with Hotel
2024-10-14 21:17:45.282560 Quebec: Yes
ChatterBot Golf reevaluating
2024-10-14 21:17:45.317709 Charlie: Hotel, India and Oscar, sending you 2
2024-10-14 21:17:45.320679 Oscar: Same as last round
2024-10-14 21:17:45.324072 Charlie: Quebec, Lima and Uniform, sending you 1
2024-10-14 21:17:45.329678 Lima: Charlie, India and Uniform, sending you 1
2024-10-14 21:17:45.330699 India: Charlie, Hotel, Quebec, Oscar and Uniform, sending you 3
2024-10-14 21:17:45.331997 Hotel: Same as last round
2024-10-14 21:17:45.332828 November: Golf, sending you 6
2024-10-14 21:17:45.334669 Lima: Hotel, Quebec and Oscar, sending you 2
2024-10-14 21:17:45.335528 Uniform: Charlie and Lima, sending you 2
2024-10-14 21:17:45.336735 Quebec: Charlie, India and Uniform, sending you 2
2024-10-14 21:17:45.337950 India: Lima, sending you 1
2024-10-14 21:17:45.339396 Golf: November and Quebec, sending you 9
2024-10-14 21:17:45.339820 November: Romeo, sending you 9
2024-10-14 21:17:45.340865 Uniform: Hotel, Quebec and Oscar, sending you 3
2024-10-14 21:17:45.342228 Quebec: Hotel, Lima and Oscar, sending you 3
2024-10-14 21:17:45.347166 Uniform: India, sending you 4
chatterbot Quebec submitting transactions
chatterbot November submitting transactions
chatterbot Golf submitting transactions
chatterbot India submitting transactions
chatterbot Lima submitting transactions
chatterbot Charlie submitting transactions
chatterbot Hotel submitting transactions
chatterbot Romeo submitting transactions
chatterbot Oscar submitting transactions
chatterbot Uniform submitting transactions
ChatterBot November round 10
ChatterBot Charlie round 10
ChatterBot Hotel round 10
ChatterBot Golf round 10
ChatterBot India round 10
ChatterBot Quebec round 10
ChatterBot Lima round 10
ChatterBot Oscar round 10
ChatterBot Romeo round 10
ChatterBot Uniform round 10
2024-10-14 21:17:46.592807 Golf: We should replace November with India
ChatterBot Quebec reevaluating
2024-10-14 21:17:46.596478 Quebec: Yes
ChatterBot Golf reevaluating
2024-10-14 21:17:46.611524 Quebec: We should add Golf
2024-10-14 21:17:46.624566 Lima: No
2024-10-14 21:17:46.624819 India: No
2024-10-14 21:17:46.625509 Uniform: No
2024-10-14 21:17:46.625819 Charlie: No
2024-10-14 21:17:46.626049 Oscar: No
2024-10-14 21:17:46.626287 Hotel: No
ChatterBot Quebec reevaluating
ChatterBot Quebec reevaluating
ChatterBot Quebec reevaluating
ChatterBot Quebec reevaluating
ChatterBot Quebec reevaluating
ChatterBot Quebec reevaluating
2024-10-14 21:17:46.764963 Golf: We should replace November with Charlie
ChatterBot Quebec reevaluating
2024-10-14 21:17:46.769884 Quebec: Yes
ChatterBot Golf reevaluating
2024-10-14 21:17:46.789646 Charlie: Hotel, India and Oscar, sending you 2
2024-10-14 21:17:46.791102 Hotel: Same as last round
2024-10-14 21:17:46.792107 Golf: Charlie we want you to join our group
2024-10-14 21:17:46.795344 Charlie: No
ChatterBot Golf reevaluating
2024-10-14 21:17:46.813590 Golf: We should replace November with Lima
2024-10-14 21:17:46.816763 Quebec: Yes
ChatterBot Golf reevaluating
2024-10-14 21:17:46.830608 November: Golf, sending you 7
2024-10-14 21:17:46.831057 Charlie: Quebec, Lima and Uniform, sending you 1
2024-10-14 21:17:46.832758 Golf: We should replace November with Oscar
ChatterBot Quebec reevaluating
2024-10-14 21:17:46.837302 Quebec: Yes
ChatterBot Golf reevaluating
2024-10-14 21:17:46.850323 November: Romeo, sending you 10
2024-10-14 21:17:46.851281 Oscar: Same as last round
2024-10-14 21:17:46.852274 Lima: Charlie, India and Uniform, sending you 1
2024-10-14 21:17:46.853368 India: Charlie, Hotel, Quebec, Oscar and Uniform, sending you 3
2024-10-14 21:17:46.854959 Uniform: Charlie and Lima, sending you 2
2024-10-14 21:17:46.857795 Quebec: Golf we want you to join our group
ChatterBot Golf reevaluating
2024-10-14 21:17:46.880631 Golf: No
ChatterBot Quebec reevaluating
2024-10-14 21:17:46.905333 Lima: Hotel, Quebec and Oscar, sending you 2
2024-10-14 21:17:46.906923 India: Lima, sending you 1
2024-10-14 21:17:46.907966 Uniform: Hotel, Quebec and Oscar, sending you 3
2024-10-14 21:17:46.913071 Uniform: India, sending you 4
2024-10-14 21:17:46.934661 Quebec: Charlie, Hotel, India, Lima, Oscar and Uniform, sending you 2
2024-10-14 21:17:46.940057 Golf: Charlie, sending you 8
2024-10-14 21:17:46.940671 Quebec: Golf, sending you 3
2024-10-14 21:17:46.942645 Golf: Quebec, sending you 10
chatterbot November submitting transactions
chatterbot India submitting transactions
chatterbot Uniform submitting transactions
chatterbot Hotel submitting transactions
chatterbot Quebec submitting transactions
chatterbot Lima submitting transactions
chatterbot Golf submitting transactions
chatterbot Romeo submitting transactions
chatterbot Charlie submitting transactions
chatterbot Oscar submitting transactions
ChatterBot November round 11
ChatterBot Charlie round 11
ChatterBot Hotel round 11
ChatterBot Golf round 11
ChatterBot India round 11
ChatterBot Quebec round 11
ChatterBot Lima round 11
ChatterBot Oscar round 11
ChatterBot Romeo round 11
ChatterBot Uniform round 11
2024-10-14 21:17:47.706056 Golf: We should replace Charlie with Lima
ChatterBot Quebec reevaluating
2024-10-14 21:17:47.709565 Quebec: No
2024-10-14 21:17:47.733482 Golf: Lima we want you to join our group
2024-10-14 21:17:47.736130 Lima: No
ChatterBot Golf reevaluating
ChatterBot Quebec reevaluating
2024-10-14 21:17:47.748754 Golf: We should replace Charlie with Hotel
ChatterBot Quebec reevaluating
2024-10-14 21:17:47.751331 Quebec: No
ChatterBot Golf reevaluating
2024-10-14 21:17:47.761592 Golf: We should replace Charlie with India
ChatterBot Quebec reevaluating
2024-10-14 21:17:47.764255 Quebec: No
ChatterBot Golf reevaluating
2024-10-14 21:17:47.774085 Charlie: Hotel, India and Oscar, sending you 2
2024-10-14 21:17:47.774847 Hotel: Sending you each 2
2024-10-14 21:17:47.775590 India: Charlie, Hotel, Quebec, Oscar and Uniform, sending you 3
2024-10-14 21:17:47.776233 November: Golf, sending you 8
2024-10-14 21:17:47.778677 Charlie: Quebec, Lima and Uniform, sending you 1
2024-10-14 21:17:47.779689 November: Romeo, sending you 10
2024-10-14 21:17:47.781004 Quebec: We should drop Golf
2024-10-14 21:17:47.793896 Lima: Yes
2024-10-14 21:17:47.794094 India: Yes
2024-10-14 21:17:47.794267 Uniform: Yes
2024-10-14 21:17:47.794442 Charlie: Yes
2024-10-14 21:17:47.794578 Oscar: Yes
2024-10-14 21:17:47.794720 Hotel: Yes
2024-10-14 21:17:47.867679 India: Lima, sending you 1
2024-10-14 21:17:47.868632 Lima: Charlie, India and Uniform, sending you 1
2024-10-14 21:17:47.869273 Oscar: Same as last round
2024-10-14 21:17:47.872682 Lima: Hotel, Quebec and Oscar, sending you 2
2024-10-14 21:17:47.882697 Quebec: Hotel, India, Lima, Oscar and Uniform, sending you 3
2024-10-14 21:17:47.891674 Golf: Quebec, sending you 10
2024-10-14 21:17:47.895689 Golf: Lima, sending you 8
chatterbot Romeo submitting transactions
chatterbot November submitting transactions
chatterbot India submitting transactions
chatterbot Oscar submitting transactions
chatterbot Hotel submitting transactions
chatterbot Charlie submitting transactions
chatterbot Golf submitting transactions
chatterbot Quebec submitting transactions
chatterbot Uniform submitting transactions
chatterbot Lima submitting transactions
ChatterBot November round 12
ChatterBot Charlie round 12
ChatterBot Hotel round 12
ChatterBot Golf round 12
ChatterBot India round 12
ChatterBot Quebec round 12
ChatterBot Lima round 12
ChatterBot Oscar round 12
ChatterBot Romeo round 12
ChatterBot Uniform round 12
2024-10-14 21:17:48.883430 India: We should drop Lima
2024-10-14 21:17:48.896679 Charlie: No
2024-10-14 21:17:48.896957 Hotel: No
2024-10-14 21:17:48.897089 Quebec: No
2024-10-14 21:17:48.897990 Oscar: No
2024-10-14 21:17:48.898110 Uniform: No
ChatterBot India reevaluating
ChatterBot Quebec reevaluating
ChatterBot India reevaluating
ChatterBot Quebec reevaluating
ChatterBot India reevaluating
ChatterBot India reevaluating
ChatterBot Quebec reevaluating
ChatterBot India reevaluating
ChatterBot Quebec reevaluating
2024-10-14 21:17:48.964221 Quebec: We should add Golf
ChatterBot India reevaluating
2024-10-14 21:17:48.977942 Lima: No
2024-10-14 21:17:48.978114 India: No
2024-10-14 21:17:48.978233 Uniform: No
2024-10-14 21:17:48.978340 Charlie: No
2024-10-14 21:17:48.978441 Oscar: No
2024-10-14 21:17:48.978550 Hotel: No
ChatterBot India reevaluating
ChatterBot Quebec reevaluating
ChatterBot Quebec reevaluating
ChatterBot India reevaluating
ChatterBot Quebec reevaluating
ChatterBot India reevaluating
ChatterBot Quebec reevaluating
ChatterBot India reevaluating
ChatterBot Quebec reevaluating
ChatterBot India reevaluating
ChatterBot Quebec reevaluating
2024-10-14 21:17:49.060760 Golf: Oscar, sending you 8
2024-10-14 21:17:49.061680 November: Golf, sending you 9
2024-10-14 21:17:49.064038 Golf: Romeo, sending you 10
2024-10-14 21:17:49.065670 November: Romeo, sending you 10
2024-10-14 21:17:49.067659 Charlie: Hotel, India and Oscar, sending you 2
2024-10-14 21:17:49.070666 Romeo: I was attacked by Hotel and Uniform
ChatterBot November reevaluating
ChatterBot Golf reevaluating
2024-10-14 21:17:49.081144 Romeo: I'm keeping this round to protect myself
2024-10-14 21:17:49.081586 Romeo: Ow
2024-10-14 21:17:49.081871 Golf: We should replace Oscar with November
2024-10-14 21:17:49.083992 Romeo: Yes
