ChatterBot Oscar round 1
ChatterBot Papa round 1
ChatterBot Whiskey round 1
ChatterBot Mike round 1
ChatterBot Tango round 1
ChatterBot Lima round 1
ChatterBot Quebec round 1
ChatterBot X-ray round 1
ChatterBot Delta round 1
ChatterBot Charlie round 1
randomSelections Oscar: {Oscar, Delta, Papa, Quebec, Mike, X-ray} 
2024-10-14 21:17:31.266158 Oscar: We should group up
ChatterBot Delta reevaluating
ChatterBot Papa reevaluating
ChatterBot Quebec reevaluating
ChatterBot Mike reevaluating
ChatterBot X-ray reevaluating
2024-10-14 21:17:31.279981 Delta: Yes
2024-10-14 21:17:31.280127 Papa: Yes
2024-10-14 21:17:31.280225 Quebec: Yes
2024-10-14 21:17:31.280329 Mike: Yes
2024-10-14 21:17:31.280475 X-ray: Yes
ChatterBot Papa reevaluating
ChatterBot Quebec reevaluating
ChatterBot Mike reevaluating
ChatterBot X-ray reevaluating
ChatterBot Delta reevaluating
ChatterBot Quebec reevaluating
ChatterBot Mike reevaluating
ChatterBot X-ray reevaluating
ChatterBot Delta reevaluating
ChatterBot Papa reevaluating
ChatterBot Mike reevaluating
ChatterBot X-ray reevaluating
ChatterBot Delta reevaluating
ChatterBot Papa reevaluating
ChatterBot Quebec reevaluating
ChatterBot X-ray reevaluating
ChatterBot Delta reevaluating
ChatterBot Papa reevaluating
ChatterBot Quebec reevaluating
ChatterBot Mike reevaluating
randomSelections Whiskey: {Whiskey, X-ray, Tango, Quebec, Mike, Charlie, Oscar} 
2024-10-14 21:17:31.416059 Whiskey: Group up?
ChatterBot X-ray reevaluating
ChatterBot Tango reevaluating
ChatterBot Quebec reevaluating
ChatterBot Mike reevaluating
ChatterBot Charlie reevaluating
2024-10-14 21:17:31.432135 X-ray: No
2024-10-14 21:17:31.432502 Tango: Yes
2024-10-14 21:17:31.432720 Quebec: No
2024-10-14 21:17:31.433465 Mike: No
2024-10-14 21:17:31.433769 Charlie: Yes
2024-10-14 21:17:31.433956 Oscar: No
ChatterBot Tango reevaluating
ChatterBot Quebec reevaluating
ChatterBot Mike reevaluating
ChatterBot Charlie reevaluating
ChatterBot X-ray reevaluating
ChatterBot Quebec reevaluating
ChatterBot Mike reevaluating
ChatterBot Charlie reevaluating
ChatterBot X-ray reevaluating
ChatterBot Tango reevaluating
ChatterBot Mike reevaluating
ChatterBot Charlie reevaluating
ChatterBot X-ray reevaluating
ChatterBot Tango reevaluating
ChatterBot Quebec reevaluating
ChatterBot Charlie reevaluating
ChatterBot X-ray reevaluating
ChatterBot Tango reevaluating
ChatterBot Quebec reevaluating
ChatterBot Mike reevaluating
ChatterBot X-ray reevaluating
ChatterBot Tango reevaluating
ChatterBot Quebec reevaluating
ChatterBot Mike reevaluating
ChatterBot Charlie reevaluating
randomSelections Lima: {Lima, Quebec, Charlie, Tango, Mike, Oscar} 
2024-10-14 21:17:31.527326 Lima: Let's form a team
ChatterBot Quebec reevaluating
ChatterBot Charlie reevaluating
ChatterBot Tango reevaluating
ChatterBot Mike reevaluating
2024-10-14 21:17:31.540504 Quebec: No
2024-10-14 21:17:31.541491 Charlie: No
2024-10-14 21:17:31.541711 Tango: No
2024-10-14 21:17:31.542016 Mike: No
2024-10-14 21:17:31.542319 Oscar: No
ChatterBot Charlie reevaluating
ChatterBot Tango reevaluating
ChatterBot Mike reevaluating
ChatterBot Quebec reevaluating
ChatterBot Tango reevaluating
ChatterBot Mike reevaluating
ChatterBot Quebec reevaluating
ChatterBot Charlie reevaluating
ChatterBot Mike reevaluating
ChatterBot Quebec reevaluating
ChatterBot Charlie reevaluating
ChatterBot Tango reevaluating
ChatterBot Quebec reevaluating
ChatterBot Charlie reevaluating
ChatterBot Tango reevaluating
ChatterBot Mike reevaluating
2024-10-14 21:17:31.639752 Delta: Oscar, Papa and Mike, sending you 4
2024-10-14 21:17:31.641752 X-ray: Oscar, sending you 5
2024-10-14 21:17:31.642688 Delta: X-ray, sending you 3
2024-10-14 21:17:31.645098 Tango: Oscar, sending you 3
2024-10-14 21:17:31.645762 X-ray: Papa and Delta, sending you 2
2024-10-14 21:17:31.648671 Quebec: Oscar, Papa and X-ray, sending you 3
2024-10-14 21:17:31.649219 Whiskey: Oscar, sending you 1
2024-10-14 21:17:31.651379 Tango: Mike and Quebec, sending you 1
2024-10-14 21:17:31.651869 Papa: Oscar, sending you 3
2024-10-14 21:17:31.652370 Oscar: Papa and Quebec, sending you 3
2024-10-14 21:17:31.652840 Charlie: Oscar, sending you 1
2024-10-14 21:17:31.655076 X-ray: Mike, sending you 3
2024-10-14 21:17:31.655621 Lima: Oscar, sending you 4
2024-10-14 21:17:31.656059 Mike: X-ray, sending you 3
2024-10-14 21:17:31.657921 Quebec: Mike, sending you 1
2024-10-14 21:17:31.658433 Whiskey: Mike, X-ray and Charlie, sending you 3
2024-10-14 21:17:31.658956 Papa: Mike, sending you 6
2024-10-14 21:17:31.660582 Tango: X-ray, sending you 2
2024-10-14 21:17:31.661063 Oscar: Mike and Delta, sending you 1
2024-10-14 21:17:31.661490 Charlie: Whiskey and Mike, sending you 3
2024-10-14 21:17:31.663043 Lima: Mike, Tango and Charlie, sending you 3
2024-10-14 21:17:31.663353 X-ray: Quebec, sending you 4
2024-10-14 21:17:31.663777 Mike: Delta, sending you 1
2024-10-14 21:17:31.664289 Quebec: Delta, sending you 2
2024-10-14 21:17:31.665788 Whiskey: Tango, sending you 2
2024-10-14 21:17:31.666264 Papa: Quebec, sending you 1
2024-10-14 21:17:31.666712 Tango: Charlie, sending you 4
2024-10-14 21:17:31.668021 Oscar: X-ray, sending you 5
2024-10-14 21:17:31.668593 Charlie: Tango, sending you 2
2024-10-14 21:17:31.669849 Lima: Quebec, sending you 1
2024-10-14 21:17:31.670369 Whiskey: Quebec, sending you 5
2024-10-14 21:17:31.671550 Papa: X-ray, sending you 2
2024-10-14 21:17:31.679219 Charlie: Quebec and X-ray, sending you 5
2024-10-14 21:17:31.679708 Papa: Delta, sending you 4
chatterbot Whiskey submitting transactions
chatterbot Tango submitting transactions
chatterbot Oscar submitting transactions
chatterbot Mike submitting transactions
chatterbot Papa submitting transactions
chatterbot Charlie submitting transactions
chatterbot Delta submitting transactions
chatterbot Lima submitting transactions
chatterbot X-ray submitting transactions
chatterbot Quebec submitting transactions
ChatterBot Oscar round 2
ChatterBot Papa round 2
ChatterBot Whiskey round 2
ChatterBot Mike round 2
ChatterBot Tango round 2
ChatterBot Lima round 2
ChatterBot Quebec round 2
ChatterBot X-ray round 2
ChatterBot Delta round 2
ChatterBot Charlie round 2
2024-10-14 21:17:35.588498 Tango: Let's form a team
ChatterBot Whiskey reevaluating
ChatterBot Lima reevaluating
ChatterBot Charlie reevaluating
2024-10-14 21:17:35.603 Whiskey: Yes
2024-10-14 21:17:35.603319 Lima: Yes
2024-10-14 21:17:35.604383 Charlie: Yes
ChatterBot Lima reevaluating
ChatterBot Charlie reevaluating
ChatterBot Tango reevaluating
ChatterBot Whiskey reevaluating
ChatterBot Charlie reevaluating
ChatterBot Tango reevaluating
ChatterBot Whiskey reevaluating
ChatterBot Lima reevaluating
2024-10-14 21:17:35.641946 Lima: We should group up
ChatterBot Whiskey reevaluating
ChatterBot Tango reevaluating
ChatterBot Charlie reevaluating
2024-10-14 21:17:35.661734 Whiskey: Yes
2024-10-14 21:17:35.665032 Tango: No
2024-10-14 21:17:35.669149 Charlie: No
2024-10-14 21:17:35.671183 Mike: No
ChatterBot Tango reevaluating
ChatterBot Lima reevaluating
ChatterBot Charlie reevaluating
ChatterBot Whiskey reevaluating
ChatterBot Lima reevaluating
ChatterBot Charlie reevaluating
ChatterBot Whiskey reevaluating
ChatterBot Tango reevaluating
ChatterBot Lima reevaluating
ChatterBot Whiskey reevaluating
ChatterBot Tango reevaluating
ChatterBot Lima reevaluating
ChatterBot Charlie reevaluating
2024-10-14 21:17:35.750323 Oscar: We should add Lima
ChatterBot Delta reevaluating
ChatterBot Papa reevaluating
ChatterBot Quebec reevaluating
ChatterBot X-ray reevaluating
2024-10-14 21:17:35.773113 Delta: No
2024-10-14 21:17:35.773312 Papa: No
2024-10-14 21:17:35.773466 Quebec: No
2024-10-14 21:17:35.773634 Mike: No
2024-10-14 21:17:35.774334 X-ray: No
ChatterBot Oscar reevaluating
ChatterBot Papa reevaluating
ChatterBot Quebec reevaluating
ChatterBot X-ray reevaluating
ChatterBot Oscar reevaluating
ChatterBot Delta reevaluating
ChatterBot Quebec reevaluating
ChatterBot X-ray reevaluating
ChatterBot Oscar reevaluating
ChatterBot Delta reevaluating
ChatterBot Papa reevaluating
ChatterBot X-ray reevaluating
ChatterBot Oscar reevaluating
ChatterBot Delta reevaluating
ChatterBot Papa reevaluating
ChatterBot Quebec reevaluating
ChatterBot X-ray reevaluating
ChatterBot Oscar reevaluating
ChatterBot Delta reevaluating
ChatterBot Papa reevaluating
ChatterBot Quebec reevaluating
2024-10-14 21:17:35.948379 Papa: We should drop Mike
ChatterBot Oscar reevaluating
2024-10-14 21:17:35.967521 Oscar: No
2024-10-14 21:17:35.967803 Quebec: Yes
2024-10-14 21:17:35.967991 X-ray: No
2024-10-14 21:17:35.968170 Delta: No
ChatterBot Quebec reevaluating
ChatterBot Oscar reevaluating
ChatterBot Oscar reevaluating
ChatterBot Quebec reevaluating
ChatterBot Oscar reevaluating
ChatterBot Quebec reevaluating
2024-10-14 21:17:36.064370 Whiskey: Mike, sending you 3
2024-10-14 21:17:36.064852 Tango: Whiskey and Charlie, sending you 3
2024-10-14 21:17:36.065190 Mike: Oscar and Quebec, sending you 1
2024-10-14 21:17:36.072517 Whiskey: Tango and Lima, sending you 4
2024-10-14 21:17:36.073431 Tango: Lima, sending you 5
2024-10-14 21:17:36.073743 Lima: Whiskey and Tango, sending you 5
2024-10-14 21:17:36.074053 Mike: Papa, sending you 5
2024-10-14 21:17:36.074917 Papa: Oscar and Quebec, sending you 4
2024-10-14 21:17:36.075685 Delta: Oscar, sending you 3
2024-10-14 21:17:36.077436 Charlie: Whiskey and Lima, sending you 6
2024-10-14 21:17:36.078259 Whiskey: Charlie, sending you 6
2024-10-14 21:17:36.078682 X-ray: Oscar, sending you 5
2024-10-14 21:17:36.079747 Lima: Charlie, sending you 4
2024-10-14 21:17:36.080143 Mike: X-ray, sending you 2
2024-10-14 21:17:36.080692 Papa: X-ray, sending you 3
2024-10-14 21:17:36.081507 Delta: Papa, sending you 5
2024-10-14 21:17:36.082031 Charlie: Tango, sending you 7
2024-10-14 21:17:36.083683 X-ray: Papa, Mike, Quebec and Delta, sending you 3
2024-10-14 21:17:36.084766 Quebec: Oscar and X-ray, sending you 3
2024-10-14 21:17:36.085250 Papa: Delta, sending you 6
2024-10-14 21:17:36.085557 Delta: Mike, sending you 2
2024-10-14 21:17:36.086482 Mike: Delta, sending you 3
2024-10-14 21:17:36.088846 Delta: Quebec and X-ray, sending you 4
2024-10-14 21:17:36.090250 Quebec: Papa, Mike and Delta, sending you 2
2024-10-14 21:17:36.091561 Oscar: Papa and Quebec, sending you 4
2024-10-14 21:17:36.097299 Oscar: X-ray, sending you 6
2024-10-14 21:17:36.102680 Oscar: Delta, sending you 5
chatterbot Whiskey submitting transactions
chatterbot Quebec submitting transactions
chatterbot Mike submitting transactions
chatterbot Papa submitting transactions
chatterbot Oscar submitting transactions
chatterbot Delta submitting transactions
chatterbot X-ray submitting transactions
chatterbot Lima submitting transactions
chatterbot Tango submitting transactions
chatterbot Charlie submitting transactions
ChatterBot Oscar round 3
ChatterBot Papa round 3
ChatterBot Whiskey round 3
ChatterBot Mike round 3
ChatterBot Tango round 3
ChatterBot Lima round 3
ChatterBot Quebec round 3
ChatterBot X-ray round 3
2024-10-14 21:17:37.168633 Oscar: We should add Mike
ChatterBot Papa reevaluating
ChatterBot Quebec reevaluating
ChatterBot X-ray reevaluating
2024-10-14 21:17:37.191076 Papa: Yes
2024-10-14 21:17:37.191390 Quebec: Yes
2024-10-14 21:17:37.192378 X-ray: Yes
2024-10-14 21:17:37.192876 Delta: Yes
ChatterBot Quebec reevaluating
ChatterBot X-ray reevaluating
ChatterBot Papa reevaluating
ChatterBot X-ray reevaluating
ChatterBot Papa reevaluating
ChatterBot Quebec reevaluating
ChatterBot Papa reevaluating
ChatterBot Quebec reevaluating
ChatterBot X-ray reevaluating
ChatterBot Delta round 3
ChatterBot Charlie round 3
2024-10-14 21:17:37.314214 Oscar: Mike we want you to join our group
2024-10-14 21:17:37.320539 Mike: Yes
ChatterBot Delta reevaluating
ChatterBot Papa reevaluating
ChatterBot Quebec reevaluating
ChatterBot X-ray reevaluating
2024-10-14 21:17:37.358929 Whiskey: We should drop Mike
2024-10-14 21:17:37.371277 Tango: Yes
2024-10-14 21:17:37.371472 Lima: Yes
2024-10-14 21:17:37.371644 Charlie: Yes
2024-10-14 21:17:37.407659 Papa: Mike we want you to join our group
2024-10-14 21:17:37.410628 Mike: Yes
ChatterBot Delta reevaluating
ChatterBot Papa reevaluating
2024-10-14 21:17:37.427734 Mike: Oscar, sending you 1
2024-10-14 21:17:37.428730 Tango: Whiskey, sending you 3
2024-10-14 21:17:37.429116 Oscar: Papa, Quebec and Delta, sending you 4
2024-10-14 21:17:37.430180 Lima: Whiskey, sending you 4
2024-10-14 21:17:37.430516 Quebec: Oscar and X-ray, sending you 3
2024-10-14 21:17:37.432672 X-ray: Oscar, sending you 5
2024-10-14 21:17:37.433807 Mike: Papa, X-ray and Delta, sending you 3
2024-10-14 21:17:37.434885 Tango: Lima and Charlie, sending you 4
2024-10-14 21:17:37.435341 Oscar: Mike, sending you 1
2024-10-14 21:17:37.436008 Quebec: Papa, Mike and Delta, sending you 2
2024-10-14 21:17:37.437046 Lima: Tango and Charlie, sending you 5
2024-10-14 21:17:37.437482 Whiskey: Tango, sending you 5
2024-10-14 21:17:37.438400 Mike: Quebec, sending you 2
2024-10-14 21:17:37.438867 X-ray: Papa, Mike, Quebec and Delta, sending you 3
2024-10-14 21:17:37.439854 Oscar: X-ray, sending you 6
2024-10-14 21:17:37.440694 Whiskey: Lima and Charlie, sending you 6
2024-10-14 21:17:37.442841 Charlie: Whiskey, sending you 7
2024-10-14 21:17:37.445984 Charlie: Tango and Lima, sending you 6
2024-10-14 21:17:37.451675 Delta: Oscar, sending you 4
2024-10-14 21:17:37.454678 Papa: Oscar and Delta, sending you 4
2024-10-14 21:17:37.457316 Delta: Papa, sending you 5
2024-10-14 21:17:37.458911 Papa: Mike, Quebec and X-ray, sending you 3
2024-10-14 21:17:37.462054 Delta: Mike, Quebec and X-ray, sending you 3
chatterbot Quebec submitting transactions
chatterbot Oscar submitting transactions
chatterbot Charlie submitting transactions
chatterbot Delta submitting transactions
chatterbot Tango submitting transactions
chatterbot Lima submitting transactions
chatterbot Whiskey submitting transactions
chatterbot X-ray submitting transactions
chatterbot Mike submitting transactions
chatterbot Papa submitting transactions
ChatterBot Oscar round 4
ChatterBot Papa round 4
ChatterBot Whiskey round 4
ChatterBot Mike round 4
ChatterBot Tango round 4
ChatterBot Lima round 4
ChatterBot Quebec round 4
ChatterBot X-ray round 4
ChatterBot Delta round 4
ChatterBot Charlie round 4
2024-10-14 21:17:38.665656 Whiskey: Tango, sending you 5
2024-10-14 21:17:38.667661 Mike: Oscar, sending you 1
2024-10-14 21:17:38.669675 Whiskey: Lima and Charlie, sending you 6
2024-10-14 21:17:38.671663 Mike: Papa, X-ray and Delta, sending you 3
2024-10-14 21:17:38.676023 Mike: Quebec, sending you 2
2024-10-14 21:17:38.676710 Papa: Oscar and Delta, sending you 4
2024-10-14 21:17:38.678676 Delta: Oscar, Papa and X-ray, sending you 4
2024-10-14 21:17:38.680050 Oscar: Papa, Quebec and Delta, sending you 4
2024-10-14 21:17:38.681715 Papa: Mike, Quebec and X-ray, sending you 3
2024-10-14 21:17:38.683207 Quebec: Oscar, sending you 4
2024-10-14 21:17:38.684684 Delta: Mike and Quebec, sending you 3
2024-10-14 21:17:38.685260 Oscar: Mike, sending you 1
2024-10-14 21:17:38.685848 Tango: Whiskey, sending you 3
2024-10-14 21:17:38.686873 Lima: Whiskey, sending you 4
2024-10-14 21:17:38.687366 Quebec: Papa, Mike, X-ray and Delta, sending you 2
2024-10-14 21:17:38.688847 X-ray: Oscar, sending you 5
2024-10-14 21:17:38.690071 Charlie: Whiskey, sending you 7
2024-10-14 21:17:38.690536 Oscar: X-ray, sending you 6
2024-10-14 21:17:38.691540 Tango: Lima and Charlie, sending you 4
2024-10-14 21:17:38.691809 Lima: Tango and Charlie, sending you 5
2024-10-14 21:17:38.694691 X-ray: Papa, Mike, Quebec and Delta, sending you 3
2024-10-14 21:17:38.695311 Charlie: Tango and Lima, sending you 6
chatterbot Lima submitting transactions
chatterbot Whiskey submitting transactions
chatterbot Mike submitting transactions
chatterbot Oscar submitting transactions
chatterbot Delta submitting transactions
chatterbot Charlie submitting transactions
chatterbot X-ray submitting transactions
chatterbot Quebec submitting transactions
chatterbot Papa submitting transactions
chatterbot Tango submitting transactions
ChatterBot Oscar round 5
ChatterBot Papa round 5
ChatterBot Whiskey round 5
ChatterBot Mike round 5
ChatterBot Tango round 5
ChatterBot Lima round 5
ChatterBot Quebec round 5
ChatterBot X-ray round 5
ChatterBot Delta round 5
ChatterBot Charlie round 5
2024-10-14 21:17:39.906663 Papa: Oscar and Delta, sending you 4
2024-10-14 21:17:39.910678 Papa: Mike, Quebec and X-ray, sending you 3
2024-10-14 21:17:39.912697 Oscar: Papa, Quebec and Delta, sending you 4
2024-10-14 21:17:39.915669 Quebec: Oscar, sending you 4
2024-10-14 21:17:39.917649 Oscar: Mike, sending you 1
2024-10-14 21:17:39.918151 Delta: Oscar, Papa and X-ray, sending you 4
2024-10-14 21:17:39.919242 Tango: Whiskey, sending you 3
2024-10-14 21:17:39.919561 Whiskey: Tango, sending you 5
2024-10-14 21:17:39.919845 Quebec: Papa, Mike, X-ray and Delta, sending you 2
2024-10-14 21:17:39.921654 Mike: Oscar, sending you 1
2024-10-14 21:17:39.922214 Oscar: X-ray, sending you 6
2024-10-14 21:17:39.923659 Delta: Mike and Quebec, sending you 3
2024-10-14 21:17:39.924186 Tango: Lima and Charlie, sending you 4
2024-10-14 21:17:39.924490 Lima: Whiskey and Charlie, sending you 5
2024-10-14 21:17:39.924775 X-ray: Oscar, sending you 5
2024-10-14 21:17:39.925693 Whiskey: Lima and Charlie, sending you 6
2024-10-14 21:17:39.925959 Mike: Papa, X-ray and Delta, sending you 3
2024-10-14 21:17:39.928714 Lima: Tango, sending you 4
2024-10-14 21:17:39.929149 Mike: Quebec, sending you 2
2024-10-14 21:17:39.930661 X-ray: Papa, Mike, Quebec and Delta, sending you 3
2024-10-14 21:17:39.931216 Charlie: Whiskey, sending you 7
2024-10-14 21:17:39.933664 Charlie: Tango and Lima, sending you 6
chatterbot Quebec submitting transactions
chatterbot Delta submitting transactions
chatterbot Lima submitting transactions
chatterbot Papa submitting transactions
chatterbot Tango submitting transactions
chatterbot Oscar submitting transactions
chatterbot Mike submitting transactions
chatterbot Charlie submitting transactions
chatterbot Whiskey submitting transactions
chatterbot X-ray submitting transactions
ChatterBot Oscar round 6
ChatterBot Papa round 6
ChatterBot Whiskey round 6
ChatterBot Mike round 6
ChatterBot Tango round 6
ChatterBot Lima round 6
ChatterBot Quebec round 6
ChatterBot X-ray round 6
ChatterBot Delta round 6
ChatterBot Charlie round 6
2024-10-14 21:17:41.064676 Oscar: Papa, Quebec and Delta, sending you 4
2024-10-14 21:17:41.067966 Papa: Oscar and Delta, sending you 4
2024-10-14 21:17:41.069673 Oscar: Mike, sending you 1
2024-10-14 21:17:41.070673 Whiskey: Tango, sending you 5
2024-10-14 21:17:41.071697 Papa: Mike, Quebec and X-ray, sending you 3
2024-10-14 21:17:41.074665 Oscar: X-ray, sending you 6
2024-10-14 21:17:41.075664 Tango: Whiskey, sending you 3
2024-10-14 21:17:41.076026 Whiskey: Lima and Charlie, sending you 6
2024-10-14 21:17:41.076606 X-ray: Oscar, sending you 5
2024-10-14 21:17:41.077699 Lima: Whiskey and Charlie, sending you 5
2024-10-14 21:17:41.078675 Tango: Lima and Charlie, sending you 4
2024-10-14 21:17:41.081688 X-ray: Papa, Mike, Quebec and Delta, sending you 3
2024-10-14 21:17:41.082181 Quebec: Oscar, sending you 4
2024-10-14 21:17:41.082949 Delta: Oscar, Papa and X-ray, sending you 4
2024-10-14 21:17:41.083383 Mike: Oscar, sending you 1
2024-10-14 21:17:41.083780 Lima: Tango, sending you 4
2024-10-14 21:17:41.086978 Quebec: Papa, Mike, X-ray and Delta, sending you 2
2024-10-14 21:17:41.087655 Delta: Mike and Quebec, sending you 3
2024-10-14 21:17:41.088323 Mike: Papa, X-ray and Delta, sending you 3
2024-10-14 21:17:41.092690 Charlie: Whiskey, sending you 7
2024-10-14 21:17:41.093695 Mike: Quebec, sending you 2
2024-10-14 21:17:41.095700 Charlie: Tango and Lima, sending you 6
chatterbot Quebec submitting transactions
chatterbot Tango submitting transactions
chatterbot X-ray submitting transactions
chatterbot Mike submitting transactions
chatterbot Lima submitting transactions
chatterbot Whiskey submitting transactions
chatterbot Papa submitting transactions
chatterbot Oscar submitting transactions
chatterbot Delta submitting transactions
chatterbot Charlie submitting transactions
ChatterBot Oscar round 7
ChatterBot Papa round 7
ChatterBot Whiskey round 7
ChatterBot Mike round 7
ChatterBot Tango round 7
ChatterBot Lima round 7
ChatterBot Quebec round 7
ChatterBot X-ray round 7
ChatterBot Delta round 7
ChatterBot Charlie round 7
2024-10-14 21:17:42.370080 Whiskey: Tango, sending you 5
2024-10-14 21:17:42.370740 Oscar: Papa, Quebec and Delta, sending you 4
2024-10-14 21:17:42.371594 Lima: Whiskey and Charlie, sending you 5
2024-10-14 21:17:42.375027 Whiskey: Lima and Charlie, sending you 6
2024-10-14 21:17:42.375775 Oscar: Mike, sending you 1
2024-10-14 21:17:42.377304 Lima: Tango, sending you 4
2024-10-14 21:17:42.378033 Tango: Whiskey, sending you 3
2024-10-14 21:17:42.380687 Oscar: X-ray, sending you 6
2024-10-14 21:17:42.382275 Papa: Oscar and Delta, sending you 4
2024-10-14 21:17:42.383232 Tango: Lima and Charlie, sending you 4
2024-10-14 21:17:42.383953 Mike: Oscar, sending you 1
2024-10-14 21:17:42.385656 X-ray: Oscar, sending you 5
2024-10-14 21:17:42.387674 Papa: Mike, Quebec and X-ray, sending you 3
2024-10-14 21:17:42.389152 Delta: Oscar, Papa and X-ray, sending you 4
2024-10-14 21:17:42.390121 Quebec: Oscar, sending you 4
2024-10-14 21:17:42.391531 X-ray: Papa, Mike, Quebec and Delta, sending you 3
2024-10-14 21:17:42.392474 Mike: Papa, X-ray and Delta, sending you 3
2024-10-14 21:17:42.393794 Charlie: Whiskey, sending you 7
2024-10-14 21:17:42.394382 Delta: Mike and Quebec, sending you 3
2024-10-14 21:17:42.395791 Quebec: Papa, Mike, X-ray and Delta, sending you 2
2024-10-14 21:17:42.397712 Mike: Quebec, sending you 2
2024-10-14 21:17:42.398530 Charlie: Tango and Lima, sending you 6
chatterbot Charlie submitting transactions
chatterbot Whiskey submitting transactions
chatterbot Mike submitting transactions
chatterbot Lima submitting transactions
chatterbot Papa submitting transactions
chatterbot Quebec submitting transactions
chatterbot Tango submitting transactions
chatterbot Oscar submitting transactions
chatterbot X-ray submitting transactions
chatterbot Delta submitting transactions
ChatterBot Oscar round 8
ChatterBot Papa round 8
ChatterBot Whiskey round 8
ChatterBot Mike round 8
ChatterBot Tango round 8
ChatterBot Lima round 8
ChatterBot Quebec round 8
ChatterBot X-ray round 8
ChatterBot Delta round 8
ChatterBot Charlie round 8
2024-10-14 21:17:43.594677 Whiskey: Tango, sending you 5
2024-10-14 21:17:43.598674 Quebec: Oscar, sending you 4
2024-10-14 21:17:43.599395 Whiskey: Lima and Charlie, sending you 6
2024-10-14 21:17:43.601702 Quebec: Papa, Mike, X-ray and Delta, sending you 2
2024-10-14 21:17:43.603937 Delta: Oscar, Papa and X-ray, sending you 4
2024-10-14 21:17:43.604846 Mike: Oscar, sending you 1
2024-10-14 21:17:43.607697 Papa: Oscar and Delta, sending you 4
2024-10-14 21:17:43.608466 Tango: Whiskey, sending you 3
2024-10-14 21:17:43.608890 Oscar: Papa, Quebec and Delta, sending you 4
2024-10-14 21:17:43.610438 Delta: Mike and Quebec, sending you 3
2024-10-14 21:17:43.611409 X-ray: Oscar, sending you 5
2024-10-14 21:17:43.612312 Mike: Papa, X-ray and Delta, sending you 3
2024-10-14 21:17:43.613796 Charlie: Whiskey, sending you 7
2024-10-14 21:17:43.614353 Papa: Mike, Quebec and X-ray, sending you 3
2024-10-14 21:17:43.615459 Tango: Lima and Charlie, sending you 4
2024-10-14 21:17:43.616422 Oscar: Mike, sending you 1
2024-10-14 21:17:43.617491 Lima: Whiskey and Charlie, sending you 5
2024-10-14 21:17:43.618073 X-ray: Papa, Mike, Quebec and Delta, sending you 3
2024-10-14 21:17:43.619749 Mike: Quebec, sending you 2
2024-10-14 21:17:43.621214 Charlie: Tango and Lima, sending you 6
2024-10-14 21:17:43.621951 Oscar: X-ray, sending you 6
2024-10-14 21:17:43.623556 Lima: Tango, sending you 4
chatterbot Whiskey submitting transactions
chatterbot Delta submitting transactions
chatterbot Tango submitting transactions
chatterbot Oscar submitting transactions
chatterbot X-ray submitting transactions
chatterbot Quebec submitting transactions
chatterbot Papa submitting transactions
chatterbot Charlie submitting transactions
chatterbot Mike submitting transactions
chatterbot Lima submitting transactions
ChatterBot Oscar round 9
ChatterBot Papa round 9
ChatterBot Whiskey round 9
ChatterBot Mike round 9
ChatterBot Tango round 9
ChatterBot Lima round 9
ChatterBot Quebec round 9
ChatterBot X-ray round 9
ChatterBot Delta round 9
ChatterBot Charlie round 9
2024-10-14 21:17:44.873049 Lima: Whiskey and Charlie, sending you 5
2024-10-14 21:17:44.873796 Whiskey: Tango, sending you 5
2024-10-14 21:17:44.874486 Delta: Oscar, Papa and X-ray, sending you 4
2024-10-14 21:17:44.876421 Mike: Oscar, sending you 1
2024-10-14 21:17:44.877888 Lima: Tango, sending you 4
2024-10-14 21:17:44.878479 Whiskey: Lima and Charlie, sending you 6
2024-10-14 21:17:44.879024 Oscar: Papa, Quebec and Delta, sending you 4
2024-10-14 21:17:44.880358 X-ray: Oscar, sending you 5
2024-10-14 21:17:44.881128 Tango: Whiskey and Charlie, sending you 4
2024-10-14 21:17:44.882116 Delta: Mike and Quebec, sending you 3
2024-10-14 21:17:44.882990 Papa: Oscar and Delta, sending you 4
2024-10-14 21:17:44.884407 Mike: Papa, X-ray and Delta, sending you 3
2024-10-14 21:17:44.885351 Oscar: Mike, sending you 1
2024-10-14 21:17:44.886715 X-ray: Papa, Mike, Quebec and Delta, sending you 3
2024-10-14 21:17:44.887475 Quebec: Oscar, sending you 4
2024-10-14 21:17:44.888841 Tango: Lima, sending you 3
2024-10-14 21:17:44.889460 Charlie: Whiskey, sending you 7
2024-10-14 21:17:44.890231 Papa: Mike, Quebec and X-ray, sending you 3
2024-10-14 21:17:44.891281 Mike: Quebec, sending you 2
2024-10-14 21:17:44.892261 Oscar: X-ray, sending you 6
2024-10-14 21:17:44.893838 Quebec: Papa, Mike, X-ray and Delta, sending you 2
2024-10-14 21:17:44.894516 Charlie: Tango and Lima, sending you 6
chatterbot Lima submitting transactions
chatterbot Tango submitting transactions
chatterbot X-ray submitting transactions
chatterbot Delta submitting transactions
chatterbot Whiskey submitting transactions
chatterbot Charlie submitting transactions
chatterbot Papa submitting transactions
chatterbot Mike submitting transactions
chatterbot Oscar submitting transactions
chatterbot Quebec submitting transactions
ChatterBot Oscar round 10
ChatterBot Papa round 10
ChatterBot Whiskey round 10
ChatterBot Mike round 10
ChatterBot Tango round 10
ChatterBot Lima round 10
ChatterBot Quebec round 10
ChatterBot X-ray round 10
ChatterBot Delta round 10
ChatterBot Charlie round 10
2024-10-14 21:17:46.129668 Papa: Oscar and Delta, sending you 4
2024-10-14 21:17:46.134281 Whiskey: Tango, sending you 5
2024-10-14 21:17:46.135691 Papa: Mike, Quebec and X-ray, sending you 3
2024-10-14 21:17:46.137661 Quebec: Oscar, sending you 4
2024-10-14 21:17:46.139658 Whiskey: Lima and Charlie, sending you 6
2024-10-14 21:17:46.141671 Quebec: Papa, Mike, X-ray and Delta, sending you 2
2024-10-14 21:17:46.142651 Delta: Oscar, Papa and X-ray, sending you 4
2024-10-14 21:17:46.145680 Oscar: Papa, Quebec and Delta, sending you 4
2024-10-14 21:17:46.146549 Tango: Whiskey and Charlie, sending you 4
2024-10-14 21:17:46.147145 Lima: Whiskey and Charlie, sending you 5
2024-10-14 21:17:46.148353 Delta: Mike and Quebec, sending you 3
2024-10-14 21:17:46.149440 Charlie: Whiskey, sending you 7
2024-10-14 21:17:46.150645 X-ray: Oscar, sending you 5
2024-10-14 21:17:46.151739 Mike: Oscar, sending you 1
2024-10-14 21:17:46.153850 Oscar: Mike, sending you 1
2024-10-14 21:17:46.155816 Lima: Tango, sending you 4
2024-10-14 21:17:46.156734 Tango: Lima, sending you 3
2024-10-14 21:17:46.158106 Charlie: Tango and Lima, sending you 6
2024-10-14 21:17:46.158946 X-ray: Papa, Mike, Quebec and Delta, sending you 3
2024-10-14 21:17:46.161139 Mike: Papa, X-ray and Delta, sending you 3
2024-10-14 21:17:46.163260 Oscar: X-ray, sending you 6
2024-10-14 21:17:46.167658 Mike: Quebec, sending you 2
chatterbot Tango submitting transactions
chatterbot Delta submitting transactions
chatterbot Charlie submitting transactions
chatterbot Whiskey submitting transactions
chatterbot Oscar submitting transactions
chatterbot Mike submitting transactions
chatterbot Quebec submitting transactions
chatterbot Papa submitting transactions
chatterbot Lima submitting transactions
chatterbot X-ray submitting transactions
ChatterBot Oscar round 11
ChatterBot Papa round 11
ChatterBot Whiskey round 11
ChatterBot Mike round 11
ChatterBot Tango round 11
ChatterBot Lima round 11
ChatterBot Quebec round 11
ChatterBot X-ray round 11
ChatterBot Delta round 11
ChatterBot Charlie round 11
2024-10-14 21:17:47.406689 Whiskey: Tango, sending you 5
2024-10-14 21:17:47.411686 Whiskey: Lima and Charlie, sending you 6
2024-10-14 21:17:47.419255 Papa: Oscar and Delta, sending you 4
2024-10-14 21:17:47.421053 Charlie: Whiskey, sending you 7
2024-10-14 21:17:47.422662 Quebec: Oscar, sending you 4
2024-10-14 21:17:47.425149 Tango: Whiskey and Charlie, sending you 4
2024-10-14 21:17:47.425962 Delta: Oscar, Papa and X-ray, sending you 4
2024-10-14 21:17:47.428519 Oscar: Papa, Quebec and Delta, sending you 4
2024-10-14 21:17:47.430736 Lima: Whiskey and Charlie, sending you 5
2024-10-14 21:17:47.431703 Papa: Mike, Quebec and X-ray, sending you 3
2024-10-14 21:17:47.433366 Mike: Oscar, sending you 1
2024-10-14 21:17:47.434022 Charlie: Tango and Lima, sending you 6
2024-10-14 21:17:47.434524 Quebec: Papa, Mike, X-ray and Delta, sending you 2
2024-10-14 21:17:47.435998 Tango: Lima, sending you 3
2024-10-14 21:17:47.436407 X-ray: Oscar, sending you 5
2024-10-14 21:17:47.437102 Delta: Mike and Quebec, sending you 3
2024-10-14 21:17:47.439056 Oscar: Mike, sending you 1
2024-10-14 21:17:47.439751 Lima: Tango, sending you 4
2024-10-14 21:17:47.440167 Mike: Papa, X-ray and Delta, sending you 3
2024-10-14 21:17:47.441978 X-ray: Papa, Mike, Quebec and Delta, sending you 3
2024-10-14 21:17:47.442933 Oscar: X-ray, sending you 6
2024-10-14 21:17:47.445683 Mike: Quebec, sending you 2
chatterbot X-ray submitting transactions
chatterbot Tango submitting transactions
chatterbot Papa submitting transactions
chatterbot Charlie submitting transactions
chatterbot Oscar submitting transactions
chatterbot Whiskey submitting transactions
chatterbot Delta submitting transactions
chatterbot Quebec submitting transactions
chatterbot Mike submitting transactions
chatterbot Lima submitting transactions
ChatterBot Oscar round 12
ChatterBot Papa round 12
ChatterBot Whiskey round 12
ChatterBot Mike round 12
ChatterBot Tango round 12
ChatterBot Lima round 12
ChatterBot Quebec round 12
ChatterBot X-ray round 12
ChatterBot Delta round 12
ChatterBot Charlie round 12
2024-10-14 21:17:48.656676 Oscar: Papa and Delta, sending you 4
2024-10-14 21:17:48.658679 Whiskey: Tango, sending you 5
2024-10-14 21:17:48.660684 Oscar: Mike, sending you 1
2024-10-14 21:17:48.662675 Whiskey: Lima and Charlie, sending you 6
2024-10-14 21:17:48.666655 Oscar: Quebec and X-ray, sending you 5
2024-10-14 21:17:48.667643 Lima: Whiskey and Charlie, sending you 5
2024-10-14 21:17:48.668889 Tango: Whiskey and Charlie, sending you 4
2024-10-14 21:17:48.669693 Mike: Oscar, sending you 1
2024-10-14 21:17:48.671700 Quebec: Oscar, sending you 4
2024-10-14 21:17:48.673618 Lima: Tango, sending you 4
2024-10-14 21:17:48.674431 Tango: Lima, sending you 3
2024-10-14 21:17:48.675220 Mike: Papa, X-ray and Delta, sending you 3
2024-10-14 21:17:48.677080 Papa: Oscar and Delta, sending you 4
2024-10-14 21:17:48.678794 Charlie: Whiskey, sending you 7
2024-10-14 21:17:48.679444 Delta: Oscar, Papa and X-ray, sending you 4
2024-10-14 21:17:48.680858 Quebec: Papa, Mike, X-ray and Delta, sending you 2
2024-10-14 21:17:48.681795 Mike: Quebec, sending you 2
2024-10-14 21:17:48.682820 Papa: Mike, Quebec and X-ray, sending you 3
2024-10-14 21:17:48.684865 Charlie: Tango and Lima, sending you 6
2024-10-14 21:17:48.685570 Delta: Mike and Quebec, sending you 3
chatterbot Whiskey submitting transactions
chatterbot Tango submitting transactions
chatterbot Oscar submitting transactions
chatterbot Delta submitting transactions
chatterbot Quebec submitting transactions
chatterbot Papa submitting transactions
chatterbot Lima submitting transactions
chatterbot Mike submitting transactions
chatterbot Charlie submitting transactions
chatterbot X-ray submitting transactions
ChatterBot Oscar round 13
ChatterBot Papa round 13
ChatterBot Whiskey round 13
ChatterBot Mike round 13
ChatterBot Tango round 13
ChatterBot Lima round 13
ChatterBot Quebec round 13
ChatterBot X-ray round 13
ChatterBot Delta round 13
ChatterBot Charlie round 13
2024-10-14 21:17:49.795221 Whiskey: We should add Quebec
ChatterBot Lima reevaluating
ChatterBot Charlie reevaluating
2024-10-14 21:17:49.805211 Tango: No
2024-10-14 21:17:49.805377 Lima: No
2024-10-14 21:17:49.805533 Charlie: No
ChatterBot Whiskey reevaluating
ChatterBot Lima reevaluating
ChatterBot Charlie reevaluating
ChatterBot Whiskey reevaluating
ChatterBot Charlie reevaluating
ChatterBot Whiskey reevaluating
ChatterBot Lima reevaluating
2024-10-14 21:17:49.859457 Charlie: We should add Delta
ChatterBot Whiskey reevaluating
ChatterBot Lima reevaluating
2024-10-14 21:17:49.866733 Tango: No
2024-10-14 21:17:49.866866 Whiskey: No
2024-10-14 21:17:49.866988 Lima: Yes
ChatterBot Whiskey reevaluating
ChatterBot Lima reevaluating
ChatterBot Charlie reevaluating
ChatterBot Lima reevaluating
ChatterBot Charlie reevaluating
ChatterBot Whiskey reevaluating
ChatterBot Charlie reevaluating
2024-10-14 21:17:49.985111 Lima: Papa we want you to join our group
2024-10-14 21:17:49.990111 Papa: No
2024-10-14 21:17:50.003087 Whiskey: Delta we want you to join our group
2024-10-14 21:17:50.007379 Delta: No
ChatterBot Lima reevaluating
2024-10-14 21:17:50.018390 Oscar: Papa, X-ray and Delta, sending you 4
2024-10-14 21:17:50.022666 X-ray: Oscar, sending you 5
2024-10-14 21:17:50.024203 Delta: Oscar, Papa and Mike, sending you 4
2024-10-14 21:17:50.026273 Quebec: Oscar, sending you 4
2024-10-14 21:17:50.028576 Oscar: Mike, sending you 1
2024-10-14 21:17:50.030485 Papa: Oscar and Delta, sending you 4
2024-10-14 21:17:50.032260 Tango: Whiskey and Charlie, sending you 4
2024-10-14 21:17:50.033958 Mike: Oscar, sending you 1
2024-10-14 21:17:50.035460 Lima: Delta we want you to join our group
2024-10-14 21:17:50.040752 Delta: No
2024-10-14 21:17:50.055795 X-ray: Papa and Mike, sending you 3
2024-10-14 21:17:50.058484 Delta: Quebec and X-ray, sending you 3
2024-10-14 21:17:50.060784 Quebec: Papa, Mike, X-ray and Delta, sending you 2
2024-10-14 21:17:50.063466 Oscar: Quebec, sending you 6
2024-10-14 21:17:50.066518 Papa: Mike, Quebec and X-ray, sending you 3
2024-10-14 21:17:50.069420 Tango: Lima, sending you 3
2024-10-14 21:17:50.071001 Mike: Papa, X-ray and Delta, sending you 3
2024-10-14 21:17:50.073927 Whiskey: Tango, Lima, Delta and Charlie, sending you 4
2024-10-14 21:17:50.075964 X-ray: Quebec, sending you 2
2024-10-14 21:17:50.079057 Mike: Quebec, sending you 2
2024-10-14 21:17:50.081965 X-ray: Delta, sending you 4
2024-10-14 21:17:50.091681 Lima: Whiskey, Tango and Charlie, sending you 4
2024-10-14 21:17:50.095671 Lima: Delta, sending you 2
chatterbot X-ray submitting transactions
chatterbot Mike submitting transactions
chatterbot Tango submitting transactions
chatterbot Lima submitting transactions
chatterbot Charlie submitting transactions
chatterbot Oscar submitting transactions
chatterbot Delta submitting transactions
chatterbot Quebec submitting transactions
chatterbot Whiskey submitting transactions
chatterbot Papa submitting transactions
ChatterBot Oscar round 14
ChatterBot Papa round 14
ChatterBot Whiskey round 14
ChatterBot Mike round 14
ChatterBot Tango round 14
ChatterBot Lima round 14
ChatterBot Quebec round 14
ChatterBot X-ray round 14
ChatterBot Delta round 14
ChatterBot Charlie round 14
2024-10-14 21:17:51.083879 Lima: We should replace Delta with Papa
ChatterBot Whiskey reevaluating
ChatterBot Charlie reevaluating
2024-10-14 21:17:51.092264 Tango: No
2024-10-14 21:17:51.092424 Whiskey: Yes
2024-10-14 21:17:51.092560 Charlie: Yes
ChatterBot Whiskey reevaluating
ChatterBot Charlie reevaluating
ChatterBot Charlie reevaluating
ChatterBot Whiskey reevaluating
2024-10-14 21:17:51.117491 Charlie: We should add Papa
ChatterBot Whiskey reevaluating
2024-10-14 21:17:51.123607 Tango: No
2024-10-14 21:17:51.123751 Whiskey: Yes
2024-10-14 21:17:51.123852 Lima: Yes
ChatterBot Whiskey reevaluating
ChatterBot Charlie reevaluating
ChatterBot Charlie reevaluating
ChatterBot Whiskey reevaluating
ChatterBot Charlie reevaluating
2024-10-14 21:17:51.145849 Delta: We should add Whiskey
2024-10-14 21:17:51.155742 Oscar: No
2024-10-14 21:17:51.155916 Papa: No
2024-10-14 21:17:51.156064 Quebec: No
2024-10-14 21:17:51.156192 Mike: No
2024-10-14 21:17:51.156324 X-ray: No
ChatterBot Delta reevaluating
ChatterBot Delta reevaluating
ChatterBot Delta reevaluating
ChatterBot Delta reevaluating
2024-10-14 21:17:51.204467 Lima: Papa we want you to join our group
2024-10-14 21:17:51.206824 Papa: No
ChatterBot Whiskey reevaluating
ChatterBot Charlie reevaluating
2024-10-14 21:17:51.217661 Papa: Oscar and Delta, sending you 4
2024-10-14 21:17:51.219210 Quebec: Oscar, sending you 4
2024-10-14 21:17:51.220338 Oscar: Papa and Delta, sending you 4
2024-10-14 21:17:51.221496 X-ray: Oscar, sending you 5
2024-10-14 21:17:51.222557 Mike: Oscar, sending you 1
2024-10-14 21:17:51.223424 Whiskey: Papa we want you to join our group
2024-10-14 21:17:51.225361 Papa: No
2024-10-14 21:17:51.233250 Quebec: Papa, Mike, X-ray and Delta, sending you 2
2024-10-14 21:17:51.234354 Charlie: Papa we want you to join our group
2024-10-14 21:17:51.236301 Papa: No
2024-10-14 21:17:51.243811 Papa: Mike, Quebec and X-ray, sending you 3
2024-10-14 21:17:51.244731 Oscar: Mike, sending you 1
2024-10-14 21:17:51.245660 X-ray: Papa, Mike, Quebec and Delta, sending you 3
2024-10-14 21:17:51.246437 Mike: Papa, X-ray and Delta, sending you 3
2024-10-14 21:17:51.247638 Lima: Papa, sending you 2
2024-10-14 21:17:51.247904 Tango: Whiskey and Lima, sending you 4
2024-10-14 21:17:51.250680 Oscar: Quebec and X-ray, sending you 5
2024-10-14 21:17:51.252197 Tango: Charlie, sending you 3
2024-10-14 21:17:51.252919 Mike: Quebec, sending you 2
2024-10-14 21:17:51.254187 Lima: Whiskey, Tango and Charlie, sending you 4
2024-10-14 21:17:51.254926 Delta: Oscar, Papa and X-ray, sending you 4
2024-10-14 21:17:51.258663 Delta: Mike and Quebec, sending you 3
2024-10-14 21:17:51.262837 Charlie: Papa, sending you 3
2024-10-14 21:17:51.267672 Charlie: Whiskey, sending you 6
2024-10-14 21:17:51.269647 Whiskey: Papa, Tango and Charlie, sending you 4
2024-10-14 21:17:51.270698 Charlie: Tango and Lima, sending you 5
2024-10-14 21:17:51.274681 Whiskey: Lima, sending you 5
chatterbot Tango submitting transactions
chatterbot Quebec submitting transactions
chatterbot Papa submitting transactions
chatterbot Oscar submitting transactions
chatterbot Mike submitting transactions
chatterbot Whiskey submitting transactions
chatterbot Charlie submitting transactions
chatterbot Delta submitting transactions
chatterbot Lima submitting transactions
chatterbot X-ray submitting transactions
ChatterBot Oscar round 15
ChatterBot Papa round 15
ChatterBot Whiskey round 15
ChatterBot Mike round 15
ChatterBot Tango round 15
ChatterBot Lima round 15
ChatterBot Quebec round 15
ChatterBot X-ray round 15
ChatterBot Delta round 15
2024-10-14 21:17:52.147179 Whiskey: We should replace Papa with Oscar
ChatterBot Lima reevaluating
ChatterBot Charlie reevaluating
2024-10-14 21:17:52.157910 Tango: No
2024-10-14 21:17:52.158133 Lima: No
2024-10-14 21:17:52.158293 Charlie: Yes
ChatterBot Whiskey reevaluating
ChatterBot Lima reevaluating
ChatterBot Charlie reevaluating
ChatterBot Whiskey reevaluating
ChatterBot Charlie reevaluating
ChatterBot Whiskey reevaluating
