ChatterBot Uniform round 1
ChatterBot Papa round 1
ChatterBot Delta round 1
ChatterBot Lima round 1
ChatterBot Mike round 1
ChatterBot Kilo round 1
ChatterBot Echo round 1
ChatterBot Zulu round 1
ChatterBot X-ray round 1
ChatterBot Tango round 1
randomSelections Uniform: {Uniform, Zulu, Mike} 
2024-10-14 21:17:31.630822 Uniform: Can we be friends?
ChatterBot Zulu reevaluating
ChatterBot Mike reevaluating
2024-10-14 21:17:31.638995 Zulu: Yes
2024-10-14 21:17:31.639162 Mike: Yes
ChatterBot Mike reevaluating
ChatterBot Zulu reevaluating
randomSelections Papa: {Papa, Tango, Echo, Zulu, Lima, Kilo, Delta} 
2024-10-14 21:17:31.654996 Papa: Let's form a team
ChatterBot Tango reevaluating
ChatterBot Echo reevaluating
ChatterBot Zulu reevaluating
ChatterBot Lima reevaluating
ChatterBot Kilo reevaluating
ChatterBot Delta reevaluating
2024-10-14 21:17:31.677930 Tango: Yes
2024-10-14 21:17:31.678734 Echo: Yes
2024-10-14 21:17:31.678895 Zulu: No
2024-10-14 21:17:31.679082 Lima: Yes
2024-10-14 21:17:31.679222 Kilo: Yes
2024-10-14 21:17:31.679386 Delta: Yes
ChatterBot Echo reevaluating
ChatterBot Zulu reevaluating
ChatterBot Lima reevaluating
ChatterBot Kilo reevaluating
ChatterBot Delta reevaluating
ChatterBot Tango reevaluating
ChatterBot Zulu reevaluating
ChatterBot Lima reevaluating
ChatterBot Kilo reevaluating
ChatterBot Delta reevaluating
ChatterBot Tango reevaluating
ChatterBot Echo reevaluating
ChatterBot Lima reevaluating
ChatterBot Kilo reevaluating
ChatterBot Delta reevaluating
ChatterBot Tango reevaluating
ChatterBot Echo reevaluating
ChatterBot Zulu reevaluating
ChatterBot Kilo reevaluating
ChatterBot Delta reevaluating
ChatterBot Tango reevaluating
ChatterBot Echo reevaluating
ChatterBot Zulu reevaluating
ChatterBot Lima reevaluating
ChatterBot Delta reevaluating
ChatterBot Tango reevaluating
ChatterBot Echo reevaluating
ChatterBot Zulu reevaluating
ChatterBot Lima reevaluating
ChatterBot Kilo reevaluating
randomSelections X-ray: {X-ray, Lima, Delta, Kilo, Mike, Tango, Uniform, Zulu} 
2024-10-14 21:17:31.869415 X-ray: We should group up
ChatterBot Lima reevaluating
ChatterBot Delta reevaluating
ChatterBot Kilo reevaluating
ChatterBot Mike reevaluating
ChatterBot Tango reevaluating
ChatterBot Zulu reevaluating
2024-10-14 21:17:31.886087 Lima: No
2024-10-14 21:17:31.886384 Delta: No
2024-10-14 21:17:31.886599 Kilo: No
2024-10-14 21:17:31.887408 Mike: No
2024-10-14 21:17:31.887672 Tango: No
2024-10-14 21:17:31.887922 Uniform: No
2024-10-14 21:17:31.888373 Zulu: No
ChatterBot Delta reevaluating
ChatterBot Kilo reevaluating
ChatterBot Mike reevaluating
ChatterBot Tango reevaluating
ChatterBot Zulu reevaluating
ChatterBot Lima reevaluating
ChatterBot Kilo reevaluating
ChatterBot Mike reevaluating
ChatterBot Tango reevaluating
ChatterBot Zulu reevaluating
ChatterBot Lima reevaluating
ChatterBot Delta reevaluating
ChatterBot Mike reevaluating
ChatterBot Tango reevaluating
ChatterBot Zulu reevaluating
ChatterBot Lima reevaluating
ChatterBot Delta reevaluating
ChatterBot Kilo reevaluating
ChatterBot Tango reevaluating
ChatterBot Zulu reevaluating
ChatterBot Lima reevaluating
ChatterBot Delta reevaluating
ChatterBot Kilo reevaluating
ChatterBot Mike reevaluating
ChatterBot Zulu reevaluating
ChatterBot Lima reevaluating
ChatterBot Delta reevaluating
ChatterBot Kilo reevaluating
ChatterBot Mike reevaluating
ChatterBot Tango reevaluating
ChatterBot Zulu reevaluating
ChatterBot Lima reevaluating
ChatterBot Delta reevaluating
ChatterBot Kilo reevaluating
ChatterBot Mike reevaluating
ChatterBot Tango reevaluating
2024-10-14 21:17:32.009369 Uniform: Mike and Zulu, sending you 4
2024-10-14 21:17:32.011669 Delta: Papa and Tango, sending you 3
2024-10-14 21:17:32.013694 X-ray: Uniform and Zulu, sending you 4
2024-10-14 21:17:32.015765 Kilo: Papa, Delta and Echo, sending you 2
2024-10-14 21:17:32.016381 Echo: Delta, sending you 5
2024-10-14 21:17:32.017025 Zulu: Uniform, sending you 12
2024-10-14 21:17:32.018490 Lima: Papa, sending you 6
2024-10-14 21:17:32.019013 Delta: Lima, sending you 4
2024-10-14 21:17:32.019444 Mike: Sending you each 8
2024-10-14 21:17:32.019810 X-ray: Delta, Lima, Mike and Tango, sending you 2
2024-10-14 21:17:32.021467 Kilo: Lima and Tango, sending you 1
2024-10-14 21:17:32.022018 Echo: Lima, sending you 4
2024-10-14 21:17:32.024334 Lima: Delta, sending you 3
2024-10-14 21:17:32.027111 Zulu: Mike, sending you 4
2024-10-14 21:17:32.027861 Papa: Lima, sending you 1
2024-10-14 21:17:32.028259 Delta: Kilo, sending you 5
2024-10-14 21:17:32.028627 X-ray: Kilo, sending you 3
2024-10-14 21:17:32.029975 Kilo: Zulu, sending you 3
2024-10-14 21:17:32.030348 Echo: Kilo and Zulu, sending you 3
2024-10-14 21:17:32.030891 Lima: Echo and Tango, sending you 1
2024-10-14 21:17:32.031373 Papa: Kilo and Zulu, sending you 3
2024-10-14 21:17:32.033033 Delta: Echo, sending you 1
2024-10-14 21:17:32.033532 Tango: Delta, sending you 3
2024-10-14 21:17:32.035469 Echo: Tango, sending you 2
2024-10-14 21:17:32.035938 Lima: Zulu, sending you 5
2024-10-14 21:17:32.038007 Tango: Kilo, Echo and Zulu, sending you 2
2024-10-14 21:17:32.038817 Papa: Tango, sending you 4
chatterbot Papa submitting transactions
chatterbot Uniform submitting transactions
chatterbot Zulu submitting transactions
chatterbot Delta submitting transactions
chatterbot Tango submitting transactions
chatterbot Kilo submitting transactions
chatterbot X-ray submitting transactions
chatterbot Echo submitting transactions
chatterbot Mike submitting transactions
chatterbot Lima submitting transactions
ChatterBot Uniform round 2
ChatterBot Papa round 2
ChatterBot Delta round 2
ChatterBot Lima round 2
ChatterBot Mike round 2
ChatterBot Kilo round 2
2024-10-14 21:17:33.655951 Lima: We should replace Zulu with X-ray
ChatterBot Papa reevaluating
ChatterBot Delta reevaluating
ChatterBot Kilo reevaluating
ChatterBot Echo reevaluating
ChatterBot Tango reevaluating
2024-10-14 21:17:33.711239 Papa: No
2024-10-14 21:17:33.711458 Delta: No
2024-10-14 21:17:33.712068 Kilo: Yes
2024-10-14 21:17:33.712267 Echo: No
2024-10-14 21:17:33.712427 Tango: No
ChatterBot Delta reevaluating
ChatterBot Kilo reevaluating
ChatterBot Echo reevaluating
ChatterBot Tango reevaluating
ChatterBot Papa reevaluating
ChatterBot Kilo reevaluating
ChatterBot Echo reevaluating
ChatterBot Tango reevaluating
ChatterBot Papa reevaluating
ChatterBot Delta reevaluating
ChatterBot Echo reevaluating
ChatterBot Tango reevaluating
ChatterBot Papa reevaluating
ChatterBot Delta reevaluating
ChatterBot Kilo reevaluating
ChatterBot Tango reevaluating
ChatterBot Papa reevaluating
ChatterBot Delta reevaluating
ChatterBot Kilo reevaluating
ChatterBot Echo reevaluating
ChatterBot Echo round 2
ChatterBot Zulu round 2
ChatterBot X-ray round 2
2024-10-14 21:17:33.879978 Mike: We should add X-ray
ChatterBot Uniform reevaluating
ChatterBot Zulu reevaluating
2024-10-14 21:17:33.890125 Uniform: Yes
2024-10-14 21:17:33.890396 Zulu: Yes
ChatterBot Zulu reevaluating
ChatterBot Uniform reevaluating
ChatterBot Tango round 2
2024-10-14 21:17:33.920314 Lima: X-ray we want you to join our group
ChatterBot X-ray reevaluating
2024-10-14 21:17:33.925339 X-ray: No
ChatterBot Papa reevaluating
ChatterBot Delta reevaluating
ChatterBot Kilo reevaluating
ChatterBot Echo reevaluating
ChatterBot Tango reevaluating
2024-10-14 21:17:33.957590 X-ray: Friends?
2024-10-14 21:17:33.958051 Echo: We should replace Zulu with X-ray
2024-10-14 21:17:33.958885 Tango: We should replace Zulu with X-ray
ChatterBot Uniform reevaluating
ChatterBot Zulu reevaluating
2024-10-14 21:17:33.969275 Uniform: Yes
2024-10-14 21:17:33.969472 Zulu: No
ChatterBot Papa reevaluating
ChatterBot Delta reevaluating
ChatterBot Kilo reevaluating
ChatterBot Tango reevaluating
2024-10-14 21:17:33.993149 Lima: Yes
2024-10-14 21:17:33.997481 Papa: No
ChatterBot Papa reevaluating
2024-10-14 21:17:34.003160 Delta: No
ChatterBot Delta reevaluating
2024-10-14 21:17:34.008316 Kilo: Yes
ChatterBot Kilo reevaluating
ChatterBot Echo reevaluating
2024-10-14 21:17:34.015211 Tango: Yes
ChatterBot X-ray reevaluating
ChatterBot Zulu reevaluating
2024-10-14 21:17:34.021245 Lima: Yes
2024-10-14 21:17:34.021401 Papa: No
2024-10-14 21:17:34.021542 Delta: Yes
2024-10-14 21:17:34.022192 Kilo: Yes
2024-10-14 21:17:34.022340 Echo: Yes
ChatterBot X-ray reevaluating
ChatterBot Uniform reevaluating
ChatterBot Papa reevaluating
ChatterBot Delta reevaluating
ChatterBot Kilo reevaluating
ChatterBot Echo reevaluating
ChatterBot Tango reevaluating
ChatterBot Delta reevaluating
ChatterBot Kilo reevaluating
ChatterBot Echo reevaluating
ChatterBot Tango reevaluating
ChatterBot Papa reevaluating
ChatterBot Kilo reevaluating
ChatterBot Echo reevaluating
ChatterBot Tango reevaluating
ChatterBot Papa reevaluating
ChatterBot Delta reevaluating
ChatterBot Echo reevaluating
ChatterBot Tango reevaluating
ChatterBot Papa reevaluating
ChatterBot Delta reevaluating
ChatterBot Kilo reevaluating
ChatterBot Echo reevaluating
ChatterBot Papa reevaluating
ChatterBot Delta reevaluating
ChatterBot Kilo reevaluating
ChatterBot Echo reevaluating
ChatterBot Tango reevaluating
ChatterBot Delta reevaluating
ChatterBot Kilo reevaluating
ChatterBot Echo reevaluating
ChatterBot Tango reevaluating
ChatterBot Papa reevaluating
ChatterBot Kilo reevaluating
ChatterBot Echo reevaluating
ChatterBot Tango reevaluating
ChatterBot Papa reevaluating
ChatterBot Delta reevaluating
ChatterBot Echo reevaluating
ChatterBot Tango reevaluating
ChatterBot Papa reevaluating
ChatterBot Delta reevaluating
ChatterBot Kilo reevaluating
ChatterBot Tango reevaluating
2024-10-14 21:17:34.205518 Mike: X-ray we want you to join our group
ChatterBot X-ray reevaluating
2024-10-14 21:17:34.208553 X-ray: Yes
ChatterBot Uniform reevaluating
ChatterBot Zulu reevaluating
2024-10-14 21:17:34.221571 Papa: We should drop Zulu
ChatterBot Kilo reevaluating
2024-10-14 21:17:34.235340 Lima: Yes
2024-10-14 21:17:34.235497 Delta: Yes
2024-10-14 21:17:34.235622 Kilo: Yes
2024-10-14 21:17:34.235734 Echo: Yes
2024-10-14 21:17:34.235837 Tango: Yes
ChatterBot Kilo reevaluating
ChatterBot Tango reevaluating
ChatterBot Kilo reevaluating
ChatterBot Tango reevaluating
ChatterBot Tango reevaluating
ChatterBot Kilo reevaluating
ChatterBot Tango reevaluating
ChatterBot Papa reevaluating
ChatterBot Kilo reevaluating
2024-10-14 21:17:34.302315 Delta: X-ray we want you to join our group
2024-10-14 21:17:34.305276 X-ray: No
ChatterBot Papa reevaluating
ChatterBot Tango reevaluating
2024-10-14 21:17:34.328268 Uniform: X-ray we want you to join our group
2024-10-14 21:17:34.332955 X-ray: Yes
2024-10-14 21:17:34.345143 Echo: X-ray we want you to join our group
2024-10-14 21:17:34.350054 X-ray: No
ChatterBot Papa reevaluating
ChatterBot Tango reevaluating
2024-10-14 21:17:34.378099 Kilo: X-ray we want you to join our group
2024-10-14 21:17:34.382460 X-ray: No
ChatterBot Papa reevaluating
ChatterBot Tango reevaluating
2024-10-14 21:17:34.446222 Lima: Papa and Kilo, sending you 2
2024-10-14 21:17:34.447179 Mike: Uniform and Zulu, sending you 7
2024-10-14 21:17:34.447681 Zulu: Uniform, sending you 7
2024-10-14 21:17:34.448094 X-ray: Uniform, sending you 7
2024-10-14 21:17:34.450001 Tango: X-ray we want you to join our group
2024-10-14 21:17:34.472423 X-ray: No
2024-10-14 21:17:34.537298 Lima: Delta and Echo, sending you 4
chatterbot Lima submitting transactions
2024-10-14 21:17:34.538365 Zulu: Mike, sending you 9
2024-10-14 21:17:34.539443 Mike: X-ray, sending you 5
2024-10-14 21:17:34.540026 X-ray: Mike and Zulu, sending you 6
2024-10-14 21:17:34.541211 Echo: Papa and X-ray, sending you 2
2024-10-14 21:17:34.541760 Lima: X-ray, sending you 3
2024-10-14 21:17:35.032308 Kilo: Papa, Lima, Echo, X-ray and Tango, sending you 3
2024-10-14 21:17:35.032743 Uniform: Mike and X-ray, sending you 3
2024-10-14 21:17:35.032997 Delta: Papa, sending you 1
2024-10-14 21:17:35.033287 Echo: Delta, Lima and Tango, sending you 3
2024-10-14 21:17:35.033965 Lima: Tango, sending you 1
chatterbot X-ray submitting transactions
chatterbot Echo submitting transactions
chatterbot Delta submitting transactions
2024-10-14 21:17:35.231350 Uniform: Zulu, sending you 4
2024-10-14 21:17:35.231856 Echo: Kilo, sending you 4
2024-10-14 21:17:35.232785 Kilo: Delta, sending you 5
2024-10-14 21:17:35.233238 Delta: Lima and Tango, sending you 3
2024-10-14 21:17:35.234279 Tango: Papa, sending you 3
chatterbot Uniform submitting transactions
chatterbot Mike submitting transactions
2024-10-14 21:17:35.322309 Tango: Delta, sending you 2
2024-10-14 21:17:35.322762 Delta: Kilo and X-ray, sending you 2
2024-10-14 21:17:35.323556 Papa: Delta, sending you 3
chatterbot Zulu submitting transactions
2024-10-14 21:17:35.445646 Tango: Lima, Kilo, Echo and X-ray, sending you 1
2024-10-14 21:17:35.446308 Delta: Echo, sending you 5
2024-10-14 21:17:35.446850 Papa: Lima, sending you 4
chatterbot Tango submitting transactions
2024-10-14 21:17:35.511248 Papa: Kilo, sending you 2
2024-10-14 21:17:35.524909 Papa: Echo and Tango, sending you 1
chatterbot Papa submitting transactions
chatterbot Kilo submitting transactions
ChatterBot Uniform round 3
ChatterBot Papa round 3
ChatterBot Delta round 3
ChatterBot Lima round 3
ChatterBot Mike round 3
ChatterBot Kilo round 3
ChatterBot Echo round 3
ChatterBot Zulu round 3
ChatterBot X-ray round 3
ChatterBot Tango round 3
2024-10-14 21:17:36.057978 Zulu: We should replace Uniform with X-ray
2024-10-14 21:17:36.061328 Mike: No
2024-10-14 21:17:36.068545 Delta: We should drop X-ray
2024-10-14 21:17:36.085607 Lima: Yes
2024-10-14 21:17:36.085827 Papa: Yes
2024-10-14 21:17:36.086519 Kilo: Yes
2024-10-14 21:17:36.086688 Echo: Yes
2024-10-14 21:17:36.086803 Tango: Yes
ChatterBot Echo reevaluating
ChatterBot Lima reevaluating
ChatterBot Echo reevaluating
ChatterBot Lima reevaluating
ChatterBot Echo reevaluating
ChatterBot Lima reevaluating
ChatterBot Lima reevaluating
ChatterBot Echo reevaluating
2024-10-14 21:17:36.153511 Zulu: X-ray we want you to join our group
2024-10-14 21:17:36.156489 X-ray: Yes
2024-10-14 21:17:36.161408 Papa: Delta, Kilo, Echo and Tango, sending you 2
2024-10-14 21:17:36.164685 Mike: Uniform and X-ray, sending you 5
2024-10-14 21:17:36.166265 Papa: Lima, sending you 3
2024-10-14 21:17:36.167882 X-ray: Uniform, sending you 8
2024-10-14 21:17:36.168902 Mike: Zulu, sending you 9
2024-10-14 21:17:36.171079 Delta: Papa, sending you 2
2024-10-14 21:17:36.171671 X-ray: Mike, sending you 6
2024-10-14 21:17:36.174024 Uniform: Mike and X-ray, sending you 3
2024-10-14 21:17:36.174361 Delta: Lima and Tango, sending you 3
2024-10-14 21:17:36.176660 Uniform: Zulu, sending you 4
2024-10-14 21:17:36.179675 Delta: Kilo and Echo, sending you 4
2024-10-14 21:17:36.184182 Tango: Papa, Delta, Kilo and Echo, sending you 2
2024-10-14 21:17:36.189445 Zulu: Mike, sending you 9
2024-10-14 21:17:36.189796 Echo: Papa, sending you 2
2024-10-14 21:17:36.193964 Tango: Lima, sending you 1
2024-10-14 21:17:36.194408 Kilo: Sending you each 4
2024-10-14 21:17:36.195364 Lima: Papa and Kilo, sending you 3
2024-10-14 21:17:36.195785 Zulu: X-ray, sending you 7
2024-10-14 21:17:36.197667 Echo: Delta, Lima and Kilo, sending you 4
2024-10-14 21:17:36.203445 Lima: Delta and Echo, sending you 4
2024-10-14 21:17:36.203951 Echo: Tango, sending you 3
2024-10-14 21:17:36.206704 Lima: Tango, sending you 2
chatterbot Mike submitting transactions
chatterbot Papa submitting transactions
chatterbot Uniform submitting transactions
chatterbot X-ray submitting transactions
chatterbot Tango submitting transactions
chatterbot Zulu submitting transactions
chatterbot Delta submitting transactions
chatterbot Kilo submitting transactions
chatterbot Lima submitting transactions
chatterbot Echo submitting transactions
ChatterBot Uniform round 4
ChatterBot Papa round 4
ChatterBot Delta round 4
ChatterBot Lima round 4
ChatterBot Mike round 4
ChatterBot Kilo round 4
ChatterBot Echo round 4
ChatterBot Zulu round 4
ChatterBot X-ray round 4
ChatterBot Tango round 4
2024-10-14 21:17:37.493673 Delta: Papa, sending you 1
2024-10-14 21:17:37.497028 Kilo: Same as last round
2024-10-14 21:17:37.497683 Lima: Papa and Kilo, sending you 3
2024-10-14 21:17:37.498815 Delta: Lima, Kilo and Echo, sending you 4
2024-10-14 21:17:37.500695 Mike: Uniform and X-ray, sending you 5
2024-10-14 21:17:37.501975 Papa: Delta, Kilo, Echo and Tango, sending you 2
2024-10-14 21:17:37.502886 Delta: Tango, sending you 3
2024-10-14 21:17:37.503989 Lima: Delta and Echo, sending you 4
2024-10-14 21:17:37.504770 Uniform: Mike and X-ray, sending you 3
2024-10-14 21:17:37.505823 Echo: Papa, sending you 2
2024-10-14 21:17:37.506400 Mike: Zulu, sending you 9
2024-10-14 21:17:37.507326 Papa: Lima, sending you 3
2024-10-14 21:17:37.509089 Lima: Tango, sending you 2
2024-10-14 21:17:37.510659 Uniform: Zulu, sending you 4
2024-10-14 21:17:37.511108 Zulu: Mike, sending you 10
2024-10-14 21:17:37.511421 Echo: Delta, Lima and Kilo, sending you 4
2024-10-14 21:17:37.512360 X-ray: Uniform, sending you 5
2024-10-14 21:17:37.514667 Zulu: X-ray, sending you 6
2024-10-14 21:17:37.515019 Echo: Tango, sending you 3
2024-10-14 21:17:37.516680 X-ray: Mike and Zulu, sending you 6
2024-10-14 21:17:37.518973 Tango: Papa, Delta, Kilo and Echo, sending you 2
2024-10-14 21:17:37.523679 Tango: Lima, sending you 1
chatterbot Echo submitting transactions
chatterbot Delta submitting transactions
chatterbot Zulu submitting transactions
chatterbot X-ray submitting transactions
chatterbot Papa submitting transactions
chatterbot Uniform submitting transactions
chatterbot Lima submitting transactions
chatterbot Kilo submitting transactions
chatterbot Tango submitting transactions
chatterbot Mike submitting transactions
ChatterBot Uniform round 5
ChatterBot Papa round 5
ChatterBot Delta round 5
ChatterBot Lima round 5
ChatterBot Mike round 5
ChatterBot Kilo round 5
ChatterBot Echo round 5
ChatterBot Zulu round 5
ChatterBot X-ray round 5
ChatterBot Tango round 5
2024-10-14 21:17:38.645880 Kilo: Same as last round
2024-10-14 21:17:38.657671 Lima: Papa and Kilo, sending you 3
2024-10-14 21:17:38.659006 Papa: Delta, Lima, Echo and Tango, sending you 2
2024-10-14 21:17:38.659656 Delta: Papa, sending you 1
2024-10-14 21:17:38.660787 Mike: Uniform, sending you 5
2024-10-14 21:17:38.663179 Lima: Delta and Echo, sending you 4
2024-10-14 21:17:38.664028 Papa: Kilo, sending you 3
2024-10-14 21:17:38.665147 Mike: Zulu, sending you 8
2024-10-14 21:17:38.665569 Uniform: Mike and X-ray, sending you 3
2024-10-14 21:17:38.666082 Delta: Lima, Kilo and Echo, sending you 4
2024-10-14 21:17:38.667478 Zulu: Mike, sending you 9
2024-10-14 21:17:38.667857 X-ray: Uniform, sending you 5
2024-10-14 21:17:38.668938 Echo: Papa, Kilo and Tango, sending you 3
2024-10-14 21:17:38.669621 Lima: Tango, sending you 2
2024-10-14 21:17:38.670939 Mike: X-ray, sending you 6
2024-10-14 21:17:38.671477 Uniform: Zulu, sending you 4
2024-10-14 21:17:38.672388 Delta: Tango, sending you 3
2024-10-14 21:17:38.673070 Zulu: X-ray, sending you 7
2024-10-14 21:17:38.673413 Echo: Delta and Lima, sending you 4
2024-10-14 21:17:38.674631 X-ray: Mike, sending you 6
2024-10-14 21:17:38.676019 Tango: Papa, Delta, Kilo and Echo, sending you 2
2024-10-14 21:17:38.679742 X-ray: Zulu, sending you 7
2024-10-14 21:17:38.680704 Tango: Lima, sending you 1
chatterbot Lima submitting transactions
chatterbot Papa submitting transactions
chatterbot Kilo submitting transactions
chatterbot Mike submitting transactions
chatterbot Uniform submitting transactions
chatterbot Echo submitting transactions
chatterbot Delta submitting transactions
chatterbot Zulu submitting transactions
chatterbot Tango submitting transactions
chatterbot X-ray submitting transactions
ChatterBot Uniform round 6
ChatterBot Papa round 6
ChatterBot Delta round 6
ChatterBot Lima round 6
ChatterBot Mike round 6
ChatterBot Kilo round 6
ChatterBot Echo round 6
ChatterBot Zulu round 6
ChatterBot X-ray round 6
ChatterBot Tango round 6
2024-10-14 21:17:39.821673 Papa: Delta, Lima, Echo and Tango, sending you 2
2024-10-14 21:17:39.825701 Papa: Kilo, sending you 3
2024-10-14 21:17:39.829132 Lima: Papa and Kilo, sending you 3
2024-10-14 21:17:39.830020 X-ray: Uniform, sending you 5
2024-10-14 21:17:39.830476 Uniform: Mike and Zulu, sending you 4
2024-10-14 21:17:39.831708 Delta: Papa, sending you 1
2024-10-14 21:17:39.834147 Lima: Delta and Echo, sending you 4
2024-10-14 21:17:39.834843 X-ray: Mike and Zulu, sending you 6
2024-10-14 21:17:39.835250 Mike: Uniform, sending you 4
2024-10-14 21:17:39.835531 Kilo: Same as last round
2024-10-14 21:17:39.836782 Delta: Lima, Kilo and Echo, sending you 4
2024-10-14 21:17:39.837238 Uniform: X-ray, sending you 3
2024-10-14 21:17:39.837667 Echo: Papa, Kilo and Tango, sending you 3
2024-10-14 21:17:39.838680 Lima: Tango, sending you 2
2024-10-14 21:17:39.839841 Mike: Zulu, sending you 8
2024-10-14 21:17:39.840691 Delta: Tango, sending you 3
2024-10-14 21:17:39.841714 Zulu: Mike, sending you 9
2024-10-14 21:17:39.842679 Echo: Delta and Lima, sending you 4
2024-10-14 21:17:39.844198 Mike: X-ray, sending you 6
2024-10-14 21:17:39.844791 Zulu: X-ray, sending you 7
2024-10-14 21:17:39.848064 Tango: Papa, Delta, Kilo and Echo, sending you 2
2024-10-14 21:17:39.852692 Tango: Lima, sending you 1
chatterbot Uniform submitting transactions
chatterbot Zulu submitting transactions
chatterbot Echo submitting transactions
chatterbot Papa submitting transactions
chatterbot Kilo submitting transactions
chatterbot X-ray submitting transactions
chatterbot Delta submitting transactions
chatterbot Tango submitting transactions
chatterbot Lima submitting transactions
chatterbot Mike submitting transactions
ChatterBot Uniform round 7
ChatterBot Papa round 7
ChatterBot Delta round 7
ChatterBot Lima round 7
ChatterBot Mike round 7
ChatterBot Kilo round 7
ChatterBot Echo round 7
ChatterBot Zulu round 7
ChatterBot X-ray round 7
ChatterBot Tango round 7
2024-10-14 21:17:41.085674 Mike: Uniform, sending you 5
2024-10-14 21:17:41.088692 Mike: Zulu, sending you 8
2024-10-14 21:17:41.091780 X-ray: Uniform, sending you 5
2024-10-14 21:17:41.093675 Mike: X-ray, sending you 6
2024-10-14 21:17:41.095691 Tango: Papa, Delta, Kilo and Echo, sending you 2
2024-10-14 21:17:41.096678 X-ray: Mike and Zulu, sending you 6
2024-10-14 21:17:41.096997 Papa: Delta, Lima, Echo and Tango, sending you 2
2024-10-14 21:17:41.098005 Kilo: Same as last round
2024-10-14 21:17:41.098731 Lima: Sending you each 1
2024-10-14 21:17:41.099375 Tango: Lima, sending you 1
2024-10-14 21:17:41.100045 Papa: Kilo, sending you 3
2024-10-14 21:17:41.100698 Delta: Papa, sending you 1
2024-10-14 21:17:41.102698 Uniform: Sending you each 4
2024-10-14 21:17:41.103072 Echo: Papa, Kilo and Tango, sending you 3
2024-10-14 21:17:41.104087 Zulu: Mike, sending you 9
2024-10-14 21:17:41.104700 Delta: Lima, Kilo and Echo, sending you 4
2024-10-14 21:17:41.106670 Echo: Delta and Lima, sending you 4
2024-10-14 21:17:41.107686 Delta: Tango, sending you 3
2024-10-14 21:17:41.108790 Zulu: X-ray, sending you 7
chatterbot Mike submitting transactions
chatterbot Lima submitting transactions
chatterbot Delta submitting transactions
chatterbot Kilo submitting transactions
chatterbot Zulu submitting transactions
chatterbot X-ray submitting transactions
chatterbot Uniform submitting transactions
chatterbot Papa submitting transactions
chatterbot Tango submitting transactions
chatterbot Echo submitting transactions
ChatterBot Uniform round 8
ChatterBot Papa round 8
ChatterBot Delta round 8
ChatterBot Lima round 8
ChatterBot Mike round 8
ChatterBot Kilo round 8
ChatterBot Echo round 8
ChatterBot Zulu round 8
ChatterBot X-ray round 8
ChatterBot Tango round 8
2024-10-14 21:17:42.379756 Mike: Uniform, sending you 4
2024-10-14 21:17:42.384725 Mike: Zulu, sending you 7
2024-10-14 21:17:42.389149 Echo: Papa, Lima, Kilo and Tango, sending you 3
2024-10-14 21:17:42.389906 Mike: X-ray, sending you 5
2024-10-14 21:17:42.390293 Mike: I was attacked by Lima
ChatterBot Uniform reevaluating
ChatterBot Zulu reevaluating
ChatterBot X-ray reevaluating
2024-10-14 21:17:42.399939 Mike: Ow
2024-10-14 21:17:42.400831 Zulu: We should replace X-ray with Uniform
2024-10-14 21:17:42.401068 X-ray: We should add Delta
ChatterBot Uniform reevaluating
ChatterBot Zulu reevaluating
2024-10-14 21:17:42.412195 Mike: No
2024-10-14 21:17:42.415246 Uniform: No
2024-10-14 21:17:42.415819 Zulu: No
2024-10-14 21:17:42.415949 Mike: No
ChatterBot Zulu reevaluating
ChatterBot X-ray reevaluating
ChatterBot Zulu reevaluating
ChatterBot Uniform reevaluating
ChatterBot X-ray reevaluating
ChatterBot Uniform reevaluating
ChatterBot X-ray reevaluating
ChatterBot Zulu reevaluating
2024-10-14 21:17:42.445238 Tango: Papa, Delta, Kilo and Echo, sending you 2
2024-10-14 21:17:42.446313 Echo: Delta, sending you 5
2024-10-14 21:17:42.447701 Lima: Papa and Kilo, sending you 3
2024-10-14 21:17:42.448980 Kilo: Same as last round
2024-10-14 21:17:42.449731 Tango: Lima, sending you 1
2024-10-14 21:17:42.451702 Papa: Delta, Lima, Echo and Tango, sending you 2
2024-10-14 21:17:42.452851 Delta: Papa, sending you 2
2024-10-14 21:17:42.453499 Lima: Delta and Echo, sending you 4
2024-10-14 21:17:42.455659 Papa: Kilo, sending you 3
2024-10-14 21:17:42.456269 Delta: Lima and Tango, sending you 3
2024-10-14 21:17:42.458678 Lima: Tango, sending you 2
2024-10-14 21:17:42.459831 Delta: Kilo and Echo, sending you 4
2024-10-14 21:17:42.464 Zulu: Mike, sending you 9
2024-10-14 21:17:42.469685 Zulu: X-ray, sending you 7
chatterbot Mike submitting transactions
chatterbot Lima submitting transactions
chatterbot Tango submitting transactions
chatterbot Echo submitting transactions
chatterbot Delta submitting transactions
chatterbot Kilo submitting transactions
chatterbot Uniform submitting transactions
chatterbot X-ray submitting transactions
chatterbot Zulu submitting transactions
chatterbot Papa submitting transactions
ChatterBot Uniform round 9
ChatterBot Papa round 9
ChatterBot Delta round 9
ChatterBot Lima round 9
ChatterBot Mike round 9
ChatterBot Kilo round 9
ChatterBot Echo round 9
ChatterBot Zulu round 9
ChatterBot X-ray round 9
ChatterBot Tango round 9
2024-10-14 21:17:43.544937 X-ray: We should add Kilo
ChatterBot Uniform reevaluating
ChatterBot Zulu reevaluating
2024-10-14 21:17:43.552716 Mike: No
2024-10-14 21:17:43.552848 Uniform: No
2024-10-14 21:17:43.552961 Zulu: No
ChatterBot Uniform reevaluating
ChatterBot Zulu reevaluating
ChatterBot X-ray reevaluating
ChatterBot Zulu reevaluating
ChatterBot X-ray reevaluating
ChatterBot Uniform reevaluating
ChatterBot X-ray reevaluating
2024-10-14 21:17:43.593704 Lima: Papa and Kilo, sending you 3
2024-10-14 21:17:43.594842 Mike: Uniform and X-ray, sending you 5
2024-10-14 21:17:43.595281 Echo: Papa, Lima, Kilo and Tango, sending you 3
2024-10-14 21:17:43.596694 Papa: Delta, Lima, Echo and Tango, sending you 2
2024-10-14 21:17:43.597930 Mike: Zulu, sending you 8
2024-10-14 21:17:43.598698 Lima: Delta and Echo, sending you 4
2024-10-14 21:17:43.599415 Kilo: Same as last round
2024-10-14 21:17:43.600599 Delta: Papa, sending you 2
2024-10-14 21:17:43.601289 Echo: Delta, sending you 5
2024-10-14 21:17:43.602124 Lima: Tango, sending you 2
2024-10-14 21:17:43.602980 Papa: Kilo, sending you 3
2024-10-14 21:17:43.604681 Delta: Lima and Echo, sending you 4
2024-10-14 21:17:43.605541 Zulu: Mike, sending you 9
2024-10-14 21:17:43.605920 Tango: Papa, Delta, Kilo and Echo, sending you 2
2024-10-14 21:17:43.608703 Delta: Kilo and Tango, sending you 3
2024-10-14 21:17:43.609671 Tango: Lima, sending you 1
2024-10-14 21:17:43.610842 Zulu: X-ray, sending you 7
chatterbot Lima submitting transactions
chatterbot Echo submitting transactions
chatterbot Tango submitting transactions
chatterbot Delta submitting transactions
chatterbot X-ray submitting transactions
chatterbot Papa submitting transactions
chatterbot Mike submitting transactions
chatterbot Kilo submitting transactions
chatterbot Zulu submitting transactions
chatterbot Uniform submitting transactions
ChatterBot Uniform round 10
ChatterBot Papa round 10
ChatterBot Delta round 10
ChatterBot Lima round 10
ChatterBot Mike round 10
ChatterBot Kilo round 10
ChatterBot Echo round 10
ChatterBot Zulu round 10
ChatterBot X-ray round 10
ChatterBot Tango round 10
2024-10-14 21:17:44.838920 Delta: We should drop Tango
2024-10-14 21:17:44.851556 Papa: No
2024-10-14 21:17:44.852495 Lima: No
2024-10-14 21:17:44.852719 Kilo: No
2024-10-14 21:17:44.852883 Echo: No
ChatterBot Delta reevaluating
ChatterBot Delta reevaluating
ChatterBot Delta reevaluating
2024-10-14 21:17:44.902666 Papa: Delta, Lima, Echo and Tango, sending you 2
2024-10-14 21:17:44.904125 Echo: Papa, Lima, Kilo and Tango, sending you 3
2024-10-14 21:17:44.906675 Papa: Kilo, sending you 3
2024-10-14 21:17:44.908736 Echo: Delta, sending you 5
2024-10-14 21:17:44.910707 Lima: Papa, Kilo and Echo, sending you 3
2024-10-14 21:17:44.914918 Lima: Delta, sending you 5
2024-10-14 21:17:44.920672 Lima: Tango, sending you 2
2024-10-14 21:17:44.922118 Tango: Papa, Delta, Kilo and Echo, sending you 2
2024-10-14 21:17:44.923272 Mike: Uniform, sending you 5
2024-10-14 21:17:44.924485 Kilo: Same as last round
2024-10-14 21:17:44.925432 Zulu: Mike, sending you 9
2024-10-14 21:17:44.925983 Tango: Lima, sending you 1
2024-10-14 21:17:44.928680 Mike: Zulu, sending you 8
2024-10-14 21:17:44.929326 Zulu: X-ray, sending you 7
2024-10-14 21:17:44.930678 Delta: Papa, sending you 2
2024-10-14 21:17:44.931841 Mike: X-ray, sending you 6
2024-10-14 21:17:44.935682 Delta: Lima and Echo, sending you 4
2024-10-14 21:17:44.940648 Delta: Kilo and Tango, sending you 3
chatterbot Zulu submitting transactions
chatterbot Kilo submitting transactions
chatterbot Lima submitting transactions
chatterbot Papa submitting transactions
chatterbot Delta submitting transactions
chatterbot Uniform submitting transactions
chatterbot Echo submitting transactions
chatterbot X-ray submitting transactions
chatterbot Mike submitting transactions
chatterbot Tango submitting transactions
ChatterBot Uniform round 11
ChatterBot Papa round 11
ChatterBot Delta round 11
ChatterBot Lima round 11
ChatterBot Mike round 11
ChatterBot Kilo round 11
ChatterBot Echo round 11
ChatterBot Zulu round 11
ChatterBot X-ray round 11
ChatterBot Tango round 11
2024-10-14 21:17:46.125363 X-ray: We should add Tango
ChatterBot Zulu reevaluating
2024-10-14 21:17:46.140137 Mike: No
2024-10-14 21:17:46.140314 Uniform: No
2024-10-14 21:17:46.140490 Zulu: No
ChatterBot Zulu reevaluating
ChatterBot X-ray reevaluating
ChatterBot Zulu reevaluating
ChatterBot X-ray reevaluating
ChatterBot X-ray reevaluating
2024-10-14 21:17:46.189874 Zulu: We should replace Mike with Uniform
ChatterBot X-ray reevaluating
2024-10-14 21:17:46.193358 X-ray: No
ChatterBot Zulu reevaluating
2024-10-14 21:17:46.196992 X-ray: We should add Echo
ChatterBot Zulu reevaluating
2024-10-14 21:17:46.205248 Mike: No
2024-10-14 21:17:46.205400 Uniform: No
2024-10-14 21:17:46.205531 Zulu: No
ChatterBot Zulu reevaluating
ChatterBot X-ray reevaluating
ChatterBot Zulu reevaluating
ChatterBot X-ray reevaluating
ChatterBot X-ray reevaluating
2024-10-14 21:17:46.232661 Mike: Uniform, sending you 4
2024-10-14 21:17:46.233674 Echo: Papa, Lima, Kilo and Tango, sending you 3
2024-10-14 21:17:46.234904 Kilo: Same as last round
2024-10-14 21:17:46.235673 Zulu: Uniform we want you to join our group
2024-10-14 21:17:46.238271 Uniform: Yes
ChatterBot X-ray reevaluating
ChatterBot Zulu reevaluating
2024-10-14 21:17:46.243163 Zulu: We should replace X-ray with Uniform
2024-10-14 21:17:46.245410 Mike: No
ChatterBot Zulu reevaluating
2024-10-14 21:17:46.248020 Papa: Delta, Lima, Echo and Tango, sending you 2
2024-10-14 21:17:46.248567 Delta: Papa, sending you 2
2024-10-14 21:17:46.249071 Tango: Papa, Delta, Kilo and Echo, sending you 2
2024-10-14 21:17:46.249852 Lima: Sending you each 1
2024-10-14 21:17:46.250404 Mike: Zulu, sending you 9
2024-10-14 21:17:46.250698 Echo: Delta, sending you 5
2024-10-14 21:17:46.252663 Papa: Kilo, sending you 3
2024-10-14 21:17:46.254054 Delta: Lima and Echo, sending you 4
2024-10-14 21:17:46.255117 Tango: Lima, sending you 1
2024-10-14 21:17:46.256080 Mike: X-ray, sending you 6
2024-10-14 21:17:46.257668 Delta: Kilo and Tango, sending you 3
2024-10-14 21:17:46.273665 Zulu: Uniform, sending you 7
2024-10-14 21:17:46.276671 Zulu: Mike, sending you 9
chatterbot Uniform submitting transactions
chatterbot Lima submitting transactions
chatterbot Mike submitting transactions
chatterbot Zulu submitting transactions
chatterbot X-ray submitting transactions
chatterbot Tango submitting transactions
chatterbot Papa submitting transactions
chatterbot Echo submitting transactions
chatterbot Delta submitting transactions
chatterbot Kilo submitting transactions
ChatterBot Uniform round 12
ChatterBot Papa round 12
ChatterBot Delta round 12
ChatterBot Lima round 12
ChatterBot Mike round 12
ChatterBot Kilo round 12
ChatterBot Echo round 12
ChatterBot Zulu round 12
ChatterBot X-ray round 12
ChatterBot Tango round 12
2024-10-14 21:17:47.285482 Zulu: We should replace Mike with X-ray
2024-10-14 21:17:47.289916 Uniform: No
2024-10-14 21:17:47.298999 Delta: We should drop Papa
2024-10-14 21:17:47.308424 Lima: No
2024-10-14 21:17:47.308572 Kilo: No
2024-10-14 21:17:47.308704 Echo: No
2024-10-14 21:17:47.308842 Tango: No
ChatterBot Delta reevaluating
ChatterBot Delta reevaluating
ChatterBot Echo reevaluating
ChatterBot Delta reevaluating
ChatterBot Delta reevaluating
ChatterBot Echo reevaluating
2024-10-14 21:17:47.359955 Zulu: X-ray we want you to join our group
ChatterBot X-ray reevaluating
2024-10-14 21:17:47.364236 X-ray: Yes
ChatterBot Uniform reevaluating
2024-10-14 21:17:47.375101 Papa: Delta, Lima, Echo and Tango, sending you 2
2024-10-14 21:17:47.376111 Lima: Same as last round
2024-10-14 21:17:47.378025 Uniform: We should drop Mike
ChatterBot X-ray reevaluating
2024-10-14 21:17:47.385504 X-ray: Yes
2024-10-14 21:17:47.385678 Zulu: Yes
ChatterBot Uniform reevaluating
ChatterBot X-ray reevaluating
ChatterBot Uniform reevaluating
2024-10-14 21:17:47.408579 Kilo: Same as last round
2024-10-14 21:17:47.411382 Mike: Uniform, sending you 4
2024-10-14 21:17:47.413225 Papa: Kilo, sending you 3
2024-10-14 21:17:47.416488 Echo: Papa, Lima, Kilo and Tango, sending you 3
2024-10-14 21:17:47.418349 Mike: Zulu, sending you 9
2024-10-14 21:17:47.419877 Delta: Papa, Lima, Kilo and Tango, sending you 3
2024-10-14 21:17:47.421288 Zulu: Uniform, sending you 7
2024-10-14 21:17:47.422377 Tango: Papa, Delta, Kilo and Echo, sending you 2
2024-10-14 21:17:47.423999 Echo: Delta, sending you 5
2024-10-14 21:17:47.425979 Mike: X-ray, sending you 6
2024-10-14 21:17:47.426885 Delta: Echo, sending you 4
2024-10-14 21:17:47.429103 Zulu: X-ray, sending you 9
2024-10-14 21:17:47.430188 Tango: Lima, sending you 1
chatterbot Mike submitting transactions
chatterbot Zulu submitting transactions
chatterbot Echo submitting transactions
chatterbot Delta submitting transactions
chatterbot Lima submitting transactions
chatterbot Kilo submitting transactions
chatterbot Papa submitting transactions
chatterbot X-ray submitting transactions
chatterbot Tango submitting transactions
chatterbot Uniform submitting transactions
ChatterBot Uniform round 13
ChatterBot Papa round 13
ChatterBot Delta round 13
ChatterBot Lima round 13
ChatterBot Mike round 13
ChatterBot Kilo round 13
ChatterBot Echo round 13
ChatterBot Zulu round 13
ChatterBot X-ray round 13
ChatterBot Tango round 13
2024-10-14 21:17:48.548922 Zulu: We should replace X-ray with Mike
ChatterBot Uniform reevaluating
2024-10-14 21:17:48.552345 Uniform: No
2024-10-14 21:17:48.579385 Zulu: Mike we want you to join our group
2024-10-14 21:17:48.582293 Mike: Yes
ChatterBot Uniform reevaluating
2024-10-14 21:17:48.589472 Delta: We should drop Lima
2024-10-14 21:17:48.601456 Papa: No
2024-10-14 21:17:48.601664 Kilo: No
2024-10-14 21:17:48.601785 Echo: No
2024-10-14 21:17:48.601895 Tango: No
ChatterBot Delta reevaluating
ChatterBot Delta reevaluating
ChatterBot Delta reevaluating
2024-10-14 21:17:48.663133 X-ray: We should drop Mike
ChatterBot Uniform reevaluating
2024-10-14 21:17:48.672186 Uniform: No
2024-10-14 21:17:48.672400 Zulu: No
ChatterBot X-ray reevaluating
ChatterBot X-ray reevaluating
ChatterBot Uniform reevaluating
2024-10-14 21:17:48.689659 Mike: Uniform and X-ray, sending you 5
2024-10-14 21:17:48.690690 Papa: Delta, Lima, Echo and Tango, sending you 2
2024-10-14 21:17:48.691691 Lima: Papa, Kilo and Echo, sending you 3
2024-10-14 21:17:48.693115 Tango: Papa, Delta, Kilo and Echo, sending you 2
2024-10-14 21:17:48.694123 Echo: Papa, Lima, Kilo and Tango, sending you 3
2024-10-14 21:17:48.695597 Kilo: Same as last round
2024-10-14 21:17:48.696570 Mike: Zulu, sending you 9
2024-10-14 21:17:48.697151 Papa: Kilo, sending you 3
2024-10-14 21:17:48.698697 Uniform: We should drop X-ray
2024-10-14 21:17:48.705657 Zulu: Yes
2024-10-14 21:17:48.705838 Mike: Yes
ChatterBot Uniform reevaluating
ChatterBot Uniform reevaluating
2024-10-14 21:17:48.722218 Lima: Delta, sending you 5
2024-10-14 21:17:48.723491 Tango: Lima, sending you 1
2024-10-14 21:17:48.725096 Echo: Delta, sending you 5
2024-10-14 21:17:48.726063 Lima: Tango, sending you 2
2024-10-14 21:17:48.727459 Zulu: Uniform, sending you 7
2024-10-14 21:17:48.729680 Delta: Papa, Lima, Kilo and Tango, sending you 3
2024-10-14 21:17:48.730780 Zulu: Mike, sending you 9
2024-10-14 21:17:48.731704 Zulu: I was attacked by Lima
ChatterBot Uniform reevaluating
ChatterBot Mike reevaluating
2024-10-14 21:17:48.742832 Zulu: Ow
2024-10-14 21:17:48.743826 Delta: Echo, sending you 4
chatterbot Papa submitting transactions
chatterbot Echo submitting transactions
chatterbot Zulu submitting transactions
chatterbot Delta submitting transactions
chatterbot X-ray submitting transactions
chatterbot Uniform submitting transactions
chatterbot Mike submitting transactions
chatterbot Lima submitting transactions
chatterbot Kilo submitting transactions
chatterbot Tango submitting transactions
ChatterBot Uniform round 14
ChatterBot Papa round 14
ChatterBot Delta round 14
ChatterBot Lima round 14
ChatterBot Mike round 14
ChatterBot Kilo round 14
ChatterBot Echo round 14
ChatterBot Zulu round 14
ChatterBot X-ray round 14
ChatterBot Tango round 14
2024-10-14 21:17:49.829228 Zulu: We should replace Uniform with X-ray
2024-10-14 21:17:49.831502 Mike: No
2024-10-14 21:17:49.855915 Zulu: X-ray we want you to join our group
ChatterBot X-ray reevaluating
2024-10-14 21:17:49.860885 X-ray: Yes
2024-10-14 21:17:49.867035 Uniform: We should drop X-ray
2024-10-14 21:17:49.878995 Zulu: Yes
2024-10-14 21:17:49.879169 Mike: Yes
ChatterBot Uniform reevaluating
ChatterBot Uniform reevaluating
2024-10-14 21:17:49.944739 Delta: We should drop Echo
ChatterBot Lima reevaluating
ChatterBot Tango reevaluating
2024-10-14 21:17:49.995148 Papa: No
2024-10-14 21:17:49.995572 Lima: No
2024-10-14 21:17:49.995834 Kilo: No
2024-10-14 21:17:49.996113 Tango: No
ChatterBot Delta reevaluating
ChatterBot Lima reevaluating
ChatterBot Tango reevaluating
ChatterBot Delta reevaluating
ChatterBot Tango reevaluating
ChatterBot Delta reevaluating
ChatterBot Lima reevaluating
ChatterBot Tango reevaluating
ChatterBot Delta reevaluating
ChatterBot Lima reevaluating
2024-10-14 21:17:50.047803 Tango: We should drop Delta
ChatterBot Lima reevaluating
ChatterBot Kilo reevaluating
2024-10-14 21:17:50.069519 Papa: No
2024-10-14 21:17:50.070017 Lima: Yes
2024-10-14 21:17:50.070289 Kilo: Yes
2024-10-14 21:17:50.070643 Echo: No
ChatterBot Tango reevaluating
ChatterBot Lima reevaluating
ChatterBot Kilo reevaluating
ChatterBot Tango reevaluating
ChatterBot Kilo reevaluating
ChatterBot Tango reevaluating
ChatterBot Lima reevaluating
ChatterBot Echo reevaluating
ChatterBot Tango reevaluating
ChatterBot Lima reevaluating
ChatterBot Kilo reevaluating
2024-10-14 21:17:50.131264 Papa: Delta, Lima, Echo and Tango, sending you 2
