ChatterBot Foxtrot round 1
ChatterBot Charlie round 1
ChatterBot Kilo round 1
ChatterBot Oscar round 1
ChatterBot Bravo round 1
ChatterBot November round 1
ChatterBot Romeo round 1
ChatterBot Yankee round 1
ChatterBot Quebec round 1
randomSelections Charlie: {Charlie, Yankee, Bravo, Oscar, Romeo, Foxtrot} 
2024-10-14 17:54:04.591867 Charlie: Can we be friends?
ChatterBot Yankee reevaluating
ChatterBot Bravo reevaluating
ChatterBot Oscar reevaluating
ChatterBot Romeo reevaluating
ChatterBot Foxtrot reevaluating
2024-10-14 17:54:04.621003 Yankee: Yes
2024-10-14 17:54:04.621248 Bravo: Yes
2024-10-14 17:54:04.621474 Oscar: Yes
2024-10-14 17:54:04.621679 Romeo: Yes
2024-10-14 17:54:04.621845 Foxtrot: Yes
ChatterBot Bravo reevaluating
ChatterBot Oscar reevaluating
ChatterBot Romeo reevaluating
ChatterBot Foxtrot reevaluating
ChatterBot Yankee reevaluating
ChatterBot Oscar reevaluating
ChatterBot Romeo reevaluating
ChatterBot Foxtrot reevaluating
ChatterBot Yankee reevaluating
ChatterBot Bravo reevaluating
ChatterBot Romeo reevaluating
ChatterBot Foxtrot reevaluating
ChatterBot Yankee reevaluating
ChatterBot Bravo reevaluating
ChatterBot Oscar reevaluating
ChatterBot Foxtrot reevaluating
ChatterBot Yankee reevaluating
ChatterBot Bravo reevaluating
ChatterBot Oscar reevaluating
ChatterBot Romeo reevaluating
ChatterBot Juliett round 1
randomSelections November: {November, Romeo, Yankee, Quebec, Foxtrot, Juliett} 
2024-10-14 17:54:04.770471 November: Group up?
ChatterBot Romeo reevaluating
ChatterBot Yankee reevaluating
ChatterBot Quebec reevaluating
ChatterBot Foxtrot reevaluating
ChatterBot Juliett reevaluating
2024-10-14 17:54:04.783717 Romeo: No
2024-10-14 17:54:04.783959 Yankee: No
2024-10-14 17:54:04.784781 Quebec: Yes
2024-10-14 17:54:04.785036 Foxtrot: No
2024-10-14 17:54:04.785284 Juliett: Yes
ChatterBot Yankee reevaluating
ChatterBot Quebec reevaluating
ChatterBot Foxtrot reevaluating
ChatterBot Juliett reevaluating
ChatterBot Romeo reevaluating
ChatterBot Quebec reevaluating
ChatterBot Foxtrot reevaluating
ChatterBot Juliett reevaluating
ChatterBot Romeo reevaluating
ChatterBot Yankee reevaluating
ChatterBot Foxtrot reevaluating
ChatterBot Juliett reevaluating
ChatterBot Romeo reevaluating
ChatterBot Yankee reevaluating
ChatterBot Quebec reevaluating
ChatterBot Juliett reevaluating
ChatterBot Romeo reevaluating
ChatterBot Yankee reevaluating
ChatterBot Quebec reevaluating
ChatterBot Foxtrot reevaluating
randomSelections Kilo: {Kilo, Romeo, Juliett, Quebec, Bravo, November, Yankee} 
2024-10-14 17:54:04.853426 Kilo: We should group up
ChatterBot Romeo reevaluating
ChatterBot Juliett reevaluating
ChatterBot Quebec reevaluating
ChatterBot Bravo reevaluating
ChatterBot Yankee reevaluating
2024-10-14 17:54:04.862569 Romeo: No
2024-10-14 17:54:04.862843 Juliett: No
2024-10-14 17:54:04.863081 Quebec: No
2024-10-14 17:54:04.864119 Bravo: No
2024-10-14 17:54:04.864415 November: No
2024-10-14 17:54:04.864820 Yankee: No
ChatterBot Juliett reevaluating
ChatterBot Quebec reevaluating
ChatterBot Bravo reevaluating
ChatterBot Yankee reevaluating
ChatterBot Romeo reevaluating
ChatterBot Quebec reevaluating
ChatterBot Bravo reevaluating
ChatterBot Yankee reevaluating
ChatterBot Romeo reevaluating
ChatterBot Juliett reevaluating
ChatterBot Bravo reevaluating
ChatterBot Yankee reevaluating
ChatterBot Romeo reevaluating
ChatterBot Juliett reevaluating
ChatterBot Quebec reevaluating
ChatterBot Yankee reevaluating
ChatterBot Romeo reevaluating
ChatterBot Juliett reevaluating
ChatterBot Quebec reevaluating
ChatterBot Bravo reevaluating
ChatterBot Yankee reevaluating
ChatterBot Romeo reevaluating
ChatterBot Juliett reevaluating
ChatterBot Quebec reevaluating
ChatterBot Bravo reevaluating
2024-10-14 17:54:04.974169 Bravo: Foxtrot and Charlie, sending you 1
2024-10-14 17:54:04.975865 November: Foxtrot, Romeo and Quebec, sending you 4
2024-10-14 17:54:04.976703 Kilo: Bravo, sending you 2
2024-10-14 17:54:04.977759 Bravo: Romeo, sending you 5
2024-10-14 17:54:04.978119 Foxtrot: Charlie and Bravo, sending you 3
2024-10-14 17:54:04.979247 Yankee: Foxtrot, sending you 6
2024-10-14 17:54:04.979774 November: Yankee and Juliett, sending you 2
2024-10-14 17:54:04.981494 Charlie: Foxtrot, sending you 5
2024-10-14 17:54:04.981892 Oscar: Foxtrot and Bravo, sending you 3
2024-10-14 17:54:04.982738 Kilo: November, Quebec and Juliett, sending you 1
2024-10-14 17:54:04.983080 Romeo: Foxtrot, sending you 5
2024-10-14 17:54:04.983401 Foxtrot: Romeo and Yankee, sending you 4
2024-10-14 17:54:04.984245 Bravo: Yankee, sending you 3
2024-10-14 17:54:04.984652 Yankee: Charlie, sending you 1
2024-10-14 17:54:04.986217 Charlie: Oscar, sending you 4
2024-10-14 17:54:04.987122 Oscar: Charlie, sending you 1
2024-10-14 17:54:04.987566 Romeo: Charlie and Yankee, sending you 3
2024-10-14 17:54:04.988010 Kilo: Romeo, sending you 3
2024-10-14 17:54:04.988952 Quebec: Foxtrot, Yankee and Juliett, sending you 4
2024-10-14 17:54:04.989372 Juliett: Foxtrot and Romeo, sending you 1
2024-10-14 17:54:04.990466 Yankee: Oscar, Bravo and Romeo, sending you 3
2024-10-14 17:54:04.990882 Charlie: Romeo, sending you 1
2024-10-14 17:54:04.992142 Oscar: Romeo, sending you 5
2024-10-14 17:54:04.992735 Kilo: Yankee, sending you 6
2024-10-14 17:54:04.993923 Romeo: Oscar, sending you 2
2024-10-14 17:54:04.994478 Quebec: November, sending you 3
2024-10-14 17:54:04.995601 Juliett: November, sending you 5
2024-10-14 17:54:04.996012 Charlie: Yankee, sending you 2
2024-10-14 17:54:04.997210 Romeo: Bravo, sending you 4
2024-10-14 17:54:04.997723 Oscar: Yankee, sending you 2
2024-10-14 17:54:05.000706 Quebec: Romeo, sending you 1
2024-10-14 17:54:05.001001 Juliett: Quebec, sending you 2
chatterbot Charlie submitting transactions
chatterbot Yankee submitting transactions
chatterbot Romeo submitting transactions
chatterbot Quebec submitting transactions
chatterbot Kilo submitting transactions
chatterbot Oscar submitting transactions
chatterbot Foxtrot submitting transactions
chatterbot Bravo submitting transactions
chatterbot Juliett submitting transactions
chatterbot November submitting transactions
ChatterBot Foxtrot round 2
ChatterBot Charlie round 2
ChatterBot Kilo round 2
ChatterBot Oscar round 2
ChatterBot Bravo round 2
ChatterBot November round 2
ChatterBot Romeo round 2
ChatterBot Yankee round 2
ChatterBot Quebec round 2
ChatterBot Juliett round 2
2024-10-14 17:54:05.949760 Kilo: Group up?
ChatterBot November reevaluating
ChatterBot Quebec reevaluating
ChatterBot Juliett reevaluating
2024-10-14 17:54:05.960367 November: No
2024-10-14 17:54:05.960966 Quebec: Yes
2024-10-14 17:54:05.961138 Juliett: Yes
ChatterBot Quebec reevaluating
ChatterBot Juliett reevaluating
ChatterBot November reevaluating
ChatterBot Juliett reevaluating
ChatterBot November reevaluating
ChatterBot Quebec reevaluating
2024-10-14 17:54:05.992590 Quebec: Let's form a team
ChatterBot November reevaluating
ChatterBot Juliett reevaluating
2024-10-14 17:54:06.000847 Kilo: Yes
2024-10-14 17:54:06.000987 November: Yes
2024-10-14 17:54:06.001094 Juliett: Yes
ChatterBot November reevaluating
ChatterBot Quebec reevaluating
ChatterBot Juliett reevaluating
ChatterBot Quebec reevaluating
ChatterBot Juliett reevaluating
ChatterBot November reevaluating
ChatterBot Quebec reevaluating
2024-10-14 17:54:06.042388 Romeo: We should add Kilo
2024-10-14 17:54:06.053766 Charlie: No
2024-10-14 17:54:06.053957 Yankee: No
2024-10-14 17:54:06.054071 Bravo: No
2024-10-14 17:54:06.054178 Oscar: No
2024-10-14 17:54:06.054284 Foxtrot: No
ChatterBot Romeo reevaluating
ChatterBot Romeo reevaluating
ChatterBot Romeo reevaluating
2024-10-14 17:54:06.135711 Bravo: Foxtrot, Oscar, Romeo and Yankee, sending you 3
2024-10-14 17:54:06.143677 Charlie: Foxtrot and Romeo, sending you 3
2024-10-14 17:54:06.144705 Foxtrot: Charlie and Romeo, sending you 3
2024-10-14 17:54:06.145800 Juliett: Kilo, sending you 2
2024-10-14 17:54:06.152157 Charlie: Oscar, Bravo and Yankee, sending you 2
2024-10-14 17:54:06.153209 Foxtrot: Oscar and Bravo, sending you 2
2024-10-14 17:54:06.153529 Juliett: November, sending you 3
2024-10-14 17:54:06.156300 Quebec: Kilo, sending you 3
2024-10-14 17:54:06.156738 Kilo: November and Quebec, sending you 6
2024-10-14 17:54:06.157559 Foxtrot: Yankee, sending you 4
2024-10-14 17:54:06.158125 Yankee: Foxtrot, sending you 4
2024-10-14 17:54:06.159132 November: Kilo, sending you 4
2024-10-14 17:54:06.159633 Oscar: Foxtrot and Bravo, sending you 1
2024-10-14 17:54:06.160670 Juliett: Quebec, sending you 4
2024-10-14 17:54:06.161078 Romeo: Foxtrot and Oscar, sending you 4
2024-10-14 17:54:06.162005 Quebec: November and Juliett, sending you 5
2024-10-14 17:54:06.162362 Kilo: Juliett, sending you 5
2024-10-14 17:54:06.162778 Yankee: Charlie, Oscar, Bravo and Romeo, sending you 3
2024-10-14 17:54:06.163739 November: Quebec and Juliett, sending you 5
2024-10-14 17:54:06.192310 Oscar: Charlie, sending you 6
2024-10-14 17:54:06.193262 Romeo: Charlie, sending you 1
2024-10-14 17:54:07.984883 Oscar: Romeo, sending you 3
2024-10-14 17:54:07.986033 Romeo: Bravo, sending you 5
chatterbot Bravo submitting transactions
2024-10-14 17:54:07.994580 Romeo: Yankee, sending you 3
2024-10-14 17:54:07.995149 Oscar: Yankee, sending you 5
chatterbot Quebec submitting transactions
chatterbot Charlie submitting transactions
chatterbot Kilo submitting transactions
chatterbot Yankee submitting transactions
chatterbot Foxtrot submitting transactions
chatterbot November submitting transactions
chatterbot Romeo submitting transactions
chatterbot Juliett submitting transactions
chatterbot Oscar submitting transactions
ChatterBot Foxtrot round 3
ChatterBot Charlie round 3
ChatterBot Kilo round 3
ChatterBot Oscar round 3
ChatterBot Bravo round 3
ChatterBot November round 3
ChatterBot Romeo round 3
ChatterBot Yankee round 3
ChatterBot Quebec round 3
ChatterBot Juliett round 3
2024-10-14 17:54:08.966101 Oscar: Foxtrot, sending you 2
2024-10-14 17:54:08.968672 Charlie: Foxtrot, sending you 3
2024-10-14 17:54:08.969272 Oscar: Charlie and Bravo, sending you 3
2024-10-14 17:54:08.969710 Kilo: November, sending you 7
2024-10-14 17:54:08.970021 Foxtrot: Charlie and Romeo, sending you 3
2024-10-14 17:54:08.972679 Bravo: Foxtrot, Charlie and Oscar, sending you 2
2024-10-14 17:54:08.973843 Charlie: Oscar, sending you 4
2024-10-14 17:54:08.974300 Oscar: Romeo and Yankee, sending you 4
2024-10-14 17:54:08.974757 Foxtrot: Oscar and Bravo, sending you 2
2024-10-14 17:54:08.975281 Kilo: Quebec, sending you 6
2024-10-14 17:54:08.976680 Yankee: Foxtrot, sending you 5
2024-10-14 17:54:08.977669 Bravo: Romeo and Yankee, sending you 3
2024-10-14 17:54:08.978203 Quebec: Kilo and November, sending you 4
2024-10-14 17:54:08.978952 Kilo: Juliett, sending you 4
2024-10-14 17:54:08.979290 Charlie: Bravo, sending you 1
2024-10-14 17:54:08.979694 Foxtrot: Yankee, sending you 4
2024-10-14 17:54:08.980190 November: Kilo, sending you 4
2024-10-14 17:54:08.980487 Romeo: Foxtrot, Oscar, Bravo and Yankee, sending you 4
2024-10-14 17:54:08.981665 Yankee: Charlie, sending you 2
2024-10-14 17:54:08.984014 Quebec: Juliett, sending you 5
2024-10-14 17:54:08.984351 Charlie: Romeo and Yankee, sending you 2
2024-10-14 17:54:08.984849 November: Quebec and Juliett, sending you 5
2024-10-14 17:54:08.985160 Romeo: Charlie, sending you 2
2024-10-14 17:54:08.985668 Yankee: Oscar, Bravo and Romeo, sending you 3
2024-10-14 17:54:08.986804 Juliett: Sending you each 3
chatterbot Oscar submitting transactions
chatterbot Kilo submitting transactions
chatterbot Juliett submitting transactions
chatterbot Charlie submitting transactions
chatterbot November submitting transactions
chatterbot Yankee submitting transactions
chatterbot Romeo submitting transactions
chatterbot Foxtrot submitting transactions
chatterbot Bravo submitting transactions
chatterbot Quebec submitting transactions
ChatterBot Foxtrot round 4
ChatterBot Charlie round 4
ChatterBot Kilo round 4
ChatterBot Oscar round 4
ChatterBot Bravo round 4
ChatterBot November round 4
ChatterBot Romeo round 4
ChatterBot Yankee round 4
ChatterBot Quebec round 4
ChatterBot Juliett round 4
2024-10-14 17:54:10.237731 Foxtrot: Charlie and Romeo, sending you 3
2024-10-14 17:54:10.238365 Oscar: Foxtrot, sending you 2
2024-10-14 17:54:10.241674 Foxtrot: Oscar and Bravo, sending you 2
2024-10-14 17:54:10.242207 Oscar: Charlie and Bravo, sending you 3
2024-10-14 17:54:10.245675 Foxtrot: Yankee, sending you 4
2024-10-14 17:54:10.246674 Oscar: Romeo and Yankee, sending you 4
2024-10-14 17:54:10.247486 Yankee: Foxtrot, sending you 5
2024-10-14 17:54:10.247993 Kilo: November, sending you 7
2024-10-14 17:54:10.248362 Romeo: Foxtrot, Oscar, Bravo and Yankee, sending you 4
2024-10-14 17:54:10.248893 Bravo: Foxtrot, Charlie and Oscar, sending you 2
2024-10-14 17:54:10.249649 November: Kilo, sending you 4
2024-10-14 17:54:10.250709 Kilo: Quebec, sending you 6
2024-10-14 17:54:10.251703 Yankee: Charlie, sending you 2
2024-10-14 17:54:10.252706 Romeo: Charlie, sending you 2
2024-10-14 17:54:10.253669 Bravo: Romeo and Yankee, sending you 3
2024-10-14 17:54:10.254162 November: Quebec and Juliett, sending you 5
2024-10-14 17:54:10.254676 Kilo: Juliett, sending you 5
2024-10-14 17:54:10.255026 Yankee: Oscar, Bravo and Romeo, sending you 3
2024-10-14 17:54:10.256662 Charlie: Foxtrot and Oscar, sending you 3
2024-10-14 17:54:10.257729 Juliett: Same as last round
2024-10-14 17:54:10.258696 Quebec: Kilo and November, sending you 4
2024-10-14 17:54:10.259673 Charlie: Bravo, Romeo and Yankee, sending you 2
2024-10-14 17:54:10.261663 Quebec: Juliett, sending you 5
chatterbot Charlie submitting transactions
chatterbot Juliett submitting transactions
chatterbot Bravo submitting transactions
chatterbot Kilo submitting transactions
chatterbot Yankee submitting transactions
chatterbot Quebec submitting transactions
chatterbot November submitting transactions
chatterbot Oscar submitting transactions
chatterbot Foxtrot submitting transactions
chatterbot Romeo submitting transactions
ChatterBot Foxtrot round 5
ChatterBot Charlie round 5
ChatterBot Kilo round 5
ChatterBot Oscar round 5
ChatterBot Bravo round 5
ChatterBot November round 5
ChatterBot Romeo round 5
ChatterBot Yankee round 5
ChatterBot Quebec round 5
ChatterBot Juliett round 5
2024-10-14 17:54:11.469962 Charlie: Foxtrot and Oscar, sending you 3
2024-10-14 17:54:11.473650 Foxtrot: Charlie and Romeo, sending you 3
2024-10-14 17:54:11.474193 Charlie: Bravo, Romeo and Yankee, sending you 2
2024-10-14 17:54:11.476665 Foxtrot: Oscar and Bravo, sending you 2
2024-10-14 17:54:11.479671 Foxtrot: Yankee, sending you 4
2024-10-14 17:54:11.480690 Yankee: Foxtrot, sending you 5
2024-10-14 17:54:11.481701 Quebec: Kilo, sending you 3
2024-10-14 17:54:11.482977 Kilo: Sending you each 6
2024-10-14 17:54:11.483297 Bravo: Foxtrot, Charlie and Oscar, sending you 2
2024-10-14 17:54:11.483771 Yankee: Charlie, sending you 2
2024-10-14 17:54:11.484685 Oscar: Foxtrot, sending you 2
2024-10-14 17:54:11.485262 November: Kilo, sending you 4
2024-10-14 17:54:11.485674 Quebec: November, sending you 4
2024-10-14 17:54:11.486694 Juliett: Same as last round
2024-10-14 17:54:11.487147 Yankee: Oscar, Bravo and Romeo, sending you 3
2024-10-14 17:54:11.487719 Romeo: Foxtrot, Oscar, Bravo and Yankee, sending you 4
2024-10-14 17:54:11.488447 November: Quebec and Juliett, sending you 5
2024-10-14 17:54:11.488833 Bravo: Romeo and Yankee, sending you 3
2024-10-14 17:54:11.489689 Oscar: Charlie and Bravo, sending you 3
2024-10-14 17:54:11.490202 Quebec: Juliett, sending you 5
2024-10-14 17:54:11.490680 Romeo: Charlie, sending you 2
2024-10-14 17:54:11.493662 Oscar: Romeo and Yankee, sending you 4
chatterbot Oscar submitting transactions
chatterbot Romeo submitting transactions
chatterbot Quebec submitting transactions
chatterbot Bravo submitting transactions
chatterbot Charlie submitting transactions
chatterbot Foxtrot submitting transactions
chatterbot Yankee submitting transactions
chatterbot Juliett submitting transactions
chatterbot November submitting transactions
chatterbot Kilo submitting transactions
ChatterBot Foxtrot round 6
ChatterBot Charlie round 6
ChatterBot Kilo round 6
ChatterBot Oscar round 6
ChatterBot Bravo round 6
ChatterBot November round 6
ChatterBot Romeo round 6
ChatterBot Yankee round 6
ChatterBot Quebec round 6
ChatterBot Juliett round 6
2024-10-14 17:54:12.737718 Charlie: Foxtrot and Oscar, sending you 3
2024-10-14 17:54:12.740671 Oscar: Foxtrot, Charlie, Bravo and Yankee, sending you 3
2024-10-14 17:54:12.742704 Charlie: Bravo, Romeo and Yankee, sending you 2
2024-10-14 17:54:12.744731 Oscar: Romeo, sending you 4
2024-10-14 17:54:12.746671 Foxtrot: Charlie and Romeo, sending you 3
2024-10-14 17:54:12.747675 Bravo: Foxtrot, Charlie and Oscar, sending you 2
2024-10-14 17:54:12.748172 November: Kilo, sending you 4
2024-10-14 17:54:12.748503 Juliett: Same as last round
2024-10-14 17:54:12.749722 Kilo: November, sending you 7
2024-10-14 17:54:12.750059 Foxtrot: Oscar and Bravo, sending you 2
2024-10-14 17:54:12.752246 Bravo: Romeo and Yankee, sending you 3
2024-10-14 17:54:12.752885 November: Quebec and Juliett, sending you 5
2024-10-14 17:54:12.753279 Quebec: Kilo, sending you 3
2024-10-14 17:54:12.753654 Kilo: Quebec and Juliett, sending you 6
2024-10-14 17:54:12.754029 Foxtrot: Yankee, sending you 4
2024-10-14 17:54:12.755014 Romeo: Foxtrot, Oscar, Bravo and Yankee, sending you 4
2024-10-14 17:54:12.758665 Quebec: November, sending you 4
2024-10-14 17:54:12.758995 Romeo: Charlie, sending you 2
2024-10-14 17:54:12.760129 Yankee: Foxtrot, sending you 5
2024-10-14 17:54:12.761710 Quebec: Juliett, sending you 5
2024-10-14 17:54:12.765657 Yankee: Charlie, sending you 2
2024-10-14 17:54:12.770690 Yankee: Oscar, Bravo and Romeo, sending you 3
chatterbot Yankee submitting transactions
chatterbot Quebec submitting transactions
chatterbot Bravo submitting transactions
chatterbot Kilo submitting transactions
chatterbot Oscar submitting transactions
chatterbot Charlie submitting transactions
chatterbot Juliett submitting transactions
chatterbot Romeo submitting transactions
chatterbot November submitting transactions
chatterbot Foxtrot submitting transactions
ChatterBot Foxtrot round 7
ChatterBot Charlie round 7
ChatterBot Kilo round 7
ChatterBot Oscar round 7
ChatterBot Bravo round 7
ChatterBot November round 7
ChatterBot Romeo round 7
ChatterBot Yankee round 7
ChatterBot Quebec round 7
ChatterBot Juliett round 7
2024-10-14 17:54:14.016656 Romeo: Foxtrot, Oscar, Bravo and Yankee, sending you 4
2024-10-14 17:54:14.021659 Romeo: Charlie, sending you 2
2024-10-14 17:54:14.022687 Charlie: Foxtrot and Oscar, sending you 3
2024-10-14 17:54:14.023336 Kilo: November, sending you 7
2024-10-14 17:54:14.023728 Bravo: Foxtrot, Charlie and Oscar, sending you 2
2024-10-14 17:54:14.026677 Kilo: Quebec and Juliett, sending you 6
2024-10-14 17:54:14.027682 Charlie: Bravo, Romeo and Yankee, sending you 2
2024-10-14 17:54:14.028933 Bravo: Romeo and Yankee, sending you 3
2024-10-14 17:54:14.029599 Juliett: Same as last round
2024-10-14 17:54:14.029965 Oscar: Foxtrot, Charlie, Bravo and Yankee, sending you 3
2024-10-14 17:54:14.030727 Quebec: Kilo, sending you 3
2024-10-14 17:54:14.031081 November: Kilo, sending you 4
2024-10-14 17:54:14.031403 Foxtrot: Charlie and Romeo, sending you 3
2024-10-14 17:54:14.033668 Oscar: Romeo, sending you 4
2024-10-14 17:54:14.034220 Yankee: Foxtrot, sending you 5
2024-10-14 17:54:14.034816 Quebec: November, sending you 4
2024-10-14 17:54:14.035707 November: Quebec and Juliett, sending you 5
2024-10-14 17:54:14.036960 Foxtrot: Oscar and Bravo, sending you 2
2024-10-14 17:54:14.039663 Yankee: Charlie, sending you 2
2024-10-14 17:54:14.040308 Quebec: Juliett, sending you 5
2024-10-14 17:54:14.041677 Foxtrot: Yankee, sending you 4
2024-10-14 17:54:14.042658 Yankee: Oscar, Bravo and Romeo, sending you 3
chatterbot Charlie submitting transactions
chatterbot Juliett submitting transactions
chatterbot Oscar submitting transactions
chatterbot Yankee submitting transactions
chatterbot Kilo submitting transactions
chatterbot Foxtrot submitting transactions
chatterbot Romeo submitting transactions
chatterbot November submitting transactions
chatterbot Quebec submitting transactions
chatterbot Bravo submitting transactions
ChatterBot Foxtrot round 8
ChatterBot Charlie round 8
ChatterBot Kilo round 8
ChatterBot Oscar round 8
ChatterBot Bravo round 8
ChatterBot November round 8
ChatterBot Romeo round 8
ChatterBot Yankee round 8
ChatterBot Quebec round 8
ChatterBot Juliett round 8
2024-10-14 17:54:15.162675 Kilo: November, sending you 7
2024-10-14 17:54:15.166658 November: Kilo, sending you 4
2024-10-14 17:54:15.167076 Kilo: Quebec and Juliett, sending you 6
2024-10-14 17:54:15.169964 Romeo: Foxtrot, Oscar, Bravo and Yankee, sending you 4
2024-10-14 17:54:15.170833 November: Quebec and Juliett, sending you 5
2024-10-14 17:54:15.172684 Yankee: Foxtrot, sending you 5
2024-10-14 17:54:15.175672 Romeo: Charlie, sending you 2
2024-10-14 17:54:15.176607 Oscar: Foxtrot, Charlie, Bravo and Yankee, sending you 3
2024-10-14 17:54:15.177496 Yankee: Charlie, sending you 2
2024-10-14 17:54:15.178350 Bravo: Foxtrot, Charlie and Oscar, sending you 2
2024-10-14 17:54:15.179231 Charlie: Foxtrot and Oscar, sending you 3
2024-10-14 17:54:15.180150 Foxtrot: Charlie and Romeo, sending you 3
2024-10-14 17:54:15.180810 Juliett: Same as last round
2024-10-14 17:54:15.181166 Oscar: Romeo, sending you 4
2024-10-14 17:54:15.182622 Yankee: Oscar, Bravo and Romeo, sending you 3
2024-10-14 17:54:15.183241 Bravo: Romeo and Yankee, sending you 3
2024-10-14 17:54:15.183841 Charlie: Bravo, Romeo and Yankee, sending you 2
2024-10-14 17:54:15.184380 Quebec: Kilo, sending you 3
2024-10-14 17:54:15.184858 Foxtrot: Oscar and Bravo, sending you 2
2024-10-14 17:54:15.187725 Quebec: November, sending you 4
2024-10-14 17:54:15.188687 Foxtrot: Yankee, sending you 4
2024-10-14 17:54:15.193107 Quebec: Juliett, sending you 5
chatterbot Foxtrot submitting transactions
chatterbot Yankee submitting transactions
chatterbot Charlie submitting transactions
chatterbot November submitting transactions
chatterbot Romeo submitting transactions
chatterbot Bravo submitting transactions
chatterbot Kilo submitting transactions
chatterbot Juliett submitting transactions
chatterbot Oscar submitting transactions
chatterbot Quebec submitting transactions
ChatterBot Foxtrot round 9
ChatterBot Charlie round 9
ChatterBot Kilo round 9
ChatterBot Oscar round 9
ChatterBot Bravo round 9
ChatterBot November round 9
ChatterBot Romeo round 9
ChatterBot Yankee round 9
ChatterBot Quebec round 9
ChatterBot Juliett round 9
2024-10-14 17:54:16.459050 Foxtrot: Charlie and Romeo, sending you 3
2024-10-14 17:54:16.461662 Oscar: Foxtrot, Charlie, Bravo and Yankee, sending you 3
2024-10-14 17:54:16.463654 Foxtrot: Oscar and Bravo, sending you 2
2024-10-14 17:54:16.465692 November: Kilo, sending you 4
2024-10-14 17:54:16.467665 Oscar: Romeo, sending you 4
2024-10-14 17:54:16.468501 Bravo: Foxtrot, Charlie and Oscar, sending you 2
2024-10-14 17:54:16.469660 Foxtrot: Yankee, sending you 4
2024-10-14 17:54:16.470268 Romeo: Foxtrot, Oscar, Bravo and Yankee, sending you 4
2024-10-14 17:54:16.470888 Kilo: November, sending you 7
2024-10-14 17:54:16.471245 Charlie: Foxtrot and Oscar, sending you 3
2024-10-14 17:54:16.471800 November: Quebec and Juliett, sending you 5
2024-10-14 17:54:16.474118 Bravo: Romeo and Yankee, sending you 3
2024-10-14 17:54:16.475016 Romeo: Charlie, sending you 2
2024-10-14 17:54:16.475956 Kilo: Quebec and Juliett, sending you 6
2024-10-14 17:54:16.476441 Quebec: Kilo, sending you 3
2024-10-14 17:54:16.476914 Yankee: Foxtrot, sending you 5
2024-10-14 17:54:16.477800 Charlie: Bravo, Romeo and Yankee, sending you 2
2024-10-14 17:54:16.481678 Quebec: November, sending you 4
2024-10-14 17:54:16.482654 Yankee: Charlie, sending you 2
2024-10-14 17:54:16.483285 Juliett: Same as last round
2024-10-14 17:54:16.485703 Quebec: Juliett, sending you 5
2024-10-14 17:54:16.486573 Yankee: Oscar, Bravo and Romeo, sending you 3
chatterbot Foxtrot submitting transactions
chatterbot Oscar submitting transactions
chatterbot Bravo submitting transactions
chatterbot Juliett submitting transactions
chatterbot Quebec submitting transactions
chatterbot Charlie submitting transactions
chatterbot November submitting transactions
chatterbot Yankee submitting transactions
chatterbot Romeo submitting transactions
chatterbot Kilo submitting transactions
ChatterBot Foxtrot round 10
ChatterBot Charlie round 10
ChatterBot Kilo round 10
ChatterBot Oscar round 10
ChatterBot Bravo round 10
ChatterBot November round 10
ChatterBot Romeo round 10
ChatterBot Yankee round 10
ChatterBot Quebec round 10
ChatterBot Juliett round 10
2024-10-14 17:54:17.576671 Foxtrot: Charlie and Romeo, sending you 3
2024-10-14 17:54:17.577788 Kilo: November, sending you 7
2024-10-14 17:54:17.580833 Foxtrot: Oscar and Bravo, sending you 2
2024-10-14 17:54:17.581692 Charlie: Foxtrot and Oscar, sending you 3
2024-10-14 17:54:17.582384 Kilo: Quebec and Juliett, sending you 6
2024-10-14 17:54:17.584649 Foxtrot: Yankee, sending you 4
2024-10-14 17:54:17.586675 Charlie: Bravo, Romeo and Yankee, sending you 2
2024-10-14 17:54:17.587761 Yankee: Foxtrot, sending you 5
2024-10-14 17:54:17.591670 Quebec: Kilo, sending you 3
2024-10-14 17:54:17.592671 Yankee: Charlie, sending you 2
2024-10-14 17:54:17.593370 Oscar: Foxtrot, Charlie, Bravo and Yankee, sending you 3
2024-10-14 17:54:17.595016 November: Kilo, sending you 4
2024-10-14 17:54:17.596675 Bravo: Foxtrot, Charlie and Oscar, sending you 2
2024-10-14 17:54:17.597451 Quebec: November, sending you 4
2024-10-14 17:54:17.598038 Romeo: Foxtrot, Oscar, Bravo and Yankee, sending you 4
2024-10-14 17:54:17.598722 Yankee: Oscar, Bravo and Romeo, sending you 3
2024-10-14 17:54:17.600284 Oscar: Romeo, sending you 4
2024-10-14 17:54:17.601310 November: Quebec and Juliett, sending you 5
2024-10-14 17:54:17.601830 Bravo: Romeo and Yankee, sending you 3
2024-10-14 17:54:17.602471 Quebec: Juliett, sending you 5
2024-10-14 17:54:17.602873 Romeo: Charlie, sending you 2
2024-10-14 17:54:17.606668 Juliett: Same as last round
chatterbot Romeo submitting transactions
chatterbot Oscar submitting transactions
chatterbot Juliett submitting transactions
chatterbot Kilo submitting transactions
chatterbot Yankee submitting transactions
chatterbot Quebec submitting transactions
chatterbot Foxtrot submitting transactions
chatterbot Charlie submitting transactions
chatterbot November submitting transactions
chatterbot Bravo submitting transactions
ChatterBot Foxtrot round 11
ChatterBot Charlie round 11
ChatterBot Kilo round 11
ChatterBot Oscar round 11
ChatterBot Bravo round 11
ChatterBot November round 11
ChatterBot Romeo round 11
ChatterBot Yankee round 11
ChatterBot Quebec round 11
ChatterBot Juliett round 11
2024-10-14 17:54:18.823677 Foxtrot: Charlie and Romeo, sending you 3
2024-10-14 17:54:18.825145 Charlie: Foxtrot and Oscar, sending you 3
2024-10-14 17:54:18.827670 Foxtrot: Oscar and Bravo, sending you 2
2024-10-14 17:54:18.829676 Charlie: Bravo, Romeo and Yankee, sending you 2
2024-10-14 17:54:18.830423 Oscar: Foxtrot, Charlie, Bravo and Yankee, sending you 3
2024-10-14 17:54:18.831675 Foxtrot: Yankee, sending you 4
2024-10-14 17:54:18.833662 Romeo: Foxtrot, Oscar, Bravo and Yankee, sending you 4
2024-10-14 17:54:18.835676 Oscar: Romeo, sending you 4
2024-10-14 17:54:18.837601 Yankee: Foxtrot, sending you 5
2024-10-14 17:54:18.838401 Quebec: Kilo, sending you 3
2024-10-14 17:54:18.839155 Juliett: Same as last round
2024-10-14 17:54:18.839762 Romeo: Charlie, sending you 2
2024-10-14 17:54:18.841655 November: Kilo, sending you 4
2024-10-14 17:54:18.842375 Yankee: Charlie, sending you 2
2024-10-14 17:54:18.843721 Bravo: Foxtrot, Charlie and Oscar, sending you 2
2024-10-14 17:54:18.845261 Kilo: November, sending you 7
2024-10-14 17:54:18.845895 Quebec: November, sending you 4
2024-10-14 17:54:18.846371 November: Quebec and Juliett, sending you 5
2024-10-14 17:54:18.848710 Yankee: Oscar, Bravo and Romeo, sending you 3
2024-10-14 17:54:18.849550 Quebec: Juliett, sending you 5
2024-10-14 17:54:18.850019 Bravo: Romeo and Yankee, sending you 3
2024-10-14 17:54:18.850826 Kilo: Quebec and Juliett, sending you 6
chatterbot Yankee submitting transactions
chatterbot Charlie submitting transactions
chatterbot Quebec submitting transactions
chatterbot Oscar submitting transactions
chatterbot Juliett submitting transactions
chatterbot Romeo submitting transactions
chatterbot Bravo submitting transactions
chatterbot November submitting transactions
chatterbot Foxtrot submitting transactions
chatterbot Kilo submitting transactions
ChatterBot Foxtrot round 12
ChatterBot Charlie round 12
ChatterBot Kilo round 12
ChatterBot Oscar round 12
ChatterBot Bravo round 12
ChatterBot November round 12
ChatterBot Romeo round 12
ChatterBot Yankee round 12
ChatterBot Quebec round 12
ChatterBot Juliett round 12
2024-10-14 17:54:19.709676 Oscar: Foxtrot, Charlie, Bravo and Yankee, sending you 3
2024-10-14 17:54:19.710681 Charlie: Foxtrot and Oscar, sending you 3
2024-10-14 17:54:19.712735 Oscar: Romeo, sending you 4
2024-10-14 17:54:19.715675 Foxtrot: Charlie and Romeo, sending you 3
2024-10-14 17:54:19.716572 Charlie: Bravo, Romeo and Yankee, sending you 2
2024-10-14 17:54:19.718705 Yankee: Foxtrot, sending you 5
2024-10-14 17:54:19.720697 Foxtrot: Oscar and Bravo, sending you 2
2024-10-14 17:54:19.722704 Juliett: Same as last round
2024-10-14 17:54:19.723146 Yankee: Charlie, sending you 2
2024-10-14 17:54:19.725665 Foxtrot: Yankee, sending you 4
2024-10-14 17:54:19.726407 Bravo: Foxtrot, Charlie and Oscar, sending you 2
2024-10-14 17:54:19.727649 Yankee: Oscar, Bravo and Romeo, sending you 3
2024-10-14 17:54:19.729664 November: Kilo, sending you 4
2024-10-14 17:54:19.730232 Kilo: November and Juliett, sending you 7
2024-10-14 17:54:19.730783 Quebec: Kilo, sending you 3
2024-10-14 17:54:19.731323 Bravo: Romeo and Yankee, sending you 3
2024-10-14 17:54:19.732675 November: Quebec and Juliett, sending you 5
2024-10-14 17:54:19.734698 Kilo: Quebec, sending you 5
2024-10-14 17:54:19.735664 Quebec: November, sending you 4
2024-10-14 17:54:19.736067 Romeo: Foxtrot, Oscar, Bravo and Yankee, sending you 4
2024-10-14 17:54:19.740652 Quebec: Juliett, sending you 5
2024-10-14 17:54:19.741053 Romeo: Charlie, sending you 2
chatterbot Bravo submitting transactions
chatterbot Quebec submitting transactions
chatterbot Charlie submitting transactions
chatterbot Kilo submitting transactions
chatterbot November submitting transactions
chatterbot Oscar submitting transactions
chatterbot Juliett submitting transactions
chatterbot Foxtrot submitting transactions
chatterbot Yankee submitting transactions
chatterbot Romeo submitting transactions
ChatterBot Foxtrot round 13
ChatterBot Charlie round 13
ChatterBot Kilo round 13
ChatterBot Oscar round 13
ChatterBot Bravo round 13
ChatterBot November round 13
ChatterBot Romeo round 13
ChatterBot Yankee round 13
ChatterBot Quebec round 13
ChatterBot Juliett round 13
2024-10-14 17:54:20.967682 Foxtrot: Charlie and Romeo, sending you 3
2024-10-14 17:54:20.973382 Foxtrot: Oscar and Bravo, sending you 2
2024-10-14 17:54:20.974650 Juliett: Same as last round
2024-10-14 17:54:20.975676 Quebec: Kilo, sending you 3
2024-10-14 17:54:20.977697 Foxtrot: Yankee, sending you 4
2024-10-14 17:54:20.979313 Kilo: November and Juliett, sending you 7
2024-10-14 17:54:20.980165 Romeo: Foxtrot, Oscar, Bravo and Yankee, sending you 4
2024-10-14 17:54:20.982939 Oscar: Foxtrot, Charlie, Bravo and Yankee, sending you 3
2024-10-14 17:54:20.984386 Charlie: Foxtrot and Oscar, sending you 3
2024-10-14 17:54:20.985802 Quebec: November, sending you 4
2024-10-14 17:54:20.986528 Bravo: Foxtrot, Charlie and Oscar, sending you 2
2024-10-14 17:54:20.987952 Kilo: Quebec, sending you 5
2024-10-14 17:54:20.988644 November: Kilo, sending you 4
2024-10-14 17:54:20.989381 Romeo: Charlie, sending you 2
2024-10-14 17:54:20.991665 Oscar: Romeo, sending you 4
2024-10-14 17:54:20.993066 Quebec: Juliett, sending you 6
2024-10-14 17:54:20.993829 Charlie: Bravo, Romeo and Yankee, sending you 2
2024-10-14 17:54:20.995230 Bravo: Romeo and Yankee, sending you 3
2024-10-14 17:54:20.996647 Yankee: Foxtrot, sending you 5
2024-10-14 17:54:20.997746 November: Quebec and Juliett, sending you 5
2024-10-14 17:54:21.002679 Yankee: Charlie, sending you 2
2024-10-14 17:54:21.008674 Yankee: Oscar, Bravo and Romeo, sending you 3
chatterbot Quebec submitting transactions
chatterbot November submitting transactions
chatterbot Foxtrot submitting transactions
chatterbot Charlie submitting transactions
chatterbot Bravo submitting transactions
chatterbot Oscar submitting transactions
chatterbot Yankee submitting transactions
chatterbot Romeo submitting transactions
chatterbot Kilo submitting transactions
chatterbot Juliett submitting transactions
ChatterBot Foxtrot round 14
ChatterBot Charlie round 14
ChatterBot Kilo round 14
ChatterBot Oscar round 14
ChatterBot Bravo round 14
ChatterBot November round 14
ChatterBot Romeo round 14
ChatterBot Yankee round 14
ChatterBot Quebec round 14
ChatterBot Juliett round 14
2024-10-14 17:54:22.214702 Kilo: November and Quebec, sending you 6
2024-10-14 17:54:22.215284 Romeo: Foxtrot, Oscar, Bravo and Yankee, sending you 4
2024-10-14 17:54:22.216264 Foxtrot: Charlie and Romeo, sending you 3
2024-10-14 17:54:22.217455 Oscar: Foxtrot, Charlie, Bravo and Yankee, sending you 3
2024-10-14 17:54:22.218383 Charlie: Foxtrot and Oscar, sending you 3
2024-10-14 17:54:22.219180 Juliett: Same as last round
2024-10-14 17:54:22.219633 Yankee: Foxtrot, sending you 5
2024-10-14 17:54:22.221223 Bravo: Foxtrot, Charlie and Oscar, sending you 2
2024-10-14 17:54:22.222085 Kilo: Juliett, sending you 7
2024-10-14 17:54:22.222799 Romeo: Charlie, sending you 2
2024-10-14 17:54:22.224456 November: Kilo, sending you 4
2024-10-14 17:54:22.225626 Foxtrot: Oscar and Bravo, sending you 2
2024-10-14 17:54:22.226391 Quebec: Kilo, sending you 3
2024-10-14 17:54:22.226814 Charlie: Bravo, Romeo and Yankee, sending you 2
2024-10-14 17:54:22.227548 Oscar: Romeo, sending you 4
2024-10-14 17:54:22.228946 Yankee: Charlie, sending you 2
2024-10-14 17:54:22.229704 Bravo: Romeo and Yankee, sending you 3
2024-10-14 17:54:22.231006 November: Quebec and Juliett, sending you 5
2024-10-14 17:54:22.232301 Foxtrot: Yankee, sending you 4
2024-10-14 17:54:22.233575 Quebec: November, sending you 4
2024-10-14 17:54:22.234915 Yankee: Oscar, Bravo and Romeo, sending you 3
2024-10-14 17:54:22.237679 Quebec: Juliett, sending you 6
chatterbot Kilo submitting transactions
chatterbot Quebec submitting transactions
chatterbot Juliett submitting transactions
chatterbot November submitting transactions
chatterbot Romeo submitting transactions
chatterbot Foxtrot submitting transactions
chatterbot Yankee submitting transactions
chatterbot Bravo submitting transactions
chatterbot Charlie submitting transactions
chatterbot Oscar submitting transactions
ChatterBot Foxtrot round 15
ChatterBot Charlie round 15
ChatterBot Kilo round 15
ChatterBot Oscar round 15
ChatterBot Bravo round 15
ChatterBot November round 15
ChatterBot Romeo round 15
ChatterBot Yankee round 15
ChatterBot Quebec round 15
ChatterBot Juliett round 15
2024-10-14 17:54:23.286690 Kilo: November and Quebec, sending you 6
2024-10-14 17:54:23.287516 Foxtrot: Charlie and Romeo, sending you 3
2024-10-14 17:54:23.292417 Kilo: Juliett, sending you 7
2024-10-14 17:54:23.293279 November: Kilo, sending you 4
2024-10-14 17:54:23.294200 Foxtrot: Oscar and Bravo, sending you 2
2024-10-14 17:54:23.296359 Bravo: Foxtrot, Charlie and Oscar, sending you 2
2024-10-14 17:54:23.299510 November: Quebec and Juliett, sending you 5
2024-10-14 17:54:23.300673 Foxtrot: Yankee, sending you 4
2024-10-14 17:54:23.302811 Juliett: Same as last round
2024-10-14 17:54:23.304669 Charlie: Foxtrot and Oscar, sending you 3
2024-10-14 17:54:23.306748 Oscar: Foxtrot, Charlie, Bravo and Yankee, sending you 3
2024-10-14 17:54:23.308873 Bravo: Romeo and Yankee, sending you 3
2024-10-14 17:54:23.311123 Quebec: Kilo, sending you 3
2024-10-14 17:54:23.311906 Romeo: Foxtrot, Oscar, Bravo and Yankee, sending you 4
2024-10-14 17:54:23.313552 Yankee: Foxtrot, sending you 5
2024-10-14 17:54:23.315348 Charlie: Bravo, Romeo and Yankee, sending you 2
2024-10-14 17:54:23.316619 Oscar: Romeo, sending you 4
2024-10-14 17:54:23.317886 Quebec: November, sending you 4
2024-10-14 17:54:23.319458 Romeo: Charlie, sending you 2
2024-10-14 17:54:23.320900 Yankee: Charlie, sending you 2
2024-10-14 17:54:23.323656 Quebec: Juliett, sending you 6
2024-10-14 17:54:23.324666 Yankee: Oscar, Bravo and Romeo, sending you 3
chatterbot Yankee submitting transactions
chatterbot Romeo submitting transactions
chatterbot Juliett submitting transactions
chatterbot Oscar submitting transactions
chatterbot Foxtrot submitting transactions
chatterbot November submitting transactions
chatterbot Kilo submitting transactions
chatterbot Quebec submitting transactions
chatterbot Bravo submitting transactions
chatterbot Charlie submitting transactions
ChatterBot Foxtrot round 16
ChatterBot Charlie round 16
ChatterBot Kilo round 16
ChatterBot Oscar round 16
ChatterBot Bravo round 16
ChatterBot November round 16
ChatterBot Romeo round 16
ChatterBot Yankee round 16
ChatterBot Quebec round 16
ChatterBot Juliett round 16
2024-10-14 17:54:24.516692 Yankee: Foxtrot, sending you 5
2024-10-14 17:54:24.518182 November: Kilo, sending you 4
2024-10-14 17:54:24.518833 Kilo: November and Quebec, sending you 6
2024-10-14 17:54:24.519737 Foxtrot: Charlie and Romeo, sending you 3
2024-10-14 17:54:24.522041 Bravo: Foxtrot, Charlie and Oscar, sending you 2
2024-10-14 17:54:24.524241 Yankee: Charlie, sending you 2
2024-10-14 17:54:24.525262 November: Quebec and Juliett, sending you 5
2024-10-14 17:54:24.526012 Kilo: Juliett, sending you 7
2024-10-14 17:54:24.527117 Oscar: Foxtrot, Charlie, Bravo and Yankee, sending you 3
2024-10-14 17:54:24.528553 Charlie: Foxtrot and Oscar, sending you 3
2024-10-14 17:54:24.530004 Foxtrot: Oscar and Bravo, sending you 2
2024-10-14 17:54:24.531236 Yankee: Oscar, Bravo and Romeo, sending you 3
2024-10-14 17:54:24.532723 Bravo: Romeo and Yankee, sending you 3
2024-10-14 17:54:24.534030 Romeo: Foxtrot, Oscar, Bravo and Yankee, sending you 4
2024-10-14 17:54:24.536481 Oscar: Romeo, sending you 4
2024-10-14 17:54:24.539011 Quebec: Kilo, sending you 3
2024-10-14 17:54:24.539968 Foxtrot: Yankee, sending you 4
2024-10-14 17:54:24.541703 Charlie: Bravo, Romeo and Yankee, sending you 2
2024-10-14 17:54:24.544378 Romeo: Charlie, sending you 2
2024-10-14 17:54:24.546071 Juliett: Same as last round
2024-10-14 17:54:24.546886 Quebec: November, sending you 4
2024-10-14 17:54:24.552681 Quebec: Juliett, sending you 6
chatterbot Foxtrot submitting transactions
chatterbot Juliett submitting transactions
chatterbot Oscar submitting transactions
chatterbot Quebec submitting transactions
chatterbot Yankee submitting transactions
chatterbot November submitting transactions
chatterbot Charlie submitting transactions
chatterbot Romeo submitting transactions
chatterbot Bravo submitting transactions
chatterbot Kilo submitting transactions
ChatterBot Foxtrot round 17
ChatterBot Charlie round 17
ChatterBot Kilo round 17
ChatterBot Oscar round 17
ChatterBot Bravo round 17
ChatterBot November round 17
ChatterBot Romeo round 17
ChatterBot Yankee round 17
ChatterBot Quebec round 17
ChatterBot Juliett round 17
2024-10-14 17:54:25.608679 Oscar: Foxtrot, Charlie, Bravo and Yankee, sending you 3
2024-10-14 17:54:25.610688 Charlie: Foxtrot and Oscar, sending you 3
2024-10-14 17:54:25.612197 Bravo: Foxtrot, Charlie and Oscar, sending you 2
2024-10-14 17:54:25.614097 Oscar: Romeo, sending you 4
2024-10-14 17:54:25.615625 Juliett: Same as last round
