ChatterBot Echo round 1
ChatterBot Alpha round 1
ChatterBot Mike round 1
ChatterBot Lima round 1
ChatterBot Golf round 1
ChatterBot Hotel round 1
ChatterBot Yankee round 1
ChatterBot Foxtrot round 1
ChatterBot Tango round 1
ChatterBot Uniform round 1
randomSelections Echo: {Echo, Mike, Golf, Yankee, Alpha, Foxtrot} 
2024-10-14 17:54:04.835598 Echo: Friends?
ChatterBot Mike reevaluating
ChatterBot Golf reevaluating
ChatterBot Yankee reevaluating
ChatterBot Alpha reevaluating
ChatterBot Foxtrot reevaluating
2024-10-14 17:54:04.845115 Mike: Yes
2024-10-14 17:54:04.845289 Golf: Yes
2024-10-14 17:54:04.845421 Yankee: Yes
2024-10-14 17:54:04.845962 Alpha: Yes
2024-10-14 17:54:04.846109 Foxtrot: Yes
ChatterBot Golf reevaluating
ChatterBot Yankee reevaluating
ChatterBot Alpha reevaluating
ChatterBot Foxtrot reevaluating
ChatterBot Mike reevaluating
ChatterBot Yankee reevaluating
ChatterBot Alpha reevaluating
ChatterBot Foxtrot reevaluating
ChatterBot Mike reevaluating
ChatterBot Golf reevaluating
ChatterBot Alpha reevaluating
ChatterBot Foxtrot reevaluating
ChatterBot Mike reevaluating
ChatterBot Golf reevaluating
ChatterBot Yankee reevaluating
ChatterBot Foxtrot reevaluating
ChatterBot Mike reevaluating
ChatterBot Golf reevaluating
ChatterBot Yankee reevaluating
ChatterBot Alpha reevaluating
randomSelections Hotel: {Hotel, Tango, Golf, Yankee, Uniform, Foxtrot, Mike, Alpha} 
2024-10-14 17:54:04.899122 Hotel: Can we be friends?
ChatterBot Tango reevaluating
ChatterBot Golf reevaluating
ChatterBot Yankee reevaluating
ChatterBot Uniform reevaluating
ChatterBot Foxtrot reevaluating
ChatterBot Mike reevaluating
ChatterBot Alpha reevaluating
2024-10-14 17:54:04.911149 Tango: Yes
2024-10-14 17:54:04.911296 Golf: No
2024-10-14 17:54:04.911453 Yankee: No
2024-10-14 17:54:04.911636 Uniform: Yes
2024-10-14 17:54:04.911767 Foxtrot: No
2024-10-14 17:54:04.911988 Mike: No
2024-10-14 17:54:04.912188 Alpha: No
ChatterBot Golf reevaluating
ChatterBot Yankee reevaluating
ChatterBot Uniform reevaluating
ChatterBot Foxtrot reevaluating
ChatterBot Mike reevaluating
ChatterBot Alpha reevaluating
ChatterBot Tango reevaluating
ChatterBot Yankee reevaluating
ChatterBot Uniform reevaluating
ChatterBot Foxtrot reevaluating
ChatterBot Mike reevaluating
ChatterBot Alpha reevaluating
ChatterBot Tango reevaluating
ChatterBot Golf reevaluating
ChatterBot Uniform reevaluating
ChatterBot Foxtrot reevaluating
ChatterBot Mike reevaluating
ChatterBot Alpha reevaluating
ChatterBot Tango reevaluating
ChatterBot Golf reevaluating
ChatterBot Yankee reevaluating
ChatterBot Foxtrot reevaluating
ChatterBot Mike reevaluating
ChatterBot Alpha reevaluating
ChatterBot Tango reevaluating
ChatterBot Golf reevaluating
ChatterBot Yankee reevaluating
ChatterBot Uniform reevaluating
ChatterBot Mike reevaluating
ChatterBot Alpha reevaluating
ChatterBot Tango reevaluating
ChatterBot Golf reevaluating
ChatterBot Yankee reevaluating
ChatterBot Uniform reevaluating
ChatterBot Foxtrot reevaluating
ChatterBot Alpha reevaluating
ChatterBot Tango reevaluating
ChatterBot Golf reevaluating
ChatterBot Yankee reevaluating
ChatterBot Uniform reevaluating
ChatterBot Foxtrot reevaluating
ChatterBot Mike reevaluating
randomSelections Lima: {Lima, Alpha, Echo, Golf, Yankee, Foxtrot} 
2024-10-14 17:54:05.004961 Lima: We should group up
ChatterBot Alpha reevaluating
ChatterBot Golf reevaluating
ChatterBot Yankee reevaluating
ChatterBot Foxtrot reevaluating
2024-10-14 17:54:05.011828 Alpha: No
2024-10-14 17:54:05.011964 Echo: No
2024-10-14 17:54:05.012119 Golf: No
2024-10-14 17:54:05.012212 Yankee: No
2024-10-14 17:54:05.012301 Foxtrot: No
ChatterBot Golf reevaluating
ChatterBot Yankee reevaluating
ChatterBot Foxtrot reevaluating
ChatterBot Alpha reevaluating
ChatterBot Golf reevaluating
ChatterBot Yankee reevaluating
ChatterBot Foxtrot reevaluating
ChatterBot Alpha reevaluating
ChatterBot Yankee reevaluating
ChatterBot Foxtrot reevaluating
ChatterBot Alpha reevaluating
ChatterBot Golf reevaluating
ChatterBot Foxtrot reevaluating
ChatterBot Alpha reevaluating
ChatterBot Golf reevaluating
ChatterBot Yankee reevaluating
2024-10-14 17:54:05.064271 Hotel: Alpha and Yankee, sending you 4
2024-10-14 17:54:05.064756 Yankee: Echo, Alpha and Mike, sending you 2
2024-10-14 17:54:05.065120 Echo: Alpha and Yankee, sending you 5
2024-10-14 17:54:05.068128 Hotel: Mike, Tango and Uniform, sending you 1
2024-10-14 17:54:05.069318 Yankee: Golf and Foxtrot, sending you 3
2024-10-14 17:54:05.070586 Echo: Mike, sending you 2
2024-10-14 17:54:05.070964 Mike: Echo and Alpha, sending you 2
2024-10-14 17:54:05.071368 Golf: Echo and Foxtrot, sending you 4
2024-10-14 17:54:05.072859 Alpha: Echo, Golf and Foxtrot, sending you 2
2024-10-14 17:54:05.073504 Lima: Alpha, sending you 1
2024-10-14 17:54:05.074842 Hotel: Golf, sending you 2
2024-10-14 17:54:05.075320 Echo: Golf, sending you 1
2024-10-14 17:54:05.075718 Mike: Golf, sending you 4
2024-10-14 17:54:05.077861 Golf: Alpha, sending you 6
2024-10-14 17:54:05.078402 Alpha: Mike, sending you 4
2024-10-14 17:54:05.081923 Lima: Golf, sending you 2
2024-10-14 17:54:05.082364 Tango: Alpha, sending you 3
2024-10-14 17:54:05.082888 Foxtrot: Echo and Yankee, sending you 3
2024-10-14 17:54:05.085945 Echo: Foxtrot, sending you 3
2024-10-14 17:54:05.086355 Uniform: Alpha and Foxtrot, sending you 1
2024-10-14 17:54:05.086759 Mike: Yankee, sending you 3
2024-10-14 17:54:05.087131 Golf: Mike, sending you 1
2024-10-14 17:54:05.088441 Alpha: Yankee, sending you 1
2024-10-14 17:54:05.088911 Lima: Yankee, sending you 3
2024-10-14 17:54:05.089257 Tango: Mike and Yankee, sending you 4
2024-10-14 17:54:05.091415 Uniform: Mike, sending you 5
2024-10-14 17:54:05.091828 Foxtrot: Alpha, sending you 4
2024-10-14 17:54:05.095239 Mike: Foxtrot, sending you 1
2024-10-14 17:54:05.096167 Golf: Yankee, sending you 2
2024-10-14 17:54:05.096655 Lima: Foxtrot, sending you 6
2024-10-14 17:54:05.097067 Tango: Golf, sending you 2
2024-10-14 17:54:05.097486 Uniform: Golf, sending you 3
2024-10-14 17:54:05.099054 Foxtrot: Mike, sending you 2
2024-10-14 17:54:05.110765 Uniform: Hotel, Yankee and Tango, sending you 2
2024-10-14 17:54:05.111414 Foxtrot: Golf, sending you 1
chatterbot Echo submitting transactions
chatterbot Foxtrot submitting transactions
chatterbot Alpha submitting transactions
chatterbot Hotel submitting transactions
chatterbot Uniform submitting transactions
chatterbot Golf submitting transactions
chatterbot Lima submitting transactions
chatterbot Mike submitting transactions
chatterbot Yankee submitting transactions
chatterbot Tango submitting transactions
ChatterBot Echo round 2
ChatterBot Alpha round 2
ChatterBot Mike round 2
ChatterBot Lima round 2
ChatterBot Golf round 2
ChatterBot Hotel round 2
ChatterBot Yankee round 2
ChatterBot Foxtrot round 2
ChatterBot Tango round 2
ChatterBot Uniform round 2
2024-10-14 17:54:06.642290 Golf: Group up?
ChatterBot Alpha reevaluating
ChatterBot Mike reevaluating
ChatterBot Yankee reevaluating
ChatterBot Foxtrot reevaluating
ChatterBot Hotel reevaluating
ChatterBot Tango reevaluating
ChatterBot Uniform reevaluating
2024-10-14 17:54:06.688227 Echo: No
2024-10-14 17:54:06.688514 Alpha: No
2024-10-14 17:54:06.688696 Mike: Yes
2024-10-14 17:54:06.688860 Yankee: Yes
2024-10-14 17:54:06.689023 Foxtrot: No
2024-10-14 17:54:06.689208 Hotel: No
2024-10-14 17:54:06.689778 Tango: No
2024-10-14 17:54:06.689941 Uniform: Yes
ChatterBot Alpha reevaluating
ChatterBot Mike reevaluating
ChatterBot Yankee reevaluating
ChatterBot Foxtrot reevaluating
ChatterBot Hotel reevaluating
ChatterBot Tango reevaluating
ChatterBot Uniform reevaluating
ChatterBot Mike reevaluating
ChatterBot Yankee reevaluating
ChatterBot Foxtrot reevaluating
ChatterBot Hotel reevaluating
ChatterBot Tango reevaluating
ChatterBot Uniform reevaluating
ChatterBot Alpha reevaluating
ChatterBot Yankee reevaluating
ChatterBot Foxtrot reevaluating
ChatterBot Hotel reevaluating
ChatterBot Tango reevaluating
ChatterBot Uniform reevaluating
ChatterBot Alpha reevaluating
ChatterBot Mike reevaluating
ChatterBot Foxtrot reevaluating
ChatterBot Hotel reevaluating
ChatterBot Tango reevaluating
ChatterBot Uniform reevaluating
ChatterBot Alpha reevaluating
ChatterBot Mike reevaluating
ChatterBot Yankee reevaluating
ChatterBot Hotel reevaluating
ChatterBot Tango reevaluating
ChatterBot Uniform reevaluating
ChatterBot Alpha reevaluating
ChatterBot Mike reevaluating
ChatterBot Yankee reevaluating
ChatterBot Foxtrot reevaluating
ChatterBot Tango reevaluating
ChatterBot Uniform reevaluating
ChatterBot Alpha reevaluating
ChatterBot Mike reevaluating
ChatterBot Yankee reevaluating
ChatterBot Foxtrot reevaluating
ChatterBot Hotel reevaluating
ChatterBot Uniform reevaluating
ChatterBot Alpha reevaluating
ChatterBot Mike reevaluating
ChatterBot Yankee reevaluating
ChatterBot Foxtrot reevaluating
ChatterBot Hotel reevaluating
ChatterBot Tango reevaluating
2024-10-14 17:54:07.059011 Hotel: We should add Echo
ChatterBot Yankee reevaluating
ChatterBot Foxtrot reevaluating
ChatterBot Mike reevaluating
ChatterBot Alpha reevaluating
ChatterBot Tango reevaluating
2024-10-14 17:54:07.100972 Golf: Yes
2024-10-14 17:54:07.101180 Yankee: Yes
2024-10-14 17:54:07.101795 Foxtrot: Yes
2024-10-14 17:54:07.101947 Mike: Yes
2024-10-14 17:54:07.102095 Alpha: Yes
2024-10-14 17:54:07.102606 Tango: No
ChatterBot Uniform reevaluating
2024-10-14 17:54:07.108928 Uniform: Yes
2024-10-14 17:54:07.109670 Foxtrot: We should add Lima
ChatterBot Hotel reevaluating
ChatterBot Tango reevaluating
ChatterBot Yankee reevaluating
ChatterBot Uniform reevaluating
ChatterBot Foxtrot reevaluating
ChatterBot Mike reevaluating
ChatterBot Alpha reevaluating
ChatterBot Hotel reevaluating
ChatterBot Tango reevaluating
ChatterBot Uniform reevaluating
ChatterBot Foxtrot reevaluating
ChatterBot Mike reevaluating
ChatterBot Alpha reevaluating
ChatterBot Hotel reevaluating
ChatterBot Tango reevaluating
ChatterBot Yankee reevaluating
ChatterBot Uniform reevaluating
ChatterBot Mike reevaluating
ChatterBot Alpha reevaluating
2024-10-14 17:54:07.271149 Echo: No
ChatterBot Hotel reevaluating
ChatterBot Tango reevaluating
ChatterBot Yankee reevaluating
ChatterBot Uniform reevaluating
ChatterBot Foxtrot reevaluating
ChatterBot Alpha reevaluating
ChatterBot Hotel reevaluating
ChatterBot Tango reevaluating
ChatterBot Yankee reevaluating
ChatterBot Uniform reevaluating
ChatterBot Foxtrot reevaluating
ChatterBot Mike reevaluating
ChatterBot Hotel reevaluating
ChatterBot Yankee reevaluating
ChatterBot Uniform reevaluating
ChatterBot Foxtrot reevaluating
ChatterBot Mike reevaluating
ChatterBot Alpha reevaluating
ChatterBot Hotel reevaluating
ChatterBot Tango reevaluating
ChatterBot Yankee reevaluating
ChatterBot Foxtrot reevaluating
ChatterBot Mike reevaluating
ChatterBot Alpha reevaluating
ChatterBot Yankee reevaluating
ChatterBot Mike reevaluating
ChatterBot Alpha reevaluating
2024-10-14 17:54:07.397192 Golf: No
2024-10-14 17:54:07.400517 Yankee: No
ChatterBot Yankee reevaluating
ChatterBot Foxtrot reevaluating
2024-10-14 17:54:07.409206 Mike: No
ChatterBot Mike reevaluating
2024-10-14 17:54:07.413245 Alpha: No
ChatterBot Alpha reevaluating
ChatterBot Mike reevaluating
ChatterBot Yankee reevaluating
ChatterBot Alpha reevaluating
ChatterBot Foxtrot reevaluating
ChatterBot Mike reevaluating
ChatterBot Alpha reevaluating
ChatterBot Foxtrot reevaluating
ChatterBot Yankee reevaluating
ChatterBot Alpha reevaluating
ChatterBot Foxtrot reevaluating
ChatterBot Mike reevaluating
ChatterBot Yankee reevaluating
ChatterBot Foxtrot reevaluating
2024-10-14 17:54:07.511726 Foxtrot: Lima we want you to join our group
2024-10-14 17:54:07.515187 Lima: No
2024-10-14 17:54:07.533986 Alpha: We should drop Mike
2024-10-14 17:54:07.546504 Echo: No
2024-10-14 17:54:07.546689 Golf: No
2024-10-14 17:54:07.546818 Yankee: No
2024-10-14 17:54:07.546927 Foxtrot: No
ChatterBot Alpha reevaluating
ChatterBot Alpha reevaluating
ChatterBot Foxtrot reevaluating
ChatterBot Alpha reevaluating
2024-10-14 17:54:07.599345 Uniform: Echo we want you to join our group
2024-10-14 17:54:07.603435 Echo: No
ChatterBot Alpha reevaluating
ChatterBot Foxtrot reevaluating
ChatterBot Hotel reevaluating
ChatterBot Tango reevaluating
chatterbot Lima submitting transactions
2024-10-14 17:54:07.632084 Echo: Alpha and Mike, sending you 3
chatterbot Golf submitting transactions
2024-10-14 17:54:07.656079 Mike: Echo, Golf, Hotel, Yankee and Foxtrot, sending you 1
2024-10-14 17:54:07.657540 Echo: Golf, sending you 5
2024-10-14 17:54:07.659045 Yankee: Echo, Mike, Hotel, Foxtrot and Tango, sending you 2
2024-10-14 17:54:07.659778 Golf: Echo, Alpha, Hotel, Yankee, Foxtrot, Tango and Uniform, sending you 2
2024-10-14 17:54:07.660889 Hotel: Echo we want you to join our group
2024-10-14 17:54:07.666461 Echo: No
ChatterBot Alpha reevaluating
ChatterBot Foxtrot reevaluating
ChatterBot Hotel reevaluating
ChatterBot Tango reevaluating
2024-10-14 17:54:07.712148 Mike: Alpha and Tango, sending you 2
2024-10-14 17:54:07.713573 Echo: Yankee, sending you 1
2024-10-14 17:54:07.714217 Yankee: Golf and Uniform, sending you 1
2024-10-14 17:54:07.715452 Golf: Mike, sending you 3
2024-10-14 17:54:07.716709 Mike: Uniform, sending you 3
2024-10-14 17:54:07.717189 Uniform: Echo, Alpha, Mike, Golf, Yankee and Foxtrot, sending you 1
2024-10-14 17:54:07.730118 Echo: Foxtrot, sending you 4
2024-10-14 17:54:07.731832 Alpha: We should drop Yankee
ChatterBot Foxtrot reevaluating
2024-10-14 17:54:07.766176 Echo: No
2024-10-14 17:54:07.770522 Mike: No
2024-10-14 17:54:07.770827 Golf: No
2024-10-14 17:54:07.771112 Foxtrot: No
ChatterBot Alpha reevaluating
ChatterBot Foxtrot reevaluating
ChatterBot Alpha reevaluating
ChatterBot Foxtrot reevaluating
ChatterBot Alpha reevaluating
ChatterBot Foxtrot reevaluating
ChatterBot Alpha reevaluating
2024-10-14 17:54:07.910167 Uniform: Hotel, sending you 8
2024-10-14 17:54:07.924219 Uniform: Tango, sending you 2
2024-10-14 17:54:07.925430 Tango: Mike, sending you 3
2024-10-14 17:54:07.933001 Tango: Hotel and Uniform, sending you 6
2024-10-14 17:54:07.947229 Hotel: Echo, Alpha, Mike, Golf, Yankee and Tango, sending you 1
2024-10-14 17:54:07.973555 Hotel: Uniform, sending you 4
2024-10-14 17:54:07.974675 Foxtrot: Echo, Alpha, Golf and Yankee, sending you 2
2024-10-14 17:54:07.976693 Alpha: Sending you each 3
2024-10-14 17:54:07.982645 Foxtrot: Mike, sending you 1
2024-10-14 17:54:07.993236 Foxtrot: Lima, sending you 4
chatterbot Yankee submitting transactions
chatterbot Echo submitting transactions
chatterbot Tango submitting transactions
chatterbot Mike submitting transactions
chatterbot Uniform submitting transactions
chatterbot Alpha submitting transactions
chatterbot Foxtrot submitting transactions
chatterbot Hotel submitting transactions
ChatterBot Echo round 3
ChatterBot Alpha round 3
ChatterBot Mike round 3
ChatterBot Lima round 3
ChatterBot Golf round 3
ChatterBot Hotel round 3
ChatterBot Yankee round 3
ChatterBot Foxtrot round 3
2024-10-14 17:54:08.822841 Foxtrot: Let's form a team
ChatterBot Alpha reevaluating
ChatterBot Tango reevaluating
2024-10-14 17:54:08.851604 Golf: Yes
2024-10-14 17:54:08.851771 Echo: No
2024-10-14 17:54:08.851941 Alpha: No
2024-10-14 17:54:08.852065 Mike: Yes
2024-10-14 17:54:08.852180 Yankee: Yes
2024-10-14 17:54:08.852286 Hotel: Yes
2024-10-14 17:54:08.852393 Tango: No
2024-10-14 17:54:08.852496 Uniform: Yes
ChatterBot Alpha reevaluating
ChatterBot Tango reevaluating
ChatterBot Alpha reevaluating
ChatterBot Foxtrot reevaluating
ChatterBot Tango reevaluating
ChatterBot Foxtrot reevaluating
ChatterBot Tango reevaluating
ChatterBot Alpha reevaluating
ChatterBot Foxtrot reevaluating
ChatterBot Tango reevaluating
ChatterBot Alpha reevaluating
ChatterBot Foxtrot reevaluating
ChatterBot Tango reevaluating
ChatterBot Alpha reevaluating
ChatterBot Foxtrot reevaluating
ChatterBot Tango reevaluating
ChatterBot Alpha reevaluating
ChatterBot Foxtrot reevaluating
ChatterBot Echo reevaluating
ChatterBot Alpha reevaluating
ChatterBot Foxtrot reevaluating
ChatterBot Tango reevaluating
2024-10-14 17:54:09.011512 Echo: We should group up
ChatterBot Alpha reevaluating
ChatterBot Foxtrot reevaluating
ChatterBot Tango reevaluating
2024-10-14 17:54:09.029405 Golf: Yes
2024-10-14 17:54:09.029537 Alpha: No
2024-10-14 17:54:09.029644 Mike: Yes
2024-10-14 17:54:09.029742 Yankee: Yes
2024-10-14 17:54:09.029828 Foxtrot: Yes
2024-10-14 17:54:09.030385 Hotel: Yes
2024-10-14 17:54:09.030474 Tango: Yes
2024-10-14 17:54:09.030560 Uniform: Yes
ChatterBot Echo reevaluating
ChatterBot Alpha reevaluating
ChatterBot Foxtrot reevaluating
ChatterBot Tango reevaluating
ChatterBot Echo reevaluating
ChatterBot Foxtrot reevaluating
ChatterBot Tango reevaluating
ChatterBot Echo reevaluating
ChatterBot Alpha reevaluating
ChatterBot Foxtrot reevaluating
ChatterBot Tango reevaluating
ChatterBot Echo reevaluating
ChatterBot Alpha reevaluating
ChatterBot Foxtrot reevaluating
ChatterBot Tango reevaluating
ChatterBot Echo reevaluating
ChatterBot Alpha reevaluating
ChatterBot Tango reevaluating
ChatterBot Echo reevaluating
ChatterBot Alpha reevaluating
ChatterBot Foxtrot reevaluating
ChatterBot Tango reevaluating
ChatterBot Echo reevaluating
ChatterBot Alpha reevaluating
ChatterBot Foxtrot reevaluating
ChatterBot Echo reevaluating
ChatterBot Alpha reevaluating
ChatterBot Foxtrot reevaluating
ChatterBot Tango reevaluating
ChatterBot Tango round 3
ChatterBot Uniform round 3
2024-10-14 17:54:09.233673 Mike: Echo, Golf, Yankee, Tango and Uniform, sending you 2
2024-10-14 17:54:09.238876 Mike: Alpha and Foxtrot, sending you 1
2024-10-14 17:54:09.243688 Foxtrot: Echo, sending you 3
2024-10-14 17:54:09.244889 Golf: Echo, sending you 3
2024-10-14 17:54:09.246881 Hotel: Echo, Mike and Foxtrot, sending you 1
2024-10-14 17:54:09.247669 Foxtrot: Alpha, Golf and Yankee, sending you 2
2024-10-14 17:54:09.248292 Golf: Alpha, Mike, Hotel, Yankee, Foxtrot, Tango and Uniform, sending you 2
2024-10-14 17:54:09.248968 Yankee: Echo, sending you 3
2024-10-14 17:54:09.249558 Tango: Echo, Alpha and Foxtrot, sending you 1
2024-10-14 17:54:09.250486 Echo: Alpha, Golf, Yankee and Foxtrot, sending you 3
2024-10-14 17:54:09.251122 Uniform: Echo, Alpha and Foxtrot, sending you 1
2024-10-14 17:54:09.251811 Foxtrot: Mike, Hotel, Tango and Uniform, sending you 1
2024-10-14 17:54:09.252492 Hotel: Golf and Yankee, sending you 2
2024-10-14 17:54:09.253484 Yankee: Alpha and Foxtrot, sending you 2
2024-10-14 17:54:09.254704 Tango: Mike, Golf, Yankee and Uniform, sending you 3
2024-10-14 17:54:09.255606 Uniform: Mike, Hotel and Tango, sending you 3
2024-10-14 17:54:09.256819 Echo: Mike, sending you 2
2024-10-14 17:54:09.257568 Hotel: Tango, sending you 3
2024-10-14 17:54:09.258358 Yankee: Mike, Golf, Hotel, Tango and Uniform, sending you 1
2024-10-14 17:54:09.259948 Tango: Hotel, sending you 2
2024-10-14 17:54:09.260619 Echo: Hotel and Uniform, sending you 1
2024-10-14 17:54:09.261677 Uniform: Golf and Yankee, sending you 2
2024-10-14 17:54:09.262716 Hotel: Uniform, sending you 4
2024-10-14 17:54:09.488670 Alpha: Mike we want you to join our group
2024-10-14 17:54:09.506947 Mike: Yes
2024-10-14 17:54:09.569055 Alpha: Sending you each 3
chatterbot Mike submitting transactions
chatterbot Tango submitting transactions
chatterbot Uniform submitting transactions
chatterbot Golf submitting transactions
chatterbot Hotel submitting transactions
chatterbot Alpha submitting transactions
chatterbot Echo submitting transactions
chatterbot Yankee submitting transactions
chatterbot Lima submitting transactions
chatterbot Foxtrot submitting transactions
ChatterBot Echo round 4
ChatterBot Alpha round 4
ChatterBot Mike round 4
ChatterBot Lima round 4
ChatterBot Golf round 4
ChatterBot Hotel round 4
ChatterBot Yankee round 4
ChatterBot Foxtrot round 4
ChatterBot Tango round 4
ChatterBot Uniform round 4
2024-10-14 17:54:10.448331 Tango: We should drop Alpha
2024-10-14 17:54:10.468895 Echo: No
2024-10-14 17:54:10.469037 Mike: No
2024-10-14 17:54:10.469146 Golf: No
2024-10-14 17:54:10.469247 Yankee: No
2024-10-14 17:54:10.469364 Foxtrot: No
2024-10-14 17:54:10.469466 Hotel: No
2024-10-14 17:54:10.469564 Uniform: No
ChatterBot Echo reevaluating
ChatterBot Echo reevaluating
ChatterBot Echo reevaluating
ChatterBot Echo reevaluating
ChatterBot Echo reevaluating
2024-10-14 17:54:10.614696 Mike: Echo, Alpha, Golf, Tango and Uniform, sending you 2
2024-10-14 17:54:10.615610 Alpha: Echo, Mike, Golf, Yankee and Foxtrot, sending you 2
2024-10-14 17:54:10.617698 Mike: Yankee and Foxtrot, sending you 1
2024-10-14 17:54:10.618758 Alpha: Tango and Uniform, sending you 1
2024-10-14 17:54:10.620889 Yankee: Echo, Mike, Golf, Hotel and Foxtrot, sending you 2
2024-10-14 17:54:10.624874 Yankee: Tango and Uniform, sending you 1
2024-10-14 17:54:10.626716 Hotel: Echo, Mike and Foxtrot, sending you 1
2024-10-14 17:54:10.627690 Tango: Echo, sending you 1
2024-10-14 17:54:10.630685 Foxtrot: Echo, sending you 3
2024-10-14 17:54:10.631629 Hotel: Golf and Yankee, sending you 2
2024-10-14 17:54:10.632346 Uniform: Echo, Alpha and Foxtrot, sending you 1
2024-10-14 17:54:10.633135 Tango: Mike, Golf, Hotel and Uniform, sending you 3
2024-10-14 17:54:10.634713 Golf: Echo, Mike, Hotel, Yankee, Foxtrot, Tango and Uniform, sending you 2
2024-10-14 17:54:10.635882 Foxtrot: Alpha, Golf and Yankee, sending you 2
2024-10-14 17:54:10.636799 Hotel: Tango, sending you 3
2024-10-14 17:54:10.637661 Echo: Alpha, Golf, Yankee and Foxtrot, sending you 3
2024-10-14 17:54:10.638358 Uniform: Mike, Golf and Yankee, sending you 2
2024-10-14 17:54:10.639973 Tango: Yankee and Foxtrot, sending you 2
2024-10-14 17:54:10.640691 Golf: Alpha, sending you 3
2024-10-14 17:54:10.641416 Foxtrot: Mike, Hotel, Tango and Uniform, sending you 1
2024-10-14 17:54:10.642240 Echo: Mike, sending you 2
2024-10-14 17:54:10.642753 Hotel: Uniform, sending you 4
2024-10-14 17:54:10.643314 Uniform: Hotel, sending you 4
2024-10-14 17:54:10.645661 Echo: Hotel and Uniform, sending you 1
2024-10-14 17:54:10.646736 Uniform: Tango, sending you 3
chatterbot Alpha submitting transactions
chatterbot Yankee submitting transactions
chatterbot Tango submitting transactions
chatterbot Mike submitting transactions
chatterbot Golf submitting transactions
chatterbot Hotel submitting transactions
chatterbot Foxtrot submitting transactions
chatterbot Uniform submitting transactions
chatterbot Echo submitting transactions
chatterbot Lima submitting transactions
ChatterBot Echo round 5
ChatterBot Alpha round 5
ChatterBot Mike round 5
ChatterBot Lima round 5
ChatterBot Golf round 5
ChatterBot Hotel round 5
ChatterBot Yankee round 5
ChatterBot Foxtrot round 5
ChatterBot Tango round 5
ChatterBot Uniform round 5
2024-10-14 17:54:11.547772 Echo: We should drop Alpha
ChatterBot Uniform reevaluating
2024-10-14 17:54:11.572042 Tango: Yes
2024-10-14 17:54:11.572202 Mike: No
2024-10-14 17:54:11.572351 Golf: No
2024-10-14 17:54:11.572498 Yankee: No
2024-10-14 17:54:11.572686 Foxtrot: No
2024-10-14 17:54:11.572856 Hotel: No
2024-10-14 17:54:11.572992 Uniform: Yes
ChatterBot Uniform reevaluating
ChatterBot Echo reevaluating
ChatterBot Uniform reevaluating
ChatterBot Tango reevaluating
ChatterBot Echo reevaluating
ChatterBot Uniform reevaluating
ChatterBot Tango reevaluating
ChatterBot Echo reevaluating
ChatterBot Uniform reevaluating
ChatterBot Tango reevaluating
ChatterBot Echo reevaluating
ChatterBot Uniform reevaluating
ChatterBot Tango reevaluating
ChatterBot Echo reevaluating
ChatterBot Uniform reevaluating
ChatterBot Tango reevaluating
ChatterBot Echo reevaluating
2024-10-14 17:54:11.743673 Mike: Echo, Alpha, Golf, Yankee, Tango and Uniform, sending you 2
2024-10-14 17:54:11.744670 Alpha: Echo, sending you 3
2024-10-14 17:54:11.748684 Golf: Echo, sending you 3
2024-10-14 17:54:11.750132 Alpha: Mike, Golf and Foxtrot, sending you 2
2024-10-14 17:54:11.752656 Hotel: Echo, Mike and Foxtrot, sending you 1
2024-10-14 17:54:11.754685 Golf: Alpha, Mike, Hotel, Yankee, Foxtrot, Tango and Uniform, sending you 2
2024-10-14 17:54:11.755880 Tango: Echo, sending you 1
2024-10-14 17:54:11.756393 Alpha: Yankee, Tango and Uniform, sending you 1
2024-10-14 17:54:11.756831 Yankee: Echo, sending you 3
2024-10-14 17:54:11.757463 Hotel: Golf and Yankee, sending you 2
2024-10-14 17:54:11.758487 Echo: Mike, Golf and Yankee, sending you 3
2024-10-14 17:54:11.760665 Tango: Mike, Golf, Hotel and Uniform, sending you 3
2024-10-14 17:54:11.761666 Yankee: Alpha, Mike, Hotel, Tango and Uniform, sending you 1
2024-10-14 17:54:11.762379 Hotel: Tango, sending you 3
2024-10-14 17:54:11.763007 Foxtrot: Echo, sending you 3
2024-10-14 17:54:11.763704 Echo: Hotel, Tango and Uniform, sending you 1
2024-10-14 17:54:11.764431 Uniform: Echo, Mike, Golf, Yankee and Foxtrot, sending you 2
2024-10-14 17:54:11.765280 Tango: Yankee and Foxtrot, sending you 2
2024-10-14 17:54:11.766678 Yankee: Golf and Foxtrot, sending you 2
2024-10-14 17:54:11.768045 Hotel: Uniform, sending you 4
2024-10-14 17:54:11.768737 Foxtrot: Alpha, Golf and Yankee, sending you 2
2024-10-14 17:54:11.769430 Uniform: Hotel and Tango, sending you 3
2024-10-14 17:54:11.770099 Echo: Foxtrot, sending you 4
2024-10-14 17:54:11.772671 Foxtrot: Mike, Hotel, Tango and Uniform, sending you 1
chatterbot Mike submitting transactions
chatterbot Alpha submitting transactions
chatterbot Yankee submitting transactions
chatterbot Tango submitting transactions
chatterbot Lima submitting transactions
chatterbot Foxtrot submitting transactions
chatterbot Uniform submitting transactions
chatterbot Hotel submitting transactions
chatterbot Golf submitting transactions
chatterbot Echo submitting transactions
ChatterBot Echo round 6
ChatterBot Alpha round 6
ChatterBot Mike round 6
ChatterBot Lima round 6
ChatterBot Golf round 6
ChatterBot Hotel round 6
2024-10-14 17:54:12.878646 Alpha: We should replace Yankee with Hotel
2024-10-14 17:54:12.907884 Echo: No
2024-10-14 17:54:12.908118 Mike: No
2024-10-14 17:54:12.908295 Golf: No
2024-10-14 17:54:12.908474 Foxtrot: No
2024-10-14 17:54:12.908652 Tango: No
2024-10-14 17:54:12.908934 Uniform: No
ChatterBot Alpha reevaluating
ChatterBot Echo reevaluating
ChatterBot Alpha reevaluating
ChatterBot Echo reevaluating
ChatterBot Alpha reevaluating
ChatterBot Echo reevaluating
ChatterBot Alpha reevaluating
ChatterBot Echo reevaluating
ChatterBot Yankee round 6
ChatterBot Foxtrot round 6
ChatterBot Tango round 6
ChatterBot Uniform round 6
2024-10-14 17:54:13.048251 Alpha: Hotel we want you to join our group
2024-10-14 17:54:13.051420 Hotel: Yes
ChatterBot Alpha reevaluating
2024-10-14 17:54:13.072264 Yankee: We should drop Alpha
2024-10-14 17:54:13.092475 Tango: Yes
2024-10-14 17:54:13.092618 Echo: Yes
2024-10-14 17:54:13.092736 Mike: No
2024-10-14 17:54:13.092841 Golf: No
2024-10-14 17:54:13.092941 Foxtrot: No
2024-10-14 17:54:13.093038 Hotel: No
2024-10-14 17:54:13.093124 Uniform: No
ChatterBot Yankee reevaluating
ChatterBot Yankee reevaluating
ChatterBot Uniform reevaluating
ChatterBot Yankee reevaluating
ChatterBot Uniform reevaluating
ChatterBot Yankee reevaluating
ChatterBot Uniform reevaluating
ChatterBot Yankee reevaluating
ChatterBot Uniform reevaluating
ChatterBot Yankee reevaluating
ChatterBot Uniform reevaluating
ChatterBot Yankee reevaluating
2024-10-14 17:54:13.235681 Mike: Echo, Alpha, Golf, Tango and Uniform, sending you 2
2024-10-14 17:54:13.236536 Echo: Mike, sending you 2
2024-10-14 17:54:13.237688 Hotel: Echo, Mike and Foxtrot, sending you 1
2024-10-14 17:54:13.238867 Golf: Echo, sending you 3
2024-10-14 17:54:13.240680 Mike: Yankee and Foxtrot, sending you 1
2024-10-14 17:54:13.241584 Echo: Golf, sending you 3
2024-10-14 17:54:13.242176 Hotel: Golf and Yankee, sending you 2
2024-10-14 17:54:13.243684 Golf: Alpha, Mike, Hotel, Yankee, Foxtrot, Tango and Uniform, sending you 2
2024-10-14 17:54:13.246108 Hotel: Tango, sending you 3
2024-10-14 17:54:13.246891 Foxtrot: Echo, sending you 3
2024-10-14 17:54:13.247600 Echo: Hotel, Tango and Uniform, sending you 1
2024-10-14 17:54:13.248098 Alpha: Echo, Mike and Foxtrot, sending you 2
2024-10-14 17:54:13.249681 Hotel: Uniform, sending you 4
2024-10-14 17:54:13.250767 Foxtrot: Alpha, Golf and Yankee, sending you 2
2024-10-14 17:54:13.252168 Uniform: Echo, Mike, Golf, Yankee, Foxtrot and Tango, sending you 2
2024-10-14 17:54:13.253186 Echo: Yankee and Foxtrot, sending you 4
2024-10-14 17:54:13.253829 Alpha: Golf, sending you 3
2024-10-14 17:54:13.256684 Foxtrot: Mike, Hotel, Tango and Uniform, sending you 1
2024-10-14 17:54:13.258441 Uniform: Alpha, sending you 1
2024-10-14 17:54:13.259190 Tango: Echo, sending you 1
2024-10-14 17:54:13.259632 Alpha: Hotel, Tango and Uniform, sending you 1
2024-10-14 17:54:13.263688 Uniform: Hotel, sending you 3
2024-10-14 17:54:13.264988 Tango: Mike, Golf, Hotel and Uniform, sending you 3
2024-10-14 17:54:13.265991 Yankee: Echo, sending you 3
2024-10-14 17:54:13.269073 Tango: Yankee and Foxtrot, sending you 2
2024-10-14 17:54:13.271668 Yankee: Alpha, Mike, Hotel, Tango and Uniform, sending you 1
2024-10-14 17:54:13.276675 Yankee: Golf and Foxtrot, sending you 2
chatterbot Tango submitting transactions
chatterbot Echo submitting transactions
chatterbot Uniform submitting transactions
chatterbot Alpha submitting transactions
chatterbot Yankee submitting transactions
chatterbot Mike submitting transactions
chatterbot Lima submitting transactions
chatterbot Foxtrot submitting transactions
chatterbot Hotel submitting transactions
chatterbot Golf submitting transactions
ChatterBot Echo round 7
ChatterBot Alpha round 7
ChatterBot Mike round 7
ChatterBot Lima round 7
ChatterBot Golf round 7
ChatterBot Hotel round 7
ChatterBot Yankee round 7
2024-10-14 17:54:14.176870 Echo: We should replace Tango with Alpha
2024-10-14 17:54:14.198808 Mike: No
2024-10-14 17:54:14.198996 Golf: No
2024-10-14 17:54:14.199131 Yankee: No
2024-10-14 17:54:14.199254 Foxtrot: No
2024-10-14 17:54:14.199385 Hotel: No
2024-10-14 17:54:14.199500 Uniform: No
ChatterBot Echo reevaluating
ChatterBot Echo reevaluating
ChatterBot Echo reevaluating
ChatterBot Echo reevaluating
ChatterBot Echo reevaluating
ChatterBot Echo reevaluating
ChatterBot Foxtrot round 7
ChatterBot Tango round 7
ChatterBot Uniform round 7
2024-10-14 17:54:14.349850 Uniform: We should drop Alpha
ChatterBot Echo reevaluating
2024-10-14 17:54:14.370497 Tango: Yes
2024-10-14 17:54:14.370712 Echo: Yes
2024-10-14 17:54:14.370846 Mike: No
2024-10-14 17:54:14.370959 Golf: No
2024-10-14 17:54:14.371065 Yankee: No
2024-10-14 17:54:14.371171 Foxtrot: No
2024-10-14 17:54:14.371278 Hotel: No
ChatterBot Echo reevaluating
ChatterBot Uniform reevaluating
ChatterBot Yankee reevaluating
ChatterBot Uniform reevaluating
ChatterBot Echo reevaluating
ChatterBot Yankee reevaluating
ChatterBot Uniform reevaluating
ChatterBot Echo reevaluating
ChatterBot Yankee reevaluating
ChatterBot Uniform reevaluating
ChatterBot Echo reevaluating
ChatterBot Uniform reevaluating
ChatterBot Echo reevaluating
ChatterBot Yankee reevaluating
ChatterBot Uniform reevaluating
ChatterBot Echo reevaluating
ChatterBot Yankee reevaluating
ChatterBot Uniform reevaluating
2024-10-14 17:54:14.505868 Mike: Echo, Alpha, Golf, Tango and Uniform, sending you 2
2024-10-14 17:54:14.506964 Alpha: Echo, Mike and Foxtrot, sending you 2
2024-10-14 17:54:14.509710 Mike: Yankee and Foxtrot, sending you 1
2024-10-14 17:54:14.511230 Golf: Echo, sending you 3
2024-10-14 17:54:14.512043 Hotel: Echo, Alpha, Mike and Foxtrot, sending you 1
2024-10-14 17:54:14.512882 Tango: Echo, sending you 1
2024-10-14 17:54:14.513478 Foxtrot: Echo, sending you 3
2024-10-14 17:54:14.515131 Alpha: Golf, sending you 3
2024-10-14 17:54:14.515661 Golf: Alpha, Mike, Hotel, Yankee, Foxtrot, Tango and Uniform, sending you 2
2024-10-14 17:54:14.516481 Tango: Mike, Golf, Hotel and Uniform, sending you 3
2024-10-14 17:54:14.517685 Hotel: Golf, Yankee and Tango, sending you 2
2024-10-14 17:54:14.519679 Foxtrot: Alpha, Golf and Yankee, sending you 2
2024-10-14 17:54:14.520665 Alpha: Hotel, Tango and Uniform, sending you 1
2024-10-14 17:54:14.521214 Tango: Yankee and Foxtrot, sending you 2
2024-10-14 17:54:14.522680 Hotel: Uniform, sending you 4
2024-10-14 17:54:14.525148 Foxtrot: Mike, Hotel, Tango and Uniform, sending you 1
2024-10-14 17:54:14.526934 Echo: Mike and Uniform, sending you 2
2024-10-14 17:54:14.532682 Echo: Golf and Yankee, sending you 3
2024-10-14 17:54:14.535678 Echo: Hotel and Tango, sending you 1
2024-10-14 17:54:14.538673 Echo: Foxtrot, sending you 4
2024-10-14 17:54:14.544056 Uniform: Echo, Mike, Golf, Yankee and Foxtrot, sending you 2
2024-10-14 17:54:14.548672 Uniform: Hotel and Tango, sending you 3
chatterbot Tango submitting transactions
chatterbot Hotel submitting transactions
chatterbot Foxtrot submitting transactions
chatterbot Golf submitting transactions
chatterbot Echo submitting transactions
chatterbot Alpha submitting transactions
chatterbot Yankee submitting transactions
chatterbot Mike submitting transactions
chatterbot Uniform submitting transactions
chatterbot Lima submitting transactions
ChatterBot Echo round 8
ChatterBot Alpha round 8
ChatterBot Mike round 8
ChatterBot Lima round 8
ChatterBot Golf round 8
ChatterBot Hotel round 8
ChatterBot Yankee round 8
ChatterBot Foxtrot round 8
ChatterBot Tango round 8
ChatterBot Uniform round 8
2024-10-14 17:54:15.575103 Echo: We should replace Yankee with Alpha
ChatterBot Tango reevaluating
ChatterBot Uniform reevaluating
2024-10-14 17:54:15.605800 Mike: No
2024-10-14 17:54:15.605957 Golf: No
2024-10-14 17:54:15.606069 Foxtrot: No
2024-10-14 17:54:15.606171 Hotel: No
2024-10-14 17:54:15.606272 Tango: Yes
2024-10-14 17:54:15.606368 Uniform: No
ChatterBot Echo reevaluating
ChatterBot Tango reevaluating
ChatterBot Uniform reevaluating
ChatterBot Echo reevaluating
ChatterBot Tango reevaluating
ChatterBot Uniform reevaluating
ChatterBot Echo reevaluating
ChatterBot Tango reevaluating
ChatterBot Uniform reevaluating
ChatterBot Echo reevaluating
ChatterBot Tango reevaluating
ChatterBot Uniform reevaluating
ChatterBot Echo reevaluating
ChatterBot Uniform reevaluating
ChatterBot Echo reevaluating
ChatterBot Tango reevaluating
2024-10-14 17:54:15.720362 Alpha: We should replace Uniform with Yankee
ChatterBot Echo reevaluating
ChatterBot Tango reevaluating
2024-10-14 17:54:15.736546 Echo: No
2024-10-14 17:54:15.736689 Mike: No
2024-10-14 17:54:15.736822 Golf: No
2024-10-14 17:54:15.736926 Foxtrot: No
2024-10-14 17:54:15.737016 Hotel: No
2024-10-14 17:54:15.737104 Tango: No
ChatterBot Alpha reevaluating
ChatterBot Tango reevaluating
ChatterBot Alpha reevaluating
ChatterBot Echo reevaluating
ChatterBot Tango reevaluating
ChatterBot Alpha reevaluating
ChatterBot Echo reevaluating
ChatterBot Tango reevaluating
ChatterBot Alpha reevaluating
ChatterBot Echo reevaluating
ChatterBot Tango reevaluating
ChatterBot Alpha reevaluating
ChatterBot Echo reevaluating
ChatterBot Tango reevaluating
ChatterBot Alpha reevaluating
ChatterBot Echo reevaluating
2024-10-14 17:54:15.848183 Uniform: We should add Alpha
ChatterBot Tango reevaluating
ChatterBot Echo reevaluating
ChatterBot Yankee reevaluating
2024-10-14 17:54:15.869191 Tango: Yes
2024-10-14 17:54:15.869332 Echo: Yes
2024-10-14 17:54:15.869447 Mike: Yes
2024-10-14 17:54:15.869546 Golf: Yes
2024-10-14 17:54:15.869654 Yankee: Yes
2024-10-14 17:54:15.869789 Foxtrot: Yes
2024-10-14 17:54:15.869887 Hotel: Yes
ChatterBot Echo reevaluating
ChatterBot Yankee reevaluating
ChatterBot Uniform reevaluating
ChatterBot Tango reevaluating
ChatterBot Yankee reevaluating
ChatterBot Uniform reevaluating
ChatterBot Tango reevaluating
ChatterBot Echo reevaluating
ChatterBot Yankee reevaluating
ChatterBot Uniform reevaluating
ChatterBot Tango reevaluating
ChatterBot Echo reevaluating
ChatterBot Yankee reevaluating
ChatterBot Uniform reevaluating
ChatterBot Tango reevaluating
ChatterBot Echo reevaluating
ChatterBot Uniform reevaluating
ChatterBot Tango reevaluating
ChatterBot Echo reevaluating
ChatterBot Yankee reevaluating
ChatterBot Uniform reevaluating
ChatterBot Tango reevaluating
ChatterBot Echo reevaluating
ChatterBot Yankee reevaluating
ChatterBot Uniform reevaluating
2024-10-14 17:54:16.038717 Uniform: Alpha we want you to join our group
ChatterBot Alpha reevaluating
2024-10-14 17:54:16.044564 Alpha: No
ChatterBot Echo reevaluating
ChatterBot Yankee reevaluating
2024-10-14 17:54:16.075018 Echo: We should replace Mike with Alpha
ChatterBot Yankee reevaluating
ChatterBot Tango reevaluating
2024-10-14 17:54:16.096789 Golf: No
2024-10-14 17:54:16.096945 Yankee: No
2024-10-14 17:54:16.097114 Foxtrot: No
2024-10-14 17:54:16.097234 Hotel: No
2024-10-14 17:54:16.097342 Tango: No
2024-10-14 17:54:16.097447 Uniform: No
ChatterBot Echo reevaluating
ChatterBot Yankee reevaluating
ChatterBot Tango reevaluating
ChatterBot Echo reevaluating
ChatterBot Tango reevaluating
ChatterBot Echo reevaluating
ChatterBot Yankee reevaluating
ChatterBot Tango reevaluating
ChatterBot Echo reevaluating
ChatterBot Yankee reevaluating
ChatterBot Tango reevaluating
ChatterBot Echo reevaluating
ChatterBot Yankee reevaluating
ChatterBot Echo reevaluating
ChatterBot Yankee reevaluating
ChatterBot Tango reevaluating
2024-10-14 17:54:16.209386 Echo: We should replace Tango with Alpha
2024-10-14 17:54:16.226891 Mike: No
2024-10-14 17:54:16.227042 Golf: No
2024-10-14 17:54:16.227141 Yankee: No
2024-10-14 17:54:16.227245 Foxtrot: No
2024-10-14 17:54:16.227335 Hotel: No
2024-10-14 17:54:16.227421 Uniform: No
ChatterBot Echo reevaluating
ChatterBot Echo reevaluating
ChatterBot Echo reevaluating
ChatterBot Echo reevaluating
ChatterBot Echo reevaluating
chatterbot Mike submitting transactions
2024-10-14 17:54:16.322792 Foxtrot: Echo, sending you 3
2024-10-14 17:54:16.323781 Tango: Alpha we want you to join our group
ChatterBot Alpha reevaluating
2024-10-14 17:54:16.327359 Alpha: Yes
ChatterBot Echo reevaluating
ChatterBot Tango reevaluating
2024-10-14 17:54:16.346449 Echo: We should replace Hotel with Alpha
ChatterBot Tango reevaluating
2024-10-14 17:54:16.361394 Mike: No
2024-10-14 17:54:16.361518 Golf: No
2024-10-14 17:54:16.361638 Yankee: No
2024-10-14 17:54:16.361764 Foxtrot: No
2024-10-14 17:54:16.361849 Tango: No
2024-10-14 17:54:16.361928 Uniform: No
ChatterBot Echo reevaluating
ChatterBot Tango reevaluating
ChatterBot Echo reevaluating
ChatterBot Tango reevaluating
ChatterBot Echo reevaluating
ChatterBot Tango reevaluating
ChatterBot Echo reevaluating
ChatterBot Tango reevaluating
ChatterBot Echo reevaluating
ChatterBot Echo reevaluating
ChatterBot Tango reevaluating
2024-10-14 17:54:16.456595 Golf: Echo, sending you 3
2024-10-14 17:54:16.457393 Hotel: Echo, Alpha, Mike and Foxtrot, sending you 1
2024-10-14 17:54:16.458113 Mike: Echo, Alpha, Golf, Tango and Uniform, sending you 2
2024-10-14 17:54:16.459273 Foxtrot: Alpha, Golf and Yankee, sending you 2
chatterbot Lima submitting transactions
2024-10-14 17:54:16.460655 Golf: Alpha, Mike, Hotel, Yankee, Foxtrot, Tango and Uniform, sending you 2
2024-10-14 17:54:16.461733 Hotel: Golf, Yankee and Tango, sending you 2
2024-10-14 17:54:16.463316 Mike: Yankee and Foxtrot, sending you 1
2024-10-14 17:54:16.464227 Echo: Alpha we want you to join our group
ChatterBot Alpha reevaluating
2024-10-14 17:54:16.469072 Alpha: No
ChatterBot Echo reevaluating
2024-10-14 17:54:16.495806 Foxtrot: Mike, Hotel, Tango and Uniform, sending you 1
2024-10-14 17:54:16.497442 Uniform: Echo, Mike, Golf, Yankee, Foxtrot and Tango, sending you 2
2024-10-14 17:54:16.498440 Hotel: Uniform, sending you 4
2024-10-14 17:54:16.501719 Uniform: Alpha, sending you 1
2024-10-14 17:54:16.506731 Uniform: Hotel, sending you 3
2024-10-14 17:54:16.522669 Alpha: Echo, Mike and Foxtrot, sending you 2
2024-10-14 17:54:16.527682 Alpha: Golf, sending you 3
2024-10-14 17:54:16.529705 Echo: Alpha and Mike, sending you 2
2024-10-14 17:54:16.533705 Alpha: Hotel, Tango and Uniform, sending you 1
