ChatterBot Hotel round 1
ChatterBot Oscar round 1
ChatterBot Foxtrot round 1
ChatterBot Juliett round 1
ChatterBot Mike round 1
ChatterBot X-ray round 1
ChatterBot Victor round 1
ChatterBot Kilo round 1
ChatterBot Tango round 1
ChatterBot Charlie round 1
randomSelections Mike: {Mike, Oscar, Kilo, Juliett} 
2024-10-14 17:54:04.632341 Mike: Let's form a team
ChatterBot Oscar reevaluating
ChatterBot Kilo reevaluating
ChatterBot Juliett reevaluating
2024-10-14 17:54:04.649486 Oscar: Yes
2024-10-14 17:54:04.649705 Kilo: Yes
2024-10-14 17:54:04.649873 Juliett: Yes
ChatterBot Kilo reevaluating
ChatterBot Juliett reevaluating
ChatterBot Oscar reevaluating
ChatterBot Juliett reevaluating
ChatterBot Oscar reevaluating
ChatterBot Kilo reevaluating
randomSelections Hotel: {Hotel, Kilo, Victor} 
2024-10-14 17:54:04.676473 Hotel: Group up?
ChatterBot Kilo reevaluating
ChatterBot Victor reevaluating
2024-10-14 17:54:04.681970 Kilo: No
2024-10-14 17:54:04.682148 Victor: Yes
ChatterBot Victor reevaluating
ChatterBot Kilo reevaluating
randomSelections X-ray: {X-ray, Hotel, Victor, Kilo, Oscar, Foxtrot} 
2024-10-14 17:54:04.696075 X-ray: We should group up
ChatterBot Victor reevaluating
ChatterBot Kilo reevaluating
ChatterBot Oscar reevaluating
ChatterBot Foxtrot reevaluating
2024-10-14 17:54:04.705733 Hotel: No
2024-10-14 17:54:04.705903 Victor: No
2024-10-14 17:54:04.706535 Kilo: No
2024-10-14 17:54:04.706707 Oscar: No
2024-10-14 17:54:04.706876 Foxtrot: Yes
ChatterBot Victor reevaluating
ChatterBot Kilo reevaluating
ChatterBot Oscar reevaluating
ChatterBot Foxtrot reevaluating
ChatterBot Kilo reevaluating
ChatterBot Oscar reevaluating
ChatterBot Foxtrot reevaluating
ChatterBot Victor reevaluating
ChatterBot Oscar reevaluating
ChatterBot Foxtrot reevaluating
ChatterBot Victor reevaluating
ChatterBot Kilo reevaluating
ChatterBot Foxtrot reevaluating
ChatterBot Victor reevaluating
ChatterBot Kilo reevaluating
ChatterBot Oscar reevaluating
randomSelections Tango: {Tango, Mike, Foxtrot, Hotel} 
2024-10-14 17:54:04.819620 Tango: Group up?
ChatterBot Foxtrot reevaluating
2024-10-14 17:54:04.825088 Mike: No
2024-10-14 17:54:04.825468 Foxtrot: No
2024-10-14 17:54:04.826158 Hotel: No
ChatterBot Foxtrot reevaluating
ChatterBot Foxtrot reevaluating
randomSelections Charlie: {Charlie, Tango, Mike, Juliett, Kilo, Oscar} 
2024-10-14 17:54:04.846325 Charlie: Group up?
ChatterBot Juliett reevaluating
ChatterBot Kilo reevaluating
ChatterBot Oscar reevaluating
2024-10-14 17:54:04.856108 Tango: No
2024-10-14 17:54:04.856476 Mike: No
2024-10-14 17:54:04.856723 Juliett: No
2024-10-14 17:54:04.856968 Kilo: No
2024-10-14 17:54:04.857699 Oscar: No
ChatterBot Juliett reevaluating
ChatterBot Kilo reevaluating
ChatterBot Oscar reevaluating
ChatterBot Juliett reevaluating
ChatterBot Kilo reevaluating
ChatterBot Oscar reevaluating
ChatterBot Kilo reevaluating
ChatterBot Oscar reevaluating
ChatterBot Juliett reevaluating
ChatterBot Oscar reevaluating
ChatterBot Juliett reevaluating
ChatterBot Kilo reevaluating
chatterbot Mike submitting transactions
2024-10-14 17:54:04.923 Victor: Sending you each 5
2024-10-14 17:54:04.924725 Foxtrot: Oscar and Victor, sending you 3
2024-10-14 17:54:04.925194 Charlie: Oscar, sending you 1
2024-10-14 17:54:04.927427 Mike: Oscar, sending you 5
2024-10-14 17:54:04.927944 Tango: Hotel, Foxtrot and Mike, sending you 5
2024-10-14 17:54:04.928708 Foxtrot: X-ray, sending you 2
2024-10-14 17:54:04.929876 Charlie: Juliett, sending you 3
2024-10-14 17:54:04.930729 Mike: Juliett, sending you 3
2024-10-14 17:54:04.932995 Charlie: Mike, sending you 4
2024-10-14 17:54:04.934609 Foxtrot: Kilo, sending you 5
2024-10-14 17:54:04.935020 Hotel: Victor, sending you 7
2024-10-14 17:54:04.935412 Oscar: Juliett, sending you 5
2024-10-14 17:54:04.936859 Mike: Kilo, sending you 4
2024-10-14 17:54:04.937196 X-ray: Hotel and Victor, sending you 3
2024-10-14 17:54:04.937605 Charlie: Kilo and Tango, sending you 5
2024-10-14 17:54:04.937954 Juliett: Oscar, sending you 2
2024-10-14 17:54:04.940048 Hotel: Kilo, sending you 10
2024-10-14 17:54:04.940482 Oscar: Mike and Kilo, sending you 3
2024-10-14 17:54:04.941720 Kilo: Oscar, Juliett and Mike, sending you 4
2024-10-14 17:54:04.942187 X-ray: Oscar, sending you 1
2024-10-14 17:54:04.943716 Juliett: Mike and Kilo, sending you 7
2024-10-14 17:54:04.948695 X-ray: Foxtrot, sending you 5
2024-10-14 17:54:04.954688 X-ray: Kilo, sending you 2
chatterbot Foxtrot submitting transactions
chatterbot Victor submitting transactions
chatterbot Hotel submitting transactions
chatterbot X-ray submitting transactions
chatterbot Oscar submitting transactions
chatterbot Charlie submitting transactions
chatterbot Kilo submitting transactions
chatterbot Tango submitting transactions
chatterbot Juliett submitting transactions
ChatterBot Hotel round 2
ChatterBot Oscar round 2
ChatterBot Foxtrot round 2
ChatterBot Juliett round 2
ChatterBot Mike round 2
ChatterBot X-ray round 2
ChatterBot Victor round 2
ChatterBot Kilo round 2
2024-10-14 17:54:05.750866 Foxtrot: Can we be friends?
ChatterBot X-ray reevaluating
ChatterBot Tango reevaluating
2024-10-14 17:54:05.772196 X-ray: Yes
2024-10-14 17:54:05.772446 Tango: No
ChatterBot Tango reevaluating
ChatterBot X-ray reevaluating
ChatterBot Tango round 2
ChatterBot Charlie round 2
2024-10-14 17:54:05.814022 Victor: Group up?
ChatterBot X-ray reevaluating
ChatterBot Hotel reevaluating
2024-10-14 17:54:05.822036 Foxtrot: No
2024-10-14 17:54:05.822148 X-ray: Yes
2024-10-14 17:54:05.822229 Hotel: Yes
ChatterBot X-ray reevaluating
ChatterBot Hotel reevaluating
ChatterBot Hotel reevaluating
ChatterBot Foxtrot reevaluating
ChatterBot X-ray reevaluating
2024-10-14 17:54:05.847158 Kilo: We should add Charlie
ChatterBot Mike reevaluating
ChatterBot Oscar reevaluating
2024-10-14 17:54:05.854080 Mike: Yes
2024-10-14 17:54:05.854215 Oscar: Yes
2024-10-14 17:54:05.854316 Juliett: No
ChatterBot Oscar reevaluating
ChatterBot Mike reevaluating
ChatterBot Mike reevaluating
ChatterBot Oscar reevaluating
2024-10-14 17:54:05.874066 Oscar: We should add Charlie and Foxtrot
ChatterBot Mike reevaluating
2024-10-14 17:54:05.880780 Mike: No
2024-10-14 17:54:05.880892 Kilo: No
2024-10-14 17:54:05.880980 Juliett: No
ChatterBot Oscar reevaluating
ChatterBot Mike reevaluating
ChatterBot Oscar reevaluating
ChatterBot Mike reevaluating
ChatterBot Oscar reevaluating
2024-10-14 17:54:05.913462 Charlie: Let's form a team
ChatterBot Foxtrot reevaluating
ChatterBot X-ray reevaluating
2024-10-14 17:54:05.921204 Foxtrot: Yes
2024-10-14 17:54:05.921337 X-ray: Yes
2024-10-14 17:54:05.921434 Tango: Yes
ChatterBot X-ray reevaluating
ChatterBot Foxtrot reevaluating
ChatterBot Foxtrot reevaluating
ChatterBot X-ray reevaluating
2024-10-14 17:54:05.944943 Kilo: Charlie we want you to join our group
2024-10-14 17:54:05.947592 Charlie: No
ChatterBot Oscar reevaluating
ChatterBot Mike reevaluating
2024-10-14 17:54:05.963671 Victor: Hotel, Foxtrot and X-ray, sending you 4
2024-10-14 17:54:05.964672 Mike: Charlie and Tango we want you to join our group
2024-10-14 17:54:05.971419 Charlie: No
2024-10-14 17:54:05.971620 Tango: No
ChatterBot Mike reevaluating
ChatterBot Mike reevaluating
2024-10-14 17:54:06.002744 Oscar: Charlie we want you to join our group
2024-10-14 17:54:06.006274 Charlie: No
ChatterBot Mike reevaluating
2024-10-14 17:54:06.017349 Juliett: Oscar, sending you 6
2024-10-14 17:54:06.019671 Kilo: Oscar, Juliett and Charlie, sending you 3
2024-10-14 17:54:06.020691 Juliett: Mike and Kilo, sending you 5
2024-10-14 17:54:06.021066 Tango: Charlie, sending you 4
2024-10-14 17:54:06.021371 Foxtrot: X-ray and Tango, sending you 5
2024-10-14 17:54:06.021737 Charlie: Foxtrot, sending you 6
2024-10-14 17:54:06.022 X-ray: Hotel, Victor, Tango and Charlie, sending you 1
2024-10-14 17:54:06.022749 Hotel: Foxtrot, sending you 3
2024-10-14 17:54:06.023712 Kilo: Mike, sending you 4
2024-10-14 17:54:06.024715 Foxtrot: Charlie, sending you 3
2024-10-14 17:54:06.025115 Charlie: X-ray and Tango, sending you 5
2024-10-14 17:54:06.025943 Hotel: X-ray, sending you 6
2024-10-14 17:54:06.026741 X-ray: Foxtrot, sending you 5
2024-10-14 17:54:06.030683 Hotel: Victor, sending you 8
2024-10-14 17:54:06.034676 Oscar: Juliett and Charlie, sending you 2
2024-10-14 17:54:06.037691 Oscar: Mike, sending you 4
2024-10-14 17:54:06.042678 Oscar: Kilo, sending you 3
2024-10-14 17:54:06.046686 Mike: Oscar, Kilo, Tango and Charlie, sending you 2
2024-10-14 17:54:06.051680 Mike: Juliett, sending you 4
chatterbot Kilo submitting transactions
chatterbot Tango submitting transactions
chatterbot Charlie submitting transactions
chatterbot Juliett submitting transactions
chatterbot Victor submitting transactions
chatterbot Hotel submitting transactions
chatterbot Oscar submitting transactions
chatterbot Mike submitting transactions
chatterbot X-ray submitting transactions
chatterbot Foxtrot submitting transactions
ChatterBot Hotel round 3
ChatterBot Oscar round 3
ChatterBot Foxtrot round 3
ChatterBot Juliett round 3
ChatterBot Mike round 3
ChatterBot X-ray round 3
ChatterBot Victor round 3
2024-10-14 17:54:08.590107 Foxtrot: We should add Hotel and Victor
ChatterBot Charlie reevaluating
ChatterBot X-ray reevaluating
2024-10-14 17:54:08.611343 Charlie: No
2024-10-14 17:54:08.611648 X-ray: Yes
2024-10-14 17:54:08.612207 Tango: No
ChatterBot X-ray reevaluating
ChatterBot Charlie reevaluating
ChatterBot Charlie reevaluating
ChatterBot Foxtrot reevaluating
ChatterBot X-ray reevaluating
ChatterBot Kilo round 3
ChatterBot Tango round 3
ChatterBot Charlie round 3
2024-10-14 17:54:08.709626 Mike: We should drop Charlie and Tango
2024-10-14 17:54:08.720306 Oscar: No
2024-10-14 17:54:08.720455 Kilo: Yes
2024-10-14 17:54:08.720565 Juliett: Yes
ChatterBot Kilo reevaluating
ChatterBot Mike reevaluating
ChatterBot Oscar reevaluating
ChatterBot Mike reevaluating
ChatterBot Oscar reevaluating
ChatterBot Kilo reevaluating
2024-10-14 17:54:08.754668 Hotel: Foxtrot, sending you 3
2024-10-14 17:54:08.755139 Juliett: Oscar and Mike, sending you 5
2024-10-14 17:54:08.757783 Oscar: We should drop Charlie
ChatterBot Mike reevaluating
ChatterBot Kilo reevaluating
2024-10-14 17:54:08.770687 Mike: Yes
2024-10-14 17:54:08.770861 Kilo: Yes
2024-10-14 17:54:08.770997 Juliett: Yes
ChatterBot Oscar reevaluating
ChatterBot Kilo reevaluating
ChatterBot Mike reevaluating
ChatterBot Oscar reevaluating
ChatterBot Mike reevaluating
ChatterBot Oscar reevaluating
ChatterBot Kilo reevaluating
2024-10-14 17:54:08.808805 Juliett: Kilo, sending you 6
2024-10-14 17:54:08.809125 Hotel: X-ray, sending you 5
2024-10-14 17:54:08.811665 Foxtrot: X-ray, sending you 6
2024-10-14 17:54:08.812694 Hotel: Victor, sending you 9
2024-10-14 17:54:08.813662 Tango: Foxtrot, sending you 5
2024-10-14 17:54:08.814033 Charlie: Oscar and Mike, sending you 3
2024-10-14 17:54:08.814480 X-ray: Hotel and Foxtrot, sending you 4
2024-10-14 17:54:08.815813 Victor: Hotel and X-ray, sending you 4
2024-10-14 17:54:08.816675 Charlie: Juliett, sending you 1
2024-10-14 17:54:08.817689 Foxtrot: Tango and Charlie, sending you 5
2024-10-14 17:54:08.818695 Tango: X-ray, sending you 1
2024-10-14 17:54:08.821332 X-ray: Victor and Charlie, sending you 3
2024-10-14 17:54:08.821724 Victor: Foxtrot, sending you 3
2024-10-14 17:54:08.821989 Charlie: Kilo, sending you 6
2024-10-14 17:54:08.824070 Tango: Charlie, sending you 4
2024-10-14 17:54:08.827016 X-ray: Tango, sending you 1
2024-10-14 17:54:08.827409 Charlie: Tango, sending you 5
2024-10-14 17:54:08.836677 Kilo: Oscar and Mike, sending you 4
2024-10-14 17:54:08.840697 Kilo: Juliett, sending you 3
chatterbot Tango submitting transactions
chatterbot Mike submitting transactions
chatterbot Victor submitting transactions
chatterbot Foxtrot submitting transactions
chatterbot Oscar submitting transactions
chatterbot Hotel submitting transactions
chatterbot Juliett submitting transactions
chatterbot Kilo submitting transactions
chatterbot X-ray submitting transactions
chatterbot Charlie submitting transactions
ChatterBot Hotel round 4
ChatterBot Oscar round 4
ChatterBot Foxtrot round 4
ChatterBot Juliett round 4
ChatterBot Mike round 4
ChatterBot X-ray round 4
ChatterBot Victor round 4
ChatterBot Kilo round 4
ChatterBot Tango round 4
ChatterBot Charlie round 4
2024-10-14 17:54:09.905045 Victor: We should add Tango and Charlie
ChatterBot X-ray reevaluating
ChatterBot Hotel reevaluating
2024-10-14 17:54:09.918889 Foxtrot: No
2024-10-14 17:54:09.919065 X-ray: Yes
2024-10-14 17:54:09.919198 Hotel: No
ChatterBot Victor reevaluating
ChatterBot X-ray reevaluating
ChatterBot Hotel reevaluating
ChatterBot Victor reevaluating
ChatterBot Hotel reevaluating
ChatterBot Victor reevaluating
ChatterBot Foxtrot reevaluating
ChatterBot X-ray reevaluating
2024-10-14 17:54:09.964277 Foxtrot: We should add Victor
ChatterBot Charlie reevaluating
ChatterBot X-ray reevaluating
ChatterBot Tango reevaluating
2024-10-14 17:54:09.984123 Charlie: Yes
2024-10-14 17:54:09.984783 X-ray: Yes
2024-10-14 17:54:09.984953 Tango: No
ChatterBot Foxtrot reevaluating
ChatterBot X-ray reevaluating
ChatterBot Tango reevaluating
ChatterBot Charlie reevaluating
ChatterBot Foxtrot reevaluating
ChatterBot Tango reevaluating
ChatterBot Charlie reevaluating
ChatterBot Foxtrot reevaluating
ChatterBot X-ray reevaluating
2024-10-14 17:54:10.078051 Oscar: We should drop Charlie
ChatterBot Mike reevaluating
2024-10-14 17:54:10.085774 Mike: Yes
2024-10-14 17:54:10.086017 Kilo: Yes
2024-10-14 17:54:10.086132 Juliett: Yes
ChatterBot Oscar reevaluating
ChatterBot Mike reevaluating
ChatterBot Oscar reevaluating
ChatterBot Mike reevaluating
ChatterBot Oscar reevaluating
2024-10-14 17:54:10.111124 Tango: We should drop X-ray
ChatterBot Foxtrot reevaluating
2024-10-14 17:54:10.117348 Charlie: Yes
2024-10-14 17:54:10.117487 Foxtrot: Yes
ChatterBot Foxtrot reevaluating
2024-10-14 17:54:10.129724 Mike: We should drop Charlie and Tango
ChatterBot Oscar reevaluating
2024-10-14 17:54:10.137509 Oscar: Yes
2024-10-14 17:54:10.137681 Kilo: Yes
2024-10-14 17:54:10.137803 Juliett: Yes
ChatterBot Mike reevaluating
ChatterBot Mike reevaluating
ChatterBot Oscar reevaluating
ChatterBot Mike reevaluating
ChatterBot Oscar reevaluating
2024-10-14 17:54:10.161408 Juliett: Oscar and Kilo, sending you 5
2024-10-14 17:54:10.161800 Hotel: X-ray, sending you 8
2024-10-14 17:54:10.162163 Foxtrot: Victor we want you to join our group
ChatterBot Victor reevaluating
2024-10-14 17:54:10.166243 Victor: No
2024-10-14 17:54:10.177446 Kilo: Oscar and Mike, sending you 4
2024-10-14 17:54:10.177790 X-ray: Hotel and Foxtrot, sending you 4
2024-10-14 17:54:10.178259 Hotel: Victor, sending you 9
2024-10-14 17:54:10.178515 Juliett: Mike, sending you 6
2024-10-14 17:54:10.179683 Charlie: Hotel, sending you 1
2024-10-14 17:54:10.181207 Kilo: Juliett, sending you 3
2024-10-14 17:54:10.181866 X-ray: Victor, sending you 3
2024-10-14 17:54:10.182344 Tango: Foxtrot, sending you 5
2024-10-14 17:54:10.183700 Charlie: Foxtrot, sending you 6
2024-10-14 17:54:10.185683 X-ray: Tango and Charlie, sending you 2
2024-10-14 17:54:10.185984 Tango: Charlie, sending you 4
2024-10-14 17:54:10.186800 Charlie: X-ray, sending you 4
2024-10-14 17:54:10.191698 Charlie: Tango, sending you 5
2024-10-14 17:54:10.193720 Foxtrot: X-ray, sending you 5
2024-10-14 17:54:10.198730 Foxtrot: Victor, Tango and Charlie, sending you 4
chatterbot X-ray submitting transactions
chatterbot Foxtrot submitting transactions
chatterbot Kilo submitting transactions
chatterbot Juliett submitting transactions
chatterbot Victor submitting transactions
chatterbot Charlie submitting transactions
chatterbot Hotel submitting transactions
chatterbot Tango submitting transactions
chatterbot Mike submitting transactions
chatterbot Oscar submitting transactions
ChatterBot Hotel round 5
ChatterBot Oscar round 5
ChatterBot Foxtrot round 5
ChatterBot Juliett round 5
ChatterBot Mike round 5
ChatterBot X-ray round 5
ChatterBot Victor round 5
ChatterBot Kilo round 5
ChatterBot Tango round 5
ChatterBot Charlie round 5
2024-10-14 17:54:11.439873 Victor: We should add Tango and Charlie
ChatterBot X-ray reevaluating
2024-10-14 17:54:11.460359 Foxtrot: Yes
2024-10-14 17:54:11.460566 X-ray: Yes
2024-10-14 17:54:11.460737 Hotel: No
ChatterBot Victor reevaluating
ChatterBot X-ray reevaluating
ChatterBot Hotel reevaluating
ChatterBot Victor reevaluating
ChatterBot Hotel reevaluating
ChatterBot Victor reevaluating
ChatterBot X-ray reevaluating
2024-10-14 17:54:11.501782 Mike: We should drop Charlie and Tango
ChatterBot Oscar reevaluating
2024-10-14 17:54:11.508738 Oscar: Yes
2024-10-14 17:54:11.508906 Kilo: Yes
2024-10-14 17:54:11.509023 Juliett: Yes
ChatterBot Mike reevaluating
ChatterBot Mike reevaluating
ChatterBot Oscar reevaluating
ChatterBot Mike reevaluating
ChatterBot Oscar reevaluating
2024-10-14 17:54:11.535667 Juliett: Oscar and Kilo, sending you 5
2024-10-14 17:54:11.536284 Tango: Foxtrot, sending you 5
2024-10-14 17:54:11.537051 Oscar: We should drop Charlie
ChatterBot Mike reevaluating
2024-10-14 17:54:11.548692 Mike: Yes
2024-10-14 17:54:11.548906 Kilo: Yes
2024-10-14 17:54:11.549457 Juliett: Yes
ChatterBot Oscar reevaluating
ChatterBot Mike reevaluating
ChatterBot Oscar reevaluating
ChatterBot Mike reevaluating
ChatterBot Oscar reevaluating
2024-10-14 17:54:11.580938 Victor: Tango and Charlie we want you to join our group
2024-10-14 17:54:11.587537 Tango: No
2024-10-14 17:54:11.587707 Charlie: Yes
ChatterBot Hotel reevaluating
ChatterBot Victor reevaluating
ChatterBot Hotel reevaluating
ChatterBot Victor reevaluating
2024-10-14 17:54:11.630451 Hotel: We should add Charlie
ChatterBot Victor reevaluating
ChatterBot Foxtrot reevaluating
2024-10-14 17:54:11.642420 Victor: Yes
2024-10-14 17:54:11.642589 Foxtrot: Yes
2024-10-14 17:54:11.642795 X-ray: Yes
ChatterBot Foxtrot reevaluating
ChatterBot Hotel reevaluating
ChatterBot Victor reevaluating
ChatterBot Hotel reevaluating
ChatterBot Victor reevaluating
ChatterBot Foxtrot reevaluating
ChatterBot Hotel reevaluating
2024-10-14 17:54:11.677011 Juliett: Mike, sending you 6
2024-10-14 17:54:11.677469 Tango: Charlie, sending you 4
2024-10-14 17:54:11.680674 X-ray: Hotel and Victor, sending you 3
2024-10-14 17:54:11.681142 Kilo: Oscar and Mike, sending you 4
2024-10-14 17:54:11.681473 Charlie: Hotel, sending you 1
2024-10-14 17:54:11.681835 Foxtrot: Hotel we want you to join our group
ChatterBot Hotel reevaluating
2024-10-14 17:54:11.685803 Hotel: No
ChatterBot Foxtrot reevaluating
ChatterBot Tango reevaluating
ChatterBot Victor reevaluating
2024-10-14 17:54:11.703054 Kilo: Juliett, sending you 3
2024-10-14 17:54:11.703461 X-ray: Foxtrot, sending you 4
2024-10-14 17:54:11.703812 Charlie: Foxtrot and Tango, sending you 6
2024-10-14 17:54:11.706685 X-ray: Tango, sending you 1
2024-10-14 17:54:11.707988 Charlie: X-ray, sending you 4
2024-10-14 17:54:11.708685 Hotel: Charlie we want you to join our group
2024-10-14 17:54:11.714029 Charlie: Yes
ChatterBot Hotel reevaluating
ChatterBot Victor reevaluating
2024-10-14 17:54:11.733797 X-ray: Charlie, sending you 2
2024-10-14 17:54:11.754655 Tango: X-ray, sending you 2
2024-10-14 17:54:11.760678 Foxtrot: Hotel, Victor and Charlie, sending you 3
2024-10-14 17:54:11.766686 Foxtrot: X-ray and Tango, sending you 4
2024-10-14 17:54:11.773655 Hotel: X-ray, sending you 6
2024-10-14 17:54:11.778660 Hotel: Victor, sending you 7
2024-10-14 17:54:11.783785 Hotel: Charlie, sending you 4
chatterbot Charlie submitting transactions
chatterbot Juliett submitting transactions
chatterbot X-ray submitting transactions
chatterbot Tango submitting transactions
chatterbot Mike submitting transactions
chatterbot Oscar submitting transactions
chatterbot Victor submitting transactions
chatterbot Kilo submitting transactions
chatterbot Hotel submitting transactions
chatterbot Tango submitting transactions
chatterbot Foxtrot submitting transactions
ChatterBot Hotel round 6
ChatterBot Oscar round 6
ChatterBot Foxtrot round 6
ChatterBot Juliett round 6
ChatterBot Mike round 6
ChatterBot X-ray round 6
ChatterBot Victor round 6
ChatterBot Kilo round 6
ChatterBot Tango round 6
ChatterBot Charlie round 6
2024-10-14 17:54:12.898855 Mike: We should drop Charlie and Tango
ChatterBot Oscar reevaluating
2024-10-14 17:54:12.918559 Oscar: Yes
2024-10-14 17:54:12.918735 Kilo: Yes
2024-10-14 17:54:12.918889 Juliett: Yes
ChatterBot Mike reevaluating
ChatterBot Mike reevaluating
ChatterBot Oscar reevaluating
ChatterBot Mike reevaluating
ChatterBot Oscar reevaluating
2024-10-14 17:54:12.954492 Victor: We should add Tango and Charlie
2024-10-14 17:54:12.966189 Foxtrot: Yes
2024-10-14 17:54:12.966405 X-ray: Yes
2024-10-14 17:54:12.966527 Hotel: No
ChatterBot Victor reevaluating
ChatterBot Victor reevaluating
ChatterBot Foxtrot reevaluating
ChatterBot Victor reevaluating
ChatterBot Foxtrot reevaluating
2024-10-14 17:54:13.006693 Foxtrot: We should drop Hotel
ChatterBot Victor reevaluating
2024-10-14 17:54:13.019660 Tango: No
2024-10-14 17:54:13.019824 Charlie: No
2024-10-14 17:54:13.019937 X-ray: No
2024-10-14 17:54:13.020042 Victor: No
ChatterBot Foxtrot reevaluating
ChatterBot Victor reevaluating
ChatterBot Foxtrot reevaluating
ChatterBot Victor reevaluating
ChatterBot Foxtrot reevaluating
ChatterBot Victor reevaluating
ChatterBot Foxtrot reevaluating
2024-10-14 17:54:13.070100 Oscar: We should drop Charlie
ChatterBot Mike reevaluating
2024-10-14 17:54:13.077749 Mike: Yes
2024-10-14 17:54:13.077909 Kilo: Yes
2024-10-14 17:54:13.078029 Juliett: Yes
ChatterBot Oscar reevaluating
ChatterBot Mike reevaluating
ChatterBot Oscar reevaluating
ChatterBot Mike reevaluating
ChatterBot Oscar reevaluating
2024-10-14 17:54:13.102655 Victor: Tango and Charlie we want you to join our group
2024-10-14 17:54:13.109044 Tango: Yes
2024-10-14 17:54:13.109199 Charlie: Yes
ChatterBot Foxtrot reevaluating
ChatterBot Hotel reevaluating
ChatterBot Victor reevaluating
ChatterBot Foxtrot reevaluating
ChatterBot Tango reevaluating
ChatterBot Hotel reevaluating
ChatterBot Victor reevaluating
2024-10-14 17:54:13.141379 Hotel: We should add Tango
ChatterBot Foxtrot reevaluating
ChatterBot Victor reevaluating
2024-10-14 17:54:13.153924 Foxtrot: Yes
2024-10-14 17:54:13.154052 Charlie: Yes
2024-10-14 17:54:13.154153 X-ray: Yes
2024-10-14 17:54:13.154258 Victor: Yes
ChatterBot Hotel reevaluating
ChatterBot Victor reevaluating
ChatterBot Hotel reevaluating
ChatterBot Foxtrot reevaluating
ChatterBot Victor reevaluating
ChatterBot Hotel reevaluating
ChatterBot Foxtrot reevaluating
ChatterBot Victor reevaluating
ChatterBot Hotel reevaluating
ChatterBot Foxtrot reevaluating
2024-10-14 17:54:13.203163 Juliett: Oscar and Kilo, sending you 5
2024-10-14 17:54:13.203513 X-ray: Hotel, Victor and Charlie, sending you 3
2024-10-14 17:54:13.205674 Juliett: Mike, sending you 6
2024-10-14 17:54:13.206711 X-ray: Foxtrot, sending you 4
2024-10-14 17:54:13.207706 Kilo: Oscar and Mike, sending you 4
2024-10-14 17:54:13.208676 Charlie: Tango, sending you 1
2024-10-14 17:54:13.210667 Hotel: Tango we want you to join our group
ChatterBot Tango reevaluating
2024-10-14 17:54:13.215072 Tango: Yes
ChatterBot Foxtrot reevaluating
ChatterBot Hotel reevaluating
2024-10-14 17:54:13.233557 X-ray: Tango, sending you 1
2024-10-14 17:54:13.234389 Kilo: Juliett, sending you 3
2024-10-14 17:54:13.254656 Foxtrot: X-ray, sending you 5
2024-10-14 17:54:13.257707 Foxtrot: Victor, Tango and Charlie, sending you 4
2024-10-14 17:54:13.263655 Tango: Foxtrot, sending you 5
2024-10-14 17:54:13.269060 Tango: X-ray, sending you 2
2024-10-14 17:54:13.272655 Tango: Victor, sending you 1
2024-10-14 17:54:13.275655 Tango: Charlie, sending you 4
chatterbot Juliett submitting transactions
chatterbot X-ray submitting transactions
chatterbot Foxtrot submitting transactions
chatterbot Tango submitting transactions
chatterbot Kilo submitting transactions
chatterbot Hotel submitting transactions
chatterbot Mike submitting transactions
chatterbot Oscar submitting transactions
chatterbot Charlie submitting transactions
chatterbot Victor submitting transactions
ChatterBot Hotel round 7
ChatterBot Oscar round 7
ChatterBot Foxtrot round 7
ChatterBot Juliett round 7
ChatterBot Mike round 7
ChatterBot X-ray round 7
ChatterBot Victor round 7
ChatterBot Kilo round 7
2024-10-14 17:54:14.322327 Oscar: We should replace Charlie with X-ray
ChatterBot Mike reevaluating
2024-10-14 17:54:14.338815 Mike: No
2024-10-14 17:54:14.339105 Kilo: No
2024-10-14 17:54:14.339322 Juliett: No
ChatterBot Oscar reevaluating
ChatterBot Kilo reevaluating
ChatterBot Mike reevaluating
ChatterBot Oscar reevaluating
ChatterBot Mike reevaluating
ChatterBot Oscar reevaluating
ChatterBot Kilo reevaluating
ChatterBot Tango round 7
ChatterBot Charlie round 7
2024-10-14 17:54:14.379657 Victor: We should add Tango and Charlie
ChatterBot Foxtrot reevaluating
ChatterBot X-ray reevaluating
ChatterBot Hotel reevaluating
2024-10-14 17:54:14.387142 Foxtrot: Yes
2024-10-14 17:54:14.387287 X-ray: Yes
2024-10-14 17:54:14.387407 Hotel: Yes
ChatterBot X-ray reevaluating
ChatterBot Hotel reevaluating
ChatterBot Foxtrot reevaluating
ChatterBot Hotel reevaluating
ChatterBot Foxtrot reevaluating
ChatterBot X-ray reevaluating
2024-10-14 17:54:14.412738 Foxtrot: We should add Hotel
ChatterBot Tango reevaluating
ChatterBot Charlie reevaluating
ChatterBot X-ray reevaluating
2024-10-14 17:54:14.423193 Tango: Yes
2024-10-14 17:54:14.423362 Charlie: Yes
2024-10-14 17:54:14.423479 X-ray: Yes
2024-10-14 17:54:14.423576 Victor: Yes
ChatterBot Foxtrot reevaluating
ChatterBot Charlie reevaluating
ChatterBot X-ray reevaluating
ChatterBot Foxtrot reevaluating
ChatterBot Tango reevaluating
ChatterBot X-ray reevaluating
ChatterBot Foxtrot reevaluating
ChatterBot Tango reevaluating
ChatterBot Charlie reevaluating
ChatterBot Foxtrot reevaluating
ChatterBot Tango reevaluating
ChatterBot Charlie reevaluating
ChatterBot X-ray reevaluating
2024-10-14 17:54:14.473336 Kilo: We should add X-ray
ChatterBot Mike reevaluating
ChatterBot Oscar reevaluating
2024-10-14 17:54:14.480998 Mike: Yes
2024-10-14 17:54:14.481160 Oscar: Yes
2024-10-14 17:54:14.481291 Juliett: Yes
ChatterBot Oscar reevaluating
ChatterBot Kilo reevaluating
ChatterBot Mike reevaluating
ChatterBot Kilo reevaluating
ChatterBot Mike reevaluating
ChatterBot Oscar reevaluating
ChatterBot Kilo reevaluating
2024-10-14 17:54:14.508979 Victor: Tango and Charlie we want you to join our group
ChatterBot Tango reevaluating
ChatterBot Charlie reevaluating
2024-10-14 17:54:14.519099 Tango: Yes
2024-10-14 17:54:14.519281 Charlie: Yes
ChatterBot X-ray reevaluating
ChatterBot Foxtrot reevaluating
ChatterBot Hotel reevaluating
ChatterBot Charlie reevaluating
ChatterBot X-ray reevaluating
ChatterBot Foxtrot reevaluating
ChatterBot Tango reevaluating
ChatterBot Hotel reevaluating
2024-10-14 17:54:14.552795 Oscar: X-ray we want you to join our group
2024-10-14 17:54:14.556063 X-ray: No
ChatterBot Oscar reevaluating
ChatterBot Mike reevaluating
2024-10-14 17:54:14.565960 Foxtrot: Hotel we want you to join our group
2024-10-14 17:54:14.568719 Hotel: No
ChatterBot Foxtrot reevaluating
2024-10-14 17:54:14.580884 Kilo: X-ray we want you to join our group
2024-10-14 17:54:14.583788 X-ray: No
ChatterBot Oscar reevaluating
ChatterBot Mike reevaluating
2024-10-14 17:54:14.594299 Hotel: We should drop Victor
ChatterBot Foxtrot reevaluating
2024-10-14 17:54:14.603296 Foxtrot: No
2024-10-14 17:54:14.603433 X-ray: No
2024-10-14 17:54:14.603525 Tango: No
2024-10-14 17:54:14.603645 Charlie: No
ChatterBot Foxtrot reevaluating
ChatterBot Foxtrot reevaluating
ChatterBot Foxtrot reevaluating
2024-10-14 17:54:14.640260 Juliett: Oscar and Kilo, sending you 5
2024-10-14 17:54:14.641034 Mike: We should drop Charlie and Tango
2024-10-14 17:54:14.648273 Oscar: Yes
2024-10-14 17:54:14.648424 Kilo: Yes
2024-10-14 17:54:14.648535 Juliett: Yes
ChatterBot Mike reevaluating
ChatterBot Mike reevaluating
ChatterBot Mike reevaluating
2024-10-14 17:54:14.671518 Charlie: Tango, sending you 1
2024-10-14 17:54:14.672009 Juliett: Mike, sending you 6
2024-10-14 17:54:14.674670 X-ray: Hotel and Victor, sending you 3
2024-10-14 17:54:14.675219 Tango: Hotel and Victor, sending you 1
2024-10-14 17:54:14.675710 Kilo: Oscar and Mike, sending you 4
2024-10-14 17:54:14.679669 X-ray: Foxtrot, sending you 4
2024-10-14 17:54:14.680131 Kilo: Juliett, sending you 3
2024-10-14 17:54:14.680694 Tango: Foxtrot, sending you 5
2024-10-14 17:54:14.684994 X-ray: Tango and Charlie, sending you 2
2024-10-14 17:54:14.685456 Kilo: X-ray, sending you 2
2024-10-14 17:54:14.685758 Tango: X-ray, sending you 2
2024-10-14 17:54:14.688673 Tango: Charlie, sending you 4
2024-10-14 17:54:14.690668 Foxtrot: Hotel, Victor and Charlie, sending you 3
2024-10-14 17:54:14.693657 Foxtrot: X-ray and Tango, sending you 4
2024-10-14 17:54:14.701694 Oscar: Juliett and Mike, sending you 3
2024-10-14 17:54:14.706664 Oscar: X-ray, sending you 1
2024-10-14 17:54:14.711659 Oscar: Kilo, sending you 4
chatterbot Kilo submitting transactions
chatterbot Hotel submitting transactions
chatterbot Oscar submitting transactions
chatterbot X-ray submitting transactions
chatterbot Juliett submitting transactions
chatterbot Mike submitting transactions
chatterbot Victor submitting transactions
chatterbot Tango submitting transactions
chatterbot Charlie submitting transactions
chatterbot Foxtrot submitting transactions
ChatterBot Hotel round 8
ChatterBot Oscar round 8
ChatterBot Foxtrot round 8
ChatterBot Juliett round 8
ChatterBot Mike round 8
ChatterBot X-ray round 8
ChatterBot Victor round 8
ChatterBot Kilo round 8
ChatterBot Tango round 8
ChatterBot Charlie round 8
2024-10-14 17:54:15.900931 Hotel: We should drop Charlie
2024-10-14 17:54:15.912589 Foxtrot: No
2024-10-14 17:54:15.912834 X-ray: No
2024-10-14 17:54:15.912982 Victor: No
2024-10-14 17:54:15.913116 Tango: No
ChatterBot Hotel reevaluating
ChatterBot Hotel reevaluating
ChatterBot Hotel reevaluating
ChatterBot Hotel reevaluating
2024-10-14 17:54:15.969275 Foxtrot: We should drop Hotel
2024-10-14 17:54:15.978860 Tango: No
2024-10-14 17:54:15.978998 Charlie: No
2024-10-14 17:54:15.979118 X-ray: No
2024-10-14 17:54:15.979213 Victor: No
2024-10-14 17:54:16.024035 Victor: We should add Tango and Charlie
ChatterBot Hotel reevaluating
2024-10-14 17:54:16.031480 Foxtrot: Yes
2024-10-14 17:54:16.031598 X-ray: Yes
2024-10-14 17:54:16.031714 Hotel: Yes
ChatterBot Hotel reevaluating
ChatterBot Hotel reevaluating
ChatterBot Foxtrot reevaluating
2024-10-14 17:54:16.055120 Mike: We should drop Charlie and Tango
2024-10-14 17:54:16.062073 Oscar: Yes
2024-10-14 17:54:16.062225 Kilo: Yes
2024-10-14 17:54:16.062355 Juliett: Yes
ChatterBot Mike reevaluating
ChatterBot Mike reevaluating
ChatterBot Mike reevaluating
2024-10-14 17:54:16.085595 Victor: Tango and Charlie we want you to join our group
2024-10-14 17:54:16.090872 Tango: Yes
2024-10-14 17:54:16.091025 Charlie: Yes
ChatterBot Foxtrot reevaluating
ChatterBot Hotel reevaluating
ChatterBot Foxtrot reevaluating
ChatterBot Hotel reevaluating
2024-10-14 17:54:16.129078 Oscar: Juliett and Mike, sending you 3
2024-10-14 17:54:16.131694 Juliett: Oscar, sending you 6
2024-10-14 17:54:16.132491 Oscar: X-ray, sending you 1
2024-10-14 17:54:16.133154 X-ray: Hotel and Victor, sending you 3
2024-10-14 17:54:16.134290 Charlie: Hotel and Victor, sending you 2
2024-10-14 17:54:16.134799 Tango: Hotel, sending you 1
2024-10-14 17:54:16.135263 Kilo: Oscar and Mike, sending you 4
2024-10-14 17:54:16.135643 Juliett: Mike and Kilo, sending you 5
2024-10-14 17:54:16.137650 Oscar: Kilo, sending you 4
2024-10-14 17:54:16.138068 Oscar: I was attacked by Charlie
ChatterBot Juliett reevaluating
ChatterBot Mike reevaluating
ChatterBot Kilo reevaluating
ChatterBot X-ray reevaluating
2024-10-14 17:54:16.150084 Oscar: Ow
2024-10-14 17:54:16.151486 Hotel: We should drop Victor
ChatterBot Foxtrot reevaluating
ChatterBot X-ray reevaluating
2024-10-14 17:54:16.163422 Foxtrot: No
2024-10-14 17:54:16.163565 X-ray: No
2024-10-14 17:54:16.163682 Tango: No
2024-10-14 17:54:16.163794 Charlie: No
ChatterBot X-ray reevaluating
ChatterBot Foxtrot reevaluating
ChatterBot Foxtrot reevaluating
ChatterBot X-ray reevaluating
ChatterBot Foxtrot reevaluating
ChatterBot X-ray reevaluating
2024-10-14 17:54:16.220757 Charlie: Foxtrot and Tango, sending you 5
2024-10-14 17:54:16.221420 Tango: Foxtrot and Charlie, sending you 5
2024-10-14 17:54:16.223699 Charlie: X-ray, sending you 4
2024-10-14 17:54:16.224820 Tango: X-ray, sending you 3
2024-10-14 17:54:16.229690 Tango: Victor, sending you 2
2024-10-14 17:54:16.245052 Mike: Sending you each 4
2024-10-14 17:54:16.252666 Foxtrot: X-ray and Tango, sending you 5
2024-10-14 17:54:16.256672 Foxtrot: Victor, sending you 4
2024-10-14 17:54:16.261662 Foxtrot: Charlie, sending you 3
chatterbot Oscar submitting transactions
chatterbot Mike submitting transactions
chatterbot Tango submitting transactions
chatterbot Juliett submitting transactions
chatterbot Hotel submitting transactions
chatterbot Charlie submitting transactions
chatterbot Foxtrot submitting transactions
chatterbot Victor submitting transactions
chatterbot Kilo submitting transactions
chatterbot X-ray submitting transactions
ChatterBot Hotel round 9
ChatterBot Oscar round 9
ChatterBot Foxtrot round 9
ChatterBot Juliett round 9
ChatterBot Mike round 9
ChatterBot X-ray round 9
ChatterBot Victor round 9
ChatterBot Kilo round 9
ChatterBot Tango round 9
ChatterBot Charlie round 9
2024-10-14 17:54:17.443439 Foxtrot: We should add Hotel
2024-10-14 17:54:17.451458 Tango: Yes
2024-10-14 17:54:17.451643 Charlie: Yes
2024-10-14 17:54:17.451829 X-ray: Yes
2024-10-14 17:54:17.451957 Victor: Yes
2024-10-14 17:54:17.490551 Victor: We should add Tango and Charlie
ChatterBot Hotel reevaluating
2024-10-14 17:54:17.497231 Foxtrot: Yes
2024-10-14 17:54:17.497371 X-ray: Yes
2024-10-14 17:54:17.497477 Hotel: Yes
ChatterBot Hotel reevaluating
ChatterBot Hotel reevaluating
ChatterBot Foxtrot reevaluating
2024-10-14 17:54:17.526237 Victor: Tango and Charlie we want you to join our group
2024-10-14 17:54:17.530470 Tango: Yes
2024-10-14 17:54:17.530629 Charlie: Yes
ChatterBot Foxtrot reevaluating
ChatterBot Hotel reevaluating
ChatterBot Foxtrot reevaluating
ChatterBot Hotel reevaluating
2024-10-14 17:54:17.554817 Hotel: We should drop Victor
ChatterBot Foxtrot reevaluating
2024-10-14 17:54:17.562611 Foxtrot: No
2024-10-14 17:54:17.562796 X-ray: No
2024-10-14 17:54:17.562915 Tango: No
2024-10-14 17:54:17.563028 Charlie: No
ChatterBot Foxtrot reevaluating
ChatterBot Foxtrot reevaluating
ChatterBot Foxtrot reevaluating
2024-10-14 17:54:17.595384 Mike: Same as last round
2024-10-14 17:54:17.595827 Oscar: Juliett and Mike, sending you 3
2024-10-14 17:54:17.598677 Oscar: X-ray, sending you 1
2024-10-14 17:54:17.599890 Juliett: Oscar, sending you 6
2024-10-14 17:54:17.600464 Kilo: Oscar, sending you 4
2024-10-14 17:54:17.600915 Foxtrot: Hotel we want you to join our group
2024-10-14 17:54:17.605015 Hotel: No
ChatterBot Foxtrot reevaluating
2024-10-14 17:54:17.620710 Charlie: Hotel, sending you 3
2024-10-14 17:54:17.621477 Tango: Hotel, sending you 1
2024-10-14 17:54:17.622377 Oscar: Kilo, sending you 4
2024-10-14 17:54:17.623714 Juliett: Mike and Kilo, sending you 5
2024-10-14 17:54:17.624261 Kilo: Juliett, sending you 3
2024-10-14 17:54:17.624719 Charlie: Foxtrot and Tango, sending you 5
2024-10-14 17:54:17.625795 Tango: Foxtrot, sending you 5
2024-10-14 17:54:17.629052 Charlie: X-ray, sending you 4
2024-10-14 17:54:17.629864 Kilo: Mike, sending you 5
2024-10-14 17:54:17.630675 Tango: X-ray, sending you 3
2024-10-14 17:54:17.632690 Kilo: X-ray, sending you 2
2024-10-14 17:54:17.634696 Tango: Victor, sending you 2
2024-10-14 17:54:17.638685 Tango: Charlie, sending you 4
2024-10-14 17:54:17.660696 Foxtrot: Hotel, Victor and Charlie, sending you 3
2024-10-14 17:54:17.665707 Foxtrot: X-ray and Tango, sending you 4
chatterbot Victor submitting transactions
chatterbot Charlie submitting transactions
chatterbot Kilo submitting transactions
chatterbot Foxtrot submitting transactions
chatterbot X-ray submitting transactions
chatterbot Oscar submitting transactions
chatterbot Juliett submitting transactions
chatterbot Tango submitting transactions
chatterbot Hotel submitting transactions
chatterbot Mike submitting transactions
ChatterBot Hotel round 10
ChatterBot Oscar round 10
ChatterBot Foxtrot round 10
ChatterBot Juliett round 10
ChatterBot Mike round 10
ChatterBot X-ray round 10
ChatterBot Victor round 10
ChatterBot Kilo round 10
ChatterBot Tango round 10
ChatterBot Charlie round 10
2024-10-14 17:54:18.719757 Hotel: We should drop Victor
2024-10-14 17:54:18.729149 Foxtrot: No
2024-10-14 17:54:18.729365 X-ray: No
2024-10-14 17:54:18.729654 Tango: No
2024-10-14 17:54:18.730061 Charlie: No
ChatterBot Hotel reevaluating
ChatterBot Foxtrot reevaluating
ChatterBot Hotel reevaluating
ChatterBot Foxtrot reevaluating
ChatterBot Hotel reevaluating
ChatterBot Foxtrot reevaluating
2024-10-14 17:54:18.783957 Victor: We should add Tango and Charlie
ChatterBot Foxtrot reevaluating
ChatterBot Hotel reevaluating
2024-10-14 17:54:18.790268 Foxtrot: Yes
2024-10-14 17:54:18.790383 X-ray: Yes
2024-10-14 17:54:18.790478 Hotel: Yes
ChatterBot Hotel reevaluating
ChatterBot Foxtrot reevaluating
ChatterBot Hotel reevaluating
ChatterBot Foxtrot reevaluating
2024-10-14 17:54:18.815635 Oscar: We should drop X-ray
2024-10-14 17:54:18.821771 Mike: Yes
2024-10-14 17:54:18.821970 Kilo: Yes
2024-10-14 17:54:18.822079 Juliett: Yes
ChatterBot Kilo reevaluating
ChatterBot Kilo reevaluating
2024-10-14 17:54:18.843168 Victor: Tango and Charlie we want you to join our group
2024-10-14 17:54:18.847185 Tango: Yes
2024-10-14 17:54:18.847325 Charlie: Yes
ChatterBot Foxtrot reevaluating
ChatterBot Hotel reevaluating
ChatterBot Foxtrot reevaluating
ChatterBot Hotel reevaluating
2024-10-14 17:54:18.872658 Juliett: Oscar and Kilo, sending you 5
2024-10-14 17:54:18.874675 Mike: Same as last round
2024-10-14 17:54:18.876184 Foxtrot: We should drop Hotel
2024-10-14 17:54:18.886476 Tango: No
2024-10-14 17:54:18.886683 Charlie: No
2024-10-14 17:54:18.886858 X-ray: No
2024-10-14 17:54:18.887007 Victor: No
ChatterBot Foxtrot reevaluating
ChatterBot Foxtrot reevaluating
ChatterBot Foxtrot reevaluating
ChatterBot Foxtrot reevaluating
2024-10-14 17:54:18.923806 Juliett: Mike, sending you 6
2024-10-14 17:54:18.926652 Charlie: Hotel, sending you 3
2024-10-14 17:54:18.927429 Kilo: Oscar, sending you 4
2024-10-14 17:54:18.927935 Oscar: Juliett and Mike, sending you 3
2024-10-14 17:54:18.928336 Tango: Hotel and Victor, sending you 2
2024-10-14 17:54:18.930643 Charlie: Foxtrot and Tango, sending you 5
2024-10-14 17:54:18.931250 Kilo: Juliett, sending you 3
2024-10-14 17:54:18.931725 Tango: Foxtrot, sending you 5
2024-10-14 17:54:18.932662 Oscar: Kilo, sending you 4
2024-10-14 17:54:18.935463 Charlie: X-ray, sending you 4
2024-10-14 17:54:18.936143 Tango: X-ray, sending you 3
2024-10-14 17:54:18.936747 Kilo: Mike, sending you 5
2024-10-14 17:54:18.939682 Charlie: Victor, sending you 1
2024-10-14 17:54:18.940678 Tango: Charlie, sending you 4
2024-10-14 17:54:18.946695 Foxtrot: Hotel, Victor and Charlie, sending you 3
2024-10-14 17:54:18.949668 Foxtrot: X-ray and Tango, sending you 4
chatterbot Kilo submitting transactions
chatterbot Oscar submitting transactions
chatterbot Charlie submitting transactions
chatterbot Victor submitting transactions
chatterbot Hotel submitting transactions
chatterbot Tango submitting transactions
chatterbot Juliett submitting transactions
chatterbot Mike submitting transactions
chatterbot X-ray submitting transactions
chatterbot Foxtrot submitting transactions
ChatterBot Hotel round 11
ChatterBot Oscar round 11
ChatterBot Foxtrot round 11
ChatterBot Juliett round 11
ChatterBot Mike round 11
ChatterBot X-ray round 11
ChatterBot Victor round 11
ChatterBot Kilo round 11
ChatterBot Tango round 11
