ChatterBot Victor round 1
ChatterBot Alpha round 1
ChatterBot Mike round 1
ChatterBot Romeo round 1
ChatterBot Tango round 1
ChatterBot Zulu round 1
ChatterBot Uniform round 1
ChatterBot Golf round 1
ChatterBot Foxtrot round 1
ChatterBot X-ray round 1
randomSelections Mike: {Mike, Golf, Romeo, Alpha} 
2024-10-14 17:41:06.692602 Mike: Friends?
ChatterBot Golf reevaluating
ChatterBot Romeo reevaluating
ChatterBot Alpha reevaluating
2024-10-14 17:41:06.704991 Golf: Yes
2024-10-14 17:41:06.705156 Romeo: Yes
2024-10-14 17:41:06.705280 Alpha: Yes
ChatterBot Romeo reevaluating
ChatterBot Alpha reevaluating
ChatterBot Golf reevaluating
ChatterBot Alpha reevaluating
ChatterBot Golf reevaluating
ChatterBot Romeo reevaluating
randomSelections Foxtrot: {Foxtrot, Victor, Zulu, X-ray} 
2024-10-14 17:41:06.731948 Foxtrot: Group up?
ChatterBot Victor reevaluating
ChatterBot Zulu reevaluating
ChatterBot X-ray reevaluating
2024-10-14 17:41:06.737624 Victor: Yes
2024-10-14 17:41:06.737748 Zulu: Yes
2024-10-14 17:41:06.737845 X-ray: Yes
ChatterBot Zulu reevaluating
ChatterBot X-ray reevaluating
ChatterBot Victor reevaluating
ChatterBot X-ray reevaluating
ChatterBot Victor reevaluating
ChatterBot Zulu reevaluating
randomSelections Tango: {Tango, Romeo, Uniform, X-ray} 
2024-10-14 17:41:06.755498 Tango: We would work well together
ChatterBot Romeo reevaluating
ChatterBot Uniform reevaluating
ChatterBot X-ray reevaluating
2024-10-14 17:41:06.760761 Romeo: No
2024-10-14 17:41:06.760910 Uniform: Yes
2024-10-14 17:41:06.761014 X-ray: No
ChatterBot Uniform reevaluating
ChatterBot X-ray reevaluating
ChatterBot Romeo reevaluating
ChatterBot X-ray reevaluating
ChatterBot Romeo reevaluating
ChatterBot Uniform reevaluating
2024-10-14 17:41:06.900817 Victor: Zulu, sending you 6
2024-10-14 17:41:06.901755 Foxtrot: Victor, sending you 7
2024-10-14 17:41:06.902749 Golf: Alpha, sending you 2
2024-10-14 17:41:06.903118 Tango: Sending you each 6
2024-10-14 17:41:06.904028 Mike: Alpha, Romeo and Golf, sending you 4
2024-10-14 17:41:06.905647 Victor: Foxtrot, sending you 2
2024-10-14 17:41:06.907126 Foxtrot: Zulu, sending you 3
2024-10-14 17:41:06.907521 Golf: Mike, sending you 9
2024-10-14 17:41:06.908695 X-ray: Victor and Zulu, sending you 3
2024-10-14 17:41:06.909787 Victor: X-ray, sending you 8
2024-10-14 17:41:06.920620 Foxtrot: X-ray, sending you 5
2024-10-14 17:41:06.921535 Golf: Romeo, sending you 8
2024-10-14 17:41:06.922984 X-ray: Foxtrot, sending you 8
2024-10-14 17:41:06.923759 Zulu: Victor, sending you 2
2024-10-14 17:41:06.938213 Alpha: Mike and Romeo, sending you 4
2024-10-14 17:41:06.941024 Uniform: Romeo, sending you 1
2024-10-14 17:41:06.943153 Zulu: Foxtrot, sending you 1
2024-10-14 17:41:06.944658 Romeo: Alpha, sending you 6
2024-10-14 17:41:06.945155 Alpha: Golf, sending you 8
2024-10-14 17:41:06.949305 Zulu: X-ray, sending you 7
2024-10-14 17:41:06.960681 Romeo: Mike, sending you 3
2024-10-14 17:41:06.967367 Romeo: Golf, sending you 7
chatterbot Mike submitting transactions
chatterbot Foxtrot submitting transactions
chatterbot Zulu submitting transactions
chatterbot Golf submitting transactions
chatterbot Tango submitting transactions
chatterbot Victor submitting transactions
chatterbot Romeo submitting transactions
chatterbot Uniform submitting transactions
chatterbot Alpha submitting transactions
chatterbot X-ray submitting transactions
ChatterBot Victor round 2
2024-10-14 17:41:08.037653 Victor: We should add Tango
ChatterBot Foxtrot reevaluating
ChatterBot Zulu reevaluating
ChatterBot X-ray reevaluating
2024-10-14 17:41:08.078720 Foxtrot: No
2024-10-14 17:41:08.078889 Zulu: No
2024-10-14 17:41:08.079023 X-ray: No
ChatterBot Victor reevaluating
ChatterBot Zulu reevaluating
ChatterBot X-ray reevaluating
ChatterBot Foxtrot reevaluating
ChatterBot Victor reevaluating
ChatterBot X-ray reevaluating
ChatterBot Foxtrot reevaluating
ChatterBot Victor reevaluating
ChatterBot Zulu reevaluating
ChatterBot Alpha round 2
ChatterBot Mike round 2
ChatterBot Romeo round 2
ChatterBot Tango round 2
ChatterBot Zulu round 2
ChatterBot Uniform round 2
ChatterBot Golf round 2
ChatterBot Foxtrot round 2
ChatterBot X-ray round 2
2024-10-14 17:41:08.148142 Victor: We should add Uniform
ChatterBot Foxtrot reevaluating
ChatterBot Zulu reevaluating
ChatterBot X-ray reevaluating
2024-10-14 17:41:08.159175 Foxtrot: No
2024-10-14 17:41:08.159319 Zulu: No
2024-10-14 17:41:08.159434 X-ray: No
ChatterBot Victor reevaluating
ChatterBot Zulu reevaluating
ChatterBot X-ray reevaluating
ChatterBot Foxtrot reevaluating
ChatterBot Victor reevaluating
ChatterBot X-ray reevaluating
ChatterBot Foxtrot reevaluating
ChatterBot Victor reevaluating
ChatterBot Zulu reevaluating
2024-10-14 17:41:08.224378 Romeo: We should add Tango
2024-10-14 17:41:08.234699 Mike: No
2024-10-14 17:41:08.234953 Golf: No
2024-10-14 17:41:08.235096 Alpha: No
ChatterBot Romeo reevaluating
ChatterBot Romeo reevaluating
ChatterBot Romeo reevaluating
2024-10-14 17:41:08.276154 X-ray: We should add Tango
ChatterBot Foxtrot reevaluating
ChatterBot Victor reevaluating
ChatterBot Zulu reevaluating
2024-10-14 17:41:08.288136 Foxtrot: No
2024-10-14 17:41:08.288270 Victor: Yes
2024-10-14 17:41:08.288400 Zulu: Yes
ChatterBot Victor reevaluating
ChatterBot Zulu reevaluating
ChatterBot X-ray reevaluating
ChatterBot Foxtrot reevaluating
ChatterBot Zulu reevaluating
ChatterBot X-ray reevaluating
ChatterBot Foxtrot reevaluating
ChatterBot Victor reevaluating
ChatterBot X-ray reevaluating
2024-10-14 17:41:08.333906 Uniform: We should drop Romeo and X-ray
2024-10-14 17:41:08.337899 Tango: Yes
2024-10-14 17:41:08.342126 X-ray: Tango we want you to join our group
2024-10-14 17:41:08.345934 Tango: No
ChatterBot Foxtrot reevaluating
2024-10-14 17:41:08.360292 Victor: Tango we want you to join our group
2024-10-14 17:41:08.363807 Tango: No
ChatterBot Foxtrot reevaluating
2024-10-14 17:41:08.555244 Mike: Same as last round
2024-10-14 17:41:08.559881 Zulu: Victor, sending you 4
2024-10-14 17:41:08.563929 Golf: Alpha, sending you 7
2024-10-14 17:41:08.565441 Alpha: Mike, sending you 5
2024-10-14 17:41:08.842824 Zulu: Foxtrot and X-ray, sending you 3
2024-10-14 17:41:08.843587 Golf: Mike and Romeo, sending you 6
2024-10-14 17:41:08.843869 Uniform: Sending you 1
2024-10-14 17:41:08.844067 Romeo: Alpha and Mike, sending you 5
2024-10-14 17:41:08.844266 Alpha: Romeo, sending you 7
2024-10-14 17:41:08.845033 Victor: Tango, sending you 1
2024-10-14 17:41:08.845253 X-ray: Victor, Tango and Zulu, sending you 5
chatterbot Romeo submitting transactions
chatterbot Uniform submitting transactions
2024-10-14 17:41:09.187432 Romeo: Golf, sending you 7
2024-10-14 17:41:09.188207 Victor: Zulu, sending you 4
2024-10-14 17:41:09.188488 Foxtrot: Victor and Zulu, sending you 5
2024-10-14 17:41:09.188736 X-ray: Foxtrot, sending you 4
2024-10-14 17:41:09.189296 Alpha: Golf, sending you 4
chatterbot Foxtrot submitting transactions
chatterbot Golf submitting transactions
chatterbot Mike submitting transactions
chatterbot X-ray submitting transactions
chatterbot Zulu submitting transactions
2024-10-14 17:41:09.597121 Victor: Foxtrot, sending you 9
2024-10-14 17:41:09.597999 Foxtrot: X-ray, sending you 9
chatterbot Victor submitting transactions
chatterbot Tango submitting transactions
chatterbot Alpha submitting transactions
2024-10-14 17:41:09.615545 Victor: X-ray, sending you 5
ChatterBot Victor round 3
ChatterBot Alpha round 3
ChatterBot Mike round 3
ChatterBot Romeo round 3
ChatterBot Tango round 3
ChatterBot Zulu round 3
ChatterBot Uniform round 3
ChatterBot Golf round 3
ChatterBot Foxtrot round 3
ChatterBot X-ray round 3
2024-10-14 17:41:10.223648 Victor: Tango, sending you 1
2024-10-14 17:41:10.224078 Mike: Same as last round
2024-10-14 17:41:10.224499 Alpha: Mike and Golf, sending you 5
2024-10-14 17:41:10.271884 Uniform: Same as last round
2024-10-14 17:41:10.272308 Zulu: Victor, sending you 4
2024-10-14 17:41:10.273161 Victor: Zulu, sending you 5
2024-10-14 17:41:10.273526 Alpha: Romeo, sending you 6
2024-10-14 17:41:10.273952 Foxtrot: Victor and X-ray, sending you 7
2024-10-14 17:41:10.274796 X-ray: Victor, Zulu and Foxtrot, sending you 5
2024-10-14 17:41:10.275312 Golf: Alpha and Mike, sending you 6
2024-10-14 17:41:10.275725 Romeo: Alpha, sending you 6
2024-10-14 17:41:10.276771 Zulu: Foxtrot and X-ray, sending you 3
2024-10-14 17:41:10.277175 Victor: Foxtrot, sending you 7
2024-10-14 17:41:10.308438 Foxtrot: Zulu, sending you 5
2024-10-14 17:41:10.308837 X-ray: Tango, sending you 4
2024-10-14 17:41:10.309154 Golf: Romeo, sending you 7
2024-10-14 17:41:10.309540 Victor: X-ray, sending you 6
2024-10-14 17:41:10.310413 Romeo: Mike, sending you 5
2024-10-14 17:41:10.343573 Romeo: Golf, sending you 7
chatterbot Mike submitting transactions
chatterbot Uniform submitting transactions
chatterbot Zulu submitting transactions
chatterbot Tango submitting transactions
chatterbot Alpha submitting transactions
chatterbot Romeo submitting transactions
chatterbot Golf submitting transactions
chatterbot X-ray submitting transactions
chatterbot Victor submitting transactions
chatterbot Foxtrot submitting transactions
ChatterBot Victor round 4
ChatterBot Alpha round 4
ChatterBot Mike round 4
ChatterBot Romeo round 4
ChatterBot Tango round 4
ChatterBot Zulu round 4
ChatterBot Uniform round 4
ChatterBot Golf round 4
ChatterBot Foxtrot round 4
ChatterBot X-ray round 4
2024-10-14 17:41:11.312327 Tango: We would work well together
ChatterBot Zulu reevaluating
2024-10-14 17:41:11.336929 X-ray: Yes
2024-10-14 17:41:11.337204 Victor: Yes
2024-10-14 17:41:11.337414 Zulu: Yes
2024-10-14 17:41:11.337601 Foxtrot: No
ChatterBot Zulu reevaluating
ChatterBot Zulu reevaluating
ChatterBot Zulu reevaluating
2024-10-14 17:41:11.432245 Zulu: We should add Tango
2024-10-14 17:41:11.448282 Foxtrot: No
2024-10-14 17:41:11.448488 Victor: Yes
2024-10-14 17:41:11.449037 X-ray: Yes
ChatterBot Zulu reevaluating
ChatterBot Zulu reevaluating
ChatterBot Zulu reevaluating
2024-10-14 17:41:11.514799 Zulu: Tango we want you to join our group
2024-10-14 17:41:11.518937 Tango: Yes
2024-10-14 17:41:11.533361 Mike: Same as last round
2024-10-14 17:41:11.533736 Victor: Zulu, sending you 5
2024-10-14 17:41:11.535664 Uniform: Same as last round
2024-10-14 17:41:11.536747 Foxtrot: Victor and X-ray, sending you 7
2024-10-14 17:41:11.537224 Tango: Victor, sending you 4
2024-10-14 17:41:11.537666 Romeo: Alpha, sending you 6
2024-10-14 17:41:11.538045 Alpha: Mike and Golf, sending you 5
2024-10-14 17:41:11.538789 Victor: Foxtrot, sending you 8
2024-10-14 17:41:11.539147 X-ray: Victor and Zulu, sending you 5
2024-10-14 17:41:11.539492 Golf: Alpha and Mike, sending you 6
2024-10-14 17:41:11.539854 Foxtrot: Zulu, sending you 5
2024-10-14 17:41:11.540661 Romeo: Mike, sending you 5
2024-10-14 17:41:11.541668 Tango: Zulu, sending you 3
2024-10-14 17:41:11.542354 Alpha: Romeo, sending you 6
2024-10-14 17:41:11.542686 X-ray: Tango, sending you 3
2024-10-14 17:41:11.543048 Victor: X-ray, sending you 6
2024-10-14 17:41:11.543356 Golf: Romeo, sending you 7
2024-10-14 17:41:11.544068 Romeo: Golf, sending you 7
2024-10-14 17:41:11.546657 Tango: Foxtrot, sending you 2
2024-10-14 17:41:11.547789 X-ray: Foxtrot, sending you 6
2024-10-14 17:41:11.551740 Tango: X-ray, sending you 9
2024-10-14 17:41:11.552668 Zulu: Victor, Foxtrot and X-ray, sending you 3
2024-10-14 17:41:11.557688 Zulu: Tango, sending you 1
chatterbot Victor submitting transactions
chatterbot Golf submitting transactions
chatterbot Romeo submitting transactions
chatterbot Foxtrot submitting transactions
chatterbot X-ray submitting transactions
chatterbot Tango submitting transactions
chatterbot Alpha submitting transactions
chatterbot Mike submitting transactions
chatterbot Zulu submitting transactions
chatterbot Uniform submitting transactions
ChatterBot Victor round 5
ChatterBot Alpha round 5
ChatterBot Mike round 5
ChatterBot Romeo round 5
ChatterBot Tango round 5
ChatterBot Zulu round 5
ChatterBot Uniform round 5
ChatterBot Golf round 5
ChatterBot Foxtrot round 5
ChatterBot X-ray round 5
2024-10-14 17:41:12.618669 Mike: Same as last round
2024-10-14 17:41:12.620730 Victor: Tango, sending you 3
2024-10-14 17:41:12.623680 X-ray: Victor, sending you 5
2024-10-14 17:41:12.624703 Romeo: Alpha, sending you 6
2024-10-14 17:41:12.625638 Victor: Zulu, sending you 4
2024-10-14 17:41:12.626153 Zulu: Victor, Foxtrot and X-ray, sending you 3
2024-10-14 17:41:12.626687 Tango: Victor, Zulu and Foxtrot, sending you 3
2024-10-14 17:41:12.628661 X-ray: Tango and Zulu, sending you 4
2024-10-14 17:41:12.629074 Romeo: Mike, sending you 5
2024-10-14 17:41:12.629438 Zulu: Tango, sending you 1
2024-10-14 17:41:12.630288 Victor: Foxtrot, sending you 7
2024-10-14 17:41:12.630745 Tango: X-ray, sending you 9
2024-10-14 17:41:12.632671 X-ray: Foxtrot, sending you 6
2024-10-14 17:41:12.633687 Alpha: Mike and Golf, sending you 5
2024-10-14 17:41:12.634620 Romeo: Golf, sending you 7
2024-10-14 17:41:12.634965 Victor: X-ray, sending you 5
2024-10-14 17:41:12.635356 Uniform: Same as last round
2024-10-14 17:41:12.635652 Golf: Alpha and Mike, sending you 6
2024-10-14 17:41:12.638828 Alpha: Romeo, sending you 6
2024-10-14 17:41:12.639655 Golf: Romeo, sending you 7
2024-10-14 17:41:12.645652 Foxtrot: Victor and X-ray, sending you 7
2024-10-14 17:41:12.649654 Foxtrot: Zulu, sending you 5
chatterbot Foxtrot submitting transactions
chatterbot Tango submitting transactions
chatterbot Uniform submitting transactions
chatterbot Zulu submitting transactions
chatterbot Romeo submitting transactions
chatterbot Victor submitting transactions
chatterbot Alpha submitting transactions
chatterbot X-ray submitting transactions
chatterbot Mike submitting transactions
chatterbot Golf submitting transactions
ChatterBot Victor round 6
ChatterBot Alpha round 6
ChatterBot Mike round 6
ChatterBot Romeo round 6
ChatterBot Tango round 6
ChatterBot Zulu round 6
ChatterBot Uniform round 6
ChatterBot Golf round 6
2024-10-14 17:41:13.684065 Victor: We should add Uniform
ChatterBot Foxtrot reevaluating
2024-10-14 17:41:13.696320 X-ray: No
2024-10-14 17:41:13.696494 Zulu: No
2024-10-14 17:41:13.696673 Foxtrot: No
2024-10-14 17:41:13.697198 Tango: No
ChatterBot Foxtrot reevaluating
ChatterBot Victor reevaluating
ChatterBot Foxtrot reevaluating
ChatterBot Victor reevaluating
ChatterBot Victor reevaluating
ChatterBot Foxtrot reevaluating
ChatterBot Foxtrot round 6
ChatterBot X-ray round 6
2024-10-14 17:41:13.767670 Alpha: Mike and Golf, sending you 5
2024-10-14 17:41:13.771661 Romeo: Alpha and Golf, sending you 7
2024-10-14 17:41:13.772664 Alpha: Romeo, sending you 6
2024-10-14 17:41:13.774664 Romeo: Mike, sending you 5
2024-10-14 17:41:13.778052 Foxtrot: Victor and X-ray, sending you 7
2024-10-14 17:41:13.778682 Tango: Victor, sending you 5
2024-10-14 17:41:13.779668 Victor: Tango, sending you 3
2024-10-14 17:41:13.780163 Mike: Same as last round
2024-10-14 17:41:13.781817 Foxtrot: Zulu, sending you 5
2024-10-14 17:41:13.782267 Tango: Zulu, sending you 4
2024-10-14 17:41:13.782679 X-ray: Victor, Tango and Foxtrot, sending you 5
2024-10-14 17:41:13.783218 Victor: Zulu, sending you 4
2024-10-14 17:41:13.784671 Uniform: Same as last round
2024-10-14 17:41:13.785689 Zulu: Victor, Foxtrot and X-ray, sending you 3
2024-10-14 17:41:13.786096 Tango: X-ray, sending you 9
2024-10-14 17:41:13.786374 X-ray: Zulu, sending you 4
2024-10-14 17:41:13.786713 Golf: Alpha and Mike, sending you 6
2024-10-14 17:41:13.787087 Victor: Foxtrot, sending you 7
2024-10-14 17:41:13.788695 Zulu: Tango, sending you 1
2024-10-14 17:41:13.789665 Victor: X-ray, sending you 5
2024-10-14 17:41:13.790696 Golf: Romeo, sending you 7
chatterbot Alpha submitting transactions
chatterbot Romeo submitting transactions
chatterbot Victor submitting transactions
chatterbot Tango submitting transactions
chatterbot Mike submitting transactions
chatterbot Zulu submitting transactions
chatterbot Foxtrot submitting transactions
chatterbot Uniform submitting transactions
chatterbot Golf submitting transactions
chatterbot X-ray submitting transactions
ChatterBot Victor round 7
ChatterBot Alpha round 7
ChatterBot Mike round 7
ChatterBot Romeo round 7
ChatterBot Tango round 7
ChatterBot Zulu round 7
ChatterBot Uniform round 7
ChatterBot Golf round 7
ChatterBot Foxtrot round 7
ChatterBot X-ray round 7
2024-10-14 17:41:14.978661 Alpha: Mike and Golf, sending you 5
2024-10-14 17:41:14.981670 Victor: Tango, sending you 3
2024-10-14 17:41:14.983687 Alpha: Romeo, sending you 6
2024-10-14 17:41:14.984675 X-ray: Victor, Tango and Foxtrot, sending you 5
2024-10-14 17:41:14.986682 Victor: Zulu, sending you 4
2024-10-14 17:41:14.988671 Romeo: Alpha and Golf, sending you 7
2024-10-14 17:41:14.989675 Mike: Alpha and Romeo, sending you 4
2024-10-14 17:41:14.990154 X-ray: Zulu, sending you 4
2024-10-14 17:41:14.991397 Victor: Foxtrot, sending you 7
2024-10-14 17:41:14.991984 Tango: Victor, sending you 5
2024-10-14 17:41:14.993690 Romeo: Mike, sending you 5
2024-10-14 17:41:14.994699 Mike: Golf, sending you 3
2024-10-14 17:41:14.995718 Foxtrot: Victor and X-ray, sending you 7
2024-10-14 17:41:14.996185 Tango: Zulu, sending you 4
2024-10-14 17:41:14.996687 Victor: X-ray, sending you 5
2024-10-14 17:41:14.997161 Zulu: Victor, Foxtrot and X-ray, sending you 3
2024-10-14 17:41:14.998688 Foxtrot: Zulu, sending you 5
2024-10-14 17:41:15.000683 Tango: X-ray, sending you 9
2024-10-14 17:41:15.002679 Zulu: Tango, sending you 1
2024-10-14 17:41:15.005709 Golf: Alpha and Mike, sending you 6
2024-10-14 17:41:15.010686 Golf: Romeo, sending you 7
chatterbot Zulu submitting transactions
chatterbot Uniform submitting transactions
chatterbot Romeo submitting transactions
chatterbot Golf submitting transactions
chatterbot Tango submitting transactions
chatterbot Victor submitting transactions
chatterbot Alpha submitting transactions
chatterbot Foxtrot submitting transactions
chatterbot Mike submitting transactions
chatterbot X-ray submitting transactions
ChatterBot Victor round 8
ChatterBot Alpha round 8
ChatterBot Mike round 8
ChatterBot Romeo round 8
ChatterBot Tango round 8
ChatterBot Zulu round 8
ChatterBot Uniform round 8
ChatterBot Golf round 8
ChatterBot Foxtrot round 8
ChatterBot X-ray round 8
2024-10-14 17:41:16.065663 Victor: Tango, sending you 3
2024-10-14 17:41:16.069664 Zulu: Victor, Foxtrot and X-ray, sending you 3
2024-10-14 17:41:16.070653 Victor: Zulu, sending you 4
2024-10-14 17:41:16.072684 Zulu: Tango, sending you 1
2024-10-14 17:41:16.073673 Mike: Alpha and Romeo, sending you 4
2024-10-14 17:41:16.074107 Tango: Victor, sending you 5
2024-10-14 17:41:16.074665 Victor: Foxtrot, sending you 7
2024-10-14 17:41:16.076692 Mike: Golf, sending you 3
2024-10-14 17:41:16.077672 Golf: Alpha and Mike, sending you 6
2024-10-14 17:41:16.078283 Victor: X-ray, sending you 5
2024-10-14 17:41:16.079033 Alpha: Mike and Golf, sending you 5
2024-10-14 17:41:16.079627 Tango: Zulu, sending you 4
2024-10-14 17:41:16.080367 X-ray: Victor, Tango and Foxtrot, sending you 5
2024-10-14 17:41:16.081195 Golf: Romeo, sending you 7
2024-10-14 17:41:16.083665 Alpha: Romeo, sending you 6
2024-10-14 17:41:16.084675 Tango: X-ray, sending you 9
2024-10-14 17:41:16.085100 X-ray: Zulu, sending you 4
2024-10-14 17:41:16.085680 Romeo: Alpha and Golf, sending you 7
2024-10-14 17:41:16.085994 Foxtrot: Victor and X-ray, sending you 7
2024-10-14 17:41:16.089661 Romeo: Mike, sending you 5
2024-10-14 17:41:16.091096 Foxtrot: Zulu, sending you 5
chatterbot Alpha submitting transactions
chatterbot Romeo submitting transactions
chatterbot Mike submitting transactions
chatterbot Uniform submitting transactions
chatterbot Golf submitting transactions
chatterbot X-ray submitting transactions
chatterbot Zulu submitting transactions
chatterbot Victor submitting transactions
chatterbot Tango submitting transactions
chatterbot Foxtrot submitting transactions
ChatterBot Victor round 9
ChatterBot Alpha round 9
ChatterBot Mike round 9
ChatterBot Romeo round 9
ChatterBot Tango round 9
ChatterBot Zulu round 9
ChatterBot Uniform round 9
ChatterBot Golf round 9
ChatterBot Foxtrot round 9
ChatterBot X-ray round 9
2024-10-14 17:41:17.153674 Zulu: Victor, Foxtrot and X-ray, sending you 3
2024-10-14 17:41:17.154684 Alpha: Mike and Golf, sending you 5
2024-10-14 17:41:17.156681 Tango: Victor, sending you 6
2024-10-14 17:41:17.158681 Zulu: Tango, sending you 1
2024-10-14 17:41:17.159526 Alpha: Romeo, sending you 6
2024-10-14 17:41:17.159924 Victor: Tango and Zulu, sending you 4
2024-10-14 17:41:17.161687 Tango: Zulu, sending you 4
2024-10-14 17:41:17.162670 Romeo: Alpha and Golf, sending you 7
2024-10-14 17:41:17.164692 Mike: Alpha, sending you 4
2024-10-14 17:41:17.165421 Victor: Foxtrot, sending you 6
2024-10-14 17:41:17.166799 Tango: X-ray, sending you 8
2024-10-14 17:41:17.167769 Romeo: Mike, sending you 5
2024-10-14 17:41:17.168438 Golf: Alpha and Mike, sending you 6
2024-10-14 17:41:17.169219 Foxtrot: Victor and X-ray, sending you 7
2024-10-14 17:41:17.170023 Mike: Romeo and Golf, sending you 3
2024-10-14 17:41:17.171683 Victor: X-ray, sending you 5
2024-10-14 17:41:17.174102 Golf: Romeo, sending you 7
2024-10-14 17:41:17.174670 Foxtrot: Zulu, sending you 5
2024-10-14 17:41:17.180853 X-ray: Victor and Foxtrot, sending you 5
2024-10-14 17:41:17.185881 X-ray: Tango and Zulu, sending you 4
chatterbot Zulu submitting transactions
chatterbot Golf submitting transactions
chatterbot Mike submitting transactions
chatterbot Alpha submitting transactions
chatterbot Victor submitting transactions
chatterbot Foxtrot submitting transactions
chatterbot Romeo submitting transactions
chatterbot Uniform submitting transactions
chatterbot Tango submitting transactions
chatterbot X-ray submitting transactions
ChatterBot Victor round 10
ChatterBot Alpha round 10
ChatterBot Mike round 10
ChatterBot Romeo round 10
ChatterBot Tango round 10
ChatterBot Zulu round 10
ChatterBot Uniform round 10
ChatterBot Golf round 10
ChatterBot Foxtrot round 10
ChatterBot X-ray round 10
2024-10-14 17:41:18.414225 Golf: We should add Uniform
2024-10-14 17:41:18.421657 Mike: No
2024-10-14 17:41:18.421821 Romeo: No
2024-10-14 17:41:18.421936 Alpha: No
ChatterBot Golf reevaluating
ChatterBot Golf reevaluating
ChatterBot Golf reevaluating
2024-10-14 17:41:18.448622 Foxtrot: We should replace Zulu with Tango
2024-10-14 17:41:18.453299 Victor: No
2024-10-14 17:41:18.453430 X-ray: No
2024-10-14 17:41:18.463210 Foxtrot: Tango we want you to join our group
2024-10-14 17:41:18.466351 Tango: Yes
2024-10-14 17:41:18.473718 Victor: Tango and Zulu, sending you 4
2024-10-14 17:41:18.476663 Victor: Foxtrot, sending you 6
2024-10-14 17:41:18.477687 Mike: Alpha, sending you 4
2024-10-14 17:41:18.478644 X-ray: Victor and Foxtrot, sending you 5
2024-10-14 17:41:18.479265 Zulu: Victor, Foxtrot and X-ray, sending you 3
2024-10-14 17:41:18.479808 Romeo: Alpha and Golf, sending you 7
2024-10-14 17:41:18.480679 Alpha: Mike and Golf, sending you 5
2024-10-14 17:41:18.481101 Victor: X-ray, sending you 5
2024-10-14 17:41:18.482724 X-ray: Tango and Zulu, sending you 4
2024-10-14 17:41:18.483665 Mike: Romeo and Golf, sending you 3
2024-10-14 17:41:18.484080 Zulu: Tango, sending you 1
2024-10-14 17:41:18.484639 Romeo: Mike, sending you 5
2024-10-14 17:41:18.485051 Alpha: Romeo, sending you 6
2024-10-14 17:41:18.486107 Tango: Victor, sending you 6
2024-10-14 17:41:18.489676 Foxtrot: Victor, sending you 8
2024-10-14 17:41:18.492087 Tango: Zulu, sending you 4
2024-10-14 17:41:18.493707 Foxtrot: Tango, sending you 4
2024-10-14 17:41:18.494129 Golf: Alpha and Mike, sending you 6
2024-10-14 17:41:18.496685 Tango: X-ray, sending you 8
2024-10-14 17:41:18.497274 Foxtrot: X-ray, sending you 7
2024-10-14 17:41:18.497656 Golf: Romeo, sending you 7
chatterbot Alpha submitting transactions
chatterbot Romeo submitting transactions
chatterbot Zulu submitting transactions
chatterbot Victor submitting transactions
chatterbot Mike submitting transactions
chatterbot X-ray submitting transactions
chatterbot Uniform submitting transactions
chatterbot Foxtrot submitting transactions
chatterbot Golf submitting transactions
chatterbot Tango submitting transactions
ChatterBot Victor round 11
ChatterBot Alpha round 11
ChatterBot Mike round 11
ChatterBot Romeo round 11
ChatterBot Tango round 11
ChatterBot Zulu round 11
ChatterBot Uniform round 11
ChatterBot Golf round 11
ChatterBot Foxtrot round 11
ChatterBot X-ray round 11
2024-10-14 17:41:19.679664 Zulu: Victor and X-ray, sending you 3
2024-10-14 17:41:19.682661 Zulu: Tango and Foxtrot, sending you 2
2024-10-14 17:41:19.683669 Mike: Alpha, sending you 4
2024-10-14 17:41:19.684212 Romeo: Alpha and Golf, sending you 7
2024-10-14 17:41:19.684686 Victor: Tango and Zulu, sending you 4
2024-10-14 17:41:19.686826 Romeo: Mike, sending you 5
2024-10-14 17:41:19.688657 Mike: Romeo and Golf, sending you 3
2024-10-14 17:41:19.689730 Victor: Foxtrot, sending you 6
2024-10-14 17:41:19.690593 Golf: Alpha and Mike, sending you 6
2024-10-14 17:41:19.692671 Tango: Victor, sending you 5
2024-10-14 17:41:19.693665 Victor: X-ray, sending you 5
2024-10-14 17:41:19.694698 Alpha: Mike and Golf, sending you 5
2024-10-14 17:41:19.695807 Golf: Romeo, sending you 7
2024-10-14 17:41:19.696661 Tango: Zulu and Foxtrot, sending you 3
2024-10-14 17:41:19.698671 X-ray: Victor, Tango and Foxtrot, sending you 5
2024-10-14 17:41:19.700674 Alpha: Romeo, sending you 6
2024-10-14 17:41:19.701118 Tango: X-ray, sending you 7
2024-10-14 17:41:19.703664 X-ray: Zulu, sending you 4
2024-10-14 17:41:19.704837 Foxtrot: Victor, sending you 8
2024-10-14 17:41:19.708660 Foxtrot: Tango, sending you 4
2024-10-14 17:41:19.713681 Foxtrot: X-ray, sending you 7
chatterbot Uniform submitting transactions
chatterbot Victor submitting transactions
chatterbot Tango submitting transactions
chatterbot Zulu submitting transactions
chatterbot Romeo submitting transactions
chatterbot Alpha submitting transactions
chatterbot Foxtrot submitting transactions
chatterbot Golf submitting transactions
chatterbot Mike submitting transactions
chatterbot X-ray submitting transactions
ChatterBot Victor round 12
ChatterBot Alpha round 12
ChatterBot Mike round 12
ChatterBot Romeo round 12
ChatterBot Tango round 12
ChatterBot Zulu round 12
ChatterBot Uniform round 12
ChatterBot Golf round 12
ChatterBot Foxtrot round 12
ChatterBot X-ray round 12
2024-10-14 17:41:20.836658 Mike: Alpha, sending you 4
2024-10-14 17:41:20.839767 Alpha: Mike and Golf, sending you 5
2024-10-14 17:41:20.840675 Tango: Victor, sending you 5
2024-10-14 17:41:20.841679 Mike: Romeo and Golf, sending you 3
2024-10-14 17:41:20.842699 Alpha: Romeo, sending you 6
2024-10-14 17:41:20.844686 Tango: Zulu, sending you 3
2024-10-14 17:41:20.847268 X-ray: Victor, Tango and Foxtrot, sending you 5
2024-10-14 17:41:20.848175 Tango: Foxtrot, sending you 4
2024-10-14 17:41:20.848863 Victor: Tango and Zulu, sending you 4
2024-10-14 17:41:20.849685 Zulu: Victor and X-ray, sending you 3
2024-10-14 17:41:20.851062 Romeo: Alpha and Golf, sending you 7
2024-10-14 17:41:20.851648 Foxtrot: Victor, sending you 8
2024-10-14 17:41:20.852667 X-ray: Zulu, sending you 4
2024-10-14 17:41:20.853362 Tango: X-ray, sending you 6
2024-10-14 17:41:20.855017 Victor: Foxtrot, sending you 6
2024-10-14 17:41:20.855760 Zulu: Tango and Foxtrot, sending you 2
2024-10-14 17:41:20.856434 Romeo: Mike, sending you 5
2024-10-14 17:41:20.856995 Foxtrot: Tango, sending you 4
2024-10-14 17:41:20.860674 Victor: X-ray, sending you 5
2024-10-14 17:41:20.861917 Foxtrot: X-ray, sending you 7
2024-10-14 17:41:20.862310 Golf: Alpha and Mike, sending you 6
2024-10-14 17:41:20.866690 Golf: Romeo, sending you 7
chatterbot Alpha submitting transactions
chatterbot Zulu submitting transactions
chatterbot Mike submitting transactions
chatterbot Romeo submitting transactions
chatterbot Uniform submitting transactions
chatterbot Victor submitting transactions
chatterbot X-ray submitting transactions
chatterbot Foxtrot submitting transactions
chatterbot Tango submitting transactions
chatterbot Golf submitting transactions
ChatterBot Victor round 13
ChatterBot Alpha round 13
ChatterBot Mike round 13
ChatterBot Romeo round 13
ChatterBot Tango round 13
ChatterBot Zulu round 13
ChatterBot Uniform round 13
ChatterBot Golf round 13
ChatterBot Foxtrot round 13
ChatterBot X-ray round 13
2024-10-14 17:41:22.088679 Alpha: Mike and Golf, sending you 5
2024-10-14 17:41:22.091 Victor: Tango and Zulu, sending you 4
2024-10-14 17:41:22.093668 Alpha: Romeo, sending you 6
2024-10-14 17:41:22.095359 Foxtrot: Victor and X-ray, sending you 7
2024-10-14 17:41:22.096693 Victor: Foxtrot, sending you 6
2024-10-14 17:41:22.097938 Mike: Alpha, sending you 4
2024-10-14 17:41:22.099164 Romeo: Alpha and Golf, sending you 7
2024-10-14 17:41:22.100681 Foxtrot: Tango, sending you 5
2024-10-14 17:41:22.101707 Mike: Romeo and Golf, sending you 3
2024-10-14 17:41:22.103188 Victor: X-ray, sending you 5
2024-10-14 17:41:22.104378 Romeo: Mike, sending you 5
2024-10-14 17:41:22.107159 Golf: Alpha and Mike, sending you 6
2024-10-14 17:41:22.108684 Tango: Victor, sending you 5
2024-10-14 17:41:22.110683 Zulu: Victor and X-ray, sending you 3
2024-10-14 17:41:22.111704 X-ray: Victor, Tango and Foxtrot, sending you 5
2024-10-14 17:41:22.112687 Golf: Romeo, sending you 7
2024-10-14 17:41:22.114132 Tango: Zulu, sending you 3
2024-10-14 17:41:22.114815 X-ray: Zulu, sending you 4
2024-10-14 17:41:22.115677 Zulu: Tango and Foxtrot, sending you 2
2024-10-14 17:41:22.119042 Tango: Foxtrot, sending you 4
2024-10-14 17:41:22.122647 Tango: X-ray, sending you 6
chatterbot Mike submitting transactions
chatterbot Golf submitting transactions
chatterbot Tango submitting transactions
chatterbot Uniform submitting transactions
chatterbot Romeo submitting transactions
chatterbot Zulu submitting transactions
chatterbot Foxtrot submitting transactions
chatterbot Alpha submitting transactions
chatterbot X-ray submitting transactions
chatterbot Victor submitting transactions
ChatterBot Victor round 14
ChatterBot Alpha round 14
ChatterBot Mike round 14
ChatterBot Romeo round 14
ChatterBot Tango round 14
ChatterBot Zulu round 14
ChatterBot Uniform round 14
ChatterBot Golf round 14
ChatterBot Foxtrot round 14
ChatterBot X-ray round 14
2024-10-14 17:41:23.288653 Alpha: Mike and Golf, sending you 5
2024-10-14 17:41:23.289696 Romeo: Alpha and Golf, sending you 7
2024-10-14 17:41:23.291695 Alpha: Romeo, sending you 6
2024-10-14 17:41:23.292733 Romeo: Mike, sending you 5
2024-10-14 17:41:23.296678 X-ray: Victor, Tango and Foxtrot, sending you 5
2024-10-14 17:41:23.299659 Victor: Tango and Zulu, sending you 4
2024-10-14 17:41:23.302663 X-ray: Zulu, sending you 4
2024-10-14 17:41:23.303654 Zulu: Victor and X-ray, sending you 3
2024-10-14 17:41:23.304228 Tango: Victor, sending you 5
2024-10-14 17:41:23.304751 Mike: Sending you each 3
2024-10-14 17:41:23.305681 Victor: Foxtrot, sending you 6
2024-10-14 17:41:23.307103 Zulu: Tango and Foxtrot, sending you 2
2024-10-14 17:41:23.307954 Tango: Zulu, sending you 3
2024-10-14 17:41:23.308683 Golf: Alpha and Mike, sending you 6
2024-10-14 17:41:23.309702 Victor: X-ray, sending you 5
2024-10-14 17:41:23.311792 Golf: Romeo, sending you 7
2024-10-14 17:41:23.312674 Tango: Foxtrot, sending you 4
2024-10-14 17:41:23.313268 Foxtrot: Victor and X-ray, sending you 7
2024-10-14 17:41:23.316682 Foxtrot: Tango, sending you 5
2024-10-14 17:41:23.317670 Tango: X-ray, sending you 6
chatterbot Victor submitting transactions
chatterbot Mike submitting transactions
chatterbot Tango submitting transactions
chatterbot X-ray submitting transactions
chatterbot Alpha submitting transactions
chatterbot Uniform submitting transactions
chatterbot Romeo submitting transactions
chatterbot Golf submitting transactions
chatterbot Zulu submitting transactions
chatterbot Foxtrot submitting transactions
ChatterBot Victor round 15
ChatterBot Alpha round 15
ChatterBot Mike round 15
ChatterBot Romeo round 15
ChatterBot Tango round 15
ChatterBot Zulu round 15
ChatterBot Uniform round 15
ChatterBot Golf round 15
ChatterBot Foxtrot round 15
ChatterBot X-ray round 15
2024-10-14 17:41:24.434678 Romeo: Alpha and Golf, sending you 7
2024-10-14 17:41:24.437689 Romeo: Mike, sending you 5
2024-10-14 17:41:24.438712 X-ray: Victor, Tango and Foxtrot, sending you 5
2024-10-14 17:41:24.440711 Mike: Same as last round
2024-10-14 17:41:24.442235 Golf: Alpha and Mike, sending you 6
2024-10-14 17:41:24.443175 Victor: Tango and Zulu, sending you 4
2024-10-14 17:41:24.444390 X-ray: Zulu, sending you 4
2024-10-14 17:41:24.445938 Alpha: Mike and Golf, sending you 5
2024-10-14 17:41:24.447911 Golf: Romeo, sending you 7
2024-10-14 17:41:24.448653 Victor: Foxtrot, sending you 6
2024-10-14 17:41:24.450682 Alpha: Romeo, sending you 6
2024-10-14 17:41:24.451726 Victor: X-ray, sending you 5
2024-10-14 17:41:24.452701 Zulu: Victor and X-ray, sending you 3
2024-10-14 17:41:24.454688 Tango: Victor and X-ray, sending you 5
2024-10-14 17:41:24.456731 Foxtrot: Victor and X-ray, sending you 7
2024-10-14 17:41:24.457726 Zulu: Tango and Foxtrot, sending you 2
2024-10-14 17:41:24.460712 Tango: Zulu and Foxtrot, sending you 4
2024-10-14 17:41:24.461561 Foxtrot: Tango, sending you 5
chatterbot X-ray submitting transactions
chatterbot Foxtrot submitting transactions
chatterbot Tango submitting transactions
chatterbot Alpha submitting transactions
chatterbot Golf submitting transactions
chatterbot Mike submitting transactions
chatterbot Zulu submitting transactions
chatterbot Victor submitting transactions
chatterbot Romeo submitting transactions
chatterbot Uniform submitting transactions
ChatterBot Victor round 16
ChatterBot Alpha round 16
ChatterBot Mike round 16
ChatterBot Romeo round 16
ChatterBot Tango round 16
ChatterBot Zulu round 16
ChatterBot Uniform round 16
ChatterBot Golf round 16
ChatterBot Foxtrot round 16
ChatterBot X-ray round 16
2024-10-14 17:41:25.649692 Tango: Victor and X-ray, sending you 5
2024-10-14 17:41:25.652582 Mike: Same as last round
2024-10-14 17:41:25.654596 Alpha: Mike and Golf, sending you 5
2024-10-14 17:41:25.655434 Tango: Zulu and Foxtrot, sending you 4
2024-10-14 17:41:25.658687 Alpha: Romeo, sending you 6
2024-10-14 17:41:25.660414 Victor: Tango and Zulu, sending you 4
2024-10-14 17:41:25.663715 Foxtrot: Victor and X-ray, sending you 7
2024-10-14 17:41:25.665398 Victor: Foxtrot, sending you 6
2024-10-14 17:41:25.666408 Zulu: Victor and X-ray, sending you 3
2024-10-14 17:41:25.668120 Golf: Alpha and Mike, sending you 6
2024-10-14 17:41:25.671352 Victor: X-ray, sending you 5
2024-10-14 17:41:25.674628 Foxtrot: Tango, sending you 5
2024-10-14 17:41:25.675990 Zulu: Tango and Foxtrot, sending you 2
2024-10-14 17:41:25.678965 Romeo: Alpha and Golf, sending you 7
2024-10-14 17:41:25.680927 Golf: Romeo, sending you 7
2024-10-14 17:41:25.683690 Romeo: Mike, sending you 5
2024-10-14 17:41:25.684714 X-ray: Victor, Tango and Foxtrot, sending you 5
2024-10-14 17:41:25.690697 X-ray: Zulu, sending you 4
chatterbot Mike submitting transactions
chatterbot Golf submitting transactions
chatterbot Foxtrot submitting transactions
chatterbot Uniform submitting transactions
chatterbot Victor submitting transactions
chatterbot Alpha submitting transactions
chatterbot Romeo submitting transactions
chatterbot Zulu submitting transactions
chatterbot Tango submitting transactions
chatterbot X-ray submitting transactions
ChatterBot Victor round 17
ChatterBot Alpha round 17
ChatterBot Mike round 17
ChatterBot Romeo round 17
ChatterBot Tango round 17
ChatterBot Zulu round 17
ChatterBot Uniform round 17
ChatterBot Golf round 17
ChatterBot Foxtrot round 17
ChatterBot X-ray round 17
2024-10-14 17:41:26.838750 Alpha: Mike and Golf, sending you 5
2024-10-14 17:41:26.844703 Alpha: Romeo, sending you 6
2024-10-14 17:41:26.846712 Golf: Alpha and Mike, sending you 6
2024-10-14 17:41:26.847453 Foxtrot: Victor and X-ray, sending you 7
2024-10-14 17:41:26.848174 Victor: Tango and Zulu, sending you 4
2024-10-14 17:41:26.849135 X-ray: Victor, Tango and Foxtrot, sending you 5
2024-10-14 17:41:26.851058 Golf: Romeo, sending you 7
2024-10-14 17:41:26.851679 Zulu: Victor and X-ray, sending you 3
2024-10-14 17:41:26.852365 Tango: Victor and X-ray, sending you 5
2024-10-14 17:41:26.853007 Foxtrot: Tango, sending you 5
2024-10-14 17:41:26.853355 Victor: Foxtrot, sending you 6
2024-10-14 17:41:26.854016 X-ray: Zulu, sending you 4
2024-10-14 17:41:26.856866 Zulu: Tango and Foxtrot, sending you 2
2024-10-14 17:41:26.858647 Tango: Zulu and Foxtrot, sending you 4
2024-10-14 17:41:26.860455 Victor: X-ray, sending you 5
2024-10-14 17:41:26.862965 Mike: Same as last round
2024-10-14 17:41:26.864185 Romeo: Alpha and Golf, sending you 7
2024-10-14 17:41:26.868726 Romeo: Mike, sending you 5
chatterbot Zulu submitting transactions
chatterbot Tango submitting transactions
chatterbot Golf submitting transactions
chatterbot Romeo submitting transactions
chatterbot Uniform submitting transactions
chatterbot Mike submitting transactions
chatterbot Victor submitting transactions
chatterbot X-ray submitting transactions
chatterbot Alpha submitting transactions
chatterbot Foxtrot submitting transactions
ChatterBot Victor round 18
ChatterBot Alpha round 18
ChatterBot Mike round 18
ChatterBot Romeo round 18
ChatterBot Tango round 18
ChatterBot Zulu round 18
ChatterBot Uniform round 18
ChatterBot Golf round 18
ChatterBot Foxtrot round 18
ChatterBot X-ray round 18
2024-10-14 17:41:27.964684 Victor: Tango and Zulu, sending you 4
2024-10-14 17:41:27.965483 Mike: Same as last round
2024-10-14 17:41:27.968691 Victor: Foxtrot, sending you 6
2024-10-14 17:41:27.971682 Victor: X-ray, sending you 5
2024-10-14 17:41:27.972669 Foxtrot: Victor and X-ray, sending you 7
2024-10-14 17:41:27.973102 Golf: Alpha and Mike, sending you 6
2024-10-14 17:41:27.973679 Romeo: Alpha and Golf, sending you 7
2024-10-14 17:41:27.976675 Foxtrot: Tango, sending you 5
2024-10-14 17:41:27.977022 X-ray: Victor, Tango and Foxtrot, sending you 5
2024-10-14 17:41:27.977673 Golf: Romeo, sending you 7
2024-10-14 17:41:27.978079 Romeo: Mike, sending you 5
2024-10-14 17:41:27.978676 Alpha: Mike and Golf, sending you 5
2024-10-14 17:41:27.979892 Tango: Victor, Foxtrot and X-ray, sending you 5
2024-10-14 17:41:27.980780 Zulu: Victor and X-ray, sending you 3
2024-10-14 17:41:27.981656 X-ray: Zulu, sending you 4
2024-10-14 17:41:27.982659 Alpha: Romeo, sending you 6
2024-10-14 17:41:27.983662 Tango: Zulu, sending you 3
2024-10-14 17:41:27.984806 Zulu: Tango and Foxtrot, sending you 2
chatterbot Romeo submitting transactions
chatterbot Zulu submitting transactions
chatterbot Foxtrot submitting transactions
chatterbot Uniform submitting transactions
chatterbot Mike submitting transactions
chatterbot Victor submitting transactions
chatterbot Tango submitting transactions
chatterbot X-ray submitting transactions
chatterbot Golf submitting transactions
chatterbot Alpha submitting transactions
ChatterBot Victor round 19
ChatterBot Alpha round 19
ChatterBot Mike round 19
ChatterBot Romeo round 19
ChatterBot Tango round 19
ChatterBot Zulu round 19
ChatterBot Uniform round 19
ChatterBot Golf round 19
ChatterBot Foxtrot round 19
ChatterBot X-ray round 19
2024-10-14 17:41:29.135682 Alpha: Mike and Golf, sending you 5
2024-10-14 17:41:29.137673 Mike: Same as last round
2024-10-14 17:41:29.139793 Tango: Victor, Foxtrot and X-ray, sending you 5
2024-10-14 17:41:29.141710 Alpha: Romeo, sending you 6
2024-10-14 17:41:29.143002 Golf: Alpha and Mike, sending you 6
2024-10-14 17:41:29.144675 Victor: Tango and Zulu, sending you 4
2024-10-14 17:41:29.145761 Tango: Zulu, sending you 3
2024-10-14 17:41:29.147212 Romeo: Alpha and Golf, sending you 7
2024-10-14 17:41:29.147770 Golf: Romeo, sending you 7
2024-10-14 17:41:29.150682 Victor: Foxtrot, sending you 6
2024-10-14 17:41:29.151782 Romeo: Mike, sending you 5
2024-10-14 17:41:29.153676 Zulu: Victor and X-ray, sending you 3
