ChatterBot Lima round 1
ChatterBot Papa round 1
ChatterBot Bravo round 1
ChatterBot Alpha round 1
ChatterBot Sierra round 1
ChatterBot X-ray round 1
ChatterBot Hotel round 1
ChatterBot Juliett round 1
ChatterBot Zulu round 1
ChatterBot Delta round 1
randomSelections Hotel: {Hotel, Papa, Sierra, X-ray, Delta, Alpha} 
2024-10-14 17:41:07.396781 Hotel: We should group up
ChatterBot Papa reevaluating
ChatterBot Sierra reevaluating
ChatterBot X-ray reevaluating
ChatterBot Delta reevaluating
ChatterBot Alpha reevaluating
2024-10-14 17:41:07.413070 Papa: Yes
2024-10-14 17:41:07.413241 Sierra: Yes
2024-10-14 17:41:07.413380 X-ray: Yes
2024-10-14 17:41:07.413518 Delta: Yes
2024-10-14 17:41:07.413673 Alpha: Yes
ChatterBot Sierra reevaluating
ChatterBot X-ray reevaluating
ChatterBot Delta reevaluating
ChatterBot Alpha reevaluating
ChatterBot Papa reevaluating
ChatterBot X-ray reevaluating
ChatterBot Delta reevaluating
ChatterBot Alpha reevaluating
ChatterBot Papa reevaluating
ChatterBot Sierra reevaluating
ChatterBot Delta reevaluating
ChatterBot Alpha reevaluating
ChatterBot Papa reevaluating
ChatterBot Sierra reevaluating
ChatterBot X-ray reevaluating
ChatterBot Alpha reevaluating
ChatterBot Papa reevaluating
ChatterBot Sierra reevaluating
ChatterBot X-ray reevaluating
ChatterBot Delta reevaluating
randomSelections Lima: {Lima, Papa, X-ray, Sierra} 
2024-10-14 17:41:07.475364 Lima: We would work well together
ChatterBot Papa reevaluating
ChatterBot X-ray reevaluating
ChatterBot Sierra reevaluating
2024-10-14 17:41:07.479670 Papa: No
2024-10-14 17:41:07.479784 X-ray: No
2024-10-14 17:41:07.479884 Sierra: No
ChatterBot X-ray reevaluating
ChatterBot Sierra reevaluating
ChatterBot Papa reevaluating
ChatterBot Sierra reevaluating
ChatterBot Papa reevaluating
ChatterBot X-ray reevaluating
randomSelections Bravo: {Bravo, Lima, Hotel, Zulu, Sierra, Juliett, X-ray} 
2024-10-14 17:41:07.495741 Bravo: Let's form a team
ChatterBot Zulu reevaluating
ChatterBot Sierra reevaluating
ChatterBot Juliett reevaluating
ChatterBot X-ray reevaluating
2024-10-14 17:41:07.504302 Lima: No
2024-10-14 17:41:07.504402 Hotel: No
2024-10-14 17:41:07.504494 Zulu: Yes
2024-10-14 17:41:07.504581 Sierra: No
2024-10-14 17:41:07.504683 Juliett: Yes
2024-10-14 17:41:07.504800 X-ray: No
ChatterBot Zulu reevaluating
ChatterBot Sierra reevaluating
ChatterBot Juliett reevaluating
ChatterBot X-ray reevaluating
ChatterBot Zulu reevaluating
ChatterBot Sierra reevaluating
ChatterBot Juliett reevaluating
ChatterBot X-ray reevaluating
ChatterBot Sierra reevaluating
ChatterBot Juliett reevaluating
ChatterBot X-ray reevaluating
ChatterBot Zulu reevaluating
ChatterBot Juliett reevaluating
ChatterBot X-ray reevaluating
ChatterBot Zulu reevaluating
ChatterBot Sierra reevaluating
ChatterBot X-ray reevaluating
ChatterBot Zulu reevaluating
ChatterBot Sierra reevaluating
ChatterBot Juliett reevaluating
2024-10-14 17:41:07.558665 X-ray: Alpha and Hotel, sending you 1
2024-10-14 17:41:07.560677 Hotel: Papa and Alpha, sending you 3
2024-10-14 17:41:07.561741 Papa: Alpha, sending you 6
2024-10-14 17:41:07.562190 X-ray: Sierra, sending you 4
2024-10-14 17:41:07.564886 Sierra: Papa, sending you 8
2024-10-14 17:41:07.565131 Hotel: Sierra, sending you 2
2024-10-14 17:41:07.565685 Lima: Papa, sending you 5
2024-10-14 17:41:07.566679 Papa: Sierra, sending you 5
2024-10-14 17:41:07.567038 X-ray: Delta, sending you 3
2024-10-14 17:41:07.567949 Hotel: X-ray, sending you 5
2024-10-14 17:41:07.568699 Alpha: Papa, sending you 5
2024-10-14 17:41:07.569695 Sierra: Alpha, sending you 3
2024-10-14 17:41:07.569999 Zulu: Bravo, sending you 3
2024-10-14 17:41:07.570910 Bravo: Lima and Zulu, sending you 3
2024-10-14 17:41:07.571179 Lima: Sierra, sending you 4
2024-10-14 17:41:07.571384 Papa: X-ray, sending you 1
2024-10-14 17:41:07.571691 Juliett: Lima and Hotel, sending you 3
2024-10-14 17:41:07.572057 Alpha: Sierra and Hotel, sending you 3
2024-10-14 17:41:07.572664 Hotel: Delta, sending you 4
2024-10-14 17:41:07.573661 Zulu: Sierra and X-ray, sending you 1
2024-10-14 17:41:07.573903 Lima: X-ray, sending you 2
2024-10-14 17:41:07.574918 Delta: Papa, sending you 1
2024-10-14 17:41:07.575332 Sierra: X-ray and Delta, sending you 2
2024-10-14 17:41:07.575633 Papa: Hotel, sending you 4
2024-10-14 17:41:07.575945 Alpha: X-ray, sending you 2
2024-10-14 17:41:07.576278 Bravo: X-ray, sending you 6
2024-10-14 17:41:07.576695 Juliett: Bravo, sending you 4
2024-10-14 17:41:07.578684 Zulu: Hotel, sending you 2
2024-10-14 17:41:07.579047 Delta: Sierra and X-ray, sending you 3
2024-10-14 17:41:07.579370 Papa: Delta, sending you 3
2024-10-14 17:41:07.580670 Alpha: Delta, sending you 1
2024-10-14 17:41:07.581045 Bravo: Juliett, sending you 1
2024-10-14 17:41:07.581670 Juliett: Sierra, sending you 2
2024-10-14 17:41:07.582680 Zulu: Juliett, sending you 6
2024-10-14 17:41:07.583655 Delta: Hotel, sending you 2
2024-10-14 17:41:07.586663 Juliett: X-ray and Zulu, sending you 1
chatterbot X-ray submitting transactions
chatterbot Bravo submitting transactions
chatterbot Sierra submitting transactions
chatterbot Alpha submitting transactions
chatterbot Papa submitting transactions
chatterbot Hotel submitting transactions
chatterbot Delta submitting transactions
chatterbot Juliett submitting transactions
chatterbot Lima submitting transactions
chatterbot Zulu submitting transactions
ChatterBot Lima round 2
ChatterBot Papa round 2
ChatterBot Bravo round 2
ChatterBot Alpha round 2
ChatterBot Sierra round 2
ChatterBot X-ray round 2
ChatterBot Hotel round 2
ChatterBot Juliett round 2
ChatterBot Zulu round 2
2024-10-14 17:41:10.428667 Lima: Group up?
ChatterBot Bravo reevaluating
ChatterBot Juliett reevaluating
ChatterBot Zulu reevaluating
2024-10-14 17:41:10.517212 Bravo: Yes
2024-10-14 17:41:10.517460 Juliett: Yes
2024-10-14 17:41:10.517654 Zulu: Yes
ChatterBot Juliett reevaluating
ChatterBot Zulu reevaluating
ChatterBot Bravo reevaluating
ChatterBot Zulu reevaluating
ChatterBot Bravo reevaluating
ChatterBot Juliett reevaluating
ChatterBot Delta round 2
2024-10-14 17:41:10.601774 Papa: We should drop X-ray
ChatterBot Delta reevaluating
2024-10-14 17:41:10.614831 Alpha: Yes
2024-10-14 17:41:10.615131 Sierra: Yes
2024-10-14 17:41:10.615337 Hotel: Yes
2024-10-14 17:41:10.615553 Delta: Yes
ChatterBot Delta reevaluating
ChatterBot Delta reevaluating
ChatterBot Delta reevaluating
2024-10-14 17:41:10.764324 Bravo: We should drop Hotel and Sierra
2024-10-14 17:41:10.777392 Lima: Yes
2024-10-14 17:41:10.777600 Juliett: Yes
2024-10-14 17:41:10.777750 Zulu: Yes
2024-10-14 17:41:10.777869 X-ray: No
ChatterBot Bravo reevaluating
ChatterBot Bravo reevaluating
ChatterBot Bravo reevaluating
ChatterBot Bravo reevaluating
2024-10-14 17:41:10.829379 Alpha: Papa, sending you 6
2024-10-14 17:41:10.830206 Lima: Bravo and Juliett, sending you 4
chatterbot Lima submitting transactions
2024-10-14 17:41:10.855143 Alpha: Sierra and Hotel, sending you 4
2024-10-14 17:41:10.856014 Zulu: Lima, sending you 2
2024-10-14 17:41:10.856302 Juliett: Lima, sending you 1
2024-10-14 17:41:10.857492 Sierra: Papa, Alpha and Delta, sending you 5
2024-10-14 17:41:10.857743 Papa: Alpha, sending you 5
2024-10-14 17:41:10.857953 Hotel: Papa, sending you 5
2024-10-14 17:41:10.858223 X-ray: Alpha, Sierra and Delta, sending you 2
2024-10-14 17:41:10.858505 Lima: Zulu, sending you 3
2024-10-14 17:41:10.859248 Alpha: X-ray, sending you 3
2024-10-14 17:41:10.859594 Zulu: Bravo, sending you 7
2024-10-14 17:41:10.923182 Juliett: Bravo, sending you 3
2024-10-14 17:41:10.923463 X-ray: Hotel, sending you 3
2024-10-14 17:41:10.923833 Hotel: Alpha, sending you 4
2024-10-14 17:41:10.924527 Delta: Papa, Sierra, X-ray and Hotel, sending you 2
2024-10-14 17:41:10.924888 Alpha: Delta, sending you 2
2024-10-14 17:41:10.925649 Sierra: Hotel, sending you 4
2024-10-14 17:41:10.925922 Papa: Sierra, sending you 7
2024-10-14 17:41:10.926126 Zulu: Juliett, sending you 4
2024-10-14 17:41:10.926411 Juliett: Zulu, sending you 7
2024-10-14 17:41:11.005525 Hotel: Sierra, sending you 2
2024-10-14 17:41:11.006861 Delta: Alpha, sending you 1
2024-10-14 17:41:11.007371 Papa: Hotel, sending you 4
chatterbot Hotel submitting transactions
2024-10-14 17:41:11.047310 Bravo: Lima and X-ray, sending you 2
2024-10-14 17:41:11.048586 Hotel: X-ray and Delta, sending you 3
2024-10-14 17:41:11.049912 Papa: Delta, sending you 3
2024-10-14 17:41:11.059012 Bravo: Juliett, sending you 9
2024-10-14 17:41:11.073569 Bravo: Zulu, sending you 6
chatterbot X-ray submitting transactions
chatterbot Alpha submitting transactions
chatterbot Papa submitting transactions
chatterbot Zulu submitting transactions
chatterbot Sierra submitting transactions
chatterbot Juliett submitting transactions
chatterbot Bravo submitting transactions
chatterbot Delta submitting transactions
ChatterBot Lima round 3
ChatterBot Papa round 3
ChatterBot Bravo round 3
ChatterBot Alpha round 3
ChatterBot Sierra round 3
ChatterBot X-ray round 3
ChatterBot Hotel round 3
ChatterBot Juliett round 3
ChatterBot Zulu round 3
ChatterBot Delta round 3
2024-10-14 17:41:12.043697 X-ray: Papa and Sierra, sending you 1
2024-10-14 17:41:12.044272 Lima: Bravo and Juliett, sending you 4
2024-10-14 17:41:12.045016 Papa: Alpha and Hotel, sending you 5
2024-10-14 17:41:12.045353 Juliett: Lima, sending you 4
2024-10-14 17:41:12.045665 Hotel: Papa and Alpha, sending you 4
2024-10-14 17:41:12.046037 Alpha: Papa, sending you 5
2024-10-14 17:41:12.047656 Zulu: Lima, sending you 3
2024-10-14 17:41:12.048674 Delta: Papa, Sierra, X-ray and Hotel, sending you 2
2024-10-14 17:41:12.049171 X-ray: Alpha and Delta, sending you 2
2024-10-14 17:41:12.049695 Papa: Sierra, sending you 6
2024-10-14 17:41:12.050410 Juliett: Bravo and Zulu, sending you 6
2024-10-14 17:41:12.050757 Lima: Zulu, sending you 3
2024-10-14 17:41:12.051003 Hotel: Sierra, X-ray and Delta, sending you 3
2024-10-14 17:41:12.051395 Alpha: Sierra and Hotel, sending you 4
2024-10-14 17:41:12.052159 Bravo: Lima, sending you 5
2024-10-14 17:41:12.052413 Delta: Alpha, sending you 1
2024-10-14 17:41:12.052788 Zulu: Bravo and Juliett, sending you 5
2024-10-14 17:41:12.053065 Sierra: Papa, Alpha and Delta, sending you 5
2024-10-14 17:41:12.053771 X-ray: Hotel, sending you 3
2024-10-14 17:41:12.054671 Papa: Delta, sending you 3
2024-10-14 17:41:12.056700 Alpha: X-ray and Delta, sending you 3
2024-10-14 17:41:12.057703 Bravo: Juliett, sending you 6
2024-10-14 17:41:12.058681 Sierra: Hotel, sending you 4
2024-10-14 17:41:12.061668 Bravo: Zulu, sending you 8
chatterbot X-ray submitting transactions
chatterbot Papa submitting transactions
chatterbot Zulu submitting transactions
chatterbot Bravo submitting transactions
chatterbot Juliett submitting transactions
chatterbot Sierra submitting transactions
chatterbot Hotel submitting transactions
chatterbot Alpha submitting transactions
chatterbot Lima submitting transactions
chatterbot Delta submitting transactions
ChatterBot Lima round 4
ChatterBot Papa round 4
ChatterBot Bravo round 4
ChatterBot Alpha round 4
ChatterBot Sierra round 4
ChatterBot X-ray round 4
ChatterBot Hotel round 4
ChatterBot Juliett round 4
ChatterBot Zulu round 4
ChatterBot Delta round 4
2024-10-14 17:41:13.305766 Sierra: Papa, Alpha and Hotel, sending you 5
2024-10-14 17:41:13.306693 Papa: Alpha and Hotel, sending you 5
2024-10-14 17:41:13.308703 Lima: Bravo and Juliett, sending you 4
2024-10-14 17:41:13.309341 Sierra: Delta, sending you 4
2024-10-14 17:41:13.310664 Alpha: Papa, sending you 5
2024-10-14 17:41:13.311670 X-ray: Papa and Sierra, sending you 1
2024-10-14 17:41:13.312525 Papa: Sierra, sending you 6
2024-10-14 17:41:13.313393 Bravo: Lima, sending you 5
2024-10-14 17:41:13.313926 Lima: Zulu, sending you 3
2024-10-14 17:41:13.314511 Alpha: Sierra and Hotel, sending you 4
2024-10-14 17:41:13.315658 Delta: Papa, Sierra, X-ray and Hotel, sending you 2
2024-10-14 17:41:13.316233 X-ray: Alpha and Delta, sending you 2
2024-10-14 17:41:13.316813 Papa: Delta, sending you 3
2024-10-14 17:41:13.317311 Juliett: Lima, sending you 4
2024-10-14 17:41:13.318825 Bravo: Juliett and Zulu, sending you 7
2024-10-14 17:41:13.319242 Alpha: X-ray and Delta, sending you 3
2024-10-14 17:41:13.319641 Hotel: Papa and Alpha, sending you 4
2024-10-14 17:41:13.320161 Delta: Alpha, sending you 1
2024-10-14 17:41:13.320670 Zulu: Lima, sending you 3
2024-10-14 17:41:13.322470 X-ray: Hotel, sending you 3
2024-10-14 17:41:13.323852 Juliett: Bravo, sending you 6
2024-10-14 17:41:13.324676 Hotel: Sierra, X-ray and Delta, sending you 3
2024-10-14 17:41:13.326680 Zulu: Bravo and Juliett, sending you 5
2024-10-14 17:41:13.328006 Juliett: Zulu, sending you 7
chatterbot Hotel submitting transactions
chatterbot Sierra submitting transactions
chatterbot Juliett submitting transactions
chatterbot Papa submitting transactions
chatterbot X-ray submitting transactions
chatterbot Delta submitting transactions
chatterbot Alpha submitting transactions
chatterbot Bravo submitting transactions
chatterbot Lima submitting transactions
chatterbot Zulu submitting transactions
ChatterBot Lima round 5
ChatterBot Papa round 5
ChatterBot Bravo round 5
ChatterBot Alpha round 5
ChatterBot Sierra round 5
ChatterBot X-ray round 5
ChatterBot Hotel round 5
ChatterBot Juliett round 5
2024-10-14 17:41:14.451156 Bravo: We should add X-ray
2024-10-14 17:41:14.466276 Lima: Yes
2024-10-14 17:41:14.467277 Juliett: Yes
2024-10-14 17:41:14.467453 Zulu: Yes
ChatterBot Zulu round 5
ChatterBot Delta round 5
2024-10-14 17:41:14.560825 Bravo: X-ray we want you to join our group
2024-10-14 17:41:14.564258 X-ray: No
2024-10-14 17:41:14.583677 Papa: Alpha, Sierra and Hotel, sending you 5
2024-10-14 17:41:14.584691 Lima: Bravo and Juliett, sending you 4
2024-10-14 17:41:14.586702 Papa: Delta, sending you 4
2024-10-14 17:41:14.587671 Lima: Zulu, sending you 3
2024-10-14 17:41:14.588656 Alpha: Papa, sending you 5
2024-10-14 17:41:14.593675 Alpha: Sierra and Hotel, sending you 4
2024-10-14 17:41:14.594689 Juliett: Lima, sending you 4
2024-10-14 17:41:14.596168 Sierra: Papa, Alpha and Hotel, sending you 5
2024-10-14 17:41:14.597734 Alpha: X-ray and Delta, sending you 3
2024-10-14 17:41:14.598687 Bravo: Lima, sending you 5
2024-10-14 17:41:14.599696 Juliett: Bravo, sending you 6
2024-10-14 17:41:14.601665 Sierra: Delta, sending you 4
2024-10-14 17:41:14.602126 X-ray: Papa and Sierra, sending you 1
2024-10-14 17:41:14.603259 Hotel: Papa, Alpha and Sierra, sending you 4
2024-10-14 17:41:14.603917 Delta: Papa, Alpha, Sierra and Hotel, sending you 2
2024-10-14 17:41:14.604558 Zulu: Lima, sending you 3
2024-10-14 17:41:14.605010 Juliett: Zulu, sending you 7
2024-10-14 17:41:14.605657 Bravo: Juliett and Zulu, sending you 7
2024-10-14 17:41:14.606904 X-ray: Alpha and Delta, sending you 2
2024-10-14 17:41:14.608544 Hotel: X-ray, sending you 3
2024-10-14 17:41:14.609784 Delta: X-ray, sending you 1
2024-10-14 17:41:14.611146 Zulu: Bravo and Juliett, sending you 5
2024-10-14 17:41:14.611706 X-ray: Hotel, sending you 3
2024-10-14 17:41:14.612672 Hotel: Delta, sending you 2
chatterbot Bravo submitting transactions
chatterbot Papa submitting transactions
chatterbot Zulu submitting transactions
chatterbot Alpha submitting transactions
chatterbot Lima submitting transactions
chatterbot Delta submitting transactions
chatterbot Sierra submitting transactions
chatterbot X-ray submitting transactions
chatterbot Juliett submitting transactions
chatterbot Hotel submitting transactions
ChatterBot Lima round 6
ChatterBot Papa round 6
ChatterBot Bravo round 6
ChatterBot Alpha round 6
ChatterBot Sierra round 6
ChatterBot X-ray round 6
ChatterBot Hotel round 6
ChatterBot Juliett round 6
ChatterBot Zulu round 6
ChatterBot Delta round 6
2024-10-14 17:41:15.907672 Papa: Alpha, Sierra and Hotel, sending you 5
2024-10-14 17:41:15.911672 Papa: Delta, sending you 4
2024-10-14 17:41:15.912378 Bravo: Lima, sending you 5
2024-10-14 17:41:15.914008 Lima: Bravo and Juliett, sending you 4
2024-10-14 17:41:15.917675 Bravo: Juliett and Zulu, sending you 7
2024-10-14 17:41:15.918193 Sierra: Papa, Alpha and Hotel, sending you 5
2024-10-14 17:41:15.919190 X-ray: Papa and Sierra, sending you 1
2024-10-14 17:41:15.919910 Lima: Zulu, sending you 3
2024-10-14 17:41:15.920494 Juliett: Lima, sending you 4
2024-10-14 17:41:15.921159 Delta: Papa, Alpha, Sierra and Hotel, sending you 2
2024-10-14 17:41:15.922694 Hotel: Papa and Sierra, sending you 4
2024-10-14 17:41:15.923806 Sierra: Delta, sending you 4
2024-10-14 17:41:15.924260 Alpha: Papa, sending you 5
2024-10-14 17:41:15.925428 Juliett: Bravo, sending you 6
2024-10-14 17:41:15.925935 X-ray: Alpha and Delta, sending you 2
2024-10-14 17:41:15.926417 Zulu: Lima, sending you 3
2024-10-14 17:41:15.926849 Delta: X-ray, sending you 1
2024-10-14 17:41:15.927682 Hotel: Alpha, X-ray and Delta, sending you 3
2024-10-14 17:41:15.928702 Alpha: Sierra and Hotel, sending you 4
2024-10-14 17:41:15.929727 X-ray: Hotel, sending you 3
2024-10-14 17:41:15.930801 Juliett: Zulu, sending you 7
2024-10-14 17:41:15.931980 Zulu: Bravo and Juliett, sending you 5
2024-10-14 17:41:15.933660 Alpha: X-ray and Delta, sending you 3
chatterbot Sierra submitting transactions
chatterbot Juliett submitting transactions
chatterbot Papa submitting transactions
chatterbot Zulu submitting transactions
chatterbot Lima submitting transactions
chatterbot Bravo submitting transactions
chatterbot Hotel submitting transactions
chatterbot Delta submitting transactions
chatterbot X-ray submitting transactions
chatterbot Alpha submitting transactions
ChatterBot Lima round 7
ChatterBot Papa round 7
ChatterBot Bravo round 7
ChatterBot Alpha round 7
ChatterBot Sierra round 7
ChatterBot X-ray round 7
ChatterBot Hotel round 7
ChatterBot Juliett round 7
ChatterBot Zulu round 7
ChatterBot Delta round 7
2024-10-14 17:41:17.151904 Bravo: Lima, sending you 5
2024-10-14 17:41:17.152486 Lima: Bravo and Juliett, sending you 4
2024-10-14 17:41:17.155662 Bravo: Juliett and Zulu, sending you 7
2024-10-14 17:41:17.156037 Lima: Zulu, sending you 3
2024-10-14 17:41:17.160668 Delta: Papa, Alpha, Sierra and Hotel, sending you 2
2024-10-14 17:41:17.161181 Sierra: Papa, Alpha and Hotel, sending you 5
2024-10-14 17:41:17.164674 Delta: X-ray, sending you 1
2024-10-14 17:41:17.165437 Sierra: Delta, sending you 4
2024-10-14 17:41:17.165987 X-ray: Alpha and Hotel, sending you 3
2024-10-14 17:41:17.167085 Juliett: Lima, sending you 4
2024-10-14 17:41:17.167658 Hotel: Papa and Sierra, sending you 4
2024-10-14 17:41:17.168669 Alpha: Papa, sending you 5
2024-10-14 17:41:17.169684 Juliett: Bravo, sending you 6
2024-10-14 17:41:17.170685 X-ray: Sierra, sending you 1
2024-10-14 17:41:17.171680 Hotel: Alpha, X-ray and Delta, sending you 3
2024-10-14 17:41:17.172669 Papa: Alpha, Sierra and Hotel, sending you 5
2024-10-14 17:41:17.174118 Alpha: Sierra and Hotel, sending you 4
2024-10-14 17:41:17.174630 Juliett: Zulu, sending you 7
2024-10-14 17:41:17.174971 X-ray: Delta, sending you 2
2024-10-14 17:41:17.175425 Zulu: Lima, sending you 3
2024-10-14 17:41:17.176691 Alpha: X-ray and Delta, sending you 3
2024-10-14 17:41:17.177667 Papa: Delta, sending you 4
2024-10-14 17:41:17.178694 Zulu: Bravo and Juliett, sending you 5
chatterbot Lima submitting transactions
chatterbot Hotel submitting transactions
chatterbot X-ray submitting transactions
chatterbot Delta submitting transactions
chatterbot Zulu submitting transactions
chatterbot Juliett submitting transactions
chatterbot Alpha submitting transactions
chatterbot Papa submitting transactions
chatterbot Bravo submitting transactions
chatterbot Sierra submitting transactions
ChatterBot Lima round 8
ChatterBot Papa round 8
ChatterBot Bravo round 8
ChatterBot Alpha round 8
ChatterBot Sierra round 8
ChatterBot X-ray round 8
ChatterBot Hotel round 8
ChatterBot Juliett round 8
ChatterBot Zulu round 8
ChatterBot Delta round 8
2024-10-14 17:41:18.342666 Bravo: Lima, sending you 5
2024-10-14 17:41:18.343671 Lima: Bravo and Juliett, sending you 4
2024-10-14 17:41:18.344036 Papa: Alpha, Sierra and Hotel, sending you 5
2024-10-14 17:41:18.347677 Bravo: Juliett and Zulu, sending you 7
2024-10-14 17:41:18.348036 X-ray: Alpha and Hotel, sending you 3
2024-10-14 17:41:18.348534 Lima: Zulu, sending you 3
2024-10-14 17:41:18.349229 Papa: Delta, sending you 4
2024-10-14 17:41:18.350665 X-ray: Sierra, sending you 1
2024-10-14 17:41:18.351705 Alpha: Papa, sending you 5
2024-10-14 17:41:18.352661 Sierra: Papa, Alpha and Hotel, sending you 5
2024-10-14 17:41:18.355659 Juliett: Lima, sending you 4
2024-10-14 17:41:18.356522 X-ray: Delta, sending you 2
2024-10-14 17:41:18.357014 Alpha: Sierra and Hotel, sending you 4
2024-10-14 17:41:18.357525 Sierra: Delta, sending you 4
2024-10-14 17:41:18.357928 Zulu: Lima, sending you 3
2024-10-14 17:41:18.358670 Juliett: Bravo, sending you 6
2024-10-14 17:41:18.360663 Delta: Papa, Alpha, Sierra and Hotel, sending you 2
2024-10-14 17:41:18.361197 Zulu: Bravo and Juliett, sending you 5
2024-10-14 17:41:18.361664 Alpha: X-ray and Delta, sending you 3
2024-10-14 17:41:18.362136 Hotel: Papa and Sierra, sending you 4
2024-10-14 17:41:18.363055 Juliett: Zulu, sending you 7
2024-10-14 17:41:18.363713 Delta: X-ray, sending you 1
2024-10-14 17:41:18.366665 Hotel: Alpha, X-ray and Delta, sending you 3
chatterbot Alpha submitting transactions
chatterbot Juliett submitting transactions
chatterbot Zulu submitting transactions
chatterbot Papa submitting transactions
chatterbot X-ray submitting transactions
chatterbot Delta submitting transactions
chatterbot Hotel submitting transactions
chatterbot Lima submitting transactions
chatterbot Sierra submitting transactions
chatterbot Bravo submitting transactions
ChatterBot Lima round 9
ChatterBot Papa round 9
ChatterBot Bravo round 9
ChatterBot Alpha round 9
ChatterBot Sierra round 9
ChatterBot X-ray round 9
ChatterBot Hotel round 9
ChatterBot Juliett round 9
ChatterBot Zulu round 9
ChatterBot Delta round 9
2024-10-14 17:41:19.372624 Papa: Alpha, Sierra and Hotel, sending you 5
2024-10-14 17:41:19.373690 X-ray: Alpha and Hotel, sending you 3
2024-10-14 17:41:19.376732 Papa: Delta, sending you 4
2024-10-14 17:41:19.377281 X-ray: Sierra, sending you 1
2024-10-14 17:41:19.378064 Lima: Bravo and Juliett, sending you 4
2024-10-14 17:41:19.378683 Hotel: Papa and Sierra, sending you 4
2024-10-14 17:41:19.379707 Bravo: Lima, sending you 5
2024-10-14 17:41:19.380038 Zulu: Lima, sending you 3
2024-10-14 17:41:19.381521 Sierra: Papa, Alpha and Hotel, sending you 5
2024-10-14 17:41:19.382027 X-ray: Delta, sending you 2
2024-10-14 17:41:19.382661 Hotel: Alpha, X-ray and Delta, sending you 3
2024-10-14 17:41:19.383161 Lima: Zulu, sending you 3
2024-10-14 17:41:19.383681 Bravo: Juliett and Zulu, sending you 7
2024-10-14 17:41:19.384677 Alpha: Papa, sending you 5
2024-10-14 17:41:19.385689 Zulu: Bravo and Juliett, sending you 5
2024-10-14 17:41:19.386662 Sierra: Delta, sending you 4
2024-10-14 17:41:19.387050 Juliett: Lima, sending you 5
2024-10-14 17:41:19.389378 Delta: Papa, Alpha, Sierra and Hotel, sending you 2
2024-10-14 17:41:19.390325 Alpha: Sierra and Hotel, sending you 4
2024-10-14 17:41:19.391175 Juliett: Bravo, sending you 6
2024-10-14 17:41:19.393708 Delta: X-ray, sending you 1
2024-10-14 17:41:19.395459 Alpha: X-ray and Delta, sending you 3
2024-10-14 17:41:19.396304 Juliett: Zulu, sending you 7
chatterbot Lima submitting transactions
chatterbot X-ray submitting transactions
chatterbot Zulu submitting transactions
chatterbot Delta submitting transactions
chatterbot Alpha submitting transactions
chatterbot Juliett submitting transactions
chatterbot Bravo submitting transactions
chatterbot Sierra submitting transactions
chatterbot Hotel submitting transactions
chatterbot Papa submitting transactions
ChatterBot Lima round 10
ChatterBot Papa round 10
ChatterBot Bravo round 10
ChatterBot Alpha round 10
ChatterBot Sierra round 10
ChatterBot X-ray round 10
ChatterBot Hotel round 10
ChatterBot Juliett round 10
ChatterBot Zulu round 10
ChatterBot Delta round 10
2024-10-14 17:41:20.635676 Lima: Bravo and Juliett, sending you 4
2024-10-14 17:41:20.639657 Lima: Zulu, sending you 3
2024-10-14 17:41:20.645684 Alpha: Papa, sending you 5
2024-10-14 17:41:20.647355 Sierra: Papa, Alpha and Hotel, sending you 5
2024-10-14 17:41:20.648280 Papa: Alpha, Sierra and Hotel, sending you 5
2024-10-14 17:41:20.649413 X-ray: Alpha and Hotel, sending you 3
2024-10-14 17:41:20.650325 Alpha: Sierra and Hotel, sending you 4
2024-10-14 17:41:20.651811 Sierra: Delta, sending you 4
2024-10-14 17:41:20.652862 Hotel: Papa and Sierra, sending you 4
2024-10-14 17:41:20.654792 Papa: Delta, sending you 4
2024-10-14 17:41:20.655580 X-ray: Sierra, sending you 1
2024-10-14 17:41:20.656346 Delta: Papa, Alpha, Sierra and Hotel, sending you 2
2024-10-14 17:41:20.658150 Alpha: X-ray and Delta, sending you 3
2024-10-14 17:41:20.659179 Bravo: Lima, sending you 5
2024-10-14 17:41:20.660745 Juliett: Lima, sending you 5
2024-10-14 17:41:20.662519 Hotel: Alpha, X-ray and Delta, sending you 3
2024-10-14 17:41:20.666454 X-ray: Delta, sending you 2
2024-10-14 17:41:20.668911 Delta: X-ray, sending you 1
2024-10-14 17:41:20.670629 Juliett: Bravo, sending you 6
2024-10-14 17:41:20.672087 Bravo: Juliett and Zulu, sending you 7
2024-10-14 17:41:20.673950 Zulu: Lima, sending you 3
2024-10-14 17:41:20.675678 Juliett: Zulu, sending you 7
2024-10-14 17:41:20.678659 Zulu: Bravo and Juliett, sending you 5
chatterbot Sierra submitting transactions
chatterbot Juliett submitting transactions
chatterbot Zulu submitting transactions
chatterbot Papa submitting transactions
chatterbot X-ray submitting transactions
chatterbot Bravo submitting transactions
chatterbot Lima submitting transactions
chatterbot Delta submitting transactions
chatterbot Alpha submitting transactions
chatterbot Hotel submitting transactions
ChatterBot Lima round 11
ChatterBot Papa round 11
ChatterBot Bravo round 11
ChatterBot Alpha round 11
ChatterBot Sierra round 11
ChatterBot X-ray round 11
ChatterBot Hotel round 11
ChatterBot Juliett round 11
ChatterBot Zulu round 11
ChatterBot Delta round 11
2024-10-14 17:41:21.905655 Papa: Alpha, Sierra and Hotel, sending you 5
2024-10-14 17:41:21.906655 Alpha: Papa, sending you 5
2024-10-14 17:41:21.907706 Bravo: Lima, sending you 5
2024-10-14 17:41:21.909779 Papa: Delta, sending you 4
2024-10-14 17:41:21.911674 Alpha: Sierra and Hotel, sending you 4
2024-10-14 17:41:21.912680 Bravo: Juliett and Zulu, sending you 7
2024-10-14 17:41:21.914664 Lima: Bravo and Juliett, sending you 4
2024-10-14 17:41:21.915672 X-ray: Alpha and Hotel, sending you 3
2024-10-14 17:41:21.916376 Alpha: X-ray and Delta, sending you 3
2024-10-14 17:41:21.917843 Sierra: Papa, Alpha and Hotel, sending you 5
2024-10-14 17:41:21.919694 Lima: Zulu, sending you 3
2024-10-14 17:41:21.920198 X-ray: Sierra, sending you 1
2024-10-14 17:41:21.922242 Delta: Papa, Alpha, Sierra and Hotel, sending you 2
2024-10-14 17:41:21.923419 Sierra: Delta, sending you 4
2024-10-14 17:41:21.924696 X-ray: Delta, sending you 2
2024-10-14 17:41:21.926684 Hotel: Papa, Alpha and Sierra, sending you 4
2024-10-14 17:41:21.927643 Delta: X-ray, sending you 1
2024-10-14 17:41:21.928577 Juliett: Lima, sending you 5
2024-10-14 17:41:21.929162 Zulu: Lima, sending you 3
2024-10-14 17:41:21.930661 Hotel: X-ray, sending you 3
2024-10-14 17:41:21.932667 Zulu: Bravo and Juliett, sending you 5
2024-10-14 17:41:21.933679 Juliett: Bravo, sending you 6
2024-10-14 17:41:21.935690 Hotel: Delta, sending you 2
2024-10-14 17:41:21.937716 Juliett: Zulu, sending you 7
chatterbot Hotel submitting transactions
chatterbot Sierra submitting transactions
chatterbot Papa submitting transactions
chatterbot Juliett submitting transactions
chatterbot Delta submitting transactions
chatterbot X-ray submitting transactions
chatterbot Lima submitting transactions
chatterbot Bravo submitting transactions
chatterbot Zulu submitting transactions
chatterbot Alpha submitting transactions
ChatterBot Lima round 12
ChatterBot Papa round 12
ChatterBot Bravo round 12
ChatterBot Alpha round 12
ChatterBot Sierra round 12
ChatterBot X-ray round 12
ChatterBot Hotel round 12
ChatterBot Juliett round 12
ChatterBot Zulu round 12
ChatterBot Delta round 12
2024-10-14 17:41:23.119734 Lima: Bravo and Juliett, sending you 4
2024-10-14 17:41:23.122700 Lima: Zulu, sending you 3
2024-10-14 17:41:23.125679 Juliett: Lima, sending you 5
2024-10-14 17:41:23.128653 Papa: Alpha, Sierra and Hotel, sending you 5
2024-10-14 17:41:23.129690 Alpha: Papa, sending you 5
2024-10-14 17:41:23.130633 Juliett: Bravo, sending you 6
2024-10-14 17:41:23.131175 Hotel: Papa, Alpha and Sierra, sending you 4
2024-10-14 17:41:23.133016 X-ray: Alpha and Hotel, sending you 3
2024-10-14 17:41:23.133896 Papa: Delta, sending you 4
2024-10-14 17:41:23.134704 Sierra: Papa, Alpha and Hotel, sending you 5
2024-10-14 17:41:23.135372 Alpha: Sierra and Hotel, sending you 4
2024-10-14 17:41:23.136515 Juliett: Zulu, sending you 7
2024-10-14 17:41:23.137163 Delta: Papa, Alpha, Sierra and Hotel, sending you 2
2024-10-14 17:41:23.137999 Hotel: X-ray, sending you 2
2024-10-14 17:41:23.138783 X-ray: Sierra, sending you 1
2024-10-14 17:41:23.140506 Sierra: Delta, sending you 4
2024-10-14 17:41:23.141167 Bravo: Lima, sending you 5
2024-10-14 17:41:23.141727 Alpha: X-ray and Delta, sending you 3
2024-10-14 17:41:23.143032 Delta: X-ray, sending you 1
2024-10-14 17:41:23.143934 Zulu: Lima, sending you 3
2024-10-14 17:41:23.144457 X-ray: Delta, sending you 2
2024-10-14 17:41:23.146366 Hotel: Delta, sending you 3
2024-10-14 17:41:23.147541 Bravo: Juliett and Zulu, sending you 7
2024-10-14 17:41:23.148075 Zulu: Bravo and Juliett, sending you 5
chatterbot Sierra submitting transactions
chatterbot X-ray submitting transactions
chatterbot Juliett submitting transactions
chatterbot Hotel submitting transactions
chatterbot Alpha submitting transactions
chatterbot Bravo submitting transactions
chatterbot Papa submitting transactions
chatterbot Zulu submitting transactions
chatterbot Lima submitting transactions
chatterbot Delta submitting transactions
ChatterBot Lima round 13
ChatterBot Papa round 13
ChatterBot Bravo round 13
ChatterBot Alpha round 13
ChatterBot Sierra round 13
ChatterBot X-ray round 13
ChatterBot Hotel round 13
ChatterBot Juliett round 13
ChatterBot Zulu round 13
ChatterBot Delta round 13
2024-10-14 17:41:24.365667 Lima: Bravo and Juliett, sending you 4
2024-10-14 17:41:24.370666 Lima: Zulu, sending you 3
2024-10-14 17:41:24.372678 Sierra: Papa, Alpha and Hotel, sending you 5
2024-10-14 17:41:24.373253 Juliett: Lima, sending you 5
2024-10-14 17:41:24.374959 Alpha: Papa, sending you 5
2024-10-14 17:41:24.375821 Sierra: Delta, sending you 4
2024-10-14 17:41:24.378664 Juliett: Bravo, sending you 6
2024-10-14 17:41:24.379802 X-ray: Alpha and Hotel, sending you 3
2024-10-14 17:41:24.380553 Alpha: Sierra and Hotel, sending you 4
2024-10-14 17:41:24.381221 Zulu: Lima, sending you 3
2024-10-14 17:41:24.381640 Hotel: Papa, Alpha and Sierra, sending you 4
2024-10-14 17:41:24.382724 X-ray: Sierra, sending you 1
2024-10-14 17:41:24.384660 Juliett: Zulu, sending you 7
2024-10-14 17:41:24.385118 Alpha: X-ray and Delta, sending you 3
2024-10-14 17:41:24.385801 Papa: Alpha, Sierra and Hotel, sending you 5
2024-10-14 17:41:24.386265 Zulu: Bravo and Juliett, sending you 5
2024-10-14 17:41:24.386728 Hotel: X-ray, sending you 2
2024-10-14 17:41:24.387295 X-ray: Delta, sending you 2
2024-10-14 17:41:24.387893 Bravo: Lima, sending you 5
2024-10-14 17:41:24.388222 Delta: Papa, Alpha, Sierra and Hotel, sending you 2
2024-10-14 17:41:24.390677 Papa: Delta, sending you 4
2024-10-14 17:41:24.391202 Bravo: Juliett and Zulu, sending you 7
2024-10-14 17:41:24.391682 Hotel: Delta, sending you 3
2024-10-14 17:41:24.392420 Delta: X-ray, sending you 1
chatterbot Hotel submitting transactions
chatterbot Papa submitting transactions
chatterbot Lima submitting transactions
chatterbot Sierra submitting transactions
chatterbot Juliett submitting transactions
chatterbot Bravo submitting transactions
chatterbot X-ray submitting transactions
chatterbot Delta submitting transactions
chatterbot Zulu submitting transactions
chatterbot Alpha submitting transactions
ChatterBot Lima round 14
ChatterBot Papa round 14
ChatterBot Bravo round 14
ChatterBot Alpha round 14
ChatterBot Sierra round 14
ChatterBot X-ray round 14
ChatterBot Hotel round 14
ChatterBot Juliett round 14
ChatterBot Zulu round 14
ChatterBot Delta round 14
2024-10-14 17:41:25.634700 Hotel: Papa, Alpha and Sierra, sending you 4
2024-10-14 17:41:25.637408 Lima: Bravo and Juliett, sending you 4
2024-10-14 17:41:25.638239 Papa: Alpha, Sierra and Hotel, sending you 5
2024-10-14 17:41:25.640692 Zulu: Lima, sending you 3
2024-10-14 17:41:25.642353 Hotel: X-ray, sending you 2
2024-10-14 17:41:25.643842 Bravo: Lima, sending you 5
2024-10-14 17:41:25.645583 Juliett: Lima, sending you 5
2024-10-14 17:41:25.646550 Lima: Zulu, sending you 3
2024-10-14 17:41:25.647997 Sierra: Papa, Alpha and Hotel, sending you 5
2024-10-14 17:41:25.648913 Papa: Delta, sending you 4
2024-10-14 17:41:25.649839 Alpha: Papa, sending you 5
2024-10-14 17:41:25.652586 Zulu: Bravo and Juliett, sending you 5
2024-10-14 17:41:25.654285 Hotel: Delta, sending you 3
2024-10-14 17:41:25.655501 Bravo: Juliett and Zulu, sending you 7
2024-10-14 17:41:25.657060 Juliett: Bravo, sending you 6
2024-10-14 17:41:25.657860 Sierra: Delta, sending you 4
2024-10-14 17:41:25.658550 X-ray: Alpha and Hotel, sending you 3
2024-10-14 17:41:25.660970 Delta: Papa, Alpha, Sierra and Hotel, sending you 2
2024-10-14 17:41:25.663187 Alpha: Sierra and Hotel, sending you 4
2024-10-14 17:41:25.665241 Juliett: Zulu, sending you 7
2024-10-14 17:41:25.666094 X-ray: Sierra, sending you 1
2024-10-14 17:41:25.668063 Delta: X-ray, sending you 1
2024-10-14 17:41:25.671579 Alpha: X-ray and Delta, sending you 3
2024-10-14 17:41:25.675095 X-ray: Delta, sending you 2
chatterbot Delta submitting transactions
chatterbot Zulu submitting transactions
chatterbot Papa submitting transactions
chatterbot Juliett submitting transactions
chatterbot Lima submitting transactions
chatterbot Alpha submitting transactions
chatterbot X-ray submitting transactions
chatterbot Hotel submitting transactions
chatterbot Bravo submitting transactions
chatterbot Sierra submitting transactions
ChatterBot Lima round 15
ChatterBot Papa round 15
ChatterBot Bravo round 15
ChatterBot Alpha round 15
ChatterBot Sierra round 15
ChatterBot X-ray round 15
ChatterBot Hotel round 15
ChatterBot Juliett round 15
ChatterBot Zulu round 15
ChatterBot Delta round 15
2024-10-14 17:41:26.884675 Alpha: Papa, sending you 5
2024-10-14 17:41:26.886016 Papa: Alpha, Sierra and Hotel, sending you 5
2024-10-14 17:41:26.890663 Alpha: Sierra and Hotel, sending you 4
2024-10-14 17:41:26.891568 Papa: Delta, sending you 4
2024-10-14 17:41:26.892701 Hotel: Papa, Alpha and Sierra, sending you 4
2024-10-14 17:41:26.895009 X-ray: Alpha and Hotel, sending you 3
2024-10-14 17:41:26.896188 Sierra: Papa, Alpha and Hotel, sending you 5
2024-10-14 17:41:26.897131 Lima: Bravo and Juliett, sending you 4
2024-10-14 17:41:26.898590 Alpha: X-ray and Delta, sending you 3
2024-10-14 17:41:26.899725 Zulu: Lima, sending you 3
2024-10-14 17:41:26.900268 Bravo: Lima, sending you 5
2024-10-14 17:41:26.900643 Hotel: X-ray, sending you 2
2024-10-14 17:41:26.902701 X-ray: Sierra, sending you 1
2024-10-14 17:41:26.903893 Sierra: Delta, sending you 4
2024-10-14 17:41:26.904826 Lima: Zulu, sending you 3
2024-10-14 17:41:26.905640 Zulu: Bravo and Juliett, sending you 5
2024-10-14 17:41:26.907360 Bravo: Juliett and Zulu, sending you 7
2024-10-14 17:41:26.908182 Juliett: Lima, sending you 5
2024-10-14 17:41:26.908909 Hotel: Delta, sending you 3
2024-10-14 17:41:26.909722 X-ray: Delta, sending you 2
2024-10-14 17:41:26.913722 Juliett: Bravo, sending you 6
2024-10-14 17:41:26.915812 Delta: Papa, Alpha, Sierra and Hotel, sending you 2
2024-10-14 17:41:26.920727 Juliett: Zulu, sending you 7
2024-10-14 17:41:26.923074 Delta: X-ray, sending you 1
chatterbot X-ray submitting transactions
chatterbot Juliett submitting transactions
chatterbot Lima submitting transactions
chatterbot Zulu submitting transactions
chatterbot Papa submitting transactions
chatterbot Alpha submitting transactions
chatterbot Hotel submitting transactions
chatterbot Sierra submitting transactions
chatterbot Bravo submitting transactions
chatterbot Delta submitting transactions
ChatterBot Lima round 16
ChatterBot Papa round 16
ChatterBot Bravo round 16
ChatterBot Alpha round 16
ChatterBot Sierra round 16
ChatterBot X-ray round 16
ChatterBot Hotel round 16
ChatterBot Juliett round 16
ChatterBot Zulu round 16
ChatterBot Delta round 16
2024-10-14 17:41:28.058685 Sierra: Papa, Alpha and Hotel, sending you 5
2024-10-14 17:41:28.059877 Juliett: Lima, sending you 5
2024-10-14 17:41:28.060804 Lima: Bravo and Juliett, sending you 4
2024-10-14 17:41:28.061649 Bravo: Lima, sending you 5
2024-10-14 17:41:28.062766 Sierra: Delta, sending you 4
2024-10-14 17:41:28.064073 Juliett: Bravo, sending you 6
2024-10-14 17:41:28.066236 Lima: Zulu, sending you 3
2024-10-14 17:41:28.067029 Bravo: Juliett and Zulu, sending you 7
2024-10-14 17:41:28.069703 Juliett: Zulu, sending you 7
2024-10-14 17:41:28.071484 Hotel: Papa, Alpha and Sierra, sending you 4
2024-10-14 17:41:28.073625 X-ray: Alpha and Hotel, sending you 3
2024-10-14 17:41:28.074976 Papa: Alpha, Sierra and Hotel, sending you 5
2024-10-14 17:41:28.075826 Zulu: Lima, sending you 3
2024-10-14 17:41:28.076551 Delta: Papa, Alpha, Sierra and Hotel, sending you 2
2024-10-14 17:41:28.078423 Hotel: X-ray, sending you 2
2024-10-14 17:41:28.079630 Alpha: Papa, sending you 5
2024-10-14 17:41:28.080800 X-ray: Sierra, sending you 1
2024-10-14 17:41:28.081900 Zulu: Bravo and Juliett, sending you 5
2024-10-14 17:41:28.082622 Papa: Delta, sending you 4
2024-10-14 17:41:28.083931 Delta: X-ray, sending you 1
2024-10-14 17:41:28.085013 Hotel: Delta, sending you 3
2024-10-14 17:41:28.086145 Alpha: Sierra and Hotel, sending you 4
2024-10-14 17:41:28.087321 X-ray: Delta, sending you 2
2024-10-14 17:41:28.091702 Alpha: X-ray and Delta, sending you 3
chatterbot Alpha submitting transactions
chatterbot Lima submitting transactions
chatterbot Juliett submitting transactions
chatterbot Sierra submitting transactions
chatterbot Bravo submitting transactions
chatterbot Delta submitting transactions
chatterbot Hotel submitting transactions
chatterbot Papa submitting transactions
chatterbot X-ray submitting transactions
chatterbot Zulu submitting transactions
ChatterBot Lima round 17
ChatterBot Papa round 17
ChatterBot Bravo round 17
ChatterBot Alpha round 17
ChatterBot Sierra round 17
ChatterBot X-ray round 17
ChatterBot Hotel round 17
ChatterBot Juliett round 17
ChatterBot Zulu round 17
ChatterBot Delta round 17
2024-10-14 17:41:29.349666 Lima: Bravo and Juliett, sending you 4
2024-10-14 17:41:29.350678 Juliett: Lima, sending you 5
2024-10-14 17:41:29.354704 Lima: Zulu, sending you 3
2024-10-14 17:41:29.356043 Bravo: Lima, sending you 5
2024-10-14 17:41:29.356493 Juliett: Bravo, sending you 6
2024-10-14 17:41:29.357017 Sierra: Papa, Alpha and Hotel, sending you 5
2024-10-14 17:41:29.359810 Bravo: Juliett and Zulu, sending you 7
2024-10-14 17:41:29.360658 Juliett: Zulu, sending you 7
2024-10-14 17:41:29.363004 Sierra: Delta, sending you 4
2024-10-14 17:41:29.364280 Hotel: Papa, Alpha and Sierra, sending you 4
2024-10-14 17:41:29.365507 Zulu: Lima, sending you 3
2024-10-14 17:41:29.366310 Alpha: Papa, sending you 5
2024-10-14 17:41:29.367908 Papa: Alpha, Sierra and Hotel, sending you 5
2024-10-14 17:41:29.368654 Hotel: X-ray, sending you 2
2024-10-14 17:41:29.369829 X-ray: Alpha and Hotel, sending you 3
2024-10-14 17:41:29.371656 Zulu: Bravo and Juliett, sending you 5
2024-10-14 17:41:29.372673 Alpha: Sierra and Hotel, sending you 4
2024-10-14 17:41:29.373570 Papa: Delta, sending you 4
