ChatterBot Lima round 1
ChatterBot November round 1
ChatterBot Whiskey round 1
ChatterBot Zulu round 1
ChatterBot Bravo round 1
ChatterBot Papa round 1
ChatterBot Victor round 1
ChatterBot X-ray round 1
ChatterBot Quebec round 1
ChatterBot Delta round 1
randomSelections Zulu: {Zulu, Delta, Victor, Whiskey, Quebec, Bravo} 
2024-10-14 17:41:06.725876 Zulu: Friends?
ChatterBot Delta reevaluating
ChatterBot Victor reevaluating
ChatterBot Whiskey reevaluating
ChatterBot Quebec reevaluating
ChatterBot Bravo reevaluating
2024-10-14 17:41:06.744211 Delta: Yes
2024-10-14 17:41:06.744358 Victor: Yes
2024-10-14 17:41:06.744469 Whiskey: Yes
2024-10-14 17:41:06.744562 Quebec: Yes
2024-10-14 17:41:06.744666 Bravo: Yes
ChatterBot Victor reevaluating
ChatterBot Whiskey reevaluating
ChatterBot Quebec reevaluating
ChatterBot Bravo reevaluating
ChatterBot Delta reevaluating
ChatterBot Whiskey reevaluating
ChatterBot Quebec reevaluating
ChatterBot Bravo reevaluating
ChatterBot Delta reevaluating
ChatterBot Victor reevaluating
ChatterBot Quebec reevaluating
ChatterBot Bravo reevaluating
ChatterBot Delta reevaluating
ChatterBot Victor reevaluating
ChatterBot Whiskey reevaluating
ChatterBot Bravo reevaluating
ChatterBot Delta reevaluating
ChatterBot Victor reevaluating
ChatterBot Whiskey reevaluating
ChatterBot Quebec reevaluating
randomSelections X-ray: {X-ray, Papa, Zulu, November, Whiskey, Lima} 
2024-10-14 17:41:06.790943 X-ray: Can we be friends?
ChatterBot Papa reevaluating
ChatterBot November reevaluating
ChatterBot Whiskey reevaluating
ChatterBot Lima reevaluating
2024-10-14 17:41:06.847699 Papa: Yes
2024-10-14 17:41:06.848436 Zulu: No
2024-10-14 17:41:06.848636 November: Yes
2024-10-14 17:41:06.849309 Whiskey: No
2024-10-14 17:41:06.849602 Lima: Yes
ChatterBot November reevaluating
ChatterBot Whiskey reevaluating
ChatterBot Lima reevaluating
ChatterBot Papa reevaluating
ChatterBot November reevaluating
ChatterBot Whiskey reevaluating
ChatterBot Lima reevaluating
ChatterBot Papa reevaluating
ChatterBot Whiskey reevaluating
ChatterBot Lima reevaluating
ChatterBot Papa reevaluating
ChatterBot November reevaluating
ChatterBot Lima reevaluating
ChatterBot Papa reevaluating
ChatterBot November reevaluating
ChatterBot Whiskey reevaluating
2024-10-14 17:41:06.909267 Bravo: Zulu and Victor, sending you 1
2024-10-14 17:41:06.910779 Whiskey: Zulu, sending you 2
2024-10-14 17:41:06.912297 November: Lima and Zulu, sending you 5
2024-10-14 17:41:06.913219 Delta: Whiskey, sending you 4
2024-10-14 17:41:06.914871 Bravo: Delta, sending you 2
2024-10-14 17:41:06.915661 Quebec: Whiskey, Zulu and Delta, sending you 2
2024-10-14 17:41:06.917775 Victor: Whiskey, Quebec and Delta, sending you 1
2024-10-14 17:41:06.919188 Lima: November, Whiskey and Papa, sending you 2
2024-10-14 17:41:06.920708 Whiskey: Bravo, sending you 1
2024-10-14 17:41:06.922536 November: Whiskey, sending you 2
2024-10-14 17:41:06.923406 Zulu: Whiskey, sending you 3
2024-10-14 17:41:06.925352 Delta: Zulu, sending you 2
2024-10-14 17:41:06.926825 Quebec: Bravo, sending you 6
2024-10-14 17:41:06.928077 Victor: Zulu, sending you 5
2024-10-14 17:41:06.929885 X-ray: Lima, sending you 6
2024-10-14 17:41:06.931007 Lima: Zulu, sending you 1
2024-10-14 17:41:06.932358 Whiskey: Victor, sending you 3
2024-10-14 17:41:06.933816 November: Papa, sending you 1
2024-10-14 17:41:06.934809 Zulu: Bravo and Victor, sending you 2
2024-10-14 17:41:06.936171 Papa: Lima, Whiskey and X-ray, sending you 1
2024-10-14 17:41:06.938307 Delta: Bravo, sending you 1
2024-10-14 17:41:06.940686 Quebec: Victor, sending you 1
2024-10-14 17:41:06.943331 Victor: Bravo, sending you 2
2024-10-14 17:41:06.945268 X-ray: November, sending you 3
2024-10-14 17:41:06.946781 Lima: X-ray, sending you 3
2024-10-14 17:41:06.948462 Whiskey: Quebec, sending you 4
2024-10-14 17:41:06.949818 November: X-ray, sending you 3
2024-10-14 17:41:06.951682 Zulu: Quebec and Delta, sending you 5
2024-10-14 17:41:06.952526 Papa: November, sending you 2
2024-10-14 17:41:06.954059 Delta: Victor and Quebec, sending you 3
2024-10-14 17:41:06.955812 X-ray: Whiskey, sending you 2
2024-10-14 17:41:06.956668 Whiskey: Delta, sending you 5
2024-10-14 17:41:06.958830 Papa: Zulu, sending you 4
2024-10-14 17:41:06.961663 X-ray: Zulu and Papa, sending you 4
chatterbot X-ray submitting transactions
chatterbot Bravo submitting transactions
chatterbot Zulu submitting transactions
chatterbot Victor submitting transactions
chatterbot Lima submitting transactions
chatterbot Whiskey submitting transactions
chatterbot Quebec submitting transactions
chatterbot November submitting transactions
chatterbot Delta submitting transactions
chatterbot Papa submitting transactions
ChatterBot Lima round 2
ChatterBot November round 2
ChatterBot Whiskey round 2
ChatterBot Zulu round 2
ChatterBot Bravo round 2
ChatterBot Papa round 2
ChatterBot Victor round 2
ChatterBot X-ray round 2
ChatterBot Quebec round 2
ChatterBot Delta round 2
2024-10-14 17:41:08.052574 Lima: We should drop Zulu and Whiskey
ChatterBot X-ray reevaluating
2024-10-14 17:41:08.063862 November: Yes
2024-10-14 17:41:08.064486 Papa: Yes
2024-10-14 17:41:08.064707 X-ray: Yes
ChatterBot X-ray reevaluating
ChatterBot X-ray reevaluating
2024-10-14 17:41:08.095524 Bravo: We should drop Victor
2024-10-14 17:41:08.104064 Whiskey: No
2024-10-14 17:41:08.104216 Zulu: No
2024-10-14 17:41:08.104342 Quebec: No
2024-10-14 17:41:08.104473 Delta: No
2024-10-14 17:41:08.165684 Victor: Whiskey and Delta, sending you 3
2024-10-14 17:41:08.169672 Victor: Zulu, sending you 2
2024-10-14 17:41:08.172777 Whiskey: Zulu and Delta, sending you 4
2024-10-14 17:41:08.174097 Zulu: Whiskey, Quebec and Delta, sending you 3
2024-10-14 17:41:08.174545 Delta: Whiskey and Zulu, sending you 4
2024-10-14 17:41:08.175030 X-ray: Lima, sending you 7
2024-10-14 17:41:08.175884 Victor: Bravo and Quebec, sending you 1
2024-10-14 17:41:08.176251 Lima: November and Papa, sending you 3
2024-10-14 17:41:08.176567 November: Lima, sending you 6
2024-10-14 17:41:08.177340 Papa: Lima, sending you 3
2024-10-14 17:41:08.177690 Whiskey: Bravo and Victor, sending you 2
2024-10-14 17:41:08.178115 Delta: Bravo and Quebec, sending you 2
2024-10-14 17:41:08.178974 Quebec: Whiskey, sending you 4
2024-10-14 17:41:08.179353 Zulu: Bravo, sending you 2
2024-10-14 17:41:08.180127 Lima: X-ray, sending you 4
2024-10-14 17:41:08.180410 November: Papa, sending you 5
2024-10-14 17:41:08.180709 X-ray: November, sending you 6
2024-10-14 17:41:08.181745 Bravo: Whiskey and Delta, sending you 3
2024-10-14 17:41:08.182072 Delta: Victor, sending you 1
2024-10-14 17:41:08.182583 Quebec: Zulu, sending you 5
2024-10-14 17:41:08.183426 Papa: November, sending you 1
2024-10-14 17:41:08.183705 Whiskey: Quebec, sending you 3
2024-10-14 17:41:08.184510 Zulu: Victor, sending you 6
2024-10-14 17:41:08.184977 X-ray: Papa, sending you 5
2024-10-14 17:41:08.186070 November: X-ray, sending you 8
2024-10-14 17:41:08.186368 Bravo: Zulu, sending you 4
2024-10-14 17:41:08.186674 Quebec: Victor, sending you 1
2024-10-14 17:41:08.204524 Papa: X-ray, sending you 4
2024-10-14 17:41:08.205422 Bravo: Quebec, sending you 7
2024-10-14 17:41:08.205855 Quebec: Delta, sending you 3
chatterbot X-ray submitting transactions
chatterbot November submitting transactions
chatterbot Quebec submitting transactions
chatterbot Zulu submitting transactions
chatterbot Delta submitting transactions
chatterbot Lima submitting transactions
chatterbot Victor submitting transactions
chatterbot Bravo submitting transactions
chatterbot Papa submitting transactions
chatterbot Whiskey submitting transactions
ChatterBot Lima round 3
ChatterBot November round 3
ChatterBot Whiskey round 3
ChatterBot Zulu round 3
ChatterBot Bravo round 3
ChatterBot Papa round 3
ChatterBot Victor round 3
ChatterBot X-ray round 3
ChatterBot Quebec round 3
ChatterBot Delta round 3
2024-10-14 17:41:11.450689 Zulu: Whiskey, Bravo, Victor and Delta, sending you 3
2024-10-14 17:41:11.453906 Zulu: Quebec, sending you 5
2024-10-14 17:41:11.455665 Whiskey: Zulu, Victor and Quebec, sending you 3
2024-10-14 17:41:11.456209 November: Lima, sending you 6
2024-10-14 17:41:11.457676 Victor: Whiskey and Delta, sending you 2
2024-10-14 17:41:11.458851 Papa: Lima and November, sending you 3
2024-10-14 17:41:11.459181 Lima: November and Papa, sending you 3
2024-10-14 17:41:11.459657 Whiskey: Bravo, sending you 2
2024-10-14 17:41:11.460114 November: Papa, sending you 4
2024-10-14 17:41:11.460865 Quebec: Whiskey and Zulu, sending you 3
2024-10-14 17:41:11.462121 Bravo: Whiskey and Delta, sending you 4
2024-10-14 17:41:11.462554 Victor: Zulu, sending you 4
2024-10-14 17:41:11.462938 Papa: X-ray, sending you 4
2024-10-14 17:41:11.463276 Lima: X-ray, sending you 4
2024-10-14 17:41:11.463971 Whiskey: Delta, sending you 4
2024-10-14 17:41:11.464456 November: X-ray, sending you 8
2024-10-14 17:41:11.465684 Quebec: Bravo, sending you 4
2024-10-14 17:41:11.466177 Bravo: Zulu, sending you 5
2024-10-14 17:41:11.466893 Victor: Bravo and Quebec, sending you 1
2024-10-14 17:41:11.467280 X-ray: Lima, sending you 6
2024-10-14 17:41:11.469676 Bravo: Quebec, sending you 6
2024-10-14 17:41:11.470682 Quebec: Victor, sending you 1
2024-10-14 17:41:11.471687 Delta: Whiskey, sending you 4
2024-10-14 17:41:11.472322 X-ray: November and Papa, sending you 5
2024-10-14 17:41:11.473684 Quebec: Delta, sending you 2
2024-10-14 17:41:11.474732 Delta: Zulu, sending you 3
2024-10-14 17:41:11.478693 Delta: Bravo, Victor and Quebec, sending you 2
chatterbot Lima submitting transactions
chatterbot November submitting transactions
chatterbot X-ray submitting transactions
chatterbot Papa submitting transactions
chatterbot Delta submitting transactions
chatterbot Victor submitting transactions
chatterbot Whiskey submitting transactions
chatterbot Bravo submitting transactions
chatterbot Zulu submitting transactions
chatterbot Quebec submitting transactions
ChatterBot Lima round 4
ChatterBot November round 4
ChatterBot Whiskey round 4
ChatterBot Zulu round 4
ChatterBot Bravo round 4
ChatterBot Papa round 4
ChatterBot Victor round 4
ChatterBot X-ray round 4
ChatterBot Quebec round 4
ChatterBot Delta round 4
2024-10-14 17:41:12.553705 Papa: Lima and November, sending you 3
2024-10-14 17:41:12.554688 Zulu: Whiskey, Quebec and Delta, sending you 3
2024-10-14 17:41:12.555684 Whiskey: Zulu, Bravo and Quebec, sending you 3
2024-10-14 17:41:12.557899 Papa: X-ray, sending you 4
2024-10-14 17:41:12.558248 Zulu: Bravo and Victor, sending you 4
2024-10-14 17:41:12.559656 November: Lima, sending you 6
2024-10-14 17:41:12.559954 Whiskey: Victor, sending you 2
2024-10-14 17:41:12.562800 November: Papa, sending you 4
2024-10-14 17:41:12.563689 Victor: Whiskey and Delta, sending you 2
2024-10-14 17:41:12.564875 X-ray: Lima and Papa, sending you 6
2024-10-14 17:41:12.565207 Whiskey: Delta, sending you 4
2024-10-14 17:41:12.566194 Lima: November and Papa, sending you 3
2024-10-14 17:41:12.567882 November: X-ray, sending you 9
2024-10-14 17:41:12.568320 Victor: Zulu, sending you 4
2024-10-14 17:41:12.568919 X-ray: November, sending you 5
2024-10-14 17:41:12.569892 Lima: X-ray, sending you 4
2024-10-14 17:41:12.570673 Bravo: Whiskey and Delta, sending you 4
2024-10-14 17:41:12.571677 Quebec: Whiskey, sending you 3
2024-10-14 17:41:12.573189 Victor: Bravo and Quebec, sending you 1
2024-10-14 17:41:12.573816 Delta: Whiskey, sending you 4
2024-10-14 17:41:12.575706 Bravo: Zulu, sending you 5
2024-10-14 17:41:12.576170 Quebec: Zulu and Bravo, sending you 4
2024-10-14 17:41:12.577418 Delta: Zulu and Bravo, sending you 3
2024-10-14 17:41:12.579720 Quebec: Delta, sending you 2
2024-10-14 17:41:12.580812 Bravo: Quebec, sending you 6
2024-10-14 17:41:12.582684 Delta: Victor, sending you 1
2024-10-14 17:41:12.587663 Delta: Quebec, sending you 2
chatterbot Whiskey submitting transactions
chatterbot Delta submitting transactions
chatterbot Papa submitting transactions
chatterbot Zulu submitting transactions
chatterbot November submitting transactions
chatterbot Lima submitting transactions
chatterbot Quebec submitting transactions
chatterbot Bravo submitting transactions
chatterbot X-ray submitting transactions
chatterbot Victor submitting transactions
ChatterBot Lima round 5
ChatterBot November round 5
ChatterBot Whiskey round 5
ChatterBot Zulu round 5
ChatterBot Bravo round 5
ChatterBot Papa round 5
ChatterBot Victor round 5
ChatterBot X-ray round 5
ChatterBot Quebec round 5
ChatterBot Delta round 5
2024-10-14 17:41:13.793645 November: Lima, sending you 6
2024-10-14 17:41:13.797663 November: Papa, sending you 5
2024-10-14 17:41:13.801659 Whiskey: Zulu, Bravo and Quebec, sending you 3
2024-10-14 17:41:13.802211 Lima: November and Papa, sending you 3
2024-10-14 17:41:13.802475 November: X-ray, sending you 8
2024-10-14 17:41:13.805689 Whiskey: Victor, sending you 2
2024-10-14 17:41:13.807075 Lima: X-ray, sending you 4
2024-10-14 17:41:13.807379 Victor: Whiskey and Delta, sending you 2
2024-10-14 17:41:13.807802 Delta: Whiskey, sending you 4
2024-10-14 17:41:13.808671 Papa: Lima and November, sending you 3
2024-10-14 17:41:13.808926 Zulu: Whiskey, Victor and Delta, sending you 3
2024-10-14 17:41:13.809751 Bravo: Whiskey and Delta, sending you 4
2024-10-14 17:41:13.810224 Whiskey: Delta, sending you 4
2024-10-14 17:41:13.810783 Delta: Zulu and Bravo, sending you 3
2024-10-14 17:41:13.811122 X-ray: Lima and Papa, sending you 6
2024-10-14 17:41:13.811700 Victor: Zulu, sending you 4
2024-10-14 17:41:13.813661 Quebec: Whiskey and Zulu, sending you 3
2024-10-14 17:41:13.814222 Papa: X-ray, sending you 4
2024-10-14 17:41:13.815550 Zulu: Bravo and Quebec, sending you 4
2024-10-14 17:41:13.816348 Bravo: Zulu, sending you 5
2024-10-14 17:41:13.816730 X-ray: November, sending you 5
2024-10-14 17:41:13.817087 Victor: Bravo and Quebec, sending you 1
2024-10-14 17:41:13.817673 Delta: Victor, sending you 1
2024-10-14 17:41:13.818241 Quebec: Bravo, sending you 4
2024-10-14 17:41:13.819681 Bravo: Quebec, sending you 6
2024-10-14 17:41:13.821663 Delta: Quebec, sending you 2
2024-10-14 17:41:13.822207 Quebec: Victor, sending you 1
2024-10-14 17:41:13.827674 Quebec: Delta, sending you 2
chatterbot X-ray submitting transactions
chatterbot Bravo submitting transactions
chatterbot Delta submitting transactions
chatterbot Whiskey submitting transactions
chatterbot Quebec submitting transactions
chatterbot Papa submitting transactions
chatterbot November submitting transactions
chatterbot Lima submitting transactions
chatterbot Victor submitting transactions
chatterbot Zulu submitting transactions
ChatterBot Lima round 6
ChatterBot November round 6
ChatterBot Whiskey round 6
ChatterBot Zulu round 6
ChatterBot Bravo round 6
ChatterBot Papa round 6
ChatterBot Victor round 6
ChatterBot X-ray round 6
ChatterBot Quebec round 6
ChatterBot Delta round 6
2024-10-14 17:41:15.022711 Zulu: Whiskey, Victor, Quebec and Delta, sending you 3
2024-10-14 17:41:15.025739 Lima: November and Papa, sending you 3
2024-10-14 17:41:15.026756 Zulu: Bravo, sending you 5
2024-10-14 17:41:15.027672 Whiskey: Zulu, Bravo and Quebec, sending you 3
2024-10-14 17:41:15.028276 Victor: Whiskey and Delta, sending you 2
2024-10-14 17:41:15.029368 X-ray: Lima and Papa, sending you 6
2024-10-14 17:41:15.030837 Lima: X-ray, sending you 4
2024-10-14 17:41:15.032950 Whiskey: Victor, sending you 2
2024-10-14 17:41:15.033621 Victor: Zulu, sending you 4
2024-10-14 17:41:15.034141 November: Lima, sending you 6
2024-10-14 17:41:15.034824 X-ray: November, sending you 5
2024-10-14 17:41:15.035169 Papa: Lima and November, sending you 3
2024-10-14 17:41:15.035701 Quebec: Whiskey and Zulu, sending you 3
2024-10-14 17:41:15.036749 Whiskey: Delta, sending you 4
2024-10-14 17:41:15.037474 Victor: Bravo and Quebec, sending you 1
2024-10-14 17:41:15.038118 Papa: X-ray, sending you 4
2024-10-14 17:41:15.038957 November: Papa, sending you 5
2024-10-14 17:41:15.039398 Quebec: Bravo, sending you 4
2024-10-14 17:41:15.042663 Bravo: Whiskey and Delta, sending you 4
2024-10-14 17:41:15.043682 November: X-ray, sending you 8
2024-10-14 17:41:15.044658 Quebec: Victor, sending you 1
2024-10-14 17:41:15.045891 Bravo: Zulu, sending you 5
2024-10-14 17:41:15.046699 Delta: Whiskey, sending you 4
2024-10-14 17:41:15.049887 Bravo: Quebec, sending you 6
2024-10-14 17:41:15.050666 Quebec: Delta, sending you 2
2024-10-14 17:41:15.052666 Delta: Zulu and Bravo, sending you 3
2024-10-14 17:41:15.057700 Delta: Victor, sending you 1
2024-10-14 17:41:15.063689 Delta: Quebec, sending you 2
chatterbot Whiskey submitting transactions
chatterbot Quebec submitting transactions
chatterbot Papa submitting transactions
chatterbot November submitting transactions
chatterbot Lima submitting transactions
chatterbot Victor submitting transactions
chatterbot X-ray submitting transactions
chatterbot Bravo submitting transactions
chatterbot Zulu submitting transactions
chatterbot Delta submitting transactions
ChatterBot Lima round 7
ChatterBot November round 7
ChatterBot Whiskey round 7
ChatterBot Zulu round 7
ChatterBot Bravo round 7
ChatterBot Papa round 7
ChatterBot Victor round 7
ChatterBot X-ray round 7
ChatterBot Quebec round 7
ChatterBot Delta round 7
2024-10-14 17:41:16.313665 Lima: November and Papa, sending you 3
2024-10-14 17:41:16.317684 Zulu: Whiskey, Victor, Quebec and Delta, sending you 3
2024-10-14 17:41:16.319140 Lima: X-ray, sending you 4
2024-10-14 17:41:16.319500 Papa: Sending you each 3
2024-10-14 17:41:16.319968 Whiskey: Zulu, Bravo and Quebec, sending you 3
2024-10-14 17:41:16.322677 Zulu: Bravo, sending you 5
2024-10-14 17:41:16.323606 Bravo: Whiskey and Delta, sending you 4
2024-10-14 17:41:16.323968 Whiskey: Victor, sending you 2
2024-10-14 17:41:16.324688 Victor: Whiskey and Delta, sending you 2
2024-10-14 17:41:16.326679 Bravo: Zulu, sending you 6
2024-10-14 17:41:16.327694 Whiskey: Delta, sending you 4
2024-10-14 17:41:16.328785 Victor: Zulu, sending you 4
2024-10-14 17:41:16.330702 November: Lima, sending you 6
2024-10-14 17:41:16.331894 Bravo: Quebec, sending you 5
2024-10-14 17:41:16.332702 Victor: Bravo and Quebec, sending you 1
2024-10-14 17:41:16.333432 X-ray: Lima and Papa, sending you 6
2024-10-14 17:41:16.335164 November: Papa, sending you 5
2024-10-14 17:41:16.335669 Quebec: Whiskey and Zulu, sending you 3
2024-10-14 17:41:16.338017 Delta: Whiskey, sending you 4
2024-10-14 17:41:16.339129 X-ray: November, sending you 5
2024-10-14 17:41:16.339542 November: X-ray, sending you 8
2024-10-14 17:41:16.340668 Quebec: Bravo, sending you 4
2024-10-14 17:41:16.341687 Delta: Zulu and Bravo, sending you 3
2024-10-14 17:41:16.343691 Quebec: Victor, sending you 1
2024-10-14 17:41:16.347673 Delta: Victor, sending you 1
2024-10-14 17:41:16.348512 Quebec: Delta, sending you 2
2024-10-14 17:41:16.350683 Delta: Quebec, sending you 2
chatterbot Lima submitting transactions
chatterbot Whiskey submitting transactions
chatterbot Victor submitting transactions
chatterbot Quebec submitting transactions
chatterbot November submitting transactions
chatterbot Papa submitting transactions
chatterbot Delta submitting transactions
chatterbot Bravo submitting transactions
chatterbot Zulu submitting transactions
chatterbot X-ray submitting transactions
ChatterBot Lima round 8
ChatterBot November round 8
ChatterBot Whiskey round 8
ChatterBot Zulu round 8
ChatterBot Bravo round 8
ChatterBot Papa round 8
ChatterBot Victor round 8
ChatterBot X-ray round 8
ChatterBot Quebec round 8
ChatterBot Delta round 8
2024-10-14 17:41:17.568675 Zulu: Whiskey, Victor, Quebec and Delta, sending you 3
2024-10-14 17:41:17.574679 Zulu: Bravo, sending you 5
2024-10-14 17:41:17.575288 Papa: Same as last round
2024-10-14 17:41:17.575704 Whiskey: Zulu, Bravo and Quebec, sending you 3
2024-10-14 17:41:17.576316 November: Lima, sending you 6
2024-10-14 17:41:17.576676 Quebec: Whiskey and Zulu, sending you 3
2024-10-14 17:41:17.578663 Lima: November and Papa, sending you 3
2024-10-14 17:41:17.579805 Victor: Whiskey, Quebec and Delta, sending you 2
2024-10-14 17:41:17.580645 Whiskey: Victor, sending you 2
2024-10-14 17:41:17.581607 Quebec: Bravo, sending you 4
2024-10-14 17:41:17.582254 Bravo: Whiskey and Delta, sending you 4
2024-10-14 17:41:17.582680 November: Papa, sending you 5
2024-10-14 17:41:17.583693 Lima: X-ray, sending you 4
2024-10-14 17:41:17.584688 Victor: Zulu, sending you 3
2024-10-14 17:41:17.586137 Quebec: Victor, sending you 1
2024-10-14 17:41:17.587020 Whiskey: Delta, sending you 4
2024-10-14 17:41:17.587975 X-ray: Lima and Papa, sending you 6
2024-10-14 17:41:17.588476 November: X-ray, sending you 8
2024-10-14 17:41:17.588969 Bravo: Zulu, sending you 6
2024-10-14 17:41:17.589689 Victor: Bravo, sending you 1
2024-10-14 17:41:17.591653 Quebec: Delta, sending you 2
2024-10-14 17:41:17.592660 X-ray: November, sending you 4
2024-10-14 17:41:17.593661 Bravo: Quebec, sending you 5
2024-10-14 17:41:17.594029 Delta: Whiskey, sending you 4
2024-10-14 17:41:17.599679 Delta: Zulu and Bravo, sending you 3
2024-10-14 17:41:17.602675 Delta: Victor, sending you 1
2024-10-14 17:41:17.605679 Delta: Quebec, sending you 2
chatterbot Bravo submitting transactions
chatterbot X-ray submitting transactions
chatterbot Papa submitting transactions
chatterbot Delta submitting transactions
chatterbot November submitting transactions
chatterbot Lima submitting transactions
chatterbot Whiskey submitting transactions
chatterbot Victor submitting transactions
chatterbot Zulu submitting transactions
chatterbot Quebec submitting transactions
ChatterBot Lima round 9
ChatterBot November round 9
ChatterBot Whiskey round 9
ChatterBot Zulu round 9
ChatterBot Bravo round 9
ChatterBot Papa round 9
ChatterBot Victor round 9
ChatterBot X-ray round 9
ChatterBot Quebec round 9
ChatterBot Delta round 9
2024-10-14 17:41:18.713166 X-ray: We should add Victor
2024-10-14 17:41:18.719422 Lima: No
2024-10-14 17:41:18.719601 November: No
2024-10-14 17:41:18.719763 Papa: No
ChatterBot X-ray reevaluating
ChatterBot X-ray reevaluating
ChatterBot X-ray reevaluating
2024-10-14 17:41:18.740683 November: Lima and Papa, sending you 6
2024-10-14 17:41:18.743657 November: X-ray, sending you 7
2024-10-14 17:41:18.749669 Victor: Whiskey, Quebec and Delta, sending you 2
2024-10-14 17:41:18.752652 Delta: Whiskey, sending you 4
2024-10-14 17:41:18.753622 Zulu: Whiskey, Victor, Quebec and Delta, sending you 3
2024-10-14 17:41:18.754163 Victor: Zulu, sending you 3
2024-10-14 17:41:18.755667 Delta: Zulu and Bravo, sending you 3
2024-10-14 17:41:18.757802 Quebec: Whiskey and Zulu, sending you 3
2024-10-14 17:41:18.758672 Lima: November and Papa, sending you 3
2024-10-14 17:41:18.759054 Bravo: Whiskey and Delta, sending you 4
2024-10-14 17:41:18.759660 Zulu: Bravo, sending you 5
2024-10-14 17:41:18.760302 Papa: Lima and X-ray, sending you 3
2024-10-14 17:41:18.760726 Victor: Bravo, sending you 1
2024-10-14 17:41:18.761600 Delta: Victor, sending you 1
2024-10-14 17:41:18.762238 Whiskey: Zulu, Bravo and Quebec, sending you 3
2024-10-14 17:41:18.763785 Lima: X-ray, sending you 4
2024-10-14 17:41:18.764221 Quebec: Bravo, sending you 4
2024-10-14 17:41:18.764961 Bravo: Zulu, sending you 6
2024-10-14 17:41:18.765392 Papa: November, sending you 2
2024-10-14 17:41:18.765827 X-ray: Lima and Papa, sending you 6
2024-10-14 17:41:18.766150 Delta: Quebec, sending you 2
2024-10-14 17:41:18.767671 Whiskey: Victor, sending you 2
2024-10-14 17:41:18.769344 Quebec: Victor, sending you 1
2024-10-14 17:41:18.770287 Bravo: Quebec, sending you 5
2024-10-14 17:41:18.770570 X-ray: November, sending you 4
2024-10-14 17:41:18.773693 Whiskey: Delta, sending you 4
2024-10-14 17:41:18.774297 Quebec: Delta, sending you 2
chatterbot X-ray submitting transactions
chatterbot Quebec submitting transactions
chatterbot Zulu submitting transactions
chatterbot Lima submitting transactions
chatterbot Bravo submitting transactions
chatterbot Victor submitting transactions
chatterbot Papa submitting transactions
chatterbot November submitting transactions
chatterbot Delta submitting transactions
chatterbot Whiskey submitting transactions
ChatterBot Lima round 10
ChatterBot November round 10
ChatterBot Whiskey round 10
ChatterBot Zulu round 10
ChatterBot Bravo round 10
ChatterBot Papa round 10
ChatterBot Victor round 10
ChatterBot X-ray round 10
ChatterBot Quebec round 10
ChatterBot Delta round 10
2024-10-14 17:41:19.954657 Whiskey: Zulu, Bravo and Quebec, sending you 3
2024-10-14 17:41:19.956032 Lima: November and Papa, sending you 3
2024-10-14 17:41:19.958685 Whiskey: Victor, sending you 2
2024-10-14 17:41:19.960040 Lima: X-ray, sending you 4
2024-10-14 17:41:19.961665 Papa: Lima and X-ray, sending you 3
2024-10-14 17:41:19.962143 November: Lima, sending you 6
2024-10-14 17:41:19.962677 Victor: Whiskey, Quebec and Delta, sending you 2
2024-10-14 17:41:19.963973 Whiskey: Delta, sending you 4
2024-10-14 17:41:19.964844 Bravo: Whiskey and Delta, sending you 4
2024-10-14 17:41:19.965714 Papa: November, sending you 2
2024-10-14 17:41:19.966733 Victor: Zulu, sending you 3
2024-10-14 17:41:19.967757 November: Papa, sending you 5
2024-10-14 17:41:19.969691 Bravo: Zulu, sending you 6
2024-10-14 17:41:19.970116 Zulu: Whiskey, Victor, Quebec and Delta, sending you 3
2024-10-14 17:41:19.970757 Quebec: Whiskey and Zulu, sending you 3
2024-10-14 17:41:19.971536 Victor: Bravo, sending you 1
2024-10-14 17:41:19.972853 November: X-ray, sending you 8
2024-10-14 17:41:19.973709 Delta: Whiskey, sending you 4
2024-10-14 17:41:19.975455 Bravo: Quebec, sending you 5
2024-10-14 17:41:19.976127 Zulu: Bravo, sending you 5
2024-10-14 17:41:19.977256 Quebec: Bravo, sending you 4
2024-10-14 17:41:19.978954 X-ray: Lima and Papa, sending you 6
2024-10-14 17:41:19.979761 Delta: Zulu and Bravo, sending you 3
2024-10-14 17:41:19.982684 X-ray: November, sending you 4
2024-10-14 17:41:19.983984 Quebec: Victor, sending you 1
2024-10-14 17:41:19.984734 Delta: Victor, sending you 1
2024-10-14 17:41:19.987666 Quebec: Delta, sending you 2
2024-10-14 17:41:19.990656 Delta: Quebec, sending you 2
chatterbot X-ray submitting transactions
chatterbot Zulu submitting transactions
chatterbot Whiskey submitting transactions
chatterbot Delta submitting transactions
chatterbot Lima submitting transactions
chatterbot Victor submitting transactions
chatterbot Quebec submitting transactions
chatterbot November submitting transactions
chatterbot Papa submitting transactions
chatterbot Bravo submitting transactions
ChatterBot Lima round 11
ChatterBot November round 11
ChatterBot Whiskey round 11
ChatterBot Zulu round 11
ChatterBot Bravo round 11
ChatterBot Papa round 11
ChatterBot Victor round 11
ChatterBot X-ray round 11
ChatterBot Quebec round 11
ChatterBot Delta round 11
2024-10-14 17:41:21.118687 November: Lima, sending you 6
2024-10-14 17:41:21.123695 November: Papa, sending you 5
2024-10-14 17:41:21.124676 Lima: November and Papa, sending you 3
2024-10-14 17:41:21.125106 Zulu: Whiskey, Victor, Quebec and Delta, sending you 3
2024-10-14 17:41:21.128682 November: X-ray, sending you 8
2024-10-14 17:41:21.129331 Quebec: Whiskey and Zulu, sending you 3
2024-10-14 17:41:21.130446 Lima: X-ray, sending you 4
2024-10-14 17:41:21.131076 Zulu: Bravo, sending you 5
2024-10-14 17:41:21.132464 Bravo: Whiskey and Delta, sending you 4
2024-10-14 17:41:21.133082 Papa: Lima and X-ray, sending you 3
2024-10-14 17:41:21.133695 Whiskey: Zulu, Bravo and Quebec, sending you 3
2024-10-14 17:41:21.134722 Quebec: Bravo, sending you 4
2024-10-14 17:41:21.135755 Victor: Whiskey, Quebec and Delta, sending you 2
2024-10-14 17:41:21.137689 Bravo: Zulu, sending you 6
2024-10-14 17:41:21.138168 Papa: November, sending you 2
2024-10-14 17:41:21.138684 Whiskey: Victor, sending you 2
2024-10-14 17:41:21.139740 Quebec: Victor, sending you 1
2024-10-14 17:41:21.140770 Delta: Whiskey, sending you 4
2024-10-14 17:41:21.141927 Victor: Zulu, sending you 3
2024-10-14 17:41:21.143280 X-ray: Lima and Papa, sending you 6
2024-10-14 17:41:21.143866 Bravo: Quebec, sending you 5
2024-10-14 17:41:21.144661 Whiskey: Delta, sending you 4
2024-10-14 17:41:21.145668 Quebec: Delta, sending you 2
2024-10-14 17:41:21.146361 Victor: Bravo, sending you 1
2024-10-14 17:41:21.147070 Delta: Zulu and Bravo, sending you 3
2024-10-14 17:41:21.148703 X-ray: November, sending you 4
2024-10-14 17:41:21.152678 Delta: Victor, sending you 1
2024-10-14 17:41:21.158680 Delta: Quebec, sending you 2
chatterbot Bravo submitting transactions
chatterbot Quebec submitting transactions
chatterbot Papa submitting transactions
chatterbot Delta submitting transactions
chatterbot X-ray submitting transactions
chatterbot Victor submitting transactions
chatterbot Zulu submitting transactions
chatterbot Whiskey submitting transactions
chatterbot November submitting transactions
chatterbot Lima submitting transactions
ChatterBot Lima round 12
ChatterBot November round 12
ChatterBot Whiskey round 12
ChatterBot Zulu round 12
ChatterBot Bravo round 12
ChatterBot Papa round 12
ChatterBot Victor round 12
ChatterBot X-ray round 12
ChatterBot Quebec round 12
ChatterBot Delta round 12
2024-10-14 17:41:22.338672 Lima: November and Papa, sending you 3
2024-10-14 17:41:22.339177 Whiskey: Zulu, Bravo and Quebec, sending you 3
2024-10-14 17:41:22.341678 Lima: X-ray, sending you 4
2024-10-14 17:41:22.344683 Whiskey: Victor, sending you 2
2024-10-14 17:41:22.346796 Papa: Lima and X-ray, sending you 3
2024-10-14 17:41:22.347285 Victor: Whiskey, Quebec and Delta, sending you 2
2024-10-14 17:41:22.349952 Whiskey: Delta, sending you 4
2024-10-14 17:41:22.351054 Bravo: Whiskey and Delta, sending you 4
2024-10-14 17:41:22.351508 Victor: Zulu, sending you 3
2024-10-14 17:41:22.352277 Quebec: Whiskey and Zulu, sending you 3
2024-10-14 17:41:22.353293 Papa: November, sending you 2
2024-10-14 17:41:22.353774 Bravo: Zulu, sending you 6
2024-10-14 17:41:22.354712 Victor: Bravo, sending you 1
2024-10-14 17:41:22.356683 Quebec: Bravo, sending you 4
2024-10-14 17:41:22.357706 Bravo: Quebec, sending you 5
2024-10-14 17:41:22.358229 Zulu: Whiskey, Victor, Quebec and Delta, sending you 3
2024-10-14 17:41:22.359324 November: Lima and X-ray, sending you 7
2024-10-14 17:41:22.359819 X-ray: Lima and Papa, sending you 6
2024-10-14 17:41:22.360664 Delta: Whiskey, sending you 4
2024-10-14 17:41:22.361541 Quebec: Victor, sending you 1
2024-10-14 17:41:22.363706 Zulu: Bravo, sending you 5
2024-10-14 17:41:22.364823 November: Papa, sending you 5
2024-10-14 17:41:22.365337 Delta: Zulu and Bravo, sending you 3
2024-10-14 17:41:22.366629 X-ray: November, sending you 4
2024-10-14 17:41:22.367186 Quebec: Delta, sending you 2
2024-10-14 17:41:22.370024 Delta: Victor, sending you 1
2024-10-14 17:41:22.374671 Delta: Quebec, sending you 2
chatterbot November submitting transactions
chatterbot Whiskey submitting transactions
chatterbot Lima submitting transactions
chatterbot Bravo submitting transactions
chatterbot Papa submitting transactions
chatterbot Delta submitting transactions
chatterbot X-ray submitting transactions
chatterbot Victor submitting transactions
chatterbot Quebec submitting transactions
chatterbot Zulu submitting transactions
ChatterBot Lima round 13
ChatterBot November round 13
ChatterBot Whiskey round 13
ChatterBot Zulu round 13
ChatterBot Bravo round 13
ChatterBot Papa round 13
ChatterBot Victor round 13
ChatterBot X-ray round 13
ChatterBot Quebec round 13
ChatterBot Delta round 13
2024-10-14 17:41:23.633656 Lima: November and Papa, sending you 3
2024-10-14 17:41:23.637672 Lima: X-ray, sending you 4
2024-10-14 17:41:23.641688 Whiskey: Zulu, Bravo and Quebec, sending you 3
2024-10-14 17:41:23.643400 November: Lima and X-ray, sending you 7
2024-10-14 17:41:23.643929 Quebec: Whiskey and Zulu, sending you 3
2024-10-14 17:41:23.645198 Zulu: Whiskey, Victor, Quebec and Delta, sending you 3
2024-10-14 17:41:23.646264 Bravo: Whiskey and Delta, sending you 4
2024-10-14 17:41:23.646865 Whiskey: Victor, sending you 2
2024-10-14 17:41:23.647774 Quebec: Bravo, sending you 4
2024-10-14 17:41:23.649047 November: Papa, sending you 5
2024-10-14 17:41:23.649855 Bravo: Zulu, sending you 6
2024-10-14 17:41:23.650699 Zulu: Bravo, sending you 5
2024-10-14 17:41:23.651583 X-ray: Lima and Papa, sending you 6
2024-10-14 17:41:23.652015 Whiskey: Delta, sending you 4
2024-10-14 17:41:23.652709 Quebec: Victor, sending you 1
2024-10-14 17:41:23.653712 Victor: Whiskey, Quebec and Delta, sending you 2
2024-10-14 17:41:23.654411 Papa: Lima and X-ray, sending you 3
2024-10-14 17:41:23.655155 Bravo: Quebec, sending you 5
2024-10-14 17:41:23.655717 X-ray: November, sending you 4
2024-10-14 17:41:23.657671 Quebec: Delta, sending you 2
2024-10-14 17:41:23.658422 Delta: Whiskey, sending you 4
2024-10-14 17:41:23.659158 Victor: Zulu, sending you 3
2024-10-14 17:41:23.659838 Papa: November, sending you 2
2024-10-14 17:41:23.661657 Delta: Zulu and Bravo, sending you 3
2024-10-14 17:41:23.663655 Victor: Bravo, sending you 1
2024-10-14 17:41:23.665652 Delta: Victor, sending you 1
2024-10-14 17:41:23.668659 Delta: Quebec, sending you 2
chatterbot Papa submitting transactions
chatterbot Quebec submitting transactions
chatterbot Lima submitting transactions
chatterbot Delta submitting transactions
chatterbot November submitting transactions
chatterbot Whiskey submitting transactions
chatterbot X-ray submitting transactions
chatterbot Zulu submitting transactions
chatterbot Bravo submitting transactions
chatterbot Victor submitting transactions
ChatterBot Lima round 14
ChatterBot November round 14
ChatterBot Whiskey round 14
ChatterBot Zulu round 14
ChatterBot Bravo round 14
ChatterBot Papa round 14
ChatterBot Victor round 14
ChatterBot X-ray round 14
ChatterBot Quebec round 14
ChatterBot Delta round 14
2024-10-14 17:41:24.885698 Papa: Lima and X-ray, sending you 3
2024-10-14 17:41:24.888672 Zulu: Whiskey, Victor, Quebec and Delta, sending you 3
2024-10-14 17:41:24.890150 November: Lima and X-ray, sending you 7
2024-10-14 17:41:24.890665 Bravo: Whiskey and Delta, sending you 4
2024-10-14 17:41:24.891176 Papa: November, sending you 2
2024-10-14 17:41:24.891659 Lima: November and Papa, sending you 3
2024-10-14 17:41:24.892138 X-ray: Lima, sending you 7
2024-10-14 17:41:24.894691 Zulu: Bravo, sending you 5
2024-10-14 17:41:24.895682 Bravo: Zulu, sending you 6
2024-10-14 17:41:24.896805 November: Papa, sending you 5
2024-10-14 17:41:24.897268 Lima: X-ray, sending you 4
2024-10-14 17:41:24.897671 X-ray: November, sending you 4
2024-10-14 17:41:24.898094 Delta: Whiskey, sending you 4
2024-10-14 17:41:24.899679 Bravo: Quebec, sending you 5
2024-10-14 17:41:24.901719 Whiskey: Zulu, Bravo and Quebec, sending you 3
2024-10-14 17:41:24.903372 X-ray: Papa, sending you 5
2024-10-14 17:41:24.903833 Quebec: Whiskey and Zulu, sending you 3
2024-10-14 17:41:24.904730 Delta: Zulu and Bravo, sending you 3
2024-10-14 17:41:24.905669 Victor: Whiskey, Quebec and Delta, sending you 2
2024-10-14 17:41:24.907696 Whiskey: Victor, sending you 2
2024-10-14 17:41:24.909033 Victor: Zulu, sending you 3
2024-10-14 17:41:24.910941 Quebec: Bravo, sending you 4
2024-10-14 17:41:24.913035 Delta: Victor, sending you 1
2024-10-14 17:41:24.915745 Whiskey: Delta, sending you 4
2024-10-14 17:41:24.918259 Victor: Bravo, sending you 1
2024-10-14 17:41:24.920368 Quebec: Victor, sending you 1
2024-10-14 17:41:24.921637 Delta: Quebec, sending you 2
2024-10-14 17:41:24.924327 Quebec: Delta, sending you 2
chatterbot Zulu submitting transactions
chatterbot X-ray submitting transactions
chatterbot Delta submitting transactions
chatterbot Papa submitting transactions
chatterbot Bravo submitting transactions
chatterbot November submitting transactions
chatterbot Victor submitting transactions
chatterbot Whiskey submitting transactions
chatterbot Quebec submitting transactions
chatterbot Lima submitting transactions
ChatterBot Lima round 15
ChatterBot November round 15
ChatterBot Whiskey round 15
ChatterBot Zulu round 15
ChatterBot Bravo round 15
ChatterBot Papa round 15
ChatterBot Victor round 15
ChatterBot X-ray round 15
ChatterBot Quebec round 15
ChatterBot Delta round 15
2024-10-14 17:41:26.112648 Papa: Lima and X-ray, sending you 3
2024-10-14 17:41:26.115677 Papa: November, sending you 2
2024-10-14 17:41:26.117667 Whiskey: Zulu, Bravo and Quebec, sending you 3
2024-10-14 17:41:26.120664 Lima: November and Papa, sending you 3
2024-10-14 17:41:26.122670 Whiskey: Victor, sending you 2
2024-10-14 17:41:26.124661 Lima: X-ray, sending you 4
2024-10-14 17:41:26.125678 Zulu: Whiskey, Victor, Quebec and Delta, sending you 3
2024-10-14 17:41:26.126709 Bravo: Whiskey and Delta, sending you 4
2024-10-14 17:41:26.127255 Quebec: Whiskey and Zulu, sending you 3
2024-10-14 17:41:26.128089 Delta: Whiskey, sending you 4
2024-10-14 17:41:26.128899 Whiskey: Delta, sending you 4
2024-10-14 17:41:26.129726 November: Lima and X-ray, sending you 7
2024-10-14 17:41:26.130700 X-ray: Lima, sending you 7
2024-10-14 17:41:26.132006 Zulu: Bravo, sending you 5
2024-10-14 17:41:26.133256 Bravo: Zulu, sending you 6
2024-10-14 17:41:26.133786 Quebec: Bravo, sending you 4
2024-10-14 17:41:26.134591 Delta: Zulu and Bravo, sending you 3
2024-10-14 17:41:26.135482 Victor: Whiskey, Quebec and Delta, sending you 2
2024-10-14 17:41:26.136535 November: Papa, sending you 5
2024-10-14 17:41:26.137051 X-ray: November, sending you 4
2024-10-14 17:41:26.137684 Quebec: Victor, sending you 1
2024-10-14 17:41:26.138890 Bravo: Quebec, sending you 5
2024-10-14 17:41:26.139707 Delta: Victor, sending you 1
2024-10-14 17:41:26.140811 Victor: Zulu, sending you 3
2024-10-14 17:41:26.141597 X-ray: Papa, sending you 6
2024-10-14 17:41:26.142103 Quebec: Delta, sending you 2
2024-10-14 17:41:26.143760 Delta: Quebec, sending you 2
2024-10-14 17:41:26.145404 Victor: Bravo, sending you 1
chatterbot Zulu submitting transactions
chatterbot Lima submitting transactions
chatterbot Quebec submitting transactions
chatterbot Delta submitting transactions
chatterbot Bravo submitting transactions
chatterbot Whiskey submitting transactions
chatterbot X-ray submitting transactions
chatterbot November submitting transactions
chatterbot Papa submitting transactions
chatterbot Victor submitting transactions
ChatterBot Lima round 16
ChatterBot November round 16
ChatterBot Whiskey round 16
ChatterBot Zulu round 16
ChatterBot Bravo round 16
ChatterBot Papa round 16
ChatterBot Victor round 16
ChatterBot X-ray round 16
ChatterBot Quebec round 16
ChatterBot Delta round 16
2024-10-14 17:41:27.404688 November: Lima and X-ray, sending you 7
2024-10-14 17:41:27.407677 Whiskey: Zulu, Bravo and Quebec, sending you 3
2024-10-14 17:41:27.409567 Zulu: Whiskey, Victor, Quebec and Delta, sending you 3
2024-10-14 17:41:27.411492 November: Papa, sending you 5
2024-10-14 17:41:27.412180 Lima: November and Papa, sending you 3
2024-10-14 17:41:27.412775 Delta: Whiskey, sending you 4
2024-10-14 17:41:27.414282 Whiskey: Victor, sending you 2
2024-10-14 17:41:27.415497 Quebec: Whiskey and Zulu, sending you 3
2024-10-14 17:41:27.417297 Zulu: Bravo, sending you 5
2024-10-14 17:41:27.419334 Papa: Lima and X-ray, sending you 3
2024-10-14 17:41:27.419951 Bravo: Whiskey and Delta, sending you 4
2024-10-14 17:41:27.420911 Lima: X-ray, sending you 4
2024-10-14 17:41:27.421540 Delta: Zulu and Bravo, sending you 3
2024-10-14 17:41:27.423386 Whiskey: Delta, sending you 4
2024-10-14 17:41:27.425007 Quebec: Bravo, sending you 4
2024-10-14 17:41:27.426075 Papa: November, sending you 2
2024-10-14 17:41:27.427141 Bravo: Zulu, sending you 6
2024-10-14 17:41:27.427818 Delta: Victor, sending you 1
2024-10-14 17:41:27.429384 Victor: Whiskey, Quebec and Delta, sending you 2
2024-10-14 17:41:27.430368 Quebec: Victor, sending you 1
2024-10-14 17:41:27.432296 Bravo: Quebec, sending you 5
2024-10-14 17:41:27.432960 Delta: Quebec, sending you 2
2024-10-14 17:41:27.433901 X-ray: Lima, sending you 7
2024-10-14 17:41:27.434761 Victor: Zulu, sending you 3
