ChatterBot Sierra round 1
ChatterBot Mike round 1
ChatterBot Golf round 1
ChatterBot Delta round 1
ChatterBot Tango round 1
ChatterBot Foxtrot round 1
ChatterBot India round 1
ChatterBot Kilo round 1
ChatterBot Charlie round 1
ChatterBot Romeo round 1
randomSelections Kilo: {Kilo, Tango, India} 
2024-10-14 13:32:30.567335 Kilo: Let's form a team
ChatterBot Tango reevaluating
ChatterBot India reevaluating
2024-10-14 13:32:30.572038 Tango: Yes
2024-10-14 13:32:30.572144 India: Yes
ChatterBot India reevaluating
ChatterBot Tango reevaluating
randomSelections Sierra: {Sierra, Mike, India, Foxtrot, Golf, Charlie, Kilo, Romeo} 
2024-10-14 13:32:30.583904 Sierra: Friends?
ChatterBot Mike reevaluating
ChatterBot India reevaluating
ChatterBot Foxtrot reevaluating
ChatterBot Golf reevaluating
ChatterBot Charlie reevaluating
ChatterBot Romeo reevaluating
2024-10-14 13:32:30.595492 Mike: Yes
2024-10-14 13:32:30.596046 India: No
2024-10-14 13:32:30.596249 Foxtrot: Yes
2024-10-14 13:32:30.596462 Golf: Yes
2024-10-14 13:32:30.596575 Charlie: Yes
2024-10-14 13:32:30.596707 Kilo: No
2024-10-14 13:32:30.596847 Romeo: Yes
ChatterBot India reevaluating
ChatterBot Foxtrot reevaluating
ChatterBot Golf reevaluating
ChatterBot Charlie reevaluating
ChatterBot Romeo reevaluating
ChatterBot Mike reevaluating
ChatterBot Foxtrot reevaluating
ChatterBot Golf reevaluating
ChatterBot Charlie reevaluating
ChatterBot Romeo reevaluating
ChatterBot Mike reevaluating
ChatterBot India reevaluating
ChatterBot Golf reevaluating
ChatterBot Charlie reevaluating
ChatterBot Romeo reevaluating
ChatterBot Mike reevaluating
ChatterBot India reevaluating
ChatterBot Foxtrot reevaluating
ChatterBot Charlie reevaluating
ChatterBot Romeo reevaluating
ChatterBot Mike reevaluating
ChatterBot India reevaluating
ChatterBot Foxtrot reevaluating
ChatterBot Golf reevaluating
ChatterBot Romeo reevaluating
ChatterBot Mike reevaluating
ChatterBot India reevaluating
ChatterBot Foxtrot reevaluating
ChatterBot Golf reevaluating
ChatterBot Charlie reevaluating
ChatterBot Romeo reevaluating
ChatterBot Mike reevaluating
ChatterBot India reevaluating
ChatterBot Foxtrot reevaluating
ChatterBot Golf reevaluating
ChatterBot Charlie reevaluating
randomSelections Delta: {Delta, Kilo, India, Sierra, Golf, Tango} 
2024-10-14 13:32:30.688573 Delta: Group up?
ChatterBot India reevaluating
ChatterBot Golf reevaluating
ChatterBot Tango reevaluating
2024-10-14 13:32:30.698473 Kilo: No
2024-10-14 13:32:30.699014 India: No
2024-10-14 13:32:30.699170 Sierra: No
2024-10-14 13:32:30.699321 Golf: No
2024-10-14 13:32:30.699457 Tango: No
ChatterBot India reevaluating
ChatterBot Golf reevaluating
ChatterBot Tango reevaluating
ChatterBot Golf reevaluating
ChatterBot Tango reevaluating
ChatterBot India reevaluating
ChatterBot Golf reevaluating
ChatterBot Tango reevaluating
ChatterBot India reevaluating
ChatterBot Tango reevaluating
ChatterBot India reevaluating
ChatterBot Golf reevaluating
2024-10-14 13:32:30.755304 Delta: Sierra, Tango and India, sending you 2
2024-10-14 13:32:30.756016 Foxtrot: Sierra, India and Charlie, sending you 3
2024-10-14 13:32:30.760381 Charlie: Sierra and Kilo, sending you 1
2024-10-14 13:32:30.760895 Kilo: Sending you each 4
2024-10-14 13:32:30.761168 Golf: Sierra and India, sending you 1
2024-10-14 13:32:30.762072 Delta: Golf, sending you 3
2024-10-14 13:32:30.762384 Foxtrot: Golf, sending you 2
2024-10-14 13:32:30.767111 Delta: Kilo, sending you 1
2024-10-14 13:32:30.767526 Charlie: Mike, sending you 4
2024-10-14 13:32:30.767879 Sierra: Mike, sending you 2
2024-10-14 13:32:30.768774 Romeo: Sierra and Golf, sending you 3
2024-10-14 13:32:30.769056 Foxtrot: Romeo, sending you 1
2024-10-14 13:32:30.769367 Mike: Sierra, sending you 4
2024-10-14 13:32:30.769674 Tango: India and Kilo, sending you 2
2024-10-14 13:32:30.772480 Charlie: Golf and Foxtrot, sending you 2
2024-10-14 13:32:30.773383 Romeo: Mike, India, Kilo and Charlie, sending you 1
2024-10-14 13:32:30.773756 India: Tango and Kilo, sending you 4
2024-10-14 13:32:30.774013 Mike: Golf, Foxtrot, India, Charlie and Romeo, sending you 1
2024-10-14 13:32:30.774988 Sierra: Golf and Romeo, sending you 4
2024-10-14 13:32:30.776325 Charlie: India, sending you 3
2024-10-14 13:32:30.778073 Romeo: Foxtrot, sending you 2
2024-10-14 13:32:30.778420 Sierra: Foxtrot and Charlie, sending you 1
2024-10-14 13:32:30.778802 Mike: Kilo, sending you 3
2024-10-14 13:32:30.782663 Sierra: India, sending you 3
chatterbot Charlie submitting transactions
chatterbot Foxtrot submitting transactions
chatterbot Sierra submitting transactions
chatterbot Mike submitting transactions
chatterbot Tango submitting transactions
chatterbot Delta submitting transactions
chatterbot Romeo submitting transactions
chatterbot Kilo submitting transactions
chatterbot Golf submitting transactions
chatterbot India submitting transactions
ChatterBot Sierra round 2
ChatterBot Mike round 2
ChatterBot Golf round 2
ChatterBot Delta round 2
ChatterBot Tango round 2
ChatterBot Foxtrot round 2
ChatterBot India round 2
ChatterBot Kilo round 2
ChatterBot Charlie round 2
ChatterBot Romeo round 2
2024-10-14 13:32:31.875002 Sierra: Friends?
ChatterBot Foxtrot reevaluating
ChatterBot Mike reevaluating
ChatterBot Golf reevaluating
ChatterBot Romeo reevaluating
ChatterBot Delta reevaluating
2024-10-14 13:32:31.904591 Foxtrot: Yes
2024-10-14 13:32:31.905135 Charlie: No
2024-10-14 13:32:31.905237 Mike: Yes
2024-10-14 13:32:31.905333 Golf: Yes
2024-10-14 13:32:31.905423 Romeo: No
2024-10-14 13:32:31.905510 Delta: No
ChatterBot Mike reevaluating
ChatterBot Golf reevaluating
ChatterBot Romeo reevaluating
ChatterBot Delta reevaluating
ChatterBot Foxtrot reevaluating
ChatterBot Mike reevaluating
ChatterBot Golf reevaluating
ChatterBot Romeo reevaluating
ChatterBot Delta reevaluating
ChatterBot Foxtrot reevaluating
ChatterBot Charlie reevaluating
ChatterBot Golf reevaluating
ChatterBot Romeo reevaluating
ChatterBot Delta reevaluating
ChatterBot Foxtrot reevaluating
ChatterBot Charlie reevaluating
ChatterBot Mike reevaluating
ChatterBot Romeo reevaluating
ChatterBot Delta reevaluating
ChatterBot Foxtrot reevaluating
ChatterBot Charlie reevaluating
ChatterBot Mike reevaluating
ChatterBot Golf reevaluating
ChatterBot Delta reevaluating
ChatterBot Foxtrot reevaluating
ChatterBot Charlie reevaluating
ChatterBot Mike reevaluating
ChatterBot Golf reevaluating
ChatterBot Romeo reevaluating
2024-10-14 13:32:32.146138 India: Friends?
ChatterBot Foxtrot reevaluating
ChatterBot Charlie reevaluating
ChatterBot Mike reevaluating
ChatterBot Golf reevaluating
ChatterBot Romeo reevaluating
2024-10-14 13:32:32.177576 Foxtrot: No
2024-10-14 13:32:32.178251 Charlie: No
2024-10-14 13:32:32.178356 Sierra: No
2024-10-14 13:32:32.178442 Mike: No
2024-10-14 13:32:32.178531 Golf: No
2024-10-14 13:32:32.178621 Romeo: No
ChatterBot Charlie reevaluating
ChatterBot Mike reevaluating
ChatterBot Golf reevaluating
ChatterBot Romeo reevaluating
ChatterBot Foxtrot reevaluating
ChatterBot Mike reevaluating
ChatterBot Golf reevaluating
ChatterBot Romeo reevaluating
ChatterBot Foxtrot reevaluating
ChatterBot Charlie reevaluating
ChatterBot Mike reevaluating
ChatterBot Golf reevaluating
ChatterBot Romeo reevaluating
ChatterBot Foxtrot reevaluating
ChatterBot Charlie reevaluating
ChatterBot Golf reevaluating
ChatterBot Romeo reevaluating
ChatterBot Foxtrot reevaluating
ChatterBot Charlie reevaluating
ChatterBot Mike reevaluating
ChatterBot Romeo reevaluating
ChatterBot Foxtrot reevaluating
ChatterBot Charlie reevaluating
ChatterBot Mike reevaluating
ChatterBot Golf reevaluating
2024-10-14 13:32:32.358605 Tango: We should add Delta
2024-10-14 13:32:32.367363 Kilo: No
2024-10-14 13:32:32.367590 India: No
2024-10-14 13:32:32.384166 Kilo: We should drop Tango
2024-10-14 13:32:32.387896 India: Yes
2024-10-14 13:32:32.391792 Tango: Delta we want you to join our group
ChatterBot Delta reevaluating
2024-10-14 13:32:32.395988 Delta: Yes
ChatterBot Kilo reevaluating
2024-10-14 13:32:32.407857 Kilo: Let's form a team
ChatterBot Delta reevaluating
2024-10-14 13:32:32.412239 Delta: No
ChatterBot Kilo reevaluating
2024-10-14 13:32:32.417427 Romeo: We should drop India and Kilo
ChatterBot Charlie reevaluating
2024-10-14 13:32:32.487178 Foxtrot: Yes
2024-10-14 13:32:32.488249 Charlie: Yes
2024-10-14 13:32:32.488514 Sierra: Yes
2024-10-14 13:32:32.488839 Mike: Yes
2024-10-14 13:32:32.489547 Golf: Yes
ChatterBot Romeo reevaluating
ChatterBot Charlie reevaluating
ChatterBot Romeo reevaluating
ChatterBot Romeo reevaluating
ChatterBot Charlie reevaluating
ChatterBot Romeo reevaluating
ChatterBot Charlie reevaluating
ChatterBot Romeo reevaluating
ChatterBot Charlie reevaluating
2024-10-14 13:32:33.382008 Sierra: Mike, sending you 4
2024-10-14 13:32:33.382735 India: Sierra, Foxtrot and Charlie, sending you 3
2024-10-14 13:32:33.382978 Foxtrot: Sierra and Mike, sending you 2
2024-10-14 13:32:33.383205 Golf: Sierra, Delta and Romeo, sending you 2
2024-10-14 13:32:33.383418 Mike: Sierra, Golf, Delta, Foxtrot, Charlie and Romeo, sending you 2
chatterbot Delta submitting transactions
chatterbot Kilo submitting transactions
chatterbot Sierra submitting transactions
chatterbot Mike submitting transactions
chatterbot Foxtrot submitting transactions
2024-10-14 13:32:33.721875 Sierra: Golf and Charlie, sending you 2
2024-10-14 13:32:33.722907 Foxtrot: Charlie and Romeo, sending you 4
2024-10-14 13:32:33.723242 Golf: Mike, Foxtrot and Charlie, sending you 1
2024-10-14 13:32:33.723512 Kilo: Sending you 4
2024-10-14 13:32:33.724191 Tango: Delta, India and Kilo, sending you 2
2024-10-14 13:32:33.724434 India: Mike, Golf and Romeo, sending you 1
chatterbot Tango submitting transactions
chatterbot India submitting transactions
chatterbot Charlie submitting transactions
chatterbot Golf submitting transactions
2024-10-14 13:32:33.900588 Sierra: Delta, Foxtrot and Romeo, sending you 3
2024-10-14 13:32:33.901580 Romeo: Sierra, sending you 5
2024-10-14 13:32:33.901898 Delta: Sierra, Mike, Golf, Foxtrot, Charlie and Romeo, sending you 2
2024-10-14 13:32:33.902317 Charlie: Sierra, Mike and Romeo, sending you 3
2024-10-14 13:32:34.031996 Romeo: Mike and Foxtrot, sending you 3
2024-10-14 13:32:34.032425 Charlie: Foxtrot, sending you 4
2024-10-14 13:32:34.065833 Romeo: Charlie, sending you 1
chatterbot Romeo submitting transactions
ChatterBot Sierra round 3
ChatterBot Mike round 3
ChatterBot Golf round 3
ChatterBot Delta round 3
ChatterBot Tango round 3
ChatterBot Foxtrot round 3
ChatterBot India round 3
ChatterBot Kilo round 3
2024-10-14 13:32:34.347094 Sierra: We should add India
ChatterBot Foxtrot reevaluating
ChatterBot Romeo reevaluating
ChatterBot Delta reevaluating
2024-10-14 13:32:34.371997 Foxtrot: Yes
2024-10-14 13:32:34.372166 Charlie: No
2024-10-14 13:32:34.372306 Mike: No
2024-10-14 13:32:34.372435 Golf: No
2024-10-14 13:32:34.372559 Romeo: No
2024-10-14 13:32:34.372702 Delta: No
ChatterBot Romeo reevaluating
ChatterBot Delta reevaluating
ChatterBot Foxtrot reevaluating
ChatterBot Romeo reevaluating
ChatterBot Delta reevaluating
ChatterBot Foxtrot reevaluating
ChatterBot Romeo reevaluating
ChatterBot Delta reevaluating
ChatterBot Foxtrot reevaluating
ChatterBot Romeo reevaluating
ChatterBot Delta reevaluating
ChatterBot Sierra reevaluating
ChatterBot Foxtrot reevaluating
ChatterBot Delta reevaluating
ChatterBot Sierra reevaluating
ChatterBot Foxtrot reevaluating
ChatterBot Romeo reevaluating
ChatterBot Charlie round 3
2024-10-14 13:32:34.514989 India: We should add Delta
ChatterBot Foxtrot reevaluating
ChatterBot Charlie reevaluating
ChatterBot Sierra reevaluating
ChatterBot Romeo reevaluating
2024-10-14 13:32:34.536756 Foxtrot: Yes
2024-10-14 13:32:34.536951 Charlie: Yes
2024-10-14 13:32:34.537094 Sierra: Yes
2024-10-14 13:32:34.537572 Mike: Yes
2024-10-14 13:32:34.537703 Golf: Yes
2024-10-14 13:32:34.537818 Romeo: Yes
ChatterBot Charlie reevaluating
ChatterBot Sierra reevaluating
ChatterBot Romeo reevaluating
ChatterBot Foxtrot reevaluating
ChatterBot Sierra reevaluating
ChatterBot Romeo reevaluating
ChatterBot Foxtrot reevaluating
ChatterBot Charlie reevaluating
ChatterBot Romeo reevaluating
ChatterBot Foxtrot reevaluating
ChatterBot Charlie reevaluating
ChatterBot Sierra reevaluating
ChatterBot Romeo reevaluating
ChatterBot Foxtrot reevaluating
ChatterBot Charlie reevaluating
ChatterBot Sierra reevaluating
ChatterBot Romeo reevaluating
ChatterBot Foxtrot reevaluating
ChatterBot Charlie reevaluating
ChatterBot Sierra reevaluating
2024-10-14 13:32:34.731763 Charlie: We should add India
ChatterBot Sierra reevaluating
ChatterBot Foxtrot reevaluating
ChatterBot Romeo reevaluating
ChatterBot Delta reevaluating
2024-10-14 13:32:34.750369 Sierra: Yes
2024-10-14 13:32:34.750521 Foxtrot: Yes
2024-10-14 13:32:34.750622 Mike: No
2024-10-14 13:32:34.750719 Golf: No
2024-10-14 13:32:34.750812 Romeo: No
2024-10-14 13:32:34.750906 Delta: No
ChatterBot Foxtrot reevaluating
ChatterBot Charlie reevaluating
ChatterBot Romeo reevaluating
ChatterBot Delta reevaluating
ChatterBot Sierra reevaluating
ChatterBot Charlie reevaluating
ChatterBot Romeo reevaluating
ChatterBot Delta reevaluating
ChatterBot Sierra reevaluating
ChatterBot Foxtrot reevaluating
ChatterBot Charlie reevaluating
ChatterBot Romeo reevaluating
ChatterBot Delta reevaluating
ChatterBot Sierra reevaluating
ChatterBot Foxtrot reevaluating
ChatterBot Charlie reevaluating
ChatterBot Romeo reevaluating
ChatterBot Delta reevaluating
ChatterBot Sierra reevaluating
ChatterBot Foxtrot reevaluating
ChatterBot Charlie reevaluating
ChatterBot Delta reevaluating
ChatterBot Sierra reevaluating
ChatterBot Foxtrot reevaluating
ChatterBot Charlie reevaluating
ChatterBot Romeo reevaluating
ChatterBot Romeo round 3
2024-10-14 13:32:34.928695 Kilo: We should replace Delta with Tango
2024-10-14 13:32:34.930368 Romeo: We should add Golf and Delta
ChatterBot Foxtrot reevaluating
ChatterBot Charlie reevaluating
ChatterBot Sierra reevaluating
2024-10-14 13:32:34.984888 Foxtrot: Yes
2024-10-14 13:32:34.985333 Charlie: Yes
2024-10-14 13:32:34.985736 Sierra: Yes
2024-10-14 13:32:34.987170 Mike: Yes
ChatterBot Romeo reevaluating
ChatterBot Charlie reevaluating
ChatterBot Sierra reevaluating
ChatterBot Romeo reevaluating
ChatterBot Foxtrot reevaluating
ChatterBot Sierra reevaluating
ChatterBot Romeo reevaluating
ChatterBot Foxtrot reevaluating
ChatterBot Charlie reevaluating
ChatterBot Romeo reevaluating
ChatterBot Foxtrot reevaluating
ChatterBot Charlie reevaluating
ChatterBot Sierra reevaluating
2024-10-14 13:32:35.055571 Romeo: We should add Golf
ChatterBot Foxtrot reevaluating
ChatterBot Charlie reevaluating
ChatterBot Sierra reevaluating
2024-10-14 13:32:35.067214 Foxtrot: Yes
2024-10-14 13:32:35.067811 Charlie: Yes
2024-10-14 13:32:35.067916 Sierra: Yes
2024-10-14 13:32:35.068011 Mike: Yes
ChatterBot Romeo reevaluating
ChatterBot Charlie reevaluating
ChatterBot Sierra reevaluating
ChatterBot Romeo reevaluating
ChatterBot Foxtrot reevaluating
ChatterBot Sierra reevaluating
ChatterBot Romeo reevaluating
ChatterBot Foxtrot reevaluating
ChatterBot Charlie reevaluating
ChatterBot Romeo reevaluating
ChatterBot Foxtrot reevaluating
ChatterBot Charlie reevaluating
ChatterBot Sierra reevaluating
2024-10-14 13:32:35.119915 India: Delta we want you to join our group
2024-10-14 13:32:35.122635 Delta: No
ChatterBot Sierra reevaluating
ChatterBot Foxtrot reevaluating
ChatterBot Charlie reevaluating
2024-10-14 13:32:35.145921 Kilo: Tango we want you to join our group
2024-10-14 13:32:35.148934 Tango: Yes
2024-10-14 13:32:35.151922 Tango: Delta, India and Kilo, sending you 2
2024-10-14 13:32:35.152201 Golf: Sierra, sending you 3
2024-10-14 13:32:35.152990 Mike: Same as last round
2024-10-14 13:32:35.153289 Sierra: India we want you to join our group
2024-10-14 13:32:35.156128 India: Yes
ChatterBot Delta reevaluating
ChatterBot Charlie reevaluating
2024-10-14 13:32:35.175289 Foxtrot: India we want you to join our group
2024-10-14 13:32:35.180285 India: Yes
ChatterBot Mike reevaluating
ChatterBot Delta reevaluating
ChatterBot Charlie reevaluating
2024-10-14 13:32:35.212376 Romeo: Golf and Delta we want you to join our group
ChatterBot Delta reevaluating
2024-10-14 13:32:35.221550 Golf: Yes
2024-10-14 13:32:35.221741 Delta: No
ChatterBot Charlie reevaluating
ChatterBot Mike reevaluating
ChatterBot Delta reevaluating
ChatterBot Charlie reevaluating
ChatterBot Mike reevaluating
2024-10-14 13:32:35.274713 Golf: Mike, Foxtrot, Charlie and Romeo, sending you 1
chatterbot Mike submitting transactions
2024-10-14 13:32:35.342160 Golf: Delta, sending you 2
2024-10-14 13:32:35.342902 India: Sierra, sending you 3
2024-10-14 13:32:35.343721 Charlie: India we want you to join our group
2024-10-14 13:32:35.346934 India: Yes
ChatterBot Mike reevaluating
ChatterBot Delta reevaluating
ChatterBot Charlie reevaluating
2024-10-14 13:32:35.367840 India: Mike, Golf and Romeo, sending you 1
2024-10-14 13:32:35.406852 Kilo: Sending you 4
2024-10-14 13:32:35.407159 Romeo: Sierra, sending you 3
2024-10-14 13:32:35.408651 Delta: We should drop Charlie
ChatterBot Mike reevaluating
ChatterBot Romeo reevaluating
2024-10-14 13:32:35.425247 Sierra: No
2024-10-14 13:32:35.425383 Mike: No
2024-10-14 13:32:35.425495 Golf: No
2024-10-14 13:32:35.425605 Foxtrot: No
2024-10-14 13:32:35.425735 Romeo: No
ChatterBot Mike reevaluating
ChatterBot Romeo reevaluating
ChatterBot Delta reevaluating
ChatterBot Romeo reevaluating
ChatterBot Delta reevaluating
ChatterBot Mike reevaluating
ChatterBot Romeo reevaluating
ChatterBot Delta reevaluating
ChatterBot Mike reevaluating
ChatterBot Romeo reevaluating
ChatterBot Delta reevaluating
ChatterBot Mike reevaluating
2024-10-14 13:32:35.500551 Foxtrot: Sierra, India and Romeo, sending you 2
2024-10-14 13:32:35.501138 Sierra: Mike, sending you 3
2024-10-14 13:32:35.501913 India: Delta, Foxtrot and Charlie, sending you 2
2024-10-14 13:32:35.507568 Foxtrot: Mike, Golf and Delta, sending you 1
2024-10-14 13:32:35.508902 Sierra: Golf, Delta, Foxtrot, India and Charlie, sending you 2
2024-10-14 13:32:35.509511 Romeo: Golf we want you to join our group
2024-10-14 13:32:35.514448 Golf: Yes
ChatterBot Romeo reevaluating
ChatterBot Charlie reevaluating
2024-10-14 13:32:35.539108 Sierra: Romeo, sending you 4
2024-10-14 13:32:35.540274 Foxtrot: Charlie, sending you 3
2024-10-14 13:32:35.548377 Delta: Sierra, sending you 4
2024-10-14 13:32:35.557814 Delta: Mike and Golf, sending you 3
2024-10-14 13:32:35.565819 Delta: Foxtrot and Charlie, sending you 1
2024-10-14 13:32:35.584940 Charlie: Sierra, Mike, Delta and Romeo, sending you 2
2024-10-14 13:32:35.590298 Charlie: Golf, sending you 1
2024-10-14 13:32:35.599111 Charlie: Foxtrot, sending you 4
2024-10-14 13:32:35.669958 Charlie: India, sending you 3
chatterbot Golf submitting transactions
chatterbot Romeo submitting transactions
chatterbot Tango submitting transactions
chatterbot Delta submitting transactions
chatterbot Mike submitting transactions
chatterbot Kilo submitting transactions
chatterbot India submitting transactions
chatterbot Charlie submitting transactions
chatterbot Foxtrot submitting transactions
chatterbot Sierra submitting transactions
ChatterBot Sierra round 4
ChatterBot Mike round 4
ChatterBot Golf round 4
ChatterBot Delta round 4
ChatterBot Tango round 4
ChatterBot Foxtrot round 4
ChatterBot India round 4
ChatterBot Kilo round 4
ChatterBot Charlie round 4
ChatterBot Romeo round 4
2024-10-14 13:32:36.287048 Mike: We should add India
ChatterBot Foxtrot reevaluating
ChatterBot Charlie reevaluating
ChatterBot Golf reevaluating
ChatterBot Romeo reevaluating
2024-10-14 13:32:36.304972 Sierra: Yes
2024-10-14 13:32:36.305123 Foxtrot: Yes
2024-10-14 13:32:36.305236 Charlie: Yes
2024-10-14 13:32:36.305364 Golf: Yes
2024-10-14 13:32:36.305491 Romeo: Yes
2024-10-14 13:32:36.305633 Delta: No
ChatterBot Foxtrot reevaluating
ChatterBot Charlie reevaluating
ChatterBot Golf reevaluating
ChatterBot Romeo reevaluating
ChatterBot Charlie reevaluating
ChatterBot Golf reevaluating
ChatterBot Romeo reevaluating
ChatterBot Foxtrot reevaluating
ChatterBot Golf reevaluating
ChatterBot Romeo reevaluating
ChatterBot Foxtrot reevaluating
ChatterBot Charlie reevaluating
ChatterBot Romeo reevaluating
ChatterBot Foxtrot reevaluating
ChatterBot Charlie reevaluating
ChatterBot Golf reevaluating
ChatterBot Foxtrot reevaluating
ChatterBot Charlie reevaluating
ChatterBot Golf reevaluating
ChatterBot Romeo reevaluating
2024-10-14 13:32:36.439383 Tango: We should drop Delta
2024-10-14 13:32:36.444445 Kilo: Yes
2024-10-14 13:32:36.444578 India: Yes
2024-10-14 13:32:36.464377 Mike: India we want you to join our group
2024-10-14 13:32:36.467902 India: No
ChatterBot Golf reevaluating
ChatterBot Foxtrot reevaluating
ChatterBot Charlie reevaluating
ChatterBot Romeo reevaluating
2024-10-14 13:32:36.498580 Romeo: Delta and India we want you to join our group
ChatterBot India reevaluating
2024-10-14 13:32:36.538424 India: No
2024-10-14 13:32:36.538877 Delta: No
ChatterBot India reevaluating
2024-10-14 13:32:36.596766 Sierra: Mike, Golf, Foxtrot, India and Charlie, sending you 2
2024-10-14 13:32:36.598086 Golf: India we want you to join our group
ChatterBot India reevaluating
2024-10-14 13:32:36.602625 India: No
ChatterBot Romeo reevaluating
2024-10-14 13:32:36.643597 Sierra: Delta, sending you 3
chatterbot Delta submitting transactions
2024-10-14 13:32:36.647229 Delta: Sierra and Golf, sending you 3
2024-10-14 13:32:36.648600 Charlie: Sierra, Mike, Delta, India and Romeo, sending you 2
2024-10-14 13:32:36.649213 Tango: India and Kilo, sending you 2
2024-10-14 13:32:36.649561 Kilo: Same as last round
2024-10-14 13:32:36.650373 Mike: Sierra, Golf, Delta, Foxtrot, Charlie and Romeo, sending you 2
2024-10-14 13:32:36.651576 India: We should drop Golf
ChatterBot Romeo reevaluating
2024-10-14 13:32:36.675676 Sierra: No
2024-10-14 13:32:36.675844 Mike: No
2024-10-14 13:32:36.675962 Delta: No
2024-10-14 13:32:36.676575 Foxtrot: No
2024-10-14 13:32:36.676728 Charlie: No
2024-10-14 13:32:36.676853 Romeo: No
ChatterBot India reevaluating
ChatterBot Romeo reevaluating
ChatterBot India reevaluating
ChatterBot Romeo reevaluating
ChatterBot India reevaluating
ChatterBot Romeo reevaluating
ChatterBot India reevaluating
ChatterBot Romeo reevaluating
ChatterBot India reevaluating
ChatterBot Romeo reevaluating
ChatterBot India reevaluating
2024-10-14 13:32:36.832785 Sierra: Romeo, sending you 4
2024-10-14 13:32:36.834129 Delta: Mike and Charlie, sending you 2
2024-10-14 13:32:36.834695 Charlie: Golf, sending you 1
chatterbot Tango submitting transactions
2024-10-14 13:32:36.838765 Golf: Sierra and Delta, sending you 2
2024-10-14 13:32:36.840555 Delta: Foxtrot and Romeo, sending you 1
2024-10-14 13:32:36.841472 Foxtrot: Sierra, Mike, India and Romeo, sending you 2
2024-10-14 13:32:36.842903 Charlie: Foxtrot, sending you 4
2024-10-14 13:32:36.844714 Golf: Mike, Foxtrot, India, Charlie and Romeo, sending you 1
2024-10-14 13:32:36.846695 Foxtrot: Delta, sending you 1
2024-10-14 13:32:36.851715 Foxtrot: Charlie, sending you 3
2024-10-14 13:32:36.863701 India: Sierra, Foxtrot and Charlie, sending you 3
2024-10-14 13:32:36.868742 India: Mike, Delta and Romeo, sending you 1
chatterbot Sierra submitting transactions
chatterbot Mike submitting transactions
chatterbot Foxtrot submitting transactions
chatterbot Romeo submitting transactions
chatterbot Kilo submitting transactions
chatterbot Charlie submitting transactions
chatterbot Golf submitting transactions
chatterbot Delta submitting transactions
chatterbot India submitting transactions
ChatterBot Sierra round 5
ChatterBot Mike round 5
ChatterBot Golf round 5
ChatterBot Delta round 5
ChatterBot Tango round 5
ChatterBot Foxtrot round 5
ChatterBot India round 5
ChatterBot Kilo round 5
ChatterBot Charlie round 5
ChatterBot Romeo round 5
2024-10-14 13:32:37.874888 Romeo: We should add Delta and India
2024-10-14 13:32:37.892845 Foxtrot: Yes
2024-10-14 13:32:37.893102 Charlie: Yes
2024-10-14 13:32:37.893555 Sierra: Yes
2024-10-14 13:32:37.893707 Mike: Yes
2024-10-14 13:32:37.893845 Golf: Yes
2024-10-14 13:32:37.966772 Romeo: Delta and India we want you to join our group
2024-10-14 13:32:37.973803 India: No
2024-10-14 13:32:37.973945 Delta: No
2024-10-14 13:32:38.009657 Golf: Sierra and Delta, sending you 2
2024-10-14 13:32:38.010688 Tango: India and Kilo, sending you 2
2024-10-14 13:32:38.010919 Sierra: Mike, Golf, Foxtrot, India and Charlie, sending you 2
2024-10-14 13:32:38.013689 India: Sierra, Foxtrot and Charlie, sending you 3
2024-10-14 13:32:38.014703 Golf: Mike, Foxtrot, India, Charlie and Romeo, sending you 1
2024-10-14 13:32:38.015999 Sierra: Delta, sending you 3
2024-10-14 13:32:38.016532 Mike: Sierra, Golf, Delta, Foxtrot, Charlie and Romeo, sending you 2
2024-10-14 13:32:38.017106 Foxtrot: Sierra, Mike, India and Romeo, sending you 2
2024-10-14 13:32:38.017574 Charlie: Sierra, Mike, Delta and Romeo, sending you 2
2024-10-14 13:32:38.018422 Delta: Sierra, sending you 4
2024-10-14 13:32:38.018878 Kilo: Same as last round
2024-10-14 13:32:38.019113 India: Mike, Delta and Romeo, sending you 1
2024-10-14 13:32:38.019683 Foxtrot: Delta, sending you 1
2024-10-14 13:32:38.020888 Sierra: Romeo, sending you 4
2024-10-14 13:32:38.021691 Charlie: Golf, sending you 1
2024-10-14 13:32:38.022258 Delta: Mike, Golf and Charlie, sending you 2
2024-10-14 13:32:38.023671 Foxtrot: Charlie, sending you 3
2024-10-14 13:32:38.026663 Charlie: Foxtrot, sending you 4
2024-10-14 13:32:38.027672 Delta: Foxtrot and Romeo, sending you 1
2024-10-14 13:32:38.029689 Charlie: India, sending you 3
chatterbot Delta submitting transactions
chatterbot Charlie submitting transactions
chatterbot Golf submitting transactions
chatterbot Sierra submitting transactions
chatterbot India submitting transactions
chatterbot Tango submitting transactions
chatterbot Romeo submitting transactions
chatterbot Kilo submitting transactions
chatterbot Foxtrot submitting transactions
chatterbot Mike submitting transactions
ChatterBot Sierra round 6
ChatterBot Mike round 6
ChatterBot Golf round 6
ChatterBot Delta round 6
ChatterBot Tango round 6
ChatterBot Foxtrot round 6
ChatterBot India round 6
2024-10-14 13:32:39.063713 Delta: We should add India
2024-10-14 13:32:39.086361 Sierra: Yes
2024-10-14 13:32:39.086672 Foxtrot: Yes
2024-10-14 13:32:39.086811 Charlie: Yes
2024-10-14 13:32:39.087044 Mike: Yes
2024-10-14 13:32:39.087171 Golf: Yes
2024-10-14 13:32:39.087415 Romeo: Yes
ChatterBot Delta reevaluating
ChatterBot Delta reevaluating
ChatterBot Delta reevaluating
ChatterBot Delta reevaluating
ChatterBot Delta reevaluating
ChatterBot Delta reevaluating
ChatterBot Kilo round 6
ChatterBot Charlie round 6
ChatterBot Romeo round 6
2024-10-14 13:32:39.225990 Romeo: We should add Delta and India
2024-10-14 13:32:39.240558 Foxtrot: Yes
2024-10-14 13:32:39.240735 Charlie: Yes
2024-10-14 13:32:39.240840 Sierra: Yes
2024-10-14 13:32:39.240931 Mike: Yes
2024-10-14 13:32:39.241053 Golf: Yes
2024-10-14 13:32:39.303440 Romeo: Delta and India we want you to join our group
ChatterBot Delta reevaluating
2024-10-14 13:32:39.309470 India: No
2024-10-14 13:32:39.309599 Delta: No
ChatterBot Delta reevaluating
2024-10-14 13:32:39.339774 Sierra: Mike, Golf, Foxtrot, India and Charlie, sending you 2
2024-10-14 13:32:39.340280 Golf: Sierra and Delta, sending you 2
2024-10-14 13:32:39.343654 Tango: India and Kilo, sending you 2
2024-10-14 13:32:39.343937 India: Sierra, Foxtrot and Charlie, sending you 3
2024-10-14 13:32:39.344344 Kilo: Sending you 5
2024-10-14 13:32:39.344571 Foxtrot: Sierra, Mike, India and Romeo, sending you 2
2024-10-14 13:32:39.345605 Sierra: Delta, sending you 3
2024-10-14 13:32:39.346197 Golf: Mike, Foxtrot, India, Charlie and Romeo, sending you 1
2024-10-14 13:32:39.346801 Charlie: Sierra, Mike, Delta and Romeo, sending you 2
2024-10-14 13:32:39.347585 Mike: Sierra, Golf, Delta, Foxtrot, Charlie and Romeo, sending you 2
2024-10-14 13:32:39.348220 India: Mike, Delta and Romeo, sending you 1
2024-10-14 13:32:39.348688 Foxtrot: Golf, sending you 1
2024-10-14 13:32:39.349693 Charlie: Golf, sending you 1
2024-10-14 13:32:39.351014 Sierra: Romeo, sending you 4
2024-10-14 13:32:39.351783 Foxtrot: Charlie, sending you 3
2024-10-14 13:32:39.353667 Charlie: Foxtrot, sending you 4
2024-10-14 13:32:39.358698 Charlie: India, sending you 3
2024-10-14 13:32:39.370656 Delta: Sierra, sending you 4
2024-10-14 13:32:39.373668 Delta: Mike, Golf and Charlie, sending you 2
2024-10-14 13:32:39.376671 Delta: Foxtrot and Romeo, sending you 1
chatterbot Kilo submitting transactions
chatterbot Romeo submitting transactions
chatterbot Charlie submitting transactions
chatterbot Mike submitting transactions
chatterbot Foxtrot submitting transactions
chatterbot India submitting transactions
chatterbot Sierra submitting transactions
chatterbot Golf submitting transactions
chatterbot Tango submitting transactions
chatterbot Delta submitting transactions
ChatterBot Sierra round 7
ChatterBot Mike round 7
ChatterBot Golf round 7
ChatterBot Delta round 7
ChatterBot Tango round 7
ChatterBot Foxtrot round 7
ChatterBot India round 7
ChatterBot Kilo round 7
ChatterBot Charlie round 7
ChatterBot Romeo round 7
2024-10-14 13:32:40.563720 Romeo: We should add Delta and India
2024-10-14 13:32:40.585453 Foxtrot: Yes
2024-10-14 13:32:40.586414 Charlie: Yes
2024-10-14 13:32:40.586734 Sierra: Yes
2024-10-14 13:32:40.587085 Mike: Yes
2024-10-14 13:32:40.587402 Golf: Yes
2024-10-14 13:32:40.691204 Romeo: Delta and India we want you to join our group
2024-10-14 13:32:40.697148 India: No
2024-10-14 13:32:40.697294 Delta: No
ChatterBot Delta reevaluating
2024-10-14 13:32:40.748301 Delta: We should add India
2024-10-14 13:32:40.768502 Sierra: Yes
2024-10-14 13:32:40.768767 Foxtrot: Yes
2024-10-14 13:32:40.768939 Charlie: Yes
2024-10-14 13:32:40.769077 Mike: Yes
2024-10-14 13:32:40.769207 Golf: Yes
2024-10-14 13:32:40.769329 Romeo: Yes
ChatterBot Delta reevaluating
ChatterBot Delta reevaluating
ChatterBot Delta reevaluating
ChatterBot Delta reevaluating
ChatterBot Delta reevaluating
ChatterBot Delta reevaluating
2024-10-14 13:32:40.858845 Golf: Sierra and Delta, sending you 2
2024-10-14 13:32:40.860007 Sierra: Mike, Golf, Foxtrot, India and Charlie, sending you 2
2024-10-14 13:32:40.860972 Mike: Sierra, Golf, Delta, Foxtrot, Charlie and Romeo, sending you 2
2024-10-14 13:32:40.862705 Golf: Mike, Foxtrot, India, Charlie and Romeo, sending you 1
2024-10-14 13:32:40.864676 Sierra: Delta, sending you 4
2024-10-14 13:32:40.865686 India: Sierra, Foxtrot and Charlie, sending you 3
2024-10-14 13:32:40.866169 Foxtrot: Sierra, Mike, India and Romeo, sending you 2
2024-10-14 13:32:40.867081 Tango: India and Kilo, sending you 2
2024-10-14 13:32:40.867850 Kilo: Same as last round
2024-10-14 13:32:40.869671 Sierra: Romeo, sending you 3
2024-10-14 13:32:40.870716 India: Mike, Delta and Romeo, sending you 1
2024-10-14 13:32:40.871227 Foxtrot: Golf, sending you 1
2024-10-14 13:32:40.876687 Foxtrot: Charlie, sending you 3
2024-10-14 13:32:40.880684 Charlie: Sierra, Mike, Delta and Romeo, sending you 2
2024-10-14 13:32:40.885674 Charlie: Golf, sending you 1
2024-10-14 13:32:40.889676 Charlie: Foxtrot, sending you 4
2024-10-14 13:32:40.895053 Charlie: India, sending you 3
chatterbot Tango submitting transactions
chatterbot Sierra submitting transactions
chatterbot Delta submitting transactions
chatterbot Charlie submitting transactions
chatterbot Kilo submitting transactions
chatterbot Foxtrot submitting transactions
chatterbot Mike submitting transactions
chatterbot Golf submitting transactions
chatterbot Romeo submitting transactions
chatterbot India submitting transactions
ChatterBot Sierra round 8
ChatterBot Mike round 8
ChatterBot Golf round 8
ChatterBot Delta round 8
ChatterBot Tango round 8
ChatterBot Foxtrot round 8
ChatterBot India round 8
ChatterBot Kilo round 8
ChatterBot Charlie round 8
ChatterBot Romeo round 8
2024-10-14 13:32:41.858385 Kilo: We should add India
2024-10-14 13:32:41.861825 Tango: Yes
2024-10-14 13:32:41.878132 Romeo: We should add Delta and India
2024-10-14 13:32:41.894706 Foxtrot: Yes
2024-10-14 13:32:41.894890 Charlie: Yes
2024-10-14 13:32:41.895035 Sierra: Yes
2024-10-14 13:32:41.895173 Mike: Yes
2024-10-14 13:32:41.895334 Golf: Yes
2024-10-14 13:32:41.966331 Kilo: India we want you to join our group
2024-10-14 13:32:41.968773 India: No
2024-10-14 13:32:41.973536 Romeo: Delta and India we want you to join our group
ChatterBot Delta reevaluating
2024-10-14 13:32:41.980242 India: No
2024-10-14 13:32:41.980391 Delta: No
ChatterBot Delta reevaluating
2024-10-14 13:32:42.020476 Mike: Sierra, Golf, Delta, Foxtrot, Charlie and Romeo, sending you 2
2024-10-14 13:32:42.023933 Tango: India and Kilo, sending you 2
2024-10-14 13:32:42.024711 Sierra: Mike, Golf, Foxtrot and Charlie, sending you 2
2024-10-14 13:32:42.026866 Golf: Sierra and Delta, sending you 2
2024-10-14 13:32:42.028141 Foxtrot: Sierra, Mike, India and Romeo, sending you 2
2024-10-14 13:32:42.030186 Charlie: Sierra, Mike, Delta and Romeo, sending you 2
2024-10-14 13:32:42.031048 India: Sierra, Foxtrot and Charlie, sending you 3
2024-10-14 13:32:42.031817 Delta: We should drop India
2024-10-14 13:32:42.051096 Sierra: No
2024-10-14 13:32:42.051763 Foxtrot: No
2024-10-14 13:32:42.051950 Charlie: No
2024-10-14 13:32:42.052124 Mike: No
2024-10-14 13:32:42.052291 Golf: No
2024-10-14 13:32:42.052429 Romeo: No
ChatterBot Delta reevaluating
ChatterBot Delta reevaluating
ChatterBot Delta reevaluating
ChatterBot Delta reevaluating
ChatterBot Delta reevaluating
ChatterBot Delta reevaluating
2024-10-14 13:32:42.277780 Sierra: Delta, India and Romeo, sending you 3
2024-10-14 13:32:42.280217 Golf: Mike, Foxtrot, India, Charlie and Romeo, sending you 1
2024-10-14 13:32:42.281928 India: Mike, Delta and Romeo, sending you 1
2024-10-14 13:32:42.282574 Foxtrot: Golf, sending you 1
2024-10-14 13:32:42.284323 Charlie: Golf, sending you 1
2024-10-14 13:32:42.286285 Delta: We should drop Golf
2024-10-14 13:32:42.312243 India: Yes
2024-10-14 13:32:42.312467 Sierra: No
2024-10-14 13:32:42.312623 Mike: No
2024-10-14 13:32:42.312779 Foxtrot: No
2024-10-14 13:32:42.312919 Charlie: No
2024-10-14 13:32:42.313041 Romeo: No
ChatterBot Delta reevaluating
ChatterBot Delta reevaluating
ChatterBot Delta reevaluating
ChatterBot Delta reevaluating
ChatterBot Delta reevaluating
ChatterBot Delta reevaluating
2024-10-14 13:32:42.426332 Kilo: Tango, sending you 5
2024-10-14 13:32:42.426758 Foxtrot: Charlie, sending you 3
2024-10-14 13:32:42.427651 Charlie: Foxtrot, sending you 4
chatterbot Kilo submitting transactions
2024-10-14 13:32:42.429683 Kilo: India, sending you 6
2024-10-14 13:32:42.432951 Charlie: India, sending you 3
chatterbot Romeo submitting transactions
chatterbot Mike submitting transactions
chatterbot Foxtrot submitting transactions
chatterbot Sierra submitting transactions
chatterbot Tango submitting transactions
chatterbot Delta submitting transactions
chatterbot Charlie submitting transactions
chatterbot India submitting transactions
chatterbot Golf submitting transactions
ChatterBot Sierra round 9
ChatterBot Mike round 9
ChatterBot Golf round 9
ChatterBot Delta round 9
ChatterBot Tango round 9
ChatterBot Foxtrot round 9
ChatterBot India round 9
ChatterBot Kilo round 9
ChatterBot Charlie round 9
ChatterBot Romeo round 9
2024-10-14 13:32:43.194823 Romeo: We should add Delta and India
ChatterBot Charlie reevaluating
2024-10-14 13:32:43.212587 Foxtrot: Yes
2024-10-14 13:32:43.212755 Charlie: Yes
2024-10-14 13:32:43.212865 Sierra: Yes
2024-10-14 13:32:43.212959 Mike: Yes
2024-10-14 13:32:43.213050 Golf: Yes
ChatterBot Charlie reevaluating
ChatterBot Charlie reevaluating
ChatterBot Charlie reevaluating
ChatterBot Charlie reevaluating
2024-10-14 13:32:43.350859 Delta: We should drop Romeo
ChatterBot Charlie reevaluating
2024-10-14 13:32:43.370994 Sierra: No
2024-10-14 13:32:43.371114 Mike: No
2024-10-14 13:32:43.371215 Golf: No
2024-10-14 13:32:43.371309 Foxtrot: No
2024-10-14 13:32:43.371395 India: No
2024-10-14 13:32:43.371496 Charlie: No
ChatterBot Delta reevaluating
ChatterBot Charlie reevaluating
ChatterBot Delta reevaluating
ChatterBot Charlie reevaluating
ChatterBot Delta reevaluating
ChatterBot Charlie reevaluating
ChatterBot Delta reevaluating
ChatterBot Charlie reevaluating
ChatterBot Delta reevaluating
ChatterBot Mike reevaluating
ChatterBot Charlie reevaluating
ChatterBot Delta reevaluating
ChatterBot Mike reevaluating
2024-10-14 13:32:43.486884 Romeo: Delta and India we want you to join our group
ChatterBot Delta reevaluating
2024-10-14 13:32:43.495390 India: No
2024-10-14 13:32:43.495512 Delta: No
ChatterBot Mike reevaluating
ChatterBot Delta reevaluating
ChatterBot Charlie reevaluating
ChatterBot Mike reevaluating
ChatterBot Charlie reevaluating
2024-10-14 13:32:43.598797 Tango: India, sending you 3
2024-10-14 13:32:43.599529 India: Sierra and Foxtrot, sending you 3
2024-10-14 13:32:43.600631 Foxtrot: Sierra, Mike, India and Romeo, sending you 2
2024-10-14 13:32:43.602413 Golf: Sierra and Mike, sending you 2
2024-10-14 13:32:43.603248 Sierra: Mike, Golf, Foxtrot and Charlie, sending you 2
2024-10-14 13:32:43.604297 Delta: We should drop India
ChatterBot Mike reevaluating
2024-10-14 13:32:43.625842 Sierra: No
2024-10-14 13:32:43.626092 Foxtrot: No
2024-10-14 13:32:43.626250 Charlie: No
2024-10-14 13:32:43.626877 Mike: No
2024-10-14 13:32:43.627154 Golf: No
2024-10-14 13:32:43.627468 Romeo: No
ChatterBot Mike reevaluating
ChatterBot Delta reevaluating
ChatterBot Mike reevaluating
ChatterBot Delta reevaluating
ChatterBot Mike reevaluating
ChatterBot Delta reevaluating
ChatterBot Delta reevaluating
ChatterBot Mike reevaluating
ChatterBot Delta reevaluating
ChatterBot Mike reevaluating
ChatterBot Delta reevaluating
2024-10-14 13:32:43.740323 India: Delta and Romeo, sending you 1
2024-10-14 13:32:43.740845 Tango: Kilo, sending you 2
2024-10-14 13:32:43.741137 Foxtrot: Golf, sending you 1
2024-10-14 13:32:43.741887 Golf: Delta, Foxtrot, India, Charlie and Romeo, sending you 1
2024-10-14 13:32:43.743352 Sierra: Delta, India and Romeo, sending you 3
chatterbot Tango submitting transactions
2024-10-14 13:32:43.745681 India: Charlie, sending you 4
2024-10-14 13:32:43.746287 Kilo: Tango, sending you 6
2024-10-14 13:32:43.746524 Foxtrot: Charlie, sending you 3
2024-10-14 13:32:43.747947 Charlie: Sierra, Mike, Delta and Romeo, sending you 2
2024-10-14 13:32:43.750372 Delta: We should drop Golf
2024-10-14 13:32:43.781888 India: Yes
2024-10-14 13:32:43.782024 Sierra: No
2024-10-14 13:32:43.782121 Mike: No
2024-10-14 13:32:43.782214 Foxtrot: No
2024-10-14 13:32:43.782301 Charlie: No
2024-10-14 13:32:43.782402 Romeo: No
ChatterBot Mike reevaluating
ChatterBot Delta reevaluating
ChatterBot Mike reevaluating
ChatterBot Delta reevaluating
ChatterBot Delta reevaluating
ChatterBot Mike reevaluating
ChatterBot Delta reevaluating
ChatterBot Mike reevaluating
ChatterBot Delta reevaluating
ChatterBot Mike reevaluating
ChatterBot Delta reevaluating
2024-10-14 13:32:43.903078 Kilo: India, sending you 7
2024-10-14 13:32:43.903520 Charlie: Golf, sending you 1
chatterbot India submitting transactions
chatterbot Romeo submitting transactions
2024-10-14 13:32:43.908661 Charlie: Foxtrot, sending you 4
2024-10-14 13:32:43.913670 Charlie: India, sending you 3
chatterbot Delta submitting transactions
chatterbot Sierra submitting transactions
chatterbot Kilo submitting transactions
chatterbot Foxtrot submitting transactions
chatterbot Golf submitting transactions
chatterbot Mike submitting transactions
chatterbot Charlie submitting transactions
ChatterBot Sierra round 10
ChatterBot Mike round 10
ChatterBot Golf round 10
ChatterBot Delta round 10
ChatterBot Tango round 10
ChatterBot Foxtrot round 10
ChatterBot India round 10
ChatterBot Kilo round 10
ChatterBot Charlie round 10
ChatterBot Romeo round 10
