ChatterBot Charlie round 1
ChatterBot Papa round 1
ChatterBot India round 1
ChatterBot Yankee round 1
ChatterBot Whiskey round 1
ChatterBot Victor round 1
ChatterBot Golf round 1
ChatterBot Oscar round 1
ChatterBot November round 1
ChatterBot Alpha round 1
randomSelections Charlie: {Charlie, Alpha, India, Yankee, November, Golf} 
2024-10-14 13:32:30.166095 Charlie: We should group up
ChatterBot Alpha reevaluating
ChatterBot India reevaluating
ChatterBot Yankee reevaluating
ChatterBot November reevaluating
ChatterBot Golf reevaluating
2024-10-14 13:32:30.181252 Alpha: Yes
2024-10-14 13:32:30.181518 India: Yes
2024-10-14 13:32:30.181678 Yankee: Yes
2024-10-14 13:32:30.181783 November: Yes
2024-10-14 13:32:30.181878 Golf: Yes
ChatterBot India reevaluating
ChatterBot Yankee reevaluating
ChatterBot November reevaluating
ChatterBot Golf reevaluating
ChatterBot Alpha reevaluating
ChatterBot Yankee reevaluating
ChatterBot November reevaluating
ChatterBot Golf reevaluating
ChatterBot Alpha reevaluating
ChatterBot India reevaluating
ChatterBot November reevaluating
ChatterBot Golf reevaluating
ChatterBot Alpha reevaluating
ChatterBot India reevaluating
ChatterBot Yankee reevaluating
ChatterBot Golf reevaluating
ChatterBot Alpha reevaluating
ChatterBot India reevaluating
ChatterBot Yankee reevaluating
ChatterBot November reevaluating
randomSelections Papa: {Papa, Golf, India, Victor, Yankee, Oscar, Alpha, November} 
2024-10-14 13:32:30.273193 Papa: Group up?
ChatterBot Golf reevaluating
ChatterBot India reevaluating
ChatterBot Victor reevaluating
ChatterBot Yankee reevaluating
ChatterBot Oscar reevaluating
ChatterBot Alpha reevaluating
ChatterBot November reevaluating
2024-10-14 13:32:30.287278 Golf: No
2024-10-14 13:32:30.287884 India: No
2024-10-14 13:32:30.288045 Victor: Yes
2024-10-14 13:32:30.288202 Yankee: No
2024-10-14 13:32:30.288345 Oscar: Yes
2024-10-14 13:32:30.288479 Alpha: No
2024-10-14 13:32:30.288684 November: No
ChatterBot India reevaluating
ChatterBot Victor reevaluating
ChatterBot Yankee reevaluating
ChatterBot Oscar reevaluating
ChatterBot Alpha reevaluating
ChatterBot November reevaluating
ChatterBot Golf reevaluating
ChatterBot Victor reevaluating
ChatterBot Yankee reevaluating
ChatterBot Oscar reevaluating
ChatterBot Alpha reevaluating
ChatterBot November reevaluating
ChatterBot Golf reevaluating
ChatterBot India reevaluating
ChatterBot Yankee reevaluating
ChatterBot Oscar reevaluating
ChatterBot Alpha reevaluating
ChatterBot November reevaluating
ChatterBot Golf reevaluating
ChatterBot India reevaluating
ChatterBot Victor reevaluating
ChatterBot Oscar reevaluating
ChatterBot Alpha reevaluating
ChatterBot November reevaluating
ChatterBot Golf reevaluating
ChatterBot India reevaluating
ChatterBot Victor reevaluating
ChatterBot Yankee reevaluating
ChatterBot Alpha reevaluating
ChatterBot November reevaluating
ChatterBot Golf reevaluating
ChatterBot India reevaluating
ChatterBot Victor reevaluating
ChatterBot Yankee reevaluating
ChatterBot Oscar reevaluating
ChatterBot November reevaluating
ChatterBot Golf reevaluating
ChatterBot India reevaluating
ChatterBot Victor reevaluating
ChatterBot Yankee reevaluating
ChatterBot Oscar reevaluating
ChatterBot Alpha reevaluating
randomSelections Whiskey: {Whiskey, Yankee, Papa, November, Victor, Oscar, Golf, India} 
2024-10-14 13:32:30.366314 Whiskey: Can we be friends?
ChatterBot Yankee reevaluating
ChatterBot November reevaluating
ChatterBot Victor reevaluating
ChatterBot Oscar reevaluating
ChatterBot Golf reevaluating
ChatterBot India reevaluating
2024-10-14 13:32:30.377541 Yankee: No
2024-10-14 13:32:30.377666 Papa: No
2024-10-14 13:32:30.377776 November: No
2024-10-14 13:32:30.377866 Victor: No
2024-10-14 13:32:30.377952 Oscar: No
2024-10-14 13:32:30.378058 Golf: No
2024-10-14 13:32:30.378140 India: No
ChatterBot November reevaluating
ChatterBot Victor reevaluating
ChatterBot Oscar reevaluating
ChatterBot Golf reevaluating
ChatterBot India reevaluating
ChatterBot Yankee reevaluating
ChatterBot November reevaluating
ChatterBot Victor reevaluating
ChatterBot Oscar reevaluating
ChatterBot Golf reevaluating
ChatterBot India reevaluating
ChatterBot Yankee reevaluating
ChatterBot Victor reevaluating
ChatterBot Oscar reevaluating
ChatterBot Golf reevaluating
ChatterBot India reevaluating
ChatterBot Yankee reevaluating
ChatterBot November reevaluating
ChatterBot Oscar reevaluating
ChatterBot Golf reevaluating
ChatterBot India reevaluating
ChatterBot Yankee reevaluating
ChatterBot November reevaluating
ChatterBot Victor reevaluating
ChatterBot Golf reevaluating
ChatterBot India reevaluating
ChatterBot Yankee reevaluating
ChatterBot November reevaluating
ChatterBot Victor reevaluating
ChatterBot Oscar reevaluating
ChatterBot India reevaluating
ChatterBot Yankee reevaluating
ChatterBot November reevaluating
ChatterBot Victor reevaluating
ChatterBot Oscar reevaluating
ChatterBot Golf reevaluating
2024-10-14 13:32:30.514101 Whiskey: Papa, India and Victor, sending you 2
2024-10-14 13:32:30.514897 India: Charlie, Golf and November, sending you 2
2024-10-14 13:32:30.515379 Alpha: Charlie and November, sending you 1
2024-10-14 13:32:30.516738 November: Charlie and Golf, sending you 4
2024-10-14 13:32:30.517118 Victor: Papa, Yankee, Oscar and November, sending you 2
2024-10-14 13:32:30.517507 Yankee: Charlie, November and Alpha, sending you 2
2024-10-14 13:32:30.517903 Charlie: India, Yankee, November and Alpha, sending you 2
2024-10-14 13:32:30.518271 Oscar: Papa, Golf and Alpha, sending you 1
2024-10-14 13:32:30.519355 Golf: Charlie, sending you 7
2024-10-14 13:32:30.519755 Whiskey: Yankee and Golf, sending you 1
2024-10-14 13:32:30.520086 India: Yankee, sending you 4
2024-10-14 13:32:30.520378 Alpha: India, sending you 4
2024-10-14 13:32:30.521582 November: India, sending you 3
2024-10-14 13:32:30.521981 Victor: India, sending you 1
2024-10-14 13:32:30.522455 Papa: India, Victor and Oscar, sending you 2
2024-10-14 13:32:30.523409 Charlie: Golf, sending you 1
2024-10-14 13:32:30.523849 Yankee: India and Golf, sending you 3
2024-10-14 13:32:30.524251 Oscar: India, sending you 3
2024-10-14 13:32:30.524677 Golf: India and November, sending you 1
2024-10-14 13:32:30.525807 Whiskey: Oscar and November, sending you 3
2024-10-14 13:32:30.526158 India: Alpha, sending you 3
2024-10-14 13:32:30.526540 Alpha: Yankee and Golf, sending you 3
2024-10-14 13:32:30.526890 November: Yankee, sending you 2
2024-10-14 13:32:30.527860 Papa: Yankee and Alpha, sending you 3
2024-10-14 13:32:30.532719 Oscar: Yankee, Victor and November, sending you 2
2024-10-14 13:32:30.533710 Golf: Yankee, sending you 5
2024-10-14 13:32:30.534116 November: Alpha, sending you 1
2024-10-14 13:32:30.534495 Papa: Golf, sending you 4
2024-10-14 13:32:30.539759 Papa: November, sending you 1
chatterbot Whiskey submitting transactions
chatterbot Victor submitting transactions
chatterbot India submitting transactions
chatterbot November submitting transactions
chatterbot Golf submitting transactions
chatterbot Oscar submitting transactions
chatterbot Papa submitting transactions
chatterbot Charlie submitting transactions
chatterbot Yankee submitting transactions
chatterbot Alpha submitting transactions
ChatterBot Charlie round 2
ChatterBot Papa round 2
ChatterBot India round 2
ChatterBot Yankee round 2
ChatterBot Whiskey round 2
2024-10-14 13:32:31.423898 Papa: Friends?
ChatterBot Whiskey reevaluating
ChatterBot Victor reevaluating
ChatterBot Oscar reevaluating
2024-10-14 13:32:31.445875 Whiskey: Yes
2024-10-14 13:32:31.446028 Victor: No
2024-10-14 13:32:31.446140 Oscar: No
ChatterBot Victor reevaluating
ChatterBot Oscar reevaluating
ChatterBot Whiskey reevaluating
ChatterBot Oscar reevaluating
ChatterBot Whiskey reevaluating
ChatterBot Victor reevaluating
ChatterBot Victor round 2
ChatterBot Golf round 2
ChatterBot Oscar round 2
ChatterBot November round 2
ChatterBot Alpha round 2
2024-10-14 13:32:31.502945 Golf: We should add Papa
ChatterBot Alpha reevaluating
ChatterBot November reevaluating
2024-10-14 13:32:31.514263 Charlie: No
2024-10-14 13:32:31.514414 Alpha: Yes
2024-10-14 13:32:31.514528 India: No
2024-10-14 13:32:31.514642 Yankee: No
2024-10-14 13:32:31.514744 November: No
ChatterBot Alpha reevaluating
ChatterBot November reevaluating
ChatterBot November reevaluating
ChatterBot Alpha reevaluating
ChatterBot November reevaluating
ChatterBot Alpha reevaluating
ChatterBot November reevaluating
ChatterBot Alpha reevaluating
2024-10-14 13:32:31.648329 Golf: Papa we want you to join our group
2024-10-14 13:32:31.654531 Papa: No
ChatterBot November reevaluating
ChatterBot Alpha reevaluating
2024-10-14 13:32:31.686052 November: We should add Whiskey
ChatterBot Alpha reevaluating
2024-10-14 13:32:31.705431 Charlie: No
2024-10-14 13:32:31.705610 Alpha: No
2024-10-14 13:32:31.706059 India: No
2024-10-14 13:32:31.706164 Yankee: No
2024-10-14 13:32:31.706267 Golf: No
ChatterBot Alpha reevaluating
ChatterBot November reevaluating
ChatterBot November reevaluating
ChatterBot Alpha reevaluating
ChatterBot November reevaluating
ChatterBot Alpha reevaluating
ChatterBot November reevaluating
ChatterBot Alpha reevaluating
ChatterBot November reevaluating
2024-10-14 13:32:31.784322 Papa: Whiskey and Oscar, sending you 4
2024-10-14 13:32:31.838381 Alpha: Papa we want you to join our group
2024-10-14 13:32:31.841921 Papa: No
ChatterBot Alpha reevaluating
2024-10-14 13:32:31.859625 Charlie: Sending you each 2
2024-10-14 13:32:31.859995 Yankee: Charlie and November, sending you 2
2024-10-14 13:32:31.860265 Papa: Victor, sending you 5
2024-10-14 13:32:31.860826 India: Charlie and Golf, sending you 2
2024-10-14 13:32:31.861143 Whiskey: Papa, sending you 3
2024-10-14 13:32:31.911496 Yankee: India, Golf and Alpha, sending you 3
2024-10-14 13:32:31.912035 India: Yankee, November and Alpha, sending you 3
2024-10-14 13:32:31.912866 Oscar: Sending you each 3
2024-10-14 13:32:31.913185 Victor: Sending you each 2
2024-10-14 13:32:31.913421 Golf: Charlie, sending you 1
2024-10-14 13:32:31.914024 Whiskey: Victor, Oscar and November, sending you 4
chatterbot Yankee submitting transactions
2024-10-14 13:32:32.111317 Golf: Papa, sending you 3
2024-10-14 13:32:32.113086 November: Charlie, sending you 4
chatterbot Golf submitting transactions
chatterbot Oscar submitting transactions
2024-10-14 13:32:32.487256 Golf: India, Yankee and Alpha, sending you 2
2024-10-14 13:32:32.488790 Alpha: Charlie, India and Yankee, sending you 3
2024-10-14 13:32:32.490121 November: India and Yankee, sending you 3
chatterbot Whiskey submitting transactions
chatterbot India submitting transactions
chatterbot Charlie submitting transactions
chatterbot Papa submitting transactions
2024-10-14 13:32:32.492474 Golf: November, sending you 4
2024-10-14 13:32:33.230227 November: Golf and Alpha, sending you 2
2024-10-14 13:32:33.231225 Alpha: Golf, sending you 1
chatterbot Victor submitting transactions
chatterbot November submitting transactions
chatterbot Alpha submitting transactions
2024-10-14 13:32:33.247632 Alpha: November, sending you 2
ChatterBot Charlie round 3
ChatterBot Papa round 3
ChatterBot India round 3
ChatterBot Yankee round 3
ChatterBot Whiskey round 3
ChatterBot Victor round 3
2024-10-14 13:32:33.260473 Whiskey: We should replace November with Golf
2024-10-14 13:32:33.270830 Papa: No
2024-10-14 13:32:33.271453 Victor: No
2024-10-14 13:32:33.271674 Oscar: No
ChatterBot Whiskey reevaluating
ChatterBot Whiskey reevaluating
ChatterBot Papa reevaluating
ChatterBot Whiskey reevaluating
ChatterBot Golf round 3
ChatterBot Oscar round 3
ChatterBot November round 3
ChatterBot Alpha round 3
2024-10-14 13:32:33.318450 Whiskey: We should replace November with Charlie
ChatterBot Papa reevaluating
2024-10-14 13:32:33.327023 Papa: No
2024-10-14 13:32:33.327579 Victor: No
2024-10-14 13:32:33.327777 Oscar: No
ChatterBot Whiskey reevaluating
ChatterBot Papa reevaluating
ChatterBot Whiskey reevaluating
ChatterBot Papa reevaluating
ChatterBot Whiskey reevaluating
2024-10-14 13:32:33.362511 Golf: We should replace Papa with Victor
2024-10-14 13:32:33.376995 Charlie: No
2024-10-14 13:32:33.377205 Alpha: No
2024-10-14 13:32:33.377362 India: No
2024-10-14 13:32:33.377531 Yankee: No
2024-10-14 13:32:33.377691 November: No
ChatterBot Golf reevaluating
ChatterBot Golf reevaluating
ChatterBot Golf reevaluating
ChatterBot Golf reevaluating
ChatterBot Golf reevaluating
2024-10-14 13:32:33.465983 Golf: We should replace Papa with Oscar
2024-10-14 13:32:33.480878 Charlie: No
2024-10-14 13:32:33.481096 Alpha: No
2024-10-14 13:32:33.481262 India: No
2024-10-14 13:32:33.481434 Yankee: No
2024-10-14 13:32:33.481592 November: No
ChatterBot Golf reevaluating
ChatterBot Golf reevaluating
ChatterBot Golf reevaluating
ChatterBot Golf reevaluating
ChatterBot Golf reevaluating
2024-10-14 13:32:33.609519 Whiskey: Charlie we want you to join our group
2024-10-14 13:32:33.616745 Charlie: No
ChatterBot Whiskey reevaluating
ChatterBot Papa reevaluating
2024-10-14 13:32:33.637214 Yankee: Charlie, sending you 2
2024-10-14 13:32:33.640984 Charlie: Same as last round
2024-10-14 13:32:33.867591 Yankee: India, Golf, November and Alpha, sending you 3
2024-10-14 13:32:33.868523 India: Charlie and Golf, sending you 2
2024-10-14 13:32:33.868996 Golf: Oscar we want you to join our group
2024-10-14 13:32:33.872468 Oscar: No
ChatterBot Golf reevaluating
2024-10-14 13:32:33.887636 Victor: Same as last round
2024-10-14 13:32:33.888364 November: Charlie, India, Yankee and Golf, sending you 3
2024-10-14 13:32:33.888773 Oscar: Same as last round
chatterbot India submitting transactions
2024-10-14 13:32:33.889624 India: Yankee, November and Alpha, sending you 3
2024-10-14 13:32:34.017346 November: Alpha, sending you 2
2024-10-14 13:32:34.018743 Alpha: Charlie, Golf and November, sending you 2
2024-10-14 13:32:34.019298 Golf: Victor we want you to join our group
2024-10-14 13:32:34.022224 Victor: No
ChatterBot Golf reevaluating
chatterbot Alpha submitting transactions
chatterbot Oscar submitting transactions
2024-10-14 13:32:34.045721 Alpha: India and Yankee, sending you 3
2024-10-14 13:32:34.067657 Whiskey: Charlie, sending you 1
2024-10-14 13:32:34.068673 Papa: Whiskey, sending you 4
chatterbot Victor submitting transactions
chatterbot Yankee submitting transactions
2024-10-14 13:32:34.080210 Whiskey: Papa, sending you 3
2024-10-14 13:32:34.080522 Papa: Victor and Oscar, sending you 5
2024-10-14 13:32:34.087331 Whiskey: Victor and Oscar, sending you 4
2024-10-14 13:32:34.108433 Golf: Charlie, India and Alpha, sending you 2
2024-10-14 13:32:34.113823 Golf: Yankee, sending you 4
2024-10-14 13:32:34.119867 Golf: Victor, sending you 1
2024-10-14 13:32:34.192215 Golf: November, sending you 3
chatterbot Charlie submitting transactions
chatterbot November submitting transactions
chatterbot Papa submitting transactions
chatterbot Golf submitting transactions
chatterbot Whiskey submitting transactions
ChatterBot Charlie round 4
ChatterBot Papa round 4
ChatterBot India round 4
ChatterBot Yankee round 4
ChatterBot Whiskey round 4
ChatterBot Victor round 4
ChatterBot Golf round 4
ChatterBot Oscar round 4
ChatterBot November round 4
2024-10-14 13:32:35.604123 Golf: We should replace Victor with Oscar
2024-10-14 13:32:35.650848 Charlie: No
2024-10-14 13:32:35.651153 Alpha: No
2024-10-14 13:32:35.651342 India: No
2024-10-14 13:32:35.651573 Yankee: No
2024-10-14 13:32:35.651794 November: No
ChatterBot Golf reevaluating
ChatterBot Golf reevaluating
ChatterBot Golf reevaluating
ChatterBot Golf reevaluating
ChatterBot Golf reevaluating
ChatterBot Alpha round 4
2024-10-14 13:32:35.784363 Whiskey: We should replace Charlie with Golf
2024-10-14 13:32:35.793996 Papa: No
2024-10-14 13:32:35.794600 Victor: No
2024-10-14 13:32:35.794770 Oscar: No
ChatterBot Whiskey reevaluating
ChatterBot Whiskey reevaluating
ChatterBot Whiskey reevaluating
2024-10-14 13:32:35.839321 Whiskey: We should replace Charlie with Alpha
2024-10-14 13:32:35.850017 Papa: No
2024-10-14 13:32:35.850201 Victor: No
2024-10-14 13:32:35.850354 Oscar: No
ChatterBot Whiskey reevaluating
ChatterBot Whiskey reevaluating
ChatterBot Whiskey reevaluating
2024-10-14 13:32:35.883765 Victor: Same as last round
2024-10-14 13:32:35.884081 Papa: Whiskey, sending you 4
2024-10-14 13:32:35.884328 Yankee: Charlie, sending you 2
2024-10-14 13:32:35.884780 India: Charlie and Golf, sending you 2
2024-10-14 13:32:35.885765 Charlie: Same as last round
2024-10-14 13:32:35.886696 Papa: Victor and Oscar, sending you 5
2024-10-14 13:32:35.888 India: Yankee, November and Alpha, sending you 3
2024-10-14 13:32:35.888851 Whiskey: Golf we want you to join our group
ChatterBot Golf reevaluating
2024-10-14 13:32:35.892590 Golf: No
ChatterBot Whiskey reevaluating
2024-10-14 13:32:35.904629 Yankee: India, Golf, November and Alpha, sending you 3
2024-10-14 13:32:35.908657 November: Charlie, India, Yankee and Golf, sending you 3
2024-10-14 13:32:35.909697 Oscar: Same as last round
2024-10-14 13:32:35.910427 Alpha: Charlie, Golf and November, sending you 2
2024-10-14 13:32:35.911659 Golf: Oscar we want you to join our group
2024-10-14 13:32:35.915194 Oscar: No
ChatterBot Golf reevaluating
2024-10-14 13:32:35.929030 November: Alpha, sending you 2
2024-10-14 13:32:35.929518 Alpha: India and Yankee, sending you 3
2024-10-14 13:32:35.941698 Whiskey: Papa, sending you 3
2024-10-14 13:32:35.945689 Whiskey: Victor and Oscar, sending you 4
2024-10-14 13:32:35.949900 Whiskey: Golf, sending you 1
2024-10-14 13:32:35.950681 Golf: Charlie, India and Alpha, sending you 2
2024-10-14 13:32:35.954690 Golf: Yankee, sending you 4
2024-10-14 13:32:35.959676 Golf: Victor, sending you 1
2024-10-14 13:32:35.962672 Golf: November, sending you 3
chatterbot Charlie submitting transactions
chatterbot India submitting transactions
chatterbot Yankee submitting transactions
chatterbot Oscar submitting transactions
chatterbot Alpha submitting transactions
chatterbot November submitting transactions
chatterbot Victor submitting transactions
chatterbot Papa submitting transactions
chatterbot Whiskey submitting transactions
chatterbot Golf submitting transactions
ChatterBot Charlie round 5
ChatterBot Papa round 5
ChatterBot India round 5
ChatterBot Yankee round 5
ChatterBot Whiskey round 5
ChatterBot Victor round 5
ChatterBot Golf round 5
ChatterBot Oscar round 5
ChatterBot November round 5
2024-10-14 13:32:37.011072 Golf: We should replace Victor with Oscar
2024-10-14 13:32:37.033361 Charlie: No
2024-10-14 13:32:37.033874 Alpha: No
2024-10-14 13:32:37.034914 India: No
2024-10-14 13:32:37.035130 Yankee: No
2024-10-14 13:32:37.035495 November: No
ChatterBot Golf reevaluating
ChatterBot Golf reevaluating
ChatterBot Golf reevaluating
ChatterBot Golf reevaluating
ChatterBot Alpha round 5
2024-10-14 13:32:37.119715 Golf: Oscar we want you to join our group
2024-10-14 13:32:37.124609 Oscar: No
ChatterBot Golf reevaluating
2024-10-14 13:32:37.140943 India: Charlie and Golf, sending you 2
2024-10-14 13:32:37.142023 Papa: Whiskey, sending you 4
2024-10-14 13:32:37.142380 Victor: Same as last round
2024-10-14 13:32:37.142671 Charlie: Same as last round
2024-10-14 13:32:37.143802 Yankee: Charlie, sending you 2
2024-10-14 13:32:37.144690 India: Yankee, November and Alpha, sending you 3
2024-10-14 13:32:37.146332 Papa: Victor and Oscar, sending you 5
2024-10-14 13:32:37.146885 Whiskey: Papa, sending you 3
2024-10-14 13:32:37.147923 Oscar: Same as last round
2024-10-14 13:32:37.148405 Alpha: Charlie, Golf and November, sending you 2
2024-10-14 13:32:37.149382 November: Charlie, India, Yankee and Golf, sending you 3
2024-10-14 13:32:37.150475 Yankee: India, Golf, November and Alpha, sending you 3
2024-10-14 13:32:37.151211 Whiskey: Victor and Oscar, sending you 4
2024-10-14 13:32:37.151922 Alpha: India and Yankee, sending you 3
2024-10-14 13:32:37.152696 November: Alpha, sending you 2
2024-10-14 13:32:37.153779 Whiskey: Golf, sending you 1
2024-10-14 13:32:37.159694 Golf: Charlie, India and Alpha, sending you 2
2024-10-14 13:32:37.163686 Golf: Yankee, sending you 4
2024-10-14 13:32:37.167676 Golf: Victor, sending you 1
2024-10-14 13:32:37.171090 Golf: November, sending you 3
chatterbot Papa submitting transactions
chatterbot India submitting transactions
chatterbot Oscar submitting transactions
chatterbot Victor submitting transactions
chatterbot Charlie submitting transactions
chatterbot Golf submitting transactions
chatterbot Yankee submitting transactions
chatterbot Whiskey submitting transactions
chatterbot Alpha submitting transactions
chatterbot November submitting transactions
ChatterBot Charlie round 6
ChatterBot Papa round 6
ChatterBot India round 6
ChatterBot Yankee round 6
ChatterBot Whiskey round 6
ChatterBot Victor round 6
ChatterBot Golf round 6
ChatterBot Oscar round 6
ChatterBot November round 6
ChatterBot Alpha round 6
2024-10-14 13:32:38.363185 Golf: We should replace Victor with Oscar
2024-10-14 13:32:38.377739 Charlie: No
2024-10-14 13:32:38.377905 Alpha: No
2024-10-14 13:32:38.378013 India: No
2024-10-14 13:32:38.378124 Yankee: No
2024-10-14 13:32:38.378240 November: No
ChatterBot Golf reevaluating
ChatterBot Golf reevaluating
ChatterBot Golf reevaluating
ChatterBot Golf reevaluating
ChatterBot Golf reevaluating
2024-10-14 13:32:38.447662 India: Charlie and Golf, sending you 2
2024-10-14 13:32:38.452662 India: Yankee, November and Alpha, sending you 3
2024-10-14 13:32:38.453761 Papa: Whiskey and Victor, sending you 5
2024-10-14 13:32:38.457662 Papa: Oscar, sending you 6
2024-10-14 13:32:38.459129 Victor: Same as last round
2024-10-14 13:32:38.460664 Yankee: Charlie, sending you 2
2024-10-14 13:32:38.462596 Whiskey: Papa, sending you 3
2024-10-14 13:32:38.463070 Charlie: Same as last round
2024-10-14 13:32:38.464716 Yankee: India, Golf, November and Alpha, sending you 3
2024-10-14 13:32:38.465840 Whiskey: Victor and Oscar, sending you 4
2024-10-14 13:32:38.467690 November: Charlie, India, Yankee and Golf, sending you 3
2024-10-14 13:32:38.468275 Oscar: Same as last round
2024-10-14 13:32:38.469204 Alpha: Charlie, Golf and November, sending you 2
2024-10-14 13:32:38.470131 Whiskey: Golf, sending you 1
2024-10-14 13:32:38.470508 Golf: Charlie, India and Alpha, sending you 2
2024-10-14 13:32:38.471679 November: Alpha, sending you 2
2024-10-14 13:32:38.474672 Alpha: India and Yankee, sending you 3
2024-10-14 13:32:38.475995 Golf: Yankee, sending you 4
2024-10-14 13:32:38.480681 Golf: Victor, sending you 1
2024-10-14 13:32:38.484684 Golf: November, sending you 3
chatterbot Charlie submitting transactions
chatterbot Golf submitting transactions
chatterbot Papa submitting transactions
chatterbot Whiskey submitting transactions
chatterbot India submitting transactions
chatterbot Alpha submitting transactions
chatterbot November submitting transactions
chatterbot Oscar submitting transactions
chatterbot Victor submitting transactions
chatterbot Yankee submitting transactions
ChatterBot Charlie round 7
ChatterBot Papa round 7
ChatterBot India round 7
ChatterBot Yankee round 7
ChatterBot Whiskey round 7
ChatterBot Victor round 7
ChatterBot Golf round 7
ChatterBot Oscar round 7
ChatterBot November round 7
ChatterBot Alpha round 7
2024-10-14 13:32:39.659085 Whiskey: Papa, sending you 3
2024-10-14 13:32:39.662678 Whiskey: Victor and Oscar, sending you 4
2024-10-14 13:32:39.665673 Victor: Papa, sending you 1
2024-10-14 13:32:39.667691 Yankee: Charlie, sending you 2
2024-10-14 13:32:39.670253 Golf: Charlie, India and Alpha, sending you 2
2024-10-14 13:32:39.672350 Charlie: Same as last round
2024-10-14 13:32:39.673907 Victor: Whiskey and Oscar, sending you 2
2024-10-14 13:32:39.674696 November: Charlie, India, Yankee and Golf, sending you 3
2024-10-14 13:32:39.675938 Yankee: India, Golf, November and Alpha, sending you 3
2024-10-14 13:32:39.678309 Golf: Yankee, sending you 4
2024-10-14 13:32:39.679209 Papa: Whiskey and Victor, sending you 5
2024-10-14 13:32:39.679861 Oscar: Papa, sending you 2
2024-10-14 13:32:39.680764 Alpha: Charlie, Golf and November, sending you 2
2024-10-14 13:32:39.682306 November: Alpha, sending you 2
2024-10-14 13:32:39.683795 India: Charlie and Golf, sending you 2
2024-10-14 13:32:39.686059 Golf: Victor, sending you 1
2024-10-14 13:32:39.687054 Papa: Oscar, sending you 6
2024-10-14 13:32:39.687882 Oscar: Whiskey and Victor, sending you 3
2024-10-14 13:32:39.688835 Alpha: India and Yankee, sending you 3
2024-10-14 13:32:39.689854 India: Yankee, November and Alpha, sending you 3
2024-10-14 13:32:39.691704 Golf: November, sending you 3
chatterbot Oscar submitting transactions
chatterbot Yankee submitting transactions
chatterbot Golf submitting transactions
chatterbot Alpha submitting transactions
chatterbot Whiskey submitting transactions
chatterbot Victor submitting transactions
chatterbot Charlie submitting transactions
chatterbot Papa submitting transactions
chatterbot India submitting transactions
chatterbot November submitting transactions
ChatterBot Charlie round 8
ChatterBot Papa round 8
ChatterBot India round 8
ChatterBot Yankee round 8
ChatterBot Whiskey round 8
ChatterBot Victor round 8
ChatterBot Golf round 8
ChatterBot Oscar round 8
ChatterBot November round 8
ChatterBot Alpha round 8
2024-10-14 13:32:40.855526 Whiskey: We should replace Golf with Alpha
2024-10-14 13:32:40.860796 Papa: No
2024-10-14 13:32:40.860936 Victor: No
2024-10-14 13:32:40.861049 Oscar: No
ChatterBot Whiskey reevaluating
ChatterBot Whiskey reevaluating
ChatterBot Whiskey reevaluating
2024-10-14 13:32:40.895089 Golf: We should replace Victor with Oscar
2024-10-14 13:32:40.909805 Charlie: No
2024-10-14 13:32:40.910031 Alpha: No
2024-10-14 13:32:40.910201 India: No
2024-10-14 13:32:40.910967 Yankee: No
2024-10-14 13:32:40.911180 November: No
ChatterBot Golf reevaluating
ChatterBot Golf reevaluating
2024-10-14 13:32:40.963632 Whiskey: We should replace Golf with India
2024-10-14 13:32:40.970917 Papa: No
2024-10-14 13:32:40.971091 Victor: No
2024-10-14 13:32:40.971245 Oscar: No
ChatterBot Whiskey reevaluating
ChatterBot Whiskey reevaluating
ChatterBot Whiskey reevaluating
2024-10-14 13:32:41.000809 Whiskey: We should replace Golf with Yankee
2024-10-14 13:32:41.010003 Papa: No
2024-10-14 13:32:41.010164 Victor: No
2024-10-14 13:32:41.010302 Oscar: No
ChatterBot Whiskey reevaluating
ChatterBot Whiskey reevaluating
ChatterBot Whiskey reevaluating
2024-10-14 13:32:41.040399 Golf: Oscar we want you to join our group
2024-10-14 13:32:41.044156 Oscar: No
ChatterBot Golf reevaluating
2024-10-14 13:32:41.064031 Charlie: Same as last round
2024-10-14 13:32:41.064888 India: Charlie and Golf, sending you 2
2024-10-14 13:32:41.065963 Victor: Papa, sending you 1
2024-10-14 13:32:41.066487 Papa: Whiskey and Victor, sending you 5
2024-10-14 13:32:41.067052 Whiskey: India we want you to join our group
2024-10-14 13:32:41.070916 India: No
ChatterBot Whiskey reevaluating
2024-10-14 13:32:41.084400 Oscar: Papa, sending you 2
2024-10-14 13:32:41.085009 November: Charlie and Alpha, sending you 2
2024-10-14 13:32:41.086156 Yankee: Charlie, sending you 2
2024-10-14 13:32:41.086932 India: Yankee, November and Alpha, sending you 3
2024-10-14 13:32:41.088122 Victor: Whiskey and Oscar, sending you 2
2024-10-14 13:32:41.088563 Papa: Oscar, sending you 6
2024-10-14 13:32:41.089059 Alpha: Charlie, Golf and November, sending you 2
2024-10-14 13:32:41.090159 Oscar: Whiskey and Victor, sending you 3
2024-10-14 13:32:41.090685 November: India and Golf, sending you 3
2024-10-14 13:32:41.091685 Yankee: India, Golf, November and Alpha, sending you 3
2024-10-14 13:32:41.094757 Alpha: India and Yankee, sending you 3
2024-10-14 13:32:41.095687 November: Yankee, sending you 4
2024-10-14 13:32:41.114674 Whiskey: Papa, sending you 3
2024-10-14 13:32:41.115739 Golf: Charlie, India and Alpha, sending you 2
2024-10-14 13:32:41.118977 Whiskey: India, sending you 1
2024-10-14 13:32:41.122040 Golf: Yankee, sending you 4
2024-10-14 13:32:41.122682 Whiskey: Victor and Oscar, sending you 4
2024-10-14 13:32:41.125648 Golf: Oscar, sending you 1
2024-10-14 13:32:41.130678 Golf: November, sending you 3
chatterbot Oscar submitting transactions
chatterbot Alpha submitting transactions
chatterbot November submitting transactions
chatterbot Yankee submitting transactions
chatterbot Charlie submitting transactions
chatterbot Victor submitting transactions
chatterbot Whiskey submitting transactions
chatterbot Papa submitting transactions
chatterbot India submitting transactions
chatterbot Golf submitting transactions
ChatterBot Charlie round 9
ChatterBot Papa round 9
ChatterBot India round 9
ChatterBot Yankee round 9
ChatterBot Whiskey round 9
ChatterBot Victor round 9
ChatterBot Golf round 9
2024-10-14 13:32:42.282807 Whiskey: We should replace India with Golf
2024-10-14 13:32:42.293959 Papa: No
2024-10-14 13:32:42.294156 Victor: No
2024-10-14 13:32:42.294321 Oscar: No
ChatterBot Whiskey reevaluating
ChatterBot Whiskey reevaluating
ChatterBot Whiskey reevaluating
ChatterBot Oscar round 9
ChatterBot November round 9
ChatterBot Alpha round 9
2024-10-14 13:32:42.374554 Whiskey: Golf we want you to join our group
2024-10-14 13:32:42.378552 Golf: No
ChatterBot Whiskey reevaluating
2024-10-14 13:32:42.393683 Papa: Whiskey and Oscar, sending you 6
2024-10-14 13:32:42.394809 Yankee: Charlie, sending you 2
2024-10-14 13:32:42.396928 Charlie: Same as last round
2024-10-14 13:32:42.398435 India: Charlie and Golf, sending you 2
2024-10-14 13:32:42.399481 Victor: Papa and Whiskey, sending you 1
2024-10-14 13:32:42.400598 Golf: Charlie, India and Alpha, sending you 2
2024-10-14 13:32:42.401568 Papa: Victor, sending you 5
2024-10-14 13:32:42.402420 Yankee: India, Golf, November and Alpha, sending you 3
2024-10-14 13:32:42.404420 India: Yankee, November and Alpha, sending you 3
2024-10-14 13:32:42.406562 Victor: Oscar, sending you 2
2024-10-14 13:32:42.407495 Golf: Yankee, sending you 4
2024-10-14 13:32:42.409015 Alpha: Charlie, Golf and November, sending you 2
2024-10-14 13:32:42.410869 Oscar: Papa, sending you 2
2024-10-14 13:32:42.413681 Golf: Oscar, sending you 1
2024-10-14 13:32:42.414919 Alpha: India and Yankee, sending you 3
2024-10-14 13:32:42.416059 Oscar: Whiskey and Victor, sending you 3
2024-10-14 13:32:42.417310 November: Charlie and Alpha, sending you 2
2024-10-14 13:32:42.419444 Golf: November, sending you 3
2024-10-14 13:32:42.422706 November: India and Golf, sending you 3
2024-10-14 13:32:42.426206 Whiskey: Papa, sending you 2
2024-10-14 13:32:42.427662 November: Yankee, sending you 4
2024-10-14 13:32:42.431671 Whiskey: Victor, sending you 5
2024-10-14 13:32:42.437126 Whiskey: Oscar, sending you 4
chatterbot Yankee submitting transactions
chatterbot Charlie submitting transactions
chatterbot India submitting transactions
chatterbot Alpha submitting transactions
chatterbot Golf submitting transactions
chatterbot Whiskey submitting transactions
chatterbot Victor submitting transactions
chatterbot Oscar submitting transactions
chatterbot Papa submitting transactions
chatterbot November submitting transactions
ChatterBot Charlie round 10
ChatterBot Papa round 10
ChatterBot India round 10
ChatterBot Yankee round 10
ChatterBot Whiskey round 10
ChatterBot Victor round 10
ChatterBot Golf round 10
ChatterBot Oscar round 10
ChatterBot November round 10
ChatterBot Alpha round 10
2024-10-14 13:32:43.610689 India: Charlie and Golf, sending you 2
2024-10-14 13:32:43.616932 November: Charlie and Alpha, sending you 2
2024-10-14 13:32:43.618714 India: Yankee, November and Alpha, sending you 3
2024-10-14 13:32:43.620080 Golf: Charlie, India and Alpha, sending you 2
2024-10-14 13:32:43.621705 Charlie: Same as last round
2024-10-14 13:32:43.623902 Oscar: Papa, sending you 2
2024-10-14 13:32:43.624852 November: India and Golf, sending you 3
2024-10-14 13:32:43.626798 Golf: Yankee, sending you 4
2024-10-14 13:32:43.627496 Papa: Whiskey and Oscar, sending you 6
2024-10-14 13:32:43.628530 Oscar: Whiskey and Victor, sending you 3
2024-10-14 13:32:43.629324 Whiskey: Papa, sending you 2
2024-10-14 13:32:43.630554 Victor: Papa and Whiskey, sending you 1
2024-10-14 13:32:43.631191 November: Yankee, sending you 4
2024-10-14 13:32:43.632253 Yankee: Charlie, sending you 2
2024-10-14 13:32:43.634428 Golf: Oscar, sending you 1
2024-10-14 13:32:43.636040 Papa: Victor, sending you 5
2024-10-14 13:32:43.637440 Alpha: Charlie, Golf and November, sending you 2
2024-10-14 13:32:43.638799 Whiskey: Victor and Oscar, sending you 4
2024-10-14 13:32:43.639683 Victor: Oscar, sending you 2
2024-10-14 13:32:43.641267 Yankee: India, Golf, November and Alpha, sending you 3
2024-10-14 13:32:43.642603 Golf: November, sending you 3
2024-10-14 13:32:43.644340 Alpha: India and Yankee, sending you 3
chatterbot Victor submitting transactions
chatterbot Whiskey submitting transactions
chatterbot Oscar submitting transactions
chatterbot November submitting transactions
chatterbot India submitting transactions
chatterbot Charlie submitting transactions
chatterbot Yankee submitting transactions
chatterbot Golf submitting transactions
chatterbot Alpha submitting transactions
chatterbot Papa submitting transactions
ChatterBot Charlie round 11
ChatterBot Papa round 11
ChatterBot India round 11
ChatterBot Yankee round 11
ChatterBot Whiskey round 11
ChatterBot Victor round 11
ChatterBot Golf round 11
ChatterBot Oscar round 11
ChatterBot November round 11
ChatterBot Alpha round 11
2024-10-14 13:32:44.658007 Whiskey: We should replace Golf with Alpha
2024-10-14 13:32:44.670745 Papa: No
2024-10-14 13:32:44.670996 Victor: No
2024-10-14 13:32:44.671179 Oscar: No
ChatterBot Whiskey reevaluating
ChatterBot Whiskey reevaluating
ChatterBot Whiskey reevaluating
2024-10-14 13:32:44.738653 Whiskey: We should replace Golf with Charlie
2024-10-14 13:32:44.752470 Papa: No
2024-10-14 13:32:44.752780 Victor: No
2024-10-14 13:32:44.753016 Oscar: No
ChatterBot Whiskey reevaluating
ChatterBot Whiskey reevaluating
ChatterBot Whiskey reevaluating
2024-10-14 13:32:44.796535 India: Charlie and Golf, sending you 2
2024-10-14 13:32:44.798362 Charlie: Same as last round
2024-10-14 13:32:44.800136 Yankee: Charlie, sending you 2
2024-10-14 13:32:44.801586 Whiskey: Alpha we want you to join our group
2024-10-14 13:32:44.806005 Alpha: No
ChatterBot Whiskey reevaluating
2024-10-14 13:32:44.823139 India: Yankee, November and Alpha, sending you 3
2024-10-14 13:32:44.825631 Yankee: India, Golf, November and Alpha, sending you 3
2024-10-14 13:32:44.827704 Victor: Papa and Whiskey, sending you 1
2024-10-14 13:32:44.828644 Oscar: Papa and Whiskey, sending you 2
2024-10-14 13:32:44.830090 Golf: Charlie, India and Alpha, sending you 2
2024-10-14 13:32:44.831872 Papa: Whiskey and Oscar, sending you 6
2024-10-14 13:32:44.832504 November: Charlie and Alpha, sending you 2
2024-10-14 13:32:44.835093 Alpha: Charlie, Golf and November, sending you 2
2024-10-14 13:32:44.836584 Whiskey: Charlie we want you to join our group
2024-10-14 13:32:44.840957 Charlie: No
ChatterBot Whiskey reevaluating
2024-10-14 13:32:44.853709 Victor: Oscar, sending you 2
2024-10-14 13:32:44.854787 Oscar: Victor, sending you 3
2024-10-14 13:32:44.856418 Golf: Yankee, sending you 4
2024-10-14 13:32:44.858685 Papa: Victor, sending you 5
2024-10-14 13:32:44.860060 November: India and Golf, sending you 3
2024-10-14 13:32:44.861949 Alpha: India and Yankee, sending you 3
2024-10-14 13:32:44.863486 Golf: Oscar, sending you 1
2024-10-14 13:32:44.868947 November: Yankee, sending you 4
2024-10-14 13:32:44.871197 Golf: November, sending you 3
2024-10-14 13:32:44.897218 Whiskey: Papa, sending you 2
2024-10-14 13:32:44.902442 Whiskey: Victor and Oscar, sending you 4
chatterbot Charlie submitting transactions
chatterbot November submitting transactions
chatterbot Whiskey submitting transactions
chatterbot Oscar submitting transactions
chatterbot Papa submitting transactions
chatterbot Golf submitting transactions
chatterbot Alpha submitting transactions
chatterbot Victor submitting transactions
chatterbot India submitting transactions
chatterbot Yankee submitting transactions
ChatterBot Charlie round 12
ChatterBot Papa round 12
ChatterBot India round 12
ChatterBot Yankee round 12
ChatterBot Whiskey round 12
ChatterBot Victor round 12
ChatterBot Golf round 12
ChatterBot Oscar round 12
ChatterBot November round 12
ChatterBot Alpha round 12
2024-10-14 13:32:45.990635 Whiskey: We should replace Alpha with Golf
2024-10-14 13:32:46.003216 Papa: No
2024-10-14 13:32:46.003681 Victor: No
2024-10-14 13:32:46.003991 Oscar: No
ChatterBot Whiskey reevaluating
ChatterBot Whiskey reevaluating
ChatterBot Whiskey reevaluating
2024-10-14 13:32:46.052706 Golf: We should replace Oscar with Victor
2024-10-14 13:32:46.071971 Charlie: No
2024-10-14 13:32:46.072244 Alpha: No
2024-10-14 13:32:46.072424 India: No
2024-10-14 13:32:46.072585 Yankee: No
2024-10-14 13:32:46.072763 November: No
ChatterBot Golf reevaluating
ChatterBot Golf reevaluating
ChatterBot Golf reevaluating
ChatterBot Golf reevaluating
2024-10-14 13:32:46.166060 Whiskey: Golf we want you to join our group
ChatterBot Golf reevaluating
2024-10-14 13:32:46.172209 Golf: No
ChatterBot Whiskey reevaluating
2024-10-14 13:32:46.184330 Whiskey: We should replace Alpha with India
2024-10-14 13:32:46.193540 Papa: No
2024-10-14 13:32:46.193826 Victor: No
2024-10-14 13:32:46.194001 Oscar: No
ChatterBot Whiskey reevaluating
ChatterBot Whiskey reevaluating
ChatterBot Whiskey reevaluating
2024-10-14 13:32:46.223703 Whiskey: We should replace Alpha with Charlie
2024-10-14 13:32:46.231704 Papa: No
2024-10-14 13:32:46.232309 Victor: No
2024-10-14 13:32:46.232417 Oscar: No
ChatterBot Whiskey reevaluating
ChatterBot Whiskey reevaluating
ChatterBot Whiskey reevaluating
2024-10-14 13:32:46.268557 November: Charlie and Alpha, sending you 2
2024-10-14 13:32:46.270190 Oscar: Papa, sending you 1
2024-10-14 13:32:46.270770 India: Charlie and Golf, sending you 2
2024-10-14 13:32:46.272817 Yankee: Charlie, sending you 2
2024-10-14 13:32:46.274297 Charlie: Same as last round
2024-10-14 13:32:46.275239 Papa: Whiskey and Oscar, sending you 6
2024-10-14 13:32:46.276366 Victor: Papa and Whiskey, sending you 1
2024-10-14 13:32:46.276909 Whiskey: Charlie we want you to join our group
2024-10-14 13:32:46.280506 Charlie: No
ChatterBot Whiskey reevaluating
2024-10-14 13:32:46.293057 Oscar: Whiskey, sending you 2
2024-10-14 13:32:46.294195 November: India and Golf, sending you 3
2024-10-14 13:32:46.296280 Yankee: India, Golf, November and Alpha, sending you 3
2024-10-14 13:32:46.298853 India: Yankee, November and Alpha, sending you 3
2024-10-14 13:32:46.300786 Papa: Victor, sending you 5
2024-10-14 13:32:46.302154 Victor: Oscar, sending you 2
2024-10-14 13:32:46.303418 Golf: Charlie, India and Alpha, sending you 2
2024-10-14 13:32:46.304698 Oscar: Victor, sending you 3
2024-10-14 13:32:46.305728 November: Yankee, sending you 4
2024-10-14 13:32:46.308218 Alpha: Charlie, Golf and November, sending you 2
2024-10-14 13:32:46.309827 Golf: Yankee, sending you 4
2024-10-14 13:32:46.314819 Alpha: India and Yankee, sending you 3
2024-10-14 13:32:46.315984 Golf: Oscar, sending you 1
2024-10-14 13:32:46.324624 Golf: November, sending you 3
2024-10-14 13:32:46.337688 Whiskey: Papa, sending you 2
2024-10-14 13:32:46.342664 Whiskey: Victor, sending you 4
2024-10-14 13:32:46.348653 Whiskey: Oscar, sending you 5
chatterbot India submitting transactions
chatterbot Alpha submitting transactions
chatterbot Papa submitting transactions
chatterbot Yankee submitting transactions
chatterbot Oscar submitting transactions
chatterbot Victor submitting transactions
chatterbot November submitting transactions
chatterbot Whiskey submitting transactions
chatterbot Golf submitting transactions
chatterbot Charlie submitting transactions
ChatterBot Charlie round 13
ChatterBot Papa round 13
ChatterBot India round 13
ChatterBot Yankee round 13
ChatterBot Whiskey round 13
ChatterBot Victor round 13
