ChatterBot Oscar round 1
ChatterBot Mike round 1
ChatterBot Juliett round 1
ChatterBot X-ray round 1
ChatterBot Yankee round 1
ChatterBot Whiskey round 1
ChatterBot Foxtrot round 1
ChatterBot Zulu round 1
ChatterBot Hotel round 1
ChatterBot Quebec round 1
randomSelections Yankee: {Yankee, Zulu, Oscar, Juliett, Hotel, Mike} 
2024-10-14 13:32:30.099950 Yankee: Group up?
ChatterBot Zulu reevaluating
ChatterBot Oscar reevaluating
ChatterBot Juliett reevaluating
ChatterBot Hotel reevaluating
ChatterBot Mike reevaluating
2024-10-14 13:32:30.139996 Zulu: Yes
2024-10-14 13:32:30.140654 Oscar: Yes
2024-10-14 13:32:30.140905 Juliett: Yes
2024-10-14 13:32:30.141310 Hotel: Yes
2024-10-14 13:32:30.141810 Mike: Yes
ChatterBot Oscar reevaluating
ChatterBot Juliett reevaluating
ChatterBot Hotel reevaluating
ChatterBot Mike reevaluating
ChatterBot Zulu reevaluating
ChatterBot Juliett reevaluating
ChatterBot Hotel reevaluating
ChatterBot Mike reevaluating
ChatterBot Zulu reevaluating
ChatterBot Oscar reevaluating
ChatterBot Hotel reevaluating
ChatterBot Mike reevaluating
ChatterBot Zulu reevaluating
ChatterBot Oscar reevaluating
ChatterBot Juliett reevaluating
ChatterBot Mike reevaluating
ChatterBot Zulu reevaluating
ChatterBot Oscar reevaluating
ChatterBot Juliett reevaluating
ChatterBot Hotel reevaluating
randomSelections Whiskey: {Whiskey, X-ray, Hotel, Zulu, Mike, Juliett} 
2024-10-14 13:32:30.237224 Whiskey: We would work well together
ChatterBot X-ray reevaluating
ChatterBot Hotel reevaluating
ChatterBot Zulu reevaluating
ChatterBot Mike reevaluating
ChatterBot Juliett reevaluating
2024-10-14 13:32:30.246540 X-ray: Yes
2024-10-14 13:32:30.246808 Hotel: No
2024-10-14 13:32:30.247033 Zulu: No
2024-10-14 13:32:30.247778 Mike: No
2024-10-14 13:32:30.247990 Juliett: No
ChatterBot Hotel reevaluating
ChatterBot Zulu reevaluating
ChatterBot Mike reevaluating
ChatterBot Juliett reevaluating
ChatterBot X-ray reevaluating
ChatterBot Zulu reevaluating
ChatterBot Mike reevaluating
ChatterBot Juliett reevaluating
ChatterBot X-ray reevaluating
ChatterBot Hotel reevaluating
ChatterBot Mike reevaluating
ChatterBot Juliett reevaluating
ChatterBot X-ray reevaluating
ChatterBot Hotel reevaluating
ChatterBot Zulu reevaluating
ChatterBot Juliett reevaluating
ChatterBot X-ray reevaluating
ChatterBot Hotel reevaluating
ChatterBot Zulu reevaluating
ChatterBot Mike reevaluating
randomSelections Quebec: {Quebec, Whiskey, Juliett, Foxtrot, X-ray, Oscar, Mike, Hotel} 
2024-10-14 13:32:30.313819 Quebec: Can we be friends?
ChatterBot Juliett reevaluating
ChatterBot Foxtrot reevaluating
ChatterBot X-ray reevaluating
ChatterBot Oscar reevaluating
ChatterBot Mike reevaluating
ChatterBot Hotel reevaluating
2024-10-14 13:32:30.329144 Whiskey: No
2024-10-14 13:32:30.329315 Juliett: No
2024-10-14 13:32:30.329807 Foxtrot: Yes
2024-10-14 13:32:30.329935 X-ray: No
2024-10-14 13:32:30.330069 Oscar: No
2024-10-14 13:32:30.330193 Mike: No
2024-10-14 13:32:30.330321 Hotel: No
ChatterBot Juliett reevaluating
ChatterBot Foxtrot reevaluating
ChatterBot X-ray reevaluating
ChatterBot Oscar reevaluating
ChatterBot Mike reevaluating
ChatterBot Hotel reevaluating
ChatterBot Foxtrot reevaluating
ChatterBot X-ray reevaluating
ChatterBot Oscar reevaluating
ChatterBot Mike reevaluating
ChatterBot Hotel reevaluating
ChatterBot Juliett reevaluating
ChatterBot X-ray reevaluating
ChatterBot Oscar reevaluating
ChatterBot Mike reevaluating
ChatterBot Hotel reevaluating
ChatterBot Juliett reevaluating
ChatterBot Foxtrot reevaluating
ChatterBot Oscar reevaluating
ChatterBot Mike reevaluating
ChatterBot Hotel reevaluating
ChatterBot Juliett reevaluating
ChatterBot Foxtrot reevaluating
ChatterBot X-ray reevaluating
ChatterBot Mike reevaluating
ChatterBot Hotel reevaluating
ChatterBot Juliett reevaluating
ChatterBot Foxtrot reevaluating
ChatterBot X-ray reevaluating
ChatterBot Oscar reevaluating
ChatterBot Hotel reevaluating
ChatterBot Juliett reevaluating
ChatterBot Foxtrot reevaluating
ChatterBot X-ray reevaluating
ChatterBot Oscar reevaluating
ChatterBot Mike reevaluating
2024-10-14 13:32:30.481376 Whiskey: Mike and Zulu, sending you 4
2024-10-14 13:32:30.482473 Quebec: Oscar, sending you 2
2024-10-14 13:32:30.482991 Juliett: Oscar, sending you 1
2024-10-14 13:32:30.483561 Yankee: Oscar, sending you 1
2024-10-14 13:32:30.484531 Mike: Oscar and Yankee, sending you 2
2024-10-14 13:32:30.485101 Foxtrot: Mike, Hotel and Quebec, sending you 1
2024-10-14 13:32:30.487330 Whiskey: Juliett, sending you 1
2024-10-14 13:32:30.490789 Quebec: Mike, sending you 1
2024-10-14 13:32:30.491339 Juliett: Mike and Yankee, sending you 2
2024-10-14 13:32:30.492570 X-ray: Mike and Zulu, sending you 2
2024-10-14 13:32:30.492945 Yankee: Mike, Juliett and Zulu, sending you 3
2024-10-14 13:32:30.493294 Oscar: Mike, sending you 2
2024-10-14 13:32:30.493671 Mike: Juliett, sending you 3
2024-10-14 13:32:30.494572 Foxtrot: Juliett and X-ray, sending you 3
2024-10-14 13:32:30.495042 Whiskey: X-ray and Hotel, sending you 2
2024-10-14 13:32:30.495485 Quebec: Juliett, Whiskey and Hotel, sending you 3
2024-10-14 13:32:30.496583 Juliett: Zulu, sending you 3
2024-10-14 13:32:30.497029 Yankee: Hotel, sending you 2
2024-10-14 13:32:30.497407 Hotel: Oscar, sending you 2
2024-10-14 13:32:30.497792 Mike: Zulu and Hotel, sending you 1
2024-10-14 13:32:30.498273 X-ray: Juliett, sending you 1
2024-10-14 13:32:30.499550 Foxtrot: Whiskey, sending you 2
2024-10-14 13:32:30.500210 Oscar: Juliett, Yankee, Zulu and Hotel, sending you 1
2024-10-14 13:32:30.500917 Zulu: Oscar, sending you 4
2024-10-14 13:32:30.502433 Juliett: Hotel, sending you 4
2024-10-14 13:32:30.503055 Hotel: Juliett, sending you 4
2024-10-14 13:32:30.503636 X-ray: Whiskey and Hotel, sending you 3
2024-10-14 13:32:30.506694 Zulu: Mike, sending you 3
2024-10-14 13:32:30.509169 Hotel: Yankee, sending you 1
2024-10-14 13:32:30.511674 Zulu: Juliett, sending you 1
2024-10-14 13:32:30.520339 Hotel: Zulu, sending you 3
2024-10-14 13:32:30.521719 Zulu: Hotel, sending you 2
chatterbot Foxtrot submitting transactions
chatterbot Yankee submitting transactions
chatterbot Zulu submitting transactions
chatterbot X-ray submitting transactions
chatterbot Juliett submitting transactions
chatterbot Whiskey submitting transactions
chatterbot Quebec submitting transactions
chatterbot Mike submitting transactions
chatterbot Hotel submitting transactions
chatterbot Oscar submitting transactions
ChatterBot Oscar round 2
ChatterBot Mike round 2
ChatterBot Juliett round 2
ChatterBot X-ray round 2
ChatterBot Yankee round 2
ChatterBot Whiskey round 2
ChatterBot Foxtrot round 2
2024-10-14 13:32:31.702472 Juliett: We should add Quebec
ChatterBot Yankee reevaluating
ChatterBot Zulu reevaluating
ChatterBot Oscar reevaluating
ChatterBot Hotel reevaluating
ChatterBot Mike reevaluating
2024-10-14 13:32:31.738152 Yankee: No
2024-10-14 13:32:31.738303 Zulu: No
2024-10-14 13:32:31.738432 Oscar: Yes
2024-10-14 13:32:31.738540 Hotel: No
2024-10-14 13:32:31.738666 Mike: No
ChatterBot Zulu reevaluating
ChatterBot Oscar reevaluating
ChatterBot Hotel reevaluating
ChatterBot Mike reevaluating
ChatterBot Yankee reevaluating
ChatterBot Oscar reevaluating
ChatterBot Hotel reevaluating
ChatterBot Mike reevaluating
ChatterBot Yankee reevaluating
ChatterBot Zulu reevaluating
ChatterBot Hotel reevaluating
ChatterBot Mike reevaluating
ChatterBot Yankee reevaluating
ChatterBot Zulu reevaluating
ChatterBot Oscar reevaluating
ChatterBot Mike reevaluating
ChatterBot Yankee reevaluating
ChatterBot Zulu reevaluating
ChatterBot Oscar reevaluating
ChatterBot Hotel reevaluating
2024-10-14 13:32:31.902704 Mike: We should add Whiskey
ChatterBot Yankee reevaluating
ChatterBot Zulu reevaluating
ChatterBot Oscar reevaluating
ChatterBot Juliett reevaluating
ChatterBot Hotel reevaluating
2024-10-14 13:32:31.937423 Yankee: No
2024-10-14 13:32:31.937609 Zulu: No
2024-10-14 13:32:31.937723 Oscar: No
2024-10-14 13:32:31.937817 Juliett: No
2024-10-14 13:32:31.937906 Hotel: No
ChatterBot Zulu reevaluating
ChatterBot Oscar reevaluating
ChatterBot Juliett reevaluating
ChatterBot Hotel reevaluating
ChatterBot Mike reevaluating
ChatterBot Yankee reevaluating
ChatterBot Oscar reevaluating
ChatterBot Juliett reevaluating
ChatterBot Hotel reevaluating
ChatterBot Mike reevaluating
ChatterBot Yankee reevaluating
ChatterBot Zulu reevaluating
ChatterBot Juliett reevaluating
ChatterBot Hotel reevaluating
ChatterBot Mike reevaluating
ChatterBot Yankee reevaluating
ChatterBot Zulu reevaluating
ChatterBot Oscar reevaluating
ChatterBot Hotel reevaluating
ChatterBot Mike reevaluating
ChatterBot Yankee reevaluating
ChatterBot Zulu reevaluating
ChatterBot Oscar reevaluating
ChatterBot Juliett reevaluating
ChatterBot Mike reevaluating
ChatterBot Zulu round 2
ChatterBot Hotel round 2
ChatterBot Quebec round 2
2024-10-14 13:32:32.172963 Whiskey: Friends?
ChatterBot X-ray reevaluating
ChatterBot Foxtrot reevaluating
ChatterBot Quebec reevaluating
2024-10-14 13:32:32.194436 X-ray: Yes
2024-10-14 13:32:32.194680 Foxtrot: Yes
2024-10-14 13:32:32.195321 Quebec: Yes
ChatterBot Foxtrot reevaluating
ChatterBot Quebec reevaluating
ChatterBot X-ray reevaluating
ChatterBot Quebec reevaluating
ChatterBot X-ray reevaluating
ChatterBot Foxtrot reevaluating
2024-10-14 13:32:32.256640 Foxtrot: We would work well together
ChatterBot X-ray reevaluating
ChatterBot Quebec reevaluating
2024-10-14 13:32:32.278944 Whiskey: Yes
2024-10-14 13:32:32.279139 X-ray: Yes
2024-10-14 13:32:32.279280 Quebec: Yes
ChatterBot X-ray reevaluating
ChatterBot Foxtrot reevaluating
ChatterBot Quebec reevaluating
ChatterBot Foxtrot reevaluating
ChatterBot Quebec reevaluating
ChatterBot X-ray reevaluating
ChatterBot Foxtrot reevaluating
2024-10-14 13:32:32.360758 Juliett: We should add Foxtrot
ChatterBot Yankee reevaluating
ChatterBot Zulu reevaluating
ChatterBot Oscar reevaluating
ChatterBot Hotel reevaluating
ChatterBot Mike reevaluating
2024-10-14 13:32:32.383255 Yankee: No
2024-10-14 13:32:32.383459 Zulu: No
2024-10-14 13:32:32.384003 Oscar: No
2024-10-14 13:32:32.384146 Hotel: No
2024-10-14 13:32:32.384265 Mike: No
ChatterBot Zulu reevaluating
ChatterBot Oscar reevaluating
ChatterBot Juliett reevaluating
ChatterBot Hotel reevaluating
ChatterBot Mike reevaluating
ChatterBot Yankee reevaluating
ChatterBot Oscar reevaluating
ChatterBot Juliett reevaluating
ChatterBot Hotel reevaluating
ChatterBot Mike reevaluating
ChatterBot Yankee reevaluating
ChatterBot Zulu reevaluating
ChatterBot Juliett reevaluating
ChatterBot Hotel reevaluating
ChatterBot Mike reevaluating
ChatterBot Yankee reevaluating
ChatterBot Zulu reevaluating
ChatterBot Oscar reevaluating
ChatterBot Juliett reevaluating
ChatterBot Mike reevaluating
ChatterBot Yankee reevaluating
ChatterBot Zulu reevaluating
ChatterBot Oscar reevaluating
ChatterBot Juliett reevaluating
ChatterBot Hotel reevaluating
2024-10-14 13:32:32.561875 Hotel: We should add Quebec
ChatterBot Yankee reevaluating
ChatterBot Zulu reevaluating
ChatterBot Oscar reevaluating
ChatterBot Juliett reevaluating
ChatterBot Mike reevaluating
2024-10-14 13:32:32.583886 Yankee: No
2024-10-14 13:32:32.584009 Zulu: No
2024-10-14 13:32:32.584105 Oscar: Yes
2024-10-14 13:32:32.584196 Juliett: Yes
2024-10-14 13:32:32.584284 Mike: No
ChatterBot Zulu reevaluating
ChatterBot Oscar reevaluating
ChatterBot Juliett reevaluating
ChatterBot Hotel reevaluating
ChatterBot Mike reevaluating
ChatterBot Yankee reevaluating
ChatterBot Oscar reevaluating
ChatterBot Juliett reevaluating
ChatterBot Hotel reevaluating
ChatterBot Mike reevaluating
ChatterBot Yankee reevaluating
ChatterBot Zulu reevaluating
ChatterBot Juliett reevaluating
ChatterBot Hotel reevaluating
ChatterBot Mike reevaluating
ChatterBot Yankee reevaluating
ChatterBot Zulu reevaluating
ChatterBot Oscar reevaluating
ChatterBot Hotel reevaluating
ChatterBot Mike reevaluating
ChatterBot Yankee reevaluating
ChatterBot Zulu reevaluating
ChatterBot Oscar reevaluating
ChatterBot Juliett reevaluating
ChatterBot Hotel reevaluating
2024-10-14 13:32:32.740740 Mike: Whiskey we want you to join our group
2024-10-14 13:32:32.747738 Whiskey: No
2024-10-14 13:32:32.798379 Juliett: Quebec we want you to join our group
2024-10-14 13:32:32.833456 Quebec: No
2024-10-14 13:32:32.873045 Oscar: Quebec we want you to join our group
2024-10-14 13:32:32.879090 Quebec: No
ChatterBot Hotel reevaluating
2024-10-14 13:32:32.908171 Hotel: We should add X-ray
2024-10-14 13:32:32.929320 Yankee: Yes
2024-10-14 13:32:32.929944 Zulu: Yes
2024-10-14 13:32:32.930080 Oscar: Yes
2024-10-14 13:32:32.930203 Juliett: Yes
2024-10-14 13:32:32.930316 Mike: Yes
ChatterBot Hotel reevaluating
ChatterBot Mike reevaluating
ChatterBot Hotel reevaluating
ChatterBot Mike reevaluating
ChatterBot Hotel reevaluating
ChatterBot Mike reevaluating
ChatterBot Hotel reevaluating
ChatterBot Mike reevaluating
ChatterBot Hotel reevaluating
2024-10-14 13:32:33.618884 Foxtrot: X-ray and Whiskey, sending you 4
2024-10-14 13:32:33.620573 Hotel: X-ray we want you to join our group
2024-10-14 13:32:33.627852 X-ray: No
ChatterBot Mike reevaluating
2024-10-14 13:32:33.665344 Whiskey: Sending you each 4
2024-10-14 13:32:33.665845 Yankee: Oscar, Mike, Juliett and Hotel, sending you 3
2024-10-14 13:32:33.667047 X-ray: Whiskey, sending you 4
chatterbot Yankee submitting transactions
chatterbot X-ray submitting transactions
chatterbot Foxtrot submitting transactions
chatterbot Quebec submitting transactions
chatterbot Whiskey submitting transactions
chatterbot Zulu submitting transactions
2024-10-14 13:32:33.668667 Foxtrot: Quebec, sending you 3
2024-10-14 13:32:33.880305 X-ray: Foxtrot, sending you 6
2024-10-14 13:32:33.881091 Zulu: Oscar, sending you 2
2024-10-14 13:32:33.881624 Oscar: Mike, Juliett, Zulu, Hotel and Quebec, sending you 2
2024-10-14 13:32:33.882010 Juliett: Oscar and Zulu, sending you 1
2024-10-14 13:32:33.882903 Quebec: Sending you each 4
2024-10-14 13:32:34.016241 Oscar: Yankee, sending you 1
2024-10-14 13:32:34.017537 X-ray: Quebec, sending you 1
2024-10-14 13:32:34.018632 Zulu: Juliett, Yankee and Hotel, sending you 3
2024-10-14 13:32:34.019085 Hotel: Oscar and Mike, sending you 1
2024-10-14 13:32:34.019353 Juliett: Mike, Yankee and Quebec, sending you 2
chatterbot Oscar submitting transactions
chatterbot Hotel submitting transactions
chatterbot Juliett submitting transactions
2024-10-14 13:32:34.063860 Hotel: Juliett, X-ray, Yankee and Zulu, sending you 2
2024-10-14 13:32:34.064256 Juliett: Hotel, sending you 4
2024-10-14 13:32:34.064525 Mike: Oscar, Juliett, Yankee and Zulu, sending you 2
2024-10-14 13:32:34.076186 Mike: Hotel, sending you 1
chatterbot Mike submitting transactions
ChatterBot Oscar round 3
ChatterBot Mike round 3
ChatterBot Juliett round 3
ChatterBot X-ray round 3
ChatterBot Yankee round 3
ChatterBot Whiskey round 3
ChatterBot Foxtrot round 3
ChatterBot Zulu round 3
ChatterBot Hotel round 3
2024-10-14 13:32:34.714592 Foxtrot: We should add Oscar
2024-10-14 13:32:34.728001 Whiskey: No
2024-10-14 13:32:34.728230 X-ray: No
2024-10-14 13:32:34.728375 Quebec: No
ChatterBot Foxtrot reevaluating
ChatterBot Foxtrot reevaluating
ChatterBot Foxtrot reevaluating
ChatterBot Quebec round 3
2024-10-14 13:32:34.786934 Oscar: We should drop Quebec
2024-10-14 13:32:34.804401 Yankee: Yes
2024-10-14 13:32:34.804647 Zulu: Yes
2024-10-14 13:32:34.804835 Juliett: Yes
2024-10-14 13:32:34.804979 Hotel: Yes
2024-10-14 13:32:34.805546 Mike: Yes
2024-10-14 13:32:34.908993 Foxtrot: We should add Zulu
ChatterBot Quebec reevaluating
2024-10-14 13:32:34.918489 Whiskey: No
2024-10-14 13:32:34.918631 X-ray: No
2024-10-14 13:32:34.918752 Quebec: No
ChatterBot Foxtrot reevaluating
ChatterBot Quebec reevaluating
ChatterBot Foxtrot reevaluating
ChatterBot Quebec reevaluating
ChatterBot Foxtrot reevaluating
2024-10-14 13:32:34.987432 Quebec: We should add Mike
ChatterBot Foxtrot reevaluating
2024-10-14 13:32:34.997649 Whiskey: No
2024-10-14 13:32:34.997930 X-ray: No
2024-10-14 13:32:34.998074 Foxtrot: No
ChatterBot Foxtrot reevaluating
ChatterBot Quebec reevaluating
ChatterBot Foxtrot reevaluating
ChatterBot Quebec reevaluating
ChatterBot Quebec reevaluating
2024-10-14 13:32:35.027927 Quebec: We should add Juliett
ChatterBot Foxtrot reevaluating
2024-10-14 13:32:35.039813 Whiskey: No
2024-10-14 13:32:35.040010 X-ray: No
2024-10-14 13:32:35.040317 Foxtrot: No
ChatterBot Foxtrot reevaluating
ChatterBot Quebec reevaluating
ChatterBot Foxtrot reevaluating
ChatterBot Quebec reevaluating
ChatterBot Quebec reevaluating
2024-10-14 13:32:35.070879 Mike: Oscar, Juliett, Yankee and Zulu, sending you 2
2024-10-14 13:32:35.071372 Yankee: Oscar, sending you 2
2024-10-14 13:32:35.150792 Mike: Hotel, sending you 1
2024-10-14 13:32:35.151829 Hotel: Oscar, Mike and X-ray, sending you 1
2024-10-14 13:32:35.152131 Zulu: Oscar, Mike, Juliett and Yankee, sending you 2
chatterbot Juliett submitting transactions
2024-10-14 13:32:35.153063 Yankee: Mike, Juliett, Zulu and Hotel, sending you 3
2024-10-14 13:32:35.153430 X-ray: Whiskey and Foxtrot, sending you 4
2024-10-14 13:32:35.153744 Whiskey: X-ray, sending you 5
2024-10-14 13:32:35.154016 Oscar: Mike, Juliett, Yankee and Hotel, sending you 2
2024-10-14 13:32:35.189429 Hotel: Juliett, sending you 3
2024-10-14 13:32:35.189981 Zulu: Hotel, sending you 3
2024-10-14 13:32:35.191268 X-ray: Quebec, sending you 3
2024-10-14 13:32:35.191598 Whiskey: Foxtrot and Quebec, sending you 4
2024-10-14 13:32:35.191874 Juliett: Oscar, Mike and Zulu, sending you 2
2024-10-14 13:32:35.192924 Oscar: Zulu, sending you 3
2024-10-14 13:32:35.193511 Hotel: Yankee and Zulu, sending you 2
2024-10-14 13:32:35.227583 Juliett: Yankee and Hotel, sending you 3
2024-10-14 13:32:35.228069 Foxtrot: X-ray and Whiskey, sending you 4
2024-10-14 13:32:35.260843 Foxtrot: Quebec, sending you 3
chatterbot Oscar submitting transactions
chatterbot Quebec submitting transactions
chatterbot X-ray submitting transactions
chatterbot Zulu submitting transactions
chatterbot Mike submitting transactions
chatterbot Yankee submitting transactions
chatterbot Whiskey submitting transactions
chatterbot Hotel submitting transactions
chatterbot Foxtrot submitting transactions
ChatterBot Oscar round 4
ChatterBot Mike round 4
ChatterBot Juliett round 4
ChatterBot X-ray round 4
ChatterBot Yankee round 4
ChatterBot Whiskey round 4
ChatterBot Foxtrot round 4
ChatterBot Zulu round 4
ChatterBot Hotel round 4
ChatterBot Quebec round 4
2024-10-14 13:32:35.773315 Foxtrot: We should add Yankee
ChatterBot Quebec reevaluating
2024-10-14 13:32:35.779998 Whiskey: No
2024-10-14 13:32:35.780174 X-ray: No
2024-10-14 13:32:35.780344 Quebec: Yes
ChatterBot Foxtrot reevaluating
ChatterBot Quebec reevaluating
ChatterBot Foxtrot reevaluating
ChatterBot Quebec reevaluating
ChatterBot Foxtrot reevaluating
2024-10-14 13:32:35.821996 Quebec: We should add Oscar
ChatterBot Foxtrot reevaluating
2024-10-14 13:32:35.828395 Whiskey: No
2024-10-14 13:32:35.828517 X-ray: No
2024-10-14 13:32:35.828610 Foxtrot: No
ChatterBot Foxtrot reevaluating
ChatterBot Quebec reevaluating
ChatterBot Foxtrot reevaluating
ChatterBot Quebec reevaluating
ChatterBot Quebec reevaluating
2024-10-14 13:32:35.850105 Quebec: We should add Hotel
ChatterBot Foxtrot reevaluating
2024-10-14 13:32:35.856804 Whiskey: No
2024-10-14 13:32:35.856939 X-ray: No
2024-10-14 13:32:35.857051 Foxtrot: No
ChatterBot Foxtrot reevaluating
ChatterBot Quebec reevaluating
ChatterBot Foxtrot reevaluating
ChatterBot Quebec reevaluating
ChatterBot Quebec reevaluating
2024-10-14 13:32:35.877517 Juliett: Oscar, Mike and Zulu, sending you 2
2024-10-14 13:32:35.878365 Mike: Oscar, Juliett, Yankee and Zulu, sending you 2
2024-10-14 13:32:35.878786 Oscar: Mike, Juliett, Yankee and Hotel, sending you 2
2024-10-14 13:32:35.879186 Whiskey: X-ray, sending you 5
2024-10-14 13:32:35.879994 Yankee: Oscar, sending you 2
2024-10-14 13:32:35.880723 Juliett: Yankee and Hotel, sending you 3
2024-10-14 13:32:35.881829 Mike: Hotel, sending you 1
2024-10-14 13:32:35.882295 Whiskey: Foxtrot and Quebec, sending you 4
2024-10-14 13:32:35.882590 Zulu: Oscar, Mike, Juliett and Yankee, sending you 2
2024-10-14 13:32:35.883102 Hotel: Oscar, Juliett, Yankee and Zulu, sending you 2
2024-10-14 13:32:35.883916 Oscar: Zulu, sending you 3
2024-10-14 13:32:35.884378 X-ray: Whiskey and Foxtrot, sending you 4
2024-10-14 13:32:35.884734 Yankee: Mike, Juliett, Zulu and Hotel, sending you 3
2024-10-14 13:32:35.887979 Zulu: Hotel, sending you 3
2024-10-14 13:32:35.888609 Hotel: Mike and X-ray, sending you 1
2024-10-14 13:32:35.889040 X-ray: Quebec, sending you 3
2024-10-14 13:32:35.901685 Foxtrot: X-ray and Whiskey, sending you 4
2024-10-14 13:32:35.906675 Foxtrot: Quebec, sending you 3
2024-10-14 13:32:35.907166 Quebec: Sending you each 4
chatterbot Mike submitting transactions
chatterbot Hotel submitting transactions
chatterbot Yankee submitting transactions
chatterbot Whiskey submitting transactions
chatterbot Zulu submitting transactions
chatterbot Foxtrot submitting transactions
chatterbot Juliett submitting transactions
chatterbot Oscar submitting transactions
chatterbot X-ray submitting transactions
chatterbot Quebec submitting transactions
ChatterBot Oscar round 5
ChatterBot Mike round 5
ChatterBot Juliett round 5
ChatterBot X-ray round 5
ChatterBot Yankee round 5
ChatterBot Whiskey round 5
ChatterBot Foxtrot round 5
ChatterBot Zulu round 5
ChatterBot Hotel round 5
ChatterBot Quebec round 5
2024-10-14 13:32:37.159661 Mike: Oscar, Juliett, Yankee and Zulu, sending you 2
2024-10-14 13:32:37.160636 Oscar: Mike, Juliett, Yankee and Hotel, sending you 2
2024-10-14 13:32:37.161504 Yankee: Oscar, sending you 2
2024-10-14 13:32:37.162039 X-ray: Whiskey and Foxtrot, sending you 4
2024-10-14 13:32:37.162736 Juliett: Oscar, Mike and Zulu, sending you 2
2024-10-14 13:32:37.163699 Mike: Hotel, sending you 1
2024-10-14 13:32:37.164903 Yankee: Mike, Juliett, Zulu and Hotel, sending you 3
2024-10-14 13:32:37.165717 Oscar: Zulu, sending you 3
2024-10-14 13:32:37.167012 Juliett: Yankee and Hotel, sending you 3
2024-10-14 13:32:37.167764 Whiskey: X-ray, sending you 5
2024-10-14 13:32:37.168240 X-ray: Quebec, sending you 3
2024-10-14 13:32:37.171655 Whiskey: Foxtrot and Quebec, sending you 4
2024-10-14 13:32:37.175668 Quebec: Same as last round
2024-10-14 13:32:37.176699 Hotel: Oscar, Juliett, Yankee and Zulu, sending you 2
2024-10-14 13:32:37.178718 Foxtrot: X-ray and Whiskey, sending you 4
2024-10-14 13:32:37.181712 Hotel: Mike and X-ray, sending you 1
2024-10-14 13:32:37.182265 Foxtrot: Quebec, sending you 3
2024-10-14 13:32:37.183678 Zulu: Oscar, sending you 3
2024-10-14 13:32:37.187670 Zulu: Mike, Juliett, Yankee and Hotel, sending you 2
chatterbot Zulu submitting transactions
chatterbot X-ray submitting transactions
chatterbot Foxtrot submitting transactions
chatterbot Oscar submitting transactions
chatterbot Juliett submitting transactions
chatterbot Quebec submitting transactions
chatterbot Mike submitting transactions
chatterbot Yankee submitting transactions
chatterbot Hotel submitting transactions
chatterbot Whiskey submitting transactions
ChatterBot Oscar round 6
ChatterBot Mike round 6
ChatterBot Juliett round 6
ChatterBot X-ray round 6
ChatterBot Yankee round 6
ChatterBot Whiskey round 6
ChatterBot Foxtrot round 6
ChatterBot Zulu round 6
ChatterBot Hotel round 6
ChatterBot Quebec round 6
2024-10-14 13:32:38.434688 Oscar: Mike, Juliett, Yankee and Hotel, sending you 2
2024-10-14 13:32:38.438322 Foxtrot: X-ray and Whiskey, sending you 4
2024-10-14 13:32:38.438964 Zulu: Oscar, sending you 3
2024-10-14 13:32:38.440606 Mike: Oscar, Juliett, Yankee and Zulu, sending you 2
2024-10-14 13:32:38.441912 Quebec: Same as last round
2024-10-14 13:32:38.442980 Oscar: Zulu, sending you 3
2024-10-14 13:32:38.444456 Yankee: Oscar, sending you 2
2024-10-14 13:32:38.445392 Foxtrot: Quebec, sending you 3
2024-10-14 13:32:38.446024 Zulu: Mike, Juliett, Yankee and Hotel, sending you 2
2024-10-14 13:32:38.447311 Juliett: Oscar, Mike and Zulu, sending you 2
2024-10-14 13:32:38.448295 Mike: Hotel, sending you 1
2024-10-14 13:32:38.449735 Whiskey: X-ray and Foxtrot, sending you 5
2024-10-14 13:32:38.450287 Yankee: Mike, Juliett, Zulu and Hotel, sending you 3
2024-10-14 13:32:38.452065 Hotel: Oscar, Juliett, Yankee and Zulu, sending you 2
2024-10-14 13:32:38.452755 Juliett: Yankee and Hotel, sending you 3
2024-10-14 13:32:38.453839 Whiskey: Quebec, sending you 4
2024-10-14 13:32:38.454992 X-ray: Whiskey and Foxtrot, sending you 4
2024-10-14 13:32:38.455709 Hotel: Mike and X-ray, sending you 1
2024-10-14 13:32:38.459110 X-ray: Quebec, sending you 3
chatterbot Mike submitting transactions
chatterbot Hotel submitting transactions
chatterbot Yankee submitting transactions
chatterbot Zulu submitting transactions
chatterbot Oscar submitting transactions
chatterbot X-ray submitting transactions
chatterbot Quebec submitting transactions
chatterbot Whiskey submitting transactions
chatterbot Foxtrot submitting transactions
chatterbot Juliett submitting transactions
ChatterBot Oscar round 7
ChatterBot Mike round 7
ChatterBot Juliett round 7
ChatterBot X-ray round 7
ChatterBot Yankee round 7
ChatterBot Whiskey round 7
ChatterBot Foxtrot round 7
ChatterBot Zulu round 7
ChatterBot Hotel round 7
ChatterBot Quebec round 7
2024-10-14 13:32:39.679331 Foxtrot: We should add Yankee
2024-10-14 13:32:39.689399 Whiskey: No
2024-10-14 13:32:39.689640 X-ray: No
2024-10-14 13:32:39.689860 Quebec: No
ChatterBot Foxtrot reevaluating
ChatterBot Quebec reevaluating
ChatterBot Foxtrot reevaluating
ChatterBot Quebec reevaluating
ChatterBot Foxtrot reevaluating
2024-10-14 13:32:39.729724 Mike: Oscar, Juliett, Yankee and Zulu, sending you 2
2024-10-14 13:32:39.734997 Mike: Hotel, sending you 1
2024-10-14 13:32:39.739926 Yankee: Oscar, sending you 2
2024-10-14 13:32:39.740723 Oscar: Mike, Juliett, Yankee and Hotel, sending you 2
2024-10-14 13:32:39.741380 Juliett: Oscar, Mike and Zulu, sending you 2
2024-10-14 13:32:39.743690 Hotel: Oscar, Juliett, Yankee and Zulu, sending you 2
2024-10-14 13:32:39.744699 Oscar: Zulu, sending you 3
2024-10-14 13:32:39.745669 Yankee: Mike, Juliett, Zulu and Hotel, sending you 3
2024-10-14 13:32:39.746219 Juliett: Yankee and Hotel, sending you 3
2024-10-14 13:32:39.746806 Hotel: Mike and X-ray, sending you 1
2024-10-14 13:32:39.747684 X-ray: Whiskey and Foxtrot, sending you 4
2024-10-14 13:32:39.748694 Zulu: Oscar, sending you 3
2024-10-14 13:32:39.750070 Quebec: Same as last round
2024-10-14 13:32:39.750704 Foxtrot: X-ray and Whiskey, sending you 4
2024-10-14 13:32:39.751665 X-ray: Quebec, sending you 3
2024-10-14 13:32:39.754684 Zulu: Mike, Juliett, Yankee and Hotel, sending you 2
2024-10-14 13:32:39.755666 Foxtrot: Quebec, sending you 3
chatterbot Yankee submitting transactions
chatterbot X-ray submitting transactions
chatterbot Hotel submitting transactions
chatterbot Juliett submitting transactions
chatterbot Whiskey submitting transactions
chatterbot Quebec submitting transactions
chatterbot Oscar submitting transactions
chatterbot Zulu submitting transactions
chatterbot Mike submitting transactions
chatterbot Foxtrot submitting transactions
ChatterBot Oscar round 8
ChatterBot Mike round 8
ChatterBot Juliett round 8
ChatterBot X-ray round 8
ChatterBot Yankee round 8
ChatterBot Whiskey round 8
2024-10-14 13:32:40.988420 Juliett: We should add X-ray
ChatterBot Mike reevaluating
2024-10-14 13:32:41.001467 Yankee: Yes
2024-10-14 13:32:41.001649 Zulu: Yes
2024-10-14 13:32:41.001847 Oscar: Yes
2024-10-14 13:32:41.001984 Hotel: Yes
2024-10-14 13:32:41.002118 Mike: Yes
ChatterBot Juliett reevaluating
ChatterBot Mike reevaluating
ChatterBot Juliett reevaluating
ChatterBot Mike reevaluating
ChatterBot Juliett reevaluating
ChatterBot Mike reevaluating
ChatterBot Oscar reevaluating
ChatterBot Juliett reevaluating
ChatterBot Mike reevaluating
ChatterBot Oscar reevaluating
ChatterBot Juliett reevaluating
ChatterBot Foxtrot round 8
ChatterBot Zulu round 8
ChatterBot Hotel round 8
ChatterBot Quebec round 8
2024-10-14 13:32:41.085216 Zulu: We should add X-ray
ChatterBot Oscar reevaluating
ChatterBot Juliett reevaluating
2024-10-14 13:32:41.096715 Yankee: Yes
2024-10-14 13:32:41.096884 Oscar: Yes
2024-10-14 13:32:41.097005 Juliett: Yes
2024-10-14 13:32:41.097121 Hotel: Yes
2024-10-14 13:32:41.097229 Mike: Yes
ChatterBot Oscar reevaluating
ChatterBot Juliett reevaluating
ChatterBot Juliett reevaluating
ChatterBot Oscar reevaluating
ChatterBot Oscar reevaluating
ChatterBot Juliett reevaluating
ChatterBot Oscar reevaluating
ChatterBot Juliett reevaluating
2024-10-14 13:32:41.159409 Quebec: We should add Yankee
2024-10-14 13:32:41.166008 Whiskey: No
2024-10-14 13:32:41.166184 X-ray: No
2024-10-14 13:32:41.166325 Foxtrot: No
ChatterBot Quebec reevaluating
ChatterBot Quebec reevaluating
2024-10-14 13:32:41.185039 Mike: X-ray we want you to join our group
2024-10-14 13:32:41.187304 X-ray: No
ChatterBot Oscar reevaluating
ChatterBot Juliett reevaluating
2024-10-14 13:32:41.199687 Zulu: X-ray we want you to join our group
2024-10-14 13:32:41.202028 X-ray: No
ChatterBot Oscar reevaluating
ChatterBot Juliett reevaluating
2024-10-14 13:32:41.214083 Quebec: We should add Zulu
2024-10-14 13:32:41.220298 Whiskey: No
2024-10-14 13:32:41.220434 X-ray: No
2024-10-14 13:32:41.220531 Foxtrot: No
ChatterBot Quebec reevaluating
ChatterBot Quebec reevaluating
ChatterBot Quebec reevaluating
2024-10-14 13:32:41.238455 Juliett: X-ray we want you to join our group
2024-10-14 13:32:41.240931 X-ray: No
2024-10-14 13:32:41.253666 Oscar: X-ray we want you to join our group
2024-10-14 13:32:41.257037 X-ray: No
ChatterBot Oscar reevaluating
2024-10-14 13:32:41.293812 Hotel: I was attacked by Whiskey
ChatterBot Oscar reevaluating
ChatterBot Mike reevaluating
ChatterBot Juliett reevaluating
ChatterBot Yankee reevaluating
ChatterBot Zulu reevaluating
ChatterBot X-ray reevaluating
2024-10-14 13:32:41.335453 Hotel: I'm keeping this round to protect myself
2024-10-14 13:32:41.337423 Hotel: Ow
2024-10-14 13:32:41.338239 Whiskey: X-ray, sending you 5
2024-10-14 13:32:41.339666 Foxtrot: X-ray and Quebec, sending you 4
2024-10-14 13:32:41.343693 Whiskey: Foxtrot and Quebec, sending you 4
2024-10-14 13:32:41.344657 Foxtrot: Whiskey, sending you 3
2024-10-14 13:32:41.364679 Oscar: Mike, Juliett, Yankee, Zulu and Hotel, sending you 2
2024-10-14 13:32:41.365999 Zulu: Oscar, Mike, Juliett, Yankee and Hotel, sending you 2
2024-10-14 13:32:41.366857 Mike: Oscar, Juliett, Yankee and Zulu, sending you 2
2024-10-14 13:32:41.367642 Juliett: Oscar, Mike, Zulu and Hotel, sending you 2
2024-10-14 13:32:41.369715 Oscar: X-ray, sending you 1
2024-10-14 13:32:41.371103 Zulu: X-ray, sending you 1
2024-10-14 13:32:41.372595 Mike: Hotel, sending you 1
2024-10-14 13:32:41.373726 Juliett: X-ray, sending you 1
2024-10-14 13:32:41.378055 Juliett: Yankee, sending you 3
chatterbot Whiskey submitting transactions
chatterbot Mike submitting transactions
chatterbot Quebec submitting transactions
chatterbot X-ray submitting transactions
chatterbot Zulu submitting transactions
chatterbot Juliett submitting transactions
chatterbot Hotel submitting transactions
chatterbot Yankee submitting transactions
chatterbot Foxtrot submitting transactions
chatterbot Oscar submitting transactions
ChatterBot Oscar round 9
ChatterBot Mike round 9
ChatterBot Juliett round 9
ChatterBot X-ray round 9
ChatterBot Yankee round 9
ChatterBot Whiskey round 9
ChatterBot Foxtrot round 9
ChatterBot Zulu round 9
ChatterBot Hotel round 9
ChatterBot Quebec round 9
2024-10-14 13:32:42.572513 Quebec: We should add Juliett
ChatterBot X-ray reevaluating
ChatterBot Foxtrot reevaluating
2024-10-14 13:32:42.581625 Whiskey: No
2024-10-14 13:32:42.581777 X-ray: No
2024-10-14 13:32:42.581917 Foxtrot: No
ChatterBot X-ray reevaluating
ChatterBot Foxtrot reevaluating
ChatterBot Quebec reevaluating
ChatterBot Foxtrot reevaluating
ChatterBot Quebec reevaluating
ChatterBot X-ray reevaluating
ChatterBot Quebec reevaluating
2024-10-14 13:32:42.611007 Oscar: We should drop X-ray
ChatterBot Yankee reevaluating
2024-10-14 13:32:42.622744 Yankee: Yes
2024-10-14 13:32:42.622919 Zulu: Yes
2024-10-14 13:32:42.623044 Juliett: Yes
2024-10-14 13:32:42.623181 Hotel: Yes
2024-10-14 13:32:42.623301 Mike: Yes
ChatterBot Zulu reevaluating
ChatterBot Yankee reevaluating
ChatterBot Juliett reevaluating
ChatterBot Yankee reevaluating
ChatterBot Zulu reevaluating
ChatterBot Hotel reevaluating
ChatterBot Yankee reevaluating
ChatterBot Zulu reevaluating
ChatterBot Juliett reevaluating
ChatterBot Mike reevaluating
ChatterBot Yankee reevaluating
ChatterBot Zulu reevaluating
ChatterBot Juliett reevaluating
ChatterBot Hotel reevaluating
2024-10-14 13:32:42.683431 Mike: We should replace X-ray with Foxtrot
ChatterBot Yankee reevaluating
ChatterBot Zulu reevaluating
ChatterBot Juliett reevaluating
ChatterBot Hotel reevaluating
2024-10-14 13:32:42.695184 Yankee: No
2024-10-14 13:32:42.695316 Zulu: No
2024-10-14 13:32:42.695427 Oscar: No
2024-10-14 13:32:42.695530 Juliett: No
2024-10-14 13:32:42.695647 Hotel: Yes
ChatterBot Zulu reevaluating
ChatterBot Juliett reevaluating
ChatterBot Hotel reevaluating
ChatterBot Mike reevaluating
ChatterBot Yankee reevaluating
ChatterBot Juliett reevaluating
ChatterBot Hotel reevaluating
ChatterBot Mike reevaluating
ChatterBot Yankee reevaluating
ChatterBot Zulu reevaluating
ChatterBot Juliett reevaluating
ChatterBot Hotel reevaluating
ChatterBot Mike reevaluating
ChatterBot Yankee reevaluating
ChatterBot Zulu reevaluating
ChatterBot Hotel reevaluating
ChatterBot Mike reevaluating
ChatterBot Yankee reevaluating
ChatterBot Zulu reevaluating
ChatterBot Juliett reevaluating
ChatterBot Mike reevaluating
2024-10-14 13:32:42.754286 Quebec: We should add Oscar
ChatterBot X-ray reevaluating
ChatterBot Foxtrot reevaluating
2024-10-14 13:32:42.761481 Whiskey: No
2024-10-14 13:32:42.761650 X-ray: No
2024-10-14 13:32:42.761773 Foxtrot: No
ChatterBot X-ray reevaluating
ChatterBot Foxtrot reevaluating
ChatterBot Quebec reevaluating
ChatterBot Foxtrot reevaluating
ChatterBot Quebec reevaluating
ChatterBot X-ray reevaluating
ChatterBot Quebec reevaluating
2024-10-14 13:32:42.795875 Hotel: Foxtrot we want you to join our group
2024-10-14 13:32:42.798951 Foxtrot: No
ChatterBot Hotel reevaluating
ChatterBot Mike reevaluating
ChatterBot Yankee reevaluating
2024-10-14 13:32:42.843687 Oscar: Mike, Juliett, Yankee and Hotel, sending you 2
2024-10-14 13:32:42.847148 Foxtrot: X-ray and Whiskey, sending you 4
2024-10-14 13:32:42.848678 Mike: Foxtrot we want you to join our group
2024-10-14 13:32:42.862776 Foxtrot: No
ChatterBot Mike reevaluating
ChatterBot Yankee reevaluating
2024-10-14 13:32:42.902608 Oscar: Zulu, sending you 3
2024-10-14 13:32:42.904817 Foxtrot: Quebec, sending you 3
2024-10-14 13:32:42.905603 Zulu: Oscar, sending you 3
2024-10-14 13:32:42.913686 Juliett: Oscar, Mike, Zulu and Hotel, sending you 2
2024-10-14 13:32:42.919955 Zulu: Mike, Juliett, Yankee and Hotel, sending you 2
2024-10-14 13:32:42.922935 Juliett: Yankee, sending you 4
2024-10-14 13:32:42.927204 Hotel: Oscar, Juliett, Yankee and Zulu, sending you 2
2024-10-14 13:32:42.931705 Mike: Oscar, Juliett, Foxtrot, Zulu and Hotel, sending you 1
2024-10-14 13:32:42.933345 Hotel: Mike and Foxtrot, sending you 1
2024-10-14 13:32:42.937084 Mike: Yankee, sending you 2
chatterbot Juliett submitting transactions
chatterbot Quebec submitting transactions
chatterbot Foxtrot submitting transactions
chatterbot Whiskey submitting transactions
chatterbot X-ray submitting transactions
chatterbot Zulu submitting transactions
chatterbot Oscar submitting transactions
chatterbot Hotel submitting transactions
chatterbot Yankee submitting transactions
chatterbot Mike submitting transactions
ChatterBot Oscar round 10
ChatterBot Mike round 10
ChatterBot Juliett round 10
ChatterBot X-ray round 10
ChatterBot Yankee round 10
ChatterBot Whiskey round 10
ChatterBot Foxtrot round 10
ChatterBot Zulu round 10
ChatterBot Hotel round 10
2024-10-14 13:32:44.145093 Mike: We should replace Foxtrot with Quebec
ChatterBot Yankee reevaluating
ChatterBot Zulu reevaluating
ChatterBot Juliett reevaluating
ChatterBot Hotel reevaluating
2024-10-14 13:32:44.166026 Yankee: No
2024-10-14 13:32:44.166373 Zulu: No
2024-10-14 13:32:44.167391 Oscar: No
2024-10-14 13:32:44.167654 Juliett: No
2024-10-14 13:32:44.167868 Hotel: No
ChatterBot Zulu reevaluating
ChatterBot Juliett reevaluating
ChatterBot Hotel reevaluating
ChatterBot Mike reevaluating
ChatterBot Yankee reevaluating
ChatterBot Juliett reevaluating
ChatterBot Hotel reevaluating
ChatterBot Mike reevaluating
ChatterBot Yankee reevaluating
ChatterBot Zulu reevaluating
ChatterBot Juliett reevaluating
ChatterBot Hotel reevaluating
ChatterBot Mike reevaluating
ChatterBot Yankee reevaluating
ChatterBot Zulu reevaluating
ChatterBot Hotel reevaluating
ChatterBot Mike reevaluating
ChatterBot Yankee reevaluating
ChatterBot Zulu reevaluating
ChatterBot Juliett reevaluating
ChatterBot Mike reevaluating
ChatterBot Quebec round 10
2024-10-14 13:32:44.283971 Foxtrot: We should add Mike
ChatterBot Quebec reevaluating
2024-10-14 13:32:44.295720 Whiskey: No
2024-10-14 13:32:44.295920 X-ray: No
2024-10-14 13:32:44.296083 Quebec: Yes
ChatterBot Foxtrot reevaluating
ChatterBot Quebec reevaluating
ChatterBot Foxtrot reevaluating
ChatterBot Quebec reevaluating
ChatterBot Foxtrot reevaluating
2024-10-14 13:32:44.353065 Foxtrot: We should add Yankee
ChatterBot Quebec reevaluating
2024-10-14 13:32:44.362999 Whiskey: No
2024-10-14 13:32:44.363161 X-ray: No
2024-10-14 13:32:44.363278 Quebec: Yes
ChatterBot Foxtrot reevaluating
ChatterBot Quebec reevaluating
ChatterBot Foxtrot reevaluating
ChatterBot Quebec reevaluating
ChatterBot Foxtrot reevaluating
2024-10-14 13:32:44.390959 Mike: Quebec we want you to join our group
2024-10-14 13:32:44.395380 Quebec: No
ChatterBot Mike reevaluating
ChatterBot Hotel reevaluating
2024-10-14 13:32:44.413807 Mike: We should replace Foxtrot with X-ray
ChatterBot Hotel reevaluating
2024-10-14 13:32:44.427637 Yankee: No
2024-10-14 13:32:44.427790 Zulu: No
2024-10-14 13:32:44.427906 Oscar: No
2024-10-14 13:32:44.428019 Juliett: No
2024-10-14 13:32:44.428125 Hotel: No
ChatterBot Hotel reevaluating
ChatterBot Mike reevaluating
ChatterBot Hotel reevaluating
ChatterBot Mike reevaluating
ChatterBot Hotel reevaluating
ChatterBot Mike reevaluating
ChatterBot Oscar reevaluating
ChatterBot Hotel reevaluating
ChatterBot Mike reevaluating
ChatterBot Oscar reevaluating
ChatterBot Mike reevaluating
2024-10-14 13:32:44.628881 Zulu: Oscar, sending you 3
2024-10-14 13:32:44.631569 Quebec: Yankee we want you to join our group
2024-10-14 13:32:44.640994 Yankee: No
ChatterBot Foxtrot reevaluating
2024-10-14 13:32:44.666096 Foxtrot: We should add Hotel
2024-10-14 13:32:44.681583 Whiskey: No
2024-10-14 13:32:44.681799 X-ray: No
2024-10-14 13:32:44.681971 Quebec: No
ChatterBot Foxtrot reevaluating
ChatterBot Foxtrot reevaluating
ChatterBot Foxtrot reevaluating
2024-10-14 13:32:44.731266 Hotel: Quebec we want you to join our group
ChatterBot Quebec reevaluating
2024-10-14 13:32:44.738884 Quebec: No
ChatterBot Oscar reevaluating
ChatterBot Mike reevaluating
ChatterBot Hotel reevaluating
2024-10-14 13:32:44.773012 Zulu: Mike, Juliett, Yankee and Hotel, sending you 2
2024-10-14 13:32:44.775791 Juliett: Oscar, Mike, Zulu and Hotel, sending you 2
2024-10-14 13:32:44.783954 Whiskey: X-ray, sending you 4
chatterbot Whiskey submitting transactions
2024-10-14 13:32:44.784698 Quebec: Mike we want you to join our group
ChatterBot Mike reevaluating
2024-10-14 13:32:44.790744 Mike: No
ChatterBot Quebec reevaluating
ChatterBot Foxtrot reevaluating
2024-10-14 13:32:44.805475 Juliett: Yankee, sending you 4
2024-10-14 13:32:44.806882 Hotel: X-ray we want you to join our group
2024-10-14 13:32:44.809692 X-ray: No
ChatterBot Oscar reevaluating
ChatterBot Mike reevaluating
