ChatterBot Charlie round 1
ChatterBot Kilo round 1
ChatterBot Zulu round 1
ChatterBot Lima round 1
ChatterBot November round 1
ChatterBot India round 1
ChatterBot Victor round 1
ChatterBot Golf round 1
ChatterBot Uniform round 1
ChatterBot Echo round 1
randomSelections Kilo: {Kilo, Zulu} 
2024-10-14 13:32:30.837601 Kilo: Group up?
ChatterBot Zulu reevaluating
2024-10-14 13:32:30.842042 Zulu: Yes
randomSelections Victor: {Victor, Zulu, Charlie, Echo, November, Lima, Kilo} 
2024-10-14 13:32:30.845743 Victor: We should group up
ChatterBot Zulu reevaluating
ChatterBot Charlie reevaluating
ChatterBot Echo reevaluating
ChatterBot November reevaluating
ChatterBot Lima reevaluating
2024-10-14 13:32:30.856943 Zulu: No
2024-10-14 13:32:30.857052 Charlie: Yes
2024-10-14 13:32:30.857167 Echo: Yes
2024-10-14 13:32:30.857276 November: Yes
2024-10-14 13:32:30.857786 Lima: Yes
2024-10-14 13:32:30.857908 Kilo: No
ChatterBot Charlie reevaluating
ChatterBot Echo reevaluating
ChatterBot November reevaluating
ChatterBot Lima reevaluating
ChatterBot Zulu reevaluating
ChatterBot Echo reevaluating
ChatterBot November reevaluating
ChatterBot Lima reevaluating
ChatterBot Zulu reevaluating
ChatterBot Charlie reevaluating
ChatterBot November reevaluating
ChatterBot Lima reevaluating
ChatterBot Zulu reevaluating
ChatterBot Charlie reevaluating
ChatterBot Echo reevaluating
ChatterBot Lima reevaluating
ChatterBot Zulu reevaluating
ChatterBot Charlie reevaluating
ChatterBot Echo reevaluating
ChatterBot November reevaluating
ChatterBot Zulu reevaluating
ChatterBot Charlie reevaluating
ChatterBot Echo reevaluating
ChatterBot November reevaluating
ChatterBot Lima reevaluating
randomSelections India: {India, Kilo, Victor, Lima, Golf, Uniform, Echo, Charlie} 
2024-10-14 13:32:30.925025 India: Friends?
ChatterBot Lima reevaluating
ChatterBot Golf reevaluating
ChatterBot Uniform reevaluating
ChatterBot Echo reevaluating
ChatterBot Charlie reevaluating
2024-10-14 13:32:30.935891 Kilo: No
2024-10-14 13:32:30.936038 Victor: No
2024-10-14 13:32:30.936130 Lima: No
2024-10-14 13:32:30.936235 Golf: Yes
2024-10-14 13:32:30.936322 Uniform: Yes
2024-10-14 13:32:30.936393 Echo: No
2024-10-14 13:32:30.936474 Charlie: No
ChatterBot Lima reevaluating
ChatterBot Golf reevaluating
ChatterBot Uniform reevaluating
ChatterBot Echo reevaluating
ChatterBot Charlie reevaluating
ChatterBot Lima reevaluating
ChatterBot Golf reevaluating
ChatterBot Uniform reevaluating
ChatterBot Echo reevaluating
ChatterBot Charlie reevaluating
ChatterBot Golf reevaluating
ChatterBot Uniform reevaluating
ChatterBot Echo reevaluating
ChatterBot Charlie reevaluating
ChatterBot Lima reevaluating
ChatterBot Uniform reevaluating
ChatterBot Echo reevaluating
ChatterBot Charlie reevaluating
ChatterBot Lima reevaluating
ChatterBot Golf reevaluating
ChatterBot Echo reevaluating
ChatterBot Charlie reevaluating
ChatterBot Lima reevaluating
ChatterBot Golf reevaluating
ChatterBot Uniform reevaluating
ChatterBot Charlie reevaluating
ChatterBot Lima reevaluating
ChatterBot Golf reevaluating
ChatterBot Uniform reevaluating
ChatterBot Echo reevaluating
2024-10-14 13:32:31.019691 Uniform: Charlie and India, sending you 4
2024-10-14 13:32:31.021670 Golf: Kilo, sending you 4
2024-10-14 13:32:31.022006 Zulu: Sending you 4
2024-10-14 13:32:31.022199 Charlie: Zulu, sending you 3
2024-10-14 13:32:31.022695 India: Charlie and Lima, sending you 1
2024-10-14 13:32:31.023010 Kilo: Sending you 4
2024-10-14 13:32:31.023196 Victor: Charlie, Kilo and Lima, sending you 3
2024-10-14 13:32:31.024664 Uniform: Lima, Victor and Echo, sending you 2
2024-10-14 13:32:31.024987 November: Kilo, sending you 3
2024-10-14 13:32:31.025217 Charlie: Lima, November, Victor and Echo, sending you 2
2024-10-14 13:32:31.025688 Golf: Lima and Uniform, sending you 2
2024-10-14 13:32:31.025959 Victor: Zulu, November and Echo, sending you 1
2024-10-14 13:32:31.027673 India: Kilo, sending you 5
2024-10-14 13:32:31.027946 November: Zulu, sending you 4
2024-10-14 13:32:31.030682 Golf: India, Victor and Echo, sending you 3
2024-10-14 13:32:31.030991 November: Lima and Echo, sending you 2
2024-10-14 13:32:31.031721 Lima: Charlie, Kilo, Zulu and Victor, sending you 2
2024-10-14 13:32:31.032707 India: Uniform, sending you 4
2024-10-14 13:32:31.033683 Echo: Kilo, Lima and Victor, sending you 2
2024-10-14 13:32:31.035070 November: Victor, sending you 1
2024-10-14 13:32:31.036683 Lima: November and Echo, sending you 1
2024-10-14 13:32:31.037906 India: Echo, sending you 3
2024-10-14 13:32:31.038677 Echo: Zulu and November, sending you 3
chatterbot November submitting transactions
chatterbot Lima submitting transactions
chatterbot India submitting transactions
chatterbot Victor submitting transactions
chatterbot Charlie submitting transactions
chatterbot Kilo submitting transactions
chatterbot Golf submitting transactions
chatterbot Zulu submitting transactions
chatterbot Uniform submitting transactions
chatterbot Echo submitting transactions
ChatterBot Charlie round 2
ChatterBot Kilo round 2
ChatterBot Zulu round 2
ChatterBot Lima round 2
ChatterBot November round 2
ChatterBot India round 2
ChatterBot Victor round 2
ChatterBot Golf round 2
ChatterBot Uniform round 2
ChatterBot Echo round 2
2024-10-14 13:32:32.936363 Zulu: Group up?
ChatterBot Victor reevaluating
ChatterBot Charlie reevaluating
ChatterBot Echo reevaluating
ChatterBot November reevaluating
ChatterBot Lima reevaluating
ChatterBot Kilo reevaluating
2024-10-14 13:32:32.984895 Victor: No
2024-10-14 13:32:32.985109 Charlie: No
2024-10-14 13:32:32.985256 Echo: No
2024-10-14 13:32:32.985394 November: No
2024-10-14 13:32:32.985533 Lima: No
2024-10-14 13:32:32.985684 Kilo: Yes
ChatterBot Charlie reevaluating
ChatterBot Echo reevaluating
ChatterBot November reevaluating
ChatterBot Lima reevaluating
ChatterBot Kilo reevaluating
ChatterBot Victor reevaluating
ChatterBot Echo reevaluating
ChatterBot November reevaluating
ChatterBot Lima reevaluating
ChatterBot Kilo reevaluating
ChatterBot Victor reevaluating
ChatterBot Charlie reevaluating
ChatterBot November reevaluating
ChatterBot Lima reevaluating
ChatterBot Kilo reevaluating
ChatterBot Victor reevaluating
ChatterBot Charlie reevaluating
ChatterBot Echo reevaluating
ChatterBot Lima reevaluating
ChatterBot Kilo reevaluating
ChatterBot Victor reevaluating
ChatterBot Charlie reevaluating
ChatterBot Echo reevaluating
ChatterBot November reevaluating
ChatterBot Kilo reevaluating
ChatterBot Victor reevaluating
ChatterBot Charlie reevaluating
ChatterBot Echo reevaluating
ChatterBot November reevaluating
ChatterBot Lima reevaluating
2024-10-14 13:32:33.292840 Golf: We should replace Kilo with November
ChatterBot Uniform reevaluating
ChatterBot Charlie reevaluating
ChatterBot Lima reevaluating
ChatterBot Victor reevaluating
ChatterBot Echo reevaluating
2024-10-14 13:32:33.321238 India: No
2024-10-14 13:32:33.321372 Uniform: No
2024-10-14 13:32:33.321476 Charlie: Yes
2024-10-14 13:32:33.321573 Lima: Yes
2024-10-14 13:32:33.321666 Victor: Yes
2024-10-14 13:32:33.321764 Echo: Yes
ChatterBot Uniform reevaluating
ChatterBot Charlie reevaluating
ChatterBot Lima reevaluating
ChatterBot Victor reevaluating
ChatterBot Echo reevaluating
ChatterBot Golf reevaluating
ChatterBot Charlie reevaluating
ChatterBot Lima reevaluating
ChatterBot Victor reevaluating
ChatterBot Echo reevaluating
ChatterBot Golf reevaluating
ChatterBot India reevaluating
ChatterBot Uniform reevaluating
ChatterBot Lima reevaluating
ChatterBot Victor reevaluating
ChatterBot Echo reevaluating
ChatterBot Golf reevaluating
ChatterBot India reevaluating
ChatterBot Uniform reevaluating
ChatterBot Charlie reevaluating
ChatterBot Victor reevaluating
ChatterBot Echo reevaluating
ChatterBot Golf reevaluating
ChatterBot India reevaluating
ChatterBot Uniform reevaluating
ChatterBot Charlie reevaluating
ChatterBot Lima reevaluating
ChatterBot Echo reevaluating
ChatterBot Golf reevaluating
ChatterBot India reevaluating
ChatterBot Uniform reevaluating
ChatterBot Charlie reevaluating
ChatterBot Lima reevaluating
ChatterBot Victor reevaluating
2024-10-14 13:32:33.512650 November: We should drop Zulu and Kilo
ChatterBot Victor reevaluating
2024-10-14 13:32:33.574621 Charlie: Yes
2024-10-14 13:32:33.575028 Lima: Yes
2024-10-14 13:32:33.575161 Victor: Yes
2024-10-14 13:32:33.576140 Echo: Yes
ChatterBot Victor reevaluating
ChatterBot Victor reevaluating
ChatterBot Victor reevaluating
2024-10-14 13:32:33.670233 India: We should drop Kilo and Echo
ChatterBot Golf reevaluating
ChatterBot Uniform reevaluating
ChatterBot Victor reevaluating
2024-10-14 13:32:33.697669 Golf: Yes
2024-10-14 13:32:33.698279 Uniform: Yes
2024-10-14 13:32:33.698404 Charlie: No
2024-10-14 13:32:33.698504 Lima: No
2024-10-14 13:32:33.698600 Victor: No
ChatterBot India reevaluating
ChatterBot Uniform reevaluating
ChatterBot Lima reevaluating
ChatterBot Victor reevaluating
ChatterBot India reevaluating
ChatterBot Golf reevaluating
ChatterBot Lima reevaluating
ChatterBot Victor reevaluating
ChatterBot India reevaluating
ChatterBot Golf reevaluating
ChatterBot Uniform reevaluating
ChatterBot Lima reevaluating
ChatterBot Victor reevaluating
ChatterBot India reevaluating
ChatterBot Golf reevaluating
ChatterBot Uniform reevaluating
ChatterBot Victor reevaluating
ChatterBot India reevaluating
ChatterBot Golf reevaluating
ChatterBot Uniform reevaluating
ChatterBot Lima reevaluating
chatterbot Zulu submitting transactions
2024-10-14 13:32:33.861225 Kilo: Zulu, sending you 4
2024-10-14 13:32:33.861565 Charlie: Lima and Victor, sending you 2
2024-10-14 13:32:33.861862 Zulu: Charlie, Kilo, November and Echo, sending you 2
2024-10-14 13:32:33.862776 Echo: Charlie, November, India, Golf and Uniform, sending you 2
2024-10-14 13:32:33.971344 Charlie: November, India, Golf and Echo, sending you 1
2024-10-14 13:32:33.971914 Golf: November we want you to join our group
2024-10-14 13:32:33.980137 November: No
ChatterBot Victor reevaluating
ChatterBot India reevaluating
ChatterBot Golf reevaluating
ChatterBot Uniform reevaluating
2024-10-14 13:32:34.027889 Kilo: Lima, November, Victor and Echo, sending you 2
2024-10-14 13:32:34.028946 Zulu: Lima, sending you 1
2024-10-14 13:32:34.029409 Echo: Lima and Victor, sending you 1
2024-10-14 13:32:34.030624 November: Charlie and Echo, sending you 4
2024-10-14 13:32:34.030963 Charlie: Uniform, sending you 3
2024-10-14 13:32:34.065487 November: Lima, sending you 3
2024-10-14 13:32:34.076956 Lima: Charlie, November, Victor and Echo, sending you 2
2024-10-14 13:32:34.077490 November: Victor, sending you 2
2024-10-14 13:32:34.083810 Lima: Golf, sending you 1
2024-10-14 13:32:34.090338 Victor: Charlie, Lima, November, Uniform and Echo, sending you 2
2024-10-14 13:32:34.091175 Uniform: India, sending you 4
2024-10-14 13:32:34.121402 Victor: India, sending you 1
2024-10-14 13:32:34.122294 Uniform: Golf, sending you 3
2024-10-14 13:32:34.186261 Victor: Golf, sending you 3
2024-10-14 13:32:34.187263 Golf: Charlie, India and Uniform, sending you 3
2024-10-14 13:32:34.205133 Golf: Lima, November, Victor and Echo, sending you 2
chatterbot Charlie submitting transactions
chatterbot India submitting transactions
chatterbot Echo submitting transactions
2024-10-14 13:32:34.728357 India: Charlie, Lima and Victor, sending you 1
chatterbot Lima submitting transactions
2024-10-14 13:32:35.526567 India: Golf, sending you 5
chatterbot Kilo submitting transactions
chatterbot November submitting transactions
chatterbot Golf submitting transactions
chatterbot Uniform submitting transactions
chatterbot Victor submitting transactions
2024-10-14 13:32:35.542125 India: Uniform, sending you 6
ChatterBot Charlie round 3
ChatterBot Kilo round 3
ChatterBot Zulu round 3
ChatterBot Lima round 3
ChatterBot November round 3
ChatterBot India round 3
2024-10-14 13:32:35.557976 Lima: We should add India and Uniform
ChatterBot Charlie reevaluating
ChatterBot Victor reevaluating
ChatterBot November reevaluating
2024-10-14 13:32:35.583094 Charlie: Yes
2024-10-14 13:32:35.583265 Victor: No
2024-10-14 13:32:35.583405 November: No
2024-10-14 13:32:35.583534 Echo: Yes
2024-10-14 13:32:35.583664 Golf: Yes
ChatterBot Victor reevaluating
ChatterBot November reevaluating
ChatterBot Golf reevaluating
ChatterBot Charlie reevaluating
ChatterBot November reevaluating
ChatterBot Golf reevaluating
ChatterBot Charlie reevaluating
ChatterBot Victor reevaluating
ChatterBot Golf reevaluating
ChatterBot Charlie reevaluating
ChatterBot Victor reevaluating
ChatterBot November reevaluating
ChatterBot Golf reevaluating
ChatterBot Charlie reevaluating
ChatterBot Victor reevaluating
ChatterBot November reevaluating
ChatterBot Victor round 3
ChatterBot Golf round 3
ChatterBot Uniform round 3
ChatterBot Echo round 3
2024-10-14 13:32:35.774263 India: We should add Echo
ChatterBot Golf reevaluating
ChatterBot Uniform reevaluating
ChatterBot Charlie reevaluating
ChatterBot Victor reevaluating
2024-10-14 13:32:35.793307 Golf: Yes
2024-10-14 13:32:35.793452 Uniform: Yes
2024-10-14 13:32:35.793568 Charlie: Yes
2024-10-14 13:32:35.793675 Lima: Yes
2024-10-14 13:32:35.793776 Victor: Yes
ChatterBot India reevaluating
ChatterBot Uniform reevaluating
ChatterBot Charlie reevaluating
ChatterBot Victor reevaluating
ChatterBot India reevaluating
ChatterBot Golf reevaluating
ChatterBot Charlie reevaluating
ChatterBot Victor reevaluating
ChatterBot India reevaluating
ChatterBot Golf reevaluating
ChatterBot Uniform reevaluating
ChatterBot Victor reevaluating
ChatterBot India reevaluating
ChatterBot Golf reevaluating
ChatterBot Uniform reevaluating
ChatterBot Charlie reevaluating
ChatterBot Victor reevaluating
ChatterBot India reevaluating
ChatterBot Golf reevaluating
ChatterBot Uniform reevaluating
ChatterBot Charlie reevaluating
2024-10-14 13:32:35.928095 Lima: India and Uniform we want you to join our group
ChatterBot India reevaluating
ChatterBot Uniform reevaluating
2024-10-14 13:32:35.935319 India: No
2024-10-14 13:32:35.935433 Uniform: Yes
ChatterBot Victor reevaluating
ChatterBot Charlie reevaluating
ChatterBot November reevaluating
ChatterBot Echo reevaluating
ChatterBot Golf reevaluating
ChatterBot Uniform reevaluating
ChatterBot Victor reevaluating
ChatterBot Charlie reevaluating
ChatterBot November reevaluating
ChatterBot Echo reevaluating
ChatterBot India reevaluating
ChatterBot Golf reevaluating
2024-10-14 13:32:35.999792 India: Echo we want you to join our group
2024-10-14 13:32:36.003722 Echo: Yes
ChatterBot India reevaluating
2024-10-14 13:32:36.026279 India: We should add November and Echo
2024-10-14 13:32:36.044415 Golf: Yes
2024-10-14 13:32:36.044550 Uniform: Yes
2024-10-14 13:32:36.044657 Charlie: Yes
2024-10-14 13:32:36.044780 Lima: Yes
2024-10-14 13:32:36.044880 Victor: Yes
ChatterBot India reevaluating
ChatterBot India reevaluating
ChatterBot India reevaluating
ChatterBot India reevaluating
ChatterBot India reevaluating
2024-10-14 13:32:36.156689 Zulu: Charlie, Lima, Victor and Echo, sending you 1
2024-10-14 13:32:36.157349 Kilo: Zulu, sending you 4
2024-10-14 13:32:36.165875 Lima: Charlie, November, Victor and Echo, sending you 2
2024-10-14 13:32:36.166552 Zulu: Kilo, sending you 3
2024-10-14 13:32:36.168138 Victor: Charlie, November and Echo, sending you 2
2024-10-14 13:32:36.168942 Charlie: Lima, November, Victor and Uniform, sending you 2
2024-10-14 13:32:36.170237 Uniform: Charlie, Victor and Echo, sending you 2
2024-10-14 13:32:36.171195 November: Charlie, Lima, Victor and Golf, sending you 2
2024-10-14 13:32:36.172439 Golf: Charlie, Lima, November and Echo, sending you 2
2024-10-14 13:32:36.173683 Kilo: Lima, November, Victor and Echo, sending you 2
2024-10-14 13:32:36.174712 Lima: India, Golf and Uniform, sending you 1
2024-10-14 13:32:36.176377 Zulu: November, sending you 2
2024-10-14 13:32:36.177308 Victor: Lima and Golf, sending you 3
2024-10-14 13:32:36.178934 Charlie: India, Golf and Echo, sending you 1
2024-10-14 13:32:36.179524 India: November and Echo we want you to join our group
2024-10-14 13:32:36.190007 November: Yes
2024-10-14 13:32:36.190193 Echo: Yes
ChatterBot India reevaluating
ChatterBot India reevaluating
2024-10-14 13:32:36.258905 Uniform: India and Golf, sending you 3
2024-10-14 13:32:36.259434 November: India and Uniform, sending you 1
2024-10-14 13:32:36.260365 Golf: India, Victor and Uniform, sending you 3
2024-10-14 13:32:36.260880 Echo: Charlie, Lima, November, India, Victor and Golf, sending you 2
2024-10-14 13:32:36.261385 Victor: India and Uniform, sending you 1
chatterbot Kilo submitting transactions
chatterbot Lima submitting transactions
2024-10-14 13:32:36.265117 November: Echo, sending you 4
2024-10-14 13:32:36.280680 India: Charlie, Lima, November and Victor, sending you 1
2024-10-14 13:32:36.285862 India: Golf, sending you 3
2024-10-14 13:32:36.290668 India: Uniform, sending you 5
2024-10-14 13:32:36.294686 India: Echo, sending you 2
chatterbot Zulu submitting transactions
chatterbot Golf submitting transactions
chatterbot Victor submitting transactions
chatterbot Charlie submitting transactions
chatterbot November submitting transactions
chatterbot Uniform submitting transactions
chatterbot Echo submitting transactions
chatterbot India submitting transactions
ChatterBot Charlie round 4
ChatterBot Kilo round 4
ChatterBot Zulu round 4
ChatterBot Lima round 4
ChatterBot November round 4
ChatterBot India round 4
ChatterBot Victor round 4
ChatterBot Golf round 4
ChatterBot Uniform round 4
ChatterBot Echo round 4
2024-10-14 13:32:37.374733 Charlie: Lima, November, Victor, Uniform and Echo, sending you 2
2024-10-14 13:32:37.378692 Zulu: Charlie, Lima, November, Victor and Echo, sending you 1
2024-10-14 13:32:37.379392 Charlie: Golf, sending you 1
2024-10-14 13:32:37.381667 Lima: Charlie, November, Victor and Echo, sending you 2
2024-10-14 13:32:37.382266 Victor: Charlie, Lima, November, Uniform and Echo, sending you 2
2024-10-14 13:32:37.382761 November: Charlie, Lima, Victor and Golf, sending you 2
2024-10-14 13:32:37.383223 India: Charlie, Lima, November and Victor, sending you 1
2024-10-14 13:32:37.383680 Zulu: Kilo, sending you 3
2024-10-14 13:32:37.386707 Lima: India, Golf and Uniform, sending you 1
2024-10-14 13:32:37.387432 India: Golf, sending you 3
2024-10-14 13:32:37.388069 Kilo: Zulu, sending you 5
2024-10-14 13:32:37.388485 Victor: India, sending you 1
2024-10-14 13:32:37.388888 November: India and Uniform, sending you 1
2024-10-14 13:32:37.389415 Echo: Charlie and Uniform, sending you 1
2024-10-14 13:32:37.390272 Uniform: Charlie, India and Golf, sending you 3
2024-10-14 13:32:37.390757 Golf: Charlie, Lima, November and Echo, sending you 2
2024-10-14 13:32:37.391685 India: Uniform, sending you 5
2024-10-14 13:32:37.392688 Kilo: Lima and Echo, sending you 1
2024-10-14 13:32:37.393368 Victor: Golf, sending you 3
2024-10-14 13:32:37.394248 November: Echo, sending you 4
2024-10-14 13:32:37.395524 Echo: Lima, November, India, Victor and Golf, sending you 2
2024-10-14 13:32:37.396370 Uniform: Lima and Echo, sending you 1
2024-10-14 13:32:37.397205 Golf: India, Victor and Uniform, sending you 3
2024-10-14 13:32:37.397829 India: Echo, sending you 2
2024-10-14 13:32:37.398562 Kilo: November and Victor, sending you 2
2024-10-14 13:32:37.401669 Uniform: Victor, sending you 2
chatterbot Echo submitting transactions
chatterbot Lima submitting transactions
chatterbot India submitting transactions
chatterbot November submitting transactions
chatterbot Zulu submitting transactions
chatterbot Charlie submitting transactions
chatterbot Kilo submitting transactions
chatterbot Victor submitting transactions
chatterbot Uniform submitting transactions
chatterbot Golf submitting transactions
ChatterBot Charlie round 5
ChatterBot Kilo round 5
ChatterBot Zulu round 5
ChatterBot Lima round 5
ChatterBot November round 5
ChatterBot India round 5
2024-10-14 13:32:38.460001 Kilo: Friends?
ChatterBot Zulu reevaluating
ChatterBot Lima reevaluating
ChatterBot November reevaluating
ChatterBot India reevaluating
2024-10-14 13:32:38.497475 Zulu: No
2024-10-14 13:32:38.497639 Charlie: No
2024-10-14 13:32:38.497761 Lima: No
2024-10-14 13:32:38.497861 November: No
2024-10-14 13:32:38.497962 Victor: No
2024-10-14 13:32:38.498075 Golf: No
2024-10-14 13:32:38.498194 Echo: No
2024-10-14 13:32:38.498860 India: No
2024-10-14 13:32:38.498965 Uniform: No
ChatterBot Kilo reevaluating
ChatterBot Lima reevaluating
ChatterBot November reevaluating
ChatterBot India reevaluating
ChatterBot Kilo reevaluating
ChatterBot Zulu reevaluating
ChatterBot Lima reevaluating
ChatterBot November reevaluating
ChatterBot India reevaluating
ChatterBot Kilo reevaluating
ChatterBot Zulu reevaluating
ChatterBot November reevaluating
ChatterBot India reevaluating
ChatterBot Kilo reevaluating
ChatterBot Zulu reevaluating
ChatterBot Lima reevaluating
ChatterBot India reevaluating
ChatterBot Kilo reevaluating
ChatterBot Zulu reevaluating
ChatterBot Lima reevaluating
ChatterBot November reevaluating
ChatterBot India reevaluating
ChatterBot Kilo reevaluating
ChatterBot Zulu reevaluating
ChatterBot Lima reevaluating
ChatterBot November reevaluating
ChatterBot India reevaluating
ChatterBot Kilo reevaluating
ChatterBot Zulu reevaluating
ChatterBot Lima reevaluating
ChatterBot November reevaluating
ChatterBot India reevaluating
ChatterBot Kilo reevaluating
ChatterBot Zulu reevaluating
ChatterBot Lima reevaluating
ChatterBot November reevaluating
ChatterBot Kilo reevaluating
ChatterBot Zulu reevaluating
ChatterBot Lima reevaluating
ChatterBot November reevaluating
ChatterBot India reevaluating
ChatterBot Victor round 5
ChatterBot Golf round 5
ChatterBot Uniform round 5
ChatterBot Echo round 5
2024-10-14 13:32:38.806245 Zulu: Golf we want you to join our group
2024-10-14 13:32:38.809343 Golf: No
ChatterBot Zulu reevaluating
ChatterBot Kilo reevaluating
2024-10-14 13:32:38.828374 India: We should drop Charlie
2024-10-14 13:32:38.844745 Lima: No
2024-10-14 13:32:38.844939 November: No
2024-10-14 13:32:38.845042 Victor: No
2024-10-14 13:32:38.845134 Golf: No
2024-10-14 13:32:38.845211 Echo: No
2024-10-14 13:32:38.845294 Uniform: No
ChatterBot India reevaluating
ChatterBot India reevaluating
ChatterBot India reevaluating
2024-10-14 13:32:38.953694 Charlie: Lima, November, Victor, Golf and Uniform, sending you 2
2024-10-14 13:32:38.954362 November: Charlie, Lima, Victor and Golf, sending you 2
2024-10-14 13:32:38.955001 Golf: Charlie, Lima, November and Echo, sending you 2
2024-10-14 13:32:38.956133 Lima: Charlie, November, Victor and Echo, sending you 2
2024-10-14 13:32:38.956730 Victor: Charlie, Lima, November, Uniform and Echo, sending you 2
2024-10-14 13:32:38.957669 Charlie: Echo, sending you 1
2024-10-14 13:32:38.958881 Golf: India, Victor and Uniform, sending you 3
2024-10-14 13:32:38.959666 November: India and Uniform, sending you 1
2024-10-14 13:32:38.961971 Lima: India, Golf and Uniform, sending you 1
2024-10-14 13:32:38.962589 Victor: India, sending you 1
2024-10-14 13:32:38.963160 November: Echo, sending you 4
2024-10-14 13:32:38.966716 Victor: Golf, sending you 3
2024-10-14 13:32:38.968163 Echo: Charlie, Lima, November, India, Victor and Golf, sending you 2
2024-10-14 13:32:38.969010 Uniform: Charlie and Victor, sending you 2
2024-10-14 13:32:38.972691 Uniform: Lima, November and Echo, sending you 1
2024-10-14 13:32:38.973855 Kilo: Zulu, sending you 5
2024-10-14 13:32:38.977660 Zulu: Charlie, Lima, November, Victor, Golf and Echo, sending you 1
2024-10-14 13:32:38.978690 Uniform: India and Golf, sending you 3
2024-10-14 13:32:38.979441 Kilo: Lima, November, India, Victor, Golf and Echo, sending you 1
2024-10-14 13:32:38.983412 Zulu: Kilo, sending you 3
chatterbot November submitting transactions
chatterbot Victor submitting transactions
chatterbot Uniform submitting transactions
chatterbot Charlie submitting transactions
chatterbot Kilo submitting transactions
chatterbot Golf submitting transactions
chatterbot Lima submitting transactions
chatterbot Zulu submitting transactions
chatterbot India submitting transactions
chatterbot Echo submitting transactions
ChatterBot Charlie round 6
ChatterBot Kilo round 6
ChatterBot Zulu round 6
ChatterBot Lima round 6
ChatterBot November round 6
ChatterBot India round 6
ChatterBot Victor round 6
ChatterBot Golf round 6
ChatterBot Uniform round 6
ChatterBot Echo round 6
2024-10-14 13:32:39.977835 India: We should drop Victor
2024-10-14 13:32:39.996495 Charlie: No
2024-10-14 13:32:39.996688 Lima: No
2024-10-14 13:32:39.996792 November: No
2024-10-14 13:32:39.996883 Golf: No
2024-10-14 13:32:39.996981 Echo: No
2024-10-14 13:32:39.997068 Uniform: No
ChatterBot India reevaluating
ChatterBot India reevaluating
ChatterBot India reevaluating
ChatterBot India reevaluating
ChatterBot India reevaluating
ChatterBot India reevaluating
2024-10-14 13:32:40.111221 Kilo: Zulu, sending you 5
2024-10-14 13:32:40.114680 Kilo: Lima, November, India, Victor, Golf and Echo, sending you 1
2024-10-14 13:32:40.116220 India: We should drop Lima
2024-10-14 13:32:40.141551 Charlie: No
2024-10-14 13:32:40.141745 November: No
2024-10-14 13:32:40.141881 Victor: No
2024-10-14 13:32:40.142001 Golf: No
2024-10-14 13:32:40.142103 Echo: No
2024-10-14 13:32:40.142203 Uniform: No
ChatterBot India reevaluating
ChatterBot India reevaluating
ChatterBot India reevaluating
ChatterBot India reevaluating
ChatterBot India reevaluating
ChatterBot India reevaluating
2024-10-14 13:32:40.248544 Charlie: Lima, November, Victor, Uniform and Echo, sending you 2
2024-10-14 13:32:40.249772 Zulu: Charlie, Lima, November, Victor, Golf and Echo, sending you 1
2024-10-14 13:32:40.250608 Lima: Charlie, November, Victor and Echo, sending you 2
2024-10-14 13:32:40.251475 November: Charlie, Lima, Victor and Golf, sending you 2
2024-10-14 13:32:40.252782 Charlie: Golf, sending you 1
2024-10-14 13:32:40.254095 Zulu: Kilo, sending you 3
2024-10-14 13:32:40.254800 Lima: India, Golf and Uniform, sending you 1
2024-10-14 13:32:40.256164 India: We should drop Charlie
2024-10-14 13:32:40.274943 Lima: No
2024-10-14 13:32:40.275077 November: No
2024-10-14 13:32:40.275184 Victor: No
2024-10-14 13:32:40.275274 Golf: No
2024-10-14 13:32:40.275363 Echo: No
2024-10-14 13:32:40.275450 Uniform: No
ChatterBot India reevaluating
ChatterBot India reevaluating
ChatterBot India reevaluating
ChatterBot India reevaluating
ChatterBot India reevaluating
ChatterBot India reevaluating
2024-10-14 13:32:40.410168 November: India and Uniform, sending you 1
2024-10-14 13:32:40.410717 Uniform: Charlie, India and Golf, sending you 3
2024-10-14 13:32:40.411168 Victor: Charlie, Lima, November, Uniform and Echo, sending you 2
2024-10-14 13:32:40.411765 Golf: Charlie, Lima, November and Echo, sending you 2
2024-10-14 13:32:40.412610 Echo: Charlie and Uniform, sending you 1
chatterbot Charlie submitting transactions
chatterbot Golf submitting transactions
chatterbot November submitting transactions
2024-10-14 13:32:40.414841 India: We should drop November
2024-10-14 13:32:40.439377 Golf: No
2024-10-14 13:32:40.439530 Uniform: No
2024-10-14 13:32:40.439661 Charlie: No
2024-10-14 13:32:40.439781 Lima: No
2024-10-14 13:32:40.439906 Victor: No
2024-10-14 13:32:40.440014 Echo: No
ChatterBot India reevaluating
ChatterBot India reevaluating
ChatterBot India reevaluating
ChatterBot India reevaluating
ChatterBot India reevaluating
ChatterBot India reevaluating
2024-10-14 13:32:40.683747 November: Echo, sending you 4
2024-10-14 13:32:40.685056 Uniform: Lima, November and Echo, sending you 1
2024-10-14 13:32:40.686559 Golf: India, Victor and Uniform, sending you 3
2024-10-14 13:32:40.688161 Victor: India, sending you 1
2024-10-14 13:32:40.688903 Echo: Lima, November, India, Victor and Golf, sending you 2
chatterbot Victor submitting transactions
2024-10-14 13:32:40.690125 Uniform: Victor, sending you 2
2024-10-14 13:32:40.692737 Victor: Golf, sending you 3
2024-10-14 13:32:40.714681 India: Charlie, Lima and November, sending you 1
2024-10-14 13:32:40.720664 India: Victor and Echo, sending you 2
2024-10-14 13:32:40.724896 India: Golf, sending you 3
2024-10-14 13:32:40.727666 India: Uniform, sending you 4
chatterbot Lima submitting transactions
chatterbot Zulu submitting transactions
chatterbot Kilo submitting transactions
chatterbot Echo submitting transactions
chatterbot India submitting transactions
chatterbot Uniform submitting transactions
ChatterBot Charlie round 7
ChatterBot Kilo round 7
ChatterBot Zulu round 7
ChatterBot Lima round 7
ChatterBot November round 7
ChatterBot India round 7
ChatterBot Victor round 7
ChatterBot Golf round 7
ChatterBot Uniform round 7
ChatterBot Echo round 7
2024-10-14 13:32:40.993367 India: We should drop Charlie
2024-10-14 13:32:41.012324 Lima: No
2024-10-14 13:32:41.012493 November: No
2024-10-14 13:32:41.012619 Victor: No
2024-10-14 13:32:41.012739 Golf: No
2024-10-14 13:32:41.012859 Echo: No
2024-10-14 13:32:41.012974 Uniform: No
ChatterBot India reevaluating
ChatterBot India reevaluating
ChatterBot India reevaluating
ChatterBot India reevaluating
ChatterBot India reevaluating
ChatterBot India reevaluating
2024-10-14 13:32:41.109698 Charlie: Lima, November, Victor, Golf and Uniform, sending you 2
2024-10-14 13:32:41.111139 Uniform: Charlie, India and Golf, sending you 3
2024-10-14 13:32:41.112235 Zulu: Sending you each 3
2024-10-14 13:32:41.115736 Charlie: Echo, sending you 1
2024-10-14 13:32:41.117275 Uniform: Lima, November and Echo, sending you 1
2024-10-14 13:32:41.118125 Golf: Charlie, Lima, November and Echo, sending you 2
2024-10-14 13:32:41.119669 Kilo: Zulu, sending you 5
2024-10-14 13:32:41.122088 Golf: India, Victor and Uniform, sending you 3
2024-10-14 13:32:41.123447 Uniform: Victor, sending you 2
2024-10-14 13:32:41.124429 November: Charlie, Lima, Victor and Golf, sending you 2
2024-10-14 13:32:41.125513 Kilo: Lima, November, India, Victor, Golf and Echo, sending you 1
2024-10-14 13:32:41.126064 Victor: Sending you each 2
2024-10-14 13:32:41.127980 November: India and Uniform, sending you 1
2024-10-14 13:32:41.128760 Lima: Charlie, November, Victor, Golf and Echo, sending you 2
2024-10-14 13:32:41.129671 Echo: Charlie, Lima, November, India, Victor and Golf, sending you 2
2024-10-14 13:32:41.132656 November: Echo, sending you 4
2024-10-14 13:32:41.133516 India: Lima and Victor, sending you 2
2024-10-14 13:32:41.134810 Lima: India and Uniform, sending you 1
2024-10-14 13:32:41.138689 India: November, sending you 1
2024-10-14 13:32:41.143697 India: Golf, Uniform and Echo, sending you 3
chatterbot Charlie submitting transactions
chatterbot Victor submitting transactions
chatterbot Zulu submitting transactions
chatterbot Uniform submitting transactions
chatterbot India submitting transactions
chatterbot Golf submitting transactions
chatterbot November submitting transactions
chatterbot Kilo submitting transactions
chatterbot Echo submitting transactions
chatterbot Lima submitting transactions
ChatterBot Charlie round 8
ChatterBot Kilo round 8
ChatterBot Zulu round 8
ChatterBot Lima round 8
ChatterBot November round 8
ChatterBot India round 8
ChatterBot Victor round 8
ChatterBot Golf round 8
ChatterBot Uniform round 8
ChatterBot Echo round 8
2024-10-14 13:32:42.205161 Zulu: We should replace Echo with Victor
2024-10-14 13:32:42.208842 Kilo: No
ChatterBot Zulu reevaluating
2024-10-14 13:32:42.223200 India: We should replace Lima with Charlie
2024-10-14 13:32:42.240212 November: No
2024-10-14 13:32:42.240493 Victor: No
2024-10-14 13:32:42.240745 Golf: No
2024-10-14 13:32:42.241611 Uniform: No
2024-10-14 13:32:42.241903 Echo: No
ChatterBot India reevaluating
ChatterBot India reevaluating
ChatterBot India reevaluating
ChatterBot India reevaluating
2024-10-14 13:32:42.377112 Zulu: We should replace Echo with Lima
2024-10-14 13:32:42.382019 Kilo: No
ChatterBot Zulu reevaluating
2024-10-14 13:32:42.389819 Zulu: We should replace Echo with Charlie
2024-10-14 13:32:42.393392 Kilo: No
ChatterBot Zulu reevaluating
2024-10-14 13:32:42.397636 Lima: Charlie, November, Victor, Golf and Echo, sending you 2
2024-10-14 13:32:42.399315 Charlie: Lima, November, Victor, Uniform and Echo, sending you 2
2024-10-14 13:32:42.400886 November: Charlie, Victor and Golf, sending you 2
2024-10-14 13:32:42.402761 Kilo: Zulu, sending you 6
2024-10-14 13:32:42.404864 Victor: Same as last round
2024-10-14 13:32:42.407557 Echo: Charlie and Uniform, sending you 1
2024-10-14 13:32:42.409556 Lima: India and Uniform, sending you 1
2024-10-14 13:32:42.411648 Golf: Charlie, Lima, November and Echo, sending you 2
2024-10-14 13:32:42.413229 Charlie: Golf, sending you 1
2024-10-14 13:32:42.414768 Uniform: Charlie, India and Golf, sending you 3
2024-10-14 13:32:42.416903 November: Lima and Echo, sending you 3
2024-10-14 13:32:42.419070 Kilo: November, India, Victor, Golf and Echo, sending you 1
2024-10-14 13:32:42.421082 Echo: Lima, November, India, Victor and Golf, sending you 2
2024-10-14 13:32:42.423145 Zulu: Charlie we want you to join our group
2024-10-14 13:32:42.428325 Charlie: No
ChatterBot Zulu reevaluating
ChatterBot Kilo reevaluating
2024-10-14 13:32:42.437717 Golf: India, Victor and Uniform, sending you 3
2024-10-14 13:32:42.439127 Uniform: Lima, November and Echo, sending you 1
2024-10-14 13:32:42.440119 November: India and Uniform, sending you 1
2024-10-14 13:32:42.441525 India: Lima and Victor, sending you 2
2024-10-14 13:32:42.444668 Uniform: Victor, sending you 2
2024-10-14 13:32:42.446027 India: November, sending you 1
2024-10-14 13:32:42.448565 Kilo: We should drop Zulu
ChatterBot India reevaluating
2024-10-14 13:32:42.478695 Charlie: Yes
2024-10-14 13:32:42.478895 Lima: Yes
2024-10-14 13:32:42.479409 November: Yes
2024-10-14 13:32:42.479536 India: Yes
2024-10-14 13:32:42.479670 Victor: Yes
2024-10-14 13:32:42.479804 Golf: Yes
2024-10-14 13:32:42.479922 Uniform: Yes
2024-10-14 13:32:42.480032 Echo: Yes
ChatterBot Kilo reevaluating
ChatterBot India reevaluating
ChatterBot Kilo reevaluating
ChatterBot India reevaluating
ChatterBot Kilo reevaluating
ChatterBot India reevaluating
ChatterBot Kilo reevaluating
ChatterBot Kilo reevaluating
ChatterBot India reevaluating
ChatterBot Kilo reevaluating
ChatterBot India reevaluating
ChatterBot Kilo reevaluating
ChatterBot India reevaluating
ChatterBot Kilo reevaluating
ChatterBot India reevaluating
2024-10-14 13:32:42.711717 Zulu: Charlie and Kilo, sending you 3
2024-10-14 13:32:42.712672 Kilo: Sorry, I'm actually sending you 0
2024-10-14 13:32:42.716695 Kilo: Lima and Echo, sending you 1
2024-10-14 13:32:42.718798 India: Sorry, I'm actually sending you 0
2024-10-14 13:32:42.720707 Kilo: November, Victor and Golf, sending you 2
2024-10-14 13:32:42.722675 India: Charlie, sending you 1
2024-10-14 13:32:42.724676 Kilo: India, sending you 4
2024-10-14 13:32:42.726674 India: November and Victor, sending you 2
chatterbot Victor submitting transactions
chatterbot Uniform submitting transactions
chatterbot Zulu submitting transactions
chatterbot Charlie submitting transactions
chatterbot Lima submitting transactions
chatterbot November submitting transactions
chatterbot Echo submitting transactions
chatterbot Kilo submitting transactions
chatterbot Golf submitting transactions
chatterbot India submitting transactions
ChatterBot Charlie round 9
ChatterBot Kilo round 9
ChatterBot Zulu round 9
ChatterBot Lima round 9
ChatterBot November round 9
ChatterBot India round 9
ChatterBot Victor round 9
ChatterBot Golf round 9
2024-10-14 13:32:43.766789 India: We should replace Charlie with Lima
2024-10-14 13:32:43.779269 November: No
2024-10-14 13:32:43.779405 Victor: No
2024-10-14 13:32:43.779502 Golf: No
2024-10-14 13:32:43.779593 Uniform: No
2024-10-14 13:32:43.779698 Echo: No
ChatterBot Uniform round 9
ChatterBot Echo round 9
2024-10-14 13:32:43.839917 Zulu: We should replace Charlie with Lima
2024-10-14 13:32:43.842008 Kilo: No
ChatterBot Zulu reevaluating
2024-10-14 13:32:43.851588 India: Lima we want you to join our group
2024-10-14 13:32:43.854379 Lima: Yes
2024-10-14 13:32:43.871239 Zulu: We should replace Charlie with November
2024-10-14 13:32:43.873641 Kilo: No
ChatterBot Zulu reevaluating
2024-10-14 13:32:43.880672 Kilo: Lima and Echo, sending you 1
2024-10-14 13:32:43.885738 Kilo: November, Victor and Golf, sending you 2
2024-10-14 13:32:43.890097 Lima: Charlie, November, Victor, Golf and Echo, sending you 2
2024-10-14 13:32:43.891064 Kilo: India, sending you 4
2024-10-14 13:32:43.891805 Golf: Charlie, Lima, November and Echo, sending you 2
2024-10-14 13:32:43.892789 Victor: Same as last round
2024-10-14 13:32:43.893611 November: Charlie, Lima, India, Victor and Golf, sending you 2
2024-10-14 13:32:43.894834 Charlie: Lima, November, Victor, Golf and Uniform, sending you 2
2024-10-14 13:32:43.895651 Lima: India and Uniform, sending you 1
2024-10-14 13:32:43.896705 Golf: India, Victor and Uniform, sending you 3
2024-10-14 13:32:43.899652 November: Uniform, sending you 1
2024-10-14 13:32:43.900511 India: Lima and Victor, sending you 2
2024-10-14 13:32:43.901062 Charlie: Echo, sending you 1
2024-10-14 13:32:43.902778 Echo: Charlie, Lima, November, India, Victor and Golf, sending you 2
2024-10-14 13:32:43.903633 Uniform: Charlie, India and Golf, sending you 3
2024-10-14 13:32:43.904510 November: Echo, sending you 3
2024-10-14 13:32:43.905459 India: November, sending you 1
2024-10-14 13:32:43.906676 Uniform: Lima, November and Echo, sending you 1
2024-10-14 13:32:43.910676 India: Golf, Uniform and Echo, sending you 3
2024-10-14 13:32:43.911222 Uniform: Victor, sending you 2
chatterbot Golf submitting transactions
chatterbot India submitting transactions
chatterbot Zulu submitting transactions
chatterbot Echo submitting transactions
chatterbot Victor submitting transactions
chatterbot Kilo submitting transactions
chatterbot November submitting transactions
chatterbot Charlie submitting transactions
chatterbot Lima submitting transactions
chatterbot Uniform submitting transactions
ChatterBot Charlie round 10
ChatterBot Kilo round 10
ChatterBot Zulu round 10
ChatterBot Lima round 10
ChatterBot November round 10
ChatterBot India round 10
ChatterBot Victor round 10
ChatterBot Golf round 10
ChatterBot Uniform round 10
ChatterBot Echo round 10
2024-10-14 13:32:45.115169 Zulu: We should replace Charlie with November
2024-10-14 13:32:45.120355 Kilo: No
2024-10-14 13:32:45.160197 Zulu: November we want you to join our group
2024-10-14 13:32:45.167896 November: No
ChatterBot Zulu reevaluating
2024-10-14 13:32:45.179200 Zulu: We should replace Charlie with Lima
2024-10-14 13:32:45.183345 Kilo: No
ChatterBot Zulu reevaluating
2024-10-14 13:32:45.189727 Victor: I was attacked by Zulu
ChatterBot Charlie reevaluating
ChatterBot Lima reevaluating
ChatterBot November reevaluating
ChatterBot Echo reevaluating
ChatterBot India reevaluating
ChatterBot Golf reevaluating
ChatterBot Uniform reevaluating
2024-10-14 13:32:45.228695 Victor: I'm keeping this round to protect myself
2024-10-14 13:32:45.233805 Victor: Ow
2024-10-14 13:32:45.239315 Kilo: Lima and Echo, sending you 1
2024-10-14 13:32:45.242784 Zulu: Lima we want you to join our group
ChatterBot Lima reevaluating
2024-10-14 13:32:45.248298 Lima: No
ChatterBot Zulu reevaluating
2024-10-14 13:32:45.256852 Kilo: November, Victor and Golf, sending you 2
2024-10-14 13:32:45.261693 Golf: Charlie, Lima, November, Victor and Echo, sending you 2
2024-10-14 13:32:45.263524 Charlie: Lima, November, Victor, Uniform and Echo, sending you 2
2024-10-14 13:32:45.265819 India: Lima, sending you 1
2024-10-14 13:32:45.267555 Kilo: India, sending you 4
2024-10-14 13:32:45.269681 Echo: Charlie, Lima, November, India, Victor and Golf, sending you 2
2024-10-14 13:32:45.272556 Uniform: Charlie, Victor and Golf, sending you 3
2024-10-14 13:32:45.274772 Golf: India, sending you 3
2024-10-14 13:32:45.278633 Charlie: Golf, sending you 1
2024-10-14 13:32:45.282258 India: November and Victor, sending you 2
