ChatterBot Alpha round 1
ChatterBot Charlie round 1
ChatterBot Oscar round 1
ChatterBot India round 1
ChatterBot Hotel round 1
ChatterBot Uniform round 1
ChatterBot November round 1
ChatterBot X-ray round 1
ChatterBot Romeo round 1
ChatterBot Papa round 1
randomSelections Charlie: {Charlie, Alpha, Papa, Romeo, Uniform, November, Hotel, Oscar} 
2024-10-14 13:32:30.166093 Charlie: Friends?
ChatterBot Alpha reevaluating
ChatterBot Papa reevaluating
ChatterBot Romeo reevaluating
ChatterBot Uniform reevaluating
ChatterBot November reevaluating
ChatterBot Hotel reevaluating
ChatterBot Oscar reevaluating
2024-10-14 13:32:30.193677 Alpha: Yes
2024-10-14 13:32:30.193957 Papa: Yes
2024-10-14 13:32:30.194110 Romeo: Yes
2024-10-14 13:32:30.194256 Uniform: Yes
2024-10-14 13:32:30.194367 November: Yes
2024-10-14 13:32:30.194489 Hotel: Yes
2024-10-14 13:32:30.197691 Oscar: Yes
ChatterBot Papa reevaluating
ChatterBot Romeo reevaluating
ChatterBot Uniform reevaluating
ChatterBot November reevaluating
ChatterBot Hotel reevaluating
ChatterBot Oscar reevaluating
ChatterBot Alpha reevaluating
ChatterBot Romeo reevaluating
ChatterBot Uniform reevaluating
ChatterBot November reevaluating
ChatterBot Hotel reevaluating
ChatterBot Oscar reevaluating
ChatterBot Alpha reevaluating
ChatterBot Papa reevaluating
ChatterBot Uniform reevaluating
ChatterBot November reevaluating
ChatterBot Hotel reevaluating
ChatterBot Oscar reevaluating
ChatterBot Alpha reevaluating
ChatterBot Papa reevaluating
ChatterBot Romeo reevaluating
ChatterBot November reevaluating
ChatterBot Hotel reevaluating
ChatterBot Oscar reevaluating
ChatterBot Alpha reevaluating
ChatterBot Papa reevaluating
ChatterBot Romeo reevaluating
ChatterBot Uniform reevaluating
ChatterBot Hotel reevaluating
ChatterBot Oscar reevaluating
ChatterBot Alpha reevaluating
ChatterBot Papa reevaluating
ChatterBot Romeo reevaluating
ChatterBot Uniform reevaluating
ChatterBot November reevaluating
ChatterBot Oscar reevaluating
ChatterBot Alpha reevaluating
ChatterBot Papa reevaluating
ChatterBot Romeo reevaluating
ChatterBot Uniform reevaluating
ChatterBot November reevaluating
ChatterBot Hotel reevaluating
randomSelections India: {India, Charlie, Hotel, X-ray, Uniform, Romeo, Alpha, November} 
2024-10-14 13:32:30.344558 India: Can we be friends?
ChatterBot Hotel reevaluating
ChatterBot X-ray reevaluating
ChatterBot Uniform reevaluating
ChatterBot Romeo reevaluating
ChatterBot Alpha reevaluating
ChatterBot November reevaluating
2024-10-14 13:32:30.361988 Charlie: No
2024-10-14 13:32:30.362179 Hotel: No
2024-10-14 13:32:30.362318 X-ray: Yes
2024-10-14 13:32:30.362432 Uniform: No
2024-10-14 13:32:30.362557 Romeo: No
2024-10-14 13:32:30.362690 Alpha: No
2024-10-14 13:32:30.362824 November: No
ChatterBot Hotel reevaluating
ChatterBot X-ray reevaluating
ChatterBot Uniform reevaluating
ChatterBot Romeo reevaluating
ChatterBot Alpha reevaluating
ChatterBot November reevaluating
ChatterBot X-ray reevaluating
ChatterBot Uniform reevaluating
ChatterBot Romeo reevaluating
ChatterBot Alpha reevaluating
ChatterBot November reevaluating
ChatterBot Hotel reevaluating
ChatterBot Uniform reevaluating
ChatterBot Romeo reevaluating
ChatterBot Alpha reevaluating
ChatterBot November reevaluating
ChatterBot Hotel reevaluating
ChatterBot X-ray reevaluating
ChatterBot Romeo reevaluating
ChatterBot Alpha reevaluating
ChatterBot November reevaluating
ChatterBot Hotel reevaluating
ChatterBot X-ray reevaluating
ChatterBot Uniform reevaluating
ChatterBot Alpha reevaluating
ChatterBot November reevaluating
ChatterBot Hotel reevaluating
ChatterBot X-ray reevaluating
ChatterBot Uniform reevaluating
ChatterBot Romeo reevaluating
ChatterBot November reevaluating
ChatterBot Hotel reevaluating
ChatterBot X-ray reevaluating
ChatterBot Uniform reevaluating
ChatterBot Romeo reevaluating
ChatterBot Alpha reevaluating
2024-10-14 13:32:30.479942 India: Alpha, Charlie, Hotel, Uniform and November, sending you 2
2024-10-14 13:32:30.481002 November: Charlie, Hotel, Uniform and Papa, sending you 1
2024-10-14 13:32:30.481388 Alpha: Charlie and Hotel, sending you 3
2024-10-14 13:32:30.482413 Oscar: Alpha, Charlie and November, sending you 2
2024-10-14 13:32:30.482795 Papa: Oscar and November, sending you 1
2024-10-14 13:32:30.483187 Charlie: Alpha and November, sending you 1
2024-10-14 13:32:30.484861 November: Oscar, sending you 3
2024-10-14 13:32:30.486278 Alpha: Uniform and Romeo, sending you 1
2024-10-14 13:32:30.488407 Oscar: Hotel, sending you 3
2024-10-14 13:32:30.488868 Papa: Hotel and Romeo, sending you 4
2024-10-14 13:32:30.490534 X-ray: Alpha, Charlie, India, Hotel and November, sending you 3
2024-10-14 13:32:30.491238 Charlie: Hotel, sending you 4
2024-10-14 13:32:30.492591 Uniform: Alpha and Charlie, sending you 1
2024-10-14 13:32:30.493289 November: Romeo, sending you 2
2024-10-14 13:32:30.494361 Romeo: Alpha and Oscar, sending you 1
2024-10-14 13:32:30.495078 Hotel: Alpha and Charlie, sending you 3
2024-10-14 13:32:30.495665 Alpha: November and Papa, sending you 2
2024-10-14 13:32:30.496886 Oscar: Uniform, Romeo and Papa, sending you 1
2024-10-14 13:32:30.497533 Papa: Uniform, sending you 2
2024-10-14 13:32:30.498076 Charlie: Romeo, sending you 3
2024-10-14 13:32:30.499436 X-ray: Uniform, sending you 1
2024-10-14 13:32:30.500042 Uniform: Oscar, Hotel and November, sending you 2
2024-10-14 13:32:30.500780 Romeo: Hotel and Uniform, sending you 3
2024-10-14 13:32:30.502436 Hotel: Uniform and Romeo, sending you 1
2024-10-14 13:32:30.503751 Uniform: Romeo and Papa, sending you 3
2024-10-14 13:32:30.506824 Romeo: November and Papa, sending you 2
2024-10-14 13:32:30.509058 Hotel: November, sending you 2
2024-10-14 13:32:30.531625 Hotel: Papa, sending you 4
chatterbot Charlie submitting transactions
chatterbot X-ray submitting transactions
chatterbot Papa submitting transactions
chatterbot November submitting transactions
chatterbot Uniform submitting transactions
chatterbot India submitting transactions
chatterbot Alpha submitting transactions
chatterbot Romeo submitting transactions
chatterbot Oscar submitting transactions
chatterbot Hotel submitting transactions
ChatterBot Alpha round 2
ChatterBot Charlie round 2
ChatterBot Oscar round 2
2024-10-14 13:32:31.607263 Charlie: We should add India and X-ray
ChatterBot Alpha reevaluating
ChatterBot Papa reevaluating
ChatterBot Romeo reevaluating
ChatterBot Uniform reevaluating
ChatterBot November reevaluating
ChatterBot Hotel reevaluating
ChatterBot Oscar reevaluating
2024-10-14 13:32:31.681773 Alpha: Yes
2024-10-14 13:32:31.681957 Papa: No
2024-10-14 13:32:31.682075 Romeo: No
2024-10-14 13:32:31.682573 Uniform: Yes
2024-10-14 13:32:31.682696 November: Yes
2024-10-14 13:32:31.682797 Hotel: Yes
2024-10-14 13:32:31.682903 Oscar: No
ChatterBot Papa reevaluating
ChatterBot Romeo reevaluating
ChatterBot Uniform reevaluating
ChatterBot November reevaluating
ChatterBot Hotel reevaluating
ChatterBot Oscar reevaluating
ChatterBot Alpha reevaluating
ChatterBot Romeo reevaluating
ChatterBot Uniform reevaluating
ChatterBot November reevaluating
ChatterBot Hotel reevaluating
ChatterBot Oscar reevaluating
ChatterBot Alpha reevaluating
ChatterBot Papa reevaluating
ChatterBot Uniform reevaluating
ChatterBot November reevaluating
ChatterBot Hotel reevaluating
ChatterBot Oscar reevaluating
ChatterBot Alpha reevaluating
ChatterBot Papa reevaluating
ChatterBot Romeo reevaluating
ChatterBot November reevaluating
ChatterBot Hotel reevaluating
ChatterBot Oscar reevaluating
ChatterBot Alpha reevaluating
ChatterBot Papa reevaluating
ChatterBot Romeo reevaluating
ChatterBot Uniform reevaluating
ChatterBot Hotel reevaluating
ChatterBot Oscar reevaluating
ChatterBot Alpha reevaluating
ChatterBot Papa reevaluating
ChatterBot Romeo reevaluating
ChatterBot Uniform reevaluating
ChatterBot November reevaluating
ChatterBot Oscar reevaluating
ChatterBot Alpha reevaluating
ChatterBot Papa reevaluating
ChatterBot Romeo reevaluating
ChatterBot Uniform reevaluating
ChatterBot November reevaluating
ChatterBot Hotel reevaluating
ChatterBot India round 2
ChatterBot Hotel round 2
ChatterBot Uniform round 2
ChatterBot November round 2
ChatterBot X-ray round 2
ChatterBot Romeo round 2
ChatterBot Papa round 2
2024-10-14 13:32:32.278945 Charlie: India and X-ray we want you to join our group
ChatterBot India reevaluating
ChatterBot X-ray reevaluating
2024-10-14 13:32:32.289571 India: No
2024-10-14 13:32:32.289763 X-ray: No
ChatterBot Alpha reevaluating
ChatterBot Hotel reevaluating
ChatterBot X-ray reevaluating
ChatterBot Oscar reevaluating
ChatterBot November reevaluating
ChatterBot Uniform reevaluating
ChatterBot Romeo reevaluating
ChatterBot Papa reevaluating
ChatterBot Alpha reevaluating
ChatterBot India reevaluating
ChatterBot Hotel reevaluating
ChatterBot Oscar reevaluating
ChatterBot November reevaluating
ChatterBot Uniform reevaluating
ChatterBot Romeo reevaluating
ChatterBot Papa reevaluating
2024-10-14 13:32:32.374898 Hotel: We should add India and X-ray
2024-10-14 13:32:32.375670 Romeo: We should add India and X-ray
ChatterBot Alpha reevaluating
ChatterBot Papa reevaluating
ChatterBot Romeo reevaluating
ChatterBot Uniform reevaluating
ChatterBot November reevaluating
ChatterBot Oscar reevaluating
2024-10-14 13:32:32.406798 Charlie: Yes
2024-10-14 13:32:32.410552 Alpha: Yes
ChatterBot Alpha reevaluating
2024-10-14 13:32:32.414913 Papa: No
ChatterBot Papa reevaluating
2024-10-14 13:32:32.419588 Romeo: Yes
2024-10-14 13:32:32.420131 Uniform: Yes
ChatterBot Uniform reevaluating
2024-10-14 13:32:32.424367 November: No
ChatterBot November reevaluating
ChatterBot Hotel reevaluating
2024-10-14 13:32:32.437449 Oscar: No
ChatterBot Oscar reevaluating
2024-10-14 13:32:32.475824 Charlie: Yes
2024-10-14 13:32:32.477857 Alpha: Yes
2024-10-14 13:32:32.478478 Papa: No
2024-10-14 13:32:32.479667 Uniform: Yes
2024-10-14 13:32:32.480065 November: No
2024-10-14 13:32:32.481313 Hotel: Yes
2024-10-14 13:32:32.481802 Oscar: No
ChatterBot Alpha reevaluating
ChatterBot Papa reevaluating
ChatterBot Romeo reevaluating
ChatterBot Uniform reevaluating
ChatterBot November reevaluating
ChatterBot Hotel reevaluating
ChatterBot Oscar reevaluating
ChatterBot Papa reevaluating
ChatterBot Romeo reevaluating
ChatterBot Uniform reevaluating
ChatterBot November reevaluating
ChatterBot Hotel reevaluating
ChatterBot Oscar reevaluating
ChatterBot Alpha reevaluating
ChatterBot Romeo reevaluating
ChatterBot Uniform reevaluating
ChatterBot November reevaluating
ChatterBot Hotel reevaluating
ChatterBot Oscar reevaluating
ChatterBot Alpha reevaluating
ChatterBot Papa reevaluating
ChatterBot Uniform reevaluating
ChatterBot November reevaluating
ChatterBot Hotel reevaluating
ChatterBot Oscar reevaluating
ChatterBot Alpha reevaluating
ChatterBot Papa reevaluating
ChatterBot Romeo reevaluating
ChatterBot November reevaluating
ChatterBot Hotel reevaluating
ChatterBot Oscar reevaluating
ChatterBot Alpha reevaluating
ChatterBot Papa reevaluating
ChatterBot Romeo reevaluating
ChatterBot Uniform reevaluating
ChatterBot Hotel reevaluating
ChatterBot Oscar reevaluating
ChatterBot Alpha reevaluating
ChatterBot Papa reevaluating
ChatterBot Romeo reevaluating
ChatterBot Uniform reevaluating
ChatterBot November reevaluating
ChatterBot Hotel reevaluating
ChatterBot Alpha reevaluating
ChatterBot Papa reevaluating
ChatterBot Romeo reevaluating
ChatterBot Uniform reevaluating
ChatterBot November reevaluating
ChatterBot Hotel reevaluating
ChatterBot Oscar reevaluating
ChatterBot Papa reevaluating
ChatterBot Romeo reevaluating
ChatterBot Uniform reevaluating
ChatterBot November reevaluating
ChatterBot Hotel reevaluating
ChatterBot Oscar reevaluating
ChatterBot Alpha reevaluating
ChatterBot Romeo reevaluating
ChatterBot Uniform reevaluating
ChatterBot November reevaluating
ChatterBot Hotel reevaluating
ChatterBot Oscar reevaluating
ChatterBot Alpha reevaluating
ChatterBot Papa reevaluating
ChatterBot Romeo reevaluating
ChatterBot November reevaluating
ChatterBot Hotel reevaluating
ChatterBot Oscar reevaluating
ChatterBot Alpha reevaluating
ChatterBot Papa reevaluating
ChatterBot Romeo reevaluating
ChatterBot Uniform reevaluating
ChatterBot Hotel reevaluating
ChatterBot Oscar reevaluating
ChatterBot Alpha reevaluating
ChatterBot Papa reevaluating
ChatterBot Romeo reevaluating
ChatterBot Uniform reevaluating
ChatterBot November reevaluating
ChatterBot Oscar reevaluating
ChatterBot Alpha reevaluating
ChatterBot Papa reevaluating
ChatterBot Romeo reevaluating
ChatterBot Uniform reevaluating
ChatterBot November reevaluating
ChatterBot Hotel reevaluating
2024-10-14 13:32:33.143593 X-ray: We would work well together
ChatterBot India reevaluating
ChatterBot Alpha reevaluating
2024-10-14 13:32:33.157599 India: Yes
2024-10-14 13:32:33.157758 Alpha: Yes
2024-10-14 13:32:33.157859 Charlie: Yes
2024-10-14 13:32:33.157951 Hotel: Yes
ChatterBot Alpha reevaluating
ChatterBot X-ray reevaluating
ChatterBot India reevaluating
ChatterBot X-ray reevaluating
ChatterBot India reevaluating
ChatterBot Alpha reevaluating
ChatterBot X-ray reevaluating
ChatterBot India reevaluating
ChatterBot Alpha reevaluating
ChatterBot X-ray reevaluating
2024-10-14 13:32:33.278855 Uniform: Friends?
ChatterBot Alpha reevaluating
ChatterBot X-ray reevaluating
2024-10-14 13:32:33.305125 Romeo: Yes
2024-10-14 13:32:33.305341 Papa: No
2024-10-14 13:32:33.305834 Alpha: Yes
2024-10-14 13:32:33.305979 Charlie: Yes
2024-10-14 13:32:33.306100 India: No
2024-10-14 13:32:33.306196 Hotel: Yes
2024-10-14 13:32:33.306288 X-ray: No
ChatterBot Alpha reevaluating
ChatterBot X-ray reevaluating
ChatterBot Alpha reevaluating
ChatterBot X-ray reevaluating
ChatterBot India reevaluating
ChatterBot X-ray reevaluating
ChatterBot Alpha reevaluating
ChatterBot India reevaluating
ChatterBot X-ray reevaluating
ChatterBot Alpha reevaluating
ChatterBot X-ray reevaluating
ChatterBot Alpha reevaluating
ChatterBot India reevaluating
ChatterBot X-ray reevaluating
ChatterBot Alpha reevaluating
ChatterBot India reevaluating
2024-10-14 13:32:33.611967 Oscar: We should drop Charlie and Alpha
ChatterBot November reevaluating
2024-10-14 13:32:33.635849 November: No
2024-10-14 13:32:33.637125 Uniform: No
2024-10-14 13:32:33.637487 Romeo: No
2024-10-14 13:32:33.637867 Papa: Yes
2024-10-14 13:32:33.638732 Hotel: No
ChatterBot November reevaluating
ChatterBot November reevaluating
ChatterBot November reevaluating
ChatterBot November reevaluating
2024-10-14 13:32:33.773260 Romeo: India and X-ray we want you to join our group
ChatterBot India reevaluating
2024-10-14 13:32:33.786104 India: No
2024-10-14 13:32:33.786317 X-ray: No
ChatterBot X-ray reevaluating
ChatterBot November reevaluating
ChatterBot India reevaluating
ChatterBot November reevaluating
2024-10-14 13:32:33.904082 Hotel: India and X-ray we want you to join our group
ChatterBot India reevaluating
ChatterBot X-ray reevaluating
2024-10-14 13:32:33.957262 India: No
2024-10-14 13:32:33.957537 X-ray: No
ChatterBot X-ray reevaluating
ChatterBot November reevaluating
ChatterBot India reevaluating
ChatterBot November reevaluating
2024-10-14 13:32:34.072824 Alpha: India and X-ray we want you to join our group
ChatterBot India reevaluating
2024-10-14 13:32:34.086523 India: No
2024-10-14 13:32:34.086739 X-ray: No
ChatterBot X-ray reevaluating
ChatterBot November reevaluating
ChatterBot India reevaluating
ChatterBot November reevaluating
2024-10-14 13:32:34.201115 Charlie: Alpha, sending you 3
chatterbot Charlie submitting transactions
chatterbot Oscar submitting transactions
chatterbot Romeo submitting transactions
2024-10-14 13:32:34.209466 Charlie: Oscar, India, Uniform and November, sending you 1
2024-10-14 13:32:34.210530 Uniform: Alpha, Hotel and X-ray, sending you 2
2024-10-14 13:32:34.211055 India: Papa we want you to join our group
2024-10-14 13:32:34.216082 Papa: No
ChatterBot India reevaluating
ChatterBot X-ray reevaluating
2024-10-14 13:32:34.289021 Charlie: Hotel and X-ray, sending you 2
2024-10-14 13:32:34.290287 Uniform: India and Papa, sending you 3
2024-10-14 13:32:34.293135 Papa: Oscar and November, sending you 2
2024-10-14 13:32:34.293641 Oscar: Uniform, sending you 3
2024-10-14 13:32:34.295077 Alpha: Charlie, Uniform, November and Romeo, sending you 1
2024-10-14 13:32:34.295885 Romeo: Alpha, Oscar, India, Hotel, November and X-ray, sending you 1
2024-10-14 13:32:34.297779 Hotel: Alpha, Charlie, Oscar, X-ray, Romeo and Papa, sending you 2
2024-10-14 13:32:34.298952 Uniform: Romeo, sending you 4
2024-10-14 13:32:34.300116 November: Oscar, Uniform and Romeo, sending you 2
2024-10-14 13:32:34.300666 Papa: Hotel, sending you 4
2024-10-14 13:32:34.301118 Oscar: November, sending you 5
2024-10-14 13:32:34.302034 Alpha: Oscar, India, Hotel and X-ray, sending you 2
2024-10-14 13:32:34.303470 Romeo: Charlie, Uniform and Papa, sending you 2
2024-10-14 13:32:34.304351 Hotel: India and Uniform, sending you 1
2024-10-14 13:32:34.305422 November: X-ray, sending you 3
2024-10-14 13:32:34.308939 Papa: Uniform and Romeo, sending you 3
2024-10-14 13:32:34.310061 Oscar: Romeo and Papa, sending you 2
2024-10-14 13:32:34.330910 X-ray: Sending you each 4
2024-10-14 13:32:34.332187 India: Alpha, Charlie and X-ray, sending you 2
2024-10-14 13:32:34.387889 India: Hotel, Uniform, Romeo and Papa, sending you 1
chatterbot Alpha submitting transactions
chatterbot Uniform submitting transactions
chatterbot India submitting transactions
chatterbot Hotel submitting transactions
chatterbot Papa submitting transactions
chatterbot X-ray submitting transactions
chatterbot November submitting transactions
ChatterBot Alpha round 3
ChatterBot Charlie round 3
ChatterBot Oscar round 3
ChatterBot India round 3
ChatterBot Hotel round 3
ChatterBot Uniform round 3
ChatterBot November round 3
ChatterBot X-ray round 3
ChatterBot Romeo round 3
ChatterBot Papa round 3
2024-10-14 13:32:35.443443 Alpha: We should drop Oscar and November
ChatterBot Romeo reevaluating
ChatterBot Papa reevaluating
ChatterBot Charlie reevaluating
2024-10-14 13:32:35.476014 Uniform: No
2024-10-14 13:32:35.476242 Romeo: No
2024-10-14 13:32:35.476726 Papa: Yes
2024-10-14 13:32:35.476886 Charlie: Yes
2024-10-14 13:32:35.477030 India: Yes
2024-10-14 13:32:35.477173 Hotel: Yes
2024-10-14 13:32:35.477317 X-ray: Yes
ChatterBot Romeo reevaluating
ChatterBot Papa reevaluating
ChatterBot Charlie reevaluating
ChatterBot Uniform reevaluating
ChatterBot Papa reevaluating
ChatterBot Charlie reevaluating
ChatterBot Uniform reevaluating
ChatterBot Romeo reevaluating
ChatterBot Charlie reevaluating
ChatterBot Uniform reevaluating
ChatterBot Romeo reevaluating
ChatterBot Papa reevaluating
ChatterBot Uniform reevaluating
ChatterBot Romeo reevaluating
ChatterBot Papa reevaluating
ChatterBot Charlie reevaluating
ChatterBot Uniform reevaluating
ChatterBot Romeo reevaluating
ChatterBot Papa reevaluating
ChatterBot Charlie reevaluating
ChatterBot Uniform reevaluating
ChatterBot Romeo reevaluating
ChatterBot Papa reevaluating
ChatterBot Charlie reevaluating
2024-10-14 13:32:35.789081 November: We should drop X-ray
ChatterBot Uniform reevaluating
ChatterBot Romeo reevaluating
ChatterBot Papa reevaluating
2024-10-14 13:32:35.814509 Oscar: Yes
2024-10-14 13:32:35.815165 Uniform: Yes
2024-10-14 13:32:35.815308 Romeo: Yes
2024-10-14 13:32:35.815435 Papa: Yes
ChatterBot Uniform reevaluating
ChatterBot Romeo reevaluating
ChatterBot Papa reevaluating
ChatterBot Romeo reevaluating
ChatterBot Papa reevaluating
ChatterBot Uniform reevaluating
ChatterBot Papa reevaluating
ChatterBot Oscar reevaluating
ChatterBot Uniform reevaluating
ChatterBot Romeo reevaluating
2024-10-14 13:32:35.888671 India: Alpha, Charlie, Hotel, X-ray and Romeo, sending you 2
2024-10-14 13:32:35.892003 India: Uniform, sending you 3
2024-10-14 13:32:35.896008 India: Papa, sending you 1
2024-10-14 13:32:35.896695 X-ray: Alpha, Charlie, India, Hotel and Uniform, sending you 3
2024-10-14 13:32:35.900190 X-ray: Romeo, sending you 1
2024-10-14 13:32:35.901721 Papa: Alpha, sending you 2
2024-10-14 13:32:35.902726 Hotel: Alpha, Charlie, India, Uniform, X-ray, Romeo and Papa, sending you 2
2024-10-14 13:32:35.903237 Romeo: Alpha and India, sending you 1
2024-10-14 13:32:35.905703 November: Oscar, sending you 4
2024-10-14 13:32:35.906546 Romeo: Charlie and Hotel, sending you 2
2024-10-14 13:32:35.907656 Papa: India, sending you 1
2024-10-14 13:32:35.909690 Alpha: Charlie, India, Hotel, Uniform, X-ray and Romeo, sending you 2
2024-10-14 13:32:35.910589 Charlie: Alpha, India and Hotel, sending you 2
2024-10-14 13:32:35.911154 November: Uniform, sending you 1
2024-10-14 13:32:35.911707 Romeo: Uniform and Papa, sending you 3
2024-10-14 13:32:35.912912 Papa: Hotel and Uniform, sending you 4
2024-10-14 13:32:35.913663 November: Romeo and Papa, sending you 2
2024-10-14 13:32:35.914678 Charlie: Uniform and Romeo, sending you 1
2024-10-14 13:32:35.915271 Oscar: Alpha, Hotel and Papa, sending you 2
2024-10-14 13:32:35.916678 Papa: Romeo, sending you 3
2024-10-14 13:32:35.917696 Charlie: X-ray, sending you 3
2024-10-14 13:32:35.918676 Oscar: Charlie, Uniform and Romeo, sending you 1
2024-10-14 13:32:35.921710 Oscar: November, sending you 3
chatterbot India submitting transactions
2024-10-14 13:32:36.233029 Uniform: Let's form a team
2024-10-14 13:32:36.254658 November: Yes
2024-10-14 13:32:36.254813 Oscar: Yes
2024-10-14 13:32:36.254927 Romeo: No
2024-10-14 13:32:36.255584 Papa: No
ChatterBot Uniform reevaluating
ChatterBot Uniform reevaluating
ChatterBot Uniform reevaluating
ChatterBot Uniform reevaluating
chatterbot X-ray submitting transactions
chatterbot November submitting transactions
2024-10-14 13:32:36.334694 Uniform: Oscar, November and Papa, sending you 3
2024-10-14 13:32:36.339680 Uniform: Romeo, sending you 4
chatterbot Oscar submitting transactions
chatterbot Hotel submitting transactions
chatterbot Alpha submitting transactions
chatterbot Romeo submitting transactions
chatterbot Charlie submitting transactions
chatterbot Uniform submitting transactions
chatterbot Papa submitting transactions
ChatterBot Alpha round 4
ChatterBot Charlie round 4
ChatterBot Oscar round 4
ChatterBot India round 4
ChatterBot Hotel round 4
ChatterBot Uniform round 4
ChatterBot November round 4
ChatterBot X-ray round 4
ChatterBot Romeo round 4
ChatterBot Papa round 4
2024-10-14 13:32:37.035153 X-ray: We should drop Uniform and Papa
2024-10-14 13:32:37.055236 Alpha: No
2024-10-14 13:32:37.055443 Charlie: No
2024-10-14 13:32:37.056124 India: No
2024-10-14 13:32:37.056287 Hotel: No
2024-10-14 13:32:37.056452 Romeo: No
ChatterBot X-ray reevaluating
ChatterBot X-ray reevaluating
ChatterBot X-ray reevaluating
2024-10-14 13:32:37.135682 Hotel: Alpha, Charlie, India, X-ray and Romeo, sending you 2
2024-10-14 13:32:37.137198 Uniform: Alpha, India, Hotel and X-ray, sending you 2
2024-10-14 13:32:37.137737 Alpha: Charlie, India and Hotel, sending you 2
2024-10-14 13:32:37.138206 Oscar: Hotel, Romeo and Papa, sending you 1
2024-10-14 13:32:37.139674 Hotel: Uniform, sending you 1
2024-10-14 13:32:37.142670 Uniform: Charlie, sending you 1
2024-10-14 13:32:37.143873 Alpha: Uniform, Romeo and Papa, sending you 1
2024-10-14 13:32:37.144468 Oscar: Uniform, sending you 3
2024-10-14 13:32:37.144831 Hotel: Papa, sending you 3
2024-10-14 13:32:37.146679 November: Oscar, sending you 4
2024-10-14 13:32:37.147168 Alpha: X-ray, sending you 3
2024-10-14 13:32:37.148489 Oscar: November, sending you 5
2024-10-14 13:32:37.149053 Uniform: Romeo and Papa, sending you 3
2024-10-14 13:32:37.150415 Romeo: Alpha, Hotel and Papa, sending you 2
2024-10-14 13:32:37.151915 November: Uniform, sending you 2
2024-10-14 13:32:37.153725 India: Alpha, Charlie, Hotel, Uniform, X-ray, Romeo and Papa, sending you 2
2024-10-14 13:32:37.154669 Romeo: Charlie, India and X-ray, sending you 1
2024-10-14 13:32:37.155993 Charlie: Alpha, India, Hotel, X-ray and Romeo, sending you 2
2024-10-14 13:32:37.156874 November: Romeo and Papa, sending you 1
2024-10-14 13:32:37.157866 Papa: Oscar, sending you 3
2024-10-14 13:32:37.159681 Charlie: Uniform, sending you 1
2024-10-14 13:32:37.161031 Romeo: Uniform, sending you 3
2024-10-14 13:32:37.162171 Papa: Hotel, Uniform and Romeo, sending you 4
2024-10-14 13:32:37.165714 Papa: November, sending you 1
chatterbot Uniform submitting transactions
chatterbot X-ray submitting transactions
chatterbot Papa submitting transactions
chatterbot Charlie submitting transactions
chatterbot Uniform submitting transactions
chatterbot India submitting transactions
chatterbot Alpha submitting transactions
chatterbot November submitting transactions
chatterbot Oscar submitting transactions
chatterbot Hotel submitting transactions
chatterbot Romeo submitting transactions
ChatterBot Alpha round 5
ChatterBot Charlie round 5
ChatterBot Oscar round 5
ChatterBot India round 5
ChatterBot Hotel round 5
ChatterBot Uniform round 5
ChatterBot November round 5
ChatterBot X-ray round 5
ChatterBot Romeo round 5
ChatterBot Papa round 5
2024-10-14 13:32:38.328129 Oscar: We should drop Hotel
ChatterBot Romeo reevaluating
ChatterBot Papa reevaluating
2024-10-14 13:32:38.349923 November: Yes
2024-10-14 13:32:38.350703 Uniform: No
2024-10-14 13:32:38.350941 Romeo: No
2024-10-14 13:32:38.351366 Papa: No
ChatterBot Romeo reevaluating
ChatterBot Papa reevaluating
ChatterBot Romeo reevaluating
ChatterBot Papa reevaluating
ChatterBot Papa reevaluating
ChatterBot Romeo reevaluating
2024-10-14 13:32:38.445808 X-ray: We should drop Papa
2024-10-14 13:32:38.478036 India: No
2024-10-14 13:32:38.478248 Alpha: No
2024-10-14 13:32:38.478410 Charlie: No
2024-10-14 13:32:38.478561 Hotel: No
2024-10-14 13:32:38.478718 Uniform: No
2024-10-14 13:32:38.478870 Romeo: No
ChatterBot X-ray reevaluating
ChatterBot X-ray reevaluating
ChatterBot X-ray reevaluating
ChatterBot X-ray reevaluating
ChatterBot X-ray reevaluating
ChatterBot X-ray reevaluating
2024-10-14 13:32:38.609601 Hotel: Alpha, Charlie, India, X-ray and Romeo, sending you 2
2024-10-14 13:32:38.610164 Charlie: Alpha, India and Hotel, sending you 2
2024-10-14 13:32:38.610860 Alpha: Charlie, India, Hotel, Uniform, X-ray and Romeo, sending you 2
2024-10-14 13:32:38.613702 Uniform: Alpha, India and Hotel, sending you 2
2024-10-14 13:32:38.614861 Hotel: Uniform, sending you 1
2024-10-14 13:32:38.615676 November: Oscar, sending you 4
2024-10-14 13:32:38.616296 Charlie: Uniform and Romeo, sending you 1
2024-10-14 13:32:38.617252 India: Alpha, Charlie, Hotel, Uniform, X-ray, Romeo and Papa, sending you 2
2024-10-14 13:32:38.617836 Oscar: Uniform, sending you 2
2024-10-14 13:32:38.618228 Uniform: Charlie and X-ray, sending you 1
2024-10-14 13:32:38.619084 Hotel: Papa, sending you 3
2024-10-14 13:32:38.620050 November: Uniform and Papa, sending you 2
2024-10-14 13:32:38.621078 Charlie: X-ray, sending you 3
2024-10-14 13:32:38.621963 Romeo: Alpha, India and X-ray, sending you 1
2024-10-14 13:32:38.623210 Uniform: Romeo, sending you 4
2024-10-14 13:32:38.623925 Oscar: November, sending you 5
2024-10-14 13:32:38.625934 Romeo: Charlie, Hotel and Papa, sending you 2
2024-10-14 13:32:38.626675 Oscar: Romeo, sending you 1
2024-10-14 13:32:38.628006 Papa: Alpha, sending you 1
2024-10-14 13:32:38.628731 Uniform: Papa, sending you 3
2024-10-14 13:32:38.629735 Romeo: Uniform, sending you 3
2024-10-14 13:32:38.630411 Oscar: Papa, sending you 3
2024-10-14 13:32:38.631675 Papa: India, sending you 2
2024-10-14 13:32:38.637115 Papa: Hotel, Uniform and Romeo, sending you 4
2024-10-14 13:32:38.639688 X-ray: Alpha, sending you 4
2024-10-14 13:32:38.643710 X-ray: Charlie, India and Hotel, sending you 3
2024-10-14 13:32:38.648670 X-ray: Uniform, sending you 2
2024-10-14 13:32:38.653684 X-ray: Romeo, sending you 1
chatterbot Oscar submitting transactions
chatterbot Alpha submitting transactions
chatterbot Uniform submitting transactions
chatterbot India submitting transactions
chatterbot November submitting transactions
chatterbot Charlie submitting transactions
chatterbot Hotel submitting transactions
chatterbot Papa submitting transactions
chatterbot Romeo submitting transactions
chatterbot X-ray submitting transactions
ChatterBot Alpha round 6
ChatterBot Charlie round 6
ChatterBot Oscar round 6
ChatterBot India round 6
ChatterBot Hotel round 6
ChatterBot Uniform round 6
ChatterBot November round 6
ChatterBot X-ray round 6
ChatterBot Romeo round 6
ChatterBot Papa round 6
2024-10-14 13:32:39.757669 Charlie: Alpha, India, Hotel, X-ray and Romeo, sending you 2
2024-10-14 13:32:39.760685 Charlie: Uniform, sending you 1
2024-10-14 13:32:39.762723 Hotel: Alpha, Charlie, Uniform, X-ray and Romeo, sending you 2
2024-10-14 13:32:39.763835 Papa: Alpha, sending you 1
2024-10-14 13:32:39.764844 Alpha: Charlie, India, Hotel, Uniform, X-ray and Romeo, sending you 2
2024-10-14 13:32:39.766708 X-ray: Alpha, India and Hotel, sending you 3
2024-10-14 13:32:39.767705 Hotel: India, sending you 1
2024-10-14 13:32:39.768495 Papa: India, sending you 2
2024-10-14 13:32:39.769679 Oscar: Uniform and Papa, sending you 2
2024-10-14 13:32:39.770919 X-ray: Charlie, sending you 4
2024-10-14 13:32:39.771705 Papa: Hotel and Uniform, sending you 4
2024-10-14 13:32:39.772695 Hotel: Papa, sending you 3
2024-10-14 13:32:39.773703 India: Alpha, Charlie, Hotel, Uniform, X-ray, Romeo and Papa, sending you 2
2024-10-14 13:32:39.775678 Uniform: Alpha, India and Hotel, sending you 2
2024-10-14 13:32:39.776264 X-ray: Uniform, sending you 2
2024-10-14 13:32:39.776643 Oscar: November, sending you 5
2024-10-14 13:32:39.777045 Papa: Romeo, sending you 3
2024-10-14 13:32:39.778284 November: Same as last round
2024-10-14 13:32:39.779654 X-ray: Romeo, sending you 1
2024-10-14 13:32:39.781142 Uniform: Charlie and X-ray, sending you 1
2024-10-14 13:32:39.782034 Oscar: Romeo, sending you 1
2024-10-14 13:32:39.782491 Romeo: Alpha, Charlie, India and X-ray, sending you 1
2024-10-14 13:32:39.785695 Uniform: Romeo, sending you 4
2024-10-14 13:32:39.787657 Romeo: Hotel and Papa, sending you 2
2024-10-14 13:32:39.789693 Uniform: Papa, sending you 3
2024-10-14 13:32:39.795154 Romeo: Uniform, sending you 4
chatterbot Charlie submitting transactions
chatterbot November submitting transactions
chatterbot Oscar submitting transactions
chatterbot Papa submitting transactions
chatterbot Alpha submitting transactions
chatterbot India submitting transactions
chatterbot X-ray submitting transactions
chatterbot Uniform submitting transactions
chatterbot Romeo submitting transactions
chatterbot Hotel submitting transactions
ChatterBot Alpha round 7
ChatterBot Charlie round 7
ChatterBot Oscar round 7
ChatterBot India round 7
ChatterBot Hotel round 7
ChatterBot Uniform round 7
ChatterBot November round 7
ChatterBot X-ray round 7
ChatterBot Romeo round 7
ChatterBot Papa round 7
2024-10-14 13:32:40.954701 Alpha: Charlie, India, Hotel, Uniform, X-ray and Romeo, sending you 2
2024-10-14 13:32:40.959907 X-ray: Alpha, India and Hotel, sending you 3
2024-10-14 13:32:40.961133 Hotel: Alpha, Charlie, Uniform, X-ray and Romeo, sending you 2
2024-10-14 13:32:40.963069 November: Same as last round
2024-10-14 13:32:40.964030 Charlie: Alpha, India, Hotel, X-ray and Romeo, sending you 2
2024-10-14 13:32:40.965119 X-ray: Charlie, sending you 4
2024-10-14 13:32:40.965936 Hotel: India, sending you 1
2024-10-14 13:32:40.968121 Charlie: Uniform, sending you 1
2024-10-14 13:32:40.969380 Oscar: Uniform, sending you 1
2024-10-14 13:32:40.970998 Romeo: Alpha, Hotel and Papa, sending you 2
2024-10-14 13:32:40.972889 Uniform: Alpha, India, Hotel and X-ray, sending you 2
2024-10-14 13:32:40.975290 X-ray: Uniform, sending you 2
2024-10-14 13:32:40.976255 India: Alpha, Charlie, Hotel, Uniform, X-ray, Romeo and Papa, sending you 2
2024-10-14 13:32:40.978234 Hotel: Papa, sending you 3
2024-10-14 13:32:40.980188 Oscar: November, sending you 5
2024-10-14 13:32:40.981274 Romeo: Charlie, India and X-ray, sending you 1
2024-10-14 13:32:40.983111 Uniform: Romeo, sending you 4
2024-10-14 13:32:40.983906 X-ray: Romeo, sending you 1
2024-10-14 13:32:40.984457 Oscar: Papa, sending you 2
2024-10-14 13:32:40.984909 Papa: Alpha, sending you 1
2024-10-14 13:32:40.986671 Romeo: Uniform, sending you 3
2024-10-14 13:32:40.987516 Uniform: Papa, sending you 3
2024-10-14 13:32:40.988783 Papa: India, sending you 2
2024-10-14 13:32:40.992859 Papa: Hotel and Uniform, sending you 4
2024-10-14 13:32:40.997973 Papa: Romeo, sending you 3
chatterbot Romeo submitting transactions
chatterbot Alpha submitting transactions
chatterbot Oscar submitting transactions
chatterbot India submitting transactions
chatterbot X-ray submitting transactions
chatterbot Papa submitting transactions
chatterbot Uniform submitting transactions
chatterbot Hotel submitting transactions
chatterbot Charlie submitting transactions
chatterbot November submitting transactions
ChatterBot Alpha round 8
ChatterBot Charlie round 8
ChatterBot Oscar round 8
ChatterBot India round 8
ChatterBot Hotel round 8
ChatterBot Uniform round 8
ChatterBot November round 8
ChatterBot X-ray round 8
ChatterBot Romeo round 8
ChatterBot Papa round 8
2024-10-14 13:32:41.963292 Papa: We should drop X-ray
ChatterBot Uniform reevaluating
2024-10-14 13:32:41.984476 Alpha: Yes
2024-10-14 13:32:41.984672 Charlie: Yes
2024-10-14 13:32:41.984809 India: Yes
2024-10-14 13:32:41.984930 Hotel: Yes
2024-10-14 13:32:41.985057 Uniform: Yes
2024-10-14 13:32:41.985183 Romeo: Yes
ChatterBot Uniform reevaluating
ChatterBot Uniform reevaluating
ChatterBot Uniform reevaluating
ChatterBot Uniform reevaluating
ChatterBot Romeo reevaluating
ChatterBot Romeo reevaluating
ChatterBot Alpha reevaluating
ChatterBot Uniform reevaluating
2024-10-14 13:32:42.225986 Charlie: Alpha, India and Hotel, sending you 2
2024-10-14 13:32:42.228993 India: Alpha, Charlie, Hotel, Uniform, X-ray, Romeo and Papa, sending you 2
2024-10-14 13:32:42.231957 X-ray: Alpha, Charlie, India and Hotel, sending you 3
2024-10-14 13:32:42.234879 Hotel: Alpha, Charlie, Uniform, X-ray and Romeo, sending you 2
2024-10-14 13:32:42.237729 November: Sending you 3
2024-10-14 13:32:42.238310 Oscar: Uniform, sending you 1
2024-10-14 13:32:42.239979 Charlie: Uniform and Romeo, sending you 1
2024-10-14 13:32:42.242802 X-ray: Uniform and Romeo, sending you 2
2024-10-14 13:32:42.244908 Hotel: India, sending you 1
2024-10-14 13:32:42.246487 Oscar: November, sending you 6
2024-10-14 13:32:42.247955 Charlie: X-ray, sending you 3
2024-10-14 13:32:42.249771 Papa: Alpha and Charlie, sending you 1
2024-10-14 13:32:42.250702 Hotel: Papa, sending you 3
2024-10-14 13:32:42.252487 Oscar: Papa, sending you 2
2024-10-14 13:32:42.253333 Papa: India, sending you 2
chatterbot November submitting transactions
2024-10-14 13:32:42.256659 Papa: Hotel, sending you 5
2024-10-14 13:32:42.261707 Papa: Uniform, sending you 4
2024-10-14 13:32:42.263700 Romeo: Alpha, Charlie, Hotel and Papa, sending you 2
2024-10-14 13:32:42.265728 Alpha: Sending you each 2
2024-10-14 13:32:42.266803 Papa: Romeo, sending you 3
2024-10-14 13:32:42.267871 Uniform: Alpha, India and Hotel, sending you 2
2024-10-14 13:32:42.270681 Romeo: India, sending you 1
2024-10-14 13:32:42.272703 Uniform: Charlie, sending you 1
2024-10-14 13:32:42.275676 Romeo: Uniform, sending you 3
2024-10-14 13:32:42.277660 Uniform: Romeo, sending you 4
2024-10-14 13:32:42.283678 Uniform: Papa, sending you 3
chatterbot Papa submitting transactions
chatterbot India submitting transactions
chatterbot Charlie submitting transactions
chatterbot Alpha submitting transactions
chatterbot Hotel submitting transactions
chatterbot X-ray submitting transactions
chatterbot Uniform submitting transactions
chatterbot Oscar submitting transactions
chatterbot Romeo submitting transactions
ChatterBot Alpha round 9
ChatterBot Charlie round 9
ChatterBot Oscar round 9
ChatterBot India round 9
ChatterBot Hotel round 9
ChatterBot Uniform round 9
ChatterBot November round 9
ChatterBot X-ray round 9
ChatterBot Romeo round 9
ChatterBot Papa round 9
2024-10-14 13:32:43.342578 Alpha: We should add X-ray
ChatterBot Charlie reevaluating
ChatterBot India reevaluating
2024-10-14 13:32:43.377759 Papa: Yes
2024-10-14 13:32:43.377960 Charlie: Yes
2024-10-14 13:32:43.378123 India: Yes
2024-10-14 13:32:43.378267 Hotel: Yes
2024-10-14 13:32:43.378408 Uniform: Yes
2024-10-14 13:32:43.378553 Romeo: Yes
ChatterBot Charlie reevaluating
ChatterBot India reevaluating
ChatterBot Romeo reevaluating
ChatterBot India reevaluating
ChatterBot Romeo reevaluating
ChatterBot Charlie reevaluating
ChatterBot Romeo reevaluating
ChatterBot Charlie reevaluating
ChatterBot India reevaluating
ChatterBot Uniform reevaluating
ChatterBot Romeo reevaluating
ChatterBot Papa reevaluating
ChatterBot Charlie reevaluating
ChatterBot India reevaluating
ChatterBot Romeo reevaluating
ChatterBot Papa reevaluating
ChatterBot Charlie reevaluating
ChatterBot India reevaluating
ChatterBot Uniform reevaluating
2024-10-14 13:32:43.637721 Alpha: X-ray we want you to join our group
2024-10-14 13:32:43.642912 X-ray: No
ChatterBot Uniform reevaluating
ChatterBot Romeo reevaluating
ChatterBot Papa reevaluating
ChatterBot Charlie reevaluating
ChatterBot India reevaluating
2024-10-14 13:32:43.672673 Oscar: Uniform and Papa, sending you 1
2024-10-14 13:32:43.673472 Hotel: Alpha, Charlie, Uniform, X-ray and Romeo, sending you 2
2024-10-14 13:32:43.675668 Papa: X-ray we want you to join our group
2024-10-14 13:32:43.679371 X-ray: No
ChatterBot Uniform reevaluating
2024-10-14 13:32:43.700106 Romeo: X-ray we want you to join our group
2024-10-14 13:32:43.703551 X-ray: No
ChatterBot Uniform reevaluating
2024-10-14 13:32:43.724623 Oscar: November, sending you 6
2024-10-14 13:32:43.725415 Hotel: India, sending you 1
2024-10-14 13:32:43.728677 Uniform: X-ray we want you to join our group
2024-10-14 13:32:43.733569 X-ray: No
ChatterBot Uniform reevaluating
2024-10-14 13:32:43.772099 November: Same as last round
2024-10-14 13:32:43.772415 Charlie: Alpha, India, Hotel, X-ray and Romeo, sending you 2
2024-10-14 13:32:43.773676 India: Alpha, Charlie, Hotel, Uniform, X-ray, Romeo and Papa, sending you 2
2024-10-14 13:32:43.775420 Hotel: Papa, sending you 3
2024-10-14 13:32:43.776522 X-ray: Alpha and India, sending you 3
2024-10-14 13:32:43.777174 Alpha: Charlie, India, Hotel, Uniform, X-ray and Romeo, sending you 2
2024-10-14 13:32:43.778787 Charlie: Uniform, sending you 1
2024-10-14 13:32:43.781679 X-ray: Charlie and Hotel, sending you 4
2024-10-14 13:32:43.783703 Romeo: Alpha, Hotel and Papa, sending you 2
2024-10-14 13:32:43.785190 Papa: Alpha, sending you 1
2024-10-14 13:32:43.786666 X-ray: Uniform, sending you 2
2024-10-14 13:32:43.788676 Romeo: Charlie, India and X-ray, sending you 1
2024-10-14 13:32:43.790691 Papa: India, sending you 2
2024-10-14 13:32:43.792675 Romeo: Uniform, sending you 3
2024-10-14 13:32:43.796656 Papa: Hotel, sending you 5
2024-10-14 13:32:43.799672 Papa: Uniform, sending you 4
chatterbot Oscar submitting transactions
2024-10-14 13:32:43.805764 Papa: Romeo, sending you 3
2024-10-14 13:32:43.811682 Uniform: Alpha, India, Hotel and X-ray, sending you 2
2024-10-14 13:32:43.817680 Uniform: Charlie, sending you 1
2024-10-14 13:32:43.821663 Uniform: Romeo, sending you 4
2024-10-14 13:32:43.825660 Uniform: Papa, sending you 3
chatterbot Alpha submitting transactions
chatterbot X-ray submitting transactions
chatterbot Papa submitting transactions
chatterbot November submitting transactions
chatterbot Hotel submitting transactions
chatterbot Romeo submitting transactions
chatterbot Uniform submitting transactions
chatterbot India submitting transactions
chatterbot Charlie submitting transactions
ChatterBot Alpha round 10
ChatterBot Charlie round 10
ChatterBot Oscar round 10
ChatterBot India round 10
ChatterBot Hotel round 10
ChatterBot Uniform round 10
ChatterBot November round 10
ChatterBot X-ray round 10
ChatterBot Romeo round 10
ChatterBot Papa round 10
2024-10-14 13:32:44.860702 Oscar: We should group up
