ChatterBot Victor round 1
ChatterBot November round 1
ChatterBot Romeo round 1
ChatterBot X-ray round 1
ChatterBot Yankee round 1
ChatterBot Lima round 1
ChatterBot Papa round 1
ChatterBot Echo round 1
ChatterBot Quebec round 1
ChatterBot Kilo round 1
randomSelections Yankee: {Yankee, Victor, November, Lima, Echo} 
2024-10-15 04:56:07.097321 Yankee: Let's form a team
ChatterBot Victor reevaluating
ChatterBot November reevaluating
ChatterBot Lima reevaluating
ChatterBot Echo reevaluating
2024-10-15 04:56:07.108978 Victor: Yes
2024-10-15 04:56:07.109386 November: Yes
2024-10-15 04:56:07.109600 Lima: Yes
2024-10-15 04:56:07.110359 Echo: Yes
ChatterBot November reevaluating
ChatterBot Lima reevaluating
ChatterBot Echo reevaluating
ChatterBot Victor reevaluating
ChatterBot Lima reevaluating
ChatterBot Echo reevaluating
ChatterBot Victor reevaluating
ChatterBot November reevaluating
ChatterBot Echo reevaluating
ChatterBot Victor reevaluating
ChatterBot November reevaluating
ChatterBot Lima reevaluating
randomSelections X-ray: {X-ray, Papa, Quebec, November, Lima, Echo, Romeo, Yankee} 
2024-10-15 04:56:07.155735 X-ray: Friends?
ChatterBot Papa reevaluating
ChatterBot Quebec reevaluating
ChatterBot November reevaluating
ChatterBot Lima reevaluating
ChatterBot Echo reevaluating
ChatterBot Romeo reevaluating
2024-10-15 04:56:07.176076 Papa: Yes
2024-10-15 04:56:07.176308 Quebec: Yes
2024-10-15 04:56:07.177273 November: No
2024-10-15 04:56:07.177649 Lima: No
2024-10-15 04:56:07.178064 Echo: No
2024-10-15 04:56:07.179215 Romeo: Yes
2024-10-15 04:56:07.179537 Yankee: No
ChatterBot Quebec reevaluating
ChatterBot November reevaluating
ChatterBot Lima reevaluating
ChatterBot Echo reevaluating
ChatterBot Romeo reevaluating
ChatterBot Papa reevaluating
ChatterBot November reevaluating
ChatterBot Lima reevaluating
ChatterBot Echo reevaluating
ChatterBot Romeo reevaluating
ChatterBot Papa reevaluating
ChatterBot Quebec reevaluating
ChatterBot Lima reevaluating
ChatterBot Echo reevaluating
ChatterBot Romeo reevaluating
ChatterBot Papa reevaluating
ChatterBot Quebec reevaluating
ChatterBot November reevaluating
ChatterBot Echo reevaluating
ChatterBot Romeo reevaluating
ChatterBot Papa reevaluating
ChatterBot Quebec reevaluating
ChatterBot November reevaluating
ChatterBot Lima reevaluating
ChatterBot Romeo reevaluating
ChatterBot Papa reevaluating
ChatterBot Quebec reevaluating
ChatterBot November reevaluating
ChatterBot Lima reevaluating
ChatterBot Echo reevaluating
ChatterBot Papa reevaluating
ChatterBot Quebec reevaluating
ChatterBot November reevaluating
ChatterBot Lima reevaluating
ChatterBot Echo reevaluating
ChatterBot Romeo reevaluating
randomSelections Kilo: {Kilo, Echo, Papa, Lima, Romeo, November} 
2024-10-15 04:56:07.275415 Kilo: Let's form a team
ChatterBot Echo reevaluating
ChatterBot Papa reevaluating
ChatterBot Lima reevaluating
ChatterBot Romeo reevaluating
ChatterBot November reevaluating
2024-10-15 04:56:07.281463 Echo: No
2024-10-15 04:56:07.281581 Papa: No
2024-10-15 04:56:07.282094 Lima: No
2024-10-15 04:56:07.282217 Romeo: No
2024-10-15 04:56:07.282348 November: No
ChatterBot Papa reevaluating
ChatterBot Lima reevaluating
ChatterBot Romeo reevaluating
ChatterBot November reevaluating
ChatterBot Echo reevaluating
ChatterBot Lima reevaluating
ChatterBot Romeo reevaluating
ChatterBot November reevaluating
ChatterBot Echo reevaluating
ChatterBot Papa reevaluating
ChatterBot Romeo reevaluating
ChatterBot November reevaluating
ChatterBot Echo reevaluating
ChatterBot Papa reevaluating
ChatterBot Lima reevaluating
ChatterBot November reevaluating
ChatterBot Echo reevaluating
ChatterBot Papa reevaluating
ChatterBot Lima reevaluating
ChatterBot Romeo reevaluating
2024-10-15 04:56:07.343683 Yankee: Victor and Echo, sending you 1
2024-10-15 04:56:07.344040 Lima: Victor, sending you 4
2024-10-15 04:56:07.344300 Romeo: November, Lima and Quebec, sending you 2
2024-10-15 04:56:07.346700 X-ray: November, Yankee, Papa, Echo and Quebec, sending you 3
2024-10-15 04:56:07.347156 Papa: November, sending you 4
2024-10-15 04:56:07.347435 Yankee: November and Lima, sending you 4
2024-10-15 04:56:07.347687 Romeo: X-ray, Yankee, Papa and Echo, sending you 3
2024-10-15 04:56:07.347990 Echo: Victor, sending you 6
2024-10-15 04:56:07.349170 Lima: November, sending you 3
2024-10-15 04:56:07.349658 Kilo: November, Romeo, Papa and Echo, sending you 3
2024-10-15 04:56:07.349921 X-ray: Romeo and Lima, sending you 2
2024-10-15 04:56:07.350683 Echo: November and Lima, sending you 4
2024-10-15 04:56:07.351678 Papa: Romeo and Quebec, sending you 2
2024-10-15 04:56:07.352714 Quebec: November, sending you 1
2024-10-15 04:56:07.353233 Lima: Yankee and Echo, sending you 6
2024-10-15 04:56:07.353664 November: Victor, Yankee and Echo, sending you 3
2024-10-15 04:56:07.354685 Kilo: Lima, sending you 5
2024-10-15 04:56:07.355606 Papa: X-ray, sending you 1
2024-10-15 04:56:07.355917 Echo: Yankee, sending you 3
2024-10-15 04:56:07.356714 Victor: November and Echo, sending you 6
2024-10-15 04:56:07.357106 Quebec: Romeo, X-ray and Yankee, sending you 3
2024-10-15 04:56:07.357669 November: Lima, sending you 1
2024-10-15 04:56:07.360660 Papa: Yankee, sending you 5
2024-10-15 04:56:07.361793 Victor: Yankee and Lima, sending you 4
2024-10-15 04:56:07.362139 Quebec: Lima, Papa and Echo, sending you 2
2024-10-15 04:56:07.364654 Papa: Lima, sending you 3
chatterbot Victor submitting transactions
chatterbot Lima submitting transactions
chatterbot Kilo submitting transactions
chatterbot Echo submitting transactions
chatterbot Quebec submitting transactions
chatterbot Yankee submitting transactions
chatterbot X-ray submitting transactions
chatterbot Papa submitting transactions
chatterbot Romeo submitting transactions
chatterbot November submitting transactions
ChatterBot Victor round 2
ChatterBot November round 2
ChatterBot Romeo round 2
ChatterBot X-ray round 2
2024-10-15 04:56:09.427647 November: We should add Kilo
ChatterBot Yankee reevaluating
ChatterBot Lima reevaluating
ChatterBot Echo reevaluating
2024-10-15 04:56:09.473913 Yankee: No
2024-10-15 04:56:09.474106 Victor: No
2024-10-15 04:56:09.474261 Lima: No
2024-10-15 04:56:09.475005 Echo: No
ChatterBot November reevaluating
ChatterBot Lima reevaluating
ChatterBot Echo reevaluating
ChatterBot Yankee reevaluating
ChatterBot November reevaluating
ChatterBot Lima reevaluating
ChatterBot Echo reevaluating
ChatterBot Yankee reevaluating
ChatterBot November reevaluating
ChatterBot Echo reevaluating
ChatterBot Yankee reevaluating
ChatterBot November reevaluating
ChatterBot Lima reevaluating
ChatterBot Yankee round 2
ChatterBot Lima round 2
ChatterBot Papa round 2
ChatterBot Echo round 2
ChatterBot Quebec round 2
ChatterBot Kilo round 2
2024-10-15 04:56:09.641244 Romeo: Can we be friends?
ChatterBot X-ray reevaluating
ChatterBot Papa reevaluating
ChatterBot Quebec reevaluating
ChatterBot Kilo reevaluating
2024-10-15 04:56:09.659145 X-ray: Yes
2024-10-15 04:56:09.659385 Papa: Yes
2024-10-15 04:56:09.659961 Quebec: Yes
2024-10-15 04:56:09.660111 Kilo: Yes
ChatterBot Papa reevaluating
ChatterBot Quebec reevaluating
ChatterBot Kilo reevaluating
ChatterBot X-ray reevaluating
ChatterBot Quebec reevaluating
ChatterBot Kilo reevaluating
ChatterBot X-ray reevaluating
ChatterBot Papa reevaluating
ChatterBot Kilo reevaluating
ChatterBot X-ray reevaluating
ChatterBot Papa reevaluating
ChatterBot Quebec reevaluating
2024-10-15 04:56:09.731999 Lima: We should add Kilo
ChatterBot Yankee reevaluating
ChatterBot November reevaluating
ChatterBot Echo reevaluating
2024-10-15 04:56:09.746785 Yankee: No
2024-10-15 04:56:09.746938 Victor: No
2024-10-15 04:56:09.747555 November: No
2024-10-15 04:56:09.747711 Echo: No
ChatterBot November reevaluating
ChatterBot Lima reevaluating
ChatterBot Echo reevaluating
ChatterBot Yankee reevaluating
ChatterBot November reevaluating
ChatterBot Lima reevaluating
ChatterBot Echo reevaluating
ChatterBot Yankee reevaluating
ChatterBot Lima reevaluating
ChatterBot Echo reevaluating
ChatterBot Yankee reevaluating
ChatterBot November reevaluating
ChatterBot Lima reevaluating
2024-10-15 04:56:10.246956 Lima: Kilo we want you to join our group
2024-10-15 04:56:10.251227 Kilo: No
2024-10-15 04:56:10.267580 Victor: November and Lima, sending you 5
chatterbot Victor submitting transactions
2024-10-15 04:56:10.384434 Victor: Yankee, sending you 3
2024-10-15 04:56:10.385919 Romeo: Sending you each 3
2024-10-15 04:56:10.387105 Kilo: Romeo, X-ray and Papa, sending you 5
2024-10-15 04:56:10.387627 Quebec: Romeo, X-ray and Papa, sending you 3
2024-10-15 04:56:10.388715 Echo: Victor, sending you 6
2024-10-15 04:56:10.390219 X-ray: Romeo and Quebec, sending you 4
2024-10-15 04:56:10.390663 November: Victor, sending you 4
2024-10-15 04:56:10.391244 Yankee: Victor and Lima, sending you 3
chatterbot Quebec submitting transactions
2024-10-15 04:56:10.392743 Victor: Echo, sending you 7
2024-10-15 04:56:10.394108 Kilo: Quebec, sending you 3
2024-10-15 04:56:10.395557 Echo: November, sending you 4
2024-10-15 04:56:10.396380 Quebec: Kilo, sending you 2
2024-10-15 04:56:10.397338 November: Yankee, Lima and Echo, sending you 2
2024-10-15 04:56:10.397932 X-ray: Papa, sending you 3
2024-10-15 04:56:10.399065 Yankee: November and Echo, sending you 2
2024-10-15 04:56:10.399577 Papa: Romeo, sending you 5
2024-10-15 04:56:10.400675 Lima: Victor, Yankee and Echo, sending you 4
2024-10-15 04:56:10.401298 Echo: Yankee, sending you 2
2024-10-15 04:56:10.402317 X-ray: Kilo, sending you 1
chatterbot Kilo submitting transactions
2024-10-15 04:56:10.488482 Lima: November, sending you 2
2024-10-15 04:56:10.490050 Papa: X-ray, Quebec and Kilo, sending you 4
2024-10-15 04:56:10.491204 Echo: Lima, sending you 5
2024-10-15 04:56:10.546770 Lima: Kilo, sending you 5
chatterbot Lima submitting transactions
chatterbot Romeo submitting transactions
chatterbot Yankee submitting transactions
chatterbot Echo submitting transactions
chatterbot Papa submitting transactions
chatterbot November submitting transactions
chatterbot X-ray submitting transactions
ChatterBot Victor round 3
ChatterBot November round 3
ChatterBot Romeo round 3
ChatterBot X-ray round 3
ChatterBot Yankee round 3
ChatterBot Lima round 3
ChatterBot Papa round 3
ChatterBot Echo round 3
ChatterBot Quebec round 3
ChatterBot Kilo round 3
2024-10-15 04:56:11.648178 Lima: We should drop Kilo
2024-10-15 04:56:11.659192 Yankee: Yes
2024-10-15 04:56:11.659490 Victor: Yes
2024-10-15 04:56:11.659682 November: Yes
2024-10-15 04:56:11.659821 Echo: Yes
2024-10-15 04:56:11.794800 Victor: November and Lima, sending you 5
2024-10-15 04:56:11.796019 November: Victor and Echo, sending you 3
2024-10-15 04:56:11.796889 Romeo: Same as last round
2024-10-15 04:56:11.798089 Yankee: Victor, November and Echo, sending you 2
chatterbot Romeo submitting transactions
2024-10-15 04:56:11.919055 Victor: Yankee, sending you 3
2024-10-15 04:56:11.920512 November: Yankee and Lima, sending you 2
2024-10-15 04:56:11.921181 Lima: Victor and Yankee, sending you 5
2024-10-15 04:56:11.922829 Yankee: Lima, sending you 4
2024-10-15 04:56:11.924171 Quebec: Sending you each 3
2024-10-15 04:56:11.924830 X-ray: Sending you each 4
2024-10-15 04:56:11.926240 Kilo: Romeo, sending you 5
2024-10-15 04:56:11.926741 Papa: Romeo, X-ray and Quebec, sending you 4
2024-10-15 04:56:11.928269 Echo: Victor, sending you 6
chatterbot Lima submitting transactions
2024-10-15 04:56:11.930243 Victor: Echo, sending you 7
2024-10-15 04:56:11.931900 Lima: November, sending you 3
2024-10-15 04:56:11.933771 Kilo: X-ray, sending you 3
2024-10-15 04:56:11.934336 Papa: Kilo, sending you 5
2024-10-15 04:56:11.935476 Echo: November, sending you 4
2024-10-15 04:56:11.937202 Kilo: Papa, sending you 6
2024-10-15 04:56:11.988272 Lima: Echo, sending you 6
2024-10-15 04:56:11.988794 Kilo: Quebec, sending you 4
2024-10-15 04:56:11.989759 Echo: Yankee, sending you 2
chatterbot Yankee submitting transactions
2024-10-15 04:56:12.029310 Echo: Lima, sending you 5
chatterbot November submitting transactions
chatterbot X-ray submitting transactions
chatterbot Papa submitting transactions
chatterbot Victor submitting transactions
chatterbot Echo submitting transactions
chatterbot Quebec submitting transactions
chatterbot Kilo submitting transactions
ChatterBot Victor round 4
ChatterBot November round 4
ChatterBot Romeo round 4
ChatterBot X-ray round 4
ChatterBot Yankee round 4
ChatterBot Lima round 4
ChatterBot Papa round 4
ChatterBot Echo round 4
ChatterBot Quebec round 4
ChatterBot Kilo round 4
2024-10-15 04:56:13.368088 Kilo: Romeo, X-ray and Quebec, sending you 4
2024-10-15 04:56:13.369722 Romeo: X-ray, Papa and Quebec, sending you 3
2024-10-15 04:56:13.370868 X-ray: Romeo and Quebec, sending you 5
2024-10-15 04:56:13.372426 Yankee: Victor, November and Echo, sending you 2
2024-10-15 04:56:13.374482 Quebec: Same as last round
2024-10-15 04:56:13.376339 Echo: Victor and Lima, sending you 5
2024-10-15 04:56:13.378404 Papa: Romeo, X-ray and Quebec, sending you 4
2024-10-15 04:56:13.379951 November: Victor and Echo, sending you 3
2024-10-15 04:56:13.382082 Victor: November and Lima, sending you 5
2024-10-15 04:56:13.384042 Lima: Victor, Yankee and Echo, sending you 5
2024-10-15 04:56:13.385957 Kilo: Papa, sending you 6
2024-10-15 04:56:13.389048 X-ray: Papa and Kilo, sending you 4
2024-10-15 04:56:13.390759 Romeo: Kilo, sending you 2
2024-10-15 04:56:13.392144 Yankee: Lima, sending you 4
2024-10-15 04:56:13.393733 Echo: November, sending you 4
2024-10-15 04:56:13.394718 Papa: Kilo, sending you 5
2024-10-15 04:56:13.396831 November: Yankee and Lima, sending you 2
2024-10-15 04:56:13.397391 Victor: Yankee, sending you 3
2024-10-15 04:56:13.398543 Lima: November, sending you 4
2024-10-15 04:56:13.398994 Echo: Yankee, sending you 3
2024-10-15 04:56:13.402305 Victor: Echo, sending you 7
chatterbot Kilo submitting transactions
chatterbot Victor submitting transactions
chatterbot Echo submitting transactions
chatterbot X-ray submitting transactions
chatterbot Romeo submitting transactions
chatterbot Quebec submitting transactions
chatterbot Yankee submitting transactions
chatterbot Lima submitting transactions
chatterbot November submitting transactions
chatterbot Papa submitting transactions
ChatterBot Victor round 5
ChatterBot November round 5
ChatterBot Romeo round 5
ChatterBot X-ray round 5
ChatterBot Yankee round 5
ChatterBot Lima round 5
ChatterBot Papa round 5
ChatterBot Echo round 5
ChatterBot Quebec round 5
ChatterBot Kilo round 5
2024-10-15 04:56:14.681935 Yankee: Victor, November and Echo, sending you 2
2024-10-15 04:56:14.683880 Victor: November and Lima, sending you 5
2024-10-15 04:56:14.684788 X-ray: Romeo and Quebec, sending you 5
2024-10-15 04:56:14.686671 Yankee: Lima, sending you 4
2024-10-15 04:56:14.688369 Victor: Yankee, sending you 4
2024-10-15 04:56:14.690701 X-ray: Papa and Kilo, sending you 4
2024-10-15 04:56:14.692364 Victor: Echo, sending you 6
2024-10-15 04:56:14.695602 Lima: Victor, Yankee and Echo, sending you 5
2024-10-15 04:56:14.697663 Quebec: Romeo, X-ray and Papa, sending you 3
2024-10-15 04:56:14.698919 November: Victor and Echo, sending you 3
2024-10-15 04:56:14.701780 Lima: November, sending you 4
2024-10-15 04:56:14.703104 Papa: Romeo, X-ray and Quebec, sending you 4
2024-10-15 04:56:14.704570 Quebec: Kilo, sending you 2
2024-10-15 04:56:14.705182 Romeo: X-ray, Papa and Quebec, sending you 3
2024-10-15 04:56:14.705838 Echo: Victor and Lima, sending you 5
2024-10-15 04:56:14.707256 November: Yankee and Lima, sending you 2
2024-10-15 04:56:14.708777 Papa: Kilo, sending you 5
2024-10-15 04:56:14.711091 Romeo: Kilo, sending you 2
2024-10-15 04:56:14.712430 Echo: November, sending you 4
2024-10-15 04:56:14.713685 Kilo: Romeo, X-ray and Quebec, sending you 4
2024-10-15 04:56:14.715685 Echo: Yankee, sending you 3
2024-10-15 04:56:14.719594 Kilo: Papa, sending you 6
chatterbot Lima submitting transactions
chatterbot X-ray submitting transactions
chatterbot Papa submitting transactions
chatterbot November submitting transactions
chatterbot Yankee submitting transactions
chatterbot Quebec submitting transactions
chatterbot Victor submitting transactions
chatterbot Romeo submitting transactions
chatterbot Echo submitting transactions
chatterbot Kilo submitting transactions
ChatterBot Victor round 6
ChatterBot November round 6
ChatterBot Romeo round 6
ChatterBot X-ray round 6
ChatterBot Yankee round 6
ChatterBot Lima round 6
ChatterBot Papa round 6
ChatterBot Echo round 6
ChatterBot Quebec round 6
ChatterBot Kilo round 6
2024-10-15 04:56:15.753662 Romeo: X-ray and Kilo, sending you 2
2024-10-15 04:56:15.754170 Victor: November and Lima, sending you 5
2024-10-15 04:56:15.754782 Lima: Victor, Yankee and Echo, sending you 5
2024-10-15 04:56:15.756021 Yankee: Victor, November and Echo, sending you 2
2024-10-15 04:56:15.759095 Romeo: Papa and Quebec, sending you 3
2024-10-15 04:56:15.759629 Victor: Yankee, sending you 4
2024-10-15 04:56:15.760394 Lima: November, sending you 4
2024-10-15 04:56:15.760903 Kilo: Romeo, X-ray and Quebec, sending you 4
2024-10-15 04:56:15.761694 Yankee: Lima, sending you 4
2024-10-15 04:56:15.762916 November: Victor and Echo, sending you 3
2024-10-15 04:56:15.763293 Echo: Victor and Lima, sending you 5
2024-10-15 04:56:15.763738 Papa: Romeo, X-ray and Quebec, sending you 4
2024-10-15 04:56:15.764535 Kilo: Papa, sending you 6
2024-10-15 04:56:15.765042 Victor: Echo, sending you 6
2024-10-15 04:56:15.766775 November: Yankee and Lima, sending you 2
2024-10-15 04:56:15.767712 Echo: November, sending you 4
2024-10-15 04:56:15.768340 Papa: Kilo, sending you 5
2024-10-15 04:56:15.770670 X-ray: Romeo, Papa and Quebec, sending you 5
2024-10-15 04:56:15.771069 Echo: Yankee, sending you 3
2024-10-15 04:56:15.774712 X-ray: Kilo, sending you 4
2024-10-15 04:56:15.782831 Quebec: Romeo and Papa, sending you 3
2024-10-15 04:56:15.786047 Quebec: X-ray and Kilo, sending you 2
chatterbot Romeo submitting transactions
chatterbot Victor submitting transactions
chatterbot X-ray submitting transactions
chatterbot Quebec submitting transactions
chatterbot Echo submitting transactions
chatterbot Yankee submitting transactions
chatterbot Lima submitting transactions
chatterbot Papa submitting transactions
chatterbot November submitting transactions
chatterbot Kilo submitting transactions
ChatterBot Victor round 7
ChatterBot November round 7
ChatterBot Romeo round 7
ChatterBot X-ray round 7
ChatterBot Yankee round 7
ChatterBot Lima round 7
ChatterBot Papa round 7
ChatterBot Echo round 7
ChatterBot Quebec round 7
ChatterBot Kilo round 7
2024-10-15 04:56:16.841655 Victor: November, sending you 5
2024-10-15 04:56:16.842664 November: Victor and Echo, sending you 3
2024-10-15 04:56:16.844672 Victor: Yankee, sending you 3
2024-10-15 04:56:16.846669 November: Yankee and Lima, sending you 2
2024-10-15 04:56:16.847695 X-ray: Romeo and Papa, sending you 5
2024-10-15 04:56:16.849663 Victor: Lima and Echo, sending you 6
2024-10-15 04:56:16.851680 X-ray: Quebec and Kilo, sending you 4
2024-10-15 04:56:16.855656 Romeo: X-ray and Kilo, sending you 2
2024-10-15 04:56:16.856715 Echo: Victor and Lima, sending you 5
2024-10-15 04:56:16.857666 Yankee: Victor, November and Echo, sending you 2
2024-10-15 04:56:16.859664 Romeo: Papa and Quebec, sending you 3
2024-10-15 04:56:16.860691 Echo: November, sending you 4
2024-10-15 04:56:16.861656 Yankee: Lima, sending you 4
2024-10-15 04:56:16.862677 Lima: Victor, Yankee and Echo, sending you 5
2024-10-15 04:56:16.863671 Papa: Romeo, X-ray and Quebec, sending you 4
2024-10-15 04:56:16.864656 Quebec: Romeo and Papa, sending you 3
2024-10-15 04:56:16.865945 Echo: Yankee, sending you 3
2024-10-15 04:56:16.866686 Lima: November, sending you 4
2024-10-15 04:56:16.868689 Papa: Kilo, sending you 5
2024-10-15 04:56:16.869084 Kilo: Romeo, sending you 4
2024-10-15 04:56:16.869661 Quebec: X-ray and Kilo, sending you 2
2024-10-15 04:56:16.873677 Kilo: X-ray, sending you 5
2024-10-15 04:56:16.877662 Kilo: Papa, sending you 6
2024-10-15 04:56:16.882658 Kilo: Quebec, sending you 3
chatterbot Lima submitting transactions
chatterbot Echo submitting transactions
chatterbot Quebec submitting transactions
chatterbot Romeo submitting transactions
chatterbot Victor submitting transactions
chatterbot X-ray submitting transactions
chatterbot Yankee submitting transactions
chatterbot Papa submitting transactions
chatterbot November submitting transactions
chatterbot Kilo submitting transactions
ChatterBot Victor round 8
ChatterBot November round 8
ChatterBot Romeo round 8
ChatterBot X-ray round 8
ChatterBot Yankee round 8
ChatterBot Lima round 8
ChatterBot Papa round 8
ChatterBot Echo round 8
ChatterBot Quebec round 8
ChatterBot Kilo round 8
2024-10-15 04:56:18.112010 Echo: We should drop Yankee
2024-10-15 04:56:18.120441 Victor: No
2024-10-15 04:56:18.120639 November: No
2024-10-15 04:56:18.120825 Lima: No
ChatterBot Echo reevaluating
ChatterBot Echo reevaluating
ChatterBot Echo reevaluating
2024-10-15 04:56:18.144879 Victor: November, sending you 5
2024-10-15 04:56:18.145379 November: Victor and Echo, sending you 3
2024-10-15 04:56:18.145851 X-ray: Romeo, Quebec and Kilo, sending you 4
2024-10-15 04:56:18.147947 Victor: Yankee, sending you 3
2024-10-15 04:56:18.148726 November: Yankee and Lima, sending you 2
2024-10-15 04:56:18.149689 Romeo: X-ray, Papa and Kilo, sending you 2
2024-10-15 04:56:18.150506 X-ray: Papa, sending you 5
2024-10-15 04:56:18.151007 Lima: Victor, Yankee and Echo, sending you 5
2024-10-15 04:56:18.151679 Yankee: Victor, November and Echo, sending you 2
2024-10-15 04:56:18.153094 Kilo: Romeo, sending you 4
2024-10-15 04:56:18.153796 Victor: Lima and Echo, sending you 6
2024-10-15 04:56:18.154668 Romeo: Quebec, sending you 3
2024-10-15 04:56:18.155268 Lima: November, sending you 4
2024-10-15 04:56:18.155876 Yankee: Lima, sending you 4
2024-10-15 04:56:18.157690 Kilo: X-ray, sending you 5
2024-10-15 04:56:18.158330 Quebec: Romeo and Papa, sending you 3
2024-10-15 04:56:18.162674 Kilo: Papa, sending you 6
2024-10-15 04:56:18.163265 Quebec: X-ray and Kilo, sending you 2
2024-10-15 04:56:18.166676 Kilo: Quebec, sending you 3
2024-10-15 04:56:18.168691 Echo: Victor and Lima, sending you 5
2024-10-15 04:56:18.169797 Papa: Romeo, X-ray and Quebec, sending you 4
2024-10-15 04:56:18.172691 Echo: November, sending you 4
2024-10-15 04:56:18.173572 Papa: Kilo, sending you 5
2024-10-15 04:56:18.176661 Echo: Yankee, sending you 3
chatterbot Quebec submitting transactions
chatterbot Romeo submitting transactions
chatterbot November submitting transactions
chatterbot Kilo submitting transactions
chatterbot Yankee submitting transactions
chatterbot X-ray submitting transactions
chatterbot Lima submitting transactions
chatterbot Papa submitting transactions
chatterbot Victor submitting transactions
chatterbot Echo submitting transactions
ChatterBot Victor round 9
ChatterBot November round 9
ChatterBot Romeo round 9
ChatterBot X-ray round 9
ChatterBot Yankee round 9
ChatterBot Lima round 9
ChatterBot Papa round 9
ChatterBot Echo round 9
ChatterBot Quebec round 9
ChatterBot Kilo round 9
2024-10-15 04:56:19.360681 Victor: November, sending you 5
2024-10-15 04:56:19.362670 Echo: Victor and Lima, sending you 5
2024-10-15 04:56:19.363702 Papa: Romeo, X-ray and Quebec, sending you 4
2024-10-15 04:56:19.364868 Victor: Yankee, sending you 3
2024-10-15 04:56:19.365546 Lima: Victor, Yankee and Echo, sending you 5
2024-10-15 04:56:19.366359 Yankee: Victor, November and Echo, sending you 2
2024-10-15 04:56:19.367079 Quebec: Romeo and Papa, sending you 3
2024-10-15 04:56:19.367704 Echo: November, sending you 4
2024-10-15 04:56:19.368133 November: Victor, Lima and Echo, sending you 3
2024-10-15 04:56:19.368683 Victor: Lima and Echo, sending you 6
2024-10-15 04:56:19.369754 Lima: November, sending you 4
2024-10-15 04:56:19.370332 Papa: Kilo, sending you 5
2024-10-15 04:56:19.370832 Quebec: X-ray and Kilo, sending you 2
2024-10-15 04:56:19.371667 Yankee: Lima, sending you 4
2024-10-15 04:56:19.372149 Echo: Yankee, sending you 3
2024-10-15 04:56:19.372662 Romeo: X-ray, Papa and Kilo, sending you 2
2024-10-15 04:56:19.373108 November: Yankee, sending you 1
2024-10-15 04:56:19.374362 X-ray: Romeo, Quebec and Kilo, sending you 4
2024-10-15 04:56:19.374938 Kilo: Romeo, sending you 4
2024-10-15 04:56:19.376670 Romeo: Quebec, sending you 3
2024-10-15 04:56:19.378247 X-ray: Papa, sending you 5
2024-10-15 04:56:19.378795 Kilo: X-ray, sending you 5
2024-10-15 04:56:19.383168 Kilo: Papa, sending you 6
2024-10-15 04:56:19.388651 Kilo: Quebec, sending you 3
chatterbot Yankee submitting transactions
chatterbot November submitting transactions
chatterbot Kilo submitting transactions
chatterbot Lima submitting transactions
chatterbot Echo submitting transactions
chatterbot Papa submitting transactions
chatterbot X-ray submitting transactions
chatterbot Victor submitting transactions
chatterbot Quebec submitting transactions
chatterbot Romeo submitting transactions
ChatterBot Victor round 10
ChatterBot November round 10
ChatterBot Romeo round 10
ChatterBot X-ray round 10
ChatterBot Yankee round 10
ChatterBot Lima round 10
ChatterBot Papa round 10
ChatterBot Echo round 10
ChatterBot Quebec round 10
ChatterBot Kilo round 10
2024-10-15 04:56:20.508456 Yankee: Victor, November and Echo, sending you 2
2024-10-15 04:56:20.509537 Echo: We should drop Yankee
2024-10-15 04:56:20.523523 Victor: No
2024-10-15 04:56:20.523820 November: No
2024-10-15 04:56:20.524063 Lima: No
ChatterBot Echo reevaluating
ChatterBot Echo reevaluating
ChatterBot Echo reevaluating
2024-10-15 04:56:20.551274 Victor: November, sending you 5
2024-10-15 04:56:20.552393 Yankee: Lima, sending you 4
2024-10-15 04:56:20.555693 November: Victor, Lima and Echo, sending you 3
2024-10-15 04:56:20.556803 Victor: Yankee, sending you 3
2024-10-15 04:56:20.558007 Lima: Victor, Yankee and Echo, sending you 5
2024-10-15 04:56:20.558946 Papa: Romeo, X-ray and Quebec, sending you 4
2024-10-15 04:56:20.560436 X-ray: Romeo, Quebec and Kilo, sending you 4
2024-10-15 04:56:20.561162 Romeo: X-ray, Papa and Kilo, sending you 2
2024-10-15 04:56:20.561862 Kilo: Romeo, sending you 4
2024-10-15 04:56:20.562591 November: Yankee, sending you 1
2024-10-15 04:56:20.564466 Victor: Lima and Echo, sending you 6
2024-10-15 04:56:20.565634 Lima: November, sending you 4
2024-10-15 04:56:20.566701 Papa: Kilo, sending you 5
2024-10-15 04:56:20.568705 X-ray: Papa, sending you 5
2024-10-15 04:56:20.569921 Kilo: X-ray, sending you 5
2024-10-15 04:56:20.570634 Romeo: Quebec, sending you 3
2024-10-15 04:56:20.573450 Quebec: Romeo, sending you 3
2024-10-15 04:56:20.574692 Kilo: Papa, sending you 6
2024-10-15 04:56:20.576679 Echo: Victor and Lima, sending you 5
2024-10-15 04:56:20.578372 Quebec: X-ray, Papa and Kilo, sending you 2
2024-10-15 04:56:20.580716 Kilo: Quebec, sending you 3
2024-10-15 04:56:20.582815 Echo: November, sending you 4
2024-10-15 04:56:20.587668 Echo: Yankee, sending you 3
chatterbot Quebec submitting transactions
chatterbot Lima submitting transactions
chatterbot Victor submitting transactions
chatterbot Yankee submitting transactions
chatterbot Kilo submitting transactions
chatterbot Romeo submitting transactions
chatterbot November submitting transactions
chatterbot Echo submitting transactions
chatterbot X-ray submitting transactions
chatterbot Papa submitting transactions
ChatterBot Victor round 11
ChatterBot November round 11
ChatterBot Romeo round 11
ChatterBot X-ray round 11
ChatterBot Yankee round 11
ChatterBot Lima round 11
ChatterBot Papa round 11
ChatterBot Echo round 11
ChatterBot Quebec round 11
ChatterBot Kilo round 11
2024-10-15 04:56:21.797719 X-ray: Romeo, Quebec and Kilo, sending you 4
2024-10-15 04:56:21.798688 Quebec: Romeo, sending you 3
2024-10-15 04:56:21.801700 Romeo: X-ray, Papa and Kilo, sending you 2
2024-10-15 04:56:21.802265 X-ray: Papa, sending you 5
2024-10-15 04:56:21.802792 Quebec: X-ray, Papa and Kilo, sending you 2
2024-10-15 04:56:21.803656 Yankee: Victor, November and Echo, sending you 2
2024-10-15 04:56:21.804680 Papa: Romeo, X-ray and Quebec, sending you 4
2024-10-15 04:56:21.805723 November: Victor, Lima and Echo, sending you 3
2024-10-15 04:56:21.806695 Victor: November, sending you 5
2024-10-15 04:56:21.807423 Echo: Victor and Lima, sending you 5
2024-10-15 04:56:21.808539 Romeo: Quebec, sending you 3
2024-10-15 04:56:21.809147 Lima: Victor, Yankee and Echo, sending you 5
2024-10-15 04:56:21.809774 Yankee: Lima, sending you 4
2024-10-15 04:56:21.810349 Papa: Kilo, sending you 5
2024-10-15 04:56:21.810848 November: Yankee, sending you 1
2024-10-15 04:56:21.811454 Echo: November, sending you 4
2024-10-15 04:56:21.812053 Victor: Yankee, sending you 3
2024-10-15 04:56:21.813695 Lima: November, sending you 4
2024-10-15 04:56:21.814660 Echo: Yankee, sending you 3
2024-10-15 04:56:21.816695 Victor: Lima and Echo, sending you 6
2024-10-15 04:56:21.817886 Kilo: Romeo, sending you 4
2024-10-15 04:56:21.822694 Kilo: X-ray, sending you 5
2024-10-15 04:56:21.827654 Kilo: Papa, sending you 6
2024-10-15 04:56:21.830690 Kilo: Quebec, sending you 3
chatterbot Quebec submitting transactions
chatterbot Echo submitting transactions
chatterbot X-ray submitting transactions
chatterbot Romeo submitting transactions
chatterbot Victor submitting transactions
chatterbot Yankee submitting transactions
chatterbot Lima submitting transactions
chatterbot November submitting transactions
chatterbot Papa submitting transactions
chatterbot Kilo submitting transactions
ChatterBot Victor round 12
ChatterBot November round 12
ChatterBot Romeo round 12
ChatterBot X-ray round 12
ChatterBot Yankee round 12
ChatterBot Lima round 12
ChatterBot Papa round 12
ChatterBot Echo round 12
ChatterBot Quebec round 12
ChatterBot Kilo round 12
2024-10-15 04:56:22.943849 Echo: We should drop November
2024-10-15 04:56:22.951276 Victor: No
2024-10-15 04:56:22.951458 Yankee: No
2024-10-15 04:56:22.951597 Lima: No
ChatterBot Echo reevaluating
ChatterBot Echo reevaluating
ChatterBot Echo reevaluating
2024-10-15 04:56:22.978651 Romeo: X-ray, Papa and Kilo, sending you 2
2024-10-15 04:56:22.980662 Victor: November, sending you 5
2024-10-15 04:56:22.981792 X-ray: Romeo, Quebec and Kilo, sending you 4
2024-10-15 04:56:22.982487 November: Victor, Lima and Echo, sending you 3
2024-10-15 04:56:22.983999 Papa: Romeo, X-ray and Quebec, sending you 4
2024-10-15 04:56:22.984630 Lima: Victor, Yankee and Echo, sending you 5
2024-10-15 04:56:22.985397 Romeo: Quebec, sending you 3
2024-10-15 04:56:22.986009 X-ray: Papa, sending you 5
2024-10-15 04:56:22.986651 Victor: Yankee, sending you 3
2024-10-15 04:56:22.987371 Papa: Kilo, sending you 5
2024-10-15 04:56:22.988031 Lima: November, sending you 4
2024-10-15 04:56:22.988728 Quebec: Romeo, sending you 3
2024-10-15 04:56:22.989715 November: Yankee, sending you 1
2024-10-15 04:56:22.990706 Yankee: Victor, November and Echo, sending you 2
2024-10-15 04:56:22.991704 Victor: Lima and Echo, sending you 6
2024-10-15 04:56:22.992680 Quebec: X-ray, Papa and Kilo, sending you 2
2024-10-15 04:56:22.994652 Kilo: Romeo, sending you 4
2024-10-15 04:56:22.996255 Yankee: Lima, sending you 4
2024-10-15 04:56:22.999679 Kilo: X-ray, sending you 5
2024-10-15 04:56:23.004673 Kilo: Papa, sending you 6
2024-10-15 04:56:23.007665 Kilo: Quebec, sending you 3
chatterbot X-ray submitting transactions
chatterbot November submitting transactions
chatterbot Quebec submitting transactions
chatterbot Papa submitting transactions
chatterbot Romeo submitting transactions
chatterbot Kilo submitting transactions
chatterbot Echo submitting transactions
chatterbot Yankee submitting transactions
chatterbot Lima submitting transactions
chatterbot Victor submitting transactions
ChatterBot Victor round 13
ChatterBot November round 13
ChatterBot Romeo round 13
ChatterBot X-ray round 13
ChatterBot Yankee round 13
ChatterBot Lima round 13
ChatterBot Papa round 13
ChatterBot Echo round 13
ChatterBot Quebec round 13
ChatterBot Kilo round 13
2024-10-15 04:56:24.198685 November: Victor, Lima and Echo, sending you 3
2024-10-15 04:56:24.199671 Victor: November, sending you 5
2024-10-15 04:56:24.202662 Victor: Yankee, sending you 3
2024-10-15 04:56:24.203705 November: Yankee, sending you 1
2024-10-15 04:56:24.204673 X-ray: Romeo, Quebec and Kilo, sending you 4
2024-10-15 04:56:24.206685 Victor: Lima and Echo, sending you 6
2024-10-15 04:56:24.207693 X-ray: Papa, sending you 5
2024-10-15 04:56:24.214665 Romeo: X-ray, Papa and Kilo, sending you 2
2024-10-15 04:56:24.215232 Lima: Victor, Yankee and Echo, sending you 5
2024-10-15 04:56:24.217083 Yankee: Victor, November and Echo, sending you 2
2024-10-15 04:56:24.218670 Papa: Romeo, sending you 3
2024-10-15 04:56:24.219271 Romeo: Quebec, sending you 3
2024-10-15 04:56:24.219963 Echo: Victor and Lima, sending you 5
2024-10-15 04:56:24.220637 Lima: November, sending you 4
2024-10-15 04:56:24.221253 Kilo: Romeo, sending you 4
2024-10-15 04:56:24.221787 Yankee: Lima, sending you 4
2024-10-15 04:56:24.222415 Papa: X-ray and Kilo, sending you 5
2024-10-15 04:56:24.223803 Echo: November, sending you 4
2024-10-15 04:56:24.225688 Quebec: Romeo, sending you 3
2024-10-15 04:56:24.226227 Kilo: X-ray, sending you 5
2024-10-15 04:56:24.226716 Papa: Quebec, sending you 4
2024-10-15 04:56:24.227223 Echo: Yankee, sending you 3
2024-10-15 04:56:24.230681 Quebec: X-ray, Papa and Kilo, sending you 2
2024-10-15 04:56:24.231360 Kilo: Papa, sending you 6
2024-10-15 04:56:24.235661 Kilo: Quebec, sending you 3
chatterbot Lima submitting transactions
chatterbot Yankee submitting transactions
chatterbot Quebec submitting transactions
chatterbot November submitting transactions
chatterbot Echo submitting transactions
chatterbot Victor submitting transactions
chatterbot Kilo submitting transactions
chatterbot X-ray submitting transactions
chatterbot Romeo submitting transactions
chatterbot Papa submitting transactions
ChatterBot Victor round 14
ChatterBot November round 14
ChatterBot Romeo round 14
ChatterBot X-ray round 14
ChatterBot Yankee round 14
ChatterBot Lima round 14
ChatterBot Papa round 14
ChatterBot Echo round 14
ChatterBot Quebec round 14
ChatterBot Kilo round 14
2024-10-15 04:56:25.478698 Romeo: X-ray, Papa and Kilo, sending you 2
2024-10-15 04:56:25.479652 November: Victor, Lima and Echo, sending you 3
2024-10-15 04:56:25.484675 Romeo: Quebec, sending you 3
2024-10-15 04:56:25.485730 November: Yankee, sending you 1
2024-10-15 04:56:25.487673 X-ray: Romeo, Quebec and Kilo, sending you 4
2024-10-15 04:56:25.488489 Papa: Romeo, sending you 3
2024-10-15 04:56:25.489310 Yankee: Victor, November and Echo, sending you 2
2024-10-15 04:56:25.490306 Kilo: Romeo, sending you 4
2024-10-15 04:56:25.491181 Victor: November, sending you 5
2024-10-15 04:56:25.492784 X-ray: Papa, sending you 5
2024-10-15 04:56:25.493643 Papa: X-ray and Kilo, sending you 5
2024-10-15 04:56:25.494463 Yankee: Lima, sending you 4
2024-10-15 04:56:25.495386 Lima: Victor, Yankee and Echo, sending you 5
2024-10-15 04:56:25.496300 Kilo: X-ray, sending you 5
2024-10-15 04:56:25.497152 Victor: Yankee, sending you 3
2024-10-15 04:56:25.498067 Papa: Quebec, sending you 4
2024-10-15 04:56:25.499692 Lima: November, sending you 4
2024-10-15 04:56:25.500492 Kilo: Papa, sending you 6
2024-10-15 04:56:25.501108 Quebec: Romeo, sending you 3
2024-10-15 04:56:25.502016 Echo: Victor and Lima, sending you 5
2024-10-15 04:56:25.503062 Victor: Lima and Echo, sending you 6
2024-10-15 04:56:25.505702 Kilo: Quebec, sending you 3
2024-10-15 04:56:25.506523 Quebec: X-ray, Papa and Kilo, sending you 2
2024-10-15 04:56:25.507358 Echo: November, sending you 4
2024-10-15 04:56:25.512718 Echo: Yankee, sending you 3
chatterbot Papa submitting transactions
chatterbot Quebec submitting transactions
chatterbot Echo submitting transactions
chatterbot Kilo submitting transactions
chatterbot Victor submitting transactions
chatterbot Romeo submitting transactions
chatterbot X-ray submitting transactions
chatterbot Yankee submitting transactions
chatterbot Lima submitting transactions
chatterbot November submitting transactions
ChatterBot Victor round 15
ChatterBot November round 15
ChatterBot Romeo round 15
ChatterBot X-ray round 15
ChatterBot Yankee round 15
ChatterBot Lima round 15
ChatterBot Papa round 15
ChatterBot Echo round 15
ChatterBot Quebec round 15
ChatterBot Kilo round 15
2024-10-15 04:56:26.763845 Echo: We should drop Yankee
2024-10-15 04:56:26.771524 Victor: No
2024-10-15 04:56:26.771684 November: No
2024-10-15 04:56:26.771799 Lima: No
ChatterBot Echo reevaluating
ChatterBot Echo reevaluating
ChatterBot Echo reevaluating
2024-10-15 04:56:26.803653 Romeo: X-ray, Papa and Kilo, sending you 2
2024-10-15 04:56:26.804743 Victor: November, sending you 5
2024-10-15 04:56:26.806433 X-ray: Romeo, Quebec and Kilo, sending you 4
2024-10-15 04:56:26.807319 Lima: Victor, Yankee and Echo, sending you 5
2024-10-15 04:56:26.808317 November: Victor, Lima and Echo, sending you 3
2024-10-15 04:56:26.810443 Romeo: Quebec, sending you 3
2024-10-15 04:56:26.811743 Victor: Yankee, sending you 3
2024-10-15 04:56:26.813677 X-ray: Papa, sending you 5
2024-10-15 04:56:26.814915 Lima: November, sending you 4
2024-10-15 04:56:26.816228 November: Yankee, sending you 1
2024-10-15 04:56:26.817962 Yankee: Victor, November and Echo, sending you 2
2024-10-15 04:56:26.819047 Quebec: Romeo, sending you 3
2024-10-15 04:56:26.819983 Victor: Lima and Echo, sending you 6
2024-10-15 04:56:26.821665 Kilo: Romeo, sending you 4
2024-10-15 04:56:26.822914 Yankee: Lima, sending you 4
2024-10-15 04:56:26.824655 Quebec: X-ray, Papa and Kilo, sending you 2
2024-10-15 04:56:26.827153 Kilo: X-ray, sending you 5
2024-10-15 04:56:26.828238 Papa: Romeo, sending you 3
2024-10-15 04:56:26.832657 Kilo: Papa, sending you 6
2024-10-15 04:56:26.833773 Papa: X-ray and Kilo, sending you 5
2024-10-15 04:56:26.837665 Kilo: Quebec, sending you 3
2024-10-15 04:56:26.838673 Papa: Quebec, sending you 4
chatterbot Papa submitting transactions
chatterbot Yankee submitting transactions
chatterbot Victor submitting transactions
chatterbot Kilo submitting transactions
chatterbot Quebec submitting transactions
chatterbot Lima submitting transactions
chatterbot X-ray submitting transactions
chatterbot Romeo submitting transactions
chatterbot November submitting transactions
chatterbot Echo submitting transactions
ChatterBot Victor round 16
ChatterBot November round 16
ChatterBot Romeo round 16
ChatterBot X-ray round 16
ChatterBot Yankee round 16
ChatterBot Lima round 16
ChatterBot Papa round 16
ChatterBot Echo round 16
ChatterBot Quebec round 16
ChatterBot Kilo round 16
2024-10-15 04:56:28.037826 Victor: November, sending you 5
2024-10-15 04:56:28.040074 Echo: We should drop Yankee
2024-10-15 04:56:28.051202 Victor: No
2024-10-15 04:56:28.052713 November: No
2024-10-15 04:56:28.052889 Lima: No
ChatterBot Echo reevaluating
ChatterBot Echo reevaluating
ChatterBot Echo reevaluating
2024-10-15 04:56:28.080757 November: Victor, Lima and Echo, sending you 3
2024-10-15 04:56:28.083557 X-ray: Romeo, Quebec and Kilo, sending you 4
2024-10-15 04:56:28.084760 Yankee: Victor, November and Echo, sending you 2
2024-10-15 04:56:28.086778 Victor: Yankee, sending you 3
2024-10-15 04:56:28.088819 November: Yankee, sending you 1
2024-10-15 04:56:28.089906 X-ray: Papa, sending you 5
2024-10-15 04:56:28.091136 Yankee: Lima, sending you 4
2024-10-15 04:56:28.093107 Kilo: Romeo, sending you 4
2024-10-15 04:56:28.095143 Romeo: X-ray, Papa and Kilo, sending you 2
2024-10-15 04:56:28.096410 Papa: Romeo, sending you 4
2024-10-15 04:56:28.097111 Quebec: Romeo, sending you 3
2024-10-15 04:56:28.097860 Victor: Lima and Echo, sending you 6
2024-10-15 04:56:28.099351 Lima: Victor, Yankee and Echo, sending you 5
2024-10-15 04:56:28.100313 Romeo: Quebec, sending you 3
2024-10-15 04:56:28.100997 Kilo: X-ray, sending you 5
