ChatterBot Foxtrot round 1
ChatterBot Sierra round 1
ChatterBot Zulu round 1
ChatterBot Delta round 1
ChatterBot Mike round 1
randomSelections Foxtrot: {Foxtrot, Charlie, Zulu, Papa, Juliett, Hotel} 
2024-10-15 04:56:06.567330 Foxtrot: Friends?
ChatterBot Zulu reevaluating
2024-10-15 04:56:06.571644 Zulu: Yes
ChatterBot Juliett round 1
ChatterBot Juliett reevaluating
ChatterBot Juliett reevaluating
2024-10-15 04:56:06.580552 Juliett: Yes
ChatterBot Zulu reevaluating
ChatterBot X-ray round 1
ChatterBot Papa round 1
ChatterBot Papa reevaluating
ChatterBot Papa reevaluating
ChatterBot Papa reevaluating
2024-10-15 04:56:06.591836 Papa: Yes
ChatterBot Zulu reevaluating
ChatterBot Juliett reevaluating
ChatterBot Charlie round 1
ChatterBot Charlie reevaluating
ChatterBot Charlie reevaluating
ChatterBot Charlie reevaluating
ChatterBot Charlie reevaluating
2024-10-15 04:56:06.604421 Charlie: Yes
ChatterBot Zulu reevaluating
ChatterBot Papa reevaluating
ChatterBot Juliett reevaluating
ChatterBot Hotel round 1
ChatterBot Hotel reevaluating
ChatterBot Hotel reevaluating
ChatterBot Hotel reevaluating
ChatterBot Hotel reevaluating
ChatterBot Hotel reevaluating
2024-10-15 04:56:06.622310 Hotel: Yes
ChatterBot Charlie reevaluating
ChatterBot Zulu reevaluating
ChatterBot Papa reevaluating
ChatterBot Juliett reevaluating
randomSelections Delta: {Delta, Papa, X-ray, Juliett, Sierra, Mike} 
2024-10-15 04:56:06.638309 Delta: Group up?
ChatterBot Papa reevaluating
ChatterBot X-ray reevaluating
ChatterBot Juliett reevaluating
ChatterBot Sierra reevaluating
ChatterBot Mike reevaluating
2024-10-15 04:56:06.653493 Papa: No
2024-10-15 04:56:06.653771 X-ray: Yes
2024-10-15 04:56:06.653928 Juliett: No
2024-10-15 04:56:06.655059 Sierra: Yes
2024-10-15 04:56:06.655220 Mike: Yes
ChatterBot X-ray reevaluating
ChatterBot Juliett reevaluating
ChatterBot Sierra reevaluating
ChatterBot Mike reevaluating
ChatterBot Papa reevaluating
ChatterBot Juliett reevaluating
ChatterBot Sierra reevaluating
ChatterBot Mike reevaluating
ChatterBot Papa reevaluating
ChatterBot X-ray reevaluating
ChatterBot Sierra reevaluating
ChatterBot Mike reevaluating
ChatterBot Papa reevaluating
ChatterBot X-ray reevaluating
ChatterBot Juliett reevaluating
ChatterBot Mike reevaluating
ChatterBot Papa reevaluating
ChatterBot X-ray reevaluating
ChatterBot Juliett reevaluating
ChatterBot Sierra reevaluating
2024-10-15 04:56:06.877368 Foxtrot: Zulu, sending you 7
2024-10-15 04:56:06.902573 Mike: Sierra and Papa, sending you 4
2024-10-15 04:56:06.903884 Sierra: Delta and Papa, sending you 2
2024-10-15 04:56:06.904381 Foxtrot: Juliett, sending you 2
2024-10-15 04:56:06.908983 Juliett: Foxtrot, Zulu, Papa and Hotel, sending you 3
2024-10-15 04:56:06.909625 Mike: Delta and Juliett, sending you 2
2024-10-15 04:56:06.910718 Sierra: Mike and Juliett, sending you 3
2024-10-15 04:56:06.911237 Delta: Mike, sending you 2
2024-10-15 04:56:06.912250 Zulu: Foxtrot, Juliett and Papa, sending you 3
2024-10-15 04:56:06.912713 Papa: Foxtrot, Charlie and Hotel, sending you 4
2024-10-15 04:56:06.913719 Charlie: Foxtrot and Hotel, sending you 3
2024-10-15 04:56:06.914555 Foxtrot: Papa, sending you 3
2024-10-15 04:56:06.915754 X-ray: Sierra and Mike, sending you 3
2024-10-15 04:56:06.916240 Hotel: Zulu, Papa and Charlie, sending you 2
2024-10-15 04:56:06.917356 Mike: X-ray, sending you 6
2024-10-15 04:56:06.917858 Sierra: X-ray, sending you 6
2024-10-15 04:56:06.919080 Delta: Juliett and Papa, sending you 3
2024-10-15 04:56:06.919831 Zulu: Charlie, sending you 5
2024-10-15 04:56:06.921101 Charlie: Zulu, sending you 1
2024-10-15 04:56:06.921600 Papa: Zulu, sending you 3
2024-10-15 04:56:06.922766 Foxtrot: Charlie, sending you 1
2024-10-15 04:56:06.923321 X-ray: Delta and Juliett, sending you 5
2024-10-15 04:56:06.924965 Hotel: Juliett, sending you 3
2024-10-15 04:56:06.925441 Delta: X-ray, sending you 1
2024-10-15 04:56:06.926933 Zulu: Hotel, sending you 4
2024-10-15 04:56:06.927513 Charlie: Juliett, sending you 4
2024-10-15 04:56:06.928780 Papa: Juliett, sending you 2
2024-10-15 04:56:06.930372 X-ray: Papa, sending you 2
2024-10-15 04:56:06.932280 Charlie: Papa, sending you 2
chatterbot Delta submitting transactions
chatterbot Papa submitting transactions
chatterbot Charlie submitting transactions
chatterbot Sierra submitting transactions
chatterbot Hotel submitting transactions
chatterbot Mike submitting transactions
chatterbot Foxtrot submitting transactions
chatterbot X-ray submitting transactions
chatterbot Juliett submitting transactions
chatterbot Zulu submitting transactions
ChatterBot Foxtrot round 2
ChatterBot Sierra round 2
ChatterBot Zulu round 2
ChatterBot Delta round 2
ChatterBot Mike round 2
ChatterBot Juliett round 2
ChatterBot X-ray round 2
ChatterBot Papa round 2
ChatterBot Charlie round 2
ChatterBot Hotel round 2
2024-10-15 04:56:09.951115 Delta: We should drop Papa and Juliett
2024-10-15 04:56:09.960353 Sierra: Yes
2024-10-15 04:56:09.960528 Mike: Yes
2024-10-15 04:56:09.960648 X-ray: Yes
2024-10-15 04:56:09.987811 Papa: We should drop Hotel
2024-10-15 04:56:09.999727 Foxtrot: No
2024-10-15 04:56:09.999902 Zulu: No
2024-10-15 04:56:10.000024 Juliett: No
2024-10-15 04:56:10.000134 Charlie: No
2024-10-15 04:56:10.367563 Foxtrot: Zulu, Juliett and Charlie, sending you 3
2024-10-15 04:56:10.368658 Juliett: Foxtrot, Zulu and Hotel, sending you 3
2024-10-15 04:56:10.369248 Hotel: Zulu, Juliett, Papa and Charlie, sending you 3
2024-10-15 04:56:10.369608 Zulu: Foxtrot, sending you 9
2024-10-15 04:56:10.370812 Charlie: Foxtrot, sending you 2
chatterbot Foxtrot submitting transactions
chatterbot Papa submitting transactions
2024-10-15 04:56:10.372648 Foxtrot: Papa, sending you 5
2024-10-15 04:56:10.373010 Juliett: Papa and Charlie, sending you 2
2024-10-15 04:56:10.455649 Zulu: Juliett and Papa, sending you 3
2024-10-15 04:56:10.456907 Charlie: Zulu and Papa, sending you 4
2024-10-15 04:56:10.457428 Sierra: Delta, sending you 2
2024-10-15 04:56:10.457820 Papa: Foxtrot, sending you 5
2024-10-15 04:56:10.459082 Mike: Sierra, sending you 7
2024-10-15 04:56:10.460482 Delta: Sierra and Mike, sending you 3
2024-10-15 04:56:10.460844 X-ray: Sierra and Mike, sending you 8
2024-10-15 04:56:10.461288 Foxtrot: Hotel, sending you 1
chatterbot Zulu submitting transactions
chatterbot Hotel submitting transactions
2024-10-15 04:56:10.462997 Zulu: Charlie, sending you 1
2024-10-15 04:56:10.464365 Sierra: Mike, sending you 8
2024-10-15 04:56:10.464948 Charlie: Juliett, sending you 1
2024-10-15 04:56:10.466266 Papa: Zulu, Juliett and Charlie, sending you 4
chatterbot Delta submitting transactions
2024-10-15 04:56:10.467048 X-ray: Delta, sending you 2
2024-10-15 04:56:10.468172 Mike: Delta, sending you 5
2024-10-15 04:56:10.469579 Delta: X-ray, sending you 5
2024-10-15 04:56:10.470209 Zulu: Hotel, sending you 2
2024-10-15 04:56:10.471699 Sierra: X-ray, sending you 6
2024-10-15 04:56:10.472335 Charlie: Hotel, sending you 3
2024-10-15 04:56:10.474502 Mike: X-ray, sending you 6
chatterbot Juliett submitting transactions
chatterbot X-ray submitting transactions
chatterbot Sierra submitting transactions
chatterbot Mike submitting transactions
chatterbot Charlie submitting transactions
ChatterBot Foxtrot round 3
ChatterBot Sierra round 3
ChatterBot Zulu round 3
ChatterBot Delta round 3
ChatterBot Mike round 3
ChatterBot Juliett round 3
ChatterBot X-ray round 3
ChatterBot Papa round 3
ChatterBot Charlie round 3
ChatterBot Hotel round 3
2024-10-15 04:56:11.680447 Foxtrot: Zulu, sending you 6
2024-10-15 04:56:11.681048 Sierra: Delta, sending you 3
2024-10-15 04:56:11.681440 Juliett: Sending you each 3
2024-10-15 04:56:11.682645 Delta: Sierra, sending you 3
2024-10-15 04:56:11.682966 Mike: Sierra and X-ray, sending you 7
2024-10-15 04:56:11.683323 X-ray: Sierra and Mike, sending you 7
2024-10-15 04:56:11.684282 Zulu: Foxtrot, sending you 5
2024-10-15 04:56:11.684966 Foxtrot: Juliett and Charlie, sending you 3
2024-10-15 04:56:11.792466 Sierra: Mike, sending you 6
2024-10-15 04:56:11.792963 Delta: Mike, sending you 5
2024-10-15 04:56:11.793425 Mike: Delta, sending you 4
2024-10-15 04:56:11.794313 X-ray: Delta, sending you 4
2024-10-15 04:56:11.795008 Hotel: Foxtrot, sending you 1
2024-10-15 04:56:11.796219 Zulu: Juliett and Papa, sending you 4
2024-10-15 04:56:11.797103 Foxtrot: Papa, sending you 4
2024-10-15 04:56:11.798148 Papa: Foxtrot, sending you 5
2024-10-15 04:56:11.798605 Charlie: Foxtrot, Zulu and Hotel, sending you 3
chatterbot X-ray submitting transactions
2024-10-15 04:56:11.799777 Delta: X-ray, sending you 4
2024-10-15 04:56:11.800211 Sierra: X-ray, sending you 7
2024-10-15 04:56:11.801287 Hotel: Zulu and Charlie, sending you 3
2024-10-15 04:56:11.802054 Zulu: Charlie, sending you 2
2024-10-15 04:56:11.803219 Foxtrot: Hotel, sending you 1
2024-10-15 04:56:11.804296 Papa: Zulu, Juliett and Charlie, sending you 4
2024-10-15 04:56:11.804835 Charlie: Juliett, sending you 2
2024-10-15 04:56:11.923263 Hotel: Juliett, sending you 4
2024-10-15 04:56:11.924770 Zulu: Hotel, sending you 3
2024-10-15 04:56:11.926718 Charlie: Papa, sending you 4
chatterbot Juliett submitting transactions
chatterbot Papa submitting transactions
2024-10-15 04:56:11.929687 Hotel: Papa, sending you 2
chatterbot Sierra submitting transactions
chatterbot Mike submitting transactions
chatterbot Hotel submitting transactions
chatterbot Zulu submitting transactions
chatterbot Foxtrot submitting transactions
chatterbot Delta submitting transactions
chatterbot Charlie submitting transactions
ChatterBot Foxtrot round 4
ChatterBot Sierra round 4
ChatterBot Zulu round 4
ChatterBot Delta round 4
ChatterBot Mike round 4
ChatterBot Juliett round 4
ChatterBot X-ray round 4
ChatterBot Papa round 4
ChatterBot Charlie round 4
ChatterBot Hotel round 4
2024-10-15 04:56:12.755652 Foxtrot: Zulu and Papa, sending you 5
2024-10-15 04:56:12.759677 Foxtrot: Juliett, sending you 4
2024-10-15 04:56:12.760972 Zulu: Foxtrot, sending you 5
2024-10-15 04:56:12.761689 Juliett: Foxtrot, Zulu and Papa, sending you 3
2024-10-15 04:56:12.763368 Foxtrot: Charlie, sending you 3
2024-10-15 04:56:12.765102 Charlie: Foxtrot, Zulu, Juliett and Hotel, sending you 3
2024-10-15 04:56:12.765659 Mike: Sierra, sending you 6
2024-10-15 04:56:12.766005 Zulu: Juliett, Charlie and Hotel, sending you 3
2024-10-15 04:56:12.767107 Papa: Foxtrot, sending you 5
2024-10-15 04:56:12.767570 Juliett: Charlie and Hotel, sending you 2
2024-10-15 04:56:12.768163 Foxtrot: Hotel, sending you 1
2024-10-15 04:56:12.769042 Charlie: Papa, sending you 4
2024-10-15 04:56:12.770780 Mike: Delta, sending you 5
2024-10-15 04:56:12.771668 Zulu: Papa, sending you 4
2024-10-15 04:56:12.772144 Papa: Zulu, Juliett and Charlie, sending you 4
2024-10-15 04:56:12.773268 Delta: Sierra, sending you 3
2024-10-15 04:56:12.773706 Sierra: Delta, sending you 3
2024-10-15 04:56:12.775304 Mike: X-ray, sending you 7
2024-10-15 04:56:12.777304 Sierra: Mike, sending you 6
2024-10-15 04:56:12.777683 Hotel: Foxtrot and Papa, sending you 2
2024-10-15 04:56:12.778272 Delta: Mike and X-ray, sending you 5
2024-10-15 04:56:12.781368 Sierra: X-ray, sending you 7
2024-10-15 04:56:12.783085 Hotel: Zulu and Charlie, sending you 3
2024-10-15 04:56:12.783788 X-ray: Sierra and Mike, sending you 7
2024-10-15 04:56:12.786674 X-ray: Delta, sending you 4
2024-10-15 04:56:12.788689 Hotel: Juliett, sending you 4
chatterbot Sierra submitting transactions
chatterbot Juliett submitting transactions
chatterbot Charlie submitting transactions
chatterbot Papa submitting transactions
chatterbot Hotel submitting transactions
chatterbot Zulu submitting transactions
chatterbot Foxtrot submitting transactions
chatterbot Delta submitting transactions
chatterbot X-ray submitting transactions
chatterbot Mike submitting transactions
ChatterBot Foxtrot round 5
ChatterBot Sierra round 5
ChatterBot Zulu round 5
ChatterBot Delta round 5
ChatterBot Mike round 5
ChatterBot Juliett round 5
ChatterBot X-ray round 5
ChatterBot Papa round 5
ChatterBot Charlie round 5
ChatterBot Hotel round 5
2024-10-15 04:56:13.972663 Sierra: Delta, sending you 4
2024-10-15 04:56:13.973667 Foxtrot: Zulu and Papa, sending you 5
2024-10-15 04:56:13.976838 Foxtrot: Juliett, sending you 4
2024-10-15 04:56:13.977659 Sierra: Mike and X-ray, sending you 6
2024-10-15 04:56:13.978066 Zulu: Foxtrot, sending you 5
2024-10-15 04:56:13.979660 Delta: Sierra, sending you 4
2024-10-15 04:56:13.981667 Foxtrot: Charlie, sending you 3
2024-10-15 04:56:13.982139 Charlie: Foxtrot, Zulu, Juliett and Hotel, sending you 3
2024-10-15 04:56:13.982755 Zulu: Juliett, Charlie and Hotel, sending you 3
2024-10-15 04:56:13.983607 Delta: Mike and X-ray, sending you 5
2024-10-15 04:56:13.984672 Foxtrot: Hotel, sending you 2
2024-10-15 04:56:13.985702 Charlie: Papa, sending you 5
2024-10-15 04:56:13.986673 Zulu: Papa, sending you 4
2024-10-15 04:56:13.988702 Papa: Foxtrot, sending you 5
2024-10-15 04:56:13.991681 Hotel: Foxtrot, sending you 2
2024-10-15 04:56:13.992503 Papa: Zulu, Juliett and Charlie, sending you 4
2024-10-15 04:56:13.993176 Juliett: Foxtrot, Zulu, Papa and Charlie, sending you 3
2024-10-15 04:56:13.994266 X-ray: Sierra and Mike, sending you 7
2024-10-15 04:56:13.994744 Mike: Sierra, sending you 6
2024-10-15 04:56:13.995120 Hotel: Zulu, Juliett and Charlie, sending you 4
2024-10-15 04:56:13.998878 Juliett: Hotel, sending you 2
2024-10-15 04:56:13.999413 X-ray: Delta, sending you 4
2024-10-15 04:56:13.999793 Mike: Delta, sending you 5
2024-10-15 04:56:14.004668 Mike: X-ray, sending you 7
chatterbot X-ray submitting transactions
chatterbot Papa submitting transactions
chatterbot Charlie submitting transactions
chatterbot Juliett submitting transactions
chatterbot Mike submitting transactions
chatterbot Foxtrot submitting transactions
chatterbot Delta submitting transactions
chatterbot Sierra submitting transactions
chatterbot Hotel submitting transactions
chatterbot Zulu submitting transactions
ChatterBot Foxtrot round 6
ChatterBot Sierra round 6
ChatterBot Zulu round 6
ChatterBot Delta round 6
ChatterBot Mike round 6
ChatterBot Juliett round 6
ChatterBot X-ray round 6
ChatterBot Papa round 6
ChatterBot Charlie round 6
ChatterBot Hotel round 6
2024-10-15 04:56:15.208656 Juliett: Foxtrot, Zulu, Papa and Charlie, sending you 3
2024-10-15 04:56:15.212660 Mike: Sierra, sending you 6
2024-10-15 04:56:15.213662 Juliett: Hotel, sending you 2
2024-10-15 04:56:15.214679 X-ray: Sierra, sending you 6
2024-10-15 04:56:15.216649 Mike: Delta, sending you 5
2024-10-15 04:56:15.218688 Delta: Sierra, sending you 4
2024-10-15 04:56:15.219684 X-ray: Delta, sending you 5
2024-10-15 04:56:15.221070 Zulu: Foxtrot, sending you 5
2024-10-15 04:56:15.221534 Foxtrot: Zulu and Papa, sending you 5
2024-10-15 04:56:15.221947 Mike: X-ray, sending you 7
2024-10-15 04:56:15.222673 Sierra: Delta, sending you 4
2024-10-15 04:56:15.223001 Delta: Mike, sending you 6
2024-10-15 04:56:15.223274 X-ray: Mike, sending you 7
2024-10-15 04:56:15.224678 Papa: Foxtrot, sending you 5
2024-10-15 04:56:15.225056 Zulu: Juliett, Charlie and Hotel, sending you 3
2024-10-15 04:56:15.226318 Foxtrot: Juliett, sending you 4
2024-10-15 04:56:15.226890 Hotel: Foxtrot, sending you 2
2024-10-15 04:56:15.227329 Sierra: Mike and X-ray, sending you 6
2024-10-15 04:56:15.227664 Delta: X-ray, sending you 5
2024-10-15 04:56:15.228665 Papa: Zulu, Juliett and Charlie, sending you 4
2024-10-15 04:56:15.229669 Hotel: Zulu, Juliett and Charlie, sending you 4
2024-10-15 04:56:15.230688 Zulu: Papa, sending you 4
2024-10-15 04:56:15.231907 Charlie: Foxtrot, Zulu, Juliett and Hotel, sending you 3
2024-10-15 04:56:15.232299 Foxtrot: Charlie, sending you 3
2024-10-15 04:56:15.234668 Hotel: Papa, sending you 1
2024-10-15 04:56:15.235670 Charlie: Papa, sending you 5
2024-10-15 04:56:15.237217 Foxtrot: Hotel, sending you 2
chatterbot Sierra submitting transactions
chatterbot Hotel submitting transactions
chatterbot Zulu submitting transactions
chatterbot Delta submitting transactions
chatterbot Papa submitting transactions
chatterbot X-ray submitting transactions
chatterbot Juliett submitting transactions
chatterbot Foxtrot submitting transactions
chatterbot Mike submitting transactions
chatterbot Charlie submitting transactions
ChatterBot Foxtrot round 7
ChatterBot Sierra round 7
ChatterBot Zulu round 7
ChatterBot Delta round 7
ChatterBot Mike round 7
ChatterBot Juliett round 7
ChatterBot X-ray round 7
ChatterBot Papa round 7
ChatterBot Charlie round 7
ChatterBot Hotel round 7
2024-10-15 04:56:16.484669 Sierra: Delta, sending you 4
2024-10-15 04:56:16.489686 Sierra: Mike and X-ray, sending you 6
2024-10-15 04:56:16.490667 Zulu: Foxtrot, sending you 5
2024-10-15 04:56:16.492646 X-ray: Sierra, sending you 6
2024-10-15 04:56:16.493982 Delta: Sierra, sending you 4
2024-10-15 04:56:16.495675 Zulu: Juliett, Charlie and Hotel, sending you 3
2024-10-15 04:56:16.496563 X-ray: Delta, sending you 5
2024-10-15 04:56:16.496984 Papa: Foxtrot, sending you 5
2024-10-15 04:56:16.497286 Delta: Mike, sending you 6
2024-10-15 04:56:16.498649 Juliett: Foxtrot, Zulu, Papa and Charlie, sending you 3
2024-10-15 04:56:16.499666 Zulu: Papa, sending you 4
2024-10-15 04:56:16.500149 X-ray: Mike, sending you 7
2024-10-15 04:56:16.500441 Foxtrot: Zulu and Papa, sending you 5
2024-10-15 04:56:16.500921 Mike: Sierra, sending you 6
2024-10-15 04:56:16.501219 Papa: Zulu, Juliett and Charlie, sending you 4
2024-10-15 04:56:16.501520 Delta: X-ray, sending you 5
2024-10-15 04:56:16.501807 Hotel: Foxtrot, sending you 3
2024-10-15 04:56:16.503645 Juliett: Hotel, sending you 2
2024-10-15 04:56:16.504153 Foxtrot: Juliett, sending you 4
2024-10-15 04:56:16.504672 Mike: Delta, sending you 5
2024-10-15 04:56:16.505054 Hotel: Zulu, Juliett and Charlie, sending you 4
2024-10-15 04:56:16.507659 Foxtrot: Charlie, sending you 3
2024-10-15 04:56:16.508649 Mike: X-ray, sending you 7
2024-10-15 04:56:16.509044 Hotel: Papa, sending you 1
2024-10-15 04:56:16.509977 Charlie: Foxtrot, Zulu and Juliett, sending you 3
2024-10-15 04:56:16.511666 Foxtrot: Hotel, sending you 2
2024-10-15 04:56:16.514164 Charlie: Papa, sending you 5
2024-10-15 04:56:16.518659 Charlie: Hotel, sending you 4
chatterbot Sierra submitting transactions
chatterbot Zulu submitting transactions
chatterbot Juliett submitting transactions
chatterbot Hotel submitting transactions
chatterbot Charlie submitting transactions
chatterbot Papa submitting transactions
chatterbot X-ray submitting transactions
chatterbot Delta submitting transactions
chatterbot Mike submitting transactions
chatterbot Foxtrot submitting transactions
ChatterBot Foxtrot round 8
ChatterBot Sierra round 8
ChatterBot Zulu round 8
ChatterBot Delta round 8
ChatterBot Mike round 8
ChatterBot Juliett round 8
ChatterBot X-ray round 8
ChatterBot Papa round 8
ChatterBot Charlie round 8
ChatterBot Hotel round 8
2024-10-15 04:56:17.650654 Zulu: Foxtrot, sending you 5
2024-10-15 04:56:17.654662 Foxtrot: Zulu and Papa, sending you 5
2024-10-15 04:56:17.655187 Mike: Sierra, sending you 6
2024-10-15 04:56:17.655483 Zulu: Juliett, Charlie and Hotel, sending you 3
2024-10-15 04:56:17.657685 Juliett: Foxtrot, Zulu, Papa and Charlie, sending you 3
2024-10-15 04:56:17.658697 Sierra: Delta, sending you 4
2024-10-15 04:56:17.659950 X-ray: Sierra, sending you 6
2024-10-15 04:56:17.660400 Foxtrot: Juliett, sending you 4
2024-10-15 04:56:17.660980 Mike: Delta, sending you 5
2024-10-15 04:56:17.661337 Zulu: Papa, sending you 4
2024-10-15 04:56:17.662002 Delta: Sierra, sending you 4
2024-10-15 04:56:17.662374 Juliett: Hotel, sending you 2
2024-10-15 04:56:17.662959 Sierra: Mike and X-ray, sending you 6
2024-10-15 04:56:17.663411 X-ray: Delta, sending you 5
2024-10-15 04:56:17.665591 Papa: Foxtrot, sending you 5
2024-10-15 04:56:17.665998 Mike: X-ray, sending you 7
2024-10-15 04:56:17.666370 Foxtrot: Charlie, sending you 3
2024-10-15 04:56:17.667044 Delta: Mike, sending you 6
2024-10-15 04:56:17.668698 Papa: Zulu, Juliett and Charlie, sending you 4
2024-10-15 04:56:17.669937 X-ray: Mike, sending you 7
2024-10-15 04:56:17.670410 Delta: X-ray, sending you 5
2024-10-15 04:56:17.670800 Foxtrot: Hotel, sending you 2
2024-10-15 04:56:17.671345 Hotel: Foxtrot, sending you 3
2024-10-15 04:56:17.672666 Charlie: Foxtrot, Zulu and Hotel, sending you 3
2024-10-15 04:56:17.675663 Hotel: Zulu, Juliett and Charlie, sending you 4
2024-10-15 04:56:17.678660 Charlie: Juliett, sending you 4
2024-10-15 04:56:17.680668 Hotel: Papa, sending you 1
2024-10-15 04:56:17.684661 Charlie: Papa, sending you 5
chatterbot Papa submitting transactions
chatterbot Charlie submitting transactions
chatterbot X-ray submitting transactions
chatterbot Sierra submitting transactions
chatterbot Hotel submitting transactions
chatterbot Zulu submitting transactions
chatterbot Juliett submitting transactions
chatterbot Mike submitting transactions
chatterbot Delta submitting transactions
chatterbot Foxtrot submitting transactions
ChatterBot Foxtrot round 9
ChatterBot Sierra round 9
ChatterBot Zulu round 9
ChatterBot Delta round 9
ChatterBot Mike round 9
ChatterBot Juliett round 9
ChatterBot X-ray round 9
ChatterBot Papa round 9
ChatterBot Charlie round 9
ChatterBot Hotel round 9
2024-10-15 04:56:18.822667 Zulu: Foxtrot, sending you 5
2024-10-15 04:56:18.826023 Foxtrot: Zulu and Papa, sending you 5
2024-10-15 04:56:18.826736 Sierra: Delta, sending you 4
2024-10-15 04:56:18.827143 Zulu: Juliett, Charlie and Hotel, sending you 3
2024-10-15 04:56:18.831663 Foxtrot: Juliett, sending you 4
2024-10-15 04:56:18.832325 Sierra: Mike and X-ray, sending you 6
2024-10-15 04:56:18.832728 Zulu: Papa, sending you 4
2024-10-15 04:56:18.836669 X-ray: Sierra, sending you 6
2024-10-15 04:56:18.837003 Foxtrot: Charlie, sending you 3
2024-10-15 04:56:18.837463 Delta: Sierra, sending you 4
2024-10-15 04:56:18.840047 Foxtrot: Hotel, sending you 2
2024-10-15 04:56:18.840761 Mike: Sierra, sending you 6
2024-10-15 04:56:18.841124 Delta: Mike, sending you 6
2024-10-15 04:56:18.841434 Papa: Foxtrot, sending you 5
2024-10-15 04:56:18.841804 X-ray: Delta, sending you 5
2024-10-15 04:56:18.843669 Charlie: Foxtrot, Zulu and Hotel, sending you 3
2024-10-15 04:56:18.845674 Mike: Delta, sending you 5
2024-10-15 04:56:18.846282 Delta: X-ray, sending you 5
2024-10-15 04:56:18.846802 Papa: Zulu, Juliett and Charlie, sending you 4
2024-10-15 04:56:18.847296 X-ray: Mike, sending you 7
2024-10-15 04:56:18.847814 Juliett: Foxtrot, Zulu and Papa, sending you 3
2024-10-15 04:56:18.848589 Hotel: Foxtrot, sending you 3
2024-10-15 04:56:18.849846 Charlie: Juliett, sending you 4
2024-10-15 04:56:18.850781 Mike: X-ray, sending you 7
2024-10-15 04:56:18.852670 Juliett: Charlie and Hotel, sending you 2
2024-10-15 04:56:18.854161 Hotel: Zulu, Juliett and Charlie, sending you 4
2024-10-15 04:56:18.854775 Charlie: Papa, sending you 5
2024-10-15 04:56:18.857807 Hotel: Papa, sending you 1
chatterbot Foxtrot submitting transactions
chatterbot Papa submitting transactions
chatterbot Sierra submitting transactions
chatterbot Delta submitting transactions
chatterbot Charlie submitting transactions
chatterbot Zulu submitting transactions
chatterbot Juliett submitting transactions
chatterbot Hotel submitting transactions
chatterbot Mike submitting transactions
chatterbot X-ray submitting transactions
ChatterBot Foxtrot round 10
ChatterBot Sierra round 10
ChatterBot Zulu round 10
ChatterBot Delta round 10
ChatterBot Mike round 10
ChatterBot Juliett round 10
ChatterBot X-ray round 10
ChatterBot Papa round 10
ChatterBot Charlie round 10
ChatterBot Hotel round 10
2024-10-15 04:56:20.001856 Zulu: Foxtrot, sending you 5
2024-10-15 04:56:20.002687 Foxtrot: Zulu and Papa, sending you 5
2024-10-15 04:56:20.003460 Mike: Sierra, sending you 6
2024-10-15 04:56:20.007018 Papa: Foxtrot, sending you 5
2024-10-15 04:56:20.007677 Zulu: Juliett, Charlie and Hotel, sending you 3
2024-10-15 04:56:20.008347 Foxtrot: Juliett, sending you 4
2024-10-15 04:56:20.008928 Mike: Delta, sending you 5
2024-10-15 04:56:20.009662 Papa: Zulu, Juliett and Charlie, sending you 4
2024-10-15 04:56:20.010659 Sierra: Delta, sending you 4
2024-10-15 04:56:20.011531 Delta: Sierra, sending you 4
2024-10-15 04:56:20.011969 Juliett: Foxtrot, Zulu and Papa, sending you 3
2024-10-15 04:56:20.012712 Zulu: Papa, sending you 4
2024-10-15 04:56:20.013521 Foxtrot: Charlie, sending you 3
2024-10-15 04:56:20.014301 Mike: X-ray, sending you 7
2024-10-15 04:56:20.015115 X-ray: Sierra, sending you 6
2024-10-15 04:56:20.015502 Sierra: Mike and X-ray, sending you 6
2024-10-15 04:56:20.015898 Delta: Mike, sending you 6
2024-10-15 04:56:20.016330 Juliett: Charlie and Hotel, sending you 2
2024-10-15 04:56:20.016909 Charlie: Foxtrot, Zulu, Juliett and Papa, sending you 4
2024-10-15 04:56:20.017466 Hotel: Foxtrot, sending you 3
2024-10-15 04:56:20.018090 Foxtrot: Hotel, sending you 2
2024-10-15 04:56:20.018736 Delta: X-ray, sending you 5
2024-10-15 04:56:20.019695 X-ray: Delta, sending you 5
2024-10-15 04:56:20.020227 Charlie: Hotel, sending you 3
2024-10-15 04:56:20.021692 Hotel: Zulu, Juliett and Charlie, sending you 4
2024-10-15 04:56:20.024668 X-ray: Mike, sending you 7
2024-10-15 04:56:20.028529 Hotel: Papa, sending you 1
chatterbot Juliett submitting transactions
chatterbot X-ray submitting transactions
chatterbot Charlie submitting transactions
chatterbot Papa submitting transactions
chatterbot Mike submitting transactions
chatterbot Hotel submitting transactions
chatterbot Sierra submitting transactions
chatterbot Foxtrot submitting transactions
chatterbot Delta submitting transactions
chatterbot Zulu submitting transactions
ChatterBot Foxtrot round 11
ChatterBot Sierra round 11
ChatterBot Zulu round 11
ChatterBot Delta round 11
ChatterBot Mike round 11
ChatterBot Juliett round 11
ChatterBot X-ray round 11
ChatterBot Papa round 11
ChatterBot Charlie round 11
ChatterBot Hotel round 11
2024-10-15 04:56:21.207756 Papa: We should replace Juliett with Hotel
2024-10-15 04:56:21.214189 Foxtrot: No
2024-10-15 04:56:21.214348 Zulu: No
2024-10-15 04:56:21.214474 Charlie: No
ChatterBot Papa reevaluating
ChatterBot Papa reevaluating
ChatterBot Papa reevaluating
2024-10-15 04:56:21.244661 Zulu: Foxtrot, sending you 5
2024-10-15 04:56:21.248690 Zulu: Juliett, Charlie and Hotel, sending you 3
2024-10-15 04:56:21.249650 X-ray: Sierra, sending you 6
2024-10-15 04:56:21.250645 Delta: Sierra, sending you 4
2024-10-15 04:56:21.251661 Juliett: Foxtrot, Zulu and Papa, sending you 3
2024-10-15 04:56:21.252461 Foxtrot: Zulu and Papa, sending you 5
2024-10-15 04:56:21.253287 Zulu: Papa, sending you 4
2024-10-15 04:56:21.254204 X-ray: Delta, sending you 5
2024-10-15 04:56:21.254669 Delta: Mike, sending you 6
2024-10-15 04:56:21.255677 Mike: Sending you each 6
2024-10-15 04:56:21.256654 Juliett: Charlie and Hotel, sending you 2
2024-10-15 04:56:21.257372 Foxtrot: Juliett, sending you 4
2024-10-15 04:56:21.259672 X-ray: Mike, sending you 7
2024-10-15 04:56:21.260672 Delta: X-ray, sending you 5
2024-10-15 04:56:21.261141 Sierra: Delta, sending you 4
2024-10-15 04:56:21.261673 Foxtrot: Charlie, sending you 3
2024-10-15 04:56:21.262657 Charlie: Foxtrot, Zulu, Papa and Hotel, sending you 4
2024-10-15 04:56:21.263659 Sierra: Mike and X-ray, sending you 6
2024-10-15 04:56:21.264690 Foxtrot: Hotel, sending you 2
2024-10-15 04:56:21.265672 Hotel: Foxtrot, sending you 3
2024-10-15 04:56:21.266332 Charlie: Juliett, sending you 3
2024-10-15 04:56:21.270692 Hotel: Zulu, Juliett and Charlie, sending you 4
2024-10-15 04:56:21.271662 Papa: Foxtrot, sending you 5
2024-10-15 04:56:21.275656 Hotel: Papa, sending you 1
2024-10-15 04:56:21.276662 Papa: Zulu, Juliett and Charlie, sending you 4
chatterbot Mike submitting transactions
chatterbot Charlie submitting transactions
chatterbot Zulu submitting transactions
chatterbot Hotel submitting transactions
chatterbot Delta submitting transactions
chatterbot Sierra submitting transactions
chatterbot Juliett submitting transactions
chatterbot X-ray submitting transactions
chatterbot Foxtrot submitting transactions
chatterbot Papa submitting transactions
ChatterBot Foxtrot round 12
ChatterBot Sierra round 12
ChatterBot Zulu round 12
ChatterBot Delta round 12
ChatterBot Mike round 12
ChatterBot Juliett round 12
ChatterBot X-ray round 12
ChatterBot Papa round 12
ChatterBot Charlie round 12
ChatterBot Hotel round 12
2024-10-15 04:56:22.533654 Foxtrot: Zulu and Papa, sending you 5
2024-10-15 04:56:22.534358 Sierra: Delta, sending you 4
2024-10-15 04:56:22.535699 Papa: Foxtrot, sending you 5
2024-10-15 04:56:22.536101 Zulu: Foxtrot, sending you 5
2024-10-15 04:56:22.536693 Charlie: Foxtrot, Zulu, Papa and Hotel, sending you 4
2024-10-15 04:56:22.537667 Hotel: Foxtrot, sending you 3
2024-10-15 04:56:22.538653 Foxtrot: Juliett, sending you 4
2024-10-15 04:56:22.539343 Sierra: Mike and X-ray, sending you 6
2024-10-15 04:56:22.539829 Papa: Zulu, Juliett and Charlie, sending you 4
2024-10-15 04:56:22.540321 Charlie: Juliett, sending you 3
2024-10-15 04:56:22.541412 Zulu: Juliett, Charlie and Hotel, sending you 3
2024-10-15 04:56:22.542133 Delta: Sierra, sending you 4
2024-10-15 04:56:22.542553 Hotel: Zulu, Juliett and Charlie, sending you 4
2024-10-15 04:56:22.543195 Foxtrot: Charlie, sending you 3
2024-10-15 04:56:22.544663 Zulu: Papa, sending you 4
2024-10-15 04:56:22.545501 Delta: Mike, sending you 6
2024-10-15 04:56:22.545978 Mike: Same as last round
2024-10-15 04:56:22.546662 Juliett: Foxtrot, Zulu and Papa, sending you 3
2024-10-15 04:56:22.547486 Hotel: Papa, sending you 1
2024-10-15 04:56:22.549142 X-ray: Sierra, sending you 6
2024-10-15 04:56:22.549953 Foxtrot: Hotel, sending you 2
2024-10-15 04:56:22.551162 Delta: X-ray, sending you 5
2024-10-15 04:56:22.551763 Juliett: Charlie and Hotel, sending you 2
2024-10-15 04:56:22.553651 X-ray: Delta, sending you 5
2024-10-15 04:56:22.557666 X-ray: Mike, sending you 7
chatterbot Hotel submitting transactions
chatterbot Juliett submitting transactions
chatterbot Delta submitting transactions
chatterbot Papa submitting transactions
chatterbot X-ray submitting transactions
chatterbot Foxtrot submitting transactions
chatterbot Sierra submitting transactions
chatterbot Mike submitting transactions
chatterbot Zulu submitting transactions
chatterbot Charlie submitting transactions
ChatterBot Foxtrot round 13
ChatterBot Sierra round 13
ChatterBot Zulu round 13
ChatterBot Delta round 13
ChatterBot Mike round 13
ChatterBot Juliett round 13
ChatterBot X-ray round 13
ChatterBot Papa round 13
ChatterBot Charlie round 13
ChatterBot Hotel round 13
2024-10-15 04:56:23.807660 Delta: Sierra, sending you 4
2024-10-15 04:56:23.811649 Zulu: Foxtrot, sending you 5
2024-10-15 04:56:23.812727 Delta: Mike, sending you 6
2024-10-15 04:56:23.814105 Juliett: Foxtrot, Zulu and Papa, sending you 3
2024-10-15 04:56:23.815168 X-ray: Sierra, sending you 6
2024-10-15 04:56:23.815686 Charlie: Foxtrot, Zulu, Papa and Hotel, sending you 4
2024-10-15 04:56:23.816466 Zulu: Juliett, Charlie and Hotel, sending you 3
2024-10-15 04:56:23.818673 Delta: X-ray, sending you 5
2024-10-15 04:56:23.819202 X-ray: Delta, sending you 5
2024-10-15 04:56:23.819752 Juliett: Charlie and Hotel, sending you 2
2024-10-15 04:56:23.820603 Charlie: Juliett, sending you 3
2024-10-15 04:56:23.821457 Foxtrot: Zulu and Papa, sending you 5
2024-10-15 04:56:23.822126 Zulu: Papa, sending you 4
2024-10-15 04:56:23.823451 Papa: Foxtrot, sending you 5
2024-10-15 04:56:23.824669 X-ray: Mike, sending you 7
2024-10-15 04:56:23.825653 Foxtrot: Juliett, sending you 4
2024-10-15 04:56:23.826650 Sierra: Delta, sending you 4
2024-10-15 04:56:23.827659 Papa: Zulu, Juliett and Charlie, sending you 4
2024-10-15 04:56:23.828657 Mike: Same as last round
2024-10-15 04:56:23.829077 Foxtrot: Charlie, sending you 3
2024-10-15 04:56:23.831687 Sierra: Mike and X-ray, sending you 6
2024-10-15 04:56:23.832226 Hotel: Foxtrot and Juliett, sending you 3
2024-10-15 04:56:23.834658 Foxtrot: Hotel, sending you 2
2024-10-15 04:56:23.837674 Hotel: Zulu, sending you 4
2024-10-15 04:56:23.840665 Hotel: Papa, sending you 1
2024-10-15 04:56:23.845679 Hotel: Charlie, sending you 5
chatterbot X-ray submitting transactions
chatterbot Zulu submitting transactions
chatterbot Foxtrot submitting transactions
chatterbot Papa submitting transactions
chatterbot Sierra submitting transactions
chatterbot Delta submitting transactions
chatterbot Hotel submitting transactions
chatterbot Juliett submitting transactions
chatterbot Charlie submitting transactions
chatterbot Mike submitting transactions
ChatterBot Foxtrot round 14
ChatterBot Sierra round 14
ChatterBot Zulu round 14
ChatterBot Delta round 14
ChatterBot Mike round 14
ChatterBot Juliett round 14
ChatterBot X-ray round 14
ChatterBot Papa round 14
ChatterBot Charlie round 14
ChatterBot Hotel round 14
2024-10-15 04:56:25.004684 X-ray: Sierra, sending you 6
2024-10-15 04:56:25.007302 Hotel: Foxtrot and Juliett, sending you 3
2024-10-15 04:56:25.008605 Delta: Sierra, sending you 4
2024-10-15 04:56:25.009522 Mike: Same as last round
2024-10-15 04:56:25.010553 Foxtrot: Zulu and Papa, sending you 5
2024-10-15 04:56:25.012973 X-ray: Delta, sending you 5
2024-10-15 04:56:25.013670 Hotel: Zulu, sending you 4
2024-10-15 04:56:25.015124 Zulu: Foxtrot, sending you 5
2024-10-15 04:56:25.016722 Papa: Foxtrot, sending you 5
2024-10-15 04:56:25.017518 Delta: Mike, sending you 6
2024-10-15 04:56:25.018081 Foxtrot: Juliett, sending you 4
2024-10-15 04:56:25.020014 X-ray: Mike, sending you 7
2024-10-15 04:56:25.020651 Sierra: Delta, sending you 4
2024-10-15 04:56:25.021356 Juliett: Foxtrot, Zulu and Papa, sending you 3
2024-10-15 04:56:25.024070 Hotel: Papa, sending you 1
2024-10-15 04:56:25.025810 Papa: Zulu, Juliett and Charlie, sending you 4
2024-10-15 04:56:25.026771 Zulu: Juliett, Charlie and Hotel, sending you 3
2024-10-15 04:56:25.028611 Delta: X-ray, sending you 5
2024-10-15 04:56:25.029339 Charlie: Foxtrot, Zulu, Papa and Hotel, sending you 4
2024-10-15 04:56:25.031263 Foxtrot: Charlie, sending you 3
2024-10-15 04:56:25.032576 Sierra: Mike and X-ray, sending you 6
2024-10-15 04:56:25.033288 Juliett: Charlie and Hotel, sending you 2
2024-10-15 04:56:25.034729 Hotel: Charlie, sending you 5
2024-10-15 04:56:25.035997 Zulu: Papa, sending you 4
2024-10-15 04:56:25.036959 Charlie: Juliett, sending you 3
2024-10-15 04:56:25.038866 Foxtrot: Hotel, sending you 2
chatterbot X-ray submitting transactions
chatterbot Juliett submitting transactions
chatterbot Mike submitting transactions
chatterbot Sierra submitting transactions
chatterbot Zulu submitting transactions
chatterbot Hotel submitting transactions
chatterbot Delta submitting transactions
chatterbot Foxtrot submitting transactions
chatterbot Papa submitting transactions
chatterbot Charlie submitting transactions
ChatterBot Foxtrot round 15
ChatterBot Sierra round 15
ChatterBot Zulu round 15
ChatterBot Delta round 15
ChatterBot Mike round 15
ChatterBot Juliett round 15
ChatterBot X-ray round 15
ChatterBot Papa round 15
ChatterBot Charlie round 15
ChatterBot Hotel round 15
2024-10-15 04:56:26.450763 Zulu: Foxtrot, sending you 5
2024-10-15 04:56:26.452822 Sierra: Delta, sending you 4
2024-10-15 04:56:26.454480 Foxtrot: Zulu and Papa, sending you 5
2024-10-15 04:56:26.465230 Zulu: Juliett, Charlie and Hotel, sending you 3
2024-10-15 04:56:26.467347 Sierra: Mike and X-ray, sending you 6
2024-10-15 04:56:26.469050 Delta: Sierra, sending you 4
2024-10-15 04:56:26.470167 Juliett: Foxtrot, Zulu and Papa, sending you 3
2024-10-15 04:56:26.473635 Mike: Same as last round
2024-10-15 04:56:26.474799 Papa: Foxtrot, sending you 5
2024-10-15 04:56:26.476970 Charlie: Foxtrot, Zulu, Papa and Hotel, sending you 4
2024-10-15 04:56:26.479919 Foxtrot: Juliett, sending you 4
2024-10-15 04:56:26.482995 X-ray: Sierra, sending you 6
2024-10-15 04:56:26.484351 Zulu: Papa, sending you 4
chatterbot Zulu submitting transactions
2024-10-15 04:56:26.487511 Delta: Mike, sending you 6
2024-10-15 04:56:26.489573 Juliett: Charlie and Hotel, sending you 2
2024-10-15 04:56:26.492716 Papa: Zulu, Juliett and Charlie, sending you 4
2024-10-15 04:56:26.495513 Charlie: Juliett, sending you 3
2024-10-15 04:56:26.497775 Foxtrot: Charlie, sending you 3
2024-10-15 04:56:26.500466 X-ray: Delta, sending you 5
2024-10-15 04:56:26.502198 Hotel: Foxtrot and Juliett, sending you 3
2024-10-15 04:56:26.505267 Delta: X-ray, sending you 5
2024-10-15 04:56:26.507949 Foxtrot: Hotel, sending you 2
2024-10-15 04:56:26.510764 X-ray: Mike, sending you 7
2024-10-15 04:56:26.512409 Hotel: Zulu, sending you 4
2024-10-15 04:56:26.524511 Hotel: Papa, sending you 1
2024-10-15 04:56:26.536143 Hotel: Charlie, sending you 5
chatterbot Papa submitting transactions
chatterbot Delta submitting transactions
chatterbot Foxtrot submitting transactions
chatterbot Sierra submitting transactions
chatterbot Hotel submitting transactions
chatterbot Juliett submitting transactions
chatterbot Charlie submitting transactions
chatterbot Mike submitting transactions
chatterbot X-ray submitting transactions
ChatterBot Foxtrot round 16
ChatterBot Sierra round 16
ChatterBot Zulu round 16
ChatterBot Delta round 16
ChatterBot Mike round 16
ChatterBot Juliett round 16
ChatterBot X-ray round 16
ChatterBot Papa round 16
ChatterBot Charlie round 16
ChatterBot Hotel round 16
2024-10-15 04:56:27.631692 Sierra: Delta, sending you 4
2024-10-15 04:56:27.632660 Zulu: Foxtrot, sending you 5
2024-10-15 04:56:27.633689 Foxtrot: Zulu and Papa, sending you 5
2024-10-15 04:56:27.636286 Sierra: Mike and X-ray, sending you 6
2024-10-15 04:56:27.637163 Mike: Same as last round
2024-10-15 04:56:27.638079 Zulu: Juliett, Charlie and Hotel, sending you 3
2024-10-15 04:56:27.640650 Foxtrot: Juliett, sending you 4
2024-10-15 04:56:27.642656 Zulu: Papa, sending you 4
2024-10-15 04:56:27.644834 Charlie: Foxtrot, Zulu, Papa and Hotel, sending you 4
2024-10-15 04:56:27.646375 X-ray: Sierra, sending you 6
2024-10-15 04:56:27.647174 Delta: Sierra, sending you 4
2024-10-15 04:56:27.647832 Foxtrot: Charlie, sending you 3
2024-10-15 04:56:27.651061 Charlie: Juliett, sending you 3
2024-10-15 04:56:27.652177 Delta: Mike, sending you 6
2024-10-15 04:56:27.652789 Hotel: Foxtrot and Juliett, sending you 3
2024-10-15 04:56:27.653950 X-ray: Delta, sending you 5
2024-10-15 04:56:27.654400 Foxtrot: Hotel, sending you 2
2024-10-15 04:56:27.655487 Juliett: Foxtrot, Zulu and Papa, sending you 3
2024-10-15 04:56:27.656306 Papa: Foxtrot, sending you 5
2024-10-15 04:56:27.657206 Delta: X-ray, sending you 5
2024-10-15 04:56:27.657681 Hotel: Zulu, sending you 4
2024-10-15 04:56:27.658670 X-ray: Mike, sending you 7
2024-10-15 04:56:27.659652 Papa: Zulu, Juliett and Charlie, sending you 4
2024-10-15 04:56:27.660672 Juliett: Charlie and Hotel, sending you 2
2024-10-15 04:56:27.661673 Hotel: Papa, sending you 1
2024-10-15 04:56:27.664684 Hotel: Charlie, sending you 5
chatterbot Papa submitting transactions
chatterbot Juliett submitting transactions
chatterbot Charlie submitting transactions
chatterbot Sierra submitting transactions
chatterbot Delta submitting transactions
chatterbot Zulu submitting transactions
chatterbot X-ray submitting transactions
chatterbot Mike submitting transactions
chatterbot Hotel submitting transactions
chatterbot Foxtrot submitting transactions
ChatterBot Foxtrot round 17
ChatterBot Sierra round 17
ChatterBot Zulu round 17
ChatterBot Delta round 17
ChatterBot Mike round 17
ChatterBot Juliett round 17
ChatterBot X-ray round 17
ChatterBot Papa round 17
ChatterBot Charlie round 17
ChatterBot Hotel round 17
2024-10-15 04:56:28.899700 Juliett: Foxtrot, Zulu and Papa, sending you 3
2024-10-15 04:56:28.901067 Sierra: Delta, sending you 4
2024-10-15 04:56:28.904677 Juliett: Charlie and Hotel, sending you 2
2024-10-15 04:56:28.905825 Sierra: Mike and X-ray, sending you 6
2024-10-15 04:56:28.906390 Delta: Sierra, sending you 4
2024-10-15 04:56:28.906910 X-ray: Sierra, sending you 6
