ChatterBot Alpha round 1
ChatterBot Whiskey round 1
ChatterBot India round 1
ChatterBot Zulu round 1
ChatterBot Mike round 1
ChatterBot Kilo round 1
ChatterBot Golf round 1
ChatterBot Quebec round 1
ChatterBot Hotel round 1
ChatterBot Bravo round 1
randomSelections Zulu: {Zulu, India, Alpha, Kilo, Hotel, Quebec} 
2024-10-15 04:56:06.602682 Zulu: We would work well together
ChatterBot India reevaluating
ChatterBot Alpha reevaluating
ChatterBot Kilo reevaluating
ChatterBot Hotel reevaluating
ChatterBot Quebec reevaluating
2024-10-15 04:56:06.622018 India: Yes
2024-10-15 04:56:06.622183 Alpha: Yes
2024-10-15 04:56:06.622901 Kilo: Yes
2024-10-15 04:56:06.623059 Hotel: Yes
2024-10-15 04:56:06.623194 Quebec: Yes
ChatterBot Alpha reevaluating
ChatterBot Kilo reevaluating
ChatterBot Hotel reevaluating
ChatterBot Quebec reevaluating
ChatterBot India reevaluating
ChatterBot Kilo reevaluating
ChatterBot Hotel reevaluating
ChatterBot Quebec reevaluating
ChatterBot India reevaluating
ChatterBot Alpha reevaluating
ChatterBot Hotel reevaluating
ChatterBot Quebec reevaluating
ChatterBot India reevaluating
ChatterBot Alpha reevaluating
ChatterBot Kilo reevaluating
ChatterBot Quebec reevaluating
ChatterBot India reevaluating
ChatterBot Alpha reevaluating
ChatterBot Kilo reevaluating
ChatterBot Hotel reevaluating
randomSelections Whiskey: {Whiskey, Bravo, Zulu, Kilo, Alpha, Quebec, India, Hotel} 
2024-10-15 04:56:06.836020 Whiskey: We should group up
ChatterBot Bravo reevaluating
ChatterBot Kilo reevaluating
ChatterBot Alpha reevaluating
ChatterBot Quebec reevaluating
ChatterBot India reevaluating
ChatterBot Hotel reevaluating
2024-10-15 04:56:06.856158 Bravo: Yes
2024-10-15 04:56:06.856803 Zulu: No
2024-10-15 04:56:06.857060 Kilo: No
2024-10-15 04:56:06.857256 Alpha: No
2024-10-15 04:56:06.857463 Quebec: No
2024-10-15 04:56:06.858421 India: No
2024-10-15 04:56:06.858658 Hotel: No
ChatterBot Kilo reevaluating
ChatterBot Alpha reevaluating
ChatterBot Quebec reevaluating
ChatterBot India reevaluating
ChatterBot Hotel reevaluating
ChatterBot Bravo reevaluating
ChatterBot Kilo reevaluating
ChatterBot Alpha reevaluating
ChatterBot Quebec reevaluating
ChatterBot India reevaluating
ChatterBot Hotel reevaluating
ChatterBot Bravo reevaluating
ChatterBot Alpha reevaluating
ChatterBot Quebec reevaluating
ChatterBot India reevaluating
ChatterBot Hotel reevaluating
ChatterBot Bravo reevaluating
ChatterBot Kilo reevaluating
ChatterBot Quebec reevaluating
ChatterBot India reevaluating
ChatterBot Hotel reevaluating
ChatterBot Bravo reevaluating
ChatterBot Kilo reevaluating
ChatterBot Alpha reevaluating
ChatterBot India reevaluating
ChatterBot Hotel reevaluating
ChatterBot Bravo reevaluating
ChatterBot Kilo reevaluating
ChatterBot Alpha reevaluating
ChatterBot Quebec reevaluating
ChatterBot Hotel reevaluating
ChatterBot Bravo reevaluating
ChatterBot Kilo reevaluating
ChatterBot Alpha reevaluating
ChatterBot Quebec reevaluating
ChatterBot India reevaluating
randomSelections Mike: {Mike, Bravo, India, Whiskey, Golf, Zulu} 
2024-10-15 04:56:06.999188 Mike: We should group up
ChatterBot Bravo reevaluating
ChatterBot India reevaluating
ChatterBot Golf reevaluating
2024-10-15 04:56:07.013765 Bravo: No
2024-10-15 04:56:07.014780 India: No
2024-10-15 04:56:07.015410 Whiskey: No
2024-10-15 04:56:07.015836 Golf: Yes
2024-10-15 04:56:07.016013 Zulu: No
ChatterBot India reevaluating
ChatterBot Golf reevaluating
ChatterBot Bravo reevaluating
ChatterBot Golf reevaluating
ChatterBot Bravo reevaluating
ChatterBot India reevaluating
ChatterBot Golf reevaluating
ChatterBot Bravo reevaluating
ChatterBot India reevaluating
ChatterBot Bravo reevaluating
ChatterBot India reevaluating
ChatterBot Golf reevaluating
2024-10-15 04:56:07.106277 India: Alpha, sending you 6
2024-10-15 04:56:07.107587 Golf: Whiskey, sending you 4
2024-10-15 04:56:07.109028 Kilo: Alpha and Zulu, sending you 1
2024-10-15 04:56:07.118120 India: Kilo, sending you 3
2024-10-15 04:56:07.118786 Bravo: Alpha, India and Quebec, sending you 2
2024-10-15 04:56:07.120143 Quebec: Alpha, sending you 5
2024-10-15 04:56:07.120760 Golf: India and Mike, sending you 3
2024-10-15 04:56:07.122036 Whiskey: Alpha, sending you 4
2024-10-15 04:56:07.122796 Kilo: India, sending you 5
2024-10-15 04:56:07.123964 Mike: Whiskey, sending you 1
2024-10-15 04:56:07.124705 Alpha: India and Hotel, sending you 3
2024-10-15 04:56:07.126142 Zulu: Alpha, Quebec and Hotel, sending you 4
2024-10-15 04:56:07.126592 India: Quebec and Hotel, sending you 4
2024-10-15 04:56:07.127710 Bravo: Whiskey, sending you 6
2024-10-15 04:56:07.128185 Golf: Zulu, sending you 2
2024-10-15 04:56:07.128738 Quebec: India, Kilo and Hotel, sending you 4
2024-10-15 04:56:07.130039 Kilo: Quebec and Hotel, sending you 3
2024-10-15 04:56:07.130470 Whiskey: India, sending you 1
2024-10-15 04:56:07.132115 Mike: India, sending you 2
2024-10-15 04:56:07.132517 Alpha: Zulu and Kilo, sending you 4
2024-10-15 04:56:07.134051 Hotel: Alpha, sending you 5
2024-10-15 04:56:07.135594 Zulu: India and Kilo, sending you 2
2024-10-15 04:56:07.136621 Bravo: Zulu and Hotel, sending you 1
2024-10-15 04:56:07.138125 Golf: Bravo, sending you 5
2024-10-15 04:56:07.138880 Quebec: Zulu, sending you 2
2024-10-15 04:56:07.140908 Mike: Zulu and Bravo, sending you 6
2024-10-15 04:56:07.142482 Whiskey: Zulu and Bravo, sending you 3
2024-10-15 04:56:07.143336 Alpha: Quebec, sending you 1
2024-10-15 04:56:07.144836 Hotel: India, Zulu and Kilo, sending you 4
2024-10-15 04:56:07.146667 Bravo: Kilo, sending you 4
2024-10-15 04:56:07.148430 Mike: Golf, sending you 3
2024-10-15 04:56:07.149291 Whiskey: Kilo, sending you 2
2024-10-15 04:56:07.151429 Hotel: Quebec, sending you 1
chatterbot Zulu submitting transactions
2024-10-15 04:56:07.153966 Whiskey: Quebec, sending you 5
chatterbot Alpha submitting transactions
chatterbot Hotel submitting transactions
chatterbot Golf submitting transactions
chatterbot Kilo submitting transactions
chatterbot Whiskey submitting transactions
chatterbot Mike submitting transactions
chatterbot India submitting transactions
chatterbot Bravo submitting transactions
chatterbot Quebec submitting transactions
ChatterBot Alpha round 2
ChatterBot Whiskey round 2
ChatterBot India round 2
ChatterBot Zulu round 2
ChatterBot Mike round 2
2024-10-15 04:56:08.967125 Whiskey: Friends?
ChatterBot Mike reevaluating
ChatterBot Golf reevaluating
ChatterBot Bravo reevaluating
2024-10-15 04:56:08.996655 Mike: Yes
2024-10-15 04:56:08.996823 Golf: No
2024-10-15 04:56:08.996940 Bravo: No
ChatterBot Golf reevaluating
ChatterBot Bravo reevaluating
ChatterBot Mike reevaluating
ChatterBot Bravo reevaluating
ChatterBot Mike reevaluating
ChatterBot Golf reevaluating
2024-10-15 04:56:09.070648 Golf: We would work well together
ChatterBot Mike reevaluating
2024-10-15 04:56:09.076254 Mike: Yes
ChatterBot Golf reevaluating
ChatterBot Kilo round 2
ChatterBot Golf round 2
ChatterBot Quebec round 2
ChatterBot Hotel round 2
ChatterBot Bravo round 2
2024-10-15 04:56:09.100555 Zulu: Can we be friends?
ChatterBot India reevaluating
ChatterBot Kilo reevaluating
ChatterBot Quebec reevaluating
ChatterBot Hotel reevaluating
ChatterBot Mike reevaluating
ChatterBot Golf reevaluating
ChatterBot Bravo reevaluating
2024-10-15 04:56:09.140974 Alpha: No
2024-10-15 04:56:09.141669 India: No
2024-10-15 04:56:09.141790 Kilo: No
2024-10-15 04:56:09.141895 Quebec: No
2024-10-15 04:56:09.142003 Hotel: No
2024-10-15 04:56:09.142099 Mike: No
2024-10-15 04:56:09.142192 Golf: No
2024-10-15 04:56:09.142279 Whiskey: No
2024-10-15 04:56:09.142372 Bravo: No
ChatterBot India reevaluating
ChatterBot Kilo reevaluating
ChatterBot Quebec reevaluating
ChatterBot Hotel reevaluating
ChatterBot Mike reevaluating
ChatterBot Golf reevaluating
ChatterBot Bravo reevaluating
ChatterBot Kilo reevaluating
ChatterBot Quebec reevaluating
ChatterBot Hotel reevaluating
ChatterBot Mike reevaluating
ChatterBot Golf reevaluating
ChatterBot Bravo reevaluating
ChatterBot India reevaluating
ChatterBot Quebec reevaluating
ChatterBot Hotel reevaluating
ChatterBot Mike reevaluating
ChatterBot Golf reevaluating
ChatterBot Bravo reevaluating
ChatterBot India reevaluating
ChatterBot Kilo reevaluating
ChatterBot Hotel reevaluating
ChatterBot Mike reevaluating
ChatterBot Golf reevaluating
ChatterBot Bravo reevaluating
2024-10-15 04:56:09.303247 India: Group up?
ChatterBot India reevaluating
ChatterBot Kilo reevaluating
ChatterBot Quebec reevaluating
ChatterBot Mike reevaluating
ChatterBot Golf reevaluating
ChatterBot Bravo reevaluating
ChatterBot India reevaluating
ChatterBot Kilo reevaluating
ChatterBot Quebec reevaluating
ChatterBot Hotel reevaluating
ChatterBot Golf reevaluating
ChatterBot Bravo reevaluating
ChatterBot India reevaluating
ChatterBot Kilo reevaluating
ChatterBot Quebec reevaluating
ChatterBot Hotel reevaluating
ChatterBot Mike reevaluating
ChatterBot Bravo reevaluating
ChatterBot India reevaluating
ChatterBot Kilo reevaluating
ChatterBot Quebec reevaluating
ChatterBot Hotel reevaluating
ChatterBot Mike reevaluating
ChatterBot Golf reevaluating
ChatterBot Bravo reevaluating
ChatterBot India reevaluating
ChatterBot Kilo reevaluating
ChatterBot Quebec reevaluating
ChatterBot Hotel reevaluating
ChatterBot Mike reevaluating
ChatterBot Golf reevaluating
ChatterBot Kilo reevaluating
ChatterBot Quebec reevaluating
ChatterBot Hotel reevaluating
2024-10-15 04:56:09.531332 Alpha: No
2024-10-15 04:56:09.531681 Kilo: No
2024-10-15 04:56:09.532599 Quebec: No
2024-10-15 04:56:09.532872 Hotel: No
ChatterBot Mike reevaluating
ChatterBot Golf reevaluating
ChatterBot Bravo reevaluating
2024-10-15 04:56:09.553871 Zulu: Yes
2024-10-15 04:56:09.555049 Mike: No
2024-10-15 04:56:09.555349 Golf: Yes
2024-10-15 04:56:09.555477 Whiskey: No
2024-10-15 04:56:09.555578 Bravo: No
ChatterBot India reevaluating
ChatterBot Kilo reevaluating
ChatterBot Quebec reevaluating
ChatterBot Hotel reevaluating
ChatterBot Mike reevaluating
ChatterBot Golf reevaluating
ChatterBot Bravo reevaluating
ChatterBot India reevaluating
ChatterBot Quebec reevaluating
ChatterBot Hotel reevaluating
ChatterBot Mike reevaluating
ChatterBot Golf reevaluating
ChatterBot Bravo reevaluating
ChatterBot India reevaluating
ChatterBot Kilo reevaluating
ChatterBot Hotel reevaluating
ChatterBot Mike reevaluating
ChatterBot Golf reevaluating
ChatterBot Bravo reevaluating
ChatterBot India reevaluating
ChatterBot Kilo reevaluating
ChatterBot Quebec reevaluating
ChatterBot Mike reevaluating
ChatterBot Golf reevaluating
ChatterBot Bravo reevaluating
ChatterBot India reevaluating
ChatterBot Kilo reevaluating
ChatterBot Quebec reevaluating
ChatterBot Hotel reevaluating
ChatterBot Mike reevaluating
ChatterBot Golf reevaluating
ChatterBot Bravo reevaluating
ChatterBot India reevaluating
ChatterBot Kilo reevaluating
ChatterBot Quebec reevaluating
ChatterBot Hotel reevaluating
ChatterBot Golf reevaluating
ChatterBot Bravo reevaluating
ChatterBot India reevaluating
ChatterBot Kilo reevaluating
ChatterBot Quebec reevaluating
ChatterBot Hotel reevaluating
ChatterBot Mike reevaluating
ChatterBot Bravo reevaluating
ChatterBot India reevaluating
ChatterBot Kilo reevaluating
ChatterBot Quebec reevaluating
ChatterBot Hotel reevaluating
ChatterBot Mike reevaluating
ChatterBot Golf reevaluating
ChatterBot Bravo reevaluating
ChatterBot India reevaluating
ChatterBot Kilo reevaluating
ChatterBot Quebec reevaluating
ChatterBot Hotel reevaluating
ChatterBot Mike reevaluating
ChatterBot Golf reevaluating
2024-10-15 04:56:10.242206 Mike: We should drop India and Zulu
ChatterBot Bravo reevaluating
2024-10-15 04:56:10.256277 Whiskey: Yes
2024-10-15 04:56:10.256435 Golf: Yes
2024-10-15 04:56:10.256637 Bravo: Yes
ChatterBot Mike reevaluating
ChatterBot Bravo reevaluating
ChatterBot Mike reevaluating
ChatterBot Bravo reevaluating
ChatterBot Mike reevaluating
2024-10-15 04:56:10.404282 Whiskey: Mike, sending you 3
2024-10-15 04:56:10.404685 India: Alpha, Zulu, Mike, Kilo, Golf, Quebec, Hotel and Bravo, sending you 2
2024-10-15 04:56:10.406148 Alpha: India, Quebec and Hotel, sending you 4
2024-10-15 04:56:10.407107 Zulu: Alpha, Mike and Hotel, sending you 3
chatterbot Alpha submitting transactions
2024-10-15 04:56:10.408062 Whiskey: Golf, sending you 6
2024-10-15 04:56:10.492829 India: Whiskey, sending you 1
2024-10-15 04:56:10.494742 Alpha: Zulu, sending you 3
2024-10-15 04:56:10.496223 Zulu: Whiskey, Golf and Quebec, sending you 2
2024-10-15 04:56:10.497926 Kilo: Alpha, sending you 5
2024-10-15 04:56:10.499563 Hotel: Alpha and Kilo, sending you 3
2024-10-15 04:56:10.500387 Quebec: Alpha, sending you 3
2024-10-15 04:56:10.501932 Whiskey: Bravo, sending you 9
2024-10-15 04:56:10.503380 Alpha: Kilo, sending you 1
2024-10-15 04:56:10.504816 Zulu: India, Kilo and Bravo, sending you 1
2024-10-15 04:56:10.506885 Kilo: India and Zulu, sending you 3
2024-10-15 04:56:10.508212 Hotel: India, Zulu and Quebec, sending you 4
2024-10-15 04:56:10.509042 Quebec: India and Zulu, sending you 5
2024-10-15 04:56:10.510359 Bravo: Whiskey, sending you 5
2024-10-15 04:56:10.511463 Golf: Whiskey and Bravo, sending you 2
2024-10-15 04:56:10.512169 Kilo: Quebec and Hotel, sending you 4
2024-10-15 04:56:10.553842 Quebec: Kilo, sending you 4
2024-10-15 04:56:10.555333 Bravo: Mike, sending you 7
2024-10-15 04:56:10.555909 Golf: Mike, sending you 5
2024-10-15 04:56:10.588781 Quebec: Hotel, sending you 2
2024-10-15 04:56:10.589280 Bravo: Golf, sending you 6
chatterbot Hotel submitting transactions
chatterbot Whiskey submitting transactions
chatterbot Mike submitting transactions
chatterbot Zulu submitting transactions
chatterbot India submitting transactions
chatterbot Kilo submitting transactions
chatterbot Bravo submitting transactions
chatterbot Golf submitting transactions
chatterbot Quebec submitting transactions
ChatterBot Alpha round 3
ChatterBot Whiskey round 3
ChatterBot India round 3
ChatterBot Zulu round 3
ChatterBot Mike round 3
ChatterBot Kilo round 3
ChatterBot Golf round 3
ChatterBot Quebec round 3
ChatterBot Hotel round 3
ChatterBot Bravo round 3
2024-10-15 04:56:11.964187 Mike: We should drop India and Zulu
2024-10-15 04:56:11.976655 Whiskey: Yes
2024-10-15 04:56:11.976878 Golf: Yes
2024-10-15 04:56:11.977017 Bravo: Yes
ChatterBot Mike reevaluating
2024-10-15 04:56:12.047636 Zulu: Alpha, Quebec and Hotel, sending you 4
2024-10-15 04:56:12.048913 Whiskey: Mike, sending you 2
2024-10-15 04:56:12.049365 India: Alpha, Zulu, Kilo and Hotel, sending you 3
2024-10-15 04:56:12.050442 Alpha: India, sending you 5
2024-10-15 04:56:12.051256 Mike: We should drop India
2024-10-15 04:56:12.076456 Bravo: Yes
2024-10-15 04:56:12.076664 Golf: Yes
2024-10-15 04:56:12.076844 Whiskey: Yes
2024-10-15 04:56:12.077024 Zulu: No
ChatterBot Mike reevaluating
ChatterBot Mike reevaluating
ChatterBot Mike reevaluating
ChatterBot Mike reevaluating
2024-10-15 04:56:12.181377 Whiskey: Golf, sending you 6
2024-10-15 04:56:12.181928 Zulu: India, sending you 2
2024-10-15 04:56:12.183014 India: Quebec, sending you 5
2024-10-15 04:56:12.183572 Alpha: Zulu, Kilo, Quebec and Hotel, sending you 3
2024-10-15 04:56:12.184244 Hotel: Alpha, Zulu and Kilo, sending you 4
2024-10-15 04:56:12.185493 Quebec: Alpha, India, Zulu and Kilo, sending you 4
2024-10-15 04:56:12.186688 Golf: Whiskey, Mike and Bravo, sending you 4
2024-10-15 04:56:12.187096 Kilo: Alpha and Zulu, sending you 3
2024-10-15 04:56:12.188091 Bravo: Whiskey, sending you 8
2024-10-15 04:56:12.188475 Whiskey: Bravo, sending you 10
2024-10-15 04:56:12.188889 Zulu: Kilo, sending you 3
2024-10-15 04:56:12.190127 Hotel: India and Quebec, sending you 3
2024-10-15 04:56:12.190672 Quebec: Hotel, sending you 3
2024-10-15 04:56:12.191670 Kilo: India and Hotel, sending you 4
2024-10-15 04:56:12.192158 Bravo: Mike and Golf, sending you 5
2024-10-15 04:56:12.195694 Kilo: Quebec, sending you 5
2024-10-15 04:56:12.213149 Mike: Whiskey and Zulu, sending you 3
2024-10-15 04:56:12.216690 Mike: Golf and Bravo, sending you 6
chatterbot India submitting transactions
chatterbot Hotel submitting transactions
chatterbot Zulu submitting transactions
chatterbot Whiskey submitting transactions
chatterbot Bravo submitting transactions
chatterbot Alpha submitting transactions
chatterbot Kilo submitting transactions
chatterbot Mike submitting transactions
chatterbot Golf submitting transactions
chatterbot Quebec submitting transactions
ChatterBot Alpha round 4
ChatterBot Whiskey round 4
ChatterBot India round 4
ChatterBot Zulu round 4
ChatterBot Mike round 4
ChatterBot Kilo round 4
ChatterBot Golf round 4
ChatterBot Quebec round 4
ChatterBot Hotel round 4
ChatterBot Bravo round 4
2024-10-15 04:56:13.243751 Alpha: India, Zulu and Kilo, sending you 3
2024-10-15 04:56:13.423349 India: Alpha, sending you 5
2024-10-15 04:56:13.423952 Whiskey: Mike, sending you 3
2024-10-15 04:56:13.424839 Alpha: Quebec and Hotel, sending you 4
2024-10-15 04:56:13.427787 India: Zulu, Kilo, Quebec and Hotel, sending you 3
2024-10-15 04:56:13.430909 Mike: Whiskey, sending you 3
2024-10-15 04:56:13.431308 Whiskey: Golf, sending you 6
2024-10-15 04:56:13.431677 Kilo: Alpha, India and Hotel, sending you 4
2024-10-15 04:56:13.432173 Golf: Whiskey and Mike, sending you 3
2024-10-15 04:56:13.433322 Zulu: Alpha, Quebec and Hotel, sending you 4
2024-10-15 04:56:13.433885 Hotel: Alpha, Zulu and Kilo, sending you 4
2024-10-15 04:56:13.435156 Quebec: Alpha, India, Zulu and Kilo, sending you 4
2024-10-15 04:56:13.435833 Mike: Golf, sending you 8
2024-10-15 04:56:13.438149 Whiskey: Bravo, sending you 9
2024-10-15 04:56:13.438645 Kilo: Zulu, sending you 2
2024-10-15 04:56:13.440076 Golf: Bravo, sending you 4
2024-10-15 04:56:13.440596 Zulu: India and Kilo, sending you 3
2024-10-15 04:56:13.441894 Hotel: India and Quebec, sending you 3
2024-10-15 04:56:13.442566 Mike: Bravo, sending you 7
2024-10-15 04:56:13.443660 Quebec: Hotel, sending you 3
2024-10-15 04:56:13.444654 Kilo: Quebec, sending you 5
2024-10-15 04:56:13.445952 Bravo: Whiskey, sending you 8
2024-10-15 04:56:13.451256 Bravo: Mike and Golf, sending you 5
chatterbot Zulu submitting transactions
chatterbot Mike submitting transactions
chatterbot Whiskey submitting transactions
chatterbot Hotel submitting transactions
chatterbot Kilo submitting transactions
chatterbot Golf submitting transactions
chatterbot India submitting transactions
chatterbot Quebec submitting transactions
chatterbot Alpha submitting transactions
chatterbot Bravo submitting transactions
ChatterBot Alpha round 5
ChatterBot Whiskey round 5
ChatterBot India round 5
ChatterBot Zulu round 5
ChatterBot Mike round 5
ChatterBot Kilo round 5
ChatterBot Golf round 5
ChatterBot Quebec round 5
ChatterBot Hotel round 5
ChatterBot Bravo round 5
2024-10-15 04:56:14.449669 India: Alpha and Quebec, sending you 4
2024-10-15 04:56:14.453269 India: Zulu, Kilo and Hotel, sending you 3
2024-10-15 04:56:14.454048 Mike: Whiskey, sending you 3
2024-10-15 04:56:14.454688 Kilo: Alpha, India, Quebec and Hotel, sending you 4
2024-10-15 04:56:14.456671 Mike: Golf, sending you 7
2024-10-15 04:56:14.457679 Whiskey: Mike, sending you 3
2024-10-15 04:56:14.459668 Kilo: Zulu, sending you 3
2024-10-15 04:56:14.460375 Golf: Whiskey and Mike, sending you 3
2024-10-15 04:56:14.460732 Mike: Bravo, sending you 8
2024-10-15 04:56:14.461135 Zulu: Alpha, Quebec and Hotel, sending you 4
2024-10-15 04:56:14.462695 Whiskey: Golf, sending you 5
2024-10-15 04:56:14.465682 Golf: Bravo, sending you 4
2024-10-15 04:56:14.466690 Zulu: India and Kilo, sending you 3
2024-10-15 04:56:14.467387 Quebec: Alpha, India, Zulu and Kilo, sending you 4
2024-10-15 04:56:14.468562 Whiskey: Bravo, sending you 10
2024-10-15 04:56:14.469045 Alpha: India, sending you 5
2024-10-15 04:56:14.469536 Hotel: Alpha, Zulu and Kilo, sending you 4
2024-10-15 04:56:14.472689 Quebec: Hotel, sending you 3
2024-10-15 04:56:14.473354 Alpha: Zulu, Kilo, Quebec and Hotel, sending you 3
2024-10-15 04:56:14.474434 Bravo: Whiskey, sending you 8
2024-10-15 04:56:14.474972 Hotel: India and Quebec, sending you 3
2024-10-15 04:56:14.478171 Bravo: Mike and Golf, sending you 5
chatterbot Quebec submitting transactions
chatterbot Bravo submitting transactions
chatterbot Golf submitting transactions
chatterbot Whiskey submitting transactions
chatterbot Hotel submitting transactions
chatterbot Alpha submitting transactions
chatterbot Mike submitting transactions
chatterbot Zulu submitting transactions
chatterbot Kilo submitting transactions
chatterbot India submitting transactions
ChatterBot Alpha round 6
ChatterBot Whiskey round 6
ChatterBot India round 6
ChatterBot Zulu round 6
ChatterBot Mike round 6
ChatterBot Kilo round 6
ChatterBot Golf round 6
ChatterBot Quebec round 6
ChatterBot Hotel round 6
ChatterBot Bravo round 6
2024-10-15 04:56:15.496679 Mike: Whiskey, sending you 3
2024-10-15 04:56:15.498653 Alpha: India, sending you 5
2024-10-15 04:56:15.499650 Whiskey: Mike, sending you 3
2024-10-15 04:56:15.500701 Mike: Golf, sending you 7
2024-10-15 04:56:15.502657 Alpha: Zulu, Kilo, Quebec and Hotel, sending you 3
2024-10-15 04:56:15.503925 Whiskey: Golf, sending you 5
2024-10-15 04:56:15.504671 Kilo: Alpha, India, Quebec and Hotel, sending you 4
2024-10-15 04:56:15.505371 Mike: Bravo, sending you 8
2024-10-15 04:56:15.506557 India: Alpha, sending you 5
2024-10-15 04:56:15.507 Hotel: Alpha, Zulu and Kilo, sending you 4
2024-10-15 04:56:15.507713 Quebec: Alpha, India, Zulu and Kilo, sending you 4
2024-10-15 04:56:15.508377 Bravo: Whiskey, sending you 7
2024-10-15 04:56:15.508864 Whiskey: Bravo, sending you 10
2024-10-15 04:56:15.510143 Zulu: Alpha, Quebec and Hotel, sending you 4
2024-10-15 04:56:15.510869 Golf: Whiskey and Mike, sending you 3
2024-10-15 04:56:15.511381 Kilo: Zulu, sending you 3
2024-10-15 04:56:15.511869 India: Zulu, Kilo, Quebec and Hotel, sending you 3
2024-10-15 04:56:15.512403 Quebec: Hotel, sending you 3
2024-10-15 04:56:15.513603 Hotel: India and Quebec, sending you 3
2024-10-15 04:56:15.514143 Bravo: Mike, sending you 6
2024-10-15 04:56:15.514432 Golf: Bravo, sending you 4
2024-10-15 04:56:15.514931 Zulu: India and Kilo, sending you 3
2024-10-15 04:56:15.517653 Bravo: Golf, sending you 5
chatterbot Bravo submitting transactions
chatterbot India submitting transactions
chatterbot Kilo submitting transactions
chatterbot Zulu submitting transactions
chatterbot Hotel submitting transactions
chatterbot Whiskey submitting transactions
chatterbot Mike submitting transactions
chatterbot Golf submitting transactions
chatterbot Quebec submitting transactions
chatterbot Alpha submitting transactions
ChatterBot Alpha round 7
ChatterBot Whiskey round 7
ChatterBot India round 7
ChatterBot Zulu round 7
ChatterBot Mike round 7
ChatterBot Kilo round 7
ChatterBot Golf round 7
ChatterBot Quebec round 7
ChatterBot Hotel round 7
ChatterBot Bravo round 7
2024-10-15 04:56:16.682697 Alpha: India, sending you 5
2024-10-15 04:56:16.688668 Alpha: Zulu, Kilo, Quebec and Hotel, sending you 3
2024-10-15 04:56:16.689677 Bravo: Whiskey, sending you 7
2024-10-15 04:56:16.691210 Whiskey: Mike, sending you 3
2024-10-15 04:56:16.692679 Mike: Whiskey, sending you 4
2024-10-15 04:56:16.693046 Bravo: Mike, sending you 6
2024-10-15 04:56:16.693696 Quebec: Alpha, India, Zulu and Kilo, sending you 4
2024-10-15 04:56:16.694672 Whiskey: Golf, sending you 5
2024-10-15 04:56:16.695681 Hotel: Alpha, Zulu and Kilo, sending you 4
2024-10-15 04:56:16.696417 Bravo: Golf, sending you 5
2024-10-15 04:56:16.697662 Mike: Golf, sending you 6
2024-10-15 04:56:16.698012 Zulu: Alpha, Quebec and Hotel, sending you 4
2024-10-15 04:56:16.698659 Quebec: Hotel, sending you 3
2024-10-15 04:56:16.699743 Whiskey: Bravo, sending you 10
2024-10-15 04:56:16.700100 Hotel: India and Quebec, sending you 3
2024-10-15 04:56:16.700580 Kilo: Alpha, India, Quebec and Hotel, sending you 4
2024-10-15 04:56:16.701037 India: Alpha, sending you 5
2024-10-15 04:56:16.701485 Zulu: India and Kilo, sending you 3
2024-10-15 04:56:16.702684 Mike: Bravo, sending you 8
2024-10-15 04:56:16.705157 Golf: Whiskey and Mike, sending you 3
2024-10-15 04:56:16.705678 Kilo: Zulu, sending you 3
2024-10-15 04:56:16.706176 India: Zulu, Kilo, Quebec and Hotel, sending you 3
2024-10-15 04:56:16.709825 Golf: Bravo, sending you 4
chatterbot Zulu submitting transactions
chatterbot India submitting transactions
chatterbot Kilo submitting transactions
chatterbot Quebec submitting transactions
chatterbot Whiskey submitting transactions
chatterbot Mike submitting transactions
chatterbot Bravo submitting transactions
chatterbot Hotel submitting transactions
chatterbot Golf submitting transactions
chatterbot Alpha submitting transactions
ChatterBot Alpha round 8
ChatterBot Whiskey round 8
ChatterBot India round 8
ChatterBot Zulu round 8
ChatterBot Mike round 8
ChatterBot Kilo round 8
ChatterBot Golf round 8
ChatterBot Quebec round 8
ChatterBot Hotel round 8
ChatterBot Bravo round 8
2024-10-15 04:56:17.892690 India: Alpha, sending you 5
2024-10-15 04:56:17.893692 Whiskey: Mike, sending you 4
2024-10-15 04:56:17.894701 Kilo: Alpha, India, Quebec and Hotel, sending you 4
2024-10-15 04:56:17.896684 Quebec: Alpha, India, Zulu and Kilo, sending you 4
2024-10-15 04:56:17.897583 India: Zulu, Kilo, Quebec and Hotel, sending you 3
2024-10-15 04:56:17.898427 Zulu: Alpha, India, Quebec and Hotel, sending you 4
2024-10-15 04:56:17.899246 Whiskey: Golf, sending you 5
2024-10-15 04:56:17.899797 Kilo: Zulu, sending you 3
2024-10-15 04:56:17.900342 Alpha: India, sending you 5
2024-10-15 04:56:17.900834 Golf: Whiskey and Mike, sending you 3
2024-10-15 04:56:17.902104 Hotel: Alpha, Zulu and Kilo, sending you 4
2024-10-15 04:56:17.902941 Quebec: Hotel, sending you 3
2024-10-15 04:56:17.903463 Zulu: Kilo, sending you 3
2024-10-15 04:56:17.903942 Mike: Whiskey, sending you 4
2024-10-15 04:56:17.904257 Whiskey: Bravo, sending you 9
2024-10-15 04:56:17.904571 Alpha: Zulu, Kilo, Quebec and Hotel, sending you 3
2024-10-15 04:56:17.906718 Golf: Bravo, sending you 4
2024-10-15 04:56:17.907077 Hotel: India and Quebec, sending you 3
2024-10-15 04:56:17.907558 Mike: Golf, sending you 6
2024-10-15 04:56:17.912673 Mike: Bravo, sending you 8
2024-10-15 04:56:17.913677 Bravo: Whiskey, sending you 7
2024-10-15 04:56:17.916654 Bravo: Mike, sending you 6
2024-10-15 04:56:17.920675 Bravo: Golf, sending you 5
chatterbot Golf submitting transactions
chatterbot Zulu submitting transactions
chatterbot Quebec submitting transactions
chatterbot Alpha submitting transactions
chatterbot Mike submitting transactions
chatterbot Whiskey submitting transactions
chatterbot Hotel submitting transactions
chatterbot India submitting transactions
chatterbot Kilo submitting transactions
chatterbot Bravo submitting transactions
ChatterBot Alpha round 9
ChatterBot Whiskey round 9
ChatterBot India round 9
ChatterBot Zulu round 9
ChatterBot Mike round 9
ChatterBot Kilo round 9
ChatterBot Golf round 9
ChatterBot Quebec round 9
ChatterBot Hotel round 9
ChatterBot Bravo round 9
2024-10-15 04:56:19.106674 Alpha: India, sending you 5
2024-10-15 04:56:19.107703 Whiskey: Mike, sending you 4
2024-10-15 04:56:19.111016 Alpha: Zulu, Kilo, Quebec and Hotel, sending you 3
2024-10-15 04:56:19.111977 Whiskey: Golf, sending you 5
2024-10-15 04:56:19.112659 India: Alpha, sending you 5
2024-10-15 04:56:19.113685 Zulu: Alpha, India, Quebec and Hotel, sending you 4
2024-10-15 04:56:19.115865 Mike: Whiskey, sending you 4
2024-10-15 04:56:19.116511 Golf: Whiskey and Mike, sending you 3
2024-10-15 04:56:19.117155 Whiskey: Bravo, sending you 9
2024-10-15 04:56:19.117766 India: Zulu, Kilo, Quebec and Hotel, sending you 3
2024-10-15 04:56:19.118756 Zulu: Kilo, sending you 3
2024-10-15 04:56:19.119641 Mike: Golf, sending you 6
2024-10-15 04:56:19.120885 Hotel: Alpha, Zulu and Kilo, sending you 4
2024-10-15 04:56:19.121825 Golf: Bravo, sending you 4
2024-10-15 04:56:19.123689 Kilo: Alpha, India, Quebec and Hotel, sending you 4
2024-10-15 04:56:19.125694 Mike: Bravo, sending you 8
2024-10-15 04:56:19.126690 Hotel: India and Quebec, sending you 3
2024-10-15 04:56:19.128696 Kilo: Zulu, sending you 3
2024-10-15 04:56:19.130696 Quebec: Alpha, India, Zulu and Kilo, sending you 4
2024-10-15 04:56:19.135668 Quebec: Hotel, sending you 3
2024-10-15 04:56:19.136701 Bravo: Whiskey, sending you 7
2024-10-15 04:56:19.140706 Bravo: Mike, sending you 6
2024-10-15 04:56:19.143713 Bravo: Golf, sending you 5
chatterbot Zulu submitting transactions
chatterbot Mike submitting transactions
chatterbot Kilo submitting transactions
chatterbot Whiskey submitting transactions
chatterbot Hotel submitting transactions
chatterbot Quebec submitting transactions
chatterbot Bravo submitting transactions
chatterbot India submitting transactions
chatterbot Golf submitting transactions
chatterbot Alpha submitting transactions
ChatterBot Alpha round 10
ChatterBot Whiskey round 10
ChatterBot India round 10
ChatterBot Zulu round 10
ChatterBot Mike round 10
ChatterBot Kilo round 10
ChatterBot Golf round 10
ChatterBot Quebec round 10
ChatterBot Hotel round 10
ChatterBot Bravo round 10
2024-10-15 04:56:20.365692 Whiskey: Mike, sending you 4
2024-10-15 04:56:20.367681 Kilo: Alpha, India, Quebec and Hotel, sending you 4
2024-10-15 04:56:20.368577 India: Alpha, sending you 5
2024-10-15 04:56:20.369655 Mike: Whiskey, sending you 4
2024-10-15 04:56:20.371444 Alpha: India, sending you 5
2024-10-15 04:56:20.372362 Whiskey: Golf, sending you 5
2024-10-15 04:56:20.373051 Kilo: Zulu, sending you 3
2024-10-15 04:56:20.373798 India: Zulu, Kilo, Quebec and Hotel, sending you 3
2024-10-15 04:56:20.375251 Quebec: Alpha, India, Zulu and Kilo, sending you 4
2024-10-15 04:56:20.376045 Mike: Golf, sending you 5
2024-10-15 04:56:20.376628 Golf: Whiskey and Mike, sending you 3
2024-10-15 04:56:20.377193 Alpha: Zulu, Kilo, Quebec and Hotel, sending you 3
2024-10-15 04:56:20.377909 Whiskey: Bravo, sending you 9
2024-10-15 04:56:20.379158 Hotel: Alpha, Zulu and Kilo, sending you 4
2024-10-15 04:56:20.379910 Mike: Bravo, sending you 9
2024-10-15 04:56:20.380357 Golf: Bravo, sending you 4
2024-10-15 04:56:20.380875 Quebec: Hotel, sending you 3
2024-10-15 04:56:20.382110 Bravo: Whiskey, sending you 7
2024-10-15 04:56:20.382930 Zulu: Alpha, India, Quebec and Hotel, sending you 4
2024-10-15 04:56:20.384387 Hotel: India and Quebec, sending you 3
2024-10-15 04:56:20.386342 Bravo: Mike, sending you 6
2024-10-15 04:56:20.388880 Zulu: Kilo, sending you 3
2024-10-15 04:56:20.389891 Bravo: Golf, sending you 5
chatterbot India submitting transactions
chatterbot Mike submitting transactions
chatterbot Kilo submitting transactions
chatterbot Whiskey submitting transactions
chatterbot Golf submitting transactions
chatterbot Zulu submitting transactions
chatterbot Bravo submitting transactions
chatterbot Quebec submitting transactions
chatterbot Alpha submitting transactions
chatterbot Hotel submitting transactions
ChatterBot Alpha round 11
ChatterBot Whiskey round 11
ChatterBot India round 11
ChatterBot Zulu round 11
ChatterBot Mike round 11
ChatterBot Kilo round 11
ChatterBot Golf round 11
ChatterBot Quebec round 11
ChatterBot Hotel round 11
ChatterBot Bravo round 11
2024-10-15 04:56:21.553670 Alpha: India, sending you 5
2024-10-15 04:56:21.554478 Kilo: Alpha, India, Quebec and Hotel, sending you 4
2024-10-15 04:56:21.555169 Zulu: Alpha, India, Quebec and Hotel, sending you 4
2024-10-15 04:56:21.556674 Quebec: Alpha, India, Zulu and Kilo, sending you 4
2024-10-15 04:56:21.558469 India: Alpha, sending you 5
2024-10-15 04:56:21.559565 Alpha: Zulu, Kilo, Quebec and Hotel, sending you 3
2024-10-15 04:56:21.560741 Kilo: Zulu, sending you 3
2024-10-15 04:56:21.562590 Zulu: Kilo, sending you 3
2024-10-15 04:56:21.563446 Whiskey: Mike, sending you 4
2024-10-15 04:56:21.564014 India: Zulu, Kilo, Quebec and Hotel, sending you 3
2024-10-15 04:56:21.565586 Quebec: Hotel, sending you 3
2024-10-15 04:56:21.566371 Mike: Whiskey, sending you 4
2024-10-15 04:56:21.567010 Golf: Whiskey and Mike, sending you 3
2024-10-15 04:56:21.567518 Bravo: Whiskey, sending you 7
2024-10-15 04:56:21.568637 Hotel: Alpha, Zulu and Kilo, sending you 4
2024-10-15 04:56:21.569747 Whiskey: Golf, sending you 5
2024-10-15 04:56:21.570444 Mike: Golf, sending you 5
2024-10-15 04:56:21.571892 Golf: Bravo, sending you 4
2024-10-15 04:56:21.572666 Bravo: Mike, sending you 6
2024-10-15 04:56:21.573920 Hotel: India and Quebec, sending you 3
2024-10-15 04:56:21.575083 Whiskey: Bravo, sending you 9
2024-10-15 04:56:21.575902 Mike: Bravo, sending you 9
2024-10-15 04:56:21.576950 Bravo: Golf, sending you 5
chatterbot Quebec submitting transactions
chatterbot Bravo submitting transactions
chatterbot Whiskey submitting transactions
chatterbot Alpha submitting transactions
chatterbot Kilo submitting transactions
chatterbot Zulu submitting transactions
chatterbot India submitting transactions
chatterbot Golf submitting transactions
chatterbot Mike submitting transactions
chatterbot Hotel submitting transactions
ChatterBot Alpha round 12
ChatterBot Whiskey round 12
ChatterBot India round 12
ChatterBot Zulu round 12
ChatterBot Mike round 12
ChatterBot Kilo round 12
ChatterBot Golf round 12
ChatterBot Quebec round 12
ChatterBot Hotel round 12
ChatterBot Bravo round 12
2024-10-15 04:56:22.835689 Alpha: India, sending you 5
2024-10-15 04:56:22.837025 Zulu: Alpha, India, Quebec and Hotel, sending you 4
2024-10-15 04:56:22.839687 Alpha: Zulu, Kilo, Quebec and Hotel, sending you 3
2024-10-15 04:56:22.840674 Kilo: Alpha, India, Quebec and Hotel, sending you 4
2024-10-15 04:56:22.841688 Zulu: Kilo, sending you 3
2024-10-15 04:56:22.843669 Golf: Whiskey and Mike, sending you 3
2024-10-15 04:56:22.845668 Kilo: Zulu, sending you 3
2024-10-15 04:56:22.847153 Golf: Bravo, sending you 4
2024-10-15 04:56:22.848677 Mike: Whiskey, sending you 4
2024-10-15 04:56:22.849673 Quebec: Alpha, India, Zulu and Kilo, sending you 4
2024-10-15 04:56:22.851671 Hotel: Alpha, Zulu and Kilo, sending you 4
2024-10-15 04:56:22.852664 Bravo: Whiskey, sending you 7
2024-10-15 04:56:22.853656 Mike: Golf, sending you 5
2024-10-15 04:56:22.854049 Quebec: Hotel, sending you 3
2024-10-15 04:56:22.856654 Whiskey: Mike, sending you 4
2024-10-15 04:56:22.857211 Hotel: India and Quebec, sending you 3
2024-10-15 04:56:22.858395 India: Alpha, sending you 5
2024-10-15 04:56:22.859253 Bravo: Mike, sending you 6
2024-10-15 04:56:22.859817 Mike: Bravo, sending you 9
2024-10-15 04:56:22.860372 Whiskey: Golf, sending you 5
2024-10-15 04:56:22.862651 Bravo: Golf, sending you 5
2024-10-15 04:56:22.863676 India: Zulu, Kilo, Quebec and Hotel, sending you 3
2024-10-15 04:56:22.865947 Whiskey: Bravo, sending you 9
chatterbot Alpha submitting transactions
chatterbot Whiskey submitting transactions
chatterbot Bravo submitting transactions
chatterbot India submitting transactions
chatterbot Golf submitting transactions
chatterbot Mike submitting transactions
chatterbot Hotel submitting transactions
chatterbot Zulu submitting transactions
chatterbot Kilo submitting transactions
chatterbot Quebec submitting transactions
ChatterBot Alpha round 13
ChatterBot Whiskey round 13
ChatterBot India round 13
ChatterBot Zulu round 13
ChatterBot Mike round 13
ChatterBot Kilo round 13
ChatterBot Golf round 13
ChatterBot Quebec round 13
ChatterBot Hotel round 13
ChatterBot Bravo round 13
2024-10-15 04:56:24.067666 India: Alpha, sending you 5
2024-10-15 04:56:24.069660 Alpha: India, sending you 5
2024-10-15 04:56:24.070418 Whiskey: Mike, sending you 4
2024-10-15 04:56:24.072107 Bravo: Whiskey, sending you 7
2024-10-15 04:56:24.072826 India: Zulu, Kilo, Quebec and Hotel, sending you 3
2024-10-15 04:56:24.073830 Alpha: Zulu, Kilo, Quebec and Hotel, sending you 3
2024-10-15 04:56:24.074745 Mike: Whiskey, sending you 4
2024-10-15 04:56:24.075337 Whiskey: Golf, sending you 5
2024-10-15 04:56:24.075927 Bravo: Mike, sending you 6
2024-10-15 04:56:24.079656 Mike: Golf, sending you 5
2024-10-15 04:56:24.080409 Whiskey: Bravo, sending you 9
2024-10-15 04:56:24.081694 Hotel: Alpha, India, Zulu and Kilo, sending you 4
2024-10-15 04:56:24.082861 Bravo: Golf, sending you 5
2024-10-15 04:56:24.083534 Kilo: Alpha, India, Quebec and Hotel, sending you 4
2024-10-15 04:56:24.084619 Quebec: Alpha, India, Zulu and Kilo, sending you 4
2024-10-15 04:56:24.086266 Zulu: Alpha, India, Quebec and Hotel, sending you 4
2024-10-15 04:56:24.087496 Golf: Whiskey and Mike, sending you 3
2024-10-15 04:56:24.088342 Mike: Bravo, sending you 9
2024-10-15 04:56:24.089751 Hotel: Quebec, sending you 2
2024-10-15 04:56:24.090877 Kilo: Zulu, sending you 3
2024-10-15 04:56:24.091918 Quebec: Hotel, sending you 3
2024-10-15 04:56:24.093175 Zulu: Kilo, sending you 3
2024-10-15 04:56:24.094758 Golf: Bravo, sending you 4
chatterbot Kilo submitting transactions
chatterbot Quebec submitting transactions
chatterbot Alpha submitting transactions
chatterbot India submitting transactions
chatterbot Whiskey submitting transactions
chatterbot Hotel submitting transactions
chatterbot Bravo submitting transactions
chatterbot Golf submitting transactions
chatterbot Mike submitting transactions
chatterbot Zulu submitting transactions
ChatterBot Alpha round 14
ChatterBot Whiskey round 14
ChatterBot India round 14
ChatterBot Zulu round 14
ChatterBot Mike round 14
ChatterBot Kilo round 14
ChatterBot Golf round 14
ChatterBot Quebec round 14
ChatterBot Hotel round 14
ChatterBot Bravo round 14
2024-10-15 04:56:25.104649 Alpha: India, sending you 5
2024-10-15 04:56:25.108673 Alpha: Zulu, Kilo, Quebec and Hotel, sending you 3
2024-10-15 04:56:25.111708 Kilo: Alpha, India, Quebec and Hotel, sending you 4
2024-10-15 04:56:25.112887 Hotel: Alpha, India, Zulu and Kilo, sending you 4
2024-10-15 04:56:25.114892 India: Alpha, sending you 5
2024-10-15 04:56:25.116067 Bravo: Whiskey, sending you 7
2024-10-15 04:56:25.116860 Golf: Whiskey and Mike, sending you 3
2024-10-15 04:56:25.117661 Whiskey: Mike, sending you 4
2024-10-15 04:56:25.118368 Kilo: Zulu, sending you 3
2024-10-15 04:56:25.119543 Zulu: Alpha, India, Quebec and Hotel, sending you 4
2024-10-15 04:56:25.120321 Hotel: Quebec, sending you 2
2024-10-15 04:56:25.120985 Mike: Whiskey, sending you 4
2024-10-15 04:56:25.121485 India: Zulu, Kilo, Quebec and Hotel, sending you 3
2024-10-15 04:56:25.122295 Quebec: Alpha, India, Zulu and Kilo, sending you 4
2024-10-15 04:56:25.123001 Bravo: Mike, sending you 6
2024-10-15 04:56:25.124199 Golf: Bravo, sending you 4
2024-10-15 04:56:25.125242 Whiskey: Golf, sending you 5
2024-10-15 04:56:25.125814 Zulu: Kilo, sending you 3
2024-10-15 04:56:25.126599 Mike: Golf, sending you 5
2024-10-15 04:56:25.127152 Bravo: Golf, sending you 5
2024-10-15 04:56:25.127732 Quebec: Hotel, sending you 3
2024-10-15 04:56:25.128841 Whiskey: Bravo, sending you 9
2024-10-15 04:56:25.131657 Mike: Bravo, sending you 9
chatterbot India submitting transactions
chatterbot Mike submitting transactions
chatterbot Kilo submitting transactions
chatterbot Hotel submitting transactions
chatterbot Golf submitting transactions
chatterbot Bravo submitting transactions
chatterbot Alpha submitting transactions
chatterbot Zulu submitting transactions
chatterbot Whiskey submitting transactions
chatterbot Quebec submitting transactions
ChatterBot Alpha round 15
ChatterBot Whiskey round 15
ChatterBot India round 15
ChatterBot Zulu round 15
ChatterBot Mike round 15
ChatterBot Kilo round 15
ChatterBot Golf round 15
ChatterBot Quebec round 15
ChatterBot Hotel round 15
ChatterBot Bravo round 15
2024-10-15 04:56:26.479760 Mike: Whiskey, sending you 4
2024-10-15 04:56:26.482085 Kilo: Alpha, India, Quebec and Hotel, sending you 4
2024-10-15 04:56:26.485439 India: Alpha, sending you 5
2024-10-15 04:56:26.488779 Golf: Whiskey and Mike, sending you 3
2024-10-15 04:56:26.490129 Mike: Golf, sending you 5
2024-10-15 04:56:26.492623 Hotel: Alpha, India, Zulu and Kilo, sending you 4
2024-10-15 04:56:26.496101 Quebec: Alpha, India, Zulu and Kilo, sending you 4
