ChatterBot Foxtrot round 1
ChatterBot Charlie round 1
ChatterBot Sierra round 1
ChatterBot Whiskey round 1
ChatterBot Kilo round 1
ChatterBot X-ray round 1
ChatterBot Oscar round 1
ChatterBot Hotel round 1
ChatterBot Lima round 1
ChatterBot Juliett round 1
randomSelections Charlie: {Charlie, Kilo, Whiskey, Juliett, Oscar, Sierra} 
2024-10-15 04:56:06.268607 Charlie: Friends?
ChatterBot Kilo reevaluating
ChatterBot Whiskey reevaluating
ChatterBot Juliett reevaluating
ChatterBot Oscar reevaluating
ChatterBot Sierra reevaluating
2024-10-15 04:56:06.301684 Kilo: Yes
2024-10-15 04:56:06.301904 Whiskey: Yes
2024-10-15 04:56:06.302073 Juliett: Yes
2024-10-15 04:56:06.302223 Oscar: Yes
2024-10-15 04:56:06.302376 Sierra: Yes
ChatterBot Whiskey reevaluating
ChatterBot Juliett reevaluating
ChatterBot Oscar reevaluating
ChatterBot Sierra reevaluating
ChatterBot Kilo reevaluating
ChatterBot Juliett reevaluating
ChatterBot Oscar reevaluating
ChatterBot Sierra reevaluating
ChatterBot Kilo reevaluating
ChatterBot Whiskey reevaluating
ChatterBot Oscar reevaluating
ChatterBot Sierra reevaluating
ChatterBot Kilo reevaluating
ChatterBot Whiskey reevaluating
ChatterBot Juliett reevaluating
ChatterBot Sierra reevaluating
ChatterBot Kilo reevaluating
ChatterBot Whiskey reevaluating
ChatterBot Juliett reevaluating
ChatterBot Oscar reevaluating
randomSelections Foxtrot: {Foxtrot, Hotel, Whiskey, Sierra, Charlie, X-ray} 
2024-10-15 04:56:06.356512 Foxtrot: Let's form a team
ChatterBot Hotel reevaluating
ChatterBot Whiskey reevaluating
ChatterBot Sierra reevaluating
ChatterBot X-ray reevaluating
2024-10-15 04:56:06.366012 Hotel: Yes
2024-10-15 04:56:06.366136 Whiskey: No
2024-10-15 04:56:06.366241 Sierra: No
2024-10-15 04:56:06.366334 Charlie: No
2024-10-15 04:56:06.366439 X-ray: Yes
ChatterBot Whiskey reevaluating
ChatterBot Sierra reevaluating
ChatterBot X-ray reevaluating
ChatterBot Hotel reevaluating
ChatterBot Sierra reevaluating
ChatterBot X-ray reevaluating
ChatterBot Hotel reevaluating
ChatterBot Whiskey reevaluating
ChatterBot X-ray reevaluating
ChatterBot Hotel reevaluating
ChatterBot Whiskey reevaluating
ChatterBot Sierra reevaluating
ChatterBot X-ray reevaluating
ChatterBot Hotel reevaluating
ChatterBot Whiskey reevaluating
ChatterBot Sierra reevaluating
randomSelections Lima: {Lima, Sierra, Whiskey, Hotel, Foxtrot, Oscar} 
2024-10-15 04:56:06.417303 Lima: We should group up
ChatterBot Sierra reevaluating
ChatterBot Whiskey reevaluating
ChatterBot Hotel reevaluating
ChatterBot Oscar reevaluating
2024-10-15 04:56:06.425148 Sierra: No
2024-10-15 04:56:06.425300 Whiskey: No
2024-10-15 04:56:06.425418 Hotel: No
2024-10-15 04:56:06.425542 Foxtrot: No
2024-10-15 04:56:06.425651 Oscar: No
ChatterBot Whiskey reevaluating
ChatterBot Hotel reevaluating
ChatterBot Oscar reevaluating
ChatterBot Sierra reevaluating
ChatterBot Hotel reevaluating
ChatterBot Oscar reevaluating
ChatterBot Sierra reevaluating
ChatterBot Whiskey reevaluating
ChatterBot Oscar reevaluating
ChatterBot Sierra reevaluating
ChatterBot Whiskey reevaluating
ChatterBot Hotel reevaluating
ChatterBot Oscar reevaluating
ChatterBot Sierra reevaluating
ChatterBot Whiskey reevaluating
ChatterBot Hotel reevaluating
2024-10-15 04:56:06.477582 Kilo: Charlie, sending you 3
2024-10-15 04:56:06.478686 Hotel: Foxtrot and Charlie, sending you 4
2024-10-15 04:56:06.483829 Charlie: Kilo, sending you 5
2024-10-15 04:56:06.484215 Kilo: Sierra, sending you 2
2024-10-15 04:56:06.484543 Hotel: Sierra, sending you 5
2024-10-15 04:56:06.491592 Kilo: Whiskey, Oscar and Juliett, sending you 4
2024-10-15 04:56:06.491916 Juliett: Charlie and Sierra, sending you 2
2024-10-15 04:56:06.492174 Foxtrot: Charlie, sending you 3
2024-10-15 04:56:06.493170 X-ray: Foxtrot, Sierra and Whiskey, sending you 4
2024-10-15 04:56:06.493516 Charlie: Oscar and Juliett, sending you 2
2024-10-15 04:56:06.493804 Hotel: Whiskey and X-ray, sending you 2
2024-10-15 04:56:06.494043 Lima: Foxtrot, Sierra and Whiskey, sending you 1
2024-10-15 04:56:06.495008 Sierra: Charlie, sending you 2
2024-10-15 04:56:06.497380 Whiskey: Charlie, Sierra, Kilo, Oscar and Juliett, sending you 3
2024-10-15 04:56:06.498426 Juliett: Whiskey, sending you 5
2024-10-15 04:56:06.498787 X-ray: Charlie, sending you 3
2024-10-15 04:56:06.499204 Foxtrot: Sierra and X-ray, sending you 4
2024-10-15 04:56:06.500290 Oscar: Charlie and Juliett, sending you 2
2024-10-15 04:56:06.500679 Lima: Oscar, sending you 2
2024-10-15 04:56:06.501117 Sierra: Kilo, sending you 3
2024-10-15 04:56:06.504067 Juliett: Kilo, sending you 6
2024-10-15 04:56:06.504492 X-ray: Hotel, sending you 2
2024-10-15 04:56:06.504904 Foxtrot: Whiskey, sending you 5
2024-10-15 04:56:06.506110 Oscar: Sierra, sending you 1
2024-10-15 04:56:06.506458 Lima: Hotel, sending you 4
2024-10-15 04:56:06.506793 Sierra: Oscar, sending you 8
2024-10-15 04:56:06.508689 Juliett: Oscar, sending you 1
2024-10-15 04:56:06.510181 Foxtrot: Hotel, sending you 2
2024-10-15 04:56:06.510621 Oscar: Whiskey, sending you 6
2024-10-15 04:56:06.512678 Sierra: Juliett, sending you 6
2024-10-15 04:56:06.517946 Oscar: Kilo, sending you 7
chatterbot Lima submitting transactions
chatterbot X-ray submitting transactions
chatterbot Sierra submitting transactions
chatterbot Foxtrot submitting transactions
chatterbot Hotel submitting transactions
chatterbot Juliett submitting transactions
chatterbot Charlie submitting transactions
chatterbot Oscar submitting transactions
chatterbot Kilo submitting transactions
chatterbot Whiskey submitting transactions
ChatterBot Foxtrot round 2
ChatterBot Charlie round 2
ChatterBot Sierra round 2
ChatterBot Whiskey round 2
ChatterBot Kilo round 2
ChatterBot X-ray round 2
ChatterBot Oscar round 2
ChatterBot Hotel round 2
ChatterBot Lima round 2
2024-10-15 04:56:07.703606 Foxtrot: Let's form a team
ChatterBot X-ray reevaluating
ChatterBot Hotel reevaluating
ChatterBot Lima reevaluating
2024-10-15 04:56:07.715042 X-ray: Yes
2024-10-15 04:56:07.715296 Hotel: Yes
2024-10-15 04:56:07.715477 Lima: No
ChatterBot Hotel reevaluating
ChatterBot Lima reevaluating
ChatterBot X-ray reevaluating
ChatterBot Lima reevaluating
ChatterBot X-ray reevaluating
ChatterBot Hotel reevaluating
2024-10-15 04:56:07.742730 Hotel: Group up?
ChatterBot X-ray reevaluating
ChatterBot Lima reevaluating
ChatterBot Sierra reevaluating
2024-10-15 04:56:07.755813 X-ray: No
2024-10-15 04:56:07.755992 Foxtrot: No
2024-10-15 04:56:07.756127 Lima: No
2024-10-15 04:56:07.756773 Sierra: No
ChatterBot Hotel reevaluating
ChatterBot Lima reevaluating
ChatterBot Sierra reevaluating
ChatterBot X-ray reevaluating
ChatterBot Hotel reevaluating
ChatterBot Lima reevaluating
ChatterBot Sierra reevaluating
ChatterBot X-ray reevaluating
ChatterBot Hotel reevaluating
ChatterBot Sierra reevaluating
ChatterBot X-ray reevaluating
ChatterBot Hotel reevaluating
ChatterBot Lima reevaluating
ChatterBot Juliett round 2
2024-10-15 04:56:07.874492 Lima: We would work well together
ChatterBot X-ray reevaluating
ChatterBot Hotel reevaluating
ChatterBot Sierra reevaluating
2024-10-15 04:56:07.898198 X-ray: Yes
2024-10-15 04:56:07.898409 Foxtrot: No
2024-10-15 04:56:07.899198 Hotel: No
2024-10-15 04:56:07.899397 Sierra: No
ChatterBot Hotel reevaluating
ChatterBot Lima reevaluating
ChatterBot Sierra reevaluating
ChatterBot X-ray reevaluating
ChatterBot Hotel reevaluating
ChatterBot Lima reevaluating
ChatterBot Sierra reevaluating
ChatterBot X-ray reevaluating
ChatterBot Lima reevaluating
ChatterBot Sierra reevaluating
ChatterBot X-ray reevaluating
ChatterBot Hotel reevaluating
ChatterBot Lima reevaluating
2024-10-15 04:56:07.990668 Kilo: Charlie and Juliett, sending you 4
2024-10-15 04:56:07.991672 Charlie: Sierra, Oscar and Juliett, sending you 2
2024-10-15 04:56:07.994686 Foxtrot: X-ray, sending you 8
2024-10-15 04:56:07.995095 Charlie: Whiskey and Kilo, sending you 3
2024-10-15 04:56:07.996057 Kilo: Sierra and Whiskey, sending you 2
2024-10-15 04:56:07.997813 Foxtrot: Hotel, sending you 7
2024-10-15 04:56:07.999705 Kilo: Oscar, sending you 5
2024-10-15 04:56:08.000102 Lima: Foxtrot, Sierra, X-ray and Hotel, sending you 4
2024-10-15 04:56:08.006497 Foxtrot: Lima, sending you 3
2024-10-15 04:56:08.006912 Hotel: Foxtrot, Sierra and X-ray, sending you 4
2024-10-15 04:56:08.007824 Oscar: Charlie and Whiskey, sending you 3
2024-10-15 04:56:08.008278 Whiskey: Charlie and Sierra, sending you 1
2024-10-15 04:56:08.008719 Sierra: Charlie, sending you 2
2024-10-15 04:56:08.012776 X-ray: Foxtrot, sending you 6
2024-10-15 04:56:08.013157 Hotel: Lima, sending you 5
2024-10-15 04:56:08.013445 Oscar: Sierra, sending you 6
2024-10-15 04:56:08.014303 Juliett: Charlie and Oscar, sending you 2
2024-10-15 04:56:08.014630 Whiskey: Kilo, Oscar and Juliett, sending you 3
2024-10-15 04:56:08.014952 Sierra: Whiskey, sending you 6
2024-10-15 04:56:08.018210 X-ray: Sierra and Lima, sending you 3
2024-10-15 04:56:08.018538 Juliett: Sierra, sending you 5
2024-10-15 04:56:08.019426 Oscar: Kilo, sending you 4
2024-10-15 04:56:08.019776 Sierra: Kilo and Juliett, sending you 4
2024-10-15 04:56:08.021153 X-ray: Hotel, sending you 5
2024-10-15 04:56:08.022675 Oscar: Juliett, sending you 2
2024-10-15 04:56:08.023163 Sierra: Oscar, sending you 3
2024-10-15 04:56:08.024102 Juliett: Whiskey, sending you 3
2024-10-15 04:56:08.027869 Juliett: Kilo, sending you 4
chatterbot Foxtrot submitting transactions
chatterbot Charlie submitting transactions
chatterbot Kilo submitting transactions
chatterbot Whiskey submitting transactions
chatterbot Hotel submitting transactions
chatterbot X-ray submitting transactions
chatterbot Lima submitting transactions
chatterbot Sierra submitting transactions
chatterbot Juliett submitting transactions
chatterbot Oscar submitting transactions
ChatterBot Foxtrot round 3
ChatterBot Charlie round 3
ChatterBot Sierra round 3
ChatterBot Whiskey round 3
ChatterBot Kilo round 3
ChatterBot X-ray round 3
ChatterBot Oscar round 3
ChatterBot Hotel round 3
ChatterBot Lima round 3
ChatterBot Juliett round 3
2024-10-15 04:56:13.107105 Foxtrot: X-ray, sending you 7
2024-10-15 04:56:13.108307 Charlie: Sierra, Whiskey and Juliett, sending you 2
2024-10-15 04:56:13.109237 Whiskey: Charlie, sending you 2
2024-10-15 04:56:13.110885 Kilo: Charlie, Sierra and Whiskey, sending you 3
2024-10-15 04:56:13.112358 Foxtrot: Hotel, sending you 6
2024-10-15 04:56:13.136328 Sierra: Charlie, Whiskey and Kilo, sending you 3
2024-10-15 04:56:13.137720 Charlie: Kilo, sending you 4
2024-10-15 04:56:13.138468 Whiskey: Sierra, Kilo, Oscar and Juliett, sending you 3
2024-10-15 04:56:13.140113 Lima: Foxtrot, sending you 5
2024-10-15 04:56:13.140823 X-ray: Foxtrot, sending you 6
2024-10-15 04:56:13.142166 Oscar: Charlie, sending you 3
2024-10-15 04:56:13.143099 Kilo: Oscar and Juliett, sending you 4
2024-10-15 04:56:13.144445 Hotel: Foxtrot and Lima, sending you 6
2024-10-15 04:56:13.145031 Foxtrot: Lima, sending you 5
2024-10-15 04:56:13.146347 Charlie: Oscar, sending you 3
2024-10-15 04:56:13.147179 Sierra: Oscar and Juliett, sending you 5
2024-10-15 04:56:13.148994 X-ray: Sierra, sending you 3
2024-10-15 04:56:13.150395 Lima: X-ray, sending you 4
2024-10-15 04:56:13.151038 Oscar: Sierra and Kilo, sending you 5
2024-10-15 04:56:13.152234 Hotel: X-ray, sending you 5
2024-10-15 04:56:13.152880 Juliett: Charlie and Oscar, sending you 2
2024-10-15 04:56:13.154496 Lima: Hotel, sending you 7
2024-10-15 04:56:13.165920 X-ray: Hotel and Lima, sending you 4
2024-10-15 04:56:13.167125 Oscar: Whiskey, sending you 4
2024-10-15 04:56:13.167878 Juliett: Sierra, sending you 5
2024-10-15 04:56:13.179663 Oscar: Juliett, sending you 1
2024-10-15 04:56:13.180977 Juliett: Whiskey, sending you 3
2024-10-15 04:56:13.196652 Juliett: Kilo, sending you 4
chatterbot Juliett submitting transactions
chatterbot Foxtrot submitting transactions
chatterbot Whiskey submitting transactions
chatterbot Lima submitting transactions
chatterbot Sierra submitting transactions
chatterbot Oscar submitting transactions
chatterbot X-ray submitting transactions
chatterbot Kilo submitting transactions
chatterbot Charlie submitting transactions
chatterbot Hotel submitting transactions
ChatterBot Foxtrot round 4
ChatterBot Charlie round 4
ChatterBot Sierra round 4
ChatterBot Whiskey round 4
ChatterBot Kilo round 4
ChatterBot X-ray round 4
ChatterBot Oscar round 4
ChatterBot Hotel round 4
ChatterBot Lima round 4
ChatterBot Juliett round 4
2024-10-15 04:56:14.366679 Charlie: Sierra and Oscar, sending you 3
2024-10-15 04:56:14.368658 Lima: Foxtrot and X-ray, sending you 5
2024-10-15 04:56:14.369705 Whiskey: Sending you each 3
2024-10-15 04:56:14.370677 X-ray: Foxtrot, sending you 6
2024-10-15 04:56:14.371150 Charlie: Whiskey and Juliett, sending you 2
2024-10-15 04:56:14.371758 Foxtrot: X-ray, sending you 7
2024-10-15 04:56:14.372674 Hotel: Foxtrot and Lima, sending you 6
2024-10-15 04:56:14.372932 Sierra: Charlie, Whiskey and Kilo, sending you 3
2024-10-15 04:56:14.373671 Lima: Hotel, sending you 6
2024-10-15 04:56:14.373969 X-ray: Sierra, sending you 3
2024-10-15 04:56:14.374674 Juliett: Charlie and Oscar, sending you 2
2024-10-15 04:56:14.375831 Charlie: Kilo, sending you 4
2024-10-15 04:56:14.376516 Foxtrot: Hotel, sending you 6
2024-10-15 04:56:14.376932 Sierra: Oscar and Juliett, sending you 5
2024-10-15 04:56:14.377433 Hotel: X-ray, sending you 5
2024-10-15 04:56:14.378667 X-ray: Hotel and Lima, sending you 4
2024-10-15 04:56:14.378982 Kilo: Charlie, Sierra and Whiskey, sending you 3
2024-10-15 04:56:14.379698 Oscar: Charlie and Whiskey, sending you 3
2024-10-15 04:56:14.380198 Foxtrot: Lima, sending you 5
2024-10-15 04:56:14.381120 Juliett: Sierra, sending you 5
2024-10-15 04:56:14.382696 Oscar: Sierra, sending you 6
2024-10-15 04:56:14.384301 Kilo: Oscar and Juliett, sending you 4
2024-10-15 04:56:14.384836 Juliett: Whiskey, sending you 3
2024-10-15 04:56:14.387687 Oscar: Kilo, sending you 4
2024-10-15 04:56:14.388302 Juliett: Kilo, sending you 4
2024-10-15 04:56:14.390681 Oscar: Juliett, sending you 2
chatterbot Juliett submitting transactions
chatterbot Charlie submitting transactions
chatterbot Hotel submitting transactions
chatterbot Whiskey submitting transactions
chatterbot Kilo submitting transactions
chatterbot Foxtrot submitting transactions
chatterbot X-ray submitting transactions
chatterbot Sierra submitting transactions
chatterbot Lima submitting transactions
chatterbot Oscar submitting transactions
ChatterBot Foxtrot round 5
ChatterBot Charlie round 5
ChatterBot Sierra round 5
ChatterBot Whiskey round 5
ChatterBot Kilo round 5
ChatterBot X-ray round 5
ChatterBot Oscar round 5
ChatterBot Hotel round 5
ChatterBot Lima round 5
ChatterBot Juliett round 5
2024-10-15 04:56:15.578208 X-ray: We should replace Sierra with Charlie
2024-10-15 04:56:15.585700 Foxtrot: No
2024-10-15 04:56:15.585886 Hotel: No
2024-10-15 04:56:15.586035 Lima: No
ChatterBot X-ray reevaluating
ChatterBot X-ray reevaluating
ChatterBot X-ray reevaluating
2024-10-15 04:56:15.622689 Foxtrot: X-ray, sending you 7
2024-10-15 04:56:15.623697 Charlie: Sierra, Whiskey and Oscar, sending you 3
2024-10-15 04:56:15.624699 Sierra: Charlie, Whiskey and Kilo, sending you 3
2024-10-15 04:56:15.626438 Foxtrot: Hotel, sending you 6
2024-10-15 04:56:15.627671 Charlie: Kilo, sending you 4
2024-10-15 04:56:15.629669 Foxtrot: Lima, sending you 5
2024-10-15 04:56:15.630678 Sierra: Oscar, sending you 6
2024-10-15 04:56:15.631159 Oscar: Charlie and Whiskey, sending you 3
2024-10-15 04:56:15.631696 Charlie: Juliett, sending you 2
2024-10-15 04:56:15.634679 Whiskey: Same as last round
2024-10-15 04:56:15.635903 Sierra: Juliett, sending you 4
2024-10-15 04:56:15.636446 Oscar: Sierra, sending you 6
2024-10-15 04:56:15.637002 Kilo: Charlie, Oscar and Juliett, sending you 4
2024-10-15 04:56:15.637745 Juliett: Charlie and Oscar, sending you 2
2024-10-15 04:56:15.639216 Lima: Foxtrot and X-ray, sending you 5
2024-10-15 04:56:15.639648 X-ray: Foxtrot, sending you 6
2024-10-15 04:56:15.641997 Oscar: Kilo, sending you 4
2024-10-15 04:56:15.642551 Kilo: Sierra, sending you 3
2024-10-15 04:56:15.643017 Lima: Hotel, sending you 6
2024-10-15 04:56:15.643659 Juliett: Sierra, sending you 5
2024-10-15 04:56:15.644094 Hotel: Foxtrot and Lima, sending you 6
2024-10-15 04:56:15.644697 X-ray: Sierra, sending you 3
2024-10-15 04:56:15.645892 Oscar: Juliett, sending you 2
2024-10-15 04:56:15.646685 Kilo: Whiskey, sending you 2
2024-10-15 04:56:15.649393 Juliett: Whiskey, sending you 3
2024-10-15 04:56:15.650150 Hotel: X-ray, sending you 5
2024-10-15 04:56:15.650537 X-ray: Hotel and Lima, sending you 4
2024-10-15 04:56:15.654652 Juliett: Kilo, sending you 4
chatterbot Oscar submitting transactions
chatterbot Whiskey submitting transactions
chatterbot Foxtrot submitting transactions
chatterbot X-ray submitting transactions
chatterbot Sierra submitting transactions
chatterbot Kilo submitting transactions
chatterbot Charlie submitting transactions
chatterbot Lima submitting transactions
chatterbot Hotel submitting transactions
chatterbot Juliett submitting transactions
ChatterBot Foxtrot round 6
ChatterBot Charlie round 6
ChatterBot Sierra round 6
ChatterBot Whiskey round 6
ChatterBot Kilo round 6
ChatterBot X-ray round 6
ChatterBot Oscar round 6
ChatterBot Hotel round 6
ChatterBot Lima round 6
ChatterBot Juliett round 6
2024-10-15 04:56:16.834796 X-ray: We should replace Sierra with Charlie
2024-10-15 04:56:16.841684 Foxtrot: No
2024-10-15 04:56:16.841847 Hotel: No
2024-10-15 04:56:16.841956 Lima: No
ChatterBot X-ray reevaluating
ChatterBot X-ray reevaluating
2024-10-15 04:56:16.861971 X-ray: We should replace Sierra with Whiskey
2024-10-15 04:56:16.867111 Foxtrot: No
2024-10-15 04:56:16.867252 Hotel: No
2024-10-15 04:56:16.867361 Lima: No
ChatterBot X-ray reevaluating
ChatterBot X-ray reevaluating
ChatterBot X-ray reevaluating
2024-10-15 04:56:16.889770 Foxtrot: X-ray, sending you 7
2024-10-15 04:56:16.890127 Hotel: Foxtrot and Lima, sending you 6
2024-10-15 04:56:16.890647 Charlie: Sierra, Whiskey and Oscar, sending you 3
2024-10-15 04:56:16.891221 Whiskey: Same as last round
2024-10-15 04:56:16.891745 Oscar: Charlie and Whiskey, sending you 3
2024-10-15 04:56:16.892282 X-ray: Charlie we want you to join our group
2024-10-15 04:56:16.895485 Charlie: No
ChatterBot X-ray reevaluating
2024-10-15 04:56:16.906378 Sierra: Charlie, Whiskey and Kilo, sending you 3
2024-10-15 04:56:16.907445 Kilo: Charlie, Oscar and Juliett, sending you 4
2024-10-15 04:56:16.907939 Lima: Foxtrot and X-ray, sending you 5
2024-10-15 04:56:16.908274 Foxtrot: Hotel, sending you 6
2024-10-15 04:56:16.908562 Hotel: X-ray, sending you 5
2024-10-15 04:56:16.908957 Charlie: Kilo, sending you 4
2024-10-15 04:56:16.909923 Oscar: Sierra, sending you 6
2024-10-15 04:56:16.910689 Lima: Hotel, sending you 6
2024-10-15 04:56:16.911735 X-ray: Whiskey we want you to join our group
2024-10-15 04:56:16.914217 Whiskey: No
ChatterBot X-ray reevaluating
2024-10-15 04:56:16.923010 Sierra: Oscar, sending you 6
2024-10-15 04:56:16.923437 Kilo: Sierra, sending you 3
2024-10-15 04:56:16.923840 Foxtrot: Lima, sending you 5
2024-10-15 04:56:16.924103 Juliett: Charlie and Oscar, sending you 2
2024-10-15 04:56:16.924481 Charlie: Juliett, sending you 2
2024-10-15 04:56:16.925301 Oscar: Kilo, sending you 4
2024-10-15 04:56:16.926662 Sierra: Juliett, sending you 4
2024-10-15 04:56:16.927250 Kilo: Whiskey, sending you 2
2024-10-15 04:56:16.928693 Juliett: Sierra, sending you 5
2024-10-15 04:56:16.930696 Oscar: Juliett, sending you 2
2024-10-15 04:56:16.933654 Juliett: Whiskey, sending you 3
2024-10-15 04:56:16.938688 Juliett: Kilo, sending you 4
2024-10-15 04:56:16.954932 X-ray: Foxtrot, sending you 6
2024-10-15 04:56:16.957662 X-ray: Charlie, sending you 3
2024-10-15 04:56:16.960745 X-ray: Hotel and Lima, sending you 4
chatterbot X-ray submitting transactions
chatterbot Whiskey submitting transactions
chatterbot Charlie submitting transactions
chatterbot Lima submitting transactions
chatterbot Kilo submitting transactions
chatterbot Sierra submitting transactions
chatterbot Hotel submitting transactions
chatterbot Oscar submitting transactions
chatterbot Foxtrot submitting transactions
chatterbot Juliett submitting transactions
ChatterBot Foxtrot round 7
ChatterBot Charlie round 7
ChatterBot Sierra round 7
ChatterBot Whiskey round 7
ChatterBot Kilo round 7
ChatterBot X-ray round 7
ChatterBot Oscar round 7
ChatterBot Hotel round 7
ChatterBot Lima round 7
ChatterBot Juliett round 7
2024-10-15 04:56:17.975871 X-ray: We should replace Charlie with Whiskey
2024-10-15 04:56:17.984013 Foxtrot: No
2024-10-15 04:56:17.984258 Hotel: No
2024-10-15 04:56:17.984395 Lima: No
ChatterBot X-ray reevaluating
ChatterBot X-ray reevaluating
ChatterBot X-ray reevaluating
2024-10-15 04:56:18.036672 Foxtrot: X-ray, sending you 7
2024-10-15 04:56:18.039245 Charlie: Sierra, Whiskey and Oscar, sending you 3
2024-10-15 04:56:18.040701 Foxtrot: Hotel, sending you 6
2024-10-15 04:56:18.042652 Charlie: Kilo, sending you 4
2024-10-15 04:56:18.044671 Foxtrot: Lima, sending you 5
2024-10-15 04:56:18.045672 Charlie: Juliett, sending you 2
2024-10-15 04:56:18.050686 Hotel: Foxtrot and Lima, sending you 6
2024-10-15 04:56:18.052695 X-ray: Foxtrot, sending you 6
2024-10-15 04:56:18.053324 Whiskey: Same as last round
2024-10-15 04:56:18.054155 Lima: Foxtrot and X-ray, sending you 5
2024-10-15 04:56:18.055471 Juliett: Charlie and Oscar, sending you 2
2024-10-15 04:56:18.056411 Hotel: X-ray, sending you 5
2024-10-15 04:56:18.057093 Oscar: Charlie and Whiskey, sending you 3
2024-10-15 04:56:18.058385 Sierra: Charlie, Whiskey and Kilo, sending you 3
2024-10-15 04:56:18.060378 Kilo: Charlie, Oscar and Juliett, sending you 4
2024-10-15 04:56:18.061516 X-ray: Charlie, sending you 3
2024-10-15 04:56:18.062059 Lima: Hotel, sending you 6
2024-10-15 04:56:18.062584 Juliett: Sierra, sending you 5
2024-10-15 04:56:18.064390 Oscar: Sierra, sending you 6
2024-10-15 04:56:18.065408 Kilo: Sierra, sending you 3
2024-10-15 04:56:18.066415 Sierra: Oscar, sending you 6
2024-10-15 04:56:18.068131 X-ray: Hotel and Lima, sending you 4
2024-10-15 04:56:18.068629 Juliett: Whiskey, sending you 3
2024-10-15 04:56:18.069768 Kilo: Whiskey, sending you 2
2024-10-15 04:56:18.071357 Oscar: Kilo, sending you 4
2024-10-15 04:56:18.072339 Sierra: Juliett, sending you 4
2024-10-15 04:56:18.073252 Juliett: Kilo, sending you 4
2024-10-15 04:56:18.075169 Oscar: Juliett, sending you 2
chatterbot Juliett submitting transactions
chatterbot Hotel submitting transactions
chatterbot Sierra submitting transactions
chatterbot Whiskey submitting transactions
chatterbot Lima submitting transactions
chatterbot Charlie submitting transactions
chatterbot Oscar submitting transactions
chatterbot Kilo submitting transactions
chatterbot X-ray submitting transactions
chatterbot Foxtrot submitting transactions
ChatterBot Foxtrot round 8
ChatterBot Charlie round 8
ChatterBot Sierra round 8
ChatterBot Whiskey round 8
ChatterBot Kilo round 8
ChatterBot X-ray round 8
ChatterBot Oscar round 8
ChatterBot Hotel round 8
ChatterBot Lima round 8
ChatterBot Juliett round 8
2024-10-15 04:56:19.138668 Hotel: Foxtrot and Lima, sending you 6
2024-10-15 04:56:19.139313 Whiskey: Same as last round
2024-10-15 04:56:19.140745 Sierra: Charlie, Whiskey and Kilo, sending you 3
2024-10-15 04:56:19.142092 Hotel: X-ray, sending you 5
2024-10-15 04:56:19.144697 Foxtrot: X-ray, sending you 7
2024-10-15 04:56:19.146059 Sierra: Oscar, sending you 6
2024-10-15 04:56:19.148671 X-ray: Foxtrot and Hotel, sending you 6
2024-10-15 04:56:19.149240 Oscar: Charlie and Whiskey, sending you 3
2024-10-15 04:56:19.150691 Foxtrot: Hotel, sending you 6
2024-10-15 04:56:19.151345 Charlie: Sierra, Whiskey and Oscar, sending you 3
2024-10-15 04:56:19.152857 Lima: Foxtrot and X-ray, sending you 5
2024-10-15 04:56:19.153298 Juliett: Charlie and Oscar, sending you 2
2024-10-15 04:56:19.154065 Sierra: Juliett, sending you 4
2024-10-15 04:56:19.154796 Kilo: Charlie, Oscar and Juliett, sending you 4
2024-10-15 04:56:19.155766 Oscar: Sierra, sending you 6
2024-10-15 04:56:19.156607 X-ray: Lima, sending you 5
2024-10-15 04:56:19.157109 Foxtrot: Lima, sending you 5
2024-10-15 04:56:19.157515 Charlie: Kilo, sending you 4
2024-10-15 04:56:19.158266 Lima: Hotel, sending you 6
2024-10-15 04:56:19.158833 Juliett: Sierra, sending you 5
2024-10-15 04:56:19.160452 Kilo: Sierra, sending you 3
2024-10-15 04:56:19.162024 Oscar: Kilo, sending you 4
2024-10-15 04:56:19.163556 Charlie: Juliett, sending you 2
2024-10-15 04:56:19.165159 Juliett: Whiskey, sending you 3
2024-10-15 04:56:19.166256 Kilo: Whiskey, sending you 2
2024-10-15 04:56:19.167167 Oscar: Juliett, sending you 2
2024-10-15 04:56:19.169656 Juliett: Kilo, sending you 4
chatterbot Charlie submitting transactions
chatterbot Juliett submitting transactions
chatterbot Lima submitting transactions
chatterbot Hotel submitting transactions
chatterbot Whiskey submitting transactions
chatterbot Sierra submitting transactions
chatterbot Kilo submitting transactions
chatterbot Foxtrot submitting transactions
chatterbot Oscar submitting transactions
chatterbot X-ray submitting transactions
ChatterBot Foxtrot round 9
ChatterBot Charlie round 9
ChatterBot Sierra round 9
ChatterBot Whiskey round 9
ChatterBot Kilo round 9
ChatterBot X-ray round 9
ChatterBot Oscar round 9
ChatterBot Hotel round 9
ChatterBot Lima round 9
ChatterBot Juliett round 9
2024-10-15 04:56:20.376567 X-ray: We should add Whiskey
2024-10-15 04:56:20.386134 Foxtrot: No
2024-10-15 04:56:20.386447 Hotel: No
2024-10-15 04:56:20.386829 Lima: No
ChatterBot X-ray reevaluating
ChatterBot X-ray reevaluating
ChatterBot X-ray reevaluating
2024-10-15 04:56:20.433663 Charlie: Sierra, Whiskey and Oscar, sending you 3
2024-10-15 04:56:20.434823 Foxtrot: X-ray, sending you 7
2024-10-15 04:56:20.437693 Charlie: Kilo, sending you 4
2024-10-15 04:56:20.438838 Foxtrot: Hotel, sending you 6
2024-10-15 04:56:20.439355 Kilo: Charlie, Oscar and Juliett, sending you 4
2024-10-15 04:56:20.441670 Foxtrot: Lima, sending you 5
2024-10-15 04:56:20.442919 Charlie: Juliett, sending you 2
2024-10-15 04:56:20.444004 Whiskey: Same as last round
2024-10-15 04:56:20.444697 Kilo: Sierra, sending you 3
2024-10-15 04:56:20.448679 Hotel: Foxtrot and Lima, sending you 6
2024-10-15 04:56:20.449694 Kilo: Whiskey, sending you 2
2024-10-15 04:56:20.450310 Lima: Foxtrot and X-ray, sending you 5
2024-10-15 04:56:20.451670 Sierra: Charlie, Whiskey and Kilo, sending you 3
2024-10-15 04:56:20.452664 X-ray: Foxtrot and Hotel, sending you 6
2024-10-15 04:56:20.453657 Oscar: Charlie and Whiskey, sending you 3
2024-10-15 04:56:20.454332 Hotel: X-ray, sending you 5
2024-10-15 04:56:20.454805 Lima: Hotel, sending you 6
2024-10-15 04:56:20.455672 Sierra: Oscar, sending you 6
2024-10-15 04:56:20.456679 X-ray: Lima, sending you 5
2024-10-15 04:56:20.458115 Juliett: Charlie and Oscar, sending you 2
2024-10-15 04:56:20.459005 Oscar: Sierra, sending you 6
2024-10-15 04:56:20.459926 Sierra: Juliett, sending you 4
2024-10-15 04:56:20.461684 Juliett: Sierra, sending you 5
2024-10-15 04:56:20.464137 Oscar: Kilo, sending you 4
2024-10-15 04:56:20.466662 Juliett: Whiskey, sending you 3
2024-10-15 04:56:20.469680 Oscar: Juliett, sending you 2
2024-10-15 04:56:20.470677 Juliett: Kilo, sending you 4
chatterbot Sierra submitting transactions
chatterbot X-ray submitting transactions
chatterbot Foxtrot submitting transactions
chatterbot Kilo submitting transactions
chatterbot Oscar submitting transactions
chatterbot Charlie submitting transactions
chatterbot Lima submitting transactions
chatterbot Juliett submitting transactions
chatterbot Whiskey submitting transactions
chatterbot Hotel submitting transactions
ChatterBot Foxtrot round 10
ChatterBot Charlie round 10
ChatterBot Sierra round 10
ChatterBot Whiskey round 10
ChatterBot Kilo round 10
ChatterBot X-ray round 10
ChatterBot Oscar round 10
ChatterBot Hotel round 10
ChatterBot Lima round 10
ChatterBot Juliett round 10
2024-10-15 04:56:21.599689 Foxtrot: X-ray, sending you 7
2024-10-15 04:56:21.601007 Whiskey: Same as last round
2024-10-15 04:56:21.602684 Sierra: Charlie, Whiskey and Kilo, sending you 3
2024-10-15 04:56:21.603755 Charlie: Sierra, Whiskey and Oscar, sending you 3
2024-10-15 04:56:21.604799 Juliett: Charlie and Oscar, sending you 2
2024-10-15 04:56:21.605871 Foxtrot: Hotel, sending you 6
2024-10-15 04:56:21.607285 Hotel: Foxtrot and Lima, sending you 6
2024-10-15 04:56:21.607939 Sierra: Oscar, sending you 6
2024-10-15 04:56:21.608807 Oscar: Charlie and Whiskey, sending you 3
2024-10-15 04:56:21.609574 X-ray: Foxtrot and Hotel, sending you 6
2024-10-15 04:56:21.610066 Charlie: Kilo, sending you 4
2024-10-15 04:56:21.610843 Juliett: Sierra, sending you 5
2024-10-15 04:56:21.611816 Kilo: Charlie, Oscar and Juliett, sending you 4
2024-10-15 04:56:21.612529 Foxtrot: Lima, sending you 5
2024-10-15 04:56:21.612951 Hotel: X-ray, sending you 5
2024-10-15 04:56:21.614429 Sierra: Juliett, sending you 4
2024-10-15 04:56:21.615262 X-ray: Lima, sending you 5
2024-10-15 04:56:21.615678 Lima: Foxtrot and X-ray, sending you 5
2024-10-15 04:56:21.616457 Oscar: Sierra, sending you 6
2024-10-15 04:56:21.617738 Charlie: Juliett, sending you 2
2024-10-15 04:56:21.618870 Juliett: Whiskey, sending you 3
2024-10-15 04:56:21.620764 Kilo: Sierra, sending you 3
2024-10-15 04:56:21.622268 Lima: Hotel, sending you 6
2024-10-15 04:56:21.623185 Oscar: Kilo, sending you 4
2024-10-15 04:56:21.624681 Kilo: Whiskey, sending you 2
2024-10-15 04:56:21.626060 Juliett: Kilo, sending you 4
2024-10-15 04:56:21.628661 Oscar: Juliett, sending you 2
chatterbot Whiskey submitting transactions
chatterbot Lima submitting transactions
chatterbot Foxtrot submitting transactions
chatterbot Oscar submitting transactions
chatterbot Charlie submitting transactions
chatterbot Kilo submitting transactions
chatterbot Hotel submitting transactions
chatterbot X-ray submitting transactions
chatterbot Juliett submitting transactions
chatterbot Sierra submitting transactions
ChatterBot Foxtrot round 11
ChatterBot Charlie round 11
ChatterBot Sierra round 11
ChatterBot Whiskey round 11
ChatterBot Kilo round 11
ChatterBot X-ray round 11
ChatterBot Oscar round 11
2024-10-15 04:56:22.742007 X-ray: We should add Oscar
2024-10-15 04:56:22.749342 Foxtrot: No
2024-10-15 04:56:22.749516 Hotel: No
2024-10-15 04:56:22.749650 Lima: No
ChatterBot X-ray reevaluating
ChatterBot X-ray reevaluating
ChatterBot X-ray reevaluating
ChatterBot Hotel round 11
ChatterBot Lima round 11
ChatterBot Juliett round 11
2024-10-15 04:56:22.790700 Charlie: Sierra, Whiskey and Oscar, sending you 3
2024-10-15 04:56:22.796256 Whiskey: Same as last round
2024-10-15 04:56:22.797730 Kilo: Charlie, Oscar and Juliett, sending you 4
2024-10-15 04:56:22.799924 Charlie: Kilo, sending you 4
2024-10-15 04:56:22.801500 X-ray: Foxtrot and Hotel, sending you 6
2024-10-15 04:56:22.803679 Charlie: Juliett, sending you 2
2024-10-15 04:56:22.805235 Kilo: Sierra, sending you 3
2024-10-15 04:56:22.807076 Foxtrot: X-ray, sending you 7
2024-10-15 04:56:22.807986 X-ray: Lima, sending you 5
2024-10-15 04:56:22.808929 Oscar: Charlie and Whiskey, sending you 3
2024-10-15 04:56:22.811051 Hotel: Foxtrot and Lima, sending you 6
2024-10-15 04:56:22.812004 Foxtrot: Hotel, sending you 6
2024-10-15 04:56:22.812928 Kilo: Whiskey, sending you 2
2024-10-15 04:56:22.814918 Lima: Foxtrot and X-ray, sending you 5
2024-10-15 04:56:22.815689 Hotel: X-ray, sending you 5
2024-10-15 04:56:22.816732 Sierra: Charlie, Whiskey and Kilo, sending you 3
2024-10-15 04:56:22.817974 Oscar: Sierra, sending you 6
2024-10-15 04:56:22.819045 Foxtrot: Lima, sending you 5
2024-10-15 04:56:22.820673 Lima: Hotel, sending you 6
2024-10-15 04:56:22.823453 Sierra: Oscar, sending you 6
2024-10-15 04:56:22.824369 Oscar: Kilo, sending you 4
2024-10-15 04:56:22.825410 Juliett: Charlie and Oscar, sending you 2
2024-10-15 04:56:22.827690 Sierra: Juliett, sending you 4
2024-10-15 04:56:22.829678 Oscar: Juliett, sending you 2
2024-10-15 04:56:22.831676 Juliett: Sierra, sending you 5
2024-10-15 04:56:22.837668 Juliett: Whiskey, sending you 3
2024-10-15 04:56:22.841673 Juliett: Kilo, sending you 4
chatterbot Whiskey submitting transactions
chatterbot Foxtrot submitting transactions
chatterbot Juliett submitting transactions
chatterbot Sierra submitting transactions
chatterbot Kilo submitting transactions
chatterbot Hotel submitting transactions
chatterbot X-ray submitting transactions
chatterbot Oscar submitting transactions
chatterbot Charlie submitting transactions
chatterbot Lima submitting transactions
ChatterBot Foxtrot round 12
ChatterBot Charlie round 12
ChatterBot Sierra round 12
ChatterBot Whiskey round 12
ChatterBot Kilo round 12
ChatterBot X-ray round 12
ChatterBot Oscar round 12
ChatterBot Hotel round 12
ChatterBot Lima round 12
ChatterBot Juliett round 12
2024-10-15 04:56:24.024664 Whiskey: Same as last round
2024-10-15 04:56:24.025973 Foxtrot: X-ray, sending you 6
2024-10-15 04:56:24.029677 Oscar: Charlie and Whiskey, sending you 3
2024-10-15 04:56:24.030676 Foxtrot: Hotel, sending you 7
2024-10-15 04:56:24.033033 Oscar: Sierra, sending you 6
2024-10-15 04:56:24.034673 Charlie: Sierra, Whiskey and Oscar, sending you 3
2024-10-15 04:56:24.035670 Foxtrot: Lima, sending you 5
2024-10-15 04:56:24.037243 Kilo: Charlie, Oscar and Juliett, sending you 4
2024-10-15 04:56:24.038665 Oscar: Kilo, sending you 4
2024-10-15 04:56:24.039734 Charlie: Kilo, sending you 4
2024-10-15 04:56:24.041252 Kilo: Sierra, sending you 3
2024-10-15 04:56:24.042279 Sierra: Charlie, Whiskey and Kilo, sending you 3
2024-10-15 04:56:24.043218 Hotel: Foxtrot and Lima, sending you 6
2024-10-15 04:56:24.043716 X-ray: Foxtrot and Hotel, sending you 6
2024-10-15 04:56:24.044900 Juliett: Charlie and Oscar, sending you 2
2024-10-15 04:56:24.045741 Lima: Foxtrot and X-ray, sending you 5
2024-10-15 04:56:24.046258 Charlie: Juliett, sending you 2
2024-10-15 04:56:24.047153 Oscar: Juliett, sending you 2
2024-10-15 04:56:24.048858 Sierra: Oscar, sending you 6
2024-10-15 04:56:24.049792 Kilo: Whiskey, sending you 2
2024-10-15 04:56:24.050798 Hotel: X-ray, sending you 5
2024-10-15 04:56:24.051732 X-ray: Lima, sending you 5
2024-10-15 04:56:24.052268 Juliett: Sierra, sending you 5
2024-10-15 04:56:24.053102 Lima: Hotel, sending you 6
2024-10-15 04:56:24.054664 Sierra: Juliett, sending you 4
2024-10-15 04:56:24.056671 Juliett: Whiskey, sending you 3
2024-10-15 04:56:24.061665 Juliett: Kilo, sending you 4
chatterbot Charlie submitting transactions
chatterbot X-ray submitting transactions
chatterbot Oscar submitting transactions
chatterbot Sierra submitting transactions
chatterbot Whiskey submitting transactions
chatterbot Lima submitting transactions
chatterbot Hotel submitting transactions
chatterbot Foxtrot submitting transactions
chatterbot Kilo submitting transactions
chatterbot Juliett submitting transactions
ChatterBot Foxtrot round 13
ChatterBot Charlie round 13
ChatterBot Sierra round 13
ChatterBot Whiskey round 13
ChatterBot Kilo round 13
ChatterBot X-ray round 13
ChatterBot Oscar round 13
ChatterBot Hotel round 13
ChatterBot Lima round 13
ChatterBot Juliett round 13
2024-10-15 04:56:25.198681 Charlie: Sierra, Whiskey and Oscar, sending you 3
2024-10-15 04:56:25.203669 Charlie: Kilo, sending you 4
2024-10-15 04:56:25.208669 Oscar: Charlie and Whiskey, sending you 3
2024-10-15 04:56:25.210042 Charlie: Juliett, sending you 2
2024-10-15 04:56:25.211217 Foxtrot: X-ray, sending you 6
2024-10-15 04:56:25.212032 Sierra: Charlie, Whiskey and Kilo, sending you 3
2024-10-15 04:56:25.214087 Oscar: Sierra, sending you 6
2024-10-15 04:56:25.214981 X-ray: Foxtrot and Hotel, sending you 6
2024-10-15 04:56:25.216694 Foxtrot: Hotel, sending you 7
2024-10-15 04:56:25.217674 Kilo: Charlie, Oscar and Juliett, sending you 4
2024-10-15 04:56:25.219581 Sierra: Oscar, sending you 6
2024-10-15 04:56:25.221125 X-ray: Lima, sending you 5
2024-10-15 04:56:25.222011 Juliett: Charlie and Oscar, sending you 2
2024-10-15 04:56:25.223305 Whiskey: Same as last round
2024-10-15 04:56:25.224591 Hotel: Foxtrot and Lima, sending you 6
2024-10-15 04:56:25.225670 Oscar: Kilo, sending you 4
2024-10-15 04:56:25.227013 Lima: Foxtrot and X-ray, sending you 5
2024-10-15 04:56:25.227723 Foxtrot: Lima, sending you 5
2024-10-15 04:56:25.228405 Kilo: Sierra, sending you 3
2024-10-15 04:56:25.229929 Sierra: Juliett, sending you 4
2024-10-15 04:56:25.231330 Juliett: Sierra, sending you 5
2024-10-15 04:56:25.232653 Oscar: Juliett, sending you 2
2024-10-15 04:56:25.234205 Hotel: X-ray, sending you 5
2024-10-15 04:56:25.234939 Lima: Hotel, sending you 6
2024-10-15 04:56:25.235744 Kilo: Whiskey, sending you 2
2024-10-15 04:56:25.238050 Juliett: Whiskey, sending you 3
2024-10-15 04:56:25.241674 Juliett: Kilo, sending you 4
chatterbot Juliett submitting transactions
chatterbot X-ray submitting transactions
chatterbot Whiskey submitting transactions
chatterbot Sierra submitting transactions
chatterbot Hotel submitting transactions
chatterbot Lima submitting transactions
chatterbot Kilo submitting transactions
chatterbot Charlie submitting transactions
chatterbot Oscar submitting transactions
chatterbot Foxtrot submitting transactions
ChatterBot Foxtrot round 14
ChatterBot Charlie round 14
ChatterBot Sierra round 14
ChatterBot Whiskey round 14
ChatterBot Kilo round 14
ChatterBot X-ray round 14
ChatterBot Oscar round 14
ChatterBot Hotel round 14
ChatterBot Lima round 14
ChatterBot Juliett round 14
2024-10-15 04:56:26.524366 X-ray: We should add Charlie
2024-10-15 04:56:26.533820 Foxtrot: No
2024-10-15 04:56:26.534172 Hotel: No
2024-10-15 04:56:26.535421 Lima: No
ChatterBot X-ray reevaluating
ChatterBot X-ray reevaluating
ChatterBot X-ray reevaluating
2024-10-15 04:56:26.579546 X-ray: We should add Sierra
2024-10-15 04:56:26.594114 Foxtrot: No
2024-10-15 04:56:26.594491 Hotel: No
2024-10-15 04:56:26.595608 Lima: No
ChatterBot X-ray reevaluating
ChatterBot X-ray reevaluating
ChatterBot X-ray reevaluating
2024-10-15 04:56:26.635677 Oscar: Charlie and Whiskey, sending you 3
2024-10-15 04:56:26.639058 Juliett: Charlie and Oscar, sending you 2
2024-10-15 04:56:26.641910 Kilo: Charlie, Oscar and Juliett, sending you 4
2024-10-15 04:56:26.645351 Foxtrot: X-ray, sending you 6
2024-10-15 04:56:26.647221 Hotel: Foxtrot and Lima, sending you 6
2024-10-15 04:56:26.648377 Lima: Foxtrot and X-ray, sending you 5
2024-10-15 04:56:26.650387 Sierra: Charlie, Whiskey and Kilo, sending you 3
2024-10-15 04:56:26.653410 Whiskey: Same as last round
2024-10-15 04:56:26.656149 Charlie: Sierra, Whiskey and Oscar, sending you 3
2024-10-15 04:56:26.658135 Oscar: Sierra, sending you 6
2024-10-15 04:56:26.661158 Juliett: Sierra, sending you 5
2024-10-15 04:56:26.663449 Kilo: Sierra, sending you 3
2024-10-15 04:56:26.666151 Foxtrot: Hotel, sending you 7
2024-10-15 04:56:26.667536 Hotel: X-ray, sending you 5
2024-10-15 04:56:26.669886 Lima: Hotel, sending you 6
2024-10-15 04:56:26.671365 Sierra: Oscar, sending you 6
2024-10-15 04:56:26.674960 Charlie: Kilo, sending you 4
2024-10-15 04:56:26.677197 Oscar: Kilo, sending you 4
2024-10-15 04:56:26.680192 Juliett: Whiskey, sending you 3
2024-10-15 04:56:26.683009 Kilo: Whiskey, sending you 2
2024-10-15 04:56:26.686701 Foxtrot: Lima, sending you 5
2024-10-15 04:56:26.688171 Sierra: Juliett, sending you 4
2024-10-15 04:56:26.691847 Charlie: Juliett, sending you 2
2024-10-15 04:56:26.695265 Oscar: Juliett, sending you 2
2024-10-15 04:56:26.698535 Juliett: Kilo, sending you 4
2024-10-15 04:56:26.701600 X-ray: Foxtrot and Hotel, sending you 6
2024-10-15 04:56:26.711863 X-ray: Lima, sending you 5
chatterbot Hotel submitting transactions
chatterbot Lima submitting transactions
chatterbot X-ray submitting transactions
chatterbot Charlie submitting transactions
chatterbot Sierra submitting transactions
chatterbot Foxtrot submitting transactions
chatterbot Whiskey submitting transactions
