ChatterBot Romeo round 1
ChatterBot Kilo round 1
ChatterBot Yankee round 1
ChatterBot Whiskey round 1
ChatterBot Echo round 1
ChatterBot Juliett round 1
ChatterBot Hotel round 1
ChatterBot Golf round 1
ChatterBot Alpha round 1
ChatterBot Uniform round 1
randomSelections Whiskey: {Whiskey, Kilo, Romeo, Uniform, Hotel, Golf, Echo} 
2024-10-14 22:40:10.945722 Whiskey: Group up?
ChatterBot Kilo reevaluating
ChatterBot Romeo reevaluating
ChatterBot Uniform reevaluating
ChatterBot Hotel reevaluating
ChatterBot Golf reevaluating
ChatterBot Echo reevaluating
2024-10-14 22:40:11.034893 Kilo: Yes
2024-10-14 22:40:11.035118 Romeo: Yes
2024-10-14 22:40:11.035259 Uniform: Yes
2024-10-14 22:40:11.035393 Hotel: Yes
2024-10-14 22:40:11.035512 Golf: Yes
2024-10-14 22:40:11.035636 Echo: Yes
ChatterBot Romeo reevaluating
ChatterBot Uniform reevaluating
ChatterBot Hotel reevaluating
ChatterBot Golf reevaluating
ChatterBot Echo reevaluating
ChatterBot Kilo reevaluating
ChatterBot Uniform reevaluating
ChatterBot Hotel reevaluating
ChatterBot Golf reevaluating
ChatterBot Echo reevaluating
ChatterBot Kilo reevaluating
ChatterBot Romeo reevaluating
ChatterBot Hotel reevaluating
ChatterBot Golf reevaluating
ChatterBot Echo reevaluating
ChatterBot Kilo reevaluating
ChatterBot Romeo reevaluating
ChatterBot Uniform reevaluating
ChatterBot Golf reevaluating
ChatterBot Echo reevaluating
ChatterBot Kilo reevaluating
ChatterBot Romeo reevaluating
ChatterBot Uniform reevaluating
ChatterBot Hotel reevaluating
ChatterBot Echo reevaluating
ChatterBot Kilo reevaluating
ChatterBot Romeo reevaluating
ChatterBot Uniform reevaluating
ChatterBot Hotel reevaluating
ChatterBot Golf reevaluating
randomSelections Yankee: {Yankee, Alpha, Hotel, Golf, Juliett, Romeo, Whiskey} 
2024-10-14 22:40:11.124664 Yankee: Let's form a team
ChatterBot Alpha reevaluating
ChatterBot Hotel reevaluating
ChatterBot Golf reevaluating
ChatterBot Juliett reevaluating
ChatterBot Romeo reevaluating
2024-10-14 22:40:11.138369 Alpha: Yes
2024-10-14 22:40:11.138970 Hotel: No
2024-10-14 22:40:11.139331 Golf: No
2024-10-14 22:40:11.139765 Juliett: Yes
2024-10-14 22:40:11.139912 Romeo: No
2024-10-14 22:40:11.140562 Whiskey: No
ChatterBot Hotel reevaluating
ChatterBot Golf reevaluating
ChatterBot Juliett reevaluating
ChatterBot Romeo reevaluating
ChatterBot Alpha reevaluating
ChatterBot Golf reevaluating
ChatterBot Juliett reevaluating
ChatterBot Romeo reevaluating
ChatterBot Alpha reevaluating
ChatterBot Hotel reevaluating
ChatterBot Juliett reevaluating
ChatterBot Romeo reevaluating
ChatterBot Alpha reevaluating
ChatterBot Hotel reevaluating
ChatterBot Golf reevaluating
ChatterBot Romeo reevaluating
ChatterBot Alpha reevaluating
ChatterBot Hotel reevaluating
ChatterBot Golf reevaluating
ChatterBot Juliett reevaluating
ChatterBot Alpha reevaluating
ChatterBot Hotel reevaluating
ChatterBot Golf reevaluating
ChatterBot Juliett reevaluating
ChatterBot Romeo reevaluating
2024-10-14 22:40:11.232197 Kilo: Romeo, Whiskey and Echo, sending you 2
2024-10-14 22:40:11.233674 Yankee: Romeo, Golf and Alpha, sending you 2
2024-10-14 22:40:11.236677 Kilo: Hotel and Golf, sending you 1
2024-10-14 22:40:11.237678 Alpha: Romeo and Whiskey, sending you 1
2024-10-14 22:40:11.238228 Yankee: Whiskey, sending you 8
2024-10-14 22:40:11.239306 Whiskey: Romeo, Echo, Hotel and Uniform, sending you 3
2024-10-14 22:40:11.240350 Juliett: Romeo and Hotel, sending you 2
2024-10-14 22:40:11.241810 Uniform: Romeo, sending you 1
2024-10-14 22:40:11.242561 Echo: Romeo, Kilo, Whiskey and Hotel, sending you 3
2024-10-14 22:40:11.244102 Kilo: Uniform, sending you 4
2024-10-14 22:40:11.244952 Yankee: Hotel, sending you 4
2024-10-14 22:40:11.245588 Alpha: Yankee, Juliett and Hotel, sending you 2
2024-10-14 22:40:11.247044 Whiskey: Kilo, sending you 2
2024-10-14 22:40:11.247767 Hotel: Romeo, sending you 5
2024-10-14 22:40:11.249073 Juliett: Yankee, sending you 5
2024-10-14 22:40:11.249780 Golf: Romeo and Uniform, sending you 1
2024-10-14 22:40:11.250372 Uniform: Kilo and Echo, sending you 4
2024-10-14 22:40:11.251435 Echo: Uniform, sending you 4
2024-10-14 22:40:11.252133 Alpha: Golf, sending you 3
2024-10-14 22:40:11.252773 Juliett: Whiskey, sending you 1
2024-10-14 22:40:11.254274 Golf: Kilo and Hotel, sending you 4
2024-10-14 22:40:11.255321 Hotel: Kilo, sending you 1
2024-10-14 22:40:11.256663 Uniform: Hotel, sending you 2
2024-10-14 22:40:11.257388 Juliett: Golf, sending you 4
2024-10-14 22:40:11.258643 Golf: Whiskey, sending you 3
2024-10-14 22:40:11.259660 Hotel: Whiskey and Golf, sending you 3
2024-10-14 22:40:11.261669 Uniform: Golf, sending you 5
2024-10-14 22:40:11.262362 Juliett: Alpha, sending you 3
2024-10-14 22:40:11.262776 Golf: Echo, sending you 2
2024-10-14 22:40:11.264013 Hotel: Uniform, sending you 4
chatterbot Whiskey submitting transactions
chatterbot Alpha submitting transactions
chatterbot Hotel submitting transactions
chatterbot Romeo submitting transactions
chatterbot Yankee submitting transactions
chatterbot Juliett submitting transactions
chatterbot Uniform submitting transactions
chatterbot Kilo submitting transactions
chatterbot Echo submitting transactions
chatterbot Golf submitting transactions
ChatterBot Romeo round 2
ChatterBot Kilo round 2
ChatterBot Yankee round 2
ChatterBot Whiskey round 2
ChatterBot Echo round 2
ChatterBot Juliett round 2
ChatterBot Hotel round 2
ChatterBot Golf round 2
ChatterBot Alpha round 2
2024-10-14 22:40:13.391641 Yankee: Can we be friends?
ChatterBot Juliett reevaluating
ChatterBot Alpha reevaluating
2024-10-14 22:40:13.406993 Juliett: Yes
2024-10-14 22:40:13.407207 Alpha: Yes
2024-10-14 22:40:13.407480 Romeo: No
ChatterBot Alpha reevaluating
ChatterBot Juliett reevaluating
ChatterBot Juliett reevaluating
ChatterBot Alpha reevaluating
ChatterBot Uniform round 2
2024-10-14 22:40:13.474584 Kilo: We should drop Romeo
ChatterBot Whiskey reevaluating
ChatterBot Uniform reevaluating
2024-10-14 22:40:13.494424 Whiskey: Yes
2024-10-14 22:40:13.495167 Echo: Yes
2024-10-14 22:40:13.495300 Hotel: Yes
2024-10-14 22:40:13.495413 Golf: Yes
2024-10-14 22:40:13.495539 Uniform: Yes
ChatterBot Golf reevaluating
ChatterBot Uniform reevaluating
ChatterBot Whiskey reevaluating
ChatterBot Golf reevaluating
ChatterBot Uniform reevaluating
ChatterBot Whiskey reevaluating
ChatterBot Golf reevaluating
ChatterBot Uniform reevaluating
ChatterBot Whiskey reevaluating
ChatterBot Uniform reevaluating
ChatterBot Whiskey reevaluating
ChatterBot Golf reevaluating
2024-10-14 22:40:13.632410 Whiskey: We should replace Romeo with Yankee
ChatterBot Golf reevaluating
ChatterBot Uniform reevaluating
2024-10-14 22:40:13.771706 Kilo: No
2024-10-14 22:40:13.772759 Echo: No
2024-10-14 22:40:13.773153 Hotel: No
2024-10-14 22:40:13.773447 Golf: Yes
2024-10-14 22:40:13.774413 Uniform: No
ChatterBot Whiskey reevaluating
ChatterBot Golf reevaluating
ChatterBot Uniform reevaluating
ChatterBot Whiskey reevaluating
ChatterBot Golf reevaluating
ChatterBot Uniform reevaluating
ChatterBot Whiskey reevaluating
ChatterBot Golf reevaluating
ChatterBot Uniform reevaluating
ChatterBot Whiskey reevaluating
ChatterBot Uniform reevaluating
ChatterBot Whiskey reevaluating
ChatterBot Golf reevaluating
2024-10-14 22:40:13.954715 Romeo: Kilo, Whiskey and Echo, sending you 2
2024-10-14 22:40:14.005288 Yankee: Romeo, sending you 2
2024-10-14 22:40:14.005884 Romeo: Hotel, sending you 4
2024-10-14 22:40:14.007407 Juliett: Yankee, sending you 4
2024-10-14 22:40:14.021634 Yankee: Juliett, sending you 11
2024-10-14 22:40:14.022137 Juliett: Alpha, sending you 13
2024-10-14 22:40:14.022338 Alpha: Yankee, sending you 4
2024-10-14 22:40:14.023082 Romeo: Golf and Uniform, sending you 1
2024-10-14 22:40:14.023435 Kilo: Whiskey, sending you 2
2024-10-14 22:40:14.023715 Echo: Kilo and Golf, sending you 3
2024-10-14 22:40:14.040042 Alpha: Juliett, sending you 7
2024-10-14 22:40:14.040816 Yankee: Alpha, sending you 5
2024-10-14 22:40:14.041029 Echo: Whiskey and Uniform, sending you 4
2024-10-14 22:40:14.041290 Whiskey: Kilo, Hotel and Golf, sending you 3
2024-10-14 22:40:14.041578 Kilo: Echo, Golf and Uniform, sending you 3
2024-10-14 22:40:14.042320 Golf: Kilo, sending you 2
2024-10-14 22:40:14.042607 Hotel: Kilo, sending you 1
2024-10-14 22:40:14.050521 Uniform: Kilo, Echo and Hotel, sending you 4
2024-10-14 22:40:14.050827 Whiskey: Echo, sending you 4
2024-10-14 22:40:14.051116 Golf: Whiskey and Echo, sending you 1
2024-10-14 22:40:14.052042 Echo: Hotel, sending you 1
2024-10-14 22:40:14.052307 Kilo: Hotel, sending you 1
2024-10-14 22:40:14.052548 Hotel: Whiskey, Echo and Golf, sending you 4
2024-10-14 22:40:14.262407 Uniform: Whiskey, sending you 3
2024-10-14 22:40:14.262828 Whiskey: Uniform, sending you 1
2024-10-14 22:40:14.263698 Golf: Hotel and Uniform, sending you 4
2024-10-14 22:40:14.264038 Hotel: Uniform, sending you 3
2024-10-14 22:40:14.269369 Uniform: Golf, sending you 1
chatterbot Uniform submitting transactions
chatterbot Hotel submitting transactions
chatterbot Kilo submitting transactions
chatterbot Yankee submitting transactions
chatterbot Romeo submitting transactions
chatterbot Juliett submitting transactions
chatterbot Alpha submitting transactions
chatterbot Echo submitting transactions
chatterbot Golf submitting transactions
chatterbot Whiskey submitting transactions
ChatterBot Romeo round 3
ChatterBot Kilo round 3
ChatterBot Yankee round 3
ChatterBot Whiskey round 3
ChatterBot Echo round 3
ChatterBot Juliett round 3
ChatterBot Hotel round 3
ChatterBot Golf round 3
ChatterBot Alpha round 3
ChatterBot Uniform round 3
2024-10-14 22:40:15.239356 Hotel: We should add Romeo
ChatterBot Golf reevaluating
2024-10-14 22:40:15.267019 Kilo: No
2024-10-14 22:40:15.267322 Whiskey: No
2024-10-14 22:40:15.268049 Echo: No
2024-10-14 22:40:15.268232 Golf: Yes
2024-10-14 22:40:15.268393 Uniform: No
ChatterBot Hotel reevaluating
ChatterBot Golf reevaluating
ChatterBot Uniform reevaluating
ChatterBot Hotel reevaluating
ChatterBot Golf reevaluating
ChatterBot Uniform reevaluating
ChatterBot Hotel reevaluating
ChatterBot Golf reevaluating
ChatterBot Uniform reevaluating
ChatterBot Echo reevaluating
ChatterBot Hotel reevaluating
ChatterBot Uniform reevaluating
ChatterBot Echo reevaluating
ChatterBot Hotel reevaluating
ChatterBot Golf reevaluating
2024-10-14 22:40:15.420974 Romeo: We should drop Kilo
ChatterBot Echo reevaluating
ChatterBot Hotel reevaluating
ChatterBot Golf reevaluating
ChatterBot Uniform reevaluating
2024-10-14 22:40:15.439119 Whiskey: No
2024-10-14 22:40:15.439284 Echo: No
2024-10-14 22:40:15.439429 Hotel: No
2024-10-14 22:40:15.439579 Golf: No
2024-10-14 22:40:15.439740 Uniform: No
ChatterBot Romeo reevaluating
ChatterBot Echo reevaluating
ChatterBot Hotel reevaluating
ChatterBot Golf reevaluating
ChatterBot Uniform reevaluating
ChatterBot Romeo reevaluating
ChatterBot Hotel reevaluating
ChatterBot Golf reevaluating
ChatterBot Uniform reevaluating
ChatterBot Romeo reevaluating
ChatterBot Echo reevaluating
ChatterBot Golf reevaluating
ChatterBot Uniform reevaluating
ChatterBot Romeo reevaluating
ChatterBot Echo reevaluating
ChatterBot Hotel reevaluating
ChatterBot Uniform reevaluating
ChatterBot Romeo reevaluating
ChatterBot Echo reevaluating
ChatterBot Hotel reevaluating
ChatterBot Golf reevaluating
2024-10-14 22:40:15.695340 Romeo: We should drop Golf
ChatterBot Hotel reevaluating
2024-10-14 22:40:15.711863 Kilo: No
2024-10-14 22:40:15.712154 Whiskey: No
2024-10-14 22:40:15.712330 Echo: No
2024-10-14 22:40:15.712575 Hotel: No
2024-10-14 22:40:15.713203 Uniform: No
ChatterBot Romeo reevaluating
ChatterBot Hotel reevaluating
ChatterBot Romeo reevaluating
ChatterBot Hotel reevaluating
ChatterBot Romeo reevaluating
ChatterBot Hotel reevaluating
ChatterBot Romeo reevaluating
ChatterBot Romeo reevaluating
ChatterBot Hotel reevaluating
2024-10-14 22:40:15.796557 Kilo: Whiskey and Echo, sending you 2
2024-10-14 22:40:15.798265 Whiskey: Kilo, Golf and Uniform, sending you 2
2024-10-14 22:40:15.814863 Whiskey: Echo, sending you 3
2024-10-14 22:40:15.816909 Alpha: Yankee, sending you 3
2024-10-14 22:40:15.818789 Romeo: We should drop Whiskey
2024-10-14 22:40:15.836952 Kilo: No
2024-10-14 22:40:15.837120 Echo: No
2024-10-14 22:40:15.837277 Hotel: No
2024-10-14 22:40:15.837462 Golf: No
2024-10-14 22:40:15.837584 Uniform: No
ChatterBot Romeo reevaluating
ChatterBot Romeo reevaluating
ChatterBot Romeo reevaluating
ChatterBot Romeo reevaluating
ChatterBot Romeo reevaluating
2024-10-14 22:40:15.919224 Kilo: Hotel, sending you 1
2024-10-14 22:40:15.920129 Echo: Kilo and Hotel, sending you 3
2024-10-14 22:40:15.920727 Juliett: Yankee, sending you 9
2024-10-14 22:40:15.920951 Yankee: Romeo, sending you 2
2024-10-14 22:40:15.921698 Whiskey: Hotel, sending you 5
2024-10-14 22:40:15.922030 Alpha: Juliett, sending you 8
2024-10-14 22:40:15.923668 Echo: Whiskey and Uniform, sending you 4
2024-10-14 22:40:15.925431 Kilo: Golf, sending you 3
2024-10-14 22:40:15.926051 Uniform: Kilo and Golf, sending you 3
2024-10-14 22:40:15.926529 Golf: Kilo, Whiskey and Uniform, sending you 3
2024-10-14 22:40:15.927893 Juliett: Alpha, sending you 8
2024-10-14 22:40:15.928233 Yankee: Juliett, sending you 9
2024-10-14 22:40:15.928680 Echo: Golf, sending you 2
2024-10-14 22:40:15.929258 Kilo: Uniform, sending you 4
2024-10-14 22:40:15.930334 Uniform: Whiskey, sending you 2
2024-10-14 22:40:15.930842 Yankee: Alpha, sending you 7
2024-10-14 22:40:15.932674 Golf: Echo, sending you 2
2024-10-14 22:40:15.933834 Uniform: Echo and Hotel, sending you 4
2024-10-14 22:40:15.936699 Golf: Hotel, sending you 4
2024-10-14 22:40:15.940194 Hotel: Kilo, sending you 1
2024-10-14 22:40:15.944666 Hotel: Whiskey, Golf and Uniform, sending you 4
2024-10-14 22:40:15.947691 Hotel: Echo, sending you 3
2024-10-14 22:40:15.950670 Romeo: Whiskey, sending you 4
2024-10-14 22:40:15.954683 Romeo: Echo, sending you 3
2024-10-14 22:40:15.958680 Romeo: Hotel, sending you 5
2024-10-14 22:40:15.962751 Romeo: Golf and Uniform, sending you 2
chatterbot Echo submitting transactions
chatterbot Kilo submitting transactions
chatterbot Romeo submitting transactions
chatterbot Yankee submitting transactions
chatterbot Uniform submitting transactions
chatterbot Juliett submitting transactions
chatterbot Alpha submitting transactions
chatterbot Whiskey submitting transactions
chatterbot Golf submitting transactions
chatterbot Hotel submitting transactions
ChatterBot Romeo round 4
ChatterBot Kilo round 4
ChatterBot Yankee round 4
ChatterBot Whiskey round 4
ChatterBot Echo round 4
2024-10-14 22:40:16.882256 Romeo: We should replace Echo with Kilo
2024-10-14 22:40:16.895556 Whiskey: No
2024-10-14 22:40:16.895792 Hotel: No
2024-10-14 22:40:16.895940 Golf: No
2024-10-14 22:40:16.896079 Uniform: No
ChatterBot Romeo reevaluating
ChatterBot Romeo reevaluating
ChatterBot Romeo reevaluating
ChatterBot Juliett round 4
ChatterBot Hotel round 4
ChatterBot Golf round 4
ChatterBot Alpha round 4
ChatterBot Uniform round 4
2024-10-14 22:40:16.969200 Romeo: We should replace Golf with Kilo
ChatterBot Echo reevaluating
2024-10-14 22:40:16.982413 Whiskey: No
2024-10-14 22:40:16.982585 Echo: No
2024-10-14 22:40:16.982758 Hotel: No
2024-10-14 22:40:16.982874 Uniform: No
ChatterBot Romeo reevaluating
ChatterBot Echo reevaluating
ChatterBot Romeo reevaluating
ChatterBot Romeo reevaluating
ChatterBot Echo reevaluating
ChatterBot Romeo reevaluating
ChatterBot Echo reevaluating
2024-10-14 22:40:17.056974 Echo: Romeo we want you to join our group
ChatterBot Romeo reevaluating
2024-10-14 22:40:17.060678 Romeo: No
2024-10-14 22:40:17.079688 Whiskey: Kilo and Uniform, sending you 2
2024-10-14 22:40:17.080841 Yankee: Romeo, sending you 2
2024-10-14 22:40:17.081200 Kilo: Whiskey, sending you 2
2024-10-14 22:40:17.083674 Whiskey: Echo and Golf, sending you 3
2024-10-14 22:40:17.085147 Yankee: Juliett, sending you 10
2024-10-14 22:40:17.085606 Kilo: Echo, Golf and Uniform, sending you 3
2024-10-14 22:40:17.088715 Whiskey: Hotel, sending you 4
2024-10-14 22:40:17.089925 Yankee: Alpha, sending you 6
2024-10-14 22:40:17.090306 Echo: Romeo, Kilo and Golf, sending you 2
2024-10-14 22:40:17.091275 Kilo: Hotel, sending you 1
2024-10-14 22:40:17.091876 Hotel: Kilo, sending you 1
2024-10-14 22:40:17.093692 Uniform: Kilo and Golf, sending you 3
2024-10-14 22:40:17.094810 Romeo: Whiskey, sending you 4
2024-10-14 22:40:17.095292 Echo: Whiskey and Hotel, sending you 3
2024-10-14 22:40:17.095856 Hotel: Whiskey, Golf and Uniform, sending you 4
2024-10-14 22:40:17.097691 Alpha: Yankee, sending you 4
2024-10-14 22:40:17.098219 Romeo: Echo, sending you 3
2024-10-14 22:40:17.099274 Juliett: Yankee, sending you 9
2024-10-14 22:40:17.099677 Uniform: Whiskey, sending you 2
2024-10-14 22:40:17.100501 Golf: Kilo, Whiskey and Uniform, sending you 3
2024-10-14 22:40:17.101680 Echo: Uniform, sending you 4
2024-10-14 22:40:17.102454 Hotel: Echo, sending you 3
2024-10-14 22:40:17.103149 Alpha: Juliett, sending you 7
2024-10-14 22:40:17.103890 Romeo: Hotel, sending you 5
2024-10-14 22:40:17.104513 Uniform: Echo and Hotel, sending you 4
2024-10-14 22:40:17.105575 Juliett: Alpha, sending you 8
2024-10-14 22:40:17.105972 Golf: Echo, sending you 2
2024-10-14 22:40:17.108737 Romeo: Golf and Uniform, sending you 2
2024-10-14 22:40:17.110671 Golf: Hotel, sending you 4
chatterbot Echo submitting transactions
chatterbot Kilo submitting transactions
chatterbot Uniform submitting transactions
chatterbot Alpha submitting transactions
chatterbot Whiskey submitting transactions
chatterbot Romeo submitting transactions
chatterbot Hotel submitting transactions
chatterbot Juliett submitting transactions
chatterbot Golf submitting transactions
chatterbot Yankee submitting transactions
ChatterBot Romeo round 5
ChatterBot Kilo round 5
ChatterBot Yankee round 5
ChatterBot Whiskey round 5
ChatterBot Echo round 5
ChatterBot Juliett round 5
ChatterBot Hotel round 5
ChatterBot Golf round 5
ChatterBot Alpha round 5
ChatterBot Uniform round 5
2024-10-14 22:40:18.350669 Romeo: Whiskey, sending you 3
2024-10-14 22:40:18.355738 Romeo: Echo, sending you 6
2024-10-14 22:40:18.356635 Echo: Romeo and Golf, sending you 2
2024-10-14 22:40:18.358229 Juliett: Yankee, sending you 9
2024-10-14 22:40:18.358804 Whiskey: Kilo and Uniform, sending you 2
2024-10-14 22:40:18.360429 Romeo: Hotel, sending you 4
2024-10-14 22:40:18.361199 Echo: Kilo, Whiskey, Hotel and Uniform, sending you 3
2024-10-14 22:40:18.363371 Golf: Kilo, Whiskey and Uniform, sending you 3
2024-10-14 22:40:18.365251 Hotel: Kilo, sending you 1
2024-10-14 22:40:18.366054 Yankee: Romeo, sending you 2
2024-10-14 22:40:18.367474 Juliett: Alpha, sending you 8
2024-10-14 22:40:18.368 Whiskey: Echo and Golf, sending you 3
2024-10-14 22:40:18.369823 Kilo: Whiskey, Echo and Hotel, sending you 2
2024-10-14 22:40:18.371450 Romeo: Golf, sending you 2
2024-10-14 22:40:18.372413 Golf: Echo, sending you 2
2024-10-14 22:40:18.374296 Hotel: Whiskey, Golf and Uniform, sending you 4
2024-10-14 22:40:18.375763 Yankee: Juliett, sending you 10
2024-10-14 22:40:18.377409 Whiskey: Hotel, sending you 4
2024-10-14 22:40:18.379085 Kilo: Golf and Uniform, sending you 3
2024-10-14 22:40:18.379849 Uniform: Kilo and Golf, sending you 3
2024-10-14 22:40:18.381645 Alpha: Yankee, sending you 4
2024-10-14 22:40:18.382411 Romeo: Uniform, sending you 1
2024-10-14 22:40:18.383367 Golf: Hotel, sending you 4
2024-10-14 22:40:18.385248 Yankee: Alpha, sending you 6
2024-10-14 22:40:18.386043 Hotel: Echo, sending you 3
2024-10-14 22:40:18.387775 Alpha: Juliett, sending you 7
2024-10-14 22:40:18.388301 Uniform: Whiskey, sending you 2
2024-10-14 22:40:18.392673 Uniform: Echo and Hotel, sending you 4
chatterbot Hotel submitting transactions
chatterbot Echo submitting transactions
chatterbot Juliett submitting transactions
chatterbot Kilo submitting transactions
chatterbot Uniform submitting transactions
chatterbot Golf submitting transactions
chatterbot Whiskey submitting transactions
chatterbot Romeo submitting transactions
chatterbot Yankee submitting transactions
chatterbot Alpha submitting transactions
ChatterBot Romeo round 6
ChatterBot Kilo round 6
ChatterBot Yankee round 6
ChatterBot Whiskey round 6
ChatterBot Echo round 6
ChatterBot Juliett round 6
ChatterBot Hotel round 6
ChatterBot Golf round 6
ChatterBot Alpha round 6
ChatterBot Uniform round 6
2024-10-14 22:40:19.534679 Yankee: Juliett, sending you 11
2024-10-14 22:40:19.536671 Romeo: Whiskey, Golf and Uniform, sending you 2
2024-10-14 22:40:19.539692 Whiskey: Kilo and Uniform, sending you 2
2024-10-14 22:40:19.541019 Yankee: Alpha, sending you 7
2024-10-14 22:40:19.541952 Romeo: Echo, sending you 7
2024-10-14 22:40:19.542674 Kilo: Whiskey, sending you 2
2024-10-14 22:40:19.545680 Whiskey: Echo and Golf, sending you 3
2024-10-14 22:40:19.546661 Romeo: Hotel, sending you 3
2024-10-14 22:40:19.547294 Uniform: Kilo, Echo and Golf, sending you 3
2024-10-14 22:40:19.548431 Kilo: Echo, Golf and Uniform, sending you 3
2024-10-14 22:40:19.549159 Hotel: Kilo, sending you 1
2024-10-14 22:40:19.549899 Juliett: Romeo, sending you 2
2024-10-14 22:40:19.550275 Whiskey: Hotel, sending you 4
2024-10-14 22:40:19.551703 Alpha: Yankee, sending you 4
2024-10-14 22:40:19.551994 Kilo: Hotel, sending you 1
2024-10-14 22:40:19.553055 Uniform: Whiskey, sending you 2
2024-10-14 22:40:19.553766 Hotel: Whiskey, Golf and Uniform, sending you 4
2024-10-14 22:40:19.554278 Echo: Romeo, Kilo and Golf, sending you 2
2024-10-14 22:40:19.554789 Golf: Kilo, Whiskey and Uniform, sending you 3
2024-10-14 22:40:19.555247 Juliett: Yankee, sending you 8
2024-10-14 22:40:19.555678 Alpha: Juliett, sending you 7
2024-10-14 22:40:19.557674 Juliett: Alpha, sending you 7
2024-10-14 22:40:19.558682 Uniform: Hotel, sending you 5
2024-10-14 22:40:19.559863 Hotel: Echo, sending you 3
2024-10-14 22:40:19.560545 Golf: Echo, sending you 2
2024-10-14 22:40:19.561248 Echo: Whiskey and Hotel, sending you 3
2024-10-14 22:40:19.564669 Echo: Uniform, sending you 4
2024-10-14 22:40:19.565681 Golf: Hotel, sending you 4
chatterbot Kilo submitting transactions
chatterbot Romeo submitting transactions
chatterbot Yankee submitting transactions
chatterbot Juliett submitting transactions
chatterbot Echo submitting transactions
chatterbot Uniform submitting transactions
chatterbot Hotel submitting transactions
chatterbot Alpha submitting transactions
chatterbot Whiskey submitting transactions
chatterbot Golf submitting transactions
ChatterBot Romeo round 7
ChatterBot Kilo round 7
ChatterBot Yankee round 7
ChatterBot Whiskey round 7
ChatterBot Echo round 7
ChatterBot Juliett round 7
ChatterBot Hotel round 7
ChatterBot Golf round 7
ChatterBot Alpha round 7
ChatterBot Uniform round 7
2024-10-14 22:40:20.782672 Romeo: Whiskey, sending you 2
2024-10-14 22:40:20.785682 Kilo: Whiskey, Echo and Hotel, sending you 2
2024-10-14 22:40:20.787001 Romeo: Echo, sending you 9
2024-10-14 22:40:20.788037 Juliett: Romeo, sending you 2
2024-10-14 22:40:20.788545 Whiskey: Kilo and Uniform, sending you 2
2024-10-14 22:40:20.790656 Yankee: Juliett, sending you 11
2024-10-14 22:40:20.790986 Alpha: Yankee, sending you 4
2024-10-14 22:40:20.791271 Kilo: Golf and Uniform, sending you 3
2024-10-14 22:40:20.791978 Juliett: Yankee, sending you 8
2024-10-14 22:40:20.792703 Romeo: Hotel, sending you 3
2024-10-14 22:40:20.794714 Whiskey: Echo and Golf, sending you 3
2024-10-14 22:40:20.795503 Yankee: Alpha, sending you 7
2024-10-14 22:40:20.795883 Hotel: Kilo, sending you 1
2024-10-14 22:40:20.796429 Alpha: Juliett, sending you 7
2024-10-14 22:40:20.796754 Romeo: Golf and Uniform, sending you 1
2024-10-14 22:40:20.797143 Juliett: Alpha, sending you 7
2024-10-14 22:40:20.798139 Golf: Kilo, Whiskey and Uniform, sending you 3
2024-10-14 22:40:20.798687 Echo: Romeo, Kilo and Golf, sending you 2
2024-10-14 22:40:20.799684 Whiskey: Hotel, sending you 4
2024-10-14 22:40:20.801299 Uniform: Kilo and Golf, sending you 3
2024-10-14 22:40:20.802212 Hotel: Whiskey, Golf and Uniform, sending you 4
2024-10-14 22:40:20.803719 Golf: Echo, sending you 2
2024-10-14 22:40:20.804625 Echo: Whiskey, Hotel and Uniform, sending you 3
2024-10-14 22:40:20.806670 Uniform: Whiskey, sending you 2
2024-10-14 22:40:20.807461 Golf: Hotel, sending you 4
2024-10-14 22:40:20.808884 Hotel: Echo, sending you 3
2024-10-14 22:40:20.811278 Uniform: Echo and Hotel, sending you 4
chatterbot Yankee submitting transactions
chatterbot Echo submitting transactions
chatterbot Whiskey submitting transactions
chatterbot Alpha submitting transactions
chatterbot Uniform submitting transactions
chatterbot Romeo submitting transactions
chatterbot Juliett submitting transactions
chatterbot Kilo submitting transactions
chatterbot Hotel submitting transactions
chatterbot Golf submitting transactions
ChatterBot Romeo round 8
ChatterBot Kilo round 8
ChatterBot Yankee round 8
ChatterBot Whiskey round 8
ChatterBot Echo round 8
ChatterBot Juliett round 8
ChatterBot Hotel round 8
ChatterBot Golf round 8
ChatterBot Alpha round 8
ChatterBot Uniform round 8
2024-10-14 22:40:22.072586 Juliett: We should drop Romeo
ChatterBot Yankee reevaluating
ChatterBot Alpha reevaluating
2024-10-14 22:40:22.082827 Yankee: Yes
2024-10-14 22:40:22.083081 Alpha: Yes
ChatterBot Juliett reevaluating
ChatterBot Alpha reevaluating
ChatterBot Juliett reevaluating
ChatterBot Yankee reevaluating
2024-10-14 22:40:22.106891 Yankee: We should replace Romeo with Golf
ChatterBot Juliett reevaluating
ChatterBot Alpha reevaluating
2024-10-14 22:40:22.117791 Juliett: No
2024-10-14 22:40:22.118087 Alpha: No
ChatterBot Yankee reevaluating
ChatterBot Alpha reevaluating
ChatterBot Juliett reevaluating
ChatterBot Yankee reevaluating
2024-10-14 22:40:22.151568 Romeo: Whiskey and Hotel, sending you 2
2024-10-14 22:40:22.156389 Kilo: Whiskey, Echo and Hotel, sending you 2
2024-10-14 22:40:22.160949 Romeo: Echo, sending you 10
2024-10-14 22:40:22.165011 Hotel: Kilo, sending you 1
2024-10-14 22:40:22.167969 Golf: Kilo, Whiskey and Uniform, sending you 3
2024-10-14 22:40:22.171238 Whiskey: Kilo and Uniform, sending you 2
2024-10-14 22:40:22.174763 Kilo: Golf and Uniform, sending you 3
2024-10-14 22:40:22.179839 Romeo: Golf and Uniform, sending you 1
2024-10-14 22:40:22.183449 Echo: Romeo, Kilo and Golf, sending you 2
2024-10-14 22:40:22.186965 Hotel: Whiskey, Golf and Uniform, sending you 4
2024-10-14 22:40:22.191295 Golf: Echo, sending you 2
2024-10-14 22:40:22.194399 Whiskey: Echo and Golf, sending you 3
2024-10-14 22:40:22.198092 Alpha: Yankee, sending you 5
2024-10-14 22:40:22.199374 Uniform: Kilo, Echo and Golf, sending you 3
2024-10-14 22:40:22.202074 Echo: Whiskey, Hotel and Uniform, sending you 3
2024-10-14 22:40:22.204392 Hotel: Echo, sending you 3
2024-10-14 22:40:22.206502 Juliett: Yankee, sending you 9
2024-10-14 22:40:22.207053 Yankee: Juliett, sending you 11
2024-10-14 22:40:22.207543 Golf: Hotel, sending you 4
2024-10-14 22:40:22.209759 Whiskey: Hotel, sending you 4
2024-10-14 22:40:22.211041 Alpha: Juliett, sending you 6
2024-10-14 22:40:22.211447 Uniform: Whiskey, sending you 2
2024-10-14 22:40:22.213105 Juliett: Alpha, sending you 8
2024-10-14 22:40:22.213530 Yankee: Alpha, sending you 7
2024-10-14 22:40:22.217678 Uniform: Hotel, sending you 5
chatterbot Echo submitting transactions
chatterbot Yankee submitting transactions
chatterbot Kilo submitting transactions
chatterbot Alpha submitting transactions
chatterbot Juliett submitting transactions
chatterbot Hotel submitting transactions
chatterbot Uniform submitting transactions
chatterbot Golf submitting transactions
chatterbot Romeo submitting transactions
chatterbot Whiskey submitting transactions
ChatterBot Romeo round 9
ChatterBot Kilo round 9
ChatterBot Yankee round 9
ChatterBot Whiskey round 9
ChatterBot Echo round 9
ChatterBot Juliett round 9
ChatterBot Hotel round 9
ChatterBot Golf round 9
ChatterBot Alpha round 9
ChatterBot Uniform round 9
2024-10-14 22:40:23.351674 Kilo: Whiskey, Echo and Hotel, sending you 2
2024-10-14 22:40:23.355674 Kilo: Golf and Uniform, sending you 3
2024-10-14 22:40:23.357675 Romeo: Whiskey and Hotel, sending you 2
2024-10-14 22:40:23.358741 Whiskey: Kilo and Uniform, sending you 2
2024-10-14 22:40:23.360684 Hotel: Kilo, sending you 1
2024-10-14 22:40:23.361748 Golf: Kilo, Whiskey and Uniform, sending you 3
2024-10-14 22:40:23.362861 Romeo: Echo, sending you 10
2024-10-14 22:40:23.364396 Echo: Romeo, sending you 1
2024-10-14 22:40:23.365196 Uniform: Kilo, Echo and Golf, sending you 3
2024-10-14 22:40:23.366316 Whiskey: Echo and Golf, sending you 3
2024-10-14 22:40:23.367418 Juliett: Romeo, sending you 2
2024-10-14 22:40:23.368047 Hotel: Whiskey, Golf and Uniform, sending you 4
2024-10-14 22:40:23.369891 Yankee: Juliett, sending you 11
2024-10-14 22:40:23.370308 Golf: Echo, sending you 2
2024-10-14 22:40:23.371454 Romeo: Golf and Uniform, sending you 1
2024-10-14 22:40:23.372150 Echo: Kilo and Golf, sending you 2
2024-10-14 22:40:23.374038 Uniform: Whiskey, sending you 2
2024-10-14 22:40:23.375345 Whiskey: Hotel, sending you 4
2024-10-14 22:40:23.376759 Juliett: Yankee, sending you 8
2024-10-14 22:40:23.378042 Yankee: Alpha, sending you 7
2024-10-14 22:40:23.378478 Golf: Hotel, sending you 4
2024-10-14 22:40:23.379803 Hotel: Echo, sending you 3
2024-10-14 22:40:23.381128 Echo: Whiskey, Hotel and Uniform, sending you 3
2024-10-14 22:40:23.383026 Uniform: Hotel, sending you 5
2024-10-14 22:40:23.384054 Juliett: Alpha, sending you 7
2024-10-14 22:40:23.384394 Alpha: Yankee, sending you 5
2024-10-14 22:40:23.389744 Alpha: Juliett, sending you 6
chatterbot Uniform submitting transactions
chatterbot Yankee submitting transactions
chatterbot Hotel submitting transactions
chatterbot Alpha submitting transactions
chatterbot Romeo submitting transactions
chatterbot Juliett submitting transactions
chatterbot Golf submitting transactions
chatterbot Whiskey submitting transactions
chatterbot Kilo submitting transactions
chatterbot Echo submitting transactions
ChatterBot Romeo round 10
ChatterBot Kilo round 10
ChatterBot Yankee round 10
ChatterBot Whiskey round 10
ChatterBot Echo round 10
ChatterBot Juliett round 10
ChatterBot Hotel round 10
ChatterBot Golf round 10
ChatterBot Alpha round 10
ChatterBot Uniform round 10
2024-10-14 22:40:24.608668 Kilo: Whiskey, Echo and Hotel, sending you 2
2024-10-14 22:40:24.614663 Juliett: Romeo, sending you 2
2024-10-14 22:40:24.615667 Kilo: Golf and Uniform, sending you 3
2024-10-14 22:40:24.617663 Alpha: Yankee, sending you 5
2024-10-14 22:40:24.619024 Echo: Romeo, sending you 1
2024-10-14 22:40:24.619818 Whiskey: Kilo and Uniform, sending you 2
2024-10-14 22:40:24.620496 Juliett: Yankee, sending you 8
2024-10-14 22:40:24.620855 Romeo: Whiskey and Hotel, sending you 2
2024-10-14 22:40:24.621352 Uniform: Kilo, Whiskey, Echo and Golf, sending you 3
2024-10-14 22:40:24.622963 Alpha: Juliett, sending you 6
2024-10-14 22:40:24.623281 Whiskey: Echo and Golf, sending you 3
2024-10-14 22:40:24.624024 Hotel: Kilo, sending you 1
2024-10-14 22:40:24.624552 Golf: Kilo, Whiskey and Uniform, sending you 3
2024-10-14 22:40:24.625111 Echo: Kilo and Golf, sending you 2
2024-10-14 22:40:24.625518 Juliett: Alpha, sending you 7
2024-10-14 22:40:24.625818 Romeo: Echo, sending you 10
2024-10-14 22:40:24.627091 Uniform: Hotel, sending you 4
2024-10-14 22:40:24.628170 Yankee: Juliett, sending you 11
2024-10-14 22:40:24.628569 Hotel: Whiskey, Golf and Uniform, sending you 4
2024-10-14 22:40:24.629639 Whiskey: Hotel, sending you 4
2024-10-14 22:40:24.631343 Golf: Echo, sending you 2
2024-10-14 22:40:24.632382 Echo: Whiskey, Hotel and Uniform, sending you 3
2024-10-14 22:40:24.633158 Romeo: Golf and Uniform, sending you 1
2024-10-14 22:40:24.634416 Yankee: Alpha, sending you 7
2024-10-14 22:40:24.634767 Hotel: Echo, sending you 3
2024-10-14 22:40:24.635683 Golf: Hotel, sending you 4
chatterbot Yankee submitting transactions
chatterbot Hotel submitting transactions
chatterbot Juliett submitting transactions
chatterbot Alpha submitting transactions
chatterbot Echo submitting transactions
chatterbot Kilo submitting transactions
chatterbot Golf submitting transactions
chatterbot Romeo submitting transactions
chatterbot Uniform submitting transactions
chatterbot Whiskey submitting transactions
ChatterBot Romeo round 11
ChatterBot Kilo round 11
ChatterBot Yankee round 11
ChatterBot Whiskey round 11
ChatterBot Echo round 11
ChatterBot Juliett round 11
2024-10-14 22:40:25.807268 Romeo: We should replace Whiskey with Kilo
ChatterBot Echo reevaluating
2024-10-14 22:40:25.821801 Echo: No
2024-10-14 22:40:25.821975 Hotel: No
2024-10-14 22:40:25.822120 Golf: No
2024-10-14 22:40:25.822257 Uniform: No
ChatterBot Romeo reevaluating
ChatterBot Romeo reevaluating
ChatterBot Echo reevaluating
ChatterBot Romeo reevaluating
ChatterBot Echo reevaluating
ChatterBot Romeo reevaluating
ChatterBot Echo reevaluating
ChatterBot Hotel round 11
2024-10-14 22:40:25.995242 Yankee: We should add Kilo
ChatterBot Juliett reevaluating
2024-10-14 22:40:26.004586 Juliett: No
2024-10-14 22:40:26.004881 Alpha: No
ChatterBot Yankee reevaluating
ChatterBot Juliett reevaluating
ChatterBot Yankee reevaluating
ChatterBot Golf round 11
ChatterBot Alpha round 11
ChatterBot Uniform round 11
2024-10-14 22:40:26.064682 Whiskey: Kilo and Uniform, sending you 2
2024-10-14 22:40:26.073130 Whiskey: Echo and Golf, sending you 3
2024-10-14 22:40:26.075347 Echo: Romeo, sending you 1
2024-10-14 22:40:26.078114 Yankee: Juliett, sending you 11
2024-10-14 22:40:26.079666 Whiskey: Hotel, sending you 4
2024-10-14 22:40:26.081316 Echo: Kilo and Golf, sending you 2
2024-10-14 22:40:26.083961 Yankee: Alpha, sending you 7
2024-10-14 22:40:26.085246 Romeo: Yankee, sending you 4
2024-10-14 22:40:26.086120 Hotel: Kilo, sending you 1
2024-10-14 22:40:26.088126 Alpha: Yankee, sending you 5
2024-10-14 22:40:26.088834 Uniform: Kilo, Whiskey, Echo and Golf, sending you 3
2024-10-14 22:40:26.091181 Juliett: Yankee, sending you 9
2024-10-14 22:40:26.091960 Golf: Kilo, Whiskey and Uniform, sending you 3
2024-10-14 22:40:26.093415 Kilo: Whiskey, Echo and Hotel, sending you 2
2024-10-14 22:40:26.095170 Echo: Whiskey, Hotel and Uniform, sending you 3
2024-10-14 22:40:26.096449 Romeo: Juliett, sending you 10
2024-10-14 22:40:26.097965 Hotel: Whiskey, Golf and Uniform, sending you 4
2024-10-14 22:40:26.099410 Alpha: Juliett, sending you 6
2024-10-14 22:40:26.100469 Uniform: Hotel, sending you 4
2024-10-14 22:40:26.101854 Juliett: Alpha, sending you 8
2024-10-14 22:40:26.103363 Golf: Echo, sending you 2
2024-10-14 22:40:26.104755 Kilo: Golf and Uniform, sending you 3
2024-10-14 22:40:26.108423 Romeo: Alpha, sending you 2
2024-10-14 22:40:26.110657 Hotel: Echo, sending you 3
2024-10-14 22:40:26.114947 Golf: Hotel, sending you 4
chatterbot Hotel submitting transactions
chatterbot Yankee submitting transactions
chatterbot Alpha submitting transactions
chatterbot Golf submitting transactions
chatterbot Uniform submitting transactions
chatterbot Juliett submitting transactions
chatterbot Kilo submitting transactions
chatterbot Romeo submitting transactions
chatterbot Whiskey submitting transactions
chatterbot Echo submitting transactions
ChatterBot Romeo round 12
ChatterBot Kilo round 12
ChatterBot Yankee round 12
ChatterBot Whiskey round 12
ChatterBot Echo round 12
ChatterBot Juliett round 12
ChatterBot Hotel round 12
ChatterBot Golf round 12
ChatterBot Alpha round 12
ChatterBot Uniform round 12
2024-10-14 22:40:27.171752 Juliett: We should drop Romeo
2024-10-14 22:40:27.176936 Yankee: Yes
2024-10-14 22:40:27.177106 Alpha: Yes
ChatterBot Juliett reevaluating
ChatterBot Juliett reevaluating
2024-10-14 22:40:27.192666 Golf: Kilo, Whiskey and Uniform, sending you 3
2024-10-14 22:40:27.195534 Romeo: Yankee, sending you 4
2024-10-14 22:40:27.196443 Kilo: Whiskey, Echo and Hotel, sending you 2
2024-10-14 22:40:27.198791 Whiskey: Kilo and Uniform, sending you 2
2024-10-14 22:40:27.199861 Echo: Romeo, sending you 1
2024-10-14 22:40:27.200821 Golf: Echo, sending you 2
2024-10-14 22:40:27.202560 Romeo: Juliett, sending you 10
2024-10-14 22:40:27.202964 Kilo: Golf and Uniform, sending you 3
2024-10-14 22:40:27.203744 Whiskey: Echo and Golf, sending you 3
2024-10-14 22:40:27.204527 Hotel: Kilo, sending you 1
2024-10-14 22:40:27.206010 Echo: Kilo and Golf, sending you 2
2024-10-14 22:40:27.206756 Golf: Hotel, sending you 4
2024-10-14 22:40:27.207559 Romeo: Alpha, sending you 2
2024-10-14 22:40:27.207857 Yankee: Juliett, sending you 11
2024-10-14 22:40:27.208091 Whiskey: Hotel, sending you 4
2024-10-14 22:40:27.209681 Hotel: Whiskey, Golf and Uniform, sending you 4
2024-10-14 22:40:27.212280 Echo: Whiskey and Uniform, sending you 3
2024-10-14 22:40:27.213048 Yankee: Alpha, sending you 7
2024-10-14 22:40:27.213383 Alpha: Yankee, sending you 5
2024-10-14 22:40:27.213646 Uniform: Kilo, Whiskey, Echo and Golf, sending you 3
2024-10-14 22:40:27.214339 Hotel: Echo, sending you 3
2024-10-14 22:40:27.215668 Echo: Hotel, sending you 4
2024-10-14 22:40:27.216665 Uniform: Hotel, sending you 4
2024-10-14 22:40:27.218658 Alpha: Juliett, sending you 6
2024-10-14 22:40:27.229666 Juliett: Yankee, sending you 9
2024-10-14 22:40:27.234935 Juliett: Alpha, sending you 8
chatterbot Yankee submitting transactions
chatterbot Juliett submitting transactions
chatterbot Echo submitting transactions
chatterbot Romeo submitting transactions
chatterbot Golf submitting transactions
chatterbot Kilo submitting transactions
chatterbot Uniform submitting transactions
chatterbot Hotel submitting transactions
chatterbot Alpha submitting transactions
chatterbot Whiskey submitting transactions
ChatterBot Romeo round 13
ChatterBot Kilo round 13
ChatterBot Yankee round 13
ChatterBot Whiskey round 13
ChatterBot Echo round 13
ChatterBot Juliett round 13
ChatterBot Hotel round 13
ChatterBot Golf round 13
ChatterBot Alpha round 13
ChatterBot Uniform round 13
2024-10-14 22:40:28.337107 Juliett: We should add Romeo
ChatterBot Yankee reevaluating
2024-10-14 22:40:28.346101 Yankee: Yes
2024-10-14 22:40:28.346277 Alpha: No
ChatterBot Alpha reevaluating
ChatterBot Yankee reevaluating
2024-10-14 22:40:28.385527 Romeo: We should drop Alpha
ChatterBot Yankee reevaluating
2024-10-14 22:40:28.394107 Yankee: No
2024-10-14 22:40:28.394241 Juliett: No
ChatterBot Romeo reevaluating
ChatterBot Romeo reevaluating
ChatterBot Yankee reevaluating
2024-10-14 22:40:28.406204 Juliett: Romeo we want you to join our group
ChatterBot Romeo reevaluating
2024-10-14 22:40:28.409469 Romeo: No
ChatterBot Yankee reevaluating
ChatterBot Alpha reevaluating
2024-10-14 22:40:28.420690 Whiskey: Kilo, sending you 1
2024-10-14 22:40:28.423742 Hotel: Kilo, sending you 1
2024-10-14 22:40:28.426807 Golf: Kilo, Whiskey and Uniform, sending you 3
2024-10-14 22:40:28.428841 Kilo: Whiskey, Echo and Hotel, sending you 2
2024-10-14 22:40:28.431536 Alpha: Romeo we want you to join our group
ChatterBot Romeo reevaluating
2024-10-14 22:40:28.435876 Romeo: No
2024-10-14 22:40:28.445707 Whiskey: Echo, Golf and Uniform, sending you 3
2024-10-14 22:40:28.448217 Hotel: Whiskey, Golf and Uniform, sending you 4
2024-10-14 22:40:28.450774 Golf: Echo, sending you 2
2024-10-14 22:40:28.452802 Kilo: Golf and Uniform, sending you 3
2024-10-14 22:40:28.455807 Whiskey: Hotel, sending you 4
2024-10-14 22:40:28.459639 Romeo: We should drop Yankee
2024-10-14 22:40:28.468838 Juliett: No
2024-10-14 22:40:28.469018 Alpha: No
ChatterBot Romeo reevaluating
ChatterBot Romeo reevaluating
ChatterBot Juliett reevaluating
2024-10-14 22:40:28.480670 Echo: Kilo, sending you 2
2024-10-14 22:40:28.483069 Hotel: Echo, sending you 3
2024-10-14 22:40:28.484268 Uniform: Kilo, Whiskey, Echo and Golf, sending you 3
2024-10-14 22:40:28.485749 Golf: Hotel, sending you 4
2024-10-14 22:40:28.487845 Echo: Whiskey and Hotel, sending you 4
2024-10-14 22:40:28.489659 Yankee: Juliett, sending you 11
2024-10-14 22:40:28.490669 Uniform: Hotel, sending you 4
