ChatterBot Foxtrot round 1
ChatterBot Kilo round 1
ChatterBot Echo round 1
ChatterBot Yankee round 1
ChatterBot Zulu round 1
ChatterBot Papa round 1
randomSelections Kilo: {Kilo, Tango, Romeo, Papa, Quebec, Zulu, Foxtrot, Echo} 
2024-10-14 22:40:10.166974 Kilo: We should group up
ChatterBot Papa reevaluating
ChatterBot Zulu reevaluating
ChatterBot Foxtrot reevaluating
ChatterBot Echo reevaluating
2024-10-14 22:40:10.185166 Papa: Yes
2024-10-14 22:40:10.185399 Zulu: Yes
2024-10-14 22:40:10.185571 Foxtrot: Yes
2024-10-14 22:40:10.185770 Echo: Yes
ChatterBot Zulu reevaluating
ChatterBot Foxtrot reevaluating
ChatterBot Echo reevaluating
ChatterBot Papa reevaluating
ChatterBot Foxtrot reevaluating
ChatterBot Echo reevaluating
ChatterBot Papa reevaluating
ChatterBot Zulu reevaluating
ChatterBot Echo reevaluating
ChatterBot Papa reevaluating
ChatterBot Zulu reevaluating
ChatterBot Foxtrot reevaluating
ChatterBot Hotel round 1
ChatterBot Tango round 1
ChatterBot Tango reevaluating
ChatterBot Tango reevaluating
ChatterBot Tango reevaluating
ChatterBot Tango reevaluating
ChatterBot Tango reevaluating
2024-10-14 22:40:10.251669 Tango: Yes
ChatterBot Papa reevaluating
ChatterBot Zulu reevaluating
ChatterBot Foxtrot reevaluating
ChatterBot Echo reevaluating
ChatterBot Romeo round 1
ChatterBot Romeo reevaluating
ChatterBot Romeo reevaluating
ChatterBot Romeo reevaluating
ChatterBot Romeo reevaluating
ChatterBot Romeo reevaluating
ChatterBot Romeo reevaluating
2024-10-14 22:40:10.270568 Romeo: Yes
ChatterBot Tango reevaluating
ChatterBot Papa reevaluating
ChatterBot Zulu reevaluating
ChatterBot Foxtrot reevaluating
ChatterBot Echo reevaluating
ChatterBot Quebec round 1
ChatterBot Quebec reevaluating
ChatterBot Quebec reevaluating
ChatterBot Quebec reevaluating
ChatterBot Quebec reevaluating
ChatterBot Quebec reevaluating
ChatterBot Quebec reevaluating
ChatterBot Quebec reevaluating
2024-10-14 22:40:10.299106 Quebec: Yes
ChatterBot Tango reevaluating
ChatterBot Romeo reevaluating
ChatterBot Papa reevaluating
ChatterBot Zulu reevaluating
ChatterBot Foxtrot reevaluating
ChatterBot Echo reevaluating
randomSelections Yankee: {Yankee, Hotel, Romeo, Zulu, Echo, Papa, Quebec} 
2024-10-14 22:40:10.317783 Yankee: Group up?
ChatterBot Hotel reevaluating
ChatterBot Romeo reevaluating
ChatterBot Zulu reevaluating
ChatterBot Echo reevaluating
ChatterBot Papa reevaluating
ChatterBot Quebec reevaluating
2024-10-14 22:40:10.330222 Hotel: Yes
2024-10-14 22:40:10.330417 Romeo: No
2024-10-14 22:40:10.331040 Zulu: No
2024-10-14 22:40:10.331191 Echo: No
2024-10-14 22:40:10.331346 Papa: No
2024-10-14 22:40:10.331487 Quebec: No
ChatterBot Romeo reevaluating
ChatterBot Zulu reevaluating
ChatterBot Echo reevaluating
ChatterBot Papa reevaluating
ChatterBot Quebec reevaluating
ChatterBot Hotel reevaluating
ChatterBot Zulu reevaluating
ChatterBot Echo reevaluating
ChatterBot Papa reevaluating
ChatterBot Quebec reevaluating
ChatterBot Hotel reevaluating
ChatterBot Romeo reevaluating
ChatterBot Echo reevaluating
ChatterBot Papa reevaluating
ChatterBot Quebec reevaluating
ChatterBot Hotel reevaluating
ChatterBot Romeo reevaluating
ChatterBot Zulu reevaluating
ChatterBot Papa reevaluating
ChatterBot Quebec reevaluating
ChatterBot Hotel reevaluating
ChatterBot Romeo reevaluating
ChatterBot Zulu reevaluating
ChatterBot Echo reevaluating
ChatterBot Quebec reevaluating
ChatterBot Hotel reevaluating
ChatterBot Romeo reevaluating
ChatterBot Zulu reevaluating
ChatterBot Echo reevaluating
ChatterBot Papa reevaluating
2024-10-14 22:40:10.425479 Kilo: Foxtrot and Echo, sending you 1
2024-10-14 22:40:10.427836 Foxtrot: Echo, sending you 4
2024-10-14 22:40:10.431765 Kilo: Romeo, sending you 2
2024-10-14 22:40:10.432342 Hotel: Echo, sending you 8
2024-10-14 22:40:10.433559 Yankee: Echo, Papa, Romeo and Quebec, sending you 2
2024-10-14 22:40:10.434201 Foxtrot: Zulu and Papa, sending you 3
2024-10-14 22:40:10.435408 Zulu: Foxtrot, Echo and Papa, sending you 2
2024-10-14 22:40:10.437960 Kilo: Quebec, sending you 3
2024-10-14 22:40:10.439148 Hotel: Yankee, Zulu, Papa and Quebec, sending you 2
2024-10-14 22:40:10.439541 Yankee: Zulu, sending you 1
2024-10-14 22:40:10.439954 Echo: Foxtrot, sending you 5
2024-10-14 22:40:10.440362 Tango: Foxtrot, Romeo and Quebec, sending you 3
2024-10-14 22:40:10.441660 Foxtrot: Tango, Romeo and Quebec, sending you 2
2024-10-14 22:40:10.442043 Papa: Foxtrot, sending you 1
2024-10-14 22:40:10.442534 Zulu: Tango, sending you 4
2024-10-14 22:40:10.443843 Hotel: Romeo, sending you 1
2024-10-14 22:40:10.444755 Yankee: Hotel, sending you 3
2024-10-14 22:40:10.445821 Echo: Papa, sending you 2
2024-10-14 22:40:10.446525 Papa: Kilo and Echo, sending you 2
2024-10-14 22:40:10.447689 Quebec: Foxtrot and Zulu, sending you 1
2024-10-14 22:40:10.448340 Tango: Kilo, sending you 5
2024-10-14 22:40:10.449700 Zulu: Romeo, sending you 5
2024-10-14 22:40:10.450384 Echo: Tango, sending you 3
2024-10-14 22:40:10.453352 Papa: Zulu and Romeo, sending you 4
2024-10-14 22:40:10.454868 Quebec: Kilo, Echo and Papa, sending you 2
2024-10-14 22:40:10.455313 Tango: Echo and Zulu, sending you 2
2024-10-14 22:40:10.455842 Romeo: Foxtrot, Papa, Tango and Quebec, sending you 3
2024-10-14 22:40:10.460229 Zulu: Quebec, sending you 1
2024-10-14 22:40:10.460841 Echo: Romeo, sending you 1
2024-10-14 22:40:10.461442 Quebec: Tango, sending you 5
2024-10-14 22:40:10.463235 Papa: Quebec, sending you 3
2024-10-14 22:40:10.463899 Tango: Papa, sending you 1
2024-10-14 22:40:10.469950 Echo: Quebec, sending you 6
2024-10-14 22:40:10.470409 Romeo: Kilo, sending you 1
2024-10-14 22:40:10.470839 Quebec: Romeo, sending you 3
2024-10-14 22:40:10.473712 Romeo: Echo, sending you 5
chatterbot Yankee submitting transactions
chatterbot Foxtrot submitting transactions
chatterbot Romeo submitting transactions
chatterbot Zulu submitting transactions
chatterbot Quebec submitting transactions
chatterbot Papa submitting transactions
chatterbot Kilo submitting transactions
chatterbot Hotel submitting transactions
chatterbot Echo submitting transactions
chatterbot Tango submitting transactions
ChatterBot Foxtrot round 2
ChatterBot Kilo round 2
ChatterBot Echo round 2
ChatterBot Yankee round 2
2024-10-14 22:40:11.702830 Echo: We should add Yankee and Hotel
ChatterBot Kilo reevaluating
ChatterBot Tango reevaluating
ChatterBot Romeo reevaluating
ChatterBot Papa reevaluating
ChatterBot Quebec reevaluating
ChatterBot Zulu reevaluating
ChatterBot Foxtrot reevaluating
2024-10-14 22:40:11.814458 Kilo: No
2024-10-14 22:40:11.814713 Tango: No
2024-10-14 22:40:11.814890 Romeo: No
2024-10-14 22:40:11.815076 Papa: No
2024-10-14 22:40:11.815705 Quebec: No
2024-10-14 22:40:11.815872 Zulu: No
2024-10-14 22:40:11.816054 Foxtrot: No
ChatterBot Tango reevaluating
ChatterBot Romeo reevaluating
ChatterBot Papa reevaluating
ChatterBot Quebec reevaluating
ChatterBot Zulu reevaluating
ChatterBot Foxtrot reevaluating
ChatterBot Kilo reevaluating
ChatterBot Romeo reevaluating
ChatterBot Papa reevaluating
ChatterBot Quebec reevaluating
ChatterBot Zulu reevaluating
ChatterBot Foxtrot reevaluating
ChatterBot Echo reevaluating
ChatterBot Kilo reevaluating
ChatterBot Tango reevaluating
ChatterBot Papa reevaluating
ChatterBot Quebec reevaluating
ChatterBot Zulu reevaluating
ChatterBot Foxtrot reevaluating
ChatterBot Echo reevaluating
ChatterBot Kilo reevaluating
ChatterBot Tango reevaluating
ChatterBot Romeo reevaluating
ChatterBot Quebec reevaluating
ChatterBot Zulu reevaluating
ChatterBot Foxtrot reevaluating
ChatterBot Echo reevaluating
ChatterBot Kilo reevaluating
ChatterBot Tango reevaluating
ChatterBot Romeo reevaluating
ChatterBot Papa reevaluating
ChatterBot Zulu reevaluating
ChatterBot Foxtrot reevaluating
ChatterBot Echo reevaluating
ChatterBot Kilo reevaluating
ChatterBot Tango reevaluating
ChatterBot Romeo reevaluating
ChatterBot Papa reevaluating
ChatterBot Quebec reevaluating
ChatterBot Foxtrot reevaluating
ChatterBot Echo reevaluating
ChatterBot Kilo reevaluating
ChatterBot Tango reevaluating
ChatterBot Romeo reevaluating
ChatterBot Papa reevaluating
ChatterBot Quebec reevaluating
ChatterBot Zulu reevaluating
ChatterBot Echo reevaluating
ChatterBot Zulu round 2
ChatterBot Papa round 2
ChatterBot Hotel round 2
ChatterBot Tango round 2
2024-10-14 22:40:12.614885 Yankee: We would work well together
ChatterBot Hotel reevaluating
2024-10-14 22:40:12.622076 Hotel: Yes
ChatterBot Romeo round 2
ChatterBot Quebec round 2
2024-10-14 22:40:12.630323 Echo: We should add Hotel
ChatterBot Kilo reevaluating
ChatterBot Tango reevaluating
ChatterBot Romeo reevaluating
ChatterBot Papa reevaluating
ChatterBot Quebec reevaluating
ChatterBot Zulu reevaluating
ChatterBot Foxtrot reevaluating
2024-10-14 22:40:12.784608 Kilo: No
2024-10-14 22:40:12.785123 Tango: No
2024-10-14 22:40:12.785965 Romeo: No
2024-10-14 22:40:12.786292 Papa: No
2024-10-14 22:40:12.786696 Quebec: No
2024-10-14 22:40:12.787638 Zulu: No
2024-10-14 22:40:12.787853 Foxtrot: No
ChatterBot Tango reevaluating
ChatterBot Romeo reevaluating
ChatterBot Papa reevaluating
ChatterBot Quebec reevaluating
ChatterBot Zulu reevaluating
ChatterBot Foxtrot reevaluating
ChatterBot Echo reevaluating
ChatterBot Kilo reevaluating
ChatterBot Romeo reevaluating
ChatterBot Papa reevaluating
ChatterBot Quebec reevaluating
ChatterBot Zulu reevaluating
ChatterBot Foxtrot reevaluating
ChatterBot Echo reevaluating
ChatterBot Kilo reevaluating
ChatterBot Tango reevaluating
ChatterBot Papa reevaluating
ChatterBot Quebec reevaluating
ChatterBot Zulu reevaluating
ChatterBot Foxtrot reevaluating
ChatterBot Echo reevaluating
ChatterBot Kilo reevaluating
ChatterBot Tango reevaluating
ChatterBot Romeo reevaluating
ChatterBot Quebec reevaluating
ChatterBot Zulu reevaluating
ChatterBot Foxtrot reevaluating
ChatterBot Echo reevaluating
ChatterBot Kilo reevaluating
ChatterBot Tango reevaluating
ChatterBot Romeo reevaluating
ChatterBot Papa reevaluating
ChatterBot Zulu reevaluating
ChatterBot Foxtrot reevaluating
ChatterBot Echo reevaluating
ChatterBot Kilo reevaluating
ChatterBot Tango reevaluating
ChatterBot Romeo reevaluating
ChatterBot Papa reevaluating
ChatterBot Quebec reevaluating
ChatterBot Foxtrot reevaluating
ChatterBot Echo reevaluating
ChatterBot Kilo reevaluating
ChatterBot Tango reevaluating
ChatterBot Romeo reevaluating
ChatterBot Papa reevaluating
ChatterBot Quebec reevaluating
ChatterBot Zulu reevaluating
ChatterBot Echo reevaluating
2024-10-14 22:40:13.206290 Echo: Hotel we want you to join our group
2024-10-14 22:40:13.212425 Hotel: No
ChatterBot Echo reevaluating
2024-10-14 22:40:13.248785 Zulu: We should drop Kilo
ChatterBot Echo reevaluating
ChatterBot Romeo reevaluating
2024-10-14 22:40:13.272170 Foxtrot: No
2024-10-14 22:40:13.272401 Echo: No
2024-10-14 22:40:13.272524 Papa: Yes
2024-10-14 22:40:13.272703 Tango: Yes
2024-10-14 22:40:13.272834 Romeo: Yes
2024-10-14 22:40:13.272955 Quebec: No
ChatterBot Echo reevaluating
ChatterBot Romeo reevaluating
ChatterBot Romeo reevaluating
ChatterBot Echo reevaluating
ChatterBot Romeo reevaluating
ChatterBot Echo reevaluating
ChatterBot Romeo reevaluating
ChatterBot Foxtrot reevaluating
ChatterBot Echo reevaluating
ChatterBot Foxtrot reevaluating
ChatterBot Echo reevaluating
ChatterBot Romeo reevaluating
chatterbot Yankee submitting transactions
2024-10-14 22:40:13.509148 Yankee: Sending you 8
2024-10-14 22:40:13.509424 Kilo: Foxtrot and Echo, sending you 1
2024-10-14 22:40:13.513932 Kilo: Papa and Quebec, sending you 3
2024-10-14 22:40:13.515294 Hotel: Sending you 9
2024-10-14 22:40:13.516321 Quebec: Foxtrot, Kilo, Papa, Tango and Romeo, sending you 2
2024-10-14 22:40:13.516812 Zulu: Foxtrot, sending you 4
2024-10-14 22:40:13.532981 Kilo: Tango, sending you 5
2024-10-14 22:40:13.533572 Zulu: Echo and Romeo, sending you 1
2024-10-14 22:40:13.533895 Quebec: Echo, sending you 5
2024-10-14 22:40:13.540218 Kilo: Romeo, sending you 2
2024-10-14 22:40:13.540689 Foxtrot: Kilo, Papa and Quebec, sending you 1
2024-10-14 22:40:13.541094 Tango: Foxtrot, Echo and Romeo, sending you 3
2024-10-14 22:40:13.541746 Echo: Foxtrot and Romeo, sending you 3
2024-10-14 22:40:13.542038 Zulu: Papa, sending you 5
2024-10-14 22:40:13.542280 Quebec: Zulu, sending you 1
2024-10-14 22:40:13.542683 Papa: Foxtrot, Echo, Zulu, Romeo and Quebec, sending you 3
2024-10-14 22:40:13.549814 Echo: Kilo, sending you 1
2024-10-14 22:40:13.550137 Zulu: Tango, sending you 3
2024-10-14 22:40:13.550427 Foxtrot: Echo, sending you 5
2024-10-14 22:40:13.551368 Papa: Tango, sending you 1
2024-10-14 22:40:13.551720 Tango: Zulu, sending you 4
2024-10-14 22:40:13.565651 Echo: Zulu, Papa, Tango and Quebec, sending you 2
2024-10-14 22:40:13.566091 Zulu: Quebec, sending you 2
2024-10-14 22:40:13.566390 Foxtrot: Zulu, sending you 2
2024-10-14 22:40:13.567348 Tango: Papa, sending you 1
2024-10-14 22:40:13.567642 Romeo: Foxtrot and Echo, sending you 2
2024-10-14 22:40:13.570431 Echo: Hotel, sending you 4
2024-10-14 22:40:13.572786 Romeo: Zulu and Papa, sending you 4
2024-10-14 22:40:13.573095 Foxtrot: Tango and Romeo, sending you 3
2024-10-14 22:40:13.573584 Tango: Quebec, sending you 5
2024-10-14 22:40:13.580533 Romeo: Tango and Quebec, sending you 3
chatterbot Papa submitting transactions
chatterbot Hotel submitting transactions
chatterbot Echo submitting transactions
chatterbot Romeo submitting transactions
chatterbot Kilo submitting transactions
chatterbot Zulu submitting transactions
chatterbot Foxtrot submitting transactions
chatterbot Tango submitting transactions
chatterbot Quebec submitting transactions
ChatterBot Foxtrot round 3
ChatterBot Kilo round 3
ChatterBot Echo round 3
ChatterBot Yankee round 3
ChatterBot Zulu round 3
ChatterBot Papa round 3
ChatterBot Hotel round 3
ChatterBot Tango round 3
ChatterBot Romeo round 3
ChatterBot Quebec round 3
2024-10-14 22:40:15.256283 Papa: We should add Kilo
ChatterBot Tango reevaluating
ChatterBot Romeo reevaluating
2024-10-14 22:40:15.288845 Zulu: No
2024-10-14 22:40:15.289067 Foxtrot: Yes
2024-10-14 22:40:15.289685 Echo: Yes
2024-10-14 22:40:15.289858 Tango: Yes
2024-10-14 22:40:15.290023 Romeo: Yes
2024-10-14 22:40:15.290189 Quebec: Yes
ChatterBot Tango reevaluating
ChatterBot Romeo reevaluating
ChatterBot Tango reevaluating
ChatterBot Romeo reevaluating
ChatterBot Papa reevaluating
ChatterBot Tango reevaluating
ChatterBot Romeo reevaluating
ChatterBot Papa reevaluating
ChatterBot Romeo reevaluating
ChatterBot Papa reevaluating
ChatterBot Tango reevaluating
ChatterBot Papa reevaluating
ChatterBot Tango reevaluating
ChatterBot Romeo reevaluating
2024-10-14 22:40:15.615569 Echo: We should drop Hotel
ChatterBot Tango reevaluating
ChatterBot Romeo reevaluating
ChatterBot Papa reevaluating
2024-10-14 22:40:15.647222 Kilo: Yes
2024-10-14 22:40:15.647651 Tango: Yes
2024-10-14 22:40:15.648395 Romeo: Yes
2024-10-14 22:40:15.648726 Papa: Yes
2024-10-14 22:40:15.649084 Quebec: Yes
2024-10-14 22:40:15.649719 Zulu: Yes
2024-10-14 22:40:15.650067 Foxtrot: Yes
ChatterBot Tango reevaluating
ChatterBot Romeo reevaluating
ChatterBot Papa reevaluating
ChatterBot Romeo reevaluating
ChatterBot Papa reevaluating
ChatterBot Tango reevaluating
ChatterBot Papa reevaluating
ChatterBot Tango reevaluating
ChatterBot Romeo reevaluating
ChatterBot Tango reevaluating
ChatterBot Romeo reevaluating
ChatterBot Papa reevaluating
ChatterBot Tango reevaluating
ChatterBot Romeo reevaluating
ChatterBot Papa reevaluating
ChatterBot Tango reevaluating
ChatterBot Romeo reevaluating
ChatterBot Papa reevaluating
2024-10-14 22:40:15.847904 Foxtrot: Kilo, sending you 1
2024-10-14 22:40:15.849112 Hotel: Sending you 8
2024-10-14 22:40:15.849978 Yankee: Sending you 9
2024-10-14 22:40:15.850211 Kilo: Foxtrot, Echo and Papa, sending you 2
2024-10-14 22:40:15.851063 Romeo: Kilo we want you to join our group
2024-10-14 22:40:15.854856 Kilo: Yes
2024-10-14 22:40:15.878069 Papa: Kilo we want you to join our group
2024-10-14 22:40:15.882032 Kilo: Yes
2024-10-14 22:40:15.902106 Tango: Kilo we want you to join our group
2024-10-14 22:40:15.905729 Kilo: Yes
2024-10-14 22:40:15.924790 Foxtrot: Echo, Zulu and Tango, sending you 3
2024-10-14 22:40:15.926025 Kilo: Tango and Quebec, sending you 4
2024-10-14 22:40:15.926554 Quebec: Foxtrot and Zulu, sending you 1
2024-10-14 22:40:15.928675 Foxtrot: Papa, Romeo and Quebec, sending you 2
2024-10-14 22:40:15.930009 Echo: Foxtrot, sending you 4
2024-10-14 22:40:15.930559 Kilo: Romeo, sending you 1
2024-10-14 22:40:15.931090 Zulu: Foxtrot, Papa, Tango and Romeo, sending you 3
2024-10-14 22:40:15.932681 Quebec: Kilo, Papa and Romeo, sending you 2
2024-10-14 22:40:15.934665 Echo: Kilo, sending you 1
2024-10-14 22:40:15.935527 Zulu: Echo and Quebec, sending you 2
2024-10-14 22:40:15.937671 Quebec: Echo and Tango, sending you 4
2024-10-14 22:40:15.938914 Echo: Zulu, sending you 2
2024-10-14 22:40:15.940199 Tango: Foxtrot, Kilo, Echo, Zulu, Romeo and Quebec, sending you 3
2024-10-14 22:40:15.941696 Echo: Papa, Tango, Romeo and Quebec, sending you 3
2024-10-14 22:40:15.943101 Romeo: Foxtrot, Zulu, Papa, Tango and Quebec, sending you 3
2024-10-14 22:40:15.944692 Tango: Papa, sending you 1
2024-10-14 22:40:15.946671 Romeo: Kilo, sending you 1
2024-10-14 22:40:15.949662 Papa: Foxtrot, Kilo, Echo, Tango and Quebec, sending you 2
2024-10-14 22:40:15.950484 Romeo: Echo, sending you 2
chatterbot Hotel submitting transactions
2024-10-14 22:40:15.953786 Papa: Zulu and Romeo, sending you 3
chatterbot Yankee submitting transactions
chatterbot Foxtrot submitting transactions
chatterbot Echo submitting transactions
chatterbot Kilo submitting transactions
chatterbot Papa submitting transactions
chatterbot Zulu submitting transactions
chatterbot Quebec submitting transactions
chatterbot Tango submitting transactions
chatterbot Romeo submitting transactions
ChatterBot Foxtrot round 4
ChatterBot Kilo round 4
ChatterBot Echo round 4
ChatterBot Yankee round 4
ChatterBot Zulu round 4
ChatterBot Papa round 4
ChatterBot Hotel round 4
ChatterBot Tango round 4
ChatterBot Romeo round 4
2024-10-14 22:40:16.977153 Zulu: We should add Kilo
2024-10-14 22:40:17.002578 Foxtrot: Yes
2024-10-14 22:40:17.002764 Echo: Yes
2024-10-14 22:40:17.002896 Papa: Yes
2024-10-14 22:40:17.003020 Tango: Yes
2024-10-14 22:40:17.003129 Romeo: Yes
2024-10-14 22:40:17.003239 Quebec: Yes
ChatterBot Zulu reevaluating
ChatterBot Zulu reevaluating
ChatterBot Zulu reevaluating
ChatterBot Zulu reevaluating
ChatterBot Zulu reevaluating
ChatterBot Quebec round 4
2024-10-14 22:40:17.107663 Foxtrot: Kilo, sending you 1
2024-10-14 22:40:17.108782 Kilo: Foxtrot, Echo, Papa and Romeo, sending you 2
2024-10-14 22:40:17.109770 Zulu: Kilo we want you to join our group
2024-10-14 22:40:17.113834 Kilo: Yes
ChatterBot Zulu reevaluating
2024-10-14 22:40:17.134995 Foxtrot: Echo, Zulu and Tango, sending you 3
2024-10-14 22:40:17.136060 Echo: Foxtrot, Papa, Tango and Romeo, sending you 3
2024-10-14 22:40:17.136773 Kilo: Zulu, sending you 1
2024-10-14 22:40:17.138701 Foxtrot: Papa, Romeo and Quebec, sending you 2
2024-10-14 22:40:17.140119 Hotel: Same as last round
2024-10-14 22:40:17.140463 Tango: Foxtrot, Kilo, Echo, Zulu, Romeo and Quebec, sending you 3
2024-10-14 22:40:17.141247 Papa: Foxtrot, Kilo, Echo, Tango and Quebec, sending you 2
2024-10-14 22:40:17.142687 Kilo: Tango and Quebec, sending you 3
2024-10-14 22:40:17.143460 Yankee: Same as last round
2024-10-14 22:40:17.144179 Echo: Kilo, sending you 1
2024-10-14 22:40:17.145 Romeo: Foxtrot, sending you 2
2024-10-14 22:40:17.145760 Tango: Papa, sending you 1
2024-10-14 22:40:17.147683 Papa: Zulu and Romeo, sending you 3
2024-10-14 22:40:17.148780 Echo: Zulu, sending you 2
2024-10-14 22:40:17.149678 Romeo: Kilo, sending you 1
2024-10-14 22:40:17.151702 Echo: Quebec, sending you 4
2024-10-14 22:40:17.152786 Quebec: Foxtrot, Kilo, Zulu, Papa and Romeo, sending you 2
2024-10-14 22:40:17.154545 Romeo: Echo, Zulu, Papa, Tango and Quebec, sending you 3
2024-10-14 22:40:17.156685 Quebec: Echo and Tango, sending you 3
2024-10-14 22:40:17.162673 Zulu: Foxtrot, Papa, Tango and Romeo, sending you 3
2024-10-14 22:40:17.168672 Zulu: Echo and Quebec, sending you 2
chatterbot Foxtrot submitting transactions
chatterbot Kilo submitting transactions
chatterbot Tango submitting transactions
chatterbot Zulu submitting transactions
chatterbot Quebec submitting transactions
chatterbot Hotel submitting transactions
chatterbot Echo submitting transactions
chatterbot Romeo submitting transactions
chatterbot Yankee submitting transactions
chatterbot Papa submitting transactions
ChatterBot Foxtrot round 5
ChatterBot Kilo round 5
ChatterBot Echo round 5
ChatterBot Yankee round 5
ChatterBot Zulu round 5
ChatterBot Papa round 5
ChatterBot Hotel round 5
ChatterBot Tango round 5
ChatterBot Romeo round 5
ChatterBot Quebec round 5
2024-10-14 22:40:18.392268 Papa: Foxtrot, Kilo and Quebec, sending you 2
2024-10-14 22:40:18.393891 Echo: Foxtrot, Tango and Romeo, sending you 3
2024-10-14 22:40:18.396241 Zulu: Foxtrot, Papa, Tango and Romeo, sending you 3
2024-10-14 22:40:18.398964 Papa: Echo, Zulu and Romeo, sending you 3
2024-10-14 22:40:18.401130 Kilo: Foxtrot, Echo, Papa and Romeo, sending you 2
2024-10-14 22:40:18.403189 Echo: Kilo, Zulu and Papa, sending you 2
2024-10-14 22:40:18.404455 Hotel: Same as last round
2024-10-14 22:40:18.405310 Yankee: Same as last round
2024-10-14 22:40:18.406658 Tango: Foxtrot, Kilo, Echo, Zulu, Romeo and Quebec, sending you 3
2024-10-14 22:40:18.407802 Zulu: Echo and Quebec, sending you 2
2024-10-14 22:40:18.409554 Papa: Tango, sending you 1
2024-10-14 22:40:18.410557 Quebec: Foxtrot, Kilo, Zulu, Papa and Romeo, sending you 2
2024-10-14 22:40:18.411572 Echo: Quebec, sending you 4
2024-10-14 22:40:18.412839 Foxtrot: Kilo, sending you 1
2024-10-14 22:40:18.413698 Kilo: Zulu, sending you 1
2024-10-14 22:40:18.414789 Tango: Papa, sending you 1
2024-10-14 22:40:18.416307 Quebec: Echo and Tango, sending you 3
2024-10-14 22:40:18.417570 Romeo: Foxtrot, Kilo and Quebec, sending you 2
2024-10-14 22:40:18.419621 Foxtrot: Echo, Zulu and Tango, sending you 3
2024-10-14 22:40:18.421236 Kilo: Tango and Quebec, sending you 3
2024-10-14 22:40:18.423159 Romeo: Echo, Zulu, Papa and Tango, sending you 3
2024-10-14 22:40:18.424938 Foxtrot: Papa, Romeo and Quebec, sending you 2
chatterbot Foxtrot submitting transactions
chatterbot Kilo submitting transactions
chatterbot Quebec submitting transactions
chatterbot Zulu submitting transactions
chatterbot Yankee submitting transactions
chatterbot Tango submitting transactions
chatterbot Echo submitting transactions
chatterbot Romeo submitting transactions
chatterbot Hotel submitting transactions
chatterbot Papa submitting transactions
ChatterBot Foxtrot round 6
ChatterBot Kilo round 6
ChatterBot Echo round 6
ChatterBot Yankee round 6
ChatterBot Zulu round 6
ChatterBot Papa round 6
ChatterBot Hotel round 6
ChatterBot Tango round 6
ChatterBot Romeo round 6
ChatterBot Quebec round 6
2024-10-14 22:40:19.534695 Echo: Foxtrot, Papa, Tango, Romeo and Quebec, sending you 3
2024-10-14 22:40:19.535857 Papa: Foxtrot, Kilo, Echo, Tango and Quebec, sending you 2
2024-10-14 22:40:19.536902 Hotel: Same as last round
2024-10-14 22:40:19.537693 Yankee: Same as last round
2024-10-14 22:40:19.539696 Echo: Kilo and Zulu, sending you 2
2024-10-14 22:40:19.542098 Papa: Zulu and Romeo, sending you 3
2024-10-14 22:40:19.543330 Foxtrot: Kilo, sending you 1
2024-10-14 22:40:19.544445 Zulu: Foxtrot, Papa, Tango and Romeo, sending you 3
2024-10-14 22:40:19.545734 Kilo: Foxtrot, Echo, Papa and Romeo, sending you 2
2024-10-14 22:40:19.547139 Tango: Foxtrot, Kilo, Echo, Zulu, Romeo and Quebec, sending you 3
2024-10-14 22:40:19.548422 Quebec: Foxtrot, Kilo, Zulu, Papa and Romeo, sending you 2
2024-10-14 22:40:19.549264 Foxtrot: Echo, Zulu and Tango, sending you 3
2024-10-14 22:40:19.550260 Romeo: Foxtrot, Kilo and Quebec, sending you 2
2024-10-14 22:40:19.551463 Zulu: Echo and Quebec, sending you 2
2024-10-14 22:40:19.552885 Tango: Papa, sending you 1
2024-10-14 22:40:19.554170 Kilo: Zulu, sending you 1
2024-10-14 22:40:19.555148 Quebec: Echo and Tango, sending you 3
2024-10-14 22:40:19.556623 Foxtrot: Papa, Romeo and Quebec, sending you 2
2024-10-14 22:40:19.557454 Romeo: Echo, Zulu, Papa and Tango, sending you 3
2024-10-14 22:40:19.558692 Kilo: Tango and Quebec, sending you 3
chatterbot Papa submitting transactions
chatterbot Hotel submitting transactions
chatterbot Echo submitting transactions
chatterbot Romeo submitting transactions
chatterbot Kilo submitting transactions
chatterbot Tango submitting transactions
chatterbot Foxtrot submitting transactions
chatterbot Yankee submitting transactions
chatterbot Quebec submitting transactions
chatterbot Zulu submitting transactions
ChatterBot Foxtrot round 7
ChatterBot Kilo round 7
ChatterBot Echo round 7
ChatterBot Yankee round 7
ChatterBot Zulu round 7
ChatterBot Papa round 7
ChatterBot Hotel round 7
ChatterBot Tango round 7
ChatterBot Romeo round 7
ChatterBot Quebec round 7
2024-10-14 22:40:20.494677 Tango: Foxtrot, Kilo, Echo, Zulu, Romeo and Quebec, sending you 3
2024-10-14 22:40:20.496145 Kilo: Foxtrot, Echo, Papa and Romeo, sending you 2
2024-10-14 22:40:20.499667 Tango: Papa, sending you 1
2024-10-14 22:40:20.500564 Yankee: Same as last round
2024-10-14 22:40:20.500821 Kilo: Zulu, sending you 1
2024-10-14 22:40:20.501489 Foxtrot: Kilo, sending you 1
2024-10-14 22:40:20.503659 Hotel: Same as last round
2024-10-14 22:40:20.503916 Kilo: Tango and Quebec, sending you 3
2024-10-14 22:40:20.504877 Zulu: Foxtrot, Papa, Tango and Romeo, sending you 3
2024-10-14 22:40:20.506336 Echo: Foxtrot, Papa, Tango, Romeo and Quebec, sending you 3
2024-10-14 22:40:20.507211 Foxtrot: Echo, Zulu and Tango, sending you 3
2024-10-14 22:40:20.508150 Papa: Foxtrot, Kilo and Quebec, sending you 2
2024-10-14 22:40:20.509156 Zulu: Echo and Quebec, sending you 2
2024-10-14 22:40:20.510302 Romeo: Foxtrot, Kilo and Quebec, sending you 2
2024-10-14 22:40:20.511102 Echo: Kilo and Zulu, sending you 2
2024-10-14 22:40:20.511760 Quebec: Foxtrot, Kilo, Zulu, Papa and Romeo, sending you 2
2024-10-14 22:40:20.512743 Foxtrot: Papa, Romeo and Quebec, sending you 2
2024-10-14 22:40:20.514005 Papa: Echo, Zulu and Romeo, sending you 3
2024-10-14 22:40:20.514773 Romeo: Echo, Zulu, Papa and Tango, sending you 3
2024-10-14 22:40:20.515943 Quebec: Echo and Tango, sending you 3
2024-10-14 22:40:20.517664 Papa: Tango, sending you 1
chatterbot Kilo submitting transactions
chatterbot Echo submitting transactions
chatterbot Zulu submitting transactions
chatterbot Hotel submitting transactions
chatterbot Foxtrot submitting transactions
chatterbot Quebec submitting transactions
chatterbot Yankee submitting transactions
chatterbot Tango submitting transactions
chatterbot Romeo submitting transactions
chatterbot Papa submitting transactions
ChatterBot Foxtrot round 8
ChatterBot Kilo round 8
ChatterBot Echo round 8
ChatterBot Yankee round 8
ChatterBot Zulu round 8
ChatterBot Papa round 8
ChatterBot Hotel round 8
ChatterBot Tango round 8
ChatterBot Romeo round 8
ChatterBot Quebec round 8
2024-10-14 22:40:21.688679 Foxtrot: Kilo, sending you 1
2024-10-14 22:40:21.690173 Yankee: Same as last round
2024-10-14 22:40:21.691671 Echo: Foxtrot, Papa, Tango, Romeo and Quebec, sending you 3
2024-10-14 22:40:21.693049 Papa: Foxtrot, Kilo and Quebec, sending you 2
2024-10-14 22:40:21.694238 Foxtrot: Echo, Zulu and Tango, sending you 3
2024-10-14 22:40:21.695676 Echo: Kilo and Zulu, sending you 2
2024-10-14 22:40:21.696688 Papa: Echo, Zulu and Romeo, sending you 3
2024-10-14 22:40:21.697904 Zulu: Foxtrot, Papa, Tango and Romeo, sending you 3
2024-10-14 22:40:21.698766 Romeo: Foxtrot, Kilo and Quebec, sending you 2
2024-10-14 22:40:21.700105 Foxtrot: Papa, Romeo and Quebec, sending you 2
2024-10-14 22:40:21.701016 Hotel: Same as last round
2024-10-14 22:40:21.701669 Papa: Tango, sending you 1
2024-10-14 22:40:21.702442 Zulu: Echo and Quebec, sending you 2
2024-10-14 22:40:21.703303 Tango: Foxtrot, Kilo, Echo, Zulu, Romeo and Quebec, sending you 3
2024-10-14 22:40:21.704161 Kilo: Foxtrot, Echo, Papa and Romeo, sending you 2
2024-10-14 22:40:21.705327 Romeo: Echo, Zulu, Papa and Tango, sending you 3
2024-10-14 22:40:21.706223 Quebec: Foxtrot, Kilo, Zulu, Papa and Romeo, sending you 2
2024-10-14 22:40:21.707512 Tango: Papa, sending you 1
2024-10-14 22:40:21.709680 Kilo: Zulu, sending you 1
2024-10-14 22:40:21.711652 Quebec: Echo and Tango, sending you 3
2024-10-14 22:40:21.713390 Kilo: Tango and Quebec, sending you 3
chatterbot Echo submitting transactions
chatterbot Hotel submitting transactions
chatterbot Zulu submitting transactions
chatterbot Tango submitting transactions
chatterbot Kilo submitting transactions
chatterbot Papa submitting transactions
chatterbot Quebec submitting transactions
chatterbot Romeo submitting transactions
chatterbot Foxtrot submitting transactions
chatterbot Yankee submitting transactions
ChatterBot Foxtrot round 9
ChatterBot Kilo round 9
ChatterBot Echo round 9
ChatterBot Yankee round 9
ChatterBot Zulu round 9
ChatterBot Papa round 9
ChatterBot Hotel round 9
ChatterBot Tango round 9
ChatterBot Romeo round 9
ChatterBot Quebec round 9
2024-10-14 22:40:22.937693 Kilo: Foxtrot, Echo, Papa and Romeo, sending you 2
2024-10-14 22:40:22.940674 Yankee: Same as last round
2024-10-14 22:40:22.941684 Kilo: Zulu, sending you 1
2024-10-14 22:40:22.946680 Kilo: Tango and Quebec, sending you 3
2024-10-14 22:40:22.948396 Foxtrot: Kilo, sending you 1
2024-10-14 22:40:22.949916 Zulu: Foxtrot, Papa, Tango and Romeo, sending you 3
2024-10-14 22:40:22.951956 Papa: Foxtrot, Kilo and Quebec, sending you 2
2024-10-14 22:40:22.953412 Hotel: Same as last round
2024-10-14 22:40:22.954689 Foxtrot: Echo, Zulu and Tango, sending you 3
2024-10-14 22:40:22.956729 Zulu: Echo and Quebec, sending you 2
2024-10-14 22:40:22.957973 Echo: Foxtrot, Papa, Tango, Romeo and Quebec, sending you 3
2024-10-14 22:40:22.959455 Tango: Foxtrot, Kilo, Echo, Zulu, Romeo and Quebec, sending you 3
2024-10-14 22:40:22.961474 Quebec: Foxtrot, Kilo, Zulu, Papa and Romeo, sending you 2
2024-10-14 22:40:22.962932 Papa: Echo, Zulu and Romeo, sending you 3
2024-10-14 22:40:22.964095 Foxtrot: Papa, Romeo and Quebec, sending you 2
2024-10-14 22:40:22.965785 Echo: Kilo and Zulu, sending you 2
2024-10-14 22:40:22.967010 Tango: Papa, sending you 1
2024-10-14 22:40:22.968285 Quebec: Echo and Tango, sending you 3
2024-10-14 22:40:22.970437 Papa: Tango, sending you 1
2024-10-14 22:40:22.971827 Romeo: Foxtrot, Kilo and Quebec, sending you 2
2024-10-14 22:40:22.976699 Romeo: Echo, Zulu, Papa and Tango, sending you 3
chatterbot Romeo submitting transactions
chatterbot Quebec submitting transactions
chatterbot Echo submitting transactions
chatterbot Yankee submitting transactions
chatterbot Foxtrot submitting transactions
chatterbot Zulu submitting transactions
chatterbot Papa submitting transactions
chatterbot Tango submitting transactions
chatterbot Hotel submitting transactions
chatterbot Kilo submitting transactions
ChatterBot Foxtrot round 10
ChatterBot Kilo round 10
ChatterBot Echo round 10
ChatterBot Yankee round 10
ChatterBot Zulu round 10
ChatterBot Papa round 10
ChatterBot Hotel round 10
ChatterBot Tango round 10
ChatterBot Romeo round 10
ChatterBot Quebec round 10
2024-10-14 22:40:24.176139 Zulu: We should drop Kilo
2024-10-14 22:40:24.204708 Foxtrot: No
2024-10-14 22:40:24.205143 Echo: No
2024-10-14 22:40:24.205384 Papa: No
2024-10-14 22:40:24.205756 Tango: No
2024-10-14 22:40:24.206063 Romeo: No
2024-10-14 22:40:24.206807 Quebec: No
ChatterBot Zulu reevaluating
ChatterBot Zulu reevaluating
ChatterBot Zulu reevaluating
ChatterBot Zulu reevaluating
ChatterBot Zulu reevaluating
ChatterBot Zulu reevaluating
2024-10-14 22:40:24.309694 Yankee: Same as last round
2024-10-14 22:40:24.310687 Kilo: Foxtrot, Echo, Papa, Romeo and Quebec, sending you 2
2024-10-14 22:40:24.312592 Echo: Foxtrot, Papa, Tango, Romeo and Quebec, sending you 3
2024-10-14 22:40:24.313934 Foxtrot: Kilo, sending you 1
2024-10-14 22:40:24.315829 Kilo: Zulu, sending you 1
2024-10-14 22:40:24.318923 Echo: Kilo and Zulu, sending you 2
2024-10-14 22:40:24.319964 Kilo: Tango, sending you 4
2024-10-14 22:40:24.321619 Foxtrot: Echo, Zulu and Tango, sending you 3
2024-10-14 22:40:24.323133 Quebec: Foxtrot, Kilo, Zulu, Papa and Romeo, sending you 2
2024-10-14 22:40:24.325688 Papa: Foxtrot, Kilo and Quebec, sending you 2
2024-10-14 22:40:24.328216 Romeo: Foxtrot, Kilo and Quebec, sending you 2
2024-10-14 22:40:24.330597 Foxtrot: Papa, Romeo and Quebec, sending you 2
2024-10-14 22:40:24.333192 Hotel: Same as last round
2024-10-14 22:40:24.333607 Quebec: Echo and Tango, sending you 3
2024-10-14 22:40:24.335691 Tango: Foxtrot, Kilo, Echo, Zulu, Romeo and Quebec, sending you 3
2024-10-14 22:40:24.338052 Papa: Echo, Zulu and Romeo, sending you 3
2024-10-14 22:40:24.340118 Romeo: Echo, Zulu, Papa and Tango, sending you 3
2024-10-14 22:40:24.342691 Tango: Papa, sending you 1
2024-10-14 22:40:24.344886 Papa: Tango, sending you 1
2024-10-14 22:40:24.347197 Zulu: Foxtrot, Papa, Tango and Romeo, sending you 3
2024-10-14 22:40:24.351679 Zulu: Echo and Quebec, sending you 2
chatterbot Echo submitting transactions
chatterbot Kilo submitting transactions
chatterbot Foxtrot submitting transactions
chatterbot Tango submitting transactions
chatterbot Quebec submitting transactions
chatterbot Papa submitting transactions
chatterbot Zulu submitting transactions
chatterbot Hotel submitting transactions
chatterbot Romeo submitting transactions
chatterbot Yankee submitting transactions
ChatterBot Foxtrot round 11
ChatterBot Kilo round 11
ChatterBot Echo round 11
ChatterBot Yankee round 11
ChatterBot Zulu round 11
ChatterBot Papa round 11
ChatterBot Hotel round 11
ChatterBot Tango round 11
ChatterBot Romeo round 11
ChatterBot Quebec round 11
2024-10-14 22:40:25.390661 Kilo: Foxtrot, Echo, Papa, Romeo and Quebec, sending you 2
2024-10-14 22:40:25.393923 Papa: Foxtrot, Kilo and Quebec, sending you 2
2024-10-14 22:40:25.397313 Kilo: Zulu, sending you 1
2024-10-14 22:40:25.400682 Papa: Echo, Zulu and Romeo, sending you 3
2024-10-14 22:40:25.403609 Zulu: Foxtrot, Papa, Tango and Romeo, sending you 3
2024-10-14 22:40:25.405981 Echo: Foxtrot, Papa, Tango, Romeo and Quebec, sending you 3
2024-10-14 22:40:25.408116 Kilo: Tango, sending you 4
2024-10-14 22:40:25.410123 Hotel: Sending you 7
2024-10-14 22:40:25.410440 Tango: Foxtrot, Kilo, Echo, Zulu, Romeo and Quebec, sending you 3
2024-10-14 22:40:25.413250 Papa: Tango, sending you 1
2024-10-14 22:40:25.414861 Zulu: Echo and Quebec, sending you 2
2024-10-14 22:40:25.417111 Echo: Kilo and Zulu, sending you 2
2024-10-14 22:40:25.419505 Yankee: Same as last round
2024-10-14 22:40:25.420241 Romeo: Foxtrot, Kilo and Quebec, sending you 2
2024-10-14 22:40:25.422769 Tango: Papa, sending you 1
2024-10-14 22:40:25.424838 Foxtrot: Kilo, sending you 1
2024-10-14 22:40:25.427255 Quebec: Foxtrot, Kilo, Zulu, Papa and Romeo, sending you 2
2024-10-14 22:40:25.429860 Romeo: Echo, Zulu, Papa and Tango, sending you 3
2024-10-14 22:40:25.431841 Foxtrot: Echo, Zulu and Tango, sending you 3
2024-10-14 22:40:25.434117 Quebec: Echo and Tango, sending you 3
2024-10-14 22:40:25.439225 Foxtrot: Papa, Romeo and Quebec, sending you 2
chatterbot Hotel submitting transactions
chatterbot Zulu submitting transactions
chatterbot Yankee submitting transactions
chatterbot Papa submitting transactions
chatterbot Tango submitting transactions
chatterbot Foxtrot submitting transactions
chatterbot Kilo submitting transactions
chatterbot Quebec submitting transactions
chatterbot Romeo submitting transactions
chatterbot Echo submitting transactions
ChatterBot Foxtrot round 12
ChatterBot Kilo round 12
ChatterBot Echo round 12
ChatterBot Yankee round 12
ChatterBot Zulu round 12
ChatterBot Papa round 12
ChatterBot Hotel round 12
ChatterBot Tango round 12
ChatterBot Romeo round 12
ChatterBot Quebec round 12
2024-10-14 22:40:26.661995 Zulu: Foxtrot, Papa, Tango and Romeo, sending you 3
2024-10-14 22:40:26.664794 Echo: Foxtrot, Papa, Tango, Romeo and Quebec, sending you 3
2024-10-14 22:40:26.667413 Quebec: Foxtrot, Kilo, Zulu, Papa and Romeo, sending you 2
2024-10-14 22:40:26.669880 Foxtrot: Kilo, sending you 1
2024-10-14 22:40:26.672608 Kilo: Foxtrot, Echo, Papa and Romeo, sending you 2
2024-10-14 22:40:26.674706 Zulu: Echo and Quebec, sending you 2
2024-10-14 22:40:26.676518 Echo: Kilo and Zulu, sending you 2
2024-10-14 22:40:26.678811 Quebec: Echo and Tango, sending you 3
2024-10-14 22:40:26.681111 Papa: Foxtrot, Kilo and Quebec, sending you 2
2024-10-14 22:40:26.683443 Foxtrot: Echo, Zulu and Tango, sending you 3
2024-10-14 22:40:26.685718 Romeo: Foxtrot, Kilo and Quebec, sending you 2
2024-10-14 22:40:26.687897 Kilo: Tango, sending you 4
2024-10-14 22:40:26.689708 Yankee: Same as last round
2024-10-14 22:40:26.689968 Hotel: Same as last round
2024-10-14 22:40:26.690242 Papa: Echo, Zulu and Romeo, sending you 3
2024-10-14 22:40:26.691360 Foxtrot: Papa, Romeo and Quebec, sending you 2
2024-10-14 22:40:26.693102 Romeo: Echo, Zulu, Papa and Tango, sending you 3
2024-10-14 22:40:26.694992 Tango: Foxtrot, Kilo, Echo, Zulu, Romeo and Quebec, sending you 3
2024-10-14 22:40:26.696660 Kilo: Quebec, sending you 3
2024-10-14 22:40:26.699042 Papa: Tango, sending you 1
2024-10-14 22:40:26.700693 Tango: Papa, sending you 1
chatterbot Kilo submitting transactions
chatterbot Romeo submitting transactions
chatterbot Zulu submitting transactions
chatterbot Yankee submitting transactions
chatterbot Hotel submitting transactions
chatterbot Echo submitting transactions
chatterbot Foxtrot submitting transactions
chatterbot Tango submitting transactions
chatterbot Quebec submitting transactions
chatterbot Papa submitting transactions
ChatterBot Foxtrot round 13
ChatterBot Kilo round 13
ChatterBot Echo round 13
ChatterBot Yankee round 13
ChatterBot Zulu round 13
ChatterBot Papa round 13
ChatterBot Hotel round 13
ChatterBot Tango round 13
ChatterBot Romeo round 13
ChatterBot Quebec round 13
2024-10-14 22:40:27.813684 Kilo: Foxtrot, Echo, Papa and Romeo, sending you 2
2024-10-14 22:40:27.818660 Kilo: Tango, sending you 4
2024-10-14 22:40:27.821667 Hotel: Same as last round
2024-10-14 22:40:27.823676 Kilo: Quebec, sending you 3
2024-10-14 22:40:27.825835 Yankee: Sending you 10
2024-10-14 22:40:27.826179 Tango: Foxtrot, Kilo, Echo, Zulu, Romeo and Quebec, sending you 3
2024-10-14 22:40:27.828049 Zulu: Foxtrot, Papa, Tango and Romeo, sending you 3
2024-10-14 22:40:27.829283 Foxtrot: Kilo, sending you 1
2024-10-14 22:40:27.831665 Tango: Papa, sending you 1
2024-10-14 22:40:27.833488 Echo: Foxtrot, Papa, Tango, Romeo and Quebec, sending you 3
2024-10-14 22:40:27.835142 Zulu: Echo and Quebec, sending you 2
2024-10-14 22:40:27.836491 Papa: Foxtrot, Kilo and Quebec, sending you 2
2024-10-14 22:40:27.838221 Foxtrot: Echo, Zulu and Tango, sending you 3
2024-10-14 22:40:27.839504 Romeo: Foxtrot, Kilo and Quebec, sending you 2
2024-10-14 22:40:27.841530 Echo: Kilo and Zulu, sending you 2
2024-10-14 22:40:27.842774 Quebec: Foxtrot, Kilo, Zulu, Papa and Romeo, sending you 2
2024-10-14 22:40:27.844775 Papa: Echo, Zulu and Romeo, sending you 3
2024-10-14 22:40:27.846237 Foxtrot: Papa, Romeo and Quebec, sending you 2
2024-10-14 22:40:27.848202 Romeo: Echo, Zulu, Papa and Tango, sending you 3
2024-10-14 22:40:27.850969 Quebec: Echo and Tango, sending you 3
2024-10-14 22:40:27.853987 Papa: Tango, sending you 1
chatterbot Kilo submitting transactions
chatterbot Quebec submitting transactions
chatterbot Echo submitting transactions
chatterbot Papa submitting transactions
chatterbot Hotel submitting transactions
chatterbot Foxtrot submitting transactions
chatterbot Yankee submitting transactions
chatterbot Tango submitting transactions
chatterbot Zulu submitting transactions
chatterbot Romeo submitting transactions
ChatterBot Foxtrot round 14
ChatterBot Kilo round 14
