ChatterBot Golf round 1
ChatterBot Uniform round 1
ChatterBot Victor round 1
ChatterBot Lima round 1
ChatterBot Whiskey round 1
ChatterBot Delta round 1
ChatterBot India round 1
ChatterBot Juliett round 1
ChatterBot Foxtrot round 1
ChatterBot Oscar round 1
randomSelections Golf: {Golf, Foxtrot, Juliett, Victor, Uniform, India} 
2024-10-14 22:40:10.391221 Golf: Group up?
ChatterBot Foxtrot reevaluating
ChatterBot Juliett reevaluating
ChatterBot Victor reevaluating
ChatterBot Uniform reevaluating
ChatterBot India reevaluating
2024-10-14 22:40:10.402537 Foxtrot: Yes
2024-10-14 22:40:10.403164 Juliett: Yes
2024-10-14 22:40:10.403277 Victor: Yes
2024-10-14 22:40:10.403368 Uniform: Yes
2024-10-14 22:40:10.403468 India: Yes
ChatterBot Juliett reevaluating
ChatterBot Victor reevaluating
ChatterBot Uniform reevaluating
ChatterBot India reevaluating
ChatterBot Foxtrot reevaluating
ChatterBot Victor reevaluating
ChatterBot Uniform reevaluating
ChatterBot India reevaluating
ChatterBot Foxtrot reevaluating
ChatterBot Juliett reevaluating
ChatterBot Uniform reevaluating
ChatterBot India reevaluating
ChatterBot Foxtrot reevaluating
ChatterBot Juliett reevaluating
ChatterBot Victor reevaluating
ChatterBot India reevaluating
ChatterBot Foxtrot reevaluating
ChatterBot Juliett reevaluating
ChatterBot Victor reevaluating
ChatterBot Uniform reevaluating
randomSelections Oscar: {Oscar, Whiskey, Juliett, Lima, Uniform, Golf, Foxtrot} 
2024-10-14 22:40:10.461808 Oscar: Friends?
ChatterBot Whiskey reevaluating
ChatterBot Juliett reevaluating
ChatterBot Lima reevaluating
ChatterBot Uniform reevaluating
ChatterBot Foxtrot reevaluating
2024-10-14 22:40:10.553096 Whiskey: Yes
2024-10-14 22:40:10.553352 Juliett: No
2024-10-14 22:40:10.553538 Lima: Yes
2024-10-14 22:40:10.553757 Uniform: No
2024-10-14 22:40:10.553942 Golf: No
2024-10-14 22:40:10.556111 Foxtrot: No
ChatterBot Juliett reevaluating
ChatterBot Lima reevaluating
ChatterBot Uniform reevaluating
ChatterBot Foxtrot reevaluating
ChatterBot Whiskey reevaluating
ChatterBot Lima reevaluating
ChatterBot Uniform reevaluating
ChatterBot Foxtrot reevaluating
ChatterBot Whiskey reevaluating
ChatterBot Juliett reevaluating
ChatterBot Uniform reevaluating
ChatterBot Foxtrot reevaluating
ChatterBot Whiskey reevaluating
ChatterBot Juliett reevaluating
ChatterBot Lima reevaluating
ChatterBot Foxtrot reevaluating
ChatterBot Whiskey reevaluating
ChatterBot Juliett reevaluating
ChatterBot Lima reevaluating
ChatterBot Uniform reevaluating
ChatterBot Foxtrot reevaluating
ChatterBot Whiskey reevaluating
ChatterBot Juliett reevaluating
ChatterBot Lima reevaluating
ChatterBot Uniform reevaluating
randomSelections Delta: {Delta, India, Victor, Oscar, Uniform, Foxtrot, Juliett} 
2024-10-14 22:40:10.663998 Delta: Friends?
ChatterBot India reevaluating
ChatterBot Victor reevaluating
ChatterBot Uniform reevaluating
ChatterBot Foxtrot reevaluating
ChatterBot Juliett reevaluating
2024-10-14 22:40:10.672683 India: No
2024-10-14 22:40:10.673014 Victor: No
2024-10-14 22:40:10.673255 Oscar: No
2024-10-14 22:40:10.673932 Uniform: No
2024-10-14 22:40:10.674180 Foxtrot: No
2024-10-14 22:40:10.674442 Juliett: No
ChatterBot Victor reevaluating
ChatterBot Uniform reevaluating
ChatterBot Foxtrot reevaluating
ChatterBot Juliett reevaluating
ChatterBot India reevaluating
ChatterBot Uniform reevaluating
ChatterBot Foxtrot reevaluating
ChatterBot Juliett reevaluating
ChatterBot India reevaluating
ChatterBot Victor reevaluating
ChatterBot Uniform reevaluating
ChatterBot Foxtrot reevaluating
ChatterBot Juliett reevaluating
ChatterBot India reevaluating
ChatterBot Victor reevaluating
ChatterBot Foxtrot reevaluating
ChatterBot Juliett reevaluating
ChatterBot India reevaluating
ChatterBot Victor reevaluating
ChatterBot Uniform reevaluating
ChatterBot Juliett reevaluating
ChatterBot India reevaluating
ChatterBot Victor reevaluating
ChatterBot Uniform reevaluating
ChatterBot Foxtrot reevaluating
2024-10-14 22:40:10.771799 Foxtrot: Golf, sending you 1
2024-10-14 22:40:10.772347 Golf: India, sending you 1
2024-10-14 22:40:10.773226 Delta: Uniform, sending you 4
2024-10-14 22:40:10.773609 Oscar: Golf, sending you 5
2024-10-14 22:40:10.774690 Foxtrot: Uniform, sending you 2
2024-10-14 22:40:10.779074 Delta: Victor, sending you 2
2024-10-14 22:40:10.780248 Juliett: Golf and Foxtrot, sending you 2
2024-10-14 22:40:10.780641 India: Golf, sending you 3
2024-10-14 22:40:10.780975 Oscar: Uniform, sending you 1
2024-10-14 22:40:10.781907 Whiskey: Golf, Lima and Oscar, sending you 2
2024-10-14 22:40:10.782345 Victor: Golf, sending you 4
2024-10-14 22:40:10.783389 Uniform: Golf, sending you 4
2024-10-14 22:40:10.784375 Foxtrot: Victor and India, sending you 4
2024-10-14 22:40:10.786223 Delta: Juliett, sending you 3
2024-10-14 22:40:10.787360 Juliett: Uniform and India, sending you 4
2024-10-14 22:40:10.788012 India: Uniform and Juliett, sending you 1
2024-10-14 22:40:10.788623 Whiskey: Uniform, sending you 4
2024-10-14 22:40:10.789906 Victor: Uniform, sending you 5
2024-10-14 22:40:10.790608 Oscar: Lima and Foxtrot, sending you 4
2024-10-14 22:40:10.792094 Uniform: Victor and Juliett, sending you 3
2024-10-14 22:40:10.792589 Foxtrot: Juliett, sending you 6
2024-10-14 22:40:10.793763 Delta: Oscar, sending you 1
2024-10-14 22:40:10.794380 Juliett: Victor, sending you 3
2024-10-14 22:40:10.795687 India: Victor and Foxtrot, sending you 2
2024-10-14 22:40:10.796256 Victor: India and Foxtrot, sending you 3
2024-10-14 22:40:10.796797 Whiskey: Juliett, sending you 1
2024-10-14 22:40:10.798059 Uniform: India and Foxtrot, sending you 1
2024-10-14 22:40:10.798538 Oscar: Whiskey and Juliett, sending you 2
2024-10-14 22:40:10.801805 Whiskey: Foxtrot, sending you 5
chatterbot Oscar submitting transactions
chatterbot Golf submitting transactions
chatterbot Delta submitting transactions
chatterbot Victor submitting transactions
chatterbot Juliett submitting transactions
chatterbot Lima submitting transactions
chatterbot Foxtrot submitting transactions
chatterbot Uniform submitting transactions
chatterbot Whiskey submitting transactions
chatterbot India submitting transactions
ChatterBot Golf round 2
ChatterBot Uniform round 2
ChatterBot Victor round 2
ChatterBot Lima round 2
ChatterBot Whiskey round 2
ChatterBot Delta round 2
ChatterBot India round 2
ChatterBot Juliett round 2
ChatterBot Foxtrot round 2
ChatterBot Oscar round 2
2024-10-14 22:40:12.280732 Victor: We should replace Golf with Delta
ChatterBot Uniform reevaluating
ChatterBot India reevaluating
ChatterBot Juliett reevaluating
ChatterBot Foxtrot reevaluating
2024-10-14 22:40:12.317987 Uniform: No
2024-10-14 22:40:12.318231 India: Yes
2024-10-14 22:40:12.318417 Juliett: Yes
2024-10-14 22:40:12.318984 Foxtrot: No
ChatterBot India reevaluating
ChatterBot Juliett reevaluating
ChatterBot Foxtrot reevaluating
ChatterBot Uniform reevaluating
ChatterBot Juliett reevaluating
ChatterBot Foxtrot reevaluating
ChatterBot Uniform reevaluating
ChatterBot India reevaluating
ChatterBot Foxtrot reevaluating
ChatterBot Uniform reevaluating
ChatterBot India reevaluating
ChatterBot Juliett reevaluating
2024-10-14 22:40:12.465101 Foxtrot: We should add Whiskey and Oscar
ChatterBot Golf reevaluating
ChatterBot Juliett reevaluating
ChatterBot Uniform reevaluating
ChatterBot India reevaluating
2024-10-14 22:40:12.508736 Golf: Yes
2024-10-14 22:40:12.508957 Juliett: No
2024-10-14 22:40:12.509691 Victor: No
2024-10-14 22:40:12.509870 Uniform: No
2024-10-14 22:40:12.510042 India: No
ChatterBot Foxtrot reevaluating
ChatterBot Juliett reevaluating
ChatterBot Uniform reevaluating
ChatterBot India reevaluating
ChatterBot Golf reevaluating
ChatterBot Foxtrot reevaluating
ChatterBot Uniform reevaluating
ChatterBot India reevaluating
ChatterBot Golf reevaluating
ChatterBot Foxtrot reevaluating
ChatterBot Juliett reevaluating
ChatterBot Uniform reevaluating
ChatterBot India reevaluating
ChatterBot Golf reevaluating
ChatterBot Foxtrot reevaluating
ChatterBot Juliett reevaluating
ChatterBot India reevaluating
ChatterBot Golf reevaluating
ChatterBot Foxtrot reevaluating
ChatterBot Juliett reevaluating
ChatterBot Uniform reevaluating
2024-10-14 22:40:12.873950 Oscar: Can we be friends?
ChatterBot Golf reevaluating
ChatterBot Whiskey reevaluating
ChatterBot Lima reevaluating
2024-10-14 22:40:12.902394 Golf: No
2024-10-14 22:40:12.902716 Whiskey: Yes
2024-10-14 22:40:12.903156 Lima: Yes
ChatterBot Whiskey reevaluating
ChatterBot Lima reevaluating
ChatterBot Oscar reevaluating
ChatterBot Golf reevaluating
ChatterBot Lima reevaluating
ChatterBot Oscar reevaluating
ChatterBot Golf reevaluating
ChatterBot Whiskey reevaluating
2024-10-14 22:40:12.956773 Whiskey: We would work well together
ChatterBot Oscar reevaluating
ChatterBot Golf reevaluating
ChatterBot Lima reevaluating
2024-10-14 22:40:12.986472 Oscar: Yes
2024-10-14 22:40:12.986770 Golf: No
2024-10-14 22:40:12.987653 Lima: Yes
ChatterBot Golf reevaluating
ChatterBot Whiskey reevaluating
ChatterBot Lima reevaluating
ChatterBot Oscar reevaluating
ChatterBot Whiskey reevaluating
ChatterBot Lima reevaluating
ChatterBot Oscar reevaluating
ChatterBot Golf reevaluating
ChatterBot Whiskey reevaluating
2024-10-14 22:40:13.144058 Victor: Delta we want you to join our group
2024-10-14 22:40:13.153222 Delta: No
ChatterBot Uniform reevaluating
ChatterBot India reevaluating
ChatterBot Juliett reevaluating
ChatterBot Foxtrot reevaluating
2024-10-14 22:40:13.232119 India: Delta we want you to join our group
2024-10-14 22:40:13.237428 Delta: No
ChatterBot Uniform reevaluating
ChatterBot India reevaluating
ChatterBot Juliett reevaluating
2024-10-14 22:40:13.265202 Foxtrot: Whiskey and Oscar we want you to join our group
ChatterBot Oscar reevaluating
2024-10-14 22:40:13.275841 Whiskey: No
2024-10-14 22:40:13.276458 Oscar: No
ChatterBot Uniform reevaluating
ChatterBot Golf reevaluating
ChatterBot Oscar reevaluating
ChatterBot Uniform reevaluating
ChatterBot Golf reevaluating
2024-10-14 22:40:13.348976 Juliett: Delta we want you to join our group
2024-10-14 22:40:13.354296 Delta: No
2024-10-14 22:40:13.397143 Lima: Golf, sending you 1
2024-10-14 22:40:13.397573 Victor: Uniform and Juliett, sending you 4
2024-10-14 22:40:13.397904 Whiskey: Golf and Lima, sending you 2
2024-10-14 22:40:13.399109 Uniform: We should drop Golf and India
2024-10-14 22:40:13.420724 Victor: No
2024-10-14 22:40:13.420920 Juliett: No
2024-10-14 22:40:13.421147 Foxtrot: No
2024-10-14 22:40:13.496719 Lima: Whiskey and Oscar, sending you 3
2024-10-14 22:40:13.497092 Victor: Delta and India, sending you 3
2024-10-14 22:40:13.497508 Whiskey: Oscar, sending you 12
2024-10-14 22:40:13.511578 Foxtrot: Golf, sending you 1
2024-10-14 22:40:13.511965 Victor: Foxtrot, sending you 5
2024-10-14 22:40:13.512246 India: Uniform and Delta, sending you 1
2024-10-14 22:40:13.513015 Oscar: Golf, sending you 3
2024-10-14 22:40:13.514843 Golf: Uniform, sending you 1
2024-10-14 22:40:13.516031 Juliett: Uniform and Delta, sending you 3
2024-10-14 22:40:13.518126 Foxtrot: Uniform, India and Juliett, sending you 2
2024-10-14 22:40:13.518432 India: Victor and Foxtrot, sending you 2
2024-10-14 22:40:13.519169 Oscar: Whiskey, sending you 7
2024-10-14 22:40:13.519390 Uniform: Sending you each 5
2024-10-14 22:40:13.535135 Juliett: Victor, sending you 1
2024-10-14 22:40:13.536 Foxtrot: Victor, sending you 3
2024-10-14 22:40:13.536306 Oscar: Delta, sending you 6
2024-10-14 22:40:13.536495 India: Juliett, sending you 3
2024-10-14 22:40:13.547418 Foxtrot: Whiskey, sending you 5
2024-10-14 22:40:13.548329 Juliett: India, sending you 2
2024-10-14 22:40:13.564196 Juliett: Foxtrot, sending you 6
2024-10-14 22:40:13.564652 Foxtrot: Oscar, sending you 4
chatterbot India submitting transactions
chatterbot Lima submitting transactions
chatterbot Whiskey submitting transactions
chatterbot Golf submitting transactions
chatterbot Victor submitting transactions
chatterbot Delta submitting transactions
chatterbot Foxtrot submitting transactions
chatterbot Oscar submitting transactions
chatterbot Juliett submitting transactions
chatterbot Uniform submitting transactions
ChatterBot Golf round 3
ChatterBot Uniform round 3
ChatterBot Victor round 3
ChatterBot Lima round 3
ChatterBot Whiskey round 3
ChatterBot Delta round 3
ChatterBot India round 3
ChatterBot Juliett round 3
ChatterBot Foxtrot round 3
ChatterBot Oscar round 3
2024-10-14 22:40:14.857895 Lima: We should drop Golf
2024-10-14 22:40:14.871927 Whiskey: Yes
2024-10-14 22:40:14.872265 Oscar: Yes
2024-10-14 22:40:14.930314 Victor: Uniform and Foxtrot, sending you 5
2024-10-14 22:40:14.930936 Oscar: Lima, sending you 6
2024-10-14 22:40:14.931290 Juliett: Uniform and Foxtrot, sending you 4
2024-10-14 22:40:14.932187 Delta: Victor and Juliett, sending you 3
2024-10-14 22:40:14.932496 India: Uniform and Delta, sending you 1
2024-10-14 22:40:14.962860 Victor: Delta, sending you 2
2024-10-14 22:40:14.963986 Oscar: Whiskey, sending you 7
2024-10-14 22:40:14.964237 Delta: India and Foxtrot, sending you 2
2024-10-14 22:40:14.964574 Juliett: Victor and India, sending you 3
2024-10-14 22:40:14.964859 India: Victor, sending you 3
2024-10-14 22:40:14.965726 Lima: Sending you each 4
2024-10-14 22:40:14.965933 Uniform: Victor and Foxtrot, sending you 5
2024-10-14 22:40:14.966153 Foxtrot: Uniform, sending you 4
2024-10-14 22:40:14.966401 Golf: Uniform, sending you 1
2024-10-14 22:40:14.989625 Victor: India and Juliett, sending you 3
2024-10-14 22:40:14.990184 Juliett: Delta, sending you 1
2024-10-14 22:40:14.991040 India: Juliett and Foxtrot, sending you 2
2024-10-14 22:40:14.991323 Uniform: Juliett, sending you 6
2024-10-14 22:40:14.991570 Whiskey: Lima, sending you 6
2024-10-14 22:40:14.991823 Foxtrot: Victor, sending you 5
2024-10-14 22:40:15.020140 Whiskey: Oscar, sending you 10
2024-10-14 22:40:15.020488 Foxtrot: Delta, sending you 1
2024-10-14 22:40:15.036089 Foxtrot: India, sending you 3
2024-10-14 22:40:15.068283 Foxtrot: Juliett, sending you 6
chatterbot India submitting transactions
chatterbot Delta submitting transactions
chatterbot Oscar submitting transactions
chatterbot Victor submitting transactions
chatterbot Whiskey submitting transactions
chatterbot Foxtrot submitting transactions
chatterbot Juliett submitting transactions
chatterbot Golf submitting transactions
chatterbot Uniform submitting transactions
chatterbot Lima submitting transactions
ChatterBot Golf round 4
ChatterBot Uniform round 4
ChatterBot Victor round 4
ChatterBot Lima round 4
2024-10-14 22:40:16.042583 Golf: We should add Delta
ChatterBot Uniform reevaluating
2024-10-14 22:40:16.073738 Foxtrot: Yes
2024-10-14 22:40:16.073981 Juliett: Yes
2024-10-14 22:40:16.074187 Victor: Yes
2024-10-14 22:40:16.074377 Uniform: No
2024-10-14 22:40:16.074576 India: Yes
ChatterBot Uniform reevaluating
ChatterBot Uniform reevaluating
ChatterBot Uniform reevaluating
ChatterBot Uniform reevaluating
2024-10-14 22:40:16.200891 Uniform: We should add India
2024-10-14 22:40:16.218470 Victor: Yes
2024-10-14 22:40:16.218662 Juliett: Yes
2024-10-14 22:40:16.218854 Foxtrot: Yes
ChatterBot Uniform reevaluating
ChatterBot Uniform reevaluating
ChatterBot Uniform reevaluating
ChatterBot Whiskey round 4
ChatterBot Delta round 4
ChatterBot India round 4
ChatterBot Juliett round 4
ChatterBot Foxtrot round 4
ChatterBot Oscar round 4
2024-10-14 22:40:16.287247 Golf: Delta we want you to join our group
ChatterBot Delta reevaluating
2024-10-14 22:40:16.293444 Delta: No
ChatterBot Uniform reevaluating
ChatterBot India reevaluating
ChatterBot Juliett reevaluating
ChatterBot Foxtrot reevaluating
2024-10-14 22:40:16.346648 Uniform: India we want you to join our group
2024-10-14 22:40:16.349687 India: Yes
2024-10-14 22:40:16.362674 Victor: Uniform and Foxtrot, sending you 5
2024-10-14 22:40:16.366691 Victor: Delta, India and Juliett, sending you 3
2024-10-14 22:40:16.367697 Golf: Uniform, sending you 1
2024-10-14 22:40:16.368193 Lima: Same as last round
2024-10-14 22:40:16.373710 Foxtrot: Uniform, Victor and Juliett, sending you 5
2024-10-14 22:40:16.377680 Uniform: Victor and Foxtrot, sending you 5
2024-10-14 22:40:16.378647 Foxtrot: Delta, sending you 1
2024-10-14 22:40:16.381007 Whiskey: Lima, sending you 6
2024-10-14 22:40:16.381673 Delta: Victor and Juliett, sending you 3
2024-10-14 22:40:16.382184 Foxtrot: India, sending you 3
2024-10-14 22:40:16.383655 Uniform: India, sending you 3
2024-10-14 22:40:16.384035 India: Uniform and Delta, sending you 1
2024-10-14 22:40:16.384397 Whiskey: Oscar, sending you 10
2024-10-14 22:40:16.384672 Juliett: Uniform and Foxtrot, sending you 4
2024-10-14 22:40:16.386679 Delta: India and Foxtrot, sending you 2
2024-10-14 22:40:16.387091 Oscar: Lima, sending you 7
2024-10-14 22:40:16.387320 Uniform: Juliett, sending you 6
2024-10-14 22:40:16.387667 India: Victor and Juliett, sending you 2
2024-10-14 22:40:16.389681 Juliett: Victor, sending you 3
2024-10-14 22:40:16.391663 Oscar: Whiskey, sending you 6
2024-10-14 22:40:16.391977 India: Foxtrot, sending you 3
2024-10-14 22:40:16.394671 Juliett: Delta and India, sending you 2
chatterbot Victor submitting transactions
chatterbot India submitting transactions
chatterbot Lima submitting transactions
chatterbot Foxtrot submitting transactions
chatterbot Whiskey submitting transactions
chatterbot Juliett submitting transactions
chatterbot Golf submitting transactions
chatterbot Uniform submitting transactions
chatterbot Oscar submitting transactions
chatterbot Delta submitting transactions
ChatterBot Golf round 5
ChatterBot Uniform round 5
ChatterBot Victor round 5
ChatterBot Lima round 5
ChatterBot Whiskey round 5
ChatterBot Delta round 5
ChatterBot India round 5
ChatterBot Juliett round 5
ChatterBot Foxtrot round 5
ChatterBot Oscar round 5
2024-10-14 22:40:17.496677 Golf: Uniform, sending you 1
2024-10-14 22:40:17.497935 Uniform: Victor and Juliett, sending you 6
2024-10-14 22:40:17.501302 Uniform: India, sending you 3
2024-10-14 22:40:17.502690 India: Uniform and Delta, sending you 1
2024-10-14 22:40:17.504977 Uniform: Foxtrot, sending you 5
2024-10-14 22:40:17.506666 Foxtrot: Uniform and Victor, sending you 5
2024-10-14 22:40:17.507233 Delta: Victor and Juliett, sending you 3
2024-10-14 22:40:17.508400 Victor: Uniform and Foxtrot, sending you 5
2024-10-14 22:40:17.508893 India: Victor and Juliett, sending you 2
2024-10-14 22:40:17.509711 Foxtrot: Delta, sending you 2
2024-10-14 22:40:17.510699 Delta: India and Foxtrot, sending you 2
2024-10-14 22:40:17.512701 India: Foxtrot, sending you 3
2024-10-14 22:40:17.513665 Foxtrot: India, sending you 3
2024-10-14 22:40:17.514417 Victor: Delta, India and Juliett, sending you 3
2024-10-14 22:40:17.515945 Lima: Whiskey, sending you 3
2024-10-14 22:40:17.516393 Juliett: Uniform and Foxtrot, sending you 4
2024-10-14 22:40:17.517183 Foxtrot: Juliett, sending you 4
2024-10-14 22:40:17.518694 Whiskey: Lima, sending you 7
2024-10-14 22:40:17.519875 Oscar: Lima, sending you 7
2024-10-14 22:40:17.520696 Lima: Oscar, sending you 4
2024-10-14 22:40:17.521703 Juliett: Victor, sending you 3
2024-10-14 22:40:17.523472 Whiskey: Oscar, sending you 9
2024-10-14 22:40:17.524677 Oscar: Whiskey, sending you 6
2024-10-14 22:40:17.527695 Juliett: Delta and India, sending you 2
chatterbot Uniform submitting transactions
chatterbot Golf submitting transactions
chatterbot Foxtrot submitting transactions
chatterbot India submitting transactions
chatterbot Victor submitting transactions
chatterbot Lima submitting transactions
chatterbot Juliett submitting transactions
chatterbot Delta submitting transactions
chatterbot Oscar submitting transactions
chatterbot Whiskey submitting transactions
ChatterBot Golf round 6
ChatterBot Uniform round 6
ChatterBot Victor round 6
ChatterBot Lima round 6
ChatterBot Whiskey round 6
ChatterBot Delta round 6
ChatterBot India round 6
ChatterBot Juliett round 6
ChatterBot Foxtrot round 6
ChatterBot Oscar round 6
2024-10-14 22:40:18.788881 Foxtrot: We should add Golf
2024-10-14 22:40:18.810857 Victor: No
2024-10-14 22:40:18.811060 Uniform: No
2024-10-14 22:40:18.811230 India: No
2024-10-14 22:40:18.811391 Juliett: No
2024-10-14 22:40:18.811551 Delta: No
ChatterBot Foxtrot reevaluating
ChatterBot Foxtrot reevaluating
ChatterBot Foxtrot reevaluating
ChatterBot Foxtrot reevaluating
2024-10-14 22:40:18.918669 Uniform: Victor, sending you 6
2024-10-14 22:40:18.919648 Lima: Whiskey, sending you 3
2024-10-14 22:40:18.923865 Uniform: India, sending you 3
2024-10-14 22:40:18.924381 Lima: Oscar, sending you 4
2024-10-14 22:40:18.925652 Whiskey: Lima, sending you 7
2024-10-14 22:40:18.928679 Uniform: Juliett and Foxtrot, sending you 5
2024-10-14 22:40:18.929183 Whiskey: Oscar, sending you 9
2024-10-14 22:40:18.931671 Delta: Victor and Juliett, sending you 3
2024-10-14 22:40:18.932922 Juliett: Uniform and Foxtrot, sending you 4
2024-10-14 22:40:18.934668 India: Uniform, Victor, Juliett and Foxtrot, sending you 2
2024-10-14 22:40:18.935321 Golf: Uniform, sending you 1
2024-10-14 22:40:18.935699 Delta: India and Foxtrot, sending you 2
2024-10-14 22:40:18.936681 Victor: Uniform and Foxtrot, sending you 5
2024-10-14 22:40:18.937110 Juliett: Victor, sending you 3
2024-10-14 22:40:18.939676 India: Delta, sending you 1
2024-10-14 22:40:18.940170 Foxtrot: Uniform and Victor, sending you 5
2024-10-14 22:40:18.941299 Juliett: Delta and India, sending you 2
2024-10-14 22:40:18.941759 Victor: Delta, India and Juliett, sending you 3
2024-10-14 22:40:18.943666 Foxtrot: Delta, sending you 2
2024-10-14 22:40:18.947675 Foxtrot: India, sending you 3
2024-10-14 22:40:18.950673 Oscar: Lima, sending you 7
2024-10-14 22:40:18.951656 Foxtrot: Juliett, sending you 4
2024-10-14 22:40:18.955204 Oscar: Whiskey, sending you 6
chatterbot Foxtrot submitting transactions
chatterbot Lima submitting transactions
chatterbot Golf submitting transactions
chatterbot Delta submitting transactions
chatterbot India submitting transactions
chatterbot Oscar submitting transactions
chatterbot Uniform submitting transactions
chatterbot Whiskey submitting transactions
chatterbot Victor submitting transactions
chatterbot Juliett submitting transactions
ChatterBot Golf round 7
ChatterBot Uniform round 7
ChatterBot Victor round 7
ChatterBot Lima round 7
ChatterBot Whiskey round 7
ChatterBot Delta round 7
ChatterBot India round 7
ChatterBot Juliett round 7
ChatterBot Foxtrot round 7
ChatterBot Oscar round 7
2024-10-14 22:40:20.099693 Delta: Victor and Juliett, sending you 3
2024-10-14 22:40:20.101095 Golf: Victor, sending you 1
2024-10-14 22:40:20.106341 Delta: India and Foxtrot, sending you 2
2024-10-14 22:40:20.109509 Lima: Sending you each 3
2024-10-14 22:40:20.110245 India: Uniform, Victor, Juliett and Foxtrot, sending you 2
2024-10-14 22:40:20.112679 Oscar: Lima, sending you 7
2024-10-14 22:40:20.113490 Juliett: Uniform and Foxtrot, sending you 4
2024-10-14 22:40:20.114699 India: Delta, sending you 1
2024-10-14 22:40:20.116623 Whiskey: Lima, sending you 7
2024-10-14 22:40:20.117231 Foxtrot: Uniform and Victor, sending you 5
2024-10-14 22:40:20.118914 Victor: Uniform, sending you 4
2024-10-14 22:40:20.119841 Oscar: Whiskey, sending you 6
2024-10-14 22:40:20.120835 Uniform: Victor, sending you 6
2024-10-14 22:40:20.121476 Juliett: Victor, sending you 3
2024-10-14 22:40:20.122415 Whiskey: Oscar, sending you 9
2024-10-14 22:40:20.122940 Foxtrot: Delta, sending you 2
2024-10-14 22:40:20.124676 Victor: Delta, India and Juliett, sending you 3
2024-10-14 22:40:20.125580 Uniform: India, sending you 3
2024-10-14 22:40:20.126733 Juliett: Delta and India, sending you 2
2024-10-14 22:40:20.128565 Foxtrot: India, sending you 3
2024-10-14 22:40:20.130130 Victor: Foxtrot, sending you 5
2024-10-14 22:40:20.131211 Uniform: Juliett and Foxtrot, sending you 5
2024-10-14 22:40:20.131919 Foxtrot: Juliett, sending you 4
chatterbot Juliett submitting transactions
chatterbot Victor submitting transactions
chatterbot Foxtrot submitting transactions
chatterbot Golf submitting transactions
chatterbot Whiskey submitting transactions
chatterbot Delta submitting transactions
chatterbot Oscar submitting transactions
chatterbot Lima submitting transactions
chatterbot India submitting transactions
chatterbot Uniform submitting transactions
ChatterBot Golf round 8
ChatterBot Uniform round 8
ChatterBot Victor round 8
ChatterBot Lima round 8
ChatterBot Whiskey round 8
ChatterBot Delta round 8
ChatterBot India round 8
ChatterBot Juliett round 8
ChatterBot Foxtrot round 8
ChatterBot Oscar round 8
2024-10-14 22:40:21.380668 Juliett: Uniform, sending you 4
2024-10-14 22:40:21.381680 Foxtrot: Uniform and Victor, sending you 5
2024-10-14 22:40:21.383673 Uniform: Victor and Foxtrot, sending you 6
2024-10-14 22:40:21.384147 Victor: Uniform, sending you 4
2024-10-14 22:40:21.385681 Whiskey: Lima, sending you 7
2024-10-14 22:40:21.386318 Juliett: Victor, Delta and Foxtrot, sending you 3
2024-10-14 22:40:21.386899 Lima: Same as last round
2024-10-14 22:40:21.387172 Uniform: India, sending you 3
2024-10-14 22:40:21.387664 Foxtrot: Delta, sending you 2
2024-10-14 22:40:21.389666 Victor: Delta, India and Juliett, sending you 3
2024-10-14 22:40:21.390670 Whiskey: Oscar, sending you 9
2024-10-14 22:40:21.390947 Juliett: India, sending you 2
2024-10-14 22:40:21.391695 Uniform: Juliett, sending you 5
2024-10-14 22:40:21.393010 Foxtrot: India, sending you 3
2024-10-14 22:40:21.393715 Victor: Foxtrot, sending you 5
2024-10-14 22:40:21.395662 India: Uniform, Victor, Juliett and Foxtrot, sending you 2
2024-10-14 22:40:21.396311 Delta: Victor and Juliett, sending you 3
2024-10-14 22:40:21.397673 Golf: Victor, sending you 1
2024-10-14 22:40:21.398672 Foxtrot: Juliett, sending you 4
2024-10-14 22:40:21.399283 India: Delta, sending you 1
2024-10-14 22:40:21.401673 Delta: India and Foxtrot, sending you 2
2024-10-14 22:40:21.405670 Oscar: Lima, sending you 7
2024-10-14 22:40:21.410655 Oscar: Whiskey, sending you 6
chatterbot Whiskey submitting transactions
chatterbot Uniform submitting transactions
chatterbot Lima submitting transactions
chatterbot Oscar submitting transactions
chatterbot India submitting transactions
chatterbot Juliett submitting transactions
chatterbot Victor submitting transactions
chatterbot Golf submitting transactions
chatterbot Foxtrot submitting transactions
chatterbot Delta submitting transactions
ChatterBot Golf round 9
ChatterBot Uniform round 9
ChatterBot Victor round 9
ChatterBot Lima round 9
ChatterBot Whiskey round 9
ChatterBot Delta round 9
ChatterBot India round 9
ChatterBot Juliett round 9
ChatterBot Foxtrot round 9
ChatterBot Oscar round 9
2024-10-14 22:40:22.648711 Uniform: Victor and Juliett, sending you 5
2024-10-14 22:40:22.649703 Golf: Victor, sending you 1
2024-10-14 22:40:22.651687 Uniform: India, sending you 4
2024-10-14 22:40:22.653676 Lima: Whiskey, sending you 2
2024-10-14 22:40:22.655675 Whiskey: Lima, sending you 7
2024-10-14 22:40:22.656662 Uniform: Foxtrot, sending you 6
2024-10-14 22:40:22.658693 Lima: Oscar, sending you 3
2024-10-14 22:40:22.659058 Whiskey: Oscar, sending you 9
2024-10-14 22:40:22.663719 Delta: Victor and Juliett, sending you 3
2024-10-14 22:40:22.665695 Oscar: Lima, sending you 8
2024-10-14 22:40:22.666079 Foxtrot: Uniform and Victor, sending you 5
2024-10-14 22:40:22.667706 India: Uniform, Victor, Juliett and Foxtrot, sending you 2
2024-10-14 22:40:22.669236 Victor: Uniform and Foxtrot, sending you 4
2024-10-14 22:40:22.669902 Delta: India and Foxtrot, sending you 2
2024-10-14 22:40:22.670677 Oscar: Whiskey, sending you 6
2024-10-14 22:40:22.671673 Foxtrot: Delta, sending you 2
2024-10-14 22:40:22.673001 Juliett: Uniform, sending you 4
2024-10-14 22:40:22.674002 India: Delta, sending you 1
2024-10-14 22:40:22.674660 Victor: Delta, India and Juliett, sending you 3
2024-10-14 22:40:22.675690 Foxtrot: India, sending you 3
2024-10-14 22:40:22.678673 Juliett: Victor, Delta and Foxtrot, sending you 3
2024-10-14 22:40:22.679697 Foxtrot: Juliett, sending you 4
2024-10-14 22:40:22.681677 Juliett: India, sending you 2
chatterbot Whiskey submitting transactions
chatterbot Uniform submitting transactions
chatterbot Juliett submitting transactions
chatterbot Golf submitting transactions
chatterbot Lima submitting transactions
chatterbot Oscar submitting transactions
chatterbot India submitting transactions
chatterbot Delta submitting transactions
chatterbot Foxtrot submitting transactions
chatterbot Victor submitting transactions
ChatterBot Golf round 10
ChatterBot Uniform round 10
ChatterBot Victor round 10
ChatterBot Lima round 10
ChatterBot Whiskey round 10
ChatterBot Delta round 10
ChatterBot India round 10
ChatterBot Juliett round 10
ChatterBot Foxtrot round 10
ChatterBot Oscar round 10
2024-10-14 22:40:24.056687 Whiskey: Lima, sending you 7
2024-10-14 22:40:24.058677 Uniform: Victor and Juliett, sending you 5
2024-10-14 22:40:24.060018 Lima: Whiskey, sending you 2
2024-10-14 22:40:24.061304 Delta: Victor and Juliett, sending you 3
2024-10-14 22:40:24.063468 Foxtrot: Uniform and Victor, sending you 5
2024-10-14 22:40:24.064978 Whiskey: Oscar, sending you 9
2024-10-14 22:40:24.066221 India: Uniform, Victor, Juliett and Foxtrot, sending you 2
2024-10-14 22:40:24.068647 Lima: Oscar, sending you 3
2024-10-14 22:40:24.069322 Uniform: India, sending you 4
2024-10-14 22:40:24.071296 Oscar: Lima, sending you 8
2024-10-14 22:40:24.072194 Delta: India and Foxtrot, sending you 2
2024-10-14 22:40:24.074600 Foxtrot: Delta, sending you 2
2024-10-14 22:40:24.077080 India: Delta, sending you 1
2024-10-14 22:40:24.079445 Victor: Uniform, Juliett and Foxtrot, sending you 4
2024-10-14 22:40:24.081467 Uniform: Foxtrot, sending you 6
2024-10-14 22:40:24.082270 Oscar: Whiskey, sending you 5
2024-10-14 22:40:24.083046 Golf: Victor, sending you 1
2024-10-14 22:40:24.084925 Foxtrot: India, sending you 3
2024-10-14 22:40:24.087847 Juliett: Uniform, sending you 4
2024-10-14 22:40:24.090274 Victor: Delta, sending you 3
2024-10-14 22:40:24.092887 Foxtrot: Juliett, sending you 4
2024-10-14 22:40:24.094714 Juliett: Victor, Delta and Foxtrot, sending you 3
2024-10-14 22:40:24.097563 Victor: India, sending you 2
2024-10-14 22:40:24.100475 Juliett: India, sending you 2
chatterbot Foxtrot submitting transactions
chatterbot Golf submitting transactions
chatterbot Oscar submitting transactions
chatterbot Lima submitting transactions
chatterbot Delta submitting transactions
chatterbot Whiskey submitting transactions
chatterbot Uniform submitting transactions
chatterbot India submitting transactions
chatterbot Victor submitting transactions
chatterbot Juliett submitting transactions
ChatterBot Golf round 11
ChatterBot Uniform round 11
ChatterBot Victor round 11
ChatterBot Lima round 11
ChatterBot Whiskey round 11
ChatterBot Delta round 11
ChatterBot India round 11
ChatterBot Juliett round 11
ChatterBot Foxtrot round 11
ChatterBot Oscar round 11
2024-10-14 22:40:25.195688 Uniform: Victor and Juliett, sending you 5
2024-10-14 22:40:25.196280 Delta: Victor and Juliett, sending you 3
2024-10-14 22:40:25.197710 Victor: Uniform, Juliett and Foxtrot, sending you 4
2024-10-14 22:40:25.198669 Uniform: India, sending you 4
2024-10-14 22:40:25.199661 Golf: Victor, sending you 1
2024-10-14 22:40:25.200170 Juliett: Uniform, sending you 4
2024-10-14 22:40:25.200999 India: Uniform, Victor, Juliett and Foxtrot, sending you 2
2024-10-14 22:40:25.201836 Delta: India and Foxtrot, sending you 2
2024-10-14 22:40:25.202565 Foxtrot: Uniform and Victor, sending you 5
2024-10-14 22:40:25.203263 Victor: Delta, sending you 3
2024-10-14 22:40:25.204327 Uniform: Foxtrot, sending you 6
2024-10-14 22:40:25.205146 Juliett: Victor, Delta and Foxtrot, sending you 3
2024-10-14 22:40:25.207032 Lima: Whiskey, sending you 2
2024-10-14 22:40:25.207553 India: Delta, sending you 1
2024-10-14 22:40:25.208806 Foxtrot: Delta, sending you 2
2024-10-14 22:40:25.209781 Victor: India, sending you 2
2024-10-14 22:40:25.210735 Whiskey: Lima, sending you 7
2024-10-14 22:40:25.211685 Juliett: India, sending you 2
2024-10-14 22:40:25.212788 Lima: Oscar, sending you 3
2024-10-14 22:40:25.214698 Foxtrot: India, sending you 3
2024-10-14 22:40:25.215665 Oscar: Lima, sending you 8
2024-10-14 22:40:25.216232 Whiskey: Oscar, sending you 9
2024-10-14 22:40:25.219700 Foxtrot: Juliett, sending you 4
2024-10-14 22:40:25.220726 Oscar: Whiskey, sending you 5
chatterbot India submitting transactions
chatterbot Victor submitting transactions
chatterbot Golf submitting transactions
chatterbot Oscar submitting transactions
chatterbot Delta submitting transactions
chatterbot Foxtrot submitting transactions
chatterbot Uniform submitting transactions
chatterbot Juliett submitting transactions
chatterbot Whiskey submitting transactions
chatterbot Lima submitting transactions
ChatterBot Golf round 12
ChatterBot Uniform round 12
ChatterBot Victor round 12
ChatterBot Lima round 12
ChatterBot Whiskey round 12
ChatterBot Delta round 12
ChatterBot India round 12
ChatterBot Juliett round 12
ChatterBot Foxtrot round 12
ChatterBot Oscar round 12
2024-10-14 22:40:26.360672 India: Uniform, Victor, Juliett and Foxtrot, sending you 2
2024-10-14 22:40:26.361675 Golf: Victor, sending you 1
2024-10-14 22:40:26.365687 India: Delta, sending you 1
2024-10-14 22:40:26.366743 Whiskey: Lima, sending you 7
2024-10-14 22:40:26.367161 Lima: Whiskey, sending you 2
2024-10-14 22:40:26.368664 Oscar: Lima, sending you 8
2024-10-14 22:40:26.369016 Delta: Victor and Juliett, sending you 3
2024-10-14 22:40:26.370682 Lima: Oscar, sending you 3
2024-10-14 22:40:26.372247 Whiskey: Oscar, sending you 9
2024-10-14 22:40:26.372641 Juliett: Uniform, sending you 4
2024-10-14 22:40:26.373299 Oscar: Whiskey, sending you 5
2024-10-14 22:40:26.373670 Delta: India and Foxtrot, sending you 2
2024-10-14 22:40:26.374381 Uniform: Victor and Juliett, sending you 5
2024-10-14 22:40:26.375718 Victor: Uniform, Juliett and Foxtrot, sending you 4
2024-10-14 22:40:26.376655 Juliett: Victor, Delta and Foxtrot, sending you 3
2024-10-14 22:40:26.377936 Foxtrot: Uniform and Victor, sending you 5
2024-10-14 22:40:26.379668 Uniform: India, sending you 4
2024-10-14 22:40:26.380666 Victor: Delta, sending you 3
2024-10-14 22:40:26.381681 Juliett: India, sending you 2
2024-10-14 22:40:26.383344 Foxtrot: Delta, sending you 2
2024-10-14 22:40:26.384404 Uniform: Foxtrot, sending you 6
2024-10-14 22:40:26.385647 Victor: India, sending you 2
2024-10-14 22:40:26.387648 Foxtrot: India, sending you 3
2024-10-14 22:40:26.393653 Foxtrot: Juliett, sending you 4
chatterbot Golf submitting transactions
chatterbot Victor submitting transactions
chatterbot Uniform submitting transactions
chatterbot Foxtrot submitting transactions
chatterbot Lima submitting transactions
chatterbot India submitting transactions
chatterbot Juliett submitting transactions
chatterbot Whiskey submitting transactions
chatterbot Oscar submitting transactions
chatterbot Delta submitting transactions
ChatterBot Golf round 13
ChatterBot Uniform round 13
ChatterBot Victor round 13
ChatterBot Lima round 13
ChatterBot Whiskey round 13
ChatterBot Delta round 13
ChatterBot India round 13
ChatterBot Juliett round 13
ChatterBot Foxtrot round 13
ChatterBot Oscar round 13
2024-10-14 22:40:27.507683 Lima: Sending you each 2
2024-10-14 22:40:27.509707 Golf: Victor, sending you 1
2024-10-14 22:40:27.511694 India: Uniform, Victor, Juliett and Foxtrot, sending you 2
2024-10-14 22:40:27.512778 Delta: Victor and Juliett, sending you 3
2024-10-14 22:40:27.514392 Whiskey: Lima, sending you 7
2024-10-14 22:40:27.514804 Uniform: Victor and Juliett, sending you 5
2024-10-14 22:40:27.515302 Foxtrot: Uniform and Victor, sending you 5
2024-10-14 22:40:27.516088 Oscar: Lima, sending you 8
2024-10-14 22:40:27.516909 Juliett: Uniform, sending you 4
2024-10-14 22:40:27.517677 India: Delta, sending you 1
2024-10-14 22:40:27.518371 Whiskey: Oscar, sending you 9
2024-10-14 22:40:27.518692 Victor: Uniform, Juliett and Foxtrot, sending you 4
2024-10-14 22:40:27.520244 Delta: India and Foxtrot, sending you 2
2024-10-14 22:40:27.520992 Uniform: India, sending you 4
2024-10-14 22:40:27.521405 Foxtrot: Delta, sending you 2
2024-10-14 22:40:27.522082 Oscar: Whiskey, sending you 5
2024-10-14 22:40:27.522440 Juliett: Victor, Delta and Foxtrot, sending you 3
2024-10-14 22:40:27.523659 Victor: Delta, sending you 3
2024-10-14 22:40:27.525869 Uniform: Foxtrot, sending you 6
2024-10-14 22:40:27.526781 Juliett: India, sending you 2
2024-10-14 22:40:27.528187 Foxtrot: India, sending you 3
2024-10-14 22:40:27.529787 Victor: India, sending you 2
2024-10-14 22:40:27.533657 Foxtrot: Juliett, sending you 4
chatterbot Foxtrot submitting transactions
chatterbot Delta submitting transactions
chatterbot Juliett submitting transactions
chatterbot Golf submitting transactions
chatterbot Lima submitting transactions
chatterbot Oscar submitting transactions
chatterbot India submitting transactions
chatterbot Uniform submitting transactions
chatterbot Victor submitting transactions
chatterbot Whiskey submitting transactions
ChatterBot Golf round 14
ChatterBot Uniform round 14
ChatterBot Victor round 14
ChatterBot Lima round 14
ChatterBot Whiskey round 14
ChatterBot Delta round 14
ChatterBot India round 14
ChatterBot Juliett round 14
ChatterBot Foxtrot round 14
ChatterBot Oscar round 14
2024-10-14 22:40:28.497696 Whiskey: Lima, sending you 7
2024-10-14 22:40:28.498670 Delta: Victor and Juliett, sending you 3
2024-10-14 22:40:28.500659 Juliett: Uniform, sending you 4
2024-10-14 22:40:28.502175 Whiskey: Oscar, sending you 9
2024-10-14 22:40:28.502670 Victor: Uniform, Juliett and Foxtrot, sending you 4
2024-10-14 22:40:28.504143 Golf: Victor, sending you 1
2024-10-14 22:40:28.506215 Delta: India and Foxtrot, sending you 2
2024-10-14 22:40:28.508720 Uniform: Victor and Juliett, sending you 5
2024-10-14 22:40:28.510234 India: Uniform, Victor, Juliett and Foxtrot, sending you 2
2024-10-14 22:40:28.512158 Foxtrot: Uniform and Victor, sending you 5
2024-10-14 22:40:28.514119 Juliett: Victor, Delta and Foxtrot, sending you 3
2024-10-14 22:40:28.516089 Victor: Delta, sending you 3
2024-10-14 22:40:28.517994 Lima: Same as last round
2024-10-14 22:40:28.518713 Oscar: Lima, sending you 8
2024-10-14 22:40:28.520121 Uniform: India, sending you 4
2024-10-14 22:40:28.521493 India: Delta, sending you 1
2024-10-14 22:40:28.522559 Foxtrot: Delta, sending you 2
2024-10-14 22:40:28.523476 Juliett: India, sending you 2
2024-10-14 22:40:28.524291 Victor: India, sending you 2
2024-10-14 22:40:28.525413 Oscar: Whiskey, sending you 5
2024-10-14 22:40:28.525900 Uniform: Foxtrot, sending you 6
2024-10-14 22:40:28.527675 Foxtrot: India, sending you 3
2024-10-14 22:40:28.531699 Foxtrot: Juliett, sending you 4
chatterbot Victor submitting transactions
chatterbot Lima submitting transactions
chatterbot Uniform submitting transactions
chatterbot India submitting transactions
chatterbot Foxtrot submitting transactions
chatterbot Oscar submitting transactions
chatterbot Golf submitting transactions
chatterbot Whiskey submitting transactions
chatterbot Delta submitting transactions
chatterbot Juliett submitting transactions
ChatterBot Golf round 15
ChatterBot Uniform round 15
ChatterBot Victor round 15
ChatterBot Lima round 15
ChatterBot Whiskey round 15
ChatterBot Delta round 15
ChatterBot India round 15
ChatterBot Juliett round 15
ChatterBot Foxtrot round 15
ChatterBot Oscar round 15
2024-10-14 22:40:29.890286 Whiskey: Lima, sending you 7
2024-10-14 22:40:29.891021 Juliett: Uniform, sending you 4
2024-10-14 22:40:29.893518 Lima: Same as last round
2024-10-14 22:40:29.894161 Foxtrot: Uniform and Victor, sending you 5
2024-10-14 22:40:29.896116 Victor: Uniform, Juliett and Foxtrot, sending you 4
2024-10-14 22:40:29.898384 Golf: Victor, sending you 1
2024-10-14 22:40:29.899676 Oscar: Lima, sending you 8
2024-10-14 22:40:29.901187 Uniform: Victor and Juliett, sending you 5
2024-10-14 22:40:29.903405 Delta: Sending you each 2
