ChatterBot Foxtrot round 1
ChatterBot Bravo round 1
ChatterBot Zulu round 1
ChatterBot Alpha round 1
randomSelections Bravo: {Bravo, Tango, Mike, Yankee, Foxtrot, Zulu} 
2024-10-14 22:40:10.192990 Bravo: We would work well together
ChatterBot Foxtrot reevaluating
ChatterBot Zulu reevaluating
2024-10-14 22:40:10.202709 Foxtrot: Yes
2024-10-14 22:40:10.202965 Zulu: Yes
ChatterBot Zulu reevaluating
ChatterBot Foxtrot reevaluating
ChatterBot Whiskey round 1
ChatterBot Yankee round 1
ChatterBot Yankee reevaluating
ChatterBot Yankee reevaluating
ChatterBot Yankee reevaluating
2024-10-14 22:40:10.233023 Yankee: Yes
ChatterBot Foxtrot reevaluating
ChatterBot Zulu reevaluating
ChatterBot Mike round 1
ChatterBot Mike reevaluating
ChatterBot Mike reevaluating
ChatterBot Mike reevaluating
ChatterBot Mike reevaluating
2024-10-14 22:40:10.254982 Mike: Yes
ChatterBot Yankee reevaluating
ChatterBot Foxtrot reevaluating
ChatterBot Zulu reevaluating
randomSelections Alpha: {Alpha, Zulu, Yankee, Foxtrot, Lima, Charlie} 
2024-10-14 22:40:10.269654 Alpha: Let's form a team
ChatterBot Zulu reevaluating
ChatterBot Yankee reevaluating
ChatterBot Foxtrot reevaluating
2024-10-14 22:40:10.277172 Zulu: No
2024-10-14 22:40:10.277838 Yankee: No
2024-10-14 22:40:10.277978 Foxtrot: No
ChatterBot Yankee reevaluating
ChatterBot Foxtrot reevaluating
ChatterBot Zulu reevaluating
ChatterBot Foxtrot reevaluating
ChatterBot Zulu reevaluating
ChatterBot Yankee reevaluating
ChatterBot Charlie round 1
ChatterBot Charlie reevaluating
ChatterBot Charlie reevaluating
ChatterBot Charlie reevaluating
ChatterBot Charlie reevaluating
2024-10-14 22:40:10.309853 Charlie: Yes
ChatterBot Zulu reevaluating
ChatterBot Yankee reevaluating
ChatterBot Foxtrot reevaluating
ChatterBot Lima round 1
ChatterBot Lima reevaluating
ChatterBot Lima reevaluating
ChatterBot Lima reevaluating
ChatterBot Lima reevaluating
ChatterBot Lima reevaluating
2024-10-14 22:40:10.332961 Lima: Yes
ChatterBot Zulu reevaluating
ChatterBot Yankee reevaluating
ChatterBot Foxtrot reevaluating
ChatterBot Charlie reevaluating
ChatterBot Tango round 1
ChatterBot Tango reevaluating
ChatterBot Tango reevaluating
ChatterBot Tango reevaluating
ChatterBot Tango reevaluating
ChatterBot Tango reevaluating
2024-10-14 22:40:10.358669 Tango: Yes
ChatterBot Mike reevaluating
ChatterBot Yankee reevaluating
ChatterBot Foxtrot reevaluating
ChatterBot Zulu reevaluating
randomSelections Whiskey: {Whiskey, Yankee, Bravo, Zulu, Lima, Charlie} 
2024-10-14 22:40:10.377254 Whiskey: Let's form a team
ChatterBot Yankee reevaluating
ChatterBot Zulu reevaluating
ChatterBot Lima reevaluating
ChatterBot Charlie reevaluating
2024-10-14 22:40:10.388823 Yankee: No
2024-10-14 22:40:10.389006 Bravo: No
2024-10-14 22:40:10.389178 Zulu: No
2024-10-14 22:40:10.389810 Lima: No
2024-10-14 22:40:10.389956 Charlie: No
ChatterBot Zulu reevaluating
ChatterBot Lima reevaluating
ChatterBot Charlie reevaluating
ChatterBot Yankee reevaluating
ChatterBot Zulu reevaluating
ChatterBot Lima reevaluating
ChatterBot Charlie reevaluating
ChatterBot Yankee reevaluating
ChatterBot Lima reevaluating
ChatterBot Charlie reevaluating
ChatterBot Yankee reevaluating
ChatterBot Zulu reevaluating
ChatterBot Charlie reevaluating
ChatterBot Yankee reevaluating
ChatterBot Zulu reevaluating
ChatterBot Lima reevaluating
chatterbot Bravo submitting transactions
2024-10-14 22:40:10.529177 Bravo: Foxtrot, sending you 4
2024-10-14 22:40:10.530016 Alpha: Foxtrot, sending you 5
2024-10-14 22:40:10.547250 Bravo: Zulu and Yankee, sending you 2
2024-10-14 22:40:10.547799 Alpha: Zulu, sending you 2
2024-10-14 22:40:10.548179 Foxtrot: Bravo and Zulu, sending you 4
2024-10-14 22:40:10.552691 Yankee: Foxtrot and Tango, sending you 4
2024-10-14 22:40:10.553228 Mike: Foxtrot and Bravo, sending you 1
2024-10-14 22:40:10.553578 Bravo: Mike, sending you 6
2024-10-14 22:40:10.555925 Lima: Foxtrot, sending you 6
2024-10-14 22:40:10.556364 Alpha: Yankee, sending you 4
2024-10-14 22:40:10.556756 Whiskey: Bravo and Charlie, sending you 2
2024-10-14 22:40:10.557118 Charlie: Foxtrot, sending you 4
2024-10-14 22:40:10.567018 Mike: Zulu, sending you 6
2024-10-14 22:40:10.569049 Foxtrot: Yankee, sending you 2
2024-10-14 22:40:10.570500 Yankee: Bravo and Zulu, sending you 2
2024-10-14 22:40:10.571167 Zulu: Foxtrot, sending you 1
2024-10-14 22:40:10.572868 Tango: Foxtrot and Bravo, sending you 4
2024-10-14 22:40:10.573710 Bravo: Tango, sending you 1
2024-10-14 22:40:10.575015 Lima: Zulu, sending you 5
2024-10-14 22:40:10.576817 Alpha: Charlie, sending you 1
2024-10-14 22:40:10.577806 Whiskey: Zulu and Lima, sending you 4
2024-10-14 22:40:10.579200 Charlie: Zulu and Alpha, sending you 5
2024-10-14 22:40:10.580685 Mike: Yankee, sending you 5
2024-10-14 22:40:10.581517 Foxtrot: Mike, sending you 6
2024-10-14 22:40:10.582935 Yankee: Mike, sending you 6
2024-10-14 22:40:10.584453 Zulu: Bravo, sending you 5
2024-10-14 22:40:10.585880 Tango: Zulu and Yankee, sending you 2
2024-10-14 22:40:10.586586 Lima: Alpha, sending you 3
2024-10-14 22:40:10.587600 Whiskey: Yankee, sending you 3
2024-10-14 22:40:10.588891 Alpha: Lima, sending you 3
2024-10-14 22:40:10.590421 Mike: Tango, sending you 3
2024-10-14 22:40:10.591175 Charlie: Yankee, sending you 1
2024-10-14 22:40:10.592243 Foxtrot: Tango, sending you 1
2024-10-14 22:40:10.593107 Zulu: Yankee, sending you 2
2024-10-14 22:40:10.593992 Tango: Mike, sending you 3
2024-10-14 22:40:10.594530 Lima: Charlie, sending you 2
2024-10-14 22:40:10.618056 Zulu: Mike, sending you 3
2024-10-14 22:40:10.624236 Zulu: Tango, sending you 6
chatterbot Whiskey submitting transactions
chatterbot Alpha submitting transactions
chatterbot Foxtrot submitting transactions
chatterbot Mike submitting transactions
chatterbot Lima submitting transactions
chatterbot Zulu submitting transactions
chatterbot Yankee submitting transactions
chatterbot Tango submitting transactions
chatterbot Charlie submitting transactions
ChatterBot Foxtrot round 2
ChatterBot Bravo round 2
ChatterBot Zulu round 2
ChatterBot Alpha round 2
ChatterBot Whiskey round 2
ChatterBot Yankee round 2
ChatterBot Mike round 2
2024-10-14 22:40:11.579921 Zulu: Friends?
ChatterBot Foxtrot reevaluating
ChatterBot Bravo reevaluating
ChatterBot Yankee reevaluating
ChatterBot Mike reevaluating
ChatterBot Tango reevaluating
ChatterBot Alpha reevaluating
ChatterBot Whiskey reevaluating
ChatterBot Charlie reevaluating
ChatterBot Lima reevaluating
2024-10-14 22:40:11.630717 Foxtrot: No
2024-10-14 22:40:11.630974 Bravo: No
2024-10-14 22:40:11.631097 Yankee: Yes
2024-10-14 22:40:11.631656 Mike: No
2024-10-14 22:40:11.631790 Tango: No
2024-10-14 22:40:11.631924 Alpha: No
2024-10-14 22:40:11.632047 Whiskey: No
2024-10-14 22:40:11.632167 Charlie: No
2024-10-14 22:40:11.632295 Lima: No
ChatterBot Bravo reevaluating
ChatterBot Yankee reevaluating
ChatterBot Mike reevaluating
ChatterBot Tango reevaluating
ChatterBot Alpha reevaluating
ChatterBot Whiskey reevaluating
ChatterBot Charlie reevaluating
ChatterBot Lima reevaluating
ChatterBot Foxtrot reevaluating
ChatterBot Yankee reevaluating
ChatterBot Mike reevaluating
ChatterBot Tango reevaluating
ChatterBot Alpha reevaluating
ChatterBot Whiskey reevaluating
ChatterBot Charlie reevaluating
ChatterBot Lima reevaluating
ChatterBot Foxtrot reevaluating
ChatterBot Bravo reevaluating
ChatterBot Mike reevaluating
ChatterBot Tango reevaluating
ChatterBot Alpha reevaluating
ChatterBot Whiskey reevaluating
ChatterBot Charlie reevaluating
ChatterBot Lima reevaluating
ChatterBot Foxtrot reevaluating
ChatterBot Bravo reevaluating
ChatterBot Yankee reevaluating
ChatterBot Tango reevaluating
ChatterBot Alpha reevaluating
ChatterBot Whiskey reevaluating
ChatterBot Charlie reevaluating
ChatterBot Lima reevaluating
ChatterBot Foxtrot reevaluating
ChatterBot Bravo reevaluating
ChatterBot Yankee reevaluating
ChatterBot Mike reevaluating
ChatterBot Alpha reevaluating
ChatterBot Whiskey reevaluating
ChatterBot Charlie reevaluating
ChatterBot Lima reevaluating
ChatterBot Foxtrot reevaluating
ChatterBot Bravo reevaluating
ChatterBot Yankee reevaluating
ChatterBot Mike reevaluating
ChatterBot Tango reevaluating
ChatterBot Whiskey reevaluating
ChatterBot Charlie reevaluating
ChatterBot Lima reevaluating
ChatterBot Foxtrot reevaluating
ChatterBot Bravo reevaluating
ChatterBot Yankee reevaluating
ChatterBot Mike reevaluating
ChatterBot Tango reevaluating
ChatterBot Alpha reevaluating
ChatterBot Charlie reevaluating
ChatterBot Lima reevaluating
ChatterBot Foxtrot reevaluating
ChatterBot Bravo reevaluating
ChatterBot Yankee reevaluating
ChatterBot Mike reevaluating
ChatterBot Tango reevaluating
ChatterBot Alpha reevaluating
ChatterBot Whiskey reevaluating
ChatterBot Lima reevaluating
ChatterBot Foxtrot reevaluating
ChatterBot Bravo reevaluating
ChatterBot Yankee reevaluating
ChatterBot Mike reevaluating
ChatterBot Tango reevaluating
ChatterBot Alpha reevaluating
ChatterBot Whiskey reevaluating
ChatterBot Charlie reevaluating
2024-10-14 22:40:12.164826 Bravo: We should add Whiskey
2024-10-14 22:40:12.165164 Yankee: We should add Whiskey
ChatterBot Tango reevaluating
ChatterBot Mike reevaluating
ChatterBot Yankee reevaluating
ChatterBot Foxtrot reevaluating
ChatterBot Zulu reevaluating
ChatterBot Bravo reevaluating
2024-10-14 22:40:12.194867 Tango: Yes
ChatterBot Tango reevaluating
2024-10-14 22:40:12.207496 Mike: No
ChatterBot Mike reevaluating
2024-10-14 22:40:12.211316 Yankee: Yes
2024-10-14 22:40:12.211484 Foxtrot: No
ChatterBot Foxtrot reevaluating
2024-10-14 22:40:12.215438 Zulu: Yes
ChatterBot Zulu reevaluating
2024-10-14 22:40:12.218900 Bravo: Yes
2024-10-14 22:40:12.219119 Tango: No
2024-10-14 22:40:12.219230 Mike: No
2024-10-14 22:40:12.219359 Foxtrot: No
2024-10-14 22:40:12.219932 Zulu: Yes
ChatterBot Bravo reevaluating
ChatterBot Mike reevaluating
ChatterBot Yankee reevaluating
ChatterBot Foxtrot reevaluating
ChatterBot Zulu reevaluating
ChatterBot Bravo reevaluating
ChatterBot Tango reevaluating
ChatterBot Yankee reevaluating
ChatterBot Foxtrot reevaluating
ChatterBot Zulu reevaluating
ChatterBot Bravo reevaluating
ChatterBot Tango reevaluating
ChatterBot Mike reevaluating
ChatterBot Foxtrot reevaluating
ChatterBot Zulu reevaluating
ChatterBot Bravo reevaluating
ChatterBot Tango reevaluating
ChatterBot Mike reevaluating
ChatterBot Yankee reevaluating
ChatterBot Zulu reevaluating
ChatterBot Bravo reevaluating
ChatterBot Tango reevaluating
ChatterBot Mike reevaluating
ChatterBot Yankee reevaluating
ChatterBot Foxtrot reevaluating
ChatterBot Tango reevaluating
ChatterBot Mike reevaluating
ChatterBot Yankee reevaluating
ChatterBot Foxtrot reevaluating
ChatterBot Zulu reevaluating
ChatterBot Bravo reevaluating
ChatterBot Mike reevaluating
ChatterBot Yankee reevaluating
ChatterBot Foxtrot reevaluating
ChatterBot Zulu reevaluating
ChatterBot Bravo reevaluating
ChatterBot Tango reevaluating
ChatterBot Yankee reevaluating
ChatterBot Foxtrot reevaluating
ChatterBot Zulu reevaluating
ChatterBot Bravo reevaluating
ChatterBot Tango reevaluating
ChatterBot Mike reevaluating
ChatterBot Yankee reevaluating
ChatterBot Zulu reevaluating
ChatterBot Bravo reevaluating
ChatterBot Tango reevaluating
ChatterBot Mike reevaluating
ChatterBot Yankee reevaluating
ChatterBot Foxtrot reevaluating
ChatterBot Charlie round 2
ChatterBot Lima round 2
ChatterBot Tango round 2
2024-10-14 22:40:12.625177 Lima: We should group up
ChatterBot Zulu reevaluating
ChatterBot Foxtrot reevaluating
ChatterBot Bravo reevaluating
ChatterBot Yankee reevaluating
ChatterBot Tango reevaluating
ChatterBot Charlie reevaluating
2024-10-14 22:40:12.657627 Zulu: No
2024-10-14 22:40:12.658916 Foxtrot: No
2024-10-14 22:40:12.659055 Bravo: No
2024-10-14 22:40:12.659221 Yankee: Yes
2024-10-14 22:40:12.659378 Mike: No
2024-10-14 22:40:12.659527 Tango: No
2024-10-14 22:40:12.659656 Alpha: Yes
2024-10-14 22:40:12.659807 Whiskey: No
2024-10-14 22:40:12.661298 Charlie: No
ChatterBot Foxtrot reevaluating
ChatterBot Bravo reevaluating
ChatterBot Yankee reevaluating
ChatterBot Tango reevaluating
ChatterBot Charlie reevaluating
ChatterBot Zulu reevaluating
ChatterBot Bravo reevaluating
ChatterBot Yankee reevaluating
ChatterBot Tango reevaluating
ChatterBot Charlie reevaluating
ChatterBot Zulu reevaluating
ChatterBot Foxtrot reevaluating
ChatterBot Yankee reevaluating
ChatterBot Tango reevaluating
ChatterBot Charlie reevaluating
ChatterBot Zulu reevaluating
ChatterBot Foxtrot reevaluating
ChatterBot Bravo reevaluating
ChatterBot Tango reevaluating
ChatterBot Charlie reevaluating
ChatterBot Zulu reevaluating
ChatterBot Foxtrot reevaluating
ChatterBot Bravo reevaluating
ChatterBot Yankee reevaluating
ChatterBot Tango reevaluating
ChatterBot Charlie reevaluating
ChatterBot Zulu reevaluating
ChatterBot Foxtrot reevaluating
ChatterBot Bravo reevaluating
ChatterBot Yankee reevaluating
ChatterBot Charlie reevaluating
ChatterBot Zulu reevaluating
ChatterBot Foxtrot reevaluating
ChatterBot Bravo reevaluating
ChatterBot Yankee reevaluating
ChatterBot Tango reevaluating
ChatterBot Charlie reevaluating
ChatterBot Zulu reevaluating
ChatterBot Foxtrot reevaluating
ChatterBot Bravo reevaluating
ChatterBot Yankee reevaluating
ChatterBot Tango reevaluating
ChatterBot Charlie reevaluating
ChatterBot Zulu reevaluating
ChatterBot Foxtrot reevaluating
ChatterBot Bravo reevaluating
ChatterBot Yankee reevaluating
ChatterBot Tango reevaluating
ChatterBot Whiskey reevaluating
2024-10-14 22:40:13.035972 Whiskey: Let's form a team
ChatterBot Charlie reevaluating
ChatterBot Zulu reevaluating
2024-10-14 22:40:13.050251 Alpha: Yes
2024-10-14 22:40:13.050539 Charlie: No
2024-10-14 22:40:13.051381 Lima: Yes
2024-10-14 22:40:13.051592 Zulu: Yes
ChatterBot Whiskey reevaluating
ChatterBot Charlie reevaluating
ChatterBot Zulu reevaluating
ChatterBot Whiskey reevaluating
ChatterBot Zulu reevaluating
ChatterBot Whiskey reevaluating
ChatterBot Charlie reevaluating
ChatterBot Zulu reevaluating
ChatterBot Whiskey reevaluating
ChatterBot Charlie reevaluating
chatterbot Lima submitting transactions
chatterbot Charlie submitting transactions
2024-10-14 22:40:13.185808 Foxtrot: Charlie we want you to join our group
2024-10-14 22:40:13.190034 Charlie: No
ChatterBot Foxtrot reevaluating
2024-10-14 22:40:13.241243 Lima: Foxtrot and Charlie, sending you 1
2024-10-14 22:40:13.242476 Alpha: Foxtrot, Bravo, Zulu and Whiskey, sending you 1
2024-10-14 22:40:13.243079 Yankee: Foxtrot, Bravo, Zulu, Whiskey and Tango, sending you 2
2024-10-14 22:40:13.244196 Whiskey: Zulu, sending you 3
2024-10-14 22:40:13.244555 Bravo: Foxtrot, Zulu and Tango, sending you 3
2024-10-14 22:40:13.245694 Charlie: Alpha, sending you 3
2024-10-14 22:40:13.246018 Mike: Foxtrot, Bravo, Zulu and Yankee, sending you 4
2024-10-14 22:40:13.247009 Zulu: Foxtrot and Whiskey, sending you 2
2024-10-14 22:40:13.248130 Lima: Alpha, sending you 6
2024-10-14 22:40:13.248776 Alpha: Charlie, sending you 7
2024-10-14 22:40:13.249902 Whiskey: Alpha, Charlie and Lima, sending you 4
2024-10-14 22:40:13.250312 Yankee: Alpha, sending you 3
2024-10-14 22:40:13.251330 Bravo: Alpha and Mike, sending you 1
2024-10-14 22:40:13.252340 Charlie: Whiskey and Lima, sending you 6
2024-10-14 22:40:13.252698 Mike: Tango, sending you 2
2024-10-14 22:40:13.253212 Tango: Foxtrot and Bravo, sending you 1
2024-10-14 22:40:13.254166 Zulu: Bravo, Alpha, Yankee and Tango, sending you 1
2024-10-14 22:40:13.255234 Lima: Whiskey, sending you 5
2024-10-14 22:40:13.256239 Alpha: Lima, sending you 4
2024-10-14 22:40:13.256801 Yankee: Mike, sending you 4
2024-10-14 22:40:13.257985 Bravo: Whiskey and Yankee, sending you 2
2024-10-14 22:40:13.258727 Tango: Zulu, sending you 6
2024-10-14 22:40:13.259694 Zulu: Mike, sending you 4
2024-10-14 22:40:13.303189 Yankee: Charlie, sending you 1
2024-10-14 22:40:13.304606 Tango: Yankee, sending you 4
2024-10-14 22:40:13.305599 Zulu: Charlie and Lima, sending you 3
2024-10-14 22:40:13.306228 Foxtrot: Bravo, sending you 5
2024-10-14 22:40:13.331656 Tango: Mike, sending you 3
2024-10-14 22:40:13.332717 Foxtrot: Zulu and Mike, sending you 2
2024-10-14 22:40:13.343162 Foxtrot: Yankee and Tango, sending you 4
chatterbot Bravo submitting transactions
chatterbot Tango submitting transactions
chatterbot Alpha submitting transactions
chatterbot Mike submitting transactions
chatterbot Lima submitting transactions
chatterbot Charlie submitting transactions
chatterbot Yankee submitting transactions
chatterbot Whiskey submitting transactions
chatterbot Zulu submitting transactions
chatterbot Foxtrot submitting transactions
ChatterBot Foxtrot round 3
ChatterBot Bravo round 3
ChatterBot Zulu round 3
ChatterBot Alpha round 3
ChatterBot Whiskey round 3
ChatterBot Yankee round 3
ChatterBot Mike round 3
ChatterBot Charlie round 3
ChatterBot Lima round 3
ChatterBot Tango round 3
2024-10-14 22:40:14.463410 Alpha: Bravo, Zulu, Mike and Tango, sending you 1
2024-10-14 22:40:14.464684 Foxtrot: Bravo, Yankee and Mike, sending you 4
2024-10-14 22:40:14.465726 Charlie: Alpha, sending you 6
2024-10-14 22:40:14.521362 Alpha: Whiskey and Yankee, sending you 2
2024-10-14 22:40:14.522420 Zulu: Foxtrot, Bravo and Whiskey, sending you 3
2024-10-14 22:40:14.522749 Tango: Foxtrot, Yankee and Mike, sending you 3
2024-10-14 22:40:14.523146 Mike: Foxtrot, Bravo, Zulu and Yankee, sending you 4
2024-10-14 22:40:14.524025 Lima: Zulu, sending you 3
2024-10-14 22:40:14.524416 Whiskey: Zulu, sending you 3
2024-10-14 22:40:14.525301 Foxtrot: Zulu, sending you 2
2024-10-14 22:40:14.525644 Bravo: Foxtrot, sending you 4
2024-10-14 22:40:14.526114 Yankee: Foxtrot and Tango, sending you 4
2024-10-14 22:40:14.526835 Charlie: Whiskey, sending you 5
2024-10-14 22:40:14.527099 Alpha: Charlie, sending you 3
2024-10-14 22:40:14.527929 Zulu: Yankee, sending you 1
2024-10-14 22:40:14.528244 Tango: Bravo, sending you 2
2024-10-14 22:40:14.528584 Mike: Tango, sending you 2
2024-10-14 22:40:14.529342 Lima: Alpha, Whiskey and Charlie, sending you 5
2024-10-14 22:40:14.529829 Whiskey: Alpha, sending you 2
2024-10-14 22:40:14.530074 Foxtrot: Tango, sending you 3
2024-10-14 22:40:14.530922 Bravo: Zulu, Yankee, Mike and Tango, sending you 2
2024-10-14 22:40:14.531356 Charlie: Lima, sending you 4
2024-10-14 22:40:14.531584 Yankee: Bravo, sending you 3
2024-10-14 22:40:14.532430 Alpha: Lima, sending you 4
2024-10-14 22:40:14.532833 Tango: Zulu, sending you 4
2024-10-14 22:40:14.533680 Zulu: Mike and Tango, sending you 4
2024-10-14 22:40:14.533981 Whiskey: Charlie and Lima, sending you 5
2024-10-14 22:40:14.534216 Bravo: Alpha, Whiskey and Charlie, sending you 1
2024-10-14 22:40:14.700905 Yankee: Zulu, sending you 2
2024-10-14 22:40:14.750130 Yankee: Mike, sending you 5
chatterbot Foxtrot submitting transactions
chatterbot Zulu submitting transactions
chatterbot Mike submitting transactions
chatterbot Whiskey submitting transactions
chatterbot Yankee submitting transactions
chatterbot Bravo submitting transactions
chatterbot Lima submitting transactions
chatterbot Alpha submitting transactions
chatterbot Charlie submitting transactions
chatterbot Tango submitting transactions
ChatterBot Foxtrot round 4
ChatterBot Bravo round 4
ChatterBot Zulu round 4
ChatterBot Alpha round 4
ChatterBot Whiskey round 4
ChatterBot Yankee round 4
ChatterBot Mike round 4
ChatterBot Charlie round 4
ChatterBot Lima round 4
ChatterBot Tango round 4
2024-10-14 22:40:15.697334 Zulu: We should drop Whiskey
2024-10-14 22:40:15.722082 Bravo: No
2024-10-14 22:40:15.722564 Tango: Yes
2024-10-14 22:40:15.722897 Mike: Yes
2024-10-14 22:40:15.723669 Yankee: Yes
2024-10-14 22:40:15.723942 Foxtrot: Yes
ChatterBot Zulu reevaluating
ChatterBot Zulu reevaluating
ChatterBot Bravo reevaluating
ChatterBot Zulu reevaluating
ChatterBot Bravo reevaluating
ChatterBot Zulu reevaluating
2024-10-14 22:40:15.857205 Alpha: Bravo, Zulu, Yankee, Mike and Tango, sending you 1
2024-10-14 22:40:15.858347 Mike: Foxtrot, Zulu, Yankee and Tango, sending you 4
2024-10-14 22:40:15.859643 Foxtrot: Bravo, Yankee and Mike, sending you 4
2024-10-14 22:40:15.861678 Alpha: Whiskey, sending you 2
2024-10-14 22:40:15.863665 Mike: Bravo, sending you 2
2024-10-14 22:40:15.864878 Foxtrot: Zulu, sending you 3
2024-10-14 22:40:15.865372 Charlie: Sending you each 5
2024-10-14 22:40:15.865673 Yankee: Foxtrot and Tango, sending you 4
2024-10-14 22:40:15.868080 Alpha: Charlie and Lima, sending you 4
2024-10-14 22:40:15.869120 Foxtrot: Tango, sending you 2
2024-10-14 22:40:15.870194 Yankee: Bravo, sending you 3
2024-10-14 22:40:15.870838 Tango: Foxtrot and Yankee, sending you 3
2024-10-14 22:40:15.872673 Lima: Zulu, sending you 2
2024-10-14 22:40:15.873687 Yankee: Zulu, sending you 2
2024-10-14 22:40:15.874289 Whiskey: Zulu, sending you 3
2024-10-14 22:40:15.875250 Bravo: Foxtrot, sending you 4
2024-10-14 22:40:15.875830 Tango: Bravo and Mike, sending you 2
2024-10-14 22:40:15.876989 Lima: Alpha and Charlie, sending you 5
2024-10-14 22:40:15.877386 Yankee: Mike, sending you 5
2024-10-14 22:40:15.878381 Whiskey: Alpha, sending you 2
2024-10-14 22:40:15.878848 Bravo: Zulu and Mike, sending you 3
2024-10-14 22:40:15.881663 Tango: Zulu, sending you 5
2024-10-14 22:40:15.882277 Lima: Whiskey, sending you 6
2024-10-14 22:40:15.883051 Whiskey: Charlie, sending you 6
2024-10-14 22:40:15.884884 Bravo: Alpha, sending you 1
2024-10-14 22:40:15.886874 Whiskey: Lima, sending you 4
2024-10-14 22:40:15.887774 Bravo: Yankee and Tango, sending you 2
2024-10-14 22:40:15.894656 Zulu: Foxtrot, Bravo and Yankee, sending you 3
2024-10-14 22:40:15.897924 Zulu: Mike, sending you 5
2024-10-14 22:40:15.902679 Zulu: Tango, sending you 4
chatterbot Alpha submitting transactions
chatterbot Zulu submitting transactions
chatterbot Foxtrot submitting transactions
chatterbot Charlie submitting transactions
chatterbot Tango submitting transactions
chatterbot Lima submitting transactions
chatterbot Yankee submitting transactions
chatterbot Mike submitting transactions
chatterbot Whiskey submitting transactions
chatterbot Bravo submitting transactions
ChatterBot Foxtrot round 5
ChatterBot Bravo round 5
ChatterBot Zulu round 5
ChatterBot Alpha round 5
ChatterBot Whiskey round 5
ChatterBot Yankee round 5
ChatterBot Mike round 5
ChatterBot Charlie round 5
ChatterBot Lima round 5
ChatterBot Tango round 5
2024-10-14 22:40:17.004706 Zulu: Foxtrot, Bravo and Yankee, sending you 3
2024-10-14 22:40:17.008008 Yankee: Foxtrot and Tango, sending you 4
2024-10-14 22:40:17.008971 Whiskey: Zulu, sending you 3
2024-10-14 22:40:17.009825 Zulu: Mike, sending you 5
2024-10-14 22:40:17.010536 Mike: Foxtrot, Bravo, Zulu and Yankee, sending you 4
2024-10-14 22:40:17.011741 Charlie: Same as last round
2024-10-14 22:40:17.012220 Foxtrot: Bravo, Yankee and Mike, sending you 4
2024-10-14 22:40:17.012859 Yankee: Bravo, sending you 2
2024-10-14 22:40:17.014064 Whiskey: Alpha, sending you 2
2024-10-14 22:40:17.014519 Zulu: Tango, sending you 4
2024-10-14 22:40:17.015758 Mike: Tango, sending you 2
2024-10-14 22:40:17.016452 Bravo: Foxtrot, sending you 4
2024-10-14 22:40:17.017344 Foxtrot: Zulu, sending you 3
2024-10-14 22:40:17.018322 Alpha: Bravo, Zulu, Yankee, Mike and Tango, sending you 1
2024-10-14 22:40:17.019516 Yankee: Zulu, sending you 3
2024-10-14 22:40:17.020227 Whiskey: Charlie and Lima, sending you 5
2024-10-14 22:40:17.021695 Bravo: Zulu and Mike, sending you 3
2024-10-14 22:40:17.022176 Lima: Zulu, sending you 2
2024-10-14 22:40:17.023119 Alpha: Whiskey, sending you 2
2024-10-14 22:40:17.023996 Foxtrot: Tango, sending you 2
2024-10-14 22:40:17.025102 Tango: Foxtrot, Yankee and Mike, sending you 3
2024-10-14 22:40:17.025855 Yankee: Mike, sending you 5
2024-10-14 22:40:17.026989 Bravo: Alpha, sending you 1
2024-10-14 22:40:17.027536 Lima: Alpha and Charlie, sending you 5
2024-10-14 22:40:17.028186 Alpha: Charlie and Lima, sending you 4
2024-10-14 22:40:17.029455 Tango: Bravo, sending you 2
2024-10-14 22:40:17.030182 Bravo: Yankee and Tango, sending you 2
2024-10-14 22:40:17.031084 Lima: Whiskey, sending you 6
2024-10-14 22:40:17.032668 Tango: Zulu, sending you 4
chatterbot Alpha submitting transactions
chatterbot Mike submitting transactions
chatterbot Zulu submitting transactions
chatterbot Lima submitting transactions
chatterbot Whiskey submitting transactions
chatterbot Yankee submitting transactions
chatterbot Foxtrot submitting transactions
chatterbot Bravo submitting transactions
chatterbot Tango submitting transactions
chatterbot Charlie submitting transactions
ChatterBot Foxtrot round 6
ChatterBot Bravo round 6
ChatterBot Zulu round 6
ChatterBot Alpha round 6
ChatterBot Whiskey round 6
ChatterBot Yankee round 6
ChatterBot Mike round 6
ChatterBot Charlie round 6
ChatterBot Lima round 6
ChatterBot Tango round 6
2024-10-14 22:40:18.357242 Zulu: Foxtrot, Bravo and Yankee, sending you 3
2024-10-14 22:40:18.358460 Bravo: Foxtrot, sending you 4
2024-10-14 22:40:18.362441 Zulu: Mike, sending you 5
2024-10-14 22:40:18.364981 Charlie: Same as last round
2024-10-14 22:40:18.365777 Bravo: Zulu and Mike, sending you 3
2024-10-14 22:40:18.367540 Lima: Zulu, sending you 1
2024-10-14 22:40:18.368304 Alpha: Bravo, Zulu, Yankee, Mike and Tango, sending you 1
2024-10-14 22:40:18.370502 Zulu: Tango, sending you 4
2024-10-14 22:40:18.372287 Yankee: Foxtrot, sending you 4
2024-10-14 22:40:18.374124 Bravo: Alpha, sending you 1
2024-10-14 22:40:18.375284 Lima: Alpha, sending you 5
2024-10-14 22:40:18.376973 Alpha: Whiskey, sending you 2
2024-10-14 22:40:18.379226 Mike: Foxtrot, Bravo, Zulu and Yankee, sending you 4
2024-10-14 22:40:18.380290 Foxtrot: Bravo and Mike, sending you 4
2024-10-14 22:40:18.382545 Yankee: Bravo, Zulu and Tango, sending you 3
2024-10-14 22:40:18.385086 Whiskey: Zulu, sending you 2
2024-10-14 22:40:18.386998 Bravo: Yankee and Tango, sending you 2
2024-10-14 22:40:18.388515 Lima: Whiskey and Charlie, sending you 6
2024-10-14 22:40:18.390310 Tango: Foxtrot and Bravo, sending you 2
2024-10-14 22:40:18.392442 Alpha: Charlie and Lima, sending you 4
2024-10-14 22:40:18.395120 Mike: Tango, sending you 2
2024-10-14 22:40:18.396404 Foxtrot: Zulu, Yankee and Tango, sending you 3
2024-10-14 22:40:18.398561 Yankee: Mike, sending you 5
2024-10-14 22:40:18.400401 Whiskey: Alpha, sending you 3
2024-10-14 22:40:18.401205 Tango: Zulu and Yankee, sending you 4
2024-10-14 22:40:18.406007 Whiskey: Charlie and Lima, sending you 5
2024-10-14 22:40:18.407193 Tango: Mike, sending you 3
chatterbot Alpha submitting transactions
chatterbot Zulu submitting transactions
chatterbot Whiskey submitting transactions
chatterbot Tango submitting transactions
chatterbot Lima submitting transactions
chatterbot Mike submitting transactions
chatterbot Bravo submitting transactions
chatterbot Foxtrot submitting transactions
chatterbot Charlie submitting transactions
chatterbot Yankee submitting transactions
ChatterBot Foxtrot round 7
ChatterBot Bravo round 7
ChatterBot Zulu round 7
ChatterBot Alpha round 7
ChatterBot Whiskey round 7
ChatterBot Yankee round 7
ChatterBot Mike round 7
ChatterBot Charlie round 7
ChatterBot Lima round 7
ChatterBot Tango round 7
2024-10-14 22:40:19.600351 Whiskey: We should replace Zulu with Yankee
ChatterBot Lima reevaluating
2024-10-14 22:40:19.607889 Charlie: No
2024-10-14 22:40:19.608086 Alpha: No
2024-10-14 22:40:19.608250 Lima: No
ChatterBot Lima reevaluating
ChatterBot Whiskey reevaluating
ChatterBot Lima reevaluating
ChatterBot Whiskey reevaluating
2024-10-14 22:40:19.658671 Zulu: Foxtrot, Bravo and Yankee, sending you 3
2024-10-14 22:40:19.660804 Alpha: Bravo, Zulu, Yankee, Mike and Tango, sending you 1
2024-10-14 22:40:19.662718 Yankee: Foxtrot, Mike and Tango, sending you 4
2024-10-14 22:40:19.664536 Foxtrot: Bravo, Yankee and Mike, sending you 4
2024-10-14 22:40:19.666252 Zulu: Mike, sending you 5
2024-10-14 22:40:19.667744 Bravo: Foxtrot, sending you 4
2024-10-14 22:40:19.668861 Tango: Foxtrot, Yankee and Mike, sending you 3
2024-10-14 22:40:19.670393 Alpha: Whiskey, sending you 2
2024-10-14 22:40:19.672359 Yankee: Bravo and Zulu, sending you 3
2024-10-14 22:40:19.674069 Foxtrot: Zulu, sending you 3
2024-10-14 22:40:19.675423 Bravo: Zulu and Mike, sending you 3
2024-10-14 22:40:19.677272 Zulu: Tango, sending you 4
2024-10-14 22:40:19.678668 Tango: Bravo, sending you 2
2024-10-14 22:40:19.680311 Alpha: Charlie and Lima, sending you 4
2024-10-14 22:40:19.682295 Foxtrot: Tango, sending you 2
2024-10-14 22:40:19.683635 Mike: Foxtrot, Bravo, Zulu and Yankee, sending you 4
2024-10-14 22:40:19.685403 Charlie: Same as last round
2024-10-14 22:40:19.685985 Whiskey: Zulu, sending you 2
2024-10-14 22:40:19.686594 Bravo: Alpha, sending you 1
2024-10-14 22:40:19.688544 Tango: Zulu, sending you 4
2024-10-14 22:40:19.690374 Lima: Bravo, Zulu and Yankee, sending you 1
2024-10-14 22:40:19.692419 Mike: Tango, sending you 2
2024-10-14 22:40:19.693734 Whiskey: Alpha, sending you 3
2024-10-14 22:40:19.694917 Bravo: Yankee and Tango, sending you 2
2024-10-14 22:40:19.696791 Lima: Alpha, Whiskey and Charlie, sending you 5
2024-10-14 22:40:19.698075 Whiskey: Charlie and Lima, sending you 5
chatterbot Tango submitting transactions
chatterbot Yankee submitting transactions
chatterbot Charlie submitting transactions
chatterbot Mike submitting transactions
chatterbot Foxtrot submitting transactions
chatterbot Alpha submitting transactions
chatterbot Lima submitting transactions
chatterbot Bravo submitting transactions
chatterbot Zulu submitting transactions
chatterbot Whiskey submitting transactions
ChatterBot Foxtrot round 8
ChatterBot Bravo round 8
ChatterBot Zulu round 8
ChatterBot Alpha round 8
ChatterBot Whiskey round 8
ChatterBot Yankee round 8
ChatterBot Mike round 8
ChatterBot Charlie round 8
ChatterBot Lima round 8
ChatterBot Tango round 8
2024-10-14 22:40:20.815707 Whiskey: We should replace Zulu with Bravo
ChatterBot Lima reevaluating
2024-10-14 22:40:20.823926 Charlie: No
2024-10-14 22:40:20.824108 Alpha: No
2024-10-14 22:40:20.824245 Lima: Yes
ChatterBot Whiskey reevaluating
ChatterBot Lima reevaluating
ChatterBot Whiskey reevaluating
ChatterBot Lima reevaluating
ChatterBot Whiskey reevaluating
2024-10-14 22:40:20.877087 Bravo: Foxtrot, sending you 4
2024-10-14 22:40:20.878150 Alpha: Bravo and Whiskey, sending you 2
2024-10-14 22:40:20.879964 Zulu: Foxtrot, Bravo and Yankee, sending you 3
2024-10-14 22:40:20.880922 Charlie: Same as last round
2024-10-14 22:40:20.881316 Lima: Alpha, sending you 5
2024-10-14 22:40:20.881724 Bravo: Zulu and Mike, sending you 3
2024-10-14 22:40:20.882118 Alpha: Zulu, Yankee and Mike, sending you 1
2024-10-14 22:40:20.883678 Yankee: Foxtrot, Mike and Tango, sending you 4
2024-10-14 22:40:20.884722 Zulu: Mike, sending you 5
2024-10-14 22:40:20.885633 Tango: Foxtrot, sending you 3
2024-10-14 22:40:20.886449 Lima: Whiskey and Charlie, sending you 6
2024-10-14 22:40:20.887263 Bravo: Alpha, sending you 1
2024-10-14 22:40:20.888039 Alpha: Charlie and Lima, sending you 4
2024-10-14 22:40:20.888919 Whiskey: Zulu, sending you 2
2024-10-14 22:40:20.889473 Foxtrot: Bravo and Mike, sending you 4
2024-10-14 22:40:20.890680 Zulu: Tango, sending you 4
2024-10-14 22:40:20.891489 Yankee: Bravo and Zulu, sending you 3
2024-10-14 22:40:20.892485 Tango: Bravo and Mike, sending you 2
2024-10-14 22:40:20.893234 Lima: Yankee, sending you 1
2024-10-14 22:40:20.894139 Bravo: Yankee and Tango, sending you 2
2024-10-14 22:40:20.894722 Whiskey: Alpha, sending you 3
2024-10-14 22:40:20.895301 Mike: Foxtrot, Bravo, Zulu and Yankee, sending you 4
2024-10-14 22:40:20.896189 Foxtrot: Zulu, Yankee and Tango, sending you 3
2024-10-14 22:40:20.897468 Tango: Zulu and Yankee, sending you 4
2024-10-14 22:40:20.898731 Mike: Tango, sending you 2
2024-10-14 22:40:20.900037 Whiskey: Charlie and Lima, sending you 5
chatterbot Yankee submitting transactions
chatterbot Charlie submitting transactions
chatterbot Alpha submitting transactions
chatterbot Foxtrot submitting transactions
chatterbot Tango submitting transactions
chatterbot Mike submitting transactions
chatterbot Lima submitting transactions
chatterbot Whiskey submitting transactions
chatterbot Bravo submitting transactions
chatterbot Zulu submitting transactions
ChatterBot Foxtrot round 9
ChatterBot Bravo round 9
ChatterBot Zulu round 9
ChatterBot Alpha round 9
ChatterBot Whiskey round 9
ChatterBot Yankee round 9
ChatterBot Mike round 9
ChatterBot Charlie round 9
ChatterBot Lima round 9
ChatterBot Tango round 9
2024-10-14 22:40:22.109111 Lima: Alpha, sending you 5
2024-10-14 22:40:22.110312 Whiskey: Zulu, sending you 2
2024-10-14 22:40:22.112710 Lima: Whiskey and Charlie, sending you 6
2024-10-14 22:40:22.115697 Whiskey: Alpha, sending you 3
2024-10-14 22:40:22.117330 Foxtrot: Bravo and Mike, sending you 4
2024-10-14 22:40:22.119521 Bravo: Foxtrot, sending you 4
2024-10-14 22:40:22.120447 Alpha: Bravo and Whiskey, sending you 2
2024-10-14 22:40:22.122589 Lima: Yankee, sending you 1
2024-10-14 22:40:22.123234 Mike: Foxtrot, Bravo, Zulu and Yankee, sending you 4
2024-10-14 22:40:22.125061 Charlie: Same as last round
2024-10-14 22:40:22.125769 Whiskey: Charlie and Lima, sending you 5
2024-10-14 22:40:22.126995 Foxtrot: Zulu, Yankee and Tango, sending you 3
2024-10-14 22:40:22.128899 Bravo: Zulu and Mike, sending you 3
2024-10-14 22:40:22.129925 Yankee: Foxtrot, Mike and Tango, sending you 4
2024-10-14 22:40:22.132215 Alpha: Zulu, Yankee and Mike, sending you 1
2024-10-14 22:40:22.134355 Zulu: Foxtrot, Bravo and Yankee, sending you 3
2024-10-14 22:40:22.136142 Tango: Foxtrot, sending you 3
2024-10-14 22:40:22.138155 Mike: Tango, sending you 2
2024-10-14 22:40:22.141038 Bravo: Alpha, sending you 1
2024-10-14 22:40:22.149214 Yankee: Bravo and Zulu, sending you 3
2024-10-14 22:40:22.156066 Alpha: Charlie and Lima, sending you 4
2024-10-14 22:40:22.160504 Zulu: Mike, sending you 5
2024-10-14 22:40:22.165571 Tango: Bravo and Mike, sending you 2
2024-10-14 22:40:22.169734 Bravo: Yankee and Tango, sending you 2
2024-10-14 22:40:22.171827 Zulu: Tango, sending you 4
2024-10-14 22:40:22.176428 Tango: Zulu and Yankee, sending you 4
chatterbot Foxtrot submitting transactions
chatterbot Alpha submitting transactions
chatterbot Yankee submitting transactions
chatterbot Lima submitting transactions
chatterbot Tango submitting transactions
chatterbot Whiskey submitting transactions
chatterbot Charlie submitting transactions
chatterbot Mike submitting transactions
chatterbot Bravo submitting transactions
chatterbot Zulu submitting transactions
ChatterBot Foxtrot round 10
ChatterBot Bravo round 10
ChatterBot Zulu round 10
ChatterBot Alpha round 10
ChatterBot Whiskey round 10
ChatterBot Yankee round 10
ChatterBot Mike round 10
ChatterBot Charlie round 10
ChatterBot Lima round 10
ChatterBot Tango round 10
2024-10-14 22:40:23.349745 Whiskey: We should replace Zulu with Bravo
2024-10-14 22:40:23.356595 Charlie: No
2024-10-14 22:40:23.356794 Alpha: No
2024-10-14 22:40:23.356964 Lima: No
ChatterBot Whiskey reevaluating
ChatterBot Lima reevaluating
ChatterBot Whiskey reevaluating
ChatterBot Lima reevaluating
ChatterBot Whiskey reevaluating
2024-10-14 22:40:23.402864 Whiskey: Bravo we want you to join our group
2024-10-14 22:40:23.407946 Bravo: No
ChatterBot Whiskey reevaluating
ChatterBot Lima reevaluating
2024-10-14 22:40:23.422413 Lima: We should replace Yankee with Bravo
ChatterBot Whiskey reevaluating
2024-10-14 22:40:23.433400 Charlie: No
2024-10-14 22:40:23.433626 Alpha: No
2024-10-14 22:40:23.433810 Whiskey: Yes
ChatterBot Whiskey reevaluating
ChatterBot Lima reevaluating
ChatterBot Whiskey reevaluating
ChatterBot Lima reevaluating
ChatterBot Lima reevaluating
2024-10-14 22:40:23.464710 Foxtrot: Bravo and Mike, sending you 4
2024-10-14 22:40:23.465666 Charlie: Same as last round
2024-10-14 22:40:23.469664 Yankee: Foxtrot, Mike and Tango, sending you 4
2024-10-14 22:40:23.471779 Mike: Foxtrot, Bravo, Zulu and Yankee, sending you 4
2024-10-14 22:40:23.473009 Foxtrot: Zulu, Yankee and Tango, sending you 3
2024-10-14 22:40:23.475880 Zulu: Foxtrot, Bravo and Yankee, sending you 3
2024-10-14 22:40:23.478170 Alpha: Bravo, sending you 2
2024-10-14 22:40:23.481991 Bravo: Foxtrot, sending you 4
2024-10-14 22:40:23.483127 Lima: Bravo we want you to join our group
ChatterBot Bravo reevaluating
2024-10-14 22:40:23.487792 Bravo: Yes
ChatterBot Whiskey reevaluating
ChatterBot Alpha reevaluating
2024-10-14 22:40:23.500422 Mike: Tango, sending you 2
2024-10-14 22:40:23.503173 Yankee: Bravo and Zulu, sending you 3
2024-10-14 22:40:23.505516 Zulu: Mike, sending you 5
2024-10-14 22:40:23.509682 Tango: Foxtrot, sending you 3
2024-10-14 22:40:23.512531 Zulu: Tango, sending you 4
2024-10-14 22:40:23.517211 Tango: Bravo and Mike, sending you 2
2024-10-14 22:40:23.519930 Lima: Bravo, sending you 1
2024-10-14 22:40:23.522681 Tango: Zulu and Yankee, sending you 4
2024-10-14 22:40:23.525704 Lima: Alpha, sending you 5
2024-10-14 22:40:23.529669 Lima: Whiskey and Charlie, sending you 6
2024-10-14 22:40:23.539702 Whiskey: Bravo, sending you 2
2024-10-14 22:40:23.543679 Whiskey: Alpha, sending you 3
2024-10-14 22:40:23.547673 Whiskey: Charlie and Lima, sending you 5
chatterbot Mike submitting transactions
chatterbot Tango submitting transactions
chatterbot Yankee submitting transactions
chatterbot Whiskey submitting transactions
chatterbot Charlie submitting transactions
chatterbot Lima submitting transactions
chatterbot Alpha submitting transactions
chatterbot Bravo submitting transactions
chatterbot Zulu submitting transactions
chatterbot Foxtrot submitting transactions
ChatterBot Foxtrot round 11
ChatterBot Bravo round 11
ChatterBot Zulu round 11
ChatterBot Alpha round 11
ChatterBot Whiskey round 11
ChatterBot Yankee round 11
ChatterBot Mike round 11
ChatterBot Charlie round 11
ChatterBot Lima round 11
ChatterBot Tango round 11
2024-10-14 22:40:24.596705 Yankee: Foxtrot, Mike and Tango, sending you 4
2024-10-14 22:40:24.597761 Whiskey: Bravo, sending you 2
2024-10-14 22:40:24.599675 Mike: Foxtrot, Bravo, Zulu and Yankee, sending you 4
2024-10-14 22:40:24.601148 Zulu: Foxtrot, Bravo and Yankee, sending you 3
2024-10-14 22:40:24.602088 Yankee: Bravo and Zulu, sending you 3
2024-10-14 22:40:24.603815 Whiskey: Alpha, sending you 3
2024-10-14 22:40:24.604895 Lima: Bravo, sending you 1
2024-10-14 22:40:24.605351 Mike: Tango, sending you 2
2024-10-14 22:40:24.606125 Zulu: Mike, sending you 5
2024-10-14 22:40:24.607649 Foxtrot: Bravo, Yankee and Mike, sending you 4
2024-10-14 22:40:24.608537 Lima: Alpha, sending you 5
2024-10-14 22:40:24.608969 Tango: Foxtrot, sending you 3
2024-10-14 22:40:24.611 Whiskey: Charlie and Lima, sending you 5
2024-10-14 22:40:24.611438 Zulu: Tango, sending you 4
2024-10-14 22:40:24.612392 Foxtrot: Zulu, sending you 3
2024-10-14 22:40:24.613250 Charlie: Same as last round
2024-10-14 22:40:24.613668 Lima: Whiskey and Charlie, sending you 6
2024-10-14 22:40:24.614664 Tango: Bravo and Mike, sending you 2
2024-10-14 22:40:24.615692 Foxtrot: Tango, sending you 2
2024-10-14 22:40:24.619048 Tango: Zulu and Yankee, sending you 4
2024-10-14 22:40:24.627083 Foxtrot: Bravo did not give me 4 like they said
ChatterBot Bravo reevaluating
ChatterBot Tango reevaluating
ChatterBot Mike reevaluating
ChatterBot Yankee reevaluating
ChatterBot Zulu reevaluating
chatterbot Tango submitting transactions
chatterbot Yankee submitting transactions
chatterbot Alpha submitting transactions
chatterbot Foxtrot submitting transactions
chatterbot Mike submitting transactions
chatterbot Charlie submitting transactions
chatterbot Zulu submitting transactions
chatterbot Lima submitting transactions
chatterbot Whiskey submitting transactions
chatterbot Bravo submitting transactions
ChatterBot Foxtrot round 12
ChatterBot Bravo round 12
ChatterBot Zulu round 12
ChatterBot Alpha round 12
ChatterBot Whiskey round 12
ChatterBot Yankee round 12
ChatterBot Mike round 12
ChatterBot Charlie round 12
ChatterBot Lima round 12
ChatterBot Tango round 12
