ChatterBot Oscar round 1
ChatterBot Delta round 1
ChatterBot X-ray round 1
ChatterBot Uniform round 1
ChatterBot Bravo round 1
ChatterBot Kilo round 1
ChatterBot Alpha round 1
ChatterBot Golf round 1
ChatterBot Tango round 1
ChatterBot Echo round 1
randomSelections Uniform: {Uniform, Bravo, Delta, X-ray, Golf, Oscar, Kilo} 
2024-10-14 22:40:10.431745 Uniform: Can we be friends?
ChatterBot Bravo reevaluating
ChatterBot Delta reevaluating
ChatterBot X-ray reevaluating
ChatterBot Golf reevaluating
ChatterBot Oscar reevaluating
ChatterBot Kilo reevaluating
2024-10-14 22:40:10.449848 Bravo: Yes
2024-10-14 22:40:10.450056 Delta: Yes
2024-10-14 22:40:10.450198 X-ray: Yes
2024-10-14 22:40:10.450360 Golf: Yes
2024-10-14 22:40:10.450485 Oscar: Yes
2024-10-14 22:40:10.450598 Kilo: Yes
ChatterBot Delta reevaluating
ChatterBot X-ray reevaluating
ChatterBot Golf reevaluating
ChatterBot Oscar reevaluating
ChatterBot Kilo reevaluating
ChatterBot Bravo reevaluating
ChatterBot X-ray reevaluating
ChatterBot Golf reevaluating
ChatterBot Oscar reevaluating
ChatterBot Kilo reevaluating
ChatterBot Bravo reevaluating
ChatterBot Delta reevaluating
ChatterBot Golf reevaluating
ChatterBot Oscar reevaluating
ChatterBot Kilo reevaluating
ChatterBot Bravo reevaluating
ChatterBot Delta reevaluating
ChatterBot X-ray reevaluating
ChatterBot Oscar reevaluating
ChatterBot Kilo reevaluating
ChatterBot Bravo reevaluating
ChatterBot Delta reevaluating
ChatterBot X-ray reevaluating
ChatterBot Golf reevaluating
ChatterBot Kilo reevaluating
ChatterBot Bravo reevaluating
ChatterBot Delta reevaluating
ChatterBot X-ray reevaluating
ChatterBot Golf reevaluating
ChatterBot Oscar reevaluating
randomSelections Tango: {Tango, Alpha, Golf, Bravo, Echo, Oscar} 
2024-10-14 22:40:10.613980 Tango: Group up?
ChatterBot Alpha reevaluating
ChatterBot Golf reevaluating
ChatterBot Bravo reevaluating
ChatterBot Echo reevaluating
ChatterBot Oscar reevaluating
2024-10-14 22:40:10.622491 Alpha: Yes
2024-10-14 22:40:10.622648 Golf: No
2024-10-14 22:40:10.622810 Bravo: No
2024-10-14 22:40:10.622992 Echo: Yes
2024-10-14 22:40:10.623106 Oscar: No
ChatterBot Golf reevaluating
ChatterBot Bravo reevaluating
ChatterBot Echo reevaluating
ChatterBot Oscar reevaluating
ChatterBot Alpha reevaluating
ChatterBot Bravo reevaluating
ChatterBot Echo reevaluating
ChatterBot Oscar reevaluating
ChatterBot Alpha reevaluating
ChatterBot Golf reevaluating
ChatterBot Echo reevaluating
ChatterBot Oscar reevaluating
ChatterBot Alpha reevaluating
ChatterBot Golf reevaluating
ChatterBot Bravo reevaluating
ChatterBot Oscar reevaluating
ChatterBot Alpha reevaluating
ChatterBot Golf reevaluating
ChatterBot Bravo reevaluating
ChatterBot Echo reevaluating
2024-10-14 22:40:10.704674 Uniform: Oscar, sending you 2
2024-10-14 22:40:10.707750 X-ray: Oscar, Delta and Kilo, sending you 4
2024-10-14 22:40:10.711339 Uniform: Delta, sending you 6
2024-10-14 22:40:10.713012 Golf: Oscar, sending you 6
2024-10-14 22:40:10.713784 Delta: Oscar, Bravo and Golf, sending you 3
2024-10-14 22:40:10.715110 Bravo: Oscar, sending you 3
2024-10-14 22:40:10.716362 Kilo: Oscar, sending you 1
2024-10-14 22:40:10.716966 Alpha: Oscar, sending you 6
2024-10-14 22:40:10.718262 X-ray: Uniform and Bravo, sending you 1
2024-10-14 22:40:10.719094 Uniform: Bravo, sending you 4
2024-10-14 22:40:10.720298 Golf: Delta and Bravo, sending you 1
2024-10-14 22:40:10.720917 Delta: X-ray, sending you 2
2024-10-14 22:40:10.721893 Kilo: Delta, Uniform, Bravo and Golf, sending you 2
2024-10-14 22:40:10.722317 Bravo: Delta and Golf, sending you 1
2024-10-14 22:40:10.722901 Alpha: Bravo, sending you 1
2024-10-14 22:40:10.724361 X-ray: Golf, sending you 2
2024-10-14 22:40:10.725564 Golf: Uniform, sending you 4
2024-10-14 22:40:10.726188 Uniform: Golf, sending you 3
2024-10-14 22:40:10.727124 Oscar: Delta, sending you 3
2024-10-14 22:40:10.727767 Kilo: X-ray, sending you 3
2024-10-14 22:40:10.728736 Delta: Uniform, sending you 4
2024-10-14 22:40:10.729690 Bravo: Uniform and Kilo, sending you 5
2024-10-14 22:40:10.730764 Alpha: Golf, sending you 4
2024-10-14 22:40:10.737131 Oscar: X-ray, Bravo and Golf, sending you 2
2024-10-14 22:40:10.738455 Delta: Kilo, sending you 1
2024-10-14 22:40:10.739296 Alpha: Tango and Echo, sending you 2
2024-10-14 22:40:10.742643 Oscar: Uniform, sending you 6
2024-10-14 22:40:10.755530 Oscar: Kilo, sending you 4
chatterbot Uniform submitting transactions
chatterbot Alpha submitting transactions
chatterbot Kilo submitting transactions
chatterbot X-ray submitting transactions
chatterbot Delta submitting transactions
chatterbot Oscar submitting transactions
chatterbot Golf submitting transactions
chatterbot Tango submitting transactions
chatterbot Bravo submitting transactions
chatterbot Echo submitting transactions
ChatterBot Oscar round 2
ChatterBot Delta round 2
ChatterBot X-ray round 2
ChatterBot Uniform round 2
ChatterBot Bravo round 2
ChatterBot Kilo round 2
ChatterBot Alpha round 2
ChatterBot Golf round 2
ChatterBot Tango round 2
ChatterBot Echo round 2
2024-10-14 22:40:12.068166 Oscar: We should add Alpha
ChatterBot Uniform reevaluating
ChatterBot Bravo reevaluating
ChatterBot Delta reevaluating
ChatterBot X-ray reevaluating
ChatterBot Golf reevaluating
ChatterBot Kilo reevaluating
2024-10-14 22:40:12.107771 Uniform: No
2024-10-14 22:40:12.108008 Bravo: No
2024-10-14 22:40:12.108166 Delta: No
2024-10-14 22:40:12.108819 X-ray: No
2024-10-14 22:40:12.108932 Golf: No
2024-10-14 22:40:12.109037 Kilo: No
ChatterBot Bravo reevaluating
ChatterBot Delta reevaluating
ChatterBot X-ray reevaluating
ChatterBot Golf reevaluating
ChatterBot Kilo reevaluating
ChatterBot Uniform reevaluating
ChatterBot Delta reevaluating
ChatterBot X-ray reevaluating
ChatterBot Golf reevaluating
ChatterBot Kilo reevaluating
ChatterBot Uniform reevaluating
ChatterBot Bravo reevaluating
ChatterBot X-ray reevaluating
ChatterBot Golf reevaluating
ChatterBot Kilo reevaluating
ChatterBot Uniform reevaluating
ChatterBot Bravo reevaluating
ChatterBot Delta reevaluating
ChatterBot Golf reevaluating
ChatterBot Kilo reevaluating
ChatterBot Uniform reevaluating
ChatterBot Bravo reevaluating
ChatterBot Delta reevaluating
ChatterBot X-ray reevaluating
ChatterBot Oscar reevaluating
ChatterBot Kilo reevaluating
ChatterBot Uniform reevaluating
ChatterBot Bravo reevaluating
ChatterBot Delta reevaluating
ChatterBot X-ray reevaluating
ChatterBot Golf reevaluating
ChatterBot Oscar reevaluating
2024-10-14 22:40:12.373394 Alpha: Let's form a team
ChatterBot Echo reevaluating
2024-10-14 22:40:12.379137 Echo: Yes
2024-10-14 22:40:12.384736 Echo: We would work well together
ChatterBot Alpha reevaluating
2024-10-14 22:40:12.390525 Alpha: No
ChatterBot Echo reevaluating
2024-10-14 22:40:12.406294 Tango: Friends?
ChatterBot Alpha reevaluating
2024-10-14 22:40:12.413018 Alpha: Yes
2024-10-14 22:40:12.821902 X-ray: Oscar and Delta, sending you 4
2024-10-14 22:40:12.822932 Uniform: Oscar, sending you 4
2024-10-14 22:40:12.823382 Bravo: Oscar, Delta and Kilo, sending you 3
2024-10-14 22:40:12.824209 Echo: Sending you 13
2024-10-14 22:40:12.824442 Kilo: Oscar and X-ray, sending you 3
2024-10-14 22:40:12.825644 Delta: Oscar and X-ray, sending you 3
2024-10-14 22:40:12.826169 Golf: Oscar, X-ray and Kilo, sending you 2
2024-10-14 22:40:12.827150 X-ray: Uniform, Bravo and Golf, sending you 1
2024-10-14 22:40:12.827568 Uniform: Delta, Bravo and Golf, sending you 3
2024-10-14 22:40:12.933932 Bravo: X-ray, sending you 2
2024-10-14 22:40:12.934524 Kilo: Delta and Uniform, sending you 1
2024-10-14 22:40:12.935592 Delta: Uniform, sending you 4
2024-10-14 22:40:12.936164 Golf: Delta and Uniform, sending you 3
2024-10-14 22:40:12.937134 Oscar: Delta and Bravo, sending you 3
2024-10-14 22:40:12.937689 X-ray: Kilo, sending you 5
2024-10-14 22:40:12.938580 Uniform: X-ray and Kilo, sending you 1
2024-10-14 22:40:12.939061 Tango: Sending you 4
2024-10-14 22:40:12.939853 Alpha: Sending you 11
chatterbot Tango submitting transactions
2024-10-14 22:40:12.940385 Kilo: Bravo, sending you 4
2024-10-14 22:40:12.941458 Bravo: Uniform, sending you 4
2024-10-14 22:40:12.942095 Delta: Bravo, Kilo and Golf, sending you 2
2024-10-14 22:40:12.943215 Oscar: X-ray, sending you 4
2024-10-14 22:40:13.086299 Bravo: Golf, sending you 1
2024-10-14 22:40:13.086953 Oscar: Uniform and Kilo, sending you 2
chatterbot Alpha submitting transactions
2024-10-14 22:40:13.171844 Oscar: Golf, sending you 5
chatterbot Uniform submitting transactions
chatterbot Oscar submitting transactions
chatterbot Echo submitting transactions
chatterbot X-ray submitting transactions
chatterbot Kilo submitting transactions
chatterbot Bravo submitting transactions
chatterbot Golf submitting transactions
chatterbot Delta submitting transactions
ChatterBot Oscar round 3
ChatterBot Delta round 3
ChatterBot X-ray round 3
ChatterBot Uniform round 3
ChatterBot Bravo round 3
ChatterBot Kilo round 3
ChatterBot Alpha round 3
ChatterBot Golf round 3
ChatterBot Tango round 3
ChatterBot Echo round 3
2024-10-14 22:40:13.881598 Tango: We should add Echo
ChatterBot Alpha reevaluating
2024-10-14 22:40:13.885571 Alpha: Yes
2024-10-14 22:40:13.898658 Echo: We should add Tango
ChatterBot Alpha reevaluating
2024-10-14 22:40:13.902795 Alpha: No
2024-10-14 22:40:13.905925 Tango: Echo we want you to join our group
ChatterBot Echo reevaluating
2024-10-14 22:40:13.909933 Echo: No
ChatterBot Alpha reevaluating
2024-10-14 22:40:13.951200 Alpha: Echo we want you to join our group
ChatterBot Echo reevaluating
2024-10-14 22:40:13.955310 Echo: Yes
ChatterBot Alpha reevaluating
2024-10-14 22:40:13.963450 Delta: Oscar and X-ray, sending you 3
2024-10-14 22:40:13.964197 Uniform: Oscar, Delta and Golf, sending you 3
2024-10-14 22:40:13.965239 Tango: Alpha, sending you 4
2024-10-14 22:40:13.965608 Bravo: Oscar, Delta and Kilo, sending you 3
2024-10-14 22:40:13.966786 X-ray: Oscar, sending you 4
2024-10-14 22:40:13.967414 Oscar: Delta, X-ray, Uniform, Bravo and Kilo, sending you 3
2024-10-14 22:40:13.968543 Golf: Oscar, sending you 4
2024-10-14 22:40:13.969209 Delta: Uniform, sending you 4
2024-10-14 22:40:13.970200 Echo: Tango we want you to join our group
2024-10-14 22:40:13.973459 Tango: Yes
ChatterBot Alpha reevaluating
ChatterBot Echo reevaluating
2024-10-14 22:40:13.980761 Kilo: Oscar and Delta, sending you 2
2024-10-14 22:40:13.982010 Uniform: X-ray and Kilo, sending you 1
2024-10-14 22:40:13.983176 Tango: Echo, sending you 1
2024-10-14 22:40:13.983452 X-ray: Delta and Kilo, sending you 3
2024-10-14 22:40:13.983983 Oscar: Golf, sending you 4
2024-10-14 22:40:13.985098 Bravo: X-ray, sending you 2
2024-10-14 22:40:13.986145 Golf: Delta, sending you 2
2024-10-14 22:40:13.986690 Delta: Bravo, Kilo and Golf, sending you 2
2024-10-14 22:40:13.987775 Kilo: X-ray and Bravo, sending you 3
2024-10-14 22:40:13.989087 Uniform: Bravo, sending you 4
2024-10-14 22:40:13.990706 X-ray: Uniform, Bravo and Golf, sending you 2
2024-10-14 22:40:13.992269 Bravo: Uniform, sending you 4
2024-10-14 22:40:13.993933 Golf: X-ray, Bravo and Kilo, sending you 1
2024-10-14 22:40:13.996065 Kilo: Uniform and Golf, sending you 1
2024-10-14 22:40:13.998437 Bravo: Golf, sending you 1
2024-10-14 22:40:14.017942 Golf: Uniform, sending you 3
2024-10-14 22:40:14.039406 Alpha: Tango, sending you 4
2024-10-14 22:40:14.039640 Echo: Alpha, sending you 16
2024-10-14 22:40:14.049475 Alpha: Echo, sending you 8
2024-10-14 22:40:14.049735 Echo: Tango, sending you 3
chatterbot Kilo submitting transactions
chatterbot Tango submitting transactions
chatterbot Bravo submitting transactions
chatterbot Delta submitting transactions
chatterbot Echo submitting transactions
chatterbot X-ray submitting transactions
chatterbot Golf submitting transactions
chatterbot Oscar submitting transactions
chatterbot Uniform submitting transactions
chatterbot Alpha submitting transactions
ChatterBot Oscar round 4
ChatterBot Delta round 4
ChatterBot X-ray round 4
ChatterBot Uniform round 4
ChatterBot Bravo round 4
ChatterBot Kilo round 4
ChatterBot Alpha round 4
ChatterBot Golf round 4
ChatterBot Tango round 4
ChatterBot Echo round 4
2024-10-14 22:40:15.139963 Oscar: Delta, X-ray, Uniform, Bravo and Kilo, sending you 3
2024-10-14 22:40:15.141039 Delta: Oscar and X-ray, sending you 3
2024-10-14 22:40:15.161900 Uniform: Oscar, Delta and Golf, sending you 3
2024-10-14 22:40:15.162590 Oscar: Golf, sending you 4
2024-10-14 22:40:15.163664 Delta: Uniform, sending you 4
2024-10-14 22:40:15.164182 X-ray: Oscar, sending you 4
2024-10-14 22:40:15.165308 Kilo: Oscar and Delta, sending you 2
2024-10-14 22:40:15.165819 Uniform: X-ray and Kilo, sending you 1
2024-10-14 22:40:15.166701 Alpha: Tango, sending you 4
2024-10-14 22:40:15.168457 X-ray: Delta and Kilo, sending you 3
2024-10-14 22:40:15.169049 Bravo: Oscar, Delta and Kilo, sending you 3
2024-10-14 22:40:15.170010 Echo: Alpha, sending you 14
2024-10-14 22:40:15.170237 Delta: Bravo, Kilo and Golf, sending you 2
2024-10-14 22:40:15.170696 Kilo: X-ray and Bravo, sending you 3
2024-10-14 22:40:15.171518 Golf: Oscar and Uniform, sending you 3
2024-10-14 22:40:15.171918 Tango: Alpha, sending you 4
2024-10-14 22:40:15.172112 Uniform: Bravo, sending you 4
2024-10-14 22:40:15.172954 Alpha: Echo, sending you 7
2024-10-14 22:40:15.173204 X-ray: Uniform, Bravo and Golf, sending you 2
2024-10-14 22:40:15.173749 Bravo: X-ray, sending you 2
2024-10-14 22:40:15.174766 Kilo: Uniform and Golf, sending you 1
2024-10-14 22:40:15.175223 Echo: Tango, sending you 5
2024-10-14 22:40:15.175464 Tango: Echo, sending you 3
2024-10-14 22:40:15.178333 Golf: Delta and X-ray, sending you 2
2024-10-14 22:40:15.180059 Bravo: Uniform, sending you 4
2024-10-14 22:40:15.208442 Golf: Bravo and Kilo, sending you 1
2024-10-14 22:40:15.209197 Bravo: Golf, sending you 1
chatterbot Echo submitting transactions
chatterbot Delta submitting transactions
chatterbot Alpha submitting transactions
chatterbot Golf submitting transactions
chatterbot X-ray submitting transactions
chatterbot Oscar submitting transactions
chatterbot Kilo submitting transactions
chatterbot Uniform submitting transactions
chatterbot Bravo submitting transactions
chatterbot Tango submitting transactions
ChatterBot Oscar round 5
ChatterBot Delta round 5
ChatterBot X-ray round 5
ChatterBot Uniform round 5
ChatterBot Bravo round 5
ChatterBot Kilo round 5
ChatterBot Alpha round 5
ChatterBot Golf round 5
ChatterBot Tango round 5
ChatterBot Echo round 5
2024-10-14 22:40:16.415703 Uniform: Oscar, Bravo and Golf, sending you 3
2024-10-14 22:40:16.418969 Oscar: Delta, X-ray, Uniform, Bravo and Kilo, sending you 3
2024-10-14 22:40:16.419728 Bravo: Oscar and Kilo, sending you 3
2024-10-14 22:40:16.420536 Kilo: Oscar, X-ray and Bravo, sending you 3
2024-10-14 22:40:16.421591 Uniform: Delta, sending you 4
2024-10-14 22:40:16.422698 X-ray: Oscar, sending you 4
2024-10-14 22:40:16.423815 Bravo: Delta and X-ray, sending you 2
2024-10-14 22:40:16.424727 Oscar: Golf, sending you 4
2024-10-14 22:40:16.425706 Kilo: Delta, sending you 2
2024-10-14 22:40:16.427265 Tango: Alpha, sending you 4
2024-10-14 22:40:16.427592 Uniform: X-ray and Kilo, sending you 1
2024-10-14 22:40:16.428487 Golf: Oscar and Uniform, sending you 3
2024-10-14 22:40:16.429818 Delta: Oscar, X-ray, Uniform and Bravo, sending you 3
2024-10-14 22:40:16.430699 X-ray: Delta and Kilo, sending you 3
2024-10-14 22:40:16.431993 Bravo: Uniform, sending you 5
2024-10-14 22:40:16.432829 Alpha: Tango, sending you 4
2024-10-14 22:40:16.433227 Tango: Echo, sending you 3
2024-10-14 22:40:16.433500 Kilo: Golf, sending you 1
2024-10-14 22:40:16.434269 Delta: Kilo and Golf, sending you 2
2024-10-14 22:40:16.435319 Golf: Delta and X-ray, sending you 2
2024-10-14 22:40:16.435910 X-ray: Uniform, Bravo and Golf, sending you 2
2024-10-14 22:40:16.437688 Bravo: Golf, sending you 1
2024-10-14 22:40:16.438417 Alpha: Echo, sending you 6
2024-10-14 22:40:16.438698 Echo: Alpha, sending you 13
2024-10-14 22:40:16.440180 Golf: Bravo and Kilo, sending you 1
2024-10-14 22:40:16.442707 Echo: Tango, sending you 6
chatterbot Golf submitting transactions
chatterbot Echo submitting transactions
chatterbot X-ray submitting transactions
chatterbot Tango submitting transactions
chatterbot Oscar submitting transactions
chatterbot Delta submitting transactions
chatterbot Alpha submitting transactions
chatterbot Uniform submitting transactions
chatterbot Kilo submitting transactions
chatterbot Bravo submitting transactions
ChatterBot Oscar round 6
ChatterBot Delta round 6
ChatterBot X-ray round 6
ChatterBot Uniform round 6
ChatterBot Bravo round 6
ChatterBot Kilo round 6
ChatterBot Alpha round 6
ChatterBot Golf round 6
ChatterBot Tango round 6
ChatterBot Echo round 6
2024-10-14 22:40:17.697676 Oscar: Delta, Uniform, Bravo, Kilo and Golf, sending you 3
2024-10-14 22:40:17.701662 Oscar: X-ray, sending you 4
2024-10-14 22:40:17.705685 X-ray: Oscar, sending you 4
2024-10-14 22:40:17.706419 Delta: Oscar and X-ray, sending you 3
2024-10-14 22:40:17.707276 Alpha: Tango, sending you 4
2024-10-14 22:40:17.707714 Tango: Alpha, sending you 4
2024-10-14 22:40:17.709695 X-ray: Delta and Kilo, sending you 3
2024-10-14 22:40:17.710753 Alpha: Echo, sending you 6
2024-10-14 22:40:17.711186 Uniform: Oscar, Delta and Golf, sending you 3
2024-10-14 22:40:17.712887 Delta: Uniform, sending you 4
2024-10-14 22:40:17.713868 Bravo: Oscar, Delta and Kilo, sending you 3
2024-10-14 22:40:17.714688 Tango: Echo, sending you 3
2024-10-14 22:40:17.714999 Kilo: Oscar, X-ray and Bravo, sending you 3
2024-10-14 22:40:17.716714 X-ray: Uniform, Bravo and Golf, sending you 2
2024-10-14 22:40:17.717661 Golf: Oscar and Uniform, sending you 3
2024-10-14 22:40:17.718550 Uniform: X-ray and Kilo, sending you 1
2024-10-14 22:40:17.719883 Delta: Bravo, Kilo and Golf, sending you 2
2024-10-14 22:40:17.720872 Bravo: X-ray, sending you 2
2024-10-14 22:40:17.721707 Kilo: Delta, sending you 2
2024-10-14 22:40:17.723210 Golf: Delta and X-ray, sending you 2
2024-10-14 22:40:17.724242 Uniform: Bravo, sending you 4
2024-10-14 22:40:17.725138 Echo: Alpha, sending you 13
2024-10-14 22:40:17.726061 Bravo: Uniform, sending you 4
2024-10-14 22:40:17.727045 Kilo: Golf, sending you 1
2024-10-14 22:40:17.727948 Golf: Bravo and Kilo, sending you 1
2024-10-14 22:40:17.729681 Echo: Tango, sending you 6
2024-10-14 22:40:17.730681 Bravo: Golf, sending you 1
chatterbot Tango submitting transactions
chatterbot Kilo submitting transactions
chatterbot Golf submitting transactions
chatterbot Delta submitting transactions
chatterbot Echo submitting transactions
chatterbot Oscar submitting transactions
chatterbot X-ray submitting transactions
chatterbot Bravo submitting transactions
chatterbot Alpha submitting transactions
chatterbot Uniform submitting transactions
ChatterBot Oscar round 7
ChatterBot Delta round 7
ChatterBot X-ray round 7
ChatterBot Uniform round 7
ChatterBot Bravo round 7
ChatterBot Kilo round 7
ChatterBot Alpha round 7
ChatterBot Golf round 7
ChatterBot Tango round 7
ChatterBot Echo round 7
2024-10-14 22:40:18.875681 Uniform: Oscar, Delta and Golf, sending you 3
2024-10-14 22:40:18.877647 Oscar: Delta, Uniform, Bravo, Kilo and Golf, sending you 3
2024-10-14 22:40:18.879695 Delta: Oscar, X-ray, Uniform and Bravo, sending you 3
2024-10-14 22:40:18.881362 Uniform: X-ray and Kilo, sending you 1
2024-10-14 22:40:18.882668 Oscar: X-ray, sending you 4
2024-10-14 22:40:18.883439 Alpha: Tango, sending you 4
2024-10-14 22:40:18.883759 Delta: Kilo and Golf, sending you 2
2024-10-14 22:40:18.884857 Echo: Alpha, sending you 12
2024-10-14 22:40:18.885108 Golf: Oscar and Uniform, sending you 3
2024-10-14 22:40:18.886700 Uniform: Bravo, sending you 4
2024-10-14 22:40:18.888183 Alpha: Echo, sending you 5
2024-10-14 22:40:18.889656 Echo: Tango, sending you 7
2024-10-14 22:40:18.889949 X-ray: Oscar, sending you 4
2024-10-14 22:40:18.891134 Golf: Delta and X-ray, sending you 2
2024-10-14 22:40:18.891775 Bravo: Oscar, Delta and Kilo, sending you 3
2024-10-14 22:40:18.892423 Kilo: Oscar and Bravo, sending you 3
2024-10-14 22:40:18.894659 Bravo: X-ray, sending you 2
2024-10-14 22:40:18.895688 X-ray: Delta and Kilo, sending you 3
2024-10-14 22:40:18.896792 Golf: Bravo and Kilo, sending you 1
2024-10-14 22:40:18.898324 Kilo: Delta and X-ray, sending you 2
2024-10-14 22:40:18.899679 Bravo: Uniform, sending you 4
2024-10-14 22:40:18.900689 Tango: Alpha, sending you 4
2024-10-14 22:40:18.900988 X-ray: Uniform, Bravo and Golf, sending you 2
2024-10-14 22:40:18.903662 Kilo: Uniform and Golf, sending you 1
2024-10-14 22:40:18.904698 Tango: Echo, sending you 3
2024-10-14 22:40:18.905711 Bravo: Golf, sending you 1
chatterbot X-ray submitting transactions
chatterbot Tango submitting transactions
chatterbot Bravo submitting transactions
chatterbot Echo submitting transactions
chatterbot Oscar submitting transactions
chatterbot Kilo submitting transactions
chatterbot Golf submitting transactions
chatterbot Delta submitting transactions
chatterbot Uniform submitting transactions
chatterbot Alpha submitting transactions
ChatterBot Oscar round 8
ChatterBot Delta round 8
ChatterBot X-ray round 8
ChatterBot Uniform round 8
ChatterBot Bravo round 8
ChatterBot Kilo round 8
ChatterBot Alpha round 8
ChatterBot Golf round 8
ChatterBot Tango round 8
ChatterBot Echo round 8
2024-10-14 22:40:20.147660 Bravo: Oscar, Delta and Kilo, sending you 3
2024-10-14 22:40:20.151662 Bravo: X-ray, sending you 2
2024-10-14 22:40:20.153206 X-ray: Oscar, sending you 4
2024-10-14 22:40:20.154155 Delta: Oscar, X-ray, Uniform and Bravo, sending you 3
2024-10-14 22:40:20.155041 Kilo: Oscar and Bravo, sending you 3
2024-10-14 22:40:20.156510 Alpha: Sending you each 5
2024-10-14 22:40:20.156952 Oscar: Delta, Uniform, Bravo, Kilo and Golf, sending you 3
2024-10-14 22:40:20.157718 Tango: Alpha, sending you 4
2024-10-14 22:40:20.158053 Bravo: Uniform, sending you 4
2024-10-14 22:40:20.158782 X-ray: Delta and Kilo, sending you 3
2024-10-14 22:40:20.159491 Delta: Kilo and Golf, sending you 2
2024-10-14 22:40:20.160599 Kilo: Delta and X-ray, sending you 2
2024-10-14 22:40:20.161413 Uniform: Oscar, Delta and Golf, sending you 3
2024-10-14 22:40:20.162273 Tango: Echo, sending you 3
2024-10-14 22:40:20.162774 Golf: Oscar and Uniform, sending you 3
2024-10-14 22:40:20.163696 X-ray: Uniform, Bravo and Golf, sending you 2
2024-10-14 22:40:20.164978 Oscar: X-ray, sending you 4
2024-10-14 22:40:20.165765 Bravo: Golf, sending you 1
2024-10-14 22:40:20.166575 Kilo: Uniform and Golf, sending you 1
2024-10-14 22:40:20.167290 Echo: Alpha, sending you 12
2024-10-14 22:40:20.167576 Uniform: X-ray, sending you 2
2024-10-14 22:40:20.168386 Golf: Delta and X-ray, sending you 2
2024-10-14 22:40:20.170666 Uniform: Bravo, sending you 4
2024-10-14 22:40:20.172415 Echo: Tango, sending you 7
2024-10-14 22:40:20.174651 Golf: Bravo and Kilo, sending you 1
chatterbot Oscar submitting transactions
chatterbot Uniform submitting transactions
chatterbot Tango submitting transactions
chatterbot Kilo submitting transactions
chatterbot Alpha submitting transactions
chatterbot Echo submitting transactions
chatterbot Golf submitting transactions
chatterbot Bravo submitting transactions
chatterbot X-ray submitting transactions
chatterbot Delta submitting transactions
ChatterBot Oscar round 9
ChatterBot Delta round 9
ChatterBot X-ray round 9
ChatterBot Uniform round 9
ChatterBot Bravo round 9
ChatterBot Kilo round 9
ChatterBot Alpha round 9
ChatterBot Golf round 9
ChatterBot Tango round 9
ChatterBot Echo round 9
2024-10-14 22:40:21.134709 Oscar: Delta, Uniform, Bravo, Kilo and Golf, sending you 3
2024-10-14 22:40:21.136667 Alpha: Same as last round
2024-10-14 22:40:21.137675 Bravo: Oscar, Delta and Kilo, sending you 3
2024-10-14 22:40:21.138659 Uniform: Oscar, Delta and Golf, sending you 3
2024-10-14 22:40:21.140663 Oscar: X-ray, sending you 4
2024-10-14 22:40:21.141911 Bravo: X-ray, sending you 2
2024-10-14 22:40:21.142930 Uniform: X-ray, sending you 2
2024-10-14 22:40:21.146671 Bravo: Uniform, sending you 4
2024-10-14 22:40:21.147663 Uniform: Bravo, sending you 4
2024-10-14 22:40:21.148603 Delta: Oscar, X-ray, Uniform and Bravo, sending you 3
2024-10-14 22:40:21.149710 X-ray: Oscar, sending you 4
2024-10-14 22:40:21.150450 Echo: Alpha, sending you 12
2024-10-14 22:40:21.150752 Golf: Oscar and Uniform, sending you 3
2024-10-14 22:40:21.151940 Kilo: Oscar and Bravo, sending you 3
2024-10-14 22:40:21.153253 Bravo: Golf, sending you 1
2024-10-14 22:40:21.154691 Delta: Kilo and Golf, sending you 2
2024-10-14 22:40:21.155683 X-ray: Delta and Kilo, sending you 3
2024-10-14 22:40:21.156509 Tango: Alpha, sending you 4
2024-10-14 22:40:21.156860 Echo: Tango, sending you 7
2024-10-14 22:40:21.157500 Golf: Delta and X-ray, sending you 2
2024-10-14 22:40:21.158296 Kilo: Delta and X-ray, sending you 2
2024-10-14 22:40:21.159537 X-ray: Uniform, Bravo and Golf, sending you 2
2024-10-14 22:40:21.161025 Golf: Bravo and Kilo, sending you 1
2024-10-14 22:40:21.162078 Tango: Echo, sending you 2
2024-10-14 22:40:21.163002 Kilo: Uniform and Golf, sending you 1
chatterbot Tango submitting transactions
chatterbot Kilo submitting transactions
chatterbot Bravo submitting transactions
chatterbot Alpha submitting transactions
chatterbot Delta submitting transactions
chatterbot Golf submitting transactions
chatterbot X-ray submitting transactions
chatterbot Uniform submitting transactions
chatterbot Oscar submitting transactions
chatterbot Echo submitting transactions
ChatterBot Oscar round 10
ChatterBot Delta round 10
ChatterBot X-ray round 10
ChatterBot Uniform round 10
ChatterBot Bravo round 10
ChatterBot Kilo round 10
ChatterBot Alpha round 10
ChatterBot Golf round 10
ChatterBot Tango round 10
ChatterBot Echo round 10
2024-10-14 22:40:22.295671 X-ray: Oscar, sending you 4
2024-10-14 22:40:22.296948 Oscar: Delta, Uniform, Bravo, Kilo and Golf, sending you 3
2024-10-14 22:40:22.299672 X-ray: Delta and Kilo, sending you 3
2024-10-14 22:40:22.302656 Oscar: X-ray, sending you 4
2024-10-14 22:40:22.303807 Delta: Oscar, X-ray, Uniform and Bravo, sending you 3
2024-10-14 22:40:22.304878 X-ray: Uniform, Bravo and Golf, sending you 2
2024-10-14 22:40:22.307678 Delta: Kilo and Golf, sending you 2
2024-10-14 22:40:22.308738 Uniform: Oscar, Delta and Golf, sending you 3
2024-10-14 22:40:22.309808 Alpha: Same as last round
2024-10-14 22:40:22.310684 Golf: Oscar and Uniform, sending you 3
2024-10-14 22:40:22.312665 Uniform: X-ray, sending you 2
2024-10-14 22:40:22.314007 Bravo: Oscar, Delta and Kilo, sending you 3
2024-10-14 22:40:22.314992 Kilo: Oscar and Bravo, sending you 3
2024-10-14 22:40:22.315865 Tango: Alpha, sending you 4
2024-10-14 22:40:22.316156 Uniform: Bravo, sending you 4
2024-10-14 22:40:22.316996 Golf: Delta and X-ray, sending you 2
2024-10-14 22:40:22.318664 Echo: Alpha, sending you 12
2024-10-14 22:40:22.319425 Bravo: X-ray, sending you 2
2024-10-14 22:40:22.320464 Kilo: Delta and X-ray, sending you 2
2024-10-14 22:40:22.321432 Tango: Echo, sending you 2
2024-10-14 22:40:22.322695 Golf: Bravo and Kilo, sending you 1
2024-10-14 22:40:22.324352 Bravo: Uniform, sending you 4
2024-10-14 22:40:22.325688 Echo: Tango, sending you 7
2024-10-14 22:40:22.326079 Kilo: Uniform and Golf, sending you 1
2024-10-14 22:40:22.330661 Bravo: Golf, sending you 1
chatterbot X-ray submitting transactions
chatterbot Tango submitting transactions
chatterbot Bravo submitting transactions
chatterbot Echo submitting transactions
chatterbot Delta submitting transactions
chatterbot Alpha submitting transactions
chatterbot Oscar submitting transactions
chatterbot Golf submitting transactions
chatterbot Uniform submitting transactions
chatterbot Kilo submitting transactions
ChatterBot Oscar round 11
ChatterBot Delta round 11
ChatterBot X-ray round 11
ChatterBot Uniform round 11
ChatterBot Bravo round 11
ChatterBot Kilo round 11
ChatterBot Alpha round 11
ChatterBot Golf round 11
ChatterBot Tango round 11
ChatterBot Echo round 11
2024-10-14 22:40:23.226659 Oscar: Delta, Uniform, Bravo, Kilo and Golf, sending you 3
2024-10-14 22:40:23.231696 X-ray: Oscar, sending you 4
2024-10-14 22:40:23.232856 Oscar: X-ray, sending you 4
2024-10-14 22:40:23.233867 Golf: Oscar and Uniform, sending you 3
2024-10-14 22:40:23.235120 Bravo: Oscar, Delta and Kilo, sending you 3
2024-10-14 22:40:23.236013 Echo: Alpha, sending you 12
2024-10-14 22:40:23.236324 Uniform: Oscar, Delta and Golf, sending you 3
2024-10-14 22:40:23.237654 X-ray: Delta and Kilo, sending you 3
2024-10-14 22:40:23.238691 Golf: Delta and X-ray, sending you 2
2024-10-14 22:40:23.239664 Bravo: X-ray, sending you 2
2024-10-14 22:40:23.241179 Tango: Alpha, sending you 4
2024-10-14 22:40:23.241531 Echo: Tango, sending you 7
2024-10-14 22:40:23.241869 Uniform: X-ray, sending you 2
2024-10-14 22:40:23.242806 Alpha: Tango, sending you 5
2024-10-14 22:40:23.243202 Kilo: Oscar, X-ray and Bravo, sending you 3
2024-10-14 22:40:23.244298 X-ray: Uniform, Bravo and Golf, sending you 2
2024-10-14 22:40:23.245275 Golf: Bravo and Kilo, sending you 1
2024-10-14 22:40:23.246246 Bravo: Uniform, sending you 4
2024-10-14 22:40:23.247336 Tango: Echo, sending you 2
2024-10-14 22:40:23.248118 Delta: Oscar, X-ray, Uniform and Bravo, sending you 3
2024-10-14 22:40:23.249409 Alpha: Echo, sending you 4
2024-10-14 22:40:23.249877 Kilo: Delta, sending you 2
2024-10-14 22:40:23.251172 Uniform: Bravo, sending you 4
2024-10-14 22:40:23.252603 Bravo: Golf, sending you 1
2024-10-14 22:40:23.253679 Delta: Kilo and Golf, sending you 2
2024-10-14 22:40:23.256037 Kilo: Golf, sending you 1
chatterbot Tango submitting transactions
chatterbot X-ray submitting transactions
chatterbot Echo submitting transactions
chatterbot Golf submitting transactions
chatterbot Oscar submitting transactions
chatterbot Alpha submitting transactions
chatterbot Delta submitting transactions
chatterbot Bravo submitting transactions
chatterbot Uniform submitting transactions
chatterbot Kilo submitting transactions
ChatterBot Oscar round 12
ChatterBot Delta round 12
ChatterBot X-ray round 12
ChatterBot Uniform round 12
ChatterBot Bravo round 12
ChatterBot Kilo round 12
ChatterBot Alpha round 12
ChatterBot Golf round 12
ChatterBot Tango round 12
ChatterBot Echo round 12
2024-10-14 22:40:24.530656 Alpha: Tango, sending you 6
2024-10-14 22:40:24.531685 Oscar: Delta, Uniform, Bravo, Kilo and Golf, sending you 3
2024-10-14 22:40:24.533434 X-ray: Oscar, sending you 4
2024-10-14 22:40:24.534952 Golf: Oscar and Uniform, sending you 3
2024-10-14 22:40:24.536442 Alpha: Echo, sending you 4
2024-10-14 22:40:24.537685 Oscar: X-ray, sending you 4
2024-10-14 22:40:24.540488 Bravo: Oscar, Delta and Kilo, sending you 3
2024-10-14 22:40:24.543943 Kilo: Oscar, X-ray and Bravo, sending you 3
2024-10-14 22:40:24.546433 X-ray: Delta and Kilo, sending you 3
2024-10-14 22:40:24.548955 Uniform: Oscar, Delta and Golf, sending you 3
2024-10-14 22:40:24.552953 Golf: Delta and X-ray, sending you 2
2024-10-14 22:40:24.557079 Delta: Oscar, X-ray, Uniform and Bravo, sending you 3
2024-10-14 22:40:24.559599 Bravo: X-ray, sending you 2
2024-10-14 22:40:24.561225 Kilo: Delta, sending you 2
2024-10-14 22:40:24.563642 Echo: Alpha, sending you 12
2024-10-14 22:40:24.564119 X-ray: Uniform, Bravo and Golf, sending you 2
2024-10-14 22:40:24.566404 Uniform: X-ray, sending you 2
2024-10-14 22:40:24.568214 Golf: Bravo and Kilo, sending you 1
2024-10-14 22:40:24.570514 Delta: Kilo and Golf, sending you 2
2024-10-14 22:40:24.572925 Tango: Alpha, sending you 4
2024-10-14 22:40:24.573338 Bravo: Uniform, sending you 4
2024-10-14 22:40:24.574657 Echo: Tango, sending you 7
2024-10-14 22:40:24.575090 Kilo: Golf, sending you 1
2024-10-14 22:40:24.577290 Uniform: Bravo, sending you 4
2024-10-14 22:40:24.578824 Tango: Echo, sending you 2
2024-10-14 22:40:24.579231 Bravo: Golf, sending you 1
chatterbot Bravo submitting transactions
chatterbot Oscar submitting transactions
chatterbot Delta submitting transactions
chatterbot Kilo submitting transactions
chatterbot Tango submitting transactions
chatterbot X-ray submitting transactions
chatterbot Echo submitting transactions
chatterbot Alpha submitting transactions
chatterbot Uniform submitting transactions
chatterbot Golf submitting transactions
ChatterBot Oscar round 13
ChatterBot Delta round 13
ChatterBot X-ray round 13
ChatterBot Uniform round 13
ChatterBot Bravo round 13
ChatterBot Kilo round 13
ChatterBot Alpha round 13
ChatterBot Golf round 13
ChatterBot Tango round 13
ChatterBot Echo round 13
2024-10-14 22:40:25.586672 Delta: Oscar, X-ray, Uniform and Bravo, sending you 3
2024-10-14 22:40:25.589667 X-ray: Oscar, sending you 4
2024-10-14 22:40:25.592663 Delta: Kilo and Golf, sending you 2
2024-10-14 22:40:25.594052 Bravo: Oscar, Delta and Kilo, sending you 3
2024-10-14 22:40:25.596087 X-ray: Delta and Kilo, sending you 3
2024-10-14 22:40:25.597493 Echo: Alpha, sending you 12
2024-10-14 22:40:25.597897 Golf: Oscar and Uniform, sending you 3
2024-10-14 22:40:25.599715 Uniform: Oscar, Delta and Golf, sending you 3
2024-10-14 22:40:25.601080 Tango: Alpha, sending you 4
2024-10-14 22:40:25.601453 Bravo: X-ray, sending you 2
2024-10-14 22:40:25.603489 Kilo: Oscar, X-ray and Bravo, sending you 3
2024-10-14 22:40:25.605160 Echo: Tango, sending you 7
2024-10-14 22:40:25.605553 X-ray: Uniform, Bravo and Golf, sending you 2
2024-10-14 22:40:25.607280 Oscar: Delta, Uniform, Bravo, Kilo and Golf, sending you 3
2024-10-14 22:40:25.608725 Golf: Delta and X-ray, sending you 2
2024-10-14 22:40:25.610488 Alpha: Tango, sending you 6
2024-10-14 22:40:25.610877 Uniform: X-ray, sending you 2
2024-10-14 22:40:25.612777 Tango: Echo, sending you 2
2024-10-14 22:40:25.613232 Bravo: Uniform, sending you 4
2024-10-14 22:40:25.614712 Kilo: Delta, sending you 2
2024-10-14 22:40:25.616556 Oscar: X-ray, sending you 4
2024-10-14 22:40:25.618470 Golf: Bravo and Kilo, sending you 1
2024-10-14 22:40:25.620062 Alpha: Echo, sending you 4
2024-10-14 22:40:25.620451 Uniform: Bravo, sending you 4
2024-10-14 22:40:25.622205 Bravo: Golf, sending you 1
2024-10-14 22:40:25.624253 Kilo: Golf, sending you 1
chatterbot Kilo submitting transactions
chatterbot Alpha submitting transactions
chatterbot Uniform submitting transactions
chatterbot Oscar submitting transactions
chatterbot Tango submitting transactions
chatterbot X-ray submitting transactions
chatterbot Delta submitting transactions
chatterbot Echo submitting transactions
chatterbot Golf submitting transactions
chatterbot Bravo submitting transactions
ChatterBot Oscar round 14
ChatterBot Delta round 14
ChatterBot X-ray round 14
ChatterBot Uniform round 14
ChatterBot Bravo round 14
ChatterBot Kilo round 14
ChatterBot Alpha round 14
ChatterBot Golf round 14
ChatterBot Tango round 14
ChatterBot Echo round 14
2024-10-14 22:40:26.760725 X-ray: Oscar, sending you 4
2024-10-14 22:40:26.763242 Bravo: Oscar, Delta and Kilo, sending you 3
2024-10-14 22:40:26.765480 Tango: Alpha, sending you 4
2024-10-14 22:40:26.765953 Uniform: Oscar, Delta and Golf, sending you 3
2024-10-14 22:40:26.767985 X-ray: Delta and Kilo, sending you 3
2024-10-14 22:40:26.769688 Bravo: X-ray, sending you 2
2024-10-14 22:40:26.771375 Tango: Echo, sending you 2
2024-10-14 22:40:26.771784 Uniform: X-ray, sending you 2
2024-10-14 22:40:26.773137 Delta: Oscar, X-ray, Uniform and Bravo, sending you 3
2024-10-14 22:40:26.774850 Golf: Oscar and Uniform, sending you 3
2024-10-14 22:40:26.776075 Oscar: Delta, Uniform, Bravo, Kilo and Golf, sending you 3
2024-10-14 22:40:26.777344 Kilo: Oscar, X-ray and Bravo, sending you 3
2024-10-14 22:40:26.778219 X-ray: Uniform, Bravo and Golf, sending you 2
2024-10-14 22:40:26.779504 Bravo: Uniform, sending you 4
2024-10-14 22:40:26.780370 Alpha: Tango, sending you 6
2024-10-14 22:40:26.780667 Uniform: Bravo, sending you 4
2024-10-14 22:40:26.781546 Delta: Kilo and Golf, sending you 2
2024-10-14 22:40:26.782885 Golf: Delta and X-ray, sending you 2
2024-10-14 22:40:26.783801 Kilo: Delta, sending you 2
2024-10-14 22:40:26.784696 Oscar: X-ray, sending you 4
2024-10-14 22:40:26.786112 Echo: Alpha, sending you 12
2024-10-14 22:40:26.786397 Bravo: Golf, sending you 1
2024-10-14 22:40:26.787516 Alpha: Echo, sending you 4
2024-10-14 22:40:26.787894 Golf: Bravo and Kilo, sending you 1
2024-10-14 22:40:26.789804 Kilo: Golf, sending you 1
2024-10-14 22:40:26.791554 Echo: Tango, sending you 7
chatterbot Echo submitting transactions
chatterbot Delta submitting transactions
chatterbot Kilo submitting transactions
chatterbot Uniform submitting transactions
chatterbot X-ray submitting transactions
chatterbot Oscar submitting transactions
chatterbot Alpha submitting transactions
chatterbot Tango submitting transactions
chatterbot Golf submitting transactions
chatterbot Bravo submitting transactions
ChatterBot Oscar round 15
ChatterBot Delta round 15
ChatterBot X-ray round 15
ChatterBot Uniform round 15
ChatterBot Bravo round 15
ChatterBot Kilo round 15
ChatterBot Alpha round 15
ChatterBot Golf round 15
ChatterBot Tango round 15
ChatterBot Echo round 15
2024-10-14 22:40:27.838685 Oscar: Delta, Uniform, Bravo, Kilo and Golf, sending you 3
2024-10-14 22:40:27.844682 Oscar: X-ray, sending you 4
2024-10-14 22:40:27.846982 Tango: Alpha, sending you 4
2024-10-14 22:40:27.848166 Delta: Oscar, X-ray, Uniform and Bravo, sending you 3
2024-10-14 22:40:27.850396 Golf: Oscar and Uniform, sending you 3
2024-10-14 22:40:27.852758 Uniform: Oscar, Delta and Golf, sending you 3
2024-10-14 22:40:27.855302 X-ray: Oscar, sending you 4
2024-10-14 22:40:27.857223 Bravo: Oscar, Delta and Kilo, sending you 3
2024-10-14 22:40:27.859474 Tango: Echo, sending you 2
2024-10-14 22:40:27.859968 Delta: Kilo and Golf, sending you 2
2024-10-14 22:40:27.862094 Golf: Delta and X-ray, sending you 2
2024-10-14 22:40:27.863671 Uniform: X-ray, sending you 2
2024-10-14 22:40:27.865774 X-ray: Delta and Kilo, sending you 3
2024-10-14 22:40:27.867397 Bravo: X-ray, sending you 2
2024-10-14 22:40:27.869403 Kilo: Oscar, X-ray and Bravo, sending you 3
2024-10-14 22:40:27.871312 Echo: Alpha, sending you 12
2024-10-14 22:40:27.874282 Golf: Bravo and Kilo, sending you 1
2024-10-14 22:40:27.877210 Uniform: Bravo, sending you 4
2024-10-14 22:40:27.879874 Alpha: Tango, sending you 6
2024-10-14 22:40:27.880380 X-ray: Uniform, Bravo and Golf, sending you 2
2024-10-14 22:40:27.882757 Bravo: Uniform, sending you 4
2024-10-14 22:40:27.887766 Kilo: Delta, sending you 2
2024-10-14 22:40:27.890148 Echo: Tango, sending you 7
2024-10-14 22:40:27.890665 Alpha: Echo, sending you 4
2024-10-14 22:40:27.891680 Bravo: Golf, sending you 1
2024-10-14 22:40:27.894686 Kilo: Golf, sending you 1
chatterbot Uniform submitting transactions
chatterbot Tango submitting transactions
chatterbot Bravo submitting transactions
chatterbot Golf submitting transactions
chatterbot Echo submitting transactions
chatterbot Delta submitting transactions
chatterbot Kilo submitting transactions
chatterbot Alpha submitting transactions
chatterbot Oscar submitting transactions
chatterbot X-ray submitting transactions
ChatterBot Oscar round 16
ChatterBot Delta round 16
ChatterBot X-ray round 16
ChatterBot Uniform round 16
ChatterBot Bravo round 16
ChatterBot Kilo round 16
ChatterBot Alpha round 16
ChatterBot Golf round 16
ChatterBot Tango round 16
ChatterBot Echo round 16
2024-10-14 22:40:29.071663 X-ray: Oscar, sending you 4
2024-10-14 22:40:29.076709 X-ray: Delta and Kilo, sending you 3
2024-10-14 22:40:29.078728 Delta: Oscar, X-ray, Uniform and Bravo, sending you 3
2024-10-14 22:40:29.080075 Uniform: Oscar, Delta and Golf, sending you 3
2024-10-14 22:40:29.082182 Golf: Oscar and Uniform, sending you 3
2024-10-14 22:40:29.084716 X-ray: Uniform, Bravo and Golf, sending you 2
2024-10-14 22:40:29.086375 Delta: Kilo and Golf, sending you 2
2024-10-14 22:40:29.088268 Uniform: X-ray, sending you 2
2024-10-14 22:40:29.090141 Alpha: Tango, sending you 7
2024-10-14 22:40:29.090759 Kilo: Oscar, X-ray and Bravo, sending you 3
