ChatterBot Zulu round 1
ChatterBot X-ray round 1
ChatterBot Whiskey round 1
ChatterBot Foxtrot round 1
ChatterBot Charlie round 1
randomSelections X-ray: {X-ray, Bravo, Foxtrot, Romeo, Zulu, Whiskey, Charlie, Victor} 
2024-10-14 22:40:10.226039 X-ray: Friends?
ChatterBot Foxtrot reevaluating
ChatterBot Zulu reevaluating
ChatterBot Whiskey reevaluating
ChatterBot Charlie reevaluating
2024-10-14 22:40:10.241928 Foxtrot: Yes
2024-10-14 22:40:10.242159 Zulu: Yes
2024-10-14 22:40:10.242280 Whiskey: Yes
2024-10-14 22:40:10.242416 Charlie: Yes
ChatterBot Zulu reevaluating
ChatterBot Whiskey reevaluating
ChatterBot Charlie reevaluating
ChatterBot Foxtrot reevaluating
ChatterBot Whiskey reevaluating
ChatterBot Charlie reevaluating
ChatterBot Foxtrot reevaluating
ChatterBot Zulu reevaluating
ChatterBot Charlie reevaluating
ChatterBot Foxtrot reevaluating
ChatterBot Zulu reevaluating
ChatterBot Whiskey reevaluating
ChatterBot Romeo round 1
ChatterBot Romeo reevaluating
ChatterBot Romeo reevaluating
ChatterBot Romeo reevaluating
ChatterBot Romeo reevaluating
ChatterBot Romeo reevaluating
2024-10-14 22:40:10.299039 Romeo: Yes
ChatterBot Foxtrot reevaluating
ChatterBot Zulu reevaluating
ChatterBot Whiskey reevaluating
ChatterBot Charlie reevaluating
ChatterBot Lima round 1
ChatterBot Yankee round 1
ChatterBot Bravo round 1
ChatterBot Bravo reevaluating
ChatterBot Bravo reevaluating
ChatterBot Bravo reevaluating
ChatterBot Bravo reevaluating
ChatterBot Bravo reevaluating
ChatterBot Bravo reevaluating
2024-10-14 22:40:10.326996 Bravo: Yes
ChatterBot Foxtrot reevaluating
ChatterBot Romeo reevaluating
ChatterBot Zulu reevaluating
ChatterBot Whiskey reevaluating
ChatterBot Charlie reevaluating
ChatterBot Victor round 1
ChatterBot Victor reevaluating
ChatterBot Victor reevaluating
ChatterBot Victor reevaluating
ChatterBot Victor reevaluating
ChatterBot Victor reevaluating
ChatterBot Victor reevaluating
ChatterBot Victor reevaluating
2024-10-14 22:40:10.359782 Victor: Yes
ChatterBot Bravo reevaluating
ChatterBot Foxtrot reevaluating
ChatterBot Romeo reevaluating
ChatterBot Zulu reevaluating
ChatterBot Whiskey reevaluating
ChatterBot Charlie reevaluating
randomSelections Lima: {Lima, Yankee, Romeo, Bravo, X-ray, Victor, Foxtrot, Charlie} 
2024-10-14 22:40:10.392883 Lima: Let's form a team
ChatterBot Yankee reevaluating
ChatterBot Bravo reevaluating
ChatterBot Victor reevaluating
2024-10-14 22:40:10.409478 Yankee: Yes
2024-10-14 22:40:10.409708 Romeo: No
2024-10-14 22:40:10.409912 Bravo: No
2024-10-14 22:40:10.410087 X-ray: No
2024-10-14 22:40:10.410289 Victor: No
2024-10-14 22:40:10.410484 Foxtrot: No
2024-10-14 22:40:10.411316 Charlie: No
ChatterBot Bravo reevaluating
ChatterBot Victor reevaluating
ChatterBot Yankee reevaluating
ChatterBot Bravo reevaluating
ChatterBot Victor reevaluating
ChatterBot Yankee reevaluating
ChatterBot Victor reevaluating
ChatterBot Yankee reevaluating
ChatterBot Bravo reevaluating
ChatterBot Victor reevaluating
ChatterBot Yankee reevaluating
ChatterBot Bravo reevaluating
ChatterBot Yankee reevaluating
ChatterBot Bravo reevaluating
ChatterBot Victor reevaluating
ChatterBot Yankee reevaluating
ChatterBot Bravo reevaluating
ChatterBot Victor reevaluating
2024-10-14 22:40:10.622714 X-ray: Zulu, Romeo and Victor, sending you 3
2024-10-14 22:40:10.628003 X-ray: Whiskey and Charlie, sending you 4
2024-10-14 22:40:10.633106 Zulu: X-ray, Charlie, Romeo, Bravo and Victor, sending you 3
2024-10-14 22:40:10.635121 Lima: X-ray, Romeo, Yankee and Bravo, sending you 2
2024-10-14 22:40:10.636407 Romeo: Zulu, X-ray, Foxtrot, Charlie and Victor, sending you 2
2024-10-14 22:40:10.637931 X-ray: Foxtrot, sending you 1
2024-10-14 22:40:10.639535 Charlie: Zulu, X-ray, Whiskey and Bravo, sending you 3
2024-10-14 22:40:10.641245 Bravo: Zulu, X-ray, Whiskey, Foxtrot and Romeo, sending you 2
2024-10-14 22:40:10.642110 Foxtrot: Zulu and Charlie, sending you 4
2024-10-14 22:40:10.643506 Zulu: Whiskey, sending you 1
2024-10-14 22:40:10.645022 Lima: Foxtrot, sending you 4
2024-10-14 22:40:10.646499 Yankee: X-ray and Romeo, sending you 2
2024-10-14 22:40:10.647189 Romeo: Whiskey and Bravo, sending you 1
2024-10-14 22:40:10.648748 Charlie: Foxtrot, sending you 4
2024-10-14 22:40:10.650239 Bravo: Charlie, sending you 4
2024-10-14 22:40:10.651723 Foxtrot: X-ray and Romeo, sending you 1
2024-10-14 22:40:10.652435 Victor: Zulu and X-ray, sending you 1
2024-10-14 22:40:10.653894 Zulu: Foxtrot, sending you 2
2024-10-14 22:40:10.655134 Yankee: Foxtrot, sending you 6
2024-10-14 22:40:10.655809 Lima: Victor, sending you 1
2024-10-14 22:40:10.657084 Charlie: Romeo, sending you 2
2024-10-14 22:40:10.657637 Bravo: Victor, sending you 3
2024-10-14 22:40:10.658580 Foxtrot: Whiskey and Bravo, sending you 3
2024-10-14 22:40:10.659170 Victor: Whiskey and Romeo, sending you 3
2024-10-14 22:40:10.660417 Yankee: Lima, sending you 3
2024-10-14 22:40:10.688583 Victor: Charlie and Bravo, sending you 2
2024-10-14 22:40:10.689759 Yankee: Bravo and Victor, sending you 1
chatterbot Whiskey submitting transactions
chatterbot X-ray submitting transactions
chatterbot Romeo submitting transactions
chatterbot Foxtrot submitting transactions
chatterbot Charlie submitting transactions
chatterbot Zulu submitting transactions
chatterbot Bravo submitting transactions
chatterbot Lima submitting transactions
chatterbot Victor submitting transactions
chatterbot Yankee submitting transactions
ChatterBot Zulu round 2
ChatterBot X-ray round 2
ChatterBot Whiskey round 2
ChatterBot Foxtrot round 2
ChatterBot Charlie round 2
ChatterBot Romeo round 2
ChatterBot Lima round 2
2024-10-14 22:40:11.507736 Foxtrot: Let's form a team
ChatterBot X-ray reevaluating
ChatterBot Charlie reevaluating
ChatterBot Romeo reevaluating
ChatterBot Bravo reevaluating
ChatterBot Victor reevaluating
ChatterBot Lima reevaluating
ChatterBot Yankee reevaluating
2024-10-14 22:40:11.557788 Zulu: No
2024-10-14 22:40:11.557931 X-ray: Yes
2024-10-14 22:40:11.558031 Charlie: No
2024-10-14 22:40:11.558130 Romeo: No
2024-10-14 22:40:11.558234 Bravo: No
2024-10-14 22:40:11.558333 Victor: No
2024-10-14 22:40:11.558434 Lima: No
2024-10-14 22:40:11.558530 Yankee: No
ChatterBot X-ray reevaluating
ChatterBot Charlie reevaluating
ChatterBot Romeo reevaluating
ChatterBot Bravo reevaluating
ChatterBot Victor reevaluating
ChatterBot Lima reevaluating
ChatterBot Yankee reevaluating
ChatterBot Charlie reevaluating
ChatterBot Romeo reevaluating
ChatterBot Bravo reevaluating
ChatterBot Victor reevaluating
ChatterBot Lima reevaluating
ChatterBot Yankee reevaluating
ChatterBot X-ray reevaluating
ChatterBot Romeo reevaluating
ChatterBot Bravo reevaluating
ChatterBot Victor reevaluating
ChatterBot Lima reevaluating
ChatterBot Yankee reevaluating
ChatterBot X-ray reevaluating
ChatterBot Charlie reevaluating
ChatterBot Bravo reevaluating
ChatterBot Victor reevaluating
ChatterBot Lima reevaluating
ChatterBot Yankee reevaluating
2024-10-14 22:40:11.769598 X-ray: Friends?
ChatterBot X-ray reevaluating
ChatterBot Charlie reevaluating
ChatterBot Romeo reevaluating
ChatterBot Victor reevaluating
ChatterBot Lima reevaluating
ChatterBot Yankee reevaluating
ChatterBot X-ray reevaluating
ChatterBot Charlie reevaluating
ChatterBot Romeo reevaluating
ChatterBot Bravo reevaluating
ChatterBot Lima reevaluating
ChatterBot Yankee reevaluating
ChatterBot X-ray reevaluating
ChatterBot Charlie reevaluating
ChatterBot Romeo reevaluating
ChatterBot Bravo reevaluating
ChatterBot Victor reevaluating
ChatterBot Yankee reevaluating
ChatterBot X-ray reevaluating
ChatterBot Charlie reevaluating
ChatterBot Romeo reevaluating
ChatterBot Bravo reevaluating
ChatterBot Victor reevaluating
ChatterBot Lima reevaluating
ChatterBot Charlie reevaluating
ChatterBot Romeo reevaluating
2024-10-14 22:40:12.111811 Zulu: No
2024-10-14 22:40:12.112234 Charlie: No
2024-10-14 22:40:12.113050 Romeo: No
ChatterBot Bravo reevaluating
ChatterBot Victor reevaluating
ChatterBot Lima reevaluating
2024-10-14 22:40:12.165049 Foxtrot: Yes
2024-10-14 22:40:12.166455 Bravo: No
2024-10-14 22:40:12.167464 Victor: No
2024-10-14 22:40:12.167816 Lima: No
ChatterBot X-ray reevaluating
ChatterBot Charlie reevaluating
ChatterBot Romeo reevaluating
ChatterBot Bravo reevaluating
ChatterBot Victor reevaluating
ChatterBot Lima reevaluating
ChatterBot Yankee reevaluating
ChatterBot X-ray reevaluating
ChatterBot Romeo reevaluating
ChatterBot Bravo reevaluating
ChatterBot Victor reevaluating
ChatterBot Lima reevaluating
2024-10-14 22:40:12.347094 Yankee: No
ChatterBot Yankee reevaluating
ChatterBot X-ray reevaluating
ChatterBot Charlie reevaluating
ChatterBot Bravo reevaluating
ChatterBot Victor reevaluating
ChatterBot Lima reevaluating
ChatterBot Yankee reevaluating
ChatterBot X-ray reevaluating
ChatterBot Charlie reevaluating
ChatterBot Romeo reevaluating
ChatterBot Bravo reevaluating
ChatterBot Victor reevaluating
ChatterBot Lima reevaluating
ChatterBot Yankee reevaluating
ChatterBot X-ray reevaluating
ChatterBot Charlie reevaluating
ChatterBot Romeo reevaluating
ChatterBot Victor reevaluating
ChatterBot Lima reevaluating
ChatterBot Yankee reevaluating
ChatterBot X-ray reevaluating
ChatterBot Charlie reevaluating
ChatterBot Romeo reevaluating
ChatterBot Bravo reevaluating
ChatterBot Lima reevaluating
ChatterBot Yankee reevaluating
ChatterBot X-ray reevaluating
ChatterBot Charlie reevaluating
ChatterBot Romeo reevaluating
ChatterBot Bravo reevaluating
ChatterBot Victor reevaluating
ChatterBot Yankee reevaluating
ChatterBot X-ray reevaluating
ChatterBot Charlie reevaluating
ChatterBot Romeo reevaluating
ChatterBot Bravo reevaluating
ChatterBot Victor reevaluating
ChatterBot Lima reevaluating
ChatterBot Yankee reevaluating
ChatterBot Yankee round 2
ChatterBot Bravo round 2
ChatterBot Victor round 2
2024-10-14 22:40:12.908924 Zulu: We should drop Whiskey
ChatterBot X-ray reevaluating
ChatterBot Charlie reevaluating
ChatterBot Romeo reevaluating
ChatterBot Bravo reevaluating
ChatterBot Victor reevaluating
2024-10-14 22:40:12.934702 X-ray: Yes
2024-10-14 22:40:12.935327 Foxtrot: Yes
2024-10-14 22:40:12.935515 Charlie: Yes
2024-10-14 22:40:12.935655 Romeo: Yes
2024-10-14 22:40:12.935829 Bravo: Yes
2024-10-14 22:40:12.935991 Victor: Yes
ChatterBot Charlie reevaluating
ChatterBot Romeo reevaluating
ChatterBot Bravo reevaluating
ChatterBot Victor reevaluating
ChatterBot X-ray reevaluating
ChatterBot Charlie reevaluating
ChatterBot Romeo reevaluating
ChatterBot Bravo reevaluating
ChatterBot Victor reevaluating
ChatterBot X-ray reevaluating
ChatterBot Romeo reevaluating
ChatterBot Bravo reevaluating
ChatterBot Victor reevaluating
ChatterBot X-ray reevaluating
ChatterBot Charlie reevaluating
ChatterBot Bravo reevaluating
ChatterBot Victor reevaluating
ChatterBot X-ray reevaluating
ChatterBot Charlie reevaluating
ChatterBot Romeo reevaluating
ChatterBot Victor reevaluating
ChatterBot X-ray reevaluating
ChatterBot Charlie reevaluating
ChatterBot Romeo reevaluating
ChatterBot Bravo reevaluating
2024-10-14 22:40:13.218185 Foxtrot: Zulu, Romeo and Bravo, sending you 2
2024-10-14 22:40:13.219012 Victor: We should drop Foxtrot and Whiskey
2024-10-14 22:40:13.238877 Zulu: No
2024-10-14 22:40:13.239559 X-ray: No
2024-10-14 22:40:13.239694 Charlie: No
2024-10-14 22:40:13.239803 Romeo: No
2024-10-14 22:40:13.239905 Bravo: No
2024-10-14 22:40:13.331599 Foxtrot: X-ray, sending you 1
2024-10-14 22:40:13.332436 Zulu: X-ray, Charlie, Romeo and Bravo, sending you 3
chatterbot Whiskey submitting transactions
2024-10-14 22:40:13.342134 Yankee: Foxtrot, sending you 3
2024-10-14 22:40:13.343061 Romeo: Sending you each 2
2024-10-14 22:40:13.343397 Charlie: Zulu, sending you 3
2024-10-14 22:40:13.343725 Whiskey: Zulu, Romeo and Bravo, sending you 1
2024-10-14 22:40:13.344144 X-ray: Zulu and Charlie, sending you 3
2024-10-14 22:40:13.345049 Lima: Sending you 13
2024-10-14 22:40:13.345256 Foxtrot: Charlie, Lima and Yankee, sending you 3
2024-10-14 22:40:13.345664 Zulu: Foxtrot, sending you 4
2024-10-14 22:40:13.346754 Bravo: Zulu, sending you 4
2024-10-14 22:40:13.347132 Whiskey: X-ray, Foxtrot, Charlie and Victor, sending you 2
chatterbot Zulu submitting transactions
2024-10-14 22:40:13.350107 Yankee: Lima, sending you 13
2024-10-14 22:40:13.350358 Charlie: X-ray, Foxtrot and Bravo, sending you 4
2024-10-14 22:40:13.350692 X-ray: Foxtrot, Romeo, Lima, Yankee, Bravo and Victor, sending you 2
2024-10-14 22:40:13.351646 Bravo: X-ray, Romeo and Yankee, sending you 1
2024-10-14 22:40:13.352145 Victor: Zulu, X-ray and Bravo, sending you 5
2024-10-14 22:40:13.352495 Zulu: Victor, sending you 2
2024-10-14 22:40:13.595069 Charlie: Romeo, sending you 2
2024-10-14 22:40:13.595621 Bravo: Foxtrot and Charlie, sending you 3
2024-10-14 22:40:13.596599 Victor: Charlie, sending you 1
2024-10-14 22:40:13.601867 Charlie: Victor, sending you 1
2024-10-14 22:40:13.602917 Bravo: Lima and Victor, sending you 2
2024-10-14 22:40:13.603470 Victor: Romeo, sending you 4
chatterbot X-ray submitting transactions
chatterbot Foxtrot submitting transactions
chatterbot Lima submitting transactions
chatterbot Bravo submitting transactions
chatterbot Romeo submitting transactions
chatterbot Yankee submitting transactions
chatterbot Victor submitting transactions
chatterbot Charlie submitting transactions
ChatterBot Zulu round 3
ChatterBot X-ray round 3
ChatterBot Whiskey round 3
ChatterBot Foxtrot round 3
ChatterBot Charlie round 3
ChatterBot Romeo round 3
ChatterBot Lima round 3
ChatterBot Yankee round 3
ChatterBot Bravo round 3
ChatterBot Victor round 3
2024-10-14 22:40:14.497356 Romeo: We should add Whiskey
ChatterBot Victor reevaluating
2024-10-14 22:40:14.515396 Zulu: No
2024-10-14 22:40:14.515584 X-ray: Yes
2024-10-14 22:40:14.515724 Foxtrot: No
2024-10-14 22:40:14.515848 Charlie: No
2024-10-14 22:40:14.515982 Bravo: Yes
2024-10-14 22:40:14.516758 Victor: No
ChatterBot Romeo reevaluating
ChatterBot Victor reevaluating
ChatterBot Romeo reevaluating
ChatterBot Victor reevaluating
ChatterBot Romeo reevaluating
ChatterBot Victor reevaluating
ChatterBot Romeo reevaluating
ChatterBot Victor reevaluating
ChatterBot Romeo reevaluating
ChatterBot Victor reevaluating
ChatterBot Romeo reevaluating
chatterbot Bravo submitting transactions
2024-10-14 22:40:14.907335 X-ray: Zulu and Victor, sending you 3
2024-10-14 22:40:14.907943 Charlie: Zulu, X-ray and Bravo, sending you 3
2024-10-14 22:40:14.908842 Zulu: X-ray, Foxtrot, Charlie and Bravo, sending you 3
2024-10-14 22:40:14.909264 Bravo: Zulu, Foxtrot, Charlie and Victor, sending you 3
2024-10-14 22:40:14.910363 Lima: Same as last round
2024-10-14 22:40:14.910633 Foxtrot: Zulu, Romeo and Bravo, sending you 3
2024-10-14 22:40:14.911962 Yankee: Foxtrot, sending you 5
2024-10-14 22:40:14.912331 Whiskey: Zulu, Romeo and Bravo, sending you 1
2024-10-14 22:40:14.913866 X-ray: Whiskey, Foxtrot, Romeo and Bravo, sending you 2
2024-10-14 22:40:14.914400 Charlie: Foxtrot, sending you 5
2024-10-14 22:40:14.915581 Zulu: Romeo, sending you 2
2024-10-14 22:40:14.916211 Bravo: X-ray and Romeo, sending you 2
2024-10-14 22:40:14.916782 Yankee: Lima, sending you 11
2024-10-14 22:40:14.918078 Foxtrot: X-ray, sending you 2
2024-10-14 22:40:14.919499 Romeo: Same as last round
2024-10-14 22:40:14.920109 Victor: Zulu, X-ray, Romeo and Bravo, sending you 4
2024-10-14 22:40:14.921487 Whiskey: X-ray, Foxtrot, Charlie and Victor, sending you 2
2024-10-14 22:40:14.922255 X-ray: Charlie, sending you 4
2024-10-14 22:40:14.923448 Charlie: Romeo and Victor, sending you 2
2024-10-14 22:40:14.924853 Bravo: Whiskey, sending you 1
2024-10-14 22:40:14.925686 Zulu: Victor, sending you 4
2024-10-14 22:40:14.927189 Foxtrot: Charlie, sending you 4
2024-10-14 22:40:14.928676 Victor: Foxtrot and Charlie, sending you 2
2024-10-14 22:40:14.962200 Foxtrot: Victor, sending you 1
chatterbot Charlie submitting transactions
chatterbot X-ray submitting transactions
chatterbot Whiskey submitting transactions
chatterbot Lima submitting transactions
chatterbot Foxtrot submitting transactions
chatterbot Yankee submitting transactions
chatterbot Zulu submitting transactions
chatterbot Victor submitting transactions
chatterbot Romeo submitting transactions
ChatterBot Zulu round 4
ChatterBot X-ray round 4
ChatterBot Whiskey round 4
ChatterBot Foxtrot round 4
ChatterBot Charlie round 4
ChatterBot Romeo round 4
ChatterBot Lima round 4
ChatterBot Yankee round 4
ChatterBot Bravo round 4
ChatterBot Victor round 4
2024-10-14 22:40:15.945388 Lima: We should add Whiskey
ChatterBot Yankee reevaluating
2024-10-14 22:40:15.948974 Yankee: Yes
ChatterBot Lima reevaluating
2024-10-14 22:40:15.968681 X-ray: Zulu and Victor, sending you 3
2024-10-14 22:40:15.971191 Charlie: Zulu and Bravo, sending you 3
2024-10-14 22:40:15.973783 X-ray: Whiskey, Foxtrot, Romeo and Bravo, sending you 2
2024-10-14 22:40:15.975679 Charlie: X-ray and Foxtrot, sending you 4
2024-10-14 22:40:15.977031 Yankee: Whiskey, sending you 2
2024-10-14 22:40:15.979149 X-ray: Charlie, sending you 4
2024-10-14 22:40:15.979836 Romeo: Same as last round
2024-10-14 22:40:15.980429 Yankee: Lima, sending you 14
2024-10-14 22:40:15.980744 Whiskey: X-ray, sending you 3
2024-10-14 22:40:15.981866 Charlie: Romeo and Victor, sending you 2
2024-10-14 22:40:15.982409 Bravo: Zulu, Foxtrot, Charlie and Victor, sending you 3
2024-10-14 22:40:15.983051 Foxtrot: Zulu and Bravo, sending you 3
2024-10-14 22:40:15.984178 Zulu: X-ray, Foxtrot, Charlie and Bravo, sending you 3
2024-10-14 22:40:15.984759 Whiskey: Foxtrot, Charlie and Bravo, sending you 2
2024-10-14 22:40:15.986670 Victor: Zulu, X-ray and Bravo, sending you 4
2024-10-14 22:40:15.987200 Foxtrot: X-ray, Romeo and Victor, sending you 2
2024-10-14 22:40:15.987764 Bravo: X-ray and Romeo, sending you 2
2024-10-14 22:40:15.989155 Lima: Same as last round
2024-10-14 22:40:15.989514 Zulu: Romeo, sending you 2
2024-10-14 22:40:15.990172 Whiskey: Romeo and Victor, sending you 1
2024-10-14 22:40:15.991470 Victor: Foxtrot, sending you 2
2024-10-14 22:40:15.992166 Bravo: Whiskey, sending you 1
2024-10-14 22:40:15.992752 Foxtrot: Charlie, sending you 4
2024-10-14 22:40:15.994702 Zulu: Victor, sending you 4
2024-10-14 22:40:15.995761 Victor: Charlie and Romeo, sending you 3
chatterbot Bravo submitting transactions
chatterbot Foxtrot submitting transactions
chatterbot X-ray submitting transactions
chatterbot Charlie submitting transactions
chatterbot Victor submitting transactions
chatterbot Yankee submitting transactions
chatterbot Lima submitting transactions
chatterbot Romeo submitting transactions
chatterbot Zulu submitting transactions
chatterbot Whiskey submitting transactions
ChatterBot Zulu round 5
ChatterBot X-ray round 5
ChatterBot Whiskey round 5
ChatterBot Foxtrot round 5
ChatterBot Charlie round 5
ChatterBot Romeo round 5
ChatterBot Lima round 5
ChatterBot Yankee round 5
ChatterBot Bravo round 5
ChatterBot Victor round 5
2024-10-14 22:40:17.214683 Lima: Same as last round
2024-10-14 22:40:17.216655 Foxtrot: Zulu and Bravo, sending you 3
2024-10-14 22:40:17.217846 Zulu: X-ray, Foxtrot, Charlie and Bravo, sending you 3
2024-10-14 22:40:17.218493 Whiskey: Zulu, Foxtrot, Charlie, Romeo and Victor, sending you 1
2024-10-14 22:40:17.219172 X-ray: Zulu and Victor, sending you 3
2024-10-14 22:40:17.220070 Bravo: Zulu, Foxtrot, Charlie and Victor, sending you 3
2024-10-14 22:40:17.220721 Romeo: Same as last round
2024-10-14 22:40:17.222091 Foxtrot: X-ray, Romeo and Victor, sending you 2
2024-10-14 22:40:17.222620 Zulu: Romeo, sending you 2
2024-10-14 22:40:17.223244 Whiskey: X-ray, sending you 4
2024-10-14 22:40:17.224327 X-ray: Whiskey, Foxtrot, Romeo and Bravo, sending you 2
2024-10-14 22:40:17.224899 Charlie: Zulu and Bravo, sending you 3
2024-10-14 22:40:17.225666 Bravo: X-ray and Romeo, sending you 2
2024-10-14 22:40:17.226889 Yankee: Whiskey, sending you 2
2024-10-14 22:40:17.227206 Foxtrot: Charlie, sending you 4
2024-10-14 22:40:17.227841 Zulu: Victor, sending you 4
2024-10-14 22:40:17.229134 X-ray: Charlie, sending you 4
2024-10-14 22:40:17.229758 Whiskey: Bravo, sending you 2
2024-10-14 22:40:17.230349 Charlie: X-ray and Foxtrot, sending you 4
2024-10-14 22:40:17.231390 Bravo: Whiskey, sending you 1
2024-10-14 22:40:17.232227 Yankee: Lima, sending you 14
2024-10-14 22:40:17.233948 Victor: Zulu, X-ray and Bravo, sending you 4
2024-10-14 22:40:17.234736 Charlie: Romeo and Victor, sending you 2
2024-10-14 22:40:17.237665 Victor: Foxtrot, sending you 2
2024-10-14 22:40:17.242680 Victor: Charlie and Romeo, sending you 3
chatterbot Romeo submitting transactions
chatterbot Foxtrot submitting transactions
chatterbot Whiskey submitting transactions
chatterbot Bravo submitting transactions
chatterbot Yankee submitting transactions
chatterbot X-ray submitting transactions
chatterbot Zulu submitting transactions
chatterbot Lima submitting transactions
chatterbot Victor submitting transactions
chatterbot Charlie submitting transactions
ChatterBot Zulu round 6
ChatterBot X-ray round 6
ChatterBot Whiskey round 6
ChatterBot Foxtrot round 6
ChatterBot Charlie round 6
ChatterBot Romeo round 6
ChatterBot Lima round 6
ChatterBot Yankee round 6
ChatterBot Bravo round 6
ChatterBot Victor round 6
2024-10-14 22:40:18.381485 Yankee: We should drop Whiskey
2024-10-14 22:40:18.387042 Lima: Yes
ChatterBot Yankee reevaluating
2024-10-14 22:40:18.393084 Yankee: We should replace Whiskey with Foxtrot
2024-10-14 22:40:18.398859 Lima: No
ChatterBot Yankee reevaluating
2024-10-14 22:40:18.404803 Foxtrot: Zulu and Bravo, sending you 3
2024-10-14 22:40:18.407132 X-ray: Zulu and Victor, sending you 3
2024-10-14 22:40:18.408390 Zulu: X-ray, Foxtrot, Charlie and Bravo, sending you 3
2024-10-14 22:40:18.410671 Foxtrot: X-ray, Romeo and Victor, sending you 2
2024-10-14 22:40:18.411544 X-ray: Whiskey, Foxtrot, Romeo and Bravo, sending you 2
2024-10-14 22:40:18.412931 Zulu: Romeo, sending you 2
2024-10-14 22:40:18.413693 Lima: Same as last round
2024-10-14 22:40:18.414302 Bravo: Zulu, Foxtrot, Charlie and Victor, sending you 3
2024-10-14 22:40:18.416177 Charlie: Zulu and Bravo, sending you 3
2024-10-14 22:40:18.418519 Whiskey: Zulu, Foxtrot, Charlie, Romeo and Victor, sending you 1
2024-10-14 22:40:18.420532 Romeo: Same as last round
2024-10-14 22:40:18.422365 Foxtrot: Charlie, sending you 4
2024-10-14 22:40:18.423910 X-ray: Charlie, sending you 4
2024-10-14 22:40:18.426278 Zulu: Victor, sending you 4
2024-10-14 22:40:18.428398 Bravo: X-ray and Romeo, sending you 2
2024-10-14 22:40:18.430496 Charlie: X-ray and Foxtrot, sending you 4
2024-10-14 22:40:18.432792 Whiskey: X-ray, sending you 4
2024-10-14 22:40:18.434430 Victor: Zulu, X-ray and Bravo, sending you 4
2024-10-14 22:40:18.436374 Bravo: Whiskey, sending you 1
2024-10-14 22:40:18.438102 Charlie: Romeo and Victor, sending you 2
2024-10-14 22:40:18.439372 Whiskey: Bravo, sending you 2
2024-10-14 22:40:18.440885 Victor: Foxtrot, sending you 2
2024-10-14 22:40:18.446718 Victor: Charlie and Romeo, sending you 3
2024-10-14 22:40:18.451463 Yankee: Sending you 16
chatterbot Charlie submitting transactions
chatterbot Romeo submitting transactions
chatterbot Zulu submitting transactions
chatterbot Whiskey submitting transactions
chatterbot Foxtrot submitting transactions
chatterbot X-ray submitting transactions
chatterbot Bravo submitting transactions
chatterbot Lima submitting transactions
chatterbot Yankee submitting transactions
chatterbot Victor submitting transactions
ChatterBot Zulu round 7
ChatterBot X-ray round 7
ChatterBot Whiskey round 7
ChatterBot Foxtrot round 7
ChatterBot Charlie round 7
ChatterBot Romeo round 7
ChatterBot Lima round 7
ChatterBot Yankee round 7
ChatterBot Bravo round 7
ChatterBot Victor round 7
2024-10-14 22:40:19.538191 Yankee: We should add Foxtrot
2024-10-14 22:40:19.540083 Lima: No
ChatterBot Yankee reevaluating
2024-10-14 22:40:19.558678 Zulu: X-ray, Foxtrot, Charlie and Bravo, sending you 3
2024-10-14 22:40:19.560665 X-ray: Zulu and Victor, sending you 3
2024-10-14 22:40:19.562954 Lima: Same as last round
2024-10-14 22:40:19.563234 Romeo: Same as last round
2024-10-14 22:40:19.563926 Zulu: Romeo, sending you 2
2024-10-14 22:40:19.564380 Foxtrot: Zulu and Bravo, sending you 3
2024-10-14 22:40:19.566841 X-ray: Whiskey, Foxtrot, Romeo and Bravo, sending you 2
2024-10-14 22:40:19.567469 Yankee: Same as last round
2024-10-14 22:40:19.567706 Whiskey: Zulu, Foxtrot, Charlie, Romeo and Victor, sending you 1
2024-10-14 22:40:19.568699 Zulu: Victor, sending you 4
2024-10-14 22:40:19.569216 Foxtrot: X-ray, Romeo and Victor, sending you 2
2024-10-14 22:40:19.570670 X-ray: Charlie, sending you 4
2024-10-14 22:40:19.571561 Whiskey: X-ray, sending you 4
2024-10-14 22:40:19.573651 Charlie: Zulu and Bravo, sending you 3
2024-10-14 22:40:19.574660 Foxtrot: Charlie, sending you 4
2024-10-14 22:40:19.576656 Whiskey: Bravo, sending you 2
2024-10-14 22:40:19.577217 Bravo: Zulu, Foxtrot, Charlie and Victor, sending you 3
2024-10-14 22:40:19.579235 Charlie: X-ray and Foxtrot, sending you 4
2024-10-14 22:40:19.579975 Victor: Zulu, X-ray and Bravo, sending you 4
2024-10-14 22:40:19.581917 Bravo: X-ray and Romeo, sending you 2
2024-10-14 22:40:19.584664 Charlie: Romeo and Victor, sending you 2
2024-10-14 22:40:19.585606 Victor: Foxtrot, sending you 2
2024-10-14 22:40:19.587017 Bravo: Whiskey, sending you 1
2024-10-14 22:40:19.589653 Victor: Charlie and Romeo, sending you 3
chatterbot Victor submitting transactions
chatterbot Foxtrot submitting transactions
chatterbot X-ray submitting transactions
chatterbot Charlie submitting transactions
chatterbot Bravo submitting transactions
chatterbot Lima submitting transactions
chatterbot Zulu submitting transactions
chatterbot Yankee submitting transactions
chatterbot Whiskey submitting transactions
chatterbot Romeo submitting transactions
ChatterBot Zulu round 8
ChatterBot X-ray round 8
ChatterBot Whiskey round 8
ChatterBot Foxtrot round 8
ChatterBot Charlie round 8
ChatterBot Romeo round 8
ChatterBot Lima round 8
ChatterBot Yankee round 8
ChatterBot Bravo round 8
ChatterBot Victor round 8
2024-10-14 22:40:20.847679 Foxtrot: Zulu and Bravo, sending you 3
2024-10-14 22:40:20.848585 Yankee: Same as last round
2024-10-14 22:40:20.849244 Whiskey: Zulu, Foxtrot, Charlie, Romeo and Victor, sending you 1
2024-10-14 22:40:20.849830 X-ray: Zulu and Victor, sending you 3
2024-10-14 22:40:20.851695 Charlie: Zulu and Bravo, sending you 3
2024-10-14 22:40:20.853139 Foxtrot: X-ray, Romeo and Victor, sending you 2
2024-10-14 22:40:20.854463 X-ray: Whiskey, Foxtrot, Romeo and Bravo, sending you 2
2024-10-14 22:40:20.855380 Whiskey: X-ray, sending you 4
2024-10-14 22:40:20.856604 Romeo: Same as last round
2024-10-14 22:40:20.857639 Charlie: X-ray and Foxtrot, sending you 4
2024-10-14 22:40:20.859310 Bravo: Zulu, Foxtrot, Charlie and Victor, sending you 3
2024-10-14 22:40:20.860465 Lima: Same as last round
2024-10-14 22:40:20.860738 X-ray: Charlie, sending you 4
2024-10-14 22:40:20.862319 Zulu: X-ray, Foxtrot, Charlie and Bravo, sending you 3
2024-10-14 22:40:20.863825 Foxtrot: Charlie, sending you 4
2024-10-14 22:40:20.864597 Whiskey: Bravo, sending you 2
2024-10-14 22:40:20.865820 Charlie: Romeo and Victor, sending you 2
2024-10-14 22:40:20.867394 Bravo: X-ray and Romeo, sending you 2
2024-10-14 22:40:20.869003 Zulu: Romeo, sending you 2
2024-10-14 22:40:20.870307 Victor: Zulu, X-ray and Bravo, sending you 4
2024-10-14 22:40:20.873673 Bravo: Whiskey, sending you 1
2024-10-14 22:40:20.875249 Victor: Foxtrot, sending you 2
2024-10-14 22:40:20.876186 Zulu: Victor, sending you 4
2024-10-14 22:40:20.879975 Victor: Charlie and Romeo, sending you 3
chatterbot Whiskey submitting transactions
chatterbot Foxtrot submitting transactions
chatterbot Zulu submitting transactions
chatterbot Charlie submitting transactions
chatterbot X-ray submitting transactions
chatterbot Romeo submitting transactions
chatterbot Yankee submitting transactions
chatterbot Victor submitting transactions
chatterbot Bravo submitting transactions
chatterbot Lima submitting transactions
ChatterBot Zulu round 9
ChatterBot X-ray round 9
ChatterBot Whiskey round 9
ChatterBot Foxtrot round 9
ChatterBot Charlie round 9
ChatterBot Romeo round 9
ChatterBot Lima round 9
ChatterBot Yankee round 9
ChatterBot Bravo round 9
ChatterBot Victor round 9
2024-10-14 22:40:22.155689 X-ray: Zulu and Victor, sending you 3
2024-10-14 22:40:22.160556 Zulu: X-ray, Foxtrot, Charlie and Bravo, sending you 3
2024-10-14 22:40:22.165332 X-ray: Whiskey, Foxtrot, Romeo and Bravo, sending you 2
2024-10-14 22:40:22.171795 Zulu: Romeo, sending you 2
2024-10-14 22:40:22.175827 Romeo: Same as last round
2024-10-14 22:40:22.180933 Whiskey: X-ray, sending you 4
2024-10-14 22:40:22.184396 Yankee: Same as last round
2024-10-14 22:40:22.185692 Charlie: Zulu and Bravo, sending you 3
2024-10-14 22:40:22.189164 Foxtrot: Zulu and Bravo, sending you 3
2024-10-14 22:40:22.191814 X-ray: Charlie, sending you 4
2024-10-14 22:40:22.194723 Zulu: Victor, sending you 4
2024-10-14 22:40:22.197865 Whiskey: Foxtrot, Charlie, Romeo and Victor, sending you 1
2024-10-14 22:40:22.200483 Charlie: X-ray and Foxtrot, sending you 4
2024-10-14 22:40:22.203200 Foxtrot: X-ray, Romeo and Victor, sending you 2
2024-10-14 22:40:22.205001 Lima: Same as last round
2024-10-14 22:40:22.206041 Bravo: Zulu, Foxtrot, Charlie and Victor, sending you 3
2024-10-14 22:40:22.207724 Victor: Zulu, X-ray and Bravo, sending you 4
2024-10-14 22:40:22.210032 Whiskey: Bravo, sending you 3
2024-10-14 22:40:22.212206 Charlie: Romeo and Victor, sending you 2
2024-10-14 22:40:22.213769 Foxtrot: Charlie, sending you 4
2024-10-14 22:40:22.216195 Bravo: X-ray and Romeo, sending you 2
2024-10-14 22:40:22.218552 Victor: Foxtrot, sending you 2
2024-10-14 22:40:22.220739 Bravo: Whiskey, sending you 1
2024-10-14 22:40:22.223862 Victor: Charlie and Romeo, sending you 3
chatterbot Zulu submitting transactions
chatterbot Yankee submitting transactions
chatterbot Lima submitting transactions
chatterbot Whiskey submitting transactions
chatterbot Charlie submitting transactions
chatterbot Foxtrot submitting transactions
chatterbot X-ray submitting transactions
chatterbot Romeo submitting transactions
chatterbot Victor submitting transactions
chatterbot Bravo submitting transactions
ChatterBot Zulu round 10
ChatterBot X-ray round 10
ChatterBot Whiskey round 10
ChatterBot Foxtrot round 10
ChatterBot Charlie round 10
ChatterBot Romeo round 10
ChatterBot Lima round 10
ChatterBot Yankee round 10
ChatterBot Bravo round 10
ChatterBot Victor round 10
2024-10-14 22:40:23.485752 Zulu: X-ray, Foxtrot, Charlie and Bravo, sending you 3
2024-10-14 22:40:23.492725 Zulu: Romeo, sending you 2
2024-10-14 22:40:23.495418 Foxtrot: Zulu and Bravo, sending you 3
2024-10-14 22:40:23.497910 Lima: Same as last round
2024-10-14 22:40:23.498428 Bravo: Zulu, Foxtrot, Charlie and Victor, sending you 3
2024-10-14 22:40:23.501461 X-ray: Zulu and Victor, sending you 3
2024-10-14 22:40:23.503091 Whiskey: Zulu, Foxtrot, Charlie and Victor, sending you 1
2024-10-14 22:40:23.504585 Zulu: Victor, sending you 4
2024-10-14 22:40:23.505559 Foxtrot: X-ray, Romeo and Victor, sending you 2
2024-10-14 22:40:23.507464 Bravo: X-ray and Romeo, sending you 2
2024-10-14 22:40:23.508413 X-ray: Whiskey, Foxtrot, Romeo and Bravo, sending you 2
2024-10-14 22:40:23.509965 Yankee: Same as last round
2024-10-14 22:40:23.510344 Whiskey: X-ray, sending you 4
2024-10-14 22:40:23.512406 Romeo: Same as last round
2024-10-14 22:40:23.513554 Charlie: Zulu, Bravo and Victor, sending you 3
2024-10-14 22:40:23.515280 Foxtrot: Charlie, sending you 4
2024-10-14 22:40:23.516240 Bravo: Whiskey, sending you 1
2024-10-14 22:40:23.517501 Victor: Zulu, X-ray and Bravo, sending you 4
2024-10-14 22:40:23.518183 X-ray: Charlie, sending you 4
2024-10-14 22:40:23.519011 Whiskey: Bravo, sending you 3
2024-10-14 22:40:23.520915 Charlie: X-ray and Foxtrot, sending you 4
2024-10-14 22:40:23.522513 Victor: Foxtrot, sending you 2
2024-10-14 22:40:23.526699 Charlie: Romeo, sending you 1
2024-10-14 22:40:23.529590 Victor: Charlie and Romeo, sending you 3
chatterbot Bravo submitting transactions
chatterbot Lima submitting transactions
chatterbot Yankee submitting transactions
chatterbot Victor submitting transactions
chatterbot X-ray submitting transactions
chatterbot Charlie submitting transactions
chatterbot Foxtrot submitting transactions
chatterbot Whiskey submitting transactions
chatterbot Zulu submitting transactions
chatterbot Romeo submitting transactions
ChatterBot Zulu round 11
ChatterBot X-ray round 11
ChatterBot Whiskey round 11
ChatterBot Foxtrot round 11
ChatterBot Charlie round 11
ChatterBot Romeo round 11
ChatterBot Lima round 11
ChatterBot Yankee round 11
ChatterBot Bravo round 11
ChatterBot Victor round 11
2024-10-14 22:40:24.773711 Romeo: Same as last round
2024-10-14 22:40:24.775209 Whiskey: X-ray, sending you 5
2024-10-14 22:40:24.776302 Foxtrot: Zulu and Bravo, sending you 3
2024-10-14 22:40:24.777132 X-ray: Zulu and Victor, sending you 3
2024-10-14 22:40:24.778267 Lima: Same as last round
2024-10-14 22:40:24.779692 Foxtrot: X-ray, Romeo and Victor, sending you 2
2024-10-14 22:40:24.780726 Whiskey: Foxtrot, Charlie and Victor, sending you 1
2024-10-14 22:40:24.781669 X-ray: Whiskey, Foxtrot, Romeo and Bravo, sending you 2
2024-10-14 22:40:24.782511 Zulu: X-ray, Foxtrot, Charlie and Bravo, sending you 3
2024-10-14 22:40:24.783689 Yankee: Same as last round
2024-10-14 22:40:24.783955 Foxtrot: Charlie, sending you 4
2024-10-14 22:40:24.784714 Whiskey: Bravo, sending you 3
2024-10-14 22:40:24.785960 Victor: Zulu, X-ray and Bravo, sending you 4
2024-10-14 22:40:24.786852 Bravo: Zulu, Foxtrot, Charlie and Victor, sending you 3
2024-10-14 22:40:24.787773 X-ray: Charlie, sending you 4
2024-10-14 22:40:24.789145 Zulu: Romeo, sending you 2
2024-10-14 22:40:24.789974 Charlie: Zulu, Bravo and Victor, sending you 3
2024-10-14 22:40:24.791668 Victor: Foxtrot, sending you 2
2024-10-14 22:40:24.792535 Bravo: X-ray and Romeo, sending you 2
2024-10-14 22:40:24.793736 Zulu: Victor, sending you 4
2024-10-14 22:40:24.794739 Charlie: X-ray and Foxtrot, sending you 4
2024-10-14 22:40:24.796046 Victor: Charlie and Romeo, sending you 3
2024-10-14 22:40:24.797685 Bravo: Whiskey, sending you 1
2024-10-14 22:40:24.800684 Charlie: Romeo, sending you 1
chatterbot Romeo submitting transactions
chatterbot Yankee submitting transactions
chatterbot X-ray submitting transactions
chatterbot Lima submitting transactions
chatterbot Bravo submitting transactions
chatterbot Whiskey submitting transactions
chatterbot Zulu submitting transactions
chatterbot Victor submitting transactions
chatterbot Charlie submitting transactions
chatterbot Foxtrot submitting transactions
ChatterBot Zulu round 12
ChatterBot X-ray round 12
ChatterBot Whiskey round 12
ChatterBot Foxtrot round 12
ChatterBot Charlie round 12
ChatterBot Romeo round 12
ChatterBot Lima round 12
ChatterBot Yankee round 12
ChatterBot Bravo round 12
ChatterBot Victor round 12
2024-10-14 22:40:25.982069 Whiskey: X-ray, sending you 5
2024-10-14 22:40:25.984415 Bravo: Zulu, Foxtrot, Charlie and Victor, sending you 3
2024-10-14 22:40:25.986061 X-ray: Zulu and Victor, sending you 3
2024-10-14 22:40:25.988119 Foxtrot: Zulu and Bravo, sending you 3
2024-10-14 22:40:25.990264 Whiskey: Foxtrot, Charlie and Victor, sending you 1
2024-10-14 22:40:25.992767 Victor: Zulu, X-ray and Bravo, sending you 4
2024-10-14 22:40:25.994882 Lima: Same as last round
2024-10-14 22:40:25.995447 Bravo: X-ray and Romeo, sending you 2
2024-10-14 22:40:25.998293 X-ray: Whiskey, Foxtrot, Romeo and Bravo, sending you 2
2024-10-14 22:40:26.000640 Foxtrot: X-ray, Romeo and Victor, sending you 2
2024-10-14 22:40:26.002947 Charlie: Zulu, Bravo and Victor, sending you 3
2024-10-14 22:40:26.005205 Romeo: Same as last round
2024-10-14 22:40:26.008049 Whiskey: Bravo, sending you 3
2024-10-14 22:40:26.010222 Zulu: X-ray, Foxtrot, Charlie and Bravo, sending you 3
2024-10-14 22:40:26.012880 Yankee: Same as last round
2024-10-14 22:40:26.014216 Victor: Foxtrot, sending you 2
2024-10-14 22:40:26.016916 Bravo: Whiskey, sending you 1
2024-10-14 22:40:26.019438 X-ray: Charlie, sending you 4
2024-10-14 22:40:26.021827 Foxtrot: Charlie, sending you 4
2024-10-14 22:40:26.024075 Charlie: X-ray and Foxtrot, sending you 4
2024-10-14 22:40:26.026445 Zulu: Romeo, sending you 2
2024-10-14 22:40:26.028649 Victor: Charlie and Romeo, sending you 3
2024-10-14 22:40:26.031852 Charlie: Romeo, sending you 1
2024-10-14 22:40:26.034141 Zulu: Victor, sending you 4
chatterbot Whiskey submitting transactions
chatterbot Romeo submitting transactions
chatterbot Charlie submitting transactions
chatterbot Lima submitting transactions
chatterbot Foxtrot submitting transactions
chatterbot Bravo submitting transactions
chatterbot Zulu submitting transactions
chatterbot Victor submitting transactions
chatterbot X-ray submitting transactions
chatterbot Yankee submitting transactions
ChatterBot Zulu round 13
ChatterBot X-ray round 13
ChatterBot Whiskey round 13
ChatterBot Foxtrot round 13
ChatterBot Charlie round 13
ChatterBot Romeo round 13
ChatterBot Lima round 13
ChatterBot Yankee round 13
ChatterBot Bravo round 13
ChatterBot Victor round 13
2024-10-14 22:40:27.149677 Yankee: Same as last round
2024-10-14 22:40:27.152666 Foxtrot: Zulu and Bravo, sending you 3
2024-10-14 22:40:27.156951 Zulu: X-ray, Foxtrot, Charlie and Bravo, sending you 3
2024-10-14 22:40:27.158404 Foxtrot: X-ray, Romeo and Victor, sending you 2
2024-10-14 22:40:27.159618 Victor: Zulu and Bravo, sending you 4
2024-10-14 22:40:27.161252 X-ray: Zulu and Victor, sending you 3
2024-10-14 22:40:27.162581 Bravo: Zulu, Foxtrot, Charlie and Victor, sending you 3
2024-10-14 22:40:27.164191 Zulu: Romeo, sending you 2
2024-10-14 22:40:27.165433 Foxtrot: Charlie, sending you 4
2024-10-14 22:40:27.166990 Charlie: Zulu, Bravo and Victor, sending you 3
2024-10-14 22:40:27.168183 Whiskey: X-ray, sending you 5
2024-10-14 22:40:27.169702 Victor: X-ray, Foxtrot, Charlie and Romeo, sending you 3
2024-10-14 22:40:27.170809 X-ray: Whiskey, Foxtrot, Romeo and Bravo, sending you 2
2024-10-14 22:40:27.172298 Romeo: Same as last round
2024-10-14 22:40:27.173502 Zulu: Victor, sending you 4
2024-10-14 22:40:27.175215 Bravo: X-ray and Romeo, sending you 2
2024-10-14 22:40:27.176393 Lima: Same as last round
2024-10-14 22:40:27.176753 Charlie: X-ray and Foxtrot, sending you 4
2024-10-14 22:40:27.178629 Whiskey: Foxtrot, Charlie and Victor, sending you 1
2024-10-14 22:40:27.179855 X-ray: Charlie, sending you 4
2024-10-14 22:40:27.182190 Bravo: Whiskey, sending you 1
2024-10-14 22:40:27.183491 Charlie: Romeo, sending you 1
2024-10-14 22:40:27.185221 Whiskey: Bravo, sending you 3
chatterbot Romeo submitting transactions
chatterbot Zulu submitting transactions
chatterbot Lima submitting transactions
chatterbot Foxtrot submitting transactions
chatterbot X-ray submitting transactions
chatterbot Yankee submitting transactions
chatterbot Whiskey submitting transactions
chatterbot Charlie submitting transactions
chatterbot Bravo submitting transactions
chatterbot Victor submitting transactions
ChatterBot Zulu round 14
ChatterBot X-ray round 14
ChatterBot Whiskey round 14
ChatterBot Foxtrot round 14
ChatterBot Charlie round 14
ChatterBot Romeo round 14
ChatterBot Lima round 14
ChatterBot Yankee round 14
ChatterBot Bravo round 14
ChatterBot Victor round 14
2024-10-14 22:40:28.227823 X-ray: Zulu and Victor, sending you 3
2024-10-14 22:40:28.236111 Foxtrot: Zulu and Bravo, sending you 3
2024-10-14 22:40:28.240731 Lima: Same as last round
2024-10-14 22:40:28.242171 Zulu: X-ray, Foxtrot, Charlie and Bravo, sending you 3
2024-10-14 22:40:28.246841 X-ray: Whiskey, Foxtrot, Romeo and Bravo, sending you 2
2024-10-14 22:40:28.250772 Charlie: Zulu, Bravo and Victor, sending you 3
2024-10-14 22:40:28.255189 Yankee: Same as last round
2024-10-14 22:40:28.255748 Foxtrot: X-ray, Romeo and Victor, sending you 2
