ChatterBot Hotel round 1
ChatterBot Delta round 1
ChatterBot X-ray round 1
ChatterBot November round 1
ChatterBot Zulu round 1
ChatterBot India round 1
ChatterBot Golf round 1
ChatterBot Tango round 1
ChatterBot Whiskey round 1
ChatterBot Papa round 1
randomSelections Delta: {Delta, Whiskey, November, Hotel, X-ray, Zulu, Golf, India} 
2024-10-14 22:40:10.397243 Delta: Can we be friends?
ChatterBot Whiskey reevaluating
ChatterBot November reevaluating
ChatterBot Hotel reevaluating
ChatterBot X-ray reevaluating
ChatterBot Zulu reevaluating
ChatterBot Golf reevaluating
ChatterBot India reevaluating
2024-10-14 22:40:10.413457 Whiskey: Yes
2024-10-14 22:40:10.413621 November: Yes
2024-10-14 22:40:10.413758 Hotel: Yes
2024-10-14 22:40:10.413861 X-ray: Yes
2024-10-14 22:40:10.413972 Zulu: Yes
2024-10-14 22:40:10.414778 Golf: Yes
2024-10-14 22:40:10.414907 India: Yes
ChatterBot November reevaluating
ChatterBot Hotel reevaluating
ChatterBot X-ray reevaluating
ChatterBot Zulu reevaluating
ChatterBot Golf reevaluating
ChatterBot India reevaluating
ChatterBot Whiskey reevaluating
ChatterBot Hotel reevaluating
ChatterBot X-ray reevaluating
ChatterBot Zulu reevaluating
ChatterBot Golf reevaluating
ChatterBot India reevaluating
ChatterBot Whiskey reevaluating
ChatterBot November reevaluating
ChatterBot X-ray reevaluating
ChatterBot Zulu reevaluating
ChatterBot Golf reevaluating
ChatterBot India reevaluating
ChatterBot Whiskey reevaluating
ChatterBot November reevaluating
ChatterBot Hotel reevaluating
ChatterBot Zulu reevaluating
ChatterBot Golf reevaluating
ChatterBot India reevaluating
ChatterBot Whiskey reevaluating
ChatterBot November reevaluating
ChatterBot Hotel reevaluating
ChatterBot X-ray reevaluating
ChatterBot Golf reevaluating
ChatterBot India reevaluating
ChatterBot Whiskey reevaluating
ChatterBot November reevaluating
ChatterBot Hotel reevaluating
ChatterBot X-ray reevaluating
ChatterBot Zulu reevaluating
ChatterBot India reevaluating
ChatterBot Whiskey reevaluating
ChatterBot November reevaluating
ChatterBot Hotel reevaluating
ChatterBot X-ray reevaluating
ChatterBot Zulu reevaluating
ChatterBot Golf reevaluating
randomSelections Papa: {Papa, Zulu, India, X-ray, Hotel, Whiskey, November} 
2024-10-14 22:40:10.621217 Papa: Let's form a team
ChatterBot Zulu reevaluating
ChatterBot India reevaluating
ChatterBot X-ray reevaluating
ChatterBot Hotel reevaluating
ChatterBot Whiskey reevaluating
ChatterBot November reevaluating
2024-10-14 22:40:10.631644 Zulu: No
2024-10-14 22:40:10.632850 India: No
2024-10-14 22:40:10.633267 X-ray: No
2024-10-14 22:40:10.633596 Hotel: No
2024-10-14 22:40:10.633829 Whiskey: No
2024-10-14 22:40:10.635199 November: No
ChatterBot India reevaluating
ChatterBot X-ray reevaluating
ChatterBot Hotel reevaluating
ChatterBot Whiskey reevaluating
ChatterBot November reevaluating
ChatterBot Zulu reevaluating
ChatterBot X-ray reevaluating
ChatterBot Hotel reevaluating
ChatterBot Whiskey reevaluating
ChatterBot November reevaluating
ChatterBot Zulu reevaluating
ChatterBot India reevaluating
ChatterBot Hotel reevaluating
ChatterBot Whiskey reevaluating
ChatterBot November reevaluating
ChatterBot Zulu reevaluating
ChatterBot India reevaluating
ChatterBot X-ray reevaluating
ChatterBot Whiskey reevaluating
ChatterBot November reevaluating
ChatterBot Zulu reevaluating
ChatterBot India reevaluating
ChatterBot X-ray reevaluating
ChatterBot Hotel reevaluating
ChatterBot November reevaluating
ChatterBot Zulu reevaluating
ChatterBot India reevaluating
ChatterBot X-ray reevaluating
ChatterBot Hotel reevaluating
ChatterBot Whiskey reevaluating
randomSelections Tango: {Tango, Zulu, Papa, X-ray, India, Delta, Whiskey, Golf} 
2024-10-14 22:40:10.697267 Tango: We would work well together
ChatterBot Zulu reevaluating
ChatterBot X-ray reevaluating
ChatterBot India reevaluating
ChatterBot Whiskey reevaluating
ChatterBot Golf reevaluating
2024-10-14 22:40:10.709026 Zulu: No
2024-10-14 22:40:10.709400 Papa: No
2024-10-14 22:40:10.709633 X-ray: No
2024-10-14 22:40:10.709938 India: No
2024-10-14 22:40:10.710920 Delta: No
2024-10-14 22:40:10.711394 Whiskey: No
2024-10-14 22:40:10.711675 Golf: No
ChatterBot X-ray reevaluating
ChatterBot India reevaluating
ChatterBot Whiskey reevaluating
ChatterBot Golf reevaluating
ChatterBot Zulu reevaluating
ChatterBot X-ray reevaluating
ChatterBot India reevaluating
ChatterBot Whiskey reevaluating
ChatterBot Golf reevaluating
ChatterBot Zulu reevaluating
ChatterBot India reevaluating
ChatterBot Whiskey reevaluating
ChatterBot Golf reevaluating
ChatterBot Zulu reevaluating
ChatterBot X-ray reevaluating
ChatterBot Whiskey reevaluating
ChatterBot Golf reevaluating
ChatterBot Zulu reevaluating
ChatterBot X-ray reevaluating
ChatterBot India reevaluating
ChatterBot Whiskey reevaluating
ChatterBot Golf reevaluating
ChatterBot Zulu reevaluating
ChatterBot X-ray reevaluating
ChatterBot India reevaluating
ChatterBot Golf reevaluating
ChatterBot Zulu reevaluating
ChatterBot X-ray reevaluating
ChatterBot India reevaluating
ChatterBot Whiskey reevaluating
2024-10-14 22:40:10.799940 Delta: Hotel, sending you 2
2024-10-14 22:40:10.803670 November: Hotel and Golf, sending you 1
2024-10-14 22:40:10.804735 Delta: X-ray and India, sending you 4
2024-10-14 22:40:10.805694 Zulu: Hotel, sending you 2
2024-10-14 22:40:10.807730 Papa: Hotel and Whiskey, sending you 4
2024-10-14 22:40:10.808125 November: Delta, sending you 2
2024-10-14 22:40:10.809186 Golf: Hotel, sending you 3
2024-10-14 22:40:10.809528 Zulu: Delta, India and Golf, sending you 1
2024-10-14 22:40:10.812043 X-ray: Hotel and India, sending you 1
2024-10-14 22:40:10.813273 Whiskey: Delta, X-ray, November and Golf, sending you 2
2024-10-14 22:40:10.813728 Delta: November and Zulu, sending you 3
2024-10-14 22:40:10.814134 Hotel: Delta, sending you 2
2024-10-14 22:40:10.817422 Papa: X-ray and India, sending you 1
2024-10-14 22:40:10.818874 November: X-ray, Zulu and Whiskey, sending you 3
2024-10-14 22:40:10.820236 Golf: Delta, Zulu and India, sending you 2
2024-10-14 22:40:10.821005 Zulu: X-ray and Whiskey, sending you 4
2024-10-14 22:40:10.822740 X-ray: Delta, sending you 3
2024-10-14 22:40:10.823427 Whiskey: Zulu, sending you 4
2024-10-14 22:40:10.824724 Delta: Golf and Whiskey, sending you 1
2024-10-14 22:40:10.825473 Hotel: X-ray, sending you 5
2024-10-14 22:40:10.826974 India: Delta, Zulu and Golf, sending you 2
2024-10-14 22:40:10.827976 Papa: November, sending you 2
2024-10-14 22:40:10.829726 November: India, sending you 5
2024-10-14 22:40:10.831347 Golf: November, sending you 4
2024-10-14 22:40:10.832134 X-ray: November, sending you 4
2024-10-14 22:40:10.833792 Zulu: November, sending you 3
2024-10-14 22:40:10.836828 Whiskey: India, sending you 3
2024-10-14 22:40:10.840528 Hotel: November and Zulu, sending you 1
2024-10-14 22:40:10.844893 India: X-ray, sending you 4
2024-10-14 22:40:10.845807 Papa: Zulu, sending you 5
2024-10-14 22:40:10.847369 Golf: Whiskey, sending you 5
2024-10-14 22:40:10.847914 X-ray: Zulu, Golf and Whiskey, sending you 2
2024-10-14 22:40:10.849447 Hotel: India, sending you 6
2024-10-14 22:40:10.849939 India: November and Whiskey, sending you 1
chatterbot Delta submitting transactions
chatterbot Zulu submitting transactions
chatterbot Hotel submitting transactions
chatterbot X-ray submitting transactions
chatterbot India submitting transactions
chatterbot Papa submitting transactions
chatterbot Tango submitting transactions
chatterbot Whiskey submitting transactions
chatterbot November submitting transactions
chatterbot Golf submitting transactions
ChatterBot Hotel round 2
ChatterBot Delta round 2
ChatterBot X-ray round 2
ChatterBot November round 2
ChatterBot Zulu round 2
ChatterBot India round 2
ChatterBot Golf round 2
ChatterBot Tango round 2
ChatterBot Whiskey round 2
2024-10-14 22:40:11.860631 Tango: We would work well together
ChatterBot Papa reevaluating
2024-10-14 22:40:11.881812 Papa: No
ChatterBot Papa round 2
2024-10-14 22:40:11.906352 India: We should add Papa
ChatterBot Delta reevaluating
ChatterBot Whiskey reevaluating
ChatterBot X-ray reevaluating
ChatterBot Golf reevaluating
2024-10-14 22:40:11.944457 Delta: No
2024-10-14 22:40:11.945151 Whiskey: No
2024-10-14 22:40:11.945386 November: No
2024-10-14 22:40:11.945542 Hotel: No
2024-10-14 22:40:11.945699 X-ray: Yes
2024-10-14 22:40:11.945885 Zulu: No
2024-10-14 22:40:11.946534 Golf: Yes
ChatterBot Whiskey reevaluating
ChatterBot X-ray reevaluating
ChatterBot Golf reevaluating
ChatterBot Delta reevaluating
ChatterBot X-ray reevaluating
ChatterBot Golf reevaluating
ChatterBot India reevaluating
ChatterBot Delta reevaluating
ChatterBot Whiskey reevaluating
ChatterBot X-ray reevaluating
ChatterBot Golf reevaluating
ChatterBot India reevaluating
ChatterBot Delta reevaluating
ChatterBot Whiskey reevaluating
ChatterBot X-ray reevaluating
ChatterBot Golf reevaluating
ChatterBot India reevaluating
ChatterBot Delta reevaluating
ChatterBot Whiskey reevaluating
ChatterBot Golf reevaluating
ChatterBot India reevaluating
ChatterBot Delta reevaluating
ChatterBot Whiskey reevaluating
ChatterBot X-ray reevaluating
ChatterBot Golf reevaluating
ChatterBot India reevaluating
ChatterBot Delta reevaluating
ChatterBot Whiskey reevaluating
ChatterBot X-ray reevaluating
ChatterBot India reevaluating
2024-10-14 22:40:12.355745 India: Papa we want you to join our group
2024-10-14 22:40:12.361010 Papa: No
ChatterBot India reevaluating
ChatterBot Golf reevaluating
2024-10-14 22:40:12.403383 X-ray: Papa we want you to join our group
2024-10-14 22:40:12.409108 Papa: No
ChatterBot India reevaluating
ChatterBot Golf reevaluating
2024-10-14 22:40:12.448372 Zulu: Hotel, sending you 1
2024-10-14 22:40:12.532915 Zulu: Delta, November and Whiskey, sending you 3
2024-10-14 22:40:12.533432 November: Hotel and India, sending you 1
2024-10-14 22:40:12.534415 Delta: Hotel, November, India and Golf, sending you 3
2024-10-14 22:40:12.535074 Tango: Sending you 12
2024-10-14 22:40:12.535922 Hotel: Delta and Zulu, sending you 3
2024-10-14 22:40:12.536402 Whiskey: Hotel, Delta and India, sending you 1
chatterbot Zulu submitting transactions
2024-10-14 22:40:12.537499 Zulu: X-ray, India and Golf, sending you 2
2024-10-14 22:40:12.866176 Delta: X-ray, sending you 4
2024-10-14 22:40:12.867528 November: Delta and Zulu, sending you 3
2024-10-14 22:40:12.868822 Hotel: X-ray and November, sending you 2
2024-10-14 22:40:12.869506 Papa: Sending you 10
2024-10-14 22:40:12.870225 Whiskey: X-ray, sending you 2
2024-10-14 22:40:12.871601 X-ray: Hotel, sending you 4
chatterbot Delta submitting transactions
chatterbot Tango submitting transactions
chatterbot Hotel submitting transactions
2024-10-14 22:40:12.873267 Delta: Whiskey, sending you 2
2024-10-14 22:40:12.874122 November: X-ray and Golf, sending you 4
2024-10-14 22:40:12.875460 Hotel: India and Whiskey, sending you 1
2024-10-14 22:40:12.876588 X-ray: Delta, November, Zulu, India and Whiskey, sending you 2
2024-10-14 22:40:12.877190 India: Hotel, sending you 3
2024-10-14 22:40:12.878465 Golf: Hotel, sending you 1
2024-10-14 22:40:12.879582 Whiskey: November and Zulu, sending you 3
2024-10-14 22:40:12.880321 November: Whiskey, sending you 2
2024-10-14 22:40:12.881346 Hotel: Golf, sending you 4
2024-10-14 22:40:12.882590 X-ray: Golf and Papa, sending you 1
2024-10-14 22:40:12.883083 India: Delta, November and Whiskey, sending you 2
2024-10-14 22:40:12.884335 Golf: Delta, November and Zulu, sending you 2
2024-10-14 22:40:12.885663 Whiskey: Golf, sending you 4
2024-10-14 22:40:13.047119 India: X-ray, Zulu and Golf, sending you 1
2024-10-14 22:40:13.048309 Golf: X-ray, India and Whiskey, sending you 4
chatterbot Whiskey submitting transactions
chatterbot November submitting transactions
chatterbot X-ray submitting transactions
chatterbot Golf submitting transactions
chatterbot India submitting transactions
chatterbot Papa submitting transactions
ChatterBot Hotel round 3
ChatterBot Delta round 3
ChatterBot X-ray round 3
ChatterBot November round 3
ChatterBot Zulu round 3
ChatterBot India round 3
ChatterBot Golf round 3
ChatterBot Tango round 3
ChatterBot Whiskey round 3
ChatterBot Papa round 3
2024-10-14 22:40:13.576037 X-ray: We should drop Papa
ChatterBot Whiskey reevaluating
2024-10-14 22:40:13.595549 Delta: Yes
2024-10-14 22:40:13.595734 Whiskey: Yes
2024-10-14 22:40:13.595858 November: Yes
2024-10-14 22:40:13.595984 Hotel: Yes
2024-10-14 22:40:13.596574 Zulu: Yes
2024-10-14 22:40:13.596747 Golf: Yes
2024-10-14 22:40:13.596903 India: Yes
ChatterBot Whiskey reevaluating
ChatterBot Whiskey reevaluating
ChatterBot Whiskey reevaluating
ChatterBot Whiskey reevaluating
ChatterBot Whiskey reevaluating
ChatterBot Whiskey reevaluating
2024-10-14 22:40:13.868880 Zulu: We should drop India
ChatterBot Whiskey reevaluating
2024-10-14 22:40:13.887222 Hotel: No
2024-10-14 22:40:13.887386 Delta: No
2024-10-14 22:40:13.887579 X-ray: No
2024-10-14 22:40:13.888224 November: No
2024-10-14 22:40:13.888440 Golf: No
2024-10-14 22:40:13.888603 Whiskey: Yes
ChatterBot Whiskey reevaluating
ChatterBot Whiskey reevaluating
ChatterBot Whiskey reevaluating
ChatterBot Whiskey reevaluating
ChatterBot Whiskey reevaluating
2024-10-14 22:40:13.990051 November: Hotel, sending you 1
2024-10-14 22:40:14.009439 Hotel: Delta, sending you 3
2024-10-14 22:40:14.011203 Golf: Hotel, Delta and November, sending you 3
2024-10-14 22:40:14.013814 Delta: Hotel, X-ray, November, Zulu and India, sending you 3
2024-10-14 22:40:14.014570 India: Hotel, November and Golf, sending you 2
2024-10-14 22:40:14.016348 November: Delta, X-ray, Zulu, Golf and Whiskey, sending you 3
2024-10-14 22:40:14.018422 Hotel: X-ray, sending you 4
2024-10-14 22:40:14.020023 Delta: Golf, sending you 2
2024-10-14 22:40:14.021898 Golf: X-ray, Zulu and India, sending you 2
2024-10-14 22:40:14.022973 India: Delta, sending you 3
2024-10-14 22:40:14.023541 X-ray: Hotel, Zulu, India, Golf and Whiskey, sending you 2
2024-10-14 22:40:14.024169 November: India, sending you 2
2024-10-14 22:40:14.025200 Tango: Sending you 13
2024-10-14 22:40:14.025419 Papa: Sending you 9
2024-10-14 22:40:14.025599 Zulu: Hotel, Delta and Golf, sending you 2
2024-10-14 22:40:14.025978 Hotel: November, Zulu, India and Golf, sending you 2
2024-10-14 22:40:14.027293 Golf: Whiskey, sending you 4
2024-10-14 22:40:14.028428 Delta: Whiskey, sending you 1
2024-10-14 22:40:14.028968 India: X-ray, Zulu and Whiskey, sending you 1
2024-10-14 22:40:14.030165 X-ray: Delta and November, sending you 3
2024-10-14 22:40:14.030688 Zulu: X-ray and November, sending you 3
2024-10-14 22:40:14.045526 Hotel: Whiskey, sending you 1
2024-10-14 22:40:14.046084 Whiskey: Hotel, sending you 1
2024-10-14 22:40:14.047138 Zulu: Whiskey, sending you 4
2024-10-14 22:40:14.053759 Whiskey: Delta, X-ray, November and India, sending you 2
2024-10-14 22:40:14.057195 Whiskey: Zulu and Golf, sending you 3
chatterbot Hotel submitting transactions
chatterbot Delta submitting transactions
chatterbot India submitting transactions
chatterbot X-ray submitting transactions
chatterbot Golf submitting transactions
chatterbot Zulu submitting transactions
chatterbot Whiskey submitting transactions
chatterbot Tango submitting transactions
chatterbot November submitting transactions
chatterbot Papa submitting transactions
ChatterBot Hotel round 4
ChatterBot Delta round 4
ChatterBot X-ray round 4
ChatterBot November round 4
ChatterBot Zulu round 4
ChatterBot India round 4
ChatterBot Golf round 4
ChatterBot Tango round 4
ChatterBot Whiskey round 4
ChatterBot Papa round 4
2024-10-14 22:40:15.035804 Whiskey: We should drop India
2024-10-14 22:40:15.062838 Zulu: Yes
2024-10-14 22:40:15.063057 Hotel: No
2024-10-14 22:40:15.063234 Delta: No
2024-10-14 22:40:15.063423 X-ray: No
2024-10-14 22:40:15.063595 November: No
2024-10-14 22:40:15.064321 Golf: No
2024-10-14 22:40:15.230045 Papa: Sending you 8
2024-10-14 22:40:15.230301 India: Hotel, Delta, X-ray, November, Golf and Whiskey, sending you 2
2024-10-14 22:40:15.231519 Golf: Hotel, Delta and November, sending you 3
2024-10-14 22:40:15.232143 X-ray: Hotel, Delta and November, sending you 3
2024-10-14 22:40:15.233204 Zulu: Hotel, Delta and Golf, sending you 2
2024-10-14 22:40:15.233572 Delta: Hotel, X-ray, November and India, sending you 3
2024-10-14 22:40:15.234717 Hotel: Delta, X-ray and Golf, sending you 3
2024-10-14 22:40:15.235242 Golf: X-ray, Zulu and India, sending you 2
2024-10-14 22:40:15.266545 Zulu: X-ray and November, sending you 3
2024-10-14 22:40:15.267047 X-ray: Zulu, Golf and Whiskey, sending you 2
2024-10-14 22:40:15.268417 Delta: Zulu, Golf and Whiskey, sending you 2
2024-10-14 22:40:15.269749 Whiskey: Hotel, sending you 1
2024-10-14 22:40:15.270062 November: Hotel, India and Whiskey, sending you 2
2024-10-14 22:40:15.270607 Hotel: November, Zulu and India, sending you 2
2024-10-14 22:40:15.271576 Tango: Sending you 14
2024-10-14 22:40:15.271781 Golf: Whiskey, sending you 4
2024-10-14 22:40:15.272364 Zulu: Whiskey, sending you 4
2024-10-14 22:40:15.273310 X-ray: India, sending you 1
2024-10-14 22:40:15.273974 November: Delta, X-ray, Zulu and Golf, sending you 3
2024-10-14 22:40:15.285780 Whiskey: Delta and X-ray, sending you 2
2024-10-14 22:40:15.286666 Hotel: Whiskey, sending you 1
chatterbot Papa submitting transactions
2024-10-14 22:40:15.372348 Whiskey: November and Zulu, sending you 3
2024-10-14 22:40:15.410507 Whiskey: Golf, sending you 4
chatterbot Delta submitting transactions
chatterbot Tango submitting transactions
chatterbot Hotel submitting transactions
chatterbot India submitting transactions
chatterbot November submitting transactions
chatterbot Zulu submitting transactions
chatterbot Golf submitting transactions
chatterbot Whiskey submitting transactions
chatterbot X-ray submitting transactions
ChatterBot Hotel round 5
ChatterBot Delta round 5
ChatterBot X-ray round 5
ChatterBot November round 5
ChatterBot Zulu round 5
ChatterBot India round 5
ChatterBot Golf round 5
ChatterBot Tango round 5
ChatterBot Whiskey round 5
ChatterBot Papa round 5
2024-10-14 22:40:16.319670 X-ray: Hotel, Delta and November, sending you 3
2024-10-14 22:40:16.321129 Delta: Hotel, X-ray, November, India and Golf, sending you 3
2024-10-14 22:40:16.323673 X-ray: Zulu, India and Whiskey, sending you 2
2024-10-14 22:40:16.325658 Delta: Zulu, sending you 2
2024-10-14 22:40:16.328667 X-ray: Golf, sending you 1
2024-10-14 22:40:16.330259 Zulu: Hotel, Delta and Golf, sending you 2
2024-10-14 22:40:16.331028 Hotel: Delta, X-ray and Golf, sending you 3
2024-10-14 22:40:16.331736 Delta: Whiskey, sending you 1
2024-10-14 22:40:16.332922 India: Hotel, Delta, X-ray, November and Golf, sending you 2
2024-10-14 22:40:16.333574 November: Hotel, sending you 1
2024-10-14 22:40:16.334461 Whiskey: Hotel, Delta and X-ray, sending you 2
2024-10-14 22:40:16.335462 Zulu: X-ray and November, sending you 3
2024-10-14 22:40:16.336005 Hotel: November, Zulu and India, sending you 2
2024-10-14 22:40:16.336991 India: Zulu and Whiskey, sending you 1
2024-10-14 22:40:16.338434 Whiskey: November, Zulu and Golf, sending you 3
2024-10-14 22:40:16.339084 Golf: Hotel and November, sending you 3
2024-10-14 22:40:16.340075 November: Delta, X-ray, Zulu, Golf and Whiskey, sending you 3
2024-10-14 22:40:16.341286 Zulu: Whiskey, sending you 4
2024-10-14 22:40:16.341821 Hotel: Whiskey, sending you 1
2024-10-14 22:40:16.342521 Tango: Sending you 15
2024-10-14 22:40:16.343676 Golf: Delta, X-ray, Zulu and India, sending you 2
2024-10-14 22:40:16.344654 November: India, sending you 2
2024-10-14 22:40:16.346255 Papa: Sending you 7
2024-10-14 22:40:16.349689 Golf: Whiskey, sending you 5
chatterbot November submitting transactions
chatterbot India submitting transactions
chatterbot Papa submitting transactions
chatterbot Tango submitting transactions
chatterbot Hotel submitting transactions
chatterbot X-ray submitting transactions
chatterbot Whiskey submitting transactions
chatterbot Golf submitting transactions
chatterbot Delta submitting transactions
chatterbot Zulu submitting transactions
ChatterBot Hotel round 6
ChatterBot Delta round 6
ChatterBot X-ray round 6
ChatterBot November round 6
ChatterBot Zulu round 6
ChatterBot India round 6
ChatterBot Golf round 6
ChatterBot Tango round 6
ChatterBot Whiskey round 6
ChatterBot Papa round 6
2024-10-14 22:40:17.235697 Golf: Hotel, Delta and November, sending you 3
2024-10-14 22:40:17.241713 Golf: X-ray, Zulu and India, sending you 2
2024-10-14 22:40:17.243446 Delta: Hotel and November, sending you 3
2024-10-14 22:40:17.245699 India: Hotel, Delta, X-ray, November and Golf, sending you 2
2024-10-14 22:40:17.246711 Golf: Whiskey, sending you 4
2024-10-14 22:40:17.247870 X-ray: Hotel, Delta and November, sending you 3
2024-10-14 22:40:17.248953 November: Hotel, sending you 1
2024-10-14 22:40:17.249682 Delta: X-ray, sending you 4
2024-10-14 22:40:17.250365 Hotel: Delta, X-ray and Golf, sending you 3
2024-10-14 22:40:17.251047 Papa: Sending you 6
2024-10-14 22:40:17.251298 Whiskey: Hotel, Delta and X-ray, sending you 2
2024-10-14 22:40:17.252199 India: Zulu and Whiskey, sending you 1
2024-10-14 22:40:17.253214 X-ray: Zulu, India and Whiskey, sending you 2
2024-10-14 22:40:17.254139 Zulu: Hotel, Delta and Golf, sending you 2
2024-10-14 22:40:17.254571 Delta: Zulu, India, Golf and Whiskey, sending you 2
2024-10-14 22:40:17.255272 Tango: Same as last round
2024-10-14 22:40:17.255521 November: Delta, X-ray, Zulu, Golf and Whiskey, sending you 3
2024-10-14 22:40:17.256509 Whiskey: November, Zulu and Golf, sending you 3
2024-10-14 22:40:17.257086 Hotel: November, Zulu and India, sending you 2
2024-10-14 22:40:17.258314 X-ray: Golf, sending you 1
2024-10-14 22:40:17.259361 Zulu: X-ray and November, sending you 3
2024-10-14 22:40:17.259818 November: India, sending you 2
2024-10-14 22:40:17.260699 Hotel: Whiskey, sending you 1
2024-10-14 22:40:17.263671 Zulu: Whiskey, sending you 4
chatterbot Tango submitting transactions
chatterbot Hotel submitting transactions
chatterbot India submitting transactions
chatterbot Golf submitting transactions
chatterbot Delta submitting transactions
chatterbot Whiskey submitting transactions
chatterbot November submitting transactions
chatterbot Papa submitting transactions
chatterbot X-ray submitting transactions
chatterbot Zulu submitting transactions
ChatterBot Hotel round 7
ChatterBot Delta round 7
ChatterBot X-ray round 7
ChatterBot November round 7
ChatterBot Zulu round 7
ChatterBot India round 7
ChatterBot Golf round 7
ChatterBot Tango round 7
ChatterBot Whiskey round 7
ChatterBot Papa round 7
2024-10-14 22:40:18.507676 Hotel: Delta, X-ray and Golf, sending you 3
2024-10-14 22:40:18.515291 Hotel: November, sending you 1
2024-10-14 22:40:18.516835 India: Hotel, Delta, X-ray, November and Golf, sending you 2
2024-10-14 22:40:18.520661 Hotel: Zulu, India and Whiskey, sending you 2
2024-10-14 22:40:18.522727 Whiskey: Hotel, Delta and X-ray, sending you 2
2024-10-14 22:40:18.523572 November: Hotel, sending you 1
2024-10-14 22:40:18.524501 Golf: Hotel, Delta and November, sending you 3
2024-10-14 22:40:18.525863 Zulu: Hotel, Delta and Golf, sending you 2
2024-10-14 22:40:18.526498 India: Zulu and Whiskey, sending you 1
2024-10-14 22:40:18.527228 Delta: Hotel, X-ray, November and Golf, sending you 3
2024-10-14 22:40:18.527921 Whiskey: November, Zulu and Golf, sending you 3
2024-10-14 22:40:18.529403 November: Delta, X-ray, Zulu, Golf and Whiskey, sending you 3
2024-10-14 22:40:18.530528 X-ray: Hotel, Zulu, India, Golf and Whiskey, sending you 2
2024-10-14 22:40:18.531431 Golf: X-ray, Zulu and India, sending you 2
2024-10-14 22:40:18.533288 Papa: Sending you 5
2024-10-14 22:40:18.533537 Zulu: X-ray and November, sending you 3
2024-10-14 22:40:18.534237 Delta: Zulu, India and Whiskey, sending you 2
2024-10-14 22:40:18.535206 Tango: Same as last round
2024-10-14 22:40:18.535480 November: India, sending you 2
2024-10-14 22:40:18.536857 X-ray: Delta and November, sending you 3
2024-10-14 22:40:18.537677 Golf: Whiskey, sending you 4
2024-10-14 22:40:18.539055 Zulu: Whiskey, sending you 4
chatterbot Golf submitting transactions
chatterbot Hotel submitting transactions
chatterbot India submitting transactions
chatterbot November submitting transactions
chatterbot Papa submitting transactions
chatterbot X-ray submitting transactions
chatterbot Delta submitting transactions
chatterbot Whiskey submitting transactions
chatterbot Tango submitting transactions
chatterbot Zulu submitting transactions
ChatterBot Hotel round 8
ChatterBot Delta round 8
ChatterBot X-ray round 8
ChatterBot November round 8
ChatterBot Zulu round 8
ChatterBot India round 8
ChatterBot Golf round 8
ChatterBot Tango round 8
ChatterBot Whiskey round 8
ChatterBot Papa round 8
2024-10-14 22:40:19.682660 Hotel: Delta, X-ray and Golf, sending you 3
2024-10-14 22:40:19.688672 Hotel: November, sending you 1
2024-10-14 22:40:19.690272 November: Hotel, sending you 1
2024-10-14 22:40:19.692241 X-ray: Hotel, Zulu, India, Golf and Whiskey, sending you 2
2024-10-14 22:40:19.693400 Tango: Same as last round
2024-10-14 22:40:19.693657 Hotel: Zulu, India and Whiskey, sending you 2
2024-10-14 22:40:19.695708 X-ray: Delta and November, sending you 3
2024-10-14 22:40:19.697676 Golf: Hotel, Delta and November, sending you 3
2024-10-14 22:40:19.699265 Delta: Hotel, X-ray, November and Golf, sending you 3
2024-10-14 22:40:19.700728 Papa: Same as last round
2024-10-14 22:40:19.701012 November: Delta, X-ray, Zulu, Golf and Whiskey, sending you 3
2024-10-14 22:40:19.702555 India: Hotel, Delta, X-ray, November and Golf, sending you 2
2024-10-14 22:40:19.703432 Zulu: Hotel, Delta and Golf, sending you 2
2024-10-14 22:40:19.703978 Whiskey: Hotel, Delta and X-ray, sending you 2
2024-10-14 22:40:19.705441 Golf: X-ray, Zulu and India, sending you 2
2024-10-14 22:40:19.706783 Delta: Zulu, India and Whiskey, sending you 2
2024-10-14 22:40:19.708251 November: India, sending you 2
2024-10-14 22:40:19.709755 India: Zulu and Whiskey, sending you 1
2024-10-14 22:40:19.711213 Zulu: X-ray and November, sending you 3
2024-10-14 22:40:19.712036 Whiskey: November, Zulu and Golf, sending you 3
2024-10-14 22:40:19.712496 Golf: Whiskey, sending you 4
2024-10-14 22:40:19.716677 Zulu: Whiskey, sending you 4
chatterbot Hotel submitting transactions
chatterbot Golf submitting transactions
chatterbot Delta submitting transactions
chatterbot India submitting transactions
chatterbot Zulu submitting transactions
chatterbot Papa submitting transactions
chatterbot Whiskey submitting transactions
chatterbot Tango submitting transactions
chatterbot November submitting transactions
chatterbot X-ray submitting transactions
ChatterBot Hotel round 9
ChatterBot Delta round 9
ChatterBot X-ray round 9
ChatterBot November round 9
ChatterBot Zulu round 9
ChatterBot India round 9
ChatterBot Golf round 9
ChatterBot Tango round 9
ChatterBot Whiskey round 9
ChatterBot Papa round 9
2024-10-14 22:40:20.962667 Hotel: Delta, X-ray and Golf, sending you 3
2024-10-14 22:40:20.963685 X-ray: Hotel, Zulu, India, Golf and Whiskey, sending you 2
2024-10-14 22:40:20.967683 Hotel: November, sending you 1
2024-10-14 22:40:20.968922 X-ray: Delta and November, sending you 3
2024-10-14 22:40:20.970532 Delta: Hotel, X-ray, November and Golf, sending you 3
2024-10-14 22:40:20.971748 November: Hotel, sending you 1
2024-10-14 22:40:20.972910 Golf: Hotel, Delta and November, sending you 3
2024-10-14 22:40:20.974641 Hotel: Zulu, India and Whiskey, sending you 2
2024-10-14 22:40:20.975583 Delta: Zulu, India and Whiskey, sending you 2
2024-10-14 22:40:20.976662 India: Hotel, Delta, X-ray, November and Golf, sending you 2
2024-10-14 22:40:20.978314 November: Delta, X-ray, Zulu, Golf and Whiskey, sending you 3
2024-10-14 22:40:20.979347 Golf: X-ray, Zulu and India, sending you 2
2024-10-14 22:40:20.980261 Zulu: Hotel, Delta and Golf, sending you 2
2024-10-14 22:40:20.980838 Whiskey: Hotel, Delta and X-ray, sending you 2
2024-10-14 22:40:20.981932 Papa: Sending you 4
2024-10-14 22:40:20.982164 India: Zulu and Whiskey, sending you 1
2024-10-14 22:40:20.983037 Tango: Same as last round
2024-10-14 22:40:20.983250 November: India, sending you 2
2024-10-14 22:40:20.984297 Whiskey: November, Zulu and Golf, sending you 3
2024-10-14 22:40:20.985120 Golf: Whiskey, sending you 4
2024-10-14 22:40:20.985962 Zulu: X-ray and November, sending you 3
2024-10-14 22:40:20.989684 Zulu: Whiskey, sending you 4
chatterbot November submitting transactions
chatterbot Delta submitting transactions
chatterbot India submitting transactions
chatterbot Golf submitting transactions
chatterbot Tango submitting transactions
chatterbot Whiskey submitting transactions
chatterbot X-ray submitting transactions
chatterbot Hotel submitting transactions
chatterbot Zulu submitting transactions
chatterbot Papa submitting transactions
ChatterBot Hotel round 10
ChatterBot Delta round 10
ChatterBot X-ray round 10
ChatterBot November round 10
ChatterBot Zulu round 10
ChatterBot India round 10
ChatterBot Golf round 10
ChatterBot Tango round 10
ChatterBot Whiskey round 10
ChatterBot Papa round 10
2024-10-14 22:40:22.214692 Hotel: Delta, X-ray and Golf, sending you 3
2024-10-14 22:40:22.218651 India: Hotel, Delta, X-ray, November and Golf, sending you 2
2024-10-14 22:40:22.221951 Papa: Same as last round
2024-10-14 22:40:22.222318 November: Hotel, sending you 1
2024-10-14 22:40:22.225717 Delta: Hotel, X-ray, November and Golf, sending you 3
2024-10-14 22:40:22.228985 Whiskey: Hotel, Delta and X-ray, sending you 2
2024-10-14 22:40:22.231480 Hotel: November, sending you 1
2024-10-14 22:40:22.235400 India: Zulu and Whiskey, sending you 1
2024-10-14 22:40:22.238079 Tango: Same as last round
2024-10-14 22:40:22.238470 Golf: Hotel, Delta and November, sending you 3
2024-10-14 22:40:22.241919 November: Delta, X-ray, Zulu, Golf and Whiskey, sending you 3
2024-10-14 22:40:22.245190 Zulu: Hotel, Delta and Golf, sending you 2
2024-10-14 22:40:22.247337 X-ray: Hotel, Zulu, India, Golf and Whiskey, sending you 2
2024-10-14 22:40:22.250950 Delta: Zulu, India and Whiskey, sending you 2
2024-10-14 22:40:22.253904 Whiskey: November, Zulu and Golf, sending you 3
2024-10-14 22:40:22.255261 Hotel: Zulu, India and Whiskey, sending you 2
2024-10-14 22:40:22.258417 Golf: X-ray, Zulu and India, sending you 2
2024-10-14 22:40:22.260071 November: India, sending you 2
2024-10-14 22:40:22.263091 Zulu: X-ray and November, sending you 3
2024-10-14 22:40:22.264659 X-ray: Delta and November, sending you 3
2024-10-14 22:40:22.267219 Golf: Whiskey, sending you 4
2024-10-14 22:40:22.270424 Zulu: Whiskey, sending you 4
chatterbot November submitting transactions
chatterbot Hotel submitting transactions
chatterbot Golf submitting transactions
chatterbot India submitting transactions
chatterbot Tango submitting transactions
chatterbot Whiskey submitting transactions
chatterbot Papa submitting transactions
chatterbot Zulu submitting transactions
chatterbot Delta submitting transactions
chatterbot X-ray submitting transactions
ChatterBot Hotel round 11
ChatterBot Delta round 11
ChatterBot X-ray round 11
ChatterBot November round 11
ChatterBot Zulu round 11
ChatterBot India round 11
ChatterBot Golf round 11
ChatterBot Tango round 11
ChatterBot Whiskey round 11
ChatterBot Papa round 11
2024-10-14 22:40:23.525143 X-ray: Hotel, Zulu, India, Golf and Whiskey, sending you 2
2024-10-14 22:40:23.527047 India: Hotel, Delta, X-ray, November and Golf, sending you 2
2024-10-14 22:40:23.529401 Delta: Hotel, X-ray, November and Golf, sending you 3
2024-10-14 22:40:23.532146 Hotel: Delta and Golf, sending you 3
2024-10-14 22:40:23.534899 Tango: Same as last round
2024-10-14 22:40:23.535352 Zulu: Hotel, Delta and Golf, sending you 2
2024-10-14 22:40:23.537099 Whiskey: Hotel, Delta and X-ray, sending you 2
2024-10-14 22:40:23.537964 X-ray: Delta and November, sending you 3
2024-10-14 22:40:23.540766 India: Zulu and Whiskey, sending you 1
2024-10-14 22:40:23.543101 Delta: Zulu, India and Whiskey, sending you 2
2024-10-14 22:40:23.545945 Hotel: X-ray, November, Zulu, India and Whiskey, sending you 2
2024-10-14 22:40:23.548130 November: Hotel, sending you 1
2024-10-14 22:40:23.550352 Papa: Same as last round
2024-10-14 22:40:23.550667 Zulu: X-ray and November, sending you 3
2024-10-14 22:40:23.551883 Whiskey: November, Zulu and Golf, sending you 3
2024-10-14 22:40:23.553444 Golf: Hotel, Delta and November, sending you 3
2024-10-14 22:40:23.556143 November: Delta, X-ray, Zulu, Golf and Whiskey, sending you 3
2024-10-14 22:40:23.559228 Zulu: Whiskey, sending you 4
2024-10-14 22:40:23.560189 Golf: X-ray, Zulu and India, sending you 2
2024-10-14 22:40:23.564335 November: India, sending you 2
2024-10-14 22:40:23.567194 Golf: Whiskey, sending you 4
chatterbot India submitting transactions
chatterbot November submitting transactions
chatterbot X-ray submitting transactions
chatterbot Tango submitting transactions
chatterbot Delta submitting transactions
chatterbot Zulu submitting transactions
chatterbot Whiskey submitting transactions
chatterbot Hotel submitting transactions
chatterbot Papa submitting transactions
chatterbot Golf submitting transactions
ChatterBot Hotel round 12
ChatterBot Delta round 12
ChatterBot X-ray round 12
ChatterBot November round 12
ChatterBot Zulu round 12
ChatterBot India round 12
ChatterBot Golf round 12
ChatterBot Tango round 12
ChatterBot Whiskey round 12
ChatterBot Papa round 12
2024-10-14 22:40:24.522655 India: Hotel, Delta, X-ray, November and Golf, sending you 2
2024-10-14 22:40:24.527690 India: Zulu and Whiskey, sending you 1
2024-10-14 22:40:24.529732 November: Hotel, sending you 1
2024-10-14 22:40:24.531640 Zulu: Hotel, Delta and Golf, sending you 2
2024-10-14 22:40:24.533162 Delta: Hotel, X-ray, November and Golf, sending you 3
2024-10-14 22:40:24.534769 X-ray: Hotel, Zulu, India, Golf and Whiskey, sending you 2
2024-10-14 22:40:24.536454 Tango: Same as last round
2024-10-14 22:40:24.537345 Zulu: X-ray and November, sending you 3
2024-10-14 22:40:24.538488 November: Delta, X-ray, Zulu, Golf and Whiskey, sending you 3
2024-10-14 22:40:24.539978 Whiskey: Hotel, Delta and X-ray, sending you 2
2024-10-14 22:40:24.540683 Delta: Zulu, India and Whiskey, sending you 2
2024-10-14 22:40:24.542619 Hotel: Delta and Golf, sending you 3
2024-10-14 22:40:24.544330 X-ray: Delta and November, sending you 3
2024-10-14 22:40:24.545418 Golf: Hotel, Delta and November, sending you 3
2024-10-14 22:40:24.547276 Zulu: Whiskey, sending you 4
2024-10-14 22:40:24.548425 November: India, sending you 2
2024-10-14 22:40:24.549836 Whiskey: November, Zulu and Golf, sending you 3
2024-10-14 22:40:24.552260 Hotel: X-ray, November, Zulu, India and Whiskey, sending you 2
2024-10-14 22:40:24.555724 Golf: X-ray, Zulu and India, sending you 2
2024-10-14 22:40:24.557490 Papa: Sending you 3
2024-10-14 22:40:24.561668 Golf: Whiskey, sending you 4
chatterbot Delta submitting transactions
chatterbot Whiskey submitting transactions
chatterbot India submitting transactions
chatterbot X-ray submitting transactions
chatterbot Tango submitting transactions
chatterbot November submitting transactions
chatterbot Papa submitting transactions
chatterbot Hotel submitting transactions
chatterbot Zulu submitting transactions
chatterbot Golf submitting transactions
ChatterBot Hotel round 13
ChatterBot Delta round 13
ChatterBot X-ray round 13
ChatterBot November round 13
ChatterBot Zulu round 13
ChatterBot India round 13
ChatterBot Golf round 13
ChatterBot Tango round 13
ChatterBot Whiskey round 13
ChatterBot Papa round 13
2024-10-14 22:40:25.738657 Hotel: Delta and Golf, sending you 3
2024-10-14 22:40:25.744649 Hotel: X-ray, November, Zulu, India and Whiskey, sending you 2
2024-10-14 22:40:25.746653 X-ray: Hotel, Zulu, India, Golf and Whiskey, sending you 2
2024-10-14 22:40:25.748661 November: Hotel, sending you 1
2024-10-14 22:40:25.752672 X-ray: Delta and November, sending you 3
2024-10-14 22:40:25.755359 India: Hotel, Delta, X-ray, November and Golf, sending you 2
2024-10-14 22:40:25.757737 Zulu: Hotel, Delta and Golf, sending you 2
2024-10-14 22:40:25.759224 November: Delta, X-ray, Zulu, Golf and Whiskey, sending you 3
2024-10-14 22:40:25.761162 Delta: Hotel, X-ray, November and Golf, sending you 3
2024-10-14 22:40:25.763652 Golf: Hotel, Delta and November, sending you 3
2024-10-14 22:40:25.766700 India: Zulu and Whiskey, sending you 1
2024-10-14 22:40:25.770151 Zulu: X-ray and November, sending you 3
2024-10-14 22:40:25.771376 Tango: Same as last round
2024-10-14 22:40:25.771644 Whiskey: Hotel, Delta and X-ray, sending you 2
2024-10-14 22:40:25.773189 Papa: Same as last round
2024-10-14 22:40:25.773511 November: India, sending you 2
2024-10-14 22:40:25.775952 Delta: Zulu, India and Whiskey, sending you 2
2024-10-14 22:40:25.777522 Golf: X-ray, Zulu and India, sending you 2
2024-10-14 22:40:25.779488 Zulu: Whiskey, sending you 4
2024-10-14 22:40:25.780563 Whiskey: November, Zulu and Golf, sending you 3
2024-10-14 22:40:25.782237 Golf: Whiskey, sending you 4
chatterbot Tango submitting transactions
chatterbot Zulu submitting transactions
chatterbot Papa submitting transactions
chatterbot Hotel submitting transactions
chatterbot Golf submitting transactions
chatterbot November submitting transactions
chatterbot Delta submitting transactions
chatterbot Whiskey submitting transactions
chatterbot India submitting transactions
chatterbot X-ray submitting transactions
ChatterBot Hotel round 14
ChatterBot Delta round 14
ChatterBot X-ray round 14
ChatterBot November round 14
ChatterBot Zulu round 14
ChatterBot India round 14
ChatterBot Golf round 14
ChatterBot Tango round 14
ChatterBot Whiskey round 14
ChatterBot Papa round 14
2024-10-14 22:40:26.961655 X-ray: Hotel, Zulu, India, Golf and Whiskey, sending you 2
2024-10-14 22:40:26.966684 X-ray: Delta and November, sending you 3
2024-10-14 22:40:26.970689 Delta: Hotel, X-ray, November and Golf, sending you 3
2024-10-14 22:40:26.972960 Zulu: Hotel, Delta, X-ray and Golf, sending you 2
2024-10-14 22:40:26.974341 Golf: Hotel, Delta and November, sending you 3
2024-10-14 22:40:26.978088 Delta: Zulu, India and Whiskey, sending you 2
2024-10-14 22:40:26.980096 Zulu: November and Whiskey, sending you 4
2024-10-14 22:40:26.981098 Papa: Same as last round
2024-10-14 22:40:26.981519 Golf: X-ray, Zulu and India, sending you 2
2024-10-14 22:40:26.983711 Whiskey: Hotel, Delta and X-ray, sending you 2
2024-10-14 22:40:26.984659 India: Hotel, Delta, X-ray, November and Golf, sending you 2
2024-10-14 22:40:26.986742 November: Hotel, sending you 1
2024-10-14 22:40:26.988454 Hotel: Delta and Golf, sending you 3
2024-10-14 22:40:26.989907 Whiskey: November, Zulu and Golf, sending you 3
2024-10-14 22:40:26.990508 Golf: Whiskey, sending you 4
2024-10-14 22:40:26.992010 India: Zulu and Whiskey, sending you 1
2024-10-14 22:40:26.993239 November: Delta, X-ray, Zulu, Golf and Whiskey, sending you 3
2024-10-14 22:40:26.995516 Hotel: X-ray, November, Zulu, India and Whiskey, sending you 2
2024-10-14 22:40:26.998140 November: India, sending you 2
chatterbot Delta submitting transactions
chatterbot November submitting transactions
chatterbot Hotel submitting transactions
chatterbot Tango submitting transactions
chatterbot Golf submitting transactions
chatterbot Papa submitting transactions
chatterbot Whiskey submitting transactions
chatterbot India submitting transactions
chatterbot X-ray submitting transactions
chatterbot Zulu submitting transactions
ChatterBot Hotel round 15
ChatterBot Delta round 15
ChatterBot X-ray round 15
ChatterBot November round 15
ChatterBot Zulu round 15
ChatterBot India round 15
ChatterBot Golf round 15
ChatterBot Tango round 15
ChatterBot Whiskey round 15
ChatterBot Papa round 15
2024-10-14 22:40:28.204669 Golf: Hotel, Delta and November, sending you 3
2024-10-14 22:40:28.216677 Golf: X-ray, Zulu and India, sending you 2
2024-10-14 22:40:28.222598 Zulu: Hotel, Delta, X-ray and Golf, sending you 2
