ChatterBot Mike round 1
randomSelections Mike: {Mike, Lima, Alpha, Golf, Tango, November, Sierra, Whiskey} 
2024-10-14 22:40:10.496812 Mike: We would work well together
ChatterBot X-ray round 1
ChatterBot Lima round 1
ChatterBot Lima reevaluating
2024-10-14 22:40:10.518394 Lima: Yes
ChatterBot Sierra round 1
ChatterBot Sierra reevaluating
ChatterBot Sierra reevaluating
2024-10-14 22:40:10.568987 Sierra: Yes
ChatterBot Lima reevaluating
ChatterBot Whiskey round 1
ChatterBot Whiskey reevaluating
ChatterBot Whiskey reevaluating
ChatterBot Whiskey reevaluating
2024-10-14 22:40:10.582437 Whiskey: Yes
ChatterBot Lima reevaluating
ChatterBot Sierra reevaluating
ChatterBot Alpha round 1
ChatterBot Alpha reevaluating
ChatterBot Alpha reevaluating
ChatterBot Alpha reevaluating
ChatterBot Alpha reevaluating
2024-10-14 22:40:10.599169 Alpha: Yes
ChatterBot Lima reevaluating
ChatterBot Sierra reevaluating
ChatterBot Whiskey reevaluating
ChatterBot Tango round 1
ChatterBot Tango reevaluating
ChatterBot Tango reevaluating
ChatterBot Tango reevaluating
ChatterBot Tango reevaluating
ChatterBot Tango reevaluating
2024-10-14 22:40:10.618461 Tango: Yes
ChatterBot Lima reevaluating
ChatterBot Alpha reevaluating
ChatterBot Sierra reevaluating
ChatterBot Whiskey reevaluating
ChatterBot Golf round 1
ChatterBot Golf reevaluating
ChatterBot Golf reevaluating
ChatterBot Golf reevaluating
ChatterBot Golf reevaluating
ChatterBot Golf reevaluating
ChatterBot Golf reevaluating
2024-10-14 22:40:10.645186 Golf: Yes
ChatterBot Lima reevaluating
ChatterBot Alpha reevaluating
ChatterBot Tango reevaluating
ChatterBot Sierra reevaluating
ChatterBot Whiskey reevaluating
ChatterBot November round 1
ChatterBot November reevaluating
ChatterBot November reevaluating
ChatterBot November reevaluating
ChatterBot November reevaluating
ChatterBot November reevaluating
ChatterBot November reevaluating
ChatterBot November reevaluating
2024-10-14 22:40:10.676225 November: Yes
ChatterBot Lima reevaluating
ChatterBot Alpha reevaluating
ChatterBot Golf reevaluating
ChatterBot Tango reevaluating
ChatterBot Sierra reevaluating
ChatterBot Whiskey reevaluating
ChatterBot Bravo round 1
randomSelections X-ray: {X-ray} 
randomSelections Bravo: {Bravo} 
2024-10-14 22:40:10.732009 Mike: Lima, Whiskey and Golf, sending you 3
2024-10-14 22:40:10.738908 Mike: Sierra and Tango, sending you 2
2024-10-14 22:40:10.739578 Lima: Mike, sending you 4
2024-10-14 22:40:10.740515 Sierra: Mike, sending you 7
2024-10-14 22:40:10.743916 Golf: Mike, Alpha and November, sending you 2
2024-10-14 22:40:10.744925 Whiskey: Mike, Sierra and November, sending you 2
2024-10-14 22:40:10.745750 Mike: Alpha, sending you 4
2024-10-14 22:40:10.746631 Alpha: Lima, sending you 5
2024-10-14 22:40:10.747144 Lima: Sierra, sending you 3
2024-10-14 22:40:10.748321 November: Mike, sending you 5
2024-10-14 22:40:10.749048 Sierra: Lima, sending you 2
2024-10-14 22:40:10.750027 Golf: Lima and Whiskey, sending you 3
2024-10-14 22:40:10.751041 Mike: November, sending you 1
2024-10-14 22:40:10.751595 Whiskey: Alpha, sending you 4
2024-10-14 22:40:10.752599 Alpha: Sierra and Tango, sending you 3
2024-10-14 22:40:10.753160 Lima: Whiskey, Alpha, Tango and Golf, sending you 2
2024-10-14 22:40:10.753980 November: Lima, Sierra and Alpha, sending you 2
2024-10-14 22:40:10.754413 Sierra: Whiskey, Alpha, Golf and November, sending you 1
2024-10-14 22:40:10.756441 Whiskey: Tango and Golf, sending you 1
2024-10-14 22:40:10.758515 Golf: Sierra, sending you 1
2024-10-14 22:40:10.759285 Alpha: Whiskey, sending you 2
2024-10-14 22:40:10.760424 Lima: November, sending you 1
2024-10-14 22:40:10.761718 Tango: Mike, sending you 4
2024-10-14 22:40:10.763057 November: Whiskey, sending you 3
2024-10-14 22:40:10.763864 Sierra: Tango, sending you 3
2024-10-14 22:40:10.764996 Golf: Tango, sending you 4
2024-10-14 22:40:10.766322 Alpha: Golf, sending you 4
2024-10-14 22:40:10.767914 Tango: Lima, Sierra and Golf, sending you 3
2024-10-14 22:40:10.769392 November: Tango and Golf, sending you 1
2024-10-14 22:40:10.776319 Tango: Whiskey, Alpha and November, sending you 2
2024-10-14 22:40:10.777109 Alpha: November, sending you 1
chatterbot Sierra submitting transactions
chatterbot Mike submitting transactions
chatterbot Whiskey submitting transactions
chatterbot Alpha submitting transactions
chatterbot Bravo submitting transactions
chatterbot X-ray submitting transactions
chatterbot November submitting transactions
chatterbot Golf submitting transactions
chatterbot Tango submitting transactions
chatterbot Lima submitting transactions
ChatterBot Mike round 2
ChatterBot X-ray round 2
ChatterBot Lima round 2
ChatterBot Sierra round 2
ChatterBot Whiskey round 2
ChatterBot Alpha round 2
ChatterBot Tango round 2
ChatterBot Golf round 2
ChatterBot November round 2
ChatterBot Bravo round 2
2024-10-14 22:40:12.274050 Mike: Lima, Tango and November, sending you 3
2024-10-14 22:40:12.424789 Sierra: Mike, Whiskey and November, sending you 2
2024-10-14 22:40:12.425211 Whiskey: Mike, Lima, Alpha, Tango, Golf and November, sending you 2
2024-10-14 22:40:12.425656 Bravo: Sending you 10
2024-10-14 22:40:12.426189 Alpha: Mike and Whiskey, sending you 4
2024-10-14 22:40:12.426503 Mike: Sierra, sending you 5
2024-10-14 22:40:12.426817 Lima: Mike, Tango and Golf, sending you 3
2024-10-14 22:40:12.427121 Golf: Mike, Alpha and Tango, sending you 3
2024-10-14 22:40:12.502378 Alpha: Lima, Sierra, Tango, Golf and November, sending you 2
2024-10-14 22:40:12.503342 Sierra: Lima, Alpha and Tango, sending you 3
2024-10-14 22:40:12.503750 Mike: Whiskey and Golf, sending you 2
2024-10-14 22:40:12.504245 Lima: Sierra and November, sending you 2
2024-10-14 22:40:12.505043 Golf: Lima, Sierra, Whiskey and November, sending you 2
2024-10-14 22:40:12.505601 Tango: Mike, Lima, Whiskey and November, sending you 2
2024-10-14 22:40:12.506754 November: Mike, Lima and Sierra, sending you 2
chatterbot Bravo submitting transactions
2024-10-14 22:40:12.851130 Sierra: Golf, sending you 1
2024-10-14 22:40:12.852712 Lima: Alpha, sending you 7
2024-10-14 22:40:12.853818 Tango: Sierra and Alpha, sending you 3
2024-10-14 22:40:12.854501 November: Whiskey, Tango and Golf, sending you 3
chatterbot November submitting transactions
chatterbot Sierra submitting transactions
chatterbot Tango submitting transactions
chatterbot Mike submitting transactions
2024-10-14 22:40:13.014724 Tango: Golf, sending you 5
2024-10-14 22:40:13.015916 November: Alpha, sending you 1
chatterbot Lima submitting transactions
chatterbot Golf submitting transactions
chatterbot Alpha submitting transactions
chatterbot Whiskey submitting transactions
chatterbot X-ray submitting transactions
ChatterBot Mike round 3
ChatterBot X-ray round 3
ChatterBot Lima round 3
ChatterBot Sierra round 3
ChatterBot Whiskey round 3
ChatterBot Alpha round 3
ChatterBot Tango round 3
ChatterBot Golf round 3
ChatterBot November round 3
ChatterBot Bravo round 3
2024-10-14 22:40:13.333314 Sierra: Mike, sending you 4
2024-10-14 22:40:13.334509 Mike: Lima, Sierra, Tango and November, sending you 3
2024-10-14 22:40:13.335603 Lima: Mike and Alpha, sending you 4
2024-10-14 22:40:13.336186 Whiskey: Mike, Alpha, Tango, Golf and November, sending you 2
2024-10-14 22:40:13.337420 Alpha: Mike and Sierra, sending you 2
2024-10-14 22:40:13.338567 Tango: Mike, Lima, Sierra, Alpha and Golf, sending you 3
2024-10-14 22:40:13.339174 Golf: Mike, Lima, Sierra, Whiskey and November, sending you 2
2024-10-14 22:40:13.340303 Sierra: Lima, Alpha, Golf and November, sending you 2
2024-10-14 22:40:13.341439 Mike: Whiskey, Alpha and Golf, sending you 2
2024-10-14 22:40:13.342079 Lima: Sierra, Tango and Golf, sending you 3
2024-10-14 22:40:13.343416 Whiskey: Lima and Sierra, sending you 1
2024-10-14 22:40:13.344126 Alpha: Lima, sending you 4
2024-10-14 22:40:13.345354 Tango: Whiskey and November, sending you 2
2024-10-14 22:40:13.346776 Golf: Alpha, sending you 3
2024-10-14 22:40:13.347467 November: Mike, sending you 4
2024-10-14 22:40:13.348820 Sierra: Whiskey, sending you 1
2024-10-14 22:40:13.350144 Lima: Whiskey, sending you 1
2024-10-14 22:40:13.350976 Alpha: Whiskey, Tango and Golf, sending you 3
2024-10-14 22:40:13.352257 Golf: Tango, sending you 4
2024-10-14 22:40:14.257658 November: Lima, Sierra, Whiskey, Alpha, Tango and Golf, sending you 2
2024-10-14 22:40:14.258936 Sierra: Tango, sending you 3
2024-10-14 22:40:14.259510 Lima: November, sending you 2
2024-10-14 22:40:14.260457 Alpha: November, sending you 1
chatterbot Mike submitting transactions
chatterbot Bravo submitting transactions
chatterbot Tango submitting transactions
chatterbot Whiskey submitting transactions
chatterbot Alpha submitting transactions
chatterbot X-ray submitting transactions
chatterbot Golf submitting transactions
chatterbot November submitting transactions
chatterbot Lima submitting transactions
chatterbot Sierra submitting transactions
ChatterBot Mike round 4
ChatterBot X-ray round 4
ChatterBot Lima round 4
ChatterBot Sierra round 4
ChatterBot Whiskey round 4
ChatterBot Alpha round 4
ChatterBot Tango round 4
ChatterBot Golf round 4
ChatterBot November round 4
ChatterBot Bravo round 4
2024-10-14 22:40:15.378760 Sierra: Mike, Lima and Tango, sending you 3
2024-10-14 22:40:15.379428 Lima: Mike and Alpha, sending you 4
2024-10-14 22:40:15.380529 Mike: Lima, Sierra, Tango and November, sending you 3
2024-10-14 22:40:15.381088 Whiskey: Mike, Alpha, Tango, Golf and November, sending you 2
2024-10-14 22:40:15.381626 Golf: Mike, Lima, Sierra, Whiskey and November, sending you 2
2024-10-14 22:40:15.382663 Alpha: Mike and Sierra, sending you 2
2024-10-14 22:40:15.383179 November: Mike, sending you 4
2024-10-14 22:40:15.384220 Sierra: Whiskey, sending you 1
2024-10-14 22:40:15.384751 Lima: Sierra, Tango and Golf, sending you 3
2024-10-14 22:40:15.385857 Mike: Whiskey, Alpha and Golf, sending you 2
2024-10-14 22:40:15.386411 Whiskey: Lima and Sierra, sending you 1
2024-10-14 22:40:15.387522 Alpha: Lima, sending you 4
2024-10-14 22:40:15.388052 Golf: Alpha, sending you 3
2024-10-14 22:40:15.389323 November: Lima, Sierra, Whiskey, Alpha, Tango and Golf, sending you 2
2024-10-14 22:40:15.389926 Lima: Whiskey, sending you 1
2024-10-14 22:40:15.390976 Sierra: Alpha, Golf and November, sending you 2
2024-10-14 22:40:15.394243 Alpha: Whiskey, Tango and Golf, sending you 3
2024-10-14 22:40:15.394883 Golf: Tango, sending you 4
2024-10-14 22:40:15.395991 Lima: November, sending you 2
2024-10-14 22:40:15.407349 Tango: Mike, Lima, Sierra, Alpha and Golf, sending you 3
2024-10-14 22:40:15.408729 Alpha: November, sending you 1
2024-10-14 22:40:15.437469 Tango: Whiskey and November, sending you 2
chatterbot Bravo submitting transactions
chatterbot Sierra submitting transactions
chatterbot Tango submitting transactions
chatterbot November submitting transactions
chatterbot Mike submitting transactions
chatterbot Alpha submitting transactions
chatterbot X-ray submitting transactions
chatterbot Golf submitting transactions
chatterbot Whiskey submitting transactions
chatterbot Lima submitting transactions
ChatterBot Mike round 5
ChatterBot X-ray round 5
ChatterBot Lima round 5
ChatterBot Sierra round 5
ChatterBot Whiskey round 5
ChatterBot Alpha round 5
ChatterBot Tango round 5
ChatterBot Golf round 5
ChatterBot November round 5
ChatterBot Bravo round 5
2024-10-14 22:40:16.930875 X-ray: Sending you 10
2024-10-14 22:40:16.932 Mike: Lima, Sierra, Tango and November, sending you 3
2024-10-14 22:40:16.933091 Sierra: Mike, Lima and Tango, sending you 3
2024-10-14 22:40:16.936262 Mike: Whiskey, Alpha and Golf, sending you 2
2024-10-14 22:40:16.937667 Sierra: Whiskey, sending you 1
2024-10-14 22:40:16.941693 Sierra: Alpha, Golf and November, sending you 2
2024-10-14 22:40:16.943671 Tango: Mike, Lima, Sierra and Alpha, sending you 3
2024-10-14 22:40:16.944596 Lima: Mike, sending you 4
2024-10-14 22:40:16.946606 Whiskey: Mike, Alpha, Tango, Golf and November, sending you 2
2024-10-14 22:40:16.948547 Alpha: Mike, Sierra, Whiskey and November, sending you 2
2024-10-14 22:40:16.950515 Tango: Whiskey, sending you 2
2024-10-14 22:40:16.951556 Lima: Sierra and Tango, sending you 3
2024-10-14 22:40:16.952995 Whiskey: Lima and Sierra, sending you 1
2024-10-14 22:40:16.954875 Alpha: Lima, sending you 4
2024-10-14 22:40:16.955950 November: Mike, sending you 4
2024-10-14 22:40:16.957598 Golf: Mike, Lima, Sierra, Whiskey and November, sending you 2
2024-10-14 22:40:16.959103 Tango: Golf, sending you 4
2024-10-14 22:40:16.960647 Lima: Whiskey, sending you 1
2024-10-14 22:40:16.961683 Alpha: Tango and Golf, sending you 3
2024-10-14 22:40:16.963250 November: Lima, Sierra, Whiskey, Alpha, Tango and Golf, sending you 2
2024-10-14 22:40:16.964981 Golf: Alpha, sending you 3
2024-10-14 22:40:16.966856 Tango: November, sending you 1
2024-10-14 22:40:16.967968 Lima: Alpha, sending you 5
2024-10-14 22:40:16.970679 Golf: Tango, sending you 4
2024-10-14 22:40:16.972816 Lima: Golf and November, sending you 2
chatterbot Golf submitting transactions
chatterbot Lima submitting transactions
chatterbot Mike submitting transactions
chatterbot Sierra submitting transactions
chatterbot X-ray submitting transactions
chatterbot Bravo submitting transactions
chatterbot Whiskey submitting transactions
chatterbot Tango submitting transactions
chatterbot Alpha submitting transactions
chatterbot November submitting transactions
ChatterBot Mike round 6
ChatterBot X-ray round 6
2024-10-14 22:40:18.025929 X-ray: We should replace November with Bravo
ChatterBot Lima round 6
ChatterBot Sierra round 6
ChatterBot Whiskey round 6
ChatterBot Alpha round 6
ChatterBot Tango round 6
ChatterBot Golf round 6
ChatterBot November round 6
ChatterBot Bravo round 6
2024-10-14 22:40:18.032846 X-ray: Bravo we want you to join our group
2024-10-14 22:40:18.036687 Bravo: No
ChatterBot X-ray reevaluating
2024-10-14 22:40:18.041581 X-ray: We should replace November with Mike
2024-10-14 22:40:18.070686 X-ray: Mike we want you to join our group
2024-10-14 22:40:18.072905 Mike: No
ChatterBot X-ray reevaluating
2024-10-14 22:40:18.075724 X-ray: We should replace November with Golf
2024-10-14 22:40:18.079682 Mike: Lima, Sierra, Tango and November, sending you 3
2024-10-14 22:40:18.084708 X-ray: Golf we want you to join our group
2024-10-14 22:40:18.087459 Golf: No
ChatterBot X-ray reevaluating
2024-10-14 22:40:18.090877 X-ray: We should replace November with Tango
2024-10-14 22:40:18.091038 Mike: Whiskey, Alpha and Golf, sending you 2
2024-10-14 22:40:18.093655 Whiskey: Mike, Alpha, Tango, Golf and November, sending you 2
2024-10-14 22:40:18.094666 Lima: Mike, sending you 4
2024-10-14 22:40:18.095697 November: Mike, sending you 4
2024-10-14 22:40:18.096527 Alpha: Mike, Sierra, Whiskey and November, sending you 2
2024-10-14 22:40:18.097585 Sierra: Mike, Lima and Tango, sending you 3
2024-10-14 22:40:18.098287 Tango: Mike, Lima, Sierra and Alpha, sending you 3
2024-10-14 22:40:18.098948 Golf: Mike, Lima, Sierra, Whiskey and November, sending you 2
2024-10-14 22:40:18.099587 Whiskey: Lima and Sierra, sending you 1
2024-10-14 22:40:18.100296 X-ray: Tango we want you to join our group
2024-10-14 22:40:18.103105 Tango: No
ChatterBot X-ray reevaluating
2024-10-14 22:40:18.106910 November: Lima, Sierra, Whiskey, Alpha, Tango and Golf, sending you 2
2024-10-14 22:40:18.107644 Lima: Sierra and Tango, sending you 3
2024-10-14 22:40:18.108341 Sierra: Whiskey, sending you 1
2024-10-14 22:40:18.108965 Alpha: Lima, sending you 4
2024-10-14 22:40:18.109573 Golf: Alpha, sending you 3
2024-10-14 22:40:18.110602 Tango: Whiskey, sending you 2
2024-10-14 22:40:18.112664 Lima: Whiskey, sending you 1
2024-10-14 22:40:18.113356 Sierra: Alpha, Golf and November, sending you 2
2024-10-14 22:40:18.114058 Alpha: Tango and Golf, sending you 3
2024-10-14 22:40:18.114721 Golf: Tango, sending you 4
2024-10-14 22:40:18.115361 Tango: Golf, sending you 4
2024-10-14 22:40:18.117653 Lima: Alpha, sending you 5
2024-10-14 22:40:18.120669 Tango: November, sending you 1
2024-10-14 22:40:18.121677 Lima: Golf and November, sending you 2
2024-10-14 22:40:18.142680 X-ray: Sending you 9
chatterbot Mike submitting transactions
chatterbot Bravo submitting transactions
chatterbot Tango submitting transactions
chatterbot Whiskey submitting transactions
chatterbot Lima submitting transactions
chatterbot November submitting transactions
chatterbot X-ray submitting transactions
chatterbot Sierra submitting transactions
chatterbot Alpha submitting transactions
chatterbot Golf submitting transactions
ChatterBot Mike round 7
ChatterBot X-ray round 7
ChatterBot Lima round 7
ChatterBot Sierra round 7
ChatterBot Whiskey round 7
ChatterBot Alpha round 7
ChatterBot Tango round 7
ChatterBot Golf round 7
ChatterBot November round 7
ChatterBot Bravo round 7
2024-10-14 22:40:19.341663 Whiskey: Mike, Alpha, Tango, Golf and November, sending you 2
2024-10-14 22:40:19.346894 Whiskey: Lima and Sierra, sending you 1
2024-10-14 22:40:19.350666 Mike: Lima, Sierra, Tango and November, sending you 3
2024-10-14 22:40:19.352147 Tango: Mike, Lima, Sierra and Alpha, sending you 3
2024-10-14 22:40:19.355703 Mike: Whiskey, Alpha and Golf, sending you 2
2024-10-14 22:40:19.356630 Alpha: Mike, Sierra, Whiskey and November, sending you 2
2024-10-14 22:40:19.357675 Tango: Whiskey, sending you 1
2024-10-14 22:40:19.358584 Sierra: Mike, Lima and Tango, sending you 3
2024-10-14 22:40:19.359725 Golf: Mike, Lima, Sierra, Whiskey and November, sending you 2
2024-10-14 22:40:19.360468 November: Mike, sending you 4
2024-10-14 22:40:19.361194 Lima: Mike, sending you 4
2024-10-14 22:40:19.362015 Alpha: Lima, sending you 4
2024-10-14 22:40:19.363237 Tango: Golf, sending you 4
2024-10-14 22:40:19.364018 Golf: Alpha, sending you 3
2024-10-14 22:40:19.364787 November: Lima, Sierra, Whiskey, Alpha, Tango and Golf, sending you 2
2024-10-14 22:40:19.365525 Sierra: Whiskey, sending you 1
2024-10-14 22:40:19.366235 Lima: Sierra and Tango, sending you 3
2024-10-14 22:40:19.367453 Alpha: Tango and Golf, sending you 3
2024-10-14 22:40:19.368609 Tango: November, sending you 2
2024-10-14 22:40:19.369838 Golf: Tango, sending you 4
2024-10-14 22:40:19.371518 Lima: Whiskey, sending you 1
2024-10-14 22:40:19.372811 Sierra: Alpha, Golf and November, sending you 2
2024-10-14 22:40:19.375650 Lima: Alpha, sending you 5
2024-10-14 22:40:19.380681 Lima: Golf and November, sending you 2
chatterbot Golf submitting transactions
chatterbot Bravo submitting transactions
chatterbot Mike submitting transactions
chatterbot November submitting transactions
chatterbot X-ray submitting transactions
chatterbot Sierra submitting transactions
chatterbot Whiskey submitting transactions
chatterbot Lima submitting transactions
chatterbot Tango submitting transactions
chatterbot Alpha submitting transactions
ChatterBot Mike round 8
ChatterBot X-ray round 8
ChatterBot Lima round 8
ChatterBot Sierra round 8
ChatterBot Whiskey round 8
ChatterBot Alpha round 8
ChatterBot Tango round 8
ChatterBot Golf round 8
ChatterBot November round 8
ChatterBot Bravo round 8
2024-10-14 22:40:20.423194 Mike: Lima, Sierra, Tango and November, sending you 3
2024-10-14 22:40:20.427671 Mike: Whiskey, Alpha and Golf, sending you 2
2024-10-14 22:40:20.428605 X-ray: Sending you 11
2024-10-14 22:40:20.431703 Sierra: Mike, Lima and Tango, sending you 3
2024-10-14 22:40:20.434042 Golf: Mike, Lima, Sierra, Whiskey and November, sending you 2
2024-10-14 22:40:20.437069 Whiskey: Mike, Alpha, Tango, Golf and November, sending you 2
2024-10-14 22:40:20.438350 Alpha: Mike, Sierra, Whiskey and November, sending you 2
2024-10-14 22:40:20.439683 Sierra: Whiskey, sending you 1
2024-10-14 22:40:20.440583 Golf: Alpha, sending you 3
2024-10-14 22:40:20.441446 Lima: Mike, sending you 4
2024-10-14 22:40:20.442734 November: Mike, sending you 4
2024-10-14 22:40:20.443591 Whiskey: Lima and Sierra, sending you 1
2024-10-14 22:40:20.444362 Alpha: Lima, sending you 4
2024-10-14 22:40:20.445747 Golf: Tango, sending you 4
2024-10-14 22:40:20.446770 Sierra: Alpha, Golf and November, sending you 2
2024-10-14 22:40:20.447560 November: Lima, Sierra, Whiskey, Alpha, Tango and Golf, sending you 2
2024-10-14 22:40:20.448791 Lima: Sierra and Tango, sending you 3
2024-10-14 22:40:20.449599 Alpha: Tango and Golf, sending you 3
2024-10-14 22:40:20.450675 Tango: Mike, Lima, Sierra and Alpha, sending you 3
2024-10-14 22:40:20.452684 Lima: Whiskey, sending you 1
2024-10-14 22:40:20.456668 Tango: Whiskey, sending you 1
2024-10-14 22:40:20.458666 Lima: Alpha, sending you 5
2024-10-14 22:40:20.461851 Tango: Golf, sending you 4
2024-10-14 22:40:20.463021 Lima: Golf and November, sending you 2
2024-10-14 22:40:20.465665 Tango: November, sending you 2
chatterbot Alpha submitting transactions
chatterbot Mike submitting transactions
chatterbot Tango submitting transactions
chatterbot Bravo submitting transactions
chatterbot Whiskey submitting transactions
chatterbot Lima submitting transactions
chatterbot Golf submitting transactions
chatterbot November submitting transactions
chatterbot Sierra submitting transactions
chatterbot X-ray submitting transactions
ChatterBot Mike round 9
ChatterBot X-ray round 9
ChatterBot Lima round 9
ChatterBot Sierra round 9
ChatterBot Whiskey round 9
ChatterBot Alpha round 9
ChatterBot Tango round 9
ChatterBot Golf round 9
ChatterBot November round 9
ChatterBot Bravo round 9
2024-10-14 22:40:21.658661 Mike: Lima, Sierra, Tango and November, sending you 3
2024-10-14 22:40:21.660350 Lima: Mike, sending you 4
2024-10-14 22:40:21.661599 Alpha: Mike, Sierra, Whiskey and November, sending you 2
2024-10-14 22:40:21.663283 Tango: Mike, Lima, Sierra and Alpha, sending you 3
2024-10-14 22:40:21.664550 Sierra: Mike, Lima and Tango, sending you 3
2024-10-14 22:40:21.665420 Lima: Sierra and Tango, sending you 3
2024-10-14 22:40:21.666739 Mike: Whiskey, Alpha and Golf, sending you 2
2024-10-14 22:40:21.667641 Alpha: Lima, sending you 4
2024-10-14 22:40:21.668482 Tango: Whiskey, sending you 1
2024-10-14 22:40:21.669667 Sierra: Whiskey, sending you 1
2024-10-14 22:40:21.671107 Lima: Whiskey, sending you 1
2024-10-14 22:40:21.672098 Whiskey: Mike, Alpha, Tango, Golf and November, sending you 2
2024-10-14 22:40:21.672997 Alpha: Tango and Golf, sending you 3
2024-10-14 22:40:21.673860 Tango: Golf, sending you 4
2024-10-14 22:40:21.675505 Golf: Mike, Lima, Sierra, Whiskey and November, sending you 2
2024-10-14 22:40:21.676284 Sierra: Alpha, Golf and November, sending you 2
2024-10-14 22:40:21.677015 November: Mike, sending you 4
2024-10-14 22:40:21.677733 Lima: Alpha, sending you 5
2024-10-14 22:40:21.678721 Whiskey: Lima and Sierra, sending you 1
2024-10-14 22:40:21.679661 Tango: November, sending you 2
2024-10-14 22:40:21.680751 Golf: Alpha, sending you 3
2024-10-14 22:40:21.682662 November: Lima, Sierra, Whiskey, Alpha, Tango and Golf, sending you 2
2024-10-14 22:40:21.683894 Lima: Golf and November, sending you 2
2024-10-14 22:40:21.686674 Golf: Tango, sending you 4
chatterbot X-ray submitting transactions
chatterbot Sierra submitting transactions
chatterbot Lima submitting transactions
chatterbot Bravo submitting transactions
chatterbot November submitting transactions
chatterbot Mike submitting transactions
chatterbot Whiskey submitting transactions
chatterbot Tango submitting transactions
chatterbot Golf submitting transactions
chatterbot Alpha submitting transactions
ChatterBot Mike round 10
ChatterBot X-ray round 10
ChatterBot Lima round 10
ChatterBot Sierra round 10
ChatterBot Whiskey round 10
ChatterBot Alpha round 10
ChatterBot Tango round 10
ChatterBot Golf round 10
ChatterBot November round 10
ChatterBot Bravo round 10
2024-10-14 22:40:22.890695 Mike: Lima, Sierra, Tango and November, sending you 3
2024-10-14 22:40:22.892727 Alpha: Mike, Sierra, Whiskey and November, sending you 2
2024-10-14 22:40:22.897694 Mike: Whiskey, Alpha and Golf, sending you 2
2024-10-14 22:40:22.899150 Alpha: Lima, sending you 4
2024-10-14 22:40:22.901240 Sierra: Mike, Lima and Tango, sending you 3
2024-10-14 22:40:22.902106 Lima: Mike, sending you 4
2024-10-14 22:40:22.903055 Whiskey: Mike, Alpha, Tango, Golf and November, sending you 2
2024-10-14 22:40:22.904312 Golf: Mike, Lima, Sierra, Whiskey and November, sending you 2
2024-10-14 22:40:22.905294 Tango: Mike, Lima, Sierra and Alpha, sending you 3
2024-10-14 22:40:22.906129 Alpha: Tango and Golf, sending you 3
2024-10-14 22:40:22.907717 Sierra: Whiskey, sending you 1
2024-10-14 22:40:22.908692 Lima: Sierra and Tango, sending you 3
2024-10-14 22:40:22.909492 X-ray: Sending you 15
2024-10-14 22:40:22.909708 Whiskey: Lima and Sierra, sending you 1
2024-10-14 22:40:22.911073 November: Mike, sending you 4
2024-10-14 22:40:22.911929 Golf: Alpha, sending you 3
2024-10-14 22:40:22.912841 Tango: Whiskey, sending you 1
2024-10-14 22:40:22.914440 Sierra: Alpha, Golf and November, sending you 2
2024-10-14 22:40:22.915327 Lima: Whiskey, sending you 1
2024-10-14 22:40:22.916253 November: Lima, Sierra, Whiskey, Alpha, Tango and Golf, sending you 2
2024-10-14 22:40:22.917705 Tango: Golf, sending you 4
2024-10-14 22:40:22.918889 Golf: Tango, sending you 4
2024-10-14 22:40:22.920793 Lima: Alpha, sending you 5
2024-10-14 22:40:22.922660 Tango: November, sending you 2
2024-10-14 22:40:22.924695 Lima: Golf and November, sending you 2
chatterbot Lima submitting transactions
chatterbot November submitting transactions
chatterbot Sierra submitting transactions
chatterbot Golf submitting transactions
chatterbot Alpha submitting transactions
chatterbot Mike submitting transactions
chatterbot Tango submitting transactions
chatterbot Whiskey submitting transactions
chatterbot Bravo submitting transactions
chatterbot X-ray submitting transactions
ChatterBot Mike round 11
ChatterBot X-ray round 11
ChatterBot Lima round 11
ChatterBot Sierra round 11
ChatterBot Whiskey round 11
ChatterBot Alpha round 11
ChatterBot Tango round 11
ChatterBot Golf round 11
ChatterBot November round 11
ChatterBot Bravo round 11
2024-10-14 22:40:24.094690 Mike: Lima, Sierra, Tango and November, sending you 3
2024-10-14 22:40:24.098641 Lima: Mike, sending you 4
2024-10-14 22:40:24.102672 Mike: Whiskey, Alpha and Golf, sending you 2
2024-10-14 22:40:24.105425 Lima: Sierra and Tango, sending you 3
2024-10-14 22:40:24.108337 Alpha: Mike, Sierra, Whiskey and November, sending you 2
2024-10-14 22:40:24.111336 Sierra: Mike, Lima and Tango, sending you 3
2024-10-14 22:40:24.113592 Golf: Mike, Lima, Sierra, Whiskey and November, sending you 2
2024-10-14 22:40:24.115666 November: Mike, sending you 4
2024-10-14 22:40:24.117779 Whiskey: Mike, Alpha, Tango, Golf and November, sending you 2
2024-10-14 22:40:24.120558 Tango: Mike, Lima, Sierra and Alpha, sending you 3
2024-10-14 22:40:24.123360 Lima: Whiskey, sending you 1
2024-10-14 22:40:24.127020 Alpha: Lima, sending you 4
2024-10-14 22:40:24.130063 Sierra: Whiskey, sending you 1
2024-10-14 22:40:24.132495 Golf: Alpha, sending you 3
2024-10-14 22:40:24.135736 November: Lima, Sierra, Whiskey, Alpha, Tango and Golf, sending you 2
2024-10-14 22:40:24.140191 Whiskey: Lima and Sierra, sending you 1
2024-10-14 22:40:24.143057 Tango: Whiskey, sending you 1
2024-10-14 22:40:24.145570 Lima: Alpha, sending you 5
2024-10-14 22:40:24.148476 Alpha: Tango and Golf, sending you 3
2024-10-14 22:40:24.152389 Sierra: Alpha, Golf and November, sending you 2
2024-10-14 22:40:24.155747 Golf: Tango, sending you 4
2024-10-14 22:40:24.159651 Tango: Golf, sending you 4
2024-10-14 22:40:24.163824 Lima: Golf and November, sending you 2
2024-10-14 22:40:24.168918 Tango: November, sending you 2
chatterbot X-ray submitting transactions
chatterbot Tango submitting transactions
chatterbot Sierra submitting transactions
chatterbot Lima submitting transactions
chatterbot Golf submitting transactions
chatterbot Bravo submitting transactions
chatterbot Mike submitting transactions
chatterbot Whiskey submitting transactions
chatterbot November submitting transactions
chatterbot Alpha submitting transactions
ChatterBot Mike round 12
ChatterBot X-ray round 12
ChatterBot Lima round 12
ChatterBot Sierra round 12
ChatterBot Whiskey round 12
ChatterBot Alpha round 12
ChatterBot Tango round 12
ChatterBot Golf round 12
ChatterBot November round 12
ChatterBot Bravo round 12
2024-10-14 22:40:25.261261 Mike: We should drop Whiskey
2024-10-14 22:40:25.288812 Lima: No
2024-10-14 22:40:25.289123 Sierra: No
2024-10-14 22:40:25.289380 Alpha: No
2024-10-14 22:40:25.289648 Tango: No
2024-10-14 22:40:25.289932 Golf: No
2024-10-14 22:40:25.290174 November: No
ChatterBot Mike reevaluating
ChatterBot Mike reevaluating
ChatterBot Mike reevaluating
ChatterBot Mike reevaluating
ChatterBot Mike reevaluating
ChatterBot Mike reevaluating
2024-10-14 22:40:25.414682 Lima: Mike, sending you 4
2024-10-14 22:40:25.420010 Lima: Sierra and Tango, sending you 3
2024-10-14 22:40:25.422548 Tango: Mike, Lima, Sierra and Alpha, sending you 3
2024-10-14 22:40:25.424897 Alpha: Mike, Sierra, Whiskey and November, sending you 2
2024-10-14 22:40:25.427279 November: Mike, sending you 4
2024-10-14 22:40:25.429851 Lima: Whiskey, sending you 1
2024-10-14 22:40:25.431167 Tango: Whiskey, sending you 1
2024-10-14 22:40:25.432997 Alpha: Lima, sending you 4
2024-10-14 22:40:25.434173 November: Lima, Sierra, Whiskey, Alpha, Tango and Golf, sending you 2
2024-10-14 22:40:25.436636 Whiskey: Mike, sending you 3
2024-10-14 22:40:25.438544 Tango: Golf, sending you 4
2024-10-14 22:40:25.441315 Sierra: Mike, Lima and Tango, sending you 3
2024-10-14 22:40:25.444098 Lima: Alpha, sending you 5
2024-10-14 22:40:25.446664 Mike: Lima, Sierra, Tango and November, sending you 3
2024-10-14 22:40:25.449141 Golf: Mike, Lima, Sierra, Whiskey and November, sending you 2
2024-10-14 22:40:25.451133 Alpha: Tango and Golf, sending you 3
2024-10-14 22:40:25.454145 Whiskey: Lima, Sierra and Tango, sending you 1
2024-10-14 22:40:25.457829 Tango: November, sending you 2
2024-10-14 22:40:25.461749 Sierra: Whiskey, sending you 1
2024-10-14 22:40:25.465848 Lima: Golf and November, sending you 2
2024-10-14 22:40:25.469080 Mike: Whiskey, Alpha and Golf, sending you 2
2024-10-14 22:40:25.473442 Golf: Alpha, sending you 3
2024-10-14 22:40:25.477048 Whiskey: Alpha, Golf and November, sending you 2
2024-10-14 22:40:25.480397 Sierra: Alpha, Golf and November, sending you 2
2024-10-14 22:40:25.484005 Golf: Tango, sending you 4
chatterbot X-ray submitting transactions
chatterbot Golf submitting transactions
chatterbot Mike submitting transactions
chatterbot November submitting transactions
chatterbot Lima submitting transactions
chatterbot Tango submitting transactions
chatterbot Whiskey submitting transactions
chatterbot Sierra submitting transactions
chatterbot Bravo submitting transactions
chatterbot Alpha submitting transactions
ChatterBot Mike round 13
ChatterBot X-ray round 13
ChatterBot Lima round 13
ChatterBot Sierra round 13
ChatterBot Whiskey round 13
ChatterBot Alpha round 13
ChatterBot Tango round 13
ChatterBot Golf round 13
ChatterBot November round 13
ChatterBot Bravo round 13
2024-10-14 22:40:26.407664 Lima: Mike, sending you 4
2024-10-14 22:40:26.412706 Golf: Mike, Lima, Sierra, Whiskey and November, sending you 2
2024-10-14 22:40:26.414780 Lima: Sierra and Tango, sending you 3
2024-10-14 22:40:26.416136 Alpha: Mike, Sierra, Whiskey and November, sending you 2
2024-10-14 22:40:26.417685 Golf: Alpha, sending you 3
2024-10-14 22:40:26.419953 November: Mike, sending you 4
2024-10-14 22:40:26.421467 Lima: Whiskey, sending you 1
2024-10-14 22:40:26.422969 Mike: Lima, Sierra, Tango and November, sending you 3
2024-10-14 22:40:26.424367 Alpha: Lima, sending you 4
2024-10-14 22:40:26.426224 Bravo: Sending you 5
2024-10-14 22:40:26.426484 Golf: Tango, sending you 4
2024-10-14 22:40:26.427746 November: Lima, Sierra, Whiskey, Alpha, Tango and Golf, sending you 2
2024-10-14 22:40:26.429428 Mike: Whiskey, Alpha and Golf, sending you 2
2024-10-14 22:40:26.430721 Lima: Alpha, sending you 5
2024-10-14 22:40:26.432139 Sierra: Mike, Lima and Tango, sending you 3
2024-10-14 22:40:26.433623 Tango: Mike, Lima, Sierra and Alpha, sending you 3
2024-10-14 22:40:26.435147 Alpha: Tango and Golf, sending you 3
2024-10-14 22:40:26.436696 Whiskey: Mike, sending you 3
2024-10-14 22:40:26.438229 Lima: Golf and November, sending you 2
2024-10-14 22:40:26.439772 Sierra: Whiskey, sending you 1
2024-10-14 22:40:26.441305 Tango: Whiskey, sending you 1
2024-10-14 22:40:26.442661 Whiskey: Lima, Sierra and Tango, sending you 1
2024-10-14 22:40:26.444658 Sierra: Alpha, Golf and November, sending you 2
2024-10-14 22:40:26.445852 Tango: Golf, sending you 4
2024-10-14 22:40:26.447652 Whiskey: Alpha, Golf and November, sending you 2
2024-10-14 22:40:26.449656 Tango: November, sending you 2
chatterbot Golf submitting transactions
chatterbot Whiskey submitting transactions
chatterbot Sierra submitting transactions
chatterbot Lima submitting transactions
chatterbot Bravo submitting transactions
chatterbot Tango submitting transactions
chatterbot November submitting transactions
chatterbot Alpha submitting transactions
chatterbot X-ray submitting transactions
chatterbot Mike submitting transactions
ChatterBot Mike round 14
ChatterBot X-ray round 14
ChatterBot Lima round 14
ChatterBot Sierra round 14
ChatterBot Whiskey round 14
ChatterBot Alpha round 14
ChatterBot Tango round 14
ChatterBot Golf round 14
ChatterBot November round 14
ChatterBot Bravo round 14
2024-10-14 22:40:27.623694 Lima: Mike, sending you 4
2024-10-14 22:40:27.626255 Golf: Mike, Lima, Sierra, Whiskey and November, sending you 2
2024-10-14 22:40:27.629101 Tango: Mike, Lima, Sierra and Alpha, sending you 3
2024-10-14 22:40:27.630820 Lima: Sierra and Tango, sending you 3
2024-10-14 22:40:27.632363 Whiskey: Mike, sending you 3
2024-10-14 22:40:27.634089 Alpha: Mike, Sierra, Whiskey and November, sending you 2
2024-10-14 22:40:27.635383 Golf: Alpha, sending you 3
2024-10-14 22:40:27.637148 Tango: Whiskey, sending you 1
2024-10-14 22:40:27.638471 Lima: Whiskey, sending you 1
2024-10-14 22:40:27.640152 Whiskey: Lima, Sierra and Tango, sending you 1
2024-10-14 22:40:27.641545 Alpha: Lima, sending you 4
2024-10-14 22:40:27.643181 Golf: Tango, sending you 4
2024-10-14 22:40:27.644435 November: Mike, sending you 4
2024-10-14 22:40:27.646094 Sierra: Mike, Lima and Tango, sending you 3
2024-10-14 22:40:27.648039 Mike: Lima, Sierra, Tango and November, sending you 3
2024-10-14 22:40:27.649435 Tango: Golf, sending you 4
2024-10-14 22:40:27.651170 Whiskey: Alpha, Golf and November, sending you 2
2024-10-14 22:40:27.652506 Lima: Alpha, sending you 5
2024-10-14 22:40:27.654189 Alpha: Tango and Golf, sending you 3
2024-10-14 22:40:27.655986 November: Lima, Sierra, Whiskey, Alpha, Tango and Golf, sending you 2
2024-10-14 22:40:27.657363 Sierra: Whiskey, sending you 1
2024-10-14 22:40:27.659178 Mike: Whiskey, Alpha and Golf, sending you 2
2024-10-14 22:40:27.661048 Tango: November, sending you 2
2024-10-14 22:40:27.662968 Lima: Golf and November, sending you 2
2024-10-14 22:40:27.664709 Sierra: Alpha, Golf and November, sending you 2
chatterbot Bravo submitting transactions
chatterbot Mike submitting transactions
chatterbot Golf submitting transactions
chatterbot Tango submitting transactions
chatterbot Alpha submitting transactions
chatterbot Whiskey submitting transactions
chatterbot Sierra submitting transactions
chatterbot X-ray submitting transactions
chatterbot Lima submitting transactions
chatterbot November submitting transactions
ChatterBot Mike round 15
ChatterBot X-ray round 15
ChatterBot Lima round 15
ChatterBot Sierra round 15
ChatterBot Whiskey round 15
ChatterBot Alpha round 15
ChatterBot Tango round 15
ChatterBot Golf round 15
ChatterBot November round 15
ChatterBot Bravo round 15
2024-10-14 22:40:28.824653 Lima: Mike, sending you 4
2024-10-14 22:40:28.831656 Lima: Sierra and Tango, sending you 3
2024-10-14 22:40:28.833878 Whiskey: Mike, sending you 3
2024-10-14 22:40:28.836062 Tango: Mike, Lima, Sierra and Alpha, sending you 3
2024-10-14 22:40:28.837549 Alpha: Mike, Sierra, Whiskey and November, sending you 2
2024-10-14 22:40:28.839542 Sierra: Mike, Lima and Tango, sending you 3
2024-10-14 22:40:28.841396 Bravo: Sending you 6
2024-10-14 22:40:28.841658 Lima: Whiskey, sending you 1
2024-10-14 22:40:28.842990 Whiskey: Lima, Sierra and Tango, sending you 1
2024-10-14 22:40:28.844871 Mike: Lima, Sierra, Tango and November, sending you 3
2024-10-14 22:40:28.846694 Tango: Whiskey, sending you 1
2024-10-14 22:40:28.848050 Golf: Mike, Lima, Sierra, Whiskey and November, sending you 2
2024-10-14 22:40:28.849952 Alpha: Lima, sending you 4
2024-10-14 22:40:28.851413 Sierra: Whiskey, sending you 1
2024-10-14 22:40:28.853172 Lima: Alpha, sending you 5
2024-10-14 22:40:28.854526 Whiskey: Alpha, Golf and November, sending you 2
2024-10-14 22:40:28.856168 Mike: Whiskey, Alpha and Golf, sending you 2
2024-10-14 22:40:28.859132 Tango: Golf, sending you 4
2024-10-14 22:40:28.862262 November: Mike, sending you 4
2024-10-14 22:40:28.865414 Golf: Alpha, sending you 3
2024-10-14 22:40:28.867951 Alpha: Tango and Golf, sending you 3
2024-10-14 22:40:28.870956 Sierra: Alpha, Golf and November, sending you 2
2024-10-14 22:40:28.874135 Lima: Golf and November, sending you 2
2024-10-14 22:40:28.876345 Tango: November, sending you 2
2024-10-14 22:40:28.878761 November: Lima, Sierra, Whiskey, Alpha, Tango and Golf, sending you 2
2024-10-14 22:40:28.881285 Golf: Tango, sending you 4
chatterbot Bravo submitting transactions
chatterbot Whiskey submitting transactions
chatterbot Lima submitting transactions
chatterbot Sierra submitting transactions
chatterbot X-ray submitting transactions
chatterbot Tango submitting transactions
chatterbot Alpha submitting transactions
chatterbot Golf submitting transactions
chatterbot Mike submitting transactions
chatterbot November submitting transactions
ChatterBot Mike round 16
ChatterBot X-ray round 16
ChatterBot Lima round 16
ChatterBot Sierra round 16
ChatterBot Whiskey round 16
ChatterBot Alpha round 16
ChatterBot Tango round 16
ChatterBot Golf round 16
ChatterBot November round 16
ChatterBot Bravo round 16
2024-10-14 22:40:30.136710 Mike: Lima, Sierra, Tango and November, sending you 3
2024-10-14 22:40:30.141057 Lima: Mike, sending you 4
2024-10-14 22:40:30.145324 Tango: Mike, Lima, Sierra and Alpha, sending you 3
2024-10-14 22:40:30.148746 Sierra: Mike, Lima and Tango, sending you 3
2024-10-14 22:40:30.152037 Whiskey: Mike, sending you 3
2024-10-14 22:40:30.155249 Mike: Whiskey, Alpha and Golf, sending you 2
2024-10-14 22:40:30.159155 Lima: Sierra and Tango, sending you 3
2024-10-14 22:40:30.163172 Golf: Mike, Lima, Sierra, Whiskey and November, sending you 2
2024-10-14 22:40:30.168379 Tango: Whiskey, sending you 1
2024-10-14 22:40:30.172318 Alpha: Mike, Sierra, Whiskey and November, sending you 2
2024-10-14 22:40:30.177056 Sierra: Whiskey, sending you 1
2024-10-14 22:40:30.181102 Whiskey: Lima, Sierra and Tango, sending you 1
2024-10-14 22:40:30.184673 November: Mike, sending you 4
2024-10-14 22:40:30.187663 Lima: Whiskey, sending you 1
2024-10-14 22:40:30.191600 Golf: Alpha, sending you 3
2024-10-14 22:40:30.194931 Tango: Golf, sending you 4
2024-10-14 22:40:30.198732 Alpha: Lima, sending you 4
2024-10-14 22:40:30.202605 Sierra: Alpha, Golf and November, sending you 2
2024-10-14 22:40:30.207032 Whiskey: Alpha, Golf and November, sending you 2
2024-10-14 22:40:30.209206 November: Lima, Sierra, Whiskey, Alpha, Tango and Golf, sending you 2
2024-10-14 22:40:30.212531 Lima: Alpha, sending you 5
2024-10-14 22:40:30.215247 Golf: Tango, sending you 4
2024-10-14 22:40:30.219467 Tango: November, sending you 2
2024-10-14 22:40:30.223282 Alpha: Tango and Golf, sending you 3
2024-10-14 22:40:30.227487 Lima: Golf and November, sending you 2
chatterbot Bravo submitting transactions
chatterbot Whiskey submitting transactions
chatterbot Lima submitting transactions
