ChatterBot Juliett round 1
ChatterBot Golf round 1
ChatterBot Foxtrot round 1
ChatterBot Quebec round 1
ChatterBot Mike round 1
ChatterBot Delta round 1
ChatterBot Tango round 1
ChatterBot Alpha round 1
ChatterBot Bravo round 1
ChatterBot Whiskey round 1
randomSelections Quebec: {Quebec, Whiskey, Bravo, Juliett, Alpha, Mike, Tango, Delta} 
2024-10-14 22:40:10.461370 Quebec: Group up?
ChatterBot Whiskey reevaluating
ChatterBot Bravo reevaluating
ChatterBot Juliett reevaluating
ChatterBot Alpha reevaluating
ChatterBot Mike reevaluating
ChatterBot Tango reevaluating
ChatterBot Delta reevaluating
2024-10-14 22:40:10.570707 Whiskey: Yes
2024-10-14 22:40:10.570927 Bravo: Yes
2024-10-14 22:40:10.571050 Juliett: Yes
2024-10-14 22:40:10.571157 Alpha: Yes
2024-10-14 22:40:10.571279 Mike: Yes
2024-10-14 22:40:10.571736 Tango: Yes
2024-10-14 22:40:10.571913 Delta: Yes
ChatterBot Bravo reevaluating
ChatterBot Juliett reevaluating
ChatterBot Alpha reevaluating
ChatterBot Mike reevaluating
ChatterBot Tango reevaluating
ChatterBot Delta reevaluating
ChatterBot Whiskey reevaluating
ChatterBot Juliett reevaluating
ChatterBot Alpha reevaluating
ChatterBot Mike reevaluating
ChatterBot Tango reevaluating
ChatterBot Delta reevaluating
ChatterBot Whiskey reevaluating
ChatterBot Bravo reevaluating
ChatterBot Alpha reevaluating
ChatterBot Mike reevaluating
ChatterBot Tango reevaluating
ChatterBot Delta reevaluating
ChatterBot Whiskey reevaluating
ChatterBot Bravo reevaluating
ChatterBot Juliett reevaluating
ChatterBot Mike reevaluating
ChatterBot Tango reevaluating
ChatterBot Delta reevaluating
ChatterBot Whiskey reevaluating
ChatterBot Bravo reevaluating
ChatterBot Juliett reevaluating
ChatterBot Alpha reevaluating
ChatterBot Tango reevaluating
ChatterBot Delta reevaluating
ChatterBot Whiskey reevaluating
ChatterBot Bravo reevaluating
ChatterBot Juliett reevaluating
ChatterBot Alpha reevaluating
ChatterBot Mike reevaluating
ChatterBot Delta reevaluating
ChatterBot Whiskey reevaluating
ChatterBot Bravo reevaluating
ChatterBot Juliett reevaluating
ChatterBot Alpha reevaluating
ChatterBot Mike reevaluating
ChatterBot Tango reevaluating
randomSelections Foxtrot: {Foxtrot, Delta, Juliett, Whiskey, Alpha, Quebec} 
2024-10-14 22:40:10.669244 Foxtrot: Let's form a team
ChatterBot Delta reevaluating
ChatterBot Juliett reevaluating
ChatterBot Whiskey reevaluating
ChatterBot Alpha reevaluating
2024-10-14 22:40:10.677839 Delta: No
2024-10-14 22:40:10.678139 Juliett: No
2024-10-14 22:40:10.679219 Whiskey: No
2024-10-14 22:40:10.679592 Alpha: No
2024-10-14 22:40:10.679811 Quebec: No
ChatterBot Juliett reevaluating
ChatterBot Whiskey reevaluating
ChatterBot Alpha reevaluating
ChatterBot Delta reevaluating
ChatterBot Whiskey reevaluating
ChatterBot Alpha reevaluating
ChatterBot Delta reevaluating
ChatterBot Juliett reevaluating
ChatterBot Alpha reevaluating
ChatterBot Delta reevaluating
ChatterBot Juliett reevaluating
ChatterBot Whiskey reevaluating
ChatterBot Delta reevaluating
ChatterBot Juliett reevaluating
ChatterBot Whiskey reevaluating
ChatterBot Alpha reevaluating
randomSelections Golf: {Golf, Juliett, Quebec, Alpha, Bravo, Tango} 
2024-10-14 22:40:10.733735 Golf: Group up?
ChatterBot Juliett reevaluating
ChatterBot Alpha reevaluating
ChatterBot Bravo reevaluating
ChatterBot Tango reevaluating
2024-10-14 22:40:10.745719 Juliett: No
2024-10-14 22:40:10.746431 Quebec: No
2024-10-14 22:40:10.746842 Alpha: No
2024-10-14 22:40:10.747340 Bravo: No
2024-10-14 22:40:10.748343 Tango: No
ChatterBot Alpha reevaluating
ChatterBot Bravo reevaluating
ChatterBot Tango reevaluating
ChatterBot Juliett reevaluating
ChatterBot Alpha reevaluating
ChatterBot Bravo reevaluating
ChatterBot Tango reevaluating
ChatterBot Juliett reevaluating
ChatterBot Bravo reevaluating
ChatterBot Tango reevaluating
ChatterBot Juliett reevaluating
ChatterBot Alpha reevaluating
ChatterBot Tango reevaluating
ChatterBot Juliett reevaluating
ChatterBot Alpha reevaluating
ChatterBot Bravo reevaluating
2024-10-14 22:40:10.836451 Golf: Juliett, sending you 4
2024-10-14 22:40:10.838600 Juliett: Quebec and Alpha, sending you 1
2024-10-14 22:40:10.840775 Quebec: Juliett, sending you 4
2024-10-14 22:40:10.844894 Tango: Juliett and Delta, sending you 3
2024-10-14 22:40:10.845661 Golf: Quebec, sending you 2
2024-10-14 22:40:10.847012 Bravo: Juliett, sending you 3
2024-10-14 22:40:10.847658 Juliett: Mike and Whiskey, sending you 3
2024-10-14 22:40:10.848004 Alpha: Juliett, sending you 2
2024-10-14 22:40:10.849305 Foxtrot: Juliett and Delta, sending you 3
2024-10-14 22:40:10.849674 Mike: Juliett, sending you 3
2024-10-14 22:40:10.850004 Quebec: Mike, Delta and Bravo, sending you 3
2024-10-14 22:40:10.850318 Tango: Quebec, sending you 2
2024-10-14 22:40:10.851606 Golf: Tango, sending you 5
2024-10-14 22:40:10.851941 Juliett: Delta, sending you 6
2024-10-14 22:40:10.852372 Whiskey: Juliett, Mike and Bravo, sending you 2
2024-10-14 22:40:10.853606 Bravo: Quebec, Mike, Tango, Alpha and Whiskey, sending you 1
2024-10-14 22:40:10.854005 Delta: Quebec and Bravo, sending you 2
2024-10-14 22:40:10.854438 Quebec: Tango and Alpha, sending you 2
2024-10-14 22:40:10.855500 Alpha: Quebec, Mike and Delta, sending you 3
2024-10-14 22:40:10.855901 Foxtrot: Quebec, Alpha and Whiskey, sending you 2
2024-10-14 22:40:10.856210 Mike: Quebec and Tango, sending you 2
2024-10-14 22:40:10.857508 Tango: Alpha and Bravo, sending you 1
2024-10-14 22:40:10.857997 Golf: Alpha, sending you 3
2024-10-14 22:40:10.858335 Juliett: Bravo, sending you 2
2024-10-14 22:40:10.859563 Whiskey: Quebec, sending you 4
2024-10-14 22:40:10.860117 Bravo: Delta, sending you 4
2024-10-14 22:40:10.860527 Delta: Mike, sending you 4
2024-10-14 22:40:10.861784 Alpha: Bravo, sending you 1
2024-10-14 22:40:10.862057 Tango: Whiskey, sending you 4
2024-10-14 22:40:10.862382 Golf: Bravo, sending you 1
2024-10-14 22:40:10.862639 Mike: Alpha, sending you 4
2024-10-14 22:40:10.864121 Whiskey: Delta and Tango, sending you 1
2024-10-14 22:40:10.866530 Mike: Whiskey, sending you 5
2024-10-14 22:40:10.868619 Delta: Tango, sending you 3
2024-10-14 22:40:10.869107 Alpha: Whiskey, sending you 6
2024-10-14 22:40:10.869473 Whiskey: Alpha, sending you 3
2024-10-14 22:40:10.873751 Delta: Alpha, sending you 5
chatterbot Mike submitting transactions
chatterbot Foxtrot submitting transactions
chatterbot Golf submitting transactions
chatterbot Alpha submitting transactions
chatterbot Juliett submitting transactions
chatterbot Quebec submitting transactions
chatterbot Delta submitting transactions
chatterbot Tango submitting transactions
chatterbot Bravo submitting transactions
chatterbot Whiskey submitting transactions
ChatterBot Juliett round 2
ChatterBot Golf round 2
ChatterBot Foxtrot round 2
ChatterBot Quebec round 2
ChatterBot Mike round 2
ChatterBot Delta round 2
ChatterBot Tango round 2
ChatterBot Alpha round 2
ChatterBot Bravo round 2
ChatterBot Whiskey round 2
2024-10-14 22:40:12.309326 Tango: We should add Golf
ChatterBot Quebec reevaluating
ChatterBot Whiskey reevaluating
ChatterBot Bravo reevaluating
ChatterBot Alpha reevaluating
ChatterBot Delta reevaluating
2024-10-14 22:40:12.337935 Quebec: No
2024-10-14 22:40:12.338602 Whiskey: No
2024-10-14 22:40:12.338798 Bravo: No
2024-10-14 22:40:12.338928 Juliett: No
2024-10-14 22:40:12.339045 Alpha: No
2024-10-14 22:40:12.339166 Mike: No
2024-10-14 22:40:12.339287 Delta: No
ChatterBot Whiskey reevaluating
ChatterBot Bravo reevaluating
ChatterBot Alpha reevaluating
ChatterBot Delta reevaluating
ChatterBot Quebec reevaluating
ChatterBot Bravo reevaluating
ChatterBot Alpha reevaluating
ChatterBot Delta reevaluating
ChatterBot Quebec reevaluating
ChatterBot Whiskey reevaluating
ChatterBot Alpha reevaluating
ChatterBot Delta reevaluating
ChatterBot Quebec reevaluating
ChatterBot Whiskey reevaluating
ChatterBot Bravo reevaluating
ChatterBot Alpha reevaluating
ChatterBot Delta reevaluating
ChatterBot Quebec reevaluating
ChatterBot Whiskey reevaluating
ChatterBot Bravo reevaluating
ChatterBot Delta reevaluating
ChatterBot Quebec reevaluating
ChatterBot Whiskey reevaluating
ChatterBot Bravo reevaluating
ChatterBot Alpha reevaluating
ChatterBot Delta reevaluating
ChatterBot Quebec reevaluating
ChatterBot Whiskey reevaluating
ChatterBot Bravo reevaluating
ChatterBot Alpha reevaluating
2024-10-14 22:40:12.572369 Golf: Can we be friends?
ChatterBot Quebec reevaluating
ChatterBot Delta reevaluating
ChatterBot Alpha reevaluating
ChatterBot Bravo reevaluating
ChatterBot Whiskey reevaluating
2024-10-14 22:40:12.606904 Juliett: No
2024-10-14 22:40:12.607059 Quebec: No
2024-10-14 22:40:12.607177 Mike: No
2024-10-14 22:40:12.607273 Delta: No
2024-10-14 22:40:12.607816 Tango: Yes
2024-10-14 22:40:12.607911 Alpha: No
2024-10-14 22:40:12.607995 Bravo: No
2024-10-14 22:40:12.608084 Whiskey: No
ChatterBot Golf reevaluating
ChatterBot Quebec reevaluating
ChatterBot Delta reevaluating
ChatterBot Alpha reevaluating
ChatterBot Bravo reevaluating
ChatterBot Whiskey reevaluating
ChatterBot Golf reevaluating
ChatterBot Delta reevaluating
ChatterBot Alpha reevaluating
ChatterBot Bravo reevaluating
ChatterBot Whiskey reevaluating
ChatterBot Golf reevaluating
ChatterBot Quebec reevaluating
ChatterBot Delta reevaluating
ChatterBot Alpha reevaluating
ChatterBot Bravo reevaluating
ChatterBot Whiskey reevaluating
ChatterBot Golf reevaluating
ChatterBot Quebec reevaluating
ChatterBot Alpha reevaluating
ChatterBot Bravo reevaluating
ChatterBot Whiskey reevaluating
ChatterBot Golf reevaluating
ChatterBot Quebec reevaluating
ChatterBot Delta reevaluating
ChatterBot Alpha reevaluating
ChatterBot Bravo reevaluating
ChatterBot Whiskey reevaluating
ChatterBot Golf reevaluating
ChatterBot Quebec reevaluating
ChatterBot Delta reevaluating
ChatterBot Bravo reevaluating
ChatterBot Whiskey reevaluating
ChatterBot Golf reevaluating
ChatterBot Quebec reevaluating
ChatterBot Delta reevaluating
ChatterBot Alpha reevaluating
ChatterBot Whiskey reevaluating
ChatterBot Golf reevaluating
ChatterBot Quebec reevaluating
ChatterBot Delta reevaluating
ChatterBot Alpha reevaluating
ChatterBot Bravo reevaluating
2024-10-14 22:40:12.983090 Tango: Golf we want you to join our group
ChatterBot Golf reevaluating
2024-10-14 22:40:12.988176 Golf: No
ChatterBot Quebec reevaluating
ChatterBot Delta reevaluating
ChatterBot Alpha reevaluating
ChatterBot Bravo reevaluating
ChatterBot Whiskey reevaluating
2024-10-14 22:40:13.111786 Juliett: Quebec, Mike, Tango and Bravo, sending you 3
2024-10-14 22:40:13.112778 Mike: Juliett, Quebec, Delta and Alpha, sending you 3
2024-10-14 22:40:13.181896 Tango: Juliett, sending you 1
2024-10-14 22:40:13.182314 Juliett: Alpha and Whiskey, sending you 2
2024-10-14 22:40:13.183341 Mike: Tango and Bravo, sending you 1
2024-10-14 22:40:13.216775 Tango: Golf and Delta, sending you 3
2024-10-14 22:40:13.217526 Mike: Whiskey, sending you 2
2024-10-14 22:40:13.218806 Golf: Juliett, sending you 3
2024-10-14 22:40:13.220019 Alpha: Juliett, Quebec and Tango, sending you 2
2024-10-14 22:40:13.220731 Bravo: Juliett, Delta and Whiskey, sending you 2
2024-10-14 22:40:13.222015 Delta: Juliett, sending you 5
2024-10-14 22:40:13.223339 Quebec: Juliett, Mike, Delta, Tango and Bravo, sending you 2
2024-10-14 22:40:13.224694 Whiskey: Juliett, sending you 2
2024-10-14 22:40:13.226035 Tango: Quebec, Mike, Bravo and Whiskey, sending you 2
2024-10-14 22:40:13.226846 Golf: Quebec, Mike, Delta, Tango, Alpha and Whiskey, sending you 2
2024-10-14 22:40:13.228032 Alpha: Mike and Delta, sending you 4
2024-10-14 22:40:13.229214 Bravo: Quebec, sending you 4
2024-10-14 22:40:13.230415 Delta: Quebec, Tango and Alpha, sending you 2
2024-10-14 22:40:13.231025 Whiskey: Quebec, Delta and Bravo, sending you 1
2024-10-14 22:40:13.232301 Quebec: Alpha, sending you 3
2024-10-14 22:40:13.233541 Alpha: Bravo, sending you 1
2024-10-14 22:40:13.234139 Bravo: Tango and Alpha, sending you 1
2024-10-14 22:40:13.235311 Delta: Mike and Whiskey, sending you 1
2024-10-14 22:40:13.236728 Quebec: Whiskey, sending you 5
2024-10-14 22:40:13.237404 Whiskey: Mike and Tango, sending you 3
2024-10-14 22:40:13.298414 Alpha: Whiskey, sending you 3
2024-10-14 22:40:13.299734 Delta: Bravo, sending you 3
2024-10-14 22:40:13.300946 Whiskey: Alpha, sending you 4
chatterbot Mike submitting transactions
chatterbot Whiskey submitting transactions
chatterbot Alpha submitting transactions
chatterbot Foxtrot submitting transactions
chatterbot Delta submitting transactions
chatterbot Quebec submitting transactions
chatterbot Golf submitting transactions
chatterbot Juliett submitting transactions
chatterbot Bravo submitting transactions
chatterbot Tango submitting transactions
ChatterBot Juliett round 3
ChatterBot Golf round 3
ChatterBot Foxtrot round 3
ChatterBot Quebec round 3
ChatterBot Mike round 3
ChatterBot Delta round 3
ChatterBot Tango round 3
ChatterBot Alpha round 3
ChatterBot Bravo round 3
ChatterBot Whiskey round 3
2024-10-14 22:40:14.027157 Mike: We should add Golf
2024-10-14 22:40:14.058543 Quebec: No
2024-10-14 22:40:14.058754 Whiskey: No
2024-10-14 22:40:14.058880 Bravo: No
2024-10-14 22:40:14.059058 Juliett: No
2024-10-14 22:40:14.059205 Alpha: No
2024-10-14 22:40:14.059367 Tango: Yes
2024-10-14 22:40:14.060143 Delta: No
2024-10-14 22:40:14.226914 Mike: Golf we want you to join our group
2024-10-14 22:40:14.230650 Golf: No
2024-10-14 22:40:14.254829 Quebec: Juliett, Mike, Alpha, Bravo and Whiskey, sending you 3
2024-10-14 22:40:14.256403 Foxtrot: Sending you 5
2024-10-14 22:40:14.257091 Juliett: Quebec, Mike and Delta, sending you 3
2024-10-14 22:40:14.257835 Tango: Juliett, Quebec, Mike, Delta, Alpha and Whiskey, sending you 2
2024-10-14 22:40:14.258800 Golf: Mike and Delta, sending you 2
2024-10-14 22:40:14.293433 Quebec: Delta, sending you 2
2024-10-14 22:40:14.294733 Juliett: Tango, sending you 1
2024-10-14 22:40:14.295444 Golf: Tango, sending you 10
2024-10-14 22:40:14.296266 Tango: Golf, sending you 3
2024-10-14 22:40:14.308165 Juliett: Alpha, Bravo and Whiskey, sending you 2
2024-10-14 22:40:14.309159 Quebec: Tango, sending you 1
2024-10-14 22:40:14.309630 Golf: Whiskey, sending you 1
2024-10-14 22:40:14.309892 Tango: Bravo, sending you 1
2024-10-14 22:40:14.310847 Whiskey: Juliett, Quebec, Mike, Tango and Bravo, sending you 2
2024-10-14 22:40:14.312178 Mike: Juliett, sending you 3
2024-10-14 22:40:14.312671 Delta: Juliett, Quebec, Mike and Bravo, sending you 2
2024-10-14 22:40:14.313834 Alpha: Juliett and Bravo, sending you 2
2024-10-14 22:40:14.314496 Bravo: Juliett, sending you 3
2024-10-14 22:40:14.367911 Whiskey: Delta, sending you 1
2024-10-14 22:40:14.369073 Mike: Golf, Tango and Bravo, sending you 1
2024-10-14 22:40:14.369544 Delta: Tango, sending you 3
2024-10-14 22:40:14.370641 Alpha: Quebec, Mike and Delta, sending you 3
2024-10-14 22:40:14.371188 Bravo: Quebec, Delta and Tango, sending you 2
2024-10-14 22:40:14.378127 Mike: Quebec, Delta and Whiskey, sending you 2
2024-10-14 22:40:14.379240 Whiskey: Alpha, sending you 4
2024-10-14 22:40:14.380518 Delta: Alpha, sending you 4
2024-10-14 22:40:14.381288 Alpha: Tango, sending you 1
2024-10-14 22:40:14.382503 Bravo: Mike, Alpha and Whiskey, sending you 1
2024-10-14 22:40:14.383746 Mike: Alpha, sending you 4
2024-10-14 22:40:14.394488 Delta: Whiskey, sending you 1
2024-10-14 22:40:14.395089 Alpha: Whiskey, sending you 4
chatterbot Golf submitting transactions
chatterbot Quebec submitting transactions
chatterbot Alpha submitting transactions
chatterbot Tango submitting transactions
chatterbot Bravo submitting transactions
chatterbot Mike submitting transactions
chatterbot Whiskey submitting transactions
chatterbot Foxtrot submitting transactions
chatterbot Juliett submitting transactions
chatterbot Delta submitting transactions
ChatterBot Juliett round 4
ChatterBot Golf round 4
ChatterBot Foxtrot round 4
ChatterBot Quebec round 4
ChatterBot Mike round 4
ChatterBot Delta round 4
ChatterBot Tango round 4
ChatterBot Alpha round 4
ChatterBot Bravo round 4
ChatterBot Whiskey round 4
2024-10-14 22:40:15.488918 Quebec: Juliett, Mike, Alpha, Bravo and Whiskey, sending you 3
2024-10-14 22:40:15.490896 Golf: Mike, sending you 4
2024-10-14 22:40:15.491584 Juliett: Quebec and Mike, sending you 3
2024-10-14 22:40:15.495758 Quebec: Delta, sending you 2
2024-10-14 22:40:15.496725 Golf: Tango, sending you 9
2024-10-14 22:40:15.499379 Juliett: Delta, Tango, Alpha, Bravo and Whiskey, sending you 2
2024-10-14 22:40:15.500445 Mike: Juliett and Alpha, sending you 3
2024-10-14 22:40:15.506637 Alpha: Juliett and Tango, sending you 2
2024-10-14 22:40:15.508592 Whiskey: Juliett, Quebec, Mike, Tango and Bravo, sending you 2
2024-10-14 22:40:15.509673 Tango: Juliett, Quebec, Mike, Delta, Bravo and Whiskey, sending you 2
2024-10-14 22:40:15.512670 Bravo: Juliett, Delta and Whiskey, sending you 2
2024-10-14 22:40:15.513689 Delta: Juliett and Alpha, sending you 3
2024-10-14 22:40:15.518934 Quebec: Tango, sending you 1
2024-10-14 22:40:15.520180 Golf: Whiskey, sending you 2
2024-10-14 22:40:15.522861 Mike: Golf and Bravo, sending you 1
2024-10-14 22:40:15.523584 Alpha: Quebec, Mike and Delta, sending you 3
2024-10-14 22:40:15.530521 Whiskey: Delta, sending you 1
2024-10-14 22:40:15.532994 Tango: Golf, sending you 3
2024-10-14 22:40:15.533750 Bravo: Quebec, sending you 3
2024-10-14 22:40:15.536603 Delta: Quebec, Mike, Tango, Bravo and Whiskey, sending you 2
2024-10-14 22:40:15.537819 Mike: Quebec, Delta, Tango and Whiskey, sending you 2
2024-10-14 22:40:15.543597 Alpha: Bravo, sending you 1
2024-10-14 22:40:15.544743 Whiskey: Alpha, sending you 4
2024-10-14 22:40:15.547776 Tango: Alpha, sending you 1
2024-10-14 22:40:15.548529 Bravo: Mike, Tango and Alpha, sending you 1
2024-10-14 22:40:15.555238 Alpha: Whiskey, sending you 4
chatterbot Delta submitting transactions
chatterbot Mike submitting transactions
chatterbot Alpha submitting transactions
chatterbot Bravo submitting transactions
chatterbot Golf submitting transactions
chatterbot Juliett submitting transactions
chatterbot Quebec submitting transactions
chatterbot Foxtrot submitting transactions
chatterbot Whiskey submitting transactions
chatterbot Tango submitting transactions
ChatterBot Juliett round 5
ChatterBot Golf round 5
ChatterBot Foxtrot round 5
ChatterBot Quebec round 5
ChatterBot Mike round 5
ChatterBot Delta round 5
ChatterBot Tango round 5
ChatterBot Alpha round 5
ChatterBot Bravo round 5
ChatterBot Whiskey round 5
2024-10-14 22:40:16.747904 Juliett: Quebec and Mike, sending you 3
2024-10-14 22:40:16.750675 Delta: Juliett and Alpha, sending you 3
2024-10-14 22:40:16.752137 Alpha: Juliett and Tango, sending you 2
2024-10-14 22:40:16.754155 Tango: Juliett, Golf, Quebec, Mike, Delta, Alpha and Whiskey, sending you 2
2024-10-14 22:40:16.755799 Juliett: Delta, Tango, Alpha, Bravo and Whiskey, sending you 2
2024-10-14 22:40:16.757318 Golf: Mike, sending you 5
2024-10-14 22:40:16.758145 Delta: Quebec, Mike, Tango, Bravo and Whiskey, sending you 2
2024-10-14 22:40:16.759749 Alpha: Quebec, Mike and Delta, sending you 3
2024-10-14 22:40:16.761434 Tango: Bravo, sending you 1
2024-10-14 22:40:16.762243 Golf: Tango, sending you 10
2024-10-14 22:40:16.763652 Whiskey: Juliett, Quebec, Mike, Delta, Tango and Bravo, sending you 2
2024-10-14 22:40:16.764749 Mike: Juliett and Alpha, sending you 3
2024-10-14 22:40:16.766311 Bravo: Juliett, Delta and Whiskey, sending you 2
2024-10-14 22:40:16.767921 Alpha: Bravo, sending you 1
2024-10-14 22:40:16.769051 Quebec: Juliett, sending you 4
2024-10-14 22:40:16.770681 Whiskey: Alpha, sending you 3
2024-10-14 22:40:16.771830 Mike: Golf, Quebec, Delta, Tango and Whiskey, sending you 2
2024-10-14 22:40:16.773160 Bravo: Quebec, sending you 3
2024-10-14 22:40:16.774679 Alpha: Whiskey, sending you 4
2024-10-14 22:40:16.776748 Quebec: Mike, Delta, Tango and Whiskey, sending you 2
2024-10-14 22:40:16.779666 Bravo: Mike, Tango and Alpha, sending you 1
2024-10-14 22:40:16.781656 Quebec: Alpha and Bravo, sending you 3
chatterbot Quebec submitting transactions
chatterbot Delta submitting transactions
chatterbot Juliett submitting transactions
chatterbot Tango submitting transactions
chatterbot Whiskey submitting transactions
chatterbot Alpha submitting transactions
chatterbot Mike submitting transactions
chatterbot Bravo submitting transactions
chatterbot Foxtrot submitting transactions
chatterbot Golf submitting transactions
ChatterBot Juliett round 6
ChatterBot Golf round 6
ChatterBot Foxtrot round 6
ChatterBot Quebec round 6
ChatterBot Mike round 6
ChatterBot Delta round 6
ChatterBot Tango round 6
ChatterBot Alpha round 6
ChatterBot Bravo round 6
ChatterBot Whiskey round 6
2024-10-14 22:40:18.009678 Quebec: Juliett, sending you 4
2024-10-14 22:40:18.012675 Golf: Mike, sending you 6
2024-10-14 22:40:18.014222 Mike: Juliett and Alpha, sending you 3
2024-10-14 22:40:18.015134 Tango: Juliett, Golf, Quebec, Mike, Delta, Alpha and Whiskey, sending you 2
2024-10-14 22:40:18.016028 Quebec: Mike, Delta, Tango and Whiskey, sending you 2
2024-10-14 22:40:18.017720 Golf: Tango, sending you 9
2024-10-14 22:40:18.018660 Juliett: Quebec and Mike, sending you 3
2024-10-14 22:40:18.019769 Delta: Juliett, Quebec, Mike, Tango, Bravo and Whiskey, sending you 2
2024-10-14 22:40:18.020477 Mike: Golf, Quebec, Delta, Tango and Whiskey, sending you 2
2024-10-14 22:40:18.021459 Tango: Bravo, sending you 1
2024-10-14 22:40:18.022429 Quebec: Alpha and Bravo, sending you 3
2024-10-14 22:40:18.023670 Juliett: Delta, Tango, Alpha, Bravo and Whiskey, sending you 2
2024-10-14 22:40:18.024912 Alpha: Juliett and Tango, sending you 2
2024-10-14 22:40:18.025666 Delta: Alpha, sending you 4
2024-10-14 22:40:18.029722 Bravo: Juliett, Delta and Whiskey, sending you 2
2024-10-14 22:40:18.030959 Alpha: Quebec, Mike and Delta, sending you 3
2024-10-14 22:40:18.032222 Whiskey: Juliett, Quebec, Mike, Delta, Tango and Bravo, sending you 2
2024-10-14 22:40:18.034759 Bravo: Quebec, sending you 3
2024-10-14 22:40:18.035432 Alpha: Bravo, sending you 1
2024-10-14 22:40:18.037676 Whiskey: Alpha, sending you 3
2024-10-14 22:40:18.039066 Bravo: Mike, Tango and Alpha, sending you 1
2024-10-14 22:40:18.040704 Alpha: Whiskey, sending you 4
chatterbot Alpha submitting transactions
chatterbot Bravo submitting transactions
chatterbot Delta submitting transactions
chatterbot Whiskey submitting transactions
chatterbot Mike submitting transactions
chatterbot Juliett submitting transactions
chatterbot Golf submitting transactions
chatterbot Tango submitting transactions
chatterbot Foxtrot submitting transactions
chatterbot Quebec submitting transactions
ChatterBot Juliett round 7
ChatterBot Golf round 7
ChatterBot Foxtrot round 7
ChatterBot Quebec round 7
ChatterBot Mike round 7
ChatterBot Delta round 7
ChatterBot Tango round 7
ChatterBot Alpha round 7
ChatterBot Bravo round 7
ChatterBot Whiskey round 7
2024-10-14 22:40:19.165668 Golf: Mike, sending you 6
2024-10-14 22:40:19.166920 Quebec: Juliett, sending you 4
2024-10-14 22:40:19.167809 Juliett: Quebec and Mike, sending you 3
2024-10-14 22:40:19.171883 Golf: Tango, sending you 9
2024-10-14 22:40:19.172695 Quebec: Mike, Delta, Tango and Whiskey, sending you 2
2024-10-14 22:40:19.173700 Juliett: Delta, Tango, Alpha, Bravo and Whiskey, sending you 2
2024-10-14 22:40:19.175265 Alpha: Juliett and Tango, sending you 2
2024-10-14 22:40:19.177109 Tango: Juliett, Golf, Quebec, Mike, Delta, Alpha and Whiskey, sending you 2
2024-10-14 22:40:19.178669 Quebec: Alpha and Bravo, sending you 3
2024-10-14 22:40:19.180702 Alpha: Quebec, Mike and Delta, sending you 3
2024-10-14 22:40:19.182730 Tango: Bravo, sending you 1
2024-10-14 22:40:19.185738 Bravo: Juliett, Delta and Whiskey, sending you 2
2024-10-14 22:40:19.187549 Alpha: Bravo, sending you 1
2024-10-14 22:40:19.188406 Mike: Juliett and Alpha, sending you 3
2024-10-14 22:40:19.189461 Delta: Juliett, Quebec, Mike, Tango, Bravo and Whiskey, sending you 2
2024-10-14 22:40:19.191684 Bravo: Quebec, sending you 3
2024-10-14 22:40:19.192648 Alpha: Whiskey, sending you 4
2024-10-14 22:40:19.193819 Mike: Golf, Quebec, Delta, Tango and Whiskey, sending you 2
2024-10-14 22:40:19.194494 Whiskey: Juliett, Quebec, Mike, Delta, Tango and Bravo, sending you 2
2024-10-14 22:40:19.195551 Delta: Alpha, sending you 4
2024-10-14 22:40:19.197674 Bravo: Mike, Tango and Alpha, sending you 1
2024-10-14 22:40:19.199686 Whiskey: Alpha, sending you 3
chatterbot Mike submitting transactions
chatterbot Bravo submitting transactions
chatterbot Whiskey submitting transactions
chatterbot Foxtrot submitting transactions
chatterbot Tango submitting transactions
chatterbot Delta submitting transactions
chatterbot Alpha submitting transactions
chatterbot Juliett submitting transactions
chatterbot Golf submitting transactions
chatterbot Quebec submitting transactions
ChatterBot Juliett round 8
ChatterBot Golf round 8
ChatterBot Foxtrot round 8
ChatterBot Quebec round 8
ChatterBot Mike round 8
ChatterBot Delta round 8
ChatterBot Tango round 8
ChatterBot Alpha round 8
ChatterBot Bravo round 8
ChatterBot Whiskey round 8
2024-10-14 22:40:20.231679 Golf: Mike, sending you 7
2024-10-14 22:40:20.234716 Golf: Tango, sending you 8
2024-10-14 22:40:20.236674 Alpha: Juliett and Tango, sending you 2
2024-10-14 22:40:20.241696 Alpha: Quebec, Mike and Whiskey, sending you 3
2024-10-14 22:40:20.242676 Tango: Juliett, Golf, Quebec, Mike, Delta, Alpha and Whiskey, sending you 2
2024-10-14 22:40:20.245692 Alpha: Delta, sending you 4
2024-10-14 22:40:20.247058 Tango: Bravo, sending you 1
2024-10-14 22:40:20.247713 Mike: Juliett and Alpha, sending you 3
2024-10-14 22:40:20.248393 Delta: Juliett, Quebec, Mike, Tango, Bravo and Whiskey, sending you 2
2024-10-14 22:40:20.249471 Juliett: Quebec and Mike, sending you 3
2024-10-14 22:40:20.250871 Quebec: Juliett, sending you 4
2024-10-14 22:40:20.251937 Bravo: Juliett, Delta and Whiskey, sending you 2
2024-10-14 22:40:20.253012 Alpha: Bravo, sending you 1
2024-10-14 22:40:20.254136 Mike: Golf, Quebec, Delta, Tango and Whiskey, sending you 2
2024-10-14 22:40:20.255144 Delta: Alpha, sending you 4
2024-10-14 22:40:20.256236 Juliett: Delta, Tango, Alpha, Bravo and Whiskey, sending you 2
2024-10-14 22:40:20.257508 Quebec: Mike, Delta, Tango and Whiskey, sending you 2
2024-10-14 22:40:20.258905 Whiskey: Juliett, Quebec, Mike, Delta, Tango and Bravo, sending you 2
2024-10-14 22:40:20.259868 Bravo: Quebec, sending you 3
2024-10-14 22:40:20.262682 Quebec: Alpha and Bravo, sending you 3
2024-10-14 22:40:20.264663 Whiskey: Alpha, sending you 3
2024-10-14 22:40:20.266297 Bravo: Mike, Tango and Alpha, sending you 1
chatterbot Bravo submitting transactions
chatterbot Mike submitting transactions
chatterbot Quebec submitting transactions
chatterbot Whiskey submitting transactions
chatterbot Golf submitting transactions
chatterbot Delta submitting transactions
chatterbot Foxtrot submitting transactions
chatterbot Alpha submitting transactions
chatterbot Tango submitting transactions
chatterbot Juliett submitting transactions
ChatterBot Juliett round 9
ChatterBot Golf round 9
ChatterBot Foxtrot round 9
ChatterBot Quebec round 9
ChatterBot Mike round 9
ChatterBot Delta round 9
ChatterBot Tango round 9
ChatterBot Alpha round 9
ChatterBot Bravo round 9
ChatterBot Whiskey round 9
2024-10-14 22:40:21.468662 Mike: Juliett and Alpha, sending you 3
2024-10-14 22:40:21.469661 Delta: Juliett, Quebec, Mike, Tango, Bravo and Whiskey, sending you 2
2024-10-14 22:40:21.470718 Juliett: Quebec and Mike, sending you 3
2024-10-14 22:40:21.471753 Alpha: Juliett and Tango, sending you 2
2024-10-14 22:40:21.473186 Tango: Juliett, Golf, Quebec, Mike, Delta, Alpha and Whiskey, sending you 2
2024-10-14 22:40:21.473761 Quebec: Juliett, sending you 4
2024-10-14 22:40:21.474572 Mike: Golf, Quebec, Delta, Tango and Whiskey, sending you 2
2024-10-14 22:40:21.475654 Delta: Alpha, sending you 4
2024-10-14 22:40:21.476453 Juliett: Delta, Tango, Alpha, Bravo and Whiskey, sending you 2
2024-10-14 22:40:21.477187 Alpha: Quebec, Mike and Whiskey, sending you 3
2024-10-14 22:40:21.477910 Quebec: Mike, Delta, Tango and Whiskey, sending you 2
2024-10-14 22:40:21.479111 Tango: Bravo, sending you 1
2024-10-14 22:40:21.480669 Alpha: Delta, sending you 4
2024-10-14 22:40:21.481519 Golf: Mike, sending you 7
2024-10-14 22:40:21.481956 Bravo: Juliett, Delta and Whiskey, sending you 2
2024-10-14 22:40:21.482850 Quebec: Alpha and Bravo, sending you 3
2024-10-14 22:40:21.483719 Whiskey: Juliett, Quebec, Mike, Delta, Tango and Bravo, sending you 2
2024-10-14 22:40:21.485213 Alpha: Bravo, sending you 1
2024-10-14 22:40:21.486186 Golf: Tango, sending you 8
2024-10-14 22:40:21.486652 Bravo: Quebec, sending you 3
2024-10-14 22:40:21.489646 Whiskey: Alpha, sending you 3
2024-10-14 22:40:21.490690 Bravo: Mike, Tango and Alpha, sending you 1
chatterbot Tango submitting transactions
chatterbot Juliett submitting transactions
chatterbot Mike submitting transactions
chatterbot Golf submitting transactions
chatterbot Whiskey submitting transactions
chatterbot Quebec submitting transactions
chatterbot Bravo submitting transactions
chatterbot Delta submitting transactions
chatterbot Foxtrot submitting transactions
chatterbot Alpha submitting transactions
ChatterBot Juliett round 10
ChatterBot Golf round 10
ChatterBot Foxtrot round 10
ChatterBot Quebec round 10
ChatterBot Mike round 10
ChatterBot Delta round 10
ChatterBot Tango round 10
ChatterBot Alpha round 10
ChatterBot Bravo round 10
ChatterBot Whiskey round 10
2024-10-14 22:40:22.680687 Mike: Juliett and Alpha, sending you 3
2024-10-14 22:40:22.682723 Golf: Mike, sending you 7
2024-10-14 22:40:22.683920 Quebec: Juliett, sending you 4
2024-10-14 22:40:22.685655 Bravo: Juliett, Delta and Whiskey, sending you 2
2024-10-14 22:40:22.687010 Mike: Golf, Quebec, Delta, Tango and Whiskey, sending you 2
2024-10-14 22:40:22.687827 Golf: Tango, sending you 8
2024-10-14 22:40:22.688742 Alpha: Juliett and Tango, sending you 2
2024-10-14 22:40:22.690790 Quebec: Mike, Delta, Tango and Whiskey, sending you 2
2024-10-14 22:40:22.692362 Bravo: Quebec, sending you 3
2024-10-14 22:40:22.694408 Delta: Juliett, Quebec, Mike, Tango, Bravo and Whiskey, sending you 2
2024-10-14 22:40:22.696011 Tango: Juliett, Quebec, Mike, Delta, Alpha and Whiskey, sending you 2
2024-10-14 22:40:22.696959 Juliett: Quebec and Mike, sending you 3
2024-10-14 22:40:22.698909 Alpha: Quebec, Mike and Whiskey, sending you 3
2024-10-14 22:40:22.700489 Quebec: Alpha and Bravo, sending you 3
2024-10-14 22:40:22.701969 Whiskey: Juliett, Quebec, Mike, Delta, Tango and Bravo, sending you 2
2024-10-14 22:40:22.703770 Bravo: Mike, Tango and Alpha, sending you 1
2024-10-14 22:40:22.705322 Delta: Alpha, sending you 4
2024-10-14 22:40:22.706830 Tango: Golf and Bravo, sending you 1
2024-10-14 22:40:22.707606 Juliett: Delta, Tango, Alpha, Bravo and Whiskey, sending you 2
2024-10-14 22:40:22.708924 Alpha: Delta, sending you 4
2024-10-14 22:40:22.711055 Whiskey: Alpha, sending you 3
2024-10-14 22:40:22.713664 Alpha: Bravo, sending you 1
chatterbot Bravo submitting transactions
chatterbot Juliett submitting transactions
chatterbot Delta submitting transactions
chatterbot Mike submitting transactions
chatterbot Foxtrot submitting transactions
chatterbot Whiskey submitting transactions
chatterbot Golf submitting transactions
chatterbot Alpha submitting transactions
chatterbot Tango submitting transactions
chatterbot Quebec submitting transactions
ChatterBot Juliett round 11
ChatterBot Golf round 11
ChatterBot Foxtrot round 11
ChatterBot Quebec round 11
ChatterBot Mike round 11
ChatterBot Delta round 11
ChatterBot Tango round 11
ChatterBot Alpha round 11
ChatterBot Bravo round 11
ChatterBot Whiskey round 11
2024-10-14 22:40:24.055349 Whiskey: We should add Golf
2024-10-14 22:40:24.084617 Quebec: No
2024-10-14 22:40:24.085022 Bravo: No
2024-10-14 22:40:24.085433 Juliett: No
2024-10-14 22:40:24.085924 Alpha: No
2024-10-14 22:40:24.086191 Mike: Yes
2024-10-14 22:40:24.086453 Tango: Yes
2024-10-14 22:40:24.087275 Delta: No
ChatterBot Whiskey reevaluating
ChatterBot Whiskey reevaluating
ChatterBot Whiskey reevaluating
ChatterBot Whiskey reevaluating
ChatterBot Whiskey reevaluating
ChatterBot Whiskey reevaluating
ChatterBot Whiskey reevaluating
chatterbot Tango submitting transactions
2024-10-14 22:40:24.321688 Delta: Juliett, Quebec, Mike, Tango, Bravo and Whiskey, sending you 2
2024-10-14 22:40:24.323709 Quebec: Juliett, sending you 4
2024-10-14 22:40:24.325586 Juliett: Quebec and Mike, sending you 3
2024-10-14 22:40:24.328176 Golf: Mike, sending you 8
2024-10-14 22:40:24.329735 Quebec: Mike, Delta, Tango and Whiskey, sending you 2
2024-10-14 22:40:24.332277 Delta: Alpha, sending you 4
2024-10-14 22:40:24.334789 Juliett: Delta, Tango, Alpha, Bravo and Whiskey, sending you 2
2024-10-14 22:40:24.336837 Bravo: Juliett, Delta and Whiskey, sending you 2
2024-10-14 22:40:24.338642 Alpha: Juliett and Tango, sending you 2
2024-10-14 22:40:24.340405 Golf: Tango, sending you 7
2024-10-14 22:40:24.342016 Whiskey: Juliett, Quebec, Mike, Delta, Tango and Bravo, sending you 2
2024-10-14 22:40:24.343673 Quebec: Alpha and Bravo, sending you 3
2024-10-14 22:40:24.345687 Mike: Juliett and Alpha, sending you 3
2024-10-14 22:40:24.347273 Tango: Juliett, Quebec, Mike, Delta, Alpha and Whiskey, sending you 2
2024-10-14 22:40:24.348438 Bravo: Quebec, sending you 3
2024-10-14 22:40:24.350826 Alpha: Quebec, Mike and Whiskey, sending you 3
2024-10-14 22:40:24.352852 Whiskey: Alpha, sending you 3
2024-10-14 22:40:24.355392 Tango: Golf and Bravo, sending you 1
2024-10-14 22:40:24.356765 Mike: Golf, Quebec, Delta, Tango and Whiskey, sending you 2
2024-10-14 22:40:24.358132 Bravo: Mike, Tango and Alpha, sending you 1
2024-10-14 22:40:24.361049 Alpha: Delta, sending you 4
2024-10-14 22:40:24.366668 Alpha: Bravo, sending you 1
chatterbot Juliett submitting transactions
chatterbot Foxtrot submitting transactions
chatterbot Bravo submitting transactions
chatterbot Golf submitting transactions
chatterbot Alpha submitting transactions
chatterbot Whiskey submitting transactions
chatterbot Quebec submitting transactions
chatterbot Mike submitting transactions
chatterbot Delta submitting transactions
ChatterBot Juliett round 12
ChatterBot Golf round 12
ChatterBot Foxtrot round 12
ChatterBot Quebec round 12
ChatterBot Mike round 12
ChatterBot Delta round 12
ChatterBot Tango round 12
ChatterBot Alpha round 12
ChatterBot Bravo round 12
ChatterBot Whiskey round 12
2024-10-14 22:40:25.317042 Juliett: Quebec and Mike, sending you 3
2024-10-14 22:40:25.320123 Quebec: Juliett, sending you 4
2024-10-14 22:40:25.323774 Juliett: Delta, Tango, Alpha, Bravo and Whiskey, sending you 2
2024-10-14 22:40:25.328021 Quebec: Mike, Delta, Tango and Whiskey, sending you 2
2024-10-14 22:40:25.331778 Tango: Juliett, Quebec, Mike, Delta, Alpha and Whiskey, sending you 2
2024-10-14 22:40:25.334296 Golf: Mike, sending you 8
2024-10-14 22:40:25.336 Delta: Juliett, Quebec, Mike, Tango, Bravo and Whiskey, sending you 2
2024-10-14 22:40:25.339186 Quebec: Alpha and Bravo, sending you 3
2024-10-14 22:40:25.342765 Tango: Golf and Bravo, sending you 1
2024-10-14 22:40:25.344749 Mike: Juliett and Alpha, sending you 3
2024-10-14 22:40:25.346223 Alpha: Juliett and Tango, sending you 2
2024-10-14 22:40:25.350005 Golf: Tango, sending you 7
2024-10-14 22:40:25.352467 Bravo: Juliett, Delta and Whiskey, sending you 2
2024-10-14 22:40:25.354906 Delta: Alpha, sending you 4
2024-10-14 22:40:25.357380 Mike: Golf, Quebec, Delta, Tango and Whiskey, sending you 2
2024-10-14 22:40:25.358545 Alpha: Quebec, Mike and Whiskey, sending you 3
2024-10-14 22:40:25.361086 Whiskey: Juliett, Quebec, Mike, Delta, Tango and Bravo, sending you 2
2024-10-14 22:40:25.363171 Bravo: Quebec, sending you 4
2024-10-14 22:40:25.365867 Alpha: Delta, sending you 4
2024-10-14 22:40:25.368338 Whiskey: Alpha, sending you 3
2024-10-14 22:40:25.370824 Bravo: Tango and Alpha, sending you 1
2024-10-14 22:40:25.373642 Alpha: Bravo, sending you 1
chatterbot Tango submitting transactions
chatterbot Bravo submitting transactions
chatterbot Quebec submitting transactions
chatterbot Delta submitting transactions
chatterbot Golf submitting transactions
chatterbot Alpha submitting transactions
chatterbot Juliett submitting transactions
chatterbot Whiskey submitting transactions
chatterbot Foxtrot submitting transactions
chatterbot Mike submitting transactions
ChatterBot Juliett round 13
ChatterBot Golf round 13
ChatterBot Foxtrot round 13
ChatterBot Quebec round 13
ChatterBot Mike round 13
ChatterBot Delta round 13
ChatterBot Tango round 13
ChatterBot Alpha round 13
ChatterBot Bravo round 13
ChatterBot Whiskey round 13
2024-10-14 22:40:26.590712 Mike: Juliett and Alpha, sending you 3
2024-10-14 22:40:26.593624 Golf: Mike, sending you 8
2024-10-14 22:40:26.596645 Juliett: Quebec and Mike, sending you 3
2024-10-14 22:40:26.599764 Mike: Golf, Quebec, Delta, Tango and Whiskey, sending you 2
2024-10-14 22:40:26.601514 Golf: Tango, sending you 7
2024-10-14 22:40:26.604027 Juliett: Delta, Tango, Alpha, Bravo and Whiskey, sending you 2
2024-10-14 22:40:26.606154 Delta: Juliett, Quebec, Mike, Tango, Bravo and Whiskey, sending you 2
2024-10-14 22:40:26.608173 Bravo: Juliett, Delta and Whiskey, sending you 2
2024-10-14 22:40:26.609851 Tango: Juliett, Quebec, Mike, Delta, Alpha and Whiskey, sending you 2
2024-10-14 22:40:26.610681 Delta: Alpha, sending you 4
2024-10-14 22:40:26.613487 Tango: Golf and Bravo, sending you 1
2024-10-14 22:40:26.614732 Bravo: Quebec, sending you 4
2024-10-14 22:40:26.617673 Alpha: Juliett and Tango, sending you 2
2024-10-14 22:40:26.620162 Whiskey: Juliett, Quebec, Mike, Delta, Tango and Bravo, sending you 2
2024-10-14 22:40:26.622837 Quebec: Juliett, sending you 4
2024-10-14 22:40:26.625792 Bravo: Tango and Alpha, sending you 1
2024-10-14 22:40:26.627862 Alpha: Quebec, Mike and Whiskey, sending you 3
2024-10-14 22:40:26.629887 Whiskey: Alpha, sending you 3
2024-10-14 22:40:26.631785 Quebec: Mike, Delta, Tango and Whiskey, sending you 2
2024-10-14 22:40:26.634673 Alpha: Delta, sending you 4
2024-10-14 22:40:26.637697 Quebec: Alpha and Bravo, sending you 3
2024-10-14 22:40:26.639715 Alpha: Bravo, sending you 1
chatterbot Juliett submitting transactions
chatterbot Delta submitting transactions
chatterbot Whiskey submitting transactions
chatterbot Alpha submitting transactions
chatterbot Quebec submitting transactions
chatterbot Foxtrot submitting transactions
chatterbot Golf submitting transactions
chatterbot Mike submitting transactions
chatterbot Tango submitting transactions
chatterbot Bravo submitting transactions
ChatterBot Juliett round 14
ChatterBot Golf round 14
ChatterBot Foxtrot round 14
ChatterBot Quebec round 14
ChatterBot Mike round 14
ChatterBot Delta round 14
ChatterBot Tango round 14
ChatterBot Alpha round 14
2024-10-14 22:40:27.834959 Foxtrot: We should replace Golf with Tango
ChatterBot Bravo round 14
ChatterBot Whiskey round 14
2024-10-14 22:40:27.861921 Foxtrot: Tango we want you to join our group
2024-10-14 22:40:27.864470 Tango: No
ChatterBot Foxtrot reevaluating
2024-10-14 22:40:27.869671 Juliett: Quebec and Mike, sending you 3
2024-10-14 22:40:27.876693 Juliett: Delta, Tango, Alpha, Bravo and Whiskey, sending you 2
2024-10-14 22:40:27.880054 Golf: Mike, sending you 8
2024-10-14 22:40:27.881098 Alpha: Juliett and Tango, sending you 2
2024-10-14 22:40:27.887020 Golf: Tango, sending you 7
2024-10-14 22:40:27.888080 Mike: Juliett and Alpha, sending you 3
2024-10-14 22:40:27.889961 Whiskey: Juliett, Quebec, Mike, Delta, Tango and Bravo, sending you 2
2024-10-14 22:40:27.893462 Quebec: Juliett, sending you 4
2024-10-14 22:40:27.898900 Delta: Juliett, Quebec, Mike, Tango, Bravo and Whiskey, sending you 2
2024-10-14 22:40:27.902278 Alpha: Quebec, Mike and Whiskey, sending you 3
2024-10-14 22:40:27.905451 Mike: Golf, Quebec, Delta, Tango and Whiskey, sending you 2
