ChatterBot Foxtrot round 1
ChatterBot Quebec round 1
ChatterBot Charlie round 1
ChatterBot Golf round 1
ChatterBot Zulu round 1
ChatterBot Delta round 1
ChatterBot Echo round 1
ChatterBot Papa round 1
ChatterBot Kilo round 1
ChatterBot Romeo round 1
randomSelections Delta: {Delta, Zulu, Romeo, Echo, Charlie, Foxtrot, Kilo} 
2024-10-14 22:40:10.688526 Delta: We should group up
ChatterBot Zulu reevaluating
ChatterBot Romeo reevaluating
ChatterBot Echo reevaluating
ChatterBot Charlie reevaluating
ChatterBot Foxtrot reevaluating
ChatterBot Kilo reevaluating
2024-10-14 22:40:10.709675 Zulu: Yes
2024-10-14 22:40:10.709925 Romeo: Yes
2024-10-14 22:40:10.710245 Echo: Yes
2024-10-14 22:40:10.710998 Charlie: Yes
2024-10-14 22:40:10.711285 Foxtrot: Yes
2024-10-14 22:40:10.711515 Kilo: Yes
ChatterBot Romeo reevaluating
ChatterBot Echo reevaluating
ChatterBot Charlie reevaluating
ChatterBot Foxtrot reevaluating
ChatterBot Kilo reevaluating
ChatterBot Zulu reevaluating
ChatterBot Echo reevaluating
ChatterBot Charlie reevaluating
ChatterBot Foxtrot reevaluating
ChatterBot Kilo reevaluating
ChatterBot Zulu reevaluating
ChatterBot Romeo reevaluating
ChatterBot Charlie reevaluating
ChatterBot Foxtrot reevaluating
ChatterBot Kilo reevaluating
ChatterBot Zulu reevaluating
ChatterBot Romeo reevaluating
ChatterBot Echo reevaluating
ChatterBot Foxtrot reevaluating
ChatterBot Kilo reevaluating
ChatterBot Zulu reevaluating
ChatterBot Romeo reevaluating
ChatterBot Echo reevaluating
ChatterBot Charlie reevaluating
ChatterBot Kilo reevaluating
ChatterBot Zulu reevaluating
ChatterBot Romeo reevaluating
ChatterBot Echo reevaluating
ChatterBot Charlie reevaluating
ChatterBot Foxtrot reevaluating
randomSelections Quebec: {Quebec, Foxtrot, Charlie, Golf, Kilo, Echo, Zulu} 
2024-10-14 22:40:10.819301 Quebec: We should group up
ChatterBot Foxtrot reevaluating
ChatterBot Charlie reevaluating
ChatterBot Golf reevaluating
ChatterBot Kilo reevaluating
ChatterBot Echo reevaluating
ChatterBot Zulu reevaluating
2024-10-14 22:40:10.835745 Foxtrot: No
2024-10-14 22:40:10.836624 Charlie: No
2024-10-14 22:40:10.838055 Golf: Yes
2024-10-14 22:40:10.838497 Kilo: No
2024-10-14 22:40:10.840122 Echo: No
2024-10-14 22:40:10.840521 Zulu: No
ChatterBot Charlie reevaluating
ChatterBot Golf reevaluating
ChatterBot Kilo reevaluating
ChatterBot Echo reevaluating
ChatterBot Zulu reevaluating
ChatterBot Foxtrot reevaluating
ChatterBot Golf reevaluating
ChatterBot Kilo reevaluating
ChatterBot Echo reevaluating
ChatterBot Zulu reevaluating
ChatterBot Foxtrot reevaluating
ChatterBot Charlie reevaluating
ChatterBot Kilo reevaluating
ChatterBot Echo reevaluating
ChatterBot Zulu reevaluating
ChatterBot Foxtrot reevaluating
ChatterBot Charlie reevaluating
ChatterBot Golf reevaluating
ChatterBot Echo reevaluating
ChatterBot Zulu reevaluating
ChatterBot Foxtrot reevaluating
ChatterBot Charlie reevaluating
ChatterBot Golf reevaluating
ChatterBot Kilo reevaluating
ChatterBot Zulu reevaluating
ChatterBot Foxtrot reevaluating
ChatterBot Charlie reevaluating
ChatterBot Golf reevaluating
ChatterBot Kilo reevaluating
ChatterBot Echo reevaluating
randomSelections Papa: {Papa, Zulu, Kilo, Delta, Echo, Golf} 
2024-10-14 22:40:10.921646 Papa: Can we be friends?
ChatterBot Zulu reevaluating
ChatterBot Kilo reevaluating
ChatterBot Echo reevaluating
ChatterBot Golf reevaluating
2024-10-14 22:40:10.930767 Zulu: No
2024-10-14 22:40:10.930931 Kilo: No
2024-10-14 22:40:10.931122 Delta: No
2024-10-14 22:40:10.931340 Echo: No
2024-10-14 22:40:10.932151 Golf: No
ChatterBot Kilo reevaluating
ChatterBot Echo reevaluating
ChatterBot Golf reevaluating
ChatterBot Zulu reevaluating
ChatterBot Echo reevaluating
ChatterBot Golf reevaluating
ChatterBot Zulu reevaluating
ChatterBot Kilo reevaluating
ChatterBot Echo reevaluating
ChatterBot Golf reevaluating
ChatterBot Zulu reevaluating
ChatterBot Kilo reevaluating
ChatterBot Golf reevaluating
ChatterBot Zulu reevaluating
ChatterBot Kilo reevaluating
ChatterBot Echo reevaluating
2024-10-14 22:40:11.104052 Romeo: Foxtrot and Echo, sending you 3
2024-10-14 22:40:11.105514 Golf: Foxtrot, Quebec and Echo, sending you 2
2024-10-14 22:40:11.106878 Foxtrot: Charlie and Echo, sending you 2
2024-10-14 22:40:11.107988 Delta: Foxtrot, Charlie and Echo, sending you 1
2024-10-14 22:40:11.108366 Papa: Golf and Echo, sending you 5
2024-10-14 22:40:11.108818 Quebec: Foxtrot, sending you 2
2024-10-14 22:40:11.109822 Charlie: Foxtrot, Zulu, Echo and Kilo, sending you 3
2024-10-14 22:40:11.110421 Romeo: Charlie and Kilo, sending you 1
2024-10-14 22:40:11.111828 Golf: Charlie and Kilo, sending you 4
2024-10-14 22:40:11.113014 Foxtrot: Zulu and Romeo, sending you 3
2024-10-14 22:40:11.113599 Delta: Zulu, sending you 2
2024-10-14 22:40:11.114799 Papa: Zulu, sending you 3
2024-10-14 22:40:11.115252 Quebec: Charlie, Echo and Kilo, sending you 3
2024-10-14 22:40:11.116369 Charlie: Delta, sending you 4
2024-10-14 22:40:11.117938 Kilo: Foxtrot, sending you 5
2024-10-14 22:40:11.120085 Zulu: Foxtrot, Charlie, Delta and Romeo, sending you 2
2024-10-14 22:40:11.121846 Romeo: Zulu, sending you 5
2024-10-14 22:40:11.123363 Golf: Zulu, sending you 1
2024-10-14 22:40:11.124644 Foxtrot: Delta, sending you 1
2024-10-14 22:40:11.126048 Delta: Kilo, sending you 3
2024-10-14 22:40:11.127750 Quebec: Golf and Zulu, sending you 1
2024-10-14 22:40:11.129221 Papa: Delta, sending you 2
2024-10-14 22:40:11.129755 Charlie: Romeo, sending you 2
2024-10-14 22:40:11.131095 Kilo: Zulu, sending you 3
2024-10-14 22:40:11.131794 Echo: Foxtrot, sending you 5
2024-10-14 22:40:11.133277 Zulu: Echo, sending you 3
2024-10-14 22:40:11.134953 Romeo: Delta, sending you 2
2024-10-14 22:40:11.136055 Foxtrot: Kilo, sending you 4
2024-10-14 22:40:11.137353 Kilo: Delta, sending you 1
2024-10-14 22:40:11.139111 Echo: Zulu and Kilo, sending you 1
2024-10-14 22:40:11.140561 Zulu: Kilo, sending you 1
2024-10-14 22:40:11.141702 Kilo: Echo, sending you 2
2024-10-14 22:40:11.144219 Echo: Delta, sending you 2
2024-10-14 22:40:11.146656 Kilo: Romeo, sending you 7
2024-10-14 22:40:11.148712 Echo: Romeo, sending you 3
chatterbot Quebec submitting transactions
chatterbot Golf submitting transactions
chatterbot Kilo submitting transactions
chatterbot Zulu submitting transactions
chatterbot Foxtrot submitting transactions
chatterbot Papa submitting transactions
chatterbot Delta submitting transactions
chatterbot Romeo submitting transactions
chatterbot Charlie submitting transactions
chatterbot Echo submitting transactions
ChatterBot Foxtrot round 2
ChatterBot Quebec round 2
ChatterBot Charlie round 2
ChatterBot Golf round 2
2024-10-14 22:40:12.284130 Quebec: We should group up
ChatterBot Golf reevaluating
ChatterBot Papa reevaluating
ChatterBot Charlie reevaluating
2024-10-14 22:40:12.303594 Golf: No
2024-10-14 22:40:12.303796 Papa: No
2024-10-14 22:40:12.303903 Charlie: Yes
ChatterBot Papa reevaluating
ChatterBot Charlie reevaluating
ChatterBot Golf reevaluating
ChatterBot Charlie reevaluating
ChatterBot Golf reevaluating
ChatterBot Papa reevaluating
ChatterBot Zulu round 2
ChatterBot Delta round 2
ChatterBot Echo round 2
ChatterBot Papa round 2
ChatterBot Kilo round 2
ChatterBot Romeo round 2
2024-10-14 22:40:12.361259 Echo: Friends?
ChatterBot Charlie reevaluating
ChatterBot Zulu reevaluating
ChatterBot Delta reevaluating
ChatterBot Kilo reevaluating
ChatterBot Romeo reevaluating
ChatterBot Golf reevaluating
ChatterBot Papa reevaluating
2024-10-14 22:40:12.390333 Charlie: Yes
2024-10-14 22:40:12.390536 Foxtrot: No
2024-10-14 22:40:12.391222 Zulu: No
2024-10-14 22:40:12.391338 Delta: No
2024-10-14 22:40:12.391437 Kilo: No
2024-10-14 22:40:12.391562 Romeo: No
2024-10-14 22:40:12.391705 Quebec: No
2024-10-14 22:40:12.391807 Golf: No
2024-10-14 22:40:12.391904 Papa: No
ChatterBot Zulu reevaluating
ChatterBot Delta reevaluating
ChatterBot Kilo reevaluating
ChatterBot Romeo reevaluating
ChatterBot Quebec reevaluating
ChatterBot Golf reevaluating
ChatterBot Papa reevaluating
ChatterBot Charlie reevaluating
ChatterBot Zulu reevaluating
ChatterBot Delta reevaluating
ChatterBot Kilo reevaluating
ChatterBot Romeo reevaluating
ChatterBot Quebec reevaluating
ChatterBot Golf reevaluating
ChatterBot Papa reevaluating
ChatterBot Charlie reevaluating
ChatterBot Delta reevaluating
ChatterBot Kilo reevaluating
ChatterBot Romeo reevaluating
ChatterBot Quebec reevaluating
ChatterBot Golf reevaluating
ChatterBot Papa reevaluating
ChatterBot Charlie reevaluating
ChatterBot Zulu reevaluating
ChatterBot Kilo reevaluating
ChatterBot Romeo reevaluating
ChatterBot Quebec reevaluating
ChatterBot Golf reevaluating
ChatterBot Papa reevaluating
ChatterBot Charlie reevaluating
ChatterBot Zulu reevaluating
ChatterBot Delta reevaluating
ChatterBot Romeo reevaluating
ChatterBot Quebec reevaluating
ChatterBot Golf reevaluating
ChatterBot Papa reevaluating
ChatterBot Charlie reevaluating
ChatterBot Zulu reevaluating
ChatterBot Delta reevaluating
ChatterBot Kilo reevaluating
ChatterBot Quebec reevaluating
ChatterBot Golf reevaluating
ChatterBot Papa reevaluating
ChatterBot Charlie reevaluating
ChatterBot Zulu reevaluating
ChatterBot Delta reevaluating
ChatterBot Echo reevaluating
ChatterBot Kilo reevaluating
ChatterBot Romeo reevaluating
ChatterBot Golf reevaluating
ChatterBot Papa reevaluating
ChatterBot Charlie reevaluating
ChatterBot Zulu reevaluating
ChatterBot Delta reevaluating
ChatterBot Echo reevaluating
ChatterBot Kilo reevaluating
ChatterBot Romeo reevaluating
ChatterBot Quebec reevaluating
ChatterBot Papa reevaluating
ChatterBot Charlie reevaluating
ChatterBot Zulu reevaluating
ChatterBot Delta reevaluating
ChatterBot Echo reevaluating
ChatterBot Kilo reevaluating
ChatterBot Romeo reevaluating
ChatterBot Quebec reevaluating
ChatterBot Golf reevaluating
2024-10-14 22:40:12.955884 Foxtrot: Charlie, Zulu, Delta and Romeo, sending you 2
2024-10-14 22:40:12.957289 Delta: We should drop Echo
2024-10-14 22:40:12.972256 Foxtrot: No
2024-10-14 22:40:12.972458 Charlie: No
2024-10-14 22:40:12.972664 Zulu: No
2024-10-14 22:40:12.973329 Kilo: No
2024-10-14 22:40:12.973495 Romeo: No
ChatterBot Delta reevaluating
ChatterBot Delta reevaluating
ChatterBot Delta reevaluating
ChatterBot Delta reevaluating
2024-10-14 22:40:13.051899 Foxtrot: Echo, sending you 4
2024-10-14 22:40:13.117699 Papa: Foxtrot, sending you 3
2024-10-14 22:40:13.118759 Echo: Foxtrot, Quebec, Charlie, Golf, Zulu, Papa, Kilo and Romeo, sending you 2
2024-10-14 22:40:13.119422 Romeo: Foxtrot and Echo, sending you 3
2024-10-14 22:40:13.120556 Charlie: Foxtrot, Quebec and Zulu, sending you 3
2024-10-14 22:40:13.121585 Kilo: Foxtrot, sending you 5
2024-10-14 22:40:13.122295 Quebec: Foxtrot, Charlie, Zulu, Delta, Echo, Papa and Kilo, sending you 2
2024-10-14 22:40:13.123441 Golf: Quebec, sending you 4
2024-10-14 22:40:13.123770 Foxtrot: Kilo, sending you 3
2024-10-14 22:40:13.124861 Papa: Charlie, Zulu, Delta, Echo, Kilo and Romeo, sending you 2
2024-10-14 22:40:13.125304 Echo: Delta, sending you 1
2024-10-14 22:40:13.126240 Romeo: Charlie and Zulu, sending you 2
2024-10-14 22:40:13.127167 Charlie: Golf, sending you 4
2024-10-14 22:40:13.127666 Quebec: Golf, sending you 4
2024-10-14 22:40:13.128662 Kilo: Charlie and Delta, sending you 4
2024-10-14 22:40:13.129165 Golf: Echo, sending you 2
2024-10-14 22:40:13.129969 Zulu: Foxtrot, Charlie, Delta and Kilo, sending you 2
2024-10-14 22:40:13.130529 Charlie: Delta and Romeo, sending you 2
2024-10-14 22:40:13.202045 Romeo: Delta, sending you 1
2024-10-14 22:40:13.203205 Quebec: Romeo, sending you 1
2024-10-14 22:40:13.203796 Kilo: Zulu and Echo, sending you 2
chatterbot Charlie submitting transactions
2024-10-14 22:40:13.204807 Golf: Papa, sending you 9
2024-10-14 22:40:13.205104 Zulu: Echo, sending you 1
2024-10-14 22:40:13.206340 Charlie: Echo, sending you 1
2024-10-14 22:40:13.206979 Delta: Foxtrot and Kilo, sending you 2
2024-10-14 22:40:13.207946 Romeo: Kilo, sending you 4
2024-10-14 22:40:13.208944 Kilo: Romeo, sending you 1
2024-10-14 22:40:13.238698 Zulu: Romeo, sending you 3
2024-10-14 22:40:13.239972 Delta: Charlie, sending you 4
2024-10-14 22:40:13.301753 Delta: Zulu, Echo and Romeo, sending you 3
chatterbot Golf submitting transactions
chatterbot Papa submitting transactions
chatterbot Delta submitting transactions
chatterbot Quebec submitting transactions
chatterbot Kilo submitting transactions
chatterbot Foxtrot submitting transactions
chatterbot Echo submitting transactions
chatterbot Romeo submitting transactions
chatterbot Zulu submitting transactions
ChatterBot Foxtrot round 3
ChatterBot Quebec round 3
ChatterBot Charlie round 3
ChatterBot Golf round 3
ChatterBot Zulu round 3
ChatterBot Delta round 3
ChatterBot Echo round 3
ChatterBot Papa round 3
ChatterBot Kilo round 3
ChatterBot Romeo round 3
2024-10-14 22:40:14.208791 Kilo: Can we be friends?
ChatterBot Delta reevaluating
ChatterBot Echo reevaluating
ChatterBot Papa reevaluating
2024-10-14 22:40:14.240917 Charlie: No
2024-10-14 22:40:14.241182 Foxtrot: No
2024-10-14 22:40:14.241364 Zulu: No
2024-10-14 22:40:14.241583 Delta: No
2024-10-14 22:40:14.242195 Echo: No
2024-10-14 22:40:14.242355 Romeo: No
2024-10-14 22:40:14.242528 Quebec: Yes
2024-10-14 22:40:14.242695 Golf: No
2024-10-14 22:40:14.242860 Papa: Yes
ChatterBot Delta reevaluating
ChatterBot Echo reevaluating
ChatterBot Kilo reevaluating
ChatterBot Golf reevaluating
ChatterBot Papa reevaluating
ChatterBot Delta reevaluating
ChatterBot Echo reevaluating
ChatterBot Kilo reevaluating
ChatterBot Golf reevaluating
ChatterBot Papa reevaluating
ChatterBot Delta reevaluating
ChatterBot Echo reevaluating
ChatterBot Kilo reevaluating
ChatterBot Golf reevaluating
ChatterBot Papa reevaluating
ChatterBot Echo reevaluating
ChatterBot Kilo reevaluating
ChatterBot Golf reevaluating
ChatterBot Papa reevaluating
ChatterBot Delta reevaluating
ChatterBot Kilo reevaluating
ChatterBot Golf reevaluating
ChatterBot Papa reevaluating
ChatterBot Delta reevaluating
ChatterBot Echo reevaluating
ChatterBot Kilo reevaluating
ChatterBot Golf reevaluating
ChatterBot Papa reevaluating
ChatterBot Delta reevaluating
ChatterBot Echo reevaluating
ChatterBot Kilo reevaluating
ChatterBot Golf reevaluating
ChatterBot Papa reevaluating
ChatterBot Delta reevaluating
ChatterBot Echo reevaluating
ChatterBot Kilo reevaluating
ChatterBot Papa reevaluating
ChatterBot Charlie reevaluating
ChatterBot Foxtrot reevaluating
ChatterBot Delta reevaluating
ChatterBot Echo reevaluating
ChatterBot Kilo reevaluating
ChatterBot Golf reevaluating
2024-10-14 22:40:14.695042 Foxtrot: Friends?
2024-10-14 22:40:14.695598 Papa: We should add Quebec and Golf
ChatterBot Charlie reevaluating
ChatterBot Delta reevaluating
ChatterBot Echo reevaluating
ChatterBot Kilo reevaluating
ChatterBot Golf reevaluating
ChatterBot Papa reevaluating
2024-10-14 22:40:14.746559 Charlie: Yes
2024-10-14 22:40:14.746904 Zulu: No
2024-10-14 22:40:14.747152 Delta: No
2024-10-14 22:40:14.747349 Echo: Yes
2024-10-14 22:40:14.748200 Kilo: Yes
2024-10-14 22:40:14.748582 Romeo: No
2024-10-14 22:40:14.748814 Quebec: Yes
2024-10-14 22:40:14.749579 Golf: No
2024-10-14 22:40:14.749866 Papa: Yes
ChatterBot Foxtrot reevaluating
ChatterBot Charlie reevaluating
ChatterBot Delta reevaluating
ChatterBot Echo reevaluating
ChatterBot Kilo reevaluating
2024-10-14 22:40:14.790045 Foxtrot: Yes
2024-10-14 22:40:14.790309 Charlie: Yes
2024-10-14 22:40:14.790513 Zulu: No
2024-10-14 22:40:14.790763 Delta: No
2024-10-14 22:40:14.791001 Echo: No
2024-10-14 22:40:14.791770 Kilo: Yes
2024-10-14 22:40:14.792059 Romeo: No
ChatterBot Foxtrot reevaluating
ChatterBot Delta reevaluating
ChatterBot Echo reevaluating
ChatterBot Kilo reevaluating
ChatterBot Golf reevaluating
ChatterBot Papa reevaluating
ChatterBot Charlie reevaluating
ChatterBot Foxtrot reevaluating
ChatterBot Delta reevaluating
ChatterBot Echo reevaluating
ChatterBot Kilo reevaluating
ChatterBot Golf reevaluating
ChatterBot Papa reevaluating
ChatterBot Charlie reevaluating
ChatterBot Foxtrot reevaluating
ChatterBot Echo reevaluating
ChatterBot Kilo reevaluating
ChatterBot Golf reevaluating
ChatterBot Papa reevaluating
ChatterBot Charlie reevaluating
ChatterBot Foxtrot reevaluating
ChatterBot Delta reevaluating
ChatterBot Kilo reevaluating
ChatterBot Golf reevaluating
ChatterBot Papa reevaluating
ChatterBot Charlie reevaluating
ChatterBot Foxtrot reevaluating
ChatterBot Delta reevaluating
ChatterBot Echo reevaluating
ChatterBot Golf reevaluating
ChatterBot Papa reevaluating
ChatterBot Charlie reevaluating
ChatterBot Foxtrot reevaluating
ChatterBot Delta reevaluating
ChatterBot Echo reevaluating
ChatterBot Kilo reevaluating
ChatterBot Golf reevaluating
ChatterBot Papa reevaluating
ChatterBot Charlie reevaluating
ChatterBot Foxtrot reevaluating
ChatterBot Delta reevaluating
ChatterBot Echo reevaluating
ChatterBot Kilo reevaluating
ChatterBot Golf reevaluating
ChatterBot Papa reevaluating
ChatterBot Charlie reevaluating
ChatterBot Foxtrot reevaluating
ChatterBot Delta reevaluating
ChatterBot Echo reevaluating
ChatterBot Kilo reevaluating
ChatterBot Papa reevaluating
ChatterBot Charlie reevaluating
ChatterBot Foxtrot reevaluating
ChatterBot Delta reevaluating
ChatterBot Echo reevaluating
ChatterBot Kilo reevaluating
ChatterBot Golf reevaluating
ChatterBot Charlie reevaluating
ChatterBot Delta reevaluating
ChatterBot Echo reevaluating
ChatterBot Kilo reevaluating
ChatterBot Papa reevaluating
ChatterBot Foxtrot reevaluating
ChatterBot Delta reevaluating
ChatterBot Echo reevaluating
ChatterBot Kilo reevaluating
ChatterBot Papa reevaluating
ChatterBot Charlie reevaluating
ChatterBot Foxtrot reevaluating
ChatterBot Delta reevaluating
ChatterBot Echo reevaluating
ChatterBot Kilo reevaluating
ChatterBot Papa reevaluating
ChatterBot Charlie reevaluating
ChatterBot Foxtrot reevaluating
ChatterBot Echo reevaluating
ChatterBot Kilo reevaluating
ChatterBot Papa reevaluating
ChatterBot Charlie reevaluating
ChatterBot Foxtrot reevaluating
ChatterBot Delta reevaluating
ChatterBot Kilo reevaluating
ChatterBot Papa reevaluating
ChatterBot Charlie reevaluating
ChatterBot Foxtrot reevaluating
ChatterBot Delta reevaluating
ChatterBot Echo reevaluating
ChatterBot Papa reevaluating
ChatterBot Charlie reevaluating
ChatterBot Foxtrot reevaluating
ChatterBot Delta reevaluating
ChatterBot Echo reevaluating
ChatterBot Kilo reevaluating
ChatterBot Papa reevaluating
2024-10-14 22:40:15.473252 Papa: Quebec and Golf we want you to join our group
ChatterBot Golf reevaluating
2024-10-14 22:40:15.524668 Quebec: Yes
2024-10-14 22:40:15.524873 Golf: No
ChatterBot Delta reevaluating
ChatterBot Echo reevaluating
ChatterBot Kilo reevaluating
ChatterBot Golf reevaluating
ChatterBot Delta reevaluating
ChatterBot Echo reevaluating
ChatterBot Kilo reevaluating
2024-10-14 22:40:15.660633 Foxtrot: Charlie, Zulu, Delta and Romeo, sending you 2
2024-10-14 22:40:15.662979 Romeo: Foxtrot, Zulu, Echo and Kilo, sending you 3
2024-10-14 22:40:15.664851 Quebec: Foxtrot, Zulu, Delta, Echo, Papa and Romeo, sending you 2
2024-10-14 22:40:15.666713 Zulu: Sending you each 2
2024-10-14 22:40:15.668183 Foxtrot: Echo, sending you 3
2024-10-14 22:40:15.669072 Charlie: Foxtrot, Quebec, Golf, Zulu, Echo, Kilo and Romeo, sending you 2
2024-10-14 22:40:15.671261 Delta: We should drop Echo
ChatterBot Kilo reevaluating
2024-10-14 22:40:15.697547 Foxtrot: No
2024-10-14 22:40:15.697777 Charlie: No
2024-10-14 22:40:15.698443 Zulu: No
2024-10-14 22:40:15.698792 Kilo: No
2024-10-14 22:40:15.699142 Romeo: No
ChatterBot Delta reevaluating
ChatterBot Kilo reevaluating
ChatterBot Delta reevaluating
ChatterBot Kilo reevaluating
ChatterBot Delta reevaluating
ChatterBot Kilo reevaluating
ChatterBot Delta reevaluating
ChatterBot Delta reevaluating
ChatterBot Kilo reevaluating
2024-10-14 22:40:15.832473 Romeo: Charlie, sending you 2
2024-10-14 22:40:15.834524 Quebec: Charlie and Golf, sending you 3
2024-10-14 22:40:15.837318 Foxtrot: Kilo, sending you 4
2024-10-14 22:40:15.838100 Charlie: Delta, sending you 3
2024-10-14 22:40:15.840691 Romeo: Delta, sending you 1
2024-10-14 22:40:15.842177 Papa: Foxtrot, Charlie, Delta, Kilo and Romeo, sending you 1
2024-10-14 22:40:15.843370 Echo: Foxtrot and Romeo, sending you 3
2024-10-14 22:40:15.845192 Quebec: Kilo, sending you 1
2024-10-14 22:40:15.846777 Golf: Quebec, Charlie and Papa, sending you 5
2024-10-14 22:40:15.847857 Charlie: Papa, sending you 1
2024-10-14 22:40:15.849142 Papa: Quebec and Echo, sending you 2
2024-10-14 22:40:15.850778 Echo: Quebec, Charlie, Golf, Zulu, Delta, Papa and Kilo, sending you 2
2024-10-14 22:40:15.853696 Papa: Golf, sending you 6
2024-10-14 22:40:15.863665 Delta: Foxtrot and Romeo, sending you 3
2024-10-14 22:40:15.864729 Kilo: Foxtrot, sending you 5
2024-10-14 22:40:15.868053 Delta: Charlie, Zulu and Kilo, sending you 4
2024-10-14 22:40:15.868544 Kilo: Charlie and Zulu, sending you 2
2024-10-14 22:40:15.871658 Kilo: Delta, Echo and Romeo, sending you 3
chatterbot Echo submitting transactions
chatterbot Charlie submitting transactions
chatterbot Zulu submitting transactions
chatterbot Papa submitting transactions
chatterbot Quebec submitting transactions
chatterbot Kilo submitting transactions
chatterbot Delta submitting transactions
chatterbot Golf submitting transactions
chatterbot Romeo submitting transactions
chatterbot Foxtrot submitting transactions
ChatterBot Foxtrot round 4
ChatterBot Quebec round 4
ChatterBot Charlie round 4
ChatterBot Golf round 4
ChatterBot Zulu round 4
ChatterBot Delta round 4
ChatterBot Echo round 4
ChatterBot Papa round 4
ChatterBot Kilo round 4
ChatterBot Romeo round 4
2024-10-14 22:40:16.702680 Delta: Foxtrot and Romeo, sending you 3
2024-10-14 22:40:16.704661 Echo: Foxtrot and Romeo, sending you 3
2024-10-14 22:40:16.705567 Quebec: Foxtrot, Charlie, Zulu, Delta, Echo, Papa, Kilo and Romeo, sending you 2
2024-10-14 22:40:16.709052 Golf: Quebec, sending you 5
2024-10-14 22:40:16.709694 Delta: Charlie, Zulu and Kilo, sending you 4
2024-10-14 22:40:16.711535 Echo: Quebec, Charlie, Golf, Zulu, Delta, Papa and Kilo, sending you 2
2024-10-14 22:40:16.714115 Quebec: Golf, sending you 3
2024-10-14 22:40:16.715145 Foxtrot: Charlie, Zulu, Delta and Romeo, sending you 2
2024-10-14 22:40:16.716583 Papa: Quebec, Charlie and Kilo, sending you 2
2024-10-14 22:40:16.718290 Charlie: Foxtrot, Quebec, Golf, Zulu, Echo, Kilo and Romeo, sending you 2
2024-10-14 22:40:16.720080 Golf: Charlie, sending you 4
2024-10-14 22:40:16.720601 Zulu: Same as last round
2024-10-14 22:40:16.722500 Foxtrot: Echo, sending you 3
2024-10-14 22:40:16.723366 Papa: Golf, sending you 5
2024-10-14 22:40:16.725109 Golf: Papa, sending you 6
2024-10-14 22:40:16.725601 Kilo: Foxtrot, sending you 5
2024-10-14 22:40:16.727320 Charlie: Delta, sending you 3
2024-10-14 22:40:16.728214 Romeo: Foxtrot, Charlie, Zulu and Delta, sending you 2
2024-10-14 22:40:16.729845 Foxtrot: Kilo, sending you 4
2024-10-14 22:40:16.730786 Papa: Echo, sending you 3
2024-10-14 22:40:16.732754 Kilo: Charlie, Zulu and Echo, sending you 2
2024-10-14 22:40:16.734242 Charlie: Papa, sending you 1
2024-10-14 22:40:16.735824 Romeo: Echo, sending you 3
2024-10-14 22:40:16.736706 Kilo: Delta, sending you 4
2024-10-14 22:40:16.738484 Papa: Romeo, sending you 1
2024-10-14 22:40:16.740675 Romeo: Kilo, sending you 4
2024-10-14 22:40:16.742154 Kilo: Romeo, sending you 3
chatterbot Delta submitting transactions
chatterbot Foxtrot submitting transactions
chatterbot Echo submitting transactions
chatterbot Charlie submitting transactions
chatterbot Kilo submitting transactions
chatterbot Quebec submitting transactions
chatterbot Romeo submitting transactions
chatterbot Papa submitting transactions
chatterbot Golf submitting transactions
chatterbot Zulu submitting transactions
ChatterBot Foxtrot round 5
ChatterBot Quebec round 5
ChatterBot Charlie round 5
ChatterBot Golf round 5
ChatterBot Zulu round 5
ChatterBot Delta round 5
ChatterBot Echo round 5
2024-10-14 22:40:17.854942 Delta: We should replace Zulu with Echo
2024-10-14 22:40:17.863892 Foxtrot: No
2024-10-14 22:40:17.864025 Charlie: No
2024-10-14 22:40:17.864129 Kilo: No
2024-10-14 22:40:17.864226 Romeo: No
ChatterBot Delta reevaluating
ChatterBot Delta reevaluating
ChatterBot Delta reevaluating
ChatterBot Delta reevaluating
ChatterBot Papa round 5
ChatterBot Kilo round 5
ChatterBot Romeo round 5
2024-10-14 22:40:17.915002 Delta: Echo we want you to join our group
2024-10-14 22:40:17.917425 Echo: Yes
ChatterBot Delta reevaluating
2024-10-14 22:40:17.926680 Delta: We should replace Romeo with Echo
2024-10-14 22:40:17.934116 Foxtrot: No
2024-10-14 22:40:17.934262 Charlie: No
2024-10-14 22:40:17.934363 Zulu: No
2024-10-14 22:40:17.934455 Kilo: No
ChatterBot Delta reevaluating
ChatterBot Delta reevaluating
ChatterBot Delta reevaluating
ChatterBot Delta reevaluating
2024-10-14 22:40:17.968664 Charlie: Foxtrot, Quebec, Golf, Zulu, Echo, Kilo and Romeo, sending you 2
2024-10-14 22:40:17.970111 Quebec: Foxtrot, Charlie, Zulu, Delta, Echo, Papa, Kilo and Romeo, sending you 2
2024-10-14 22:40:17.970811 Golf: Quebec, sending you 5
2024-10-14 22:40:17.971088 Zulu: Same as last round
2024-10-14 22:40:17.971636 Foxtrot: Charlie, Zulu, Delta and Romeo, sending you 2
2024-10-14 22:40:17.974014 Quebec: Golf, sending you 3
2024-10-14 22:40:17.975668 Charlie: Delta, sending you 3
2024-10-14 22:40:17.976867 Golf: Charlie, sending you 4
2024-10-14 22:40:17.977269 Foxtrot: Echo, sending you 3
2024-10-14 22:40:17.978090 Kilo: Foxtrot, sending you 5
2024-10-14 22:40:17.978878 Echo: Foxtrot and Romeo, sending you 3
2024-10-14 22:40:17.980528 Golf: Papa, sending you 6
2024-10-14 22:40:17.980937 Foxtrot: Kilo, sending you 4
2024-10-14 22:40:17.981772 Charlie: Papa, sending you 1
2024-10-14 22:40:17.982777 Papa: Quebec and Charlie, sending you 3
2024-10-14 22:40:17.983816 Kilo: Charlie, Zulu and Echo, sending you 2
2024-10-14 22:40:17.984638 Echo: Quebec, Charlie, Golf, Zulu, Delta, Papa and Kilo, sending you 2
2024-10-14 22:40:17.986687 Papa: Golf, sending you 5
2024-10-14 22:40:17.987768 Romeo: Foxtrot, Charlie, Zulu and Delta, sending you 2
2024-10-14 22:40:17.988695 Kilo: Delta, sending you 4
2024-10-14 22:40:17.991722 Papa: Echo, sending you 4
2024-10-14 22:40:17.992431 Romeo: Echo, sending you 3
2024-10-14 22:40:17.993659 Kilo: Romeo, sending you 3
2024-10-14 22:40:17.995703 Romeo: Kilo, sending you 4
2024-10-14 22:40:18.001700 Delta: Foxtrot, Zulu and Echo, sending you 3
2024-10-14 22:40:18.005664 Delta: Charlie, sending you 4
2024-10-14 22:40:18.008674 Delta: Kilo, sending you 5
chatterbot Papa submitting transactions
chatterbot Zulu submitting transactions
chatterbot Echo submitting transactions
chatterbot Romeo submitting transactions
chatterbot Quebec submitting transactions
chatterbot Golf submitting transactions
chatterbot Delta submitting transactions
chatterbot Charlie submitting transactions
chatterbot Kilo submitting transactions
chatterbot Foxtrot submitting transactions
ChatterBot Foxtrot round 6
ChatterBot Quebec round 6
ChatterBot Charlie round 6
ChatterBot Golf round 6
ChatterBot Zulu round 6
ChatterBot Delta round 6
ChatterBot Echo round 6
ChatterBot Papa round 6
ChatterBot Kilo round 6
ChatterBot Romeo round 6
2024-10-14 22:40:19.128051 Delta: We should replace Foxtrot with Romeo
2024-10-14 22:40:19.145091 Charlie: No
2024-10-14 22:40:19.145331 Zulu: No
2024-10-14 22:40:19.145525 Echo: No
2024-10-14 22:40:19.145723 Kilo: No
ChatterBot Delta reevaluating
ChatterBot Echo reevaluating
ChatterBot Delta reevaluating
ChatterBot Echo reevaluating
ChatterBot Delta reevaluating
ChatterBot Delta reevaluating
ChatterBot Echo reevaluating
2024-10-14 22:40:19.207400 Delta: We should replace Zulu with Romeo
ChatterBot Echo reevaluating
2024-10-14 22:40:19.215222 Foxtrot: No
2024-10-14 22:40:19.215395 Charlie: No
2024-10-14 22:40:19.215852 Echo: No
2024-10-14 22:40:19.215969 Kilo: No
ChatterBot Delta reevaluating
ChatterBot Echo reevaluating
ChatterBot Delta reevaluating
ChatterBot Echo reevaluating
ChatterBot Delta reevaluating
ChatterBot Delta reevaluating
ChatterBot Echo reevaluating
2024-10-14 22:40:19.268840 Quebec: Charlie, Echo and Papa, sending you 3
2024-10-14 22:40:19.272676 Quebec: Golf, sending you 4
2024-10-14 22:40:19.274051 Foxtrot: Charlie, Zulu, Delta and Romeo, sending you 2
2024-10-14 22:40:19.275127 Kilo: Foxtrot, sending you 5
2024-10-14 22:40:19.275762 Papa: Quebec and Charlie, sending you 3
2024-10-14 22:40:19.276641 Zulu: Same as last round
2024-10-14 22:40:19.277945 Golf: Quebec, sending you 4
2024-10-14 22:40:19.278278 Charlie: Foxtrot, Quebec, Golf, Zulu, Echo, Kilo and Romeo, sending you 2
2024-10-14 22:40:19.279460 Quebec: Zulu, Delta and Romeo, sending you 2
2024-10-14 22:40:19.281134 Echo: We should drop Quebec and Golf
ChatterBot Delta reevaluating
2024-10-14 22:40:19.299652 Papa: No
2024-10-14 22:40:19.299883 Foxtrot: Yes
2024-10-14 22:40:19.300025 Charlie: No
2024-10-14 22:40:19.300151 Zulu: Yes
2024-10-14 22:40:19.300635 Delta: Yes
2024-10-14 22:40:19.300764 Kilo: Yes
2024-10-14 22:40:19.300889 Romeo: Yes
ChatterBot Delta reevaluating
ChatterBot Echo reevaluating
ChatterBot Delta reevaluating
ChatterBot Echo reevaluating
ChatterBot Papa reevaluating
ChatterBot Delta reevaluating
ChatterBot Echo reevaluating
ChatterBot Papa reevaluating
ChatterBot Charlie reevaluating
ChatterBot Delta reevaluating
ChatterBot Echo reevaluating
ChatterBot Papa reevaluating
ChatterBot Charlie reevaluating
ChatterBot Echo reevaluating
ChatterBot Papa reevaluating
ChatterBot Charlie reevaluating
ChatterBot Delta reevaluating
ChatterBot Echo reevaluating
ChatterBot Papa reevaluating
ChatterBot Charlie reevaluating
ChatterBot Delta reevaluating
ChatterBot Echo reevaluating
2024-10-14 22:40:19.415838 Foxtrot: Echo, sending you 3
2024-10-14 22:40:19.416491 Kilo: Charlie, Zulu and Echo, sending you 2
2024-10-14 22:40:19.417363 Golf: Charlie, sending you 5
2024-10-14 22:40:19.419658 Kilo: Delta, sending you 4
2024-10-14 22:40:19.420849 Foxtrot: Kilo, sending you 4
2024-10-14 22:40:19.421457 Romeo: Foxtrot, Charlie, Zulu and Delta, sending you 2
2024-10-14 22:40:19.422072 Delta: Romeo we want you to join our group
2024-10-14 22:40:19.424704 Romeo: Yes
ChatterBot Delta reevaluating
ChatterBot Charlie reevaluating
ChatterBot Echo reevaluating
2024-10-14 22:40:19.438707 Golf: Papa, sending you 6
2024-10-14 22:40:19.439133 Kilo: Romeo, sending you 3
2024-10-14 22:40:19.439837 Romeo: Echo, sending you 3
2024-10-14 22:40:19.443868 Romeo: Kilo, sending you 4
2024-10-14 22:40:19.463693 Echo: Foxtrot, Charlie, Zulu, Papa, Kilo and Romeo, sending you 3
2024-10-14 22:40:19.466682 Delta: Foxtrot, Echo and Romeo, sending you 3
2024-10-14 22:40:19.467682 Echo: Delta, sending you 2
2024-10-14 22:40:19.471785 Delta: Charlie, sending you 4
2024-10-14 22:40:19.476963 Delta: Kilo, sending you 5
chatterbot Romeo submitting transactions
chatterbot Papa submitting transactions
chatterbot Golf submitting transactions
chatterbot Foxtrot submitting transactions
chatterbot Quebec submitting transactions
chatterbot Kilo submitting transactions
chatterbot Zulu submitting transactions
chatterbot Echo submitting transactions
chatterbot Delta submitting transactions
chatterbot Charlie submitting transactions
ChatterBot Foxtrot round 7
ChatterBot Quebec round 7
ChatterBot Charlie round 7
ChatterBot Golf round 7
ChatterBot Zulu round 7
ChatterBot Delta round 7
ChatterBot Echo round 7
ChatterBot Papa round 7
ChatterBot Kilo round 7
ChatterBot Romeo round 7
2024-10-14 22:40:20.501399 Golf: We should drop Charlie
ChatterBot Papa reevaluating
2024-10-14 22:40:20.506894 Quebec: No
2024-10-14 22:40:20.507028 Papa: No
ChatterBot Papa reevaluating
2024-10-14 22:40:20.527418 Echo: We should drop Papa
ChatterBot Charlie reevaluating
2024-10-14 22:40:20.546673 Delta: Yes
2024-10-14 22:40:20.546867 Zulu: Yes
2024-10-14 22:40:20.547028 Romeo: Yes
2024-10-14 22:40:20.547188 Charlie: Yes
2024-10-14 22:40:20.547343 Foxtrot: Yes
2024-10-14 22:40:20.547498 Kilo: Yes
ChatterBot Charlie reevaluating
ChatterBot Charlie reevaluating
ChatterBot Echo reevaluating
ChatterBot Charlie reevaluating
ChatterBot Echo reevaluating
ChatterBot Delta reevaluating
ChatterBot Echo reevaluating
ChatterBot Charlie reevaluating
ChatterBot Delta reevaluating
ChatterBot Echo reevaluating
ChatterBot Charlie reevaluating
2024-10-14 22:40:20.648858 Zulu: Same as last round
2024-10-14 22:40:20.654688 Romeo: Foxtrot, Charlie, Zulu and Delta, sending you 2
2024-10-14 22:40:20.656849 Foxtrot: Charlie, Zulu, Delta and Romeo, sending you 2
2024-10-14 22:40:20.660086 Quebec: Charlie, Golf and Papa, sending you 5
2024-10-14 22:40:20.661654 Romeo: Echo, sending you 3
2024-10-14 22:40:20.663129 Foxtrot: Echo, sending you 3
2024-10-14 22:40:20.663865 Golf: Quebec, sending you 6
2024-10-14 22:40:20.664165 Quebec: Echo, sending you 4
2024-10-14 22:40:20.664979 Romeo: Kilo, sending you 4
2024-10-14 22:40:20.665704 Delta: Foxtrot, Echo and Romeo, sending you 3
2024-10-14 22:40:20.667019 Golf: Papa, sending you 9
2024-10-14 22:40:20.667668 Kilo: Foxtrot, sending you 5
2024-10-14 22:40:20.668688 Foxtrot: Kilo, sending you 4
2024-10-14 22:40:20.671661 Delta: Charlie, sending you 4
2024-10-14 22:40:20.672074 Kilo: Charlie, Zulu and Echo, sending you 2
2024-10-14 22:40:20.673699 Golf: Charlie did not give me 2 like they said
ChatterBot Quebec reevaluating
ChatterBot Papa reevaluating
2024-10-14 22:40:20.679505 Quebec: Charlie did not give me 2 like they said
ChatterBot Charlie reevaluating
ChatterBot Foxtrot reevaluating
ChatterBot Zulu reevaluating
ChatterBot Delta reevaluating
ChatterBot Echo reevaluating
ChatterBot Kilo reevaluating
ChatterBot Romeo reevaluating
ChatterBot Golf reevaluating
ChatterBot Papa reevaluating
chatterbot Quebec submitting transactions
chatterbot Echo submitting transactions
chatterbot Zulu submitting transactions
chatterbot Papa submitting transactions
chatterbot Golf submitting transactions
chatterbot Romeo submitting transactions
chatterbot Foxtrot submitting transactions
chatterbot Charlie submitting transactions
chatterbot Delta submitting transactions
chatterbot Kilo submitting transactions
ChatterBot Foxtrot round 8
ChatterBot Quebec round 8
ChatterBot Charlie round 8
ChatterBot Golf round 8
ChatterBot Zulu round 8
ChatterBot Delta round 8
ChatterBot Echo round 8
ChatterBot Papa round 8
ChatterBot Kilo round 8
ChatterBot Romeo round 8
2024-10-14 22:40:22.010323 Papa: We should drop Charlie
2024-10-14 22:40:22.018035 Golf: Yes
2024-10-14 22:40:22.018472 Quebec: No
ChatterBot Papa reevaluating
ChatterBot Papa reevaluating
2024-10-14 22:40:22.038233 Romeo: Foxtrot, Charlie, Zulu and Delta, sending you 2
2024-10-14 22:40:22.039641 Quebec: Charlie and Echo, sending you 4
2024-10-14 22:40:22.041643 Foxtrot: Charlie, Zulu, Delta and Romeo, sending you 2
2024-10-14 22:40:22.043399 Romeo: Echo, sending you 3
2024-10-14 22:40:22.045960 Quebec: Golf, sending you 6
2024-10-14 22:40:22.048635 Foxtrot: Echo, sending you 3
2024-10-14 22:40:22.050992 Delta: Foxtrot, Echo and Romeo, sending you 3
2024-10-14 22:40:22.053691 Romeo: Kilo, sending you 4
2024-10-14 22:40:22.056443 Golf: Quebec, sending you 6
2024-10-14 22:40:22.057267 Quebec: Papa, sending you 5
2024-10-14 22:40:22.058917 Foxtrot: Kilo, sending you 4
2024-10-14 22:40:22.060225 Zulu: Same as last round
2024-10-14 22:40:22.061186 Delta: Charlie, sending you 4
2024-10-14 22:40:22.061792 Golf: Papa, sending you 9
2024-10-14 22:40:22.066280 Delta: Kilo, sending you 5
chatterbot Charlie submitting transactions
chatterbot Romeo submitting transactions
chatterbot Echo submitting transactions
chatterbot Papa submitting transactions
chatterbot Golf submitting transactions
chatterbot Kilo submitting transactions
chatterbot Delta submitting transactions
chatterbot Quebec submitting transactions
chatterbot Foxtrot submitting transactions
chatterbot Zulu submitting transactions
ChatterBot Foxtrot round 9
ChatterBot Quebec round 9
ChatterBot Charlie round 9
ChatterBot Golf round 9
ChatterBot Zulu round 9
ChatterBot Delta round 9
ChatterBot Echo round 9
ChatterBot Papa round 9
ChatterBot Kilo round 9
ChatterBot Romeo round 9
2024-10-14 22:40:23.307183 Papa: We should drop Charlie
2024-10-14 22:40:23.318791 Golf: Yes
2024-10-14 22:40:23.319035 Quebec: No
ChatterBot Papa reevaluating
ChatterBot Papa reevaluating
2024-10-14 22:40:23.336669 Zulu: Foxtrot, Echo, Kilo and Romeo, sending you 2
2024-10-14 22:40:23.337689 Delta: Foxtrot, Echo and Romeo, sending you 3
2024-10-14 22:40:23.338685 Golf: Quebec, sending you 7
2024-10-14 22:40:23.339129 Foxtrot: Charlie, Zulu, Delta and Romeo, sending you 2
2024-10-14 22:40:23.341701 Delta: Charlie, sending you 4
2024-10-14 22:40:23.342951 Zulu: Charlie, sending you 3
2024-10-14 22:40:23.344387 Golf: Papa, sending you 8
2024-10-14 22:40:23.344715 Foxtrot: Echo, sending you 3
2024-10-14 22:40:23.345667 Delta: Kilo, sending you 5
2024-10-14 22:40:23.346524 Romeo: Foxtrot, Charlie, Zulu and Delta, sending you 2
2024-10-14 22:40:23.347706 Foxtrot: Kilo, sending you 4
2024-10-14 22:40:23.348670 Zulu: Delta, sending you 1
2024-10-14 22:40:23.349857 Quebec: Charlie and Echo, sending you 4
2024-10-14 22:40:23.351169 Romeo: Echo, sending you 4
2024-10-14 22:40:23.353669 Quebec: Golf, sending you 6
2024-10-14 22:40:23.355679 Romeo: Kilo, sending you 3
2024-10-14 22:40:23.357670 Quebec: Papa, sending you 5
chatterbot Quebec submitting transactions
chatterbot Zulu submitting transactions
chatterbot Golf submitting transactions
chatterbot Foxtrot submitting transactions
chatterbot Kilo submitting transactions
chatterbot Papa submitting transactions
chatterbot Romeo submitting transactions
chatterbot Echo submitting transactions
chatterbot Charlie submitting transactions
chatterbot Delta submitting transactions
ChatterBot Foxtrot round 10
ChatterBot Quebec round 10
ChatterBot Charlie round 10
ChatterBot Golf round 10
ChatterBot Zulu round 10
ChatterBot Delta round 10
ChatterBot Echo round 10
ChatterBot Papa round 10
ChatterBot Kilo round 10
ChatterBot Romeo round 10
2024-10-14 22:40:24.577861 Papa: We should drop Charlie
2024-10-14 22:40:24.583129 Golf: Yes
2024-10-14 22:40:24.583296 Quebec: No
ChatterBot Quebec reevaluating
ChatterBot Papa reevaluating
ChatterBot Papa reevaluating
2024-10-14 22:40:24.598652 Golf: Quebec, sending you 7
2024-10-14 22:40:24.599753 Zulu: Foxtrot, Echo, Kilo and Romeo, sending you 2
2024-10-14 22:40:24.601496 Foxtrot: Charlie, Zulu, Delta and Romeo, sending you 2
2024-10-14 22:40:24.604940 Quebec: We should drop Golf and Papa
ChatterBot Charlie reevaluating
ChatterBot Echo reevaluating
ChatterBot Kilo reevaluating
2024-10-14 22:40:24.623032 Foxtrot: Yes
2024-10-14 22:40:24.623196 Charlie: Yes
2024-10-14 22:40:24.623325 Zulu: Yes
2024-10-14 22:40:24.623448 Delta: Yes
2024-10-14 22:40:24.623556 Echo: Yes
2024-10-14 22:40:24.623679 Kilo: Yes
2024-10-14 22:40:24.623798 Romeo: Yes
ChatterBot Quebec reevaluating
ChatterBot Charlie reevaluating
ChatterBot Echo reevaluating
ChatterBot Kilo reevaluating
ChatterBot Quebec reevaluating
ChatterBot Echo reevaluating
ChatterBot Kilo reevaluating
ChatterBot Quebec reevaluating
ChatterBot Charlie reevaluating
ChatterBot Delta reevaluating
ChatterBot Echo reevaluating
ChatterBot Kilo reevaluating
ChatterBot Quebec reevaluating
ChatterBot Charlie reevaluating
ChatterBot Echo reevaluating
ChatterBot Kilo reevaluating
ChatterBot Quebec reevaluating
ChatterBot Charlie reevaluating
ChatterBot Delta reevaluating
ChatterBot Kilo reevaluating
ChatterBot Quebec reevaluating
ChatterBot Charlie reevaluating
ChatterBot Delta reevaluating
ChatterBot Echo reevaluating
ChatterBot Quebec reevaluating
ChatterBot Charlie reevaluating
ChatterBot Delta reevaluating
ChatterBot Echo reevaluating
ChatterBot Kilo reevaluating
2024-10-14 22:40:24.768153 Golf: Papa, sending you 8
2024-10-14 22:40:24.768525 Zulu: Charlie, sending you 3
2024-10-14 22:40:24.769892 Foxtrot: Echo, sending you 3
