ChatterBot Romeo round 1
ChatterBot Foxtrot round 1
ChatterBot Yankee round 1
ChatterBot Tango round 1
ChatterBot Charlie round 1
ChatterBot Alpha round 1
ChatterBot Papa round 1
randomSelections Romeo: {Romeo, Juliett, Kilo, Papa, Foxtrot, Oscar, Yankee} 
2024-10-14 22:40:10.539953 Romeo: We would work well together
ChatterBot Papa reevaluating
ChatterBot Foxtrot reevaluating
ChatterBot Yankee reevaluating
2024-10-14 22:40:10.571892 Papa: Yes
2024-10-14 22:40:10.572755 Foxtrot: Yes
2024-10-14 22:40:10.572945 Yankee: Yes
ChatterBot Foxtrot reevaluating
ChatterBot Yankee reevaluating
ChatterBot Papa reevaluating
ChatterBot Yankee reevaluating
ChatterBot Papa reevaluating
ChatterBot Foxtrot reevaluating
randomSelections Tango: {Tango, Kilo, Charlie, Oscar, Papa, Romeo} 
2024-10-14 22:40:10.596738 Tango: Can we be friends?
ChatterBot Charlie reevaluating
ChatterBot Papa reevaluating
2024-10-14 22:40:10.602010 Charlie: Yes
2024-10-14 22:40:10.602126 Papa: No
2024-10-14 22:40:10.602801 Romeo: No
ChatterBot Papa reevaluating
ChatterBot Charlie reevaluating
ChatterBot Charlie reevaluating
ChatterBot Papa reevaluating
ChatterBot Juliett round 1
ChatterBot Juliett reevaluating
ChatterBot Juliett reevaluating
ChatterBot Juliett reevaluating
ChatterBot Juliett reevaluating
2024-10-14 22:40:10.621097 Juliett: Yes
ChatterBot Papa reevaluating
ChatterBot Foxtrot reevaluating
ChatterBot Yankee reevaluating
ChatterBot Kilo round 1
ChatterBot Kilo reevaluating
ChatterBot Kilo reevaluating
ChatterBot Kilo reevaluating
ChatterBot Kilo reevaluating
ChatterBot Kilo reevaluating
ChatterBot Kilo reevaluating
ChatterBot Kilo reevaluating
ChatterBot Kilo reevaluating
ChatterBot Kilo reevaluating
2024-10-14 22:40:10.645310 Kilo: Yes
2024-10-14 22:40:10.645639 Kilo: No
ChatterBot Juliett reevaluating
ChatterBot Papa reevaluating
ChatterBot Foxtrot reevaluating
ChatterBot Yankee reevaluating
ChatterBot Charlie reevaluating
ChatterBot Papa reevaluating
ChatterBot Oscar round 1
ChatterBot Oscar reevaluating
ChatterBot Oscar reevaluating
ChatterBot Oscar reevaluating
ChatterBot Oscar reevaluating
ChatterBot Oscar reevaluating
ChatterBot Oscar reevaluating
ChatterBot Oscar reevaluating
ChatterBot Oscar reevaluating
ChatterBot Oscar reevaluating
ChatterBot Oscar reevaluating
ChatterBot Oscar reevaluating
2024-10-14 22:40:10.682229 Oscar: Yes
2024-10-14 22:40:10.683151 Oscar: No
ChatterBot Juliett reevaluating
ChatterBot Kilo reevaluating
ChatterBot Papa reevaluating
ChatterBot Foxtrot reevaluating
ChatterBot Yankee reevaluating
ChatterBot Charlie reevaluating
ChatterBot Kilo reevaluating
ChatterBot Papa reevaluating
randomSelections Alpha: {Alpha, Papa, Yankee, Tango, Charlie, Kilo} 
2024-10-14 22:40:10.722423 Alpha: Can we be friends?
ChatterBot Papa reevaluating
ChatterBot Yankee reevaluating
ChatterBot Charlie reevaluating
ChatterBot Kilo reevaluating
2024-10-14 22:40:10.735891 Papa: No
2024-10-14 22:40:10.736855 Yankee: No
2024-10-14 22:40:10.737129 Tango: No
2024-10-14 22:40:10.737499 Charlie: No
2024-10-14 22:40:10.737783 Kilo: No
ChatterBot Yankee reevaluating
ChatterBot Charlie reevaluating
ChatterBot Kilo reevaluating
ChatterBot Papa reevaluating
ChatterBot Charlie reevaluating
ChatterBot Kilo reevaluating
ChatterBot Papa reevaluating
ChatterBot Yankee reevaluating
ChatterBot Charlie reevaluating
ChatterBot Kilo reevaluating
ChatterBot Papa reevaluating
ChatterBot Yankee reevaluating
ChatterBot Kilo reevaluating
ChatterBot Papa reevaluating
ChatterBot Yankee reevaluating
ChatterBot Charlie reevaluating
2024-10-14 22:40:10.823571 Romeo: Foxtrot, Papa, Juliett, Kilo and Oscar, sending you 3
2024-10-14 22:40:10.828153 Tango: Romeo, sending you 3
2024-10-14 22:40:10.829736 Romeo: Yankee, sending you 1
2024-10-14 22:40:10.830447 Yankee: Romeo, sending you 4
2024-10-14 22:40:10.833696 Tango: Charlie, sending you 1
2024-10-14 22:40:10.836547 Yankee: Foxtrot and Juliett, sending you 3
2024-10-14 22:40:10.838631 Juliett: Romeo and Papa, sending you 5
2024-10-14 22:40:10.840950 Foxtrot: Romeo and Yankee, sending you 3
2024-10-14 22:40:10.844921 Alpha: Yankee, sending you 3
2024-10-14 22:40:10.845490 Charlie: Romeo and Kilo, sending you 4
2024-10-14 22:40:10.846079 Tango: Papa, sending you 2
2024-10-14 22:40:10.847592 Kilo: Foxtrot, sending you 5
2024-10-14 22:40:10.847976 Oscar: Foxtrot and Kilo, sending you 2
2024-10-14 22:40:10.849284 Yankee: Kilo, sending you 2
2024-10-14 22:40:10.849666 Juliett: Foxtrot, sending you 4
2024-10-14 22:40:10.849974 Foxtrot: Papa, sending you 4
2024-10-14 22:40:10.850249 Alpha: Tango, Charlie and Kilo, sending you 2
2024-10-14 22:40:10.851474 Charlie: Tango, sending you 6
2024-10-14 22:40:10.851906 Tango: Kilo and Oscar, sending you 4
2024-10-14 22:40:10.852492 Kilo: Papa, sending you 6
2024-10-14 22:40:10.853938 Oscar: Yankee, sending you 1
2024-10-14 22:40:10.854506 Juliett: Yankee, sending you 1
2024-10-14 22:40:10.855699 Foxtrot: Juliett, sending you 2
2024-10-14 22:40:10.856174 Alpha: Papa, sending you 7
2024-10-14 22:40:10.857626 Charlie: Papa, sending you 3
2024-10-14 22:40:10.858132 Oscar: Papa, sending you 3
2024-10-14 22:40:10.859578 Kilo: Juliett, sending you 3
2024-10-14 22:40:10.861684 Juliett: Kilo, sending you 3
2024-10-14 22:40:10.862040 Foxtrot: Kilo, sending you 5
2024-10-14 22:40:10.862351 Charlie: Oscar, sending you 1
2024-10-14 22:40:10.862714 Kilo: Oscar, sending you 2
2024-10-14 22:40:10.864183 Oscar: Juliett, sending you 5
2024-10-14 22:40:10.864810 Juliett: Oscar, sending you 2
2024-10-14 22:40:10.867121 Foxtrot: Oscar, sending you 1
chatterbot Charlie submitting transactions
chatterbot Oscar submitting transactions
chatterbot Yankee submitting transactions
chatterbot Romeo submitting transactions
chatterbot Tango submitting transactions
chatterbot Papa submitting transactions
chatterbot Kilo submitting transactions
chatterbot Alpha submitting transactions
chatterbot Juliett submitting transactions
chatterbot Foxtrot submitting transactions
ChatterBot Romeo round 2
ChatterBot Foxtrot round 2
ChatterBot Yankee round 2
ChatterBot Tango round 2
ChatterBot Charlie round 2
ChatterBot Alpha round 2
ChatterBot Papa round 2
ChatterBot Juliett round 2
ChatterBot Kilo round 2
ChatterBot Oscar round 2
2024-10-14 22:40:11.702410 Yankee: We should add Alpha
ChatterBot Juliett reevaluating
ChatterBot Kilo reevaluating
ChatterBot Papa reevaluating
ChatterBot Oscar reevaluating
2024-10-14 22:40:11.730171 Romeo: No
2024-10-14 22:40:11.730355 Juliett: No
2024-10-14 22:40:11.730991 Kilo: No
2024-10-14 22:40:11.731115 Papa: No
2024-10-14 22:40:11.731239 Foxtrot: No
2024-10-14 22:40:11.731427 Oscar: No
ChatterBot Juliett reevaluating
ChatterBot Kilo reevaluating
ChatterBot Papa reevaluating
ChatterBot Oscar reevaluating
ChatterBot Yankee reevaluating
ChatterBot Kilo reevaluating
ChatterBot Papa reevaluating
ChatterBot Oscar reevaluating
ChatterBot Yankee reevaluating
ChatterBot Juliett reevaluating
ChatterBot Papa reevaluating
ChatterBot Oscar reevaluating
ChatterBot Yankee reevaluating
ChatterBot Juliett reevaluating
ChatterBot Kilo reevaluating
ChatterBot Oscar reevaluating
ChatterBot Yankee reevaluating
ChatterBot Juliett reevaluating
ChatterBot Kilo reevaluating
ChatterBot Papa reevaluating
ChatterBot Oscar reevaluating
ChatterBot Yankee reevaluating
ChatterBot Juliett reevaluating
ChatterBot Kilo reevaluating
ChatterBot Papa reevaluating
ChatterBot Yankee reevaluating
2024-10-14 22:40:11.891239 Tango: Group up?
ChatterBot Charlie reevaluating
ChatterBot Alpha reevaluating
ChatterBot Papa reevaluating
ChatterBot Kilo reevaluating
2024-10-14 22:40:11.909314 Charlie: No
2024-10-14 22:40:11.909474 Alpha: No
2024-10-14 22:40:11.909600 Papa: No
2024-10-14 22:40:11.910245 Kilo: No
ChatterBot Tango reevaluating
ChatterBot Alpha reevaluating
ChatterBot Papa reevaluating
ChatterBot Kilo reevaluating
ChatterBot Tango reevaluating
ChatterBot Charlie reevaluating
ChatterBot Papa reevaluating
ChatterBot Kilo reevaluating
ChatterBot Tango reevaluating
ChatterBot Charlie reevaluating
ChatterBot Alpha reevaluating
ChatterBot Kilo reevaluating
ChatterBot Tango reevaluating
ChatterBot Charlie reevaluating
ChatterBot Alpha reevaluating
ChatterBot Papa reevaluating
2024-10-14 22:40:12.008675 Foxtrot: We should drop Papa
ChatterBot Yankee reevaluating
ChatterBot Juliett reevaluating
ChatterBot Kilo reevaluating
ChatterBot Oscar reevaluating
2024-10-14 22:40:12.032191 Romeo: Yes
2024-10-14 22:40:12.032361 Yankee: Yes
2024-10-14 22:40:12.032513 Juliett: Yes
2024-10-14 22:40:12.032621 Kilo: Yes
2024-10-14 22:40:12.032730 Oscar: Yes
ChatterBot Yankee reevaluating
ChatterBot Juliett reevaluating
ChatterBot Kilo reevaluating
ChatterBot Oscar reevaluating
ChatterBot Juliett reevaluating
ChatterBot Kilo reevaluating
ChatterBot Oscar reevaluating
ChatterBot Yankee reevaluating
ChatterBot Kilo reevaluating
ChatterBot Oscar reevaluating
ChatterBot Yankee reevaluating
ChatterBot Juliett reevaluating
ChatterBot Oscar reevaluating
ChatterBot Yankee reevaluating
ChatterBot Juliett reevaluating
ChatterBot Kilo reevaluating
2024-10-14 22:40:12.221775 Alpha: We should drop Yankee and Kilo
ChatterBot Tango reevaluating
2024-10-14 22:40:12.235471 Tango: Yes
2024-10-14 22:40:12.235695 Charlie: Yes
2024-10-14 22:40:12.235828 Papa: No
ChatterBot Tango reevaluating
ChatterBot Tango reevaluating
2024-10-14 22:40:12.422205 Foxtrot: Romeo, Yankee and Oscar, sending you 3
2024-10-14 22:40:12.422577 Charlie: Tango, sending you 7
2024-10-14 22:40:12.422823 Papa: Romeo, Foxtrot, Juliett and Oscar, sending you 2
2024-10-14 22:40:12.423563 Romeo: Foxtrot and Yankee, sending you 4
2024-10-14 22:40:12.423815 Oscar: Romeo, sending you 3
2024-10-14 22:40:12.499735 Foxtrot: Juliett, sending you 4
2024-10-14 22:40:12.500696 Charlie: Alpha, sending you 6
2024-10-14 22:40:12.500955 Yankee: Romeo, Juliett and Oscar, sending you 2
chatterbot Papa submitting transactions
2024-10-14 22:40:12.501888 Papa: Kilo, sending you 3
2024-10-14 22:40:12.502365 Romeo: Juliett, sending you 6
2024-10-14 22:40:12.502730 Oscar: Foxtrot and Charlie, sending you 1
2024-10-14 22:40:12.503481 Alpha: Tango, sending you 6
2024-10-14 22:40:12.503739 Kilo: Romeo, Yankee and Juliett, sending you 3
chatterbot Charlie submitting transactions
2024-10-14 22:40:12.504310 Foxtrot: Kilo, sending you 5
2024-10-14 22:40:12.505042 Yankee: Foxtrot, sending you 5
2024-10-14 22:40:12.847792 Romeo: Kilo and Oscar, sending you 1
2024-10-14 22:40:12.848344 Alpha: Charlie and Papa, sending you 5
2024-10-14 22:40:12.849421 Kilo: Foxtrot, sending you 5
2024-10-14 22:40:12.849861 Juliett: Romeo, Yankee and Kilo, sending you 4
2024-10-14 22:40:12.851036 Tango: Charlie and Alpha, sending you 4
2024-10-14 22:40:12.852131 Oscar: Tango, sending you 4
2024-10-14 22:40:12.852811 Yankee: Kilo, sending you 1
chatterbot Foxtrot submitting transactions
chatterbot Kilo submitting transactions
chatterbot Romeo submitting transactions
chatterbot Yankee submitting transactions
2024-10-14 22:40:12.854386 Kilo: Oscar, sending you 2
2024-10-14 22:40:13.012070 Juliett: Foxtrot, sending you 3
2024-10-14 22:40:13.013184 Tango: Papa, sending you 5
2024-10-14 22:40:13.013556 Oscar: Juliett and Kilo, sending you 2
2024-10-14 22:40:13.109014 Juliett: Oscar, sending you 5
chatterbot Alpha submitting transactions
chatterbot Oscar submitting transactions
chatterbot Juliett submitting transactions
chatterbot Tango submitting transactions
ChatterBot Romeo round 3
ChatterBot Foxtrot round 3
ChatterBot Yankee round 3
ChatterBot Tango round 3
ChatterBot Charlie round 3
ChatterBot Alpha round 3
ChatterBot Papa round 3
ChatterBot Juliett round 3
ChatterBot Kilo round 3
ChatterBot Oscar round 3
2024-10-14 22:40:13.560744 Oscar: We should drop Tango and Charlie
ChatterBot Juliett reevaluating
2024-10-14 22:40:13.586313 Foxtrot: Yes
2024-10-14 22:40:13.586511 Romeo: Yes
2024-10-14 22:40:13.586678 Yankee: Yes
2024-10-14 22:40:13.586839 Juliett: Yes
2024-10-14 22:40:13.587011 Kilo: Yes
ChatterBot Juliett reevaluating
ChatterBot Juliett reevaluating
ChatterBot Juliett reevaluating
ChatterBot Oscar reevaluating
ChatterBot Oscar reevaluating
ChatterBot Juliett reevaluating
ChatterBot Oscar reevaluating
2024-10-14 22:40:13.801024 Juliett: We should add Papa
ChatterBot Oscar reevaluating
2024-10-14 22:40:13.816520 Foxtrot: No
2024-10-14 22:40:13.817260 Romeo: No
2024-10-14 22:40:13.817427 Yankee: No
2024-10-14 22:40:13.817605 Kilo: No
2024-10-14 22:40:13.817768 Oscar: No
ChatterBot Juliett reevaluating
ChatterBot Oscar reevaluating
ChatterBot Juliett reevaluating
ChatterBot Oscar reevaluating
ChatterBot Juliett reevaluating
ChatterBot Oscar reevaluating
ChatterBot Juliett reevaluating
ChatterBot Oscar reevaluating
ChatterBot Juliett reevaluating
2024-10-14 22:40:13.947480 Foxtrot: Romeo, Yankee, Juliett and Kilo, sending you 4
2024-10-14 22:40:13.948520 Papa: Romeo, Foxtrot, Juliett and Oscar, sending you 2
2024-10-14 22:40:13.949179 Tango: Charlie, sending you 4
2024-10-14 22:40:13.992600 Foxtrot: Oscar, sending you 2
2024-10-14 22:40:13.994074 Papa: Kilo, sending you 3
2024-10-14 22:40:13.995890 Romeo: Foxtrot, Yankee, Kilo and Oscar, sending you 3
2024-10-14 22:40:13.997492 Yankee: Romeo, Foxtrot and Juliett, sending you 3
2024-10-14 22:40:13.999304 Tango: Alpha, sending you 3
2024-10-14 22:40:14.000031 Kilo: Romeo and Oscar, sending you 3
2024-10-14 22:40:14.001346 Charlie: Tango, sending you 7
2024-10-14 22:40:14.002390 Alpha: Tango, sending you 6
chatterbot Yankee submitting transactions
2024-10-14 22:40:14.004055 Romeo: Juliett, sending you 4
2024-10-14 22:40:14.005276 Yankee: Kilo, sending you 2
2024-10-14 22:40:14.006155 Tango: Papa, sending you 5
2024-10-14 22:40:14.007418 Kilo: Foxtrot, sending you 5
2024-10-14 22:40:14.008963 Alpha: Charlie, sending you 8
2024-10-14 22:40:14.009340 Charlie: Alpha, sending you 6
2024-10-14 22:40:14.010209 Juliett: Romeo, sending you 5
2024-10-14 22:40:14.010923 Yankee: Oscar, sending you 1
2024-10-14 22:40:14.025611 Alpha: Papa, sending you 2
2024-10-14 22:40:14.025944 Kilo: Yankee, sending you 1
2024-10-14 22:40:14.026992 Juliett: Foxtrot, Kilo and Oscar, sending you 4
chatterbot Alpha submitting transactions
2024-10-14 22:40:14.043113 Kilo: Juliett, sending you 4
2024-10-14 22:40:14.044088 Juliett: Yankee, sending you 3
2024-10-14 22:40:14.044485 Oscar: Romeo, sending you 2
2024-10-14 22:40:14.052930 Oscar: Foxtrot and Kilo, sending you 3
2024-10-14 22:40:14.056740 Oscar: Yankee, sending you 1
2024-10-14 22:40:14.068005 Oscar: Juliett, sending you 4
chatterbot Juliett submitting transactions
chatterbot Oscar submitting transactions
chatterbot Tango submitting transactions
chatterbot Romeo submitting transactions
chatterbot Charlie submitting transactions
chatterbot Foxtrot submitting transactions
chatterbot Papa submitting transactions
chatterbot Kilo submitting transactions
ChatterBot Romeo round 4
ChatterBot Foxtrot round 4
ChatterBot Yankee round 4
ChatterBot Tango round 4
ChatterBot Charlie round 4
ChatterBot Alpha round 4
ChatterBot Papa round 4
ChatterBot Juliett round 4
ChatterBot Kilo round 4
ChatterBot Oscar round 4
2024-10-14 22:40:15.002904 Oscar: We should add Papa
ChatterBot Juliett reevaluating
2024-10-14 22:40:15.019516 Foxtrot: No
2024-10-14 22:40:15.020144 Romeo: No
2024-10-14 22:40:15.020319 Yankee: No
2024-10-14 22:40:15.020491 Juliett: Yes
2024-10-14 22:40:15.020703 Kilo: No
ChatterBot Juliett reevaluating
ChatterBot Juliett reevaluating
ChatterBot Oscar reevaluating
ChatterBot Juliett reevaluating
ChatterBot Kilo reevaluating
ChatterBot Oscar reevaluating
ChatterBot Kilo reevaluating
ChatterBot Oscar reevaluating
ChatterBot Juliett reevaluating
ChatterBot Oscar reevaluating
2024-10-14 22:40:15.153996 Kilo: Papa we want you to join our group
2024-10-14 22:40:15.159325 Papa: Yes
ChatterBot Romeo reevaluating
ChatterBot Kilo reevaluating
ChatterBot Oscar reevaluating
ChatterBot Yankee reevaluating
2024-10-14 22:40:15.197580 Yankee: Papa we want you to join our group
2024-10-14 22:40:15.202370 Papa: Yes
ChatterBot Romeo reevaluating
ChatterBot Kilo reevaluating
ChatterBot Oscar reevaluating
ChatterBot Yankee reevaluating
2024-10-14 22:40:15.228717 Tango: Charlie, sending you 4
2024-10-14 22:40:15.229103 Foxtrot: Romeo, Yankee, Juliett and Kilo, sending you 4
2024-10-14 22:40:15.230474 Alpha: Tango, sending you 6
2024-10-14 22:40:15.230832 Charlie: Tango, sending you 7
2024-10-14 22:40:15.231702 Papa: Romeo, Foxtrot, Juliett and Oscar, sending you 2
2024-10-14 22:40:15.232445 Juliett: Papa we want you to join our group
2024-10-14 22:40:15.237136 Papa: Yes
ChatterBot Romeo reevaluating
ChatterBot Kilo reevaluating
ChatterBot Oscar reevaluating
ChatterBot Yankee reevaluating
2024-10-14 22:40:15.262916 Foxtrot: Oscar, sending you 2
2024-10-14 22:40:15.263853 Tango: Alpha, sending you 3
2024-10-14 22:40:15.264284 Alpha: Charlie, sending you 8
2024-10-14 22:40:15.264930 Charlie: Alpha, sending you 6
2024-10-14 22:40:15.265172 Papa: Kilo, sending you 3
2024-10-14 22:40:15.275338 Tango: Papa, sending you 5
2024-10-14 22:40:15.275715 Alpha: Papa, sending you 2
2024-10-14 22:40:15.276559 Romeo: Papa we want you to join our group
2024-10-14 22:40:15.280010 Papa: Yes
ChatterBot Romeo reevaluating
ChatterBot Kilo reevaluating
ChatterBot Oscar reevaluating
ChatterBot Yankee reevaluating
2024-10-14 22:40:15.315966 Juliett: Romeo and Kilo, sending you 4
2024-10-14 22:40:15.317082 Oscar: Papa we want you to join our group
2024-10-14 22:40:15.320413 Papa: Yes
ChatterBot Romeo reevaluating
ChatterBot Kilo reevaluating
ChatterBot Oscar reevaluating
ChatterBot Yankee reevaluating
2024-10-14 22:40:15.341692 Juliett: Foxtrot, Yankee, Papa and Oscar, sending you 3
chatterbot Alpha submitting transactions
chatterbot Papa submitting transactions
2024-10-14 22:40:15.437480 Oscar: Romeo, Foxtrot, Papa and Kilo, sending you 2
2024-10-14 22:40:15.438745 Yankee: Romeo, Foxtrot and Juliett, sending you 3
2024-10-14 22:40:15.439466 Kilo: Romeo, Yankee and Oscar, sending you 2
2024-10-14 22:40:15.440716 Romeo: Foxtrot and Yankee, sending you 3
2024-10-14 22:40:15.444599 Oscar: Yankee, sending you 1
2024-10-14 22:40:15.445387 Yankee: Kilo, sending you 2
2024-10-14 22:40:15.447766 Kilo: Foxtrot, sending you 4
2024-10-14 22:40:15.448576 Romeo: Papa, Kilo and Oscar, sending you 2
2024-10-14 22:40:15.452123 Oscar: Juliett, sending you 4
2024-10-14 22:40:15.452858 Yankee: Oscar, sending you 1
2024-10-14 22:40:15.454725 Kilo: Papa and Juliett, sending you 3
2024-10-14 22:40:15.455657 Romeo: Juliett, sending you 4
chatterbot Foxtrot submitting transactions
chatterbot Tango submitting transactions
chatterbot Juliett submitting transactions
chatterbot Yankee submitting transactions
chatterbot Charlie submitting transactions
chatterbot Romeo submitting transactions
chatterbot Oscar submitting transactions
chatterbot Kilo submitting transactions
ChatterBot Romeo round 5
ChatterBot Foxtrot round 5
ChatterBot Yankee round 5
ChatterBot Tango round 5
ChatterBot Charlie round 5
ChatterBot Alpha round 5
ChatterBot Papa round 5
ChatterBot Juliett round 5
ChatterBot Kilo round 5
ChatterBot Oscar round 5
2024-10-14 22:40:16.569753 Alpha: We should drop Papa
ChatterBot Charlie reevaluating
ChatterBot Tango reevaluating
2024-10-14 22:40:16.592755 Charlie: Yes
2024-10-14 22:40:16.592967 Tango: Yes
ChatterBot Tango reevaluating
ChatterBot Charlie reevaluating
2024-10-14 22:40:16.681689 Tango: We should replace Papa with Oscar
ChatterBot Charlie reevaluating
2024-10-14 22:40:16.692511 Charlie: No
2024-10-14 22:40:16.693674 Alpha: No
ChatterBot Tango reevaluating
ChatterBot Charlie reevaluating
ChatterBot Tango reevaluating
2024-10-14 22:40:16.707240 Oscar: We should drop Papa
ChatterBot Kilo reevaluating
2024-10-14 22:40:16.722400 Foxtrot: Yes
2024-10-14 22:40:16.722682 Romeo: No
2024-10-14 22:40:16.722851 Yankee: No
2024-10-14 22:40:16.723068 Juliett: No
2024-10-14 22:40:16.723267 Kilo: Yes
ChatterBot Kilo reevaluating
ChatterBot Oscar reevaluating
ChatterBot Kilo reevaluating
ChatterBot Oscar reevaluating
ChatterBot Kilo reevaluating
ChatterBot Oscar reevaluating
ChatterBot Kilo reevaluating
ChatterBot Oscar reevaluating
ChatterBot Oscar reevaluating
2024-10-14 22:40:16.799411 Foxtrot: Romeo, Yankee, Juliett and Kilo, sending you 4
2024-10-14 22:40:16.802652 Romeo: Foxtrot and Yankee, sending you 3
chatterbot Romeo submitting transactions
2024-10-14 22:40:16.803741 Papa: Romeo, Juliett and Oscar, sending you 2
2024-10-14 22:40:16.805659 Foxtrot: Oscar, sending you 2
2024-10-14 22:40:16.806769 Yankee: Romeo, Foxtrot and Juliett, sending you 3
2024-10-14 22:40:16.808501 Juliett: Romeo, Foxtrot and Oscar, sending you 4
2024-10-14 22:40:16.809288 Papa: Foxtrot and Yankee, sending you 1
2024-10-14 22:40:16.810176 Romeo: Papa, Kilo and Oscar, sending you 2
2024-10-14 22:40:16.811680 Tango: Oscar we want you to join our group
ChatterBot Oscar reevaluating
2024-10-14 22:40:16.815503 Oscar: No
ChatterBot Charlie reevaluating
ChatterBot Alpha reevaluating
2024-10-14 22:40:16.825451 Yankee: Kilo, sending you 2
2024-10-14 22:40:16.826908 Juliett: Yankee and Kilo, sending you 3
2024-10-14 22:40:16.827626 Papa: Kilo, sending you 3
2024-10-14 22:40:16.828420 Romeo: Juliett, sending you 4
2024-10-14 22:40:16.831816 Yankee: Oscar, sending you 1
2024-10-14 22:40:16.832628 Juliett: Papa, sending you 2
2024-10-14 22:40:16.833452 Kilo: Romeo, Yankee and Oscar, sending you 2
2024-10-14 22:40:16.834758 Alpha: Oscar we want you to join our group
ChatterBot Oscar reevaluating
2024-10-14 22:40:16.838140 Oscar: No
ChatterBot Charlie reevaluating
ChatterBot Alpha reevaluating
2024-10-14 22:40:16.846948 Kilo: Foxtrot, sending you 4
2024-10-14 22:40:16.851701 Tango: Charlie, sending you 4
2024-10-14 22:40:16.852753 Kilo: Papa and Juliett, sending you 3
2024-10-14 22:40:16.858331 Tango: Alpha, sending you 3
2024-10-14 22:40:16.861660 Tango: Oscar, sending you 5
2024-10-14 22:40:16.872304 Oscar: Romeo, Foxtrot, Papa and Kilo, sending you 2
2024-10-14 22:40:16.873982 Alpha: Tango, sending you 7
2024-10-14 22:40:16.879105 Oscar: Yankee, sending you 1
2024-10-14 22:40:16.880593 Alpha: Charlie, sending you 9
2024-10-14 22:40:16.883674 Oscar: Juliett, sending you 4
chatterbot Tango submitting transactions
chatterbot Alpha submitting transactions
chatterbot Papa submitting transactions
chatterbot Charlie submitting transactions
chatterbot Juliett submitting transactions
chatterbot Foxtrot submitting transactions
chatterbot Yankee submitting transactions
chatterbot Alpha submitting transactions
chatterbot Kilo submitting transactions
chatterbot Oscar submitting transactions
ChatterBot Romeo round 6
ChatterBot Foxtrot round 6
ChatterBot Yankee round 6
ChatterBot Tango round 6
ChatterBot Charlie round 6
ChatterBot Alpha round 6
ChatterBot Papa round 6
ChatterBot Juliett round 6
ChatterBot Kilo round 6
ChatterBot Oscar round 6
2024-10-14 22:40:17.952663 Foxtrot: Romeo, Yankee, Juliett and Kilo, sending you 4
2024-10-14 22:40:17.953675 Yankee: Romeo and Foxtrot, sending you 3
2024-10-14 22:40:17.954946 Papa: Romeo, Juliett and Oscar, sending you 2
2024-10-14 22:40:17.955857 Alpha: Tango, sending you 7
2024-10-14 22:40:17.956713 Foxtrot: Oscar, sending you 2
2024-10-14 22:40:17.958071 Romeo: Foxtrot and Yankee, sending you 3
2024-10-14 22:40:17.958802 Papa: Foxtrot and Yankee, sending you 1
2024-10-14 22:40:17.959530 Juliett: Romeo, Foxtrot and Oscar, sending you 4
2024-10-14 22:40:17.960299 Oscar: Romeo, Foxtrot, Papa and Kilo, sending you 2
2024-10-14 22:40:17.961019 Yankee: Papa and Oscar, sending you 1
2024-10-14 22:40:17.961696 Alpha: Charlie, sending you 9
2024-10-14 22:40:17.961990 Tango: Charlie, sending you 4
2024-10-14 22:40:17.962323 Romeo: Papa, Kilo and Oscar, sending you 2
2024-10-14 22:40:17.963058 Papa: Kilo, sending you 3
2024-10-14 22:40:17.964195 Oscar: Yankee, sending you 1
2024-10-14 22:40:17.964843 Juliett: Yankee and Kilo, sending you 3
2024-10-14 22:40:17.965431 Kilo: Romeo, Yankee and Oscar, sending you 2
2024-10-14 22:40:17.966080 Tango: Alpha, sending you 3
2024-10-14 22:40:17.966345 Romeo: Juliett, sending you 4
2024-10-14 22:40:17.966925 Yankee: Juliett and Kilo, sending you 2
2024-10-14 22:40:17.967677 Oscar: Juliett, sending you 4
2024-10-14 22:40:17.969670 Juliett: Papa, sending you 2
2024-10-14 22:40:17.970187 Tango: Oscar, sending you 5
2024-10-14 22:40:17.970661 Kilo: Foxtrot, sending you 4
2024-10-14 22:40:17.974001 Kilo: Papa and Juliett, sending you 3
chatterbot Kilo submitting transactions
chatterbot Charlie submitting transactions
chatterbot Romeo submitting transactions
chatterbot Alpha submitting transactions
chatterbot Tango submitting transactions
chatterbot Oscar submitting transactions
chatterbot Foxtrot submitting transactions
chatterbot Yankee submitting transactions
chatterbot Juliett submitting transactions
chatterbot Papa submitting transactions
ChatterBot Romeo round 7
ChatterBot Foxtrot round 7
ChatterBot Yankee round 7
ChatterBot Tango round 7
ChatterBot Charlie round 7
ChatterBot Alpha round 7
ChatterBot Papa round 7
ChatterBot Juliett round 7
ChatterBot Kilo round 7
ChatterBot Oscar round 7
2024-10-14 22:40:19.225765 Foxtrot: We should add Papa
2024-10-14 22:40:19.243072 Romeo: Yes
2024-10-14 22:40:19.243263 Yankee: Yes
2024-10-14 22:40:19.243429 Juliett: Yes
2024-10-14 22:40:19.243603 Kilo: Yes
2024-10-14 22:40:19.244213 Oscar: Yes
ChatterBot Foxtrot reevaluating
ChatterBot Oscar reevaluating
ChatterBot Foxtrot reevaluating
ChatterBot Oscar reevaluating
ChatterBot Foxtrot reevaluating
ChatterBot Oscar reevaluating
ChatterBot Foxtrot reevaluating
ChatterBot Oscar reevaluating
ChatterBot Foxtrot reevaluating
2024-10-14 22:40:19.327665 Foxtrot: Papa we want you to join our group
2024-10-14 22:40:19.330962 Papa: Yes
ChatterBot Foxtrot reevaluating
2024-10-14 22:40:19.345540 Yankee: Romeo and Foxtrot, sending you 3
2024-10-14 22:40:19.346112 Alpha: Tango, sending you 7
2024-10-14 22:40:19.348654 Tango: Charlie, sending you 4
2024-10-14 22:40:19.348968 Romeo: Foxtrot and Yankee, sending you 3
2024-10-14 22:40:19.349688 Kilo: Romeo, Yankee and Oscar, sending you 2
2024-10-14 22:40:19.350308 Alpha: Charlie, sending you 9
2024-10-14 22:40:19.350559 Juliett: Romeo, Foxtrot and Oscar, sending you 4
2024-10-14 22:40:19.351509 Yankee: Papa and Oscar, sending you 1
2024-10-14 22:40:19.352117 Papa: Romeo, Juliett and Oscar, sending you 2
2024-10-14 22:40:19.352740 Tango: Alpha, sending you 3
2024-10-14 22:40:19.353683 Romeo: Papa, Kilo and Oscar, sending you 2
2024-10-14 22:40:19.354544 Juliett: Yankee and Kilo, sending you 3
2024-10-14 22:40:19.355850 Kilo: Foxtrot, sending you 4
2024-10-14 22:40:19.356584 Yankee: Juliett and Kilo, sending you 2
2024-10-14 22:40:19.357210 Tango: Oscar, sending you 5
2024-10-14 22:40:19.357684 Papa: Foxtrot and Yankee, sending you 1
2024-10-14 22:40:19.358430 Romeo: Juliett, sending you 4
2024-10-14 22:40:19.359500 Juliett: Papa, sending you 2
2024-10-14 22:40:19.360177 Kilo: Papa and Juliett, sending you 3
2024-10-14 22:40:19.361669 Papa: Kilo, sending you 3
2024-10-14 22:40:19.367702 Oscar: Romeo, Foxtrot, Papa and Kilo, sending you 2
2024-10-14 22:40:19.370680 Oscar: Yankee, sending you 1
2024-10-14 22:40:19.373679 Foxtrot: Sending you each 3
2024-10-14 22:40:19.374422 Oscar: Juliett, sending you 4
chatterbot Romeo submitting transactions
chatterbot Yankee submitting transactions
chatterbot Charlie submitting transactions
chatterbot Alpha submitting transactions
chatterbot Foxtrot submitting transactions
chatterbot Papa submitting transactions
chatterbot Kilo submitting transactions
chatterbot Tango submitting transactions
chatterbot Juliett submitting transactions
chatterbot Oscar submitting transactions
ChatterBot Romeo round 8
ChatterBot Foxtrot round 8
ChatterBot Yankee round 8
ChatterBot Tango round 8
ChatterBot Charlie round 8
ChatterBot Alpha round 8
ChatterBot Papa round 8
ChatterBot Juliett round 8
ChatterBot Kilo round 8
ChatterBot Oscar round 8
2024-10-14 22:40:20.596013 Tango: We should drop Oscar
ChatterBot Charlie reevaluating
2024-10-14 22:40:20.601219 Charlie: Yes
2024-10-14 22:40:20.601369 Alpha: Yes
ChatterBot Charlie reevaluating
2024-10-14 22:40:20.613664 Foxtrot: Same as last round
2024-10-14 22:40:20.614708 Alpha: Tango, sending you 7
2024-10-14 22:40:20.614937 Romeo: Foxtrot and Yankee, sending you 3
2024-10-14 22:40:20.615463 Yankee: Romeo and Foxtrot, sending you 3
2024-10-14 22:40:20.619692 Alpha: Charlie, sending you 9
2024-10-14 22:40:20.619966 Romeo: Papa, Kilo and Oscar, sending you 2
2024-10-14 22:40:20.620726 Yankee: Papa and Oscar, sending you 1
2024-10-14 22:40:20.625689 Romeo: Juliett, sending you 4
2024-10-14 22:40:20.627144 Yankee: Juliett and Kilo, sending you 2
2024-10-14 22:40:20.627695 Tango: Charlie, sending you 4
2024-10-14 22:40:20.629924 Juliett: Romeo, Foxtrot and Oscar, sending you 4
2024-10-14 22:40:20.630669 Oscar: Romeo, Foxtrot, Papa and Kilo, sending you 2
2024-10-14 22:40:20.632660 Tango: Alpha, sending you 3
2024-10-14 22:40:20.634678 Papa: Romeo, Juliett and Oscar, sending you 2
2024-10-14 22:40:20.635534 Juliett: Yankee and Kilo, sending you 3
2024-10-14 22:40:20.636374 Kilo: Romeo, Yankee and Oscar, sending you 2
2024-10-14 22:40:20.637250 Oscar: Yankee, sending you 1
2024-10-14 22:40:20.638636 Papa: Foxtrot and Yankee, sending you 1
2024-10-14 22:40:20.639480 Juliett: Papa, sending you 2
2024-10-14 22:40:20.641149 Kilo: Foxtrot, sending you 4
2024-10-14 22:40:20.642058 Oscar: Juliett, sending you 4
2024-10-14 22:40:20.643155 Papa: Kilo, sending you 3
2024-10-14 22:40:20.646698 Kilo: Papa and Juliett, sending you 3
chatterbot Romeo submitting transactions
chatterbot Tango submitting transactions
chatterbot Charlie submitting transactions
chatterbot Papa submitting transactions
chatterbot Kilo submitting transactions
chatterbot Foxtrot submitting transactions
chatterbot Yankee submitting transactions
chatterbot Alpha submitting transactions
chatterbot Oscar submitting transactions
chatterbot Juliett submitting transactions
ChatterBot Romeo round 9
ChatterBot Foxtrot round 9
ChatterBot Yankee round 9
ChatterBot Tango round 9
ChatterBot Charlie round 9
ChatterBot Alpha round 9
ChatterBot Papa round 9
ChatterBot Juliett round 9
ChatterBot Kilo round 9
ChatterBot Oscar round 9
2024-10-14 22:40:21.840664 Foxtrot: Romeo, Yankee, Juliett and Oscar, sending you 3
2024-10-14 22:40:21.841576 Romeo: Foxtrot and Yankee, sending you 3
2024-10-14 22:40:21.843653 Foxtrot: Papa, sending you 2
2024-10-14 22:40:21.845650 Romeo: Papa, Kilo and Oscar, sending you 2
2024-10-14 22:40:21.846714 Alpha: Tango, sending you 7
2024-10-14 22:40:21.847674 Foxtrot: Kilo, sending you 4
2024-10-14 22:40:21.848911 Kilo: Romeo, Yankee and Oscar, sending you 2
2024-10-14 22:40:21.849711 Tango: Charlie, sending you 4
2024-10-14 22:40:21.850648 Romeo: Juliett, sending you 4
2024-10-14 22:40:21.851526 Papa: Romeo, Foxtrot, Juliett, Kilo and Oscar, sending you 2
2024-10-14 22:40:21.852914 Alpha: Charlie, sending you 9
2024-10-14 22:40:21.853215 Yankee: Romeo and Foxtrot, sending you 3
2024-10-14 22:40:21.853915 Tango: Alpha, sending you 3
2024-10-14 22:40:21.854658 Kilo: Foxtrot, sending you 4
2024-10-14 22:40:21.855651 Papa: Yankee, sending you 1
2024-10-14 22:40:21.857053 Yankee: Papa and Oscar, sending you 1
2024-10-14 22:40:21.858654 Juliett: Romeo and Oscar, sending you 4
2024-10-14 22:40:21.859468 Oscar: Romeo, Foxtrot, Papa and Kilo, sending you 2
2024-10-14 22:40:21.860267 Kilo: Papa and Juliett, sending you 3
2024-10-14 22:40:21.861354 Yankee: Juliett and Kilo, sending you 2
2024-10-14 22:40:21.862658 Juliett: Foxtrot, Yankee, Papa and Kilo, sending you 3
2024-10-14 22:40:21.864670 Oscar: Yankee, sending you 1
2024-10-14 22:40:21.869669 Oscar: Juliett, sending you 4
chatterbot Oscar submitting transactions
chatterbot Tango submitting transactions
chatterbot Romeo submitting transactions
chatterbot Kilo submitting transactions
chatterbot Alpha submitting transactions
chatterbot Foxtrot submitting transactions
chatterbot Charlie submitting transactions
chatterbot Yankee submitting transactions
chatterbot Juliett submitting transactions
chatterbot Papa submitting transactions
ChatterBot Romeo round 10
ChatterBot Foxtrot round 10
ChatterBot Yankee round 10
ChatterBot Tango round 10
ChatterBot Charlie round 10
ChatterBot Alpha round 10
ChatterBot Papa round 10
ChatterBot Juliett round 10
ChatterBot Kilo round 10
ChatterBot Oscar round 10
2024-10-14 22:40:23.107985 Tango: We should add Romeo
ChatterBot Charlie reevaluating
2024-10-14 22:40:23.113629 Charlie: No
2024-10-14 22:40:23.113822 Alpha: No
ChatterBot Tango reevaluating
ChatterBot Charlie reevaluating
ChatterBot Tango reevaluating
2024-10-14 22:40:23.143913 Charlie: We should drop Tango
ChatterBot Alpha reevaluating
2024-10-14 22:40:23.146004 Alpha: No
ChatterBot Charlie reevaluating
2024-10-14 22:40:23.152929 Alpha: We should drop Charlie
ChatterBot Tango reevaluating
2024-10-14 22:40:23.155738 Tango: No
ChatterBot Alpha reevaluating
2024-10-14 22:40:23.159148 Romeo: Foxtrot and Yankee, sending you 3
2024-10-14 22:40:23.162681 Romeo: Papa, Kilo and Oscar, sending you 2
2024-10-14 22:40:23.163718 Yankee: Romeo and Foxtrot, sending you 3
2024-10-14 22:40:23.164567 Juliett: Romeo and Oscar, sending you 4
2024-10-14 22:40:23.165335 Kilo: Romeo, Yankee and Oscar, sending you 2
2024-10-14 22:40:23.167261 Foxtrot: Sending you each 3
2024-10-14 22:40:23.168335 Romeo: Juliett, sending you 4
2024-10-14 22:40:23.169093 Yankee: Papa and Oscar, sending you 1
2024-10-14 22:40:23.169858 Kilo: Foxtrot, sending you 4
2024-10-14 22:40:23.170590 Juliett: Foxtrot, Yankee, Papa and Kilo, sending you 3
2024-10-14 22:40:23.172697 Oscar: Romeo, Foxtrot, Papa and Kilo, sending you 2
2024-10-14 22:40:23.173590 Kilo: Papa and Juliett, sending you 3
2024-10-14 22:40:23.174428 Yankee: Juliett and Kilo, sending you 2
2024-10-14 22:40:23.175272 Papa: Romeo, Foxtrot, Juliett, Kilo and Oscar, sending you 2
2024-10-14 22:40:23.176669 Oscar: Yankee, sending you 1
2024-10-14 22:40:23.178710 Papa: Yankee, sending you 1
2024-10-14 22:40:23.180699 Alpha: Tango, sending you 7
2024-10-14 22:40:23.181677 Oscar: Juliett, sending you 4
2024-10-14 22:40:23.184127 Alpha: Charlie, sending you 9
2024-10-14 22:40:23.186657 Tango: Charlie, sending you 3
2024-10-14 22:40:23.189666 Tango: Alpha, sending you 2
chatterbot Tango submitting transactions
chatterbot Romeo submitting transactions
chatterbot Yankee submitting transactions
chatterbot Juliett submitting transactions
chatterbot Papa submitting transactions
chatterbot Foxtrot submitting transactions
chatterbot Charlie submitting transactions
chatterbot Oscar submitting transactions
chatterbot Alpha submitting transactions
chatterbot Kilo submitting transactions
ChatterBot Romeo round 11
ChatterBot Foxtrot round 11
ChatterBot Yankee round 11
ChatterBot Tango round 11
ChatterBot Charlie round 11
ChatterBot Alpha round 11
ChatterBot Papa round 11
ChatterBot Juliett round 11
ChatterBot Kilo round 11
ChatterBot Oscar round 11
2024-10-14 22:40:24.465816 Tango: We should drop Alpha
ChatterBot Charlie reevaluating
2024-10-14 22:40:24.470940 Charlie: No
ChatterBot Tango reevaluating
2024-10-14 22:40:24.479705 Yankee: Romeo and Foxtrot, sending you 3
2024-10-14 22:40:24.482412 Romeo: Foxtrot and Yankee, sending you 3
2024-10-14 22:40:24.484360 Foxtrot: Same as last round
2024-10-14 22:40:24.486668 Alpha: Tango, sending you 7
2024-10-14 22:40:24.487166 Yankee: Papa and Oscar, sending you 1
2024-10-14 22:40:24.488371 Romeo: Papa, Kilo and Oscar, sending you 2
2024-10-14 22:40:24.490378 Alpha: Charlie, sending you 9
2024-10-14 22:40:24.491089 Juliett: Romeo and Oscar, sending you 4
2024-10-14 22:40:24.494354 Papa: Romeo, Foxtrot, Juliett, Kilo and Oscar, sending you 2
2024-10-14 22:40:24.497150 Kilo: Romeo, Yankee and Oscar, sending you 2
2024-10-14 22:40:24.499116 Oscar: Romeo, Foxtrot, Papa and Kilo, sending you 2
2024-10-14 22:40:24.500638 Yankee: Juliett and Kilo, sending you 2
2024-10-14 22:40:24.503048 Romeo: Juliett, sending you 4
2024-10-14 22:40:24.505325 Juliett: Foxtrot, Yankee, Papa and Kilo, sending you 3
2024-10-14 22:40:24.507257 Papa: Yankee, sending you 1
2024-10-14 22:40:24.508882 Kilo: Foxtrot, sending you 4
2024-10-14 22:40:24.510801 Oscar: Yankee, sending you 1
2024-10-14 22:40:24.512898 Tango: Charlie, sending you 4
2024-10-14 22:40:24.514670 Kilo: Papa and Juliett, sending you 3
2024-10-14 22:40:24.517152 Oscar: Juliett, sending you 4
2024-10-14 22:40:24.518436 Tango: Alpha, sending you 2
chatterbot Papa submitting transactions
chatterbot Kilo submitting transactions
chatterbot Tango submitting transactions
chatterbot Charlie submitting transactions
chatterbot Romeo submitting transactions
chatterbot Oscar submitting transactions
chatterbot Yankee submitting transactions
chatterbot Alpha submitting transactions
chatterbot Foxtrot submitting transactions
chatterbot Juliett submitting transactions
ChatterBot Romeo round 12
ChatterBot Foxtrot round 12
ChatterBot Yankee round 12
ChatterBot Tango round 12
ChatterBot Charlie round 12
ChatterBot Alpha round 12
ChatterBot Papa round 12
ChatterBot Juliett round 12
ChatterBot Kilo round 12
ChatterBot Oscar round 12
2024-10-14 22:40:25.724495 Charlie: We should drop Tango
2024-10-14 22:40:25.726905 Alpha: No
ChatterBot Charlie reevaluating
2024-10-14 22:40:25.729872 Tango: We should drop Alpha
ChatterBot Charlie reevaluating
2024-10-14 22:40:25.733186 Charlie: No
ChatterBot Tango reevaluating
2024-10-14 22:40:25.736658 Tango: We should add Papa
ChatterBot Charlie reevaluating
2024-10-14 22:40:25.743884 Charlie: No
2024-10-14 22:40:25.744418 Alpha: No
ChatterBot Tango reevaluating
ChatterBot Charlie reevaluating
ChatterBot Tango reevaluating
2024-10-14 22:40:25.761038 Alpha: Tango, sending you 7
2024-10-14 22:40:25.761896 Foxtrot: Same as last round
2024-10-14 22:40:25.763671 Yankee: Romeo and Foxtrot, sending you 3
2024-10-14 22:40:25.766051 Romeo: Foxtrot and Yankee, sending you 3
2024-10-14 22:40:25.768011 Kilo: Romeo, Yankee and Oscar, sending you 2
2024-10-14 22:40:25.769949 Papa: Romeo, Foxtrot, Juliett, Kilo and Oscar, sending you 2
2024-10-14 22:40:25.771267 Alpha: Charlie, sending you 9
2024-10-14 22:40:25.771684 Yankee: Papa and Oscar, sending you 1
2024-10-14 22:40:25.773422 Romeo: Papa, Kilo and Oscar, sending you 2
2024-10-14 22:40:25.774791 Kilo: Foxtrot, sending you 4
2024-10-14 22:40:25.776291 Papa: Yankee, sending you 1
2024-10-14 22:40:25.777335 Yankee: Juliett and Kilo, sending you 2
2024-10-14 22:40:25.778905 Juliett: Romeo and Oscar, sending you 4
2024-10-14 22:40:25.780532 Romeo: Juliett, sending you 4
2024-10-14 22:40:25.782428 Kilo: Papa and Juliett, sending you 3
2024-10-14 22:40:25.783597 Oscar: Romeo, Foxtrot, Papa and Kilo, sending you 2
2024-10-14 22:40:25.785307 Juliett: Foxtrot, Yankee, Papa and Kilo, sending you 3
2024-10-14 22:40:25.787676 Oscar: Yankee, sending you 1
2024-10-14 22:40:25.790645 Tango: Charlie, sending you 4
2024-10-14 22:40:25.792688 Oscar: Juliett, sending you 4
2024-10-14 22:40:25.795676 Tango: Alpha, sending you 2
chatterbot Papa submitting transactions
chatterbot Yankee submitting transactions
chatterbot Juliett submitting transactions
chatterbot Kilo submitting transactions
chatterbot Foxtrot submitting transactions
chatterbot Oscar submitting transactions
chatterbot Tango submitting transactions
chatterbot Alpha submitting transactions
chatterbot Charlie submitting transactions
chatterbot Romeo submitting transactions
ChatterBot Romeo round 13
ChatterBot Foxtrot round 13
ChatterBot Yankee round 13
ChatterBot Tango round 13
ChatterBot Charlie round 13
ChatterBot Alpha round 13
ChatterBot Papa round 13
ChatterBot Juliett round 13
ChatterBot Kilo round 13
ChatterBot Oscar round 13
2024-10-14 22:40:26.947662 Yankee: Romeo and Foxtrot, sending you 3
2024-10-14 22:40:26.949436 Romeo: Foxtrot and Yankee, sending you 3
