ChatterBot Foxtrot round 1
ChatterBot Hotel round 1
ChatterBot Mike round 1
ChatterBot Papa round 1
ChatterBot Tango round 1
ChatterBot X-ray round 1
ChatterBot Alpha round 1
ChatterBot Whiskey round 1
ChatterBot Uniform round 1
ChatterBot Zulu round 1
randomSelections X-ray: {X-ray, Tango, Hotel, Mike, Foxtrot, Papa} 
2024-10-14 22:40:10.722588 X-ray: Group up?
ChatterBot Tango reevaluating
ChatterBot Hotel reevaluating
ChatterBot Mike reevaluating
ChatterBot Foxtrot reevaluating
ChatterBot Papa reevaluating
2024-10-14 22:40:10.735220 Tango: Yes
2024-10-14 22:40:10.735368 Hotel: Yes
2024-10-14 22:40:10.735516 Mike: Yes
2024-10-14 22:40:10.735711 Foxtrot: Yes
2024-10-14 22:40:10.735883 Papa: Yes
ChatterBot Hotel reevaluating
ChatterBot Mike reevaluating
ChatterBot Foxtrot reevaluating
ChatterBot Papa reevaluating
ChatterBot Tango reevaluating
ChatterBot Mike reevaluating
ChatterBot Foxtrot reevaluating
ChatterBot Papa reevaluating
ChatterBot Tango reevaluating
ChatterBot Hotel reevaluating
ChatterBot Foxtrot reevaluating
ChatterBot Papa reevaluating
ChatterBot Tango reevaluating
ChatterBot Hotel reevaluating
ChatterBot Mike reevaluating
ChatterBot Papa reevaluating
ChatterBot Tango reevaluating
ChatterBot Hotel reevaluating
ChatterBot Mike reevaluating
ChatterBot Foxtrot reevaluating
randomSelections Alpha: {Alpha, Mike, Hotel, Whiskey, Zulu, Papa, Foxtrot} 
2024-10-14 22:40:10.801985 Alpha: We should group up
ChatterBot Mike reevaluating
ChatterBot Hotel reevaluating
ChatterBot Whiskey reevaluating
ChatterBot Zulu reevaluating
ChatterBot Papa reevaluating
ChatterBot Foxtrot reevaluating
2024-10-14 22:40:10.820388 Mike: No
2024-10-14 22:40:10.820718 Hotel: No
2024-10-14 22:40:10.820954 Whiskey: Yes
2024-10-14 22:40:10.821139 Zulu: Yes
2024-10-14 22:40:10.821383 Papa: No
2024-10-14 22:40:10.821710 Foxtrot: No
ChatterBot Hotel reevaluating
ChatterBot Whiskey reevaluating
ChatterBot Zulu reevaluating
ChatterBot Papa reevaluating
ChatterBot Foxtrot reevaluating
ChatterBot Mike reevaluating
ChatterBot Whiskey reevaluating
ChatterBot Zulu reevaluating
ChatterBot Papa reevaluating
ChatterBot Foxtrot reevaluating
ChatterBot Mike reevaluating
ChatterBot Hotel reevaluating
ChatterBot Zulu reevaluating
ChatterBot Papa reevaluating
ChatterBot Foxtrot reevaluating
ChatterBot Mike reevaluating
ChatterBot Hotel reevaluating
ChatterBot Whiskey reevaluating
ChatterBot Papa reevaluating
ChatterBot Foxtrot reevaluating
ChatterBot Mike reevaluating
ChatterBot Hotel reevaluating
ChatterBot Whiskey reevaluating
ChatterBot Zulu reevaluating
ChatterBot Foxtrot reevaluating
ChatterBot Mike reevaluating
ChatterBot Hotel reevaluating
ChatterBot Whiskey reevaluating
ChatterBot Zulu reevaluating
ChatterBot Papa reevaluating
randomSelections Uniform: {Uniform, Tango, X-ray, Foxtrot, Papa, Zulu, Hotel, Alpha} 
2024-10-14 22:40:10.939690 Uniform: We would work well together
ChatterBot Tango reevaluating
ChatterBot Foxtrot reevaluating
ChatterBot Papa reevaluating
ChatterBot Zulu reevaluating
ChatterBot Hotel reevaluating
2024-10-14 22:40:10.951961 Tango: No
2024-10-14 22:40:10.952128 X-ray: No
2024-10-14 22:40:10.952277 Foxtrot: No
2024-10-14 22:40:10.952420 Papa: No
2024-10-14 22:40:10.952573 Zulu: No
2024-10-14 22:40:10.952733 Hotel: No
2024-10-14 22:40:10.952857 Alpha: No
ChatterBot Foxtrot reevaluating
ChatterBot Papa reevaluating
ChatterBot Zulu reevaluating
ChatterBot Hotel reevaluating
ChatterBot Tango reevaluating
ChatterBot Foxtrot reevaluating
ChatterBot Papa reevaluating
ChatterBot Zulu reevaluating
ChatterBot Hotel reevaluating
ChatterBot Tango reevaluating
ChatterBot Papa reevaluating
ChatterBot Zulu reevaluating
ChatterBot Hotel reevaluating
ChatterBot Tango reevaluating
ChatterBot Foxtrot reevaluating
ChatterBot Zulu reevaluating
ChatterBot Hotel reevaluating
ChatterBot Tango reevaluating
ChatterBot Foxtrot reevaluating
ChatterBot Papa reevaluating
ChatterBot Hotel reevaluating
ChatterBot Tango reevaluating
ChatterBot Foxtrot reevaluating
ChatterBot Papa reevaluating
ChatterBot Zulu reevaluating
ChatterBot Tango reevaluating
ChatterBot Foxtrot reevaluating
ChatterBot Papa reevaluating
ChatterBot Zulu reevaluating
ChatterBot Hotel reevaluating
2024-10-14 22:40:11.157751 Uniform: Foxtrot, Alpha and Zulu, sending you 3
2024-10-14 22:40:11.161442 Mike: Foxtrot, sending you 5
2024-10-14 22:40:11.163041 Uniform: Hotel, Papa and Tango, sending you 2
2024-10-14 22:40:11.165221 Papa: Foxtrot and Mike, sending you 3
2024-10-14 22:40:11.166256 Tango: Foxtrot and X-ray, sending you 3
2024-10-14 22:40:11.168026 Alpha: Foxtrot, Hotel and Whiskey, sending you 5
2024-10-14 22:40:11.170240 Mike: Hotel, sending you 1
2024-10-14 22:40:11.172307 Uniform: X-ray, sending you 1
2024-10-14 22:40:11.173395 Papa: Hotel and Tango, sending you 2
2024-10-14 22:40:11.175030 Tango: Hotel, Mike and Papa, sending you 2
2024-10-14 22:40:11.176598 Hotel: Foxtrot, Papa and Tango, sending you 4
2024-10-14 22:40:11.177387 Alpha: Mike, sending you 2
2024-10-14 22:40:11.178845 X-ray: Foxtrot and Papa, sending you 4
2024-10-14 22:40:11.180017 Mike: Papa, sending you 7
2024-10-14 22:40:11.181730 Foxtrot: Hotel, sending you 1
2024-10-14 22:40:11.183478 Papa: X-ray, sending you 6
2024-10-14 22:40:11.184238 Zulu: Foxtrot, sending you 1
2024-10-14 22:40:11.186171 Hotel: Mike, sending you 2
2024-10-14 22:40:11.187730 Alpha: Papa, sending you 1
2024-10-14 22:40:11.189423 X-ray: Hotel, sending you 3
2024-10-14 22:40:11.191231 Mike: Tango, sending you 2
2024-10-14 22:40:11.192282 Foxtrot: Mike, sending you 2
2024-10-14 22:40:11.193971 Zulu: Mike, sending you 4
2024-10-14 22:40:11.195724 Hotel: X-ray, sending you 1
2024-10-14 22:40:11.197342 X-ray: Mike and Tango, sending you 2
2024-10-14 22:40:11.198129 Mike: X-ray, sending you 3
2024-10-14 22:40:11.200189 Foxtrot: Papa and X-ray, sending you 5
2024-10-14 22:40:11.201655 Zulu: Papa and Alpha, sending you 2
2024-10-14 22:40:11.208048 Foxtrot: Tango, sending you 3
2024-10-14 22:40:11.208634 Zulu: Whiskey, sending you 3
chatterbot Uniform submitting transactions
chatterbot Alpha submitting transactions
chatterbot Foxtrot submitting transactions
chatterbot Tango submitting transactions
chatterbot Mike submitting transactions
chatterbot Papa submitting transactions
chatterbot X-ray submitting transactions
chatterbot Hotel submitting transactions
chatterbot Whiskey submitting transactions
chatterbot Zulu submitting transactions
ChatterBot Foxtrot round 2
ChatterBot Hotel round 2
ChatterBot Mike round 2
ChatterBot Papa round 2
ChatterBot Tango round 2
ChatterBot X-ray round 2
ChatterBot Alpha round 2
ChatterBot Whiskey round 2
ChatterBot Uniform round 2
ChatterBot Zulu round 2
2024-10-14 22:40:12.556874 Papa: We should add Uniform
ChatterBot X-ray reevaluating
ChatterBot Tango reevaluating
ChatterBot Hotel reevaluating
ChatterBot Mike reevaluating
ChatterBot Foxtrot reevaluating
2024-10-14 22:40:12.577045 X-ray: No
2024-10-14 22:40:12.577247 Tango: Yes
2024-10-14 22:40:12.577369 Hotel: No
2024-10-14 22:40:12.577474 Mike: No
2024-10-14 22:40:12.577609 Foxtrot: No
ChatterBot Tango reevaluating
ChatterBot Hotel reevaluating
ChatterBot Mike reevaluating
ChatterBot Foxtrot reevaluating
ChatterBot Papa reevaluating
ChatterBot X-ray reevaluating
ChatterBot Hotel reevaluating
ChatterBot Mike reevaluating
ChatterBot Foxtrot reevaluating
ChatterBot Papa reevaluating
ChatterBot X-ray reevaluating
ChatterBot Tango reevaluating
ChatterBot Mike reevaluating
ChatterBot Foxtrot reevaluating
ChatterBot Papa reevaluating
ChatterBot X-ray reevaluating
ChatterBot Tango reevaluating
ChatterBot Hotel reevaluating
ChatterBot Foxtrot reevaluating
ChatterBot Papa reevaluating
ChatterBot X-ray reevaluating
ChatterBot Tango reevaluating
ChatterBot Hotel reevaluating
ChatterBot Mike reevaluating
ChatterBot Papa reevaluating
2024-10-14 22:40:12.789184 Foxtrot: We should add Alpha
ChatterBot X-ray reevaluating
ChatterBot Tango reevaluating
ChatterBot Hotel reevaluating
ChatterBot Mike reevaluating
ChatterBot Papa reevaluating
2024-10-14 22:40:12.807989 X-ray: No
2024-10-14 22:40:12.808179 Tango: No
2024-10-14 22:40:12.808326 Hotel: Yes
2024-10-14 22:40:12.808464 Mike: No
2024-10-14 22:40:12.808701 Papa: Yes
ChatterBot Tango reevaluating
ChatterBot Hotel reevaluating
ChatterBot Mike reevaluating
ChatterBot Foxtrot reevaluating
ChatterBot Papa reevaluating
ChatterBot X-ray reevaluating
ChatterBot Hotel reevaluating
ChatterBot Mike reevaluating
ChatterBot Foxtrot reevaluating
ChatterBot Papa reevaluating
ChatterBot X-ray reevaluating
ChatterBot Tango reevaluating
ChatterBot Mike reevaluating
ChatterBot Foxtrot reevaluating
ChatterBot Papa reevaluating
ChatterBot X-ray reevaluating
ChatterBot Tango reevaluating
ChatterBot Hotel reevaluating
ChatterBot Foxtrot reevaluating
ChatterBot Papa reevaluating
ChatterBot X-ray reevaluating
ChatterBot Tango reevaluating
ChatterBot Hotel reevaluating
ChatterBot Mike reevaluating
ChatterBot Foxtrot reevaluating
2024-10-14 22:40:12.916409 Uniform: Can we be friends?
ChatterBot Foxtrot reevaluating
ChatterBot Hotel reevaluating
ChatterBot Mike reevaluating
ChatterBot Papa reevaluating
ChatterBot Tango reevaluating
ChatterBot X-ray reevaluating
2024-10-14 22:40:12.939893 Foxtrot: No
2024-10-14 22:40:12.940187 Hotel: No
2024-10-14 22:40:12.940402 Mike: No
2024-10-14 22:40:12.940718 Papa: Yes
2024-10-14 22:40:12.941342 Tango: Yes
2024-10-14 22:40:12.941585 X-ray: No
ChatterBot Hotel reevaluating
ChatterBot Mike reevaluating
ChatterBot Papa reevaluating
ChatterBot Tango reevaluating
ChatterBot X-ray reevaluating
ChatterBot Foxtrot reevaluating
ChatterBot Mike reevaluating
ChatterBot Papa reevaluating
ChatterBot Tango reevaluating
ChatterBot X-ray reevaluating
ChatterBot Foxtrot reevaluating
ChatterBot Hotel reevaluating
ChatterBot Papa reevaluating
ChatterBot Tango reevaluating
ChatterBot X-ray reevaluating
ChatterBot Foxtrot reevaluating
ChatterBot Hotel reevaluating
ChatterBot Mike reevaluating
ChatterBot Tango reevaluating
ChatterBot X-ray reevaluating
ChatterBot Foxtrot reevaluating
ChatterBot Hotel reevaluating
ChatterBot Mike reevaluating
ChatterBot Papa reevaluating
ChatterBot X-ray reevaluating
ChatterBot Foxtrot reevaluating
ChatterBot Hotel reevaluating
ChatterBot Mike reevaluating
ChatterBot Papa reevaluating
ChatterBot Tango reevaluating
2024-10-14 22:40:13.079348 Alpha: Can we be friends?
ChatterBot Whiskey reevaluating
ChatterBot Zulu reevaluating
ChatterBot Hotel reevaluating
2024-10-14 22:40:13.093147 Whiskey: No
2024-10-14 22:40:13.093845 Uniform: No
2024-10-14 22:40:13.093959 Zulu: No
2024-10-14 22:40:13.094069 Hotel: No
ChatterBot Zulu reevaluating
ChatterBot Hotel reevaluating
ChatterBot Whiskey reevaluating
ChatterBot Zulu reevaluating
ChatterBot Hotel reevaluating
ChatterBot Whiskey reevaluating
ChatterBot Hotel reevaluating
ChatterBot Whiskey reevaluating
ChatterBot Zulu reevaluating
2024-10-14 22:40:13.208288 Papa: Uniform we want you to join our group
2024-10-14 22:40:13.212373 Uniform: Yes
ChatterBot Papa reevaluating
2024-10-14 22:40:13.232081 Tango: Uniform we want you to join our group
2024-10-14 22:40:13.235565 Uniform: Yes
2024-10-14 22:40:13.258255 Foxtrot: Alpha we want you to join our group
2024-10-14 22:40:13.264032 Alpha: No
2024-10-14 22:40:13.323557 Whiskey: Alpha, sending you 8
2024-10-14 22:40:13.323880 Mike: Foxtrot, Hotel, Tango and X-ray, sending you 3
2024-10-14 22:40:13.324465 Uniform: Foxtrot, Hotel, Mike, Papa and Tango, sending you 3
2024-10-14 22:40:13.325399 Alpha: Hotel and Whiskey, sending you 3
2024-10-14 22:40:13.325737 X-ray: Foxtrot and Papa, sending you 5
2024-10-14 22:40:13.326556 Hotel: Foxtrot, Papa and Tango, sending you 3
2024-10-14 22:40:13.326996 Zulu: Alpha and Whiskey, sending you 1
2024-10-14 22:40:13.327818 Whiskey: Zulu, sending you 7
2024-10-14 22:40:13.328065 Mike: Papa, sending you 6
2024-10-14 22:40:13.339071 X-ray: Mike and Tango, sending you 3
2024-10-14 22:40:13.339898 Uniform: X-ray, sending you 1
2024-10-14 22:40:13.340169 Alpha: Uniform, sending you 7
2024-10-14 22:40:13.340389 Tango: Foxtrot, sending you 3
2024-10-14 22:40:13.340645 Hotel: Mike, sending you 2
2024-10-14 22:40:13.340974 Foxtrot: Hotel, Mike, X-ray and Alpha, sending you 3
2024-10-14 22:40:13.341742 Zulu: Uniform, sending you 8
2024-10-14 22:40:13.347482 Alpha: Zulu, sending you 5
2024-10-14 22:40:13.348379 Tango: Hotel, sending you 4
2024-10-14 22:40:13.348893 Foxtrot: Papa and Tango, sending you 2
2024-10-14 22:40:13.349917 Hotel: X-ray, sending you 4
2024-10-14 22:40:13.350442 Papa: Sending you each 3
2024-10-14 22:40:13.352703 Tango: Mike, Papa, X-ray and Uniform, sending you 2
chatterbot Alpha submitting transactions
chatterbot Tango submitting transactions
chatterbot Papa submitting transactions
chatterbot Foxtrot submitting transactions
chatterbot Hotel submitting transactions
chatterbot Whiskey submitting transactions
chatterbot Uniform submitting transactions
chatterbot Zulu submitting transactions
chatterbot Mike submitting transactions
chatterbot X-ray submitting transactions
ChatterBot Foxtrot round 3
ChatterBot Hotel round 3
ChatterBot Mike round 3
ChatterBot Papa round 3
ChatterBot Tango round 3
ChatterBot X-ray round 3
ChatterBot Alpha round 3
ChatterBot Whiskey round 3
ChatterBot Uniform round 3
ChatterBot Zulu round 3
2024-10-14 22:40:14.741867 Alpha: We should replace Hotel with Foxtrot
2024-10-14 22:40:14.751678 Zulu: No
2024-10-14 22:40:14.751905 Whiskey: No
2024-10-14 22:40:14.752164 Uniform: No
ChatterBot Alpha reevaluating
ChatterBot Alpha reevaluating
2024-10-14 22:40:14.795436 Foxtrot: We should drop Alpha
2024-10-14 22:40:14.811910 X-ray: Yes
2024-10-14 22:40:14.812865 Tango: Yes
2024-10-14 22:40:14.813111 Hotel: Yes
2024-10-14 22:40:14.813456 Mike: Yes
2024-10-14 22:40:14.813706 Papa: Yes
2024-10-14 22:40:14.917675 Tango: Foxtrot, Mike, X-ray and Uniform, sending you 2
2024-10-14 22:40:14.947972 Tango: Hotel, sending you 4
2024-10-14 22:40:14.948403 Papa: Same as last round
2024-10-14 22:40:14.948704 X-ray: Foxtrot, sending you 4
2024-10-14 22:40:14.949469 Whiskey: Alpha, sending you 9
2024-10-14 22:40:14.949764 Mike: Foxtrot, Papa and X-ray, sending you 4
2024-10-14 22:40:14.950121 Foxtrot: Hotel, Mike, Papa and Tango, sending you 3
2024-10-14 22:40:14.951014 Hotel: Sending you each 3
2024-10-14 22:40:14.951405 Uniform: Hotel, Mike and X-ray, sending you 1
2024-10-14 22:40:14.951755 Tango: Papa, sending you 3
2024-10-14 22:40:14.982024 X-ray: Hotel and Mike, sending you 3
2024-10-14 22:40:14.982538 Mike: Hotel and Tango, sending you 3
2024-10-14 22:40:14.982948 Whiskey: Zulu, sending you 6
2024-10-14 22:40:14.983572 Uniform: Papa, sending you 8
2024-10-14 22:40:14.984017 Foxtrot: X-ray, sending you 4
2024-10-14 22:40:14.984836 Alpha: Whiskey, sending you 8
2024-10-14 22:40:14.985083 Zulu: Alpha, sending you 4
2024-10-14 22:40:14.985326 X-ray: Papa, sending you 5
2024-10-14 22:40:15.015867 Zulu: Whiskey, sending you 6
2024-10-14 22:40:15.016375 Uniform: Tango, sending you 5
2024-10-14 22:40:15.017343 Alpha: Uniform and Zulu, sending you 5
2024-10-14 22:40:15.017635 X-ray: Tango, sending you 2
2024-10-14 22:40:15.028657 Zulu: Uniform, sending you 2
chatterbot Whiskey submitting transactions
chatterbot Tango submitting transactions
chatterbot Papa submitting transactions
chatterbot Foxtrot submitting transactions
chatterbot Zulu submitting transactions
chatterbot X-ray submitting transactions
chatterbot Uniform submitting transactions
chatterbot Mike submitting transactions
chatterbot Hotel submitting transactions
chatterbot Alpha submitting transactions
ChatterBot Foxtrot round 4
ChatterBot Hotel round 4
ChatterBot Mike round 4
ChatterBot Papa round 4
ChatterBot Tango round 4
2024-10-14 22:40:16.053954 Hotel: We should add Uniform
ChatterBot Foxtrot reevaluating
2024-10-14 22:40:16.074853 X-ray: No
2024-10-14 22:40:16.075080 Tango: Yes
2024-10-14 22:40:16.075633 Mike: No
2024-10-14 22:40:16.075852 Foxtrot: Yes
2024-10-14 22:40:16.076028 Papa: Yes
ChatterBot Foxtrot reevaluating
ChatterBot Mike reevaluating
ChatterBot Foxtrot reevaluating
ChatterBot Foxtrot reevaluating
ChatterBot Mike reevaluating
ChatterBot Mike reevaluating
ChatterBot Foxtrot reevaluating
ChatterBot X-ray round 4
ChatterBot Alpha round 4
ChatterBot Whiskey round 4
ChatterBot Uniform round 4
ChatterBot Zulu round 4
2024-10-14 22:40:16.179503 Hotel: Uniform we want you to join our group
2024-10-14 22:40:16.182931 Uniform: Yes
ChatterBot Foxtrot reevaluating
ChatterBot Mike reevaluating
2024-10-14 22:40:16.230743 Mike: Uniform we want you to join our group
2024-10-14 22:40:16.234736 Uniform: Yes
ChatterBot Mike reevaluating
2024-10-14 22:40:16.258142 Foxtrot: Uniform we want you to join our group
2024-10-14 22:40:16.262328 Uniform: Yes
2024-10-14 22:40:16.284002 Whiskey: We should drop Zulu
2024-10-14 22:40:16.287685 Alpha: No
2024-10-14 22:40:16.291830 Alpha: We should drop Hotel
2024-10-14 22:40:16.301301 Zulu: Yes
2024-10-14 22:40:16.301494 Whiskey: Yes
2024-10-14 22:40:16.302096 Uniform: No
2024-10-14 22:40:16.330323 Papa: Same as last round
2024-10-14 22:40:16.333670 Tango: Foxtrot, Hotel, Papa and Uniform, sending you 3
2024-10-14 22:40:16.334331 X-ray: Foxtrot, sending you 5
2024-10-14 22:40:16.335415 Uniform: Hotel, Mike and X-ray, sending you 1
2024-10-14 22:40:16.335877 Zulu: Alpha, sending you 4
2024-10-14 22:40:16.336161 Hotel: Foxtrot, Papa and Tango, sending you 3
2024-10-14 22:40:16.336727 Tango: Mike, sending you 2
2024-10-14 22:40:16.338689 Uniform: Papa, sending you 8
2024-10-14 22:40:16.339507 Zulu: Whiskey, sending you 6
2024-10-14 22:40:16.339943 X-ray: Hotel and Mike, sending you 3
2024-10-14 22:40:16.341197 Tango: X-ray, sending you 1
2024-10-14 22:40:16.341898 Hotel: Mike, X-ray and Uniform, sending you 2
2024-10-14 22:40:16.343661 Uniform: Tango, sending you 5
2024-10-14 22:40:16.344682 Zulu: Uniform, sending you 2
2024-10-14 22:40:16.345571 X-ray: Papa, sending you 4
2024-10-14 22:40:16.346216 Whiskey: Same as last round
2024-10-14 22:40:16.346417 Alpha: Whiskey, sending you 8
2024-10-14 22:40:16.348672 X-ray: Tango, sending you 2
2024-10-14 22:40:16.349686 Mike: Foxtrot and Papa, sending you 4
2024-10-14 22:40:16.351028 Foxtrot: Hotel, Mike, Papa and X-ray, sending you 3
2024-10-14 22:40:16.351698 Alpha: Uniform, sending you 4
2024-10-14 22:40:16.353676 Mike: Hotel, Tango and X-ray, sending you 3
2024-10-14 22:40:16.355666 Foxtrot: Tango and Uniform, sending you 2
2024-10-14 22:40:16.356423 Alpha: Zulu, sending you 6
2024-10-14 22:40:16.356896 Mike: Uniform, sending you 1
chatterbot Uniform submitting transactions
chatterbot X-ray submitting transactions
chatterbot Tango submitting transactions
chatterbot Papa submitting transactions
chatterbot Hotel submitting transactions
chatterbot Foxtrot submitting transactions
chatterbot Alpha submitting transactions
chatterbot Zulu submitting transactions
chatterbot Whiskey submitting transactions
chatterbot Mike submitting transactions
ChatterBot Foxtrot round 5
ChatterBot Hotel round 5
ChatterBot Mike round 5
ChatterBot Papa round 5
ChatterBot Tango round 5
ChatterBot X-ray round 5
ChatterBot Alpha round 5
ChatterBot Whiskey round 5
ChatterBot Uniform round 5
ChatterBot Zulu round 5
2024-10-14 22:40:17.537037 X-ray: We should add Uniform
2024-10-14 22:40:17.549903 Tango: Yes
2024-10-14 22:40:17.550092 Hotel: Yes
2024-10-14 22:40:17.550237 Mike: Yes
2024-10-14 22:40:17.550374 Foxtrot: Yes
2024-10-14 22:40:17.550501 Papa: Yes
2024-10-14 22:40:17.616161 X-ray: Uniform we want you to join our group
2024-10-14 22:40:17.619173 Uniform: Yes
2024-10-14 22:40:17.640993 Foxtrot: Hotel, Mike and Papa, sending you 3
2024-10-14 22:40:17.641543 Mike: Foxtrot and Papa, sending you 4
2024-10-14 22:40:17.641982 Papa: Same as last round
2024-10-14 22:40:17.642435 Alpha: Whiskey, sending you 8
2024-10-14 22:40:17.642747 Hotel: Foxtrot, Papa and Tango, sending you 3
2024-10-14 22:40:17.646296 Foxtrot: Tango, sending you 2
2024-10-14 22:40:17.646939 Mike: Hotel, Tango and X-ray, sending you 3
2024-10-14 22:40:17.647708 Alpha: Uniform, sending you 4
2024-10-14 22:40:17.648061 Hotel: Mike, X-ray and Uniform, sending you 2
2024-10-14 22:40:17.649689 Mike: Uniform, sending you 1
2024-10-14 22:40:17.650671 Foxtrot: X-ray, sending you 4
2024-10-14 22:40:17.651834 Alpha: Zulu, sending you 6
2024-10-14 22:40:17.652320 Tango: Foxtrot, Mike and X-ray, sending you 2
2024-10-14 22:40:17.653065 Zulu: Alpha and Whiskey, sending you 5
2024-10-14 22:40:17.653668 X-ray: Foxtrot and Papa, sending you 4
2024-10-14 22:40:17.654873 Foxtrot: Uniform, sending you 1
2024-10-14 22:40:17.655825 Whiskey: Sending you 8
2024-10-14 22:40:17.656675 Zulu: Uniform, sending you 2
2024-10-14 22:40:17.657768 Tango: Hotel, Papa and Uniform, sending you 3
2024-10-14 22:40:17.658822 X-ray: Hotel and Mike, sending you 3
2024-10-14 22:40:17.660680 Uniform: Foxtrot and Hotel, sending you 2
2024-10-14 22:40:17.661695 X-ray: Tango, sending you 2
2024-10-14 22:40:17.664687 Uniform: Mike and X-ray, sending you 1
2024-10-14 22:40:17.666042 X-ray: Uniform, sending you 1
2024-10-14 22:40:17.669698 Uniform: Papa, sending you 6
2024-10-14 22:40:17.674682 Uniform: Tango, sending you 4
chatterbot Foxtrot submitting transactions
chatterbot Hotel submitting transactions
chatterbot Zulu submitting transactions
chatterbot Uniform submitting transactions
chatterbot Papa submitting transactions
chatterbot Tango submitting transactions
chatterbot Mike submitting transactions
chatterbot Alpha submitting transactions
chatterbot Whiskey submitting transactions
chatterbot X-ray submitting transactions
ChatterBot Foxtrot round 6
ChatterBot Hotel round 6
ChatterBot Mike round 6
ChatterBot Papa round 6
ChatterBot Tango round 6
ChatterBot X-ray round 6
ChatterBot Alpha round 6
ChatterBot Whiskey round 6
ChatterBot Uniform round 6
ChatterBot Zulu round 6
2024-10-14 22:40:18.763918 Foxtrot: Hotel, Mike, Papa and X-ray, sending you 3
2024-10-14 22:40:18.767665 Alpha: Whiskey, sending you 8
2024-10-14 22:40:18.768033 Tango: Foxtrot, Mike and X-ray, sending you 2
2024-10-14 22:40:18.769070 Foxtrot: Tango and Uniform, sending you 2
2024-10-14 22:40:18.769607 X-ray: Foxtrot and Papa, sending you 4
2024-10-14 22:40:18.770136 Papa: Same as last round
2024-10-14 22:40:18.771653 Tango: Hotel, Papa and Uniform, sending you 3
2024-10-14 22:40:18.772677 Alpha: Uniform, sending you 4
2024-10-14 22:40:18.774668 X-ray: Hotel and Mike, sending you 3
2024-10-14 22:40:18.777678 Mike: Foxtrot and Papa, sending you 4
2024-10-14 22:40:18.778607 Alpha: Zulu, sending you 6
2024-10-14 22:40:18.778902 Hotel: Foxtrot, Papa and Tango, sending you 3
2024-10-14 22:40:18.779406 Uniform: Foxtrot and Hotel, sending you 2
2024-10-14 22:40:18.779927 X-ray: Tango, sending you 2
2024-10-14 22:40:18.780962 Mike: Hotel, Tango and X-ray, sending you 3
2024-10-14 22:40:18.782810 Hotel: Mike, X-ray and Uniform, sending you 2
2024-10-14 22:40:18.783495 Uniform: Mike and X-ray, sending you 1
2024-10-14 22:40:18.785677 X-ray: Uniform, sending you 1
2024-10-14 22:40:18.786305 Mike: Uniform, sending you 1
2024-10-14 22:40:18.786883 Whiskey: Same as last round
2024-10-14 22:40:18.787147 Zulu: Alpha, sending you 6
2024-10-14 22:40:18.788022 Uniform: Papa, sending you 6
2024-10-14 22:40:18.791700 Zulu: Whiskey, sending you 4
2024-10-14 22:40:18.793667 Uniform: Tango, sending you 4
2024-10-14 22:40:18.795657 Zulu: Uniform, sending you 2
chatterbot Mike submitting transactions
chatterbot Papa submitting transactions
chatterbot Zulu submitting transactions
chatterbot X-ray submitting transactions
chatterbot Foxtrot submitting transactions
chatterbot Hotel submitting transactions
chatterbot Alpha submitting transactions
chatterbot Tango submitting transactions
chatterbot Uniform submitting transactions
chatterbot Whiskey submitting transactions
ChatterBot Foxtrot round 7
ChatterBot Hotel round 7
ChatterBot Mike round 7
ChatterBot Papa round 7
ChatterBot Tango round 7
ChatterBot X-ray round 7
ChatterBot Alpha round 7
ChatterBot Whiskey round 7
ChatterBot Uniform round 7
ChatterBot Zulu round 7
2024-10-14 22:40:20.090707 Mike: Foxtrot and Papa, sending you 4
2024-10-14 22:40:20.092847 X-ray: Foxtrot and Papa, sending you 4
2024-10-14 22:40:20.094644 Zulu: We should drop Uniform
ChatterBot Whiskey reevaluating
ChatterBot Alpha reevaluating
2024-10-14 22:40:20.104332 Whiskey: Yes
2024-10-14 22:40:20.104731 Alpha: Yes
ChatterBot Alpha reevaluating
ChatterBot Whiskey reevaluating
2024-10-14 22:40:20.125104 Alpha: We should replace Uniform with Foxtrot
ChatterBot Whiskey reevaluating
2024-10-14 22:40:20.133967 Whiskey: No
2024-10-14 22:40:20.134302 Zulu: No
ChatterBot Alpha reevaluating
ChatterBot Whiskey reevaluating
ChatterBot Alpha reevaluating
2024-10-14 22:40:20.147013 Mike: Hotel, Tango and X-ray, sending you 3
2024-10-14 22:40:20.147732 X-ray: Hotel and Mike, sending you 3
2024-10-14 22:40:20.150696 Papa: Same as last round
2024-10-14 22:40:20.151675 Mike: Uniform, sending you 1
2024-10-14 22:40:20.152916 X-ray: Tango, sending you 2
2024-10-14 22:40:20.153807 Foxtrot: Hotel, Mike, Papa and X-ray, sending you 3
2024-10-14 22:40:20.154507 Uniform: Foxtrot and Hotel, sending you 2
2024-10-14 22:40:20.155295 Hotel: Foxtrot, Papa and Tango, sending you 3
2024-10-14 22:40:20.156493 Tango: Foxtrot, Mike and X-ray, sending you 2
2024-10-14 22:40:20.157433 Alpha: Foxtrot we want you to join our group
2024-10-14 22:40:20.160888 Foxtrot: No
ChatterBot Alpha reevaluating
ChatterBot Whiskey reevaluating
2024-10-14 22:40:20.170443 Alpha: We should replace Uniform with Mike
2024-10-14 22:40:20.170809 Whiskey: We should replace Alpha with Zulu
ChatterBot Whiskey reevaluating
2024-10-14 22:40:20.177305 Zulu: No
2024-10-14 22:40:20.178868 Whiskey: No
ChatterBot Whiskey reevaluating
ChatterBot Alpha reevaluating
ChatterBot Alpha reevaluating
2024-10-14 22:40:20.195767 Foxtrot: Tango and Uniform, sending you 2
2024-10-14 22:40:20.197215 X-ray: Uniform, sending you 1
2024-10-14 22:40:20.198418 Hotel: Mike, X-ray and Uniform, sending you 2
2024-10-14 22:40:20.199091 Uniform: Mike and X-ray, sending you 1
2024-10-14 22:40:20.200229 Tango: Hotel, Papa and Uniform, sending you 3
2024-10-14 22:40:20.203687 Uniform: Papa, sending you 6
2024-10-14 22:40:20.205664 Zulu: Alpha, sending you 8
2024-10-14 22:40:20.207653 Uniform: Tango, sending you 4
2024-10-14 22:40:20.211168 Zulu: Whiskey, sending you 4
2024-10-14 22:40:20.225085 Whiskey: Same as last round
2024-10-14 22:40:20.237672 Alpha: Foxtrot, sending you 4
2024-10-14 22:40:20.241673 Alpha: Whiskey, sending you 8
2024-10-14 22:40:20.245670 Alpha: Zulu, sending you 6
chatterbot Hotel submitting transactions
chatterbot X-ray submitting transactions
chatterbot Uniform submitting transactions
chatterbot Papa submitting transactions
chatterbot Tango submitting transactions
chatterbot Foxtrot submitting transactions
chatterbot Mike submitting transactions
chatterbot Alpha submitting transactions
chatterbot Whiskey submitting transactions
chatterbot Zulu submitting transactions
ChatterBot Foxtrot round 8
ChatterBot Hotel round 8
ChatterBot Mike round 8
ChatterBot Papa round 8
ChatterBot Tango round 8
ChatterBot X-ray round 8
ChatterBot Alpha round 8
ChatterBot Whiskey round 8
ChatterBot Uniform round 8
ChatterBot Zulu round 8
2024-10-14 22:40:21.059045 Alpha: We should group up
2024-10-14 22:40:21.078289 Foxtrot: No
2024-10-14 22:40:21.078483 Hotel: No
2024-10-14 22:40:21.078645 Mike: No
2024-10-14 22:40:21.078802 Papa: No
2024-10-14 22:40:21.078943 Tango: No
2024-10-14 22:40:21.079498 X-ray: No
2024-10-14 22:40:21.079671 Uniform: No
ChatterBot Alpha reevaluating
ChatterBot Alpha reevaluating
ChatterBot Alpha reevaluating
ChatterBot Alpha reevaluating
ChatterBot Alpha reevaluating
ChatterBot Alpha reevaluating
ChatterBot Alpha reevaluating
2024-10-14 22:40:21.185681 Foxtrot: Hotel, Mike, Papa and X-ray, sending you 3
2024-10-14 22:40:21.186984 Hotel: Foxtrot, Papa and Tango, sending you 3
2024-10-14 22:40:21.191669 Foxtrot: Tango and Uniform, sending you 2
2024-10-14 22:40:21.192779 Hotel: Mike, X-ray and Uniform, sending you 2
2024-10-14 22:40:21.193449 Tango: Foxtrot, Mike and X-ray, sending you 2
2024-10-14 22:40:21.196666 Papa: Same as last round
2024-10-14 22:40:21.197341 Tango: Hotel, Papa and Uniform, sending you 3
2024-10-14 22:40:21.202646 Mike: Foxtrot and Papa, sending you 4
2024-10-14 22:40:21.203254 Uniform: Foxtrot, sending you 2
2024-10-14 22:40:21.203967 Whiskey: Same as last round
2024-10-14 22:40:21.204675 Alpha: Foxtrot, sending you 1
2024-10-14 22:40:21.205683 X-ray: Foxtrot and Papa, sending you 4
2024-10-14 22:40:21.206663 Mike: Hotel, Tango and X-ray, sending you 3
2024-10-14 22:40:21.208666 Uniform: Hotel, sending you 3
2024-10-14 22:40:21.209712 X-ray: Hotel and Mike, sending you 3
2024-10-14 22:40:21.210771 Zulu: Alpha, sending you 8
2024-10-14 22:40:21.211828 Uniform: Mike and X-ray, sending you 1
2024-10-14 22:40:21.212664 Mike: Uniform, sending you 1
2024-10-14 22:40:21.213663 X-ray: Tango, sending you 2
2024-10-14 22:40:21.214332 Zulu: Whiskey, sending you 4
2024-10-14 22:40:21.216648 Uniform: Papa, sending you 5
2024-10-14 22:40:21.217313 X-ray: Uniform, sending you 1
2024-10-14 22:40:21.221661 Uniform: Tango, sending you 4
chatterbot X-ray submitting transactions
chatterbot Alpha submitting transactions
chatterbot Papa submitting transactions
chatterbot Hotel submitting transactions
chatterbot Mike submitting transactions
chatterbot Foxtrot submitting transactions
chatterbot Tango submitting transactions
chatterbot Uniform submitting transactions
chatterbot Whiskey submitting transactions
chatterbot Zulu submitting transactions
ChatterBot Foxtrot round 9
ChatterBot Hotel round 9
ChatterBot Mike round 9
ChatterBot Papa round 9
ChatterBot Tango round 9
ChatterBot X-ray round 9
ChatterBot Alpha round 9
ChatterBot Whiskey round 9
ChatterBot Uniform round 9
ChatterBot Zulu round 9
2024-10-14 22:40:22.310682 Mike: Foxtrot and Papa, sending you 4
2024-10-14 22:40:22.314664 Hotel: Foxtrot, Papa and Tango, sending you 3
2024-10-14 22:40:22.316655 Mike: Hotel, Tango and X-ray, sending you 3
2024-10-14 22:40:22.317671 Tango: Foxtrot, Mike and X-ray, sending you 2
2024-10-14 22:40:22.318824 Foxtrot: Hotel, Mike, Papa and X-ray, sending you 3
2024-10-14 22:40:22.320204 Hotel: Mike, X-ray and Uniform, sending you 2
2024-10-14 22:40:22.321215 Whiskey: I was attacked by Alpha
ChatterBot Alpha reevaluating
2024-10-14 22:40:22.323475 Whiskey: I'm keeping this round to protect myself
2024-10-14 22:40:22.323814 Whiskey: Ow
2024-10-14 22:40:22.324348 Mike: Uniform, sending you 1
2024-10-14 22:40:22.325392 Foxtrot: Tango and Uniform, sending you 2
2024-10-14 22:40:22.326776 Uniform: Foxtrot and Hotel, sending you 3
2024-10-14 22:40:22.327918 Tango: Hotel, Papa and Uniform, sending you 3
2024-10-14 22:40:22.330670 Uniform: Mike and X-ray, sending you 1
2024-10-14 22:40:22.332674 Papa: Same as last round
2024-10-14 22:40:22.333824 Zulu: Alpha, sending you 8
2024-10-14 22:40:22.334130 X-ray: Foxtrot and Papa, sending you 4
2024-10-14 22:40:22.335017 Uniform: Papa and Tango, sending you 4
2024-10-14 22:40:22.338670 Zulu: Whiskey, sending you 4
2024-10-14 22:40:22.338990 X-ray: Hotel and Mike, sending you 3
2024-10-14 22:40:22.342676 X-ray: Tango, sending you 2
2024-10-14 22:40:22.345662 X-ray: Uniform, sending you 1
2024-10-14 22:40:22.351661 Alpha: Foxtrot, sending you 6
2024-10-14 22:40:22.355671 Alpha: Papa, sending you 1
2024-10-14 22:40:22.359668 Alpha: Tango and X-ray, sending you 3
2024-10-14 22:40:22.363666 Alpha: Uniform, sending you 5
chatterbot Hotel submitting transactions
chatterbot Uniform submitting transactions
chatterbot Mike submitting transactions
chatterbot Tango submitting transactions
chatterbot Papa submitting transactions
chatterbot Alpha submitting transactions
chatterbot X-ray submitting transactions
chatterbot Zulu submitting transactions
chatterbot Whiskey submitting transactions
chatterbot Foxtrot submitting transactions
ChatterBot Foxtrot round 10
ChatterBot Hotel round 10
ChatterBot Mike round 10
ChatterBot Papa round 10
ChatterBot Tango round 10
ChatterBot X-ray round 10
ChatterBot Alpha round 10
ChatterBot Whiskey round 10
ChatterBot Uniform round 10
ChatterBot Zulu round 10
2024-10-14 22:40:23.579585 Whiskey: We should replace Alpha with Zulu
2024-10-14 22:40:23.589754 Whiskey: Zulu we want you to join our group
2024-10-14 22:40:23.594720 Zulu: Yes
2024-10-14 22:40:23.602673 Hotel: Foxtrot, Papa and Tango, sending you 3
2024-10-14 22:40:23.603676 Foxtrot: Hotel, Mike, Papa and X-ray, sending you 3
2024-10-14 22:40:23.604947 Mike: Foxtrot and Papa, sending you 4
2024-10-14 22:40:23.606745 Hotel: Mike, X-ray and Uniform, sending you 2
2024-10-14 22:40:23.609024 Foxtrot: Tango and Uniform, sending you 2
2024-10-14 22:40:23.611189 Mike: Hotel, Tango and X-ray, sending you 3
2024-10-14 22:40:23.613235 Tango: Foxtrot, Mike and X-ray, sending you 2
2024-10-14 22:40:23.614569 Papa: Same as last round
2024-10-14 22:40:23.616273 Alpha: Foxtrot, sending you 6
2024-10-14 22:40:23.617903 Uniform: Foxtrot and Hotel, sending you 3
2024-10-14 22:40:23.620286 Mike: Uniform, sending you 1
2024-10-14 22:40:23.622161 X-ray: Foxtrot and Papa, sending you 4
2024-10-14 22:40:23.623057 Tango: Hotel, Papa and Uniform, sending you 3
2024-10-14 22:40:23.624088 Alpha: Papa, sending you 1
2024-10-14 22:40:23.625300 Uniform: Mike and X-ray, sending you 1
2024-10-14 22:40:23.626708 Zulu: Alpha, sending you 8
2024-10-14 22:40:23.627179 X-ray: Hotel and Mike, sending you 3
2024-10-14 22:40:23.629379 Uniform: Papa and Tango, sending you 4
2024-10-14 22:40:23.630346 Alpha: Tango and X-ray, sending you 3
2024-10-14 22:40:23.631600 Zulu: Whiskey, sending you 4
2024-10-14 22:40:23.633702 X-ray: Tango, sending you 2
2024-10-14 22:40:23.636017 Alpha: Uniform, sending you 5
2024-10-14 22:40:23.638674 X-ray: Uniform, sending you 1
chatterbot Uniform submitting transactions
chatterbot X-ray submitting transactions
chatterbot Whiskey submitting transactions
chatterbot Alpha submitting transactions
chatterbot Mike submitting transactions
chatterbot Papa submitting transactions
chatterbot Tango submitting transactions
chatterbot Hotel submitting transactions
chatterbot Zulu submitting transactions
chatterbot Foxtrot submitting transactions
ChatterBot Foxtrot round 11
ChatterBot Hotel round 11
ChatterBot Mike round 11
ChatterBot Papa round 11
ChatterBot Tango round 11
ChatterBot X-ray round 11
ChatterBot Alpha round 11
ChatterBot Whiskey round 11
ChatterBot Uniform round 11
ChatterBot Zulu round 11
2024-10-14 22:40:24.411104 X-ray: Foxtrot and Papa, sending you 4
2024-10-14 22:40:24.413189 Papa: Same as last round
2024-10-14 22:40:24.414546 Hotel: Foxtrot, Papa and Tango, sending you 3
2024-10-14 22:40:24.416418 X-ray: Hotel and Mike, sending you 3
2024-10-14 22:40:24.418721 Foxtrot: Hotel, Mike, Papa and X-ray, sending you 3
2024-10-14 22:40:24.421187 Hotel: Mike, X-ray and Uniform, sending you 2
2024-10-14 22:40:24.422709 X-ray: Tango, sending you 2
2024-10-14 22:40:24.424829 Foxtrot: Tango and Uniform, sending you 2
2024-10-14 22:40:24.426607 Zulu: Alpha, sending you 8
2024-10-14 22:40:24.428687 X-ray: Uniform, sending you 1
2024-10-14 22:40:24.430664 Tango: Foxtrot, Mike and X-ray, sending you 2
2024-10-14 22:40:24.431716 Alpha: Foxtrot, sending you 10
2024-10-14 22:40:24.432589 Zulu: Whiskey, sending you 4
2024-10-14 22:40:24.432937 Mike: Foxtrot and Papa, sending you 4
2024-10-14 22:40:24.434690 Alpha: Uniform, sending you 8
2024-10-14 22:40:24.437091 Tango: Hotel, Papa and Uniform, sending you 3
2024-10-14 22:40:24.438110 Mike: Hotel, Tango and X-ray, sending you 3
2024-10-14 22:40:24.439380 Uniform: Foxtrot and Hotel, sending you 3
2024-10-14 22:40:24.442672 Mike: Uniform, sending you 1
2024-10-14 22:40:24.444700 Uniform: Mike and X-ray, sending you 1
2024-10-14 22:40:24.450173 Uniform: Papa and Tango, sending you 4
chatterbot Zulu submitting transactions
chatterbot Mike submitting transactions
chatterbot Foxtrot submitting transactions
chatterbot Tango submitting transactions
chatterbot Alpha submitting transactions
chatterbot Whiskey submitting transactions
chatterbot X-ray submitting transactions
chatterbot Hotel submitting transactions
chatterbot Uniform submitting transactions
chatterbot Papa submitting transactions
ChatterBot Foxtrot round 12
ChatterBot Hotel round 12
ChatterBot Mike round 12
ChatterBot Papa round 12
ChatterBot Tango round 12
ChatterBot X-ray round 12
ChatterBot Alpha round 12
ChatterBot Whiskey round 12
ChatterBot Uniform round 12
ChatterBot Zulu round 12
2024-10-14 22:40:25.455673 Foxtrot: Hotel, Mike, Papa and X-ray, sending you 3
2024-10-14 22:40:25.458684 Tango: Foxtrot, Mike and X-ray, sending you 2
2024-10-14 22:40:25.462113 X-ray: Foxtrot and Papa, sending you 4
2024-10-14 22:40:25.464874 Zulu: Alpha, sending you 8
2024-10-14 22:40:25.465966 Hotel: Foxtrot, Papa and Tango, sending you 3
2024-10-14 22:40:25.468468 Mike: Foxtrot and Papa, sending you 4
2024-10-14 22:40:25.470723 Foxtrot: Tango and Uniform, sending you 2
2024-10-14 22:40:25.474024 Tango: Hotel, Papa and Uniform, sending you 3
2024-10-14 22:40:25.476770 X-ray: Hotel and Mike, sending you 3
2024-10-14 22:40:25.479016 Zulu: Whiskey, sending you 4
2024-10-14 22:40:25.479638 Alpha: Foxtrot, sending you 10
2024-10-14 22:40:25.482080 Hotel: Mike, X-ray and Uniform, sending you 2
2024-10-14 22:40:25.484071 Mike: Hotel, Tango and X-ray, sending you 3
2024-10-14 22:40:25.486122 Papa: Same as last round
2024-10-14 22:40:25.488688 Uniform: Foxtrot and Hotel, sending you 3
2024-10-14 22:40:25.491373 Whiskey: Sending you 4
2024-10-14 22:40:25.491739 X-ray: Tango, sending you 2
2024-10-14 22:40:25.492907 Alpha: Uniform, sending you 8
2024-10-14 22:40:25.493646 Mike: Uniform, sending you 1
2024-10-14 22:40:25.495716 Uniform: Mike and X-ray, sending you 1
2024-10-14 22:40:25.497295 X-ray: Uniform, sending you 1
2024-10-14 22:40:25.501746 Uniform: Papa and Tango, sending you 4
chatterbot Uniform submitting transactions
chatterbot Tango submitting transactions
chatterbot Foxtrot submitting transactions
chatterbot Papa submitting transactions
chatterbot Alpha submitting transactions
chatterbot Zulu submitting transactions
chatterbot Whiskey submitting transactions
chatterbot Mike submitting transactions
chatterbot X-ray submitting transactions
chatterbot Hotel submitting transactions
ChatterBot Foxtrot round 13
ChatterBot Hotel round 13
ChatterBot Mike round 13
ChatterBot Papa round 13
ChatterBot Tango round 13
ChatterBot X-ray round 13
ChatterBot Alpha round 13
ChatterBot Whiskey round 13
ChatterBot Uniform round 13
ChatterBot Zulu round 13
2024-10-14 22:40:26.742694 Zulu: Sending you each 6
2024-10-14 22:40:26.745715 Alpha: Foxtrot, sending you 10
2024-10-14 22:40:26.747172 Papa: Same as last round
2024-10-14 22:40:26.748794 Tango: Foxtrot, Mike and X-ray, sending you 2
2024-10-14 22:40:26.749869 Alpha: Uniform, sending you 8
2024-10-14 22:40:26.750822 Foxtrot: Hotel, Mike, Papa and X-ray, sending you 3
2024-10-14 22:40:26.752280 X-ray: Foxtrot and Papa, sending you 4
2024-10-14 22:40:26.753447 Mike: Foxtrot and Papa, sending you 4
2024-10-14 22:40:26.754982 Hotel: Foxtrot, Papa and Tango, sending you 3
2024-10-14 22:40:26.756258 Tango: Hotel, Papa and Uniform, sending you 3
2024-10-14 22:40:26.757912 Foxtrot: Tango and Uniform, sending you 2
2024-10-14 22:40:26.759432 X-ray: Hotel and Mike, sending you 3
2024-10-14 22:40:26.760670 Whiskey: Same as last round
2024-10-14 22:40:26.761053 Uniform: Foxtrot and Hotel, sending you 3
2024-10-14 22:40:26.762775 Mike: Hotel, Tango and X-ray, sending you 3
2024-10-14 22:40:26.763534 Hotel: Mike, X-ray and Uniform, sending you 2
2024-10-14 22:40:26.764494 X-ray: Tango, sending you 2
2024-10-14 22:40:26.765733 Uniform: Mike and X-ray, sending you 1
2024-10-14 22:40:26.766704 Mike: Uniform, sending you 1
