ChatterBot Zulu round 1
ChatterBot Kilo round 1
ChatterBot Alpha round 1
ChatterBot Hotel round 1
ChatterBot Oscar round 1
ChatterBot Golf round 1
ChatterBot Juliett round 1
ChatterBot Yankee round 1
ChatterBot Whiskey round 1
ChatterBot Delta round 1
randomSelections Kilo: {Kilo, Hotel, Golf, Zulu, Whiskey, Delta, Oscar, Yankee} 
2024-10-14 22:40:11.172331 Kilo: Let's form a team
ChatterBot Hotel reevaluating
ChatterBot Golf reevaluating
ChatterBot Zulu reevaluating
ChatterBot Whiskey reevaluating
ChatterBot Delta reevaluating
ChatterBot Oscar reevaluating
ChatterBot Yankee reevaluating
2024-10-14 22:40:11.189384 Hotel: Yes
2024-10-14 22:40:11.189556 Golf: Yes
2024-10-14 22:40:11.189811 Zulu: Yes
2024-10-14 22:40:11.190084 Whiskey: Yes
2024-10-14 22:40:11.190290 Delta: Yes
2024-10-14 22:40:11.191120 Oscar: Yes
2024-10-14 22:40:11.191355 Yankee: Yes
ChatterBot Golf reevaluating
ChatterBot Zulu reevaluating
ChatterBot Whiskey reevaluating
ChatterBot Delta reevaluating
ChatterBot Oscar reevaluating
ChatterBot Yankee reevaluating
ChatterBot Hotel reevaluating
ChatterBot Zulu reevaluating
ChatterBot Whiskey reevaluating
ChatterBot Delta reevaluating
ChatterBot Oscar reevaluating
ChatterBot Yankee reevaluating
ChatterBot Hotel reevaluating
ChatterBot Golf reevaluating
ChatterBot Whiskey reevaluating
ChatterBot Delta reevaluating
ChatterBot Oscar reevaluating
ChatterBot Yankee reevaluating
ChatterBot Hotel reevaluating
ChatterBot Golf reevaluating
ChatterBot Zulu reevaluating
ChatterBot Delta reevaluating
ChatterBot Oscar reevaluating
ChatterBot Yankee reevaluating
ChatterBot Hotel reevaluating
ChatterBot Golf reevaluating
ChatterBot Zulu reevaluating
ChatterBot Whiskey reevaluating
ChatterBot Oscar reevaluating
ChatterBot Yankee reevaluating
ChatterBot Hotel reevaluating
ChatterBot Golf reevaluating
ChatterBot Zulu reevaluating
ChatterBot Whiskey reevaluating
ChatterBot Delta reevaluating
ChatterBot Yankee reevaluating
ChatterBot Hotel reevaluating
ChatterBot Golf reevaluating
ChatterBot Zulu reevaluating
ChatterBot Whiskey reevaluating
ChatterBot Delta reevaluating
ChatterBot Oscar reevaluating
randomSelections Alpha: {Alpha, Golf, Juliett, Oscar, Yankee, Zulu, Hotel, Kilo} 
2024-10-14 22:40:11.266373 Alpha: We would work well together
ChatterBot Golf reevaluating
ChatterBot Juliett reevaluating
ChatterBot Oscar reevaluating
ChatterBot Yankee reevaluating
ChatterBot Zulu reevaluating
ChatterBot Hotel reevaluating
2024-10-14 22:40:11.274127 Golf: No
2024-10-14 22:40:11.274343 Juliett: Yes
2024-10-14 22:40:11.274485 Oscar: No
2024-10-14 22:40:11.274727 Yankee: No
2024-10-14 22:40:11.274999 Zulu: No
2024-10-14 22:40:11.275633 Hotel: No
2024-10-14 22:40:11.275969 Kilo: No
ChatterBot Juliett reevaluating
ChatterBot Oscar reevaluating
ChatterBot Yankee reevaluating
ChatterBot Zulu reevaluating
ChatterBot Hotel reevaluating
ChatterBot Golf reevaluating
ChatterBot Oscar reevaluating
ChatterBot Yankee reevaluating
ChatterBot Zulu reevaluating
ChatterBot Hotel reevaluating
ChatterBot Golf reevaluating
ChatterBot Juliett reevaluating
ChatterBot Yankee reevaluating
ChatterBot Zulu reevaluating
ChatterBot Hotel reevaluating
ChatterBot Golf reevaluating
ChatterBot Juliett reevaluating
ChatterBot Oscar reevaluating
ChatterBot Zulu reevaluating
ChatterBot Hotel reevaluating
ChatterBot Golf reevaluating
ChatterBot Juliett reevaluating
ChatterBot Oscar reevaluating
ChatterBot Yankee reevaluating
ChatterBot Hotel reevaluating
ChatterBot Golf reevaluating
ChatterBot Juliett reevaluating
ChatterBot Oscar reevaluating
ChatterBot Yankee reevaluating
ChatterBot Zulu reevaluating
ChatterBot Golf reevaluating
ChatterBot Juliett reevaluating
ChatterBot Oscar reevaluating
ChatterBot Yankee reevaluating
ChatterBot Zulu reevaluating
ChatterBot Hotel reevaluating
2024-10-14 22:40:11.350866 Juliett: Zulu and Oscar, sending you 1
2024-10-14 22:40:11.352675 Zulu: Kilo, sending you 2
2024-10-14 22:40:11.353060 Oscar: Zulu and Golf, sending you 3
2024-10-14 22:40:11.353711 Juliett: Kilo, Alpha and Hotel, sending you 2
2024-10-14 22:40:11.354678 Golf: Zulu, sending you 2
2024-10-14 22:40:11.355690 Whiskey: Zulu, sending you 4
2024-10-14 22:40:11.356026 Yankee: Zulu, Kilo, Hotel, Oscar and Delta, sending you 2
2024-10-14 22:40:11.356371 Zulu: Hotel, Oscar and Yankee, sending you 1
2024-10-14 22:40:11.356728 Oscar: Kilo and Whiskey, sending you 1
2024-10-14 22:40:11.357167 Alpha: Zulu, Juliett and Yankee, sending you 4
2024-10-14 22:40:11.357434 Juliett: Golf, sending you 4
2024-10-14 22:40:11.358666 Kilo: Zulu and Whiskey, sending you 2
2024-10-14 22:40:11.359034 Yankee: Golf, sending you 1
2024-10-14 22:40:11.359664 Golf: Kilo and Oscar, sending you 1
2024-10-14 22:40:11.360425 Oscar: Hotel, sending you 4
2024-10-14 22:40:11.360745 Hotel: Kilo and Yankee, sending you 2
2024-10-14 22:40:11.361231 Alpha: Kilo, sending you 3
2024-10-14 22:40:11.361608 Whiskey: Kilo, sending you 1
2024-10-14 22:40:11.361983 Zulu: Golf and Delta, sending you 4
2024-10-14 22:40:11.362301 Juliett: Yankee, sending you 3
2024-10-14 22:40:11.362694 Kilo: Hotel, sending you 1
2024-10-14 22:40:11.363678 Yankee: Whiskey, sending you 5
2024-10-14 22:40:11.364153 Golf: Hotel and Yankee, sending you 3
2024-10-14 22:40:11.364428 Oscar: Yankee and Delta, sending you 2
2024-10-14 22:40:11.365222 Hotel: Golf and Delta, sending you 1
2024-10-14 22:40:11.365705 Alpha: Hotel, sending you 1
2024-10-14 22:40:11.366078 Whiskey: Hotel, Golf and Delta, sending you 2
2024-10-14 22:40:11.366720 Zulu: Whiskey, sending you 3
2024-10-14 22:40:11.367325 Golf: Whiskey and Delta, sending you 4
2024-10-14 22:40:11.367873 Kilo: Oscar, sending you 4
2024-10-14 22:40:11.370676 Hotel: Whiskey, sending you 3
2024-10-14 22:40:11.371217 Whiskey: Oscar, sending you 3
2024-10-14 22:40:11.371691 Kilo: Yankee, sending you 3
chatterbot Kilo submitting transactions
chatterbot Yankee submitting transactions
chatterbot Alpha submitting transactions
chatterbot Whiskey submitting transactions
chatterbot Zulu submitting transactions
chatterbot Hotel submitting transactions
chatterbot Delta submitting transactions
chatterbot Juliett submitting transactions
chatterbot Golf submitting transactions
chatterbot Oscar submitting transactions
ChatterBot Zulu round 2
ChatterBot Kilo round 2
ChatterBot Alpha round 2
ChatterBot Hotel round 2
ChatterBot Oscar round 2
ChatterBot Golf round 2
ChatterBot Juliett round 2
ChatterBot Yankee round 2
ChatterBot Whiskey round 2
ChatterBot Delta round 2
2024-10-14 22:40:13.119159 Kilo: We would work well together
ChatterBot Zulu reevaluating
ChatterBot Hotel reevaluating
ChatterBot Oscar reevaluating
ChatterBot Golf reevaluating
ChatterBot Yankee reevaluating
ChatterBot Whiskey reevaluating
ChatterBot Alpha reevaluating
ChatterBot Juliett reevaluating
2024-10-14 22:40:13.153503 Zulu: No
2024-10-14 22:40:13.153708 Hotel: No
2024-10-14 22:40:13.153825 Oscar: No
2024-10-14 22:40:13.153939 Golf: Yes
2024-10-14 22:40:13.154044 Yankee: Yes
2024-10-14 22:40:13.154559 Whiskey: No
2024-10-14 22:40:13.154674 Alpha: Yes
2024-10-14 22:40:13.154792 Juliett: No
ChatterBot Hotel reevaluating
ChatterBot Oscar reevaluating
ChatterBot Golf reevaluating
ChatterBot Yankee reevaluating
ChatterBot Whiskey reevaluating
ChatterBot Alpha reevaluating
ChatterBot Juliett reevaluating
ChatterBot Zulu reevaluating
ChatterBot Oscar reevaluating
ChatterBot Golf reevaluating
ChatterBot Yankee reevaluating
ChatterBot Whiskey reevaluating
ChatterBot Alpha reevaluating
ChatterBot Juliett reevaluating
ChatterBot Zulu reevaluating
ChatterBot Hotel reevaluating
ChatterBot Golf reevaluating
ChatterBot Yankee reevaluating
ChatterBot Whiskey reevaluating
ChatterBot Alpha reevaluating
ChatterBot Juliett reevaluating
ChatterBot Zulu reevaluating
ChatterBot Hotel reevaluating
ChatterBot Oscar reevaluating
ChatterBot Yankee reevaluating
ChatterBot Whiskey reevaluating
ChatterBot Alpha reevaluating
ChatterBot Juliett reevaluating
ChatterBot Zulu reevaluating
ChatterBot Hotel reevaluating
ChatterBot Oscar reevaluating
ChatterBot Golf reevaluating
ChatterBot Whiskey reevaluating
ChatterBot Alpha reevaluating
ChatterBot Juliett reevaluating
ChatterBot Zulu reevaluating
ChatterBot Hotel reevaluating
ChatterBot Oscar reevaluating
ChatterBot Golf reevaluating
ChatterBot Yankee reevaluating
ChatterBot Alpha reevaluating
ChatterBot Juliett reevaluating
ChatterBot Zulu reevaluating
ChatterBot Hotel reevaluating
ChatterBot Oscar reevaluating
ChatterBot Golf reevaluating
ChatterBot Yankee reevaluating
ChatterBot Whiskey reevaluating
ChatterBot Juliett reevaluating
ChatterBot Zulu reevaluating
ChatterBot Hotel reevaluating
ChatterBot Oscar reevaluating
ChatterBot Golf reevaluating
ChatterBot Yankee reevaluating
ChatterBot Whiskey reevaluating
ChatterBot Alpha reevaluating
2024-10-14 22:40:13.468076 Oscar: We should drop Delta
ChatterBot Zulu reevaluating
2024-10-14 22:40:13.489647 Zulu: Yes
2024-10-14 22:40:13.489821 Kilo: Yes
2024-10-14 22:40:13.489937 Hotel: Yes
2024-10-14 22:40:13.490041 Golf: Yes
2024-10-14 22:40:13.490632 Yankee: Yes
2024-10-14 22:40:13.490744 Whiskey: Yes
ChatterBot Zulu reevaluating
ChatterBot Zulu reevaluating
ChatterBot Zulu reevaluating
ChatterBot Zulu reevaluating
ChatterBot Zulu reevaluating
2024-10-14 22:40:13.622335 Alpha: Whiskey we want you to join our group
2024-10-14 22:40:13.626523 Whiskey: No
2024-10-14 22:40:13.823783 Kilo: Zulu, Alpha, Hotel, Juliett and Yankee, sending you 2
2024-10-14 22:40:13.824924 Golf: Zulu and Juliett, sending you 4
2024-10-14 22:40:13.826120 Yankee: Zulu and Whiskey, sending you 1
2024-10-14 22:40:13.826665 Hotel: Zulu, Kilo, Alpha, Golf, Juliett, Yankee and Whiskey, sending you 1
2024-10-14 22:40:13.827541 Delta: Zulu, sending you 2
2024-10-14 22:40:13.828261 Juliett: Sending you 9
chatterbot Whiskey submitting transactions
chatterbot Kilo submitting transactions
chatterbot Yankee submitting transactions
2024-10-14 22:40:13.829696 Kilo: Oscar and Golf, sending you 1
2024-10-14 22:40:13.830809 Golf: Kilo, sending you 1
2024-10-14 22:40:13.831495 Yankee: Kilo, Hotel, Oscar, Golf and Juliett, sending you 2
2024-10-14 22:40:13.832564 Hotel: Oscar, sending you 2
2024-10-14 22:40:13.833691 Delta: Oscar, Golf, Yankee and Whiskey, sending you 1
2024-10-14 22:40:13.834335 Alpha: Zulu and Juliett, sending you 3
2024-10-14 22:40:13.835358 Oscar: Zulu and Golf, sending you 2
2024-10-14 22:40:13.835807 Golf: Hotel, Yankee and Whiskey, sending you 2
2024-10-14 22:40:13.837025 Yankee: Alpha, sending you 4
2024-10-14 22:40:13.855310 Oscar: Kilo, sending you 7
2024-10-14 22:40:13.855915 Alpha: Kilo, Hotel, Oscar, Golf, Yankee and Whiskey, sending you 2
2024-10-14 22:40:13.857246 Golf: Oscar, sending you 3
2024-10-14 22:40:13.903935 Zulu: Sending you each 3
2024-10-14 22:40:13.904597 Oscar: Yankee, sending you 4
2024-10-14 22:40:13.905594 Whiskey: Zulu, Kilo and Hotel, sending you 2
chatterbot Hotel submitting transactions
2024-10-14 22:40:13.948981 Whiskey: Oscar, sending you 1
2024-10-14 22:40:13.950012 Oscar: Whiskey, sending you 5
2024-10-14 22:40:14.000717 Whiskey: Golf, sending you 3
2024-10-14 22:40:14.019318 Whiskey: Yankee, sending you 4
chatterbot Alpha submitting transactions
chatterbot Delta submitting transactions
chatterbot Juliett submitting transactions
chatterbot Oscar submitting transactions
chatterbot Golf submitting transactions
chatterbot Zulu submitting transactions
ChatterBot Zulu round 3
ChatterBot Kilo round 3
ChatterBot Alpha round 3
ChatterBot Hotel round 3
ChatterBot Oscar round 3
ChatterBot Golf round 3
ChatterBot Juliett round 3
ChatterBot Yankee round 3
ChatterBot Whiskey round 3
ChatterBot Delta round 3
2024-10-14 22:40:14.868002 Oscar: We should add Alpha and Juliett
2024-10-14 22:40:14.894093 Zulu: No
2024-10-14 22:40:14.894550 Kilo: Yes
2024-10-14 22:40:14.894849 Hotel: Yes
2024-10-14 22:40:14.895771 Golf: Yes
2024-10-14 22:40:14.895938 Yankee: Yes
2024-10-14 22:40:14.896097 Whiskey: No
ChatterBot Oscar reevaluating
ChatterBot Oscar reevaluating
ChatterBot Zulu reevaluating
ChatterBot Oscar reevaluating
ChatterBot Zulu reevaluating
ChatterBot Oscar reevaluating
ChatterBot Zulu reevaluating
ChatterBot Oscar reevaluating
ChatterBot Zulu reevaluating
2024-10-14 22:40:15.081866 Alpha: We should drop Hotel
ChatterBot Zulu reevaluating
ChatterBot Oscar reevaluating
2024-10-14 22:40:15.111884 Zulu: No
2024-10-14 22:40:15.112031 Kilo: No
2024-10-14 22:40:15.112551 Oscar: No
2024-10-14 22:40:15.112655 Golf: No
2024-10-14 22:40:15.112753 Yankee: No
2024-10-14 22:40:15.112845 Whiskey: No
2024-10-14 22:40:15.112936 Juliett: Yes
ChatterBot Oscar reevaluating
ChatterBot Yankee reevaluating
ChatterBot Zulu reevaluating
ChatterBot Oscar reevaluating
ChatterBot Yankee reevaluating
ChatterBot Zulu reevaluating
ChatterBot Yankee reevaluating
ChatterBot Zulu reevaluating
ChatterBot Oscar reevaluating
ChatterBot Yankee reevaluating
ChatterBot Zulu reevaluating
ChatterBot Oscar reevaluating
ChatterBot Zulu reevaluating
ChatterBot Oscar reevaluating
ChatterBot Yankee reevaluating
ChatterBot Zulu reevaluating
ChatterBot Oscar reevaluating
ChatterBot Yankee reevaluating
2024-10-14 22:40:15.434513 Yankee: We should drop Alpha and Juliett
ChatterBot Oscar reevaluating
ChatterBot Zulu reevaluating
ChatterBot Kilo reevaluating
2024-10-14 22:40:15.581720 Oscar: Yes
2024-10-14 22:40:15.582120 Zulu: Yes
2024-10-14 22:40:15.582484 Kilo: Yes
2024-10-14 22:40:15.582739 Hotel: No
2024-10-14 22:40:15.583540 Golf: No
2024-10-14 22:40:15.583846 Whiskey: Yes
ChatterBot Zulu reevaluating
ChatterBot Kilo reevaluating
ChatterBot Oscar reevaluating
ChatterBot Kilo reevaluating
ChatterBot Oscar reevaluating
ChatterBot Zulu reevaluating
ChatterBot Hotel reevaluating
ChatterBot Oscar reevaluating
ChatterBot Zulu reevaluating
ChatterBot Kilo reevaluating
ChatterBot Oscar reevaluating
ChatterBot Zulu reevaluating
ChatterBot Kilo reevaluating
ChatterBot Hotel reevaluating
ChatterBot Oscar reevaluating
ChatterBot Zulu reevaluating
ChatterBot Kilo reevaluating
ChatterBot Hotel reevaluating
chatterbot Juliett submitting transactions
chatterbot Alpha submitting transactions
2024-10-14 22:40:15.793199 Whiskey: Zulu, Oscar, Golf and Yankee, sending you 3
2024-10-14 22:40:15.794431 Golf: Zulu, sending you 4
2024-10-14 22:40:15.796224 Juliett: Same as last round
2024-10-14 22:40:15.796843 Alpha: Kilo, Oscar, Golf, Juliett, Yankee and Whiskey, sending you 3
2024-10-14 22:40:15.798830 Whiskey: Hotel, sending you 2
2024-10-14 22:40:15.800381 Golf: Alpha, Hotel, Juliett and Yankee, sending you 2
2024-10-14 22:40:15.802476 Delta: Zulu, sending you 3
2024-10-14 22:40:15.816841 Yankee: Zulu, Kilo, Oscar, Golf and Whiskey, sending you 3
2024-10-14 22:40:15.818913 Golf: Oscar and Whiskey, sending you 3
2024-10-14 22:40:15.821234 Delta: Hotel, Oscar, Yankee and Whiskey, sending you 1
2024-10-14 22:40:15.823393 Yankee: Hotel, sending you 1
2024-10-14 22:40:15.828235 Delta: Golf, sending you 2
2024-10-14 22:40:15.830298 Oscar: Zulu, Kilo and Golf, sending you 4
2024-10-14 22:40:15.832042 Zulu: Same as last round
2024-10-14 22:40:15.843153 Oscar: Hotel, sending you 2
2024-10-14 22:40:15.844378 Kilo: Zulu, Hotel, Yankee and Whiskey, sending you 2
2024-10-14 22:40:15.848761 Hotel: Zulu, Golf, Yankee and Whiskey, sending you 2
2024-10-14 22:40:15.849885 Oscar: Yankee and Whiskey, sending you 3
chatterbot Kilo submitting transactions
2024-10-14 22:40:15.850647 Kilo: Oscar, sending you 3
2024-10-14 22:40:15.854704 Hotel: Oscar, sending you 1
2024-10-14 22:40:15.855861 Kilo: Golf, sending you 1
chatterbot Whiskey submitting transactions
chatterbot Kilo submitting transactions
chatterbot Hotel submitting transactions
chatterbot Golf submitting transactions
chatterbot Oscar submitting transactions
chatterbot Delta submitting transactions
chatterbot Hotel submitting transactions
chatterbot Zulu submitting transactions
chatterbot Yankee submitting transactions
ChatterBot Zulu round 4
ChatterBot Kilo round 4
ChatterBot Alpha round 4
ChatterBot Hotel round 4
ChatterBot Oscar round 4
ChatterBot Golf round 4
ChatterBot Juliett round 4
ChatterBot Yankee round 4
ChatterBot Whiskey round 4
ChatterBot Delta round 4
2024-10-14 22:40:16.785952 Alpha: We should add Hotel
ChatterBot Golf reevaluating
2024-10-14 22:40:16.806034 Zulu: Yes
2024-10-14 22:40:16.806288 Kilo: Yes
2024-10-14 22:40:16.806452 Oscar: Yes
2024-10-14 22:40:16.806595 Golf: Yes
2024-10-14 22:40:16.806806 Yankee: Yes
2024-10-14 22:40:16.807349 Whiskey: Yes
2024-10-14 22:40:16.807553 Juliett: No
ChatterBot Golf reevaluating
ChatterBot Golf reevaluating
ChatterBot Golf reevaluating
ChatterBot Golf reevaluating
ChatterBot Golf reevaluating
ChatterBot Golf reevaluating
2024-10-14 22:40:17.037514 Alpha: Hotel we want you to join our group
2024-10-14 22:40:17.043527 Hotel: No
ChatterBot Golf reevaluating
2024-10-14 22:40:17.085155 Hotel: Zulu, Golf and Whiskey, sending you 2
2024-10-14 22:40:17.086093 Kilo: Zulu, sending you 3
2024-10-14 22:40:17.089963 Hotel: Kilo, Oscar and Yankee, sending you 1
2024-10-14 22:40:17.090883 Kilo: Hotel, Golf and Whiskey, sending you 1
2024-10-14 22:40:17.092464 Golf: We should drop Alpha and Juliett
2024-10-14 22:40:17.114284 Oscar: Yes
2024-10-14 22:40:17.114460 Zulu: Yes
2024-10-14 22:40:17.114606 Kilo: Yes
2024-10-14 22:40:17.114750 Hotel: Yes
2024-10-14 22:40:17.115005 Yankee: Yes
2024-10-14 22:40:17.115157 Whiskey: Yes
2024-10-14 22:40:17.224547 Whiskey: Zulu, Oscar and Yankee, sending you 3
2024-10-14 22:40:17.225465 Kilo: Oscar, sending you 4
2024-10-14 22:40:17.226684 Oscar: Zulu, Kilo, Yankee and Whiskey, sending you 4
2024-10-14 22:40:17.227751 Zulu: Same as last round
2024-10-14 22:40:17.229167 Yankee: Zulu, Kilo, Oscar and Whiskey, sending you 3
2024-10-14 22:40:17.229902 Whiskey: Kilo, sending you 1
2024-10-14 22:40:17.230608 Delta: Zulu and Golf, sending you 3
2024-10-14 22:40:17.231835 Kilo: Yankee, sending you 2
2024-10-14 22:40:17.232686 Juliett: Same as last round
2024-10-14 22:40:17.232965 Alpha: Kilo, Hotel, Oscar, Golf, Juliett and Yankee, sending you 3
2024-10-14 22:40:17.234055 Oscar: Hotel, sending you 1
2024-10-14 22:40:17.234778 Whiskey: Hotel and Golf, sending you 2
2024-10-14 22:40:17.235805 Yankee: Hotel and Golf, sending you 2
2024-10-14 22:40:17.237119 Delta: Hotel, Oscar, Yankee and Whiskey, sending you 1
2024-10-14 22:40:17.238692 Oscar: Golf, sending you 3
2024-10-14 22:40:17.247665 Golf: Zulu, sending you 5
2024-10-14 22:40:17.251964 Golf: Kilo and Hotel, sending you 2
2024-10-14 22:40:17.255683 Golf: Oscar, Yankee and Whiskey, sending you 3
chatterbot Oscar submitting transactions
chatterbot Golf submitting transactions
chatterbot Juliett submitting transactions
chatterbot Whiskey submitting transactions
chatterbot Hotel submitting transactions
chatterbot Kilo submitting transactions
chatterbot Delta submitting transactions
chatterbot Alpha submitting transactions
chatterbot Yankee submitting transactions
chatterbot Zulu submitting transactions
ChatterBot Zulu round 5
ChatterBot Kilo round 5
ChatterBot Alpha round 5
ChatterBot Hotel round 5
ChatterBot Oscar round 5
ChatterBot Golf round 5
ChatterBot Juliett round 5
ChatterBot Yankee round 5
ChatterBot Whiskey round 5
ChatterBot Delta round 5
2024-10-14 22:40:18.051901 Juliett: We should add Delta
2024-10-14 22:40:18.055905 Alpha: No
2024-10-14 22:40:18.060755 Juliett: Delta we want you to join our group
2024-10-14 22:40:18.063211 Delta: No
2024-10-14 22:40:18.068103 Zulu: Same as last round
2024-10-14 22:40:18.068774 Kilo: Zulu, sending you 3
2024-10-14 22:40:18.072695 Oscar: Zulu, Kilo, Yankee and Whiskey, sending you 4
2024-10-14 22:40:18.073836 Kilo: Hotel, Golf and Whiskey, sending you 1
2024-10-14 22:40:18.074439 Alpha: Kilo, Hotel, Oscar, Golf, Juliett and Yankee, sending you 3
2024-10-14 22:40:18.075667 Delta: Zulu and Golf, sending you 3
2024-10-14 22:40:18.076118 Whiskey: Zulu, Oscar and Yankee, sending you 3
2024-10-14 22:40:18.076588 Golf: Zulu, sending you 4
2024-10-14 22:40:18.077102 Oscar: Hotel, sending you 1
2024-10-14 22:40:18.078671 Kilo: Oscar, sending you 4
2024-10-14 22:40:18.079689 Golf: Kilo, sending you 2
2024-10-14 22:40:18.080668 Delta: Oscar, sending you 1
2024-10-14 22:40:18.081126 Whiskey: Kilo, sending you 1
2024-10-14 22:40:18.081676 Yankee: Zulu, Oscar, Golf and Whiskey, sending you 3
2024-10-14 22:40:18.082188 Oscar: Golf, sending you 3
2024-10-14 22:40:18.083056 Hotel: Zulu, Golf and Whiskey, sending you 2
2024-10-14 22:40:18.083650 Golf: Hotel, Oscar, Yankee and Whiskey, sending you 3
2024-10-14 22:40:18.084343 Kilo: Yankee, sending you 2
2024-10-14 22:40:18.084910 Whiskey: Hotel and Golf, sending you 2
2024-10-14 22:40:18.085416 Yankee: Kilo and Hotel, sending you 2
2024-10-14 22:40:18.085934 Delta: Yankee and Whiskey, sending you 2
2024-10-14 22:40:18.086703 Hotel: Kilo, Oscar and Yankee, sending you 1
2024-10-14 22:40:18.091664 Juliett: Alpha, sending you 9
chatterbot Hotel submitting transactions
chatterbot Alpha submitting transactions
chatterbot Oscar submitting transactions
chatterbot Whiskey submitting transactions
chatterbot Juliett submitting transactions
chatterbot Zulu submitting transactions
chatterbot Delta submitting transactions
chatterbot Kilo submitting transactions
chatterbot Yankee submitting transactions
chatterbot Golf submitting transactions
ChatterBot Zulu round 6
ChatterBot Kilo round 6
ChatterBot Alpha round 6
ChatterBot Hotel round 6
ChatterBot Oscar round 6
ChatterBot Golf round 6
ChatterBot Juliett round 6
ChatterBot Yankee round 6
ChatterBot Whiskey round 6
ChatterBot Delta round 6
2024-10-14 22:40:19.209674 Alpha: Kilo, Hotel, Golf, Juliett, Yankee and Whiskey, sending you 3
2024-10-14 22:40:19.214693 Kilo: Zulu and Oscar, sending you 3
2024-10-14 22:40:19.215923 Zulu: Same as last round
2024-10-14 22:40:19.217305 Golf: Zulu, sending you 4
2024-10-14 22:40:19.218873 Hotel: Zulu, Golf and Whiskey, sending you 2
2024-10-14 22:40:19.220655 Kilo: Hotel and Whiskey, sending you 1
2024-10-14 22:40:19.221918 Golf: Kilo, sending you 2
2024-10-14 22:40:19.222759 Oscar: Zulu, Kilo, Yankee and Whiskey, sending you 4
2024-10-14 22:40:19.223341 Hotel: Kilo, Oscar and Yankee, sending you 1
2024-10-14 22:40:19.223880 Delta: Zulu and Golf, sending you 3
2024-10-14 22:40:19.224796 Kilo: Golf and Yankee, sending you 2
2024-10-14 22:40:19.225464 Juliett: Alpha, sending you 9
2024-10-14 22:40:19.226683 Yankee: Zulu, Oscar, Golf and Whiskey, sending you 3
2024-10-14 22:40:19.227317 Oscar: Hotel, sending you 1
2024-10-14 22:40:19.228277 Delta: Oscar, Yankee and Whiskey, sending you 2
2024-10-14 22:40:19.228825 Golf: Hotel, Oscar, Yankee and Whiskey, sending you 3
2024-10-14 22:40:19.229684 Whiskey: Zulu, Oscar and Yankee, sending you 3
2024-10-14 22:40:19.230685 Oscar: Golf, sending you 3
2024-10-14 22:40:19.231682 Yankee: Kilo and Hotel, sending you 2
2024-10-14 22:40:19.234666 Whiskey: Kilo, sending you 1
2024-10-14 22:40:19.238657 Whiskey: Hotel and Golf, sending you 2
chatterbot Whiskey submitting transactions
chatterbot Kilo submitting transactions
chatterbot Delta submitting transactions
chatterbot Yankee submitting transactions
chatterbot Oscar submitting transactions
chatterbot Zulu submitting transactions
chatterbot Alpha submitting transactions
chatterbot Golf submitting transactions
chatterbot Juliett submitting transactions
chatterbot Hotel submitting transactions
ChatterBot Zulu round 7
ChatterBot Kilo round 7
ChatterBot Alpha round 7
ChatterBot Hotel round 7
ChatterBot Oscar round 7
ChatterBot Golf round 7
ChatterBot Juliett round 7
2024-10-14 22:40:20.339401 Golf: We should add Delta
2024-10-14 22:40:20.356628 Oscar: No
2024-10-14 22:40:20.356827 Zulu: No
2024-10-14 22:40:20.356969 Kilo: No
2024-10-14 22:40:20.357111 Hotel: No
2024-10-14 22:40:20.357729 Yankee: No
2024-10-14 22:40:20.357873 Whiskey: No
ChatterBot Golf reevaluating
ChatterBot Golf reevaluating
ChatterBot Golf reevaluating
ChatterBot Golf reevaluating
ChatterBot Golf reevaluating
ChatterBot Golf reevaluating
ChatterBot Yankee round 7
ChatterBot Whiskey round 7
ChatterBot Delta round 7
2024-10-14 22:40:20.484118 Juliett: We should drop Delta
2024-10-14 22:40:20.486778 Alpha: Yes
ChatterBot Juliett reevaluating
2024-10-14 22:40:20.501691 Zulu: Same as last round
2024-10-14 22:40:20.504675 Golf: Zulu, sending you 4
2024-10-14 22:40:20.506673 Alpha: Kilo, Hotel, Golf, Juliett, Yankee and Whiskey, sending you 3
2024-10-14 22:40:20.507261 Whiskey: Zulu, Oscar and Yankee, sending you 3
2024-10-14 22:40:20.507838 Kilo: Zulu and Oscar, sending you 3
2024-10-14 22:40:20.508320 Oscar: Zulu, Kilo, Yankee and Whiskey, sending you 4
2024-10-14 22:40:20.509933 Yankee: Zulu, Oscar, Golf and Whiskey, sending you 3
2024-10-14 22:40:20.510651 Golf: Kilo, sending you 2
2024-10-14 22:40:20.511691 Whiskey: Kilo, sending you 1
2024-10-14 22:40:20.512773 Kilo: Hotel and Whiskey, sending you 1
2024-10-14 22:40:20.514013 Oscar: Hotel, sending you 1
2024-10-14 22:40:20.514751 Yankee: Kilo and Hotel, sending you 2
2024-10-14 22:40:20.515870 Hotel: Zulu, Golf and Whiskey, sending you 2
2024-10-14 22:40:20.516934 Golf: Hotel, Oscar, Yankee and Whiskey, sending you 3
2024-10-14 22:40:20.517587 Juliett: Alpha, sending you 9
2024-10-14 22:40:20.517852 Whiskey: Hotel and Golf, sending you 2
2024-10-14 22:40:20.519083 Kilo: Golf and Yankee, sending you 2
2024-10-14 22:40:20.519742 Oscar: Golf, sending you 3
2024-10-14 22:40:20.520790 Delta: Zulu and Golf, sending you 3
2024-10-14 22:40:20.521684 Hotel: Kilo, Oscar and Yankee, sending you 1
2024-10-14 22:40:20.523678 Delta: Hotel, sending you 1
2024-10-14 22:40:20.526654 Delta: Oscar, Yankee and Whiskey, sending you 2
chatterbot Yankee submitting transactions
chatterbot Golf submitting transactions
chatterbot Alpha submitting transactions
chatterbot Delta submitting transactions
chatterbot Kilo submitting transactions
chatterbot Whiskey submitting transactions
chatterbot Hotel submitting transactions
chatterbot Oscar submitting transactions
chatterbot Juliett submitting transactions
chatterbot Zulu submitting transactions
ChatterBot Zulu round 8
ChatterBot Kilo round 8
ChatterBot Alpha round 8
ChatterBot Hotel round 8
ChatterBot Oscar round 8
ChatterBot Golf round 8
ChatterBot Juliett round 8
ChatterBot Yankee round 8
ChatterBot Whiskey round 8
ChatterBot Delta round 8
2024-10-14 22:40:21.761069 Whiskey: We should drop Hotel
ChatterBot Zulu reevaluating
2024-10-14 22:40:21.778091 Zulu: Yes
2024-10-14 22:40:21.778268 Kilo: No
2024-10-14 22:40:21.778400 Oscar: No
2024-10-14 22:40:21.778515 Golf: No
2024-10-14 22:40:21.778655 Yankee: No
ChatterBot Zulu reevaluating
ChatterBot Zulu reevaluating
ChatterBot Zulu reevaluating
ChatterBot Zulu reevaluating
2024-10-14 22:40:21.876903 Oscar: Zulu, Kilo, Yankee and Whiskey, sending you 4
2024-10-14 22:40:21.882776 Oscar: Hotel, sending you 1
2024-10-14 22:40:21.883622 Golf: Zulu, sending you 4
2024-10-14 22:40:21.884881 Hotel: Zulu, Golf and Whiskey, sending you 2
2024-10-14 22:40:21.885641 Alpha: Kilo, Golf, Juliett and Yankee, sending you 4
2024-10-14 22:40:21.886685 Kilo: Zulu and Oscar, sending you 3
2024-10-14 22:40:21.887789 Oscar: Golf, sending you 3
2024-10-14 22:40:21.888711 Hotel: Kilo, Oscar and Yankee, sending you 1
2024-10-14 22:40:21.889970 Golf: Kilo, sending you 2
2024-10-14 22:40:21.891136 Alpha: Hotel, sending you 2
2024-10-14 22:40:21.891762 Whiskey: Zulu, Oscar, Golf and Yankee, sending you 3
2024-10-14 22:40:21.892730 Kilo: Hotel and Whiskey, sending you 1
2024-10-14 22:40:21.897569 Delta: Zulu, sending you 4
2024-10-14 22:40:21.898703 Juliett: Alpha, sending you 9
2024-10-14 22:40:21.899010 Golf: Hotel, Oscar, Yankee and Whiskey, sending you 3
2024-10-14 22:40:21.900208 Whiskey: Kilo, sending you 2
2024-10-14 22:40:21.900700 Kilo: Golf and Yankee, sending you 2
2024-10-14 22:40:21.903708 Delta: Hotel, sending you 1
2024-10-14 22:40:21.904780 Zulu: Same as last round
2024-10-14 22:40:21.909158 Yankee: Zulu, Oscar, Golf and Whiskey, sending you 3
2024-10-14 22:40:21.910571 Delta: Oscar, Yankee and Whiskey, sending you 2
2024-10-14 22:40:21.912666 Yankee: Kilo and Hotel, sending you 2
2024-10-14 22:40:21.915666 Delta: Golf, sending you 3
chatterbot Oscar submitting transactions
chatterbot Yankee submitting transactions
chatterbot Whiskey submitting transactions
chatterbot Kilo submitting transactions
chatterbot Zulu submitting transactions
chatterbot Juliett submitting transactions
chatterbot Golf submitting transactions
chatterbot Alpha submitting transactions
chatterbot Delta submitting transactions
chatterbot Hotel submitting transactions
ChatterBot Zulu round 9
ChatterBot Kilo round 9
ChatterBot Alpha round 9
ChatterBot Hotel round 9
ChatterBot Oscar round 9
ChatterBot Golf round 9
ChatterBot Juliett round 9
ChatterBot Yankee round 9
ChatterBot Whiskey round 9
ChatterBot Delta round 9
2024-10-14 22:40:22.941659 Hotel: Zulu, Golf and Yankee, sending you 2
2024-10-14 22:40:22.946659 Hotel: Kilo, Oscar and Whiskey, sending you 1
2024-10-14 22:40:22.947913 Zulu: Same as last round
2024-10-14 22:40:22.949657 Oscar: Zulu, Kilo, Yankee and Whiskey, sending you 4
2024-10-14 22:40:22.951227 Yankee: Zulu, Oscar, Golf and Whiskey, sending you 3
2024-10-14 22:40:22.954694 Golf: Zulu, sending you 4
2024-10-14 22:40:22.956421 Juliett: Alpha, sending you 9
2024-10-14 22:40:22.956890 Oscar: Hotel, sending you 1
2024-10-14 22:40:22.957905 Kilo: Zulu and Oscar, sending you 3
2024-10-14 22:40:22.959131 Yankee: Kilo and Hotel, sending you 2
2024-10-14 22:40:22.961052 Whiskey: Zulu, Oscar, Golf and Yankee, sending you 3
2024-10-14 22:40:22.961773 Alpha: Kilo, Golf, Juliett and Yankee, sending you 4
2024-10-14 22:40:22.962790 Golf: Kilo, sending you 2
2024-10-14 22:40:22.963712 Delta: Zulu, sending you 4
2024-10-14 22:40:22.965144 Oscar: Golf, sending you 3
2024-10-14 22:40:22.966448 Kilo: Golf, Yankee and Whiskey, sending you 2
2024-10-14 22:40:22.967748 Whiskey: Kilo, sending you 2
2024-10-14 22:40:22.968314 Alpha: Hotel, sending you 2
2024-10-14 22:40:22.969935 Golf: Hotel, Oscar, Yankee and Whiskey, sending you 3
2024-10-14 22:40:22.971400 Delta: Hotel, sending you 1
2024-10-14 22:40:22.975727 Delta: Oscar, Yankee and Whiskey, sending you 2
2024-10-14 22:40:22.980716 Delta: Golf, sending you 3
chatterbot Kilo submitting transactions
chatterbot Hotel submitting transactions
chatterbot Alpha submitting transactions
chatterbot Whiskey submitting transactions
chatterbot Juliett submitting transactions
chatterbot Delta submitting transactions
chatterbot Zulu submitting transactions
chatterbot Oscar submitting transactions
chatterbot Golf submitting transactions
chatterbot Yankee submitting transactions
ChatterBot Zulu round 10
ChatterBot Kilo round 10
ChatterBot Alpha round 10
ChatterBot Hotel round 10
ChatterBot Oscar round 10
ChatterBot Golf round 10
ChatterBot Juliett round 10
ChatterBot Yankee round 10
ChatterBot Whiskey round 10
ChatterBot Delta round 10
2024-10-14 22:40:24.232753 Yankee: We should drop Hotel
ChatterBot Oscar reevaluating
2024-10-14 22:40:24.250056 Whiskey: Yes
2024-10-14 22:40:24.250218 Zulu: Yes
2024-10-14 22:40:24.250326 Kilo: No
2024-10-14 22:40:24.250479 Oscar: Yes
2024-10-14 22:40:24.250629 Golf: No
ChatterBot Kilo reevaluating
ChatterBot Oscar reevaluating
ChatterBot Kilo reevaluating
ChatterBot Oscar reevaluating
ChatterBot Yankee reevaluating
ChatterBot Oscar reevaluating
ChatterBot Yankee reevaluating
ChatterBot Kilo reevaluating
ChatterBot Yankee reevaluating
ChatterBot Kilo reevaluating
ChatterBot Oscar reevaluating
ChatterBot Yankee reevaluating
2024-10-14 22:40:24.330679 Juliett: We should drop Delta
2024-10-14 22:40:24.333346 Alpha: Yes
2024-10-14 22:40:24.339371 Alpha: Kilo, Golf, Juliett and Yankee, sending you 4
2024-10-14 22:40:24.340229 Golf: Zulu, sending you 4
2024-10-14 22:40:24.342034 Hotel: Zulu, Golf and Yankee, sending you 2
2024-10-14 22:40:24.343123 Alpha: Hotel, sending you 2
2024-10-14 22:40:24.345922 Golf: Kilo, sending you 2
2024-10-14 22:40:24.347636 Hotel: Kilo, Oscar and Whiskey, sending you 1
2024-10-14 22:40:24.349790 Golf: Hotel, Oscar, Yankee and Whiskey, sending you 3
2024-10-14 22:40:24.352660 Delta: Zulu, sending you 4
2024-10-14 22:40:24.354644 Whiskey: Zulu, Oscar, Golf and Yankee, sending you 3
2024-10-14 22:40:24.356807 Delta: Hotel, sending you 1
2024-10-14 22:40:24.358209 Zulu: Kilo, sending you 2
2024-10-14 22:40:24.359393 Whiskey: Kilo, sending you 2
2024-10-14 22:40:24.360696 Juliett: Same as last round
2024-10-14 22:40:24.362244 Zulu: Oscar, Golf, Yankee and Whiskey, sending you 4
2024-10-14 22:40:24.363423 Delta: Oscar, Yankee and Whiskey, sending you 2
2024-10-14 22:40:24.365351 Yankee: Zulu, Kilo, Golf and Whiskey, sending you 3
2024-10-14 22:40:24.366027 Kilo: Zulu and Oscar, sending you 3
2024-10-14 22:40:24.367675 Delta: Golf, sending you 3
2024-10-14 22:40:24.369690 Yankee: Oscar, sending you 4
2024-10-14 22:40:24.371715 Kilo: Golf, Yankee and Whiskey, sending you 2
2024-10-14 22:40:24.372791 Oscar: Sending you each 4
chatterbot Whiskey submitting transactions
chatterbot Golf submitting transactions
chatterbot Hotel submitting transactions
chatterbot Yankee submitting transactions
chatterbot Juliett submitting transactions
chatterbot Delta submitting transactions
chatterbot Zulu submitting transactions
chatterbot Oscar submitting transactions
chatterbot Kilo submitting transactions
chatterbot Alpha submitting transactions
ChatterBot Zulu round 11
ChatterBot Kilo round 11
ChatterBot Alpha round 11
ChatterBot Hotel round 11
ChatterBot Oscar round 11
ChatterBot Golf round 11
ChatterBot Juliett round 11
ChatterBot Yankee round 11
ChatterBot Whiskey round 11
ChatterBot Delta round 11
2024-10-14 22:40:25.411702 Juliett: We should add Delta
2024-10-14 22:40:25.415761 Alpha: No
ChatterBot Juliett reevaluating
2024-10-14 22:40:25.436128 Hotel: Zulu, Golf and Yankee, sending you 2
2024-10-14 22:40:25.440681 Hotel: Kilo, Oscar and Whiskey, sending you 1
2024-10-14 22:40:25.443295 Golf: Zulu, sending you 4
2024-10-14 22:40:25.444967 Whiskey: Zulu, Oscar, Golf and Yankee, sending you 3
2024-10-14 22:40:25.446475 Yankee: Zulu and Oscar, sending you 4
2024-10-14 22:40:25.447690 Juliett: Same as last round
2024-10-14 22:40:25.448668 Zulu: Kilo, sending you 2
2024-10-14 22:40:25.449732 Golf: Kilo, sending you 2
2024-10-14 22:40:25.450919 Yankee: Kilo, sending you 2
2024-10-14 22:40:25.451507 Oscar: Same as last round
2024-10-14 22:40:25.452620 Whiskey: Kilo, sending you 2
2024-10-14 22:40:25.453930 Alpha: Kilo, Golf, Juliett and Yankee, sending you 4
2024-10-14 22:40:25.456546 Kilo: Zulu and Oscar, sending you 3
2024-10-14 22:40:25.458558 Delta: Zulu and Golf, sending you 4
2024-10-14 22:40:25.461333 Zulu: Oscar, Golf, Yankee and Whiskey, sending you 4
2024-10-14 22:40:25.463521 Yankee: Golf and Whiskey, sending you 3
2024-10-14 22:40:25.465997 Golf: Hotel, Oscar, Yankee and Whiskey, sending you 3
2024-10-14 22:40:25.468512 Alpha: Hotel, sending you 2
2024-10-14 22:40:25.470606 Kilo: Golf, Yankee and Whiskey, sending you 2
2024-10-14 22:40:25.473139 Delta: Hotel, sending you 1
2024-10-14 22:40:25.477667 Delta: Oscar, Yankee and Whiskey, sending you 2
chatterbot Hotel submitting transactions
chatterbot Delta submitting transactions
chatterbot Zulu submitting transactions
chatterbot Alpha submitting transactions
chatterbot Golf submitting transactions
chatterbot Juliett submitting transactions
chatterbot Kilo submitting transactions
chatterbot Whiskey submitting transactions
chatterbot Yankee submitting transactions
chatterbot Oscar submitting transactions
ChatterBot Zulu round 12
ChatterBot Kilo round 12
ChatterBot Alpha round 12
ChatterBot Hotel round 12
ChatterBot Oscar round 12
ChatterBot Golf round 12
ChatterBot Juliett round 12
ChatterBot Yankee round 12
ChatterBot Whiskey round 12
ChatterBot Delta round 12
2024-10-14 22:40:26.665628 Juliett: We should add Delta
ChatterBot Alpha reevaluating
2024-10-14 22:40:26.669353 Alpha: Yes
2024-10-14 22:40:26.675079 Golf: We should add Delta
ChatterBot Hotel reevaluating
2024-10-14 22:40:26.690555 Oscar: No
2024-10-14 22:40:26.690741 Zulu: No
2024-10-14 22:40:26.690877 Kilo: No
2024-10-14 22:40:26.691009 Hotel: Yes
2024-10-14 22:40:26.691136 Yankee: No
2024-10-14 22:40:26.691258 Whiskey: No
ChatterBot Hotel reevaluating
ChatterBot Hotel reevaluating
ChatterBot Golf reevaluating
ChatterBot Hotel reevaluating
ChatterBot Golf reevaluating
ChatterBot Golf reevaluating
ChatterBot Hotel reevaluating
ChatterBot Golf reevaluating
ChatterBot Hotel reevaluating
ChatterBot Golf reevaluating
2024-10-14 22:40:26.783954 Juliett: Delta we want you to join our group
2024-10-14 22:40:26.786288 Delta: No
ChatterBot Alpha reevaluating
2024-10-14 22:40:26.793656 Zulu: Kilo, sending you 2
2024-10-14 22:40:26.795675 Kilo: Zulu and Oscar, sending you 3
2024-10-14 22:40:26.796433 Alpha: Delta we want you to join our group
2024-10-14 22:40:26.799376 Delta: No
ChatterBot Alpha reevaluating
ChatterBot Golf reevaluating
2024-10-14 22:40:26.818711 Zulu: Oscar, Golf, Yankee and Whiskey, sending you 4
2024-10-14 22:40:26.819537 Kilo: Golf, Yankee and Whiskey, sending you 2
2024-10-14 22:40:26.822669 Oscar: Same as last round
2024-10-14 22:40:26.823280 Yankee: Zulu and Oscar, sending you 4
2024-10-14 22:40:26.823815 Delta: Zulu and Golf, sending you 4
2024-10-14 22:40:26.824810 Hotel: Zulu, sending you 2
2024-10-14 22:40:26.825539 Juliett: Alpha, sending you 9
2024-10-14 22:40:26.825809 Whiskey: Zulu, Oscar, Golf and Yankee, sending you 3
2024-10-14 22:40:26.827707 Hotel: Kilo, Oscar, Yankee and Whiskey, sending you 1
2024-10-14 22:40:26.829670 Yankee: Kilo, sending you 2
2024-10-14 22:40:26.830414 Delta: Hotel, sending you 1
2024-10-14 22:40:26.831429 Whiskey: Kilo, sending you 2
2024-10-14 22:40:26.833727 Yankee: Golf and Whiskey, sending you 3
2024-10-14 22:40:26.835192 Hotel: Golf, sending you 3
2024-10-14 22:40:26.836078 Delta: Oscar, Yankee and Whiskey, sending you 2
2024-10-14 22:40:26.848652 Golf: Zulu, sending you 5
2024-10-14 22:40:26.852667 Golf: Kilo and Hotel, sending you 2
2024-10-14 22:40:26.854665 Alpha: Kilo, Hotel, Golf, Juliett, Yankee and Delta, sending you 3
2024-10-14 22:40:26.856655 Golf: Oscar, Yankee and Whiskey, sending you 3
chatterbot Alpha submitting transactions
chatterbot Hotel submitting transactions
chatterbot Juliett submitting transactions
chatterbot Golf submitting transactions
chatterbot Yankee submitting transactions
chatterbot Oscar submitting transactions
chatterbot Delta submitting transactions
chatterbot Kilo submitting transactions
chatterbot Zulu submitting transactions
chatterbot Whiskey submitting transactions
ChatterBot Zulu round 13
ChatterBot Kilo round 13
ChatterBot Alpha round 13
ChatterBot Hotel round 13
ChatterBot Oscar round 13
ChatterBot Golf round 13
ChatterBot Juliett round 13
ChatterBot Yankee round 13
ChatterBot Whiskey round 13
ChatterBot Delta round 13
2024-10-14 22:40:28.093170 Juliett: We should drop Alpha
2024-10-14 22:40:28.096309 Delta: Yes
ChatterBot Juliett reevaluating
2024-10-14 22:40:28.102674 Yankee: Zulu and Oscar, sending you 4
2024-10-14 22:40:28.104559 Oscar: Zulu and Yankee, sending you 5
2024-10-14 22:40:28.107480 Alpha: Kilo, Hotel, Golf, Juliett, Yankee and Delta, sending you 3
2024-10-14 22:40:28.110864 Kilo: Zulu, Golf, Yankee and Whiskey, sending you 2
2024-10-14 22:40:28.114908 Juliett: We should drop Delta
ChatterBot Alpha reevaluating
2024-10-14 22:40:28.118585 Alpha: Yes
ChatterBot Juliett reevaluating
2024-10-14 22:40:28.123133 Yankee: Kilo, sending you 2
2024-10-14 22:40:28.126544 Oscar: Kilo and Whiskey, sending you 4
2024-10-14 22:40:28.127501 Golf: Zulu, sending you 5
2024-10-14 22:40:28.130400 Zulu: Kilo, sending you 2
2024-10-14 22:40:28.132326 Kilo: Oscar, sending you 4
2024-10-14 22:40:28.135482 Delta: Zulu, sending you 5
2024-10-14 22:40:28.139320 Hotel: Zulu, sending you 2
