ChatterBot Charlie round 1
ChatterBot November round 1
ChatterBot Tango round 1
ChatterBot Romeo round 1
ChatterBot Whiskey round 1
ChatterBot X-ray round 1
ChatterBot Foxtrot round 1
ChatterBot Hotel round 1
ChatterBot Bravo round 1
ChatterBot Echo round 1
randomSelections Tango: {Tango, Whiskey, November, Echo, X-ray, Bravo} 
2024-10-14 22:40:11.149901 Tango: We should group up
ChatterBot Whiskey reevaluating
ChatterBot November reevaluating
ChatterBot Echo reevaluating
ChatterBot X-ray reevaluating
ChatterBot Bravo reevaluating
2024-10-14 22:40:11.164004 Whiskey: Yes
2024-10-14 22:40:11.164170 November: Yes
2024-10-14 22:40:11.165302 Echo: Yes
2024-10-14 22:40:11.165503 X-ray: Yes
2024-10-14 22:40:11.165656 Bravo: Yes
ChatterBot November reevaluating
ChatterBot Echo reevaluating
ChatterBot X-ray reevaluating
ChatterBot Bravo reevaluating
ChatterBot Whiskey reevaluating
ChatterBot Echo reevaluating
ChatterBot X-ray reevaluating
ChatterBot Bravo reevaluating
ChatterBot Whiskey reevaluating
ChatterBot November reevaluating
ChatterBot X-ray reevaluating
ChatterBot Bravo reevaluating
ChatterBot Whiskey reevaluating
ChatterBot November reevaluating
ChatterBot Echo reevaluating
ChatterBot Bravo reevaluating
ChatterBot Whiskey reevaluating
ChatterBot November reevaluating
ChatterBot Echo reevaluating
ChatterBot X-ray reevaluating
randomSelections Romeo: {Romeo, Hotel, Bravo, Echo, November, Whiskey, Charlie, Foxtrot} 
2024-10-14 22:40:11.226334 Romeo: Let's form a team
ChatterBot Hotel reevaluating
ChatterBot Bravo reevaluating
ChatterBot Echo reevaluating
ChatterBot November reevaluating
ChatterBot Whiskey reevaluating
ChatterBot Charlie reevaluating
ChatterBot Foxtrot reevaluating
2024-10-14 22:40:11.241645 Hotel: Yes
2024-10-14 22:40:11.242020 Bravo: No
2024-10-14 22:40:11.242387 Echo: No
2024-10-14 22:40:11.242734 November: No
2024-10-14 22:40:11.243934 Whiskey: No
2024-10-14 22:40:11.244454 Charlie: Yes
2024-10-14 22:40:11.244732 Foxtrot: Yes
ChatterBot Bravo reevaluating
ChatterBot Echo reevaluating
ChatterBot November reevaluating
ChatterBot Whiskey reevaluating
ChatterBot Charlie reevaluating
ChatterBot Foxtrot reevaluating
ChatterBot Hotel reevaluating
ChatterBot Echo reevaluating
ChatterBot November reevaluating
ChatterBot Whiskey reevaluating
ChatterBot Charlie reevaluating
ChatterBot Foxtrot reevaluating
ChatterBot Hotel reevaluating
ChatterBot Bravo reevaluating
ChatterBot November reevaluating
ChatterBot Whiskey reevaluating
ChatterBot Charlie reevaluating
ChatterBot Foxtrot reevaluating
ChatterBot Hotel reevaluating
ChatterBot Bravo reevaluating
ChatterBot Echo reevaluating
ChatterBot Whiskey reevaluating
ChatterBot Charlie reevaluating
ChatterBot Foxtrot reevaluating
ChatterBot Hotel reevaluating
ChatterBot Bravo reevaluating
ChatterBot Echo reevaluating
ChatterBot November reevaluating
ChatterBot Charlie reevaluating
ChatterBot Foxtrot reevaluating
ChatterBot Hotel reevaluating
ChatterBot Bravo reevaluating
ChatterBot Echo reevaluating
ChatterBot November reevaluating
ChatterBot Whiskey reevaluating
ChatterBot Foxtrot reevaluating
ChatterBot Hotel reevaluating
ChatterBot Bravo reevaluating
ChatterBot Echo reevaluating
ChatterBot November reevaluating
ChatterBot Whiskey reevaluating
ChatterBot Charlie reevaluating
2024-10-14 22:40:11.336657 Whiskey: November, sending you 2
2024-10-14 22:40:11.337684 Echo: November, sending you 2
2024-10-14 22:40:11.340699 Whiskey: Tango, sending you 4
2024-10-14 22:40:11.341691 Echo: Tango and Bravo, sending you 3
2024-10-14 22:40:11.343030 X-ray: November and Tango, sending you 5
2024-10-14 22:40:11.343674 Charlie: Romeo, sending you 3
2024-10-14 22:40:11.344025 Romeo: Charlie, sending you 4
2024-10-14 22:40:11.344672 Whiskey: X-ray, Bravo and Echo, sending you 3
2024-10-14 22:40:11.345062 Echo: Whiskey and X-ray, sending you 4
2024-10-14 22:40:11.345666 Foxtrot: November and Echo, sending you 1
2024-10-14 22:40:11.345975 November: Tango and Bravo, sending you 3
2024-10-14 22:40:11.346707 Tango: November and Bravo, sending you 2
2024-10-14 22:40:11.347059 Bravo: November, sending you 3
2024-10-14 22:40:11.347683 X-ray: Bravo, sending you 6
2024-10-14 22:40:11.347955 Charlie: Foxtrot, Bravo and Echo, sending you 2
2024-10-14 22:40:11.348678 Romeo: November, sending you 3
2024-10-14 22:40:11.349708 Foxtrot: Romeo and Hotel, sending you 4
2024-10-14 22:40:11.350880 Tango: Whiskey, sending you 3
2024-10-14 22:40:11.351308 November: Whiskey, sending you 5
2024-10-14 22:40:11.351663 Hotel: Charlie, sending you 2
2024-10-14 22:40:11.352029 Bravo: Tango and Echo, sending you 2
2024-10-14 22:40:11.352344 X-ray: Echo, sending you 3
2024-10-14 22:40:11.352638 Charlie: Hotel, sending you 1
2024-10-14 22:40:11.353099 Romeo: Whiskey, Foxtrot and Bravo, sending you 1
2024-10-14 22:40:11.353705 Foxtrot: Whiskey, sending you 3
2024-10-14 22:40:11.354188 Tango: X-ray and Echo, sending you 4
2024-10-14 22:40:11.354708 Hotel: Romeo, Whiskey and Bravo, sending you 4
2024-10-14 22:40:11.355837 Bravo: Whiskey and X-ray, sending you 5
2024-10-14 22:40:11.356218 November: X-ray, sending you 2
2024-10-14 22:40:11.357687 Romeo: Hotel and Echo, sending you 2
2024-10-14 22:40:11.358036 Foxtrot: Bravo, sending you 2
2024-10-14 22:40:11.360687 Hotel: Foxtrot, sending you 1
2024-10-14 22:40:11.363675 Hotel: Echo, sending you 3
chatterbot Romeo submitting transactions
chatterbot Echo submitting transactions
chatterbot Tango submitting transactions
chatterbot Hotel submitting transactions
chatterbot Charlie submitting transactions
chatterbot X-ray submitting transactions
chatterbot November submitting transactions
chatterbot Foxtrot submitting transactions
chatterbot Bravo submitting transactions
chatterbot Whiskey submitting transactions
ChatterBot Charlie round 2
ChatterBot November round 2
ChatterBot Tango round 2
ChatterBot Romeo round 2
ChatterBot Whiskey round 2
ChatterBot X-ray round 2
ChatterBot Foxtrot round 2
ChatterBot Hotel round 2
ChatterBot Bravo round 2
2024-10-14 22:40:12.624692 Charlie: Group up?
ChatterBot Romeo reevaluating
ChatterBot Foxtrot reevaluating
ChatterBot Hotel reevaluating
2024-10-14 22:40:12.636174 Romeo: Yes
2024-10-14 22:40:12.636365 Foxtrot: Yes
2024-10-14 22:40:12.636489 Hotel: Yes
ChatterBot Foxtrot reevaluating
ChatterBot Hotel reevaluating
ChatterBot Romeo reevaluating
ChatterBot Hotel reevaluating
ChatterBot Romeo reevaluating
ChatterBot Foxtrot reevaluating
ChatterBot Echo round 2
2024-10-14 22:40:13.079344 Foxtrot: Charlie, sending you 7
2024-10-14 22:40:13.079732 Romeo: Sending you each 4
2024-10-14 22:40:13.080533 Bravo: November, Whiskey, X-ray and Echo, sending you 4
2024-10-14 22:40:13.080998 X-ray: November and Whiskey, sending you 3
2024-10-14 22:40:13.081844 November: Tango, Whiskey and Echo, sending you 2
2024-10-14 22:40:13.082237 Charlie: Romeo, sending you 4
2024-10-14 22:40:13.082521 Whiskey: Sending you each 3
chatterbot Charlie submitting transactions
2024-10-14 22:40:13.166413 X-ray: Tango and Echo, sending you 4
2024-10-14 22:40:13.166762 Foxtrot: Romeo and Hotel, sending you 4
2024-10-14 22:40:13.166999 Bravo: Tango, sending you 1
2024-10-14 22:40:13.168055 November: X-ray, sending you 4
2024-10-14 22:40:13.168338 Charlie: Foxtrot and Hotel, sending you 3
2024-10-14 22:40:13.168556 Hotel: Charlie, sending you 4
2024-10-14 22:40:13.168752 Echo: November, sending you 2
2024-10-14 22:40:13.169024 Tango: November and Echo, sending you 3
chatterbot November submitting transactions
chatterbot Romeo submitting transactions
chatterbot Bravo submitting transactions
2024-10-14 22:40:13.212550 X-ray: Bravo, sending you 5
2024-10-14 22:40:13.213743 November: Bravo, sending you 3
2024-10-14 22:40:13.214295 Hotel: Romeo, sending you 6
2024-10-14 22:40:13.215109 Echo: Tango, sending you 5
2024-10-14 22:40:13.215716 Tango: Whiskey and X-ray, sending you 4
2024-10-14 22:40:13.282442 Hotel: Foxtrot, sending you 7
2024-10-14 22:40:13.282748 Echo: Whiskey and X-ray, sending you 4
2024-10-14 22:40:13.283526 Tango: Bravo, sending you 2
2024-10-14 22:40:13.314659 Echo: Bravo, sending you 3
chatterbot Echo submitting transactions
chatterbot Whiskey submitting transactions
chatterbot Tango submitting transactions
chatterbot Hotel submitting transactions
chatterbot Foxtrot submitting transactions
chatterbot X-ray submitting transactions
ChatterBot Charlie round 3
ChatterBot November round 3
ChatterBot Tango round 3
ChatterBot Romeo round 3
ChatterBot Whiskey round 3
ChatterBot X-ray round 3
ChatterBot Foxtrot round 3
ChatterBot Hotel round 3
ChatterBot Bravo round 3
ChatterBot Echo round 3
2024-10-14 22:40:14.107521 Tango: November, sending you 3
2024-10-14 22:40:14.128408 Tango: Whiskey, X-ray and Echo, sending you 4
2024-10-14 22:40:14.129305 Charlie: Romeo, sending you 4
2024-10-14 22:40:14.129526 November: Tango, Whiskey and Echo, sending you 2
2024-10-14 22:40:14.129819 X-ray: November and Whiskey, sending you 3
2024-10-14 22:40:14.130081 Hotel: Charlie, sending you 5
2024-10-14 22:40:14.130829 Romeo: Same as last round
2024-10-14 22:40:14.131146 Foxtrot: Charlie, sending you 4
2024-10-14 22:40:14.131542 Whiskey: Same as last round
2024-10-14 22:40:14.132551 Tango: Bravo, sending you 1
2024-10-14 22:40:14.132984 Charlie: Foxtrot and Hotel, sending you 3
2024-10-14 22:40:14.133302 X-ray: Tango and Echo, sending you 4
2024-10-14 22:40:14.134207 Hotel: Romeo, sending you 6
2024-10-14 22:40:14.174982 November: X-ray, sending you 3
2024-10-14 22:40:14.175957 Foxtrot: Romeo, sending you 5
2024-10-14 22:40:14.176223 Bravo: November, Whiskey, X-ray and Echo, sending you 4
2024-10-14 22:40:14.176535 Echo: November, sending you 2
2024-10-14 22:40:14.177490 X-ray: Bravo, sending you 5
2024-10-14 22:40:14.177819 Hotel: Foxtrot, sending you 7
2024-10-14 22:40:14.223802 November: Bravo, sending you 4
2024-10-14 22:40:14.224767 Foxtrot: Hotel, sending you 6
2024-10-14 22:40:14.225116 Bravo: Tango, sending you 2
2024-10-14 22:40:14.225637 Echo: Tango, Whiskey, X-ray and Bravo, sending you 4
chatterbot Hotel submitting transactions
chatterbot Whiskey submitting transactions
chatterbot Tango submitting transactions
chatterbot X-ray submitting transactions
chatterbot November submitting transactions
chatterbot Bravo submitting transactions
chatterbot Romeo submitting transactions
chatterbot Charlie submitting transactions
chatterbot Foxtrot submitting transactions
chatterbot Echo submitting transactions
ChatterBot Charlie round 4
ChatterBot November round 4
ChatterBot Tango round 4
ChatterBot Romeo round 4
ChatterBot Whiskey round 4
ChatterBot X-ray round 4
ChatterBot Foxtrot round 4
ChatterBot Hotel round 4
ChatterBot Bravo round 4
ChatterBot Echo round 4
2024-10-14 22:40:15.436210 Charlie: Romeo, sending you 4
2024-10-14 22:40:15.436517 November: Tango and Echo, sending you 2
2024-10-14 22:40:15.464269 Charlie: Foxtrot and Hotel, sending you 3
2024-10-14 22:40:15.464816 Foxtrot: Charlie, sending you 4
2024-10-14 22:40:15.465792 November: Whiskey, X-ray and Bravo, sending you 3
2024-10-14 22:40:15.466526 Bravo: November, Whiskey, X-ray and Echo, sending you 4
2024-10-14 22:40:15.467203 Tango: November and Bravo, sending you 2
2024-10-14 22:40:15.469112 Whiskey: Same as last round
2024-10-14 22:40:15.469750 X-ray: November and Whiskey, sending you 3
2024-10-14 22:40:15.473605 Romeo: Charlie and Foxtrot, sending you 4
2024-10-14 22:40:15.474068 Echo: November, sending you 2
2024-10-14 22:40:15.474776 Bravo: Tango, sending you 2
2024-10-14 22:40:15.477218 Foxtrot: Romeo, sending you 5
2024-10-14 22:40:15.477594 Tango: Whiskey, X-ray and Echo, sending you 4
2024-10-14 22:40:15.478318 X-ray: Tango and Echo, sending you 4
2024-10-14 22:40:15.485165 Romeo: Hotel, sending you 3
2024-10-14 22:40:15.485578 Hotel: Charlie, sending you 5
2024-10-14 22:40:15.485973 Echo: Tango, Whiskey, X-ray and Bravo, sending you 4
2024-10-14 22:40:15.487977 Foxtrot: Hotel, sending you 6
2024-10-14 22:40:15.491218 X-ray: Bravo, sending you 5
2024-10-14 22:40:15.491814 Hotel: Romeo, sending you 6
2024-10-14 22:40:15.525016 Hotel: Foxtrot, sending you 7
chatterbot Romeo submitting transactions
chatterbot Bravo submitting transactions
chatterbot Tango submitting transactions
chatterbot Echo submitting transactions
chatterbot Whiskey submitting transactions
chatterbot Hotel submitting transactions
chatterbot November submitting transactions
chatterbot Charlie submitting transactions
chatterbot X-ray submitting transactions
chatterbot Foxtrot submitting transactions
ChatterBot Charlie round 5
ChatterBot November round 5
ChatterBot Tango round 5
ChatterBot Romeo round 5
ChatterBot Whiskey round 5
ChatterBot X-ray round 5
ChatterBot Foxtrot round 5
ChatterBot Hotel round 5
ChatterBot Bravo round 5
ChatterBot Echo round 5
2024-10-14 22:40:16.920100 Charlie: Romeo, sending you 4
2024-10-14 22:40:16.922071 November: Tango and Echo, sending you 2
2024-10-14 22:40:16.922885 Foxtrot: Charlie, sending you 4
2024-10-14 22:40:16.923286 Charlie: Foxtrot and Hotel, sending you 3
2024-10-14 22:40:16.925813 Romeo: Charlie and Foxtrot, sending you 4
2024-10-14 22:40:16.926257 Foxtrot: Romeo, sending you 5
2024-10-14 22:40:16.926731 November: Whiskey, X-ray and Bravo, sending you 3
2024-10-14 22:40:16.928118 Bravo: November, Whiskey, X-ray and Echo, sending you 4
2024-10-14 22:40:16.930034 Romeo: Hotel, sending you 3
2024-10-14 22:40:16.930543 Foxtrot: Hotel, sending you 6
2024-10-14 22:40:16.930967 Tango: November and Bravo, sending you 2
2024-10-14 22:40:16.932850 Bravo: Tango, sending you 2
2024-10-14 22:40:16.934318 X-ray: November and Whiskey, sending you 3
2024-10-14 22:40:16.935019 Whiskey: Same as last round
2024-10-14 22:40:16.936452 Tango: Whiskey, X-ray and Echo, sending you 4
2024-10-14 22:40:16.937399 Echo: November, sending you 2
2024-10-14 22:40:16.939661 X-ray: Tango and Echo, sending you 4
2024-10-14 22:40:16.940255 Hotel: Charlie, sending you 5
2024-10-14 22:40:16.941679 Echo: Tango, Whiskey, X-ray and Bravo, sending you 4
2024-10-14 22:40:16.944681 X-ray: Bravo, sending you 5
2024-10-14 22:40:16.946320 Hotel: Romeo, sending you 6
2024-10-14 22:40:16.950666 Hotel: Foxtrot, sending you 7
chatterbot November submitting transactions
chatterbot Foxtrot submitting transactions
chatterbot Romeo submitting transactions
chatterbot Echo submitting transactions
chatterbot X-ray submitting transactions
chatterbot Whiskey submitting transactions
chatterbot Hotel submitting transactions
chatterbot Tango submitting transactions
chatterbot Charlie submitting transactions
chatterbot Bravo submitting transactions
ChatterBot Charlie round 6
ChatterBot November round 6
ChatterBot Tango round 6
ChatterBot Romeo round 6
ChatterBot Whiskey round 6
ChatterBot X-ray round 6
ChatterBot Foxtrot round 6
ChatterBot Hotel round 6
ChatterBot Bravo round 6
ChatterBot Echo round 6
2024-10-14 22:40:18.038903 Charlie: Romeo, sending you 4
2024-10-14 22:40:18.043070 Charlie: Foxtrot and Hotel, sending you 3
2024-10-14 22:40:18.043558 Whiskey: Same as last round
2024-10-14 22:40:18.044663 Hotel: Charlie, sending you 5
2024-10-14 22:40:18.046677 Tango: November and Bravo, sending you 2
2024-10-14 22:40:18.047285 Foxtrot: Charlie, sending you 4
2024-10-14 22:40:18.048697 Hotel: Romeo, sending you 6
2024-10-14 22:40:18.049664 November: Tango and Echo, sending you 2
2024-10-14 22:40:18.050216 X-ray: November, sending you 3
2024-10-14 22:40:18.050681 Tango: Whiskey, X-ray and Echo, sending you 4
2024-10-14 22:40:18.051114 Foxtrot: Romeo, sending you 5
2024-10-14 22:40:18.051711 Hotel: Foxtrot, sending you 7
2024-10-14 22:40:18.052662 Romeo: Charlie and Foxtrot, sending you 4
2024-10-14 22:40:18.053763 November: Whiskey, X-ray and Bravo, sending you 3
2024-10-14 22:40:18.054226 X-ray: Tango, Whiskey, Bravo and Echo, sending you 4
2024-10-14 22:40:18.054653 Foxtrot: Hotel, sending you 6
2024-10-14 22:40:18.055685 Romeo: Hotel, sending you 3
2024-10-14 22:40:18.057656 Bravo: November, Whiskey and Echo, sending you 4
2024-10-14 22:40:18.061678 Echo: November, sending you 2
2024-10-14 22:40:18.062138 Bravo: Tango, sending you 2
2024-10-14 22:40:18.064664 Bravo: X-ray, sending you 5
2024-10-14 22:40:18.066659 Echo: Tango, Whiskey, X-ray and Bravo, sending you 4
chatterbot Hotel submitting transactions
chatterbot Echo submitting transactions
chatterbot November submitting transactions
chatterbot Tango submitting transactions
chatterbot Bravo submitting transactions
chatterbot Foxtrot submitting transactions
chatterbot Whiskey submitting transactions
chatterbot Charlie submitting transactions
chatterbot Romeo submitting transactions
chatterbot X-ray submitting transactions
ChatterBot Charlie round 7
ChatterBot November round 7
ChatterBot Tango round 7
ChatterBot Romeo round 7
ChatterBot Whiskey round 7
ChatterBot X-ray round 7
ChatterBot Foxtrot round 7
ChatterBot Hotel round 7
ChatterBot Bravo round 7
ChatterBot Echo round 7
2024-10-14 22:40:19.149678 November: Tango and Echo, sending you 2
2024-10-14 22:40:19.150409 Tango: November and Bravo, sending you 2
2024-10-14 22:40:19.153680 November: Whiskey, X-ray and Bravo, sending you 3
2024-10-14 22:40:19.155659 Tango: Whiskey, X-ray and Echo, sending you 4
2024-10-14 22:40:19.156193 Charlie: Romeo, sending you 4
2024-10-14 22:40:19.156569 X-ray: November, sending you 3
2024-10-14 22:40:19.160660 Charlie: Foxtrot and Hotel, sending you 3
2024-10-14 22:40:19.161832 X-ray: Tango, Whiskey, Bravo and Echo, sending you 4
2024-10-14 22:40:19.162698 Foxtrot: Charlie, sending you 4
2024-10-14 22:40:19.163110 Romeo: Charlie, sending you 4
2024-10-14 22:40:19.163678 Hotel: Charlie, sending you 5
2024-10-14 22:40:19.164713 Whiskey: Same as last round
2024-10-14 22:40:19.165725 Foxtrot: Romeo, sending you 5
2024-10-14 22:40:19.166839 Echo: November, sending you 2
2024-10-14 22:40:19.167864 Romeo: Foxtrot and Hotel, sending you 3
2024-10-14 22:40:19.168503 Hotel: Romeo, sending you 6
2024-10-14 22:40:19.169683 Foxtrot: Hotel, sending you 6
2024-10-14 22:40:19.172686 Echo: Tango, Whiskey, X-ray and Bravo, sending you 4
2024-10-14 22:40:19.173222 Hotel: Foxtrot, sending you 7
2024-10-14 22:40:19.173501 Bravo: November, Whiskey and Echo, sending you 4
2024-10-14 22:40:19.177682 Bravo: Tango, sending you 2
2024-10-14 22:40:19.182684 Bravo: X-ray, sending you 5
chatterbot November submitting transactions
chatterbot Foxtrot submitting transactions
chatterbot Echo submitting transactions
chatterbot Romeo submitting transactions
chatterbot Hotel submitting transactions
chatterbot Charlie submitting transactions
chatterbot Whiskey submitting transactions
chatterbot X-ray submitting transactions
chatterbot Tango submitting transactions
chatterbot Bravo submitting transactions
ChatterBot Charlie round 8
ChatterBot November round 8
ChatterBot Tango round 8
ChatterBot Romeo round 8
ChatterBot Whiskey round 8
ChatterBot X-ray round 8
ChatterBot Foxtrot round 8
ChatterBot Hotel round 8
ChatterBot Bravo round 8
ChatterBot Echo round 8
2024-10-14 22:40:20.380681 November: Tango and Echo, sending you 2
2024-10-14 22:40:20.384684 Bravo: November, Whiskey and Echo, sending you 4
2024-10-14 22:40:20.385673 November: Whiskey, X-ray and Bravo, sending you 3
2024-10-14 22:40:20.387663 Whiskey: Same as last round
2024-10-14 22:40:20.388300 Hotel: Charlie, sending you 5
2024-10-14 22:40:20.388652 Bravo: Tango, sending you 2
2024-10-14 22:40:20.389309 Foxtrot: Charlie, sending you 4
2024-10-14 22:40:20.391054 Tango: November and Bravo, sending you 2
2024-10-14 22:40:20.391712 Hotel: Romeo, sending you 6
2024-10-14 22:40:20.392085 Bravo: X-ray, sending you 5
2024-10-14 22:40:20.392703 Charlie: Romeo, sending you 4
2024-10-14 22:40:20.393072 Foxtrot: Romeo, sending you 5
2024-10-14 22:40:20.394675 X-ray: November, sending you 3
2024-10-14 22:40:20.395714 Tango: Whiskey, X-ray and Echo, sending you 4
2024-10-14 22:40:20.396547 Echo: November, sending you 2
2024-10-14 22:40:20.397168 Hotel: Foxtrot, sending you 7
2024-10-14 22:40:20.397714 Charlie: Foxtrot and Hotel, sending you 3
2024-10-14 22:40:20.398406 Foxtrot: Hotel, sending you 6
2024-10-14 22:40:20.398700 X-ray: Tango, Whiskey, Bravo and Echo, sending you 4
2024-10-14 22:40:20.399661 Romeo: Charlie, sending you 4
2024-10-14 22:40:20.400082 Echo: Tango, Whiskey, X-ray and Bravo, sending you 4
2024-10-14 22:40:20.402747 Romeo: Foxtrot and Hotel, sending you 3
chatterbot Tango submitting transactions
chatterbot Hotel submitting transactions
chatterbot Echo submitting transactions
chatterbot Bravo submitting transactions
chatterbot Foxtrot submitting transactions
chatterbot November submitting transactions
chatterbot Romeo submitting transactions
chatterbot Charlie submitting transactions
chatterbot X-ray submitting transactions
chatterbot Whiskey submitting transactions
ChatterBot Charlie round 9
ChatterBot November round 9
ChatterBot Tango round 9
ChatterBot Romeo round 9
ChatterBot Whiskey round 9
ChatterBot X-ray round 9
ChatterBot Foxtrot round 9
ChatterBot Hotel round 9
ChatterBot Bravo round 9
ChatterBot Echo round 9
2024-10-14 22:40:21.379648 Charlie: Romeo, sending you 4
2024-10-14 22:40:21.383675 Charlie: Foxtrot and Hotel, sending you 3
2024-10-14 22:40:21.385662 Tango: November and Bravo, sending you 2
2024-10-14 22:40:21.388658 X-ray: November, sending you 3
2024-10-14 22:40:21.389588 Bravo: November, Whiskey and Echo, sending you 4
2024-10-14 22:40:21.390203 Tango: Whiskey, X-ray and Echo, sending you 4
2024-10-14 22:40:21.391676 Whiskey: Same as last round
2024-10-14 22:40:21.392397 X-ray: Tango, Whiskey, Bravo and Echo, sending you 4
2024-10-14 22:40:21.393677 Bravo: Tango, sending you 2
2024-10-14 22:40:21.394689 November: Tango and Echo, sending you 2
2024-10-14 22:40:21.395666 Hotel: Charlie, sending you 5
2024-10-14 22:40:21.396687 Foxtrot: Charlie, sending you 4
2024-10-14 22:40:21.397698 Bravo: X-ray, sending you 5
2024-10-14 22:40:21.398478 November: Whiskey, X-ray and Bravo, sending you 3
2024-10-14 22:40:21.399289 Romeo: Charlie, sending you 4
2024-10-14 22:40:21.400042 Hotel: Romeo, sending you 6
2024-10-14 22:40:21.400669 Foxtrot: Romeo, sending you 5
2024-10-14 22:40:21.402649 Romeo: Foxtrot and Hotel, sending you 3
2024-10-14 22:40:21.404666 Hotel: Foxtrot, sending you 7
2024-10-14 22:40:21.405443 Foxtrot: Hotel, sending you 6
2024-10-14 22:40:21.405917 Echo: November, sending you 2
2024-10-14 22:40:21.408677 Echo: Tango, Whiskey, X-ray and Bravo, sending you 4
chatterbot X-ray submitting transactions
chatterbot Bravo submitting transactions
chatterbot Foxtrot submitting transactions
chatterbot November submitting transactions
chatterbot Whiskey submitting transactions
chatterbot Tango submitting transactions
chatterbot Romeo submitting transactions
chatterbot Charlie submitting transactions
chatterbot Hotel submitting transactions
chatterbot Echo submitting transactions
ChatterBot Charlie round 10
ChatterBot November round 10
ChatterBot Tango round 10
ChatterBot Romeo round 10
ChatterBot Whiskey round 10
ChatterBot X-ray round 10
ChatterBot Foxtrot round 10
ChatterBot Hotel round 10
ChatterBot Bravo round 10
ChatterBot Echo round 10
2024-10-14 22:40:22.667689 Tango: November and Bravo, sending you 2
2024-10-14 22:40:22.669661 Whiskey: Same as last round
2024-10-14 22:40:22.672660 Tango: Whiskey, X-ray and Echo, sending you 4
2024-10-14 22:40:22.673606 Foxtrot: Charlie, sending you 4
2024-10-14 22:40:22.674675 November: Tango and Echo, sending you 2
2024-10-14 22:40:22.677671 Charlie: Romeo, sending you 4
2024-10-14 22:40:22.678058 November: Whiskey, X-ray and Bravo, sending you 3
2024-10-14 22:40:22.678759 Foxtrot: Romeo, sending you 5
2024-10-14 22:40:22.679112 X-ray: November, sending you 3
2024-10-14 22:40:22.680679 Charlie: Foxtrot and Hotel, sending you 3
2024-10-14 22:40:22.681713 Echo: November, sending you 2
2024-10-14 22:40:22.682401 Bravo: November, Whiskey and Echo, sending you 4
2024-10-14 22:40:22.683100 Foxtrot: Hotel, sending you 6
2024-10-14 22:40:22.683723 Romeo: Charlie, sending you 4
2024-10-14 22:40:22.684139 X-ray: Tango, Whiskey, Bravo and Echo, sending you 4
2024-10-14 22:40:22.685159 Hotel: Charlie, sending you 5
2024-10-14 22:40:22.685699 Bravo: Tango, sending you 2
2024-10-14 22:40:22.686678 Echo: Tango, Whiskey, X-ray and Bravo, sending you 4
2024-10-14 22:40:22.687674 Hotel: Romeo, sending you 6
2024-10-14 22:40:22.688657 Romeo: Foxtrot and Hotel, sending you 3
2024-10-14 22:40:22.690721 Bravo: X-ray, sending you 5
2024-10-14 22:40:22.691664 Hotel: Foxtrot, sending you 7
chatterbot Echo submitting transactions
chatterbot Tango submitting transactions
chatterbot Romeo submitting transactions
chatterbot Hotel submitting transactions
chatterbot November submitting transactions
chatterbot Whiskey submitting transactions
chatterbot Bravo submitting transactions
chatterbot Foxtrot submitting transactions
chatterbot Charlie submitting transactions
chatterbot X-ray submitting transactions
ChatterBot Charlie round 11
ChatterBot November round 11
ChatterBot Tango round 11
ChatterBot Romeo round 11
ChatterBot Whiskey round 11
ChatterBot X-ray round 11
ChatterBot Foxtrot round 11
ChatterBot Hotel round 11
ChatterBot Bravo round 11
ChatterBot Echo round 11
2024-10-14 22:40:23.852041 November: Tango and Echo, sending you 2
2024-10-14 22:40:23.853993 Romeo: Charlie, sending you 4
2024-10-14 22:40:23.859034 Charlie: Romeo, sending you 4
2024-10-14 22:40:23.859957 November: Whiskey, X-ray and Bravo, sending you 3
2024-10-14 22:40:23.862946 Charlie: Foxtrot and Hotel, sending you 3
2024-10-14 22:40:23.863920 Romeo: Foxtrot and Hotel, sending you 3
2024-10-14 22:40:23.866706 Tango: November and Bravo, sending you 2
2024-10-14 22:40:23.868043 Whiskey: Same as last round
2024-10-14 22:40:23.874860 X-ray: November, sending you 3
2024-10-14 22:40:23.875822 Foxtrot: Charlie, sending you 4
2024-10-14 22:40:23.877962 Tango: Whiskey, X-ray and Echo, sending you 4
2024-10-14 22:40:23.879070 Bravo: November, Whiskey and Echo, sending you 4
2024-10-14 22:40:23.881438 X-ray: Tango, Whiskey, Bravo and Echo, sending you 4
2024-10-14 22:40:23.882387 Foxtrot: Romeo, sending you 5
2024-10-14 22:40:23.890451 Hotel: Charlie, sending you 5
2024-10-14 22:40:23.891209 Echo: November, sending you 2
2024-10-14 22:40:23.893449 Bravo: Tango, sending you 2
2024-10-14 22:40:23.894689 Foxtrot: Hotel, sending you 6
2024-10-14 22:40:23.895309 Hotel: Romeo, sending you 6
2024-10-14 22:40:23.897676 Echo: Tango, Whiskey, X-ray and Bravo, sending you 4
2024-10-14 22:40:23.898681 Bravo: X-ray, sending you 5
2024-10-14 22:40:23.903328 Hotel: Foxtrot, sending you 7
chatterbot Whiskey submitting transactions
chatterbot November submitting transactions
chatterbot Romeo submitting transactions
chatterbot Bravo submitting transactions
chatterbot Charlie submitting transactions
chatterbot Hotel submitting transactions
chatterbot Tango submitting transactions
chatterbot X-ray submitting transactions
chatterbot Foxtrot submitting transactions
chatterbot Echo submitting transactions
ChatterBot Charlie round 12
ChatterBot November round 12
ChatterBot Tango round 12
ChatterBot Romeo round 12
ChatterBot Whiskey round 12
ChatterBot X-ray round 12
ChatterBot Foxtrot round 12
ChatterBot Hotel round 12
ChatterBot Bravo round 12
ChatterBot Echo round 12
2024-10-14 22:40:25.074692 Romeo: Charlie, sending you 4
2024-10-14 22:40:25.075688 November: Tango and Echo, sending you 2
2024-10-14 22:40:25.078728 Romeo: Foxtrot and Hotel, sending you 3
2024-10-14 22:40:25.079710 November: Whiskey, X-ray and Bravo, sending you 3
2024-10-14 22:40:25.083683 X-ray: November, sending you 3
2024-10-14 22:40:25.085682 Charlie: Romeo, sending you 4
2024-10-14 22:40:25.086722 Tango: November and Bravo, sending you 2
2024-10-14 22:40:25.087702 Echo: November, sending you 2
2024-10-14 22:40:25.088638 Whiskey: Same as last round
2024-10-14 22:40:25.089603 Bravo: November, Whiskey and Echo, sending you 4
2024-10-14 22:40:25.090628 X-ray: Tango, Whiskey, Bravo and Echo, sending you 4
2024-10-14 22:40:25.091446 Charlie: Foxtrot and Hotel, sending you 3
2024-10-14 22:40:25.092474 Hotel: Charlie, sending you 5
2024-10-14 22:40:25.092827 Echo: Tango, Whiskey, X-ray and Bravo, sending you 4
2024-10-14 22:40:25.093554 Foxtrot: Charlie, sending you 4
2024-10-14 22:40:25.094004 Tango: Whiskey and Echo, sending you 4
2024-10-14 22:40:25.094699 Bravo: Tango, sending you 2
2024-10-14 22:40:25.096677 Hotel: Romeo, sending you 6
2024-10-14 22:40:25.097140 Foxtrot: Romeo, sending you 5
2024-10-14 22:40:25.097669 Tango: X-ray, sending you 5
2024-10-14 22:40:25.099683 Bravo: X-ray, sending you 5
2024-10-14 22:40:25.100664 Hotel: Foxtrot, sending you 7
2024-10-14 22:40:25.101692 Foxtrot: Hotel, sending you 6
chatterbot Foxtrot submitting transactions
chatterbot Tango submitting transactions
chatterbot Romeo submitting transactions
chatterbot Hotel submitting transactions
chatterbot Echo submitting transactions
chatterbot X-ray submitting transactions
chatterbot Charlie submitting transactions
chatterbot November submitting transactions
chatterbot Bravo submitting transactions
chatterbot Whiskey submitting transactions
ChatterBot Charlie round 13
ChatterBot November round 13
ChatterBot Tango round 13
ChatterBot Romeo round 13
ChatterBot Whiskey round 13
ChatterBot X-ray round 13
ChatterBot Foxtrot round 13
ChatterBot Hotel round 13
ChatterBot Bravo round 13
ChatterBot Echo round 13
2024-10-14 22:40:26.234678 Charlie: Romeo, sending you 4
2024-10-14 22:40:26.238478 Tango: November and Bravo, sending you 2
2024-10-14 22:40:26.239346 Charlie: Foxtrot and Hotel, sending you 3
2024-10-14 22:40:26.239784 November: Tango and Echo, sending you 2
2024-10-14 22:40:26.241657 Tango: Whiskey and Echo, sending you 4
2024-10-14 22:40:26.244667 November: Whiskey, X-ray and Bravo, sending you 3
2024-10-14 22:40:26.245390 Tango: X-ray, sending you 5
2024-10-14 22:40:26.246111 Whiskey: Same as last round
2024-10-14 22:40:26.246773 Foxtrot: Charlie, sending you 4
2024-10-14 22:40:26.250660 Romeo: Charlie, sending you 4
2024-10-14 22:40:26.251663 Foxtrot: Romeo, sending you 5
2024-10-14 22:40:26.253666 X-ray: November, sending you 3
2024-10-14 22:40:26.255015 Romeo: Foxtrot and Hotel, sending you 3
2024-10-14 22:40:26.255570 Foxtrot: Hotel, sending you 6
2024-10-14 22:40:26.257661 Bravo: November, Whiskey, X-ray and Echo, sending you 4
2024-10-14 22:40:26.259394 Echo: November, sending you 2
2024-10-14 22:40:26.260195 X-ray: Tango, Whiskey, Bravo and Echo, sending you 4
2024-10-14 22:40:26.262932 Hotel: Charlie, sending you 5
2024-10-14 22:40:26.263389 Bravo: Tango, sending you 3
2024-10-14 22:40:26.264675 Echo: Tango, Whiskey, X-ray and Bravo, sending you 4
2024-10-14 22:40:26.266669 Hotel: Romeo, sending you 6
2024-10-14 22:40:26.271654 Hotel: Foxtrot, sending you 7
chatterbot Romeo submitting transactions
chatterbot Charlie submitting transactions
chatterbot Hotel submitting transactions
chatterbot Echo submitting transactions
chatterbot Whiskey submitting transactions
chatterbot Bravo submitting transactions
chatterbot Foxtrot submitting transactions
chatterbot X-ray submitting transactions
chatterbot Tango submitting transactions
chatterbot November submitting transactions
ChatterBot Charlie round 14
ChatterBot November round 14
ChatterBot Tango round 14
ChatterBot Romeo round 14
ChatterBot Whiskey round 14
ChatterBot X-ray round 14
ChatterBot Foxtrot round 14
ChatterBot Hotel round 14
ChatterBot Bravo round 14
ChatterBot Echo round 14
2024-10-14 22:40:27.518671 Romeo: Charlie, sending you 4
2024-10-14 22:40:27.523017 Tango: November and Bravo, sending you 2
2024-10-14 22:40:27.524019 Whiskey: Same as last round
2024-10-14 22:40:27.524772 X-ray: November, sending you 3
2024-10-14 22:40:27.525438 Romeo: Foxtrot and Hotel, sending you 3
2024-10-14 22:40:27.526548 November: Tango and Echo, sending you 2
2024-10-14 22:40:27.527845 Charlie: Romeo, sending you 4
2024-10-14 22:40:27.528840 Tango: Whiskey and Echo, sending you 4
2024-10-14 22:40:27.529990 Foxtrot: Charlie, sending you 4
2024-10-14 22:40:27.530638 X-ray: Tango, Whiskey, Bravo and Echo, sending you 4
2024-10-14 22:40:27.532693 November: Whiskey, X-ray and Bravo, sending you 3
2024-10-14 22:40:27.533464 Echo: November, sending you 2
2024-10-14 22:40:27.535058 Bravo: November, Whiskey, X-ray and Echo, sending you 4
2024-10-14 22:40:27.536179 Charlie: Foxtrot and Hotel, sending you 3
2024-10-14 22:40:27.536825 Hotel: Charlie, sending you 5
2024-10-14 22:40:27.537822 Foxtrot: Romeo, sending you 5
2024-10-14 22:40:27.538484 Tango: X-ray, sending you 5
2024-10-14 22:40:27.539812 Echo: Tango, Whiskey, X-ray and Bravo, sending you 4
2024-10-14 22:40:27.541403 Bravo: Tango, sending you 3
2024-10-14 22:40:27.542591 Foxtrot: Hotel, sending you 6
2024-10-14 22:40:27.543478 Hotel: Romeo, sending you 6
2024-10-14 22:40:27.547676 Hotel: Foxtrot, sending you 7
chatterbot Tango submitting transactions
chatterbot X-ray submitting transactions
chatterbot Bravo submitting transactions
chatterbot Foxtrot submitting transactions
chatterbot Whiskey submitting transactions
chatterbot Romeo submitting transactions
chatterbot Hotel submitting transactions
chatterbot Echo submitting transactions
chatterbot Charlie submitting transactions
chatterbot November submitting transactions
ChatterBot Charlie round 15
ChatterBot November round 15
ChatterBot Tango round 15
ChatterBot Romeo round 15
ChatterBot Whiskey round 15
ChatterBot X-ray round 15
ChatterBot Foxtrot round 15
ChatterBot Hotel round 15
ChatterBot Bravo round 15
ChatterBot Echo round 15
2024-10-14 22:40:28.625678 Whiskey: Same as last round
2024-10-14 22:40:28.626717 Foxtrot: Charlie, sending you 4
2024-10-14 22:40:28.627692 X-ray: November, sending you 3
2024-10-14 22:40:28.629072 Hotel: Charlie, sending you 5
2024-10-14 22:40:28.629662 Foxtrot: Romeo, sending you 5
2024-10-14 22:40:28.630670 Tango: November and Bravo, sending you 2
2024-10-14 22:40:28.631651 X-ray: Tango, Whiskey, Bravo and Echo, sending you 4
2024-10-14 22:40:28.633178 November: Tango and Echo, sending you 2
2024-10-14 22:40:28.634818 Charlie: Romeo, sending you 4
2024-10-14 22:40:28.635462 Romeo: Charlie, sending you 4
2024-10-14 22:40:28.636266 Foxtrot: Hotel, sending you 6
2024-10-14 22:40:28.637557 Hotel: Romeo, sending you 6
2024-10-14 22:40:28.638255 Echo: November, sending you 2
2024-10-14 22:40:28.639610 Tango: Whiskey and Echo, sending you 4
2024-10-14 22:40:28.641480 November: Whiskey, X-ray and Bravo, sending you 3
2024-10-14 22:40:28.642712 Charlie: Foxtrot and Hotel, sending you 3
2024-10-14 22:40:28.643580 Romeo: Foxtrot and Hotel, sending you 3
2024-10-14 22:40:28.644274 Hotel: Foxtrot, sending you 7
2024-10-14 22:40:28.645034 Echo: Tango, Whiskey, X-ray and Bravo, sending you 4
2024-10-14 22:40:28.646784 Tango: X-ray, sending you 5
2024-10-14 22:40:28.647774 Bravo: November, Whiskey, X-ray and Echo, sending you 4
2024-10-14 22:40:28.652663 Bravo: Tango, sending you 3
chatterbot Charlie submitting transactions
chatterbot Foxtrot submitting transactions
chatterbot Bravo submitting transactions
chatterbot Whiskey submitting transactions
chatterbot Tango submitting transactions
chatterbot November submitting transactions
chatterbot X-ray submitting transactions
chatterbot Hotel submitting transactions
chatterbot Romeo submitting transactions
chatterbot Echo submitting transactions
ChatterBot Charlie round 16
ChatterBot November round 16
ChatterBot Tango round 16
ChatterBot Romeo round 16
ChatterBot Whiskey round 16
ChatterBot X-ray round 16
ChatterBot Foxtrot round 16
ChatterBot Hotel round 16
ChatterBot Bravo round 16
ChatterBot Echo round 16
2024-10-14 22:40:30.003765 November: Tango and Echo, sending you 2
2024-10-14 22:40:30.020656 Tango: November and Bravo, sending you 2
2024-10-14 22:40:30.024131 Romeo: Charlie, sending you 4
2024-10-14 22:40:30.026262 Foxtrot: Charlie, sending you 4
2024-10-14 22:40:30.027253 Echo: November, sending you 2
2024-10-14 22:40:30.030097 November: Whiskey, X-ray and Bravo, sending you 3
2024-10-14 22:40:30.033914 Charlie: Romeo, sending you 4
2024-10-14 22:40:30.035480 X-ray: November, sending you 3
2024-10-14 22:40:30.038339 Tango: Whiskey and Echo, sending you 4
2024-10-14 22:40:30.040900 Romeo: Foxtrot and Hotel, sending you 3
2024-10-14 22:40:30.042081 Foxtrot: Romeo, sending you 5
2024-10-14 22:40:30.044221 Echo: Tango, Whiskey, X-ray and Bravo, sending you 4
2024-10-14 22:40:30.046811 Hotel: Charlie, sending you 5
2024-10-14 22:40:30.048041 Charlie: Foxtrot and Hotel, sending you 3
2024-10-14 22:40:30.049906 Whiskey: Same as last round
2024-10-14 22:40:30.056397 Bravo: November, Whiskey, X-ray and Echo, sending you 4
2024-10-14 22:40:30.067884 X-ray: Tango, Whiskey, Bravo and Echo, sending you 4
2024-10-14 22:40:30.070545 Tango: X-ray, sending you 5
2024-10-14 22:40:30.072968 Foxtrot: Hotel, sending you 6
2024-10-14 22:40:30.074183 Hotel: Romeo, sending you 6
2024-10-14 22:40:30.076754 Bravo: Tango, sending you 3
2024-10-14 22:40:30.081840 Hotel: Foxtrot, sending you 7
chatterbot Charlie submitting transactions
chatterbot Whiskey submitting transactions
chatterbot Romeo submitting transactions
chatterbot Foxtrot submitting transactions
chatterbot X-ray submitting transactions
chatterbot Hotel submitting transactions
chatterbot November submitting transactions
chatterbot Tango submitting transactions
chatterbot Echo submitting transactions
chatterbot Bravo submitting transactions
ChatterBot Charlie round 17
ChatterBot November round 17
ChatterBot Tango round 17
ChatterBot Romeo round 17
ChatterBot Whiskey round 17
ChatterBot X-ray round 17
ChatterBot Foxtrot round 17
ChatterBot Hotel round 17
ChatterBot Bravo round 17
ChatterBot Echo round 17
2024-10-14 22:40:31.182659 Charlie: Romeo, sending you 4
2024-10-14 22:40:31.187661 Charlie: Foxtrot and Hotel, sending you 3
2024-10-14 22:40:31.189658 Tango: November, sending you 2
2024-10-14 22:40:31.192099 Hotel: Charlie, sending you 5
2024-10-14 22:40:31.193834 November: Tango and Echo, sending you 2
2024-10-14 22:40:31.195597 Foxtrot: Charlie, sending you 4
2024-10-14 22:40:31.197105 Tango: Whiskey, X-ray and Echo, sending you 4
2024-10-14 22:40:31.199283 Hotel: Romeo, sending you 6
2024-10-14 22:40:31.200402 Whiskey: Same as last round
2024-10-14 22:40:31.202521 November: Whiskey, X-ray and Bravo, sending you 3
2024-10-14 22:40:31.204822 Foxtrot: Romeo, sending you 5
2024-10-14 22:40:31.206389 Romeo: Charlie, sending you 4
2024-10-14 22:40:31.207462 X-ray: November, sending you 3
2024-10-14 22:40:31.209960 Bravo: November, Whiskey, X-ray and Echo, sending you 4
2024-10-14 22:40:31.212041 Tango: Bravo, sending you 3
2024-10-14 22:40:31.214281 Hotel: Foxtrot, sending you 7
2024-10-14 22:40:31.215823 Foxtrot: Hotel, sending you 6
2024-10-14 22:40:31.217136 Romeo: Foxtrot and Hotel, sending you 3
2024-10-14 22:40:31.217989 X-ray: Tango, Whiskey, Bravo and Echo, sending you 4
2024-10-14 22:40:31.220365 Bravo: Tango, sending you 3
2024-10-14 22:40:31.222426 Echo: November, sending you 2
2024-10-14 22:40:31.227665 Echo: Tango, Whiskey, X-ray and Bravo, sending you 4
chatterbot Whiskey submitting transactions
chatterbot X-ray submitting transactions
chatterbot Bravo submitting transactions
chatterbot November submitting transactions
chatterbot Tango submitting transactions
chatterbot Hotel submitting transactions
chatterbot Romeo submitting transactions
chatterbot Echo submitting transactions
chatterbot Charlie submitting transactions
chatterbot Foxtrot submitting transactions
ChatterBot Charlie round 18
ChatterBot November round 18
ChatterBot Tango round 18
ChatterBot Romeo round 18
ChatterBot Whiskey round 18
ChatterBot X-ray round 18
ChatterBot Foxtrot round 18
ChatterBot Hotel round 18
ChatterBot Bravo round 18
ChatterBot Echo round 18
2024-10-14 22:40:32.438690 Tango: November, sending you 2
2024-10-14 22:40:32.443858 Tango: Whiskey, X-ray and Echo, sending you 4
2024-10-14 22:40:32.445456 Foxtrot: Charlie, sending you 4
