ChatterBot Quebec round 1
ChatterBot Echo round 1
ChatterBot Zulu round 1
ChatterBot Mike round 1
ChatterBot Papa round 1
ChatterBot Victor round 1
ChatterBot Yankee round 1
ChatterBot Hotel round 1
ChatterBot Lima round 1
ChatterBot Foxtrot round 1
randomSelections Echo: {Echo, Victor, Hotel, Foxtrot, Yankee, Lima, Papa} 
2024-10-14 22:40:10.240027 Echo: Group up?
ChatterBot Victor reevaluating
ChatterBot Hotel reevaluating
ChatterBot Foxtrot reevaluating
ChatterBot Yankee reevaluating
ChatterBot Lima reevaluating
ChatterBot Papa reevaluating
2024-10-14 22:40:10.253373 Victor: Yes
2024-10-14 22:40:10.253488 Hotel: Yes
2024-10-14 22:40:10.253587 Foxtrot: Yes
2024-10-14 22:40:10.253682 Yankee: Yes
2024-10-14 22:40:10.253772 Lima: Yes
2024-10-14 22:40:10.253880 Papa: Yes
ChatterBot Hotel reevaluating
ChatterBot Foxtrot reevaluating
ChatterBot Yankee reevaluating
ChatterBot Lima reevaluating
ChatterBot Papa reevaluating
ChatterBot Victor reevaluating
ChatterBot Foxtrot reevaluating
ChatterBot Yankee reevaluating
ChatterBot Lima reevaluating
ChatterBot Papa reevaluating
ChatterBot Victor reevaluating
ChatterBot Hotel reevaluating
ChatterBot Yankee reevaluating
ChatterBot Lima reevaluating
ChatterBot Papa reevaluating
ChatterBot Victor reevaluating
ChatterBot Hotel reevaluating
ChatterBot Foxtrot reevaluating
ChatterBot Lima reevaluating
ChatterBot Papa reevaluating
ChatterBot Victor reevaluating
ChatterBot Hotel reevaluating
ChatterBot Foxtrot reevaluating
ChatterBot Yankee reevaluating
ChatterBot Papa reevaluating
ChatterBot Victor reevaluating
ChatterBot Hotel reevaluating
ChatterBot Foxtrot reevaluating
ChatterBot Yankee reevaluating
ChatterBot Lima reevaluating
randomSelections Quebec: {Quebec, Victor, Mike, Lima, Papa, Zulu} 
2024-10-14 22:40:10.315398 Quebec: We would work well together
ChatterBot Victor reevaluating
ChatterBot Mike reevaluating
ChatterBot Lima reevaluating
ChatterBot Papa reevaluating
ChatterBot Zulu reevaluating
2024-10-14 22:40:10.322882 Victor: No
2024-10-14 22:40:10.323013 Mike: Yes
2024-10-14 22:40:10.323109 Lima: No
2024-10-14 22:40:10.323222 Papa: No
2024-10-14 22:40:10.323309 Zulu: Yes
ChatterBot Mike reevaluating
ChatterBot Lima reevaluating
ChatterBot Papa reevaluating
ChatterBot Zulu reevaluating
ChatterBot Victor reevaluating
ChatterBot Lima reevaluating
ChatterBot Papa reevaluating
ChatterBot Zulu reevaluating
ChatterBot Victor reevaluating
ChatterBot Mike reevaluating
ChatterBot Papa reevaluating
ChatterBot Zulu reevaluating
ChatterBot Victor reevaluating
ChatterBot Mike reevaluating
ChatterBot Lima reevaluating
ChatterBot Zulu reevaluating
ChatterBot Victor reevaluating
ChatterBot Mike reevaluating
ChatterBot Lima reevaluating
ChatterBot Papa reevaluating
2024-10-14 22:40:10.404025 Echo: Papa, sending you 4
2024-10-14 22:40:10.406279 Yankee: Echo and Lima, sending you 2
2024-10-14 22:40:10.407950 Echo: Victor, Hotel and Lima, sending you 3
2024-10-14 22:40:10.411334 Mike: Quebec, sending you 5
2024-10-14 22:40:10.413542 Yankee: Papa, sending you 1
2024-10-14 22:40:10.414786 Victor: Echo, Yankee and Foxtrot, sending you 2
2024-10-14 22:40:10.415272 Zulu: Quebec, sending you 1
2024-10-14 22:40:10.415650 Echo: Yankee, sending you 1
2024-10-14 22:40:10.416843 Lima: Echo and Papa, sending you 4
2024-10-14 22:40:10.417312 Quebec: Zulu, sending you 2
2024-10-14 22:40:10.418429 Mike: Zulu and Papa, sending you 3
2024-10-14 22:40:10.419014 Yankee: Victor, sending you 3
2024-10-14 22:40:10.420081 Victor: Papa, sending you 4
2024-10-14 22:40:10.420468 Zulu: Mike, sending you 3
2024-10-14 22:40:10.420883 Lima: Victor, sending you 1
2024-10-14 22:40:10.421365 Echo: Foxtrot, sending you 2
2024-10-14 22:40:10.422467 Quebec: Mike and Lima, sending you 4
2024-10-14 22:40:10.422885 Mike: Victor and Lima, sending you 2
2024-10-14 22:40:10.425148 Yankee: Hotel, sending you 4
2024-10-14 22:40:10.426625 Victor: Hotel, sending you 1
2024-10-14 22:40:10.427038 Zulu: Papa and Victor, sending you 6
2024-10-14 22:40:10.427355 Lima: Yankee, sending you 5
2024-10-14 22:40:10.427841 Quebec: Papa and Victor, sending you 3
2024-10-14 22:40:10.429167 Yankee: Foxtrot, sending you 6
2024-10-14 22:40:10.431454 Victor: Lima, sending you 5
2024-10-14 22:40:10.432041 Zulu: Lima, sending you 2
2024-10-14 22:40:10.432373 Lima: Hotel, sending you 2
2024-10-14 22:40:10.439472 Lima: Foxtrot, sending you 3
chatterbot Victor submitting transactions
chatterbot Mike submitting transactions
chatterbot Lima submitting transactions
chatterbot Yankee submitting transactions
chatterbot Hotel submitting transactions
chatterbot Foxtrot submitting transactions
chatterbot Quebec submitting transactions
chatterbot Papa submitting transactions
chatterbot Echo submitting transactions
chatterbot Zulu submitting transactions
ChatterBot Quebec round 2
ChatterBot Echo round 2
ChatterBot Zulu round 2
ChatterBot Mike round 2
ChatterBot Papa round 2
ChatterBot Victor round 2
ChatterBot Yankee round 2
ChatterBot Hotel round 2
ChatterBot Lima round 2
2024-10-14 22:40:11.606834 Lima: Let's form a team
ChatterBot Echo reevaluating
ChatterBot Victor reevaluating
ChatterBot Yankee reevaluating
ChatterBot Foxtrot reevaluating
ChatterBot Quebec reevaluating
ChatterBot Mike reevaluating
ChatterBot Papa reevaluating
2024-10-14 22:40:11.642315 Echo: No
2024-10-14 22:40:11.642502 Victor: No
2024-10-14 22:40:11.642709 Yankee: No
2024-10-14 22:40:11.642857 Foxtrot: No
2024-10-14 22:40:11.642999 Quebec: No
2024-10-14 22:40:11.643127 Zulu: No
2024-10-14 22:40:11.643258 Mike: No
2024-10-14 22:40:11.643386 Papa: No
ChatterBot Victor reevaluating
ChatterBot Yankee reevaluating
ChatterBot Foxtrot reevaluating
ChatterBot Quebec reevaluating
ChatterBot Mike reevaluating
ChatterBot Papa reevaluating
ChatterBot Echo reevaluating
ChatterBot Yankee reevaluating
ChatterBot Foxtrot reevaluating
ChatterBot Quebec reevaluating
ChatterBot Mike reevaluating
ChatterBot Papa reevaluating
ChatterBot Echo reevaluating
ChatterBot Victor reevaluating
ChatterBot Foxtrot reevaluating
ChatterBot Quebec reevaluating
ChatterBot Mike reevaluating
ChatterBot Papa reevaluating
ChatterBot Echo reevaluating
ChatterBot Victor reevaluating
ChatterBot Yankee reevaluating
ChatterBot Quebec reevaluating
ChatterBot Mike reevaluating
ChatterBot Papa reevaluating
ChatterBot Echo reevaluating
ChatterBot Victor reevaluating
ChatterBot Yankee reevaluating
ChatterBot Foxtrot reevaluating
ChatterBot Mike reevaluating
ChatterBot Papa reevaluating
ChatterBot Echo reevaluating
ChatterBot Victor reevaluating
ChatterBot Yankee reevaluating
ChatterBot Foxtrot reevaluating
ChatterBot Quebec reevaluating
ChatterBot Mike reevaluating
ChatterBot Papa reevaluating
ChatterBot Echo reevaluating
ChatterBot Victor reevaluating
ChatterBot Yankee reevaluating
ChatterBot Foxtrot reevaluating
ChatterBot Quebec reevaluating
ChatterBot Zulu reevaluating
ChatterBot Papa reevaluating
ChatterBot Echo reevaluating
ChatterBot Victor reevaluating
ChatterBot Yankee reevaluating
ChatterBot Foxtrot reevaluating
ChatterBot Quebec reevaluating
ChatterBot Zulu reevaluating
ChatterBot Mike reevaluating
ChatterBot Foxtrot round 2
2024-10-14 22:40:11.943958 Yankee: We should drop Hotel and Papa
ChatterBot Echo reevaluating
ChatterBot Foxtrot reevaluating
2024-10-14 22:40:11.957729 Echo: Yes
2024-10-14 22:40:11.957888 Victor: Yes
2024-10-14 22:40:11.958563 Lima: No
2024-10-14 22:40:11.958676 Foxtrot: Yes
ChatterBot Foxtrot reevaluating
ChatterBot Yankee reevaluating
ChatterBot Echo reevaluating
ChatterBot Foxtrot reevaluating
ChatterBot Yankee reevaluating
ChatterBot Echo reevaluating
ChatterBot Foxtrot reevaluating
ChatterBot Yankee reevaluating
ChatterBot Echo reevaluating
2024-10-14 22:40:12.012982 Zulu: We should drop Victor and Lima
ChatterBot Quebec reevaluating
2024-10-14 22:40:12.022474 Quebec: Yes
2024-10-14 22:40:12.022664 Mike: Yes
2024-10-14 22:40:12.022774 Papa: No
ChatterBot Zulu reevaluating
ChatterBot Zulu reevaluating
ChatterBot Quebec reevaluating
ChatterBot Zulu reevaluating
ChatterBot Quebec reevaluating
2024-10-14 22:40:12.053142 Hotel: We should drop Papa
ChatterBot Echo reevaluating
ChatterBot Foxtrot reevaluating
2024-10-14 22:40:12.069841 Echo: Yes
2024-10-14 22:40:12.070031 Victor: Yes
2024-10-14 22:40:12.070161 Yankee: Yes
2024-10-14 22:40:12.070296 Lima: No
2024-10-14 22:40:12.070822 Foxtrot: Yes
ChatterBot Foxtrot reevaluating
ChatterBot Echo reevaluating
ChatterBot Yankee reevaluating
ChatterBot Foxtrot reevaluating
ChatterBot Echo reevaluating
ChatterBot Foxtrot reevaluating
ChatterBot Echo reevaluating
ChatterBot Yankee reevaluating
ChatterBot Foxtrot reevaluating
ChatterBot Echo reevaluating
ChatterBot Yankee reevaluating
2024-10-14 22:40:12.154929 Papa: We should drop Hotel
ChatterBot Echo reevaluating
ChatterBot Yankee reevaluating
ChatterBot Foxtrot reevaluating
2024-10-14 22:40:12.172280 Echo: Yes
2024-10-14 22:40:12.172442 Victor: Yes
2024-10-14 22:40:12.173092 Yankee: Yes
2024-10-14 22:40:12.173208 Lima: Yes
2024-10-14 22:40:12.173308 Foxtrot: Yes
ChatterBot Victor reevaluating
ChatterBot Yankee reevaluating
ChatterBot Foxtrot reevaluating
ChatterBot Echo reevaluating
ChatterBot Yankee reevaluating
ChatterBot Foxtrot reevaluating
ChatterBot Echo reevaluating
ChatterBot Victor reevaluating
ChatterBot Foxtrot reevaluating
ChatterBot Echo reevaluating
ChatterBot Victor reevaluating
ChatterBot Yankee reevaluating
ChatterBot Foxtrot reevaluating
ChatterBot Echo reevaluating
ChatterBot Victor reevaluating
ChatterBot Yankee reevaluating
chatterbot Lima submitting transactions
2024-10-14 22:40:12.262092 Lima: Quebec and Victor, sending you 4
2024-10-14 22:40:12.326967 Lima: Echo, sending you 3
2024-10-14 22:40:12.327526 Mike: Quebec, sending you 8
2024-10-14 22:40:12.330678 Lima: Zulu, Mike and Yankee, sending you 2
2024-10-14 22:40:12.453507 Mike: Zulu, sending you 7
2024-10-14 22:40:12.453851 Hotel: Echo, sending you 3
2024-10-14 22:40:12.454716 Papa: Echo, Victor and Lima, sending you 3
2024-10-14 22:40:12.455020 Lima: Papa and Foxtrot, sending you 1
chatterbot Quebec submitting transactions
chatterbot Papa submitting transactions
chatterbot Hotel submitting transactions
chatterbot Zulu submitting transactions
2024-10-14 22:40:12.537948 Papa: Yankee and Foxtrot, sending you 1
2024-10-14 22:40:12.538856 Hotel: Victor and Foxtrot, sending you 1
2024-10-14 22:40:12.539182 Victor: Echo and Yankee, sending you 5
2024-10-14 22:40:12.870771 Victor: Lima, sending you 4
2024-10-14 22:40:12.871924 Yankee: Echo, sending you 3
2024-10-14 22:40:12.872645 Foxtrot: Echo, sending you 4
2024-10-14 22:40:12.873573 Hotel: Yankee, sending you 4
2024-10-14 22:40:12.874082 Echo: Victor and Yankee, sending you 4
chatterbot Yankee submitting transactions
chatterbot Victor submitting transactions
2024-10-14 22:40:13.027517 Foxtrot: Victor, sending you 3
2024-10-14 22:40:13.027958 Hotel: Lima, sending you 2
2024-10-14 22:40:13.028276 Yankee: Victor, sending you 5
2024-10-14 22:40:13.029125 Quebec: Zulu, sending you 4
2024-10-14 22:40:13.029409 Echo: Lima, sending you 6
2024-10-14 22:40:13.114509 Yankee: Lima, sending you 9
2024-10-14 22:40:13.114995 Quebec: Mike, sending you 11
2024-10-14 22:40:13.115871 Foxtrot: Yankee, sending you 7
2024-10-14 22:40:13.116235 Echo: Foxtrot, sending you 1
chatterbot Echo submitting transactions
chatterbot Mike submitting transactions
2024-10-14 22:40:13.199744 Yankee: Foxtrot, sending you 1
2024-10-14 22:40:13.200687 Foxtrot: Lima, sending you 5
2024-10-14 22:40:13.201551 Quebec: Papa, sending you 1
chatterbot Foxtrot submitting transactions
ChatterBot Quebec round 3
ChatterBot Echo round 3
ChatterBot Zulu round 3
ChatterBot Mike round 3
ChatterBot Papa round 3
ChatterBot Victor round 3
ChatterBot Yankee round 3
ChatterBot Hotel round 3
2024-10-14 22:40:13.469259 Echo: We should add Papa
ChatterBot Yankee reevaluating
ChatterBot Victor reevaluating
ChatterBot Lima reevaluating
2024-10-14 22:40:13.482785 Yankee: No
2024-10-14 22:40:13.483349 Victor: No
2024-10-14 22:40:13.483471 Lima: Yes
2024-10-14 22:40:13.483594 Foxtrot: No
ChatterBot Victor reevaluating
ChatterBot Lima reevaluating
ChatterBot Yankee reevaluating
ChatterBot Lima reevaluating
ChatterBot Yankee reevaluating
ChatterBot Victor reevaluating
ChatterBot Yankee reevaluating
ChatterBot Victor reevaluating
ChatterBot Lima reevaluating
2024-10-14 22:40:13.534941 Yankee: We should add Hotel
ChatterBot Victor reevaluating
ChatterBot Lima reevaluating
2024-10-14 22:40:13.546996 Echo: No
2024-10-14 22:40:13.547188 Victor: Yes
2024-10-14 22:40:13.547324 Lima: No
2024-10-14 22:40:13.548011 Foxtrot: No
ChatterBot Yankee reevaluating
ChatterBot Victor reevaluating
ChatterBot Lima reevaluating
ChatterBot Yankee reevaluating
ChatterBot Echo reevaluating
ChatterBot Lima reevaluating
ChatterBot Yankee reevaluating
ChatterBot Echo reevaluating
ChatterBot Victor reevaluating
ChatterBot Yankee reevaluating
ChatterBot Echo reevaluating
ChatterBot Victor reevaluating
ChatterBot Lima reevaluating
ChatterBot Lima round 3
2024-10-14 22:40:13.604695 Zulu: Can we be friends?
ChatterBot Quebec reevaluating
2024-10-14 22:40:13.610806 Mike: Yes
2024-10-14 22:40:13.610971 Quebec: Yes
ChatterBot Quebec reevaluating
ChatterBot Zulu reevaluating
ChatterBot Zulu reevaluating
ChatterBot Foxtrot round 3
2024-10-14 22:40:13.720945 Foxtrot: We should add Hotel
ChatterBot Yankee reevaluating
ChatterBot Echo reevaluating
ChatterBot Victor reevaluating
2024-10-14 22:40:13.768372 Yankee: Yes
2024-10-14 22:40:13.769285 Echo: Yes
2024-10-14 22:40:13.769502 Victor: No
2024-10-14 22:40:13.769787 Lima: Yes
ChatterBot Echo reevaluating
ChatterBot Victor reevaluating
ChatterBot Foxtrot reevaluating
ChatterBot Yankee reevaluating
ChatterBot Victor reevaluating
ChatterBot Foxtrot reevaluating
ChatterBot Yankee reevaluating
ChatterBot Echo reevaluating
ChatterBot Foxtrot reevaluating
ChatterBot Yankee reevaluating
ChatterBot Echo reevaluating
ChatterBot Victor reevaluating
ChatterBot Foxtrot reevaluating
2024-10-14 22:40:13.844145 Victor: Papa and Foxtrot we want you to join our group
ChatterBot Foxtrot reevaluating
2024-10-14 22:40:13.850894 Papa: Yes
2024-10-14 22:40:13.851079 Foxtrot: Yes
ChatterBot Echo reevaluating
ChatterBot Yankee reevaluating
ChatterBot Foxtrot reevaluating
ChatterBot Echo reevaluating
ChatterBot Victor reevaluating
ChatterBot Yankee reevaluating
2024-10-14 22:40:13.882983 Foxtrot: We should add Papa
2024-10-14 22:40:13.884068 Yankee: We should add Papa and Hotel
ChatterBot Yankee reevaluating
ChatterBot Echo reevaluating
ChatterBot Victor reevaluating
2024-10-14 22:40:13.896647 Yankee: Yes
2024-10-14 22:40:13.896875 Echo: Yes
2024-10-14 22:40:13.897203 Victor: Yes
2024-10-14 22:40:13.898092 Lima: Yes
ChatterBot Echo reevaluating
ChatterBot Victor reevaluating
ChatterBot Foxtrot reevaluating
2024-10-14 22:40:13.910234 Echo: No
2024-10-14 22:40:13.910380 Victor: No
2024-10-14 22:40:13.910579 Lima: Yes
2024-10-14 22:40:13.910774 Foxtrot: Yes
ChatterBot Echo reevaluating
ChatterBot Victor reevaluating
ChatterBot Foxtrot reevaluating
ChatterBot Yankee reevaluating
ChatterBot Victor reevaluating
ChatterBot Foxtrot reevaluating
ChatterBot Yankee reevaluating
ChatterBot Echo reevaluating
ChatterBot Foxtrot reevaluating
ChatterBot Yankee reevaluating
ChatterBot Echo reevaluating
ChatterBot Victor reevaluating
ChatterBot Foxtrot reevaluating
ChatterBot Yankee reevaluating
ChatterBot Victor reevaluating
ChatterBot Foxtrot reevaluating
ChatterBot Yankee reevaluating
ChatterBot Echo reevaluating
ChatterBot Foxtrot reevaluating
ChatterBot Yankee reevaluating
ChatterBot Echo reevaluating
ChatterBot Victor reevaluating
ChatterBot Foxtrot reevaluating
ChatterBot Yankee reevaluating
ChatterBot Echo reevaluating
ChatterBot Victor reevaluating
2024-10-14 22:40:14.016348 Zulu: Quebec, sending you 7
2024-10-14 22:40:14.031621 Zulu: Mike, sending you 9
2024-10-14 22:40:14.031854 Mike: Quebec, sending you 8
2024-10-14 22:40:14.032046 Papa: Echo, Victor and Lima, sending you 3
2024-10-14 22:40:14.032360 Quebec: Zulu, sending you 6
2024-10-14 22:40:14.033073 Yankee: Hotel we want you to join our group
2024-10-14 22:40:14.036154 Hotel: Yes
ChatterBot Echo reevaluating
ChatterBot Yankee reevaluating
ChatterBot Foxtrot reevaluating
2024-10-14 22:40:14.052051 Hotel: Echo, sending you 4
2024-10-14 22:40:14.052344 Lima: Echo, Victor and Yankee, sending you 4
2024-10-14 22:40:14.052799 Mike: Zulu, sending you 7
2024-10-14 22:40:14.053013 Papa: Yankee and Foxtrot, sending you 1
2024-10-14 22:40:14.053738 Quebec: Mike, sending you 8
2024-10-14 22:40:14.056911 Echo: Papa and Hotel we want you to join our group
ChatterBot Papa reevaluating
2024-10-14 22:40:14.063920 Hotel: No
2024-10-14 22:40:14.064089 Papa: Yes
ChatterBot Echo reevaluating
ChatterBot Victor reevaluating
ChatterBot Foxtrot reevaluating
ChatterBot Yankee reevaluating
ChatterBot Papa reevaluating
ChatterBot Echo reevaluating
ChatterBot Victor reevaluating
ChatterBot Foxtrot reevaluating
ChatterBot Yankee reevaluating
2024-10-14 22:40:14.109329 Papa: We should add Hotel
ChatterBot Echo reevaluating
ChatterBot Victor reevaluating
ChatterBot Yankee reevaluating
ChatterBot Foxtrot reevaluating
2024-10-14 22:40:14.125716 Echo: Yes
2024-10-14 22:40:14.126400 Victor: Yes
2024-10-14 22:40:14.126635 Yankee: Yes
2024-10-14 22:40:14.126786 Lima: Yes
2024-10-14 22:40:14.126937 Foxtrot: Yes
ChatterBot Papa reevaluating
ChatterBot Victor reevaluating
ChatterBot Yankee reevaluating
ChatterBot Foxtrot reevaluating
ChatterBot Papa reevaluating
ChatterBot Echo reevaluating
ChatterBot Yankee reevaluating
ChatterBot Foxtrot reevaluating
ChatterBot Papa reevaluating
ChatterBot Echo reevaluating
ChatterBot Victor reevaluating
ChatterBot Foxtrot reevaluating
ChatterBot Papa reevaluating
ChatterBot Echo reevaluating
ChatterBot Victor reevaluating
ChatterBot Yankee reevaluating
ChatterBot Foxtrot reevaluating
ChatterBot Papa reevaluating
ChatterBot Echo reevaluating
ChatterBot Victor reevaluating
ChatterBot Yankee reevaluating
2024-10-14 22:40:14.242907 Hotel: Victor, sending you 2
2024-10-14 22:40:14.244091 Lima: Papa and Hotel, sending you 2
2024-10-14 22:40:14.244841 Quebec: Papa, sending you 2
chatterbot Lima submitting transactions
2024-10-14 22:40:14.248105 Papa: Hotel we want you to join our group
2024-10-14 22:40:14.251440 Hotel: No
ChatterBot Echo reevaluating
ChatterBot Victor reevaluating
ChatterBot Yankee reevaluating
2024-10-14 22:40:14.268096 Foxtrot: Papa and Hotel we want you to join our group
2024-10-14 22:40:14.273094 Hotel: No
2024-10-14 22:40:14.273747 Papa: Yes
ChatterBot Echo reevaluating
ChatterBot Victor reevaluating
ChatterBot Yankee reevaluating
ChatterBot Echo reevaluating
ChatterBot Victor reevaluating
ChatterBot Yankee reevaluating
2024-10-14 22:40:14.306453 Hotel: Yankee, sending you 6
2024-10-14 22:40:14.307265 Lima: Foxtrot, sending you 3
chatterbot Quebec submitting transactions
2024-10-14 22:40:14.346165 Hotel: Lima, sending you 3
2024-10-14 22:40:14.346684 Yankee: Papa and Hotel we want you to join our group
ChatterBot Hotel reevaluating
2024-10-14 22:40:14.356162 Hotel: No
2024-10-14 22:40:14.356412 Papa: Yes
ChatterBot Echo reevaluating
ChatterBot Victor reevaluating
ChatterBot Yankee reevaluating
ChatterBot Echo reevaluating
ChatterBot Victor reevaluating
ChatterBot Hotel reevaluating
ChatterBot Yankee reevaluating
2024-10-14 22:40:14.401388 Hotel: We should replace Foxtrot with Papa
ChatterBot Echo reevaluating
ChatterBot Victor reevaluating
ChatterBot Yankee reevaluating
2024-10-14 22:40:14.414302 Echo: No
2024-10-14 22:40:14.414505 Victor: No
2024-10-14 22:40:14.414683 Yankee: No
2024-10-14 22:40:14.414815 Lima: No
ChatterBot Hotel reevaluating
ChatterBot Victor reevaluating
ChatterBot Yankee reevaluating
ChatterBot Hotel reevaluating
ChatterBot Echo reevaluating
ChatterBot Yankee reevaluating
ChatterBot Hotel reevaluating
ChatterBot Echo reevaluating
ChatterBot Victor reevaluating
ChatterBot Hotel reevaluating
ChatterBot Echo reevaluating
ChatterBot Victor reevaluating
ChatterBot Yankee reevaluating
2024-10-14 22:40:14.535210 Foxtrot: Echo, sending you 3
2024-10-14 22:40:14.535721 Papa: Echo, sending you 2
2024-10-14 22:40:14.702419 Foxtrot: Papa, Victor and Hotel, sending you 2
2024-10-14 22:40:14.703924 Hotel: Sorry, I'm actually sending you 0
chatterbot Mike submitting transactions
chatterbot Hotel submitting transactions
2024-10-14 22:40:14.751828 Papa: Yankee, Hotel and Foxtrot, sending you 1
2024-10-14 22:40:14.753546 Foxtrot: Yankee, sending you 6
chatterbot Papa submitting transactions
2024-10-14 22:40:14.847359 Hotel: Papa, sending you 1
2024-10-14 22:40:14.848756 Victor: Echo and Yankee, sending you 4
2024-10-14 22:40:14.849892 Echo: Papa, Yankee and Hotel, sending you 2
2024-10-14 22:40:14.851187 Foxtrot: Lima, sending you 4
2024-10-14 22:40:14.852101 Yankee: Echo, Hotel and Lima, sending you 3
chatterbot Victor submitting transactions
2024-10-14 22:40:14.853668 Victor: Papa and Lima, sending you 3
2024-10-14 22:40:14.896228 Echo: Victor, sending you 4
2024-10-14 22:40:14.896948 Yankee: Papa, sending you 1
2024-10-14 22:40:14.898252 Victor: Foxtrot, sending you 2
2024-10-14 22:40:14.927697 Echo: Lima and Foxtrot, sending you 3
2024-10-14 22:40:14.930289 Yankee: Victor and Foxtrot, sending you 4
chatterbot Zulu submitting transactions
chatterbot Hotel submitting transactions
chatterbot Papa submitting transactions
chatterbot Echo submitting transactions
chatterbot Foxtrot submitting transactions
chatterbot Yankee submitting transactions
ChatterBot Quebec round 4
ChatterBot Echo round 4
ChatterBot Zulu round 4
ChatterBot Mike round 4
ChatterBot Papa round 4
ChatterBot Victor round 4
ChatterBot Yankee round 4
ChatterBot Hotel round 4
ChatterBot Lima round 4
ChatterBot Foxtrot round 4
2024-10-14 22:40:15.650113 Victor: We should add Hotel
2024-10-14 22:40:15.665253 Papa: Yes
2024-10-14 22:40:15.665564 Echo: Yes
2024-10-14 22:40:15.665817 Yankee: Yes
2024-10-14 22:40:15.666706 Lima: Yes
2024-10-14 22:40:15.667155 Foxtrot: Yes
2024-10-14 22:40:15.752126 Quebec: We should drop Papa
2024-10-14 22:40:15.758025 Mike: Yes
2024-10-14 22:40:15.758365 Zulu: Yes
2024-10-14 22:40:15.769804 Victor: Hotel we want you to join our group
2024-10-14 22:40:15.774367 Hotel: No
2024-10-14 22:40:15.804699 Zulu: Quebec, sending you 8
2024-10-14 22:40:15.805368 Papa: Echo, sending you 2
2024-10-14 22:40:15.808545 Foxtrot: Echo and Lima, sending you 4
2024-10-14 22:40:15.810807 Zulu: Mike, sending you 9
2024-10-14 22:40:15.812094 Papa: Victor and Lima, sending you 3
2024-10-14 22:40:15.825605 Echo: Papa, Yankee, Hotel and Foxtrot, sending you 2
2024-10-14 22:40:15.828434 Foxtrot: Papa, sending you 2
2024-10-14 22:40:15.830467 Mike: Quebec, sending you 8
2024-10-14 22:40:15.831794 Yankee: Echo and Papa, sending you 2
2024-10-14 22:40:15.833669 Lima: Echo, Papa and Foxtrot, sending you 3
2024-10-14 22:40:15.835704 Hotel: Echo and Lima, sending you 4
2024-10-14 22:40:15.837060 Victor: Echo, Papa, Yankee and Lima, sending you 3
2024-10-14 22:40:15.837881 Quebec: Zulu, sending you 7
2024-10-14 22:40:15.838809 Papa: Yankee, Hotel and Foxtrot, sending you 1
2024-10-14 22:40:15.839607 Echo: Victor and Lima, sending you 4
2024-10-14 22:40:15.840776 Foxtrot: Victor, sending you 3
2024-10-14 22:40:15.841441 Mike: Zulu, sending you 7
2024-10-14 22:40:15.842180 Yankee: Victor and Foxtrot, sending you 4
2024-10-14 22:40:15.842999 Lima: Victor and Yankee, sending you 4
2024-10-14 22:40:15.844276 Hotel: Papa, sending you 2
2024-10-14 22:40:15.844859 Victor: Hotel and Foxtrot, sending you 2
2024-10-14 22:40:15.846063 Quebec: Mike, sending you 9
2024-10-14 22:40:15.846379 Foxtrot: Yankee, sending you 5
2024-10-14 22:40:15.849208 Yankee: Hotel and Lima, sending you 3
2024-10-14 22:40:15.850634 Lima: Hotel, sending you 2
2024-10-14 22:40:15.851949 Hotel: Victor, sending you 1
2024-10-14 22:40:15.852496 Foxtrot: Hotel, sending you 1
2024-10-14 22:40:15.857190 Hotel: Yankee, sending you 5
chatterbot Zulu submitting transactions
chatterbot Papa submitting transactions
chatterbot Foxtrot submitting transactions
chatterbot Quebec submitting transactions
chatterbot Lima submitting transactions
chatterbot Victor submitting transactions
chatterbot Hotel submitting transactions
chatterbot Yankee submitting transactions
chatterbot Mike submitting transactions
chatterbot Echo submitting transactions
ChatterBot Quebec round 5
ChatterBot Echo round 5
ChatterBot Zulu round 5
ChatterBot Mike round 5
ChatterBot Papa round 5
ChatterBot Victor round 5
ChatterBot Yankee round 5
ChatterBot Hotel round 5
ChatterBot Lima round 5
ChatterBot Foxtrot round 5
2024-10-14 22:40:17.017992 Hotel: We should replace Papa with Foxtrot
2024-10-14 22:40:17.027519 Echo: No
2024-10-14 22:40:17.027755 Victor: No
2024-10-14 22:40:17.027890 Yankee: No
2024-10-14 22:40:17.028024 Lima: No
ChatterBot Hotel reevaluating
ChatterBot Hotel reevaluating
ChatterBot Hotel reevaluating
ChatterBot Hotel reevaluating
2024-10-14 22:40:17.069691 Zulu: Quebec, sending you 8
2024-10-14 22:40:17.070648 Echo: Papa and Yankee, sending you 2
2024-10-14 22:40:17.072048 Mike: Quebec, sending you 8
2024-10-14 22:40:17.074666 Zulu: Mike, sending you 10
2024-10-14 22:40:17.075782 Echo: Victor, Hotel, Lima and Foxtrot, sending you 3
2024-10-14 22:40:17.076582 Mike: Zulu, sending you 7
2024-10-14 22:40:17.078658 Papa: Echo, sending you 2
2024-10-14 22:40:17.081673 Victor: Echo, Papa, Yankee and Lima, sending you 3
2024-10-14 22:40:17.083009 Papa: Victor and Lima, sending you 3
2024-10-14 22:40:17.083845 Foxtrot: Echo and Victor, sending you 3
2024-10-14 22:40:17.084642 Yankee: Echo and Papa, sending you 2
2024-10-14 22:40:17.086168 Quebec: Zulu, sending you 7
2024-10-14 22:40:17.087654 Victor: Hotel and Foxtrot, sending you 2
2024-10-14 22:40:17.088683 Papa: Yankee, Hotel and Foxtrot, sending you 1
2024-10-14 22:40:17.090350 Foxtrot: Papa, sending you 2
2024-10-14 22:40:17.091638 Quebec: Mike, sending you 9
2024-10-14 22:40:17.091945 Lima: Echo and Yankee, sending you 4
2024-10-14 22:40:17.093181 Hotel: Echo, sending you 4
2024-10-14 22:40:17.093517 Yankee: Victor and Hotel, sending you 3
2024-10-14 22:40:17.094824 Foxtrot: Yankee, sending you 6
2024-10-14 22:40:17.097674 Lima: Papa, Victor and Foxtrot, sending you 3
2024-10-14 22:40:17.099252 Hotel: Papa and Victor, sending you 2
2024-10-14 22:40:17.100044 Foxtrot: Hotel, sending you 1
2024-10-14 22:40:17.100955 Yankee: Lima and Foxtrot, sending you 4
2024-10-14 22:40:17.102680 Hotel: Yankee, sending you 5
2024-10-14 22:40:17.103900 Lima: Hotel, sending you 2
2024-10-14 22:40:17.105358 Foxtrot: Lima, sending you 4
2024-10-14 22:40:17.107469 Hotel: Lima, sending you 3
chatterbot Zulu submitting transactions
chatterbot Papa submitting transactions
chatterbot Victor submitting transactions
chatterbot Quebec submitting transactions
chatterbot Foxtrot submitting transactions
chatterbot Hotel submitting transactions
chatterbot Mike submitting transactions
chatterbot Lima submitting transactions
chatterbot Echo submitting transactions
chatterbot Yankee submitting transactions
ChatterBot Quebec round 6
ChatterBot Echo round 6
ChatterBot Zulu round 6
ChatterBot Mike round 6
ChatterBot Papa round 6
ChatterBot Victor round 6
ChatterBot Yankee round 6
ChatterBot Hotel round 6
ChatterBot Lima round 6
ChatterBot Foxtrot round 6
2024-10-14 22:40:18.360670 Quebec: Zulu, sending you 7
2024-10-14 22:40:18.361226 Yankee: Echo and Papa, sending you 2
2024-10-14 22:40:18.363691 Hotel: Echo and Yankee, sending you 4
2024-10-14 22:40:18.365293 Papa: Echo, Yankee and Lima, sending you 2
2024-10-14 22:40:18.366186 Quebec: Mike, sending you 9
2024-10-14 22:40:18.367443 Lima: Echo, Papa, Victor, Hotel and Foxtrot, sending you 3
2024-10-14 22:40:18.368629 Zulu: Quebec, sending you 8
2024-10-14 22:40:18.369930 Yankee: Victor and Hotel, sending you 3
2024-10-14 22:40:18.372131 Papa: Victor, sending you 3
2024-10-14 22:40:18.374184 Hotel: Papa, sending you 2
2024-10-14 22:40:18.375600 Mike: Quebec, sending you 8
2024-10-14 22:40:18.377183 Echo: Papa, Yankee and Foxtrot, sending you 2
2024-10-14 22:40:18.379039 Victor: Echo, Papa, Yankee and Lima, sending you 3
2024-10-14 22:40:18.380523 Lima: Yankee, sending you 4
2024-10-14 22:40:18.382755 Zulu: Mike, sending you 10
2024-10-14 22:40:18.383532 Yankee: Lima and Foxtrot, sending you 4
2024-10-14 22:40:18.386178 Foxtrot: Echo and Lima, sending you 4
2024-10-14 22:40:18.388742 Papa: Hotel and Foxtrot, sending you 1
2024-10-14 22:40:18.391267 Hotel: Victor and Lima, sending you 3
2024-10-14 22:40:18.393068 Mike: Zulu, sending you 7
2024-10-14 22:40:18.394139 Echo: Victor and Hotel, sending you 3
2024-10-14 22:40:18.396284 Victor: Hotel and Foxtrot, sending you 2
2024-10-14 22:40:18.398603 Foxtrot: Papa, sending you 2
2024-10-14 22:40:18.400702 Echo: Lima, sending you 4
2024-10-14 22:40:18.403124 Foxtrot: Victor, sending you 3
2024-10-14 22:40:18.408645 Foxtrot: Yankee, sending you 5
2024-10-14 22:40:18.412712 Foxtrot: Hotel, sending you 1
chatterbot Mike submitting transactions
chatterbot Foxtrot submitting transactions
chatterbot Quebec submitting transactions
chatterbot Echo submitting transactions
chatterbot Papa submitting transactions
chatterbot Lima submitting transactions
chatterbot Yankee submitting transactions
chatterbot Victor submitting transactions
chatterbot Zulu submitting transactions
chatterbot Hotel submitting transactions
ChatterBot Quebec round 7
ChatterBot Echo round 7
ChatterBot Zulu round 7
ChatterBot Mike round 7
ChatterBot Papa round 7
ChatterBot Victor round 7
ChatterBot Yankee round 7
ChatterBot Hotel round 7
ChatterBot Lima round 7
ChatterBot Foxtrot round 7
2024-10-14 22:40:19.411564 Hotel: We should replace Papa with Foxtrot
2024-10-14 22:40:19.418978 Echo: No
2024-10-14 22:40:19.419129 Victor: No
2024-10-14 22:40:19.419250 Yankee: No
2024-10-14 22:40:19.419353 Lima: No
ChatterBot Hotel reevaluating
ChatterBot Hotel reevaluating
ChatterBot Hotel reevaluating
ChatterBot Hotel reevaluating
2024-10-14 22:40:19.458664 Quebec: Zulu, sending you 7
2024-10-14 22:40:19.461650 Quebec: Mike, sending you 9
2024-10-14 22:40:19.464665 Mike: Quebec, sending you 8
2024-10-14 22:40:19.466666 Papa: Echo, Yankee and Lima, sending you 2
2024-10-14 22:40:19.467698 Yankee: Echo and Papa, sending you 2
2024-10-14 22:40:19.468428 Mike: Zulu, sending you 7
2024-10-14 22:40:19.470648 Zulu: Sending you each 9
2024-10-14 22:40:19.470918 Papa: Victor, sending you 3
2024-10-14 22:40:19.471885 Yankee: Victor and Hotel, sending you 3
2024-10-14 22:40:19.472681 Echo: Papa and Yankee, sending you 2
2024-10-14 22:40:19.473281 Foxtrot: Echo and Victor, sending you 3
2024-10-14 22:40:19.473947 Victor: Echo, Papa, Yankee and Lima, sending you 3
2024-10-14 22:40:19.474672 Lima: Echo and Yankee, sending you 4
2024-10-14 22:40:19.475679 Papa: Hotel and Foxtrot, sending you 1
2024-10-14 22:40:19.476965 Echo: Victor, Hotel, Lima and Foxtrot, sending you 3
2024-10-14 22:40:19.477868 Yankee: Lima and Foxtrot, sending you 4
2024-10-14 22:40:19.478697 Foxtrot: Papa, sending you 2
2024-10-14 22:40:19.479494 Hotel: Echo and Yankee, sending you 4
2024-10-14 22:40:19.479977 Lima: Papa, Victor and Foxtrot, sending you 3
2024-10-14 22:40:19.480836 Victor: Hotel and Foxtrot, sending you 2
2024-10-14 22:40:19.482653 Foxtrot: Yankee, sending you 6
2024-10-14 22:40:19.484680 Hotel: Papa, sending you 2
2024-10-14 22:40:19.485252 Lima: Hotel, sending you 2
2024-10-14 22:40:19.487659 Foxtrot: Hotel, sending you 1
2024-10-14 22:40:19.488749 Hotel: Victor and Lima, sending you 3
2024-10-14 22:40:19.492655 Foxtrot: Lima, sending you 4
chatterbot Zulu submitting transactions
chatterbot Victor submitting transactions
chatterbot Papa submitting transactions
chatterbot Quebec submitting transactions
chatterbot Hotel submitting transactions
chatterbot Mike submitting transactions
chatterbot Foxtrot submitting transactions
chatterbot Yankee submitting transactions
chatterbot Lima submitting transactions
chatterbot Echo submitting transactions
ChatterBot Quebec round 8
ChatterBot Echo round 8
ChatterBot Zulu round 8
ChatterBot Mike round 8
ChatterBot Papa round 8
ChatterBot Victor round 8
ChatterBot Yankee round 8
ChatterBot Hotel round 8
ChatterBot Lima round 8
ChatterBot Foxtrot round 8
2024-10-14 22:40:20.589675 Echo: Papa, Yankee and Foxtrot, sending you 2
2024-10-14 22:40:20.591036 Zulu: Same as last round
2024-10-14 22:40:20.594650 Quebec: Zulu, sending you 7
2024-10-14 22:40:20.595649 Echo: Victor and Hotel, sending you 3
2024-10-14 22:40:20.597670 Quebec: Mike, sending you 9
2024-10-14 22:40:20.598685 Echo: Lima, sending you 4
2024-10-14 22:40:20.602684 Papa: Echo, Yankee and Lima, sending you 2
2024-10-14 22:40:20.603364 Foxtrot: Echo and Lima, sending you 4
2024-10-14 22:40:20.605688 Mike: Quebec, sending you 8
2024-10-14 22:40:20.605981 Hotel: Echo and Yankee, sending you 4
2024-10-14 22:40:20.606671 Yankee: Echo and Papa, sending you 2
2024-10-14 22:40:20.607728 Papa: Victor, sending you 3
2024-10-14 22:40:20.608956 Foxtrot: Papa, sending you 2
2024-10-14 22:40:20.609907 Victor: Echo, Papa, Yankee and Lima, sending you 3
2024-10-14 22:40:20.610836 Lima: Echo, Papa, Victor, Hotel and Foxtrot, sending you 3
2024-10-14 22:40:20.611740 Mike: Zulu, sending you 7
2024-10-14 22:40:20.612050 Hotel: Papa, sending you 2
2024-10-14 22:40:20.612520 Yankee: Victor and Hotel, sending you 3
2024-10-14 22:40:20.613422 Papa: Hotel and Foxtrot, sending you 1
2024-10-14 22:40:20.614725 Foxtrot: Victor, sending you 3
2024-10-14 22:40:20.615620 Victor: Hotel and Foxtrot, sending you 2
2024-10-14 22:40:20.616570 Hotel: Victor and Lima, sending you 3
2024-10-14 22:40:20.617066 Yankee: Lima and Foxtrot, sending you 4
2024-10-14 22:40:20.617995 Lima: Yankee, sending you 4
2024-10-14 22:40:20.619697 Foxtrot: Yankee, sending you 5
2024-10-14 22:40:20.624676 Foxtrot: Hotel, sending you 1
chatterbot Papa submitting transactions
chatterbot Echo submitting transactions
chatterbot Lima submitting transactions
chatterbot Hotel submitting transactions
chatterbot Quebec submitting transactions
chatterbot Zulu submitting transactions
chatterbot Victor submitting transactions
chatterbot Mike submitting transactions
chatterbot Foxtrot submitting transactions
chatterbot Yankee submitting transactions
ChatterBot Quebec round 9
ChatterBot Echo round 9
ChatterBot Zulu round 9
ChatterBot Mike round 9
ChatterBot Papa round 9
ChatterBot Victor round 9
ChatterBot Yankee round 9
ChatterBot Hotel round 9
ChatterBot Lima round 9
ChatterBot Foxtrot round 9
2024-10-14 22:40:21.782356 Hotel: We should replace Papa with Foxtrot
2024-10-14 22:40:21.790513 Echo: No
2024-10-14 22:40:21.790713 Victor: No
2024-10-14 22:40:21.790870 Yankee: No
2024-10-14 22:40:21.791033 Lima: No
ChatterBot Hotel reevaluating
ChatterBot Hotel reevaluating
ChatterBot Hotel reevaluating
ChatterBot Hotel reevaluating
2024-10-14 22:40:21.829651 Quebec: Zulu, sending you 7
2024-10-14 22:40:21.829976 Hotel: Foxtrot we want you to join our group
2024-10-14 22:40:21.832327 Foxtrot: Yes
ChatterBot Hotel reevaluating
2024-10-14 22:40:21.844385 Echo: Papa and Yankee, sending you 2
2024-10-14 22:40:21.845306 Quebec: Mike, sending you 9
2024-10-14 22:40:21.847648 Yankee: Echo and Papa, sending you 2
2024-10-14 22:40:21.848845 Papa: Echo, Yankee and Lima, sending you 2
2024-10-14 22:40:21.849520 Mike: Quebec, sending you 8
2024-10-14 22:40:21.849766 Foxtrot: Echo and Victor, sending you 3
2024-10-14 22:40:21.850444 Zulu: Same as last round
2024-10-14 22:40:21.850709 Echo: Victor, Hotel, Lima and Foxtrot, sending you 3
2024-10-14 22:40:21.851346 Victor: Echo, Papa, Yankee and Lima, sending you 3
2024-10-14 22:40:21.852015 Papa: Victor, sending you 3
2024-10-14 22:40:21.853664 Yankee: Victor and Hotel, sending you 3
2024-10-14 22:40:21.854531 Mike: Zulu, sending you 7
2024-10-14 22:40:21.854843 Foxtrot: Papa, sending you 2
2024-10-14 22:40:21.855660 Lima: Echo and Yankee, sending you 4
2024-10-14 22:40:21.856932 Victor: Hotel and Foxtrot, sending you 2
2024-10-14 22:40:21.857558 Papa: Hotel and Foxtrot, sending you 1
2024-10-14 22:40:21.858262 Foxtrot: Yankee, sending you 6
2024-10-14 22:40:21.858966 Yankee: Lima and Foxtrot, sending you 4
2024-10-14 22:40:21.860662 Lima: Papa, Victor and Foxtrot, sending you 3
2024-10-14 22:40:21.862386 Foxtrot: Hotel, sending you 1
2024-10-14 22:40:21.866655 Lima: Hotel, sending you 2
2024-10-14 22:40:21.867677 Foxtrot: Lima, sending you 4
2024-10-14 22:40:21.871659 Hotel: Echo and Yankee, sending you 4
2024-10-14 22:40:21.874822 Hotel: Victor and Lima, sending you 3
2024-10-14 22:40:21.882782 Hotel: Foxtrot, sending you 2
chatterbot Zulu submitting transactions
chatterbot Papa submitting transactions
chatterbot Lima submitting transactions
chatterbot Victor submitting transactions
chatterbot Echo submitting transactions
chatterbot Yankee submitting transactions
chatterbot Hotel submitting transactions
chatterbot Quebec submitting transactions
chatterbot Foxtrot submitting transactions
chatterbot Mike submitting transactions
ChatterBot Quebec round 10
ChatterBot Echo round 10
ChatterBot Zulu round 10
ChatterBot Mike round 10
ChatterBot Papa round 10
ChatterBot Victor round 10
ChatterBot Yankee round 10
ChatterBot Hotel round 10
ChatterBot Lima round 10
ChatterBot Foxtrot round 10
2024-10-14 22:40:23.050663 Echo: Papa, Yankee and Foxtrot, sending you 2
2024-10-14 22:40:23.056652 Echo: Victor and Hotel, sending you 3
2024-10-14 22:40:23.057623 Victor: Echo, Papa, Yankee and Lima, sending you 3
2024-10-14 22:40:23.060098 Echo: Lima, sending you 4
2024-10-14 22:40:23.062690 Victor: Hotel and Foxtrot, sending you 2
2024-10-14 22:40:23.064194 Lima: Echo, Papa, Victor, Hotel and Foxtrot, sending you 3
2024-10-14 22:40:23.065299 Yankee: Echo and Papa, sending you 2
2024-10-14 22:40:23.066109 Quebec: Sending you each 8
2024-10-14 22:40:23.066656 Papa: Echo, Yankee and Lima, sending you 2
2024-10-14 22:40:23.067689 Mike: Quebec, sending you 8
2024-10-14 22:40:23.068025 Foxtrot: Echo and Lima, sending you 4
2024-10-14 22:40:23.069059 Zulu: Same as last round
2024-10-14 22:40:23.069685 Lima: Yankee, sending you 4
2024-10-14 22:40:23.071461 Yankee: Victor and Hotel, sending you 3
2024-10-14 22:40:23.072276 Papa: Victor, sending you 3
2024-10-14 22:40:23.073270 Mike: Zulu, sending you 7
2024-10-14 22:40:23.073645 Foxtrot: Papa, sending you 2
2024-10-14 22:40:23.076690 Yankee: Lima and Foxtrot, sending you 4
2024-10-14 22:40:23.077998 Hotel: Echo and Yankee, sending you 4
2024-10-14 22:40:23.078957 Papa: Hotel and Foxtrot, sending you 1
2024-10-14 22:40:23.080098 Foxtrot: Victor, sending you 3
2024-10-14 22:40:23.084175 Hotel: Victor and Lima, sending you 3
2024-10-14 22:40:23.084903 Foxtrot: Yankee, sending you 5
2024-10-14 22:40:23.087682 Hotel: Foxtrot, sending you 2
2024-10-14 22:40:23.089662 Foxtrot: Hotel, sending you 1
chatterbot Hotel submitting transactions
chatterbot Zulu submitting transactions
chatterbot Papa submitting transactions
chatterbot Echo submitting transactions
chatterbot Yankee submitting transactions
chatterbot Quebec submitting transactions
chatterbot Mike submitting transactions
chatterbot Foxtrot submitting transactions
chatterbot Victor submitting transactions
chatterbot Lima submitting transactions
ChatterBot Quebec round 11
ChatterBot Echo round 11
ChatterBot Zulu round 11
ChatterBot Mike round 11
ChatterBot Papa round 11
ChatterBot Victor round 11
ChatterBot Yankee round 11
ChatterBot Hotel round 11
ChatterBot Lima round 11
ChatterBot Foxtrot round 11
2024-10-14 22:40:24.223763 Zulu: Same as last round
2024-10-14 22:40:24.226680 Echo: Papa and Yankee, sending you 2
2024-10-14 22:40:24.230208 Lima: Echo and Yankee, sending you 4
2024-10-14 22:40:24.233824 Quebec: Same as last round
2024-10-14 22:40:24.234846 Mike: Quebec, sending you 8
2024-10-14 22:40:24.236182 Foxtrot: Echo and Victor, sending you 3
