ChatterBot X-ray round 1
ChatterBot Quebec round 1
ChatterBot Kilo round 1
ChatterBot Tango round 1
ChatterBot Yankee round 1
ChatterBot Sierra round 1
ChatterBot Whiskey round 1
ChatterBot Echo round 1
ChatterBot Juliett round 1
ChatterBot Charlie round 1
randomSelections Quebec: {Quebec, Juliett, Kilo, Sierra, Tango, Yankee, Echo, Charlie} 
2024-10-14 22:40:10.679200 Quebec: Friends?
ChatterBot Juliett reevaluating
ChatterBot Kilo reevaluating
ChatterBot Sierra reevaluating
ChatterBot Tango reevaluating
ChatterBot Yankee reevaluating
ChatterBot Echo reevaluating
ChatterBot Charlie reevaluating
2024-10-14 22:40:10.704137 Juliett: Yes
2024-10-14 22:40:10.704358 Kilo: Yes
2024-10-14 22:40:10.704575 Sierra: Yes
2024-10-14 22:40:10.705513 Tango: Yes
2024-10-14 22:40:10.705757 Yankee: Yes
2024-10-14 22:40:10.705998 Echo: Yes
2024-10-14 22:40:10.706178 Charlie: Yes
ChatterBot Kilo reevaluating
ChatterBot Sierra reevaluating
ChatterBot Tango reevaluating
ChatterBot Yankee reevaluating
ChatterBot Echo reevaluating
ChatterBot Charlie reevaluating
ChatterBot Juliett reevaluating
ChatterBot Sierra reevaluating
ChatterBot Tango reevaluating
ChatterBot Yankee reevaluating
ChatterBot Echo reevaluating
ChatterBot Charlie reevaluating
ChatterBot Juliett reevaluating
ChatterBot Kilo reevaluating
ChatterBot Tango reevaluating
ChatterBot Yankee reevaluating
ChatterBot Echo reevaluating
ChatterBot Charlie reevaluating
ChatterBot Juliett reevaluating
ChatterBot Kilo reevaluating
ChatterBot Sierra reevaluating
ChatterBot Yankee reevaluating
ChatterBot Echo reevaluating
ChatterBot Charlie reevaluating
ChatterBot Juliett reevaluating
ChatterBot Kilo reevaluating
ChatterBot Sierra reevaluating
ChatterBot Tango reevaluating
ChatterBot Echo reevaluating
ChatterBot Charlie reevaluating
ChatterBot Juliett reevaluating
ChatterBot Kilo reevaluating
ChatterBot Sierra reevaluating
ChatterBot Tango reevaluating
ChatterBot Yankee reevaluating
ChatterBot Charlie reevaluating
ChatterBot Juliett reevaluating
ChatterBot Kilo reevaluating
ChatterBot Sierra reevaluating
ChatterBot Tango reevaluating
ChatterBot Yankee reevaluating
ChatterBot Echo reevaluating
randomSelections X-ray: {X-ray, Tango, Kilo, Quebec, Sierra, Yankee, Whiskey} 
2024-10-14 22:40:10.827101 X-ray: Group up?
ChatterBot Tango reevaluating
ChatterBot Kilo reevaluating
ChatterBot Sierra reevaluating
ChatterBot Yankee reevaluating
ChatterBot Whiskey reevaluating
2024-10-14 22:40:10.836872 Tango: No
2024-10-14 22:40:10.838500 Kilo: No
2024-10-14 22:40:10.838958 Quebec: No
2024-10-14 22:40:10.840467 Sierra: No
2024-10-14 22:40:10.840967 Yankee: No
2024-10-14 22:40:10.842533 Whiskey: Yes
ChatterBot Kilo reevaluating
ChatterBot Sierra reevaluating
ChatterBot Yankee reevaluating
ChatterBot Whiskey reevaluating
ChatterBot Tango reevaluating
ChatterBot Sierra reevaluating
ChatterBot Yankee reevaluating
ChatterBot Whiskey reevaluating
ChatterBot Tango reevaluating
ChatterBot Kilo reevaluating
ChatterBot Sierra reevaluating
ChatterBot Yankee reevaluating
ChatterBot Whiskey reevaluating
ChatterBot Tango reevaluating
ChatterBot Kilo reevaluating
ChatterBot Yankee reevaluating
ChatterBot Whiskey reevaluating
ChatterBot Tango reevaluating
ChatterBot Kilo reevaluating
ChatterBot Sierra reevaluating
ChatterBot Whiskey reevaluating
ChatterBot Tango reevaluating
ChatterBot Kilo reevaluating
ChatterBot Sierra reevaluating
ChatterBot Yankee reevaluating
2024-10-14 22:40:10.927142 Kilo: Quebec and Echo, sending you 1
2024-10-14 22:40:10.928707 Charlie: Quebec and Yankee, sending you 4
2024-10-14 22:40:10.930474 Quebec: Kilo, Tango and Sierra, sending you 3
2024-10-14 22:40:10.932437 X-ray: Kilo, sending you 2
2024-10-14 22:40:10.932892 Kilo: Tango, sending you 3
2024-10-14 22:40:10.933896 Whiskey: X-ray, sending you 5
2024-10-14 22:40:10.934312 Charlie: Kilo, Echo and Juliett, sending you 1
2024-10-14 22:40:10.934773 Tango: Quebec, sending you 4
2024-10-14 22:40:10.935832 Quebec: Yankee and Juliett, sending you 2
2024-10-14 22:40:10.936202 Kilo: Yankee and Sierra, sending you 4
2024-10-14 22:40:10.937762 X-ray: Tango and Yankee, sending you 4
2024-10-14 22:40:10.938109 Whiskey: Quebec, sending you 3
2024-10-14 22:40:10.938859 Charlie: Tango and Sierra, sending you 2
2024-10-14 22:40:10.939211 Tango: Kilo, Yankee and Charlie, sending you 3
2024-10-14 22:40:10.939587 Sierra: Quebec, sending you 2
2024-10-14 22:40:10.940651 Quebec: Echo, sending you 1
2024-10-14 22:40:10.940984 Kilo: Charlie, sending you 2
2024-10-14 22:40:10.941343 Yankee: Quebec and Sierra, sending you 2
2024-10-14 22:40:10.942297 Echo: Quebec and Tango, sending you 3
2024-10-14 22:40:10.942627 X-ray: Sierra, sending you 3
2024-10-14 22:40:10.942911 Tango: Sierra and Juliett, sending you 1
2024-10-14 22:40:10.943843 Whiskey: Kilo, Tango and Yankee, sending you 2
2024-10-14 22:40:10.946309 Sierra: Kilo, Yankee, Juliett and Charlie, sending you 1
2024-10-14 22:40:10.947242 Quebec: Charlie, sending you 5
2024-10-14 22:40:10.947641 Yankee: Kilo and Tango, sending you 3
2024-10-14 22:40:10.948019 Echo: Kilo and Juliett, sending you 1
2024-10-14 22:40:10.948824 Tango: Echo, sending you 2
2024-10-14 22:40:10.949157 X-ray: Whiskey, sending you 5
2024-10-14 22:40:10.951846 Whiskey: Sierra, sending you 1
2024-10-14 22:40:10.952179 Sierra: Echo, sending you 3
2024-10-14 22:40:10.953176 Yankee: Juliett, sending you 5
2024-10-14 22:40:11.102417 Echo: Yankee, sending you 6
2024-10-14 22:40:11.104108 Yankee: Charlie, sending you 1
chatterbot Quebec submitting transactions
2024-10-14 22:40:11.106733 Echo: Sierra, sending you 2
chatterbot Tango submitting transactions
chatterbot X-ray submitting transactions
chatterbot Kilo submitting transactions
chatterbot Charlie submitting transactions
chatterbot Juliett submitting transactions
chatterbot Echo submitting transactions
chatterbot Whiskey submitting transactions
chatterbot Yankee submitting transactions
chatterbot Sierra submitting transactions
ChatterBot X-ray round 2
ChatterBot Quebec round 2
ChatterBot Kilo round 2
ChatterBot Tango round 2
ChatterBot Yankee round 2
ChatterBot Sierra round 2
ChatterBot Whiskey round 2
ChatterBot Echo round 2
ChatterBot Juliett round 2
ChatterBot Charlie round 2
2024-10-14 22:40:12.308668 X-ray: Friends?
ChatterBot Whiskey reevaluating
ChatterBot Sierra reevaluating
2024-10-14 22:40:12.323698 Whiskey: Yes
2024-10-14 22:40:12.324366 Sierra: No
ChatterBot Sierra reevaluating
ChatterBot Whiskey reevaluating
2024-10-14 22:40:12.402735 Quebec: We should drop Juliett
ChatterBot Sierra reevaluating
2024-10-14 22:40:12.440015 Kilo: Yes
2024-10-14 22:40:12.440227 Tango: Yes
2024-10-14 22:40:12.440382 Yankee: Yes
2024-10-14 22:40:12.440590 Sierra: Yes
2024-10-14 22:40:12.440781 Echo: Yes
2024-10-14 22:40:12.440945 Charlie: Yes
ChatterBot Sierra reevaluating
ChatterBot Kilo reevaluating
ChatterBot Sierra reevaluating
ChatterBot Kilo reevaluating
ChatterBot Sierra reevaluating
ChatterBot Kilo reevaluating
ChatterBot Kilo reevaluating
ChatterBot Sierra reevaluating
ChatterBot Kilo reevaluating
ChatterBot Sierra reevaluating
2024-10-14 22:40:12.902514 Kilo: We should drop Juliett and Sierra
2024-10-14 22:40:12.920958 Quebec: No
2024-10-14 22:40:12.921711 Tango: No
2024-10-14 22:40:12.922064 Yankee: No
2024-10-14 22:40:12.922270 Echo: No
2024-10-14 22:40:12.922472 Charlie: No
ChatterBot Kilo reevaluating
ChatterBot Kilo reevaluating
ChatterBot Kilo reevaluating
ChatterBot Kilo reevaluating
ChatterBot Kilo reevaluating
chatterbot X-ray submitting transactions
2024-10-14 22:40:13.110521 X-ray: Sierra, sending you 3
2024-10-14 22:40:13.111467 Quebec: Kilo, sending you 2
2024-10-14 22:40:13.111941 Juliett: Quebec, Tango and Sierra, sending you 1
2024-10-14 22:40:13.112933 Whiskey: X-ray, sending you 8
2024-10-14 22:40:13.113259 Tango: Quebec and Kilo, sending you 4
chatterbot Charlie submitting transactions
chatterbot Juliett submitting transactions
2024-10-14 22:40:13.184785 X-ray: Whiskey, sending you 15
2024-10-14 22:40:13.185096 Quebec: Tango and Charlie, sending you 4
2024-10-14 22:40:13.185876 Juliett: Yankee, sending you 2
2024-10-14 22:40:13.186405 Whiskey: Juliett, sending you 7
2024-10-14 22:40:13.186642 Yankee: Quebec, sending you 2
2024-10-14 22:40:13.187543 Tango: Yankee, Echo and Charlie, sending you 3
2024-10-14 22:40:13.187846 Charlie: Quebec, sending you 4
2024-10-14 22:40:13.188150 Echo: Quebec, Kilo, Yankee and Charlie, sending you 2
2024-10-14 22:40:13.188889 Sierra: Quebec, sending you 3
2024-10-14 22:40:13.218522 Quebec: Yankee, Sierra and Echo, sending you 3
2024-10-14 22:40:13.219832 Yankee: Kilo and Charlie, sending you 4
2024-10-14 22:40:13.220382 Charlie: Kilo and Tango, sending you 3
2024-10-14 22:40:13.221518 Sierra: Kilo, sending you 5
2024-10-14 22:40:13.222069 Kilo: Quebec, Tango and Yankee, sending you 3
2024-10-14 22:40:13.223206 Tango: Sierra, sending you 1
2024-10-14 22:40:13.223755 Echo: Tango, sending you 3
2024-10-14 22:40:13.224950 Charlie: Yankee and Sierra, sending you 2
2024-10-14 22:40:13.226038 Yankee: Tango, sending you 3
2024-10-14 22:40:13.226793 Sierra: Tango, Yankee, Echo and Charlie, sending you 2
2024-10-14 22:40:13.228004 Kilo: Sierra, Echo and Charlie, sending you 2
2024-10-14 22:40:13.290165 Echo: Sierra, sending you 5
2024-10-14 22:40:13.291339 Charlie: Echo, sending you 1
2024-10-14 22:40:13.291897 Yankee: Sierra, sending you 1
chatterbot Whiskey submitting transactions
2024-10-14 22:40:13.322470 Yankee: Echo, sending you 6
chatterbot Sierra submitting transactions
chatterbot Yankee submitting transactions
chatterbot Quebec submitting transactions
chatterbot Echo submitting transactions
chatterbot Tango submitting transactions
chatterbot Kilo submitting transactions
ChatterBot X-ray round 3
ChatterBot Quebec round 3
ChatterBot Kilo round 3
ChatterBot Tango round 3
2024-10-14 22:40:14.296499 X-ray: We should replace Sierra with Juliett
2024-10-14 22:40:14.302809 Whiskey: Yes
ChatterBot X-ray reevaluating
ChatterBot Yankee round 3
ChatterBot Sierra round 3
ChatterBot Whiskey round 3
ChatterBot Echo round 3
ChatterBot Juliett round 3
ChatterBot Charlie round 3
2024-10-14 22:40:14.396476 Kilo: Quebec, Echo and Charlie, sending you 2
2024-10-14 22:40:14.397575 Tango: Quebec, sending you 4
2024-10-14 22:40:14.398157 Juliett: Quebec, sending you 2
2024-10-14 22:40:14.399263 Echo: Quebec, Tango, Yankee and Sierra, sending you 3
2024-10-14 22:40:14.399915 Sierra: Quebec and Kilo, sending you 3
2024-10-14 22:40:14.400894 Quebec: Kilo, sending you 2
2024-10-14 22:40:14.401418 X-ray: Sierra, sending you 3
2024-10-14 22:40:14.402256 Whiskey: X-ray, sending you 8
2024-10-14 22:40:14.402715 Yankee: Quebec and Charlie, sending you 3
2024-10-14 22:40:14.403823 Kilo: Tango, Yankee and Sierra, sending you 3
2024-10-14 22:40:14.404440 Tango: Kilo, Yankee, Echo and Charlie, sending you 3
2024-10-14 22:40:14.405503 Juliett: Tango, Sierra and Charlie, sending you 1
2024-10-14 22:40:14.406475 Echo: Kilo and Charlie, sending you 2
2024-10-14 22:40:14.406991 Sierra: Tango, Yankee and Charlie, sending you 2
2024-10-14 22:40:14.407974 Quebec: Tango and Charlie, sending you 4
2024-10-14 22:40:14.408508 X-ray: Whiskey, sending you 15
2024-10-14 22:40:14.408863 Whiskey: Juliett, sending you 7
2024-10-14 22:40:14.409577 Yankee: Kilo, Tango and Echo, sending you 4
2024-10-14 22:40:14.410087 Charlie: Quebec, sending you 4
2024-10-14 22:40:14.411136 Tango: Sierra, sending you 2
2024-10-14 22:40:14.411709 Juliett: Yankee, sending you 4
2024-10-14 22:40:14.412678 Quebec: Yankee, Sierra and Echo, sending you 3
2024-10-14 22:40:14.413219 Sierra: Echo, sending you 4
2024-10-14 22:40:14.414172 Yankee: Sierra, sending you 2
2024-10-14 22:40:14.414788 Charlie: Kilo, Sierra and Echo, sending you 2
2024-10-14 22:40:14.432604 Charlie: Tango and Yankee, sending you 3
chatterbot Charlie submitting transactions
chatterbot Yankee submitting transactions
chatterbot Sierra submitting transactions
chatterbot Tango submitting transactions
chatterbot Kilo submitting transactions
chatterbot X-ray submitting transactions
chatterbot Echo submitting transactions
chatterbot Juliett submitting transactions
chatterbot Quebec submitting transactions
chatterbot Whiskey submitting transactions
ChatterBot X-ray round 4
ChatterBot Quebec round 4
ChatterBot Kilo round 4
ChatterBot Tango round 4
ChatterBot Yankee round 4
ChatterBot Sierra round 4
ChatterBot Whiskey round 4
ChatterBot Echo round 4
ChatterBot Juliett round 4
ChatterBot Charlie round 4
2024-10-14 22:40:15.718416 X-ray: We should replace Sierra with Juliett
ChatterBot Whiskey reevaluating
2024-10-14 22:40:15.722536 Whiskey: Yes
ChatterBot X-ray reevaluating
2024-10-14 22:40:15.727227 Whiskey: We should add Charlie
ChatterBot X-ray reevaluating
ChatterBot Juliett reevaluating
2024-10-14 22:40:15.735010 X-ray: No
2024-10-14 22:40:15.735264 Juliett: Yes
ChatterBot Whiskey reevaluating
ChatterBot Juliett reevaluating
ChatterBot Whiskey reevaluating
ChatterBot X-ray reevaluating
2024-10-14 22:40:15.776523 X-ray: We should add Juliett
ChatterBot Whiskey reevaluating
2024-10-14 22:40:15.783828 Whiskey: Yes
2024-10-14 22:40:15.784054 Sierra: No
ChatterBot X-ray reevaluating
ChatterBot X-ray reevaluating
ChatterBot Whiskey reevaluating
2024-10-14 22:40:15.798739 Whiskey: We should add Sierra
ChatterBot X-ray reevaluating
ChatterBot Juliett reevaluating
2024-10-14 22:40:15.806594 X-ray: No
2024-10-14 22:40:15.806895 Juliett: Yes
ChatterBot Whiskey reevaluating
ChatterBot Juliett reevaluating
ChatterBot Whiskey reevaluating
ChatterBot X-ray reevaluating
2024-10-14 22:40:15.832160 Quebec: Kilo, sending you 2
2024-10-14 22:40:15.834336 Yankee: Quebec and Charlie, sending you 3
2024-10-14 22:40:15.837245 X-ray: Juliett we want you to join our group
2024-10-14 22:40:15.842901 Juliett: No
ChatterBot X-ray reevaluating
ChatterBot Whiskey reevaluating
2024-10-14 22:40:15.859326 Quebec: Tango and Charlie, sending you 4
2024-10-14 22:40:15.859966 Echo: Quebec, Tango, Yankee and Sierra, sending you 3
2024-10-14 22:40:15.861240 Charlie: Quebec, sending you 4
2024-10-14 22:40:15.861828 Yankee: Kilo, Tango and Echo, sending you 4
2024-10-14 22:40:15.863114 Kilo: Quebec, Echo and Charlie, sending you 2
2024-10-14 22:40:15.863823 Sierra: Quebec and Kilo, sending you 3
2024-10-14 22:40:15.865044 Whiskey: Charlie we want you to join our group
2024-10-14 22:40:15.869411 Charlie: No
ChatterBot X-ray reevaluating
ChatterBot Whiskey reevaluating
2024-10-14 22:40:15.885079 Quebec: Yankee, Sierra and Echo, sending you 3
2024-10-14 22:40:15.885892 Echo: Kilo and Charlie, sending you 2
2024-10-14 22:40:15.887131 Charlie: Kilo, Sierra and Echo, sending you 2
2024-10-14 22:40:15.887715 Tango: Quebec, sending you 4
2024-10-14 22:40:15.888866 Juliett: Quebec, sending you 3
2024-10-14 22:40:15.889466 Yankee: Sierra, sending you 2
2024-10-14 22:40:15.890075 Sierra: Tango, Yankee and Charlie, sending you 2
2024-10-14 22:40:15.891210 Kilo: Tango, Yankee and Sierra, sending you 3
2024-10-14 22:40:15.891912 Charlie: Tango and Yankee, sending you 3
2024-10-14 22:40:15.894230 Tango: Kilo, Yankee, Echo and Charlie, sending you 3
2024-10-14 22:40:15.894919 Juliett: Tango, Sierra and Charlie, sending you 2
2024-10-14 22:40:15.896168 Sierra: Echo, sending you 4
2024-10-14 22:40:15.898672 Tango: Sierra, sending you 2
2024-10-14 22:40:15.900083 Juliett: Yankee, sending you 5
2024-10-14 22:40:15.903727 Juliett: Echo, sending you 1
2024-10-14 22:40:15.908658 Whiskey: X-ray, sending you 3
2024-10-14 22:40:15.913726 Whiskey: Kilo, Tango, Yankee, Sierra, Echo and Charlie, sending you 2
2024-10-14 22:40:15.915085 X-ray: Whiskey, sending you 15
2024-10-14 22:40:15.919860 X-ray: Juliett, sending you 2
2024-10-14 22:40:15.924647 X-ray: Charlie, sending you 1
chatterbot Tango submitting transactions
chatterbot Kilo submitting transactions
chatterbot Whiskey submitting transactions
chatterbot Sierra submitting transactions
chatterbot X-ray submitting transactions
chatterbot Yankee submitting transactions
chatterbot Quebec submitting transactions
chatterbot Echo submitting transactions
chatterbot Juliett submitting transactions
chatterbot Charlie submitting transactions
ChatterBot X-ray round 5
ChatterBot Quebec round 5
ChatterBot Kilo round 5
ChatterBot Tango round 5
ChatterBot Yankee round 5
ChatterBot Sierra round 5
ChatterBot Whiskey round 5
ChatterBot Echo round 5
ChatterBot Juliett round 5
ChatterBot Charlie round 5
2024-10-14 22:40:16.978657 Charlie: We should add Juliett
ChatterBot Echo reevaluating
2024-10-14 22:40:16.997786 Quebec: No
2024-10-14 22:40:16.997971 Kilo: No
2024-10-14 22:40:16.998124 Tango: No
2024-10-14 22:40:16.998276 Yankee: No
2024-10-14 22:40:16.998830 Sierra: No
2024-10-14 22:40:16.998982 Echo: Yes
ChatterBot Echo reevaluating
ChatterBot Charlie reevaluating
ChatterBot Echo reevaluating
ChatterBot Charlie reevaluating
ChatterBot Echo reevaluating
ChatterBot Charlie reevaluating
ChatterBot Echo reevaluating
ChatterBot Charlie reevaluating
ChatterBot Echo reevaluating
ChatterBot Charlie reevaluating
ChatterBot Charlie reevaluating
2024-10-14 22:40:17.104674 X-ray: Whiskey, sending you 15
2024-10-14 22:40:17.107240 Tango: Quebec, sending you 4
2024-10-14 22:40:17.109678 X-ray: Juliett, sending you 1
2024-10-14 22:40:17.113162 Tango: Kilo, Yankee, Echo and Charlie, sending you 3
2024-10-14 22:40:17.113946 Sierra: Quebec and Kilo, sending you 3
2024-10-14 22:40:17.114718 X-ray: Charlie, sending you 2
2024-10-14 22:40:17.115136 Quebec: Kilo, sending you 2
2024-10-14 22:40:17.116704 Tango: Sierra, sending you 2
2024-10-14 22:40:17.117682 Whiskey: X-ray, sending you 3
2024-10-14 22:40:17.119706 Sierra: Tango, Yankee and Charlie, sending you 2
2024-10-14 22:40:17.120672 Quebec: Tango and Charlie, sending you 4
2024-10-14 22:40:17.121810 Yankee: Quebec and Charlie, sending you 3
2024-10-14 22:40:17.122693 Kilo: Quebec, Echo and Charlie, sending you 2
2024-10-14 22:40:17.123806 Whiskey: Kilo, Tango, Yankee, Sierra, Echo and Charlie, sending you 2
2024-10-14 22:40:17.124671 Juliett: Quebec, sending you 3
2024-10-14 22:40:17.125169 Sierra: Echo, sending you 4
2024-10-14 22:40:17.126267 Quebec: Yankee, Sierra and Echo, sending you 3
2024-10-14 22:40:17.126746 Yankee: Kilo, Tango and Echo, sending you 4
2024-10-14 22:40:17.128673 Kilo: Tango, Yankee and Sierra, sending you 3
2024-10-14 22:40:17.129598 Juliett: Tango, Sierra and Charlie, sending you 2
2024-10-14 22:40:17.131025 Charlie: Quebec, sending you 4
2024-10-14 22:40:17.131848 Yankee: Sierra, sending you 2
2024-10-14 22:40:17.132788 Echo: Quebec, Tango, Yankee and Sierra, sending you 3
2024-10-14 22:40:17.134666 Juliett: Yankee, sending you 6
2024-10-14 22:40:17.136677 Charlie: Kilo, Sierra and Echo, sending you 2
2024-10-14 22:40:17.138678 Echo: Kilo and Charlie, sending you 2
2024-10-14 22:40:17.140104 Juliett: Echo, sending you 1
2024-10-14 22:40:17.142042 Charlie: Tango and Yankee, sending you 3
chatterbot Quebec submitting transactions
chatterbot X-ray submitting transactions
chatterbot Echo submitting transactions
chatterbot Juliett submitting transactions
chatterbot Yankee submitting transactions
chatterbot Tango submitting transactions
chatterbot Whiskey submitting transactions
chatterbot Kilo submitting transactions
chatterbot Sierra submitting transactions
chatterbot Charlie submitting transactions
ChatterBot X-ray round 6
ChatterBot Quebec round 6
ChatterBot Kilo round 6
ChatterBot Tango round 6
ChatterBot Yankee round 6
ChatterBot Sierra round 6
ChatterBot Whiskey round 6
ChatterBot Echo round 6
ChatterBot Juliett round 6
ChatterBot Charlie round 6
2024-10-14 22:40:18.416734 Kilo: Quebec, Echo and Charlie, sending you 2
2024-10-14 22:40:18.419177 X-ray: Whiskey, sending you 15
2024-10-14 22:40:18.422695 Kilo: Tango, Yankee and Sierra, sending you 3
2024-10-14 22:40:18.424123 X-ray: Juliett, sending you 1
2024-10-14 22:40:18.426143 Echo: Quebec, Tango, Yankee and Sierra, sending you 3
2024-10-14 22:40:18.427821 Quebec: Kilo, sending you 2
2024-10-14 22:40:18.429646 Sierra: Quebec and Kilo, sending you 3
2024-10-14 22:40:18.430585 X-ray: Charlie, sending you 2
2024-10-14 22:40:18.431282 Tango: Quebec, sending you 4
2024-10-14 22:40:18.432973 Echo: Kilo and Charlie, sending you 2
2024-10-14 22:40:18.434184 Quebec: Tango and Charlie, sending you 4
2024-10-14 22:40:18.435870 Sierra: Tango, Yankee and Charlie, sending you 2
2024-10-14 22:40:18.436981 Tango: Kilo, Yankee, Echo and Charlie, sending you 3
2024-10-14 22:40:18.438938 Charlie: Quebec, sending you 4
2024-10-14 22:40:18.440859 Yankee: Quebec and Charlie, sending you 3
2024-10-14 22:40:18.443200 Whiskey: X-ray, sending you 3
2024-10-14 22:40:18.444266 Quebec: Yankee, Sierra and Echo, sending you 3
2024-10-14 22:40:18.446248 Sierra: Echo, sending you 4
2024-10-14 22:40:18.448415 Juliett: Quebec, sending you 3
2024-10-14 22:40:18.449395 Tango: Sierra, sending you 2
2024-10-14 22:40:18.450640 Charlie: Kilo, Sierra and Echo, sending you 2
2024-10-14 22:40:18.452744 Yankee: Kilo, Tango and Echo, sending you 4
2024-10-14 22:40:18.453815 Whiskey: Quebec, Kilo, Tango, Yankee, Sierra and Echo, sending you 2
2024-10-14 22:40:18.455303 Juliett: Tango, Sierra and Charlie, sending you 2
2024-10-14 22:40:18.458365 Charlie: Tango and Yankee, sending you 3
2024-10-14 22:40:18.459287 Yankee: Sierra, sending you 2
2024-10-14 22:40:18.460677 Juliett: Yankee, sending you 6
2024-10-14 22:40:18.468155 Juliett: Echo, sending you 1
chatterbot Whiskey submitting transactions
chatterbot Charlie submitting transactions
chatterbot Kilo submitting transactions
chatterbot Sierra submitting transactions
chatterbot Juliett submitting transactions
chatterbot Quebec submitting transactions
chatterbot Yankee submitting transactions
chatterbot Tango submitting transactions
chatterbot Echo submitting transactions
chatterbot X-ray submitting transactions
ChatterBot X-ray round 7
ChatterBot Quebec round 7
ChatterBot Kilo round 7
ChatterBot Tango round 7
ChatterBot Yankee round 7
ChatterBot Sierra round 7
ChatterBot Whiskey round 7
ChatterBot Echo round 7
2024-10-14 22:40:19.578276 X-ray: Let's form a team
2024-10-14 22:40:19.611408 Whiskey: Yes
2024-10-14 22:40:19.611703 Juliett: No
2024-10-14 22:40:19.611950 Quebec: No
2024-10-14 22:40:19.612126 Kilo: No
2024-10-14 22:40:19.612284 Tango: No
2024-10-14 22:40:19.612442 Yankee: No
2024-10-14 22:40:19.612619 Sierra: No
2024-10-14 22:40:19.612805 Echo: No
2024-10-14 22:40:19.612968 Charlie: No
ChatterBot X-ray reevaluating
ChatterBot X-ray reevaluating
ChatterBot X-ray reevaluating
ChatterBot X-ray reevaluating
ChatterBot Tango reevaluating
ChatterBot X-ray reevaluating
ChatterBot X-ray reevaluating
ChatterBot Tango reevaluating
ChatterBot X-ray reevaluating
ChatterBot Tango reevaluating
ChatterBot X-ray reevaluating
ChatterBot Tango reevaluating
ChatterBot X-ray reevaluating
ChatterBot Tango reevaluating
ChatterBot Juliett round 7
ChatterBot Charlie round 7
2024-10-14 22:40:19.837198 Juliett: We should add X-ray and Whiskey
ChatterBot Quebec reevaluating
ChatterBot Tango reevaluating
2024-10-14 22:40:19.851486 Quebec: No
2024-10-14 22:40:19.851673 Kilo: No
2024-10-14 22:40:19.851789 Sierra: No
2024-10-14 22:40:19.851895 Tango: No
2024-10-14 22:40:19.851993 Yankee: No
2024-10-14 22:40:19.852101 Echo: No
2024-10-14 22:40:19.852196 Charlie: No
ChatterBot Tango reevaluating
ChatterBot Quebec reevaluating
ChatterBot Juliett reevaluating
ChatterBot Tango reevaluating
ChatterBot Quebec reevaluating
ChatterBot Juliett reevaluating
ChatterBot Tango reevaluating
ChatterBot Quebec reevaluating
ChatterBot Juliett reevaluating
ChatterBot Quebec reevaluating
ChatterBot Juliett reevaluating
ChatterBot Tango reevaluating
ChatterBot Quebec reevaluating
ChatterBot Juliett reevaluating
ChatterBot Tango reevaluating
ChatterBot Quebec reevaluating
ChatterBot Juliett reevaluating
ChatterBot Tango reevaluating
2024-10-14 22:40:20.082697 X-ray: Quebec, Kilo, Tango, Echo and Charlie, sending you 1
2024-10-14 22:40:20.087719 X-ray: Whiskey, sending you 13
chatterbot Whiskey submitting transactions
2024-10-14 22:40:20.091712 Whiskey: X-ray, sending you 3
2024-10-14 22:40:20.094207 Kilo: Quebec, Echo and Charlie, sending you 2
2024-10-14 22:40:20.096692 Sierra: Quebec and Kilo, sending you 3
2024-10-14 22:40:20.099158 Whiskey: Quebec, Kilo, Tango, Yankee, Sierra and Echo, sending you 2
2024-10-14 22:40:20.100926 Yankee: Quebec and Charlie, sending you 3
2024-10-14 22:40:20.103872 Kilo: Tango, Yankee and Sierra, sending you 3
2024-10-14 22:40:20.106919 Sierra: Tango, Yankee and Charlie, sending you 2
2024-10-14 22:40:20.109934 Charlie: Quebec, sending you 4
2024-10-14 22:40:20.112533 Echo: Quebec, Tango, Yankee and Sierra, sending you 3
2024-10-14 22:40:20.114513 Juliett: Quebec, sending you 3
2024-10-14 22:40:20.116987 Yankee: Kilo, Tango and Echo, sending you 4
2024-10-14 22:40:20.119072 Quebec: Kilo, sending you 2
2024-10-14 22:40:20.121268 Sierra: Echo, sending you 4
2024-10-14 22:40:20.122727 Charlie: Kilo, Sierra and Echo, sending you 2
2024-10-14 22:40:20.124683 Tango: Quebec, Kilo, Echo and Charlie, sending you 3
2024-10-14 22:40:20.126163 Echo: Kilo and Charlie, sending you 2
2024-10-14 22:40:20.128355 Juliett: Tango, Sierra and Charlie, sending you 2
2024-10-14 22:40:20.130141 Yankee: Sierra, sending you 2
2024-10-14 22:40:20.131669 Quebec: Tango and Charlie, sending you 4
2024-10-14 22:40:20.133441 Charlie: Tango and Yankee, sending you 3
2024-10-14 22:40:20.134947 Tango: Yankee, sending you 4
2024-10-14 22:40:20.137066 Juliett: Yankee, sending you 6
2024-10-14 22:40:20.138875 Quebec: Yankee, Sierra and Echo, sending you 3
2024-10-14 22:40:20.140498 Tango: Sierra, sending you 2
2024-10-14 22:40:20.142298 Juliett: Echo, sending you 1
chatterbot Yankee submitting transactions
chatterbot Quebec submitting transactions
chatterbot Sierra submitting transactions
chatterbot Kilo submitting transactions
chatterbot Juliett submitting transactions
chatterbot Tango submitting transactions
chatterbot X-ray submitting transactions
chatterbot Charlie submitting transactions
chatterbot Echo submitting transactions
ChatterBot X-ray round 8
ChatterBot Quebec round 8
ChatterBot Kilo round 8
ChatterBot Tango round 8
ChatterBot Yankee round 8
ChatterBot Sierra round 8
ChatterBot Whiskey round 8
ChatterBot Echo round 8
ChatterBot Juliett round 8
ChatterBot Charlie round 8
2024-10-14 22:40:21.076459 Kilo: We should drop Sierra
ChatterBot Tango reevaluating
ChatterBot Yankee reevaluating
2024-10-14 22:40:21.088516 Quebec: No
2024-10-14 22:40:21.088699 Tango: No
2024-10-14 22:40:21.088833 Yankee: No
2024-10-14 22:40:21.088946 Echo: No
2024-10-14 22:40:21.089059 Charlie: No
ChatterBot Kilo reevaluating
ChatterBot Tango reevaluating
ChatterBot Yankee reevaluating
ChatterBot Kilo reevaluating
ChatterBot Yankee reevaluating
ChatterBot Kilo reevaluating
ChatterBot Tango reevaluating
ChatterBot Kilo reevaluating
ChatterBot Tango reevaluating
ChatterBot Yankee reevaluating
ChatterBot Kilo reevaluating
ChatterBot Tango reevaluating
ChatterBot Yankee reevaluating
2024-10-14 22:40:21.169070 X-ray: Kilo, sending you 3
2024-10-14 22:40:21.173675 X-ray: Whiskey, sending you 15
2024-10-14 22:40:21.176676 Quebec: Kilo, sending you 2
2024-10-14 22:40:21.177558 Whiskey: X-ray, sending you 3
2024-10-14 22:40:21.179714 Kilo: Quebec, Echo and Charlie, sending you 2
2024-10-14 22:40:21.180893 Quebec: Tango and Charlie, sending you 4
2024-10-14 22:40:21.181943 Whiskey: Quebec, Kilo, Tango, Yankee, Sierra and Echo, sending you 2
2024-10-14 22:40:21.183183 Yankee: Quebec, Kilo and Charlie, sending you 3
2024-10-14 22:40:21.184063 Sierra: Quebec and Kilo, sending you 3
2024-10-14 22:40:21.184865 Juliett: Quebec, sending you 3
2024-10-14 22:40:21.185487 Kilo: Tango, Yankee and Sierra, sending you 3
2024-10-14 22:40:21.186264 Echo: Quebec, Tango, Yankee and Sierra, sending you 3
2024-10-14 22:40:21.187360 Charlie: Quebec, sending you 4
2024-10-14 22:40:21.188100 Quebec: Yankee, Sierra and Echo, sending you 3
2024-10-14 22:40:21.188867 Tango: Quebec, sending you 4
2024-10-14 22:40:21.189579 Sierra: Tango, Yankee and Charlie, sending you 2
2024-10-14 22:40:21.190351 Yankee: Tango, sending you 5
2024-10-14 22:40:21.191052 Juliett: Tango, Echo and Charlie, sending you 2
2024-10-14 22:40:21.191684 Echo: Kilo and Charlie, sending you 2
2024-10-14 22:40:21.192950 Charlie: Kilo, Sierra and Echo, sending you 2
2024-10-14 22:40:21.193745 Tango: Kilo, Yankee, Echo and Charlie, sending you 3
2024-10-14 22:40:21.194492 Sierra: Echo, sending you 4
2024-10-14 22:40:21.195453 Yankee: Sierra, sending you 2
2024-10-14 22:40:21.196372 Juliett: Yankee, sending you 6
2024-10-14 22:40:21.196997 Charlie: Tango and Yankee, sending you 3
2024-10-14 22:40:21.198337 Tango: Sierra, sending you 2
2024-10-14 22:40:21.199671 Yankee: Echo, sending you 4
2024-10-14 22:40:21.200438 Juliett: Sierra, sending you 1
chatterbot X-ray submitting transactions
chatterbot Whiskey submitting transactions
chatterbot Sierra submitting transactions
chatterbot Juliett submitting transactions
chatterbot Charlie submitting transactions
chatterbot Quebec submitting transactions
chatterbot Kilo submitting transactions
chatterbot Echo submitting transactions
chatterbot Tango submitting transactions
chatterbot Yankee submitting transactions
ChatterBot X-ray round 9
ChatterBot Quebec round 9
ChatterBot Kilo round 9
ChatterBot Tango round 9
ChatterBot Yankee round 9
ChatterBot Sierra round 9
ChatterBot Whiskey round 9
ChatterBot Echo round 9
ChatterBot Juliett round 9
ChatterBot Charlie round 9
2024-10-14 22:40:22.465668 Yankee: Quebec, Kilo, Echo and Charlie, sending you 3
2024-10-14 22:40:22.470696 Tango: Quebec, Kilo, Yankee, Echo and Charlie, sending you 3
2024-10-14 22:40:22.472061 Yankee: Tango, sending you 4
2024-10-14 22:40:22.474192 Sierra: Quebec and Kilo, sending you 3
2024-10-14 22:40:22.475580 Echo: Quebec, Tango, Yankee and Sierra, sending you 3
2024-10-14 22:40:22.476496 Tango: Sierra, sending you 2
2024-10-14 22:40:22.477113 Quebec: Kilo, sending you 2
2024-10-14 22:40:22.478323 Yankee: Sierra and Juliett, sending you 2
2024-10-14 22:40:22.479700 Sierra: Tango, Yankee and Charlie, sending you 2
2024-10-14 22:40:22.482339 Charlie: Quebec, sending you 4
2024-10-14 22:40:22.483487 Kilo: Quebec, Echo and Charlie, sending you 2
2024-10-14 22:40:22.484664 Echo: Kilo and Charlie, sending you 2
2024-10-14 22:40:22.485836 Quebec: Tango and Charlie, sending you 4
2024-10-14 22:40:22.486980 Tango: Juliett, sending you 1
2024-10-14 22:40:22.488576 X-ray: Kilo, sending you 3
2024-10-14 22:40:22.489087 Juliett: Quebec, sending you 3
2024-10-14 22:40:22.490065 Whiskey: X-ray, sending you 6
2024-10-14 22:40:22.490699 Charlie: Kilo, Sierra and Echo, sending you 2
2024-10-14 22:40:22.491872 Sierra: Echo, sending you 4
2024-10-14 22:40:22.492805 Kilo: Tango, Yankee and Sierra, sending you 3
2024-10-14 22:40:22.494057 Quebec: Yankee, Sierra and Echo, sending you 3
2024-10-14 22:40:22.495926 X-ray: Whiskey, sending you 15
2024-10-14 22:40:22.496449 Juliett: Tango, Echo and Charlie, sending you 2
2024-10-14 22:40:22.497395 Whiskey: Sierra, sending you 4
2024-10-14 22:40:22.498212 Charlie: Tango and Yankee, sending you 3
2024-10-14 22:40:22.500711 Whiskey: Echo, sending you 5
2024-10-14 22:40:22.502279 Juliett: Yankee, sending you 6
2024-10-14 22:40:22.507680 Juliett: Sierra, sending you 1
chatterbot Yankee submitting transactions
chatterbot Tango submitting transactions
chatterbot Echo submitting transactions
chatterbot Quebec submitting transactions
chatterbot X-ray submitting transactions
chatterbot Whiskey submitting transactions
chatterbot Sierra submitting transactions
chatterbot Kilo submitting transactions
chatterbot Charlie submitting transactions
chatterbot Juliett submitting transactions
ChatterBot X-ray round 10
ChatterBot Quebec round 10
ChatterBot Kilo round 10
ChatterBot Tango round 10
ChatterBot Yankee round 10
ChatterBot Sierra round 10
ChatterBot Whiskey round 10
ChatterBot Echo round 10
ChatterBot Juliett round 10
ChatterBot Charlie round 10
2024-10-14 22:40:23.642086 Quebec: We should add Juliett
ChatterBot Kilo reevaluating
ChatterBot Tango reevaluating
ChatterBot Sierra reevaluating
ChatterBot Charlie reevaluating
2024-10-14 22:40:23.672755 Kilo: Yes
2024-10-14 22:40:23.673031 Tango: Yes
2024-10-14 22:40:23.673251 Yankee: Yes
2024-10-14 22:40:23.673446 Sierra: Yes
2024-10-14 22:40:23.673682 Echo: No
2024-10-14 22:40:23.673921 Charlie: Yes
ChatterBot Tango reevaluating
ChatterBot Sierra reevaluating
ChatterBot Echo reevaluating
ChatterBot Charlie reevaluating
ChatterBot Kilo reevaluating
ChatterBot Sierra reevaluating
ChatterBot Echo reevaluating
ChatterBot Charlie reevaluating
ChatterBot Kilo reevaluating
ChatterBot Tango reevaluating
ChatterBot Sierra reevaluating
ChatterBot Echo reevaluating
ChatterBot Charlie reevaluating
ChatterBot Kilo reevaluating
ChatterBot Tango reevaluating
ChatterBot Echo reevaluating
ChatterBot Charlie reevaluating
ChatterBot Kilo reevaluating
ChatterBot Tango reevaluating
ChatterBot Sierra reevaluating
ChatterBot Charlie reevaluating
ChatterBot Kilo reevaluating
ChatterBot Tango reevaluating
ChatterBot Sierra reevaluating
ChatterBot Echo reevaluating
2024-10-14 22:40:23.923897 Quebec: Juliett we want you to join our group
2024-10-14 22:40:23.945981 Juliett: Yes
ChatterBot Kilo reevaluating
ChatterBot Sierra reevaluating
ChatterBot Tango reevaluating
ChatterBot Echo reevaluating
ChatterBot Charlie reevaluating
2024-10-14 22:40:24.024999 Kilo: We should replace Echo with Juliett
ChatterBot Sierra reevaluating
ChatterBot Charlie reevaluating
2024-10-14 22:40:24.049507 Quebec: No
2024-10-14 22:40:24.049794 Tango: No
2024-10-14 22:40:24.050081 Yankee: No
2024-10-14 22:40:24.050337 Sierra: No
2024-10-14 22:40:24.050573 Charlie: No
ChatterBot Kilo reevaluating
ChatterBot Sierra reevaluating
ChatterBot Charlie reevaluating
ChatterBot Kilo reevaluating
ChatterBot Sierra reevaluating
ChatterBot Charlie reevaluating
ChatterBot Kilo reevaluating
ChatterBot Sierra reevaluating
ChatterBot Charlie reevaluating
ChatterBot Kilo reevaluating
ChatterBot Charlie reevaluating
ChatterBot Kilo reevaluating
ChatterBot Sierra reevaluating
2024-10-14 22:40:24.143681 Charlie: Juliett we want you to join our group
2024-10-14 22:40:24.149131 Juliett: Yes
ChatterBot Kilo reevaluating
2024-10-14 22:40:24.170626 Kilo: We should replace Charlie with Juliett
2024-10-14 22:40:24.194159 Quebec: No
2024-10-14 22:40:24.196750 Tango: No
2024-10-14 22:40:24.197090 Yankee: No
2024-10-14 22:40:24.198480 Sierra: No
2024-10-14 22:40:24.199205 Echo: No
ChatterBot Kilo reevaluating
ChatterBot Kilo reevaluating
ChatterBot Kilo reevaluating
ChatterBot Kilo reevaluating
ChatterBot Kilo reevaluating
ChatterBot Tango reevaluating
2024-10-14 22:40:24.281222 X-ray: Whiskey, sending you 15
2024-10-14 22:40:24.281978 Yankee: Quebec, Kilo, Echo and Charlie, sending you 3
2024-10-14 22:40:24.283072 Echo: Juliett we want you to join our group
2024-10-14 22:40:24.286595 Juliett: Yes
ChatterBot Tango reevaluating
2024-10-14 22:40:24.303598 Sierra: Juliett we want you to join our group
2024-10-14 22:40:24.306864 Juliett: Yes
ChatterBot Kilo reevaluating
ChatterBot Tango reevaluating
chatterbot Juliett submitting transactions
2024-10-14 22:40:24.323032 X-ray: Charlie, sending you 3
2024-10-14 22:40:24.323734 Yankee: Tango, sending you 4
2024-10-14 22:40:24.325662 Juliett: Quebec, Sierra, Echo and Charlie, sending you 1
2024-10-14 22:40:24.327661 Quebec: Kilo and Juliett, sending you 2
2024-10-14 22:40:24.329303 Whiskey: X-ray, sending you 9
2024-10-14 22:40:24.330302 Yankee: Sierra and Juliett, sending you 2
2024-10-14 22:40:24.332271 Juliett: Tango, sending you 4
2024-10-14 22:40:24.333659 Kilo: Juliett we want you to join our group
2024-10-14 22:40:24.337963 Juliett: Yes
ChatterBot Kilo reevaluating
ChatterBot Tango reevaluating
2024-10-14 22:40:24.356904 Quebec: Tango, Yankee, Sierra, Echo and Charlie, sending you 3
2024-10-14 22:40:24.358437 Juliett: Yankee, sending you 8
chatterbot Yankee submitting transactions
2024-10-14 22:40:24.360890 Echo: Quebec, Kilo, Tango, Juliett and Charlie, sending you 2
2024-10-14 22:40:24.363016 Sierra: Quebec, Kilo and Echo, sending you 3
2024-10-14 22:40:24.365841 Charlie: Quebec, Tango and Yankee, sending you 3
2024-10-14 22:40:24.368520 Echo: Yankee and Sierra, sending you 3
2024-10-14 22:40:24.370819 Sierra: Tango, Yankee and Charlie, sending you 2
2024-10-14 22:40:24.373074 Charlie: Kilo, Sierra and Echo, sending you 2
2024-10-14 22:40:24.377663 Sierra: Juliett, sending you 1
2024-10-14 22:40:24.379429 Charlie: Juliett, sending you 1
2024-10-14 22:40:24.380670 Tango: Quebec, Kilo, Yankee, Echo and Charlie, sending you 3
2024-10-14 22:40:24.386679 Tango: Sierra, sending you 2
2024-10-14 22:40:24.390942 Tango: Juliett, sending you 1
2024-10-14 22:40:24.393677 Kilo: Quebec and Echo, sending you 2
2024-10-14 22:40:24.396664 Kilo: Tango and Sierra, sending you 3
2024-10-14 22:40:24.402361 Kilo: Yankee, sending you 4
2024-10-14 22:40:24.407710 Kilo: Juliett, sending you 1
chatterbot Charlie submitting transactions
chatterbot X-ray submitting transactions
chatterbot Tango submitting transactions
chatterbot Kilo submitting transactions
chatterbot Sierra submitting transactions
chatterbot Quebec submitting transactions
chatterbot Whiskey submitting transactions
chatterbot Echo submitting transactions
ChatterBot X-ray round 11
ChatterBot Quebec round 11
ChatterBot Kilo round 11
ChatterBot Tango round 11
ChatterBot Yankee round 11
ChatterBot Sierra round 11
ChatterBot Whiskey round 11
ChatterBot Echo round 11
ChatterBot Juliett round 11
ChatterBot Charlie round 11
2024-10-14 22:40:25.417688 Tango: Quebec, Kilo, Yankee, Echo and Charlie, sending you 3
2024-10-14 22:40:25.420907 Charlie: Quebec, Tango and Yankee, sending you 3
2024-10-14 22:40:25.423684 Yankee: Quebec, Kilo, Echo and Charlie, sending you 3
2024-10-14 22:40:25.426093 Tango: Sierra, sending you 2
2024-10-14 22:40:25.428741 Charlie: Kilo, Sierra and Echo, sending you 2
2024-10-14 22:40:25.430956 X-ray: Whiskey, sending you 15
2024-10-14 22:40:25.431446 Kilo: Quebec, Echo and Charlie, sending you 2
2024-10-14 22:40:25.433842 Echo: Quebec, Kilo and Charlie, sending you 2
2024-10-14 22:40:25.436192 Sierra: Quebec, Kilo and Echo, sending you 3
2024-10-14 22:40:25.437537 Quebec: Kilo and Juliett, sending you 2
2024-10-14 22:40:25.438519 Whiskey: X-ray, sending you 9
2024-10-14 22:40:25.439464 Yankee: Tango, sending you 4
2024-10-14 22:40:25.440695 Tango: Juliett, sending you 1
2024-10-14 22:40:25.442809 X-ray: Charlie, sending you 3
2024-10-14 22:40:25.443311 Charlie: Juliett, sending you 1
2024-10-14 22:40:25.444868 Kilo: Tango, Yankee and Sierra, sending you 3
2024-10-14 22:40:25.446780 Echo: Tango, Yankee and Sierra, sending you 3
2024-10-14 22:40:25.447891 Juliett: Quebec and Echo, sending you 3
2024-10-14 22:40:25.449540 Sierra: Tango, Yankee and Charlie, sending you 2
2024-10-14 22:40:25.450820 Quebec: Tango, Yankee, Sierra, Echo and Charlie, sending you 3
2024-10-14 22:40:25.452480 Yankee: Sierra and Juliett, sending you 2
2024-10-14 22:40:25.454717 Echo: Juliett, sending you 1
2024-10-14 22:40:25.457913 Juliett: Kilo, Sierra and Charlie, sending you 1
2024-10-14 22:40:25.461248 Sierra: Juliett, sending you 1
2024-10-14 22:40:25.465669 Juliett: Tango, sending you 2
2024-10-14 22:40:25.472665 Juliett: Yankee, sending you 5
chatterbot Whiskey submitting transactions
chatterbot Juliett submitting transactions
chatterbot Tango submitting transactions
chatterbot Quebec submitting transactions
chatterbot Kilo submitting transactions
chatterbot Echo submitting transactions
chatterbot Yankee submitting transactions
chatterbot Sierra submitting transactions
chatterbot Charlie submitting transactions
chatterbot X-ray submitting transactions
ChatterBot X-ray round 12
ChatterBot Quebec round 12
ChatterBot Kilo round 12
