ChatterBot Oscar round 1
ChatterBot Tango round 1
ChatterBot India round 1
ChatterBot Delta round 1
ChatterBot Sierra round 1
ChatterBot Papa round 1
ChatterBot Mike round 1
ChatterBot Lima round 1
ChatterBot Whiskey round 1
ChatterBot Victor round 1
randomSelections India: {India, Papa, Victor, Delta, Mike, Tango, Sierra} 
2024-10-14 22:40:10.225144 India: We would work well together
ChatterBot Papa reevaluating
ChatterBot Victor reevaluating
ChatterBot Delta reevaluating
ChatterBot Mike reevaluating
ChatterBot Tango reevaluating
ChatterBot Sierra reevaluating
2024-10-14 22:40:10.252021 Papa: Yes
2024-10-14 22:40:10.252177 Victor: Yes
2024-10-14 22:40:10.252335 Delta: Yes
2024-10-14 22:40:10.253072 Mike: Yes
2024-10-14 22:40:10.253309 Tango: Yes
2024-10-14 22:40:10.253429 Sierra: Yes
ChatterBot Victor reevaluating
ChatterBot Delta reevaluating
ChatterBot Mike reevaluating
ChatterBot Tango reevaluating
ChatterBot Sierra reevaluating
ChatterBot Papa reevaluating
ChatterBot Delta reevaluating
ChatterBot Mike reevaluating
ChatterBot Tango reevaluating
ChatterBot Sierra reevaluating
ChatterBot Papa reevaluating
ChatterBot Victor reevaluating
ChatterBot Mike reevaluating
ChatterBot Tango reevaluating
ChatterBot Sierra reevaluating
ChatterBot Papa reevaluating
ChatterBot Victor reevaluating
ChatterBot Delta reevaluating
ChatterBot Tango reevaluating
ChatterBot Sierra reevaluating
ChatterBot Papa reevaluating
ChatterBot Victor reevaluating
ChatterBot Delta reevaluating
ChatterBot Mike reevaluating
ChatterBot Sierra reevaluating
ChatterBot Papa reevaluating
ChatterBot Victor reevaluating
ChatterBot Delta reevaluating
ChatterBot Mike reevaluating
ChatterBot Tango reevaluating
randomSelections Lima: {Lima, Sierra, Mike, Oscar, India, Delta} 
2024-10-14 22:40:10.321961 Lima: Let's form a team
ChatterBot Sierra reevaluating
ChatterBot Mike reevaluating
ChatterBot Oscar reevaluating
ChatterBot Delta reevaluating
2024-10-14 22:40:10.328639 Sierra: No
2024-10-14 22:40:10.328745 Mike: No
2024-10-14 22:40:10.328834 Oscar: Yes
2024-10-14 22:40:10.328927 India: No
2024-10-14 22:40:10.329018 Delta: No
ChatterBot Mike reevaluating
ChatterBot Oscar reevaluating
ChatterBot Delta reevaluating
ChatterBot Sierra reevaluating
ChatterBot Oscar reevaluating
ChatterBot Delta reevaluating
ChatterBot Sierra reevaluating
ChatterBot Mike reevaluating
ChatterBot Delta reevaluating
ChatterBot Sierra reevaluating
ChatterBot Mike reevaluating
ChatterBot Oscar reevaluating
ChatterBot Delta reevaluating
ChatterBot Sierra reevaluating
ChatterBot Mike reevaluating
ChatterBot Oscar reevaluating
randomSelections Whiskey: {Whiskey, Victor, Oscar, Papa, Tango, Sierra, Mike, India} 
2024-10-14 22:40:10.395847 Whiskey: Let's form a team
ChatterBot Victor reevaluating
ChatterBot Oscar reevaluating
ChatterBot Papa reevaluating
ChatterBot Tango reevaluating
ChatterBot Sierra reevaluating
ChatterBot Mike reevaluating
2024-10-14 22:40:10.405878 Victor: No
2024-10-14 22:40:10.406013 Oscar: No
2024-10-14 22:40:10.406117 Papa: No
2024-10-14 22:40:10.406211 Tango: No
2024-10-14 22:40:10.406304 Sierra: No
2024-10-14 22:40:10.406414 Mike: No
2024-10-14 22:40:10.406512 India: No
ChatterBot Oscar reevaluating
ChatterBot Papa reevaluating
ChatterBot Tango reevaluating
ChatterBot Sierra reevaluating
ChatterBot Mike reevaluating
ChatterBot Victor reevaluating
ChatterBot Papa reevaluating
ChatterBot Tango reevaluating
ChatterBot Sierra reevaluating
ChatterBot Mike reevaluating
ChatterBot Victor reevaluating
ChatterBot Oscar reevaluating
ChatterBot Tango reevaluating
ChatterBot Sierra reevaluating
ChatterBot Mike reevaluating
ChatterBot Victor reevaluating
ChatterBot Oscar reevaluating
ChatterBot Papa reevaluating
ChatterBot Sierra reevaluating
ChatterBot Mike reevaluating
ChatterBot Victor reevaluating
ChatterBot Oscar reevaluating
ChatterBot Papa reevaluating
ChatterBot Tango reevaluating
ChatterBot Mike reevaluating
ChatterBot Victor reevaluating
ChatterBot Oscar reevaluating
ChatterBot Papa reevaluating
ChatterBot Tango reevaluating
ChatterBot Sierra reevaluating
ChatterBot Victor reevaluating
ChatterBot Oscar reevaluating
ChatterBot Papa reevaluating
ChatterBot Tango reevaluating
ChatterBot Sierra reevaluating
ChatterBot Mike reevaluating
2024-10-14 22:40:10.629311 Lima: Oscar and India, sending you 4
2024-10-14 22:40:10.631288 India: Tango and Delta, sending you 2
2024-10-14 22:40:10.638185 Lima: Delta, sending you 1
2024-10-14 22:40:10.639998 India: Sierra and Mike, sending you 3
2024-10-14 22:40:10.641500 Sierra: Tango, sending you 2
2024-10-14 22:40:10.642910 Papa: Tango, sending you 1
2024-10-14 22:40:10.644757 Tango: India, Delta, Papa, Mike and Victor, sending you 2
2024-10-14 22:40:10.646627 Delta: Tango and India, sending you 5
2024-10-14 22:40:10.647255 Victor: Tango and Mike, sending you 4
2024-10-14 22:40:10.648685 Oscar: India, Mike and Lima, sending you 3
2024-10-14 22:40:10.650133 Mike: Tango, Papa and Victor, sending you 3
2024-10-14 22:40:10.651087 India: Papa and Victor, sending you 1
2024-10-14 22:40:10.652778 Lima: Sierra and Mike, sending you 3
2024-10-14 22:40:10.654432 Sierra: India and Papa, sending you 4
2024-10-14 22:40:10.655683 Papa: India, Delta and Mike, sending you 3
2024-10-14 22:40:10.657190 Delta: Sierra and Mike, sending you 1
2024-10-14 22:40:10.658450 Victor: India, sending you 1
2024-10-14 22:40:10.659269 Oscar: Delta, sending you 5
2024-10-14 22:40:10.660487 Mike: India, Delta and Sierra, sending you 2
2024-10-14 22:40:10.661217 Sierra: Delta, sending you 3
2024-10-14 22:40:10.662946 Delta: Papa and Victor, sending you 2
2024-10-14 22:40:10.664640 Papa: Sierra, sending you 4
2024-10-14 22:40:10.666223 Victor: Delta, sending you 2
2024-10-14 22:40:10.668043 Oscar: Sierra, sending you 2
2024-10-14 22:40:10.669369 Sierra: Victor, sending you 5
2024-10-14 22:40:10.670782 Papa: Victor, sending you 2
chatterbot Lima submitting transactions
2024-10-14 22:40:10.681410 Victor: Sierra, sending you 5
chatterbot Whiskey submitting transactions
chatterbot India submitting transactions
chatterbot Victor submitting transactions
chatterbot Oscar submitting transactions
chatterbot Mike submitting transactions
chatterbot Sierra submitting transactions
chatterbot Papa submitting transactions
chatterbot Tango submitting transactions
chatterbot Delta submitting transactions
ChatterBot Oscar round 2
ChatterBot Tango round 2
ChatterBot India round 2
ChatterBot Delta round 2
ChatterBot Sierra round 2
ChatterBot Papa round 2
ChatterBot Mike round 2
ChatterBot Lima round 2
ChatterBot Whiskey round 2
2024-10-14 22:40:11.847582 Oscar: We would work well together
ChatterBot Lima reevaluating
ChatterBot Whiskey reevaluating
2024-10-14 22:40:11.858818 Lima: Yes
2024-10-14 22:40:11.859037 Whiskey: Yes
ChatterBot Whiskey reevaluating
ChatterBot Lima reevaluating
2024-10-14 22:40:11.880267 Whiskey: Can we be friends?
2024-10-14 22:40:11.885920 Oscar: Yes
ChatterBot Whiskey reevaluating
ChatterBot Victor round 2
2024-10-14 22:40:11.924344 Mike: We should drop Tango
2024-10-14 22:40:11.944009 India: No
2024-10-14 22:40:11.944197 Delta: No
2024-10-14 22:40:11.944329 Sierra: No
2024-10-14 22:40:11.944477 Papa: No
2024-10-14 22:40:11.945092 Victor: No
2024-10-14 22:40:12.093555 India: Tango, Papa and Mike, sending you 2
2024-10-14 22:40:12.094008 Tango: Sending you each 2
2024-10-14 22:40:12.184869 India: Delta and Sierra, sending you 3
2024-10-14 22:40:12.185873 Sierra: Tango, sending you 1
2024-10-14 22:40:12.186277 Delta: Tango, India, Mike and Victor, sending you 2
2024-10-14 22:40:12.187091 Oscar: Lima, sending you 8
2024-10-14 22:40:12.187371 Whiskey: Oscar, sending you 8
2024-10-14 22:40:12.187597 Papa: Tango and Delta, sending you 3
2024-10-14 22:40:12.274370 Sierra: India and Mike, sending you 3
2024-10-14 22:40:12.275434 Delta: Sierra and Papa, sending you 4
2024-10-14 22:40:12.275914 Oscar: Whiskey, sending you 4
2024-10-14 22:40:12.276249 Whiskey: Lima, sending you 7
2024-10-14 22:40:12.276948 Lima: Oscar, sending you 10
2024-10-14 22:40:12.277184 Mike: India and Papa, sending you 4
2024-10-14 22:40:12.277569 Papa: India and Victor, sending you 2
2024-10-14 22:40:12.277959 Victor: Tango, India, Delta and Papa, sending you 2
chatterbot Papa submitting transactions
chatterbot Tango submitting transactions
2024-10-14 22:40:12.428299 Sierra: Delta, sending you 2
2024-10-14 22:40:12.429183 Lima: Whiskey, sending you 5
2024-10-14 22:40:12.429433 Papa: Sierra and Mike, sending you 4
2024-10-14 22:40:12.429845 Mike: Delta, sending you 1
2024-10-14 22:40:12.430083 Victor: Sierra, sending you 5
chatterbot Delta submitting transactions
chatterbot Oscar submitting transactions
2024-10-14 22:40:12.505427 Sierra: Papa, sending you 4
2024-10-14 22:40:12.506633 Mike: Victor, sending you 6
2024-10-14 22:40:12.506944 Victor: Mike, sending you 3
2024-10-14 22:40:12.855411 Sierra: Victor, sending you 5
chatterbot Sierra submitting transactions
chatterbot Lima submitting transactions
chatterbot Mike submitting transactions
chatterbot Whiskey submitting transactions
chatterbot Victor submitting transactions
chatterbot India submitting transactions
ChatterBot Oscar round 3
ChatterBot Tango round 3
ChatterBot India round 3
ChatterBot Delta round 3
ChatterBot Sierra round 3
ChatterBot Papa round 3
ChatterBot Mike round 3
ChatterBot Lima round 3
ChatterBot Whiskey round 3
ChatterBot Victor round 3
2024-10-14 22:40:13.230838 Mike: We should replace India with Tango
2024-10-14 22:40:13.243745 Delta: No
2024-10-14 22:40:13.243920 Sierra: No
2024-10-14 22:40:13.244041 Papa: No
2024-10-14 22:40:13.244156 Victor: No
ChatterBot Mike reevaluating
ChatterBot Mike reevaluating
ChatterBot Mike reevaluating
ChatterBot Mike reevaluating
2024-10-14 22:40:13.308524 Oscar: We should add Tango
2024-10-14 22:40:13.314674 Lima: No
2024-10-14 22:40:13.315 Whiskey: No
ChatterBot Oscar reevaluating
ChatterBot Oscar reevaluating
2024-10-14 22:40:13.361181 Whiskey: Oscar, sending you 7
2024-10-14 22:40:13.365525 Tango: India, Delta, Sierra, Papa and Victor, sending you 2
2024-10-14 22:40:13.365983 Delta: Tango, India, Sierra and Papa, sending you 3
2024-10-14 22:40:13.366833 Oscar: Sending you each 7
2024-10-14 22:40:13.367067 Sierra: Tango, sending you 2
2024-10-14 22:40:13.367419 Whiskey: Lima, sending you 8
2024-10-14 22:40:13.367638 Victor: Tango, Delta and Papa, sending you 2
2024-10-14 22:40:13.368536 India: Tango, Delta, Papa and Mike, sending you 2
2024-10-14 22:40:13.370684 Mike: India, sending you 3
2024-10-14 22:40:13.371403 Sierra: India and Delta, sending you 3
2024-10-14 22:40:13.371746 Tango: Mike, sending you 1
2024-10-14 22:40:13.372051 Delta: Mike and Victor, sending you 2
2024-10-14 22:40:13.372369 Victor: India, sending you 1
2024-10-14 22:40:13.373157 India: Sierra, sending you 3
2024-10-14 22:40:13.373601 Papa: Tango, India, Delta and Mike, sending you 3
2024-10-14 22:40:13.374631 Lima: Oscar, sending you 8
2024-10-14 22:40:13.383558 Mike: Delta and Sierra, sending you 2
2024-10-14 22:40:13.384334 Sierra: Papa, sending you 4
2024-10-14 22:40:13.384709 India: Victor, sending you 1
2024-10-14 22:40:13.385040 Victor: Sierra, sending you 5
2024-10-14 22:40:13.385346 Papa: Sierra, sending you 4
2024-10-14 22:40:13.386066 Lima: Whiskey, sending you 7
2024-10-14 22:40:13.408553 Mike: Papa and Victor, sending you 4
2024-10-14 22:40:13.409355 Victor: Mike, sending you 4
2024-10-14 22:40:13.410559 Papa: Victor, sending you 2
2024-10-14 22:40:13.411690 Sierra: Mike, sending you 1
2024-10-14 22:40:13.422249 Sierra: Victor, sending you 5
chatterbot Tango submitting transactions
chatterbot India submitting transactions
chatterbot Oscar submitting transactions
chatterbot Delta submitting transactions
chatterbot Victor submitting transactions
chatterbot Sierra submitting transactions
chatterbot Mike submitting transactions
chatterbot Papa submitting transactions
chatterbot Whiskey submitting transactions
chatterbot Lima submitting transactions
ChatterBot Oscar round 4
ChatterBot Tango round 4
ChatterBot India round 4
ChatterBot Delta round 4
ChatterBot Sierra round 4
ChatterBot Papa round 4
ChatterBot Mike round 4
ChatterBot Lima round 4
ChatterBot Whiskey round 4
ChatterBot Victor round 4
2024-10-14 22:40:15.254450 Oscar: We should add India
2024-10-14 22:40:15.260903 Lima: No
2024-10-14 22:40:15.261099 Whiskey: No
ChatterBot Oscar reevaluating
ChatterBot Oscar reevaluating
2024-10-14 22:40:15.294740 Oscar: We should add Victor
2024-10-14 22:40:15.300029 Lima: No
2024-10-14 22:40:15.300623 Whiskey: No
ChatterBot Oscar reevaluating
ChatterBot Oscar reevaluating
2024-10-14 22:40:15.327577 Delta: Tango, Mike and Victor, sending you 2
2024-10-14 22:40:15.328231 Sierra: Tango, sending you 2
2024-10-14 22:40:15.329190 Mike: India, sending you 3
2024-10-14 22:40:15.346434 Delta: India and Sierra, sending you 3
2024-10-14 22:40:15.347412 Mike: Delta and Sierra, sending you 2
2024-10-14 22:40:15.347941 India: Tango, Delta, Papa and Mike, sending you 2
2024-10-14 22:40:15.348440 Victor: Tango, Delta and Papa, sending you 2
2024-10-14 22:40:15.349563 Lima: Oscar, sending you 8
2024-10-14 22:40:15.349915 Sierra: India and Delta, sending you 3
2024-10-14 22:40:15.350514 Whiskey: Oscar, sending you 7
2024-10-14 22:40:15.351369 Tango: India, Delta, Sierra, Papa and Victor, sending you 2
2024-10-14 22:40:15.351823 Papa: Tango, India, Delta and Mike, sending you 3
2024-10-14 22:40:15.352882 Mike: Papa and Victor, sending you 4
2024-10-14 22:40:15.353323 India: Sierra, sending you 3
2024-10-14 22:40:15.353921 Delta: Papa, sending you 4
2024-10-14 22:40:15.354982 Victor: India, sending you 1
2024-10-14 22:40:15.355835 Lima: Whiskey, sending you 7
2024-10-14 22:40:15.356171 Sierra: Papa, sending you 4
2024-10-14 22:40:15.357304 Whiskey: Lima, sending you 8
2024-10-14 22:40:15.357595 Tango: Mike, sending you 1
2024-10-14 22:40:15.358930 Papa: Sierra, sending you 4
2024-10-14 22:40:15.359400 Oscar: Same as last round
2024-10-14 22:40:15.359731 India: Victor, sending you 1
2024-10-14 22:40:15.361061 Victor: Sierra, sending you 5
2024-10-14 22:40:15.361525 Sierra: Mike, sending you 1
2024-10-14 22:40:15.434582 Papa: Victor, sending you 2
2024-10-14 22:40:15.435301 Victor: Mike, sending you 4
2024-10-14 22:40:15.436378 Sierra: Victor, sending you 5
chatterbot Whiskey submitting transactions
chatterbot Victor submitting transactions
chatterbot Papa submitting transactions
chatterbot Lima submitting transactions
chatterbot Delta submitting transactions
chatterbot India submitting transactions
chatterbot Mike submitting transactions
chatterbot Sierra submitting transactions
chatterbot Tango submitting transactions
chatterbot Oscar submitting transactions
ChatterBot Oscar round 5
ChatterBot Tango round 5
ChatterBot India round 5
ChatterBot Delta round 5
ChatterBot Sierra round 5
ChatterBot Papa round 5
ChatterBot Mike round 5
ChatterBot Lima round 5
ChatterBot Whiskey round 5
ChatterBot Victor round 5
2024-10-14 22:40:16.291677 Delta: Tango, Mike and Victor, sending you 2
2024-10-14 22:40:16.294689 Tango: India, sending you 3
2024-10-14 22:40:16.295957 India: Tango, Delta, Papa and Mike, sending you 2
2024-10-14 22:40:16.296769 Delta: India and Sierra, sending you 3
2024-10-14 22:40:16.299843 Tango: Delta, Sierra, Papa and Victor, sending you 2
2024-10-14 22:40:16.302113 India: Sierra, sending you 3
2024-10-14 22:40:16.303082 Delta: Papa, sending you 4
2024-10-14 22:40:16.303734 Tango: Mike, sending you 1
2024-10-14 22:40:16.304668 Sierra: Tango and Mike, sending you 2
2024-10-14 22:40:16.305669 Mike: India, sending you 3
2024-10-14 22:40:16.306106 Lima: Oscar, sending you 8
2024-10-14 22:40:16.306828 Papa: Sending you each 3
2024-10-14 22:40:16.307679 India: Victor, sending you 1
2024-10-14 22:40:16.309702 Sierra: India and Delta, sending you 3
2024-10-14 22:40:16.310363 Mike: Delta, sending you 2
2024-10-14 22:40:16.311025 Oscar: Same as last round
2024-10-14 22:40:16.311348 Whiskey: Oscar, sending you 8
2024-10-14 22:40:16.311677 Lima: Whiskey, sending you 7
2024-10-14 22:40:16.313670 Victor: Tango, Delta and Papa, sending you 2
2024-10-14 22:40:16.314296 Whiskey: Lima, sending you 7
2024-10-14 22:40:16.314667 Sierra: Papa and Victor, sending you 4
2024-10-14 22:40:16.315976 Mike: Sierra, sending you 1
2024-10-14 22:40:16.316685 Victor: India, sending you 1
2024-10-14 22:40:16.320678 Mike: Papa, sending you 4
2024-10-14 22:40:16.321653 Victor: Sierra, sending you 5
2024-10-14 22:40:16.324648 Victor: Mike, sending you 4
2024-10-14 22:40:16.325684 Mike: Victor, sending you 5
chatterbot Sierra submitting transactions
chatterbot Lima submitting transactions
chatterbot Papa submitting transactions
chatterbot Victor submitting transactions
chatterbot Oscar submitting transactions
chatterbot Mike submitting transactions
chatterbot Whiskey submitting transactions
chatterbot Delta submitting transactions
chatterbot Tango submitting transactions
chatterbot India submitting transactions
ChatterBot Oscar round 6
ChatterBot Tango round 6
ChatterBot India round 6
ChatterBot Delta round 6
2024-10-14 22:40:17.452650 Oscar: We should add Mike
2024-10-14 22:40:17.460751 Lima: No
2024-10-14 22:40:17.461016 Whiskey: No
ChatterBot Oscar reevaluating
ChatterBot Oscar reevaluating
ChatterBot Sierra round 6
ChatterBot Papa round 6
ChatterBot Mike round 6
ChatterBot Lima round 6
ChatterBot Whiskey round 6
ChatterBot Victor round 6
2024-10-14 22:40:17.520690 Delta: Tango, Mike and Victor, sending you 2
2024-10-14 22:40:17.521940 Tango: India, sending you 3
2024-10-14 22:40:17.524695 Delta: India and Papa, sending you 3
2024-10-14 22:40:17.526665 Papa: Same as last round
2024-10-14 22:40:17.528691 Tango: Delta, Sierra, Papa and Victor, sending you 2
2024-10-14 22:40:17.529732 Delta: Sierra, sending you 4
2024-10-14 22:40:17.531805 Whiskey: Oscar, sending you 8
2024-10-14 22:40:17.532376 Mike: India, sending you 3
2024-10-14 22:40:17.533008 Sierra: Tango and Mike, sending you 2
2024-10-14 22:40:17.533847 Tango: Mike, sending you 1
2024-10-14 22:40:17.535365 India: Tango, Delta, Papa and Mike, sending you 2
2024-10-14 22:40:17.536782 Victor: Tango, India, Delta and Papa, sending you 2
2024-10-14 22:40:17.538906 Lima: Oscar, sending you 8
2024-10-14 22:40:17.539311 Whiskey: Lima, sending you 7
2024-10-14 22:40:17.539743 Mike: Delta, sending you 2
2024-10-14 22:40:17.540344 Oscar: Same as last round
2024-10-14 22:40:17.540795 Sierra: India, Delta and Papa, sending you 3
2024-10-14 22:40:17.542474 India: Sierra, sending you 3
2024-10-14 22:40:17.543432 Victor: Sierra and Mike, sending you 4
2024-10-14 22:40:17.544295 Mike: Sierra, sending you 1
2024-10-14 22:40:17.545515 Lima: Whiskey, sending you 7
2024-10-14 22:40:17.545979 Sierra: Victor, sending you 5
2024-10-14 22:40:17.548173 India: Victor, sending you 1
2024-10-14 22:40:17.549197 Mike: Papa, sending you 4
2024-10-14 22:40:17.553961 Mike: Victor, sending you 5
chatterbot Oscar submitting transactions
chatterbot Delta submitting transactions
chatterbot Victor submitting transactions
chatterbot India submitting transactions
chatterbot Papa submitting transactions
chatterbot Mike submitting transactions
chatterbot Lima submitting transactions
chatterbot Whiskey submitting transactions
chatterbot Sierra submitting transactions
chatterbot Tango submitting transactions
ChatterBot Oscar round 7
ChatterBot Tango round 7
ChatterBot India round 7
ChatterBot Delta round 7
ChatterBot Sierra round 7
ChatterBot Papa round 7
ChatterBot Mike round 7
2024-10-14 22:40:18.714421 Oscar: We should add Papa
2024-10-14 22:40:18.720143 Lima: No
2024-10-14 22:40:18.720371 Whiskey: No
ChatterBot Oscar reevaluating
ChatterBot Oscar reevaluating
ChatterBot Lima round 7
ChatterBot Whiskey round 7
ChatterBot Victor round 7
2024-10-14 22:40:18.752499 Mike: We should replace India with Tango
2024-10-14 22:40:18.761517 Delta: No
2024-10-14 22:40:18.761674 Sierra: No
2024-10-14 22:40:18.761788 Papa: No
2024-10-14 22:40:18.761898 Victor: No
ChatterBot Mike reevaluating
ChatterBot Mike reevaluating
2024-10-14 22:40:18.808667 India: Tango, Delta, Papa and Mike, sending you 2
2024-10-14 22:40:18.810783 Mike: Tango we want you to join our group
2024-10-14 22:40:18.816188 Tango: Yes
ChatterBot Mike reevaluating
2024-10-14 22:40:18.836374 India: Sierra, sending you 3
2024-10-14 22:40:18.839663 Whiskey: Oscar, sending you 8
2024-10-14 22:40:18.840164 India: Victor, sending you 1
2024-10-14 22:40:18.841322 Papa: Same as last round
2024-10-14 22:40:18.841967 Delta: Tango, Mike and Victor, sending you 2
2024-10-14 22:40:18.842565 Oscar: Same as last round
2024-10-14 22:40:18.842846 Tango: India, sending you 3
2024-10-14 22:40:18.844023 Sierra: Tango and Mike, sending you 2
2024-10-14 22:40:18.844589 Lima: Oscar, sending you 8
2024-10-14 22:40:18.844866 Whiskey: Lima, sending you 7
2024-10-14 22:40:18.845144 Delta: India and Papa, sending you 3
2024-10-14 22:40:18.846816 Tango: Delta, Sierra, Papa and Victor, sending you 2
2024-10-14 22:40:18.847659 Sierra: India, Delta and Papa, sending you 3
2024-10-14 22:40:18.848288 Lima: Whiskey, sending you 7
2024-10-14 22:40:18.850660 Delta: Sierra, sending you 4
2024-10-14 22:40:18.851319 Tango: Mike, sending you 1
2024-10-14 22:40:18.852383 Sierra: Victor, sending you 5
2024-10-14 22:40:18.858664 Victor: Tango, India, Delta and Papa, sending you 2
2024-10-14 22:40:18.863671 Victor: Sierra and Mike, sending you 4
2024-10-14 22:40:18.864740 Mike: Tango, sending you 1
2024-10-14 22:40:18.867684 Mike: Delta and Sierra, sending you 2
2024-10-14 22:40:18.871671 Mike: Papa, sending you 4
2024-10-14 22:40:18.876664 Mike: Victor, sending you 6
chatterbot Tango submitting transactions
chatterbot Delta submitting transactions
chatterbot Mike submitting transactions
chatterbot Victor submitting transactions
chatterbot Papa submitting transactions
chatterbot Lima submitting transactions
chatterbot Whiskey submitting transactions
chatterbot Oscar submitting transactions
chatterbot Sierra submitting transactions
chatterbot India submitting transactions
ChatterBot Oscar round 8
ChatterBot Tango round 8
ChatterBot India round 8
ChatterBot Delta round 8
ChatterBot Sierra round 8
ChatterBot Papa round 8
ChatterBot Mike round 8
ChatterBot Lima round 8
ChatterBot Whiskey round 8
ChatterBot Victor round 8
2024-10-14 22:40:20.072913 Sierra: Tango and Mike, sending you 2
2024-10-14 22:40:20.074696 Delta: Tango, Mike and Victor, sending you 2
2024-10-14 22:40:20.076331 Mike: Tango, sending you 1
2024-10-14 22:40:20.077331 Papa: Same as last round
2024-10-14 22:40:20.079499 Sierra: India, Delta and Papa, sending you 3
2024-10-14 22:40:20.081249 Whiskey: Oscar, sending you 8
2024-10-14 22:40:20.081868 Lima: Oscar, sending you 8
2024-10-14 22:40:20.082514 Delta: India and Papa, sending you 3
2024-10-14 22:40:20.084447 Mike: Delta and Sierra, sending you 2
2024-10-14 22:40:20.085656 Tango: India, sending you 3
2024-10-14 22:40:20.087755 Oscar: Same as last round
2024-10-14 22:40:20.088417 Sierra: Victor, sending you 5
2024-10-14 22:40:20.090734 Whiskey: Lima, sending you 7
2024-10-14 22:40:20.091279 Lima: Whiskey, sending you 7
2024-10-14 22:40:20.091752 Victor: Tango, India, Delta and Papa, sending you 2
2024-10-14 22:40:20.094373 Delta: Sierra, sending you 4
2024-10-14 22:40:20.096925 Mike: Papa, sending you 4
2024-10-14 22:40:20.098844 India: Sending you each 2
2024-10-14 22:40:20.100284 Tango: Delta, Sierra, Papa and Victor, sending you 2
2024-10-14 22:40:20.102685 Victor: Sierra and Mike, sending you 4
2024-10-14 22:40:20.104006 Mike: Victor, sending you 6
2024-10-14 22:40:20.106352 Tango: Mike, sending you 1
chatterbot Oscar submitting transactions
chatterbot Mike submitting transactions
chatterbot Victor submitting transactions
chatterbot India submitting transactions
chatterbot Tango submitting transactions
chatterbot Whiskey submitting transactions
chatterbot Delta submitting transactions
chatterbot Papa submitting transactions
chatterbot Sierra submitting transactions
chatterbot Lima submitting transactions
ChatterBot Oscar round 9
ChatterBot Tango round 9
ChatterBot India round 9
ChatterBot Delta round 9
ChatterBot Sierra round 9
ChatterBot Papa round 9
ChatterBot Mike round 9
ChatterBot Lima round 9
ChatterBot Whiskey round 9
ChatterBot Victor round 9
2024-10-14 22:40:21.307683 Oscar: Same as last round
2024-10-14 22:40:21.312674 Sierra: Tango and Mike, sending you 2
2024-10-14 22:40:21.315657 Sierra: India, Delta and Papa, sending you 3
2024-10-14 22:40:21.317676 Mike: Tango, sending you 1
2024-10-14 22:40:21.318082 India: Same as last round
2024-10-14 22:40:21.318884 Victor: Tango, India, Delta and Papa, sending you 2
2024-10-14 22:40:21.320075 Delta: Tango, Mike and Victor, sending you 2
2024-10-14 22:40:21.320852 Sierra: Victor, sending you 5
2024-10-14 22:40:21.321583 Tango: India and Victor, sending you 3
2024-10-14 22:40:21.322255 Mike: Delta and Sierra, sending you 2
2024-10-14 22:40:21.322702 Papa: Same as last round
2024-10-14 22:40:21.323951 Victor: Sierra and Mike, sending you 4
2024-10-14 22:40:21.325553 Delta: India and Papa, sending you 3
2024-10-14 22:40:21.326340 Mike: Papa, sending you 4
2024-10-14 22:40:21.326833 Tango: Delta, Sierra and Papa, sending you 2
2024-10-14 22:40:21.328651 Whiskey: Oscar, sending you 8
2024-10-14 22:40:21.329667 Delta: Sierra, sending you 4
2024-10-14 22:40:21.330678 Mike: Victor, sending you 6
2024-10-14 22:40:21.332179 Lima: Oscar, sending you 8
2024-10-14 22:40:21.332651 Tango: Mike, sending you 1
2024-10-14 22:40:21.333930 Whiskey: Lima, sending you 7
2024-10-14 22:40:21.334664 Lima: Whiskey, sending you 7
chatterbot Papa submitting transactions
chatterbot India submitting transactions
chatterbot Tango submitting transactions
chatterbot Delta submitting transactions
chatterbot Oscar submitting transactions
chatterbot Mike submitting transactions
chatterbot Lima submitting transactions
chatterbot Sierra submitting transactions
chatterbot Victor submitting transactions
chatterbot Whiskey submitting transactions
ChatterBot Oscar round 10
ChatterBot Tango round 10
ChatterBot India round 10
ChatterBot Delta round 10
ChatterBot Sierra round 10
ChatterBot Papa round 10
ChatterBot Mike round 10
ChatterBot Lima round 10
ChatterBot Whiskey round 10
ChatterBot Victor round 10
2024-10-14 22:40:22.517067 Lima: Oscar, sending you 8
2024-10-14 22:40:22.517405 India: Tango, Delta, Papa and Victor, sending you 2
2024-10-14 22:40:22.518691 Tango: India and Victor, sending you 3
2024-10-14 22:40:22.519652 Delta: Tango, Mike and Victor, sending you 2
2024-10-14 22:40:22.520375 Victor: Tango, India, Delta and Papa, sending you 2
2024-10-14 22:40:22.521108 Lima: Whiskey, sending you 7
2024-10-14 22:40:22.521407 Sierra: Tango and Mike, sending you 2
2024-10-14 22:40:22.522080 Whiskey: Oscar, sending you 8
2024-10-14 22:40:22.522357 India: Sierra, sending you 3
2024-10-14 22:40:22.523579 Tango: Delta, Sierra and Papa, sending you 2
2024-10-14 22:40:22.524958 Papa: Same as last round
2024-10-14 22:40:22.526187 Delta: India and Papa, sending you 3
2024-10-14 22:40:22.527363 Oscar: Same as last round
2024-10-14 22:40:22.527830 Victor: Sierra and Mike, sending you 4
2024-10-14 22:40:22.529509 Sierra: India, Delta and Papa, sending you 3
2024-10-14 22:40:22.530714 Whiskey: Lima, sending you 7
2024-10-14 22:40:22.531142 India: Mike, sending you 1
2024-10-14 22:40:22.532340 Tango: Mike, sending you 1
2024-10-14 22:40:22.533304 Delta: Sierra, sending you 4
2024-10-14 22:40:22.534059 Sierra: Victor, sending you 5
2024-10-14 22:40:22.536233 Mike: Tango, sending you 1
2024-10-14 22:40:22.540700 Mike: Delta and Sierra, sending you 2
2024-10-14 22:40:22.545683 Mike: Papa, sending you 4
2024-10-14 22:40:22.550665 Mike: Victor, sending you 6
chatterbot Mike submitting transactions
chatterbot Sierra submitting transactions
chatterbot Papa submitting transactions
chatterbot Delta submitting transactions
chatterbot India submitting transactions
chatterbot Tango submitting transactions
chatterbot Lima submitting transactions
chatterbot Victor submitting transactions
chatterbot Whiskey submitting transactions
chatterbot Oscar submitting transactions
ChatterBot Oscar round 11
ChatterBot Tango round 11
ChatterBot India round 11
ChatterBot Delta round 11
ChatterBot Sierra round 11
ChatterBot Papa round 11
ChatterBot Mike round 11
ChatterBot Lima round 11
ChatterBot Whiskey round 11
ChatterBot Victor round 11
2024-10-14 22:40:23.733715 Tango: India and Victor, sending you 3
2024-10-14 22:40:23.735275 Papa: Same as last round
2024-10-14 22:40:23.737772 Delta: Tango and Mike, sending you 2
2024-10-14 22:40:23.738987 Tango: Delta, Sierra and Papa, sending you 2
2024-10-14 22:40:23.741378 Oscar: Same as last round
2024-10-14 22:40:23.741902 Whiskey: Oscar, sending you 8
2024-10-14 22:40:23.742468 India: Tango, Delta, Papa and Victor, sending you 2
2024-10-14 22:40:23.743718 Sierra: Tango and Mike, sending you 2
2024-10-14 22:40:23.745944 Delta: India, Sierra, Papa and Victor, sending you 3
2024-10-14 22:40:23.747223 Tango: Mike, sending you 1
2024-10-14 22:40:23.749076 Whiskey: Lima, sending you 7
2024-10-14 22:40:23.749685 India: Sierra, sending you 3
2024-10-14 22:40:23.750715 Mike: Tango, sending you 1
2024-10-14 22:40:23.751308 Sierra: India, Delta and Papa, sending you 3
2024-10-14 22:40:23.753699 Lima: Oscar, sending you 8
2024-10-14 22:40:23.754171 India: Mike, sending you 1
2024-10-14 22:40:23.755332 Victor: Tango, India, Delta and Papa, sending you 2
2024-10-14 22:40:23.757922 Mike: Delta and Sierra, sending you 2
2024-10-14 22:40:23.758729 Sierra: Victor, sending you 5
2024-10-14 22:40:23.760362 Lima: Whiskey, sending you 7
2024-10-14 22:40:23.762681 Victor: Sierra and Mike, sending you 4
2024-10-14 22:40:23.764161 Mike: Papa, sending you 4
2024-10-14 22:40:23.769325 Mike: Victor, sending you 6
chatterbot Papa submitting transactions
chatterbot Lima submitting transactions
chatterbot Whiskey submitting transactions
chatterbot Victor submitting transactions
chatterbot Mike submitting transactions
chatterbot Sierra submitting transactions
chatterbot Tango submitting transactions
chatterbot Oscar submitting transactions
chatterbot Delta submitting transactions
chatterbot India submitting transactions
ChatterBot Oscar round 12
ChatterBot Tango round 12
ChatterBot India round 12
ChatterBot Delta round 12
ChatterBot Sierra round 12
ChatterBot Papa round 12
ChatterBot Mike round 12
ChatterBot Lima round 12
ChatterBot Whiskey round 12
ChatterBot Victor round 12
2024-10-14 22:40:24.853975 Oscar: We should add Sierra
2024-10-14 22:40:24.859233 Lima: No
2024-10-14 22:40:24.859425 Whiskey: No
ChatterBot Oscar reevaluating
ChatterBot Oscar reevaluating
2024-10-14 22:40:24.898518 Oscar: We should add Delta
2024-10-14 22:40:24.903076 Lima: No
2024-10-14 22:40:24.903223 Whiskey: No
ChatterBot Oscar reevaluating
ChatterBot Oscar reevaluating
2024-10-14 22:40:24.915672 Sierra: Tango and Mike, sending you 2
2024-10-14 22:40:24.916639 Delta: Tango and Mike, sending you 2
2024-10-14 22:40:24.919722 Sierra: India, Delta and Papa, sending you 3
2024-10-14 22:40:24.922237 Delta: India, Sierra, Papa and Victor, sending you 3
2024-10-14 22:40:24.923867 Lima: Oscar, sending you 8
2024-10-14 22:40:24.924250 Whiskey: Oscar, sending you 8
2024-10-14 22:40:24.924577 Victor: Tango, India, Delta and Papa, sending you 2
2024-10-14 22:40:24.925631 Sierra: Victor, sending you 5
2024-10-14 22:40:24.927698 Whiskey: Lima, sending you 7
2024-10-14 22:40:24.928570 Mike: Tango, sending you 1
2024-10-14 22:40:24.929789 Lima: Whiskey, sending you 7
2024-10-14 22:40:24.930593 Papa: Same as last round
2024-10-14 22:40:24.933070 Victor: Sierra and Mike, sending you 4
2024-10-14 22:40:24.935732 India: Tango, Delta, Papa and Victor, sending you 2
2024-10-14 22:40:24.937931 Mike: Delta and Sierra, sending you 2
2024-10-14 22:40:24.939194 Tango: India and Victor, sending you 3
2024-10-14 22:40:24.941673 Oscar: Same as last round
2024-10-14 22:40:24.942683 India: Sierra, sending you 3
2024-10-14 22:40:24.944626 Mike: Papa, sending you 4
2024-10-14 22:40:24.945199 Tango: Delta, Sierra and Papa, sending you 2
2024-10-14 22:40:24.946686 India: Mike, sending you 1
2024-10-14 22:40:24.949702 Mike: Victor, sending you 6
2024-10-14 22:40:24.950731 Tango: Mike, sending you 1
chatterbot Lima submitting transactions
chatterbot Sierra submitting transactions
chatterbot Delta submitting transactions
chatterbot Papa submitting transactions
chatterbot Oscar submitting transactions
chatterbot India submitting transactions
chatterbot Whiskey submitting transactions
chatterbot Tango submitting transactions
chatterbot Mike submitting transactions
chatterbot Victor submitting transactions
ChatterBot Oscar round 13
ChatterBot Tango round 13
ChatterBot India round 13
ChatterBot Delta round 13
ChatterBot Sierra round 13
ChatterBot Papa round 13
ChatterBot Mike round 13
ChatterBot Lima round 13
ChatterBot Whiskey round 13
ChatterBot Victor round 13
2024-10-14 22:40:26.028168 India: Tango, Delta, Papa and Victor, sending you 2
2024-10-14 22:40:26.030035 Oscar: Same as last round
2024-10-14 22:40:26.033664 India: Sierra, sending you 3
2024-10-14 22:40:26.036333 Mike: Tango, sending you 1
2024-10-14 22:40:26.041092 India: Mike, sending you 1
2024-10-14 22:40:26.043808 Tango: India and Victor, sending you 3
2024-10-14 22:40:26.046267 Mike: Delta and Sierra, sending you 2
2024-10-14 22:40:26.048803 Sierra: Tango and Mike, sending you 2
2024-10-14 22:40:26.051269 Delta: Tango and Mike, sending you 2
2024-10-14 22:40:26.053690 Tango: Delta, Sierra and Papa, sending you 2
2024-10-14 22:40:26.056331 Mike: Papa, sending you 3
2024-10-14 22:40:26.057064 Whiskey: Oscar, sending you 8
2024-10-14 22:40:26.058068 Papa: Same as last round
2024-10-14 22:40:26.061260 Lima: Oscar, sending you 8
2024-10-14 22:40:26.062155 Sierra: India, Delta and Papa, sending you 3
2024-10-14 22:40:26.064551 Delta: India, Sierra, Papa and Victor, sending you 3
2024-10-14 22:40:26.067484 Tango: Mike, sending you 1
2024-10-14 22:40:26.069208 Mike: Victor, sending you 7
2024-10-14 22:40:26.071070 Whiskey: Lima, sending you 7
2024-10-14 22:40:26.071937 Lima: Whiskey, sending you 7
2024-10-14 22:40:26.073600 Victor: Tango, India, Delta and Papa, sending you 2
2024-10-14 22:40:26.076765 Sierra: Victor, sending you 5
2024-10-14 22:40:26.082004 Victor: Sierra and Mike, sending you 4
chatterbot Tango submitting transactions
chatterbot Whiskey submitting transactions
chatterbot Sierra submitting transactions
chatterbot Victor submitting transactions
chatterbot Delta submitting transactions
chatterbot Papa submitting transactions
chatterbot India submitting transactions
chatterbot Mike submitting transactions
chatterbot Oscar submitting transactions
chatterbot Lima submitting transactions
ChatterBot Oscar round 14
ChatterBot Tango round 14
ChatterBot India round 14
ChatterBot Delta round 14
ChatterBot Sierra round 14
ChatterBot Papa round 14
ChatterBot Mike round 14
ChatterBot Lima round 14
ChatterBot Whiskey round 14
ChatterBot Victor round 14
2024-10-14 22:40:27.285684 Oscar: Same as last round
2024-10-14 22:40:27.287672 Papa: Same as last round
2024-10-14 22:40:27.289241 Delta: Tango and Mike, sending you 2
2024-10-14 22:40:27.290141 Sierra: Tango and Mike, sending you 2
2024-10-14 22:40:27.291682 Tango: India and Victor, sending you 3
2024-10-14 22:40:27.293594 Delta: India, Sierra, Papa and Victor, sending you 3
2024-10-14 22:40:27.294821 Sierra: India, Delta and Papa, sending you 3
2024-10-14 22:40:27.296661 Tango: Delta, Sierra and Papa, sending you 2
2024-10-14 22:40:27.299651 Sierra: Victor, sending you 5
2024-10-14 22:40:27.300693 India: Tango, Delta, Papa and Victor, sending you 2
2024-10-14 22:40:27.302804 Tango: Mike, sending you 1
2024-10-14 22:40:27.304390 Victor: Tango, India, Delta and Papa, sending you 2
2024-10-14 22:40:27.306378 Mike: Tango, sending you 1
2024-10-14 22:40:27.307180 Lima: Oscar, sending you 8
2024-10-14 22:40:27.307788 India: Sierra, sending you 3
2024-10-14 22:40:27.309945 Victor: Sierra and Mike, sending you 4
2024-10-14 22:40:27.311995 Mike: Delta and Sierra, sending you 2
2024-10-14 22:40:27.312773 Lima: Whiskey, sending you 7
2024-10-14 22:40:27.313246 Whiskey: Oscar, sending you 8
2024-10-14 22:40:27.313738 India: Mike, sending you 1
2024-10-14 22:40:27.317049 Whiskey: Lima, sending you 7
2024-10-14 22:40:27.317681 Mike: Papa, sending you 3
2024-10-14 22:40:27.322978 Mike: Victor, sending you 7
chatterbot Papa submitting transactions
chatterbot Delta submitting transactions
chatterbot Whiskey submitting transactions
chatterbot Lima submitting transactions
chatterbot Oscar submitting transactions
chatterbot Mike submitting transactions
chatterbot Sierra submitting transactions
chatterbot Tango submitting transactions
chatterbot Victor submitting transactions
chatterbot India submitting transactions
ChatterBot Oscar round 15
ChatterBot Tango round 15
ChatterBot India round 15
ChatterBot Delta round 15
ChatterBot Sierra round 15
ChatterBot Papa round 15
ChatterBot Mike round 15
ChatterBot Lima round 15
ChatterBot Whiskey round 15
ChatterBot Victor round 15
2024-10-14 22:40:28.557679 India: Tango, Delta, Papa and Victor, sending you 2
2024-10-14 22:40:28.559366 Oscar: Same as last round
2024-10-14 22:40:28.561651 India: Sierra, sending you 3
2024-10-14 22:40:28.562840 Delta: Tango and Mike, sending you 2
2024-10-14 22:40:28.565664 India: Mike, sending you 1
2024-10-14 22:40:28.566852 Delta: India, Sierra, Papa and Victor, sending you 3
2024-10-14 22:40:28.568232 Sierra: Tango and Mike, sending you 2
2024-10-14 22:40:28.570850 Tango: India and Victor, sending you 3
2024-10-14 22:40:28.572504 Whiskey: Oscar, sending you 8
2024-10-14 22:40:28.573056 Papa: Same as last round
2024-10-14 22:40:28.575680 Sierra: India, Delta and Papa, sending you 3
2024-10-14 22:40:28.577721 Tango: Delta, Sierra and Papa, sending you 2
2024-10-14 22:40:28.578610 Whiskey: Lima, sending you 7
2024-10-14 22:40:28.579089 Lima: Oscar, sending you 8
2024-10-14 22:40:28.579393 Mike: Tango, sending you 1
2024-10-14 22:40:28.579971 Victor: Tango, India, Delta and Papa, sending you 2
2024-10-14 22:40:28.581678 Sierra: Victor, sending you 5
2024-10-14 22:40:28.584680 Tango: Mike, sending you 1
2024-10-14 22:40:28.586405 Lima: Whiskey, sending you 7
2024-10-14 22:40:28.586921 Mike: Delta and Sierra, sending you 2
2024-10-14 22:40:28.587581 Victor: Sierra, sending you 3
2024-10-14 22:40:28.591675 Mike: Papa, sending you 3
2024-10-14 22:40:28.593670 Victor: Mike, sending you 5
2024-10-14 22:40:28.594727 Mike: Victor, sending you 7
chatterbot Oscar submitting transactions
chatterbot Papa submitting transactions
chatterbot Lima submitting transactions
chatterbot Mike submitting transactions
chatterbot Delta submitting transactions
chatterbot Sierra submitting transactions
chatterbot India submitting transactions
chatterbot Victor submitting transactions
chatterbot Whiskey submitting transactions
chatterbot Tango submitting transactions
ChatterBot Oscar round 16
ChatterBot Tango round 16
ChatterBot India round 16
ChatterBot Delta round 16
ChatterBot Sierra round 16
ChatterBot Papa round 16
ChatterBot Mike round 16
ChatterBot Lima round 16
ChatterBot Whiskey round 16
ChatterBot Victor round 16
2024-10-14 22:40:29.845883 Oscar: We should add Tango
2024-10-14 22:40:29.854106 Lima: No
2024-10-14 22:40:29.854424 Whiskey: No
ChatterBot Oscar reevaluating
ChatterBot Oscar reevaluating
2024-10-14 22:40:30.000286 Delta: Tango and Mike, sending you 2
2024-10-14 22:40:30.004859 Whiskey: Oscar, sending you 8
2024-10-14 22:40:30.006336 Papa: Same as last round
2024-10-14 22:40:30.009716 Lima: Oscar, sending you 8
2024-10-14 22:40:30.011207 India: Tango, Delta, Papa and Victor, sending you 2
2024-10-14 22:40:30.015423 Tango: India and Victor, sending you 3
2024-10-14 22:40:30.018248 Sierra: Tango and Mike, sending you 2
