ChatterBot Bravo round 1
ChatterBot Oscar round 1
ChatterBot Charlie round 1
ChatterBot Uniform round 1
ChatterBot Foxtrot round 1
ChatterBot Quebec round 1
ChatterBot Juliett round 1
ChatterBot Lima round 1
ChatterBot Whiskey round 1
randomSelections Bravo: {Bravo, Lima, Charlie, Uniform, Whiskey, Echo, Oscar, Foxtrot} 
2024-10-14 22:40:10.886158 Bravo: Let's form a team
ChatterBot Lima reevaluating
ChatterBot Charlie reevaluating
ChatterBot Uniform reevaluating
ChatterBot Whiskey reevaluating
ChatterBot Oscar reevaluating
ChatterBot Foxtrot reevaluating
2024-10-14 22:40:10.901087 Lima: Yes
2024-10-14 22:40:10.901714 Charlie: Yes
2024-10-14 22:40:10.901834 Uniform: Yes
2024-10-14 22:40:10.901923 Whiskey: Yes
2024-10-14 22:40:10.902019 Oscar: Yes
2024-10-14 22:40:10.902120 Foxtrot: Yes
ChatterBot Charlie reevaluating
ChatterBot Uniform reevaluating
ChatterBot Whiskey reevaluating
ChatterBot Oscar reevaluating
ChatterBot Foxtrot reevaluating
ChatterBot Lima reevaluating
ChatterBot Uniform reevaluating
ChatterBot Whiskey reevaluating
ChatterBot Oscar reevaluating
ChatterBot Foxtrot reevaluating
ChatterBot Lima reevaluating
ChatterBot Charlie reevaluating
ChatterBot Whiskey reevaluating
ChatterBot Oscar reevaluating
ChatterBot Foxtrot reevaluating
ChatterBot Lima reevaluating
ChatterBot Charlie reevaluating
ChatterBot Uniform reevaluating
ChatterBot Oscar reevaluating
ChatterBot Foxtrot reevaluating
ChatterBot Lima reevaluating
ChatterBot Charlie reevaluating
ChatterBot Uniform reevaluating
ChatterBot Whiskey reevaluating
ChatterBot Foxtrot reevaluating
ChatterBot Lima reevaluating
ChatterBot Charlie reevaluating
ChatterBot Uniform reevaluating
ChatterBot Whiskey reevaluating
ChatterBot Oscar reevaluating
ChatterBot Echo round 1
ChatterBot Echo reevaluating
ChatterBot Echo reevaluating
ChatterBot Echo reevaluating
ChatterBot Echo reevaluating
ChatterBot Echo reevaluating
ChatterBot Echo reevaluating
ChatterBot Echo reevaluating
2024-10-14 22:40:11.091766 Echo: Yes
ChatterBot Lima reevaluating
ChatterBot Charlie reevaluating
ChatterBot Uniform reevaluating
ChatterBot Whiskey reevaluating
ChatterBot Oscar reevaluating
ChatterBot Foxtrot reevaluating
randomSelections Quebec: {Quebec} 
randomSelections Juliett: {Juliett, Quebec, Echo, Lima, Foxtrot, Bravo, Oscar, Charlie} 
2024-10-14 22:40:11.112682 Juliett: Can we be friends?
ChatterBot Echo reevaluating
ChatterBot Lima reevaluating
ChatterBot Foxtrot reevaluating
ChatterBot Oscar reevaluating
ChatterBot Charlie reevaluating
2024-10-14 22:40:11.123100 Quebec: No
2024-10-14 22:40:11.123252 Echo: No
2024-10-14 22:40:11.124173 Lima: No
2024-10-14 22:40:11.124584 Foxtrot: No
2024-10-14 22:40:11.124996 Bravo: No
2024-10-14 22:40:11.125979 Oscar: No
2024-10-14 22:40:11.126396 Charlie: No
ChatterBot Echo reevaluating
ChatterBot Lima reevaluating
ChatterBot Foxtrot reevaluating
ChatterBot Oscar reevaluating
ChatterBot Charlie reevaluating
ChatterBot Lima reevaluating
ChatterBot Foxtrot reevaluating
ChatterBot Oscar reevaluating
ChatterBot Charlie reevaluating
ChatterBot Echo reevaluating
ChatterBot Foxtrot reevaluating
ChatterBot Oscar reevaluating
ChatterBot Charlie reevaluating
ChatterBot Echo reevaluating
ChatterBot Lima reevaluating
ChatterBot Oscar reevaluating
ChatterBot Charlie reevaluating
ChatterBot Echo reevaluating
ChatterBot Lima reevaluating
ChatterBot Foxtrot reevaluating
ChatterBot Oscar reevaluating
ChatterBot Charlie reevaluating
ChatterBot Echo reevaluating
ChatterBot Lima reevaluating
ChatterBot Foxtrot reevaluating
ChatterBot Charlie reevaluating
ChatterBot Echo reevaluating
ChatterBot Lima reevaluating
ChatterBot Foxtrot reevaluating
ChatterBot Oscar reevaluating
2024-10-14 22:40:11.222789 Bravo: Oscar and Foxtrot, sending you 2
2024-10-14 22:40:11.227690 Bravo: Charlie, Uniform and Lima, sending you 4
2024-10-14 22:40:11.232199 Foxtrot: Bravo and Oscar, sending you 2
2024-10-14 22:40:11.232938 Echo: Bravo, Charlie, Uniform and Whiskey, sending you 3
2024-10-14 22:40:11.233621 Lima: Bravo and Uniform, sending you 2
2024-10-14 22:40:11.234551 Bravo: Whiskey, sending you 3
2024-10-14 22:40:11.235084 Charlie: Bravo, sending you 4
2024-10-14 22:40:11.235707 Whiskey: Bravo, Lima and Echo, sending you 2
2024-10-14 22:40:11.236893 Foxtrot: Charlie and Lima, sending you 1
2024-10-14 22:40:11.237847 Echo: Foxtrot, sending you 1
2024-10-14 22:40:11.239201 Lima: Oscar and Charlie, sending you 4
2024-10-14 22:40:11.240305 Bravo: Echo, sending you 1
2024-10-14 22:40:11.242173 Oscar: Charlie and Whiskey, sending you 2
2024-10-14 22:40:11.244263 Whiskey: Oscar, sending you 5
2024-10-14 22:40:11.245601 Charlie: Oscar, sending you 2
2024-10-14 22:40:11.247436 Uniform: Foxtrot and Lima, sending you 2
2024-10-14 22:40:11.249068 Foxtrot: Uniform and Whiskey, sending you 3
2024-10-14 22:40:11.250115 Echo: Lima, sending you 2
2024-10-14 22:40:11.251660 Lima: Foxtrot, sending you 5
2024-10-14 22:40:11.252595 Oscar: Uniform and Lima, sending you 3
2024-10-14 22:40:11.254178 Whiskey: Charlie, sending you 3
2024-10-14 22:40:11.255040 Charlie: Uniform and Foxtrot, sending you 1
2024-10-14 22:40:11.256702 Uniform: Whiskey and Echo, sending you 4
2024-10-14 22:40:11.258536 Foxtrot: Echo, sending you 4
2024-10-14 22:40:11.259669 Lima: Whiskey and Echo, sending you 1
2024-10-14 22:40:11.261176 Oscar: Foxtrot, sending you 4
2024-10-14 22:40:11.262039 Whiskey: Uniform, sending you 4
2024-10-14 22:40:11.263453 Charlie: Whiskey, sending you 3
2024-10-14 22:40:11.266645 Oscar: Echo, sending you 1
chatterbot Bravo submitting transactions
chatterbot Uniform submitting transactions
chatterbot Oscar submitting transactions
chatterbot Juliett submitting transactions
chatterbot Foxtrot submitting transactions
chatterbot Whiskey submitting transactions
chatterbot Lima submitting transactions
chatterbot Quebec submitting transactions
chatterbot Echo submitting transactions
chatterbot Charlie submitting transactions
ChatterBot Bravo round 2
ChatterBot Oscar round 2
ChatterBot Charlie round 2
ChatterBot Uniform round 2
ChatterBot Foxtrot round 2
ChatterBot Quebec round 2
ChatterBot Juliett round 2
ChatterBot Lima round 2
ChatterBot Whiskey round 2
ChatterBot Echo round 2
2024-10-14 22:40:12.545453 Juliett: Friends?
ChatterBot Quebec reevaluating
2024-10-14 22:40:12.551147 Quebec: Yes
2024-10-14 22:40:12.692191 Echo: We should drop Charlie
2024-10-14 22:40:12.847548 Bravo: No
2024-10-14 22:40:12.847883 Oscar: No
2024-10-14 22:40:12.848312 Foxtrot: No
2024-10-14 22:40:12.849247 Lima: No
2024-10-14 22:40:12.849537 Uniform: No
2024-10-14 22:40:12.849917 Whiskey: No
2024-10-14 22:40:13.205092 Oscar: Bravo, Charlie and Foxtrot, sending you 2
2024-10-14 22:40:13.206646 Uniform: Bravo, sending you 3
2024-10-14 22:40:13.207757 Foxtrot: Bravo and Uniform, sending you 3
2024-10-14 22:40:13.208321 Whiskey: Bravo, Charlie, Uniform, Foxtrot and Echo, sending you 3
2024-10-14 22:40:13.209501 Bravo: Oscar and Uniform, sending you 1
2024-10-14 22:40:13.210728 Juliett: Sending you 14
2024-10-14 22:40:13.211163 Oscar: Uniform and Echo, sending you 1
2024-10-14 22:40:13.272554 Foxtrot: Oscar, sending you 5
2024-10-14 22:40:13.273688 Uniform: Oscar, Charlie, Foxtrot, Lima, Whiskey and Echo, sending you 2
2024-10-14 22:40:13.274313 Whiskey: Oscar, sending you 2
2024-10-14 22:40:13.275521 Quebec: Sending you 11
2024-10-14 22:40:13.275845 Echo: Bravo, Oscar and Lima, sending you 1
2024-10-14 22:40:13.276756 Bravo: Charlie, sending you 5
2024-10-14 22:40:13.277923 Oscar: Lima and Whiskey, sending you 4
2024-10-14 22:40:13.279099 Charlie: Bravo and Lima, sending you 4
2024-10-14 22:40:13.279836 Lima: Bravo, sending you 5
2024-10-14 22:40:13.281013 Foxtrot: Charlie and Echo, sending you 1
2024-10-14 22:40:13.282187 Whiskey: Lima, sending you 1
2024-10-14 22:40:13.282877 Echo: Uniform and Foxtrot, sending you 5
2024-10-14 22:40:13.283808 Bravo: Foxtrot, Lima and Whiskey, sending you 3
2024-10-14 22:40:13.285084 Charlie: Oscar and Foxtrot, sending you 2
2024-10-14 22:40:13.285826 Lima: Oscar, sending you 4
2024-10-14 22:40:13.287136 Foxtrot: Lima, sending you 7
2024-10-14 22:40:13.288337 Echo: Whiskey, sending you 2
2024-10-14 22:40:13.288805 Bravo: Echo, sending you 4
2024-10-14 22:40:13.319680 Charlie: Whiskey and Echo, sending you 3
2024-10-14 22:40:13.321105 Lima: Uniform, Whiskey and Echo, sending you 3
2024-10-14 22:40:13.338495 Lima: Foxtrot, sending you 1
chatterbot Bravo submitting transactions
chatterbot Juliett submitting transactions
chatterbot Foxtrot submitting transactions
chatterbot Charlie submitting transactions
chatterbot Echo submitting transactions
chatterbot Whiskey submitting transactions
chatterbot Quebec submitting transactions
chatterbot Uniform submitting transactions
chatterbot Lima submitting transactions
chatterbot Oscar submitting transactions
ChatterBot Bravo round 3
ChatterBot Oscar round 3
ChatterBot Charlie round 3
ChatterBot Uniform round 3
ChatterBot Foxtrot round 3
ChatterBot Quebec round 3
ChatterBot Juliett round 3
ChatterBot Lima round 3
ChatterBot Whiskey round 3
ChatterBot Echo round 3
2024-10-14 22:40:14.237801 Charlie: Bravo, sending you 4
2024-10-14 22:40:14.238241 Bravo: Oscar, Uniform and Echo, sending you 2
2024-10-14 22:40:14.238596 Oscar: Bravo, Charlie and Uniform, sending you 2
2024-10-14 22:40:14.243037 Foxtrot: Bravo, Oscar, Uniform and Lima, sending you 3
2024-10-14 22:40:14.244055 Charlie: Oscar and Whiskey, sending you 3
2024-10-14 22:40:14.244533 Oscar: Foxtrot, Lima and Whiskey, sending you 3
2024-10-14 22:40:14.244990 Bravo: Charlie and Lima, sending you 4
2024-10-14 22:40:14.245987 Quebec: Bravo, sending you 3
2024-10-14 22:40:14.247258 Uniform: Bravo, Oscar, Charlie, Foxtrot, Lima and Whiskey, sending you 2
2024-10-14 22:40:14.248121 Whiskey: Bravo, Oscar, Charlie and Uniform, sending you 3
2024-10-14 22:40:14.249350 Charlie: Uniform, Foxtrot, Lima and Echo, sending you 2
2024-10-14 22:40:14.250483 Foxtrot: Charlie and Whiskey, sending you 2
2024-10-14 22:40:14.251097 Echo: Bravo, Uniform, Foxtrot and Whiskey, sending you 3
2024-10-14 22:40:14.251984 Bravo: Foxtrot and Whiskey, sending you 3
2024-10-14 22:40:14.252652 Oscar: Echo, sending you 1
2024-10-14 22:40:14.253623 Quebec: Juliett, sending you 8
2024-10-14 22:40:14.253894 Lima: Bravo, Oscar and Charlie, sending you 3
2024-10-14 22:40:14.254405 Uniform: Echo, sending you 3
2024-10-14 22:40:14.255489 Whiskey: Foxtrot, Lima and Echo, sending you 2
2024-10-14 22:40:14.256010 Foxtrot: Echo, sending you 4
2024-10-14 22:40:14.256939 Echo: Oscar, sending you 1
2024-10-14 22:40:14.271380 Lima: Uniform, Whiskey and Echo, sending you 2
2024-10-14 22:40:14.272888 Echo: Lima, sending you 2
2024-10-14 22:40:14.279185 Lima: Foxtrot, sending you 4
chatterbot Juliett submitting transactions
chatterbot Foxtrot submitting transactions
chatterbot Lima submitting transactions
chatterbot Bravo submitting transactions
chatterbot Oscar submitting transactions
chatterbot Whiskey submitting transactions
chatterbot Echo submitting transactions
chatterbot Charlie submitting transactions
chatterbot Quebec submitting transactions
chatterbot Uniform submitting transactions
ChatterBot Bravo round 4
ChatterBot Oscar round 4
ChatterBot Charlie round 4
ChatterBot Uniform round 4
ChatterBot Foxtrot round 4
ChatterBot Quebec round 4
ChatterBot Juliett round 4
ChatterBot Lima round 4
ChatterBot Whiskey round 4
ChatterBot Echo round 4
2024-10-14 22:40:15.638571 Echo: We should replace Uniform with Charlie
2024-10-14 22:40:15.665484 Bravo: No
2024-10-14 22:40:15.666415 Oscar: No
2024-10-14 22:40:15.666758 Foxtrot: No
2024-10-14 22:40:15.667229 Lima: No
2024-10-14 22:40:15.668141 Whiskey: No
2024-10-14 22:40:15.787930 Quebec: We should drop Bravo
2024-10-14 22:40:15.793908 Juliett: Yes
ChatterBot Quebec reevaluating
2024-10-14 22:40:15.799931 Quebec: We should replace Bravo with Oscar
2024-10-14 22:40:15.804974 Juliett: No
ChatterBot Quebec reevaluating
2024-10-14 22:40:15.812309 Echo: Charlie we want you to join our group
2024-10-14 22:40:15.819067 Charlie: Yes
2024-10-14 22:40:15.843947 Foxtrot: Bravo, Oscar and Echo, sending you 3
2024-10-14 22:40:15.844841 Uniform: Bravo, Oscar, Charlie, Foxtrot, Lima and Whiskey, sending you 2
2024-10-14 22:40:15.846129 Lima: Bravo and Oscar, sending you 3
2024-10-14 22:40:15.846904 Oscar: Bravo, Charlie and Uniform, sending you 2
2024-10-14 22:40:15.848138 Bravo: Oscar and Uniform, sending you 2
2024-10-14 22:40:15.849131 Charlie: Bravo, sending you 4
2024-10-14 22:40:15.850447 Whiskey: Bravo, Oscar, Charlie, Uniform and Echo, sending you 3
2024-10-14 22:40:15.851188 Juliett: Sending you 14
2024-10-14 22:40:15.851999 Foxtrot: Charlie, Uniform and Whiskey, sending you 2
2024-10-14 22:40:15.852734 Uniform: Echo, sending you 3
2024-10-14 22:40:15.853843 Lima: Charlie, Uniform, Whiskey and Echo, sending you 2
2024-10-14 22:40:15.854455 Oscar: Foxtrot, Lima and Whiskey, sending you 3
2024-10-14 22:40:15.855630 Bravo: Charlie, sending you 4
2024-10-14 22:40:15.856147 Whiskey: Foxtrot, sending you 1
2024-10-14 22:40:15.856651 Charlie: Oscar, Uniform, Foxtrot and Echo, sending you 2
2024-10-14 22:40:15.857952 Lima: Foxtrot, sending you 5
2024-10-14 22:40:15.858470 Foxtrot: Lima, sending you 5
2024-10-14 22:40:15.859671 Oscar: Echo, sending you 1
2024-10-14 22:40:15.861192 Whiskey: Lima, sending you 2
2024-10-14 22:40:15.861876 Bravo: Foxtrot, Lima, Whiskey and Echo, sending you 3
2024-10-14 22:40:15.863081 Charlie: Lima and Whiskey, sending you 3
2024-10-14 22:40:15.863694 Echo: Bravo and Whiskey, sending you 3
2024-10-14 22:40:15.868664 Echo: Oscar, sending you 1
chatterbot Charlie submitting transactions
2024-10-14 22:40:15.872661 Echo: Charlie and Lima, sending you 2
2024-10-14 22:40:15.878104 Echo: Foxtrot, sending you 4
chatterbot Oscar submitting transactions
chatterbot Echo submitting transactions
chatterbot Lima submitting transactions
chatterbot Uniform submitting transactions
chatterbot Foxtrot submitting transactions
chatterbot Bravo submitting transactions
chatterbot Quebec submitting transactions
chatterbot Juliett submitting transactions
chatterbot Whiskey submitting transactions
ChatterBot Bravo round 5
ChatterBot Oscar round 5
ChatterBot Charlie round 5
ChatterBot Uniform round 5
ChatterBot Foxtrot round 5
ChatterBot Quebec round 5
ChatterBot Juliett round 5
ChatterBot Lima round 5
ChatterBot Whiskey round 5
ChatterBot Echo round 5
2024-10-14 22:40:16.771685 Charlie: Bravo, sending you 5
2024-10-14 22:40:16.773534 Uniform: Bravo, Oscar, Charlie, Foxtrot, Lima and Echo, sending you 2
2024-10-14 22:40:16.777674 Charlie: Oscar, Uniform, Foxtrot, Lima and Echo, sending you 2
2024-10-14 22:40:16.779580 Oscar: Bravo, Charlie and Uniform, sending you 2
2024-10-14 22:40:16.781398 Uniform: Whiskey, sending you 3
2024-10-14 22:40:16.782647 Foxtrot: Bravo and Oscar, sending you 3
2024-10-14 22:40:16.784505 Charlie: Whiskey, sending you 3
2024-10-14 22:40:16.786276 Bravo: Oscar and Uniform, sending you 2
2024-10-14 22:40:16.787620 Oscar: Foxtrot, Lima and Whiskey, sending you 3
2024-10-14 22:40:16.789894 Foxtrot: Charlie, Uniform and Whiskey, sending you 2
2024-10-14 22:40:16.791606 Quebec: Sending you 7
2024-10-14 22:40:16.792139 Bravo: Charlie, sending you 4
2024-10-14 22:40:16.794067 Lima: Bravo, Oscar and Charlie, sending you 3
2024-10-14 22:40:16.795721 Oscar: Echo, sending you 1
2024-10-14 22:40:16.796877 Whiskey: Bravo, Oscar, Charlie and Echo, sending you 3
2024-10-14 22:40:16.798507 Foxtrot: Lima and Echo, sending you 4
2024-10-14 22:40:16.800009 Bravo: Foxtrot, Lima, Whiskey and Echo, sending you 3
2024-10-14 22:40:16.801158 Lima: Uniform, Whiskey and Echo, sending you 2
2024-10-14 22:40:16.802033 Echo: Bravo and Whiskey, sending you 3
2024-10-14 22:40:16.802965 Whiskey: Uniform, Foxtrot and Lima, sending you 2
2024-10-14 22:40:16.805106 Lima: Foxtrot, sending you 4
2024-10-14 22:40:16.806709 Echo: Oscar, sending you 1
2024-10-14 22:40:16.811162 Echo: Charlie and Lima, sending you 2
2024-10-14 22:40:16.814669 Echo: Foxtrot, sending you 4
chatterbot Oscar submitting transactions
chatterbot Juliett submitting transactions
chatterbot Uniform submitting transactions
chatterbot Charlie submitting transactions
chatterbot Lima submitting transactions
chatterbot Foxtrot submitting transactions
chatterbot Echo submitting transactions
chatterbot Quebec submitting transactions
chatterbot Whiskey submitting transactions
chatterbot Bravo submitting transactions
ChatterBot Bravo round 6
ChatterBot Oscar round 6
ChatterBot Charlie round 6
ChatterBot Uniform round 6
ChatterBot Foxtrot round 6
ChatterBot Quebec round 6
ChatterBot Juliett round 6
ChatterBot Lima round 6
ChatterBot Whiskey round 6
ChatterBot Echo round 6
2024-10-14 22:40:17.749948 Foxtrot: Bravo and Oscar, sending you 3
2024-10-14 22:40:17.751061 Charlie: Bravo, sending you 4
2024-10-14 22:40:17.754686 Foxtrot: Charlie, Uniform and Whiskey, sending you 2
2024-10-14 22:40:17.755744 Charlie: Oscar, Uniform, Foxtrot and Echo, sending you 2
2024-10-14 22:40:17.756947 Echo: Bravo and Whiskey, sending you 3
2024-10-14 22:40:17.758675 Uniform: Bravo, Oscar, Charlie, Foxtrot, Lima and Echo, sending you 2
2024-10-14 22:40:17.760140 Foxtrot: Lima and Echo, sending you 4
2024-10-14 22:40:17.760984 Whiskey: Bravo, Oscar, Charlie, Uniform and Echo, sending you 3
2024-10-14 22:40:17.761911 Charlie: Lima and Whiskey, sending you 3
2024-10-14 22:40:17.762971 Bravo: Oscar and Uniform, sending you 2
2024-10-14 22:40:17.763533 Echo: Oscar, sending you 1
2024-10-14 22:40:17.763843 Uniform: Whiskey, sending you 3
2024-10-14 22:40:17.764677 Oscar: Bravo, Charlie and Uniform, sending you 2
2024-10-14 22:40:17.766679 Whiskey: Foxtrot, sending you 1
2024-10-14 22:40:17.767821 Bravo: Charlie, sending you 4
2024-10-14 22:40:17.768380 Echo: Charlie and Lima, sending you 2
2024-10-14 22:40:17.769690 Whiskey: Lima, sending you 2
2024-10-14 22:40:17.770997 Oscar: Foxtrot, Lima and Whiskey, sending you 3
2024-10-14 22:40:17.772093 Bravo: Foxtrot, Lima, Whiskey and Echo, sending you 3
2024-10-14 22:40:17.773058 Echo: Foxtrot, sending you 4
2024-10-14 22:40:17.773832 Lima: Bravo and Oscar, sending you 3
2024-10-14 22:40:17.775694 Oscar: Echo, sending you 1
2024-10-14 22:40:17.777672 Lima: Charlie, Uniform, Whiskey and Echo, sending you 2
2024-10-14 22:40:17.784175 Lima: Foxtrot, sending you 5
chatterbot Whiskey submitting transactions
chatterbot Lima submitting transactions
chatterbot Echo submitting transactions
chatterbot Charlie submitting transactions
chatterbot Quebec submitting transactions
chatterbot Foxtrot submitting transactions
chatterbot Oscar submitting transactions
chatterbot Juliett submitting transactions
chatterbot Bravo submitting transactions
chatterbot Uniform submitting transactions
ChatterBot Bravo round 7
ChatterBot Oscar round 7
ChatterBot Charlie round 7
ChatterBot Uniform round 7
ChatterBot Foxtrot round 7
ChatterBot Quebec round 7
ChatterBot Juliett round 7
ChatterBot Lima round 7
ChatterBot Whiskey round 7
ChatterBot Echo round 7
2024-10-14 22:40:18.905678 Charlie: Bravo, sending you 4
2024-10-14 22:40:18.906670 Foxtrot: Bravo and Oscar, sending you 3
2024-10-14 22:40:18.908658 Oscar: Bravo, Charlie and Uniform, sending you 2
2024-10-14 22:40:18.909792 Bravo: Oscar and Uniform, sending you 2
2024-10-14 22:40:18.910506 Charlie: Oscar, Uniform, Foxtrot and Echo, sending you 2
2024-10-14 22:40:18.911214 Foxtrot: Charlie, Uniform and Whiskey, sending you 2
2024-10-14 22:40:18.912663 Oscar: Foxtrot, Lima and Whiskey, sending you 3
2024-10-14 22:40:18.914690 Bravo: Charlie, sending you 4
2024-10-14 22:40:18.915445 Foxtrot: Lima and Echo, sending you 4
2024-10-14 22:40:18.916237 Charlie: Lima and Whiskey, sending you 3
2024-10-14 22:40:18.916938 Uniform: Bravo, Oscar, Charlie, Foxtrot, Lima and Echo, sending you 2
2024-10-14 22:40:18.918688 Oscar: Echo, sending you 1
2024-10-14 22:40:18.919731 Bravo: Foxtrot, Lima, Whiskey and Echo, sending you 3
2024-10-14 22:40:18.921687 Uniform: Whiskey, sending you 3
2024-10-14 22:40:18.922688 Whiskey: Bravo, Oscar, Charlie, Uniform and Echo, sending you 3
2024-10-14 22:40:18.923868 Lima: Bravo, Oscar and Charlie, sending you 3
2024-10-14 22:40:18.925081 Quebec: Juliett, sending you 9
2024-10-14 22:40:18.927660 Whiskey: Foxtrot, sending you 1
2024-10-14 22:40:18.929215 Quebec: Echo, sending you 3
2024-10-14 22:40:18.929678 Lima: Uniform, Whiskey and Echo, sending you 2
2024-10-14 22:40:18.930707 Echo: Bravo and Whiskey, sending you 3
2024-10-14 22:40:18.933663 Whiskey: Lima, sending you 2
2024-10-14 22:40:18.934637 Lima: Foxtrot, sending you 4
2024-10-14 22:40:18.935702 Echo: Oscar, sending you 1
2024-10-14 22:40:18.941666 Echo: Charlie and Lima, sending you 2
2024-10-14 22:40:18.944680 Echo: Foxtrot, sending you 4
chatterbot Oscar submitting transactions
chatterbot Foxtrot submitting transactions
chatterbot Echo submitting transactions
chatterbot Whiskey submitting transactions
chatterbot Bravo submitting transactions
chatterbot Juliett submitting transactions
chatterbot Quebec submitting transactions
chatterbot Charlie submitting transactions
chatterbot Lima submitting transactions
chatterbot Uniform submitting transactions
ChatterBot Bravo round 8
ChatterBot Oscar round 8
ChatterBot Charlie round 8
ChatterBot Uniform round 8
ChatterBot Foxtrot round 8
ChatterBot Quebec round 8
ChatterBot Juliett round 8
ChatterBot Lima round 8
ChatterBot Whiskey round 8
ChatterBot Echo round 8
2024-10-14 22:40:20.169344 Oscar: Bravo, Charlie and Uniform, sending you 2
2024-10-14 22:40:20.173785 Bravo: Oscar and Uniform, sending you 2
2024-10-14 22:40:20.178770 Oscar: Foxtrot, Lima and Whiskey, sending you 3
2024-10-14 22:40:20.181221 Juliett: Sending you 12
2024-10-14 22:40:20.181735 Foxtrot: Bravo and Oscar, sending you 3
2024-10-14 22:40:20.184138 Bravo: Charlie, sending you 4
2024-10-14 22:40:20.185968 Oscar: Echo, sending you 1
2024-10-14 22:40:20.188376 Foxtrot: Charlie and Uniform, sending you 2
2024-10-14 22:40:20.190730 Whiskey: Bravo, Oscar, Charlie, Uniform and Echo, sending you 3
2024-10-14 22:40:20.192184 Uniform: Bravo, Oscar, Charlie, Foxtrot, Lima and Echo, sending you 2
2024-10-14 22:40:20.193427 Charlie: Bravo, sending you 4
2024-10-14 22:40:20.195348 Bravo: Foxtrot, Lima, Whiskey and Echo, sending you 3
2024-10-14 22:40:20.196420 Foxtrot: Lima, sending you 5
2024-10-14 22:40:20.197808 Whiskey: Foxtrot, sending you 1
2024-10-14 22:40:20.198838 Uniform: Whiskey, sending you 3
2024-10-14 22:40:20.200325 Lima: Bravo, Oscar and Charlie, sending you 3
2024-10-14 22:40:20.201293 Charlie: Oscar, Uniform, Foxtrot and Echo, sending you 2
2024-10-14 22:40:20.202185 Foxtrot: Whiskey, sending you 1
2024-10-14 22:40:20.203788 Whiskey: Lima, sending you 2
2024-10-14 22:40:20.205323 Charlie: Lima and Whiskey, sending you 3
2024-10-14 22:40:20.207762 Echo: Bravo and Whiskey, sending you 3
2024-10-14 22:40:20.208761 Lima: Uniform, Whiskey and Echo, sending you 2
2024-10-14 22:40:20.210190 Foxtrot: Echo, sending you 4
2024-10-14 22:40:20.212109 Echo: Oscar, sending you 1
2024-10-14 22:40:20.213682 Lima: Foxtrot, sending you 4
2024-10-14 22:40:20.216675 Echo: Charlie and Lima, sending you 2
2024-10-14 22:40:20.222667 Echo: Foxtrot, sending you 4
chatterbot Foxtrot submitting transactions
chatterbot Uniform submitting transactions
chatterbot Charlie submitting transactions
chatterbot Whiskey submitting transactions
chatterbot Quebec submitting transactions
chatterbot Echo submitting transactions
chatterbot Bravo submitting transactions
chatterbot Oscar submitting transactions
chatterbot Lima submitting transactions
chatterbot Juliett submitting transactions
ChatterBot Bravo round 9
ChatterBot Oscar round 9
ChatterBot Charlie round 9
ChatterBot Uniform round 9
ChatterBot Foxtrot round 9
ChatterBot Quebec round 9
ChatterBot Juliett round 9
ChatterBot Lima round 9
ChatterBot Whiskey round 9
ChatterBot Echo round 9
2024-10-14 22:40:21.258675 Foxtrot: Bravo and Oscar, sending you 3
2024-10-14 22:40:21.260676 Oscar: Bravo, Charlie and Uniform, sending you 2
2024-10-14 22:40:21.264676 Foxtrot: Charlie and Uniform, sending you 2
2024-10-14 22:40:21.266493 Oscar: Foxtrot, Lima and Whiskey, sending you 3
2024-10-14 22:40:21.268071 Lima: Bravo, Oscar and Charlie, sending you 3
2024-10-14 22:40:21.269489 Charlie: Bravo, sending you 4
2024-10-14 22:40:21.271307 Whiskey: Bravo, Oscar, Charlie, Uniform and Echo, sending you 3
2024-10-14 22:40:21.272754 Uniform: Bravo, Oscar, Charlie, Foxtrot, Lima and Echo, sending you 2
2024-10-14 22:40:21.274184 Bravo: Oscar and Uniform, sending you 2
2024-10-14 22:40:21.276493 Juliett: Sending you 15
2024-10-14 22:40:21.276824 Foxtrot: Lima, sending you 5
2024-10-14 22:40:21.278219 Oscar: Echo, sending you 1
2024-10-14 22:40:21.280411 Lima: Uniform, Whiskey and Echo, sending you 2
2024-10-14 22:40:21.281313 Charlie: Oscar, Uniform, Foxtrot and Echo, sending you 2
2024-10-14 22:40:21.282189 Whiskey: Foxtrot, sending you 1
2024-10-14 22:40:21.283035 Uniform: Whiskey, sending you 3
2024-10-14 22:40:21.284398 Bravo: Charlie, sending you 4
2024-10-14 22:40:21.285286 Foxtrot: Whiskey, sending you 1
2024-10-14 22:40:21.286157 Lima: Foxtrot, sending you 4
2024-10-14 22:40:21.287045 Charlie: Lima and Whiskey, sending you 3
2024-10-14 22:40:21.288378 Whiskey: Lima, sending you 2
2024-10-14 22:40:21.289288 Echo: Bravo and Whiskey, sending you 3
2024-10-14 22:40:21.289735 Bravo: Foxtrot, Lima, Whiskey and Echo, sending you 3
2024-10-14 22:40:21.290642 Foxtrot: Echo, sending you 4
2024-10-14 22:40:21.293653 Echo: Oscar, sending you 1
2024-10-14 22:40:21.299084 Echo: Charlie and Lima, sending you 2
2024-10-14 22:40:21.302671 Echo: Foxtrot, sending you 4
chatterbot Echo submitting transactions
chatterbot Juliett submitting transactions
chatterbot Foxtrot submitting transactions
chatterbot Whiskey submitting transactions
chatterbot Lima submitting transactions
chatterbot Bravo submitting transactions
chatterbot Quebec submitting transactions
chatterbot Oscar submitting transactions
chatterbot Charlie submitting transactions
chatterbot Uniform submitting transactions
ChatterBot Bravo round 10
ChatterBot Oscar round 10
ChatterBot Charlie round 10
ChatterBot Uniform round 10
ChatterBot Foxtrot round 10
ChatterBot Quebec round 10
ChatterBot Juliett round 10
ChatterBot Lima round 10
ChatterBot Whiskey round 10
ChatterBot Echo round 10
2024-10-14 22:40:22.436647 Charlie: Bravo, sending you 4
2024-10-14 22:40:22.440707 Charlie: Oscar, Uniform, Foxtrot and Echo, sending you 2
2024-10-14 22:40:22.443673 Lima: Bravo, Oscar and Charlie, sending you 3
2024-10-14 22:40:22.445805 Charlie: Lima and Whiskey, sending you 3
2024-10-14 22:40:22.447683 Foxtrot: Bravo and Oscar, sending you 3
2024-10-14 22:40:22.448699 Bravo: Oscar and Uniform, sending you 2
2024-10-14 22:40:22.449671 Uniform: Bravo, Oscar, Charlie, Foxtrot, Lima and Echo, sending you 2
2024-10-14 22:40:22.451464 Lima: Uniform, Whiskey and Echo, sending you 2
2024-10-14 22:40:22.452663 Echo: Bravo and Whiskey, sending you 3
2024-10-14 22:40:22.453255 Foxtrot: Charlie and Uniform, sending you 2
2024-10-14 22:40:22.454457 Quebec: Oscar, sending you 3
2024-10-14 22:40:22.454812 Bravo: Charlie, sending you 4
2024-10-14 22:40:22.455884 Uniform: Whiskey, sending you 3
2024-10-14 22:40:22.457241 Oscar: Bravo, Charlie and Uniform, sending you 2
2024-10-14 22:40:22.458172 Lima: Foxtrot, sending you 4
2024-10-14 22:40:22.459859 Whiskey: Bravo, Oscar, Charlie, Uniform and Echo, sending you 3
2024-10-14 22:40:22.460948 Echo: Oscar, sending you 1
2024-10-14 22:40:22.461364 Foxtrot: Lima, sending you 5
2024-10-14 22:40:22.462844 Quebec: Juliett, sending you 6
2024-10-14 22:40:22.463188 Bravo: Foxtrot, Lima, Whiskey and Echo, sending you 3
2024-10-14 22:40:22.464796 Oscar: Foxtrot, Lima and Whiskey, sending you 3
2024-10-14 22:40:22.466434 Whiskey: Foxtrot, sending you 1
2024-10-14 22:40:22.468212 Echo: Charlie and Lima, sending you 2
2024-10-14 22:40:22.468951 Foxtrot: Whiskey, sending you 1
2024-10-14 22:40:22.470808 Oscar: Echo, sending you 1
2024-10-14 22:40:22.473907 Whiskey: Lima, sending you 2
2024-10-14 22:40:22.474956 Echo: Foxtrot, sending you 4
2024-10-14 22:40:22.475557 Foxtrot: Echo, sending you 4
chatterbot Oscar submitting transactions
chatterbot Uniform submitting transactions
chatterbot Whiskey submitting transactions
chatterbot Foxtrot submitting transactions
chatterbot Bravo submitting transactions
chatterbot Echo submitting transactions
chatterbot Charlie submitting transactions
chatterbot Lima submitting transactions
chatterbot Quebec submitting transactions
chatterbot Juliett submitting transactions
ChatterBot Bravo round 11
ChatterBot Oscar round 11
ChatterBot Charlie round 11
ChatterBot Uniform round 11
ChatterBot Foxtrot round 11
ChatterBot Quebec round 11
ChatterBot Juliett round 11
ChatterBot Lima round 11
ChatterBot Whiskey round 11
ChatterBot Echo round 11
2024-10-14 22:40:23.732352 Uniform: We should drop Echo
2024-10-14 22:40:23.754295 Bravo: No
2024-10-14 22:40:23.754504 Oscar: No
2024-10-14 22:40:23.754685 Charlie: No
2024-10-14 22:40:23.754875 Foxtrot: No
2024-10-14 22:40:23.755037 Lima: No
2024-10-14 22:40:23.755194 Whiskey: No
ChatterBot Uniform reevaluating
ChatterBot Uniform reevaluating
ChatterBot Uniform reevaluating
ChatterBot Uniform reevaluating
ChatterBot Uniform reevaluating
ChatterBot Uniform reevaluating
2024-10-14 22:40:24.026154 Oscar: Bravo, Charlie and Uniform, sending you 2
2024-10-14 22:40:24.031701 Oscar: Foxtrot, Lima and Whiskey, sending you 3
2024-10-14 22:40:24.034184 Echo: Bravo and Whiskey, sending you 3
2024-10-14 22:40:24.036665 Foxtrot: Bravo and Oscar, sending you 3
chatterbot Oscar submitting transactions
2024-10-14 22:40:24.040801 Oscar: Echo, sending you 1
2024-10-14 22:40:24.043575 Echo: Oscar, sending you 1
2024-10-14 22:40:24.045190 Charlie: Bravo, sending you 4
2024-10-14 22:40:24.048149 Foxtrot: Charlie and Uniform, sending you 2
2024-10-14 22:40:24.050848 Bravo: Oscar and Uniform, sending you 2
2024-10-14 22:40:24.054075 Lima: Bravo, Oscar and Charlie, sending you 3
2024-10-14 22:40:24.056560 Echo: Charlie and Lima, sending you 2
2024-10-14 22:40:24.057800 Whiskey: Bravo, Oscar, Charlie, Uniform and Echo, sending you 3
chatterbot Charlie submitting transactions
2024-10-14 22:40:24.061578 Charlie: Oscar, Uniform, Foxtrot and Echo, sending you 2
2024-10-14 22:40:24.064788 Foxtrot: Lima, sending you 5
2024-10-14 22:40:24.068291 Bravo: Charlie, sending you 4
2024-10-14 22:40:24.071212 Lima: Uniform, Whiskey and Echo, sending you 2
2024-10-14 22:40:24.074304 Uniform: Bravo, Oscar, Charlie, Foxtrot, Lima and Echo, sending you 2
2024-10-14 22:40:24.077328 Echo: Foxtrot, sending you 4
2024-10-14 22:40:24.079194 Whiskey: Foxtrot, sending you 1
2024-10-14 22:40:24.081463 Charlie: Lima and Whiskey, sending you 3
2024-10-14 22:40:24.083198 Foxtrot: Whiskey, sending you 1
2024-10-14 22:40:24.087392 Bravo: Foxtrot, Lima, Whiskey and Echo, sending you 3
2024-10-14 22:40:24.091021 Lima: Foxtrot, sending you 4
2024-10-14 22:40:24.094288 Uniform: Whiskey, sending you 3
2024-10-14 22:40:24.097619 Whiskey: Lima, sending you 2
2024-10-14 22:40:24.101625 Foxtrot: Echo, sending you 4
chatterbot Uniform submitting transactions
chatterbot Whiskey submitting transactions
chatterbot Foxtrot submitting transactions
chatterbot Echo submitting transactions
chatterbot Lima submitting transactions
chatterbot Juliett submitting transactions
chatterbot Bravo submitting transactions
chatterbot Quebec submitting transactions
ChatterBot Bravo round 12
ChatterBot Oscar round 12
ChatterBot Charlie round 12
ChatterBot Uniform round 12
ChatterBot Foxtrot round 12
ChatterBot Quebec round 12
ChatterBot Juliett round 12
ChatterBot Lima round 12
ChatterBot Whiskey round 12
ChatterBot Echo round 12
2024-10-14 22:40:24.918673 Bravo: Oscar and Uniform, sending you 2
2024-10-14 22:40:24.920684 Uniform: Bravo, Oscar, Charlie, Foxtrot, Lima and Echo, sending you 2
2024-10-14 22:40:24.923652 Oscar: Bravo, Charlie and Uniform, sending you 2
2024-10-14 22:40:24.924799 Whiskey: Bravo, Oscar, Charlie, Uniform and Echo, sending you 3
2024-10-14 22:40:24.926051 Charlie: Bravo, sending you 4
2024-10-14 22:40:24.927181 Bravo: Charlie, sending you 4
2024-10-14 22:40:24.928223 Lima: Bravo, Oscar and Charlie, sending you 3
2024-10-14 22:40:24.929985 Uniform: Whiskey, sending you 3
2024-10-14 22:40:24.931730 Oscar: Foxtrot, Lima and Whiskey, sending you 3
2024-10-14 22:40:24.933413 Whiskey: Foxtrot, sending you 1
2024-10-14 22:40:24.935127 Charlie: Oscar, Uniform, Foxtrot and Echo, sending you 2
2024-10-14 22:40:24.936603 Bravo: Foxtrot, Lima, Whiskey and Echo, sending you 3
2024-10-14 22:40:24.938120 Foxtrot: Bravo and Oscar, sending you 3
2024-10-14 22:40:24.939746 Lima: Uniform, Whiskey and Echo, sending you 2
2024-10-14 22:40:24.941476 Oscar: Echo, sending you 1
2024-10-14 22:40:24.943028 Whiskey: Lima, sending you 2
2024-10-14 22:40:24.945102 Charlie: Lima and Whiskey, sending you 3
2024-10-14 22:40:24.946777 Echo: Bravo and Whiskey, sending you 3
2024-10-14 22:40:24.948030 Foxtrot: Charlie and Uniform, sending you 2
2024-10-14 22:40:24.949767 Lima: Foxtrot, sending you 4
2024-10-14 22:40:24.951711 Echo: Oscar, sending you 1
2024-10-14 22:40:24.953836 Foxtrot: Lima, sending you 4
2024-10-14 22:40:24.957690 Echo: Charlie and Lima, sending you 2
2024-10-14 22:40:24.959692 Foxtrot: Whiskey, sending you 1
2024-10-14 22:40:24.961674 Echo: Foxtrot, sending you 4
2024-10-14 22:40:24.964656 Foxtrot: Echo, sending you 5
chatterbot Foxtrot submitting transactions
chatterbot Uniform submitting transactions
chatterbot Lima submitting transactions
chatterbot Bravo submitting transactions
chatterbot Quebec submitting transactions
chatterbot Echo submitting transactions
chatterbot Charlie submitting transactions
chatterbot Juliett submitting transactions
chatterbot Oscar submitting transactions
chatterbot Whiskey submitting transactions
ChatterBot Bravo round 13
ChatterBot Oscar round 13
ChatterBot Charlie round 13
ChatterBot Uniform round 13
ChatterBot Foxtrot round 13
ChatterBot Quebec round 13
ChatterBot Juliett round 13
ChatterBot Lima round 13
ChatterBot Whiskey round 13
ChatterBot Echo round 13
2024-10-14 22:40:26.143664 Bravo: Oscar and Uniform, sending you 2
2024-10-14 22:40:26.147416 Charlie: Bravo, sending you 4
2024-10-14 22:40:26.150780 Bravo: Charlie, sending you 4
2024-10-14 22:40:26.154339 Lima: Bravo, Oscar and Charlie, sending you 3
2024-10-14 22:40:26.157360 Charlie: Oscar, Uniform, Foxtrot and Echo, sending you 2
2024-10-14 22:40:26.158762 Echo: Bravo and Whiskey, sending you 3
2024-10-14 22:40:26.159906 Bravo: Foxtrot, Lima, Whiskey and Echo, sending you 3
2024-10-14 22:40:26.161393 Lima: Uniform, Whiskey and Echo, sending you 2
2024-10-14 22:40:26.163174 Oscar: Bravo, Charlie and Uniform, sending you 2
2024-10-14 22:40:26.164855 Uniform: Bravo, Oscar, Charlie, Foxtrot and Lima, sending you 2
2024-10-14 22:40:26.166039 Charlie: Lima and Whiskey, sending you 3
2024-10-14 22:40:26.167537 Echo: Oscar, sending you 1
2024-10-14 22:40:26.168115 Foxtrot: Bravo and Oscar, sending you 3
2024-10-14 22:40:26.169499 Lima: Foxtrot, sending you 4
2024-10-14 22:40:26.171107 Whiskey: Bravo, Oscar, Charlie, Uniform and Echo, sending you 3
2024-10-14 22:40:26.172481 Oscar: Foxtrot, Lima and Whiskey, sending you 3
2024-10-14 22:40:26.174275 Uniform: Whiskey, sending you 4
2024-10-14 22:40:26.175580 Echo: Charlie and Lima, sending you 2
2024-10-14 22:40:26.176571 Foxtrot: Charlie and Uniform, sending you 2
2024-10-14 22:40:26.177949 Whiskey: Foxtrot, sending you 1
2024-10-14 22:40:26.179551 Oscar: Echo, sending you 1
2024-10-14 22:40:26.181202 Uniform: Echo, sending you 1
2024-10-14 22:40:26.182520 Echo: Foxtrot, sending you 4
2024-10-14 22:40:26.183692 Foxtrot: Lima, sending you 4
2024-10-14 22:40:26.185181 Whiskey: Lima, sending you 2
2024-10-14 22:40:26.190160 Foxtrot: Whiskey, sending you 1
2024-10-14 22:40:26.195658 Foxtrot: Echo, sending you 5
chatterbot Juliett submitting transactions
chatterbot Whiskey submitting transactions
chatterbot Oscar submitting transactions
chatterbot Uniform submitting transactions
chatterbot Quebec submitting transactions
chatterbot Charlie submitting transactions
chatterbot Foxtrot submitting transactions
chatterbot Bravo submitting transactions
chatterbot Lima submitting transactions
chatterbot Echo submitting transactions
ChatterBot Bravo round 14
ChatterBot Oscar round 14
ChatterBot Charlie round 14
ChatterBot Uniform round 14
ChatterBot Foxtrot round 14
ChatterBot Quebec round 14
ChatterBot Juliett round 14
ChatterBot Lima round 14
ChatterBot Whiskey round 14
ChatterBot Echo round 14
2024-10-14 22:40:27.445676 Bravo: Oscar and Uniform, sending you 2
2024-10-14 22:40:27.449691 Bravo: Charlie, sending you 4
2024-10-14 22:40:27.452122 Quebec: Sending you 8
2024-10-14 22:40:27.452473 Whiskey: Bravo, Oscar, Charlie, Uniform and Echo, sending you 3
2024-10-14 22:40:27.454369 Foxtrot: Bravo and Oscar, sending you 3
2024-10-14 22:40:27.455947 Lima: Bravo, Oscar and Charlie, sending you 3
2024-10-14 22:40:27.459391 Bravo: Foxtrot, Lima, Whiskey and Echo, sending you 3
2024-10-14 22:40:27.461955 Whiskey: Foxtrot, sending you 1
2024-10-14 22:40:27.464467 Uniform: Bravo, Oscar, Charlie, Foxtrot and Lima, sending you 2
2024-10-14 22:40:27.467096 Oscar: Bravo, Charlie and Uniform, sending you 2
2024-10-14 22:40:27.469965 Foxtrot: Charlie and Uniform, sending you 2
2024-10-14 22:40:27.472503 Echo: Bravo and Whiskey, sending you 3
2024-10-14 22:40:27.473453 Lima: Uniform, Whiskey and Echo, sending you 2
2024-10-14 22:40:27.476423 Whiskey: Lima, sending you 2
2024-10-14 22:40:27.479498 Charlie: Bravo, sending you 4
2024-10-14 22:40:27.482780 Uniform: Whiskey, sending you 4
2024-10-14 22:40:27.485367 Oscar: Foxtrot, Lima and Whiskey, sending you 3
2024-10-14 22:40:27.487956 Foxtrot: Lima, sending you 4
2024-10-14 22:40:27.489839 Echo: Oscar, sending you 1
2024-10-14 22:40:27.491230 Lima: Foxtrot, sending you 4
2024-10-14 22:40:27.493467 Charlie: Oscar, Uniform, Foxtrot and Echo, sending you 2
2024-10-14 22:40:27.496327 Uniform: Echo, sending you 1
2024-10-14 22:40:27.498580 Oscar: Echo, sending you 1
2024-10-14 22:40:27.500437 Foxtrot: Whiskey, sending you 1
2024-10-14 22:40:27.502832 Echo: Charlie and Lima, sending you 2
2024-10-14 22:40:27.504295 Charlie: Lima and Whiskey, sending you 3
2024-10-14 22:40:27.507696 Foxtrot: Echo, sending you 5
2024-10-14 22:40:27.510331 Echo: Foxtrot, sending you 4
chatterbot Uniform submitting transactions
chatterbot Bravo submitting transactions
chatterbot Juliett submitting transactions
chatterbot Quebec submitting transactions
chatterbot Charlie submitting transactions
chatterbot Lima submitting transactions
chatterbot Whiskey submitting transactions
chatterbot Oscar submitting transactions
chatterbot Foxtrot submitting transactions
chatterbot Echo submitting transactions
ChatterBot Bravo round 15
ChatterBot Oscar round 15
ChatterBot Charlie round 15
ChatterBot Uniform round 15
ChatterBot Foxtrot round 15
ChatterBot Quebec round 15
ChatterBot Juliett round 15
ChatterBot Lima round 15
ChatterBot Whiskey round 15
ChatterBot Echo round 15
2024-10-14 22:40:28.578686 Uniform: Bravo, Oscar, Charlie, Foxtrot and Lima, sending you 2
2024-10-14 22:40:28.580902 Whiskey: Bravo, Oscar, Charlie, Uniform and Echo, sending you 3
2024-10-14 22:40:28.584803 Charlie: Bravo, sending you 4
2024-10-14 22:40:28.587300 Echo: Bravo and Whiskey, sending you 3
2024-10-14 22:40:28.590084 Uniform: Whiskey, sending you 4
2024-10-14 22:40:28.593327 Whiskey: Foxtrot, sending you 1
2024-10-14 22:40:28.595786 Bravo: Oscar and Uniform, sending you 2
2024-10-14 22:40:28.598719 Lima: Bravo, Oscar and Charlie, sending you 3
2024-10-14 22:40:28.601486 Charlie: Oscar, Uniform, Foxtrot and Echo, sending you 2
2024-10-14 22:40:28.603961 Oscar: Bravo, Charlie and Uniform, sending you 2
