ChatterBot Victor round 1
ChatterBot Mike round 1
ChatterBot Uniform round 1
ChatterBot Whiskey round 1
ChatterBot Echo round 1
ChatterBot Zulu round 1
ChatterBot Kilo round 1
ChatterBot Golf round 1
ChatterBot Yankee round 1
ChatterBot Hotel round 1
randomSelections Zulu: {Zulu, Kilo, Victor, Hotel, Mike, Yankee} 
2024-10-14 20:16:35.012634 Zulu: We should group up
ChatterBot Kilo reevaluating
ChatterBot Victor reevaluating
ChatterBot Hotel reevaluating
ChatterBot Mike reevaluating
ChatterBot Yankee reevaluating
2024-10-14 20:16:35.027872 Kilo: Yes
2024-10-14 20:16:35.028064 Victor: Yes
2024-10-14 20:16:35.028934 Hotel: Yes
2024-10-14 20:16:35.029137 Mike: Yes
2024-10-14 20:16:35.029375 Yankee: Yes
ChatterBot Victor reevaluating
ChatterBot Hotel reevaluating
ChatterBot Mike reevaluating
ChatterBot Yankee reevaluating
ChatterBot Kilo reevaluating
ChatterBot Hotel reevaluating
ChatterBot Mike reevaluating
ChatterBot Yankee reevaluating
ChatterBot Kilo reevaluating
ChatterBot Victor reevaluating
ChatterBot Mike reevaluating
ChatterBot Yankee reevaluating
ChatterBot Kilo reevaluating
ChatterBot Victor reevaluating
ChatterBot Hotel reevaluating
ChatterBot Yankee reevaluating
ChatterBot Kilo reevaluating
ChatterBot Victor reevaluating
ChatterBot Hotel reevaluating
ChatterBot Mike reevaluating
randomSelections Whiskey: {Whiskey, Yankee, Zulu, Golf, Uniform, Mike} 
2024-10-14 20:16:35.081992 Whiskey: Friends?
ChatterBot Yankee reevaluating
ChatterBot Golf reevaluating
ChatterBot Uniform reevaluating
ChatterBot Mike reevaluating
2024-10-14 20:16:35.096215 Yankee: No
2024-10-14 20:16:35.096699 Zulu: No
2024-10-14 20:16:35.097465 Golf: Yes
2024-10-14 20:16:35.097731 Uniform: Yes
2024-10-14 20:16:35.098027 Mike: No
ChatterBot Golf reevaluating
ChatterBot Uniform reevaluating
ChatterBot Mike reevaluating
ChatterBot Yankee reevaluating
ChatterBot Golf reevaluating
ChatterBot Uniform reevaluating
ChatterBot Mike reevaluating
ChatterBot Yankee reevaluating
ChatterBot Uniform reevaluating
ChatterBot Mike reevaluating
ChatterBot Yankee reevaluating
ChatterBot Golf reevaluating
ChatterBot Mike reevaluating
ChatterBot Yankee reevaluating
ChatterBot Golf reevaluating
ChatterBot Uniform reevaluating
randomSelections Echo: {Echo, Uniform, Mike, Zulu} 
2024-10-14 20:16:35.157702 Echo: Let's form a team
ChatterBot Uniform reevaluating
ChatterBot Mike reevaluating
2024-10-14 20:16:35.162487 Uniform: No
2024-10-14 20:16:35.162623 Mike: No
2024-10-14 20:16:35.162728 Zulu: No
ChatterBot Mike reevaluating
ChatterBot Uniform reevaluating
ChatterBot Uniform reevaluating
ChatterBot Mike reevaluating
2024-10-14 20:16:35.198866 Victor: Mike and Hotel, sending you 2
2024-10-14 20:16:35.199666 Whiskey: Uniform, sending you 4
2024-10-14 20:16:35.200818 Zulu: Victor, Mike and Yankee, sending you 3
2024-10-14 20:16:35.209857 Victor: Zulu, sending you 3
2024-10-14 20:16:35.210200 Hotel: Mike, sending you 1
2024-10-14 20:16:35.211004 Whiskey: Zulu and Yankee, sending you 2
2024-10-14 20:16:35.211356 Zulu: Kilo, sending you 2
2024-10-14 20:16:35.211718 Yankee: Victor, sending you 4
2024-10-14 20:16:35.212572 Mike: Victor and Zulu, sending you 2
2024-10-14 20:16:35.212947 Victor: Kilo, sending you 1
2024-10-14 20:16:35.213998 Hotel: Zulu, sending you 5
2024-10-14 20:16:35.214675 Kilo: Mike, sending you 3
2024-10-14 20:16:35.215539 Uniform: Mike, sending you 6
2024-10-14 20:16:35.215896 Golf: Mike and Whiskey, sending you 3
2024-10-14 20:16:35.216821 Whiskey: Golf, sending you 3
2024-10-14 20:16:35.217142 Yankee: Mike, Kilo and Hotel, sending you 3
2024-10-14 20:16:35.217511 Victor: Yankee, sending you 4
2024-10-14 20:16:35.218378 Zulu: Hotel, sending you 1
2024-10-14 20:16:35.218806 Mike: Kilo, sending you 1
2024-10-14 20:16:35.219148 Hotel: Kilo, sending you 3
2024-10-14 20:16:35.219916 Kilo: Zulu, sending you 5
2024-10-14 20:16:35.220255 Golf: Uniform and Yankee, sending you 2
2024-10-14 20:16:35.221751 Uniform: Zulu and Golf, sending you 3
2024-10-14 20:16:35.222132 Mike: Yankee, sending you 4
2024-10-14 20:16:35.223010 Golf: Zulu, sending you 1
2024-10-14 20:16:35.226006 Kilo: Yankee, sending you 2
2024-10-14 20:16:35.226359 Mike: Hotel, sending you 3
2024-10-14 20:16:35.226680 Uniform: Yankee, sending you 1
2024-10-14 20:16:35.232167 Kilo: Hotel, sending you 4
chatterbot Whiskey submitting transactions
chatterbot Yankee submitting transactions
chatterbot Hotel submitting transactions
chatterbot Zulu submitting transactions
chatterbot Golf submitting transactions
chatterbot Victor submitting transactions
chatterbot Uniform submitting transactions
chatterbot Echo submitting transactions
chatterbot Mike submitting transactions
chatterbot Kilo submitting transactions
ChatterBot Victor round 2
ChatterBot Mike round 2
ChatterBot Uniform round 2
ChatterBot Whiskey round 2
ChatterBot Echo round 2
ChatterBot Zulu round 2
ChatterBot Kilo round 2
ChatterBot Golf round 2
ChatterBot Yankee round 2
ChatterBot Hotel round 2
2024-10-14 20:16:36.448715 Uniform: Can we be friends?
ChatterBot Whiskey reevaluating
ChatterBot Golf reevaluating
2024-10-14 20:16:36.457101 Whiskey: Yes
2024-10-14 20:16:36.457277 Golf: Yes
ChatterBot Golf reevaluating
ChatterBot Uniform reevaluating
ChatterBot Whiskey reevaluating
2024-10-14 20:16:36.503734 Echo: We should drop Mike and Zulu
ChatterBot Uniform reevaluating
2024-10-14 20:16:36.508392 Uniform: Yes
ChatterBot Echo reevaluating
2024-10-14 20:16:36.512939 Echo: Let's form a team
ChatterBot Uniform reevaluating
ChatterBot Whiskey reevaluating
ChatterBot Golf reevaluating
2024-10-14 20:16:36.525314 Uniform: Yes
2024-10-14 20:16:36.525512 Whiskey: Yes
2024-10-14 20:16:36.525744 Golf: Yes
ChatterBot Echo reevaluating
ChatterBot Whiskey reevaluating
ChatterBot Golf reevaluating
ChatterBot Echo reevaluating
ChatterBot Uniform reevaluating
ChatterBot Golf reevaluating
ChatterBot Echo reevaluating
ChatterBot Uniform reevaluating
ChatterBot Whiskey reevaluating
2024-10-14 20:16:36.564097 Whiskey: Can we be friends?
ChatterBot Echo reevaluating
ChatterBot Uniform reevaluating
ChatterBot Golf reevaluating
2024-10-14 20:16:36.579026 Echo: Yes
2024-10-14 20:16:36.579661 Uniform: Yes
2024-10-14 20:16:36.579887 Golf: Yes
ChatterBot Uniform reevaluating
ChatterBot Whiskey reevaluating
ChatterBot Golf reevaluating
ChatterBot Echo reevaluating
ChatterBot Whiskey reevaluating
ChatterBot Golf reevaluating
ChatterBot Echo reevaluating
ChatterBot Uniform reevaluating
ChatterBot Whiskey reevaluating
2024-10-14 20:16:36.632068 Victor: We should drop Hotel
2024-10-14 20:16:36.652523 Mike: No
2024-10-14 20:16:36.652741 Zulu: No
2024-10-14 20:16:36.653288 Kilo: No
2024-10-14 20:16:36.653441 Yankee: No
ChatterBot Victor reevaluating
ChatterBot Victor reevaluating
ChatterBot Victor reevaluating
ChatterBot Victor reevaluating
2024-10-14 20:16:36.736664 Hotel: We should drop Zulu
ChatterBot Victor reevaluating
2024-10-14 20:16:36.757442 Victor: No
2024-10-14 20:16:36.757633 Mike: No
2024-10-14 20:16:36.757791 Kilo: No
2024-10-14 20:16:36.757934 Yankee: No
ChatterBot Hotel reevaluating
ChatterBot Hotel reevaluating
ChatterBot Victor reevaluating
ChatterBot Hotel reevaluating
ChatterBot Victor reevaluating
ChatterBot Hotel reevaluating
ChatterBot Victor reevaluating
2024-10-14 20:16:36.850963 Kilo: Victor and Mike, sending you 2
2024-10-14 20:16:36.960751 Yankee: Victor, Mike and Zulu, sending you 3
2024-10-14 20:16:36.961604 Zulu: Victor, Mike and Yankee, sending you 2
2024-10-14 20:16:36.961975 Mike: Victor, sending you 2
2024-10-14 20:16:36.962815 Kilo: Zulu, sending you 3
2024-10-14 20:16:37.032517 Yankee: Kilo and Hotel, sending you 2
2024-10-14 20:16:37.032960 Zulu: Kilo and Hotel, sending you 3
2024-10-14 20:16:37.033692 Mike: Zulu, Kilo and Yankee, sending you 3
2024-10-14 20:16:37.033979 Kilo: Yankee and Hotel, sending you 4
2024-10-14 20:16:37.034321 Echo: Uniform and Whiskey, sending you 3
2024-10-14 20:16:37.034539 Whiskey: Golf, sending you 11
2024-10-14 20:16:37.034760 Uniform: Whiskey, sending you 6
2024-10-14 20:16:37.035389 Golf: Uniform and Whiskey, sending you 5
2024-10-14 20:16:37.132101 Echo: Golf, sending you 2
2024-10-14 20:16:37.132519 Hotel: Victor, Mike, Kilo and Yankee, sending you 2
2024-10-14 20:16:37.133446 Mike: Hotel, sending you 1
2024-10-14 20:16:37.133958 Uniform: Echo, sending you 1
2024-10-14 20:16:37.134706 Golf: Echo, sending you 1
2024-10-14 20:16:37.157558 Hotel: Zulu, sending you 1
2024-10-14 20:16:37.157980 Victor: Mike and Zulu, sending you 3
2024-10-14 20:16:37.158254 Uniform: Golf, sending you 5
2024-10-14 20:16:37.188155 Victor: Kilo, sending you 2
chatterbot Mike submitting transactions
chatterbot Whiskey submitting transactions
2024-10-14 20:16:37.241037 Victor: Yankee, sending you 4
chatterbot Golf submitting transactions
chatterbot Kilo submitting transactions
chatterbot Yankee submitting transactions
chatterbot Zulu submitting transactions
chatterbot Victor submitting transactions
chatterbot Uniform submitting transactions
chatterbot Echo submitting transactions
chatterbot Hotel submitting transactions
ChatterBot Victor round 3
ChatterBot Mike round 3
ChatterBot Uniform round 3
ChatterBot Whiskey round 3
ChatterBot Echo round 3
ChatterBot Zulu round 3
ChatterBot Kilo round 3
ChatterBot Golf round 3
ChatterBot Yankee round 3
ChatterBot Hotel round 3
2024-10-14 20:16:37.883488 Hotel: We should drop Victor
2024-10-14 20:16:37.898199 Mike: No
2024-10-14 20:16:37.898471 Zulu: No
2024-10-14 20:16:37.898646 Kilo: No
2024-10-14 20:16:37.899362 Yankee: No
ChatterBot Hotel reevaluating
2024-10-14 20:16:38.027041 Victor: Mike and Zulu, sending you 3
2024-10-14 20:16:38.030901 Hotel: We should drop Zulu
2024-10-14 20:16:38.043446 Victor: No
2024-10-14 20:16:38.044237 Mike: No
2024-10-14 20:16:38.044443 Kilo: No
2024-10-14 20:16:38.044863 Yankee: No
ChatterBot Hotel reevaluating
ChatterBot Hotel reevaluating
ChatterBot Hotel reevaluating
ChatterBot Hotel reevaluating
2024-10-14 20:16:38.105317 Uniform: Whiskey and Echo, sending you 4
2024-10-14 20:16:38.105888 Victor: Kilo, sending you 2
2024-10-14 20:16:38.106965 Whiskey: Uniform, sending you 4
2024-10-14 20:16:38.107393 Mike: Victor, Kilo and Hotel, sending you 2
2024-10-14 20:16:38.107948 Kilo: Victor, sending you 2
2024-10-14 20:16:38.109192 Echo: Uniform and Golf, sending you 3
2024-10-14 20:16:38.109702 Zulu: Victor and Kilo, sending you 3
2024-10-14 20:16:38.111397 Hotel: We should drop Mike
2024-10-14 20:16:38.124976 Victor: No
2024-10-14 20:16:38.125290 Zulu: No
2024-10-14 20:16:38.125576 Kilo: No
2024-10-14 20:16:38.126226 Yankee: No
ChatterBot Hotel reevaluating
ChatterBot Hotel reevaluating
ChatterBot Hotel reevaluating
ChatterBot Hotel reevaluating
2024-10-14 20:16:38.167075 Uniform: Golf, sending you 7
2024-10-14 20:16:38.170951 Victor: Yankee, sending you 4
2024-10-14 20:16:38.173104 Whiskey: Echo, sending you 2
2024-10-14 20:16:38.178565 Mike: Zulu and Yankee, sending you 3
2024-10-14 20:16:38.182103 Kilo: Mike, Yankee and Hotel, sending you 3
2024-10-14 20:16:38.182945 Zulu: Mike, Yankee and Hotel, sending you 2
2024-10-14 20:16:38.184578 Echo: Whiskey, sending you 2
2024-10-14 20:16:38.185127 Golf: Uniform, sending you 4
2024-10-14 20:16:38.186873 Yankee: Victor, Mike, Zulu and Kilo, sending you 3
2024-10-14 20:16:38.187845 Whiskey: Golf, sending you 5
2024-10-14 20:16:38.188969 Kilo: Zulu, sending you 5
2024-10-14 20:16:38.191135 Yankee: Hotel, sending you 1
2024-10-14 20:16:38.192160 Golf: Whiskey, sending you 6
2024-10-14 20:16:38.198675 Golf: Echo, sending you 1
2024-10-14 20:16:38.199081 Hotel: Victor, sending you 1
2024-10-14 20:16:38.204687 Hotel: Mike, Zulu, Kilo and Yankee, sending you 2
chatterbot Kilo submitting transactions
chatterbot Whiskey submitting transactions
chatterbot Zulu submitting transactions
chatterbot Mike submitting transactions
chatterbot Hotel submitting transactions
chatterbot Yankee submitting transactions
chatterbot Golf submitting transactions
chatterbot Uniform submitting transactions
chatterbot Echo submitting transactions
chatterbot Victor submitting transactions
ChatterBot Victor round 4
ChatterBot Mike round 4
ChatterBot Uniform round 4
ChatterBot Whiskey round 4
ChatterBot Echo round 4
ChatterBot Zulu round 4
ChatterBot Kilo round 4
ChatterBot Golf round 4
2024-10-14 20:16:39.188349 Uniform: We should add Hotel
2024-10-14 20:16:39.199547 Echo: No
2024-10-14 20:16:39.199755 Whiskey: No
2024-10-14 20:16:39.199927 Golf: No
ChatterBot Uniform reevaluating
ChatterBot Uniform reevaluating
ChatterBot Uniform reevaluating
ChatterBot Yankee round 4
ChatterBot Hotel round 4
2024-10-14 20:16:39.272770 Mike: Victor, Zulu, Kilo and Hotel, sending you 2
2024-10-14 20:16:39.274967 Victor: Mike and Zulu, sending you 3
2024-10-14 20:16:39.276926 Mike: Yankee, sending you 4
2024-10-14 20:16:39.277931 Hotel: We should drop Victor
2024-10-14 20:16:39.289878 Mike: No
2024-10-14 20:16:39.290049 Zulu: No
2024-10-14 20:16:39.290209 Kilo: No
2024-10-14 20:16:39.290314 Yankee: No
ChatterBot Hotel reevaluating
ChatterBot Hotel reevaluating
ChatterBot Hotel reevaluating
ChatterBot Hotel reevaluating
2024-10-14 20:16:39.326319 Victor: Kilo, sending you 2
2024-10-14 20:16:39.328657 Echo: Uniform and Whiskey, sending you 3
2024-10-14 20:16:39.329980 Victor: Yankee, sending you 4
2024-10-14 20:16:39.330571 Zulu: Victor, Yankee and Hotel, sending you 2
2024-10-14 20:16:39.331055 Kilo: Victor, sending you 2
2024-10-14 20:16:39.331524 Golf: Uniform, sending you 4
2024-10-14 20:16:39.332382 Uniform: Whiskey, sending you 5
2024-10-14 20:16:39.332762 Yankee: Victor, Mike, Zulu and Kilo, sending you 3
2024-10-14 20:16:39.333253 Whiskey: Uniform, sending you 4
2024-10-14 20:16:39.333602 Echo: Golf, sending you 2
2024-10-14 20:16:39.334956 Kilo: Mike and Hotel, sending you 3
2024-10-14 20:16:39.335455 Zulu: Mike and Kilo, sending you 3
2024-10-14 20:16:39.336448 Golf: Whiskey, sending you 5
2024-10-14 20:16:39.336787 Yankee: Hotel, sending you 1
2024-10-14 20:16:39.337240 Whiskey: Echo, sending you 1
2024-10-14 20:16:39.337696 Uniform: Echo, sending you 4
2024-10-14 20:16:39.339660 Kilo: Zulu and Yankee, sending you 4
2024-10-14 20:16:39.340802 Whiskey: Golf, sending you 6
2024-10-14 20:16:39.341151 Golf: Echo, sending you 2
2024-10-14 20:16:39.341492 Uniform: Golf, sending you 7
2024-10-14 20:16:39.358675 Hotel: Mike, Zulu and Yankee, sending you 2
2024-10-14 20:16:39.363659 Hotel: Kilo, sending you 3
chatterbot Echo submitting transactions
chatterbot Victor submitting transactions
chatterbot Whiskey submitting transactions
chatterbot Golf submitting transactions
chatterbot Uniform submitting transactions
chatterbot Mike submitting transactions
chatterbot Yankee submitting transactions
chatterbot Kilo submitting transactions
chatterbot Hotel submitting transactions
chatterbot Zulu submitting transactions
ChatterBot Victor round 5
ChatterBot Mike round 5
ChatterBot Uniform round 5
ChatterBot Whiskey round 5
ChatterBot Echo round 5
ChatterBot Zulu round 5
ChatterBot Kilo round 5
ChatterBot Golf round 5
ChatterBot Yankee round 5
ChatterBot Hotel round 5
2024-10-14 20:16:40.523657 Hotel: We should replace Mike with Victor
2024-10-14 20:16:40.529842 Zulu: No
2024-10-14 20:16:40.530524 Kilo: No
2024-10-14 20:16:40.530656 Yankee: No
ChatterBot Hotel reevaluating
ChatterBot Hotel reevaluating
ChatterBot Hotel reevaluating
2024-10-14 20:16:40.553460 Hotel: We should replace Yankee with Victor
2024-10-14 20:16:40.559395 Mike: No
2024-10-14 20:16:40.559526 Zulu: No
2024-10-14 20:16:40.559630 Kilo: No
ChatterBot Hotel reevaluating
ChatterBot Hotel reevaluating
ChatterBot Hotel reevaluating
2024-10-14 20:16:40.579143 Echo: Uniform and Golf, sending you 3
2024-10-14 20:16:40.579554 Victor: Sending you each 3
2024-10-14 20:16:40.581888 Whiskey: Uniform, sending you 4
2024-10-14 20:16:40.582685 Yankee: Victor, Mike and Kilo, sending you 3
2024-10-14 20:16:40.583312 Uniform: Whiskey, sending you 5
2024-10-14 20:16:40.583660 Echo: Whiskey, sending you 2
2024-10-14 20:16:40.584444 Zulu: Victor and Kilo, sending you 3
2024-10-14 20:16:40.584933 Kilo: Victor, sending you 2
2024-10-14 20:16:40.585363 Golf: Uniform, sending you 4
2024-10-14 20:16:40.585611 Mike: Victor, Kilo and Hotel, sending you 2
2024-10-14 20:16:40.586030 Whiskey: Echo, sending you 2
2024-10-14 20:16:40.586686 Yankee: Zulu and Hotel, sending you 2
2024-10-14 20:16:40.587673 Uniform: Echo, sending you 4
2024-10-14 20:16:40.588 Kilo: Mike and Hotel, sending you 3
2024-10-14 20:16:40.588435 Golf: Whiskey, sending you 5
2024-10-14 20:16:40.589126 Zulu: Mike, Yankee and Hotel, sending you 2
2024-10-14 20:16:40.589675 Mike: Zulu and Yankee, sending you 3
2024-10-14 20:16:40.590062 Whiskey: Golf, sending you 5
2024-10-14 20:16:40.591663 Golf: Echo, sending you 2
2024-10-14 20:16:40.592675 Uniform: Golf, sending you 7
2024-10-14 20:16:40.593030 Kilo: Zulu and Yankee, sending you 4
2024-10-14 20:16:40.598689 Hotel: Mike, Zulu and Yankee, sending you 2
2024-10-14 20:16:40.601678 Hotel: Kilo, sending you 3
chatterbot Golf submitting transactions
chatterbot Zulu submitting transactions
chatterbot Yankee submitting transactions
chatterbot Hotel submitting transactions
chatterbot Echo submitting transactions
chatterbot Kilo submitting transactions
chatterbot Mike submitting transactions
chatterbot Whiskey submitting transactions
chatterbot Uniform submitting transactions
chatterbot Victor submitting transactions
ChatterBot Victor round 6
ChatterBot Mike round 6
ChatterBot Uniform round 6
ChatterBot Whiskey round 6
ChatterBot Echo round 6
ChatterBot Zulu round 6
ChatterBot Kilo round 6
ChatterBot Golf round 6
ChatterBot Yankee round 6
ChatterBot Hotel round 6
2024-10-14 20:16:41.328779 Uniform: We should add Kilo
2024-10-14 20:16:41.334841 Echo: No
2024-10-14 20:16:41.335308 Whiskey: No
2024-10-14 20:16:41.335439 Golf: No
ChatterBot Uniform reevaluating
ChatterBot Uniform reevaluating
ChatterBot Uniform reevaluating
2024-10-14 20:16:41.387680 Mike: Victor, Zulu, Kilo and Hotel, sending you 2
2024-10-14 20:16:41.392739 Mike: Yankee, sending you 4
2024-10-14 20:16:41.396725 Yankee: Victor, Mike and Kilo, sending you 3
2024-10-14 20:16:41.398222 Golf: Uniform, sending you 4
2024-10-14 20:16:41.400099 Whiskey: Uniform, sending you 4
2024-10-14 20:16:41.401712 Yankee: Zulu and Hotel, sending you 2
2024-10-14 20:16:41.403173 Echo: Uniform and Golf, sending you 3
2024-10-14 20:16:41.403647 Golf: Whiskey, sending you 5
2024-10-14 20:16:41.404050 Zulu: Victor, Yankee and Hotel, sending you 2
2024-10-14 20:16:41.405341 Uniform: Whiskey, sending you 5
2024-10-14 20:16:41.405793 Whiskey: Echo, sending you 2
2024-10-14 20:16:41.406691 Hotel: Mike, Zulu and Yankee, sending you 2
2024-10-14 20:16:41.407115 Golf: Echo, sending you 2
2024-10-14 20:16:41.408464 Echo: Whiskey, sending you 2
2024-10-14 20:16:41.408879 Zulu: Mike and Kilo, sending you 3
2024-10-14 20:16:41.409561 Victor: Same as last round
2024-10-14 20:16:41.410045 Kilo: Victor, sending you 2
2024-10-14 20:16:41.411452 Uniform: Echo, sending you 4
2024-10-14 20:16:41.411872 Whiskey: Golf, sending you 5
2024-10-14 20:16:41.412256 Hotel: Kilo, sending you 3
2024-10-14 20:16:41.415663 Kilo: Mike and Hotel, sending you 3
2024-10-14 20:16:41.416565 Uniform: Golf, sending you 7
2024-10-14 20:16:41.420377 Kilo: Zulu and Yankee, sending you 4
chatterbot Hotel submitting transactions
chatterbot Victor submitting transactions
chatterbot Zulu submitting transactions
chatterbot Whiskey submitting transactions
chatterbot Kilo submitting transactions
chatterbot Mike submitting transactions
chatterbot Yankee submitting transactions
chatterbot Echo submitting transactions
chatterbot Golf submitting transactions
chatterbot Uniform submitting transactions
ChatterBot Victor round 7
ChatterBot Mike round 7
ChatterBot Uniform round 7
ChatterBot Whiskey round 7
ChatterBot Echo round 7
ChatterBot Zulu round 7
ChatterBot Kilo round 7
ChatterBot Golf round 7
ChatterBot Yankee round 7
ChatterBot Hotel round 7
2024-10-14 20:16:42.457195 Hotel: We should replace Yankee with Victor
ChatterBot Zulu reevaluating
2024-10-14 20:16:42.464108 Mike: No
2024-10-14 20:16:42.464281 Zulu: No
2024-10-14 20:16:42.464417 Kilo: No
ChatterBot Hotel reevaluating
ChatterBot Zulu reevaluating
ChatterBot Hotel reevaluating
ChatterBot Hotel reevaluating
ChatterBot Zulu reevaluating
2024-10-14 20:16:42.490669 Uniform: Whiskey and Golf, sending you 6
2024-10-14 20:16:42.492045 Mike: Victor, Kilo and Hotel, sending you 2
2024-10-14 20:16:42.493685 Uniform: Echo, sending you 4
2024-10-14 20:16:42.496678 Mike: Zulu and Yankee, sending you 3
2024-10-14 20:16:42.498716 Echo: Uniform and Golf, sending you 3
2024-10-14 20:16:42.499658 Kilo: Victor and Hotel, sending you 3
2024-10-14 20:16:42.502665 Zulu: Victor and Kilo, sending you 3
2024-10-14 20:16:42.503166 Yankee: Victor, Mike and Kilo, sending you 3
2024-10-14 20:16:42.503645 Echo: Whiskey, sending you 2
2024-10-14 20:16:42.504699 Kilo: Mike, sending you 2
2024-10-14 20:16:42.507802 Zulu: Mike, Yankee and Hotel, sending you 2
2024-10-14 20:16:42.508523 Yankee: Zulu and Hotel, sending you 2
2024-10-14 20:16:42.509248 Kilo: Zulu and Yankee, sending you 4
2024-10-14 20:16:42.510004 Victor: Same as last round
2024-10-14 20:16:42.510688 Whiskey: Uniform, sending you 4
2024-10-14 20:16:42.513871 Whiskey: Echo, sending you 2
2024-10-14 20:16:42.515672 Golf: Uniform, sending you 4
2024-10-14 20:16:42.516973 Whiskey: Golf, sending you 5
2024-10-14 20:16:42.519796 Golf: Whiskey, sending you 5
2024-10-14 20:16:42.520167 Hotel: Mike, Zulu and Yankee, sending you 2
2024-10-14 20:16:42.524970 Golf: Echo, sending you 2
2024-10-14 20:16:42.525388 Hotel: Kilo, sending you 3
chatterbot Whiskey submitting transactions
chatterbot Kilo submitting transactions
chatterbot Zulu submitting transactions
chatterbot Golf submitting transactions
chatterbot Hotel submitting transactions
chatterbot Uniform submitting transactions
chatterbot Mike submitting transactions
chatterbot Yankee submitting transactions
chatterbot Echo submitting transactions
chatterbot Victor submitting transactions
ChatterBot Victor round 8
ChatterBot Mike round 8
ChatterBot Uniform round 8
ChatterBot Whiskey round 8
ChatterBot Echo round 8
ChatterBot Zulu round 8
ChatterBot Kilo round 8
ChatterBot Golf round 8
ChatterBot Yankee round 8
ChatterBot Hotel round 8
2024-10-14 20:16:43.537692 Whiskey: Uniform, sending you 4
2024-10-14 20:16:43.539672 Echo: Uniform and Golf, sending you 3
2024-10-14 20:16:43.540677 Whiskey: Echo, sending you 2
2024-10-14 20:16:43.541669 Victor: Same as last round
2024-10-14 20:16:43.542116 Uniform: Whiskey and Golf, sending you 6
2024-10-14 20:16:43.543653 Mike: Victor, Zulu, Kilo and Hotel, sending you 2
2024-10-14 20:16:43.544275 Whiskey: Golf, sending you 5
2024-10-14 20:16:43.545661 Echo: Whiskey, sending you 2
2024-10-14 20:16:43.546041 Uniform: Echo, sending you 4
2024-10-14 20:16:43.546915 Mike: Yankee, sending you 4
2024-10-14 20:16:43.547661 Golf: Uniform, sending you 4
2024-10-14 20:16:43.548679 Zulu: Victor, Yankee and Hotel, sending you 2
2024-10-14 20:16:43.549671 Kilo: Victor and Hotel, sending you 3
2024-10-14 20:16:43.551656 Golf: Whiskey, sending you 5
2024-10-14 20:16:43.552676 Zulu: Mike and Kilo, sending you 3
2024-10-14 20:16:43.553210 Kilo: Mike, sending you 2
2024-10-14 20:16:43.553670 Yankee: Victor, Mike and Kilo, sending you 3
2024-10-14 20:16:43.554698 Golf: Echo, sending you 2
2024-10-14 20:16:43.555662 Hotel: Mike, Zulu and Yankee, sending you 2
2024-10-14 20:16:43.558673 Kilo: Zulu and Yankee, sending you 4
2024-10-14 20:16:43.559223 Yankee: Zulu and Hotel, sending you 2
2024-10-14 20:16:43.559855 Hotel: Kilo, sending you 3
chatterbot Hotel submitting transactions
chatterbot Mike submitting transactions
chatterbot Whiskey submitting transactions
chatterbot Victor submitting transactions
chatterbot Kilo submitting transactions
chatterbot Uniform submitting transactions
chatterbot Golf submitting transactions
chatterbot Zulu submitting transactions
chatterbot Yankee submitting transactions
chatterbot Echo submitting transactions
ChatterBot Victor round 9
ChatterBot Mike round 9
ChatterBot Uniform round 9
ChatterBot Whiskey round 9
ChatterBot Echo round 9
ChatterBot Zulu round 9
ChatterBot Kilo round 9
ChatterBot Golf round 9
ChatterBot Yankee round 9
ChatterBot Hotel round 9
2024-10-14 20:16:44.784774 Hotel: We should replace Zulu with Victor
2024-10-14 20:16:44.791069 Mike: No
2024-10-14 20:16:44.791219 Kilo: No
2024-10-14 20:16:44.791339 Yankee: No
ChatterBot Hotel reevaluating
ChatterBot Hotel reevaluating
ChatterBot Hotel reevaluating
2024-10-14 20:16:44.811661 Mike: Victor, Kilo and Hotel, sending you 2
2024-10-14 20:16:44.812354 Whiskey: Uniform, sending you 4
2024-10-14 20:16:44.813711 Zulu: Sending you each 3
2024-10-14 20:16:44.816819 Mike: Zulu and Yankee, sending you 3
2024-10-14 20:16:44.817620 Whiskey: Echo, sending you 2
2024-10-14 20:16:44.820684 Victor: Same as last round
2024-10-14 20:16:44.821668 Uniform: Whiskey and Golf, sending you 6
2024-10-14 20:16:44.822232 Whiskey: Golf, sending you 5
2024-10-14 20:16:44.822998 Kilo: Victor and Hotel, sending you 3
2024-10-14 20:16:44.824673 Echo: Uniform and Golf, sending you 3
2024-10-14 20:16:44.825692 Hotel: Mike, Zulu and Yankee, sending you 2
2024-10-14 20:16:44.826278 Kilo: Mike, sending you 2
2024-10-14 20:16:44.826810 Golf: Uniform, sending you 4
2024-10-14 20:16:44.827187 Uniform: Echo, sending you 4
2024-10-14 20:16:44.828665 Echo: Whiskey, sending you 2
2024-10-14 20:16:44.829687 Hotel: Kilo, sending you 3
2024-10-14 20:16:44.830141 Kilo: Zulu and Yankee, sending you 4
2024-10-14 20:16:44.830853 Golf: Whiskey, sending you 5
2024-10-14 20:16:44.833667 Golf: Echo, sending you 2
2024-10-14 20:16:44.841647 Yankee: Victor, Mike and Kilo, sending you 3
2024-10-14 20:16:44.845662 Yankee: Zulu and Hotel, sending you 2
chatterbot Kilo submitting transactions
chatterbot Echo submitting transactions
chatterbot Yankee submitting transactions
chatterbot Golf submitting transactions
chatterbot Zulu submitting transactions
chatterbot Whiskey submitting transactions
chatterbot Hotel submitting transactions
chatterbot Victor submitting transactions
chatterbot Mike submitting transactions
chatterbot Uniform submitting transactions
ChatterBot Victor round 10
ChatterBot Mike round 10
ChatterBot Uniform round 10
ChatterBot Whiskey round 10
ChatterBot Echo round 10
ChatterBot Zulu round 10
ChatterBot Kilo round 10
ChatterBot Golf round 10
ChatterBot Yankee round 10
ChatterBot Hotel round 10
2024-10-14 20:16:45.911247 Hotel: We should replace Zulu with Victor
2024-10-14 20:16:45.923061 Mike: No
2024-10-14 20:16:45.923312 Kilo: No
2024-10-14 20:16:45.923468 Yankee: No
ChatterBot Hotel reevaluating
ChatterBot Hotel reevaluating
ChatterBot Hotel reevaluating
2024-10-14 20:16:45.966190 Victor: Same as last round
2024-10-14 20:16:45.966945 Mike: Victor, Kilo and Hotel, sending you 2
2024-10-14 20:16:45.968291 Whiskey: Uniform, sending you 4
2024-10-14 20:16:45.968853 Uniform: Whiskey and Golf, sending you 6
2024-10-14 20:16:45.969819 Echo: Uniform and Golf, sending you 3
2024-10-14 20:16:45.970684 Mike: Zulu and Yankee, sending you 3
2024-10-14 20:16:45.971848 Whiskey: Echo, sending you 2
2024-10-14 20:16:45.973114 Uniform: Echo, sending you 4
2024-10-14 20:16:45.973883 Echo: Whiskey, sending you 2
2024-10-14 20:16:45.975441 Yankee: Victor, Mike, Zulu and Kilo, sending you 3
2024-10-14 20:16:45.976081 Whiskey: Golf, sending you 5
2024-10-14 20:16:45.977915 Zulu: Same as last round
2024-10-14 20:16:45.979243 Kilo: Victor and Hotel, sending you 3
2024-10-14 20:16:45.981327 Hotel: Mike, Zulu and Yankee, sending you 2
2024-10-14 20:16:45.981887 Yankee: Hotel, sending you 1
2024-10-14 20:16:45.982522 Golf: Uniform, sending you 4
2024-10-14 20:16:45.984678 Kilo: Mike, sending you 2
2024-10-14 20:16:45.985994 Hotel: Kilo, sending you 3
2024-10-14 20:16:45.986746 Golf: Whiskey, sending you 5
2024-10-14 20:16:45.989670 Golf: Echo, sending you 2
2024-10-14 20:16:45.991130 Kilo: Zulu and Yankee, sending you 4
chatterbot Kilo submitting transactions
chatterbot Golf submitting transactions
chatterbot Zulu submitting transactions
chatterbot Yankee submitting transactions
chatterbot Echo submitting transactions
chatterbot Victor submitting transactions
chatterbot Whiskey submitting transactions
chatterbot Uniform submitting transactions
chatterbot Mike submitting transactions
chatterbot Hotel submitting transactions
ChatterBot Victor round 11
ChatterBot Mike round 11
ChatterBot Uniform round 11
ChatterBot Whiskey round 11
ChatterBot Echo round 11
ChatterBot Zulu round 11
ChatterBot Kilo round 11
ChatterBot Golf round 11
ChatterBot Yankee round 11
ChatterBot Hotel round 11
2024-10-14 20:16:47.151687 Echo: Uniform and Golf, sending you 3
2024-10-14 20:16:47.156051 Echo: Whiskey, sending you 2
2024-10-14 20:16:47.156750 Mike: Victor, Kilo and Hotel, sending you 2
2024-10-14 20:16:47.158287 Zulu: Same as last round
2024-10-14 20:16:47.158958 Kilo: Victor and Hotel, sending you 3
2024-10-14 20:16:47.159902 Victor: Same as last round
2024-10-14 20:16:47.161697 Uniform: Whiskey and Golf, sending you 6
2024-10-14 20:16:47.162662 Mike: Zulu and Yankee, sending you 3
2024-10-14 20:16:47.164658 Kilo: Mike, sending you 2
2024-10-14 20:16:47.165681 Whiskey: Uniform, sending you 4
2024-10-14 20:16:47.167206 Golf: Uniform, sending you 4
2024-10-14 20:16:47.167923 Uniform: Echo, sending you 4
2024-10-14 20:16:47.168699 Hotel: Mike, Zulu and Yankee, sending you 2
2024-10-14 20:16:47.169897 Kilo: Zulu and Yankee, sending you 4
2024-10-14 20:16:47.170835 Whiskey: Echo, sending you 2
2024-10-14 20:16:47.171833 Yankee: Victor, Mike, Zulu and Kilo, sending you 3
2024-10-14 20:16:47.172728 Golf: Whiskey, sending you 5
2024-10-14 20:16:47.174706 Hotel: Kilo, sending you 3
2024-10-14 20:16:47.175998 Whiskey: Golf, sending you 5
2024-10-14 20:16:47.176601 Golf: Echo, sending you 2
2024-10-14 20:16:47.177853 Yankee: Hotel, sending you 1
chatterbot Hotel submitting transactions
chatterbot Golf submitting transactions
chatterbot Mike submitting transactions
chatterbot Echo submitting transactions
chatterbot Yankee submitting transactions
chatterbot Whiskey submitting transactions
chatterbot Uniform submitting transactions
chatterbot Victor submitting transactions
chatterbot Zulu submitting transactions
chatterbot Kilo submitting transactions
ChatterBot Victor round 12
ChatterBot Mike round 12
ChatterBot Uniform round 12
ChatterBot Whiskey round 12
ChatterBot Echo round 12
ChatterBot Zulu round 12
ChatterBot Kilo round 12
ChatterBot Golf round 12
ChatterBot Yankee round 12
ChatterBot Hotel round 12
2024-10-14 20:16:48.451684 Mike: Victor, Kilo and Hotel, sending you 2
2024-10-14 20:16:48.452767 Uniform: Whiskey and Golf, sending you 6
2024-10-14 20:16:48.455703 Victor: Same as last round
2024-10-14 20:16:48.457083 Mike: Zulu and Yankee, sending you 3
2024-10-14 20:16:48.458143 Uniform: Echo, sending you 4
2024-10-14 20:16:48.459359 Hotel: Mike, Zulu and Yankee, sending you 2
2024-10-14 20:16:48.460876 Kilo: Victor and Hotel, sending you 3
2024-10-14 20:16:48.461658 Echo: Uniform and Golf, sending you 3
2024-10-14 20:16:48.462661 Hotel: Kilo, sending you 3
2024-10-14 20:16:48.463698 Kilo: Mike, sending you 2
2024-10-14 20:16:48.465652 Whiskey: Uniform, sending you 4
2024-10-14 20:16:48.466559 Echo: Whiskey, sending you 2
2024-10-14 20:16:48.467099 Zulu: Same as last round
2024-10-14 20:16:48.467658 Golf: Uniform, sending you 4
2024-10-14 20:16:48.468428 Kilo: Zulu and Yankee, sending you 4
2024-10-14 20:16:48.469018 Yankee: Victor, Mike, Zulu and Kilo, sending you 3
2024-10-14 20:16:48.470157 Whiskey: Echo, sending you 2
2024-10-14 20:16:48.471644 Golf: Whiskey, sending you 5
2024-10-14 20:16:48.472665 Whiskey: Golf, sending you 5
2024-10-14 20:16:48.473944 Yankee: Hotel, sending you 1
2024-10-14 20:16:48.475659 Golf: Echo, sending you 2
chatterbot Echo submitting transactions
chatterbot Kilo submitting transactions
chatterbot Yankee submitting transactions
chatterbot Golf submitting transactions
chatterbot Hotel submitting transactions
chatterbot Uniform submitting transactions
chatterbot Whiskey submitting transactions
chatterbot Mike submitting transactions
chatterbot Victor submitting transactions
chatterbot Zulu submitting transactions
ChatterBot Victor round 13
ChatterBot Mike round 13
ChatterBot Uniform round 13
ChatterBot Whiskey round 13
ChatterBot Echo round 13
ChatterBot Zulu round 13
ChatterBot Kilo round 13
ChatterBot Golf round 13
ChatterBot Yankee round 13
ChatterBot Hotel round 13
2024-10-14 20:16:49.739504 Hotel: We should replace Zulu with Victor
ChatterBot Mike reevaluating
2024-10-14 20:16:49.748063 Mike: No
2024-10-14 20:16:49.748261 Kilo: No
2024-10-14 20:16:49.748416 Yankee: No
ChatterBot Hotel reevaluating
ChatterBot Hotel reevaluating
ChatterBot Mike reevaluating
ChatterBot Hotel reevaluating
ChatterBot Mike reevaluating
2024-10-14 20:16:49.778680 Victor: Same as last round
2024-10-14 20:16:49.783685 Zulu: Same as last round
2024-10-14 20:16:49.784674 Uniform: Whiskey and Golf, sending you 6
2024-10-14 20:16:49.785712 Kilo: Victor and Hotel, sending you 3
2024-10-14 20:16:49.787704 Golf: Uniform, sending you 4
2024-10-14 20:16:49.788636 Whiskey: Uniform, sending you 4
2024-10-14 20:16:49.789140 Echo: Uniform and Golf, sending you 3
2024-10-14 20:16:49.789660 Uniform: Echo, sending you 4
2024-10-14 20:16:49.790220 Mike: Victor and Zulu, sending you 3
2024-10-14 20:16:49.790767 Kilo: Mike, sending you 2
2024-10-14 20:16:49.792683 Yankee: Victor, Mike, Zulu and Kilo, sending you 3
2024-10-14 20:16:49.793878 Hotel: Mike, Zulu and Yankee, sending you 2
2024-10-14 20:16:49.794193 Whiskey: Echo, sending you 2
2024-10-14 20:16:49.794594 Golf: Whiskey, sending you 5
2024-10-14 20:16:49.794936 Echo: Whiskey, sending you 2
2024-10-14 20:16:49.795279 Kilo: Zulu and Yankee, sending you 4
2024-10-14 20:16:49.795776 Mike: Kilo, sending you 2
2024-10-14 20:16:49.796688 Yankee: Hotel, sending you 1
2024-10-14 20:16:49.797469 Hotel: Kilo, sending you 3
2024-10-14 20:16:49.798670 Whiskey: Golf, sending you 5
2024-10-14 20:16:49.799302 Mike: Yankee, sending you 4
2024-10-14 20:16:49.799992 Golf: Echo, sending you 2
chatterbot Kilo submitting transactions
chatterbot Yankee submitting transactions
chatterbot Mike submitting transactions
chatterbot Whiskey submitting transactions
chatterbot Zulu submitting transactions
chatterbot Echo submitting transactions
chatterbot Victor submitting transactions
chatterbot Golf submitting transactions
chatterbot Hotel submitting transactions
chatterbot Uniform submitting transactions
ChatterBot Victor round 14
ChatterBot Mike round 14
ChatterBot Uniform round 14
ChatterBot Whiskey round 14
ChatterBot Echo round 14
ChatterBot Zulu round 14
ChatterBot Kilo round 14
ChatterBot Golf round 14
ChatterBot Yankee round 14
ChatterBot Hotel round 14
2024-10-14 20:16:50.826687 Whiskey: Uniform, sending you 4
2024-10-14 20:16:50.829745 Uniform: Whiskey and Golf, sending you 6
2024-10-14 20:16:50.830686 Whiskey: Echo, sending you 2
2024-10-14 20:16:50.833667 Uniform: Echo, sending you 4
2024-10-14 20:16:50.835722 Whiskey: Golf, sending you 5
2024-10-14 20:16:50.837678 Kilo: Victor and Hotel, sending you 3
2024-10-14 20:16:50.839413 Hotel: Mike, Zulu and Yankee, sending you 2
2024-10-14 20:16:50.839911 Mike: Victor and Zulu, sending you 3
2024-10-14 20:16:50.840383 Victor: Same as last round
2024-10-14 20:16:50.840922 Zulu: Same as last round
2024-10-14 20:16:50.842003 Golf: Uniform, sending you 4
2024-10-14 20:16:50.842750 Echo: Uniform and Golf, sending you 3
2024-10-14 20:16:50.843727 Yankee: Victor, Mike and Zulu, sending you 3
2024-10-14 20:16:50.844339 Kilo: Mike, sending you 2
2024-10-14 20:16:50.845126 Hotel: Kilo, sending you 3
2024-10-14 20:16:50.846007 Mike: Kilo, sending you 2
2024-10-14 20:16:50.846714 Yankee: Kilo, sending you 4
2024-10-14 20:16:50.847994 Golf: Whiskey, sending you 5
2024-10-14 20:16:50.848683 Echo: Whiskey, sending you 2
2024-10-14 20:16:50.849418 Kilo: Zulu and Yankee, sending you 4
2024-10-14 20:16:50.850831 Mike: Yankee, sending you 4
2024-10-14 20:16:50.852729 Golf: Echo, sending you 2
chatterbot Golf submitting transactions
chatterbot Yankee submitting transactions
chatterbot Mike submitting transactions
chatterbot Kilo submitting transactions
chatterbot Echo submitting transactions
chatterbot Uniform submitting transactions
chatterbot Victor submitting transactions
chatterbot Whiskey submitting transactions
chatterbot Zulu submitting transactions
chatterbot Hotel submitting transactions
ChatterBot Victor round 15
ChatterBot Mike round 15
ChatterBot Uniform round 15
ChatterBot Whiskey round 15
ChatterBot Echo round 15
ChatterBot Zulu round 15
ChatterBot Kilo round 15
ChatterBot Golf round 15
ChatterBot Yankee round 15
ChatterBot Hotel round 15
2024-10-14 20:16:52.039034 Yankee: We should add Hotel
2024-10-14 20:16:52.048858 Victor: No
2024-10-14 20:16:52.049077 Mike: No
2024-10-14 20:16:52.049711 Zulu: No
2024-10-14 20:16:52.049835 Kilo: Yes
ChatterBot Mike reevaluating
ChatterBot Yankee reevaluating
ChatterBot Yankee reevaluating
ChatterBot Mike reevaluating
ChatterBot Yankee reevaluating
ChatterBot Mike reevaluating
ChatterBot Yankee reevaluating
2024-10-14 20:16:52.108428 Kilo: Victor and Hotel, sending you 3
2024-10-14 20:16:52.110334 Golf: Uniform, sending you 4
2024-10-14 20:16:52.112299 Uniform: Whiskey and Golf, sending you 6
2024-10-14 20:16:52.114218 Kilo: Mike, sending you 2
2024-10-14 20:16:52.116637 Mike: Victor and Zulu, sending you 3
2024-10-14 20:16:52.117750 Golf: Whiskey, sending you 5
2024-10-14 20:16:52.119133 Victor: Same as last round
2024-10-14 20:16:52.119933 Zulu: Same as last round
2024-10-14 20:16:52.121474 Echo: Uniform and Golf, sending you 3
2024-10-14 20:16:52.122022 Uniform: Echo, sending you 4
2024-10-14 20:16:52.123072 Kilo: Zulu and Yankee, sending you 4
2024-10-14 20:16:52.124097 Whiskey: Uniform, sending you 4
2024-10-14 20:16:52.125165 Golf: Echo, sending you 2
2024-10-14 20:16:52.126174 Mike: Kilo, sending you 2
2024-10-14 20:16:52.127975 Yankee: Victor, Zulu and Kilo, sending you 3
2024-10-14 20:16:52.129901 Echo: Whiskey, sending you 2
2024-10-14 20:16:52.131053 Hotel: Mike, Zulu and Yankee, sending you 2
2024-10-14 20:16:52.133175 Whiskey: Echo, sending you 2
2024-10-14 20:16:52.134848 Mike: Yankee, sending you 4
2024-10-14 20:16:52.136813 Yankee: Mike, sending you 4
2024-10-14 20:16:52.138386 Hotel: Kilo, sending you 3
2024-10-14 20:16:52.140324 Whiskey: Golf, sending you 5
chatterbot Golf submitting transactions
chatterbot Echo submitting transactions
chatterbot Hotel submitting transactions
chatterbot Yankee submitting transactions
chatterbot Victor submitting transactions
chatterbot Uniform submitting transactions
chatterbot Whiskey submitting transactions
chatterbot Zulu submitting transactions
chatterbot Kilo submitting transactions
chatterbot Mike submitting transactions
ChatterBot Victor round 16
ChatterBot Mike round 16
ChatterBot Uniform round 16
ChatterBot Whiskey round 16
ChatterBot Echo round 16
ChatterBot Zulu round 16
ChatterBot Kilo round 16
ChatterBot Golf round 16
ChatterBot Yankee round 16
ChatterBot Hotel round 16
2024-10-14 20:16:53.169218 Hotel: We should replace Zulu with Victor
2024-10-14 20:16:53.179681 Mike: No
2024-10-14 20:16:53.179908 Kilo: No
2024-10-14 20:16:53.180100 Yankee: No
ChatterBot Hotel reevaluating
ChatterBot Hotel reevaluating
ChatterBot Hotel reevaluating
2024-10-14 20:16:53.216688 Uniform: Whiskey and Golf, sending you 6
2024-10-14 20:16:53.218904 Hotel: Victor we want you to join our group
2024-10-14 20:16:53.221549 Victor: No
ChatterBot Hotel reevaluating
2024-10-14 20:16:53.239849 Uniform: Echo, sending you 4
2024-10-14 20:16:53.242786 Echo: Uniform and Golf, sending you 3
2024-10-14 20:16:53.243988 Whiskey: Uniform, sending you 4
