ChatterBot Charlie round 1
ChatterBot Delta round 1
randomSelections Charlie: {Charlie, Hotel, India, Uniform, Lima, Delta, Tango, Romeo} 
2024-10-14 20:16:34.350747 Charlie: We would work well together
ChatterBot Delta reevaluating
2024-10-14 20:16:34.356664 Delta: Yes
ChatterBot Victor round 1
ChatterBot Romeo round 1
ChatterBot Romeo reevaluating
ChatterBot Romeo reevaluating
2024-10-14 20:16:34.375999 Romeo: Yes
ChatterBot Delta reevaluating
ChatterBot India round 1
ChatterBot India reevaluating
ChatterBot India reevaluating
ChatterBot India reevaluating
2024-10-14 20:16:34.403242 India: Yes
ChatterBot Delta reevaluating
ChatterBot Romeo reevaluating
ChatterBot Hotel round 1
ChatterBot Hotel reevaluating
ChatterBot Hotel reevaluating
ChatterBot Hotel reevaluating
ChatterBot Hotel reevaluating
2024-10-14 20:16:34.438066 Hotel: Yes
ChatterBot India reevaluating
ChatterBot Delta reevaluating
ChatterBot Romeo reevaluating
ChatterBot Lima round 1
ChatterBot Lima reevaluating
ChatterBot Lima reevaluating
ChatterBot Lima reevaluating
ChatterBot Lima reevaluating
ChatterBot Lima reevaluating
2024-10-14 20:16:34.534179 Lima: Yes
ChatterBot Hotel reevaluating
ChatterBot India reevaluating
ChatterBot Delta reevaluating
ChatterBot Romeo reevaluating
ChatterBot Tango round 1
ChatterBot Tango reevaluating
ChatterBot Tango reevaluating
ChatterBot Tango reevaluating
ChatterBot Tango reevaluating
ChatterBot Tango reevaluating
ChatterBot Tango reevaluating
2024-10-14 20:16:34.566448 Tango: Yes
ChatterBot Hotel reevaluating
ChatterBot India reevaluating
ChatterBot Lima reevaluating
ChatterBot Delta reevaluating
ChatterBot Romeo reevaluating
ChatterBot Papa round 1
ChatterBot Uniform round 1
ChatterBot Uniform reevaluating
ChatterBot Uniform reevaluating
ChatterBot Uniform reevaluating
ChatterBot Uniform reevaluating
ChatterBot Uniform reevaluating
ChatterBot Uniform reevaluating
ChatterBot Uniform reevaluating
2024-10-14 20:16:34.596827 Uniform: Yes
ChatterBot Hotel reevaluating
ChatterBot India reevaluating
ChatterBot Lima reevaluating
ChatterBot Delta reevaluating
ChatterBot Tango reevaluating
ChatterBot Romeo reevaluating
randomSelections Victor: {Victor, Lima, Charlie, Hotel, Tango, Romeo} 
2024-10-14 20:16:34.612855 Victor: Friends?
ChatterBot Lima reevaluating
ChatterBot Hotel reevaluating
ChatterBot Tango reevaluating
ChatterBot Romeo reevaluating
2024-10-14 20:16:34.620748 Lima: No
2024-10-14 20:16:34.621348 Charlie: No
2024-10-14 20:16:34.621559 Hotel: No
2024-10-14 20:16:34.621756 Tango: No
2024-10-14 20:16:34.622070 Romeo: No
ChatterBot Hotel reevaluating
ChatterBot Tango reevaluating
ChatterBot Romeo reevaluating
ChatterBot Lima reevaluating
ChatterBot Hotel reevaluating
ChatterBot Tango reevaluating
ChatterBot Romeo reevaluating
ChatterBot Lima reevaluating
ChatterBot Tango reevaluating
ChatterBot Romeo reevaluating
ChatterBot Lima reevaluating
ChatterBot Hotel reevaluating
ChatterBot Romeo reevaluating
ChatterBot Lima reevaluating
ChatterBot Hotel reevaluating
ChatterBot Tango reevaluating
randomSelections Papa: {Papa, India, Romeo, Delta} 
2024-10-14 20:16:34.673726 Papa: We would work well together
ChatterBot Romeo reevaluating
2024-10-14 20:16:34.679652 India: No
2024-10-14 20:16:34.680132 Romeo: No
2024-10-14 20:16:34.680449 Delta: No
ChatterBot Romeo reevaluating
ChatterBot Romeo reevaluating
2024-10-14 20:16:34.702262 Charlie: Romeo and Hotel, sending you 2
2024-10-14 20:16:34.706658 Charlie: India, sending you 1
2024-10-14 20:16:34.708143 Delta: Charlie, sending you 2
2024-10-14 20:16:34.708818 Victor: Charlie, Lima and Tango, sending you 1
2024-10-14 20:16:34.710886 Charlie: Lima, sending you 5
2024-10-14 20:16:34.711720 Delta: India, Hotel, Lima and Tango, sending you 1
2024-10-14 20:16:34.712440 Victor: Romeo, sending you 3
2024-10-14 20:16:34.714671 Lima: Delta, Romeo and India, sending you 2
2024-10-14 20:16:34.715454 India: Charlie and Romeo, sending you 1
2024-10-14 20:16:34.716223 Hotel: Charlie, Lima and Tango, sending you 2
2024-10-14 20:16:34.718792 Charlie: Uniform, sending you 3
2024-10-14 20:16:34.719798 Delta: Uniform, sending you 3
2024-10-14 20:16:34.722087 Romeo: Charlie, Delta, Hotel and Tango, sending you 1
2024-10-14 20:16:34.724296 Victor: Hotel, sending you 2
2024-10-14 20:16:34.725082 Lima: Hotel and Tango, sending you 3
2024-10-14 20:16:34.726217 India: Delta, sending you 4
2024-10-14 20:16:34.728861 Hotel: Romeo and India, sending you 1
2024-10-14 20:16:34.731937 Uniform: Delta and Tango, sending you 1
2024-10-14 20:16:34.733464 Romeo: India, sending you 3
2024-10-14 20:16:34.736093 Tango: Charlie, sending you 2
2024-10-14 20:16:34.738851 India: Tango, sending you 3
2024-10-14 20:16:34.740377 Hotel: Uniform, sending you 4
2024-10-14 20:16:34.742874 Uniform: India, sending you 2
2024-10-14 20:16:34.745495 Romeo: Lima, sending you 6
2024-10-14 20:16:34.747660 Tango: Romeo and Uniform, sending you 1
2024-10-14 20:16:34.749834 India: Uniform, sending you 2
2024-10-14 20:16:34.752294 Uniform: Hotel, sending you 5
2024-10-14 20:16:34.754974 Romeo: Uniform, sending you 2
2024-10-14 20:16:34.757260 Tango: India, sending you 6
2024-10-14 20:16:34.765592 Uniform: Lima, sending you 3
2024-10-14 20:16:34.767231 Tango: Lima, sending you 3
chatterbot Papa submitting transactions
chatterbot Hotel submitting transactions
chatterbot Charlie submitting transactions
chatterbot Romeo submitting transactions
chatterbot Uniform submitting transactions
chatterbot Victor submitting transactions
chatterbot Tango submitting transactions
chatterbot Delta submitting transactions
chatterbot India submitting transactions
chatterbot Lima submitting transactions
ChatterBot Charlie round 2
ChatterBot Delta round 2
ChatterBot Victor round 2
ChatterBot Romeo round 2
ChatterBot India round 2
2024-10-14 20:16:35.932288 Victor: We would work well together
ChatterBot Papa reevaluating
2024-10-14 20:16:35.952421 Papa: Yes
2024-10-14 20:16:35.961378 Papa: Group up?
2024-10-14 20:16:35.971738 Victor: Yes
ChatterBot Papa reevaluating
ChatterBot Hotel round 2
ChatterBot Lima round 2
ChatterBot Tango round 2
ChatterBot Papa round 2
ChatterBot Uniform round 2
2024-10-14 20:16:36.074887 Delta: We should drop Charlie
ChatterBot India reevaluating
ChatterBot Lima reevaluating
ChatterBot Uniform reevaluating
2024-10-14 20:16:36.146159 Romeo: No
2024-10-14 20:16:36.146874 India: Yes
2024-10-14 20:16:36.147033 Lima: No
2024-10-14 20:16:36.147190 Tango: No
2024-10-14 20:16:36.147345 Hotel: No
2024-10-14 20:16:36.147507 Uniform: No
ChatterBot Delta reevaluating
ChatterBot India reevaluating
ChatterBot Lima reevaluating
ChatterBot Uniform reevaluating
ChatterBot Delta reevaluating
ChatterBot Lima reevaluating
ChatterBot Uniform reevaluating
ChatterBot Delta reevaluating
ChatterBot Romeo reevaluating
ChatterBot India reevaluating
ChatterBot Uniform reevaluating
ChatterBot Delta reevaluating
ChatterBot Romeo reevaluating
ChatterBot India reevaluating
ChatterBot Lima reevaluating
ChatterBot Uniform reevaluating
ChatterBot Delta reevaluating
ChatterBot Romeo reevaluating
ChatterBot India reevaluating
ChatterBot Lima reevaluating
ChatterBot Uniform reevaluating
ChatterBot Delta reevaluating
ChatterBot Romeo reevaluating
ChatterBot India reevaluating
ChatterBot Lima reevaluating
2024-10-14 20:16:36.722637 Lima: We should drop Delta
ChatterBot Romeo reevaluating
ChatterBot India reevaluating
ChatterBot Tango reevaluating
2024-10-14 20:16:36.779323 Romeo: Yes
2024-10-14 20:16:36.779504 India: Yes
2024-10-14 20:16:36.779992 Tango: Yes
2024-10-14 20:16:36.780127 Charlie: No
2024-10-14 20:16:36.780247 Hotel: No
2024-10-14 20:16:36.780371 Uniform: Yes
ChatterBot India reevaluating
ChatterBot Tango reevaluating
ChatterBot Hotel reevaluating
ChatterBot Romeo reevaluating
ChatterBot Tango reevaluating
ChatterBot Hotel reevaluating
ChatterBot Romeo reevaluating
ChatterBot India reevaluating
ChatterBot Hotel reevaluating
ChatterBot Romeo reevaluating
ChatterBot India reevaluating
ChatterBot Tango reevaluating
ChatterBot Hotel reevaluating
ChatterBot Romeo reevaluating
ChatterBot India reevaluating
ChatterBot Tango reevaluating
ChatterBot Romeo reevaluating
ChatterBot India reevaluating
ChatterBot Tango reevaluating
ChatterBot Hotel reevaluating
2024-10-14 20:16:37.029528 Victor: Sending you 9
chatterbot Victor submitting transactions
chatterbot Hotel submitting transactions
2024-10-14 20:16:37.097696 Charlie: Delta, Romeo, India, Hotel, Lima and Tango, sending you 2
2024-10-14 20:16:37.155011 Charlie: Uniform, sending you 1
2024-10-14 20:16:37.156106 Lima: Charlie, sending you 3
2024-10-14 20:16:37.156428 Delta: Romeo, Hotel, Tango and Uniform, sending you 1
2024-10-14 20:16:37.156788 Papa: Same as last round
2024-10-14 20:16:37.184215 Delta: India, sending you 3
2024-10-14 20:16:37.185160 Lima: Romeo, sending you 4
2024-10-14 20:16:37.187577 Uniform: Charlie, Romeo, India and Tango, sending you 2
2024-10-14 20:16:37.188225 Hotel: Charlie and Lima, sending you 2
2024-10-14 20:16:37.189057 Delta: Lima, sending you 2
2024-10-14 20:16:37.241715 Lima: Hotel, sending you 1
2024-10-14 20:16:37.242386 Uniform: Hotel, sending you 3
2024-10-14 20:16:37.243907 Romeo: Charlie and Lima, sending you 4
2024-10-14 20:16:37.244443 Hotel: Delta, Romeo, India and Tango, sending you 1
2024-10-14 20:16:37.245122 Tango: Charlie, Romeo, Hotel, Lima and Uniform, sending you 2
2024-10-14 20:16:37.247602 India: Charlie and Hotel, sending you 1
2024-10-14 20:16:37.248245 Lima: Tango and Uniform, sending you 2
2024-10-14 20:16:37.248743 Romeo: India, Hotel and Tango, sending you 2
2024-10-14 20:16:37.254534 Hotel: Uniform, sending you 4
2024-10-14 20:16:37.255315 Uniform: Lima, sending you 1
2024-10-14 20:16:37.257805 Tango: India, sending you 3
2024-10-14 20:16:37.258337 India: Romeo, Lima and Uniform, sending you 2
2024-10-14 20:16:37.258877 Romeo: Uniform, sending you 1
2024-10-14 20:16:37.299727 India: Tango, sending you 4
chatterbot Tango submitting transactions
chatterbot Uniform submitting transactions
chatterbot Charlie submitting transactions
chatterbot Tango submitting transactions
chatterbot Hotel submitting transactions
chatterbot Lima submitting transactions
chatterbot Papa submitting transactions
chatterbot India submitting transactions
chatterbot Delta submitting transactions
chatterbot Romeo submitting transactions
ChatterBot Charlie round 3
ChatterBot Delta round 3
ChatterBot Victor round 3
ChatterBot Romeo round 3
ChatterBot India round 3
2024-10-14 20:16:38.208890 Delta: We should replace Tango with Charlie
ChatterBot Romeo reevaluating
ChatterBot India reevaluating
2024-10-14 20:16:38.239635 Romeo: No
2024-10-14 20:16:38.239797 India: No
2024-10-14 20:16:38.239922 Lima: No
2024-10-14 20:16:38.240052 Hotel: No
2024-10-14 20:16:38.240163 Uniform: No
ChatterBot Delta reevaluating
ChatterBot India reevaluating
ChatterBot Hotel reevaluating
ChatterBot Delta reevaluating
ChatterBot Romeo reevaluating
ChatterBot Hotel reevaluating
ChatterBot Delta reevaluating
ChatterBot Romeo reevaluating
ChatterBot India reevaluating
ChatterBot Hotel reevaluating
ChatterBot Delta reevaluating
ChatterBot Romeo reevaluating
ChatterBot India reevaluating
ChatterBot Delta reevaluating
ChatterBot Romeo reevaluating
ChatterBot India reevaluating
ChatterBot Hotel reevaluating
ChatterBot Hotel round 3
2024-10-14 20:16:38.424195 Victor: We should add Delta
2024-10-14 20:16:38.428962 Papa: No
ChatterBot Lima round 3
ChatterBot Tango round 3
ChatterBot Papa round 3
ChatterBot Uniform round 3
2024-10-14 20:16:38.444606 Charlie: We should drop Delta
ChatterBot Lima reevaluating
ChatterBot Romeo reevaluating
ChatterBot India reevaluating
ChatterBot Tango reevaluating
ChatterBot Hotel reevaluating
ChatterBot Uniform reevaluating
2024-10-14 20:16:38.477461 Lima: Yes
2024-10-14 20:16:38.477625 Romeo: Yes
2024-10-14 20:16:38.478130 India: Yes
2024-10-14 20:16:38.478252 Tango: Yes
2024-10-14 20:16:38.478383 Hotel: Yes
2024-10-14 20:16:38.478486 Uniform: Yes
ChatterBot Romeo reevaluating
ChatterBot India reevaluating
ChatterBot Tango reevaluating
ChatterBot Hotel reevaluating
ChatterBot Uniform reevaluating
ChatterBot Lima reevaluating
ChatterBot India reevaluating
ChatterBot Tango reevaluating
ChatterBot Hotel reevaluating
ChatterBot Uniform reevaluating
ChatterBot Lima reevaluating
ChatterBot Romeo reevaluating
ChatterBot Tango reevaluating
ChatterBot Hotel reevaluating
ChatterBot Uniform reevaluating
ChatterBot Lima reevaluating
ChatterBot Romeo reevaluating
ChatterBot India reevaluating
ChatterBot Hotel reevaluating
ChatterBot Uniform reevaluating
ChatterBot Lima reevaluating
ChatterBot Romeo reevaluating
ChatterBot India reevaluating
ChatterBot Tango reevaluating
ChatterBot Uniform reevaluating
ChatterBot Lima reevaluating
ChatterBot Romeo reevaluating
ChatterBot India reevaluating
ChatterBot Tango reevaluating
ChatterBot Hotel reevaluating
2024-10-14 20:16:38.703748 Victor: Delta we want you to join our group
ChatterBot Delta reevaluating
2024-10-14 20:16:38.712556 Delta: No
ChatterBot Papa reevaluating
2024-10-14 20:16:38.853053 Delta: Charlie we want you to join our group
2024-10-14 20:16:38.861108 Charlie: No
ChatterBot Delta reevaluating
2024-10-14 20:16:38.903939 Delta: We should replace Romeo with Charlie
2024-10-14 20:16:38.939928 India: No
2024-10-14 20:16:38.940296 Lima: No
2024-10-14 20:16:38.940697 Tango: No
2024-10-14 20:16:38.941068 Hotel: No
2024-10-14 20:16:38.941793 Uniform: No
ChatterBot Delta reevaluating
ChatterBot Delta reevaluating
ChatterBot Delta reevaluating
ChatterBot Delta reevaluating
ChatterBot Delta reevaluating
chatterbot Charlie submitting transactions
2024-10-14 20:16:39.113587 India: Charlie, Romeo and Uniform, sending you 2
2024-10-14 20:16:39.114327 Papa: Delta and Victor, sending you 4
2024-10-14 20:16:39.114695 Lima: Charlie, Hotel and Tango, sending you 2
2024-10-14 20:16:39.115658 Victor: Delta, sending you 1
2024-10-14 20:16:39.115968 Romeo: Charlie, sending you 3
2024-10-14 20:16:39.116860 Charlie: Romeo, sending you 3
2024-10-14 20:16:39.117329 Uniform: Charlie, Romeo, India and Tango, sending you 2
2024-10-14 20:16:39.117943 India: Hotel and Lima, sending you 1
2024-10-14 20:16:39.131326 Victor: Papa, sending you 8
2024-10-14 20:16:39.131665 Lima: Romeo, sending you 4
2024-10-14 20:16:39.132083 Charlie: India, Hotel, Lima, Tango and Uniform, sending you 2
2024-10-14 20:16:39.133165 Romeo: India, Hotel, Tango and Uniform, sending you 2
2024-10-14 20:16:39.133596 Uniform: Hotel, sending you 3
2024-10-14 20:16:39.134448 Hotel: Charlie, Romeo, Lima and Tango, sending you 2
2024-10-14 20:16:39.134941 India: Tango, sending you 4
2024-10-14 20:16:39.143192 Romeo: Lima, sending you 4
2024-10-14 20:16:39.143645 Lima: India and Uniform, sending you 1
2024-10-14 20:16:39.144 Tango: Charlie, Romeo, Hotel, Lima and Uniform, sending you 2
2024-10-14 20:16:39.144409 Hotel: India, sending you 1
2024-10-14 20:16:39.145445 Uniform: Lima, sending you 1
2024-10-14 20:16:39.150849 Delta: Romeo, Hotel, Tango and Uniform, sending you 1
2024-10-14 20:16:39.151990 Hotel: Uniform, sending you 3
2024-10-14 20:16:39.152646 Tango: India, sending you 3
2024-10-14 20:16:39.155455 Delta: India, sending you 3
2024-10-14 20:16:39.163362 Delta: Lima, sending you 2
chatterbot India submitting transactions
chatterbot Victor submitting transactions
chatterbot Tango submitting transactions
chatterbot Lima submitting transactions
chatterbot Papa submitting transactions
chatterbot Romeo submitting transactions
chatterbot Uniform submitting transactions
chatterbot Hotel submitting transactions
chatterbot Delta submitting transactions
ChatterBot Charlie round 4
ChatterBot Delta round 4
2024-10-14 20:16:40.192854 Delta: Friends?
2024-10-14 20:16:40.197733 Victor: Yes
ChatterBot Victor round 4
ChatterBot Romeo round 4
ChatterBot India round 4
ChatterBot Hotel round 4
ChatterBot Lima round 4
ChatterBot Tango round 4
ChatterBot Papa round 4
ChatterBot Uniform round 4
2024-10-14 20:16:40.214283 Victor: We should replace Delta with India
ChatterBot Papa reevaluating
2024-10-14 20:16:40.218994 Papa: No
2024-10-14 20:16:40.271217 Victor: India we want you to join our group
2024-10-14 20:16:40.277866 India: No
ChatterBot Papa reevaluating
2024-10-14 20:16:40.293689 Delta: Sending you 8
2024-10-14 20:16:40.294674 Charlie: Romeo, sending you 3
2024-10-14 20:16:40.299663 Charlie: India, Hotel, Lima, Tango and Uniform, sending you 2
2024-10-14 20:16:40.301648 Hotel: Charlie, Romeo, Lima and Tango, sending you 2
2024-10-14 20:16:40.302144 India: Charlie, Romeo and Uniform, sending you 2
2024-10-14 20:16:40.302690 Victor: India, sending you 1
2024-10-14 20:16:40.303665 Romeo: Charlie, sending you 3
2024-10-14 20:16:40.304673 Hotel: India, sending you 1
2024-10-14 20:16:40.306683 Uniform: Charlie, Romeo, India and Tango, sending you 2
2024-10-14 20:16:40.307119 Victor: Papa, sending you 8
2024-10-14 20:16:40.307325 Tango: Charlie, Romeo, Hotel, Lima and Uniform, sending you 2
2024-10-14 20:16:40.308251 Romeo: India, Hotel, Tango and Uniform, sending you 2
2024-10-14 20:16:40.308679 India: Hotel and Lima, sending you 1
2024-10-14 20:16:40.309120 Hotel: Uniform, sending you 3
2024-10-14 20:16:40.309683 Lima: Charlie, Hotel and Tango, sending you 2
2024-10-14 20:16:40.310899 Tango: India, sending you 3
2024-10-14 20:16:40.311679 Uniform: Hotel, sending you 3
2024-10-14 20:16:40.312237 Romeo: Lima, sending you 4
2024-10-14 20:16:40.313659 India: Tango, sending you 4
2024-10-14 20:16:40.314175 Lima: Romeo, sending you 4
2024-10-14 20:16:40.315232 Papa: Sending you each 4
2024-10-14 20:16:40.315513 Uniform: Lima, sending you 1
2024-10-14 20:16:40.320230 Lima: India and Uniform, sending you 1
chatterbot Victor submitting transactions
chatterbot Tango submitting transactions
chatterbot Charlie submitting transactions
chatterbot Delta submitting transactions
chatterbot Lima submitting transactions
chatterbot Hotel submitting transactions
chatterbot Uniform submitting transactions
chatterbot India submitting transactions
chatterbot Romeo submitting transactions
chatterbot Papa submitting transactions
ChatterBot Charlie round 5
ChatterBot Delta round 5
ChatterBot Victor round 5
ChatterBot Romeo round 5
ChatterBot India round 5
ChatterBot Hotel round 5
ChatterBot Lima round 5
ChatterBot Tango round 5
ChatterBot Papa round 5
ChatterBot Uniform round 5
2024-10-14 20:16:41.496173 Victor: We should add Delta
ChatterBot Papa reevaluating
2024-10-14 20:16:41.504716 Papa: Yes
2024-10-14 20:16:41.504917 India: No
ChatterBot Papa reevaluating
2024-10-14 20:16:41.521051 Papa: We should replace India with Delta
2024-10-14 20:16:41.525151 Victor: No
ChatterBot Papa reevaluating
2024-10-14 20:16:41.553570 Victor: Delta we want you to join our group
ChatterBot Delta reevaluating
2024-10-14 20:16:41.557514 Delta: No
ChatterBot Papa reevaluating
2024-10-14 20:16:41.568387 Delta: We should replace Victor with Papa
2024-10-14 20:16:41.569106 Uniform: We should drop India
2024-10-14 20:16:41.584393 Charlie: No
2024-10-14 20:16:41.584599 Romeo: No
2024-10-14 20:16:41.584780 Hotel: No
2024-10-14 20:16:41.584897 Lima: No
2024-10-14 20:16:41.585002 Tango: No
ChatterBot Uniform reevaluating
ChatterBot Uniform reevaluating
ChatterBot Uniform reevaluating
ChatterBot Uniform reevaluating
ChatterBot Uniform reevaluating
2024-10-14 20:16:41.660771 Charlie: Romeo, sending you 3
2024-10-14 20:16:41.661325 Papa: Delta we want you to join our group
ChatterBot Delta reevaluating
2024-10-14 20:16:41.665437 Delta: No
ChatterBot Papa reevaluating
2024-10-14 20:16:41.672644 Charlie: India, Hotel, Lima, Tango and Uniform, sending you 2
2024-10-14 20:16:41.673662 India: Charlie, Romeo and Uniform, sending you 2
2024-10-14 20:16:41.674675 Tango: Charlie, Romeo, Hotel, Lima and Uniform, sending you 2
2024-10-14 20:16:41.675670 Hotel: Charlie, Romeo, Lima and Tango, sending you 2
2024-10-14 20:16:41.676863 Romeo: Charlie, sending you 3
2024-10-14 20:16:41.677546 Delta: Papa we want you to join our group
2024-10-14 20:16:41.680705 Papa: Yes
ChatterBot Delta reevaluating
2024-10-14 20:16:41.684324 Lima: Charlie, Hotel and Tango, sending you 2
2024-10-14 20:16:41.684811 India: Hotel and Lima, sending you 1
2024-10-14 20:16:41.685794 Tango: India, sending you 3
2024-10-14 20:16:41.686219 Hotel: India, sending you 1
2024-10-14 20:16:41.686690 Romeo: India, Hotel, Tango and Uniform, sending you 2
2024-10-14 20:16:41.688683 India: Tango, sending you 4
2024-10-14 20:16:41.689728 Lima: Romeo, sending you 4
2024-10-14 20:16:41.690379 Hotel: Uniform, sending you 3
2024-10-14 20:16:41.690931 Victor: Delta, sending you 3
2024-10-14 20:16:41.691732 Romeo: Lima, sending you 4
2024-10-14 20:16:41.692710 Uniform: Charlie, Romeo, India and Tango, sending you 2
2024-10-14 20:16:41.693699 Lima: India and Uniform, sending you 1
2024-10-14 20:16:41.694939 Victor: Papa, sending you 6
2024-10-14 20:16:41.697157 Uniform: Hotel, sending you 3
2024-10-14 20:16:41.702679 Uniform: Lima, sending you 1
2024-10-14 20:16:41.706710 Papa: Sending you each 4
2024-10-14 20:16:41.710681 Delta: Sending you 9
chatterbot Uniform submitting transactions
chatterbot Papa submitting transactions
chatterbot Hotel submitting transactions
chatterbot Lima submitting transactions
chatterbot Victor submitting transactions
chatterbot Tango submitting transactions
chatterbot Romeo submitting transactions
chatterbot Delta submitting transactions
chatterbot Charlie submitting transactions
chatterbot India submitting transactions
ChatterBot Charlie round 6
ChatterBot Delta round 6
ChatterBot Victor round 6
ChatterBot Romeo round 6
ChatterBot India round 6
ChatterBot Hotel round 6
ChatterBot Lima round 6
ChatterBot Tango round 6
ChatterBot Papa round 6
ChatterBot Uniform round 6
2024-10-14 20:16:42.550657 Charlie: Romeo, sending you 3
2024-10-14 20:16:42.553705 Charlie: India, Hotel, Lima, Tango and Uniform, sending you 2
2024-10-14 20:16:42.556031 Hotel: Charlie, Romeo, Lima and Tango, sending you 2
2024-10-14 20:16:42.557259 Uniform: We should drop India
2024-10-14 20:16:42.573261 Charlie: No
2024-10-14 20:16:42.573422 Romeo: No
2024-10-14 20:16:42.573546 Hotel: No
2024-10-14 20:16:42.573683 Lima: No
2024-10-14 20:16:42.573802 Tango: No
ChatterBot Uniform reevaluating
ChatterBot Uniform reevaluating
ChatterBot Uniform reevaluating
ChatterBot Uniform reevaluating
ChatterBot Uniform reevaluating
2024-10-14 20:16:42.638948 Delta: Same as last round
2024-10-14 20:16:42.639233 Hotel: India, sending you 1
2024-10-14 20:16:42.641667 Victor: Delta, sending you 3
2024-10-14 20:16:42.642650 India: Charlie, Romeo and Uniform, sending you 2
2024-10-14 20:16:42.643154 Papa: Same as last round
2024-10-14 20:16:42.643696 Lima: Charlie, Hotel and Tango, sending you 2
2024-10-14 20:16:42.644803 Tango: Charlie, Romeo, Hotel, Lima and Uniform, sending you 2
2024-10-14 20:16:42.646209 Romeo: Charlie, sending you 3
2024-10-14 20:16:42.647156 Hotel: Uniform, sending you 3
2024-10-14 20:16:42.648003 Victor: Papa, sending you 6
2024-10-14 20:16:42.648529 India: Hotel and Lima, sending you 1
2024-10-14 20:16:42.649840 Lima: Romeo, sending you 4
2024-10-14 20:16:42.650770 Tango: India, sending you 3
2024-10-14 20:16:42.651737 Romeo: India, Hotel, Tango and Uniform, sending you 2
2024-10-14 20:16:42.654037 India: Tango, sending you 4
2024-10-14 20:16:42.655673 Lima: India and Uniform, sending you 1
2024-10-14 20:16:42.656315 Romeo: Lima, sending you 4
2024-10-14 20:16:42.658414 Uniform: We should drop Lima
2024-10-14 20:16:42.669512 Charlie: No
2024-10-14 20:16:42.669682 Romeo: No
2024-10-14 20:16:42.669808 India: No
2024-10-14 20:16:42.669916 Hotel: No
2024-10-14 20:16:42.670019 Tango: No
ChatterBot Uniform reevaluating
ChatterBot Uniform reevaluating
ChatterBot Uniform reevaluating
ChatterBot Uniform reevaluating
ChatterBot Uniform reevaluating
2024-10-14 20:16:42.775165 Uniform: Charlie, Romeo, India and Tango, sending you 2
2024-10-14 20:16:42.780664 Uniform: Hotel, sending you 3
2024-10-14 20:16:42.785671 Uniform: Lima, sending you 1
chatterbot Lima submitting transactions
chatterbot Romeo submitting transactions
chatterbot Tango submitting transactions
chatterbot Victor submitting transactions
chatterbot India submitting transactions
chatterbot Uniform submitting transactions
chatterbot Papa submitting transactions
chatterbot Hotel submitting transactions
chatterbot Charlie submitting transactions
chatterbot Delta submitting transactions
ChatterBot Charlie round 7
ChatterBot Delta round 7
ChatterBot Victor round 7
ChatterBot Romeo round 7
ChatterBot India round 7
ChatterBot Hotel round 7
ChatterBot Lima round 7
ChatterBot Tango round 7
ChatterBot Papa round 7
ChatterBot Uniform round 7
2024-10-14 20:16:43.758690 Delta: Same as last round
2024-10-14 20:16:43.760655 Charlie: Romeo, sending you 3
2024-10-14 20:16:43.761915 Victor: Delta, sending you 2
2024-10-14 20:16:43.765702 Charlie: India, Hotel, Lima, Tango and Uniform, sending you 2
2024-10-14 20:16:43.766789 Victor: Papa, sending you 7
2024-10-14 20:16:43.767784 India: Charlie, Romeo and Uniform, sending you 2
2024-10-14 20:16:43.768685 Tango: Charlie, Romeo, Hotel, Lima and Uniform, sending you 2
2024-10-14 20:16:43.772894 Tango: India, sending you 3
2024-10-14 20:16:43.773979 India: Hotel and Lima, sending you 1
2024-10-14 20:16:43.776678 Lima: Charlie, Hotel and Tango, sending you 2
2024-10-14 20:16:43.777632 Hotel: Charlie, Romeo, Lima and Tango, sending you 2
2024-10-14 20:16:43.779229 India: Tango, sending you 4
2024-10-14 20:16:43.780137 Papa: Same as last round
2024-10-14 20:16:43.780682 Romeo: Charlie, sending you 3
2024-10-14 20:16:43.782804 Lima: Romeo, sending you 4
2024-10-14 20:16:43.783889 Hotel: India, sending you 1
2024-10-14 20:16:43.787037 Romeo: India, Hotel, Tango and Uniform, sending you 2
2024-10-14 20:16:43.788022 Lima: India and Uniform, sending you 1
2024-10-14 20:16:43.789101 Hotel: Uniform, sending you 3
2024-10-14 20:16:43.790881 Uniform: Sending you each 2
2024-10-14 20:16:43.792761 Romeo: Lima, sending you 4
chatterbot Romeo submitting transactions
chatterbot Hotel submitting transactions
chatterbot Delta submitting transactions
chatterbot Papa submitting transactions
chatterbot Victor submitting transactions
chatterbot Lima submitting transactions
chatterbot Uniform submitting transactions
chatterbot Charlie submitting transactions
chatterbot India submitting transactions
chatterbot Tango submitting transactions
ChatterBot Charlie round 8
ChatterBot Delta round 8
ChatterBot Victor round 8
ChatterBot Romeo round 8
ChatterBot India round 8
2024-10-14 20:16:45.024145 Delta: We should replace Papa with Victor
ChatterBot Hotel round 8
ChatterBot Lima round 8
ChatterBot Tango round 8
ChatterBot Papa round 8
ChatterBot Uniform round 8
2024-10-14 20:16:45.052632 Victor: We should replace India with Charlie
2024-10-14 20:16:45.061075 Papa: No
2024-10-14 20:16:45.061281 Delta: No
ChatterBot Victor reevaluating
ChatterBot Victor reevaluating
2024-10-14 20:16:45.088175 Delta: Victor we want you to join our group
ChatterBot Victor reevaluating
2024-10-14 20:16:45.093016 Victor: Yes
2024-10-14 20:16:45.116831 Charlie: Romeo, sending you 3
2024-10-14 20:16:45.118881 Victor: Charlie we want you to join our group
2024-10-14 20:16:45.122195 Charlie: No
ChatterBot Victor reevaluating
2024-10-14 20:16:45.132008 India: Charlie, Romeo and Uniform, sending you 2
2024-10-14 20:16:45.133533 Charlie: India, Hotel, Lima, Tango and Uniform, sending you 2
2024-10-14 20:16:45.135660 Papa: Same as last round
2024-10-14 20:16:45.135941 India: Hotel and Lima, sending you 1
2024-10-14 20:16:45.137342 Hotel: Charlie, Romeo, Lima and Tango, sending you 2
2024-10-14 20:16:45.138124 Lima: Charlie, Hotel and Tango, sending you 2
2024-10-14 20:16:45.138769 Delta: Sending you 8
2024-10-14 20:16:45.139121 Romeo: Charlie, sending you 3
2024-10-14 20:16:45.140792 Tango: Charlie, Romeo, Hotel, Lima and Uniform, sending you 2
2024-10-14 20:16:45.141783 India: Tango, sending you 4
2024-10-14 20:16:45.142298 Hotel: India, sending you 1
2024-10-14 20:16:45.143601 Lima: Romeo, sending you 4
2024-10-14 20:16:45.145361 Uniform: Same as last round
2024-10-14 20:16:45.147124 Romeo: India, Hotel, Tango and Uniform, sending you 2
2024-10-14 20:16:45.148858 Tango: India, sending you 3
2024-10-14 20:16:45.151293 Hotel: Uniform, sending you 3
2024-10-14 20:16:45.153457 Lima: India and Uniform, sending you 1
2024-10-14 20:16:45.154778 Romeo: Lima, sending you 4
2024-10-14 20:16:45.173682 Victor: Delta, sending you 2
2024-10-14 20:16:45.177670 Victor: Papa, sending you 7
chatterbot Lima submitting transactions
chatterbot Uniform submitting transactions
chatterbot Romeo submitting transactions
chatterbot Tango submitting transactions
chatterbot Hotel submitting transactions
chatterbot India submitting transactions
chatterbot Papa submitting transactions
chatterbot Charlie submitting transactions
chatterbot Delta submitting transactions
chatterbot Victor submitting transactions
ChatterBot Charlie round 9
ChatterBot Delta round 9
ChatterBot Victor round 9
ChatterBot Romeo round 9
ChatterBot India round 9
ChatterBot Hotel round 9
ChatterBot Lima round 9
ChatterBot Tango round 9
ChatterBot Papa round 9
ChatterBot Uniform round 9
2024-10-14 20:16:46.365655 Victor: Delta, sending you 3
2024-10-14 20:16:46.368678 India: Charlie, Romeo and Uniform, sending you 2
2024-10-14 20:16:46.370708 Uniform: Same as last round
2024-10-14 20:16:46.371923 Delta: Sending you 9
2024-10-14 20:16:46.372832 Victor: Papa, sending you 6
2024-10-14 20:16:46.374821 India: Hotel and Lima, sending you 1
2024-10-14 20:16:46.377095 Lima: Charlie, Hotel and Tango, sending you 2
2024-10-14 20:16:46.378392 Papa: Same as last round
2024-10-14 20:16:46.378826 Charlie: Romeo, sending you 3
2024-10-14 20:16:46.380764 Tango: Charlie, Romeo, Hotel, Lima and Uniform, sending you 2
2024-10-14 20:16:46.382478 Romeo: Charlie, sending you 3
2024-10-14 20:16:46.383760 Hotel: Charlie, Romeo, Lima and Tango, sending you 2
2024-10-14 20:16:46.385245 India: Tango, sending you 4
2024-10-14 20:16:46.389246 Lima: Romeo, sending you 4
2024-10-14 20:16:46.390432 Charlie: India, Hotel, Lima, Tango and Uniform, sending you 2
2024-10-14 20:16:46.395946 Tango: India, sending you 3
2024-10-14 20:16:46.398555 Romeo: India, Hotel, Tango and Uniform, sending you 2
2024-10-14 20:16:46.401018 Hotel: India, sending you 1
2024-10-14 20:16:46.402361 Lima: India and Uniform, sending you 1
2024-10-14 20:16:46.409637 Romeo: Lima, sending you 4
2024-10-14 20:16:46.412731 Hotel: Uniform, sending you 3
chatterbot India submitting transactions
chatterbot Uniform submitting transactions
chatterbot Papa submitting transactions
chatterbot Lima submitting transactions
chatterbot Delta submitting transactions
chatterbot Tango submitting transactions
chatterbot Charlie submitting transactions
chatterbot Hotel submitting transactions
chatterbot Victor submitting transactions
chatterbot Romeo submitting transactions
ChatterBot Charlie round 10
ChatterBot Delta round 10
ChatterBot Victor round 10
ChatterBot Romeo round 10
ChatterBot India round 10
ChatterBot Hotel round 10
2024-10-14 20:16:47.334457 Victor: We should replace Charlie with Uniform
ChatterBot Delta reevaluating
2024-10-14 20:16:47.340327 Papa: No
2024-10-14 20:16:47.340486 Delta: No
ChatterBot Victor reevaluating
ChatterBot Delta reevaluating
ChatterBot Victor reevaluating
2024-10-14 20:16:47.353750 Delta: We should replace Victor with Papa
ChatterBot Lima round 10
ChatterBot Tango round 10
ChatterBot Papa round 10
ChatterBot Uniform round 10
2024-10-14 20:16:47.391698 Charlie: Romeo, sending you 3
2024-10-14 20:16:47.394434 India: Charlie, Romeo and Uniform, sending you 2
2024-10-14 20:16:47.396969 Charlie: India, Hotel, Lima, Tango and Uniform, sending you 2
2024-10-14 20:16:47.400689 India: Hotel and Lima, sending you 1
2024-10-14 20:16:47.402528 Romeo: Charlie, sending you 3
2024-10-14 20:16:47.404206 Lima: Charlie, Hotel, Tango and Uniform, sending you 2
2024-10-14 20:16:47.405160 Hotel: Charlie, Romeo, Lima and Tango, sending you 2
2024-10-14 20:16:47.406455 India: Tango, sending you 4
2024-10-14 20:16:47.407401 Tango: Charlie, Romeo, Hotel, Lima and Uniform, sending you 2
2024-10-14 20:16:47.408198 Delta: Same as last round
2024-10-14 20:16:47.409066 Romeo: India, Hotel, Tango and Uniform, sending you 2
2024-10-14 20:16:47.409823 Lima: Romeo, sending you 4
2024-10-14 20:16:47.410605 Victor: Delta, sending you 4
2024-10-14 20:16:47.410922 Papa: Same as last round
2024-10-14 20:16:47.411742 Hotel: India, sending you 1
2024-10-14 20:16:47.412465 Tango: India, sending you 3
2024-10-14 20:16:47.413269 Romeo: Lima, sending you 4
2024-10-14 20:16:47.415282 Uniform: Same as last round
2024-10-14 20:16:47.416297 Victor: Papa, sending you 5
2024-10-14 20:16:47.416695 Hotel: Uniform, sending you 3
chatterbot Charlie submitting transactions
chatterbot Victor submitting transactions
chatterbot Uniform submitting transactions
chatterbot India submitting transactions
chatterbot Lima submitting transactions
chatterbot Delta submitting transactions
chatterbot Papa submitting transactions
chatterbot Tango submitting transactions
chatterbot Romeo submitting transactions
chatterbot Hotel submitting transactions
ChatterBot Charlie round 11
ChatterBot Delta round 11
ChatterBot Victor round 11
2024-10-14 20:16:48.532289 Victor: We should replace Charlie with India
ChatterBot Delta reevaluating
2024-10-14 20:16:48.539888 Papa: No
2024-10-14 20:16:48.540061 Delta: No
ChatterBot Victor reevaluating
ChatterBot Delta reevaluating
ChatterBot Victor reevaluating
2024-10-14 20:16:48.555202 Delta: We should replace Victor with Papa
ChatterBot Romeo round 11
ChatterBot India round 11
ChatterBot Hotel round 11
ChatterBot Lima round 11
ChatterBot Tango round 11
ChatterBot Papa round 11
ChatterBot Uniform round 11
2024-10-14 20:16:48.562953 Victor: We should replace Charlie with Uniform
ChatterBot Delta reevaluating
2024-10-14 20:16:48.570111 Papa: No
2024-10-14 20:16:48.570297 Delta: No
ChatterBot Victor reevaluating
ChatterBot Delta reevaluating
ChatterBot Victor reevaluating
2024-10-14 20:16:48.605679 India: We should drop Lima
2024-10-14 20:16:48.620416 Uniform: No
2024-10-14 20:16:48.620588 Charlie: No
2024-10-14 20:16:48.620729 Romeo: No
2024-10-14 20:16:48.620945 Hotel: No
2024-10-14 20:16:48.621064 Tango: No
ChatterBot India reevaluating
ChatterBot India reevaluating
ChatterBot India reevaluating
ChatterBot India reevaluating
ChatterBot India reevaluating
2024-10-14 20:16:48.688788 Uniform: We should drop India
2024-10-14 20:16:48.702454 Charlie: No
2024-10-14 20:16:48.702685 Romeo: No
2024-10-14 20:16:48.702830 Hotel: No
2024-10-14 20:16:48.702969 Lima: No
2024-10-14 20:16:48.703472 Tango: No
ChatterBot Uniform reevaluating
ChatterBot Uniform reevaluating
ChatterBot Uniform reevaluating
ChatterBot Uniform reevaluating
2024-10-14 20:16:48.775894 Charlie: Romeo, sending you 3
2024-10-14 20:16:48.780674 Tango: Charlie, Romeo, Hotel, Lima and Uniform, sending you 2
2024-10-14 20:16:48.782686 Papa: Same as last round
2024-10-14 20:16:48.783114 Hotel: Charlie, Romeo, Lima and Tango, sending you 2
2024-10-14 20:16:48.784281 Romeo: Charlie, sending you 3
2024-10-14 20:16:48.786161 Charlie: India, Hotel, Lima, Tango and Uniform, sending you 2
2024-10-14 20:16:48.787666 Delta: Same as last round
2024-10-14 20:16:48.787971 Lima: Charlie, Hotel, Tango and Uniform, sending you 2
2024-10-14 20:16:48.790077 Tango: India, sending you 3
2024-10-14 20:16:48.791905 Hotel: India, sending you 1
2024-10-14 20:16:48.793137 Romeo: India, Hotel, Tango and Uniform, sending you 2
2024-10-14 20:16:48.794544 Lima: Romeo, sending you 4
2024-10-14 20:16:48.795354 Victor: Delta, sending you 4
2024-10-14 20:16:48.795723 India: Charlie, Romeo and Uniform, sending you 2
2024-10-14 20:16:48.797014 Uniform: Same as last round
2024-10-14 20:16:48.797883 Romeo: Lima, sending you 4
2024-10-14 20:16:48.799332 Hotel: Uniform, sending you 3
2024-10-14 20:16:48.800366 Victor: Papa, sending you 5
2024-10-14 20:16:48.801032 India: Hotel and Lima, sending you 1
2024-10-14 20:16:48.805669 India: Tango, sending you 4
chatterbot Romeo submitting transactions
chatterbot Hotel submitting transactions
chatterbot Tango submitting transactions
chatterbot Lima submitting transactions
chatterbot Charlie submitting transactions
chatterbot India submitting transactions
chatterbot Delta submitting transactions
chatterbot Victor submitting transactions
chatterbot Papa submitting transactions
chatterbot Uniform submitting transactions
ChatterBot Charlie round 12
ChatterBot Delta round 12
ChatterBot Victor round 12
ChatterBot Romeo round 12
ChatterBot India round 12
ChatterBot Hotel round 12
ChatterBot Lima round 12
ChatterBot Tango round 12
ChatterBot Papa round 12
ChatterBot Uniform round 12
2024-10-14 20:16:49.958131 Delta: Same as last round
2024-10-14 20:16:49.959684 Charlie: Romeo, sending you 3
2024-10-14 20:16:49.964673 Charlie: India, Hotel, Lima, Tango and Uniform, sending you 2
2024-10-14 20:16:49.967635 Victor: Delta, sending you 5
2024-10-14 20:16:49.968431 Lima: Charlie, Hotel, Tango and Uniform, sending you 2
2024-10-14 20:16:49.973007 Victor: Papa, sending you 4
2024-10-14 20:16:49.973703 Lima: Romeo, sending you 4
2024-10-14 20:16:49.975937 Hotel: Charlie, Romeo, Lima and Tango, sending you 2
2024-10-14 20:16:49.977987 Romeo: Charlie, sending you 3
2024-10-14 20:16:49.980433 Tango: Charlie, Romeo, Hotel, Lima and Uniform, sending you 2
2024-10-14 20:16:49.982948 Papa: Same as last round
2024-10-14 20:16:49.983626 India: Charlie, Romeo and Uniform, sending you 2
2024-10-14 20:16:49.986040 Hotel: India, sending you 1
2024-10-14 20:16:49.987143 Uniform: Same as last round
2024-10-14 20:16:49.989101 Romeo: India, Hotel, Tango and Uniform, sending you 2
2024-10-14 20:16:49.991046 Tango: India, sending you 3
2024-10-14 20:16:49.993389 India: Hotel and Lima, sending you 1
2024-10-14 20:16:49.994601 Hotel: Uniform, sending you 3
2024-10-14 20:16:49.996126 Romeo: Lima, sending you 4
2024-10-14 20:16:49.997507 India: Tango, sending you 4
chatterbot Tango submitting transactions
chatterbot Papa submitting transactions
chatterbot Charlie submitting transactions
chatterbot Romeo submitting transactions
chatterbot Hotel submitting transactions
chatterbot Victor submitting transactions
chatterbot Lima submitting transactions
chatterbot India submitting transactions
chatterbot Delta submitting transactions
chatterbot Uniform submitting transactions
ChatterBot Charlie round 13
ChatterBot Delta round 13
ChatterBot Victor round 13
ChatterBot Romeo round 13
ChatterBot India round 13
ChatterBot Hotel round 13
ChatterBot Lima round 13
ChatterBot Tango round 13
ChatterBot Papa round 13
ChatterBot Uniform round 13
2024-10-14 20:16:51.125133 Victor: We should replace Charlie with India
ChatterBot Delta reevaluating
2024-10-14 20:16:51.131664 Papa: No
2024-10-14 20:16:51.132173 Delta: No
ChatterBot Victor reevaluating
ChatterBot Delta reevaluating
ChatterBot Victor reevaluating
2024-10-14 20:16:51.161673 Victor: India we want you to join our group
2024-10-14 20:16:51.164723 India: No
ChatterBot Victor reevaluating
2024-10-14 20:16:51.172838 Romeo: Charlie, sending you 3
2024-10-14 20:16:51.177666 Papa: Same as last round
2024-10-14 20:16:51.178170 India: Charlie, Romeo and Uniform, sending you 2
2024-10-14 20:16:51.180360 Uniform: Same as last round
2024-10-14 20:16:51.181515 Charlie: Romeo, sending you 3
2024-10-14 20:16:51.183390 Romeo: India, Hotel, Tango and Uniform, sending you 2
2024-10-14 20:16:51.184249 Tango: Charlie, Romeo, Hotel, Lima and Uniform, sending you 2
2024-10-14 20:16:51.186034 Lima: Charlie, Hotel, Tango and Uniform, sending you 2
2024-10-14 20:16:51.187162 Delta: Same as last round
2024-10-14 20:16:51.187874 Hotel: Charlie, Romeo, Lima and Tango, sending you 2
