ChatterBot Bravo round 1
ChatterBot Echo round 1
ChatterBot Sierra round 1
ChatterBot Golf round 1
ChatterBot Foxtrot round 1
ChatterBot Kilo round 1
ChatterBot Delta round 1
ChatterBot Papa round 1
ChatterBot Alpha round 1
ChatterBot November round 1
randomSelections Golf: {Golf, Kilo, Sierra, Papa} 
2024-10-14 20:16:35.073681 Golf: Can we be friends?
ChatterBot Kilo reevaluating
ChatterBot Sierra reevaluating
ChatterBot Papa reevaluating
2024-10-14 20:16:35.086022 Kilo: Yes
2024-10-14 20:16:35.086324 Sierra: Yes
2024-10-14 20:16:35.086602 Papa: Yes
ChatterBot Sierra reevaluating
ChatterBot Papa reevaluating
ChatterBot Kilo reevaluating
ChatterBot Papa reevaluating
ChatterBot Kilo reevaluating
ChatterBot Sierra reevaluating
randomSelections Foxtrot: {Foxtrot, Sierra, November, Alpha, Delta, Kilo} 
2024-10-14 20:16:35.112943 Foxtrot: We would work well together
ChatterBot Sierra reevaluating
ChatterBot November reevaluating
ChatterBot Alpha reevaluating
ChatterBot Delta reevaluating
ChatterBot Kilo reevaluating
2024-10-14 20:16:35.126926 Sierra: No
2024-10-14 20:16:35.127133 November: Yes
2024-10-14 20:16:35.127285 Alpha: Yes
2024-10-14 20:16:35.127426 Delta: Yes
2024-10-14 20:16:35.128331 Kilo: No
ChatterBot November reevaluating
ChatterBot Alpha reevaluating
ChatterBot Delta reevaluating
ChatterBot Kilo reevaluating
ChatterBot Sierra reevaluating
ChatterBot Alpha reevaluating
ChatterBot Delta reevaluating
ChatterBot Kilo reevaluating
ChatterBot Sierra reevaluating
ChatterBot November reevaluating
ChatterBot Delta reevaluating
ChatterBot Kilo reevaluating
ChatterBot Sierra reevaluating
ChatterBot November reevaluating
ChatterBot Alpha reevaluating
ChatterBot Kilo reevaluating
ChatterBot Sierra reevaluating
ChatterBot November reevaluating
ChatterBot Alpha reevaluating
ChatterBot Delta reevaluating
randomSelections Echo: {Echo, Kilo, Papa, Delta, Bravo, Sierra, Alpha} 
2024-10-14 20:16:35.205058 Echo: We should group up
ChatterBot Kilo reevaluating
ChatterBot Papa reevaluating
ChatterBot Delta reevaluating
ChatterBot Bravo reevaluating
ChatterBot Sierra reevaluating
ChatterBot Alpha reevaluating
2024-10-14 20:16:35.220046 Kilo: No
2024-10-14 20:16:35.220277 Papa: No
2024-10-14 20:16:35.220499 Delta: No
2024-10-14 20:16:35.220743 Bravo: Yes
2024-10-14 20:16:35.221385 Sierra: No
2024-10-14 20:16:35.221632 Alpha: No
ChatterBot Papa reevaluating
ChatterBot Delta reevaluating
ChatterBot Bravo reevaluating
ChatterBot Sierra reevaluating
ChatterBot Alpha reevaluating
ChatterBot Kilo reevaluating
ChatterBot Delta reevaluating
ChatterBot Bravo reevaluating
ChatterBot Sierra reevaluating
ChatterBot Alpha reevaluating
ChatterBot Kilo reevaluating
ChatterBot Papa reevaluating
ChatterBot Bravo reevaluating
ChatterBot Sierra reevaluating
ChatterBot Alpha reevaluating
ChatterBot Kilo reevaluating
ChatterBot Papa reevaluating
ChatterBot Delta reevaluating
ChatterBot Sierra reevaluating
ChatterBot Alpha reevaluating
ChatterBot Kilo reevaluating
ChatterBot Papa reevaluating
ChatterBot Delta reevaluating
ChatterBot Bravo reevaluating
ChatterBot Alpha reevaluating
ChatterBot Kilo reevaluating
ChatterBot Papa reevaluating
ChatterBot Delta reevaluating
ChatterBot Bravo reevaluating
ChatterBot Sierra reevaluating
2024-10-14 20:16:35.324692 Golf: Sierra, sending you 5
2024-10-14 20:16:35.326726 November: Sierra and Delta, sending you 2
2024-10-14 20:16:35.328704 Golf: Kilo and Papa, sending you 2
2024-10-14 20:16:35.329759 Echo: Bravo, sending you 4
2024-10-14 20:16:35.330098 November: Foxtrot, sending you 6
2024-10-14 20:16:35.331678 Kilo: Sierra, sending you 2
2024-10-14 20:16:35.332684 Papa: Sierra and Golf, sending you 5
2024-10-14 20:16:35.333670 Foxtrot: Sierra, sending you 5
2024-10-14 20:16:35.334065 Echo: Kilo and Alpha, sending you 1
2024-10-14 20:16:35.335182 November: Kilo and Alpha, sending you 1
2024-10-14 20:16:35.335728 Bravo: Echo, sending you 3
2024-10-14 20:16:35.336167 Papa: Kilo, sending you 3
2024-10-14 20:16:35.336684 Kilo: Golf and Papa, sending you 1
2024-10-14 20:16:35.337054 Foxtrot: Kilo, sending you 2
2024-10-14 20:16:35.337718 Echo: Delta, sending you 3
2024-10-14 20:16:35.339664 Foxtrot: Delta and November, sending you 1
2024-10-14 20:16:35.340690 Delta: Sierra and November, sending you 1
2024-10-14 20:16:35.341152 Bravo: Sierra, sending you 2
2024-10-14 20:16:35.342180 Sierra: Golf, sending you 2
2024-10-14 20:16:35.342691 Echo: Papa, sending you 2
2024-10-14 20:16:35.343092 Foxtrot: Alpha, sending you 4
2024-10-14 20:16:35.343744 Delta: Foxtrot and Kilo, sending you 2
2024-10-14 20:16:35.345706 Bravo: Kilo, Delta and Papa, sending you 1
2024-10-14 20:16:35.347182 Sierra: Kilo, sending you 3
2024-10-14 20:16:35.347681 Delta: Alpha, sending you 3
2024-10-14 20:16:35.348694 Alpha: Sierra, Foxtrot and Delta, sending you 3
2024-10-14 20:16:35.348964 Bravo: Alpha, sending you 4
2024-10-14 20:16:35.349714 Sierra: Papa, sending you 4
2024-10-14 20:16:35.351670 Alpha: Kilo, sending you 2
2024-10-14 20:16:35.354659 Alpha: November, sending you 4
chatterbot Golf submitting transactions
chatterbot Echo submitting transactions
chatterbot Foxtrot submitting transactions
chatterbot November submitting transactions
chatterbot Delta submitting transactions
chatterbot Sierra submitting transactions
chatterbot Papa submitting transactions
chatterbot Alpha submitting transactions
chatterbot Kilo submitting transactions
chatterbot Bravo submitting transactions
ChatterBot Bravo round 2
ChatterBot Echo round 2
ChatterBot Sierra round 2
ChatterBot Golf round 2
ChatterBot Foxtrot round 2
ChatterBot Kilo round 2
ChatterBot Delta round 2
ChatterBot Papa round 2
ChatterBot Alpha round 2
ChatterBot November round 2
2024-10-14 20:16:36.898067 Echo: Friends?
ChatterBot Bravo reevaluating
2024-10-14 20:16:36.902594 Bravo: Yes
2024-10-14 20:16:36.905856 Bravo: Let's form a team
2024-10-14 20:16:36.909496 Echo: Yes
ChatterBot Bravo reevaluating
2024-10-14 20:16:36.913250 Bravo: We should group up
ChatterBot Foxtrot reevaluating
ChatterBot Delta reevaluating
ChatterBot Alpha reevaluating
ChatterBot November reevaluating
2024-10-14 20:16:36.932009 Echo: No
2024-10-14 20:16:36.932152 Foxtrot: No
2024-10-14 20:16:36.932265 Delta: No
2024-10-14 20:16:36.932370 Alpha: Yes
2024-10-14 20:16:36.932475 November: No
ChatterBot Bravo reevaluating
ChatterBot Foxtrot reevaluating
ChatterBot Delta reevaluating
ChatterBot Alpha reevaluating
ChatterBot November reevaluating
ChatterBot Bravo reevaluating
ChatterBot Delta reevaluating
ChatterBot Alpha reevaluating
ChatterBot November reevaluating
ChatterBot Bravo reevaluating
ChatterBot Foxtrot reevaluating
ChatterBot Alpha reevaluating
ChatterBot November reevaluating
ChatterBot Bravo reevaluating
ChatterBot Foxtrot reevaluating
ChatterBot Delta reevaluating
ChatterBot November reevaluating
ChatterBot Bravo reevaluating
ChatterBot Foxtrot reevaluating
ChatterBot Delta reevaluating
ChatterBot Alpha reevaluating
2024-10-14 20:16:37.070864 Sierra: We should add Bravo and Echo
ChatterBot Golf reevaluating
ChatterBot Kilo reevaluating
ChatterBot Papa reevaluating
2024-10-14 20:16:37.083103 Golf: No
2024-10-14 20:16:37.083249 Kilo: No
2024-10-14 20:16:37.083375 Papa: Yes
ChatterBot Kilo reevaluating
ChatterBot Sierra reevaluating
ChatterBot Papa reevaluating
ChatterBot Golf reevaluating
ChatterBot Sierra reevaluating
ChatterBot Papa reevaluating
ChatterBot Golf reevaluating
ChatterBot Kilo reevaluating
ChatterBot Sierra reevaluating
2024-10-14 20:16:37.144194 Foxtrot: We should drop Sierra and Kilo
2024-10-14 20:16:37.154974 Delta: Yes
2024-10-14 20:16:37.155198 Alpha: Yes
2024-10-14 20:16:37.155899 November: Yes
ChatterBot Delta reevaluating
2024-10-14 20:16:37.193287 Papa: Bravo and Echo we want you to join our group
ChatterBot Bravo reevaluating
2024-10-14 20:16:37.247336 Bravo: No
2024-10-14 20:16:37.247637 Echo: No
ChatterBot Sierra reevaluating
ChatterBot Sierra reevaluating
ChatterBot Bravo reevaluating
2024-10-14 20:16:37.342149 Echo: Sending you 12
2024-10-14 20:16:37.343277 Alpha: Bravo and Foxtrot, sending you 5
2024-10-14 20:16:37.344894 Golf: Sending you each 3
2024-10-14 20:16:37.345729 Sierra: Bravo and Echo we want you to join our group
ChatterBot Bravo reevaluating
2024-10-14 20:16:37.357383 Bravo: No
2024-10-14 20:16:37.357715 Echo: No
ChatterBot Sierra reevaluating
ChatterBot Echo reevaluating
ChatterBot Sierra reevaluating
ChatterBot Bravo reevaluating
2024-10-14 20:16:37.412964 Alpha: Echo and November, sending you 1
2024-10-14 20:16:37.419787 Delta: Foxtrot, sending you 4
2024-10-14 20:16:37.420187 November: Foxtrot and Delta, sending you 3
2024-10-14 20:16:37.421109 Foxtrot: Delta and Alpha, sending you 4
2024-10-14 20:16:37.421456 Alpha: Delta, sending you 3
2024-10-14 20:16:37.421892 Kilo: Sierra, sending you 2
2024-10-14 20:16:37.423021 Papa: Bravo and Kilo, sending you 2
2024-10-14 20:16:37.425433 Delta: Alpha, sending you 6
2024-10-14 20:16:37.426328 Foxtrot: November, sending you 5
2024-10-14 20:16:37.426707 November: Alpha, sending you 6
2024-10-14 20:16:37.427246 Kilo: Golf and Papa, sending you 1
2024-10-14 20:16:37.428213 Papa: Echo, Sierra and Golf, sending you 3
2024-10-14 20:16:37.645066 Echo: Bravo, sending you 10
2024-10-14 20:16:37.645528 Bravo: Echo, sending you 4
2024-10-14 20:16:37.646319 Sierra: Golf and Papa, sending you 5
chatterbot Foxtrot submitting transactions
2024-10-14 20:16:37.711691 Echo: Foxtrot and Delta, sending you 1
2024-10-14 20:16:37.712642 Bravo: Foxtrot, Delta, Alpha and November, sending you 2
2024-10-14 20:16:37.713026 Sierra: Kilo, sending you 2
chatterbot November submitting transactions
chatterbot Delta submitting transactions
chatterbot Golf submitting transactions
chatterbot Papa submitting transactions
chatterbot Echo submitting transactions
chatterbot Bravo submitting transactions
chatterbot Alpha submitting transactions
chatterbot Echo submitting transactions
chatterbot Kilo submitting transactions
chatterbot Sierra submitting transactions
ChatterBot Bravo round 3
ChatterBot Echo round 3
ChatterBot Sierra round 3
2024-10-14 20:16:38.469013 Sierra: We should add Bravo and Echo
2024-10-14 20:16:38.478663 Golf: No
2024-10-14 20:16:38.478832 Kilo: No
2024-10-14 20:16:38.478969 Papa: Yes
ChatterBot Golf round 3
ChatterBot Foxtrot round 3
ChatterBot Kilo round 3
ChatterBot Delta round 3
ChatterBot Papa round 3
ChatterBot Alpha round 3
ChatterBot November round 3
2024-10-14 20:16:38.525056 Sierra: Bravo and Echo we want you to join our group
2024-10-14 20:16:38.531287 Bravo: No
2024-10-14 20:16:38.531468 Echo: No
ChatterBot Sierra reevaluating
2024-10-14 20:16:38.567988 Delta: We should replace Foxtrot with November
2024-10-14 20:16:38.571162 Alpha: No
ChatterBot Delta reevaluating
2024-10-14 20:16:38.582627 Foxtrot: We should add Bravo and Echo
ChatterBot Delta reevaluating
ChatterBot November reevaluating
2024-10-14 20:16:38.592951 Delta: No
2024-10-14 20:16:38.593090 Alpha: Yes
2024-10-14 20:16:38.593236 November: Yes
ChatterBot November reevaluating
ChatterBot Delta reevaluating
ChatterBot November reevaluating
ChatterBot Delta reevaluating
2024-10-14 20:16:38.633377 Foxtrot: Bravo and Echo we want you to join our group
2024-10-14 20:16:38.640133 Bravo: Yes
2024-10-14 20:16:38.640336 Echo: Yes
ChatterBot Delta reevaluating
ChatterBot November reevaluating
ChatterBot Delta reevaluating
ChatterBot November reevaluating
2024-10-14 20:16:38.679696 Bravo: Echo, sending you 4
2024-10-14 20:16:38.683660 Sierra: Golf, sending you 5
2024-10-14 20:16:38.684042 Golf: Same as last round
2024-10-14 20:16:38.684858 Bravo: Foxtrot and November, sending you 2
2024-10-14 20:16:38.685157 Echo: Bravo, sending you 9
2024-10-14 20:16:38.685457 Kilo: Sierra, sending you 2
2024-10-14 20:16:38.685709 Papa: Bravo, Echo and Kilo, sending you 2
2024-10-14 20:16:38.686711 Sierra: Kilo, sending you 3
2024-10-14 20:16:38.688693 Bravo: Delta, sending you 1
2024-10-14 20:16:38.689075 Echo: Foxtrot, sending you 1
2024-10-14 20:16:38.689876 Kilo: Golf and Papa, sending you 1
2024-10-14 20:16:38.690668 Papa: Sierra, sending you 4
2024-10-14 20:16:38.691700 Sierra: Papa, sending you 4
2024-10-14 20:16:38.692034 Bravo: Alpha, sending you 3
2024-10-14 20:16:38.692691 Echo: Alpha, sending you 2
2024-10-14 20:16:38.694907 Papa: Golf, sending you 3
2024-10-14 20:16:38.697676 Alpha: Bravo and November, sending you 3
2024-10-14 20:16:38.698161 November: Bravo and Delta, sending you 2
2024-10-14 20:16:38.700678 Foxtrot: Bravo and Echo, sending you 2
2024-10-14 20:16:38.701504 Alpha: Foxtrot, sending you 4
2024-10-14 20:16:38.701839 November: Echo, sending you 1
2024-10-14 20:16:38.703798 Foxtrot: Delta, Alpha and November, sending you 3
2024-10-14 20:16:38.705690 Alpha: Delta, sending you 5
2024-10-14 20:16:38.706094 November: Foxtrot, sending you 5
2024-10-14 20:16:38.709702 Delta: Bravo and Echo, sending you 2
2024-10-14 20:16:38.711956 November: Alpha, sending you 3
2024-10-14 20:16:38.712682 Delta: Foxtrot and November, sending you 3
2024-10-14 20:16:38.717663 Delta: Alpha, sending you 4
chatterbot Foxtrot submitting transactions
chatterbot Sierra submitting transactions
chatterbot Echo submitting transactions
chatterbot Alpha submitting transactions
chatterbot Kilo submitting transactions
chatterbot Bravo submitting transactions
chatterbot Golf submitting transactions
chatterbot Papa submitting transactions
chatterbot November submitting transactions
chatterbot Delta submitting transactions
ChatterBot Bravo round 4
ChatterBot Echo round 4
ChatterBot Sierra round 4
2024-10-14 20:16:39.855400 Sierra: We should add Echo
2024-10-14 20:16:39.866516 Golf: No
2024-10-14 20:16:39.867112 Kilo: No
2024-10-14 20:16:39.867551 Papa: Yes
ChatterBot Sierra reevaluating
ChatterBot Sierra reevaluating
ChatterBot Sierra reevaluating
ChatterBot Golf round 4
ChatterBot Foxtrot round 4
ChatterBot Kilo round 4
ChatterBot Delta round 4
ChatterBot Papa round 4
ChatterBot Alpha round 4
ChatterBot November round 4
2024-10-14 20:16:39.913292 Sierra: We should add Bravo and Echo
2024-10-14 20:16:39.921 Golf: No
2024-10-14 20:16:39.921228 Kilo: No
2024-10-14 20:16:39.921399 Papa: Yes
ChatterBot Sierra reevaluating
ChatterBot Sierra reevaluating
ChatterBot Sierra reevaluating
2024-10-14 20:16:39.991979 Delta: We should drop Bravo
2024-10-14 20:16:40.011004 Echo: No
2024-10-14 20:16:40.011307 Foxtrot: No
2024-10-14 20:16:40.011505 Alpha: No
2024-10-14 20:16:40.011696 November: No
ChatterBot Delta reevaluating
ChatterBot Delta reevaluating
ChatterBot Delta reevaluating
ChatterBot Delta reevaluating
2024-10-14 20:16:40.079669 Bravo: Echo, sending you 4
2024-10-14 20:16:40.080624 Echo: Bravo, sending you 6
2024-10-14 20:16:40.081092 Kilo: Sierra, sending you 2
2024-10-14 20:16:40.081999 Delta: We should drop Echo
2024-10-14 20:16:40.099604 Bravo: No
2024-10-14 20:16:40.100222 Foxtrot: No
2024-10-14 20:16:40.100381 Alpha: No
2024-10-14 20:16:40.100520 November: No
ChatterBot Delta reevaluating
ChatterBot Delta reevaluating
ChatterBot Delta reevaluating
ChatterBot Delta reevaluating
2024-10-14 20:16:40.160583 Bravo: Foxtrot, Delta, Alpha and November, sending you 2
2024-10-14 20:16:40.161091 Kilo: Golf and Papa, sending you 1
2024-10-14 20:16:40.161391 Echo: Foxtrot and Delta, sending you 2
2024-10-14 20:16:40.164905 Alpha: Bravo and November, sending you 3
2024-10-14 20:16:40.165418 November: Bravo and Delta, sending you 2
2024-10-14 20:16:40.166210 Foxtrot: Bravo and Echo, sending you 2
2024-10-14 20:16:40.166550 Golf: Same as last round
2024-10-14 20:16:40.166853 Papa: Bravo, Echo and Kilo, sending you 2
2024-10-14 20:16:40.167153 Echo: Alpha and November, sending you 1
2024-10-14 20:16:40.167669 Alpha: Echo, sending you 1
2024-10-14 20:16:40.168698 Foxtrot: Delta, Alpha and November, sending you 3
2024-10-14 20:16:40.169665 Papa: Sierra, sending you 4
2024-10-14 20:16:40.171012 November: Echo, sending you 1
2024-10-14 20:16:40.172663 Alpha: Foxtrot and Delta, sending you 4
2024-10-14 20:16:40.173722 Papa: Golf, sending you 3
2024-10-14 20:16:40.174149 November: Foxtrot, sending you 5
2024-10-14 20:16:40.178670 November: Alpha, sending you 3
2024-10-14 20:16:40.180714 Delta: Bravo, sending you 2
2024-10-14 20:16:40.183683 Delta: Foxtrot, sending you 4
2024-10-14 20:16:40.188688 Delta: Alpha, sending you 5
chatterbot Echo submitting transactions
2024-10-14 20:16:40.193788 Delta: November, sending you 3
chatterbot Foxtrot submitting transactions
chatterbot Bravo submitting transactions
chatterbot Delta submitting transactions
chatterbot Kilo submitting transactions
chatterbot Sierra submitting transactions
chatterbot Papa submitting transactions
chatterbot Golf submitting transactions
chatterbot Alpha submitting transactions
chatterbot November submitting transactions
ChatterBot Bravo round 5
ChatterBot Echo round 5
ChatterBot Sierra round 5
ChatterBot Golf round 5
ChatterBot Foxtrot round 5
ChatterBot Kilo round 5
ChatterBot Delta round 5
ChatterBot Papa round 5
ChatterBot Alpha round 5
ChatterBot November round 5
2024-10-14 20:16:41.264961 Delta: We should replace Bravo with Echo
2024-10-14 20:16:41.272681 Foxtrot: No
2024-10-14 20:16:41.272824 Alpha: No
2024-10-14 20:16:41.272940 November: No
ChatterBot Delta reevaluating
ChatterBot Delta reevaluating
2024-10-14 20:16:41.314817 Delta: We should replace Foxtrot with Echo
2024-10-14 20:16:41.323505 Bravo: No
2024-10-14 20:16:41.323710 Alpha: No
2024-10-14 20:16:41.323881 November: No
ChatterBot Delta reevaluating
ChatterBot Delta reevaluating
ChatterBot Delta reevaluating
2024-10-14 20:16:41.351833 Papa: We should drop Bravo
ChatterBot Sierra reevaluating
2024-10-14 20:16:41.362460 Sierra: Yes
2024-10-14 20:16:41.362603 Golf: Yes
2024-10-14 20:16:41.362727 Kilo: Yes
2024-10-14 20:16:41.362830 Echo: No
ChatterBot Papa reevaluating
ChatterBot Sierra reevaluating
ChatterBot Papa reevaluating
ChatterBot Sierra reevaluating
ChatterBot Papa reevaluating
ChatterBot Sierra reevaluating
2024-10-14 20:16:41.418598 Echo: Bravo, sending you 7
2024-10-14 20:16:41.420668 Kilo: Sierra, sending you 2
2024-10-14 20:16:41.421201 Foxtrot: Bravo and Echo, sending you 2
2024-10-14 20:16:41.422665 Bravo: Echo, sending you 4
2024-10-14 20:16:41.423066 Golf: Same as last round
2024-10-14 20:16:41.423360 Echo: Foxtrot, sending you 2
2024-10-14 20:16:41.425040 Delta: Echo we want you to join our group
2024-10-14 20:16:41.430900 Echo: Yes
ChatterBot Delta reevaluating
2024-10-14 20:16:41.453538 Kilo: Golf and Papa, sending you 1
2024-10-14 20:16:41.454086 Foxtrot: Delta, Alpha and November, sending you 3
2024-10-14 20:16:41.455217 Bravo: Foxtrot, Delta, Alpha and November, sending you 2
2024-10-14 20:16:41.455857 Echo: Delta, Alpha and November, sending you 1
2024-10-14 20:16:41.456460 Alpha: Bravo and November, sending you 3
2024-10-14 20:16:41.460698 Alpha: Foxtrot, sending you 4
2024-10-14 20:16:41.461752 November: Bravo and Echo, sending you 2
2024-10-14 20:16:41.464709 Alpha: Delta, sending you 5
2024-10-14 20:16:41.466165 November: Foxtrot, Delta and Alpha, sending you 3
2024-10-14 20:16:41.467851 Sierra: Golf, sending you 4
2024-10-14 20:16:41.471679 Sierra: Kilo, sending you 3
2024-10-14 20:16:41.476657 Sierra: Papa, sending you 5
2024-10-14 20:16:41.483673 Delta: Echo, sending you 2
2024-10-14 20:16:41.488690 Delta: Foxtrot, sending you 4
2024-10-14 20:16:41.493664 Delta: Alpha, sending you 5
2024-10-14 20:16:41.498662 Delta: November, sending you 3
chatterbot Sierra submitting transactions
chatterbot Echo submitting transactions
chatterbot Bravo submitting transactions
chatterbot Foxtrot submitting transactions
chatterbot November submitting transactions
chatterbot Kilo submitting transactions
chatterbot Delta submitting transactions
chatterbot Golf submitting transactions
chatterbot Alpha submitting transactions
chatterbot Papa submitting transactions
ChatterBot Bravo round 6
ChatterBot Echo round 6
ChatterBot Sierra round 6
ChatterBot Golf round 6
ChatterBot Foxtrot round 6
ChatterBot Kilo round 6
ChatterBot Delta round 6
ChatterBot Papa round 6
ChatterBot Alpha round 6
ChatterBot November round 6
2024-10-14 20:16:42.624418 Sierra: We should add Echo
ChatterBot Papa reevaluating
2024-10-14 20:16:42.631229 Golf: No
2024-10-14 20:16:42.631369 Kilo: No
2024-10-14 20:16:42.631492 Papa: No
ChatterBot Sierra reevaluating
ChatterBot Papa reevaluating
ChatterBot Sierra reevaluating
ChatterBot Papa reevaluating
ChatterBot Sierra reevaluating
2024-10-14 20:16:42.678665 Bravo: Echo, sending you 4
2024-10-14 20:16:42.682703 November: Bravo and Echo, sending you 2
2024-10-14 20:16:42.683938 Bravo: Foxtrot, Delta, Alpha and November, sending you 2
2024-10-14 20:16:42.687075 Foxtrot: Bravo and Echo, sending you 2
2024-10-14 20:16:42.687571 November: Foxtrot, Delta and Alpha, sending you 3
2024-10-14 20:16:42.688032 Delta: Echo, sending you 2
2024-10-14 20:16:42.690249 Foxtrot: Delta, Alpha and November, sending you 3
2024-10-14 20:16:42.690839 Delta: Foxtrot, sending you 4
2024-10-14 20:16:42.692677 Echo: Bravo, sending you 5
2024-10-14 20:16:42.694142 Golf: Same as last round
2024-10-14 20:16:42.694740 Sierra: Golf, sending you 4
2024-10-14 20:16:42.695107 Delta: Alpha, sending you 5
2024-10-14 20:16:42.696711 Echo: Foxtrot, Delta and November, sending you 2
2024-10-14 20:16:42.698685 Sierra: Kilo, sending you 3
2024-10-14 20:16:42.699680 Delta: November, sending you 3
2024-10-14 20:16:42.700986 Papa: Bravo, Echo and Kilo, sending you 2
2024-10-14 20:16:42.701689 Echo: Alpha, sending you 1
2024-10-14 20:16:42.702228 Alpha: Bravo and November, sending you 3
2024-10-14 20:16:42.703963 Sierra: Papa, sending you 5
2024-10-14 20:16:42.704446 Kilo: Sierra, sending you 2
2024-10-14 20:16:42.704898 Papa: Sierra, sending you 4
2024-10-14 20:16:42.707467 Alpha: Foxtrot, sending you 4
2024-10-14 20:16:42.709672 Kilo: Golf and Papa, sending you 1
2024-10-14 20:16:42.710677 Papa: Golf, sending you 3
2024-10-14 20:16:42.711687 Alpha: Delta, sending you 5
chatterbot Sierra submitting transactions
chatterbot November submitting transactions
chatterbot Bravo submitting transactions
chatterbot Alpha submitting transactions
chatterbot Foxtrot submitting transactions
chatterbot Papa submitting transactions
chatterbot Golf submitting transactions
chatterbot Delta submitting transactions
chatterbot Echo submitting transactions
chatterbot Kilo submitting transactions
ChatterBot Bravo round 7
ChatterBot Echo round 7
ChatterBot Sierra round 7
ChatterBot Golf round 7
ChatterBot Foxtrot round 7
ChatterBot Kilo round 7
ChatterBot Delta round 7
ChatterBot Papa round 7
ChatterBot Alpha round 7
ChatterBot November round 7
2024-10-14 20:16:43.980388 Papa: We should drop Bravo
2024-10-14 20:16:43.995431 Sierra: Yes
2024-10-14 20:16:43.995598 Golf: Yes
2024-10-14 20:16:43.995752 Kilo: Yes
2024-10-14 20:16:43.995877 Echo: No
ChatterBot Papa reevaluating
ChatterBot Papa reevaluating
ChatterBot Papa reevaluating
ChatterBot Papa reevaluating
2024-10-14 20:16:44.046671 Golf: Same as last round
2024-10-14 20:16:44.047053 Echo: Bravo, sending you 5
2024-10-14 20:16:44.047973 Delta: Echo, sending you 2
2024-10-14 20:16:44.048399 Foxtrot: Bravo and Echo, sending you 2
2024-10-14 20:16:44.048903 Bravo: Echo, sending you 4
2024-10-14 20:16:44.049452 Kilo: Sierra, sending you 2
2024-10-14 20:16:44.049914 Sierra: Golf, sending you 4
2024-10-14 20:16:44.051676 Echo: Foxtrot, Delta and November, sending you 2
2024-10-14 20:16:44.052475 Delta: Foxtrot, sending you 4
2024-10-14 20:16:44.052997 Foxtrot: Delta, Alpha and November, sending you 3
2024-10-14 20:16:44.053568 Bravo: Foxtrot, Delta, Alpha and November, sending you 2
2024-10-14 20:16:44.054292 Kilo: Golf and Papa, sending you 1
2024-10-14 20:16:44.055675 Sierra: Kilo, sending you 3
2024-10-14 20:16:44.056028 Echo: Alpha, sending you 1
2024-10-14 20:16:44.056745 Delta: Alpha, sending you 5
2024-10-14 20:16:44.058683 Alpha: Bravo and November, sending you 3
2024-10-14 20:16:44.061307 November: Bravo and Echo, sending you 2
2024-10-14 20:16:44.062047 Sierra: Papa, sending you 5
2024-10-14 20:16:44.062570 Delta: November, sending you 3
2024-10-14 20:16:44.064670 Alpha: Foxtrot, sending you 4
2024-10-14 20:16:44.065865 November: Foxtrot, Delta and Alpha, sending you 3
2024-10-14 20:16:44.066917 Papa: Echo, Golf and Kilo, sending you 3
2024-10-14 20:16:44.071556 Alpha: Delta, sending you 5
2024-10-14 20:16:44.072667 Papa: Sierra, sending you 4
chatterbot November submitting transactions
chatterbot Echo submitting transactions
chatterbot Golf submitting transactions
chatterbot Foxtrot submitting transactions
chatterbot Delta submitting transactions
chatterbot Bravo submitting transactions
chatterbot Sierra submitting transactions
chatterbot Kilo submitting transactions
chatterbot Alpha submitting transactions
chatterbot Papa submitting transactions
ChatterBot Bravo round 8
ChatterBot Echo round 8
ChatterBot Sierra round 8
ChatterBot Golf round 8
ChatterBot Foxtrot round 8
ChatterBot Kilo round 8
ChatterBot Delta round 8
ChatterBot Papa round 8
ChatterBot Alpha round 8
ChatterBot November round 8
2024-10-14 20:16:45.297702 Delta: We should replace Foxtrot with Bravo
2024-10-14 20:16:45.319689 Echo: No
2024-10-14 20:16:45.319860 Alpha: No
2024-10-14 20:16:45.319989 November: No
ChatterBot Delta reevaluating
ChatterBot Delta reevaluating
ChatterBot Delta reevaluating
2024-10-14 20:16:45.448320 Bravo: Echo, sending you 4
2024-10-14 20:16:45.450017 Delta: Bravo we want you to join our group
2024-10-14 20:16:45.457972 Bravo: Yes
ChatterBot Delta reevaluating
2024-10-14 20:16:45.484482 Bravo: Foxtrot, Delta, Alpha and November, sending you 2
2024-10-14 20:16:45.486542 Foxtrot: Bravo and Echo, sending you 2
2024-10-14 20:16:45.488055 Alpha: Bravo, sending you 2
2024-10-14 20:16:45.489901 Echo: Bravo, sending you 5
2024-10-14 20:16:45.491411 Papa: Echo, Golf and Kilo, sending you 3
2024-10-14 20:16:45.492089 Foxtrot: Delta, Alpha and November, sending you 3
2024-10-14 20:16:45.493842 Sierra: Golf, sending you 4
2024-10-14 20:16:45.494877 Alpha: Echo, sending you 1
2024-10-14 20:16:45.496358 Golf: Same as last round
2024-10-14 20:16:45.497008 Kilo: Sierra, sending you 2
2024-10-14 20:16:45.498028 Echo: Foxtrot, Delta and November, sending you 2
2024-10-14 20:16:45.498728 Papa: Sierra, sending you 4
2024-10-14 20:16:45.499656 Sierra: Kilo, sending you 3
2024-10-14 20:16:45.500014 Alpha: Foxtrot and November, sending you 3
2024-10-14 20:16:45.501692 Kilo: Golf and Papa, sending you 1
2024-10-14 20:16:45.502670 Sierra: Papa, sending you 5
2024-10-14 20:16:45.503955 Echo: Alpha, sending you 1
2024-10-14 20:16:45.505670 Alpha: Delta, sending you 6
2024-10-14 20:16:45.507114 November: Bravo and Echo, sending you 2
2024-10-14 20:16:45.511971 November: Foxtrot, Delta and Alpha, sending you 3
2024-10-14 20:16:45.515760 Delta: Bravo and November, sending you 3
2024-10-14 20:16:45.518685 Delta: Echo, sending you 2
2024-10-14 20:16:45.524701 Delta: Alpha, sending you 6
chatterbot Echo submitting transactions
chatterbot Sierra submitting transactions
chatterbot November submitting transactions
chatterbot Papa submitting transactions
chatterbot Golf submitting transactions
chatterbot Alpha submitting transactions
chatterbot Bravo submitting transactions
chatterbot Kilo submitting transactions
chatterbot Foxtrot submitting transactions
chatterbot Delta submitting transactions
ChatterBot Bravo round 9
ChatterBot Echo round 9
ChatterBot Sierra round 9
ChatterBot Golf round 9
ChatterBot Foxtrot round 9
ChatterBot Kilo round 9
ChatterBot Delta round 9
ChatterBot Papa round 9
ChatterBot Alpha round 9
ChatterBot November round 9
2024-10-14 20:16:46.678887 Delta: We should replace Echo with Foxtrot
2024-10-14 20:16:46.695462 Bravo: No
2024-10-14 20:16:46.695723 Alpha: No
2024-10-14 20:16:46.696291 November: No
ChatterBot Delta reevaluating
ChatterBot Delta reevaluating
ChatterBot Delta reevaluating
2024-10-14 20:16:46.739624 Papa: We should add Bravo
2024-10-14 20:16:46.754296 Sierra: No
2024-10-14 20:16:46.754507 Golf: No
2024-10-14 20:16:46.754654 Kilo: No
2024-10-14 20:16:46.754777 Echo: Yes
ChatterBot Papa reevaluating
ChatterBot Papa reevaluating
ChatterBot Papa reevaluating
ChatterBot Papa reevaluating
2024-10-14 20:16:46.846678 Echo: Bravo, sending you 5
2024-10-14 20:16:46.851664 Delta: Foxtrot we want you to join our group
2024-10-14 20:16:46.855734 Foxtrot: Yes
ChatterBot Delta reevaluating
2024-10-14 20:16:46.868711 Echo: Foxtrot, Delta and November, sending you 2
2024-10-14 20:16:46.869307 Golf: Same as last round
2024-10-14 20:16:46.871660 Echo: Alpha, sending you 1
2024-10-14 20:16:46.872782 Bravo: Echo, sending you 4
2024-10-14 20:16:46.873665 Foxtrot: Bravo and Echo, sending you 2
2024-10-14 20:16:46.874221 Sierra: Sending you each 4
2024-10-14 20:16:46.875067 Papa: Echo, Golf and Kilo, sending you 3
2024-10-14 20:16:46.875367 November: Bravo and Echo, sending you 2
2024-10-14 20:16:46.875875 Kilo: Sierra, sending you 2
2024-10-14 20:16:46.876178 Alpha: Bravo, sending you 2
2024-10-14 20:16:46.876661 Bravo: Foxtrot, Delta, Alpha and November, sending you 2
2024-10-14 20:16:46.877692 Foxtrot: Delta, Alpha and November, sending you 3
2024-10-14 20:16:46.878520 Papa: Sierra, sending you 4
2024-10-14 20:16:46.878976 Kilo: Golf and Papa, sending you 1
2024-10-14 20:16:46.880684 November: Foxtrot, Delta and Alpha, sending you 3
2024-10-14 20:16:46.881663 Alpha: Echo, sending you 1
2024-10-14 20:16:46.884663 Alpha: Foxtrot and November, sending you 3
2024-10-14 20:16:46.890668 Alpha: Delta, sending you 6
2024-10-14 20:16:46.896729 Delta: Bravo, sending you 2
2024-10-14 20:16:46.899669 Delta: Foxtrot, sending you 4
2024-10-14 20:16:46.903667 Delta: Alpha, sending you 5
2024-10-14 20:16:46.907687 Delta: November, sending you 3
chatterbot Bravo submitting transactions
chatterbot Delta submitting transactions
chatterbot Papa submitting transactions
chatterbot Kilo submitting transactions
chatterbot Alpha submitting transactions
chatterbot Sierra submitting transactions
chatterbot Foxtrot submitting transactions
chatterbot Golf submitting transactions
chatterbot November submitting transactions
chatterbot Echo submitting transactions
ChatterBot Bravo round 10
ChatterBot Echo round 10
ChatterBot Sierra round 10
ChatterBot Golf round 10
ChatterBot Foxtrot round 10
ChatterBot Kilo round 10
ChatterBot Delta round 10
ChatterBot Papa round 10
2024-10-14 20:16:47.887405 Sierra: We should add Bravo and Echo
2024-10-14 20:16:47.896415 Golf: No
2024-10-14 20:16:47.897032 Kilo: No
2024-10-14 20:16:47.897188 Papa: No
ChatterBot Sierra reevaluating
ChatterBot Papa reevaluating
ChatterBot Sierra reevaluating
ChatterBot Papa reevaluating
ChatterBot Sierra reevaluating
ChatterBot Alpha round 10
ChatterBot November round 10
2024-10-14 20:16:47.957655 Bravo: Echo, sending you 4
2024-10-14 20:16:47.962670 Bravo: Foxtrot, Delta, Alpha and November, sending you 2
2024-10-14 20:16:47.963364 Golf: Same as last round
2024-10-14 20:16:47.965654 Kilo: Sierra, sending you 2
2024-10-14 20:16:47.966374 Echo: Bravo, sending you 5
2024-10-14 20:16:47.969688 Alpha: Bravo, sending you 2
2024-10-14 20:16:47.970681 Kilo: Golf and Papa, sending you 1
2024-10-14 20:16:47.971160 Echo: Foxtrot, Delta and November, sending you 2
2024-10-14 20:16:47.972109 November: Bravo and Echo, sending you 2
2024-10-14 20:16:47.973004 Sierra: Same as last round
2024-10-14 20:16:47.973465 Alpha: Echo, sending you 1
2024-10-14 20:16:47.975279 Foxtrot: Bravo and Echo, sending you 2
2024-10-14 20:16:47.975997 Delta: Bravo, sending you 2
2024-10-14 20:16:47.976353 Echo: Alpha, sending you 1
2024-10-14 20:16:47.977658 November: Foxtrot, Delta and Alpha, sending you 3
2024-10-14 20:16:47.978584 Alpha: Foxtrot and November, sending you 3
2024-10-14 20:16:47.979735 Foxtrot: Delta, Alpha and November, sending you 3
2024-10-14 20:16:47.981777 Delta: Foxtrot and November, sending you 3
2024-10-14 20:16:47.983737 Alpha: Delta, sending you 6
2024-10-14 20:16:47.986698 Delta: Alpha, sending you 6
chatterbot November submitting transactions
chatterbot Bravo submitting transactions
chatterbot Alpha submitting transactions
chatterbot Echo submitting transactions
chatterbot Delta submitting transactions
chatterbot Golf submitting transactions
chatterbot Kilo submitting transactions
chatterbot Foxtrot submitting transactions
chatterbot Papa submitting transactions
chatterbot Sierra submitting transactions
ChatterBot Bravo round 11
ChatterBot Echo round 11
ChatterBot Sierra round 11
ChatterBot Golf round 11
ChatterBot Foxtrot round 11
ChatterBot Kilo round 11
ChatterBot Delta round 11
ChatterBot Papa round 11
ChatterBot Alpha round 11
ChatterBot November round 11
2024-10-14 20:16:49.194687 Delta: Bravo, sending you 2
2024-10-14 20:16:49.196418 Golf: Same as last round
2024-10-14 20:16:49.197243 Kilo: Sierra, sending you 2
2024-10-14 20:16:49.198535 Echo: Bravo, sending you 6
2024-10-14 20:16:49.200328 Delta: Foxtrot and November, sending you 3
2024-10-14 20:16:49.201087 Foxtrot: Bravo and Echo, sending you 2
2024-10-14 20:16:49.202647 Sierra: Same as last round
2024-10-14 20:16:49.203270 Kilo: Golf and Papa, sending you 1
2024-10-14 20:16:49.204499 November: Bravo and Echo, sending you 2
2024-10-14 20:16:49.205748 Echo: Foxtrot and November, sending you 2
2024-10-14 20:16:49.207121 Alpha: Bravo, sending you 2
2024-10-14 20:16:49.208483 Delta: Alpha, sending you 6
2024-10-14 20:16:49.209208 Foxtrot: Delta, Alpha and November, sending you 3
2024-10-14 20:16:49.210870 Papa: Echo, sending you 2
2024-10-14 20:16:49.212102 Bravo: Echo, sending you 4
2024-10-14 20:16:49.213170 November: Foxtrot, Delta and Alpha, sending you 3
2024-10-14 20:16:49.214906 Echo: Delta and Alpha, sending you 1
2024-10-14 20:16:49.216860 Alpha: Echo, sending you 1
2024-10-14 20:16:49.219004 Papa: Sierra and Golf, sending you 4
2024-10-14 20:16:49.219961 Bravo: Foxtrot, Delta, Alpha and November, sending you 2
2024-10-14 20:16:49.222981 Alpha: Foxtrot and November, sending you 3
2024-10-14 20:16:49.225186 Papa: Kilo, sending you 3
2024-10-14 20:16:49.228661 Alpha: Delta, sending you 6
chatterbot Kilo submitting transactions
chatterbot Delta submitting transactions
chatterbot November submitting transactions
chatterbot Bravo submitting transactions
chatterbot Foxtrot submitting transactions
chatterbot Alpha submitting transactions
chatterbot Papa submitting transactions
chatterbot Echo submitting transactions
chatterbot Golf submitting transactions
chatterbot Sierra submitting transactions
ChatterBot Bravo round 12
ChatterBot Echo round 12
ChatterBot Sierra round 12
ChatterBot Golf round 12
ChatterBot Foxtrot round 12
ChatterBot Kilo round 12
ChatterBot Delta round 12
ChatterBot Papa round 12
ChatterBot Alpha round 12
ChatterBot November round 12
2024-10-14 20:16:50.456328 Papa: We should replace Echo with November
ChatterBot Sierra reevaluating
2024-10-14 20:16:50.470770 Golf: No
2024-10-14 20:16:50.471520 Kilo: No
2024-10-14 20:16:50.471792 Sierra: Yes
ChatterBot Sierra reevaluating
ChatterBot Papa reevaluating
ChatterBot Sierra reevaluating
ChatterBot Papa reevaluating
ChatterBot Papa reevaluating
2024-10-14 20:16:50.513577 Papa: We should replace Echo with Foxtrot
ChatterBot Sierra reevaluating
2024-10-14 20:16:50.527119 Golf: No
2024-10-14 20:16:50.528075 Kilo: No
2024-10-14 20:16:50.528383 Sierra: No
ChatterBot Sierra reevaluating
ChatterBot Papa reevaluating
ChatterBot Sierra reevaluating
ChatterBot Papa reevaluating
ChatterBot Papa reevaluating
2024-10-14 20:16:50.576527 Papa: We should replace Echo with Bravo
2024-10-14 20:16:50.587650 Golf: No
2024-10-14 20:16:50.588596 Kilo: No
2024-10-14 20:16:50.588957 Sierra: No
ChatterBot Papa reevaluating
ChatterBot Papa reevaluating
ChatterBot Papa reevaluating
2024-10-14 20:16:50.614899 Papa: We should replace Echo with Delta
ChatterBot Sierra reevaluating
2024-10-14 20:16:50.623905 Golf: No
2024-10-14 20:16:50.624045 Kilo: No
2024-10-14 20:16:50.624216 Sierra: No
ChatterBot Sierra reevaluating
ChatterBot Papa reevaluating
ChatterBot Sierra reevaluating
ChatterBot Papa reevaluating
ChatterBot Papa reevaluating
2024-10-14 20:16:50.652105 Kilo: Sierra, sending you 2
2024-10-14 20:16:50.652854 Echo: Bravo, sending you 6
2024-10-14 20:16:50.654670 Delta: Bravo, sending you 2
2024-10-14 20:16:50.656055 Golf: Same as last round
2024-10-14 20:16:50.656693 Bravo: Echo, sending you 4
2024-10-14 20:16:50.658127 Foxtrot: Bravo and Echo, sending you 2
2024-10-14 20:16:50.659209 Alpha: Bravo, sending you 2
2024-10-14 20:16:50.660577 Kilo: Golf and Papa, sending you 1
2024-10-14 20:16:50.661074 Echo: Foxtrot and November, sending you 2
2024-10-14 20:16:50.662639 November: Bravo and Echo, sending you 2
2024-10-14 20:16:50.663956 Papa: November we want you to join our group
2024-10-14 20:16:50.668113 November: No
ChatterBot Papa reevaluating
2024-10-14 20:16:50.681074 Delta: Foxtrot and November, sending you 3
2024-10-14 20:16:50.681706 Bravo: Foxtrot, Delta, Alpha and November, sending you 2
2024-10-14 20:16:50.682959 Alpha: Echo, sending you 1
2024-10-14 20:16:50.683687 Foxtrot: Delta, Alpha and November, sending you 3
2024-10-14 20:16:50.685091 Echo: Delta and Alpha, sending you 1
2024-10-14 20:16:50.686229 November: Foxtrot, Delta and Alpha, sending you 3
2024-10-14 20:16:50.688338 Papa: Foxtrot we want you to join our group
2024-10-14 20:16:50.692896 Foxtrot: No
ChatterBot Papa reevaluating
2024-10-14 20:16:50.706702 Delta: Alpha, sending you 6
2024-10-14 20:16:50.708217 Alpha: Foxtrot and November, sending you 3
2024-10-14 20:16:50.710360 Sierra: Same as last round
2024-10-14 20:16:50.713463 Alpha: Delta, sending you 6
2024-10-14 20:16:50.736686 Papa: Sierra and Golf, sending you 4
2024-10-14 20:16:50.741657 Papa: Foxtrot, sending you 2
2024-10-14 20:16:50.746662 Papa: Kilo, sending you 3
chatterbot Delta submitting transactions
chatterbot Papa submitting transactions
chatterbot Alpha submitting transactions
chatterbot Echo submitting transactions
chatterbot Foxtrot submitting transactions
chatterbot Kilo submitting transactions
chatterbot Golf submitting transactions
chatterbot Bravo submitting transactions
chatterbot November submitting transactions
chatterbot Sierra submitting transactions
ChatterBot Bravo round 13
ChatterBot Echo round 13
ChatterBot Sierra round 13
ChatterBot Golf round 13
ChatterBot Foxtrot round 13
ChatterBot Kilo round 13
ChatterBot Delta round 13
ChatterBot Papa round 13
ChatterBot Alpha round 13
ChatterBot November round 13
2024-10-14 20:16:51.877267 Papa: We should replace Foxtrot with November
2024-10-14 20:16:51.887531 Golf: No
2024-10-14 20:16:51.887710 Kilo: No
2024-10-14 20:16:51.887886 Sierra: No
ChatterBot Sierra reevaluating
ChatterBot Papa reevaluating
ChatterBot Sierra reevaluating
ChatterBot Papa reevaluating
ChatterBot Papa reevaluating
2024-10-14 20:16:51.928406 Papa: November we want you to join our group
2024-10-14 20:16:51.933778 November: No
ChatterBot Papa reevaluating
2024-10-14 20:16:51.951563 Papa: We should replace Foxtrot with Bravo
2024-10-14 20:16:51.963148 Golf: No
2024-10-14 20:16:51.963357 Kilo: No
2024-10-14 20:16:51.963521 Sierra: No
ChatterBot Sierra reevaluating
ChatterBot Papa reevaluating
ChatterBot Sierra reevaluating
ChatterBot Papa reevaluating
ChatterBot Papa reevaluating
2024-10-14 20:16:52.007464 Bravo: Echo, sending you 4
2024-10-14 20:16:52.014665 Delta: Bravo, sending you 2
2024-10-14 20:16:52.016242 Alpha: Bravo, sending you 2
2024-10-14 20:16:52.017859 Bravo: Foxtrot, Delta, Alpha and November, sending you 2
2024-10-14 20:16:52.019474 Foxtrot: Bravo, Delta, Alpha and November, sending you 3
2024-10-14 20:16:52.020946 Golf: Same as last round
2024-10-14 20:16:52.021693 Kilo: Sierra, sending you 2
2024-10-14 20:16:52.022751 November: Bravo and Echo, sending you 2
2024-10-14 20:16:52.023857 Echo: Bravo, sending you 5
2024-10-14 20:16:52.026109 Delta: Foxtrot and November, sending you 3
