ChatterBot India round 1
ChatterBot Papa round 1
ChatterBot Golf round 1
ChatterBot Alpha round 1
ChatterBot Uniform round 1
ChatterBot Lima round 1
ChatterBot Delta round 1
ChatterBot Charlie round 1
ChatterBot Tango round 1
ChatterBot November round 1
randomSelections Lima: {Lima, Uniform, Tango, Papa, Alpha, Delta, Golf, India} 
2024-10-14 20:16:34.729309 Lima: Friends?
ChatterBot Uniform reevaluating
ChatterBot Tango reevaluating
ChatterBot Papa reevaluating
ChatterBot Alpha reevaluating
ChatterBot Delta reevaluating
ChatterBot Golf reevaluating
ChatterBot India reevaluating
2024-10-14 20:16:34.760250 Uniform: Yes
2024-10-14 20:16:34.760494 Tango: Yes
2024-10-14 20:16:34.760744 Papa: Yes
2024-10-14 20:16:34.760986 Alpha: Yes
2024-10-14 20:16:34.762009 Delta: Yes
2024-10-14 20:16:34.762189 Golf: Yes
2024-10-14 20:16:34.762346 India: Yes
ChatterBot Tango reevaluating
ChatterBot Papa reevaluating
ChatterBot Alpha reevaluating
ChatterBot Delta reevaluating
ChatterBot Golf reevaluating
ChatterBot India reevaluating
ChatterBot Uniform reevaluating
ChatterBot Papa reevaluating
ChatterBot Alpha reevaluating
ChatterBot Delta reevaluating
ChatterBot Golf reevaluating
ChatterBot India reevaluating
ChatterBot Uniform reevaluating
ChatterBot Tango reevaluating
ChatterBot Alpha reevaluating
ChatterBot Delta reevaluating
ChatterBot Golf reevaluating
ChatterBot India reevaluating
ChatterBot Uniform reevaluating
ChatterBot Tango reevaluating
ChatterBot Papa reevaluating
ChatterBot Delta reevaluating
ChatterBot Golf reevaluating
ChatterBot India reevaluating
ChatterBot Uniform reevaluating
ChatterBot Tango reevaluating
ChatterBot Papa reevaluating
ChatterBot Alpha reevaluating
ChatterBot Golf reevaluating
ChatterBot India reevaluating
ChatterBot Uniform reevaluating
ChatterBot Tango reevaluating
ChatterBot Papa reevaluating
ChatterBot Alpha reevaluating
ChatterBot Delta reevaluating
ChatterBot India reevaluating
ChatterBot Uniform reevaluating
ChatterBot Tango reevaluating
ChatterBot Papa reevaluating
ChatterBot Alpha reevaluating
ChatterBot Delta reevaluating
ChatterBot Golf reevaluating
randomSelections Charlie: {Charlie, Delta, Uniform, Tango, Lima, Golf, November} 
2024-10-14 20:16:34.965608 Charlie: We should group up
ChatterBot Delta reevaluating
ChatterBot Uniform reevaluating
ChatterBot Tango reevaluating
ChatterBot Golf reevaluating
ChatterBot November reevaluating
2024-10-14 20:16:34.978887 Delta: No
2024-10-14 20:16:34.979319 Uniform: No
2024-10-14 20:16:34.979523 Tango: No
2024-10-14 20:16:34.980317 Lima: No
2024-10-14 20:16:34.980546 Golf: No
2024-10-14 20:16:34.980804 November: Yes
ChatterBot Uniform reevaluating
ChatterBot Tango reevaluating
ChatterBot Golf reevaluating
ChatterBot November reevaluating
ChatterBot Delta reevaluating
ChatterBot Tango reevaluating
ChatterBot Golf reevaluating
ChatterBot November reevaluating
ChatterBot Delta reevaluating
ChatterBot Uniform reevaluating
ChatterBot Golf reevaluating
ChatterBot November reevaluating
ChatterBot Delta reevaluating
ChatterBot Uniform reevaluating
ChatterBot Tango reevaluating
ChatterBot Golf reevaluating
ChatterBot November reevaluating
ChatterBot Delta reevaluating
ChatterBot Uniform reevaluating
ChatterBot Tango reevaluating
ChatterBot November reevaluating
ChatterBot Delta reevaluating
ChatterBot Uniform reevaluating
ChatterBot Tango reevaluating
ChatterBot Golf reevaluating
2024-10-14 20:16:35.080900 Tango: India and Alpha, sending you 2
2024-10-14 20:16:35.081971 Charlie: Golf and Tango, sending you 1
2024-10-14 20:16:35.083872 Delta: India and Papa, sending you 2
2024-10-14 20:16:35.089622 Lima: India, sending you 3
2024-10-14 20:16:35.091092 Golf: India, sending you 2
2024-10-14 20:16:35.091660 Charlie: Uniform and Delta, sending you 2
2024-10-14 20:16:35.093950 Papa: Golf and Lima, sending you 3
2024-10-14 20:16:35.094583 India: Papa, Golf, Alpha and Delta, sending you 1
2024-10-14 20:16:35.095859 Alpha: India and Uniform, sending you 3
2024-10-14 20:16:35.096637 Delta: Golf and Alpha, sending you 1
2024-10-14 20:16:35.097917 November: Uniform, sending you 4
2024-10-14 20:16:35.098478 Golf: Papa, sending you 3
2024-10-14 20:16:35.100903 Lima: Papa, Alpha and Tango, sending you 1
2024-10-14 20:16:35.103343 Papa: Delta, sending you 1
2024-10-14 20:16:35.106641 Charlie: November, sending you 3
2024-10-14 20:16:35.108137 India: Uniform and Tango, sending you 2
2024-10-14 20:16:35.109074 Alpha: Golf and Lima, sending you 2
2024-10-14 20:16:35.111110 November: Lima, sending you 1
2024-10-14 20:16:35.111510 Delta: Uniform, sending you 3
2024-10-14 20:16:35.112886 Uniform: Papa, Golf, Delta and Tango, sending you 1
2024-10-14 20:16:35.113548 Golf: Alpha, sending you 4
2024-10-14 20:16:35.114081 Lima: Uniform, sending you 2
2024-10-14 20:16:35.115904 Papa: Tango, sending you 2
2024-10-14 20:16:35.116755 India: Lima, sending you 4
2024-10-14 20:16:35.118552 November: Delta, sending you 3
2024-10-14 20:16:35.119173 Alpha: Delta and Tango, sending you 1
2024-10-14 20:16:35.120460 Uniform: Alpha and Lima, sending you 2
2024-10-14 20:16:35.121078 Golf: Uniform, Delta and Tango, sending you 1
2024-10-14 20:16:35.122464 November: Charlie and Tango, sending you 2
chatterbot Uniform submitting transactions
chatterbot Golf submitting transactions
chatterbot Lima submitting transactions
chatterbot Tango submitting transactions
chatterbot India submitting transactions
chatterbot November submitting transactions
chatterbot Charlie submitting transactions
chatterbot Delta submitting transactions
chatterbot Alpha submitting transactions
chatterbot Papa submitting transactions
ChatterBot India round 2
ChatterBot Papa round 2
ChatterBot Golf round 2
ChatterBot Alpha round 2
2024-10-14 20:16:37.391227 Papa: We would work well together
ChatterBot Golf reevaluating
ChatterBot Alpha reevaluating
ChatterBot Uniform reevaluating
ChatterBot Delta reevaluating
2024-10-14 20:16:37.428872 Golf: Yes
2024-10-14 20:16:37.429693 Alpha: Yes
2024-10-14 20:16:37.429883 Uniform: No
2024-10-14 20:16:37.430092 Delta: No
ChatterBot Alpha reevaluating
ChatterBot Uniform reevaluating
ChatterBot Delta reevaluating
ChatterBot Golf reevaluating
ChatterBot Uniform reevaluating
ChatterBot Delta reevaluating
ChatterBot Golf reevaluating
ChatterBot Alpha reevaluating
ChatterBot Delta reevaluating
ChatterBot Golf reevaluating
ChatterBot Alpha reevaluating
ChatterBot Uniform reevaluating
ChatterBot Uniform round 2
ChatterBot Lima round 2
ChatterBot Delta round 2
ChatterBot Charlie round 2
ChatterBot Tango round 2
ChatterBot November round 2
2024-10-14 20:16:37.610286 India: We should group up
ChatterBot Lima reevaluating
ChatterBot Tango reevaluating
2024-10-14 20:16:37.626291 Lima: Yes
2024-10-14 20:16:37.626558 Tango: Yes
ChatterBot India reevaluating
ChatterBot Tango reevaluating
ChatterBot India reevaluating
ChatterBot Lima reevaluating
2024-10-14 20:16:37.683179 Charlie: Friends?
ChatterBot November reevaluating
ChatterBot Lima reevaluating
2024-10-14 20:16:37.697957 November: No
2024-10-14 20:16:37.698721 Lima: No
ChatterBot Charlie reevaluating
ChatterBot Lima reevaluating
ChatterBot Charlie reevaluating
ChatterBot November reevaluating
2024-10-14 20:16:37.729167 Delta: Friends?
ChatterBot Golf reevaluating
ChatterBot Alpha reevaluating
ChatterBot Uniform reevaluating
ChatterBot Charlie reevaluating
ChatterBot November reevaluating
2024-10-14 20:16:37.760264 Papa: No
2024-10-14 20:16:37.760486 Golf: No
2024-10-14 20:16:37.760611 Alpha: No
2024-10-14 20:16:37.760737 Uniform: No
2024-10-14 20:16:37.760877 Charlie: No
2024-10-14 20:16:37.760983 November: No
ChatterBot Delta reevaluating
ChatterBot Golf reevaluating
ChatterBot Alpha reevaluating
ChatterBot Uniform reevaluating
ChatterBot Charlie reevaluating
ChatterBot November reevaluating
ChatterBot Delta reevaluating
ChatterBot Alpha reevaluating
ChatterBot Uniform reevaluating
ChatterBot Charlie reevaluating
ChatterBot November reevaluating
ChatterBot Delta reevaluating
ChatterBot Golf reevaluating
ChatterBot Uniform reevaluating
ChatterBot Charlie reevaluating
ChatterBot November reevaluating
ChatterBot Delta reevaluating
ChatterBot Golf reevaluating
ChatterBot Alpha reevaluating
ChatterBot Charlie reevaluating
ChatterBot November reevaluating
ChatterBot Delta reevaluating
ChatterBot Golf reevaluating
ChatterBot Alpha reevaluating
ChatterBot Uniform reevaluating
ChatterBot November reevaluating
ChatterBot Delta reevaluating
ChatterBot Golf reevaluating
ChatterBot Alpha reevaluating
ChatterBot Uniform reevaluating
ChatterBot Charlie reevaluating
2024-10-14 20:16:38.115794 Uniform: We should drop Papa and Golf
ChatterBot Alpha reevaluating
ChatterBot India reevaluating
2024-10-14 20:16:38.149128 Alpha: No
2024-10-14 20:16:38.149385 Delta: No
2024-10-14 20:16:38.149661 India: Yes
2024-10-14 20:16:38.149845 Lima: No
2024-10-14 20:16:38.150097 Tango: No
ChatterBot Uniform reevaluating
ChatterBot India reevaluating
ChatterBot Uniform reevaluating
ChatterBot Alpha reevaluating
ChatterBot India reevaluating
ChatterBot Uniform reevaluating
ChatterBot Alpha reevaluating
ChatterBot Uniform reevaluating
ChatterBot Alpha reevaluating
ChatterBot India reevaluating
ChatterBot Uniform reevaluating
ChatterBot Alpha reevaluating
ChatterBot Delta reevaluating
ChatterBot India reevaluating
2024-10-14 20:16:38.271462 Papa: Golf, sending you 4
chatterbot Papa submitting transactions
2024-10-14 20:16:38.275713 Papa: Uniform, sending you 2
2024-10-14 20:16:38.276702 Charlie: November, sending you 9
2024-10-14 20:16:38.277112 Tango: India, Papa, Golf and Lima, sending you 1
2024-10-14 20:16:38.277712 Golf: Papa, sending you 6
2024-10-14 20:16:38.281888 Papa: Delta, sending you 3
2024-10-14 20:16:38.282265 Golf: Alpha, sending you 4
2024-10-14 20:16:38.283689 November: Sending you 4
2024-10-14 20:16:38.284695 Golf: Uniform, sending you 2
2024-10-14 20:16:38.289663 Lima: India, sending you 4
2024-10-14 20:16:38.290714 Uniform: Sending you each 2
2024-10-14 20:16:38.291835 Delta: Papa, Golf, Alpha and Uniform, sending you 3
2024-10-14 20:16:38.293668 India: Lima, sending you 7
2024-10-14 20:16:38.294694 Lima: Papa, sending you 2
2024-10-14 20:16:38.296095 Delta: November, sending you 4
2024-10-14 20:16:38.298678 India: Tango, sending you 5
2024-10-14 20:16:38.299667 Lima: Alpha and Uniform, sending you 1
2024-10-14 20:16:38.300678 Alpha: India, Lima and Delta, sending you 1
2024-10-14 20:16:38.303674 Alpha: Golf, sending you 4
2024-10-14 20:16:38.307698 Alpha: Uniform and Tango, sending you 2
chatterbot India submitting transactions
chatterbot Lima submitting transactions
chatterbot Golf submitting transactions
chatterbot Delta submitting transactions
chatterbot Tango submitting transactions
chatterbot India submitting transactions
chatterbot Alpha submitting transactions
chatterbot Charlie submitting transactions
chatterbot November submitting transactions
chatterbot Uniform submitting transactions
ChatterBot India round 3
ChatterBot Papa round 3
ChatterBot Golf round 3
ChatterBot Alpha round 3
ChatterBot Uniform round 3
ChatterBot Lima round 3
ChatterBot Delta round 3
ChatterBot Charlie round 3
ChatterBot Tango round 3
ChatterBot November round 3
2024-10-14 20:16:39.494471 Charlie: We should drop Alpha and Uniform
2024-10-14 20:16:39.501710 November: Yes
2024-10-14 20:16:39.501973 Delta: No
2024-10-14 20:16:39.518678 Lima: India, sending you 5
2024-10-14 20:16:39.519700 India: Lima, sending you 8
2024-10-14 20:16:39.520045 Papa: Golf, sending you 4
2024-10-14 20:16:39.520431 Uniform: Same as last round
2024-10-14 20:16:39.521352 Alpha: Golf, sending you 4
2024-10-14 20:16:39.521709 Golf: Papa and Alpha, sending you 4
2024-10-14 20:16:39.522689 Lima: Papa, Alpha and Uniform, sending you 1
2024-10-14 20:16:39.524082 India: Tango, sending you 4
2024-10-14 20:16:39.524683 Papa: Uniform, sending you 2
2024-10-14 20:16:39.525113 Alpha: Uniform and Delta, sending you 3
2024-10-14 20:16:39.525488 Golf: Uniform and Delta, sending you 2
2024-10-14 20:16:39.527709 Papa: Delta, sending you 3
2024-10-14 20:16:39.531741 November: Same as last round
2024-10-14 20:16:39.534691 Tango: Sending you each 2
2024-10-14 20:16:39.536689 Delta: Papa, sending you 5
2024-10-14 20:16:39.538680 Charlie: Delta, sending you 1
2024-10-14 20:16:39.541176 Delta: Golf, Alpha and Uniform, sending you 4
2024-10-14 20:16:39.541683 Charlie: November, sending you 8
chatterbot Tango submitting transactions
chatterbot Charlie submitting transactions
chatterbot November submitting transactions
chatterbot Alpha submitting transactions
chatterbot Lima submitting transactions
chatterbot Uniform submitting transactions
chatterbot Golf submitting transactions
chatterbot India submitting transactions
chatterbot Delta submitting transactions
chatterbot Papa submitting transactions
ChatterBot India round 4
ChatterBot Papa round 4
ChatterBot Golf round 4
ChatterBot Alpha round 4
ChatterBot Uniform round 4
ChatterBot Lima round 4
ChatterBot Delta round 4
ChatterBot Charlie round 4
ChatterBot Tango round 4
ChatterBot November round 4
2024-10-14 20:16:40.586249 Delta: We should add Tango
2024-10-14 20:16:40.595385 Papa: No
2024-10-14 20:16:40.595531 Golf: No
2024-10-14 20:16:40.595964 Alpha: No
2024-10-14 20:16:40.596084 Uniform: No
ChatterBot Delta reevaluating
ChatterBot Delta reevaluating
ChatterBot Delta reevaluating
ChatterBot Delta reevaluating
2024-10-14 20:16:40.648673 Delta: We should add Charlie
2024-10-14 20:16:40.660343 Papa: No
2024-10-14 20:16:40.660496 Golf: No
2024-10-14 20:16:40.660929 Alpha: No
2024-10-14 20:16:40.661049 Uniform: No
ChatterBot Delta reevaluating
ChatterBot Delta reevaluating
ChatterBot Delta reevaluating
ChatterBot Delta reevaluating
2024-10-14 20:16:40.700047 Papa: Golf, sending you 4
2024-10-14 20:16:40.700330 Golf: Papa, sending you 4
2024-10-14 20:16:40.702666 Golf: Alpha and Delta, sending you 3
2024-10-14 20:16:40.703066 Lima: India, sending you 5
2024-10-14 20:16:40.703705 Papa: Uniform, sending you 2
2024-10-14 20:16:40.704211 Alpha: Golf, sending you 4
2024-10-14 20:16:40.704681 Uniform: Same as last round
2024-10-14 20:16:40.705056 India: Lima, sending you 8
2024-10-14 20:16:40.706660 Golf: Uniform, sending you 2
2024-10-14 20:16:40.706991 Lima: Papa, Alpha and Tango, sending you 1
2024-10-14 20:16:40.707689 Alpha: Uniform and Delta, sending you 3
2024-10-14 20:16:40.708697 Delta: Charlie and November we want you to join our group
2024-10-14 20:16:40.721839 Charlie: No
2024-10-14 20:16:40.722022 November: No
ChatterBot Delta reevaluating
ChatterBot Delta reevaluating
2024-10-14 20:16:40.829217 Papa: Delta, sending you 3
2024-10-14 20:16:40.830646 India: Tango, sending you 4
2024-10-14 20:16:40.831143 November: Sending you 3
2024-10-14 20:16:40.836108 Tango: Same as last round
2024-10-14 20:16:40.836759 Charlie: Delta, sending you 1
2024-10-14 20:16:40.840679 Charlie: November, sending you 8
2024-10-14 20:16:40.849663 Delta: Papa, sending you 5
2024-10-14 20:16:40.853839 Delta: Golf, Alpha and Uniform, sending you 4
chatterbot Papa submitting transactions
chatterbot Tango submitting transactions
chatterbot India submitting transactions
chatterbot Charlie submitting transactions
chatterbot Delta submitting transactions
chatterbot Lima submitting transactions
chatterbot Alpha submitting transactions
chatterbot Golf submitting transactions
chatterbot Uniform submitting transactions
chatterbot November submitting transactions
ChatterBot India round 5
ChatterBot Papa round 5
ChatterBot Golf round 5
ChatterBot Alpha round 5
ChatterBot Uniform round 5
ChatterBot Lima round 5
ChatterBot Delta round 5
ChatterBot Charlie round 5
ChatterBot Tango round 5
ChatterBot November round 5
2024-10-14 20:16:41.901467 Charlie: We should replace Delta with Papa
2024-10-14 20:16:41.903484 November: No
2024-10-14 20:16:41.912762 Charlie: Papa we want you to join our group
2024-10-14 20:16:41.915501 Papa: No
ChatterBot Charlie reevaluating
2024-10-14 20:16:41.923660 Papa: Golf, sending you 4
2024-10-14 20:16:41.924102 Alpha: Golf, sending you 4
2024-10-14 20:16:41.924719 India: Lima, sending you 8
2024-10-14 20:16:41.925673 Delta: Papa, sending you 5
2024-10-14 20:16:41.926666 Papa: Uniform, sending you 2
2024-10-14 20:16:41.927678 Alpha: Uniform and Delta, sending you 3
2024-10-14 20:16:41.928060 India: Tango, sending you 4
2024-10-14 20:16:41.928711 Lima: India, sending you 6
2024-10-14 20:16:41.929786 Delta: Golf, Alpha and Uniform, sending you 4
2024-10-14 20:16:41.930661 Papa: Delta, sending you 3
2024-10-14 20:16:41.931677 Tango: Same as last round
2024-10-14 20:16:41.932681 Golf: Papa, sending you 4
2024-10-14 20:16:41.933066 Lima: Tango, sending you 2
2024-10-14 20:16:41.933688 Uniform: Same as last round
2024-10-14 20:16:41.934671 November: Same as last round
2024-10-14 20:16:41.936661 Golf: Alpha and Delta, sending you 3
2024-10-14 20:16:41.939695 Golf: Uniform, sending you 2
2024-10-14 20:16:41.953662 Charlie: November, sending you 9
chatterbot Alpha submitting transactions
chatterbot Uniform submitting transactions
chatterbot Lima submitting transactions
chatterbot India submitting transactions
chatterbot Charlie submitting transactions
chatterbot Papa submitting transactions
chatterbot Golf submitting transactions
chatterbot Delta submitting transactions
chatterbot November submitting transactions
chatterbot Tango submitting transactions
ChatterBot India round 6
ChatterBot Papa round 6
ChatterBot Golf round 6
ChatterBot Alpha round 6
ChatterBot Uniform round 6
ChatterBot Lima round 6
ChatterBot Delta round 6
ChatterBot Charlie round 6
ChatterBot Tango round 6
ChatterBot November round 6
2024-10-14 20:16:43.067405 Delta: We should add Charlie and November
2024-10-14 20:16:43.077463 Papa: No
2024-10-14 20:16:43.077645 Golf: No
2024-10-14 20:16:43.078164 Alpha: No
2024-10-14 20:16:43.078294 Uniform: No
ChatterBot Delta reevaluating
ChatterBot Delta reevaluating
ChatterBot Delta reevaluating
2024-10-14 20:16:43.138670 India: Lima, sending you 9
2024-10-14 20:16:43.142909 India: Tango, sending you 3
2024-10-14 20:16:43.143684 Uniform: Same as last round
2024-10-14 20:16:43.144191 Charlie: Papa, sending you 1
2024-10-14 20:16:43.145663 Tango: Same as last round
2024-10-14 20:16:43.146666 Charlie: November, sending you 8
2024-10-14 20:16:43.153665 Golf: Papa, sending you 4
2024-10-14 20:16:43.154733 Papa: Golf, sending you 4
2024-10-14 20:16:43.155827 November: Same as last round
2024-10-14 20:16:43.156223 Alpha: Golf, sending you 4
2024-10-14 20:16:43.158701 Lima: India, sending you 7
2024-10-14 20:16:43.159426 Delta: Papa, sending you 5
2024-10-14 20:16:43.160025 Golf: Alpha and Delta, sending you 3
2024-10-14 20:16:43.160507 Papa: Uniform, sending you 2
2024-10-14 20:16:43.161040 Alpha: Uniform and Delta, sending you 3
2024-10-14 20:16:43.163656 Lima: Tango, sending you 1
2024-10-14 20:16:43.164673 Delta: Golf, Alpha and Uniform, sending you 4
2024-10-14 20:16:43.165447 Golf: Uniform, sending you 2
2024-10-14 20:16:43.165870 Papa: Delta, sending you 3
chatterbot India submitting transactions
chatterbot Golf submitting transactions
chatterbot Alpha submitting transactions
chatterbot Delta submitting transactions
chatterbot Uniform submitting transactions
chatterbot Lima submitting transactions
chatterbot November submitting transactions
chatterbot Charlie submitting transactions
chatterbot Tango submitting transactions
chatterbot Papa submitting transactions
ChatterBot India round 7
ChatterBot Papa round 7
ChatterBot Golf round 7
ChatterBot Alpha round 7
ChatterBot Uniform round 7
ChatterBot Lima round 7
ChatterBot Delta round 7
ChatterBot Charlie round 7
ChatterBot Tango round 7
ChatterBot November round 7
2024-10-14 20:16:44.297860 Delta: We should add Charlie
2024-10-14 20:16:44.307966 Papa: No
2024-10-14 20:16:44.308131 Golf: No
2024-10-14 20:16:44.308253 Alpha: No
2024-10-14 20:16:44.308364 Uniform: No
2024-10-14 20:16:44.349730 Lima: Let's form a team
2024-10-14 20:16:44.357587 India: No
2024-10-14 20:16:44.357741 Tango: No
2024-10-14 20:16:44.357863 Alpha: No
ChatterBot Lima reevaluating
ChatterBot Lima reevaluating
ChatterBot Lima reevaluating
2024-10-14 20:16:44.383228 Delta: Charlie we want you to join our group
ChatterBot Charlie reevaluating
2024-10-14 20:16:44.386393 Charlie: No
2024-10-14 20:16:44.399037 Charlie: We should replace Papa with Delta
2024-10-14 20:16:44.401973 November: No
ChatterBot Charlie reevaluating
2024-10-14 20:16:44.405245 Papa: Golf, sending you 4
2024-10-14 20:16:44.406993 Charlie: We should replace Papa with Alpha
2024-10-14 20:16:44.409865 November: No
ChatterBot Charlie reevaluating
2024-10-14 20:16:44.413298 Papa: Uniform, sending you 2
2024-10-14 20:16:44.413715 Uniform: Same as last round
2024-10-14 20:16:44.414086 India: Lima, sending you 9
2024-10-14 20:16:44.414329 November: Same as last round
2024-10-14 20:16:44.414545 Golf: Papa, sending you 4
2024-10-14 20:16:44.415466 Alpha: Golf, sending you 4
2024-10-14 20:16:44.416665 Papa: Delta, sending you 3
2024-10-14 20:16:44.418215 India: Tango, sending you 3
2024-10-14 20:16:44.418679 Golf: Alpha and Delta, sending you 3
2024-10-14 20:16:44.419164 Alpha: Uniform and Delta, sending you 3
2024-10-14 20:16:44.421696 Delta: Papa, sending you 5
2024-10-14 20:16:44.422366 Golf: Uniform, sending you 2
2024-10-14 20:16:44.424765 Charlie: Alpha we want you to join our group
2024-10-14 20:16:44.429048 Alpha: No
ChatterBot Charlie reevaluating
2024-10-14 20:16:44.437456 Lima: India, sending you 6
2024-10-14 20:16:44.438574 Tango: Same as last round
2024-10-14 20:16:44.438889 Delta: Golf, Alpha, Uniform and Charlie, sending you 3
2024-10-14 20:16:44.441675 Lima: Tango, sending you 2
2024-10-14 20:16:44.446688 Charlie: Delta we want you to join our group
2024-10-14 20:16:44.451454 Delta: No
ChatterBot Charlie reevaluating
2024-10-14 20:16:44.482658 Charlie: November, sending you 9
chatterbot Tango submitting transactions
chatterbot India submitting transactions
chatterbot November submitting transactions
chatterbot Delta submitting transactions
chatterbot Uniform submitting transactions
chatterbot Golf submitting transactions
chatterbot Papa submitting transactions
chatterbot Alpha submitting transactions
chatterbot Lima submitting transactions
chatterbot Charlie submitting transactions
ChatterBot India round 8
ChatterBot Papa round 8
ChatterBot Golf round 8
ChatterBot Alpha round 8
ChatterBot Uniform round 8
ChatterBot Lima round 8
ChatterBot Delta round 8
ChatterBot Charlie round 8
ChatterBot Tango round 8
ChatterBot November round 8
2024-10-14 20:16:45.613648 Delta: We should add November
ChatterBot Charlie reevaluating
2024-10-14 20:16:45.641769 Papa: No
2024-10-14 20:16:45.642320 Golf: No
2024-10-14 20:16:45.642750 Alpha: No
2024-10-14 20:16:45.643571 Uniform: No
2024-10-14 20:16:45.643837 Charlie: Yes
ChatterBot Delta reevaluating
ChatterBot Charlie reevaluating
ChatterBot Delta reevaluating
ChatterBot Charlie reevaluating
ChatterBot Delta reevaluating
ChatterBot Charlie reevaluating
ChatterBot Delta reevaluating
ChatterBot Charlie reevaluating
ChatterBot Delta reevaluating
2024-10-14 20:16:45.783951 Delta: November we want you to join our group
2024-10-14 20:16:45.788207 November: No
ChatterBot Delta reevaluating
2024-10-14 20:16:45.813674 Lima: India, sending you 6
2024-10-14 20:16:45.814778 Papa: Golf, sending you 4
2024-10-14 20:16:45.815414 India: Sending you each 1
2024-10-14 20:16:45.815781 Uniform: Same as last round
2024-10-14 20:16:45.816849 Golf: Papa, sending you 4
2024-10-14 20:16:45.817532 Charlie: Delta, sending you 2
2024-10-14 20:16:45.818191 Tango: Same as last round
2024-10-14 20:16:45.818606 Lima: Tango, sending you 2
2024-10-14 20:16:45.818936 Papa: Uniform, sending you 2
2024-10-14 20:16:45.819879 Golf: Alpha and Delta, sending you 3
2024-10-14 20:16:45.822914 Charlie: November, sending you 7
2024-10-14 20:16:45.823742 Papa: Delta, sending you 3
2024-10-14 20:16:45.824818 Golf: Uniform, sending you 2
2024-10-14 20:16:45.828674 November: Same as last round
2024-10-14 20:16:45.836680 Delta: Papa and Golf, sending you 4
2024-10-14 20:16:45.839837 Delta: Alpha, Uniform and Charlie, sending you 3
chatterbot Alpha submitting transactions
chatterbot Uniform submitting transactions
chatterbot November submitting transactions
chatterbot Papa submitting transactions
chatterbot Delta submitting transactions
chatterbot India submitting transactions
chatterbot Tango submitting transactions
chatterbot Charlie submitting transactions
chatterbot Lima submitting transactions
chatterbot Golf submitting transactions
ChatterBot India round 9
ChatterBot Papa round 9
ChatterBot Golf round 9
ChatterBot Alpha round 9
ChatterBot Uniform round 9
ChatterBot Lima round 9
2024-10-14 20:16:47.015109 Papa: We should add Lima
ChatterBot Golf reevaluating
ChatterBot Uniform reevaluating
2024-10-14 20:16:47.033285 Golf: No
2024-10-14 20:16:47.033493 Alpha: No
2024-10-14 20:16:47.033696 Uniform: Yes
2024-10-14 20:16:47.033892 Delta: No
ChatterBot Uniform reevaluating
ChatterBot Delta reevaluating
ChatterBot Papa reevaluating
ChatterBot Golf reevaluating
ChatterBot Uniform reevaluating
ChatterBot Delta reevaluating
ChatterBot Papa reevaluating
ChatterBot Golf reevaluating
ChatterBot Delta reevaluating
ChatterBot Papa reevaluating
ChatterBot Golf reevaluating
ChatterBot Uniform reevaluating
ChatterBot Delta round 9
ChatterBot Charlie round 9
ChatterBot Tango round 9
ChatterBot November round 9
2024-10-14 20:16:47.124365 Golf: We should drop Alpha
ChatterBot Papa reevaluating
ChatterBot Delta reevaluating
2024-10-14 20:16:47.135006 Papa: No
2024-10-14 20:16:47.135138 Uniform: No
2024-10-14 20:16:47.135643 Delta: No
ChatterBot Golf reevaluating
ChatterBot Delta reevaluating
ChatterBot Golf reevaluating
ChatterBot Papa reevaluating
ChatterBot Delta reevaluating
ChatterBot Golf reevaluating
ChatterBot Papa reevaluating
2024-10-14 20:16:47.182770 India: Lima, sending you 9
2024-10-14 20:16:47.188107 India: Tango, sending you 3
2024-10-14 20:16:47.188527 Alpha: Golf, sending you 4
2024-10-14 20:16:47.189431 Lima: India, sending you 6
2024-10-14 20:16:47.191671 Alpha: Uniform and Delta, sending you 3
2024-10-14 20:16:47.192843 Charlie: Delta, sending you 3
2024-10-14 20:16:47.194124 Tango: Same as last round
2024-10-14 20:16:47.194672 Lima: Tango, sending you 2
2024-10-14 20:16:47.196791 Charlie: November, sending you 6
2024-10-14 20:16:47.199025 November: I was attacked by Alpha
ChatterBot Charlie reevaluating
2024-10-14 20:16:47.205512 November: I'm keeping this round to protect myself
2024-10-14 20:16:47.206056 November: Ow
2024-10-14 20:16:47.206579 Uniform: Same as last round
chatterbot Uniform submitting transactions
chatterbot Tango submitting transactions
chatterbot Delta submitting transactions
chatterbot India submitting transactions
chatterbot Alpha submitting transactions
chatterbot Charlie submitting transactions
chatterbot Lima submitting transactions
chatterbot Papa submitting transactions
chatterbot November submitting transactions
chatterbot Golf submitting transactions
ChatterBot India round 10
ChatterBot Papa round 10
ChatterBot Golf round 10
ChatterBot Alpha round 10
ChatterBot Uniform round 10
ChatterBot Lima round 10
ChatterBot Delta round 10
ChatterBot Charlie round 10
ChatterBot Tango round 10
ChatterBot November round 10
2024-10-14 20:16:48.371883 Delta: We should add November
ChatterBot Papa reevaluating
ChatterBot Golf reevaluating
2024-10-14 20:16:48.390152 Papa: No
2024-10-14 20:16:48.390720 Golf: No
2024-10-14 20:16:48.390899 Alpha: No
2024-10-14 20:16:48.391034 Uniform: No
2024-10-14 20:16:48.391162 Charlie: Yes
ChatterBot Delta reevaluating
ChatterBot Golf reevaluating
ChatterBot Delta reevaluating
ChatterBot Papa reevaluating
ChatterBot Delta reevaluating
ChatterBot Papa reevaluating
ChatterBot Golf reevaluating
ChatterBot Delta reevaluating
ChatterBot Papa reevaluating
ChatterBot Golf reevaluating
ChatterBot Delta reevaluating
ChatterBot Papa reevaluating
ChatterBot Golf reevaluating
2024-10-14 20:16:48.500413 Golf: We should drop Uniform
ChatterBot Papa reevaluating
ChatterBot Delta reevaluating
2024-10-14 20:16:48.516354 Papa: No
2024-10-14 20:16:48.516532 Alpha: No
2024-10-14 20:16:48.516701 Delta: No
ChatterBot Delta reevaluating
ChatterBot Papa reevaluating
ChatterBot Delta reevaluating
ChatterBot Golf reevaluating
ChatterBot Papa reevaluating
2024-10-14 20:16:48.566391 Uniform: Same as last round
2024-10-14 20:16:48.567972 India: I was attacked by Papa and Alpha
ChatterBot Lima reevaluating
ChatterBot Tango reevaluating
2024-10-14 20:16:48.579220 India: I'm keeping this round to protect myself
2024-10-14 20:16:48.580476 India: Ow
2024-10-14 20:16:48.580674 Lima: Friends?
ChatterBot Tango reevaluating
2024-10-14 20:16:48.597296 Tango: No
2024-10-14 20:16:48.597501 Charlie: No
2024-10-14 20:16:48.597676 November: No
2024-10-14 20:16:48.602746 India: No
ChatterBot Lima reevaluating
ChatterBot Lima reevaluating
ChatterBot Tango reevaluating
ChatterBot Lima reevaluating
ChatterBot Tango reevaluating
ChatterBot Lima reevaluating
ChatterBot Tango reevaluating
2024-10-14 20:16:48.659371 Golf: We should drop Papa
ChatterBot Delta reevaluating
2024-10-14 20:16:48.668034 Alpha: No
2024-10-14 20:16:48.668183 Uniform: No
2024-10-14 20:16:48.668287 Delta: No
ChatterBot Golf reevaluating
ChatterBot Delta reevaluating
ChatterBot Golf reevaluating
ChatterBot Delta reevaluating
ChatterBot Golf reevaluating
2024-10-14 20:16:48.698120 Alpha: Golf, sending you 4
2024-10-14 20:16:48.698882 Charlie: Delta, sending you 3
2024-10-14 20:16:48.701865 Alpha: Uniform and Delta, sending you 3
2024-10-14 20:16:48.702532 Papa: Golf, sending you 4
2024-10-14 20:16:48.703684 Charlie: November, sending you 6
2024-10-14 20:16:48.706688 Papa: Uniform and Delta, sending you 2
2024-10-14 20:16:48.710133 Tango: Same as last round
2024-10-14 20:16:48.713897 Lima: India, sending you 6
2024-10-14 20:16:48.716671 Lima: Tango, sending you 2
chatterbot Papa submitting transactions
chatterbot Alpha submitting transactions
chatterbot India submitting transactions
chatterbot Charlie submitting transactions
chatterbot Uniform submitting transactions
chatterbot Tango submitting transactions
chatterbot Delta submitting transactions
chatterbot November submitting transactions
chatterbot Lima submitting transactions
chatterbot Golf submitting transactions
ChatterBot India round 11
ChatterBot Papa round 11
ChatterBot Golf round 11
ChatterBot Alpha round 11
ChatterBot Uniform round 11
ChatterBot Lima round 11
ChatterBot Delta round 11
ChatterBot Charlie round 11
ChatterBot Tango round 11
ChatterBot November round 11
2024-10-14 20:16:49.981098 Lima: We should replace Alpha with Uniform
2024-10-14 20:16:49.987425 India: No
2024-10-14 20:16:49.988067 Tango: No
ChatterBot Tango reevaluating
2024-10-14 20:16:50.000948 Tango: We should add Charlie
2024-10-14 20:16:50.007081 India: No
2024-10-14 20:16:50.007212 Lima: No
ChatterBot Tango reevaluating
ChatterBot Tango reevaluating
2024-10-14 20:16:50.032460 Golf: We should drop Uniform
2024-10-14 20:16:50.042083 Papa: No
2024-10-14 20:16:50.042235 Alpha: No
2024-10-14 20:16:50.042344 Delta: No
ChatterBot Golf reevaluating
ChatterBot Golf reevaluating
ChatterBot Papa reevaluating
ChatterBot Golf reevaluating
ChatterBot Papa reevaluating
2024-10-14 20:16:50.071199 Lima: Uniform we want you to join our group
2024-10-14 20:16:50.074317 Uniform: No
ChatterBot Tango reevaluating
2024-10-14 20:16:50.083463 Papa: We should replace Tango with Lima
ChatterBot Golf reevaluating
2024-10-14 20:16:50.095296 Golf: No
2024-10-14 20:16:50.095470 Alpha: No
2024-10-14 20:16:50.095580 Uniform: No
2024-10-14 20:16:50.095698 Delta: No
ChatterBot Papa reevaluating
ChatterBot Delta reevaluating
ChatterBot Papa reevaluating
ChatterBot Golf reevaluating
ChatterBot Delta reevaluating
ChatterBot Papa reevaluating
ChatterBot Golf reevaluating
ChatterBot Delta reevaluating
ChatterBot Papa reevaluating
ChatterBot Golf reevaluating
2024-10-14 20:16:50.144656 Delta: We should add November
ChatterBot Papa reevaluating
ChatterBot Golf reevaluating
ChatterBot Alpha reevaluating
2024-10-14 20:16:50.159370 Papa: No
2024-10-14 20:16:50.159505 Golf: No
2024-10-14 20:16:50.159622 Alpha: No
2024-10-14 20:16:50.159727 Uniform: No
2024-10-14 20:16:50.159819 Charlie: Yes
ChatterBot Delta reevaluating
ChatterBot Golf reevaluating
ChatterBot Alpha reevaluating
ChatterBot Delta reevaluating
ChatterBot Papa reevaluating
ChatterBot Alpha reevaluating
ChatterBot Delta reevaluating
ChatterBot Papa reevaluating
ChatterBot Golf reevaluating
ChatterBot Delta reevaluating
ChatterBot Papa reevaluating
ChatterBot Golf reevaluating
ChatterBot Alpha reevaluating
ChatterBot Delta reevaluating
ChatterBot Papa reevaluating
ChatterBot Golf reevaluating
ChatterBot Alpha reevaluating
2024-10-14 20:16:50.239397 India: I was attacked by Papa and Alpha
ChatterBot Lima reevaluating
ChatterBot Tango reevaluating
2024-10-14 20:16:50.246275 India: I'm keeping this round to protect myself
2024-10-14 20:16:50.246743 India: Ow
2024-10-14 20:16:50.247799 Charlie: Delta, sending you 4
2024-10-14 20:16:50.249690 Uniform: Same as last round
2024-10-14 20:16:50.251076 Charlie: November, sending you 5
2024-10-14 20:16:50.259706 Alpha: Golf, Uniform and Delta, sending you 3
2024-10-14 20:16:50.262438 Tango: Same as last round
2024-10-14 20:16:50.271672 Lima: India, sending you 6
2024-10-14 20:16:50.272387 Golf: Papa, sending you 5
2024-10-14 20:16:50.277709 Delta: Papa and Golf, sending you 4
2024-10-14 20:16:50.278805 Papa: Golf, sending you 5
2024-10-14 20:16:50.280537 Lima: Tango, sending you 2
2024-10-14 20:16:50.281131 Golf: Alpha, sending you 3
2024-10-14 20:16:50.283678 Delta: Alpha and Uniform, sending you 3
2024-10-14 20:16:50.284684 Papa: Uniform and Delta, sending you 2
2024-10-14 20:16:50.286665 Golf: Uniform and Delta, sending you 2
2024-10-14 20:16:50.291351 Delta: Charlie, sending you 2
chatterbot India submitting transactions
chatterbot Uniform submitting transactions
chatterbot November submitting transactions
chatterbot Alpha submitting transactions
chatterbot Golf submitting transactions
chatterbot Tango submitting transactions
chatterbot Delta submitting transactions
chatterbot Charlie submitting transactions
chatterbot Papa submitting transactions
chatterbot Lima submitting transactions
ChatterBot India round 12
ChatterBot Papa round 12
ChatterBot Golf round 12
ChatterBot Alpha round 12
ChatterBot Uniform round 12
ChatterBot Lima round 12
ChatterBot Delta round 12
ChatterBot Charlie round 12
ChatterBot Tango round 12
ChatterBot November round 12
2024-10-14 20:16:51.415016 Delta: We should add November
ChatterBot Papa reevaluating
ChatterBot Golf reevaluating
2024-10-14 20:16:51.432353 Papa: No
2024-10-14 20:16:51.432515 Golf: No
2024-10-14 20:16:51.432653 Alpha: No
2024-10-14 20:16:51.432814 Uniform: No
2024-10-14 20:16:51.432943 Charlie: Yes
ChatterBot Golf reevaluating
ChatterBot Delta reevaluating
ChatterBot Papa reevaluating
ChatterBot Delta reevaluating
ChatterBot Papa reevaluating
ChatterBot Golf reevaluating
ChatterBot Delta reevaluating
ChatterBot Papa reevaluating
ChatterBot Golf reevaluating
ChatterBot Delta reevaluating
ChatterBot Papa reevaluating
ChatterBot Golf reevaluating
2024-10-14 20:16:51.648043 Golf: We should drop Delta
ChatterBot Papa reevaluating
ChatterBot Alpha reevaluating
2024-10-14 20:16:51.668361 Papa: No
2024-10-14 20:16:51.669046 Alpha: No
2024-10-14 20:16:51.669323 Uniform: No
ChatterBot Golf reevaluating
ChatterBot Alpha reevaluating
ChatterBot Uniform reevaluating
ChatterBot Golf reevaluating
ChatterBot Papa reevaluating
ChatterBot Uniform reevaluating
ChatterBot Golf reevaluating
ChatterBot Papa reevaluating
ChatterBot Alpha reevaluating
2024-10-14 20:16:51.723173 India: I was attacked by Alpha
ChatterBot Lima reevaluating
ChatterBot Tango reevaluating
2024-10-14 20:16:51.732339 India: I'm keeping this round to protect myself
2024-10-14 20:16:51.733729 India: Ow
2024-10-14 20:16:51.737823 Charlie: Delta, sending you 4
2024-10-14 20:16:51.738495 Delta: Papa and Golf, sending you 4
2024-10-14 20:16:51.742696 Charlie: November, sending you 5
2024-10-14 20:16:51.743602 Delta: Alpha and Uniform, sending you 3
2024-10-14 20:16:51.750155 Delta: Charlie, sending you 2
2024-10-14 20:16:51.752827 Uniform: Same as last round
2024-10-14 20:16:51.757733 Alpha: Golf, sending you 3
2024-10-14 20:16:51.767665 Alpha: Uniform and Delta, sending you 2
chatterbot Papa submitting transactions
chatterbot November submitting transactions
chatterbot Delta submitting transactions
chatterbot Charlie submitting transactions
chatterbot Lima submitting transactions
chatterbot India submitting transactions
chatterbot Alpha submitting transactions
chatterbot Golf submitting transactions
chatterbot Uniform submitting transactions
chatterbot Tango submitting transactions
ChatterBot India round 13
ChatterBot Papa round 13
ChatterBot Golf round 13
ChatterBot Alpha round 13
ChatterBot Uniform round 13
ChatterBot Lima round 13
ChatterBot Delta round 13
ChatterBot Charlie round 13
ChatterBot Tango round 13
ChatterBot November round 13
2024-10-14 20:16:52.918042 Delta: We should replace Charlie with Tango
ChatterBot Papa reevaluating
ChatterBot Golf reevaluating
ChatterBot Alpha reevaluating
ChatterBot Uniform reevaluating
2024-10-14 20:16:52.933536 Papa: Yes
2024-10-14 20:16:52.933690 Golf: No
2024-10-14 20:16:52.933879 Alpha: No
2024-10-14 20:16:52.934012 Uniform: No
ChatterBot Golf reevaluating
ChatterBot Alpha reevaluating
ChatterBot Uniform reevaluating
ChatterBot Delta reevaluating
ChatterBot Papa reevaluating
ChatterBot Alpha reevaluating
ChatterBot Uniform reevaluating
ChatterBot Delta reevaluating
ChatterBot Papa reevaluating
ChatterBot Golf reevaluating
ChatterBot Uniform reevaluating
ChatterBot Delta reevaluating
ChatterBot Papa reevaluating
ChatterBot Golf reevaluating
ChatterBot Alpha reevaluating
ChatterBot Delta reevaluating
2024-10-14 20:16:53.065863 Golf: We should drop Alpha
ChatterBot Papa reevaluating
ChatterBot Delta reevaluating
2024-10-14 20:16:53.079438 Papa: No
2024-10-14 20:16:53.079651 Uniform: No
2024-10-14 20:16:53.079834 Delta: No
ChatterBot Golf reevaluating
ChatterBot Delta reevaluating
ChatterBot Golf reevaluating
ChatterBot Papa reevaluating
ChatterBot Delta reevaluating
ChatterBot Golf reevaluating
ChatterBot Papa reevaluating
2024-10-14 20:16:53.140356 Uniform: We should drop Golf
ChatterBot Papa reevaluating
ChatterBot Alpha reevaluating
ChatterBot Delta reevaluating
2024-10-14 20:16:53.161129 Papa: No
2024-10-14 20:16:53.161313 Alpha: No
2024-10-14 20:16:53.161503 Delta: No
ChatterBot Alpha reevaluating
ChatterBot Delta reevaluating
ChatterBot Uniform reevaluating
ChatterBot Papa reevaluating
ChatterBot Delta reevaluating
ChatterBot Uniform reevaluating
ChatterBot Papa reevaluating
ChatterBot Alpha reevaluating
2024-10-14 20:16:53.233083 India: I was attacked by Alpha
ChatterBot Lima reevaluating
ChatterBot Tango reevaluating
2024-10-14 20:16:53.244903 India: I'm keeping this round to protect myself
2024-10-14 20:16:53.245799 India: Ow
2024-10-14 20:16:53.250983 Charlie: Delta, sending you 5
2024-10-14 20:16:53.256693 Charlie: November, sending you 4
2024-10-14 20:16:53.266856 Tango: Same as last round
2024-10-14 20:16:53.269708 Uniform: Same as last round
2024-10-14 20:16:53.273697 Delta: Papa, Alpha and Uniform, sending you 3
2024-10-14 20:16:53.280706 Delta: Golf, sending you 5
2024-10-14 20:16:53.287675 Delta: Charlie, sending you 2
chatterbot November submitting transactions
chatterbot Golf submitting transactions
chatterbot Lima submitting transactions
chatterbot Delta submitting transactions
chatterbot Tango submitting transactions
chatterbot India submitting transactions
chatterbot Charlie submitting transactions
chatterbot Alpha submitting transactions
chatterbot Uniform submitting transactions
chatterbot Papa submitting transactions
