ChatterBot Foxtrot round 1
ChatterBot Delta round 1
ChatterBot X-ray round 1
ChatterBot Juliett round 1
ChatterBot Tango round 1
randomSelections Delta: {Delta, Quebec, Alpha, Juliett, Golf, X-ray, Yankee} 
2024-10-14 20:16:35.127338 Delta: Let's form a team
ChatterBot Juliett reevaluating
ChatterBot X-ray reevaluating
2024-10-14 20:16:35.133386 Juliett: Yes
2024-10-14 20:16:35.133534 X-ray: Yes
ChatterBot X-ray reevaluating
ChatterBot Juliett reevaluating
ChatterBot Alpha round 1
ChatterBot Alpha reevaluating
ChatterBot Alpha reevaluating
ChatterBot Alpha reevaluating
2024-10-14 20:16:35.148723 Alpha: Yes
ChatterBot Juliett reevaluating
ChatterBot X-ray reevaluating
ChatterBot Quebec round 1
ChatterBot Quebec reevaluating
ChatterBot Quebec reevaluating
ChatterBot Quebec reevaluating
ChatterBot Quebec reevaluating
2024-10-14 20:16:35.165976 Quebec: Yes
ChatterBot Alpha reevaluating
ChatterBot Juliett reevaluating
ChatterBot X-ray reevaluating
ChatterBot Papa round 1
ChatterBot Yankee round 1
ChatterBot Yankee reevaluating
ChatterBot Yankee reevaluating
ChatterBot Yankee reevaluating
ChatterBot Yankee reevaluating
ChatterBot Yankee reevaluating
2024-10-14 20:16:35.181677 Yankee: Yes
ChatterBot Quebec reevaluating
ChatterBot Alpha reevaluating
ChatterBot Juliett reevaluating
ChatterBot X-ray reevaluating
ChatterBot Golf round 1
ChatterBot Golf reevaluating
ChatterBot Golf reevaluating
ChatterBot Golf reevaluating
ChatterBot Golf reevaluating
ChatterBot Golf reevaluating
ChatterBot Golf reevaluating
2024-10-14 20:16:35.199044 Golf: Yes
ChatterBot Quebec reevaluating
ChatterBot Alpha reevaluating
ChatterBot Juliett reevaluating
ChatterBot X-ray reevaluating
ChatterBot Yankee reevaluating
randomSelections Foxtrot: {Foxtrot, Papa, Tango, Golf, Juliett, Quebec, Yankee} 
2024-10-14 20:16:35.210996 Foxtrot: We should group up
ChatterBot Papa reevaluating
ChatterBot Tango reevaluating
ChatterBot Golf reevaluating
ChatterBot Juliett reevaluating
ChatterBot Quebec reevaluating
ChatterBot Yankee reevaluating
2024-10-14 20:16:35.220512 Papa: Yes
2024-10-14 20:16:35.220662 Tango: Yes
2024-10-14 20:16:35.220775 Golf: No
2024-10-14 20:16:35.221396 Juliett: No
2024-10-14 20:16:35.221629 Quebec: No
2024-10-14 20:16:35.221852 Yankee: No
ChatterBot Tango reevaluating
ChatterBot Golf reevaluating
ChatterBot Juliett reevaluating
ChatterBot Quebec reevaluating
ChatterBot Yankee reevaluating
ChatterBot Papa reevaluating
ChatterBot Golf reevaluating
ChatterBot Juliett reevaluating
ChatterBot Quebec reevaluating
ChatterBot Yankee reevaluating
ChatterBot Papa reevaluating
ChatterBot Tango reevaluating
ChatterBot Juliett reevaluating
ChatterBot Quebec reevaluating
ChatterBot Yankee reevaluating
ChatterBot Papa reevaluating
ChatterBot Tango reevaluating
ChatterBot Golf reevaluating
ChatterBot Quebec reevaluating
ChatterBot Yankee reevaluating
ChatterBot Papa reevaluating
ChatterBot Tango reevaluating
ChatterBot Golf reevaluating
ChatterBot Juliett reevaluating
ChatterBot Yankee reevaluating
ChatterBot Papa reevaluating
ChatterBot Tango reevaluating
ChatterBot Golf reevaluating
ChatterBot Juliett reevaluating
ChatterBot Quebec reevaluating
2024-10-14 20:16:35.334669 Delta: X-ray and Yankee, sending you 3
2024-10-14 20:16:35.335710 Tango: Foxtrot and Golf, sending you 3
2024-10-14 20:16:35.336234 Yankee: Delta, Alpha and Golf, sending you 2
2024-10-14 20:16:35.336781 X-ray: Delta and Quebec, sending you 3
2024-10-14 20:16:35.338669 Tango: Juliett, Papa and Yankee, sending you 1
2024-10-14 20:16:35.339682 Delta: Juliett, sending you 2
2024-10-14 20:16:35.340081 Quebec: Delta and Alpha, sending you 2
2024-10-14 20:16:35.340421 X-ray: Alpha, sending you 2
2024-10-14 20:16:35.340757 Yankee: Juliett and Quebec, sending you 3
2024-10-14 20:16:35.342171 Juliett: Delta and Yankee, sending you 3
2024-10-14 20:16:35.342590 Alpha: Delta, sending you 4
2024-10-14 20:16:35.342939 Foxtrot: Juliett and Papa, sending you 1
2024-10-14 20:16:35.343303 Golf: Delta, sending you 1
2024-10-14 20:16:35.344697 Delta: Golf, sending you 1
2024-10-14 20:16:35.345139 Quebec: X-ray, sending you 3
2024-10-14 20:16:35.345447 X-ray: Yankee, sending you 1
2024-10-14 20:16:35.345793 Papa: Foxtrot, sending you 3
2024-10-14 20:16:35.346107 Juliett: X-ray and Alpha, sending you 1
2024-10-14 20:16:35.346351 Foxtrot: Tango and Yankee, sending you 2
2024-10-14 20:16:35.346683 Alpha: X-ray, Juliett and Quebec, sending you 1
2024-10-14 20:16:35.347718 Golf: X-ray, sending you 3
2024-10-14 20:16:35.348133 Quebec: Juliett and Yankee, sending you 1
2024-10-14 20:16:35.348750 Juliett: Quebec, sending you 4
2024-10-14 20:16:35.349709 Foxtrot: Golf, sending you 3
2024-10-14 20:16:35.350712 Papa: Juliett and Tango, sending you 2
2024-10-14 20:16:35.351703 Golf: Juliett, sending you 5
2024-10-14 20:16:35.352758 Alpha: Golf, sending you 2
2024-10-14 20:16:35.353759 Papa: Quebec and Yankee, sending you 1
2024-10-14 20:16:35.356690 Golf: Alpha, sending you 6
2024-10-14 20:16:35.357714 Papa: Golf, sending you 4
2024-10-14 20:16:35.359691 Golf: Yankee, sending you 2
chatterbot Juliett submitting transactions
chatterbot X-ray submitting transactions
chatterbot Foxtrot submitting transactions
chatterbot Yankee submitting transactions
chatterbot Tango submitting transactions
chatterbot Quebec submitting transactions
chatterbot Delta submitting transactions
chatterbot Papa submitting transactions
chatterbot Alpha submitting transactions
chatterbot Golf submitting transactions
ChatterBot Foxtrot round 2
ChatterBot Delta round 2
ChatterBot X-ray round 2
ChatterBot Juliett round 2
ChatterBot Tango round 2
ChatterBot Alpha round 2
2024-10-14 20:16:37.378928 Foxtrot: Group up?
ChatterBot Tango reevaluating
ChatterBot Papa reevaluating
ChatterBot Golf reevaluating
2024-10-14 20:16:37.424634 Tango: No
2024-10-14 20:16:37.425006 Papa: No
2024-10-14 20:16:37.425240 Golf: No
ChatterBot Papa reevaluating
ChatterBot Golf reevaluating
ChatterBot Tango reevaluating
ChatterBot Golf reevaluating
ChatterBot Tango reevaluating
ChatterBot Papa reevaluating
ChatterBot Quebec round 2
ChatterBot Papa round 2
ChatterBot Yankee round 2
ChatterBot Golf round 2
2024-10-14 20:16:37.584507 Golf: Group up?
2024-10-14 20:16:37.603510 Alpha: No
2024-10-14 20:16:37.603738 Foxtrot: No
2024-10-14 20:16:37.603852 Tango: No
2024-10-14 20:16:37.603948 Papa: No
ChatterBot Golf reevaluating
ChatterBot Papa reevaluating
ChatterBot Golf reevaluating
ChatterBot Papa reevaluating
ChatterBot Golf reevaluating
ChatterBot Papa reevaluating
ChatterBot Golf reevaluating
2024-10-14 20:16:37.693196 Quebec: We should drop Golf
2024-10-14 20:16:37.722498 X-ray: No
2024-10-14 20:16:37.722726 Delta: No
2024-10-14 20:16:37.722859 Juliett: No
2024-10-14 20:16:37.722976 Yankee: No
2024-10-14 20:16:37.723171 Alpha: No
ChatterBot Quebec reevaluating
ChatterBot Quebec reevaluating
ChatterBot Quebec reevaluating
ChatterBot Quebec reevaluating
2024-10-14 20:16:37.868199 Foxtrot: Tango and Papa, sending you 6
2024-10-14 20:16:37.873955 X-ray: Delta, Juliett, Alpha, Quebec and Golf, sending you 3
2024-10-14 20:16:37.874564 Tango: Foxtrot, sending you 5
2024-10-14 20:16:37.874874 Alpha: Delta, sending you 1
2024-10-14 20:16:37.875684 Foxtrot: Golf, sending you 5
2024-10-14 20:16:37.875988 Delta: X-ray, Juliett and Alpha, sending you 2
2024-10-14 20:16:37.876460 Juliett: Delta, sending you 2
2024-10-14 20:16:37.877776 Quebec: We should drop Alpha and Golf
ChatterBot X-ray reevaluating
2024-10-14 20:16:37.912430 X-ray: No
2024-10-14 20:16:37.912672 Delta: No
2024-10-14 20:16:37.912908 Juliett: No
2024-10-14 20:16:37.913058 Yankee: No
ChatterBot Quebec reevaluating
ChatterBot Quebec reevaluating
ChatterBot X-ray reevaluating
ChatterBot Quebec reevaluating
ChatterBot X-ray reevaluating
ChatterBot Quebec reevaluating
ChatterBot X-ray reevaluating
2024-10-14 20:16:38.086809 Tango: Papa, sending you 4
2024-10-14 20:16:38.087780 Alpha: X-ray, Juliett, Quebec and Yankee, sending you 3
2024-10-14 20:16:38.088341 Delta: Quebec, Yankee and Golf, sending you 1
2024-10-14 20:16:38.089030 Juliett: Alpha and Quebec, sending you 1
2024-10-14 20:16:38.090361 Papa: Foxtrot and Tango, sending you 5
2024-10-14 20:16:38.090702 Yankee: Delta and Juliett, sending you 4
2024-10-14 20:16:38.091173 Alpha: Golf, sending you 4
2024-10-14 20:16:38.092688 Juliett: Yankee, sending you 3
2024-10-14 20:16:38.093892 Golf: Foxtrot and Tango, sending you 5
2024-10-14 20:16:38.094660 Papa: Golf, sending you 3
2024-10-14 20:16:38.095706 Yankee: X-ray and Quebec, sending you 1
2024-10-14 20:16:38.096902 Juliett: Golf, sending you 5
2024-10-14 20:16:38.097947 Golf: Papa, sending you 7
2024-10-14 20:16:38.100694 Yankee: Golf, sending you 2
2024-10-14 20:16:38.121966 Quebec: Delta, sending you 1
2024-10-14 20:16:38.126692 Quebec: X-ray, Juliett, Alpha and Yankee, sending you 2
chatterbot Golf submitting transactions
chatterbot Papa submitting transactions
chatterbot Tango submitting transactions
chatterbot Yankee submitting transactions
chatterbot Foxtrot submitting transactions
chatterbot Alpha submitting transactions
chatterbot Quebec submitting transactions
chatterbot X-ray submitting transactions
chatterbot Delta submitting transactions
chatterbot Juliett submitting transactions
ChatterBot Foxtrot round 3
ChatterBot Delta round 3
ChatterBot X-ray round 3
ChatterBot Juliett round 3
ChatterBot Tango round 3
ChatterBot Alpha round 3
ChatterBot Quebec round 3
ChatterBot Papa round 3
ChatterBot Yankee round 3
ChatterBot Golf round 3
2024-10-14 20:16:38.930302 Foxtrot: We should add Alpha
ChatterBot Tango reevaluating
ChatterBot Golf reevaluating
2024-10-14 20:16:38.949906 Tango: No
2024-10-14 20:16:38.950331 Papa: No
2024-10-14 20:16:38.951183 Golf: Yes
ChatterBot Foxtrot reevaluating
ChatterBot Golf reevaluating
ChatterBot Foxtrot reevaluating
ChatterBot Tango reevaluating
ChatterBot Golf reevaluating
ChatterBot Foxtrot reevaluating
ChatterBot Tango reevaluating
2024-10-14 20:16:39.070431 Quebec: We should drop Delta
2024-10-14 20:16:39.100487 X-ray: No
2024-10-14 20:16:39.100906 Alpha: No
2024-10-14 20:16:39.101094 Juliett: No
2024-10-14 20:16:39.101268 Yankee: No
2024-10-14 20:16:39.216433 Foxtrot: We should add Juliett
ChatterBot Tango reevaluating
ChatterBot Golf reevaluating
2024-10-14 20:16:39.233453 Tango: No
2024-10-14 20:16:39.233677 Papa: No
2024-10-14 20:16:39.234298 Golf: Yes
ChatterBot Foxtrot reevaluating
ChatterBot Golf reevaluating
ChatterBot Foxtrot reevaluating
ChatterBot Tango reevaluating
ChatterBot Golf reevaluating
ChatterBot Foxtrot reevaluating
ChatterBot Tango reevaluating
2024-10-14 20:16:39.287648 Delta: We should drop Golf
ChatterBot Alpha reevaluating
2024-10-14 20:16:39.319303 Quebec: Yes
2024-10-14 20:16:39.319475 X-ray: Yes
2024-10-14 20:16:39.319619 Juliett: No
2024-10-14 20:16:39.319772 Yankee: No
2024-10-14 20:16:39.319909 Alpha: Yes
ChatterBot Yankee reevaluating
ChatterBot Alpha reevaluating
ChatterBot Yankee reevaluating
ChatterBot Alpha reevaluating
ChatterBot Yankee reevaluating
ChatterBot Alpha reevaluating
ChatterBot Alpha reevaluating
ChatterBot Juliett reevaluating
ChatterBot Yankee reevaluating
chatterbot X-ray submitting transactions
2024-10-14 20:16:39.485675 Quebec: X-ray, sending you 3
2024-10-14 20:16:39.486902 Papa: Foxtrot and Tango, sending you 4
2024-10-14 20:16:39.487679 Golf: Delta, sending you 2
2024-10-14 20:16:39.489660 Papa: Golf, sending you 5
2024-10-14 20:16:39.490719 Quebec: Juliett, Alpha and Yankee, sending you 2
2024-10-14 20:16:39.491718 Delta: X-ray, Juliett, Alpha and Yankee, sending you 2
2024-10-14 20:16:39.492679 Golf: X-ray and Yankee, sending you 3
2024-10-14 20:16:39.494678 Yankee: Delta, X-ray, Alpha and Quebec, sending you 2
2024-10-14 20:16:39.495688 Delta: Quebec, sending you 1
2024-10-14 20:16:39.496810 Tango: Sending you each 3
2024-10-14 20:16:39.497713 Golf: Juliett, sending you 4
2024-10-14 20:16:39.498206 Yankee: Juliett, sending you 3
2024-10-14 20:16:39.501692 Yankee: Golf, sending you 1
2024-10-14 20:16:39.502690 X-ray: Delta, Alpha and Quebec, sending you 4
2024-10-14 20:16:39.503241 Golf: Alpha, sending you 5
2024-10-14 20:16:39.505660 X-ray: Juliett, sending you 2
2024-10-14 20:16:39.509687 X-ray: Yankee, sending you 3
2024-10-14 20:16:39.511717 Alpha: Delta, Juliett and Yankee, sending you 3
2024-10-14 20:16:39.513686 Juliett: Delta, X-ray, Alpha and Quebec, sending you 2
2024-10-14 20:16:39.516133 Alpha: X-ray and Quebec, sending you 4
2024-10-14 20:16:39.517708 Juliett: Yankee, sending you 4
chatterbot Foxtrot submitting transactions
chatterbot Juliett submitting transactions
chatterbot Alpha submitting transactions
chatterbot Papa submitting transactions
chatterbot Delta submitting transactions
chatterbot Golf submitting transactions
chatterbot Tango submitting transactions
chatterbot Quebec submitting transactions
chatterbot Yankee submitting transactions
ChatterBot Foxtrot round 4
ChatterBot Delta round 4
ChatterBot X-ray round 4
ChatterBot Juliett round 4
ChatterBot Tango round 4
ChatterBot Alpha round 4
ChatterBot Quebec round 4
2024-10-14 20:16:40.219314 Foxtrot: We should add Yankee
ChatterBot Golf reevaluating
2024-10-14 20:16:40.227609 Tango: No
2024-10-14 20:16:40.227793 Papa: No
2024-10-14 20:16:40.227928 Golf: No
ChatterBot Foxtrot reevaluating
ChatterBot Golf reevaluating
ChatterBot Foxtrot reevaluating
ChatterBot Golf reevaluating
ChatterBot Foxtrot reevaluating
ChatterBot Papa round 4
ChatterBot Yankee round 4
ChatterBot Golf round 4
2024-10-14 20:16:40.297929 Yankee: We should drop Golf
2024-10-14 20:16:40.318276 Quebec: Yes
2024-10-14 20:16:40.318470 X-ray: Yes
2024-10-14 20:16:40.318636 Delta: Yes
2024-10-14 20:16:40.318836 Juliett: Yes
2024-10-14 20:16:40.318980 Alpha: Yes
ChatterBot Yankee reevaluating
ChatterBot Yankee reevaluating
ChatterBot Yankee reevaluating
ChatterBot Yankee reevaluating
ChatterBot Yankee reevaluating
2024-10-14 20:16:40.385798 Tango: Foxtrot, sending you 4
2024-10-14 20:16:40.386252 Quebec: X-ray, sending you 3
2024-10-14 20:16:40.388671 Alpha: Delta, Juliett, Quebec and Yankee, sending you 3
2024-10-14 20:16:40.389816 Tango: Papa, sending you 3
2024-10-14 20:16:40.390107 Quebec: Juliett, Alpha and Yankee, sending you 2
2024-10-14 20:16:40.390630 X-ray: Delta, Juliett and Yankee, sending you 3
2024-10-14 20:16:40.391712 Golf: Foxtrot and Papa, sending you 7
2024-10-14 20:16:40.392157 Papa: Foxtrot, sending you 5
2024-10-14 20:16:40.392584 Delta: X-ray, Juliett, Alpha and Yankee, sending you 2
2024-10-14 20:16:40.393776 Juliett: Delta, X-ray and Quebec, sending you 2
2024-10-14 20:16:40.394462 Foxtrot: Tango and Papa, sending you 6
2024-10-14 20:16:40.394933 Alpha: X-ray, sending you 5
2024-10-14 20:16:40.396125 Tango: Golf, sending you 2
2024-10-14 20:16:40.396561 Golf: Tango, sending you 3
2024-10-14 20:16:40.396866 X-ray: Alpha and Quebec, sending you 4
2024-10-14 20:16:40.397219 Papa: Tango and Golf, sending you 4
2024-10-14 20:16:40.398224 Juliett: Alpha and Yankee, sending you 3
2024-10-14 20:16:40.398671 Delta: Quebec, sending you 1
2024-10-14 20:16:40.399282 Foxtrot: Golf, sending you 5
chatterbot X-ray submitting transactions
2024-10-14 20:16:40.421671 Yankee: Delta, X-ray, Alpha and Quebec, sending you 2
2024-10-14 20:16:40.426841 Yankee: Juliett, sending you 4
chatterbot Golf submitting transactions
chatterbot Alpha submitting transactions
chatterbot Quebec submitting transactions
chatterbot Tango submitting transactions
chatterbot Juliett submitting transactions
chatterbot X-ray submitting transactions
chatterbot Foxtrot submitting transactions
chatterbot Papa submitting transactions
chatterbot Yankee submitting transactions
chatterbot Delta submitting transactions
ChatterBot Foxtrot round 5
ChatterBot Delta round 5
ChatterBot X-ray round 5
2024-10-14 20:16:41.404285 Foxtrot: We should add Delta
2024-10-14 20:16:41.414161 Tango: No
2024-10-14 20:16:41.414329 Papa: No
2024-10-14 20:16:41.414446 Golf: No
ChatterBot Foxtrot reevaluating
ChatterBot Foxtrot reevaluating
ChatterBot Foxtrot reevaluating
ChatterBot Juliett round 5
ChatterBot Tango round 5
ChatterBot Alpha round 5
ChatterBot Quebec round 5
ChatterBot Papa round 5
ChatterBot Yankee round 5
ChatterBot Golf round 5
2024-10-14 20:16:41.456318 Foxtrot: We should add Quebec
2024-10-14 20:16:41.462978 Tango: No
2024-10-14 20:16:41.463143 Papa: No
2024-10-14 20:16:41.463698 Golf: No
ChatterBot Foxtrot reevaluating
ChatterBot Foxtrot reevaluating
ChatterBot Foxtrot reevaluating
2024-10-14 20:16:41.522707 Delta: X-ray, Juliett, Alpha and Yankee, sending you 2
2024-10-14 20:16:41.526667 Delta: Quebec, sending you 1
2024-10-14 20:16:41.528066 Alpha: Delta, Juliett, Quebec and Yankee, sending you 3
2024-10-14 20:16:41.530153 Papa: Foxtrot, sending you 5
2024-10-14 20:16:41.530693 Juliett: Delta, X-ray, Alpha and Quebec, sending you 2
2024-10-14 20:16:41.532687 Papa: Tango and Golf, sending you 4
2024-10-14 20:16:41.534239 Alpha: X-ray, sending you 5
2024-10-14 20:16:41.534771 Yankee: Delta, X-ray, Alpha and Quebec, sending you 2
2024-10-14 20:16:41.535366 X-ray: Delta, Juliett and Yankee, sending you 3
2024-10-14 20:16:41.536036 Juliett: Yankee, sending you 4
2024-10-14 20:16:41.537678 Foxtrot: Tango and Papa, sending you 6
2024-10-14 20:16:41.538036 Tango: Foxtrot, sending you 4
2024-10-14 20:16:41.538848 Yankee: Juliett, sending you 4
2024-10-14 20:16:41.539294 X-ray: Alpha and Quebec, sending you 4
2024-10-14 20:16:41.539783 Quebec: X-ray, sending you 3
2024-10-14 20:16:41.541682 Golf: Foxtrot, sending you 7
2024-10-14 20:16:41.543184 Foxtrot: Golf, sending you 5
2024-10-14 20:16:41.543593 Tango: Papa, sending you 3
2024-10-14 20:16:41.544039 Quebec: Juliett, Alpha and Yankee, sending you 2
2024-10-14 20:16:41.545685 Golf: Tango, sending you 4
2024-10-14 20:16:41.548688 Tango: Golf, sending you 2
2024-10-14 20:16:41.549855 Golf: Papa, sending you 6
chatterbot Golf submitting transactions
chatterbot Delta submitting transactions
chatterbot X-ray submitting transactions
chatterbot Papa submitting transactions
chatterbot Foxtrot submitting transactions
chatterbot Yankee submitting transactions
chatterbot Juliett submitting transactions
chatterbot Alpha submitting transactions
chatterbot Tango submitting transactions
chatterbot Quebec submitting transactions
ChatterBot Foxtrot round 6
ChatterBot Delta round 6
ChatterBot X-ray round 6
ChatterBot Juliett round 6
ChatterBot Tango round 6
ChatterBot Alpha round 6
ChatterBot Quebec round 6
ChatterBot Papa round 6
ChatterBot Yankee round 6
ChatterBot Golf round 6
2024-10-14 20:16:42.798672 Foxtrot: Tango, sending you 5
2024-10-14 20:16:42.803701 Foxtrot: Papa and Golf, sending you 6
2024-10-14 20:16:42.805687 Juliett: Delta, X-ray, Alpha and Quebec, sending you 2
2024-10-14 20:16:42.807776 Delta: X-ray, Juliett, Alpha and Yankee, sending you 2
2024-10-14 20:16:42.808878 Papa: Foxtrot, sending you 5
2024-10-14 20:16:42.810229 X-ray: Delta, Juliett, Quebec and Yankee, sending you 3
2024-10-14 20:16:42.811099 Tango: Foxtrot, sending you 4
2024-10-14 20:16:42.811637 Juliett: Yankee, sending you 4
2024-10-14 20:16:42.813066 Papa: Tango and Golf, sending you 4
2024-10-14 20:16:42.813683 Delta: Quebec, sending you 1
2024-10-14 20:16:42.814341 X-ray: Alpha, sending you 5
2024-10-14 20:16:42.815729 Tango: Papa, sending you 3
2024-10-14 20:16:42.816694 Alpha: Delta, Juliett, Quebec and Yankee, sending you 3
2024-10-14 20:16:42.818693 Yankee: Delta, X-ray, Alpha and Quebec, sending you 2
2024-10-14 20:16:42.819175 Tango: Golf, sending you 2
2024-10-14 20:16:42.819669 Quebec: X-ray, sending you 3
2024-10-14 20:16:42.821750 Golf: Foxtrot, sending you 7
2024-10-14 20:16:42.822393 Alpha: X-ray, sending you 5
2024-10-14 20:16:42.823673 Yankee: Juliett, sending you 4
2024-10-14 20:16:42.824063 Quebec: Juliett, Alpha and Yankee, sending you 2
2024-10-14 20:16:42.826687 Golf: Delta, sending you 1
2024-10-14 20:16:42.830669 Golf: Tango, sending you 3
2024-10-14 20:16:42.833843 Golf: Papa, sending you 6
chatterbot X-ray submitting transactions
chatterbot Delta submitting transactions
chatterbot Juliett submitting transactions
chatterbot Alpha submitting transactions
chatterbot Tango submitting transactions
chatterbot Yankee submitting transactions
chatterbot Papa submitting transactions
chatterbot Golf submitting transactions
chatterbot Quebec submitting transactions
chatterbot Foxtrot submitting transactions
ChatterBot Foxtrot round 7
ChatterBot Delta round 7
ChatterBot X-ray round 7
ChatterBot Juliett round 7
ChatterBot Tango round 7
ChatterBot Alpha round 7
ChatterBot Quebec round 7
ChatterBot Papa round 7
ChatterBot Yankee round 7
ChatterBot Golf round 7
2024-10-14 20:16:43.960678 Delta: X-ray, sending you 3
2024-10-14 20:16:43.963980 Papa: Foxtrot, sending you 5
2024-10-14 20:16:43.964438 Tango: Foxtrot, sending you 4
2024-10-14 20:16:43.964898 Delta: Juliett, Alpha and Yankee, sending you 2
2024-10-14 20:16:43.966697 Papa: Tango and Golf, sending you 4
2024-10-14 20:16:43.969704 Tango: Papa, sending you 3
2024-10-14 20:16:43.970679 Juliett: Delta, X-ray, Alpha and Quebec, sending you 2
2024-10-14 20:16:43.971701 Quebec: X-ray, sending you 3
2024-10-14 20:16:43.973234 Foxtrot: Tango, sending you 5
2024-10-14 20:16:43.973938 Tango: Golf, sending you 2
2024-10-14 20:16:43.975713 Juliett: Yankee, sending you 4
2024-10-14 20:16:43.976800 Alpha: Delta, Juliett, Quebec and Yankee, sending you 3
2024-10-14 20:16:43.977850 X-ray: Delta, Juliett, Quebec and Yankee, sending you 3
2024-10-14 20:16:43.980010 Quebec: Juliett, Alpha and Yankee, sending you 2
2024-10-14 20:16:43.980789 Foxtrot: Papa and Golf, sending you 6
2024-10-14 20:16:43.981585 Yankee: Delta, X-ray, Alpha and Quebec, sending you 2
2024-10-14 20:16:43.982716 Alpha: X-ray, sending you 5
2024-10-14 20:16:43.983412 X-ray: Alpha, sending you 5
2024-10-14 20:16:43.984689 Yankee: Juliett, sending you 4
2024-10-14 20:16:43.985693 Golf: Foxtrot, sending you 8
2024-10-14 20:16:43.990670 Golf: Tango, sending you 3
2024-10-14 20:16:43.993667 Golf: Papa, sending you 6
chatterbot Golf submitting transactions
chatterbot Alpha submitting transactions
chatterbot Quebec submitting transactions
chatterbot Delta submitting transactions
chatterbot Tango submitting transactions
chatterbot X-ray submitting transactions
chatterbot Yankee submitting transactions
chatterbot Juliett submitting transactions
chatterbot Papa submitting transactions
chatterbot Foxtrot submitting transactions
ChatterBot Foxtrot round 8
ChatterBot Delta round 8
ChatterBot X-ray round 8
ChatterBot Juliett round 8
ChatterBot Tango round 8
ChatterBot Alpha round 8
ChatterBot Quebec round 8
ChatterBot Papa round 8
ChatterBot Yankee round 8
ChatterBot Golf round 8
2024-10-14 20:16:45.229667 X-ray: Delta, Juliett, Quebec and Yankee, sending you 3
2024-10-14 20:16:45.230690 Quebec: X-ray, sending you 3
2024-10-14 20:16:45.233670 Delta: X-ray, sending you 3
2024-10-14 20:16:45.234325 X-ray: Alpha, sending you 5
2024-10-14 20:16:45.234850 Quebec: Juliett, Alpha and Yankee, sending you 2
2024-10-14 20:16:45.236688 Delta: Juliett, Alpha and Yankee, sending you 2
2024-10-14 20:16:45.237709 Tango: Foxtrot, sending you 4
2024-10-14 20:16:45.238687 Foxtrot: Tango, sending you 5
2024-10-14 20:16:45.239312 Alpha: Delta, Juliett, Quebec and Yankee, sending you 3
2024-10-14 20:16:45.241704 Golf: Foxtrot, sending you 8
2024-10-14 20:16:45.242141 Tango: Papa, sending you 3
2024-10-14 20:16:45.242500 Foxtrot: Papa and Golf, sending you 6
2024-10-14 20:16:45.242895 Papa: Foxtrot, sending you 5
2024-10-14 20:16:45.243301 Alpha: X-ray, sending you 5
2024-10-14 20:16:45.243823 Juliett: Delta, X-ray, Alpha and Quebec, sending you 2
2024-10-14 20:16:45.244723 Golf: Tango, sending you 3
2024-10-14 20:16:45.245716 Yankee: Delta, X-ray, Alpha and Quebec, sending you 2
2024-10-14 20:16:45.246365 Tango: Golf, sending you 2
2024-10-14 20:16:45.246801 Papa: Tango and Golf, sending you 4
2024-10-14 20:16:45.249667 Juliett: Yankee, sending you 4
2024-10-14 20:16:45.250436 Yankee: Juliett, sending you 4
2024-10-14 20:16:45.251203 Golf: Papa, sending you 6
chatterbot Delta submitting transactions
chatterbot Papa submitting transactions
chatterbot Yankee submitting transactions
chatterbot Tango submitting transactions
chatterbot X-ray submitting transactions
chatterbot Golf submitting transactions
chatterbot Juliett submitting transactions
chatterbot Alpha submitting transactions
chatterbot Foxtrot submitting transactions
chatterbot Quebec submitting transactions
ChatterBot Foxtrot round 9
ChatterBot Delta round 9
ChatterBot X-ray round 9
ChatterBot Juliett round 9
ChatterBot Tango round 9
ChatterBot Alpha round 9
ChatterBot Quebec round 9
ChatterBot Papa round 9
ChatterBot Yankee round 9
ChatterBot Golf round 9
2024-10-14 20:16:46.382690 Foxtrot: Tango, sending you 5
2024-10-14 20:16:46.385669 Foxtrot: Papa and Golf, sending you 6
2024-10-14 20:16:46.387792 Delta: X-ray, sending you 3
2024-10-14 20:16:46.388715 X-ray: Delta, Juliett, Quebec and Yankee, sending you 3
2024-10-14 20:16:46.390666 Tango: Foxtrot, sending you 4
2024-10-14 20:16:46.394489 X-ray: Alpha, sending you 5
2024-10-14 20:16:46.395742 Delta: Juliett, Alpha and Yankee, sending you 2
2024-10-14 20:16:46.398017 Papa: Foxtrot, sending you 5
2024-10-14 20:16:46.398721 Quebec: X-ray, sending you 3
2024-10-14 20:16:46.399624 Tango: Papa, sending you 3
2024-10-14 20:16:46.401697 Juliett: Delta, X-ray, Alpha and Quebec, sending you 2
2024-10-14 20:16:46.402755 Papa: Tango and Golf, sending you 4
2024-10-14 20:16:46.408387 Alpha: Delta, Juliett, Quebec and Yankee, sending you 3
2024-10-14 20:16:46.409541 Quebec: Juliett, Alpha and Yankee, sending you 2
2024-10-14 20:16:46.410236 Tango: Golf, sending you 2
2024-10-14 20:16:46.412428 Yankee: Delta, X-ray, Alpha and Quebec, sending you 2
2024-10-14 20:16:46.413404 Juliett: Yankee, sending you 4
2024-10-14 20:16:46.415154 Golf: Foxtrot, sending you 8
2024-10-14 20:16:46.415805 Alpha: X-ray, sending you 5
2024-10-14 20:16:46.421663 Yankee: Juliett, sending you 4
2024-10-14 20:16:46.422579 Golf: Tango, sending you 3
2024-10-14 20:16:46.425649 Golf: Papa, sending you 6
chatterbot Foxtrot submitting transactions
chatterbot Yankee submitting transactions
chatterbot Golf submitting transactions
chatterbot Quebec submitting transactions
chatterbot Papa submitting transactions
chatterbot Tango submitting transactions
chatterbot X-ray submitting transactions
chatterbot Delta submitting transactions
chatterbot Juliett submitting transactions
chatterbot Alpha submitting transactions
ChatterBot Foxtrot round 10
ChatterBot Delta round 10
ChatterBot X-ray round 10
ChatterBot Juliett round 10
ChatterBot Tango round 10
ChatterBot Alpha round 10
ChatterBot Quebec round 10
ChatterBot Papa round 10
ChatterBot Yankee round 10
ChatterBot Golf round 10
2024-10-14 20:16:47.571019 Delta: X-ray, sending you 3
2024-10-14 20:16:47.574671 Delta: Juliett, Alpha and Yankee, sending you 2
2024-10-14 20:16:47.575406 Papa: Foxtrot, sending you 5
2024-10-14 20:16:47.576664 Tango: Foxtrot, sending you 4
2024-10-14 20:16:47.578674 Papa: Tango and Golf, sending you 4
2024-10-14 20:16:47.579707 Yankee: Delta, X-ray, Alpha and Quebec, sending you 2
2024-10-14 20:16:47.583662 Tango: Papa, sending you 3
2024-10-14 20:16:47.584224 Juliett: Delta, X-ray, Alpha and Quebec, sending you 2
2024-10-14 20:16:47.585345 Quebec: X-ray, sending you 3
2024-10-14 20:16:47.586662 Alpha: Delta, Juliett, Quebec and Yankee, sending you 3
2024-10-14 20:16:47.587669 Yankee: Juliett, sending you 4
2024-10-14 20:16:47.588304 X-ray: Delta, Juliett, Quebec and Yankee, sending you 3
2024-10-14 20:16:47.588948 Tango: Golf, sending you 2
2024-10-14 20:16:47.590189 Juliett: Yankee, sending you 4
2024-10-14 20:16:47.590807 Golf: Foxtrot, sending you 8
2024-10-14 20:16:47.591983 Quebec: Juliett, Alpha and Yankee, sending you 2
2024-10-14 20:16:47.592503 Foxtrot: Tango, sending you 5
2024-10-14 20:16:47.592943 Alpha: X-ray, sending you 5
2024-10-14 20:16:47.596762 X-ray: Alpha, sending you 5
2024-10-14 20:16:47.597544 Golf: Tango, sending you 3
2024-10-14 20:16:47.598887 Foxtrot: Papa and Golf, sending you 6
2024-10-14 20:16:47.602653 Golf: Papa, sending you 6
chatterbot Quebec submitting transactions
chatterbot Papa submitting transactions
chatterbot Delta submitting transactions
chatterbot X-ray submitting transactions
chatterbot Yankee submitting transactions
chatterbot Juliett submitting transactions
chatterbot Foxtrot submitting transactions
chatterbot Alpha submitting transactions
chatterbot Golf submitting transactions
chatterbot Tango submitting transactions
ChatterBot Foxtrot round 11
ChatterBot Delta round 11
ChatterBot X-ray round 11
ChatterBot Juliett round 11
ChatterBot Tango round 11
ChatterBot Alpha round 11
ChatterBot Quebec round 11
ChatterBot Papa round 11
ChatterBot Yankee round 11
ChatterBot Golf round 11
2024-10-14 20:16:48.842145 X-ray: Delta, Juliett, Quebec and Yankee, sending you 3
2024-10-14 20:16:48.843676 Foxtrot: Tango, sending you 5
2024-10-14 20:16:48.846681 X-ray: Alpha, sending you 5
2024-10-14 20:16:48.847665 Foxtrot: Papa and Golf, sending you 6
2024-10-14 20:16:48.848921 Tango: Foxtrot, sending you 4
2024-10-14 20:16:48.851696 Quebec: X-ray, sending you 3
2024-10-14 20:16:48.853695 Tango: Papa, sending you 3
2024-10-14 20:16:48.856688 Quebec: Juliett, Alpha and Yankee, sending you 2
2024-10-14 20:16:48.857685 Delta: X-ray, sending you 3
2024-10-14 20:16:48.858866 Tango: Golf, sending you 2
2024-10-14 20:16:48.859948 Alpha: Delta, Juliett, Quebec and Yankee, sending you 3
2024-10-14 20:16:48.860686 Juliett: Delta, X-ray, Alpha and Quebec, sending you 2
2024-10-14 20:16:48.861793 Yankee: Delta, X-ray, Alpha and Quebec, sending you 2
2024-10-14 20:16:48.862476 Papa: Foxtrot, sending you 5
2024-10-14 20:16:48.863961 Delta: Juliett, Alpha and Yankee, sending you 2
2024-10-14 20:16:48.865918 Alpha: X-ray, sending you 5
2024-10-14 20:16:48.866788 Juliett: Yankee, sending you 4
2024-10-14 20:16:48.867920 Yankee: Juliett, sending you 4
2024-10-14 20:16:48.868815 Papa: Tango and Golf, sending you 4
2024-10-14 20:16:48.869512 Golf: Foxtrot, sending you 8
2024-10-14 20:16:48.873817 Golf: Tango, sending you 3
2024-10-14 20:16:48.877714 Golf: Papa, sending you 6
chatterbot Yankee submitting transactions
chatterbot Papa submitting transactions
chatterbot Quebec submitting transactions
chatterbot Alpha submitting transactions
chatterbot Delta submitting transactions
chatterbot Foxtrot submitting transactions
chatterbot X-ray submitting transactions
chatterbot Golf submitting transactions
chatterbot Juliett submitting transactions
chatterbot Tango submitting transactions
ChatterBot Foxtrot round 12
ChatterBot Delta round 12
ChatterBot X-ray round 12
ChatterBot Juliett round 12
ChatterBot Tango round 12
ChatterBot Alpha round 12
ChatterBot Quebec round 12
ChatterBot Papa round 12
ChatterBot Yankee round 12
ChatterBot Golf round 12
2024-10-14 20:16:50.116657 X-ray: Delta, Juliett, Quebec and Yankee, sending you 3
2024-10-14 20:16:50.121792 X-ray: Alpha, sending you 5
2024-10-14 20:16:50.122701 Juliett: Delta, X-ray, Alpha and Quebec, sending you 2
2024-10-14 20:16:50.124662 Tango: Foxtrot, sending you 4
2024-10-14 20:16:50.125679 Alpha: Delta, Juliett, Quebec and Yankee, sending you 3
2024-10-14 20:16:50.126698 Juliett: Yankee, sending you 4
2024-10-14 20:16:50.128076 Foxtrot: Tango, sending you 5
2024-10-14 20:16:50.128650 Quebec: X-ray, sending you 3
2024-10-14 20:16:50.129651 Delta: X-ray, sending you 3
2024-10-14 20:16:50.130718 Tango: Papa, sending you 3
2024-10-14 20:16:50.131334 Papa: Foxtrot, sending you 5
2024-10-14 20:16:50.131802 Alpha: X-ray, sending you 5
2024-10-14 20:16:50.132490 Foxtrot: Papa and Golf, sending you 6
2024-10-14 20:16:50.133271 Quebec: Juliett, Alpha and Yankee, sending you 2
2024-10-14 20:16:50.133902 Tango: Golf, sending you 2
2024-10-14 20:16:50.134676 Delta: Juliett, Alpha and Yankee, sending you 2
2024-10-14 20:16:50.135754 Papa: Tango and Golf, sending you 4
2024-10-14 20:16:50.137678 Golf: Foxtrot, sending you 8
2024-10-14 20:16:50.138685 Yankee: Delta, X-ray, Alpha and Quebec, sending you 2
2024-10-14 20:16:50.141724 Golf: Tango, sending you 3
2024-10-14 20:16:50.142668 Yankee: Juliett, sending you 4
2024-10-14 20:16:50.146663 Golf: Papa, sending you 6
chatterbot Tango submitting transactions
chatterbot X-ray submitting transactions
chatterbot Yankee submitting transactions
chatterbot Papa submitting transactions
chatterbot Quebec submitting transactions
chatterbot Foxtrot submitting transactions
chatterbot Alpha submitting transactions
chatterbot Juliett submitting transactions
chatterbot Golf submitting transactions
chatterbot Delta submitting transactions
ChatterBot Foxtrot round 13
ChatterBot Delta round 13
ChatterBot X-ray round 13
ChatterBot Juliett round 13
ChatterBot Tango round 13
ChatterBot Alpha round 13
ChatterBot Quebec round 13
ChatterBot Papa round 13
ChatterBot Yankee round 13
ChatterBot Golf round 13
2024-10-14 20:16:51.275669 Delta: X-ray, sending you 3
2024-10-14 20:16:51.280692 Delta: Juliett, Alpha and Yankee, sending you 2
2024-10-14 20:16:51.282678 Tango: Foxtrot, sending you 4
2024-10-14 20:16:51.283441 Yankee: Delta, X-ray, Alpha and Quebec, sending you 2
2024-10-14 20:16:51.284675 Quebec: X-ray, sending you 3
2024-10-14 20:16:51.285722 X-ray: Delta, Juliett, Quebec and Yankee, sending you 3
2024-10-14 20:16:51.286827 Golf: Foxtrot, sending you 8
2024-10-14 20:16:51.287557 Foxtrot: Tango, sending you 5
2024-10-14 20:16:51.288247 Tango: Papa, sending you 3
2024-10-14 20:16:51.288712 Yankee: Juliett, sending you 4
2024-10-14 20:16:51.289720 X-ray: Alpha, sending you 5
2024-10-14 20:16:51.290899 Juliett: Delta, X-ray, Alpha and Quebec, sending you 2
2024-10-14 20:16:51.292177 Quebec: Juliett, Alpha and Yankee, sending you 2
2024-10-14 20:16:51.292594 Foxtrot: Papa and Golf, sending you 6
2024-10-14 20:16:51.293137 Golf: Tango, sending you 3
2024-10-14 20:16:51.293589 Tango: Golf, sending you 2
2024-10-14 20:16:51.294559 Alpha: Delta, Juliett, Quebec and Yankee, sending you 3
2024-10-14 20:16:51.295686 Juliett: Yankee, sending you 4
2024-10-14 20:16:51.296743 Papa: Foxtrot, sending you 5
2024-10-14 20:16:51.297693 Golf: Papa, sending you 6
2024-10-14 20:16:51.298232 Alpha: X-ray, sending you 5
2024-10-14 20:16:51.300656 Papa: Tango and Golf, sending you 4
chatterbot Delta submitting transactions
chatterbot Tango submitting transactions
chatterbot Quebec submitting transactions
chatterbot Alpha submitting transactions
chatterbot X-ray submitting transactions
chatterbot Yankee submitting transactions
chatterbot Golf submitting transactions
chatterbot Juliett submitting transactions
chatterbot Foxtrot submitting transactions
chatterbot Papa submitting transactions
ChatterBot Foxtrot round 14
ChatterBot Delta round 14
ChatterBot X-ray round 14
ChatterBot Juliett round 14
ChatterBot Tango round 14
ChatterBot Alpha round 14
ChatterBot Quebec round 14
ChatterBot Papa round 14
ChatterBot Yankee round 14
ChatterBot Golf round 14
2024-10-14 20:16:52.656705 Quebec: X-ray, sending you 3
2024-10-14 20:16:52.658411 Delta: X-ray, sending you 3
2024-10-14 20:16:52.661003 Golf: Foxtrot, sending you 8
2024-10-14 20:16:52.662122 Quebec: Juliett, Alpha and Yankee, sending you 2
2024-10-14 20:16:52.663201 X-ray: Delta, Juliett, Quebec and Yankee, sending you 3
2024-10-14 20:16:52.664111 Alpha: Delta, Juliett, Quebec and Yankee, sending you 3
2024-10-14 20:16:52.665360 Delta: Juliett, Alpha and Yankee, sending you 2
2024-10-14 20:16:52.667259 Juliett: Delta, X-ray, Alpha and Quebec, sending you 2
2024-10-14 20:16:52.668209 Golf: Tango, sending you 3
2024-10-14 20:16:52.670038 X-ray: Alpha, sending you 5
2024-10-14 20:16:52.671991 Alpha: X-ray, sending you 5
2024-10-14 20:16:52.672819 Yankee: Delta, X-ray, Alpha and Quebec, sending you 2
2024-10-14 20:16:52.674178 Tango: Foxtrot, sending you 4
2024-10-14 20:16:52.675354 Foxtrot: Tango, sending you 5
2024-10-14 20:16:52.676093 Juliett: Yankee, sending you 4
2024-10-14 20:16:52.677909 Golf: Papa, sending you 6
2024-10-14 20:16:52.678784 Yankee: Juliett, sending you 4
2024-10-14 20:16:52.680490 Foxtrot: Papa and Golf, sending you 6
2024-10-14 20:16:52.681961 Tango: Papa, sending you 3
2024-10-14 20:16:52.683057 Papa: Foxtrot, sending you 5
2024-10-14 20:16:52.685894 Tango: Golf, sending you 2
2024-10-14 20:16:52.690275 Papa: Tango and Golf, sending you 4
chatterbot Papa submitting transactions
chatterbot X-ray submitting transactions
chatterbot Yankee submitting transactions
chatterbot Delta submitting transactions
chatterbot Foxtrot submitting transactions
chatterbot Juliett submitting transactions
chatterbot Golf submitting transactions
chatterbot Tango submitting transactions
chatterbot Quebec submitting transactions
chatterbot Alpha submitting transactions
ChatterBot Foxtrot round 15
ChatterBot Delta round 15
ChatterBot X-ray round 15
ChatterBot Juliett round 15
ChatterBot Tango round 15
ChatterBot Alpha round 15
ChatterBot Quebec round 15
ChatterBot Papa round 15
ChatterBot Yankee round 15
ChatterBot Golf round 15
2024-10-14 20:16:53.814701 Juliett: Delta, X-ray, Alpha and Quebec, sending you 2
2024-10-14 20:16:53.816377 X-ray: Delta, Juliett, Quebec and Yankee, sending you 3
2024-10-14 20:16:53.817684 Delta: X-ray, sending you 3
2024-10-14 20:16:53.819113 Quebec: X-ray, sending you 3
2024-10-14 20:16:53.819922 Papa: Foxtrot, sending you 5
2024-10-14 20:16:53.820481 Tango: Foxtrot, sending you 4
2024-10-14 20:16:53.821351 Juliett: Yankee, sending you 4
2024-10-14 20:16:53.822662 X-ray: Alpha, sending you 5
2024-10-14 20:16:53.823765 Golf: Foxtrot, sending you 8
2024-10-14 20:16:53.824255 Papa: Tango and Golf, sending you 4
2024-10-14 20:16:53.824764 Delta: Juliett, Alpha and Yankee, sending you 2
2024-10-14 20:16:53.825746 Alpha: Delta, Juliett, Quebec and Yankee, sending you 3
2024-10-14 20:16:53.826278 Quebec: Juliett, Alpha and Yankee, sending you 2
2024-10-14 20:16:53.826631 Tango: Papa, sending you 3
2024-10-14 20:16:53.827019 Foxtrot: Tango, sending you 5
2024-10-14 20:16:53.827795 Golf: Tango, sending you 3
2024-10-14 20:16:53.828678 Alpha: X-ray, sending you 5
2024-10-14 20:16:53.830649 Tango: Golf, sending you 2
2024-10-14 20:16:53.831665 Foxtrot: Papa and Golf, sending you 6
2024-10-14 20:16:53.832689 Yankee: Delta, X-ray, Alpha and Quebec, sending you 2
2024-10-14 20:16:53.833455 Golf: Papa, sending you 6
2024-10-14 20:16:53.837682 Yankee: Juliett, sending you 4
chatterbot Quebec submitting transactions
chatterbot Papa submitting transactions
chatterbot Tango submitting transactions
chatterbot X-ray submitting transactions
chatterbot Delta submitting transactions
chatterbot Yankee submitting transactions
chatterbot Juliett submitting transactions
chatterbot Foxtrot submitting transactions
chatterbot Alpha submitting transactions
chatterbot Golf submitting transactions
ChatterBot Foxtrot round 16
ChatterBot Delta round 16
ChatterBot X-ray round 16
ChatterBot Juliett round 16
ChatterBot Tango round 16
ChatterBot Alpha round 16
ChatterBot Quebec round 16
ChatterBot Papa round 16
ChatterBot Yankee round 16
ChatterBot Golf round 16
2024-10-14 20:16:55.099686 Foxtrot: Tango, sending you 5
2024-10-14 20:16:55.104682 Foxtrot: Papa and Golf, sending you 6
2024-10-14 20:16:55.106689 Delta: X-ray, sending you 3
2024-10-14 20:16:55.107683 Quebec: X-ray, sending you 3
2024-10-14 20:16:55.109677 Juliett: Delta, X-ray, Alpha and Quebec, sending you 2
2024-10-14 20:16:55.111689 Delta: Juliett, Alpha and Yankee, sending you 2
2024-10-14 20:16:55.112292 Alpha: Delta, Juliett, Quebec and Yankee, sending you 3
2024-10-14 20:16:55.113230 Yankee: Delta, X-ray, Alpha and Quebec, sending you 2
2024-10-14 20:16:55.113848 Quebec: Juliett, Alpha and Yankee, sending you 2
2024-10-14 20:16:55.114298 Golf: Foxtrot, sending you 8
2024-10-14 20:16:55.114888 Papa: Foxtrot, sending you 5
