ChatterBot November round 1
ChatterBot X-ray round 1
ChatterBot Delta round 1
ChatterBot Sierra round 1
ChatterBot Alpha round 1
ChatterBot Whiskey round 1
ChatterBot Charlie round 1
ChatterBot Hotel round 1
ChatterBot Oscar round 1
ChatterBot Echo round 1
randomSelections Delta: {Delta, Alpha, Charlie, X-ray, Echo, November} 
2024-10-14 20:16:34.992585 Delta: Group up?
ChatterBot Alpha reevaluating
ChatterBot Charlie reevaluating
ChatterBot X-ray reevaluating
ChatterBot Echo reevaluating
ChatterBot November reevaluating
2024-10-14 20:16:35.007029 Alpha: Yes
2024-10-14 20:16:35.007216 Charlie: Yes
2024-10-14 20:16:35.007336 X-ray: Yes
2024-10-14 20:16:35.007479 Echo: Yes
2024-10-14 20:16:35.007595 November: Yes
ChatterBot Charlie reevaluating
ChatterBot X-ray reevaluating
ChatterBot Echo reevaluating
ChatterBot November reevaluating
ChatterBot Alpha reevaluating
ChatterBot X-ray reevaluating
ChatterBot Echo reevaluating
ChatterBot November reevaluating
ChatterBot Alpha reevaluating
ChatterBot Charlie reevaluating
ChatterBot Echo reevaluating
ChatterBot November reevaluating
ChatterBot Alpha reevaluating
ChatterBot Charlie reevaluating
ChatterBot X-ray reevaluating
ChatterBot November reevaluating
ChatterBot Alpha reevaluating
ChatterBot Charlie reevaluating
ChatterBot X-ray reevaluating
ChatterBot Echo reevaluating
randomSelections Oscar: {Oscar, Alpha, November} 
2024-10-14 20:16:35.064967 Oscar: Can we be friends?
ChatterBot Alpha reevaluating
ChatterBot November reevaluating
2024-10-14 20:16:35.068906 Alpha: No
2024-10-14 20:16:35.069483 November: No
ChatterBot November reevaluating
ChatterBot Alpha reevaluating
randomSelections Whiskey: {Whiskey, Oscar, Sierra, Charlie, Alpha, Delta} 
2024-10-14 20:16:35.084680 Whiskey: We would work well together
ChatterBot Sierra reevaluating
ChatterBot Charlie reevaluating
ChatterBot Alpha reevaluating
2024-10-14 20:16:35.098055 Oscar: No
2024-10-14 20:16:35.098434 Sierra: Yes
2024-10-14 20:16:35.099525 Charlie: No
2024-10-14 20:16:35.100374 Alpha: No
2024-10-14 20:16:35.102207 Delta: No
ChatterBot Sierra reevaluating
ChatterBot Charlie reevaluating
ChatterBot Alpha reevaluating
ChatterBot Charlie reevaluating
ChatterBot Alpha reevaluating
ChatterBot Sierra reevaluating
ChatterBot Alpha reevaluating
ChatterBot Sierra reevaluating
ChatterBot Charlie reevaluating
ChatterBot Sierra reevaluating
ChatterBot Charlie reevaluating
ChatterBot Alpha reevaluating
randomSelections Hotel: {Hotel, Oscar, X-ray, Echo, Charlie, Whiskey, November} 
2024-10-14 20:16:35.164867 Hotel: We would work well together
ChatterBot X-ray reevaluating
ChatterBot Echo reevaluating
ChatterBot Charlie reevaluating
ChatterBot November reevaluating
2024-10-14 20:16:35.174970 Oscar: No
2024-10-14 20:16:35.175117 X-ray: No
2024-10-14 20:16:35.175225 Echo: No
2024-10-14 20:16:35.175362 Charlie: No
2024-10-14 20:16:35.175464 Whiskey: No
2024-10-14 20:16:35.176063 November: No
ChatterBot X-ray reevaluating
ChatterBot Echo reevaluating
ChatterBot Charlie reevaluating
ChatterBot November reevaluating
ChatterBot Echo reevaluating
ChatterBot Charlie reevaluating
ChatterBot November reevaluating
ChatterBot X-ray reevaluating
ChatterBot Charlie reevaluating
ChatterBot November reevaluating
ChatterBot X-ray reevaluating
ChatterBot Echo reevaluating
ChatterBot November reevaluating
ChatterBot X-ray reevaluating
ChatterBot Echo reevaluating
ChatterBot Charlie reevaluating
ChatterBot November reevaluating
ChatterBot X-ray reevaluating
ChatterBot Echo reevaluating
ChatterBot Charlie reevaluating
2024-10-14 20:16:35.244707 Sierra: Delta and Oscar, sending you 2
2024-10-14 20:16:35.247859 X-ray: November and Delta, sending you 3
2024-10-14 20:16:35.248242 Oscar: November, sending you 5
2024-10-14 20:16:35.249653 Sierra: Alpha, sending you 1
2024-10-14 20:16:35.251677 Echo: X-ray, sending you 4
2024-10-14 20:16:35.252686 X-ray: Charlie, sending you 1
2024-10-14 20:16:35.252962 Oscar: Alpha, sending you 7
2024-10-14 20:16:35.253168 Delta: November and Alpha, sending you 4
2024-10-14 20:16:35.253890 Sierra: Whiskey and Charlie, sending you 4
2024-10-14 20:16:35.255685 Alpha: November, sending you 5
2024-10-14 20:16:35.256065 November: X-ray, sending you 2
2024-10-14 20:16:35.256745 Whiskey: Delta and Oscar, sending you 1
2024-10-14 20:16:35.257082 Echo: Delta, sending you 3
2024-10-14 20:16:35.257991 Charlie: November, X-ray and Delta, sending you 3
2024-10-14 20:16:35.258348 X-ray: Echo, sending you 2
2024-10-14 20:16:35.258782 Delta: X-ray, sending you 3
2024-10-14 20:16:35.259610 Alpha: X-ray, sending you 3
2024-10-14 20:16:35.260043 Whiskey: Sierra and Charlie, sending you 3
2024-10-14 20:16:35.260316 Echo: Alpha and Charlie, sending you 1
2024-10-14 20:16:35.261100 November: Delta, sending you 4
2024-10-14 20:16:35.261675 Charlie: Alpha and Echo, sending you 2
2024-10-14 20:16:35.262695 Whiskey: Alpha, sending you 2
2024-10-14 20:16:35.264110 Delta: Echo, sending you 1
2024-10-14 20:16:35.264550 Alpha: Delta, sending you 1
2024-10-14 20:16:35.264947 November: Charlie, sending you 1
2024-10-14 20:16:35.267701 Alpha: Echo, sending you 6
2024-10-14 20:16:35.270023 November: Echo, sending you 5
chatterbot X-ray submitting transactions
chatterbot November submitting transactions
chatterbot Whiskey submitting transactions
chatterbot Echo submitting transactions
chatterbot Hotel submitting transactions
chatterbot Charlie submitting transactions
chatterbot Sierra submitting transactions
chatterbot Oscar submitting transactions
chatterbot Alpha submitting transactions
chatterbot Delta submitting transactions
ChatterBot November round 2
ChatterBot X-ray round 2
ChatterBot Delta round 2
ChatterBot Sierra round 2
ChatterBot Alpha round 2
ChatterBot Whiskey round 2
ChatterBot Charlie round 2
ChatterBot Hotel round 2
ChatterBot Oscar round 2
2024-10-14 20:16:36.352192 Sierra: We would work well together
ChatterBot Whiskey reevaluating
ChatterBot Oscar reevaluating
2024-10-14 20:16:36.363136 Whiskey: Yes
2024-10-14 20:16:36.363941 Oscar: Yes
ChatterBot Oscar reevaluating
ChatterBot Whiskey reevaluating
2024-10-14 20:16:36.385092 Oscar: Let's form a team
ChatterBot Whiskey reevaluating
2024-10-14 20:16:36.394964 Sierra: Yes
2024-10-14 20:16:36.395247 Whiskey: Yes
ChatterBot Whiskey reevaluating
ChatterBot Oscar reevaluating
ChatterBot Oscar reevaluating
2024-10-14 20:16:36.421053 Alpha: We should add Oscar
ChatterBot Delta reevaluating
ChatterBot Charlie reevaluating
ChatterBot X-ray reevaluating
ChatterBot Echo reevaluating
ChatterBot November reevaluating
2024-10-14 20:16:36.455239 Delta: No
2024-10-14 20:16:36.455523 Charlie: No
2024-10-14 20:16:36.455721 X-ray: No
2024-10-14 20:16:36.455923 Echo: No
2024-10-14 20:16:36.456643 November: No
ChatterBot Charlie reevaluating
ChatterBot X-ray reevaluating
ChatterBot Echo reevaluating
ChatterBot November reevaluating
ChatterBot Delta reevaluating
ChatterBot X-ray reevaluating
ChatterBot Echo reevaluating
ChatterBot November reevaluating
ChatterBot Delta reevaluating
ChatterBot Charlie reevaluating
ChatterBot Echo reevaluating
ChatterBot November reevaluating
ChatterBot Delta reevaluating
ChatterBot Charlie reevaluating
ChatterBot X-ray reevaluating
ChatterBot November reevaluating
ChatterBot Delta reevaluating
ChatterBot Charlie reevaluating
ChatterBot X-ray reevaluating
ChatterBot Echo reevaluating
ChatterBot Echo round 2
2024-10-14 20:16:36.649810 Hotel: Group up?
ChatterBot Whiskey reevaluating
2024-10-14 20:16:36.655337 Whiskey: No
ChatterBot Hotel reevaluating
2024-10-14 20:16:36.670649 Alpha: Oscar we want you to join our group
2024-10-14 20:16:36.674823 Oscar: No
ChatterBot November reevaluating
ChatterBot X-ray reevaluating
ChatterBot Delta reevaluating
ChatterBot Charlie reevaluating
ChatterBot Echo reevaluating
2024-10-14 20:16:36.705242 Echo: We should add Hotel
ChatterBot Delta reevaluating
ChatterBot Charlie reevaluating
ChatterBot X-ray reevaluating
ChatterBot November reevaluating
2024-10-14 20:16:36.728904 Delta: No
2024-10-14 20:16:36.729532 Alpha: No
2024-10-14 20:16:36.729681 Charlie: No
2024-10-14 20:16:36.729894 X-ray: No
2024-10-14 20:16:36.730039 November: No
ChatterBot Charlie reevaluating
ChatterBot X-ray reevaluating
ChatterBot Echo reevaluating
ChatterBot November reevaluating
ChatterBot Delta reevaluating
ChatterBot Charlie reevaluating
ChatterBot X-ray reevaluating
ChatterBot Echo reevaluating
ChatterBot November reevaluating
ChatterBot Delta reevaluating
ChatterBot X-ray reevaluating
ChatterBot Echo reevaluating
ChatterBot November reevaluating
ChatterBot Delta reevaluating
ChatterBot Charlie reevaluating
ChatterBot Echo reevaluating
ChatterBot November reevaluating
ChatterBot Delta reevaluating
ChatterBot Charlie reevaluating
ChatterBot X-ray reevaluating
ChatterBot Echo reevaluating
2024-10-14 20:16:36.967306 Sierra: Whiskey, sending you 6
2024-10-14 20:16:37.035666 X-ray: November, sending you 1
2024-10-14 20:16:37.036159 Hotel: Sending you 5
2024-10-14 20:16:37.036887 Sierra: Oscar, sending you 3
2024-10-14 20:16:37.037151 Oscar: Sierra, sending you 8
2024-10-14 20:16:37.037373 Whiskey: Sierra, sending you 10
2024-10-14 20:16:37.037643 Delta: November, X-ray, Charlie and Echo, sending you 3
2024-10-14 20:16:37.038481 Alpha: November, X-ray and Echo, sending you 1
2024-10-14 20:16:37.135070 X-ray: Delta, Alpha, Charlie and Echo, sending you 2
2024-10-14 20:16:37.136099 Oscar: Whiskey, sending you 4
2024-10-14 20:16:37.136411 Echo: November and Alpha, sending you 3
2024-10-14 20:16:37.136861 Charlie: Sierra, sending you 7
2024-10-14 20:16:37.137596 November: X-ray and Charlie, sending you 2
2024-10-14 20:16:37.138076 Alpha: Delta, sending you 4
2024-10-14 20:16:37.159054 Charlie: Whiskey, sending you 6
2024-10-14 20:16:37.159468 November: Delta, sending you 3
2024-10-14 20:16:37.160416 Echo: X-ray, Delta and Charlie, sending you 1
2024-10-14 20:16:37.160905 Alpha: Charlie, sending you 2
2024-10-14 20:16:37.188725 November: Alpha, sending you 4
2024-10-14 20:16:37.189753 Alpha: Oscar, sending you 6
2024-10-14 20:16:37.261952 November: Echo, sending you 1
chatterbot Alpha submitting transactions
chatterbot X-ray submitting transactions
chatterbot Charlie submitting transactions
chatterbot Hotel submitting transactions
chatterbot Sierra submitting transactions
chatterbot Delta submitting transactions
chatterbot November submitting transactions
chatterbot Oscar submitting transactions
chatterbot Echo submitting transactions
chatterbot Whiskey submitting transactions
ChatterBot November round 3
ChatterBot X-ray round 3
ChatterBot Delta round 3
ChatterBot Sierra round 3
ChatterBot Alpha round 3
ChatterBot Whiskey round 3
ChatterBot Charlie round 3
ChatterBot Hotel round 3
ChatterBot Oscar round 3
ChatterBot Echo round 3
2024-10-14 20:16:37.883465 Sierra: We should add Charlie
ChatterBot Whiskey reevaluating
ChatterBot Oscar reevaluating
2024-10-14 20:16:37.891570 Whiskey: Yes
2024-10-14 20:16:37.891722 Oscar: No
ChatterBot Oscar reevaluating
ChatterBot Whiskey reevaluating
2024-10-14 20:16:37.905361 Whiskey: We should add Charlie and Hotel
ChatterBot Sierra reevaluating
ChatterBot Oscar reevaluating
2024-10-14 20:16:37.912543 Sierra: Yes
2024-10-14 20:16:37.912727 Oscar: No
ChatterBot Whiskey reevaluating
ChatterBot Oscar reevaluating
ChatterBot Sierra reevaluating
ChatterBot Whiskey reevaluating
2024-10-14 20:16:38.012144 Alpha: We should drop Oscar
2024-10-14 20:16:38.045225 Delta: Yes
2024-10-14 20:16:38.045482 Charlie: Yes
2024-10-14 20:16:38.046136 X-ray: Yes
2024-10-14 20:16:38.046395 Echo: Yes
2024-10-14 20:16:38.046573 November: Yes
2024-10-14 20:16:38.110849 Whiskey: Charlie and Hotel we want you to join our group
ChatterBot Hotel reevaluating
2024-10-14 20:16:38.116336 Charlie: No
2024-10-14 20:16:38.116508 Hotel: No
ChatterBot Whiskey reevaluating
ChatterBot Sierra reevaluating
ChatterBot Oscar reevaluating
ChatterBot Hotel reevaluating
ChatterBot Whiskey reevaluating
ChatterBot Sierra reevaluating
ChatterBot Oscar reevaluating
2024-10-14 20:16:38.141053 Hotel: We should replace Sierra with Charlie
2024-10-14 20:16:38.142135 November: X-ray, Charlie and Echo, sending you 2
2024-10-14 20:16:38.144701 X-ray: November, Delta, Alpha and Echo, sending you 2
2024-10-14 20:16:38.145668 November: Delta and Alpha, sending you 3
2024-10-14 20:16:38.147112 Delta: November and Alpha, sending you 3
chatterbot November submitting transactions
2024-10-14 20:16:38.148709 X-ray: Charlie, sending you 1
2024-10-14 20:16:38.151254 Hotel: Charlie we want you to join our group
ChatterBot Charlie reevaluating
2024-10-14 20:16:38.157504 Charlie: No
ChatterBot Hotel reevaluating
2024-10-14 20:16:38.165195 Charlie: We should add Oscar
ChatterBot Sierra reevaluating
2024-10-14 20:16:38.180360 Sierra: Yes
2024-10-14 20:16:38.180787 Whiskey: Yes
ChatterBot Charlie reevaluating
ChatterBot Charlie reevaluating
ChatterBot Sierra reevaluating
2024-10-14 20:16:38.204423 Delta: X-ray, Charlie and Echo, sending you 2
2024-10-14 20:16:38.208790 Sierra: Charlie we want you to join our group
ChatterBot Charlie reevaluating
2024-10-14 20:16:38.216056 Charlie: No
ChatterBot Sierra reevaluating
2024-10-14 20:16:38.232210 Alpha: November and Echo, sending you 4
2024-10-14 20:16:38.232849 Echo: November, X-ray, Delta and Alpha, sending you 2
2024-10-14 20:16:38.233851 Oscar: Sierra, sending you 9
2024-10-14 20:16:38.235656 Alpha: X-ray and Charlie, sending you 2
2024-10-14 20:16:38.237702 Whiskey: Sierra, sending you 5
2024-10-14 20:16:38.239069 Echo: Charlie, sending you 1
2024-10-14 20:16:38.239609 Oscar: Whiskey, sending you 3
2024-10-14 20:16:38.239901 Alpha: Delta, sending you 3
chatterbot Alpha submitting transactions
2024-10-14 20:16:38.242818 Whiskey: Charlie, sending you 3
2024-10-14 20:16:38.246668 Whiskey: Oscar, sending you 2
2024-10-14 20:16:38.251661 Hotel: Sending you 5
2024-10-14 20:16:38.253672 Charlie: Sierra, sending you 7
2024-10-14 20:16:38.258655 Charlie: Whiskey, sending you 6
2024-10-14 20:16:38.262940 Sierra: Whiskey, sending you 5
2024-10-14 20:16:38.267801 Sierra: Charlie and Oscar, sending you 4
chatterbot Hotel submitting transactions
chatterbot Sierra submitting transactions
chatterbot X-ray submitting transactions
chatterbot Charlie submitting transactions
chatterbot Oscar submitting transactions
chatterbot Delta submitting transactions
chatterbot Whiskey submitting transactions
chatterbot Echo submitting transactions
ChatterBot November round 4
ChatterBot X-ray round 4
ChatterBot Delta round 4
ChatterBot Sierra round 4
ChatterBot Alpha round 4
ChatterBot Whiskey round 4
ChatterBot Charlie round 4
ChatterBot Hotel round 4
ChatterBot Oscar round 4
ChatterBot Echo round 4
2024-10-14 20:16:39.295583 X-ray: We should drop Charlie
ChatterBot Delta reevaluating
2024-10-14 20:16:39.305897 November: No
2024-10-14 20:16:39.306027 Delta: Yes
2024-10-14 20:16:39.306134 Alpha: No
2024-10-14 20:16:39.306231 Echo: No
ChatterBot Delta reevaluating
ChatterBot November reevaluating
ChatterBot November reevaluating
ChatterBot Delta reevaluating
ChatterBot November reevaluating
ChatterBot Delta reevaluating
2024-10-14 20:16:39.356940 Whiskey: Sierra, sending you 5
2024-10-14 20:16:39.359752 Whiskey: Charlie, sending you 4
2024-10-14 20:16:39.363678 Alpha: November and Delta, sending you 4
2024-10-14 20:16:39.364726 Whiskey: Oscar, sending you 1
2024-10-14 20:16:39.365620 X-ray: November, Alpha and Echo, sending you 2
2024-10-14 20:16:39.366673 Oscar: Sierra, sending you 8
2024-10-14 20:16:39.368323 Alpha: X-ray and Echo, sending you 3
2024-10-14 20:16:39.368880 Echo: November, X-ray and Delta, sending you 2
2024-10-14 20:16:39.371255 X-ray: Delta, sending you 3
2024-10-14 20:16:39.371687 Oscar: Whiskey, sending you 4
2024-10-14 20:16:39.372047 Hotel: Same as last round
2024-10-14 20:16:39.372427 Alpha: Charlie, sending you 1
2024-10-14 20:16:39.373051 Echo: Alpha, sending you 3
2024-10-14 20:16:39.374129 Charlie: Sierra, sending you 8
2024-10-14 20:16:39.375678 Sierra: Whiskey, sending you 5
2024-10-14 20:16:39.377676 Charlie: Whiskey, sending you 5
2024-10-14 20:16:39.379673 Sierra: Charlie and Oscar, sending you 4
2024-10-14 20:16:39.380690 Delta: November, sending you 4
2024-10-14 20:16:39.384666 Delta: X-ray and Alpha, sending you 3
2024-10-14 20:16:39.387655 Delta: Echo, sending you 2
chatterbot Oscar submitting transactions
chatterbot Sierra submitting transactions
chatterbot Hotel submitting transactions
chatterbot November submitting transactions
chatterbot Delta submitting transactions
chatterbot Alpha submitting transactions
chatterbot X-ray submitting transactions
chatterbot Whiskey submitting transactions
chatterbot Echo submitting transactions
chatterbot Charlie submitting transactions
ChatterBot November round 5
ChatterBot X-ray round 5
ChatterBot Delta round 5
ChatterBot Sierra round 5
ChatterBot Alpha round 5
ChatterBot Whiskey round 5
ChatterBot Charlie round 5
ChatterBot Hotel round 5
ChatterBot Oscar round 5
ChatterBot Echo round 5
2024-10-14 20:16:40.326924 November: We should drop Charlie
ChatterBot Alpha reevaluating
2024-10-14 20:16:40.339946 X-ray: Yes
2024-10-14 20:16:40.340143 Delta: Yes
2024-10-14 20:16:40.340302 Alpha: Yes
2024-10-14 20:16:40.340471 Echo: No
ChatterBot November reevaluating
ChatterBot Alpha reevaluating
ChatterBot Echo reevaluating
ChatterBot November reevaluating
ChatterBot Alpha reevaluating
ChatterBot Echo reevaluating
ChatterBot November reevaluating
ChatterBot Echo reevaluating
ChatterBot November reevaluating
ChatterBot Alpha reevaluating
2024-10-14 20:16:40.416563 Sierra: We should add Hotel
2024-10-14 20:16:40.425321 Whiskey: Yes
2024-10-14 20:16:40.425498 Charlie: No
2024-10-14 20:16:40.425628 Oscar: No
ChatterBot Sierra reevaluating
ChatterBot Oscar reevaluating
ChatterBot Sierra reevaluating
2024-10-14 20:16:40.451595 Oscar: We should add Charlie
ChatterBot Sierra reevaluating
2024-10-14 20:16:40.457754 Sierra: Yes
2024-10-14 20:16:40.457942 Whiskey: Yes
ChatterBot Oscar reevaluating
ChatterBot Sierra reevaluating
ChatterBot Oscar reevaluating
2024-10-14 20:16:40.491179 Echo: We should replace Charlie with Hotel
ChatterBot November reevaluating
ChatterBot Alpha reevaluating
2024-10-14 20:16:40.502859 X-ray: No
2024-10-14 20:16:40.503520 November: No
2024-10-14 20:16:40.503643 Delta: No
2024-10-14 20:16:40.503760 Alpha: Yes
ChatterBot November reevaluating
ChatterBot Alpha reevaluating
ChatterBot Echo reevaluating
ChatterBot Alpha reevaluating
ChatterBot Echo reevaluating
ChatterBot November reevaluating
ChatterBot Alpha reevaluating
ChatterBot Echo reevaluating
ChatterBot November reevaluating
ChatterBot Echo reevaluating
2024-10-14 20:16:40.558659 X-ray: November, Alpha and Echo, sending you 2
2024-10-14 20:16:40.559818 Echo: Hotel we want you to join our group
ChatterBot Hotel reevaluating
2024-10-14 20:16:40.564399 Hotel: No
ChatterBot Echo reevaluating
ChatterBot November reevaluating
ChatterBot Alpha reevaluating
2024-10-14 20:16:40.580680 Oscar: Charlie we want you to join our group
2024-10-14 20:16:40.583797 Charlie: No
ChatterBot Sierra reevaluating
2024-10-14 20:16:40.599524 X-ray: Delta, sending you 3
2024-10-14 20:16:40.600802 Delta: November, sending you 4
2024-10-14 20:16:40.601325 Alpha: Hotel we want you to join our group
ChatterBot Hotel reevaluating
2024-10-14 20:16:40.606729 Hotel: No
ChatterBot Echo reevaluating
2024-10-14 20:16:40.627646 Whiskey: Sierra and Charlie, sending you 4
2024-10-14 20:16:40.628166 Delta: X-ray and Alpha, sending you 3
2024-10-14 20:16:40.628668 Charlie: Sierra, sending you 7
2024-10-14 20:16:40.632671 Whiskey: Oscar, sending you 2
2024-10-14 20:16:40.633199 Delta: Echo, sending you 2
2024-10-14 20:16:40.633936 Charlie: Whiskey, sending you 6
2024-10-14 20:16:40.639664 Sierra: Whiskey, sending you 4
2024-10-14 20:16:40.644720 Sierra: Charlie, sending you 5
2024-10-14 20:16:40.647690 Sierra: Oscar, sending you 3
2024-10-14 20:16:40.648689 Alpha: November, Delta and Echo, sending you 4
2024-10-14 20:16:40.649681 Oscar: Sierra, sending you 8
2024-10-14 20:16:40.650076 November: X-ray and Echo, sending you 2
2024-10-14 20:16:40.653670 Alpha: X-ray, sending you 3
2024-10-14 20:16:40.654123 November: Delta and Alpha, sending you 4
2024-10-14 20:16:40.654695 Oscar: Whiskey, sending you 3
2024-10-14 20:16:40.659716 Oscar: Charlie, sending you 1
2024-10-14 20:16:40.661666 Echo: November, X-ray and Delta, sending you 2
2024-10-14 20:16:40.664694 Echo: Alpha, sending you 3
chatterbot Charlie submitting transactions
chatterbot X-ray submitting transactions
chatterbot Oscar submitting transactions
chatterbot Sierra submitting transactions
chatterbot Echo submitting transactions
chatterbot November submitting transactions
chatterbot Hotel submitting transactions
chatterbot Delta submitting transactions
chatterbot Whiskey submitting transactions
chatterbot Alpha submitting transactions
ChatterBot November round 6
ChatterBot X-ray round 6
ChatterBot Delta round 6
ChatterBot Sierra round 6
ChatterBot Alpha round 6
ChatterBot Whiskey round 6
ChatterBot Charlie round 6
ChatterBot Hotel round 6
ChatterBot Oscar round 6
ChatterBot Echo round 6
2024-10-14 20:16:41.775701 November: X-ray and Echo, sending you 2
2024-10-14 20:16:41.777025 Sierra: Whiskey and Charlie, sending you 4
2024-10-14 20:16:41.778683 Delta: November, sending you 4
2024-10-14 20:16:41.779682 Sierra: Oscar, sending you 3
2024-10-14 20:16:41.781059 November: Delta and Alpha, sending you 4
2024-10-14 20:16:41.781549 Whiskey: Sierra and Charlie, sending you 4
2024-10-14 20:16:41.782693 Delta: X-ray and Alpha, sending you 3
2024-10-14 20:16:41.783244 Echo: November, X-ray and Delta, sending you 2
2024-10-14 20:16:41.784712 X-ray: November, Alpha and Echo, sending you 2
2024-10-14 20:16:41.785691 Alpha: November, Delta and Echo, sending you 4
2024-10-14 20:16:41.786089 Whiskey: Oscar, sending you 2
2024-10-14 20:16:41.786446 Delta: Echo, sending you 2
2024-10-14 20:16:41.786864 Echo: Alpha, sending you 3
2024-10-14 20:16:41.787989 X-ray: Delta, sending you 3
2024-10-14 20:16:41.788710 Charlie: Sierra, sending you 8
2024-10-14 20:16:41.790653 Alpha: X-ray, sending you 3
2024-10-14 20:16:41.791152 Oscar: Sierra, sending you 8
2024-10-14 20:16:41.793679 Charlie: Whiskey, sending you 5
2024-10-14 20:16:41.795769 Oscar: Whiskey, sending you 3
2024-10-14 20:16:41.800709 Oscar: Charlie, sending you 1
chatterbot Delta submitting transactions
chatterbot Charlie submitting transactions
chatterbot Oscar submitting transactions
chatterbot Alpha submitting transactions
chatterbot Sierra submitting transactions
chatterbot Echo submitting transactions
chatterbot Hotel submitting transactions
chatterbot Whiskey submitting transactions
chatterbot X-ray submitting transactions
chatterbot November submitting transactions
ChatterBot November round 7
ChatterBot X-ray round 7
ChatterBot Delta round 7
ChatterBot Sierra round 7
ChatterBot Alpha round 7
ChatterBot Whiskey round 7
ChatterBot Charlie round 7
ChatterBot Hotel round 7
ChatterBot Oscar round 7
ChatterBot Echo round 7
2024-10-14 20:16:42.945126 Echo: We should drop Hotel
ChatterBot Alpha reevaluating
2024-10-14 20:16:42.961711 X-ray: Yes
2024-10-14 20:16:42.962381 November: Yes
2024-10-14 20:16:42.962511 Delta: Yes
2024-10-14 20:16:42.962646 Alpha: Yes
ChatterBot Alpha reevaluating
ChatterBot Echo reevaluating
ChatterBot Alpha reevaluating
ChatterBot Echo reevaluating
ChatterBot Alpha reevaluating
ChatterBot Echo reevaluating
ChatterBot Echo reevaluating
2024-10-14 20:16:43.020338 X-ray: November, Alpha and Echo, sending you 2
2024-10-14 20:16:43.023801 Sierra: Whiskey and Charlie, sending you 4
2024-10-14 20:16:43.024393 Hotel: Sending you 5
2024-10-14 20:16:43.024704 X-ray: Delta, sending you 3
2024-10-14 20:16:43.025915 Whiskey: Sierra and Charlie, sending you 4
2024-10-14 20:16:43.026343 November: X-ray and Echo, sending you 2
2024-10-14 20:16:43.026969 Delta: November, sending you 4
2024-10-14 20:16:43.028416 Sierra: Oscar, sending you 3
2024-10-14 20:16:43.029006 Whiskey: Oscar, sending you 2
2024-10-14 20:16:43.029695 November: Delta and Alpha, sending you 4
2024-10-14 20:16:43.030795 Delta: X-ray and Alpha, sending you 3
2024-10-14 20:16:43.033662 Delta: Echo, sending you 2
2024-10-14 20:16:43.040663 Charlie: Sierra, sending you 7
2024-10-14 20:16:43.041102 Oscar: Sierra, sending you 8
2024-10-14 20:16:43.045677 Charlie: Whiskey, sending you 6
2024-10-14 20:16:43.045947 Oscar: Whiskey, sending you 4
2024-10-14 20:16:43.049673 Echo: November, X-ray and Delta, sending you 2
2024-10-14 20:16:43.054664 Echo: Alpha, sending you 3
2024-10-14 20:16:43.056089 Alpha: November, sending you 5
2024-10-14 20:16:43.061137 Alpha: X-ray, sending you 2
2024-10-14 20:16:43.066660 Alpha: Delta and Echo, sending you 4
chatterbot Whiskey submitting transactions
chatterbot Oscar submitting transactions
chatterbot Hotel submitting transactions
chatterbot Echo submitting transactions
chatterbot Charlie submitting transactions
chatterbot Delta submitting transactions
chatterbot November submitting transactions
chatterbot X-ray submitting transactions
chatterbot Alpha submitting transactions
chatterbot Sierra submitting transactions
ChatterBot November round 8
ChatterBot X-ray round 8
ChatterBot Delta round 8
ChatterBot Sierra round 8
ChatterBot Alpha round 8
ChatterBot Whiskey round 8
ChatterBot Charlie round 8
ChatterBot Hotel round 8
ChatterBot Oscar round 8
ChatterBot Echo round 8
2024-10-14 20:16:43.905697 X-ray: November, Alpha and Echo, sending you 2
2024-10-14 20:16:43.908706 X-ray: Delta, sending you 3
2024-10-14 20:16:43.910691 Delta: November, sending you 4
2024-10-14 20:16:43.912670 November: X-ray and Echo, sending you 2
2024-10-14 20:16:43.913251 Sierra: Whiskey and Charlie, sending you 4
2024-10-14 20:16:43.913740 Delta: X-ray and Alpha, sending you 3
2024-10-14 20:16:43.915689 Whiskey: Sierra and Charlie, sending you 4
2024-10-14 20:16:43.916697 Sierra: Oscar, sending you 3
2024-10-14 20:16:43.917681 November: Delta and Alpha, sending you 4
2024-10-14 20:16:43.918112 Delta: Echo, sending you 2
2024-10-14 20:16:43.918699 Charlie: Sierra, sending you 7
2024-10-14 20:16:43.919075 Whiskey: Oscar, sending you 2
2024-10-14 20:16:43.922688 Charlie: Whiskey, sending you 6
2024-10-14 20:16:43.924678 Alpha: November, sending you 5
2024-10-14 20:16:43.925373 Oscar: Sierra, sending you 7
2024-10-14 20:16:43.926667 Echo: November, X-ray and Delta, sending you 2
2024-10-14 20:16:43.928868 Oscar: Whiskey, sending you 4
2024-10-14 20:16:43.929686 Alpha: X-ray, sending you 2
2024-10-14 20:16:43.930244 Echo: Alpha, sending you 3
2024-10-14 20:16:43.933683 Oscar: Charlie, sending you 1
2024-10-14 20:16:43.934090 Alpha: Delta and Echo, sending you 4
chatterbot Hotel submitting transactions
chatterbot Charlie submitting transactions
chatterbot Sierra submitting transactions
chatterbot Alpha submitting transactions
chatterbot Whiskey submitting transactions
chatterbot November submitting transactions
chatterbot Oscar submitting transactions
chatterbot Echo submitting transactions
chatterbot X-ray submitting transactions
chatterbot Delta submitting transactions
ChatterBot November round 9
ChatterBot X-ray round 9
ChatterBot Delta round 9
ChatterBot Sierra round 9
ChatterBot Alpha round 9
ChatterBot Whiskey round 9
ChatterBot Charlie round 9
ChatterBot Hotel round 9
ChatterBot Oscar round 9
ChatterBot Echo round 9
2024-10-14 20:16:45.187684 Delta: November, sending you 4
2024-10-14 20:16:45.191718 Delta: X-ray and Alpha, sending you 3
2024-10-14 20:16:45.194700 November: X-ray and Echo, sending you 2
2024-10-14 20:16:45.196238 X-ray: November, Alpha and Echo, sending you 2
2024-10-14 20:16:45.197208 Delta: Echo, sending you 2
2024-10-14 20:16:45.197879 November: Delta and Alpha, sending you 4
2024-10-14 20:16:45.199832 X-ray: Delta, sending you 3
2024-10-14 20:16:45.201659 Charlie: Sierra, sending you 7
2024-10-14 20:16:45.202695 Sierra: Whiskey and Charlie, sending you 4
2024-10-14 20:16:45.206659 Charlie: Whiskey, sending you 6
2024-10-14 20:16:45.206966 Alpha: November, sending you 5
2024-10-14 20:16:45.208671 Sierra: Oscar, sending you 3
2024-10-14 20:16:45.209044 Whiskey: Sierra and Charlie, sending you 4
2024-10-14 20:16:45.211672 Alpha: X-ray, sending you 2
2024-10-14 20:16:45.212348 Whiskey: Oscar, sending you 2
2024-10-14 20:16:45.212995 Oscar: Sierra, sending you 7
2024-10-14 20:16:45.213689 Echo: November, X-ray and Delta, sending you 2
2024-10-14 20:16:45.215130 Alpha: Delta and Echo, sending you 4
2024-10-14 20:16:45.217677 Oscar: Whiskey, sending you 4
2024-10-14 20:16:45.218063 Echo: Alpha, sending you 3
2024-10-14 20:16:45.221658 Oscar: Charlie, sending you 1
chatterbot Oscar submitting transactions
chatterbot Hotel submitting transactions
chatterbot Alpha submitting transactions
chatterbot Sierra submitting transactions
chatterbot Charlie submitting transactions
chatterbot Delta submitting transactions
chatterbot Echo submitting transactions
chatterbot November submitting transactions
chatterbot Whiskey submitting transactions
chatterbot X-ray submitting transactions
ChatterBot November round 10
ChatterBot X-ray round 10
ChatterBot Delta round 10
ChatterBot Sierra round 10
ChatterBot Alpha round 10
ChatterBot Whiskey round 10
ChatterBot Charlie round 10
ChatterBot Hotel round 10
ChatterBot Oscar round 10
ChatterBot Echo round 10
2024-10-14 20:16:46.568679 Sierra: Whiskey and Charlie, sending you 4
2024-10-14 20:16:46.569676 Delta: November, sending you 4
2024-10-14 20:16:46.571700 Sierra: Oscar, sending you 3
2024-10-14 20:16:46.573686 Alpha: November, sending you 5
2024-10-14 20:16:46.574869 Echo: November, X-ray and Delta, sending you 2
2024-10-14 20:16:46.575682 Delta: X-ray and Alpha, sending you 3
2024-10-14 20:16:46.576985 Charlie: Sierra, sending you 7
2024-10-14 20:16:46.577522 November: X-ray and Echo, sending you 2
2024-10-14 20:16:46.578776 Oscar: Sierra, sending you 8
2024-10-14 20:16:46.579625 Whiskey: Sierra and Charlie, sending you 4
2024-10-14 20:16:46.581010 Alpha: X-ray, sending you 2
2024-10-14 20:16:46.582444 Echo: Alpha, sending you 3
2024-10-14 20:16:46.583273 Delta: Echo, sending you 2
2024-10-14 20:16:46.584543 Charlie: Whiskey, sending you 6
2024-10-14 20:16:46.585150 X-ray: November, Alpha and Echo, sending you 2
2024-10-14 20:16:46.586322 Oscar: Whiskey, sending you 4
2024-10-14 20:16:46.586883 November: Delta and Alpha, sending you 4
2024-10-14 20:16:46.588371 Whiskey: Oscar, sending you 2
2024-10-14 20:16:46.589041 Alpha: Delta and Echo, sending you 4
2024-10-14 20:16:46.590727 X-ray: Delta, sending you 3
chatterbot Oscar submitting transactions
chatterbot X-ray submitting transactions
chatterbot Alpha submitting transactions
chatterbot Sierra submitting transactions
chatterbot Delta submitting transactions
chatterbot Charlie submitting transactions
chatterbot Whiskey submitting transactions
chatterbot Hotel submitting transactions
chatterbot November submitting transactions
chatterbot Echo submitting transactions
ChatterBot November round 11
ChatterBot X-ray round 11
ChatterBot Delta round 11
ChatterBot Sierra round 11
ChatterBot Alpha round 11
ChatterBot Whiskey round 11
ChatterBot Charlie round 11
ChatterBot Hotel round 11
ChatterBot Oscar round 11
ChatterBot Echo round 11
2024-10-14 20:16:47.753674 X-ray: November, Alpha and Echo, sending you 2
2024-10-14 20:16:47.754812 Sierra: Whiskey and Charlie, sending you 4
2024-10-14 20:16:47.756744 Charlie: Sierra, sending you 7
2024-10-14 20:16:47.759680 X-ray: Delta, sending you 3
2024-10-14 20:16:47.760539 Delta: November, sending you 4
2024-10-14 20:16:47.761877 Whiskey: Sierra and Charlie, sending you 4
2024-10-14 20:16:47.762707 Charlie: Whiskey, sending you 6
2024-10-14 20:16:47.763210 Alpha: November, sending you 5
2024-10-14 20:16:47.763868 Sierra: Oscar, sending you 3
2024-10-14 20:16:47.764933 Oscar: Sierra, sending you 7
2024-10-14 20:16:47.765672 Delta: X-ray and Alpha, sending you 3
2024-10-14 20:16:47.767088 November: X-ray and Echo, sending you 2
2024-10-14 20:16:47.768306 Whiskey: Oscar, sending you 2
2024-10-14 20:16:47.769191 Alpha: X-ray, sending you 2
2024-10-14 20:16:47.770407 Oscar: Whiskey, sending you 4
2024-10-14 20:16:47.771296 Delta: Echo, sending you 2
2024-10-14 20:16:47.772300 November: Delta and Alpha, sending you 4
2024-10-14 20:16:47.773188 Alpha: Delta and Echo, sending you 4
2024-10-14 20:16:47.774790 Echo: November, X-ray and Delta, sending you 2
2024-10-14 20:16:47.775672 Oscar: Hotel, sending you 1
2024-10-14 20:16:47.779699 Echo: Alpha, sending you 3
chatterbot Whiskey submitting transactions
chatterbot Sierra submitting transactions
chatterbot Echo submitting transactions
chatterbot November submitting transactions
chatterbot Charlie submitting transactions
chatterbot Oscar submitting transactions
chatterbot Alpha submitting transactions
chatterbot X-ray submitting transactions
chatterbot Delta submitting transactions
chatterbot Hotel submitting transactions
ChatterBot November round 12
ChatterBot X-ray round 12
ChatterBot Delta round 12
ChatterBot Sierra round 12
ChatterBot Alpha round 12
ChatterBot Whiskey round 12
ChatterBot Charlie round 12
ChatterBot Hotel round 12
ChatterBot Oscar round 12
ChatterBot Echo round 12
2024-10-14 20:16:49.071711 Sierra: Whiskey and Charlie, sending you 4
2024-10-14 20:16:49.076718 Whiskey: Sierra and Charlie, sending you 4
2024-10-14 20:16:49.078699 Sierra: Oscar, sending you 3
2024-10-14 20:16:49.079646 Delta: November, sending you 4
2024-10-14 20:16:49.081511 Echo: November, X-ray and Delta, sending you 2
2024-10-14 20:16:49.082862 Oscar: Sierra, sending you 7
2024-10-14 20:16:49.083424 Whiskey: Oscar, sending you 2
2024-10-14 20:16:49.084742 November: X-ray and Echo, sending you 2
2024-10-14 20:16:49.085801 Charlie: Sierra, sending you 7
2024-10-14 20:16:49.087281 Delta: X-ray and Alpha, sending you 3
2024-10-14 20:16:49.088237 Alpha: November, sending you 5
2024-10-14 20:16:49.090291 Hotel: Sending you 5
2024-10-14 20:16:49.090737 Oscar: Whiskey, sending you 5
2024-10-14 20:16:49.091279 Echo: Alpha, sending you 3
2024-10-14 20:16:49.092801 X-ray: November, Alpha and Echo, sending you 2
2024-10-14 20:16:49.094381 Charlie: Whiskey, sending you 6
2024-10-14 20:16:49.095171 November: Delta and Alpha, sending you 4
2024-10-14 20:16:49.096651 Delta: Echo, sending you 2
2024-10-14 20:16:49.097513 Alpha: X-ray, sending you 2
2024-10-14 20:16:49.099248 X-ray: Delta, sending you 3
2024-10-14 20:16:49.101721 Alpha: Delta and Echo, sending you 4
chatterbot November submitting transactions
chatterbot X-ray submitting transactions
chatterbot Whiskey submitting transactions
chatterbot Hotel submitting transactions
chatterbot Delta submitting transactions
chatterbot Sierra submitting transactions
chatterbot Charlie submitting transactions
chatterbot Alpha submitting transactions
chatterbot Oscar submitting transactions
chatterbot Echo submitting transactions
ChatterBot November round 13
ChatterBot X-ray round 13
ChatterBot Delta round 13
ChatterBot Sierra round 13
ChatterBot Alpha round 13
ChatterBot Whiskey round 13
ChatterBot Charlie round 13
ChatterBot Hotel round 13
ChatterBot Oscar round 13
ChatterBot Echo round 13
2024-10-14 20:16:50.266708 Alpha: November, sending you 5
2024-10-14 20:16:50.267787 X-ray: November, Alpha and Echo, sending you 2
2024-10-14 20:16:50.268706 November: X-ray and Echo, sending you 2
2024-10-14 20:16:50.269491 Charlie: Sierra, sending you 7
2024-10-14 20:16:50.269977 Delta: November, sending you 4
2024-10-14 20:16:50.271464 Whiskey: Sierra and Charlie, sending you 4
2024-10-14 20:16:50.272496 Alpha: X-ray, sending you 2
2024-10-14 20:16:50.277819 November: Delta and Alpha, sending you 4
2024-10-14 20:16:50.279058 X-ray: Delta, sending you 3
2024-10-14 20:16:50.280773 Charlie: Whiskey, sending you 6
2024-10-14 20:16:50.281472 Delta: X-ray and Alpha, sending you 3
2024-10-14 20:16:50.283451 Sierra: Whiskey and Charlie, sending you 4
2024-10-14 20:16:50.284193 Whiskey: Oscar, sending you 2
2024-10-14 20:16:50.284951 Alpha: Delta and Echo, sending you 4
2024-10-14 20:16:50.286902 Delta: Echo, sending you 2
2024-10-14 20:16:50.291521 Sierra: Oscar, sending you 3
2024-10-14 20:16:50.292091 Oscar: Sierra, sending you 6
2024-10-14 20:16:50.292542 Echo: November, X-ray and Delta, sending you 2
2024-10-14 20:16:50.296679 Oscar: Whiskey, sending you 4
2024-10-14 20:16:50.298674 Echo: Alpha, sending you 3
2024-10-14 20:16:50.299694 Oscar: Hotel, sending you 2
chatterbot Oscar submitting transactions
chatterbot Alpha submitting transactions
chatterbot Delta submitting transactions
chatterbot Hotel submitting transactions
chatterbot November submitting transactions
chatterbot X-ray submitting transactions
chatterbot Echo submitting transactions
chatterbot Charlie submitting transactions
chatterbot Whiskey submitting transactions
chatterbot Sierra submitting transactions
ChatterBot November round 14
ChatterBot X-ray round 14
ChatterBot Delta round 14
ChatterBot Sierra round 14
ChatterBot Alpha round 14
ChatterBot Whiskey round 14
ChatterBot Charlie round 14
ChatterBot Hotel round 14
ChatterBot Oscar round 14
ChatterBot Echo round 14
2024-10-14 20:16:51.539942 Sierra: We should add Hotel
ChatterBot Oscar reevaluating
2024-10-14 20:16:51.592832 Whiskey: Yes
2024-10-14 20:16:51.593056 Charlie: No
2024-10-14 20:16:51.593215 Oscar: No
ChatterBot Sierra reevaluating
ChatterBot Oscar reevaluating
ChatterBot Sierra reevaluating
ChatterBot Oscar reevaluating
ChatterBot Sierra reevaluating
2024-10-14 20:16:51.634659 Alpha: We should add Hotel
ChatterBot Echo reevaluating
2024-10-14 20:16:51.646861 X-ray: No
2024-10-14 20:16:51.647082 November: No
2024-10-14 20:16:51.647360 Delta: No
2024-10-14 20:16:51.647514 Echo: Yes
ChatterBot Echo reevaluating
ChatterBot Alpha reevaluating
ChatterBot Echo reevaluating
ChatterBot Alpha reevaluating
ChatterBot Echo reevaluating
ChatterBot Alpha reevaluating
2024-10-14 20:16:51.719699 X-ray: November, Alpha and Echo, sending you 2
2024-10-14 20:16:51.721079 Whiskey: Sierra and Charlie, sending you 4
2024-10-14 20:16:51.722534 Echo: Hotel we want you to join our group
ChatterBot Hotel reevaluating
2024-10-14 20:16:51.727494 Hotel: No
ChatterBot Alpha reevaluating
2024-10-14 20:16:51.742271 Sierra: Hotel we want you to join our group
ChatterBot Hotel reevaluating
2024-10-14 20:16:51.745807 Hotel: No
ChatterBot Whiskey reevaluating
ChatterBot Sierra reevaluating
ChatterBot Oscar reevaluating
2024-10-14 20:16:51.762064 X-ray: Delta, sending you 3
2024-10-14 20:16:51.766077 Alpha: Hotel we want you to join our group
ChatterBot Hotel reevaluating
2024-10-14 20:16:51.771516 Hotel: No
ChatterBot Echo reevaluating
ChatterBot X-ray reevaluating
ChatterBot Alpha reevaluating
2024-10-14 20:16:51.796174 Whiskey: We should drop Hotel
ChatterBot Sierra reevaluating
2024-10-14 20:16:51.811820 Sierra: Yes
2024-10-14 20:16:51.812106 Charlie: Yes
2024-10-14 20:16:51.813055 Oscar: Yes
ChatterBot Whiskey reevaluating
ChatterBot Oscar reevaluating
ChatterBot Sierra reevaluating
ChatterBot Whiskey reevaluating
ChatterBot Oscar reevaluating
ChatterBot Sierra reevaluating
ChatterBot Whiskey reevaluating
2024-10-14 20:16:51.867233 Delta: November, sending you 4
2024-10-14 20:16:51.868704 November: X-ray and Echo, sending you 2
2024-10-14 20:16:51.869975 Charlie: Sierra, sending you 7
2024-10-14 20:16:51.870687 X-ray: Hotel we want you to join our group
ChatterBot Hotel reevaluating
2024-10-14 20:16:51.876418 Hotel: No
ChatterBot Echo reevaluating
ChatterBot X-ray reevaluating
ChatterBot Alpha reevaluating
2024-10-14 20:16:51.904463 Delta: X-ray and Alpha, sending you 3
2024-10-14 20:16:51.906391 Charlie: Whiskey, sending you 6
2024-10-14 20:16:51.906971 November: Delta and Alpha, sending you 4
2024-10-14 20:16:51.909230 Delta: Echo, sending you 2
chatterbot X-ray submitting transactions
2024-10-14 20:16:51.926722 Oscar: Sierra, sending you 7
