ChatterBot Kilo round 1
ChatterBot India round 1
ChatterBot Uniform round 1
ChatterBot Zulu round 1
ChatterBot Mike round 1
ChatterBot Juliett round 1
ChatterBot Echo round 1
ChatterBot Victor round 1
ChatterBot Charlie round 1
ChatterBot Bravo round 1
randomSelections India: {India, Bravo, Mike, Echo, Kilo, Victor} 
2024-10-14 20:16:34.719348 India: Can we be friends?
ChatterBot Bravo reevaluating
ChatterBot Mike reevaluating
ChatterBot Echo reevaluating
ChatterBot Kilo reevaluating
ChatterBot Victor reevaluating
2024-10-14 20:16:34.736206 Bravo: Yes
2024-10-14 20:16:34.736464 Mike: Yes
2024-10-14 20:16:34.736679 Echo: Yes
2024-10-14 20:16:34.736903 Kilo: Yes
2024-10-14 20:16:34.738930 Victor: Yes
ChatterBot Mike reevaluating
ChatterBot Echo reevaluating
ChatterBot Kilo reevaluating
ChatterBot Victor reevaluating
ChatterBot Bravo reevaluating
ChatterBot Echo reevaluating
ChatterBot Kilo reevaluating
ChatterBot Victor reevaluating
ChatterBot Bravo reevaluating
ChatterBot Mike reevaluating
ChatterBot Kilo reevaluating
ChatterBot Victor reevaluating
ChatterBot Bravo reevaluating
ChatterBot Mike reevaluating
ChatterBot Echo reevaluating
ChatterBot Victor reevaluating
ChatterBot Bravo reevaluating
ChatterBot Mike reevaluating
ChatterBot Echo reevaluating
ChatterBot Kilo reevaluating
randomSelections Uniform: {Uniform, Mike, Bravo} 
2024-10-14 20:16:34.798924 Uniform: We should group up
ChatterBot Mike reevaluating
ChatterBot Bravo reevaluating
2024-10-14 20:16:34.802267 Mike: No
2024-10-14 20:16:34.802399 Bravo: No
ChatterBot Bravo reevaluating
ChatterBot Mike reevaluating
randomSelections Charlie: {Charlie, Mike, Victor, Uniform, Kilo, India, Echo} 
2024-10-14 20:16:34.810926 Charlie: We should group up
ChatterBot Mike reevaluating
ChatterBot Victor reevaluating
ChatterBot Kilo reevaluating
ChatterBot Echo reevaluating
2024-10-14 20:16:34.857127 Mike: No
2024-10-14 20:16:34.857412 Victor: No
2024-10-14 20:16:34.857547 Uniform: No
2024-10-14 20:16:34.857696 Kilo: No
2024-10-14 20:16:34.859584 India: No
2024-10-14 20:16:34.859832 Echo: No
ChatterBot Victor reevaluating
ChatterBot Kilo reevaluating
ChatterBot Echo reevaluating
ChatterBot Mike reevaluating
ChatterBot Kilo reevaluating
ChatterBot Echo reevaluating
ChatterBot Mike reevaluating
ChatterBot Victor reevaluating
ChatterBot Kilo reevaluating
ChatterBot Echo reevaluating
ChatterBot Mike reevaluating
ChatterBot Victor reevaluating
ChatterBot Echo reevaluating
ChatterBot Mike reevaluating
ChatterBot Victor reevaluating
ChatterBot Kilo reevaluating
ChatterBot Echo reevaluating
ChatterBot Mike reevaluating
ChatterBot Victor reevaluating
ChatterBot Kilo reevaluating
randomSelections Zulu: {Zulu, Mike, Victor} 
2024-10-14 20:16:34.958756 Zulu: Friends?
ChatterBot Mike reevaluating
ChatterBot Victor reevaluating
2024-10-14 20:16:34.961848 Mike: No
2024-10-14 20:16:34.962354 Victor: No
ChatterBot Victor reevaluating
ChatterBot Mike reevaluating
randomSelections Juliett: {Juliett, Uniform} 
2024-10-14 20:16:34.972148 Juliett: Can we be friends?
2024-10-14 20:16:34.973925 Uniform: No
2024-10-14 20:16:34.998267 Kilo: India, Mike and Victor, sending you 2
2024-10-14 20:16:35.000499 Zulu: Mike, sending you 7
2024-10-14 20:16:35.003181 India: Mike and Bravo, sending you 3
2024-10-14 20:16:35.003880 Kilo: Echo and Bravo, sending you 3
2024-10-14 20:16:35.005050 Juliett: Sending you 8
2024-10-14 20:16:35.005437 Uniform: Mike, sending you 2
2024-10-14 20:16:35.009005 Bravo: Kilo, sending you 3
2024-10-14 20:16:35.009628 Zulu: Victor, sending you 5
2024-10-14 20:16:35.010686 Charlie: Kilo and Victor, sending you 1
2024-10-14 20:16:35.011164 Victor: Kilo, sending you 3
2024-10-14 20:16:35.012372 India: Echo and Victor, sending you 1
2024-10-14 20:16:35.012938 Uniform: Bravo, sending you 10
2024-10-14 20:16:35.013991 Bravo: India, sending you 6
2024-10-14 20:16:35.014659 Mike: Kilo, India and Victor, sending you 3
2024-10-14 20:16:35.015985 Charlie: India, Uniform and Echo, sending you 2
2024-10-14 20:16:35.017321 Victor: India, Mike and Echo, sending you 2
2024-10-14 20:16:35.018664 Bravo: Mike, sending you 4
2024-10-14 20:16:35.019394 Echo: Kilo, Victor and Bravo, sending you 1
2024-10-14 20:16:35.020699 Mike: Echo and Bravo, sending you 1
2024-10-14 20:16:35.025767 Bravo: Echo and Victor, sending you 2
2024-10-14 20:16:35.027735 Echo: India and Mike, sending you 3
chatterbot Zulu submitting transactions
chatterbot Victor submitting transactions
chatterbot Kilo submitting transactions
chatterbot Uniform submitting transactions
chatterbot India submitting transactions
chatterbot Juliett submitting transactions
chatterbot Charlie submitting transactions
chatterbot Bravo submitting transactions
chatterbot Mike submitting transactions
chatterbot Echo submitting transactions
ChatterBot Kilo round 2
ChatterBot India round 2
ChatterBot Uniform round 2
ChatterBot Zulu round 2
ChatterBot Mike round 2
ChatterBot Juliett round 2
ChatterBot Echo round 2
ChatterBot Victor round 2
ChatterBot Charlie round 2
ChatterBot Bravo round 2
2024-10-14 20:16:37.426795 Juliett: We should replace Uniform with Zulu
2024-10-14 20:16:37.433054 Uniform: Can we be friends?
ChatterBot Juliett reevaluating
ChatterBot Charlie reevaluating
2024-10-14 20:16:37.444596 Juliett: No
2024-10-14 20:16:37.445594 Charlie: Yes
ChatterBot Charlie reevaluating
ChatterBot Juliett reevaluating
2024-10-14 20:16:37.470281 Charlie: Group up?
ChatterBot Juliett reevaluating
2024-10-14 20:16:37.480186 Uniform: Yes
2024-10-14 20:16:37.480887 Juliett: No
ChatterBot Juliett reevaluating
ChatterBot Charlie reevaluating
ChatterBot Charlie reevaluating
2024-10-14 20:16:37.504076 Zulu: Friends?
ChatterBot Juliett reevaluating
2024-10-14 20:16:37.514150 Uniform: No
2024-10-14 20:16:37.514592 Juliett: No
ChatterBot Zulu reevaluating
ChatterBot Juliett reevaluating
ChatterBot Zulu reevaluating
2024-10-14 20:16:37.546841 Kilo: We should drop Echo
ChatterBot Bravo reevaluating
2024-10-14 20:16:37.564115 India: No
2024-10-14 20:16:37.564265 Mike: No
2024-10-14 20:16:37.564855 Victor: No
2024-10-14 20:16:37.564976 Bravo: No
ChatterBot Kilo reevaluating
ChatterBot Bravo reevaluating
ChatterBot Kilo reevaluating
ChatterBot Bravo reevaluating
ChatterBot Kilo reevaluating
ChatterBot Bravo reevaluating
ChatterBot Kilo reevaluating
2024-10-14 20:16:37.632861 Bravo: We should add Uniform
ChatterBot Kilo reevaluating
2024-10-14 20:16:37.654095 India: No
2024-10-14 20:16:37.654224 Mike: No
2024-10-14 20:16:37.654321 Echo: No
2024-10-14 20:16:37.654440 Kilo: No
2024-10-14 20:16:37.654538 Victor: No
ChatterBot Bravo reevaluating
ChatterBot Kilo reevaluating
ChatterBot Bravo reevaluating
ChatterBot Kilo reevaluating
ChatterBot Bravo reevaluating
ChatterBot Kilo reevaluating
ChatterBot Bravo reevaluating
ChatterBot Bravo reevaluating
ChatterBot Kilo reevaluating
2024-10-14 20:16:37.833868 Juliett: We should replace Uniform with Charlie
2024-10-14 20:16:37.842164 Bravo: Uniform we want you to join our group
2024-10-14 20:16:37.849591 Uniform: No
ChatterBot Kilo reevaluating
2024-10-14 20:16:37.889608 Juliett: Charlie we want you to join our group
ChatterBot Charlie reevaluating
2024-10-14 20:16:37.895800 Charlie: Yes
2024-10-14 20:16:37.901764 Victor: Kilo, sending you 3
2024-10-14 20:16:37.904653 Echo: Kilo, sending you 3
2024-10-14 20:16:37.905043 India: Kilo, Mike, Echo and Bravo, sending you 2
2024-10-14 20:16:37.905682 Victor: India and Echo, sending you 1
2024-10-14 20:16:37.906692 Uniform: Juliett, sending you 9
2024-10-14 20:16:37.907063 Mike: Kilo, India, Echo and Victor, sending you 2
2024-10-14 20:16:37.907481 Zulu: Sending you 12
2024-10-14 20:16:37.908675 Echo: India and Mike, sending you 1
2024-10-14 20:16:37.910079 Victor: Mike, sending you 4
2024-10-14 20:16:37.910493 Uniform: Charlie, sending you 3
2024-10-14 20:16:37.910768 Mike: Bravo, sending you 3
2024-10-14 20:16:37.911804 Kilo: Mike, Victor and Bravo, sending you 4
2024-10-14 20:16:37.912689 Echo: Victor and Bravo, sending you 2
2024-10-14 20:16:37.914666 Victor: Bravo, sending you 2
2024-10-14 20:16:37.920811 Charlie: Sending you 8
2024-10-14 20:16:37.921706 Bravo: Kilo and India, sending you 3
2024-10-14 20:16:37.924675 Juliett: Sending you 8
2024-10-14 20:16:37.925006 Bravo: Uniform, sending you 9
2024-10-14 20:16:37.928677 Bravo: Mike and Echo, sending you 1
chatterbot Zulu submitting transactions
chatterbot India submitting transactions
chatterbot Bravo submitting transactions
chatterbot Victor submitting transactions
chatterbot Uniform submitting transactions
chatterbot Echo submitting transactions
chatterbot Charlie submitting transactions
chatterbot Juliett submitting transactions
chatterbot Mike submitting transactions
chatterbot Kilo submitting transactions
ChatterBot Kilo round 3
ChatterBot India round 3
ChatterBot Uniform round 3
ChatterBot Zulu round 3
ChatterBot Mike round 3
ChatterBot Juliett round 3
2024-10-14 20:16:38.878744 Zulu: We should add Uniform and Juliett
ChatterBot Charlie reevaluating
2024-10-14 20:16:38.885880 Charlie: Yes
2024-10-14 20:16:38.891648 Charlie: We should add Uniform
ChatterBot Juliett reevaluating
2024-10-14 20:16:38.897037 Juliett: Yes
ChatterBot Charlie reevaluating
ChatterBot Echo round 3
ChatterBot Victor round 3
ChatterBot Charlie round 3
ChatterBot Bravo round 3
2024-10-14 20:16:38.933999 Zulu: Uniform and Juliett we want you to join our group
ChatterBot Juliett reevaluating
2024-10-14 20:16:38.944162 Uniform: No
2024-10-14 20:16:38.944718 Juliett: No
ChatterBot Juliett reevaluating
ChatterBot Charlie reevaluating
ChatterBot Charlie reevaluating
2024-10-14 20:16:38.976363 Charlie: We should add Uniform and Zulu
ChatterBot Juliett reevaluating
2024-10-14 20:16:38.983335 Juliett: No
ChatterBot Charlie reevaluating
2024-10-14 20:16:38.997866 Kilo: We should drop India
ChatterBot Bravo reevaluating
2024-10-14 20:16:39.020154 Mike: No
2024-10-14 20:16:39.020497 Echo: No
2024-10-14 20:16:39.020729 Victor: No
2024-10-14 20:16:39.021090 Bravo: No
ChatterBot Bravo reevaluating
ChatterBot Bravo reevaluating
ChatterBot Bravo reevaluating
2024-10-14 20:16:39.126730 Charlie: Uniform and Zulu we want you to join our group
2024-10-14 20:16:39.133092 Zulu: Yes
2024-10-14 20:16:39.133313 Uniform: No
ChatterBot Charlie reevaluating
ChatterBot Charlie reevaluating
2024-10-14 20:16:39.154325 Uniform: Juliett, sending you 9
2024-10-14 20:16:39.155330 India: Mike, Echo, Victor and Bravo, sending you 2
2024-10-14 20:16:39.158780 Uniform: Charlie, sending you 3
2024-10-14 20:16:39.159105 Victor: Kilo, sending you 4
2024-10-14 20:16:39.159475 Zulu: Sending you each 4
2024-10-14 20:16:39.159701 Juliett: Uniform, sending you 5
2024-10-14 20:16:39.160792 Bravo: Kilo, sending you 4
2024-10-14 20:16:39.161046 Echo: Kilo, sending you 1
2024-10-14 20:16:39.161354 Mike: Kilo, India, Echo and Bravo, sending you 2
2024-10-14 20:16:39.161680 Kilo: Mike and Bravo, sending you 3
2024-10-14 20:16:39.164247 Victor: India and Bravo, sending you 1
2024-10-14 20:16:39.167536 Echo: India, Mike, Victor and Bravo, sending you 2
2024-10-14 20:16:39.168001 Juliett: Charlie, sending you 4
2024-10-14 20:16:39.168294 Bravo: India and Mike, sending you 3
2024-10-14 20:16:39.168775 Mike: Victor, sending you 3
2024-10-14 20:16:39.169769 Kilo: Echo, sending you 2
2024-10-14 20:16:39.170034 Victor: Mike, sending you 3
2024-10-14 20:16:39.175762 Victor: Echo, sending you 2
2024-10-14 20:16:39.176239 Bravo: Uniform, sending you 5
2024-10-14 20:16:39.177153 Kilo: Victor, sending you 4
2024-10-14 20:16:39.182639 Bravo: Echo, sending you 2
2024-10-14 20:16:39.183271 Charlie: Uniform, sending you 1
2024-10-14 20:16:39.186624 Charlie: Zulu, sending you 4
2024-10-14 20:16:39.190982 Charlie: Juliett, sending you 3
chatterbot India submitting transactions
chatterbot Uniform submitting transactions
chatterbot Mike submitting transactions
chatterbot Zulu submitting transactions
chatterbot Bravo submitting transactions
chatterbot Kilo submitting transactions
chatterbot Juliett submitting transactions
chatterbot Charlie submitting transactions
chatterbot Echo submitting transactions
chatterbot Victor submitting transactions
ChatterBot Kilo round 4
ChatterBot India round 4
ChatterBot Uniform round 4
ChatterBot Zulu round 4
ChatterBot Mike round 4
ChatterBot Juliett round 4
ChatterBot Echo round 4
ChatterBot Victor round 4
ChatterBot Charlie round 4
ChatterBot Bravo round 4
2024-10-14 20:16:40.404223 Uniform: We should add Zulu
2024-10-14 20:16:40.409732 Juliett: No
2024-10-14 20:16:40.409934 Charlie: Yes
2024-10-14 20:16:40.431178 Uniform: Zulu we want you to join our group
2024-10-14 20:16:40.433851 Zulu: Yes
ChatterBot Uniform reevaluating
2024-10-14 20:16:40.442094 Uniform: We should replace Charlie with Zulu
ChatterBot Juliett reevaluating
2024-10-14 20:16:40.444787 Juliett: Yes
ChatterBot Uniform reevaluating
2024-10-14 20:16:40.448518 Bravo: We should drop Uniform
2024-10-14 20:16:40.460605 India: Yes
2024-10-14 20:16:40.460773 Mike: Yes
2024-10-14 20:16:40.461258 Echo: Yes
2024-10-14 20:16:40.461377 Kilo: Yes
2024-10-14 20:16:40.461488 Victor: Yes
2024-10-14 20:16:40.522108 Kilo: Mike, sending you 3
2024-10-14 20:16:40.522387 Mike: Kilo, India, Echo and Bravo, sending you 2
2024-10-14 20:16:40.522767 Juliett: Zulu we want you to join our group
2024-10-14 20:16:40.525607 Zulu: Yes
ChatterBot Uniform reevaluating
ChatterBot Juliett reevaluating
2024-10-14 20:16:40.532908 Zulu: Charlie, sending you 12
2024-10-14 20:16:40.533218 India: Mike, Echo, Victor and Bravo, sending you 2
2024-10-14 20:16:40.534038 Kilo: Echo, sending you 1
2024-10-14 20:16:40.534281 Mike: Victor, sending you 3
2024-10-14 20:16:40.535946 Echo: Kilo, sending you 1
2024-10-14 20:16:40.536674 Victor: Kilo, sending you 4
2024-10-14 20:16:40.537057 Kilo: Victor and Bravo, sending you 4
2024-10-14 20:16:40.537866 Charlie: Uniform, sending you 2
2024-10-14 20:16:40.538707 Echo: India, Mike, Victor and Bravo, sending you 2
2024-10-14 20:16:40.540696 Victor: India and Bravo, sending you 1
2024-10-14 20:16:40.541168 Charlie: Zulu and Juliett, sending you 3
2024-10-14 20:16:40.544652 Victor: Mike, sending you 3
2024-10-14 20:16:40.545719 Bravo: Kilo, sending you 5
2024-10-14 20:16:40.547706 Victor: Echo, sending you 2
2024-10-14 20:16:40.551663 Bravo: India and Mike, sending you 4
2024-10-14 20:16:40.554669 Bravo: Echo, sending you 3
2024-10-14 20:16:40.559659 Bravo: Victor, sending you 1
2024-10-14 20:16:40.565659 Uniform: Zulu, sending you 3
2024-10-14 20:16:40.569686 Uniform: Juliett, sending you 7
2024-10-14 20:16:40.570684 Juliett: Uniform, sending you 6
2024-10-14 20:16:40.573666 Uniform: Charlie, sending you 2
2024-10-14 20:16:40.574989 Juliett: Zulu, sending you 3
chatterbot Zulu submitting transactions
chatterbot Bravo submitting transactions
chatterbot Juliett submitting transactions
chatterbot Uniform submitting transactions
chatterbot India submitting transactions
chatterbot Victor submitting transactions
chatterbot Kilo submitting transactions
chatterbot Mike submitting transactions
chatterbot Echo submitting transactions
chatterbot Charlie submitting transactions
ChatterBot Kilo round 5
ChatterBot India round 5
ChatterBot Uniform round 5
ChatterBot Zulu round 5
ChatterBot Mike round 5
ChatterBot Juliett round 5
ChatterBot Echo round 5
ChatterBot Victor round 5
ChatterBot Charlie round 5
ChatterBot Bravo round 5
2024-10-14 20:16:41.589665 Mike: Kilo, India, Echo and Bravo, sending you 2
2024-10-14 20:16:41.590870 India: Mike, Echo, Victor and Bravo, sending you 2
2024-10-14 20:16:41.591765 Kilo: Mike, sending you 3
2024-10-14 20:16:41.593692 Mike: Victor, sending you 3
2024-10-14 20:16:41.596688 Kilo: Echo, sending you 1
2024-10-14 20:16:41.597202 Juliett: Uniform, sending you 6
2024-10-14 20:16:41.598101 Charlie: Uniform and Juliett, sending you 2
2024-10-14 20:16:41.598686 Uniform: Zulu, sending you 2
2024-10-14 20:16:41.599680 Kilo: Victor and Bravo, sending you 4
2024-10-14 20:16:41.600107 Juliett: Zulu, sending you 3
2024-10-14 20:16:41.601682 Victor: Kilo, sending you 4
2024-10-14 20:16:41.602407 Uniform: Juliett, sending you 7
2024-10-14 20:16:41.603122 Charlie: Zulu, sending you 4
2024-10-14 20:16:41.605659 Victor: India and Echo, sending you 2
2024-10-14 20:16:41.606668 Uniform: Charlie, sending you 3
2024-10-14 20:16:41.607031 Zulu: Uniform and Juliett, sending you 3
2024-10-14 20:16:41.608695 Echo: Kilo, sending you 1
2024-10-14 20:16:41.609271 Victor: Mike, sending you 3
2024-10-14 20:16:41.610714 Zulu: Charlie, sending you 6
2024-10-14 20:16:41.612711 Echo: India, Mike, Victor and Bravo, sending you 2
2024-10-14 20:16:41.613667 Bravo: Kilo, sending you 5
2024-10-14 20:16:41.618679 Bravo: India and Mike, sending you 4
2024-10-14 20:16:41.623688 Bravo: Echo, sending you 3
2024-10-14 20:16:41.627236 Bravo: Victor, sending you 1
chatterbot Victor submitting transactions
chatterbot Uniform submitting transactions
chatterbot Zulu submitting transactions
chatterbot Bravo submitting transactions
chatterbot Mike submitting transactions
chatterbot Kilo submitting transactions
chatterbot India submitting transactions
chatterbot Juliett submitting transactions
chatterbot Charlie submitting transactions
chatterbot Echo submitting transactions
ChatterBot Kilo round 6
ChatterBot India round 6
ChatterBot Uniform round 6
ChatterBot Zulu round 6
ChatterBot Mike round 6
ChatterBot Juliett round 6
ChatterBot Echo round 6
ChatterBot Victor round 6
ChatterBot Charlie round 6
ChatterBot Bravo round 6
2024-10-14 20:16:42.745698 Uniform: Zulu, sending you 2
2024-10-14 20:16:42.747193 Kilo: Mike, sending you 3
2024-10-14 20:16:42.749131 Charlie: We should drop Juliett
2024-10-14 20:16:42.756925 Uniform: No
2024-10-14 20:16:42.757089 Zulu: No
ChatterBot Charlie reevaluating
ChatterBot Charlie reevaluating
ChatterBot Uniform reevaluating
2024-10-14 20:16:42.781507 Kilo: Echo, sending you 1
2024-10-14 20:16:42.785673 Zulu: Uniform, sending you 2
2024-10-14 20:16:42.786064 Echo: Kilo, sending you 1
2024-10-14 20:16:42.786585 Victor: Kilo and Mike, sending you 3
2024-10-14 20:16:42.787287 Uniform: We should drop Charlie
ChatterBot Juliett reevaluating
2024-10-14 20:16:42.796779 Zulu: No
2024-10-14 20:16:42.796929 Juliett: Yes
ChatterBot Uniform reevaluating
ChatterBot Juliett reevaluating
ChatterBot Zulu reevaluating
ChatterBot Uniform reevaluating
2024-10-14 20:16:42.828567 Uniform: We should add Charlie
ChatterBot Zulu reevaluating
ChatterBot Juliett reevaluating
2024-10-14 20:16:42.836551 Zulu: Yes
2024-10-14 20:16:42.836683 Juliett: Yes
ChatterBot Uniform reevaluating
ChatterBot Juliett reevaluating
ChatterBot Zulu reevaluating
ChatterBot Uniform reevaluating
2024-10-14 20:16:42.861447 Kilo: Victor and Bravo, sending you 4
2024-10-14 20:16:42.862032 Mike: Kilo, India, Echo and Bravo, sending you 2
2024-10-14 20:16:42.862884 India: Mike, Echo, Victor and Bravo, sending you 2
2024-10-14 20:16:42.863920 Echo: India, Mike, Victor and Bravo, sending you 2
2024-10-14 20:16:42.864347 Victor: India and Echo, sending you 2
2024-10-14 20:16:42.866064 Mike: Victor, sending you 3
2024-10-14 20:16:42.868235 Uniform: Charlie we want you to join our group
ChatterBot Charlie reevaluating
2024-10-14 20:16:42.876591 Charlie: Yes
ChatterBot Zulu reevaluating
ChatterBot Uniform reevaluating
2024-10-14 20:16:42.898792 Victor: Bravo, sending you 1
2024-10-14 20:16:42.900361 Bravo: Kilo, sending you 6
2024-10-14 20:16:42.905671 Bravo: India and Echo, sending you 3
2024-10-14 20:16:42.911661 Bravo: Mike, sending you 4
2024-10-14 20:16:42.916690 Bravo: Victor, sending you 1
chatterbot Kilo submitting transactions
chatterbot Echo submitting transactions
chatterbot Charlie submitting transactions
chatterbot Juliett submitting transactions
chatterbot Zulu submitting transactions
chatterbot Victor submitting transactions
chatterbot Bravo submitting transactions
chatterbot India submitting transactions
chatterbot Mike submitting transactions
chatterbot Uniform submitting transactions
ChatterBot Kilo round 7
ChatterBot India round 7
ChatterBot Uniform round 7
ChatterBot Zulu round 7
ChatterBot Mike round 7
ChatterBot Juliett round 7
ChatterBot Echo round 7
ChatterBot Victor round 7
ChatterBot Charlie round 7
ChatterBot Bravo round 7
2024-10-14 20:16:43.994236 Uniform: We should add Charlie
ChatterBot Zulu reevaluating
2024-10-14 20:16:44.001225 Zulu: Yes
2024-10-14 20:16:44.001406 Juliett: Yes
ChatterBot Uniform reevaluating
ChatterBot Zulu reevaluating
ChatterBot Uniform reevaluating
2024-10-14 20:16:44.025013 Kilo: We should replace Echo with India
2024-10-14 20:16:44.031722 Mike: No
2024-10-14 20:16:44.031859 Victor: No
2024-10-14 20:16:44.031962 Bravo: No
ChatterBot Kilo reevaluating
ChatterBot Kilo reevaluating
2024-10-14 20:16:44.061822 Juliett: We should replace Charlie with Zulu
ChatterBot Uniform reevaluating
2024-10-14 20:16:44.065520 Uniform: No
ChatterBot Juliett reevaluating
2024-10-14 20:16:44.094690 Uniform: Charlie we want you to join our group
ChatterBot Charlie reevaluating
2024-10-14 20:16:44.103355 Charlie: Yes
ChatterBot Uniform reevaluating
ChatterBot Juliett reevaluating
2024-10-14 20:16:44.125712 Echo: Kilo, sending you 1
2024-10-14 20:16:44.127091 Mike: Kilo, India, Echo and Bravo, sending you 2
2024-10-14 20:16:44.129242 Victor: Kilo and Mike, sending you 3
2024-10-14 20:16:44.131584 India: Mike, Echo, Victor and Bravo, sending you 2
2024-10-14 20:16:44.132930 Bravo: Kilo, sending you 6
2024-10-14 20:16:44.134566 Kilo: Mike, sending you 3
2024-10-14 20:16:44.135381 Echo: India, Mike, Victor and Bravo, sending you 2
2024-10-14 20:16:44.137401 Mike: Victor, sending you 3
2024-10-14 20:16:44.138977 Victor: India and Echo, sending you 2
2024-10-14 20:16:44.139718 Bravo: India and Echo, sending you 3
2024-10-14 20:16:44.140367 Kilo: Echo, sending you 1
2024-10-14 20:16:44.144383 Victor: Bravo, sending you 1
2024-10-14 20:16:44.145758 Kilo: Victor and Bravo, sending you 4
2024-10-14 20:16:44.147245 Bravo: Mike, sending you 4
2024-10-14 20:16:44.152686 Bravo: Victor, sending you 1
chatterbot India submitting transactions
chatterbot Juliett submitting transactions
chatterbot Victor submitting transactions
chatterbot Charlie submitting transactions
chatterbot Zulu submitting transactions
chatterbot Uniform submitting transactions
chatterbot Echo submitting transactions
chatterbot Bravo submitting transactions
chatterbot Mike submitting transactions
chatterbot Kilo submitting transactions
ChatterBot Kilo round 8
ChatterBot India round 8
ChatterBot Uniform round 8
ChatterBot Zulu round 8
ChatterBot Mike round 8
ChatterBot Juliett round 8
ChatterBot Echo round 8
ChatterBot Victor round 8
ChatterBot Charlie round 8
ChatterBot Bravo round 8
2024-10-14 20:16:45.324817 Kilo: We should replace Echo with India
2024-10-14 20:16:45.377893 Mike: No
2024-10-14 20:16:45.378115 Victor: No
2024-10-14 20:16:45.378281 Bravo: No
ChatterBot Kilo reevaluating
ChatterBot Kilo reevaluating
ChatterBot Kilo reevaluating
2024-10-14 20:16:45.465221 Uniform: We should add Charlie
ChatterBot Juliett reevaluating
2024-10-14 20:16:45.475005 Zulu: Yes
2024-10-14 20:16:45.475296 Juliett: Yes
ChatterBot Uniform reevaluating
ChatterBot Juliett reevaluating
ChatterBot Uniform reevaluating
2024-10-14 20:16:45.522696 Echo: Kilo, sending you 1
2024-10-14 20:16:45.523988 Uniform: Charlie we want you to join our group
ChatterBot Charlie reevaluating
2024-10-14 20:16:45.529865 Charlie: Yes
ChatterBot Uniform reevaluating
2024-10-14 20:16:45.545049 Echo: India, Mike, Victor and Bravo, sending you 2
2024-10-14 20:16:45.548686 Mike: Kilo, India, Echo and Bravo, sending you 2
2024-10-14 20:16:45.550702 Bravo: Kilo, sending you 6
2024-10-14 20:16:45.551693 Kilo: Mike, sending you 3
2024-10-14 20:16:45.553125 India: Mike, Echo, Victor and Bravo, sending you 2
2024-10-14 20:16:45.555346 Victor: Kilo and Mike, sending you 3
2024-10-14 20:16:45.556466 Mike: Victor, sending you 3
2024-10-14 20:16:45.558005 Bravo: India and Echo, sending you 3
2024-10-14 20:16:45.558786 Kilo: Victor, sending you 4
2024-10-14 20:16:45.560207 Victor: India and Echo, sending you 2
2024-10-14 20:16:45.563926 Bravo: Mike, sending you 4
2024-10-14 20:16:45.565517 Kilo: Bravo, sending you 5
2024-10-14 20:16:45.567022 Victor: Bravo, sending you 1
2024-10-14 20:16:45.569662 Bravo: Victor, sending you 1
chatterbot Zulu submitting transactions
chatterbot Juliett submitting transactions
chatterbot Bravo submitting transactions
chatterbot India submitting transactions
chatterbot Victor submitting transactions
chatterbot Mike submitting transactions
chatterbot Charlie submitting transactions
chatterbot Kilo submitting transactions
chatterbot Echo submitting transactions
chatterbot Uniform submitting transactions
ChatterBot Kilo round 9
ChatterBot India round 9
ChatterBot Uniform round 9
ChatterBot Zulu round 9
ChatterBot Mike round 9
ChatterBot Juliett round 9
ChatterBot Echo round 9
ChatterBot Victor round 9
2024-10-14 20:16:46.669971 Uniform: We should add Charlie
ChatterBot Juliett reevaluating
2024-10-14 20:16:46.679406 Zulu: Yes
2024-10-14 20:16:46.679826 Juliett: No
ChatterBot Uniform reevaluating
ChatterBot Juliett reevaluating
ChatterBot Uniform reevaluating
ChatterBot Charlie round 9
ChatterBot Bravo round 9
2024-10-14 20:16:46.712051 Juliett: We should replace Charlie with Zulu
ChatterBot Uniform reevaluating
2024-10-14 20:16:46.717337 Uniform: No
ChatterBot Juliett reevaluating
2024-10-14 20:16:46.735809 Uniform: Charlie we want you to join our group
ChatterBot Charlie reevaluating
2024-10-14 20:16:46.740527 Charlie: Yes
ChatterBot Uniform reevaluating
ChatterBot Juliett reevaluating
2024-10-14 20:16:46.758703 Mike: Kilo, India, Echo and Bravo, sending you 2
2024-10-14 20:16:46.760231 Kilo: Mike, sending you 3
2024-10-14 20:16:46.761435 India: Mike, Echo, Victor and Bravo, sending you 2
2024-10-14 20:16:46.762326 Echo: Kilo, sending you 1
2024-10-14 20:16:46.763734 Juliett: Zulu we want you to join our group
2024-10-14 20:16:46.769043 Zulu: Yes
ChatterBot Uniform reevaluating
2024-10-14 20:16:46.780508 Mike: Victor, sending you 3
2024-10-14 20:16:46.781948 Kilo: Victor, sending you 4
2024-10-14 20:16:46.782460 Echo: India, Mike, Victor and Bravo, sending you 2
2024-10-14 20:16:46.784719 Victor: Kilo and Mike, sending you 3
2024-10-14 20:16:46.786607 Bravo: Kilo, sending you 7
2024-10-14 20:16:46.788088 Kilo: Bravo, sending you 5
2024-10-14 20:16:46.790673 Victor: India and Echo, sending you 2
2024-10-14 20:16:46.792215 Bravo: India, Mike and Echo, sending you 3
2024-10-14 20:16:46.797044 Victor: Bravo, sending you 1
2024-10-14 20:16:46.799601 Bravo: Victor, sending you 1
chatterbot Zulu submitting transactions
chatterbot India submitting transactions
chatterbot Echo submitting transactions
chatterbot Bravo submitting transactions
chatterbot Juliett submitting transactions
chatterbot Victor submitting transactions
chatterbot Mike submitting transactions
chatterbot Charlie submitting transactions
chatterbot Uniform submitting transactions
chatterbot Kilo submitting transactions
ChatterBot Kilo round 10
ChatterBot India round 10
ChatterBot Uniform round 10
ChatterBot Zulu round 10
ChatterBot Mike round 10
ChatterBot Juliett round 10
ChatterBot Echo round 10
ChatterBot Victor round 10
2024-10-14 20:16:47.824314 Uniform: We should add Charlie
2024-10-14 20:16:47.832326 Zulu: Yes
2024-10-14 20:16:47.832493 Juliett: No
ChatterBot Uniform reevaluating
ChatterBot Uniform reevaluating
2024-10-14 20:16:47.851802 Juliett: We should replace Charlie with Zulu
ChatterBot Uniform reevaluating
2024-10-14 20:16:47.855205 Uniform: No
ChatterBot Charlie round 10
ChatterBot Bravo round 10
2024-10-14 20:16:47.890189 Juliett: Zulu we want you to join our group
2024-10-14 20:16:47.895841 Zulu: Yes
ChatterBot Uniform reevaluating
2024-10-14 20:16:47.911676 Uniform: Charlie we want you to join our group
ChatterBot Charlie reevaluating
2024-10-14 20:16:47.916381 Charlie: Yes
ChatterBot Uniform reevaluating
2024-10-14 20:16:47.930677 Mike: Kilo, India, Echo and Bravo, sending you 2
2024-10-14 20:16:47.932365 Echo: Kilo, sending you 1
2024-10-14 20:16:47.933325 Kilo: Mike, sending you 2
2024-10-14 20:16:47.933885 India: Mike, Echo, Victor and Bravo, sending you 2
2024-10-14 20:16:47.935342 Victor: Kilo and Mike, sending you 3
2024-10-14 20:16:47.936316 Mike: Victor, sending you 3
2024-10-14 20:16:47.937252 Kilo: Echo, sending you 1
2024-10-14 20:16:47.938225 Echo: India, Mike, Victor and Bravo, sending you 2
2024-10-14 20:16:47.939101 Victor: India and Echo, sending you 2
2024-10-14 20:16:47.940696 Kilo: Victor, sending you 4
2024-10-14 20:16:47.941934 Bravo: Kilo, sending you 7
2024-10-14 20:16:47.942969 Victor: Bravo, sending you 1
2024-10-14 20:16:47.944694 Kilo: Bravo, sending you 5
2024-10-14 20:16:47.945893 Bravo: India, Mike and Echo, sending you 3
2024-10-14 20:16:47.950686 Bravo: Victor, sending you 1
chatterbot Juliett submitting transactions
chatterbot Kilo submitting transactions
chatterbot Bravo submitting transactions
chatterbot Uniform submitting transactions
chatterbot Victor submitting transactions
chatterbot Mike submitting transactions
chatterbot Charlie submitting transactions
chatterbot India submitting transactions
chatterbot Echo submitting transactions
chatterbot Zulu submitting transactions
ChatterBot Kilo round 11
ChatterBot India round 11
ChatterBot Uniform round 11
ChatterBot Zulu round 11
ChatterBot Mike round 11
ChatterBot Juliett round 11
ChatterBot Echo round 11
ChatterBot Victor round 11
ChatterBot Charlie round 11
2024-10-14 20:16:49.039225 Uniform: We should add Charlie
ChatterBot Juliett reevaluating
2024-10-14 20:16:49.054456 Zulu: Yes
2024-10-14 20:16:49.054859 Juliett: Yes
ChatterBot Uniform reevaluating
ChatterBot Juliett reevaluating
ChatterBot Zulu reevaluating
ChatterBot Uniform reevaluating
ChatterBot Bravo round 11
2024-10-14 20:16:49.144179 Bravo: We should add Charlie
2024-10-14 20:16:49.180854 India: No
2024-10-14 20:16:49.181892 Mike: No
2024-10-14 20:16:49.182182 Echo: No
2024-10-14 20:16:49.182537 Kilo: No
2024-10-14 20:16:49.182823 Victor: No
ChatterBot Bravo reevaluating
ChatterBot Bravo reevaluating
ChatterBot Bravo reevaluating
ChatterBot Bravo reevaluating
ChatterBot Bravo reevaluating
2024-10-14 20:16:49.296501 Charlie: We should drop Juliett
ChatterBot Uniform reevaluating
ChatterBot Zulu reevaluating
2024-10-14 20:16:49.304868 Uniform: No
2024-10-14 20:16:49.304993 Zulu: No
ChatterBot Charlie reevaluating
ChatterBot Zulu reevaluating
ChatterBot Charlie reevaluating
ChatterBot Uniform reevaluating
2024-10-14 20:16:49.320114 Bravo: We should add Juliett
2024-10-14 20:16:49.336932 India: No
2024-10-14 20:16:49.337095 Mike: No
2024-10-14 20:16:49.337230 Echo: No
2024-10-14 20:16:49.337351 Kilo: No
2024-10-14 20:16:49.337484 Victor: No
ChatterBot Bravo reevaluating
ChatterBot Bravo reevaluating
ChatterBot Bravo reevaluating
ChatterBot Bravo reevaluating
ChatterBot Bravo reevaluating
ChatterBot Kilo reevaluating
2024-10-14 20:16:49.421635 Kilo: We should replace Echo with India
ChatterBot Bravo reevaluating
2024-10-14 20:16:49.431053 Mike: No
2024-10-14 20:16:49.431171 Victor: No
2024-10-14 20:16:49.431768 Bravo: No
ChatterBot Kilo reevaluating
ChatterBot Bravo reevaluating
ChatterBot Kilo reevaluating
ChatterBot Bravo reevaluating
ChatterBot Kilo reevaluating
2024-10-14 20:16:49.462453 Mike: Kilo, India, Victor and Bravo, sending you 2
2024-10-14 20:16:49.463287 Uniform: Charlie we want you to join our group
ChatterBot Charlie reevaluating
2024-10-14 20:16:49.467380 Charlie: Yes
ChatterBot Zulu reevaluating
ChatterBot Uniform reevaluating
2024-10-14 20:16:49.479288 Victor: Kilo and Mike, sending you 3
2024-10-14 20:16:49.481005 India: Mike, Echo, Victor and Bravo, sending you 2
2024-10-14 20:16:49.481871 Mike: Echo, sending you 1
2024-10-14 20:16:49.483282 Echo: India, Mike, Victor and Bravo, sending you 2
2024-10-14 20:16:49.484686 Victor: India and Echo, sending you 2
2024-10-14 20:16:49.488811 Bravo: Charlie we want you to join our group
ChatterBot Charlie reevaluating
2024-10-14 20:16:49.494357 Charlie: No
ChatterBot Bravo reevaluating
ChatterBot Kilo reevaluating
2024-10-14 20:16:49.514607 Victor: Bravo, sending you 1
2024-10-14 20:16:49.519667 Bravo: Uniform we want you to join our group
ChatterBot Uniform reevaluating
2024-10-14 20:16:49.524875 Uniform: No
ChatterBot Bravo reevaluating
ChatterBot Kilo reevaluating
2024-10-14 20:16:49.566668 Kilo: Mike and Echo, sending you 1
chatterbot Juliett submitting transactions
2024-10-14 20:16:49.569718 Kilo: Victor, sending you 2
2024-10-14 20:16:49.575679 Kilo: Bravo, sending you 3
chatterbot Mike submitting transactions
chatterbot Zulu submitting transactions
chatterbot Victor submitting transactions
chatterbot Uniform submitting transactions
chatterbot Charlie submitting transactions
chatterbot Echo submitting transactions
chatterbot India submitting transactions
chatterbot Bravo submitting transactions
chatterbot Kilo submitting transactions
ChatterBot Kilo round 12
ChatterBot India round 12
ChatterBot Uniform round 12
ChatterBot Zulu round 12
ChatterBot Mike round 12
ChatterBot Juliett round 12
ChatterBot Echo round 12
ChatterBot Victor round 12
ChatterBot Charlie round 12
ChatterBot Bravo round 12
2024-10-14 20:16:50.866778 Uniform: We should add Charlie
ChatterBot Zulu reevaluating
2024-10-14 20:16:50.874317 Zulu: Yes
2024-10-14 20:16:50.874453 Juliett: Yes
ChatterBot Uniform reevaluating
ChatterBot Juliett reevaluating
ChatterBot Zulu reevaluating
ChatterBot Uniform reevaluating
2024-10-14 20:16:50.890886 Juliett: We should replace Charlie with Zulu
ChatterBot Uniform reevaluating
2024-10-14 20:16:50.895069 Uniform: Yes
ChatterBot Juliett reevaluating
2024-10-14 20:16:50.903061 Charlie: We should add Echo
ChatterBot Zulu reevaluating
ChatterBot Uniform reevaluating
ChatterBot Juliett reevaluating
2024-10-14 20:16:50.914493 Zulu: No
2024-10-14 20:16:50.914597 Uniform: No
2024-10-14 20:16:50.914688 Juliett: No
ChatterBot Uniform reevaluating
ChatterBot Juliett reevaluating
ChatterBot Charlie reevaluating
ChatterBot Zulu reevaluating
ChatterBot Juliett reevaluating
ChatterBot Charlie reevaluating
ChatterBot Zulu reevaluating
ChatterBot Uniform reevaluating
ChatterBot Charlie reevaluating
2024-10-14 20:16:50.963838 Bravo: We should drop Charlie
ChatterBot Kilo reevaluating
2024-10-14 20:16:50.983540 India: Yes
2024-10-14 20:16:50.983755 Mike: Yes
2024-10-14 20:16:50.983966 Echo: Yes
2024-10-14 20:16:50.984100 Kilo: Yes
2024-10-14 20:16:50.984231 Victor: Yes
ChatterBot Bravo reevaluating
ChatterBot Kilo reevaluating
ChatterBot Bravo reevaluating
ChatterBot Kilo reevaluating
ChatterBot Bravo reevaluating
ChatterBot Kilo reevaluating
ChatterBot Bravo reevaluating
ChatterBot Bravo reevaluating
ChatterBot Kilo reevaluating
2024-10-14 20:16:51.079543 Mike: Sending you each 2
2024-10-14 20:16:51.082042 India: Mike, Echo, Victor and Bravo, sending you 2
2024-10-14 20:16:51.083228 Victor: Kilo and Mike, sending you 3
2024-10-14 20:16:51.084055 Echo: India, Mike, Victor and Bravo, sending you 2
2024-10-14 20:16:51.086696 Victor: India and Echo, sending you 2
2024-10-14 20:16:51.088648 Kilo: India we want you to join our group
2024-10-14 20:16:51.093005 India: Yes
ChatterBot Bravo reevaluating
2024-10-14 20:16:51.107031 Bravo: We should replace Charlie with Uniform
2024-10-14 20:16:51.123726 India: No
2024-10-14 20:16:51.123868 Mike: No
2024-10-14 20:16:51.123998 Echo: No
2024-10-14 20:16:51.124118 Kilo: No
2024-10-14 20:16:51.124226 Victor: No
ChatterBot Bravo reevaluating
ChatterBot Bravo reevaluating
ChatterBot Bravo reevaluating
ChatterBot Bravo reevaluating
ChatterBot Bravo reevaluating
2024-10-14 20:16:51.203238 Victor: Bravo, sending you 1
2024-10-14 20:16:51.205637 Bravo: We should replace Charlie with Juliett
2024-10-14 20:16:51.223519 India: No
2024-10-14 20:16:51.223687 Mike: No
2024-10-14 20:16:51.223827 Echo: No
2024-10-14 20:16:51.223955 Kilo: No
2024-10-14 20:16:51.224094 Victor: No
ChatterBot Bravo reevaluating
ChatterBot Bravo reevaluating
ChatterBot Bravo reevaluating
ChatterBot Bravo reevaluating
ChatterBot Bravo reevaluating
2024-10-14 20:16:51.307679 Kilo: Mike, sending you 1
2024-10-14 20:16:51.310694 Kilo: Victor, sending you 2
2024-10-14 20:16:51.315660 Kilo: Bravo, sending you 3
2024-10-14 20:16:51.318677 Bravo: Kilo, sending you 6
2024-10-14 20:16:51.323684 Bravo: India, Mike and Echo, sending you 3
2024-10-14 20:16:51.328829 Bravo: Victor, sending you 2
chatterbot Uniform submitting transactions
chatterbot India submitting transactions
chatterbot Kilo submitting transactions
chatterbot Charlie submitting transactions
chatterbot Echo submitting transactions
chatterbot Mike submitting transactions
chatterbot Zulu submitting transactions
chatterbot Victor submitting transactions
chatterbot Bravo submitting transactions
chatterbot Juliett submitting transactions
ChatterBot Kilo round 13
ChatterBot India round 13
ChatterBot Uniform round 13
ChatterBot Zulu round 13
ChatterBot Mike round 13
ChatterBot Juliett round 13
ChatterBot Echo round 13
ChatterBot Victor round 13
ChatterBot Charlie round 13
ChatterBot Bravo round 13
2024-10-14 20:16:52.281852 Uniform: We should add Charlie
ChatterBot Zulu reevaluating
2024-10-14 20:16:52.288441 Zulu: Yes
2024-10-14 20:16:52.288644 Juliett: Yes
ChatterBot Zulu reevaluating
2024-10-14 20:16:52.312537 Uniform: Charlie we want you to join our group
ChatterBot Charlie reevaluating
2024-10-14 20:16:52.315920 Charlie: Yes
ChatterBot Zulu reevaluating
2024-10-14 20:16:52.326444 Bravo: We should drop Charlie
2024-10-14 20:16:52.351454 India: Yes
2024-10-14 20:16:52.351699 Mike: Yes
2024-10-14 20:16:52.351897 Echo: Yes
2024-10-14 20:16:52.352083 Kilo: Yes
2024-10-14 20:16:52.352290 Victor: Yes
ChatterBot Bravo reevaluating
ChatterBot Bravo reevaluating
ChatterBot Bravo reevaluating
ChatterBot Bravo reevaluating
ChatterBot Bravo reevaluating
2024-10-14 20:16:52.477673 Echo: Kilo, sending you 1
2024-10-14 20:16:52.479686 Victor: Kilo and Mike, sending you 3
2024-10-14 20:16:52.481513 Mike: Kilo, India, Victor and Bravo, sending you 2
2024-10-14 20:16:52.482807 India: Mike, Echo, Victor and Bravo, sending you 2
2024-10-14 20:16:52.484012 Victor: India and Echo, sending you 2
2024-10-14 20:16:52.484737 Echo: India, Mike, Victor and Bravo, sending you 2
2024-10-14 20:16:52.487704 Victor: Bravo, sending you 1
2024-10-14 20:16:52.519711 Bravo: Kilo, sending you 6
2024-10-14 20:16:52.528692 Bravo: India and Echo, sending you 3
2024-10-14 20:16:52.534686 Bravo: Mike, sending you 4
2024-10-14 20:16:52.543695 Bravo: Victor, sending you 1
chatterbot India submitting transactions
chatterbot Zulu submitting transactions
chatterbot Echo submitting transactions
chatterbot Kilo submitting transactions
chatterbot Charlie submitting transactions
chatterbot Victor submitting transactions
chatterbot Juliett submitting transactions
chatterbot Mike submitting transactions
chatterbot Uniform submitting transactions
chatterbot Bravo submitting transactions
ChatterBot Kilo round 14
ChatterBot India round 14
ChatterBot Uniform round 14
ChatterBot Zulu round 14
ChatterBot Mike round 14
ChatterBot Juliett round 14
ChatterBot Echo round 14
ChatterBot Victor round 14
2024-10-14 20:16:53.732015 Uniform: We should add Charlie
ChatterBot Zulu reevaluating
2024-10-14 20:16:53.738380 Zulu: Yes
2024-10-14 20:16:53.738578 Juliett: Yes
ChatterBot Zulu reevaluating
ChatterBot Charlie round 14
ChatterBot Bravo round 14
2024-10-14 20:16:53.768687 Uniform: Charlie we want you to join our group
ChatterBot Charlie reevaluating
2024-10-14 20:16:53.771897 Charlie: Yes
ChatterBot Zulu reevaluating
2024-10-14 20:16:53.788694 Echo: Kilo, sending you 1
2024-10-14 20:16:53.793680 Echo: India, Mike, Victor and Bravo, sending you 2
2024-10-14 20:16:53.798670 Victor: Kilo and Mike, sending you 3
2024-10-14 20:16:53.803680 Victor: India and Echo, sending you 2
