ChatterBot Whiskey round 1
ChatterBot November round 1
ChatterBot Quebec round 1
ChatterBot Yankee round 1
ChatterBot Golf round 1
ChatterBot Kilo round 1
ChatterBot Delta round 1
ChatterBot Victor round 1
ChatterBot Alpha round 1
ChatterBot Zulu round 1
randomSelections Yankee: {Yankee, Quebec, Alpha, Whiskey, Kilo, November} 
2024-10-14 20:16:35.155523 Yankee: Can we be friends?
ChatterBot Quebec reevaluating
ChatterBot Alpha reevaluating
ChatterBot Whiskey reevaluating
ChatterBot Kilo reevaluating
ChatterBot November reevaluating
2024-10-14 20:16:35.167939 Quebec: Yes
2024-10-14 20:16:35.168093 Alpha: Yes
2024-10-14 20:16:35.168222 Whiskey: Yes
2024-10-14 20:16:35.168801 Kilo: Yes
2024-10-14 20:16:35.168915 November: Yes
ChatterBot Alpha reevaluating
ChatterBot Whiskey reevaluating
ChatterBot Kilo reevaluating
ChatterBot November reevaluating
ChatterBot Quebec reevaluating
ChatterBot Whiskey reevaluating
ChatterBot Kilo reevaluating
ChatterBot November reevaluating
ChatterBot Quebec reevaluating
ChatterBot Alpha reevaluating
ChatterBot Kilo reevaluating
ChatterBot November reevaluating
ChatterBot Quebec reevaluating
ChatterBot Alpha reevaluating
ChatterBot Whiskey reevaluating
ChatterBot November reevaluating
ChatterBot Quebec reevaluating
ChatterBot Alpha reevaluating
ChatterBot Whiskey reevaluating
ChatterBot Kilo reevaluating
randomSelections Victor: {Victor, Delta, Whiskey, Zulu, Golf, Kilo} 
2024-10-14 20:16:35.218515 Victor: We should group up
ChatterBot Delta reevaluating
ChatterBot Whiskey reevaluating
ChatterBot Zulu reevaluating
ChatterBot Golf reevaluating
ChatterBot Kilo reevaluating
2024-10-14 20:16:35.226874 Delta: Yes
2024-10-14 20:16:35.227420 Whiskey: No
2024-10-14 20:16:35.227522 Zulu: Yes
2024-10-14 20:16:35.227610 Golf: Yes
2024-10-14 20:16:35.227703 Kilo: No
ChatterBot Whiskey reevaluating
ChatterBot Zulu reevaluating
ChatterBot Golf reevaluating
ChatterBot Kilo reevaluating
ChatterBot Delta reevaluating
ChatterBot Zulu reevaluating
ChatterBot Golf reevaluating
ChatterBot Kilo reevaluating
ChatterBot Delta reevaluating
ChatterBot Whiskey reevaluating
ChatterBot Golf reevaluating
ChatterBot Kilo reevaluating
ChatterBot Delta reevaluating
ChatterBot Whiskey reevaluating
ChatterBot Zulu reevaluating
ChatterBot Kilo reevaluating
ChatterBot Delta reevaluating
ChatterBot Whiskey reevaluating
ChatterBot Zulu reevaluating
ChatterBot Golf reevaluating
2024-10-14 20:16:35.281673 Kilo: Whiskey, sending you 5
2024-10-14 20:16:35.282040 Whiskey: November and Quebec, sending you 1
2024-10-14 20:16:35.283670 Quebec: Whiskey, sending you 1
2024-10-14 20:16:35.285097 Alpha: Whiskey, sending you 2
2024-10-14 20:16:35.285403 Kilo: November, sending you 2
2024-10-14 20:16:35.285695 Whiskey: Yankee, sending you 3
2024-10-14 20:16:35.286804 Zulu: Whiskey, Kilo and Victor, sending you 2
2024-10-14 20:16:35.287139 Quebec: November and Alpha, sending you 2
2024-10-14 20:16:35.287709 Alpha: November and Kilo, sending you 1
2024-10-14 20:16:35.288694 Kilo: Quebec, sending you 4
2024-10-14 20:16:35.289704 Zulu: Golf and Delta, sending you 1
2024-10-14 20:16:35.290673 Whiskey: Kilo and Alpha, sending you 2
2024-10-14 20:16:35.291076 Alpha: Yankee, sending you 3
2024-10-14 20:16:35.291924 Yankee: Whiskey and November, sending you 1
2024-10-14 20:16:35.292420 Quebec: Yankee and Kilo, sending you 4
2024-10-14 20:16:35.292761 November: Whiskey, sending you 5
2024-10-14 20:16:35.293582 Victor: Whiskey, sending you 4
2024-10-14 20:16:35.293921 Golf: Kilo, sending you 2
2024-10-14 20:16:35.294280 Kilo: Yankee, sending you 3
2024-10-14 20:16:35.295677 Yankee: Quebec, sending you 4
2024-10-14 20:16:35.296680 Delta: Whiskey, sending you 2
2024-10-14 20:16:35.297373 November: Quebec, sending you 3
2024-10-14 20:16:35.297763 Victor: Golf and Delta, sending you 1
2024-10-14 20:16:35.298044 Golf: Delta and Zulu, sending you 3
2024-10-14 20:16:35.298936 Kilo: Alpha, sending you 1
2024-10-14 20:16:35.299404 Yankee: Kilo, sending you 2
2024-10-14 20:16:35.300725 November: Yankee, sending you 1
2024-10-14 20:16:35.301190 Victor: Kilo, sending you 2
2024-10-14 20:16:35.301729 Delta: Golf, sending you 1
2024-10-14 20:16:35.302079 Golf: Victor, sending you 1
2024-10-14 20:16:35.303695 Victor: Zulu, sending you 3
2024-10-14 20:16:35.305650 November: Alpha, sending you 2
2024-10-14 20:16:35.306685 Delta: Kilo, Victor and Zulu, sending you 4
chatterbot Kilo submitting transactions
chatterbot Delta submitting transactions
chatterbot Victor submitting transactions
chatterbot Golf submitting transactions
chatterbot Alpha submitting transactions
chatterbot Quebec submitting transactions
chatterbot Zulu submitting transactions
chatterbot November submitting transactions
chatterbot Whiskey submitting transactions
chatterbot Yankee submitting transactions
ChatterBot Whiskey round 2
ChatterBot November round 2
ChatterBot Quebec round 2
ChatterBot Yankee round 2
ChatterBot Golf round 2
ChatterBot Kilo round 2
ChatterBot Delta round 2
ChatterBot Victor round 2
ChatterBot Alpha round 2
ChatterBot Zulu round 2
2024-10-14 20:16:36.817990 Zulu: Group up?
ChatterBot Golf reevaluating
ChatterBot Victor reevaluating
ChatterBot Alpha reevaluating
2024-10-14 20:16:36.832132 Golf: No
2024-10-14 20:16:36.832268 Delta: No
2024-10-14 20:16:36.832371 Victor: No
2024-10-14 20:16:36.832468 Alpha: No
ChatterBot Victor reevaluating
ChatterBot Alpha reevaluating
ChatterBot Golf reevaluating
ChatterBot Victor reevaluating
ChatterBot Alpha reevaluating
ChatterBot Zulu reevaluating
ChatterBot Golf reevaluating
ChatterBot Alpha reevaluating
ChatterBot Zulu reevaluating
ChatterBot Golf reevaluating
ChatterBot Victor reevaluating
2024-10-14 20:16:36.914763 Whiskey: We should drop Alpha
2024-10-14 20:16:36.927924 November: No
2024-10-14 20:16:36.928126 Quebec: No
2024-10-14 20:16:36.928249 Yankee: No
2024-10-14 20:16:36.928354 Kilo: No
2024-10-14 20:16:36.979223 Delta: We should drop Whiskey and Kilo
ChatterBot Golf reevaluating
ChatterBot Victor reevaluating
ChatterBot Zulu reevaluating
2024-10-14 20:16:36.990231 Golf: Yes
2024-10-14 20:16:36.990395 Victor: Yes
2024-10-14 20:16:36.990869 Zulu: Yes
ChatterBot Victor reevaluating
ChatterBot Zulu reevaluating
ChatterBot Golf reevaluating
ChatterBot Zulu reevaluating
ChatterBot Golf reevaluating
ChatterBot Victor reevaluating
2024-10-14 20:16:37.153287 Alpha: Whiskey, November and Quebec, sending you 2
2024-10-14 20:16:37.153914 Whiskey: November and Kilo, sending you 4
2024-10-14 20:16:37.154650 Kilo: Whiskey and Yankee, sending you 3
2024-10-14 20:16:37.155145 Quebec: Whiskey and Alpha, sending you 2
2024-10-14 20:16:37.156177 November: Whiskey and Yankee, sending you 2
2024-10-14 20:16:37.156653 Delta: Golf, sending you 9
2024-10-14 20:16:37.157542 Yankee: Whiskey, Quebec, Kilo and Alpha, sending you 3
2024-10-14 20:16:37.158109 Alpha: Kilo, sending you 1
2024-10-14 20:16:37.183815 Whiskey: Quebec, sending you 1
2024-10-14 20:16:37.184168 Quebec: November, Yankee and Kilo, sending you 3
2024-10-14 20:16:37.184918 Kilo: Quebec, sending you 7
2024-10-14 20:16:37.185212 Delta: Victor and Zulu, sending you 3
2024-10-14 20:16:37.185443 Zulu: Golf, Delta and Victor, sending you 3
2024-10-14 20:16:37.187651 November: Quebec and Kilo, sending you 3
2024-10-14 20:16:37.233763 Kilo: Alpha, sending you 2
2024-10-14 20:16:37.234397 Golf: Sending you each 3
2024-10-14 20:16:37.235706 November: Alpha, sending you 1
2024-10-14 20:16:37.236341 Victor: Golf, sending you 2
chatterbot Quebec submitting transactions
2024-10-14 20:16:37.296899 Victor: Delta, sending you 6
chatterbot Whiskey submitting transactions
2024-10-14 20:16:37.310633 Victor: Zulu, sending you 3
chatterbot Kilo submitting transactions
chatterbot Delta submitting transactions
chatterbot November submitting transactions
chatterbot Alpha submitting transactions
chatterbot Golf submitting transactions
chatterbot Yankee submitting transactions
chatterbot Zulu submitting transactions
chatterbot Victor submitting transactions
ChatterBot Whiskey round 3
ChatterBot November round 3
ChatterBot Quebec round 3
ChatterBot Yankee round 3
ChatterBot Golf round 3
ChatterBot Kilo round 3
ChatterBot Delta round 3
ChatterBot Victor round 3
ChatterBot Alpha round 3
ChatterBot Zulu round 3
2024-10-14 20:16:38.342280 Zulu: We should replace Alpha with Yankee
2024-10-14 20:16:38.351386 Delta: No
2024-10-14 20:16:38.351536 Golf: No
2024-10-14 20:16:38.351677 Victor: No
ChatterBot Zulu reevaluating
ChatterBot Zulu reevaluating
ChatterBot Zulu reevaluating
2024-10-14 20:16:38.378821 Whiskey: November and Kilo, sending you 3
2024-10-14 20:16:38.379209 November: Whiskey, sending you 4
2024-10-14 20:16:38.381735 Whiskey: Quebec, sending you 1
2024-10-14 20:16:38.384666 November: Quebec, sending you 3
2024-10-14 20:16:38.385659 Yankee: Whiskey, November and Alpha, sending you 2
2024-10-14 20:16:38.386558 Alpha: Whiskey, November and Kilo, sending you 1
2024-10-14 20:16:38.386937 Whiskey: Yankee, sending you 2
2024-10-14 20:16:38.387701 November: Yankee and Kilo, sending you 1
2024-10-14 20:16:38.388787 Delta: Golf, sending you 5
2024-10-14 20:16:38.389270 Yankee: Quebec and Kilo, sending you 3
2024-10-14 20:16:38.390675 Alpha: Quebec and Yankee, sending you 2
2024-10-14 20:16:38.392705 Quebec: Whiskey and Alpha, sending you 2
2024-10-14 20:16:38.393112 November: Alpha, sending you 2
2024-10-14 20:16:38.394076 Delta: Victor, sending you 6
2024-10-14 20:16:38.396056 Kilo: Whiskey, sending you 5
2024-10-14 20:16:38.396688 Victor: Golf, sending you 3
2024-10-14 20:16:38.398014 Quebec: November, Yankee and Kilo, sending you 3
2024-10-14 20:16:38.398529 Golf: Same as last round
2024-10-14 20:16:38.398904 Delta: Zulu, sending you 4
2024-10-14 20:16:38.400129 Victor: Delta and Zulu, sending you 4
2024-10-14 20:16:38.400697 Kilo: November, sending you 2
2024-10-14 20:16:38.405918 Kilo: Quebec, sending you 4
2024-10-14 20:16:38.406696 Zulu: Golf, Delta and Victor, sending you 3
2024-10-14 20:16:38.411137 Kilo: Yankee, sending you 3
2024-10-14 20:16:38.414790 Kilo: Alpha, sending you 1
chatterbot November submitting transactions
chatterbot Kilo submitting transactions
chatterbot Whiskey submitting transactions
chatterbot Golf submitting transactions
chatterbot Delta submitting transactions
chatterbot Alpha submitting transactions
chatterbot Victor submitting transactions
chatterbot Yankee submitting transactions
chatterbot Quebec submitting transactions
chatterbot Zulu submitting transactions
ChatterBot Whiskey round 4
ChatterBot November round 4
ChatterBot Quebec round 4
ChatterBot Yankee round 4
ChatterBot Golf round 4
ChatterBot Kilo round 4
ChatterBot Delta round 4
ChatterBot Victor round 4
ChatterBot Alpha round 4
ChatterBot Zulu round 4
2024-10-14 20:16:39.632898 November: Whiskey, sending you 4
2024-10-14 20:16:39.633606 Whiskey: November and Kilo, sending you 3
2024-10-14 20:16:39.634077 Alpha: Whiskey, November and Kilo, sending you 1
2024-10-14 20:16:39.636678 November: Quebec, sending you 3
2024-10-14 20:16:39.637258 Victor: Golf and Zulu, sending you 3
2024-10-14 20:16:39.637749 Golf: Same as last round
2024-10-14 20:16:39.638351 Yankee: Whiskey, November and Alpha, sending you 2
2024-10-14 20:16:39.642874 Whiskey: Quebec, sending you 1
2024-10-14 20:16:39.643464 Zulu: Golf, Delta and Victor, sending you 3
2024-10-14 20:16:39.643971 Kilo: Whiskey, sending you 5
2024-10-14 20:16:39.645695 Alpha: Quebec and Yankee, sending you 2
2024-10-14 20:16:39.646324 November: Yankee and Alpha, sending you 1
2024-10-14 20:16:39.646894 Victor: Delta, sending you 5
2024-10-14 20:16:39.648009 Yankee: Quebec and Kilo, sending you 3
2024-10-14 20:16:39.648687 Whiskey: Yankee, sending you 2
2024-10-14 20:16:39.649119 Kilo: November, sending you 2
2024-10-14 20:16:39.650804 Delta: Golf, sending you 5
2024-10-14 20:16:39.654943 Quebec: Whiskey and Alpha, sending you 2
2024-10-14 20:16:39.655784 November: Kilo, sending you 2
2024-10-14 20:16:39.657768 Kilo: Quebec, sending you 4
2024-10-14 20:16:39.659697 Delta: Victor, sending you 6
2024-10-14 20:16:39.660098 Quebec: November, Yankee and Kilo, sending you 3
2024-10-14 20:16:39.662656 Kilo: Yankee, sending you 3
2024-10-14 20:16:39.663173 Delta: Zulu, sending you 4
2024-10-14 20:16:39.669206 Kilo: Alpha, sending you 1
chatterbot Golf submitting transactions
chatterbot Quebec submitting transactions
chatterbot Alpha submitting transactions
chatterbot Whiskey submitting transactions
chatterbot Yankee submitting transactions
chatterbot Delta submitting transactions
chatterbot Victor submitting transactions
chatterbot November submitting transactions
chatterbot Zulu submitting transactions
chatterbot Kilo submitting transactions
ChatterBot Whiskey round 5
ChatterBot November round 5
ChatterBot Quebec round 5
ChatterBot Yankee round 5
ChatterBot Golf round 5
ChatterBot Kilo round 5
ChatterBot Delta round 5
ChatterBot Victor round 5
ChatterBot Alpha round 5
ChatterBot Zulu round 5
2024-10-14 20:16:40.854334 Zulu: We should replace Alpha with November
2024-10-14 20:16:40.861003 Delta: No
2024-10-14 20:16:40.861254 Golf: No
2024-10-14 20:16:40.861504 Victor: No
ChatterBot Zulu reevaluating
ChatterBot Zulu reevaluating
ChatterBot Zulu reevaluating
2024-10-14 20:16:40.893157 Yankee: Whiskey, November and Alpha, sending you 2
2024-10-14 20:16:40.894693 Whiskey: November and Kilo, sending you 3
2024-10-14 20:16:40.898715 Yankee: Quebec and Kilo, sending you 3
2024-10-14 20:16:40.899686 Whiskey: Quebec, sending you 1
2024-10-14 20:16:40.902687 Golf: Same as last round
2024-10-14 20:16:40.905132 Delta: Golf, sending you 5
2024-10-14 20:16:40.905824 November: Whiskey and Quebec, sending you 3
2024-10-14 20:16:40.906457 Whiskey: Yankee, sending you 2
2024-10-14 20:16:40.907753 Kilo: Whiskey, Quebec and Yankee, sending you 4
2024-10-14 20:16:40.908640 Zulu: Golf, Delta and Victor, sending you 3
2024-10-14 20:16:40.909678 November: Yankee and Kilo, sending you 2
2024-10-14 20:16:40.911119 Delta: Victor, sending you 6
2024-10-14 20:16:40.912008 Kilo: November, sending you 2
2024-10-14 20:16:40.913830 Quebec: Whiskey and Alpha, sending you 2
2024-10-14 20:16:40.914620 Victor: Golf and Zulu, sending you 3
2024-10-14 20:16:40.915493 November: Alpha, sending you 1
2024-10-14 20:16:40.916695 Delta: Zulu, sending you 4
2024-10-14 20:16:40.917776 Kilo: Alpha, sending you 1
2024-10-14 20:16:40.918772 Alpha: Whiskey, November and Kilo, sending you 1
2024-10-14 20:16:40.919547 Quebec: November, Yankee and Kilo, sending you 3
2024-10-14 20:16:40.920803 Victor: Delta, sending you 5
2024-10-14 20:16:40.921717 Alpha: Quebec and Yankee, sending you 2
chatterbot November submitting transactions
chatterbot Whiskey submitting transactions
chatterbot Quebec submitting transactions
chatterbot Zulu submitting transactions
chatterbot Delta submitting transactions
chatterbot Alpha submitting transactions
chatterbot Victor submitting transactions
chatterbot Golf submitting transactions
chatterbot Yankee submitting transactions
chatterbot Kilo submitting transactions
ChatterBot Whiskey round 6
ChatterBot November round 6
ChatterBot Quebec round 6
ChatterBot Yankee round 6
ChatterBot Golf round 6
ChatterBot Kilo round 6
ChatterBot Delta round 6
ChatterBot Victor round 6
ChatterBot Alpha round 6
ChatterBot Zulu round 6
2024-10-14 20:16:41.981623 Whiskey: We should replace Yankee with Alpha
2024-10-14 20:16:41.990735 November: No
2024-10-14 20:16:41.990909 Quebec: No
2024-10-14 20:16:41.991409 Kilo: No
ChatterBot Whiskey reevaluating
ChatterBot Whiskey reevaluating
ChatterBot Whiskey reevaluating
2024-10-14 20:16:42.034687 November: Whiskey and Quebec, sending you 3
2024-10-14 20:16:42.039680 November: Yankee and Kilo, sending you 2
2024-10-14 20:16:42.042685 November: Alpha, sending you 1
2024-10-14 20:16:42.043672 Quebec: Whiskey and Alpha, sending you 2
2024-10-14 20:16:42.044141 Delta: Golf and Zulu, sending you 4
2024-10-14 20:16:42.044678 Yankee: Whiskey, November and Alpha, sending you 2
2024-10-14 20:16:42.045171 Alpha: November and Kilo, sending you 1
2024-10-14 20:16:42.045696 Zulu: Golf, Delta and Victor, sending you 3
2024-10-14 20:16:42.046694 Kilo: Whiskey, sending you 5
2024-10-14 20:16:42.047674 Delta: Victor, sending you 7
2024-10-14 20:16:42.048344 Yankee: Quebec and Kilo, sending you 3
2024-10-14 20:16:42.048768 Alpha: Quebec, sending you 3
2024-10-14 20:16:42.049129 Quebec: November, Yankee and Kilo, sending you 3
2024-10-14 20:16:42.049645 Kilo: November, sending you 2
2024-10-14 20:16:42.052681 Golf: Same as last round
2024-10-14 20:16:42.052988 Alpha: Yankee, sending you 2
2024-10-14 20:16:42.053399 Victor: Golf and Zulu, sending you 3
2024-10-14 20:16:42.055046 Kilo: Quebec, sending you 4
2024-10-14 20:16:42.057671 Whiskey: November and Kilo, sending you 3
2024-10-14 20:16:42.057984 Victor: Delta, sending you 5
2024-10-14 20:16:42.060681 Kilo: Yankee, sending you 3
2024-10-14 20:16:42.061142 Whiskey: Quebec, sending you 1
2024-10-14 20:16:42.063953 Kilo: Alpha, sending you 1
2024-10-14 20:16:42.064687 Whiskey: Yankee, sending you 2
chatterbot Alpha submitting transactions
chatterbot Golf submitting transactions
chatterbot November submitting transactions
chatterbot Victor submitting transactions
chatterbot Delta submitting transactions
chatterbot Kilo submitting transactions
chatterbot Quebec submitting transactions
chatterbot Zulu submitting transactions
chatterbot Yankee submitting transactions
chatterbot Whiskey submitting transactions
ChatterBot Whiskey round 7
ChatterBot November round 7
ChatterBot Quebec round 7
ChatterBot Yankee round 7
ChatterBot Golf round 7
ChatterBot Kilo round 7
ChatterBot Delta round 7
ChatterBot Victor round 7
ChatterBot Alpha round 7
ChatterBot Zulu round 7
2024-10-14 20:16:43.260674 Whiskey: November, Quebec and Yankee, sending you 2
2024-10-14 20:16:43.261165 Golf: Same as last round
2024-10-14 20:16:43.262674 Zulu: Golf, Delta and Victor, sending you 3
2024-10-14 20:16:43.265660 Delta: Golf and Zulu, sending you 4
2024-10-14 20:16:43.266027 Whiskey: Kilo, sending you 3
2024-10-14 20:16:43.267677 Yankee: Whiskey, November and Alpha, sending you 2
2024-10-14 20:16:43.270681 Delta: Victor, sending you 7
2024-10-14 20:16:43.271009 Yankee: Quebec and Kilo, sending you 3
2024-10-14 20:16:43.274671 Kilo: Whiskey, Quebec and Yankee, sending you 4
2024-10-14 20:16:43.276659 Victor: Golf and Zulu, sending you 3
2024-10-14 20:16:43.277055 November: Whiskey and Quebec, sending you 3
2024-10-14 20:16:43.277696 Quebec: Whiskey and Alpha, sending you 2
2024-10-14 20:16:43.278185 Kilo: November, sending you 2
2024-10-14 20:16:43.280661 Kilo: Alpha, sending you 1
2024-10-14 20:16:43.281675 Victor: Delta, sending you 5
2024-10-14 20:16:43.282039 November: Yankee and Kilo, sending you 2
2024-10-14 20:16:43.282687 Quebec: November, Yankee and Kilo, sending you 3
2024-10-14 20:16:43.283278 Alpha: November and Kilo, sending you 1
2024-10-14 20:16:43.286687 Alpha: Quebec, sending you 3
2024-10-14 20:16:43.287664 November: Alpha, sending you 1
2024-10-14 20:16:43.291676 Alpha: Yankee, sending you 2
chatterbot Zulu submitting transactions
chatterbot Whiskey submitting transactions
chatterbot Quebec submitting transactions
chatterbot November submitting transactions
chatterbot Victor submitting transactions
chatterbot Yankee submitting transactions
chatterbot Delta submitting transactions
chatterbot Golf submitting transactions
chatterbot Alpha submitting transactions
chatterbot Kilo submitting transactions
ChatterBot Whiskey round 8
ChatterBot November round 8
ChatterBot Quebec round 8
ChatterBot Yankee round 8
ChatterBot Golf round 8
ChatterBot Kilo round 8
ChatterBot Delta round 8
ChatterBot Victor round 8
ChatterBot Alpha round 8
ChatterBot Zulu round 8
2024-10-14 20:16:44.527677 Quebec: Whiskey and Alpha, sending you 2
2024-10-14 20:16:44.529018 November: Whiskey and Quebec, sending you 3
2024-10-14 20:16:44.529878 Kilo: Whiskey, Quebec and Yankee, sending you 4
2024-10-14 20:16:44.530669 Yankee: Whiskey, November and Alpha, sending you 2
2024-10-14 20:16:44.532668 Quebec: November, Yankee and Kilo, sending you 3
2024-10-14 20:16:44.533748 November: Yankee and Kilo, sending you 2
2024-10-14 20:16:44.534313 Kilo: November, sending you 2
2024-10-14 20:16:44.534801 Yankee: Quebec and Kilo, sending you 3
2024-10-14 20:16:44.535705 Whiskey: November, Quebec and Yankee, sending you 2
2024-10-14 20:16:44.537659 Kilo: Alpha, sending you 1
2024-10-14 20:16:44.538999 November: Alpha, sending you 1
2024-10-14 20:16:44.539808 Alpha: November and Kilo, sending you 1
2024-10-14 20:16:44.540676 Whiskey: Kilo, sending you 3
2024-10-14 20:16:44.541686 Victor: Golf and Zulu, sending you 3
2024-10-14 20:16:44.542687 Golf: Same as last round
2024-10-14 20:16:44.542987 Delta: Golf and Zulu, sending you 4
2024-10-14 20:16:44.543686 Alpha: Quebec, sending you 3
2024-10-14 20:16:44.545066 Victor: Delta, sending you 5
2024-10-14 20:16:44.545681 Zulu: Golf, Delta and Victor, sending you 3
2024-10-14 20:16:44.546071 Delta: Victor, sending you 7
2024-10-14 20:16:44.548704 Alpha: Yankee, sending you 2
chatterbot Kilo submitting transactions
chatterbot November submitting transactions
chatterbot Zulu submitting transactions
chatterbot Golf submitting transactions
chatterbot Alpha submitting transactions
chatterbot Yankee submitting transactions
chatterbot Quebec submitting transactions
chatterbot Delta submitting transactions
chatterbot Victor submitting transactions
chatterbot Whiskey submitting transactions
ChatterBot Whiskey round 9
ChatterBot November round 9
ChatterBot Quebec round 9
ChatterBot Yankee round 9
ChatterBot Golf round 9
ChatterBot Kilo round 9
ChatterBot Delta round 9
ChatterBot Victor round 9
ChatterBot Alpha round 9
ChatterBot Zulu round 9
2024-10-14 20:16:45.638706 Quebec: Whiskey and Alpha, sending you 2
2024-10-14 20:16:45.641454 November: Whiskey and Quebec, sending you 3
2024-10-14 20:16:45.643545 Whiskey: November, Quebec and Yankee, sending you 2
2024-10-14 20:16:45.644706 Quebec: November, Yankee and Kilo, sending you 3
2024-10-14 20:16:45.647383 Whiskey: Kilo, sending you 3
2024-10-14 20:16:45.647867 November: Yankee and Kilo, sending you 2
2024-10-14 20:16:45.649701 Delta: Golf and Zulu, sending you 4
2024-10-14 20:16:45.651679 Zulu: Golf, Delta and Victor, sending you 3
2024-10-14 20:16:45.652102 November: Alpha, sending you 1
2024-10-14 20:16:45.653349 Golf: Same as last round
2024-10-14 20:16:45.653881 Victor: Golf and Zulu, sending you 3
2024-10-14 20:16:45.654836 Kilo: Whiskey, Quebec and Yankee, sending you 4
2024-10-14 20:16:45.655531 Delta: Victor, sending you 7
2024-10-14 20:16:45.656689 Alpha: November and Kilo, sending you 1
2024-10-14 20:16:45.658148 Victor: Delta, sending you 5
2024-10-14 20:16:45.658685 Kilo: November, sending you 2
2024-10-14 20:16:45.660707 Yankee: Whiskey, November and Alpha, sending you 2
2024-10-14 20:16:45.662229 Alpha: Quebec, sending you 3
2024-10-14 20:16:45.663419 Kilo: Alpha, sending you 1
2024-10-14 20:16:45.665667 Alpha: Yankee, sending you 2
2024-10-14 20:16:45.667418 Yankee: Quebec and Kilo, sending you 3
chatterbot Yankee submitting transactions
chatterbot Delta submitting transactions
chatterbot Kilo submitting transactions
chatterbot Whiskey submitting transactions
chatterbot Quebec submitting transactions
chatterbot Alpha submitting transactions
chatterbot Golf submitting transactions
chatterbot Zulu submitting transactions
chatterbot Victor submitting transactions
chatterbot November submitting transactions
ChatterBot Whiskey round 10
ChatterBot November round 10
ChatterBot Quebec round 10
ChatterBot Yankee round 10
ChatterBot Golf round 10
ChatterBot Kilo round 10
ChatterBot Delta round 10
ChatterBot Victor round 10
ChatterBot Alpha round 10
ChatterBot Zulu round 10
2024-10-14 20:16:46.774672 Quebec: Whiskey and Alpha, sending you 2
2024-10-14 20:16:46.776546 Whiskey: November, Quebec and Yankee, sending you 2
2024-10-14 20:16:46.779832 Quebec: November, Yankee and Kilo, sending you 3
2024-10-14 20:16:46.780938 Golf: Same as last round
2024-10-14 20:16:46.782060 Whiskey: Kilo, sending you 3
2024-10-14 20:16:46.782551 Victor: Golf and Zulu, sending you 3
2024-10-14 20:16:46.784695 Kilo: Whiskey, Quebec and Yankee, sending you 4
2024-10-14 20:16:46.786475 Victor: Delta, sending you 5
2024-10-14 20:16:46.787 November: Whiskey and Quebec, sending you 3
2024-10-14 20:16:46.788793 Yankee: Whiskey, November and Alpha, sending you 2
2024-10-14 20:16:46.790261 Kilo: November, sending you 2
2024-10-14 20:16:46.790961 Zulu: Golf, Delta and Victor, sending you 3
2024-10-14 20:16:46.792185 Delta: Golf and Zulu, sending you 4
2024-10-14 20:16:46.792768 November: Yankee and Kilo, sending you 2
2024-10-14 20:16:46.795121 Yankee: Quebec and Kilo, sending you 3
2024-10-14 20:16:46.795952 Kilo: Alpha, sending you 1
2024-10-14 20:16:46.797561 Delta: Victor, sending you 7
2024-10-14 20:16:46.798075 Alpha: November and Kilo, sending you 1
2024-10-14 20:16:46.799661 November: Alpha, sending you 1
2024-10-14 20:16:46.802737 Alpha: Quebec, sending you 3
2024-10-14 20:16:46.808846 Alpha: Yankee, sending you 2
chatterbot Zulu submitting transactions
chatterbot November submitting transactions
chatterbot Alpha submitting transactions
chatterbot Quebec submitting transactions
chatterbot Golf submitting transactions
chatterbot Yankee submitting transactions
chatterbot Victor submitting transactions
chatterbot Delta submitting transactions
chatterbot Whiskey submitting transactions
chatterbot Kilo submitting transactions
ChatterBot Whiskey round 11
ChatterBot November round 11
ChatterBot Quebec round 11
ChatterBot Yankee round 11
ChatterBot Golf round 11
ChatterBot Kilo round 11
ChatterBot Delta round 11
ChatterBot Victor round 11
ChatterBot Alpha round 11
ChatterBot Zulu round 11
2024-10-14 20:16:47.898751 Whiskey: We should replace Yankee with Alpha
2024-10-14 20:16:47.907635 November: No
2024-10-14 20:16:47.907861 Quebec: No
2024-10-14 20:16:47.907995 Kilo: No
ChatterBot Whiskey reevaluating
ChatterBot Whiskey reevaluating
ChatterBot Whiskey reevaluating
2024-10-14 20:16:47.944661 Victor: Golf and Zulu, sending you 3
2024-10-14 20:16:47.945902 Golf: Same as last round
2024-10-14 20:16:47.947701 Delta: Golf and Zulu, sending you 4
2024-10-14 20:16:47.948324 Victor: Delta, sending you 5
2024-10-14 20:16:47.949679 Kilo: Whiskey, Quebec and Yankee, sending you 4
2024-10-14 20:16:47.950684 Yankee: Whiskey, November and Alpha, sending you 2
2024-10-14 20:16:47.951635 November: Whiskey and Quebec, sending you 3
2024-10-14 20:16:47.952326 Delta: Victor, sending you 7
2024-10-14 20:16:47.952756 Quebec: Whiskey and Alpha, sending you 2
2024-10-14 20:16:47.954074 Kilo: November, sending you 2
2024-10-14 20:16:47.954641 Yankee: Quebec and Kilo, sending you 3
2024-10-14 20:16:47.955672 November: Yankee and Kilo, sending you 2
2024-10-14 20:16:47.956687 Zulu: Golf, Delta and Victor, sending you 3
2024-10-14 20:16:47.957189 Kilo: Alpha, sending you 1
2024-10-14 20:16:47.958683 Quebec: November, Yankee and Kilo, sending you 3
2024-10-14 20:16:47.959377 November: Alpha, sending you 1
2024-10-14 20:16:47.964688 Alpha: November and Kilo, sending you 1
2024-10-14 20:16:47.965668 Whiskey: November, Quebec and Yankee, sending you 2
2024-10-14 20:16:47.968665 Alpha: Quebec, sending you 3
2024-10-14 20:16:47.969397 Whiskey: Kilo, sending you 3
2024-10-14 20:16:47.974328 Alpha: Yankee, sending you 2
chatterbot Golf submitting transactions
chatterbot Delta submitting transactions
chatterbot Alpha submitting transactions
chatterbot November submitting transactions
chatterbot Whiskey submitting transactions
chatterbot Yankee submitting transactions
chatterbot Quebec submitting transactions
chatterbot Kilo submitting transactions
chatterbot Zulu submitting transactions
chatterbot Victor submitting transactions
ChatterBot Whiskey round 12
ChatterBot November round 12
ChatterBot Quebec round 12
ChatterBot Yankee round 12
ChatterBot Golf round 12
ChatterBot Kilo round 12
ChatterBot Delta round 12
ChatterBot Victor round 12
ChatterBot Alpha round 12
ChatterBot Zulu round 12
2024-10-14 20:16:48.884679 Whiskey: November, Quebec and Yankee, sending you 2
2024-10-14 20:16:48.886668 November: Whiskey and Quebec, sending you 3
2024-10-14 20:16:48.887989 Kilo: Whiskey, Quebec and Yankee, sending you 4
2024-10-14 20:16:48.891650 Yankee: Whiskey, November and Alpha, sending you 2
2024-10-14 20:16:48.893031 Whiskey: Kilo, sending you 3
2024-10-14 20:16:48.893518 Quebec: Whiskey and Alpha, sending you 2
2024-10-14 20:16:48.895280 November: Yankee and Kilo, sending you 2
2024-10-14 20:16:48.896141 Kilo: November, sending you 2
2024-10-14 20:16:48.898116 Golf: Same as last round
2024-10-14 20:16:48.898666 Yankee: Quebec and Kilo, sending you 3
2024-10-14 20:16:48.903768 Quebec: November, Yankee and Kilo, sending you 3
2024-10-14 20:16:48.904651 Alpha: November and Kilo, sending you 1
2024-10-14 20:16:48.906851 Victor: Golf and Zulu, sending you 3
2024-10-14 20:16:48.907304 November: Alpha, sending you 1
2024-10-14 20:16:48.909273 Zulu: Golf, Delta and Victor, sending you 3
2024-10-14 20:16:48.909831 Kilo: Alpha, sending you 1
2024-10-14 20:16:48.911583 Delta: Golf and Zulu, sending you 4
2024-10-14 20:16:48.912067 Victor: Delta, sending you 5
2024-10-14 20:16:48.915335 Alpha: Quebec, sending you 3
2024-10-14 20:16:48.916693 Delta: Victor, sending you 7
2024-10-14 20:16:48.919709 Alpha: Yankee, sending you 2
chatterbot Golf submitting transactions
chatterbot Alpha submitting transactions
chatterbot Victor submitting transactions
chatterbot Delta submitting transactions
chatterbot Zulu submitting transactions
chatterbot Kilo submitting transactions
chatterbot Quebec submitting transactions
chatterbot November submitting transactions
chatterbot Yankee submitting transactions
chatterbot Whiskey submitting transactions
ChatterBot Whiskey round 13
ChatterBot November round 13
ChatterBot Quebec round 13
ChatterBot Yankee round 13
ChatterBot Golf round 13
ChatterBot Kilo round 13
ChatterBot Delta round 13
ChatterBot Victor round 13
ChatterBot Alpha round 13
ChatterBot Zulu round 13
2024-10-14 20:16:50.021684 Whiskey: November, Quebec and Yankee, sending you 2
2024-10-14 20:16:50.025685 Whiskey: Kilo, sending you 3
2024-10-14 20:16:50.027840 Quebec: Whiskey and Alpha, sending you 2
2024-10-14 20:16:50.028975 Delta: Golf and Zulu, sending you 4
2024-10-14 20:16:50.031677 November: Whiskey and Quebec, sending you 3
2024-10-14 20:16:50.032665 Quebec: November, Yankee and Kilo, sending you 3
2024-10-14 20:16:50.034245 Delta: Victor, sending you 7
2024-10-14 20:16:50.034688 Golf: Same as last round
2024-10-14 20:16:50.035102 Kilo: Whiskey, Quebec and Yankee, sending you 4
2024-10-14 20:16:50.036222 Yankee: Whiskey, November and Alpha, sending you 2
2024-10-14 20:16:50.036985 Alpha: November and Kilo, sending you 1
2024-10-14 20:16:50.037817 November: Yankee and Kilo, sending you 2
2024-10-14 20:16:50.039126 Zulu: Golf, Delta and Victor, sending you 3
2024-10-14 20:16:50.039724 Kilo: November, sending you 2
2024-10-14 20:16:50.041676 Yankee: Quebec and Kilo, sending you 3
2024-10-14 20:16:50.042773 Alpha: Quebec, sending you 3
2024-10-14 20:16:50.043546 November: Alpha, sending you 1
2024-10-14 20:16:50.044863 Victor: Golf and Zulu, sending you 3
2024-10-14 20:16:50.045313 Kilo: Alpha, sending you 1
2024-10-14 20:16:50.046702 Alpha: Yankee, sending you 2
2024-10-14 20:16:50.047666 Victor: Delta, sending you 5
chatterbot Whiskey submitting transactions
chatterbot Yankee submitting transactions
chatterbot Zulu submitting transactions
chatterbot Victor submitting transactions
chatterbot November submitting transactions
chatterbot Quebec submitting transactions
chatterbot Delta submitting transactions
chatterbot Alpha submitting transactions
chatterbot Golf submitting transactions
chatterbot Kilo submitting transactions
ChatterBot Whiskey round 14
ChatterBot November round 14
ChatterBot Quebec round 14
ChatterBot Yankee round 14
ChatterBot Golf round 14
ChatterBot Kilo round 14
ChatterBot Delta round 14
ChatterBot Victor round 14
ChatterBot Alpha round 14
ChatterBot Zulu round 14
2024-10-14 20:16:51.263680 Delta: Golf and Zulu, sending you 4
2024-10-14 20:16:51.265684 Kilo: Whiskey, Quebec and Yankee, sending you 4
2024-10-14 20:16:51.269677 Delta: Victor, sending you 7
2024-10-14 20:16:51.270706 Kilo: November, sending you 2
2024-10-14 20:16:51.272136 Yankee: Whiskey, November and Alpha, sending you 2
2024-10-14 20:16:51.273213 Victor: Golf and Zulu, sending you 3
2024-10-14 20:16:51.273710 November: Whiskey and Quebec, sending you 3
2024-10-14 20:16:51.275680 Quebec: Whiskey and Alpha, sending you 2
2024-10-14 20:16:51.276995 Kilo: Alpha, sending you 1
2024-10-14 20:16:51.277744 Whiskey: November, Quebec and Yankee, sending you 2
2024-10-14 20:16:51.278325 Yankee: Quebec and Kilo, sending you 3
2024-10-14 20:16:51.279414 Victor: Delta, sending you 5
2024-10-14 20:16:51.279918 November: Yankee and Kilo, sending you 2
2024-10-14 20:16:51.281955 Quebec: November, Yankee and Kilo, sending you 3
2024-10-14 20:16:51.282971 Whiskey: Kilo, sending you 3
2024-10-14 20:16:51.283660 November: Alpha, sending you 1
2024-10-14 20:16:51.285057 Alpha: November and Kilo, sending you 1
2024-10-14 20:16:51.286283 Golf: Same as last round
2024-10-14 20:16:51.287111 Zulu: Golf, Delta and Victor, sending you 3
2024-10-14 20:16:51.289676 Alpha: Quebec, sending you 3
2024-10-14 20:16:51.293655 Alpha: Yankee, sending you 2
chatterbot Yankee submitting transactions
chatterbot Whiskey submitting transactions
chatterbot Victor submitting transactions
chatterbot November submitting transactions
chatterbot Kilo submitting transactions
chatterbot Delta submitting transactions
chatterbot Quebec submitting transactions
chatterbot Alpha submitting transactions
chatterbot Zulu submitting transactions
chatterbot Golf submitting transactions
ChatterBot Whiskey round 15
ChatterBot November round 15
ChatterBot Quebec round 15
ChatterBot Yankee round 15
ChatterBot Golf round 15
ChatterBot Kilo round 15
ChatterBot Delta round 15
ChatterBot Victor round 15
ChatterBot Alpha round 15
ChatterBot Zulu round 15
2024-10-14 20:16:52.667671 Quebec: Whiskey and Alpha, sending you 2
2024-10-14 20:16:52.673673 Quebec: November, Yankee and Kilo, sending you 3
2024-10-14 20:16:52.676298 Whiskey: November, Quebec and Yankee, sending you 2
2024-10-14 20:16:52.678086 Victor: Golf and Zulu, sending you 3
2024-10-14 20:16:52.679637 Yankee: Whiskey and Quebec, sending you 3
2024-10-14 20:16:52.680595 Kilo: Whiskey, Quebec and Yankee, sending you 4
2024-10-14 20:16:52.682965 Delta: Golf and Zulu, sending you 4
2024-10-14 20:16:52.684646 Whiskey: Kilo, sending you 3
2024-10-14 20:16:52.686292 Victor: Delta, sending you 5
2024-10-14 20:16:52.687232 Yankee: November, sending you 2
2024-10-14 20:16:52.688819 November: Whiskey and Quebec, sending you 3
2024-10-14 20:16:52.691398 Alpha: November and Kilo, sending you 1
2024-10-14 20:16:52.694549 Kilo: November, sending you 2
2024-10-14 20:16:52.696404 Golf: Same as last round
2024-10-14 20:16:52.697173 Delta: Victor, sending you 7
2024-10-14 20:16:52.698687 Yankee: Kilo, sending you 4
2024-10-14 20:16:52.699811 November: Yankee and Kilo, sending you 2
2024-10-14 20:16:52.702024 Alpha: Quebec, sending you 3
2024-10-14 20:16:52.703162 Kilo: Alpha, sending you 1
2024-10-14 20:16:52.704672 Zulu: Golf, Delta and Victor, sending you 3
2024-10-14 20:16:52.705686 November: Alpha, sending you 1
2024-10-14 20:16:52.707651 Alpha: Yankee, sending you 2
chatterbot Delta submitting transactions
chatterbot Whiskey submitting transactions
chatterbot Yankee submitting transactions
chatterbot November submitting transactions
chatterbot Kilo submitting transactions
chatterbot Alpha submitting transactions
chatterbot Victor submitting transactions
chatterbot Zulu submitting transactions
chatterbot Golf submitting transactions
chatterbot Quebec submitting transactions
ChatterBot Whiskey round 16
ChatterBot November round 16
ChatterBot Quebec round 16
ChatterBot Yankee round 16
ChatterBot Golf round 16
ChatterBot Kilo round 16
ChatterBot Delta round 16
ChatterBot Victor round 16
ChatterBot Alpha round 16
ChatterBot Zulu round 16
2024-10-14 20:16:53.833893 Yankee: We should add Alpha
ChatterBot Whiskey reevaluating
2024-10-14 20:16:53.843453 Whiskey: Yes
2024-10-14 20:16:53.843593 November: Yes
2024-10-14 20:16:53.843714 Quebec: Yes
2024-10-14 20:16:53.843836 Kilo: Yes
ChatterBot Whiskey reevaluating
ChatterBot Whiskey reevaluating
ChatterBot Whiskey reevaluating
2024-10-14 20:16:53.902125 Yankee: Alpha we want you to join our group
2024-10-14 20:16:53.905418 Alpha: Yes
ChatterBot Whiskey reevaluating
2024-10-14 20:16:53.918872 Whiskey: We should replace Quebec with Alpha
2024-10-14 20:16:53.925818 November: No
2024-10-14 20:16:53.925993 Yankee: No
2024-10-14 20:16:53.926087 Kilo: No
ChatterBot Whiskey reevaluating
ChatterBot Whiskey reevaluating
ChatterBot Whiskey reevaluating
2024-10-14 20:16:53.948203 Whiskey: We should replace Yankee with Alpha
2024-10-14 20:16:53.954720 November: No
2024-10-14 20:16:53.954906 Quebec: No
2024-10-14 20:16:53.955032 Kilo: No
ChatterBot Whiskey reevaluating
ChatterBot Whiskey reevaluating
ChatterBot Whiskey reevaluating
2024-10-14 20:16:54.058676 November: Whiskey and Quebec, sending you 3
2024-10-14 20:16:54.060402 Kilo: Whiskey, Quebec and Yankee, sending you 4
2024-10-14 20:16:54.066034 Quebec: Whiskey and Alpha, sending you 2
2024-10-14 20:16:54.069456 November: Yankee and Kilo, sending you 2
2024-10-14 20:16:54.071239 Whiskey: Alpha we want you to join our group
2024-10-14 20:16:54.105907 Alpha: Yes
ChatterBot Whiskey reevaluating
2024-10-14 20:16:54.122369 Kilo: November, sending you 2
2024-10-14 20:16:54.125432 Quebec: November, Yankee and Kilo, sending you 3
2024-10-14 20:16:54.128033 Yankee: Whiskey, November and Alpha, sending you 2
2024-10-14 20:16:54.131107 Golf: Same as last round
2024-10-14 20:16:54.132857 November: Alpha, sending you 1
2024-10-14 20:16:54.135368 Delta: Golf and Zulu, sending you 4
2024-10-14 20:16:54.137900 Victor: Golf and Zulu, sending you 3
2024-10-14 20:16:54.138700 Kilo: Alpha, sending you 1
2024-10-14 20:16:54.140578 Yankee: Quebec and Kilo, sending you 3
2024-10-14 20:16:54.141749 Zulu: Golf, Delta and Victor, sending you 3
2024-10-14 20:16:54.142945 Alpha: November and Kilo, sending you 1
2024-10-14 20:16:54.144982 Delta: Victor, sending you 7
2024-10-14 20:16:54.145713 Victor: Delta, sending you 5
2024-10-14 20:16:54.148771 Alpha: Quebec, sending you 3
2024-10-14 20:16:54.153682 Alpha: Yankee, sending you 2
2024-10-14 20:16:54.164689 Whiskey: November, sending you 3
2024-10-14 20:16:54.169897 Whiskey: Yankee, sending you 2
2024-10-14 20:16:54.174687 Whiskey: Kilo, sending you 4
chatterbot Zulu submitting transactions
chatterbot Kilo submitting transactions
chatterbot Golf submitting transactions
chatterbot Quebec submitting transactions
chatterbot November submitting transactions
chatterbot Yankee submitting transactions
chatterbot Delta submitting transactions
chatterbot Victor submitting transactions
chatterbot Alpha submitting transactions
chatterbot Whiskey submitting transactions
ChatterBot Whiskey round 17
ChatterBot November round 17
ChatterBot Quebec round 17
ChatterBot Yankee round 17
ChatterBot Golf round 17
ChatterBot Kilo round 17
ChatterBot Delta round 17
ChatterBot Victor round 17
ChatterBot Alpha round 17
2024-10-14 20:16:55.240941 Whiskey: We should replace November with Quebec
2024-10-14 20:16:55.248597 Yankee: No
2024-10-14 20:16:55.248809 Kilo: No
2024-10-14 20:16:55.248919 Alpha: No
ChatterBot Whiskey reevaluating
ChatterBot Whiskey reevaluating
ChatterBot Whiskey reevaluating
ChatterBot Zulu round 17
2024-10-14 20:16:55.314964 Whiskey: Quebec we want you to join our group
2024-10-14 20:16:55.319143 Quebec: Yes
ChatterBot Whiskey reevaluating
