ChatterBot Hotel round 1
ChatterBot Mike round 1
ChatterBot Papa round 1
randomSelections Papa: {Papa, Hotel, India, Zulu, Oscar, Juliett} 
2024-10-14 20:16:34.743159 Papa: Let's form a team
ChatterBot Hotel reevaluating
2024-10-14 20:16:34.747056 Hotel: Yes
ChatterBot Golf round 1
ChatterBot Uniform round 1
ChatterBot India round 1
ChatterBot India reevaluating
ChatterBot India reevaluating
2024-10-14 20:16:34.755341 India: Yes
ChatterBot Hotel reevaluating
ChatterBot Oscar round 1
ChatterBot Oscar reevaluating
ChatterBot Oscar reevaluating
ChatterBot Oscar reevaluating
2024-10-14 20:16:34.767141 Oscar: Yes
ChatterBot Hotel reevaluating
ChatterBot India reevaluating
ChatterBot Foxtrot round 1
ChatterBot Zulu round 1
ChatterBot Zulu reevaluating
ChatterBot Zulu reevaluating
ChatterBot Zulu reevaluating
ChatterBot Zulu reevaluating
2024-10-14 20:16:34.787224 Zulu: Yes
ChatterBot Hotel reevaluating
ChatterBot India reevaluating
ChatterBot Oscar reevaluating
ChatterBot Juliett round 1
ChatterBot Juliett reevaluating
ChatterBot Juliett reevaluating
ChatterBot Juliett reevaluating
ChatterBot Juliett reevaluating
ChatterBot Juliett reevaluating
2024-10-14 20:16:34.803649 Juliett: Yes
ChatterBot Hotel reevaluating
ChatterBot India reevaluating
ChatterBot Zulu reevaluating
ChatterBot Oscar reevaluating
randomSelections Mike: {Mike, Zulu, Oscar, Hotel, Papa, India} 
2024-10-14 20:16:34.825043 Mike: We would work well together
ChatterBot Zulu reevaluating
ChatterBot Oscar reevaluating
ChatterBot Hotel reevaluating
ChatterBot India reevaluating
2024-10-14 20:16:34.887957 Zulu: No
2024-10-14 20:16:34.888202 Oscar: No
2024-10-14 20:16:34.888359 Hotel: No
2024-10-14 20:16:34.888505 Papa: No
2024-10-14 20:16:34.888686 India: No
ChatterBot Oscar reevaluating
ChatterBot Hotel reevaluating
ChatterBot India reevaluating
ChatterBot Zulu reevaluating
ChatterBot Hotel reevaluating
ChatterBot India reevaluating
ChatterBot Zulu reevaluating
ChatterBot Oscar reevaluating
ChatterBot India reevaluating
ChatterBot Zulu reevaluating
ChatterBot Oscar reevaluating
ChatterBot Hotel reevaluating
ChatterBot India reevaluating
ChatterBot Zulu reevaluating
ChatterBot Oscar reevaluating
ChatterBot Hotel reevaluating
randomSelections Golf: {Golf, Juliett, Zulu} 
2024-10-14 20:16:34.941274 Golf: Let's form a team
ChatterBot Juliett reevaluating
ChatterBot Zulu reevaluating
2024-10-14 20:16:34.944650 Juliett: No
2024-10-14 20:16:34.944925 Zulu: No
ChatterBot Zulu reevaluating
ChatterBot Juliett reevaluating
randomSelections Uniform: {Uniform, Zulu, Papa} 
2024-10-14 20:16:34.953876 Uniform: Can we be friends?
ChatterBot Zulu reevaluating
2024-10-14 20:16:34.957171 Zulu: No
2024-10-14 20:16:34.957323 Papa: No
ChatterBot Zulu reevaluating
randomSelections Foxtrot: {Foxtrot, Golf, Juliett, Oscar, Uniform, Papa} 
2024-10-14 20:16:34.965638 Foxtrot: Can we be friends?
ChatterBot Juliett reevaluating
ChatterBot Oscar reevaluating
2024-10-14 20:16:34.972598 Golf: No
2024-10-14 20:16:34.973336 Juliett: No
2024-10-14 20:16:34.973515 Oscar: No
2024-10-14 20:16:34.973690 Uniform: No
2024-10-14 20:16:34.973889 Papa: No
ChatterBot Juliett reevaluating
ChatterBot Oscar reevaluating
ChatterBot Oscar reevaluating
ChatterBot Juliett reevaluating
ChatterBot Juliett reevaluating
ChatterBot Oscar reevaluating
ChatterBot Juliett reevaluating
ChatterBot Oscar reevaluating
2024-10-14 20:16:35.029518 Papa: Hotel and India, sending you 2
2024-10-14 20:16:35.033839 Oscar: Hotel and Juliett, sending you 2
2024-10-14 20:16:35.034445 Mike: Hotel and Zulu, sending you 2
2024-10-14 20:16:35.035506 Papa: Oscar, sending you 1
2024-10-14 20:16:35.036119 Golf: Zulu, sending you 3
2024-10-14 20:16:35.037192 Uniform: Papa and Zulu, sending you 4
2024-10-14 20:16:35.037587 Foxtrot: Papa, sending you 1
2024-10-14 20:16:35.038690 India: Hotel and Zulu, sending you 3
2024-10-14 20:16:35.039560 Oscar: India, sending you 3
2024-10-14 20:16:35.040645 Mike: Papa and Oscar, sending you 3
2024-10-14 20:16:35.041143 Papa: Zulu, sending you 4
2024-10-14 20:16:35.042175 Golf: Juliett, sending you 1
2024-10-14 20:16:35.042644 Foxtrot: Golf, sending you 3
2024-10-14 20:16:35.043849 Hotel: Papa, Oscar and Zulu, sending you 2
2024-10-14 20:16:35.045297 India: Papa, Oscar and Juliett, sending you 1
2024-10-14 20:16:35.046157 Mike: India, sending you 1
2024-10-14 20:16:35.047609 Papa: Juliett, sending you 3
2024-10-14 20:16:35.051519 Foxtrot: Uniform, sending you 4
2024-10-14 20:16:35.052891 Hotel: India and Juliett, sending you 1
2024-10-14 20:16:35.054768 Juliett: Hotel, sending you 1
2024-10-14 20:16:35.055437 Zulu: Hotel, India and Oscar, sending you 1
2024-10-14 20:16:35.056815 Foxtrot: Oscar and Juliett, sending you 2
2024-10-14 20:16:35.058151 Juliett: Papa, Oscar and Zulu, sending you 2
2024-10-14 20:16:35.060753 Zulu: Papa and Juliett, sending you 3
2024-10-14 20:16:35.064970 Juliett: India, sending you 3
chatterbot Mike submitting transactions
chatterbot Hotel submitting transactions
chatterbot India submitting transactions
chatterbot Papa submitting transactions
chatterbot Oscar submitting transactions
chatterbot Uniform submitting transactions
chatterbot Foxtrot submitting transactions
chatterbot Golf submitting transactions
chatterbot Juliett submitting transactions
chatterbot Zulu submitting transactions
ChatterBot Hotel round 2
ChatterBot Mike round 2
ChatterBot Papa round 2
ChatterBot Golf round 2
ChatterBot Uniform round 2
ChatterBot India round 2
2024-10-14 20:16:35.997520 Mike: Group up?
ChatterBot Uniform reevaluating
2024-10-14 20:16:36.003997 Uniform: Yes
2024-10-14 20:16:36.009389 Uniform: Let's form a team
ChatterBot Golf reevaluating
ChatterBot Foxtrot reevaluating
2024-10-14 20:16:36.031798 Golf: No
2024-10-14 20:16:36.031997 Foxtrot: No
2024-10-14 20:16:36.032546 Mike: No
ChatterBot Uniform reevaluating
ChatterBot Foxtrot reevaluating
ChatterBot Uniform reevaluating
ChatterBot Golf reevaluating
ChatterBot Mike reevaluating
ChatterBot Uniform reevaluating
ChatterBot Golf reevaluating
ChatterBot Foxtrot reevaluating
ChatterBot Oscar round 2
ChatterBot Foxtrot round 2
ChatterBot Zulu round 2
ChatterBot Juliett round 2
2024-10-14 20:16:36.318141 Papa: Hotel, Zulu and Juliett, sending you 3
2024-10-14 20:16:36.318917 Hotel: Papa, India, Oscar and Zulu, sending you 2
2024-10-14 20:16:36.319368 Uniform: Sending you 9
2024-10-14 20:16:36.319657 Mike: Golf and Uniform, sending you 4
2024-10-14 20:16:36.322081 Golf: Sending you 4
2024-10-14 20:16:36.420789 Papa: India and Oscar, sending you 2
2024-10-14 20:16:36.422361 Foxtrot: Mike, Golf and Uniform, sending you 4
2024-10-14 20:16:36.422864 Oscar: Hotel and Juliett, sending you 2
2024-10-14 20:16:36.423990 Mike: Foxtrot, sending you 3
2024-10-14 20:16:36.424461 India: Hotel and Zulu, sending you 1
chatterbot Mike submitting transactions
2024-10-14 20:16:36.701212 Oscar: Papa, India and Zulu, sending you 1
2024-10-14 20:16:36.702110 Juliett: Hotel and India, sending you 1
2024-10-14 20:16:36.702373 Zulu: Hotel and Juliett, sending you 2
2024-10-14 20:16:36.702643 India: Papa and Juliett, sending you 2
chatterbot Hotel submitting transactions
chatterbot Juliett submitting transactions
chatterbot Uniform submitting transactions
chatterbot Oscar submitting transactions
chatterbot Papa submitting transactions
2024-10-14 20:16:36.886055 Juliett: Papa and Zulu, sending you 3
2024-10-14 20:16:36.886440 Zulu: Papa, sending you 4
2024-10-14 20:16:36.887173 India: Oscar, sending you 3
chatterbot Golf submitting transactions
2024-10-14 20:16:36.978993 Juliett: Oscar, sending you 2
2024-10-14 20:16:36.979755 Zulu: India, sending you 3
chatterbot Zulu submitting transactions
chatterbot India submitting transactions
chatterbot Foxtrot submitting transactions
ChatterBot Hotel round 3
ChatterBot Mike round 3
ChatterBot Papa round 3
ChatterBot Golf round 3
ChatterBot Uniform round 3
ChatterBot India round 3
ChatterBot Oscar round 3
ChatterBot Foxtrot round 3
ChatterBot Zulu round 3
2024-10-14 20:16:37.314480 Golf: We should add Mike and Uniform
ChatterBot Foxtrot reevaluating
2024-10-14 20:16:37.321033 Foxtrot: Yes
ChatterBot Juliett round 3
2024-10-14 20:16:37.344816 Uniform: We should add Mike
ChatterBot Foxtrot reevaluating
2024-10-14 20:16:37.351032 Foxtrot: Yes
2024-10-14 20:16:37.369368 Golf: Mike and Uniform we want you to join our group
2024-10-14 20:16:37.379697 Uniform: No
2024-10-14 20:16:37.380149 Mike: Yes
ChatterBot Foxtrot reevaluating
ChatterBot Foxtrot reevaluating
2024-10-14 20:16:37.419557 Uniform: Mike we want you to join our group
2024-10-14 20:16:37.424887 Mike: Yes
ChatterBot Foxtrot reevaluating
2024-10-14 20:16:37.650260 Hotel: Papa, India, Oscar and Zulu, sending you 2
2024-10-14 20:16:37.651322 Papa: Hotel, Zulu and Juliett, sending you 3
2024-10-14 20:16:37.651759 India: Hotel, sending you 1
2024-10-14 20:16:37.652568 Mike: Golf and Uniform, sending you 3
2024-10-14 20:16:37.657453 Oscar: Hotel, India and Juliett, sending you 2
2024-10-14 20:16:37.657901 Juliett: Papa and Zulu, sending you 3
2024-10-14 20:16:37.658327 Zulu: Hotel and India, sending you 2
2024-10-14 20:16:37.659180 Golf: Mike and Uniform, sending you 1
2024-10-14 20:16:37.659483 Papa: India and Oscar, sending you 2
2024-10-14 20:16:37.660418 India: Papa, Oscar, Zulu and Juliett, sending you 2
2024-10-14 20:16:37.660874 Uniform: Mike, sending you 6
2024-10-14 20:16:37.661161 Mike: Foxtrot, sending you 5
2024-10-14 20:16:37.661854 Juliett: India and Oscar, sending you 2
2024-10-14 20:16:37.662397 Zulu: Papa and Juliett, sending you 3
2024-10-14 20:16:37.663277 Oscar: Papa, sending you 1
2024-10-14 20:16:37.663752 Golf: Foxtrot, sending you 2
2024-10-14 20:16:37.664140 Uniform: Foxtrot, sending you 7
2024-10-14 20:16:37.707809 Foxtrot: Mike, sending you 2
2024-10-14 20:16:37.708231 Zulu: Oscar, sending you 1
2024-10-14 20:16:37.721975 Foxtrot: Golf, sending you 3
2024-10-14 20:16:37.727374 Foxtrot: Uniform, sending you 7
chatterbot Foxtrot submitting transactions
chatterbot India submitting transactions
chatterbot Hotel submitting transactions
chatterbot Golf submitting transactions
chatterbot Uniform submitting transactions
chatterbot Papa submitting transactions
chatterbot Mike submitting transactions
chatterbot Oscar submitting transactions
chatterbot Zulu submitting transactions
chatterbot Juliett submitting transactions
ChatterBot Hotel round 4
ChatterBot Mike round 4
ChatterBot Papa round 4
ChatterBot Golf round 4
ChatterBot Uniform round 4
ChatterBot India round 4
ChatterBot Oscar round 4
ChatterBot Foxtrot round 4
ChatterBot Zulu round 4
ChatterBot Juliett round 4
2024-10-14 20:16:38.738801 Uniform: We should add Golf
2024-10-14 20:16:38.781928 Mike: Yes
2024-10-14 20:16:38.782157 Foxtrot: Yes
ChatterBot Uniform reevaluating
ChatterBot Uniform reevaluating
2024-10-14 20:16:38.879441 Hotel: Papa, India, Oscar and Zulu, sending you 2
2024-10-14 20:16:38.880664 Mike: Golf, sending you 3
2024-10-14 20:16:38.893761 Mike: Uniform and Foxtrot, sending you 4
2024-10-14 20:16:38.894741 Golf: Mike and Uniform, sending you 1
2024-10-14 20:16:38.895259 Zulu: Hotel and India, sending you 2
2024-10-14 20:16:38.896755 Oscar: Hotel, India and Juliett, sending you 2
2024-10-14 20:16:38.899508 Papa: Hotel, Zulu and Juliett, sending you 3
2024-10-14 20:16:38.900457 Golf: Foxtrot, sending you 2
2024-10-14 20:16:38.901489 India: Hotel, sending you 1
2024-10-14 20:16:38.902353 Uniform: Mike, sending you 6
2024-10-14 20:16:38.903308 Foxtrot: Mike and Golf, sending you 3
2024-10-14 20:16:38.903929 Zulu: Papa and Juliett, sending you 3
2024-10-14 20:16:38.905120 Oscar: Papa, sending you 1
2024-10-14 20:16:38.906107 Papa: India and Oscar, sending you 2
2024-10-14 20:16:38.907180 Juliett: Papa and Zulu, sending you 3
2024-10-14 20:16:38.907790 India: Papa, Oscar, Zulu and Juliett, sending you 2
2024-10-14 20:16:38.909178 Uniform: Foxtrot, sending you 7
2024-10-14 20:16:38.909541 Foxtrot: Uniform, sending you 6
2024-10-14 20:16:38.910007 Zulu: Oscar, sending you 1
2024-10-14 20:16:38.911182 Juliett: India and Oscar, sending you 2
chatterbot Foxtrot submitting transactions
chatterbot Papa submitting transactions
chatterbot Mike submitting transactions
chatterbot Oscar submitting transactions
chatterbot India submitting transactions
chatterbot Juliett submitting transactions
chatterbot Hotel submitting transactions
chatterbot Uniform submitting transactions
chatterbot Zulu submitting transactions
chatterbot Golf submitting transactions
ChatterBot Hotel round 5
ChatterBot Mike round 5
ChatterBot Papa round 5
ChatterBot Golf round 5
ChatterBot Uniform round 5
ChatterBot India round 5
ChatterBot Oscar round 5
ChatterBot Foxtrot round 5
ChatterBot Zulu round 5
ChatterBot Juliett round 5
2024-10-14 20:16:40.004383 Uniform: We should add Golf
2024-10-14 20:16:40.009400 Mike: Yes
2024-10-14 20:16:40.009552 Foxtrot: Yes
2024-10-14 20:16:40.040723 Uniform: Golf we want you to join our group
2024-10-14 20:16:40.044469 Golf: Yes
2024-10-14 20:16:40.058671 Hotel: Papa, India, Oscar and Zulu, sending you 2
2024-10-14 20:16:40.059668 India: Hotel, sending you 1
2024-10-14 20:16:40.063828 Papa: Hotel, Zulu and Juliett, sending you 3
2024-10-14 20:16:40.064347 India: Papa, Oscar, Zulu and Juliett, sending you 2
2024-10-14 20:16:40.065686 Foxtrot: Mike and Golf, sending you 3
2024-10-14 20:16:40.066536 Zulu: Hotel and India, sending you 2
2024-10-14 20:16:40.068670 Papa: India and Oscar, sending you 2
2024-10-14 20:16:40.069658 Zulu: Papa and Juliett, sending you 3
2024-10-14 20:16:40.070843 Foxtrot: Uniform, sending you 6
2024-10-14 20:16:40.072716 Zulu: Oscar, sending you 1
2024-10-14 20:16:40.073900 Uniform: Mike and Golf, sending you 4
2024-10-14 20:16:40.074272 Juliett: Papa and Zulu, sending you 3
2024-10-14 20:16:40.075673 Golf: Mike and Uniform, sending you 1
2024-10-14 20:16:40.076063 Mike: Golf, sending you 3
2024-10-14 20:16:40.076665 Uniform: Foxtrot, sending you 5
2024-10-14 20:16:40.077983 Oscar: Hotel, India and Juliett, sending you 2
2024-10-14 20:16:40.078668 Golf: Foxtrot, sending you 2
2024-10-14 20:16:40.079659 Juliett: India and Oscar, sending you 2
2024-10-14 20:16:40.080685 Mike: Uniform and Foxtrot, sending you 4
2024-10-14 20:16:40.081014 Oscar: Papa, sending you 1
chatterbot Oscar submitting transactions
chatterbot Foxtrot submitting transactions
chatterbot Hotel submitting transactions
chatterbot Papa submitting transactions
chatterbot Zulu submitting transactions
chatterbot India submitting transactions
chatterbot Juliett submitting transactions
chatterbot Mike submitting transactions
chatterbot Uniform submitting transactions
chatterbot Golf submitting transactions
ChatterBot Hotel round 6
ChatterBot Mike round 6
ChatterBot Papa round 6
ChatterBot Golf round 6
ChatterBot Uniform round 6
ChatterBot India round 6
ChatterBot Oscar round 6
ChatterBot Foxtrot round 6
ChatterBot Zulu round 6
ChatterBot Juliett round 6
2024-10-14 20:16:41.338697 Uniform: Mike and Golf, sending you 4
2024-10-14 20:16:41.340115 Mike: Golf, sending you 3
2024-10-14 20:16:41.342693 Papa: Hotel, Zulu and Juliett, sending you 3
2024-10-14 20:16:41.343258 Uniform: Foxtrot, sending you 5
2024-10-14 20:16:41.344086 Mike: Uniform and Foxtrot, sending you 4
2024-10-14 20:16:41.344480 Hotel: Papa, India, Oscar and Zulu, sending you 2
2024-10-14 20:16:41.345 Juliett: Papa and Zulu, sending you 3
2024-10-14 20:16:41.345680 Foxtrot: Mike, sending you 4
2024-10-14 20:16:41.347678 Papa: India and Oscar, sending you 2
2024-10-14 20:16:41.350117 Juliett: India and Oscar, sending you 2
2024-10-14 20:16:41.350850 India: Hotel, sending you 1
2024-10-14 20:16:41.351501 Foxtrot: Golf, sending you 2
2024-10-14 20:16:41.351940 Golf: Mike and Uniform, sending you 1
2024-10-14 20:16:41.352388 Zulu: Hotel and India, sending you 2
2024-10-14 20:16:41.353707 Oscar: Hotel, India and Juliett, sending you 2
2024-10-14 20:16:41.354685 India: Papa, Oscar, Zulu and Juliett, sending you 2
2024-10-14 20:16:41.355378 Golf: Foxtrot, sending you 2
2024-10-14 20:16:41.356201 Foxtrot: Uniform, sending you 6
2024-10-14 20:16:41.356659 Zulu: Papa, sending you 4
2024-10-14 20:16:41.357225 Oscar: Papa, sending you 1
2024-10-14 20:16:41.360655 Zulu: Juliett, sending you 3
chatterbot Hotel submitting transactions
chatterbot Oscar submitting transactions
chatterbot India submitting transactions
chatterbot Zulu submitting transactions
chatterbot Mike submitting transactions
chatterbot Foxtrot submitting transactions
chatterbot Juliett submitting transactions
chatterbot Papa submitting transactions
chatterbot Uniform submitting transactions
chatterbot Golf submitting transactions
ChatterBot Hotel round 7
ChatterBot Mike round 7
ChatterBot Papa round 7
ChatterBot Golf round 7
ChatterBot Uniform round 7
ChatterBot India round 7
ChatterBot Oscar round 7
ChatterBot Foxtrot round 7
ChatterBot Zulu round 7
ChatterBot Juliett round 7
2024-10-14 20:16:42.593686 Mike: Golf, sending you 3
2024-10-14 20:16:42.594697 Hotel: Papa, India, Oscar and Zulu, sending you 2
2024-10-14 20:16:42.597867 Mike: Uniform and Foxtrot, sending you 4
2024-10-14 20:16:42.603687 Papa: Hotel, India and Oscar, sending you 2
2024-10-14 20:16:42.604681 India: Hotel, sending you 1
2024-10-14 20:16:42.605680 Uniform: Mike and Golf, sending you 4
2024-10-14 20:16:42.606808 Oscar: Hotel, India and Juliett, sending you 2
2024-10-14 20:16:42.607679 Papa: Zulu, sending you 4
2024-10-14 20:16:42.608294 India: Papa, Oscar, Zulu and Juliett, sending you 2
2024-10-14 20:16:42.608915 Golf: Mike and Uniform, sending you 1
2024-10-14 20:16:42.610076 Uniform: Foxtrot, sending you 5
2024-10-14 20:16:42.610464 Oscar: Papa, sending you 1
2024-10-14 20:16:42.611668 Zulu: Hotel and India, sending you 2
2024-10-14 20:16:42.612174 Papa: Juliett, sending you 3
2024-10-14 20:16:42.613689 Foxtrot: Mike, sending you 4
2024-10-14 20:16:42.614132 Golf: Foxtrot, sending you 2
2024-10-14 20:16:42.614713 Zulu: Papa, sending you 4
2024-10-14 20:16:42.618670 Foxtrot: Golf, sending you 2
2024-10-14 20:16:42.619057 Zulu: Juliett, sending you 3
2024-10-14 20:16:42.621676 Juliett: Papa and Zulu, sending you 3
2024-10-14 20:16:42.622669 Foxtrot: Uniform, sending you 6
2024-10-14 20:16:42.626669 Juliett: India and Oscar, sending you 2
chatterbot Papa submitting transactions
chatterbot Mike submitting transactions
chatterbot Oscar submitting transactions
chatterbot Foxtrot submitting transactions
chatterbot Zulu submitting transactions
chatterbot Golf submitting transactions
chatterbot Hotel submitting transactions
chatterbot Juliett submitting transactions
chatterbot Uniform submitting transactions
chatterbot India submitting transactions
ChatterBot Hotel round 8
ChatterBot Mike round 8
ChatterBot Papa round 8
ChatterBot Golf round 8
ChatterBot Uniform round 8
ChatterBot India round 8
ChatterBot Oscar round 8
ChatterBot Foxtrot round 8
ChatterBot Zulu round 8
ChatterBot Juliett round 8
2024-10-14 20:16:43.823680 India: Hotel, sending you 1
2024-10-14 20:16:43.824963 Oscar: Hotel, India and Juliett, sending you 2
2024-10-14 20:16:43.826737 Juliett: Papa and Zulu, sending you 3
2024-10-14 20:16:43.829080 India: Papa, Oscar, Zulu and Juliett, sending you 2
2024-10-14 20:16:43.829809 Golf: Mike and Uniform, sending you 1
2024-10-14 20:16:43.830465 Hotel: Papa, India, Oscar and Zulu, sending you 2
2024-10-14 20:16:43.831271 Foxtrot: Mike, sending you 4
2024-10-14 20:16:43.831716 Uniform: Mike and Golf, sending you 4
2024-10-14 20:16:43.832343 Oscar: Papa, sending you 1
2024-10-14 20:16:43.833271 Mike: Golf, sending you 3
2024-10-14 20:16:43.833715 Juliett: India and Oscar, sending you 2
2024-10-14 20:16:43.835328 Golf: Foxtrot, sending you 2
2024-10-14 20:16:43.835689 Foxtrot: Golf, sending you 3
2024-10-14 20:16:43.836027 Uniform: Foxtrot, sending you 5
2024-10-14 20:16:43.836702 Mike: Uniform and Foxtrot, sending you 4
2024-10-14 20:16:43.837687 Papa: Hotel, India and Oscar, sending you 2
2024-10-14 20:16:43.840696 Foxtrot: Uniform, sending you 5
2024-10-14 20:16:43.841192 Papa: Zulu, sending you 4
2024-10-14 20:16:43.844666 Papa: Juliett, sending you 3
2024-10-14 20:16:43.845681 Zulu: Hotel and India, sending you 2
2024-10-14 20:16:43.849680 Zulu: Papa, sending you 4
2024-10-14 20:16:43.854660 Zulu: Juliett, sending you 3
chatterbot Oscar submitting transactions
chatterbot Mike submitting transactions
chatterbot India submitting transactions
chatterbot Papa submitting transactions
chatterbot Foxtrot submitting transactions
chatterbot Uniform submitting transactions
chatterbot Golf submitting transactions
chatterbot Zulu submitting transactions
chatterbot Hotel submitting transactions
chatterbot Juliett submitting transactions
ChatterBot Hotel round 9
ChatterBot Mike round 9
ChatterBot Papa round 9
ChatterBot Golf round 9
ChatterBot Uniform round 9
ChatterBot India round 9
ChatterBot Oscar round 9
ChatterBot Foxtrot round 9
ChatterBot Zulu round 9
ChatterBot Juliett round 9
2024-10-14 20:16:45.026699 Hotel: Papa, India, Oscar and Zulu, sending you 2
2024-10-14 20:16:45.030165 Papa: Hotel, India and Oscar, sending you 2
2024-10-14 20:16:45.033699 Mike: Golf, sending you 3
2024-10-14 20:16:45.035684 Papa: Zulu, sending you 4
2024-10-14 20:16:45.036442 Oscar: Hotel, India and Juliett, sending you 2
2024-10-14 20:16:45.037173 Uniform: Mike and Golf, sending you 4
2024-10-14 20:16:45.038331 Mike: Uniform and Foxtrot, sending you 4
2024-10-14 20:16:45.038881 Foxtrot: Mike, sending you 4
2024-10-14 20:16:45.040665 Golf: Mike and Foxtrot, sending you 1
2024-10-14 20:16:45.041165 Papa: Juliett, sending you 3
2024-10-14 20:16:45.041936 Oscar: Papa, sending you 1
2024-10-14 20:16:45.043138 Uniform: Foxtrot, sending you 5
2024-10-14 20:16:45.043628 Zulu: Hotel and India, sending you 2
2024-10-14 20:16:45.044592 Foxtrot: Golf, sending you 3
2024-10-14 20:16:45.045266 India: Hotel, sending you 1
2024-10-14 20:16:45.047003 Golf: Uniform, sending you 2
2024-10-14 20:16:45.048702 Zulu: Papa, sending you 4
2024-10-14 20:16:45.050158 Foxtrot: Uniform, sending you 5
2024-10-14 20:16:45.052399 India: Papa, Oscar, Zulu and Juliett, sending you 2
2024-10-14 20:16:45.053246 Juliett: Papa and Zulu, sending you 3
2024-10-14 20:16:45.055007 Zulu: Juliett, sending you 3
2024-10-14 20:16:45.058681 Juliett: India and Oscar, sending you 2
chatterbot Hotel submitting transactions
chatterbot India submitting transactions
chatterbot Juliett submitting transactions
chatterbot Uniform submitting transactions
chatterbot Foxtrot submitting transactions
chatterbot Mike submitting transactions
chatterbot Golf submitting transactions
chatterbot Zulu submitting transactions
chatterbot Papa submitting transactions
chatterbot Oscar submitting transactions
ChatterBot Hotel round 10
ChatterBot Mike round 10
ChatterBot Papa round 10
ChatterBot Golf round 10
ChatterBot Uniform round 10
ChatterBot India round 10
ChatterBot Oscar round 10
ChatterBot Foxtrot round 10
ChatterBot Zulu round 10
ChatterBot Juliett round 10
2024-10-14 20:16:46.287924 Mike: Golf, sending you 3
2024-10-14 20:16:46.288692 Hotel: Papa, India, Oscar and Zulu, sending you 2
2024-10-14 20:16:46.289816 Papa: Hotel, India and Oscar, sending you 2
2024-10-14 20:16:46.290944 Golf: Mike and Foxtrot, sending you 1
2024-10-14 20:16:46.291682 Mike: Uniform and Foxtrot, sending you 4
2024-10-14 20:16:46.293722 Papa: Zulu, sending you 4
2024-10-14 20:16:46.295680 Golf: Uniform, sending you 2
2024-10-14 20:16:46.296680 India: Hotel, sending you 1
2024-10-14 20:16:46.298088 Papa: Juliett, sending you 3
2024-10-14 20:16:46.299430 Foxtrot: Mike, sending you 4
2024-10-14 20:16:46.299982 Juliett: Papa and Zulu, sending you 3
2024-10-14 20:16:46.302703 India: Papa, Oscar, Zulu and Juliett, sending you 2
2024-10-14 20:16:46.304113 Juliett: India and Oscar, sending you 2
2024-10-14 20:16:46.305013 Uniform: Mike and Golf, sending you 4
2024-10-14 20:16:46.305689 Foxtrot: Golf, sending you 3
2024-10-14 20:16:46.309661 Uniform: Foxtrot, sending you 5
2024-10-14 20:16:46.311006 Foxtrot: Uniform, sending you 5
2024-10-14 20:16:46.311406 Oscar: Hotel, sending you 1
2024-10-14 20:16:46.312054 Zulu: Hotel and India, sending you 2
2024-10-14 20:16:46.316658 Oscar: Papa, India and Juliett, sending you 2
2024-10-14 20:16:46.318007 Zulu: Papa, sending you 4
2024-10-14 20:16:46.320672 Zulu: Juliett, sending you 3
chatterbot Papa submitting transactions
chatterbot Uniform submitting transactions
chatterbot Zulu submitting transactions
chatterbot Juliett submitting transactions
chatterbot Foxtrot submitting transactions
chatterbot India submitting transactions
chatterbot Mike submitting transactions
chatterbot Oscar submitting transactions
chatterbot Hotel submitting transactions
chatterbot Golf submitting transactions
ChatterBot Hotel round 11
ChatterBot Mike round 11
ChatterBot Papa round 11
ChatterBot Golf round 11
ChatterBot Uniform round 11
ChatterBot India round 11
ChatterBot Oscar round 11
ChatterBot Foxtrot round 11
ChatterBot Zulu round 11
ChatterBot Juliett round 11
2024-10-14 20:16:47.545655 Papa: Hotel, India and Oscar, sending you 2
2024-10-14 20:16:47.548673 Hotel: Papa, India, Oscar and Zulu, sending you 2
2024-10-14 20:16:47.550657 Papa: Zulu, sending you 4
2024-10-14 20:16:47.551390 Mike: Golf, sending you 3
2024-10-14 20:16:47.554667 Uniform: Mike and Golf, sending you 4
2024-10-14 20:16:47.557177 Papa: Juliett, sending you 3
2024-10-14 20:16:47.558106 Mike: Uniform and Foxtrot, sending you 4
2024-10-14 20:16:47.559006 India: Hotel, sending you 1
2024-10-14 20:16:47.559885 Oscar: Hotel, sending you 1
2024-10-14 20:16:47.561181 Zulu: Hotel and India, sending you 2
2024-10-14 20:16:47.561940 Golf: Mike and Foxtrot, sending you 1
2024-10-14 20:16:47.563638 Uniform: Foxtrot, sending you 5
2024-10-14 20:16:47.564126 Foxtrot: Mike, sending you 4
2024-10-14 20:16:47.564607 Juliett: Papa and Zulu, sending you 3
2024-10-14 20:16:47.566167 Oscar: Papa, India and Juliett, sending you 2
2024-10-14 20:16:47.571257 India: Papa, Oscar, Zulu and Juliett, sending you 2
2024-10-14 20:16:47.572363 Zulu: Papa, sending you 4
2024-10-14 20:16:47.573819 Golf: Uniform, sending you 2
2024-10-14 20:16:47.574335 Foxtrot: Golf, sending you 3
2024-10-14 20:16:47.574783 Juliett: India and Oscar, sending you 2
2024-10-14 20:16:47.577660 Zulu: Juliett, sending you 3
2024-10-14 20:16:47.579655 Foxtrot: Uniform, sending you 5
chatterbot Foxtrot submitting transactions
chatterbot Golf submitting transactions
chatterbot India submitting transactions
chatterbot Juliett submitting transactions
chatterbot Papa submitting transactions
chatterbot Hotel submitting transactions
chatterbot Uniform submitting transactions
chatterbot Mike submitting transactions
chatterbot Oscar submitting transactions
chatterbot Zulu submitting transactions
ChatterBot Hotel round 12
ChatterBot Mike round 12
ChatterBot Papa round 12
ChatterBot Golf round 12
ChatterBot Uniform round 12
ChatterBot India round 12
ChatterBot Oscar round 12
ChatterBot Foxtrot round 12
ChatterBot Zulu round 12
ChatterBot Juliett round 12
2024-10-14 20:16:48.772772 Mike: Golf, sending you 3
2024-10-14 20:16:48.774679 Uniform: Mike and Golf, sending you 4
2024-10-14 20:16:48.775566 Oscar: Hotel, sending you 1
2024-10-14 20:16:48.776672 Hotel: Papa, India, Oscar and Zulu, sending you 2
2024-10-14 20:16:48.778020 Mike: Uniform and Foxtrot, sending you 4
2024-10-14 20:16:48.778578 Papa: Hotel, India and Oscar, sending you 2
2024-10-14 20:16:48.779481 India: Hotel, sending you 1
2024-10-14 20:16:48.780710 Golf: Mike and Foxtrot, sending you 1
2024-10-14 20:16:48.781222 Foxtrot: Mike, sending you 4
2024-10-14 20:16:48.781719 Uniform: Foxtrot, sending you 5
2024-10-14 20:16:48.782637 Oscar: Papa, India and Juliett, sending you 2
2024-10-14 20:16:48.783986 Papa: Zulu, sending you 4
2024-10-14 20:16:48.785546 India: Papa, Oscar, Zulu and Juliett, sending you 2
2024-10-14 20:16:48.786716 Golf: Uniform, sending you 2
2024-10-14 20:16:48.787301 Foxtrot: Golf, sending you 3
2024-10-14 20:16:48.787840 Papa: Juliett, sending you 3
2024-10-14 20:16:48.789495 Zulu: Hotel and India, sending you 2
2024-10-14 20:16:48.790670 Foxtrot: Uniform, sending you 5
2024-10-14 20:16:48.792678 Juliett: Papa and Zulu, sending you 3
2024-10-14 20:16:48.793485 Zulu: Papa, sending you 4
2024-10-14 20:16:48.797019 Juliett: India and Oscar, sending you 2
2024-10-14 20:16:48.799243 Zulu: Juliett, sending you 3
chatterbot India submitting transactions
chatterbot Juliett submitting transactions
chatterbot Papa submitting transactions
chatterbot Oscar submitting transactions
chatterbot Mike submitting transactions
chatterbot Zulu submitting transactions
chatterbot Hotel submitting transactions
chatterbot Uniform submitting transactions
chatterbot Golf submitting transactions
chatterbot Foxtrot submitting transactions
ChatterBot Hotel round 13
ChatterBot Mike round 13
ChatterBot Papa round 13
ChatterBot Golf round 13
ChatterBot Uniform round 13
ChatterBot India round 13
ChatterBot Oscar round 13
ChatterBot Foxtrot round 13
ChatterBot Zulu round 13
ChatterBot Juliett round 13
2024-10-14 20:16:50.023679 Hotel: Papa, India, Oscar and Zulu, sending you 2
2024-10-14 20:16:50.032670 Golf: Mike and Foxtrot, sending you 1
2024-10-14 20:16:50.033856 Uniform: Mike and Golf, sending you 4
2024-10-14 20:16:50.036681 Golf: Uniform, sending you 2
2024-10-14 20:16:50.037180 Uniform: Foxtrot, sending you 5
2024-10-14 20:16:50.037668 Foxtrot: Mike, sending you 4
2024-10-14 20:16:50.039646 Mike: Golf, sending you 3
2024-10-14 20:16:50.040002 Juliett: Papa and Zulu, sending you 3
2024-10-14 20:16:50.040708 Zulu: Hotel and India, sending you 2
2024-10-14 20:16:50.041696 Papa: Hotel, India and Oscar, sending you 2
2024-10-14 20:16:50.042429 India: Hotel, sending you 1
2024-10-14 20:16:50.043171 Foxtrot: Golf, sending you 3
2024-10-14 20:16:50.043672 Mike: Uniform and Foxtrot, sending you 4
2024-10-14 20:16:50.044859 Juliett: India and Oscar, sending you 2
2024-10-14 20:16:50.046083 Papa: Zulu, sending you 4
2024-10-14 20:16:50.047392 India: Papa, Oscar, Zulu and Juliett, sending you 2
2024-10-14 20:16:50.048322 Oscar: Hotel, sending you 1
2024-10-14 20:16:50.049563 Zulu: Papa, sending you 4
2024-10-14 20:16:50.050352 Foxtrot: Uniform, sending you 5
2024-10-14 20:16:50.050948 Papa: Juliett, sending you 3
2024-10-14 20:16:50.052025 Oscar: Papa, India and Juliett, sending you 2
2024-10-14 20:16:50.054672 Zulu: Juliett, sending you 3
chatterbot Hotel submitting transactions
chatterbot Oscar submitting transactions
chatterbot Mike submitting transactions
chatterbot Juliett submitting transactions
chatterbot Foxtrot submitting transactions
chatterbot India submitting transactions
chatterbot Uniform submitting transactions
chatterbot Papa submitting transactions
chatterbot Zulu submitting transactions
chatterbot Golf submitting transactions
ChatterBot Hotel round 14
ChatterBot Mike round 14
ChatterBot Papa round 14
ChatterBot Golf round 14
ChatterBot Uniform round 14
ChatterBot India round 14
ChatterBot Oscar round 14
ChatterBot Foxtrot round 14
ChatterBot Zulu round 14
ChatterBot Juliett round 14
2024-10-14 20:16:51.112661 Foxtrot: Mike, sending you 4
2024-10-14 20:16:51.113964 Papa: Hotel, India and Oscar, sending you 2
2024-10-14 20:16:51.115302 Uniform: Mike and Golf, sending you 4
2024-10-14 20:16:51.116520 Golf: Mike and Foxtrot, sending you 1
2024-10-14 20:16:51.117666 Foxtrot: Golf, sending you 2
2024-10-14 20:16:51.119155 Hotel: Papa, India, Oscar and Zulu, sending you 2
2024-10-14 20:16:51.120036 Papa: Zulu, sending you 4
2024-10-14 20:16:51.120605 Uniform: Foxtrot, sending you 5
2024-10-14 20:16:51.121380 Mike: Golf, sending you 3
2024-10-14 20:16:51.121853 Golf: Uniform, sending you 2
2024-10-14 20:16:51.122342 Foxtrot: Uniform, sending you 6
2024-10-14 20:16:51.122844 Oscar: Hotel, sending you 1
2024-10-14 20:16:51.123989 India: Hotel, sending you 1
2024-10-14 20:16:51.124749 Juliett: Papa and Zulu, sending you 3
2024-10-14 20:16:51.125898 Zulu: Hotel and India, sending you 2
2024-10-14 20:16:51.126563 Papa: Juliett, sending you 3
2024-10-14 20:16:51.127268 Mike: Uniform and Foxtrot, sending you 4
2024-10-14 20:16:51.128227 India: Papa, Oscar, Zulu and Juliett, sending you 2
2024-10-14 20:16:51.128997 Oscar: Papa, India and Juliett, sending you 2
2024-10-14 20:16:51.130274 Juliett: India and Oscar, sending you 2
2024-10-14 20:16:51.131049 Zulu: Papa, sending you 4
2024-10-14 20:16:51.135698 Zulu: Juliett, sending you 3
chatterbot Zulu submitting transactions
chatterbot Mike submitting transactions
chatterbot Golf submitting transactions
chatterbot Hotel submitting transactions
chatterbot Papa submitting transactions
chatterbot Uniform submitting transactions
chatterbot Foxtrot submitting transactions
chatterbot India submitting transactions
chatterbot Oscar submitting transactions
chatterbot Juliett submitting transactions
ChatterBot Hotel round 15
ChatterBot Mike round 15
ChatterBot Papa round 15
ChatterBot Golf round 15
ChatterBot Uniform round 15
ChatterBot India round 15
ChatterBot Oscar round 15
ChatterBot Foxtrot round 15
ChatterBot Zulu round 15
ChatterBot Juliett round 15
2024-10-14 20:16:52.414697 Golf: Mike and Foxtrot, sending you 1
2024-10-14 20:16:52.415936 Hotel: Papa, India, Oscar and Zulu, sending you 2
2024-10-14 20:16:52.420923 Golf: Uniform, sending you 2
2024-10-14 20:16:52.421769 India: Hotel, sending you 1
2024-10-14 20:16:52.423775 Papa: Hotel, India and Oscar, sending you 2
2024-10-14 20:16:52.426666 Uniform: Mike and Golf, sending you 4
2024-10-14 20:16:52.427697 India: Papa, Oscar, Zulu and Juliett, sending you 2
2024-10-14 20:16:52.429920 Mike: Golf, sending you 3
2024-10-14 20:16:52.430597 Foxtrot: Mike, sending you 4
2024-10-14 20:16:52.431754 Papa: Zulu, sending you 4
2024-10-14 20:16:52.432755 Uniform: Foxtrot, sending you 5
2024-10-14 20:16:52.433770 Zulu: Hotel and India, sending you 2
2024-10-14 20:16:52.435281 Mike: Uniform and Foxtrot, sending you 4
2024-10-14 20:16:52.435941 Foxtrot: Golf, sending you 2
2024-10-14 20:16:52.437036 Juliett: Papa and Zulu, sending you 3
2024-10-14 20:16:52.438709 Papa: Juliett, sending you 3
2024-10-14 20:16:52.440265 Oscar: Hotel, sending you 1
2024-10-14 20:16:52.441280 Zulu: Papa, sending you 4
2024-10-14 20:16:52.442746 Foxtrot: Uniform, sending you 6
2024-10-14 20:16:52.443574 Juliett: India and Oscar, sending you 2
2024-10-14 20:16:52.445148 Oscar: Papa, India and Juliett, sending you 2
2024-10-14 20:16:52.447694 Zulu: Juliett, sending you 3
chatterbot Zulu submitting transactions
chatterbot Foxtrot submitting transactions
chatterbot Hotel submitting transactions
chatterbot Mike submitting transactions
chatterbot India submitting transactions
chatterbot Uniform submitting transactions
chatterbot Golf submitting transactions
chatterbot Papa submitting transactions
chatterbot Oscar submitting transactions
chatterbot Juliett submitting transactions
ChatterBot Hotel round 16
ChatterBot Mike round 16
ChatterBot Papa round 16
ChatterBot Golf round 16
ChatterBot Uniform round 16
ChatterBot India round 16
ChatterBot Oscar round 16
ChatterBot Foxtrot round 16
ChatterBot Zulu round 16
ChatterBot Juliett round 16
2024-10-14 20:16:53.554689 Golf: Mike and Foxtrot, sending you 1
2024-10-14 20:16:53.559886 Golf: Uniform, sending you 2
2024-10-14 20:16:53.560680 Hotel: Papa, India, Oscar and Zulu, sending you 2
2024-10-14 20:16:53.562652 Oscar: Hotel, sending you 1
2024-10-14 20:16:53.564665 India: Hotel, sending you 1
2024-10-14 20:16:53.565648 Mike: Golf, sending you 3
2024-10-14 20:16:53.566674 Foxtrot: Mike, sending you 4
2024-10-14 20:16:53.567284 Oscar: Papa, India and Juliett, sending you 2
2024-10-14 20:16:53.568387 Uniform: Mike and Golf, sending you 4
2024-10-14 20:16:53.569579 Papa: Hotel, India and Oscar, sending you 2
2024-10-14 20:16:53.570839 India: Papa, Oscar, Zulu and Juliett, sending you 2
2024-10-14 20:16:53.572426 Mike: Uniform and Foxtrot, sending you 4
2024-10-14 20:16:53.573241 Foxtrot: Golf, sending you 2
2024-10-14 20:16:53.574339 Juliett: Papa and Zulu, sending you 3
2024-10-14 20:16:53.575563 Uniform: Foxtrot, sending you 5
2024-10-14 20:16:53.576644 Papa: Zulu, sending you 4
2024-10-14 20:16:53.578015 Foxtrot: Uniform, sending you 6
2024-10-14 20:16:53.578858 Zulu: Hotel and India, sending you 2
2024-10-14 20:16:53.580622 Juliett: India and Oscar, sending you 2
2024-10-14 20:16:53.583104 Papa: Juliett, sending you 3
2024-10-14 20:16:53.584734 Zulu: Papa, sending you 4
2024-10-14 20:16:53.590685 Zulu: Juliett, sending you 3
chatterbot Mike submitting transactions
chatterbot Hotel submitting transactions
chatterbot Foxtrot submitting transactions
chatterbot Golf submitting transactions
chatterbot Oscar submitting transactions
chatterbot Uniform submitting transactions
chatterbot Papa submitting transactions
chatterbot India submitting transactions
chatterbot Juliett submitting transactions
chatterbot Zulu submitting transactions
ChatterBot Hotel round 17
ChatterBot Mike round 17
ChatterBot Papa round 17
ChatterBot Golf round 17
ChatterBot Uniform round 17
ChatterBot India round 17
ChatterBot Oscar round 17
ChatterBot Foxtrot round 17
ChatterBot Zulu round 17
ChatterBot Juliett round 17
2024-10-14 20:16:54.766752 Uniform: Mike and Golf, sending you 4
2024-10-14 20:16:54.767708 Golf: Mike and Foxtrot, sending you 1
2024-10-14 20:16:54.771657 Mike: Golf, sending you 3
2024-10-14 20:16:54.772506 India: Hotel, sending you 1
2024-10-14 20:16:54.774527 Golf: Uniform, sending you 2
2024-10-14 20:16:54.775313 Uniform: Foxtrot, sending you 5
2024-10-14 20:16:54.776861 Hotel: Papa, India, Oscar and Zulu, sending you 2
2024-10-14 20:16:54.778910 Papa: Hotel, India and Oscar, sending you 2
2024-10-14 20:16:54.781283 Zulu: Hotel and India, sending you 2
2024-10-14 20:16:54.783501 Oscar: Hotel, sending you 1
2024-10-14 20:16:54.784909 Mike: Uniform and Foxtrot, sending you 4
2024-10-14 20:16:54.786277 India: Papa, Oscar, Zulu and Juliett, sending you 2
2024-10-14 20:16:54.788386 Juliett: Papa and Zulu, sending you 3
2024-10-14 20:16:54.790791 Papa: Zulu, sending you 4
2024-10-14 20:16:54.792478 Zulu: Papa, sending you 4
2024-10-14 20:16:54.794029 Oscar: Papa, India and Juliett, sending you 2
2024-10-14 20:16:54.795657 Juliett: India and Oscar, sending you 2
2024-10-14 20:16:54.796478 Papa: Juliett, sending you 3
2024-10-14 20:16:54.798325 Foxtrot: Mike, sending you 4
2024-10-14 20:16:54.799787 Zulu: Juliett, sending you 3
2024-10-14 20:16:54.802668 Foxtrot: Golf, sending you 2
2024-10-14 20:16:54.806676 Foxtrot: Uniform, sending you 6
chatterbot Uniform submitting transactions
chatterbot Zulu submitting transactions
chatterbot Oscar submitting transactions
chatterbot Juliett submitting transactions
chatterbot Foxtrot submitting transactions
chatterbot India submitting transactions
chatterbot Hotel submitting transactions
chatterbot Golf submitting transactions
chatterbot Papa submitting transactions
chatterbot Mike submitting transactions
ChatterBot Hotel round 18
ChatterBot Mike round 18
ChatterBot Papa round 18
ChatterBot Golf round 18
ChatterBot Uniform round 18
ChatterBot India round 18
ChatterBot Oscar round 18
ChatterBot Foxtrot round 18
ChatterBot Zulu round 18
ChatterBot Juliett round 18
2024-10-14 20:16:55.963673 Hotel: Papa, India, Oscar and Zulu, sending you 2
2024-10-14 20:16:55.966002 Mike: Golf, sending you 3
2024-10-14 20:16:55.967688 Foxtrot: Mike, sending you 4
2024-10-14 20:16:55.970664 Mike: Uniform and Foxtrot, sending you 4
2024-10-14 20:16:55.972384 Zulu: Hotel and India, sending you 2
2024-10-14 20:16:55.974307 Oscar: Hotel, sending you 1
2024-10-14 20:16:55.976115 Uniform: Mike and Golf, sending you 4
2024-10-14 20:16:55.977116 Foxtrot: Golf, sending you 2
2024-10-14 20:16:55.978585 Papa: Hotel, India and Oscar, sending you 2
2024-10-14 20:16:55.979919 Golf: Mike and Foxtrot, sending you 1
2024-10-14 20:16:55.981692 Zulu: Papa, sending you 4
