ChatterBot Lima round 1
ChatterBot Zulu round 1
ChatterBot Romeo round 1
ChatterBot Victor round 1
ChatterBot Charlie round 1
ChatterBot Kilo round 1
ChatterBot Echo round 1
ChatterBot Sierra round 1
ChatterBot Whiskey round 1
ChatterBot X-ray round 1
randomSelections Lima: {Lima, Sierra, Echo, Kilo, Victor, Charlie} 
2024-10-14 20:16:34.395867 Lima: We would work well together
ChatterBot Sierra reevaluating
ChatterBot Echo reevaluating
ChatterBot Kilo reevaluating
ChatterBot Victor reevaluating
ChatterBot Charlie reevaluating
2024-10-14 20:16:34.413160 Sierra: Yes
2024-10-14 20:16:34.413427 Echo: Yes
2024-10-14 20:16:34.413653 Kilo: Yes
2024-10-14 20:16:34.414494 Victor: Yes
2024-10-14 20:16:34.414675 Charlie: Yes
ChatterBot Echo reevaluating
ChatterBot Kilo reevaluating
ChatterBot Victor reevaluating
ChatterBot Charlie reevaluating
ChatterBot Sierra reevaluating
ChatterBot Kilo reevaluating
ChatterBot Victor reevaluating
ChatterBot Charlie reevaluating
ChatterBot Sierra reevaluating
ChatterBot Echo reevaluating
ChatterBot Victor reevaluating
ChatterBot Charlie reevaluating
ChatterBot Sierra reevaluating
ChatterBot Echo reevaluating
ChatterBot Kilo reevaluating
ChatterBot Charlie reevaluating
ChatterBot Sierra reevaluating
ChatterBot Echo reevaluating
ChatterBot Kilo reevaluating
ChatterBot Victor reevaluating
randomSelections Romeo: {Romeo, Kilo, X-ray, Charlie, Zulu, Whiskey} 
2024-10-14 20:16:34.545748 Romeo: We would work well together
ChatterBot Kilo reevaluating
ChatterBot X-ray reevaluating
ChatterBot Charlie reevaluating
ChatterBot Zulu reevaluating
ChatterBot Whiskey reevaluating
2024-10-14 20:16:34.554219 Kilo: No
2024-10-14 20:16:34.554454 X-ray: Yes
2024-10-14 20:16:34.554568 Charlie: No
2024-10-14 20:16:34.554801 Zulu: Yes
2024-10-14 20:16:34.554921 Whiskey: Yes
ChatterBot X-ray reevaluating
ChatterBot Charlie reevaluating
ChatterBot Zulu reevaluating
ChatterBot Whiskey reevaluating
ChatterBot Kilo reevaluating
ChatterBot Charlie reevaluating
ChatterBot Zulu reevaluating
ChatterBot Whiskey reevaluating
ChatterBot Kilo reevaluating
ChatterBot X-ray reevaluating
ChatterBot Zulu reevaluating
ChatterBot Whiskey reevaluating
ChatterBot Kilo reevaluating
ChatterBot X-ray reevaluating
ChatterBot Charlie reevaluating
ChatterBot Whiskey reevaluating
ChatterBot Kilo reevaluating
ChatterBot X-ray reevaluating
ChatterBot Charlie reevaluating
ChatterBot Zulu reevaluating
2024-10-14 20:16:34.647686 Lima: Victor, sending you 4
2024-10-14 20:16:34.648867 Kilo: Lima and Charlie, sending you 1
2024-10-14 20:16:34.652592 Romeo: Zulu, Whiskey and X-ray, sending you 2
2024-10-14 20:16:34.653764 Charlie: Lima, sending you 6
2024-10-14 20:16:34.654260 Zulu: Romeo, sending you 1
2024-10-14 20:16:34.655319 Lima: Kilo, sending you 2
2024-10-14 20:16:34.655931 Kilo: Victor, sending you 5
2024-10-14 20:16:34.660408 Romeo: Charlie, sending you 1
2024-10-14 20:16:34.661862 Charlie: Victor, sending you 3
2024-10-14 20:16:34.663411 Zulu: Charlie and X-ray, sending you 2
2024-10-14 20:16:34.664125 Lima: Echo, sending you 3
2024-10-14 20:16:34.665710 Kilo: Echo and Sierra, sending you 3
2024-10-14 20:16:34.667104 Victor: Lima, Kilo and Echo, sending you 1
2024-10-14 20:16:34.668231 Romeo: Kilo, sending you 5
2024-10-14 20:16:34.670080 Charlie: Echo, sending you 1
2024-10-14 20:16:34.671772 Echo: Lima, sending you 1
2024-10-14 20:16:34.673368 Zulu: Kilo and Whiskey, sending you 4
2024-10-14 20:16:34.675144 X-ray: Zulu, Kilo and Whiskey, sending you 2
2024-10-14 20:16:34.676242 Sierra: Lima, sending you 2
2024-10-14 20:16:34.677695 Victor: Sierra, sending you 2
2024-10-14 20:16:34.678524 Whiskey: Romeo, sending you 4
2024-10-14 20:16:34.680259 Charlie: Sierra, sending you 2
2024-10-14 20:16:34.681801 Echo: Victor and Charlie, sending you 2
2024-10-14 20:16:34.682576 X-ray: Romeo, sending you 4
2024-10-14 20:16:34.683915 Sierra: Victor and Kilo, sending you 1
2024-10-14 20:16:34.685885 Whiskey: Charlie and Kilo, sending you 1
2024-10-14 20:16:34.686724 Echo: Kilo and Sierra, sending you 3
2024-10-14 20:16:34.688248 X-ray: Charlie, sending you 3
2024-10-14 20:16:34.690956 Sierra: Echo, sending you 3
2024-10-14 20:16:34.694741 Whiskey: X-ray, sending you 5
chatterbot Lima submitting transactions
chatterbot Romeo submitting transactions
chatterbot X-ray submitting transactions
chatterbot Victor submitting transactions
chatterbot Charlie submitting transactions
chatterbot Sierra submitting transactions
chatterbot Echo submitting transactions
chatterbot Zulu submitting transactions
chatterbot Whiskey submitting transactions
chatterbot Kilo submitting transactions
ChatterBot Lima round 2
ChatterBot Zulu round 2
ChatterBot Romeo round 2
ChatterBot Victor round 2
ChatterBot Charlie round 2
ChatterBot Kilo round 2
ChatterBot Echo round 2
ChatterBot Sierra round 2
ChatterBot Whiskey round 2
ChatterBot X-ray round 2
2024-10-14 20:16:35.880919 Zulu: We should drop Kilo and Charlie
ChatterBot Whiskey reevaluating
ChatterBot X-ray reevaluating
2024-10-14 20:16:35.892089 Romeo: No
2024-10-14 20:16:35.892291 Whiskey: Yes
2024-10-14 20:16:35.892466 X-ray: Yes
ChatterBot Whiskey reevaluating
ChatterBot X-ray reevaluating
ChatterBot Romeo reevaluating
ChatterBot X-ray reevaluating
ChatterBot Romeo reevaluating
ChatterBot Whiskey reevaluating
2024-10-14 20:16:35.931661 Lima: We should drop Victor
ChatterBot Charlie reevaluating
ChatterBot Kilo reevaluating
ChatterBot Echo reevaluating
2024-10-14 20:16:35.946778 Charlie: No
2024-10-14 20:16:35.946975 Kilo: Yes
2024-10-14 20:16:35.947136 Echo: No
2024-10-14 20:16:35.947265 Sierra: No
ChatterBot Lima reevaluating
ChatterBot Kilo reevaluating
ChatterBot Echo reevaluating
ChatterBot Lima reevaluating
ChatterBot Charlie reevaluating
ChatterBot Echo reevaluating
ChatterBot Lima reevaluating
ChatterBot Charlie reevaluating
ChatterBot Kilo reevaluating
ChatterBot Lima reevaluating
ChatterBot Charlie reevaluating
ChatterBot Kilo reevaluating
ChatterBot Echo reevaluating
2024-10-14 20:16:36.011585 Kilo: Can we be friends?
ChatterBot Romeo reevaluating
ChatterBot Whiskey reevaluating
ChatterBot X-ray reevaluating
2024-10-14 20:16:36.028967 Zulu: No
2024-10-14 20:16:36.029135 Romeo: No
2024-10-14 20:16:36.029246 Whiskey: No
2024-10-14 20:16:36.029343 X-ray: No
ChatterBot Kilo reevaluating
ChatterBot Romeo reevaluating
ChatterBot Whiskey reevaluating
ChatterBot X-ray reevaluating
ChatterBot Kilo reevaluating
ChatterBot Whiskey reevaluating
ChatterBot X-ray reevaluating
ChatterBot Kilo reevaluating
ChatterBot Romeo reevaluating
ChatterBot X-ray reevaluating
ChatterBot Kilo reevaluating
ChatterBot Romeo reevaluating
ChatterBot Whiskey reevaluating
2024-10-14 20:16:36.250365 Victor: Sending you each 1
2024-10-14 20:16:36.250866 Charlie: Kilo, sending you 4
2024-10-14 20:16:36.251256 X-ray: Zulu and Romeo, sending you 4
2024-10-14 20:16:36.252097 Sierra: Victor and Charlie, sending you 1
2024-10-14 20:16:36.252408 Zulu: Romeo and X-ray, sending you 6
chatterbot Zulu submitting transactions
2024-10-14 20:16:36.252819 Lima: Victor, Charlie, Kilo and Sierra, sending you 2
2024-10-14 20:16:36.410319 Kilo: Zulu, sending you 4
2024-10-14 20:16:36.410920 Charlie: Echo, sending you 8
2024-10-14 20:16:36.412167 Sierra: Kilo, sending you 3
2024-10-14 20:16:36.412713 X-ray: Whiskey, sending you 5
2024-10-14 20:16:36.413581 Zulu: Whiskey, sending you 1
2024-10-14 20:16:36.413998 Echo: Lima, sending you 3
2024-10-14 20:16:36.415113 Romeo: Lima, sending you 2
2024-10-14 20:16:36.415468 Whiskey: Zulu, sending you 5
2024-10-14 20:16:36.415824 Lima: Echo, sending you 1
chatterbot Sierra submitting transactions
chatterbot Victor submitting transactions
2024-10-14 20:16:36.417151 Kilo: Romeo, sending you 6
2024-10-14 20:16:36.417651 Sierra: Echo, sending you 2
2024-10-14 20:16:36.418640 Romeo: Zulu, sending you 3
2024-10-14 20:16:36.419044 Echo: Victor, Charlie, Kilo and Sierra, sending you 2
2024-10-14 20:16:36.420095 Whiskey: Romeo and X-ray, sending you 3
2024-10-14 20:16:36.692638 Kilo: Whiskey, sending you 1
2024-10-14 20:16:36.693046 Romeo: Whiskey and X-ray, sending you 4
chatterbot Lima submitting transactions
chatterbot Whiskey submitting transactions
chatterbot Romeo submitting transactions
2024-10-14 20:16:36.877730 Kilo: X-ray, sending you 2
chatterbot Charlie submitting transactions
chatterbot Kilo submitting transactions
chatterbot X-ray submitting transactions
chatterbot Echo submitting transactions
ChatterBot Lima round 3
ChatterBot Zulu round 3
ChatterBot Romeo round 3
ChatterBot Victor round 3
ChatterBot Charlie round 3
ChatterBot Kilo round 3
ChatterBot Echo round 3
2024-10-14 20:16:37.676954 Zulu: We should add Kilo
ChatterBot Romeo reevaluating
2024-10-14 20:16:37.693199 Romeo: Yes
2024-10-14 20:16:37.693892 Whiskey: No
2024-10-14 20:16:37.694135 X-ray: No
ChatterBot Romeo reevaluating
ChatterBot Romeo reevaluating
2024-10-14 20:16:37.743130 Romeo: We should replace Lima with Kilo
2024-10-14 20:16:37.758423 Zulu: Yes
2024-10-14 20:16:37.758621 Whiskey: No
2024-10-14 20:16:37.758773 X-ray: No
ChatterBot Romeo reevaluating
ChatterBot Romeo reevaluating
ChatterBot Romeo reevaluating
ChatterBot Sierra round 3
ChatterBot Whiskey round 3
ChatterBot X-ray round 3
2024-10-14 20:16:37.823901 Lima: We should drop Kilo
ChatterBot Sierra reevaluating
2024-10-14 20:16:37.838346 Victor: No
2024-10-14 20:16:37.838476 Charlie: No
2024-10-14 20:16:37.838585 Echo: No
2024-10-14 20:16:37.838718 Sierra: Yes
ChatterBot Sierra reevaluating
ChatterBot Sierra reevaluating
ChatterBot Sierra reevaluating
ChatterBot Echo reevaluating
2024-10-14 20:16:37.903058 Zulu: Kilo we want you to join our group
2024-10-14 20:16:37.905506 Kilo: No
ChatterBot Romeo reevaluating
ChatterBot Whiskey reevaluating
ChatterBot X-ray reevaluating
2024-10-14 20:16:37.916504 Whiskey: We should add Kilo
2024-10-14 20:16:37.917260 X-ray: We should add Kilo
ChatterBot Romeo reevaluating
ChatterBot X-ray reevaluating
2024-10-14 20:16:37.924104 Zulu: Yes
2024-10-14 20:16:37.926003 Romeo: Yes
ChatterBot Romeo reevaluating
ChatterBot Whiskey reevaluating
2024-10-14 20:16:37.930978 X-ray: Yes
2024-10-14 20:16:37.931127 Zulu: Yes
2024-10-14 20:16:37.931220 Romeo: Yes
2024-10-14 20:16:37.931331 Whiskey: Yes
ChatterBot Romeo reevaluating
ChatterBot Whiskey reevaluating
ChatterBot X-ray reevaluating
ChatterBot Whiskey reevaluating
ChatterBot X-ray reevaluating
ChatterBot Romeo reevaluating
ChatterBot Whiskey reevaluating
ChatterBot Romeo reevaluating
ChatterBot Whiskey reevaluating
ChatterBot X-ray reevaluating
ChatterBot Whiskey reevaluating
ChatterBot X-ray reevaluating
ChatterBot Romeo reevaluating
ChatterBot X-ray reevaluating
2024-10-14 20:16:38.086158 Kilo: We should drop X-ray
ChatterBot Romeo reevaluating
ChatterBot Whiskey reevaluating
2024-10-14 20:16:38.098109 Zulu: Yes
2024-10-14 20:16:38.098408 Romeo: Yes
2024-10-14 20:16:38.098716 Whiskey: Yes
ChatterBot Romeo reevaluating
ChatterBot Whiskey reevaluating
ChatterBot Kilo reevaluating
ChatterBot Whiskey reevaluating
ChatterBot Kilo reevaluating
ChatterBot Romeo reevaluating
2024-10-14 20:16:38.136065 Charlie: Lima, sending you 3
2024-10-14 20:16:38.137085 Romeo: Kilo we want you to join our group
ChatterBot Kilo reevaluating
2024-10-14 20:16:38.142488 Kilo: No
ChatterBot Romeo reevaluating
2024-10-14 20:16:38.162106 Victor: Lima, Charlie, Kilo, Echo and Sierra, sending you 1
2024-10-14 20:16:38.166169 X-ray: Kilo we want you to join our group
ChatterBot Kilo reevaluating
2024-10-14 20:16:38.176728 Kilo: No
ChatterBot Romeo reevaluating
2024-10-14 20:16:38.199692 Charlie: Victor and Sierra, sending you 2
2024-10-14 20:16:38.200396 Whiskey: Kilo we want you to join our group
ChatterBot Kilo reevaluating
2024-10-14 20:16:38.205815 Kilo: No
ChatterBot Romeo reevaluating
2024-10-14 20:16:38.223492 Charlie: Echo, sending you 5
2024-10-14 20:16:38.226658 Lima: Victor, Echo and Sierra, sending you 2
2024-10-14 20:16:38.227045 Sierra: Lima, Victor, Charlie and Kilo, sending you 1
2024-10-14 20:16:38.227679 Echo: Lima, Charlie and Sierra, sending you 3
2024-10-14 20:16:38.228484 Zulu: Romeo, Kilo and Whiskey, sending you 3
2024-10-14 20:16:38.230049 Lima: Charlie, sending you 3
2024-10-14 20:16:38.230443 Sierra: Echo, sending you 3
2024-10-14 20:16:38.231307 Kilo: We should drop Whiskey
2024-10-14 20:16:38.241779 Zulu: No
2024-10-14 20:16:38.242014 Romeo: No
2024-10-14 20:16:38.242584 X-ray: No
ChatterBot Kilo reevaluating
ChatterBot Kilo reevaluating
ChatterBot Kilo reevaluating
2024-10-14 20:16:38.269728 Echo: Victor, sending you 2
2024-10-14 20:16:38.270120 Zulu: X-ray, sending you 4
2024-10-14 20:16:38.272680 X-ray: Zulu, sending you 4
2024-10-14 20:16:38.273669 Whiskey: Zulu, sending you 3
2024-10-14 20:16:38.276678 Whiskey: Romeo and X-ray, sending you 4
2024-10-14 20:16:38.277725 X-ray: Romeo, Kilo and Whiskey, sending you 3
chatterbot Lima submitting transactions
2024-10-14 20:16:38.303696 Romeo: Zulu, Kilo and Whiskey, sending you 3
2024-10-14 20:16:38.308664 Romeo: X-ray, sending you 4
chatterbot Charlie submitting transactions
chatterbot Whiskey submitting transactions
chatterbot X-ray submitting transactions
chatterbot Victor submitting transactions
chatterbot Zulu submitting transactions
chatterbot Sierra submitting transactions
chatterbot Kilo submitting transactions
chatterbot Echo submitting transactions
chatterbot Romeo submitting transactions
ChatterBot Lima round 4
ChatterBot Zulu round 4
ChatterBot Romeo round 4
ChatterBot Victor round 4
ChatterBot Charlie round 4
ChatterBot Kilo round 4
ChatterBot Echo round 4
ChatterBot Sierra round 4
ChatterBot Whiskey round 4
ChatterBot X-ray round 4
2024-10-14 20:16:39.416689 Kilo: We should drop X-ray
2024-10-14 20:16:39.430313 Zulu: Yes
2024-10-14 20:16:39.430589 Romeo: Yes
2024-10-14 20:16:39.431584 Whiskey: Yes
ChatterBot Kilo reevaluating
ChatterBot Kilo reevaluating
ChatterBot Kilo reevaluating
2024-10-14 20:16:39.478716 Zulu: Romeo and Whiskey, sending you 3
2024-10-14 20:16:39.479695 Victor: Lima, sending you 2
2024-10-14 20:16:39.481201 Lima: Victor, Echo and Sierra, sending you 2
2024-10-14 20:16:39.481789 Charlie: Lima, sending you 3
2024-10-14 20:16:39.482408 Romeo: Zulu, Whiskey and X-ray, sending you 3
2024-10-14 20:16:39.482961 Echo: Lima, Charlie and Sierra, sending you 3
2024-10-14 20:16:39.483418 Zulu: Kilo, sending you 2
2024-10-14 20:16:39.484674 Victor: Charlie, Echo and Sierra, sending you 1
2024-10-14 20:16:39.485691 Charlie: Victor and Sierra, sending you 2
2024-10-14 20:16:39.486810 Romeo: Kilo, sending you 4
2024-10-14 20:16:39.487201 Echo: Victor, sending you 2
2024-10-14 20:16:39.487529 Lima: Charlie, sending you 3
2024-10-14 20:16:39.487831 Zulu: X-ray, sending you 5
2024-10-14 20:16:39.488196 X-ray: Zulu, sending you 4
2024-10-14 20:16:39.489102 Whiskey: Zulu and Romeo, sending you 3
2024-10-14 20:16:39.489684 Charlie: Kilo, sending you 1
2024-10-14 20:16:39.491752 X-ray: Romeo, Kilo and Whiskey, sending you 3
2024-10-14 20:16:39.492459 Whiskey: Kilo, sending you 1
2024-10-14 20:16:39.493061 Charlie: Echo, sending you 4
2024-10-14 20:16:39.495686 Sierra: Lima, sending you 2
2024-10-14 20:16:39.497674 Whiskey: X-ray, sending you 4
2024-10-14 20:16:39.499713 Sierra: Victor and Charlie, sending you 1
2024-10-14 20:16:39.504685 Sierra: Echo, sending you 3
chatterbot Zulu submitting transactions
chatterbot X-ray submitting transactions
chatterbot Romeo submitting transactions
chatterbot Whiskey submitting transactions
chatterbot Lima submitting transactions
chatterbot Kilo submitting transactions
chatterbot Sierra submitting transactions
chatterbot Charlie submitting transactions
chatterbot Victor submitting transactions
chatterbot Echo submitting transactions
ChatterBot Lima round 5
ChatterBot Zulu round 5
ChatterBot Romeo round 5
ChatterBot Victor round 5
ChatterBot Charlie round 5
ChatterBot Kilo round 5
ChatterBot Echo round 5
ChatterBot Sierra round 5
ChatterBot Whiskey round 5
ChatterBot X-ray round 5
2024-10-14 20:16:40.565274 Kilo: We should drop Whiskey
2024-10-14 20:16:40.576641 Zulu: No
2024-10-14 20:16:40.577288 Romeo: No
2024-10-14 20:16:40.577459 X-ray: No
ChatterBot Kilo reevaluating
ChatterBot Kilo reevaluating
ChatterBot Kilo reevaluating
2024-10-14 20:16:40.611705 Zulu: Romeo, Kilo and Whiskey, sending you 3
2024-10-14 20:16:40.614665 Charlie: Lima, sending you 4
2024-10-14 20:16:40.615383 Lima: Victor, Charlie and Sierra, sending you 2
2024-10-14 20:16:40.616679 Zulu: X-ray, sending you 4
2024-10-14 20:16:40.617686 Echo: Lima, Charlie and Sierra, sending you 3
2024-10-14 20:16:40.618132 Victor: Lima, sending you 2
2024-10-14 20:16:40.618528 Romeo: Zulu, Whiskey and X-ray, sending you 3
2024-10-14 20:16:40.619118 Charlie: Victor, sending you 2
2024-10-14 20:16:40.619542 Lima: Echo, sending you 3
2024-10-14 20:16:40.621690 Victor: Charlie, Echo and Sierra, sending you 1
2024-10-14 20:16:40.622489 X-ray: Zulu, sending you 4
2024-10-14 20:16:40.623006 Echo: Victor, sending you 2
2024-10-14 20:16:40.623379 Charlie: Echo, sending you 5
2024-10-14 20:16:40.623734 Romeo: Kilo, sending you 4
2024-10-14 20:16:40.627683 X-ray: Romeo, Kilo and Whiskey, sending you 3
2024-10-14 20:16:40.628106 Charlie: Sierra, sending you 1
2024-10-14 20:16:40.632710 Whiskey: Zulu, sending you 3
2024-10-14 20:16:40.633879 Sierra: Lima, sending you 2
2024-10-14 20:16:40.636696 Whiskey: Romeo and X-ray, sending you 4
2024-10-14 20:16:40.638659 Sierra: Victor and Charlie, sending you 1
2024-10-14 20:16:40.641657 Sierra: Echo, sending you 3
chatterbot Victor submitting transactions
chatterbot X-ray submitting transactions
chatterbot Kilo submitting transactions
chatterbot Romeo submitting transactions
chatterbot Echo submitting transactions
chatterbot Sierra submitting transactions
chatterbot Charlie submitting transactions
chatterbot Lima submitting transactions
chatterbot Whiskey submitting transactions
chatterbot Zulu submitting transactions
ChatterBot Lima round 6
ChatterBot Zulu round 6
ChatterBot Romeo round 6
ChatterBot Victor round 6
ChatterBot Charlie round 6
ChatterBot Kilo round 6
ChatterBot Echo round 6
ChatterBot Sierra round 6
ChatterBot Whiskey round 6
ChatterBot X-ray round 6
2024-10-14 20:16:41.648029 Kilo: We should drop Whiskey
2024-10-14 20:16:41.656495 Zulu: No
2024-10-14 20:16:41.656698 Romeo: No
2024-10-14 20:16:41.656829 X-ray: No
ChatterBot Kilo reevaluating
ChatterBot Kilo reevaluating
ChatterBot Kilo reevaluating
2024-10-14 20:16:41.685662 Lima: Victor, Echo and Sierra, sending you 2
2024-10-14 20:16:41.686164 Zulu: Romeo, Kilo and Whiskey, sending you 3
2024-10-14 20:16:41.686729 Victor: Lima, sending you 2
2024-10-14 20:16:41.687685 Sierra: Lima, sending you 2
2024-10-14 20:16:41.689709 Lima: Charlie, sending you 3
2024-10-14 20:16:41.690016 Victor: Charlie, Echo and Sierra, sending you 1
2024-10-14 20:16:41.690682 Zulu: X-ray, sending you 4
2024-10-14 20:16:41.691712 Romeo: Zulu, Whiskey and X-ray, sending you 3
2024-10-14 20:16:41.692208 Charlie: Lima, sending you 4
2024-10-14 20:16:41.692732 Sierra: Victor and Charlie, sending you 1
2024-10-14 20:16:41.693694 X-ray: Zulu, sending you 4
2024-10-14 20:16:41.694668 Whiskey: Zulu, sending you 3
2024-10-14 20:16:41.695691 Romeo: Kilo, sending you 4
2024-10-14 20:16:41.696156 Echo: Lima, Charlie and Sierra, sending you 3
2024-10-14 20:16:41.696577 Sierra: Echo, sending you 3
2024-10-14 20:16:41.697482 Charlie: Victor, sending you 2
2024-10-14 20:16:41.697886 X-ray: Romeo, Kilo and Whiskey, sending you 3
2024-10-14 20:16:41.698674 Whiskey: Romeo and X-ray, sending you 4
2024-10-14 20:16:41.700693 Echo: Victor, sending you 2
2024-10-14 20:16:41.702686 Charlie: Echo, sending you 5
2024-10-14 20:16:41.705680 Charlie: Sierra, sending you 1
chatterbot Romeo submitting transactions
chatterbot Echo submitting transactions
chatterbot Lima submitting transactions
chatterbot Sierra submitting transactions
chatterbot Whiskey submitting transactions
chatterbot Victor submitting transactions
chatterbot Zulu submitting transactions
chatterbot Kilo submitting transactions
chatterbot Charlie submitting transactions
chatterbot X-ray submitting transactions
ChatterBot Lima round 7
ChatterBot Zulu round 7
ChatterBot Romeo round 7
ChatterBot Victor round 7
ChatterBot Charlie round 7
ChatterBot Kilo round 7
ChatterBot Echo round 7
ChatterBot Sierra round 7
ChatterBot Whiskey round 7
ChatterBot X-ray round 7
2024-10-14 20:16:42.848792 Kilo: We should drop Whiskey
2024-10-14 20:16:42.863861 Zulu: No
2024-10-14 20:16:42.864153 Romeo: No
2024-10-14 20:16:42.864357 X-ray: No
ChatterBot Kilo reevaluating
ChatterBot Kilo reevaluating
ChatterBot Kilo reevaluating
2024-10-14 20:16:42.910173 Lima: Victor, Echo and Sierra, sending you 2
2024-10-14 20:16:42.913692 Lima: Charlie, sending you 3
2024-10-14 20:16:42.914066 Romeo: Zulu, Whiskey and X-ray, sending you 3
2024-10-14 20:16:42.915223 Zulu: Romeo, Kilo and Whiskey, sending you 3
2024-10-14 20:16:42.915676 Whiskey: Zulu, sending you 3
2024-10-14 20:16:42.918987 Romeo: Kilo, sending you 4
2024-10-14 20:16:42.919701 Zulu: X-ray, sending you 4
2024-10-14 20:16:42.921068 Whiskey: Romeo and X-ray, sending you 4
2024-10-14 20:16:42.921630 X-ray: Zulu, sending you 4
2024-10-14 20:16:42.925493 Charlie: Lima and Echo, sending you 4
2024-10-14 20:16:42.926102 X-ray: Romeo, Kilo and Whiskey, sending you 3
2024-10-14 20:16:42.926693 Echo: Lima, Charlie and Sierra, sending you 3
2024-10-14 20:16:42.930678 Charlie: Victor and Sierra, sending you 2
2024-10-14 20:16:42.931673 Echo: Victor, sending you 2
2024-10-14 20:16:42.932258 Sierra: Lima, sending you 2
2024-10-14 20:16:42.932793 Victor: Lima, sending you 2
2024-10-14 20:16:42.935698 Sierra: Victor and Charlie, sending you 1
2024-10-14 20:16:42.937084 Victor: Charlie, Echo and Sierra, sending you 1
2024-10-14 20:16:42.939721 Sierra: Echo, sending you 3
chatterbot Romeo submitting transactions
chatterbot X-ray submitting transactions
chatterbot Charlie submitting transactions
chatterbot Whiskey submitting transactions
chatterbot Sierra submitting transactions
chatterbot Zulu submitting transactions
chatterbot Echo submitting transactions
chatterbot Lima submitting transactions
chatterbot Victor submitting transactions
chatterbot Kilo submitting transactions
ChatterBot Lima round 8
ChatterBot Zulu round 8
ChatterBot Romeo round 8
ChatterBot Victor round 8
ChatterBot Charlie round 8
ChatterBot Kilo round 8
ChatterBot Echo round 8
ChatterBot Sierra round 8
ChatterBot Whiskey round 8
ChatterBot X-ray round 8
2024-10-14 20:16:44.108848 Kilo: We should drop Whiskey
2024-10-14 20:16:44.116937 Zulu: No
2024-10-14 20:16:44.117638 Romeo: No
2024-10-14 20:16:44.117769 X-ray: No
ChatterBot Kilo reevaluating
ChatterBot Kilo reevaluating
ChatterBot Kilo reevaluating
2024-10-14 20:16:44.141802 Romeo: Zulu, Whiskey and X-ray, sending you 3
2024-10-14 20:16:44.142417 Victor: Lima, sending you 2
2024-10-14 20:16:44.144374 Zulu: Romeo, Kilo and Whiskey, sending you 3
2024-10-14 20:16:44.145126 Lima: Victor, Echo and Sierra, sending you 2
2024-10-14 20:16:44.145781 Romeo: Kilo, sending you 4
2024-10-14 20:16:44.147219 Victor: Charlie, Echo and Sierra, sending you 1
2024-10-14 20:16:44.148827 Lima: Charlie, sending you 3
2024-10-14 20:16:44.149703 Zulu: X-ray, sending you 4
2024-10-14 20:16:44.150522 Whiskey: Zulu, sending you 3
2024-10-14 20:16:44.151667 X-ray: Zulu, sending you 4
2024-10-14 20:16:44.152530 Charlie: Lima and Echo, sending you 4
2024-10-14 20:16:44.153590 Echo: Lima, Charlie and Sierra, sending you 3
2024-10-14 20:16:44.154709 Whiskey: Romeo and X-ray, sending you 4
2024-10-14 20:16:44.155799 Charlie: Victor and Sierra, sending you 2
2024-10-14 20:16:44.156725 X-ray: Romeo, Kilo and Whiskey, sending you 3
2024-10-14 20:16:44.157732 Sierra: Lima, sending you 2
2024-10-14 20:16:44.158550 Echo: Victor, sending you 2
2024-10-14 20:16:44.161653 Sierra: Victor and Charlie, sending you 1
2024-10-14 20:16:44.166668 Sierra: Echo, sending you 3
chatterbot Lima submitting transactions
chatterbot Charlie submitting transactions
chatterbot Echo submitting transactions
chatterbot Whiskey submitting transactions
chatterbot Victor submitting transactions
chatterbot X-ray submitting transactions
chatterbot Zulu submitting transactions
chatterbot Kilo submitting transactions
chatterbot Romeo submitting transactions
chatterbot Sierra submitting transactions
ChatterBot Lima round 9
ChatterBot Zulu round 9
ChatterBot Romeo round 9
ChatterBot Victor round 9
ChatterBot Charlie round 9
ChatterBot Kilo round 9
ChatterBot Echo round 9
ChatterBot Sierra round 9
ChatterBot Whiskey round 9
ChatterBot X-ray round 9
2024-10-14 20:16:45.478536 Kilo: We should drop Whiskey
2024-10-14 20:16:45.492046 Zulu: No
2024-10-14 20:16:45.492422 Romeo: No
2024-10-14 20:16:45.492736 X-ray: No
ChatterBot Kilo reevaluating
ChatterBot Kilo reevaluating
ChatterBot Kilo reevaluating
2024-10-14 20:16:45.524678 Lima: Victor, Echo and Sierra, sending you 2
2024-10-14 20:16:45.526191 Charlie: Lima and Echo, sending you 4
2024-10-14 20:16:45.527301 Romeo: Zulu, Whiskey and X-ray, sending you 3
2024-10-14 20:16:45.528165 Zulu: Romeo, Kilo and Whiskey, sending you 3
2024-10-14 20:16:45.529399 Echo: Lima, Charlie and Sierra, sending you 3
2024-10-14 20:16:45.530781 Victor: Lima, sending you 2
2024-10-14 20:16:45.531527 Lima: Charlie, sending you 3
2024-10-14 20:16:45.533041 Charlie: Victor and Sierra, sending you 2
2024-10-14 20:16:45.533814 Romeo: Kilo, sending you 4
2024-10-14 20:16:45.535196 Zulu: X-ray, sending you 4
2024-10-14 20:16:45.536631 Victor: Charlie, Echo and Sierra, sending you 1
2024-10-14 20:16:45.537552 Echo: Victor, sending you 2
2024-10-14 20:16:45.538623 Whiskey: Zulu, sending you 3
2024-10-14 20:16:45.539407 Sierra: Lima, sending you 2
2024-10-14 20:16:45.540702 X-ray: Zulu, sending you 4
2024-10-14 20:16:45.542703 Whiskey: Romeo and X-ray, sending you 4
2024-10-14 20:16:45.544699 Sierra: Victor and Charlie, sending you 1
2024-10-14 20:16:45.546672 X-ray: Romeo, Kilo and Whiskey, sending you 3
2024-10-14 20:16:45.550080 Sierra: Echo, sending you 3
chatterbot Echo submitting transactions
chatterbot Romeo submitting transactions
chatterbot Zulu submitting transactions
chatterbot Victor submitting transactions
chatterbot Lima submitting transactions
chatterbot Charlie submitting transactions
chatterbot X-ray submitting transactions
chatterbot Sierra submitting transactions
chatterbot Kilo submitting transactions
chatterbot Whiskey submitting transactions
ChatterBot Lima round 10
ChatterBot Zulu round 10
ChatterBot Romeo round 10
ChatterBot Victor round 10
ChatterBot Charlie round 10
ChatterBot Kilo round 10
ChatterBot Echo round 10
ChatterBot Sierra round 10
ChatterBot Whiskey round 10
ChatterBot X-ray round 10
2024-10-14 20:16:46.790335 Kilo: We should drop Whiskey
2024-10-14 20:16:46.804038 Zulu: No
2024-10-14 20:16:46.804603 Romeo: No
2024-10-14 20:16:46.804795 X-ray: No
ChatterBot Kilo reevaluating
ChatterBot Kilo reevaluating
ChatterBot Kilo reevaluating
2024-10-14 20:16:46.845051 Romeo: Zulu, Whiskey and X-ray, sending you 3
2024-10-14 20:16:46.845953 Lima: Victor, Echo and Sierra, sending you 2
2024-10-14 20:16:46.847270 Zulu: Romeo, Kilo and Whiskey, sending you 3
2024-10-14 20:16:46.848177 Charlie: Lima and Echo, sending you 4
2024-10-14 20:16:46.849683 Romeo: Kilo, sending you 4
2024-10-14 20:16:46.851681 Lima: Charlie, sending you 3
2024-10-14 20:16:46.852342 Zulu: X-ray, sending you 4
2024-10-14 20:16:46.853304 Charlie: Victor and Sierra, sending you 2
2024-10-14 20:16:46.853848 Whiskey: Zulu, sending you 3
2024-10-14 20:16:46.854362 Sierra: Lima, sending you 2
2024-10-14 20:16:46.857680 Whiskey: Romeo and X-ray, sending you 4
2024-10-14 20:16:46.858435 X-ray: Zulu, sending you 4
2024-10-14 20:16:46.859703 Sierra: Victor and Charlie, sending you 1
2024-10-14 20:16:46.860673 Victor: Lima, sending you 2
2024-10-14 20:16:46.861692 X-ray: Romeo, Kilo and Whiskey, sending you 3
2024-10-14 20:16:46.863680 Sierra: Echo, sending you 3
2024-10-14 20:16:46.864167 Victor: Charlie, Echo and Sierra, sending you 1
2024-10-14 20:16:46.865838 Echo: Lima, Charlie and Sierra, sending you 3
2024-10-14 20:16:46.870661 Echo: Victor, sending you 2
chatterbot Echo submitting transactions
chatterbot Lima submitting transactions
chatterbot Romeo submitting transactions
chatterbot X-ray submitting transactions
chatterbot Charlie submitting transactions
chatterbot Sierra submitting transactions
chatterbot Victor submitting transactions
chatterbot Zulu submitting transactions
chatterbot Whiskey submitting transactions
chatterbot Kilo submitting transactions
ChatterBot Lima round 11
ChatterBot Zulu round 11
ChatterBot Romeo round 11
ChatterBot Victor round 11
ChatterBot Charlie round 11
ChatterBot Kilo round 11
ChatterBot Echo round 11
ChatterBot Sierra round 11
ChatterBot Whiskey round 11
ChatterBot X-ray round 11
2024-10-14 20:16:47.779466 Kilo: We should drop Whiskey
2024-10-14 20:16:47.787647 Zulu: No
2024-10-14 20:16:47.787879 Romeo: No
2024-10-14 20:16:47.788073 X-ray: No
ChatterBot Kilo reevaluating
ChatterBot Kilo reevaluating
ChatterBot Kilo reevaluating
2024-10-14 20:16:47.826686 Romeo: Zulu, Whiskey and X-ray, sending you 3
2024-10-14 20:16:47.830655 Victor: Lima, sending you 2
2024-10-14 20:16:47.832122 Romeo: Kilo, sending you 4
2024-10-14 20:16:47.834897 Lima: Victor, Echo and Sierra, sending you 2
2024-10-14 20:16:47.835677 Victor: Charlie, Echo and Sierra, sending you 1
2024-10-14 20:16:47.836168 Charlie: Lima and Echo, sending you 4
2024-10-14 20:16:47.838670 Charlie: Victor and Sierra, sending you 2
2024-10-14 20:16:47.839682 Lima: Charlie, sending you 3
2024-10-14 20:16:47.840803 Zulu: Romeo, Kilo and Whiskey, sending you 3
2024-10-14 20:16:47.845684 Echo: Lima, Charlie and Sierra, sending you 3
2024-10-14 20:16:47.846245 Zulu: X-ray, sending you 4
2024-10-14 20:16:47.847326 Whiskey: Zulu, sending you 3
2024-10-14 20:16:47.847832 Sierra: Lima, sending you 2
2024-10-14 20:16:47.848703 Echo: Victor, sending you 2
2024-10-14 20:16:47.849679 X-ray: Zulu, sending you 4
2024-10-14 20:16:47.850692 Sierra: Victor and Charlie, sending you 1
2024-10-14 20:16:47.852702 Whiskey: Romeo and X-ray, sending you 4
2024-10-14 20:16:47.853351 X-ray: Romeo, Kilo and Whiskey, sending you 3
2024-10-14 20:16:47.855681 Sierra: Echo, sending you 3
chatterbot Kilo submitting transactions
chatterbot Victor submitting transactions
chatterbot Sierra submitting transactions
chatterbot Whiskey submitting transactions
chatterbot Lima submitting transactions
chatterbot X-ray submitting transactions
chatterbot Echo submitting transactions
chatterbot Romeo submitting transactions
chatterbot Zulu submitting transactions
chatterbot Charlie submitting transactions
ChatterBot Lima round 12
ChatterBot Zulu round 12
ChatterBot Romeo round 12
ChatterBot Victor round 12
ChatterBot Charlie round 12
ChatterBot Kilo round 12
ChatterBot Echo round 12
ChatterBot Sierra round 12
ChatterBot Whiskey round 12
ChatterBot X-ray round 12
2024-10-14 20:16:49.047168 Kilo: We should drop Whiskey
2024-10-14 20:16:49.057135 Zulu: No
2024-10-14 20:16:49.057540 Romeo: No
2024-10-14 20:16:49.057937 X-ray: No
ChatterBot Kilo reevaluating
ChatterBot Kilo reevaluating
ChatterBot Kilo reevaluating
2024-10-14 20:16:49.093690 Zulu: Romeo, Kilo and Whiskey, sending you 3
2024-10-14 20:16:49.095627 Romeo: Zulu, Whiskey and X-ray, sending you 3
2024-10-14 20:16:49.097019 Charlie: Lima and Echo, sending you 4
2024-10-14 20:16:49.097998 Lima: Victor, Echo and Sierra, sending you 2
2024-10-14 20:16:49.099395 Victor: Lima, sending you 2
2024-10-14 20:16:49.100898 Zulu: X-ray, sending you 4
2024-10-14 20:16:49.101787 Romeo: Kilo, sending you 4
2024-10-14 20:16:49.103410 Charlie: Victor and Sierra, sending you 2
2024-10-14 20:16:49.104386 Lima: Charlie, sending you 3
2024-10-14 20:16:49.106206 Whiskey: Zulu, sending you 3
2024-10-14 20:16:49.108109 Victor: Charlie, Echo and Sierra, sending you 1
2024-10-14 20:16:49.109803 X-ray: Zulu, sending you 4
2024-10-14 20:16:49.111780 Sierra: Lima, sending you 2
2024-10-14 20:16:49.113637 Whiskey: Romeo and X-ray, sending you 4
2024-10-14 20:16:49.116698 X-ray: Romeo, Kilo and Whiskey, sending you 3
2024-10-14 20:16:49.119332 Echo: Lima, Charlie and Sierra, sending you 3
2024-10-14 20:16:49.121242 Sierra: Victor and Charlie, sending you 1
2024-10-14 20:16:49.124953 Echo: Victor, sending you 2
2024-10-14 20:16:49.126010 Sierra: Echo, sending you 3
chatterbot Sierra submitting transactions
chatterbot Lima submitting transactions
chatterbot Whiskey submitting transactions
chatterbot Charlie submitting transactions
chatterbot Zulu submitting transactions
chatterbot Romeo submitting transactions
chatterbot X-ray submitting transactions
chatterbot Echo submitting transactions
chatterbot Victor submitting transactions
chatterbot Kilo submitting transactions
ChatterBot Lima round 13
ChatterBot Zulu round 13
ChatterBot Romeo round 13
ChatterBot Victor round 13
ChatterBot Charlie round 13
ChatterBot Kilo round 13
ChatterBot Echo round 13
ChatterBot Sierra round 13
ChatterBot Whiskey round 13
ChatterBot X-ray round 13
2024-10-14 20:16:50.421168 Kilo: We should drop Whiskey
2024-10-14 20:16:50.435350 Zulu: No
2024-10-14 20:16:50.435777 Romeo: No
2024-10-14 20:16:50.436239 X-ray: No
ChatterBot Kilo reevaluating
ChatterBot Kilo reevaluating
ChatterBot Kilo reevaluating
2024-10-14 20:16:50.484666 Romeo: Zulu, Whiskey and X-ray, sending you 3
2024-10-14 20:16:50.486429 Zulu: Romeo, Kilo and Whiskey, sending you 3
2024-10-14 20:16:50.488076 Lima: Victor, Echo and Sierra, sending you 2
2024-10-14 20:16:50.489135 Charlie: Lima and Echo, sending you 4
2024-10-14 20:16:50.490539 Romeo: Kilo, sending you 4
2024-10-14 20:16:50.492463 Zulu: X-ray, sending you 4
2024-10-14 20:16:50.493412 Lima: Charlie, sending you 3
2024-10-14 20:16:50.495602 Charlie: Victor and Sierra, sending you 2
2024-10-14 20:16:50.496399 Whiskey: Zulu, sending you 3
2024-10-14 20:16:50.497802 Victor: Lima, sending you 2
2024-10-14 20:16:50.499288 Echo: Lima, Charlie and Sierra, sending you 3
2024-10-14 20:16:50.501713 Whiskey: Romeo and X-ray, sending you 4
2024-10-14 20:16:50.503572 Sierra: Lima, sending you 2
2024-10-14 20:16:50.504814 Victor: Charlie, Echo and Sierra, sending you 1
2024-10-14 20:16:50.506145 Echo: Victor, sending you 2
2024-10-14 20:16:50.507094 X-ray: Zulu, sending you 4
2024-10-14 20:16:50.508814 Sierra: Victor and Charlie, sending you 1
2024-10-14 20:16:50.512689 X-ray: Romeo, Kilo and Whiskey, sending you 3
2024-10-14 20:16:50.514861 Sierra: Echo, sending you 3
chatterbot Charlie submitting transactions
chatterbot Victor submitting transactions
chatterbot Whiskey submitting transactions
chatterbot Sierra submitting transactions
chatterbot Kilo submitting transactions
chatterbot Echo submitting transactions
chatterbot Romeo submitting transactions
chatterbot X-ray submitting transactions
chatterbot Lima submitting transactions
chatterbot Zulu submitting transactions
ChatterBot Lima round 14
ChatterBot Zulu round 14
ChatterBot Romeo round 14
ChatterBot Victor round 14
ChatterBot Charlie round 14
ChatterBot Kilo round 14
ChatterBot Echo round 14
ChatterBot Sierra round 14
ChatterBot Whiskey round 14
ChatterBot X-ray round 14
2024-10-14 20:16:51.689193 Kilo: We should drop Whiskey
2024-10-14 20:16:51.704599 Zulu: No
2024-10-14 20:16:51.704967 Romeo: No
2024-10-14 20:16:51.705211 X-ray: No
ChatterBot Kilo reevaluating
ChatterBot Kilo reevaluating
ChatterBot Kilo reevaluating
2024-10-14 20:16:51.747207 Romeo: Zulu, Whiskey and X-ray, sending you 3
2024-10-14 20:16:51.748163 Sierra: Lima, sending you 2
2024-10-14 20:16:51.750435 Lima: Victor, Echo and Sierra, sending you 2
2024-10-14 20:16:51.753386 Victor: Lima, sending you 2
2024-10-14 20:16:51.757317 Charlie: Lima and Echo, sending you 4
2024-10-14 20:16:51.762641 Zulu: Romeo, Kilo and Whiskey, sending you 3
2024-10-14 20:16:51.766365 Romeo: Kilo, sending you 4
2024-10-14 20:16:51.768550 Sierra: Victor and Charlie, sending you 1
2024-10-14 20:16:51.771986 Lima: Charlie, sending you 3
2024-10-14 20:16:51.774917 Victor: Charlie, Echo and Sierra, sending you 1
2024-10-14 20:16:51.776036 Charlie: Victor and Sierra, sending you 2
2024-10-14 20:16:51.778051 Zulu: X-ray, sending you 4
2024-10-14 20:16:51.779360 Echo: Lima, Charlie and Sierra, sending you 3
2024-10-14 20:16:51.782016 Sierra: Echo, sending you 3
2024-10-14 20:16:51.784435 X-ray: Zulu, sending you 4
2024-10-14 20:16:51.786808 Whiskey: Zulu, sending you 3
2024-10-14 20:16:51.788958 Echo: Victor, sending you 2
2024-10-14 20:16:51.792094 X-ray: Romeo, Kilo and Whiskey, sending you 3
2024-10-14 20:16:51.794098 Whiskey: Romeo and X-ray, sending you 4
chatterbot Victor submitting transactions
chatterbot Charlie submitting transactions
chatterbot Echo submitting transactions
chatterbot Sierra submitting transactions
chatterbot Whiskey submitting transactions
chatterbot Lima submitting transactions
chatterbot Zulu submitting transactions
chatterbot Kilo submitting transactions
chatterbot X-ray submitting transactions
chatterbot Romeo submitting transactions
ChatterBot Lima round 15
ChatterBot Zulu round 15
ChatterBot Romeo round 15
ChatterBot Victor round 15
ChatterBot Charlie round 15
ChatterBot Kilo round 15
ChatterBot Echo round 15
ChatterBot Sierra round 15
ChatterBot Whiskey round 15
ChatterBot X-ray round 15
2024-10-14 20:16:52.909078 Charlie: Friends?
ChatterBot Kilo reevaluating
ChatterBot Whiskey reevaluating
2024-10-14 20:16:52.920095 Romeo: No
2024-10-14 20:16:52.920247 Kilo: No
2024-10-14 20:16:52.920364 X-ray: No
2024-10-14 20:16:52.920474 Zulu: No
2024-10-14 20:16:52.920582 Whiskey: Yes
ChatterBot Kilo reevaluating
ChatterBot Charlie reevaluating
ChatterBot Whiskey reevaluating
ChatterBot Charlie reevaluating
ChatterBot Whiskey reevaluating
ChatterBot Kilo reevaluating
ChatterBot Charlie reevaluating
ChatterBot Whiskey reevaluating
ChatterBot Kilo reevaluating
ChatterBot Charlie reevaluating
ChatterBot Whiskey reevaluating
ChatterBot Kilo reevaluating
ChatterBot Charlie reevaluating
2024-10-14 20:16:52.975984 Whiskey: We should add Charlie
ChatterBot Kilo reevaluating
2024-10-14 20:16:52.983933 Kilo: No
2024-10-14 20:16:52.984093 Zulu: No
2024-10-14 20:16:52.984216 Romeo: No
2024-10-14 20:16:52.984348 X-ray: No
ChatterBot Whiskey reevaluating
ChatterBot Kilo reevaluating
ChatterBot Whiskey reevaluating
ChatterBot Kilo reevaluating
ChatterBot Whiskey reevaluating
ChatterBot Kilo reevaluating
ChatterBot Whiskey reevaluating
2024-10-14 20:16:53.041827 Kilo: We should drop Whiskey
2024-10-14 20:16:53.048900 Zulu: No
2024-10-14 20:16:53.049912 Romeo: No
2024-10-14 20:16:53.050089 X-ray: No
2024-10-14 20:16:53.080501 Zulu: Romeo, Kilo and Whiskey, sending you 3
2024-10-14 20:16:53.083667 Lima: Victor, Echo and Sierra, sending you 2
2024-10-14 20:16:53.084389 Sierra: Lima, sending you 2
2024-10-14 20:16:53.085485 Zulu: X-ray, sending you 4
2024-10-14 20:16:53.086012 Romeo: Zulu, Whiskey and X-ray, sending you 3
2024-10-14 20:16:53.086524 X-ray: Zulu, sending you 4
2024-10-14 20:16:53.087237 Echo: Lima, Charlie and Sierra, sending you 3
2024-10-14 20:16:53.088398 Charlie: Zulu, sending you 3
2024-10-14 20:16:53.089485 Whiskey: Zulu, sending you 3
2024-10-14 20:16:53.091757 Victor: Lima, sending you 2
2024-10-14 20:16:53.092987 Lima: Charlie, sending you 3
2024-10-14 20:16:53.095451 Sierra: Victor and Charlie, sending you 1
2024-10-14 20:16:53.096730 Romeo: Kilo, sending you 4
2024-10-14 20:16:53.097710 Echo: Victor, sending you 2
2024-10-14 20:16:53.100046 X-ray: Romeo, Kilo and Whiskey, sending you 3
2024-10-14 20:16:53.101486 Charlie: Romeo and Whiskey, sending you 2
2024-10-14 20:16:53.102208 Whiskey: Romeo and X-ray, sending you 4
2024-10-14 20:16:53.103885 Victor: Charlie, Echo and Sierra, sending you 1
2024-10-14 20:16:53.104716 Sierra: Echo, sending you 3
2024-10-14 20:16:53.107221 Charlie: Kilo, sending you 1
