ChatterBot X-ray round 1
ChatterBot Echo round 1
ChatterBot Charlie round 1
ChatterBot Quebec round 1
ChatterBot November round 1
ChatterBot Hotel round 1
ChatterBot Mike round 1
ChatterBot Golf round 1
ChatterBot Bravo round 1
ChatterBot Tango round 1
randomSelections Charlie: {Charlie, X-ray, Golf, November, Echo, Tango} 
2024-10-14 20:16:34.371256 Charlie: We would work well together
ChatterBot X-ray reevaluating
ChatterBot Golf reevaluating
ChatterBot November reevaluating
ChatterBot Echo reevaluating
ChatterBot Tango reevaluating
2024-10-14 20:16:34.394424 X-ray: Yes
2024-10-14 20:16:34.395910 Golf: Yes
2024-10-14 20:16:34.396087 November: Yes
2024-10-14 20:16:34.396224 Echo: Yes
2024-10-14 20:16:34.396335 Tango: Yes
ChatterBot Golf reevaluating
ChatterBot November reevaluating
ChatterBot Echo reevaluating
ChatterBot Tango reevaluating
ChatterBot X-ray reevaluating
ChatterBot November reevaluating
ChatterBot Echo reevaluating
ChatterBot Tango reevaluating
ChatterBot X-ray reevaluating
ChatterBot Golf reevaluating
ChatterBot Echo reevaluating
ChatterBot Tango reevaluating
ChatterBot X-ray reevaluating
ChatterBot Golf reevaluating
ChatterBot November reevaluating
ChatterBot Tango reevaluating
ChatterBot X-ray reevaluating
ChatterBot Golf reevaluating
ChatterBot November reevaluating
ChatterBot Echo reevaluating
randomSelections Quebec: {Quebec, Mike, X-ray, Tango, Charlie, Echo, Hotel, Golf} 
2024-10-14 20:16:34.452052 Quebec: Can we be friends?
ChatterBot Mike reevaluating
ChatterBot X-ray reevaluating
ChatterBot Tango reevaluating
ChatterBot Echo reevaluating
ChatterBot Hotel reevaluating
ChatterBot Golf reevaluating
2024-10-14 20:16:34.533088 Mike: Yes
2024-10-14 20:16:34.533346 X-ray: No
2024-10-14 20:16:34.533573 Tango: No
2024-10-14 20:16:34.533917 Charlie: No
2024-10-14 20:16:34.535255 Echo: No
2024-10-14 20:16:34.535494 Hotel: Yes
2024-10-14 20:16:34.535797 Golf: No
ChatterBot X-ray reevaluating
ChatterBot Tango reevaluating
ChatterBot Echo reevaluating
ChatterBot Hotel reevaluating
ChatterBot Golf reevaluating
ChatterBot Mike reevaluating
ChatterBot Tango reevaluating
ChatterBot Echo reevaluating
ChatterBot Hotel reevaluating
ChatterBot Golf reevaluating
ChatterBot Mike reevaluating
ChatterBot X-ray reevaluating
ChatterBot Echo reevaluating
ChatterBot Hotel reevaluating
ChatterBot Golf reevaluating
ChatterBot Mike reevaluating
ChatterBot X-ray reevaluating
ChatterBot Tango reevaluating
ChatterBot Echo reevaluating
ChatterBot Hotel reevaluating
ChatterBot Golf reevaluating
ChatterBot Mike reevaluating
ChatterBot X-ray reevaluating
ChatterBot Tango reevaluating
ChatterBot Hotel reevaluating
ChatterBot Golf reevaluating
ChatterBot Mike reevaluating
ChatterBot X-ray reevaluating
ChatterBot Tango reevaluating
ChatterBot Echo reevaluating
ChatterBot Golf reevaluating
ChatterBot Mike reevaluating
ChatterBot X-ray reevaluating
ChatterBot Tango reevaluating
ChatterBot Echo reevaluating
ChatterBot Hotel reevaluating
randomSelections Bravo: {Bravo, Charlie} 
2024-10-14 20:16:34.670449 Bravo: Group up?
2024-10-14 20:16:34.673683 Charlie: No
2024-10-14 20:16:34.699474 Mike: X-ray and Charlie, sending you 3
2024-10-14 20:16:34.702881 Mike: Echo, Quebec, Hotel and Golf, sending you 1
2024-10-14 20:16:34.705174 X-ray: Echo and Charlie, sending you 3
2024-10-14 20:16:34.705815 Charlie: X-ray, sending you 2
2024-10-14 20:16:34.706689 Quebec: X-ray and Tango, sending you 3
2024-10-14 20:16:34.708224 Mike: Tango, sending you 2
2024-10-14 20:16:34.710967 Tango: X-ray, sending you 1
2024-10-14 20:16:34.711528 Hotel: X-ray, Echo, Charlie and Tango, sending you 2
2024-10-14 20:16:34.712054 November: X-ray and Tango, sending you 4
2024-10-14 20:16:34.712642 Charlie: Echo, sending you 4
2024-10-14 20:16:34.714698 X-ray: Golf, sending you 1
2024-10-14 20:16:34.715192 Quebec: Echo, Hotel and Golf, sending you 2
2024-10-14 20:16:34.715728 Bravo: Sending you 4
2024-10-14 20:16:34.716139 Echo: X-ray, November and Tango, sending you 1
2024-10-14 20:16:34.718366 Tango: Charlie, sending you 2
2024-10-14 20:16:34.718922 Hotel: Quebec and Golf, sending you 3
2024-10-14 20:16:34.719627 November: Charlie, sending you 2
2024-10-14 20:16:34.721207 Charlie: November, Golf and Tango, sending you 3
2024-10-14 20:16:34.721769 X-ray: Tango, sending you 2
2024-10-14 20:16:34.722356 Golf: X-ray, sending you 4
2024-10-14 20:16:34.722919 Quebec: Charlie, sending you 1
2024-10-14 20:16:34.724556 Echo: Charlie, sending you 4
2024-10-14 20:16:34.725036 Hotel: Mike, sending you 1
2024-10-14 20:16:34.725859 Tango: November and Golf, sending you 3
2024-10-14 20:16:34.728189 November: Golf, sending you 3
2024-10-14 20:16:34.729109 Golf: Echo, sending you 1
2024-10-14 20:16:34.731904 Quebec: Mike, sending you 4
2024-10-14 20:16:34.732719 Echo: Golf, sending you 5
2024-10-14 20:16:34.735673 Golf: November and Tango, sending you 2
chatterbot Bravo submitting transactions
chatterbot Charlie submitting transactions
chatterbot Echo submitting transactions
chatterbot Golf submitting transactions
chatterbot Hotel submitting transactions
chatterbot November submitting transactions
chatterbot X-ray submitting transactions
chatterbot Quebec submitting transactions
chatterbot Tango submitting transactions
chatterbot Mike submitting transactions
ChatterBot X-ray round 2
ChatterBot Echo round 2
ChatterBot Charlie round 2
ChatterBot Quebec round 2
ChatterBot November round 2
ChatterBot Hotel round 2
ChatterBot Mike round 2
2024-10-14 20:16:35.967019 Quebec: Can we be friends?
ChatterBot Hotel reevaluating
ChatterBot Mike reevaluating
ChatterBot Bravo reevaluating
2024-10-14 20:16:35.992999 Hotel: Yes
2024-10-14 20:16:35.993229 Mike: Yes
2024-10-14 20:16:35.993392 Bravo: No
ChatterBot Mike reevaluating
ChatterBot Bravo reevaluating
ChatterBot Hotel reevaluating
ChatterBot Bravo reevaluating
ChatterBot Hotel reevaluating
ChatterBot Mike reevaluating
ChatterBot Golf round 2
ChatterBot Bravo round 2
ChatterBot Tango round 2
2024-10-14 20:16:36.057524 Echo: Friends?
ChatterBot Hotel reevaluating
ChatterBot Mike reevaluating
2024-10-14 20:16:36.079835 X-ray: No
2024-10-14 20:16:36.080029 Charlie: No
2024-10-14 20:16:36.080149 Quebec: No
2024-10-14 20:16:36.080256 Hotel: No
2024-10-14 20:16:36.080354 Mike: No
ChatterBot Hotel reevaluating
ChatterBot Mike reevaluating
ChatterBot Hotel reevaluating
ChatterBot Mike reevaluating
ChatterBot Hotel reevaluating
ChatterBot Mike reevaluating
ChatterBot Mike reevaluating
ChatterBot Hotel reevaluating
2024-10-14 20:16:36.216746 Golf: We should group up
ChatterBot Tango reevaluating
ChatterBot Hotel reevaluating
2024-10-14 20:16:36.359687 X-ray: No
2024-10-14 20:16:36.360652 Echo: No
2024-10-14 20:16:36.360971 Charlie: No
2024-10-14 20:16:36.361280 November: No
2024-10-14 20:16:36.362202 Tango: No
2024-10-14 20:16:36.362584 Quebec: No
2024-10-14 20:16:36.363047 Hotel: No
2024-10-14 20:16:36.364041 Mike: No
ChatterBot Tango reevaluating
ChatterBot Hotel reevaluating
ChatterBot Tango reevaluating
ChatterBot Hotel reevaluating
ChatterBot Tango reevaluating
ChatterBot Hotel reevaluating
ChatterBot Tango reevaluating
ChatterBot Hotel reevaluating
ChatterBot Hotel reevaluating
ChatterBot Tango reevaluating
ChatterBot Hotel reevaluating
ChatterBot Tango reevaluating
ChatterBot Tango reevaluating
ChatterBot Hotel reevaluating
2024-10-14 20:16:36.700583 Bravo: We should replace Charlie with Mike
2024-10-14 20:16:36.878292 X-ray: Echo, Charlie and Tango, sending you 3
2024-10-14 20:16:36.879376 Charlie: X-ray, Echo, November and Tango, sending you 4
2024-10-14 20:16:36.879827 Quebec: Hotel, sending you 9
2024-10-14 20:16:36.880741 Bravo: Mike we want you to join our group
2024-10-14 20:16:36.885245 Mike: Yes
ChatterBot Bravo reevaluating
2024-10-14 20:16:36.892121 Bravo: We should replace Charlie with Hotel
chatterbot November submitting transactions
2024-10-14 20:16:36.893035 X-ray: November and Golf, sending you 4
2024-10-14 20:16:36.893454 Charlie: Golf, sending you 2
2024-10-14 20:16:36.894291 Golf: X-ray, Charlie, Quebec, November, Hotel, Mike and Tango, sending you 1
2024-10-14 20:16:36.894696 Quebec: Mike, sending you 4
2024-10-14 20:16:36.894981 Echo: X-ray and Charlie, sending you 3
2024-10-14 20:16:36.980534 November: X-ray and Echo, sending you 2
2024-10-14 20:16:36.981352 Hotel: Quebec, sending you 9
2024-10-14 20:16:36.981601 Mike: Quebec, sending you 7
2024-10-14 20:16:36.981851 Echo: Quebec, Hotel and Mike, sending you 2
2024-10-14 20:16:36.982610 Bravo: Hotel we want you to join our group
2024-10-14 20:16:36.986399 Hotel: Yes
ChatterBot Bravo reevaluating
2024-10-14 20:16:36.991258 Golf: Echo, sending you 2
chatterbot Mike submitting transactions
chatterbot Golf submitting transactions
2024-10-14 20:16:36.991859 November: Charlie, Golf and Tango, sending you 3
2024-10-14 20:16:36.992533 Hotel: Mike, sending you 5
2024-10-14 20:16:36.992737 Mike: Hotel, sending you 2
2024-10-14 20:16:36.992928 Tango: X-ray, Charlie and Golf, sending you 2
2024-10-14 20:16:37.083003 Hotel: Bravo, sending you 1
2024-10-14 20:16:37.083367 Tango: November, sending you 3
chatterbot Quebec submitting transactions
chatterbot X-ray submitting transactions
2024-10-14 20:16:37.225624 Bravo: Sending you 4
chatterbot Charlie submitting transactions
chatterbot Echo submitting transactions
chatterbot Hotel submitting transactions
chatterbot Tango submitting transactions
chatterbot Bravo submitting transactions
ChatterBot X-ray round 3
ChatterBot Echo round 3
ChatterBot Charlie round 3
ChatterBot Quebec round 3
ChatterBot November round 3
ChatterBot Hotel round 3
ChatterBot Mike round 3
ChatterBot Golf round 3
ChatterBot Bravo round 3
ChatterBot Tango round 3
2024-10-14 20:16:38.182429 Bravo: We should replace Hotel with Mike
2024-10-14 20:16:38.187862 Bravo: Mike we want you to join our group
2024-10-14 20:16:38.193479 Mike: Yes
ChatterBot Bravo reevaluating
2024-10-14 20:16:38.199868 Bravo: We should replace Hotel with Echo
2024-10-14 20:16:38.200243 Echo: X-ray and Golf, sending you 3
2024-10-14 20:16:38.202683 X-ray: Echo, November, Golf and Tango, sending you 3
2024-10-14 20:16:38.203765 Quebec: Hotel, sending you 9
2024-10-14 20:16:38.204122 Echo: Charlie, sending you 4
2024-10-14 20:16:38.204413 Golf: X-ray and November, sending you 2
2024-10-14 20:16:38.204845 Hotel: Quebec, sending you 8
2024-10-14 20:16:38.205769 Mike: Quebec, sending you 7
2024-10-14 20:16:38.206759 Bravo: Echo we want you to join our group
2024-10-14 20:16:38.211536 Echo: No
ChatterBot Bravo reevaluating
2024-10-14 20:16:38.216688 Bravo: We should replace Hotel with November
2024-10-14 20:16:38.216889 Charlie: X-ray, Echo, November and Tango, sending you 4
2024-10-14 20:16:38.217985 X-ray: Charlie, sending you 5
2024-10-14 20:16:38.218356 Quebec: Mike, sending you 7
2024-10-14 20:16:38.218757 Echo: November, sending you 2
2024-10-14 20:16:38.219669 Golf: Echo, Charlie, Quebec, Hotel and Tango, sending you 1
2024-10-14 20:16:38.220116 Mike: Hotel, sending you 5
2024-10-14 20:16:38.220387 November: X-ray, Charlie and Tango, sending you 3
2024-10-14 20:16:38.220755 Hotel: Mike, sending you 3
2024-10-14 20:16:38.221668 Charlie: Golf, sending you 2
2024-10-14 20:16:38.223708 Tango: X-ray and November, sending you 2
2024-10-14 20:16:38.224874 Bravo: November we want you to join our group
2024-10-14 20:16:38.227727 November: No
ChatterBot Bravo reevaluating
2024-10-14 20:16:38.231779 Bravo: We should replace Hotel with Golf
2024-10-14 20:16:38.232035 November: Echo and Golf, sending you 2
2024-10-14 20:16:38.232389 Hotel: Bravo, sending you 4
2024-10-14 20:16:38.232702 Tango: Echo and Golf, sending you 1
2024-10-14 20:16:38.237062 Tango: Charlie, sending you 3
2024-10-14 20:16:38.241749 Bravo: Golf we want you to join our group
2024-10-14 20:16:38.246294 Golf: No
ChatterBot Bravo reevaluating
2024-10-14 20:16:38.290691 Bravo: Sending you 6
chatterbot X-ray submitting transactions
chatterbot Bravo submitting transactions
chatterbot Quebec submitting transactions
chatterbot Charlie submitting transactions
chatterbot Hotel submitting transactions
chatterbot Mike submitting transactions
chatterbot November submitting transactions
chatterbot Echo submitting transactions
chatterbot Golf submitting transactions
chatterbot Tango submitting transactions
ChatterBot X-ray round 4
ChatterBot Echo round 4
ChatterBot Charlie round 4
ChatterBot Quebec round 4
ChatterBot November round 4
ChatterBot Hotel round 4
ChatterBot Mike round 4
ChatterBot Golf round 4
ChatterBot Bravo round 4
ChatterBot Tango round 4
2024-10-14 20:16:39.349140 Echo: We should replace Golf with Tango
2024-10-14 20:16:39.365657 X-ray: No
2024-10-14 20:16:39.365947 Charlie: No
2024-10-14 20:16:39.366158 November: No
ChatterBot Echo reevaluating
ChatterBot Echo reevaluating
ChatterBot Echo reevaluating
2024-10-14 20:16:39.414761 Bravo: We should replace Golf with Hotel
2024-10-14 20:16:39.421231 Bravo: Hotel we want you to join our group
2024-10-14 20:16:39.425813 Hotel: Yes
ChatterBot Bravo reevaluating
2024-10-14 20:16:39.430548 Bravo: We should replace Golf with Tango
2024-10-14 20:16:39.434699 November: X-ray, Charlie and Tango, sending you 3
2024-10-14 20:16:39.435357 Quebec: Hotel, sending you 9
2024-10-14 20:16:39.435776 Mike: Quebec, sending you 8
2024-10-14 20:16:39.436126 Golf: X-ray, Echo and November, sending you 2
2024-10-14 20:16:39.437239 Hotel: Quebec, sending you 9
2024-10-14 20:16:39.438693 November: Echo and Golf, sending you 2
2024-10-14 20:16:39.439913 Mike: Hotel, sending you 4
2024-10-14 20:16:39.440256 Charlie: X-ray, Echo, November and Tango, sending you 4
2024-10-14 20:16:39.440869 Bravo: Tango we want you to join our group
2024-10-14 20:16:39.444352 Tango: No
ChatterBot Bravo reevaluating
2024-10-14 20:16:39.449216 Quebec: Mike, sending you 7
2024-10-14 20:16:39.449631 Hotel: Mike, sending you 4
2024-10-14 20:16:39.450558 Golf: Charlie, Hotel and Tango, sending you 1
2024-10-14 20:16:39.451068 X-ray: Echo, November, Golf and Tango, sending you 3
2024-10-14 20:16:39.451536 Charlie: Golf, sending you 2
2024-10-14 20:16:39.453132 Hotel: Bravo, sending you 2
2024-10-14 20:16:39.453686 X-ray: Charlie, sending you 5
2024-10-14 20:16:39.454682 Tango: X-ray and November, sending you 2
2024-10-14 20:16:39.455888 Echo: X-ray, sending you 3
2024-10-14 20:16:39.458706 Echo: Charlie, sending you 5
2024-10-14 20:16:39.461229 Tango: Charlie, sending you 4
2024-10-14 20:16:39.461911 Echo: November and Golf, sending you 2
2024-10-14 20:16:39.466259 Tango: Golf, sending you 1
2024-10-14 20:16:39.481685 Bravo: Sending you 6
chatterbot Quebec submitting transactions
chatterbot November submitting transactions
chatterbot Tango submitting transactions
chatterbot Hotel submitting transactions
chatterbot Charlie submitting transactions
chatterbot Bravo submitting transactions
chatterbot Mike submitting transactions
chatterbot X-ray submitting transactions
chatterbot Golf submitting transactions
chatterbot Echo submitting transactions
ChatterBot X-ray round 5
ChatterBot Echo round 5
ChatterBot Charlie round 5
ChatterBot Quebec round 5
ChatterBot November round 5
ChatterBot Hotel round 5
ChatterBot Mike round 5
ChatterBot Golf round 5
ChatterBot Bravo round 5
ChatterBot Tango round 5
2024-10-14 20:16:40.676823 Bravo: We should replace Tango with November
2024-10-14 20:16:40.681064 Bravo: November we want you to join our group
2024-10-14 20:16:40.684022 November: No
ChatterBot Bravo reevaluating
2024-10-14 20:16:40.687150 Bravo: We should replace Tango with Hotel
2024-10-14 20:16:40.687354 X-ray: Echo, November, Golf and Tango, sending you 3
2024-10-14 20:16:40.691657 Bravo: Hotel we want you to join our group
2024-10-14 20:16:40.694640 Hotel: Yes
ChatterBot Bravo reevaluating
2024-10-14 20:16:40.697309 Echo: X-ray and Golf, sending you 3
2024-10-14 20:16:40.697606 X-ray: Charlie, sending you 5
2024-10-14 20:16:40.698035 Golf: X-ray, Echo, Charlie and November, sending you 2
2024-10-14 20:16:40.698352 Charlie: X-ray, Echo, November and Tango, sending you 4
2024-10-14 20:16:40.698717 Quebec: Hotel, sending you 9
2024-10-14 20:16:40.700650 Echo: Charlie, sending you 4
2024-10-14 20:16:40.700888 Golf: Tango, sending you 1
2024-10-14 20:16:40.701666 Charlie: Golf, sending you 2
2024-10-14 20:16:40.702088 Hotel: Quebec, sending you 9
2024-10-14 20:16:40.702737 November: X-ray, Charlie, Golf and Tango, sending you 3
2024-10-14 20:16:40.703149 Mike: Quebec, sending you 8
2024-10-14 20:16:40.703677 Quebec: Mike, sending you 8
2024-10-14 20:16:40.703993 Echo: November, sending you 2
2024-10-14 20:16:40.705662 Hotel: Mike, sending you 4
2024-10-14 20:16:40.706296 Mike: Hotel, sending you 4
2024-10-14 20:16:40.707672 November: Echo, sending you 1
2024-10-14 20:16:40.708702 Hotel: Bravo, sending you 2
2024-10-14 20:16:40.711685 Tango: X-ray and November, sending you 2
2024-10-14 20:16:40.718667 Tango: Charlie, sending you 4
2024-10-14 20:16:40.723663 Tango: Golf, sending you 1
2024-10-14 20:16:40.729334 Bravo: Sending you 5
chatterbot Bravo submitting transactions
chatterbot Mike submitting transactions
chatterbot Charlie submitting transactions
chatterbot Echo submitting transactions
chatterbot Golf submitting transactions
chatterbot November submitting transactions
chatterbot Hotel submitting transactions
chatterbot Tango submitting transactions
chatterbot Quebec submitting transactions
chatterbot X-ray submitting transactions
ChatterBot X-ray round 6
ChatterBot Echo round 6
ChatterBot Charlie round 6
ChatterBot Quebec round 6
ChatterBot November round 6
ChatterBot Hotel round 6
ChatterBot Mike round 6
ChatterBot Golf round 6
ChatterBot Bravo round 6
ChatterBot Tango round 6
2024-10-14 20:16:41.861118 Hotel: We should add Echo
ChatterBot Bravo reevaluating
2024-10-14 20:16:41.867790 Quebec: No
2024-10-14 20:16:41.867949 Mike: No
2024-10-14 20:16:41.868119 Bravo: No
ChatterBot Hotel reevaluating
ChatterBot Bravo reevaluating
ChatterBot Quebec reevaluating
ChatterBot Hotel reevaluating
ChatterBot Bravo reevaluating
ChatterBot Quebec reevaluating
ChatterBot Hotel reevaluating
ChatterBot Mike reevaluating
2024-10-14 20:16:41.898170 Bravo: We should add Quebec
ChatterBot Hotel reevaluating
2024-10-14 20:16:41.900343 Hotel: Yes
ChatterBot Bravo reevaluating
2024-10-14 20:16:41.907529 Hotel: We should add Golf
ChatterBot Quebec reevaluating
ChatterBot Mike reevaluating
ChatterBot Bravo reevaluating
2024-10-14 20:16:41.914248 Quebec: No
2024-10-14 20:16:41.914426 Mike: No
2024-10-14 20:16:41.914587 Bravo: No
ChatterBot Hotel reevaluating
ChatterBot Mike reevaluating
ChatterBot Bravo reevaluating
ChatterBot Quebec reevaluating
ChatterBot Hotel reevaluating
ChatterBot Bravo reevaluating
ChatterBot Quebec reevaluating
ChatterBot Hotel reevaluating
ChatterBot Mike reevaluating
2024-10-14 20:16:41.935744 X-ray: Echo, November, Golf and Tango, sending you 3
2024-10-14 20:16:41.939813 Bravo: Quebec we want you to join our group
ChatterBot Quebec reevaluating
2024-10-14 20:16:41.942857 Quebec: Yes
ChatterBot Hotel reevaluating
2024-10-14 20:16:41.947678 November: X-ray, Charlie, Golf and Tango, sending you 3
2024-10-14 20:16:41.948230 Charlie: X-ray, Echo, November and Tango, sending you 4
2024-10-14 20:16:41.948751 X-ray: Charlie, sending you 5
2024-10-14 20:16:41.949271 Echo: X-ray and Golf, sending you 3
2024-10-14 20:16:41.951666 November: Echo, sending you 1
2024-10-14 20:16:41.952668 Charlie: Golf, sending you 2
2024-10-14 20:16:41.953344 Golf: X-ray, Echo, Charlie and November, sending you 2
2024-10-14 20:16:41.953750 Echo: Charlie, sending you 4
2024-10-14 20:16:41.956760 Hotel: Golf we want you to join our group
ChatterBot Golf reevaluating
2024-10-14 20:16:41.959557 Golf: No
ChatterBot Hotel reevaluating
ChatterBot Quebec reevaluating
2024-10-14 20:16:41.968650 Golf: We should replace Bravo with Mike
2024-10-14 20:16:41.978710 Charlie: No
2024-10-14 20:16:41.978906 X-ray: No
2024-10-14 20:16:41.979044 November: No
2024-10-14 20:16:41.979172 Echo: No
2024-10-14 20:16:41.979293 Tango: No
ChatterBot Golf reevaluating
ChatterBot Golf reevaluating
ChatterBot Golf reevaluating
ChatterBot Golf reevaluating
ChatterBot Golf reevaluating
2024-10-14 20:16:42.022714 Tango: X-ray and November, sending you 2
2024-10-14 20:16:42.023200 Echo: November, sending you 2
2024-10-14 20:16:42.023973 Mike: Quebec, sending you 8
2024-10-14 20:16:42.026655 Tango: Charlie, sending you 4
2024-10-14 20:16:42.027730 Bravo: Hotel, sending you 6
2024-10-14 20:16:42.028714 Mike: Hotel, sending you 4
2024-10-14 20:16:42.030671 Tango: Golf, sending you 1
2024-10-14 20:16:42.036672 Hotel: Quebec, sending you 8
2024-10-14 20:16:42.041983 Hotel: Mike, sending you 4
2024-10-14 20:16:42.044661 Quebec: Hotel, sending you 9
2024-10-14 20:16:42.045666 Hotel: Bravo, sending you 3
2024-10-14 20:16:42.048654 Quebec: Mike, sending you 8
chatterbot Charlie submitting transactions
chatterbot Bravo submitting transactions
chatterbot Echo submitting transactions
chatterbot Mike submitting transactions
chatterbot November submitting transactions
chatterbot Tango submitting transactions
chatterbot Quebec submitting transactions
chatterbot X-ray submitting transactions
chatterbot Hotel submitting transactions
chatterbot Golf submitting transactions
ChatterBot X-ray round 7
ChatterBot Echo round 7
ChatterBot Charlie round 7
ChatterBot Quebec round 7
ChatterBot November round 7
ChatterBot Hotel round 7
ChatterBot Mike round 7
ChatterBot Golf round 7
ChatterBot Bravo round 7
ChatterBot Tango round 7
2024-10-14 20:16:43.286688 Echo: X-ray and Golf, sending you 3
2024-10-14 20:16:43.287231 Charlie: X-ray, Echo and Tango, sending you 4
2024-10-14 20:16:43.290654 Mike: Quebec, sending you 8
2024-10-14 20:16:43.291145 Echo: Charlie, sending you 4
2024-10-14 20:16:43.291681 Charlie: November and Golf, sending you 3
2024-10-14 20:16:43.292696 Golf: X-ray, Echo, Charlie and November, sending you 2
2024-10-14 20:16:43.294651 Echo: November, sending you 2
2024-10-14 20:16:43.295093 Quebec: Hotel, sending you 9
2024-10-14 20:16:43.295672 Mike: Hotel, sending you 4
2024-10-14 20:16:43.296089 Golf: Tango, sending you 1
2024-10-14 20:16:43.296685 November: X-ray, Charlie, Golf and Tango, sending you 3
2024-10-14 20:16:43.297163 Hotel: Quebec, sending you 8
2024-10-14 20:16:43.298661 Tango: X-ray and November, sending you 2
2024-10-14 20:16:43.299155 Quebec: Mike, sending you 8
2024-10-14 20:16:43.299678 Hotel: Mike, sending you 4
2024-10-14 20:16:43.300661 Bravo: Hotel, sending you 7
2024-10-14 20:16:43.300939 X-ray: Echo, November, Golf and Tango, sending you 3
2024-10-14 20:16:43.301665 November: Echo, sending you 1
2024-10-14 20:16:43.302168 Tango: Charlie, sending you 4
2024-10-14 20:16:43.302698 Hotel: Bravo, sending you 3
2024-10-14 20:16:43.306032 X-ray: Charlie, sending you 5
2024-10-14 20:16:43.306692 Tango: Golf, sending you 1
chatterbot Bravo submitting transactions
chatterbot Charlie submitting transactions
chatterbot Golf submitting transactions
chatterbot November submitting transactions
chatterbot Mike submitting transactions
chatterbot Tango submitting transactions
chatterbot Echo submitting transactions
chatterbot X-ray submitting transactions
chatterbot Quebec submitting transactions
chatterbot Hotel submitting transactions
ChatterBot X-ray round 8
ChatterBot Echo round 8
ChatterBot Charlie round 8
ChatterBot Quebec round 8
ChatterBot November round 8
ChatterBot Hotel round 8
ChatterBot Mike round 8
ChatterBot Golf round 8
ChatterBot Bravo round 8
ChatterBot Tango round 8
2024-10-14 20:16:44.340271 Golf: We should replace Mike with Bravo
2024-10-14 20:16:44.353600 Charlie: No
2024-10-14 20:16:44.353856 X-ray: No
2024-10-14 20:16:44.354046 November: No
2024-10-14 20:16:44.354227 Echo: No
2024-10-14 20:16:44.354403 Tango: No
ChatterBot Golf reevaluating
2024-10-14 20:16:44.406879 Quebec: We should drop Echo
ChatterBot Hotel reevaluating
2024-10-14 20:16:44.414270 Hotel: No
2024-10-14 20:16:44.414482 Mike: Yes
2024-10-14 20:16:44.414658 Bravo: Yes
ChatterBot Hotel reevaluating
ChatterBot Hotel reevaluating
2024-10-14 20:16:44.442674 X-ray: Echo, November, Golf and Tango, sending you 3
2024-10-14 20:16:44.443884 November: X-ray, Charlie, Golf and Tango, sending you 3
2024-10-14 20:16:44.444593 Echo: X-ray and Golf, sending you 3
2024-10-14 20:16:44.444936 Charlie: X-ray, Echo and Tango, sending you 4
2024-10-14 20:16:44.447660 X-ray: Charlie, sending you 5
2024-10-14 20:16:44.448565 November: Echo, sending you 1
2024-10-14 20:16:44.449824 Charlie: November and Golf, sending you 3
2024-10-14 20:16:44.450679 Echo: Charlie, sending you 4
2024-10-14 20:16:44.455690 Echo: November, sending you 2
2024-10-14 20:16:44.457678 Quebec: Hotel, sending you 9
2024-10-14 20:16:44.458243 Bravo: Hotel, sending you 7
2024-10-14 20:16:44.460663 Mike: Quebec, sending you 8
2024-10-14 20:16:44.461695 Tango: X-ray and November, sending you 2
2024-10-14 20:16:44.463066 Quebec: Mike, sending you 8
2024-10-14 20:16:44.463562 Golf: X-ray, Echo, Charlie and November, sending you 2
2024-10-14 20:16:44.465666 Mike: Hotel, sending you 4
2024-10-14 20:16:44.467860 Tango: Charlie, sending you 4
2024-10-14 20:16:44.468741 Golf: Tango, sending you 1
2024-10-14 20:16:44.473658 Tango: Golf, sending you 1
chatterbot Golf submitting transactions
chatterbot Hotel submitting transactions
chatterbot Echo submitting transactions
chatterbot Bravo submitting transactions
chatterbot Tango submitting transactions
chatterbot Mike submitting transactions
chatterbot Quebec submitting transactions
chatterbot X-ray submitting transactions
chatterbot November submitting transactions
chatterbot Charlie submitting transactions
ChatterBot X-ray round 9
ChatterBot Echo round 9
ChatterBot Charlie round 9
ChatterBot Quebec round 9
ChatterBot November round 9
ChatterBot Hotel round 9
ChatterBot Mike round 9
ChatterBot Golf round 9
ChatterBot Bravo round 9
ChatterBot Tango round 9
2024-10-14 20:16:45.505878 Hotel: We should add Golf
ChatterBot Quebec reevaluating
2024-10-14 20:16:45.514781 Quebec: No
2024-10-14 20:16:45.515075 Mike: No
2024-10-14 20:16:45.515731 Bravo: No
ChatterBot Hotel reevaluating
ChatterBot Bravo reevaluating
ChatterBot Quebec reevaluating
ChatterBot Hotel reevaluating
ChatterBot Bravo reevaluating
ChatterBot Quebec reevaluating
ChatterBot Hotel reevaluating
2024-10-14 20:16:45.563928 X-ray: Echo, November, Golf and Tango, sending you 3
2024-10-14 20:16:45.569687 Echo: X-ray and Golf, sending you 3
2024-10-14 20:16:45.571376 X-ray: Charlie, sending you 5
2024-10-14 20:16:45.572973 Quebec: Hotel, sending you 9
2024-10-14 20:16:45.574959 Echo: Charlie, sending you 4
2024-10-14 20:16:45.576023 Charlie: X-ray, Echo and Tango, sending you 4
2024-10-14 20:16:45.579156 November: X-ray, Charlie, Golf and Tango, sending you 3
2024-10-14 20:16:45.580415 Quebec: Mike, sending you 8
2024-10-14 20:16:45.581846 Mike: Quebec, sending you 8
2024-10-14 20:16:45.586924 Echo: November, sending you 2
2024-10-14 20:16:45.590608 Tango: X-ray and November, sending you 2
2024-10-14 20:16:45.597239 Charlie: November and Golf, sending you 3
2024-10-14 20:16:45.604469 November: Echo, sending you 1
2024-10-14 20:16:45.605787 Mike: Hotel, sending you 4
2024-10-14 20:16:45.607799 Hotel: Quebec, sending you 8
2024-10-14 20:16:45.609220 Golf: X-ray, Echo, Charlie and November, sending you 2
2024-10-14 20:16:45.610907 Tango: Charlie, sending you 4
2024-10-14 20:16:45.612105 Bravo: Hotel, sending you 8
2024-10-14 20:16:45.613278 Hotel: Mike, sending you 4
2024-10-14 20:16:45.615088 Tango: Golf, sending you 1
2024-10-14 20:16:45.617288 Golf: Tango, sending you 1
2024-10-14 20:16:45.619588 Hotel: Bravo, sending you 3
chatterbot X-ray submitting transactions
chatterbot Echo submitting transactions
chatterbot Charlie submitting transactions
chatterbot Bravo submitting transactions
chatterbot Tango submitting transactions
chatterbot Mike submitting transactions
chatterbot Golf submitting transactions
chatterbot Quebec submitting transactions
chatterbot Hotel submitting transactions
chatterbot November submitting transactions
ChatterBot X-ray round 10
ChatterBot Echo round 10
ChatterBot Charlie round 10
ChatterBot Quebec round 10
ChatterBot November round 10
ChatterBot Hotel round 10
ChatterBot Mike round 10
ChatterBot Golf round 10
ChatterBot Bravo round 10
ChatterBot Tango round 10
2024-10-14 20:16:46.763610 Hotel: We should add Echo
2024-10-14 20:16:46.772583 Quebec: No
2024-10-14 20:16:46.772815 Mike: No
2024-10-14 20:16:46.772984 Bravo: No
ChatterBot Hotel reevaluating
ChatterBot Hotel reevaluating
2024-10-14 20:16:46.827438 Golf: We should replace Mike with Bravo
2024-10-14 20:16:46.845256 Charlie: No
2024-10-14 20:16:46.845502 X-ray: No
2024-10-14 20:16:46.845705 November: No
2024-10-14 20:16:46.845908 Echo: No
2024-10-14 20:16:46.846135 Tango: No
ChatterBot Golf reevaluating
ChatterBot Golf reevaluating
ChatterBot Golf reevaluating
ChatterBot Golf reevaluating
ChatterBot Golf reevaluating
2024-10-14 20:16:46.907168 Quebec: We should drop Echo
ChatterBot Hotel reevaluating
2024-10-14 20:16:46.913408 Hotel: Yes
2024-10-14 20:16:46.913546 Mike: Yes
2024-10-14 20:16:46.913656 Bravo: Yes
ChatterBot Quebec reevaluating
ChatterBot Quebec reevaluating
ChatterBot Hotel reevaluating
ChatterBot Quebec reevaluating
ChatterBot Hotel reevaluating
2024-10-14 20:16:46.940670 X-ray: Echo, November, Golf and Tango, sending you 3
2024-10-14 20:16:46.941937 Golf: We should drop Mike
2024-10-14 20:16:46.959031 Charlie: Yes
2024-10-14 20:16:46.959313 X-ray: Yes
2024-10-14 20:16:46.960661 November: Yes
2024-10-14 20:16:46.960931 Echo: Yes
2024-10-14 20:16:46.961157 Tango: Yes
ChatterBot Golf reevaluating
ChatterBot Golf reevaluating
ChatterBot Golf reevaluating
ChatterBot Golf reevaluating
ChatterBot Golf reevaluating
2024-10-14 20:16:47.041452 X-ray: Charlie, sending you 5
2024-10-14 20:16:47.045684 Mike: Quebec, sending you 8
2024-10-14 20:16:47.046302 Charlie: X-ray, Echo and Tango, sending you 4
2024-10-14 20:16:47.047903 Bravo: Hotel, sending you 9
2024-10-14 20:16:47.048270 November: X-ray, Charlie, Golf and Tango, sending you 3
2024-10-14 20:16:47.048980 Echo: X-ray and Golf, sending you 3
2024-10-14 20:16:47.049851 Quebec: Hotel, sending you 9
2024-10-14 20:16:47.050739 Mike: Hotel, sending you 4
2024-10-14 20:16:47.052696 Charlie: November and Golf, sending you 3
2024-10-14 20:16:47.054029 November: Echo, sending you 1
2024-10-14 20:16:47.055152 Echo: Charlie, sending you 4
2024-10-14 20:16:47.056284 Quebec: Mike, sending you 8
2024-10-14 20:16:47.056880 Tango: X-ray and November, sending you 2
2024-10-14 20:16:47.058408 Hotel: Quebec, sending you 7
2024-10-14 20:16:47.060125 Echo: November, sending you 2
2024-10-14 20:16:47.062031 Hotel: Mike and Bravo, sending you 4
2024-10-14 20:16:47.062691 Tango: Charlie, sending you 4
2024-10-14 20:16:47.066660 Tango: Golf, sending you 1
2024-10-14 20:16:47.070652 Golf: X-ray, Echo, Charlie and November, sending you 2
2024-10-14 20:16:47.074764 Golf: Tango, sending you 1
chatterbot X-ray submitting transactions
chatterbot November submitting transactions
chatterbot Mike submitting transactions
chatterbot Charlie submitting transactions
chatterbot Echo submitting transactions
chatterbot Hotel submitting transactions
chatterbot Golf submitting transactions
chatterbot Quebec submitting transactions
chatterbot Tango submitting transactions
chatterbot Bravo submitting transactions
ChatterBot X-ray round 11
ChatterBot Echo round 11
ChatterBot Charlie round 11
ChatterBot Quebec round 11
ChatterBot November round 11
ChatterBot Hotel round 11
ChatterBot Mike round 11
ChatterBot Golf round 11
ChatterBot Bravo round 11
ChatterBot Tango round 11
2024-10-14 20:16:48.228713 Golf: We should add Bravo
2024-10-14 20:16:48.240553 Charlie: No
2024-10-14 20:16:48.240823 X-ray: No
2024-10-14 20:16:48.240989 November: No
2024-10-14 20:16:48.241138 Echo: No
2024-10-14 20:16:48.241289 Tango: No
ChatterBot Golf reevaluating
ChatterBot Golf reevaluating
ChatterBot Golf reevaluating
ChatterBot Golf reevaluating
ChatterBot Golf reevaluating
2024-10-14 20:16:48.307527 Quebec: We should drop Echo
ChatterBot Hotel reevaluating
2024-10-14 20:16:48.315151 Hotel: Yes
2024-10-14 20:16:48.315364 Mike: Yes
2024-10-14 20:16:48.315503 Bravo: Yes
ChatterBot Quebec reevaluating
ChatterBot Quebec reevaluating
ChatterBot Hotel reevaluating
ChatterBot Quebec reevaluating
ChatterBot Hotel reevaluating
2024-10-14 20:16:48.340662 Charlie: X-ray, Echo and Tango, sending you 4
2024-10-14 20:16:48.342627 Echo: X-ray and Golf, sending you 3
2024-10-14 20:16:48.343882 X-ray: Echo, November, Golf and Tango, sending you 3
2024-10-14 20:16:48.345492 Charlie: November and Golf, sending you 3
2024-10-14 20:16:48.347041 Echo: Charlie, sending you 4
2024-10-14 20:16:48.347793 X-ray: Charlie, sending you 5
2024-10-14 20:16:48.349544 November: X-ray, Charlie, Golf and Tango, sending you 3
2024-10-14 20:16:48.350799 Echo: November, sending you 2
2024-10-14 20:16:48.352675 Tango: X-ray and November, sending you 2
2024-10-14 20:16:48.354182 November: Echo, sending you 1
2024-10-14 20:16:48.355294 Mike: Quebec, sending you 8
2024-10-14 20:16:48.356689 Bravo: Hotel, sending you 9
2024-10-14 20:16:48.357260 Tango: Charlie, sending you 4
2024-10-14 20:16:48.358738 Mike: Hotel, sending you 4
2024-10-14 20:16:48.359691 Golf: X-ray, Echo, Charlie and November, sending you 2
2024-10-14 20:16:48.361162 Hotel: Quebec, sending you 7
2024-10-14 20:16:48.361714 Tango: Golf, sending you 1
2024-10-14 20:16:48.365695 Golf: Tango, sending you 1
2024-10-14 20:16:48.367111 Hotel: Mike and Bravo, sending you 4
chatterbot X-ray submitting transactions
chatterbot Charlie submitting transactions
chatterbot Tango submitting transactions
chatterbot Hotel submitting transactions
chatterbot Bravo submitting transactions
chatterbot Echo submitting transactions
chatterbot November submitting transactions
chatterbot Mike submitting transactions
chatterbot Quebec submitting transactions
chatterbot Golf submitting transactions
ChatterBot X-ray round 12
ChatterBot Echo round 12
ChatterBot Charlie round 12
ChatterBot Quebec round 12
ChatterBot November round 12
ChatterBot Hotel round 12
ChatterBot Mike round 12
ChatterBot Golf round 12
ChatterBot Bravo round 12
ChatterBot Tango round 12
2024-10-14 20:16:49.386218 Hotel: We should add Echo
ChatterBot Quebec reevaluating
2024-10-14 20:16:49.397393 Quebec: Yes
2024-10-14 20:16:49.397619 Mike: No
2024-10-14 20:16:49.397837 Bravo: No
ChatterBot Hotel reevaluating
ChatterBot Quebec reevaluating
ChatterBot Hotel reevaluating
ChatterBot Quebec reevaluating
ChatterBot Hotel reevaluating
2024-10-14 20:16:49.445179 Hotel: We should add Golf
ChatterBot Quebec reevaluating
2024-10-14 20:16:49.452200 Quebec: No
2024-10-14 20:16:49.452350 Mike: No
2024-10-14 20:16:49.452468 Bravo: No
ChatterBot Hotel reevaluating
ChatterBot Quebec reevaluating
ChatterBot Hotel reevaluating
ChatterBot Quebec reevaluating
ChatterBot Hotel reevaluating
2024-10-14 20:16:49.477657 November: X-ray, Charlie, Golf and Tango, sending you 3
2024-10-14 20:16:49.478930 Charlie: X-ray, Echo and Tango, sending you 4
2024-10-14 20:16:49.483671 November: Echo, sending you 1
2024-10-14 20:16:49.484596 Charlie: November and Golf, sending you 3
2024-10-14 20:16:49.485650 Bravo: Hotel, sending you 9
2024-10-14 20:16:49.488663 X-ray: Echo, November, Golf and Tango, sending you 3
2024-10-14 20:16:49.490565 Golf: X-ray, Echo, Charlie and November, sending you 2
2024-10-14 20:16:49.491827 Tango: X-ray and November, sending you 2
2024-10-14 20:16:49.493862 Mike: Quebec, sending you 8
2024-10-14 20:16:49.494635 X-ray: Charlie, sending you 5
2024-10-14 20:16:49.496671 Golf: Tango, sending you 1
2024-10-14 20:16:49.498030 Echo: X-ray and Golf, sending you 3
2024-10-14 20:16:49.499212 Mike: Hotel, sending you 4
2024-10-14 20:16:49.500156 Tango: Charlie, sending you 4
2024-10-14 20:16:49.501774 Echo: Charlie, sending you 4
2024-10-14 20:16:49.504734 Tango: Golf, sending you 1
2024-10-14 20:16:49.505444 Echo: November, sending you 2
chatterbot Quebec submitting transactions
chatterbot Tango submitting transactions
chatterbot Hotel submitting transactions
chatterbot Mike submitting transactions
chatterbot Bravo submitting transactions
chatterbot Echo submitting transactions
chatterbot X-ray submitting transactions
chatterbot Golf submitting transactions
chatterbot Charlie submitting transactions
chatterbot November submitting transactions
ChatterBot X-ray round 13
ChatterBot Echo round 13
ChatterBot Charlie round 13
ChatterBot Quebec round 13
ChatterBot November round 13
ChatterBot Hotel round 13
ChatterBot Mike round 13
ChatterBot Golf round 13
ChatterBot Bravo round 13
ChatterBot Tango round 13
2024-10-14 20:16:50.565689 Echo: X-ray and Golf, sending you 3
2024-10-14 20:16:50.568666 Golf: X-ray, Echo, Charlie and November, sending you 2
2024-10-14 20:16:50.571588 November: X-ray, Charlie, Golf and Tango, sending you 3
2024-10-14 20:16:50.573774 Echo: Charlie, sending you 4
2024-10-14 20:16:50.574972 Mike: Quebec, sending you 8
2024-10-14 20:16:50.576947 Charlie: X-ray, Echo and Tango, sending you 4
2024-10-14 20:16:50.579187 Golf: Tango, sending you 1
2024-10-14 20:16:50.581379 Echo: November, sending you 2
2024-10-14 20:16:50.582586 November: Echo, sending you 1
2024-10-14 20:16:50.584624 Mike: Hotel, sending you 4
2024-10-14 20:16:50.585536 Charlie: November and Golf, sending you 3
2024-10-14 20:16:50.587608 Bravo: Hotel, sending you 9
2024-10-14 20:16:50.588993 Quebec: Hotel, sending you 9
2024-10-14 20:16:50.589908 Hotel: Quebec, sending you 7
2024-10-14 20:16:50.591335 X-ray: Echo, November, Golf and Tango, sending you 3
2024-10-14 20:16:50.593663 Tango: X-ray and November, sending you 2
2024-10-14 20:16:50.596127 Quebec: Mike, sending you 8
2024-10-14 20:16:50.597230 Hotel: Mike and Bravo, sending you 4
2024-10-14 20:16:50.598155 X-ray: Charlie, sending you 5
2024-10-14 20:16:50.601009 Tango: Charlie, sending you 4
2024-10-14 20:16:50.605678 Tango: Golf, sending you 1
chatterbot X-ray submitting transactions
chatterbot Golf submitting transactions
chatterbot November submitting transactions
chatterbot Echo submitting transactions
chatterbot Hotel submitting transactions
chatterbot Tango submitting transactions
chatterbot Bravo submitting transactions
chatterbot Charlie submitting transactions
chatterbot Quebec submitting transactions
chatterbot Mike submitting transactions
ChatterBot X-ray round 14
ChatterBot Echo round 14
ChatterBot Charlie round 14
ChatterBot Quebec round 14
ChatterBot November round 14
ChatterBot Hotel round 14
ChatterBot Mike round 14
ChatterBot Golf round 14
ChatterBot Bravo round 14
ChatterBot Tango round 14
2024-10-14 20:16:51.736621 Golf: We should add Hotel
2024-10-14 20:16:51.753518 Charlie: No
2024-10-14 20:16:51.756039 X-ray: No
2024-10-14 20:16:51.757360 November: No
2024-10-14 20:16:51.759623 Echo: No
2024-10-14 20:16:51.761639 Tango: No
ChatterBot Golf reevaluating
ChatterBot Golf reevaluating
ChatterBot Golf reevaluating
ChatterBot Golf reevaluating
ChatterBot Golf reevaluating
2024-10-14 20:16:51.904448 Hotel: We should add Echo
ChatterBot Quebec reevaluating
2024-10-14 20:16:51.920190 Quebec: Yes
2024-10-14 20:16:51.920436 Mike: No
2024-10-14 20:16:51.920623 Bravo: No
ChatterBot Hotel reevaluating
ChatterBot Quebec reevaluating
ChatterBot Hotel reevaluating
ChatterBot Quebec reevaluating
ChatterBot Hotel reevaluating
2024-10-14 20:16:51.969683 Hotel: Echo we want you to join our group
2024-10-14 20:16:51.975290 Echo: No
ChatterBot Quebec reevaluating
ChatterBot Hotel reevaluating
2024-10-14 20:16:52.000678 Tango: X-ray and November, sending you 2
2024-10-14 20:16:52.003503 November: X-ray, Charlie, Golf and Tango, sending you 3
2024-10-14 20:16:52.004573 Bravo: Hotel, sending you 9
2024-10-14 20:16:52.006061 X-ray: Echo, November, Golf and Tango, sending you 3
2024-10-14 20:16:52.007598 Mike: Quebec, sending you 8
