ChatterBot Foxtrot round 1
ChatterBot Golf round 1
ChatterBot X-ray round 1
ChatterBot Zulu round 1
ChatterBot Uniform round 1
ChatterBot India round 1
ChatterBot Echo round 1
ChatterBot Whiskey round 1
ChatterBot Juliett round 1
ChatterBot Tango round 1
randomSelections India: {India, Foxtrot, Golf, Juliett, Zulu, Echo, X-ray} 
2024-10-14 20:16:34.740376 India: Friends?
ChatterBot Foxtrot reevaluating
ChatterBot Golf reevaluating
ChatterBot Juliett reevaluating
ChatterBot Zulu reevaluating
ChatterBot Echo reevaluating
ChatterBot X-ray reevaluating
2024-10-14 20:16:34.755974 Foxtrot: Yes
2024-10-14 20:16:34.756257 Golf: Yes
2024-10-14 20:16:34.757276 Juliett: Yes
2024-10-14 20:16:34.757413 Zulu: Yes
2024-10-14 20:16:34.757636 Echo: Yes
2024-10-14 20:16:34.758022 X-ray: Yes
ChatterBot Golf reevaluating
ChatterBot Juliett reevaluating
ChatterBot Zulu reevaluating
ChatterBot Echo reevaluating
ChatterBot X-ray reevaluating
ChatterBot Foxtrot reevaluating
ChatterBot Juliett reevaluating
ChatterBot Zulu reevaluating
ChatterBot Echo reevaluating
ChatterBot X-ray reevaluating
ChatterBot Foxtrot reevaluating
ChatterBot Golf reevaluating
ChatterBot Zulu reevaluating
ChatterBot Echo reevaluating
ChatterBot X-ray reevaluating
ChatterBot Foxtrot reevaluating
ChatterBot Golf reevaluating
ChatterBot Juliett reevaluating
ChatterBot Echo reevaluating
ChatterBot X-ray reevaluating
ChatterBot Foxtrot reevaluating
ChatterBot Golf reevaluating
ChatterBot Juliett reevaluating
ChatterBot Zulu reevaluating
ChatterBot X-ray reevaluating
ChatterBot Foxtrot reevaluating
ChatterBot Golf reevaluating
ChatterBot Juliett reevaluating
ChatterBot Zulu reevaluating
ChatterBot Echo reevaluating
randomSelections Tango: {Tango, Golf, Zulu, Whiskey, Echo, Juliett} 
2024-10-14 20:16:34.906062 Tango: Friends?
ChatterBot Golf reevaluating
ChatterBot Zulu reevaluating
ChatterBot Whiskey reevaluating
ChatterBot Echo reevaluating
ChatterBot Juliett reevaluating
2024-10-14 20:16:34.915584 Golf: No
2024-10-14 20:16:34.916382 Zulu: No
2024-10-14 20:16:34.916628 Whiskey: Yes
2024-10-14 20:16:34.916888 Echo: No
2024-10-14 20:16:34.917100 Juliett: No
ChatterBot Zulu reevaluating
ChatterBot Whiskey reevaluating
ChatterBot Echo reevaluating
ChatterBot Juliett reevaluating
ChatterBot Golf reevaluating
ChatterBot Whiskey reevaluating
ChatterBot Echo reevaluating
ChatterBot Juliett reevaluating
ChatterBot Golf reevaluating
ChatterBot Zulu reevaluating
ChatterBot Echo reevaluating
ChatterBot Juliett reevaluating
ChatterBot Golf reevaluating
ChatterBot Zulu reevaluating
ChatterBot Whiskey reevaluating
ChatterBot Juliett reevaluating
ChatterBot Golf reevaluating
ChatterBot Zulu reevaluating
ChatterBot Whiskey reevaluating
ChatterBot Echo reevaluating
randomSelections Uniform: {Uniform, Juliett, Tango, X-ray, Golf, Zulu} 
2024-10-14 20:16:34.960423 Uniform: Can we be friends?
ChatterBot Juliett reevaluating
ChatterBot X-ray reevaluating
ChatterBot Golf reevaluating
ChatterBot Zulu reevaluating
2024-10-14 20:16:34.968547 Juliett: No
2024-10-14 20:16:34.969076 Tango: No
2024-10-14 20:16:34.969941 X-ray: No
2024-10-14 20:16:34.970331 Golf: No
2024-10-14 20:16:34.970668 Zulu: No
ChatterBot X-ray reevaluating
ChatterBot Golf reevaluating
ChatterBot Zulu reevaluating
ChatterBot Juliett reevaluating
ChatterBot X-ray reevaluating
ChatterBot Golf reevaluating
ChatterBot Zulu reevaluating
ChatterBot Juliett reevaluating
ChatterBot Golf reevaluating
ChatterBot Zulu reevaluating
ChatterBot Juliett reevaluating
ChatterBot X-ray reevaluating
ChatterBot Zulu reevaluating
ChatterBot Juliett reevaluating
ChatterBot X-ray reevaluating
ChatterBot Golf reevaluating
2024-10-14 20:16:35.035858 Uniform: X-ray, sending you 1
2024-10-14 20:16:35.038087 Tango: Golf and Echo, sending you 3
2024-10-14 20:16:35.039595 Echo: Golf, X-ray and India, sending you 2
2024-10-14 20:16:35.040683 Uniform: Zulu, sending you 3
2024-10-14 20:16:35.042959 Tango: Zulu, Whiskey and Juliett, sending you 2
2024-10-14 20:16:35.045707 Uniform: Juliett, sending you 2
2024-10-14 20:16:35.047169 Juliett: Foxtrot, X-ray, India and Echo, sending you 3
2024-10-14 20:16:35.049039 Echo: Zulu and Juliett, sending you 3
2024-10-14 20:16:35.051076 India: Foxtrot, Echo and Juliett, sending you 1
2024-10-14 20:16:35.052800 Foxtrot: Golf, India and Juliett, sending you 3
2024-10-14 20:16:35.054632 Whiskey: Echo, sending you 3
2024-10-14 20:16:35.055436 Uniform: Tango, sending you 5
2024-10-14 20:16:35.057082 Golf: Foxtrot, Echo and Juliett, sending you 1
2024-10-14 20:16:35.058789 Zulu: Foxtrot and Golf, sending you 1
2024-10-14 20:16:35.060331 Juliett: Golf, sending you 1
2024-10-14 20:16:35.062023 India: Golf and X-ray, sending you 4
2024-10-14 20:16:35.063172 Foxtrot: X-ray, Zulu and Echo, sending you 1
2024-10-14 20:16:35.066276 X-ray: Foxtrot, Golf and India, sending you 3
2024-10-14 20:16:35.067262 Whiskey: Juliett, sending you 5
2024-10-14 20:16:35.068670 Golf: Zulu, sending you 2
2024-10-14 20:16:35.069639 Zulu: X-ray and Juliett, sending you 2
2024-10-14 20:16:35.071524 India: Zulu, sending you 3
2024-10-14 20:16:35.073500 X-ray: Zulu and Echo, sending you 1
2024-10-14 20:16:35.074330 Golf: India, sending you 4
2024-10-14 20:16:35.075939 Whiskey: Tango, sending you 4
2024-10-14 20:16:35.076632 Zulu: India, sending you 3
2024-10-14 20:16:35.078026 X-ray: Juliett, sending you 2
2024-10-14 20:16:35.081671 Zulu: Echo, sending you 4
chatterbot Uniform submitting transactions
chatterbot Zulu submitting transactions
chatterbot X-ray submitting transactions
chatterbot Golf submitting transactions
chatterbot India submitting transactions
chatterbot Tango submitting transactions
chatterbot Echo submitting transactions
chatterbot Foxtrot submitting transactions
chatterbot Whiskey submitting transactions
chatterbot Juliett submitting transactions
ChatterBot Foxtrot round 2
ChatterBot Golf round 2
ChatterBot X-ray round 2
ChatterBot Zulu round 2
ChatterBot Uniform round 2
2024-10-14 20:16:37.416754 Zulu: We would work well together
ChatterBot Uniform reevaluating
ChatterBot Whiskey reevaluating
ChatterBot Tango reevaluating
2024-10-14 20:16:37.453657 Uniform: Yes
2024-10-14 20:16:37.453929 Whiskey: No
2024-10-14 20:16:37.454214 Tango: No
ChatterBot Zulu reevaluating
ChatterBot Whiskey reevaluating
ChatterBot Tango reevaluating
ChatterBot Zulu reevaluating
ChatterBot Uniform reevaluating
ChatterBot Tango reevaluating
ChatterBot Zulu reevaluating
ChatterBot Uniform reevaluating
ChatterBot Whiskey reevaluating
ChatterBot India round 2
ChatterBot Echo round 2
ChatterBot Whiskey round 2
ChatterBot Juliett round 2
ChatterBot Tango round 2
2024-10-14 20:16:37.562656 Juliett: We should drop Golf
ChatterBot Zulu reevaluating
2024-10-14 20:16:37.580238 Foxtrot: No
2024-10-14 20:16:37.580436 X-ray: No
2024-10-14 20:16:37.580575 Zulu: Yes
2024-10-14 20:16:37.580714 India: No
2024-10-14 20:16:37.580852 Echo: No
ChatterBot Juliett reevaluating
ChatterBot Zulu reevaluating
ChatterBot Juliett reevaluating
ChatterBot Zulu reevaluating
ChatterBot Juliett reevaluating
ChatterBot Juliett reevaluating
ChatterBot X-ray reevaluating
ChatterBot Zulu reevaluating
ChatterBot Juliett reevaluating
ChatterBot X-ray reevaluating
ChatterBot Zulu reevaluating
2024-10-14 20:16:37.686305 Foxtrot: Sending you each 2
2024-10-14 20:16:37.691984 India: Foxtrot, Golf, X-ray, Zulu and Juliett, sending you 3
2024-10-14 20:16:37.692838 Uniform: Zulu, sending you 3
2024-10-14 20:16:37.693136 Golf: Foxtrot, X-ray and India, sending you 2
2024-10-14 20:16:37.693950 Echo: Foxtrot, Golf, X-ray and India, sending you 1
2024-10-14 20:16:37.697789 Uniform: Whiskey and Tango, sending you 4
2024-10-14 20:16:37.698683 Golf: Zulu, Echo and Juliett, sending you 1
2024-10-14 20:16:37.699147 Echo: Zulu, sending you 5
2024-10-14 20:16:37.699633 Tango: Sending you each 6
2024-10-14 20:16:37.700262 Whiskey: Zulu and Uniform, sending you 3
2024-10-14 20:16:37.702938 Echo: Juliett, sending you 3
2024-10-14 20:16:37.703345 Whiskey: Tango, sending you 6
2024-10-14 20:16:37.715987 Juliett: Uniform and Tango, sending you 3
2024-10-14 20:16:37.720219 Juliett: Whiskey, sending you 7
2024-10-14 20:16:37.730746 Zulu: Uniform, sending you 8
2024-10-14 20:16:37.731647 X-ray: Foxtrot, Zulu and Echo, sending you 2
2024-10-14 20:16:37.796783 X-ray: India, sending you 4
2024-10-14 20:16:37.797203 Zulu: Tango, sending you 5
2024-10-14 20:16:37.801703 X-ray: Juliett, sending you 3
chatterbot Uniform submitting transactions
chatterbot Foxtrot submitting transactions
chatterbot Golf submitting transactions
chatterbot Zulu submitting transactions
chatterbot X-ray submitting transactions
chatterbot Echo submitting transactions
chatterbot Whiskey submitting transactions
chatterbot Tango submitting transactions
chatterbot India submitting transactions
chatterbot Juliett submitting transactions
ChatterBot Foxtrot round 3
ChatterBot Golf round 3
ChatterBot X-ray round 3
ChatterBot Zulu round 3
ChatterBot Uniform round 3
ChatterBot India round 3
ChatterBot Echo round 3
ChatterBot Whiskey round 3
ChatterBot Juliett round 3
ChatterBot Tango round 3
2024-10-14 20:16:38.921190 Whiskey: We should add Juliett
ChatterBot Zulu reevaluating
ChatterBot Uniform reevaluating
ChatterBot Tango reevaluating
2024-10-14 20:16:38.939097 Zulu: No
2024-10-14 20:16:38.940036 Uniform: Yes
2024-10-14 20:16:38.940420 Tango: Yes
ChatterBot Uniform reevaluating
ChatterBot Tango reevaluating
ChatterBot Zulu reevaluating
ChatterBot Tango reevaluating
ChatterBot Zulu reevaluating
ChatterBot Uniform reevaluating
2024-10-14 20:16:39.008826 India: We should drop Zulu
ChatterBot Juliett reevaluating
2024-10-14 20:16:39.037788 Foxtrot: No
2024-10-14 20:16:39.038069 Golf: No
2024-10-14 20:16:39.038702 X-ray: Yes
2024-10-14 20:16:39.038876 Echo: No
2024-10-14 20:16:39.039036 Juliett: Yes
ChatterBot Juliett reevaluating
ChatterBot Echo reevaluating
ChatterBot Juliett reevaluating
ChatterBot Echo reevaluating
ChatterBot Juliett reevaluating
ChatterBot Juliett reevaluating
ChatterBot Echo reevaluating
2024-10-14 20:16:39.168244 Whiskey: Juliett we want you to join our group
ChatterBot Juliett reevaluating
2024-10-14 20:16:39.174364 Juliett: No
ChatterBot Zulu reevaluating
ChatterBot Uniform reevaluating
ChatterBot Tango reevaluating
2024-10-14 20:16:39.197816 Golf: Foxtrot, sending you 2
2024-10-14 20:16:39.201790 X-ray: Foxtrot and Echo, sending you 3
2024-10-14 20:16:39.202663 Foxtrot: Golf, X-ray, Zulu, India, Echo and Juliett, sending you 2
2024-10-14 20:16:39.203155 Golf: X-ray, Zulu, Echo and Juliett, sending you 1
2024-10-14 20:16:39.206025 X-ray: Golf, sending you 2
2024-10-14 20:16:39.207702 Golf: India, sending you 3
2024-10-14 20:16:39.210797 X-ray: India, sending you 5
2024-10-14 20:16:39.214686 Tango: Sending you each 3
2024-10-14 20:16:39.218807 Whiskey: Zulu, sending you 2
2024-10-14 20:16:39.219783 Juliett: Foxtrot, X-ray and India, sending you 3
2024-10-14 20:16:39.220704 Echo: Foxtrot, X-ray and Juliett, sending you 3
2024-10-14 20:16:39.221098 Zulu: Foxtrot, sending you 1
2024-10-14 20:16:39.221673 India: Foxtrot, sending you 3
2024-10-14 20:16:39.223675 Whiskey: Uniform, sending you 3
2024-10-14 20:16:39.224094 Juliett: Echo, sending you 4
2024-10-14 20:16:39.224452 Uniform: Zulu, sending you 5
2024-10-14 20:16:39.224771 Zulu: Golf and X-ray, sending you 2
2024-10-14 20:16:39.225656 Echo: Golf, sending you 2
2024-10-14 20:16:39.227072 India: Golf, sending you 4
2024-10-14 20:16:39.228756 Whiskey: Juliett and Tango, sending you 4
2024-10-14 20:16:39.229127 Uniform: Whiskey, sending you 2
2024-10-14 20:16:39.229689 Zulu: India, sending you 3
2024-10-14 20:16:39.230651 Echo: India, sending you 1
2024-10-14 20:16:39.231063 India: X-ray, sending you 5
2024-10-14 20:16:39.233692 Uniform: Tango, sending you 4
2024-10-14 20:16:39.234474 India: Echo and Juliett, sending you 2
2024-10-14 20:16:39.234893 Zulu: Echo, sending you 5
chatterbot Echo submitting transactions
chatterbot Foxtrot submitting transactions
chatterbot Whiskey submitting transactions
chatterbot Uniform submitting transactions
chatterbot Tango submitting transactions
chatterbot Zulu submitting transactions
chatterbot Golf submitting transactions
chatterbot X-ray submitting transactions
chatterbot Juliett submitting transactions
chatterbot India submitting transactions
ChatterBot Foxtrot round 4
ChatterBot Golf round 4
ChatterBot X-ray round 4
ChatterBot Zulu round 4
ChatterBot Uniform round 4
ChatterBot India round 4
ChatterBot Echo round 4
ChatterBot Whiskey round 4
ChatterBot Juliett round 4
ChatterBot Tango round 4
2024-10-14 20:16:40.171397 X-ray: We should add Juliett and Zulu
ChatterBot Echo reevaluating
2024-10-14 20:16:40.189202 Foxtrot: Yes
2024-10-14 20:16:40.189398 Golf: Yes
2024-10-14 20:16:40.189568 India: No
2024-10-14 20:16:40.189742 Echo: Yes
ChatterBot X-ray reevaluating
ChatterBot Echo reevaluating
ChatterBot X-ray reevaluating
ChatterBot Echo reevaluating
ChatterBot X-ray reevaluating
ChatterBot Echo reevaluating
ChatterBot X-ray reevaluating
2024-10-14 20:16:40.233380 Echo: We should add Zulu
ChatterBot X-ray reevaluating
2024-10-14 20:16:40.244724 India: No
2024-10-14 20:16:40.244953 Foxtrot: Yes
2024-10-14 20:16:40.245068 Golf: Yes
2024-10-14 20:16:40.245174 X-ray: No
2024-10-14 20:16:40.245271 Juliett: No
ChatterBot X-ray reevaluating
ChatterBot Echo reevaluating
ChatterBot X-ray reevaluating
ChatterBot Echo reevaluating
ChatterBot X-ray reevaluating
ChatterBot Echo reevaluating
ChatterBot Echo reevaluating
ChatterBot Golf reevaluating
ChatterBot X-ray reevaluating
ChatterBot Echo reevaluating
2024-10-14 20:16:40.325347 X-ray: We should add Juliett
ChatterBot Golf reevaluating
ChatterBot Echo reevaluating
2024-10-14 20:16:40.335487 Foxtrot: Yes
2024-10-14 20:16:40.335664 Golf: Yes
2024-10-14 20:16:40.335775 India: Yes
2024-10-14 20:16:40.335881 Echo: Yes
ChatterBot X-ray reevaluating
ChatterBot Golf reevaluating
ChatterBot Echo reevaluating
ChatterBot X-ray reevaluating
ChatterBot Echo reevaluating
ChatterBot X-ray reevaluating
ChatterBot Golf reevaluating
ChatterBot Echo reevaluating
ChatterBot X-ray reevaluating
ChatterBot Golf reevaluating
2024-10-14 20:16:40.380605 X-ray: We should replace Golf with Juliett
ChatterBot Echo reevaluating
2024-10-14 20:16:40.389964 Foxtrot: No
2024-10-14 20:16:40.390117 India: No
2024-10-14 20:16:40.390311 Echo: No
ChatterBot X-ray reevaluating
ChatterBot Echo reevaluating
ChatterBot X-ray reevaluating
ChatterBot Echo reevaluating
ChatterBot X-ray reevaluating
2024-10-14 20:16:40.420817 Zulu: Uniform, sending you 9
2024-10-14 20:16:40.421748 Foxtrot: Golf, X-ray, Zulu, India, Echo and Juliett, sending you 2
2024-10-14 20:16:40.422589 X-ray: Juliett we want you to join our group
2024-10-14 20:16:40.427105 Juliett: No
ChatterBot Golf reevaluating
ChatterBot X-ray reevaluating
ChatterBot Echo reevaluating
2024-10-14 20:16:40.452393 Zulu: Whiskey, sending you 4
2024-10-14 20:16:40.455662 Uniform: Zulu and Tango, sending you 4
2024-10-14 20:16:40.456009 Whiskey: Uniform and Juliett, sending you 4
2024-10-14 20:16:40.456301 India: Foxtrot and Juliett, sending you 3
2024-10-14 20:16:40.457111 Juliett: Foxtrot and India, sending you 3
2024-10-14 20:16:40.457678 Tango: Same as last round
2024-10-14 20:16:40.458679 Uniform: Whiskey, sending you 3
2024-10-14 20:16:40.459681 Echo: Zulu we want you to join our group
2024-10-14 20:16:40.462546 Zulu: No
ChatterBot Echo reevaluating
ChatterBot X-ray reevaluating
2024-10-14 20:16:40.478538 Whiskey: Tango, sending you 5
2024-10-14 20:16:40.478944 Golf: We should drop Zulu
ChatterBot X-ray reevaluating
ChatterBot Echo reevaluating
2024-10-14 20:16:40.492244 India: Yes
2024-10-14 20:16:40.492416 Foxtrot: No
2024-10-14 20:16:40.492604 X-ray: Yes
2024-10-14 20:16:40.492758 Echo: Yes
2024-10-14 20:16:40.492891 Juliett: Yes
ChatterBot Golf reevaluating
ChatterBot X-ray reevaluating
ChatterBot Echo reevaluating
ChatterBot Golf reevaluating
ChatterBot X-ray reevaluating
ChatterBot Echo reevaluating
ChatterBot Golf reevaluating
ChatterBot Echo reevaluating
ChatterBot Golf reevaluating
ChatterBot X-ray reevaluating
ChatterBot Golf reevaluating
ChatterBot X-ray reevaluating
ChatterBot Echo reevaluating
2024-10-14 20:16:40.566440 Juliett: X-ray, sending you 2
2024-10-14 20:16:40.566712 India: Golf, sending you 4
2024-10-14 20:16:40.571675 Juliett: Echo, sending you 5
2024-10-14 20:16:40.572078 India: X-ray, sending you 5
2024-10-14 20:16:40.575682 India: Echo, sending you 1
2024-10-14 20:16:40.590680 Golf: Foxtrot, X-ray and Echo, sending you 2
2024-10-14 20:16:40.592656 Echo: Foxtrot, Golf and India, sending you 2
2024-10-14 20:16:40.595929 Golf: India, sending you 3
2024-10-14 20:16:40.596380 Echo: X-ray and Juliett, sending you 3
2024-10-14 20:16:40.600737 X-ray: Foxtrot, sending you 2
2024-10-14 20:16:40.605656 X-ray: India, sending you 5
2024-10-14 20:16:40.608674 X-ray: Echo and Juliett, sending you 3
chatterbot Juliett submitting transactions
chatterbot Foxtrot submitting transactions
chatterbot Whiskey submitting transactions
chatterbot Zulu submitting transactions
chatterbot Echo submitting transactions
chatterbot Tango submitting transactions
chatterbot Uniform submitting transactions
chatterbot X-ray submitting transactions
chatterbot India submitting transactions
chatterbot Golf submitting transactions
ChatterBot Foxtrot round 5
ChatterBot Golf round 5
ChatterBot X-ray round 5
ChatterBot Zulu round 5
ChatterBot Uniform round 5
ChatterBot India round 5
ChatterBot Echo round 5
ChatterBot Whiskey round 5
ChatterBot Juliett round 5
2024-10-14 20:16:41.692997 X-ray: We should add Golf
2024-10-14 20:16:41.707923 Juliett: No
2024-10-14 20:16:41.708114 Foxtrot: Yes
2024-10-14 20:16:41.708269 India: Yes
2024-10-14 20:16:41.708413 Echo: Yes
ChatterBot X-ray reevaluating
ChatterBot X-ray reevaluating
ChatterBot X-ray reevaluating
ChatterBot X-ray reevaluating
ChatterBot Tango round 5
2024-10-14 20:16:41.760692 Zulu: We should replace Whiskey with Tango
2024-10-14 20:16:41.762886 Uniform: No
2024-10-14 20:16:41.776101 Zulu: Tango we want you to join our group
2024-10-14 20:16:41.778375 Tango: Yes
2024-10-14 20:16:41.786656 Foxtrot: Golf, X-ray, Zulu, India, Echo and Juliett, sending you 2
2024-10-14 20:16:41.789704 Juliett: Foxtrot, X-ray and India, sending you 3
2024-10-14 20:16:41.792677 Golf: Foxtrot and Echo, sending you 2
2024-10-14 20:16:41.793690 Tango: Sending you each 4
2024-10-14 20:16:41.794084 Uniform: Zulu, sending you 5
2024-10-14 20:16:41.794688 Juliett: Echo, sending you 4
2024-10-14 20:16:41.796690 Whiskey: Zulu, Uniform and Juliett, sending you 3
2024-10-14 20:16:41.797297 Golf: X-ray, sending you 1
2024-10-14 20:16:41.797894 X-ray: Foxtrot, sending you 2
2024-10-14 20:16:41.798318 Uniform: Whiskey and Tango, sending you 3
2024-10-14 20:16:41.800668 Echo: Foxtrot and Golf, sending you 2
2024-10-14 20:16:41.801437 India: Foxtrot and Juliett, sending you 3
2024-10-14 20:16:41.801891 X-ray: India, sending you 5
2024-10-14 20:16:41.802198 Whiskey: Tango, sending you 4
2024-10-14 20:16:41.802480 Golf: India, sending you 4
2024-10-14 20:16:41.804673 India: Golf, sending you 4
2024-10-14 20:16:41.805045 X-ray: Echo and Juliett, sending you 3
2024-10-14 20:16:41.805703 Echo: X-ray, sending you 3
2024-10-14 20:16:41.809673 India: X-ray, sending you 5
2024-10-14 20:16:41.810741 Zulu: Uniform, sending you 8
2024-10-14 20:16:41.811028 Echo: India, sending you 1
2024-10-14 20:16:41.813670 India: Echo, sending you 1
2024-10-14 20:16:41.814162 Zulu: Tango, sending you 5
2024-10-14 20:16:41.814411 Echo: Juliett, sending you 4
chatterbot India submitting transactions
chatterbot Uniform submitting transactions
chatterbot Juliett submitting transactions
chatterbot Echo submitting transactions
chatterbot Tango submitting transactions
chatterbot Zulu submitting transactions
chatterbot X-ray submitting transactions
chatterbot Golf submitting transactions
chatterbot Foxtrot submitting transactions
chatterbot Whiskey submitting transactions
ChatterBot Foxtrot round 6
ChatterBot Golf round 6
ChatterBot X-ray round 6
ChatterBot Zulu round 6
ChatterBot Uniform round 6
ChatterBot India round 6
ChatterBot Echo round 6
ChatterBot Whiskey round 6
ChatterBot Juliett round 6
2024-10-14 20:16:42.973994 Zulu: We should replace Uniform with Whiskey
2024-10-14 20:16:42.979252 Tango: No
ChatterBot Zulu reevaluating
ChatterBot Tango round 6
2024-10-14 20:16:43.014360 Foxtrot: We should drop Zulu
ChatterBot X-ray reevaluating
2024-10-14 20:16:43.028595 India: Yes
2024-10-14 20:16:43.028890 Golf: Yes
2024-10-14 20:16:43.029192 X-ray: Yes
2024-10-14 20:16:43.029342 Echo: Yes
2024-10-14 20:16:43.029515 Juliett: Yes
ChatterBot X-ray reevaluating
ChatterBot X-ray reevaluating
ChatterBot X-ray reevaluating
ChatterBot X-ray reevaluating
2024-10-14 20:16:43.087700 X-ray: We should add Golf
2024-10-14 20:16:43.095551 Juliett: No
2024-10-14 20:16:43.095724 Foxtrot: Yes
2024-10-14 20:16:43.095838 India: Yes
2024-10-14 20:16:43.095941 Echo: Yes
ChatterBot X-ray reevaluating
ChatterBot X-ray reevaluating
ChatterBot X-ray reevaluating
ChatterBot X-ray reevaluating
2024-10-14 20:16:43.135084 Uniform: Zulu, sending you 6
2024-10-14 20:16:43.137767 Uniform: Whiskey, sending you 2
2024-10-14 20:16:43.140650 Uniform: Tango, sending you 3
2024-10-14 20:16:43.141688 Whiskey: Zulu, Uniform and Juliett, sending you 3
2024-10-14 20:16:43.142898 X-ray: Golf we want you to join our group
2024-10-14 20:16:43.145696 Golf: Yes
2024-10-14 20:16:43.156031 Whiskey: Tango, sending you 4
2024-10-14 20:16:43.158658 Foxtrot: Golf, X-ray and Echo, sending you 2
2024-10-14 20:16:43.159409 Echo: Foxtrot and Golf, sending you 2
2024-10-14 20:16:43.160097 Juliett: Foxtrot, X-ray and India, sending you 3
2024-10-14 20:16:43.160577 India: Foxtrot and Echo, sending you 2
2024-10-14 20:16:43.161138 Golf: Foxtrot and Echo, sending you 2
2024-10-14 20:16:43.161633 Zulu: Uniform, sending you 8
2024-10-14 20:16:43.161859 Tango: Same as last round
2024-10-14 20:16:43.162714 Echo: X-ray, sending you 3
2024-10-14 20:16:43.163338 Juliett: Echo, sending you 4
2024-10-14 20:16:43.163827 Foxtrot: India and Juliett, sending you 3
2024-10-14 20:16:43.164680 India: Golf, sending you 4
2024-10-14 20:16:43.165675 Golf: X-ray, sending you 1
2024-10-14 20:16:43.166453 Echo: India, sending you 1
2024-10-14 20:16:43.166982 Zulu: Tango, sending you 5
2024-10-14 20:16:43.167695 X-ray: Foxtrot, sending you 2
2024-10-14 20:16:43.168705 Golf: India, sending you 4
2024-10-14 20:16:43.169697 India: X-ray, sending you 5
2024-10-14 20:16:43.170387 Echo: Juliett, sending you 4
2024-10-14 20:16:43.172700 X-ray: Golf, sending you 1
2024-10-14 20:16:43.173210 India: Juliett, sending you 3
2024-10-14 20:16:43.177114 X-ray: India, sending you 4
2024-10-14 20:16:43.179684 X-ray: Echo and Juliett, sending you 3
chatterbot Echo submitting transactions
chatterbot India submitting transactions
chatterbot Juliett submitting transactions
chatterbot Whiskey submitting transactions
chatterbot Zulu submitting transactions
chatterbot Uniform submitting transactions
chatterbot Tango submitting transactions
chatterbot Golf submitting transactions
chatterbot Foxtrot submitting transactions
chatterbot X-ray submitting transactions
ChatterBot Foxtrot round 7
ChatterBot Golf round 7
ChatterBot X-ray round 7
ChatterBot Zulu round 7
ChatterBot Uniform round 7
ChatterBot India round 7
ChatterBot Echo round 7
ChatterBot Whiskey round 7
ChatterBot Juliett round 7
2024-10-14 20:16:44.202240 Zulu: We should replace Uniform with Whiskey
2024-10-14 20:16:44.205021 Tango: No
ChatterBot Tango round 7
2024-10-14 20:16:44.231255 Zulu: Whiskey we want you to join our group
2024-10-14 20:16:44.234176 Whiskey: Yes
2024-10-14 20:16:44.247090 Golf: Foxtrot and Echo, sending you 2
2024-10-14 20:16:44.247910 X-ray: Foxtrot, sending you 2
2024-10-14 20:16:44.250710 Whiskey: Zulu, Uniform and Juliett, sending you 3
2024-10-14 20:16:44.252659 Golf: X-ray, sending you 1
2024-10-14 20:16:44.253629 Tango: Same as last round
2024-10-14 20:16:44.254165 X-ray: Golf, sending you 1
2024-10-14 20:16:44.254701 Echo: Foxtrot and Golf, sending you 2
2024-10-14 20:16:44.255675 Whiskey: Tango, sending you 4
2024-10-14 20:16:44.256188 Zulu: Whiskey, sending you 5
2024-10-14 20:16:44.256458 India: Foxtrot and Juliett, sending you 3
2024-10-14 20:16:44.257039 Golf: India, sending you 4
2024-10-14 20:16:44.257787 X-ray: India, sending you 4
2024-10-14 20:16:44.258959 Echo: X-ray, sending you 3
2024-10-14 20:16:44.259669 Zulu: Tango, sending you 8
2024-10-14 20:16:44.259944 India: Golf, sending you 4
2024-10-14 20:16:44.260699 Foxtrot: Golf, X-ray, India and Echo, sending you 2
2024-10-14 20:16:44.262203 X-ray: Echo and Juliett, sending you 3
2024-10-14 20:16:44.262899 Uniform: Zulu, sending you 6
2024-10-14 20:16:44.263374 Echo: India, sending you 1
2024-10-14 20:16:44.264923 Juliett: Foxtrot, X-ray and India, sending you 3
2024-10-14 20:16:44.266007 India: X-ray, sending you 5
2024-10-14 20:16:44.267340 Uniform: Whiskey, sending you 2
2024-10-14 20:16:44.267819 Foxtrot: Juliett, sending you 4
2024-10-14 20:16:44.269699 Echo: Juliett, sending you 4
2024-10-14 20:16:44.270547 Juliett: Echo, sending you 4
2024-10-14 20:16:44.271591 India: Echo, sending you 1
2024-10-14 20:16:44.272372 Uniform: Tango, sending you 3
chatterbot Uniform submitting transactions
chatterbot Juliett submitting transactions
chatterbot Echo submitting transactions
chatterbot Tango submitting transactions
chatterbot Foxtrot submitting transactions
chatterbot India submitting transactions
chatterbot Golf submitting transactions
chatterbot Zulu submitting transactions
chatterbot Whiskey submitting transactions
chatterbot X-ray submitting transactions
ChatterBot Foxtrot round 8
ChatterBot Golf round 8
ChatterBot X-ray round 8
ChatterBot Zulu round 8
ChatterBot Uniform round 8
ChatterBot India round 8
ChatterBot Echo round 8
ChatterBot Whiskey round 8
ChatterBot Juliett round 8
ChatterBot Tango round 8
2024-10-14 20:16:45.299773 Zulu: We should replace Whiskey with Uniform
2024-10-14 20:16:45.302240 Tango: No
2024-10-14 20:16:45.417918 Zulu: Uniform we want you to join our group
2024-10-14 20:16:45.422928 Uniform: Yes
2024-10-14 20:16:45.432696 X-ray: Foxtrot, sending you 2
2024-10-14 20:16:45.434849 Foxtrot: Golf, X-ray, India and Echo, sending you 2
2024-10-14 20:16:45.436978 Golf: Foxtrot and Echo, sending you 2
2024-10-14 20:16:45.439198 X-ray: Golf, sending you 1
2024-10-14 20:16:45.440600 Foxtrot: Juliett, sending you 4
2024-10-14 20:16:45.443347 Juliett: Foxtrot, X-ray and India, sending you 3
2024-10-14 20:16:45.444607 Zulu: Uniform, sending you 8
2024-10-14 20:16:45.445997 Golf: X-ray, sending you 1
2024-10-14 20:16:45.447124 India: Foxtrot and Juliett, sending you 3
2024-10-14 20:16:45.449050 X-ray: India, sending you 4
2024-10-14 20:16:45.451257 Tango: Same as last round
2024-10-14 20:16:45.452272 Echo: Foxtrot and Golf, sending you 2
2024-10-14 20:16:45.454635 Juliett: Echo, sending you 4
2024-10-14 20:16:45.456372 Whiskey: Zulu, Uniform and Juliett, sending you 3
2024-10-14 20:16:45.457079 Zulu: Tango, sending you 5
2024-10-14 20:16:45.458569 Golf: India, sending you 4
2024-10-14 20:16:45.460811 India: Golf, sending you 4
2024-10-14 20:16:45.462170 Uniform: Zulu, sending you 5
2024-10-14 20:16:45.463772 X-ray: Echo and Juliett, sending you 3
2024-10-14 20:16:45.465830 Echo: X-ray, sending you 3
2024-10-14 20:16:45.468077 Whiskey: Tango, sending you 4
2024-10-14 20:16:45.470224 India: X-ray, sending you 5
2024-10-14 20:16:45.472199 Uniform: Whiskey, sending you 2
2024-10-14 20:16:45.473011 Echo: India, sending you 1
2024-10-14 20:16:45.476699 India: Echo, sending you 1
2024-10-14 20:16:45.478314 Uniform: Tango, sending you 4
2024-10-14 20:16:45.479708 Echo: Juliett, sending you 4
chatterbot Zulu submitting transactions
chatterbot X-ray submitting transactions
chatterbot Juliett submitting transactions
chatterbot Uniform submitting transactions
chatterbot Whiskey submitting transactions
chatterbot Foxtrot submitting transactions
chatterbot India submitting transactions
chatterbot Tango submitting transactions
chatterbot Golf submitting transactions
chatterbot Echo submitting transactions
ChatterBot Foxtrot round 9
ChatterBot Golf round 9
ChatterBot X-ray round 9
ChatterBot Zulu round 9
ChatterBot Uniform round 9
ChatterBot India round 9
ChatterBot Echo round 9
ChatterBot Whiskey round 9
ChatterBot Juliett round 9
ChatterBot Tango round 9
2024-10-14 20:16:46.547958 Zulu: We should replace Uniform with Whiskey
2024-10-14 20:16:46.551270 Tango: No
2024-10-14 20:16:46.558335 Whiskey: We should replace Juliett with Foxtrot
2024-10-14 20:16:46.567315 Zulu: No
2024-10-14 20:16:46.567620 Uniform: No
2024-10-14 20:16:46.567933 Tango: No
ChatterBot Whiskey reevaluating
ChatterBot Zulu reevaluating
ChatterBot Whiskey reevaluating
ChatterBot Zulu reevaluating
ChatterBot Whiskey reevaluating
2024-10-14 20:16:46.604787 Whiskey: We should replace Juliett with Golf
ChatterBot Zulu reevaluating
2024-10-14 20:16:46.614197 Zulu: No
2024-10-14 20:16:46.614524 Uniform: No
2024-10-14 20:16:46.614779 Tango: No
ChatterBot Whiskey reevaluating
ChatterBot Zulu reevaluating
ChatterBot Whiskey reevaluating
ChatterBot Zulu reevaluating
ChatterBot Whiskey reevaluating
2024-10-14 20:16:46.647279 Golf: Foxtrot and Echo, sending you 2
2024-10-14 20:16:46.650657 Foxtrot: Golf, X-ray, India and Echo, sending you 2
2024-10-14 20:16:46.651954 Uniform: Zulu, sending you 6
2024-10-14 20:16:46.653309 Echo: Foxtrot and Golf, sending you 2
2024-10-14 20:16:46.654398 X-ray: Foxtrot, sending you 2
2024-10-14 20:16:46.656024 India: Foxtrot and Juliett, sending you 3
2024-10-14 20:16:46.656939 Golf: X-ray, sending you 1
2024-10-14 20:16:46.658942 Whiskey: Golf we want you to join our group
2024-10-14 20:16:46.663544 Golf: No
ChatterBot Whiskey reevaluating
ChatterBot Zulu reevaluating
2024-10-14 20:16:46.679320 Foxtrot: Juliett, sending you 4
2024-10-14 20:16:46.681128 Uniform: Whiskey, sending you 2
2024-10-14 20:16:46.681778 Echo: X-ray, sending you 3
2024-10-14 20:16:46.682778 X-ray: Golf, sending you 1
2024-10-14 20:16:46.684850 India: Golf, sending you 4
2024-10-14 20:16:46.686338 Golf: India, sending you 4
2024-10-14 20:16:46.687462 Zulu: Whiskey we want you to join our group
ChatterBot Whiskey reevaluating
2024-10-14 20:16:46.691754 Whiskey: Yes
ChatterBot Zulu reevaluating
2024-10-14 20:16:46.698788 Echo: India, sending you 1
2024-10-14 20:16:46.700995 Uniform: Tango, sending you 3
2024-10-14 20:16:46.701693 X-ray: India, sending you 4
2024-10-14 20:16:46.702544 India: X-ray, sending you 5
2024-10-14 20:16:46.703929 Tango: Same as last round
2024-10-14 20:16:46.704519 Juliett: Foxtrot, X-ray and India, sending you 3
2024-10-14 20:16:46.706016 Echo: Juliett, sending you 4
2024-10-14 20:16:46.706635 X-ray: Echo and Juliett, sending you 3
2024-10-14 20:16:46.707256 India: Echo, sending you 1
2024-10-14 20:16:46.709684 Juliett: Echo, sending you 4
2024-10-14 20:16:46.726016 Whiskey: Zulu, Uniform and Juliett, sending you 3
2024-10-14 20:16:46.726786 Zulu: Whiskey, sending you 5
2024-10-14 20:16:46.730724 Whiskey: Tango, sending you 4
2024-10-14 20:16:46.731468 Zulu: Tango, sending you 8
chatterbot India submitting transactions
chatterbot X-ray submitting transactions
chatterbot Juliett submitting transactions
chatterbot Foxtrot submitting transactions
chatterbot Echo submitting transactions
chatterbot Golf submitting transactions
chatterbot Tango submitting transactions
chatterbot Whiskey submitting transactions
chatterbot Uniform submitting transactions
chatterbot Zulu submitting transactions
ChatterBot Foxtrot round 10
ChatterBot Golf round 10
ChatterBot X-ray round 10
ChatterBot Zulu round 10
ChatterBot Uniform round 10
ChatterBot India round 10
ChatterBot Echo round 10
ChatterBot Whiskey round 10
ChatterBot Juliett round 10
ChatterBot Tango round 10
2024-10-14 20:16:47.741842 Zulu: We should replace Tango with Uniform
ChatterBot Whiskey reevaluating
2024-10-14 20:16:47.744929 Whiskey: No
2024-10-14 20:16:47.747939 Whiskey: We should replace Juliett with Golf
2024-10-14 20:16:47.759504 Zulu: No
2024-10-14 20:16:47.759917 Uniform: No
2024-10-14 20:16:47.760325 Tango: No
ChatterBot Whiskey reevaluating
ChatterBot Whiskey reevaluating
ChatterBot Whiskey reevaluating
2024-10-14 20:16:47.799043 Zulu: Uniform we want you to join our group
2024-10-14 20:16:47.802122 Uniform: Yes
ChatterBot Zulu reevaluating
ChatterBot Whiskey reevaluating
2024-10-14 20:16:47.808869 Zulu: We should replace Whiskey with Uniform
2024-10-14 20:16:47.811702 Tango: No
ChatterBot Zulu reevaluating
2024-10-14 20:16:47.817682 Echo: Foxtrot and Golf, sending you 2
2024-10-14 20:16:47.818719 Foxtrot: Golf, X-ray, India and Echo, sending you 2
2024-10-14 20:16:47.820793 Golf: Foxtrot and Echo, sending you 2
2024-10-14 20:16:47.821717 Whiskey: Golf we want you to join our group
2024-10-14 20:16:47.824856 Golf: No
ChatterBot Whiskey reevaluating
ChatterBot Zulu reevaluating
2024-10-14 20:16:47.835878 Whiskey: We should replace Juliett with Foxtrot
ChatterBot Zulu reevaluating
2024-10-14 20:16:47.842828 Zulu: No
2024-10-14 20:16:47.842983 Uniform: No
2024-10-14 20:16:47.843110 Tango: No
ChatterBot Whiskey reevaluating
ChatterBot Zulu reevaluating
ChatterBot Whiskey reevaluating
ChatterBot Zulu reevaluating
ChatterBot Whiskey reevaluating
2024-10-14 20:16:47.866900 X-ray: Foxtrot, sending you 2
2024-10-14 20:16:47.867716 Juliett: Foxtrot, X-ray and India, sending you 3
2024-10-14 20:16:47.868217 Echo: X-ray, sending you 3
2024-10-14 20:16:47.869815 Foxtrot: Juliett, sending you 4
2024-10-14 20:16:47.870518 Golf: X-ray, sending you 1
2024-10-14 20:16:47.871890 X-ray: Golf, sending you 1
2024-10-14 20:16:47.874563 Juliett: Echo, sending you 4
2024-10-14 20:16:47.875372 Echo: India, sending you 1
2024-10-14 20:16:47.876116 India: Foxtrot and Echo, sending you 2
2024-10-14 20:16:47.876734 Uniform: Zulu, sending you 5
2024-10-14 20:16:47.878351 Golf: India, sending you 4
2024-10-14 20:16:47.879368 Tango: Same as last round
2024-10-14 20:16:47.880056 X-ray: India, sending you 4
2024-10-14 20:16:47.882045 Echo: Juliett, sending you 4
2024-10-14 20:16:47.882912 India: Golf, X-ray and Juliett, sending you 4
2024-10-14 20:16:47.883521 Uniform: Whiskey, sending you 2
2024-10-14 20:16:47.885049 X-ray: Echo and Juliett, sending you 3
2024-10-14 20:16:47.886676 Uniform: Tango, sending you 4
2024-10-14 20:16:47.898666 Zulu: Uniform, sending you 10
2024-10-14 20:16:47.903663 Zulu: Whiskey, sending you 3
2024-10-14 20:16:47.907681 Whiskey: Golf, Zulu and Uniform, sending you 3
2024-10-14 20:16:47.912691 Whiskey: Tango, sending you 4
chatterbot Echo submitting transactions
chatterbot Juliett submitting transactions
chatterbot Whiskey submitting transactions
chatterbot India submitting transactions
chatterbot Zulu submitting transactions
chatterbot X-ray submitting transactions
chatterbot Golf submitting transactions
chatterbot Foxtrot submitting transactions
chatterbot Uniform submitting transactions
chatterbot Tango submitting transactions
ChatterBot Foxtrot round 11
ChatterBot Golf round 11
ChatterBot X-ray round 11
ChatterBot Zulu round 11
ChatterBot Uniform round 11
ChatterBot India round 11
ChatterBot Echo round 11
ChatterBot Whiskey round 11
ChatterBot Juliett round 11
ChatterBot Tango round 11
2024-10-14 20:16:49.051120 Zulu: We should replace Uniform with Tango
2024-10-14 20:16:49.057044 Whiskey: No
ChatterBot Zulu reevaluating
2024-10-14 20:16:49.087463 Zulu: We should replace Whiskey with Tango
2024-10-14 20:16:49.093064 Uniform: No
ChatterBot Zulu reevaluating
2024-10-14 20:16:49.102981 Foxtrot: Golf, X-ray, India and Echo, sending you 2
2024-10-14 20:16:49.105663 Uniform: Zulu, sending you 5
2024-10-14 20:16:49.107415 X-ray: Foxtrot, sending you 2
2024-10-14 20:16:49.109635 Zulu: Tango we want you to join our group
2024-10-14 20:16:49.116449 Tango: Yes
ChatterBot Zulu reevaluating
2024-10-14 20:16:49.126060 Foxtrot: Juliett, sending you 4
2024-10-14 20:16:49.130631 Golf: Foxtrot and Echo, sending you 2
2024-10-14 20:16:49.135041 Uniform: Whiskey, sending you 2
2024-10-14 20:16:49.138920 Whiskey: Golf, Zulu and Uniform, sending you 3
2024-10-14 20:16:49.143253 X-ray: Golf, sending you 1
2024-10-14 20:16:49.148533 Tango: Same as last round
2024-10-14 20:16:49.151452 Juliett: Foxtrot, X-ray and India, sending you 3
2024-10-14 20:16:49.155269 Golf: X-ray, sending you 1
2024-10-14 20:16:49.157728 Uniform: Tango, sending you 4
2024-10-14 20:16:49.159245 Whiskey: Tango, sending you 4
2024-10-14 20:16:49.160992 X-ray: India, sending you 4
2024-10-14 20:16:49.163243 India: Foxtrot and Echo, sending you 2
2024-10-14 20:16:49.165175 Juliett: Echo, sending you 4
2024-10-14 20:16:49.166221 Echo: Foxtrot and Golf, sending you 2
2024-10-14 20:16:49.167965 Golf: India, sending you 4
2024-10-14 20:16:49.170084 X-ray: Echo and Juliett, sending you 3
2024-10-14 20:16:49.171822 India: Golf, X-ray and Juliett, sending you 4
2024-10-14 20:16:49.174073 Echo: X-ray, sending you 3
2024-10-14 20:16:49.178688 Echo: India, sending you 1
2024-10-14 20:16:49.182148 Zulu: Uniform, sending you 8
2024-10-14 20:16:49.184666 Echo: Juliett, sending you 4
2024-10-14 20:16:49.187212 Zulu: Tango, sending you 5
chatterbot Golf submitting transactions
chatterbot Echo submitting transactions
chatterbot Whiskey submitting transactions
chatterbot Zulu submitting transactions
chatterbot Uniform submitting transactions
chatterbot Juliett submitting transactions
chatterbot India submitting transactions
chatterbot X-ray submitting transactions
chatterbot Tango submitting transactions
chatterbot Foxtrot submitting transactions
ChatterBot Foxtrot round 12
ChatterBot Golf round 12
ChatterBot X-ray round 12
ChatterBot Zulu round 12
ChatterBot Uniform round 12
ChatterBot India round 12
ChatterBot Echo round 12
ChatterBot Whiskey round 12
ChatterBot Juliett round 12
ChatterBot Tango round 12
2024-10-14 20:16:50.402976 Zulu: We should replace Uniform with Whiskey
2024-10-14 20:16:50.409778 Tango: No
2024-10-14 20:16:50.427645 X-ray: We should drop Juliett
2024-10-14 20:16:50.449699 Foxtrot: No
2024-10-14 20:16:50.450130 Golf: No
2024-10-14 20:16:50.450361 India: No
2024-10-14 20:16:50.451032 Echo: No
ChatterBot X-ray reevaluating
ChatterBot X-ray reevaluating
ChatterBot X-ray reevaluating
ChatterBot X-ray reevaluating
2024-10-14 20:16:50.531018 Zulu: Whiskey we want you to join our group
ChatterBot Whiskey reevaluating
2024-10-14 20:16:50.537703 Whiskey: Yes
2024-10-14 20:16:50.551292 Whiskey: We should replace Golf with Juliett
2024-10-14 20:16:50.567290 Zulu: No
2024-10-14 20:16:50.567576 Uniform: No
2024-10-14 20:16:50.567839 Tango: No
ChatterBot Whiskey reevaluating
ChatterBot Whiskey reevaluating
ChatterBot Whiskey reevaluating
2024-10-14 20:16:50.616183 Whiskey: We should replace Golf with X-ray
2024-10-14 20:16:50.632048 Zulu: No
2024-10-14 20:16:50.632327 Uniform: No
2024-10-14 20:16:50.632511 Tango: No
ChatterBot Whiskey reevaluating
ChatterBot Whiskey reevaluating
ChatterBot Whiskey reevaluating
2024-10-14 20:16:50.678495 Juliett: Foxtrot, X-ray and India, sending you 3
2024-10-14 20:16:50.679242 India: Foxtrot and Echo, sending you 2
2024-10-14 20:16:50.680767 Golf: Foxtrot and Echo, sending you 2
2024-10-14 20:16:50.681779 Foxtrot: Golf, X-ray, India and Echo, sending you 2
2024-10-14 20:16:50.683586 Juliett: Echo, sending you 4
2024-10-14 20:16:50.684731 India: Golf, X-ray and Juliett, sending you 4
2024-10-14 20:16:50.686175 Golf: X-ray, sending you 1
2024-10-14 20:16:50.688536 Foxtrot: Juliett, sending you 4
2024-10-14 20:16:50.691046 Tango: Same as last round
2024-10-14 20:16:50.692261 Echo: Foxtrot and Golf, sending you 2
2024-10-14 20:16:50.695454 Whiskey: X-ray we want you to join our group
ChatterBot X-ray reevaluating
2024-10-14 20:16:50.702835 X-ray: No
ChatterBot Whiskey reevaluating
