ChatterBot Alpha round 1
ChatterBot Zulu round 1
ChatterBot India round 1
ChatterBot Sierra round 1
ChatterBot Victor round 1
ChatterBot Echo round 1
ChatterBot X-ray round 1
ChatterBot Charlie round 1
ChatterBot Golf round 1
ChatterBot Yankee round 1
randomSelections Sierra: {Sierra, India, Charlie, Zulu, Echo, Victor} 
2024-10-14 19:55:55.166656 Sierra: Friends?
ChatterBot India reevaluating
ChatterBot Charlie reevaluating
ChatterBot Zulu reevaluating
ChatterBot Echo reevaluating
ChatterBot Victor reevaluating
2024-10-14 19:55:55.225200 India: Yes
2024-10-14 19:55:55.225459 Charlie: Yes
2024-10-14 19:55:55.225705 Zulu: Yes
2024-10-14 19:55:55.225876 Echo: Yes
2024-10-14 19:55:55.226045 Victor: Yes
ChatterBot Charlie reevaluating
ChatterBot Zulu reevaluating
ChatterBot Echo reevaluating
ChatterBot Victor reevaluating
ChatterBot India reevaluating
ChatterBot Zulu reevaluating
ChatterBot Echo reevaluating
ChatterBot Victor reevaluating
ChatterBot India reevaluating
ChatterBot Charlie reevaluating
ChatterBot Echo reevaluating
ChatterBot Victor reevaluating
ChatterBot India reevaluating
ChatterBot Charlie reevaluating
ChatterBot Zulu reevaluating
ChatterBot Victor reevaluating
ChatterBot India reevaluating
ChatterBot Charlie reevaluating
ChatterBot Zulu reevaluating
ChatterBot Echo reevaluating
randomSelections Alpha: {Alpha, India, Golf, Zulu, Yankee, Charlie} 
2024-10-14 19:55:55.356827 Alpha: Friends?
ChatterBot India reevaluating
ChatterBot Golf reevaluating
ChatterBot Zulu reevaluating
ChatterBot Yankee reevaluating
ChatterBot Charlie reevaluating
2024-10-14 19:55:55.370105 India: No
2024-10-14 19:55:55.370929 Golf: Yes
2024-10-14 19:55:55.371084 Zulu: No
2024-10-14 19:55:55.371373 Yankee: Yes
2024-10-14 19:55:55.371577 Charlie: No
ChatterBot Golf reevaluating
ChatterBot Zulu reevaluating
ChatterBot Yankee reevaluating
ChatterBot Charlie reevaluating
ChatterBot India reevaluating
ChatterBot Zulu reevaluating
ChatterBot Yankee reevaluating
ChatterBot Charlie reevaluating
ChatterBot India reevaluating
ChatterBot Golf reevaluating
ChatterBot Yankee reevaluating
ChatterBot Charlie reevaluating
ChatterBot India reevaluating
ChatterBot Golf reevaluating
ChatterBot Zulu reevaluating
ChatterBot Charlie reevaluating
ChatterBot India reevaluating
ChatterBot Golf reevaluating
ChatterBot Zulu reevaluating
ChatterBot Yankee reevaluating
randomSelections X-ray: {X-ray, Yankee, Charlie, Golf, Zulu, Sierra} 
2024-10-14 19:55:55.420654 X-ray: Friends?
ChatterBot Yankee reevaluating
ChatterBot Charlie reevaluating
ChatterBot Golf reevaluating
ChatterBot Zulu reevaluating
2024-10-14 19:55:55.427840 Yankee: No
2024-10-14 19:55:55.428487 Charlie: No
2024-10-14 19:55:55.428794 Golf: No
2024-10-14 19:55:55.429060 Zulu: No
2024-10-14 19:55:55.429288 Sierra: No
ChatterBot Charlie reevaluating
ChatterBot Golf reevaluating
ChatterBot Zulu reevaluating
ChatterBot Yankee reevaluating
ChatterBot Golf reevaluating
ChatterBot Zulu reevaluating
ChatterBot Yankee reevaluating
ChatterBot Charlie reevaluating
ChatterBot Zulu reevaluating
ChatterBot Yankee reevaluating
ChatterBot Charlie reevaluating
ChatterBot Golf reevaluating
ChatterBot Yankee reevaluating
ChatterBot Charlie reevaluating
ChatterBot Golf reevaluating
ChatterBot Zulu reevaluating
2024-10-14 19:55:55.492851 Golf: Alpha and Yankee, sending you 4
2024-10-14 19:55:55.494975 India: Zulu, sending you 5
2024-10-14 19:55:55.496131 Yankee: Alpha, sending you 5
2024-10-14 19:55:55.498405 X-ray: Zulu and Yankee, sending you 4
2024-10-14 19:55:55.501020 Sierra: Zulu and Charlie, sending you 4
2024-10-14 19:55:55.503619 Alpha: India, sending you 1
2024-10-14 19:55:55.504186 Golf: Zulu, sending you 3
2024-10-14 19:55:55.505789 India: Sierra, sending you 3
2024-10-14 19:55:55.506184 Victor: Zulu, sending you 1
2024-10-14 19:55:55.506673 Yankee: Zulu and Charlie, sending you 2
2024-10-14 19:55:55.508077 Zulu: India and Victor, sending you 2
2024-10-14 19:55:55.508567 X-ray: Sierra and Golf, sending you 1
2024-10-14 19:55:55.509006 Charlie: Zulu, sending you 5
2024-10-14 19:55:55.510419 Sierra: India, sending you 6
2024-10-14 19:55:55.510933 Golf: India, sending you 2
2024-10-14 19:55:55.511424 Echo: Zulu, sending you 6
2024-10-14 19:55:55.511886 India: Victor, sending you 2
2024-10-14 19:55:55.513042 Victor: India, sending you 6
2024-10-14 19:55:55.513568 Yankee: India, sending you 4
2024-10-14 19:55:55.514009 Zulu: Sierra, sending you 3
2024-10-14 19:55:55.515275 Charlie: India and Victor, sending you 1
2024-10-14 19:55:55.515790 X-ray: Charlie, sending you 5
2024-10-14 19:55:55.516313 Sierra: Victor, sending you 1
2024-10-14 19:55:55.516967 Golf: Charlie, sending you 1
2024-10-14 19:55:55.518041 Echo: India and Sierra, sending you 2
2024-10-14 19:55:55.518518 India: Charlie, sending you 1
2024-10-14 19:55:55.519038 Victor: Sierra, sending you 5
2024-10-14 19:55:55.520470 Yankee: Golf, sending you 1
2024-10-14 19:55:55.520901 Zulu: Echo, sending you 1
2024-10-14 19:55:55.521395 Charlie: Sierra, sending you 3
2024-10-14 19:55:55.521807 Sierra: Echo, sending you 3
2024-10-14 19:55:55.522892 Echo: Victor, sending you 3
2024-10-14 19:55:55.524806 Victor: Echo, sending you 4
2024-10-14 19:55:55.525312 Zulu: Charlie, sending you 6
2024-10-14 19:55:55.525782 Charlie: Echo, sending you 4
2024-10-14 19:55:55.527043 Echo: Charlie, sending you 4
chatterbot Victor submitting transactions
chatterbot X-ray submitting transactions
chatterbot Sierra submitting transactions
chatterbot India submitting transactions
chatterbot Golf submitting transactions
chatterbot Echo submitting transactions
chatterbot Alpha submitting transactions
chatterbot Zulu submitting transactions
chatterbot Charlie submitting transactions
chatterbot Yankee submitting transactions
ChatterBot Alpha round 2
ChatterBot Zulu round 2
ChatterBot India round 2
ChatterBot Sierra round 2
ChatterBot Victor round 2
ChatterBot Echo round 2
ChatterBot X-ray round 2
2024-10-14 19:55:56.694979 Alpha: We would work well together
ChatterBot Golf reevaluating
ChatterBot Yankee reevaluating
2024-10-14 19:55:56.716994 Golf: No
2024-10-14 19:55:56.717186 Yankee: No
ChatterBot Yankee reevaluating
ChatterBot Golf reevaluating
2024-10-14 19:55:56.760488 Yankee: We would work well together
ChatterBot X-ray reevaluating
2024-10-14 19:55:56.766901 X-ray: Yes
ChatterBot Yankee reevaluating
2024-10-14 19:55:56.787757 X-ray: We should group up
ChatterBot Golf reevaluating
ChatterBot Yankee reevaluating
2024-10-14 19:55:56.828685 Golf: No
2024-10-14 19:55:56.828872 Yankee: No
ChatterBot X-ray reevaluating
ChatterBot Yankee reevaluating
ChatterBot X-ray reevaluating
ChatterBot Golf reevaluating
ChatterBot Charlie round 2
ChatterBot Golf round 2
ChatterBot Yankee round 2
2024-10-14 19:55:56.891907 Charlie: We should add X-ray
2024-10-14 19:55:56.908216 Sierra: Yes
2024-10-14 19:55:56.908393 India: Yes
2024-10-14 19:55:56.908523 Zulu: Yes
2024-10-14 19:55:56.908656 Echo: Yes
2024-10-14 19:55:56.908775 Victor: Yes
ChatterBot Victor reevaluating
ChatterBot Zulu reevaluating
ChatterBot Victor reevaluating
ChatterBot Victor reevaluating
ChatterBot India reevaluating
ChatterBot Zulu reevaluating
ChatterBot Victor reevaluating
ChatterBot India reevaluating
ChatterBot Zulu reevaluating
2024-10-14 19:55:56.996438 Golf: Friends?
ChatterBot X-ray reevaluating
ChatterBot Yankee reevaluating
2024-10-14 19:55:57.009838 Alpha: No
2024-10-14 19:55:57.010470 X-ray: No
2024-10-14 19:55:57.010609 Yankee: No
2024-10-14 19:55:57.010750 Charlie: No
ChatterBot Golf reevaluating
ChatterBot X-ray reevaluating
ChatterBot Yankee reevaluating
ChatterBot Golf reevaluating
ChatterBot Yankee reevaluating
ChatterBot Golf reevaluating
ChatterBot X-ray reevaluating
ChatterBot Golf reevaluating
ChatterBot X-ray reevaluating
ChatterBot Yankee reevaluating
2024-10-14 19:55:57.073784 Charlie: X-ray we want you to join our group
ChatterBot X-ray reevaluating
2024-10-14 19:55:57.078036 X-ray: No
ChatterBot Zulu reevaluating
ChatterBot India reevaluating
ChatterBot Sierra reevaluating
ChatterBot Victor reevaluating
2024-10-14 19:55:57.100927 Alpha: Sending you each 5
2024-10-14 19:55:57.469844 Sierra: X-ray we want you to join our group
2024-10-14 19:55:57.474229 X-ray: No
ChatterBot Zulu reevaluating
ChatterBot India reevaluating
ChatterBot Sierra reevaluating
ChatterBot Echo reevaluating
2024-10-14 19:55:57.499429 Victor: X-ray we want you to join our group
2024-10-14 19:55:57.503012 X-ray: No
ChatterBot Zulu reevaluating
ChatterBot India reevaluating
ChatterBot Sierra reevaluating
ChatterBot Echo reevaluating
2024-10-14 19:55:57.528358 Charlie: Zulu, Sierra, Echo and X-ray, sending you 3
2024-10-14 19:55:57.532808 Golf: Alpha and Zulu, sending you 2
2024-10-14 19:55:57.534944 Yankee: Alpha, sending you 2
2024-10-14 19:55:57.538564 Zulu: X-ray we want you to join our group
2024-10-14 19:55:57.542756 X-ray: No
ChatterBot Zulu reevaluating
ChatterBot India reevaluating
ChatterBot Sierra reevaluating
ChatterBot Echo reevaluating
2024-10-14 19:55:57.569806 Charlie: India, sending you 2
2024-10-14 19:55:57.570602 X-ray: Sending you each 5
2024-10-14 19:55:57.571510 Golf: X-ray and Yankee, sending you 5
2024-10-14 19:55:57.572170 Yankee: X-ray and Golf, sending you 6
2024-10-14 19:55:57.573063 Charlie: Victor, sending you 1
2024-10-14 19:55:58.421525 Victor: Zulu, India, Sierra and Charlie, sending you 3
2024-10-14 19:55:58.424510 India: X-ray we want you to join our group
2024-10-14 19:55:58.429153 X-ray: No
ChatterBot Zulu reevaluating
ChatterBot India reevaluating
ChatterBot Sierra reevaluating
ChatterBot Echo reevaluating
chatterbot Alpha submitting transactions
chatterbot X-ray submitting transactions
chatterbot Yankee submitting transactions
chatterbot Golf submitting transactions
chatterbot Charlie submitting transactions
chatterbot Victor submitting transactions
2024-10-14 19:55:58.454570 Victor: Echo, sending you 4
2024-10-14 19:55:58.804775 Victor: X-ray, sending you 2
2024-10-14 19:55:58.941874 Sierra: Zulu, India, Victor and Charlie, sending you 4
2024-10-14 19:55:58.975127 Sierra: Echo, sending you 2
2024-10-14 19:55:58.975593 Zulu: India, Sierra, Victor, X-ray and Charlie, sending you 2
2024-10-14 19:55:58.976369 India: Zulu, Echo, X-ray and Charlie, sending you 2
2024-10-14 19:55:59.004696 Zulu: Echo, sending you 4
2024-10-14 19:55:59.005174 India: Sierra and Victor, sending you 3
chatterbot Zulu submitting transactions
chatterbot Sierra submitting transactions
chatterbot Echo submitting transactions
chatterbot India submitting transactions
ChatterBot Alpha round 3
ChatterBot Zulu round 3
ChatterBot India round 3
ChatterBot Sierra round 3
ChatterBot Victor round 3
ChatterBot Echo round 3
ChatterBot X-ray round 3
2024-10-14 19:56:00.198708 Alpha: We should add X-ray
2024-10-14 19:56:00.205415 Golf: Yes
2024-10-14 19:56:00.205687 Yankee: Yes
ChatterBot Golf reevaluating
2024-10-14 19:56:00.221321 Golf: We should replace Zulu with Charlie
2024-10-14 19:56:00.231970 Yankee: No
2024-10-14 19:56:00.232142 Alpha: No
2024-10-14 19:56:00.232276 X-ray: No
ChatterBot Golf reevaluating
ChatterBot Golf reevaluating
ChatterBot Golf reevaluating
ChatterBot Charlie round 3
ChatterBot Golf round 3
ChatterBot Yankee round 3
2024-10-14 19:56:00.291968 Alpha: X-ray we want you to join our group
2024-10-14 19:56:00.297058 X-ray: Yes
ChatterBot Golf reevaluating
2024-10-14 19:56:00.312537 Golf: We should replace Zulu with Charlie
2024-10-14 19:56:00.327475 Yankee: No
2024-10-14 19:56:00.327761 Alpha: No
2024-10-14 19:56:00.328542 X-ray: No
ChatterBot Golf reevaluating
ChatterBot Golf reevaluating
ChatterBot Golf reevaluating
2024-10-14 19:56:00.390240 Victor: We should drop X-ray
ChatterBot Zulu reevaluating
ChatterBot Echo reevaluating
2024-10-14 19:56:00.412054 Sierra: Yes
2024-10-14 19:56:00.412232 India: Yes
2024-10-14 19:56:00.412377 Charlie: Yes
2024-10-14 19:56:00.412930 Zulu: Yes
2024-10-14 19:56:00.413050 Echo: Yes
ChatterBot Zulu reevaluating
ChatterBot Echo reevaluating
ChatterBot Zulu reevaluating
ChatterBot Echo reevaluating
ChatterBot Zulu reevaluating
ChatterBot Echo reevaluating
ChatterBot Echo reevaluating
ChatterBot Zulu reevaluating
2024-10-14 19:56:00.599693 Sierra: Zulu, sending you 2
2024-10-14 19:56:00.604407 Sierra: India, Victor, Echo and Charlie, sending you 4
2024-10-14 19:56:00.606069 Alpha: X-ray, sending you 4
2024-10-14 19:56:00.606990 Victor: Zulu, India, Sierra and Echo, sending you 4
2024-10-14 19:56:00.607764 Yankee: Alpha, sending you 4
2024-10-14 19:56:00.608717 Alpha: Golf and Yankee, sending you 5
2024-10-14 19:56:00.610691 Victor: Charlie, sending you 2
2024-10-14 19:56:00.611684 X-ray: Alpha, sending you 4
2024-10-14 19:56:00.612886 Golf: Alpha, X-ray and Yankee, sending you 4
2024-10-14 19:56:00.614164 Yankee: X-ray and Golf, sending you 5
2024-10-14 19:56:00.616858 India: Zulu, Sierra, Victor and Charlie, sending you 3
2024-10-14 19:56:00.618511 X-ray: Golf, sending you 5
2024-10-14 19:56:00.619959 Golf: Zulu, sending you 2
chatterbot Alpha submitting transactions
2024-10-14 19:56:00.622660 India: Echo, sending you 2
2024-10-14 19:56:00.623728 X-ray: Yankee, sending you 6
2024-10-14 19:56:00.625074 Zulu: India, Sierra, Echo and Charlie, sending you 3
2024-10-14 19:56:00.627188 Charlie: Zulu, India and Sierra, sending you 3
2024-10-14 19:56:00.631081 Zulu: Victor, sending you 2
2024-10-14 19:56:00.631929 Charlie: Victor, sending you 2
2024-10-14 19:56:00.636672 Charlie: Echo, sending you 4
chatterbot X-ray submitting transactions
chatterbot Victor submitting transactions
chatterbot Golf submitting transactions
chatterbot Yankee submitting transactions
chatterbot India submitting transactions
chatterbot Echo submitting transactions
chatterbot Sierra submitting transactions
chatterbot Charlie submitting transactions
chatterbot Zulu submitting transactions
ChatterBot Alpha round 4
ChatterBot Zulu round 4
ChatterBot India round 4
ChatterBot Sierra round 4
ChatterBot Victor round 4
ChatterBot Echo round 4
ChatterBot X-ray round 4
ChatterBot Charlie round 4
ChatterBot Golf round 4
ChatterBot Yankee round 4
2024-10-14 19:56:01.580593 Golf: We should replace Zulu with Charlie
2024-10-14 19:56:01.593181 Yankee: No
2024-10-14 19:56:01.593528 Alpha: No
2024-10-14 19:56:01.593844 X-ray: No
ChatterBot Golf reevaluating
2024-10-14 19:56:01.637675 Echo: We should drop X-ray
2024-10-14 19:56:01.648058 Sierra: Yes
2024-10-14 19:56:01.649020 India: Yes
2024-10-14 19:56:01.650758 Charlie: Yes
2024-10-14 19:56:01.653991 Zulu: Yes
2024-10-14 19:56:01.655497 Victor: Yes
2024-10-14 19:56:01.700375 India: Zulu, Sierra, Victor and Charlie, sending you 3
2024-10-14 19:56:01.703668 Zulu: India, Sierra, Echo and Charlie, sending you 3
2024-10-14 19:56:01.705123 India: Echo, sending you 2
2024-10-14 19:56:01.705708 Sierra: Zulu, sending you 2
2024-10-14 19:56:01.706139 Alpha: X-ray, sending you 5
2024-10-14 19:56:01.708732 Zulu: Victor, sending you 2
2024-10-14 19:56:01.709669 Sierra: India, Victor, Echo and Charlie, sending you 4
2024-10-14 19:56:01.710664 Alpha: Golf and Yankee, sending you 6
2024-10-14 19:56:01.713106 Victor: Zulu and Charlie, sending you 3
2024-10-14 19:56:01.716707 Victor: India, Sierra and Echo, sending you 4
2024-10-14 19:56:01.720689 Charlie: Zulu, India and Sierra, sending you 3
2024-10-14 19:56:01.721200 X-ray: Alpha, sending you 4
2024-10-14 19:56:01.722101 Yankee: Alpha, sending you 4
2024-10-14 19:56:01.722678 Golf: Alpha, X-ray and Yankee, sending you 4
2024-10-14 19:56:01.724670 X-ray: Golf, sending you 5
2024-10-14 19:56:01.724955 Yankee: X-ray and Golf, sending you 5
2024-10-14 19:56:01.726062 Charlie: Victor, sending you 2
2024-10-14 19:56:01.726681 Golf: Zulu, sending you 2
2024-10-14 19:56:01.727670 X-ray: Yankee, sending you 6
2024-10-14 19:56:01.730664 Charlie: Echo, sending you 4
chatterbot Zulu submitting transactions
chatterbot Sierra submitting transactions
chatterbot Yankee submitting transactions
chatterbot Victor submitting transactions
chatterbot Golf submitting transactions
chatterbot Echo submitting transactions
chatterbot Alpha submitting transactions
chatterbot X-ray submitting transactions
chatterbot India submitting transactions
chatterbot Charlie submitting transactions
ChatterBot Alpha round 5
ChatterBot Zulu round 5
ChatterBot India round 5
ChatterBot Sierra round 5
ChatterBot Victor round 5
ChatterBot Echo round 5
ChatterBot X-ray round 5
ChatterBot Charlie round 5
ChatterBot Golf round 5
ChatterBot Yankee round 5
2024-10-14 19:56:02.816465 Echo: We should drop X-ray
2024-10-14 19:56:02.837364 Sierra: Yes
2024-10-14 19:56:02.837709 India: Yes
2024-10-14 19:56:02.838765 Charlie: Yes
2024-10-14 19:56:02.839215 Zulu: Yes
2024-10-14 19:56:02.839704 Victor: Yes
2024-10-14 19:56:02.904626 Golf: We should replace Zulu with Charlie
2024-10-14 19:56:02.910525 Yankee: No
2024-10-14 19:56:02.910678 Alpha: No
2024-10-14 19:56:02.910866 X-ray: No
ChatterBot Golf reevaluating
ChatterBot Golf reevaluating
ChatterBot Golf reevaluating
2024-10-14 19:56:02.931664 Sierra: Zulu, Victor, Echo and Charlie, sending you 4
2024-10-14 19:56:02.932665 Zulu: India, Victor, Echo and Charlie, sending you 3
2024-10-14 19:56:02.933658 Alpha: Sending you each 6
2024-10-14 19:56:02.934934 Sierra: India, sending you 2
2024-10-14 19:56:02.935663 Golf: Charlie we want you to join our group
2024-10-14 19:56:02.938867 Charlie: No
ChatterBot Golf reevaluating
2024-10-14 19:56:02.949858 Zulu: Sierra, sending you 2
2024-10-14 19:56:02.950450 Victor: Zulu and Charlie, sending you 3
2024-10-14 19:56:02.951356 Charlie: Sending you each 3
2024-10-14 19:56:02.954682 Yankee: Alpha and X-ray, sending you 5
2024-10-14 19:56:02.955678 Victor: India, Sierra and Echo, sending you 4
2024-10-14 19:56:02.956231 X-ray: Sending you each 5
2024-10-14 19:56:02.956710 India: Zulu, Sierra, Victor and Charlie, sending you 3
2024-10-14 19:56:02.959688 Yankee: Golf, sending you 4
2024-10-14 19:56:02.961686 India: Echo, sending you 2
2024-10-14 19:56:02.976706 Golf: Alpha, X-ray and Yankee, sending you 4
2024-10-14 19:56:02.979663 Golf: Zulu, sending you 2
chatterbot Echo submitting transactions
chatterbot Golf submitting transactions
chatterbot Alpha submitting transactions
chatterbot Victor submitting transactions
chatterbot Charlie submitting transactions
chatterbot India submitting transactions
chatterbot Sierra submitting transactions
chatterbot Zulu submitting transactions
chatterbot Yankee submitting transactions
chatterbot X-ray submitting transactions
ChatterBot Alpha round 6
ChatterBot Zulu round 6
ChatterBot India round 6
ChatterBot Sierra round 6
ChatterBot Victor round 6
ChatterBot Echo round 6
ChatterBot X-ray round 6
ChatterBot Charlie round 6
ChatterBot Golf round 6
ChatterBot Yankee round 6
2024-10-14 19:56:04.087487 Echo: We should drop X-ray
2024-10-14 19:56:04.097370 Sierra: Yes
2024-10-14 19:56:04.097523 India: Yes
2024-10-14 19:56:04.097649 Charlie: Yes
2024-10-14 19:56:04.097782 Zulu: Yes
2024-10-14 19:56:04.097923 Victor: Yes
2024-10-14 19:56:04.143678 Zulu: India, Sierra, Echo and Charlie, sending you 3
2024-10-14 19:56:04.144408 Sierra: Zulu, sending you 2
2024-10-14 19:56:04.145373 Alpha: X-ray and Golf, sending you 6
2024-10-14 19:56:04.145879 India: Zulu, Sierra, Victor and Charlie, sending you 3
2024-10-14 19:56:04.147672 Sierra: India, Victor, Echo and Charlie, sending you 4
2024-10-14 19:56:04.148693 Zulu: Victor, sending you 2
2024-10-14 19:56:04.149408 Alpha: Yankee, sending you 7
2024-10-14 19:56:04.150670 India: Echo, sending you 2
2024-10-14 19:56:04.151588 Yankee: Alpha and X-ray, sending you 5
2024-10-14 19:56:04.152665 Charlie: Same as last round
2024-10-14 19:56:04.154676 Yankee: Golf, sending you 4
2024-10-14 19:56:04.155123 X-ray: Same as last round
2024-10-14 19:56:04.160081 Golf: Alpha, X-ray and Yankee, sending you 4
2024-10-14 19:56:04.161661 Victor: Zulu, India, Sierra and Echo, sending you 4
2024-10-14 19:56:04.164662 Victor: Charlie, sending you 3
2024-10-14 19:56:04.166073 Golf: Zulu, sending you 2
chatterbot X-ray submitting transactions
chatterbot India submitting transactions
chatterbot Yankee submitting transactions
chatterbot Zulu submitting transactions
chatterbot Golf submitting transactions
chatterbot Victor submitting transactions
chatterbot Sierra submitting transactions
chatterbot Charlie submitting transactions
chatterbot Echo submitting transactions
chatterbot Alpha submitting transactions
ChatterBot Alpha round 7
ChatterBot Zulu round 7
ChatterBot India round 7
ChatterBot Sierra round 7
ChatterBot Victor round 7
ChatterBot Echo round 7
ChatterBot X-ray round 7
ChatterBot Charlie round 7
ChatterBot Golf round 7
ChatterBot Yankee round 7
2024-10-14 19:56:05.216660 Golf: We should replace Zulu with India
2024-10-14 19:56:05.225697 Yankee: No
2024-10-14 19:56:05.225860 Alpha: No
2024-10-14 19:56:05.225982 X-ray: No
ChatterBot Golf reevaluating
ChatterBot Golf reevaluating
ChatterBot Golf reevaluating
2024-10-14 19:56:05.245722 Echo: We should drop X-ray
2024-10-14 19:56:05.254091 Sierra: Yes
2024-10-14 19:56:05.254240 India: Yes
2024-10-14 19:56:05.254350 Charlie: Yes
2024-10-14 19:56:05.254455 Zulu: Yes
2024-10-14 19:56:05.254557 Victor: Yes
2024-10-14 19:56:05.301715 Alpha: X-ray and Golf, sending you 6
2024-10-14 19:56:05.307682 Alpha: Yankee, sending you 7
2024-10-14 19:56:05.308210 India: Zulu, Sierra, Victor and Charlie, sending you 3
2024-10-14 19:56:05.311689 X-ray: Same as last round
2024-10-14 19:56:05.312667 Sierra: Zulu, sending you 2
2024-10-14 19:56:05.313297 Victor: Zulu, sending you 3
2024-10-14 19:56:05.313879 India: Echo, sending you 2
2024-10-14 19:56:05.314452 Zulu: India, Victor, Echo and Charlie, sending you 3
2024-10-14 19:56:05.315003 Golf: Alpha, X-ray and Yankee, sending you 4
2024-10-14 19:56:05.315993 Charlie: Same as last round
2024-10-14 19:56:05.317689 Sierra: India, Victor, Echo and Charlie, sending you 4
2024-10-14 19:56:05.318466 Victor: India, Sierra, Echo and Charlie, sending you 4
2024-10-14 19:56:05.319016 Zulu: Sierra, sending you 2
2024-10-14 19:56:05.319477 Golf: Zulu, sending you 2
2024-10-14 19:56:05.324200 Yankee: Alpha and X-ray, sending you 5
2024-10-14 19:56:05.328684 Yankee: Golf, sending you 4
chatterbot Zulu submitting transactions
chatterbot India submitting transactions
chatterbot Victor submitting transactions
chatterbot Yankee submitting transactions
chatterbot Echo submitting transactions
chatterbot Charlie submitting transactions
chatterbot X-ray submitting transactions
chatterbot Sierra submitting transactions
chatterbot Alpha submitting transactions
chatterbot Golf submitting transactions
ChatterBot Alpha round 8
ChatterBot Zulu round 8
ChatterBot India round 8
ChatterBot Sierra round 8
ChatterBot Victor round 8
ChatterBot Echo round 8
ChatterBot X-ray round 8
ChatterBot Charlie round 8
ChatterBot Golf round 8
ChatterBot Yankee round 8
2024-10-14 19:56:06.546981 Echo: We should drop X-ray
2024-10-14 19:56:06.560329 Sierra: Yes
2024-10-14 19:56:06.560518 India: Yes
2024-10-14 19:56:06.560672 Charlie: Yes
2024-10-14 19:56:06.560842 Zulu: Yes
2024-10-14 19:56:06.561038 Victor: Yes
2024-10-14 19:56:06.637666 X-ray: Same as last round
2024-10-14 19:56:06.638122 Sierra: Zulu, sending you 2
2024-10-14 19:56:06.638743 Charlie: Same as last round
2024-10-14 19:56:06.639590 Zulu: India, Victor, Echo and Charlie, sending you 3
2024-10-14 19:56:06.640145 Alpha: X-ray and Yankee, sending you 7
2024-10-14 19:56:06.640500 Victor: Zulu, India, Sierra and Echo, sending you 4
2024-10-14 19:56:06.641034 India: Zulu, Sierra, Victor and Charlie, sending you 3
2024-10-14 19:56:06.641694 Sierra: India, Victor, Echo and Charlie, sending you 4
2024-10-14 19:56:06.643668 India: Echo, sending you 2
2024-10-14 19:56:06.644659 Zulu: Sierra, sending you 2
2024-10-14 19:56:06.645308 Alpha: Golf, sending you 6
2024-10-14 19:56:06.646135 Victor: Charlie, sending you 3
2024-10-14 19:56:06.654680 Golf: Alpha and X-ray, sending you 5
2024-10-14 19:56:06.656688 Yankee: Alpha and X-ray, sending you 5
2024-10-14 19:56:06.658649 Golf: Yankee, sending you 4
2024-10-14 19:56:06.659699 Yankee: Golf, sending you 4
chatterbot X-ray submitting transactions
chatterbot Alpha submitting transactions
chatterbot Echo submitting transactions
chatterbot Zulu submitting transactions
chatterbot India submitting transactions
chatterbot Golf submitting transactions
chatterbot Yankee submitting transactions
chatterbot Charlie submitting transactions
chatterbot Sierra submitting transactions
chatterbot Victor submitting transactions
ChatterBot Alpha round 9
ChatterBot Zulu round 9
ChatterBot India round 9
ChatterBot Sierra round 9
ChatterBot Victor round 9
ChatterBot Echo round 9
ChatterBot X-ray round 9
ChatterBot Charlie round 9
ChatterBot Golf round 9
ChatterBot Yankee round 9
2024-10-14 19:56:07.832729 Echo: We should drop X-ray
2024-10-14 19:56:07.855324 Sierra: Yes
2024-10-14 19:56:07.855881 India: Yes
2024-10-14 19:56:07.857079 Charlie: Yes
2024-10-14 19:56:07.857462 Zulu: Yes
2024-10-14 19:56:07.858049 Victor: Yes
2024-10-14 19:56:07.945754 Golf: We should replace Zulu with Charlie
2024-10-14 19:56:07.952777 Yankee: No
2024-10-14 19:56:07.953017 Alpha: No
2024-10-14 19:56:07.953147 X-ray: No
ChatterBot Golf reevaluating
ChatterBot Golf reevaluating
ChatterBot Golf reevaluating
2024-10-14 19:56:07.981681 Sierra: Zulu, sending you 2
2024-10-14 19:56:07.983602 Golf: Charlie we want you to join our group
2024-10-14 19:56:07.987298 Charlie: No
ChatterBot Golf reevaluating
2024-10-14 19:56:07.996282 Sierra: India, Victor, Echo and Charlie, sending you 4
2024-10-14 19:56:08.000973 India: Zulu, Sierra, Victor and Charlie, sending you 3
2024-10-14 19:56:08.002067 Zulu: India, Victor, Echo and Charlie, sending you 3
2024-10-14 19:56:08.003757 Charlie: Same as last round
2024-10-14 19:56:08.004436 Alpha: X-ray and Yankee, sending you 7
2024-10-14 19:56:08.004919 X-ray: Same as last round
2024-10-14 19:56:08.005923 Victor: Zulu, India, Sierra and Echo, sending you 4
2024-10-14 19:56:08.006763 India: Echo, sending you 2
2024-10-14 19:56:08.008206 Zulu: Sierra, sending you 2
2024-10-14 19:56:08.008908 Alpha: Golf, sending you 6
2024-10-14 19:56:08.009906 Victor: Charlie, sending you 3
2024-10-14 19:56:08.014707 Golf: Alpha and X-ray, sending you 5
2024-10-14 19:56:08.016672 Yankee: Alpha and X-ray, sending you 5
2024-10-14 19:56:08.018050 Golf: Yankee, sending you 4
2024-10-14 19:56:08.021694 Yankee: Golf, sending you 4
chatterbot Sierra submitting transactions
chatterbot X-ray submitting transactions
chatterbot Yankee submitting transactions
chatterbot Zulu submitting transactions
chatterbot India submitting transactions
chatterbot Victor submitting transactions
chatterbot Golf submitting transactions
chatterbot Echo submitting transactions
chatterbot Alpha submitting transactions
chatterbot Charlie submitting transactions
ChatterBot Alpha round 10
ChatterBot Zulu round 10
ChatterBot India round 10
ChatterBot Sierra round 10
ChatterBot Victor round 10
ChatterBot Echo round 10
ChatterBot X-ray round 10
ChatterBot Charlie round 10
ChatterBot Golf round 10
ChatterBot Yankee round 10
2024-10-14 19:56:09.081854 Golf: We should replace Zulu with Charlie
ChatterBot Alpha reevaluating
2024-10-14 19:56:09.090099 Yankee: No
2024-10-14 19:56:09.090274 Alpha: No
2024-10-14 19:56:09.090415 X-ray: No
ChatterBot Alpha reevaluating
ChatterBot Golf reevaluating
ChatterBot Golf reevaluating
ChatterBot Alpha reevaluating
ChatterBot Golf reevaluating
2024-10-14 19:56:09.121130 Echo: We should drop X-ray
2024-10-14 19:56:09.146275 Sierra: Yes
2024-10-14 19:56:09.147631 India: Yes
2024-10-14 19:56:09.147843 Charlie: Yes
2024-10-14 19:56:09.147991 Zulu: Yes
2024-10-14 19:56:09.148127 Victor: Yes
2024-10-14 19:56:09.300914 Zulu: India, Victor, Echo and Charlie, sending you 3
2024-10-14 19:56:09.313211 X-ray: Same as last round
2024-10-14 19:56:09.314451 Zulu: Sierra, sending you 2
2024-10-14 19:56:09.316447 Victor: Zulu, India, Sierra and Echo, sending you 4
2024-10-14 19:56:09.318257 Golf: Charlie we want you to join our group
2024-10-14 19:56:09.323354 Charlie: No
ChatterBot Golf reevaluating
2024-10-14 19:56:09.339656 Yankee: Alpha and X-ray, sending you 5
2024-10-14 19:56:09.341347 Victor: Charlie, sending you 3
2024-10-14 19:56:09.343238 Alpha: X-ray and Yankee, sending you 7
2024-10-14 19:56:09.343971 Sierra: Zulu, sending you 2
2024-10-14 19:56:09.346552 Charlie: Same as last round
2024-10-14 19:56:09.347968 Yankee: Golf, sending you 4
2024-10-14 19:56:09.349742 Alpha: Golf, sending you 6
2024-10-14 19:56:09.351238 Sierra: India, Victor, Echo and Charlie, sending you 4
2024-10-14 19:56:09.361949 Golf: Alpha and X-ray, sending you 5
2024-10-14 19:56:09.369677 Golf: Yankee, sending you 4
chatterbot Alpha submitting transactions
chatterbot Sierra submitting transactions
chatterbot India submitting transactions
chatterbot Victor submitting transactions
chatterbot Zulu submitting transactions
chatterbot Golf submitting transactions
chatterbot Yankee submitting transactions
chatterbot Charlie submitting transactions
chatterbot X-ray submitting transactions
chatterbot Echo submitting transactions
ChatterBot Alpha round 11
ChatterBot Zulu round 11
ChatterBot India round 11
ChatterBot Sierra round 11
ChatterBot Victor round 11
ChatterBot Echo round 11
ChatterBot X-ray round 11
ChatterBot Charlie round 11
ChatterBot Golf round 11
ChatterBot Yankee round 11
2024-10-14 19:56:10.153729 X-ray: We should add Charlie
ChatterBot Yankee reevaluating
ChatterBot Alpha reevaluating
ChatterBot Golf reevaluating
2024-10-14 19:56:10.168263 Yankee: Yes
2024-10-14 19:56:10.168501 Alpha: Yes
2024-10-14 19:56:10.168725 Golf: Yes
ChatterBot Alpha reevaluating
ChatterBot Golf reevaluating
ChatterBot Yankee reevaluating
ChatterBot Golf reevaluating
ChatterBot Yankee reevaluating
ChatterBot Alpha reevaluating
2024-10-14 19:56:10.226019 X-ray: Charlie we want you to join our group
2024-10-14 19:56:10.227914 Charlie: No
ChatterBot Golf reevaluating
ChatterBot Alpha reevaluating
ChatterBot Yankee reevaluating
2024-10-14 19:56:10.236803 Golf: We should replace Zulu with Charlie
ChatterBot Yankee reevaluating
ChatterBot Alpha reevaluating
2024-10-14 19:56:10.243293 Yankee: Yes
2024-10-14 19:56:10.243422 Alpha: Yes
2024-10-14 19:56:10.243529 X-ray: Yes
ChatterBot Alpha reevaluating
ChatterBot Golf reevaluating
ChatterBot Yankee reevaluating
ChatterBot Golf reevaluating
ChatterBot Yankee reevaluating
ChatterBot Alpha reevaluating
ChatterBot Golf reevaluating
2024-10-14 19:56:10.263603 Echo: We should drop X-ray
2024-10-14 19:56:10.272667 Sierra: Yes
2024-10-14 19:56:10.272855 India: Yes
2024-10-14 19:56:10.272987 Charlie: Yes
2024-10-14 19:56:10.273090 Zulu: Yes
2024-10-14 19:56:10.273201 Victor: Yes
ChatterBot Zulu reevaluating
ChatterBot Zulu reevaluating
ChatterBot Zulu reevaluating
ChatterBot Zulu reevaluating
2024-10-14 19:56:10.320234 Golf: Charlie we want you to join our group
2024-10-14 19:56:10.322660 Charlie: No
ChatterBot Yankee reevaluating
2024-10-14 19:56:10.330548 Alpha: Charlie we want you to join our group
ChatterBot Charlie reevaluating
2024-10-14 19:56:10.333096 Charlie: No
ChatterBot Yankee reevaluating
2024-10-14 19:56:10.340715 Charlie: We should add Golf
ChatterBot Zulu reevaluating
2024-10-14 19:56:10.350784 Sierra: No
2024-10-14 19:56:10.350926 India: No
2024-10-14 19:56:10.351041 Zulu: No
2024-10-14 19:56:10.351142 Echo: No
2024-10-14 19:56:10.351267 Victor: No
ChatterBot Charlie reevaluating
ChatterBot Zulu reevaluating
ChatterBot Charlie reevaluating
ChatterBot Zulu reevaluating
ChatterBot Charlie reevaluating
ChatterBot Charlie reevaluating
ChatterBot Zulu reevaluating
ChatterBot Charlie reevaluating
ChatterBot Zulu reevaluating
2024-10-14 19:56:10.403830 India: Zulu, Sierra, Victor and Charlie, sending you 3
2024-10-14 19:56:10.406678 Sierra: Zulu and India, sending you 3
2024-10-14 19:56:10.407676 Victor: Zulu, Sierra, Echo and Charlie, sending you 4
2024-10-14 19:56:10.408426 X-ray: Alpha, Golf and Yankee, sending you 4
2024-10-14 19:56:10.408925 India: Echo, sending you 2
2024-10-14 19:56:10.410987 Sierra: Victor, Echo and Charlie, sending you 4
2024-10-14 19:56:10.411906 Yankee: Charlie we want you to join our group
ChatterBot Charlie reevaluating
2024-10-14 19:56:10.415135 Charlie: No
ChatterBot Yankee reevaluating
2024-10-14 19:56:10.424809 Victor: India, sending you 3
2024-10-14 19:56:10.425624 X-ray: Charlie, sending you 3
2024-10-14 19:56:10.430694 Golf: Alpha and X-ray, sending you 5
2024-10-14 19:56:10.434662 Golf: Yankee, sending you 4
2024-10-14 19:56:10.442679 Zulu: India, Victor, Echo and Charlie, sending you 3
2024-10-14 19:56:10.443703 Charlie: Same as last round
2024-10-14 19:56:10.447645 Zulu: Sierra, sending you 2
2024-10-14 19:56:10.448818 Yankee: Alpha, X-ray and Golf, sending you 4
2024-10-14 19:56:10.453722 Yankee: Charlie, sending you 2
chatterbot X-ray submitting transactions
chatterbot Sierra submitting transactions
chatterbot India submitting transactions
chatterbot Alpha submitting transactions
chatterbot Echo submitting transactions
chatterbot Charlie submitting transactions
chatterbot Victor submitting transactions
chatterbot Zulu submitting transactions
chatterbot Golf submitting transactions
chatterbot Yankee submitting transactions
ChatterBot Alpha round 12
ChatterBot Zulu round 12
ChatterBot India round 12
ChatterBot Sierra round 12
ChatterBot Victor round 12
ChatterBot Echo round 12
ChatterBot X-ray round 12
ChatterBot Charlie round 12
ChatterBot Golf round 12
ChatterBot Yankee round 12
2024-10-14 19:56:11.615707 Echo: We should drop X-ray
2024-10-14 19:56:11.630905 Sierra: Yes
2024-10-14 19:56:11.631152 India: Yes
2024-10-14 19:56:11.631368 Charlie: Yes
2024-10-14 19:56:11.631579 Zulu: Yes
2024-10-14 19:56:11.632203 Victor: Yes
2024-10-14 19:56:11.712673 Zulu: India, Victor, Echo and Charlie, sending you 3
2024-10-14 19:56:11.717675 Zulu: Sierra, sending you 2
2024-10-14 19:56:11.718604 Charlie: Same as last round
2024-10-14 19:56:11.723675 India: Zulu, Sierra, Victor and Charlie, sending you 3
2024-10-14 19:56:11.725671 Sierra: Zulu and India, sending you 3
2024-10-14 19:56:11.727678 Yankee: Alpha, X-ray and Golf, sending you 4
2024-10-14 19:56:11.729654 India: Echo, sending you 2
2024-10-14 19:56:11.730953 Golf: Alpha, sending you 4
2024-10-14 19:56:11.731439 Victor: Zulu, Sierra, Echo and Charlie, sending you 4
2024-10-14 19:56:11.732271 Sierra: Victor, Echo and Charlie, sending you 4
2024-10-14 19:56:11.733086 Yankee: Charlie, sending you 2
2024-10-14 19:56:11.733586 X-ray: Alpha, Golf and Yankee, sending you 4
2024-10-14 19:56:11.734678 Golf: X-ray and Yankee, sending you 5
2024-10-14 19:56:11.735657 Victor: India, sending you 3
2024-10-14 19:56:11.738659 X-ray: Charlie, sending you 3
chatterbot Victor submitting transactions
chatterbot Alpha submitting transactions
chatterbot India submitting transactions
chatterbot X-ray submitting transactions
chatterbot Zulu submitting transactions
chatterbot Yankee submitting transactions
chatterbot Charlie submitting transactions
chatterbot Sierra submitting transactions
chatterbot Echo submitting transactions
chatterbot Golf submitting transactions
ChatterBot Alpha round 13
ChatterBot Zulu round 13
ChatterBot India round 13
ChatterBot Sierra round 13
ChatterBot Victor round 13
ChatterBot Echo round 13
ChatterBot X-ray round 13
ChatterBot Charlie round 13
ChatterBot Golf round 13
ChatterBot Yankee round 13
2024-10-14 19:56:12.862169 Charlie: We should add Yankee
2024-10-14 19:56:12.872186 Sierra: No
2024-10-14 19:56:12.872347 India: No
2024-10-14 19:56:12.872468 Zulu: No
2024-10-14 19:56:12.872577 Echo: No
2024-10-14 19:56:12.872693 Victor: No
ChatterBot Charlie reevaluating
ChatterBot Charlie reevaluating
ChatterBot Charlie reevaluating
ChatterBot Charlie reevaluating
ChatterBot Charlie reevaluating
2024-10-14 19:56:12.924690 Echo: We should drop X-ray
ChatterBot Charlie reevaluating
2024-10-14 19:56:12.934273 Sierra: Yes
2024-10-14 19:56:12.934404 India: Yes
2024-10-14 19:56:12.934513 Charlie: Yes
2024-10-14 19:56:12.934992 Zulu: Yes
2024-10-14 19:56:12.935093 Victor: Yes
ChatterBot Charlie reevaluating
ChatterBot Charlie reevaluating
ChatterBot Charlie reevaluating
ChatterBot Charlie reevaluating
2024-10-14 19:56:12.984685 Victor: Zulu, Sierra, Echo and Charlie, sending you 4
2024-10-14 19:56:12.985687 Zulu: India, Victor, Echo and Charlie, sending you 3
2024-10-14 19:56:12.986522 Sierra: Zulu, sending you 2
2024-10-14 19:56:12.988932 Victor: India, sending you 3
2024-10-14 19:56:12.990019 Sierra: India, Victor, Echo and Charlie, sending you 4
2024-10-14 19:56:12.990968 Zulu: Sierra, sending you 2
2024-10-14 19:56:12.992676 X-ray: Alpha, Golf and Yankee, sending you 4
2024-10-14 19:56:12.993780 Golf: Alpha, sending you 4
2024-10-14 19:56:12.998678 X-ray: Charlie, sending you 3
2024-10-14 19:56:12.999308 Yankee: Alpha, sending you 2
2024-10-14 19:56:12.999750 Golf: X-ray and Yankee, sending you 5
2024-10-14 19:56:13.004895 Yankee: X-ray and Golf, sending you 3
2024-10-14 19:56:13.006666 Charlie: Same as last round
chatterbot Sierra submitting transactions
chatterbot Alpha submitting transactions
chatterbot Yankee submitting transactions
chatterbot Echo submitting transactions
chatterbot Charlie submitting transactions
chatterbot Golf submitting transactions
chatterbot India submitting transactions
chatterbot Victor submitting transactions
chatterbot X-ray submitting transactions
chatterbot Zulu submitting transactions
ChatterBot Alpha round 14
ChatterBot Zulu round 14
ChatterBot India round 14
ChatterBot Sierra round 14
ChatterBot Victor round 14
ChatterBot Echo round 14
ChatterBot X-ray round 14
ChatterBot Charlie round 14
ChatterBot Golf round 14
ChatterBot Yankee round 14
2024-10-14 19:56:14.006779 Alpha: We should drop Charlie
ChatterBot Yankee reevaluating
ChatterBot X-ray reevaluating
ChatterBot Golf reevaluating
2024-10-14 19:56:14.015263 Yankee: Yes
2024-10-14 19:56:14.015398 X-ray: Yes
2024-10-14 19:56:14.015517 Golf: Yes
ChatterBot X-ray reevaluating
ChatterBot Golf reevaluating
ChatterBot Yankee reevaluating
ChatterBot Golf reevaluating
ChatterBot Yankee reevaluating
ChatterBot X-ray reevaluating
2024-10-14 19:56:14.040642 India: I was attacked by Yankee
ChatterBot Sierra reevaluating
ChatterBot Charlie reevaluating
ChatterBot Zulu reevaluating
ChatterBot Echo reevaluating
ChatterBot Victor reevaluating
2024-10-14 19:56:14.053697 India: I'm keeping this round to protect myself
2024-10-14 19:56:14.055500 India: Ow
2024-10-14 19:56:14.060939 Echo: We should drop X-ray
ChatterBot Sierra reevaluating
ChatterBot Charlie reevaluating
ChatterBot Zulu reevaluating
ChatterBot Victor reevaluating
2024-10-14 19:56:14.076839 Sierra: Yes
2024-10-14 19:56:14.077 India: Yes
2024-10-14 19:56:14.077132 Charlie: Yes
2024-10-14 19:56:14.077276 Zulu: Yes
2024-10-14 19:56:14.077414 Victor: Yes
ChatterBot Charlie reevaluating
ChatterBot Zulu reevaluating
ChatterBot Echo reevaluating
ChatterBot Victor reevaluating
ChatterBot Sierra reevaluating
ChatterBot Charlie reevaluating
ChatterBot Zulu reevaluating
ChatterBot Echo reevaluating
ChatterBot Victor reevaluating
ChatterBot Sierra reevaluating
ChatterBot Zulu reevaluating
ChatterBot Echo reevaluating
ChatterBot Victor reevaluating
ChatterBot Sierra reevaluating
ChatterBot Charlie reevaluating
ChatterBot Echo reevaluating
ChatterBot Victor reevaluating
ChatterBot Sierra reevaluating
ChatterBot Charlie reevaluating
ChatterBot Zulu reevaluating
ChatterBot Echo reevaluating
2024-10-14 19:56:14.142396 Alpha: I was attacked by India
ChatterBot Yankee reevaluating
ChatterBot X-ray reevaluating
ChatterBot Golf reevaluating
2024-10-14 19:56:14.150101 Alpha: I'm keeping this round to protect myself
2024-10-14 19:56:14.151027 Alpha: Ow
2024-10-14 19:56:14.151404 Yankee: We should replace Charlie with Echo
2024-10-14 19:56:14.151652 Golf: We should replace Charlie with Echo
