ChatterBot Sierra round 1
ChatterBot Golf round 1
ChatterBot India round 1
ChatterBot Delta round 1
ChatterBot Charlie round 1
ChatterBot Foxtrot round 1
ChatterBot Whiskey round 1
ChatterBot Uniform round 1
ChatterBot Echo round 1
ChatterBot November round 1
randomSelections Sierra: {Sierra, Golf, Foxtrot, Charlie, Echo, India} 
2024-10-14 19:55:55.883905 Sierra: Let's form a team
ChatterBot Golf reevaluating
ChatterBot Foxtrot reevaluating
ChatterBot Charlie reevaluating
ChatterBot Echo reevaluating
ChatterBot India reevaluating
2024-10-14 19:55:55.897995 Golf: Yes
2024-10-14 19:55:55.898182 Foxtrot: Yes
2024-10-14 19:55:55.898347 Charlie: Yes
2024-10-14 19:55:55.898491 Echo: Yes
2024-10-14 19:55:55.898653 India: Yes
ChatterBot Foxtrot reevaluating
ChatterBot Charlie reevaluating
ChatterBot Echo reevaluating
ChatterBot India reevaluating
ChatterBot Golf reevaluating
ChatterBot Charlie reevaluating
ChatterBot Echo reevaluating
ChatterBot India reevaluating
ChatterBot Golf reevaluating
ChatterBot Foxtrot reevaluating
ChatterBot Echo reevaluating
ChatterBot India reevaluating
ChatterBot Golf reevaluating
ChatterBot Foxtrot reevaluating
ChatterBot Charlie reevaluating
ChatterBot India reevaluating
ChatterBot Golf reevaluating
ChatterBot Foxtrot reevaluating
ChatterBot Charlie reevaluating
ChatterBot Echo reevaluating
randomSelections Delta: {Delta, Foxtrot, Whiskey, Golf, Echo, Uniform} 
2024-10-14 19:55:55.971076 Delta: Can we be friends?
ChatterBot Foxtrot reevaluating
ChatterBot Whiskey reevaluating
ChatterBot Golf reevaluating
ChatterBot Echo reevaluating
ChatterBot Uniform reevaluating
2024-10-14 19:55:55.985001 Foxtrot: No
2024-10-14 19:55:55.985221 Whiskey: Yes
2024-10-14 19:55:55.985357 Golf: No
2024-10-14 19:55:55.985522 Echo: No
2024-10-14 19:55:55.986283 Uniform: Yes
ChatterBot Whiskey reevaluating
ChatterBot Golf reevaluating
ChatterBot Echo reevaluating
ChatterBot Uniform reevaluating
ChatterBot Foxtrot reevaluating
ChatterBot Golf reevaluating
ChatterBot Echo reevaluating
ChatterBot Uniform reevaluating
ChatterBot Foxtrot reevaluating
ChatterBot Whiskey reevaluating
ChatterBot Echo reevaluating
ChatterBot Uniform reevaluating
ChatterBot Foxtrot reevaluating
ChatterBot Whiskey reevaluating
ChatterBot Golf reevaluating
ChatterBot Uniform reevaluating
ChatterBot Foxtrot reevaluating
ChatterBot Whiskey reevaluating
ChatterBot Golf reevaluating
ChatterBot Echo reevaluating
randomSelections November: {November, Echo, Foxtrot, Uniform, Golf, Sierra} 
2024-10-14 19:55:56.052608 November: We should group up
ChatterBot Echo reevaluating
ChatterBot Foxtrot reevaluating
ChatterBot Uniform reevaluating
ChatterBot Golf reevaluating
2024-10-14 19:55:56.063754 Echo: No
2024-10-14 19:55:56.064025 Foxtrot: No
2024-10-14 19:55:56.064196 Uniform: No
2024-10-14 19:55:56.064367 Golf: No
2024-10-14 19:55:56.064570 Sierra: No
ChatterBot Foxtrot reevaluating
ChatterBot Uniform reevaluating
ChatterBot Golf reevaluating
ChatterBot Echo reevaluating
ChatterBot Uniform reevaluating
ChatterBot Golf reevaluating
ChatterBot Echo reevaluating
ChatterBot Foxtrot reevaluating
ChatterBot Golf reevaluating
ChatterBot Echo reevaluating
ChatterBot Foxtrot reevaluating
ChatterBot Uniform reevaluating
ChatterBot Echo reevaluating
ChatterBot Foxtrot reevaluating
ChatterBot Uniform reevaluating
ChatterBot Golf reevaluating
2024-10-14 19:55:56.123725 Golf: Sierra, sending you 3
2024-10-14 19:55:56.124676 Sierra: Golf, sending you 8
2024-10-14 19:55:56.125052 India: Sierra, sending you 3
2024-10-14 19:55:56.125763 Uniform: Golf, sending you 1
2024-10-14 19:55:56.126697 Golf: India, sending you 2
2024-10-14 19:55:56.128676 Sierra: India, sending you 1
2024-10-14 19:55:56.129692 Uniform: Delta and Whiskey, sending you 3
2024-10-14 19:55:56.130 Delta: Golf and Whiskey, sending you 2
2024-10-14 19:55:56.130288 Echo: Sierra and Charlie, sending you 3
2024-10-14 19:55:56.131088 India: Golf, sending you 2
2024-10-14 19:55:56.131687 Golf: Charlie and Echo, sending you 4
2024-10-14 19:55:56.133665 Sierra: Charlie, sending you 3
2024-10-14 19:55:56.134096 Uniform: Foxtrot, sending you 2
2024-10-14 19:55:56.134438 Delta: Foxtrot and Echo, sending you 4
2024-10-14 19:55:56.134784 Echo: Golf and India, sending you 1
2024-10-14 19:55:56.135156 November: Sierra, sending you 2
2024-10-14 19:55:56.135518 India: Charlie and Echo, sending you 4
2024-10-14 19:55:56.136297 Foxtrot: Sierra, sending you 4
2024-10-14 19:55:56.136595 Golf: Foxtrot, sending you 1
2024-10-14 19:55:56.137689 Charlie: Sierra, Golf, Foxtrot and Echo, sending you 2
2024-10-14 19:55:56.138103 Uniform: Echo, sending you 6
2024-10-14 19:55:56.138343 Echo: Foxtrot, sending you 5
2024-10-14 19:55:56.138995 Sierra: Foxtrot and Echo, sending you 2
2024-10-14 19:55:56.139250 Delta: Uniform, sending you 5
2024-10-14 19:55:56.139548 Whiskey: Delta, sending you 5
2024-10-14 19:55:56.139787 November: Golf, sending you 8
2024-10-14 19:55:56.140046 India: Foxtrot, sending you 1
2024-10-14 19:55:56.140339 Foxtrot: India and Charlie, sending you 2
2024-10-14 19:55:56.142689 Charlie: India, sending you 6
2024-10-14 19:55:56.143159 Whiskey: Foxtrot and Echo, sending you 3
2024-10-14 19:55:56.143546 Foxtrot: Echo, sending you 3
2024-10-14 19:55:56.143921 November: Foxtrot, sending you 3
2024-10-14 19:55:56.147688 Whiskey: Uniform, sending you 4
2024-10-14 19:55:56.149702 November: Uniform and Echo, sending you 1
chatterbot Foxtrot submitting transactions
chatterbot Echo submitting transactions
chatterbot Uniform submitting transactions
chatterbot Sierra submitting transactions
chatterbot India submitting transactions
chatterbot Golf submitting transactions
chatterbot Whiskey submitting transactions
chatterbot November submitting transactions
chatterbot Delta submitting transactions
chatterbot Charlie submitting transactions
ChatterBot Sierra round 2
ChatterBot Golf round 2
ChatterBot India round 2
ChatterBot Delta round 2
ChatterBot Charlie round 2
ChatterBot Foxtrot round 2
ChatterBot Whiskey round 2
ChatterBot Uniform round 2
ChatterBot Echo round 2
ChatterBot November round 2
2024-10-14 19:55:59.183531 Sierra: We should add November
ChatterBot Golf reevaluating
ChatterBot Foxtrot reevaluating
ChatterBot Charlie reevaluating
ChatterBot Echo reevaluating
2024-10-14 19:55:59.215796 Golf: Yes
2024-10-14 19:55:59.216141 Foxtrot: Yes
2024-10-14 19:55:59.216409 Charlie: No
2024-10-14 19:55:59.217123 Echo: Yes
2024-10-14 19:55:59.217309 India: No
ChatterBot Foxtrot reevaluating
ChatterBot Charlie reevaluating
ChatterBot Echo reevaluating
ChatterBot Golf reevaluating
ChatterBot Charlie reevaluating
ChatterBot Echo reevaluating
ChatterBot Golf reevaluating
ChatterBot Foxtrot reevaluating
ChatterBot Echo reevaluating
ChatterBot Golf reevaluating
ChatterBot Foxtrot reevaluating
ChatterBot Charlie reevaluating
ChatterBot Golf reevaluating
ChatterBot Foxtrot reevaluating
ChatterBot Charlie reevaluating
ChatterBot Echo reevaluating
2024-10-14 19:55:59.426592 Delta: We should group up
ChatterBot Whiskey reevaluating
ChatterBot Uniform reevaluating
2024-10-14 19:55:59.443104 Whiskey: Yes
2024-10-14 19:55:59.443808 Uniform: Yes
ChatterBot Uniform reevaluating
ChatterBot Whiskey reevaluating
2024-10-14 19:55:59.474958 Uniform: Group up?
ChatterBot Delta reevaluating
ChatterBot Whiskey reevaluating
ChatterBot November reevaluating
2024-10-14 19:55:59.501986 Delta: No
2024-10-14 19:55:59.502569 Whiskey: No
2024-10-14 19:55:59.502723 November: No
ChatterBot Uniform reevaluating
ChatterBot Whiskey reevaluating
ChatterBot November reevaluating
ChatterBot Uniform reevaluating
ChatterBot Delta reevaluating
ChatterBot November reevaluating
ChatterBot Uniform reevaluating
ChatterBot Delta reevaluating
ChatterBot Whiskey reevaluating
2024-10-14 19:55:59.627072 Sierra: November we want you to join our group
ChatterBot November reevaluating
2024-10-14 19:55:59.633854 November: Yes
ChatterBot Golf reevaluating
ChatterBot India reevaluating
ChatterBot Charlie reevaluating
ChatterBot Foxtrot reevaluating
ChatterBot Echo reevaluating
2024-10-14 19:55:59.698444 Golf: November we want you to join our group
2024-10-14 19:55:59.703809 November: Yes
ChatterBot Golf reevaluating
ChatterBot India reevaluating
2024-10-14 19:55:59.736594 Charlie: November we want you to join our group
2024-10-14 19:55:59.742115 November: Yes
ChatterBot Golf reevaluating
ChatterBot India reevaluating
2024-10-14 19:55:59.864671 Echo: November we want you to join our group
2024-10-14 19:55:59.872650 November: Yes
ChatterBot India reevaluating
2024-10-14 19:55:59.983624 Foxtrot: Sierra, Golf, India, Charlie, Whiskey, Uniform and November, sending you 1
2024-10-14 19:55:59.984716 Delta: Whiskey and Uniform, sending you 6
2024-10-14 19:55:59.985141 Sierra: Golf, India, Foxtrot, Echo and November, sending you 3
2024-10-14 19:55:59.986135 Uniform: Delta, sending you 7
2024-10-14 19:55:59.986595 Whiskey: Delta, sending you 7
2024-10-14 19:55:59.987669 November: Sierra, Golf, India, Charlie and Foxtrot, sending you 3
2024-10-14 19:55:59.988276 India: November we want you to join our group
2024-10-14 19:55:59.994125 November: Yes
ChatterBot India reevaluating
2024-10-14 19:56:00.027273 Foxtrot: Delta and Echo, sending you 2
2024-10-14 19:56:00.033405 Delta: November, sending you 5
2024-10-14 19:56:00.037162 Sierra: Charlie, sending you 2
2024-10-14 19:56:00.039161 Uniform: Whiskey, sending you 5
2024-10-14 19:56:00.040599 Whiskey: Uniform, sending you 8
chatterbot November submitting transactions
2024-10-14 19:56:00.041476 Echo: Sierra, Charlie and Foxtrot, sending you 3
2024-10-14 19:56:00.043323 Charlie: Sierra, Foxtrot and Echo, sending you 2
2024-10-14 19:56:00.044587 Uniform: November, sending you 3
2024-10-14 19:56:00.078503 Echo: Golf and India, sending you 4
2024-10-14 19:56:00.078904 Charlie: Golf, sending you 4
2024-10-14 19:56:00.091133 Charlie: India, sending you 3
2024-10-14 19:56:00.091565 Golf: Sierra and November, sending you 6
2024-10-14 19:56:00.092406 Echo: November, sending you 1
2024-10-14 19:56:00.096699 Golf: India and Charlie, sending you 2
2024-10-14 19:56:00.097631 Charlie: November, sending you 1
2024-10-14 19:56:00.098098 India: Sierra and Echo, sending you 2
2024-10-14 19:56:00.105633 Golf: Foxtrot and Echo, sending you 1
2024-10-14 19:56:00.106012 India: Golf and Foxtrot, sending you 3
2024-10-14 19:56:00.111718 India: Charlie, sending you 5
chatterbot Delta submitting transactions
chatterbot Echo submitting transactions
chatterbot Sierra submitting transactions
chatterbot Golf submitting transactions
chatterbot Foxtrot submitting transactions
chatterbot Charlie submitting transactions
chatterbot India submitting transactions
chatterbot Whiskey submitting transactions
chatterbot Uniform submitting transactions
ChatterBot Sierra round 3
ChatterBot Golf round 3
ChatterBot India round 3
ChatterBot Delta round 3
ChatterBot Charlie round 3
ChatterBot Foxtrot round 3
ChatterBot Whiskey round 3
ChatterBot Uniform round 3
ChatterBot Echo round 3
ChatterBot November round 3
2024-10-14 19:56:00.989643 Delta: We should drop November
2024-10-14 19:56:00.998818 Whiskey: Yes
2024-10-14 19:56:00.999034 Uniform: Yes
ChatterBot Uniform reevaluating
2024-10-14 19:56:01.011700 Uniform: We should replace November with Foxtrot
ChatterBot Delta reevaluating
2024-10-14 19:56:01.017751 Delta: Yes
2024-10-14 19:56:01.017878 Whiskey: No
ChatterBot Uniform reevaluating
ChatterBot Delta reevaluating
ChatterBot Uniform reevaluating
2024-10-14 19:56:01.034807 India: Sierra, Golf, Foxtrot and November, sending you 2
2024-10-14 19:56:01.035698 Golf: Sierra and November, sending you 4
2024-10-14 19:56:01.036145 Whiskey: Delta, sending you 7
2024-10-14 19:56:01.036450 Sierra: Golf, India, Foxtrot, Echo and November, sending you 3
2024-10-14 19:56:01.037317 Foxtrot: Sierra, India, Charlie, Echo and November, sending you 2
2024-10-14 19:56:01.037697 Charlie: Sierra, Golf, Foxtrot and November, sending you 2
2024-10-14 19:56:01.038300 India: Charlie, sending you 4
2024-10-14 19:56:01.039470 Whiskey: Uniform, sending you 8
2024-10-14 19:56:01.039826 Golf: India, Charlie and Echo, sending you 3
2024-10-14 19:56:01.040699 Sierra: Charlie, sending you 2
2024-10-14 19:56:01.042668 Foxtrot: Golf, sending you 1
2024-10-14 19:56:01.043138 Charlie: India and Echo, sending you 3
2024-10-14 19:56:01.044096 India: Echo, sending you 3
2024-10-14 19:56:01.044692 Golf: Foxtrot, sending you 1
2024-10-14 19:56:01.052685 November: Sierra, sending you 3
2024-10-14 19:56:01.053948 Echo: Sierra, Golf, Charlie and Foxtrot, sending you 3
2024-10-14 19:56:01.055867 November: Golf, sending you 9
2024-10-14 19:56:01.056708 Echo: India, sending you 4
2024-10-14 19:56:01.060027 November: Charlie, Foxtrot and Echo, sending you 1
2024-10-14 19:56:01.062077 Echo: November, sending you 2
2024-10-14 19:56:01.062595 Uniform: Delta, sending you 7
2024-10-14 19:56:01.062980 Delta: Foxtrot, sending you 5
2024-10-14 19:56:01.066685 Delta: Whiskey and Uniform, sending you 6
2024-10-14 19:56:01.067678 Uniform: Whiskey, sending you 8
chatterbot Sierra submitting transactions
chatterbot India submitting transactions
chatterbot Foxtrot submitting transactions
chatterbot Charlie submitting transactions
chatterbot Golf submitting transactions
chatterbot November submitting transactions
chatterbot Uniform submitting transactions
chatterbot Echo submitting transactions
chatterbot Whiskey submitting transactions
chatterbot Delta submitting transactions
ChatterBot Sierra round 4
ChatterBot Golf round 4
ChatterBot India round 4
ChatterBot Delta round 4
ChatterBot Charlie round 4
ChatterBot Foxtrot round 4
ChatterBot Whiskey round 4
ChatterBot Uniform round 4
2024-10-14 19:56:02.157542 Foxtrot: We should add Delta
2024-10-14 19:56:02.174948 November: No
2024-10-14 19:56:02.175126 Sierra: No
2024-10-14 19:56:02.175256 Golf: No
2024-10-14 19:56:02.175378 India: No
2024-10-14 19:56:02.175493 Charlie: No
2024-10-14 19:56:02.175608 Echo: No
ChatterBot Foxtrot reevaluating
ChatterBot Foxtrot reevaluating
ChatterBot Foxtrot reevaluating
ChatterBot Foxtrot reevaluating
ChatterBot Foxtrot reevaluating
ChatterBot Foxtrot reevaluating
ChatterBot Echo round 4
ChatterBot November round 4
2024-10-14 19:56:02.299672 Delta: We should drop Foxtrot
2024-10-14 19:56:02.304404 Whiskey: Yes
2024-10-14 19:56:02.304563 Uniform: Yes
2024-10-14 19:56:02.324699 Sierra: Golf, India, Foxtrot, Echo and November, sending you 3
2024-10-14 19:56:02.328693 Sierra: Charlie, sending you 2
2024-10-14 19:56:02.332833 Golf: Sierra, sending you 4
2024-10-14 19:56:02.333678 November: Sierra, sending you 3
2024-10-14 19:56:02.336244 Delta: Sending you each 8
2024-10-14 19:56:02.336546 Golf: India, sending you 2
2024-10-14 19:56:02.337047 Charlie: Sierra and Foxtrot, sending you 2
2024-10-14 19:56:02.337675 November: Golf, sending you 5
2024-10-14 19:56:02.338681 Whiskey: Delta, sending you 7
2024-10-14 19:56:02.339708 Golf: Charlie and Echo, sending you 3
2024-10-14 19:56:02.340184 Charlie: Golf, India and Echo, sending you 3
2024-10-14 19:56:02.340683 November: India, sending you 1
2024-10-14 19:56:02.341713 India: Sierra, Golf, Charlie and Echo, sending you 3
2024-10-14 19:56:02.342822 Whiskey: Uniform, sending you 8
2024-10-14 19:56:02.343691 Golf: Foxtrot, sending you 1
2024-10-14 19:56:02.344538 Foxtrot: Sierra, India, Charlie, Echo and November, sending you 2
2024-10-14 19:56:02.345604 Uniform: Delta, sending you 7
2024-10-14 19:56:02.346021 November: Charlie, Foxtrot and Echo, sending you 2
2024-10-14 19:56:02.346744 Charlie: November, sending you 1
2024-10-14 19:56:02.347332 Echo: Sierra, Golf, Charlie and Foxtrot, sending you 3
2024-10-14 19:56:02.347925 India: Foxtrot, sending you 2
2024-10-14 19:56:02.349076 Golf: November, sending you 5
2024-10-14 19:56:02.349664 Uniform: Whiskey, sending you 8
2024-10-14 19:56:02.350066 Foxtrot: Golf, sending you 1
2024-10-14 19:56:02.350675 Echo: India, sending you 4
2024-10-14 19:56:02.352692 India: November, sending you 1
2024-10-14 19:56:02.354694 Echo: November, sending you 2
chatterbot Sierra submitting transactions
chatterbot Whiskey submitting transactions
chatterbot Uniform submitting transactions
chatterbot November submitting transactions
chatterbot Charlie submitting transactions
chatterbot Foxtrot submitting transactions
chatterbot Delta submitting transactions
chatterbot Golf submitting transactions
chatterbot Echo submitting transactions
chatterbot India submitting transactions
ChatterBot Sierra round 5
ChatterBot Golf round 5
ChatterBot India round 5
ChatterBot Delta round 5
ChatterBot Charlie round 5
ChatterBot Foxtrot round 5
ChatterBot Whiskey round 5
ChatterBot Uniform round 5
ChatterBot Echo round 5
ChatterBot November round 5
2024-10-14 19:56:03.335662 Golf: Sierra, India, Charlie and Echo, sending you 3
2024-10-14 19:56:03.336709 Delta: Same as last round
2024-10-14 19:56:03.338253 Sierra: Golf, India, Foxtrot, Echo and November, sending you 3
2024-10-14 19:56:03.339270 Golf: Foxtrot, sending you 1
2024-10-14 19:56:03.342684 Sierra: Charlie, sending you 2
2024-10-14 19:56:03.343934 Whiskey: Delta, sending you 7
2024-10-14 19:56:03.344202 Golf: November, sending you 5
2024-10-14 19:56:03.344758 Foxtrot: Sierra, India, Charlie, Echo and November, sending you 2
2024-10-14 19:56:03.345649 Uniform: Delta, sending you 7
2024-10-14 19:56:03.347649 Charlie: Sierra and Foxtrot, sending you 2
2024-10-14 19:56:03.348962 Whiskey: Uniform, sending you 8
2024-10-14 19:56:03.349428 Uniform: Whiskey, sending you 8
2024-10-14 19:56:03.349863 India: Sierra, Charlie and Echo, sending you 3
2024-10-14 19:56:03.350423 Foxtrot: Golf, sending you 1
2024-10-14 19:56:03.350997 Echo: Sierra, India, Charlie and Foxtrot, sending you 3
2024-10-14 19:56:03.351705 Charlie: Golf, India and Echo, sending you 3
2024-10-14 19:56:03.352699 India: Golf, Foxtrot and November, sending you 2
2024-10-14 19:56:03.354660 Echo: Golf, sending you 4
2024-10-14 19:56:03.355173 Charlie: November, sending you 1
2024-10-14 19:56:03.358671 November: Sierra, sending you 3
2024-10-14 19:56:03.359682 Echo: November, sending you 2
2024-10-14 19:56:03.363672 November: Golf, sending you 6
2024-10-14 19:56:03.367664 November: India and Charlie, sending you 1
2024-10-14 19:56:03.371662 November: Foxtrot and Echo, sending you 2
chatterbot Sierra submitting transactions
chatterbot Uniform submitting transactions
chatterbot Delta submitting transactions
chatterbot Whiskey submitting transactions
chatterbot Golf submitting transactions
chatterbot Foxtrot submitting transactions
chatterbot Echo submitting transactions
chatterbot India submitting transactions
chatterbot November submitting transactions
chatterbot Charlie submitting transactions
ChatterBot Sierra round 6
ChatterBot Golf round 6
ChatterBot India round 6
ChatterBot Delta round 6
ChatterBot Charlie round 6
ChatterBot Foxtrot round 6
ChatterBot Whiskey round 6
ChatterBot Uniform round 6
ChatterBot Echo round 6
ChatterBot November round 6
2024-10-14 19:56:04.598680 Foxtrot: Sierra, India, Charlie, Echo and November, sending you 2
2024-10-14 19:56:04.601720 India: Sierra, Golf, Charlie and Echo, sending you 3
2024-10-14 19:56:04.603479 Foxtrot: Golf, sending you 1
2024-10-14 19:56:04.604159 Golf: Sierra, sending you 4
2024-10-14 19:56:04.604783 Whiskey: Delta, sending you 7
2024-10-14 19:56:04.605636 Charlie: Sierra and Foxtrot, sending you 2
2024-10-14 19:56:04.606682 India: Foxtrot, sending you 2
2024-10-14 19:56:04.608685 November: Sierra, sending you 3
2024-10-14 19:56:04.609197 Whiskey: Uniform, sending you 8
2024-10-14 19:56:04.609440 Charlie: Golf, India and Echo, sending you 3
2024-10-14 19:56:04.609922 Golf: India, Charlie and Echo, sending you 3
2024-10-14 19:56:04.610912 Sierra: Golf, India, Foxtrot, Echo and November, sending you 3
2024-10-14 19:56:04.611370 Delta: Same as last round
2024-10-14 19:56:04.611587 India: November, sending you 1
2024-10-14 19:56:04.612035 Uniform: Delta, sending you 7
2024-10-14 19:56:04.612258 November: Golf, sending you 6
2024-10-14 19:56:04.613694 Echo: Sierra, India, Charlie and Foxtrot, sending you 3
2024-10-14 19:56:04.614746 Charlie: November, sending you 1
2024-10-14 19:56:04.615872 Golf: Foxtrot, sending you 1
2024-10-14 19:56:04.616412 Sierra: Charlie, sending you 2
2024-10-14 19:56:04.617438 Uniform: Whiskey, sending you 8
2024-10-14 19:56:04.617711 November: India and Charlie, sending you 1
2024-10-14 19:56:04.619693 Echo: Golf, sending you 4
2024-10-14 19:56:04.621210 Golf: November, sending you 5
2024-10-14 19:56:04.621736 November: Foxtrot and Echo, sending you 2
2024-10-14 19:56:04.625682 Echo: November, sending you 2
chatterbot Echo submitting transactions
chatterbot India submitting transactions
chatterbot Sierra submitting transactions
chatterbot Charlie submitting transactions
chatterbot Uniform submitting transactions
chatterbot Golf submitting transactions
chatterbot November submitting transactions
chatterbot Delta submitting transactions
chatterbot Whiskey submitting transactions
chatterbot Foxtrot submitting transactions
ChatterBot Sierra round 7
ChatterBot Golf round 7
ChatterBot India round 7
ChatterBot Delta round 7
ChatterBot Charlie round 7
ChatterBot Foxtrot round 7
ChatterBot Whiskey round 7
ChatterBot Uniform round 7
ChatterBot Echo round 7
ChatterBot November round 7
2024-10-14 19:56:05.822655 Sierra: Golf, India, Foxtrot, Echo and November, sending you 3
2024-10-14 19:56:05.825670 Sierra: Charlie, sending you 2
2024-10-14 19:56:05.829699 Whiskey: Delta, sending you 7
2024-10-14 19:56:05.830649 Charlie: Sierra and Foxtrot, sending you 2
2024-10-14 19:56:05.832700 Foxtrot: Sierra, India, Charlie, Echo and November, sending you 2
2024-10-14 19:56:05.833990 Golf: Sierra, India, Charlie and Echo, sending you 3
2024-10-14 19:56:05.834919 Echo: Sending you each 3
2024-10-14 19:56:05.835840 Whiskey: Uniform, sending you 8
2024-10-14 19:56:05.836642 Charlie: Golf, India and Echo, sending you 3
2024-10-14 19:56:05.838668 Foxtrot: Golf, sending you 1
2024-10-14 19:56:05.839950 Golf: Foxtrot, sending you 2
2024-10-14 19:56:05.840861 Delta: Whiskey, sending you 8
2024-10-14 19:56:05.841224 Charlie: November, sending you 1
2024-10-14 19:56:05.842129 November: Sierra, sending you 3
2024-10-14 19:56:05.843391 Uniform: Delta, sending you 7
2024-10-14 19:56:05.843748 India: Sierra, Golf, Charlie and Echo, sending you 3
2024-10-14 19:56:05.844762 Delta: Uniform, sending you 9
2024-10-14 19:56:05.845694 Golf: November, sending you 5
2024-10-14 19:56:05.847154 November: Golf, sending you 6
2024-10-14 19:56:05.848671 Uniform: Whiskey, sending you 8
2024-10-14 19:56:05.849658 India: Foxtrot, sending you 2
2024-10-14 19:56:05.851655 November: India and Charlie, sending you 1
2024-10-14 19:56:05.854687 November: Foxtrot and Echo, sending you 2
2024-10-14 19:56:05.855654 India: November, sending you 1
chatterbot India submitting transactions
chatterbot Delta submitting transactions
chatterbot Whiskey submitting transactions
chatterbot Echo submitting transactions
chatterbot Sierra submitting transactions
chatterbot Uniform submitting transactions
chatterbot Golf submitting transactions
chatterbot Foxtrot submitting transactions
chatterbot Charlie submitting transactions
chatterbot November submitting transactions
ChatterBot Sierra round 8
ChatterBot Golf round 8
ChatterBot India round 8
ChatterBot Delta round 8
ChatterBot Charlie round 8
ChatterBot Foxtrot round 8
ChatterBot Whiskey round 8
ChatterBot Uniform round 8
ChatterBot Echo round 8
ChatterBot November round 8
2024-10-14 19:56:07.109715 India: Sierra, Golf, Charlie and Echo, sending you 3
2024-10-14 19:56:07.113667 India: Foxtrot, sending you 2
2024-10-14 19:56:07.115691 Sierra: Golf, India, Foxtrot, Echo and November, sending you 3
2024-10-14 19:56:07.117692 Delta: Whiskey, sending you 8
2024-10-14 19:56:07.118435 India: November, sending you 1
2024-10-14 19:56:07.119669 Foxtrot: Sierra, India, Charlie, Echo and November, sending you 2
2024-10-14 19:56:07.120670 Sierra: Charlie, sending you 2
2024-10-14 19:56:07.121696 Golf: Sierra, India, Charlie and Echo, sending you 3
2024-10-14 19:56:07.122848 Delta: Uniform, sending you 9
2024-10-14 19:56:07.123263 Uniform: Delta, sending you 7
2024-10-14 19:56:07.123694 Whiskey: Delta, sending you 7
2024-10-14 19:56:07.123977 Foxtrot: Golf, sending you 1
2024-10-14 19:56:07.125014 Charlie: Sierra and Foxtrot, sending you 2
2024-10-14 19:56:07.125888 Echo: Same as last round
2024-10-14 19:56:07.126679 Uniform: Whiskey, sending you 8
2024-10-14 19:56:07.127685 Golf: Foxtrot, sending you 2
2024-10-14 19:56:07.128912 Whiskey: Uniform, sending you 8
2024-10-14 19:56:07.129684 Charlie: Golf, India and Echo, sending you 3
2024-10-14 19:56:07.132699 Golf: November, sending you 5
2024-10-14 19:56:07.133443 Charlie: November, sending you 1
2024-10-14 19:56:07.134682 November: Sierra, sending you 3
2024-10-14 19:56:07.141084 November: Golf, sending you 6
2024-10-14 19:56:07.147071 November: India and Charlie, sending you 1
2024-10-14 19:56:07.150666 November: Foxtrot and Echo, sending you 2
chatterbot Sierra submitting transactions
chatterbot India submitting transactions
chatterbot Echo submitting transactions
chatterbot Charlie submitting transactions
chatterbot November submitting transactions
chatterbot Foxtrot submitting transactions
chatterbot Golf submitting transactions
chatterbot Uniform submitting transactions
chatterbot Delta submitting transactions
chatterbot Whiskey submitting transactions
ChatterBot Sierra round 9
ChatterBot Golf round 9
ChatterBot India round 9
ChatterBot Delta round 9
ChatterBot Charlie round 9
ChatterBot Foxtrot round 9
ChatterBot Whiskey round 9
ChatterBot Uniform round 9
ChatterBot Echo round 9
ChatterBot November round 9
2024-10-14 19:56:08.331076 Delta: We should add Sierra
2024-10-14 19:56:08.336569 Whiskey: No
2024-10-14 19:56:08.336771 Uniform: No
ChatterBot Delta reevaluating
ChatterBot Uniform reevaluating
ChatterBot Delta reevaluating
2024-10-14 19:56:08.350170 Uniform: We should add India
ChatterBot Delta reevaluating
2024-10-14 19:56:08.358288 Delta: No
2024-10-14 19:56:08.358467 Whiskey: No
ChatterBot Uniform reevaluating
ChatterBot Delta reevaluating
ChatterBot Uniform reevaluating
2024-10-14 19:56:08.405659 India: Sierra, Golf, Charlie and Echo, sending you 3
2024-10-14 19:56:08.407790 Uniform: Delta, sending you 7
2024-10-14 19:56:08.408677 Charlie: Sierra and Foxtrot, sending you 2
2024-10-14 19:56:08.409772 Delta: Whiskey, sending you 8
2024-10-14 19:56:08.410105 India: Foxtrot, sending you 2
2024-10-14 19:56:08.410863 Uniform: Whiskey, sending you 8
2024-10-14 19:56:08.411709 Whiskey: Delta, sending you 7
2024-10-14 19:56:08.412689 Sierra: Golf, India, Foxtrot, Echo and November, sending you 3
2024-10-14 19:56:08.413885 Delta: Uniform, sending you 9
2024-10-14 19:56:08.414301 Charlie: Golf, India and Echo, sending you 3
2024-10-14 19:56:08.415113 India: November, sending you 1
2024-10-14 19:56:08.416341 Whiskey: Uniform, sending you 8
2024-10-14 19:56:08.416735 Golf: Sierra, India, Charlie and Echo, sending you 3
2024-10-14 19:56:08.417355 Foxtrot: Sierra, India, Charlie, Echo and November, sending you 2
2024-10-14 19:56:08.417972 November: Sierra, sending you 3
2024-10-14 19:56:08.418518 Sierra: Charlie, sending you 2
2024-10-14 19:56:08.419610 Echo: Same as last round
2024-10-14 19:56:08.420243 Charlie: November, sending you 1
2024-10-14 19:56:08.420835 Golf: Foxtrot, sending you 2
2024-10-14 19:56:08.421571 Foxtrot: Golf, sending you 1
2024-10-14 19:56:08.422676 November: Golf, sending you 6
2024-10-14 19:56:08.424085 Golf: November, sending you 5
2024-10-14 19:56:08.428671 November: India and Charlie, sending you 1
2024-10-14 19:56:08.433693 November: Foxtrot and Echo, sending you 2
chatterbot Delta submitting transactions
chatterbot Golf submitting transactions
chatterbot Sierra submitting transactions
chatterbot India submitting transactions
chatterbot Charlie submitting transactions
chatterbot Echo submitting transactions
chatterbot November submitting transactions
chatterbot Foxtrot submitting transactions
chatterbot Uniform submitting transactions
chatterbot Whiskey submitting transactions
ChatterBot Sierra round 10
ChatterBot Golf round 10
ChatterBot India round 10
ChatterBot Delta round 10
ChatterBot Charlie round 10
ChatterBot Foxtrot round 10
ChatterBot Whiskey round 10
ChatterBot Uniform round 10
ChatterBot Echo round 10
ChatterBot November round 10
2024-10-14 19:56:09.656712 Golf: Sierra, India, Charlie and Echo, sending you 3
2024-10-14 19:56:09.662700 Charlie: Sierra and Foxtrot, sending you 2
2024-10-14 19:56:09.664883 Foxtrot: Sierra, India, Charlie, Echo and November, sending you 2
2024-10-14 19:56:09.666371 Golf: Foxtrot, sending you 2
2024-10-14 19:56:09.668666 Charlie: Golf, India and Echo, sending you 3
2024-10-14 19:56:09.670366 Foxtrot: Golf, sending you 1
2024-10-14 19:56:09.671255 Delta: Whiskey, sending you 8
2024-10-14 19:56:09.671980 Uniform: Delta, sending you 7
2024-10-14 19:56:09.672267 Echo: Same as last round
2024-10-14 19:56:09.673163 Golf: November, sending you 5
2024-10-14 19:56:09.674706 India: Sierra, Golf, Charlie and Echo, sending you 3
2024-10-14 19:56:09.675443 November: Sierra, sending you 3
2024-10-14 19:56:09.676820 Charlie: November, sending you 1
2024-10-14 19:56:09.677817 Sierra: Golf, India, Foxtrot, Echo and November, sending you 3
2024-10-14 19:56:09.679206 Delta: Uniform, sending you 9
2024-10-14 19:56:09.679484 Uniform: Whiskey, sending you 8
2024-10-14 19:56:09.679949 Whiskey: Delta, sending you 7
2024-10-14 19:56:09.680337 India: Foxtrot, sending you 2
2024-10-14 19:56:09.681847 November: Golf, sending you 6
2024-10-14 19:56:09.682583 Sierra: Charlie, sending you 2
2024-10-14 19:56:09.684718 Whiskey: Uniform, sending you 8
2024-10-14 19:56:09.685857 November: India and Charlie, sending you 1
2024-10-14 19:56:09.688026 India: November, sending you 1
2024-10-14 19:56:09.690710 November: Foxtrot and Echo, sending you 2
chatterbot Echo submitting transactions
chatterbot Golf submitting transactions
chatterbot November submitting transactions
chatterbot Sierra submitting transactions
chatterbot India submitting transactions
chatterbot Charlie submitting transactions
chatterbot Delta submitting transactions
chatterbot Foxtrot submitting transactions
chatterbot Uniform submitting transactions
chatterbot Whiskey submitting transactions
ChatterBot Sierra round 11
ChatterBot Golf round 11
ChatterBot India round 11
ChatterBot Delta round 11
ChatterBot Charlie round 11
ChatterBot Foxtrot round 11
ChatterBot Whiskey round 11
ChatterBot Uniform round 11
ChatterBot Echo round 11
ChatterBot November round 11
2024-10-14 19:56:10.977663 Delta: Whiskey, sending you 8
2024-10-14 19:56:10.979747 Golf: Sierra, India, Charlie and Echo, sending you 3
2024-10-14 19:56:10.985865 Delta: Uniform, sending you 9
2024-10-14 19:56:10.986309 India: Sierra, Golf, Charlie and Echo, sending you 3
2024-10-14 19:56:10.988099 Golf: Foxtrot, sending you 2
2024-10-14 19:56:10.990278 Uniform: Delta, sending you 7
2024-10-14 19:56:10.990739 Charlie: Sierra and Foxtrot, sending you 2
2024-10-14 19:56:10.992515 Sierra: Golf, India, Foxtrot, Echo and November, sending you 3
2024-10-14 19:56:10.994304 Whiskey: Delta, sending you 7
2024-10-14 19:56:10.994943 India: Foxtrot, sending you 2
2024-10-14 19:56:10.995855 Echo: Same as last round
2024-10-14 19:56:10.998020 Golf: November, sending you 5
2024-10-14 19:56:11.000120 Charlie: Golf, India and Echo, sending you 3
2024-10-14 19:56:11.001930 Uniform: Whiskey, sending you 8
2024-10-14 19:56:11.002264 Sierra: Charlie, sending you 2
2024-10-14 19:56:11.003978 Foxtrot: Sierra, India, Charlie, Echo and November, sending you 2
2024-10-14 19:56:11.005016 Whiskey: Uniform, sending you 8
2024-10-14 19:56:11.005984 India: November, sending you 1
2024-10-14 19:56:11.006907 Charlie: November, sending you 1
2024-10-14 19:56:11.010828 Foxtrot: Golf, sending you 1
2024-10-14 19:56:11.012872 November: Sierra and Echo, sending you 3
2024-10-14 19:56:11.018354 November: Golf, sending you 5
2024-10-14 19:56:11.025729 November: India and Charlie, sending you 1
2024-10-14 19:56:11.032676 November: Foxtrot, sending you 2
chatterbot Echo submitting transactions
chatterbot Golf submitting transactions
chatterbot Delta submitting transactions
chatterbot Foxtrot submitting transactions
chatterbot Sierra submitting transactions
chatterbot November submitting transactions
chatterbot India submitting transactions
chatterbot Charlie submitting transactions
chatterbot Whiskey submitting transactions
chatterbot Uniform submitting transactions
ChatterBot Sierra round 12
ChatterBot Golf round 12
ChatterBot India round 12
ChatterBot Delta round 12
ChatterBot Charlie round 12
ChatterBot Foxtrot round 12
ChatterBot Whiskey round 12
ChatterBot Uniform round 12
ChatterBot Echo round 12
ChatterBot November round 12
2024-10-14 19:56:12.238682 Sierra: Golf, India, Foxtrot, Echo and November, sending you 3
2024-10-14 19:56:12.240553 Uniform: Delta, sending you 7
2024-10-14 19:56:12.243663 Sierra: Charlie, sending you 2
2024-10-14 19:56:12.245317 Whiskey: Delta, sending you 7
2024-10-14 19:56:12.245767 Uniform: Whiskey, sending you 8
2024-10-14 19:56:12.246118 Charlie: Sierra and Foxtrot, sending you 2
2024-10-14 19:56:12.247640 Delta: Whiskey, sending you 8
2024-10-14 19:56:12.248950 Whiskey: Uniform, sending you 8
2024-10-14 19:56:12.249657 Charlie: Golf, India and Echo, sending you 3
2024-10-14 19:56:12.251310 November: Sierra and Echo, sending you 3
2024-10-14 19:56:12.252671 Golf: Sierra, India, Charlie and Echo, sending you 3
2024-10-14 19:56:12.253447 Delta: Uniform, sending you 9
2024-10-14 19:56:12.253756 Foxtrot: Sierra, India, Charlie, Echo and November, sending you 2
2024-10-14 19:56:12.254971 India: Sierra, Golf, Charlie and Echo, sending you 3
2024-10-14 19:56:12.255771 Charlie: November, sending you 1
2024-10-14 19:56:12.257470 Golf: Foxtrot, sending you 2
2024-10-14 19:56:12.258893 November: Golf, sending you 5
2024-10-14 19:56:12.260450 Foxtrot: Golf, sending you 1
2024-10-14 19:56:12.261687 Echo: Same as last round
2024-10-14 19:56:12.263088 India: Foxtrot, sending you 2
2024-10-14 19:56:12.264878 Golf: November, sending you 5
2024-10-14 19:56:12.265807 November: India and Charlie, sending you 1
2024-10-14 19:56:12.267676 India: November, sending you 1
2024-10-14 19:56:12.272174 November: Foxtrot, sending you 2
chatterbot Sierra submitting transactions
chatterbot India submitting transactions
chatterbot Echo submitting transactions
chatterbot Delta submitting transactions
chatterbot Charlie submitting transactions
chatterbot Golf submitting transactions
chatterbot November submitting transactions
chatterbot Uniform submitting transactions
chatterbot Foxtrot submitting transactions
chatterbot Whiskey submitting transactions
ChatterBot Sierra round 13
ChatterBot Golf round 13
ChatterBot India round 13
ChatterBot Delta round 13
ChatterBot Charlie round 13
ChatterBot Foxtrot round 13
ChatterBot Whiskey round 13
ChatterBot Uniform round 13
ChatterBot Echo round 13
ChatterBot November round 13
2024-10-14 19:56:13.530680 India: Sierra, Golf, Charlie and Echo, sending you 3
2024-10-14 19:56:13.538151 India: Foxtrot, sending you 2
2024-10-14 19:56:13.539425 Sierra: Golf, India, Foxtrot, Echo and November, sending you 3
2024-10-14 19:56:13.541071 Foxtrot: Sierra, India, Charlie, Echo and November, sending you 2
2024-10-14 19:56:13.542808 Delta: Whiskey, sending you 8
2024-10-14 19:56:13.543996 India: November, sending you 1
2024-10-14 19:56:13.546112 Sierra: Charlie, sending you 2
2024-10-14 19:56:13.548735 Foxtrot: Golf, sending you 1
2024-10-14 19:56:13.551138 Echo: Same as last round
2024-10-14 19:56:13.553543 Delta: Uniform, sending you 9
2024-10-14 19:56:13.554781 Whiskey: Delta, sending you 7
2024-10-14 19:56:13.555207 Charlie: Sierra and Foxtrot, sending you 2
2024-10-14 19:56:13.557635 Golf: Sierra, India, Charlie and Echo, sending you 3
2024-10-14 19:56:13.559655 Uniform: Delta, sending you 7
2024-10-14 19:56:13.560690 Whiskey: Uniform, sending you 8
2024-10-14 19:56:13.561659 Charlie: Golf, India and Echo, sending you 3
2024-10-14 19:56:13.564213 November: Sierra, sending you 2
2024-10-14 19:56:13.566429 Golf: Foxtrot, sending you 2
2024-10-14 19:56:13.569467 Uniform: Whiskey, sending you 8
2024-10-14 19:56:13.570370 Charlie: November, sending you 1
2024-10-14 19:56:13.574116 November: Golf, sending you 3
2024-10-14 19:56:13.577760 Golf: November, sending you 5
2024-10-14 19:56:13.614536 November: Foxtrot and Echo, sending you 1
chatterbot Charlie submitting transactions
chatterbot Uniform submitting transactions
chatterbot Foxtrot submitting transactions
chatterbot Golf submitting transactions
chatterbot India submitting transactions
chatterbot November submitting transactions
chatterbot Whiskey submitting transactions
chatterbot Sierra submitting transactions
chatterbot Delta submitting transactions
chatterbot Echo submitting transactions
ChatterBot Sierra round 14
ChatterBot Golf round 14
ChatterBot India round 14
ChatterBot Delta round 14
ChatterBot Charlie round 14
ChatterBot Foxtrot round 14
ChatterBot Whiskey round 14
ChatterBot Uniform round 14
ChatterBot Echo round 14
ChatterBot November round 14
2024-10-14 19:56:14.803896 Foxtrot: We should drop India
2024-10-14 19:56:14.828036 Sierra: No
2024-10-14 19:56:14.828248 Golf: No
2024-10-14 19:56:14.828417 Charlie: No
2024-10-14 19:56:14.828583 Echo: No
2024-10-14 19:56:14.828770 November: No
ChatterBot Foxtrot reevaluating
ChatterBot Foxtrot reevaluating
ChatterBot Foxtrot reevaluating
ChatterBot Golf reevaluating
ChatterBot Foxtrot reevaluating
ChatterBot Golf reevaluating
ChatterBot Foxtrot reevaluating
ChatterBot Golf reevaluating
2024-10-14 19:56:14.905660 Uniform: Delta, sending you 7
2024-10-14 19:56:14.906093 Charlie: Sierra and Foxtrot, sending you 2
2024-10-14 19:56:14.908009 Sierra: Golf, India, Foxtrot, Echo and November, sending you 3
2024-10-14 19:56:14.909622 Whiskey: Delta, sending you 7
2024-10-14 19:56:14.910056 India: Sierra, Golf, Charlie and Echo, sending you 3
2024-10-14 19:56:14.912068 Delta: Whiskey, sending you 4
2024-10-14 19:56:14.912488 November: Sierra and Echo, sending you 3
2024-10-14 19:56:14.914400 Uniform: Whiskey, sending you 8
2024-10-14 19:56:14.915023 Foxtrot: We should drop November
ChatterBot Golf reevaluating
ChatterBot Charlie reevaluating
2024-10-14 19:56:14.939232 Sierra: No
2024-10-14 19:56:14.939431 Golf: No
2024-10-14 19:56:14.939611 Charlie: No
2024-10-14 19:56:14.939801 Echo: No
2024-10-14 19:56:14.939995 India: No
ChatterBot Golf reevaluating
ChatterBot Foxtrot reevaluating
ChatterBot Charlie reevaluating
ChatterBot Foxtrot reevaluating
ChatterBot Charlie reevaluating
ChatterBot Golf reevaluating
ChatterBot Foxtrot reevaluating
ChatterBot Golf reevaluating
ChatterBot Foxtrot reevaluating
ChatterBot Charlie reevaluating
ChatterBot Golf reevaluating
ChatterBot Foxtrot reevaluating
ChatterBot Charlie reevaluating
2024-10-14 19:56:15.059314 Sierra: Charlie, sending you 2
2024-10-14 19:56:15.060482 Whiskey: Uniform, sending you 8
2024-10-14 19:56:15.061546 India: Foxtrot, sending you 2
2024-10-14 19:56:15.062689 Delta: Uniform, sending you 5
2024-10-14 19:56:15.062984 Delta: I was attacked by November
ChatterBot Whiskey reevaluating
ChatterBot Uniform reevaluating
2024-10-14 19:56:15.069182 Delta: Ow
2024-10-14 19:56:15.070435 November: Golf, sending you 5
2024-10-14 19:56:15.072188 Echo: Same as last round
2024-10-14 19:56:15.074656 Charlie: We should drop Foxtrot
ChatterBot Sierra reevaluating
ChatterBot Golf reevaluating
2024-10-14 19:56:15.088826 Sierra: Yes
2024-10-14 19:56:15.088964 Golf: Yes
2024-10-14 19:56:15.089127 India: No
2024-10-14 19:56:15.089235 Echo: No
2024-10-14 19:56:15.089328 November: No
ChatterBot Charlie reevaluating
ChatterBot Golf reevaluating
