ChatterBot Hotel round 1
ChatterBot Mike round 1
ChatterBot Yankee round 1
ChatterBot Papa round 1
ChatterBot Uniform round 1
ChatterBot Bravo round 1
ChatterBot Charlie round 1
ChatterBot Oscar round 1
ChatterBot X-ray round 1
ChatterBot November round 1
randomSelections Hotel: {Hotel} 
randomSelections Yankee: {Yankee, Mike, November, Charlie, X-ray, Papa} 
2024-10-14 19:47:06.266457 Yankee: Friends?
ChatterBot Mike reevaluating
ChatterBot November reevaluating
ChatterBot Charlie reevaluating
ChatterBot X-ray reevaluating
ChatterBot Papa reevaluating
2024-10-14 19:47:06.342487 Mike: Yes
2024-10-14 19:47:06.342986 November: Yes
2024-10-14 19:47:06.343160 Charlie: Yes
2024-10-14 19:47:06.343283 X-ray: Yes
2024-10-14 19:47:06.343519 Papa: Yes
ChatterBot November reevaluating
ChatterBot Charlie reevaluating
ChatterBot X-ray reevaluating
ChatterBot Papa reevaluating
ChatterBot Mike reevaluating
ChatterBot Charlie reevaluating
ChatterBot X-ray reevaluating
ChatterBot Papa reevaluating
ChatterBot Mike reevaluating
ChatterBot November reevaluating
ChatterBot X-ray reevaluating
ChatterBot Papa reevaluating
ChatterBot Mike reevaluating
ChatterBot November reevaluating
ChatterBot Charlie reevaluating
ChatterBot Papa reevaluating
ChatterBot Mike reevaluating
ChatterBot November reevaluating
ChatterBot Charlie reevaluating
ChatterBot X-ray reevaluating
randomSelections Oscar: {Oscar, X-ray, Yankee, Charlie, November, Uniform, Bravo, Papa} 
2024-10-14 19:47:06.387905 Oscar: We would work well together
ChatterBot X-ray reevaluating
ChatterBot Charlie reevaluating
ChatterBot November reevaluating
ChatterBot Uniform reevaluating
ChatterBot Bravo reevaluating
ChatterBot Papa reevaluating
2024-10-14 19:47:06.400850 X-ray: No
2024-10-14 19:47:06.401591 Yankee: No
2024-10-14 19:47:06.401779 Charlie: No
2024-10-14 19:47:06.401962 November: No
2024-10-14 19:47:06.402138 Uniform: Yes
2024-10-14 19:47:06.402304 Bravo: Yes
2024-10-14 19:47:06.402454 Papa: No
ChatterBot Charlie reevaluating
ChatterBot November reevaluating
ChatterBot Uniform reevaluating
ChatterBot Bravo reevaluating
ChatterBot Papa reevaluating
ChatterBot X-ray reevaluating
ChatterBot Charlie reevaluating
ChatterBot November reevaluating
ChatterBot Uniform reevaluating
ChatterBot Bravo reevaluating
ChatterBot Papa reevaluating
ChatterBot X-ray reevaluating
ChatterBot November reevaluating
ChatterBot Uniform reevaluating
ChatterBot Bravo reevaluating
ChatterBot Papa reevaluating
ChatterBot X-ray reevaluating
ChatterBot Charlie reevaluating
ChatterBot Uniform reevaluating
ChatterBot Bravo reevaluating
ChatterBot Papa reevaluating
ChatterBot X-ray reevaluating
ChatterBot Charlie reevaluating
ChatterBot November reevaluating
ChatterBot Bravo reevaluating
ChatterBot Papa reevaluating
ChatterBot X-ray reevaluating
ChatterBot Charlie reevaluating
ChatterBot November reevaluating
ChatterBot Uniform reevaluating
ChatterBot Papa reevaluating
ChatterBot X-ray reevaluating
ChatterBot Charlie reevaluating
ChatterBot November reevaluating
ChatterBot Uniform reevaluating
ChatterBot Bravo reevaluating
2024-10-14 19:47:06.556005 X-ray: Mike, sending you 2
2024-10-14 19:47:06.556366 Mike: Yankee, X-ray and November, sending you 2
2024-10-14 19:47:06.558 Yankee: Mike, sending you 2
2024-10-14 19:47:06.558388 Oscar: Yankee, Papa and X-ray, sending you 1
2024-10-14 19:47:06.560175 Uniform: Papa, sending you 4
2024-10-14 19:47:06.560571 X-ray: Yankee and Papa, sending you 1
2024-10-14 19:47:06.560915 November: Mike, sending you 7
2024-10-14 19:47:06.561384 Mike: Papa, sending you 3
2024-10-14 19:47:06.562597 Bravo: Uniform and November, sending you 2
2024-10-14 19:47:06.563153 Yankee: Papa, sending you 1
2024-10-14 19:47:06.563573 Oscar: Bravo and November, sending you 2
2024-10-14 19:47:06.564602 Uniform: Bravo, sending you 3
2024-10-14 19:47:06.564966 November: Papa and Charlie, sending you 3
2024-10-14 19:47:06.569024 X-ray: November, sending you 3
2024-10-14 19:47:06.569459 Mike: Charlie, sending you 8
2024-10-14 19:47:06.569903 Bravo: X-ray, sending you 1
2024-10-14 19:47:06.571029 Oscar: Charlie, sending you 4
2024-10-14 19:47:06.571642 Uniform: Charlie, sending you 1
2024-10-14 19:47:06.572860 November: X-ray, sending you 2
2024-10-14 19:47:06.573424 Charlie: Mike and X-ray, sending you 4
2024-10-14 19:47:06.577315 Papa: Mike and Yankee, sending you 4
2024-10-14 19:47:06.577751 Uniform: Oscar, sending you 5
2024-10-14 19:47:06.578106 Charlie: Yankee, sending you 3
2024-10-14 19:47:06.581676 Papa: Charlie, sending you 5
2024-10-14 19:47:06.583027 Uniform: X-ray and November, sending you 2
2024-10-14 19:47:06.583439 Charlie: Papa, sending you 7
2024-10-14 19:47:06.585717 Papa: X-ray, sending you 1
2024-10-14 19:47:06.589784 Papa: November, sending you 2
chatterbot Oscar submitting transactions
chatterbot X-ray submitting transactions
chatterbot November submitting transactions
chatterbot Papa submitting transactions
chatterbot Charlie submitting transactions
chatterbot Mike submitting transactions
chatterbot Hotel submitting transactions
chatterbot Uniform submitting transactions
chatterbot Yankee submitting transactions
chatterbot Bravo submitting transactions
ChatterBot Hotel round 2
ChatterBot Mike round 2
ChatterBot Yankee round 2
ChatterBot Papa round 2
ChatterBot Uniform round 2
ChatterBot Bravo round 2
ChatterBot Charlie round 2
ChatterBot Oscar round 2
2024-10-14 19:47:07.706857 Bravo: Friends?
ChatterBot Uniform reevaluating
ChatterBot Oscar reevaluating
2024-10-14 19:47:07.714810 Uniform: Yes
2024-10-14 19:47:07.714998 Oscar: Yes
ChatterBot Oscar reevaluating
ChatterBot Uniform reevaluating
2024-10-14 19:47:07.729246 Oscar: Group up?
ChatterBot Uniform reevaluating
2024-10-14 19:47:07.737650 Bravo: Yes
2024-10-14 19:47:07.737844 Uniform: Yes
ChatterBot Uniform reevaluating
ChatterBot Oscar reevaluating
ChatterBot Oscar reevaluating
2024-10-14 19:47:07.762840 Papa: We should add Uniform
ChatterBot Mike reevaluating
ChatterBot November reevaluating
ChatterBot Charlie reevaluating
ChatterBot X-ray reevaluating
2024-10-14 19:47:07.813987 Yankee: No
2024-10-14 19:47:07.814771 Mike: Yes
2024-10-14 19:47:07.814941 November: No
2024-10-14 19:47:07.815109 Charlie: No
2024-10-14 19:47:07.815244 X-ray: No
ChatterBot Mike reevaluating
ChatterBot November reevaluating
ChatterBot Charlie reevaluating
ChatterBot X-ray reevaluating
ChatterBot Papa reevaluating
ChatterBot November reevaluating
ChatterBot Charlie reevaluating
ChatterBot X-ray reevaluating
ChatterBot Papa reevaluating
ChatterBot Mike reevaluating
ChatterBot Charlie reevaluating
ChatterBot X-ray reevaluating
ChatterBot Papa reevaluating
ChatterBot Mike reevaluating
ChatterBot November reevaluating
ChatterBot X-ray reevaluating
ChatterBot Papa reevaluating
ChatterBot Mike reevaluating
ChatterBot November reevaluating
ChatterBot Charlie reevaluating
ChatterBot Papa reevaluating
ChatterBot X-ray round 2
ChatterBot November round 2
2024-10-14 19:47:08.215894 Papa: We should drop Yankee
2024-10-14 19:47:08.231470 Mike: No
2024-10-14 19:47:08.231696 Charlie: No
2024-10-14 19:47:08.231902 X-ray: Yes
2024-10-14 19:47:08.232501 November: Yes
ChatterBot Papa reevaluating
ChatterBot Charlie reevaluating
ChatterBot Papa reevaluating
ChatterBot Papa reevaluating
ChatterBot Mike reevaluating
ChatterBot Charlie reevaluating
ChatterBot Papa reevaluating
ChatterBot Mike reevaluating
ChatterBot Charlie reevaluating
2024-10-14 19:47:08.301288 Mike: We should add Oscar
ChatterBot Charlie reevaluating
ChatterBot Papa reevaluating
2024-10-14 19:47:08.321442 Yankee: No
2024-10-14 19:47:08.321662 November: No
2024-10-14 19:47:08.321792 Charlie: No
2024-10-14 19:47:08.322364 X-ray: No
2024-10-14 19:47:08.322501 Papa: No
ChatterBot Mike reevaluating
ChatterBot Charlie reevaluating
ChatterBot Papa reevaluating
ChatterBot Mike reevaluating
ChatterBot Charlie reevaluating
ChatterBot Papa reevaluating
ChatterBot Mike reevaluating
ChatterBot Papa reevaluating
ChatterBot Mike reevaluating
ChatterBot Charlie reevaluating
ChatterBot Papa reevaluating
ChatterBot Mike reevaluating
ChatterBot Charlie reevaluating
2024-10-14 19:47:08.981344 Yankee: Mike, Charlie and X-ray, sending you 3
2024-10-14 19:47:08.982167 Bravo: Uniform, sending you 1
2024-10-14 19:47:08.982462 Uniform: Yankee, sending you 5
2024-10-14 19:47:08.982867 Oscar: Uniform, sending you 9
chatterbot Bravo submitting transactions
chatterbot Yankee submitting transactions
2024-10-14 19:47:09.697812 Yankee: Papa, sending you 4
2024-10-14 19:47:09.698213 Bravo: Oscar, sending you 2
2024-10-14 19:47:09.698985 Oscar: Bravo, sending you 7
2024-10-14 19:47:09.699212 Uniform: Bravo and Oscar, sending you 6
chatterbot Uniform submitting transactions
chatterbot Mike submitting transactions
chatterbot November submitting transactions
chatterbot X-ray submitting transactions
chatterbot Papa submitting transactions
chatterbot Charlie submitting transactions
2024-10-14 19:47:09.938471 Yankee: November, sending you 2
2024-10-14 19:47:09.939916 November: Mike, Papa and X-ray, sending you 4
2024-10-14 19:47:09.940499 X-ray: Mike, Papa and November, sending you 2
2024-10-14 19:47:09.941375 Mike: Yankee, Papa, Charlie and X-ray, sending you 3
chatterbot Hotel submitting transactions
2024-10-14 19:47:10.018360 November: Charlie, sending you 3
2024-10-14 19:47:10.019445 Mike: November, sending you 5
2024-10-14 19:47:10.020365 Charlie: Mike, sending you 8
2024-10-14 19:47:10.021383 X-ray: Charlie, sending you 3
2024-10-14 19:47:10.021946 Papa: Mike and November, sending you 4
chatterbot Oscar submitting transactions
2024-10-14 19:47:10.036188 November: Uniform did not give me 2 like they said
ChatterBot Papa reevaluating
ChatterBot Mike reevaluating
ChatterBot Charlie reevaluating
ChatterBot X-ray reevaluating
2024-10-14 19:47:10.054304 November: Bravo did not give me 2 like they said
ChatterBot Papa reevaluating
ChatterBot Mike reevaluating
ChatterBot Charlie reevaluating
ChatterBot X-ray reevaluating
2024-10-14 19:47:10.070909 November: Oscar did not give me 2 like they said
ChatterBot Papa reevaluating
ChatterBot Mike reevaluating
ChatterBot Charlie reevaluating
ChatterBot X-ray reevaluating
2024-10-14 19:47:10.089364 November: X-ray did not give me 3 like they said
ChatterBot Papa reevaluating
ChatterBot Mike reevaluating
ChatterBot Charlie reevaluating
ChatterBot X-ray reevaluating
2024-10-14 19:47:10.108256 X-ray: Uniform did not give me 2 like they said
ChatterBot Papa reevaluating
ChatterBot Mike reevaluating
ChatterBot Charlie reevaluating
ChatterBot November reevaluating
2024-10-14 19:47:10.129474 X-ray: Bravo did not give me 1 like they said
ChatterBot Papa reevaluating
ChatterBot Mike reevaluating
ChatterBot Charlie reevaluating
ChatterBot November reevaluating
2024-10-14 19:47:10.158511 X-ray: Charlie did not give me 4 like they said
ChatterBot Papa reevaluating
ChatterBot Mike reevaluating
ChatterBot Charlie reevaluating
ChatterBot November reevaluating
2024-10-14 19:47:10.188964 X-ray: Oscar did not give me 1 like they said
ChatterBot Papa reevaluating
ChatterBot Mike reevaluating
ChatterBot Charlie reevaluating
ChatterBot November reevaluating
ChatterBot Hotel round 3
ChatterBot Mike round 3
ChatterBot Yankee round 3
ChatterBot Papa round 3
ChatterBot Uniform round 3
ChatterBot Bravo round 3
ChatterBot Charlie round 3
ChatterBot Oscar round 3
ChatterBot X-ray round 3
ChatterBot November round 3
2024-10-14 19:47:10.233349 Charlie: We should add Yankee
ChatterBot Papa reevaluating
ChatterBot Mike reevaluating
ChatterBot X-ray reevaluating
ChatterBot November reevaluating
2024-10-14 19:47:10.247789 Papa: Yes
2024-10-14 19:47:10.248394 Mike: Yes
2024-10-14 19:47:10.248510 X-ray: Yes
2024-10-14 19:47:10.248635 November: No
ChatterBot Mike reevaluating
ChatterBot Charlie reevaluating
ChatterBot X-ray reevaluating
ChatterBot November reevaluating
ChatterBot Papa reevaluating
ChatterBot Charlie reevaluating
ChatterBot X-ray reevaluating
ChatterBot November reevaluating
ChatterBot Papa reevaluating
ChatterBot Mike reevaluating
ChatterBot Charlie reevaluating
ChatterBot November reevaluating
ChatterBot Papa reevaluating
ChatterBot Mike reevaluating
ChatterBot Charlie reevaluating
ChatterBot X-ray reevaluating
2024-10-14 19:47:10.347373 Charlie: Yankee we want you to join our group
2024-10-14 19:47:10.353301 Yankee: Yes
2024-10-14 19:47:10.378760 X-ray: Yankee we want you to join our group
2024-10-14 19:47:10.384295 Yankee: Yes
ChatterBot November reevaluating
2024-10-14 19:47:10.410767 November: We should replace X-ray with Yankee
2024-10-14 19:47:10.425887 Mike: No
2024-10-14 19:47:10.426112 Papa: No
2024-10-14 19:47:10.426272 Charlie: No
ChatterBot November reevaluating
ChatterBot November reevaluating
ChatterBot November reevaluating
2024-10-14 19:47:10.455569 Bravo: Sending you each 1
2024-10-14 19:47:10.455846 Yankee: Mike, sending you 5
2024-10-14 19:47:10.490726 Oscar: Uniform, sending you 9
2024-10-14 19:47:10.491121 Yankee: Papa and Charlie, sending you 4
2024-10-14 19:47:10.492188 Mike: Yankee, Papa and X-ray, sending you 3
2024-10-14 19:47:10.492725 Uniform: Yankee, sending you 5
2024-10-14 19:47:10.493113 November: Yankee we want you to join our group
2024-10-14 19:47:10.499634 Yankee: Yes
ChatterBot November reevaluating
2024-10-14 19:47:10.566636 Oscar: Bravo, sending you 8
2024-10-14 19:47:10.572185 Yankee: X-ray, sending you 3
2024-10-14 19:47:10.572865 Mike: Charlie and November, sending you 4
2024-10-14 19:47:10.573417 Uniform: Bravo and Oscar, sending you 6
2024-10-14 19:47:10.575542 X-ray: Mike, Yankee, Papa and Charlie, sending you 2
2024-10-14 19:47:10.576156 Yankee: November, sending you 2
2024-10-14 19:47:10.624556 X-ray: November, sending you 3
2024-10-14 19:47:10.706478 November: Mike, Papa and Charlie, sending you 4
2024-10-14 19:47:10.733791 November: Yankee, sending you 3
chatterbot Papa submitting transactions
chatterbot Yankee submitting transactions
chatterbot Bravo submitting transactions
chatterbot Hotel submitting transactions
chatterbot Uniform submitting transactions
chatterbot Mike submitting transactions
chatterbot Charlie submitting transactions
chatterbot Oscar submitting transactions
chatterbot November submitting transactions
chatterbot X-ray submitting transactions
ChatterBot Hotel round 4
ChatterBot Mike round 4
ChatterBot Yankee round 4
ChatterBot Papa round 4
ChatterBot Uniform round 4
ChatterBot Bravo round 4
ChatterBot Charlie round 4
ChatterBot Oscar round 4
ChatterBot X-ray round 4
ChatterBot November round 4
2024-10-14 19:47:11.598285 Charlie: We should add Yankee
2024-10-14 19:47:11.611577 Papa: Yes
2024-10-14 19:47:11.611842 Mike: Yes
2024-10-14 19:47:11.611990 X-ray: Yes
2024-10-14 19:47:11.612516 November: Yes
2024-10-14 19:47:11.694191 Uniform: We should replace Yankee with Hotel
2024-10-14 19:47:11.700819 Bravo: No
2024-10-14 19:47:11.701038 Oscar: No
2024-10-14 19:47:11.728402 Charlie: Yankee we want you to join our group
2024-10-14 19:47:11.732745 Yankee: Yes
2024-10-14 19:47:11.749936 Uniform: Hotel we want you to join our group
2024-10-14 19:47:11.753408 Hotel: No
ChatterBot Oscar reevaluating
2024-10-14 19:47:11.764564 Oscar: We should add Hotel
ChatterBot Bravo reevaluating
2024-10-14 19:47:11.771759 Bravo: Yes
2024-10-14 19:47:11.772305 Uniform: Yes
ChatterBot Oscar reevaluating
ChatterBot Bravo reevaluating
ChatterBot Oscar reevaluating
2024-10-14 19:47:11.807426 Bravo: Hotel we want you to join our group
2024-10-14 19:47:11.810849 Hotel: No
ChatterBot Bravo reevaluating
ChatterBot Oscar reevaluating
2024-10-14 19:47:11.821948 Yankee: Mike, sending you 5
2024-10-14 19:47:11.822498 Mike: Yankee, Papa and X-ray, sending you 3
2024-10-14 19:47:11.843103 Mike: Charlie and November, sending you 4
2024-10-14 19:47:11.843548 X-ray: Mike, sending you 4
2024-10-14 19:47:11.844363 Yankee: Papa, sending you 4
2024-10-14 19:47:11.844737 November: Mike, Papa and Charlie, sending you 4
2024-10-14 19:47:11.845019 Uniform: Hotel, sending you 5
2024-10-14 19:47:11.945163 X-ray: Yankee, Papa, Charlie and November, sending you 2
2024-10-14 19:47:11.949006 November: Yankee, sending you 3
2024-10-14 19:47:11.950348 Uniform: Bravo and Oscar, sending you 6
2024-10-14 19:47:11.951928 Yankee: Charlie, X-ray and November, sending you 3
2024-10-14 19:47:11.963997 Oscar: Uniform, sending you 10
2024-10-14 19:47:11.974721 Oscar: Bravo, sending you 9
2024-10-14 19:47:11.975848 Bravo: Hotel, Uniform and Oscar, sending you 1
chatterbot X-ray submitting transactions
chatterbot Bravo submitting transactions
chatterbot Oscar submitting transactions
chatterbot Mike submitting transactions
chatterbot Papa submitting transactions
chatterbot Yankee submitting transactions
chatterbot Hotel submitting transactions
chatterbot November submitting transactions
chatterbot Uniform submitting transactions
chatterbot Charlie submitting transactions
ChatterBot Hotel round 5
ChatterBot Mike round 5
ChatterBot Yankee round 5
ChatterBot Papa round 5
ChatterBot Uniform round 5
ChatterBot Bravo round 5
ChatterBot Charlie round 5
ChatterBot Oscar round 5
ChatterBot X-ray round 5
ChatterBot November round 5
2024-10-14 19:47:12.995762 Charlie: We should add Yankee
2024-10-14 19:47:13.007269 Papa: Yes
2024-10-14 19:47:13.007440 Mike: Yes
2024-10-14 19:47:13.007579 X-ray: Yes
2024-10-14 19:47:13.007722 November: Yes
2024-10-14 19:47:13.058650 November: We should add X-ray
2024-10-14 19:47:13.070895 Mike: Yes
2024-10-14 19:47:13.071049 Yankee: Yes
2024-10-14 19:47:13.071200 Papa: Yes
2024-10-14 19:47:13.071726 Charlie: Yes
ChatterBot November reevaluating
ChatterBot November reevaluating
ChatterBot November reevaluating
ChatterBot November reevaluating
2024-10-14 19:47:13.122287 Bravo: We should drop Hotel
2024-10-14 19:47:13.128578 Uniform: No
2024-10-14 19:47:13.128754 Oscar: Yes
2024-10-14 19:47:13.141384 Charlie: Yankee we want you to join our group
2024-10-14 19:47:13.144900 Yankee: Yes
ChatterBot November reevaluating
2024-10-14 19:47:13.168171 Uniform: Hotel, sending you 5
2024-10-14 19:47:13.168502 Yankee: Mike, Papa and Charlie, sending you 4
2024-10-14 19:47:13.169655 Oscar: Uniform, sending you 10
2024-10-14 19:47:13.169875 X-ray: Mike, sending you 4
2024-10-14 19:47:13.170228 Mike: Yankee, Papa, X-ray and November, sending you 3
2024-10-14 19:47:13.176904 Uniform: Bravo and Oscar, sending you 6
2024-10-14 19:47:13.177711 Yankee: X-ray and November, sending you 3
2024-10-14 19:47:13.178382 Oscar: Bravo, sending you 9
2024-10-14 19:47:13.179119 X-ray: Yankee, Papa, Charlie and November, sending you 2
2024-10-14 19:47:13.179774 Mike: Charlie, sending you 5
2024-10-14 19:47:13.180802 Bravo: Same as last round
2024-10-14 19:47:13.218845 November: Mike, Papa and Charlie, sending you 4
2024-10-14 19:47:13.338754 November: Yankee, sending you 3
chatterbot Mike submitting transactions
chatterbot Uniform submitting transactions
chatterbot X-ray submitting transactions
chatterbot Oscar submitting transactions
chatterbot November submitting transactions
chatterbot Papa submitting transactions
chatterbot Hotel submitting transactions
chatterbot Charlie submitting transactions
chatterbot Bravo submitting transactions
chatterbot Yankee submitting transactions
ChatterBot Hotel round 6
ChatterBot Mike round 6
ChatterBot Yankee round 6
ChatterBot Papa round 6
ChatterBot Uniform round 6
ChatterBot Bravo round 6
ChatterBot Charlie round 6
ChatterBot Oscar round 6
ChatterBot X-ray round 6
ChatterBot November round 6
2024-10-14 19:47:14.322578 Charlie: We should add Yankee
2024-10-14 19:47:14.336864 Papa: Yes
2024-10-14 19:47:14.337063 Mike: Yes
2024-10-14 19:47:14.337237 X-ray: Yes
2024-10-14 19:47:14.337414 November: Yes
2024-10-14 19:47:14.425234 Charlie: Yankee we want you to join our group
2024-10-14 19:47:14.430293 Yankee: Yes
2024-10-14 19:47:14.496510 Oscar: We should drop Bravo
2024-10-14 19:47:14.522783 Uniform: No
ChatterBot Oscar reevaluating
2024-10-14 19:47:14.542290 Yankee: Mike, Papa, Charlie and November, sending you 4
2024-10-14 19:47:14.544973 Mike: Yankee, Papa, X-ray and November, sending you 3
2024-10-14 19:47:14.548702 Uniform: Hotel, sending you 5
2024-10-14 19:47:14.549763 Yankee: X-ray, sending you 2
2024-10-14 19:47:14.552152 Bravo: Same as last round
2024-10-14 19:47:14.553510 Mike: Charlie, sending you 5
2024-10-14 19:47:14.556093 Uniform: Bravo and Oscar, sending you 6
2024-10-14 19:47:14.559952 November: Mike, Papa and Charlie, sending you 4
2024-10-14 19:47:14.561765 X-ray: Mike and Yankee, sending you 3
2024-10-14 19:47:14.566178 November: Yankee, sending you 3
2024-10-14 19:47:14.567597 X-ray: Papa, Charlie and November, sending you 2
2024-10-14 19:47:14.579986 Oscar: Uniform, sending you 10
2024-10-14 19:47:14.583171 Oscar: Bravo, sending you 9
chatterbot November submitting transactions
chatterbot Oscar submitting transactions
chatterbot Papa submitting transactions
chatterbot Charlie submitting transactions
chatterbot Hotel submitting transactions
chatterbot X-ray submitting transactions
chatterbot Mike submitting transactions
chatterbot Yankee submitting transactions
chatterbot Uniform submitting transactions
chatterbot Bravo submitting transactions
ChatterBot Hotel round 7
ChatterBot Mike round 7
ChatterBot Yankee round 7
ChatterBot Papa round 7
ChatterBot Uniform round 7
ChatterBot Bravo round 7
ChatterBot Charlie round 7
ChatterBot Oscar round 7
ChatterBot X-ray round 7
ChatterBot November round 7
2024-10-14 19:47:15.597843 Uniform: We should replace Hotel with X-ray
ChatterBot Oscar reevaluating
2024-10-14 19:47:15.603912 Bravo: No
2024-10-14 19:47:15.604062 Oscar: No
ChatterBot Uniform reevaluating
ChatterBot Oscar reevaluating
ChatterBot Uniform reevaluating
2024-10-14 19:47:15.621141 Charlie: We should add Yankee
2024-10-14 19:47:15.630753 Papa: Yes
2024-10-14 19:47:15.630926 Mike: Yes
2024-10-14 19:47:15.631036 X-ray: Yes
2024-10-14 19:47:15.631162 November: Yes
2024-10-14 19:47:15.671839 Charlie: Yankee we want you to join our group
2024-10-14 19:47:15.674689 Yankee: Yes
2024-10-14 19:47:15.685247 Mike: Yankee, Papa, X-ray and November, sending you 3
2024-10-14 19:47:15.689071 Yankee: Mike, Papa, Charlie and November, sending you 4
2024-10-14 19:47:15.689857 Hotel: Sending you 5
2024-10-14 19:47:15.690117 Mike: Charlie, sending you 5
2024-10-14 19:47:15.690788 X-ray: Mike, Yankee, Papa and Charlie, sending you 3
2024-10-14 19:47:15.693729 Yankee: X-ray, sending you 2
2024-10-14 19:47:15.694661 X-ray: November, sending you 1
2024-10-14 19:47:15.696662 Oscar: Uniform, sending you 10
2024-10-14 19:47:15.697697 Uniform: Bravo, sending you 8
2024-10-14 19:47:15.701652 Oscar: Bravo, sending you 9
2024-10-14 19:47:15.701954 Uniform: Oscar, sending you 9
2024-10-14 19:47:15.706673 Bravo: Same as last round
2024-10-14 19:47:15.710657 November: Mike, Papa and Charlie, sending you 4
2024-10-14 19:47:15.714663 November: Yankee, sending you 3
chatterbot Uniform submitting transactions
chatterbot Papa submitting transactions
chatterbot Mike submitting transactions
chatterbot Bravo submitting transactions
chatterbot Charlie submitting transactions
chatterbot Yankee submitting transactions
chatterbot Oscar submitting transactions
chatterbot November submitting transactions
chatterbot Hotel submitting transactions
chatterbot X-ray submitting transactions
ChatterBot Hotel round 8
ChatterBot Mike round 8
ChatterBot Yankee round 8
ChatterBot Papa round 8
ChatterBot Uniform round 8
ChatterBot Bravo round 8
ChatterBot Charlie round 8
ChatterBot Oscar round 8
ChatterBot X-ray round 8
ChatterBot November round 8
2024-10-14 19:47:16.868192 Charlie: We should add Yankee
ChatterBot November reevaluating
2024-10-14 19:47:16.879146 Papa: Yes
2024-10-14 19:47:16.879870 Mike: Yes
2024-10-14 19:47:16.880055 X-ray: Yes
2024-10-14 19:47:16.880293 November: Yes
ChatterBot November reevaluating
ChatterBot November reevaluating
ChatterBot November reevaluating
2024-10-14 19:47:16.925967 Charlie: Yankee we want you to join our group
2024-10-14 19:47:16.929458 Yankee: Yes
ChatterBot November reevaluating
2024-10-14 19:47:16.942934 Yankee: Mike, Papa, Charlie and November, sending you 4
2024-10-14 19:47:16.944157 Oscar: We should drop Bravo
2024-10-14 19:47:16.946323 Uniform: No
ChatterBot Oscar reevaluating
2024-10-14 19:47:16.949569 Yankee: X-ray, sending you 2
2024-10-14 19:47:16.952679 Bravo: Same as last round
2024-10-14 19:47:16.953628 Uniform: Hotel, sending you 5
2024-10-14 19:47:16.953908 Mike: Yankee, Papa, X-ray and November, sending you 3
2024-10-14 19:47:16.954496 X-ray: Mike, Yankee, Papa and Charlie, sending you 3
2024-10-14 19:47:16.956773 Mike: Charlie, sending you 5
2024-10-14 19:47:16.958663 Uniform: Bravo and Oscar, sending you 6
2024-10-14 19:47:16.959096 X-ray: November, sending you 1
2024-10-14 19:47:16.970662 November: Mike, Papa and Charlie, sending you 4
2024-10-14 19:47:16.971670 Oscar: Uniform, sending you 10
2024-10-14 19:47:16.975679 November: Yankee, sending you 3
2024-10-14 19:47:16.976432 Oscar: Bravo, sending you 9
chatterbot Mike submitting transactions
chatterbot Papa submitting transactions
chatterbot Yankee submitting transactions
chatterbot Charlie submitting transactions
chatterbot Oscar submitting transactions
chatterbot November submitting transactions
chatterbot Hotel submitting transactions
chatterbot X-ray submitting transactions
chatterbot Bravo submitting transactions
chatterbot Uniform submitting transactions
ChatterBot Hotel round 9
ChatterBot Mike round 9
ChatterBot Yankee round 9
ChatterBot Papa round 9
ChatterBot Uniform round 9
ChatterBot Bravo round 9
ChatterBot Charlie round 9
ChatterBot Oscar round 9
ChatterBot X-ray round 9
ChatterBot November round 9
2024-10-14 19:47:18.158640 Charlie: We should add Yankee
2024-10-14 19:47:18.182517 Papa: Yes
2024-10-14 19:47:18.183843 Mike: Yes
2024-10-14 19:47:18.184169 X-ray: Yes
2024-10-14 19:47:18.184379 November: Yes
2024-10-14 19:47:18.251538 Yankee: We should drop November
2024-10-14 19:47:18.262743 Mike: No
2024-10-14 19:47:18.263059 Papa: No
2024-10-14 19:47:18.263808 Charlie: No
2024-10-14 19:47:18.264034 X-ray: No
ChatterBot Yankee reevaluating
ChatterBot Yankee reevaluating
ChatterBot Yankee reevaluating
ChatterBot Yankee reevaluating
2024-10-14 19:47:18.310044 Charlie: Yankee we want you to join our group
ChatterBot Yankee reevaluating
2024-10-14 19:47:18.314806 Yankee: Yes
2024-10-14 19:47:18.327751 Oscar: We should drop Bravo
2024-10-14 19:47:18.330217 Uniform: No
2024-10-14 19:47:18.336690 Uniform: Hotel, sending you 5
2024-10-14 19:47:18.336995 Bravo: Same as last round
2024-10-14 19:47:18.337661 Mike: Yankee, Papa, X-ray and November, sending you 3
2024-10-14 19:47:18.341660 Uniform: Bravo and Oscar, sending you 6
2024-10-14 19:47:18.342054 Mike: Charlie, sending you 5
2024-10-14 19:47:18.344669 November: Mike, Papa and Charlie, sending you 4
2024-10-14 19:47:18.350119 November: Yankee, sending you 3
2024-10-14 19:47:18.353763 Yankee: Mike, Papa, Charlie and November, sending you 4
2024-10-14 19:47:18.354546 Oscar: Sending you 17
2024-10-14 19:47:18.356667 X-ray: Mike, Yankee, Papa and Charlie, sending you 3
2024-10-14 19:47:18.358179 Yankee: X-ray, sending you 2
2024-10-14 19:47:18.361681 X-ray: November, sending you 1
chatterbot Papa submitting transactions
chatterbot Uniform submitting transactions
chatterbot Hotel submitting transactions
chatterbot November submitting transactions
chatterbot Bravo submitting transactions
chatterbot Mike submitting transactions
chatterbot Charlie submitting transactions
chatterbot Yankee submitting transactions
chatterbot X-ray submitting transactions
chatterbot Oscar submitting transactions
ChatterBot Hotel round 10
ChatterBot Mike round 10
ChatterBot Yankee round 10
ChatterBot Papa round 10
ChatterBot Uniform round 10
ChatterBot Bravo round 10
ChatterBot Charlie round 10
ChatterBot Oscar round 10
ChatterBot X-ray round 10
ChatterBot November round 10
2024-10-14 19:47:19.331853 Oscar: We should add Bravo
2024-10-14 19:47:19.334673 Uniform: Yes
ChatterBot Oscar reevaluating
2024-10-14 19:47:19.340656 Charlie: We should add Yankee
2024-10-14 19:47:19.350355 Papa: Yes
2024-10-14 19:47:19.350542 Mike: Yes
2024-10-14 19:47:19.350669 X-ray: Yes
2024-10-14 19:47:19.350830 November: Yes
2024-10-14 19:47:19.387517 Yankee: We should drop Papa
2024-10-14 19:47:19.395689 Mike: No
2024-10-14 19:47:19.395841 Charlie: No
2024-10-14 19:47:19.395939 X-ray: No
2024-10-14 19:47:19.396035 November: No
ChatterBot Yankee reevaluating
ChatterBot Yankee reevaluating
ChatterBot Yankee reevaluating
ChatterBot Yankee reevaluating
2024-10-14 19:47:19.432067 Charlie: Yankee we want you to join our group
ChatterBot Yankee reevaluating
2024-10-14 19:47:19.435680 Yankee: Yes
2024-10-14 19:47:19.447789 Hotel: Sending you 5
2024-10-14 19:47:19.451672 Mike: Yankee, Papa, X-ray and November, sending you 3
2024-10-14 19:47:19.453131 Uniform: Hotel, sending you 5
2024-10-14 19:47:19.455687 Mike: Charlie, sending you 5
2024-10-14 19:47:19.456802 Uniform: Bravo and Oscar, sending you 6
2024-10-14 19:47:19.460739 X-ray: Mike, Yankee, Papa and Charlie, sending you 3
2024-10-14 19:47:19.462702 November: Mike, Papa and Charlie, sending you 4
2024-10-14 19:47:19.463715 Oscar: Sending you 18
2024-10-14 19:47:19.465682 November: Yankee, sending you 3
2024-10-14 19:47:19.466808 X-ray: November, sending you 1
2024-10-14 19:47:19.477665 Yankee: Mike, Papa, Charlie and November, sending you 4
2024-10-14 19:47:19.480704 Yankee: X-ray, sending you 2
chatterbot Uniform submitting transactions
chatterbot Oscar submitting transactions
chatterbot Papa submitting transactions
chatterbot Hotel submitting transactions
chatterbot Yankee submitting transactions
chatterbot Mike submitting transactions
chatterbot Charlie submitting transactions
chatterbot Bravo submitting transactions
chatterbot November submitting transactions
chatterbot X-ray submitting transactions
ChatterBot Hotel round 11
ChatterBot Mike round 11
ChatterBot Yankee round 11
ChatterBot Papa round 11
ChatterBot Uniform round 11
ChatterBot Bravo round 11
2024-10-14 19:47:20.492585 Hotel: We should add Oscar
ChatterBot Uniform reevaluating
2024-10-14 19:47:20.498287 Uniform: Yes
2024-10-14 19:47:20.501745 Uniform: We should add November
ChatterBot Oscar reevaluating
2024-10-14 19:47:20.510519 Bravo: No
2024-10-14 19:47:20.510713 Oscar: No
2024-10-14 19:47:20.510849 Hotel: No
ChatterBot Uniform reevaluating
ChatterBot Oscar reevaluating
ChatterBot Uniform reevaluating
ChatterBot Uniform reevaluating
ChatterBot Oscar reevaluating
ChatterBot Charlie round 11
ChatterBot Oscar round 11
ChatterBot X-ray round 11
ChatterBot November round 11
2024-10-14 19:47:20.555221 Hotel: Oscar we want you to join our group
ChatterBot Oscar reevaluating
2024-10-14 19:47:20.560552 Oscar: Yes
ChatterBot Uniform reevaluating
2024-10-14 19:47:20.570238 Uniform: We should add X-ray
ChatterBot Oscar reevaluating
2024-10-14 19:47:20.582106 Bravo: Yes
2024-10-14 19:47:20.582646 Oscar: Yes
2024-10-14 19:47:20.582815 Hotel: Yes
ChatterBot Uniform reevaluating
ChatterBot Oscar reevaluating
ChatterBot Uniform reevaluating
ChatterBot Uniform reevaluating
ChatterBot Oscar reevaluating
2024-10-14 19:47:20.625745 Charlie: We should add Yankee
2024-10-14 19:47:20.642007 Papa: Yes
2024-10-14 19:47:20.642214 Mike: Yes
2024-10-14 19:47:20.642377 X-ray: Yes
2024-10-14 19:47:20.642885 November: Yes
ChatterBot X-ray reevaluating
ChatterBot X-ray reevaluating
2024-10-14 19:47:20.811437 X-ray: We should add Oscar
ChatterBot Yankee reevaluating
2024-10-14 19:47:20.825955 Yankee: No
2024-10-14 19:47:20.826211 Mike: No
2024-10-14 19:47:20.826927 November: No
2024-10-14 19:47:20.827237 Charlie: No
2024-10-14 19:47:20.827409 Papa: No
ChatterBot X-ray reevaluating
ChatterBot Yankee reevaluating
ChatterBot X-ray reevaluating
ChatterBot Yankee reevaluating
ChatterBot X-ray reevaluating
ChatterBot Yankee reevaluating
ChatterBot X-ray reevaluating
ChatterBot Yankee reevaluating
ChatterBot X-ray reevaluating
2024-10-14 19:47:20.896093 Charlie: Yankee we want you to join our group
ChatterBot Yankee reevaluating
2024-10-14 19:47:20.900142 Yankee: No
ChatterBot X-ray reevaluating
2024-10-14 19:47:20.922292 Hotel: Uniform, sending you 5
2024-10-14 19:47:20.922913 Mike: Yankee, Papa, X-ray and November, sending you 2
2024-10-14 19:47:20.926175 Yankee: We should drop Charlie
ChatterBot November reevaluating
2024-10-14 19:47:20.942816 Mike: No
2024-10-14 19:47:20.943085 Papa: No
2024-10-14 19:47:20.943319 X-ray: No
2024-10-14 19:47:20.943568 November: Yes
ChatterBot Yankee reevaluating
ChatterBot November reevaluating
ChatterBot Yankee reevaluating
ChatterBot November reevaluating
ChatterBot Yankee reevaluating
ChatterBot November reevaluating
ChatterBot Yankee reevaluating
ChatterBot X-ray reevaluating
2024-10-14 19:47:20.989733 Hotel: Oscar, sending you 3
2024-10-14 19:47:20.989999 Mike: Charlie, sending you 3
2024-10-14 19:47:20.990601 Oscar: Hotel and X-ray, sending you 4
2024-10-14 19:47:20.993683 Oscar: Uniform, sending you 6
2024-10-14 19:47:20.994822 X-ray: We should drop November
ChatterBot Yankee reevaluating
2024-10-14 19:47:21.004602 Yankee: Yes
2024-10-14 19:47:21.004784 Mike: No
2024-10-14 19:47:21.004892 Papa: No
2024-10-14 19:47:21.004991 Charlie: No
ChatterBot X-ray reevaluating
ChatterBot Yankee reevaluating
ChatterBot X-ray reevaluating
ChatterBot Yankee reevaluating
ChatterBot X-ray reevaluating
ChatterBot Yankee reevaluating
ChatterBot X-ray reevaluating
2024-10-14 19:47:21.049368 Oscar: Bravo, sending you 5
chatterbot Hotel submitting transactions
chatterbot Charlie submitting transactions
2024-10-14 19:47:21.079002 X-ray: Mike, sending you 4
2024-10-14 19:47:21.082682 Yankee: Sending you each 2
2024-10-14 19:47:21.084665 X-ray: Yankee, Papa and Charlie, sending you 3
2024-10-14 19:47:21.088664 X-ray: November, sending you 2
chatterbot Oscar submitting transactions
chatterbot Uniform submitting transactions
chatterbot Mike submitting transactions
chatterbot Bravo submitting transactions
chatterbot Papa submitting transactions
chatterbot X-ray submitting transactions
chatterbot November submitting transactions
chatterbot Yankee submitting transactions
ChatterBot Hotel round 12
ChatterBot Mike round 12
ChatterBot Yankee round 12
ChatterBot Papa round 12
ChatterBot Uniform round 12
ChatterBot Bravo round 12
ChatterBot Charlie round 12
ChatterBot Oscar round 12
ChatterBot X-ray round 12
2024-10-14 19:47:22.321059 Uniform: We should add X-ray
ChatterBot Oscar reevaluating
2024-10-14 19:47:22.330475 Bravo: Yes
2024-10-14 19:47:22.330674 Oscar: Yes
2024-10-14 19:47:22.330814 Hotel: Yes
ChatterBot Oscar reevaluating
ChatterBot Oscar reevaluating
2024-10-14 19:47:22.367897 Charlie: We should add Yankee
ChatterBot November reevaluating
2024-10-14 19:47:22.378904 Papa: Yes
2024-10-14 19:47:22.379045 Mike: Yes
2024-10-14 19:47:22.379176 X-ray: Yes
2024-10-14 19:47:22.379286 November: Yes
ChatterBot November reevaluating
ChatterBot November reevaluating
ChatterBot November reevaluating
ChatterBot November round 12
2024-10-14 19:47:22.463140 X-ray: We should add Oscar
ChatterBot November reevaluating
2024-10-14 19:47:22.482399 Yankee: No
2024-10-14 19:47:22.482610 Mike: No
2024-10-14 19:47:22.482796 November: No
2024-10-14 19:47:22.482952 Charlie: No
2024-10-14 19:47:22.483104 Papa: No
ChatterBot November reevaluating
ChatterBot X-ray reevaluating
ChatterBot November reevaluating
ChatterBot X-ray reevaluating
ChatterBot X-ray reevaluating
ChatterBot November reevaluating
ChatterBot X-ray reevaluating
ChatterBot November reevaluating
ChatterBot X-ray reevaluating
2024-10-14 19:47:22.553271 Uniform: X-ray we want you to join our group
ChatterBot X-ray reevaluating
2024-10-14 19:47:22.556004 X-ray: No
ChatterBot Oscar reevaluating
2024-10-14 19:47:22.564354 Charlie: Yankee we want you to join our group
2024-10-14 19:47:22.566642 Yankee: No
ChatterBot November reevaluating
ChatterBot X-ray reevaluating
2024-10-14 19:47:22.584695 Yankee: Mike and Papa, sending you 5
2024-10-14 19:47:22.586672 November: Charlie we want you to join our group
2024-10-14 19:47:22.589636 Charlie: Yes
2024-10-14 19:47:22.600198 X-ray: Oscar we want you to join our group
2024-10-14 19:47:22.605436 Oscar: No
ChatterBot X-ray reevaluating
ChatterBot November reevaluating
2024-10-14 19:47:22.632726 Yankee: Charlie and X-ray, sending you 4
2024-10-14 19:47:22.633211 Bravo: I was attacked by Mike, Yankee, Papa and Charlie
ChatterBot Uniform reevaluating
ChatterBot Oscar reevaluating
2024-10-14 19:47:22.637799 Bravo: I'm keeping this round to protect myself
2024-10-14 19:47:22.638618 Bravo: Ow
2024-10-14 19:47:22.639181 Hotel: Uniform, sending you 5
2024-10-14 19:47:22.639481 Mike: Yankee, Papa and X-ray, sending you 3
2024-10-14 19:47:22.642856 X-ray: We should drop November
2024-10-14 19:47:22.657075 Yankee: Yes
2024-10-14 19:47:22.657285 Mike: No
2024-10-14 19:47:22.657440 Papa: No
2024-10-14 19:47:22.657590 Charlie: No
ChatterBot X-ray reevaluating
ChatterBot X-ray reevaluating
ChatterBot X-ray reevaluating
ChatterBot X-ray reevaluating
2024-10-14 19:47:22.710262 Oscar: We should drop Hotel and X-ray
ChatterBot Uniform reevaluating
2024-10-14 19:47:22.715185 Bravo: Yes
2024-10-14 19:47:22.715304 Uniform: No
ChatterBot Uniform reevaluating
ChatterBot Oscar reevaluating
ChatterBot Oscar reevaluating
2024-10-14 19:47:22.726231 Hotel: Oscar, sending you 3
2024-10-14 19:47:22.726564 Mike: Charlie and November, sending you 4
chatterbot Yankee submitting transactions
chatterbot Uniform submitting transactions
chatterbot Hotel submitting transactions
2024-10-14 19:47:22.755813 X-ray: Mike, Yankee, Papa and Charlie, sending you 3
2024-10-14 19:47:22.758801 X-ray: Oscar and November, sending you 2
chatterbot Charlie submitting transactions
chatterbot Papa submitting transactions
chatterbot Uniform submitting transactions
chatterbot Mike submitting transactions
chatterbot X-ray submitting transactions
chatterbot Oscar submitting transactions
chatterbot Bravo submitting transactions
chatterbot November submitting transactions
ChatterBot Hotel round 13
ChatterBot Mike round 13
ChatterBot Yankee round 13
ChatterBot Papa round 13
ChatterBot Uniform round 13
ChatterBot Bravo round 13
ChatterBot Charlie round 13
ChatterBot Oscar round 13
ChatterBot X-ray round 13
ChatterBot November round 13
2024-10-14 19:47:23.927351 Bravo: We should add Hotel and X-ray
ChatterBot Oscar reevaluating
2024-10-14 19:47:23.938922 Uniform: Yes
2024-10-14 19:47:23.939142 Oscar: Yes
ChatterBot Oscar reevaluating
ChatterBot Bravo reevaluating
2024-10-14 19:47:23.970273 Charlie: We should add Yankee
ChatterBot X-ray reevaluating
ChatterBot November reevaluating
2024-10-14 19:47:24.065685 Papa: Yes
2024-10-14 19:47:24.067974 Mike: Yes
2024-10-14 19:47:24.068199 X-ray: Yes
2024-10-14 19:47:24.068388 November: Yes
ChatterBot X-ray reevaluating
ChatterBot November reevaluating
ChatterBot X-ray reevaluating
ChatterBot November reevaluating
ChatterBot November reevaluating
ChatterBot X-ray reevaluating
2024-10-14 19:47:24.187853 Bravo: We should add Hotel
ChatterBot Oscar reevaluating
2024-10-14 19:47:24.195053 Uniform: Yes
2024-10-14 19:47:24.195263 Oscar: Yes
ChatterBot Bravo reevaluating
ChatterBot Oscar reevaluating
ChatterBot Bravo reevaluating
2024-10-14 19:47:24.210340 Charlie: Yankee we want you to join our group
2024-10-14 19:47:24.215416 Yankee: No
ChatterBot November reevaluating
ChatterBot X-ray reevaluating
2024-10-14 19:47:24.234254 November: We should replace X-ray with Charlie
ChatterBot Yankee reevaluating
2024-10-14 19:47:24.243773 Mike: No
2024-10-14 19:47:24.243966 Yankee: Yes
2024-10-14 19:47:24.244116 Papa: No
ChatterBot November reevaluating
ChatterBot Yankee reevaluating
ChatterBot November reevaluating
ChatterBot November reevaluating
ChatterBot Yankee reevaluating
2024-10-14 19:47:24.276530 Oscar: Hotel we want you to join our group
2024-10-14 19:47:24.288419 Hotel: No
