ChatterBot Lima round 1
ChatterBot Yankee round 1
ChatterBot Whiskey round 1
ChatterBot November round 1
ChatterBot India round 1
ChatterBot Oscar round 1
ChatterBot Papa round 1
ChatterBot Mike round 1
ChatterBot X-ray round 1
ChatterBot Foxtrot round 1
randomSelections Lima: {Lima, Foxtrot, Papa, India, X-ray, Whiskey} 
2024-10-14 19:47:06.221589 Lima: We should group up
ChatterBot Foxtrot reevaluating
ChatterBot Papa reevaluating
ChatterBot India reevaluating
ChatterBot X-ray reevaluating
ChatterBot Whiskey reevaluating
2024-10-14 19:47:06.265493 Foxtrot: Yes
2024-10-14 19:47:06.265668 Papa: Yes
2024-10-14 19:47:06.265824 India: Yes
2024-10-14 19:47:06.267338 X-ray: Yes
2024-10-14 19:47:06.267505 Whiskey: Yes
ChatterBot Papa reevaluating
ChatterBot India reevaluating
ChatterBot X-ray reevaluating
ChatterBot Whiskey reevaluating
ChatterBot Foxtrot reevaluating
ChatterBot India reevaluating
ChatterBot X-ray reevaluating
ChatterBot Whiskey reevaluating
ChatterBot Foxtrot reevaluating
ChatterBot Papa reevaluating
ChatterBot X-ray reevaluating
ChatterBot Whiskey reevaluating
ChatterBot Foxtrot reevaluating
ChatterBot Papa reevaluating
ChatterBot India reevaluating
ChatterBot Whiskey reevaluating
ChatterBot Foxtrot reevaluating
ChatterBot Papa reevaluating
ChatterBot India reevaluating
ChatterBot X-ray reevaluating
randomSelections Yankee: {Yankee, Mike, India, November} 
2024-10-14 19:47:06.383346 Yankee: Group up?
ChatterBot Mike reevaluating
ChatterBot India reevaluating
ChatterBot November reevaluating
2024-10-14 19:47:06.388764 Mike: Yes
2024-10-14 19:47:06.389641 India: No
2024-10-14 19:47:06.389786 November: Yes
ChatterBot India reevaluating
ChatterBot November reevaluating
ChatterBot Mike reevaluating
ChatterBot November reevaluating
ChatterBot Mike reevaluating
ChatterBot India reevaluating
randomSelections Oscar: {Oscar, Mike, Whiskey, November, Foxtrot, X-ray, Yankee} 
2024-10-14 19:47:06.416572 Oscar: Can we be friends?
ChatterBot Mike reevaluating
ChatterBot Whiskey reevaluating
ChatterBot November reevaluating
ChatterBot Foxtrot reevaluating
ChatterBot X-ray reevaluating
2024-10-14 19:47:06.424148 Mike: No
2024-10-14 19:47:06.424387 Whiskey: No
2024-10-14 19:47:06.424661 November: No
2024-10-14 19:47:06.424924 Foxtrot: No
2024-10-14 19:47:06.425667 X-ray: No
2024-10-14 19:47:06.425835 Yankee: No
ChatterBot Whiskey reevaluating
ChatterBot November reevaluating
ChatterBot Foxtrot reevaluating
ChatterBot X-ray reevaluating
ChatterBot Mike reevaluating
ChatterBot November reevaluating
ChatterBot Foxtrot reevaluating
ChatterBot X-ray reevaluating
ChatterBot Mike reevaluating
ChatterBot Whiskey reevaluating
ChatterBot Foxtrot reevaluating
ChatterBot X-ray reevaluating
ChatterBot Mike reevaluating
ChatterBot Whiskey reevaluating
ChatterBot November reevaluating
ChatterBot X-ray reevaluating
ChatterBot Mike reevaluating
ChatterBot Whiskey reevaluating
ChatterBot November reevaluating
ChatterBot Foxtrot reevaluating
ChatterBot Mike reevaluating
ChatterBot Whiskey reevaluating
ChatterBot November reevaluating
ChatterBot Foxtrot reevaluating
ChatterBot X-ray reevaluating
2024-10-14 19:47:06.488736 Papa: Lima and Foxtrot, sending you 1
2024-10-14 19:47:06.490691 Lima: Whiskey and Papa, sending you 3
2024-10-14 19:47:06.498649 India: Lima, sending you 8
2024-10-14 19:47:06.499149 Yankee: November, sending you 3
2024-10-14 19:47:06.499961 Foxtrot: India, Papa and X-ray, sending you 1
2024-10-14 19:47:06.500479 Papa: Whiskey, sending you 4
2024-10-14 19:47:06.500941 Lima: India, sending you 1
2024-10-14 19:47:06.502082 Oscar: Yankee, Mike and X-ray, sending you 2
2024-10-14 19:47:06.503496 Whiskey: India, sending you 3
2024-10-14 19:47:06.504183 India: Whiskey, sending you 3
2024-10-14 19:47:06.505345 Yankee: India, sending you 6
2024-10-14 19:47:06.505824 Lima: X-ray and Foxtrot, sending you 5
2024-10-14 19:47:06.507104 Papa: India, sending you 5
2024-10-14 19:47:06.507512 Oscar: Whiskey, sending you 4
2024-10-14 19:47:06.507927 X-ray: Lima and Whiskey, sending you 4
2024-10-14 19:47:06.509585 Mike: India, sending you 2
2024-10-14 19:47:06.510198 Whiskey: Papa, X-ray and Foxtrot, sending you 5
2024-10-14 19:47:06.511935 India: Papa, X-ray and Foxtrot, sending you 2
2024-10-14 19:47:06.512631 Yankee: Mike, sending you 7
2024-10-14 19:47:06.514256 November: Yankee, sending you 6
2024-10-14 19:47:06.514622 Papa: X-ray, sending you 7
2024-10-14 19:47:06.515058 Oscar: November, sending you 3
2024-10-14 19:47:06.515375 X-ray: India, sending you 3
2024-10-14 19:47:06.520786 November: India, sending you 8
2024-10-14 19:47:06.521171 Oscar: Foxtrot, sending you 1
2024-10-14 19:47:06.521503 X-ray: Papa, sending you 1
2024-10-14 19:47:06.527889 November: Mike, sending you 4
2024-10-14 19:47:06.528282 X-ray: Foxtrot, sending you 5
chatterbot Lima submitting transactions
chatterbot Mike submitting transactions
chatterbot Papa submitting transactions
chatterbot India submitting transactions
chatterbot Oscar submitting transactions
chatterbot Foxtrot submitting transactions
chatterbot Yankee submitting transactions
chatterbot X-ray submitting transactions
chatterbot Whiskey submitting transactions
chatterbot November submitting transactions
ChatterBot Lima round 2
ChatterBot Yankee round 2
ChatterBot Whiskey round 2
ChatterBot November round 2
ChatterBot India round 2
ChatterBot Oscar round 2
ChatterBot Papa round 2
2024-10-14 19:47:07.737689 Yankee: We should replace India with Oscar
ChatterBot November reevaluating
ChatterBot Mike reevaluating
2024-10-14 19:47:07.753211 November: Yes
2024-10-14 19:47:07.753366 Mike: Yes
ChatterBot Mike reevaluating
ChatterBot November reevaluating
2024-10-14 19:47:07.776190 Mike: Friends?
ChatterBot Oscar reevaluating
2024-10-14 19:47:07.781079 Oscar: Yes
ChatterBot Mike reevaluating
ChatterBot Mike round 2
2024-10-14 19:47:07.813642 Oscar: We would work well together
ChatterBot Whiskey reevaluating
ChatterBot India reevaluating
ChatterBot Papa reevaluating
ChatterBot X-ray reevaluating
ChatterBot Foxtrot reevaluating
2024-10-14 19:47:07.880381 Lima: No
2024-10-14 19:47:07.880716 Whiskey: Yes
2024-10-14 19:47:07.880908 India: No
2024-10-14 19:47:07.881124 Papa: No
2024-10-14 19:47:07.881342 X-ray: No
2024-10-14 19:47:07.881550 Foxtrot: No
ChatterBot Oscar reevaluating
ChatterBot Whiskey reevaluating
ChatterBot India reevaluating
ChatterBot Papa reevaluating
ChatterBot X-ray reevaluating
ChatterBot Foxtrot reevaluating
ChatterBot Oscar reevaluating
ChatterBot India reevaluating
ChatterBot Papa reevaluating
ChatterBot X-ray reevaluating
ChatterBot Foxtrot reevaluating
ChatterBot Oscar reevaluating
ChatterBot Whiskey reevaluating
ChatterBot Papa reevaluating
ChatterBot X-ray reevaluating
ChatterBot Foxtrot reevaluating
ChatterBot Oscar reevaluating
ChatterBot Lima reevaluating
ChatterBot Whiskey reevaluating
ChatterBot India reevaluating
ChatterBot X-ray reevaluating
ChatterBot Foxtrot reevaluating
ChatterBot Oscar reevaluating
ChatterBot Lima reevaluating
ChatterBot Whiskey reevaluating
ChatterBot India reevaluating
ChatterBot Papa reevaluating
ChatterBot Foxtrot reevaluating
ChatterBot Oscar reevaluating
ChatterBot Lima reevaluating
ChatterBot Whiskey reevaluating
ChatterBot India reevaluating
ChatterBot Papa reevaluating
ChatterBot X-ray reevaluating
ChatterBot X-ray round 2
ChatterBot Foxtrot round 2
2024-10-14 19:47:08.337844 Yankee: Oscar we want you to join our group
ChatterBot Oscar reevaluating
2024-10-14 19:47:08.344226 Oscar: No
ChatterBot November reevaluating
ChatterBot Mike reevaluating
2024-10-14 19:47:08.360694 Mike: We should replace India with Oscar
ChatterBot November reevaluating
2024-10-14 19:47:08.371329 Yankee: Yes
2024-10-14 19:47:08.371474 November: Yes
ChatterBot November reevaluating
2024-10-14 19:47:08.402999 X-ray: We should add Oscar
ChatterBot Lima reevaluating
ChatterBot Foxtrot reevaluating
ChatterBot Whiskey reevaluating
2024-10-14 19:47:08.428689 Lima: Yes
2024-10-14 19:47:08.428879 Foxtrot: Yes
2024-10-14 19:47:08.429044 Papa: No
2024-10-14 19:47:08.429187 India: Yes
2024-10-14 19:47:08.429324 Whiskey: Yes
ChatterBot Foxtrot reevaluating
ChatterBot Whiskey reevaluating
ChatterBot Lima reevaluating
ChatterBot Whiskey reevaluating
ChatterBot Lima reevaluating
ChatterBot Foxtrot reevaluating
ChatterBot Whiskey reevaluating
ChatterBot Lima reevaluating
ChatterBot Foxtrot reevaluating
ChatterBot Whiskey reevaluating
ChatterBot Lima reevaluating
ChatterBot Foxtrot reevaluating
2024-10-14 19:47:08.522897 X-ray: Oscar we want you to join our group
2024-10-14 19:47:08.526306 Oscar: Yes
ChatterBot Lima reevaluating
ChatterBot Whiskey reevaluating
ChatterBot Foxtrot reevaluating
chatterbot Yankee submitting transactions
2024-10-14 19:47:08.545394 India: Oscar we want you to join our group
2024-10-14 19:47:08.548494 Oscar: Yes
ChatterBot Lima reevaluating
ChatterBot Whiskey reevaluating
ChatterBot Foxtrot reevaluating
2024-10-14 19:47:08.567530 November: Oscar we want you to join our group
2024-10-14 19:47:08.570509 Oscar: No
2024-10-14 19:47:08.579036 Mike: Oscar we want you to join our group
2024-10-14 19:47:08.581929 Oscar: No
ChatterBot Mike reevaluating
2024-10-14 19:47:08.590815 Mike: Let's form a team
2024-10-14 19:47:08.601344 Yankee: No
2024-10-14 19:47:08.601513 November: No
2024-10-14 19:47:08.601608 Oscar: No
2024-10-14 19:47:08.602191 Foxtrot: No
ChatterBot Mike reevaluating
ChatterBot Mike reevaluating
ChatterBot Mike reevaluating
ChatterBot Mike reevaluating
2024-10-14 19:47:08.648518 Whiskey: Oscar we want you to join our group
2024-10-14 19:47:08.652080 Oscar: Yes
ChatterBot Lima reevaluating
2024-10-14 19:47:08.669544 Foxtrot: Oscar we want you to join our group
2024-10-14 19:47:08.672532 Oscar: Yes
ChatterBot Lima reevaluating
2024-10-14 19:47:08.690404 Papa: Lima, sending you 4
2024-10-14 19:47:08.690778 Oscar: Lima and Whiskey, sending you 3
2024-10-14 19:47:08.691448 Yankee: November, sending you 7
2024-10-14 19:47:09.430696 Lima: Oscar we want you to join our group
2024-10-14 19:47:09.433951 Oscar: Yes
ChatterBot Lima reevaluating
2024-10-14 19:47:09.451918 Papa: Whiskey, sending you 5
2024-10-14 19:47:09.452383 Yankee: Oscar, sending you 5
2024-10-14 19:47:09.453071 X-ray: Lima, Whiskey, India, Oscar and Papa, sending you 3
2024-10-14 19:47:09.453424 Oscar: India, Papa, X-ray and Foxtrot, sending you 2
2024-10-14 19:47:09.453708 India: Lima and Foxtrot, sending you 1
chatterbot Papa submitting transactions
chatterbot X-ray submitting transactions
chatterbot Oscar submitting transactions
chatterbot India submitting transactions
2024-10-14 19:47:09.455060 Papa: India, X-ray and Foxtrot, sending you 3
2024-10-14 19:47:09.822299 Yankee: Mike, sending you 3
2024-10-14 19:47:09.822586 X-ray: Foxtrot, sending you 2
2024-10-14 19:47:09.823337 November: Yankee and Oscar, sending you 9
2024-10-14 19:47:09.823568 Foxtrot: Lima, Whiskey and X-ray, sending you 3
2024-10-14 19:47:09.823854 Whiskey: Lima and India, sending you 3
2024-10-14 19:47:09.824134 India: Whiskey and X-ray, sending you 4
chatterbot Whiskey submitting transactions
chatterbot November submitting transactions
chatterbot Foxtrot submitting transactions
2024-10-14 19:47:09.977744 Foxtrot: India, Oscar and Papa, sending you 2
2024-10-14 19:47:09.979035 Whiskey: Oscar, Papa and X-ray, sending you 4
2024-10-14 19:47:09.980250 India: Papa, sending you 7
chatterbot Mike submitting transactions
2024-10-14 19:47:10.049088 Mike: Yankee and November, sending you 1
2024-10-14 19:47:10.050279 Whiskey: Foxtrot, sending you 1
2024-10-14 19:47:10.075572 Lima: Whiskey, Papa and Foxtrot, sending you 2
2024-10-14 19:47:10.099497 Lima: India, sending you 6
2024-10-14 19:47:10.108731 Lima: Oscar, sending you 1
2024-10-14 19:47:10.117768 Lima: X-ray, sending you 4
chatterbot Lima submitting transactions
ChatterBot Lima round 3
ChatterBot Yankee round 3
ChatterBot Whiskey round 3
ChatterBot November round 3
ChatterBot India round 3
ChatterBot Oscar round 3
ChatterBot Papa round 3
ChatterBot Mike round 3
ChatterBot X-ray round 3
ChatterBot Foxtrot round 3
2024-10-14 19:47:10.651212 Papa: We should add Oscar
2024-10-14 19:47:10.675211 Lima: Yes
2024-10-14 19:47:10.676076 Foxtrot: Yes
2024-10-14 19:47:10.676462 India: Yes
2024-10-14 19:47:10.677248 X-ray: Yes
2024-10-14 19:47:10.677632 Whiskey: Yes
2024-10-14 19:47:10.808959 Papa: Oscar we want you to join our group
2024-10-14 19:47:10.815369 Oscar: Yes
2024-10-14 19:47:10.867593 Yankee: November, sending you 7
2024-10-14 19:47:10.867940 Foxtrot: Lima, Whiskey and X-ray, sending you 3
2024-10-14 19:47:10.868857 X-ray: Lima, Whiskey, India, Papa and Foxtrot, sending you 3
2024-10-14 19:47:10.869211 India: Lima and Papa, sending you 4
2024-10-14 19:47:10.870025 Whiskey: Lima, Oscar and X-ray, sending you 3
2024-10-14 19:47:10.870364 Oscar: Lima, sending you 2
2024-10-14 19:47:10.870700 November: Yankee, sending you 12
2024-10-14 19:47:10.871434 Lima: Whiskey and Oscar, sending you 2
2024-10-14 19:47:10.871830 X-ray: Oscar, sending you 2
2024-10-14 19:47:10.895422 Yankee: Oscar, sending you 4
2024-10-14 19:47:10.895856 Whiskey: India and Papa, sending you 4
2024-10-14 19:47:10.896281 Foxtrot: India, Oscar and Papa, sending you 2
2024-10-14 19:47:10.897147 India: Whiskey and X-ray, sending you 3
2024-10-14 19:47:10.897562 Oscar: Whiskey, sending you 4
2024-10-14 19:47:10.898497 November: Oscar, sending you 3
2024-10-14 19:47:10.898761 Papa: Lima, X-ray and Foxtrot, sending you 3
2024-10-14 19:47:10.899127 Lima: India, sending you 4
2024-10-14 19:47:10.899996 Mike: Yankee and November, sending you 1
2024-10-14 19:47:10.900306 Yankee: Mike, sending you 3
2024-10-14 19:47:10.900527 Whiskey: Foxtrot, sending you 2
2024-10-14 19:47:10.901679 India: Oscar, sending you 1
2024-10-14 19:47:10.902052 Oscar: India and Papa, sending you 1
2024-10-14 19:47:10.903035 November: Mike, sending you 2
2024-10-14 19:47:10.903292 Papa: Whiskey and India, sending you 4
2024-10-14 19:47:10.903685 Lima: Papa, X-ray and Foxtrot, sending you 3
2024-10-14 19:47:10.907675 India: Foxtrot, sending you 2
2024-10-14 19:47:10.908209 Oscar: X-ray and Foxtrot, sending you 3
2024-10-14 19:47:10.909023 Papa: Oscar, sending you 1
chatterbot Whiskey submitting transactions
chatterbot India submitting transactions
chatterbot Foxtrot submitting transactions
chatterbot Yankee submitting transactions
chatterbot Oscar submitting transactions
chatterbot November submitting transactions
chatterbot X-ray submitting transactions
chatterbot Lima submitting transactions
chatterbot Papa submitting transactions
chatterbot Mike submitting transactions
ChatterBot Lima round 4
ChatterBot Yankee round 4
ChatterBot Whiskey round 4
ChatterBot November round 4
ChatterBot India round 4
ChatterBot Oscar round 4
ChatterBot Papa round 4
ChatterBot Mike round 4
ChatterBot X-ray round 4
ChatterBot Foxtrot round 4
2024-10-14 19:47:12.528104 Papa: Lima, X-ray and Foxtrot, sending you 3
2024-10-14 19:47:12.529674 Lima: Whiskey, India, Papa, X-ray and Foxtrot, sending you 3
2024-10-14 19:47:12.530795 India: Lima and Papa, sending you 4
2024-10-14 19:47:12.531850 Yankee: November, sending you 6
2024-10-14 19:47:12.532885 Papa: Whiskey and India, sending you 4
2024-10-14 19:47:12.533749 Mike: Yankee and November, sending you 1
2024-10-14 19:47:12.534545 Oscar: Lima and India, sending you 2
2024-10-14 19:47:12.535146 Whiskey: Lima, sending you 2
2024-10-14 19:47:12.536174 India: Whiskey and X-ray, sending you 3
2024-10-14 19:47:12.537247 Lima: Oscar, sending you 2
2024-10-14 19:47:12.537865 Yankee: Oscar, sending you 3
2024-10-14 19:47:12.538207 November: Yankee, sending you 13
2024-10-14 19:47:12.539001 Papa: Oscar, sending you 1
2024-10-14 19:47:12.539552 Oscar: Whiskey, X-ray and Foxtrot, sending you 3
2024-10-14 19:47:12.540737 Whiskey: India and Papa, sending you 4
2024-10-14 19:47:12.541979 India: Oscar, sending you 1
2024-10-14 19:47:12.542817 Foxtrot: Lima, sending you 3
2024-10-14 19:47:12.544101 November: Oscar and Mike, sending you 2
2024-10-14 19:47:12.544995 Yankee: Mike, sending you 4
2024-10-14 19:47:12.545337 X-ray: Lima, Whiskey, India, Papa and Foxtrot, sending you 3
2024-10-14 19:47:12.546496 Oscar: Papa, sending you 1
2024-10-14 19:47:12.547079 Whiskey: Oscar, X-ray and Foxtrot, sending you 3
2024-10-14 19:47:12.548186 Foxtrot: Whiskey, India, Oscar and Papa, sending you 2
2024-10-14 19:47:12.548898 India: Foxtrot, sending you 2
2024-10-14 19:47:12.550122 X-ray: Oscar, sending you 2
2024-10-14 19:47:12.567197 Foxtrot: X-ray, sending you 4
chatterbot November submitting transactions
chatterbot Oscar submitting transactions
chatterbot Papa submitting transactions
chatterbot Foxtrot submitting transactions
chatterbot India submitting transactions
chatterbot Yankee submitting transactions
chatterbot Mike submitting transactions
chatterbot X-ray submitting transactions
chatterbot Lima submitting transactions
chatterbot Whiskey submitting transactions
ChatterBot Lima round 5
ChatterBot Yankee round 5
ChatterBot Whiskey round 5
ChatterBot November round 5
ChatterBot India round 5
ChatterBot Oscar round 5
ChatterBot Papa round 5
ChatterBot Mike round 5
ChatterBot X-ray round 5
ChatterBot Foxtrot round 5
2024-10-14 19:47:13.748324 Yankee: We should drop Oscar
2024-10-14 19:47:13.752960 November: No
2024-10-14 19:47:13.753529 Mike: No
ChatterBot Yankee reevaluating
ChatterBot Yankee reevaluating
2024-10-14 19:47:13.784662 November: Yankee, sending you 14
2024-10-14 19:47:13.786695 Lima: Whiskey, India, Papa, X-ray and Foxtrot, sending you 3
2024-10-14 19:47:13.787802 India: Lima and X-ray, sending you 3
2024-10-14 19:47:13.789662 November: Oscar, sending you 1
2024-10-14 19:47:13.790037 Whiskey: Lima, India, Oscar, X-ray and Foxtrot, sending you 3
2024-10-14 19:47:13.790723 Foxtrot: Lima, Whiskey and X-ray, sending you 3
2024-10-14 19:47:13.791584 Lima: Oscar, sending you 2
2024-10-14 19:47:13.792603 India: Whiskey and Papa, sending you 4
2024-10-14 19:47:13.793104 Yankee: November, sending you 6
2024-10-14 19:47:13.793450 Oscar: Lima and India, sending you 2
2024-10-14 19:47:13.793949 Whiskey: Papa, sending you 4
2024-10-14 19:47:13.794804 Mike: Yankee and November, sending you 1
2024-10-14 19:47:13.795229 November: Mike, sending you 2
2024-10-14 19:47:13.795657 Foxtrot: India, Oscar and Papa, sending you 2
2024-10-14 19:47:13.797681 India: Oscar, sending you 1
2024-10-14 19:47:13.798364 Yankee: Oscar, sending you 3
2024-10-14 19:47:13.798726 Oscar: Whiskey, X-ray and Foxtrot, sending you 3
2024-10-14 19:47:13.799279 Papa: Lima, X-ray and Foxtrot, sending you 3
2024-10-14 19:47:13.800440 X-ray: Lima, Whiskey, India, Papa and Foxtrot, sending you 3
2024-10-14 19:47:13.802703 India: Foxtrot, sending you 2
2024-10-14 19:47:13.803400 Yankee: Mike, sending you 4
2024-10-14 19:47:13.803823 Oscar: Papa, sending you 1
2024-10-14 19:47:13.804558 Papa: Whiskey and India, sending you 4
2024-10-14 19:47:13.805633 X-ray: Oscar, sending you 2
2024-10-14 19:47:13.807687 Papa: Oscar, sending you 1
chatterbot Lima submitting transactions
chatterbot Oscar submitting transactions
chatterbot Foxtrot submitting transactions
chatterbot November submitting transactions
chatterbot Yankee submitting transactions
chatterbot Whiskey submitting transactions
chatterbot Papa submitting transactions
chatterbot Mike submitting transactions
chatterbot India submitting transactions
chatterbot X-ray submitting transactions
ChatterBot Lima round 6
ChatterBot Yankee round 6
ChatterBot Whiskey round 6
ChatterBot November round 6
ChatterBot India round 6
ChatterBot Oscar round 6
ChatterBot Papa round 6
ChatterBot Mike round 6
ChatterBot X-ray round 6
ChatterBot Foxtrot round 6
2024-10-14 19:47:14.964989 Yankee: November, sending you 5
2024-10-14 19:47:14.965606 Whiskey: Lima, Oscar and X-ray, sending you 3
2024-10-14 19:47:14.966919 Lima: Whiskey, India, Papa, X-ray and Foxtrot, sending you 3
2024-10-14 19:47:14.967708 Yankee: Oscar, sending you 3
2024-10-14 19:47:14.969810 Whiskey: India and Papa, sending you 4
2024-10-14 19:47:14.970691 November: Yankee, sending you 14
2024-10-14 19:47:14.971753 Lima: Oscar, sending you 2
2024-10-14 19:47:14.972484 Oscar: Lima, India, Papa and Foxtrot, sending you 2
2024-10-14 19:47:14.973637 Yankee: Mike, sending you 4
2024-10-14 19:47:14.974795 Whiskey: Foxtrot, sending you 2
2024-10-14 19:47:14.975529 Papa: Lima, X-ray and Foxtrot, sending you 3
2024-10-14 19:47:14.976634 November: Oscar, sending you 1
2024-10-14 19:47:14.976909 Oscar: Whiskey and X-ray, sending you 3
2024-10-14 19:47:14.979772 Papa: Whiskey and India, sending you 4
2024-10-14 19:47:14.980784 November: Mike, sending you 3
2024-10-14 19:47:14.981646 Mike: Yankee and November, sending you 1
2024-10-14 19:47:14.983694 X-ray: Lima, Whiskey, India, Papa and Foxtrot, sending you 3
2024-10-14 19:47:14.984228 Foxtrot: Lima, Whiskey and X-ray, sending you 3
2024-10-14 19:47:14.985160 Papa: Oscar, sending you 1
2024-10-14 19:47:14.985659 India: Lima, Whiskey and X-ray, sending you 3
2024-10-14 19:47:14.987665 X-ray: Oscar, sending you 2
2024-10-14 19:47:14.988942 Foxtrot: India, Oscar and Papa, sending you 2
2024-10-14 19:47:14.990425 India: Oscar, sending you 1
2024-10-14 19:47:14.996032 India: Papa, sending you 5
2024-10-14 19:47:15.000986 India: Foxtrot, sending you 2
chatterbot Oscar submitting transactions
chatterbot X-ray submitting transactions
chatterbot Lima submitting transactions
chatterbot Mike submitting transactions
chatterbot Papa submitting transactions
chatterbot India submitting transactions
chatterbot Foxtrot submitting transactions
chatterbot Yankee submitting transactions
chatterbot November submitting transactions
chatterbot Whiskey submitting transactions
ChatterBot Lima round 7
ChatterBot Yankee round 7
ChatterBot Whiskey round 7
ChatterBot November round 7
ChatterBot India round 7
ChatterBot Oscar round 7
ChatterBot Papa round 7
ChatterBot Mike round 7
ChatterBot X-ray round 7
ChatterBot Foxtrot round 7
2024-10-14 19:47:16.146774 Whiskey: Lima, India, Oscar, X-ray and Foxtrot, sending you 3
2024-10-14 19:47:16.147589 November: Yankee, sending you 15
2024-10-14 19:47:16.149681 Lima: Whiskey, India, Papa, X-ray and Foxtrot, sending you 3
2024-10-14 19:47:16.151669 Whiskey: Papa, sending you 4
2024-10-14 19:47:16.152679 November: Mike, sending you 3
2024-10-14 19:47:16.153689 Yankee: November, sending you 5
2024-10-14 19:47:16.154674 Lima: Oscar, sending you 2
2024-10-14 19:47:16.155989 India: Lima and X-ray, sending you 3
2024-10-14 19:47:16.158667 Yankee: Oscar, sending you 3
2024-10-14 19:47:16.159047 X-ray: Lima, Whiskey, India, Papa and Foxtrot, sending you 3
2024-10-14 19:47:16.160378 Mike: Yankee and November, sending you 1
2024-10-14 19:47:16.160852 India: Whiskey and Papa, sending you 4
2024-10-14 19:47:16.161884 Oscar: Lima, India, Papa and Foxtrot, sending you 2
2024-10-14 19:47:16.163405 Foxtrot: Lima, Papa and X-ray, sending you 3
2024-10-14 19:47:16.164481 Yankee: Mike, sending you 4
2024-10-14 19:47:16.165511 Papa: Lima, Whiskey, X-ray and Foxtrot, sending you 3
2024-10-14 19:47:16.166679 X-ray: Oscar, sending you 2
2024-10-14 19:47:16.167587 India: Oscar, sending you 1
2024-10-14 19:47:16.169106 Foxtrot: Whiskey, India and Oscar, sending you 2
2024-10-14 19:47:16.169987 Oscar: Whiskey and X-ray, sending you 3
2024-10-14 19:47:16.171577 Papa: India, sending you 4
2024-10-14 19:47:16.172583 India: Foxtrot, sending you 2
2024-10-14 19:47:16.175679 Papa: Oscar, sending you 2
chatterbot India submitting transactions
chatterbot Whiskey submitting transactions
chatterbot X-ray submitting transactions
chatterbot November submitting transactions
chatterbot Lima submitting transactions
chatterbot Foxtrot submitting transactions
chatterbot Mike submitting transactions
chatterbot Yankee submitting transactions
chatterbot Papa submitting transactions
chatterbot Oscar submitting transactions
ChatterBot Lima round 8
ChatterBot Yankee round 8
ChatterBot Whiskey round 8
ChatterBot November round 8
ChatterBot India round 8
ChatterBot Oscar round 8
ChatterBot Papa round 8
ChatterBot Mike round 8
ChatterBot X-ray round 8
ChatterBot Foxtrot round 8
2024-10-14 19:47:17.307152 Yankee: We should drop Oscar
ChatterBot November reevaluating
2024-10-14 19:47:17.312754 November: Yes
2024-10-14 19:47:17.312929 Mike: No
ChatterBot November reevaluating
2024-10-14 19:47:17.338706 Oscar: Lima, India, Papa and Foxtrot, sending you 2
2024-10-14 19:47:17.343038 Oscar: Whiskey and X-ray, sending you 3
2024-10-14 19:47:17.346884 Yankee: November, sending you 4
2024-10-14 19:47:17.347706 India: Lima, Whiskey and X-ray, sending you 3
2024-10-14 19:47:17.349419 Mike: Same as last round
2024-10-14 19:47:17.350139 Lima: Whiskey, India, Papa, X-ray and Foxtrot, sending you 3
2024-10-14 19:47:17.352424 Yankee: Mike, sending you 5
2024-10-14 19:47:17.352932 India: Oscar and Foxtrot, sending you 2
2024-10-14 19:47:17.354679 Whiskey: Lima, Oscar and X-ray, sending you 3
2024-10-14 19:47:17.356177 Lima: Oscar, sending you 2
2024-10-14 19:47:17.356899 Foxtrot: Lima, Whiskey, Papa and X-ray, sending you 3
2024-10-14 19:47:17.358204 X-ray: Lima, Whiskey, India, Papa and Foxtrot, sending you 3
2024-10-14 19:47:17.359044 Papa: Lima, Whiskey, X-ray and Foxtrot, sending you 3
2024-10-14 19:47:17.360854 India: Papa, sending you 4
2024-10-14 19:47:17.361643 Whiskey: India and Papa, sending you 4
2024-10-14 19:47:17.363171 November: Yankee, sending you 14
2024-10-14 19:47:17.363888 Foxtrot: India, sending you 1
2024-10-14 19:47:17.365390 X-ray: Oscar, sending you 2
2024-10-14 19:47:17.367247 Papa: India, sending you 4
2024-10-14 19:47:17.368325 Whiskey: Foxtrot, sending you 2
2024-10-14 19:47:17.370060 November: Oscar, sending you 1
2024-10-14 19:47:17.370545 Foxtrot: Oscar, sending you 2
2024-10-14 19:47:17.373279 Papa: Oscar, sending you 2
2024-10-14 19:47:17.374410 November: Mike, sending you 3
chatterbot India submitting transactions
chatterbot Foxtrot submitting transactions
chatterbot November submitting transactions
chatterbot Mike submitting transactions
chatterbot Oscar submitting transactions
chatterbot X-ray submitting transactions
chatterbot Yankee submitting transactions
chatterbot Whiskey submitting transactions
chatterbot Lima submitting transactions
chatterbot Papa submitting transactions
ChatterBot Lima round 9
ChatterBot Yankee round 9
ChatterBot Whiskey round 9
ChatterBot November round 9
ChatterBot India round 9
ChatterBot Oscar round 9
ChatterBot Papa round 9
ChatterBot Mike round 9
ChatterBot X-ray round 9
ChatterBot Foxtrot round 9
2024-10-14 19:47:18.575687 November: Yankee, sending you 14
2024-10-14 19:47:18.580075 India: Lima and X-ray, sending you 3
2024-10-14 19:47:18.581049 Yankee: November, sending you 4
2024-10-14 19:47:18.581512 November: Mike, sending you 4
2024-10-14 19:47:18.583195 Whiskey: Lima, India, Oscar, X-ray and Foxtrot, sending you 3
2024-10-14 19:47:18.586781 India: Whiskey and Papa, sending you 4
2024-10-14 19:47:18.587878 Yankee: Mike, sending you 5
2024-10-14 19:47:18.588385 Lima: Whiskey, India, Papa, X-ray and Foxtrot, sending you 3
2024-10-14 19:47:18.590101 Whiskey: Papa, sending you 4
2024-10-14 19:47:18.590943 India: Oscar, sending you 1
2024-10-14 19:47:18.591636 Oscar: Lima, India, Papa, X-ray and Foxtrot, sending you 2
2024-10-14 19:47:18.593696 Lima: Oscar, sending you 2
2024-10-14 19:47:18.595714 Mike: Same as last round
2024-10-14 19:47:18.596055 Papa: Lima, Whiskey, X-ray and Foxtrot, sending you 3
2024-10-14 19:47:18.596968 India: Foxtrot, sending you 2
2024-10-14 19:47:18.598674 X-ray: Lima, Whiskey, India, Papa and Foxtrot, sending you 3
2024-10-14 19:47:18.599635 Foxtrot: Lima, Papa and X-ray, sending you 3
2024-10-14 19:47:18.600582 Oscar: Whiskey, sending you 4
2024-10-14 19:47:18.602028 Papa: India, sending you 4
2024-10-14 19:47:18.602860 X-ray: Oscar, sending you 2
2024-10-14 19:47:18.604170 Foxtrot: Whiskey, India and Oscar, sending you 2
2024-10-14 19:47:18.605675 Papa: Oscar, sending you 2
chatterbot Papa submitting transactions
chatterbot Oscar submitting transactions
chatterbot Whiskey submitting transactions
chatterbot Foxtrot submitting transactions
chatterbot Lima submitting transactions
chatterbot Mike submitting transactions
chatterbot X-ray submitting transactions
chatterbot November submitting transactions
chatterbot Yankee submitting transactions
chatterbot India submitting transactions
ChatterBot Lima round 10
ChatterBot Yankee round 10
ChatterBot Whiskey round 10
ChatterBot November round 10
ChatterBot India round 10
ChatterBot Oscar round 10
ChatterBot Papa round 10
ChatterBot Mike round 10
ChatterBot X-ray round 10
ChatterBot Foxtrot round 10
2024-10-14 19:47:19.875025 Lima: Whiskey, India, Papa, X-ray and Foxtrot, sending you 3
2024-10-14 19:47:19.877135 X-ray: Lima, Whiskey, India, Papa and Foxtrot, sending you 3
2024-10-14 19:47:19.879316 Whiskey: Lima, Oscar, Papa, X-ray and Foxtrot, sending you 3
2024-10-14 19:47:19.881249 November: Yankee, sending you 14
2024-10-14 19:47:19.882732 India: Lima, Whiskey and X-ray, sending you 3
2024-10-14 19:47:19.884843 Papa: Lima, Whiskey, X-ray and Foxtrot, sending you 3
2024-10-14 19:47:19.887271 Lima: Oscar, sending you 2
2024-10-14 19:47:19.889421 X-ray: Oscar, sending you 2
2024-10-14 19:47:19.891239 Whiskey: India, sending you 4
2024-10-14 19:47:19.892847 November: Mike, sending you 4
2024-10-14 19:47:19.894070 India: Oscar and Foxtrot, sending you 2
2024-10-14 19:47:19.896020 Yankee: November, sending you 4
2024-10-14 19:47:19.896588 Oscar: Lima, India, Papa, X-ray and Foxtrot, sending you 2
2024-10-14 19:47:19.898446 Papa: India, sending you 4
2024-10-14 19:47:19.902645 Foxtrot: Lima, Papa and X-ray, sending you 3
2024-10-14 19:47:19.905968 India: Papa, sending you 4
2024-10-14 19:47:19.909332 Yankee: Mike, sending you 5
2024-10-14 19:47:19.910118 Oscar: Whiskey, sending you 4
2024-10-14 19:47:19.914184 Papa: Oscar, sending you 2
2024-10-14 19:47:19.917356 Foxtrot: Whiskey, India and Oscar, sending you 2
chatterbot Foxtrot submitting transactions
chatterbot Oscar submitting transactions
chatterbot Mike submitting transactions
chatterbot India submitting transactions
chatterbot X-ray submitting transactions
chatterbot Yankee submitting transactions
chatterbot Papa submitting transactions
chatterbot November submitting transactions
chatterbot Whiskey submitting transactions
chatterbot Lima submitting transactions
ChatterBot Lima round 11
ChatterBot Yankee round 11
ChatterBot Whiskey round 11
ChatterBot November round 11
ChatterBot India round 11
ChatterBot Oscar round 11
ChatterBot Papa round 11
ChatterBot Mike round 11
ChatterBot X-ray round 11
ChatterBot Foxtrot round 11
2024-10-14 19:47:21.112166 Oscar: We should drop Lima
2024-10-14 19:47:21.124170 Whiskey: No
2024-10-14 19:47:21.124356 India: No
2024-10-14 19:47:21.124486 Papa: No
2024-10-14 19:47:21.124604 X-ray: No
2024-10-14 19:47:21.124750 Foxtrot: No
ChatterBot Oscar reevaluating
ChatterBot Oscar reevaluating
ChatterBot Oscar reevaluating
ChatterBot Oscar reevaluating
ChatterBot Oscar reevaluating
2024-10-14 19:47:21.196247 Oscar: We should drop Foxtrot
2024-10-14 19:47:21.210238 Lima: No
2024-10-14 19:47:21.210447 Whiskey: No
2024-10-14 19:47:21.210626 India: No
2024-10-14 19:47:21.210803 Papa: No
2024-10-14 19:47:21.210976 X-ray: No
ChatterBot Oscar reevaluating
ChatterBot Oscar reevaluating
ChatterBot Oscar reevaluating
ChatterBot Oscar reevaluating
ChatterBot Oscar reevaluating
2024-10-14 19:47:21.291404 Whiskey: Lima, India, Oscar, Papa and X-ray, sending you 3
2024-10-14 19:47:21.295393 Oscar: We should drop India
ChatterBot Papa reevaluating
2024-10-14 19:47:21.309114 Lima: No
2024-10-14 19:47:21.309362 Whiskey: No
2024-10-14 19:47:21.309527 Papa: No
2024-10-14 19:47:21.310150 X-ray: No
2024-10-14 19:47:21.310254 Foxtrot: No
ChatterBot Oscar reevaluating
ChatterBot Papa reevaluating
ChatterBot Oscar reevaluating
ChatterBot Papa reevaluating
ChatterBot Oscar reevaluating
ChatterBot Oscar reevaluating
ChatterBot Papa reevaluating
ChatterBot Oscar reevaluating
ChatterBot Papa reevaluating
2024-10-14 19:47:21.387543 X-ray: Lima, Whiskey, India, Papa and Foxtrot, sending you 3
2024-10-14 19:47:21.388986 Yankee: November, sending you 4
2024-10-14 19:47:21.389429 Lima: Whiskey, India, Papa, X-ray and Foxtrot, sending you 3
2024-10-14 19:47:21.390779 Whiskey: Foxtrot, sending you 1
2024-10-14 19:47:21.392231 Whiskey: I was attacked by Mike
ChatterBot Oscar reevaluating
ChatterBot Lima reevaluating
ChatterBot India reevaluating
ChatterBot Papa reevaluating
ChatterBot X-ray reevaluating
ChatterBot Foxtrot reevaluating
2024-10-14 19:47:21.414115 Whiskey: Ow
2024-10-14 19:47:21.415358 November: Yankee, sending you 15
2024-10-14 19:47:21.416483 Yankee: Mike, sending you 5
2024-10-14 19:47:21.420050 November: Mike, sending you 3
2024-10-14 19:47:21.421477 Oscar: We should drop Papa
ChatterBot Lima reevaluating
ChatterBot Whiskey reevaluating
ChatterBot India reevaluating
ChatterBot X-ray reevaluating
ChatterBot Foxtrot reevaluating
2024-10-14 19:47:21.442346 Lima: No
2024-10-14 19:47:21.442565 Whiskey: No
2024-10-14 19:47:21.442741 India: No
2024-10-14 19:47:21.442897 X-ray: No
2024-10-14 19:47:21.443038 Foxtrot: No
ChatterBot Oscar reevaluating
ChatterBot Whiskey reevaluating
ChatterBot India reevaluating
ChatterBot X-ray reevaluating
ChatterBot Foxtrot reevaluating
ChatterBot Oscar reevaluating
ChatterBot Lima reevaluating
ChatterBot India reevaluating
ChatterBot X-ray reevaluating
ChatterBot Foxtrot reevaluating
ChatterBot Oscar reevaluating
ChatterBot Lima reevaluating
ChatterBot Whiskey reevaluating
ChatterBot X-ray reevaluating
ChatterBot Foxtrot reevaluating
ChatterBot Oscar reevaluating
ChatterBot Lima reevaluating
ChatterBot Whiskey reevaluating
ChatterBot India reevaluating
ChatterBot Foxtrot reevaluating
ChatterBot Oscar reevaluating
ChatterBot Lima reevaluating
ChatterBot Whiskey reevaluating
ChatterBot India reevaluating
ChatterBot X-ray reevaluating
2024-10-14 19:47:21.593555 Oscar: We should drop X-ray
ChatterBot Lima reevaluating
2024-10-14 19:47:21.617958 Lima: Yes
2024-10-14 19:47:21.618220 Whiskey: Yes
2024-10-14 19:47:21.618903 India: Yes
2024-10-14 19:47:21.619144 Papa: Yes
2024-10-14 19:47:21.619409 Foxtrot: Yes
ChatterBot Oscar reevaluating
ChatterBot Oscar reevaluating
ChatterBot Lima reevaluating
ChatterBot Oscar reevaluating
ChatterBot Lima reevaluating
ChatterBot Oscar reevaluating
ChatterBot Lima reevaluating
ChatterBot Oscar reevaluating
ChatterBot Lima reevaluating
ChatterBot Whiskey reevaluating
ChatterBot Papa reevaluating
2024-10-14 19:47:21.717929 Papa: We should add Oscar
ChatterBot Lima reevaluating
ChatterBot Whiskey reevaluating
2024-10-14 19:47:21.732960 Lima: Yes
2024-10-14 19:47:21.733090 Foxtrot: Yes
2024-10-14 19:47:21.733199 India: Yes
2024-10-14 19:47:21.733308 X-ray: Yes
2024-10-14 19:47:21.733437 Whiskey: Yes
ChatterBot Papa reevaluating
ChatterBot Whiskey reevaluating
ChatterBot Lima reevaluating
ChatterBot Papa reevaluating
ChatterBot Whiskey reevaluating
ChatterBot Lima reevaluating
ChatterBot Papa reevaluating
ChatterBot Whiskey reevaluating
ChatterBot Lima reevaluating
ChatterBot Papa reevaluating
ChatterBot Whiskey reevaluating
ChatterBot Lima reevaluating
ChatterBot Papa reevaluating
chatterbot Yankee submitting transactions
2024-10-14 19:47:21.931754 Papa: Oscar we want you to join our group
ChatterBot Oscar reevaluating
2024-10-14 19:47:21.942673 Oscar: No
ChatterBot Lima reevaluating
ChatterBot Papa reevaluating
2024-10-14 19:47:21.972680 Foxtrot: Lima, Whiskey, Papa and X-ray, sending you 3
2024-10-14 19:47:21.975444 Whiskey: Sending you each 2
2024-10-14 19:47:21.978496 Foxtrot: India, sending you 2
chatterbot November submitting transactions
2024-10-14 19:47:21.983698 Foxtrot: Oscar, sending you 1
2024-10-14 19:47:21.989672 Lima: Whiskey, Oscar, Papa, X-ray and Foxtrot, sending you 2
2024-10-14 19:47:21.995672 Oscar: Lima, Whiskey, Papa and Foxtrot, sending you 3
2024-10-14 19:47:21.999696 Oscar: India, sending you 2
chatterbot Mike submitting transactions
chatterbot Whiskey submitting transactions
chatterbot India submitting transactions
chatterbot X-ray submitting transactions
chatterbot Oscar submitting transactions
chatterbot Whiskey submitting transactions
chatterbot Foxtrot submitting transactions
chatterbot Lima submitting transactions
chatterbot Papa submitting transactions
ChatterBot Lima round 12
ChatterBot Yankee round 12
ChatterBot Whiskey round 12
ChatterBot November round 12
ChatterBot India round 12
ChatterBot Oscar round 12
ChatterBot Papa round 12
ChatterBot Mike round 12
ChatterBot X-ray round 12
ChatterBot Foxtrot round 12
2024-10-14 19:47:23.216843 Papa: We should add Oscar
2024-10-14 19:47:23.233547 Lima: Yes
2024-10-14 19:47:23.233879 Foxtrot: Yes
2024-10-14 19:47:23.234575 India: Yes
2024-10-14 19:47:23.234855 X-ray: Yes
2024-10-14 19:47:23.235098 Whiskey: Yes
ChatterBot Papa reevaluating
ChatterBot Papa reevaluating
ChatterBot Papa reevaluating
ChatterBot Papa reevaluating
ChatterBot Papa reevaluating
2024-10-14 19:47:23.341672 Papa: Oscar we want you to join our group
2024-10-14 19:47:23.353892 Oscar: No
ChatterBot Papa reevaluating
2024-10-14 19:47:23.389403 November: Yankee, sending you 15
2024-10-14 19:47:23.391541 X-ray: Lima, Whiskey, India, Papa and Foxtrot, sending you 3
2024-10-14 19:47:23.394302 Yankee: November, sending you 3
2024-10-14 19:47:23.394737 Lima: Whiskey, India, Papa, X-ray and Foxtrot, sending you 3
2024-10-14 19:47:23.397246 Whiskey: Same as last round
2024-10-14 19:47:23.399435 Whiskey: I was attacked by Mike
ChatterBot Oscar reevaluating
ChatterBot Lima reevaluating
ChatterBot India reevaluating
ChatterBot Papa reevaluating
ChatterBot X-ray reevaluating
ChatterBot Foxtrot reevaluating
2024-10-14 19:47:23.432976 Whiskey: Ow
2024-10-14 19:47:23.435397 Mike: Yankee and November, sending you 1
2024-10-14 19:47:23.436748 Mike: I was attacked by Lima
ChatterBot Yankee reevaluating
ChatterBot November reevaluating
ChatterBot Oscar reevaluating
2024-10-14 19:47:23.454244 Mike: Ow
2024-10-14 19:47:23.474724 Lima: Whiskey, India, Papa, X-ray and Foxtrot, sending you 2
2024-10-14 19:47:23.481963 Lima: Oscar, sending you 1
chatterbot Whiskey submitting transactions
chatterbot Oscar submitting transactions
chatterbot India submitting transactions
chatterbot Foxtrot submitting transactions
chatterbot November submitting transactions
chatterbot X-ray submitting transactions
chatterbot Yankee submitting transactions
chatterbot Mike submitting transactions
chatterbot Lima submitting transactions
chatterbot Papa submitting transactions
ChatterBot Lima round 13
ChatterBot Yankee round 13
ChatterBot Whiskey round 13
ChatterBot November round 13
ChatterBot India round 13
ChatterBot Oscar round 13
ChatterBot Papa round 13
ChatterBot Mike round 13
ChatterBot X-ray round 13
ChatterBot Foxtrot round 13
2024-10-14 19:47:24.965932 Papa: We should add Oscar
ChatterBot Foxtrot reevaluating
ChatterBot India reevaluating
2024-10-14 19:47:24.981485 Lima: Yes
2024-10-14 19:47:24.981721 Foxtrot: Yes
2024-10-14 19:47:24.981883 India: Yes
2024-10-14 19:47:24.982057 X-ray: Yes
2024-10-14 19:47:24.982259 Whiskey: Yes
ChatterBot Foxtrot reevaluating
ChatterBot Papa reevaluating
ChatterBot India reevaluating
ChatterBot Papa reevaluating
ChatterBot India reevaluating
ChatterBot Lima reevaluating
ChatterBot Foxtrot reevaluating
ChatterBot Papa reevaluating
ChatterBot Lima reevaluating
ChatterBot Foxtrot reevaluating
ChatterBot Papa reevaluating
ChatterBot India reevaluating
ChatterBot Lima reevaluating
ChatterBot Foxtrot reevaluating
ChatterBot Papa reevaluating
ChatterBot India reevaluating
2024-10-14 19:47:25.196004 Papa: Oscar we want you to join our group
ChatterBot Oscar reevaluating
2024-10-14 19:47:25.206850 Oscar: No
ChatterBot Lima reevaluating
ChatterBot Papa reevaluating
2024-10-14 19:47:25.237192 November: Yankee, sending you 15
