ChatterBot Kilo round 1
ChatterBot Zulu round 1
ChatterBot Golf round 1
ChatterBot November round 1
ChatterBot Delta round 1
ChatterBot Tango round 1
ChatterBot India round 1
ChatterBot Lima round 1
ChatterBot X-ray round 1
ChatterBot Foxtrot round 1
randomSelections Lima: {Lima, November, Zulu, Foxtrot, X-ray, Golf} 
2024-10-14 19:47:06.825283 Lima: We should group up
ChatterBot November reevaluating
ChatterBot Zulu reevaluating
ChatterBot Foxtrot reevaluating
ChatterBot X-ray reevaluating
ChatterBot Golf reevaluating
2024-10-14 19:47:06.834222 November: Yes
2024-10-14 19:47:06.835087 Zulu: Yes
2024-10-14 19:47:06.835189 Foxtrot: Yes
2024-10-14 19:47:06.835437 X-ray: Yes
2024-10-14 19:47:06.835624 Golf: Yes
ChatterBot Zulu reevaluating
ChatterBot Foxtrot reevaluating
ChatterBot X-ray reevaluating
ChatterBot Golf reevaluating
ChatterBot November reevaluating
ChatterBot Foxtrot reevaluating
ChatterBot X-ray reevaluating
ChatterBot Golf reevaluating
ChatterBot November reevaluating
ChatterBot Zulu reevaluating
ChatterBot X-ray reevaluating
ChatterBot Golf reevaluating
ChatterBot November reevaluating
ChatterBot Zulu reevaluating
ChatterBot Foxtrot reevaluating
ChatterBot Golf reevaluating
ChatterBot November reevaluating
ChatterBot Zulu reevaluating
ChatterBot Foxtrot reevaluating
ChatterBot X-ray reevaluating
randomSelections Tango: {Tango, Kilo, X-ray, Delta, India, Foxtrot} 
2024-10-14 19:47:06.887555 Tango: We would work well together
ChatterBot Kilo reevaluating
ChatterBot X-ray reevaluating
ChatterBot Delta reevaluating
ChatterBot India reevaluating
ChatterBot Foxtrot reevaluating
2024-10-14 19:47:06.898793 Kilo: Yes
2024-10-14 19:47:06.899062 X-ray: No
2024-10-14 19:47:06.899506 Delta: Yes
2024-10-14 19:47:06.899789 India: Yes
2024-10-14 19:47:06.901099 Foxtrot: No
ChatterBot X-ray reevaluating
ChatterBot Delta reevaluating
ChatterBot India reevaluating
ChatterBot Foxtrot reevaluating
ChatterBot Kilo reevaluating
ChatterBot Delta reevaluating
ChatterBot India reevaluating
ChatterBot Foxtrot reevaluating
ChatterBot Kilo reevaluating
ChatterBot X-ray reevaluating
ChatterBot India reevaluating
ChatterBot Foxtrot reevaluating
ChatterBot Kilo reevaluating
ChatterBot X-ray reevaluating
ChatterBot Delta reevaluating
ChatterBot Foxtrot reevaluating
ChatterBot Kilo reevaluating
ChatterBot X-ray reevaluating
ChatterBot Delta reevaluating
ChatterBot India reevaluating
2024-10-14 19:47:06.969870 Golf: Zulu and November, sending you 1
2024-10-14 19:47:06.974204 Foxtrot: Zulu, sending you 7
2024-10-14 19:47:06.979283 Foxtrot: Golf, sending you 2
2024-10-14 19:47:06.979597 Zulu: Golf, sending you 1
2024-10-14 19:47:06.979918 Delta: Kilo and X-ray, sending you 2
2024-10-14 19:47:06.980910 Kilo: Delta and X-ray, sending you 2
2024-10-14 19:47:06.981276 X-ray: Zulu, sending you 5
2024-10-14 19:47:06.981593 India: Kilo and Foxtrot, sending you 3
2024-10-14 19:47:06.982331 November: Zulu, Lima and X-ray, sending you 2
2024-10-14 19:47:07.003437 Foxtrot: November, sending you 3
2024-10-14 19:47:07.003867 Zulu: November and Lima, sending you 3
2024-10-14 19:47:07.004585 Delta: Tango and India, sending you 1
2024-10-14 19:47:07.004938 Kilo: Tango, India and Foxtrot, sending you 3
2024-10-14 19:47:07.005319 India: Delta and X-ray, sending you 4
2024-10-14 19:47:07.006187 X-ray: Golf, sending you 1
2024-10-14 19:47:07.006476 November: Golf, sending you 4
2024-10-14 19:47:07.006828 Foxtrot: Lima, sending you 4
2024-10-14 19:47:07.007890 Delta: Foxtrot, sending you 3
2024-10-14 19:47:07.010557 Zulu: X-ray and Foxtrot, sending you 4
2024-10-14 19:47:07.010968 India: Tango, sending you 1
2024-10-14 19:47:07.011684 X-ray: November and Lima, sending you 4
2024-10-14 19:47:07.011999 November: Foxtrot, sending you 3
2024-10-14 19:47:07.018965 X-ray: Foxtrot, sending you 3
chatterbot Zulu submitting transactions
chatterbot Lima submitting transactions
chatterbot Golf submitting transactions
chatterbot X-ray submitting transactions
chatterbot Tango submitting transactions
chatterbot India submitting transactions
chatterbot November submitting transactions
chatterbot Delta submitting transactions
chatterbot Kilo submitting transactions
chatterbot Foxtrot submitting transactions
ChatterBot Kilo round 2
ChatterBot Zulu round 2
ChatterBot Golf round 2
ChatterBot November round 2
ChatterBot Delta round 2
ChatterBot Tango round 2
ChatterBot India round 2
ChatterBot Lima round 2
2024-10-14 19:47:08.453284 Kilo: We should group up
ChatterBot Delta reevaluating
ChatterBot India reevaluating
2024-10-14 19:47:08.462719 Delta: Yes
2024-10-14 19:47:08.462876 India: Yes
ChatterBot India reevaluating
ChatterBot Delta reevaluating
ChatterBot X-ray round 2
ChatterBot Foxtrot round 2
2024-10-14 19:47:08.511317 X-ray: We should replace Lima with India
ChatterBot November reevaluating
ChatterBot Foxtrot reevaluating
2024-10-14 19:47:08.530749 Zulu: No
2024-10-14 19:47:08.530914 Golf: No
2024-10-14 19:47:08.531378 November: No
2024-10-14 19:47:08.531486 Foxtrot: Yes
ChatterBot X-ray reevaluating
ChatterBot November reevaluating
ChatterBot Foxtrot reevaluating
ChatterBot X-ray reevaluating
ChatterBot November reevaluating
ChatterBot Foxtrot reevaluating
ChatterBot X-ray reevaluating
ChatterBot Foxtrot reevaluating
ChatterBot X-ray reevaluating
ChatterBot November reevaluating
2024-10-14 19:47:08.614735 Tango: We should drop X-ray and Foxtrot
ChatterBot Delta reevaluating
2024-10-14 19:47:08.629117 Kilo: Yes
2024-10-14 19:47:08.629254 Delta: Yes
2024-10-14 19:47:08.629355 India: Yes
ChatterBot Delta reevaluating
ChatterBot Delta reevaluating
2024-10-14 19:47:08.670776 November: We should drop Lima
ChatterBot X-ray reevaluating
2024-10-14 19:47:08.689556 X-ray: Yes
2024-10-14 19:47:08.690154 Zulu: No
2024-10-14 19:47:08.690282 Golf: No
2024-10-14 19:47:08.690411 Foxtrot: Yes
ChatterBot Foxtrot reevaluating
ChatterBot X-ray reevaluating
ChatterBot November reevaluating
ChatterBot Foxtrot reevaluating
ChatterBot X-ray reevaluating
ChatterBot November reevaluating
ChatterBot Foxtrot reevaluating
ChatterBot X-ray reevaluating
ChatterBot November reevaluating
2024-10-14 19:47:08.770782 Kilo: Sending you each 3
2024-10-14 19:47:08.771574 Golf: Zulu, November, Lima, X-ray and Foxtrot, sending you 1
2024-10-14 19:47:08.771882 Zulu: Golf, sending you 2
2024-10-14 19:47:09.471883 Lima: Zulu, November, X-ray and Foxtrot, sending you 2
2024-10-14 19:47:09.472573 Zulu: November, sending you 3
chatterbot Kilo submitting transactions
chatterbot Golf submitting transactions
chatterbot Tango submitting transactions
chatterbot Lima submitting transactions
2024-10-14 19:47:09.828108 Lima: Golf, sending you 1
2024-10-14 19:47:09.828451 Tango: Kilo, sending you 6
2024-10-14 19:47:09.829351 Zulu: Lima, sending you 1
2024-10-14 19:47:09.829642 India: Kilo and Delta, sending you 4
chatterbot India submitting transactions
chatterbot November submitting transactions
chatterbot Zulu submitting transactions
chatterbot Delta submitting transactions
2024-10-14 19:47:09.991334 Tango: Delta and India, sending you 4
2024-10-14 19:47:09.992018 India: Tango, sending you 3
2024-10-14 19:47:09.992956 Delta: Kilo, sending you 3
2024-10-14 19:47:09.993331 Zulu: X-ray, sending you 4
2024-10-14 19:47:09.994621 X-ray: Kilo and Delta, sending you 5
2024-10-14 19:47:09.995269 Foxtrot: Kilo, Golf, November, Delta, India and X-ray, sending you 2
chatterbot Foxtrot submitting transactions
2024-10-14 19:47:09.996826 Delta: Tango, sending you 2
2024-10-14 19:47:09.997792 Zulu: Foxtrot, sending you 5
2024-10-14 19:47:10.050883 Foxtrot: Zulu, sending you 4
2024-10-14 19:47:10.052226 X-ray: India, sending you 7
2024-10-14 19:47:10.052655 Delta: India, sending you 4
chatterbot X-ray submitting transactions
ChatterBot Kilo round 3
ChatterBot Zulu round 3
ChatterBot Golf round 3
ChatterBot November round 3
ChatterBot Delta round 3
ChatterBot Tango round 3
ChatterBot India round 3
ChatterBot Lima round 3
ChatterBot X-ray round 3
ChatterBot Foxtrot round 3
2024-10-14 19:47:10.944652 Zulu: We should add India
ChatterBot Lima reevaluating
ChatterBot November reevaluating
ChatterBot Foxtrot reevaluating
ChatterBot X-ray reevaluating
ChatterBot Golf reevaluating
2024-10-14 19:47:10.972439 Lima: No
2024-10-14 19:47:10.972680 November: No
2024-10-14 19:47:10.973272 Foxtrot: No
2024-10-14 19:47:10.973468 X-ray: No
2024-10-14 19:47:10.973684 Golf: No
ChatterBot November reevaluating
ChatterBot Zulu reevaluating
ChatterBot Foxtrot reevaluating
ChatterBot X-ray reevaluating
ChatterBot Golf reevaluating
ChatterBot Lima reevaluating
ChatterBot Zulu reevaluating
ChatterBot Foxtrot reevaluating
ChatterBot X-ray reevaluating
ChatterBot Golf reevaluating
ChatterBot Lima reevaluating
ChatterBot November reevaluating
ChatterBot Zulu reevaluating
ChatterBot X-ray reevaluating
ChatterBot Golf reevaluating
ChatterBot Lima reevaluating
ChatterBot November reevaluating
ChatterBot Zulu reevaluating
ChatterBot Foxtrot reevaluating
ChatterBot Golf reevaluating
ChatterBot Lima reevaluating
ChatterBot November reevaluating
ChatterBot Zulu reevaluating
ChatterBot Foxtrot reevaluating
ChatterBot X-ray reevaluating
2024-10-14 19:47:11.123127 India: We should add X-ray
ChatterBot Tango reevaluating
ChatterBot Kilo reevaluating
ChatterBot Delta reevaluating
2024-10-14 19:47:11.139683 Tango: Yes
2024-10-14 19:47:11.139903 Kilo: Yes
2024-10-14 19:47:11.140092 Delta: Yes
ChatterBot Kilo reevaluating
ChatterBot Delta reevaluating
ChatterBot Tango reevaluating
ChatterBot Delta reevaluating
ChatterBot Tango reevaluating
ChatterBot Kilo reevaluating
2024-10-14 19:47:11.308450 Zulu: We should add Kilo
ChatterBot Lima reevaluating
ChatterBot November reevaluating
ChatterBot Foxtrot reevaluating
ChatterBot X-ray reevaluating
ChatterBot Golf reevaluating
2024-10-14 19:47:11.336527 Lima: No
2024-10-14 19:47:11.336865 November: No
2024-10-14 19:47:11.337143 Foxtrot: No
2024-10-14 19:47:11.337854 X-ray: No
2024-10-14 19:47:11.338104 Golf: No
ChatterBot November reevaluating
ChatterBot Zulu reevaluating
ChatterBot Foxtrot reevaluating
ChatterBot X-ray reevaluating
ChatterBot Golf reevaluating
ChatterBot Lima reevaluating
ChatterBot Zulu reevaluating
ChatterBot Foxtrot reevaluating
ChatterBot X-ray reevaluating
ChatterBot Golf reevaluating
ChatterBot Lima reevaluating
ChatterBot November reevaluating
ChatterBot Zulu reevaluating
ChatterBot X-ray reevaluating
ChatterBot Golf reevaluating
ChatterBot Lima reevaluating
ChatterBot November reevaluating
ChatterBot Zulu reevaluating
ChatterBot Foxtrot reevaluating
ChatterBot Golf reevaluating
ChatterBot Lima reevaluating
ChatterBot November reevaluating
ChatterBot Zulu reevaluating
ChatterBot Foxtrot reevaluating
ChatterBot X-ray reevaluating
2024-10-14 19:47:11.465437 Zulu: We should add Delta
ChatterBot Lima reevaluating
ChatterBot November reevaluating
ChatterBot Foxtrot reevaluating
ChatterBot X-ray reevaluating
ChatterBot Golf reevaluating
2024-10-14 19:47:11.482147 Lima: No
2024-10-14 19:47:11.482673 November: No
2024-10-14 19:47:11.482788 Foxtrot: No
2024-10-14 19:47:11.482884 X-ray: No
2024-10-14 19:47:11.482976 Golf: No
ChatterBot November reevaluating
ChatterBot Zulu reevaluating
ChatterBot Foxtrot reevaluating
ChatterBot X-ray reevaluating
ChatterBot Golf reevaluating
ChatterBot Lima reevaluating
ChatterBot Zulu reevaluating
ChatterBot Foxtrot reevaluating
ChatterBot X-ray reevaluating
ChatterBot Golf reevaluating
ChatterBot Lima reevaluating
ChatterBot November reevaluating
ChatterBot Zulu reevaluating
ChatterBot X-ray reevaluating
ChatterBot Golf reevaluating
ChatterBot Lima reevaluating
ChatterBot November reevaluating
ChatterBot Zulu reevaluating
ChatterBot Foxtrot reevaluating
ChatterBot Golf reevaluating
ChatterBot Lima reevaluating
ChatterBot November reevaluating
ChatterBot Zulu reevaluating
ChatterBot Foxtrot reevaluating
ChatterBot X-ray reevaluating
2024-10-14 19:47:11.570775 India: X-ray we want you to join our group
ChatterBot X-ray reevaluating
2024-10-14 19:47:11.574683 X-ray: No
ChatterBot Kilo reevaluating
ChatterBot Delta reevaluating
ChatterBot Tango reevaluating
2024-10-14 19:47:11.589564 Zulu: Tango we want you to join our group
2024-10-14 19:47:11.592849 Tango: No
ChatterBot Zulu reevaluating
ChatterBot X-ray reevaluating
2024-10-14 19:47:11.611308 Delta: X-ray we want you to join our group
ChatterBot X-ray reevaluating
2024-10-14 19:47:11.614809 X-ray: No
2024-10-14 19:47:11.625970 Kilo: Tango we want you to join our group
2024-10-14 19:47:11.628951 Tango: Yes
2024-10-14 19:47:11.698265 Tango: Kilo, sending you 4
2024-10-14 19:47:11.699130 November: Zulu, sending you 4
2024-10-14 19:47:11.699681 Lima: Zulu, sending you 4
2024-10-14 19:47:11.700588 Foxtrot: Zulu, sending you 4
2024-10-14 19:47:11.701135 India: Kilo, Delta and X-ray, sending you 4
2024-10-14 19:47:11.702090 Golf: Same as last round
2024-10-14 19:47:11.702736 November: Golf, Lima and X-ray, sending you 2
2024-10-14 19:47:11.703665 Lima: Golf, sending you 2
2024-10-14 19:47:11.704148 Tango: Delta and India, sending you 5
2024-10-14 19:47:11.704971 Foxtrot: Golf, November, Lima and X-ray, sending you 3
2024-10-14 19:47:11.731587 India: Tango, sending you 3
2024-10-14 19:47:11.732602 X-ray: Zulu and November, sending you 5
2024-10-14 19:47:11.733087 Lima: November, X-ray and Foxtrot, sending you 3
2024-10-14 19:47:11.734073 Delta: Kilo, Tango and X-ray, sending you 2
2024-10-14 19:47:11.734506 November: Foxtrot, sending you 3
2024-10-14 19:47:11.735394 Kilo: Delta and India, sending you 3
2024-10-14 19:47:11.789252 X-ray: Golf, sending you 1
2024-10-14 19:47:11.789832 Delta: India, sending you 3
2024-10-14 19:47:11.790533 Zulu: Golf and Lima, sending you 2
2024-10-14 19:47:11.790820 Kilo: Tango, sending you 2
2024-10-14 19:47:11.817074 X-ray: Lima and Foxtrot, sending you 3
2024-10-14 19:47:11.818314 Zulu: November and X-ray, sending you 3
2024-10-14 19:47:11.840186 Zulu: Tango, sending you 1
2024-10-14 19:47:11.883478 Zulu: Foxtrot, sending you 4
chatterbot X-ray submitting transactions
chatterbot India submitting transactions
chatterbot Foxtrot submitting transactions
chatterbot Kilo submitting transactions
chatterbot Tango submitting transactions
chatterbot Zulu submitting transactions
chatterbot Golf submitting transactions
chatterbot Lima submitting transactions
chatterbot November submitting transactions
chatterbot Delta submitting transactions
ChatterBot Kilo round 4
ChatterBot Zulu round 4
ChatterBot Golf round 4
ChatterBot November round 4
ChatterBot Delta round 4
ChatterBot Tango round 4
ChatterBot India round 4
ChatterBot Lima round 4
ChatterBot X-ray round 4
ChatterBot Foxtrot round 4
2024-10-14 19:47:12.909650 Zulu: We should drop Tango
2024-10-14 19:47:12.926768 Lima: Yes
2024-10-14 19:47:12.926991 November: Yes
2024-10-14 19:47:12.927651 Foxtrot: Yes
2024-10-14 19:47:12.927907 X-ray: Yes
2024-10-14 19:47:12.928125 Golf: Yes
ChatterBot X-ray reevaluating
ChatterBot X-ray reevaluating
2024-10-14 19:47:13.005939 Delta: We should drop X-ray
2024-10-14 19:47:13.017922 Tango: Yes
2024-10-14 19:47:13.018214 Kilo: Yes
2024-10-14 19:47:13.018412 India: Yes
ChatterBot India reevaluating
ChatterBot India reevaluating
2024-10-14 19:47:13.086955 November: Zulu, X-ray and Foxtrot, sending you 3
2024-10-14 19:47:13.087565 Golf: Same as last round
2024-10-14 19:47:13.128060 November: Golf and Lima, sending you 2
2024-10-14 19:47:13.129202 Delta: Sending you each 3
2024-10-14 19:47:13.129640 X-ray: Zulu, sending you 5
2024-10-14 19:47:13.130904 Kilo: Delta and India, sending you 3
2024-10-14 19:47:13.131269 Zulu: Golf, sending you 2
2024-10-14 19:47:13.132377 Foxtrot: Zulu, sending you 4
2024-10-14 19:47:13.132908 Lima: Zulu, November and X-ray, sending you 3
2024-10-14 19:47:13.134028 Tango: Kilo and Delta, sending you 4
2024-10-14 19:47:13.134468 X-ray: Golf, sending you 2
2024-10-14 19:47:13.146183 Zulu: November, Lima and X-ray, sending you 3
2024-10-14 19:47:13.146714 Kilo: Tango, sending you 2
2024-10-14 19:47:13.147463 Lima: Golf, sending you 2
2024-10-14 19:47:13.147840 Foxtrot: Golf, November, Lima and X-ray, sending you 3
2024-10-14 19:47:13.148271 Tango: India, sending you 6
chatterbot Golf submitting transactions
2024-10-14 19:47:13.149007 X-ray: November, sending you 4
2024-10-14 19:47:13.164693 Zulu: Foxtrot, sending you 4
2024-10-14 19:47:13.165239 X-ray: Lima and Foxtrot, sending you 3
2024-10-14 19:47:13.166082 Lima: Foxtrot, sending you 4
chatterbot November submitting transactions
chatterbot Kilo submitting transactions
chatterbot India submitting transactions
chatterbot Delta submitting transactions
chatterbot Foxtrot submitting transactions
chatterbot Zulu submitting transactions
chatterbot Tango submitting transactions
chatterbot X-ray submitting transactions
chatterbot Lima submitting transactions
ChatterBot Kilo round 5
ChatterBot Zulu round 5
ChatterBot Golf round 5
ChatterBot November round 5
ChatterBot Delta round 5
ChatterBot Tango round 5
ChatterBot India round 5
ChatterBot Lima round 5
ChatterBot X-ray round 5
ChatterBot Foxtrot round 5
2024-10-14 19:47:14.158278 India: We should replace X-ray with Lima
2024-10-14 19:47:14.165410 Tango: No
2024-10-14 19:47:14.165622 Kilo: No
2024-10-14 19:47:14.165794 Delta: No
ChatterBot India reevaluating
ChatterBot India reevaluating
ChatterBot India reevaluating
2024-10-14 19:47:14.191700 Kilo: Delta, sending you 3
2024-10-14 19:47:14.194675 Kilo: Tango and India, sending you 2
2024-10-14 19:47:14.197715 November: Zulu, X-ray and Foxtrot, sending you 3
2024-10-14 19:47:14.200310 India: Lima we want you to join our group
2024-10-14 19:47:14.202253 Lima: No
ChatterBot India reevaluating
2024-10-14 19:47:14.210152 November: Golf and Lima, sending you 2
2024-10-14 19:47:14.211147 Tango: Kilo, sending you 4
2024-10-14 19:47:14.213896 Foxtrot: Zulu, sending you 4
2024-10-14 19:47:14.214399 Lima: X-ray and Foxtrot, sending you 1
2024-10-14 19:47:14.214899 Delta: Same as last round
2024-10-14 19:47:14.215164 X-ray: Zulu, sending you 5
2024-10-14 19:47:14.215674 Tango: Delta and India, sending you 5
2024-10-14 19:47:14.216032 Golf: Same as last round
2024-10-14 19:47:14.216531 Zulu: Golf, sending you 2
2024-10-14 19:47:14.217685 Foxtrot: Golf, November, Lima and X-ray, sending you 3
2024-10-14 19:47:14.218139 X-ray: Golf, sending you 2
2024-10-14 19:47:14.221686 Zulu: November, Lima and X-ray, sending you 3
2024-10-14 19:47:14.222141 X-ray: November, sending you 4
2024-10-14 19:47:14.224697 X-ray: Lima and Foxtrot, sending you 3
2024-10-14 19:47:14.226067 Zulu: Foxtrot, sending you 4
2024-10-14 19:47:14.241677 India: Kilo and Delta, sending you 4
2024-10-14 19:47:14.246668 India: Tango, sending you 3
2024-10-14 19:47:14.250663 India: Lima, sending you 2
chatterbot Foxtrot submitting transactions
chatterbot Kilo submitting transactions
chatterbot India submitting transactions
chatterbot Delta submitting transactions
chatterbot Lima submitting transactions
chatterbot Zulu submitting transactions
chatterbot Tango submitting transactions
chatterbot Golf submitting transactions
chatterbot November submitting transactions
chatterbot X-ray submitting transactions
ChatterBot Kilo round 6
ChatterBot Zulu round 6
ChatterBot Golf round 6
ChatterBot November round 6
ChatterBot Delta round 6
ChatterBot Tango round 6
ChatterBot India round 6
ChatterBot Lima round 6
ChatterBot X-ray round 6
ChatterBot Foxtrot round 6
2024-10-14 19:47:15.154248 India: We should replace Lima with November
2024-10-14 19:47:15.162802 Tango: No
2024-10-14 19:47:15.162964 Kilo: No
2024-10-14 19:47:15.163097 Delta: No
ChatterBot India reevaluating
ChatterBot India reevaluating
ChatterBot India reevaluating
2024-10-14 19:47:15.193277 India: We should replace Lima with Zulu
2024-10-14 19:47:15.198883 Tango: No
2024-10-14 19:47:15.199018 Kilo: No
2024-10-14 19:47:15.199119 Delta: No
ChatterBot India reevaluating
ChatterBot India reevaluating
ChatterBot India reevaluating
2024-10-14 19:47:15.218685 Kilo: Delta, sending you 3
2024-10-14 19:47:15.219655 Golf: Same as last round
2024-10-14 19:47:15.220264 November: Zulu, X-ray and Foxtrot, sending you 3
2024-10-14 19:47:15.221064 Delta: Same as last round
2024-10-14 19:47:15.221421 Zulu: Golf, sending you 1
2024-10-14 19:47:15.221873 Kilo: Tango and India, sending you 2
2024-10-14 19:47:15.222746 India: Zulu we want you to join our group
2024-10-14 19:47:15.225478 Zulu: No
ChatterBot India reevaluating
2024-10-14 19:47:15.235646 November: Golf and Lima, sending you 2
2024-10-14 19:47:15.236182 Zulu: November and Lima, sending you 3
2024-10-14 19:47:15.239655 Zulu: X-ray and Foxtrot, sending you 4
2024-10-14 19:47:15.240194 X-ray: Zulu, November and Foxtrot, sending you 4
2024-10-14 19:47:15.240935 India: November we want you to join our group
2024-10-14 19:47:15.244491 November: No
ChatterBot India reevaluating
2024-10-14 19:47:15.254661 Lima: Zulu, November and X-ray, sending you 3
2024-10-14 19:47:15.255668 Tango: Kilo, sending you 4
2024-10-14 19:47:15.256098 Foxtrot: Zulu, sending you 4
2024-10-14 19:47:15.256717 X-ray: Golf, sending you 2
2024-10-14 19:47:15.258701 Tango: Delta and India, sending you 5
2024-10-14 19:47:15.259660 Foxtrot: Golf, November, Lima and X-ray, sending you 3
2024-10-14 19:47:15.260653 Lima: Golf, sending you 2
2024-10-14 19:47:15.261564 X-ray: Lima, sending you 3
2024-10-14 19:47:15.263989 Lima: Foxtrot, sending you 4
chatterbot Lima submitting transactions
chatterbot November submitting transactions
chatterbot Kilo submitting transactions
chatterbot Tango submitting transactions
chatterbot Golf submitting transactions
chatterbot Zulu submitting transactions
chatterbot Delta submitting transactions
chatterbot Foxtrot submitting transactions
chatterbot India submitting transactions
chatterbot X-ray submitting transactions
ChatterBot Kilo round 7
ChatterBot Zulu round 7
ChatterBot Golf round 7
ChatterBot November round 7
ChatterBot Delta round 7
ChatterBot Tango round 7
ChatterBot India round 7
ChatterBot Lima round 7
ChatterBot X-ray round 7
ChatterBot Foxtrot round 7
2024-10-14 19:47:16.472075 X-ray: We should drop Golf
ChatterBot Foxtrot reevaluating
2024-10-14 19:47:16.483208 Zulu: No
2024-10-14 19:47:16.483390 November: No
2024-10-14 19:47:16.483518 Lima: No
2024-10-14 19:47:16.483646 Foxtrot: Yes
ChatterBot X-ray reevaluating
ChatterBot Foxtrot reevaluating
ChatterBot X-ray reevaluating
ChatterBot Foxtrot reevaluating
ChatterBot X-ray reevaluating
ChatterBot Foxtrot reevaluating
ChatterBot X-ray reevaluating
ChatterBot Lima reevaluating
2024-10-14 19:47:16.524233 Golf: Same as last round
2024-10-14 19:47:16.524722 Zulu: Golf, sending you 2
2024-10-14 19:47:16.527842 Zulu: November, Lima and X-ray, sending you 3
2024-10-14 19:47:16.528698 Delta: Same as last round
2024-10-14 19:47:16.529549 Kilo: Delta, sending you 3
2024-10-14 19:47:16.529915 November: Zulu, X-ray and Foxtrot, sending you 3
2024-10-14 19:47:16.530449 Tango: Kilo and India, sending you 4
2024-10-14 19:47:16.530861 Zulu: Foxtrot, sending you 4
2024-10-14 19:47:16.533190 X-ray: We should drop Lima
ChatterBot Foxtrot reevaluating
2024-10-14 19:47:16.545887 Zulu: No
2024-10-14 19:47:16.546068 Golf: No
2024-10-14 19:47:16.546230 November: No
2024-10-14 19:47:16.546381 Foxtrot: No
ChatterBot X-ray reevaluating
ChatterBot Foxtrot reevaluating
ChatterBot X-ray reevaluating
ChatterBot Foxtrot reevaluating
ChatterBot X-ray reevaluating
ChatterBot Foxtrot reevaluating
ChatterBot X-ray reevaluating
2024-10-14 19:47:16.590102 November: Golf and Lima, sending you 2
2024-10-14 19:47:16.590616 Kilo: Tango and India, sending you 2
2024-10-14 19:47:16.591330 Tango: Delta, sending you 6
2024-10-14 19:47:16.595702 Lima: Zulu, X-ray and Foxtrot, sending you 4
2024-10-14 19:47:16.598673 Lima: November, sending you 3
2024-10-14 19:47:16.614654 X-ray: Zulu, sending you 5
2024-10-14 19:47:16.618664 Foxtrot: Zulu, sending you 4
2024-10-14 19:47:16.619676 X-ray: Golf, sending you 2
2024-10-14 19:47:16.622666 Foxtrot: Golf, November, Lima and X-ray, sending you 3
2024-10-14 19:47:16.624679 X-ray: November, sending you 4
2024-10-14 19:47:16.628648 X-ray: Lima and Foxtrot, sending you 3
chatterbot November submitting transactions
chatterbot India submitting transactions
chatterbot Tango submitting transactions
chatterbot Lima submitting transactions
chatterbot Zulu submitting transactions
chatterbot Golf submitting transactions
chatterbot Kilo submitting transactions
chatterbot Delta submitting transactions
chatterbot X-ray submitting transactions
chatterbot Foxtrot submitting transactions
ChatterBot Kilo round 8
ChatterBot Zulu round 8
ChatterBot Golf round 8
ChatterBot November round 8
ChatterBot Delta round 8
ChatterBot Tango round 8
2024-10-14 19:47:17.801166 Zulu: We should add Delta
ChatterBot Lima reevaluating
ChatterBot Golf reevaluating
2024-10-14 19:47:17.819674 Lima: No
2024-10-14 19:47:17.819845 November: No
2024-10-14 19:47:17.820 Foxtrot: No
2024-10-14 19:47:17.820546 X-ray: No
2024-10-14 19:47:17.820700 Golf: Yes
ChatterBot Zulu reevaluating
ChatterBot Golf reevaluating
ChatterBot Lima reevaluating
ChatterBot Zulu reevaluating
ChatterBot Golf reevaluating
ChatterBot Lima reevaluating
ChatterBot Zulu reevaluating
ChatterBot Golf reevaluating
ChatterBot Lima reevaluating
ChatterBot Zulu reevaluating
ChatterBot Golf reevaluating
ChatterBot Lima reevaluating
ChatterBot Zulu reevaluating
ChatterBot X-ray reevaluating
ChatterBot India round 8
ChatterBot Lima round 8
ChatterBot X-ray round 8
ChatterBot Foxtrot round 8
2024-10-14 19:47:17.908395 Golf: We should add Kilo
ChatterBot Lima reevaluating
ChatterBot Zulu reevaluating
ChatterBot Foxtrot reevaluating
ChatterBot X-ray reevaluating
2024-10-14 19:47:17.920511 Lima: No
2024-10-14 19:47:17.920700 November: No
2024-10-14 19:47:17.920848 Zulu: Yes
2024-10-14 19:47:17.920950 Foxtrot: No
2024-10-14 19:47:17.921045 X-ray: No
ChatterBot Zulu reevaluating
ChatterBot Foxtrot reevaluating
ChatterBot X-ray reevaluating
ChatterBot Golf reevaluating
ChatterBot Lima reevaluating
ChatterBot Zulu reevaluating
ChatterBot Foxtrot reevaluating
ChatterBot X-ray reevaluating
ChatterBot Golf reevaluating
ChatterBot Lima reevaluating
ChatterBot Foxtrot reevaluating
ChatterBot X-ray reevaluating
ChatterBot Golf reevaluating
ChatterBot Lima reevaluating
ChatterBot Zulu reevaluating
ChatterBot X-ray reevaluating
ChatterBot Golf reevaluating
ChatterBot Lima reevaluating
ChatterBot Zulu reevaluating
ChatterBot Foxtrot reevaluating
ChatterBot Golf reevaluating
2024-10-14 19:47:17.987915 Lima: Golf we want you to join our group
2024-10-14 19:47:17.990453 Golf: Yes
ChatterBot Lima reevaluating
ChatterBot Zulu reevaluating
ChatterBot X-ray reevaluating
2024-10-14 19:47:18.004692 November: Zulu, X-ray and Foxtrot, sending you 3
2024-10-14 19:47:18.005513 Tango: Kilo, sending you 5
2024-10-14 19:47:18.008698 November: Golf and Lima, sending you 2
2024-10-14 19:47:18.009674 Kilo: Delta and India, sending you 3
2024-10-14 19:47:18.010657 Tango: Delta, sending you 6
2024-10-14 19:47:18.011043 Delta: Same as last round
2024-10-14 19:47:18.013677 Tango: India, sending you 3
2024-10-14 19:47:18.014661 Kilo: Tango, sending you 2
2024-10-14 19:47:18.017672 Foxtrot: Zulu, sending you 4
2024-10-14 19:47:18.018670 Zulu: Golf, sending you 2
2024-10-14 19:47:18.021706 Golf: Same as last round
2024-10-14 19:47:18.022448 Lima: Zulu, sending you 4
2024-10-14 19:47:18.023564 Zulu: November, Lima and Foxtrot, sending you 3
2024-10-14 19:47:18.024183 Foxtrot: Golf, November, Lima and X-ray, sending you 3
2024-10-14 19:47:18.024826 X-ray: Zulu, November and Lima, sending you 4
2024-10-14 19:47:18.026656 Lima: Golf, sending you 2
2024-10-14 19:47:18.027671 Zulu: X-ray, sending you 4
2024-10-14 19:47:18.028338 X-ray: Golf, sending you 2
2024-10-14 19:47:18.031661 Lima: November, X-ray and Foxtrot, sending you 3
2024-10-14 19:47:18.032656 X-ray: Foxtrot, sending you 3
chatterbot Golf submitting transactions
chatterbot Foxtrot submitting transactions
chatterbot Lima submitting transactions
chatterbot Kilo submitting transactions
chatterbot November submitting transactions
chatterbot Delta submitting transactions
chatterbot X-ray submitting transactions
chatterbot Tango submitting transactions
chatterbot Zulu submitting transactions
chatterbot India submitting transactions
ChatterBot Kilo round 9
ChatterBot Zulu round 9
ChatterBot Golf round 9
ChatterBot November round 9
ChatterBot Delta round 9
ChatterBot Tango round 9
ChatterBot India round 9
ChatterBot Lima round 9
ChatterBot X-ray round 9
ChatterBot Foxtrot round 9
2024-10-14 19:47:19.231453 Zulu: We should add Delta
2024-10-14 19:47:19.244286 Lima: No
2024-10-14 19:47:19.244508 November: No
2024-10-14 19:47:19.244683 Foxtrot: No
2024-10-14 19:47:19.244847 X-ray: No
2024-10-14 19:47:19.244985 Golf: No
ChatterBot Zulu reevaluating
ChatterBot Zulu reevaluating
ChatterBot Zulu reevaluating
ChatterBot Zulu reevaluating
ChatterBot Zulu reevaluating
2024-10-14 19:47:19.308396 India: We should replace Zulu with X-ray
2024-10-14 19:47:19.316654 Tango: No
2024-10-14 19:47:19.316838 Kilo: No
2024-10-14 19:47:19.316949 Delta: No
ChatterBot India reevaluating
ChatterBot India reevaluating
2024-10-14 19:47:19.344689 Golf: Same as last round
2024-10-14 19:47:19.345478 India: X-ray we want you to join our group
2024-10-14 19:47:19.348412 X-ray: No
ChatterBot India reevaluating
2024-10-14 19:47:19.358670 India: We should replace Zulu with Foxtrot
2024-10-14 19:47:19.365908 Tango: No
2024-10-14 19:47:19.366068 Kilo: No
2024-10-14 19:47:19.366195 Delta: No
ChatterBot India reevaluating
ChatterBot India reevaluating
ChatterBot India reevaluating
2024-10-14 19:47:19.389340 India: We should replace Zulu with November
2024-10-14 19:47:19.395955 Tango: No
2024-10-14 19:47:19.396115 Kilo: No
2024-10-14 19:47:19.396206 Delta: No
ChatterBot India reevaluating
ChatterBot India reevaluating
ChatterBot India reevaluating
2024-10-14 19:47:19.417428 Kilo: Delta and India, sending you 3
2024-10-14 19:47:19.417952 Delta: Same as last round
2024-10-14 19:47:19.418265 Tango: Kilo, sending you 5
2024-10-14 19:47:19.420654 Foxtrot: Zulu, sending you 4
2024-10-14 19:47:19.421477 Tango: Delta, sending you 6
2024-10-14 19:47:19.421971 Kilo: Tango, sending you 2
2024-10-14 19:47:19.422437 Lima: Zulu, sending you 4
2024-10-14 19:47:19.423501 X-ray: Zulu, sending you 5
2024-10-14 19:47:19.425554 Zulu: Golf, sending you 2
2024-10-14 19:47:19.426327 November: Zulu, X-ray and Foxtrot, sending you 3
2024-10-14 19:47:19.427044 Foxtrot: Golf, November, Lima and X-ray, sending you 3
2024-10-14 19:47:19.427678 Tango: India, sending you 3
2024-10-14 19:47:19.428143 Lima: Golf, sending you 2
2024-10-14 19:47:19.429597 X-ray: Golf, sending you 2
2024-10-14 19:47:19.430313 Zulu: November, Lima and X-ray, sending you 3
2024-10-14 19:47:19.430999 November: Golf and Lima, sending you 2
2024-10-14 19:47:19.433063 Lima: November, X-ray and Foxtrot, sending you 3
2024-10-14 19:47:19.433906 X-ray: November, sending you 4
2024-10-14 19:47:19.434730 Zulu: Foxtrot, sending you 4
2024-10-14 19:47:19.438664 X-ray: Lima and Foxtrot, sending you 3
2024-10-14 19:47:19.453046 India: Kilo, sending you 4
2024-10-14 19:47:19.456788 India: Delta, sending you 3
2024-10-14 19:47:19.460728 India: Tango and X-ray, sending you 2
chatterbot November submitting transactions
chatterbot Tango submitting transactions
chatterbot X-ray submitting transactions
chatterbot Kilo submitting transactions
chatterbot India submitting transactions
chatterbot Zulu submitting transactions
chatterbot Delta submitting transactions
chatterbot Golf submitting transactions
chatterbot Foxtrot submitting transactions
chatterbot Lima submitting transactions
ChatterBot Kilo round 10
ChatterBot Zulu round 10
ChatterBot Golf round 10
ChatterBot November round 10
ChatterBot Delta round 10
ChatterBot Tango round 10
ChatterBot India round 10
ChatterBot Lima round 10
ChatterBot X-ray round 10
ChatterBot Foxtrot round 10
2024-10-14 19:47:20.435431 India: We should replace X-ray with Foxtrot
2024-10-14 19:47:20.449159 Tango: No
2024-10-14 19:47:20.449412 Kilo: No
2024-10-14 19:47:20.449627 Delta: No
ChatterBot India reevaluating
ChatterBot India reevaluating
2024-10-14 19:47:20.512678 Kilo: Delta and India, sending you 3
2024-10-14 19:47:20.513800 Zulu: Golf, sending you 2
2024-10-14 19:47:20.515046 India: Foxtrot we want you to join our group
2024-10-14 19:47:20.519810 Foxtrot: No
ChatterBot India reevaluating
2024-10-14 19:47:20.536755 Delta: Same as last round
2024-10-14 19:47:20.537596 Kilo: Tango, sending you 2
2024-10-14 19:47:20.538873 Zulu: November, Lima and Foxtrot, sending you 3
2024-10-14 19:47:20.541028 Lima: Zulu, sending you 4
2024-10-14 19:47:20.542258 November: Zulu, Lima, X-ray and Foxtrot, sending you 3
2024-10-14 19:47:20.543740 Tango: Kilo, sending you 5
2024-10-14 19:47:20.544705 Zulu: X-ray, sending you 4
2024-10-14 19:47:20.546815 X-ray: Zulu, sending you 5
2024-10-14 19:47:20.548311 Golf: Same as last round
2024-10-14 19:47:20.549215 Lima: Golf, sending you 2
2024-10-14 19:47:20.550583 November: Golf, sending you 1
2024-10-14 19:47:20.551467 Tango: Delta, sending you 6
2024-10-14 19:47:20.552681 X-ray: Golf, sending you 2
2024-10-14 19:47:20.554664 Lima: November, X-ray and Foxtrot, sending you 3
2024-10-14 19:47:20.556459 Tango: India, sending you 3
2024-10-14 19:47:20.557640 X-ray: November, sending you 4
2024-10-14 19:47:20.561849 X-ray: Lima and Foxtrot, sending you 3
2024-10-14 19:47:20.562946 India: Kilo and Delta, sending you 4
2024-10-14 19:47:20.568044 India: Tango and X-ray, sending you 2
chatterbot Zulu submitting transactions
chatterbot Tango submitting transactions
chatterbot November submitting transactions
chatterbot India submitting transactions
chatterbot X-ray submitting transactions
chatterbot Foxtrot submitting transactions
chatterbot Kilo submitting transactions
chatterbot Golf submitting transactions
chatterbot Lima submitting transactions
chatterbot Delta submitting transactions
ChatterBot Kilo round 11
ChatterBot Zulu round 11
ChatterBot Golf round 11
ChatterBot November round 11
ChatterBot Delta round 11
ChatterBot Tango round 11
ChatterBot India round 11
ChatterBot Lima round 11
ChatterBot X-ray round 11
ChatterBot Foxtrot round 11
2024-10-14 19:47:21.607083 India: We should replace X-ray with November
2024-10-14 19:47:21.623344 Tango: No
2024-10-14 19:47:21.624052 Kilo: No
2024-10-14 19:47:21.624250 Delta: No
ChatterBot India reevaluating
ChatterBot India reevaluating
ChatterBot India reevaluating
2024-10-14 19:47:21.734341 India: November we want you to join our group
2024-10-14 19:47:21.738810 November: No
ChatterBot India reevaluating
2024-10-14 19:47:21.760760 Lima: Zulu, sending you 4
2024-10-14 19:47:21.762407 X-ray: Zulu, November and Lima, sending you 4
2024-10-14 19:47:21.764184 Golf: Same as last round
2024-10-14 19:47:21.766016 Zulu: Golf, sending you 2
2024-10-14 19:47:21.767261 Kilo: Delta, sending you 3
2024-10-14 19:47:21.767868 Delta: Same as last round
2024-10-14 19:47:21.768370 November: Zulu, Lima and X-ray, sending you 3
2024-10-14 19:47:21.769749 Tango: Kilo and Delta, sending you 5
2024-10-14 19:47:21.770712 Lima: Golf, sending you 2
2024-10-14 19:47:21.772132 X-ray: Golf, sending you 2
2024-10-14 19:47:21.773694 Zulu: November, Lima and Foxtrot, sending you 3
2024-10-14 19:47:21.775289 Kilo: Tango and India, sending you 2
2024-10-14 19:47:21.775823 November: Golf and Foxtrot, sending you 2
2024-10-14 19:47:21.777086 Tango: India, sending you 4
2024-10-14 19:47:21.777750 Lima: November, X-ray and Foxtrot, sending you 3
2024-10-14 19:47:21.780853 X-ray: Foxtrot, sending you 3
2024-10-14 19:47:21.781949 Foxtrot: Zulu, sending you 4
2024-10-14 19:47:21.784490 Zulu: X-ray, sending you 4
2024-10-14 19:47:21.819158 Foxtrot: Golf, November, Lima and X-ray, sending you 3
chatterbot Lima submitting transactions
chatterbot Foxtrot submitting transactions
chatterbot X-ray submitting transactions
chatterbot Zulu submitting transactions
chatterbot India submitting transactions
chatterbot Delta submitting transactions
chatterbot Kilo submitting transactions
chatterbot Golf submitting transactions
chatterbot November submitting transactions
chatterbot Tango submitting transactions
ChatterBot Kilo round 12
ChatterBot Zulu round 12
ChatterBot Golf round 12
ChatterBot November round 12
ChatterBot Delta round 12
ChatterBot Tango round 12
ChatterBot India round 12
ChatterBot Lima round 12
ChatterBot X-ray round 12
ChatterBot Foxtrot round 12
2024-10-14 19:47:22.846234 India: We should replace November with X-ray
2024-10-14 19:47:22.854568 Tango: No
2024-10-14 19:47:22.854762 Kilo: No
2024-10-14 19:47:22.854910 Delta: No
ChatterBot India reevaluating
ChatterBot India reevaluating
ChatterBot India reevaluating
2024-10-14 19:47:22.903675 X-ray: Zulu, November, Lima and Foxtrot, sending you 1
2024-10-14 19:47:22.905206 X-ray: I was attacked by India
ChatterBot Lima reevaluating
ChatterBot November reevaluating
ChatterBot Zulu reevaluating
ChatterBot Foxtrot reevaluating
ChatterBot Golf reevaluating
2024-10-14 19:47:22.919641 X-ray: Ow
2024-10-14 19:47:22.920693 Kilo: Delta, sending you 3
2024-10-14 19:47:22.923668 Delta: Same as last round
2024-10-14 19:47:22.924506 Kilo: Tango and India, sending you 2
2024-10-14 19:47:22.924963 Tango: Kilo, sending you 5
2024-10-14 19:47:22.928672 Tango: Delta, sending you 6
2024-10-14 19:47:22.933676 Tango: India, sending you 3
2024-10-14 19:47:22.938699 Foxtrot: Zulu, sending you 4
2024-10-14 19:47:22.941677 Golf: Same as last round
2024-10-14 19:47:22.943347 Foxtrot: Golf, November, Lima and X-ray, sending you 3
2024-10-14 19:47:22.945790 Lima: Zulu, sending you 4
2024-10-14 19:47:22.950670 Lima: Golf, sending you 2
2024-10-14 19:47:22.954663 Lima: November, X-ray and Foxtrot, sending you 3
chatterbot Kilo submitting transactions
chatterbot X-ray submitting transactions
chatterbot Foxtrot submitting transactions
chatterbot Delta submitting transactions
chatterbot November submitting transactions
chatterbot Lima submitting transactions
chatterbot Tango submitting transactions
chatterbot Golf submitting transactions
chatterbot Zulu submitting transactions
chatterbot India submitting transactions
ChatterBot Kilo round 13
ChatterBot Zulu round 13
ChatterBot Golf round 13
ChatterBot November round 13
ChatterBot Delta round 13
ChatterBot Tango round 13
ChatterBot India round 13
ChatterBot Lima round 13
ChatterBot X-ray round 13
ChatterBot Foxtrot round 13
2024-10-14 19:47:24.200764 India: We should replace November with Zulu
2024-10-14 19:47:24.216816 Tango: No
2024-10-14 19:47:24.217068 Kilo: No
2024-10-14 19:47:24.217757 Delta: No
ChatterBot India reevaluating
ChatterBot India reevaluating
2024-10-14 19:47:24.296108 India: Zulu we want you to join our group
ChatterBot Zulu reevaluating
2024-10-14 19:47:24.302398 Zulu: No
ChatterBot India reevaluating
2024-10-14 19:47:24.317151 Kilo: Delta, sending you 3
2024-10-14 19:47:24.334823 X-ray: Zulu, sending you 1
2024-10-14 19:47:24.336887 X-ray: I was attacked by India
ChatterBot Lima reevaluating
ChatterBot November reevaluating
ChatterBot Zulu reevaluating
ChatterBot Foxtrot reevaluating
ChatterBot Golf reevaluating
2024-10-14 19:47:24.356201 X-ray: Ow
2024-10-14 19:47:24.357765 Zulu: We should add Kilo
ChatterBot Lima reevaluating
ChatterBot November reevaluating
ChatterBot Foxtrot reevaluating
ChatterBot Golf reevaluating
2024-10-14 19:47:24.383858 Lima: No
2024-10-14 19:47:24.384091 November: No
2024-10-14 19:47:24.384276 Foxtrot: No
2024-10-14 19:47:24.384453 X-ray: No
2024-10-14 19:47:24.384646 Golf: No
ChatterBot November reevaluating
ChatterBot Zulu reevaluating
ChatterBot Foxtrot reevaluating
ChatterBot X-ray reevaluating
ChatterBot Golf reevaluating
ChatterBot Lima reevaluating
ChatterBot Zulu reevaluating
ChatterBot Foxtrot reevaluating
ChatterBot X-ray reevaluating
ChatterBot Golf reevaluating
ChatterBot Lima reevaluating
