ChatterBot X-ray round 1
ChatterBot Sierra round 1
ChatterBot Bravo round 1
ChatterBot Alpha round 1
ChatterBot Juliett round 1
ChatterBot Yankee round 1
ChatterBot Hotel round 1
ChatterBot Golf round 1
ChatterBot Oscar round 1
ChatterBot Whiskey round 1
randomSelections X-ray: {X-ray, Juliett, Golf, Alpha, Whiskey, Hotel} 
2024-10-14 19:47:06.857324 X-ray: Friends?
ChatterBot Juliett reevaluating
ChatterBot Golf reevaluating
ChatterBot Alpha reevaluating
ChatterBot Whiskey reevaluating
ChatterBot Hotel reevaluating
2024-10-14 19:47:06.872554 Juliett: Yes
2024-10-14 19:47:06.873617 Golf: Yes
2024-10-14 19:47:06.873917 Alpha: Yes
2024-10-14 19:47:06.874128 Whiskey: Yes
2024-10-14 19:47:06.874433 Hotel: Yes
ChatterBot Golf reevaluating
ChatterBot Alpha reevaluating
ChatterBot Whiskey reevaluating
ChatterBot Hotel reevaluating
ChatterBot Juliett reevaluating
ChatterBot Alpha reevaluating
ChatterBot Whiskey reevaluating
ChatterBot Hotel reevaluating
ChatterBot Juliett reevaluating
ChatterBot Golf reevaluating
ChatterBot Whiskey reevaluating
ChatterBot Hotel reevaluating
ChatterBot Juliett reevaluating
ChatterBot Golf reevaluating
ChatterBot Alpha reevaluating
ChatterBot Hotel reevaluating
ChatterBot Juliett reevaluating
ChatterBot Golf reevaluating
ChatterBot Alpha reevaluating
ChatterBot Whiskey reevaluating
randomSelections Yankee: {Yankee, Bravo, Juliett, Whiskey, Golf, Hotel} 
2024-10-14 19:47:06.958006 Yankee: We should group up
ChatterBot Bravo reevaluating
ChatterBot Juliett reevaluating
ChatterBot Whiskey reevaluating
ChatterBot Golf reevaluating
ChatterBot Hotel reevaluating
2024-10-14 19:47:06.972459 Bravo: Yes
2024-10-14 19:47:06.973284 Juliett: No
2024-10-14 19:47:06.973485 Whiskey: No
2024-10-14 19:47:06.973662 Golf: No
2024-10-14 19:47:06.973856 Hotel: No
ChatterBot Juliett reevaluating
ChatterBot Whiskey reevaluating
ChatterBot Golf reevaluating
ChatterBot Hotel reevaluating
ChatterBot Bravo reevaluating
ChatterBot Whiskey reevaluating
ChatterBot Golf reevaluating
ChatterBot Hotel reevaluating
ChatterBot Bravo reevaluating
ChatterBot Juliett reevaluating
ChatterBot Golf reevaluating
ChatterBot Hotel reevaluating
ChatterBot Bravo reevaluating
ChatterBot Juliett reevaluating
ChatterBot Whiskey reevaluating
ChatterBot Hotel reevaluating
ChatterBot Bravo reevaluating
ChatterBot Juliett reevaluating
ChatterBot Whiskey reevaluating
ChatterBot Golf reevaluating
randomSelections Sierra: {Sierra, Yankee, Oscar, Hotel, Juliett, Golf} 
2024-10-14 19:47:07.037051 Sierra: We would work well together
ChatterBot Oscar reevaluating
ChatterBot Hotel reevaluating
ChatterBot Juliett reevaluating
ChatterBot Golf reevaluating
2024-10-14 19:47:07.044987 Yankee: No
2024-10-14 19:47:07.045144 Oscar: Yes
2024-10-14 19:47:07.045271 Hotel: No
2024-10-14 19:47:07.045468 Juliett: No
2024-10-14 19:47:07.045637 Golf: No
ChatterBot Oscar reevaluating
ChatterBot Hotel reevaluating
ChatterBot Juliett reevaluating
ChatterBot Golf reevaluating
ChatterBot Hotel reevaluating
ChatterBot Juliett reevaluating
ChatterBot Golf reevaluating
ChatterBot Oscar reevaluating
ChatterBot Juliett reevaluating
ChatterBot Golf reevaluating
ChatterBot Oscar reevaluating
ChatterBot Hotel reevaluating
ChatterBot Golf reevaluating
ChatterBot Oscar reevaluating
ChatterBot Hotel reevaluating
ChatterBot Juliett reevaluating
2024-10-14 19:47:07.133698 Yankee: Bravo, sending you 4
2024-10-14 19:47:07.136725 Bravo: Juliett, sending you 4
2024-10-14 19:47:07.137843 Whiskey: X-ray, sending you 2
2024-10-14 19:47:07.138307 Oscar: Sierra, sending you 4
2024-10-14 19:47:07.138881 Yankee: Juliett, sending you 1
2024-10-14 19:47:07.139910 Bravo: Yankee and Whiskey, sending you 2
2024-10-14 19:47:07.141128 Sierra: Juliett, sending you 4
2024-10-14 19:47:07.141724 Juliett: X-ray and Golf, sending you 3
2024-10-14 19:47:07.142943 Whiskey: Alpha, sending you 1
2024-10-14 19:47:07.143699 Oscar: Juliett, sending you 1
2024-10-14 19:47:07.144171 Bravo: Golf, sending you 1
2024-10-14 19:47:07.145125 Yankee: Hotel and Golf, sending you 5
2024-10-14 19:47:07.145749 Alpha: X-ray and Juliett, sending you 3
2024-10-14 19:47:07.146683 Sierra: Yankee, sending you 1
2024-10-14 19:47:07.147067 Hotel: X-ray and Alpha, sending you 3
2024-10-14 19:47:07.147336 Juliett: Alpha, sending you 2
2024-10-14 19:47:07.147556 Whiskey: Juliett, sending you 3
2024-10-14 19:47:07.148436 Oscar: Yankee, sending you 3
2024-10-14 19:47:07.148810 Golf: X-ray, sending you 3
2024-10-14 19:47:07.149182 Yankee: Whiskey, sending you 2
2024-10-14 19:47:07.150154 Sierra: Hotel and Golf, sending you 3
2024-10-14 19:47:07.150471 Juliett: Hotel and Whiskey, sending you 5
2024-10-14 19:47:07.150792 Alpha: Hotel, sending you 5
2024-10-14 19:47:07.151887 Hotel: Juliett, sending you 7
2024-10-14 19:47:07.152437 Whiskey: Hotel, sending you 7
2024-10-14 19:47:07.152985 Oscar: Hotel, sending you 2
2024-10-14 19:47:07.153309 Golf: Alpha, sending you 5
2024-10-14 19:47:07.154317 Sierra: Oscar, sending you 2
2024-10-14 19:47:07.154668 Alpha: Golf, sending you 4
2024-10-14 19:47:07.155794 Oscar: Golf, sending you 7
2024-10-14 19:47:07.156707 Hotel: Golf and Whiskey, sending you 2
2024-10-14 19:47:07.157587 Whiskey: Golf, sending you 4
2024-10-14 19:47:07.158016 Golf: Juliett, sending you 1
2024-10-14 19:47:07.162683 Golf: Hotel, sending you 6
2024-10-14 19:47:07.166670 Golf: Whiskey, sending you 2
chatterbot Oscar submitting transactions
chatterbot Bravo submitting transactions
chatterbot Golf submitting transactions
chatterbot Yankee submitting transactions
chatterbot Alpha submitting transactions
chatterbot Sierra submitting transactions
chatterbot Hotel submitting transactions
chatterbot X-ray submitting transactions
chatterbot Whiskey submitting transactions
chatterbot Juliett submitting transactions
ChatterBot X-ray round 2
ChatterBot Sierra round 2
ChatterBot Bravo round 2
ChatterBot Alpha round 2
ChatterBot Juliett round 2
ChatterBot Yankee round 2
ChatterBot Hotel round 2
ChatterBot Golf round 2
ChatterBot Oscar round 2
ChatterBot Whiskey round 2
2024-10-14 19:47:08.796055 Juliett: Friends?
ChatterBot Alpha reevaluating
ChatterBot Hotel reevaluating
ChatterBot Golf reevaluating
ChatterBot Whiskey reevaluating
ChatterBot Bravo reevaluating
ChatterBot Yankee reevaluating
2024-10-14 19:47:08.827766 Alpha: No
2024-10-14 19:47:08.828018 Hotel: Yes
2024-10-14 19:47:08.828146 Golf: No
2024-10-14 19:47:08.828262 Whiskey: Yes
2024-10-14 19:47:08.828386 Bravo: Yes
2024-10-14 19:47:08.828498 Yankee: No
ChatterBot Hotel reevaluating
ChatterBot Golf reevaluating
ChatterBot Whiskey reevaluating
ChatterBot Bravo reevaluating
ChatterBot Yankee reevaluating
ChatterBot Alpha reevaluating
ChatterBot Golf reevaluating
ChatterBot Whiskey reevaluating
ChatterBot Bravo reevaluating
ChatterBot Yankee reevaluating
ChatterBot Alpha reevaluating
ChatterBot Hotel reevaluating
ChatterBot Whiskey reevaluating
ChatterBot Bravo reevaluating
ChatterBot Yankee reevaluating
ChatterBot Alpha reevaluating
ChatterBot Hotel reevaluating
ChatterBot Golf reevaluating
ChatterBot Bravo reevaluating
ChatterBot Yankee reevaluating
ChatterBot Alpha reevaluating
2024-10-14 19:47:08.962781 Hotel: We should group up
ChatterBot Hotel reevaluating
ChatterBot Golf reevaluating
ChatterBot Whiskey reevaluating
ChatterBot Yankee reevaluating
ChatterBot Alpha reevaluating
ChatterBot Hotel reevaluating
ChatterBot Golf reevaluating
ChatterBot Whiskey reevaluating
ChatterBot Bravo reevaluating
ChatterBot Alpha reevaluating
ChatterBot Golf reevaluating
ChatterBot Whiskey reevaluating
ChatterBot Bravo reevaluating
ChatterBot Yankee reevaluating
2024-10-14 19:47:09.054471 Yankee: We should add Alpha
2024-10-14 19:47:09.054681 Juliett: Yes
2024-10-14 19:47:09.054815 Alpha: Yes
2024-10-14 19:47:09.054911 Golf: Yes
2024-10-14 19:47:09.055683 Whiskey: Yes
2024-10-14 19:47:09.055930 Bravo: Yes
2024-10-14 19:47:09.056033 Yankee: Yes
2024-10-14 19:47:09.056924 Bravo: We should add Alpha
ChatterBot Bravo reevaluating
ChatterBot Whiskey reevaluating
ChatterBot Golf reevaluating
ChatterBot Hotel reevaluating
ChatterBot Alpha reevaluating
ChatterBot Yankee reevaluating
2024-10-14 19:47:09.180555 Bravo: Yes
ChatterBot Bravo reevaluating
2024-10-14 19:47:09.187493 Juliett: Yes
2024-10-14 19:47:09.188032 Whiskey: Yes
ChatterBot Whiskey reevaluating
2024-10-14 19:47:09.194879 Golf: Yes
ChatterBot Golf reevaluating
2024-10-14 19:47:09.200914 Hotel: Yes
ChatterBot Hotel reevaluating
ChatterBot Yankee reevaluating
ChatterBot Bravo reevaluating
ChatterBot Whiskey reevaluating
ChatterBot Golf reevaluating
ChatterBot Hotel reevaluating
ChatterBot Alpha reevaluating
ChatterBot Yankee reevaluating
ChatterBot Bravo reevaluating
ChatterBot Whiskey reevaluating
ChatterBot Hotel reevaluating
ChatterBot Alpha reevaluating
ChatterBot Yankee reevaluating
ChatterBot Bravo reevaluating
ChatterBot Golf reevaluating
ChatterBot Hotel reevaluating
ChatterBot Alpha reevaluating
ChatterBot Yankee reevaluating
ChatterBot Whiskey reevaluating
ChatterBot Golf reevaluating
ChatterBot Hotel reevaluating
ChatterBot Alpha reevaluating
ChatterBot Bravo reevaluating
ChatterBot Whiskey reevaluating
ChatterBot Golf reevaluating
ChatterBot Hotel reevaluating
ChatterBot Yankee reevaluating
ChatterBot Whiskey reevaluating
ChatterBot Golf reevaluating
ChatterBot Hotel reevaluating
2024-10-14 19:47:09.414029 Yankee: Yes
ChatterBot Yankee reevaluating
2024-10-14 19:47:09.423144 Juliett: Yes
2024-10-14 19:47:09.428498 Whiskey: Yes
ChatterBot Whiskey reevaluating
2024-10-14 19:47:09.434542 Golf: Yes
ChatterBot Golf reevaluating
2024-10-14 19:47:09.440370 Hotel: Yes
ChatterBot Hotel reevaluating
ChatterBot Yankee reevaluating
ChatterBot Bravo reevaluating
ChatterBot Whiskey reevaluating
ChatterBot Golf reevaluating
ChatterBot Hotel reevaluating
ChatterBot Yankee reevaluating
ChatterBot Bravo reevaluating
ChatterBot Golf reevaluating
ChatterBot Hotel reevaluating
ChatterBot Yankee reevaluating
ChatterBot Bravo reevaluating
ChatterBot Whiskey reevaluating
ChatterBot Hotel reevaluating
ChatterBot Yankee reevaluating
ChatterBot Bravo reevaluating
ChatterBot Whiskey reevaluating
ChatterBot Golf reevaluating
ChatterBot Bravo reevaluating
ChatterBot Whiskey reevaluating
ChatterBot Golf reevaluating
ChatterBot Hotel reevaluating
ChatterBot Yankee reevaluating
ChatterBot Bravo reevaluating
ChatterBot Whiskey reevaluating
ChatterBot Golf reevaluating
ChatterBot Hotel reevaluating
ChatterBot Yankee reevaluating
ChatterBot Bravo reevaluating
ChatterBot Golf reevaluating
ChatterBot Hotel reevaluating
ChatterBot Yankee reevaluating
ChatterBot Bravo reevaluating
ChatterBot Whiskey reevaluating
ChatterBot Hotel reevaluating
ChatterBot Yankee reevaluating
ChatterBot Bravo reevaluating
ChatterBot Whiskey reevaluating
ChatterBot Golf reevaluating
2024-10-14 19:47:09.742148 Oscar: Can we be friends?
ChatterBot Sierra reevaluating
2024-10-14 19:47:09.747919 Sierra: Yes
2024-10-14 19:47:09.753353 Sierra: Friends?
ChatterBot Yankee reevaluating
2024-10-14 19:47:09.762875 Oscar: No
2024-10-14 19:47:09.763009 Yankee: No
ChatterBot Sierra reevaluating
ChatterBot Yankee reevaluating
ChatterBot Sierra reevaluating
2024-10-14 19:47:09.960469 Bravo: Alpha we want you to join our group
2024-10-14 19:47:09.966269 Alpha: Yes
2024-10-14 19:47:09.994857 Yankee: Alpha we want you to join our group
2024-10-14 19:47:10.001222 Alpha: Yes
2024-10-14 19:47:10.050110 Whiskey: Bravo, Juliett, Yankee, Hotel and Golf, sending you 3
2024-10-14 19:47:10.071843 Oscar: Sending you 17
2024-10-14 19:47:10.072856 X-ray: Alpha, Juliett, Hotel and Golf, sending you 2
2024-10-14 19:47:10.074546 Juliett: Bravo, Alpha, Golf and Whiskey, sending you 3
2024-10-14 19:47:10.075868 Sierra: X-ray, sending you 7
2024-10-14 19:47:10.077090 Golf: Bravo, sending you 2
2024-10-14 19:47:10.078714 Whiskey: Alpha, sending you 2
2024-10-14 19:47:10.080142 Alpha: Juliett, sending you 3
2024-10-14 19:47:10.081006 Hotel: Bravo, sending you 1
2024-10-14 19:47:10.082234 X-ray: Whiskey, sending you 1
2024-10-14 19:47:10.085120 Juliett: Yankee, sending you 2
2024-10-14 19:47:10.087382 Sierra: Oscar, sending you 9
2024-10-14 19:47:10.088174 Golf: Alpha, Juliett, Hotel and Whiskey, sending you 3
2024-10-14 19:47:10.089671 Bravo: Yankee, sending you 7
2024-10-14 19:47:10.091512 Alpha: Hotel, sending you 4
2024-10-14 19:47:10.093755 Hotel: Alpha, Juliett, Yankee and Golf, sending you 3
2024-10-14 19:47:10.095573 Yankee: Bravo, sending you 6
2024-10-14 19:47:10.097885 Juliett: Hotel, sending you 4
2024-10-14 19:47:10.100888 Golf: Yankee, sending you 4
2024-10-14 19:47:10.102934 Alpha: Golf, sending you 7
2024-10-14 19:47:10.104718 Hotel: Whiskey, sending you 4
2024-10-14 19:47:10.106436 Yankee: Alpha, sending you 3
2024-10-14 19:47:10.111947 Alpha: Whiskey, sending you 1
2024-10-14 19:47:10.113497 Yankee: Juliett, Hotel, Golf and Whiskey, sending you 2
chatterbot X-ray submitting transactions
chatterbot Alpha submitting transactions
chatterbot Juliett submitting transactions
chatterbot Oscar submitting transactions
chatterbot Yankee submitting transactions
chatterbot Sierra submitting transactions
chatterbot Bravo submitting transactions
chatterbot Whiskey submitting transactions
chatterbot Golf submitting transactions
chatterbot Hotel submitting transactions
ChatterBot X-ray round 3
ChatterBot Sierra round 3
ChatterBot Bravo round 3
ChatterBot Alpha round 3
ChatterBot Juliett round 3
ChatterBot Yankee round 3
ChatterBot Hotel round 3
ChatterBot Golf round 3
ChatterBot Oscar round 3
ChatterBot Whiskey round 3
2024-10-14 19:47:11.101713 Hotel: We should add X-ray
ChatterBot Alpha reevaluating
ChatterBot Golf reevaluating
ChatterBot Whiskey reevaluating
2024-10-14 19:47:11.128706 Juliett: Yes
2024-10-14 19:47:11.128898 Alpha: Yes
2024-10-14 19:47:11.129015 Golf: Yes
2024-10-14 19:47:11.129133 Whiskey: Yes
2024-10-14 19:47:11.129672 Bravo: Yes
2024-10-14 19:47:11.129796 Yankee: Yes
ChatterBot Alpha reevaluating
ChatterBot Golf reevaluating
ChatterBot Whiskey reevaluating
ChatterBot Golf reevaluating
ChatterBot Whiskey reevaluating
ChatterBot Alpha reevaluating
ChatterBot Whiskey reevaluating
ChatterBot Alpha reevaluating
ChatterBot Golf reevaluating
ChatterBot Alpha reevaluating
ChatterBot Golf reevaluating
ChatterBot Whiskey reevaluating
ChatterBot Alpha reevaluating
ChatterBot Golf reevaluating
ChatterBot Whiskey reevaluating
2024-10-14 19:47:11.402996 Hotel: X-ray we want you to join our group
2024-10-14 19:47:11.408265 X-ray: No
ChatterBot Alpha reevaluating
ChatterBot Golf reevaluating
ChatterBot Whiskey reevaluating
2024-10-14 19:47:11.463589 Sierra: X-ray, sending you 7
2024-10-14 19:47:11.463864 Juliett: Bravo, Alpha, Yankee, Hotel, Golf and Whiskey, sending you 3
2024-10-14 19:47:11.464949 X-ray: Alpha, Juliett, Hotel and Golf, sending you 3
2024-10-14 19:47:11.465295 Bravo: Juliett, sending you 2
2024-10-14 19:47:11.465653 Whiskey: X-ray we want you to join our group
2024-10-14 19:47:11.470500 X-ray: No
2024-10-14 19:47:11.500895 Alpha: X-ray we want you to join our group
2024-10-14 19:47:11.505686 X-ray: No
2024-10-14 19:47:11.535023 Sierra: Oscar, sending you 9
2024-10-14 19:47:11.535702 Bravo: Yankee, sending you 4
2024-10-14 19:47:11.536127 X-ray: Whiskey, sending you 1
chatterbot Bravo submitting transactions
2024-10-14 19:47:11.570037 Yankee: Bravo, Juliett, Hotel, Golf and Whiskey, sending you 3
2024-10-14 19:47:11.571106 Bravo: Hotel, Golf and Whiskey, sending you 1
2024-10-14 19:47:11.571517 Oscar: Same as last round
2024-10-14 19:47:11.571707 Hotel: X-ray and Yankee, sending you 2
2024-10-14 19:47:11.587538 Yankee: Alpha, sending you 2
2024-10-14 19:47:11.588757 Whiskey: X-ray, Bravo, Alpha and Yankee, sending you 2
2024-10-14 19:47:11.589109 Hotel: Bravo, sending you 1
2024-10-14 19:47:11.589473 Alpha: X-ray and Yankee, sending you 1
2024-10-14 19:47:11.589786 Golf: Bravo, sending you 2
2024-10-14 19:47:11.614039 Whiskey: Juliett, Hotel and Golf, sending you 3
2024-10-14 19:47:11.614710 Hotel: Alpha, Juliett, Golf and Whiskey, sending you 3
2024-10-14 19:47:11.615603 Alpha: Juliett, sending you 3
2024-10-14 19:47:11.616060 Golf: Alpha, sending you 4
chatterbot Juliett submitting transactions
2024-10-14 19:47:11.644963 Alpha: Hotel and Golf, sending you 4
2024-10-14 19:47:11.645632 Golf: Juliett, Yankee, Hotel and Whiskey, sending you 3
2024-10-14 19:47:11.723772 Alpha: Whiskey, sending you 2
chatterbot Whiskey submitting transactions
chatterbot Golf submitting transactions
chatterbot X-ray submitting transactions
chatterbot Hotel submitting transactions
chatterbot Yankee submitting transactions
chatterbot Alpha submitting transactions
chatterbot Sierra submitting transactions
chatterbot Oscar submitting transactions
ChatterBot X-ray round 4
ChatterBot Sierra round 4
ChatterBot Bravo round 4
ChatterBot Alpha round 4
ChatterBot Juliett round 4
ChatterBot Yankee round 4
2024-10-14 19:47:12.516137 X-ray: Friends?
ChatterBot Sierra reevaluating
ChatterBot Oscar reevaluating
ChatterBot Bravo reevaluating
ChatterBot Alpha reevaluating
ChatterBot Juliett reevaluating
ChatterBot Yankee reevaluating
ChatterBot Golf reevaluating
2024-10-14 19:47:12.649315 Sierra: No
2024-10-14 19:47:12.649584 Oscar: No
2024-10-14 19:47:12.649932 Bravo: No
2024-10-14 19:47:12.650847 Alpha: No
2024-10-14 19:47:12.650988 Juliett: No
2024-10-14 19:47:12.651297 Yankee: No
2024-10-14 19:47:12.651462 Hotel: No
2024-10-14 19:47:12.651859 Golf: No
2024-10-14 19:47:12.652864 Whiskey: No
ChatterBot Oscar reevaluating
ChatterBot Bravo reevaluating
ChatterBot Alpha reevaluating
ChatterBot Juliett reevaluating
ChatterBot Yankee reevaluating
ChatterBot Golf reevaluating
ChatterBot X-ray reevaluating
ChatterBot Sierra reevaluating
ChatterBot Bravo reevaluating
ChatterBot Alpha reevaluating
ChatterBot Juliett reevaluating
ChatterBot Yankee reevaluating
ChatterBot Golf reevaluating
ChatterBot X-ray reevaluating
ChatterBot Sierra reevaluating
ChatterBot Oscar reevaluating
ChatterBot Alpha reevaluating
ChatterBot Juliett reevaluating
ChatterBot Yankee reevaluating
ChatterBot Golf reevaluating
ChatterBot X-ray reevaluating
ChatterBot Sierra reevaluating
ChatterBot Oscar reevaluating
ChatterBot Bravo reevaluating
ChatterBot Juliett reevaluating
ChatterBot Yankee reevaluating
ChatterBot Golf reevaluating
ChatterBot X-ray reevaluating
ChatterBot Sierra reevaluating
ChatterBot Oscar reevaluating
ChatterBot Bravo reevaluating
ChatterBot Alpha reevaluating
ChatterBot Yankee reevaluating
ChatterBot Golf reevaluating
ChatterBot X-ray reevaluating
ChatterBot Sierra reevaluating
ChatterBot Oscar reevaluating
ChatterBot Bravo reevaluating
ChatterBot Alpha reevaluating
ChatterBot Juliett reevaluating
ChatterBot Golf reevaluating
ChatterBot X-ray reevaluating
ChatterBot Sierra reevaluating
ChatterBot Oscar reevaluating
ChatterBot Bravo reevaluating
ChatterBot Alpha reevaluating
ChatterBot Juliett reevaluating
ChatterBot Yankee reevaluating
ChatterBot Golf reevaluating
ChatterBot X-ray reevaluating
ChatterBot Sierra reevaluating
ChatterBot Oscar reevaluating
ChatterBot Bravo reevaluating
ChatterBot Alpha reevaluating
ChatterBot Juliett reevaluating
ChatterBot Yankee reevaluating
ChatterBot X-ray reevaluating
ChatterBot Sierra reevaluating
ChatterBot Oscar reevaluating
ChatterBot Bravo reevaluating
ChatterBot Alpha reevaluating
ChatterBot Juliett reevaluating
ChatterBot Yankee reevaluating
ChatterBot Golf reevaluating
2024-10-14 19:47:13.019808 Yankee: We should add X-ray
ChatterBot Juliett reevaluating
ChatterBot Alpha reevaluating
ChatterBot Golf reevaluating
ChatterBot Bravo reevaluating
2024-10-14 19:47:13.047312 Juliett: Yes
2024-10-14 19:47:13.047518 Alpha: Yes
2024-10-14 19:47:13.047718 Hotel: Yes
2024-10-14 19:47:13.047924 Golf: Yes
2024-10-14 19:47:13.048139 Whiskey: Yes
2024-10-14 19:47:13.048823 Bravo: Yes
ChatterBot Alpha reevaluating
ChatterBot Golf reevaluating
ChatterBot Bravo reevaluating
ChatterBot Yankee reevaluating
ChatterBot Juliett reevaluating
ChatterBot Golf reevaluating
ChatterBot Bravo reevaluating
ChatterBot Yankee reevaluating
ChatterBot Juliett reevaluating
ChatterBot Alpha reevaluating
ChatterBot Golf reevaluating
ChatterBot Bravo reevaluating
ChatterBot Yankee reevaluating
ChatterBot Juliett reevaluating
ChatterBot Alpha reevaluating
ChatterBot Bravo reevaluating
ChatterBot Yankee reevaluating
ChatterBot Juliett reevaluating
ChatterBot Alpha reevaluating
ChatterBot Golf reevaluating
ChatterBot Bravo reevaluating
ChatterBot Yankee reevaluating
ChatterBot Juliett reevaluating
ChatterBot Alpha reevaluating
ChatterBot Golf reevaluating
ChatterBot Yankee reevaluating
ChatterBot Hotel round 4
ChatterBot Golf round 4
ChatterBot Oscar round 4
ChatterBot Whiskey round 4
2024-10-14 19:47:13.438209 Golf: We should add X-ray
ChatterBot Hotel reevaluating
ChatterBot Whiskey reevaluating
2024-10-14 19:47:13.473560 Juliett: Yes
2024-10-14 19:47:13.474368 Alpha: Yes
2024-10-14 19:47:13.475736 Hotel: Yes
2024-10-14 19:47:13.475989 Whiskey: Yes
2024-10-14 19:47:13.476693 Bravo: Yes
2024-10-14 19:47:13.479240 Yankee: Yes
ChatterBot Hotel reevaluating
ChatterBot Golf reevaluating
ChatterBot Whiskey reevaluating
ChatterBot Hotel reevaluating
ChatterBot Golf reevaluating
ChatterBot Whiskey reevaluating
ChatterBot Golf reevaluating
ChatterBot Whiskey reevaluating
ChatterBot Hotel reevaluating
ChatterBot Golf reevaluating
ChatterBot Bravo reevaluating
ChatterBot Hotel reevaluating
ChatterBot Golf reevaluating
ChatterBot Whiskey reevaluating
ChatterBot Hotel reevaluating
ChatterBot Golf reevaluating
ChatterBot Whiskey reevaluating
ChatterBot Bravo reevaluating
2024-10-14 19:47:13.622678 Oscar: X-ray we want you to join our group
ChatterBot X-ray reevaluating
2024-10-14 19:47:13.627087 X-ray: Yes
ChatterBot Sierra reevaluating
ChatterBot Oscar reevaluating
2024-10-14 19:47:13.635708 Oscar: We should add X-ray
ChatterBot Sierra reevaluating
2024-10-14 19:47:13.638861 Sierra: Yes
ChatterBot Oscar reevaluating
2024-10-14 19:47:13.658298 Juliett: X-ray we want you to join our group
ChatterBot X-ray reevaluating
2024-10-14 19:47:13.662957 X-ray: Yes
ChatterBot Hotel reevaluating
ChatterBot Golf reevaluating
ChatterBot Whiskey reevaluating
2024-10-14 19:47:13.687017 Yankee: X-ray we want you to join our group
ChatterBot X-ray reevaluating
2024-10-14 19:47:13.690943 X-ray: Yes
2024-10-14 19:47:13.710422 Bravo: X-ray we want you to join our group
ChatterBot X-ray reevaluating
2024-10-14 19:47:13.713602 X-ray: Yes
2024-10-14 19:47:13.732817 Sierra: Bravo we want you to join our group
2024-10-14 19:47:13.735941 Bravo: No
ChatterBot X-ray reevaluating
ChatterBot Oscar reevaluating
2024-10-14 19:47:13.744539 Golf: X-ray we want you to join our group
ChatterBot X-ray reevaluating
2024-10-14 19:47:13.747708 X-ray: Yes
2024-10-14 19:47:13.766344 Alpha: X-ray and Whiskey, sending you 2
2024-10-14 19:47:13.769694 Alpha: Juliett and Hotel, sending you 3
2024-10-14 19:47:13.770183 Juliett: X-ray, Bravo and Yankee, sending you 2
2024-10-14 19:47:13.770676 X-ray: Bravo and Yankee we want you to join our group
ChatterBot Bravo reevaluating
2024-10-14 19:47:13.777028 Bravo: No
2024-10-14 19:47:13.777229 Yankee: Yes
ChatterBot X-ray reevaluating
ChatterBot Bravo reevaluating
ChatterBot X-ray reevaluating
2024-10-14 19:47:13.817457 Alpha: Yankee, sending you 1
2024-10-14 19:47:13.818286 Juliett: Alpha, Hotel, Golf and Whiskey, sending you 3
2024-10-14 19:47:13.821677 Sierra: X-ray and Bravo, sending you 4
2024-10-14 19:47:13.822046 Alpha: Golf, sending you 4
2024-10-14 19:47:13.822551 Yankee: X-ray, Alpha, Juliett, Hotel and Whiskey, sending you 2
2024-10-14 19:47:13.823632 Whiskey: X-ray, Bravo, Alpha and Yankee, sending you 2
2024-10-14 19:47:13.824133 Hotel: X-ray and Yankee, sending you 2
2024-10-14 19:47:13.824570 Golf: X-ray, sending you 2
2024-10-14 19:47:13.825016 Sierra: Oscar, sending you 8
2024-10-14 19:47:13.825680 Yankee: Bravo, sending you 4
2024-10-14 19:47:13.826719 Whiskey: Juliett, Hotel and Golf, sending you 3
2024-10-14 19:47:13.827671 Golf: Bravo, sending you 1
2024-10-14 19:47:13.828677 Oscar: X-ray, sending you 6
2024-10-14 19:47:13.828957 Hotel: Bravo, sending you 1
2024-10-14 19:47:13.830685 Yankee: Golf, sending you 3
2024-10-14 19:47:13.831283 Golf: Alpha, Juliett, Yankee, Hotel and Whiskey, sending you 3
2024-10-14 19:47:13.833681 Oscar: Sierra, sending you 11
2024-10-14 19:47:13.834694 Hotel: Alpha, Juliett, Golf and Whiskey, sending you 3
2024-10-14 19:47:13.841658 Bravo: Juliett, sending you 2
2024-10-14 19:47:13.842278 X-ray: Sierra, sending you 4
2024-10-14 19:47:13.845665 Bravo: Yankee, sending you 4
2024-10-14 19:47:13.846690 X-ray: Bravo, Juliett, Yankee, Golf and Oscar, sending you 1
2024-10-14 19:47:13.850657 Bravo: Hotel, Golf and Whiskey, sending you 1
2024-10-14 19:47:13.851851 X-ray: Alpha, Hotel and Whiskey, sending you 2
chatterbot Yankee submitting transactions
chatterbot Alpha submitting transactions
chatterbot Juliett submitting transactions
chatterbot Oscar submitting transactions
chatterbot Sierra submitting transactions
chatterbot Bravo submitting transactions
chatterbot Whiskey submitting transactions
chatterbot Golf submitting transactions
chatterbot Hotel submitting transactions
chatterbot X-ray submitting transactions
ChatterBot X-ray round 5
ChatterBot Sierra round 5
ChatterBot Bravo round 5
ChatterBot Alpha round 5
ChatterBot Juliett round 5
ChatterBot Yankee round 5
ChatterBot Hotel round 5
2024-10-14 19:47:14.970306 Sierra: We should replace Bravo with Alpha
2024-10-14 19:47:14.977242 Oscar: No
2024-10-14 19:47:14.977446 X-ray: No
ChatterBot Sierra reevaluating
ChatterBot Sierra reevaluating
ChatterBot Golf round 5
ChatterBot Oscar round 5
ChatterBot Whiskey round 5
2024-10-14 19:47:15.024337 Sierra: We should drop Bravo
2024-10-14 19:47:15.030092 Oscar: Yes
2024-10-14 19:47:15.030248 X-ray: No
ChatterBot Sierra reevaluating
ChatterBot Sierra reevaluating
2024-10-14 19:47:15.045665 Juliett: X-ray, Bravo and Yankee, sending you 2
2024-10-14 19:47:15.046645 Bravo: Juliett and Whiskey, sending you 2
2024-10-14 19:47:15.047797 X-ray: Sierra, sending you 3
2024-10-14 19:47:15.048530 Yankee: X-ray, Alpha, Juliett, Hotel and Whiskey, sending you 2
2024-10-14 19:47:15.049582 Alpha: X-ray and Whiskey, sending you 2
2024-10-14 19:47:15.050258 Hotel: X-ray and Yankee, sending you 2
2024-10-14 19:47:15.051384 X-ray: Alpha, Juliett, Hotel, Golf, Oscar and Whiskey, sending you 2
2024-10-14 19:47:15.052068 Juliett: Alpha, Hotel, Golf and Whiskey, sending you 3
2024-10-14 19:47:15.053179 Bravo: Yankee, sending you 3
2024-10-14 19:47:15.053794 Alpha: Juliett and Hotel, sending you 3
2024-10-14 19:47:15.054372 Yankee: Bravo, sending you 4
2024-10-14 19:47:15.055162 Hotel: Bravo, sending you 1
2024-10-14 19:47:15.055639 Oscar: X-ray, sending you 6
2024-10-14 19:47:15.055914 Whiskey: X-ray, Bravo, Alpha and Yankee, sending you 2
2024-10-14 19:47:15.057056 Alpha: Yankee, sending you 1
2024-10-14 19:47:15.058869 Bravo: Hotel and Golf, sending you 1
2024-10-14 19:47:15.059711 Yankee: Golf, sending you 3
2024-10-14 19:47:15.060597 Hotel: Alpha, Juliett, Golf and Whiskey, sending you 3
2024-10-14 19:47:15.061601 Oscar: Sierra, sending you 11
2024-10-14 19:47:15.061940 Whiskey: Juliett, Hotel and Golf, sending you 3
2024-10-14 19:47:15.062619 Alpha: Golf, sending you 4
2024-10-14 19:47:15.063795 Sierra: X-ray, sending you 5
2024-10-14 19:47:15.066975 Sierra: Bravo, sending you 4
2024-10-14 19:47:15.067686 Golf: X-ray, sending you 2
2024-10-14 19:47:15.070672 Sierra: Oscar, sending you 7
2024-10-14 19:47:15.071668 Golf: Bravo, sending you 1
2024-10-14 19:47:15.075071 Golf: Alpha, Juliett, Yankee, Hotel and Whiskey, sending you 3
chatterbot Bravo submitting transactions
chatterbot Juliett submitting transactions
chatterbot Yankee submitting transactions
chatterbot Hotel submitting transactions
chatterbot Golf submitting transactions
chatterbot X-ray submitting transactions
chatterbot Alpha submitting transactions
chatterbot Sierra submitting transactions
chatterbot Whiskey submitting transactions
chatterbot Oscar submitting transactions
ChatterBot X-ray round 6
ChatterBot Sierra round 6
ChatterBot Bravo round 6
ChatterBot Alpha round 6
ChatterBot Juliett round 6
ChatterBot Yankee round 6
ChatterBot Hotel round 6
ChatterBot Golf round 6
ChatterBot Oscar round 6
ChatterBot Whiskey round 6
2024-10-14 19:47:16.126951 Sierra: We should drop Bravo
2024-10-14 19:47:16.132692 Oscar: Yes
2024-10-14 19:47:16.132884 X-ray: No
ChatterBot Sierra reevaluating
ChatterBot Sierra reevaluating
2024-10-14 19:47:16.147668 Bravo: Juliett and Whiskey, sending you 2
2024-10-14 19:47:16.148904 Alpha: X-ray and Whiskey, sending you 2
2024-10-14 19:47:16.151882 Bravo: Yankee, sending you 3
2024-10-14 19:47:16.152477 Alpha: Juliett and Hotel, sending you 3
2024-10-14 19:47:16.153685 Golf: X-ray, sending you 2
2024-10-14 19:47:16.154676 Bravo: Hotel and Golf, sending you 1
2024-10-14 19:47:16.156684 Alpha: Yankee, sending you 1
2024-10-14 19:47:16.157324 X-ray: Sierra, sending you 3
2024-10-14 19:47:16.158674 Golf: Bravo, sending you 1
2024-10-14 19:47:16.160689 Alpha: Golf, sending you 4
2024-10-14 19:47:16.161976 X-ray: Alpha, Juliett, Hotel, Golf, Oscar and Whiskey, sending you 2
2024-10-14 19:47:16.163573 Hotel: X-ray and Yankee, sending you 2
2024-10-14 19:47:16.164548 Whiskey: X-ray, Bravo, Alpha and Yankee, sending you 2
2024-10-14 19:47:16.165710 Golf: Alpha, Juliett, Yankee, Hotel and Whiskey, sending you 3
2024-10-14 19:47:16.168042 Hotel: Bravo, sending you 1
2024-10-14 19:47:16.169390 Yankee: X-ray, Alpha, Juliett, Hotel and Whiskey, sending you 2
2024-10-14 19:47:16.171414 Whiskey: Juliett, Hotel and Golf, sending you 3
2024-10-14 19:47:16.172911 Juliett: X-ray, Bravo and Yankee, sending you 2
2024-10-14 19:47:16.174577 Oscar: X-ray, sending you 7
2024-10-14 19:47:16.175126 Hotel: Alpha, Juliett, Golf and Whiskey, sending you 3
2024-10-14 19:47:16.176099 Yankee: Bravo, sending you 4
2024-10-14 19:47:16.177913 Juliett: Alpha, Hotel, Golf and Whiskey, sending you 3
2024-10-14 19:47:16.179155 Oscar: Sierra, sending you 10
2024-10-14 19:47:16.180659 Yankee: Golf, sending you 3
2024-10-14 19:47:16.182688 Sierra: X-ray, sending you 7
2024-10-14 19:47:16.185691 Sierra: Oscar, sending you 9
chatterbot Alpha submitting transactions
chatterbot Bravo submitting transactions
chatterbot X-ray submitting transactions
chatterbot Oscar submitting transactions
chatterbot Golf submitting transactions
chatterbot Yankee submitting transactions
chatterbot Hotel submitting transactions
chatterbot Sierra submitting transactions
chatterbot Whiskey submitting transactions
chatterbot Juliett submitting transactions
ChatterBot X-ray round 7
ChatterBot Sierra round 7
ChatterBot Bravo round 7
ChatterBot Alpha round 7
ChatterBot Juliett round 7
ChatterBot Yankee round 7
ChatterBot Hotel round 7
ChatterBot Golf round 7
ChatterBot Oscar round 7
ChatterBot Whiskey round 7
2024-10-14 19:47:17.267670 Juliett: X-ray, Bravo and Yankee, sending you 2
2024-10-14 19:47:17.269249 Golf: X-ray, sending you 2
2024-10-14 19:47:17.270667 X-ray: Sierra, sending you 3
2024-10-14 19:47:17.271453 Sierra: X-ray, sending you 7
2024-10-14 19:47:17.273072 Juliett: Alpha, Hotel, Golf and Whiskey, sending you 3
2024-10-14 19:47:17.274380 Hotel: X-ray and Yankee, sending you 2
2024-10-14 19:47:17.275819 Golf: Bravo, sending you 1
2024-10-14 19:47:17.276502 Alpha: X-ray, Yankee and Whiskey, sending you 2
2024-10-14 19:47:17.278231 X-ray: Alpha, Juliett, Hotel, Golf, Oscar and Whiskey, sending you 2
2024-10-14 19:47:17.279119 Sierra: Oscar, sending you 9
2024-10-14 19:47:17.279382 Oscar: X-ray, sending you 7
2024-10-14 19:47:17.279639 Yankee: X-ray, Alpha, Juliett, Hotel and Whiskey, sending you 2
2024-10-14 19:47:17.280919 Whiskey: X-ray, Bravo, Alpha and Yankee, sending you 2
2024-10-14 19:47:17.282507 Hotel: Bravo, sending you 1
2024-10-14 19:47:17.283140 Golf: Alpha, Juliett, Yankee, Hotel and Whiskey, sending you 3
2024-10-14 19:47:17.283830 Bravo: Juliett and Whiskey, sending you 2
2024-10-14 19:47:17.284914 Alpha: Juliett, Hotel and Golf, sending you 3
2024-10-14 19:47:17.286167 Oscar: Sierra, sending you 10
2024-10-14 19:47:17.286563 Yankee: Bravo, sending you 4
2024-10-14 19:47:17.287235 Whiskey: Juliett, Hotel and Golf, sending you 3
2024-10-14 19:47:17.288363 Hotel: Alpha, Juliett, Golf and Whiskey, sending you 3
2024-10-14 19:47:17.289117 Bravo: Yankee, sending you 3
2024-10-14 19:47:17.291719 Yankee: Golf, sending you 3
2024-10-14 19:47:17.294751 Bravo: Hotel and Golf, sending you 1
chatterbot Juliett submitting transactions
chatterbot Oscar submitting transactions
chatterbot Sierra submitting transactions
chatterbot Bravo submitting transactions
chatterbot Alpha submitting transactions
chatterbot Golf submitting transactions
chatterbot X-ray submitting transactions
chatterbot Whiskey submitting transactions
chatterbot Hotel submitting transactions
chatterbot Yankee submitting transactions
ChatterBot X-ray round 8
ChatterBot Sierra round 8
ChatterBot Bravo round 8
ChatterBot Alpha round 8
ChatterBot Juliett round 8
ChatterBot Yankee round 8
ChatterBot Hotel round 8
ChatterBot Golf round 8
ChatterBot Oscar round 8
ChatterBot Whiskey round 8
2024-10-14 19:47:18.542703 Golf: X-ray, sending you 2
2024-10-14 19:47:18.544689 Bravo: Juliett and Whiskey, sending you 2
2024-10-14 19:47:18.546921 Sierra: X-ray, sending you 7
2024-10-14 19:47:18.547430 X-ray: Sierra, Alpha, Juliett, Hotel, Golf, Oscar and Whiskey, sending you 2
2024-10-14 19:47:18.549853 Golf: Bravo, sending you 1
2024-10-14 19:47:18.551128 Hotel: X-ray and Yankee, sending you 2
2024-10-14 19:47:18.552786 Yankee: X-ray, Alpha, Juliett, Hotel and Whiskey, sending you 2
2024-10-14 19:47:18.553521 Sierra: Oscar, sending you 9
2024-10-14 19:47:18.553839 Bravo: Yankee, sending you 3
2024-10-14 19:47:18.555105 X-ray: Yankee, sending you 1
2024-10-14 19:47:18.555816 Golf: Alpha, Juliett, Yankee, Hotel and Whiskey, sending you 3
2024-10-14 19:47:18.556598 Juliett: X-ray, Bravo and Yankee, sending you 2
2024-10-14 19:47:18.557312 Hotel: Bravo, sending you 1
2024-10-14 19:47:18.558493 Yankee: Bravo, sending you 4
2024-10-14 19:47:18.559163 Alpha: X-ray, Yankee and Whiskey, sending you 2
2024-10-14 19:47:18.559933 Bravo: Hotel and Golf, sending you 1
2024-10-14 19:47:18.561321 Oscar: X-ray, sending you 7
2024-10-14 19:47:18.561760 Whiskey: X-ray, Bravo, Alpha and Yankee, sending you 2
2024-10-14 19:47:18.562975 Juliett: Alpha, Hotel, Golf and Whiskey, sending you 3
2024-10-14 19:47:18.564958 Hotel: Alpha, Juliett, Golf and Whiskey, sending you 3
2024-10-14 19:47:18.567307 Yankee: Golf, sending you 3
2024-10-14 19:47:18.569087 Alpha: Juliett, Hotel and Golf, sending you 3
2024-10-14 19:47:18.570840 Oscar: Sierra, sending you 10
2024-10-14 19:47:18.571222 Whiskey: Juliett, Hotel and Golf, sending you 3
chatterbot Whiskey submitting transactions
chatterbot Golf submitting transactions
chatterbot Oscar submitting transactions
chatterbot Hotel submitting transactions
chatterbot Juliett submitting transactions
chatterbot Bravo submitting transactions
chatterbot Alpha submitting transactions
chatterbot Sierra submitting transactions
chatterbot X-ray submitting transactions
chatterbot Yankee submitting transactions
ChatterBot X-ray round 9
ChatterBot Sierra round 9
ChatterBot Bravo round 9
ChatterBot Alpha round 9
ChatterBot Juliett round 9
ChatterBot Yankee round 9
ChatterBot Hotel round 9
ChatterBot Golf round 9
ChatterBot Oscar round 9
ChatterBot Whiskey round 9
2024-10-14 19:47:19.656009 Bravo: We should add X-ray
2024-10-14 19:47:19.673721 Juliett: Yes
2024-10-14 19:47:19.674024 Alpha: Yes
2024-10-14 19:47:19.674223 Hotel: Yes
2024-10-14 19:47:19.674426 Golf: Yes
2024-10-14 19:47:19.674626 Whiskey: Yes
2024-10-14 19:47:19.674832 Yankee: Yes
ChatterBot Bravo reevaluating
ChatterBot Bravo reevaluating
ChatterBot Bravo reevaluating
ChatterBot Bravo reevaluating
ChatterBot Bravo reevaluating
2024-10-14 19:47:19.916866 Bravo: X-ray we want you to join our group
2024-10-14 19:47:19.926080 X-ray: Yes
ChatterBot Bravo reevaluating
2024-10-14 19:47:19.971771 Alpha: X-ray, Yankee and Whiskey, sending you 2
2024-10-14 19:47:19.977233 Sierra: X-ray, sending you 7
2024-10-14 19:47:19.979144 Juliett: X-ray, Bravo and Yankee, sending you 2
2024-10-14 19:47:19.983488 Golf: X-ray, sending you 2
2024-10-14 19:47:19.986905 Hotel: X-ray and Yankee, sending you 2
2024-10-14 19:47:19.991101 X-ray: Sierra, Alpha, Juliett, Hotel, Golf, Oscar and Whiskey, sending you 2
2024-10-14 19:47:19.993706 Whiskey: X-ray, Bravo, Alpha and Yankee, sending you 2
2024-10-14 19:47:19.996451 Yankee: X-ray, Alpha, Juliett, Hotel and Whiskey, sending you 2
2024-10-14 19:47:19.999731 Alpha: Juliett, Hotel and Golf, sending you 3
2024-10-14 19:47:20.002501 Sierra: Oscar, sending you 9
2024-10-14 19:47:20.003830 Oscar: X-ray, sending you 7
2024-10-14 19:47:20.004308 Juliett: Alpha, Hotel, Golf and Whiskey, sending you 3
2024-10-14 19:47:20.005795 Golf: Bravo, sending you 1
2024-10-14 19:47:20.006873 Hotel: Bravo, sending you 1
2024-10-14 19:47:20.008392 X-ray: Yankee, sending you 1
2024-10-14 19:47:20.010177 Whiskey: Juliett, Hotel and Golf, sending you 3
2024-10-14 19:47:20.012483 Yankee: Bravo, sending you 4
2024-10-14 19:47:20.014313 Oscar: Sierra, sending you 10
2024-10-14 19:47:20.014968 Golf: Alpha, Juliett, Yankee, Hotel and Whiskey, sending you 3
2024-10-14 19:47:20.017700 Hotel: Alpha, Juliett, Golf and Whiskey, sending you 3
2024-10-14 19:47:20.020414 Yankee: Golf, sending you 3
2024-10-14 19:47:20.027688 Bravo: Juliett and Whiskey, sending you 2
2024-10-14 19:47:20.034690 Bravo: Yankee, sending you 3
2024-10-14 19:47:20.040681 Bravo: Hotel and Golf, sending you 1
chatterbot Sierra submitting transactions
chatterbot Golf submitting transactions
chatterbot Yankee submitting transactions
chatterbot Oscar submitting transactions
chatterbot X-ray submitting transactions
chatterbot Alpha submitting transactions
chatterbot Whiskey submitting transactions
chatterbot Hotel submitting transactions
chatterbot Juliett submitting transactions
chatterbot Bravo submitting transactions
ChatterBot X-ray round 10
ChatterBot Sierra round 10
ChatterBot Bravo round 10
ChatterBot Alpha round 10
ChatterBot Juliett round 10
ChatterBot Yankee round 10
ChatterBot Hotel round 10
ChatterBot Golf round 10
ChatterBot Oscar round 10
ChatterBot Whiskey round 10
2024-10-14 19:47:21.255668 X-ray: Sierra, Alpha, Juliett, Hotel, Golf, Oscar and Whiskey, sending you 2
2024-10-14 19:47:21.257133 Hotel: X-ray and Yankee, sending you 2
2024-10-14 19:47:21.259672 X-ray: Yankee, sending you 1
2024-10-14 19:47:21.260867 Hotel: Bravo, sending you 1
2024-10-14 19:47:21.262673 Golf: X-ray, sending you 2
2024-10-14 19:47:21.264419 Juliett: Alpha, Hotel, Golf and Whiskey, sending you 1
2024-10-14 19:47:21.266145 Oscar: X-ray, sending you 7
2024-10-14 19:47:21.266719 Hotel: Alpha, Juliett, Golf and Whiskey, sending you 3
2024-10-14 19:47:21.269286 Bravo: Juliett and Whiskey, sending you 2
2024-10-14 19:47:21.271687 Golf: Bravo, sending you 1
2024-10-14 19:47:21.273653 Yankee: X-ray, Alpha, Juliett, Hotel and Whiskey, sending you 2
2024-10-14 19:47:21.274804 Oscar: Sierra, sending you 10
2024-10-14 19:47:21.275679 Sierra: X-ray, sending you 7
2024-10-14 19:47:21.276047 Alpha: X-ray, Yankee and Whiskey, sending you 2
2024-10-14 19:47:21.277278 Bravo: Yankee, sending you 3
2024-10-14 19:47:21.278784 Golf: Alpha, Juliett, Yankee, Hotel and Whiskey, sending you 3
2024-10-14 19:47:21.280445 Yankee: Bravo, sending you 3
2024-10-14 19:47:21.281556 Sierra: Oscar, sending you 9
2024-10-14 19:47:21.282256 Whiskey: X-ray, Bravo, Alpha and Yankee, sending you 2
2024-10-14 19:47:21.283375 Alpha: Juliett, Hotel and Golf, sending you 3
2024-10-14 19:47:21.285014 Bravo: Hotel and Golf, sending you 1
2024-10-14 19:47:21.286647 Yankee: Golf, sending you 4
