ChatterBot Mike round 1
ChatterBot Golf round 1
ChatterBot Juliett round 1
ChatterBot Foxtrot round 1
ChatterBot Romeo round 1
ChatterBot Echo round 1
ChatterBot Papa round 1
ChatterBot Lima round 1
ChatterBot India round 1
ChatterBot Hotel round 1
randomSelections Echo: {Echo, Juliett, India, Mike} 
2024-10-14 17:09:47.370587 Echo: Friends?
ChatterBot Juliett reevaluating
ChatterBot India reevaluating
ChatterBot Mike reevaluating
2024-10-14 17:09:47.390764 Juliett: Yes
2024-10-14 17:09:47.390972 India: Yes
2024-10-14 17:09:47.391166 Mike: Yes
ChatterBot India reevaluating
ChatterBot Mike reevaluating
ChatterBot Juliett reevaluating
ChatterBot Mike reevaluating
ChatterBot Juliett reevaluating
ChatterBot India reevaluating
randomSelections Foxtrot: {Foxtrot} 
randomSelections Golf: {Golf} 
randomSelections Romeo: {Romeo, Golf, Mike, Papa, Echo} 
2024-10-14 17:09:47.507929 Romeo: We would work well together
ChatterBot Mike reevaluating
ChatterBot Papa reevaluating
2024-10-14 17:09:47.522701 Golf: No
2024-10-14 17:09:47.523707 Mike: No
2024-10-14 17:09:47.524142 Papa: Yes
2024-10-14 17:09:47.524399 Echo: No
ChatterBot Mike reevaluating
ChatterBot Papa reevaluating
ChatterBot Papa reevaluating
ChatterBot Mike reevaluating
ChatterBot Mike reevaluating
ChatterBot Papa reevaluating
randomSelections Lima: {Lima, Hotel, Romeo, Foxtrot, Papa, Echo} 
2024-10-14 17:09:47.571806 Lima: We should group up
ChatterBot Hotel reevaluating
ChatterBot Papa reevaluating
2024-10-14 17:09:47.585337 Hotel: Yes
2024-10-14 17:09:47.585669 Romeo: No
2024-10-14 17:09:47.589359 Foxtrot: No
2024-10-14 17:09:47.589639 Papa: No
2024-10-14 17:09:47.592224 Echo: No
ChatterBot Papa reevaluating
ChatterBot Hotel reevaluating
ChatterBot Papa reevaluating
ChatterBot Hotel reevaluating
ChatterBot Papa reevaluating
ChatterBot Hotel reevaluating
ChatterBot Hotel reevaluating
ChatterBot Papa reevaluating
2024-10-14 17:09:47.667699 India: Mike, sending you 1
2024-10-14 17:09:47.668049 Lima: Foxtrot, sending you 1
2024-10-14 17:09:47.669526 Echo: Mike, sending you 1
2024-10-14 17:09:47.671646 Mike: Juliett, sending you 6
2024-10-14 17:09:47.671995 India: Juliett, sending you 2
2024-10-14 17:09:47.672296 Romeo: Mike and Papa, sending you 3
2024-10-14 17:09:47.672702 Lima: Romeo, sending you 3
2024-10-14 17:09:47.674540 Hotel: Foxtrot, sending you 1
2024-10-14 17:09:47.675004 Echo: Juliett, sending you 6
2024-10-14 17:09:47.675337 Juliett: Mike and India, sending you 3
2024-10-14 17:09:47.675650 India: Echo, sending you 3
2024-10-14 17:09:47.675994 Papa: Mike, sending you 1
2024-10-14 17:09:47.677331 Romeo: Golf, sending you 4
2024-10-14 17:09:47.677640 Mike: Echo and India, sending you 4
2024-10-14 17:09:47.677982 Lima: Echo, sending you 4
2024-10-14 17:09:47.678297 Echo: India, sending you 4
2024-10-14 17:09:47.679926 Juliett: Echo, sending you 5
2024-10-14 17:09:47.680422 Hotel: Romeo, sending you 2
2024-10-14 17:09:47.680956 Romeo: Echo, sending you 1
2024-10-14 17:09:47.682657 Papa: Romeo, sending you 4
2024-10-14 17:09:47.683070 Lima: Papa, sending you 6
2024-10-14 17:09:47.685592 Hotel: Echo, sending you 3
2024-10-14 17:09:47.687683 Papa: Echo, sending you 9
2024-10-14 17:09:47.691222 Hotel: Papa, sending you 4
chatterbot Juliett submitting transactions
chatterbot Romeo submitting transactions
chatterbot Echo submitting transactions
chatterbot Golf submitting transactions
chatterbot India submitting transactions
chatterbot Papa submitting transactions
chatterbot Hotel submitting transactions
chatterbot Foxtrot submitting transactions
chatterbot Lima submitting transactions
chatterbot Mike submitting transactions
ChatterBot Mike round 2
ChatterBot Golf round 2
ChatterBot Juliett round 2
ChatterBot Foxtrot round 2
ChatterBot Romeo round 2
ChatterBot Echo round 2
ChatterBot Papa round 2
ChatterBot Lima round 2
2024-10-14 17:09:48.869261 Romeo: We should group up
ChatterBot Papa reevaluating
ChatterBot Lima reevaluating
ChatterBot Hotel reevaluating
2024-10-14 17:09:48.896822 Papa: Yes
2024-10-14 17:09:48.897029 Lima: Yes
2024-10-14 17:09:48.897792 Hotel: No
ChatterBot Lima reevaluating
ChatterBot Hotel reevaluating
ChatterBot Papa reevaluating
ChatterBot Hotel reevaluating
ChatterBot Papa reevaluating
ChatterBot Lima reevaluating
ChatterBot India round 2
ChatterBot Hotel round 2
2024-10-14 17:09:48.964590 Golf: Let's form a team
ChatterBot Romeo reevaluating
ChatterBot Papa reevaluating
ChatterBot Lima reevaluating
ChatterBot Hotel reevaluating
2024-10-14 17:09:48.984417 Romeo: Yes
2024-10-14 17:09:48.985348 Papa: Yes
2024-10-14 17:09:48.986010 Lima: Yes
2024-10-14 17:09:48.987122 Hotel: Yes
ChatterBot Papa reevaluating
ChatterBot Lima reevaluating
ChatterBot Hotel reevaluating
ChatterBot Romeo reevaluating
ChatterBot Lima reevaluating
ChatterBot Hotel reevaluating
ChatterBot Romeo reevaluating
ChatterBot Papa reevaluating
ChatterBot Hotel reevaluating
ChatterBot Romeo reevaluating
ChatterBot Papa reevaluating
ChatterBot Lima reevaluating
2024-10-14 17:09:49.139371 Mike: Juliett, sending you 8
2024-10-14 17:09:49.259365 Golf: Romeo, sending you 12
2024-10-14 17:09:49.260229 Romeo: Golf, sending you 1
2024-10-14 17:09:49.260663 Echo: Mike and Juliett, sending you 4
2024-10-14 17:09:49.261416 Mike: Echo and India, sending you 3
2024-10-14 17:09:49.261767 Lima: Golf, sending you 2
2024-10-14 17:09:49.262242 Foxtrot: Sending you 12
2024-10-14 17:09:49.262919 Papa: Golf, sending you 1
2024-10-14 17:09:49.263273 Juliett: Mike, sending you 4
2024-10-14 17:09:49.264086 Golf: Papa, Lima and Hotel, sending you 1
2024-10-14 17:09:49.373755 Romeo: Papa, sending you 4
2024-10-14 17:09:49.374551 Echo: India, sending you 3
2024-10-14 17:09:49.374997 Lima: Romeo, Papa and Hotel, sending you 4
2024-10-14 17:09:49.375875 Papa: Romeo, sending you 3
2024-10-14 17:09:49.376239 Juliett: Echo, sending you 5
2024-10-14 17:09:49.376569 India: Mike, sending you 4
2024-10-14 17:09:49.377284 Hotel: Golf, sending you 1
2024-10-14 17:09:49.377805 Romeo: Lima and Hotel, sending you 3
2024-10-14 17:09:49.675898 Papa: Lima, sending you 6
2024-10-14 17:09:49.676722 Juliett: India, sending you 1
2024-10-14 17:09:49.677012 India: Juliett and Echo, sending you 3
2024-10-14 17:09:49.677274 Hotel: Romeo, Papa and Lima, sending you 3
chatterbot Foxtrot submitting transactions
chatterbot Juliett submitting transactions
chatterbot India submitting transactions
2024-10-14 17:09:49.933712 Papa: Hotel, sending you 4
chatterbot Mike submitting transactions
chatterbot Lima submitting transactions
chatterbot Hotel submitting transactions
chatterbot Echo submitting transactions
chatterbot Romeo submitting transactions
chatterbot Golf submitting transactions
chatterbot Papa submitting transactions
ChatterBot Mike round 3
ChatterBot Golf round 3
ChatterBot Juliett round 3
ChatterBot Foxtrot round 3
ChatterBot Romeo round 3
ChatterBot Echo round 3
ChatterBot Papa round 3
ChatterBot Lima round 3
ChatterBot India round 3
ChatterBot Hotel round 3
2024-10-14 17:09:50.389276 Foxtrot: We would work well together
ChatterBot Papa reevaluating
ChatterBot Romeo reevaluating
ChatterBot Lima reevaluating
ChatterBot Hotel reevaluating
2024-10-14 17:09:50.407494 Papa: Yes
2024-10-14 17:09:50.408023 Romeo: Yes
2024-10-14 17:09:50.408308 Lima: Yes
2024-10-14 17:09:50.409435 Hotel: Yes
ChatterBot Romeo reevaluating
ChatterBot Lima reevaluating
ChatterBot Hotel reevaluating
ChatterBot Papa reevaluating
ChatterBot Lima reevaluating
ChatterBot Hotel reevaluating
ChatterBot Papa reevaluating
ChatterBot Romeo reevaluating
ChatterBot Hotel reevaluating
ChatterBot Papa reevaluating
ChatterBot Romeo reevaluating
ChatterBot Lima reevaluating
2024-10-14 17:09:50.478434 Papa: We should add Foxtrot
2024-10-14 17:09:50.479679 Lima: We should add Foxtrot
2024-10-14 17:09:50.480336 Hotel: We should add Foxtrot
ChatterBot Romeo reevaluating
ChatterBot Lima reevaluating
ChatterBot Hotel reevaluating
2024-10-14 17:09:50.496697 Golf: No
2024-10-14 17:09:50.500460 Romeo: Yes
ChatterBot Romeo reevaluating
ChatterBot Papa reevaluating
2024-10-14 17:09:50.509440 Lima: Yes
2024-10-14 17:09:50.509726 Hotel: Yes
ChatterBot Hotel reevaluating
2024-10-14 17:09:50.515137 Golf: No
2024-10-14 17:09:50.519288 Romeo: Yes
ChatterBot Romeo reevaluating
2024-10-14 17:09:50.524020 Papa: Yes
ChatterBot Papa reevaluating
ChatterBot Lima reevaluating
2024-10-14 17:09:50.533178 Hotel: Yes
2024-10-14 17:09:50.533391 Golf: No
2024-10-14 17:09:50.533555 Romeo: Yes
ChatterBot Romeo reevaluating
2024-10-14 17:09:50.537994 Papa: Yes
ChatterBot Papa reevaluating
2024-10-14 17:09:50.542538 Lima: Yes
ChatterBot Lima reevaluating
ChatterBot Hotel reevaluating
ChatterBot Golf reevaluating
ChatterBot Papa reevaluating
ChatterBot Lima reevaluating
ChatterBot Hotel reevaluating
ChatterBot Golf reevaluating
ChatterBot Romeo reevaluating
ChatterBot Papa reevaluating
ChatterBot Hotel reevaluating
ChatterBot Golf reevaluating
ChatterBot Romeo reevaluating
ChatterBot Papa reevaluating
ChatterBot Lima reevaluating
ChatterBot Romeo reevaluating
ChatterBot Papa reevaluating
ChatterBot Lima reevaluating
ChatterBot Hotel reevaluating
ChatterBot Golf reevaluating
ChatterBot Papa reevaluating
ChatterBot Lima reevaluating
ChatterBot Hotel reevaluating
ChatterBot Golf reevaluating
ChatterBot Romeo reevaluating
ChatterBot Lima reevaluating
ChatterBot Hotel reevaluating
ChatterBot Golf reevaluating
ChatterBot Romeo reevaluating
ChatterBot Papa reevaluating
ChatterBot Lima reevaluating
ChatterBot Romeo reevaluating
ChatterBot Papa reevaluating
ChatterBot Lima reevaluating
ChatterBot Hotel reevaluating
ChatterBot Golf reevaluating
ChatterBot Papa reevaluating
ChatterBot Lima reevaluating
ChatterBot Hotel reevaluating
ChatterBot Golf reevaluating
ChatterBot Romeo reevaluating
ChatterBot Lima reevaluating
ChatterBot Hotel reevaluating
ChatterBot Golf reevaluating
ChatterBot Romeo reevaluating
ChatterBot Papa reevaluating
ChatterBot Hotel reevaluating
2024-10-14 17:09:50.768611 India: We should add Foxtrot
2024-10-14 17:09:50.785247 Echo: No
2024-10-14 17:09:50.785480 Juliett: No
2024-10-14 17:09:50.785693 Mike: No
ChatterBot Juliett reevaluating
ChatterBot India reevaluating
ChatterBot India reevaluating
ChatterBot Juliett reevaluating
ChatterBot India reevaluating
2024-10-14 17:09:50.930179 Lima: We should add Foxtrot and India
ChatterBot Golf reevaluating
ChatterBot Papa reevaluating
2024-10-14 17:09:50.947119 Golf: No
2024-10-14 17:09:50.948109 Romeo: No
2024-10-14 17:09:50.948325 Papa: No
2024-10-14 17:09:50.948472 Hotel: No
ChatterBot Papa reevaluating
ChatterBot Lima reevaluating
ChatterBot Golf reevaluating
ChatterBot Papa reevaluating
ChatterBot Lima reevaluating
ChatterBot Golf reevaluating
ChatterBot Lima reevaluating
ChatterBot Golf reevaluating
ChatterBot Papa reevaluating
ChatterBot Lima reevaluating
2024-10-14 17:09:51.021473 Juliett: Golf we want you to join our group
2024-10-14 17:09:51.025383 Golf: No
ChatterBot Juliett reevaluating
ChatterBot India reevaluating
2024-10-14 17:09:51.045069 Hotel: Foxtrot we want you to join our group
2024-10-14 17:09:51.050949 Foxtrot: No
ChatterBot Papa reevaluating
chatterbot Foxtrot submitting transactions
2024-10-14 17:09:51.080994 Foxtrot: Romeo and Papa, sending you 2
2024-10-14 17:09:51.085113 Foxtrot: Lima and Hotel, sending you 5
2024-10-14 17:09:51.085907 Mike: Juliett and Echo, sending you 5
2024-10-14 17:09:51.086889 Echo: Mike and Juliett, sending you 4
2024-10-14 17:09:51.087212 Romeo: Golf, sending you 4
2024-10-14 17:09:51.089678 Papa: Foxtrot we want you to join our group
2024-10-14 17:09:51.096006 Foxtrot: No
ChatterBot Papa reevaluating
2024-10-14 17:09:51.124007 Mike: India, sending you 4
2024-10-14 17:09:51.124433 Echo: India, sending you 3
2024-10-14 17:09:51.124825 Romeo: Papa, sending you 3
2024-10-14 17:09:51.125673 Hotel: Foxtrot, sending you 4
2024-10-14 17:09:51.128667 Lima: Golf, Romeo and Hotel, sending you 3
2024-10-14 17:09:51.129986 Romeo: Lima and Hotel, sending you 2
2024-10-14 17:09:51.130463 Hotel: Romeo, Papa and Lima, sending you 2
2024-10-14 17:09:51.130842 India: Mike and Juliett, sending you 3
2024-10-14 17:09:51.131645 Golf: Romeo, sending you 7
2024-10-14 17:09:51.132169 Juliett: Mike and Echo, sending you 4
2024-10-14 17:09:51.134106 Lima: Papa, sending you 5
2024-10-14 17:09:51.135688 Golf: Papa and Lima, sending you 3
2024-10-14 17:09:51.136788 India: Echo, sending you 4
2024-10-14 17:09:51.137136 Juliett: India, sending you 2
2024-10-14 17:09:51.140667 Golf: Hotel, sending you 2
2024-10-14 17:09:51.155684 Papa: Golf, sending you 1
2024-10-14 17:09:51.161654 Papa: Romeo and Hotel, sending you 4
2024-10-14 17:09:51.165701 Papa: Lima, sending you 5
chatterbot Echo submitting transactions
chatterbot Romeo submitting transactions
chatterbot Hotel submitting transactions
chatterbot Juliett submitting transactions
chatterbot Golf submitting transactions
chatterbot Lima submitting transactions
chatterbot Mike submitting transactions
chatterbot Papa submitting transactions
chatterbot India submitting transactions
ChatterBot Mike round 4
ChatterBot Golf round 4
ChatterBot Juliett round 4
ChatterBot Foxtrot round 4
ChatterBot Romeo round 4
ChatterBot Echo round 4
ChatterBot Papa round 4
ChatterBot Lima round 4
ChatterBot India round 4
ChatterBot Hotel round 4
2024-10-14 17:09:51.848229 Juliett: We should add Foxtrot
2024-10-14 17:09:51.856700 Echo: No
2024-10-14 17:09:51.856853 India: No
2024-10-14 17:09:51.856971 Mike: No
ChatterBot Juliett reevaluating
ChatterBot Juliett reevaluating
ChatterBot Juliett reevaluating
2024-10-14 17:09:51.884798 Papa: We should add Foxtrot
2024-10-14 17:09:51.895106 Golf: No
2024-10-14 17:09:51.895262 Romeo: No
2024-10-14 17:09:51.895378 Lima: No
2024-10-14 17:09:51.895488 Hotel: Yes
ChatterBot Lima reevaluating
2024-10-14 17:09:51.961103 Papa: Foxtrot we want you to join our group
2024-10-14 17:09:51.964235 Foxtrot: No
ChatterBot Lima reevaluating
2024-10-14 17:09:51.978378 Echo: Mike and Juliett, sending you 4
2024-10-14 17:09:51.981670 Romeo: Golf, sending you 4
2024-10-14 17:09:51.982663 Mike: Juliett and Echo, sending you 5
2024-10-14 17:09:51.983077 Foxtrot: Romeo and Lima, sending you 2
2024-10-14 17:09:51.984062 Echo: India, sending you 3
2024-10-14 17:09:51.984444 India: Mike and Juliett, sending you 3
2024-10-14 17:09:51.984816 Golf: Romeo, sending you 7
2024-10-14 17:09:51.985701 Foxtrot: Papa, sending you 1
2024-10-14 17:09:51.986665 Romeo: Papa, sending you 3
2024-10-14 17:09:51.987687 Lima: Foxtrot we want you to join our group
2024-10-14 17:09:51.992008 Foxtrot: No
2024-10-14 17:09:52.017864 Mike: India, sending you 4
2024-10-14 17:09:52.018804 Golf: Papa, sending you 3
2024-10-14 17:09:52.019331 Papa: Golf, sending you 2
2024-10-14 17:09:52.019768 India: Echo, sending you 4
2024-10-14 17:09:52.020583 Foxtrot: Hotel, sending you 9
2024-10-14 17:09:52.020947 Romeo: Lima and Hotel, sending you 2
2024-10-14 17:09:52.021469 Juliett: Mike and Echo, sending you 4
2024-10-14 17:09:52.022461 Golf: Lima, sending you 4
2024-10-14 17:09:52.022957 Papa: Foxtrot, sending you 1
2024-10-14 17:09:52.024682 Hotel: Golf, sending you 1
2024-10-14 17:09:52.026087 Juliett: India, sending you 2
2024-10-14 17:09:52.026585 Golf: Hotel, sending you 1
2024-10-14 17:09:52.027179 Papa: Romeo and Lima, sending you 4
2024-10-14 17:09:52.028020 Hotel: Foxtrot, sending you 3
2024-10-14 17:09:52.029931 Papa: Hotel, sending you 3
2024-10-14 17:09:52.030705 Hotel: Romeo, Papa and Lima, sending you 2
2024-10-14 17:09:52.038731 Lima: Golf, sending you 2
2024-10-14 17:09:52.042137 Lima: Foxtrot, Romeo, Papa and Hotel, sending you 3
chatterbot Golf submitting transactions
chatterbot Romeo submitting transactions
chatterbot Mike submitting transactions
chatterbot Papa submitting transactions
chatterbot Juliett submitting transactions
chatterbot Echo submitting transactions
chatterbot Foxtrot submitting transactions
chatterbot India submitting transactions
chatterbot Lima submitting transactions
chatterbot Hotel submitting transactions
ChatterBot Mike round 5
ChatterBot Golf round 5
ChatterBot Juliett round 5
ChatterBot Foxtrot round 5
ChatterBot Romeo round 5
ChatterBot Echo round 5
ChatterBot Papa round 5
ChatterBot Lima round 5
ChatterBot India round 5
ChatterBot Hotel round 5
2024-10-14 17:09:53.159670 Mike: Juliett and Echo, sending you 5
2024-10-14 17:09:53.160168 Juliett: Mike and Echo, sending you 4
2024-10-14 17:09:53.164060 Foxtrot: Papa, sending you 3
2024-10-14 17:09:53.164438 Golf: Romeo, sending you 6
2024-10-14 17:09:53.164806 Lima: Golf, Romeo, Papa and Hotel, sending you 3
2024-10-14 17:09:53.165077 Papa: Golf, sending you 2
2024-10-14 17:09:53.165346 Mike: India, sending you 4
2024-10-14 17:09:53.165686 Juliett: India, sending you 3
2024-10-14 17:09:53.166700 Echo: Mike and Juliett, sending you 4
2024-10-14 17:09:53.168685 Foxtrot: Lima, sending you 4
2024-10-14 17:09:53.169096 Golf: Papa, sending you 3
2024-10-14 17:09:53.169595 Papa: Foxtrot, sending you 1
2024-10-14 17:09:53.170 Lima: Foxtrot, sending you 2
2024-10-14 17:09:53.170846 Romeo: Golf, sending you 4
2024-10-14 17:09:53.171657 Echo: India, sending you 3
2024-10-14 17:09:53.172045 India: Mike and Juliett, sending you 3
2024-10-14 17:09:53.172956 Hotel: Golf, sending you 1
2024-10-14 17:09:53.173663 Foxtrot: Hotel, sending you 7
2024-10-14 17:09:53.174001 Golf: Lima, sending you 4
2024-10-14 17:09:53.174370 Papa: Romeo and Lima, sending you 4
2024-10-14 17:09:53.174739 Romeo: Papa, sending you 3
2024-10-14 17:09:53.176686 India: Echo, sending you 4
2024-10-14 17:09:53.177123 Hotel: Foxtrot, sending you 3
2024-10-14 17:09:53.177673 Golf: Hotel, sending you 2
2024-10-14 17:09:53.179689 Papa: Hotel, sending you 3
2024-10-14 17:09:53.180132 Romeo: Lima and Hotel, sending you 2
2024-10-14 17:09:53.180993 Hotel: Romeo, Papa and Lima, sending you 2
chatterbot Juliett submitting transactions
chatterbot India submitting transactions
chatterbot Romeo submitting transactions
chatterbot Hotel submitting transactions
chatterbot Echo submitting transactions
chatterbot Foxtrot submitting transactions
chatterbot Lima submitting transactions
chatterbot Papa submitting transactions
chatterbot Golf submitting transactions
chatterbot Mike submitting transactions
ChatterBot Mike round 6
ChatterBot Golf round 6
ChatterBot Juliett round 6
ChatterBot Foxtrot round 6
ChatterBot Romeo round 6
ChatterBot Echo round 6
ChatterBot Papa round 6
ChatterBot Lima round 6
ChatterBot India round 6
ChatterBot Hotel round 6
2024-10-14 17:09:54.377677 Golf: Romeo, sending you 6
2024-10-14 17:09:54.379076 Juliett: Mike and Echo, sending you 4
2024-10-14 17:09:54.381663 Golf: Papa, sending you 3
2024-10-14 17:09:54.384675 Juliett: India, sending you 3
2024-10-14 17:09:54.385721 Golf: Lima, sending you 4
2024-10-14 17:09:54.386162 Echo: Mike and Juliett, sending you 4
2024-10-14 17:09:54.386707 India: Mike and Juliett, sending you 3
2024-10-14 17:09:54.388651 Golf: Hotel, sending you 2
2024-10-14 17:09:54.389999 Lima: Golf, Romeo, Papa and Hotel, sending you 3
2024-10-14 17:09:54.390740 Echo: India, sending you 3
2024-10-14 17:09:54.391369 India: Echo, sending you 4
2024-10-14 17:09:54.392215 Foxtrot: Papa, sending you 3
2024-10-14 17:09:54.392729 Romeo: Golf, sending you 4
2024-10-14 17:09:54.393437 Mike: Juliett and Echo, sending you 5
2024-10-14 17:09:54.394299 Lima: Foxtrot, sending you 2
2024-10-14 17:09:54.396677 Romeo: Papa, sending you 3
2024-10-14 17:09:54.397439 Mike: India, sending you 4
2024-10-14 17:09:54.397889 Foxtrot: Lima, sending you 4
2024-10-14 17:09:54.398681 Papa: Golf, sending you 2
2024-10-14 17:09:54.400832 Romeo: Lima and Hotel, sending you 2
2024-10-14 17:09:54.401675 Foxtrot: Hotel, sending you 7
2024-10-14 17:09:54.403670 Papa: Foxtrot, sending you 1
2024-10-14 17:09:54.408963 Papa: Romeo and Lima, sending you 4
2024-10-14 17:09:54.413675 Papa: Hotel, sending you 3
chatterbot Foxtrot submitting transactions
chatterbot Golf submitting transactions
chatterbot India submitting transactions
chatterbot Echo submitting transactions
chatterbot Juliett submitting transactions
chatterbot Papa submitting transactions
chatterbot Hotel submitting transactions
chatterbot Mike submitting transactions
chatterbot Lima submitting transactions
chatterbot Romeo submitting transactions
ChatterBot Mike round 7
ChatterBot Golf round 7
ChatterBot Juliett round 7
ChatterBot Foxtrot round 7
ChatterBot Romeo round 7
ChatterBot Echo round 7
ChatterBot Papa round 7
2024-10-14 17:09:55.578699 Juliett: We should add Lima
2024-10-14 17:09:55.587602 Echo: No
2024-10-14 17:09:55.587868 India: No
2024-10-14 17:09:55.588073 Mike: No
ChatterBot Juliett reevaluating
ChatterBot Juliett reevaluating
ChatterBot Juliett reevaluating
ChatterBot Lima round 7
ChatterBot India round 7
ChatterBot Hotel round 7
2024-10-14 17:09:55.635538 Juliett: We should add Papa
ChatterBot India reevaluating
ChatterBot Mike reevaluating
2024-10-14 17:09:55.643212 Echo: No
2024-10-14 17:09:55.643378 India: Yes
2024-10-14 17:09:55.643501 Mike: Yes
ChatterBot Juliett reevaluating
ChatterBot India reevaluating
ChatterBot Mike reevaluating
ChatterBot Juliett reevaluating
ChatterBot Mike reevaluating
ChatterBot Juliett reevaluating
ChatterBot India reevaluating
2024-10-14 17:09:55.678669 Echo: Mike and Juliett, sending you 4
2024-10-14 17:09:55.684037 Echo: India, sending you 3
2024-10-14 17:09:55.684459 Echo: I was attacked by Hotel
ChatterBot Juliett reevaluating
ChatterBot India reevaluating
ChatterBot Mike reevaluating
2024-10-14 17:09:55.698449 Echo: Ow
2024-10-14 17:09:55.700189 Romeo: Golf, sending you 4
2024-10-14 17:09:55.701304 Foxtrot: Papa, sending you 3
2024-10-14 17:09:55.703697 Golf: Romeo, sending you 6
2024-10-14 17:09:55.704806 Mike: Papa we want you to join our group
2024-10-14 17:09:55.709423 Papa: No
ChatterBot Mike reevaluating
ChatterBot Juliett reevaluating
ChatterBot India reevaluating
2024-10-14 17:09:55.795683 India: We should add Golf
ChatterBot Juliett reevaluating
ChatterBot Mike reevaluating
2024-10-14 17:09:55.811275 Echo: No
2024-10-14 17:09:55.811593 Juliett: No
2024-10-14 17:09:55.811834 Mike: No
ChatterBot Juliett reevaluating
ChatterBot India reevaluating
ChatterBot Mike reevaluating
ChatterBot India reevaluating
ChatterBot Mike reevaluating
ChatterBot Juliett reevaluating
ChatterBot India reevaluating
2024-10-14 17:09:55.846842 Romeo: Papa, sending you 3
2024-10-14 17:09:55.848130 Lima: Golf, Foxtrot, Romeo and Papa, sending you 3
2024-10-14 17:09:55.849115 Papa: Golf, Foxtrot and Hotel, sending you 2
2024-10-14 17:09:55.850430 Hotel: Golf, sending you 1
2024-10-14 17:09:55.851321 Foxtrot: Lima, sending you 5
2024-10-14 17:09:55.852395 Golf: Papa, sending you 3
2024-10-14 17:09:55.853480 Romeo: Lima and Hotel, sending you 2
2024-10-14 17:09:55.854107 Lima: Hotel, sending you 2
2024-10-14 17:09:55.855257 Papa: Romeo and Lima, sending you 4
2024-10-14 17:09:55.855889 Hotel: Foxtrot, sending you 3
2024-10-14 17:09:55.857016 Foxtrot: Hotel, sending you 6
2024-10-14 17:09:55.857681 Golf: Lima, sending you 4
2024-10-14 17:09:55.859001 Juliett: Papa we want you to join our group
2024-10-14 17:09:55.864209 Papa: No
ChatterBot Mike reevaluating
ChatterBot Juliett reevaluating
ChatterBot India reevaluating
2024-10-14 17:09:55.885458 Hotel: Romeo, Papa and Lima, sending you 2
2024-10-14 17:09:55.888163 Golf: Hotel, sending you 2
2024-10-14 17:09:55.890516 Mike: We should drop Papa
ChatterBot Juliett reevaluating
ChatterBot India reevaluating
2024-10-14 17:09:55.907133 Echo: Yes
2024-10-14 17:09:55.907539 Juliett: Yes
2024-10-14 17:09:55.908041 India: Yes
ChatterBot Juliett reevaluating
ChatterBot India reevaluating
ChatterBot Mike reevaluating
ChatterBot India reevaluating
ChatterBot Mike reevaluating
ChatterBot Juliett reevaluating
ChatterBot Mike reevaluating
chatterbot Echo submitting transactions
2024-10-14 17:09:55.952771 India: Mike, sending you 4
2024-10-14 17:09:55.958128 India: Juliett and Echo, sending you 3
2024-10-14 17:09:55.966668 Juliett: Mike and Echo, sending you 4
2024-10-14 17:09:55.970695 Juliett: India, sending you 3
chatterbot Lima submitting transactions
chatterbot Hotel submitting transactions
chatterbot India submitting transactions
chatterbot Romeo submitting transactions
chatterbot Papa submitting transactions
chatterbot Golf submitting transactions
chatterbot Mike submitting transactions
chatterbot Foxtrot submitting transactions
chatterbot Juliett submitting transactions
ChatterBot Mike round 8
ChatterBot Golf round 8
ChatterBot Juliett round 8
ChatterBot Foxtrot round 8
ChatterBot Romeo round 8
ChatterBot Echo round 8
ChatterBot Papa round 8
ChatterBot Lima round 8
ChatterBot India round 8
ChatterBot Hotel round 8
2024-10-14 17:09:56.921066 Mike: We should drop Papa
ChatterBot India reevaluating
2024-10-14 17:09:56.935110 Echo: Yes
2024-10-14 17:09:56.935743 Juliett: Yes
2024-10-14 17:09:56.935932 India: Yes
ChatterBot Juliett reevaluating
ChatterBot India reevaluating
ChatterBot Mike reevaluating
ChatterBot India reevaluating
ChatterBot Mike reevaluating
ChatterBot Juliett reevaluating
ChatterBot Mike reevaluating
2024-10-14 17:09:56.975886 India: We should add Romeo
ChatterBot Juliett reevaluating
ChatterBot Mike reevaluating
2024-10-14 17:09:56.985015 Echo: No
2024-10-14 17:09:56.985155 Juliett: No
2024-10-14 17:09:56.985278 Mike: No
ChatterBot Juliett reevaluating
ChatterBot India reevaluating
ChatterBot Mike reevaluating
ChatterBot India reevaluating
ChatterBot Mike reevaluating
ChatterBot Juliett reevaluating
ChatterBot India reevaluating
2024-10-14 17:09:57.030716 India: We should add Lima
ChatterBot Juliett reevaluating
ChatterBot Mike reevaluating
2024-10-14 17:09:57.040249 Echo: No
2024-10-14 17:09:57.040408 Juliett: No
2024-10-14 17:09:57.040535 Mike: No
ChatterBot Juliett reevaluating
ChatterBot India reevaluating
ChatterBot Mike reevaluating
ChatterBot India reevaluating
ChatterBot Mike reevaluating
ChatterBot Juliett reevaluating
ChatterBot India reevaluating
2024-10-14 17:09:57.075111 Foxtrot: Papa, sending you 3
2024-10-14 17:09:57.079705 Foxtrot: Lima, sending you 5
2024-10-14 17:09:57.080941 Romeo: Golf, sending you 4
2024-10-14 17:09:57.082071 Golf: Romeo, sending you 6
2024-10-14 17:09:57.083285 Juliett: Golf we want you to join our group
2024-10-14 17:09:57.087960 Golf: No
ChatterBot India reevaluating
2024-10-14 17:09:57.108229 Foxtrot: Hotel, sending you 6
2024-10-14 17:09:57.109138 Echo: Mike and Juliett, sending you 4
2024-10-14 17:09:57.110360 Romeo: Papa, sending you 3
2024-10-14 17:09:57.111030 Hotel: Golf, sending you 1
2024-10-14 17:09:57.112068 Golf: Papa, sending you 3
2024-10-14 17:09:57.112655 Papa: Golf, Foxtrot and Hotel, sending you 2
2024-10-14 17:09:57.114064 Lima: Golf, Foxtrot, Romeo and Papa, sending you 3
2024-10-14 17:09:57.114649 Echo: India, sending you 3
2024-10-14 17:09:57.115852 Romeo: Lima and Hotel, sending you 2
2024-10-14 17:09:57.116678 Hotel: Foxtrot, sending you 3
2024-10-14 17:09:57.117287 Papa: Romeo, sending you 5
2024-10-14 17:09:57.118429 Golf: Lima, sending you 4
2024-10-14 17:09:57.119679 Lima: Hotel, sending you 2
2024-10-14 17:09:57.120687 Hotel: Romeo, Papa and Lima, sending you 2
2024-10-14 17:09:57.122085 Golf: Hotel, sending you 2
2024-10-14 17:09:57.122928 Papa: Lima, sending you 3
2024-10-14 17:09:57.124191 Juliett: Mike and Echo, sending you 4
2024-10-14 17:09:57.129037 Juliett: India, sending you 3
2024-10-14 17:09:57.131921 India: Mike, sending you 4
2024-10-14 17:09:57.135955 India: Juliett and Echo, sending you 3
chatterbot Foxtrot submitting transactions
chatterbot Papa submitting transactions
chatterbot Lima submitting transactions
chatterbot Romeo submitting transactions
chatterbot Juliett submitting transactions
chatterbot Echo submitting transactions
chatterbot Golf submitting transactions
chatterbot India submitting transactions
chatterbot Hotel submitting transactions
chatterbot Mike submitting transactions
ChatterBot Mike round 9
ChatterBot Golf round 9
ChatterBot Juliett round 9
ChatterBot Foxtrot round 9
ChatterBot Romeo round 9
ChatterBot Echo round 9
ChatterBot Papa round 9
ChatterBot Lima round 9
ChatterBot India round 9
ChatterBot Hotel round 9
2024-10-14 17:09:58.381610 India: We should add Foxtrot
ChatterBot Juliett reevaluating
ChatterBot Mike reevaluating
2024-10-14 17:09:58.448785 Echo: No
2024-10-14 17:09:58.449027 Juliett: Yes
2024-10-14 17:09:58.450581 Mike: Yes
ChatterBot Juliett reevaluating
ChatterBot Mike reevaluating
ChatterBot India reevaluating
ChatterBot Mike reevaluating
ChatterBot Juliett reevaluating
ChatterBot India reevaluating
2024-10-14 17:09:58.513106 Juliett: We should replace Golf with Foxtrot
ChatterBot India reevaluating
ChatterBot Mike reevaluating
2024-10-14 17:09:58.525223 Echo: No
2024-10-14 17:09:58.525592 India: Yes
2024-10-14 17:09:58.525853 Mike: Yes
ChatterBot Juliett reevaluating
ChatterBot India reevaluating
ChatterBot Mike reevaluating
ChatterBot Juliett reevaluating
ChatterBot Mike reevaluating
ChatterBot Juliett reevaluating
ChatterBot India reevaluating
2024-10-14 17:09:58.583717 Golf: Romeo, sending you 6
2024-10-14 17:09:58.586256 Juliett: Foxtrot we want you to join our group
2024-10-14 17:09:58.592560 Foxtrot: No
ChatterBot Juliett reevaluating
ChatterBot India reevaluating
2024-10-14 17:09:58.614911 Echo: Mike and Juliett, sending you 4
2024-10-14 17:09:58.615656 Romeo: Golf, sending you 4
2024-10-14 17:09:58.617281 Golf: Papa, sending you 3
2024-10-14 17:09:58.619725 Echo: India, sending you 3
2024-10-14 17:09:58.620894 Lima: Golf, Foxtrot, Romeo and Papa, sending you 3
2024-10-14 17:09:58.622206 Romeo: Papa, sending you 3
2024-10-14 17:09:58.622918 Papa: Golf, Foxtrot and Hotel, sending you 2
2024-10-14 17:09:58.623455 Golf: Lima, sending you 4
2024-10-14 17:09:58.624577 India: Foxtrot we want you to join our group
2024-10-14 17:09:58.628626 Foxtrot: No
2024-10-14 17:09:58.649497 Hotel: Golf, sending you 1
2024-10-14 17:09:58.650259 Foxtrot: Papa, sending you 3
2024-10-14 17:09:58.651207 Lima: Hotel, sending you 2
2024-10-14 17:09:58.651899 Romeo: Lima and Hotel, sending you 2
2024-10-14 17:09:58.652914 Papa: Romeo, sending you 5
2024-10-14 17:09:58.653608 Golf: Hotel, sending you 2
2024-10-14 17:09:58.654921 Hotel: Foxtrot, sending you 3
2024-10-14 17:09:58.655521 Foxtrot: Lima, sending you 5
2024-10-14 17:09:58.657683 Papa: Lima, sending you 3
2024-10-14 17:09:58.658813 Hotel: Romeo, Papa and Lima, sending you 2
2024-10-14 17:09:58.660680 Foxtrot: Hotel, sending you 6
2024-10-14 17:09:58.670695 Juliett: Mike and Echo, sending you 4
2024-10-14 17:09:58.671684 India: Mike, Juliett and Echo, sending you 3
2024-10-14 17:09:58.673684 Juliett: India, sending you 3
2024-10-14 17:09:58.674689 India: Foxtrot, sending you 1
chatterbot Papa submitting transactions
chatterbot Romeo submitting transactions
chatterbot India submitting transactions
chatterbot Juliett submitting transactions
chatterbot Hotel submitting transactions
chatterbot Lima submitting transactions
chatterbot Foxtrot submitting transactions
chatterbot Golf submitting transactions
chatterbot Echo submitting transactions
chatterbot Mike submitting transactions
ChatterBot Mike round 10
ChatterBot Golf round 10
ChatterBot Juliett round 10
ChatterBot Foxtrot round 10
ChatterBot Romeo round 10
ChatterBot Echo round 10
ChatterBot Papa round 10
ChatterBot Lima round 10
ChatterBot India round 10
ChatterBot Hotel round 10
2024-10-14 17:09:59.674764 Mike: We should drop Papa
2024-10-14 17:09:59.689457 Echo: Yes
2024-10-14 17:09:59.689694 Juliett: Yes
2024-10-14 17:09:59.689872 India: Yes
ChatterBot Juliett reevaluating
ChatterBot Juliett reevaluating
2024-10-14 17:09:59.744673 Romeo: Golf, sending you 4
2024-10-14 17:09:59.745846 Golf: Romeo, sending you 6
2024-10-14 17:09:59.748674 Echo: Mike and Juliett, sending you 4
2024-10-14 17:09:59.749963 Papa: Golf, Foxtrot and Hotel, sending you 2
2024-10-14 17:09:59.751044 Golf: Papa, sending you 3
2024-10-14 17:09:59.752635 Romeo: Papa, sending you 3
2024-10-14 17:09:59.753051 Foxtrot: Papa, sending you 3
2024-10-14 17:09:59.753392 India: Mike, Juliett and Echo, sending you 3
2024-10-14 17:09:59.754251 Juliett: Mike and Echo, sending you 4
2024-10-14 17:09:59.754580 Hotel: Golf, sending you 1
2024-10-14 17:09:59.755151 Echo: India, sending you 3
2024-10-14 17:09:59.756231 Papa: Romeo, sending you 5
2024-10-14 17:09:59.756786 Romeo: Lima and Hotel, sending you 2
2024-10-14 17:09:59.757330 Golf: Lima, sending you 4
2024-10-14 17:09:59.758319 Foxtrot: Lima, sending you 5
2024-10-14 17:09:59.758746 Juliett: India, sending you 3
2024-10-14 17:09:59.759096 Lima: Golf, Foxtrot, Romeo and Papa, sending you 3
2024-10-14 17:09:59.760111 Hotel: Foxtrot, sending you 3
2024-10-14 17:09:59.760634 India: Foxtrot, sending you 1
2024-10-14 17:09:59.761069 Papa: Lima, sending you 3
2024-10-14 17:09:59.761998 Golf: Hotel, sending you 2
2024-10-14 17:09:59.762536 Foxtrot: Hotel, sending you 6
2024-10-14 17:09:59.763707 Lima: Hotel, sending you 2
2024-10-14 17:09:59.764697 Hotel: Romeo, Papa and Lima, sending you 2
chatterbot Papa submitting transactions
chatterbot Foxtrot submitting transactions
chatterbot India submitting transactions
chatterbot Hotel submitting transactions
chatterbot Echo submitting transactions
chatterbot Juliett submitting transactions
chatterbot Lima submitting transactions
chatterbot Mike submitting transactions
chatterbot Golf submitting transactions
chatterbot Romeo submitting transactions
ChatterBot Mike round 11
ChatterBot Golf round 11
ChatterBot Juliett round 11
ChatterBot Foxtrot round 11
ChatterBot Romeo round 11
ChatterBot Echo round 11
ChatterBot Papa round 11
ChatterBot Lima round 11
ChatterBot India round 11
ChatterBot Hotel round 11
2024-10-14 17:10:00.536984 Mike: We should drop Papa
ChatterBot Juliett reevaluating
2024-10-14 17:10:00.545678 Echo: Yes
2024-10-14 17:10:00.545877 Juliett: Yes
2024-10-14 17:10:00.546034 India: Yes
ChatterBot Juliett reevaluating
ChatterBot India reevaluating
ChatterBot India reevaluating
ChatterBot Juliett reevaluating
2024-10-14 17:10:00.600961 India: We should drop Foxtrot
ChatterBot Juliett reevaluating
2024-10-14 17:10:00.616404 Echo: Yes
2024-10-14 17:10:00.616752 Juliett: Yes
2024-10-14 17:10:00.616994 Mike: Yes
ChatterBot Juliett reevaluating
ChatterBot India reevaluating
ChatterBot India reevaluating
ChatterBot Juliett reevaluating
ChatterBot India reevaluating
2024-10-14 17:10:00.667785 Golf: Romeo, sending you 6
2024-10-14 17:10:00.669413 Echo: Mike and Juliett, sending you 4
2024-10-14 17:10:00.671373 Foxtrot: Papa, sending you 4
2024-10-14 17:10:00.673784 Golf: Papa, sending you 3
2024-10-14 17:10:00.674700 Echo: India, sending you 3
2024-10-14 17:10:00.676679 Juliett: Golf we want you to join our group
2024-10-14 17:10:00.681938 Golf: No
ChatterBot Juliett reevaluating
ChatterBot India reevaluating
2024-10-14 17:10:00.702791 Foxtrot: Lima and Hotel, sending you 5
2024-10-14 17:10:00.704021 Romeo: Golf, sending you 4
2024-10-14 17:10:00.704932 Golf: Lima, sending you 4
2024-10-14 17:10:00.705641 Lima: Golf, Foxtrot, Romeo and Papa, sending you 3
2024-10-14 17:10:00.707645 Golf: Hotel, sending you 2
2024-10-14 17:10:00.708728 Hotel: Golf, sending you 1
2024-10-14 17:10:00.709916 Romeo: Papa, sending you 3
2024-10-14 17:10:00.711460 Papa: Golf, Foxtrot and Hotel, sending you 2
2024-10-14 17:10:00.712922 Lima: Hotel, sending you 2
2024-10-14 17:10:00.713843 Hotel: Foxtrot, sending you 3
2024-10-14 17:10:00.715167 Romeo: Lima and Hotel, sending you 2
2024-10-14 17:10:00.717701 Papa: Romeo, sending you 5
2024-10-14 17:10:00.718982 Hotel: Romeo, Papa and Lima, sending you 2
2024-10-14 17:10:00.722203 Papa: Lima, sending you 3
2024-10-14 17:10:00.731695 India: Mike, sending you 4
2024-10-14 17:10:00.735482 India: Juliett and Echo, sending you 3
2024-10-14 17:10:00.737789 Juliett: Mike and Echo, sending you 4
2024-10-14 17:10:00.742671 Juliett: India, sending you 3
chatterbot Papa submitting transactions
chatterbot Juliett submitting transactions
chatterbot Foxtrot submitting transactions
chatterbot Lima submitting transactions
chatterbot Romeo submitting transactions
chatterbot Echo submitting transactions
chatterbot India submitting transactions
chatterbot Mike submitting transactions
chatterbot Hotel submitting transactions
chatterbot Golf submitting transactions
ChatterBot Mike round 12
ChatterBot Golf round 12
ChatterBot Juliett round 12
ChatterBot Foxtrot round 12
ChatterBot Romeo round 12
ChatterBot Echo round 12
ChatterBot Papa round 12
ChatterBot Lima round 12
ChatterBot India round 12
ChatterBot Hotel round 12
2024-10-14 17:10:01.807108 Juliett: We should add Golf
2024-10-14 17:10:01.817996 Echo: No
2024-10-14 17:10:01.818808 India: No
2024-10-14 17:10:01.818988 Mike: No
ChatterBot Juliett reevaluating
ChatterBot India reevaluating
ChatterBot Juliett reevaluating
ChatterBot Juliett reevaluating
ChatterBot India reevaluating
2024-10-14 17:10:01.855820 Lima: We should add Juliett
2024-10-14 17:10:01.870928 Hotel: No
2024-10-14 17:10:01.871978 Golf: No
2024-10-14 17:10:01.872139 Foxtrot: No
2024-10-14 17:10:01.872301 Romeo: No
2024-10-14 17:10:01.872458 Papa: No
ChatterBot Golf reevaluating
ChatterBot Lima reevaluating
ChatterBot Lima reevaluating
ChatterBot Golf reevaluating
ChatterBot Lima reevaluating
ChatterBot Golf reevaluating
ChatterBot Lima reevaluating
ChatterBot Golf reevaluating
ChatterBot Lima reevaluating
2024-10-14 17:10:02.074039 Mike: We should drop Papa
ChatterBot Juliett reevaluating
ChatterBot India reevaluating
2024-10-14 17:10:02.087945 Echo: Yes
2024-10-14 17:10:02.088241 Juliett: Yes
2024-10-14 17:10:02.088477 India: Yes
ChatterBot Juliett reevaluating
ChatterBot India reevaluating
ChatterBot India reevaluating
ChatterBot Juliett reevaluating
2024-10-14 17:10:02.147493 Juliett: We should add Lima
ChatterBot India reevaluating
2024-10-14 17:10:02.165142 Echo: No
2024-10-14 17:10:02.165391 India: No
2024-10-14 17:10:02.165598 Mike: No
ChatterBot Juliett reevaluating
ChatterBot India reevaluating
ChatterBot Juliett reevaluating
ChatterBot Juliett reevaluating
ChatterBot India reevaluating
2024-10-14 17:10:02.266011 Romeo: Golf, sending you 4
2024-10-14 17:10:02.267664 India: Lima we want you to join our group
ChatterBot Lima reevaluating
2024-10-14 17:10:02.274579 Lima: No
ChatterBot India reevaluating
2024-10-14 17:10:02.297417 Romeo: Papa, sending you 3
2024-10-14 17:10:02.299377 Hotel: Golf, sending you 1
2024-10-14 17:10:02.301513 Golf: Romeo, sending you 6
2024-10-14 17:10:02.303184 Papa: Golf, Foxtrot and Hotel, sending you 2
2024-10-14 17:10:02.304573 Echo: Mike and Juliett, sending you 4
2024-10-14 17:10:02.306070 Foxtrot: Papa, sending you 4
2024-10-14 17:10:02.307283 Romeo: Lima and Hotel, sending you 2
2024-10-14 17:10:02.308737 Juliett: Mike and Echo, sending you 4
2024-10-14 17:10:02.309864 Hotel: Foxtrot, sending you 3
2024-10-14 17:10:02.310774 Golf: Papa, sending you 3
2024-10-14 17:10:02.312230 Papa: Romeo, sending you 5
2024-10-14 17:10:02.313470 Echo: India, sending you 3
2024-10-14 17:10:02.314748 Foxtrot: Lima and Hotel, sending you 5
2024-10-14 17:10:02.315453 Juliett: India, sending you 3
2024-10-14 17:10:02.316940 Hotel: Romeo, Papa and Lima, sending you 2
2024-10-14 17:10:02.318428 Golf: Lima, sending you 4
2024-10-14 17:10:02.319596 Papa: Lima, sending you 3
2024-10-14 17:10:02.340575 Lima: Golf, Foxtrot, Romeo and Papa, sending you 3
2024-10-14 17:10:02.343077 Golf: Hotel, sending you 2
2024-10-14 17:10:02.343903 India: Mike, sending you 4
2024-10-14 17:10:02.359574 Lima: Hotel, sending you 2
2024-10-14 17:10:02.361473 India: Juliett and Echo, sending you 3
chatterbot Mike submitting transactions
chatterbot Hotel submitting transactions
chatterbot Romeo submitting transactions
chatterbot Juliett submitting transactions
chatterbot Echo submitting transactions
chatterbot India submitting transactions
