ChatterBot Bravo round 1
ChatterBot Alpha round 1
ChatterBot Juliett round 1
ChatterBot Mike round 1
ChatterBot Oscar round 1
ChatterBot November round 1
ChatterBot Foxtrot round 1
ChatterBot Kilo round 1
ChatterBot Zulu round 1
ChatterBot Hotel round 1
randomSelections Bravo: {Bravo, Zulu, Mike, Kilo, Oscar, Hotel} 
2024-10-14 17:09:48.110162 Bravo: Friends?
ChatterBot Zulu reevaluating
ChatterBot Mike reevaluating
ChatterBot Kilo reevaluating
ChatterBot Oscar reevaluating
ChatterBot Hotel reevaluating
2024-10-14 17:09:48.121347 Zulu: Yes
2024-10-14 17:09:48.121516 Mike: Yes
2024-10-14 17:09:48.121671 Kilo: Yes
2024-10-14 17:09:48.121802 Oscar: Yes
2024-10-14 17:09:48.121957 Hotel: Yes
ChatterBot Mike reevaluating
ChatterBot Kilo reevaluating
ChatterBot Oscar reevaluating
ChatterBot Hotel reevaluating
ChatterBot Zulu reevaluating
ChatterBot Kilo reevaluating
ChatterBot Oscar reevaluating
ChatterBot Hotel reevaluating
ChatterBot Zulu reevaluating
ChatterBot Mike reevaluating
ChatterBot Oscar reevaluating
ChatterBot Hotel reevaluating
ChatterBot Zulu reevaluating
ChatterBot Mike reevaluating
ChatterBot Kilo reevaluating
ChatterBot Hotel reevaluating
ChatterBot Zulu reevaluating
ChatterBot Mike reevaluating
ChatterBot Kilo reevaluating
ChatterBot Oscar reevaluating
randomSelections Juliett: {Juliett, Oscar, Hotel, Mike, November, Bravo} 
2024-10-14 17:09:48.167441 Juliett: Group up?
ChatterBot Oscar reevaluating
ChatterBot Hotel reevaluating
ChatterBot Mike reevaluating
ChatterBot November reevaluating
2024-10-14 17:09:48.173077 Oscar: No
2024-10-14 17:09:48.173238 Hotel: No
2024-10-14 17:09:48.173341 Mike: No
2024-10-14 17:09:48.173438 November: Yes
2024-10-14 17:09:48.173521 Bravo: No
ChatterBot Hotel reevaluating
ChatterBot Mike reevaluating
ChatterBot November reevaluating
ChatterBot Oscar reevaluating
ChatterBot Mike reevaluating
ChatterBot November reevaluating
ChatterBot Oscar reevaluating
ChatterBot Hotel reevaluating
ChatterBot November reevaluating
ChatterBot Oscar reevaluating
ChatterBot Hotel reevaluating
ChatterBot Mike reevaluating
ChatterBot Oscar reevaluating
ChatterBot Hotel reevaluating
ChatterBot Mike reevaluating
ChatterBot November reevaluating
randomSelections Foxtrot: {Foxtrot, Juliett, Bravo, Kilo, November, Zulu} 
2024-10-14 17:09:48.201088 Foxtrot: We would work well together
ChatterBot Kilo reevaluating
ChatterBot November reevaluating
ChatterBot Zulu reevaluating
2024-10-14 17:09:48.206065 Juliett: No
2024-10-14 17:09:48.206172 Bravo: No
2024-10-14 17:09:48.206256 Kilo: No
2024-10-14 17:09:48.206337 November: No
2024-10-14 17:09:48.206416 Zulu: No
ChatterBot Kilo reevaluating
ChatterBot November reevaluating
ChatterBot Zulu reevaluating
ChatterBot Kilo reevaluating
ChatterBot November reevaluating
ChatterBot Zulu reevaluating
ChatterBot November reevaluating
ChatterBot Zulu reevaluating
ChatterBot Kilo reevaluating
ChatterBot Zulu reevaluating
ChatterBot Kilo reevaluating
ChatterBot November reevaluating
randomSelections Alpha: {Alpha, November, Foxtrot, Hotel, Zulu, Kilo} 
2024-10-14 17:09:48.230103 Alpha: Group up?
ChatterBot November reevaluating
ChatterBot Hotel reevaluating
ChatterBot Zulu reevaluating
ChatterBot Kilo reevaluating
2024-10-14 17:09:48.234629 November: No
2024-10-14 17:09:48.234732 Foxtrot: No
2024-10-14 17:09:48.234813 Hotel: No
2024-10-14 17:09:48.234893 Zulu: No
2024-10-14 17:09:48.234970 Kilo: No
ChatterBot Hotel reevaluating
ChatterBot Zulu reevaluating
ChatterBot Kilo reevaluating
ChatterBot November reevaluating
ChatterBot Hotel reevaluating
ChatterBot Zulu reevaluating
ChatterBot Kilo reevaluating
ChatterBot November reevaluating
ChatterBot Zulu reevaluating
ChatterBot Kilo reevaluating
ChatterBot November reevaluating
ChatterBot Hotel reevaluating
ChatterBot Kilo reevaluating
ChatterBot November reevaluating
ChatterBot Hotel reevaluating
ChatterBot Zulu reevaluating
2024-10-14 17:09:48.273665 Mike: Bravo and Hotel, sending you 3
2024-10-14 17:09:48.276675 Foxtrot: Bravo and Juliett, sending you 4
2024-10-14 17:09:48.278674 Alpha: November and Kilo, sending you 3
2024-10-14 17:09:48.279012 Mike: Oscar, sending you 2
2024-10-14 17:09:48.279258 Kilo: Mike, sending you 4
2024-10-14 17:09:48.280655 Juliett: Bravo and Mike, sending you 2
2024-10-14 17:09:48.280909 November: Bravo and Oscar, sending you 2
2024-10-14 17:09:48.281127 Foxtrot: November, sending you 2
2024-10-14 17:09:48.282672 Hotel: Bravo, Mike, Oscar, Kilo and Zulu, sending you 1
2024-10-14 17:09:48.282980 Mike: Kilo, sending you 1
2024-10-14 17:09:48.283224 Bravo: Mike, sending you 1
2024-10-14 17:09:48.283474 Zulu: Bravo, Oscar and Kilo, sending you 2
2024-10-14 17:09:48.283766 Alpha: Foxtrot, sending you 5
2024-10-14 17:09:48.283992 Kilo: Oscar and Hotel, sending you 1
2024-10-14 17:09:48.284223 Oscar: Bravo, sending you 3
2024-10-14 17:09:48.284437 Foxtrot: Kilo and Zulu, sending you 1
2024-10-14 17:09:48.284683 Juliett: Oscar and Hotel, sending you 1
2024-10-14 17:09:48.284948 November: Juliett and Hotel, sending you 3
2024-10-14 17:09:48.285665 Bravo: Oscar, sending you 2
2024-10-14 17:09:48.286663 Mike: Zulu, sending you 6
2024-10-14 17:09:48.286915 Zulu: Mike, sending you 3
2024-10-14 17:09:48.287137 Oscar: Mike and Hotel, sending you 1
2024-10-14 17:09:48.287654 November: Mike, sending you 4
2024-10-14 17:09:48.288654 Alpha: Zulu, sending you 1
2024-10-14 17:09:48.289667 Bravo: Kilo, sending you 5
2024-10-14 17:09:48.290667 Zulu: Hotel, sending you 5
2024-10-14 17:09:48.290925 Oscar: Kilo, sending you 4
2024-10-14 17:09:48.291659 Alpha: Hotel, sending you 2
2024-10-14 17:09:48.293661 Bravo: Zulu and Hotel, sending you 3
2024-10-14 17:09:48.293933 Oscar: Zulu, sending you 2
chatterbot Juliett submitting transactions
chatterbot Zulu submitting transactions
chatterbot November submitting transactions
chatterbot Alpha submitting transactions
chatterbot Oscar submitting transactions
chatterbot Kilo submitting transactions
chatterbot Hotel submitting transactions
chatterbot Mike submitting transactions
chatterbot Foxtrot submitting transactions
chatterbot Bravo submitting transactions
ChatterBot Bravo round 2
ChatterBot Alpha round 2
ChatterBot Juliett round 2
ChatterBot Mike round 2
ChatterBot Oscar round 2
ChatterBot November round 2
ChatterBot Foxtrot round 2
ChatterBot Kilo round 2
ChatterBot Zulu round 2
ChatterBot Hotel round 2
2024-10-14 17:09:49.977421 Foxtrot: Can we be friends?
ChatterBot Alpha reevaluating
ChatterBot Juliett reevaluating
ChatterBot November reevaluating
2024-10-14 17:09:49.987464 Alpha: Yes
2024-10-14 17:09:49.987661 Juliett: Yes
2024-10-14 17:09:49.988252 November: Yes
ChatterBot Juliett reevaluating
ChatterBot November reevaluating
ChatterBot Alpha reevaluating
ChatterBot November reevaluating
ChatterBot Alpha reevaluating
ChatterBot Juliett reevaluating
2024-10-14 17:09:50.021071 Juliett: Can we be friends?
ChatterBot Alpha reevaluating
ChatterBot November reevaluating
2024-10-14 17:09:50.030867 Foxtrot: Yes
2024-10-14 17:09:50.031327 Alpha: Yes
2024-10-14 17:09:50.031502 November: Yes
ChatterBot Alpha reevaluating
ChatterBot Juliett reevaluating
ChatterBot November reevaluating
ChatterBot Juliett reevaluating
ChatterBot November reevaluating
ChatterBot Alpha reevaluating
ChatterBot Juliett reevaluating
2024-10-14 17:09:50.077863 Kilo: We should drop Hotel
2024-10-14 17:09:50.089537 Bravo: No
2024-10-14 17:09:50.089728 Mike: No
2024-10-14 17:09:50.089863 Oscar: No
2024-10-14 17:09:50.089974 Zulu: No
ChatterBot Zulu reevaluating
ChatterBot Zulu reevaluating
2024-10-14 17:09:50.181732 Zulu: We should drop Kilo
ChatterBot Oscar reevaluating
2024-10-14 17:09:50.193475 Bravo: No
2024-10-14 17:09:50.193640 Mike: No
2024-10-14 17:09:50.194074 Oscar: Yes
2024-10-14 17:09:50.194184 Hotel: No
ChatterBot Zulu reevaluating
ChatterBot Mike reevaluating
ChatterBot Oscar reevaluating
ChatterBot Zulu reevaluating
ChatterBot Oscar reevaluating
ChatterBot Zulu reevaluating
ChatterBot Bravo reevaluating
ChatterBot Mike reevaluating
ChatterBot Zulu reevaluating
ChatterBot Bravo reevaluating
ChatterBot Mike reevaluating
ChatterBot Oscar reevaluating
2024-10-14 17:09:50.285440 Alpha: Juliett and November, sending you 5
2024-10-14 17:09:50.285852 November: Alpha and Foxtrot, sending you 4
2024-10-14 17:09:50.286152 Hotel: Same as last round
2024-10-14 17:09:50.287128 Foxtrot: Alpha, sending you 11
2024-10-14 17:09:50.287646 Juliett: Alpha, sending you 1
2024-10-14 17:09:50.289140 Kilo: Bravo and Oscar, sending you 2
2024-10-14 17:09:50.294909 November: Juliett, sending you 2
2024-10-14 17:09:50.295284 Alpha: Foxtrot, sending you 4
2024-10-14 17:09:50.295683 Foxtrot: Juliett, sending you 1
2024-10-14 17:09:50.296043 Juliett: November, sending you 2
2024-10-14 17:09:50.297758 Kilo: Mike and Zulu, sending you 1
2024-10-14 17:09:50.378247 Juliett: Foxtrot, sending you 3
2024-10-14 17:09:50.394175 Mike: Bravo, Oscar and Hotel, sending you 3
2024-10-14 17:09:50.394784 Zulu: Bravo, sending you 4
2024-10-14 17:09:50.402562 Zulu: Mike, sending you 5
2024-10-14 17:09:50.403628 Mike: Zulu, sending you 6
2024-10-14 17:09:50.404434 Oscar: Bravo, Mike and Zulu, sending you 3
2024-10-14 17:09:50.407476 Zulu: Oscar, sending you 3
2024-10-14 17:09:50.431521 Oscar: Hotel, sending you 2
2024-10-14 17:09:50.432944 Zulu: Hotel, sending you 2
chatterbot Kilo submitting transactions
chatterbot November submitting transactions
chatterbot Hotel submitting transactions
chatterbot Foxtrot submitting transactions
chatterbot Juliett submitting transactions
chatterbot Alpha submitting transactions
chatterbot Mike submitting transactions
chatterbot Zulu submitting transactions
chatterbot Oscar submitting transactions
chatterbot Bravo submitting transactions
ChatterBot Bravo round 3
ChatterBot Alpha round 3
ChatterBot Juliett round 3
ChatterBot Mike round 3
ChatterBot Oscar round 3
ChatterBot November round 3
2024-10-14 17:09:51.459243 Bravo: We should add Kilo
2024-10-14 17:09:51.499866 Zulu: No
2024-10-14 17:09:51.500630 Mike: No
2024-10-14 17:09:51.500804 Oscar: No
2024-10-14 17:09:51.500936 Hotel: Yes
ChatterBot Bravo reevaluating
ChatterBot Bravo reevaluating
ChatterBot Bravo reevaluating
ChatterBot Bravo reevaluating
ChatterBot Foxtrot round 3
ChatterBot Kilo round 3
ChatterBot Zulu round 3
ChatterBot Hotel round 3
2024-10-14 17:09:51.566301 November: We should add Kilo
2024-10-14 17:09:51.573207 Foxtrot: No
2024-10-14 17:09:51.573411 Alpha: No
2024-10-14 17:09:51.573596 Juliett: No
ChatterBot November reevaluating
ChatterBot November reevaluating
ChatterBot November reevaluating
2024-10-14 17:09:51.619344 November: We should add Hotel
2024-10-14 17:09:51.627099 Foxtrot: No
2024-10-14 17:09:51.627395 Alpha: No
2024-10-14 17:09:51.627537 Juliett: No
ChatterBot November reevaluating
ChatterBot November reevaluating
ChatterBot November reevaluating
2024-10-14 17:09:51.654693 Juliett: Sending you each 2
2024-10-14 17:09:51.655512 Oscar: Bravo, Mike and Zulu, sending you 3
2024-10-14 17:09:51.655952 Alpha: Juliett, sending you 2
2024-10-14 17:09:51.656310 Mike: Bravo, sending you 4
2024-10-14 17:09:51.659724 Alpha: November, sending you 4
2024-10-14 17:09:51.660699 Oscar: Hotel, sending you 2
2024-10-14 17:09:51.661676 Mike: Oscar, sending you 3
2024-10-14 17:09:51.663696 Alpha: Foxtrot, sending you 5
2024-10-14 17:09:51.664718 Mike: Zulu, sending you 6
2024-10-14 17:09:51.667689 Mike: Hotel, sending you 2
2024-10-14 17:09:51.668700 Hotel: Same as last round
2024-10-14 17:09:51.671666 Foxtrot: Alpha, sending you 6
2024-10-14 17:09:51.673717 Kilo: Bravo and Oscar, sending you 2
2024-10-14 17:09:51.674181 Zulu: Bravo and Oscar, sending you 3
2024-10-14 17:09:51.674710 Foxtrot: Juliett and November, sending you 3
2024-10-14 17:09:51.676670 November: Alpha, sending you 5
2024-10-14 17:09:51.678669 Kilo: Mike and Zulu, sending you 1
2024-10-14 17:09:51.679113 Zulu: Mike, sending you 6
2024-10-14 17:09:51.681663 November: Juliett, sending you 4
2024-10-14 17:09:51.683716 Zulu: Hotel, sending you 2
2024-10-14 17:09:51.685726 November: Foxtrot, sending you 3
chatterbot Juliett submitting transactions
chatterbot Mike submitting transactions
chatterbot Oscar submitting transactions
chatterbot November submitting transactions
chatterbot Foxtrot submitting transactions
chatterbot Kilo submitting transactions
chatterbot Zulu submitting transactions
chatterbot Alpha submitting transactions
chatterbot Hotel submitting transactions
chatterbot Bravo submitting transactions
ChatterBot Bravo round 4
ChatterBot Alpha round 4
ChatterBot Juliett round 4
ChatterBot Mike round 4
ChatterBot Oscar round 4
ChatterBot November round 4
ChatterBot Foxtrot round 4
ChatterBot Kilo round 4
ChatterBot Zulu round 4
ChatterBot Hotel round 4
2024-10-14 17:09:52.983589 Juliett: Same as last round
2024-10-14 17:09:52.987038 Mike: Bravo, sending you 4
2024-10-14 17:09:52.990707 Foxtrot: Alpha, sending you 6
2024-10-14 17:09:52.992871 Oscar: Bravo, Mike and Zulu, sending you 3
2024-10-14 17:09:52.997780 Zulu: Bravo, sending you 4
2024-10-14 17:09:52.998772 November: Alpha, sending you 5
2024-10-14 17:09:53.000451 Alpha: Juliett, sending you 3
2024-10-14 17:09:53.001370 Kilo: Bravo and Oscar, sending you 2
2024-10-14 17:09:53.003644 Mike: Oscar, sending you 3
2024-10-14 17:09:53.005711 Foxtrot: Juliett and November, sending you 3
2024-10-14 17:09:53.007693 Oscar: Hotel, sending you 2
2024-10-14 17:09:53.008809 Zulu: Mike, sending you 5
2024-10-14 17:09:53.010186 November: Juliett and Foxtrot, sending you 4
2024-10-14 17:09:53.011640 Alpha: November, sending you 4
2024-10-14 17:09:53.012665 Hotel: Same as last round
2024-10-14 17:09:53.014329 Kilo: Mike and Zulu, sending you 1
2024-10-14 17:09:53.015942 Mike: Zulu, sending you 6
2024-10-14 17:09:53.016669 Zulu: Oscar, sending you 3
2024-10-14 17:09:53.018109 Alpha: Foxtrot, sending you 5
2024-10-14 17:09:53.020658 Mike: Hotel, sending you 2
2024-10-14 17:09:53.023115 Zulu: Hotel, sending you 2
chatterbot Foxtrot submitting transactions
chatterbot Mike submitting transactions
chatterbot Oscar submitting transactions
chatterbot Zulu submitting transactions
chatterbot Kilo submitting transactions
chatterbot November submitting transactions
chatterbot Bravo submitting transactions
chatterbot Hotel submitting transactions
chatterbot Alpha submitting transactions
chatterbot Juliett submitting transactions
ChatterBot Bravo round 5
ChatterBot Alpha round 5
ChatterBot Juliett round 5
ChatterBot Mike round 5
ChatterBot Oscar round 5
ChatterBot November round 5
ChatterBot Foxtrot round 5
ChatterBot Kilo round 5
ChatterBot Zulu round 5
ChatterBot Hotel round 5
2024-10-14 17:09:54.119755 Kilo: We should add Hotel
ChatterBot Bravo reevaluating
ChatterBot Mike reevaluating
ChatterBot Zulu reevaluating
2024-10-14 17:09:54.139900 Bravo: Yes
2024-10-14 17:09:54.141237 Mike: Yes
2024-10-14 17:09:54.141974 Oscar: Yes
2024-10-14 17:09:54.143047 Zulu: Yes
ChatterBot Mike reevaluating
ChatterBot Zulu reevaluating
ChatterBot Bravo reevaluating
ChatterBot Zulu reevaluating
ChatterBot Bravo reevaluating
ChatterBot Mike reevaluating
ChatterBot Zulu reevaluating
ChatterBot Bravo reevaluating
ChatterBot Mike reevaluating
2024-10-14 17:09:54.211513 Bravo: We should add Kilo
2024-10-14 17:09:54.211773 Zulu: We should add Kilo
ChatterBot Zulu reevaluating
ChatterBot Mike reevaluating
ChatterBot Hotel reevaluating
2024-10-14 17:09:54.224906 Zulu: Yes
ChatterBot Bravo reevaluating
2024-10-14 17:09:54.228186 Mike: Yes
ChatterBot Mike reevaluating
2024-10-14 17:09:54.231379 Oscar: No
2024-10-14 17:09:54.234016 Hotel: Yes
ChatterBot Hotel reevaluating
2024-10-14 17:09:54.237251 Bravo: Yes
2024-10-14 17:09:54.237364 Mike: Yes
2024-10-14 17:09:54.237457 Oscar: No
2024-10-14 17:09:54.237543 Hotel: Yes
ChatterBot Bravo reevaluating
ChatterBot Mike reevaluating
ChatterBot Hotel reevaluating
ChatterBot Zulu reevaluating
ChatterBot Bravo reevaluating
ChatterBot Oscar reevaluating
ChatterBot Hotel reevaluating
ChatterBot Zulu reevaluating
ChatterBot Bravo reevaluating
ChatterBot Mike reevaluating
ChatterBot Hotel reevaluating
ChatterBot Zulu reevaluating
ChatterBot Bravo reevaluating
ChatterBot Mike reevaluating
ChatterBot Oscar reevaluating
ChatterBot Zulu reevaluating
ChatterBot Mike reevaluating
ChatterBot Oscar reevaluating
ChatterBot Hotel reevaluating
ChatterBot Zulu reevaluating
ChatterBot Bravo reevaluating
ChatterBot Oscar reevaluating
ChatterBot Hotel reevaluating
ChatterBot Zulu reevaluating
ChatterBot Bravo reevaluating
ChatterBot Mike reevaluating
ChatterBot Hotel reevaluating
ChatterBot Zulu reevaluating
ChatterBot Bravo reevaluating
ChatterBot Mike reevaluating
ChatterBot Oscar reevaluating
2024-10-14 17:09:54.363384 Kilo: Hotel we want you to join our group
ChatterBot Hotel reevaluating
2024-10-14 17:09:54.369439 Hotel: Yes
ChatterBot Bravo reevaluating
ChatterBot Zulu reevaluating
ChatterBot Mike reevaluating
ChatterBot Oscar reevaluating
2024-10-14 17:09:54.391304 Alpha: Juliett, sending you 3
2024-10-14 17:09:54.394662 Juliett: Same as last round
2024-10-14 17:09:54.395067 November: Alpha, sending you 5
2024-10-14 17:09:54.395680 Alpha: November, sending you 4
2024-10-14 17:09:54.396756 Bravo: Kilo we want you to join our group
2024-10-14 17:09:54.399770 Kilo: Yes
ChatterBot Bravo reevaluating
ChatterBot Oscar reevaluating
2024-10-14 17:09:54.414420 Zulu: Kilo we want you to join our group
2024-10-14 17:09:54.418130 Kilo: Yes
ChatterBot Bravo reevaluating
ChatterBot Oscar reevaluating
2024-10-14 17:09:54.433505 Mike: Kilo we want you to join our group
2024-10-14 17:09:54.437054 Kilo: Yes
ChatterBot Bravo reevaluating
ChatterBot Oscar reevaluating
2024-10-14 17:09:54.451650 November: Juliett and Foxtrot, sending you 4
2024-10-14 17:09:54.451987 Alpha: Foxtrot, sending you 5
2024-10-14 17:09:54.454667 Foxtrot: Alpha, sending you 6
2024-10-14 17:09:54.455664 Oscar: Kilo we want you to join our group
2024-10-14 17:09:54.458414 Kilo: Yes
ChatterBot Oscar reevaluating
2024-10-14 17:09:54.474709 Kilo: Bravo, Mike, Oscar and Zulu, sending you 1
2024-10-14 17:09:54.475109 Foxtrot: Juliett, sending you 2
2024-10-14 17:09:54.477665 Kilo: Hotel, sending you 2
2024-10-14 17:09:54.478415 Zulu: Bravo and Oscar, sending you 3
2024-10-14 17:09:54.478996 Mike: Bravo, sending you 4
2024-10-14 17:09:54.480223 Foxtrot: November, sending you 4
2024-10-14 17:09:54.480698 Hotel: Bravo, Mike, Oscar, Kilo and Zulu, sending you 1
2024-10-14 17:09:54.483654 Zulu: Mike, sending you 5
2024-10-14 17:09:54.484195 Mike: Oscar, sending you 3
2024-10-14 17:09:54.487666 Zulu: Kilo, sending you 1
2024-10-14 17:09:54.488096 Mike: Kilo, sending you 2
2024-10-14 17:09:54.491664 Mike: Zulu, sending you 5
2024-10-14 17:09:54.492681 Zulu: Hotel, sending you 2
2024-10-14 17:09:54.495681 Mike: Hotel, sending you 1
2024-10-14 17:09:54.503748 Oscar: Bravo, sending you 3
2024-10-14 17:09:54.507681 Oscar: Mike, Kilo, Zulu and Hotel, sending you 2
chatterbot Zulu submitting transactions
chatterbot Alpha submitting transactions
chatterbot Juliett submitting transactions
chatterbot Kilo submitting transactions
chatterbot Hotel submitting transactions
chatterbot November submitting transactions
chatterbot Oscar submitting transactions
chatterbot Foxtrot submitting transactions
chatterbot Bravo submitting transactions
chatterbot Mike submitting transactions
ChatterBot Bravo round 6
ChatterBot Alpha round 6
ChatterBot Juliett round 6
ChatterBot Mike round 6
ChatterBot Oscar round 6
ChatterBot November round 6
ChatterBot Foxtrot round 6
ChatterBot Kilo round 6
2024-10-14 17:09:55.635734 Bravo: We should add Kilo
ChatterBot Mike reevaluating
ChatterBot Oscar reevaluating
2024-10-14 17:09:55.653579 Zulu: Yes
2024-10-14 17:09:55.653788 Mike: Yes
2024-10-14 17:09:55.653956 Oscar: Yes
2024-10-14 17:09:55.654112 Hotel: Yes
ChatterBot Mike reevaluating
ChatterBot Oscar reevaluating
ChatterBot Oscar reevaluating
ChatterBot Mike reevaluating
ChatterBot Mike reevaluating
ChatterBot Oscar reevaluating
ChatterBot Zulu round 6
ChatterBot Hotel round 6
2024-10-14 17:09:55.815239 Bravo: Kilo we want you to join our group
ChatterBot Kilo reevaluating
2024-10-14 17:09:55.820641 Kilo: No
ChatterBot Zulu reevaluating
ChatterBot Mike reevaluating
ChatterBot Oscar reevaluating
ChatterBot Hotel reevaluating
2024-10-14 17:09:55.855856 Kilo: We should drop Hotel
ChatterBot Oscar reevaluating
2024-10-14 17:09:55.868316 Bravo: No
2024-10-14 17:09:55.868534 Mike: No
2024-10-14 17:09:55.869329 Oscar: Yes
2024-10-14 17:09:55.869628 Zulu: No
ChatterBot Kilo reevaluating
ChatterBot Oscar reevaluating
ChatterBot Zulu reevaluating
ChatterBot Kilo reevaluating
ChatterBot Oscar reevaluating
ChatterBot Zulu reevaluating
ChatterBot Kilo reevaluating
ChatterBot Mike reevaluating
ChatterBot Zulu reevaluating
ChatterBot Kilo reevaluating
ChatterBot Mike reevaluating
ChatterBot Oscar reevaluating
2024-10-14 17:09:55.930225 Alpha: Juliett, sending you 3
2024-10-14 17:09:55.930719 November: Alpha and Foxtrot, sending you 5
2024-10-14 17:09:55.931749 Juliett: Same as last round
2024-10-14 17:09:55.934668 Alpha: November, sending you 4
2024-10-14 17:09:55.935390 Foxtrot: Alpha, sending you 5
2024-10-14 17:09:55.935738 November: Juliett, sending you 4
2024-10-14 17:09:55.937462 Kilo: We should drop Oscar
ChatterBot Mike reevaluating
2024-10-14 17:09:55.954192 Bravo: No
2024-10-14 17:09:55.954392 Mike: No
2024-10-14 17:09:55.954546 Zulu: No
2024-10-14 17:09:55.954741 Hotel: No
ChatterBot Kilo reevaluating
ChatterBot Mike reevaluating
ChatterBot Kilo reevaluating
ChatterBot Kilo reevaluating
ChatterBot Mike reevaluating
ChatterBot Kilo reevaluating
ChatterBot Mike reevaluating
2024-10-14 17:09:56.006540 Hotel: Same as last round
2024-10-14 17:09:56.007208 Alpha: Foxtrot, sending you 5
2024-10-14 17:09:56.007680 Foxtrot: Juliett, sending you 3
2024-10-14 17:09:56.012687 Foxtrot: November, sending you 4
2024-10-14 17:09:56.023661 Oscar: Bravo, sending you 3
2024-10-14 17:09:56.028671 Oscar: Mike, Kilo, Zulu and Hotel, sending you 2
2024-10-14 17:09:56.031655 Zulu: Bravo, sending you 4
2024-10-14 17:09:56.035666 Zulu: Mike, sending you 5
2024-10-14 17:09:56.036951 Mike: Bravo, sending you 4
2024-10-14 17:09:56.037665 Kilo: Bravo and Oscar, sending you 2
2024-10-14 17:09:56.040659 Zulu: Oscar, sending you 3
2024-10-14 17:09:56.041684 Mike: Oscar, sending you 3
2024-10-14 17:09:56.042721 Kilo: Mike and Zulu, sending you 1
2024-10-14 17:09:56.044876 Zulu: Kilo, sending you 2
2024-10-14 17:09:56.047670 Mike: Kilo, sending you 2
2024-10-14 17:09:56.051697 Mike: Zulu, sending you 5
2024-10-14 17:09:56.056650 Mike: Hotel, sending you 1
chatterbot Alpha submitting transactions
chatterbot Zulu submitting transactions
chatterbot Foxtrot submitting transactions
chatterbot Juliett submitting transactions
chatterbot Mike submitting transactions
chatterbot November submitting transactions
chatterbot Bravo submitting transactions
chatterbot Hotel submitting transactions
chatterbot Oscar submitting transactions
chatterbot Kilo submitting transactions
ChatterBot Bravo round 7
ChatterBot Alpha round 7
ChatterBot Juliett round 7
ChatterBot Mike round 7
ChatterBot Oscar round 7
ChatterBot November round 7
2024-10-14 17:09:57.275129 Bravo: We should add Kilo
2024-10-14 17:09:57.288923 Zulu: Yes
2024-10-14 17:09:57.289522 Mike: Yes
2024-10-14 17:09:57.289749 Oscar: Yes
2024-10-14 17:09:57.289885 Hotel: Yes
ChatterBot Mike reevaluating
ChatterBot Mike reevaluating
ChatterBot Mike reevaluating
ChatterBot Foxtrot round 7
ChatterBot Kilo round 7
ChatterBot Zulu round 7
ChatterBot Hotel round 7
2024-10-14 17:09:57.351953 Bravo: Kilo we want you to join our group
2024-10-14 17:09:57.355292 Kilo: No
ChatterBot Mike reevaluating
2024-10-14 17:09:57.374861 Oscar: We should drop Hotel
ChatterBot Kilo reevaluating
2024-10-14 17:09:57.384300 Kilo: No
2024-10-14 17:09:57.384428 Bravo: No
2024-10-14 17:09:57.384522 Mike: No
2024-10-14 17:09:57.384660 Zulu: Yes
ChatterBot Oscar reevaluating
ChatterBot Zulu reevaluating
ChatterBot Kilo reevaluating
ChatterBot Oscar reevaluating
ChatterBot Zulu reevaluating
ChatterBot Kilo reevaluating
ChatterBot Oscar reevaluating
ChatterBot Zulu reevaluating
ChatterBot Kilo reevaluating
ChatterBot Oscar reevaluating
2024-10-14 17:09:57.431990 Zulu: We should add Hotel
ChatterBot Kilo reevaluating
ChatterBot Oscar reevaluating
2024-10-14 17:09:57.442268 Kilo: Yes
2024-10-14 17:09:57.442413 Bravo: Yes
2024-10-14 17:09:57.442600 Mike: Yes
2024-10-14 17:09:57.442739 Oscar: Yes
ChatterBot Oscar reevaluating
ChatterBot Zulu reevaluating
ChatterBot Kilo reevaluating
ChatterBot Oscar reevaluating
ChatterBot Zulu reevaluating
ChatterBot Kilo reevaluating
ChatterBot Oscar reevaluating
ChatterBot Zulu reevaluating
ChatterBot Kilo reevaluating
ChatterBot Zulu reevaluating
2024-10-14 17:09:57.577664 Kilo: Hotel we want you to join our group
2024-10-14 17:09:57.581261 Hotel: Yes
ChatterBot Kilo reevaluating
2024-10-14 17:09:57.599049 November: Alpha and Foxtrot, sending you 5
2024-10-14 17:09:57.600312 Zulu: Hotel we want you to join our group
2024-10-14 17:09:57.605611 Hotel: Yes
ChatterBot Kilo reevaluating
2024-10-14 17:09:57.618883 Juliett: Same as last round
2024-10-14 17:09:57.620770 November: Juliett, sending you 4
2024-10-14 17:09:57.621759 Alpha: Juliett, sending you 3
2024-10-14 17:09:57.622780 Foxtrot: Alpha, sending you 5
2024-10-14 17:09:57.625074 Mike: Bravo, sending you 4
2024-10-14 17:09:57.626532 Oscar: Bravo, sending you 3
2024-10-14 17:09:57.627713 Alpha: November, sending you 4
2024-10-14 17:09:57.629175 Hotel: Same as last round
2024-10-14 17:09:57.630410 Foxtrot: Juliett, sending you 3
2024-10-14 17:09:57.631230 Mike: Oscar, sending you 3
2024-10-14 17:09:57.632724 Oscar: Mike, Kilo, Zulu and Hotel, sending you 2
2024-10-14 17:09:57.633944 Alpha: Foxtrot, sending you 5
2024-10-14 17:09:57.635726 Foxtrot: November, sending you 4
2024-10-14 17:09:57.636678 Mike: Kilo, sending you 1
2024-10-14 17:09:57.642716 Mike: Zulu, sending you 5
2024-10-14 17:09:57.644847 Zulu: Bravo and Oscar, sending you 3
2024-10-14 17:09:57.647248 Kilo: Bravo and Oscar, sending you 2
2024-10-14 17:09:57.648234 Mike: Hotel, sending you 2
2024-10-14 17:09:57.650434 Zulu: Mike, sending you 4
2024-10-14 17:09:57.651700 Kilo: Mike and Zulu, sending you 1
2024-10-14 17:09:57.653670 Zulu: Kilo and Hotel, sending you 2
chatterbot Bravo submitting transactions
chatterbot Foxtrot submitting transactions
chatterbot Alpha submitting transactions
chatterbot Juliett submitting transactions
chatterbot Zulu submitting transactions
chatterbot Kilo submitting transactions
chatterbot Oscar submitting transactions
chatterbot November submitting transactions
chatterbot Mike submitting transactions
chatterbot Hotel submitting transactions
ChatterBot Bravo round 8
ChatterBot Alpha round 8
ChatterBot Juliett round 8
ChatterBot Mike round 8
2024-10-14 17:09:58.740086 Bravo: We should add Kilo
2024-10-14 17:09:58.756425 Zulu: Yes
2024-10-14 17:09:58.756646 Mike: Yes
2024-10-14 17:09:58.756843 Oscar: Yes
2024-10-14 17:09:58.757006 Hotel: Yes
ChatterBot Oscar round 8
ChatterBot November round 8
ChatterBot Foxtrot round 8
ChatterBot Kilo round 8
ChatterBot Zulu round 8
ChatterBot Hotel round 8
2024-10-14 17:09:58.830156 Bravo: Kilo we want you to join our group
ChatterBot Kilo reevaluating
2024-10-14 17:09:58.835627 Kilo: No
2024-10-14 17:09:58.856377 Kilo: We should replace Bravo with Hotel
ChatterBot Zulu reevaluating
2024-10-14 17:09:58.867509 Mike: No
2024-10-14 17:09:58.867705 Oscar: No
2024-10-14 17:09:58.868345 Zulu: No
ChatterBot Kilo reevaluating
ChatterBot Zulu reevaluating
ChatterBot Kilo reevaluating
ChatterBot Zulu reevaluating
ChatterBot Kilo reevaluating
2024-10-14 17:09:58.923097 Kilo: We should replace Zulu with Hotel
2024-10-14 17:09:58.930008 Bravo: No
2024-10-14 17:09:58.930514 Mike: No
2024-10-14 17:09:58.930715 Oscar: No
ChatterBot Kilo reevaluating
ChatterBot Kilo reevaluating
ChatterBot Oscar reevaluating
ChatterBot Kilo reevaluating
2024-10-14 17:09:58.954660 Mike: Bravo, sending you 4
2024-10-14 17:09:58.955826 Alpha: Juliett, sending you 3
2024-10-14 17:09:58.956675 Juliett: Same as last round
2024-10-14 17:09:58.958856 Oscar: We should drop Kilo
ChatterBot Zulu reevaluating
ChatterBot Mike reevaluating
2024-10-14 17:09:58.970875 Zulu: Yes
2024-10-14 17:09:58.971531 Bravo: No
2024-10-14 17:09:58.971747 Mike: Yes
2024-10-14 17:09:58.971921 Hotel: No
ChatterBot Mike reevaluating
ChatterBot Oscar reevaluating
ChatterBot Zulu reevaluating
ChatterBot Mike reevaluating
ChatterBot Oscar reevaluating
ChatterBot Zulu reevaluating
ChatterBot Bravo reevaluating
ChatterBot Oscar reevaluating
ChatterBot Zulu reevaluating
ChatterBot Bravo reevaluating
ChatterBot Mike reevaluating
ChatterBot Oscar reevaluating
2024-10-14 17:09:59.020698 Alpha: November, sending you 4
2024-10-14 17:09:59.024668 November: Alpha and Foxtrot, sending you 5
2024-10-14 17:09:59.026070 Hotel: Same as last round
2024-10-14 17:09:59.026751 Alpha: Foxtrot, sending you 5
2024-10-14 17:09:59.027293 Foxtrot: Alpha, sending you 5
2024-10-14 17:09:59.028026 Kilo: Bravo and Oscar, sending you 2
2024-10-14 17:09:59.030171 November: Juliett, sending you 4
2024-10-14 17:09:59.032021 Kilo: Mike and Zulu, sending you 1
2024-10-14 17:09:59.032767 Foxtrot: Juliett, sending you 3
2024-10-14 17:09:59.035670 Foxtrot: November, sending you 4
2024-10-14 17:09:59.046676 Oscar: Bravo, Mike and Zulu, sending you 3
2024-10-14 17:09:59.051890 Oscar: Hotel, sending you 2
2024-10-14 17:09:59.060667 Zulu: Bravo, sending you 4
2024-10-14 17:09:59.065684 Zulu: Mike, sending you 5
2024-10-14 17:09:59.069700 Zulu: Oscar, sending you 3
2024-10-14 17:09:59.074693 Zulu: Hotel, sending you 2
chatterbot November submitting transactions
chatterbot Alpha submitting transactions
chatterbot Juliett submitting transactions
chatterbot Kilo submitting transactions
chatterbot Mike submitting transactions
chatterbot Zulu submitting transactions
chatterbot Bravo submitting transactions
chatterbot Oscar submitting transactions
chatterbot Hotel submitting transactions
chatterbot Foxtrot submitting transactions
ChatterBot Bravo round 9
ChatterBot Alpha round 9
ChatterBot Juliett round 9
ChatterBot Mike round 9
ChatterBot Oscar round 9
ChatterBot November round 9
ChatterBot Foxtrot round 9
ChatterBot Kilo round 9
ChatterBot Zulu round 9
ChatterBot Hotel round 9
2024-10-14 17:10:00.232734 Oscar: Bravo, Mike and Zulu, sending you 3
2024-10-14 17:10:00.238680 Oscar: Hotel, sending you 2
2024-10-14 17:10:00.239784 November: Alpha and Foxtrot, sending you 5
2024-10-14 17:10:00.244669 November: Juliett, sending you 4
2024-10-14 17:10:00.245512 Zulu: Bravo, sending you 4
2024-10-14 17:10:00.247158 Juliett: Same as last round
2024-10-14 17:10:00.248664 Foxtrot: Alpha, sending you 5
2024-10-14 17:10:00.249159 Alpha: Juliett, sending you 3
2024-10-14 17:10:00.250825 Zulu: Mike, sending you 5
2024-10-14 17:10:00.253685 Foxtrot: Juliett, sending you 3
2024-10-14 17:10:00.254218 Alpha: November, sending you 4
2024-10-14 17:10:00.255674 Zulu: Oscar, sending you 3
2024-10-14 17:10:00.257681 Hotel: Same as last round
2024-10-14 17:10:00.259178 Foxtrot: November, sending you 4
2024-10-14 17:10:00.259860 Zulu: Hotel, sending you 2
2024-10-14 17:10:00.261194 Alpha: Foxtrot, sending you 5
chatterbot November submitting transactions
chatterbot Juliett submitting transactions
chatterbot Bravo submitting transactions
chatterbot Kilo submitting transactions
chatterbot Oscar submitting transactions
chatterbot Mike submitting transactions
chatterbot Foxtrot submitting transactions
chatterbot Zulu submitting transactions
chatterbot Alpha submitting transactions
chatterbot Hotel submitting transactions
ChatterBot Bravo round 10
ChatterBot Alpha round 10
ChatterBot Juliett round 10
ChatterBot Mike round 10
ChatterBot Oscar round 10
ChatterBot November round 10
ChatterBot Foxtrot round 10
ChatterBot Kilo round 10
ChatterBot Zulu round 10
ChatterBot Hotel round 10
2024-10-14 17:10:01.464408 November: We should add Oscar
ChatterBot Alpha reevaluating
2024-10-14 17:10:01.476317 Foxtrot: No
2024-10-14 17:10:01.476540 Alpha: Yes
2024-10-14 17:10:01.476737 Juliett: No
ChatterBot Alpha reevaluating
ChatterBot November reevaluating
ChatterBot November reevaluating
ChatterBot Alpha reevaluating
ChatterBot November reevaluating
2024-10-14 17:10:01.511176 Kilo: We should replace Mike with Hotel
ChatterBot Bravo reevaluating
2024-10-14 17:10:01.518932 Bravo: No
2024-10-14 17:10:01.519085 Oscar: No
2024-10-14 17:10:01.519736 Zulu: No
ChatterBot Kilo reevaluating
ChatterBot Kilo reevaluating
ChatterBot Bravo reevaluating
ChatterBot Kilo reevaluating
ChatterBot Bravo reevaluating
2024-10-14 17:10:01.559416 November: We should add Zulu
ChatterBot Alpha reevaluating
2024-10-14 17:10:01.566854 Foxtrot: No
2024-10-14 17:10:01.567047 Alpha: Yes
2024-10-14 17:10:01.567208 Juliett: No
ChatterBot Alpha reevaluating
ChatterBot November reevaluating
ChatterBot November reevaluating
ChatterBot Alpha reevaluating
ChatterBot November reevaluating
2024-10-14 17:10:01.591582 Kilo: We should replace Bravo with Hotel
2024-10-14 17:10:01.601900 Mike: No
2024-10-14 17:10:01.602499 Oscar: No
2024-10-14 17:10:01.602674 Zulu: No
ChatterBot Kilo reevaluating
ChatterBot Kilo reevaluating
ChatterBot Kilo reevaluating
2024-10-14 17:10:01.639103 Hotel: We should drop Kilo
ChatterBot Bravo reevaluating
2024-10-14 17:10:01.654084 Zulu: Yes
2024-10-14 17:10:01.654269 Bravo: Yes
2024-10-14 17:10:01.654443 Mike: Yes
2024-10-14 17:10:01.654590 Oscar: Yes
ChatterBot Bravo reevaluating
ChatterBot Hotel reevaluating
ChatterBot Hotel reevaluating
ChatterBot Bravo reevaluating
ChatterBot Hotel reevaluating
ChatterBot Bravo reevaluating
ChatterBot Hotel reevaluating
2024-10-14 17:10:01.720904 Juliett: I was attacked by Mike
ChatterBot Foxtrot reevaluating
ChatterBot Alpha reevaluating
ChatterBot November reevaluating
2024-10-14 17:10:01.734312 Juliett: I'm keeping this round to protect myself
2024-10-14 17:10:01.735607 Juliett: Ow
2024-10-14 17:10:01.736568 November: We should add Bravo
ChatterBot Foxtrot reevaluating
ChatterBot Alpha reevaluating
2024-10-14 17:10:01.749171 Foxtrot: No
2024-10-14 17:10:01.749346 Alpha: No
2024-10-14 17:10:01.749491 Juliett: No
ChatterBot Alpha reevaluating
ChatterBot November reevaluating
ChatterBot Foxtrot reevaluating
ChatterBot November reevaluating
ChatterBot Foxtrot reevaluating
ChatterBot Alpha reevaluating
ChatterBot November reevaluating
2024-10-14 17:10:01.789284 November: We should add Mike
ChatterBot Foxtrot reevaluating
ChatterBot Alpha reevaluating
2024-10-14 17:10:01.797838 Foxtrot: No
2024-10-14 17:10:01.798012 Alpha: No
2024-10-14 17:10:01.798152 Juliett: No
ChatterBot Alpha reevaluating
ChatterBot November reevaluating
ChatterBot Foxtrot reevaluating
ChatterBot November reevaluating
ChatterBot Foxtrot reevaluating
ChatterBot Alpha reevaluating
ChatterBot November reevaluating
2024-10-14 17:10:01.830696 Oscar: Bravo, Mike and Zulu, sending you 3
2024-10-14 17:10:01.832026 Zulu: Bravo, sending you 4
2024-10-14 17:10:01.833941 Kilo: Hotel we want you to join our group
ChatterBot Hotel reevaluating
2024-10-14 17:10:01.840389 Hotel: No
ChatterBot Kilo reevaluating
2024-10-14 17:10:01.856289 Kilo: We should replace Zulu with Hotel
2024-10-14 17:10:01.867468 Bravo: No
2024-10-14 17:10:01.867673 Mike: No
2024-10-14 17:10:01.867829 Oscar: No
ChatterBot Kilo reevaluating
ChatterBot Kilo reevaluating
ChatterBot Kilo reevaluating
2024-10-14 17:10:01.926690 Oscar: Hotel, sending you 2
2024-10-14 17:10:01.927728 Zulu: Mike, sending you 5
chatterbot Oscar submitting transactions
chatterbot Juliett submitting transactions
chatterbot Mike submitting transactions
2024-10-14 17:10:01.936224 Zulu: Oscar, sending you 3
2024-10-14 17:10:01.936967 Foxtrot: Alpha, sending you 5
2024-10-14 17:10:02.381878 Zulu: Hotel, sending you 2
2024-10-14 17:10:02.382807 Foxtrot: Juliett, sending you 3
2024-10-14 17:10:02.388345 Hotel: Same as last round
2024-10-14 17:10:02.391077 Foxtrot: November, sending you 4
chatterbot Alpha submitting transactions
chatterbot Hotel submitting transactions
chatterbot November submitting transactions
chatterbot Zulu submitting transactions
chatterbot Kilo submitting transactions
chatterbot Foxtrot submitting transactions
chatterbot Bravo submitting transactions
ChatterBot Bravo round 11
ChatterBot Alpha round 11
ChatterBot Juliett round 11
ChatterBot Mike round 11
ChatterBot Oscar round 11
ChatterBot November round 11
ChatterBot Foxtrot round 11
ChatterBot Kilo round 11
ChatterBot Zulu round 11
ChatterBot Hotel round 11
2024-10-14 17:10:03.489142 Oscar: We should drop Mike
2024-10-14 17:10:03.508071 Bravo: Yes
2024-10-14 17:10:03.508303 Zulu: Yes
2024-10-14 17:10:03.508472 Hotel: No
2024-10-14 17:10:03.705050 Juliett: I was attacked by Mike
ChatterBot Foxtrot reevaluating
ChatterBot Alpha reevaluating
ChatterBot November reevaluating
2024-10-14 17:10:03.727642 Juliett: I'm keeping this round to protect myself
2024-10-14 17:10:03.729961 Juliett: Ow
2024-10-14 17:10:03.789561 Oscar: Bravo and Zulu, sending you 4
2024-10-14 17:10:03.790387 Hotel: Same as last round
2024-10-14 17:10:03.827018 Oscar: Hotel, sending you 3
2024-10-14 17:10:03.828323 Zulu: Bravo, sending you 6
chatterbot Juliett submitting transactions
2024-10-14 17:10:03.857991 Zulu: Oscar, sending you 5
2024-10-14 17:10:03.858703 Foxtrot: Alpha and November, sending you 5
2024-10-14 17:10:03.878476 Zulu: Hotel, sending you 3
2024-10-14 17:10:03.878934 Foxtrot: Juliett, sending you 2
chatterbot Zulu submitting transactions
chatterbot Kilo submitting transactions
chatterbot Mike submitting transactions
chatterbot Oscar submitting transactions
chatterbot Alpha submitting transactions
chatterbot Bravo submitting transactions
chatterbot Foxtrot submitting transactions
chatterbot November submitting transactions
chatterbot Hotel submitting transactions
ChatterBot Bravo round 12
ChatterBot Alpha round 12
ChatterBot Juliett round 12
ChatterBot Mike round 12
ChatterBot Oscar round 12
ChatterBot November round 12
ChatterBot Foxtrot round 12
ChatterBot Kilo round 12
ChatterBot Zulu round 12
ChatterBot Hotel round 12
2024-10-14 17:10:04.746984 Zulu: We should add Mike
ChatterBot Oscar reevaluating
2024-10-14 17:10:04.756896 Oscar: Yes
2024-10-14 17:10:04.757037 Bravo: Yes
2024-10-14 17:10:04.757141 Hotel: Yes
ChatterBot Oscar reevaluating
ChatterBot Oscar reevaluating
2024-10-14 17:10:04.791077 November: We should add Hotel
2024-10-14 17:10:04.800849 Foxtrot: No
2024-10-14 17:10:04.801028 Alpha: No
2024-10-14 17:10:04.801153 Juliett: No
ChatterBot November reevaluating
ChatterBot November reevaluating
ChatterBot November reevaluating
2024-10-14 17:10:04.829967 Kilo: We should drop Bravo
ChatterBot Oscar reevaluating
2024-10-14 17:10:04.840495 Oscar: Yes
2024-10-14 17:10:04.840655 Zulu: No
2024-10-14 17:10:04.840775 Hotel: No
ChatterBot Oscar reevaluating
ChatterBot Oscar reevaluating
2024-10-14 17:10:04.873986 Zulu: Mike we want you to join our group
2024-10-14 17:10:04.877345 Mike: Yes
ChatterBot Oscar reevaluating
2024-10-14 17:10:04.891514 Oscar: We should replace Bravo with Mike
2024-10-14 17:10:04.897818 Zulu: No
2024-10-14 17:10:04.897957 Hotel: No
ChatterBot Oscar reevaluating
ChatterBot Oscar reevaluating
2024-10-14 17:10:04.916509 November: We should add Oscar
2024-10-14 17:10:04.926583 Foxtrot: No
2024-10-14 17:10:04.926796 Alpha: No
2024-10-14 17:10:04.926965 Juliett: No
ChatterBot November reevaluating
ChatterBot November reevaluating
ChatterBot November reevaluating
2024-10-14 17:10:04.978587 Oscar: Mike we want you to join our group
2024-10-14 17:10:04.985259 Mike: Yes
ChatterBot Oscar reevaluating
2024-10-14 17:10:05.045519 Zulu: Bravo, Mike and Oscar, sending you 4
2024-10-14 17:10:05.048004 Foxtrot: Alpha, sending you 4
2024-10-14 17:10:05.049063 Hotel: Same as last round
2024-10-14 17:10:05.051405 Kilo: Sending you each 2
