ChatterBot India round 1
ChatterBot Zulu round 1
ChatterBot X-ray round 1
ChatterBot Victor round 1
ChatterBot November round 1
ChatterBot Whiskey round 1
ChatterBot Foxtrot round 1
ChatterBot Juliett round 1
ChatterBot Uniform round 1
ChatterBot Yankee round 1
randomSelections Zulu: {Zulu, Whiskey, November, Yankee, Juliett, Foxtrot} 
2024-10-14 17:09:47.969167 Zulu: We would work well together
ChatterBot Whiskey reevaluating
ChatterBot November reevaluating
ChatterBot Yankee reevaluating
ChatterBot Juliett reevaluating
ChatterBot Foxtrot reevaluating
2024-10-14 17:09:47.979410 Whiskey: Yes
2024-10-14 17:09:47.979586 November: Yes
2024-10-14 17:09:47.979692 Yankee: Yes
2024-10-14 17:09:47.979798 Juliett: Yes
2024-10-14 17:09:47.979897 Foxtrot: Yes
ChatterBot November reevaluating
ChatterBot Yankee reevaluating
ChatterBot Juliett reevaluating
ChatterBot Foxtrot reevaluating
ChatterBot Whiskey reevaluating
ChatterBot Yankee reevaluating
ChatterBot Juliett reevaluating
ChatterBot Foxtrot reevaluating
ChatterBot Whiskey reevaluating
ChatterBot November reevaluating
ChatterBot Juliett reevaluating
ChatterBot Foxtrot reevaluating
ChatterBot Whiskey reevaluating
ChatterBot November reevaluating
ChatterBot Yankee reevaluating
ChatterBot Foxtrot reevaluating
ChatterBot Whiskey reevaluating
ChatterBot November reevaluating
ChatterBot Yankee reevaluating
ChatterBot Juliett reevaluating
randomSelections Victor: {Victor, Uniform, November, Juliett, X-ray, India} 
2024-10-14 17:09:48.031320 Victor: We should group up
ChatterBot Uniform reevaluating
ChatterBot November reevaluating
ChatterBot Juliett reevaluating
ChatterBot X-ray reevaluating
ChatterBot India reevaluating
2024-10-14 17:09:48.040065 Uniform: Yes
2024-10-14 17:09:48.040817 November: No
2024-10-14 17:09:48.040948 Juliett: No
2024-10-14 17:09:48.041050 X-ray: Yes
2024-10-14 17:09:48.041162 India: Yes
ChatterBot November reevaluating
ChatterBot Juliett reevaluating
ChatterBot X-ray reevaluating
ChatterBot India reevaluating
ChatterBot Uniform reevaluating
ChatterBot Juliett reevaluating
ChatterBot X-ray reevaluating
ChatterBot India reevaluating
ChatterBot Uniform reevaluating
ChatterBot November reevaluating
ChatterBot X-ray reevaluating
ChatterBot India reevaluating
ChatterBot Uniform reevaluating
ChatterBot November reevaluating
ChatterBot Juliett reevaluating
ChatterBot India reevaluating
ChatterBot Uniform reevaluating
ChatterBot November reevaluating
ChatterBot Juliett reevaluating
ChatterBot X-ray reevaluating
2024-10-14 17:09:48.106706 Zulu: November, sending you 2
2024-10-14 17:09:48.107062 Juliett: Zulu, November, Whiskey and Yankee, sending you 2
2024-10-14 17:09:48.108204 Uniform: X-ray, sending you 1
2024-10-14 17:09:48.108686 X-ray: Victor and November, sending you 2
2024-10-14 17:09:48.109936 Victor: India, sending you 6
2024-10-14 17:09:48.110381 Yankee: Zulu, sending you 2
2024-10-14 17:09:48.110721 Whiskey: Zulu, November, Foxtrot and Yankee, sending you 2
2024-10-14 17:09:48.111099 Zulu: Whiskey, sending you 1
2024-10-14 17:09:48.112268 Juliett: Foxtrot, sending you 6
2024-10-14 17:09:48.112603 November: Zulu and Juliett, sending you 1
2024-10-14 17:09:48.112984 X-ray: Juliett, sending you 6
2024-10-14 17:09:48.113875 Uniform: Victor, sending you 3
2024-10-14 17:09:48.114202 Victor: X-ray, sending you 1
2024-10-14 17:09:48.114507 Whiskey: Juliett, sending you 1
2024-10-14 17:09:48.114912 Zulu: Juliett, sending you 5
2024-10-14 17:09:48.115736 Foxtrot: Zulu and Yankee, sending you 4
2024-10-14 17:09:48.116156 Yankee: November and Juliett, sending you 4
2024-10-14 17:09:48.116484 India: X-ray, sending you 1
2024-10-14 17:09:48.117453 November: Whiskey, sending you 3
2024-10-14 17:09:48.117840 X-ray: Uniform, sending you 1
2024-10-14 17:09:48.118360 Victor: November, sending you 2
2024-10-14 17:09:48.119329 Uniform: November, sending you 2
2024-10-14 17:09:48.119750 Yankee: Whiskey, sending you 1
2024-10-14 17:09:48.120152 India: Victor, sending you 3
2024-10-14 17:09:48.120994 Zulu: Yankee, sending you 3
2024-10-14 17:09:48.121443 Foxtrot: November and Whiskey, sending you 1
2024-10-14 17:09:48.121843 November: Yankee, sending you 6
2024-10-14 17:09:48.122717 Yankee: Foxtrot, sending you 3
2024-10-14 17:09:48.123733 Victor: Juliett and Uniform, sending you 4
2024-10-14 17:09:48.124622 Uniform: Juliett, sending you 4
2024-10-14 17:09:48.124962 India: Juliett, sending you 2
2024-10-14 17:09:48.125267 Foxtrot: Juliett, sending you 2
chatterbot November submitting transactions
chatterbot Whiskey submitting transactions
chatterbot Victor submitting transactions
chatterbot Zulu submitting transactions
chatterbot India submitting transactions
chatterbot Yankee submitting transactions
chatterbot Juliett submitting transactions
chatterbot Uniform submitting transactions
chatterbot Foxtrot submitting transactions
chatterbot X-ray submitting transactions
ChatterBot India round 2
ChatterBot Zulu round 2
ChatterBot X-ray round 2
ChatterBot Victor round 2
ChatterBot November round 2
ChatterBot Whiskey round 2
ChatterBot Foxtrot round 2
ChatterBot Juliett round 2
ChatterBot Uniform round 2
ChatterBot Yankee round 2
2024-10-14 17:09:49.780838 India: We should drop Juliett
2024-10-14 17:09:49.792878 X-ray: Yes
2024-10-14 17:09:49.793685 Victor: Yes
2024-10-14 17:09:49.793962 Uniform: Yes
2024-10-14 17:09:49.794226 November: No
2024-10-14 17:09:49.850574 Victor: We should drop November and Juliett
ChatterBot India reevaluating
2024-10-14 17:09:49.860630 India: Yes
2024-10-14 17:09:49.861044 X-ray: Yes
2024-10-14 17:09:49.861912 Uniform: Yes
ChatterBot India reevaluating
ChatterBot India reevaluating
2024-10-14 17:09:49.894835 Whiskey: We should drop Foxtrot
2024-10-14 17:09:49.908448 Zulu: No
2024-10-14 17:09:49.908898 November: No
2024-10-14 17:09:49.909244 Juliett: No
2024-10-14 17:09:49.909954 Yankee: No
ChatterBot Whiskey reevaluating
ChatterBot Whiskey reevaluating
ChatterBot Whiskey reevaluating
ChatterBot Whiskey reevaluating
2024-10-14 17:09:50.119003 November: Zulu, Whiskey, Foxtrot and Juliett, sending you 2
2024-10-14 17:09:50.119903 Zulu: November, sending you 1
2024-10-14 17:09:50.120362 Juliett: Zulu, sending you 6
2024-10-14 17:09:50.121212 Foxtrot: Whiskey, sending you 3
2024-10-14 17:09:50.121964 Whiskey: We should drop Zulu
2024-10-14 17:09:50.140536 November: No
2024-10-14 17:09:50.140757 Foxtrot: No
2024-10-14 17:09:50.140927 Juliett: No
2024-10-14 17:09:50.141145 Yankee: No
ChatterBot Whiskey reevaluating
ChatterBot Whiskey reevaluating
ChatterBot Whiskey reevaluating
ChatterBot Whiskey reevaluating
2024-10-14 17:09:50.217841 Juliett: November and Whiskey, sending you 2
2024-10-14 17:09:50.218718 Foxtrot: Juliett, sending you 6
2024-10-14 17:09:50.219057 November: Yankee, sending you 3
2024-10-14 17:09:50.219384 Zulu: Whiskey, Juliett and Yankee, sending you 3
2024-10-14 17:09:50.261899 Yankee: Zulu and Foxtrot, sending you 3
2024-10-14 17:09:50.262394 Juliett: Foxtrot, sending you 3
2024-10-14 17:09:50.262725 Victor: India and Uniform, sending you 6
2024-10-14 17:09:50.263333 Foxtrot: Yankee, sending you 4
2024-10-14 17:09:50.263639 India: X-ray and Uniform, sending you 1
2024-10-14 17:09:50.263860 Zulu: Foxtrot, sending you 4
2024-10-14 17:09:50.264151 Uniform: X-ray, sending you 2
2024-10-14 17:09:50.265018 Whiskey: We should drop Yankee
2024-10-14 17:09:50.276463 Zulu: No
2024-10-14 17:09:50.276984 November: No
2024-10-14 17:09:50.277107 Foxtrot: No
2024-10-14 17:09:50.277206 Juliett: No
ChatterBot Whiskey reevaluating
ChatterBot Whiskey reevaluating
ChatterBot Whiskey reevaluating
ChatterBot Whiskey reevaluating
chatterbot Zulu submitting transactions
2024-10-14 17:09:50.391989 Yankee: November, sending you 5
2024-10-14 17:09:50.392972 Juliett: Yankee, sending you 5
2024-10-14 17:09:50.393510 Victor: X-ray, sending you 5
2024-10-14 17:09:50.394463 India: Victor, sending you 4
2024-10-14 17:09:50.394894 X-ray: India and Victor, sending you 4
2024-10-14 17:09:50.395309 Uniform: Victor, sending you 8
2024-10-14 17:09:50.396274 Yankee: Whiskey, sending you 2
2024-10-14 17:09:50.402109 X-ray: Uniform, sending you 3
2024-10-14 17:09:50.402814 Yankee: Juliett, sending you 1
2024-10-14 17:09:50.424117 Whiskey: Zulu and Yankee, sending you 2
2024-10-14 17:09:50.430769 Whiskey: November and Juliett, sending you 3
chatterbot X-ray submitting transactions
chatterbot India submitting transactions
chatterbot Yankee submitting transactions
chatterbot November submitting transactions
chatterbot Foxtrot submitting transactions
chatterbot Uniform submitting transactions
chatterbot Victor submitting transactions
chatterbot Whiskey submitting transactions
chatterbot Juliett submitting transactions
ChatterBot India round 3
ChatterBot Zulu round 3
ChatterBot X-ray round 3
ChatterBot Victor round 3
ChatterBot November round 3
ChatterBot Whiskey round 3
ChatterBot Foxtrot round 3
ChatterBot Juliett round 3
ChatterBot Uniform round 3
ChatterBot Yankee round 3
2024-10-14 17:09:51.252266 Whiskey: We should replace Yankee with Foxtrot
2024-10-14 17:09:51.260534 Zulu: No
2024-10-14 17:09:51.260741 November: No
2024-10-14 17:09:51.260935 Juliett: No
ChatterBot Whiskey reevaluating
ChatterBot Whiskey reevaluating
2024-10-14 17:09:51.294115 Whiskey: We should replace November with Foxtrot
2024-10-14 17:09:51.300739 Zulu: No
2024-10-14 17:09:51.300887 Juliett: No
2024-10-14 17:09:51.301018 Yankee: No
ChatterBot Whiskey reevaluating
ChatterBot Whiskey reevaluating
ChatterBot Whiskey reevaluating
2024-10-14 17:09:51.324092 X-ray: India and Uniform, sending you 3
2024-10-14 17:09:51.325672 Zulu: November and Foxtrot, sending you 2
2024-10-14 17:09:51.326585 India: X-ray, sending you 2
2024-10-14 17:09:51.326889 November: Zulu, Whiskey, Foxtrot and Juliett, sending you 2
2024-10-14 17:09:51.327380 Victor: India and X-ray, sending you 5
2024-10-14 17:09:51.327714 X-ray: Victor, sending you 5
2024-10-14 17:09:51.329665 Whiskey: Foxtrot we want you to join our group
2024-10-14 17:09:51.333842 Foxtrot: Yes
ChatterBot Whiskey reevaluating
2024-10-14 17:09:51.350340 Zulu: Whiskey and Yankee, sending you 3
2024-10-14 17:09:51.350739 India: Victor, sending you 3
2024-10-14 17:09:51.351277 November: Yankee, sending you 3
2024-10-14 17:09:51.351592 Victor: Uniform, sending you 7
2024-10-14 17:09:51.354657 India: Uniform, sending you 1
2024-10-14 17:09:51.355225 Yankee: Zulu and Whiskey, sending you 2
2024-10-14 17:09:51.355645 Uniform: India, sending you 1
2024-10-14 17:09:51.355928 Zulu: Juliett, sending you 5
2024-10-14 17:09:51.356346 Foxtrot: Zulu and Yankee, sending you 3
2024-10-14 17:09:51.356800 Juliett: Zulu, sending you 4
2024-10-14 17:09:51.358685 Yankee: November, sending you 4
2024-10-14 17:09:51.359410 Uniform: X-ray, sending you 3
2024-10-14 17:09:51.359747 Juliett: November, Whiskey and Yankee, sending you 3
2024-10-14 17:09:51.361837 Foxtrot: November, sending you 2
2024-10-14 17:09:51.362399 Yankee: Foxtrot and Juliett, sending you 3
2024-10-14 17:09:51.363679 Uniform: Victor, sending you 6
2024-10-14 17:09:51.364650 Juliett: Foxtrot, sending you 5
2024-10-14 17:09:51.365671 Foxtrot: Whiskey, sending you 1
2024-10-14 17:09:51.368671 Foxtrot: Juliett, sending you 5
2024-10-14 17:09:51.375671 Whiskey: Zulu and Foxtrot, sending you 2
2024-10-14 17:09:51.379658 Whiskey: November and Juliett, sending you 3
chatterbot Zulu submitting transactions
chatterbot Uniform submitting transactions
chatterbot Whiskey submitting transactions
chatterbot Victor submitting transactions
chatterbot Yankee submitting transactions
chatterbot Foxtrot submitting transactions
chatterbot X-ray submitting transactions
chatterbot November submitting transactions
chatterbot India submitting transactions
chatterbot Juliett submitting transactions
ChatterBot India round 4
ChatterBot Zulu round 4
ChatterBot X-ray round 4
ChatterBot Victor round 4
ChatterBot November round 4
ChatterBot Whiskey round 4
ChatterBot Foxtrot round 4
ChatterBot Juliett round 4
ChatterBot Uniform round 4
ChatterBot Yankee round 4
2024-10-14 17:09:52.656921 Victor: India and X-ray, sending you 5
2024-10-14 17:09:52.657465 Zulu: November, sending you 2
2024-10-14 17:09:52.658384 November: Zulu, Whiskey, Foxtrot and Juliett, sending you 2
2024-10-14 17:09:52.679646 Victor: Uniform, sending you 7
2024-10-14 17:09:52.680155 Yankee: Zulu, Foxtrot and Juliett, sending you 3
2024-10-14 17:09:52.681559 Zulu: Whiskey, Foxtrot and Yankee, sending you 3
2024-10-14 17:09:52.682180 Uniform: India, sending you 1
2024-10-14 17:09:52.682634 India: X-ray, sending you 2
2024-10-14 17:09:52.683857 November: Yankee, sending you 3
2024-10-14 17:09:52.684605 Juliett: Zulu, sending you 4
2024-10-14 17:09:52.686046 Foxtrot: Zulu, November and Whiskey, sending you 2
2024-10-14 17:09:52.686671 Whiskey: Zulu and Foxtrot, sending you 2
2024-10-14 17:09:52.687039 Zulu: Juliett, sending you 4
2024-10-14 17:09:52.688113 Yankee: November, sending you 4
2024-10-14 17:09:52.688758 Uniform: X-ray, sending you 3
2024-10-14 17:09:52.689716 India: Victor, sending you 3
2024-10-14 17:09:52.690047 X-ray: India and Uniform, sending you 3
2024-10-14 17:09:52.690381 Foxtrot: Juliett, sending you 5
2024-10-14 17:09:52.691347 Juliett: November, Whiskey and Yankee, sending you 3
2024-10-14 17:09:52.691929 Whiskey: November and Juliett, sending you 3
2024-10-14 17:09:52.706311 Yankee: Whiskey, sending you 1
2024-10-14 17:09:52.707686 Uniform: Victor, sending you 6
2024-10-14 17:09:52.708154 India: Uniform, sending you 1
2024-10-14 17:09:52.708652 X-ray: Victor, sending you 5
2024-10-14 17:09:52.709774 Foxtrot: Yankee, sending you 3
2024-10-14 17:09:52.710502 Juliett: Foxtrot, sending you 5
chatterbot Juliett submitting transactions
chatterbot Yankee submitting transactions
chatterbot Zulu submitting transactions
chatterbot Uniform submitting transactions
chatterbot X-ray submitting transactions
chatterbot Foxtrot submitting transactions
chatterbot India submitting transactions
chatterbot November submitting transactions
chatterbot Victor submitting transactions
chatterbot Whiskey submitting transactions
ChatterBot India round 5
ChatterBot Zulu round 5
ChatterBot X-ray round 5
ChatterBot Victor round 5
ChatterBot November round 5
ChatterBot Whiskey round 5
ChatterBot Foxtrot round 5
ChatterBot Juliett round 5
ChatterBot Uniform round 5
ChatterBot Yankee round 5
2024-10-14 17:09:53.871079 X-ray: India and Uniform, sending you 3
2024-10-14 17:09:53.876084 Whiskey: Zulu and Foxtrot, sending you 2
2024-10-14 17:09:53.876677 X-ray: Victor, sending you 5
2024-10-14 17:09:53.877663 Victor: India, sending you 1
2024-10-14 17:09:53.878665 Uniform: India, sending you 1
2024-10-14 17:09:53.880669 Whiskey: November and Juliett, sending you 3
2024-10-14 17:09:53.881661 Zulu: Juliett, sending you 2
2024-10-14 17:09:53.882134 India: X-ray, sending you 2
2024-10-14 17:09:53.882649 Foxtrot: Zulu, November and Whiskey, sending you 2
2024-10-14 17:09:53.883098 Victor: X-ray and Uniform, sending you 2
2024-10-14 17:09:53.883842 Uniform: X-ray, sending you 3
2024-10-14 17:09:53.884071 Juliett: Zulu, sending you 4
2024-10-14 17:09:53.884680 November: Zulu, Whiskey, Foxtrot and Juliett, sending you 2
2024-10-14 17:09:53.885142 Yankee: Zulu, Foxtrot and Juliett, sending you 3
2024-10-14 17:09:53.885650 India: Victor, sending you 3
2024-10-14 17:09:53.886665 Uniform: Victor, sending you 6
2024-10-14 17:09:53.887684 Foxtrot: Juliett, sending you 5
2024-10-14 17:09:53.888130 November: Yankee, sending you 3
2024-10-14 17:09:53.888657 Juliett: November, Whiskey and Yankee, sending you 3
2024-10-14 17:09:53.889709 Yankee: November, sending you 4
2024-10-14 17:09:53.890683 India: Uniform, sending you 1
2024-10-14 17:09:53.891320 Foxtrot: Yankee, sending you 3
2024-10-14 17:09:53.892676 Juliett: Foxtrot, sending you 5
2024-10-14 17:09:53.894662 Yankee: Whiskey, sending you 1
chatterbot Juliett submitting transactions
chatterbot Foxtrot submitting transactions
chatterbot Zulu submitting transactions
chatterbot Victor submitting transactions
chatterbot Whiskey submitting transactions
chatterbot Yankee submitting transactions
chatterbot Uniform submitting transactions
chatterbot India submitting transactions
chatterbot November submitting transactions
chatterbot X-ray submitting transactions
ChatterBot India round 6
ChatterBot Zulu round 6
ChatterBot X-ray round 6
ChatterBot Victor round 6
ChatterBot November round 6
ChatterBot Whiskey round 6
ChatterBot Foxtrot round 6
ChatterBot Juliett round 6
ChatterBot Uniform round 6
2024-10-14 17:09:54.973765 Victor: We should add Zulu
ChatterBot India reevaluating
2024-10-14 17:09:54.984208 India: Yes
2024-10-14 17:09:54.984760 X-ray: No
2024-10-14 17:09:54.984938 Uniform: No
ChatterBot X-ray reevaluating
ChatterBot Victor reevaluating
ChatterBot India reevaluating
ChatterBot Victor reevaluating
ChatterBot India reevaluating
ChatterBot X-ray reevaluating
ChatterBot Yankee round 6
2024-10-14 17:09:55.016597 India: We should add Whiskey
ChatterBot Victor reevaluating
ChatterBot X-ray reevaluating
2024-10-14 17:09:55.024975 Victor: Yes
2024-10-14 17:09:55.025223 X-ray: Yes
2024-10-14 17:09:55.025454 Uniform: No
ChatterBot India reevaluating
ChatterBot X-ray reevaluating
ChatterBot Victor reevaluating
ChatterBot India reevaluating
ChatterBot Uniform reevaluating
ChatterBot Victor reevaluating
ChatterBot India reevaluating
ChatterBot X-ray reevaluating
2024-10-14 17:09:55.065753 Juliett: We should drop Whiskey
ChatterBot Foxtrot reevaluating
2024-10-14 17:09:55.074969 Zulu: No
2024-10-14 17:09:55.075154 November: Yes
2024-10-14 17:09:55.075275 Foxtrot: Yes
2024-10-14 17:09:55.075396 Yankee: No
ChatterBot Juliett reevaluating
ChatterBot Foxtrot reevaluating
ChatterBot Juliett reevaluating
ChatterBot Foxtrot reevaluating
ChatterBot Yankee reevaluating
ChatterBot Juliett reevaluating
ChatterBot Zulu reevaluating
ChatterBot Yankee reevaluating
ChatterBot Juliett reevaluating
ChatterBot Zulu reevaluating
ChatterBot Foxtrot reevaluating
2024-10-14 17:09:55.122750 Victor: Whiskey we want you to join our group
2024-10-14 17:09:55.125916 Whiskey: No
ChatterBot Victor reevaluating
ChatterBot India reevaluating
ChatterBot X-ray reevaluating
ChatterBot Uniform reevaluating
2024-10-14 17:09:55.145967 X-ray: Whiskey we want you to join our group
ChatterBot Whiskey reevaluating
2024-10-14 17:09:55.150258 Whiskey: No
ChatterBot Victor reevaluating
ChatterBot India reevaluating
2024-10-14 17:09:55.164147 Whiskey: We should replace Zulu with Yankee
ChatterBot Juliett reevaluating
2024-10-14 17:09:55.174406 November: No
2024-10-14 17:09:55.174574 Foxtrot: No
2024-10-14 17:09:55.174722 Juliett: No
ChatterBot Whiskey reevaluating
ChatterBot Juliett reevaluating
ChatterBot Whiskey reevaluating
ChatterBot Juliett reevaluating
ChatterBot Whiskey reevaluating
2024-10-14 17:09:55.201837 Uniform: Whiskey we want you to join our group
ChatterBot Whiskey reevaluating
2024-10-14 17:09:55.204843 Whiskey: No
ChatterBot Victor reevaluating
ChatterBot India reevaluating
ChatterBot X-ray reevaluating
2024-10-14 17:09:55.223132 Zulu: November and Foxtrot, sending you 3
2024-10-14 17:09:55.223764 Yankee: Zulu, sending you 2
2024-10-14 17:09:55.224487 November: Zulu and Foxtrot, sending you 2
2024-10-14 17:09:55.225107 X-ray: Zulu we want you to join our group
ChatterBot Zulu reevaluating
2024-10-14 17:09:55.228526 Zulu: No
ChatterBot India reevaluating
ChatterBot X-ray reevaluating
ChatterBot Victor reevaluating
2024-10-14 17:09:55.240211 India: We should add Yankee
ChatterBot Victor reevaluating
ChatterBot X-ray reevaluating
2024-10-14 17:09:55.251692 Victor: No
2024-10-14 17:09:55.251897 X-ray: No
2024-10-14 17:09:55.252047 Uniform: No
ChatterBot India reevaluating
ChatterBot X-ray reevaluating
ChatterBot Victor reevaluating
ChatterBot India reevaluating
ChatterBot Victor reevaluating
ChatterBot India reevaluating
ChatterBot X-ray reevaluating
2024-10-14 17:09:55.279203 Yankee: November and Juliett, sending you 4
2024-10-14 17:09:55.279827 November: Juliett, sending you 3
2024-10-14 17:09:55.282933 Foxtrot: Zulu and November, sending you 2
2024-10-14 17:09:55.283667 India: Whiskey we want you to join our group
ChatterBot Whiskey reevaluating
2024-10-14 17:09:55.287958 Whiskey: No
ChatterBot Victor reevaluating
ChatterBot India reevaluating
ChatterBot X-ray reevaluating
2024-10-14 17:09:55.303201 Yankee: Whiskey, sending you 1
2024-10-14 17:09:55.303859 November: Yankee, sending you 4
2024-10-14 17:09:55.304795 Uniform: India, sending you 1
2024-10-14 17:09:55.305138 Foxtrot: Juliett, sending you 4
2024-10-14 17:09:55.306941 Yankee: Foxtrot, sending you 3
2024-10-14 17:09:55.308666 Uniform: X-ray, sending you 3
2024-10-14 17:09:55.309725 Foxtrot: Yankee, sending you 3
2024-10-14 17:09:55.312690 Uniform: Victor, sending you 6
2024-10-14 17:09:55.331680 X-ray: India and Uniform, sending you 3
2024-10-14 17:09:55.332075 Victor: India, sending you 4
2024-10-14 17:09:55.334665 X-ray: Zulu, sending you 1
2024-10-14 17:09:55.336666 Victor: X-ray and Uniform, sending you 5
2024-10-14 17:09:55.338678 X-ray: Victor, sending you 4
2024-10-14 17:09:55.340072 Victor: Whiskey, sending you 3
chatterbot Yankee submitting transactions
chatterbot Foxtrot submitting transactions
chatterbot Juliett submitting transactions
chatterbot Victor submitting transactions
chatterbot India submitting transactions
chatterbot November submitting transactions
chatterbot Zulu submitting transactions
chatterbot Whiskey submitting transactions
chatterbot X-ray submitting transactions
chatterbot Uniform submitting transactions
ChatterBot India round 7
ChatterBot Zulu round 7
ChatterBot X-ray round 7
ChatterBot Victor round 7
ChatterBot November round 7
ChatterBot Whiskey round 7
ChatterBot Foxtrot round 7
2024-10-14 17:09:56.326251 Victor: We should replace Whiskey with Yankee
ChatterBot India reevaluating
ChatterBot X-ray reevaluating
ChatterBot Uniform reevaluating
2024-10-14 17:09:56.335441 India: No
2024-10-14 17:09:56.335586 X-ray: No
2024-10-14 17:09:56.335739 Uniform: No
ChatterBot Victor reevaluating
ChatterBot X-ray reevaluating
ChatterBot Uniform reevaluating
ChatterBot Victor reevaluating
ChatterBot India reevaluating
ChatterBot Uniform reevaluating
ChatterBot Victor reevaluating
ChatterBot India reevaluating
ChatterBot X-ray reevaluating
ChatterBot Juliett round 7
ChatterBot Uniform round 7
ChatterBot Yankee round 7
2024-10-14 17:09:56.377020 Foxtrot: We should add Whiskey
ChatterBot Zulu reevaluating
ChatterBot November reevaluating
2024-10-14 17:09:56.386319 Juliett: Yes
2024-10-14 17:09:56.386879 Zulu: No
2024-10-14 17:09:56.386993 November: Yes
2024-10-14 17:09:56.387097 Yankee: Yes
ChatterBot Zulu reevaluating
ChatterBot November reevaluating
ChatterBot Juliett reevaluating
ChatterBot November reevaluating
ChatterBot Foxtrot reevaluating
ChatterBot Juliett reevaluating
ChatterBot Zulu reevaluating
ChatterBot Foxtrot reevaluating
ChatterBot Juliett reevaluating
ChatterBot Zulu reevaluating
ChatterBot November reevaluating
ChatterBot Foxtrot reevaluating
2024-10-14 17:09:56.429906 X-ray: We should drop Zulu
ChatterBot Victor reevaluating
ChatterBot India reevaluating
2024-10-14 17:09:56.438962 Victor: Yes
2024-10-14 17:09:56.439099 India: Yes
2024-10-14 17:09:56.439205 Uniform: Yes
ChatterBot India reevaluating
ChatterBot X-ray reevaluating
ChatterBot Victor reevaluating
ChatterBot X-ray reevaluating
ChatterBot Victor reevaluating
ChatterBot India reevaluating
ChatterBot X-ray reevaluating
2024-10-14 17:09:56.471170 India: We should replace Whiskey with Foxtrot
ChatterBot Victor reevaluating
2024-10-14 17:09:56.480694 Victor: No
2024-10-14 17:09:56.480823 X-ray: No
2024-10-14 17:09:56.480939 Uniform: No
ChatterBot India reevaluating
ChatterBot Victor reevaluating
ChatterBot India reevaluating
ChatterBot Victor reevaluating
ChatterBot India reevaluating
2024-10-14 17:09:56.521987 November: We should replace Zulu with Whiskey
ChatterBot Foxtrot reevaluating
ChatterBot Juliett reevaluating
2024-10-14 17:09:56.529790 Foxtrot: Yes
2024-10-14 17:09:56.529941 Juliett: Yes
2024-10-14 17:09:56.530048 Yankee: No
ChatterBot November reevaluating
ChatterBot Juliett reevaluating
ChatterBot November reevaluating
ChatterBot Foxtrot reevaluating
ChatterBot November reevaluating
ChatterBot Foxtrot reevaluating
ChatterBot Juliett reevaluating
2024-10-14 17:09:56.556633 Zulu: Whiskey we want you to join our group
ChatterBot Whiskey reevaluating
2024-10-14 17:09:56.560948 Whiskey: No
ChatterBot Zulu reevaluating
ChatterBot November reevaluating
ChatterBot Juliett reevaluating
ChatterBot Foxtrot reevaluating
2024-10-14 17:09:56.581172 Whiskey: We should replace November with Yankee
ChatterBot Zulu reevaluating
ChatterBot Foxtrot reevaluating
ChatterBot Juliett reevaluating
2024-10-14 17:09:56.594721 Zulu: No
2024-10-14 17:09:56.594837 Foxtrot: No
2024-10-14 17:09:56.595274 Juliett: No
ChatterBot Whiskey reevaluating
ChatterBot Foxtrot reevaluating
ChatterBot Juliett reevaluating
ChatterBot Whiskey reevaluating
ChatterBot Zulu reevaluating
ChatterBot Juliett reevaluating
ChatterBot Whiskey reevaluating
ChatterBot Zulu reevaluating
ChatterBot Foxtrot reevaluating
2024-10-14 17:09:56.633768 India: Foxtrot we want you to join our group
ChatterBot Foxtrot reevaluating
2024-10-14 17:09:56.639708 Foxtrot: No
ChatterBot India reevaluating
ChatterBot Victor reevaluating
2024-10-14 17:09:56.659266 Uniform: We should drop Whiskey
ChatterBot Victor reevaluating
ChatterBot India reevaluating
ChatterBot X-ray reevaluating
2024-10-14 17:09:56.674210 Victor: Yes
2024-10-14 17:09:56.674396 India: Yes
2024-10-14 17:09:56.674546 X-ray: Yes
ChatterBot India reevaluating
ChatterBot X-ray reevaluating
ChatterBot Victor reevaluating
ChatterBot X-ray reevaluating
ChatterBot Victor reevaluating
ChatterBot India reevaluating
2024-10-14 17:09:56.773755 November: Whiskey we want you to join our group
ChatterBot Whiskey reevaluating
2024-10-14 17:09:56.779893 Whiskey: No
ChatterBot Foxtrot reevaluating
ChatterBot Juliett reevaluating
2024-10-14 17:09:56.796890 Victor: Foxtrot we want you to join our group
ChatterBot Foxtrot reevaluating
2024-10-14 17:09:56.801794 Foxtrot: No
ChatterBot India reevaluating
ChatterBot X-ray reevaluating
ChatterBot Victor reevaluating
2024-10-14 17:09:56.817865 X-ray: We should replace Zulu with Foxtrot
ChatterBot Victor reevaluating
ChatterBot India reevaluating
2024-10-14 17:09:56.827065 Victor: Yes
2024-10-14 17:09:56.827781 India: Yes
2024-10-14 17:09:56.827985 Uniform: No
ChatterBot India reevaluating
ChatterBot X-ray reevaluating
ChatterBot Victor reevaluating
ChatterBot X-ray reevaluating
ChatterBot Victor reevaluating
ChatterBot India reevaluating
ChatterBot X-ray reevaluating
2024-10-14 17:09:56.859293 X-ray: We should replace Zulu with Yankee
ChatterBot Victor reevaluating
ChatterBot India reevaluating
ChatterBot Uniform reevaluating
2024-10-14 17:09:56.869980 Victor: Yes
2024-10-14 17:09:56.870162 India: Yes
2024-10-14 17:09:56.870924 Uniform: Yes
ChatterBot India reevaluating
ChatterBot X-ray reevaluating
ChatterBot Uniform reevaluating
ChatterBot Victor reevaluating
ChatterBot X-ray reevaluating
ChatterBot Uniform reevaluating
ChatterBot Victor reevaluating
ChatterBot India reevaluating
ChatterBot X-ray reevaluating
2024-10-14 17:09:56.904017 Juliett: We should drop November
ChatterBot Whiskey reevaluating
ChatterBot Foxtrot reevaluating
2024-10-14 17:09:56.914851 Zulu: No
2024-10-14 17:09:56.915018 Whiskey: Yes
2024-10-14 17:09:56.915168 Foxtrot: Yes
2024-10-14 17:09:56.915317 Yankee: No
ChatterBot Whiskey reevaluating
ChatterBot Foxtrot reevaluating
ChatterBot Juliett reevaluating
ChatterBot Zulu reevaluating
ChatterBot Foxtrot reevaluating
ChatterBot Juliett reevaluating
ChatterBot Zulu reevaluating
ChatterBot Whiskey reevaluating
ChatterBot Yankee reevaluating
ChatterBot Juliett reevaluating
ChatterBot Zulu reevaluating
ChatterBot Whiskey reevaluating
ChatterBot Foxtrot reevaluating
2024-10-14 17:09:56.981648 Yankee: We should add Uniform
ChatterBot Zulu reevaluating
ChatterBot Whiskey reevaluating
ChatterBot Juliett reevaluating
ChatterBot Foxtrot reevaluating
2024-10-14 17:09:56.998661 Zulu: No
2024-10-14 17:09:56.998811 Whiskey: No
2024-10-14 17:09:56.998924 November: No
2024-10-14 17:09:56.999069 Juliett: No
2024-10-14 17:09:56.999196 Foxtrot: No
ChatterBot Whiskey reevaluating
ChatterBot Yankee reevaluating
ChatterBot Juliett reevaluating
ChatterBot Foxtrot reevaluating
ChatterBot Zulu reevaluating
ChatterBot Yankee reevaluating
ChatterBot Juliett reevaluating
ChatterBot Foxtrot reevaluating
ChatterBot Zulu reevaluating
ChatterBot Whiskey reevaluating
ChatterBot Yankee reevaluating
ChatterBot Juliett reevaluating
ChatterBot Foxtrot reevaluating
ChatterBot Zulu reevaluating
ChatterBot Whiskey reevaluating
ChatterBot Yankee reevaluating
ChatterBot Foxtrot reevaluating
ChatterBot Zulu reevaluating
ChatterBot Whiskey reevaluating
ChatterBot Yankee reevaluating
ChatterBot Juliett reevaluating
2024-10-14 17:09:57.085328 Zulu: We should replace November with Whiskey
ChatterBot Foxtrot reevaluating
ChatterBot Juliett reevaluating
ChatterBot Yankee reevaluating
2024-10-14 17:09:57.094520 Foxtrot: Yes
2024-10-14 17:09:57.094667 Juliett: Yes
2024-10-14 17:09:57.094783 Yankee: No
ChatterBot Zulu reevaluating
ChatterBot Juliett reevaluating
ChatterBot Yankee reevaluating
ChatterBot Zulu reevaluating
ChatterBot Foxtrot reevaluating
ChatterBot Yankee reevaluating
ChatterBot Zulu reevaluating
ChatterBot Foxtrot reevaluating
ChatterBot Juliett reevaluating
2024-10-14 17:09:57.141530 India: Yankee we want you to join our group
ChatterBot Yankee reevaluating
2024-10-14 17:09:57.148803 Yankee: No
ChatterBot Victor reevaluating
ChatterBot Uniform reevaluating
2024-10-14 17:09:57.171295 Uniform: We should replace Whiskey with Yankee
ChatterBot Victor reevaluating
2024-10-14 17:09:57.180839 Victor: Yes
2024-10-14 17:09:57.180990 India: Yes
2024-10-14 17:09:57.181549 X-ray: Yes
ChatterBot Uniform reevaluating
ChatterBot Victor reevaluating
ChatterBot Uniform reevaluating
ChatterBot Victor reevaluating
ChatterBot Uniform reevaluating
chatterbot Yankee submitting transactions
2024-10-14 17:09:57.222782 Foxtrot: Whiskey we want you to join our group
ChatterBot Whiskey reevaluating
2024-10-14 17:09:57.228457 Whiskey: Yes
ChatterBot Zulu reevaluating
ChatterBot Yankee reevaluating
2024-10-14 17:09:57.249985 X-ray: Yankee we want you to join our group
ChatterBot Yankee reevaluating
2024-10-14 17:09:57.255694 Yankee: No
ChatterBot Victor reevaluating
ChatterBot Uniform reevaluating
2024-10-14 17:09:57.275865 November: Whiskey, Juliett and Yankee, sending you 3
2024-10-14 17:09:57.277208 Whiskey: Yankee we want you to join our group
2024-10-14 17:09:57.281457 Yankee: Yes
ChatterBot Zulu reevaluating
2024-10-14 17:09:57.299962 November: Foxtrot, sending you 2
2024-10-14 17:09:57.300713 Victor: Yankee we want you to join our group
2024-10-14 17:09:57.305203 Yankee: No
ChatterBot Victor reevaluating
2024-10-14 17:09:57.322176 Uniform: Yankee we want you to join our group
2024-10-14 17:09:57.327334 Yankee: No
ChatterBot Victor reevaluating
2024-10-14 17:09:57.345691 India: X-ray, sending you 2
2024-10-14 17:09:57.346989 X-ray: India, sending you 2
2024-10-14 17:09:57.347682 Juliett: Zulu and Foxtrot, sending you 5
2024-10-14 17:09:57.348222 Foxtrot: Zulu, sending you 3
2024-10-14 17:09:57.350723 India: Victor, sending you 3
2024-10-14 17:09:57.351695 X-ray: Victor, sending you 5
2024-10-14 17:09:57.352177 Juliett: Whiskey and Yankee, sending you 4
2024-10-14 17:09:57.352782 Foxtrot: Whiskey, sending you 2
2024-10-14 17:09:57.355696 X-ray: Uniform, sending you 3
2024-10-14 17:09:57.356737 India: Uniform, sending you 1
2024-10-14 17:09:57.357252 Foxtrot: Juliett, sending you 5
2024-10-14 17:09:57.358685 X-ray: Yankee, sending you 1
2024-10-14 17:09:57.360685 Foxtrot: Yankee, sending you 4
2024-10-14 17:09:57.365708 Uniform: India, sending you 1
2024-10-14 17:09:57.369681 Uniform: X-ray, sending you 3
2024-10-14 17:09:57.373679 Uniform: Victor, sending you 6
chatterbot X-ray submitting transactions
chatterbot Foxtrot submitting transactions
chatterbot Juliett submitting transactions
chatterbot Uniform submitting transactions
chatterbot Uniform submitting transactions
chatterbot Whiskey submitting transactions
chatterbot November submitting transactions
chatterbot Yankee submitting transactions
chatterbot Zulu submitting transactions
chatterbot Victor submitting transactions
chatterbot India submitting transactions
ChatterBot India round 8
ChatterBot Zulu round 8
ChatterBot X-ray round 8
ChatterBot Victor round 8
ChatterBot November round 8
ChatterBot Whiskey round 8
ChatterBot Foxtrot round 8
ChatterBot Juliett round 8
2024-10-14 17:09:58.122431 Zulu: We should replace November with Whiskey
2024-10-14 17:09:58.131380 Foxtrot: Yes
2024-10-14 17:09:58.131577 Juliett: Yes
2024-10-14 17:09:58.131736 Yankee: No
ChatterBot Zulu reevaluating
ChatterBot Zulu reevaluating
ChatterBot Zulu reevaluating
ChatterBot Uniform round 8
2024-10-14 17:09:58.161811 Whiskey: We should replace Foxtrot with Yankee
ChatterBot Zulu reevaluating
ChatterBot November reevaluating
2024-10-14 17:09:58.169081 Zulu: No
2024-10-14 17:09:58.169208 November: No
2024-10-14 17:09:58.169314 Juliett: No
ChatterBot Whiskey reevaluating
ChatterBot November reevaluating
ChatterBot Whiskey reevaluating
ChatterBot Zulu reevaluating
ChatterBot Whiskey reevaluating
ChatterBot Zulu reevaluating
ChatterBot November reevaluating
ChatterBot Yankee round 8
2024-10-14 17:09:58.210409 Yankee: We should add India
ChatterBot Zulu reevaluating
ChatterBot Whiskey reevaluating
ChatterBot November reevaluating
2024-10-14 17:09:58.229812 Zulu: No
2024-10-14 17:09:58.230086 Whiskey: No
2024-10-14 17:09:58.230266 November: No
2024-10-14 17:09:58.230434 Juliett: No
2024-10-14 17:09:58.231096 Foxtrot: No
ChatterBot Whiskey reevaluating
ChatterBot November reevaluating
ChatterBot Yankee reevaluating
ChatterBot Zulu reevaluating
ChatterBot November reevaluating
ChatterBot Yankee reevaluating
ChatterBot Zulu reevaluating
ChatterBot Whiskey reevaluating
ChatterBot Yankee reevaluating
ChatterBot Zulu reevaluating
ChatterBot Whiskey reevaluating
ChatterBot November reevaluating
ChatterBot Yankee reevaluating
ChatterBot Zulu reevaluating
ChatterBot Whiskey reevaluating
ChatterBot November reevaluating
ChatterBot Yankee reevaluating
ChatterBot Juliett reevaluating
2024-10-14 17:09:58.333274 Juliett: We should replace Zulu with November
ChatterBot Whiskey reevaluating
ChatterBot Foxtrot reevaluating
ChatterBot Yankee reevaluating
2024-10-14 17:09:58.348207 Whiskey: Yes
2024-10-14 17:09:58.348322 Foxtrot: No
2024-10-14 17:09:58.348420 Yankee: No
ChatterBot Juliett reevaluating
ChatterBot Foxtrot reevaluating
ChatterBot Yankee reevaluating
ChatterBot Juliett reevaluating
ChatterBot Whiskey reevaluating
ChatterBot Yankee reevaluating
ChatterBot Juliett reevaluating
ChatterBot Whiskey reevaluating
ChatterBot Foxtrot reevaluating
2024-10-14 17:09:58.383701 India: X-ray and Victor, sending you 2
2024-10-14 17:09:58.387700 Zulu: Whiskey we want you to join our group
ChatterBot Whiskey reevaluating
2024-10-14 17:09:58.414730 Whiskey: No
ChatterBot Juliett reevaluating
ChatterBot Zulu reevaluating
ChatterBot Foxtrot reevaluating
2024-10-14 17:09:58.491567 Whiskey: We should replace Zulu with Yankee
ChatterBot November reevaluating
ChatterBot Foxtrot reevaluating
ChatterBot Juliett reevaluating
2024-10-14 17:09:58.509811 November: No
2024-10-14 17:09:58.510062 Foxtrot: Yes
2024-10-14 17:09:58.510263 Juliett: No
ChatterBot Whiskey reevaluating
ChatterBot Foxtrot reevaluating
ChatterBot Juliett reevaluating
ChatterBot Whiskey reevaluating
ChatterBot November reevaluating
ChatterBot Juliett reevaluating
ChatterBot Whiskey reevaluating
ChatterBot November reevaluating
ChatterBot Foxtrot reevaluating
2024-10-14 17:09:58.564493 India: Uniform and Yankee, sending you 1
2024-10-14 17:09:58.565301 X-ray: India, sending you 3
2024-10-14 17:09:58.566383 Victor: I was attacked by Whiskey
ChatterBot India reevaluating
ChatterBot X-ray reevaluating
ChatterBot Uniform reevaluating
ChatterBot Yankee reevaluating
2024-10-14 17:09:58.580072 Victor: I'm keeping this round to protect myself
2024-10-14 17:09:58.581710 Victor: Ow
2024-10-14 17:09:58.582997 Foxtrot: November we want you to join our group
ChatterBot November reevaluating
2024-10-14 17:09:58.587414 November: Yes
ChatterBot Whiskey reevaluating
ChatterBot Juliett reevaluating
ChatterBot Yankee reevaluating
2024-10-14 17:09:58.601580 Uniform: We should drop Yankee
ChatterBot Victor reevaluating
ChatterBot India reevaluating
ChatterBot X-ray reevaluating
2024-10-14 17:09:58.611590 Victor: Yes
2024-10-14 17:09:58.611743 India: No
2024-10-14 17:09:58.611867 X-ray: Yes
ChatterBot India reevaluating
ChatterBot X-ray reevaluating
ChatterBot Uniform reevaluating
ChatterBot Victor reevaluating
ChatterBot X-ray reevaluating
ChatterBot Uniform reevaluating
ChatterBot Victor reevaluating
ChatterBot India reevaluating
ChatterBot Uniform reevaluating
2024-10-14 17:09:58.649338 Whiskey: Yankee we want you to join our group
ChatterBot Yankee reevaluating
2024-10-14 17:09:58.653428 Yankee: Yes
ChatterBot November reevaluating
ChatterBot Juliett reevaluating
2024-10-14 17:09:58.672681 Juliett: November we want you to join our group
ChatterBot November reevaluating
2024-10-14 17:09:58.677113 November: Yes
ChatterBot Juliett reevaluating
ChatterBot Yankee reevaluating
2024-10-14 17:09:58.691077 Foxtrot: November, sending you 3
2024-10-14 17:09:58.691839 India: Foxtrot we want you to join our group
2024-10-14 17:09:58.695438 Foxtrot: No
ChatterBot India reevaluating
ChatterBot X-ray reevaluating
ChatterBot Victor reevaluating
ChatterBot Uniform reevaluating
2024-10-14 17:09:58.710846 X-ray: We should replace Yankee with Foxtrot
ChatterBot Victor reevaluating
ChatterBot India reevaluating
ChatterBot Uniform reevaluating
2024-10-14 17:09:58.720871 Victor: No
2024-10-14 17:09:58.721037 India: Yes
2024-10-14 17:09:58.721153 Uniform: No
ChatterBot India reevaluating
ChatterBot X-ray reevaluating
ChatterBot Uniform reevaluating
ChatterBot Victor reevaluating
ChatterBot X-ray reevaluating
ChatterBot Uniform reevaluating
ChatterBot Victor reevaluating
ChatterBot India reevaluating
ChatterBot X-ray reevaluating
2024-10-14 17:09:58.755269 Foxtrot: Whiskey, sending you 2
2024-10-14 17:09:58.760694 Foxtrot: Juliett, sending you 5
2024-10-14 17:09:58.765920 Foxtrot: Yankee, sending you 4
2024-10-14 17:09:58.766904 Juliett: Zulu and Foxtrot, sending you 5
2024-10-14 17:09:58.771719 Juliett: Whiskey and Yankee, sending you 4
2024-10-14 17:09:58.787829 India: Sorry, I'm actually sending you 0
2024-10-14 17:09:58.796665 India: Foxtrot and Uniform, sending you 1
chatterbot Victor submitting transactions
chatterbot India submitting transactions
chatterbot Victor submitting transactions
chatterbot Whiskey submitting transactions
chatterbot Foxtrot submitting transactions
chatterbot Juliett submitting transactions
chatterbot Zulu submitting transactions
chatterbot Uniform submitting transactions
chatterbot X-ray submitting transactions
chatterbot November submitting transactions
chatterbot Yankee submitting transactions
ChatterBot India round 9
ChatterBot Zulu round 9
ChatterBot X-ray round 9
2024-10-14 17:09:59.931806 Zulu: We should replace November with Whiskey
ChatterBot Juliett reevaluating
ChatterBot Yankee reevaluating
2024-10-14 17:09:59.941068 Foxtrot: No
2024-10-14 17:09:59.941234 Juliett: No
2024-10-14 17:09:59.941363 Yankee: No
ChatterBot Zulu reevaluating
ChatterBot Juliett reevaluating
ChatterBot Yankee reevaluating
ChatterBot Zulu reevaluating
ChatterBot Yankee reevaluating
ChatterBot Zulu reevaluating
ChatterBot Juliett reevaluating
ChatterBot Victor round 9
ChatterBot November round 9
ChatterBot Whiskey round 9
ChatterBot Foxtrot round 9
